
metadata:
    version:
        essentia: "1.2.2"
    audio_properties:
        analysis_sample_rate: 44100
        bitrate: 128
        channels: 2
        equal_loudness: 1
        length: 10.0310201645
        replay_gain: -1.5832233429
        downmix: "mix"
    tags:
        track: 20
        year: 0
        album: "Splitted by Mp3Splt v. 2.1"
        artist: "From 003.10 To 003.20"
        comment: "http://mp3splt.sf.net"
        genre: ""
        title: "19 Decades.mp3"

highlevel:
    ballroom:
        all:
            ChaChaCha: 0.106099575758
            Jive: 0.0426876358688
            Quickstep: 0.0221115462482
            Rumba-American: 0.00703684706241
            Rumba-International: 0.124695412815
            Rumba-Misc: 0.039829261601
            Samba: 0.608923375607
            Tango: 0.0178915094584
            VienneseWaltz: 0.0157440993935
            Waltz: 0.0149807557464
        probability: 0.608923375607
        value: "Samba"
    culture:
        all:
            non_western: 0.892884075642
            western: 0.107115909457
        probability: 0.892884075642
        value: "non_western"
    gender:
        all:
            female: 0.81004601717
            male: 0.18995398283
        probability: 0.81004601717
        value: "female"
    genre_dortmund:
        all:
            alternative: 0.0451432801783
            blues: 0.0368029922247
            electronic: 0.100820094347
            folkcountry: 0.0825709700584
            funksoulrnb: 0.0187677908689
            jazz: 0.184992194176
            pop: 0.0914965867996
            raphiphop: 0.319125413895
            rock: 0.120280690491
        probability: 0.319125413895
        value: "raphiphop"
    genre_electronica:
        all:
            ambient: 0.234019160271
            dnb: 0.358481436968
            house: 0.175749033689
            techno: 0.100394703448
            trance: 0.131355658174
        probability: 0.358481436968
        value: "dnb"
    genre_rosamerica:
        all:
            cla: 0.0826235190034
            dan: 0.191948443651
            hip: 0.145870536566
            jaz: 0.0641055852175
            pop: 0.0377209894359
            rhy: 0.407765269279
            roc: 0.0477208569646
            spe: 0.0222448278219
        probability: 0.407765269279
        value: "rhy"
    genre_tzanetakis:
        all:
            blu: 0.010111338459
            cla: 0.0117129264399
            cou: 0.018320325762
            dis: 0.0344158038497
            hip: 0.509627103806
            jaz: 0.0245921108872
            met: 0.029031958431
            pop: 0.086661785841
            reg: 0.242199674249
            roc: 0.033326972276
        probability: 0.509627103806
        value: "hip"
    live_studio:
        all:
            live: 0.0686363652349
            studio: 0.931363642216
        probability: 0.931363642216
        value: "studio"
    mood:
        all:
            Cluster1: 0.0632929205894
            Cluster2: 0.0379295013845
            Cluster3: 0.481816798449
            Cluster4: 0.0226390492171
            Cluster5: 0.394321739674
        probability: 0.481816798449
        value: "Cluster3"
    mood_acoustic:
        all:
            acoustic: 0.369146943092
            not_acoustic: 0.630853056908
        probability: 0.630853056908
        value: "not_acoustic"
    mood_aggressive:
        all:
            aggressive: 0.574998855591
            not_aggressive: 0.425001114607
        probability: 0.574998855591
        value: "aggressive"
    mood_electronic:
        all:
            electronic: 0.966502964497
            not_electronic: 0.0334970578551
        probability: 0.966502964497
        value: "electronic"
    mood_happy:
        all:
            happy: 0.149101212621
            not_happy: 0.85089880228
        probability: 0.85089880228
        value: "not_happy"
    mood_party:
        all:
            not_party: 0.750850617886
            party: 0.249149367213
        probability: 0.750850617886
        value: "not_party"
    mood_relaxed:
        all:
            not_relaxed: 0.483426868916
            relaxed: 0.516573131084
        probability: 0.516573131084
        value: "relaxed"
    mood_sad:
        all:
            not_sad: 0.396079272032
            sad: 0.603920757771
        probability: 0.603920757771
        value: "sad"
    rhythm:
        all:
            fast: 0.626934111118
            medium: 0.283425092697
            slow: 0.0896407663822
        probability: 0.626934111118
        value: "fast"
    speech_music:
        all:
            music: 0.990710794926
            speech: 0.00928922649473
        probability: 0.990710794926
        value: "music"
    timbre:
        all:
            bright: 0.0753269791603
            dark: 0.92467302084
        probability: 0.92467302084
        value: "dark"
    voice_instrumental:
        all:
            instrumental: 0.841764032841
            voice: 0.15823598206
        probability: 0.841764032841
        value: "instrumental"

lowlevel:
    average_loudness: 0.959092080593
    barkbands_kurtosis:
        dmean: 3.65233659744
        dmean2: 6.07870292664
        dvar: 43.5637969971
        dvar2: 115.610290527
        max: 66.8023757935
        mean: 3.83794975281
        min: -1.96354937553
        var: 70.0005187988
    barkbands_skewness:
        dmean: 0.701114535332
        dmean2: 1.09303510189
        dvar: 0.609629929066
        dvar2: 1.43923079967
        max: 6.63753843307
        mean: 1.5554484129
        min: -2.85315775871
        var: 1.99614644051
    barkbands_spread:
        dmean: 6.825527668
        dmean2: 10.6295070648
        dvar: 54.3834342957
        dvar2: 123.318214417
        max: 58.3411865234
        mean: 27.3355922699
        min: 1.72158229351
        var: 189.715698242
    dissonance:
        dmean: 0.0202294718474
        dmean2: 0.0328314751387
        dvar: 0.000370438268874
        dvar2: 0.000926879176404
        max: 0.498295605183
        mean: 0.451763123274
        min: 0.255157262087
        var: 0.00117942783982
    hfc:
        dmean: 0.766893267632
        dmean2: 1.11658132076
        dvar: 2.02288556099
        dvar2: 3.85447621346
        max: 29.8066978455
        mean: 1.94881570339
        min: 0.0435859523714
        var: 5.98113965988
    pitch:
        dmean: 456.177703857
        dmean2: 890.476989746
        dvar: 1094177.625
        dvar2: 2739736.75
        max: 4009.09082031
        mean: 739.400085449
        min: 67.3282470703
        var: 1425600.25
    pitch_instantaneous_confidence:
        dmean: 0.0845620110631
        dmean2: 0.130134940147
        dvar: 0.0055316160433
        dvar2: 0.0136158345267
        max: 0.932693958282
        mean: 0.434336543083
        min: 0.173888027668
        var: 0.0228918418288
    pitch_salience:
        dmean: 0.0781025961041
        dmean2: 0.123245373368
        dvar: 0.00514086987823
        dvar2: 0.0139119261876
        max: 0.816422820091
        mean: 0.509090483189
        min: 0.201009556651
        var: 0.0107358172536
    silence_rate_20dB:
        dmean: 0
        dmean2: 0
        dvar: 0
        dvar2: 0
        max: 1
        mean: 1
        min: 1
        var: 0
    silence_rate_30dB:
        dmean: 0
        dmean2: 0
        dvar: 0
        dvar2: 0
        max: 1
        mean: 1
        min: 1
        var: 0
    silence_rate_60dB:
        dmean: 0.0925925895572
        dmean2: 0.183294668794
        dvar: 0.0840189829469
        dvar2: 0.149697095156
        max: 1
        mean: 0.78752887249
        min: 0
        var: 0.167326509953
    spectral_centroid:
        dmean: 246.302429199
        dmean2: 375.414215088
        dvar: 75771.625
        dvar2: 141256.375
        max: 3809.32250977
        mean: 910.52355957
        min: 173.947128296
        var: 361595.15625
    spectral_complexity:
        dmean: 1.40371227264
        dmean2: 2.30465126038
        dvar: 2.78828692436
        dvar2: 4.82579469681
        max: 28
        mean: 4.88657426834
        min: 0
        var: 11.0774269104
    spectral_crest:
        dmean: 2.4125752449
        dmean2: 3.92383885384
        dvar: 3.99366593361
        dvar2: 9.4792766571
        max: 21.238067627
        mean: 9.63895797729
        min: 2.91624879837
        var: 12.3876142502
    spectral_decrease:
        dmean: 4.14588030573e-10
        dmean2: 6.76157740909e-10
        dvar: 1.07491665652e-18
        dvar2: 2.88991904492e-18
        max: -5.44637945854e-12
        mean: -6.64785282378e-10
        min: -7.33735694425e-09
        var: 8.80012224686e-19
    spectral_energy:
        dmean: 0.00162222783547
        dmean2: 0.00263314321637
        dvar: 1.58642924362e-05
        dvar2: 4.26042824984e-05
        max: 0.0281725171953
        mean: 0.00268581672572
        min: 2.45093506237e-05
        var: 1.31790638989e-05
    spectral_energyband_high:
        dmean: 5.17988810316e-05
        dmean2: 7.20595635357e-05
        dvar: 1.74010779119e-08
        dvar2: 2.56861376613e-08
        max: 0.00305386236869
        mean: 9.6303600003e-05
        min: 1.50331607074e-06
        var: 6.09082633218e-08
    spectral_energyband_low:
        dmean: 0.000739808660001
        dmean2: 0.00128369661979
        dvar: 5.06761944052e-06
        dvar2: 1.40179081427e-05
        max: 0.0162340886891
        mean: 0.000661280122586
        min: 3.49366644059e-07
        var: 3.29912927555e-06
    spectral_energyband_middle_high:
        dmean: 0.000146149977809
        dmean2: 0.000215213032789
        dvar: 4.72228940396e-08
        dvar2: 9.78414078645e-08
        max: 0.00450787739828
        mean: 0.000412815134041
        min: 1.06726774902e-05
        var: 1.75019238213e-07
    spectral_energyband_middle_low:
        dmean: 0.000930279260501
        dmean2: 0.00152505154256
        dvar: 4.25286862082e-06
        dvar2: 1.12339321277e-05
        max: 0.01551269833
        mean: 0.00151537719648
        min: 1.05514936877e-05
        var: 4.51774758403e-06
    spectral_flatness_db:
        dmean: 0.02542248182
        dmean2: 0.0396184548736
        dvar: 0.000612880277913
        dvar2: 0.0015033922391
        max: 0.36451163888
        mean: 0.18164023757
        min: 0.101552069187
        var: 0.00191138021182
    spectral_flux:
        dmean: 0.00949844531715
        dmean2: 0.0149622857571
        dvar: 0.000342666578945
        dvar2: 0.000641673861537
        max: 0.148687928915
        mean: 0.0270862355828
        min: 0.00495069194585
        var: 0.000487936631544
    spectral_kurtosis:
        dmean: 1.30071413517
        dmean2: 1.85453522205
        dvar: 1.88200879097
        dvar2: 4.17341136932
        max: 21.5084114075
        mean: 5.23610115051
        min: -0.230623722076
        var: 6.52493667603
    spectral_rms:
        dmean: 0.000373415969079
        dmean2: 0.000570089614484
        dvar: 4.0855854877e-07
        dvar2: 1.01997147794e-06
        max: 0.00524265039712
        mean: 0.00144470809028
        min: 0.000154633627972
        var: 5.33126296887e-07
    spectral_rolloff:
        dmean: 605.027832031
        dmean2: 993.982727051
        dvar: 561337.4375
        dvar2: 1208427
        max: 4694.23828125
        mean: 1834.65905762
        min: 129.19921875
        var: 1659851.5
    spectral_skewness:
        dmean: 0.202993348241
        dmean2: 0.294523775578
        dvar: 0.0440009534359
        dvar2: 0.0877612903714
        max: 4.00408887863
        mean: 1.87363374233
        min: 0.618028700352
        var: 0.189618885517
    spectral_spread:
        dmean: 688876.375
        dmean2: 874652.8125
        dvar: 487237058560
        dvar2: 875811897344
        max: 9461295
        mean: 5545641
        min: 3148455.5
        var: 1.83253218099e+12
    spectral_strongpeak:
        dmean: 0.161628440022
        dmean2: 0.284027218819
        dvar: 0.201943680644
        dvar2: 0.509284853935
        max: 3.98770999908
        mean: 0.227663546801
        min: 0.00403894716874
        var: 0.19219391048
    zerocrossingrate:
        dmean: 0.0101179582998
        dmean2: 0.0115768080577
        dvar: 8.28438714962e-05
        dvar2: 8.67725466378e-05
        max: 0.1826171875
        mean: 0.0623123720288
        min: 0.0107421875
        var: 0.000867527618539
    barkbands:
        dmean: [1.34838572308e-07, 0.000114623027912, 0.000637005723547, 0.000660578196403, 0.000253346021054, 5.24961833435e-05, 7.14367852197e-05, 5.63116955163e-05, 3.08832968585e-05, 9.89204090729e-06, 1.08488638944e-05, 2.41885481955e-05, 1.08101030492e-05, 9.67252890405e-06, 1.52083666762e-05, 2.03154540941e-05, 2.89079325739e-05, 4.28639250458e-05, 3.80541023333e-05, 5.58677238587e-05, 2.10420403164e-05, 3.80730830329e-06, 5.79408776957e-07, 1.36001222018e-06, 9.98728182822e-07, 4.12578273767e-08, 2.21468884898e-10]
        dmean2: [1.59402688382e-07, 0.000201373986783, 0.00112115766387, 0.00109240214806, 0.000454874912975, 8.03322109277e-05, 9.57465745159e-05, 8.2971950178e-05, 4.76271379739e-05, 1.50250998558e-05, 1.75249515451e-05, 4.05640057579e-05, 1.77866513695e-05, 1.56252826855e-05, 2.49286022154e-05, 3.41800987371e-05, 4.83298354084e-05, 6.46817497909e-05, 5.92545366089e-05, 8.43641319079e-05, 2.94649871648e-05, 5.89031651543e-06, 8.35846890368e-07, 1.90196396943e-06, 1.32143316023e-06, 5.40734284016e-08, 3.27150972979e-10]
        dvar: [3.60684008702e-12, 1.77027203563e-07, 3.7141858229e-06, 2.16706598621e-06, 4.35774694552e-07, 1.09505355894e-08, 1.98153813358e-08, 8.49070502795e-09, 2.02849781417e-09, 1.99983918314e-10, 5.04154329395e-10, 1.81010573197e-09, 3.14735987272e-10, 1.88821153158e-10, 3.61108032365e-10, 8.84574469229e-10, 1.76589076695e-09, 3.52159457151e-09, 7.76630582067e-09, 2.22947562634e-08, 3.7823282284e-09, 8.75631789299e-11, 7.66527683341e-13, 3.81919079695e-11, 5.5497464263e-12, 4.15280899336e-15, 3.88366632909e-18]
        dvar2: [3.56499964098e-12, 4.8277672704e-07, 1.04051978269e-05, 5.47053423361e-06, 1.23626000459e-06, 1.83000530285e-08, 3.85689062909e-08, 1.96034406486e-08, 4.54397142136e-09, 4.30028457288e-10, 1.01982555734e-09, 4.53698145719e-09, 7.2074346491e-10, 4.68819483235e-10, 8.80990447261e-10, 2.40278819064e-09, 4.73698502645e-09, 6.58100551831e-09, 1.7896899962e-08, 3.71215378436e-08, 5.33403987646e-09, 2.01084551787e-10, 1.58724704387e-12, 7.68989941169e-11, 1.29961891943e-11, 7.64376677052e-15, 3.93856671993e-18]
        max: [3.98034062528e-05, 0.0033869841136, 0.0139219723642, 0.0113549781963, 0.00499879056588, 0.0018601991469, 0.00205780006945, 0.000989937921986, 0.000672120018862, 0.000206712735235, 0.000318542966852, 0.00044381574844, 0.000156319394591, 0.000163314703968, 0.000145455211168, 0.000231286729104, 0.000399606389692, 0.00132639193907, 0.00184143916704, 0.00321852485649, 0.00155335082673, 0.000141851283843, 8.65143829287e-06, 0.000108305386675, 4.24064419349e-05, 5.47015815755e-07, 4.11134273293e-08]
        mean: [1.35636042842e-07, 8.56819460751e-05, 0.000575503974687, 0.00088333140593, 0.000276319071418, 9.73293645075e-05, 0.000123508856632, 7.99228728283e-05, 5.16139589308e-05, 1.80646347872e-05, 1.76419998752e-05, 3.07779591822e-05, 1.63107415574e-05, 1.50957021106e-05, 2.42307742155e-05, 3.07789741782e-05, 4.51844862255e-05, 0.000104336562799, 7.4787363701e-05, 8.93977412488e-05, 3.64552652172e-05, 4.49267781732e-06, 8.7691518047e-07, 2.31207195611e-06, 1.66018151049e-06, 6.63224426489e-08, 2.41512893018e-10]
        min: [1.20519982882e-10, 6.8936898856e-08, 2.75506693015e-07, 8.3237432591e-07, 6.20204627921e-06, 1.27454939047e-07, 2.52755860686e-08, 4.03360331802e-08, 2.06657304602e-08, 8.3534779094e-08, 1.22322333596e-07, 1.59302345537e-07, 4.73406487345e-08, 1.05629816005e-07, 3.33083761461e-07, 3.80524539878e-07, 2.88664551817e-07, 1.01163925592e-06, 1.57121144184e-06, 1.01163414001e-06, 3.3205023442e-07, 8.47582906638e-11, 8.97155891244e-11, 1.8251345324e-08, 3.33336807046e-08, 1.39432232427e-09, 2.06016383423e-13]
        var: [3.66746693778e-12, 1.11120392887e-07, 2.37472227127e-06, 2.34691833612e-06, 2.5740908427e-07, 2.99939735271e-08, 6.41554649405e-08, 1.55560488935e-08, 6.33686436657e-09, 8.32176494381e-10, 1.62522273417e-09, 2.70794897617e-09, 5.82028703011e-10, 4.04537958687e-10, 6.95488056035e-10, 1.48070045114e-09, 2.7781159595e-09, 2.65020716483e-08, 1.64194986496e-08, 6.10705015447e-08, 1.36440707621e-08, 1.0549502244e-10, 1.71595539427e-12, 9.77076267117e-11, 1.1786258601e-11, 8.4327525499e-15, 3.90647169857e-18]
    mfcc:
        mean: [-788.576049805, 130.016616821, -30.2513027191, 57.2715072632, 5.80328655243, -19.8952922821, 17.1119213104, -16.649772644, 2.18786334991, -4.66978406906, -9.52861499786, 0.373921275139, -14.1462020874]
        cov: [[2051.27197266, -325.081848145, -221.831695557, -88.3027572632, -52.2647628784, 0.907233715057, 26.8021945953, -98.8057785034, 95.1601715088, 40.4100379944, 22.956287384, 47.6460647583, 28.2837657928], [-325.081848145, 898.644165039, -13.6148014069, -62.9885673523, -97.8801651001, -50.0268630981, -120.034385681, -66.4309005737, 2.69113230705, -82.8265533447, 47.219833374, -5.99207353592, 80.9590454102], [-221.831695557, -13.6148014069, 474.902404785, 36.6886024475, 16.5107345581, 50.3109321594, -85.1984863281, 91.5891876221, -86.6901473999, 13.3278942108, 2.11514520645, -37.3652992249, 66.0510406494], [-88.3027572632, -62.9885673523, 36.6886024475, 258.421112061, 37.2689247131, 63.4838752747, -0.490443974733, -28.8216133118, 79.1555328369, -90.8457107544, 69.6301803589, -38.3789329529, -27.0174407959], [-52.2647628784, -97.8801651001, 16.5107345581, 37.2689247131, 217.875320435, 18.3076286316, 62.421749115, 49.2716598511, -48.5931053162, 101.411491394, -52.3618850708, 32.0460586548, -11.1334104538], [0.907233715057, -50.0268630981, 50.3109321594, 63.4838752747, 18.3076286316, 181.273590088, -29.5414276123, 38.7796783447, 30.8233280182, -52.494468689, 59.97473526, -54.9989547729, 41.9767303467], [26.8021945953, -120.034385681, -85.1984863281, -0.490443974733, 62.421749115, -29.5414276123, 207.114883423, -20.1568489075, 45.568031311, 42.0746078491, -24.9746837616, 66.8196792603, -67.3556976318], [-98.8057785034, -66.4309005737, 91.5891876221, -28.8216133118, 49.2716598511, 38.7796783447, -20.1568489075, 160.540588379, -58.9612998962, 64.0212249756, -13.635061264, -9.49941158295, 39.4650154114], [95.1601715088, 2.69113230705, -86.6901473999, 79.1555328369, -48.5931053162, 30.8233280182, 45.568031311, -58.9612998962, 179.881774902, -54.3360290527, 95.7201156616, 1.53896987438, -34.6154823303], [40.4100379944, -82.8265533447, 13.3278942108, -90.8457107544, 101.411491394, -52.494468689, 42.0746078491, 64.0212249756, -54.3360290527, 204.319091797, -53.0266113281, 59.5033607483, 22.4737281799], [22.956287384, 47.219833374, 2.11514520645, 69.6301803589, -52.3618850708, 59.97473526, -24.9746837616, -13.635061264, 95.7201156616, -53.0266113281, 152.453201294, -8.47413444519, 22.0936889648], [47.6460647583, -5.99207353592, -37.3652992249, -38.3789329529, 32.0460586548, -54.9989547729, 66.8196792603, -9.49941158295, 1.53896987438, 59.5033607483, -8.47413444519, 96.3459625244, -2.54779148102], [28.2837657928, 80.9590454102, 66.0510406494, -27.0174407959, -11.1334104538, 41.9767303467, -67.3556976318, 39.4650154114, -34.6154823303, 22.4737281799, 22.0936889648, -2.54779148102, 121.044303894]]
        icov: [[0.000642054306809, 0.000382208556402, 0.000216228538193, 0.000383456441341, -3.87128893635e-05, -1.27295243146e-05, 0.000256383093074, 0.000524433911778, -0.000454142951639, -6.41442557026e-06, 4.83567855554e-05, -0.000178209666046, -0.00060678855516], [0.000382208556402, 0.00176739122253, 0.000129110383568, 0.0010358436266, -0.000714565452654, 0.00114648626186, 0.000759155664127, 0.000765247095842, -0.000645303516649, 0.00124128174502, -0.000497689819895, -2.10237121792e-05, -0.0017256361898], [0.000216228538193, 0.000129110383568, 0.00292101129889, -0.000974837050308, 0.000544705195352, -0.00030489533674, 0.000416275113821, -0.000832960533444, 0.00142350047827, -0.000441262294771, -0.000299825333059, 0.000123325793538, -0.000743010547012], [0.000383456441341, 0.0010358436266, -0.000974837050308, 0.00841881334782, -0.00516289379448, 0.00148336531129, 0.00066881586099, 0.00107809354085, -0.00328205269761, 0.00456681614742, -0.00250716973096, 0.00205168640241, -0.000625654356554], [-3.87128893635e-05, -0.000714565452654, 0.000544705195352, -0.00516289379448, 0.0112956510857, -0.00483273062855, -0.00160836533178, -0.00068008294329, 0.00366249214858, -0.00664177630097, 0.00285713444464, -0.00296994205564, 0.00277551426552], [-1.27295243146e-05, 0.00114648626186, -0.00030489533674, 0.00148336531129, -0.00483273062855, 0.0124728148803, -0.00135280343238, -0.00206994195469, -0.00241956510581, 0.00483609735966, -0.00357523211278, 0.0065929540433, -0.00591268204153], [0.000256383093074, 0.000759155664127, 0.000416275113821, 0.00066881586099, -0.00160836533178, -0.00135280343238, 0.0100200250745, 5.05984571646e-05, -0.00340229459107, 9.15606433409e-05, 0.00231148093008, -0.00653471937403, 0.00368545087986], [0.000524433911778, 0.000765247095842, -0.000832960533444, 0.00107809354085, -0.00068008294329, -0.00206994195469, 5.05984571646e-05, 0.0103869708255, 0.001908602193, -0.00280533963814, -0.00117737031542, 0.00149165233597, -0.00132935645524], [-0.000454142951639, -0.000645303516649, 0.00142350047827, -0.00328205269761, 0.00366249214858, -0.00241956510581, -0.00340229459107, 0.001908602193, 0.0143951335922, -0.0024261539802, -0.00681120436639, 0.000139520256198, 0.00350206927396], [-6.41442557026e-06, 0.00124128174502, -0.000441262294771, 0.00456681614742, -0.00664177630097, 0.00483609735966, 9.15606433409e-05, -0.00280533963814, -0.0024261539802, 0.0130993518978, -0.000325746979797, -0.00182759982999, -0.00399592937902], [4.83567855554e-05, -0.000497689819895, -0.000299825333059, -0.00250716973096, 0.00285713444464, -0.00357523211278, 0.00231148093008, -0.00117737031542, -0.00681120436639, -0.000325746979797, 0.0146653037518, -0.00432159006596, -0.00155678333249], [-0.000178209666046, -2.10237121792e-05, 0.000123325793538, 0.00205168640241, -0.00296994205564, 0.0065929540433, -0.00653471937403, 0.00149165233597, 0.000139520256198, -0.00182759982999, -0.00432159006596, 0.0213860534132, -0.0046176253818], [-0.00060678855516, -0.0017256361898, -0.000743010547012, -0.000625654356554, 0.00277551426552, -0.00591268204153, 0.00368545087986, -0.00132935645524, 0.00350206927396, -0.00399592937902, -0.00155678333249, -0.0046176253818, 0.0165434964001]]
    spectral_contrast:
        mean: [7.28199367472e-08, -4.64971421366e-08, 4.46439827329e-07, 4.06809022024e-07, 1.62664548498e-07, 1.91266067873e-07, -5.55220003662e-06, -1.22172275496e-06, 1.60049509645e-07, 3.0028600122e-06, 3.85636531064e-06, 9.29115003601e-07]
        var: [0.000485887867399, 0.000886406982318, 0.0013961980585, 0.0025108968839, 0.00395006779581, 0.00612921919674, 0.0606095939875, 0.0976480320096, 0.186839863658, 0.39897570014, 0.562197744846, 1.08141052723]

rhythm:
    beats_loudness:
        dmean: 0.00229432084598
        dmean2: 0.00388108403422
        dvar: 7.93547678768e-06
        dvar2: 2.4500030122e-05
        max: 0.0111659402028
        mean: 0.00306340493262
        min: 0.000639164587483
        var: 6.57059263176e-06
    beats_loudness_bass:
        dmean: 0.2027887851
        dmean2: 0.32985329628
        dvar: 0.018424872309
        dvar2: 0.0508314445615
        max: 0.81679302454
        mean: 0.453735679388
        min: 0.191385790706
        var: 0.0244319122285
    bpm: 120.996322632
    bpm_confidence: 0
    first_peak_bpm: 121
    first_peak_spread: 0
    first_peak_weight: 0.947368443012
    onset_rate: 4.08732128143
    second_peak_bpm: 82
    second_peak_spread: 0
    second_peak_weight: 0.0526315793395
    beats_position: [0.0438626632094, 0.538049459457, 1.03223621845, 1.52642285824, 2.02060961723, 2.51479649544, 3.00898337364, 3.50317025185, 3.99735713005, 4.49154376984, 4.98573064804, 5.47991752625, 6.20970630646, 6.70667695999, 7.20364761353, 7.70061779022, 8.19758796692, 8.69455814362, 9.19152927399, 9.68849849701]
    bpm_estimates: [120.825637817, 121.61492157, 121.628578186, 121.306152344, 121.686897278, 121.037628174, 120.336418152, 122.056396484, 119.738716125, 120.044784546, 120.149284363, 120.979980469, 121.54662323]
    bpm_intervals: [0.494186788797, 0.494186758995, 0.494186639786, 0.494186758995, 0.494186878204, 0.494186878204, 0.494186878204, 0.494186878204, 0.494186639786, 0.494186878204, 0.494186878204, 0.729788780212, 0.496970653534, 0.496970653534, 0.496970176697, 0.496970176697, 0.496970176697, 0.496971130371, 0.496969223022]
    onset_times: [0.0348299331963, 0.348299324512, 0.522448956966, 0.777868509293, 0.99845802784, 1.26548755169, 1.369977355, 1.47446715832, 1.54412698746, 1.67183673382, 2.49614500999, 2.73995471001, 2.90249443054, 3.19274377823, 3.26240372658, 3.45977330208, 3.75002264977, 4.02866220474, 4.49306106567, 4.76009082794, 5.0387301445, 5.21287965775, 5.47990942001, 5.73532867432, 6.00235843658, 6.45514726639, 6.7570066452, 6.98920631409, 7.22140598297, 7.46521520615, 7.67419481277, 7.97605419159, 8.47528362274, 8.68426322937, 8.71909332275, 9.22993183136, 9.43891143799, 9.67111110687, 9.72916126251, 9.93814086914, 9.98458003998]
    rubato_start: []
    rubato_stop: []
    perceptual_tempo: "unknown"

sfx:
    inharmonicity:
        dmean: 0.0313844867051
        dmean2: 0.0553568787873
        dvar: 0.00228104391135
        dvar2: 0.00628814660013
        max: 0.37900698185
        mean: 0.030542274937
        min: 0
        var: 0.00211614137515
    oddtoevenharmonicenergyratio:
        dmean: 77.8043060303
        dmean2: 153.749221802
        dvar: 866752.6875
        dvar2: 2589145
        max: 13758.4042969
        mean: 44.9839553833
        min: 0
        var: 445586.8125
    pitch_after_max_to_before_max_energy_ratio: 10.6523389816
    pitch_centroid: 217.20413208
    pitch_max_to_total: 0.050925925374
    pitch_min_to_total: 0.537037014961
    tristimulus:
        dmean: [0.194554269314, 0.219944059849, 0.101266928017]
        dmean2: [0.336441725492, 0.374802142382, 0.179119288921]
        dvar: [0.0331387147307, 0.0438985265791, 0.01525317505]
        dvar2: [0.0828137397766, 0.121838346124, 0.0430051535368]
        max: [1, 0.973500072956, 0.862262010574]
        mean: [0.503499805927, 0.34703963995, 0.101771257818]
        min: [0.00203233980574, 0, 0]
        var: [0.0709254071116, 0.0572152659297, 0.0143792880699]

tonal:
    chords_changes_rate: 0.0368663594127
    chords_number_rate: 0.0184331797063
    chords_strength:
        dmean: 0.00917325727642
        dmean2: 0.0081892432645
        dvar: 6.20143327978e-05
        dvar2: 5.13774175488e-05
        max: 0.680379331112
        mean: 0.521064519882
        min: 0.310668200254
        var: 0.00720976991579
    key_strength: 0.679504275322
    tuning_diatonic_strength: 0.494844228029
    tuning_equal_tempered_deviation: 0.36472761631
    tuning_frequency: 432.690917969
    tuning_nontempered_energy_ratio: 0.973012387753
    hpcp:
        dmean: [0.108777612448, 0.17697507143, 0.198334529996, 0.141223654151, 0.11152844131, 0.126229450107, 0.100993409753, 0.0741470977664, 0.0835234224796, 0.127899289131, 0.139178410172, 0.138146027923, 0.112991429865, 0.098217882216, 0.124078519642, 0.16077555716, 0.228221580386, 0.183907881379, 0.188811704516, 0.0806692764163, 0.0870504006743, 0.117691069841, 0.122072570026, 0.124274984002, 0.102750770748, 0.0630462691188, 0.0684865042567, 0.072053797543, 0.0679748058319, 0.0483563095331, 0.0397943481803, 0.0544384233654, 0.0599092021585, 0.0718564838171, 0.0751067996025, 0.0740793868899]
        dmean2: [0.188113883138, 0.298127323389, 0.353609234095, 0.250306159258, 0.196990206838, 0.229544460773, 0.173701435328, 0.126509472728, 0.148013800383, 0.217999845743, 0.243836030364, 0.247192665935, 0.200188994408, 0.178229108453, 0.227777540684, 0.276220530272, 0.411531209946, 0.32249096036, 0.34466946125, 0.13744738698, 0.162442594767, 0.210354685783, 0.210696652532, 0.211652547121, 0.174195438623, 0.104628585279, 0.117248348892, 0.125192716718, 0.11818896234, 0.0788909047842, 0.0679062828422, 0.0949062183499, 0.100465074182, 0.122425697744, 0.133860170841, 0.131191179156]
        dvar: [0.0212439615279, 0.0407855994999, 0.0556760169566, 0.0353511013091, 0.0394578278065, 0.0453350879252, 0.0397607162595, 0.0233938600868, 0.0275219120085, 0.0478958040476, 0.0419998019934, 0.0559719502926, 0.0481253638864, 0.0396582894027, 0.0568997189403, 0.0572938248515, 0.0808277502656, 0.0777197703719, 0.0680267512798, 0.0230197571218, 0.0403040237725, 0.0487862564623, 0.0393950268626, 0.0429785661399, 0.0270484965295, 0.0103826066479, 0.0101267267019, 0.0132725704461, 0.0178388804197, 0.0108917308971, 0.00555881578475, 0.0120549974963, 0.0165764149278, 0.020489057526, 0.0257974304259, 0.0124302404001]
        dvar2: [0.0544661954045, 0.110928878188, 0.158962056041, 0.110379084945, 0.109021902084, 0.124464690685, 0.100068733096, 0.0551740154624, 0.0633593201637, 0.124358765781, 0.11316228658, 0.167377561331, 0.123712494969, 0.100821346045, 0.155891701579, 0.150794714689, 0.245679721236, 0.213090285659, 0.197984829545, 0.0612964555621, 0.117847457528, 0.123349405825, 0.0917505025864, 0.108208604157, 0.0795863121748, 0.0261155795306, 0.0275043696165, 0.0404465608299, 0.0545627065003, 0.0280156880617, 0.0124935070053, 0.0271881632507, 0.0357129760087, 0.0553777515888, 0.0705895870924, 0.0347996503115]
        max: [1, 1, 1, 1, 1, 1, 1, 1, 1, 1, 1, 1, 1, 1, 1, 1, 1, 1, 1, 1, 1, 1, 1, 1, 1, 0.857993423939, 0.896250844002, 1, 0.961128652096, 1, 0.514796376228, 0.861633300781, 1, 0.96594619751, 1, 0.580484271049]
        mean: [0.107743382454, 0.221460774541, 0.243582323194, 0.149695768952, 0.113828398287, 0.110635176301, 0.0846358686686, 0.0732111856341, 0.0878191441298, 0.130420744419, 0.177823543549, 0.16523386538, 0.113737918437, 0.089054338634, 0.0947532504797, 0.15829411149, 0.340841501951, 0.403889149427, 0.221451997757, 0.082874327898, 0.067475490272, 0.113498188555, 0.233187943697, 0.226227000356, 0.113685898483, 0.0889746174216, 0.0981012880802, 0.116757318377, 0.0974640026689, 0.0530095398426, 0.0417117252946, 0.0564906299114, 0.0688965544105, 0.0717126503587, 0.0742299184203, 0.0695309191942]
        min: [0.00100659113377, 0.00110364111606, 0.00188603391871, 0.00111668044701, 0.00074041337939, 0.000685005565174, 0.000236404390307, 0.000206732336665, 0.000134356814669, 0.000119588854432, 9.61502591963e-05, 0.000100317025499, 0.00015708481078, 0.000156201669597, 0.000104330116301, 0.000404054328101, 0.000773109437432, 0.000793337705545, 0.000585743167903, 0.000384484650567, 0.000346582877683, 0.000435998983448, 0.000212284881854, 0.000112907910079, 0.000120511955174, 8.83624888957e-05, 6.83484104229e-05, 5.37263076694e-05, 0.000195626867935, 0.000120155673358, 0.000266029004706, 0.000568449671846, 0.000190306469449, 0.000396738876589, 0.000751097803004, 0.000489652273245]
        var: [0.0219644680619, 0.063603900373, 0.0739592686296, 0.0336867906153, 0.0395814888179, 0.0472450256348, 0.0340415164828, 0.0239784289151, 0.028907245025, 0.0476389713585, 0.0643366426229, 0.0722577795386, 0.0547686889768, 0.0404940284789, 0.044637221843, 0.0609370730817, 0.141780257225, 0.176860406995, 0.0833762139082, 0.0301298387349, 0.0302221477032, 0.0443657785654, 0.115308716893, 0.111610151827, 0.0326712578535, 0.0217799916863, 0.0201341230422, 0.0422840900719, 0.0264965295792, 0.0104495063424, 0.00622733356431, 0.0142021374777, 0.0216473657638, 0.0160550381988, 0.0181318949908, 0.0111776180565]
    chords_histogram: [46.5437774658, 0, 37.7880172729, 0, 0, 3.22580647469, 0, 12.4423961639, 0, 0, 0, 0, 0, 0, 0, 0, 0, 0, 0, 0, 0, 0, 0, 0]
    thpcp: [1, 0.548298954964, 0.205190777779, 0.167064383626, 0.281013220549, 0.577356278896, 0.560121536255, 0.281477957964, 0.220294639468, 0.242891609669, 0.289082586765, 0.241313740611, 0.131247743964, 0.103275179863, 0.139866665006, 0.170582830906, 0.177555277944, 0.183787852526, 0.1721534729, 0.266764730215, 0.548320710659, 0.60309201479, 0.370635777712, 0.281830787659, 0.273924618959, 0.209552228451, 0.181265547872, 0.217433780432, 0.322912216187, 0.440278083086, 0.409106969833, 0.281606763601, 0.220492035151, 0.234602123499, 0.391924649477, 0.843898653984]
    chords_key: "D"
    chords_scale: "minor"
    key_key: "D"
    key_scale: "minor"
    chords_progression: ["Dm", "Dm", "Dm", "Dm", "Dm", "Dm", "Dm", "Dm", "Dm", "Dm", "Dm", "Dm", "Dm", "Dm", "Dm", "Dm", "Dm", "Dm", "Dm", "Dm", "Dm", "Dm", "Dm", "Dm", "Dm", "Dm", "Dm", "Dm", "Dm", "Dm", "Dm", "Dm", "Dm", "Dm", "Dm", "Dm", "Dm", "Dm", "Dm", "Dm", "Dm", "Dm", "Dm", "Dm", "Dm", "Dm", "Dm", "Dm", "Dm", "Dm", "Dm", "Dm", "Dm", "Dm", "Dm", "Dm", "Dm", "Dm", "Dm", "Dm", "Dm", "Dm", "Dm", "Dm", "Dm", "Dm", "Dm", "Dm", "Dm", "Dm", "Dm", "Dm", "Dm", "Dm", "Dm", "Dm", "Dm", "G", "Dm", "G", "G", "G", "G", "G", "G", "Am", "Am", "Am", "Am", "Am", "Am", "Am", "Am", "Am", "Am", "Am", "Am", "Am", "Am", "Am", "Am", "Am", "Am", "Am", "Am", "Am", "Am", "Am", "Am", "Am", "Am", "Am", "Am", "Am", "Am", "Am", "Am", "Am", "Am", "Am", "Am", "Am", "Am", "Am", "Am", "Am", "Am", "Am", "Am", "Am", "Am", "Am", "Am", "Am", "Am", "Am", "Am", "Am", "Am", "Am", "Am", "Am", "Am", "Am", "Am", "Am", "Am", "Am", "Am", "Am", "Am", "Am", "Am", "Am", "Am", "Am", "Am", "Am", "Am", "Am", "Am", "Am", "Am", "Am", "Am", "Am", "Dm", "Am", "Dm", "Dm", "Dm", "Dm", "Dm", "Dm", "Dm", "Dm", "Dm", "Dm", "Dm", "Dm", "Dm", "Dm", "Dm", "Dm", "Dm", "Dm", "Dm", "Dm", "Dm", "Dm", "D", "D", "D", "D", "D", "D", "D", "D", "D", "D", "D", "D", "D", "D", "D", "D", "D", "D", "D", "D", "D", "D", "D", "D", "D", "D", "D"]
