
metadata:
    version:
        essentia: "1.2.2"
    audio_properties:
        analysis_sample_rate: 44100
        bitrate: 128
        channels: 2
        equal_loudness: 1
        length: 10.0048980713
        replay_gain: -8.78501319885
        downmix: "mix"
    tags:
        track: 7
        year: 0
        album: "Splitted by Mp3Splt v. 2.1"
        artist: "From 001.00 To 001.10"
        comment: "http://mp3splt.sf.net"
        genre: ""
        title: "05 Harry Rag.mp3"

highlevel:
    ballroom:
        all:
            ChaChaCha: 0.23619876802
            Jive: 0.310737222433
            Quickstep: 0.0668725371361
            Rumba-American: 0.000742123287637
            Rumba-International: 0.0038557681255
            Rumba-Misc: 0.000623324420303
            Samba: 0.380253493786
            Tango: 0.000151060055941
            VienneseWaltz: 0.000194969165022
            Waltz: 0.000370735797333
        probability: 0.380253493786
        value: "Samba"
    culture:
        all:
            non_western: 0.658922076225
            western: 0.341077923775
        probability: 0.658922076225
        value: "non_western"
    gender:
        all:
            female: 0.158074647188
            male: 0.841925382614
        probability: 0.841925382614
        value: "male"
    genre_dortmund:
        all:
            alternative: 0.0252931378782
            blues: 0.0378462411463
            electronic: 0.0637103915215
            folkcountry: 0.0413545668125
            funksoulrnb: 0.0270553305745
            jazz: 0.53923612833
            pop: 0.0581871457398
            raphiphop: 0.0393123850226
            rock: 0.168004661798
        probability: 0.53923612833
        value: "jazz"
    genre_electronica:
        all:
            ambient: 0.0701420381665
            dnb: 0.606935441494
            house: 0.253002554178
            techno: 0.0270568951964
            trance: 0.0428630597889
        probability: 0.606935441494
        value: "dnb"
    genre_rosamerica:
        all:
            cla: 0.0103257670999
            dan: 0.277213960886
            hip: 0.392104357481
            jaz: 0.0526431798935
            pop: 0.105455763638
            rhy: 0.0962554067373
            roc: 0.0481322593987
            spe: 0.0178692955524
        probability: 0.392104357481
        value: "hip"
    genre_tzanetakis:
        all:
            blu: 0.00254242983647
            cla: 0.00147758610547
            cou: 0.00497328164056
            dis: 0.0706012398005
            hip: 0.233578115702
            jaz: 0.00889407563955
            met: 0.0150107312948
            pop: 0.529628276825
            reg: 0.0667549446225
            roc: 0.0665393173695
        probability: 0.529628276825
        value: "pop"
    live_studio:
        all:
            live: 0.676954805851
            studio: 0.323045223951
        probability: 0.676954805851
        value: "live"
    mood:
        all:
            Cluster1: 0.441780388355
            Cluster2: 0.228104740381
            Cluster3: 0.0471694022417
            Cluster4: 0.110449701548
            Cluster5: 0.172495767474
        probability: 0.441780388355
        value: "Cluster1"
    mood_acoustic:
        all:
            acoustic: 0.0515720546246
            not_acoustic: 0.948427915573
        probability: 0.948427915573
        value: "not_acoustic"
    mood_aggressive:
        all:
            aggressive: 0.0553205125034
            not_aggressive: 0.944679498672
        probability: 0.944679498672
        value: "not_aggressive"
    mood_electronic:
        all:
            electronic: 0.861647605896
            not_electronic: 0.138352379203
        probability: 0.861647605896
        value: "electronic"
    mood_happy:
        all:
            happy: 0.121702447534
            not_happy: 0.878297567368
        probability: 0.878297567368
        value: "not_happy"
    mood_party:
        all:
            not_party: 0.152590855956
            party: 0.847409129143
        probability: 0.847409129143
        value: "party"
    mood_relaxed:
        all:
            not_relaxed: 0.799304366112
            relaxed: 0.200695618987
        probability: 0.799304366112
        value: "not_relaxed"
    mood_sad:
        all:
            not_sad: 0.874146223068
            sad: 0.125853806734
        probability: 0.874146223068
        value: "not_sad"
    rhythm:
        all:
            fast: 0.916903913021
            medium: 0.0774526968598
            slow: 0.00564338825643
        probability: 0.916903913021
        value: "fast"
    speech_music:
        all:
            music: 0.960480034351
            speech: 0.0395199432969
        probability: 0.960480034351
        value: "music"
    timbre:
        all:
            bright: 0.0450223088264
            dark: 0.954977691174
        probability: 0.954977691174
        value: "dark"
    voice_instrumental:
        all:
            instrumental: 0.00788870360702
            voice: 0.992111325264
        probability: 0.992111325264
        value: "voice"

lowlevel:
    average_loudness: 0.977144122124
    barkbands_kurtosis:
        dmean: 2.72989916801
        dmean2: 4.18685626984
        dvar: 34.6942176819
        dvar2: 71.7554168701
        max: 53.5663566589
        mean: 3.51713204384
        min: -1.93225514889
        var: 112.245185852
    barkbands_skewness:
        dmean: 0.712666928768
        dmean2: 1.05303525925
        dvar: 0.50823956728
        dvar2: 1.0114159584
        max: 6.35783100128
        mean: 0.918307483196
        min: -3.84492611885
        var: 3.31322360039
    barkbands_spread:
        dmean: 8.65366840363
        dmean2: 13.3641929626
        dvar: 74.186164856
        dvar2: 163.191467285
        max: 81.3928604126
        mean: 34.7584495544
        min: 2.011936903
        var: 248.377532959
    dissonance:
        dmean: 0.0151311224326
        dmean2: 0.0247737225145
        dvar: 0.000221484660869
        dvar2: 0.000515683728736
        max: 0.498997718096
        mean: 0.467215567827
        min: 0.356794476509
        var: 0.000600566447247
    hfc:
        dmean: 2.34864664078
        dmean2: 2.99636244774
        dvar: 30.4595870972
        dvar2: 48.7178535461
        max: 96.76537323
        mean: 5.05933094025
        min: 0.0310064535588
        var: 65.2498474121
    pitch:
        dmean: 1157.66223145
        dmean2: 2234.98388672
        dvar: 2771868
        dvar2: 6002744.5
        max: 6300
        mean: 2164.7043457
        min: 49.5505599976
        var: 3828400.75
    pitch_instantaneous_confidence:
        dmean: 0.0869931057096
        dmean2: 0.138283744454
        dvar: 0.00524115050212
        dvar2: 0.0131409531459
        max: 0.817036032677
        mean: 0.420411109924
        min: 0.172799229622
        var: 0.0153841041028
    pitch_salience:
        dmean: 0.0695550665259
        dmean2: 0.113373167813
        dvar: 0.00422974443063
        dvar2: 0.0111945578828
        max: 0.880265176296
        mean: 0.600839853287
        min: 0.178308770061
        var: 0.0144082996994
    silence_rate_20dB:
        dmean: 0
        dmean2: 0
        dvar: 0
        dvar2: 0
        max: 1
        mean: 1
        min: 1
        var: 0
    silence_rate_30dB:
        dmean: 0
        dmean2: 0
        dvar: 0
        dvar2: 0
        max: 1
        mean: 1
        min: 1
        var: 0
    silence_rate_60dB:
        dmean: 0.162412986159
        dmean2: 0.323255807161
        dvar: 0.136035427451
        dvar2: 0.251319617033
        max: 1
        mean: 0.685185194016
        min: 0
        var: 0.215706661344
    spectral_centroid:
        dmean: 444.815979004
        dmean2: 664.571899414
        dvar: 237469.96875
        dvar2: 518455.71875
        max: 6042.88574219
        mean: 1617.46862793
        min: 159.818313599
        var: 1063508.375
    spectral_complexity:
        dmean: 3.1837208271
        dmean2: 4.28671312332
        dvar: 17.452331543
        dvar2: 25.1229152679
        max: 50
        mean: 8.14385128021
        min: 0
        var: 65.4688644409
    spectral_crest:
        dmean: 2.50394153595
        dmean2: 4.18464994431
        dvar: 5.96502637863
        dvar2: 15.1776533127
        max: 19.4445228577
        mean: 8.77777671814
        min: 3.64073634148
        var: 12.2850370407
    spectral_decrease:
        dmean: 3.53576667944e-10
        dmean2: 5.32406452258e-10
        dvar: 3.47035147395e-19
        dvar2: 7.40515245415e-19
        max: -1.26003461137e-12
        mean: -7.02120417362e-10
        min: -5.66299940274e-09
        var: 5.73468809047e-19
    spectral_energy:
        dmean: 0.00149182439782
        dmean2: 0.00218556518666
        dvar: 6.34719935988e-06
        dvar2: 1.23303116197e-05
        max: 0.0301503818482
        mean: 0.00310886162333
        min: 7.56808094593e-06
        var: 1.18686139103e-05
    spectral_energyband_high:
        dmean: 0.00022949189588
        dmean2: 0.000304772867821
        dvar: 2.30641788335e-07
        dvar2: 3.99585246669e-07
        max: 0.00809265300632
        mean: 0.000437227834482
        min: 8.29094346955e-07
        var: 4.66779738417e-07
    spectral_energyband_low:
        dmean: 0.000122512792586
        dmean2: 0.000200365408091
        dvar: 3.43027188876e-08
        dvar2: 8.64702016656e-08
        max: 0.00148685020395
        mean: 0.000329526810674
        min: 4.76359396373e-09
        var: 1.15091232544e-07
    spectral_energyband_middle_high:
        dmean: 0.000431478896644
        dmean2: 0.000592288910411
        dvar: 1.34222466386e-06
        dvar2: 2.36320056501e-06
        max: 0.0195327159017
        mean: 0.000857807637658
        min: 3.56366717824e-06
        var: 2.66258257398e-06
    spectral_energyband_middle_low:
        dmean: 0.00109361950308
        dmean2: 0.00181365897879
        dvar: 4.04940647059e-06
        dvar2: 1.04386572275e-05
        max: 0.0118578514084
        mean: 0.00148429826368
        min: 2.71819658337e-07
        var: 4.08343157687e-06
    spectral_flatness_db:
        dmean: 0.0227049998939
        dmean2: 0.034551050514
        dvar: 0.000423982623033
        dvar2: 0.000913264171686
        max: 0.335136681795
        mean: 0.178130328655
        min: 0.109841607511
        var: 0.00237674918026
    spectral_flux:
        dmean: 0.0109248990193
        dmean2: 0.016575621441
        dvar: 0.000223413910135
        dvar2: 0.000459629838588
        max: 0.14331677556
        mean: 0.0322621352971
        min: 0.00275101442821
        var: 0.00051491020713
    spectral_kurtosis:
        dmean: 0.807111084461
        dmean2: 1.26815986633
        dvar: 1.71307361126
        dvar2: 3.69392800331
        max: 19.4013824463
        mean: 1.94575870037
        min: -1.26168215275
        var: 4.03312730789
    spectral_rms:
        dmean: 0.000367162836483
        dmean2: 0.00051936035743
        dvar: 2.47939709652e-07
        dvar2: 4.70384378559e-07
        max: 0.0054235602729
        mean: 0.00155253044795
        min: 8.5927262262e-05
        var: 6.22682421181e-07
    spectral_rolloff:
        dmean: 733.179931641
        dmean2: 1212.43395996
        dvar: 964395.375
        dvar2: 2118957.25
        max: 7751.953125
        mean: 3155.23706055
        min: 150.732421875
        var: 2904372.75
    spectral_skewness:
        dmean: 0.199806317687
        dmean2: 0.29272300005
        dvar: 0.0603033713996
        dvar2: 0.112578362226
        max: 3.61864924431
        mean: 1.04917407036
        min: -0.408940941095
        var: 0.246136397123
    spectral_spread:
        dmean: 620674.6875
        dmean2: 879158.4375
        dvar: 516624678912
        dvar2: 912888823808
        max: 11834785
        mean: 5925151.5
        min: 2845676
        var: 2.01377356186e+12
    spectral_strongpeak:
        dmean: 0.222331047058
        dmean2: 0.3731559515
        dvar: 0.19369341433
        dvar2: 0.487356454134
        max: 3.93235135078
        mean: 0.317832440138
        min: 0.00653924234211
        var: 0.311535984278
    zerocrossingrate:
        dmean: 0.0151423960924
        dmean2: 0.0173356924206
        dvar: 0.000218397384742
        dvar2: 0.000236447463976
        max: 0.28955078125
        mean: 0.097263135016
        min: 0.0078125
        var: 0.00211566267535
    barkbands:
        dmean: [4.41944258966e-08, 1.52247221195e-05, 0.000114562579256, 0.000206481330679, 0.00071560399374, 0.000101371784694, 0.00011409943545, 0.000140033836942, 7.52997075324e-05, 3.48496396327e-05, 1.68716378539e-05, 1.88974172488e-05, 1.2978882296e-05, 9.51507809077e-06, 1.89668589883e-05, 3.53016148438e-05, 5.98261358391e-05, 0.000129230131279, 0.00015674388851, 0.000173369349795, 0.000101340920082, 3.30011025653e-05, 1.20443464766e-05, 5.92063634031e-06, 1.99803275791e-06, 5.83923807085e-08, 3.04534925055e-10]
        dmean2: [7.02636384631e-08, 2.5308032491e-05, 0.000184608361451, 0.000354493648047, 0.00125779502559, 0.000161588570336, 0.000191531027667, 0.000211737977224, 0.000116504415928, 5.37580781383e-05, 2.60883771261e-05, 2.77442813967e-05, 1.98952729988e-05, 1.42223389048e-05, 2.99725215882e-05, 5.37846644875e-05, 8.99675287656e-05, 0.000192654930288, 0.000234020728385, 0.000255036575254, 0.000136459610076, 4.34811081504e-05, 1.54579138325e-05, 7.98340442998e-06, 2.6389843697e-06, 8.1083562975e-08, 4.47394926661e-10]
        dvar: [1.75509885352e-14, 9.18269627004e-10, 2.84516747939e-08, 1.62002450566e-07, 2.27068244385e-06, 4.73411532198e-08, 4.19998400503e-08, 1.7271376862e-07, 2.60457309054e-08, 5.70745406492e-09, 1.32739308434e-09, 1.34179800604e-09, 1.33688804471e-09, 4.69126737457e-10, 3.44455175494e-09, 1.34020368137e-08, 2.42282105489e-08, 6.94202597629e-08, 2.71536492846e-07, 1.66719615891e-07, 4.9480053832e-08, 4.01570376951e-09, 7.75563613331e-10, 2.13038656161e-10, 3.14088338671e-11, 3.92297583578e-14, 5.6713918164e-18]
        dvar2: [4.0314980358e-14, 2.43028241975e-09, 7.17856494248e-08, 4.48594732916e-07, 6.18586682322e-06, 1.24106165345e-07, 1.06597902061e-07, 3.32681850068e-07, 6.14489295003e-08, 1.33368409649e-08, 2.92178081729e-09, 2.82552026221e-09, 3.32677396742e-09, 1.00496422295e-09, 8.5246041337e-09, 3.29484066697e-08, 4.00687412139e-08, 1.18153977269e-07, 6.34274897493e-07, 3.26653037064e-07, 9.64173665352e-08, 6.81623868459e-09, 1.38598610366e-09, 4.44980330361e-10, 6.55442367048e-11, 8.8142987104e-14, 6.0400327146e-18]
        max: [1.35376296839e-06, 0.000247424584813, 0.00137860490941, 0.00313755800016, 0.0095026101917, 0.00256662908942, 0.00166326726321, 0.00499786343426, 0.0016449802788, 0.000655597483274, 0.000416286668042, 0.000382425409043, 0.000522382208146, 0.000261479843175, 0.000660368357785, 0.00147293310147, 0.00212479638867, 0.00360514456406, 0.00893723778427, 0.00623648054898, 0.0038516218774, 0.00110153493006, 0.000345403503161, 0.000154893263243, 9.93087451207e-05, 3.13897453452e-06, 4.86328026739e-08]
        mean: [4.92265712637e-08, 3.24453103531e-05, 0.000297033635434, 0.000276748847682, 0.000661965284962, 0.000138916468131, 0.000131915949169, 0.000161790288985, 0.000103612001112, 5.02801049151e-05, 2.39263590629e-05, 2.55529830611e-05, 1.65271576407e-05, 1.21969142128e-05, 2.42526384682e-05, 4.330505908e-05, 8.31863289932e-05, 0.00021474105597, 0.000245740811806, 0.000297370308544, 0.000177178852027, 5.78801045776e-05, 2.03403233172e-05, 8.64913727128e-06, 3.1823349218e-06, 7.47204893514e-08, 2.67193711601e-10]
        min: [2.83911193166e-11, 2.38456121515e-09, 2.24803997639e-09, 6.1985678812e-09, 1.42741658493e-08, 1.02036146643e-07, 6.41512354349e-09, 6.62474608504e-09, 1.19467898685e-07, 1.66802820445e-07, 3.94510912827e-08, 6.6988299352e-09, 8.88024054291e-09, 2.86166557117e-08, 3.06323535426e-08, 3.62432182044e-08, 1.34714838396e-07, 5.39582856618e-07, 5.84975737183e-07, 8.15967325707e-07, 3.57689117436e-07, 1.19904768781e-07, 2.6086961924e-08, 7.38789873722e-09, 4.26498703021e-09, 1.40313372032e-10, 8.89513936548e-15]
        var: [1.98802850945e-14, 2.5233812817e-09, 1.04021836478e-07, 1.55361306042e-07, 1.71881708866e-06, 4.40374563482e-08, 5.18470528732e-08, 2.39170788063e-07, 4.10828420172e-08, 8.78478889632e-09, 2.15307793816e-09, 2.59856558493e-09, 1.58016300045e-09, 6.45937803245e-10, 3.92074062106e-09, 1.5249703722e-08, 4.60581581763e-08, 1.4516827207e-07, 3.71524464526e-07, 2.81162726878e-07, 9.39003541589e-08, 8.85447626331e-09, 2.01743266537e-09, 3.47781359267e-10, 5.08998850013e-11, 4.85632584493e-14, 5.6812220308e-18]
    mfcc:
        mean: [-759.546936035, 82.2024841309, -6.03989839554, 68.8365859985, -22.8788089752, -12.4872522354, -2.85705971718, -2.09348082542, -4.64072036743, -10.2613172531, -10.0173387527, -6.59399986267, -9.5848197937]
        cov: [[5774.38232422, -822.693847656, -839.91003418, -547.201843262, -318.756713867, -347.229370117, -119.204429626, -246.556182861, 4.10565471649, 131.215194702, 196.784072876, 39.2189598083, -123.475860596], [-822.693847656, 1274.52258301, -48.3725013733, 174.475494385, 92.7118606567, 43.3020401001, 138.112594604, 53.5047950745, 58.7360572815, -37.8129615784, 7.92451524734, 8.78330898285, 19.7709236145], [-839.91003418, -48.3725013733, 868.406494141, 201.322860718, 183.296401978, 215.583267212, -53.6886177063, 75.8170547485, 12.9681243896, -12.3251104355, -36.9340744019, -19.4559326172, 27.4098720551], [-547.201843262, 174.475494385, 201.322860718, 320.035797119, 154.097625732, 77.4317245483, -0.881744980812, 29.1517810822, 26.3992862701, 8.03355979919, -55.2301559448, -21.0441474915, 26.9377765656], [-318.756713867, 92.7118606567, 183.296401978, 154.097625732, 185.569061279, 92.5947418213, -24.9892177582, 20.3664569855, 33.3728790283, 8.45310592651, -30.4254016876, -21.1903686523, 21.1466255188], [-347.229370117, 43.3020401001, 215.583267212, 77.4317245483, 92.5947418213, 161.793441772, 53.5560188293, 54.9447135925, 13.4960927963, -2.8791539669, -13.4521722794, -9.42470550537, 15.9711275101], [-119.204429626, 138.112594604, -53.6886177063, -0.881744980812, -24.9892177582, 53.5560188293, 233.512283325, 124.98110199, 12.2328739166, 18.7401332855, 19.3641490936, 29.2958717346, -0.757750570774], [-246.556182861, 53.5047950745, 75.8170547485, 29.1517810822, 20.3664569855, 54.9447135925, 124.98110199, 137.531143188, 24.5907878876, 14.8020839691, -1.11220133305, 21.7794380188, 12.6454648972], [4.10565471649, 58.7360572815, 12.9681243896, 26.3992862701, 33.3728790283, 13.4960927963, 12.2328739166, 24.5907878876, 93.4061050415, 38.8699417114, 10.6838502884, 11.1893835068, 12.2520132065], [131.215194702, -37.8129615784, -12.3251104355, 8.03355979919, 8.45310592651, -2.8791539669, 18.7401332855, 14.8020839691, 38.8699417114, 87.604850769, 39.9772605896, 15.9388628006, -4.77893352509], [196.784072876, 7.92451524734, -36.9340744019, -55.2301559448, -30.4254016876, -13.4521722794, 19.3641490936, -1.11220133305, 10.6838502884, 39.9772605896, 86.4990768433, 23.9280452728, -10.2104682922], [39.2189598083, 8.78330898285, -19.4559326172, -21.0441474915, -21.1903686523, -9.42470550537, 29.2958717346, 21.7794380188, 11.1893835068, 15.9388628006, 23.9280452728, 57.0808868408, 13.8481388092], [-123.475860596, 19.7709236145, 27.4098720551, 26.9377765656, 21.1466255188, 15.9711275101, -0.757750570774, 12.6454648972, 12.2520132065, -4.77893352509, -10.2104682922, 13.8481388092, 57.9450035095]]
        icov: [[0.000274551275652, 0.000159776347573, 0.000130828062538, 0.000218042114284, -0.000136498478241, 0.000219334338908, -0.000165039746207, 0.000425593898399, -0.000215567401028, -0.000106633720861, -0.000296509213513, -4.64671647933e-05, 0.000257245235844], [0.000159776347573, 0.00119617546443, 0.000211505452171, -0.00057172216475, -0.000649022927973, 0.000498754088767, -0.00112804211676, 0.00075118750101, -0.00105735159013, 0.00159290619195, -0.00119913707022, -7.75322769186e-05, 0.000180942457519], [0.000130828062538, 0.000211505452171, 0.00248021446168, -0.000823743699584, 6.88958971296e-05, -0.00297215441242, 0.00243880855851, -0.00217200466432, 0.000293105753371, 0.000426278595114, -0.000825226481538, -0.000457953137811, 0.000653508352116], [0.000218042114284, -0.00057172216475, -0.000823743699584, 0.00668446579948, -0.00427853921428, 0.0012950298842, -0.00120878091548, 0.00110438885167, 0.000606543791946, -0.00272690667771, 0.00341985374689, 0.000386512954719, -0.000953398412094], [-0.000136498478241, -0.000649022927973, 6.88958971296e-05, -0.00427853921428, 0.0139213996008, -0.00637423153967, 0.00444061076269, -0.00238279765472, -0.00187973189168, -0.00179132970516, 0.000915017619263, 0.00210099061951, -0.000949680979829], [0.000219334338908, 0.000498754088767, -0.00297215441242, 0.0012950298842, -0.00637423153967, 0.0152901737019, -0.00640591373667, 0.00190317945089, -0.000497680448461, 0.0016403599875, -0.000977744930424, 0.00244327774271, -0.00180182920303], [-0.000165039746207, -0.00112804211676, 0.00243880855851, -0.00120878091548, 0.00444061076269, -0.00640591373667, 0.0140559636056, -0.0119739864022, 0.00201402511448, -0.00151882274076, -0.000886466819793, -0.00147302355617, 0.00202821451239], [0.000425593898399, 0.00075118750101, -0.00217200466432, 0.00110438885167, -0.00238279765472, 0.00190317945089, -0.0119739864022, 0.0204157084227, -0.00327345705591, -0.000520292844158, 0.00241777347401, -0.00285611953586, -0.00134446774609], [-0.000215567401028, -0.00105735159013, 0.000293105753371, 0.000606543791946, -0.00187973189168, -0.000497680448461, 0.00201402511448, -0.00327345705591, 0.0159126855433, -0.00749599142, 0.00132478331216, -0.000908341316972, -0.00248763919808], [-0.000106633720861, 0.00159290619195, 0.000426278595114, -0.00272690667771, -0.00179132970516, 0.0016403599875, -0.00151882274076, -0.000520292844158, -0.00749599142, 0.0213997866958, -0.00975148752332, -0.00149196130224, 0.00257875630632], [-0.000296509213513, -0.00119913707022, -0.000825226481538, 0.00341985374689, 0.000915017619263, -0.000977744930424, -0.000886466819793, 0.00241777347401, 0.00132478331216, -0.00975148752332, 0.0206837467849, -0.00558213423938, 0.00186854600906], [-4.64671647933e-05, -7.75322769186e-05, -0.000457953137811, 0.000386512954719, 0.00210099061951, 0.00244327774271, -0.00147302355617, -0.00285611953586, -0.000908341316972, -0.00149196130224, -0.00558213423938, 0.0254203174263, -0.00786151085049], [0.000257245235844, 0.000180942457519, 0.000653508352116, -0.000953398412094, -0.000949680979829, -0.00180182920303, 0.00202821451239, -0.00134446774609, -0.00248763919808, 0.00257875630632, 0.00186854600906, -0.00786151085049, 0.0219881329685]]
    spectral_contrast:
        mean: [4.80592703411e-08, 1.51097907519e-07, -5.86599242069e-07, 2.28357706078e-08, 3.50860119624e-07, -1.44205898778e-07, -3.34328819918e-06, -3.59868226951e-06, -2.98770009977e-06, -1.45097897075e-06, 3.19209834743e-06, 2.88515525426e-06]
        var: [0.000295903359074, 0.000686553190462, 0.00145764532499, 0.00288191344589, 0.00437813811004, 0.00576648581773, 0.0699830427766, 0.092003762722, 0.178757548332, 0.427341103554, 0.831049919128, 3.6963570118]

rhythm:
    beats_loudness:
        dmean: 0.00450865132734
        dmean2: 0.00787881854922
        dvar: 2.52224781434e-05
        dvar2: 8.47114861244e-05
        max: 0.0224785450846
        mean: 0.0066739525646
        min: 0.000801400165074
        var: 2.42754467763e-05
    beats_loudness_bass:
        dmean: 0.18342666328
        dmean2: 0.347076326609
        dvar: 0.0461603552103
        dvar2: 0.148291170597
        max: 0.701522111893
        mean: 0.136144027114
        min: 0.00310599105433
        var: 0.0292057227343
    bpm: 153.851226807
    bpm_confidence: 0
    first_peak_bpm: 152
    first_peak_spread: 0
    first_peak_weight: 0.565217375755
    onset_rate: 4.29789495468
    second_peak_bpm: 157
    second_peak_spread: 0
    second_peak_weight: 0.391304343939
    beats_position: [0.777683496475, 1.17196714878, 1.56625068188, 1.96053421497, 2.35481786728, 2.74910140038, 3.14338493347, 3.53766870499, 3.93195223808, 4.32623577118, 4.72051954269, 5.11480283737, 5.50908660889, 5.90336990356, 6.35278606415, 6.7349615097, 7.11713647842, 7.49931192398, 7.88148641586, 8.26366233826, 8.64583778381, 9.0280122757, 9.41018676758, 9.79236221313]
    bpm_estimates: [152.228210449, 151.859985352, 151.096054077, 151.139068604, 152.451507568, 152.747543335, 152.09085083, 152.490005493, 153.499664307, 156.486495972, 156.191543579, 156.352081299, 156.450942993, 156.051086426, 156.633209229]
    bpm_intervals: [0.394283652306, 0.394283533096, 0.394283533096, 0.394283652306, 0.394283533096, 0.394283533096, 0.394283771515, 0.394283533096, 0.394283533096, 0.394283771515, 0.394283294678, 0.394283771515, 0.394283294678, 0.449416160583, 0.382175445557, 0.382174968719, 0.382175445557, 0.382174491882, 0.382175922394, 0.382175445557, 0.382174491882, 0.382174491882, 0.382175445557]
    onset_times: [0.0464399084449, 0.208979591727, 0.394739240408, 0.777868509293, 1.18421769142, 1.57895696163, 1.79954648018, 1.96208620071, 2.34521532059, 2.71673464775, 3.19274377823, 3.52943301201, 3.59909296036, 3.81968259811, 4.01705217361, 4.29569149017, 4.42340135574, 4.60916090012, 4.7833108902, 5.13160991669, 5.20126962662, 5.35219955444, 5.4334692955, 5.58439922333, 5.94430828094, 6.32743787766, 6.66412687302, 6.7570066452, 6.96598625183, 7.10530614853, 7.36072540283, 7.50004529953, 7.73224496841, 7.90639448166, 8.08054447174, 8.3011341095, 8.498503685, 8.64943313599, 8.87002277374, 9.05578231812, 9.41569137573, 9.7639913559, 9.82204055786]
    rubato_start: []
    rubato_stop: []
    perceptual_tempo: "unknown"

sfx:
    inharmonicity:
        dmean: 0.0474235936999
        dmean2: 0.0821690559387
        dvar: 0.00271006813273
        dvar2: 0.00771602708846
        max: 0.306866824627
        mean: 0.0493157953024
        min: 5.27034426341e-05
        var: 0.00297854142264
    oddtoevenharmonicenergyratio:
        dmean: 29.6599693298
        dmean2: 59.1067810059
        dvar: 153870.84375
        dvar2: 461787.625
        max: 5767.83984375
        mean: 15.2443084717
        min: 2.29302918342e-06
        var: 77001.6640625
    pitch_after_max_to_before_max_energy_ratio: 0.23729121685
    pitch_centroid: 204.954406738
    pitch_max_to_total: 0.742459416389
    pitch_min_to_total: 0.132250577211
    tristimulus:
        dmean: [0.229887709022, 0.26689568162, 0.18494977057]
        dmean2: [0.412045091391, 0.459172010422, 0.326251536608]
        dvar: [0.0438123568892, 0.0473036393523, 0.0335985533893]
        dvar2: [0.114918544888, 0.142554044724, 0.0922469943762]
        max: [0.984893858433, 0.96075874567, 0.838415563107]
        mean: [0.385408729315, 0.382814049721, 0.176454171538]
        min: [0.0037621227093, 0, 0]
        var: [0.0729435160756, 0.0676101818681, 0.0379084385931]

tonal:
    chords_changes_rate: 0.133640557528
    chords_number_rate: 0.0322580635548
    chords_strength:
        dmean: 0.0105649093166
        dmean2: 0.0130415419117
        dvar: 7.52351188567e-05
        dvar2: 0.000111645036668
        max: 0.653644144535
        mean: 0.494696527719
        min: 0.373982667923
        var: 0.00335496105254
    key_strength: 0.679306328297
    tuning_diatonic_strength: 0.663452088833
    tuning_equal_tempered_deviation: 0.23891043663
    tuning_frequency: 432.690917969
    tuning_nontempered_energy_ratio: 0.897558033466
    hpcp:
        dmean: [0.162562400103, 0.152817800641, 0.147008791566, 0.145974427462, 0.129353940487, 0.111409939826, 0.107928566635, 0.109790742397, 0.144452750683, 0.171564877033, 0.164991557598, 0.122836627066, 0.0950097888708, 0.101724557579, 0.135583683848, 0.16399499774, 0.136857703328, 0.111625961959, 0.0844019278884, 0.0723062083125, 0.0629016384482, 0.0767256245017, 0.0726912170649, 0.0844385921955, 0.136414006352, 0.138919621706, 0.151396811008, 0.144949257374, 0.17021034658, 0.173593610525, 0.20265211165, 0.220939263701, 0.214774787426, 0.238191187382, 0.217268466949, 0.174927905202]
        dmean2: [0.292078793049, 0.257865011692, 0.239319846034, 0.249450802803, 0.219051703811, 0.196117341518, 0.189202904701, 0.18053458631, 0.240954697132, 0.294019341469, 0.267900496721, 0.197246566415, 0.154435798526, 0.160846710205, 0.22172626853, 0.266420930624, 0.226401001215, 0.183293700218, 0.134548559785, 0.118182823062, 0.10791400075, 0.131448745728, 0.124128423631, 0.145228505135, 0.237100929022, 0.237751483917, 0.256494909525, 0.255240678787, 0.294174849987, 0.303683012724, 0.331887096167, 0.379517704248, 0.376136779785, 0.424758851528, 0.370239049196, 0.308383613825]
        dvar: [0.0507335700095, 0.0367977842689, 0.0325309298933, 0.045049212873, 0.0323107093573, 0.0276944134384, 0.0263606701046, 0.0156334470958, 0.0225598495454, 0.04917069152, 0.0306771565229, 0.0208570603281, 0.0110457288101, 0.0163175296038, 0.0320060402155, 0.0425008684397, 0.0395643152297, 0.0203338991851, 0.0174536127597, 0.012114864774, 0.00871831458062, 0.016403881833, 0.0177881084383, 0.018110871315, 0.0432148426771, 0.0304987598211, 0.0349247641861, 0.0391485542059, 0.0516341477633, 0.0436060167849, 0.0459307767451, 0.0665732473135, 0.0541672036052, 0.0934397354722, 0.0753023326397, 0.0545528009534]
        dvar2: [0.144869282842, 0.10358222574, 0.0883842930198, 0.109483197331, 0.0901971310377, 0.0730484351516, 0.0741247534752, 0.0428833402693, 0.0566792860627, 0.117744058371, 0.0674304440618, 0.0514509342611, 0.0293923672289, 0.0362945348024, 0.0701878964901, 0.107042066753, 0.093575373292, 0.0497225373983, 0.0417712219059, 0.0310031045228, 0.0239895954728, 0.0485901646316, 0.0503290034831, 0.0484250709414, 0.117470942438, 0.0796070545912, 0.0995877534151, 0.105029083788, 0.140040695667, 0.113501958549, 0.121665298939, 0.178762212396, 0.17304174602, 0.231121003628, 0.185737892985, 0.14945229888]
        max: [1, 1, 1, 1, 1, 1, 1, 0.949451982975, 1, 1, 1, 0.929250895977, 0.802314341068, 1, 1, 1, 1, 1, 1, 0.839210093021, 0.608476519585, 1, 0.930043637753, 1, 1, 1, 1, 1, 1, 1, 1, 1, 1, 1, 1, 1]
        mean: [0.186139002442, 0.176927253604, 0.180343836546, 0.19337284565, 0.171105012298, 0.14262470603, 0.148874551058, 0.159073248506, 0.247059464455, 0.383719801903, 0.328808128834, 0.179987519979, 0.131817251444, 0.142538815737, 0.173997595906, 0.245873466134, 0.259578317404, 0.167476922274, 0.105409510434, 0.0832685679197, 0.0762817040086, 0.0842722952366, 0.0767798274755, 0.093212030828, 0.153023704886, 0.189520731568, 0.185954764485, 0.170780181885, 0.161683782935, 0.178508043289, 0.291540443897, 0.345770686865, 0.260907024145, 0.247603297234, 0.246106266975, 0.200879648328]
        min: [0.000692858651746, 0.000752212014049, 0.000321347179124, 0.000581481086556, 0.00056869443506, 0.000454921770142, 0.000563177571166, 0.000664187013172, 0.00505819125101, 0.00162901042495, 0.00231719436124, 0.00091058696853, 0.000330221868353, 0.000133305729833, 8.36583203636e-05, 0.000309051276417, 0.000662110687699, 0.000444687233539, 0.000146748192492, 0.000221720169066, 0.000416311435401, 0.000366960768588, 0.00061003130395, 0.000248418218689, 0.000289536314085, 0.000635120493826, 0.000199294270715, 0.00015618155885, 0.000134958303533, 0, 0.00154910131823, 0.000736656656954, 0.00234557711519, 0.000119098011055, 7.75927255745e-05, 0.000194598469534]
        var: [0.0611584559083, 0.051330126822, 0.0497681051493, 0.0686133876443, 0.044103294611, 0.0320264175534, 0.0331503488123, 0.02777980268, 0.0504572689533, 0.131480485201, 0.0856084898114, 0.0387091562152, 0.022567467764, 0.0295620709658, 0.04537518695, 0.0683119744062, 0.10307700187, 0.0396131686866, 0.0258300192654, 0.0134712448344, 0.00954329874367, 0.0153768882155, 0.0161617118865, 0.0177840553224, 0.0449704490602, 0.0480788834393, 0.0452022813261, 0.0458445213735, 0.052729036659, 0.0474489443004, 0.0838015303016, 0.121006891131, 0.0710030794144, 0.105783499777, 0.0973660722375, 0.069590434432]
    chords_histogram: [28.571428299, 0, 0, 10.5990781784, 0, 0.460829496384, 0, 3.22580647469, 0, 21.1981563568, 0, 0.460829496384, 0, 0, 0, 0, 0, 0, 0, 0, 5.99078321457, 5.99078321457, 23.5023040771, 0]
    thpcp: [1, 0.856896460056, 0.469059765339, 0.343524754047, 0.3714658916, 0.453449606895, 0.640763044357, 0.676478803158, 0.436456292868, 0.274704366922, 0.217003569007, 0.198795333505, 0.219619348645, 0.200093477964, 0.24291691184, 0.398790210485, 0.493903964758, 0.484610825777, 0.445064812899, 0.421358972788, 0.465204149485, 0.759774327278, 0.901102006435, 0.679941534996, 0.645271122456, 0.641369760036, 0.523506104946, 0.485090941191, 0.461084514856, 0.4699883461, 0.503942847252, 0.445911347866, 0.371689707041, 0.38797724247, 0.414555758238, 0.643853843212]
    chords_key: "C"
    chords_scale: "minor"
    key_key: "C"
    key_scale: "minor"
    chords_progression: ["Cm", "Cm", "Cm", "Cm", "Cm", "Cm", "Cm", "Cm", "Cm", "Cm", "Cm", "G", "G", "G", "G", "G", "G", "G", "G", "G", "G", "G", "G", "G", "G", "G", "G", "G", "Cm", "Cm", "Cm", "C", "C", "C", "C", "Cm", "Cm", "Cm", "Cm", "Cm", "Cm", "Cm", "G", "G", "G", "G", "G", "G", "G", "G", "G", "G", "G", "G", "G", "G", "G", "G", "G", "G", "C", "C", "C", "Fm", "Fm", "Fm", "Fm", "Fm", "Fm", "Fm", "Fm", "Fm", "Fm", "Fm", "Fm", "G", "Fm", "G", "G", "G", "G", "G", "G", "G", "G", "G", "G", "Cm", "Cm", "Cm", "Cm", "Cm", "Cm", "Cm", "Cm", "Cm", "Cm", "Cm", "Cm", "Cm", "Cm", "Cm", "Cm", "Cm", "Cm", "Cm", "Cm", "Cm", "Cm", "Cm", "Cm", "Cm", "Cm", "Cm", "Cm", "Cm", "Cm", "Cm", "Cm", "Cm", "Cm", "Cm", "Cm", "Cm", "Cm", "Cm", "Cm", "Cm", "Fm", "Fm", "Fm", "Fm", "Fm", "Fm", "Fm", "Fm", "Fm", "Fm", "Fm", "Fm", "Fm", "Fm", "Fm", "Fm", "Fm", "Fm", "Fm", "A#", "A#", "A#", "A#", "A#", "A#", "A#", "A#", "Fm", "A#m", "Fm", "Fm", "F", "A#m", "A#m", "A#m", "A#m", "A#m", "A#", "A#m", "A#", "A#", "A#", "A#", "A#", "A#", "A#", "A#", "A#", "A#", "A#", "A#", "A#", "A#", "Fm", "Fm", "Fm", "Fm", "Fm", "Fm", "A#m", "A#m", "A#m", "A#m", "A#m", "C#", "C#", "A#m", "C#", "C#", "C#", "C#", "C#", "C#", "C#", "C#", "C#", "D", "C#", "C#", "Fm", "Fm", "Fm", "Fm", "Fm", "Fm", "Fm", "Fm", "Fm", "Fm"]
