
metadata:
    version:
        essentia: "1.2.2"
    audio_properties:
        analysis_sample_rate: 44100
        bitrate: 128
        channels: 2
        equal_loudness: 1
        length: 10.0048980713
        replay_gain: -9.00183296204
        downmix: "mix"
    tags:
        track: 4
        year: 0
        album: "Splitted by Mp3Splt v. 2.1"
        artist: "From 000.30 To 000.40"
        comment: "http://mp3splt.sf.net"
        genre: ""
        title: "12 Cop Shoot Cop.mp3"

highlevel:
    ballroom:
        all:
            ChaChaCha: 0.00351865985431
            Jive: 0.00536700431257
            Quickstep: 0.0133273685351
            Rumba-American: 0.010200932622
            Rumba-International: 0.525957763195
            Rumba-Misc: 0.261925756931
            Samba: 0.00679712789133
            Tango: 0.00417451327667
            VienneseWaltz: 0.0520969033241
            Waltz: 0.116633959115
        probability: 0.525957763195
        value: "Rumba-International"
    culture:
        all:
            non_western: 0.823094666004
            western: 0.176905304193
        probability: 0.823094666004
        value: "non_western"
    gender:
        all:
            female: 0.487128317356
            male: 0.512871682644
        probability: 0.512871682644
        value: "male"
    genre_dortmund:
        all:
            alternative: 0.114577360451
            blues: 0.0135870035738
            electronic: 0.0359449088573
            folkcountry: 0.208197563887
            funksoulrnb: 0.0236370172352
            jazz: 0.448044419289
            pop: 0.0651281028986
            raphiphop: 0.0102878501639
            rock: 0.0805957987905
        probability: 0.448044419289
        value: "jazz"
    genre_electronica:
        all:
            ambient: 0.937504351139
            dnb: 0.0169286653399
            house: 0.0306671652943
            techno: 0.0106182694435
            trance: 0.00428155390546
        probability: 0.937504351139
        value: "ambient"
    genre_rosamerica:
        all:
            cla: 0.0677554830909
            dan: 0.0924133583903
            hip: 0.037172768265
            jaz: 0.256363630295
            pop: 0.103085137904
            rhy: 0.17298977077
            roc: 0.260881364346
            spe: 0.00933845620602
        probability: 0.260881364346
        value: "roc"
    genre_tzanetakis:
        all:
            blu: 0.0502688102424
            cla: 0.0272967908531
            cou: 0.166156455874
            dis: 0.0633037462831
            hip: 0.0236603114754
            jaz: 0.0747871771455
            met: 0.0116583444178
            pop: 0.175984144211
            reg: 0.101498909295
            roc: 0.305385321379
        probability: 0.305385321379
        value: "roc"
    live_studio:
        all:
            live: 0.702676475048
            studio: 0.297323524952
        probability: 0.702676475048
        value: "live"
    mood:
        all:
            Cluster1: 0.381887823343
            Cluster2: 0.0514883846045
            Cluster3: 0.524226307869
            Cluster4: 0.0348391905427
            Cluster5: 0.00755831552669
        probability: 0.524226307869
        value: "Cluster3"
    mood_acoustic:
        all:
            acoustic: 0.793267607689
            not_acoustic: 0.20673237741
        probability: 0.793267607689
        value: "acoustic"
    mood_aggressive:
        all:
            aggressive: 0.0080234752968
            not_aggressive: 0.991976499557
        probability: 0.991976499557
        value: "not_aggressive"
    mood_electronic:
        all:
            electronic: 0.306381672621
            not_electronic: 0.693618357182
        probability: 0.693618357182
        value: "not_electronic"
    mood_happy:
        all:
            happy: 0.0226966589689
            not_happy: 0.97730332613
        probability: 0.97730332613
        value: "not_happy"
    mood_party:
        all:
            not_party: 0.969728708267
            party: 0.0302712935954
        probability: 0.969728708267
        value: "not_party"
    mood_relaxed:
        all:
            not_relaxed: 0.0503985881805
            relaxed: 0.949601411819
        probability: 0.949601411819
        value: "relaxed"
    mood_sad:
        all:
            not_sad: 0.0767220184207
            sad: 0.923277974129
        probability: 0.923277974129
        value: "sad"
    rhythm:
        all:
            fast: 0.0130166169256
            medium: 0.565301716328
            slow: 0.421681672335
        probability: 0.565301716328
        value: "medium"
    speech_music:
        all:
            music: 0.99974155426
            speech: 0.000258441985352
        probability: 0.99974155426
        value: "music"
    timbre:
        all:
            bright: 0.53702878952
            dark: 0.46297121048
        probability: 0.53702878952
        value: "bright"
    voice_instrumental:
        all:
            instrumental: 0.958774864674
            voice: 0.0412251204252
        probability: 0.958774864674
        value: "instrumental"

lowlevel:
    average_loudness: 0.918658852577
    barkbands_kurtosis:
        dmean: 4.41867876053
        dmean2: 7.05806159973
        dvar: 36.027305603
        dvar2: 77.2760467529
        max: 80.8610534668
        mean: 11.2240619659
        min: -1.54571998119
        var: 169.269561768
    barkbands_skewness:
        dmean: 0.535823345184
        dmean2: 0.820251822472
        dvar: 0.250698953867
        dvar2: 0.516249418259
        max: 7.35826683044
        mean: 2.21524333954
        min: -0.58826982975
        var: 1.68107974529
    barkbands_spread:
        dmean: 2.39634633064
        dmean2: 3.492882967
        dvar: 11.7129020691
        dvar2: 17.8543663025
        max: 42.8270492554
        mean: 8.68661022186
        min: 0.665203332901
        var: 46.3661842346
    dissonance:
        dmean: 0.03808876127
        dmean2: 0.0601507797837
        dvar: 0.000960474193562
        dvar2: 0.00250045326538
        max: 0.489833593369
        mean: 0.387088805437
        min: 0.204053938389
        var: 0.00271070189774
    hfc:
        dmean: 0.420170307159
        dmean2: 0.569009363651
        dvar: 0.49970176816
        dvar2: 0.762990772724
        max: 7.80205392838
        mean: 1.27317547798
        min: 0.141293287277
        var: 1.49704766273
    pitch:
        dmean: 108.70526123
        dmean2: 207.834487915
        dvar: 189137.921875
        dvar2: 533258.875
        max: 3675
        mean: 245.806793213
        min: 74.1176452637
        var: 168058.484375
    pitch_instantaneous_confidence:
        dmean: 0.0803605467081
        dmean2: 0.131717741489
        dvar: 0.00552933383733
        dvar2: 0.0132674099877
        max: 0.903029382229
        mean: 0.508831441402
        min: 0.182032823563
        var: 0.0193830877542
    pitch_salience:
        dmean: 0.0610724464059
        dmean2: 0.0993026196957
        dvar: 0.00298992916942
        dvar2: 0.00723979342729
        max: 0.773865878582
        mean: 0.569656550884
        min: 0.198221638799
        var: 0.0116026503965
    silence_rate_20dB:
        dmean: 0
        dmean2: 0
        dvar: 0
        dvar2: 0
        max: 1
        mean: 1
        min: 1
        var: 0
    silence_rate_30dB:
        dmean: 0
        dmean2: 0
        dvar: 0
        dvar2: 0
        max: 1
        mean: 1
        min: 1
        var: 0
    silence_rate_60dB:
        dmean: 0.111627906561
        dmean2: 0.223776221275
        dvar: 0.0991674438119
        dvar2: 0.201673150063
        max: 1
        mean: 0.709976792336
        min: 0
        var: 0.205909878016
    spectral_centroid:
        dmean: 72.5678100586
        dmean2: 108.747390747
        dvar: 8903.30566406
        dvar2: 15722.5917969
        max: 1297.79821777
        mean: 424.53527832
        min: 142.819503784
        var: 36017.984375
    spectral_complexity:
        dmean: 1.2172896862
        dmean2: 1.94613587856
        dvar: 1.91774332523
        dvar2: 3.57790064812
        max: 18
        mean: 5.78321695328
        min: 1
        var: 5.6289896965
    spectral_crest:
        dmean: 2.29461717606
        dmean2: 3.7999651432
        dvar: 4.22951889038
        dvar2: 11.9161472321
        max: 21.7430171967
        mean: 11.1444797516
        min: 4.85413312912
        var: 13.9996585846
    spectral_decrease:
        dmean: 2.28109253708e-10
        dmean2: 3.59207413814e-10
        dvar: 7.8594404343e-20
        dvar2: 1.77879775281e-19
        max: -1.27009069928e-10
        mean: -7.64043994739e-10
        min: -3.44908590577e-09
        var: 4.05787511558e-19
    spectral_energy:
        dmean: 0.000894895987585
        dmean2: 0.00140137795825
        dvar: 1.21191931157e-06
        dvar2: 2.70481132247e-06
        max: 0.0132992640138
        mean: 0.00299915624782
        min: 0.000506946351379
        var: 6.15694352746e-06
    spectral_energyband_high:
        dmean: 1.26699296743e-05
        dmean2: 1.75223267433e-05
        dvar: 1.27105215242e-09
        dvar2: 1.97783145417e-09
        max: 0.000467907986604
        mean: 1.72071704583e-05
        min: 1.45348806768e-07
        var: 2.21775398046e-09
    spectral_energyband_low:
        dmean: 0.00022966254619
        dmean2: 0.000377698626835
        dvar: 7.08131864258e-08
        dvar2: 1.46721191641e-07
        max: 0.00347695779055
        mean: 0.000440433941549
        min: 1.4190800357e-05
        var: 1.85210481618e-07
    spectral_energyband_middle_high:
        dmean: 0.000102016267192
        dmean2: 0.000113083318865
        dvar: 3.95433730205e-08
        dvar2: 4.95770251518e-08
        max: 0.00321598513983
        mean: 0.00027415266959
        min: 6.8119579737e-06
        var: 1.56375662641e-07
    spectral_energyband_middle_low:
        dmean: 0.000722333730664
        dmean2: 0.00117096421309
        dvar: 9.6257133464e-07
        dvar2: 2.25944882004e-06
        max: 0.012950767763
        mean: 0.00226727779955
        min: 0.000239445944317
        var: 5.562133083e-06
    spectral_flatness_db:
        dmean: 0.0263500902802
        dmean2: 0.0362522900105
        dvar: 0.00050000846386
        dvar2: 0.00101643789094
        max: 0.416249185801
        mean: 0.223805010319
        min: 0.114724211395
        var: 0.00257619190961
    spectral_flux:
        dmean: 0.00684722326696
        dmean2: 0.0108554232866
        dvar: 5.45068069187e-05
        dvar2: 0.000125950740767
        max: 0.0608830824494
        mean: 0.0221304986626
        min: 0.00650467677042
        var: 0.000117772797239
    spectral_kurtosis:
        dmean: 5.63638210297
        dmean2: 7.34299182892
        dvar: 40.8336219788
        dvar2: 64.9282226562
        max: 86.7004852295
        mean: 12.7291841507
        min: 0.704183340073
        var: 140.69833374
    spectral_rms:
        dmean: 0.000247127754847
        dmean2: 0.000382209225791
        dvar: 6.50522338219e-08
        dvar2: 1.37371614528e-07
        max: 0.00360206770711
        mean: 0.00160227145534
        min: 0.000703265075572
        var: 3.58732421546e-07
    spectral_rolloff:
        dmean: 144.745361328
        dmean2: 253.254623413
        dvar: 100999.757812
        dvar2: 199928.90625
        max: 3251.51367188
        mean: 639.019226074
        min: 193.798828125
        var: 235704.40625
    spectral_skewness:
        dmean: 0.54898840189
        dmean2: 0.730003118515
        dvar: 0.247180178761
        dvar2: 0.40259501338
        max: 7.66363859177
        mean: 2.93557667732
        min: 1.25792908669
        var: 1.08439159393
    spectral_spread:
        dmean: 1451559.625
        dmean2: 1912793
        dvar: 1.58168619418e+12
        dvar2: 3.08239505818e+12
        max: 11764388
        mean: 4925127.5
        min: 913959.75
        var: 6.00146863718e+12
    spectral_strongpeak:
        dmean: 0.127072528005
        dmean2: 0.214986070991
        dvar: 0.0300663691014
        dvar2: 0.0593520179391
        max: 1.87594163418
        mean: 0.329873085022
        min: 0.0234801545739
        var: 0.0900833308697
    zerocrossingrate:
        dmean: 0.00518627697602
        dmean2: 0.00610523112118
        dvar: 2.6903795515e-05
        dvar2: 3.05113117065e-05
        max: 0.08154296875
        mean: 0.0285513643175
        min: 0.0087890625
        var: 0.000164335899171
    barkbands:
        dmean: [1.52000995968e-06, 9.19735612115e-05, 0.000180211180123, 0.000190820603166, 0.000418733223341, 0.000185718279681, 0.000101934347185, 0.000110618908366, 4.55306144431e-05, 6.80552402628e-05, 6.59132820147e-06, 7.87554381532e-06, 1.02393869383e-05, 5.96644076722e-06, 9.04706848814e-06, 1.12920488391e-05, 2.18586392293e-05, 1.02302974483e-05, 8.98702819541e-06, 8.20478999231e-06, 4.14383202951e-06, 3.20157505485e-06, 1.685520715e-06, 1.01189391444e-06, 4.73746837315e-07, 2.05021137845e-08, 3.57580187682e-10]
        dmean2: [2.6915511171e-06, 0.000145820027683, 0.000295133591862, 0.000330046168528, 0.000705845945049, 0.000320124236168, 0.000141568991239, 0.000189040278201, 6.68213397148e-05, 8.32885998534e-05, 1.03565926111e-05, 1.20931572383e-05, 1.68932947417e-05, 8.16148713056e-06, 1.14043141366e-05, 1.48993158291e-05, 2.67624127446e-05, 1.51784970512e-05, 1.26870936583e-05, 1.08747090053e-05, 5.94833181822e-06, 4.8674514801e-06, 2.67062591774e-06, 1.49651918946e-06, 7.35585217626e-07, 3.13976684652e-08, 5.89870208234e-10]
        dvar: [6.00432897846e-12, 1.41246259133e-08, 4.42468142126e-08, 1.13018039372e-07, 4.3208027023e-07, 6.77061890997e-08, 8.86585951321e-08, 8.15317378056e-08, 8.22775536591e-09, 4.44496777163e-08, 1.00208459586e-10, 3.93945709387e-10, 2.81697609683e-10, 1.58671659145e-10, 3.08094494361e-10, 7.61128327031e-10, 5.07732433874e-09, 1.619880452e-09, 6.98576418934e-10, 8.86145379297e-10, 2.91392410201e-10, 3.76793700407e-11, 8.27601962655e-12, 2.4552664589e-12, 7.03268118653e-13, 1.24238663418e-15, 4.26107487649e-19]
        dvar2: [1.68246510474e-11, 3.38869767802e-08, 9.61181427783e-08, 3.27496962882e-07, 1.07366065549e-06, 2.09840294474e-07, 1.24998905449e-07, 2.15750276311e-07, 1.60177382469e-08, 5.17024361102e-08, 2.31934915718e-10, 6.94852508865e-10, 7.14840409088e-10, 2.8827332188e-10, 4.64454807947e-10, 1.44197376262e-09, 8.75620731478e-09, 3.90183485521e-09, 1.38562716856e-09, 1.50076562289e-09, 5.01262253927e-10, 6.90481075094e-11, 1.82938282578e-11, 5.17113305301e-12, 1.7201417157e-12, 2.93958633883e-15, 9.379005987e-19]
        max: [1.87061068573e-05, 0.0011792385485, 0.00271055707708, 0.00384025764652, 0.00944674387574, 0.00285072857514, 0.00687188236043, 0.00399484951049, 0.00151242641732, 0.00406487146392, 0.0001351453393, 0.000395443435991, 0.000178568996489, 0.00017071783077, 0.000202601528144, 0.000368022010662, 0.000776407076046, 0.000534951628651, 0.000266473856755, 0.00039171546814, 0.000234467035625, 6.0659571318e-05, 2.70432246907e-05, 1.38772147693e-05, 8.30698627396e-06, 3.27182220872e-07, 7.63498775314e-09]
        mean: [1.59120293119e-06, 0.00014871438907, 0.000290217518341, 0.000296728860121, 0.00100620975718, 0.000395207578549, 0.000222528833547, 0.000199277637876, 9.06260611373e-05, 0.000174813802005, 1.76709691004e-05, 1.59372048074e-05, 1.5438949049e-05, 1.23796708067e-05, 1.82440726348e-05, 1.65706205735e-05, 2.82034106931e-05, 1.41475184137e-05, 1.20883551062e-05, 1.01426758192e-05, 5.06747528561e-06, 4.01740544476e-06, 1.66288111814e-06, 1.19744368021e-06, 4.54599955901e-07, 2.04538785908e-08, 3.63905683365e-10]
        min: [1.45844794019e-08, 1.45040564803e-06, 7.5699745139e-07, 1.25546193885e-06, 1.66151730809e-05, 2.16818011722e-06, 4.66068286187e-06, 2.17383717427e-06, 1.57823205882e-06, 7.603495078e-07, 2.88306750917e-07, 1.91126730442e-07, 2.44176760589e-07, 1.15519128485e-07, 1.26843715975e-07, 7.77099415927e-08, 8.74726353572e-08, 1.0725239008e-07, 9.82611112477e-08, 4.73420946889e-09, 2.61968082782e-08, 2.88758901235e-08, 8.47889314315e-09, 3.72976316498e-09, 1.29439836627e-09, 7.67353403042e-11, 1.19367005429e-12]
        var: [6.30355836972e-12, 3.53008644538e-08, 1.02391226164e-07, 2.28172950756e-07, 2.73222849501e-06, 2.17458548946e-07, 2.79080438759e-07, 1.50207853267e-07, 2.73355276192e-08, 2.06530629043e-07, 5.3591303617e-10, 1.30225330519e-09, 5.30004651278e-10, 5.67716706978e-10, 1.11394293789e-09, 1.46854761685e-09, 9.40301436714e-09, 1.93432869722e-09, 9.54182399759e-10, 1.50123546927e-09, 4.39064423707e-10, 5.63697942491e-11, 9.11497526762e-12, 3.47562278437e-12, 6.76430374387e-13, 1.33006068521e-15, 4.00999169787e-19]
    mfcc:
        mean: [-820.148254395, 174.778701782, 12.6036272049, 27.7889575958, -3.65670537949, -4.09919404984, -11.1764411926, 0.968320429325, -3.77451467514, -9.12491607666, 2.94285178185, -10.505487442, -4.33124160767]
        cov: [[2742.25, -1082.21337891, -428.525909424, 161.918045044, 2.19598388672, -88.1460494995, 36.7824058533, -15.2799921036, 133.479110718, 82.498878479, -80.7206497192, 98.6866531372, 57.3531265259], [-1082.21337891, 1264.20031738, -473.398956299, 43.575504303, -73.6255950928, -91.2326660156, 66.4858016968, -108.93347168, -159.934417725, -56.0087738037, -49.4195289612, 20.5758342743, -0.00279260356911], [-428.525909424, -473.398956299, 956.924621582, -182.950332642, 53.0498771667, 144.987030029, -55.0119476318, 146.798538208, 45.3940391541, -29.2588748932, 121.482429504, -61.7819747925, -32.9176979065], [161.918045044, 43.575504303, -182.950332642, 266.81930542, 6.17841768265, -46.9590835571, 52.3791122437, -8.26166248322, -14.3773889542, -16.1933498383, -90.7122573853, 50.6803894043, 18.6938552856], [2.19598388672, -73.6255950928, 53.0498771667, 6.17841768265, 143.447937012, 61.2604637146, -12.9852666855, 18.1912460327, 1.20359885693, 9.0549621582, 5.63889217377, -12.2610521317, 16.0953826904], [-88.1460494995, -91.2326660156, 144.987030029, -46.9590835571, 61.2604637146, 137.298629761, 24.0076828003, 15.0721263885, 13.9017066956, 4.85854721069, 14.0623426437, -29.7402572632, -4.32274341583], [36.7824058533, 66.4858016968, -55.0119476318, 52.3791122437, -12.9852666855, 24.0076828003, 100.744659424, 23.4755382538, 6.77787780762, 2.61417818069, -37.5253334045, -1.01375424862, 1.92294824123], [-15.2799921036, -108.93347168, 146.798538208, -8.26166248322, 18.1912460327, 15.0721263885, 23.4755382538, 118.202415466, 63.1036605835, 11.7240581512, 4.3932518959, -16.9234848022, -15.9686317444], [133.479110718, -159.934417725, 45.3940391541, -14.3773889542, 1.20359885693, 13.9017066956, 6.77787780762, 63.1036605835, 125.997131348, 61.7989692688, -10.0842018127, -15.8007459641, -5.03245735168], [82.498878479, -56.0087738037, -29.2588748932, -16.1933498383, 9.0549621582, 4.85854721069, 2.61417818069, 11.7240581512, 61.7989692688, 111.506225586, 29.02368927, -18.3669452667, 12.8217639923], [-80.7206497192, -49.4195289612, 121.482429504, -90.7122573853, 5.63889217377, 14.0623426437, -37.5253334045, 4.3932518959, -10.0842018127, 29.02368927, 128.293807983, 10.174829483, -12.6953306198], [98.6866531372, 20.5758342743, -61.7819747925, 50.6803894043, -12.2610521317, -29.7402572632, -1.01375424862, -16.9234848022, -15.8007459641, -18.3669452667, 10.174829483, 88.6376495361, 19.2299213409], [57.3531265259, -0.00279260356911, -32.9176979065, 18.6938552856, 16.0953826904, -4.32274341583, 1.92294824123, -15.9686317444, -5.03245735168, 12.8217639923, -12.6953306198, 19.2299213409, 70.0213012695]]
        icov: [[0.0012858445989, 0.00172719487455, 0.00112308887765, 0.000527593248989, -0.000291774107609, 0.00105404795613, -0.00153091759421, 0.000332431227434, 0.000248398137046, -0.000122561497847, 0.000345330045093, -0.00100484769791, -3.71595924662e-05], [0.00172719487455, 0.00356917106546, 0.00204890780151, 0.00121715816204, -0.000198369583813, 0.00176715047564, -0.00287583842874, 0.000195900909603, 0.00202593114227, -0.000321002618875, 0.000700358126778, -0.00127493240871, 0.000183535332326], [0.00112308887765, 0.00204890780151, 0.00350868003443, 0.000613624346443, 0.000870526826475, -0.00152983597945, 0.00041513130418, -0.00305035617203, 0.00105799688026, 0.00144126499072, -0.00139361654874, 0.000250450597377, -0.000945097010117], [0.000527593248989, 0.00121715816204, 0.000613624346443, 0.00781707651913, -0.00224904180504, 0.00295676477253, -0.00369073171169, -0.000313957047183, 0.00275581935421, -0.00242616259493, 0.00580988544971, -0.00537374941632, 0.00167017243803], [-0.000291774107609, -0.000198369583813, 0.000870526826475, -0.00224904180504, 0.0118383578956, -0.00790950655937, 0.00640508299693, -0.00543732894585, 0.00334162102081, -0.00141030864324, -0.000112382687803, 0.00130545499269, -0.00325723364949], [0.00105404795613, 0.00176715047564, -0.00152983597945, 0.00295676477253, -0.00790950655937, 0.0169637016952, -0.0106458943337, 0.00702415639535, -0.00332643324509, 0.00150095298886, -0.000505713396706, 0.000920650025364, 0.0015293158358], [-0.00153091759421, -0.00287583842874, 0.00041513130418, -0.00369073171169, 0.00640508299693, -0.0106458943337, 0.0210964400321, -0.00939031038433, 0.0038368278183, -0.0030361530371, 0.00314107793383, 0.000476937624626, -0.00114582839888], [0.000332431227434, 0.000195900909603, -0.00305035617203, -0.000313957047183, -0.00543732894585, 0.00702415639535, -0.00939031038433, 0.0207737237215, -0.0117639284581, 0.00445536803454, -0.00287098344415, 0.00173688377254, 0.00239758635871], [0.000248398137046, 0.00202593114227, 0.00105799688026, 0.00275581935421, 0.00334162102081, -0.00332643324509, 0.0038368278183, -0.0117639284581, 0.0233009960502, -0.0139676798135, 0.00931103527546, -0.00491601182148, 0.00306715373881], [-0.000122561497847, -0.000321002618875, 0.00144126499072, -0.00242616259493, -0.00141030864324, 0.00150095298886, -0.0030361530371, 0.00445536803454, -0.0139676798135, 0.0214855633676, -0.0116871008649, 0.00842579454184, -0.00642912229523], [0.000345330045093, 0.000700358126778, -0.00139361654874, 0.00580988544971, -0.000112382687803, -0.000505713396706, 0.00314107793383, -0.00287098344415, 0.00931103527546, -0.0116871008649, 0.0195138622075, -0.00979866553098, 0.00580278411508], [-0.00100484769791, -0.00127493240871, 0.000250450597377, -0.00537374941632, 0.00130545499269, 0.000920650025364, 0.000476937624626, 0.00173688377254, -0.00491601182148, 0.00842579454184, -0.00979866553098, 0.020220592618, -0.00671076448634], [-3.71595924662e-05, 0.000183535332326, -0.000945097010117, 0.00167017243803, -0.00325723364949, 0.0015293158358, -0.00114582839888, 0.00239758635871, 0.00306715373881, -0.00642912229523, 0.00580278411508, -0.00671076448634, 0.0191357471049]]
    spectral_contrast:
        mean: [2.38718172341e-07, 7.6511946645e-07, 4.8858616708e-08, 4.61601672441e-07, 5.02610255637e-08, -6.48478362564e-07, 1.38952464113e-06, 4.15514887209e-06, -1.09205711851e-06, -2.42190753852e-06, 5.48470416106e-06, 1.34034030452e-06]
        var: [0.000293085613521, 0.000622294843197, 0.00195352756418, 0.00303007033654, 0.00339809060097, 0.00548008736223, 0.0628479421139, 0.140545964241, 0.222106397152, 0.253796011209, 0.766003191471, 1.81388175488]

rhythm:
    beats_loudness:
        dmean: 0.00265472661704
        dmean2: 0.00467158854008
        dvar: 8.42070767249e-06
        dvar2: 2.72704837698e-05
        max: 0.0127899609506
        mean: 0.0042095282115
        min: 0.00207482418045
        var: 6.75681940265e-06
    beats_loudness_bass:
        dmean: 0.157355874777
        dmean2: 0.190650507808
        dvar: 0.0142673039809
        dvar2: 0.041693393141
        max: 0.581957042217
        mean: 0.228073194623
        min: 0.0236104745418
        var: 0.0281584225595
    bpm: 80.2944488525
    bpm_confidence: 0
    first_peak_bpm: 80
    first_peak_spread: 0
    first_peak_weight: 0.923076927662
    onset_rate: 4.39784622192
    second_peak_bpm: 120
    second_peak_spread: 0
    second_peak_weight: 0.0769230797887
    beats_position: [0.237293854356, 0.984303951263, 1.73131406307, 2.47832417488, 3.22533416748, 3.97234392166, 4.71935415268, 5.46636390686, 5.965092659, 6.71266937256, 7.46024656296, 8.20782279968, 8.95539951324, 9.70297718048]
    bpm_estimates: [80.2821426392, 80.2764053345, 80.2100372314, 80.4828567505, 80.1707839966, 80.2930221558, 80.2903366089, 80.5575332642, 80.198135376, 80.6264266968, 80.3231735229, 80.3635101318, 80.0830154419, 79.9650115967]
    bpm_intervals: [0.747010111809, 0.747010111809, 0.747010111809, 0.747009992599, 0.747009754181, 0.747010231018, 0.747009754181, 0.498728752136, 0.747576713562, 0.747577190399, 0.747576236725, 0.747576713562, 0.747577667236]
    onset_times: [0.0580498874187, 0.220589563251, 0.46439909935, 0.557278931141, 0.975238084793, 1.16099774837, 1.35836732388, 1.53251695633, 1.71827661991, 2.06657600403, 2.11301589012, 2.38004541397, 2.48453521729, 2.70512461662, 2.89088439941, 3.22757363319, 3.45977330208, 3.59909296036, 3.99383211136, 4.17959165573, 4.36535167694, 4.55111122131, 4.73687076569, 4.96907043457, 5.07356023788, 5.23609972, 5.35219955444, 5.49151945114, 5.86303853989, 6.06040811539, 6.23455762863, 6.60607719421, 6.7570066452, 7.38394546509, 7.73224496841, 7.9644446373, 8.06893444061, 8.23147392273, 8.498503685, 8.87002277374, 9.24154186249, 9.47374153137, 9.61306095123, 9.99619007111]
    rubato_start: []
    rubato_stop: []
    perceptual_tempo: "unknown"

sfx:
    inharmonicity:
        dmean: 0.0202804598957
        dmean2: 0.036659207195
        dvar: 0.0015734184999
        dvar2: 0.00467804633081
        max: 0.445184797049
        mean: 0.0162672325969
        min: 5.63666390008e-06
        var: 0.00105110707227
    oddtoevenharmonicenergyratio:
        dmean: 1.57656955719
        dmean2: 2.97317361832
        dvar: 37.5412216187
        dvar2: 110.068756104
        max: 83.2040252686
        mean: 1.09531712532
        min: 7.84577150625e-06
        var: 20.5191421509
    pitch_after_max_to_before_max_energy_ratio: 1.28905141354
    pitch_centroid: 218.477783203
    pitch_max_to_total: 0.620046615601
    pitch_min_to_total: 0.631701648235
    tristimulus:
        dmean: [0.241089567542, 0.24017034471, 0.0286856628954]
        dmean2: [0.435009390116, 0.432339727879, 0.0513204410672]
        dvar: [0.0501225702465, 0.0480825267732, 0.00175947090611]
        dvar2: [0.136121764779, 0.124399326742, 0.00527290999889]
        max: [0.99196267128, 0.919822871685, 0.325195908546]
        mean: [0.627043187618, 0.334584861994, 0.0255507603288]
        min: [0.0623280145228, 0, 0]
        var: [0.0703548789024, 0.0664513036609, 0.00159065390471]

tonal:
    chords_changes_rate: 0.0416666679084
    chords_number_rate: 0.0231481473893
    chords_strength:
        dmean: 0.00702751008794
        dmean2: 0.00616475800052
        dvar: 2.94590772683e-05
        dvar2: 3.17644626193e-05
        max: 0.67549341917
        mean: 0.523519396782
        min: 0.366172581911
        var: 0.00415757577866
    key_strength: 0.478993594646
    tuning_diatonic_strength: 0.456931859255
    tuning_equal_tempered_deviation: 0.109231539071
    tuning_frequency: 441.272583008
    tuning_nontempered_energy_ratio: 0.684244990349
    hpcp:
        dmean: [0.172858893871, 0.128687798977, 0.0531648509204, 0.0377120599151, 0.0322714410722, 0.0455299653113, 0.0735462605953, 0.0918253436685, 0.0826929733157, 0.0975168570876, 0.0682328939438, 0.0446702167392, 0.0446582473814, 0.0373933799565, 0.0573993809521, 0.0819179266691, 0.116461157799, 0.0994030460715, 0.086798787117, 0.0998419448733, 0.134882509708, 0.115517236292, 0.0590106248856, 0.0286410506815, 0.025929376483, 0.0497616939247, 0.101823054254, 0.101559534669, 0.0949331969023, 0.105939805508, 0.121357515454, 0.0877069234848, 0.0348776988685, 0.0576559826732, 0.140358179808, 0.177032351494]
        dmean2: [0.283246219158, 0.221405938268, 0.0922214537859, 0.0680787339807, 0.0557413622737, 0.0778614729643, 0.133134767413, 0.156610250473, 0.125108659267, 0.146962940693, 0.1151689291, 0.0831427052617, 0.0804333016276, 0.064681969583, 0.0980924144387, 0.141536936164, 0.190536946058, 0.167041674256, 0.155488118529, 0.179380863905, 0.22843118012, 0.194032415748, 0.101828493178, 0.0538789965212, 0.0460974648595, 0.0928663536906, 0.179789766669, 0.177260145545, 0.164457172155, 0.185094833374, 0.213398590684, 0.158916085958, 0.0649987608194, 0.10605661571, 0.248427718878, 0.290976315737]
        dvar: [0.0448091998696, 0.0210727024823, 0.0138205941767, 0.00947117060423, 0.00928731635213, 0.00989743042737, 0.0234313122928, 0.0177760571241, 0.0176801122725, 0.017005527392, 0.00958481710404, 0.012308110483, 0.012871241197, 0.0121820578352, 0.0174691397697, 0.0265450458974, 0.0402631908655, 0.0379533730447, 0.0300450418144, 0.0312634855509, 0.0395807549357, 0.0408437214792, 0.0112572927028, 0.00414858898148, 0.00372398737818, 0.0166415683925, 0.0370517447591, 0.0379617251456, 0.0167519040406, 0.0252776481211, 0.0397025570273, 0.0233264416456, 0.00950082950294, 0.0162997059524, 0.0416223779321, 0.035824958235]
        dvar2: [0.101193070412, 0.0560188032687, 0.0362364165485, 0.0220395848155, 0.0232411753386, 0.0271702371538, 0.06088713184, 0.0455096922815, 0.0325102731586, 0.0262033380568, 0.0247629508376, 0.0356187112629, 0.0363810025156, 0.0273044910282, 0.040266636759, 0.0554433055222, 0.0888271331787, 0.0903400629759, 0.0862421914935, 0.0908353850245, 0.0899263992906, 0.0849405303597, 0.0267127137631, 0.0116833318025, 0.00999198481441, 0.0477232262492, 0.0981881320477, 0.0877615436912, 0.0443044602871, 0.06588293612, 0.0829361379147, 0.0558152794838, 0.0277559198439, 0.0443939454854, 0.114140540361, 0.0756905823946]
        max: [1, 0.821331501007, 1, 0.786286592484, 0.929702281952, 0.657895505428, 1, 0.699331641197, 1, 1, 0.665644407272, 0.785079658031, 0.822403311729, 1, 0.970390200615, 1, 1, 1, 1, 1, 1, 1, 0.869530677795, 0.43323251605, 0.423218935728, 0.843536734581, 1, 1, 0.832864403725, 1, 1, 1, 0.715009391308, 1, 1, 1]
        mean: [0.518020570278, 0.218215689063, 0.0411203615367, 0.0286807306111, 0.0241275914013, 0.0457762219012, 0.0706630647182, 0.110042579472, 0.256473749876, 0.267498642206, 0.0966699644923, 0.0319941006601, 0.0343502052128, 0.029118116945, 0.0585300214589, 0.104889430106, 0.124599255621, 0.101057954133, 0.0677094012499, 0.103359743953, 0.19107863307, 0.172250822186, 0.0643542632461, 0.0186343211681, 0.0189768839628, 0.0355805121362, 0.143967613578, 0.196198940277, 0.124388344586, 0.201405033469, 0.245670601726, 0.105457484722, 0.0265790447593, 0.0435001887381, 0.133319228888, 0.426938265562]
        min: [0.0016609566519, 0.000832538120449, 0.0001254863746, 2.17453325604e-05, 1.99217756744e-05, 0.000130244385218, 0.0001462057553, 0.000688166299369, 0.000141254306072, 0.000325923087075, 0.000398210046114, 0.000131819251692, 0.000120966360555, 0.000187132012798, 0.000186592180398, 0.000199892325327, 8.15215826151e-05, 2.15429554373e-05, 1.22544615806e-05, 0.000335351156536, 0.000336370925652, 0.000299080857076, 0.000124053854961, 4.17571682192e-05, 1.4807059415e-05, 5.6210647017e-06, 5.19597124367e-05, 0.000251499994192, 0.000315739453072, 0.000528790231328, 0.000329008558765, 0.000225214462262, 1.90712253243e-05, 8.85067129275e-06, 2.4679588023e-05, 0.000849208969157]
        var: [0.150316536427, 0.0357127934694, 0.0104950880632, 0.00778325228021, 0.00692597823218, 0.00975901074708, 0.025110758841, 0.0267662405968, 0.117620676756, 0.106634274125, 0.0148674855009, 0.00726645486429, 0.00803408958018, 0.00909676402807, 0.0184790510684, 0.0417913608253, 0.0503741763532, 0.0459636151791, 0.0233267024159, 0.0307802520692, 0.0642510801554, 0.0702704042196, 0.0147344898432, 0.00263789412566, 0.00283770356327, 0.00982649158686, 0.0552249662578, 0.0977819859982, 0.0258592702448, 0.090639077127, 0.125257864594, 0.0310192089528, 0.00574007118121, 0.0125478012487, 0.0430765487254, 0.120582044125]
    chords_histogram: [9.72222232819, 0, 0, 0, 0, 1.38888883591, 0, 0, 0, 0, 0, 0, 0, 2.77777767181, 0, 0, 0, 0, 0, 64.351852417, 21.7592601776, 0, 0, 0]
    thpcp: [1, 0.421249091625, 0.0793797820807, 0.0553660057485, 0.0465765111148, 0.0883675739169, 0.136409759521, 0.212428972125, 0.495103418827, 0.516386151314, 0.186614140868, 0.0617622211576, 0.0663105025887, 0.0562103502452, 0.112987831235, 0.202481210232, 0.240529552102, 0.195084825158, 0.130707934499, 0.199528262019, 0.368863016367, 0.332517325878, 0.124231092632, 0.0359721630812, 0.0366334579885, 0.068685516715, 0.277918726206, 0.378747403622, 0.240122407675, 0.38879737258, 0.474248737097, 0.203577786684, 0.0513088591397, 0.0839738622308, 0.257362812757, 0.824172437191]
    chords_key: "A"
    chords_scale: "minor"
    key_key: "D"
    key_scale: "major"
    chords_progression: ["G#m", "G#m", "G#m", "Am", "Am", "Am", "Am", "Am", "Am", "Am", "Am", "Am", "Am", "Am", "Am", "Am", "Am", "Am", "Am", "Am", "Am", "Am", "Am", "Cm", "Cm", "Cm", "Am", "Am", "Cm", "Cm", "Cm", "C", "C", "C", "C", "C", "C", "C", "C", "C", "C", "C", "C", "C", "C", "C", "C", "C", "C", "C", "C", "Am", "Am", "Am", "Am", "Am", "Am", "Am", "Am", "Am", "Am", "Am", "Am", "Am", "Am", "Am", "Am", "Am", "Am", "Am", "Am", "Am", "Am", "Am", "Am", "Am", "Am", "Am", "Am", "Am", "Am", "Am", "Am", "Am", "Am", "Am", "Am", "Am", "Am", "Am", "Am", "Am", "Am", "Am", "Am", "Am", "Am", "Am", "Am", "Am", "Am", "Am", "Am", "Am", "Am", "Am", "Am", "Am", "Am", "Am", "Am", "Am", "Am", "Am", "Am", "Am", "Am", "Am", "Am", "Am", "Am", "Am", "Am", "Am", "Am", "Am", "Am", "Am", "Am", "Am", "Am", "Am", "Am", "Am", "Am", "Am", "Am", "Am", "Am", "Am", "Am", "C", "C", "C", "C", "C", "C", "C", "C", "C", "C", "C", "C", "C", "C", "C", "C", "C", "C", "C", "C", "C", "C", "C", "C", "C", "C", "C", "Am", "Am", "Am", "Am", "Am", "Am", "Am", "Am", "Am", "Am", "Am", "Am", "Am", "Am", "Am", "Am", "Am", "Am", "Am", "Am", "Am", "Am", "Am", "Am", "Am", "Am", "Am", "D", "D", "D", "D", "D", "D", "D", "D", "D", "D", "D", "D", "D", "D", "D", "D", "D", "D", "D", "D", "D"]
