
metadata:
    version:
        essentia: "1.2.2"
    audio_properties:
        analysis_sample_rate: 44100
        bitrate: 128
        channels: 2
        equal_loudness: 1
        length: 10.0310201645
        replay_gain: -13.0513706207
        downmix: "mix"
    tags:
        track: 27
        year: 0
        album: "Splitted by Mp3Splt v. 2.1"
        artist: "From 004.20 To 004.30"
        comment: "http://mp3splt.sf.net"
        genre: ""
        title: "02 welcome to tackletown [prop"

highlevel:
    ballroom:
        all:
            ChaChaCha: 0.2859801054
            Jive: 0.164401739836
            Quickstep: 0.00275629130192
            Rumba-American: 0.000490709731821
            Rumba-International: 0.00111186178401
            Rumba-Misc: 0.000640549231321
            Samba: 0.543984591961
            Tango: 0.000254480517469
            VienneseWaltz: 0.000216805594391
            Waltz: 0.000162832540809
        probability: 0.543984591961
        value: "Samba"
    culture:
        all:
            non_western: 0.103401318192
            western: 0.896598696709
        probability: 0.896598696709
        value: "western"
    gender:
        all:
            female: 0.017391199246
            male: 0.982608795166
        probability: 0.982608795166
        value: "male"
    genre_dortmund:
        all:
            alternative: 0.0133530963212
            blues: 0.0496729463339
            electronic: 0.0688015818596
            folkcountry: 0.00919395312667
            funksoulrnb: 0.035073466599
            jazz: 0.0312594845891
            pop: 0.0231495648623
            raphiphop: 0.415168523788
            rock: 0.354327380657
        probability: 0.415168523788
        value: "raphiphop"
    genre_electronica:
        all:
            ambient: 0.0237575136125
            dnb: 0.804155111313
            house: 0.0383252389729
            techno: 0.0467016324401
            trance: 0.0870604738593
        probability: 0.804155111313
        value: "dnb"
    genre_rosamerica:
        all:
            cla: 0.00385367264971
            dan: 0.322138428688
            hip: 0.488785594702
            jaz: 0.00388012873009
            pop: 0.0303793661296
            rhy: 0.0584666803479
            roc: 0.0872372537851
            spe: 0.00525886844844
        probability: 0.488785594702
        value: "hip"
    genre_tzanetakis:
        all:
            blu: 0.000706331979018
            cla: 0.000681343779434
            cou: 0.00210781116039
            dis: 0.0394378267229
            hip: 0.657041251659
            jaz: 0.0014345117379
            met: 0.0349552482367
            pop: 0.210407793522
            reg: 0.0248187854886
            roc: 0.0284090805799
        probability: 0.657041251659
        value: "hip"
    live_studio:
        all:
            live: 0.010915549472
            studio: 0.989084422588
        probability: 0.989084422588
        value: "studio"
    mood:
        all:
            Cluster1: 0.308471471071
            Cluster2: 0.187885522842
            Cluster3: 0.0192167460918
            Cluster4: 0.107672929764
            Cluster5: 0.376753330231
        probability: 0.376753330231
        value: "Cluster5"
    mood_acoustic:
        all:
            acoustic: 0.0053965006955
            not_acoustic: 0.994603514671
        probability: 0.994603514671
        value: "not_acoustic"
    mood_aggressive:
        all:
            aggressive: 0.858829140663
            not_aggressive: 0.141170829535
        probability: 0.858829140663
        value: "aggressive"
    mood_electronic:
        all:
            electronic: 0.886583924294
            not_electronic: 0.113416090608
        probability: 0.886583924294
        value: "electronic"
    mood_happy:
        all:
            happy: 0.7864818573
            not_happy: 0.2135181427
        probability: 0.7864818573
        value: "happy"
    mood_party:
        all:
            not_party: 0.0644582211971
            party: 0.935541749001
        probability: 0.935541749001
        value: "party"
    mood_relaxed:
        all:
            not_relaxed: 0.259623497725
            relaxed: 0.740376532078
        probability: 0.740376532078
        value: "relaxed"
    mood_sad:
        all:
            not_sad: 0.952323079109
            sad: 0.0476769059896
        probability: 0.952323079109
        value: "not_sad"
    rhythm:
        all:
            fast: 0.650634407997
            medium: 0.339569449425
            slow: 0.00979616399854
        probability: 0.650634407997
        value: "fast"
    speech_music:
        all:
            music: 0.407206863165
            speech: 0.592793166637
        probability: 0.592793166637
        value: "speech"
    timbre:
        all:
            bright: 0.677814304829
            dark: 0.322185695171
        probability: 0.677814304829
        value: "bright"
    voice_instrumental:
        all:
            instrumental: 0.0114520965144
            voice: 0.988547921181
        probability: 0.988547921181
        value: "voice"

lowlevel:
    average_loudness: 0.969422459602
    barkbands_kurtosis:
        dmean: 1.57295084
        dmean2: 2.7291097641
        dvar: 9.26325798035
        dvar2: 24.4368495941
        max: 33.7536659241
        mean: -0.151867359877
        min: -1.88184809685
        var: 9.17584991455
    barkbands_skewness:
        dmean: 0.740665912628
        dmean2: 1.19254016876
        dvar: 0.529251992702
        dvar2: 1.28522717953
        max: 5.68623018265
        mean: 0.394988775253
        min: -3.28487420082
        var: 1.07231247425
    barkbands_spread:
        dmean: 9.45519447327
        dmean2: 14.4151582718
        dvar: 57.4633827209
        dvar2: 137.457183838
        max: 72.705871582
        mean: 37.3402023315
        min: 2.14170408249
        var: 164.637191772
    dissonance:
        dmean: 0.0237986873835
        dmean2: 0.0385951548815
        dvar: 0.000620353792328
        dvar2: 0.00138881313615
        max: 0.498668313026
        mean: 0.459651261568
        min: 0.232818499207
        var: 0.00139239232522
    hfc:
        dmean: 5.00319099426
        dmean2: 7.26143217087
        dvar: 33.282459259
        dvar2: 79.2820892334
        max: 42.5143432617
        mean: 7.40280056
        min: 0.0213001519442
        var: 52.8120880127
    pitch:
        dmean: 1301.60583496
        dmean2: 2446.27319336
        dvar: 2770793.5
        dvar2: 6208087.5
        max: 4900
        mean: 1277.74658203
        min: 89.634147644
        var: 2746995.5
    pitch_instantaneous_confidence:
        dmean: 0.125780895352
        dmean2: 0.200821653008
        dvar: 0.013479243964
        dvar2: 0.028523132205
        max: 0.919851064682
        mean: 0.412342250347
        min: 0.123685717583
        var: 0.0369128137827
    pitch_salience:
        dmean: 0.0877103358507
        dmean2: 0.146360352635
        dvar: 0.00632086396217
        dvar2: 0.0165243074298
        max: 0.861027419567
        mean: 0.656844735146
        min: 0.113085821271
        var: 0.0110886236653
    silence_rate_20dB:
        dmean: 0
        dmean2: 0
        dvar: 0
        dvar2: 0
        max: 1
        mean: 1
        min: 1
        var: 0
    silence_rate_30dB:
        dmean: 0
        dmean2: 0
        dvar: 0
        dvar2: 0
        max: 1
        mean: 1
        min: 1
        var: 0
    silence_rate_60dB:
        dmean: 0.212962970138
        dmean2: 0.424593955278
        dvar: 0.167609751225
        dvar2: 0.309279829264
        max: 1
        mean: 0.436489611864
        min: 0
        var: 0.245965853333
    spectral_centroid:
        dmean: 524.63684082
        dmean2: 829.36706543
        dvar: 231134.984375
        dvar2: 521229.5
        max: 4625.35791016
        mean: 1761.73278809
        min: 261.808654785
        var: 632269.875
    spectral_complexity:
        dmean: 6.45707654953
        dmean2: 9.11395359039
        dvar: 45.9047279358
        dvar2: 94.319519043
        max: 44
        mean: 12.0046300888
        min: 0
        var: 99.4074020386
    spectral_crest:
        dmean: 2.53096795082
        dmean2: 4.27968549728
        dvar: 6.08524608612
        dvar2: 16.7796096802
        max: 23.4820575714
        mean: 7.45207834244
        min: 2.49731683731
        var: 13.3862304688
    spectral_decrease:
        dmean: 5.19384202313e-10
        dmean2: 7.65344176923e-10
        dvar: 3.19100508477e-19
        dvar2: 7.6668491355e-19
        max: -2.01944407377e-12
        mean: -9.20974907448e-10
        min: -3.67764219078e-09
        var: 5.71171728485e-19
    spectral_energy:
        dmean: 0.00238503701985
        dmean2: 0.00347831728868
        dvar: 6.61632611809e-06
        dvar2: 1.58583879966e-05
        max: 0.016946721822
        mean: 0.00414742855355
        min: 9.55384075496e-06
        var: 1.17753015729e-05
    spectral_energyband_high:
        dmean: 0.000431421794929
        dmean2: 0.000632340088487
        dvar: 2.03281729227e-07
        dvar2: 4.36130818571e-07
        max: 0.00386540684849
        mean: 0.000667249143589
        min: 2.81416623693e-06
        var: 4.52043167343e-07
    spectral_energyband_low:
        dmean: 0.000292755197734
        dmean2: 0.000467259291327
        dvar: 1.86576144756e-07
        dvar2: 4.95476683682e-07
        max: 0.00300564337522
        mean: 0.000443251308752
        min: 3.71574326863e-10
        var: 2.60946421804e-07
    spectral_energyband_middle_high:
        dmean: 0.00107626791578
        dmean2: 0.00162130245008
        dvar: 2.2877243282e-06
        dvar2: 5.61151728107e-06
        max: 0.0105744833127
        mean: 0.00138282170519
        min: 2.77062281384e-06
        var: 2.80761446447e-06
    spectral_energyband_middle_low:
        dmean: 0.0011141798459
        dmean2: 0.00183782156091
        dvar: 1.94462722902e-06
        dvar2: 4.89162675876e-06
        max: 0.00826536398381
        mean: 0.00165404437575
        min: 3.96837049266e-06
        var: 2.50858101936e-06
    spectral_flatness_db:
        dmean: 0.0265794824809
        dmean2: 0.041390735656
        dvar: 0.000566427363083
        dvar2: 0.00127017917112
        max: 0.353476017714
        mean: 0.156088963151
        min: 0.0796037986875
        var: 0.00296916835941
    spectral_flux:
        dmean: 0.0142268966883
        dmean2: 0.0214018281549
        dvar: 0.000220179950702
        dvar2: 0.000470999715617
        max: 0.106005959213
        mean: 0.0446924902499
        min: 0.00476181413978
        var: 0.000433043023804
    spectral_kurtosis:
        dmean: 1.08307540417
        dmean2: 1.81199109554
        dvar: 1.20626366138
        dvar2: 3.01464939117
        max: 7.53081989288
        mean: 1.87798917294
        min: -0.834843635559
        var: 1.69905555248
    spectral_rms:
        dmean: 0.000574980454985
        dmean2: 0.000798477558419
        dvar: 2.55963442441e-07
        dvar2: 5.86248688705e-07
        max: 0.00406612688676
        mean: 0.00182348908857
        min: 9.65443978203e-05
        var: 7.2116137062e-07
    spectral_rolloff:
        dmean: 878.164794922
        dmean2: 1460.20178223
        dvar: 958979.8125
        dvar2: 1933670
        max: 5878.56445312
        mean: 3567.03344727
        min: 129.19921875
        var: 1758014.625
    spectral_skewness:
        dmean: 0.250386208296
        dmean2: 0.383385658264
        dvar: 0.0501795001328
        dvar2: 0.121052004397
        max: 1.98325991631
        mean: 0.974794149399
        min: -0.456000953913
        var: 0.138925179839
    spectral_spread:
        dmean: 826434.75
        dmean2: 1197646.125
        dvar: 679582629888
        dvar2: 1.31771950694e+12
        max: 12977292
        mean: 5401945.5
        min: 2610078
        var: 1.63918040269e+12
    spectral_strongpeak:
        dmean: 0.340049207211
        dmean2: 0.587016284466
        dvar: 0.331540942192
        dvar2: 0.904230773449
        max: 3.46229457855
        mean: 0.36035951972
        min: 0.0047786347568
        var: 0.269540965557
    zerocrossingrate:
        dmean: 0.0166038274765
        dmean2: 0.0188169963658
        dvar: 0.000147177823237
        dvar2: 0.000208791912883
        max: 0.20751953125
        mean: 0.0966209098697
        min: 0.02197265625
        var: 0.000826463510748
    barkbands:
        dmean: [8.80992729435e-07, 7.77244858909e-05, 0.000263041903963, 0.000394888920709, 0.000369932706235, 0.000184693737538, 0.000204599666176, 0.000146705715451, 0.000184673990589, 9.29882517084e-05, 6.72098030918e-05, 5.87503272982e-05, 4.72529318358e-05, 7.63282732805e-05, 7.14891502867e-05, 0.000123794612591, 0.000152496897499, 0.000281638465822, 0.000228606470046, 0.000234586419538, 0.000236487830989, 8.94347031135e-05, 1.93022897292e-05, 6.59048782836e-06, 2.94001870316e-06, 1.00281418725e-07, 2.36929276198e-09]
        dmean2: [1.28768772356e-06, 0.000126878017909, 0.000436907255789, 0.00067081436282, 0.000650421075989, 0.000319793500239, 0.000347707507899, 0.000253927544691, 0.000307512877043, 0.000148738108692, 0.000107034131361, 9.98998657451e-05, 7.72238272475e-05, 0.000125893522636, 0.000119434502267, 0.000199664442334, 0.000237341693719, 0.000478398491396, 0.000362742808647, 0.000336980010616, 0.000361292099115, 0.000131699591293, 2.95649006148e-05, 9.63583715929e-06, 4.43103363068e-06, 1.41098666973e-07, 2.57893217892e-09]
        dvar: [3.73487308789e-12, 9.95958515659e-09, 1.82971277241e-07, 6.22316406407e-07, 3.45495237752e-07, 9.02564494254e-08, 1.02313357786e-07, 1.18238965285e-07, 8.16046252794e-08, 2.21939409073e-08, 2.11398543115e-08, 2.88986292674e-08, 1.39215039496e-08, 2.22277218853e-08, 1.38158267049e-08, 3.42691137689e-08, 4.35044107405e-08, 3.12520768375e-07, 1.27054136101e-07, 6.50000302471e-08, 7.07780998255e-08, 1.24698233961e-08, 1.02136910041e-09, 8.7828182227e-11, 4.29890324727e-11, 1.99185913125e-14, 1.75574736312e-15]
        dvar2: [4.99853890917e-12, 2.61130814749e-08, 5.04225567965e-07, 1.63539891673e-06, 9.42330643738e-07, 2.27596572699e-07, 2.60955630438e-07, 3.15739356438e-07, 1.93964254436e-07, 5.05697421715e-08, 5.31447028607e-08, 7.48503481418e-08, 3.21074828946e-08, 5.38818980544e-08, 3.49556366075e-08, 8.35477749206e-08, 1.05865055389e-07, 8.26681798571e-07, 3.13144113306e-07, 1.49814511019e-07, 1.6528241531e-07, 2.45479707672e-08, 2.44361952895e-09, 1.68030006575e-10, 1.07102021696e-10, 3.7335182824e-14, 1.76282951147e-15]
        max: [3.60134908988e-05, 0.000703774741851, 0.00289389281534, 0.00592332147062, 0.00395738333464, 0.0019900072366, 0.00417020265013, 0.00287115667015, 0.00207985425368, 0.0013418259332, 0.00140652689151, 0.00176044623367, 0.00162684044335, 0.00117093452718, 0.00100188865326, 0.00124482589308, 0.00153672753368, 0.00471441680565, 0.00337624712847, 0.00181096617598, 0.00202080840245, 0.00136977655347, 0.000264732370852, 6.13681113464e-05, 8.47319170134e-05, 9.53775384005e-07, 8.718642448e-07]
        mean: [1.79256073807e-06, 0.000126161452499, 0.000315362442052, 0.000359091092832, 0.000433649518527, 0.000212819693843, 0.000274645310128, 0.000136260467116, 0.000221597991185, 0.000111816167191, 6.00857893005e-05, 6.20155624347e-05, 4.45473851869e-05, 6.78851647535e-05, 6.82328172843e-05, 0.000121199227578, 0.000187859564903, 0.000277283776086, 0.000252395257121, 0.000311288109515, 0.000347873050487, 0.000124824582599, 1.9049995899e-05, 6.81394840285e-06, 2.7736384709e-06, 1.04901722864e-07, 2.42185205224e-09]
        min: [7.00309059874e-13, 1.7345734224e-11, 1.64334185149e-10, 7.57315155031e-10, 1.24639043975e-07, 9.48439726756e-09, 1.61945393984e-07, 4.55890791784e-08, 3.259403627e-07, 9.64776347701e-08, 1.18273044691e-08, 4.08235116822e-08, 7.86172194012e-08, 7.95700572098e-08, 9.01307402046e-08, 1.56039178023e-07, 5.95236961942e-08, 3.34847158001e-07, 1.03731558454e-07, 3.12902841415e-07, 1.3171337514e-06, 1.99745798568e-07, 1.17873772965e-08, 3.86406817654e-09, 1.22124743651e-09, 1.13892555109e-10, 3.51985324568e-12]
        var: [6.18126730356e-12, 1.73798504477e-08, 1.9644149063e-07, 5.05098341819e-07, 3.0166862075e-07, 9.27122059124e-08, 2.11197644262e-07, 1.00791581303e-07, 1.15656320077e-07, 3.86301124422e-08, 2.04996553066e-08, 3.67134127544e-08, 1.3420955014e-08, 2.01613836737e-08, 1.27804549166e-08, 3.55710234601e-08, 6.10913772903e-08, 2.51067689305e-07, 1.37188450822e-07, 1.17637391384e-07, 1.33561286475e-07, 2.45287807843e-08, 1.03420749742e-09, 1.14215255309e-10, 3.78394642009e-11, 2.90617309135e-14, 1.75417696404e-15]
    mfcc:
        mean: [-733.143615723, 86.6669235229, -31.1513538361, 62.1367034912, -30.5705718994, -2.8902990818, -14.0910577774, -7.70251893997, 5.54498529434, -7.32127046585, -4.59751272202, -3.85234713554, -8.19300174713]
        cov: [[7604.14892578, 230.776031494, 1081.92651367, 561.921020508, 1240.19543457, 236.924697876, 705.650878906, 782.95135498, 118.162620544, 337.016815186, 31.0631942749, -91.4224395752, 217.817047119], [230.776031494, 1005.871521, 299.518951416, 148.646530151, 167.055099487, 85.6523742676, 285.989440918, 154.819473267, -5.33844614029, 44.3652610779, 57.5168609619, 44.5739440918, 108.175064087], [1081.92651367, 299.518951416, 991.569335938, 507.054168701, 603.172424316, 132.975326538, 221.753738403, 288.797821045, 85.9926834106, 67.6871261597, 17.1489276886, 86.934715271, 158.321090698], [561.921020508, 148.646530151, 507.054168701, 606.705627441, 438.306793213, 109.210990906, 46.5901985168, 161.0912323, 109.200912476, 54.9549827576, 11.5384197235, 95.0645675659, 116.461387634], [1240.19543457, 167.055099487, 603.172424316, 438.306793213, 714.789428711, 124.417434692, 169.103393555, 223.991638184, 73.5403213501, 130.955093384, -5.61221837997, 28.9836597443, 106.090126038], [236.924697876, 85.6523742676, 132.975326538, 109.210990906, 124.417434692, 187.888580322, 136.034072876, 74.3487091064, 36.2484817505, 26.0303916931, 23.3952770233, 16.7660942078, 19.8366413116], [705.650878906, 285.989440918, 221.753738403, 46.5901985168, 169.103393555, 136.034072876, 416.033111572, 196.939788818, -16.8953437805, 43.2485466003, 40.7176971436, -31.2013130188, 49.7588272095], [782.95135498, 154.819473267, 288.797821045, 161.0912323, 223.991638184, 74.3487091064, 196.939788818, 233.862579346, 29.8126354218, 35.1613311768, 14.3087692261, 8.67800998688, 62.4703216553], [118.162620544, -5.33844614029, 85.9926834106, 109.200912476, 73.5403213501, 36.2484817505, -16.8953437805, 29.8126354218, 137.051376343, 47.9389724731, 6.59175872803, 32.2451210022, 19.5450954437], [337.016815186, 44.3652610779, 67.6871261597, 54.9549827576, 130.955093384, 26.0303916931, 43.2485466003, 35.1613311768, 47.9389724731, 132.872390747, 32.4644622803, -1.53675282001, 10.5158576965], [31.0631942749, 57.5168609619, 17.1489276886, 11.5384197235, -5.61221837997, 23.3952770233, 40.7176971436, 14.3087692261, 6.59175872803, 32.4644622803, 80.8280258179, 25.4071769714, 5.1936006546], [-91.4224395752, 44.5739440918, 86.934715271, 95.0645675659, 28.9836597443, 16.7660942078, -31.2013130188, 8.67800998688, 32.2451210022, -1.53675282001, 25.4071769714, 107.875335693, 33.6160812378], [217.817047119, 108.175064087, 158.321090698, 116.461387634, 106.090126038, 19.8366413116, 49.7588272095, 62.4703216553, 19.5450954437, 10.5158576965, 5.1936006546, 33.6160812378, 99.9004592896]]
        icov: [[0.000249944976531, 9.43040213315e-05, 3.19618520734e-05, 0.000103610196675, -0.000289338000584, 8.27429103083e-05, -6.3213359681e-05, -0.000638336408883, 1.12705829451e-05, -0.000247382675298, -3.92032670788e-05, 0.000199135451112, -0.000138165181852], [9.43040213315e-05, 0.00143298902549, -0.000146445760038, -0.00011871989409, 8.60321670189e-05, 0.000232913254877, -0.0009963006014, -3.64999141311e-05, 0.00029838210321, -0.000370535068214, -0.000256084953435, -0.000394428672735, -0.000878691673279], [3.19618520734e-05, -0.000146445760038, 0.00295856408775, -0.00068430864485, -0.00167996319942, 0.000292721699225, -0.00032948088483, -0.0012213938171, -0.000319232611218, 0.00103056314401, -0.000330824492266, -0.000815466395579, -0.000902679865249], [0.000103610196675, -0.00011871989409, -0.00068430864485, 0.00457648886368, -0.00198222650215, -0.00107700144872, 0.00138309330214, -0.000977781834081, -0.00141528248787, 0.00098323286511, -0.000648585264571, -0.0010995878838, -0.00152946903836], [-0.000289338000584, 8.60321670189e-05, -0.00167996319942, -0.00198222650215, 0.00526430876926, -0.000868105271365, 3.58490433428e-05, -0.000254744314589, 0.00140593061224, -0.00371226062998, 0.00255544972606, 0.000478863104945, 5.59659201826e-05], [8.27429103083e-05, 0.000232913254877, 0.000292721699225, -0.00107700144872, -0.000868105271365, 0.00870069302619, -0.00359104783274, 0.000846550334245, -0.00208938377909, 0.000960382865742, -0.000977473100647, -0.00115644733887, 0.00156018859707], [-6.3213359681e-05, -0.0009963006014, -0.00032948088483, 0.00138309330214, 3.58490433428e-05, -0.00359104783274, 0.00704824039713, -0.00435380404815, 0.00163385621272, -0.000408391177189, -0.00185486802366, 0.00261052022688, -0.00104532274418], [-0.000638336408883, -3.64999141311e-05, -0.0012213938171, -0.000977781834081, -0.000254744314589, 0.000846550334245, -0.00435380404815, 0.0124490913004, -0.00158019608352, 0.00147467118222, 7.36308575142e-05, -0.000291347998427, -0.000758765672799], [1.12705829451e-05, 0.00029838210321, -0.000319232611218, -0.00141528248787, 0.00140593061224, -0.00208938377909, 0.00163385621272, -0.00158019608352, 0.0110585037619, -0.00491922348738, 0.00186875055078, -0.0018064113101, -0.000230715319049], [-0.000247382675298, -0.000370535068214, 0.00103056314401, 0.00098323286511, -0.00371226062998, 0.000960382865742, -0.000408391177189, 0.00147467118222, -0.00491922348738, 0.0138875897974, -0.00639389967546, 0.00191254517995, 0.00038339625462], [-3.92032670788e-05, -0.000256084953435, -0.000330824492266, -0.000648585264571, 0.00255544972606, -0.000977473100647, -0.00185486802366, 7.36308575142e-05, 0.00186875055078, -0.00639389967546, 0.0181718878448, -0.0054714595899, 0.00120514782611], [0.000199135451112, -0.000394428672735, -0.000815466395579, -0.0010995878838, 0.000478863104945, -0.00115644733887, 0.00261052022688, -0.000291347998427, -0.0018064113101, 0.00191254517995, -0.0054714595899, 0.0149838058278, -0.00343528902158], [-0.000138165181852, -0.000878691673279, -0.000902679865249, -0.00152946903836, 5.59659201826e-05, 0.00156018859707, -0.00104532274418, -0.000758765672799, -0.000230715319049, 0.00038339625462, 0.00120514782611, -0.00343528902158, 0.016200248152]]
    spectral_contrast:
        mean: [1.66756322528e-07, -1.42569959394e-07, -3.92065231836e-07, -1.11888056153e-07, 1.79827182478e-07, -7.55923466045e-08, -4.15245676777e-06, -1.09133759452e-06, -2.9627440199e-06, 2.28374096878e-06, 1.68327929373e-08, -2.2470399017e-06]
        var: [0.000518836954143, 0.00150151120033, 0.00229874136858, 0.00320717645809, 0.0046888939105, 0.00782440043986, 0.0661493614316, 0.131091997027, 0.170650571585, 0.384481847286, 1.06244587898, 7.33450651169]

rhythm:
    beats_loudness:
        dmean: 0.00244717788883
        dmean2: 0.00318783707917
        dvar: 2.85986243398e-06
        dvar2: 4.52036192655e-06
        max: 0.012069940567
        mean: 0.00644894875586
        min: 0.000627923349384
        var: 1.0956719052e-05
    beats_loudness_bass:
        dmean: 0.17860403657
        dmean2: 0.316492557526
        dvar: 0.0191870536655
        dvar2: 0.0548490546644
        max: 0.495279669762
        mean: 0.182572677732
        min: 2.18081640924e-05
        var: 0.0223519597203
    bpm: 124.731300354
    bpm_confidence: 0
    first_peak_bpm: 125
    first_peak_spread: 0
    first_peak_weight: 0.949999988079
    onset_rate: 7.37711620331
    second_peak_bpm: 146
    second_peak_spread: 0
    second_peak_weight: 0.0500000007451
    beats_position: [0.253095090389, 0.734307408333, 1.21551978588, 1.69673216343, 2.17794466019, 2.65915703773, 3.14036941528, 3.62158203125, 4.10279417038, 4.58400678635, 5.06521940231, 5.54643154144, 5.95751142502, 6.4383893013, 6.91926717758, 7.40014505386, 7.88102293015, 8.36190128326, 8.84277915955, 9.32365608215, 9.80453491211]
    bpm_estimates: [124.604759216, 124.81073761, 124.417938232, 124.586891174, 125.188476562, 124.946495056, 124.570358276, 124.359283447, 124.658218384, 124.698310852, 124.69039917, 125.018943787, 124.977790833, 124.772239685, 124.793937683, 124.717277527, 124.62020874]
    bpm_intervals: [0.481212317944, 0.481212377548, 0.481212377548, 0.481212496758, 0.481212377548, 0.481212377548, 0.481212615967, 0.48121213913, 0.481212615967, 0.481212615967, 0.48121213913, 0.411079883575, 0.480877876282, 0.480877876282, 0.480877876282, 0.480877876282, 0.480878353119, 0.480877876282, 0.480876922607, 0.480878829956]
    onset_times: [0.0348299331963, 0.150929704309, 0.255419492722, 0.394739240408, 0.510838985443, 0.615328788757, 0.731428563595, 0.882358253002, 0.975238084793, 1.11455786228, 1.48607707024, 1.57895696163, 1.72988665104, 1.95047616959, 2.10140585899, 2.31038546562, 2.46131515503, 2.65868473053, 2.82122445107, 2.94893431664, 3.15791392326, 3.40172338486, 3.52943301201, 3.66875290871, 3.77324271202, 3.90095233917, 4.00544214249, 4.13315200806, 4.27247142792, 4.37696123123, 4.49306106567, 4.62077093124, 4.73687076569, 4.85297060013, 5.00390005112, 5.10838985443, 5.27092981339, 5.3754196167, 5.46829938889, 5.59600925446, 5.72371864319, 5.8282084465, 5.95591831207, 6.07201814651, 6.17650794983, 6.31582784653, 6.43192720413, 6.5596370697, 6.68734693527, 6.79183673859, 6.93115663528, 7.0356464386, 7.26784563065, 7.39555549622, 7.54648542404, 7.65097522736, 7.77868461609, 7.8831744194, 8.01088428497, 8.16181373596, 8.25469398499, 8.37079334259, 8.498503685, 8.6146030426, 8.73070335388, 8.88163280487, 8.97451210022, 9.13705253601, 9.24154186249, 9.34603214264, 9.47374153137, 9.70594120026, 9.82204055786, 9.94975090027]
    rubato_start: []
    rubato_stop: []
    perceptual_tempo: "unknown"

sfx:
    inharmonicity:
        dmean: 0.0473351255059
        dmean2: 0.0831024870276
        dvar: 0.00209475168958
        dvar2: 0.00564005132765
        max: 0.258442610502
        mean: 0.0528907477856
        min: 0
        var: 0.00262134056538
    oddtoevenharmonicenergyratio:
        dmean: 4.48707294464
        dmean2: 8.55833911896
        dvar: 1061.11730957
        dvar2: 3152.1496582
        max: 478.86541748
        mean: 2.64704251289
        min: 0
        var: 549.417724609
    pitch_after_max_to_before_max_energy_ratio: 17.7122249603
    pitch_centroid: 229.645507812
    pitch_max_to_total: 0.0277777779847
    pitch_min_to_total: 0.388888895512
    tristimulus:
        dmean: [0.236097186804, 0.249987155199, 0.172204300761]
        dmean2: [0.40658941865, 0.435584723949, 0.301655292511]
        dvar: [0.0324068553746, 0.0399662964046, 0.0208720359951]
        dvar2: [0.0937153398991, 0.118278257549, 0.0593408867717]
        max: [1, 0.989284873009, 0.798081994057]
        mean: [0.38150909543, 0.402125418186, 0.171625420451]
        min: [0.00131275923923, 0, 0]
        var: [0.0553313158453, 0.0572787486017, 0.026610435918]

tonal:
    chords_changes_rate: 0.0875576063991
    chords_number_rate: 0.0322580635548
    chords_strength:
        dmean: 0.0156972520053
        dmean2: 0.0204525925219
        dvar: 0.000145392827108
        dvar2: 0.000224806950428
        max: 0.78233641386
        mean: 0.505190193653
        min: 0.291030168533
        var: 0.0184237528592
    key_strength: 0.694063603878
    tuning_diatonic_strength: 0.64408159256
    tuning_equal_tempered_deviation: 0.236523121595
    tuning_frequency: 450.024475098
    tuning_nontempered_energy_ratio: 0.900979816914
    hpcp:
        dmean: [0.242533296347, 0.217822670937, 0.193427845836, 0.181860372424, 0.175148099661, 0.204546436667, 0.226050302386, 0.224720582366, 0.196285784245, 0.172298491001, 0.180667966604, 0.228251516819, 0.215089187026, 0.19947488606, 0.200263023376, 0.222306698561, 0.229084119201, 0.19430693984, 0.205139920115, 0.235642999411, 0.232633784413, 0.271806389093, 0.23204113543, 0.161723539233, 0.142181769013, 0.135150656104, 0.13441696763, 0.163346424699, 0.205374121666, 0.228830233216, 0.222890719771, 0.189928650856, 0.187116995454, 0.233612671494, 0.235315352678, 0.232778385282]
        dmean2: [0.397414088249, 0.364387124777, 0.316042631865, 0.301846176386, 0.295459777117, 0.341306328773, 0.37576687336, 0.37885800004, 0.335679262877, 0.306968361139, 0.315967231989, 0.398819535971, 0.362177371979, 0.347740620375, 0.333070397377, 0.375767886639, 0.38099732995, 0.336124002934, 0.366288542747, 0.413429647684, 0.410992741585, 0.471996814013, 0.41485580802, 0.288166582584, 0.242856875062, 0.232001960278, 0.241213038564, 0.29673987627, 0.359915018082, 0.376668572426, 0.384678483009, 0.333761304617, 0.323673218489, 0.411508440971, 0.407694041729, 0.392833203077]
        dvar: [0.0561803728342, 0.0449267923832, 0.0356398485601, 0.0402053669095, 0.0404068306088, 0.0439418628812, 0.0551409684122, 0.052382145077, 0.0450816452503, 0.0353503040969, 0.0346805676818, 0.0477208197117, 0.0417394302785, 0.0360817424953, 0.0364052206278, 0.0442369058728, 0.0459775030613, 0.0424422025681, 0.0608558170497, 0.0611408688128, 0.0694500207901, 0.0631320998073, 0.0687070041895, 0.0399518981576, 0.0295508466661, 0.0343085676432, 0.0232861042023, 0.0365756563842, 0.0512191727757, 0.0565849877894, 0.0584894381464, 0.0499772168696, 0.0418758131564, 0.0593315176666, 0.0557984262705, 0.0565724596381]
        dvar2: [0.129849806428, 0.104823060334, 0.0893942564726, 0.110174283385, 0.095681220293, 0.106894083321, 0.147588431835, 0.130461603403, 0.123141609132, 0.0972917228937, 0.0885280072689, 0.125870004296, 0.121268212795, 0.0999689027667, 0.0970210209489, 0.11484181881, 0.120841391385, 0.113187283278, 0.16627985239, 0.170931831002, 0.166832894087, 0.164483577013, 0.201560407877, 0.111212782562, 0.0800955221057, 0.0963430702686, 0.059505045414, 0.103313677013, 0.11804394424, 0.121501691639, 0.167184635997, 0.135674744844, 0.117023520172, 0.15921625495, 0.133101820946, 0.128153428435]
        max: [1, 1, 1, 1, 1, 1, 1, 1, 1, 1, 1, 1, 1, 1, 1, 1, 1, 1, 1, 1, 1, 1, 1, 1, 1, 1, 0.84339761734, 1, 1, 1, 1, 1, 1, 1, 1, 1]
        mean: [0.343804627657, 0.276396691799, 0.207744196057, 0.207219719887, 0.237119063735, 0.257352381945, 0.257446199656, 0.249011784792, 0.234393939376, 0.212718144059, 0.227776050568, 0.272644430399, 0.276761800051, 0.250713467598, 0.250524014235, 0.2801399827, 0.277154266834, 0.213884428144, 0.184076830745, 0.22242705524, 0.303560644388, 0.330349802971, 0.245173305273, 0.161343321204, 0.147461652756, 0.146257162094, 0.139165699482, 0.174543976784, 0.250947058201, 0.270264238119, 0.236178338528, 0.204421728849, 0.201840609312, 0.241526648402, 0.284158051014, 0.334071069956]
        min: [0.00366549403407, 0.00222745840438, 0.00169000658207, 0.00226584961638, 0.00336737255566, 0.0017086409498, 0.000771197432186, 0.000956255127676, 0.000673235685099, 0.00102575309575, 0.000993756693788, 0.0027239616029, 0.00429883226752, 0.00494866445661, 0.00490889791399, 0.00498319789767, 0.0021063326858, 0.00155540648848, 0.000559856882319, 0.000124206460896, 0.0018611777341, 0.00434268079698, 0.00605642283335, 0.000324131862726, 0.000536326144356, 0.000175236695213, 0.000511842081323, 0.000130392087158, 0.000408389052609, 0.000796828477178, 0.000497734348755, 0.000237248939811, 0.000321020372212, 0.00116499233991, 0.000456756097265, 0.00626575155184]
        var: [0.0859820917249, 0.0589010044932, 0.0432540886104, 0.0439869016409, 0.0500253811479, 0.0574764795601, 0.0652531385422, 0.0660938993096, 0.0537138953805, 0.0415970012546, 0.0435623116791, 0.0567005500197, 0.0511630177498, 0.0474776178598, 0.0471652261913, 0.06173857674, 0.0627054050565, 0.0414158217609, 0.053301025182, 0.0663028880954, 0.0909221023321, 0.0920927599072, 0.071854762733, 0.0363037250936, 0.0336990952492, 0.0361412428319, 0.0247762463987, 0.0329454615712, 0.0708282068372, 0.0935857072473, 0.071933798492, 0.0557185448706, 0.0493856519461, 0.0676000490785, 0.0768226161599, 0.0845749229193]
    chords_histogram: [29.4930877686, 0, 0, 20.2764968872, 0.921658992767, 0, 0, 0, 0, 0, 29.9539165497, 0, 0, 0, 0, 0, 0, 11.520737648, 3.68663597107, 0, 1.38248848915, 2.30414748192, 0.460829496384, 0]
    thpcp: [1, 0.803935348988, 0.604250729084, 0.602725207806, 0.689691305161, 0.748542547226, 0.74881541729, 0.724282801151, 0.681764960289, 0.618718087673, 0.662515938282, 0.793021380901, 0.804997324944, 0.729232370853, 0.728681325912, 0.814823210239, 0.8061388731, 0.622110366821, 0.535411119461, 0.646957695484, 0.882945179939, 0.960864901543, 0.713118135929, 0.46928781271, 0.428911179304, 0.425407767296, 0.404781341553, 0.507683634758, 0.729911804199, 0.786098301411, 0.686955094337, 0.594586908817, 0.587079405785, 0.702511310577, 0.826510250568, 0.971688687801]
    chords_key: "G#"
    chords_scale: "major"
    key_key: "A"
    key_scale: "major"
    chords_progression: ["A", "A", "A", "A", "A", "A", "A", "A", "A", "A", "A", "A", "A", "A", "A", "A", "A", "A", "A", "A", "A", "A", "A", "A", "A", "A", "A", "A", "A", "A", "A", "A", "A", "A", "A", "A", "A", "A", "A", "A", "A", "A", "A", "A", "A", "A", "A", "A", "A", "A", "A", "A", "A", "A", "A", "A", "A", "A", "A", "A", "A", "A", "A", "A", "Am", "Am", "Am", "Am", "Am", "Am", "Am", "Am", "Am", "Am", "Am", "Am", "Am", "Am", "D", "Am", "Am", "C", "C", "C", "C", "C", "Am", "Am", "Am", "Am", "Am", "Am", "Am", "Am", "Am", "C", "C", "C", "B", "B", "G#", "G#", "G#", "G#", "G#", "G#", "G#", "G#", "G#", "G#", "G#", "G#", "G#", "G#", "G#", "G#", "G#", "G#", "G#m", "G#m", "G#m", "G#m", "G#m", "G#", "G#m", "G#m", "G#m", "G#m", "G#m", "G#m", "G", "G", "G", "G#m", "G#m", "G#m", "G#m", "G#m", "G#m", "G#m", "G#m", "G#m", "G#m", "G#m", "G#m", "G#m", "G#m", "G#m", "G#m", "G#m", "G#m", "G#m", "G#m", "G#m", "G#m", "G#m", "G#m", "G#m", "G#m", "G#m", "G#m", "Bm", "Bm", "Bm", "Bm", "Bm", "G#m", "G#m", "G#", "G#m", "G#", "G#", "G#", "G#", "G#", "G#", "G#", "G#", "G#", "G#", "G#", "G#", "G#", "G#", "G#", "G#", "G#", "G#", "G#", "G#", "G#", "G#", "G#", "G#", "G#", "G#", "G#", "G#", "G#", "G#", "G#", "G#", "G#", "G#", "G#", "G#", "G#", "G#", "G#", "G#", "G#", "G#", "G#", "G#", "G#", "G#m", "G#m"]
