
metadata:
    version:
        essentia: "1.2.2"
    audio_properties:
        analysis_sample_rate: 44100
        bitrate: 128
        channels: 2
        equal_loudness: 1
        length: 10.0571432114
        replay_gain: -2.25082969666
        downmix: "mix"
    tags:
        track: 3
        year: 0
        album: "Splitted by Mp3Splt v. 2.1"
        artist: "From 000.20 To 000.30"
        comment: "http://mp3splt.sf.net"
        genre: ""
        title: "05 Universal Highness.mp3"

highlevel:
    ballroom:
        all:
            ChaChaCha: 0.00562544632703
            Jive: 0.0011491344776
            Quickstep: 0.000723172910511
            Rumba-American: 0.00536204129457
            Rumba-International: 0.826905965805
            Rumba-Misc: 0.152915239334
            Samba: 0.00160511350259
            Tango: 0.000126974395243
            VienneseWaltz: 0.00356314028613
            Waltz: 0.00202377839014
        probability: 0.826905965805
        value: "Rumba-International"
    culture:
        all:
            non_western: 0.966613054276
            western: 0.0333869569004
        probability: 0.966613054276
        value: "non_western"
    gender:
        all:
            female: 0.719591021538
            male: 0.28040894866
        probability: 0.719591021538
        value: "female"
    genre_dortmund:
        all:
            alternative: 0.0252159237862
            blues: 0.0103103034198
            electronic: 0.411666333675
            folkcountry: 0.0229352414608
            funksoulrnb: 0.0471894852817
            jazz: 0.365999251604
            pop: 0.0664698183537
            raphiphop: 0.00842384062707
            rock: 0.0417898073792
        probability: 0.411666333675
        value: "electronic"
    genre_electronica:
        all:
            ambient: 0.707457244396
            dnb: 0.0280104223639
            house: 0.205953627825
            techno: 0.0521968044341
            trance: 0.00638192892075
        probability: 0.707457244396
        value: "ambient"
    genre_rosamerica:
        all:
            cla: 0.0309380069375
            dan: 0.191600978374
            hip: 0.0399632565677
            jaz: 0.0445786640048
            pop: 0.175451621413
            rhy: 0.447544693947
            roc: 0.0589012280107
            spe: 0.0110215684399
        probability: 0.447544693947
        value: "rhy"
    genre_tzanetakis:
        all:
            blu: 0.175754725933
            cla: 0.075334995985
            cou: 0.0689275562763
            dis: 0.0529130809009
            hip: 0.0995788499713
            jaz: 0.0403270497918
            met: 0.0331266634166
            pop: 0.190497249365
            reg: 0.135268002748
            roc: 0.128271833062
        probability: 0.190497249365
        value: "pop"
    live_studio:
        all:
            live: 0.0181261301041
            studio: 0.981873869896
        probability: 0.981873869896
        value: "studio"
    mood:
        all:
            Cluster1: 0.0189244095236
            Cluster2: 0.00452782819048
            Cluster3: 0.970127046108
            Cluster4: 0.00544044235721
            Cluster5: 0.000980273936875
        probability: 0.970127046108
        value: "Cluster3"
    mood_acoustic:
        all:
            acoustic: 0.33384463191
            not_acoustic: 0.666155338287
        probability: 0.666155338287
        value: "not_acoustic"
    mood_aggressive:
        all:
            aggressive: 0.00683535216376
            not_aggressive: 0.993164658546
        probability: 0.993164658546
        value: "not_aggressive"
    mood_electronic:
        all:
            electronic: 0.906241416931
            not_electronic: 0.0937585830688
        probability: 0.906241416931
        value: "electronic"
    mood_happy:
        all:
            happy: 0.0652582198381
            not_happy: 0.934741795063
        probability: 0.934741795063
        value: "not_happy"
    mood_party:
        all:
            not_party: 0.960918903351
            party: 0.0390810966492
        probability: 0.960918903351
        value: "not_party"
    mood_relaxed:
        all:
            not_relaxed: 0.267878383398
            relaxed: 0.732121646404
        probability: 0.732121646404
        value: "relaxed"
    mood_sad:
        all:
            not_sad: 0.170415490866
            sad: 0.829584479332
        probability: 0.829584479332
        value: "sad"
    rhythm:
        all:
            fast: 0.00110381364357
            medium: 0.847436308861
            slow: 0.151459887624
        probability: 0.847436308861
        value: "medium"
    speech_music:
        all:
            music: 0.999999880791
            speech: 1.00000008274e-07
        probability: 0.999999880791
        value: "music"
    timbre:
        all:
            bright: 0.261581629515
            dark: 0.738418340683
        probability: 0.738418340683
        value: "dark"
    voice_instrumental:
        all:
            instrumental: 0.991878569126
            voice: 0.00812143180519
        probability: 0.991878569126
        value: "instrumental"

lowlevel:
    average_loudness: 0.98155862093
    barkbands_kurtosis:
        dmean: 11.7680454254
        dmean2: 18.9700965881
        dvar: 194.622314453
        dvar2: 453.698394775
        max: 202.890472412
        mean: 25.4704990387
        min: -1.34102118015
        var: 449.170074463
    barkbands_skewness:
        dmean: 1.11056995392
        dmean2: 1.74489355087
        dvar: 0.858955919743
        dvar2: 1.96649765968
        max: 12.0042791367
        mean: 2.67581295967
        min: -0.776361525059
        var: 2.90147948265
    barkbands_spread:
        dmean: 4.14621162415
        dmean2: 6.83027267456
        dvar: 70.4755325317
        dvar2: 161.550003052
        max: 81.674987793
        mean: 5.49227619171
        min: 0.555811464787
        var: 67.4913406372
    dissonance:
        dmean: 0.0539743490517
        dmean2: 0.0880097821355
        dvar: 0.00250797602348
        dvar2: 0.0057372841984
        max: 0.495256364346
        mean: 0.353774040937
        min: 0.0506222546101
        var: 0.00572704058141
    hfc:
        dmean: 1.06693148613
        dmean2: 1.7452340126
        dvar: 6.70627069473
        dvar2: 17.1125469208
        max: 22.6932201385
        mean: 1.58552265167
        min: 8.29540149425e-05
        var: 5.5022687912
    pitch:
        dmean: 223.780548096
        dmean2: 435.168792725
        dvar: 580276.125
        dvar2: 1694069.375
        max: 4009.09082031
        mean: 339.787872314
        min: 55.4020118713
        var: 312899.4375
    pitch_instantaneous_confidence:
        dmean: 0.0817228928208
        dmean2: 0.122168257833
        dvar: 0.00607150094584
        dvar2: 0.0147941419855
        max: 0.876379668713
        mean: 0.532020449638
        min: 0.0472295284271
        var: 0.0224674530327
    pitch_salience:
        dmean: 0.0584164336324
        dmean2: 0.0923842862248
        dvar: 0.00342464330606
        dvar2: 0.00846052542329
        max: 0.869690656662
        mean: 0.560571074486
        min: 0.318485230207
        var: 0.0090746153146
    silence_rate_20dB:
        dmean: 0
        dmean2: 0
        dvar: 0
        dvar2: 0
        max: 1
        mean: 1
        min: 1
        var: 0
    silence_rate_30dB:
        dmean: 0
        dmean2: 0
        dvar: 0
        dvar2: 0
        max: 1
        mean: 1
        min: 1
        var: 0
    silence_rate_60dB:
        dmean: 0.138248845935
        dmean2: 0.277136266232
        dvar: 0.11913587153
        dvar2: 0.232664510608
        max: 1
        mean: 0.439080446959
        min: 0
        var: 0.246289417148
    spectral_centroid:
        dmean: 122.359611511
        dmean2: 199.495437622
        dvar: 72788.625
        dvar2: 175357.0625
        max: 2883.87402344
        mean: 349.632873535
        min: 132.881240845
        var: 68768
    spectral_complexity:
        dmean: 1.29330253601
        dmean2: 2.25231480598
        dvar: 9.06176662445
        dvar2: 24.6886882782
        max: 23
        mean: 4.7695851326
        min: 0
        var: 7.34783124924
    spectral_crest:
        dmean: 1.83487439156
        dmean2: 2.82892179489
        dvar: 3.33668828011
        dvar2: 7.50275564194
        max: 24.8367519379
        mean: 12.1844491959
        min: 4.29064702988
        var: 13.6855096817
    spectral_decrease:
        dmean: 2.92917884392e-10
        dmean2: 4.32520880222e-10
        dvar: 2.65023937823e-19
        dvar2: 6.03464187515e-19
        max: -2.77366986394e-14
        mean: -1.06587727533e-09
        min: -4.98734564758e-09
        var: 5.04209389948e-19
    spectral_energy:
        dmean: 0.00118928973097
        dmean2: 0.00177548534703
        dvar: 4.50444531452e-06
        dvar2: 1.03534875961e-05
        max: 0.0207152366638
        mean: 0.00416667386889
        min: 1.12208716985e-07
        var: 7.97404936748e-06
    spectral_energyband_high:
        dmean: 4.6209723223e-05
        dmean2: 7.99790796009e-05
        dvar: 1.39272477995e-08
        dvar2: 3.64040708689e-08
        max: 0.000845365924761
        mean: 3.15277466143e-05
        min: 3.34012750791e-09
        var: 9.9574322121e-09
    spectral_energyband_low:
        dmean: 0.000153303495608
        dmean2: 0.000212327504414
        dvar: 1.90654930066e-07
        dvar2: 3.6932567582e-07
        max: 0.00543817970902
        mean: 0.00106340367347
        min: 3.36334586848e-08
        var: 1.21230357308e-06
    spectral_energyband_middle_high:
        dmean: 0.000171570267412
        dmean2: 0.000308608810883
        dvar: 4.19375140837e-07
        dvar2: 1.12240866201e-06
        max: 0.00681545818225
        mean: 0.00012139458704
        min: 1.74781540352e-08
        var: 2.7871035968e-07
    spectral_energyband_middle_low:
        dmean: 0.000961140496656
        dmean2: 0.00139478046913
        dvar: 2.79506025436e-06
        dvar2: 6.34539719613e-06
        max: 0.0186905618757
        mean: 0.00295023084618
        min: 5.0944500174e-08
        var: 4.76452578368e-06
    spectral_flatness_db:
        dmean: 0.0664008259773
        dmean2: 0.0899520814419
        dvar: 0.00515058496967
        dvar2: 0.00934487208724
        max: 0.635466217995
        mean: 0.410815536976
        min: 0.0537587255239
        var: 0.0140824578702
    spectral_flux:
        dmean: 0.0089761512354
        dmean2: 0.0142093105242
        dvar: 0.00016811194655
        dvar2: 0.000350688729668
        max: 0.119155816734
        mean: 0.0204407218844
        min: 0.00304125552066
        var: 0.00028616641066
    spectral_kurtosis:
        dmean: 21.3139629364
        dmean2: 30.5096225739
        dvar: 452.889984131
        dvar2: 951.361816406
        max: 203.645812988
        mean: 38.6639900208
        min: -1.53625655174
        var: 1364.61999512
    spectral_rms:
        dmean: 0.000260920467554
        dmean2: 0.000364519160939
        dvar: 1.37162047054e-07
        dvar2: 2.95304204201e-07
        max: 0.00449555180967
        mean: 0.00191816780716
        min: 1.04628825284e-05
        var: 3.85682540127e-07
    spectral_rolloff:
        dmean: 207.922058105
        dmean2: 387.547332764
        dvar: 727147.5
        dvar2: 1923176.125
        max: 9754.54101562
        mean: 492.088562012
        min: 193.798828125
        var: 496653.78125
    spectral_skewness:
        dmean: 1.5350009203
        dmean2: 2.03704428673
        dvar: 1.61261534691
        dvar2: 3.24206376076
        max: 11.9530982971
        mean: 4.61648464203
        min: -0.201061114669
        var: 6.17443943024
    spectral_spread:
        dmean: 3130521.5
        dmean2: 3849724.25
        dvar: 1.77730842788e+13
        dvar2: 2.96938687693e+13
        max: 33155808
        mean: 5617791.5
        min: 578184
        var: 3.9164795945e+13
    spectral_strongpeak:
        dmean: 0.149997845292
        dmean2: 0.248469054699
        dvar: 0.0381095595658
        dvar2: 0.0879582241178
        max: 1.69938921928
        mean: 0.37017261982
        min: 0
        var: 0.0701652318239
    zerocrossingrate:
        dmean: 0.00772228650749
        dmean2: 0.0108473040164
        dvar: 0.000121443190437
        dvar2: 0.000178722839337
        max: 0.1201171875
        mean: 0.0234870035201
        min: 0.00048828125
        var: 0.000222315749852
    barkbands:
        dmean: [3.97486616066e-07, 3.81185382139e-05, 0.000134723493829, 9.51122201513e-05, 0.000354876829078, 0.000565562804695, 6.45915642963e-05, 6.39500376565e-06, 0.000138423056342, 5.05674288434e-05, 2.08573565033e-05, 1.12209227154e-05, 6.64356548441e-06, 5.69308349441e-06, 1.09736811282e-05, 1.80978822755e-05, 8.82881431608e-06, 1.58168932103e-05, 5.33470811206e-05, 3.29194081132e-05, 1.1715288565e-05, 3.22221421811e-06, 1.97412146008e-06, 3.68973087461e-06, 1.39425983434e-05, 2.01150237444e-06, 4.9223705112e-09]
        dmean2: [5.40511109648e-07, 5.4717023886e-05, 0.000179414666491, 0.000131718872581, 0.000573171535507, 0.00076011143392, 6.44242900307e-05, 1.12602356239e-05, 0.000192948064068, 8.24206435937e-05, 3.73436232621e-05, 2.02953215194e-05, 1.23515737869e-05, 1.07953846964e-05, 2.11104634218e-05, 3.31660594384e-05, 1.64523153217e-05, 2.80436779576e-05, 9.23585539567e-05, 5.97649996052e-05, 2.17795150093e-05, 5.72884528083e-06, 3.30341913468e-06, 6.74600687489e-06, 2.47014559136e-05, 3.70493739865e-06, 8.5921465498e-09]
        dvar: [1.21874569898e-12, 5.45289902121e-09, 1.55551077796e-07, 2.45532518761e-08, 3.35499947823e-07, 1.27289456486e-06, 8.38778824175e-09, 3.19223980583e-10, 1.29657635739e-07, 2.9853477912e-08, 6.59816157267e-09, 1.86806725644e-09, 4.90570140066e-10, 4.37089031635e-10, 5.64151836357e-09, 2.10224655461e-08, 1.30278943189e-09, 3.14131254342e-09, 3.7219855642e-08, 1.49535246408e-08, 2.07835348931e-09, 9.18682629969e-11, 2.27198468372e-11, 6.22981319309e-11, 8.00826183145e-10, 1.83957831607e-11, 5.36776848895e-16]
        dvar2: [1.82944046197e-12, 1.11641380585e-08, 3.11997979452e-07, 4.24308836955e-08, 1.02533397239e-06, 2.52625136454e-06, 1.32451454249e-08, 9.38463307065e-10, 2.59328970742e-07, 7.50521422788e-08, 1.83228632267e-08, 5.13428988214e-09, 1.3779024588e-09, 1.25661514527e-09, 1.67375535653e-08, 5.86378376966e-08, 3.65896357657e-09, 8.68640270824e-09, 9.77066108021e-08, 3.83389817671e-08, 5.74039304979e-09, 2.28101190713e-10, 5.86842172079e-11, 1.67026045772e-10, 2.14597495329e-09, 5.06008117351e-11, 1.3558708379e-15]
        max: [2.85818368866e-05, 0.00192371988669, 0.00496781105176, 0.00171056413092, 0.00671701831743, 0.0149358492345, 0.00118460855447, 0.000144574471051, 0.00408736523241, 0.00136389653198, 0.000794103194494, 0.000409706379287, 0.000159701623488, 0.000173185369931, 0.0010254898807, 0.00221850629896, 0.000274889782304, 0.000416949013015, 0.00169721618295, 0.000772609608248, 0.000338818994351, 6.15589233348e-05, 3.63017279597e-05, 3.85065650335e-05, 0.000107103674964, 1.74216693267e-05, 3.28813143824e-07]
        mean: [5.22897653354e-06, 0.000335535907652, 0.000722763012163, 0.000321536936099, 0.000960071047302, 0.00130462716334, 0.000164641896845, 5.82665325055e-06, 0.000161673844559, 3.89649176213e-05, 1.28057426991e-05, 6.85672421241e-06, 3.86284455089e-06, 3.25962196257e-06, 5.96069048697e-06, 1.09088787212e-05, 5.48691332369e-06, 1.12921006803e-05, 3.74597912014e-05, 2.3539938411e-05, 7.86822420196e-06, 2.55803297478e-06, 1.36329254019e-06, 2.41694806391e-06, 8.99455335457e-06, 1.17295758173e-06, 2.76822986756e-09]
        min: [2.15962825401e-09, 1.78126029482e-08, 9.243652066e-09, 6.79712020002e-09, 9.3322505279e-09, 7.71029728952e-09, 3.99053057265e-09, 1.03859276734e-09, 1.23694199328e-09, 8.27644730528e-10, 2.15632095513e-10, 2.67243116525e-10, 1.54945709041e-10, 2.11496528624e-10, 2.84531426198e-10, 4.60193411156e-10, 9.12404804487e-11, 2.65477168027e-10, 8.88149387368e-10, 6.04753358502e-10, 5.96216132021e-10, 2.39883841957e-11, 2.76463695686e-11, 1.31345337384e-10, 2.05915548501e-10, 6.2144538647e-12, 2.65986488884e-14]
        var: [6.05141978194e-11, 1.85293203003e-07, 7.53537676701e-07, 1.25560433162e-07, 8.2928613665e-07, 2.1083426418e-06, 5.79868917328e-08, 2.25969326584e-10, 2.46772600576e-07, 2.46825226924e-08, 4.10599731993e-09, 1.18103815616e-09, 2.92548513192e-10, 2.44768622037e-10, 2.91236856853e-09, 1.28100756669e-08, 7.78879405416e-10, 1.99935246137e-09, 2.60674752894e-08, 1.0670668793e-08, 1.28323240922e-09, 7.12669714908e-11, 1.70741025485e-11, 4.13496840934e-11, 5.48406209333e-10, 1.14791006561e-11, 2.77001717199e-16]
    mfcc:
        mean: [-971.936828613, 172.760452271, 78.7921676636, 114.49647522, 11.446978569, -21.4792327881, 14.8381414413, -29.3866233826, -15.4836177826, -9.10629367828, -11.3796424866, -20.476020813, -9.91190814972]
        cov: [[12548.4492188, -3201.44311523, -1331.47998047, -4115.22900391, -124.643203735, -13.7430582047, -450.622009277, 995.018066406, 747.990966797, 113.249298096, 279.851898193, 37.8869361877, 372.253204346], [-3201.44311523, 2945.15625, -958.183410645, 1039.18701172, -745.108276367, -50.4790687561, 349.286712646, -208.095489502, -15.7141752243, 27.5417366028, -15.3872737885, 43.7664833069, -303.896209717], [-1331.47998047, -958.183410645, 1997.85839844, 117.807319641, 367.79486084, -136.37562561, -213.77243042, -85.05519104, -82.9169998169, 41.882270813, 102.623504639, -57.3138618469, 26.66588974], [-4115.22900391, 1039.18701172, 117.807319641, 2198.83935547, 346.248138428, 115.463119507, 370.084136963, -311.80960083, -450.093322754, -88.0338745117, -212.917495728, -28.7338275909, -102.52897644], [-124.643203735, -745.108276367, 367.79486084, 346.248138428, 1048.34130859, 100.792518616, 78.4310073853, 126.745689392, -331.961639404, 70.654586792, -166.686767578, -37.8183097839, 142.057403564], [-13.7430582047, -50.4790687561, -136.37562561, 115.463119507, 100.792518616, 477.158477783, -126.610961914, -245.185699463, 66.4727630615, -208.433029175, -42.9778442383, 73.2800216675, 132.301116943], [-450.622009277, 349.286712646, -213.77243042, 370.084136963, 78.4310073853, -126.610961914, 446.511749268, 223.727737427, -275.800567627, 82.630645752, -25.6126861572, -31.7365016937, -118.600112915], [995.018066406, -208.095489502, -85.05519104, -311.80960083, 126.745689392, -245.185699463, 223.727737427, 511.331115723, -127.187088013, 149.196777344, 49.3548545837, -69.158493042, -71.3243942261], [747.990966797, -15.7141752243, -82.9169998169, -450.093322754, -331.961639404, 66.4727630615, -275.800567627, -127.187088013, 457.979553223, -16.7427120209, 33.036026001, 10.9520111084, 1.42329573631], [113.249298096, 27.5417366028, 41.882270813, -88.0338745117, 70.654586792, -208.433029175, 82.630645752, 149.196777344, -16.7427120209, 233.326370239, 7.30141782761, -54.7913093567, -48.5832214355], [279.851898193, -15.3872737885, 102.623504639, -212.917495728, -166.686767578, -42.9778442383, -25.6126861572, 49.3548545837, 33.036026001, 7.30141782761, 197.190887451, 26.861574173, -71.7565612793], [37.8869361877, 43.7664833069, -57.3138618469, -28.7338275909, -37.8183097839, 73.2800216675, -31.7365016937, -69.158493042, 10.9520111084, -54.7913093567, 26.861574173, 104.13596344, 23.8144207001], [372.253204346, -303.896209717, 26.66588974, -102.52897644, 142.057403564, 132.301116943, -118.600112915, -71.3243942261, 1.42329573631, -48.5832214355, -71.7565612793, 23.8144207001, 201.839019775]]
        icov: [[0.000470806582598, 0.000425508740591, 0.000450536957942, 0.000520506233443, -5.69865042053e-05, -2.9029277357e-05, -0.000300624698866, -0.000372218521079, -0.000451820815215, 6.44980827929e-05, -0.000368053879356, -3.43514257111e-05, -0.000379895849619], [0.000425508740591, 0.00125552166719, 0.000682975514792, 1.74629512912e-05, 0.000713603920303, -0.000387274223613, -0.000206906974199, -0.000274598191027, -0.000157564209076, -0.000832915189676, 1.47359185121e-06, -0.000533925602213, 0.000421367265517], [0.000450536957942, 0.000682975514792, 0.00129160122015, 0.000265296926955, -0.000334119889885, 0.000544159440324, 0.000120166427223, 8.10286583146e-05, -0.000358247605618, 0.000103657941509, -0.00126037816517, 0.000412075925851, -0.000329998991219], [0.000520506233443, 1.74629512912e-05, 0.000265296926955, 0.00191303831525, -0.000646397820674, 4.40605545009e-05, -0.00118028209545, 0.000805160612799, 0.000110570363177, 0.000757540343329, 0.000236931082327, 0.000664819439407, 0.000207452845643], [-5.69865042053e-05, 0.000713603920303, -0.000334119889885, -0.000646397820674, 0.00333063211292, -0.0024202929344, 0.00166413583793, -0.0015426032478, 0.00248161936179, -0.00295571051538, 0.00265215849504, -0.000951309863012, 0.000896519690286], [-2.9029277357e-05, -0.000387274223613, 0.000544159440324, 4.40605545009e-05, -0.0024202929344, 0.0066171628423, -0.00199244869873, 0.00233260542154, -0.00271038990468, 0.00511124776676, -0.0026420103386, 0.000298432947602, -0.00328459008597], [-0.000300624698866, -0.000206906974199, 0.000120166427223, -0.00118028209545, 0.00166413583793, -0.00199244869873, 0.00850420072675, -0.00316544063389, 0.00478955358267, -0.00273972051218, 0.0029063525144, -0.00120501685888, 0.00412291195244], [-0.000372218521079, -0.000274598191027, 8.10286583146e-05, 0.000805160612799, -0.0015426032478, 0.00233260542154, -0.00316544063389, 0.00616064760834, -0.000143949262565, 0.000803871196695, -0.00181437318679, 0.00239164242521, -0.000187638070202], [-0.000451820815215, -0.000157564209076, -0.000358247605618, 0.000110570363177, 0.00248161936179, -0.00271038990468, 0.00478955358267, -0.000143949262565, 0.00762652652338, -0.00318312039599, 0.00334253092296, 1.48040371641e-05, 0.00385962473229], [6.44980827929e-05, -0.000832915189676, 0.000103657941509, 0.000757540343329, -0.00295571051538, 0.00511124776676, -0.00273972051218, 0.000803871196695, -0.00318312039599, 0.0105399619788, -0.00233752094209, 0.00260245800018, -0.00217636371963], [-0.000368053879356, 1.47359185121e-06, -0.00126037816517, 0.000236931082327, 0.00265215849504, -0.0026420103386, 0.0029063525144, -0.00181437318679, 0.00334253092296, -0.00233752094209, 0.0111169926822, -0.00374618754722, 0.0057076876983], [-3.43514257111e-05, -0.000533925602213, 0.000412075925851, 0.000664819439407, -0.000951309863012, 0.000298432947602, -0.00120501685888, 0.00239164242521, 1.48040371641e-05, 0.00260245800018, -0.00374618754722, 0.0137467142195, -0.00217371038161], [-0.000379895849619, 0.000421367265517, -0.000329998991219, 0.000207452845643, 0.000896519690286, -0.00328459008597, 0.00412291195244, -0.000187638070202, 0.00385962473229, -0.00217636371963, 0.0057076876983, -0.00217371038161, 0.0120513513684]]
    spectral_contrast:
        mean: [-4.14794754988e-07, 2.72255192613e-07, 3.58451899274e-07, -6.74363377584e-07, -1.70298989133e-07, -2.79345272247e-07, -8.91091167432e-06, 5.34045238965e-06, 3.43619399246e-06, 4.02070418204e-06, 3.09642018692e-06, -1.98480711333e-06]
        var: [0.00102301186416, 0.00162594311405, 0.00245236954652, 0.00318150292151, 0.00607931334525, 0.0160219743848, 0.121479049325, 0.168060198426, 0.464627385139, 0.558969438076, 1.46659231186, 9.16503047943]

rhythm:
    beats_loudness:
        dmean: 0.00277812313288
        dmean2: 0.00502755353227
        dvar: 1.03219899756e-05
        dvar2: 2.91137948807e-05
        max: 0.0123403090984
        mean: 0.00487098097801
        min: 0.000697626208421
        var: 7.13079998604e-06
    beats_loudness_bass:
        dmean: 0.233874112368
        dmean2: 0.434683442116
        dvar: 0.0254760198295
        dvar2: 0.0672068223357
        max: 0.706819713116
        mean: 0.354621499777
        min: 0.0496041662991
        var: 0.0526087060571
    bpm: 114.680892944
    bpm_confidence: 0
    first_peak_bpm: 115
    first_peak_spread: 0
    first_peak_weight: 0.944444417953
    onset_rate: 5.86647748947
    second_peak_bpm: 109
    second_peak_spread: 0
    second_peak_weight: 0.0555555559695
    beats_position: [0.488858640194, 1.01181161404, 1.53476476669, 2.05771780014, 2.58067059517, 3.10362386703, 3.62657690048, 4.14952993393, 4.67248344421, 5.19543647766, 5.71838951111, 6.26801586151, 6.79141569138, 7.31481647491, 7.83821678162, 8.36161804199, 8.88501834869, 9.4084186554, 9.93181991577]
    bpm_estimates: [114.783782959, 114.73614502, 114.806770325, 114.786506653, 114.788352966, 114.606666565, 114.623497009, 114.754859924, 114.702781677, 114.46270752, 114.327476501, 114.801017761, 114.866447449, 114.568473816, 114.597930908]
    bpm_intervals: [0.522952973843, 0.522953152657, 0.522953033447, 0.522952795029, 0.522953271866, 0.522953033447, 0.522953033447, 0.522953510284, 0.522953033447, 0.522953033447, 0.549626350403, 0.523399829865, 0.523400783539, 0.523400306702, 0.523401260376, 0.523400306702, 0.523400306702, 0.523401260376]
    onset_times: [0.0580498874187, 0.220589563251, 0.359909296036, 0.476009070873, 0.696598649025, 0.99845802784, 1.17260766029, 1.26548755169, 1.43963718414, 1.53251695633, 1.68344676495, 1.71827661991, 1.75310659409, 2.00852608681, 2.19428563118, 2.31038546562, 2.57741498947, 2.84444451332, 3.08825397491, 3.30884361267, 3.36689352989, 3.52943301201, 3.63392281532, 3.81968259811, 3.86612248421, 4.09832191467, 4.29569149017, 4.43501138687, 4.69043064117, 4.79492044449, 4.94585037231, 5.10838985443, 5.22448968887, 5.36380958557, 5.45668935776, 5.74693870544, 5.92108821869, 6.00235843658, 6.25777769089, 6.40870761871, 6.53641700745, 6.66412687302, 6.79183673859, 6.98920631409, 7.04725646973, 7.31428575516, 7.58131504059, 7.77868461609, 7.84834480286, 8.103764534, 8.37079334259, 8.52172374725, 8.59138298035, 8.67265319824, 8.90485286713, 9.16027164459, 9.42730140686, 9.682721138, 9.9613609314]
    rubato_start: []
    rubato_stop: []
    perceptual_tempo: "unknown"

sfx:
    inharmonicity:
        dmean: 0.009864914231
        dmean2: 0.0183038860559
        dvar: 0.000595497549511
        dvar2: 0.00171324680559
        max: 0.21860639751
        mean: 0.00813707057387
        min: 0
        var: 0.000438949238742
    oddtoevenharmonicenergyratio:
        dmean: 2.17880725861
        dmean2: 4.15776586533
        dvar: 156.72668457
        dvar2: 454.902893066
        max: 117.27558136
        mean: 1.43851041794
        min: 0
        var: 86.6223449707
    pitch_after_max_to_before_max_energy_ratio: 0.895971298218
    pitch_centroid: 211.360214233
    pitch_max_to_total: 0.594470024109
    pitch_min_to_total: 0.135944694281
    tristimulus:
        dmean: [0.150218248367, 0.134395435452, 0.0183567311615]
        dmean2: [0.275181829929, 0.249714627862, 0.0353790447116]
        dvar: [0.0612457357347, 0.0557463467121, 0.00444832723588]
        dvar2: [0.155069574714, 0.142534554005, 0.0127899339423]
        max: [1, 0.980232715607, 0.510017991066]
        mean: [0.816629171371, 0.156992301345, 0.0104895941913]
        min: [0.00457620434463, 0, 0]
        var: [0.0830457285047, 0.074572943151, 0.00249030487612]

tonal:
    chords_changes_rate: 0.0366972461343
    chords_number_rate: 0.0229357797652
    chords_strength:
        dmean: 0.00867381412536
        dmean2: 0.0084633519873
        dvar: 4.28357561759e-05
        dvar2: 5.38649364898e-05
        max: 0.587996304035
        mean: 0.45477822423
        min: 0.35150256753
        var: 0.00325498008169
    key_strength: 0.828609406948
    tuning_diatonic_strength: 0.542608439922
    tuning_equal_tempered_deviation: 0.151478216052
    tuning_frequency: 437.971466064
    tuning_nontempered_energy_ratio: 0.76940959692
    hpcp:
        dmean: [0.0703132897615, 0.072580806911, 0.0571559332311, 0.0732719525695, 0.0612148791552, 0.0250095855445, 0.0152251329273, 0.0259268544614, 0.091499812901, 0.161745414138, 0.151250779629, 0.0446668379009, 0.00834802817553, 0.0032573887147, 0.00409543234855, 0.00731177115813, 0.00929618999362, 0.00669817999005, 0.0115538062528, 0.0390711352229, 0.13142798841, 0.256689041853, 0.245287999511, 0.113252535462, 0.109686031938, 0.0754512324929, 0.0129824699834, 0.0126095311716, 0.0553918480873, 0.0988707616925, 0.160934269428, 0.147513464093, 0.0342751704156, 0.00619132444263, 0.0101649630815, 0.034271825105]
        dmean2: [0.0853794142604, 0.0893270000815, 0.0918026268482, 0.112591139972, 0.0855644792318, 0.0455727875233, 0.0280845593661, 0.0458455868065, 0.138464301825, 0.237954422832, 0.214859887958, 0.0776147022843, 0.0161773879081, 0.00585474772379, 0.0076724300161, 0.0135167548433, 0.0181080773473, 0.0131168141961, 0.0227070171386, 0.0655385777354, 0.217293158174, 0.393620848656, 0.352005690336, 0.174288377166, 0.164881244302, 0.109997242689, 0.0223960056901, 0.0223502367735, 0.092634730041, 0.156989991665, 0.249779298902, 0.217594072223, 0.0503946393728, 0.0104150511324, 0.0158793386072, 0.0531662367284]
        dvar: [0.0124954264611, 0.0117489947006, 0.0089843031019, 0.0224127378315, 0.0130647448823, 0.00932204630226, 0.00199909182265, 0.00421492336318, 0.012754640542, 0.0413568355143, 0.0242827702314, 0.00773111078888, 0.00207666447386, 6.88693180564e-05, 0.000141631811857, 0.000842643145006, 0.00227018352598, 0.000804728188086, 0.00756611302495, 0.014987542294, 0.0472632721066, 0.0533234067261, 0.05027692765, 0.0174316875637, 0.0241047665477, 0.0120582804084, 0.00147249049041, 0.00144741311669, 0.018511230126, 0.0205036792904, 0.0499910973012, 0.0432594493032, 0.0024454635568, 0.000644160143565, 0.00325580919161, 0.00659821322188]
        dvar2: [0.0184044763446, 0.0203568842262, 0.0205005966127, 0.0399796664715, 0.0216080453247, 0.0274213869125, 0.00575917446986, 0.0117112332955, 0.0323088616133, 0.0691255927086, 0.0477453507483, 0.0218993220478, 0.00617386959493, 0.00018672303122, 0.000416679569753, 0.00254419911653, 0.00675681233406, 0.00237030000426, 0.022683929652, 0.0402052439749, 0.100845880806, 0.119858838618, 0.0995573848486, 0.0497529581189, 0.0527385063469, 0.0290439873934, 0.0039107943885, 0.00404732814059, 0.0471506528556, 0.0514292046428, 0.0943504273891, 0.0829797163606, 0.00494179921225, 0.00108265003655, 0.00387933501042, 0.0148360058665]
        max: [1, 1, 1, 1, 0.954917311668, 1, 0.378487676382, 0.472004771233, 0.956549465656, 1, 1, 0.735563755035, 0.461238414049, 0.0407557934523, 0.0916636437178, 0.226428359747, 0.449089765549, 0.227437332273, 0.908902823925, 1, 1, 1, 1, 1, 1, 0.973148226738, 0.442730933428, 0.31561550498, 0.831359863281, 0.917382180691, 1, 1, 0.298111468554, 0.308859705925, 0.808992266655, 0.679485678673]
        mean: [0.134912371635, 0.125377893448, 0.0950797721744, 0.199546590447, 0.151692435145, 0.023634551093, 0.00998162012547, 0.0193932559341, 0.22930598259, 0.556553840637, 0.37653747201, 0.0394143909216, 0.00481648091227, 0.00219654268585, 0.00300920195878, 0.00471079116687, 0.0050882701762, 0.00361989717931, 0.00615441892296, 0.0282765813172, 0.14426125586, 0.474880695343, 0.469732195139, 0.305415540934, 0.395373135805, 0.214627474546, 0.0109830331057, 0.00834015198052, 0.0381223037839, 0.123671360314, 0.321991294622, 0.270422130823, 0.0420155748725, 0.00423687044531, 0.0075134136714, 0.0422516800463]
        min: [3.62932212283e-07, 2.14135525312e-05, 0.000180702234502, 0.00012636280735, 2.62690136879e-05, 0, 1.61897048656e-07, 6.09904191151e-07, 0.000129773339722, 0.000231803482166, 2.19840558202e-06, 1.09212146526e-06, 1.2113786638e-14, 4.16882039644e-06, 0, 0, 0, 0, 1.12087860771e-07, 2.72904987497e-09, 7.02834086042e-07, 0.00214495905675, 0.00517909275368, 0.00077364948811, 1.19506537999e-07, 1.70016278389e-07, 2.11390059235e-07, 1.63736700642e-07, 9.80762848712e-08, 0.000268327450613, 0.000504019437358, 0.000141478187288, 6.47284537081e-07, 3.54353687726e-07, 7.13920584872e-08, 4.45187815501e-08]
        var: [0.0484396964312, 0.0387089699507, 0.0175383780152, 0.102200753987, 0.0600370690227, 0.0054268091917, 0.00115496385843, 0.00269125378691, 0.0346533209085, 0.135341525078, 0.0668881013989, 0.00539189856499, 0.00107396987732, 4.63421674795e-05, 9.62383201113e-05, 0.000528324162588, 0.0011994750239, 0.000421474280301, 0.00380181754008, 0.0119328396395, 0.0605966858566, 0.105244278908, 0.106246560812, 0.0460270121694, 0.134013235569, 0.0450579784811, 0.00131907791365, 0.00089855765691, 0.0142887784168, 0.0255675893277, 0.141205891967, 0.119485713542, 0.00474096881226, 0.000572694523726, 0.00319023453631, 0.00803715083748]
    chords_histogram: [19.7247714996, 0, 47.7064208984, 0, 0, 0, 0, 0, 0, 0, 0, 0, 0, 0, 0, 0, 0, 7.79816532135, 0, 0, 18.3486232758, 6.42201852798, 0, 0]
    thpcp: [1, 0.676551759243, 0.0708186477423, 0.00865411479026, 0.00394668476656, 0.0054068476893, 0.00846421439201, 0.00914245843887, 0.00650412775576, 0.0110580837354, 0.0508065521717, 0.259204506874, 0.853252053261, 0.844001352787, 0.54876190424, 0.710395097733, 0.385636508465, 0.0197339989245, 0.0149853462353, 0.0684970617294, 0.22220915556, 0.578544735909, 0.485886752605, 0.0754923820496, 0.00761268753558, 0.0134998867288, 0.0759166106582, 0.24240668118, 0.225275412202, 0.170836612582, 0.358539611101, 0.272556632757, 0.0424658842385, 0.0179346892983, 0.0348452478647, 0.41201043129]
    chords_key: "C"
    chords_scale: "major"
    key_key: "F"
    key_scale: "major"
    chords_progression: ["C", "C", "C", "C", "C", "C", "C", "C", "C", "C", "C", "C", "C", "C", "C", "C", "C", "C", "C", "C", "C", "C", "C", "C", "C", "C", "C", "C", "C", "C", "C", "C", "C", "C", "C", "C", "C", "C", "C", "C", "C", "C", "C", "D#", "D#", "D#", "D#", "D#", "D#", "D#", "Gm", "Gm", "Gm", "D#", "D#", "D#", "D#", "D#", "D#", "D#", "D#", "D#", "D#", "D#", "D#", "D#", "D#", "D#", "D#", "D#", "D#", "D#", "D#", "D#", "D#", "D#", "D#", "D#", "D#", "D#", "D#", "D#", "D#", "D#", "D#", "D#", "C", "C", "C", "C", "C", "C", "C", "C", "C", "C", "C", "C", "C", "C", "C", "C", "C", "C", "C", "C", "C", "C", "C", "C", "C", "C", "C", "C", "Fm", "Fm", "Fm", "Fm", "Fm", "Fm", "Fm", "Fm", "Fm", "Fm", "Fm", "Fm", "Fm", "Fm", "Fm", "Fm", "Fm", "F", "F", "F", "F", "F", "F", "F", "F", "F", "F", "F", "F", "F", "F", "F", "F", "F", "F", "F", "F", "F", "F", "F", "F", "F", "F", "F", "F", "F", "F", "F", "F", "F", "F", "F", "F", "F", "F", "F", "F", "F", "F", "F", "C", "C", "C", "C", "C", "C", "C", "C", "C", "C", "C", "C", "C", "C", "C", "C", "C", "C", "C", "C", "C", "C", "C", "C", "C", "C", "C", "C", "C", "C", "C", "C", "C", "Gm", "Gm", "Gm", "Gm", "Gm", "Gm", "Gm", "Gm", "Gm", "Gm", "Gm"]
