
metadata:
    version:
        essentia: "1.2.2"
    audio_properties:
        analysis_sample_rate: 44100
        bitrate: 128
        channels: 2
        equal_loudness: 1
        length: 10.0310201645
        replay_gain: -12.1257152557
        downmix: "mix"
    tags:
        track: 2
        year: 0
        album: "Splitted by Mp3Splt v. 2.1"
        artist: "From 000.10 To 000.20"
        comment: "http://mp3splt.sf.net"
        genre: ""
        title: "04 The Cause.mp3"

highlevel:
    ballroom:
        all:
            ChaChaCha: 0.0494467765093
            Jive: 0.785910725594
            Quickstep: 0.0167094320059
            Rumba-American: 0.000243976101046
            Rumba-International: 0.000455137516838
            Rumba-Misc: 0.000169207822182
            Samba: 0.139296099544
            Tango: 0.000551640579943
            VienneseWaltz: 0.00642815697938
            Waltz: 0.00078885309631
        probability: 0.785910725594
        value: "Jive"
    culture:
        all:
            non_western: 0.0973714441061
            western: 0.902628540993
        probability: 0.902628540993
        value: "western"
    gender:
        all:
            female: 0.0898443907499
            male: 0.910155594349
        probability: 0.910155594349
        value: "male"
    genre_dortmund:
        all:
            alternative: 0.0645437389612
            blues: 0.00871093571186
            electronic: 0.023011226207
            folkcountry: 0.0556649751961
            funksoulrnb: 0.0176808647811
            jazz: 0.0178019460291
            pop: 0.0239927060902
            raphiphop: 0.00859952252358
            rock: 0.77999407053
        probability: 0.77999407053
        value: "rock"
    genre_electronica:
        all:
            ambient: 0.144883081317
            dnb: 0.654052317142
            house: 0.00769108254462
            techno: 0.0249074548483
            trance: 0.168466031551
        probability: 0.654052317142
        value: "dnb"
    genre_rosamerica:
        all:
            cla: 0.00559252128005
            dan: 0.0161943417042
            hip: 0.0130203720182
            jaz: 0.0026173167862
            pop: 0.00897269509733
            rhy: 0.00354526331648
            roc: 0.948892354965
            spe: 0.00116513913963
        probability: 0.948892354965
        value: "roc"
    genre_tzanetakis:
        all:
            blu: 0.00686798105016
            cla: 0.00575428456068
            cou: 0.112585291266
            dis: 0.0467405319214
            hip: 0.0304002463818
            jaz: 0.0343994535506
            met: 0.479495644569
            pop: 0.0345618277788
            reg: 0.00871108006686
            roc: 0.240483671427
        probability: 0.479495644569
        value: "met"
    live_studio:
        all:
            live: 0.056219894439
            studio: 0.943780124187
        probability: 0.943780124187
        value: "studio"
    mood:
        all:
            Cluster1: 0.358048081398
            Cluster2: 0.0500134527683
            Cluster3: 0.00544035760686
            Cluster4: 0.0389130413532
            Cluster5: 0.547585070133
        probability: 0.547585070133
        value: "Cluster5"
    mood_acoustic:
        all:
            acoustic: 0.00732911378145
            not_acoustic: 0.992670893669
        probability: 0.992670893669
        value: "not_acoustic"
    mood_aggressive:
        all:
            aggressive: 0.972177147865
            not_aggressive: 0.0278228279203
        probability: 0.972177147865
        value: "aggressive"
    mood_electronic:
        all:
            electronic: 0.114308297634
            not_electronic: 0.885691702366
        probability: 0.885691702366
        value: "not_electronic"
    mood_happy:
        all:
            happy: 0.51737934351
            not_happy: 0.48262065649
        probability: 0.51737934351
        value: "happy"
    mood_party:
        all:
            not_party: 0.164214000106
            party: 0.835785984993
        probability: 0.835785984993
        value: "party"
    mood_relaxed:
        all:
            not_relaxed: 0.271438509226
            relaxed: 0.728561520576
        probability: 0.728561520576
        value: "relaxed"
    mood_sad:
        all:
            not_sad: 0.995944499969
            sad: 0.00405547441915
        probability: 0.995944499969
        value: "not_sad"
    rhythm:
        all:
            fast: 0.987201154232
            medium: 0.00808889884502
            slow: 0.00470993993804
        probability: 0.987201154232
        value: "fast"
    speech_music:
        all:
            music: 0.981305480003
            speech: 0.018694544211
        probability: 0.981305480003
        value: "music"
    timbre:
        all:
            bright: 0.142177462578
            dark: 0.857822537422
        probability: 0.857822537422
        value: "dark"
    voice_instrumental:
        all:
            instrumental: 0.299110114574
            voice: 0.700889885426
        probability: 0.700889885426
        value: "voice"

lowlevel:
    average_loudness: 0.969914197922
    barkbands_kurtosis:
        dmean: 0.953334212303
        dmean2: 1.52616643906
        dvar: 1.4608989954
        dvar2: 3.56043791771
        max: 9.27981090546
        mean: 0.0919627472758
        min: -1.85302078724
        var: 3.46586871147
    barkbands_skewness:
        dmean: 0.383987039328
        dmean2: 0.607557296753
        dvar: 0.149650588632
        dvar2: 0.375419646502
        max: 1.19985032082
        mean: -0.962347507477
        min: -2.90741419792
        var: 0.413032382727
    barkbands_spread:
        dmean: 6.36163234711
        dmean2: 10.1532287598
        dvar: 48.2285652161
        dvar2: 125.620521545
        max: 69.5663375854
        mean: 30.995262146
        min: 8.64503669739
        var: 96.1603546143
    dissonance:
        dmean: 0.00929871480912
        dmean2: 0.0151578690857
        dvar: 9.06999630388e-05
        dvar2: 0.00022744249145
        max: 0.499999970198
        mean: 0.48135432601
        min: 0.429912805557
        var: 0.000172617321368
    hfc:
        dmean: 3.15980863571
        dmean2: 4.96715450287
        dvar: 20.3572978973
        dvar2: 47.2977409363
        max: 59.3950233459
        mean: 11.4684019089
        min: 4.35702349932e-06
        var: 42.7314186096
    pitch:
        dmean: 884.215759277
        dmean2: 1704.06555176
        dvar: 1878914.125
        dvar2: 4170928.5
        max: 4410
        mean: 2123.60839844
        min: 73.6227035522
        var: 2909292.25
    pitch_instantaneous_confidence:
        dmean: 0.0803744792938
        dmean2: 0.130291625857
        dvar: 0.00438481429592
        dvar2: 0.0107081402093
        max: 0.829643011093
        mean: 0.401018470526
        min: 0.176929235458
        var: 0.0105009218678
    pitch_salience:
        dmean: 0.0513357967138
        dmean2: 0.0815774425864
        dvar: 0.00221138098277
        dvar2: 0.0060545951128
        max: 0.876684188843
        mean: 0.69629073143
        min: 0.426023602486
        var: 0.00462932791561
    silence_rate_20dB:
        dmean: 0
        dmean2: 0
        dvar: 0
        dvar2: 0
        max: 1
        mean: 1
        min: 1
        var: 0
    silence_rate_30dB:
        dmean: 0
        dmean2: 0
        dvar: 0
        dvar2: 0
        max: 1
        mean: 1
        min: 1
        var: 0
    silence_rate_60dB:
        dmean: 0.131944447756
        dmean2: 0.264501154423
        dvar: 0.114535726607
        dvar2: 0.227023616433
        max: 1
        mean: 0.314087748528
        min: 0
        var: 0.215435668826
    spectral_centroid:
        dmean: 256.537261963
        dmean2: 412.588378906
        dvar: 72211.84375
        dvar2: 182909.328125
        max: 3696.83862305
        mean: 2555.83544922
        min: 1103.94311523
        var: 162237.875
    spectral_complexity:
        dmean: 3.90023207664
        dmean2: 6.25581407547
        dvar: 14.9482746124
        dvar2: 31.7624702454
        max: 42
        mean: 17.6597213745
        min: 0
        var: 38.5716972351
    spectral_crest:
        dmean: 1.63580298424
        dmean2: 2.63082408905
        dvar: 2.1942589283
        dvar2: 5.55728435516
        max: 17.148733139
        mean: 6.42382860184
        min: 3.29273676872
        var: 4.68295001984
    spectral_decrease:
        dmean: 2.78689488153e-10
        dmean2: 4.39743408354e-10
        dvar: 1.2490494458e-19
        dvar2: 2.90639033057e-19
        max: -4.6564349844e-16
        mean: -9.36702271304e-10
        min: -3.61867957821e-09
        var: 2.71240742963e-19
    spectral_energy:
        dmean: 0.00131043035071
        dmean2: 0.00206393329427
        dvar: 2.88116029878e-06
        dvar2: 6.64828985464e-06
        max: 0.0190450102091
        mean: 0.00457554403692
        min: 2.15264894798e-09
        var: 6.33388617644e-06
    spectral_energyband_high:
        dmean: 0.000226539676078
        dmean2: 0.0003682791139
        dvar: 9.44658395952e-08
        dvar2: 2.43003398737e-07
        max: 0.00310488766991
        mean: 0.000678076641634
        min: 6.84148016017e-10
        var: 1.27690384488e-07
    spectral_energyband_low:
        dmean: 0.000171840394614
        dmean2: 0.00030940110446
        dvar: 1.78906347514e-07
        dvar2: 5.14162877607e-07
        max: 0.00294991023839
        mean: 0.000193508632947
        min: 4.93256213652e-10
        var: 1.13265542723e-07
    spectral_energyband_middle_high:
        dmean: 0.000809911172837
        dmean2: 0.00123277143575
        dvar: 1.72345392002e-06
        dvar2: 3.78159893444e-06
        max: 0.0167738720775
        mean: 0.00281233061105
        min: 4.76824468798e-10
        var: 4.25139387517e-06
    spectral_energyband_middle_low:
        dmean: 0.00046673649922
        dmean2: 0.000737327383831
        dvar: 4.58070957166e-07
        dvar2: 1.16616706691e-06
        max: 0.00599610246718
        mean: 0.000891619129106
        min: 3.93121035724e-10
        var: 6.15341150478e-07
    spectral_flatness_db:
        dmean: 0.0111305871978
        dmean2: 0.0160158444196
        dvar: 8.98107755347e-05
        dvar2: 0.000163630233146
        max: 0.205684259534
        mean: 0.134501710534
        min: 0.0668479651213
        var: 0.000387566280551
    spectral_flux:
        dmean: 0.00855861231685
        dmean2: 0.0129755204543
        dvar: 8.56809929246e-05
        dvar2: 0.000164160912391
        max: 0.10245783627
        mean: 0.0426446348429
        min: 4.63966462121e-05
        var: 0.000218974877498
    spectral_kurtosis:
        dmean: 0.807369947433
        dmean2: 1.29477822781
        dvar: 0.607313215733
        dvar2: 1.60657417774
        max: 10.1105260849
        mean: 3.30414485931
        min: 0.430012464523
        var: 1.70726931095
    spectral_rms:
        dmean: 0.000288073701086
        dmean2: 0.000439669791376
        dvar: 1.01873276037e-07
        dvar2: 2.18347935288e-07
        max: 0.00431051012129
        mean: 0.00204061623663
        min: 1.44918783462e-06
        var: 2.99830645645e-07
    spectral_rolloff:
        dmean: 241.711303711
        dmean2: 383.440917969
        dvar: 54310.8320312
        dvar2: 115812.976562
        max: 5275.63476562
        mean: 4096.49121094
        min: 2906.98242188
        var: 175632.390625
    spectral_skewness:
        dmean: 0.141223117709
        dmean2: 0.215907275677
        dvar: 0.0195315759629
        dvar2: 0.0413663499057
        max: 2.61398220062
        mean: 1.07830893993
        min: 0.407006114721
        var: 0.0509962700307
    spectral_spread:
        dmean: 355854.78125
        dmean2: 503438.5625
        dvar: 250572488704
        dvar2: 333065584640
        max: 11604005
        mean: 4348265
        min: 2773311.25
        var: 538806190080
    spectral_strongpeak:
        dmean: 0.774346590042
        dmean2: 1.30460309982
        dvar: 1.19599831104
        dvar2: 3.11586093903
        max: 12.8918170929
        mean: 1.10289096832
        min: 0
        var: 1.72997331619
    zerocrossingrate:
        dmean: 0.0072347195819
        dmean2: 0.00908316671848
        dvar: 5.15684041602e-05
        dvar2: 7.05536222085e-05
        max: 0.17919921875
        mean: 0.132670089602
        min: 0.07080078125
        var: 0.000234713661484
    barkbands:
        dmean: [2.34736148741e-07, 5.9302419686e-05, 0.000122021978314, 6.10892529949e-05, 0.000117665360449, 0.000102580052044, 9.66007719398e-05, 0.00011473223276, 0.00014810160792, 8.87328424142e-05, 3.04194218188e-05, 3.35348995577e-05, 4.11920154875e-05, 7.05411657691e-05, 9.99187832349e-05, 0.00010369240772, 0.000176973888301, 0.00030209691613, 0.000351602269802, 0.000204095995286, 0.000133911365992, 5.62120476388e-05, 6.47523938824e-06, 1.51326935338e-06, 6.57768225665e-07, 4.37797105235e-08, 2.09347295055e-09]
        dmean2: [3.7550788079e-07, 0.00011132745567, 0.000218576955376, 0.000102579091617, 0.000205713964533, 0.00016476532619, 0.000165403907886, 0.000186320379726, 0.000222087983275, 0.000121428485727, 4.5957378461e-05, 5.22474947502e-05, 6.94247428328e-05, 9.86672093859e-05, 0.000148822087795, 0.000163176344358, 0.000269486452453, 0.000488460063934, 0.000574596284423, 0.000337653240422, 0.000220504211029, 9.46653235587e-05, 1.04608125184e-05, 2.12162785829e-06, 9.44964938299e-07, 6.02543437367e-08, 2.54522669607e-09]
        dvar: [2.30262532132e-13, 2.05296917244e-08, 8.49811030434e-08, 7.58335261253e-09, 5.07801836136e-08, 9.22526481872e-08, 1.10349731131e-07, 6.1317990685e-08, 1.08762840512e-07, 5.71980258712e-08, 2.48206122322e-09, 5.08636688323e-09, 1.26433397085e-08, 2.22930296445e-08, 3.89776353416e-08, 4.49725412466e-08, 5.05084045699e-08, 3.94552870375e-07, 5.12137887654e-07, 6.30689669379e-08, 2.79646013013e-08, 4.78760586731e-09, 8.07871269881e-11, 4.79535248316e-12, 8.19311361377e-13, 3.32509263247e-15, 8.20786572592e-16]
        dvar2: [3.75706817003e-13, 5.91369797576e-08, 2.43289463242e-07, 2.05267749465e-08, 1.43164371025e-07, 2.28950923997e-07, 3.02716784972e-07, 1.51333736653e-07, 2.30220535968e-07, 8.66020144485e-08, 4.45137438021e-09, 8.2293114545e-09, 3.05225604791e-08, 4.77348898187e-08, 8.26695512046e-08, 1.09139442372e-07, 1.04518477428e-07, 8.8793433406e-07, 1.26677093704e-06, 1.73189832253e-07, 7.40439176639e-08, 1.19514540486e-08, 1.92363069917e-10, 8.07195543046e-12, 1.46046445337e-12, 4.79274153798e-15, 8.26409441994e-16]
        max: [7.68710924604e-06, 0.000882067135535, 0.00233944552019, 0.000771332299337, 0.00159124820493, 0.00475687952712, 0.00400741957128, 0.00304348533973, 0.00380526506342, 0.00388109730557, 0.00109844573308, 0.0013564620167, 0.00122229743283, 0.00173946435098, 0.00220687664114, 0.00223403447308, 0.00259070494212, 0.00701770326123, 0.0120962373912, 0.00246915640309, 0.00176753161941, 0.000711023283657, 9.60325778578e-05, 2.71170410997e-05, 1.42238377521e-05, 8.03446880582e-07, 5.96991242219e-07]
        mean: [3.21120751323e-07, 5.9087164118e-05, 0.000134113419335, 8.68937495397e-05, 0.000148829945829, 0.000132809800562, 0.000104179511254, 0.000159952425747, 0.000204506883165, 0.00014655731502, 5.42011657672e-05, 5.32269514224e-05, 5.66553244425e-05, 0.000103533995571, 0.000164857236086, 0.00018253896269, 0.000388868735172, 0.000614064570982, 0.000834862410557, 0.000451170402812, 0.00034897736623, 0.000129887514049, 1.07107280201e-05, 2.96995676763e-06, 1.65492099313e-06, 1.14496209846e-07, 2.58197485614e-09]
        min: [2.08308065242e-10, 2.65205218897e-10, 1.24851767813e-10, 8.75026856528e-11, 1.26157209679e-10, 6.43069208994e-11, 3.27273035061e-11, 2.71786204653e-11, 4.78491204992e-11, 5.10744536941e-11, 4.60421319126e-11, 5.11899446443e-11, 2.19555866543e-11, 3.81686141027e-11, 4.59177348922e-11, 1.69126639776e-11, 7.02457050861e-11, 5.02331752583e-11, 4.67238851776e-11, 3.50592471721e-10, 3.1521735222e-10, 5.70174289727e-11, 2.47695115287e-12, 2.47928045281e-12, 1.10021887434e-12, 5.64904568436e-13, 5.03673491803e-13]
        var: [2.60423816843e-13, 1.2464098198e-08, 5.57187078698e-08, 8.79812578347e-09, 4.08403586505e-08, 8.8874770654e-08, 7.72430723828e-08, 8.70644143447e-08, 1.61444503988e-07, 1.35560853209e-07, 9.99026461557e-09, 1.19155609823e-08, 1.31997630604e-08, 3.69182941995e-08, 8.63195950274e-08, 6.8602474812e-08, 1.33907334998e-07, 7.20696618828e-07, 6.77337197885e-07, 7.8597530262e-08, 3.48903341774e-08, 6.82878775748e-09, 1.36736330592e-10, 1.28235512487e-11, 1.97938714031e-12, 8.08788647356e-15, 8.21154502529e-16]
    mfcc:
        mean: [-694.287658691, 76.6558609009, -56.7051048279, 68.55128479, -21.8108310699, -2.60928916931, -0.85222274065, -1.21702826023, 6.91789531708, -6.493953228, 4.01935625076, -5.47568941116, -4.52918481827]
        cov: [[1976.99365234, -27.8537254333, -120.341621399, -90.3276367188, -19.5588130951, -40.1332397461, -111.805236816, 42.6077651978, -32.210521698, 64.3445129395, -18.4293746948, -80.4653320312, -63.3794174194], [-27.8537254333, 271.273956299, -109.599594116, -12.0874767303, -57.7510643005, -21.5356769562, 2.92878007889, -21.5949897766, 55.9753646851, 13.4933023453, 49.5815696716, -12.0318660736, -4.47050142288], [-120.341621399, -109.599594116, 259.928649902, 52.1668357849, 16.35090065, 21.5937538147, 3.28897690773, -20.7232589722, -75.3644485474, -38.5607337952, -40.9822692871, 38.9523735046, 40.7751655579], [-90.3276367188, -12.0874767303, 52.1668357849, 144.251937866, 63.4380378723, -17.4294013977, -18.6975669861, -11.1116008759, -13.0632619858, -27.9145698547, -1.89813399315, 13.9706602097, 36.588306427], [-19.5588130951, -57.7510643005, 16.35090065, 63.4380378723, 111.609825134, 10.0665616989, -9.36532783508, 8.11338710785, 1.36687469482, -1.42754435539, -15.5873308182, 5.33512878418, 5.17658376694], [-40.1332397461, -21.5356769562, 21.5937538147, -17.4294013977, 10.0665616989, 77.7964096069, 48.2903327942, 9.24948692322, -4.60848045349, 3.56476950645, -5.91458129883, 3.57339334488, -4.187271595], [-111.805236816, 2.92878007889, 3.28897690773, -18.6975669861, -9.36532783508, 48.2903327942, 101.214553833, 25.25349617, 16.0889949799, -8.52304935455, 16.8359165192, 11.0499458313, 2.71114969254], [42.6077651978, -21.5949897766, -20.7232589722, -11.1116008759, 8.11338710785, 9.24948692322, 25.25349617, 74.0499954224, 35.8619613647, 21.9943122864, -10.3132724762, -6.33242940903, -16.7006435394], [-32.210521698, 55.9753646851, -75.3644485474, -13.0632619858, 1.36687469482, -4.60848045349, 16.0889949799, 35.8619613647, 92.0858840942, 41.922203064, 18.2251224518, -19.2469043732, -20.1866359711], [64.3445129395, 13.4933023453, -38.5607337952, -27.9145698547, -1.42754435539, 3.56476950645, -8.52304935455, 21.9943122864, 41.922203064, 78.4191436768, 19.1510009766, -11.8090829849, -30.1837654114], [-18.4293746948, 49.5815696716, -40.9822692871, -1.89813399315, -15.5873308182, -5.91458129883, 16.8359165192, -10.3132724762, 18.2251224518, 19.1510009766, 76.6349258423, 20.2655849457, 1.90210556984], [-80.4653320312, -12.0318660736, 38.9523735046, 13.9706602097, 5.33512878418, 3.57339334488, 11.0499458313, -6.33242940903, -19.2469043732, -11.8090829849, 20.2655849457, 60.1511383057, 33.4424629211], [-63.3794174194, -4.47050142288, 40.7751655579, 36.588306427, 5.17658376694, -4.187271595, 2.71114969254, -16.7006435394, -20.1866359711, -30.1837654114, 1.90210556984, 33.4424629211, 64.7932662964]]
        icov: [[0.000665142026264, -4.50418629043e-05, 0.00022585123952, 0.000452144973679, -0.000173209773493, -9.57455813477e-06, 0.00081584288273, -0.0010496545583, 0.00119212910067, -0.000391085573938, -0.000495672400575, 0.00107489677612, -0.000392422807636], [-4.50418629043e-05, 0.00645222747698, 0.00188999506645, -0.00186951737851, 0.00384267373011, -0.000499872374348, 9.08743677428e-05, 0.00344056100585, -0.00435059843585, 0.000914794800337, -0.00111586565617, -0.000440384581452, 0.000141894473927], [0.00022585123952, 0.00188999506645, 0.00741419941187, -0.00312765454873, 0.00231770868413, -0.00105288112536, -0.00127762323245, 0.00151105993427, 0.00329162459821, -0.00200288672931, 0.00428720656782, -0.00364409037866, -0.000511137885042], [0.000452144973679, -0.00186951737851, -0.00312765454873, 0.0143538396806, -0.00898500904441, 0.00277956249192, 0.00239445455372, -0.00266121560708, 0.000682770798448, 0.00328816939145, -0.0045745014213, 0.0047275875695, -0.00627391040325], [-0.000173209773493, 0.00384267373011, 0.00231770868413, -0.00898500904441, 0.0167457591742, -0.00466716010123, 0.00174441281706, 0.00152712862473, -0.00385189428926, -0.000569206662476, 0.00353798735887, -0.00454194191843, 0.00316722365096], [-9.57455813477e-06, -0.000499872374348, -0.00105288112536, 0.00277956249192, -0.00466716010123, 0.0232555158436, -0.0136041911319, 0.00259996647947, 0.00445425044745, -0.00600545667112, 0.00438402034342, 0.000210424521356, 0.000517101259902], [0.00081584288273, 9.08743677428e-05, -0.00127762323245, 0.00239445455372, 0.00174441281706, -0.0136041911319, 0.0230286605656, -0.0089722527191, -0.0042295739986, 0.00933821778744, -0.00903865415603, 0.00111671269406, -0.00131714891177], [-0.0010496545583, 0.00344056100585, 0.00151105993427, -0.00266121560708, 0.00152712862473, 0.00259996647947, -0.0089722527191, 0.0257964897901, -0.0103389648721, -0.00413738749921, 0.00947416573763, -0.00714778481051, 0.00509563088417], [0.00119212910067, -0.00435059843585, 0.00329162459821, 0.000682770798448, -0.00385189428926, 0.00445425044745, -0.0042295739986, -0.0103389648721, 0.0278962347656, -0.0109713682905, -0.00186629279051, 0.00773672247306, -0.00384162878618], [-0.000391085573938, 0.000914794800337, -0.00200288672931, 0.00328816939145, -0.000569206662476, -0.00600545667112, 0.00933821778744, -0.00413738749921, -0.0109713682905, 0.0259602013975, -0.00872606225312, -0.000673982722219, 0.0065637556836], [-0.000495672400575, -0.00111586565617, 0.00428720656782, -0.0045745014213, 0.00353798735887, 0.00438402034342, -0.00903865415603, 0.00947416573763, -0.00186629279051, -0.00872606225312, 0.0263423640281, -0.0138571774587, 0.00387667748146], [0.00107489677612, -0.000440384581452, -0.00364409037866, 0.0047275875695, -0.00454194191843, 0.000210424521356, 0.00111671269406, -0.00714778481051, 0.00773672247306, -0.000673982722219, -0.0138571774587, 0.0347411781549, -0.0162960365415], [-0.000392422807636, 0.000141894473927, -0.000511137885042, -0.00627391040325, 0.00316722365096, 0.000517101259902, -0.00131714891177, 0.00509563088417, -0.00384162878618, 0.0065637556836, 0.00387667748146, -0.0162960365415, 0.0302311126143]]
    spectral_contrast:
        mean: [6.35032620266e-07, 2.8107832506e-08, 3.41571166018e-07, 2.87127619458e-07, -2.32554697277e-07, -4.75750603357e-08, -9.09126072202e-07, 1.4501727037e-06, 6.70983411055e-08, 4.3899094635e-06, 4.42157443103e-06, -1.16918920412e-06]
        var: [0.000293171149679, 0.000555782811716, 0.00161081098486, 0.00224451255053, 0.00421006791294, 0.00464858487248, 0.0309953000396, 0.0610154233873, 0.109050087631, 0.129578366876, 0.216592922807, 0.919047296047]

rhythm:
    beats_loudness:
        dmean: 0.00271537201479
        dmean2: 0.00473052123562
        dvar: 2.90303637485e-06
        dvar2: 4.86899853058e-06
        max: 0.00964598078281
        mean: 0.00581850856543
        min: 0.00259562605061
        var: 5.6811968534e-06
    beats_loudness_bass:
        dmean: 0.0350669547915
        dmean2: 0.0621331036091
        dvar: 0.00172591360752
        dvar2: 0.00390857458115
        max: 0.229853674769
        mean: 0.0502968393266
        min: 0.0102646388113
        var: 0.0032791167032
    bpm: 97.1818466187
    bpm_confidence: 0
    first_peak_bpm: 97
    first_peak_spread: 0
    first_peak_weight: 0.529411792755
    onset_rate: 3.98763012886
    second_peak_bpm: 129
    second_peak_spread: 0
    second_peak_weight: 0.411764711142
    beats_position: [0.366817593575, 0.984252214432, 1.60168683529, 2.21912145615, 2.83655595779, 3.45399093628, 4.07142543793, 4.68886041641, 5.3062953949, 5.92372989655, 6.57960891724, 7.04586076736, 7.51211357117, 7.97836589813, 8.4446182251, 8.91087150574, 9.3771238327, 9.84337520599]
    bpm_estimates: [99.1066360474, 96.8095703125, 97.4886627197, 96.8041305542, 96.800491333, 97.8561935425, 96.6374359131, 96.7758560181, 96.7238006592, 96.8156738281]
    bpm_intervals: [0.617434620857, 0.617434620857, 0.617434620857, 0.617434501648, 0.617434978485, 0.617434501648, 0.617434978485, 0.617434978485, 0.617434501648, 0.655879020691, 0.466251850128, 0.466252803802, 0.466252326965, 0.466252326965, 0.46625328064, 0.466252326965, 0.466251373291]
    onset_times: [0.0580498874187, 0.348299324512, 0.557278931141, 0.952018141747, 1.19582772255, 1.49768710136, 1.57895696163, 1.77632653713, 1.89242625237, 2.20589566231, 2.53097510338, 2.65868473053, 2.82122445107, 2.99537420273, 3.14630389214, 3.42494320869, 3.92417240143, 4.06349229813, 4.36535167694, 4.67882108688, 5.00390005112, 5.30575942993, 5.46829938889, 5.8282084465, 5.93269824982, 6.11845827103, 6.37387752533, 6.71056699753, 7.0356464386, 7.38394546509, 7.81351470947, 7.9644446373, 8.13859367371, 8.42884349823, 8.78875255585, 9.07900238037, 9.25315189362, 9.54340171814, 9.85687065125, 9.89170074463]
    rubato_start: [7.04586076736]
    rubato_stop: [7.51211357117]
    perceptual_tempo: "unknown"

sfx:
    inharmonicity:
        dmean: 0.071665994823
        dmean2: 0.126340344548
        dvar: 0.00458006048575
        dvar2: 0.013285310939
        max: 0.424774497747
        mean: 0.0861737057567
        min: 0.00175767403562
        var: 0.00507125025615
    oddtoevenharmonicenergyratio:
        dmean: 2.4258313179
        dmean2: 4.5487537384
        dvar: 48.39503479
        dvar2: 144.966537476
        max: 93.6697998047
        mean: 1.82042336464
        min: 0.00343302520923
        var: 27.13763237
    pitch_after_max_to_before_max_energy_ratio: 164.798156738
    pitch_centroid: 212.995376587
    pitch_max_to_total: 0
    pitch_min_to_total: 0.199074074626
    tristimulus:
        dmean: [0.131064787507, 0.316532164812, 0.192126244307]
        dmean2: [0.229029968381, 0.559047579765, 0.343613266945]
        dvar: [0.0146098062396, 0.0621263645589, 0.0277297049761]
        dvar2: [0.0421383492649, 0.186160475016, 0.0645512640476]
        max: [0.777799785137, 0.958832740784, 0.781032145023]
        mean: [0.211830407381, 0.472396016121, 0.207484945655]
        min: [0.0109331831336, 0, 0]
        var: [0.0173709448427, 0.0723748728633, 0.0380205623806]

tonal:
    chords_changes_rate: 0.0648148134351
    chords_number_rate: 0.0277777779847
    chords_strength:
        dmean: 0.0083983708173
        dmean2: 0.00960124284029
        dvar: 4.40179901489e-05
        dvar2: 5.69751937292e-05
        max: 0.742894411087
        mean: 0.639348983765
        min: 0.519364595413
        var: 0.00338588561863
    key_strength: 0.750883638859
    tuning_diatonic_strength: 0.746040523052
    tuning_equal_tempered_deviation: 0.0998643562198
    tuning_frequency: 443.316436768
    tuning_nontempered_energy_ratio: 0.776644349098
    hpcp:
        dmean: [0.214361026883, 0.18433406949, 0.173249945045, 0.163774177432, 0.165593296289, 0.182537853718, 0.168524652719, 0.152458295226, 0.140300303698, 0.131231382489, 0.125896349549, 0.149636656046, 0.161084160209, 0.171233072877, 0.203027203679, 0.213252082467, 0.204235702753, 0.140627205372, 0.124700680375, 0.125824615359, 0.140765562654, 0.140150427818, 0.141165032983, 0.154950156808, 0.139670968056, 0.118292927742, 0.159792989492, 0.196538597345, 0.191016465425, 0.184039399028, 0.173335716128, 0.190914690495, 0.186862394214, 0.209615960717, 0.20328579843, 0.201743781567]
        dmean2: [0.355749100447, 0.298406392336, 0.301091372967, 0.285573512316, 0.271997720003, 0.305076122284, 0.269182085991, 0.25073108077, 0.240776062012, 0.227114871144, 0.214113250375, 0.252587586641, 0.265634655952, 0.273741543293, 0.33817332983, 0.341501802206, 0.339818567038, 0.230494096875, 0.215750828385, 0.226722925901, 0.244120523334, 0.243175446987, 0.235182344913, 0.252207845449, 0.227708786726, 0.20634996891, 0.256261527538, 0.328001230955, 0.31906324625, 0.302342057228, 0.291074603796, 0.326487839222, 0.317744165659, 0.356295019388, 0.33546230197, 0.337327480316]
        dvar: [0.0346703343093, 0.0244116913527, 0.028422921896, 0.0275737289339, 0.0343002006412, 0.0356926321983, 0.0292052514851, 0.0240500178188, 0.0226209592074, 0.0209478642792, 0.0202172938734, 0.0244150236249, 0.0269903820008, 0.0238463208079, 0.034084238112, 0.0369912721217, 0.0363240465522, 0.0179006457329, 0.0237566530704, 0.0327823124826, 0.0259474031627, 0.0224551074207, 0.022335877642, 0.0224981885403, 0.021471394226, 0.0179255343974, 0.0325115062296, 0.0485080219805, 0.0505326427519, 0.0424484536052, 0.0357605479658, 0.0339104160666, 0.0288348179311, 0.031877849251, 0.0275555793196, 0.0286524146795]
        dvar2: [0.0801314041018, 0.0547165945172, 0.074660860002, 0.0758635923266, 0.0943969935179, 0.0927580520511, 0.0674645230174, 0.0640878900886, 0.0615080669522, 0.0599510930479, 0.0495488010347, 0.0658032149076, 0.0734994933009, 0.0590864755213, 0.0805532187223, 0.0892582386732, 0.103178523481, 0.0479072593153, 0.0611276440322, 0.0914055779576, 0.0706895589828, 0.0522126927972, 0.0616494417191, 0.0513573996723, 0.049398869276, 0.0433893054724, 0.0881651043892, 0.124036610126, 0.125854209065, 0.0969086438417, 0.0775189697742, 0.0985473617911, 0.0750166848302, 0.0811881273985, 0.0669452026486, 0.0698031932116]
        max: [1, 1, 1, 1, 1, 1, 1, 1, 1, 1, 1, 1, 1, 1, 1, 1, 1, 1, 1, 1, 1, 1, 1, 1, 1, 1, 1, 1, 1, 1, 1, 1, 1, 1, 1, 1]
        mean: [0.47791442275, 0.389095366001, 0.29414203763, 0.26169654727, 0.259809523821, 0.306356966496, 0.31856533885, 0.262005448341, 0.219063341618, 0.197234377265, 0.196882605553, 0.241691499949, 0.279654830694, 0.299547344446, 0.390123516321, 0.474498957396, 0.402213126421, 0.267044275999, 0.189495190978, 0.156601548195, 0.189227774739, 0.245422750711, 0.261174082756, 0.266974627972, 0.230278491974, 0.186850965023, 0.247107475996, 0.293583273888, 0.260406911373, 0.284002661705, 0.317348212004, 0.289741694927, 0.30202755332, 0.357883423567, 0.385746717453, 0.440949052572]
        min: [0.0321079343557, 0.0278229117393, 0.0323911271989, 0.0171749573201, 0.0211326926947, 0.013743438758, 0.0152766164392, 0.0136200496927, 0.0155427986756, 0.0144095560536, 0.0178731530905, 0.0154745019972, 0.0151250120252, 0.019212782383, 0.0384130589664, 0.039743822068, 0.0400666408241, 0.0339790061116, 0.0183851327747, 0.00724804215133, 0.00836466439068, 0.00721594924107, 0.024770244956, 0.0200286246836, 0.0141560090706, 0.0159100666642, 0.017991323024, 0.0128870150074, 0.0151249375194, 0.0159458201379, 0.0275078527629, 0.0283761527389, 0.024505501613, 0.0226743482053, 0.0303922723979, 0.0464873313904]
        var: [0.0787597224116, 0.0544299185276, 0.0413495860994, 0.0385445989668, 0.04600398615, 0.0614646412432, 0.074167907238, 0.0457079224288, 0.0280539058149, 0.0248575229198, 0.0313061438501, 0.0419466048479, 0.0515389852226, 0.0491078197956, 0.0652524903417, 0.0830970779061, 0.0646136850119, 0.0293067656457, 0.0257314369082, 0.0270431786776, 0.0315938517451, 0.0513038411736, 0.050303272903, 0.0458818823099, 0.0354534685612, 0.0224384441972, 0.0495640262961, 0.0774542465806, 0.0645599961281, 0.063016615808, 0.0720404684544, 0.0487059019506, 0.0458884239197, 0.0565408244729, 0.0555891320109, 0.0585379116237]
    chords_histogram: [31.0185184479, 0, 13.4259262085, 0.925925910473, 0, 0, 0, 0, 0, 0, 0, 0, 0, 0, 0, 6.94444465637, 0, 9.25925922394, 0, 0, 0, 0, 18.9814815521, 19.4444446564]
    thpcp: [1, 0.814152777195, 0.61547011137, 0.547580361366, 0.543631911278, 0.641028940678, 0.666574001312, 0.548226714134, 0.458373576403, 0.412698119879, 0.41196206212, 0.505721271038, 0.585156679153, 0.62678027153, 0.816304147243, 0.992853403091, 0.841600716114, 0.558770060539, 0.396504431963, 0.327676951885, 0.39594489336, 0.513528645039, 0.546487152576, 0.558624327183, 0.48184043169, 0.390971601009, 0.517053842545, 0.614300906658, 0.544881880283, 0.59425419569, 0.664027273655, 0.606262743473, 0.631969928741, 0.748844146729, 0.807146012783, 0.922652721405]
    chords_key: "D"
    chords_scale: "major"
    key_key: "D"
    key_scale: "major"
    chords_progression: ["D", "D", "D", "D", "D", "D", "D", "D", "D", "D", "D", "D", "D", "D", "D", "D", "D", "D", "D", "D", "D", "D", "D", "D", "D", "D", "D", "D", "D", "D", "D", "D", "D", "D", "D", "D", "D", "D", "D", "D", "D", "D", "D", "D", "D", "D", "D", "Dm", "D", "D", "D", "D", "D", "D", "D", "D", "D", "D", "D", "D", "D", "D", "D", "D", "D", "D", "D", "D", "Bm", "Bm", "Bm", "Bm", "Bm", "Bm", "Bm", "Bm", "Bm", "Bm", "Bm", "Bm", "Bm", "Bm", "Bm", "Bm", "Bm", "Bm", "Bm", "Bm", "Bm", "Bm", "Bm", "Bm", "Bm", "Bm", "Bm", "Bm", "Bm", "Bm", "Bm", "Bm", "Bm", "Bm", "Bm", "Bm", "Bm", "Bm", "Bm", "Bm", "Bm", "Bm", "G", "G", "G", "G", "G", "G", "G", "G", "G", "G", "G", "G", "G", "G", "G", "G", "G", "G", "G", "G", "G", "G", "G", "G", "G", "G", "G", "G", "G", "G", "Gm", "Gm", "Gm", "Gm", "Gm", "Gm", "Gm", "Gm", "Gm", "Gm", "G", "G", "G", "G", "G", "Gm", "G", "G", "G", "G", "Gm", "G", "G", "Gm", "Gm", "Gm", "Dm", "Dm", "Dm", "Dm", "Dm", "Dm", "Dm", "Dm", "Dm", "Dm", "Dm", "Dm", "Dm", "Dm", "Dm", "Dm", "Dm", "Dm", "Dm", "C#m", "C#m", "A", "A", "A", "A", "A", "A", "A", "A", "A", "A", "A", "A", "A", "A", "A", "A", "A", "A", "A", "A", "A", "A", "A", "A", "A", "A", "A", "A", "A"]
