
metadata:
    version:
        essentia: "1.2.2"
    audio_properties:
        analysis_sample_rate: 44100
        bitrate: 128
        channels: 2
        equal_loudness: 1
        length: 10.0310201645
        replay_gain: -12.5514793396
        downmix: "mix"
    tags:
        track: 26
        year: 0
        album: "Splitted by Mp3Splt v. 2.1"
        artist: "From 004.10 To 004.20"
        comment: "http://mp3splt.sf.net"
        genre: ""
        title: "03 I Have Always Loved You.mp3"

highlevel:
    ballroom:
        all:
            ChaChaCha: 0.0887516736984
            Jive: 0.128342583776
            Quickstep: 0.155856236815
            Rumba-American: 0.0184957832098
            Rumba-International: 0.227224186063
            Rumba-Misc: 0.076508872211
            Samba: 0.267354667187
            Tango: 0.00477469852194
            VienneseWaltz: 0.0163909979165
            Waltz: 0.016300322488
        probability: 0.267354667187
        value: "Samba"
    culture:
        all:
            non_western: 0.0352405421436
            western: 0.964759469032
        probability: 0.964759469032
        value: "western"
    gender:
        all:
            female: 0.13080701232
            male: 0.869192957878
        probability: 0.869192957878
        value: "male"
    genre_dortmund:
        all:
            alternative: 0.121636390686
            blues: 0.011813624762
            electronic: 0.172428548336
            folkcountry: 0.173199042678
            funksoulrnb: 0.0534272268414
            jazz: 0.0359199419618
            pop: 0.145996779203
            raphiphop: 0.0249048732221
            rock: 0.260673552752
        probability: 0.260673552752
        value: "rock"
    genre_electronica:
        all:
            ambient: 0.213541850448
            dnb: 0.0783120915294
            house: 0.161783263087
            techno: 0.0198263265193
            trance: 0.526536464691
        probability: 0.526536464691
        value: "trance"
    genre_rosamerica:
        all:
            cla: 0.0100262211636
            dan: 0.107686690986
            hip: 0.00888189021498
            jaz: 0.0136139877141
            pop: 0.191701188684
            rhy: 0.63732868433
            roc: 0.0261125136167
            spe: 0.00464883586392
        probability: 0.63732868433
        value: "rhy"
    genre_tzanetakis:
        all:
            blu: 0.00685332482681
            cla: 0.00516809523106
            cou: 0.0246507264674
            dis: 0.0226257387549
            hip: 0.00475473236293
            jaz: 0.0038967311848
            met: 0.00328330113553
            pop: 0.72335100174
            reg: 0.117222324014
            roc: 0.0881939977407
        probability: 0.72335100174
        value: "pop"
    live_studio:
        all:
            live: 0.580194175243
            studio: 0.419805854559
        probability: 0.580194175243
        value: "live"
    mood:
        all:
            Cluster1: 0.122326292098
            Cluster2: 0.275018155575
            Cluster3: 0.513604283333
            Cluster4: 0.0597474612296
            Cluster5: 0.0293038263917
        probability: 0.513604283333
        value: "Cluster3"
    mood_acoustic:
        all:
            acoustic: 0.316967427731
            not_acoustic: 0.683032572269
        probability: 0.683032572269
        value: "not_acoustic"
    mood_aggressive:
        all:
            aggressive: 0.0053548514843
            not_aggressive: 0.994645178318
        probability: 0.994645178318
        value: "not_aggressive"
    mood_electronic:
        all:
            electronic: 0.455595523119
            not_electronic: 0.544404506683
        probability: 0.544404506683
        value: "not_electronic"
    mood_happy:
        all:
            happy: 0.447960168123
            not_happy: 0.552039802074
        probability: 0.552039802074
        value: "not_happy"
    mood_party:
        all:
            not_party: 0.732009887695
            party: 0.267990112305
        probability: 0.732009887695
        value: "not_party"
    mood_relaxed:
        all:
            not_relaxed: 0.541564941406
            relaxed: 0.458435058594
        probability: 0.541564941406
        value: "not_relaxed"
    mood_sad:
        all:
            not_sad: 0.272864252329
            sad: 0.727135717869
        probability: 0.727135717869
        value: "sad"
    rhythm:
        all:
            fast: 0.487259566784
            medium: 0.462713062763
            slow: 0.0500273816288
        probability: 0.487259566784
        value: "fast"
    speech_music:
        all:
            music: 0.998108148575
            speech: 0.00189184944611
        probability: 0.998108148575
        value: "music"
    timbre:
        all:
            bright: 0.305501073599
            dark: 0.694498896599
        probability: 0.694498896599
        value: "dark"
    voice_instrumental:
        all:
            instrumental: 0.0179340559989
            voice: 0.982065916061
        probability: 0.982065916061
        value: "voice"

lowlevel:
    average_loudness: 0.866959810257
    barkbands_kurtosis:
        dmean: 2.42909240723
        dmean2: 3.38908576965
        dvar: 14.5068721771
        dvar2: 25.5131607056
        max: 77.0069732666
        mean: 3.93699789047
        min: -1.82901227474
        var: 79.0085983276
    barkbands_skewness:
        dmean: 0.513139367104
        dmean2: 0.733913838863
        dvar: 0.243600159883
        dvar2: 0.463728189468
        max: 8.44854259491
        mean: 1.61217355728
        min: -1.16088807583
        var: 1.78790533543
    barkbands_spread:
        dmean: 5.58874940872
        dmean2: 8.08164787292
        dvar: 32.5334434509
        dvar2: 63.414642334
        max: 69.8566665649
        mean: 24.1391124725
        min: 1.9235445261
        var: 197.875061035
    dissonance:
        dmean: 0.0258539225906
        dmean2: 0.0423303470016
        dvar: 0.000474243046483
        dvar2: 0.00126417388674
        max: 0.498343199492
        mean: 0.44169613719
        min: 0.290683239698
        var: 0.00122669572011
    hfc:
        dmean: 1.58680737019
        dmean2: 2.27573823929
        dvar: 8.10328292847
        dvar2: 19.2792778015
        max: 30.776473999
        mean: 3.86095619202
        min: 0.0197696201503
        var: 21.0657920837
    pitch:
        dmean: 344.486175537
        dmean2: 655.11730957
        dvar: 908186.75
        dvar2: 2215339.5
        max: 4900
        mean: 596.688659668
        min: 82.8947372437
        var: 1304023.25
    pitch_instantaneous_confidence:
        dmean: 0.0797380805016
        dmean2: 0.118211574852
        dvar: 0.00427598366514
        dvar2: 0.00889031402767
        max: 0.917116165161
        mean: 0.468978762627
        min: 0.147435367107
        var: 0.0322293527424
    pitch_salience:
        dmean: 0.0642851144075
        dmean2: 0.100162506104
        dvar: 0.00407093204558
        dvar2: 0.00819536484778
        max: 0.840863764286
        mean: 0.567387759686
        min: 0.164285004139
        var: 0.0156792737544
    silence_rate_20dB:
        dmean: 0
        dmean2: 0
        dvar: 0
        dvar2: 0
        max: 1
        mean: 1
        min: 1
        var: 0
    silence_rate_30dB:
        dmean: 0
        dmean2: 0
        dvar: 0
        dvar2: 0
        max: 1
        mean: 1
        min: 1
        var: 0
    silence_rate_60dB:
        dmean: 0.125
        dmean2: 0.250580042601
        dvar: 0.109375
        dvar2: 0.220272004604
        max: 1
        mean: 0.549653589725
        min: 0
        var: 0.247534126043
    spectral_centroid:
        dmean: 223.663192749
        dmean2: 323.460021973
        dvar: 78810.8671875
        dvar2: 142586.046875
        max: 3898.26904297
        mean: 968.444458008
        min: 284.069976807
        var: 389071.84375
    spectral_complexity:
        dmean: 2.4408352375
        dmean2: 3.8372092247
        dvar: 14.5249214172
        dvar2: 34.2712402344
        max: 41
        mean: 7.77546310425
        min: 0
        var: 35.8361663818
    spectral_crest:
        dmean: 2.40099167824
        dmean2: 3.757137537
        dvar: 5.21189498901
        dvar2: 11.8558635712
        max: 25.7903137207
        mean: 10.8587112427
        min: 3.09605526924
        var: 27.6704998016
    spectral_decrease:
        dmean: 2.99281127658e-10
        dmean2: 4.60391169632e-10
        dvar: 1.82974251427e-19
        dvar2: 3.7386402678e-19
        max: -4.59157495011e-12
        mean: -8.77480754724e-10
        min: -4.14851974995e-09
        var: 6.01300696623e-19
    spectral_energy:
        dmean: 0.00125491525978
        dmean2: 0.00191217975225
        dvar: 3.16894056596e-06
        dvar2: 6.6142556534e-06
        max: 0.0168034397066
        mean: 0.00366201275028
        min: 2.13496241486e-05
        var: 1.02987669379e-05
    spectral_energyband_high:
        dmean: 0.000133680790896
        dmean2: 0.000192188555957
        dvar: 7.29501863361e-08
        dvar2: 1.58657741167e-07
        max: 0.00460848677903
        mean: 0.000248873373494
        min: 2.30765209608e-07
        var: 2.85176241732e-07
    spectral_energyband_low:
        dmean: 0.000119724165415
        dmean2: 0.00018582699704
        dvar: 1.15255119226e-07
        dvar2: 2.80125703966e-07
        max: 0.00386356143281
        mean: 0.000250838842476
        min: 4.65822125761e-07
        var: 1.23229654037e-07
    spectral_energyband_middle_high:
        dmean: 0.00033917510882
        dmean2: 0.000508549856022
        dvar: 5.22969969552e-07
        dvar2: 1.33026298954e-06
        max: 0.00790902413428
        mean: 0.000832107441965
        min: 3.43103806699e-06
        var: 1.34639208227e-06
    spectral_energyband_middle_low:
        dmean: 0.00092817278346
        dmean2: 0.00149613898247
        dvar: 2.12515624298e-06
        dvar2: 4.40681333203e-06
        max: 0.0149203622714
        mean: 0.00233019143343
        min: 1.05737799458e-05
        var: 6.33795661997e-06
    spectral_flatness_db:
        dmean: 0.0204599034041
        dmean2: 0.0295514687896
        dvar: 0.000391008274164
        dvar2: 0.000732487242203
        max: 0.336091220379
        mean: 0.167150393128
        min: 0.0618554092944
        var: 0.00315133598633
    spectral_flux:
        dmean: 0.00896166265011
        dmean2: 0.0137688238174
        dvar: 0.000136502523674
        dvar2: 0.000310877861921
        max: 0.100215606391
        mean: 0.0286180488765
        min: 0.00289556011558
        var: 0.000310268806061
    spectral_kurtosis:
        dmean: 1.53206396103
        dmean2: 2.36381387711
        dvar: 3.08809614182
        dvar2: 7.20176076889
        max: 18.1271877289
        mean: 4.19973611832
        min: -0.426382780075
        var: 9.15668487549
    spectral_rms:
        dmean: 0.000303427776089
        dmean2: 0.000452799460618
        dvar: 1.42773586731e-07
        dvar2: 2.69987680213e-07
        max: 0.00404890114442
        mean: 0.00170720217284
        min: 0.0001443222136
        var: 6.58158626266e-07
    spectral_rolloff:
        dmean: 548.272094727
        dmean2: 850.010559082
        dvar: 509854.75
        dvar2: 993688.625
        max: 6330.76171875
        mean: 1863.16772461
        min: 258.3984375
        var: 2178296.5
    spectral_skewness:
        dmean: 0.236821189523
        dmean2: 0.341018646955
        dvar: 0.0518097542226
        dvar2: 0.103232324123
        max: 3.43338155746
        mean: 1.64538097382
        min: 0.172855645418
        var: 0.30430623889
    spectral_spread:
        dmean: 802814.3125
        dmean2: 1033638.9375
        dvar: 769024393216
        dvar2: 1.25679973171e+12
        max: 12726803
        mean: 5567962
        min: 2645633.75
        var: 3.23159274291e+12
    spectral_strongpeak:
        dmean: 0.157624408603
        dmean2: 0.26401591301
        dvar: 0.0656363219023
        dvar2: 0.166936293244
        max: 3.02274513245
        mean: 0.404945611954
        min: 0.00729719456285
        var: 0.242080807686
    zerocrossingrate:
        dmean: 0.0104736890644
        dmean2: 0.0118073215708
        dvar: 0.000105684463051
        dvar2: 0.000121390476124
        max: 0.1923828125
        mean: 0.0635240375996
        min: 0.01220703125
        var: 0.00115526968148
    barkbands:
        dmean: [5.65066386571e-07, 4.01255892939e-05, 0.000102889200207, 0.000115437309432, 0.000517930078786, 0.000329793489072, 7.66471712268e-05, 0.000117513794976, 0.000109649976366, 4.24621212005e-05, 8.84694673005e-05, 3.81257923436e-05, 2.10121543205e-05, 2.17797442019e-05, 2.45945484494e-05, 3.64968364011e-05, 4.86324897793e-05, 4.95812855661e-05, 8.97698337212e-05, 9.04361659195e-05, 4.66469755338e-05, 3.58261131623e-05, 1.04734699562e-05, 5.34223363502e-06, 2.67602922577e-06, 1.38028482866e-07, 5.67337399282e-10]
        dmean2: [8.39127267227e-07, 6.57410273561e-05, 0.000175846478669, 0.000209547768463, 0.000854826706927, 0.000515676045325, 0.00011677260045, 0.000157074537128, 0.000171770225279, 6.64289182168e-05, 0.000120994940517, 6.52176895528e-05, 3.27933412336e-05, 3.60693447874e-05, 4.14364258177e-05, 6.42332452117e-05, 8.04698865977e-05, 7.71483610151e-05, 0.000148091916344, 0.000141576587339, 6.7168926762e-05, 5.22215232195e-05, 1.45404055729e-05, 8.01257738203e-06, 3.83733959097e-06, 2.02212561362e-07, 9.34637034433e-10]
        dvar: [1.25196229252e-12, 5.56124835072e-09, 1.14559085773e-07, 2.14465146087e-07, 1.19756202821e-06, 3.65226526355e-07, 1.68206195639e-08, 3.10168530859e-07, 6.23252844889e-08, 1.37942830492e-08, 5.88547415248e-08, 6.63396138023e-09, 1.84090931388e-09, 1.54859980395e-09, 3.25373838983e-09, 1.06240829467e-08, 1.80730168609e-08, 6.29155527676e-09, 4.05758839861e-08, 2.77426011053e-08, 8.87863293997e-09, 1.1879941475e-08, 7.65846885908e-10, 2.20491166991e-10, 3.7392727803e-11, 1.13522818262e-13, 2.18680766603e-18]
        dvar2: [2.73146544445e-12, 1.43690117582e-08, 3.10672447768e-07, 5.85735904224e-07, 2.48499418376e-06, 9.33264630021e-07, 3.44950308317e-08, 3.84618971339e-07, 1.55544611857e-07, 2.77165437268e-08, 9.90676909396e-08, 1.78290289199e-08, 3.25132165635e-09, 4.31227320519e-09, 8.89455709085e-09, 2.97210931421e-08, 5.09602067211e-08, 1.54023531707e-08, 1.13847278271e-07, 6.68806734438e-08, 2.04312566865e-08, 2.7890397547e-08, 1.51758627887e-09, 5.11395537028e-10, 8.14686582085e-11, 2.2343326462e-13, 5.31077539732e-18]
        max: [1.07531650428e-05, 0.000652326503769, 0.00352530437522, 0.00421845447272, 0.0130030736327, 0.00711501110345, 0.00176050816663, 0.0139033803716, 0.0036034733057, 0.00240258220583, 0.0055598821491, 0.000677711796016, 0.000720846583135, 0.000452833104646, 0.000589118048083, 0.00111942726653, 0.00148537289351, 0.000804857059848, 0.0019752078224, 0.00169504119549, 0.00154869479593, 0.00215918570757, 0.000510985031724, 0.00025439527235, 5.79293846386e-05, 2.78038601209e-06, 1.4577505425e-08]
        mean: [1.02487911136e-06, 6.40114376438e-05, 0.000185809214599, 0.000114278467663, 0.00094849121524, 0.000655648182146, 0.000126189610455, 0.000250987388426, 0.000223869283218, 7.62190538808e-05, 0.000213467355934, 4.83476760564e-05, 3.5698460124e-05, 3.39142316079e-05, 3.77300893888e-05, 4.18262643507e-05, 6.75043775118e-05, 9.13631665753e-05, 0.000122336801724, 0.000144803081639, 9.52824630076e-05, 5.53002973902e-05, 1.67343587236e-05, 7.4092745308e-06, 3.60782701136e-06, 1.62718777119e-07, 5.4698745533e-10]
        min: [4.01851989185e-11, 3.60130201216e-08, 2.89873412385e-07, 6.46080820843e-07, 3.42147268384e-06, 3.54064741259e-06, 1.08534584342e-06, 1.32452143475e-07, 2.05760755989e-07, 1.96298643118e-07, 1.74698669753e-07, 8.05615343324e-08, 7.74787025648e-08, 9.33697776873e-08, 1.34959293518e-07, 1.2879657163e-07, 7.39505523484e-08, 9.75977982876e-08, 2.86919743075e-07, 1.66280585745e-07, 9.66833582083e-08, 4.79580997137e-08, 8.52874482149e-09, 1.41374212337e-09, 1.667853744e-09, 8.90099105533e-11, 2.15936087913e-13]
        var: [3.60604341526e-12, 7.78266873169e-09, 9.03102161942e-08, 1.42826976912e-07, 2.71302883448e-06, 1.01838509181e-06, 4.11597227412e-08, 1.50202606619e-06, 2.36373182361e-07, 5.99920539912e-08, 5.26246765276e-07, 6.52377218913e-09, 5.6171853835e-09, 2.71012745579e-09, 3.64899332972e-09, 8.41732550327e-09, 1.54387667095e-08, 1.70609002481e-08, 4.26524593422e-08, 4.88634981366e-08, 4.26556496791e-08, 2.64787871629e-08, 2.70431232963e-09, 4.59081023196e-10, 6.51452641831e-11, 1.60311529134e-13, 2.33520221357e-18]
    mfcc:
        mean: [-755.382141113, 123.973045349, -19.2821121216, 48.1438407898, -19.3721885681, -8.79564094543, -2.41627645493, -6.00616979599, -9.91436958313, -9.99664211273, -8.11849880219, -7.3907623291, -5.72480964661]
        cov: [[5651.99267578, -1820.96740723, 34.444896698, -151.843734741, -4.15023422241, 188.636001587, 153.350982666, -15.0799436569, 370.941131592, 126.390518188, 103.866226196, 24.4122161865, 148.340606689], [-1820.96740723, 1229.77929688, -258.765960693, 76.7329330444, -3.92931580544, -124.3673172, 67.1629180908, 14.4217863083, -82.3577194214, -21.7724113464, 23.4769935608, -0.249451115727, -31.9263572693], [34.444896698, -258.765960693, 355.326934814, -19.8895149231, 27.0654335022, 88.1044692993, -28.3349990845, 43.5930290222, 11.1372900009, 22.6520767212, -32.3186035156, 13.4847297668, -0.185832336545], [-151.843734741, 76.7329330444, -19.8895149231, 253.811279297, 18.3633136749, -5.07917976379, -17.2337722778, 1.04387414455, -59.7145042419, -30.9674339294, 48.2853240967, 21.6946029663, 20.6201820374], [-4.15023422241, -3.92931580544, 27.0654335022, 18.3633136749, 206.783950806, 89.3199920654, 39.917591095, -46.0102310181, 76.5029067993, 17.0744628906, -9.53623485565, 26.6978721619, 43.9936523438], [188.636001587, -124.3673172, 88.1044692993, -5.07917976379, 89.3199920654, 216.304992676, 92.6549453735, -1.09195518494, 107.856674194, 16.3601398468, 28.2434101105, 38.6249008179, 58.1038589478], [153.350982666, 67.1629180908, -28.3349990845, -17.2337722778, 39.917591095, 92.6549453735, 169.903457642, 15.8093490601, 88.9717102051, 15.9964323044, 34.6159973145, 23.2356567383, 38.0780715942], [-15.0799436569, 14.4217863083, 43.5930290222, 1.04387414455, -46.0102310181, -1.09195518494, 15.8093490601, 115.29989624, -7.58116292953, 5.72448158264, 13.6619262695, -1.63548588753, -12.496588707], [370.941131592, -82.3577194214, 11.1372900009, -59.7145042419, 76.5029067993, 107.856674194, 88.9717102051, -7.58116292953, 233.169326782, 52.2392120361, 1.72545540333, 7.37070894241, 47.6996383667], [126.390518188, -21.7724113464, 22.6520767212, -30.9674339294, 17.0744628906, 16.3601398468, 15.9964323044, 5.72448158264, 52.2392120361, 78.2785186768, 1.25007677078, 7.55827713013, 2.36276698112], [103.866226196, 23.4769935608, -32.3186035156, 48.2853240967, -9.53623485565, 28.2434101105, 34.6159973145, 13.6619262695, 1.72545540333, 1.25007677078, 110.528968811, 36.3372192383, 38.1078491211], [24.4122161865, -0.249451115727, 13.4847297668, 21.6946029663, 26.6978721619, 38.6249008179, 23.2356567383, -1.63548588753, 7.37070894241, 7.55827713013, 36.3372192383, 61.5921363831, 33.4226226807], [148.340606689, -31.9263572693, -0.185832336545, 20.6201820374, 43.9936523438, 58.1038589478, 38.0780715942, -12.496588707, 47.6996383667, 2.36276698112, 38.1078491211, 33.4226226807, 90.6284408569]]
        icov: [[0.000518378801644, 0.000917076540645, 0.000457856134744, -3.32468480337e-05, 8.67803901201e-05, 0.000453211920103, -0.000667090294883, -7.62742565712e-05, -0.000362576713087, -0.000452062900877, -0.000350617745426, 8.49385687616e-05, -0.000261116278125], [0.000917076540645, 0.00273766415194, 0.00148025923409, -0.000303444074234, -0.000268272677204, 0.00143246445805, -0.00201997044496, -0.000520463159773, -0.000244090755587, -0.000871094642207, -0.00048591819359, -0.000144206118421, -6.71144225635e-05], [0.000457856134744, 0.00148025923409, 0.0050119352527, -1.53651433266e-06, -0.000304481305648, -0.0020411289297, 0.000932749942876, -0.00237607839517, 0.000540640845429, -0.00158404209651, 0.0015802308917, -0.0010841289768, 1.16495866678e-05], [-3.32468480337e-05, -0.000303444074234, -1.53651433266e-06, 0.00508581288159, -0.00114228122402, -0.000136334070703, 0.000924980442505, -0.000409193744417, 0.00116711889859, 0.0013986461563, -0.00215510022826, -0.000234006220126, -0.000671042245813], [8.67803901201e-05, -0.000268272677204, -0.000304481305648, -0.00114228122402, 0.00779034383595, -0.00206772750244, -0.00018786599685, 0.00274514988996, -0.0013813173864, -0.000901139341295, 0.00248916307464, -0.00182854034938, -0.00159761344548], [0.000453211920103, 0.00143246445805, -0.0020411289297, -0.000136334070703, -0.00206772750244, 0.0108918109909, -0.00461538042873, 0.000339160847943, -0.00267963390797, 0.00134291744325, -0.0016707458999, -0.0019599464722, -0.00140299205668], [-0.000667090294883, -0.00201997044496, 0.000932749942876, 0.000924980442505, -0.00018786599685, -0.00461538042873, 0.0115121090785, -0.00198594364338, -0.00179125671275, 0.000715136062354, -0.000859740481246, -0.000915907148737, -0.000265327951638], [-7.62742565712e-05, -0.000520463159773, -0.00237607839517, -0.000409193744417, 0.00274514988996, 0.000339160847943, -0.00198594364338, 0.0113822352141, -0.000162755284691, -0.000560973538086, -0.00166603224352, 0.000623177795205, 0.00145459803753], [-0.000362576713087, -0.000244090755587, 0.000540640845429, 0.00116711889859, -0.0013813173864, -0.00267963390797, -0.00179125671275, -0.000162755284691, 0.00875928532332, -0.00399101804942, 0.00108457147144, 0.00279295747168, -0.00263049197383], [-0.000452062900877, -0.000871094642207, -0.00158404209651, 0.0013986461563, -0.000901139341295, 0.00134291744325, 0.000715136062354, -0.000560973538086, -0.00399101804942, 0.0169858522713, -0.00103160343133, -0.00308204512112, 0.00253835204057], [-0.000350617745426, -0.00048591819359, 0.0015802308917, -0.00215510022826, 0.00248916307464, -0.0016707458999, -0.000859740481246, -0.00166603224352, 0.00108457147144, -0.00103160343133, 0.0153468968347, -0.0061818161048, -0.00382666359656], [8.49385687616e-05, -0.000144206118421, -0.0010841289768, -0.000234006220126, -0.00182854034938, -0.0019599464722, -0.000915907148737, 0.000623177795205, 0.00279295747168, -0.00308204512112, -0.0061818161048, 0.0257489662617, -0.00581004144624], [-0.000261116278125, -6.71144225635e-05, 1.16495866678e-05, -0.000671042245813, -0.00159761344548, -0.00140299205668, -0.000265327951638, 0.00145459803753, -0.00263049197383, 0.00253835204057, -0.00382666359656, -0.00581004144624, 0.0186476130038]]
    spectral_contrast:
        mean: [-1.58083381052e-07, -5.14469498114e-08, 5.15098975029e-07, -3.38337429184e-08, 1.82194284548e-07, 2.848122449e-07, -1.21196114833e-06, 8.15286682609e-07, 3.47707555193e-06, 2.19074672714e-06, 1.72439547441e-06, -8.96277242646e-07]
        var: [0.000423691381002, 0.000888582027983, 0.00181956752203, 0.00246869237162, 0.00515179289505, 0.00813061930239, 0.0757311806083, 0.123054787517, 0.141684263945, 0.35528665781, 0.659294068813, 3.19639015198]

rhythm:
    beats_loudness:
        dmean: 0.00404682243243
        dmean2: 0.00647986354306
        dvar: 5.65433401789e-06
        dvar2: 1.63323311426e-05
        max: 0.011342227459
        mean: 0.00546486815438
        min: 0.000234388920944
        var: 9.02518786461e-06
    beats_loudness_bass:
        dmean: 0.182229980826
        dmean2: 0.330165445805
        dvar: 0.0303128324449
        dvar2: 0.0705440714955
        max: 0.654901981354
        mean: 0.14413805306
        min: 0.000784031813964
        var: 0.0315080434084
    bpm: 112.53427887
    bpm_confidence: 0
    first_peak_bpm: 113
    first_peak_spread: 0
    first_peak_weight: 0.555555582047
    onset_rate: 4.88484716415
    second_peak_bpm: 137
    second_peak_spread: 0
    second_peak_weight: 0.388888895512
    beats_position: [0.524353086948, 1.05752444267, 1.590695858, 2.12386727333, 2.65703868866, 3.19021010399, 3.72338151932, 4.25655269623, 4.78972434998, 5.32289552689, 5.85606718063, 6.485704422, 6.92470598221, 7.36370801926, 7.80271053314, 8.24171161652, 8.68071365356, 9.11971664429, 9.55871868134]
    bpm_estimates: [112.624977112, 112.434280396, 112.616210938, 112.817573547, 112.589530945, 112.432739258, 112.497528076, 112.414901733, 112.531822205, 112.447319031, 112.470252991]
    bpm_intervals: [0.533171355724, 0.533171415329, 0.533171415329, 0.533171415329, 0.533171415329, 0.533171415329, 0.53317117691, 0.533171653748, 0.53317117691, 0.533171653748, 0.629637241364, 0.439001560211, 0.439002037048, 0.439002513885, 0.439001083374, 0.439002037048, 0.439002990723, 0.439002037048]
    onset_times: [0.0464399084449, 0.267029464245, 0.429569154978, 0.510838985443, 0.789478480816, 0.9287981987, 1.04489791393, 1.32353746891, 1.59056687355, 1.86920630932, 1.99691605568, 2.11301589012, 2.41487526894, 2.55419492722, 2.65868473053, 2.83283448219, 2.94893431664, 3.09986400604, 3.20435380936, 3.47138333321, 3.73841261864, 3.90095233917, 4.00544214249, 4.23764181137, 4.56272125244, 4.80653047562, 5.07356023788, 5.21287965775, 5.34058952332, 5.44507932663, 5.61922883987, 5.9094786644, 6.18811798096, 6.39709758759, 6.64090681076, 6.90793657303, 7.41877555847, 7.56970500946, 7.72063493729, 7.94122457504, 8.17342376709, 8.25469398499, 8.33596324921, 8.48689365387, 8.6146030426, 8.96290206909, 9.11383247375, 9.26476192474, 9.75238132477]
    rubato_start: [6.92470598221]
    rubato_stop: [9.55871868134]
    perceptual_tempo: "unknown"

sfx:
    inharmonicity:
        dmean: 0.0277882516384
        dmean2: 0.0491018593311
        dvar: 0.00141868612263
        dvar2: 0.00403248844668
        max: 0.242847025394
        mean: 0.02754198201
        min: 0
        var: 0.00123934738804
    oddtoevenharmonicenergyratio:
        dmean: 7.16250658035
        dmean2: 13.8652925491
        dvar: 3400.84667969
        dvar2: 10174.3027344
        max: 822.358764648
        mean: 4.19251966476
        min: 0
        var: 1732.79162598
    pitch_after_max_to_before_max_energy_ratio: 0.944689810276
    pitch_centroid: 208.654083252
    pitch_max_to_total: 0.6875
    pitch_min_to_total: 0.0439814813435
    tristimulus:
        dmean: [0.204098731279, 0.200694456697, 0.0784800499678]
        dmean2: [0.360052108765, 0.356426507235, 0.132912144065]
        dvar: [0.0376043692231, 0.037760861218, 0.00848499685526]
        dvar2: [0.0938604027033, 0.0997797772288, 0.0231044720858]
        max: [1, 0.953003048897, 0.622519552708]
        mean: [0.416527718306, 0.465338647366, 0.107835762203]
        min: [0.00627529062331, 0, 0]
        var: [0.0539859496057, 0.0497836135328, 0.0120417289436]

tonal:
    chords_changes_rate: 0.00921658985317
    chords_number_rate: 0.00921658985317
    chords_strength:
        dmean: 0.00640211300924
        dmean2: 0.00718614179641
        dvar: 2.69292959274e-05
        dvar2: 3.7060573959e-05
        max: 0.719383120537
        mean: 0.606074035168
        min: 0.445693582296
        var: 0.00474166311324
    key_strength: 0.791210055351
    tuning_diatonic_strength: 0.663074076176
    tuning_equal_tempered_deviation: 0.0308948140591
    tuning_frequency: 440.763122559
    tuning_nontempered_energy_ratio: 0.649971008301
    hpcp:
        dmean: [0.0584063306451, 0.0639409944415, 0.0701844841242, 0.12536008656, 0.185737505555, 0.234501436353, 0.198728397489, 0.222845926881, 0.116314657032, 0.090354077518, 0.0886464193463, 0.0987110212445, 0.121734075248, 0.09491186589, 0.0851024016738, 0.0561923980713, 0.0582984983921, 0.128526940942, 0.16623032093, 0.144543111324, 0.108644850552, 0.0906262397766, 0.0445705913007, 0.0239465404302, 0.031872831285, 0.0545720644295, 0.126539632678, 0.165478348732, 0.120786599815, 0.0548840425909, 0.0404121018946, 0.0477527789772, 0.0529752075672, 0.0522203370929, 0.0451080799103, 0.0441436432302]
        dmean2: [0.10551033169, 0.11797978729, 0.116971038282, 0.217546716332, 0.340933829546, 0.40222287178, 0.336845368147, 0.385687470436, 0.21224565804, 0.165126055479, 0.158525973558, 0.174691185355, 0.210551783442, 0.162477329373, 0.154943391681, 0.100815579295, 0.101569019258, 0.210146009922, 0.269398361444, 0.237510204315, 0.188200473785, 0.153354585171, 0.0767172649503, 0.0434997417033, 0.0584884695709, 0.10088596493, 0.212079763412, 0.274754524231, 0.197442993522, 0.0952413901687, 0.0682508721948, 0.0806410610676, 0.0924332141876, 0.0884076729417, 0.0790105611086, 0.0788672342896]
        dvar: [0.0130140176043, 0.0187407359481, 0.0107664130628, 0.0393604971468, 0.0589503385127, 0.0441701076925, 0.0690826177597, 0.0521265566349, 0.0284961201251, 0.0326058603823, 0.0364860631526, 0.0278798267245, 0.0354990437627, 0.0210759546608, 0.0413981378078, 0.0151938451454, 0.0131897255778, 0.0284878388047, 0.0480827763677, 0.04082454741, 0.0406715199351, 0.0332294180989, 0.00619987491518, 0.00191155320499, 0.00499041704461, 0.0185066889971, 0.0242705792189, 0.0353484489024, 0.0279725622386, 0.00802162289619, 0.00562290661037, 0.0125326802954, 0.0158220306039, 0.00612763781101, 0.00693139061332, 0.00856235157698]
        dvar2: [0.039459221065, 0.0587097518146, 0.0289286859334, 0.114542417228, 0.148078352213, 0.134774103761, 0.156843572855, 0.161557435989, 0.0797135084867, 0.0948773026466, 0.0993964672089, 0.0678897872567, 0.0844369903207, 0.0525082051754, 0.118580549955, 0.0417355187237, 0.0350674577057, 0.0737739726901, 0.102349504828, 0.0997515022755, 0.105589017272, 0.0886331498623, 0.0178837329149, 0.00513311475515, 0.0151371955872, 0.0598444826901, 0.0677033439279, 0.0847838521004, 0.0699577257037, 0.0223797746003, 0.0143306422979, 0.0337365195155, 0.043105173856, 0.0147883053869, 0.0189933516085, 0.0232706293464]
        max: [0.655299961567, 0.846210122108, 0.634270250797, 1, 1, 1, 1, 1, 1, 1, 1, 1, 1, 0.928556919098, 1, 0.778099298477, 0.753505289555, 1, 1, 1, 1, 1, 0.536015510559, 0.258945584297, 0.468922972679, 0.906080245972, 1, 1, 1, 0.539776444435, 0.501531124115, 0.829854607582, 1, 0.744145274162, 0.697729349136, 0.816778659821]
        mean: [0.0515797771513, 0.0542701967061, 0.0820057019591, 0.13487303257, 0.183284342289, 0.483816564083, 0.667659699917, 0.351223021746, 0.0992749929428, 0.0700842291117, 0.0877261906862, 0.146284922957, 0.16352237761, 0.106609798968, 0.0657906532288, 0.0486146584153, 0.0567626133561, 0.20167028904, 0.324475288391, 0.21290333569, 0.126362577081, 0.111885465682, 0.0486352369189, 0.0250380132347, 0.0307872630656, 0.0493229776621, 0.207702696323, 0.332693368196, 0.188925012946, 0.0517734624445, 0.0400401689112, 0.045027077198, 0.0617361217737, 0.0648455098271, 0.0482481047511, 0.0435830540955]
        min: [0.00029418503982, 0.000151263157022, 0.00124306825455, 0.00179395847954, 0.000966161373071, 0.000767736695707, 0.0132543137297, 0.000897154852282, 0.000223443421419, 0.000136550050229, 0.000131692446303, 0.000325214437908, 0.000639514182694, 0.00043207721319, 0.000102141391835, 9.420265269e-05, 0.000209876394365, 0.000957294483669, 0.000846217677463, 0.000601031177212, 0.000602006854024, 0, 2.43408578626e-07, 0.000457983260276, 0.000386358937249, 0.000439387280494, 0.00348368939012, 0.00376060581766, 0.00368406646885, 0.000308617163682, 8.9115666924e-05, 0.000241015193751, 0.000485274096718, 0.00111353409011, 0.000832573743537, 0.000555998180062]
        var: [0.00921009015292, 0.0117235118523, 0.0117034614086, 0.0374926254153, 0.0549965053797, 0.0782567411661, 0.139866292477, 0.058019887656, 0.0229520313442, 0.0220060236752, 0.0369489453733, 0.0552670247853, 0.0554496906698, 0.0262091588229, 0.0277183167636, 0.0110818855464, 0.0121026942506, 0.0515363179147, 0.115393698215, 0.0650191903114, 0.0518773086369, 0.0504903048277, 0.00770860770717, 0.00153669004794, 0.00344911869615, 0.0117356209084, 0.0469104386866, 0.100242242217, 0.0462295897305, 0.00720780948177, 0.00547949783504, 0.0112711340189, 0.0166187435389, 0.00973882898688, 0.00601755362004, 0.00663221720606]
    chords_histogram: [93.0875549316, 0, 0, 0, 0, 0, 0, 0, 0, 0, 0, 0, 0, 0, 0, 0, 0, 0, 0, 0, 0, 0, 0, 6.91244220734]
    thpcp: [1, 0.526050925255, 0.148691013455, 0.104969985783, 0.131393566728, 0.219101026654, 0.244918748736, 0.159676849842, 0.0985392034054, 0.0728135257959, 0.0850172862411, 0.302055507898, 0.485989034176, 0.318880021572, 0.189261943102, 0.167578577995, 0.0728443488479, 0.0375011600554, 0.0461122095585, 0.0738744288683, 0.311090648174, 0.498297810555, 0.282966017723, 0.0775446891785, 0.0599709227681, 0.0674401596189, 0.0924664512277, 0.097123593092, 0.0722645148635, 0.0652773454785, 0.0772545933723, 0.0812842175364, 0.122825600207, 0.202008649707, 0.274517595768, 0.72464543581]
    chords_key: "B"
    chords_scale: "major"
    key_key: "B"
    key_scale: "major"
    chords_progression: ["B", "B", "B", "B", "B", "B", "B", "B", "B", "B", "B", "B", "B", "B", "B", "B", "B", "B", "B", "B", "B", "B", "B", "B", "B", "B", "B", "B", "B", "B", "B", "B", "B", "B", "B", "B", "B", "B", "B", "B", "B", "B", "B", "B", "B", "B", "B", "B", "B", "B", "B", "B", "B", "B", "B", "B", "B", "B", "B", "B", "B", "B", "B", "B", "B", "B", "B", "B", "B", "B", "B", "B", "B", "B", "B", "B", "B", "B", "B", "B", "B", "B", "B", "B", "B", "B", "B", "B", "B", "B", "B", "B", "B", "B", "B", "B", "B", "B", "B", "B", "B", "B", "B", "B", "B", "B", "B", "B", "B", "B", "B", "B", "B", "B", "B", "B", "B", "B", "B", "B", "B", "B", "B", "B", "B", "B", "B", "B", "B", "B", "B", "B", "B", "G#m", "G#m", "G#m", "G#m", "G#m", "G#m", "G#m", "G#m", "G#m", "G#m", "G#m", "G#m", "G#m", "G#m", "G#m", "B", "B", "B", "B", "B", "B", "B", "B", "B", "B", "B", "B", "B", "B", "B", "B", "B", "B", "B", "B", "B", "B", "B", "B", "B", "B", "B", "B", "B", "B", "B", "B", "B", "B", "B", "B", "B", "B", "B", "B", "B", "B", "B", "B", "B", "B", "B", "B", "B", "B", "B", "B", "B", "B", "B", "B", "B", "B", "B", "B", "B", "B", "B", "B", "B", "B", "B", "B", "B"]
