
metadata:
    version:
        essentia: "1.2.2"
    audio_properties:
        analysis_sample_rate: 44100
        bitrate: 128
        channels: 2
        equal_loudness: 1
        length: 10.0310201645
        replay_gain: -11.3952522278
        downmix: "mix"
    tags:
        track: 25
        year: 0
        album: "Splitted by Mp3Splt v. 2.1"
        artist: "From 004.00 To 004.10"
        comment: "http://mp3splt.sf.net"
        genre: ""
        title: "15 Liberation.mp3"

highlevel:
    ballroom:
        all:
            ChaChaCha: 0.265370577574
            Jive: 0.0745825693011
            Quickstep: 0.178302407265
            Rumba-American: 0.0117209842429
            Rumba-International: 0.0381814241409
            Rumba-Misc: 0.114712558687
            Samba: 0.292825490236
            Tango: 0.00805053021759
            VienneseWaltz: 0.0120362946764
            Waltz: 0.00421715062112
        probability: 0.292825490236
        value: "Samba"
    culture:
        all:
            non_western: 0.0449188351631
            western: 0.955081164837
        probability: 0.955081164837
        value: "western"
    gender:
        all:
            female: 0.993813693523
            male: 0.00618629483506
        probability: 0.993813693523
        value: "female"
    genre_dortmund:
        all:
            alternative: 0.00390740018338
            blues: 0.00613387487829
            electronic: 0.00886352360249
            folkcountry: 0.0161020252854
            funksoulrnb: 0.0536463819444
            jazz: 0.0126719558612
            pop: 0.059762313962
            raphiphop: 0.816358566284
            rock: 0.0225539561361
        probability: 0.816358566284
        value: "raphiphop"
    genre_electronica:
        all:
            ambient: 0.470729440451
            dnb: 0.0726158767939
            house: 0.344610899687
            techno: 0.0303902234882
            trance: 0.0816535800695
        probability: 0.470729440451
        value: "ambient"
    genre_rosamerica:
        all:
            cla: 0.0011103086872
            dan: 0.0104999039322
            hip: 0.01055497583
            jaz: 0.00530690560117
            pop: 0.0609881170094
            rhy: 0.908100008965
            roc: 0.00131728616543
            spe: 0.00212251977064
        probability: 0.908100008965
        value: "rhy"
    genre_tzanetakis:
        all:
            blu: 0.00103353930172
            cla: 0.000586216512602
            cou: 0.00684886006638
            dis: 0.0125190187246
            hip: 0.0749311745167
            jaz: 0.000713423651177
            met: 0.000703154539224
            pop: 0.637903630733
            reg: 0.262693583965
            roc: 0.00206737988628
        probability: 0.637903630733
        value: "pop"
    live_studio:
        all:
            live: 0.0364325083792
            studio: 0.963567495346
        probability: 0.963567495346
        value: "studio"
    mood:
        all:
            Cluster1: 0.101922303438
            Cluster2: 0.430342614651
            Cluster3: 0.267817437649
            Cluster4: 0.16206780076
            Cluster5: 0.0378498286009
        probability: 0.430342614651
        value: "Cluster2"
    mood_acoustic:
        all:
            acoustic: 0.0518857724965
            not_acoustic: 0.948114216328
        probability: 0.948114216328
        value: "not_acoustic"
    mood_aggressive:
        all:
            aggressive: 0.00975987035781
            not_aggressive: 0.990240156651
        probability: 0.990240156651
        value: "not_aggressive"
    mood_electronic:
        all:
            electronic: 0.273276597261
            not_electronic: 0.726723372936
        probability: 0.726723372936
        value: "not_electronic"
    mood_happy:
        all:
            happy: 0.423142939806
            not_happy: 0.576857030392
        probability: 0.576857030392
        value: "not_happy"
    mood_party:
        all:
            not_party: 0.43361467123
            party: 0.56638532877
        probability: 0.56638532877
        value: "party"
    mood_relaxed:
        all:
            not_relaxed: 0.306274920702
            relaxed: 0.693725049496
        probability: 0.693725049496
        value: "relaxed"
    mood_sad:
        all:
            not_sad: 0.462875455618
            sad: 0.537124574184
        probability: 0.537124574184
        value: "sad"
    rhythm:
        all:
            fast: 0.388003498316
            medium: 0.367494404316
            slow: 0.244502097368
        probability: 0.388003498316
        value: "fast"
    speech_music:
        all:
            music: 0.992742180824
            speech: 0.00725782848895
        probability: 0.992742180824
        value: "music"
    timbre:
        all:
            bright: 0.140145584941
            dark: 0.859854400158
        probability: 0.859854400158
        value: "dark"
    voice_instrumental:
        all:
            instrumental: 0.00221122405492
            voice: 0.997788786888
        probability: 0.997788786888
        value: "voice"

lowlevel:
    average_loudness: 0.953480899334
    barkbands_kurtosis:
        dmean: 2.51349639893
        dmean2: 3.75403547287
        dvar: 19.2885284424
        dvar2: 34.1577415466
        max: 39.9089241028
        mean: 2.72702455521
        min: -1.89168536663
        var: 50.656578064
    barkbands_skewness:
        dmean: 0.599621772766
        dmean2: 0.871204614639
        dvar: 0.427665024996
        dvar2: 0.727412939072
        max: 5.28009939194
        mean: 0.953404486179
        min: -4.83573770523
        var: 2.06748127937
    barkbands_spread:
        dmean: 6.42094898224
        dmean2: 9.50916290283
        dvar: 45.2610168457
        dvar2: 91.4810714722
        max: 78.9451675415
        mean: 23.966758728
        min: 1.72445356846
        var: 208.736022949
    dissonance:
        dmean: 0.0361088514328
        dmean2: 0.0614731013775
        dvar: 0.00127800763585
        dvar2: 0.00328502245247
        max: 0.498591274023
        mean: 0.432855069637
        min: 0.243848502636
        var: 0.00246808165684
    hfc:
        dmean: 2.13707923889
        dmean2: 2.90460014343
        dvar: 12.7983951569
        dvar2: 26.4767837524
        max: 39.2268028259
        mean: 4.33202123642
        min: 0.0303821247071
        var: 28.8754692078
    pitch:
        dmean: 285.285308838
        dmean2: 546.605529785
        dvar: 697301.5625
        dvar2: 1711844.125
        max: 6300
        mean: 738.550354004
        min: 61.25
        var: 1415743.125
    pitch_instantaneous_confidence:
        dmean: 0.110580675304
        dmean2: 0.174029558897
        dvar: 0.0128406146541
        dvar2: 0.025475949049
        max: 0.946400225163
        mean: 0.583469152451
        min: 0.179589390755
        var: 0.0418438017368
    pitch_salience:
        dmean: 0.0750985667109
        dmean2: 0.117349669337
        dvar: 0.00455316202715
        dvar2: 0.010863924399
        max: 0.818770051003
        mean: 0.565667688847
        min: 0.216205373406
        var: 0.0125853922218
    silence_rate_20dB:
        dmean: 0
        dmean2: 0
        dvar: 0
        dvar2: 0
        max: 1
        mean: 1
        min: 1
        var: 0
    silence_rate_30dB:
        dmean: 0
        dmean2: 0
        dvar: 0
        dvar2: 0
        max: 1
        mean: 1
        min: 1
        var: 0
    silence_rate_60dB:
        dmean: 0.129930391908
        dmean2: 0.258139520884
        dvar: 0.113048017025
        dvar2: 0.233363434672
        max: 1
        mean: 0.608796298504
        min: 0
        var: 0.238163307309
    spectral_centroid:
        dmean: 283.639160156
        dmean2: 396.919342041
        dvar: 110517.921875
        dvar2: 185696.125
        max: 3843.31005859
        mean: 1237.42932129
        min: 156.075302124
        var: 539430.375
    spectral_complexity:
        dmean: 2.28205132484
        dmean2: 3.37850475311
        dvar: 10.0626239777
        dvar2: 21.090341568
        max: 34
        mean: 7.05581378937
        min: 0
        var: 31.9270954132
    spectral_crest:
        dmean: 2.80806303024
        dmean2: 4.6767077446
        dvar: 8.21455192566
        dvar2: 19.824098587
        max: 23.9511375427
        mean: 10.0165119171
        min: 3.54587674141
        var: 20.3920230865
    spectral_decrease:
        dmean: 3.39825917406e-10
        dmean2: 5.05003872053e-10
        dvar: 3.18337434362e-19
        dvar2: 7.84083727157e-19
        max: -6.81428091037e-12
        mean: -7.29345805972e-10
        min: -5.67496671877e-09
        var: 5.5099700014e-19
    spectral_energy:
        dmean: 0.00146480160765
        dmean2: 0.00214916630648
        dvar: 5.72350290895e-06
        dvar2: 1.39002077049e-05
        max: 0.0237060002983
        mean: 0.00314564350992
        min: 3.92465262848e-05
        var: 1.0277983165e-05
    spectral_energyband_high:
        dmean: 0.000132278742967
        dmean2: 0.000200844588107
        dvar: 7.22674116105e-08
        dvar2: 1.59652728371e-07
        max: 0.00356717663817
        mean: 0.000195627886569
        min: 1.02690123072e-07
        var: 1.19781773833e-07
    spectral_energyband_low:
        dmean: 0.000183816358913
        dmean2: 0.00029137430829
        dvar: 3.91747363437e-07
        dvar2: 9.88726469586e-07
        max: 0.00507264956832
        mean: 0.000337177130859
        min: 9.59580148674e-09
        var: 4.57615698224e-07
    spectral_energyband_middle_high:
        dmean: 0.000754682114348
        dmean2: 0.00108677474782
        dvar: 2.04738807952e-06
        dvar2: 4.99449060953e-06
        max: 0.0133372507989
        mean: 0.00144160946365
        min: 3.38168479175e-06
        var: 3.75124909624e-06
    spectral_energyband_middle_low:
        dmean: 0.000638412311673
        dmean2: 0.00100112019572
        dvar: 1.01532975805e-06
        dvar2: 2.61795980805e-06
        max: 0.00978477858007
        mean: 0.0011712028645
        min: 1.7123798898e-05
        var: 1.44061311858e-06
    spectral_flatness_db:
        dmean: 0.0264124013484
        dmean2: 0.0375344604254
        dvar: 0.00071424205089
        dvar2: 0.00136726233177
        max: 0.362010359764
        mean: 0.201842829585
        min: 0.0763235986233
        var: 0.00387877132744
    spectral_flux:
        dmean: 0.0123357186094
        dmean2: 0.0186106152833
        dvar: 0.000180086062755
        dvar2: 0.000362739898264
        max: 0.123017273843
        mean: 0.0346676781774
        min: 0.00197863997892
        var: 0.000529908167664
    spectral_kurtosis:
        dmean: 3.29837203026
        dmean2: 5.37405729294
        dvar: 19.9496231079
        dvar2: 46.2836761475
        max: 45.9703712463
        mean: 6.91474342346
        min: -1.61037409306
        var: 46.7035751343
    spectral_rms:
        dmean: 0.000370854046196
        dmean2: 0.00050767720677
        dvar: 2.00017808538e-07
        dvar2: 4.17617116e-07
        max: 0.00480913743377
        mean: 0.0015425356105
        min: 0.000195676504518
        var: 6.89504474849e-07
    spectral_rolloff:
        dmean: 607.697937012
        dmean2: 984.791442871
        dvar: 860009.5
        dvar2: 1802980.875
        max: 10572.8027344
        mean: 2319.87597656
        min: 129.19921875
        var: 2611085.75
    spectral_skewness:
        dmean: 0.398416548967
        dmean2: 0.59065425396
        dvar: 0.180454000831
        dvar2: 0.354021191597
        max: 5.07442235947
        mean: 1.78769493103
        min: -0.037425968796
        var: 0.716103076935
    spectral_spread:
        dmean: 1041229.4375
        dmean2: 1544551.75
        dvar: 2.70982263603e+12
        dvar2: 4.42996883456e+12
        max: 18393618
        mean: 4987306
        min: 1457128.375
        var: 1.16904962294e+13
    spectral_strongpeak:
        dmean: 0.409214764833
        dmean2: 0.680109679699
        dvar: 0.377616912127
        dvar2: 0.98947095871
        max: 4.28194141388
        mean: 0.590158104897
        min: 0.00703157484531
        var: 0.536277532578
    zerocrossingrate:
        dmean: 0.0118849249557
        dmean2: 0.0126964533702
        dvar: 0.000162129217642
        dvar2: 0.000156623616931
        max: 0.2421875
        mean: 0.0735158547759
        min: 0.00732421875
        var: 0.0015262773959
    barkbands:
        dmean: [1.63773552231e-06, 7.55654618843e-05, 0.000116927658382, 6.04798442509e-05, 0.0001039532508, 0.000196431399672, 0.000221150257858, 0.000101603553048, 0.000118168514746, 0.000195421933313, 0.000149026323925, 0.00016851502005, 8.73097305885e-05, 3.35102231475e-05, 5.7877117797e-05, 6.13920055912e-05, 0.000106730833068, 8.83094689925e-05, 0.000164466633578, 0.000129102758365, 5.96868303546e-05, 1.10286791823e-05, 3.00556644106e-06, 1.50733376358e-06, 1.59654700838e-06, 1.6089104804e-07, 1.79694381597e-09]
        dmean2: [2.53653206528e-06, 0.000121356642921, 0.000193221698282, 0.000103578640847, 0.000176008645212, 0.000296072103083, 0.000371772213839, 0.000169244289282, 0.000192399922526, 0.000295510020806, 0.000235675863223, 0.00026329929824, 0.000149331739522, 5.42332018085e-05, 8.81105661392e-05, 9.61711120908e-05, 0.000170314568095, 0.000137107228511, 0.000253438134678, 0.000203990770387, 9.44454295677e-05, 1.75236527866e-05, 4.48113905804e-06, 2.33342711908e-06, 2.44067200583e-06, 2.55016175288e-07, 2.9065645446e-09]
        dvar: [1.81011403783e-11, 7.36153324965e-08, 1.74814289267e-07, 2.26523724223e-08, 1.13179225991e-07, 1.14237295179e-07, 2.75564218555e-07, 9.38423525554e-08, 1.05628323865e-07, 4.94808830354e-07, 2.62636291382e-07, 3.31121412955e-07, 1.67720813238e-07, 1.05560076236e-08, 4.3238870262e-08, 3.67047121586e-08, 9.35737816121e-08, 3.73280677479e-08, 1.65391028872e-07, 9.17968847602e-08, 1.79855845772e-08, 8.03622779433e-10, 5.88228493692e-11, 1.17922269172e-11, 1.58385179971e-11, 2.20557811381e-13, 5.81404275263e-17]
        dvar2: [4.21016659036e-11, 1.63532504871e-07, 4.62916858623e-07, 6.53928395877e-08, 3.18430664947e-07, 2.67843091706e-07, 7.00783232332e-07, 2.50168795901e-07, 2.53347621992e-07, 1.14346244118e-06, 6.45874649763e-07, 8.31818567804e-07, 5.14751093306e-07, 2.99188407382e-08, 1.00149037507e-07, 8.14994152165e-08, 2.39539872382e-07, 8.61425419885e-08, 3.81619855716e-07, 2.30507083643e-07, 4.18777403866e-08, 1.85309678713e-09, 1.29186411568e-10, 2.76077476852e-11, 3.39456934784e-11, 5.15072739234e-13, 1.08457738161e-16]
        max: [3.51506096194e-05, 0.00257704081014, 0.00382967758924, 0.00157142546959, 0.00394902424887, 0.00473925005645, 0.00574105465785, 0.00365432188846, 0.00476139504462, 0.00992131512612, 0.00880149379373, 0.00566220423207, 0.00610321806744, 0.0011253390694, 0.00315478630364, 0.0035033414606, 0.00322070484981, 0.00189587136265, 0.00520787807181, 0.00425208220258, 0.00159717735369, 0.000369056739146, 9.35869902605e-05, 2.85561054625e-05, 5.6400680478e-05, 4.0582276597e-06, 1.11029514471e-07]
        mean: [1.62920775892e-06, 0.000115445473057, 0.000220134665142, 0.000111541994556, 0.000151946776896, 0.000321417028317, 0.0002798527712, 0.000111544031824, 0.000160759751452, 0.000242206850089, 0.000176925910637, 0.000191628903849, 9.00195591385e-05, 3.78493168682e-05, 7.99942936283e-05, 6.81026285747e-05, 0.000135134614538, 0.000140121555887, 0.000228828328545, 0.000181705428986, 7.28318846086e-05, 1.67261096067e-05, 4.55623376183e-06, 2.22410403694e-06, 2.32375032283e-06, 1.964659333e-07, 1.54545032327e-09]
        min: [7.16400203049e-12, 5.85327009084e-10, 7.5121358023e-09, 1.136159824e-07, 6.25995085102e-07, 2.98962731904e-06, 8.28644147077e-07, 1.7842543798e-07, 1.64678240822e-07, 2.50964859561e-07, 9.01829295685e-08, 3.84523218599e-07, 1.60850916586e-07, 4.94990395339e-08, 4.32586944044e-08, 4.62703724224e-08, 1.05829101926e-07, 2.76215050832e-08, 6.99906124169e-08, 6.98850115555e-08, 1.97459897322e-08, 1.75946957004e-09, 4.79953632393e-10, 3.24825666365e-10, 1.59809637745e-10, 1.84388025681e-11, 3.11111982801e-14]
        var: [1.85602505587e-11, 8.19648775519e-08, 2.21026837721e-07, 3.95379622375e-08, 1.08490020523e-07, 2.51030968457e-07, 3.38221099128e-07, 9.9201855619e-08, 1.35682810765e-07, 5.93006802774e-07, 3.96482874976e-07, 4.24185316206e-07, 1.26043971704e-07, 1.12499796145e-08, 6.3312512566e-08, 5.43761977667e-08, 1.00247468993e-07, 6.61323582563e-08, 2.65122110932e-07, 1.33836806526e-07, 2.31461037004e-08, 1.60741453481e-09, 1.25387603078e-10, 2.10597823902e-11, 3.36354104291e-11, 3.2934779578e-13, 5.39210387787e-17]
    mfcc:
        mean: [-799.677185059, 133.864532471, -43.9687004089, 45.221157074, -24.5508213043, -19.3640270233, 2.67230939865, -13.621427536, -10.8470306396, -6.55117940903, -12.7521858215, -1.03922796249, -5.32567453384]
        cov: [[7538.53369141, -2182.02954102, -40.8389320374, 497.125579834, 149.303665161, 58.6058273315, 247.400283813, 621.872131348, 287.922241211, -13.2966403961, 71.1808013916, 72.032081604, 212.685623169], [-2182.02954102, 2592.47631836, -611.365356445, 18.7044506073, 73.2237243652, 222.806655884, 379.474945068, -98.0164413452, 31.6223297119, 239.406982422, -69.0843887329, 124.049919128, -104.076255798], [-40.8389320374, -611.365356445, 1471.31921387, -99.2952346802, 336.513305664, 258.248199463, -10.9117364883, 166.580596924, 124.386680603, -57.5688514709, 198.30947876, -15.4039325714, 106.562034607], [497.125579834, 18.7044506073, -99.2952346802, 632.113342285, 112.776763916, 125.406570435, 98.7155380249, 78.3772506714, 136.704681396, 93.6214370728, -12.7255401611, 87.6773452759, 40.4972267151], [149.303665161, 73.2237243652, 336.513305664, 112.776763916, 463.613555908, 194.049118042, 80.6354980469, 117.979576111, 179.349472046, 34.9428138733, 67.873916626, 10.0908594131, 54.6033973694], [58.6058273315, 222.806655884, 258.248199463, 125.406570435, 194.049118042, 635.143371582, 280.601806641, 57.7219429016, 169.633071899, 138.217025757, 31.704000473, 5.10944747925, 28.2608604431], [247.400283813, 379.474945068, -10.9117364883, 98.7155380249, 80.6354980469, 280.601806641, 389.798614502, 37.6876449585, 87.6940307617, 154.469726562, -20.8048648834, 61.9046287537, 25.5866127014], [621.872131348, -98.0164413452, 166.580596924, 78.3772506714, 117.979576111, 57.7219429016, 37.6876449585, 262.168701172, 78.3558807373, -59.3634185791, 62.8749771118, 14.7145719528, 28.7648353577], [287.922241211, 31.6223297119, 124.386680603, 136.704681396, 179.349472046, 169.633071899, 87.6940307617, 78.3558807373, 232.591766357, 51.8164710999, 10.8034629822, 8.5775346756, 16.3379402161], [-13.2966403961, 239.406982422, -57.5688514709, 93.6214370728, 34.9428138733, 138.217025757, 154.469726562, -59.3634185791, 51.8164710999, 187.554473877, -10.3045148849, 36.3126411438, 15.7860069275], [71.1808013916, -69.0843887329, 198.30947876, -12.7255401611, 67.873916626, 31.704000473, -20.8048648834, 62.8749771118, 10.8034629822, -10.3045148849, 156.86831665, 2.33318591118, 11.5202732086], [72.032081604, 124.049919128, -15.4039325714, 87.6773452759, 10.0908594131, 5.10944747925, 61.9046287537, 14.7145719528, 8.5775346756, 36.3126411438, 2.33318591118, 100.632293701, 13.7196025848], [212.685623169, -104.076255798, 106.562034607, 40.4972267151, 54.6033973694, 28.2608604431, 25.5866127014, 28.7648353577, 16.3379402161, 15.7860069275, 11.5202732086, 13.7196025848, 107.479812622]]
        icov: [[0.000336394441547, 0.000400937657105, 0.000275862839771, 3.36903285643e-05, -2.58395884885e-05, 8.22136862553e-05, -0.000386279920349, -0.000740287068766, -0.000196403489099, -0.00028171678423, -7.07940635039e-05, -0.000234200284467, -0.000173325563082], [0.000400937657105, 0.00108173268382, 0.000615181517787, 0.000259158579865, -0.000383832288207, -1.2250621694e-05, -0.000801760819741, -0.000803692208137, -9.08787333174e-05, -0.000644602405373, -0.000128982588649, -0.000911992043257, 0.000389417691622], [0.000275862839771, 0.000615181517787, 0.00147805712186, 0.000486966746394, -0.00064456788823, -0.000454278400866, -0.000195176093257, -0.000626792665571, -0.000285225920379, 8.92994212336e-05, -0.000998832518235, -0.000742935866583, -0.00070584914647], [3.36903285643e-05, 0.000259158579865, 0.000486966746394, 0.00241946685128, -0.00026044252445, -0.000345347332768, 0.000477224006318, -0.000764482829254, -0.000912202929612, -0.00102770258673, 0.000284908543108, -0.00202152039856, -0.000378931174055], [-2.58395884885e-05, -0.000383832288207, -0.00064456788823, -0.00026044252445, 0.00396719388664, -0.000159173185239, 0.00021713442402, -0.000462639116449, -0.00220755045302, 4.94139421789e-05, -0.000601023144554, 0.000506215030327, -0.00115672592074], [8.22136862553e-05, -1.2250621694e-05, -0.000454278400866, -0.000345347332768, -0.000159173185239, 0.00316391536035, -0.00199656467885, -4.50058250863e-05, -0.0009756925283, -0.000692487345077, -0.000332208146574, 0.00158774654847, 0.000225218143896], [-0.000386279920349, -0.000801760819741, -0.000195176093257, 0.000477224006318, 0.00021713442402, -0.00199656467885, 0.00656350888312, -0.00105559953954, 0.000322742009303, -0.00323044648394, 0.00153066730127, -0.00183154060505, -0.000368480425095], [-0.000740287068766, -0.000803692208137, -0.000626792665571, -0.000764482829254, -0.000462639116449, -4.50058250863e-05, -0.00105559953954, 0.00832655467093, -0.00120036280714, 0.00504867266864, -0.00210696575232, -3.62927858077e-05, -0.000462696159957], [-0.000196403489099, -9.08787333174e-05, -0.000285225920379, -0.000912202929612, -0.00220755045302, -0.0009756925283, 0.000322742009303, -0.00120036280714, 0.00809128116816, -0.00149456586223, 0.00124839879572, 0.000896289944649, 0.00129097339232], [-0.00028171678423, -0.000644602405373, 8.92994212336e-05, -0.00102770258673, 4.94139421789e-05, -0.000692487345077, -0.00323044648394, 0.00504867266864, -0.00149456586223, 0.0120313763618, -0.00167403591331, -0.0007926945691, -0.00145247660112], [-7.07940635039e-05, -0.000128982588649, -0.000998832518235, 0.000284908543108, -0.000601023144554, -0.000332208146574, 0.00153066730127, -0.00210696575232, 0.00124839879572, -0.00167403591331, 0.00877315644175, -0.00054571084911, 0.000675742281601], [-0.000234200284467, -0.000911992043257, -0.000742935866583, -0.00202152039856, 0.000506215030327, 0.00158774654847, -0.00183154060505, -3.62927858077e-05, 0.000896289944649, -0.0007926945691, -0.00054571084911, 0.0142259504646, -0.000927559449337], [-0.000173325563082, 0.000389417691622, -0.00070584914647, -0.000378931174055, -0.00115672592074, 0.000225218143896, -0.000368480425095, -0.000462696159957, 0.00129097339232, -0.00145247660112, 0.000675742281601, -0.000927559449337, 0.0116697931662]]
    spectral_contrast:
        mean: [-8.14495706436e-08, -2.46181031116e-07, -3.71521906573e-07, -1.78242146376e-07, 2.67909030072e-07, 3.3129092003e-07, -1.01620719306e-06, -2.49535537478e-06, 2.6392382324e-07, -4.45620980827e-06, -1.74184174284e-06, -3.49976289726e-06]
        var: [0.00102196575608, 0.00191582052503, 0.00246263993904, 0.00403046468273, 0.0052262688987, 0.0156217189506, 0.115190036595, 0.20624178648, 0.395932763815, 0.780325055122, 1.66865229607, 3.81797385216]

rhythm:
    beats_loudness:
        dmean: 0.00292741484009
        dmean2: 0.00515672191978
        dvar: 5.78742356083e-06
        dvar2: 1.90802111319e-05
        max: 0.011047703214
        mean: 0.00358224730007
        min: 8.95500415936e-05
        var: 7.406536497e-06
    beats_loudness_bass:
        dmean: 0.135102525353
        dmean2: 0.215436041355
        dvar: 0.0117276087403
        dvar2: 0.0252676326782
        max: 0.501283228397
        mean: 0.146929636598
        min: 9.99025651254e-05
        var: 0.0228107068688
    bpm: 157.266677856
    bpm_confidence: 0
    first_peak_bpm: 157
    first_peak_spread: 0
    first_peak_weight: 0.95833337307
    onset_rate: 4.2867026329
    second_peak_bpm: 94
    second_peak_spread: 0
    second_peak_weight: 0.0416666679084
    beats_position: [0.490972697735, 0.87320125103, 1.25542974472, 1.63765835762, 2.01988697052, 2.40211558342, 2.78434419632, 3.16657280922, 3.54880142212, 3.9310297966, 4.31325864792, 4.6954870224, 5.07771587372, 5.4599442482, 6.09569597244, 6.47561264038, 6.85552978516, 7.23544788361, 7.61536502838, 7.99528169632, 8.37519931793, 8.75511646271, 9.13503360748, 9.51495170593, 9.89486885071]
    bpm_estimates: [156.763366699, 157.154327393, 154.984954834, 156.375564575, 156.645370483, 158.544082642, 158.408950806, 158.482559204, 157.569885254, 157.737792969]
    bpm_intervals: [0.382228553295, 0.38222849369, 0.3822286129, 0.3822286129, 0.3822286129, 0.3822286129, 0.3822286129, 0.3822286129, 0.382228374481, 0.382228851318, 0.382228374481, 0.382228851318, 0.382228374481, 0.635751724243, 0.379916667938, 0.379917144775, 0.37991809845, 0.379917144775, 0.379916667938, 0.379917621613, 0.379917144775, 0.379917144775, 0.37991809845, 0.379917144775]
    onset_times: [0.0696598663926, 0.406349211931, 0.49922901392, 0.766258478165, 1.03328800201, 1.25387752056, 1.5673469305, 1.63700675964, 2.03174614906, 2.20589566231, 2.31038546562, 2.5890250206, 3.00698423386, 3.42494320869, 3.5178232193, 3.87773251534, 4.07510185242, 4.28408145905, 4.45823144913, 4.57433128357, 4.7020406723, 4.87619066238, 5.0967798233, 5.4334692955, 5.65405893326, 5.88625860214, 6.06040811539, 6.29260778427, 6.59446716309, 6.76861667633, 6.96598625183, 7.18657588959, 7.34911584854, 7.73224496841, 7.94122457504, 8.16181373596, 8.48689365387, 8.67265319824, 8.83519268036, 9.43891143799, 9.5666217804, 9.62467098236, 10.0194101334]
    rubato_start: []
    rubato_stop: []
    perceptual_tempo: "unknown"

sfx:
    inharmonicity:
        dmean: 0.0379421524704
        dmean2: 0.0677676051855
        dvar: 0.00223799305968
        dvar2: 0.00634629977867
        max: 0.31544521451
        mean: 0.0355203598738
        min: 2.38214306592e-06
        var: 0.00228340900503
    oddtoevenharmonicenergyratio:
        dmean: 3.90381169319
        dmean2: 7.2928981781
        dvar: 93.2481689453
        dvar2: 272.817718506
        max: 73.4974975586
        mean: 2.71988296509
        min: 1.17825575217e-05
        var: 59.838394165
    pitch_after_max_to_before_max_energy_ratio: 1.06310582161
    pitch_centroid: 198.448135376
    pitch_max_to_total: 0.444186031818
    pitch_min_to_total: 0.555813968182
    tristimulus:
        dmean: [0.226851895452, 0.255797237158, 0.095882974565]
        dmean2: [0.392130553722, 0.437379509211, 0.166459009051]
        dvar: [0.045631762594, 0.0519555136561, 0.0115143703297]
        dvar2: [0.120374582708, 0.147238746285, 0.0337811000645]
        max: [0.993661880493, 0.989274919033, 0.721227586269]
        mean: [0.395262241364, 0.487147986889, 0.0879738852382]
        min: [0.00076428957982, 0, 0]
        var: [0.0706117525697, 0.0761008784175, 0.0121765621006]

tonal:
    chords_changes_rate: 0.050925925374
    chords_number_rate: 0.0231481473893
    chords_strength:
        dmean: 0.0108693456277
        dmean2: 0.0128545574844
        dvar: 8.13817896415e-05
        dvar2: 0.000119280768558
        max: 0.702615499496
        mean: 0.57166570425
        min: 0.456008821726
        var: 0.00387657084502
    key_strength: 0.776709198952
    tuning_diatonic_strength: 0.557798027992
    tuning_equal_tempered_deviation: 0.146717756987
    tuning_frequency: 443.316436768
    tuning_nontempered_energy_ratio: 0.732019901276
    hpcp:
        dmean: [0.134140655398, 0.172950834036, 0.225201129913, 0.225224941969, 0.167064845562, 0.124609068036, 0.112962633371, 0.0876920446754, 0.0931265726686, 0.105739042163, 0.111747033894, 0.134533122182, 0.131510213017, 0.103818535805, 0.0758431181312, 0.0866874530911, 0.118164293468, 0.193518161774, 0.235076680779, 0.171930462122, 0.135023117065, 0.104877717793, 0.117683216929, 0.152546241879, 0.155292823911, 0.128830984235, 0.14276778698, 0.166740387678, 0.153310894966, 0.155084744096, 0.163019299507, 0.123555265367, 0.128303572536, 0.140212863684, 0.136219888926, 0.135349839926]
        dmean2: [0.23346799612, 0.311656564474, 0.391855567694, 0.391027003527, 0.29364156723, 0.221742838621, 0.193415164948, 0.157570257783, 0.167740046978, 0.187417894602, 0.193985372782, 0.22505222261, 0.220211923122, 0.176060169935, 0.128713279963, 0.150267198682, 0.210871398449, 0.323711782694, 0.40012139082, 0.290851354599, 0.233161896467, 0.178789407015, 0.20800460875, 0.279006391764, 0.274602890015, 0.239572033286, 0.258443236351, 0.307312905788, 0.267609059811, 0.268801480532, 0.288589954376, 0.20860157907, 0.224634468555, 0.247077092528, 0.239161342382, 0.236964255571]
        dvar: [0.047537881881, 0.0595458671451, 0.0635827481747, 0.0718460530043, 0.0426680259407, 0.0410620942712, 0.0394942387938, 0.0241384170949, 0.0273770932108, 0.0287607908249, 0.0331888720393, 0.0383362919092, 0.0434442870319, 0.0336165800691, 0.0172161404043, 0.0220906212926, 0.0446940809488, 0.0454118400812, 0.0638196915388, 0.0419104322791, 0.040990088135, 0.034919731319, 0.0353110767901, 0.0584292449057, 0.0521568842232, 0.040507953614, 0.0436195805669, 0.0613457337022, 0.0500419698656, 0.0529821403325, 0.0561088696122, 0.0354117266834, 0.0343075990677, 0.0408119186759, 0.0435942746699, 0.0438206754625]
        dvar2: [0.127538099885, 0.164903581142, 0.153603062034, 0.157325074077, 0.102449178696, 0.104787945747, 0.096118748188, 0.0646791085601, 0.0759469419718, 0.083996348083, 0.0904154926538, 0.0955674797297, 0.100169941783, 0.0898894891143, 0.0443150512874, 0.0622751750052, 0.123606272042, 0.0984371826053, 0.154823556542, 0.127263367176, 0.108475267887, 0.0873957127333, 0.0940842702985, 0.16091054678, 0.139083623886, 0.113576062024, 0.11174993962, 0.153969809413, 0.125910013914, 0.144915878773, 0.143990576267, 0.0920462757349, 0.0956272557378, 0.108593456447, 0.104026652873, 0.120071671903]
        max: [1, 1, 1, 1, 1, 1, 1, 1, 1, 1, 1, 1, 1, 1, 1, 1, 1, 1, 1, 1, 1, 1, 1, 1, 1, 1, 1, 1, 1, 1, 1, 1, 1, 1, 1, 1]
        mean: [0.13058938086, 0.147034287453, 0.288387984037, 0.361496180296, 0.220775872469, 0.143115267158, 0.137040913105, 0.0938940867782, 0.0811371803284, 0.0920437648892, 0.105275191367, 0.143238708377, 0.151905193925, 0.103490248322, 0.0741462409496, 0.0804821103811, 0.116469323635, 0.297712743282, 0.373964756727, 0.218651607633, 0.12639759481, 0.0999930053949, 0.0954388082027, 0.132663071156, 0.144385918975, 0.123426400125, 0.163849726319, 0.208499267697, 0.167653948069, 0.136089578271, 0.132186755538, 0.117970518768, 0.131751388311, 0.151979997754, 0.15308406949, 0.142659604549]
        min: [0.000388468819438, 0.00041310332017, 0.00217970018275, 0.000958474527579, 0.000678753014654, 0.000214040221181, 4.56143789052e-05, 4.17935152655e-05, 0.000117285082524, 0.000157693706569, 0.000527919619344, 0.00059490208514, 0.000725111050997, 0.000319937476888, 0.000170118481037, 0.000191637111129, 0.000327604735503, 0.00243725813925, 0.00245431577787, 0.00229005725123, 0.000109192114905, 7.41181283956e-05, 2.77523995464e-05, 0.000245812960202, 0.000467076257337, 0.000411863613408, 0.000311456184136, 0.000236794105149, 0.000237307118368, 0.000321412575431, 0.000345927634044, 0.000553564575966, 0.000170934785274, 0.000264123518718, 0.000513597682584, 0.000566846516449]
        var: [0.0494012869895, 0.0527418218553, 0.0859558135271, 0.126966118813, 0.0594501644373, 0.0562472678721, 0.0607540905476, 0.0256975777447, 0.0218507964164, 0.0231960266829, 0.0283123254776, 0.0454733297229, 0.0577783063054, 0.0334847383201, 0.0162887107581, 0.0176344141364, 0.0383997447789, 0.0813989937305, 0.125470235944, 0.0542144030333, 0.0409847311676, 0.033393651247, 0.0303841121495, 0.0545973107219, 0.0578635707498, 0.035607304424, 0.0582686327398, 0.0976510420442, 0.0567769519985, 0.0471841804683, 0.0474916510284, 0.0359338633716, 0.0422513484955, 0.0517237819731, 0.0581567846239, 0.0534237287939]
    chords_histogram: [45.3703689575, 3.70370364189, 0, 0, 0, 0, 0, 32.8703689575, 0, 0, 0, 0, 0, 0, 0, 0, 0, 0, 0, 0, 0, 0, 16.2037029266, 1.85185182095]
    thpcp: [1, 0.584685087204, 0.337993323803, 0.267386168242, 0.255208015442, 0.354747533798, 0.386094987392, 0.330048203468, 0.43814215064, 0.557537198067, 0.448314845562, 0.363910168409, 0.353473842144, 0.315458923578, 0.352309644222, 0.40640193224, 0.409354269505, 0.381478726864, 0.349202364683, 0.393176853657, 0.771163523197, 0.96665841341, 0.590365469456, 0.382697194815, 0.366454094648, 0.251077353954, 0.216964781284, 0.246129512787, 0.281511008739, 0.383027285337, 0.406201899052, 0.276737958193, 0.198270663619, 0.215213090181, 0.31144464016, 0.796098411083]
    chords_key: "D#"
    chords_scale: "minor"
    key_key: "D#"
    key_scale: "minor"
    chords_progression: ["G#m", "G#m", "G#m", "G#m", "G#m", "G#m", "G#m", "G#m", "G#m", "G#m", "G#m", "G#m", "G#m", "G#m", "G#m", "G#m", "G#m", "G#m", "G#m", "G#m", "G#m", "G#m", "G#m", "G#m", "D#m", "D#m", "G#m", "G#m", "G#m", "G#m", "G#m", "G#m", "G#m", "G#m", "G#m", "G#m", "G#m", "B", "B", "B", "B", "D#m", "D#m", "D#m", "D#m", "D#m", "D#m", "D#m", "D#m", "D#m", "D#m", "D#m", "D#m", "D#m", "D#m", "D#m", "D#m", "D#m", "D#m", "D#m", "D#m", "D#m", "D#m", "D#m", "D#m", "D#m", "D#m", "D#m", "D#m", "D#m", "D#m", "D#", "D#", "D#", "D#", "D#", "D#", "D#", "D#", "D#", "D#", "D#", "D#", "D#", "D#", "D#", "D#", "D#", "D#", "D#", "D#", "D#", "D#", "D#", "D#", "D#", "D#", "D#", "D#", "D#", "D#", "D#", "D#", "D#", "D#", "D#", "D#", "D#", "D#", "D#", "D#", "D#", "D#", "D#", "D#", "D#", "D#", "D#", "D#", "D#", "D#", "D#", "D#", "D#", "D#", "D#", "D#", "D#", "D#", "D#", "D#", "D#m", "D#", "D#", "D#", "D#", "D#", "D#", "D#", "D#", "D#", "D#m", "D#m", "D#m", "D#", "D#", "D#m", "D#m", "D#m", "D#m", "D#m", "D#m", "D#m", "D#m", "D#m", "D#m", "D#m", "D#m", "D#m", "D#m", "D#m", "D#m", "D#m", "D#m", "D#m", "D#m", "D#m", "D#m", "D#m", "D#m", "D#m", "D#m", "D#m", "D#m", "D#m", "D#m", "D#m", "D#m", "D#m", "D#m", "D#m", "D#m", "D#m", "D#m", "D#m", "D#m", "D#m", "D#m", "D#m", "D#m", "D#m", "D#m", "D#m", "D#m", "D#m", "D#m", "D#m", "D#m", "D#m", "D#m", "D#m", "D#m", "D#m", "D#m", "D#m", "D#m", "D#m", "D#m", "F#", "F#", "F#", "F#", "F#", "F#", "F#", "F#"]
