
metadata:
    version:
        essentia: "1.2.2"
    audio_properties:
        analysis_sample_rate: 44100
        bitrate: 128
        channels: 2
        equal_loudness: 1
        length: 10.0048980713
        replay_gain: -11.8116550446
        downmix: "mix"
    tags:
        track: 10
        year: 0
        album: "Splitted by Mp3Splt v. 2.1"
        artist: "From 001.30 To 001.40"
        comment: "http://mp3splt.sf.net"
        genre: ""
        title: "04 Transylvania Concubine.mp3"

highlevel:
    ballroom:
        all:
            ChaChaCha: 0.0238759908825
            Jive: 0.0437679626048
            Quickstep: 0.0344823673368
            Rumba-American: 0.0147378984839
            Rumba-International: 0.345753371716
            Rumba-Misc: 0.194888293743
            Samba: 0.0148761495948
            Tango: 0.0104298265651
            VienneseWaltz: 0.206283375621
            Waltz: 0.11090478301
        probability: 0.345753371716
        value: "Rumba-International"
    culture:
        all:
            non_western: 0.0890778526664
            western: 0.910922169685
        probability: 0.910922169685
        value: "western"
    gender:
        all:
            female: 0.64627802372
            male: 0.35372197628
        probability: 0.64627802372
        value: "female"
    genre_dortmund:
        all:
            alternative: 0.114812284708
            blues: 0.0213788468391
            electronic: 0.203019469976
            folkcountry: 0.150565102696
            funksoulrnb: 0.00401005428284
            jazz: 0.171794712543
            pop: 0.108269691467
            raphiphop: 0.000932551978622
            rock: 0.225217282772
        probability: 0.225217282772
        value: "rock"
    genre_electronica:
        all:
            ambient: 0.670358300209
            dnb: 0.168406620622
            house: 0.0162497069687
            techno: 0.00939908158034
            trance: 0.135586321354
        probability: 0.670358300209
        value: "ambient"
    genre_rosamerica:
        all:
            cla: 0.139225572348
            dan: 0.0487884357572
            hip: 0.0104241734371
            jaz: 0.125649794936
            pop: 0.151501044631
            rhy: 0.0663709789515
            roc: 0.44870993495
            spe: 0.00933004822582
        probability: 0.44870993495
        value: "roc"
    genre_tzanetakis:
        all:
            blu: 0.0264794938266
            cla: 0.0300980638713
            cou: 0.154248148203
            dis: 0.04639307037
            hip: 0.0111198015511
            jaz: 0.221079111099
            met: 0.0181278958917
            pop: 0.131578013301
            reg: 0.0159173961729
            roc: 0.344958990812
        probability: 0.344958990812
        value: "roc"
    live_studio:
        all:
            live: 0.258948266506
            studio: 0.741051733494
        probability: 0.741051733494
        value: "studio"
    mood:
        all:
            Cluster1: 0.43326997757
            Cluster2: 0.137950375676
            Cluster3: 0.0963762253523
            Cluster4: 0.175283893943
            Cluster5: 0.157119527459
        probability: 0.43326997757
        value: "Cluster1"
    mood_acoustic:
        all:
            acoustic: 0.820658564568
            not_acoustic: 0.179341465235
        probability: 0.820658564568
        value: "acoustic"
    mood_aggressive:
        all:
            aggressive: 0.0487350709736
            not_aggressive: 0.95126491785
        probability: 0.95126491785
        value: "not_aggressive"
    mood_electronic:
        all:
            electronic: 0.476936519146
            not_electronic: 0.523063480854
        probability: 0.523063480854
        value: "not_electronic"
    mood_happy:
        all:
            happy: 0.420768767595
            not_happy: 0.579231202602
        probability: 0.579231202602
        value: "not_happy"
    mood_party:
        all:
            not_party: 0.921189308167
            party: 0.0788106769323
        probability: 0.921189308167
        value: "not_party"
    mood_relaxed:
        all:
            not_relaxed: 0.238171175122
            relaxed: 0.761828839779
        probability: 0.761828839779
        value: "relaxed"
    mood_sad:
        all:
            not_sad: 0.140391901135
            sad: 0.859608113766
        probability: 0.859608113766
        value: "sad"
    rhythm:
        all:
            fast: 0.258699923754
            medium: 0.407233119011
            slow: 0.334066957235
        probability: 0.407233119011
        value: "medium"
    speech_music:
        all:
            music: 0.997894883156
            speech: 0.00210512452759
        probability: 0.997894883156
        value: "music"
    timbre:
        all:
            bright: 0.352958023548
            dark: 0.647041976452
        probability: 0.647041976452
        value: "dark"
    voice_instrumental:
        all:
            instrumental: 0.669113993645
            voice: 0.330886006355
        probability: 0.669113993645
        value: "instrumental"

lowlevel:
    average_loudness: 0.981463193893
    barkbands_kurtosis:
        dmean: 2.07689809799
        dmean2: 3.28115367889
        dvar: 5.18211126328
        dvar2: 13.1235170364
        max: 16.542345047
        mean: 2.0784471035
        min: -1.80500626564
        var: 11.7935810089
    barkbands_skewness:
        dmean: 0.540086388588
        dmean2: 0.846363008022
        dvar: 0.223805993795
        dvar2: 0.599252939224
        max: 3.91045641899
        mean: 1.54693186283
        min: -0.179651975632
        var: 0.671381294727
    barkbands_spread:
        dmean: 5.32984447479
        dmean2: 8.09229183197
        dvar: 23.7742443085
        dvar2: 61.1349525452
        max: 47.9595222473
        mean: 22.5972480774
        min: 6.39515304565
        var: 78.365852356
    dissonance:
        dmean: 0.0200829040259
        dmean2: 0.0325707010925
        dvar: 0.00031060850597
        dvar2: 0.000762853422202
        max: 0.499620437622
        mean: 0.453514516354
        min: 0.35159561038
        var: 0.000622692285106
    hfc:
        dmean: 1.15267455578
        dmean2: 1.71331310272
        dvar: 2.37970399857
        dvar2: 5.19275808334
        max: 16.4190883636
        mean: 4.18829298019
        min: 0.9202683568
        var: 6.22752904892
    pitch:
        dmean: 293.61340332
        dmean2: 574.877868652
        dvar: 767394.0625
        dvar2: 2074979.25
        max: 4009.09082031
        mean: 403.038146973
        min: 77.7777786255
        var: 605311.1875
    pitch_instantaneous_confidence:
        dmean: 0.0864949449897
        dmean2: 0.134719789028
        dvar: 0.0049538933672
        dvar2: 0.0114212781191
        max: 0.839478075504
        mean: 0.438644647598
        min: 0.193992674351
        var: 0.0170934386551
    pitch_salience:
        dmean: 0.0743034109473
        dmean2: 0.122138157487
        dvar: 0.00439705699682
        dvar2: 0.0114583745599
        max: 0.764772415161
        mean: 0.538073956966
        min: 0.24123492837
        var: 0.0105055086315
    silence_rate_20dB:
        dmean: 0
        dmean2: 0
        dvar: 0
        dvar2: 0
        max: 1
        mean: 1
        min: 1
        var: 0
    silence_rate_30dB:
        dmean: 0
        dmean2: 0
        dvar: 0
        dvar2: 0
        max: 1
        mean: 1
        min: 1
        var: 0
    silence_rate_60dB:
        dmean: 0.120930232108
        dmean2: 0.240093246102
        dvar: 0.106306493282
        dvar2: 0.224407359958
        max: 1
        mean: 0.141531318426
        min: 0
        var: 0.121500127017
    spectral_centroid:
        dmean: 200.787139893
        dmean2: 321.43258667
        dvar: 38076.3085938
        dvar2: 101373.09375
        max: 1828.47302246
        mean: 805.494628906
        min: 309.254638672
        var: 109373.726562
    spectral_complexity:
        dmean: 2.60046720505
        dmean2: 4.09367704391
        dvar: 7.83339071274
        dvar2: 17.4572677612
        max: 33
        mean: 10.202796936
        min: 1
        var: 18.2083282471
    spectral_crest:
        dmean: 2.60222196579
        dmean2: 4.27013969421
        dvar: 5.70606803894
        dvar2: 15.7585201263
        max: 21.6082305908
        mean: 10.0007982254
        min: 3.09221243858
        var: 12.6757650375
    spectral_decrease:
        dmean: 3.97458482793e-10
        dmean2: 6.19906292965e-10
        dvar: 1.39228843506e-19
        dvar2: 3.5816643935e-19
        max: -3.05951042279e-10
        mean: -1.31896249478e-09
        min: -3.30180327524e-09
        var: 3.2165990869e-19
    spectral_energy:
        dmean: 0.00157229031902
        dmean2: 0.00243039731868
        dvar: 2.19830326387e-06
        dvar2: 5.60273792871e-06
        max: 0.0136647876352
        mean: 0.00535795884207
        min: 0.00124729878735
        var: 5.19575678481e-06
    spectral_energyband_high:
        dmean: 4.17267947341e-05
        dmean2: 6.15880417172e-05
        dvar: 3.93806276477e-09
        dvar2: 9.28398780076e-09
        max: 0.000592151540332
        mean: 0.000103602469608
        min: 8.75263049238e-06
        var: 8.80132411396e-09
    spectral_energyband_low:
        dmean: 0.000118654577818
        dmean2: 0.000196536871954
        dvar: 2.57494292555e-08
        dvar2: 6.87959413881e-08
        max: 0.00165974406991
        mean: 0.000204250289244
        min: 5.99484610575e-06
        var: 6.18794615548e-08
    spectral_energyband_middle_high:
        dmean: 0.000370575085981
        dmean2: 0.000550274853595
        dvar: 2.18653184447e-07
        dvar2: 4.77204821436e-07
        max: 0.00512553099543
        mean: 0.00113870715722
        min: 0.000136465474498
        var: 6.60281159526e-07
    spectral_energyband_middle_low:
        dmean: 0.00139834894799
        dmean2: 0.00223435810767
        dvar: 1.77202366558e-06
        dvar2: 4.7195053412e-06
        max: 0.0111731318757
        mean: 0.00391136202961
        min: 0.000678863143548
        var: 3.75891045223e-06
    spectral_flatness_db:
        dmean: 0.0201060809195
        dmean2: 0.0323029384017
        dvar: 0.000310903560603
        dvar2: 0.00075933127664
        max: 0.284625053406
        mean: 0.192782044411
        min: 0.1242986992
        var: 0.00103731534909
    spectral_flux:
        dmean: 0.00876089464873
        dmean2: 0.0134986657649
        dvar: 6.32742157904e-05
        dvar2: 0.000145359299495
        max: 0.0880941003561
        mean: 0.0361230559647
        min: 0.0142647800967
        var: 0.000147369530168
    spectral_kurtosis:
        dmean: 1.6625752449
        dmean2: 2.83985686302
        dvar: 3.47599864006
        dvar2: 10.1816511154
        max: 20.9376220703
        mean: 4.7633690834
        min: 0.855214834213
        var: 5.97156858444
    spectral_rms:
        dmean: 0.000336214608978
        dmean2: 0.000518475659192
        dvar: 8.57315569647e-08
        dvar2: 2.15251390046e-07
        max: 0.00365123269148
        mean: 0.00223611528054
        min: 0.00110312143806
        var: 2.27065299896e-07
    spectral_rolloff:
        dmean: 597.093139648
        dmean2: 988.963562012
        dvar: 414263.1875
        dvar2: 910863.75
        max: 3897.50976562
        mean: 1671.70996094
        min: 215.33203125
        var: 1112496.625
    spectral_skewness:
        dmean: 0.207764774561
        dmean2: 0.339670717716
        dvar: 0.0399270318449
        dvar2: 0.104914240539
        max: 3.05354094505
        mean: 1.58003163338
        min: 0.815012872219
        var: 0.108645558357
    spectral_spread:
        dmean: 345365.03125
        dmean2: 491545.15625
        dvar: 545087684608
        dvar2: 603382808576
        max: 17968720
        mean: 3862468.5
        min: 1963456.5
        var: 1.42167978803e+12
    spectral_strongpeak:
        dmean: 0.175144538283
        dmean2: 0.291804611683
        dvar: 0.0625018328428
        dvar2: 0.173670500517
        max: 2.70593333244
        mean: 0.397008985281
        min: 0.0328672304749
        var: 0.0723541751504
    zerocrossingrate:
        dmean: 0.00812509097159
        dmean2: 0.0103408135474
        dvar: 4.35150686826e-05
        dvar2: 7.59860340622e-05
        max: 0.1083984375
        mean: 0.0550551339984
        min: 0.013671875
        var: 0.000330961454893
    barkbands:
        dmean: [1.10279337662e-07, 2.95501631626e-05, 0.000100616140116, 0.000504368799739, 0.000921664875932, 0.000347848574165, 0.000169837570866, 6.73394752084e-05, 4.96131360705e-05, 0.000183783995453, 4.7421297495e-05, 2.02735518542e-05, 1.81769573828e-05, 5.84431436437e-05, 4.48962600785e-05, 3.82296675525e-05, 7.16195136192e-05, 7.05239726813e-05, 0.000120605131087, 5.92655960645e-05, 2.23190090765e-05, 4.64349886897e-06, 9.47914884364e-07, 2.93826900588e-07, 1.72554862843e-07, 9.13627040688e-09, 1.5286520938e-09]
        dmean2: [1.311944402e-07, 4.51729392807e-05, 0.00017108762404, 0.000841978646349, 0.00151229614858, 0.00057026615832, 0.000269911251962, 0.000108549211291, 7.7967379184e-05, 0.000271431752481, 7.79168112786e-05, 3.33101925207e-05, 2.92540116789e-05, 9.00765589904e-05, 7.09194791852e-05, 6.56321353745e-05, 0.000118394287711, 0.000109425003757, 0.000195507949684, 9.38050361583e-05, 3.5867891711e-05, 7.47809053792e-06, 1.4031476212e-06, 4.15095115613e-07, 2.48747483056e-07, 1.23559882326e-08, 1.67284830432e-09]
        dvar: [2.57294402797e-12, 1.51907320056e-09, 2.07355785875e-08, 3.16822593049e-07, 9.8021928352e-07, 2.82280097963e-07, 4.25053912068e-08, 6.70890409893e-09, 3.84155240951e-09, 7.12939609571e-08, 3.21990634156e-09, 7.43624606336e-10, 6.49450992984e-10, 1.09774385137e-08, 9.25711152178e-09, 4.81802198138e-09, 7.80027420433e-09, 1.04674624524e-08, 2.91303976496e-08, 9.62772617186e-09, 1.18701393159e-09, 6.34958613466e-11, 2.05489705113e-12, 2.66004259635e-13, 9.8459448602e-14, 1.07041395841e-15, 7.80143708322e-16]
        dvar2: [2.5908552647e-12, 3.70393893334e-09, 5.83309187618e-08, 8.30168232824e-07, 2.68944540949e-06, 8.17832074063e-07, 1.01925067497e-07, 1.6434166028e-08, 8.08876698954e-09, 1.36259771466e-07, 7.91090215557e-09, 1.73914072032e-09, 1.67673575024e-09, 1.81467747495e-08, 1.85620017135e-08, 1.31531852077e-08, 1.97022558268e-08, 2.28894414533e-08, 8.54933404071e-08, 2.33269297212e-08, 3.1731668404e-09, 1.64298713523e-10, 4.06612460715e-12, 4.53882157553e-13, 1.78471061714e-13, 1.36118279327e-15, 7.7975724954e-16]
        max: [3.33162352035e-05, 0.000466647063149, 0.00134134630207, 0.00557731464505, 0.00852859020233, 0.00546212494373, 0.00260040303692, 0.00086515682051, 0.000644235056825, 0.0025329135824, 0.000549664255232, 0.000264429545496, 0.000269986223429, 0.0013011925621, 0.00166383117903, 0.000870098534506, 0.000804302922916, 0.00114297482651, 0.00159479409922, 0.0010894802399, 0.000397282245103, 6.48712230031e-05, 1.52505654114e-05, 7.41248913982e-06, 3.51283870259e-06, 5.51598191123e-07, 5.79499157993e-07]
        mean: [1.146308648e-07, 5.01016329508e-05, 0.000154073393787, 0.000848332187161, 0.00171652832069, 0.000589099363424, 0.000414144888055, 0.000120812663226, 8.52829762152e-05, 0.000311256182613, 8.74635879882e-05, 3.51677699655e-05, 2.74329577223e-05, 0.00010243919678, 7.84441945143e-05, 6.43231905997e-05, 0.000134310743306, 0.00013713244698, 0.000217627035454, 0.000123393780086, 4.6649009164e-05, 1.01603272924e-05, 2.4580151603e-06, 7.51855452563e-07, 4.41897640258e-07, 1.93923437308e-08, 1.51511614366e-09]
        min: [5.90367060793e-11, 1.27801001781e-07, 1.40052918596e-06, 9.83509016805e-06, 8.2229184045e-05, 5.12473934577e-06, 6.38584333501e-06, 3.64353400073e-06, 3.59372097591e-06, 4.43130193162e-06, 2.36528967434e-06, 2.73859450317e-06, 1.49351933487e-06, 3.54330745722e-06, 3.90009563489e-06, 3.14822727887e-06, 1.04194632513e-05, 6.1833629843e-06, 1.2471547052e-05, 7.98714154371e-06, 2.54572364611e-06, 2.50203385121e-07, 1.69937184324e-08, 5.11552666893e-09, 3.30510974145e-09, 1.32034244649e-10, 1.52761561945e-14]
        var: [2.58383115251e-12, 4.40626024556e-09, 4.10700558007e-08, 6.35387380044e-07, 2.10153848457e-06, 4.82006953462e-07, 2.36243735685e-07, 1.4198647591e-08, 7.76268826996e-09, 1.4929844383e-07, 6.24639895364e-09, 1.32723199098e-09, 9.31833721296e-10, 3.87471459362e-08, 2.19531397505e-08, 4.76792649806e-09, 1.38983722309e-08, 2.10138466628e-08, 4.27840411987e-08, 1.70511551545e-08, 2.12414175138e-09, 1.20673554482e-10, 7.21297110581e-12, 1.09241077555e-12, 3.93481471364e-13, 2.14592514934e-15, 7.80579295015e-16]
    mfcc:
        mean: [-727.256347656, 146.876876831, -46.2270851135, 61.2558174133, -18.8108253479, -12.3213701248, -6.60773658752, -7.52141427994, -7.66662216187, -9.82785987854, -13.3907556534, -16.5807571411, -9.61672496796]
        cov: [[924.347106934, -579.302368164, 85.4096603394, -100.663978577, 23.6458587646, -30.0041027069, -6.49933242798, -36.470489502, -46.496006012, 4.49742984772, 39.4255027771, -0.139727711678, -7.57818317413], [-579.302368164, 710.928466797, -200.978637695, 127.725975037, -31.3731784821, 53.8070907593, 34.1980171204, 20.8131065369, 61.1319732666, 5.20427417755, -15.5665187836, 3.09200882912, -17.0970211029], [85.4096603394, -200.978637695, 344.659973145, -51.4301071167, 46.7932434082, -12.0324363708, -20.3015670776, 40.7223358154, 5.55120754242, 20.2126140594, 14.2235155106, 45.7300109863, 48.670501709], [-100.663978577, 127.725975037, -51.4301071167, 121.015113831, -5.67587900162, 37.3547668457, 20.442615509, 3.71351671219, 7.59536552429, 4.44792222977, 1.4392234087, 6.82223320007, 6.83058643341], [23.6458587646, -31.3731784821, 46.7932434082, -5.67587900162, 80.3897476196, 11.3765792847, 7.70712041855, -4.14862298965, 3.98737835884, 8.52402019501, 6.15458774567, 7.92716550827, 1.22571873665], [-30.0041027069, 53.8070907593, -12.0324363708, 37.3547668457, 11.3765792847, 70.6856460571, 25.2162952423, 8.49929141998, 3.55940485001, 5.33851003647, 3.5334982872, 1.76470887661, 0.729808151722], [-6.49933242798, 34.1980171204, -20.3015670776, 20.442615509, 7.70712041855, 25.2162952423, 59.9069252014, 18.9358654022, 8.44870090485, 2.33976721764, -3.8667640686, -3.54805755615, -10.2712287903], [-36.470489502, 20.8131065369, 40.7223358154, 3.71351671219, -4.14862298965, 8.49929141998, 18.9358654022, 52.157875061, 16.558057785, 5.47703886032, 3.69516515732, 5.43773555756, 7.28275203705], [-46.496006012, 61.1319732666, 5.55120754242, 7.59536552429, 3.98737835884, 3.55940485001, 8.44870090485, 16.558057785, 51.2639884949, 21.7782421112, 6.14109230042, 10.4886875153, -0.176826953888], [4.49742984772, 5.20427417755, 20.2126140594, 4.44792222977, 8.52402019501, 5.33851003647, 2.33976721764, 5.47703886032, 21.7782421112, 54.6677131653, 21.8711032867, 5.21192026138, 8.21463680267], [39.4255027771, -15.5665187836, 14.2235155106, 1.4392234087, 6.15458774567, 3.5334982872, -3.8667640686, 3.69516515732, 6.14109230042, 21.8711032867, 41.6807250977, 17.9724178314, 12.7968406677], [-0.139727711678, 3.09200882912, 45.7300109863, 6.82223320007, 7.92716550827, 1.76470887661, -3.54805755615, 5.43773555756, 10.4886875153, 5.21192026138, 17.9724178314, 56.5631904602, 32.1546134949], [-7.57818317413, -17.0970211029, 48.670501709, 6.83058643341, 1.22571873665, 0.729808151722, -10.2712287903, 7.28275203705, -0.176826953888, 8.21463680267, 12.7968406677, 32.1546134949, 67.2547454834]]
        icov: [[0.00257414509542, 0.00225202110596, 0.000495571119245, 0.000280524720438, 0.000269245967502, -0.000335467513651, -0.00119054852985, 0.00118780508637, -0.000360744365025, 0.000194003077922, -0.00206992845051, -0.000499318179209, 0.000771644408815], [0.00225202110596, 0.00438143219799, 0.00186301453505, -0.00135904352646, 0.000302025640849, -0.00110929133371, -0.000194492909941, -0.000367898668628, -0.00268416223116, 0.000130624248413, -0.000331117451424, -0.00149895262439, 0.000930695969146], [0.000495571119245, 0.00186301453505, 0.00593977700919, 0.000965044018812, -0.00290010683239, -0.000421995704528, 0.00283118104562, -0.00586056197062, 0.000579994171858, -0.00224370113574, 0.00253892922774, -0.00396731030196, -0.00105333817191], [0.000280524720438, -0.00135904352646, 0.000965044018812, 0.0122678214684, 0.000791839614976, -0.00461599836126, -0.00197376613505, 0.000847767689265, 0.00091393373441, -0.000867490947712, -2.3796048481e-05, -0.00139561411925, -0.00183565495536], [0.000269245967502, 0.000302025640849, -0.00290010683239, 0.000791839614976, 0.0155634982511, -0.0026776175946, -0.00382097065449, 0.00594121264294, -0.00178248272277, -0.000313873955747, -0.0019062187057, -0.000413903209846, 0.00123818684369], [-0.000335467513651, -0.00110929133371, -0.000421995704528, -0.00461599836126, -0.0026776175946, 0.0199774820358, -0.00620668428019, -0.000855571764987, 0.00216210144572, -0.000660588091705, -0.00179952150211, 0.000980454380624, -0.000608809175901], [-0.00119054852985, -0.000194492909941, 0.00283118104562, -0.00197376613505, -0.00382097065449, -0.00620668428019, 0.0261680353433, -0.0121284928173, 0.000174455883098, -0.00215727160685, 0.00569259328768, -0.00223076250404, 0.00366209819913], [0.00118780508637, -0.000367898668628, -0.00586056197062, 0.000847767689265, 0.00594121264294, -0.000855571764987, -0.0121284928173, 0.0324338264763, -0.00908060278744, 0.00462016789243, -0.0064037675038, 0.00498420279473, -0.00302073149942], [-0.000360744365025, -0.00268416223116, 0.000579994171858, 0.00091393373441, -0.00178248272277, 0.00216210144572, 0.000174455883098, -0.00908060278744, 0.0319024547935, -0.0134272249416, 0.00442878389731, -0.00800675805658, 0.00449269451201], [0.000194003077922, 0.000130624248413, -0.00224370113574, -0.000867490947712, -0.000313873955747, -0.000660588091705, -0.00215727160685, 0.00462016789243, -0.0134272249416, 0.0305696055293, -0.0163856316358, 0.00838594418019, -0.00371070462279], [-0.00206992845051, -0.000331117451424, 0.00253892922774, -2.3796048481e-05, -0.0019062187057, -0.00179952150211, 0.00569259328768, -0.0064037675038, 0.00442878389731, -0.0163856316358, 0.0399319007993, -0.0127174537629, -4.00162389269e-05], [-0.000499318179209, -0.00149895262439, -0.00396731030196, -0.00139561411925, -0.000413903209846, 0.000980454380624, -0.00223076250404, 0.00498420279473, -0.00800675805658, 0.00838594418019, -0.0127174537629, 0.0323447659612, -0.012397649698], [0.000771644408815, 0.000930695969146, -0.00105333817191, -0.00183565495536, 0.00123818684369, -0.000608809175901, 0.00366209819913, -0.00302073149942, 0.00449269451201, -0.00371070462279, -4.00162389269e-05, -0.012397649698, 0.0234115123749]]
    spectral_contrast:
        mean: [-3.57777651061e-07, 9.1256588064e-08, -4.38650772594e-07, -1.67924625316e-07, -2.45712840297e-07, -1.11845546158e-08, -1.46594084072e-06, 4.06951073728e-07, 2.30040586757e-06, -4.2881997615e-06, -1.89505260551e-06, 2.25080469818e-08]
        var: [0.000289371877443, 0.000590167706832, 0.00107261701487, 0.00232231314294, 0.00303671159782, 0.00378758599982, 0.0342693924904, 0.0654532760382, 0.106164559722, 0.218558728695, 0.261138737202, 0.897742092609]

rhythm:
    beats_loudness:
        dmean: 0.00302200531587
        dmean2: 0.00501832086593
        dvar: 4.49406752523e-06
        dvar2: 1.22838528114e-05
        max: 0.0110824378207
        mean: 0.00576081173494
        min: 0.00167609902564
        var: 6.43113935439e-06
    beats_loudness_bass:
        dmean: 0.0860233604908
        dmean2: 0.160575136542
        dvar: 0.00387941254303
        dvar2: 0.0140254572034
        max: 0.287901699543
        mean: 0.103800669312
        min: 0.0118971420452
        var: 0.00539863621816
    bpm: 104.256790161
    bpm_confidence: 0
    first_peak_bpm: 104
    first_peak_spread: 0
    first_peak_weight: 0.550000011921
    onset_rate: 4.69769906998
    second_peak_bpm: 155
    second_peak_spread: 0
    second_peak_weight: 0.449999988079
    beats_position: [0.0908318087459, 0.66634708643, 1.24186241627, 1.8173776865, 2.39289307594, 2.96840834618, 3.54392361641, 4.11943864822, 4.69495391846, 5.27046918869, 5.84598398209, 6.42320585251, 6.80983066559, 7.19645547867, 7.58308076859, 7.96970510483, 8.35633087158, 8.74295520782, 9.12958049774, 9.51620483398, 9.9028301239]
    bpm_estimates: [104.343025208, 104.191635132, 104.161605835, 103.758041382, 103.612373352, 104.961952209, 103.966423035, 105.229995728, 104.086021423]
    bpm_intervals: [0.575515270233, 0.575515329838, 0.575515270233, 0.575515389442, 0.575515270233, 0.575515270233, 0.575515031815, 0.575515270233, 0.575515270233, 0.575514793396, 0.577221870422, 0.38662481308, 0.38662481308, 0.386625289917, 0.386624336243, 0.386625766754, 0.386624336243, 0.386625289917, 0.386624336243, 0.386625289917]
    onset_times: [0.0464399084449, 0.255419492722, 0.46439909935, 0.580498874187, 0.870748281479, 0.905578255653, 1.24226760864, 1.4164172411, 1.62539684772, 1.82276642323, 2.00852608681, 2.21750569344, 2.3916554451, 2.57741498947, 2.80961441994, 2.96054410934, 3.16952371597, 3.5178232193, 3.72680282593, 3.90095233917, 4.31891155243, 4.71365070343, 4.8994102478, 5.08517026901, 5.29414987564, 5.45668935776, 5.83981847763, 5.87464857101, 6.03718805313, 6.24616765976, 6.40870761871, 6.60607719421, 6.78022670746, 7.01242637634, 7.18657588959, 7.40716552734, 7.69741487503, 7.77868461609, 7.84834480286, 8.13859367371, 8.38240337372, 8.57977294922, 8.95129299164, 9.22993183136, 9.54340171814, 9.81043052673, 9.9613609314]
    rubato_start: [6.80983066559]
    rubato_stop: [7.19645547867]
    perceptual_tempo: "unknown"

sfx:
    inharmonicity:
        dmean: 0.0296755507588
        dmean2: 0.0541074201465
        dvar: 0.00157742330339
        dvar2: 0.00435776216909
        max: 0.292527347803
        mean: 0.025717113167
        min: 0
        var: 0.00135938241147
    oddtoevenharmonicenergyratio:
        dmean: 21.1680240631
        dmean2: 41.9195098877
        dvar: 41681.1640625
        dvar2: 124926.15625
        max: 2971.73852539
        mean: 11.0069971085
        min: 0
        var: 20914.7832031
    pitch_after_max_to_before_max_energy_ratio: 0.148963302374
    pitch_centroid: 224.811019897
    pitch_max_to_total: 0.904428899288
    pitch_min_to_total: 0.969696998596
    tristimulus:
        dmean: [0.262789577246, 0.24758683145, 0.0749988928437]
        dmean2: [0.466979980469, 0.439697742462, 0.129505366087]
        dvar: [0.0520401485264, 0.0505072548985, 0.00743164634332]
        dvar2: [0.150056451559, 0.145441830158, 0.0200662631541]
        max: [1, 0.996416568756, 0.624875426292]
        mean: [0.495303660631, 0.387680053711, 0.0889312550426]
        min: [0.00150127278175, 0, 0]
        var: [0.0676196739078, 0.0593620240688, 0.00862642284483]

tonal:
    chords_changes_rate: 0.0833333358169
    chords_number_rate: 0.037037037313
    chords_strength:
        dmean: 0.0087612438947
        dmean2: 0.00878356862813
        dvar: 5.04402632941e-05
        dvar2: 6.13431984675e-05
        max: 0.562256753445
        mean: 0.457293063402
        min: 0.277759701014
        var: 0.00513703143224
    key_strength: 0.464151501656
    tuning_diatonic_strength: 0.521895885468
    tuning_equal_tempered_deviation: 0.148379713297
    tuning_frequency: 443.572570801
    tuning_nontempered_energy_ratio: 0.831989943981
    hpcp:
        dmean: [0.0782850161195, 0.0489984042943, 0.0935020521283, 0.12129573524, 0.0991114750504, 0.0585711710155, 0.0541341602802, 0.0695362240076, 0.0960958600044, 0.0886897742748, 0.0437260754406, 0.027416633442, 0.0235332828015, 0.0266505181789, 0.0436258018017, 0.0609193891287, 0.0547762438655, 0.040639642626, 0.0430912859738, 0.0544043816626, 0.0719092935324, 0.0703440457582, 0.127969890833, 0.1791857481, 0.222686246037, 0.207270473242, 0.175292626023, 0.146940752864, 0.214901328087, 0.255214989185, 0.234817564487, 0.169340729713, 0.0904390886426, 0.0586751550436, 0.0703546777368, 0.0903697609901]
        dmean2: [0.134194985032, 0.0833450779319, 0.15214265883, 0.193898960948, 0.154645591974, 0.105427257717, 0.0956518650055, 0.112887203693, 0.145320430398, 0.13594776392, 0.0748537480831, 0.0457042120397, 0.0377187691629, 0.0450214147568, 0.0706789419055, 0.102955512702, 0.0958446338773, 0.070630133152, 0.075434088707, 0.0958628803492, 0.121917903423, 0.112629473209, 0.225586742163, 0.31429669261, 0.382470101118, 0.342688530684, 0.320583850145, 0.264576017857, 0.380512475967, 0.435921639204, 0.394043266773, 0.289857417345, 0.166577041149, 0.104646146297, 0.122366957366, 0.155156806111]
        dvar: [0.0162467826158, 0.00778331048787, 0.025921639055, 0.0433420538902, 0.024314109236, 0.0105308955535, 0.0136621175334, 0.0111266002059, 0.0169976633042, 0.0145675810054, 0.00527778547257, 0.00145916733891, 0.00200583832338, 0.00189969176427, 0.00527645228431, 0.0102831758559, 0.00987277831882, 0.00379268312827, 0.0077177612111, 0.0137584218755, 0.019278774038, 0.0150833604857, 0.0480697527528, 0.0622433945537, 0.0907915979624, 0.0629962906241, 0.0797928199172, 0.0548669248819, 0.0659585222602, 0.0724343657494, 0.059893630445, 0.0407151915133, 0.0248146858066, 0.00752142257988, 0.015703048557, 0.0173633396626]
        dvar2: [0.0388120263815, 0.0200747083873, 0.059291023761, 0.0747600793839, 0.051960080862, 0.029580751434, 0.0390818230808, 0.0274835731834, 0.0337020382285, 0.0328735113144, 0.013491531834, 0.00379262701608, 0.00457462435588, 0.00505850464106, 0.0138672282919, 0.0278529077768, 0.0274528618902, 0.00850630644709, 0.0211398787796, 0.0372203998268, 0.0505114011467, 0.0303787179291, 0.1422123909, 0.148774176836, 0.190305098891, 0.157779723406, 0.212362095714, 0.140470445156, 0.165322318673, 0.161720171571, 0.124169945717, 0.103431873024, 0.0723555237055, 0.0208411812782, 0.0419309027493, 0.0409336946905]
        max: [1, 0.550510466099, 1, 1, 1, 0.717192709446, 1, 0.741584777832, 1, 1, 0.617074668407, 0.34305781126, 0.609467327595, 0.424805104733, 0.611024200916, 0.740192294121, 0.871542751789, 0.485154747963, 0.786899089813, 0.66557264328, 1, 1, 1, 1, 1, 1, 1, 1, 1, 1, 1, 1, 1, 0.50670415163, 1, 1]
        mean: [0.092944867909, 0.0607440881431, 0.152090102434, 0.249095842242, 0.157511353493, 0.0613213293254, 0.0573231466115, 0.0826914012432, 0.157867446542, 0.144294127822, 0.0602924786508, 0.0334359556437, 0.0287080518901, 0.0300943274051, 0.0601402483881, 0.0748374462128, 0.0566770136356, 0.0508183650672, 0.0462160892785, 0.0514085069299, 0.0774082764983, 0.0847886651754, 0.114411443472, 0.22436620295, 0.281569391489, 0.215483471751, 0.140365049243, 0.110270529985, 0.215897500515, 0.491461932659, 0.483642309904, 0.204374223948, 0.0816494747996, 0.0614595599473, 0.0746172145009, 0.108385466039]
        min: [0.00266183377244, 0.00180786591955, 0.00167938217055, 0.00165699736681, 0.0025620884262, 0.00345335458405, 0.00213115406223, 0.00062735582469, 0.00257130991668, 0.00488210329786, 0.0031554531306, 0.00163991446607, 0.000687977182679, 0.00149800418876, 0.00267801131122, 0.00414676219225, 0.00234787305817, 0.000515118474141, 0.000374495080905, 0.000593768258113, 0.000590535346419, 0.00202490878291, 0.00153776514344, 0.00256056827493, 0.00149611430243, 0.000761389324907, 0.000765782489907, 0.000463969889097, 0.00144717644434, 0.00490995310247, 0.0101651689038, 0.00421293079853, 0.00144165952224, 0.00109112099744, 0.00194219732657, 0.00269565684721]
        var: [0.0246716663241, 0.00784519221634, 0.0471190400422, 0.128143802285, 0.0528297275305, 0.00742442253977, 0.00932190380991, 0.0140216602013, 0.0371154099703, 0.0268441699445, 0.00553247937933, 0.0020938697271, 0.00310215167701, 0.0017909584567, 0.00594485132024, 0.011463063769, 0.00854297075421, 0.00655754841864, 0.00791417341679, 0.00957202538848, 0.0188692100346, 0.0262724496424, 0.043242957443, 0.0978050753474, 0.138663485646, 0.0843864753842, 0.0697083026171, 0.0437251031399, 0.0663355067372, 0.140504524112, 0.142139732838, 0.0502866767347, 0.0163260288537, 0.00696808705106, 0.0134841445833, 0.0269804522395]
    chords_histogram: [6.48148155212, 9.72222232819, 6.48148155212, 0, 0, 0, 0, 0, 9.72222232819, 0, 12.0370368958, 0, 0, 0, 0, 0, 0, 7.40740728378, 0, 43.5185203552, 0, 0, 4.62962961197, 0]
    thpcp: [1, 0.984089076519, 0.415849536657, 0.166135907173, 0.125054568052, 0.151827052236, 0.220536842942, 0.189119160175, 0.123598761857, 0.309464663267, 0.506846666336, 0.320495545864, 0.124773301184, 0.116638019681, 0.168255969882, 0.321220099926, 0.293601840734, 0.122679851949, 0.0680336654186, 0.0584135837853, 0.0612342990935, 0.122370101511, 0.152275159955, 0.11532330513, 0.10340244323, 0.0940379872918, 0.104603230953, 0.157506152987, 0.172523364425, 0.232798174024, 0.456528127193, 0.572922050953, 0.438454031944, 0.285607159138, 0.224372476339, 0.439296483994]
    chords_key: "G"
    chords_scale: "minor"
    key_key: "C"
    key_scale: "major"
    chords_progression: ["Gm", "Gm", "Gm", "Gm", "Gm", "Gm", "Gm", "Gm", "Gm", "Gm", "Gm", "C", "C", "Gm", "Gm", "Gm", "Gm", "Gm", "Gm", "Gm", "Gm", "C", "C", "C", "C", "C", "C", "G", "G", "G", "G", "G", "G", "G", "G", "G", "G", "G", "G", "G", "G", "Gm", "Gm", "Gm", "Gm", "Gm", "Gm", "Gm", "Gm", "Gm", "Gm", "Gm", "Gm", "Gm", "Cm", "Cm", "Cm", "Cm", "Cm", "Cm", "Cm", "Cm", "Cm", "Cm", "Cm", "Cm", "Cm", "Cm", "Cm", "Cm", "C", "B", "B", "B", "B", "B", "B", "B", "B", "B", "B", "B", "B", "E", "E", "E", "E", "E", "E", "E", "E", "E", "E", "E", "E", "E", "E", "E", "E", "E", "E", "E", "E", "E", "F", "F", "F", "F", "F", "F", "F", "F", "F", "F", "Em", "Em", "Em", "Em", "Em", "Em", "Em", "Em", "Em", "Em", "Em", "Em", "Em", "Em", "Em", "Em", "Em", "Em", "Em", "Em", "Em", "C", "B", "B", "Gm", "Gm", "Gm", "Gm", "Gm", "Gm", "Gm", "Gm", "Gm", "Gm", "B", "B", "B", "B", "B", "B", "B", "B", "B", "B", "B", "B", "Gm", "Gm", "Gm", "Gm", "Gm", "Gm", "Gm", "Gm", "Gm", "Gm", "Gm", "Gm", "Gm", "Gm", "Gm", "Gm", "Gm", "Gm", "Gm", "Gm", "C", "C", "C", "C", "Gm", "Gm", "Gm", "Gm", "Gm", "Gm", "Gm", "Gm", "Gm", "Gm", "Gm", "Gm", "Gm", "Gm", "Gm", "Gm", "Gm", "Gm", "Gm", "Gm", "Gm", "Gm", "Gm", "Gm", "Gm", "Gm", "Gm", "Gm", "Gm", "Gm", "Gm", "Gm"]
