
metadata:
    version:
        essentia: "1.2.2"
    audio_properties:
        analysis_sample_rate: 44100
        bitrate: 128
        channels: 2
        equal_loudness: 1
        length: 10.0048980713
        replay_gain: -14.0071544647
        downmix: "mix"
    tags:
        track: 12
        year: 0
        album: "Splitted by Mp3Splt v. 2.1"
        artist: "From 001.50 To 002.00"
        comment: "http://mp3splt.sf.net"
        genre: ""
        title: "08 Gold Rush.mp3"

highlevel:
    ballroom:
        all:
            ChaChaCha: 0.225485891104
            Jive: 0.239089012146
            Quickstep: 0.0675276368856
            Rumba-American: 0.00219674827531
            Rumba-International: 0.0118409432471
            Rumba-Misc: 0.0060368059203
            Samba: 0.445351749659
            Tango: 0.000681133882608
            VienneseWaltz: 0.00104275008198
            Waltz: 0.000747322861571
        probability: 0.445351749659
        value: "Samba"
    culture:
        all:
            non_western: 0.0327664949
            western: 0.967233479023
        probability: 0.967233479023
        value: "western"
    gender:
        all:
            female: 0.00409889174625
            male: 0.995901107788
        probability: 0.995901107788
        value: "male"
    genre_dortmund:
        all:
            alternative: 0.00109451333992
            blues: 0.00185907282867
            electronic: 0.00856742635369
            folkcountry: 0.00122999446467
            funksoulrnb: 0.00480473181233
            jazz: 0.00746746407822
            pop: 0.00814085453749
            raphiphop: 0.952300190926
            rock: 0.0145357670262
        probability: 0.952300190926
        value: "raphiphop"
    genre_electronica:
        all:
            ambient: 0.136322692037
            dnb: 0.397434443235
            house: 0.323183745146
            techno: 0.0297476705164
            trance: 0.113311454654
        probability: 0.397434443235
        value: "dnb"
    genre_rosamerica:
        all:
            cla: 0.00280357478186
            dan: 0.0387862175703
            hip: 0.405944675207
            jaz: 0.00728979194537
            pop: 0.0204180963337
            rhy: 0.500532567501
            roc: 0.0130290798843
            spe: 0.01119601354
        probability: 0.500532567501
        value: "rhy"
    genre_tzanetakis:
        all:
            blu: 0.0025199232623
            cla: 0.00172828917857
            cou: 0.00768076814711
            dis: 0.0316207557917
            hip: 0.439683198929
            jaz: 0.00223172386177
            met: 0.00357588310726
            pop: 0.268219530582
            reg: 0.230127617717
            roc: 0.0126122934744
        probability: 0.439683198929
        value: "hip"
    live_studio:
        all:
            live: 0.0197112374008
            studio: 0.980288743973
        probability: 0.980288743973
        value: "studio"
    mood:
        all:
            Cluster1: 0.174748793244
            Cluster2: 0.370160192251
            Cluster3: 0.070580907166
            Cluster4: 0.141326636076
            Cluster5: 0.243183478713
        probability: 0.370160192251
        value: "Cluster2"
    mood_acoustic:
        all:
            acoustic: 0.0246672909707
            not_acoustic: 0.975332736969
        probability: 0.975332736969
        value: "not_acoustic"
    mood_aggressive:
        all:
            aggressive: 0.194683268666
            not_aggressive: 0.805316746235
        probability: 0.805316746235
        value: "not_aggressive"
    mood_electronic:
        all:
            electronic: 0.7745475173
            not_electronic: 0.225452467799
        probability: 0.7745475173
        value: "electronic"
    mood_happy:
        all:
            happy: 0.302046865225
            not_happy: 0.697953104973
        probability: 0.697953104973
        value: "not_happy"
    mood_party:
        all:
            not_party: 0.185600653291
            party: 0.81439936161
        probability: 0.81439936161
        value: "party"
    mood_relaxed:
        all:
            not_relaxed: 0.259397864342
            relaxed: 0.740602135658
        probability: 0.740602135658
        value: "relaxed"
    mood_sad:
        all:
            not_sad: 0.683936536312
            sad: 0.31606349349
        probability: 0.683936536312
        value: "not_sad"
    rhythm:
        all:
            fast: 0.633791863918
            medium: 0.338070422411
            slow: 0.0281377062201
        probability: 0.633791863918
        value: "fast"
    speech_music:
        all:
            music: 0.861667096615
            speech: 0.138332888484
        probability: 0.861667096615
        value: "music"
    timbre:
        all:
            bright: 0.742380201817
            dark: 0.257619827986
        probability: 0.742380201817
        value: "bright"
    voice_instrumental:
        all:
            instrumental: 0.000174355489435
            voice: 0.999825656414
        probability: 0.999825656414
        value: "voice"

lowlevel:
    average_loudness: 0.974641501904
    barkbands_kurtosis:
        dmean: 2.20935297012
        dmean2: 3.52094602585
        dvar: 9.63072395325
        dvar2: 20.7587451935
        max: 30.7575149536
        mean: 1.25569736958
        min: -1.87588703632
        var: 16.1587543488
    barkbands_skewness:
        dmean: 0.705804169178
        dmean2: 1.028683424
        dvar: 0.394831985235
        dvar2: 0.771774351597
        max: 4.76622390747
        mean: 0.852895796299
        min: -4.49699115753
        var: 1.44793403149
    barkbands_spread:
        dmean: 8.7444524765
        dmean2: 12.7832927704
        dvar: 72.4752960205
        dvar2: 134.063049316
        max: 74.9940414429
        mean: 29.6921024323
        min: 2.72265148163
        var: 254.132461548
    dissonance:
        dmean: 0.0278225690126
        dmean2: 0.0442165508866
        dvar: 0.000886545691174
        dvar2: 0.00209520105273
        max: 0.498404413462
        mean: 0.444432705641
        min: 0.278569757938
        var: 0.00198566354811
    hfc:
        dmean: 2.90323710442
        dmean2: 4.24457979202
        dvar: 27.4359798431
        dvar2: 63.6948928833
        max: 61.7399597168
        mean: 4.833152771
        min: 0.0072243437171
        var: 47.7364768982
    pitch:
        dmean: 901.776306152
        dmean2: 1715.5144043
        dvar: 2085313
        dvar2: 4510107.5
        max: 4900
        mean: 1264.43383789
        min: 80.0363006592
        var: 2849043.5
    pitch_instantaneous_confidence:
        dmean: 0.118412800133
        dmean2: 0.191240593791
        dvar: 0.00937244389206
        dvar2: 0.0230645667762
        max: 0.885876595974
        mean: 0.447639673948
        min: 0.130651295185
        var: 0.0228804741055
    pitch_salience:
        dmean: 0.0801619961858
        dmean2: 0.133417785168
        dvar: 0.00480230897665
        dvar2: 0.01325059589
        max: 0.873422026634
        mean: 0.623262763023
        min: 0.34475684166
        var: 0.00916467327625
    silence_rate_20dB:
        dmean: 0
        dmean2: 0
        dvar: 0
        dvar2: 0
        max: 1
        mean: 1
        min: 1
        var: 0
    silence_rate_30dB:
        dmean: 0
        dmean2: 0
        dvar: 0
        dvar2: 0
        max: 1
        mean: 1
        min: 1
        var: 0
    silence_rate_60dB:
        dmean: 0.171693742275
        dmean2: 0.341860473156
        dvar: 0.142215460539
        dvar2: 0.248247548938
        max: 1
        mean: 0.622685194016
        min: 0
        var: 0.234947890043
    spectral_centroid:
        dmean: 423.341796875
        dmean2: 609.026611328
        dvar: 238417.734375
        dvar2: 413276.375
        max: 4558.87158203
        mean: 1344.73974609
        min: 271.698242188
        var: 801677.8125
    spectral_complexity:
        dmean: 3.56046509743
        dmean2: 5.13286733627
        dvar: 26.3021297455
        dvar2: 47.8075027466
        max: 51
        mean: 8.44547557831
        min: 0
        var: 65.2818222046
    spectral_crest:
        dmean: 2.97630167007
        dmean2: 4.7951374054
        dvar: 7.25138235092
        dvar2: 17.8693847656
        max: 21.8072834015
        mean: 9.2533082962
        min: 3.20238423347
        var: 13.7552547455
    spectral_decrease:
        dmean: 4.6893594563e-10
        dmean2: 7.33975880074e-10
        dvar: 5.67172103429e-19
        dvar2: 1.50383193121e-18
        max: -1.45308006079e-12
        mean: -7.83666576076e-10
        min: -5.59081536622e-09
        var: 6.68335206669e-19
    spectral_energy:
        dmean: 0.00200946559198
        dmean2: 0.00310410931706
        dvar: 1.03865259007e-05
        dvar2: 2.72675188171e-05
        max: 0.0267010312527
        mean: 0.00339611759409
        min: 6.13951397099e-06
        var: 1.29382306113e-05
    spectral_energyband_high:
        dmean: 0.000206637865631
        dmean2: 0.000280712498352
        dvar: 1.47450549548e-07
        dvar2: 2.71493519222e-07
        max: 0.00423608534038
        mean: 0.000349381676642
        min: 3.13299921118e-07
        var: 3.90360668234e-07
    spectral_energyband_low:
        dmean: 0.00024178060994
        dmean2: 0.000393041991629
        dvar: 4.44822632062e-07
        dvar2: 1.15912621368e-06
        max: 0.00526356417686
        mean: 0.000333548727212
        min: 7.64017826782e-09
        var: 3.81629519097e-07
    spectral_energyband_middle_high:
        dmean: 0.000694604765158
        dmean2: 0.00109460251406
        dvar: 1.9170449832e-06
        dvar2: 4.76272089145e-06
        max: 0.0135738328099
        mean: 0.000987399020232
        min: 1.53068322106e-06
        var: 2.3044694899e-06
    spectral_energyband_middle_low:
        dmean: 0.00116667209659
        dmean2: 0.00191146193538
        dvar: 4.05355467592e-06
        dvar2: 1.11810641101e-05
        max: 0.0183366332203
        mean: 0.00172577949706
        min: 3.61198863175e-06
        var: 3.99774489779e-06
    spectral_flatness_db:
        dmean: 0.0250316020101
        dmean2: 0.0390902869403
        dvar: 0.000556939630769
        dvar2: 0.00115230272058
        max: 0.288999944925
        mean: 0.164743974805
        min: 0.077369377017
        var: 0.00167751254048
    spectral_flux:
        dmean: 0.0139017216861
        dmean2: 0.0213242024183
        dvar: 0.000284031557385
        dvar2: 0.00056689226767
        max: 0.136115372181
        mean: 0.0374749675393
        min: 0.00247780419886
        var: 0.000587385671679
    spectral_kurtosis:
        dmean: 2.22751092911
        dmean2: 3.44612026215
        dvar: 6.73070907593
        dvar2: 16.8750858307
        max: 23.3275375366
        mean: 4.44478178024
        min: -0.435028553009
        var: 16.1733169556
    spectral_rms:
        dmean: 0.00047260010615
        dmean2: 0.000686665531248
        dvar: 3.3724433024e-07
        dvar2: 8.14359850665e-07
        max: 0.00510389916599
        mean: 0.00162600760814
        min: 7.73936044425e-05
        var: 6.69383723562e-07
    spectral_rolloff:
        dmean: 815.507141113
        dmean2: 1278.54052734
        dvar: 809083.0625
        dvar2: 1382239.125
        max: 6696.82617188
        mean: 2582.03515625
        min: 258.3984375
        var: 2610847.75
    spectral_skewness:
        dmean: 0.342989236116
        dmean2: 0.498312264681
        dvar: 0.111364752054
        dvar2: 0.220625475049
        max: 3.4891834259
        mean: 1.49249815941
        min: 0.195270910859
        var: 0.439390540123
    spectral_spread:
        dmean: 1005596.5
        dmean2: 1433928.625
        dvar: 1.60233632563e+12
        dvar2: 2.73704996045e+12
        max: 13677222
        mean: 5372468.5
        min: 2085430.375
        var: 4.65219144909e+12
    spectral_strongpeak:
        dmean: 0.247912153602
        dmean2: 0.417577326298
        dvar: 0.148642167449
        dvar2: 0.414984077215
        max: 2.71609926224
        mean: 0.357990950346
        min: 0.00470822118223
        var: 0.163986563683
    zerocrossingrate:
        dmean: 0.0176190044731
        dmean2: 0.0193639360368
        dvar: 0.000281845772406
        dvar2: 0.000310726987664
        max: 0.21533203125
        mean: 0.0802956447005
        min: 0.01806640625
        var: 0.00183987477794
    barkbands:
        dmean: [4.09071049035e-07, 9.84553043963e-05, 0.000166079291375, 0.000131389446324, 0.00025935730082, 0.000229550059885, 0.000539690547157, 0.000227854208788, 0.000171986874193, 7.17562506907e-05, 5.69007788727e-05, 6.13496158621e-05, 4.30713371316e-05, 3.12677111651e-05, 6.25099346507e-05, 0.000103471349576, 0.00012135556608, 9.81685880106e-05, 0.000145989964949, 0.000125882754219, 0.000106441431853, 4.26886763307e-05, 1.56547666847e-05, 3.39423172591e-06, 1.48898254793e-06, 1.02727291562e-07, 1.96024130261e-09]
        dmean2: [6.14888222117e-07, 0.000162311611348, 0.000279670057353, 0.000233055659919, 0.000401205033995, 0.000380870566005, 0.000959360448178, 0.000363501283573, 0.000272559002042, 0.000114933114673, 9.56602380029e-05, 0.000104771279439, 7.00809032423e-05, 5.22709233337e-05, 0.000108383777842, 0.000171643754584, 0.000201559028937, 0.000166484998772, 0.000236550651607, 0.000192516483366, 0.000153461660375, 5.95562923991e-05, 2.38656466536e-05, 4.81589813717e-06, 2.0862164547e-06, 1.5277917953e-07, 2.21154516922e-09]
        dvar: [1.03203177341e-12, 8.83536017682e-08, 2.18414328401e-07, 1.02123756562e-07, 1.67827508335e-07, 2.80647412865e-07, 2.58629847849e-06, 3.29985510916e-07, 2.04725338904e-07, 3.41328494358e-08, 4.62048461713e-08, 5.20460048392e-08, 1.94926546015e-08, 5.7684985677e-09, 4.99646688468e-08, 8.26309687341e-08, 4.94859158096e-08, 4.62531239975e-08, 1.24042784932e-07, 7.43684793747e-08, 4.50851551648e-08, 6.04584204922e-09, 8.28969615174e-10, 4.16285131366e-11, 6.59920642437e-12, 3.12038128626e-14, 1.08883925436e-15]
        dvar2: [1.97768364185e-12, 2.32201301742e-07, 5.96224481342e-07, 2.93701674536e-07, 3.65289508863e-07, 7.75402043018e-07, 7.26538428353e-06, 8.00510747467e-07, 5.1242312793e-07, 7.18866886018e-08, 9.16250328942e-08, 1.44791798107e-07, 4.29180637695e-08, 1.31405322179e-08, 1.49782366066e-07, 1.87169831634e-07, 1.28085275719e-07, 1.1622973517e-07, 3.11490964577e-07, 1.55994015927e-07, 9.43063298564e-08, 1.13978986249e-08, 1.70002967259e-09, 8.24752696693e-11, 1.41601036452e-11, 6.75103690399e-14, 1.08946108242e-15]
        max: [8.96671554074e-06, 0.0021139124874, 0.00376325612888, 0.00326050492004, 0.00583953922614, 0.0050265416503, 0.0167313665152, 0.00576702831313, 0.00409798044711, 0.00200461316854, 0.00297045521438, 0.00277231028304, 0.00166092463769, 0.00096977717476, 0.00237300503068, 0.00306909764186, 0.00223226449452, 0.0019521669019, 0.00448326999322, 0.00363622535951, 0.00199345545843, 0.000684219237883, 0.000248029420618, 6.37941848254e-05, 2.75738657365e-05, 1.26054601424e-06, 6.86989892529e-07]
        mean: [5.51895311673e-07, 0.000106734551082, 0.000226273114095, 0.000158389331773, 0.00044426342356, 0.000290764292004, 0.000427880644565, 0.000215500622289, 0.000174129600055, 8.25617171358e-05, 6.02332147537e-05, 5.42217385373e-05, 4.58219583379e-05, 3.50731133949e-05, 6.48182176519e-05, 0.000107031213702, 0.000138916744618, 0.00012133281416, 0.000201382936211, 0.000187333236681, 0.000154211869813, 7.08552252036e-05, 2.07679204323e-05, 4.87697161589e-06, 2.06507388611e-06, 1.26375397258e-07, 2.03741357119e-09]
        min: [3.69045904947e-11, 9.70894614705e-11, 6.50508358291e-09, 8.80769590594e-08, 4.60794041146e-07, 3.18539633781e-07, 1.69536704675e-07, 3.08415302186e-08, 1.67114553307e-08, 2.70972719818e-08, 7.75026620659e-08, 1.48271492861e-08, 1.80323365129e-08, 3.78773314935e-08, 4.6389867947e-08, 2.3865501575e-08, 1.83273680676e-08, 1.28993107751e-07, 2.25813212573e-09, 1.54586530243e-07, 1.42657313518e-07, 5.40850813024e-08, 1.37262041733e-08, 3.50296991414e-09, 1.67239433413e-09, 8.6063239868e-11, 1.90785633277e-13]
        var: [1.3041461357e-12, 7.08877152533e-08, 1.7582206624e-07, 7.75581412427e-08, 3.52066507503e-07, 2.46857013053e-07, 1.66872291629e-06, 3.12211057008e-07, 2.0431011194e-07, 4.24450306014e-08, 5.0890090364e-08, 3.55186884349e-08, 2.48440041872e-08, 6.6034075985e-09, 3.2780235415e-08, 8.14237210989e-08, 5.11449478324e-08, 5.33659552104e-08, 1.60861816312e-07, 1.49311105702e-07, 9.30300529944e-08, 1.5485358773e-08, 1.42784184476e-09, 8.10123079731e-11, 1.17263889571e-11, 5.15361645232e-14, 1.09145616265e-15]
    mfcc:
        mean: [-759.91796875, 111.081085205, -26.0571060181, 57.6868019104, -12.6106901169, -8.69204330444, -12.8513765335, -4.46636486053, -4.21022319794, -8.70662021637, -6.1292219162, -5.87594032288, -4.95235919952]
        cov: [[5406.34033203, -1175.62963867, 176.783157349, 94.9824371338, -215.589523315, 317.666870117, 6.02650022507, 196.183807373, 190.779983521, 239.014602661, 143.71244812, 133.07270813, 150.212387085], [-1175.62963867, 2587.09863281, -868.993530273, -404.476104736, 117.187889099, -321.343994141, 124.248504639, 90.9792480469, 41.096031189, -38.5242004395, 112.692832947, -37.1345558167, -64.5369720459], [176.783157349, -868.993530273, 908.054504395, 246.147064209, 84.6942749023, 209.527313232, 6.65599012375, 0.446235895157, 35.8663101196, 40.9235916138, -69.3260498047, 45.1717262268, 24.1787433624], [94.9824371338, -404.476104736, 246.147064209, 553.496276855, 156.986297607, 184.63432312, 26.886428833, 28.6664333344, 45.6122665405, 58.0100669861, -30.2293567657, 4.0041384697, 7.41749477386], [-215.589523315, 117.187889099, 84.6942749023, 156.986297607, 319.268096924, 93.6241073608, 5.51757144928, -25.7277488708, 38.5812644958, 50.5539321899, -21.6732444763, -12.528427124, -14.1703739166], [317.666870117, -321.343994141, 209.527313232, 184.63432312, 93.6241073608, 337.162200928, 69.4899215698, 14.4027824402, 32.3330192566, 77.958442688, 1.03867661953, 25.2423152924, 27.8341884613], [6.02650022507, 124.248504639, 6.65599012375, 26.886428833, 5.51757144928, 69.4899215698, 150.093780518, 82.4393539429, 26.6954517365, 15.5564718246, 32.2507171631, 27.5643463135, 3.28508639336], [196.183807373, 90.9792480469, 0.446235895157, 28.6664333344, -25.7277488708, 14.4027824402, 82.4393539429, 159.713699341, 56.3713722229, 21.962890625, 33.2026557922, 20.419708252, 8.28498268127], [190.779983521, 41.096031189, 35.8663101196, 45.6122665405, 38.5812644958, 32.3330192566, 26.6954517365, 56.3713722229, 116.702476501, 50.8985595703, 5.36256694794, 4.70789384842, 0.298368304968], [239.014602661, -38.5242004395, 40.9235916138, 58.0100669861, 50.5539321899, 77.958442688, 15.5564718246, 21.962890625, 50.8985595703, 112.949317932, 31.8001708984, -10.3235826492, -5.0003900528], [143.71244812, 112.692832947, -69.3260498047, -30.2293567657, -21.6732444763, 1.03867661953, 32.2507171631, 33.2026557922, 5.36256694794, 31.8001708984, 113.664764404, 46.2983932495, -3.58165621758], [133.07270813, -37.1345558167, 45.1717262268, 4.0041384697, -12.528427124, 25.2423152924, 27.5643463135, 20.419708252, 4.70789384842, -10.3235826492, 46.2983932495, 96.400390625, 29.7816753387], [150.212387085, -64.5369720459, 24.1787433624, 7.41749477386, -14.1703739166, 27.8341884613, 3.28508639336, 8.28498268127, 0.298368304968, -5.0003900528, -3.58165621758, 29.7816753387, 85.3500900269]]
        icov: [[0.000285970570985, 0.000151924803504, 0.000125692196889, 8.80552615854e-05, 0.00015289610019, -0.000165976685821, 0.000257943029283, -0.000306039059069, -0.000308906077407, -0.000422992015956, -0.000155693327542, -0.000210488695302, -0.000289174728096], [0.000151924803504, 0.000929593574256, 0.000672827416565, 0.000479600246763, -0.000786225078627, 0.000473849941045, -0.000737272202969, -0.000329638220137, -0.00053600029787, 8.88349313755e-05, -0.00049687520368, 0.000171217456227, -9.49654859141e-05], [0.000125692196889, 0.000672827416565, 0.0020432213787, -8.19010256237e-06, -0.000459865754237, -0.000319229322486, -0.000157664151629, -0.000398323580157, -0.000348952540662, -0.000571894517634, 0.00128232769202, -0.00147665722761, 0.000318706297548], [8.80552615854e-05, 0.000479600246763, -8.19010256237e-06, 0.00286416267045, -0.00131003255956, -0.000735494075343, 2.59584230662e-05, -0.00100127607584, -0.000259906897554, -0.000156774374773, 0.000261256471276, 2.24908326345e-05, 7.44710559957e-05], [0.00015289610019, -0.000786225078627, -0.000459865754237, -0.00131003255956, 0.00515246903524, -0.00103328854311, 0.000563304289244, 0.00148381188046, -0.0008822894888, -0.001669727033, 0.00114660803229, -0.000646736647468, 0.000586286187172], [-0.000165976685821, 0.000473849941045, -0.000319229322486, -0.000735494075343, -0.00103328854311, 0.00591017026454, -0.00348421535455, 0.0013441228075, 0.00066004547989, -0.00302829826251, 0.000776774482802, -0.000744189659599, -0.00117802503519], [0.000257943029283, -0.000737272202969, -0.000157664151629, 2.59584230662e-05, 0.000563304289244, -0.00348421535455, 0.0123546095565, -0.00576268648729, 0.000377605610993, 0.000783772848081, -0.000884200213477, -0.00169504550286, 0.000943563762121], [-0.000306039059069, -0.000329638220137, -0.000398323580157, -0.00100127607584, 0.00148381188046, 0.0013441228075, -0.00576268648729, 0.0118386950344, -0.00433332892135, 0.000561006425414, -0.00169175583869, 0.000886181893293, -0.000962354184594], [-0.000308906077407, -0.00053600029787, -0.000348952540662, -0.000259906897554, -0.0008822894888, 0.00066004547989, 0.000377605610993, -0.00433332892135, 0.0142130479217, -0.00618748134002, 0.00374273420312, -0.0025249295868, 0.000930086127482], [-0.000422992015956, 8.88349313755e-05, -0.000571894517634, -0.000156774374773, -0.001669727033, -0.00302829826251, 0.000783772848081, 0.000561006425414, -0.00618748134002, 0.0186060797423, -0.00867507886142, 0.00768599100411, -0.000321262894431], [-0.000155693327542, -0.00049687520368, 0.00128232769202, 0.000261256471276, 0.00114660803229, 0.000776774482802, -0.000884200213477, -0.00169175583869, 0.00374273420312, -0.00867507886142, 0.0181489866227, -0.0110121378675, 0.00373043515719], [-0.000210488695302, 0.000171217456227, -0.00147665722761, 2.24908326345e-05, -0.000646736647468, -0.000744189659599, -0.00169504550286, 0.000886181893293, -0.0025249295868, 0.00768599100411, -0.0110121378675, 0.0198905803263, -0.00591270206496], [-0.000289174728096, -9.49654859141e-05, 0.000318706297548, 7.44710559957e-05, 0.000586286187172, -0.00117802503519, 0.000943563762121, -0.000962354184594, 0.000930086127482, -0.000321262894431, 0.00373043515719, -0.00591270206496, 0.014793055132]]
    spectral_contrast:
        mean: [4.77805208732e-08, 4.81545612274e-07, 2.86873273581e-07, -2.83778945231e-07, 5.20192259046e-07, 8.51786353451e-07, -2.64002937911e-06, -5.88561306358e-07, 3.39027337759e-06, -2.45194974013e-06, -4.32583146903e-06, -1.96736823455e-06]
        var: [0.000873432145454, 0.00131843332201, 0.00174882134888, 0.00303134182468, 0.00468376651406, 0.00832917820662, 0.112734630704, 0.134969562292, 0.213638365269, 0.783876657486, 1.0900131464, 3.29151105881]

rhythm:
    beats_loudness:
        dmean: 0.00631702877581
        dmean2: 0.0129833100364
        dvar: 1.16054088721e-05
        dvar2: 3.31283736159e-05
        max: 0.0170881152153
        mean: 0.0071471282281
        min: 0.00136805057991
        var: 1.48840817928e-05
    beats_loudness_bass:
        dmean: 0.404180347919
        dmean2: 0.829478144646
        dvar: 0.0269066281617
        dvar2: 0.0543964579701
        max: 0.745077908039
        mean: 0.223921686411
        min: 0.00797982513905
        var: 0.0543844737113
    bpm: 91.4888381958
    bpm_confidence: 0
    first_peak_bpm: 91
    first_peak_spread: 0.066666662693
    first_peak_weight: 0.933333337307
    onset_rate: 4.79764986038
    second_peak_bpm: 0
    second_peak_spread: 0
    second_peak_weight: 0
    beats_position: [0.0370339937508, 0.692874789238, 1.34871566296, 2.00455641747, 2.66039705276, 3.31623792648, 3.97207856178, 4.62791919708, 5.2837600708, 5.93960094452, 6.62474536896, 7.2805390358, 7.93633365631, 8.59212684631, 9.24792098999, 9.90371417999]
    bpm_estimates: [91.5831222534, 91.4205932617, 91.5469589233, 91.4787979126, 91.5382156372, 91.5976791382, 91.5625457764, 91.4462890625, 91.4798965454, 91.352684021, 91.3358840942, 91.6188430786, 91.4058303833, 91.6203842163, 91.5659103394, 91.5025100708, 91.5630569458, 91.4714889526, 91.431602478, 91.3895950317, 91.3535003662]
    bpm_intervals: [0.655840814114, 0.655840873718, 0.655840754509, 0.6558406353, 0.655840873718, 0.6558406353, 0.6558406353, 0.655840873718, 0.655840873718, 0.685144424438, 0.65579366684, 0.655794620514, 0.655793190002, 0.655794143677, 0.655793190002]
    onset_times: [0.0580498874187, 0.255419492722, 0.371519267559, 0.684988677502, 0.940408170223, 1.10294783115, 1.23065757751, 1.35836732388, 1.68344676495, 1.78793644905, 1.99691605568, 2.26394557953, 2.31038546562, 2.47292518616, 2.65868473053, 2.92571425438, 3.21596360207, 3.32045340538, 3.63392281532, 3.97061228752, 4.12154197693, 4.2492518425, 4.42340135574, 4.56272125244, 4.93424034119, 5.20126962662, 5.32897949219, 5.56117916107, 5.65405893326, 5.95591831207, 6.28099775314, 6.40870761871, 6.5015873909, 6.62929725647, 6.87310647964, 7.12852621078, 7.27945566177, 7.56970500946, 7.7670750618, 7.94122457504, 8.23147392273, 8.35918331146, 8.59138298035, 8.87002277374, 9.07900238037, 9.25315189362, 9.58984088898, 9.82204055786]
    rubato_start: []
    rubato_stop: []
    perceptual_tempo: "unknown"

sfx:
    inharmonicity:
        dmean: 0.0439376048744
        dmean2: 0.0778279229999
        dvar: 0.0021100807935
        dvar2: 0.00604628352448
        max: 0.294479191303
        mean: 0.0452198311687
        min: 0
        var: 0.00245324196294
    oddtoevenharmonicenergyratio:
        dmean: 2.25608420372
        dmean2: 4.14927625656
        dvar: 29.2614364624
        dvar2: 73.9842147827
        max: 61.7112541199
        mean: 1.70580887794
        min: 0
        var: 22.9409236908
    pitch_after_max_to_before_max_energy_ratio: 1.40629863739
    pitch_centroid: 229.555770874
    pitch_max_to_total: 0.522041738033
    pitch_min_to_total: 0.34338748455
    tristimulus:
        dmean: [0.234202131629, 0.277755469084, 0.13369756937]
        dmean2: [0.398853570223, 0.480417132378, 0.233405977488]
        dvar: [0.0399020090699, 0.0470782965422, 0.0233363211155]
        dvar2: [0.107354439795, 0.135639384389, 0.0658535659313]
        max: [1, 0.971744716167, 0.821022331715]
        mean: [0.378055483103, 0.440249234438, 0.141908094287]
        min: [0.00511229550466, 0, 0]
        var: [0.0643669143319, 0.0655692964792, 0.0281357262284]

tonal:
    chords_changes_rate: 0.10599078238
    chords_number_rate: 0.0368663594127
    chords_strength:
        dmean: 0.0158446934074
        dmean2: 0.0180484466255
        dvar: 0.000128036743263
        dvar2: 0.000237404907239
        max: 0.639855861664
        mean: 0.456486701965
        min: 0.325661361217
        var: 0.00443245097995
    key_strength: 0.769101142883
    tuning_diatonic_strength: 0.706286370754
    tuning_equal_tempered_deviation: 0.143871039152
    tuning_frequency: 437.465789795
    tuning_nontempered_energy_ratio: 0.813711881638
    hpcp:
        dmean: [0.163571953773, 0.175263673067, 0.211994990706, 0.212808549404, 0.202939584851, 0.138579383492, 0.100200310349, 0.105998851359, 0.136928454041, 0.161212638021, 0.146948263049, 0.134408250451, 0.133709028363, 0.134875759482, 0.137807488441, 0.168892264366, 0.179871156812, 0.175736397505, 0.136231929064, 0.1431389153, 0.130112960935, 0.100714832544, 0.116510301828, 0.18321248889, 0.204349309206, 0.139135017991, 0.101546496153, 0.104774519801, 0.11040686816, 0.125316947699, 0.126103311777, 0.155336096883, 0.185852944851, 0.197470545769, 0.146809518337, 0.149019807577]
        dmean2: [0.28627589345, 0.312340676785, 0.372261494398, 0.371613234282, 0.336084574461, 0.237617179751, 0.162388652563, 0.178791478276, 0.221601366997, 0.276812523603, 0.24694339931, 0.228302180767, 0.22681696713, 0.237567722797, 0.240582048893, 0.285883903503, 0.306466251612, 0.305029481649, 0.225518926978, 0.252758830786, 0.234357565641, 0.173615172505, 0.200400218368, 0.314660906792, 0.348316133022, 0.24154163897, 0.186021953821, 0.190148666501, 0.19462749362, 0.212947040796, 0.217045918107, 0.269202232361, 0.307955116034, 0.323648959398, 0.241491362453, 0.249853670597]
        dvar: [0.0518984086812, 0.0481308400631, 0.0572156719863, 0.0693488270044, 0.0512183122337, 0.040345698595, 0.0212293118238, 0.0227793343365, 0.0340130291879, 0.0403072871268, 0.0319107621908, 0.0346890166402, 0.0351560600102, 0.0337808132172, 0.0401768907905, 0.0420197099447, 0.0518515519798, 0.0509432405233, 0.0330526530743, 0.0371460206807, 0.0369738899171, 0.0236821658909, 0.0229828394949, 0.0493942759931, 0.0641539096832, 0.0264124516398, 0.030820203945, 0.0365332216024, 0.0454521402717, 0.0319331623614, 0.0333841629326, 0.0479257963598, 0.0534851774573, 0.0715923905373, 0.0357427299023, 0.0482455305755]
        dvar2: [0.138051345944, 0.116046503186, 0.135596469045, 0.154678747058, 0.131024450064, 0.099057354033, 0.0558276027441, 0.0623491629958, 0.0855544954538, 0.0972278937697, 0.0857771858573, 0.0925540775061, 0.0892840251327, 0.0897719860077, 0.109490759671, 0.105725623667, 0.125825703144, 0.124939724803, 0.0810218080878, 0.0999568328261, 0.104904003441, 0.0607689395547, 0.064825989306, 0.133170083165, 0.168035060167, 0.0690362602472, 0.0889406576753, 0.105604715645, 0.120835110545, 0.086313135922, 0.0919405221939, 0.142183363438, 0.134136915207, 0.18481823802, 0.09070841223, 0.126373589039]
        max: [1, 1, 1, 1, 1, 1, 1, 1, 1, 1, 1, 1, 1, 1, 1, 1, 1, 1, 1, 1, 1, 1, 1, 1, 1, 0.87763518095, 1, 1, 1, 1, 1, 1, 1, 1, 1, 1]
        mean: [0.1615049541, 0.181713849306, 0.330781012774, 0.403630793095, 0.259845227003, 0.141600698233, 0.104344964027, 0.110484525561, 0.172291010618, 0.215253129601, 0.184245601296, 0.162485539913, 0.155758470297, 0.13342551887, 0.136566087604, 0.155098468065, 0.17115727067, 0.207028523088, 0.22505018115, 0.169801935554, 0.117857798934, 0.100193530321, 0.109163336456, 0.213184937835, 0.270813852549, 0.167349204421, 0.0881239622831, 0.0839272215962, 0.0930544212461, 0.108156889677, 0.124161496758, 0.144754931331, 0.190926283598, 0.198313355446, 0.153144210577, 0.152386888862]
        min: [0.00118049012963, 0.00269431830384, 0.00174272980075, 0.00141219235957, 0.00161158910487, 0.00129186280537, 0.00130423961673, 0, 0.00113627361134, 0.000668050430249, 0.000658409728203, 0.000927947869059, 0.00171885744203, 0.000869684154168, 0.000907709996682, 0.00105802691542, 0.00112950638868, 0.00284386798739, 0.00106932490598, 0.000611247320194, 0.000521621957887, 0.000640709884465, 0.000932308728807, 0.000612944830209, 0.000921815400943, 0.0012934319675, 0.0018039875431, 0.00123748136684, 0.000284535839455, 0.00048143643653, 0.000743538548704, 0.000523284776136, 0.000440326955868, 0.000992685323581, 0.000252803816693, 0.00100081565324]
        var: [0.0533653870225, 0.0566496290267, 0.114316694438, 0.153788477182, 0.0730647146702, 0.0451012477279, 0.023359624669, 0.0249056741595, 0.0468259565532, 0.0648453608155, 0.0448623709381, 0.0551624968648, 0.0522430092096, 0.0345022082329, 0.036506190896, 0.0488900840282, 0.0582170411944, 0.068914540112, 0.0830551087856, 0.0448755845428, 0.0275111589581, 0.0208932813257, 0.0217242036015, 0.0637422800064, 0.101311810315, 0.034142434597, 0.0210290402174, 0.0250581968576, 0.0366631001234, 0.0286015681922, 0.0291126444936, 0.0389481410384, 0.0652536824346, 0.0797188878059, 0.040755905211, 0.050950948149]
    chords_histogram: [5.0691242218, 0, 35.9447021484, 3.68663597107, 0, 0, 0, 0, 2.7649769783, 0, 2.30414748192, 0, 0, 0, 0, 0, 0, 0, 0, 18.8940086365, 0.921658992767, 5.99078321457, 24.4239635468, 0]
    thpcp: [1, 0.643769562244, 0.350817382336, 0.258515864611, 0.273726701736, 0.426853001118, 0.533292114735, 0.456470638514, 0.402559816837, 0.385893434286, 0.330563277006, 0.338344067335, 0.384258270264, 0.424044132233, 0.512915611267, 0.557564437389, 0.420686274767, 0.291994065046, 0.24823063612, 0.270453453064, 0.528168141842, 0.670944452286, 0.414609611034, 0.218328148127, 0.207930669188, 0.230543419719, 0.267959952354, 0.307611554861, 0.358632028103, 0.47302210331, 0.491323649883, 0.379416555166, 0.377540290356, 0.400130420923, 0.450198173523, 0.81951379776]
    chords_key: "A#"
    chords_scale: "major"
    key_key: "D#"
    key_scale: "major"
    chords_progression: ["D", "D", "D", "D", "D", "Dm", "Dm", "Dm", "G", "G", "G", "G", "G", "G", "Dm", "Dm", "Dm", "Dm", "A#", "Dm", "A#", "A#", "A#", "A#", "A#", "A#", "A#", "A#", "A#", "A#", "A#", "A#", "A#", "A#", "A#", "A#", "A#", "A#", "A#", "A#", "A#", "A#", "A#", "A#", "A#", "A#", "A#", "A#", "A#", "A#", "A#", "A#", "A#", "A#", "A#", "A#", "D#", "D#", "D#", "D#", "D#", "D#", "D#", "D#", "D#", "A#m", "D#", "A#m", "A#m", "A#m", "A#m", "A#m", "A#m", "A#m", "A#m", "A#m", "A#m", "A#m", "A#m", "Fm", "Fm", "A#m", "Fm", "Fm", "Fm", "Fm", "Fm", "Fm", "Fm", "Fm", "Fm", "Fm", "Fm", "A#m", "G#", "G#", "G#", "G#", "G#", "G#", "G#", "G#", "G#", "G#", "G#", "G#", "G#", "G#", "G#", "G#", "G#", "G#", "G#", "G#", "G#", "G#", "G#", "G#", "G#", "G#", "G#", "G#", "G#", "G#", "G#", "G#", "G#", "G#", "G#", "G#", "G#", "G#", "G#", "G#", "G#", "G#", "G#", "D#", "G#", "G#", "G#", "G#", "G#", "G#", "G#", "G#", "G#", "G#", "A#", "A#", "A#m", "A#", "A#", "A#", "A#", "A#", "A#", "A#", "A#", "A#", "A#", "A#", "A#", "A#", "A#", "A#", "A#", "A#", "A#", "A#", "A#", "A#", "A#", "A#", "A#", "A#", "A#", "A#", "A#", "A#", "A#", "A#", "A#", "A#", "A#", "A#", "A#", "A#", "A#", "A#", "A#m", "A#m", "A#m", "A#m", "A#m", "A#m", "A#m", "A#m", "A#m", "A#m", "A#m", "A#m", "A#m", "A#m", "A#m", "A#m", "A#m", "A#m", "A#m", "A#m", "A#m", "A#m", "A#m", "C#", "C#", "A#m", "A#m"]
