
metadata:
    version:
        essentia: "1.2.2"
    audio_properties:
        analysis_sample_rate: 44100
        bitrate: 128
        channels: 2
        equal_loudness: 1
        length: 10.1093873978
        replay_gain: -14.4678020477
        downmix: "mix"
    tags:
        track: 21
        year: 0
        album: "Splitted by Mp3Splt v. 2.1"
        artist: "From 003.20 To 003.30"
        comment: "http://mp3splt.sf.net"
        genre: ""
        title: "04 Special Names.mp3"

highlevel:
    ballroom:
        all:
            ChaChaCha: 0.194361954927
            Jive: 0.481042861938
            Quickstep: 0.0891081169248
            Rumba-American: 0.000330391922034
            Rumba-International: 0.000406614068197
            Rumba-Misc: 0.000305267429212
            Samba: 0.233404949307
            Tango: 0.000375273521058
            VienneseWaltz: 0.000336229655659
            Waltz: 0.000328342808643
        probability: 0.481042861938
        value: "Jive"
    culture:
        all:
            non_western: 0.0530944652855
            western: 0.946905553341
        probability: 0.946905553341
        value: "western"
    gender:
        all:
            female: 0.284985810518
            male: 0.715014219284
        probability: 0.715014219284
        value: "male"
    genre_dortmund:
        all:
            alternative: 0.0209415052086
            blues: 0.0144098168239
            electronic: 0.422334223986
            folkcountry: 0.0106686437503
            funksoulrnb: 0.0361148938537
            jazz: 0.0446203015745
            pop: 0.0208058394492
            raphiphop: 0.220659986138
            rock: 0.209444791079
        probability: 0.422334223986
        value: "electronic"
    genre_electronica:
        all:
            ambient: 0.12415035069
            dnb: 0.788321793079
            house: 0.0118339732289
            techno: 0.062024731189
            trance: 0.0136691359803
        probability: 0.788321793079
        value: "dnb"
    genre_rosamerica:
        all:
            cla: 0.00626613851637
            dan: 0.0229125525802
            hip: 0.901707649231
            jaz: 0.00494056474417
            pop: 0.0102752745152
            rhy: 0.00909535959363
            roc: 0.0411816351116
            spe: 0.00362083991058
        probability: 0.901707649231
        value: "hip"
    genre_tzanetakis:
        all:
            blu: 0.00236848532222
            cla: 0.00472737103701
            cou: 0.00456900056452
            dis: 0.163168787956
            hip: 0.261709183455
            jaz: 0.0124597065151
            met: 0.0954459011555
            pop: 0.350655734539
            reg: 0.0627053752542
            roc: 0.0421904474497
        probability: 0.350655734539
        value: "pop"
    live_studio:
        all:
            live: 0.0185938384384
            studio: 0.981406152248
        probability: 0.981406152248
        value: "studio"
    mood:
        all:
            Cluster1: 0.243302464485
            Cluster2: 0.0703990012407
            Cluster3: 0.00171519746073
            Cluster4: 0.0408790707588
            Cluster5: 0.643704235554
        probability: 0.643704235554
        value: "Cluster5"
    mood_acoustic:
        all:
            acoustic: 0.0118623869494
            not_acoustic: 0.988137602806
        probability: 0.988137602806
        value: "not_acoustic"
    mood_aggressive:
        all:
            aggressive: 0.983856916428
            not_aggressive: 0.0161431003362
        probability: 0.983856916428
        value: "aggressive"
    mood_electronic:
        all:
            electronic: 0.937850058079
            not_electronic: 0.0621499568224
        probability: 0.937850058079
        value: "electronic"
    mood_happy:
        all:
            happy: 0.047728355974
            not_happy: 0.952271640301
        probability: 0.952271640301
        value: "not_happy"
    mood_party:
        all:
            not_party: 0.0255676675588
            party: 0.974432349205
        probability: 0.974432349205
        value: "party"
    mood_relaxed:
        all:
            not_relaxed: 0.815695047379
            relaxed: 0.184304952621
        probability: 0.815695047379
        value: "not_relaxed"
    mood_sad:
        all:
            not_sad: 0.998716413975
            sad: 0.00128361093812
        probability: 0.998716413975
        value: "not_sad"
    rhythm:
        all:
            fast: 0.708193898201
            medium: 0.279132932425
            slow: 0.0126732066274
        probability: 0.708193898201
        value: "fast"
    speech_music:
        all:
            music: 0.230590641499
            speech: 0.769409358501
        probability: 0.769409358501
        value: "speech"
    timbre:
        all:
            bright: 0.246298372746
            dark: 0.753701627254
        probability: 0.753701627254
        value: "dark"
    voice_instrumental:
        all:
            instrumental: 0.0705709606409
            voice: 0.92942905426
        probability: 0.92942905426
        value: "voice"

lowlevel:
    average_loudness: 0.982389032841
    barkbands_kurtosis:
        dmean: 1.67861437798
        dmean2: 2.43099331856
        dvar: 5.56473779678
        dvar2: 10.1327810287
        max: 21.4576053619
        mean: 0.998826801777
        min: -1.86085689068
        var: 11.3430376053
    barkbands_skewness:
        dmean: 0.558403849602
        dmean2: 0.777987062931
        dvar: 0.32306048274
        dvar2: 0.575360000134
        max: 3.00362253189
        mean: -0.578228890896
        min: -3.7512319088
        var: 1.34821438789
    barkbands_spread:
        dmean: 7.46258974075
        dmean2: 11.0430622101
        dvar: 54.7994155884
        dvar2: 130.441131592
        max: 67.8684997559
        mean: 27.5912666321
        min: 3.87265396118
        var: 175.745193481
    dissonance:
        dmean: 0.0146765504032
        dmean2: 0.0233588460833
        dvar: 0.000291050237138
        dvar2: 0.000728763465304
        max: 0.499992638826
        mean: 0.473650962114
        min: 0.369112938643
        var: 0.000625636079349
    hfc:
        dmean: 4.08294534683
        dmean2: 5.48523807526
        dvar: 50.9197502136
        dvar2: 102.884559631
        max: 53.2686767578
        mean: 6.64120769501
        min: 0.0241588931531
        var: 94.5767745972
    pitch:
        dmean: 791.162597656
        dmean2: 1443.71313477
        dvar: 1445546.625
        dvar2: 3249102.25
        max: 4410
        mean: 2037.99829102
        min: 75.2559738159
        var: 2852611.25
    pitch_instantaneous_confidence:
        dmean: 0.0869258642197
        dmean2: 0.139732524753
        dvar: 0.00533410906792
        dvar2: 0.0120312804356
        max: 0.825150847435
        mean: 0.360571593046
        min: 0.152606010437
        var: 0.0144346989691
    pitch_salience:
        dmean: 0.0550410561264
        dmean2: 0.0881328508258
        dvar: 0.00304694869556
        dvar2: 0.00599800748751
        max: 0.907413780689
        mean: 0.703404605389
        min: 0.358832776546
        var: 0.00986125506461
    silence_rate_20dB:
        dmean: 0
        dmean2: 0
        dvar: 0
        dvar2: 0
        max: 1
        mean: 1
        min: 1
        var: 0
    silence_rate_30dB:
        dmean: 0
        dmean2: 0
        dvar: 0
        dvar2: 0
        max: 1
        mean: 1
        min: 1
        var: 0
    silence_rate_60dB:
        dmean: 0.110091745853
        dmean2: 0.22068965435
        dvar: 0.0979710072279
        dvar2: 0.185778349638
        max: 1
        mean: 0.762013733387
        min: 0
        var: 0.181349053979
    spectral_centroid:
        dmean: 456.843933105
        dmean2: 628.351196289
        dvar: 236946.1875
        dvar2: 474461.5
        max: 4150.32910156
        mean: 2366.65820312
        min: 437.141448975
        var: 797901.5625
    spectral_complexity:
        dmean: 4.6804599762
        dmean2: 7.25345611572
        dvar: 46.8656425476
        dvar2: 79.193939209
        max: 49
        mean: 8.88532066345
        min: 0
        var: 123.71635437
    spectral_crest:
        dmean: 1.87469553947
        dmean2: 2.96769475937
        dvar: 3.67467689514
        dvar2: 7.97275352478
        max: 19.5391979218
        mean: 6.77259159088
        min: 3.07778215408
        var: 8.43991184235
    spectral_decrease:
        dmean: 2.55565735241e-10
        dmean2: 3.53458734503e-10
        dvar: 1.83674627837e-19
        dvar2: 3.93523111411e-19
        max: -1.74475798392e-12
        mean: -5.05234465376e-10
        min: -3.25892912656e-09
        var: 3.5188731132e-19
    spectral_energy:
        dmean: 0.00132722232956
        dmean2: 0.00180404481944
        dvar: 5.02432521898e-06
        dvar2: 1.06127272375e-05
        max: 0.0164506584406
        mean: 0.00250924774446
        min: 9.01489602256e-06
        var: 9.53854942054e-06
    spectral_energyband_high:
        dmean: 0.000411895714933
        dmean2: 0.000576610502321
        dvar: 5.36966524578e-07
        dvar2: 1.12421389531e-06
        max: 0.00560734560713
        mean: 0.000559675041586
        min: 8.31850343275e-07
        var: 8.83700522536e-07
    spectral_energyband_low:
        dmean: 2.81530628854e-05
        dmean2: 4.54647488368e-05
        dvar: 4.21203338874e-09
        dvar2: 1.07555564455e-08
        max: 0.000813586346339
        mean: 5.6721328292e-05
        min: 3.10717283014e-08
        var: 5.50836176672e-09
    spectral_energyband_middle_high:
        dmean: 0.000736944493838
        dmean2: 0.00105180940591
        dvar: 1.47938578721e-06
        dvar2: 2.76267746813e-06
        max: 0.00855505559593
        mean: 0.00147789658513
        min: 2.22762378144e-06
        var: 3.46386832462e-06
    spectral_energyband_middle_low:
        dmean: 0.000268629722996
        dmean2: 0.000432315428043
        dvar: 2.79643728618e-07
        dvar2: 7.34862283025e-07
        max: 0.00517809297889
        mean: 0.000414953858126
        min: 5.73314252961e-07
        var: 3.39489616863e-07
    spectral_flatness_db:
        dmean: 0.0215250961483
        dmean2: 0.0318177938461
        dvar: 0.000386021740269
        dvar2: 0.000728372426238
        max: 0.264912188053
        mean: 0.146553352475
        min: 0.038234628737
        var: 0.00133702892344
    spectral_flux:
        dmean: 0.0102093247697
        dmean2: 0.0146904792637
        dvar: 0.00021750004089
        dvar2: 0.000481140421471
        max: 0.116094216704
        mean: 0.0301629323512
        min: 0.00155280146282
        var: 0.000416471651988
    spectral_kurtosis:
        dmean: 1.10807573795
        dmean2: 1.78721296787
        dvar: 1.67166781425
        dvar2: 4.3139295578
        max: 12.814874649
        mean: 2.29433655739
        min: -0.653431892395
        var: 2.794090271
    spectral_rms:
        dmean: 0.000392922520405
        dmean2: 0.000543487025425
        dvar: 2.63435538272e-07
        dvar2: 5.29737519628e-07
        max: 0.00400617299601
        mean: 0.00133330363315
        min: 9.37817749218e-05
        var: 6.70347617415e-07
    spectral_rolloff:
        dmean: 608.473876953
        dmean2: 918.038146973
        dvar: 585349.25
        dvar2: 1058047
        max: 5986.23046875
        mean: 3915.13989258
        min: 366.064453125
        var: 1371097
    spectral_skewness:
        dmean: 0.209259048104
        dmean2: 0.340756952763
        dvar: 0.0459277331829
        dvar2: 0.108288832009
        max: 2.54094004631
        mean: 1.01490008831
        min: 0.282369077206
        var: 0.108291998506
    spectral_spread:
        dmean: 833547.0625
        dmean2: 1086320.25
        dvar: 1.0533512151e+12
        dvar2: 1.12902995968e+12
        max: 24621994
        mean: 5091442
        min: 2428934
        var: 3.7638153175e+12
    spectral_strongpeak:
        dmean: 0.360056221485
        dmean2: 0.585632562637
        dvar: 0.230998277664
        dvar2: 0.529657006264
        max: 3.42036294937
        mean: 0.6225695014
        min: 0.00138455478009
        var: 0.446058541536
    zerocrossingrate:
        dmean: 0.0153073361143
        dmean2: 0.0166893173009
        dvar: 0.000190574122826
        dvar2: 0.000227059179451
        max: 0.18896484375
        mean: 0.123637065291
        min: 0.02783203125
        var: 0.00117080949713
    barkbands:
        dmean: [1.73800899006e-07, 1.15916418508e-05, 1.88957583305e-05, 2.34383023781e-05, 5.39661195944e-05, 0.000135669877636, 4.82338691654e-05, 3.12901684083e-05, 4.10674983868e-05, 8.9686269348e-05, 2.61588629655e-05, 3.70627858501e-05, 3.69707304344e-05, 3.43196188624e-05, 6.579940964e-05, 5.69783478568e-05, 0.000123999241623, 0.000184307107702, 0.0002339866478, 0.000210751997656, 0.000189799495274, 0.000101045945485, 2.27029304369e-05, 4.69712904305e-06, 1.31401009185e-06, 1.02587215167e-07, 1.38593547749e-09]
        dmean2: [2.04555377081e-07, 1.84150721907e-05, 3.09986280627e-05, 3.78031218133e-05, 9.43475679378e-05, 0.000234671184444, 7.43600030546e-05, 5.57422827114e-05, 6.67326166877e-05, 0.000135136040626, 4.14497008023e-05, 5.43917121831e-05, 5.67512324778e-05, 5.4898984672e-05, 0.000107987645606, 8.70061630849e-05, 0.000199009300559, 0.000299027742585, 0.000357026787242, 0.000326161447447, 0.000278321153019, 0.000146376289194, 3.48228277289e-05, 6.70939016345e-06, 1.89305671938e-06, 1.59573488645e-07, 2.16286633048e-09]
        dvar: [1.14489187987e-13, 4.79124684372e-10, 3.10076186949e-09, 1.92737203975e-09, 1.11428413163e-08, 1.1227597696e-07, 4.98446839359e-09, 4.52378534632e-09, 5.05131270145e-09, 5.89803015316e-08, 3.71463593218e-09, 1.80699135655e-08, 7.18102111108e-09, 9.02003360892e-09, 4.30696260878e-08, 1.23051568934e-08, 4.57711877289e-08, 1.67009218899e-07, 1.75688256832e-07, 1.38485219736e-07, 1.26024204405e-07, 3.42597132885e-08, 1.0070139167e-09, 5.087730931e-11, 3.08897980979e-12, 3.01266376754e-14, 3.20678891715e-16]
        dvar2: [1.19934484978e-13, 1.06979536341e-09, 8.15739298332e-09, 4.66054528303e-09, 3.06614040824e-08, 3.01990553453e-07, 1.08847766356e-08, 1.28463897298e-08, 1.31034321171e-08, 1.26067263295e-07, 9.18789844206e-09, 2.93829494069e-08, 1.58317412513e-08, 2.11583408571e-08, 1.10342632809e-07, 2.62446686605e-08, 9.71441593833e-08, 4.26606334258e-07, 3.42340513271e-07, 2.76553038248e-07, 2.64580734211e-07, 7.68450547639e-08, 2.33165464714e-09, 9.33875268783e-11, 5.74961996416e-12, 6.87128712219e-14, 8.22642315901e-16]
        max: [3.87163890991e-06, 0.000201989285415, 0.000749567348976, 0.000455864414107, 0.00100616295822, 0.00370022305287, 0.000806511321571, 0.000716387643479, 0.000797411659732, 0.00270847487263, 0.00090149405878, 0.00291197537445, 0.00104969798122, 0.00130945071578, 0.00282316049561, 0.000869732291903, 0.00155195582192, 0.00307004153728, 0.0032711699605, 0.0026686436031, 0.00279252184555, 0.00129104335792, 0.00024473798112, 5.04527160956e-05, 1.17669706015e-05, 9.20818592931e-07, 2.83703656123e-07]
        mean: [5.57036628379e-07, 3.79227276426e-05, 1.82438288903e-05, 2.87188977381e-05, 5.63327303098e-05, 0.000141681724926, 7.23338453099e-05, 3.74494411517e-05, 6.45422915113e-05, 0.000173847423866, 3.84970007872e-05, 7.25855861674e-05, 6.33090967312e-05, 5.39087559446e-05, 9.40614627325e-05, 8.80231091287e-05, 0.000167604332091, 0.000261112523731, 0.000337858160492, 0.000287648435915, 0.000253884645645, 0.000126081999042, 2.55994218605e-05, 5.81708036407e-06, 1.53539417624e-06, 9.25121454998e-08, 8.99628371798e-10]
        min: [1.22758851695e-11, 3.14747561347e-09, 1.40350686628e-09, 4.80234296774e-09, 1.1493661134e-08, 3.92142363026e-09, 5.73646197211e-09, 1.00412734128e-07, 4.75673616052e-08, 7.25065376628e-08, 8.93498395271e-08, 5.97141180947e-08, 1.96209217762e-08, 3.59772016623e-08, 6.73407214435e-08, 6.582084211e-08, 1.67462246736e-07, 2.74817523405e-07, 2.06152677151e-07, 6.83655741796e-07, 1.85278437925e-07, 9.38370163794e-08, 5.34181587852e-08, 4.14646539326e-09, 7.89069087848e-10, 2.17556406917e-11, 5.72764695373e-14]
        var: [7.33521750285e-13, 2.53747423073e-09, 2.49129605834e-09, 2.4712891733e-09, 8.82038087013e-09, 1.09743169219e-07, 1.04178790039e-08, 4.04257205489e-09, 1.01779411565e-08, 1.86533270607e-07, 5.15218001595e-09, 8.30731181622e-08, 1.83883415161e-08, 2.17924966961e-08, 6.56485070749e-08, 2.12914059716e-08, 6.87517953679e-08, 2.0961461189e-07, 3.17925582749e-07, 2.27300120059e-07, 2.04003242743e-07, 4.6534808007e-08, 1.41485267946e-09, 7.95867816095e-11, 4.68301656134e-12, 2.91665055009e-14, 1.87258377915e-16]
    mfcc:
        mean: [-758.078430176, 67.4620513916, -47.1297225952, 49.5958099365, -30.4959869385, -1.63366127014, -8.30934715271, 5.90612983704, -3.02513861656, -6.34887742996, -3.07327151299, -3.20990467072, -1.79507553577]
        cov: [[6783.32666016, -840.554077148, -354.241455078, -201.473327637, -191.236724854, -219.799697876, -417.342803955, -472.331451416, -173.104293823, -121.382652283, -131.732833862, -96.8945846558, -127.868713379], [-840.554077148, 1538.06896973, 99.3974380493, -85.2706680298, 74.7437667847, 65.7420730591, 36.9283905029, 50.9690895081, 16.9019527435, 93.6583862305, 66.9410324097, 85.9002456665, 81.3174591064], [-354.241455078, 99.3974380493, 936.001953125, 83.1672058105, 207.02130127, 63.0062103271, 50.0673942566, 137.223648071, 41.5590705872, 73.016784668, 18.1221694946, 80.3583984375, 54.5004844666], [-201.473327637, -85.2706680298, 83.1672058105, 412.096923828, 120.110435486, 11.6299905777, 20.6138477325, -11.5151643753, 63.5976982117, 11.6701698303, 38.7753753662, -1.06126534939, 13.4443979263], [-191.236724854, 74.7437667847, 207.02130127, 120.110435486, 252.992767334, 146.359939575, 52.440612793, 36.7157745361, 60.1625747681, 98.9735488892, 63.7304153442, 34.4534378052, 32.5751724243], [-219.799697876, 65.7420730591, 63.0062103271, 11.6299905777, 146.359939575, 199.714691162, 93.6760025024, 44.1891479492, 52.6269187927, 92.3048934937, 73.8805618286, 36.3541603088, 31.2641391754], [-417.342803955, 36.9283905029, 50.0673942566, 20.6138477325, 52.440612793, 93.6760025024, 121.609924316, 80.3358764648, 25.8426189423, 27.2076148987, 38.1221923828, 33.9491500854, 20.4363479614], [-472.331451416, 50.9690895081, 137.223648071, -11.5151643753, 36.7157745361, 44.1891479492, 80.3358764648, 143.014129639, 49.7372627258, 37.6341438293, 9.58993625641, 18.6883201599, 23.1973762512], [-173.104293823, 16.9019527435, 41.5590705872, 63.5976982117, 60.1625747681, 52.6269187927, 25.8426189423, 49.7372627258, 97.8364562988, 77.2299575806, 40.8724937439, 6.33394670486, 23.4806232452], [-121.382652283, 93.6583862305, 73.016784668, 11.6701698303, 98.9735488892, 92.3048934937, 27.2076148987, 37.6341438293, 77.2299575806, 136.98638916, 69.9126434326, 12.0787734985, 24.1567649841], [-131.732833862, 66.9410324097, 18.1221694946, 38.7753753662, 63.7304153442, 73.8805618286, 38.1221923828, 9.58993625641, 40.8724937439, 69.9126434326, 90.6345291138, 39.0994148254, 24.5231189728], [-96.8945846558, 85.9002456665, 80.3583984375, -1.06126534939, 34.4534378052, 36.3541603088, 33.9491500854, 18.6883201599, 6.33394670486, 12.0787734985, 39.0994148254, 82.611907959, 51.0440254211], [-127.868713379, 81.3174591064, 54.5004844666, 13.4443979263, 32.5751724243, 31.2641391754, 20.4363479614, 23.1973762512, 23.4806232452, 24.1567649841, 24.5231189728, 51.0440254211, 65.3799819946]]
        icov: [[0.000229757730267, 0.000112879075459, -5.22705659023e-06, 8.62646411406e-05, 3.96052346332e-05, -0.000162230848218, 0.000522994727362, 0.000524320930708, -1.79400904017e-05, -0.000213054401684, 0.000317608530167, -0.000424230034696, 0.000301153049804], [0.000112879075459, 0.000805920746643, 5.08172379341e-05, 0.000183487820323, -0.000152419685037, 0.000178832677193, 0.000271839206107, 2.86127051368e-05, 0.000584162655286, -0.000768552185036, 1.08433896457e-05, -0.000521133013535, -0.000489434518386], [-5.22705659023e-06, 5.08172379341e-05, 0.00184071448166, -0.000395211798605, -0.00148587697186, 0.000504815543536, 0.00119244283997, -0.00232292735018, 0.00131944008172, -0.00118789437693, 0.00129842630122, -0.00248266477138, 0.000840130553115], [8.62646411406e-05, 0.000183487820323, -0.000395211798605, 0.00498965801671, -0.00389819801785, 0.00388669059612, -0.00359272444621, 0.00361701706424, -0.00538900773972, 0.00444455351681, -0.00333567243069, 0.00354490848258, -0.00205599190667], [3.96052346332e-05, -0.000152419685037, -0.00148587697186, -0.00389819801785, 0.0125554185361, -0.00916900113225, 0.00399871822447, -0.000994546338916, 0.00253329379484, -0.00496515072882, 0.00263301981613, -0.00272455345839, 0.00160335411783], [-0.000162230848218, 0.000178832677193, 0.000504815543536, 0.00388669059612, -0.00916900113225, 0.0199318490922, -0.0147402053699, 0.00580244883895, -0.00320055219345, -0.00239054090343, -0.00359537708573, 0.00341290258802, -0.00345715973526], [0.000522994727362, 0.000271839206107, 0.00119244283997, -0.00359272444621, 0.00399871822447, -0.0147402053699, 0.030752139166, -0.0163513291627, 0.00650075264275, 0.00345744402148, -0.00398972211406, -0.00741551769897, 0.00534882443026], [0.000524320930708, 2.86127051368e-05, -0.00232292735018, 0.00361701706424, -0.000994546338916, 0.00580244883895, -0.0163513291627, 0.0228686425835, -0.0112969176844, -0.0012728277361, 0.00593781191856, 0.00199893605895, -0.00235995557159], [-1.79400904017e-05, 0.000584162655286, 0.00131944008172, -0.00538900773972, 0.00253329379484, -0.00320055219345, 0.00650075264275, -0.0112969176844, 0.0298353713006, -0.0140879293904, -0.00106112798676, 0.0014809363056, -0.00477688433602], [-0.000213054401684, -0.000768552185036, -0.00118789437693, 0.00444455351681, -0.00496515072882, -0.00239054090343, 0.00345744402148, -0.0012728277361, -0.0140879293904, 0.0293604079634, -0.0173320416361, 0.0117376158014, -0.00484813144431], [0.000317608530167, 1.08433896457e-05, 0.00129842630122, -0.00333567243069, 0.00263301981613, -0.00359537708573, -0.00398972211406, 0.00593781191856, -0.00106112798676, -0.0173320416361, 0.0346050858498, -0.0192238092422, 0.00857263337821], [-0.000424230034696, -0.000521133013535, -0.00248266477138, 0.00354490848258, -0.00272455345839, 0.00341290258802, -0.00741551769897, 0.00199893605895, 0.0014809363056, 0.0117376158014, -0.0192238092422, 0.0408040620387, -0.027021817863], [0.000301153049804, -0.000489434518386, 0.000840130553115, -0.00205599190667, 0.00160335411783, -0.00345715973526, 0.00534882443026, -0.00235995557159, -0.00477688433602, -0.00484813144431, 0.00857263337821, -0.027021817863, 0.0376232229173]]
    spectral_contrast:
        mean: [1.90865591776e-07, -4.0058833406e-07, -1.94622927552e-07, -2.75073375633e-07, -1.38758522894e-07, -8.46563708023e-08, -6.43073974516e-07, -1.98226462089e-06, 1.38498774049e-06, -3.22097480421e-06, 3.90096005276e-07, 2.81344864561e-06]
        var: [0.000356823380571, 0.000519238063134, 0.00164955994114, 0.00235650362447, 0.00340347574092, 0.00633788807318, 0.0682658776641, 0.115464754403, 0.201071098447, 0.462922602892, 1.06421494484, 3.27283859253]

rhythm:
    beats_loudness:
        dmean: 0.00500815873966
        dmean2: 0.00898929312825
        dvar: 8.07975538919e-06
        dvar2: 3.56181662937e-05
        max: 0.0111892400309
        mean: 0.00460575893521
        min: 0.00101647258271
        var: 1.11515737444e-05
    beats_loudness_bass:
        dmean: 0.0170558840036
        dmean2: 0.0215128790587
        dvar: 4.74083935842e-05
        dvar2: 0.000208446042961
        max: 0.03970515728
        mean: 0.0158929266036
        min: 0.000253173493547
        var: 0.000173328138771
    bpm: 85.4045944214
    bpm_confidence: 0
    first_peak_bpm: 85
    first_peak_spread: 0
    first_peak_weight: 0.923076927662
    onset_rate: 5.737241745
    second_peak_bpm: 67
    second_peak_spread: 0
    second_peak_weight: 0.0769230797887
    beats_position: [0.553477108479, 1.25593495369, 1.95839262009, 2.6608505249, 3.3633081913, 4.0657658577, 4.76822376251, 5.47068166733, 6.37075328827, 7.07339906693, 7.77604484558, 8.47869110107, 9.18133735657, 9.88398265839]
    bpm_estimates: [85.4705657959, 85.382270813, 85.4594802856, 85.3924255371, 85.4248504639, 85.4021453857, 85.3898162842, 85.3936386108, 85.3660354614, 85.4017333984, 85.4520568848, 85.4061279297, 85.3984375, 85.324760437]
    bpm_intervals: [0.702457845211, 0.702457666397, 0.702457904816, 0.702457666397, 0.702457666397, 0.702457904816, 0.702457904816, 0.900071620941, 0.702645778656, 0.702645778656, 0.702646255493, 0.702646255493, 0.702645301819]
    onset_times: [0.0464399084449, 0.150929704309, 0.18575963378, 0.31346938014, 0.371519267559, 0.557278931141, 0.719818592072, 1.06811785698, 1.24226760864, 1.43963718414, 1.55573701859, 1.77632653713, 1.97369611263, 2.08979582787, 2.2523355484, 2.33360552788, 2.65868473053, 2.84444451332, 2.97215414047, 3.13469386101, 3.19274377823, 3.3785033226, 3.54104304314, 3.88934230804, 4.06349229813, 4.26086187363, 4.37696123123, 4.42340135574, 4.59755086899, 4.7833108902, 4.91102027893, 5.07356023788, 5.15482997894, 5.47990942001, 5.66566896439, 5.79337882996, 5.95591831207, 6.01396846771, 6.21133804321, 6.3622674942, 6.72217702866, 6.8963265419, 7.20979595184, 7.41877555847, 7.61614513397, 7.73224496841, 7.89478445053, 7.97605419159, 8.3011341095, 8.498503685, 8.78875255585, 8.83519268036, 9.02095222473, 9.19510173798, 9.54340171814, 9.71755123138, 9.91492080688, 10.0310201645]
    rubato_start: []
    rubato_stop: []
    perceptual_tempo: "unknown"

sfx:
    inharmonicity:
        dmean: 0.07501231879
        dmean2: 0.130857378244
        dvar: 0.004703422077
        dvar2: 0.0140237212181
        max: 0.391588896513
        mean: 0.0929967984557
        min: 0
        var: 0.00617349566892
    oddtoevenharmonicenergyratio:
        dmean: 10.8299455643
        dmean2: 21.3137130737
        dvar: 12294.8369141
        dvar2: 36750.34375
        max: 1635.83251953
        mean: 5.97196245193
        min: 0
        var: 6221.37597656
    pitch_after_max_to_before_max_energy_ratio: 61.6297035217
    pitch_centroid: 218.123001099
    pitch_max_to_total: 0.0137614682317
    pitch_min_to_total: 0.814220190048
    tristimulus:
        dmean: [0.148999005556, 0.267819613218, 0.207570537925]
        dmean2: [0.25331389904, 0.443225622177, 0.368029147387]
        dvar: [0.0225729681551, 0.0467348434031, 0.0317846871912]
        dvar2: [0.0540851503611, 0.139873713255, 0.0891299694777]
        max: [1, 0.982754647732, 0.825816571712]
        mean: [0.238877460361, 0.476619780064, 0.217945933342]
        min: [0.00521744135767, 0, 0]
        var: [0.037924092263, 0.066890835762, 0.0390207469463]

tonal:
    chords_changes_rate: 0.159817352891
    chords_number_rate: 0.0410958901048
    chords_strength:
        dmean: 0.0171661172062
        dmean2: 0.0204766690731
        dvar: 0.0001713574311
        dvar2: 0.000283481524093
        max: 0.683001756668
        mean: 0.381218522787
        min: 0.253090202808
        var: 0.00541887711734
    key_strength: 0.431567192078
    tuning_diatonic_strength: 0.30326551199
    tuning_equal_tempered_deviation: 0.24278973043
    tuning_frequency: 453.940612793
    tuning_nontempered_energy_ratio: 0.908155918121
    hpcp:
        dmean: [0.216033563018, 0.170223727822, 0.168022662401, 0.181535422802, 0.23873385787, 0.233198449016, 0.191732138395, 0.198276519775, 0.203309997916, 0.163367256522, 0.162580356002, 0.175433978438, 0.175215259194, 0.180471435189, 0.218576744199, 0.225278168917, 0.210533976555, 0.167287290096, 0.173093020916, 0.165651232004, 0.18058244884, 0.185960546136, 0.173151612282, 0.17915378511, 0.160371169448, 0.178149580956, 0.184118151665, 0.176757872105, 0.175835743546, 0.180740356445, 0.204203173518, 0.206009596586, 0.223466128111, 0.252129852772, 0.213745802641, 0.235375389457]
        dmean2: [0.35083425045, 0.276335448027, 0.273822456598, 0.289761394262, 0.392974615097, 0.384935408831, 0.309901475906, 0.334290415049, 0.342820972204, 0.269580602646, 0.260000735521, 0.280539929867, 0.278307557106, 0.268672078848, 0.327965885401, 0.363408952951, 0.344517499208, 0.277817577124, 0.298748522997, 0.272894322872, 0.299664258957, 0.291324853897, 0.263386309147, 0.276000052691, 0.250984996557, 0.29733273387, 0.316578328609, 0.295961350203, 0.296913921833, 0.290754526854, 0.321406662464, 0.338201105595, 0.366858333349, 0.42429703474, 0.345109403133, 0.373834609985]
        dvar: [0.035280611366, 0.0208066925406, 0.0304290279746, 0.0225247070193, 0.0425451472402, 0.0375927425921, 0.0280908942223, 0.0388975888491, 0.0370342694223, 0.0281365215778, 0.0258418396115, 0.0350254848599, 0.0367583185434, 0.0299133993685, 0.0373511649668, 0.0376071855426, 0.0331528373063, 0.0216376632452, 0.0350945331156, 0.0295618735254, 0.0440981164575, 0.0348541811109, 0.0276708267629, 0.0351669713855, 0.0211977474391, 0.0321347750723, 0.0356424301863, 0.0318121649325, 0.0351208336651, 0.0280360300094, 0.0431150607765, 0.0365017428994, 0.0435835719109, 0.0526519156992, 0.0308753736317, 0.0394117943943]
        dvar2: [0.0914069786668, 0.0488954149187, 0.0672857537866, 0.0490411892533, 0.108523234725, 0.0988209545612, 0.0794427990913, 0.0981599390507, 0.0928156450391, 0.064563035965, 0.057670250535, 0.0744252502918, 0.071437433362, 0.0626870021224, 0.0766844600439, 0.08682282269, 0.0854588970542, 0.053881097585, 0.0920999348164, 0.0794140249491, 0.0893906876445, 0.0832943022251, 0.0614502578974, 0.0806783437729, 0.0514738038182, 0.0711686834693, 0.0782035812736, 0.0810258463025, 0.092582270503, 0.0570654720068, 0.092289596796, 0.0850164666772, 0.0920929014683, 0.125085815787, 0.0873356461525, 0.0983125641942]
        max: [1, 1, 1, 1, 1, 1, 1, 1, 1, 1, 0.83671349287, 1, 1, 1, 1, 1, 1, 1, 1, 1, 1, 1, 0.977613389492, 1, 1, 1, 1, 1, 1, 1, 1, 1, 1, 1, 1, 1]
        mean: [0.339956253767, 0.301705896854, 0.334020406008, 0.345966011286, 0.381290137768, 0.366081088781, 0.322011947632, 0.336671978235, 0.312988132238, 0.257720857859, 0.252758651972, 0.282656729221, 0.270269632339, 0.288270026445, 0.370369374752, 0.401901483536, 0.338216900826, 0.245695993304, 0.225242957473, 0.255442768335, 0.297382026911, 0.28857845068, 0.265168726444, 0.279931694269, 0.28435626626, 0.295122146606, 0.306106805801, 0.300866186619, 0.324750691652, 0.383425056934, 0.403323054314, 0.373646169901, 0.389256298542, 0.409267663956, 0.388518065214, 0.39303663373]
        min: [0.022262763232, 0.00275671691634, 0.00389916147105, 0.00383078865707, 0.00506795803085, 0.00701685249805, 0.00878980197012, 0.00889546144754, 0.00761388847604, 0.0109747089446, 0.00821214541793, 0.00368307786994, 0.00270675495267, 0.00440946500748, 0.00711284670979, 0.00549358362332, 0.0024663140066, 0.0014462522231, 0.00370861473493, 0.00424486258999, 0.0047696758993, 0.00706322258338, 0.00258513144217, 0.00245214370079, 0.00327497231774, 0.0043289414607, 0.0106491064653, 0.00402064388618, 0.00330425053835, 0.00128491059877, 0.00108140497468, 0.000864621251822, 0.00947150867432, 0.0110101019964, 0.00801422260702, 0.0198012515903]
        var: [0.0594869889319, 0.0513208955526, 0.0740859210491, 0.0631280019879, 0.0950198844075, 0.0732410848141, 0.0501146912575, 0.084439702332, 0.0662549138069, 0.0386167541146, 0.045490257442, 0.0727428495884, 0.0665186867118, 0.0613200627267, 0.097369544208, 0.0951281934977, 0.0677400231361, 0.0345270782709, 0.041095174849, 0.0439155623317, 0.0868823379278, 0.0670924037695, 0.0537815019488, 0.0600063167512, 0.0425547286868, 0.0510285682976, 0.0693718120456, 0.060030143708, 0.0710859596729, 0.0801252052188, 0.10057464987, 0.0681839212775, 0.0827170163393, 0.093303181231, 0.0686541497707, 0.0785254761577]
    chords_histogram: [0.91324198246, 0, 0, 17.3515987396, 0, 5.93607282639, 20.5479450226, 0, 0, 10.0456619263, 9.13242053986, 0, 1.82648396492, 0, 0, 0, 7.30593585968, 16.4383563995, 0, 0, 0, 0, 0.45662099123, 10.0456619263]
    thpcp: [1, 0.949300646782, 0.960341274738, 0.830645263195, 0.737184762955, 0.816141724586, 0.845329463482, 0.931640028954, 0.89447838068, 0.786800384521, 0.822620511055, 0.764751672745, 0.629712224007, 0.61758762598, 0.69064027071, 0.660373747349, 0.704355716705, 0.90495634079, 0.982001543045, 0.826395392418, 0.60033082962, 0.550356090069, 0.62414598465, 0.726619899273, 0.705109357834, 0.647910296917, 0.683981955051, 0.694792926311, 0.721098124981, 0.747937917709, 0.735133051872, 0.79349219799, 0.93685644865, 0.985475003719, 0.912962853909, 0.951104462147]
    chords_key: "E"
    chords_scale: "major"
    key_key: "G"
    key_scale: "major"
    chords_progression: ["Em", "Em", "Em", "Em", "Em", "Em", "Em", "Em", "Em", "Em", "C", "Em", "Em", "Em", "Em", "G", "G", "Em", "Em", "Em", "Em", "Em", "Em", "Em", "Em", "D#m", "D#m", "D#m", "D#m", "Gm", "D#m", "D#m", "D#m", "D#m", "D#m", "D#m", "D#m", "D#m", "D#m", "D#m", "D#m", "D#m", "D#m", "D#m", "D#m", "D#m", "D#m", "D#m", "E", "E", "E", "E", "D#", "E", "D#", "D#", "D#", "D#", "D#", "D#", "D#", "D#", "D#", "D#", "D#", "D#", "D#", "D#", "D#", "F#m", "F#m", "F#m", "F#m", "F#m", "F#m", "F#m", "F#m", "F#m", "F#m", "F#m", "F#m", "F#m", "F#m", "F#m", "F#m", "F#m", "F#m", "F#m", "F#m", "Gm", "Gm", "F#m", "Gm", "Gm", "Gm", "Gm", "Gm", "F#", "F#", "F#", "F#", "F#m", "F#", "F#m", "F#m", "F#m", "F#", "C#m", "C#m", "C#m", "E", "E", "E", "E", "E", "E", "E", "E", "E", "E", "C#m", "E", "E", "E", "E", "E", "E", "E", "E", "E", "C#m", "C#m", "C#m", "C#m", "C#m", "C#m", "C#m", "C#m", "F#m", "F#m", "F#m", "F#m", "F#m", "F#m", "F#m", "F#m", "F#m", "F#m", "F#m", "Gm", "Gm", "Gm", "F#m", "F#m", "Gm", "Gm", "Gm", "Gm", "Gm", "Gm", "F#", "F#", "F#", "F#", "F#", "F#", "F#", "F#", "C#", "C#", "C#", "C#", "E", "E", "E", "E", "E", "E", "E", "E", "E", "E", "E", "E", "E", "E", "E", "E", "E", "E", "E", "E", "E", "C#m", "F#", "F#", "F#", "F#", "F#", "F#", "Gm", "Gm", "Gm", "Gm", "Gm", "Gm", "Gm", "Gm", "Gm", "Gm", "Gm", "Gm", "Gm", "Gm", "Gm", "Gm", "Gm", "Gm", "Gm"]
