
metadata:
    version:
        essentia: "1.2.2"
    audio_properties:
        analysis_sample_rate: 44100
        bitrate: 128
        channels: 2
        equal_loudness: 1
        length: 10.0310201645
        replay_gain: -12.363363266
        downmix: "mix"
    tags:
        track: 24
        year: 0
        album: "Splitted by Mp3Splt v. 2.1"
        artist: "From 003.50 To 004.00"
        comment: "http://mp3splt.sf.net"
        genre: ""
        title: "01 Venus.mp3"

highlevel:
    ballroom:
        all:
            ChaChaCha: 0.10425093025
            Jive: 0.039331484586
            Quickstep: 0.28333568573
            Rumba-American: 0.0127286957577
            Rumba-International: 0.0559660382569
            Rumba-Misc: 0.0259360149503
            Samba: 0.0863751247525
            Tango: 0.193788304925
            VienneseWaltz: 0.0563097968698
            Waltz: 0.141977921128
        probability: 0.28333568573
        value: "Quickstep"
    culture:
        all:
            non_western: 0.925879061222
            western: 0.0741209164262
        probability: 0.925879061222
        value: "non_western"
    gender:
        all:
            female: 0.691500723362
            male: 0.308499276638
        probability: 0.691500723362
        value: "female"
    genre_dortmund:
        all:
            alternative: 0.070360057056
            blues: 0.00392953492701
            electronic: 0.735233664513
            folkcountry: 0.0322490409017
            funksoulrnb: 0.00309603987262
            jazz: 0.0709705203772
            pop: 0.0164766851813
            raphiphop: 0.00218365341425
            rock: 0.0655007958412
        probability: 0.735233664513
        value: "electronic"
    genre_electronica:
        all:
            ambient: 0.871390461922
            dnb: 0.0613948367536
            house: 0.0191121846437
            techno: 0.00855215545744
            trance: 0.0395503714681
        probability: 0.871390461922
        value: "ambient"
    genre_rosamerica:
        all:
            cla: 0.728710234165
            dan: 0.016407687217
            hip: 0.00921651348472
            jaz: 0.0462939478457
            pop: 0.0279524754733
            rhy: 0.0349633693695
            roc: 0.133665919304
            spe: 0.00278983055614
        probability: 0.728710234165
        value: "cla"
    genre_tzanetakis:
        all:
            blu: 0.0336103998125
            cla: 0.74898815155
            cou: 0.0176266059279
            dis: 0.020380558446
            hip: 0.00681160297245
            jaz: 0.0649636611342
            met: 0.0139390658587
            pop: 0.0293836891651
            reg: 0.0177589152008
            roc: 0.046537373215
        probability: 0.74898815155
        value: "cla"
    live_studio:
        all:
            live: 0.653829455376
            studio: 0.346170544624
        probability: 0.653829455376
        value: "live"
    mood:
        all:
            Cluster1: 0.187264159322
            Cluster2: 0.125385075808
            Cluster3: 0.47815310955
            Cluster4: 0.0814210623503
            Cluster5: 0.127776607871
        probability: 0.47815310955
        value: "Cluster3"
    mood_acoustic:
        all:
            acoustic: 0.439430892467
            not_acoustic: 0.560569107533
        probability: 0.560569107533
        value: "not_acoustic"
    mood_aggressive:
        all:
            aggressive: 0.0597684569657
            not_aggressive: 0.940231561661
        probability: 0.940231561661
        value: "not_aggressive"
    mood_electronic:
        all:
            electronic: 0.638094723225
            not_electronic: 0.361905276775
        probability: 0.638094723225
        value: "electronic"
    mood_happy:
        all:
            happy: 0.0318497866392
            not_happy: 0.96815019846
        probability: 0.96815019846
        value: "not_happy"
    mood_party:
        all:
            not_party: 0.904358029366
            party: 0.0956419631839
        probability: 0.904358029366
        value: "not_party"
    mood_relaxed:
        all:
            not_relaxed: 0.244297251105
            relaxed: 0.755702733994
        probability: 0.755702733994
        value: "relaxed"
    mood_sad:
        all:
            not_sad: 0.146402597427
            sad: 0.853597402573
        probability: 0.853597402573
        value: "sad"
    rhythm:
        all:
            fast: 0.038578491658
            medium: 0.27614441514
            slow: 0.685277104378
        probability: 0.685277104378
        value: "slow"
    speech_music:
        all:
            music: 0.284092217684
            speech: 0.715907812119
        probability: 0.715907812119
        value: "speech"
    timbre:
        all:
            bright: 0.130744367838
            dark: 0.869255661964
        probability: 0.869255661964
        value: "dark"
    voice_instrumental:
        all:
            instrumental: 0.985583722591
            voice: 0.0144162802026
        probability: 0.985583722591
        value: "instrumental"

lowlevel:
    average_loudness: 0.181202918291
    barkbands_kurtosis:
        dmean: 1.98391723633
        dmean2: 3.36936664581
        dvar: 3.68011164665
        dvar2: 11.0541820526
        max: 17.1383457184
        mean: 3.41313195229
        min: -1.29455029964
        var: 7.2689166069
    barkbands_skewness:
        dmean: 0.402008771896
        dmean2: 0.676823377609
        dvar: 0.107487261295
        dvar2: 0.335765898228
        max: 4.12451982498
        mean: 1.94304180145
        min: 0.178684189916
        var: 0.419759064913
    barkbands_spread:
        dmean: 4.58092355728
        dmean2: 7.75071573257
        dvar: 15.5279445648
        dvar2: 47.1049575806
        max: 38.2838172913
        mean: 19.4127159119
        min: 8.53572368622
        var: 33.9183387756
    dissonance:
        dmean: 0.0153572689742
        dmean2: 0.0265265647322
        dvar: 0.000174082873855
        dvar2: 0.000498645822518
        max: 0.49986204505
        mean: 0.47559016943
        min: 0.407478541136
        var: 0.000268187694019
    hfc:
        dmean: 0.300432085991
        dmean2: 0.510022997856
        dvar: 0.337411940098
        dvar2: 0.773407101631
        max: 11.9640378952
        mean: 1.91051101685
        min: 0.0035182563588
        var: 6.63770294189
    pitch:
        dmean: 837.222961426
        dmean2: 1667.77758789
        dvar: 2878107.25
        dvar2: 7874600.5
        max: 4900
        mean: 776.87322998
        min: 64.8529434204
        var: 2073831
    pitch_instantaneous_confidence:
        dmean: 0.0660795122385
        dmean2: 0.111123591661
        dvar: 0.00276293116622
        dvar2: 0.0081635909155
        max: 0.744176864624
        mean: 0.464707940817
        min: 0.221826374531
        var: 0.0138663025573
    pitch_salience:
        dmean: 0.048265568912
        dmean2: 0.0779158324003
        dvar: 0.00128758954816
        dvar2: 0.00362505251542
        max: 0.833895206451
        mean: 0.609752774239
        min: 0.303222090006
        var: 0.00983885955065
    silence_rate_20dB:
        dmean: 0
        dmean2: 0
        dvar: 0
        dvar2: 0
        max: 1
        mean: 1
        min: 1
        var: 0
    silence_rate_30dB:
        dmean: 0
        dmean2: 0
        dvar: 0
        dvar2: 0
        max: 1
        mean: 1
        min: 1
        var: 0
    silence_rate_60dB:
        dmean: 0.00466200476512
        dmean2: 0.00934579409659
        dvar: 0.00464025093243
        dvar2: 0.00925840437412
        max: 1
        mean: 0.699999988079
        min: 0
        var: 0.209997743368
    spectral_centroid:
        dmean: 138.891616821
        dmean2: 237.519607544
        dvar: 14221.5957031
        dvar2: 43920.265625
        max: 1403.24816895
        mean: 831.687011719
        min: 472.639770508
        var: 32549.6484375
    spectral_complexity:
        dmean: 0.978773593903
        dmean2: 1.7044917345
        dvar: 1.76606059074
        dvar2: 4.95994997025
        max: 27
        mean: 6.42117643356
        min: 0
        var: 47.8580131531
    spectral_crest:
        dmean: 1.89182722569
        dmean2: 3.24820685387
        dvar: 2.59975814819
        dvar2: 7.78931427002
        max: 21.4478435516
        mean: 12.0650949478
        min: 4.03528022766
        var: 24.7223129272
    spectral_decrease:
        dmean: 1.09484865618e-10
        dmean2: 1.76382228267e-10
        dvar: 6.33679285834e-20
        dvar2: 1.53637683542e-19
        max: -9.34449349496e-13
        mean: -5.93119275916e-10
        min: -4.84803930334e-09
        var: 6.61383529103e-19
    spectral_energy:
        dmean: 0.000429632316809
        dmean2: 0.000689795066137
        dvar: 9.64388505054e-07
        dvar2: 2.31312196775e-06
        max: 0.0191954225302
        mean: 0.0024118560832
        min: 3.85764860766e-06
        var: 1.08153953988e-05
    spectral_energyband_high:
        dmean: 2.53557718679e-05
        dmean2: 4.54125183751e-05
        dvar: 1.46427181491e-09
        dvar2: 4.28121893492e-09
        max: 0.000587032933254
        mean: 7.03231125954e-05
        min: 4.08606950941e-07
        var: 5.9701346089e-09
    spectral_energyband_low:
        dmean: 5.16648251505e-05
        dmean2: 8.6377353e-05
        dvar: 5.11636812917e-08
        dvar2: 1.47474651158e-07
        max: 0.00295967794955
        mean: 0.000108743653982
        min: 9.68684954472e-09
        var: 8.37282527755e-08
    spectral_energyband_middle_high:
        dmean: 0.00010536370246
        dmean2: 0.000159824077855
        dvar: 5.68902152054e-08
        dvar2: 1.26883463736e-07
        max: 0.00398727785796
        mean: 0.000522495654877
        min: 9.39724884574e-08
        var: 7.52116818603e-07
    spectral_energyband_middle_low:
        dmean: 0.000418754905695
        dmean2: 0.000703560479451
        dvar: 8.6026415147e-07
        dvar2: 2.30991577155e-06
        max: 0.0156670287251
        mean: 0.00171029474586
        min: 3.07696154778e-06
        var: 5.64822084925e-06
    spectral_flatness_db:
        dmean: 0.0136827500537
        dmean2: 0.0235424805433
        dvar: 0.0001205624867
        dvar2: 0.000348468776792
        max: 0.262928873301
        mean: 0.201624289155
        min: 0.144505232573
        var: 0.000589384813793
    spectral_flux:
        dmean: 0.00274563673884
        dmean2: 0.00424019759521
        dvar: 2.49066524702e-05
        dvar2: 5.0601473049e-05
        max: 0.102402314544
        mean: 0.0160193629563
        min: 0.00055297621293
        var: 0.000280580687104
    spectral_kurtosis:
        dmean: 1.14350497723
        dmean2: 1.98821008205
        dvar: 1.55845284462
        dvar2: 4.71067714691
        max: 13.5042591095
        mean: 3.33262562752
        min: 0.445665359497
        var: 5.25684499741
    spectral_rms:
        dmean: 0.000100241857581
        dmean2: 0.000160815252457
        dvar: 2.24925198467e-08
        dvar2: 5.32213348947e-08
        max: 0.00432749837637
        mean: 0.00115091993939
        min: 6.13478550804e-05
        var: 1.02841443095e-06
    spectral_rolloff:
        dmean: 579.110900879
        dmean2: 1080.12133789
        dvar: 1026210.8125
        dvar2: 2813142.5
        max: 4694.23828125
        mean: 1185.34057617
        min: 409.130859375
        var: 870630.625
    spectral_skewness:
        dmean: 0.171611592174
        dmean2: 0.29521432519
        dvar: 0.0220264624804
        dvar2: 0.0620786547661
        max: 2.65256977081
        mean: 1.51326858997
        min: 0.764950096607
        var: 0.143693804741
    spectral_spread:
        dmean: 380182.59375
        dmean2: 602979.3125
        dvar: 85982281728
        dvar2: 222265344000
        max: 6949653.5
        mean: 4849918
        min: 2529415
        var: 1.33621599437e+12
    spectral_strongpeak:
        dmean: 0.104482084513
        dmean2: 0.17960858345
        dvar: 0.0324775315821
        dvar2: 0.0879082754254
        max: 1.81631577015
        mean: 0.244717046618
        min: 0.0138140330091
        var: 0.0650651156902
    zerocrossingrate:
        dmean: 0.00634420150891
        dmean2: 0.0086955614388
        dvar: 2.51526034845e-05
        dvar2: 4.78682923131e-05
        max: 0.10693359375
        mean: 0.0606721043587
        min: 0.03125
        var: 0.000153527507791
    barkbands:
        dmean: [3.95124217789e-08, 6.43071871309e-06, 4.88467885589e-05, 6.00915154791e-05, 0.000148477629409, 0.000299520761473, 4.69065635116e-05, 5.45968032384e-05, 9.56843723543e-05, 3.0780556699e-05, 5.59375439479e-05, 3.34511569235e-05, 3.2328414818e-05, 1.59847168106e-05, 2.94601868518e-05, 1.21589228002e-05, 2.134818169e-05, 2.31898866332e-05, 5.42242378287e-06, 1.61600364663e-05, 2.51317051152e-05, 2.8123690754e-06, 3.22509578154e-07, 5.8714924478e-08, 2.78202207937e-08, 1.68098646114e-09, 9.59626197949e-11]
        dmean2: [7.00172861912e-08, 1.05304152385e-05, 8.26183604659e-05, 0.000109624161269, 0.00022184230329, 0.000541875138879, 6.61525773467e-05, 7.06093778717e-05, 0.0001379125315, 4.32337110396e-05, 7.32473054086e-05, 5.00578207721e-05, 5.43298810953e-05, 2.78592706309e-05, 5.09622077516e-05, 2.17001525016e-05, 3.78613985959e-05, 4.11670480389e-05, 8.747717402e-06, 2.881213004e-05, 4.44140787295e-05, 4.53375150755e-06, 5.2860929145e-07, 9.45797751228e-08, 4.60761029331e-08, 2.72582312277e-09, 1.70719327564e-10]
        dvar: [4.04270157118e-14, 9.04207209107e-10, 4.66681910893e-08, 6.91550354759e-08, 3.13205106295e-07, 3.20149410982e-07, 8.84428086323e-09, 1.27665193972e-08, 3.2985255416e-08, 2.85021650726e-09, 1.44835832216e-08, 5.38528510674e-09, 8.70708483092e-09, 1.74408720799e-09, 6.20663431761e-09, 1.79793724353e-09, 3.42974848522e-09, 3.46821726893e-09, 2.15068990395e-10, 2.56453591696e-09, 1.3088512496e-09, 1.64305426903e-11, 3.45160342365e-13, 1.3820231072e-14, 2.887813144e-15, 1.89905183821e-17, 4.68679533409e-20]
        dvar2: [1.03638607841e-13, 2.44329090293e-09, 1.38323045462e-07, 1.94029013301e-07, 8.76900628555e-07, 9.43786460539e-07, 2.18874198765e-08, 2.14452349212e-08, 6.9638616651e-08, 6.05677064058e-09, 2.32937598099e-08, 1.16477947287e-08, 2.29248051653e-08, 4.86149476231e-09, 1.83014634558e-08, 5.40708144925e-09, 1.01737240854e-08, 1.05592397048e-08, 4.5469111809e-10, 7.05430869274e-09, 4.10421296948e-09, 4.3091103602e-11, 8.9986113179e-13, 3.77986487596e-14, 6.89794494311e-15, 4.38129380154e-17, 1.46138451184e-19]
        max: [2.71536964647e-06, 0.000512048834935, 0.00277820671909, 0.00361614162102, 0.00723483879119, 0.00846303068101, 0.00139637745451, 0.0019142027013, 0.00219962815754, 0.000560142099857, 0.0014906367287, 0.000783354102168, 0.0015455520479, 0.00050583324628, 0.000763425137848, 0.000574252975639, 0.000571114767808, 0.000595908903051, 0.000204355237656, 0.000820842105895, 0.000413652014686, 4.46604572062e-05, 1.01679270301e-05, 2.09998484024e-06, 7.99489214387e-07, 9.32888468697e-08, 1.98809413376e-09]
        mean: [4.81506745587e-08, 1.45308049468e-05, 9.41659309319e-05, 9.15577402338e-05, 0.000383318954846, 0.000650745700113, 0.000137254610308, 0.000161062038387, 0.000257080682786, 7.51650877646e-05, 0.000120006843645, 7.08095758455e-05, 6.34031239315e-05, 2.48526012001e-05, 4.48799437436e-05, 2.10474900086e-05, 4.50341394753e-05, 4.32694905612e-05, 1.13106698336e-05, 3.87468789995e-05, 5.78438739467e-05, 4.95966196468e-06, 5.78097740345e-07, 1.16743422041e-07, 6.57610925714e-08, 4.20925827527e-09, 9.12050712731e-11]
        min: [7.41916944547e-13, 4.98433072593e-10, 1.17455600801e-09, 3.34351679676e-09, 1.95266409264e-07, 2.10860389416e-06, 4.33198152905e-08, 6.18786657469e-08, 1.38618531764e-07, 4.57302018475e-09, 1.97398932755e-08, 1.92599225457e-09, 2.1858166388e-09, 2.60785215644e-09, 1.64959690352e-09, 2.81852052808e-09, 4.10809475326e-09, 6.27060314784e-09, 7.26513516014e-09, 1.88628437314e-08, 2.77872402421e-07, 1.12105622563e-08, 9.22106557777e-10, 4.15432271916e-10, 2.80308165568e-10, 2.20897553721e-11, 3.99941767936e-15]
        var: [6.2550510019e-14, 1.63096058881e-09, 6.85139980305e-08, 7.43947978776e-08, 4.89828380523e-07, 1.08318749881e-06, 4.16609680087e-08, 9.67614894876e-08, 1.5722541491e-07, 1.25708696785e-08, 6.1373107485e-08, 2.09749657643e-08, 2.17894164933e-08, 3.09965808576e-09, 1.01111838902e-08, 2.45926190523e-09, 9.27881593782e-09, 9.39536359823e-09, 5.33838973027e-10, 1.02169828153e-08, 3.87409837543e-09, 4.71876981933e-11, 7.65102933266e-13, 3.01388417261e-14, 9.48078895664e-15, 5.99551492937e-17, 4.51713057381e-20]
    mfcc:
        mean: [-863.48248291, 142.801620483, -16.4987792969, 41.6219215393, -53.8801345825, -1.07454407215, -18.5338516235, -23.2778587341, 1.2534403801, -17.4526901245, -10.0435085297, -1.39117288589, -10.0324163437]
        cov: [[18059.0429688, 2500.07470703, -3070.69311523, -569.393859863, 1301.7590332, 350.560302734, 622.946166992, 882.497924805, 0.924452602863, 58.7296066284, 217.751541138, -2.89654827118, 28.1136722565], [2500.07470703, 489.470703125, -443.844268799, -62.2699546814, 198.110794067, 34.5864334106, 81.2870330811, 98.4799194336, 39.7332267761, 16.8175258636, 36.6425361633, 24.9231204987, -18.5778026581], [-3070.69311523, -443.844268799, 651.45526123, 79.838142395, -251.845779419, -30.9828090668, -132.789718628, -167.025665283, 9.38890552521, 13.4136924744, -29.4912929535, 4.02265310287, -7.23728227615], [-569.393859863, -62.2699546814, 79.838142395, 86.9649200439, -1.19992053509, -24.0363845825, -10.9157829285, -20.5700035095, -10.5177412033, -8.97795391083, -5.25981807709, -3.67948913574, 3.05118989944], [1301.7590332, 198.110794067, -251.845779419, -1.19992053509, 156.857772827, 19.3355312347, 44.0299415588, 70.2433395386, -4.23328542709, -1.23749685287, 16.2786617279, -9.29207229614, 2.71029663086], [350.560302734, 34.5864334106, -30.9828090668, -24.0363845825, 19.3355312347, 57.0999794006, 22.2120456696, 10.1528253555, 2.25978565216, 13.7777204514, 11.5975322723, 0.0841515809298, 0.965456187725], [622.946166992, 81.2870330811, -132.789718628, -10.9157829285, 44.0299415588, 22.2120456696, 79.4226379395, 43.2885093689, -10.9308900833, -6.42335939407, 3.20592999458, 0.389100700617, 5.84088802338], [882.497924805, 98.4799194336, -167.025665283, -20.5700035095, 70.2433395386, 10.1528253555, 43.2885093689, 82.6492385864, -7.10631465912, -9.75656795502, 12.3311500549, -4.5986571312, 9.08273792267], [0.924452602863, 39.7332267761, 9.38890552521, -10.5177412033, -4.23328542709, 2.25978565216, -10.9308900833, -7.10631465912, 45.6855926514, 20.4659519196, 3.2874288559, 11.9001941681, -11.1337947845], [58.7296066284, 16.8175258636, 13.4136924744, -8.97795391083, -1.23749685287, 13.7777204514, -6.42335939407, -9.75656795502, 20.4659519196, 43.1177024841, 14.8366413116, 1.63206529617, -6.20806264877], [217.751541138, 36.6425361633, -29.4912929535, -5.25981807709, 16.2786617279, 11.5975322723, 3.20592999458, 12.3311500549, 3.2874288559, 14.8366413116, 42.2711906433, 16.0837268829, -3.06621646881], [-2.89654827118, 24.9231204987, 4.02265310287, -3.67948913574, -9.29207229614, 0.0841515809298, 0.389100700617, -4.5986571312, 11.9001941681, 1.63206529617, 16.0837268829, 40.3886909485, -0.67036485672], [28.1136722565, -18.5778026581, -7.23728227615, 3.05118989944, 2.71029663086, 0.965456187725, 5.84088802338, 9.08273792267, -11.1337947845, -6.20806264877, -3.06621646881, -0.67036485672, 30.2658958435]]
        icov: [[0.00083854253171, -0.00214922172017, 0.00123433372937, 0.00198253034614, -0.00102538545616, -0.00154393876437, 0.000630489957985, -0.00269168172963, 0.00233930163085, -0.0017219313886, 0.000569275289308, 4.23255078204e-05, -0.000609726528637], [-0.00214922172017, 0.0149594759569, 0.00124823336955, -0.00316062918864, -0.00363417668268, 0.00391041440889, -0.00293396832421, 0.00978602841496, -0.0127068972215, 0.00412001460791, -0.00184431183152, -0.00509617757052, 0.00549699831754], [0.00123433372937, 0.00124823336955, 0.0133308973163, -0.00467520439997, 0.00784173142165, -0.00841814931482, 0.00805085711181, 0.000509426055942, 0.000116329756565, -0.00350167020224, 0.00149459170643, -0.00111146806739, 0.00058974744752], [0.00198253034614, -0.00316062918864, -0.00467520439997, 0.0281419754028, -0.0180070009083, 0.00865261442959, -0.00719522964209, -0.00083234050544, 0.00627057719976, -0.00138106197119, -0.00206996453926, -8.07210235507e-05, -0.00294980360195], [-0.00102538545616, -0.00363417668268, 0.00784173142165, -0.0180070009083, 0.0329451411963, -0.00868970807642, 0.00905483961105, -0.00434524286538, 0.000251586578088, 0.000612355943304, -0.00101173389703, 0.00706008356065, -0.000432234024629], [-0.00154393876437, 0.00391041440889, -0.00841814931482, 0.00865261442959, -0.00868970807642, 0.0326796248555, -0.0139930071309, 0.00849861185998, -0.00365270953625, -0.00194136949722, -0.00723796756938, 0.00214867899194, -0.00159268919379], [0.000630489957985, -0.00293396832421, 0.00805085711181, -0.00719522964209, 0.00905483961105, -0.0139930071309, 0.0283731147647, -0.0107273105532, 0.00810182932764, -0.00338667980395, 0.00756006035954, -0.00423493096605, 0.00060090678744], [-0.00269168172963, 0.00978602841496, 0.000509426055942, -0.00083234050544, -0.00434524286538, 0.00849861185998, -0.0107273105532, 0.0416622795165, -0.0141909364611, 0.0148300072178, -0.0131949959323, 0.00622512307018, -0.00497904326767], [0.00233930163085, -0.0127068972215, 0.000116329756565, 0.00627057719976, 0.000251586578088, -0.00365270953625, 0.00810182932764, -0.0141909364611, 0.0488396845758, -0.0244414061308, 0.0140419248492, -0.0119491359219, 0.00632310612127], [-0.0017219313886, 0.00412001460791, -0.00350167020224, -0.00138106197119, 0.000612355943304, -0.00194136949722, -0.00338667980395, 0.0148300072178, -0.0244414061308, 0.0461089611053, -0.0203821528703, 0.0128502910957, -0.00167314591818], [0.000569275289308, -0.00184431183152, 0.00149459170643, -0.00206996453926, -0.00101173389703, -0.00723796756938, 0.00756006035954, -0.0131949959323, 0.0140419248492, -0.0203821528703, 0.0434704683721, -0.0214658752084, 0.00664081936702], [4.23255078204e-05, -0.00509617757052, -0.00111146806739, -8.07210235507e-05, 0.00706008356065, 0.00214867899194, -0.00423493096605, 0.00622512307018, -0.0119491359219, 0.0128502910957, -0.0214658752084, 0.0417937487364, -0.00818558223546], [-0.000609726528637, 0.00549699831754, 0.00058974744752, -0.00294980360195, -0.000432234024629, -0.00159268919379, 0.00060090678744, -0.00497904326767, 0.00632310612127, -0.00167314591818, 0.00664081936702, -0.00818558223546, 0.0413615070283]]
    spectral_contrast:
        mean: [3.16640921483e-07, -2.23916245545e-07, 1.84340507303e-07, 2.96094846419e-08, -2.65889298134e-07, -2.0412838353e-07, -2.6611019166e-06, -3.7142808651e-06, 3.91286960166e-07, 3.08681933348e-07, -1.03515742467e-06, -1.84788427759e-06]
        var: [0.000205449556233, 0.000295256118989, 0.000599457533099, 0.00101388304029, 0.00120068306569, 0.00183017656673, 0.0466520674527, 0.0667625442147, 0.09116114676, 0.121099613607, 0.171717122197, 9.25266647339]

rhythm:
    beats_loudness:
        dmean: 0.000939774152357
        dmean2: 0.00113361608237
        dvar: 2.88339219878e-06
        dvar2: 5.7094789554e-06
        max: 0.0132197905332
        mean: 0.00245403777808
        min: 6.37875518805e-06
        var: 1.35176978802e-05
    beats_loudness_bass:
        dmean: 0.0425088964403
        dmean2: 0.0696232542396
        dvar: 0.00464005954564
        dvar2: 0.00723436661065
        max: 0.3270817101
        mean: 0.0504685416818
        min: 0.00235785148107
        var: 0.00685514695942
    bpm: 182.372283936
    bpm_confidence: 0
    first_peak_bpm: 143
    first_peak_spread: 0
    first_peak_weight: 0.519999980927
    onset_rate: 0.69783526659
    second_peak_bpm: 182
    second_peak_spread: 0
    second_peak_weight: 0.439999997616
    beats_position: [0.164254799485, 0.583146870136, 1.00203895569, 1.42093098164, 1.83982312679, 2.25871515274, 2.6776072979, 3.09649944305, 3.51539134979, 3.93428349495, 4.35317564011, 4.77206754684, 5.19095993042, 5.60985183716, 5.95613574982, 6.28514814377, 6.61416101456, 6.94317388535, 7.27218675613, 7.60119867325, 7.93021154404, 8.25922489166, 8.58823680878, 8.91724967957, 9.24626255035, 9.57527446747]
    bpm_estimates: [184.50819397, 181.993652344, 181.453979492, 181.533355713]
    bpm_intervals: [0.418892085552, 0.418892085552, 0.418892025948, 0.418892145157, 0.418892025948, 0.418892145157, 0.418892145157, 0.418891906738, 0.418892145157, 0.418892145157, 0.418891906738, 0.418892383575, 0.418891906738, 0.346283912659, 0.329012393951, 0.329012870789, 0.329012870789, 0.329012870789, 0.329011917114, 0.329012870789, 0.329013347626, 0.329011917114, 0.329012870789, 0.329012870789, 0.329011917114]
    onset_times: [0.0464399084449, 0.592108845711, 0.661768734455, 1.4164172411, 1.78793644905, 6.90793657303, 8.39401340485]
    rubato_start: [5.95613574982]
    rubato_stop: [6.28514814377]
    perceptual_tempo: "unknown"

sfx:
    inharmonicity:
        dmean: 0.0394581146538
        dmean2: 0.0720702707767
        dvar: 0.00306451041251
        dvar2: 0.00796433538198
        max: 0.408100664616
        mean: 0.0317596197128
        min: 0
        var: 0.00272110453807
    oddtoevenharmonicenergyratio:
        dmean: 2.08918309212
        dmean2: 3.85186243057
        dvar: 16.3380775452
        dvar2: 45.0584106445
        max: 27.7391586304
        mean: 1.58880770206
        min: 0
        var: 11.6894321442
    pitch_after_max_to_before_max_energy_ratio: 30.4660968781
    pitch_centroid: 292.807098389
    pitch_max_to_total: 0.428235292435
    pitch_min_to_total: 0.447058826685
    tristimulus:
        dmean: [0.259237706661, 0.237683057785, 0.0885603576899]
        dmean2: [0.475824266672, 0.42630559206, 0.160767138004]
        dvar: [0.0667199119925, 0.0505870394409, 0.0140203451738]
        dvar2: [0.171575590968, 0.142073020339, 0.0366215333343]
        max: [1, 0.978003978729, 0.780886471272]
        mean: [0.468371987343, 0.426722764969, 0.0796733126044]
        min: [0.0112315900624, 0, 0]
        var: [0.10142789036, 0.0845327973366, 0.0131831215695]

tonal:
    chords_changes_rate: 0.0327102802694
    chords_number_rate: 0.0186915881932
    chords_strength:
        dmean: 0.00392246432602
        dmean2: 0.00401060562581
        dvar: 9.88756073639e-06
        dvar2: 1.20185659398e-05
        max: 0.675824046135
        mean: 0.560461878777
        min: 0.443157494068
        var: 0.00432340754196
    key_strength: 0.470969259739
    tuning_diatonic_strength: 0.384333789349
    tuning_equal_tempered_deviation: 0.0682136490941
    tuning_frequency: 438.477722168
    tuning_nontempered_energy_ratio: 0.716433763504
    hpcp:
        dmean: [0.00598268350586, 0.0168271977454, 0.0435558147728, 0.0529194362462, 0.0436270087957, 0.0253637209535, 0.0214469823986, 0.0346498936415, 0.0883374661207, 0.101804561913, 0.0813633054495, 0.0284242834896, 0.0126872509718, 0.00958651304245, 0.0402692742646, 0.0715107470751, 0.0603354535997, 0.0619017779827, 0.0667412504554, 0.145878210664, 0.132541239262, 0.112686529756, 0.0639619529247, 0.0266993325204, 0.0379545465112, 0.0436503589153, 0.0404088869691, 0.0246987696737, 0.0332716070116, 0.105842284858, 0.122134260833, 0.107975900173, 0.0282604545355, 0.00705889193341, 0.00908902194351, 0.00886748917401]
        dmean2: [0.00863313488662, 0.0241661481559, 0.066520921886, 0.0854995846748, 0.0624098591506, 0.0417334772646, 0.0386402532458, 0.0592422410846, 0.127417683601, 0.162262201309, 0.118733711541, 0.0475814938545, 0.0202641058713, 0.0160462670028, 0.0633168518543, 0.111890733242, 0.102319277823, 0.101895198226, 0.10808480531, 0.239428862929, 0.225916534662, 0.180443733931, 0.111441262066, 0.043615180999, 0.0554298497736, 0.0680593475699, 0.070445202291, 0.038904491812, 0.0541916377842, 0.165515571833, 0.18779528141, 0.159602537751, 0.0464506819844, 0.011945576407, 0.0156693328172, 0.014573764056]
        dvar: [0.000373359100195, 0.000973433896434, 0.00446840981022, 0.0133911520243, 0.0128017198294, 0.00271889357828, 0.000855613383465, 0.00375239294954, 0.008914235048, 0.0204544663429, 0.00955811049789, 0.00333542004228, 0.000907622161321, 0.000103879669041, 0.00190052518155, 0.00656711310148, 0.00819130055606, 0.0119432462379, 0.0118481162935, 0.0190156493336, 0.0231420025229, 0.0150825744495, 0.00510954018682, 0.00527856266126, 0.0103482957929, 0.00780355837196, 0.0102658839896, 0.00534430192783, 0.00846272986382, 0.0153637630865, 0.0170384906232, 0.0119901793078, 0.00206479826011, 0.000808613549452, 0.000287864822894, 0.000183768948773]
        dvar2: [0.000762930198107, 0.0018400347326, 0.0117826210335, 0.029310842976, 0.0264810230583, 0.0053811725229, 0.0026248365175, 0.00925558432937, 0.0193306431174, 0.0452590286732, 0.0215110816061, 0.00822851154953, 0.00220078486018, 0.000271426106337, 0.00411132303998, 0.0150190843269, 0.0241611618549, 0.0314969941974, 0.0227549336851, 0.0499398745596, 0.0631935298443, 0.0322463922203, 0.0144087504596, 0.0114862155169, 0.0191900804639, 0.0170038789511, 0.0293548367918, 0.0138918198645, 0.0217436160892, 0.0395516715944, 0.0368423908949, 0.0272352900356, 0.00518221547827, 0.00234346138313, 0.000779595575295, 0.000474406406283]
        max: [0.333443254232, 0.381138265133, 0.631150960922, 1, 1, 0.432863116264, 0.27328234911, 0.490813225508, 0.881094992161, 1, 1, 0.449205130339, 0.373682141304, 0.0799654498696, 0.340753674507, 0.643583059311, 0.76235294342, 0.918293476105, 1, 1, 1, 1, 0.573833465576, 0.771689176559, 1, 1, 1, 0.667967140675, 0.726072847843, 1, 1, 1, 0.321670174599, 0.272629588842, 0.129955410957, 0.131432980299]
        mean: [0.0114650912583, 0.0326537527144, 0.0907832384109, 0.140537619591, 0.097938939929, 0.0362432077527, 0.0313090644777, 0.0477689951658, 0.214584797621, 0.339103519917, 0.178495392203, 0.0413010232151, 0.0255772843957, 0.0190462488681, 0.0797154158354, 0.152126759291, 0.120353333652, 0.114666298032, 0.199860453606, 0.284953027964, 0.613602042198, 0.556962430477, 0.113317027688, 0.0517217107117, 0.124505586922, 0.129835933447, 0.0701936483383, 0.0371506586671, 0.0421767234802, 0.240916997194, 0.47975692153, 0.288439005613, 0.0298627801239, 0.00755279511213, 0.012136333622, 0.0146545637399]
        min: [0.000502778799273, 0.00130657094996, 0.00396745232865, 0.00401768321171, 0.000762691837735, 0.0012895106338, 0.00105133361649, 0.00152434466872, 0.0018979429733, 0.0137119982392, 0.00687589962035, 0.00169381860178, 0.00194619724061, 0.00241099623963, 0.0106990011409, 0.0281268209219, 0.022174095735, 0.0148950144649, 0.00376551807858, 0.015963209793, 0.0130537124351, 0.000732806394808, 0.00171485671308, 0.000388070970075, 0.000540349981748, 0.00106454547495, 0.000914936012123, 0.000662744569127, 0.000213645733311, 0.00204561068676, 0.00637360941619, 0.0107976477593, 0.000233408674831, 0.000181136754691, 0.00044514608453, 0.000611314899288]
        var: [0.00102851318661, 0.00250051333569, 0.00918127596378, 0.0587469115853, 0.0466997884214, 0.00359345017932, 0.00108913006261, 0.00491340039298, 0.040264416486, 0.117705628276, 0.0357091203332, 0.0056449198164, 0.00230200681835, 0.000175001347088, 0.00365476077422, 0.0113880196586, 0.00749854603782, 0.0196744110435, 0.0786700174212, 0.0413240529597, 0.135758072138, 0.14058932662, 0.00806286279112, 0.0156322587281, 0.0650648251176, 0.0388602279127, 0.00953048188239, 0.00608255201951, 0.0125496899709, 0.0351705402136, 0.114642612636, 0.0462544299662, 0.00244359741919, 0.000539899163414, 0.000273280544207, 0.000345208100043]
    chords_histogram: [73.3644866943, 0, 0, 0, 0, 0, 0, 0, 0, 0, 0, 7.47663545609, 0, 0, 0, 0, 0, 9.81308364868, 9.34579467773, 0, 0, 0, 0, 0]
    thpcp: [1, 0.907693266869, 0.184675112367, 0.0842919498682, 0.202909335494, 0.21159632504, 0.114396050572, 0.0605452023447, 0.0687362849712, 0.392627447844, 0.781869828701, 0.470075041056, 0.0486679933965, 0.0123089468107, 0.0197788346559, 0.0238828472793, 0.0186848975718, 0.0532164983451, 0.147951334715, 0.229037076235, 0.159613132477, 0.0590663105249, 0.0510250329971, 0.07785012573, 0.349713295698, 0.552644073963, 0.290897637606, 0.0673091337085, 0.0416838303208, 0.0310400668532, 0.12991386652, 0.247924134135, 0.196142330766, 0.186874046922, 0.325716733932, 0.464393883944]
    chords_key: "C"
    chords_scale: "major"
    key_key: "C"
    key_scale: "major"
    chords_progression: ["D#m", "D#m", "D#", "D#", "D#", "D#", "D#", "D#", "D#m", "D#m", "D#m", "D#m", "D#m", "D#m", "D#m", "D#m", "D#m", "D#m", "D#m", "D#m", "D#m", "D#m", "D#", "D#", "D#", "D#", "D#", "D#", "D#", "D#", "D#", "D#", "D#", "D#", "D#", "D#", "Cm", "Cm", "Cm", "Cm", "Cm", "Cm", "Cm", "Cm", "Cm", "Cm", "Cm", "Cm", "Cm", "Cm", "Cm", "Cm", "Cm", "Cm", "Cm", "Cm", "C", "Cm", "C", "C", "C", "C", "C", "C", "C", "C", "C", "C", "C", "C", "C", "C", "C", "C", "C", "C", "C", "C", "C", "C", "C", "C", "C", "C", "C", "C", "C", "C", "C", "C", "C", "C", "C", "C", "C", "C", "C", "C", "C", "C", "C", "C", "C", "C", "C", "C", "C", "C", "C", "C", "C", "C", "C", "C", "C", "C", "C", "C", "C", "C", "C", "C", "C", "C", "C", "C", "C", "C", "C", "C", "C", "C", "C", "C", "C", "C", "C", "C", "C", "C", "C", "C", "C", "C", "C", "C", "C", "C", "C", "C", "C", "C", "C", "C", "C", "C", "C", "C", "C", "C", "C", "C", "C", "C", "C", "C", "C", "C", "C", "C", "C", "C", "C", "C", "C", "C", "C", "C", "C", "C", "C", "C", "C", "C", "C", "C", "C", "C", "C", "C", "C", "C", "C", "C", "C", "C", "C", "C", "C", "C", "C", "C", "C", "C", "C", "C", "C", "C", "C", "C", "C", "C", "C", "C"]
