
metadata:
    version:
        essentia: "1.2.2"
    audio_properties:
        analysis_sample_rate: 44100
        bitrate: 128
        channels: 2
        equal_loudness: 1
        length: 10.0048980713
        replay_gain: -3.04129600525
        downmix: "mix"
    tags:
        track: 56
        year: 0
        album: "Splitted by Mp3Splt v. 2.1"
        artist: "From 009.10 To 009.20"
        comment: "http://mp3splt.sf.net"
        genre: ""
        title: "03 Fill 25.mp3"

highlevel:
    ballroom:
        all:
            ChaChaCha: 0.000425703503424
            Jive: 0.000323557032971
            Quickstep: 0.000921714061406
            Rumba-American: 0.00566993374377
            Rumba-International: 0.00515237357467
            Rumba-Misc: 0.0464065298438
            Samba: 0.000971488421783
            Tango: 0.00538745569065
            VienneseWaltz: 0.0938597992063
            Waltz: 0.840881466866
        probability: 0.840881466866
        value: "Waltz"
    culture:
        all:
            non_western: 0.629958868027
            western: 0.370041131973
        probability: 0.629958868027
        value: "non_western"
    gender:
        all:
            female: 0.730989813805
            male: 0.269010156393
        probability: 0.730989813805
        value: "female"
    genre_dortmund:
        all:
            alternative: 0.0325891003013
            blues: 0.000477448047604
            electronic: 0.866755664349
            folkcountry: 0.00321584939957
            funksoulrnb: 0.000790515041444
            jazz: 0.0904728472233
            pop: 0.0014033082407
            raphiphop: 0.00161139585543
            rock: 0.00268386374228
        probability: 0.866755664349
        value: "electronic"
    genre_electronica:
        all:
            ambient: 0.984329104424
            dnb: 0.00109913607594
            house: 0.00775717198849
            techno: 0.00409166095778
            trance: 0.00272289710119
        probability: 0.984329104424
        value: "ambient"
    genre_rosamerica:
        all:
            cla: 0.356771886349
            dan: 0.0137216458097
            hip: 0.0113258529454
            jaz: 0.574859917164
            pop: 0.00468734186143
            rhy: 0.0192247945815
            roc: 0.00559019530192
            spe: 0.0138183627278
        probability: 0.574859917164
        value: "jaz"
    genre_tzanetakis:
        all:
            blu: 0.140209183097
            cla: 0.44404605031
            cou: 0.0284435283393
            dis: 0.0249099694192
            hip: 0.037644635886
            jaz: 0.112376324832
            met: 0.0222545247525
            pop: 0.0438286624849
            reg: 0.107656113803
            roc: 0.0386310108006
        probability: 0.44404605031
        value: "cla"
    live_studio:
        all:
            live: 0.187995761633
            studio: 0.812004208565
        probability: 0.812004208565
        value: "studio"
    mood:
        all:
            Cluster1: 0.0393513329327
            Cluster2: 0.192344993353
            Cluster3: 0.425418436527
            Cluster4: 0.286322802305
            Cluster5: 0.0565624274313
        probability: 0.425418436527
        value: "Cluster3"
    mood_acoustic:
        all:
            acoustic: 0.255944132805
            not_acoustic: 0.744055867195
        probability: 0.744055867195
        value: "not_acoustic"
    mood_aggressive:
        all:
            aggressive: 2.77560623374e-08
            not_aggressive: 1
        probability: 1
        value: "not_aggressive"
    mood_electronic:
        all:
            electronic: 0.844209253788
            not_electronic: 0.155790746212
        probability: 0.844209253788
        value: "electronic"
    mood_happy:
        all:
            happy: 0.0658803731203
            not_happy: 0.934119641781
        probability: 0.934119641781
        value: "not_happy"
    mood_party:
        all:
            not_party: 0.943313479424
            party: 0.0566865094006
        probability: 0.943313479424
        value: "not_party"
    mood_relaxed:
        all:
            not_relaxed: 0.0822042971849
            relaxed: 0.917795717716
        probability: 0.917795717716
        value: "relaxed"
    mood_sad:
        all:
            not_sad: 0.127966493368
            sad: 0.87203347683
        probability: 0.87203347683
        value: "sad"
    rhythm:
        all:
            fast: 0.00497946562245
            medium: 0.170996904373
            slow: 0.824023604393
        probability: 0.824023604393
        value: "slow"
    speech_music:
        all:
            music: 0.999999880791
            speech: 1.05838473985e-07
        probability: 0.999999880791
        value: "music"
    timbre:
        all:
            bright: 0.272341489792
            dark: 0.727658510208
        probability: 0.727658510208
        value: "dark"
    voice_instrumental:
        all:
            instrumental: 0.999986052513
            voice: 1.39364874485e-05
        probability: 0.999986052513
        value: "instrumental"

lowlevel:
    average_loudness: 0.823970258236
    barkbands_kurtosis:
        dmean: 11.9988822937
        dmean2: 17.7449054718
        dvar: 838.439819336
        dvar2: 1951.51123047
        max: 359.083862305
        mean: 17.4633655548
        min: -1.84358358383
        var: 1398.15405273
    barkbands_skewness:
        dmean: 0.838741660118
        dmean2: 1.08834671974
        dvar: 2.31550765038
        dvar2: 4.94791078568
        max: 6.29998731613
        mean: -1.02630519867
        min: -15.6546487808
        var: 6.13683271408
    barkbands_spread:
        dmean: 1.46917140484
        dmean2: 1.75341844559
        dvar: 6.48428916931
        dvar2: 12.184923172
        max: 61.3968963623
        mean: 9.02435588837
        min: 0.0646726936102
        var: 156.475723267
    dissonance:
        dmean: 0.0729573220015
        dmean2: 0.126911789179
        dvar: 0.00571155315265
        dvar2: 0.0153517415747
        max: 0.489620536566
        mean: 0.31331628561
        min: 0.0270461272448
        var: 0.0166033711284
    hfc:
        dmean: 0.844363749027
        dmean2: 0.874700725079
        dvar: 1.54191088676
        dvar2: 2.44093108177
        max: 21.1154708862
        mean: 2.78507447243
        min: 0.0203069224954
        var: 9.50220489502
    pitch:
        dmean: 32.470123291
        dmean2: 64.9022140503
        dvar: 120186.304688
        dvar2: 323461.8125
        max: 4410
        mean: 854.551696777
        min: 155.830383301
        var: 1402203.375
    pitch_instantaneous_confidence:
        dmean: 0.00994439981878
        dmean2: 0.0150618264452
        dvar: 0.000437361362856
        dvar2: 0.000756403780542
        max: 0.98305529356
        mean: 0.956886708736
        min: 0.699738383293
        var: 0.00159101886675
    pitch_salience:
        dmean: 0.0407995581627
        dmean2: 0.0557840168476
        dvar: 0.00322900339961
        dvar2: 0.00637817196548
        max: 0.630668461323
        mean: 0.29247841239
        min: 0.0475340373814
        var: 0.0156053137034
    silence_rate_20dB:
        dmean: 0
        dmean2: 0
        dvar: 0
        dvar2: 0
        max: 1
        mean: 1
        min: 1
        var: 0
    silence_rate_30dB:
        dmean: 0
        dmean2: 0
        dvar: 0
        dvar2: 0
        max: 1
        mean: 1
        min: 1
        var: 0
    silence_rate_60dB:
        dmean: 0.0835266858339
        dmean2: 0.167441859841
        dvar: 0.0765500888228
        dvar2: 0.162661224604
        max: 1
        mean: 0.708333313465
        min: 0
        var: 0.206597164273
    spectral_centroid:
        dmean: 59.146812439
        dmean2: 62.0334358215
        dvar: 19032.9921875
        dvar2: 24027.8808594
        max: 4324.93554688
        mean: 1075.31958008
        min: 402.420013428
        var: 783626.625
    spectral_complexity:
        dmean: 0.162790700793
        dmean2: 0.314685314894
        dvar: 0.164197027683
        dvar2: 0.318223565817
        max: 4
        mean: 2.47563815117
        min: 0
        var: 0.653117239475
    spectral_crest:
        dmean: 1.47626805305
        dmean2: 1.98321664333
        dvar: 4.17955827713
        dvar2: 10.1251831055
        max: 26.9151954651
        mean: 21.1136207581
        min: 8.37392997742
        var: 19.1480617523
    spectral_decrease:
        dmean: 2.96632052255e-10
        dmean2: 3.52045115282e-10
        dvar: 3.48802444623e-19
        dvar2: 6.33681715677e-19
        max: -1.66713203572e-12
        mean: -7.55573326128e-10
        min: -9.02101771061e-09
        var: 8.63713147704e-19
    spectral_energy:
        dmean: 0.00119587243535
        dmean2: 0.00140764983371
        dvar: 5.41548934052e-06
        dvar2: 9.85221595329e-06
        max: 0.0355430096388
        mean: 0.0031043193303
        min: 8.13392034615e-06
        var: 1.3451727682e-05
    spectral_energyband_high:
        dmean: 3.3808468288e-05
        dmean2: 1.89888451132e-05
        dvar: 1.67963527531e-08
        dvar2: 5.29729815568e-09
        max: 0.00463132699952
        mean: 0.000148114893818
        min: 6.20258733264e-09
        var: 3.46861412481e-07
    spectral_energyband_low:
        dmean: 3.02415242004e-06
        dmean2: 3.72906856683e-06
        dvar: 1.22702490529e-11
        dvar2: 2.14981435431e-11
        max: 0.000134401896503
        mean: 4.92823783134e-05
        min: 1.05667334083e-06
        var: 9.83370274099e-10
    spectral_energyband_middle_high:
        dmean: 0.000322005507769
        dmean2: 0.00033594557317
        dvar: 5.28973941982e-07
        dvar2: 7.80443428994e-07
        max: 0.011018615216
        mean: 0.00108638196252
        min: 4.20659517886e-07
        var: 2.5967201509e-06
    spectral_energyband_middle_low:
        dmean: 0.000899328617379
        dmean2: 0.00111132347956
        dvar: 5.37137657375e-06
        dvar2: 9.76817591436e-06
        max: 0.0352032184601
        mean: 0.00182050757576
        min: 2.53125699601e-06
        var: 1.29582076625e-05
    spectral_flatness_db:
        dmean: 0.0438288003206
        dmean2: 0.0599219799042
        dvar: 0.00121232168749
        dvar2: 0.00247075338848
        max: 0.719792604446
        mean: 0.440715581179
        min: 0.146060183644
        var: 0.0120914680883
    spectral_flux:
        dmean: 0.0069514606148
        dmean2: 0.0115052303299
        dvar: 0.00011559084669
        dvar2: 0.000336204684572
        max: 0.101648263633
        mean: 0.0117444805801
        min: 0.000902875850443
        var: 0.000207822347875
    spectral_kurtosis:
        dmean: 31.533454895
        dmean2: 47.4340209961
        dvar: 1248.49084473
        dvar2: 2744.89624023
        max: 344.028961182
        mean: 62.1581535339
        min: -0.266179084778
        var: 4232.01757812
    spectral_rms:
        dmean: 0.000285702641122
        dmean2: 0.000341558334185
        dvar: 1.71217180878e-07
        dvar2: 3.34983553785e-07
        max: 0.00588864227757
        mean: 0.00154897046741
        min: 8.90816008905e-05
        var: 6.29294504506e-07
    spectral_rolloff:
        dmean: 43.867641449
        dmean2: 80.5110702515
        dvar: 37751.1835938
        dvar2: 65992.296875
        max: 4586.57226562
        mean: 1363.78967285
        min: 452.197265625
        var: 1399272.5
    spectral_skewness:
        dmean: 1.57927691936
        dmean2: 2.35494399071
        dvar: 2.21683549881
        dvar2: 4.80742502213
        max: 15.8097734451
        mean: 5.55909776688
        min: -0.268507421017
        var: 12.6290531158
    spectral_spread:
        dmean: 839114.6875
        dmean2: 1225275.625
        dvar: 1.05915469005e+12
        dvar2: 1.6539067351e+12
        max: 17493184
        mean: 2336877
        min: 356615.46875
        var: 2.76551539098e+12
    spectral_strongpeak:
        dmean: 0.37593537569
        dmean2: 0.430105984211
        dvar: 0.234769552946
        dvar2: 0.326393812895
        max: 12.4342622757
        mean: 1.89878606796
        min: 0.0443111099303
        var: 3.65674734116
    zerocrossingrate:
        dmean: 0.0027048510965
        dmean2: 0.00295131304301
        dvar: 4.39539799117e-05
        dvar2: 4.62555362901e-05
        max: 0.20556640625
        mean: 0.0556074157357
        min: 0.0126953125
        var: 0.00250531290658
    barkbands:
        dmean: [7.15197430168e-08, 2.43011027123e-06, 8.46480531891e-07, 2.18394961848e-06, 6.366479397e-07, 9.73062128651e-07, 0.000898532045539, 3.71198780158e-07, 7.79387718808e-08, 3.1360428693e-05, 0.000244582886808, 4.62678606539e-08, 4.82714203827e-05, 2.78844307644e-08, 3.52630195266e-07, 7.92516203774e-08, 4.62924951705e-08, 1.29023391082e-07, 4.10842204701e-07, 1.75070749719e-06, 3.33834686899e-05, 1.66690554693e-07, 6.66263986204e-08, 1.69609926104e-08, 1.05868975808e-08, 4.10163736309e-10, 1.78106626669e-10]
        dmean2: [5.17447098503e-08, 2.77114668279e-06, 1.20851370866e-06, 2.33867422139e-06, 1.05237006665e-06, 1.31255410452e-06, 0.00111022137571, 5.44365889255e-07, 1.25734899825e-07, 4.07302686654e-05, 0.000275149097433, 5.96182090362e-08, 2.43143840635e-05, 4.19179180255e-08, 3.75053588186e-07, 1.02406708891e-07, 6.55331575672e-08, 2.03615499572e-07, 6.87679630573e-07, 2.98942586596e-06, 1.82915500773e-05, 2.64017273821e-07, 1.15533062228e-07, 2.74897100638e-08, 1.75008842973e-08, 6.28858021212e-10, 2.68966737771e-10]
        dvar: [2.70509170483e-14, 6.85373632847e-12, 1.75756772417e-12, 6.52458078884e-12, 1.16024063187e-12, 9.17576084558e-12, 5.37324604011e-06, 2.45717292e-13, 1.08454683019e-14, 8.04728195192e-09, 4.25650796387e-07, 4.29531254586e-15, 1.11964464367e-08, 1.95294076253e-15, 1.02791028727e-12, 4.4617392734e-14, 7.56995716653e-15, 4.29485006587e-14, 5.14030929367e-13, 9.50783549114e-12, 1.68256253374e-08, 8.56125134435e-14, 1.6586621196e-14, 9.13547479987e-16, 3.86997203972e-16, 1.81620510901e-18, 1.75487959276e-18]
        dvar2: [1.32293112419e-14, 9.71420513474e-12, 3.88139997573e-12, 8.60548264592e-12, 2.81047472621e-12, 1.06374622652e-11, 9.77153104031e-06, 4.42299327589e-13, 1.99079779896e-14, 1.3758589823e-08, 6.05020034072e-07, 6.2657792671e-15, 2.70360356325e-09, 3.49712163592e-15, 1.15523118415e-12, 6.07865876232e-14, 1.27786227983e-14, 9.34172783074e-14, 1.35036708378e-12, 2.23436234792e-11, 5.32387778307e-09, 1.914697784e-13, 4.27256191852e-14, 2.11380904811e-15, 9.76251317369e-16, 2.26029439165e-18, 1.85869406836e-18]
        max: [6.60260502627e-06, 0.000124266793136, 1.8615173758e-05, 0.000106920706457, 1.71781393874e-05, 6.21316285105e-05, 0.0351917482913, 5.44627027921e-06, 1.75155867055e-06, 0.00105511734728, 0.00998880714178, 9.69757707026e-07, 0.0060060559772, 7.83344034971e-07, 1.86279285117e-05, 3.0079499993e-06, 8.39466281377e-07, 2.24682776206e-06, 5.02251168655e-06, 2.12080049096e-05, 0.00463088788092, 1.83144766197e-06, 7.33809713438e-07, 1.82224695777e-07, 1.16838123176e-07, 2.56243168906e-08, 2.72346305508e-08]
        mean: [6.40679445496e-07, 4.36953523604e-05, 4.98334384247e-06, 1.94833337446e-05, 2.99537214232e-06, 6.84068754708e-06, 0.00178972678259, 1.14748229407e-06, 2.87020469614e-07, 5.69739167986e-05, 0.000475558423204, 1.18513462155e-07, 0.000551132776309, 7.95145069787e-08, 6.60735167912e-07, 1.29487645495e-07, 6.81913192579e-08, 1.70950187339e-07, 4.19409161623e-07, 1.55629913934e-06, 0.000147424056195, 1.59540249456e-07, 4.88803948429e-08, 1.49327945564e-08, 8.78409966987e-09, 3.9951852937e-10, 1.53337065267e-10]
        min: [6.44812935685e-12, 6.00872681389e-07, 4.43606012368e-07, 5.18048146603e-08, 3.74530024772e-08, 1.1430111968e-08, 1.27752423396e-06, 2.13376356584e-08, 3.45319017825e-09, 7.13520904583e-08, 1.40281528616e-07, 1.36874556134e-09, 3.61895491352e-09, 3.06079050993e-10, 2.62522403816e-09, 4.44532660682e-10, 5.58028678821e-10, 1.49713230702e-09, 1.19938003973e-09, 3.28886695655e-09, 2.31180918853e-09, 3.31747684879e-10, 3.46208672841e-10, 2.33898622692e-10, 2.07138764474e-10, 1.0353034402e-11, 9.3494598863e-15]
        var: [1.94029341205e-12, 9.33831567629e-10, 7.87757099135e-12, 5.04703057125e-10, 1.17094450455e-11, 1.33966199245e-10, 1.30224689201e-05, 1.11071807134e-12, 8.58034956562e-14, 2.20461107148e-08, 1.58048794674e-06, 2.84940663729e-14, 1.21342043258e-06, 1.83568692338e-14, 4.3421052344e-12, 1.36517709572e-13, 1.67109283632e-14, 7.92305741956e-14, 5.12948407708e-13, 9.84302136325e-12, 3.46532118556e-07, 1.05976222264e-13, 1.30265950818e-14, 9.65020401642e-16, 3.47818277332e-16, 1.8473176466e-18, 1.7466816125e-18]
    mfcc:
        mean: [-993.445739746, 198.356658936, 4.50688171387, 30.7606143951, -35.8391342163, 15.7289190292, 21.6839408875, -18.4590778351, -11.6037406921, 3.12808918953, 15.1095266342, 27.0752334595, 19.0520324707]
        cov: [[3990.828125, -2278.17333984, -373.294342041, 562.897644043, -338.562438965, 666.480895996, 268.184173584, -825.891479492, -533.608581543, -59.5253181458, 23.4142799377, 33.2350349426, -775.016052246], [-2278.17333984, 1810.04589844, -51.6698760986, -579.836730957, 262.953857422, -217.877319336, -84.7073669434, 382.245025635, 232.543273926, 4.44446277618, 53.6075668335, 51.5387458801, 310.309967041], [-373.294342041, -51.6698760986, 813.910766602, -71.2661743164, -306.735015869, -48.4275436401, 43.2622566223, 152.434341431, 133.765884399, -84.5476837158, -1.17457163334, 66.4327697754, 76.1302185059], [562.897644043, -579.836730957, -71.2661743164, 510.991607666, -60.8712921143, -128.277099609, -74.2336349487, -179.567459106, 101.632461548, 19.0316104889, -214.493530273, -7.47100925446, -74.916809082], [-338.562438965, 262.953857422, -306.735015869, -60.8712921143, 423.07522583, 76.8692398071, -110.617202759, -76.7606201172, -223.274307251, 62.7486495972, 233.309371948, 21.1594200134, 24.9771690369], [666.480895996, -217.877319336, -48.4275436401, -128.277099609, 76.8692398071, 521.838562012, 129.650421143, -387.855804443, -376.198181152, -73.5458145142, 275.192901611, 145.779052734, -373.97769165], [268.184173584, -84.7073669434, 43.2622566223, -74.2336349487, -110.617202759, 129.650421143, 142.064880371, -9.80386543274, -28.6934204102, -41.235824585, 3.13343071938, 17.8039417267, -83.4219360352], [-825.891479492, 382.245025635, 152.434341431, -179.567459106, -76.7606201172, -387.855804443, -9.80386543274, 627.268554688, 301.858276367, 58.4144210815, -120.058959961, -194.659011841, 463.772705078], [-533.608581543, 232.543273926, 133.765884399, 101.632461548, -223.274307251, -376.198181152, -28.6934204102, 301.858276367, 462.113891602, 2.92159962654, -369.337860107, -100.358314514, 202.089996338], [-59.5253181458, 4.44446277618, -84.5476837158, 19.0316104889, 62.7486495972, -73.5458145142, -41.235824585, 58.4144210815, 2.92159962654, 87.0874786377, 46.7558059692, -38.9522705078, 98.0973587036], [23.4142799377, 53.6075668335, -1.17457163334, -214.493530273, 233.309371948, 275.192901611, 3.13343071938, -120.058959961, -369.337860107, 46.7558059692, 440.648468018, 97.6584320068, -48.3928947449], [33.2350349426, 51.5387458801, 66.4327697754, -7.47100925446, 21.1594200134, 145.779052734, 17.8039417267, -194.659011841, -100.358314514, -38.9522705078, 97.6584320068, 151.075256348, -139.673995972], [-775.016052246, 310.309967041, 76.1302185059, -74.916809082, 24.9771690369, -373.97769165, -83.4219360352, 463.772705078, 202.089996338, 98.0973587036, -48.3928947449, -139.673995972, 465.176300049]]
        icov: [[0.00290980492719, 0.00324902799912, 0.00243900343776, 0.000896585523151, 0.00286834617145, -0.000189042519196, 5.19274772159e-06, -0.000948209490161, 0.00168021197896, -0.000877977174241, 0.000322995620081, -0.00162695394829, 0.00206638639793], [0.00324902799912, 0.00772092305124, 0.00354776741005, 0.00685492809862, -0.000996664748527, 0.00128990819212, -0.000272872624919, 0.00124034821056, -0.00516101066023, 0.00201598927379, -0.000881259795278, -0.00587212946266, 0.000553142803255], [0.00243900343776, 0.00354776741005, 0.00634610792622, 0.00053216831293, 0.00576389255002, -0.000562250439543, 0.00251305941492, -0.00072183215525, -0.00366378435865, 0.00732206087559, -0.00650533987209, -0.00257298513316, -0.000248893775279], [0.000896585523151, 0.00685492809862, 0.00053216831293, 0.0139376465231, -0.00601126579568, 0.00466738641262, -0.000899731996469, 0.00609340239316, -0.00638425257057, -0.00153492635582, 0.00388344144449, -0.00629182485864, -0.00147064751945], [0.00286834617145, -0.000996664748527, 0.00576389255002, -0.00601126579568, 0.0171102937311, -0.00420306157321, 0.00924064405262, -0.00590049894527, 0.00915699079633, 5.15107021783e-05, -0.00317992665805, 0.000367958913557, 0.00256505329162], [-0.000189042519196, 0.00128990819212, -0.000562250439543, 0.00466738641262, -0.00420306157321, 0.0243897680193, -0.0152014847845, 0.00912135839462, -0.00135303207207, 0.00915962457657, -0.0108622750267, 0.00550590129569, 0.00686147622764], [5.19274772159e-06, -0.000272872624919, 0.00251305941492, -0.000899731996469, 0.00924064405262, -0.0152014847845, 0.0282880291343, -0.015660520643, 0.0073654986918, -0.00730580231175, 0.00951466523111, -0.010971756652, 0.0036396458745], [-0.000948209490161, 0.00124034821056, -0.00072183215525, 0.00609340239316, -0.00590049894527, 0.00912135839462, -0.015660520643, 0.0299580059946, -0.0208906568587, 0.0198954362422, -0.0172012001276, 0.0190441440791, -0.0175250396132], [0.00168021197896, -0.00516101066023, -0.00366378435865, -0.00638425257057, 0.00915699079633, -0.00135303207207, 0.0073654986918, -0.0208906568587, 0.0429286621511, -0.0295726191252, 0.0308289788663, -0.0113953175023, 0.0137547831982], [-0.000877977174241, 0.00201598927379, 0.00732206087559, -0.00153492635582, 5.15107021783e-05, 0.00915962457657, -0.00730580231175, 0.0198954362422, -0.0295726191252, 0.0561115033925, -0.0378381311893, 0.0190536510199, -0.0152383567765], [0.000322995620081, -0.000881259795278, -0.00650533987209, 0.00388344144449, -0.00317992665805, -0.0108622750267, 0.00951466523111, -0.0172012001276, 0.0308289788663, -0.0378381311893, 0.0430320724845, -0.0206467639655, 0.00597312813625], [-0.00162695394829, -0.00587212946266, -0.00257298513316, -0.00629182485864, 0.000367958913557, 0.00550590129569, -0.010971756652, 0.0190441440791, -0.0113953175023, 0.0190536510199, -0.0206467639655, 0.0347485207021, -0.00671506207436], [0.00206638639793, 0.000553142803255, -0.000248893775279, -0.00147064751945, 0.00256505329162, 0.00686147622764, 0.0036396458745, -0.0175250396132, 0.0137547831982, -0.0152383567765, 0.00597312813625, -0.00671506207436, 0.024373807013]]
    spectral_contrast:
        mean: [-7.49077230466e-07, -2.72127692824e-07, 4.04716928415e-07, -1.60120066539e-06, -2.18352147385e-06, -1.19264609566e-06, -8.76617014001e-06, 2.20468041334e-06, 6.6043608058e-06, -4.82368932353e-07, -6.05657874075e-07, 5.08921345954e-07]
        var: [0.000160016759764, 0.000591352174524, 0.00214050384238, 0.00476413639262, 0.00750073464587, 0.0118849761784, 0.0363040827215, 0.0971749573946, 0.168404832482, 0.351853400469, 0.51651096344, 2.08709859848]

rhythm:
    beats_loudness:
        dmean: 0.00411747768521
        dmean2: 0.00669281324372
        dvar: 2.59073312918e-05
        dvar2: 5.09886340296e-05
        max: 0.0244807526469
        mean: 0.00471338396892
        min: 0.00061655981699
        var: 3.79279154004e-05
    beats_loudness_bass:
        dmean: 0.0338102467358
        dmean2: 0.0594992265105
        dvar: 0.0013950355351
        dvar2: 0.00371637544595
        max: 0.160686075687
        mean: 0.0374549143016
        min: 0.00191772426479
        var: 0.00135055067949
    bpm: 123.903282166
    bpm_confidence: 0
    first_peak_bpm: 124
    first_peak_spread: 0.0500000119209
    first_peak_weight: 0.949999988079
    onset_rate: 5.99706315994
    second_peak_bpm: 0
    second_peak_spread: 0
    second_peak_weight: 0
    beats_position: [0.0241276044399, 0.507078170776, 0.990028679371, 1.47297918797, 1.95592963696, 2.43888020515, 2.92183065414, 3.40478134155, 3.88773202896, 4.37068271637, 4.85363340378, 5.33658409119, 5.81953477859, 6.29100179672, 6.77658700943, 7.26217269897, 7.74775838852, 8.23334407806, 8.71892929077, 9.20451545715, 9.69010066986]
    bpm_estimates: [124.518989563, 123.070899963, 124.36605072, 124.475189209, 124.514511108, 124.485725403, 123.70425415, 123.574752808, 121.747940063, 124.097839355, 124.054344177, 124.228942871]
    bpm_intervals: [0.482950568199, 0.482950508595, 0.482950508595, 0.48295044899, 0.482950568199, 0.48295044899, 0.482950687408, 0.482950687408, 0.482950687408, 0.482950687408, 0.482950687408, 0.482950687408, 0.471467018127, 0.485585212708, 0.485585689545, 0.485585689545, 0.485585689545, 0.485585212708, 0.485586166382, 0.485585212708]
    onset_times: [0.0464399084449, 0.197369620204, 0.592108845711, 0.835918366909, 0.952018141747, 1.19582772255, 1.31192743778, 1.43963718414, 1.67183673382, 1.81115651131, 1.91564631462, 2.15945577621, 2.28716564178, 2.40326523781, 2.63546490669, 2.76317453384, 2.90249443054, 3.13469386101, 3.26240372658, 3.3785033226, 3.61070299149, 3.73841261864, 3.86612248421, 4.09832191467, 4.34213161469, 4.57433128357, 4.7020406723, 4.82975053787, 5.06195020676, 5.18966007233, 5.31736946106, 5.4334692955, 5.54956912994, 5.75854873657, 5.92108821869, 6.00235843658, 6.14167785645, 6.24616765976, 6.46675729752, 6.62929725647, 6.73378705978, 6.84988641739, 6.97759628296, 7.19818592072, 7.39555549622, 7.47682523727, 7.61614513397, 7.72063493729, 7.89478445053, 8.11537456512, 8.20825386047, 8.37079334259, 8.42884349823, 8.46367359161, 8.63782310486, 8.76553249359, 8.95129299164, 9.12544250488, 9.17188167572, 9.47374153137]
    rubato_start: []
    rubato_stop: []
    perceptual_tempo: "unknown"

sfx:
    inharmonicity:
        dmean: 0.0277896523476
        dmean2: 0.050370618701
        dvar: 0.00433178711683
        dvar2: 0.0131855178624
        max: 0.379478573799
        mean: 0.0288494601846
        min: 1.36285393637e-07
        var: 0.00402556871995
    oddtoevenharmonicenergyratio:
        dmean: 172.466262817
        dmean2: 337.276916504
        dvar: 1312137.125
        dvar2: 3928771.75
        max: 13431.8105469
        mean: 113.92477417
        min: 1.24003020119e-06
        var: 664610.25
    pitch_after_max_to_before_max_energy_ratio: 47.2582702637
    pitch_centroid: 126.513252258
    pitch_max_to_total: 0
    pitch_min_to_total: 0.0116009283811
    tristimulus:
        dmean: [0.120846241713, 0.120629094541, 0.0639488771558]
        dmean2: [0.223995342851, 0.220717310905, 0.111838549376]
        dvar: [0.0620849244297, 0.0550479106605, 0.030411336571]
        dvar2: [0.160349205136, 0.13927577436, 0.0922670438886]
        max: [0.997506856918, 0.997361123562, 0.978475511074]
        mean: [0.236911505461, 0.689133524895, 0.0716511532664]
        min: [0.00130868109409, 0, 0]
        var: [0.104754559696, 0.126759812236, 0.0391281880438]

tonal:
    chords_changes_rate: 0.0184331797063
    chords_number_rate: 0.0184331797063
    chords_strength:
        dmean: 0.00239002215676
        dmean2: 0.00157308811322
        dvar: 4.89241028845e-06
        dvar2: 5.23767084815e-06
        max: 0.513480961323
        mean: 0.460870027542
        min: 0.370007574558
        var: 0.00108133233152
    key_strength: 0.716773509979
    tuning_diatonic_strength: 0.54949682951
    tuning_equal_tempered_deviation: 0.0940554141998
    tuning_frequency: 441.272583008
    tuning_nontempered_energy_ratio: 0.663246512413
    hpcp:
        dmean: [0.0388618446887, 0.0916681364179, 0.0796162709594, 0.0949632450938, 0.0774008780718, 0.00960585940629, 0.000674435170367, 0.000593966979068, 0.000301519379718, 0.000163131917361, 0.000416419701651, 0.00085426896112, 0.00690877204761, 0.010241552256, 0.0066428212449, 0.000564606627449, 0.00261891214177, 0.0244774669409, 0.0338206849992, 0.0130068426952, 0.000362395803677, 0.000286394555587, 0.000190451173694, 0.00806794967502, 0.012519095093, 0.0101273441687, 0.000676838739309, 0.000212923434447, 0.000830910459626, 0.00302680721506, 0.00257949531078, 0.000418553740019, 0.000242363181314, 0.000325386441546, 0.000536932377145, 0.000399422686314]
        dmean2: [0.0744167566299, 0.154810085893, 0.128745272756, 0.136711031199, 0.127121269703, 0.018136870116, 0.00116194575094, 0.000985350692645, 0.000497194065247, 0.000273056415608, 0.000661556550767, 0.00107612961438, 0.00853381864727, 0.0139243369922, 0.00799239333719, 0.000665698724333, 0.00435718894005, 0.0370053648949, 0.0493390411139, 0.0196168757975, 0.000585135829169, 0.000383221311495, 0.000271500175586, 0.0108538698405, 0.017054265365, 0.0131394062191, 0.000772655883338, 0.00030123553006, 0.000892789685167, 0.00282208714634, 0.0023413922172, 0.00047967323917, 0.000339070596965, 0.000423492572736, 0.000734137545805, 0.00059827772202]
        dvar: [0.00896864943206, 0.031478587538, 0.0140757439658, 0.026952072978, 0.0156749170274, 0.000911492970772, 1.96192286239e-06, 2.250744501e-06, 1.23711754441e-06, 2.39506789512e-07, 1.31880437948e-06, 1.96769451577e-05, 0.000992406159639, 0.00329554569907, 0.00112295767758, 3.7062814954e-05, 2.0371087885e-05, 0.0019350318471, 0.00555992638692, 0.001175516285, 2.07951620723e-06, 5.55088627152e-06, 1.0734429452e-06, 0.000835463346448, 0.00422767130658, 0.00151893845759, 9.55387804424e-06, 1.68238602782e-06, 1.24612361105e-05, 0.000178874819539, 0.000118218456919, 1.31923081881e-06, 2.21962000069e-06, 2.53177518061e-06, 3.79783728022e-06, 1.48387312038e-06]
        dvar2: [0.0277988407761, 0.091036438942, 0.0382284931839, 0.065034635365, 0.0449823141098, 0.00281157018617, 5.04764511788e-06, 5.28973851033e-06, 2.98739769278e-06, 4.96935115279e-07, 2.73884052149e-06, 2.5347340852e-05, 0.00189991411753, 0.00690086372197, 0.00182909914292, 3.8134992792e-05, 4.49490944447e-05, 0.0044922195375, 0.013566294685, 0.00290175597183, 2.37641597778e-06, 5.71122609472e-06, 1.16026683372e-06, 0.00117748905905, 0.00599331315607, 0.0020853697788, 8.13977203507e-06, 3.52310576091e-06, 1.68996830325e-05, 0.000228241551667, 0.000145020749187, 1.42609030718e-06, 2.21089067054e-06, 3.45643479704e-06, 8.4527882791e-06, 3.40044812219e-06]
        max: [0.496023774147, 1, 1, 1, 0.879924118519, 0.181922331452, 0.0116079598665, 0.0176538284868, 0.0146062485874, 0.00582874054089, 0.0117624131963, 0.0657424628735, 0.570136189461, 1, 0.764384865761, 0.0899138152599, 0.0406447760761, 0.469085484743, 0.873846292496, 0.408253341913, 0.0214062724262, 0.0351313017309, 0.0155582763255, 0.519725441933, 1, 0.670965313911, 0.0463007502258, 0.0120356017724, 0.0630116537213, 0.250925779343, 0.209435328841, 0.0215284116566, 0.0238783545792, 0.0210526566952, 0.0275417845696, 0.0170327890664]
        mean: [0.0301460605115, 0.189687222242, 0.498515337706, 0.539652049541, 0.20662599802, 0.00619103293866, 0.000737345369998, 0.000757364614401, 0.000400976336095, 0.000160687224707, 0.000714322086424, 0.00178350147326, 0.0621358118951, 0.112277418375, 0.0517938062549, 0.000576573074795, 0.00385902216658, 0.0516483299434, 0.0729390159249, 0.0251983907074, 0.000292047421681, 0.000273621641099, 0.000203733041417, 0.150532379746, 0.3183183074, 0.168913096189, 0.00115506222937, 0.000175472174305, 0.00142427638639, 0.0055644903332, 0.00484425481409, 0.000781584880315, 0.000283957051579, 0.000467910140287, 0.000860382860992, 0.000608462840319]
        min: [3.00596923353e-07, 2.42689311563e-05, 0.0095258532092, 0.0168698262423, 0, 0, 9.69765210357e-07, 1.08717006242e-06, 4.92851938816e-07, 3.43618694387e-07, 7.57275415708e-07, 7.38601158901e-07, 6.23725327387e-07, 6.76189870319e-07, 7.91981733528e-07, 1.78896584657e-07, 2.73358728009e-05, 0.00114315014798, 0.00063025689451, 0.00083950482076, 0, 0, 0, 3.53289988198e-06, 4.03158128393e-06, 1.14106501314e-06, 2.40357508119e-07, 0, 0, 0, 0, 0, 0, 0, 0, 0]
        var: [0.00697129592299, 0.109564222395, 0.126375600696, 0.155975475907, 0.040043130517, 0.000566030677874, 2.19360663323e-06, 2.90799607683e-06, 1.55782686306e-06, 2.82990271216e-07, 1.79547328116e-06, 2.47855587077e-05, 0.0284003950655, 0.0940007343888, 0.0205206014216, 3.71681271645e-05, 2.97122569464e-05, 0.00444477889687, 0.0104891806841, 0.00169812433887, 2.33480022871e-06, 5.72767066842e-06, 1.15135208034e-06, 0.0452470481396, 0.200783476233, 0.0569292977452, 1.77400070243e-05, 1.23699248888e-06, 3.36223638442e-05, 0.000545415037777, 0.000388604152249, 5.17249372933e-06, 2.72822330771e-06, 2.95205836665e-06, 5.65087611903e-06, 2.31799276662e-06]
    chords_histogram: [36.4055290222, 22.5806446075, 0, 0, 0, 0, 0, 0, 0, 0, 0, 0, 0, 0, 0, 26.7281112671, 0, 14.2857141495, 0, 0, 0, 0, 0, 0]
    thpcp: [1, 0.382887452841, 0.01147226803, 0.00136633473448, 0.00140343140811, 0.000743027543649, 0.000297760794638, 0.00132367154583, 0.00330491014756, 0.115140512586, 0.208055213094, 0.0959763005376, 0.00106841640081, 0.00715094525367, 0.0957067236304, 0.135159343481, 0.0466937720776, 0.000541177287232, 0.00050703343004, 0.000377526681405, 0.278943389654, 0.589858412743, 0.313003718853, 0.00214038323611, 0.000325157976476, 0.00263924943283, 0.0103112561628, 0.00897662620991, 0.00144831265789, 0.000526185438503, 0.000867058930453, 0.00159432890359, 0.00112750951666, 0.055862031877, 0.35149911046, 0.923771798611]
    chords_key: "A#"
    chords_scale: "major"
    key_key: "A#"
    key_scale: "major"
    chords_progression: ["D#m", "D#m", "D#m", "D#m", "D#m", "D#m", "D#m", "D#m", "D#m", "D#m", "D#m", "D#m", "D#m", "D#m", "D#m", "D#m", "A#m", "A#m", "A#m", "A#m", "A#m", "A#m", "A#m", "A#m", "A#m", "A#m", "A#m", "A#m", "A#m", "A#m", "A#m", "A#m", "A#m", "A#m", "A#m", "A#m", "A#m", "A#m", "A#m", "A#m", "A#m", "A#m", "A#m", "A#m", "A#m", "A#m", "A#m", "A#", "A#", "A#", "A#", "A#", "A#", "A#", "A#", "A#", "A#", "A#", "A#", "A#", "A#", "A#", "A#", "A#", "A#", "A#", "A#", "A#", "A#", "A#", "A#", "A#", "A#", "A#", "A#", "A#", "A#", "A#", "A#", "A#", "A#", "A#", "A#", "A#", "A#", "A#", "A#", "A#", "A#", "A#", "A#", "A#", "A#", "A#", "A#", "A#", "A#", "A#", "A#", "A#", "A#", "A#", "A#", "A#", "A#", "A#", "A#", "A#", "A#", "A#", "A#", "A#", "A#", "A#", "A#", "A#", "A#", "A#", "A#", "A#", "A#", "A#", "A#", "A#", "A#", "A#", "D#m", "D#m", "D#m", "D#m", "D#m", "D#m", "D#m", "D#m", "D#m", "D#m", "D#m", "D#m", "D#m", "D#m", "D#m", "D#m", "D#m", "D#m", "D#m", "D#m", "D#m", "D#m", "D#m", "D#m", "D#m", "D#m", "D#m", "D#m", "D#m", "D#m", "D#m", "D#m", "D#m", "D#m", "D#m", "D#m", "D#m", "D#m", "D#m", "D#m", "D#m", "D#m", "Dm", "Dm", "Dm", "Dm", "Dm", "Dm", "Dm", "Dm", "Dm", "Dm", "Dm", "Dm", "Dm", "Dm", "Dm", "Dm", "Dm", "Dm", "Dm", "Dm", "Dm", "Dm", "Dm", "Dm", "Dm", "Dm", "Dm", "Dm", "Dm", "Dm", "Dm", "Dm", "Dm", "Dm", "Dm", "Dm", "Dm", "Dm", "Dm", "Dm", "Dm", "Dm", "Dm", "Dm", "Dm", "Dm", "Dm", "Dm", "Dm"]
