
metadata:
    version:
        essentia: "1.2.2"
    audio_properties:
        analysis_sample_rate: 44100
        bitrate: 128
        channels: 2
        equal_loudness: 1
        length: 9.92653083801
        replay_gain: -2.07960891724
        downmix: "mix"
    tags:
        track: 7
        year: 0
        album: "Splitted by Mp3Splt v. 2.1"
        artist: "From 001.00 To 001.10"
        comment: "http://mp3splt.sf.net"
        genre: ""
        title: "06 Air Towel.mp3"

highlevel:
    ballroom:
        all:
            ChaChaCha: 0.227269053459
            Jive: 0.0222558286041
            Quickstep: 0.00970476958901
            Rumba-American: 0.011703805998
            Rumba-International: 0.43293890357
            Rumba-Misc: 0.183605700731
            Samba: 0.0928213149309
            Tango: 0.0063723390922
            VienneseWaltz: 0.00662189163268
            Waltz: 0.0067064142786
        probability: 0.43293890357
        value: "Rumba-International"
    culture:
        all:
            non_western: 0.911822795868
            western: 0.0881772264838
        probability: 0.911822795868
        value: "non_western"
    gender:
        all:
            female: 0.877759158611
            male: 0.122240841389
        probability: 0.877759158611
        value: "female"
    genre_dortmund:
        all:
            alternative: 0.0429594628513
            blues: 0.00762108247727
            electronic: 0.276495546103
            folkcountry: 0.0121494894847
            funksoulrnb: 0.0155452247709
            jazz: 0.465722352266
            pop: 0.0316737294197
            raphiphop: 0.13464486599
            rock: 0.0131882457063
        probability: 0.465722352266
        value: "jazz"
    genre_electronica:
        all:
            ambient: 0.178628191352
            dnb: 0.023059759289
            house: 0.663099050522
            techno: 0.0988740175962
            trance: 0.0363389775157
        probability: 0.663099050522
        value: "house"
    genre_rosamerica:
        all:
            cla: 0.0293635223061
            dan: 0.455440789461
            hip: 0.153764903545
            jaz: 0.158959910274
            pop: 0.0254147723317
            rhy: 0.12459871918
            roc: 0.0365975983441
            spe: 0.0158597938716
        probability: 0.455440789461
        value: "dan"
    genre_tzanetakis:
        all:
            blu: 0.0617006123066
            cla: 0.0394277051091
            cou: 0.0404907390475
            dis: 0.0518795773387
            hip: 0.162939488888
            jaz: 0.0822028964758
            met: 0.0245929900557
            pop: 0.20238648355
            reg: 0.224207177758
            roc: 0.110172316432
        probability: 0.224207177758
        value: "reg"
    live_studio:
        all:
            live: 0.0751795172691
            studio: 0.924820482731
        probability: 0.924820482731
        value: "studio"
    mood:
        all:
            Cluster1: 0.321056455374
            Cluster2: 0.0886153429747
            Cluster3: 0.412808865309
            Cluster4: 0.0617582276464
            Cluster5: 0.115761116147
        probability: 0.412808865309
        value: "Cluster3"
    mood_acoustic:
        all:
            acoustic: 0.117108918726
            not_acoustic: 0.882891058922
        probability: 0.882891058922
        value: "not_acoustic"
    mood_aggressive:
        all:
            aggressive: 0.0725940465927
            not_aggressive: 0.927405953407
        probability: 0.927405953407
        value: "not_aggressive"
    mood_electronic:
        all:
            electronic: 0.940509200096
            not_electronic: 0.0594908259809
        probability: 0.940509200096
        value: "electronic"
    mood_happy:
        all:
            happy: 0.0174432974309
            not_happy: 0.982556700706
        probability: 0.982556700706
        value: "not_happy"
    mood_party:
        all:
            not_party: 0.870524168015
            party: 0.129475831985
        probability: 0.870524168015
        value: "not_party"
    mood_relaxed:
        all:
            not_relaxed: 0.0300068370998
            relaxed: 0.969993174076
        probability: 0.969993174076
        value: "relaxed"
    mood_sad:
        all:
            not_sad: 0.148560941219
            sad: 0.851439058781
        probability: 0.851439058781
        value: "sad"
    rhythm:
        all:
            fast: 0.834738016129
            medium: 0.160299673676
            slow: 0.00496233208105
        probability: 0.834738016129
        value: "fast"
    speech_music:
        all:
            music: 0.999621510506
            speech: 0.000378487224225
        probability: 0.999621510506
        value: "music"
    timbre:
        all:
            bright: 0.391545832157
            dark: 0.608454167843
        probability: 0.608454167843
        value: "dark"
    voice_instrumental:
        all:
            instrumental: 0.999981105328
            voice: 1.89203146874e-05
        probability: 0.999981105328
        value: "instrumental"

lowlevel:
    average_loudness: 0.979069411755
    barkbands_kurtosis:
        dmean: 5.44989776611
        dmean2: 8.1003446579
        dvar: 152.545684814
        dvar2: 283.687103271
        max: 198.849243164
        mean: 8.67119121552
        min: -1.73439574242
        var: 286.850341797
    barkbands_skewness:
        dmean: 0.705436766148
        dmean2: 1.07596445084
        dvar: 0.804496705532
        dvar2: 1.46533858776
        max: 11.8349246979
        mean: 2.01570558548
        min: -2.19349932671
        var: 2.39087295532
    barkbands_spread:
        dmean: 4.41130018234
        dmean2: 6.94167900085
        dvar: 50.8882751465
        dvar2: 100.118278503
        max: 69.7711791992
        mean: 12.0132665634
        min: 0.611746907234
        var: 124.708328247
    dissonance:
        dmean: 0.0454887896776
        dmean2: 0.0786170214415
        dvar: 0.00199570064433
        dvar2: 0.00498436158523
        max: 0.499983817339
        mean: 0.41074693203
        min: 0.20060941577
        var: 0.00291112810373
    hfc:
        dmean: 0.757916867733
        dmean2: 1.19687902927
        dvar: 1.44331729412
        dvar2: 3.77960348129
        max: 7.05842399597
        mean: 0.787649691105
        min: 0.00444159656763
        var: 1.31515944004
    pitch:
        dmean: 281.617401123
        dmean2: 545.414916992
        dvar: 682782.5
        dvar2: 1788553.5
        max: 4410
        mean: 401.167541504
        min: 45.4170951843
        var: 638077.375
    pitch_instantaneous_confidence:
        dmean: 0.122127428651
        dmean2: 0.204378858209
        dvar: 0.0164034683257
        dvar2: 0.0341726914048
        max: 0.852456092834
        mean: 0.496987074614
        min: 0.171512246132
        var: 0.030273411423
    pitch_salience:
        dmean: 0.0926306024194
        dmean2: 0.158376276493
        dvar: 0.0105184232816
        dvar2: 0.0232182107866
        max: 0.864158511162
        mean: 0.570058107376
        min: 0.074208907783
        var: 0.0189449638128
    silence_rate_20dB:
        dmean: 0
        dmean2: 0
        dvar: 0
        dvar2: 0
        max: 1
        mean: 1
        min: 1
        var: 0
    silence_rate_30dB:
        dmean: 0
        dmean2: 0
        dvar: 0
        dvar2: 0
        max: 1
        mean: 1
        min: 1
        var: 0
    silence_rate_60dB:
        dmean: 0.186915889382
        dmean2: 0.374707251787
        dvar: 0.151978805661
        dvar2: 0.27177169919
        max: 1
        mean: 0.785547792912
        min: 0
        var: 0.168462559581
    spectral_centroid:
        dmean: 161.261108398
        dmean2: 260.192382812
        dvar: 145971.640625
        dvar2: 272501.4375
        max: 4167.65869141
        mean: 506.643218994
        min: 59.9797744751
        var: 342571.0625
    spectral_complexity:
        dmean: 1.93442618847
        dmean2: 2.84272289276
        dvar: 3.47111582756
        dvar2: 6.15131664276
        max: 11
        mean: 3.5397195816
        min: 0
        var: 7.1876783371
    spectral_crest:
        dmean: 2.86321806908
        dmean2: 4.88438987732
        dvar: 9.87044048309
        dvar2: 22.7964668274
        max: 25.0293083191
        mean: 11.73969841
        min: 3.80007100105
        var: 20.5277767181
    spectral_decrease:
        dmean: 5.54509327344e-10
        dmean2: 8.40389313694e-10
        dvar: 6.68815023123e-19
        dvar2: 1.6185351022e-18
        max: -8.77241638705e-13
        mean: -5.93414206662e-10
        min: -5.36056488087e-09
        var: 7.23754394855e-19
    spectral_energy:
        dmean: 0.0021571663674
        dmean2: 0.00327084003948
        dvar: 1.00949600892e-05
        dvar2: 2.44256643782e-05
        max: 0.0206020027399
        mean: 0.00231112423353
        min: 4.34763978774e-06
        var: 1.0924885828e-05
    spectral_energyband_high:
        dmean: 2.31720496231e-05
        dmean2: 4.36738664575e-05
        dvar: 5.07396835658e-09
        dvar2: 1.47209959778e-08
        max: 0.000366023159586
        mean: 1.68890765053e-05
        min: 1.64044475781e-08
        var: 2.79711387385e-09
    spectral_energyband_low:
        dmean: 0.000661335827317
        dmean2: 0.00109955586959
        dvar: 2.06495906241e-06
        dvar2: 5.7289794313e-06
        max: 0.0128568913788
        mean: 0.000615954457317
        min: 4.10315381671e-09
        var: 1.59491958129e-06
    spectral_energyband_middle_high:
        dmean: 0.000104856000689
        dmean2: 0.000163826756761
        dvar: 2.58559644806e-08
        dvar2: 6.54733227634e-08
        max: 0.000994388945401
        mean: 0.000110545064672
        min: 6.33541105799e-07
        var: 2.6966754163e-08
    spectral_energyband_middle_low:
        dmean: 0.00168218801264
        dmean2: 0.00272860331461
        dvar: 8.04727096693e-06
        dvar2: 2.2011474357e-05
        max: 0.0151604982093
        mean: 0.00156764185522
        min: 4.63096512249e-07
        var: 6.38878145764e-06
    spectral_flatness_db:
        dmean: 0.0324015505612
        dmean2: 0.0504710115492
        dvar: 0.00118202459998
        dvar2: 0.00237496918999
        max: 0.428658306599
        mean: 0.217249199748
        min: 0.0546167083085
        var: 0.00440323771909
    spectral_flux:
        dmean: 0.0185596030205
        dmean2: 0.0288770813495
        dvar: 0.000478980859043
        dvar2: 0.000880474224687
        max: 0.129109293222
        mean: 0.0291799400002
        min: 0.00150472100358
        var: 0.000779902271461
    spectral_kurtosis:
        dmean: 7.80503559113
        dmean2: 12.3104009628
        dvar: 143.104537964
        dvar2: 331.678009033
        max: 110.974853516
        mean: 15.844751358
        min: 0.128281831741
        var: 334.25982666
    spectral_rms:
        dmean: 0.000630283146165
        dmean2: 0.000860202184413
        dvar: 4.37649731566e-07
        dvar2: 1.05089100089e-06
        max: 0.00448324810714
        mean: 0.00122931483202
        min: 6.51275695418e-05
        var: 7.43539487758e-07
    spectral_rolloff:
        dmean: 273.778991699
        dmean2: 476.863861084
        dvar: 557023.1875
        dvar2: 1097510.875
        max: 5943.1640625
        mean: 825.607177734
        min: 64.599609375
        var: 1182508.875
    spectral_skewness:
        dmean: 0.723111391068
        dmean2: 1.12603867054
        dvar: 0.81129604578
        dvar2: 1.73210632801
        max: 8.70593452454
        mean: 3.02696704865
        min: 0.633502840996
        var: 2.24804639816
    spectral_spread:
        dmean: 1248169.625
        dmean2: 1807755.125
        dvar: 2.65775061402e+12
        dvar2: 3.76819731661e+12
        max: 29896046
        mean: 5120224.5
        min: 762820.9375
        var: 9.5738134528e+12
    spectral_strongpeak:
        dmean: 0.0913834050298
        dmean2: 0.130502432585
        dvar: 0.0098168971017
        dvar2: 0.0209773983806
        max: 1.07250082493
        mean: 0.147235810757
        min: 0
        var: 0.0218003746122
    zerocrossingrate:
        dmean: 0.01063126605
        dmean2: 0.0128007633612
        dvar: 0.000242219073698
        dvar2: 0.000275601807516
        max: 0.19580078125
        mean: 0.037737980485
        min: 0.00244140625
        var: 0.00122178322636
    barkbands:
        dmean: [3.25776136378e-06, 0.000297860824503, 0.000415693182731, 0.000594413373619, 0.000736650894396, 0.000154757144628, 7.17837683624e-05, 0.000158098715474, 6.66185587761e-05, 3.5432887671e-05, 1.69541199284e-05, 1.21904668049e-05, 7.24584288037e-06, 5.88740840612e-06, 5.78325398237e-06, 5.31550404048e-06, 5.80113055548e-06, 7.48020738683e-06, 1.22328901853e-05, 1.50511905304e-05, 1.10006949399e-05, 3.78354275199e-06, 3.97331831437e-07, 1.94328052316e-07, 2.30542596569e-07, 1.31905828482e-08, 2.35902575252e-10]
        dmean2: [4.22482980866e-06, 0.000467627949547, 0.00074727361789, 0.000988246989436, 0.00131217262242, 0.000234901177464, 0.000108373096737, 0.000226812422625, 9.92737768684e-05, 5.19759487361e-05, 2.56821294897e-05, 1.90302798728e-05, 1.11564049803e-05, 8.96260371519e-06, 8.65343463374e-06, 8.4428329501e-06, 9.6335525086e-06, 1.37665037983e-05, 2.31082267419e-05, 2.86602717097e-05, 2.13988932956e-05, 6.84594351696e-06, 6.74274758694e-07, 2.77918189795e-07, 3.05388169863e-07, 1.77940826518e-08, 4.32536728656e-10]
        dvar: [3.2474432865e-11, 3.08046480768e-07, 1.28428655444e-06, 1.58765806191e-06, 2.66123288384e-06, 4.33362821184e-08, 9.0663565544e-09, 1.22336928143e-07, 1.00245758361e-08, 5.19458920323e-09, 7.67431396209e-10, 2.44512993186e-10, 1.70578565162e-10, 1.7337471736e-10, 9.30905144636e-11, 6.19568285565e-11, 1.58975999032e-10, 4.07860745177e-10, 1.41894540562e-09, 2.21232476783e-09, 1.32716548862e-09, 9.49427550467e-11, 6.38606409507e-13, 1.10953760556e-13, 2.10398023873e-13, 7.75223029233e-16, 3.63935233131e-18]
        dvar2: [8.52234047222e-11, 8.11338566109e-07, 3.66406538888e-06, 4.2717647375e-06, 7.53682434151e-06, 1.07077902101e-07, 2.13962341178e-08, 2.48377688195e-07, 2.41483242291e-08, 1.16098446412e-08, 1.79026027336e-09, 6.01822480739e-10, 3.82982257019e-10, 3.49666795518e-10, 2.16256984542e-10, 1.62119762059e-10, 3.94610621957e-10, 1.17112253228e-09, 4.14490974876e-09, 6.44331255018e-09, 3.87007359492e-09, 2.6707508427e-10, 1.74195564657e-12, 2.42786178531e-13, 4.33917116648e-13, 1.68808806536e-15, 7.26172181747e-18]
        max: [4.79972732137e-05, 0.00371573679149, 0.00952791515738, 0.00807605683804, 0.00875223614275, 0.00149944261648, 0.000755870423745, 0.00358208105899, 0.000854210811667, 0.000754953362048, 0.000184754433576, 9.21750324778e-05, 0.000106810759462, 0.00012294021144, 6.34510215605e-05, 8.67837807164e-05, 9.63513011811e-05, 0.000124764017528, 0.000215473934077, 0.00026959637762, 0.00018061704759, 5.26679577888e-05, 6.44191686661e-06, 2.3139791665e-06, 3.70076122636e-06, 2.24910962743e-07, 3.93065135995e-08]
        mean: [4.80082644572e-06, 0.000320269959047, 0.000290979340207, 0.00048511067871, 0.000568017712794, 0.000157291084179, 7.81789785833e-05, 0.000197482862859, 6.98325093254e-05, 3.9754788304e-05, 1.83819774975e-05, 1.28919973577e-05, 7.74828549766e-06, 6.69146993459e-06, 6.12736585026e-06, 6.62268212182e-06, 5.86951273363e-06, 5.50994855075e-06, 8.18532589619e-06, 9.99350231723e-06, 6.55065332467e-06, 3.6952596929e-06, 4.28974004762e-07, 2.66844978114e-07, 4.20270396262e-07, 2.24566605311e-08, 3.2504024472e-10]
        min: [1.88003692475e-11, 6.82161938048e-10, 1.60692836815e-09, 6.63642083509e-08, 5.80240993031e-08, 3.12302148586e-08, 1.20541976401e-08, 1.05885149537e-08, 4.78725858954e-08, 4.01446298426e-09, 1.74219416671e-09, 1.07627045054e-08, 3.50174500507e-10, 1.88156104031e-08, 7.54863282992e-09, 4.37342650983e-09, 9.41107902719e-09, 1.02284971604e-08, 1.19073400029e-08, 1.04505470944e-08, 5.49084111512e-09, 2.60766364057e-09, 1.3680235833e-09, 8.39826541643e-10, 6.0858862394e-10, 2.61781932936e-11, 7.68977505912e-15]
        var: [5.69164750053e-11, 3.28775200842e-07, 7.6068818089e-07, 1.18760976875e-06, 1.71254703218e-06, 5.09112574321e-08, 1.13752056663e-08, 1.86861996099e-07, 1.18702017105e-08, 6.629768734e-09, 9.56516643669e-10, 2.72130623591e-10, 1.9901208459e-10, 2.37430020089e-10, 1.15342208007e-10, 7.41833330875e-11, 1.62966709571e-10, 2.4031160395e-10, 7.70856989352e-10, 1.18883836109e-09, 7.05262348522e-10, 6.32482607954e-11, 4.82694505026e-13, 1.61154997767e-13, 4.57343147728e-13, 1.50730561167e-15, 7.20286543535e-18]
    mfcc:
        mean: [-867.113891602, 169.694290161, 6.01067209244, 33.6978416443, -10.6558332443, 0.270543128252, -2.12631344795, -2.53196072578, 4.41499900818, -2.56372213364, -3.32752585411, -4.91883897781, 4.43183469772]
        cov: [[5946.43896484, -257.11114502, -338.100067139, 145.638534546, -135.288635254, -127.525611877, -118.741401672, -165.00793457, -155.990753174, -267.110321045, -131.727294922, -233.087493896, -83.0838088989], [-257.11114502, 3057.39697266, -298.762542725, -359.97644043, 71.3268280029, -70.1144943237, -20.865655899, 9.53612995148, -22.8625545502, 116.703125, 125.568847656, 85.0307388306, -182.328567505], [-338.100067139, -298.762542725, 761.524230957, 15.8610477448, -2.81446790695, 178.489578247, 77.7779922485, 115.594932556, 187.761886597, 159.715194702, 116.440727234, 81.341468811, 141.955886841], [145.638534546, -359.97644043, 15.8610477448, 307.816314697, 5.2244887352, 41.8151435852, 51.957862854, 19.466255188, 25.2966003418, -0.0859577953815, 17.7407588959, 29.2389583588, 22.3838310242], [-135.288635254, 71.3268280029, -2.81446790695, 5.2244887352, 180.656448364, 43.1420783997, 32.7407646179, 83.0615386963, 68.1090087891, 21.2622032166, 40.5138168335, 29.1638641357, 77.7401046753], [-127.525611877, -70.1144943237, 178.489578247, 41.8151435852, 43.1420783997, 122.900276184, 61.0697135925, 55.865020752, 59.6202888489, 30.1287670135, 24.0146255493, 21.2595710754, 45.7054519653], [-118.741401672, -20.865655899, 77.7779922485, 51.957862854, 32.7407646179, 61.0697135925, 73.8443145752, 40.5053291321, 38.4699211121, 17.7207927704, 13.9655857086, 21.0786037445, 30.3847103119], [-165.00793457, 9.53612995148, 115.594932556, 19.466255188, 83.0615386963, 55.865020752, 40.5053291321, 104.194915771, 83.760559082, 42.6569328308, 48.841999054, 37.2792320251, 75.4447937012], [-155.990753174, -22.8625545502, 187.761886597, 25.2966003418, 68.1090087891, 59.6202888489, 38.4699211121, 83.760559082, 124.569297791, 68.66771698, 68.6445388794, 57.3556671143, 89.9608383179], [-267.110321045, 116.703125, 159.715194702, -0.0859577953815, 21.2622032166, 30.1287670135, 17.7207927704, 42.6569328308, 68.66771698, 109.638824463, 80.9311523438, 63.7395591736, 37.982925415], [-131.727294922, 125.568847656, 116.440727234, 17.7407588959, 40.5138168335, 24.0146255493, 13.9655857086, 48.841999054, 68.6445388794, 80.9311523438, 103.10509491, 60.0098304749, 45.1018753052], [-233.087493896, 85.0307388306, 81.341468811, 29.2389583588, 29.1638641357, 21.2595710754, 21.0786037445, 37.2792320251, 57.3556671143, 63.7395591736, 60.0098304749, 83.9243545532, 44.4658088684], [-83.0838088989, -182.328567505, 141.955886841, 22.3838310242, 77.7401046753, 45.7054519653, 30.3847103119, 75.4447937012, 89.9608383179, 37.982925415, 45.1018753052, 44.4658088684, 143.280105591]]
        icov: [[0.000220512723899, -5.50596814719e-05, -3.16976984323e-05, -0.000242329857429, 0.000102613186755, 4.71202838526e-05, 0.000264170434093, 0.00029352447018, -0.000228183300351, 0.000573559722397, -0.000371381407604, 0.000657464959659, -0.000250132754445], [-5.50596814719e-05, 0.000623525469564, 0.000429558509495, 0.000922884733882, -0.000153571629198, -0.00015293994511, -0.00061479076976, -0.000414589856518, -5.63183675695e-05, -0.000410292675951, -0.000822554284241, -0.000865846173838, 0.00134431419428], [-3.16976984323e-05, 0.000429558509495, 0.00452209636569, 0.00115109502804, 0.00335912685841, -0.00483952695504, 0.000197055240278, -0.000221770140342, -0.00361963757314, -0.00400888361037, -0.000776642002165, 0.00152551452629, -0.0012292675674], [-0.000242329857429, 0.000922884733882, 0.00115109502804, 0.00554253300652, 0.000804095354397, -0.001156357117, -0.00380520755425, -0.000303682143567, -0.000501702423207, 0.000996737973765, -0.00246178847738, -0.00311556481756, 0.00171957840212], [0.000102613186755, -0.000153571629198, 0.00335912685841, 0.000804095354397, 0.0124010108411, -0.00380105478689, -6.58889621263e-05, -0.0059694214724, -0.00280325417407, 0.000540195440408, -0.00253196642734, 0.00169353256933, -0.00406007329002], [4.71202838526e-05, -0.00015293994511, -0.00483952695504, -0.001156357117, -0.00380105478689, 0.0213778801262, -0.0109275570139, -0.00212818011642, 0.000292219221592, 0.00221161590889, 0.00159768015146, 0.000931753835175, 0.00192720862105], [0.000264170434093, -0.00061479076976, 0.000197055240278, -0.00380520755425, -6.58889621263e-05, -0.0109275570139, 0.0281159635633, -0.00417307391763, -0.000823275884613, -0.00032279183506, 0.00451011536643, -0.00198538857512, -0.000674488605], [0.00029352447018, -0.000414589856518, -0.000221770140342, -0.000303682143567, -0.0059694214724, -0.00212818011642, -0.00417307391763, 0.0297564212233, -0.0110032558441, 0.00107283575926, -0.0029192159418, 0.00311219110154, -0.00437864800915], [-0.000228183300351, -5.63183675695e-05, -0.00361963757314, -0.000501702423207, -0.00280325417407, 0.000292219221592, -0.000823275884613, -0.0110032558441, 0.0328724980354, -0.00344928703271, -0.00309216487221, -0.00520731089637, -0.00627902243286], [0.000573559722397, -0.000410292675951, -0.00400888361037, 0.000996737973765, 0.000540195440408, 0.00221161590889, -0.00032279183506, 0.00107283575926, -0.00344928703271, 0.0339495427907, -0.0159246213734, -0.0093360831961, 0.00320752174594], [-0.000371381407604, -0.000822554284241, -0.000776642002165, -0.00246178847738, -0.00253196642734, 0.00159768015146, 0.00451011536643, -0.0029192159418, -0.00309216487221, -0.0159246213734, 0.0309717115015, -0.0056190318428, -0.000505681091454], [0.000657464959659, -0.000865846173838, 0.00152551452629, -0.00311556481756, 0.00169353256933, 0.000931753835175, -0.00198538857512, 0.00311219110154, -0.00520731089637, -0.0093360831961, -0.0056190318428, 0.0304200258106, -0.00610644789413], [-0.000250132754445, 0.00134431419428, -0.0012292675674, 0.00171957840212, -0.00406007329002, 0.00192720862105, -0.000674488605, -0.00437864800915, -0.00627902243286, 0.00320752174594, -0.000505681091454, -0.00610644789413, 0.0186773538589]]
    spectral_contrast:
        mean: [3.69290063418e-07, -3.38601040539e-07, -1.60883800504e-07, 5.64485901577e-07, 3.26815893459e-07, -2.52066371331e-07, -7.27963481495e-07, -5.07266167915e-06, -4.08876712754e-06, 4.34549883721e-06, -2.30048863159e-06, 1.74051137947e-06]
        var: [0.000282880791929, 0.000528438191395, 0.00145595218055, 0.00223429268226, 0.00361840636469, 0.0136482939124, 0.0513835474849, 0.142928704619, 0.240699052811, 0.439865857363, 1.43056368828, 3.7826795578]

rhythm:
    beats_loudness:
        dmean: 0.00368196517229
        dmean2: 0.00708382716402
        dvar: 9.11777533474e-06
        dvar2: 2.32346083067e-05
        max: 0.0162933412939
        mean: 0.00760274101049
        min: 0.000888835580554
        var: 1.385718042e-05
    beats_loudness_bass:
        dmean: 0.22646638751
        dmean2: 0.396952301264
        dvar: 0.0252420455217
        dvar2: 0.0675360411406
        max: 0.965755820274
        mean: 0.761138856411
        min: 0.0189690291882
        var: 0.0499935857952
    bpm: 135.820877075
    bpm_confidence: 0
    first_peak_bpm: 136
    first_peak_spread: 0
    first_peak_weight: 0.952380955219
    onset_rate: 6.95106887817
    second_peak_bpm: 127
    second_peak_spread: 0
    second_peak_weight: 0.047619048506
    beats_position: [0.255537569523, 0.697130322456, 1.13872301579, 1.58031582832, 2.02190852165, 2.4635014534, 2.90509414673, 3.34668684006, 3.78827929497, 4.22987222672, 4.67146444321, 5.11305713654, 5.55464982986, 6.02831268311, 6.47022008896, 6.91212844849, 7.35403680801, 7.79594516754, 8.23785305023, 8.6797618866, 9.12166976929, 9.56357860565]
    bpm_estimates: [135.960571289, 135.838302612, 136.052703857, 135.660964966, 136.021408081, 135.844696045, 135.819061279, 135.814239502, 135.835067749, 135.779052734, 135.681945801, 135.826004028, 135.522201538, 135.965484619, 136.088104248, 135.700759888, 135.654129028, 135.660140991, 135.871841431]
    bpm_intervals: [0.441592752934, 0.441592693329, 0.441592812538, 0.441592693329, 0.441592931747, 0.441592693329, 0.441592693329, 0.44159245491, 0.441592931747, 0.441592216492, 0.441592693329, 0.441592693329, 0.473662853241, 0.441907405853, 0.441908359528, 0.441908359528, 0.441908359528, 0.44190788269, 0.441908836365, 0.44190788269, 0.441908836365]
    onset_times: [0.0464399084449, 0.162539675832, 0.243809521198, 0.476009070873, 0.696598649025, 0.917188227177, 1.05650794506, 1.13777780533, 1.26548755169, 1.369977355, 1.50929701328, 1.57895696163, 1.81115651131, 1.95047616959, 2.03174614906, 2.2523355484, 2.47292518616, 2.69351482391, 2.83283448219, 2.91410422325, 3.04181408882, 3.14630389214, 3.35528349876, 3.58748292923, 3.80807256699, 3.94739222527, 4.02866220474, 4.2492518425, 4.46984148026, 4.60916090012, 4.69043064117, 4.81814050674, 4.93424034119, 5.13160991669, 5.27092981339, 5.38702964783, 5.49151945114, 5.58439922333, 5.72371864319, 5.80498886108, 5.95591831207, 6.025578022, 6.24616765976, 6.38548755646, 6.46675729752, 6.59446716309, 6.71056699753, 6.8382768631, 6.91954660416, 7.05886602402, 7.1517457962, 7.26784563065, 7.36072540283, 7.4884352684, 7.59292507172, 7.80190467834, 8.0224943161, 8.15020370483, 8.37079334259, 8.48689365387, 8.82358264923, 8.92807292938, 9.04417228699, 9.16027164459, 9.27637195587, 9.36925125122, 9.49696159363, 9.6014509201, 9.81043052673]
    rubato_start: []
    rubato_stop: []
    perceptual_tempo: "unknown"

sfx:
    inharmonicity:
        dmean: 0.0197867359966
        dmean2: 0.0358880870044
        dvar: 0.00151345040649
        dvar2: 0.00426313187927
        max: 0.418964743614
        mean: 0.0166172832251
        min: 5.55197948415e-06
        var: 0.00119298917707
    oddtoevenharmonicenergyratio:
        dmean: 1.79318320751
        dmean2: 3.47607564926
        dvar: 71.9748764038
        dvar2: 212.474746704
        max: 85.2620391846
        mean: 1.1732237339
        min: 7.01459975971e-06
        var: 37.6244239807
    pitch_after_max_to_before_max_energy_ratio: 8.06015110016
    pitch_centroid: 206.361099243
    pitch_max_to_total: 0.156542062759
    pitch_min_to_total: 0.57009345293
    tristimulus:
        dmean: [0.194172039628, 0.185093030334, 0.0421127602458]
        dmean2: [0.34545686841, 0.325925797224, 0.0740133970976]
        dvar: [0.0452970005572, 0.0406378805637, 0.00667143194005]
        dvar2: [0.108998000622, 0.103283271194, 0.0174316056073]
        max: [0.992853581905, 0.96240735054, 0.663261294365]
        mean: [0.544550001621, 0.400463968515, 0.0448989719152]
        min: [0.0285210870206, 0, 0]
        var: [0.0511885210872, 0.0433044657111, 0.00698184175417]

tonal:
    chords_changes_rate: 0.0325581394136
    chords_number_rate: 0.00930232554674
    chords_strength:
        dmean: 0.0130588607863
        dmean2: 0.0128092831001
        dvar: 8.31555444165e-05
        dvar2: 9.98679315671e-05
        max: 0.627677261829
        mean: 0.43636649847
        min: 0.30070194602
        var: 0.00354435970075
    key_strength: 0.666740894318
    tuning_diatonic_strength: 0.440754115582
    tuning_equal_tempered_deviation: 0.0607941970229
    tuning_frequency: 439.491973877
    tuning_nontempered_energy_ratio: 0.680407822132
    hpcp:
        dmean: [0.232712954283, 0.198814034462, 0.146339282393, 0.079900637269, 0.0543117336929, 0.0594763830304, 0.0714120045304, 0.0782463401556, 0.135252743959, 0.164530232549, 0.115549094975, 0.0674123466015, 0.0677409768105, 0.0719684734941, 0.113707318902, 0.16596890986, 0.16115245223, 0.115299716592, 0.10289067775, 0.118893653154, 0.23484057188, 0.27960473299, 0.183136254549, 0.0968242511153, 0.0667975395918, 0.0515916533768, 0.040322240442, 0.048307955265, 0.0466637685895, 0.0469490028918, 0.0679530277848, 0.107095681131, 0.18511390686, 0.186007007957, 0.142613977194, 0.186022594571]
        dmean2: [0.418027192354, 0.346725106239, 0.284137815237, 0.155353873968, 0.105592608452, 0.10844245553, 0.128690198064, 0.143839552999, 0.230608731508, 0.291804611683, 0.199699252844, 0.120391659439, 0.112058646977, 0.127648830414, 0.196068838239, 0.280369102955, 0.273290872574, 0.203931510448, 0.191163435578, 0.222213715315, 0.400796085596, 0.484280377626, 0.303313106298, 0.186656177044, 0.130675524473, 0.0999543443322, 0.0740354955196, 0.0842879191041, 0.0840903967619, 0.0852132290602, 0.123938888311, 0.201227918267, 0.359681427479, 0.354714035988, 0.264892965555, 0.320861697197]
        dvar: [0.110473416746, 0.0745463445783, 0.0683648735285, 0.0290497709066, 0.023134553805, 0.0122906984761, 0.0192106906325, 0.0192145630717, 0.0443318262696, 0.084603138268, 0.0400314591825, 0.0140258064494, 0.0117713091895, 0.0184491109103, 0.0273815207183, 0.0653106719255, 0.0532650724053, 0.0329128615558, 0.0470797233284, 0.0336775407195, 0.0674297660589, 0.0942798852921, 0.0552090257406, 0.0404551289976, 0.032099287957, 0.0203456003219, 0.0133120501414, 0.0148140778765, 0.0177726484835, 0.0103197162971, 0.0189869515598, 0.0345795825124, 0.0893626436591, 0.0836210250854, 0.0524745136499, 0.0585895255208]
        dvar2: [0.194798320532, 0.176188185811, 0.196096837521, 0.0858737081289, 0.0676538869739, 0.0319181755185, 0.0458133146167, 0.0501381270587, 0.101357065141, 0.145548209548, 0.0969485044479, 0.0378210172057, 0.0251417979598, 0.0425240732729, 0.0690440908074, 0.108548529446, 0.104129113257, 0.084925994277, 0.134563326836, 0.0962716117501, 0.165275588632, 0.153402671218, 0.131198331714, 0.115631222725, 0.0940475016832, 0.0588851049542, 0.037794817239, 0.0385948717594, 0.043644182384, 0.0241075530648, 0.0485195480287, 0.0894481241703, 0.239554196596, 0.229918971658, 0.139844164252, 0.139863029122]
        max: [1, 1, 1, 0.811694264412, 1, 0.733549237251, 1, 1, 1, 1, 1, 1, 0.922009587288, 1, 1, 1, 1, 1, 1, 1, 1, 1, 1, 1, 1, 1, 0.977083325386, 1, 1, 0.647096395493, 1, 0.999847352505, 1, 1, 1, 1]
        mean: [0.25596383214, 0.181192234159, 0.087064512074, 0.0471500791609, 0.0319175720215, 0.0529164299369, 0.0799002200365, 0.0725506171584, 0.129072383046, 0.186124905944, 0.109958603978, 0.0583527125418, 0.0694139823318, 0.0624346658587, 0.134286120534, 0.301658570766, 0.268699914217, 0.108059771359, 0.0725330263376, 0.0827885121107, 0.227688595653, 0.337867945433, 0.192440524697, 0.0559985861182, 0.037389062345, 0.0299225654453, 0.0320675559342, 0.0428091287613, 0.0371982418001, 0.0380125008523, 0.0550099313259, 0.0773008242249, 0.125691771507, 0.126753464341, 0.0973509773612, 0.18175342679]
        min: [0.00103079376277, 0.000596548896283, 4.11390792578e-05, 3.21046973113e-05, 2.97961651086e-05, 0.000130532178446, 0.000241585439653, 0.000653208000585, 0.000385102961445, 0.000137193375849, 7.83940486144e-05, 0.000391499575926, 6.53641327517e-05, 0.000102910038549, 0.000168696278706, 0.000115788803669, 7.51876650611e-05, 4.90406528115e-05, 3.5008724808e-05, 3.38557074429e-05, 0.000534712453373, 0.00119403505232, 0.000453192129498, 1.15950333566e-05, 0.000124450700241, 0.000112830995931, 0, 5.9898931795e-05, 0.000160126000992, 8.84101391421e-05, 0.000103950158518, 8.49593998282e-05, 2.6634963433e-05, 0.000153531233082, 0.000350777409039, 0.00126740301494]
        var: [0.128148540854, 0.0746706649661, 0.0450334362686, 0.0169412251562, 0.0125719979405, 0.00991720333695, 0.0183784216642, 0.0150862336159, 0.0457420870662, 0.108263418078, 0.0410591997206, 0.0106963608414, 0.0138324480504, 0.0181549601257, 0.0339143723249, 0.157127812505, 0.130156964064, 0.0343268066645, 0.0291346963495, 0.023921770975, 0.0759781971574, 0.134453773499, 0.0579970218241, 0.0235433802009, 0.0174333751202, 0.011483348906, 0.00800127442926, 0.0109344981611, 0.0122990887612, 0.00825943797827, 0.0140158832073, 0.0259367283434, 0.0620774105191, 0.0600487813354, 0.0396276190877, 0.065837033093]
    chords_histogram: [92.5581359863, 0, 0, 0, 0, 0, 0, 7.44186067581, 0, 0, 0, 0, 0, 0, 0, 0, 0, 0, 0, 0, 0, 0, 0, 0]
    thpcp: [1, 0.569573163986, 0.165741041303, 0.110661759973, 0.0885628983378, 0.0949115082622, 0.126703724265, 0.110096983612, 0.112506978214, 0.162814885378, 0.228790044785, 0.37201449275, 0.37515681982, 0.288133203983, 0.537942230701, 0.757585406303, 0.536281228065, 0.257687985897, 0.13955180347, 0.0944675952196, 0.156618669629, 0.236483573914, 0.21473069489, 0.382020205259, 0.550880610943, 0.325448453426, 0.172708630562, 0.205447077751, 0.184790149331, 0.397451490164, 0.89282977581, 0.795280873775, 0.319828420877, 0.214678630233, 0.245032161474, 0.673898160458]
    chords_key: "A"
    chords_scale: "minor"
    key_key: "A"
    key_scale: "minor"
    chords_progression: ["A", "A", "A", "A", "Am", "Am", "A", "Am", "Am", "Am", "Am", "Am", "Am", "Am", "Am", "Am", "Am", "Am", "Am", "Am", "Am", "Am", "Am", "Am", "Am", "Am", "Am", "Am", "Am", "Am", "Am", "Am", "Am", "Am", "Am", "Am", "Am", "Am", "Am", "Am", "Am", "Am", "Am", "Am", "Am", "Am", "Am", "Am", "Am", "Am", "Am", "Am", "Am", "Am", "Am", "Am", "Am", "Am", "Am", "Am", "Am", "Am", "Am", "Am", "Am", "Am", "Am", "Am", "Am", "Am", "Am", "Am", "Am", "Am", "Am", "Am", "Am", "Am", "Am", "Am", "Am", "Am", "Am", "Am", "Am", "Am", "Am", "Am", "Am", "Am", "Am", "Am", "Am", "Am", "Am", "Am", "Am", "Am", "Am", "Am", "Am", "Am", "Am", "Am", "Am", "Am", "Am", "Am", "Am", "Am", "Am", "Am", "Am", "Am", "Am", "Am", "Am", "Am", "Am", "Am", "Am", "Am", "Am", "Am", "Am", "Am", "Am", "Am", "Am", "Am", "Am", "Am", "Am", "Am", "Am", "Am", "Am", "Am", "Am", "Am", "Am", "Am", "Am", "A", "A", "A", "A", "A", "A", "A", "A", "Am", "A", "A", "A", "Am", "Am", "Am", "Am", "Am", "Am", "Am", "Am", "Am", "Am", "Am", "Am", "Am", "Am", "Am", "Am", "Am", "Am", "Am", "Am", "Am", "Am", "Am", "Am", "Am", "Am", "Am", "Am", "Am", "Am", "Am", "Am", "Am", "Am", "Am", "Am", "Am", "Am", "Am", "Am", "Am", "Am", "Am", "Am", "Am", "Am", "Am", "Am", "Am", "Am", "Am", "Am", "Am", "Am", "Am", "Am", "Am", "Am", "Am", "Am"]
