
metadata:
    version:
        essentia: "1.2.2"
    audio_properties:
        analysis_sample_rate: 44100
        bitrate: 128
        channels: 2
        equal_loudness: 1
        length: 10.0310201645
        replay_gain: -13.3259944916
        downmix: "mix"
    tags:
        track: 13
        year: 0
        album: "Splitted by Mp3Splt v. 2.1"
        artist: "From 002.00 To 002.10"
        comment: "http://mp3splt.sf.net"
        genre: ""
        title: "11 color bars.mp3"

highlevel:
    ballroom:
        all:
            ChaChaCha: 0.0189872458577
            Jive: 0.0233139880002
            Quickstep: 0.163338512182
            Rumba-American: 0.0434856489301
            Rumba-International: 0.187578365207
            Rumba-Misc: 0.0809682011604
            Samba: 0.0327273905277
            Tango: 0.0389362052083
            VienneseWaltz: 0.18449780345
            Waltz: 0.226166650653
        probability: 0.226166650653
        value: "Waltz"
    culture:
        all:
            non_western: 0.00296057201922
            western: 0.997039437294
        probability: 0.997039437294
        value: "western"
    gender:
        all:
            female: 0.728759050369
            male: 0.271240979433
        probability: 0.728759050369
        value: "female"
    genre_dortmund:
        all:
            alternative: 0.0277238599956
            blues: 0.013806249015
            electronic: 0.00625313678756
            folkcountry: 0.550627112389
            funksoulrnb: 0.0204591844231
            jazz: 0.137617394328
            pop: 0.164917930961
            raphiphop: 0.00333290919662
            rock: 0.0752622261643
        probability: 0.550627112389
        value: "folkcountry"
    genre_electronica:
        all:
            ambient: 0.903013944626
            dnb: 0.04112463817
            house: 0.0160556230694
            techno: 0.00234276405536
            trance: 0.0374630354345
        probability: 0.903013944626
        value: "ambient"
    genre_rosamerica:
        all:
            cla: 0.0870148986578
            dan: 0.0175700895488
            hip: 0.00674785068259
            jaz: 0.442956089973
            pop: 0.170312449336
            rhy: 0.245119929314
            roc: 0.0203499179333
            spe: 0.00992875639349
        probability: 0.442956089973
        value: "jaz"
    genre_tzanetakis:
        all:
            blu: 0.0102886417881
            cla: 0.0305147822946
            cou: 0.15964192152
            dis: 0.0206878948957
            hip: 0.00307404622436
            jaz: 0.476432085037
            met: 0.00166292442009
            pop: 0.229525446892
            reg: 0.0403019152582
            roc: 0.0278703551739
        probability: 0.476432085037
        value: "jaz"
    live_studio:
        all:
            live: 0.0330300442874
            studio: 0.966969966888
        probability: 0.966969966888
        value: "studio"
    mood:
        all:
            Cluster1: 0.0578287504613
            Cluster2: 0.263894617558
            Cluster3: 0.487863302231
            Cluster4: 0.132170051336
            Cluster5: 0.0582432821393
        probability: 0.487863302231
        value: "Cluster3"
    mood_acoustic:
        all:
            acoustic: 0.976076722145
            not_acoustic: 0.0239232536405
        probability: 0.976076722145
        value: "acoustic"
    mood_aggressive:
        all:
            aggressive: 0.00932167097926
            not_aggressive: 0.990678310394
        probability: 0.990678310394
        value: "not_aggressive"
    mood_electronic:
        all:
            electronic: 0.0179592892528
            not_electronic: 0.982040703297
        probability: 0.982040703297
        value: "not_electronic"
    mood_happy:
        all:
            happy: 0.478522598743
            not_happy: 0.521477401257
        probability: 0.521477401257
        value: "not_happy"
    mood_party:
        all:
            not_party: 0.913073182106
            party: 0.0869267955422
        probability: 0.913073182106
        value: "not_party"
    mood_relaxed:
        all:
            not_relaxed: 0.0654734745622
            relaxed: 0.934526503086
        probability: 0.934526503086
        value: "relaxed"
    mood_sad:
        all:
            not_sad: 0.144356176257
            sad: 0.855643808842
        probability: 0.855643808842
        value: "sad"
    rhythm:
        all:
            fast: 0.853888630867
            medium: 0.100539728999
            slow: 0.0455716662109
        probability: 0.853888630867
        value: "fast"
    speech_music:
        all:
            music: 0.994139373302
            speech: 0.00586064253002
        probability: 0.994139373302
        value: "music"
    timbre:
        all:
            bright: 0.566524803638
            dark: 0.433475196362
        probability: 0.566524803638
        value: "bright"
    voice_instrumental:
        all:
            instrumental: 0.00316660711542
            voice: 0.996833384037
        probability: 0.996833384037
        value: "voice"

lowlevel:
    average_loudness: 0.831160306931
    barkbands_kurtosis:
        dmean: 2.31937265396
        dmean2: 3.57733917236
        dvar: 9.69272041321
        dvar2: 21.8394031525
        max: 36.2740936279
        mean: 3.36342477798
        min: -1.76753747463
        var: 23.067232132
    barkbands_skewness:
        dmean: 0.48186609149
        dmean2: 0.72283834219
        dvar: 0.213065624237
        dvar2: 0.449264883995
        max: 5.47921514511
        mean: 1.5127876997
        min: -1.82881939411
        var: 1.02527785301
    barkbands_spread:
        dmean: 3.90520358086
        dmean2: 5.95496606827
        dvar: 23.2100772858
        dvar2: 50.0464439392
        max: 61.8267211914
        mean: 15.4559268951
        min: 2.76519560814
        var: 75.5992126465
    dissonance:
        dmean: 0.0298120193183
        dmean2: 0.0492371097207
        dvar: 0.000697857933119
        dvar2: 0.00187017489225
        max: 0.489763528109
        mean: 0.422695934772
        min: 0.268088698387
        var: 0.00204594712704
    hfc:
        dmean: 0.694521248341
        dmean2: 1.08633327484
        dvar: 0.903504908085
        dvar2: 2.23053598404
        max: 10.832567215
        mean: 3.12732577324
        min: 2.41526254285e-06
        var: 7.42430019379
    pitch:
        dmean: 93.6105041504
        dmean2: 179.946899414
        dvar: 223063.6875
        dvar2: 493176.03125
        max: 5512.5
        mean: 407.598693848
        min: 77.7777786255
        var: 708816.5
    pitch_instantaneous_confidence:
        dmean: 0.0722923651338
        dmean2: 0.111502215266
        dvar: 0.00444556074217
        dvar2: 0.00979361217469
        max: 0.894861578941
        mean: 0.598307073116
        min: 0.138210296631
        var: 0.0243405364454
    pitch_salience:
        dmean: 0.0659164041281
        dmean2: 0.1048027426
        dvar: 0.0034443163313
        dvar2: 0.00738696008921
        max: 0.915914475918
        mean: 0.56159645319
        min: 0.183436334133
        var: 0.0132422642782
    silence_rate_20dB:
        dmean: 0
        dmean2: 0
        dvar: 0
        dvar2: 0
        max: 1
        mean: 1
        min: 1
        var: 0
    silence_rate_30dB:
        dmean: 0
        dmean2: 0
        dvar: 0
        dvar2: 0
        max: 1
        mean: 1
        min: 1
        var: 0
    silence_rate_60dB:
        dmean: 0.0555555559695
        dmean2: 0.111368909478
        dvar: 0.0524689815938
        dvar2: 0.103605717421
        max: 1
        mean: 0.494226336479
        min: 0
        var: 0.249966040254
    spectral_centroid:
        dmean: 134.385009766
        dmean2: 183.999069214
        dvar: 35228.3515625
        dvar2: 45324.265625
        max: 4606.85693359
        mean: 824.182800293
        min: 220.00869751
        var: 323710.125
    spectral_complexity:
        dmean: 1.3132250309
        dmean2: 2.14186048508
        dvar: 1.55617856979
        dvar2: 3.2194070816
        max: 18
        mean: 7.1851849556
        min: 0
        var: 14.8082923889
    spectral_crest:
        dmean: 2.52269887924
        dmean2: 3.9479136467
        dvar: 5.39349365234
        dvar2: 13.5680055618
        max: 24.7196464539
        mean: 10.5630874634
        min: 3.47035479546
        var: 18.8946495056
    spectral_decrease:
        dmean: 2.5475924148e-10
        dmean2: 3.76220832266e-10
        dvar: 1.14339250293e-19
        dvar2: 2.77623346118e-19
        max: -5.23022780837e-16
        mean: -9.67555258136e-10
        min: -3.7384095819e-09
        var: 5.96365840486e-19
    spectral_energy:
        dmean: 0.00101182213984
        dmean2: 0.00150175113231
        dvar: 1.81570078439e-06
        dvar2: 4.39896120952e-06
        max: 0.014933812432
        mean: 0.00393543438986
        min: 2.19307327853e-09
        var: 9.84866619547e-06
    spectral_energyband_high:
        dmean: 2.28750432143e-05
        dmean2: 3.37369128829e-05
        dvar: 1.33875455166e-09
        dvar2: 2.55911669633e-09
        max: 0.000599914288614
        mean: 6.30705108051e-05
        min: 4.30434160537e-11
        var: 6.27340135395e-09
    spectral_energyband_low:
        dmean: 4.47412494395e-05
        dmean2: 6.96700371918e-05
        dvar: 4.86790474596e-09
        dvar2: 1.21783614304e-08
        max: 0.000767059391364
        mean: 9.71459012362e-05
        min: 3.74169223383e-10
        var: 1.77971415383e-08
    spectral_energyband_middle_high:
        dmean: 0.000271781260381
        dmean2: 0.000441836455138
        dvar: 1.91186742882e-07
        dvar2: 5.09016729211e-07
        max: 0.00450030434877
        mean: 0.000935749791097
        min: 9.85129422482e-10
        var: 1.10567339107e-06
    spectral_energyband_middle_low:
        dmean: 0.00098563649226
        dmean2: 0.00145411246922
        dvar: 1.71465660515e-06
        dvar2: 4.02809064326e-06
        max: 0.0137320207432
        mean: 0.00283946958371
        min: 7.16910364407e-10
        var: 6.23657660981e-06
    spectral_flatness_db:
        dmean: 0.0183216258883
        dmean2: 0.0272429697216
        dvar: 0.000282651046291
        dvar2: 0.000629925983958
        max: 0.300122976303
        mean: 0.188647001982
        min: 0.0547928735614
        var: 0.00113908899948
    spectral_flux:
        dmean: 0.00707006780431
        dmean2: 0.0115173002705
        dvar: 6.24267631792e-05
        dvar2: 0.000165250850841
        max: 0.0836857035756
        mean: 0.0261678658426
        min: 4.68302605441e-05
        var: 0.000227602751693
    spectral_kurtosis:
        dmean: 1.44745445251
        dmean2: 2.14697146416
        dvar: 2.95333433151
        dvar2: 6.1624250412
        max: 22.4663352966
        mean: 6.59825944901
        min: -0.46114730835
        var: 10.6255378723
    spectral_rms:
        dmean: 0.000237531741732
        dmean2: 0.000338927668054
        dvar: 6.72807232149e-08
        dvar2: 1.5468590675e-07
        max: 0.00381701090373
        mean: 0.0017841324443
        min: 1.46273157497e-06
        var: 6.56317183712e-07
    spectral_rolloff:
        dmean: 337.436462402
        dmean2: 553.953979492
        dvar: 266318.65625
        dvar2: 547658.0625
        max: 6546.09375
        mean: 1331.36901855
        min: 258.3984375
        var: 1018467.6875
    spectral_skewness:
        dmean: 0.195681601763
        dmean2: 0.272165924311
        dvar: 0.0434545725584
        dvar2: 0.0758582726121
        max: 3.81897616386
        mean: 2.18181943893
        min: 0.155878409743
        var: 0.2717679739
    spectral_spread:
        dmean: 549172
        dmean2: 783036.1875
        dvar: 1.29095591526e+12
        dvar2: 1.41297359258e+12
        max: 23886744
        mean: 5026406.5
        min: 2232862.75
        var: 2.58272631194e+12
    spectral_strongpeak:
        dmean: 0.252332031727
        dmean2: 0.413973063231
        dvar: 0.132960066199
        dvar2: 0.368163704872
        max: 2.97423243523
        mean: 0.651329874992
        min: 0
        var: 0.372508764267
    zerocrossingrate:
        dmean: 0.0069616897963
        dmean2: 0.0078442953527
        dvar: 6.42194645479e-05
        dvar2: 6.13857337157e-05
        max: 0.228515625
        mean: 0.0499606654048
        min: 0.01806640625
        var: 0.000851507473271
    barkbands:
        dmean: [6.37585850782e-09, 1.10921273517e-05, 3.81545141863e-05, 9.21331811696e-05, 0.000321061263094, 0.000210484940908, 0.000282989145489, 0.000140701464261, 0.000421608128818, 3.47984823748e-05, 0.000136885646498, 5.36901789019e-05, 6.1401995481e-05, 6.5719599661e-05, 0.000109477783553, 2.61533532466e-05, 1.78980153578e-05, 2.2955260647e-05, 3.11045914714e-05, 2.14068277273e-05, 9.68565836956e-06, 4.19892103309e-06, 1.27718101339e-06, 5.37255573363e-07, 4.45940315785e-07, 2.62212331847e-08, 5.99140848045e-10]
        dmean2: [9.94155691103e-09, 1.91381022887e-05, 5.81751628488e-05, 0.000144075645949, 0.000510037178174, 0.000302892469335, 0.000376076903194, 0.000217205597437, 0.000655482581351, 5.48154348508e-05, 0.000229723445955, 8.11906065792e-05, 0.000104663340608, 0.00010798175208, 0.000182499250514, 4.36395021097e-05, 3.0960796721e-05, 3.67540706065e-05, 4.90646307298e-05, 3.45937332895e-05, 1.4975727936e-05, 5.69091116631e-06, 1.71028887053e-06, 7.42143527077e-07, 6.31592627087e-07, 3.84877587578e-08, 7.41823380501e-10]
        dvar: [1.3483934428e-15, 2.64553379203e-10, 3.716193131e-09, 1.85925266294e-08, 3.95043912249e-07, 1.15423283376e-07, 4.10883160384e-07, 1.43106746009e-07, 9.19063381843e-07, 2.96458457782e-09, 6.93232280469e-08, 2.45766340612e-08, 1.64329438945e-08, 2.03928802733e-08, 6.50475868724e-08, 6.11722583699e-09, 1.25637222848e-09, 1.18177356789e-09, 3.14267367685e-09, 1.18907328428e-09, 3.96807586789e-10, 2.40877345847e-10, 8.70256037372e-12, 7.76113114748e-13, 9.85137210523e-13, 4.45823721568e-15, 7.21545677863e-17]
        dvar2: [1.51044217468e-15, 7.9072987047e-10, 8.67661942294e-09, 5.18977785191e-08, 1.02980982319e-06, 2.76128304222e-07, 5.74940088427e-07, 3.24891090031e-07, 2.30952150559e-06, 6.9083885279e-09, 1.84752977361e-07, 5.69787701465e-08, 4.51959643044e-08, 5.27650705351e-08, 1.85683788345e-07, 1.76363936788e-08, 3.40998718151e-09, 2.87580670388e-09, 8.40013925085e-09, 3.05723779626e-09, 8.52182768796e-10, 4.96890473212e-10, 1.555582399e-11, 1.6952097278e-12, 1.69495027822e-12, 8.92820244954e-15, 7.23741213732e-17]
        max: [7.39086203794e-07, 0.000134470086778, 0.000670800625812, 0.00122411455959, 0.00933584943414, 0.00325095234439, 0.0120680704713, 0.005736799445, 0.00950771197677, 0.000529738899786, 0.00222019874491, 0.002090689959, 0.000970128981862, 0.00142879073974, 0.00215399358422, 0.00156203925144, 0.000407436542446, 0.000373942370061, 0.000568103627302, 0.000410479900893, 0.000278953957604, 0.000295090314467, 5.8755682403e-05, 1.72409017978e-05, 1.84882374015e-05, 1.47874845879e-06, 1.76817863462e-07]
        mean: [1.65621667492e-08, 1.53430992214e-05, 8.17874824861e-05, 0.000174574670382, 0.000620567647275, 0.000409780506743, 0.000726582715288, 0.000237898435444, 0.000651531328913, 7.37954105716e-05, 0.000215815191041, 0.00010069723794, 8.90250230441e-05, 0.000106727886305, 0.000162541196914, 4.82072609884e-05, 3.06496986013e-05, 4.45243276772e-05, 6.1702739913e-05, 4.77238645544e-05, 2.17779033846e-05, 8.34378533909e-06, 3.16504406328e-06, 1.54097403993e-06, 1.05872186396e-06, 5.84963117944e-08, 6.37966179884e-10]
        min: [1.32731187152e-11, 1.95926816438e-10, 1.06658307186e-10, 8.7756038547e-11, 1.70826394696e-10, 1.37515443477e-10, 1.11838364958e-10, 9.81455333671e-11, 1.00626000588e-10, 5.16641486537e-11, 1.9067145432e-11, 1.48634490132e-11, 2.77178724417e-10, 2.81743628427e-10, 1.27866453536e-10, 3.09670622478e-11, 9.42027220119e-11, 5.52076231952e-11, 3.38303135505e-11, 1.22108720704e-11, 1.39077490843e-11, 7.34131332114e-12, 3.14243466318e-12, 3.64379490123e-12, 4.45233606927e-12, 3.70401582669e-12, 6.25425072517e-14]
        var: [2.11506583325e-15, 5.04900399267e-10, 1.53387045287e-08, 3.24021200981e-08, 7.13831241228e-07, 2.92524617862e-07, 2.50244761446e-06, 3.67659907852e-07, 1.91168533092e-06, 7.67000418733e-09, 1.37565876912e-07, 5.62818307515e-08, 3.14354835496e-08, 3.8171211969e-08, 1.27492143065e-07, 1.37881466244e-08, 1.6737536912e-09, 3.36239103227e-09, 8.54440429521e-09, 2.98767743878e-09, 1.11622966426e-09, 7.62187868375e-10, 3.32068539333e-11, 4.12747657233e-12, 4.32172830508e-12, 1.55881828035e-14, 7.21243194457e-17]
    mfcc:
        mean: [-767.272521973, 141.520050049, -27.9337272644, 24.7132072449, -19.6804656982, -14.3014659882, -8.01186943054, -12.5101146698, -12.9284610748, -3.78002524376, -11.8903980255, -11.2348070145, -5.19562101364]
        cov: [[5279.62304688, -451.85067749, -331.370788574, -170.964447021, -129.976242065, -11.0653648376, 179.201034546, -165.093856812, 166.832962036, 108.003875732, 73.3116912842, 147.365570068, 58.8193397522], [-451.85067749, 873.157348633, -181.433319092, -87.1600494385, 57.5054550171, -60.6929779053, 139.369659424, 93.5870513916, -77.7638244629, 1.56968021393, 19.8122177124, -9.67074966431, -4.17191743851], [-331.370788574, -181.433319092, 273.698577881, 65.8260498047, -25.2281341553, 22.8412437439, -64.1624450684, 25.3840465546, 12.6748867035, -35.3047103882, -6.7522277832, -20.5159492493, -5.01455259323], [-170.964447021, -87.1600494385, 65.8260498047, 191.116119385, 8.98760128021, -38.2832679749, -52.159122467, 18.4723854065, 5.90350008011, -34.9758605957, -24.208442688, 9.75982666016, 5.33931922913], [-129.976242065, 57.5054550171, -25.2281341553, 8.98760128021, 125.784233093, 26.876619339, 5.55914926529, -7.62879133224, 4.14134168625, 12.2672271729, 2.48739957809, -37.9261245728, -52.1260871887], [-11.0653648376, -60.6929779053, 22.8412437439, -38.2832679749, 26.876619339, 107.309066772, 29.2414970398, -23.6675548553, -6.42411088943, 11.6051301956, 16.2342720032, -35.7854766846, -33.8563613892], [179.201034546, 139.369659424, -64.1624450684, -52.159122467, 5.55914926529, 29.2414970398, 163.871658325, 26.6238803864, -7.96862888336, 25.5055007935, 52.3127174377, 1.64632153511, -2.60765004158], [-165.093856812, 93.5870513916, 25.3840465546, 18.4723854065, -7.62879133224, -23.6675548553, 26.6238803864, 106.203094482, -10.8675994873, -7.90568590164, -10.3328485489, 0.186218887568, 14.4146976471], [166.832962036, -77.7638244629, 12.6748867035, 5.90350008011, 4.14134168625, -6.42411088943, -7.96862888336, -10.8675994873, 124.872741699, 7.3622045517, -1.71200895309, 25.0062885284, -8.18703269958], [108.003875732, 1.56968021393, -35.3047103882, -34.9758605957, 12.2672271729, 11.6051301956, 25.5055007935, -7.90568590164, 7.3622045517, 104.327697754, 38.3511352539, -13.3522996902, -19.3295555115], [73.3116912842, 19.8122177124, -6.7522277832, -24.208442688, 2.48739957809, 16.2342720032, 52.3127174377, -10.3328485489, -1.71200895309, 38.3511352539, 112.811065674, 24.5753116608, -11.6353225708], [147.365570068, -9.67074966431, -20.5159492493, 9.75982666016, -37.9261245728, -35.7854766846, 1.64632153511, 0.186218887568, 25.0062885284, -13.3522996902, 24.5753116608, 104.638320923, 61.2244377136], [58.8193397522, -4.17191743851, -5.01455259323, 5.33931922913, -52.1260871887, -33.8563613892, -2.60765004158, 14.4146976471, -8.18703269958, -19.3295555115, -11.6353225708, 61.2244377136, 123.573745728]]
        icov: [[0.000275883590803, 0.000250148004852, 0.000321603263728, 0.000148360413732, 0.000195568252821, 0.0002280271583, -0.000455966539448, 0.000259097578237, -0.000208060228033, -8.00471825642e-05, 9.50505491346e-05, -0.000178538044565, 5.99932063778e-05], [0.000250148004852, 0.00227470649406, 0.00107992510311, 0.00109545479063, -0.00102446076926, 0.00199693883769, -0.00159249233548, -0.00121041759849, 0.000823028036393, 0.000673054368235, -9.15295240702e-05, 3.53848154191e-05, 0.000310441420879], [0.000321603263728, 0.00107992510311, 0.00656406115741, -0.00115679961164, 0.00186607253272, -0.00208934349939, 0.00209043570794, -0.00285284407437, -0.00129844725598, 0.00200142757967, -0.00247409497388, 0.00234184716828, -0.000374838273274], [0.000148360413732, 0.00109545479063, -0.00115679961164, 0.00755810597911, -0.00217987550423, 0.00349969835952, 0.000160676703672, -0.00105479336344, 0.000571171578486, 0.00150465441402, 0.000412860972574, -0.0010085189715, 0.000570349104237], [0.000195568252821, -0.00102446076926, 0.00186607253272, -0.00217987550423, 0.0117345452309, -0.00321957026608, 0.00100989977363, 0.000371469563106, -0.00169592222665, -0.000379713950679, -0.000631428498309, 0.00222943536937, 0.00275223632343], [0.0002280271583, 0.00199693883769, -0.00208934349939, 0.00349969835952, -0.00321957026608, 0.0163532271981, -0.00493802223355, 0.00313941482455, 0.00135991955176, 0.000799367087893, -0.000314013275784, 0.00278530386277, 0.00118038943037], [-0.000455966539448, -0.00159249233548, 0.00209043570794, 0.000160676703672, 0.00100989977363, -0.00493802223355, 0.0118323676288, -0.00423204759136, -0.000986414030194, 0.000381736608688, -0.00505931302905, 0.00156241341028, -0.00119850703049], [0.000259097578237, -0.00121041759849, -0.00285284407437, -0.00105479336344, 0.000371469563106, 0.00313941482455, -0.00423204759136, 0.0138673679903, 0.000402985810069, -0.00106616306584, 0.0027397708036, -0.00012871940271, -0.000742804084439], [-0.000208060228033, 0.000823028036393, -0.00129844725598, 0.000571171578486, -0.00169592222665, 0.00135991955176, -0.000986414030194, 0.000402985810069, 0.0102694211528, -0.00143171055242, 0.00235281535424, -0.00485610961914, 0.00272274552844], [-8.00471825642e-05, 0.000673054368235, 0.00200142757967, 0.00150465441402, -0.000379713950679, 0.000799367087893, 0.000381736608688, -0.00106616306584, -0.00143171055242, 0.0131728602573, -0.00540292588994, 0.00400106702, -0.000257098174188], [9.50505491346e-05, -9.15295240702e-05, -0.00247409497388, 0.000412860972574, -0.000631428498309, -0.000314013275784, -0.00505931302905, 0.0027397708036, 0.00235281535424, -0.00540292588994, 0.0154261970893, -0.00802073534578, 0.00379178882577], [-0.000178538044565, 3.53848154191e-05, 0.00234184716828, -0.0010085189715, 0.00222943536937, 0.00278530386277, 0.00156241341028, -0.00012871940271, -0.00485610961914, 0.00400106702, -0.00802073534578, 0.0207901615649, -0.00877523887902], [5.99932063778e-05, 0.000310441420879, -0.000374838273274, 0.000570349104237, 0.00275223632343, 0.00118038943037, -0.00119850703049, -0.000742804084439, 0.00272274552844, -0.000257098174188, 0.00379178882577, -0.00877523887902, 0.0144249880686]]
    spectral_contrast:
        mean: [-1.72505949081e-07, 1.20511415957e-07, 3.07853866843e-08, 2.51008685836e-07, 2.02631653679e-07, 2.48732106911e-07, 2.63548758994e-06, -2.97374754155e-06, 2.58150544141e-06, -3.3996724369e-07, 4.74077705803e-06, 1.54706481226e-06]
        var: [0.000310123694362, 0.000931338465307, 0.00189935148228, 0.00424184463918, 0.00508990650997, 0.00648784078658, 0.0538095198572, 0.0879308357835, 0.0963651537895, 0.231084570289, 0.442285180092, 2.33938574791]

rhythm:
    beats_loudness:
        dmean: 0.00220595812425
        dmean2: 0.00378658389673
        dvar: 2.77080152955e-06
        dvar2: 1.01819296106e-05
        max: 0.00752530433238
        mean: 0.00376541423611
        min: 0.000169399238075
        var: 6.08982782069e-06
    beats_loudness_bass:
        dmean: 0.0374676063657
        dmean2: 0.0734690204263
        dvar: 0.00434321304783
        dvar2: 0.00836364272982
        max: 0.342100858688
        mean: 0.0825596749783
        min: 0.00972122140229
        var: 0.0117083145306
    bpm: 96.7029418945
    bpm_confidence: 0
    first_peak_bpm: 97
    first_peak_spread: 0.399999976158
    first_peak_weight: 0.5625
    onset_rate: 3.19010424614
    second_peak_bpm: 135
    second_peak_spread: 0
    second_peak_weight: 0.0625
    beats_position: [0.0565049722791, 0.673513293266, 1.29052150249, 1.90752971172, 2.52453804016, 3.14154624939, 3.75855445862, 4.37556266785, 4.99257087708, 5.6095790863, 6.05442142487, 6.68371105194, 7.31300020218, 7.94228887558, 8.57157897949, 9.20086765289, 9.83015727997]
    bpm_estimates: [97.6307296753, 96.5007019043, 97.561378479, 97.2751235962, 97.2575302124, 95.7730865479, 94.9220581055]
    bpm_intervals: [0.617008328438, 0.617008209229, 0.617008209229, 0.617008328438, 0.617008209229, 0.617008209229, 0.617008209229, 0.617008209229, 0.617008209229, 0.444842338562, 0.629289627075, 0.629289150238, 0.629288673401, 0.629290103912, 0.629288673401, 0.629289627075]
    onset_times: [0.0464399084449, 0.150929704309, 0.476009070873, 0.580498874187, 0.719818592072, 0.824308395386, 1.72988665104, 1.86920630932, 2.00852608681, 2.51936507225, 2.62385487556, 2.85605430603, 3.14630389214, 3.25079369545, 3.76163268089, 4.07510185242, 4.48145103455, 4.95746040344, 5.27092981339, 5.44507932663, 5.59600925446, 6.03718805313, 6.21133804321, 6.32743787766, 6.60607719421, 6.90793657303, 7.89478445053, 8.18503379822, 8.77714252472, 8.93968296051, 9.39247131348, 9.58984088898]
    rubato_start: []
    rubato_stop: []
    perceptual_tempo: "unknown"

sfx:
    inharmonicity:
        dmean: 0.0320506207645
        dmean2: 0.057530593127
        dvar: 0.00241401651874
        dvar2: 0.00678177503869
        max: 0.450723618269
        mean: 0.0322400592268
        min: 0.00011307735258
        var: 0.00221534632146
    oddtoevenharmonicenergyratio:
        dmean: 4.23708724976
        dmean2: 7.65701246262
        dvar: 195.114883423
        dvar2: 546.017089844
        max: 127.798545837
        mean: 3.02770137787
        min: 0.000650614209007
        var: 113.993003845
    pitch_after_max_to_before_max_energy_ratio: 2.20919036865
    pitch_centroid: 269.545806885
    pitch_max_to_total: 0.935185194016
    pitch_min_to_total: 0.995370388031
    tristimulus:
        dmean: [0.195323333144, 0.218887522817, 0.0661762207747]
        dmean2: [0.340177178383, 0.386374562979, 0.118095807731]
        dvar: [0.0381442010403, 0.0488944388926, 0.00897101126611]
        dvar2: [0.106467284262, 0.144187524915, 0.0261764284223]
        max: [0.947505652905, 0.969797134399, 0.832380533218]
        mean: [0.405909091234, 0.503923118114, 0.0743722766638]
        min: [0.0145159298554, 0, 0]
        var: [0.0594467334449, 0.0629618391395, 0.0083717443049]

tonal:
    chords_changes_rate: 0.037037037313
    chords_number_rate: 0.037037037313
    chords_strength:
        dmean: 0.00951490644366
        dmean2: 0.00687836157158
        dvar: 6.29691203358e-05
        dvar2: 5.99200029683e-05
        max: 0.630810976028
        mean: 0.510116398335
        min: 0.264923453331
        var: 0.00617743982002
    key_strength: 0.606492459774
    tuning_diatonic_strength: 0.433429419994
    tuning_equal_tempered_deviation: 0.110449589789
    tuning_frequency: 442.293365479
    tuning_nontempered_energy_ratio: 0.695879817009
    hpcp:
        dmean: [0.0433311164379, 0.0465872958302, 0.128218635917, 0.137559458613, 0.0950771868229, 0.0516324713826, 0.0544303245842, 0.0721167623997, 0.0872389152646, 0.0736195072532, 0.0616847723722, 0.0648154914379, 0.0568702556193, 0.0437618121505, 0.0464452914894, 0.0543094091117, 0.0614853650331, 0.0847842916846, 0.110173262656, 0.0769709572196, 0.0385196059942, 0.0525381490588, 0.0703347548842, 0.0603512339294, 0.0887581110001, 0.0634882599115, 0.055591262877, 0.0473852418363, 0.0476236157119, 0.0592509545386, 0.0490111559629, 0.0506568290293, 0.0668240189552, 0.0887286886573, 0.0859729424119, 0.0589614585042]
        dmean2: [0.0754963606596, 0.0800778344274, 0.211122810841, 0.222717821598, 0.157559707761, 0.093734331429, 0.100102506578, 0.11323043704, 0.146524250507, 0.127954185009, 0.106072954834, 0.110218010843, 0.0931645780802, 0.0738481432199, 0.0770229771733, 0.0988479331136, 0.104922160506, 0.131088897586, 0.16173517704, 0.123322606087, 0.0687531530857, 0.093897357583, 0.115756772459, 0.103671655059, 0.153376445174, 0.105479665101, 0.087425686419, 0.077985227108, 0.0770614743233, 0.095493234694, 0.0829311534762, 0.0864927023649, 0.110790342093, 0.148172423244, 0.148650735617, 0.100981943309]
        dvar: [0.00983066298068, 0.00799190346152, 0.0262649729848, 0.0283179301769, 0.0104281324893, 0.0151636488736, 0.0219832994044, 0.018213108182, 0.0291663575917, 0.0224457979202, 0.0160061717033, 0.0138487694785, 0.0193792972714, 0.00758961262181, 0.016043972224, 0.017474565655, 0.0170583054423, 0.018387272954, 0.0304543096572, 0.0179133601487, 0.0116519946605, 0.0247986633331, 0.0183838773519, 0.0197624508291, 0.0242366101593, 0.0119153019041, 0.0167940035462, 0.0149889988825, 0.00724344095215, 0.0143718142062, 0.0164328068495, 0.0101775778458, 0.0156229045242, 0.0277041196823, 0.0201750509441, 0.0158278979361]
        dvar2: [0.0276229251176, 0.0203692130744, 0.0687921717763, 0.062793970108, 0.0229183733463, 0.0369676016271, 0.0525947809219, 0.0397284403443, 0.0650073587894, 0.0514324940741, 0.0424015261233, 0.0380039289594, 0.0503556244075, 0.0184737760574, 0.0433393344283, 0.0498239472508, 0.0439634956419, 0.0368133224547, 0.062587313354, 0.046535346657, 0.0290694702417, 0.0690809860826, 0.0454705283046, 0.0514706596732, 0.0663976743817, 0.0307452324778, 0.0407083332539, 0.0310070216656, 0.0166488718241, 0.0384842045605, 0.040766403079, 0.0297211911529, 0.0379024408758, 0.0667274221778, 0.0544498227537, 0.0441292263567]
        max: [0.68987262249, 0.636343240738, 1, 1, 0.85779684782, 0.763761103153, 1, 1, 1, 1, 1, 1, 1, 0.691701412201, 1, 1, 0.931059122086, 1, 1, 1, 1, 1, 1, 1, 1, 1, 1, 1, 0.70211327076, 1, 1, 0.924948751926, 1, 1, 0.940088272095, 1]
        mean: [0.0420118868351, 0.0485543236136, 0.262593984604, 0.392082989216, 0.185613319278, 0.0570640787482, 0.0682989284396, 0.0921936035156, 0.153702393174, 0.144886672497, 0.0837478637695, 0.136557206511, 0.167885795236, 0.0819823741913, 0.0453364700079, 0.0488206855953, 0.0705873444676, 0.178841233253, 0.203134670854, 0.0928912982345, 0.0703583434224, 0.0937356352806, 0.122031643987, 0.210997104645, 0.183510795236, 0.085732512176, 0.126427710056, 0.140593141317, 0.0710186287761, 0.0894348323345, 0.105885513127, 0.0613074228168, 0.0913676172495, 0.135862216353, 0.11907106638, 0.0810462161899]
        min: [0.000135348760523, 0.000599550141487, 0.000612734467722, 0.00097555242246, 0.00106252473779, 0.000310626637656, 0.000252018362517, 0.000268936390057, 0.00118750554975, 0.000792349455878, 0.000349987531081, 0.00101484591141, 0.00138132902794, 0.000594454468228, 0.000900116923731, 0.00114188867155, 0.000390685279854, 0.000247565010795, 0.00110904092435, 0.000540519424248, 0.000102500111097, 0.000115233087854, 7.0098292781e-05, 0.000456128909718, 0.000495689921081, 0.000303233711747, 0.000253555481322, 0.000293573946692, 0.000632830080576, 0.000579213898163, 0.000444078468718, 0.000963181781117, 0.000517931825016, 0.000590352748986, 0.0007521751686, 0.000439577241195]
        var: [0.00865771342069, 0.00802110508084, 0.0600340552628, 0.118197530508, 0.029735956341, 0.0180736687034, 0.031777266413, 0.0263021551073, 0.071489341557, 0.0728019550443, 0.0224072504789, 0.0577410124242, 0.0942727103829, 0.0202511977404, 0.0133228199556, 0.0117043917999, 0.0214300826192, 0.0733320489526, 0.084894053638, 0.0206863004714, 0.0415882915258, 0.0670496374369, 0.0443644188344, 0.134214177728, 0.089471437037, 0.0270287245512, 0.0768425315619, 0.0962428078055, 0.0159689970315, 0.034161824733, 0.0562546402216, 0.0139267388731, 0.0286792367697, 0.0540973097086, 0.0312039107084, 0.0286979414523]
    chords_histogram: [0, 0, 0, 3.24074077606, 10.6481485367, 24.5370368958, 0, 11.1111106873, 0, 0, 0, 0, 0, 0, 0, 0, 0, 6.48148155212, 16.6666660309, 0, 0, 0, 14.8148145676, 12.5]
    thpcp: [1, 0.473403155804, 0.145540818572, 0.174195080996, 0.235137984157, 0.392014950514, 0.369530618191, 0.213597282767, 0.348286479712, 0.428189426661, 0.209094449878, 0.115629777312, 0.124516204, 0.180031642318, 0.456131070852, 0.518091022968, 0.236917436123, 0.179447576404, 0.239070907235, 0.311239331961, 0.538143992424, 0.468040704727, 0.218659102917, 0.322451412678, 0.358580052853, 0.181131631136, 0.228101789951, 0.27005892992, 0.156363382936, 0.233031317592, 0.346513926983, 0.303688436747, 0.206706792116, 0.107150495052, 0.12383685261, 0.669740796089]
    chords_key: "D#"
    chords_scale: "major"
    key_key: "A#"
    key_scale: "minor"
    chords_progression: ["A", "A", "A", "A", "A", "A", "A", "A", "A", "A", "A", "A", "A", "A", "A#", "A#", "A#", "A#", "A#", "A#", "A#", "A#", "A#", "A#", "A#", "A#", "A#", "A#", "A#", "A#", "A#", "A#", "A#", "A#", "A#", "A#", "A#", "A#", "D#m", "D#m", "D#m", "D#m", "D#m", "D#m", "D#m", "D#m", "D#m", "D#m", "D#m", "D#m", "D#m", "D#m", "D#m", "D#m", "D#m", "D#m", "G#", "G#", "G#", "G#", "G#", "G#", "G#", "Cm", "Cm", "Cm", "Cm", "Cm", "Cm", "Cm", "Cm", "Cm", "Cm", "Cm", "Cm", "Cm", "Cm", "Cm", "Cm", "Cm", "Cm", "Cm", "Cm", "Cm", "Cm", "Cm", "D#", "D#", "D#", "D#", "D#", "D#", "D#", "D#", "D#", "D#", "D#", "D#", "D#", "D#", "D#", "D#", "D#", "D#", "D#", "D#", "D#", "D#", "D#", "D#", "D#", "D#", "D#", "D#", "D#", "D#", "D#", "D#", "D#", "D#", "D#", "D#", "D#", "D#", "D#", "D#", "D#", "D#", "D#", "D#", "D#", "D#", "D#", "D#", "D#", "D#", "D#", "D#", "D#", "D#m", "D#m", "D#m", "D#m", "D#m", "D#m", "D#m", "D#m", "D#m", "D#m", "D#m", "D#m", "D#m", "D#m", "F#", "F#", "F#", "F#", "F#", "F#", "F#", "F#", "F#", "F#", "F#", "F#", "F#", "F#", "F#", "F#", "F#", "F#", "F#", "F#", "F#", "F#", "F#", "F#", "F#", "F#", "F#", "C#m", "C#m", "C#m", "C#m", "C#m", "C#m", "C#m", "C#m", "C#m", "C#m", "C#m", "C#m", "C#m", "C#m", "C#m", "C#m", "C#m", "C#m", "C#m", "C#m", "C#m", "C#m", "C#m", "C#m", "C#m", "C#m", "C#m", "C#m", "C#m", "C#m", "C#m", "C#m", "C#m", "C#m", "C#m", "C#m"]
