
metadata:
    version:
        essentia: "1.2.2"
    audio_properties:
        analysis_sample_rate: 44100
        bitrate: 128
        channels: 2
        equal_loudness: 1
        length: 9.97877597809
        replay_gain: -10.9140872955
        downmix: "mix"
    tags:
        track: 9
        year: 0
        album: "Splitted by Mp3Splt v. 2.1"
        artist: "From 001.20 To 001.30"
        comment: "http://mp3splt.sf.net"
        genre: ""
        title: "05 Metal Heart.mp3"

highlevel:
    ballroom:
        all:
            ChaChaCha: 0.00219913711771
            Jive: 0.00249887583777
            Quickstep: 0.00544956186786
            Rumba-American: 0.0121529381722
            Rumba-International: 0.371725142002
            Rumba-Misc: 0.281342744827
            Samba: 0.00218928861432
            Tango: 0.00504381069914
            VienneseWaltz: 0.120396316051
            Waltz: 0.197002187371
        probability: 0.371725142002
        value: "Rumba-International"
    culture:
        all:
            non_western: 0.690940320492
            western: 0.309059679508
        probability: 0.690940320492
        value: "non_western"
    gender:
        all:
            female: 0.896576166153
            male: 0.103423848748
        probability: 0.896576166153
        value: "female"
    genre_dortmund:
        all:
            alternative: 0.260102242231
            blues: 0.0111581850797
            electronic: 0.0774021968246
            folkcountry: 0.291825771332
            funksoulrnb: 0.00650641787797
            jazz: 0.0498860701919
            pop: 0.141965761781
            raphiphop: 0.0019141981611
            rock: 0.159239158034
        probability: 0.291825771332
        value: "folkcountry"
    genre_electronica:
        all:
            ambient: 0.924199998379
            dnb: 0.00504404539242
            house: 0.0329685173929
            techno: 0.00723402947187
            trance: 0.0305533893406
        probability: 0.924199998379
        value: "ambient"
    genre_rosamerica:
        all:
            cla: 0.170730650425
            dan: 0.031000258401
            hip: 0.0290578119457
            jaz: 0.237300813198
            pop: 0.109623216093
            rhy: 0.151202231646
            roc: 0.2419423908
            spe: 0.0291426219046
        probability: 0.2419423908
        value: "roc"
    genre_tzanetakis:
        all:
            blu: 0.0764120593667
            cla: 0.0981524214149
            cou: 0.255811840296
            dis: 0.0263246763498
            hip: 0.0154193304479
            jaz: 0.114973165095
            met: 0.017936071381
            pop: 0.0535098835826
            reg: 0.0814488381147
            roc: 0.260011702776
        probability: 0.260011702776
        value: "roc"
    live_studio:
        all:
            live: 0.3749127388
            studio: 0.6250872612
        probability: 0.6250872612
        value: "studio"
    mood:
        all:
            Cluster1: 0.112563937902
            Cluster2: 0.0782725811005
            Cluster3: 0.758086144924
            Cluster4: 0.0263201799244
            Cluster5: 0.0247571822256
        probability: 0.758086144924
        value: "Cluster3"
    mood_acoustic:
        all:
            acoustic: 0.969812452793
            not_acoustic: 0.0301875211298
        probability: 0.969812452793
        value: "acoustic"
    mood_aggressive:
        all:
            aggressive: 0.0056955460459
            not_aggressive: 0.994304478168
        probability: 0.994304478168
        value: "not_aggressive"
    mood_electronic:
        all:
            electronic: 0.057598810643
            not_electronic: 0.942401170731
        probability: 0.942401170731
        value: "not_electronic"
    mood_happy:
        all:
            happy: 0.0480348244309
            not_happy: 0.951965153217
        probability: 0.951965153217
        value: "not_happy"
    mood_party:
        all:
            not_party: 0.966746091843
            party: 0.0332539267838
        probability: 0.966746091843
        value: "not_party"
    mood_relaxed:
        all:
            not_relaxed: 0.0349330380559
            relaxed: 0.965066969395
        probability: 0.965066969395
        value: "relaxed"
    mood_sad:
        all:
            not_sad: 0.0872849300504
            sad: 0.9127150774
        probability: 0.9127150774
        value: "sad"
    rhythm:
        all:
            fast: 0.0952198058367
            medium: 0.66360604763
            slow: 0.241174176335
        probability: 0.66360604763
        value: "medium"
    speech_music:
        all:
            music: 0.999212145805
            speech: 0.000787824683357
        probability: 0.999212145805
        value: "music"
    timbre:
        all:
            bright: 0.919950604439
            dark: 0.0800494104624
        probability: 0.919950604439
        value: "bright"
    voice_instrumental:
        all:
            instrumental: 0.772650361061
            voice: 0.227349638939
        probability: 0.772650361061
        value: "instrumental"

lowlevel:
    average_loudness: 0.958331167698
    barkbands_kurtosis:
        dmean: 5.19740915298
        dmean2: 8.39821910858
        dvar: 45.4592895508
        dvar2: 103.678291321
        max: 105.22794342
        mean: 14.5510416031
        min: -1.77211880684
        var: 241.372009277
    barkbands_skewness:
        dmean: 0.57855707407
        dmean2: 0.940060734749
        dvar: 0.312072038651
        dvar2: 0.695061266422
        max: 7.461186409
        mean: 2.85990738869
        min: -2.50828766823
        var: 1.68511736393
    barkbands_spread:
        dmean: 2.48970031738
        dmean2: 3.86423635483
        dvar: 12.7209329605
        dvar2: 30.2853031158
        max: 46.1408729553
        mean: 9.42190742493
        min: 0.877343297005
        var: 52.9136238098
    dissonance:
        dmean: 0.0278551597148
        dmean2: 0.0451977066696
        dvar: 0.000553577963728
        dvar2: 0.00146741978824
        max: 0.496808499098
        mean: 0.411254942417
        min: 0.25609266758
        var: 0.00212726276368
    hfc:
        dmean: 0.697635710239
        dmean2: 1.02072930336
        dvar: 1.95008337498
        dvar2: 4.1830291748
        max: 23.5664215088
        mean: 2.36100673676
        min: 0.118951901793
        var: 4.71478748322
    pitch:
        dmean: 66.4117126465
        dmean2: 126.280654907
        dvar: 125574.921875
        dvar2: 245149.40625
        max: 4009.09082031
        mean: 243.099349976
        min: 62.820514679
        var: 189356.6875
    pitch_instantaneous_confidence:
        dmean: 0.0832330584526
        dmean2: 0.132985547185
        dvar: 0.00546876946464
        dvar2: 0.0143759325147
        max: 0.849087119102
        mean: 0.523699581623
        min: 0.200984656811
        var: 0.0227030944079
    pitch_salience:
        dmean: 0.0721865817904
        dmean2: 0.119441859424
        dvar: 0.00302606751211
        dvar2: 0.00925223901868
        max: 0.793640136719
        mean: 0.538254380226
        min: 0.19289906323
        var: 0.0093929246068
    silence_rate_20dB:
        dmean: 0
        dmean2: 0
        dvar: 0
        dvar2: 0
        max: 1
        mean: 1
        min: 1
        var: 0
    silence_rate_30dB:
        dmean: 0
        dmean2: 0
        dvar: 0
        dvar2: 0
        max: 1
        mean: 1
        min: 1
        var: 0
    silence_rate_60dB:
        dmean: 0.111888110638
        dmean2: 0.221962615848
        dvar: 0.0993696525693
        dvar2: 0.224097281694
        max: 1
        mean: 0.27209302783
        min: 0
        var: 0.19805893302
    spectral_centroid:
        dmean: 90.0721588135
        dmean2: 133.039749146
        dvar: 25033.6308594
        dvar2: 30145.2832031
        max: 3322.02954102
        mean: 476.072692871
        min: 203.158859253
        var: 95472.515625
    spectral_complexity:
        dmean: 1.37470722198
        dmean2: 2.2183098793
        dvar: 2.1499915123
        dvar2: 4.33496332169
        max: 21
        mean: 7.17289733887
        min: 1
        var: 10.4607686996
    spectral_crest:
        dmean: 2.59596776962
        dmean2: 4.45035457611
        dvar: 5.09959602356
        dvar2: 15.8279953003
        max: 22.6422786713
        mean: 11.2893276215
        min: 3.78413367271
        var: 12.7856454849
    spectral_decrease:
        dmean: 3.85939002978e-10
        dmean2: 6.29368390737e-10
        dvar: 1.67954977949e-19
        dvar2: 4.59644827651e-19
        max: -1.13364949372e-10
        mean: -1.21158572064e-09
        min: -3.97237620575e-09
        var: 4.61946457706e-19
    spectral_energy:
        dmean: 0.0015091446694
        dmean2: 0.00245540263131
        dvar: 2.55623785961e-06
        dvar2: 6.96125425748e-06
        max: 0.0159485470504
        mean: 0.00478695286438
        min: 0.000438654446043
        var: 7.20562593415e-06
    spectral_energyband_high:
        dmean: 2.66454680968e-05
        dmean2: 3.58992001566e-05
        dvar: 8.63004956386e-09
        dvar2: 1.61328177484e-08
        max: 0.00150475359987
        mean: 4.27226550528e-05
        min: 1.10600559822e-07
        var: 1.54155372911e-08
    spectral_energyband_low:
        dmean: 0.000129483392811
        dmean2: 0.000222899165237
        dvar: 6.01436056513e-08
        dvar2: 1.69943447759e-07
        max: 0.00225202925503
        mean: 0.000214832325582
        min: 2.8787148949e-06
        var: 6.28420053772e-08
    spectral_energyband_middle_high:
        dmean: 0.00012686412083
        dmean2: 0.00018894871755
        dvar: 1.14529868256e-07
        dvar2: 2.53670066286e-07
        max: 0.00533760758117
        mean: 0.000394840433728
        min: 4.38217102783e-06
        var: 2.89007743959e-07
    spectral_energyband_middle_low:
        dmean: 0.00139694486279
        dmean2: 0.00226279348135
        dvar: 2.28196017815e-06
        dvar2: 6.37561788608e-06
        max: 0.0138911372051
        mean: 0.00413454929367
        min: 0.000381240999559
        var: 6.2559242906e-06
    spectral_flatness_db:
        dmean: 0.0231369771063
        dmean2: 0.0376886613667
        dvar: 0.000375162460841
        dvar2: 0.000928903114982
        max: 0.403169929981
        mean: 0.254236906767
        min: 0.149719804525
        var: 0.00224062148482
    spectral_flux:
        dmean: 0.00873277150095
        dmean2: 0.0139463609084
        dvar: 7.11240936653e-05
        dvar2: 0.000174668355612
        max: 0.100432947278
        mean: 0.0281633883715
        min: 0.00623809685931
        var: 0.000212830447708
    spectral_kurtosis:
        dmean: 4.06566619873
        dmean2: 6.7296423912
        dvar: 15.702794075
        dvar2: 39.45362854
        max: 48.1980514526
        mean: 12.0249500275
        min: -0.0820059776306
        var: 59.9432106018
    spectral_rms:
        dmean: 0.000329199276166
        dmean2: 0.000527576019522
        dvar: 8.89706228691e-08
        dvar2: 2.33200779576e-07
        max: 0.00394456088543
        mean: 0.00207892549224
        min: 0.000654183153529
        var: 3.48263654359e-07
    spectral_rolloff:
        dmean: 161.322311401
        dmean2: 278.566802979
        dvar: 129915.453125
        dvar2: 251154.328125
        max: 4349.70703125
        mean: 691.326171875
        min: 193.798828125
        var: 414455.8125
    spectral_skewness:
        dmean: 0.372872173786
        dmean2: 0.582239091396
        dvar: 0.0953136831522
        dvar2: 0.225585311651
        max: 5.67897081375
        mean: 2.63759827614
        min: 0.725803852081
        var: 0.660095989704
    spectral_spread:
        dmean: 415947.625
        dmean2: 600938
        dvar: 280823136256
        dvar2: 473178767360
        max: 11009549
        mean: 3269647
        min: 1350928.5
        var: 1.49719062938e+12
    spectral_strongpeak:
        dmean: 0.162589207292
        dmean2: 0.277056634426
        dvar: 0.0664682760835
        dvar2: 0.138492494822
        max: 3.07336950302
        mean: 0.389047294855
        min: 0.0170175340027
        var: 0.0962607115507
    zerocrossingrate:
        dmean: 0.00486451620236
        dmean2: 0.00572985457256
        dvar: 3.8527417928e-05
        dvar2: 3.22923151543e-05
        max: 0.14697265625
        mean: 0.0319539010525
        min: 0.0048828125
        var: 0.000325345317833
    barkbands:
        dmean: [9.98138602881e-08, 2.15459622268e-05, 0.00011286650988, 0.000369107438019, 0.000928133842535, 0.000347168126609, 0.000182906587725, 9.83653371804e-05, 0.000103906306322, 3.03229680867e-05, 1.44539926623e-05, 9.37754793995e-06, 1.42459939525e-05, 1.49844145199e-05, 8.38427331473e-06, 1.81848736247e-05, 2.22617436521e-05, 1.97301433218e-05, 2.9029291909e-05, 2.92020795314e-05, 1.11639546958e-05, 2.51211395152e-06, 4.78851973185e-07, 2.11136111261e-07, 1.46739125739e-07, 4.7026995631e-09, 1.79812206791e-10]
        dmean2: [1.46783762034e-07, 3.80081546609e-05, 0.000192699662875, 0.000601334904786, 0.00160539441276, 0.000506153563038, 0.000269653653959, 0.000141590033309, 0.000164912155014, 4.68383550469e-05, 2.13473776967e-05, 1.47736036524e-05, 2.18900786422e-05, 2.43291142397e-05, 1.2913313185e-05, 2.95630452456e-05, 3.35736185662e-05, 3.21240477206e-05, 4.39806899521e-05, 4.05997161579e-05, 1.56140740728e-05, 3.29697923007e-06, 7.27678241219e-07, 2.77056926734e-07, 2.08662513046e-07, 7.30214999578e-09, 3.30352106781e-10]
        dvar: [2.59689459606e-13, 4.72763339587e-09, 3.59881653367e-08, 2.18957453058e-07, 1.5061157228e-06, 2.73896745284e-07, 1.17559004309e-07, 3.44915278561e-08, 4.12214049561e-08, 5.57233725829e-09, 7.18119952392e-10, 2.38262604091e-10, 7.21841253437e-10, 9.98232385641e-10, 2.19285520298e-10, 3.67542973834e-09, 4.49319248474e-09, 3.22428950206e-09, 2.41578206328e-08, 2.24070273447e-08, 1.09663633729e-09, 4.27267977943e-11, 2.67793664847e-12, 5.07840134962e-13, 2.02902392154e-13, 2.08318713947e-16, 4.35415951415e-20]
        dvar2: [4.81315399863e-13, 1.35162565584e-08, 9.96368427764e-08, 5.25036625731e-07, 5.05904199599e-06, 5.15254043876e-07, 2.5348109034e-07, 7.56331388629e-08, 9.76993419499e-08, 1.18595844256e-08, 1.36953826058e-09, 6.67830957202e-10, 1.76145242836e-09, 2.42515918458e-09, 4.76214401246e-10, 6.98688662482e-09, 1.0458141908e-08, 6.42992592503e-09, 5.63649784624e-08, 4.8126288732e-08, 2.20738072265e-09, 7.96958055105e-11, 6.2445560875e-12, 8.35556179368e-13, 3.3902424596e-13, 4.57945186559e-16, 1.26740820251e-19]
        max: [7.62363379181e-06, 0.000761588511523, 0.0016836761497, 0.00497146975249, 0.0103391734883, 0.00711501855403, 0.0060578007251, 0.00335075776093, 0.00201213802211, 0.00117715052329, 0.000334392272634, 0.000151509419084, 0.000375421950594, 0.000383689068258, 0.000189101687283, 0.001149172429, 0.0012412625365, 0.000773584994022, 0.00282487017103, 0.002483187709, 0.000506580225192, 6.13267256995e-05, 2.22386734094e-05, 1.17712743304e-05, 6.6968154897e-06, 2.18455667778e-07, 1.12835740751e-09]
        mean: [1.17948523837e-07, 2.86849553959e-05, 0.00018604262732, 0.000698964460753, 0.0016879432369, 0.000779820606112, 0.000443297612946, 0.000284990266664, 0.000215676060179, 4.8293502914e-05, 3.5457105696e-05, 1.77152669494e-05, 2.4111730454e-05, 3.11885160045e-05, 2.0025023332e-05, 7.03989353497e-05, 6.81379169691e-05, 3.91706089431e-05, 4.23011442763e-05, 4.28329149145e-05, 1.67796588357e-05, 3.68001451534e-06, 7.08809636762e-07, 3.53903374162e-07, 2.6023124633e-07, 5.39310951453e-09, 1.5320279767e-10]
        min: [1.18568843979e-11, 1.34319677159e-07, 2.59011312664e-06, 1.38927657645e-06, 3.84142294934e-05, 1.1061787518e-05, 4.0850318328e-06, 1.93472305909e-06, 1.35563834647e-06, 2.08898541132e-07, 1.39205482697e-07, 1.39197297244e-07, 4.42811312951e-07, 1.0028599462e-07, 4.50133192942e-08, 3.32987269758e-07, 3.30657712766e-07, 9.58158992148e-08, 7.19132415838e-08, 1.24242902189e-07, 7.27265998535e-08, 1.494160351e-08, 5.5717708225e-10, 1.04106967491e-09, 8.01476829349e-10, 1.34472233695e-11, 5.03343602963e-14]
        var: [3.84879845008e-13, 3.20083293204e-09, 4.84035460602e-08, 4.66337041871e-07, 2.13496400647e-06, 8.32081923363e-07, 4.12055157994e-07, 2.24542176852e-07, 8.0267156477e-08, 1.16950831242e-08, 3.26980664767e-09, 4.01449484766e-10, 1.44007583636e-09, 2.7983197981e-09, 8.52700465792e-10, 2.63444661641e-08, 1.98914822391e-08, 5.07897590651e-09, 2.46347777733e-08, 3.0598275913e-08, 1.69481761958e-09, 7.85795664648e-11, 3.19592941521e-12, 9.66717699814e-13, 4.13834358491e-13, 2.95132219207e-16, 4.38852240625e-20]
    mfcc:
        mean: [-793.995056152, 177.689102173, -21.8607463837, 55.7550086975, -14.2694625854, -18.9317207336, -14.5822677612, -16.281747818, -4.8732419014, -13.0180301666, -10.2136249542, -4.59768772125, -8.71116352081]
        cov: [[2749.16357422, -892.85723877, -679.475097656, -323.96282959, -241.404129028, -170.20375061, -69.6295394897, -51.9637374878, 75.4942169189, 28.0420761108, 12.8744812012, -146.00177002, -125.495895386], [-892.85723877, 934.891052246, -284.909973145, 116.788253784, 139.762710571, -13.7087440491, 15.4511222839, -43.7418251038, 15.8309631348, -14.6454324722, 4.00869321823, 56.5173950195, -16.9478797913], [-679.475097656, -284.909973145, 907.402893066, -5.46560716629, 7.29209184647, 131.054611206, 64.6246337891, 1.50077414513, -50.2392654419, -34.037612915, 13.2076854706, 25.5364017487, 50.1688346863], [-323.96282959, 116.788253784, -5.46560716629, 226.109375, 31.4284648895, 7.45831155777, -13.0785045624, 32.2681465149, -13.6953401566, 11.1399698257, -25.6347389221, 50.26978302, 60.9990158081], [-241.404129028, 139.762710571, 7.29209184647, 31.4284648895, 159.616027832, 22.5972728729, 14.9169883728, -11.0665111542, 27.4959144592, 0.30963742733, -10.2123041153, 5.68312644958, 26.153629303], [-170.20375061, -13.7087440491, 131.054611206, 7.45831155777, 22.5972728729, 170.393768311, -0.751176953316, 62.6498146057, -8.81371212006, 27.0520839691, 6.82549095154, 8.44035148621, 25.0414543152], [-69.6295394897, 15.4511222839, 64.6246337891, -13.0785045624, 14.9169883728, -0.751176953316, 99.9165115356, -16.5065441132, 12.6115999222, -6.853536129, -5.21444797516, -26.6480007172, -4.56724977493], [-51.9637374878, -43.7418251038, 1.50077414513, 32.2681465149, -11.0665111542, 62.6498146057, -16.5065441132, 153.999435425, -20.218711853, 13.8078603745, -10.8562088013, 7.49889755249, 30.4514350891], [75.4942169189, 15.8309631348, -50.2392654419, -13.6953401566, 27.4959144592, -8.81371212006, 12.6115999222, -20.218711853, 91.243347168, 20.2890415192, -16.5191879272, -19.3031272888, 0.0840999335051], [28.0420761108, -14.6454324722, -34.037612915, 11.1399698257, 0.30963742733, 27.0520839691, -6.853536129, 13.8078603745, 20.2890415192, 71.0576553345, 0.612215042114, -25.4265480042, -7.04444980621], [12.8744812012, 4.00869321823, 13.2076854706, -25.6347389221, -10.2123041153, 6.82549095154, -5.21444797516, -10.8562088013, -16.5191879272, 0.612215042114, 63.4920578003, 25.6045703888, -19.0901031494], [-146.00177002, 56.5173950195, 25.5364017487, 50.26978302, 5.68312644958, 8.44035148621, -26.6480007172, 7.49889755249, -19.3031272888, -25.4265480042, 25.6045703888, 88.952583313, 31.2389259338], [-125.495895386, -16.9478797913, 50.1688346863, 60.9990158081, 26.153629303, 25.0414543152, -4.56724977493, 30.4514350891, 0.0840999335051, -7.04444980621, -19.0901031494, 31.2389259338, 111.782737732]]
        icov: [[0.00178234337363, 0.00214239046909, 0.00199862918817, 0.000891446252353, 0.000662820821162, -0.000283764384221, 8.13952137833e-05, 0.000812621612567, -0.000888433889486, 0.00100558146369, -0.000592602707911, 0.000535771250725, 0.000445911340648], [0.00214239046909, 0.00426862807944, 0.00307267671451, 0.000298428843962, -0.000533080950845, -0.000859551189933, -0.000683612888679, 0.00150269491132, -0.000856691913214, 0.00163120543584, -0.000555776525289, -0.000569186348002, 0.00155809230637], [0.00199862918817, 0.00307267671451, 0.00397447543219, 0.000810842087958, 0.000428953848314, -0.0018793635536, -0.00121593091171, 0.00169773469679, -0.000197743021999, 0.00196126545779, -0.000584166496992, -5.83297405683e-05, 0.000332199328113], [0.000891446252353, 0.000298428843962, 0.000810842087958, 0.00810683891177, -0.000161422198289, 0.00119008985348, -0.000691678433213, -0.000313171651214, 0.00173712929245, -0.00427726143971, 0.00473877321929, -0.00537610286847, -0.00187264743727], [0.000662820821162, -0.000533080950845, 0.000428953848314, -0.000161422198289, 0.00874549336731, -0.0013732976513, -0.000217668843106, 0.00106333184522, -0.00280148396268, 0.00119790737517, -0.000340741884429, 0.00128211278934, -0.00181709986646], [-0.000283764384221, -0.000859551189933, -0.0018793635536, 0.00119008985348, -0.0013732976513, 0.00950599834323, 0.000155056681251, -0.00376314599998, 0.000720400479622, -0.00474824244156, -0.000511592952535, -0.00117384258192, -0.0010906845564], [8.13952137833e-05, -0.000683612888679, -0.00121593091171, -0.000691678433213, -0.000217668843106, 0.000155056681251, 0.0130821624771, 0.00036600290332, -0.00215959688649, 0.0034291530028, -0.00239011854865, 0.00663461955264, -0.000682674231939], [0.000812621612567, 0.00150269491132, 0.00169773469679, -0.000313171651214, 0.00106333184522, -0.00376314599998, 0.00036600290332, 0.00945593882352, 0.00162002455909, -0.000140234595165, 0.00159813056234, -8.06538300822e-05, -0.00113227462862], [-0.000888433889486, -0.000856691913214, -0.000197743021999, 0.00173712929245, -0.00280148396268, 0.000720400479622, -0.00215959688649, 0.00162002455909, 0.0154592031613, -0.00628896290436, 0.00519937602803, -0.00211761076935, -0.000950207991991], [0.00100558146369, 0.00163120543584, 0.00196126545779, -0.00427726143971, 0.00119790737517, -0.00474824244156, 0.0034291530028, -0.000140234595165, -0.00628896290436, 0.0237307436764, -0.00759253185242, 0.0111794611439, 0.000871189462487], [-0.000592602707911, -0.000555776525289, -0.000584166496992, 0.00473877321929, -0.000340741884429, -0.000511592952535, -0.00239011854865, 0.00159813056234, 0.00519937602803, -0.00759253185242, 0.0265659354627, -0.0142204454169, 0.00461658462882], [0.000535771250725, -0.000569186348002, -5.83297405683e-05, -0.00537610286847, 0.00128211278934, -0.00117384258192, 0.00663461955264, -8.06538300822e-05, -0.00211761076935, 0.0111794611439, -0.0142204454169, 0.0262632090598, -0.00533086108044], [0.000445911340648, 0.00155809230637, 0.000332199328113, -0.00187264743727, -0.00181709986646, -0.0010906845564, -0.000682674231939, -0.00113227462862, -0.000950207991991, 0.000871189462487, 0.00461658462882, -0.00533086108044, 0.0138393994421]]
    spectral_contrast:
        mean: [-2.50016597647e-07, 6.8595824132e-07, -2.54738495187e-07, -1.46783406763e-07, -4.27990585194e-07, 1.08729736326e-07, -1.74970273292e-06, -3.3103556234e-06, 4.21476579504e-06, -2.75051752396e-06, -3.69458280147e-06, -3.78350227948e-06]
        var: [0.000478501286125, 0.000583467306569, 0.00126015930437, 0.00200872845016, 0.00312196207233, 0.00430650310591, 0.0601423792541, 0.114405028522, 0.151839718223, 0.241861432791, 0.494821667671, 2.0686776638]

rhythm:
    beats_loudness:
        dmean: 0.00281863799319
        dmean2: 0.00555265462026
        dvar: 3.40450742442e-06
        dvar2: 9.83669997368e-06
        max: 0.00835823174566
        mean: 0.0047034304589
        min: 0.00154006143566
        var: 3.99278724217e-06
    beats_loudness_bass:
        dmean: 0.122707843781
        dmean2: 0.216682344675
        dvar: 0.00972061790526
        dvar2: 0.0129352137446
        max: 0.421783834696
        mean: 0.143985271454
        min: 0.0114256646484
        var: 0.0136199370027
    bpm: 115.182266235
    bpm_confidence: 0
    first_peak_bpm: 115
    first_peak_spread: 0
    first_peak_weight: 0.555555582047
    onset_rate: 4.81020927429
    second_peak_bpm: 120
    second_peak_spread: 0
    second_peak_weight: 0.388888895512
    beats_position: [0.0513605698943, 0.574221372604, 1.09708201885, 1.61994290352, 2.14280366898, 2.66566419601, 3.18852496147, 3.71138572693, 4.23424625397, 4.75710678101, 5.27996778488, 6.08326244354, 6.58351802826, 7.08377408981, 7.5840306282, 8.08428668976, 8.58454227448, 9.08479881287, 9.58505439758]
    bpm_estimates: [114.785438538, 114.01701355, 116.26713562, 116.111663818, 113.521286011, 114.772872925, 113.858467102, 118.124237061]
    bpm_intervals: [0.522860825062, 0.522860646248, 0.522860884666, 0.522860765457, 0.522860527039, 0.522860765457, 0.522860765457, 0.522860527039, 0.522860527039, 0.522861003876, 0.803294658661, 0.500255584717, 0.500256061554, 0.500256538391, 0.500256061554, 0.500255584717, 0.500256538391, 0.500255584717]
    onset_times: [0.0580498874187, 0.27863946557, 0.487619042397, 0.719818592072, 0.812698423862, 1.16099774837, 1.19582772255, 1.40480720997, 1.47446715832, 1.66022670269, 2.21750569344, 2.48453521729, 2.53097510338, 2.71673464775, 3.05342411995, 3.26240372658, 3.5758728981, 3.78485250473, 4.15637207031, 4.29569149017, 4.48145103455, 4.58594083786, 4.841360569, 4.9806804657, 5.10838985443, 5.46829938889, 5.50312948227, 5.59600925446, 5.85142850876, 5.9675283432, 6.61768722534, 6.67573690414, 6.97759628296, 7.24462604523, 7.51165533066, 7.72063493729, 7.98766422272, 8.06893444061, 8.46367359161, 8.71909332275, 9.02095222473, 9.21832180023, 9.41569137573, 9.45052146912, 9.55501174927, 9.65950107574, 9.7639913559, 9.94975090027]
    rubato_start: []
    rubato_stop: []
    perceptual_tempo: "unknown"

sfx:
    inharmonicity:
        dmean: 0.0180667284876
        dmean2: 0.0328179821372
        dvar: 0.00153604871593
        dvar2: 0.00430168071762
        max: 0.46201223135
        mean: 0.0147066907957
        min: 3.07819527734e-06
        var: 0.00112283881754
    oddtoevenharmonicenergyratio:
        dmean: 3.4811899662
        dmean2: 6.64447164536
        dvar: 391.40914917
        dvar2: 1171.1015625
        max: 272.02911377
        mean: 2.33640861511
        min: 1.01936129795e-05
        var: 217.098236084
    pitch_after_max_to_before_max_energy_ratio: 2.95751833916
    pitch_centroid: 246.622711182
    pitch_max_to_total: 0.845794379711
    pitch_min_to_total: 0.77336448431
    tristimulus:
        dmean: [0.231175348163, 0.229757204652, 0.0416306890547]
        dmean2: [0.415803104639, 0.413290560246, 0.0745360255241]
        dvar: [0.0518070869148, 0.0493525974452, 0.00452063558623]
        dvar2: [0.14159719646, 0.137129798532, 0.0132047394291]
        max: [0.993536710739, 0.930584788322, 0.851687133312]
        mean: [0.609507620335, 0.340246975422, 0.0406572781503]
        min: [0.00212570931762, 0, 0]
        var: [0.0646134242415, 0.0599310323596, 0.00445730146021]

tonal:
    chords_changes_rate: 0.0186046510935
    chords_number_rate: 0.0232558138669
    chords_strength:
        dmean: 0.00732363387942
        dmean2: 0.0056319036521
        dvar: 4.55777299067e-05
        dvar2: 3.22356245306e-05
        max: 0.646627664566
        mean: 0.540554821491
        min: 0.332073688507
        var: 0.00598016846925
    key_strength: 0.740132272243
    tuning_diatonic_strength: 0.679327487946
    tuning_equal_tempered_deviation: 0.0204508453608
    tuning_frequency: 446.142181396
    tuning_nontempered_energy_ratio: 0.638076305389
    hpcp:
        dmean: [0.0296350978315, 0.0373309999704, 0.0561792738736, 0.067791774869, 0.053405418992, 0.0482332631946, 0.0797556489706, 0.0642852857709, 0.02201708965, 0.0138595262542, 0.0285399742424, 0.0869410037994, 0.101621851325, 0.0614238530397, 0.0188750457019, 0.0186886880547, 0.0361463911831, 0.0627220869064, 0.0872146561742, 0.08392239362, 0.0360278002918, 0.0176113639027, 0.0168477930129, 0.0358298644423, 0.0525238923728, 0.114533528686, 0.167541667819, 0.139353722334, 0.177966609597, 0.0833901017904, 0.05479991436, 0.0956264585257, 0.130994737148, 0.126694336534, 0.129173621535, 0.0508921556175]
        dmean2: [0.0529697574675, 0.0646191090345, 0.0910948887467, 0.111460089684, 0.0880621001124, 0.0756354629993, 0.119672939181, 0.0983708947897, 0.0371520631015, 0.023652555421, 0.0502862669528, 0.148914262652, 0.163822203875, 0.10189332068, 0.0330373942852, 0.0324249640107, 0.0653242319822, 0.100008644164, 0.13625857234, 0.13946211338, 0.0639344453812, 0.0323935598135, 0.0297299530357, 0.0642675980926, 0.0954700410366, 0.202106148005, 0.273442298174, 0.232233509421, 0.30796277523, 0.146968156099, 0.0976395010948, 0.17323847115, 0.223448559642, 0.213755428791, 0.217633038759, 0.0889300704002]
        dvar: [0.0133295906708, 0.00848989933729, 0.0142711568624, 0.0172406230122, 0.0125409699976, 0.0103564076126, 0.0172272194177, 0.0132251642644, 0.00217558187433, 0.00136957014911, 0.00552516104653, 0.0239466596395, 0.0249799843878, 0.0111463954672, 0.00261787138879, 0.00780640402809, 0.015177779831, 0.0160028468817, 0.0237221587449, 0.0262210983783, 0.00942182540894, 0.00889370776713, 0.00291762454435, 0.0134268030524, 0.0216509178281, 0.0340311825275, 0.0388334430754, 0.0375113040209, 0.0444938950241, 0.0167052093893, 0.0148644298315, 0.0455876328051, 0.0426808036864, 0.037419244647, 0.0384151563048, 0.0150539912283]
        dvar2: [0.0366155765951, 0.0222092866898, 0.0299695022404, 0.0437441281974, 0.038428645581, 0.0257426649332, 0.0405399501324, 0.0319331884384, 0.00558191398159, 0.00369205325842, 0.0164251346141, 0.0706856995821, 0.0530405789614, 0.027446096763, 0.00744852330536, 0.0210069585592, 0.0436600707471, 0.0416632629931, 0.0559410862625, 0.0727341324091, 0.0264502037317, 0.0256331730634, 0.00803428143263, 0.0394595973194, 0.0619510784745, 0.090928427875, 0.0855351686478, 0.073188059032, 0.108839958906, 0.040706615895, 0.0402842536569, 0.11401181668, 0.0922665223479, 0.0849120169878, 0.113857530057, 0.0403038449585]
        max: [1, 0.675960838795, 1, 1, 0.710535168648, 1, 1, 0.743314564228, 0.501813590527, 0.370279550552, 0.572230398655, 1, 1, 1, 0.45734077692, 1, 0.961596906185, 1, 1, 1, 0.810996294022, 1, 0.450795650482, 1, 0.999014616013, 1, 1, 1, 1, 0.778654575348, 0.861653864384, 1, 1, 1, 1, 0.974556803703]
        mean: [0.0228502880782, 0.0286756213754, 0.0687846019864, 0.0932011604309, 0.0563343577087, 0.0731195956469, 0.147240161896, 0.106571488082, 0.0266498681158, 0.0172128435224, 0.0330144427717, 0.152616813779, 0.249988272786, 0.133168235421, 0.0193985048681, 0.0163211729378, 0.0245752017945, 0.120618261397, 0.226118683815, 0.144747257233, 0.0309393703938, 0.0127658685669, 0.0146119184792, 0.0328532345593, 0.0463399514556, 0.101202838123, 0.392902433872, 0.57092833519, 0.310619771481, 0.070008315146, 0.0400317907333, 0.0736770033836, 0.192100957036, 0.296797573566, 0.18843691051, 0.0464515648782]
        min: [3.11904223054e-05, 4.84171832795e-05, 0.000159135990543, 0.000176232701051, 0.000164470009622, 5.60209264222e-05, 4.36396767327e-05, 9.86045997706e-05, 0.000109493150376, 4.87684410473e-05, 4.80697672174e-05, 0.00142458104528, 0.00110329280142, 0.000447481841547, 0.000169075457961, 0.000159204311785, 0.000157362606842, 6.96128772688e-05, 3.47671739291e-05, 0.000157700749696, 0.000223437091336, 8.29781056382e-05, 3.23113126797e-05, 0.000170702391188, 0.000669071392622, 0.000607627094723, 0.00407695630565, 0.00447615096346, 0.00401034858078, 8.75432306202e-05, 1.70716193679e-05, 6.32734590909e-05, 9.4725008239e-05, 0.000108866821392, 0.000151540647494, 7.24298733985e-05]
        var: [0.00959699694067, 0.00679046241567, 0.0152302002534, 0.0210179835558, 0.011393439956, 0.0150920357555, 0.0515014454722, 0.0268074925989, 0.00221185083501, 0.00109194649849, 0.00540639227256, 0.0318230763078, 0.0886430367827, 0.0335751101375, 0.00183459592517, 0.00522089470178, 0.00950683839619, 0.038819655776, 0.0947374552488, 0.0438309386373, 0.00670013250783, 0.00511581636965, 0.00203770096414, 0.00768388994038, 0.0133898248896, 0.0329615473747, 0.113484486938, 0.16994535923, 0.0831126868725, 0.0180519130081, 0.0110127478838, 0.0364632420242, 0.0719493404031, 0.130143776536, 0.0633456483483, 0.012814427726]
    chords_histogram: [27.441860199, 0, 20, 0, 0, 0, 0, 0, 0, 0, 0, 0, 0, 0, 0, 0, 0, 11.1627902985, 0, 0, 0, 1.86046516895, 39.5348854065, 0]
    thpcp: [1, 0.544060885906, 0.122621893883, 0.0701170116663, 0.129047721624, 0.336471229792, 0.519850850105, 0.330053538084, 0.0813614651561, 0.0400230400264, 0.0502263046801, 0.120478518307, 0.16324493289, 0.098671503365, 0.128071412444, 0.25789603591, 0.186663508415, 0.0466781333089, 0.0301488693804, 0.057825896889, 0.267313420773, 0.43786278367, 0.233248606324, 0.0339771285653, 0.0285870786756, 0.0430442839861, 0.211266905069, 0.396054416895, 0.253529638052, 0.054191339761, 0.0223598442972, 0.0255932621658, 0.0575435347855, 0.0811659693718, 0.177260145545, 0.688181698322]
    chords_key: "B"
    chords_scale: "major"
    key_key: "F#"
    key_scale: "major"
    chords_progression: ["F#", "F#", "F#", "F#", "F#", "F#", "F#", "F#", "F#", "F#", "F#", "F#", "F#", "F#", "F#", "F#", "F#", "F#", "F#", "F#", "F#", "F#", "F#", "F#", "F#", "F#", "F#", "F#", "F#", "F#", "F#", "F#", "F#", "F#", "F#", "F#", "F#", "F#", "F#", "F#", "F#", "F#", "F#", "F#", "F#", "F#", "F#", "F#", "F#", "F#", "F#", "F#", "F#", "F#", "F#", "F#", "F#", "F#", "F#", "C#", "C#", "C#", "C#", "C#", "C#", "C#", "C#", "C#", "C#", "C#", "C#", "C#", "C#", "C#", "C#", "C#", "C#", "C#", "C#", "C#", "C#", "C#", "C#", "C#", "C#", "C#", "C#", "C#", "C#", "C#", "C#", "C#", "C#", "C#", "C#", "C#", "C#", "C#", "C#", "C#", "C#", "C#", "G#m", "G#m", "G#m", "G#m", "B", "B", "B", "B", "B", "B", "B", "B", "B", "B", "B", "B", "B", "B", "B", "B", "B", "B", "B", "B", "B", "B", "B", "B", "B", "B", "B", "B", "B", "B", "B", "B", "B", "B", "B", "B", "B", "B", "B", "B", "B", "B", "B", "B", "B", "B", "B", "B", "B", "B", "B", "B", "B", "B", "B", "B", "B", "B", "B", "B", "B", "B", "B", "B", "B", "B", "B", "B", "B", "B", "B", "B", "B", "B", "B", "B", "B", "B", "B", "B", "B", "B", "B", "B", "B", "F#m", "F#m", "F#m", "F#m", "F#m", "F#m", "F#m", "F#m", "F#m", "F#m", "F#m", "F#m", "F#m", "F#m", "F#m", "F#m", "F#m", "F#m", "F#m", "F#m", "F#m", "F#m", "F#m", "F#m"]
