
metadata:
    version:
        essentia: "1.2.2"
    audio_properties:
        analysis_sample_rate: 44100
        bitrate: 128
        channels: 2
        equal_loudness: 1
        length: 10.0048980713
        replay_gain: -7.11450004578
        downmix: "mix"
    tags:
        track: 8
        year: 0
        album: "Splitted by Mp3Splt v. 2.1"
        artist: "From 001.10 To 001.20"
        comment: "http://mp3splt.sf.net"
        genre: ""
        title: "09 Keep 'Em Eager to Listen.mp"

highlevel:
    ballroom:
        all:
            ChaChaCha: 0.0788917019963
            Jive: 0.130231887102
            Quickstep: 0.0528890527785
            Rumba-American: 0.0102822296321
            Rumba-International: 0.162916913629
            Rumba-Misc: 0.0697374716401
            Samba: 0.484225481749
            Tango: 0.00155395583715
            VienneseWaltz: 0.00565811665729
            Waltz: 0.00361319328658
        probability: 0.484225481749
        value: "Samba"
    culture:
        all:
            non_western: 0.432330578566
            western: 0.567669451237
        probability: 0.567669451237
        value: "western"
    gender:
        all:
            female: 1.03329296053e-06
            male: 0.999998986721
        probability: 0.999998986721
        value: "male"
    genre_dortmund:
        all:
            alternative: 0.032358366996
            blues: 0.0146210649982
            electronic: 0.0198141075671
            folkcountry: 0.0278969630599
            funksoulrnb: 0.0326789952815
            jazz: 0.0766080096364
            pop: 0.0580541081727
            raphiphop: 0.627136766911
            rock: 0.110831618309
        probability: 0.627136766911
        value: "raphiphop"
    genre_electronica:
        all:
            ambient: 0.0531453154981
            dnb: 0.369054019451
            house: 0.465083420277
            techno: 0.06976737082
            trance: 0.0429498627782
        probability: 0.465083420277
        value: "house"
    genre_rosamerica:
        all:
            cla: 0.00261594355106
            dan: 0.225437760353
            hip: 0.435795366764
            jaz: 0.0105906324461
            pop: 0.0201671402901
            rhy: 0.246209844947
            roc: 0.021557983011
            spe: 0.0376253351569
        probability: 0.435795366764
        value: "hip"
    genre_tzanetakis:
        all:
            blu: 0.000312912598019
            cla: 0.000226452000788
            cou: 0.000923298182897
            dis: 0.0059731178917
            hip: 0.503995537758
            jaz: 0.000329662143486
            met: 0.00235904334113
            pop: 0.40165796876
            reg: 0.0663646683097
            roc: 0.0178573671728
        probability: 0.503995537758
        value: "hip"
    live_studio:
        all:
            live: 0.258786737919
            studio: 0.741213262081
        probability: 0.741213262081
        value: "studio"
    mood:
        all:
            Cluster1: 0.340654879808
            Cluster2: 0.117049649358
            Cluster3: 0.134502872825
            Cluster4: 0.0711862668395
            Cluster5: 0.336606323719
        probability: 0.340654879808
        value: "Cluster1"
    mood_acoustic:
        all:
            acoustic: 0.53403455019
            not_acoustic: 0.46596544981
        probability: 0.53403455019
        value: "acoustic"
    mood_aggressive:
        all:
            aggressive: 0.0704790651798
            not_aggressive: 0.929520905018
        probability: 0.929520905018
        value: "not_aggressive"
    mood_electronic:
        all:
            electronic: 0.738185942173
            not_electronic: 0.261814087629
        probability: 0.738185942173
        value: "electronic"
    mood_happy:
        all:
            happy: 0.233626052737
            not_happy: 0.766373932362
        probability: 0.766373932362
        value: "not_happy"
    mood_party:
        all:
            not_party: 0.35061737895
            party: 0.649382650852
        probability: 0.649382650852
        value: "party"
    mood_relaxed:
        all:
            not_relaxed: 0.66159337759
            relaxed: 0.338406652212
        probability: 0.66159337759
        value: "not_relaxed"
    mood_sad:
        all:
            not_sad: 0.507472991943
            sad: 0.492527037859
        probability: 0.507472991943
        value: "not_sad"
    rhythm:
        all:
            fast: 0.758005738258
            medium: 0.216977089643
            slow: 0.0250171851367
        probability: 0.758005738258
        value: "fast"
    speech_music:
        all:
            music: 0.988450407982
            speech: 0.0115496199578
        probability: 0.988450407982
        value: "music"
    timbre:
        all:
            bright: 0.00307943648659
            dark: 0.996920585632
        probability: 0.996920585632
        value: "dark"
    voice_instrumental:
        all:
            instrumental: 0.000483544892631
            voice: 0.999516427517
        probability: 0.999516427517
        value: "voice"

lowlevel:
    average_loudness: 0.984344661236
    barkbands_kurtosis:
        dmean: 4.3364315033
        dmean2: 7.05059766769
        dvar: 33.8961524963
        dvar2: 87.9503173828
        max: 40.7783699036
        mean: 5.21801280975
        min: -1.89802706242
        var: 58.9168319702
    barkbands_skewness:
        dmean: 0.855099976063
        dmean2: 1.31665110588
        dvar: 0.828466057777
        dvar2: 1.76547074318
        max: 5.54109573364
        mean: 1.66474759579
        min: -3.87699842453
        var: 2.4168510437
    barkbands_spread:
        dmean: 9.13292121887
        dmean2: 14.2066822052
        dvar: 107.872528076
        dvar2: 242.922790527
        max: 87.7075576782
        mean: 23.9918689728
        min: 3.62096238136
        var: 245.316604614
    dissonance:
        dmean: 0.0284466408193
        dmean2: 0.041889693588
        dvar: 0.000871655356605
        dvar2: 0.00157189322636
        max: 0.498370349407
        mean: 0.437905490398
        min: 0.229013890028
        var: 0.00253321928903
    hfc:
        dmean: 1.80853927135
        dmean2: 2.64602231979
        dvar: 5.20902299881
        dvar2: 10.99259758
        max: 22.0710468292
        mean: 3.15542340279
        min: 0.0228210352361
        var: 9.3909444809
    pitch:
        dmean: 738.880065918
        dmean2: 1437.97265625
        dvar: 1867514.875
        dvar2: 4085556.5
        max: 4410
        mean: 914.290405273
        min: 76.6956558228
        var: 2114917.5
    pitch_instantaneous_confidence:
        dmean: 0.110226258636
        dmean2: 0.172051385045
        dvar: 0.00838560517877
        dvar2: 0.0181290451437
        max: 0.806307792664
        mean: 0.450945973396
        min: 0.140524804592
        var: 0.0218510963023
    pitch_salience:
        dmean: 0.0891062915325
        dmean2: 0.146629661322
        dvar: 0.00523422472179
        dvar2: 0.0148496758193
        max: 0.807485759258
        mean: 0.613886892796
        min: 0.224959164858
        var: 0.0106701031327
    silence_rate_20dB:
        dmean: 0
        dmean2: 0
        dvar: 0
        dvar2: 0
        max: 1
        mean: 1
        min: 1
        var: 0
    silence_rate_30dB:
        dmean: 0
        dmean2: 0
        dvar: 0
        dvar2: 0
        max: 1
        mean: 1
        min: 1
        var: 0
    silence_rate_60dB:
        dmean: 0.218604654074
        dmean2: 0.438228428364
        dvar: 0.170816674829
        dvar2: 0.269495159388
        max: 1
        mean: 0.517401397228
        min: 0
        var: 0.249698206782
    spectral_centroid:
        dmean: 370.484924316
        dmean2: 548.450561523
        dvar: 353018.5
        dvar2: 645296.6875
        max: 6129.76171875
        mean: 979.249389648
        min: 193.467590332
        var: 912688.25
    spectral_complexity:
        dmean: 2.68925237656
        dmean2: 4.259953022
        dvar: 11.7655792236
        dvar2: 24.6373233795
        max: 33
        mean: 6.33799552917
        min: 0
        var: 20.6666469574
    spectral_crest:
        dmean: 2.92147350311
        dmean2: 4.74222564697
        dvar: 5.24963188171
        dvar2: 14.0715150833
        max: 19.9250736237
        mean: 9.55149459839
        min: 3.01939034462
        var: 12.6018819809
    spectral_decrease:
        dmean: 5.71113545345e-10
        dmean2: 8.79322836767e-10
        dvar: 6.82228325443e-19
        dvar2: 1.75593073252e-18
        max: -1.43303199168e-11
        mean: -9.5617047613e-10
        min: -6.22498541603e-09
        var: 7.82490577297e-19
    spectral_energy:
        dmean: 0.00228384812362
        dmean2: 0.00349939893931
        dvar: 1.01118803286e-05
        dvar2: 2.58880390902e-05
        max: 0.0240215118974
        mean: 0.00389501312748
        min: 5.61557899346e-05
        var: 1.19121550597e-05
    spectral_energyband_high:
        dmean: 0.000157585047418
        dmean2: 0.000232290345593
        dvar: 6.25609857252e-08
        dvar2: 1.31514269697e-07
        max: 0.00180686241947
        mean: 0.00019663159037
        min: 8.49172394624e-08
        var: 1.00590767715e-07
    spectral_energyband_low:
        dmean: 0.000598076207098
        dmean2: 0.00102882296778
        dvar: 1.06002210032e-06
        dvar2: 2.95505924441e-06
        max: 0.00804969854653
        mean: 0.000731998181436
        min: 7.13706549504e-06
        var: 8.99319275049e-07
    spectral_energyband_middle_high:
        dmean: 0.000291316449875
        dmean2: 0.00043248097063
        dvar: 1.72056374481e-07
        dvar2: 3.86021611121e-07
        max: 0.00404298864305
        mean: 0.000541116227396
        min: 7.84776511864e-06
        var: 3.22105904615e-07
    spectral_energyband_middle_low:
        dmean: 0.00167735153809
        dmean2: 0.00260659493506
        dvar: 7.25985410099e-06
        dvar2: 1.90921673493e-05
        max: 0.0216181352735
        mean: 0.00242524291389
        min: 1.52631564561e-05
        var: 7.83116229286e-06
    spectral_flatness_db:
        dmean: 0.0286406781524
        dmean2: 0.0440092198551
        dvar: 0.000629205373116
        dvar2: 0.00134349416476
        max: 0.343657970428
        mean: 0.185779809952
        min: 0.0930132046342
        var: 0.00206807930954
    spectral_flux:
        dmean: 0.014421498403
        dmean2: 0.0223666615784
        dvar: 0.000272268225672
        dvar2: 0.000540641194675
        max: 0.129608049989
        mean: 0.0415187552571
        min: 0.00428573554382
        var: 0.000452013802715
    spectral_kurtosis:
        dmean: 1.96178555489
        dmean2: 3.00843858719
        dvar: 5.99343204498
        dvar2: 15.2787570953
        max: 25.6186447144
        mean: 3.53383111954
        min: -0.806547403336
        var: 9.68820381165
    spectral_rms:
        dmean: 0.000536948733497
        dmean2: 0.000777610868681
        dvar: 3.1647277865e-07
        dvar2: 7.52096752876e-07
        max: 0.00484103523195
        mean: 0.00179642485455
        min: 0.000234064384131
        var: 5.72869964799e-07
    spectral_rolloff:
        dmean: 815.694946289
        dmean2: 1344.79101562
        dvar: 1466058.75
        dvar2: 3042463.75
        max: 9711.47460938
        mean: 1778.82275391
        min: 150.732421875
        var: 3232411.75
    spectral_skewness:
        dmean: 0.367133975029
        dmean2: 0.526646792889
        dvar: 0.115525372326
        dvar2: 0.250983715057
        max: 3.92976784706
        mean: 1.48023152351
        min: -0.132259070873
        var: 0.367907494307
    spectral_spread:
        dmean: 1180315.875
        dmean2: 1693958.125
        dvar: 1.71740430336e+12
        dvar2: 3.25395677184e+12
        max: 16771555
        mean: 5673974
        min: 2321295.25
        var: 3.71486831411e+12
    spectral_strongpeak:
        dmean: 0.196693494916
        dmean2: 0.307855516672
        dvar: 0.0906502902508
        dvar2: 0.20892739296
        max: 3.62751078606
        mean: 0.319485723972
        min: 0.0106010558084
        var: 0.133831515908
    zerocrossingrate:
        dmean: 0.0159067884088
        dmean2: 0.0177896749228
        dvar: 0.000332912750309
        dvar2: 0.00032398843905
        max: 0.29541015625
        mean: 0.06326713413
        min: 0.01416015625
        var: 0.00190845050383
    barkbands:
        dmean: [2.49687957421e-07, 0.00012256023183, 0.000529307115357, 0.000726715778001, 0.000622490479145, 0.000306132802507, 0.000315011799103, 0.00013265288726, 0.000133641005959, 5.03075243614e-05, 2.58059080807e-05, 3.69810295524e-05, 2.11551723623e-05, 1.13891001092e-05, 1.8889149942e-05, 2.29975430557e-05, 4.15330250689e-05, 4.18375966547e-05, 8.14479790279e-05, 0.000116435723612, 5.74265613977e-05, 3.45496373484e-05, 1.47187211041e-05, 5.15965939485e-06, 2.86252884507e-06, 1.68432023884e-07, 7.06872615996e-10]
        dmean2: [3.60621726259e-07, 0.000203668998438, 0.000900372979231, 0.00126008398365, 0.00106055755168, 0.000495755695738, 0.00047744429321, 0.000219694557018, 0.000206590426387, 8.38151681819e-05, 4.12175540987e-05, 5.76937454753e-05, 3.41538070643e-05, 1.84596719919e-05, 3.0703828088e-05, 3.52469724021e-05, 6.4332583861e-05, 6.59903089399e-05, 0.000125306803966, 0.000173431719304, 8.68976640049e-05, 5.25105606357e-05, 2.17573578993e-05, 7.96875428932e-06, 4.70338136438e-06, 2.68665303338e-07, 9.32389720987e-10]
        dvar: [1.47335648456e-12, 3.73999000658e-08, 8.63120988015e-07, 2.42379792326e-06, 1.33780611122e-06, 7.507344435e-07, 4.00631677167e-07, 7.36156309245e-08, 1.80359549518e-07, 1.68389266975e-08, 2.74985811899e-09, 1.08141540167e-08, 2.58377164108e-09, 7.87839571359e-10, 1.0208259793e-09, 1.70810521283e-09, 5.71772318381e-09, 1.06905329034e-08, 2.45379006003e-08, 4.1019848851e-08, 8.90364582062e-09, 5.06039166126e-09, 2.1685533369e-09, 2.22216481327e-10, 1.04268010892e-10, 9.79678848895e-14, 5.93809271299e-17]
        dvar2: [1.66867225333e-12, 1.03459541378e-07, 2.43822614721e-06, 6.75417231832e-06, 3.72477757082e-06, 1.73384580648e-06, 8.76431101915e-07, 1.80319659648e-07, 4.22012590207e-07, 3.83730416331e-08, 7.16568449022e-09, 2.67560071876e-08, 6.42120578931e-09, 1.96056326729e-09, 2.21830109837e-09, 4.07662792412e-09, 1.44629277443e-08, 2.7394451152e-08, 5.68486413499e-08, 9.42889997191e-08, 2.02148271455e-08, 1.07438600239e-08, 4.02289490609e-09, 4.31838009796e-10, 1.90072388384e-10, 2.1910873452e-13, 5.97034547769e-17]
        max: [2.45352675847e-05, 0.00189403782133, 0.00680517405272, 0.0120832938701, 0.0107121346518, 0.0118142068386, 0.00681968498975, 0.00209446297958, 0.00544210709631, 0.00166617380455, 0.000500883616041, 0.00123613339383, 0.000542647729162, 0.000361858459655, 0.000343684951076, 0.00050212565111, 0.000911908922717, 0.00139806023799, 0.00148362293839, 0.00165446370374, 0.000663224956952, 0.000802523863968, 0.000664528750349, 0.000155204543262, 0.000178701127879, 2.90957200377e-06, 1.59909205877e-07]
        mean: [3.80064705041e-07, 0.000143259880133, 0.000588386959862, 0.000632588518783, 0.000786476826761, 0.000348528497852, 0.000370259047486, 0.000125131613459, 0.000149816216435, 6.68710781611e-05, 3.11894873448e-05, 4.42341734015e-05, 2.88150640699e-05, 1.31479473566e-05, 2.96543130389e-05, 4.371601608e-05, 6.85924824211e-05, 4.92988074257e-05, 0.000103352838778, 0.000135034846608, 6.51662921882e-05, 4.22536068072e-05, 1.84702057595e-05, 6.6279112616e-06, 3.60435478797e-06, 1.59684049095e-07, 6.80198508629e-10]
        min: [4.81186424039e-10, 3.42349835591e-07, 1.09230654743e-06, 6.22782295068e-07, 1.39203393701e-06, 1.98523892436e-07, 3.0035911891e-07, 4.58977424955e-08, 2.4657165909e-07, 6.03983636438e-08, 7.83592142284e-08, 9.71748974621e-08, 1.15634499309e-07, 6.19286950609e-08, 2.21344635065e-07, 1.16242131298e-06, 1.10447660973e-06, 3.04816609287e-07, 2.21902851649e-07, 2.8911625094e-08, 4.99726553471e-08, 9.15423559178e-09, 3.96267907377e-09, 3.80381282028e-10, 1.63627944527e-10, 1.68197365757e-11, 6.33891336231e-14]
        var: [1.63720762208e-12, 3.89098033793e-08, 6.94496293363e-07, 1.85559008514e-06, 1.08324638859e-06, 7.57745794999e-07, 6.27342274129e-07, 6.73784086302e-08, 1.99126390044e-07, 2.65643258501e-08, 3.89961130054e-09, 1.35284361491e-08, 3.27598392857e-09, 1.13401366075e-09, 1.80213888257e-09, 3.05043346138e-09, 6.88957380035e-09, 1.09276507843e-08, 3.22763540339e-08, 5.420238125e-08, 1.08836752943e-08, 7.95511034823e-09, 3.87051857231e-09, 4.31553542901e-10, 2.35063080112e-10, 1.44413899784e-13, 5.94649422104e-17]
    mfcc:
        mean: [-761.232727051, 115.724189758, -8.39179611206, 65.7925338745, -7.75655126572, 3.6931746006, -11.0760831833, -1.57412242889, -1.13468623161, -5.94827461243, -9.80452251434, -6.35712766647, -0.497733950615]
        cov: [[3174.18920898, -788.36541748, 63.6711997986, -228.93850708, -626.676818848, -343.568847656, 60.3723335266, -212.201553345, -221.509002686, -15.6252670288, 21.1767578125, -2.57623028755, -1.99515330791], [-788.36541748, 1997.24389648, -404.672424316, -145.414321899, -233.855926514, -88.2289505005, -120.117660522, 89.1423568726, 145.865432739, -119.673797607, 68.7325973511, 61.2829627991, -99.3455200195], [63.6711997986, -404.672424316, 662.747131348, 100.405754089, 199.743942261, 34.4894332886, -95.3267745972, -31.1997928619, -25.714056015, 52.9131851196, -4.20307064056, 0.172583073378, 59.8244132996], [-228.93850708, -145.414321899, 100.405754089, 460.04309082, 186.528381348, 31.5375118256, -44.3036460876, -43.7629127502, -14.9492845535, 56.2941360474, -28.1616344452, 12.6241588593, 17.311712265], [-626.676818848, -233.855926514, 199.743942261, 186.528381348, 448.306488037, 104.347236633, -88.3093795776, -40.1526603699, 7.23979520798, 58.9640045166, -11.6182374954, -17.5221633911, 27.3513507843], [-343.568847656, -88.2289505005, 34.4894332886, 31.5375118256, 104.347236633, 187.887664795, 116.714347839, 66.8542022705, 40.7195854187, 14.0209722519, 20.0941829681, -13.2820100784, -15.925242424], [60.3723335266, -120.117660522, -95.3267745972, -44.3036460876, -88.3093795776, 116.714347839, 370.854003906, 117.762870789, 59.5188407898, -4.45866584778, 30.6555099487, -7.35031461716, -39.518157959], [-212.201553345, 89.1423568726, -31.1997928619, -43.7629127502, -40.1526603699, 66.8542022705, 117.762870789, 145.565628052, 56.2159385681, -5.45321321487, 10.2847728729, 5.43933868408, -7.1043806076], [-221.509002686, 145.865432739, -25.714056015, -14.9492845535, 7.23979520798, 40.7195854187, 59.5188407898, 56.2159385681, 115.380661011, 14.1193943024, 15.1183042526, 3.53818821907, -18.935503006], [-15.6252670288, -119.673797607, 52.9131851196, 56.2941360474, 58.9640045166, 14.0209722519, -4.45866584778, -5.45321321487, 14.1193943024, 114.081794739, 42.4818572998, 3.03889417648, 10.240070343], [21.1767578125, 68.7325973511, -4.20307064056, -28.1616344452, -11.6182374954, 20.0941829681, 30.6555099487, 10.2847728729, 15.1183042526, 42.4818572998, 105.833686829, 19.8426532745, -2.59626984596], [-2.57623028755, 61.2829627991, 0.172583073378, 12.6241588593, -17.5221633911, -13.2820100784, -7.35031461716, 5.43933868408, 3.53818821907, 3.03889417648, 19.8426532745, 67.6946716309, 24.4079589844], [-1.99515330791, -99.3455200195, 59.8244132996, 17.311712265, 27.3513507843, -15.925242424, -39.518157959, -7.1043806076, -18.935503006, 10.240070343, -2.59626984596, 24.4079589844, 71.673866272]]
        icov: [[0.000983947771601, 0.000472921004985, -0.00036231224658, 8.78964056028e-05, 0.00143256306183, 0.0011259499006, -0.000453521090094, 0.00119275168981, 0.000579326413572, 4.50401148555e-06, -0.000591561372858, -6.49652647553e-05, 0.000688851578161], [0.000472921004985, 0.00121695175767, 0.000223240247578, -8.71421289048e-05, 0.000862417393364, 0.000847619201522, 0.000809133169241, -0.000227037162404, -0.000941248377785, 0.00125350581948, -0.0013658037642, -0.000755069078878, 0.00159741740208], [-0.00036231224658, 0.000223240247578, 0.0021907852497, -0.000114802358439, -0.00102507846896, -0.000592791824602, 0.000856568920426, -0.000806064868812, -0.000420318450779, 1.96547007363e-05, -0.000155676083523, -8.85298595676e-06, -0.000966152816545], [8.78964056028e-05, -8.71421289048e-05, -0.000114802358439, 0.00298844883218, -0.000899282749742, -0.000181829847861, -0.000389571679989, 0.000849570671562, 0.000644534069579, -0.00168194121215, 0.0016579113435, -0.00143789453432, 0.00038815633161], [0.00143256306183, 0.000862417393364, -0.00102507846896, -0.000899282749742, 0.0064357467927, -0.00156451563817, 0.000853363599163, 0.00296002114192, -0.000292691722279, -0.000747703539673, -0.000475478300359, 0.000849070609547, -8.44273017719e-06], [0.0011259499006, 0.000847619201522, -0.000592791824602, -0.000181829847861, -0.00156451563817, 0.0119002228603, -0.00295397941954, -0.00224447366782, 4.59180118924e-05, 0.00134257471655, -0.00287070125341, 0.000970357679762, 0.00252076261677], [-0.000453521090094, 0.000809133169241, 0.000856568920426, -0.000389571679989, 0.000853363599163, -0.00295397941954, 0.00604838505387, -0.00343178655021, -0.00184911990073, 0.00114430615213, -0.00134930387139, -0.000357570883352, 0.0019216039218], [0.00119275168981, -0.000227037162404, -0.000806064868812, 0.000849570671562, 0.00296002114192, -0.00224447366782, -0.00343178655021, 0.014198763296, -0.00245366292074, -0.000734636734705, 0.00114118913189, -0.000445387704531, -0.00227717822418], [0.000579326413572, -0.000941248377785, -0.000420318450779, 0.000644534069579, -0.000292691722279, 4.59180118924e-05, -0.00184911990073, -0.00245366292074, 0.0137885781005, -0.00332649960183, 0.000990076805465, -0.000990741886199, 0.00225710286759], [4.50401148555e-06, 0.00125350581948, 1.96547007363e-05, -0.00168194121215, -0.000747703539673, 0.00134257471655, 0.00114430615213, -0.000734636734705, -0.00332649960183, 0.014282297343, -0.00735824508592, 0.0012445054017, -0.000340523198247], [-0.000591561372858, -0.0013658037642, -0.000155676083523, 0.0016579113435, -0.000475478300359, -0.00287070125341, -0.00134930387139, 0.00114118913189, 0.000990076805465, -0.00735824508592, 0.0152682168409, -0.00423035817221, 3.92105939682e-05], [-6.49652647553e-05, -0.000755069078878, -8.85298595676e-06, -0.00143789453432, 0.000849070609547, 0.000970357679762, -0.000357570883352, -0.000445387704531, -0.000990741886199, 0.0012445054017, -0.00423035817221, 0.0204675756395, -0.00860626064241], [0.000688851578161, 0.00159741740208, -0.000966152816545, 0.00038815633161, -8.44273017719e-06, 0.00252076261677, 0.0019216039218, -0.00227717822418, 0.00225710286759, -0.000340523198247, 3.92105939682e-05, -0.00860626064241, 0.0218723360449]]
    spectral_contrast:
        mean: [2.17469249719e-07, -3.67735651707e-07, -5.78401227358e-07, 5.32099988959e-07, 1.99758929398e-07, 9.22552061411e-08, -2.38057327806e-06, -7.94520190084e-07, -5.81735775995e-07, 1.14263082196e-06, -2.98717907299e-07, -1.01772499761e-07]
        var: [0.00053773651598, 0.00104494870175, 0.00124678562861, 0.00367164053023, 0.00498017156497, 0.010256675072, 0.100997425616, 0.20162075758, 0.25469788909, 0.5373878479, 1.00828766823, 2.1239130497]

rhythm:
    beats_loudness:
        dmean: 0.00302310381085
        dmean2: 0.00522685749456
        dvar: 8.18462558527e-06
        dvar2: 1.78518566827e-05
        max: 0.0149779347703
        mean: 0.00460755825043
        min: 0.00172229157761
        var: 9.97969891614e-06
    beats_loudness_bass:
        dmean: 0.292148500681
        dmean2: 0.539068102837
        dvar: 0.0443097986281
        dvar2: 0.0978651642799
        max: 0.764948010445
        mean: 0.299662530422
        min: 0.0257940962911
        var: 0.0534635409713
    bpm: 95.5612564087
    bpm_confidence: 0
    first_peak_bpm: 96
    first_peak_spread: 0
    first_peak_weight: 0.529411792755
    onset_rate: 5.99706315994
    second_peak_bpm: 126
    second_peak_spread: 0
    second_peak_weight: 0.411764711142
    beats_position: [0.289474517107, 0.917344868183, 1.54521524906, 2.17308568954, 2.80095601082, 3.42882657051, 4.05669689178, 4.68456697464, 5.3124370575, 5.94030761719, 6.43605566025, 6.91057825089, 7.38510036469, 7.85962295532, 8.33414554596, 8.80866718292, 9.28318977356, 9.7577123642]
    bpm_estimates: [95.6081466675, 95.6034851074, 95.6129150391, 95.3685379028, 95.7119216919, 95.4625396729]
    bpm_intervals: [0.627870321274, 0.627870380878, 0.627870440483, 0.627870321274, 0.627870559692, 0.627870321274, 0.627870082855, 0.627870082855, 0.627870559692, 0.49574804306, 0.474522590637, 0.4745221138, 0.474522590637, 0.474522590637, 0.474521636963, 0.474522590637, 0.474522590637]
    onset_times: [0.0580498874187, 0.232199549675, 0.27863946557, 0.452789127827, 0.615328788757, 0.754648506641, 0.905578255653, 1.10294783115, 1.14938771725, 1.24226760864, 1.38158726692, 1.54412698746, 1.71827661991, 1.88081634045, 2.02013611794, 2.19428563118, 2.28716564178, 2.50775504112, 2.64707493782, 2.80961441994, 2.9837641716, 3.28562355042, 3.43655323982, 3.64553284645, 3.69197273254, 3.76163268089, 3.9125623703, 4.07510185242, 4.17959165573, 4.40018129349, 4.55111122131, 4.72526073456, 5.1780500412, 5.34058952332, 5.49151945114, 5.80498886108, 5.95591831207, 6.11845827103, 6.28099775314, 6.43192720413, 6.54802703857, 6.91954660416, 7.05886602402, 7.25623559952, 7.38394546509, 7.54648542404, 7.74385499954, 7.85995483398, 8.0224943161, 8.17342376709, 8.32435417175, 8.48689365387, 8.67265319824, 8.80036258698, 8.96290206909, 9.11383247375, 9.287981987, 9.58984088898, 9.74077129364, 9.90331077576]
    rubato_start: [6.43605566025]
    rubato_stop: [6.91057825089]
    perceptual_tempo: "unknown"

sfx:
    inharmonicity:
        dmean: 0.029452688992
        dmean2: 0.0516914203763
        dvar: 0.0015915298136
        dvar2: 0.00425655953586
        max: 0.414023786783
        mean: 0.0294247623533
        min: 1.11132094389e-05
        var: 0.00173689378425
    oddtoevenharmonicenergyratio:
        dmean: 3.11929988861
        dmean2: 6.05040025711
        dvar: 548.446594238
        dvar2: 1641.5958252
        max: 338.915557861
        mean: 1.8793078661
        min: 3.13123455271e-05
        var: 276.198760986
    pitch_after_max_to_before_max_energy_ratio: 15.1791210175
    pitch_centroid: 197.647628784
    pitch_max_to_total: 0.0559440553188
    pitch_min_to_total: 0.340326339006
    tristimulus:
        dmean: [0.229477822781, 0.230130806565, 0.106996022165]
        dmean2: [0.400820612907, 0.402038455009, 0.18917247653]
        dvar: [0.0433809682727, 0.0416932925582, 0.0154506191611]
        dvar2: [0.107923835516, 0.116727821529, 0.0406889878213]
        max: [0.994435369968, 0.974803864956, 0.587992012501]
        mean: [0.501671791077, 0.362515419722, 0.107501752675]
        min: [0.00864026788622, 0, 0]
        var: [0.0782029777765, 0.0647803246975, 0.017056375742]

tonal:
    chords_changes_rate: 0.0462962947786
    chords_number_rate: 0.0138888889924
    chords_strength:
        dmean: 0.0171157810837
        dmean2: 0.0236745681614
        dvar: 0.000178995585884
        dvar2: 0.000348339235643
        max: 0.590627908707
        mean: 0.4388499856
        min: 0.314428925514
        var: 0.00396858947352
    key_strength: 0.263891130686
    tuning_diatonic_strength: 0.419611245394
    tuning_equal_tempered_deviation: 0.241522103548
    tuning_frequency: 445.627075195
    tuning_nontempered_energy_ratio: 0.929711818695
    hpcp:
        dmean: [0.266711264849, 0.221559762955, 0.209866032004, 0.215110227466, 0.225542634726, 0.239686891437, 0.213442087173, 0.212086722255, 0.226023852825, 0.195463106036, 0.177519619465, 0.203082412481, 0.23952627182, 0.188504502177, 0.163933351636, 0.204026401043, 0.189438313246, 0.156691104174, 0.150169223547, 0.147347047925, 0.156480953097, 0.134989142418, 0.129142150283, 0.148672267795, 0.151872515678, 0.143420651555, 0.136261254549, 0.131112337112, 0.141371190548, 0.163469612598, 0.187414586544, 0.217928737402, 0.224429428577, 0.261114001274, 0.263800889254, 0.254896193743]
        dmean2: [0.491327911615, 0.401214808226, 0.38158929348, 0.382179617882, 0.402310103178, 0.434095710516, 0.380270600319, 0.376699477434, 0.416903227568, 0.373260706663, 0.326324343681, 0.366518348455, 0.444128811359, 0.341994851828, 0.302694946527, 0.380236595869, 0.348767250776, 0.283433645964, 0.278885543346, 0.273644000292, 0.290227353573, 0.243674620986, 0.243578955531, 0.272128850222, 0.287151575089, 0.272123366594, 0.24861164391, 0.225016802549, 0.250854820013, 0.286363184452, 0.334196329117, 0.371935009956, 0.393048942089, 0.486949890852, 0.480510920286, 0.469589918852]
        dvar: [0.10484341532, 0.0666528865695, 0.0567731224, 0.0695126503706, 0.0790516063571, 0.0908578261733, 0.0692016035318, 0.0711630880833, 0.0663211047649, 0.0702682584524, 0.0584343224764, 0.0666985809803, 0.087510086596, 0.0563060976565, 0.0523005984724, 0.0767231807113, 0.053960442543, 0.0421140640974, 0.0588108561933, 0.0512952171266, 0.0689799934626, 0.0371782146394, 0.0384476222098, 0.0438830405474, 0.0539192520082, 0.0470421724021, 0.0401085652411, 0.0420370735228, 0.0431928820908, 0.0539031848311, 0.0666489303112, 0.0659432709217, 0.0613146089017, 0.0862613841891, 0.0947177261114, 0.0801313146949]
        dvar2: [0.289741933346, 0.188733518124, 0.137097850442, 0.166418105364, 0.216076776385, 0.249580770731, 0.178997024894, 0.185894221067, 0.174666598439, 0.186697170138, 0.162588492036, 0.179433569312, 0.209465667605, 0.142907142639, 0.148785203695, 0.215185791254, 0.135784208775, 0.113301515579, 0.168352037668, 0.146029546857, 0.200068950653, 0.104028150439, 0.110944919288, 0.129487484694, 0.155149042606, 0.126900196075, 0.098701685667, 0.0991068854928, 0.111334055662, 0.139542236924, 0.159547269344, 0.180623590946, 0.16289062798, 0.227994084358, 0.256977170706, 0.186702385545]
        max: [1, 1, 1, 1, 1, 1, 1, 1, 1, 1, 1, 1, 1, 1, 1, 1, 1, 1, 1, 1, 1, 1, 1, 1, 1, 1, 1, 1, 1, 1, 1, 1, 1, 1, 1, 1]
        mean: [0.200439065695, 0.181280076504, 0.191945463419, 0.199727877975, 0.192553639412, 0.186514183879, 0.171920716763, 0.18578709662, 0.183028101921, 0.146961003542, 0.134931877255, 0.166392058134, 0.190389499068, 0.156518146396, 0.132278382778, 0.159141466022, 0.165834084153, 0.147875323892, 0.123024433851, 0.1051389575, 0.114902764559, 0.111130706966, 0.104706726968, 0.112966746092, 0.111053004861, 0.105702459812, 0.11017152667, 0.109715461731, 0.112879797816, 0.130558729172, 0.15496212244, 0.190515175462, 0.205065563321, 0.206645026803, 0.218547075987, 0.216063186526]
        min: [0.000464373355499, 0.00129063392524, 0.00124956539366, 0.00144278700463, 0.000724736659322, 0.000707450148184, 0.000361535348929, 0.0019703079015, 0.00281162280589, 0.00143763714004, 0.000531662721187, 0.000354034651536, 0.000315525976475, 0.000969792890828, 0.00172210973687, 0.00121663510799, 0.00111103220843, 0.00264666625299, 0.00251327361912, 0.000682568119373, 0.000166887417436, 0.000150198640767, 0.000296442420222, 0.000207849545404, 0.00031997761107, 0.000586259062402, 0.000520733708981, 0.00036864480353, 0.000122508543427, 0.000181416602572, 0.000370846333681, 0.000565181777347, 0.00119455496315, 0.000677004805766, 0.000818776898086, 0.000260196480667]
        var: [0.08531498909, 0.0576203875244, 0.0629264786839, 0.073463074863, 0.0761160701513, 0.0763402506709, 0.0604613162577, 0.0624982565641, 0.057082708925, 0.0516784712672, 0.0482864864171, 0.0615108013153, 0.0792154595256, 0.0516051203012, 0.0398969389498, 0.0612614899874, 0.0525957196951, 0.0392549782991, 0.0412336289883, 0.0353040732443, 0.0490646697581, 0.0336096212268, 0.0279639493674, 0.0329496636987, 0.0362985059619, 0.0318554490805, 0.0342263579369, 0.0412268415093, 0.0362189523876, 0.0487914718688, 0.0631176009774, 0.0716407001019, 0.0725410059094, 0.0786367729306, 0.0871892943978, 0.081443272531]
    chords_histogram: [1.85185182095, 0, 0, 0, 0, 0, 0, 0, 0.925925910473, 0, 0, 0, 32.8703689575, 0, 0.462962955236, 0, 0, 63.8888893127, 0, 0, 0, 0, 0, 0]
    thpcp: [1, 0.98863452673, 0.917143642902, 0.829478383064, 0.878279685974, 0.913889527321, 0.881062507629, 0.853427946568, 0.78665304184, 0.850101053715, 0.837476789951, 0.67244553566, 0.617404162884, 0.761355698109, 0.871160149574, 0.716175913811, 0.605262637138, 0.728179335594, 0.758802592754, 0.676629185677, 0.562919616699, 0.481081515551, 0.525757491589, 0.508497774601, 0.479103773832, 0.516898930073, 0.508142232895, 0.483659923077, 0.504108905792, 0.502022087574, 0.516501069069, 0.597394108772, 0.709056019783, 0.871735155582, 0.938313007355, 0.945540130138]
    chords_key: "G"
    chords_scale: "major"
    key_key: "G#"
    key_scale: "minor"
    chords_progression: ["Cm", "Cm", "G", "G", "G", "G", "G", "G", "G", "G", "G", "G", "G", "G", "G", "G", "G", "G", "G", "G", "G", "G", "G", "G", "G", "G", "G", "G", "G", "G", "G", "G", "G", "G", "G", "G", "G", "G", "G", "G", "G", "G", "G", "G", "G", "G", "G", "G", "G", "G", "G", "G", "G", "G", "G", "G", "G", "G", "G", "G", "G", "G", "G", "G", "G", "G", "G", "G", "G", "G", "G", "G", "G", "G", "G", "G", "G", "G", "G", "G", "G", "G", "G", "G", "G", "G", "G", "G", "G", "G", "G", "G", "G", "G", "G", "G", "G", "G", "G", "G", "G", "G#m", "G#m", "G", "G", "G#m", "G#m", "G", "G", "G", "G", "G", "G", "G", "G", "G", "G", "G", "G", "G", "G", "G", "G", "G", "G", "G", "G", "G", "G", "G", "G", "G", "G", "G", "G", "G", "G", "G", "G", "G", "G", "G", "G", "Dm", "Dm", "Dm", "Dm", "Dm", "Dm", "Dm", "Dm", "Dm", "Dm", "Dm", "Dm", "Dm", "Dm", "Dm", "Dm", "Dm", "Dm", "Dm", "Dm", "Dm", "Dm", "Dm", "Dm", "Dm", "Dm", "Dm", "Dm", "Dm", "Dm", "Am", "Dm", "Dm", "Dm", "Dm", "Dm", "Dm", "Dm", "Dm", "Dm", "Dm", "Dm", "Dm", "Dm", "Dm", "Dm", "Dm", "Dm", "Dm", "Dm", "Dm", "Dm", "Dm", "Dm", "Dm", "Dm", "Dm", "Dm", "Dm", "Dm", "Dm", "G", "Dm", "Dm", "Dm", "Dm", "Dm", "Dm", "Dm", "Dm", "Dm", "Dm", "Dm"]
