
metadata:
    version:
        essentia: "1.2.2"
    audio_properties:
        analysis_sample_rate: 44100
        bitrate: 128
        channels: 2
        equal_loudness: 1
        length: 10.0310201645
        replay_gain: -15.004278183
        downmix: "mix"
    tags:
        track: 19
        year: 0
        album: "Splitted by Mp3Splt v. 2.1"
        artist: "From 003.00 To 003.10"
        comment: "http://mp3splt.sf.net"
        genre: ""
        title: "09 The Velourium Camper III- A"

highlevel:
    ballroom:
        all:
            ChaChaCha: 0.0293613001704
            Jive: 0.879617035389
            Quickstep: 0.00596332270652
            Rumba-American: 0.000171143110492
            Rumba-International: 0.000381797668524
            Rumba-Misc: 0.000147289872984
            Samba: 0.0786246433854
            Tango: 0.000328189664287
            VienneseWaltz: 0.00489121396095
            Waltz: 0.000514087209012
        probability: 0.879617035389
        value: "Jive"
    culture:
        all:
            non_western: 0.102114088833
            western: 0.897885918617
        probability: 0.897885918617
        value: "western"
    gender:
        all:
            female: 0.31060513854
            male: 0.689394831657
        probability: 0.689394831657
        value: "male"
    genre_dortmund:
        all:
            alternative: 0.032023716718
            blues: 0.00482167070732
            electronic: 0.0482561923563
            folkcountry: 0.0126396985725
            funksoulrnb: 0.00954483821988
            jazz: 0.0166075490415
            pop: 0.0166461709887
            raphiphop: 0.00763519993052
            rock: 0.851824939251
        probability: 0.851824939251
        value: "rock"
    genre_electronica:
        all:
            ambient: 0.0868833735585
            dnb: 0.736950576305
            house: 0.00313658593222
            techno: 0.0279804300517
            trance: 0.145049065351
        probability: 0.736950576305
        value: "dnb"
    genre_rosamerica:
        all:
            cla: 0.00773583119735
            dan: 0.0146712977439
            hip: 0.0314546450973
            jaz: 0.00150330644101
            pop: 0.00763207534328
            rhy: 0.000782719289418
            roc: 0.934569478035
            spe: 0.00165064702742
        probability: 0.934569478035
        value: "roc"
    genre_tzanetakis:
        all:
            blu: 0.00370290922001
            cla: 0.00723560806364
            cou: 0.0173857416958
            dis: 0.00805350672454
            hip: 0.0190632287413
            jaz: 0.0235896352679
            met: 0.823894202709
            pop: 0.0285994391888
            reg: 0.00353683670983
            roc: 0.064938865602
        probability: 0.823894202709
        value: "met"
    live_studio:
        all:
            live: 0.148760020733
            studio: 0.851239979267
        probability: 0.851239979267
        value: "studio"
    mood:
        all:
            Cluster1: 0.172415524721
            Cluster2: 0.0499679818749
            Cluster3: 0.00239080516621
            Cluster4: 0.0308659337461
            Cluster5: 0.744359731674
        probability: 0.744359731674
        value: "Cluster5"
    mood_acoustic:
        all:
            acoustic: 0.0137772280723
            not_acoustic: 0.986222743988
        probability: 0.986222743988
        value: "not_acoustic"
    mood_aggressive:
        all:
            aggressive: 0.999295830727
            not_aggressive: 0.000704156409483
        probability: 0.999295830727
        value: "aggressive"
    mood_electronic:
        all:
            electronic: 0.353262424469
            not_electronic: 0.646737575531
        probability: 0.646737575531
        value: "not_electronic"
    mood_happy:
        all:
            happy: 0.0544023066759
            not_happy: 0.945597708225
        probability: 0.945597708225
        value: "not_happy"
    mood_party:
        all:
            not_party: 0.137869030237
            party: 0.862130999565
        probability: 0.862130999565
        value: "party"
    mood_relaxed:
        all:
            not_relaxed: 0.356741070747
            relaxed: 0.643258929253
        probability: 0.643258929253
        value: "relaxed"
    mood_sad:
        all:
            not_sad: 0.997825443745
            sad: 0.00217457022518
        probability: 0.997825443745
        value: "not_sad"
    rhythm:
        all:
            fast: 0.626216650009
            medium: 0.27610117197
            slow: 0.0976822003722
        probability: 0.626216650009
        value: "fast"
    speech_music:
        all:
            music: 0.992187559605
            speech: 0.00781246367842
        probability: 0.992187559605
        value: "music"
    timbre:
        all:
            bright: 0.0405942834914
            dark: 0.959405720234
        probability: 0.959405720234
        value: "dark"
    voice_instrumental:
        all:
            instrumental: 0.938553154469
            voice: 0.0614468194544
        probability: 0.938553154469
        value: "instrumental"

lowlevel:
    average_loudness: 0.983302652836
    barkbands_kurtosis:
        dmean: 0.467766582966
        dmean2: 0.740186810493
        dvar: 0.367630302906
        dvar2: 0.861846089363
        max: 6.83876132965
        mean: -1.037348032
        min: -1.80004715919
        var: 0.725817143917
    barkbands_skewness:
        dmean: 0.372378587723
        dmean2: 0.59780561924
        dvar: 0.0993319228292
        dvar2: 0.270707070827
        max: 0.942409932613
        mean: -0.424661338329
        min: -2.56117796898
        var: 0.242309257388
    barkbands_spread:
        dmean: 5.59912586212
        dmean2: 9.18381786346
        dvar: 27.8238067627
        dvar2: 73.1927108765
        max: 59.5658798218
        mean: 33.7557792664
        min: 11.5368032455
        var: 54.216342926
    dissonance:
        dmean: 0.0098319016397
        dmean2: 0.0168548282236
        dvar: 7.97700122348e-05
        dvar2: 0.000214150379179
        max: 0.499534547329
        mean: 0.484403043985
        min: 0.438455820084
        var: 0.000123609599541
    hfc:
        dmean: 3.14547348022
        dmean2: 5.00539398193
        dvar: 25.667596817
        dvar2: 68.2202148438
        max: 41.9984436035
        mean: 8.97760391235
        min: 0.547049820423
        var: 32.8452377319
    pitch:
        dmean: 1292.10327148
        dmean2: 2491.30908203
        dvar: 1785414
        dvar2: 4404355.5
        max: 4009.09082031
        mean: 2310.76196289
        min: 79.4594573975
        var: 1989944.375
    pitch_instantaneous_confidence:
        dmean: 0.0731482058764
        dmean2: 0.117746144533
        dvar: 0.00356985093094
        dvar2: 0.00943455751985
        max: 0.735943377018
        mean: 0.308165132999
        min: 0.152384519577
        var: 0.00690017640591
    pitch_salience:
        dmean: 0.0498602129519
        dmean2: 0.0872233211994
        dvar: 0.00200858269818
        dvar2: 0.00618564570323
        max: 0.838483810425
        mean: 0.716997563839
        min: 0.51481282711
        var: 0.00275277206674
    silence_rate_20dB:
        dmean: 0
        dmean2: 0
        dvar: 0
        dvar2: 0
        max: 1
        mean: 1
        min: 1
        var: 0
    silence_rate_30dB:
        dmean: 0
        dmean2: 0
        dvar: 0
        dvar2: 0
        max: 1
        mean: 1
        min: 1
        var: 0
    silence_rate_60dB:
        dmean: 0.157772615552
        dmean2: 0.313953489065
        dvar: 0.132880017161
        dvar2: 0.252595216036
        max: 1
        mean: 0.310185194016
        min: 0
        var: 0.213970273733
    spectral_centroid:
        dmean: 254.424575806
        dmean2: 414.276763916
        dvar: 44837.03125
        dvar2: 125816.867188
        max: 2970.08862305
        mean: 2015.80407715
        min: 1024.90441895
        var: 112820.742188
    spectral_complexity:
        dmean: 4.63636350632
        dmean2: 7.07710266113
        dvar: 23.629983902
        dvar2: 48.5992584229
        max: 49
        mean: 19.2000007629
        min: 0
        var: 61.3134231567
    spectral_crest:
        dmean: 1.63899028301
        dmean2: 2.80718255043
        dvar: 2.31210279465
        dvar2: 6.66908407211
        max: 16.5624885559
        mean: 5.71855926514
        min: 2.94381523132
        var: 3.17187309265
    spectral_decrease:
        dmean: 3.88857890332e-10
        dmean2: 6.46619480182e-10
        dvar: 5.3047521783e-19
        dvar2: 1.3723236555e-18
        max: -6.95557500485e-11
        mean: -9.83241821295e-10
        min: -4.99579888569e-09
        var: 4.99932762783e-19
    spectral_energy:
        dmean: 0.0017306843074
        dmean2: 0.00285898172297
        dvar: 1.0132153875e-05
        dvar2: 2.62247667706e-05
        max: 0.0226646717638
        mean: 0.00452527916059
        min: 0.000312150892569
        var: 9.92676450551e-06
    spectral_energyband_high:
        dmean: 0.000187543744687
        dmean2: 0.000313267955789
        dvar: 8.09316986761e-08
        dvar2: 2.13039101027e-07
        max: 0.00194616510998
        mean: 0.000382024707505
        min: 3.65068372048e-05
        var: 9.53429406536e-08
    spectral_energyband_low:
        dmean: 0.000168486090843
        dmean2: 0.000295522186207
        dvar: 9.05691877051e-08
        dvar2: 2.61373713784e-07
        max: 0.00222983863205
        mean: 0.000200370370294
        min: 6.11276209384e-06
        var: 6.81267948721e-08
    spectral_energyband_middle_high:
        dmean: 0.000806908938102
        dmean2: 0.00127540412359
        dvar: 1.48911897213e-06
        dvar2: 3.87742011299e-06
        max: 0.0127123426646
        mean: 0.00243948912248
        min: 0.000103681020846
        var: 2.26037468565e-06
    spectral_energyband_middle_low:
        dmean: 0.000933723698836
        dmean2: 0.00157956581097
        dvar: 3.6369690406e-06
        dvar2: 9.58904274739e-06
        max: 0.0116083929315
        mean: 0.0015033375239
        min: 4.02113655582e-05
        var: 3.03030560644e-06
    spectral_flatness_db:
        dmean: 0.0109978765249
        dmean2: 0.0175690688193
        dvar: 8.16124374978e-05
        dvar2: 0.000206689757761
        max: 0.196669533849
        mean: 0.130497127771
        min: 0.0897035747766
        var: 0.00022934077424
    spectral_flux:
        dmean: 0.00884754490107
        dmean2: 0.0126120243222
        dvar: 0.000154723224114
        dvar2: 0.000273357203696
        max: 0.117635816336
        mean: 0.0434380359948
        min: 0.010057689622
        var: 0.000303740758682
    spectral_kurtosis:
        dmean: 0.981147170067
        dmean2: 1.64415848255
        dvar: 0.987377405167
        dvar2: 2.54778146744
        max: 12.1547784805
        mean: 3.31814193726
        min: 0.976863622665
        var: 1.49118494987
    spectral_rms:
        dmean: 0.000341726379702
        dmean2: 0.000532566395123
        dvar: 2.5335589271e-07
        dvar2: 6.0835458271e-07
        max: 0.00470232637599
        mean: 0.00201307749376
        min: 0.000551849137992
        var: 3.62424685818e-07
    spectral_rolloff:
        dmean: 171.211532593
        dmean2: 292.911895752
        dvar: 23544.8769531
        dvar2: 63216.9375
        max: 4306.640625
        mean: 3566.14819336
        min: 2497.8515625
        var: 51751.03125
    spectral_skewness:
        dmean: 0.14980456233
        dmean2: 0.249987378716
        dvar: 0.0216674152762
        dvar2: 0.0511626899242
        max: 3.04348778725
        mean: 1.2545491457
        min: 0.677409052849
        var: 0.0373705103993
    spectral_spread:
        dmean: 374837.65625
        dmean2: 570865.5625
        dvar: 200957804544
        dvar2: 353992015872
        max: 9613013
        mean: 4240199
        min: 2317303.5
        var: 501795946496
    spectral_strongpeak:
        dmean: 0.566799104214
        dmean2: 1.00351393223
        dvar: 0.483260184526
        dvar2: 1.28559958935
        max: 4.23457431793
        mean: 0.620186328888
        min: 0.0128583908081
        var: 0.511612415314
    zerocrossingrate:
        dmean: 0.00675171194598
        dmean2: 0.00872859731317
        dvar: 3.48642461176e-05
        dvar2: 4.87166944367e-05
        max: 0.14501953125
        mean: 0.111152119935
        min: 0.05078125
        var: 0.000158176393597
    barkbands:
        dmean: [8.76687295204e-07, 6.95704293321e-05, 0.000112604051537, 0.000101516459836, 0.000477100140415, 0.00011803147936, 0.000196815381059, 0.000228845412494, 0.00013147345453, 5.87075046496e-05, 3.2375286537e-05, 3.07148438878e-05, 3.63437648048e-05, 5.36308943992e-05, 6.2394879933e-05, 0.00016022042837, 0.000296318961773, 0.000169712075149, 0.000300748681184, 0.000179674680112, 0.000100285891676, 2.14234369196e-05, 4.4792418521e-06, 1.79770756858e-06, 7.85895281297e-07, 2.85067454087e-08, 1.37533973099e-09]
        dmean2: [1.33543039738e-06, 0.00012500907178, 0.000197418106836, 0.00016683798458, 0.000849820964504, 0.000206860873732, 0.000346736662323, 0.000383376609534, 0.000210986749153, 9.56493022386e-05, 5.46419396414e-05, 4.97110631841e-05, 6.21330182184e-05, 9.24415289774e-05, 0.000105150480522, 0.000276146078249, 0.000465732096927, 0.000275649130344, 0.000498257402796, 0.000299942563288, 0.000167048434378, 3.43418942066e-05, 7.35948651709e-06, 2.77604772236e-06, 1.15779289445e-06, 4.22433146241e-08, 1.53347212706e-09]
        dvar: [2.59440017213e-12, 2.20913527471e-08, 3.59756882062e-08, 1.69609517542e-08, 1.2316207858e-06, 5.16240135084e-08, 1.39372275498e-07, 1.61426157774e-07, 3.10136947235e-08, 6.30966301429e-09, 2.044446612e-09, 1.76389636231e-09, 3.6267733261e-09, 6.80869671754e-09, 7.71687425072e-09, 5.17345917217e-08, 2.0260657152e-07, 4.76578705388e-08, 1.30204185211e-07, 1.06330887206e-07, 1.87439770372e-08, 8.58114301838e-10, 7.43012110171e-11, 7.48257098643e-12, 1.50234306332e-12, 2.86902616498e-15, 5.69812986722e-16]
        dvar2: [5.45198478377e-12, 6.21365501274e-08, 1.09117500813e-07, 4.05207813969e-08, 3.35477830049e-06, 1.4687930161e-07, 3.98093391141e-07, 4.34906183955e-07, 6.9968933758e-08, 1.54428754229e-08, 5.15856513061e-09, 4.32454472232e-09, 1.00628483324e-08, 1.89559195007e-08, 1.98262686268e-08, 1.42430110373e-07, 4.17317920665e-07, 1.28189839188e-07, 3.68506277937e-07, 2.92919452249e-07, 4.80384123591e-08, 2.07872008495e-09, 2.00480382295e-10, 1.77457441103e-11, 3.10334917486e-12, 5.93529411613e-15, 5.70703588927e-16]
        max: [1.0112938071e-05, 0.000889132265002, 0.00152915529907, 0.00176999648102, 0.00737697072327, 0.00175529229455, 0.00267336028628, 0.00321273691952, 0.00199438328855, 0.000779246794991, 0.000432690081652, 0.000491272483487, 0.000689243606757, 0.000801749061793, 0.000737194670364, 0.00171805464197, 0.00870642531663, 0.00204681535251, 0.00305264350027, 0.00295834150165, 0.00125841272529, 0.000213890525629, 9.99678377411e-05, 2.09245354199e-05, 8.94073127711e-06, 4.86991211801e-07, 4.95553024393e-07]
        mean: [8.97706343039e-07, 6.65860425215e-05, 0.000132945278892, 0.000127202845761, 0.000443361175712, 0.000146718710312, 0.000237843225477, 0.000293452001642, 0.000237032654695, 0.00010147212015, 4.79383779748e-05, 4.94164742122e-05, 5.9647103626e-05, 8.83336397237e-05, 0.000100329794805, 0.000256509054452, 0.000566385046113, 0.00033053624793, 0.000678071402945, 0.000321941886796, 0.000180793635081, 4.337921564e-05, 8.70786607265e-06, 3.94376365875e-06, 1.79026505975e-06, 4.43736034583e-08, 1.39087030782e-09]
        min: [1.1347969231e-09, 5.81298593261e-07, 2.50030961979e-06, 1.02284923287e-06, 2.43632803176e-06, 3.53983409696e-06, 3.68247810911e-06, 9.60429929364e-07, 1.89215245427e-06, 5.57725797989e-07, 8.84881671936e-07, 7.89436342075e-07, 7.65804770708e-07, 1.90926039068e-06, 1.21472987757e-06, 8.41634027893e-06, 1.28592155306e-05, 8.7450916908e-06, 2.84651687252e-05, 2.36348805629e-05, 1.84171822184e-05, 2.58195882452e-06, 3.34273266844e-07, 9.59459356409e-08, 1.30178907654e-08, 2.94935104117e-10, 7.27125607988e-14]
        var: [3.09935909402e-12, 1.50015235789e-08, 2.76922715869e-08, 2.66168740382e-08, 9.02278827652e-07, 3.90173369169e-08, 1.05514736504e-07, 1.48620927121e-07, 7.55890212645e-08, 9.75324176977e-09, 2.64221466928e-09, 2.68552047267e-09, 3.67723140826e-09, 6.58927801211e-09, 9.68243263344e-09, 5.83033354928e-08, 3.8012737491e-07, 6.32594776562e-08, 1.76693404796e-07, 1.06642460196e-07, 2.3311372388e-08, 1.3164263013e-09, 7.96533464187e-11, 1.32591160273e-11, 3.1149785442e-12, 3.90945134542e-15, 5.69318795937e-16]
    mfcc:
        mean: [-690.026977539, 96.1985473633, -54.2916908264, 56.8204650879, -15.2746524811, -15.9370632172, -6.71279239655, -2.54405498505, 1.97937226295, -0.281062334776, -2.49007105827, -2.04172301292, -6.19833517075]
        cov: [[1110.04455566, -181.808044434, 83.7732849121, -109.223167419, -80.3409576416, -61.8418006897, -108.451301575, -42.2463111877, -39.0243110657, -17.5573539734, -47.7105751038, -47.8488845825, -41.2300071716], [-181.808044434, 298.521606445, -86.6428375244, 58.172744751, -6.33322429657, 19.518579483, 25.0041484833, 25.3058872223, 4.08250045776, 2.9052054882, 17.9079113007, -5.05974721909, -0.643085479736], [83.7732849121, -86.6428375244, 203.39654541, 14.1814165115, 12.1358718872, -16.2390594482, -11.5291633606, -15.1768712997, 11.2047109604, 7.55317163467, 14.3243932724, 26.4255466461, 16.1947078705], [-109.223167419, 58.172744751, 14.1814165115, 93.8552474976, 28.328830719, 23.7693576813, 17.160572052, 19.240858078, 9.2265920639, 6.39903497696, 18.0237159729, 17.2447891235, 15.3454418182], [-80.3409576416, -6.33322429657, 12.1358718872, 28.328830719, 64.7555847168, 30.1195869446, 18.5160083771, 0.672721683979, 15.4306154251, 7.22247314453, 10.6756696701, 12.8710756302, 9.6972360611], [-61.8418006897, 19.518579483, -16.2390594482, 23.7693576813, 30.1195869446, 87.1215515137, 49.2750053406, 24.3026237488, 10.3953075409, 6.89336395264, 7.94824981689, -0.492502212524, -3.45145630836], [-108.451301575, 25.0041484833, -11.5291633606, 17.160572052, 18.5160083771, 49.2750053406, 72.1650619507, 38.8291893005, 16.8285865784, 5.23451662064, 7.65350198746, 3.84003353119, 3.85371899605], [-42.2463111877, 25.3058872223, -15.1768712997, 19.240858078, 0.672721683979, 24.3026237488, 38.8291893005, 79.6383743286, 33.7043075562, 15.2312841415, 7.8066701889, 6.22406625748, 0.885774970055], [-39.0243110657, 4.08250045776, 11.2047109604, 9.2265920639, 15.4306154251, 10.3953075409, 16.8285865784, 33.7043075562, 65.0316085815, 30.6107597351, 17.7143173218, 8.41981124878, 5.19100856781], [-17.5573539734, 2.9052054882, 7.55317163467, 6.39903497696, 7.22247314453, 6.89336395264, 5.23451662064, 15.2312841415, 30.6107597351, 53.0750732422, 31.1274318695, 14.5590305328, 6.26727294922], [-47.7105751038, 17.9079113007, 14.3243932724, 18.0237159729, 10.6756696701, 7.94824981689, 7.65350198746, 7.8066701889, 17.7143173218, 31.1274318695, 50.5181388855, 31.209526062, 15.1754417419], [-47.8488845825, -5.05974721909, 26.4255466461, 17.2447891235, 12.8710756302, -0.492502212524, 3.84003353119, 6.22406625748, 8.41981124878, 14.5590305328, 31.209526062, 56.3780670166, 32.4712409973], [-41.2300071716, -0.643085479736, 16.1947078705, 15.3454418182, 9.6972360611, -3.45145630836, 3.85371899605, 0.885774970055, 5.19100856781, 6.26727294922, 15.1754417419, 32.4712409973, 47.8343162537]]
        icov: [[0.00137633469421, 0.000434166693594, -0.000648520188406, 0.00089950801339, 0.000986101687886, -0.000928325462155, 0.00226135994308, -0.000817539461423, 0.000466016528662, -0.000180599439773, 0.000177740104846, 0.000769393518567, 8.36228355183e-05], [0.000434166693594, 0.00516713224351, 0.0020712944679, -0.00351399579085, 0.00234471983276, 0.000199010857614, -0.00055970007088, 0.000128213738208, -0.000392855668906, 0.00106415722985, -0.00282796169631, 0.00173220783472, 7.59899048717e-05], [-0.000648520188406, 0.0020712944679, 0.00693574454635, -0.00300601427443, 8.66457048687e-05, 0.00174754520413, -0.00171507743653, 0.00241446588188, -0.00219492125325, 0.000724969082512, -0.000959022552706, -0.00238064094447, 0.000350546062691], [0.00089950801339, -0.00351399579085, -0.00300601427443, 0.0179137196392, -0.00626741303131, -0.00295527977869, 0.00411871029064, -0.00554910488427, 0.00277337897569, 0.00134437473025, -0.00268917251378, 0.000743513752241, -0.00330143049359], [0.000986101687886, 0.00234471983276, 8.66457048687e-05, -0.00626741303131, 0.0255265664309, -0.00746179604903, -0.00142515264452, 0.00705904280767, -0.0071332231164, 0.000804578361567, 0.00141020456795, -0.00336760142818, -0.000359116645996], [-0.000928325462155, 0.000199010857614, 0.00174754520413, -0.00295527977869, -0.00746179604903, 0.0230219624937, -0.0148713150993, 0.000207067030715, 0.00226598768495, -0.00184369867202, -0.00169971887954, 0.00117937847972, 0.00366132659838], [0.00226135994308, -0.00055970007088, -0.00171507743653, 0.00411871029064, -0.00142515264452, -0.0148713150993, 0.0333919748664, -0.0125802159309, 0.000535827188287, 0.00362790282816, -0.00242189946584, 0.0034262619447, -0.00413134600967], [-0.000817539461423, 0.000128213738208, 0.00241446588188, -0.00554910488427, 0.00705904280767, 0.000207067030715, -0.0125802159309, 0.025092817843, -0.0115336263552, -0.00186482723802, 0.00495102582499, -0.00621255906299, 0.00353505089879], [0.000466016528662, -0.000392855668906, -0.00219492125325, 0.00277337897569, -0.0071332231164, 0.00226598768495, 0.000535827188287, -0.0115336263552, 0.028758123517, -0.0127235408872, -0.00117958465125, 0.00414167856798, -0.00186128087807], [-0.000180599439773, 0.00106415722985, 0.000724969082512, 0.00134437473025, 0.000804578361567, -0.00184369867202, 0.00362790282816, -0.00186482723802, -0.0127235408872, 0.0385260768235, -0.022869868204, 0.00375190074556, -0.000330330833094], [0.000177740104846, -0.00282796169631, -0.000959022552706, -0.00268917251378, 0.00141020456795, -0.00169971887954, -0.00242189946584, 0.00495102582499, -0.00117958465125, -0.022869868204, 0.0493483021855, -0.0232211407274, 0.00422929460183], [0.000769393518567, 0.00173220783472, -0.00238064094447, 0.000743513752241, -0.00336760142818, 0.00117937847972, 0.0034262619447, -0.00621255906299, 0.00414167856798, 0.00375190074556, -0.0232211407274, 0.0445964857936, -0.0219867136329], [8.36228355183e-05, 7.59899048717e-05, 0.000350546062691, -0.00330143049359, -0.000359116645996, 0.00366132659838, -0.00413134600967, 0.00353505089879, -0.00186128087807, -0.000330330833094, 0.00422929460183, -0.0219867136329, 0.0363520905375]]
    spectral_contrast:
        mean: [6.33134732198e-07, 3.46708645793e-07, 4.00901882358e-07, -4.41109023086e-07, 8.85579467536e-08, 1.41387763719e-08, 1.15376576559e-06, 2.07327138924e-06, 5.56506392968e-06, -4.65020178808e-07, -1.62422657013e-06, 3.66561630472e-06]
        var: [0.00027768817381, 0.000415094167693, 0.000755893648602, 0.00173901277594, 0.00193485536147, 0.00322346948087, 0.0285923890769, 0.052105166018, 0.136739939451, 0.163839966059, 0.260472804308, 0.648779511452]

rhythm:
    beats_loudness:
        dmean: 0.00201944471337
        dmean2: 0.00376081746072
        dvar: 3.08787184622e-06
        dvar2: 8.85149984242e-06
        max: 0.00880626868457
        mean: 0.00676874583587
        min: 0.00247029936872
        var: 2.61539048552e-06
    beats_loudness_bass:
        dmean: 0.0511764399707
        dmean2: 0.0889604240656
        dvar: 0.00446514971554
        dvar2: 0.012316159904
        max: 0.237058997154
        mean: 0.0433620065451
        min: 0.0112418215722
        var: 0.00285481568426
    bpm: 109.857933044
    bpm_confidence: 0
    first_peak_bpm: 109
    first_peak_spread: 0.411764681339
    first_peak_weight: 0.588235318661
    onset_rate: 3.68855810165
    second_peak_bpm: 0
    second_peak_spread: 0
    second_peak_weight: 0
    beats_position: [0.397414237261, 0.94690990448, 1.49640548229, 2.0459010601, 2.59539675713, 3.14489221573, 3.69438767433, 4.24388313293, 4.79337882996, 5.34287405014, 5.89236927032, 6.45274019241, 6.99564743042, 7.53855514526, 8.08146286011, 8.62437057495, 9.16727733612, 9.71018505096]
    bpm_estimates: [109.807289124, 109.442726135, 109.478378296, 109.016929626, 108.984016418, 108.094367981, 108.950309753, 109.774559021, 110.50025177, 110.294197083, 110.59236908, 110.268089294, 108.844947815, 110.712272644, 112.071266174, 110.894935608]
    bpm_intervals: [0.549495697021, 0.549495577812, 0.549495577812, 0.549495697021, 0.549495458603, 0.549495458603, 0.549495458603, 0.549495697021, 0.549495220184, 0.549495220184, 0.560370922089, 0.542907238007, 0.542907714844, 0.542907714844, 0.542907714844, 0.542906761169, 0.542907714844]
    onset_times: [0.0580498874187, 0.174149662256, 0.568888902664, 0.940408170223, 1.30031740665, 1.48607707024, 1.71827661991, 2.04335594177, 2.42648530006, 2.60063481331, 2.80961441994, 3.16952371597, 3.52943301201, 3.7151927948, 3.92417240143, 4.26086187363, 4.60916090012, 4.95746040344, 5.30575942993, 5.72371864319, 5.89786863327, 6.1068482399, 6.44353723526, 6.81505680084, 6.98920631409, 7.20979595184, 7.54648542404, 7.89478445053, 8.08054447174, 8.28952407837, 8.60299301147, 8.98612213135, 9.14866256714, 9.32281208038, 9.49696159363, 9.71755123138, 9.7639913559]
    rubato_start: []
    rubato_stop: []
    perceptual_tempo: "unknown"

sfx:
    inharmonicity:
        dmean: 0.0580031126738
        dmean2: 0.101185619831
        dvar: 0.00335678132251
        dvar2: 0.0096795251593
        max: 0.37461656332
        mean: 0.0744542405009
        min: 0.00107775116339
        var: 0.00371235888451
    oddtoevenharmonicenergyratio:
        dmean: 1.96890056133
        dmean2: 3.6927087307
        dvar: 20.3848285675
        dvar2: 60.5932350159
        max: 45.9384689331
        mean: 1.46088194847
        min: 0.00498519930989
        var: 11.6139802933
    pitch_after_max_to_before_max_energy_ratio: 2.23921489716
    pitch_centroid: 217.296035767
    pitch_max_to_total: 0.325581401587
    pitch_min_to_total: 0.0860465094447
    tristimulus:
        dmean: [0.144649848342, 0.288838922977, 0.201100379229]
        dmean2: [0.248834088445, 0.510229408741, 0.362779319286]
        dvar: [0.012777119875, 0.0435883924365, 0.0256773624569]
        dvar2: [0.0342360883951, 0.128717362881, 0.0738755464554]
        max: [0.698025107384, 0.972024083138, 0.734353303909]
        mean: [0.257614791393, 0.493623137474, 0.177243739367]
        min: [0.0078607685864, 0, 0]
        var: [0.0193464010954, 0.0636694431305, 0.0313091017306]

tonal:
    chords_changes_rate: 0.0972222238779
    chords_number_rate: 0.037037037313
    chords_strength:
        dmean: 0.0137216486037
        dmean2: 0.0153366960585
        dvar: 0.000101241668744
        dvar2: 0.000141678348882
        max: 0.722783684731
        mean: 0.473187685013
        min: 0.293848365545
        var: 0.00862441491336
    key_strength: 0.620956599712
    tuning_diatonic_strength: 0.608723402023
    tuning_equal_tempered_deviation: 0.134675294161
    tuning_frequency: 442.03793335
    tuning_nontempered_energy_ratio: 0.82270693779
    hpcp:
        dmean: [0.240641862154, 0.16813492775, 0.164277136326, 0.172810688615, 0.167742535472, 0.190861001611, 0.195790618658, 0.157794758677, 0.155215084553, 0.16717389226, 0.182982191443, 0.200260341167, 0.244619593024, 0.21058665216, 0.207682803273, 0.262013822794, 0.226482391357, 0.198768094182, 0.205483213067, 0.200312703848, 0.210511222482, 0.206886917353, 0.165689334273, 0.175447314978, 0.15573810041, 0.163916900754, 0.175297364593, 0.184967309237, 0.1533703655, 0.17117421329, 0.19868350029, 0.189868494868, 0.220933556557, 0.22473423183, 0.203275635839, 0.256096929312]
        dmean2: [0.403424561024, 0.270905226469, 0.282703727484, 0.295278578997, 0.281295031309, 0.327854037285, 0.332221388817, 0.272190272808, 0.2547095716, 0.279008030891, 0.315310031176, 0.345086425543, 0.417065173388, 0.367515236139, 0.359726428986, 0.465505719185, 0.374883681536, 0.328321933746, 0.335140377283, 0.328631490469, 0.350405037403, 0.353915959597, 0.297651857138, 0.315945565701, 0.275680065155, 0.284710794687, 0.305857330561, 0.308022141457, 0.259419232607, 0.294320046902, 0.340348780155, 0.325499981642, 0.369409412146, 0.366017490625, 0.339272856712, 0.441898703575]
        dvar: [0.0359445400536, 0.0158247370273, 0.0238294713199, 0.0339034944773, 0.0289098322392, 0.0327142775059, 0.0350382998586, 0.0223166681826, 0.0221591126174, 0.0235278587788, 0.0275560282171, 0.0318717174232, 0.0448428280652, 0.033489651978, 0.0329704321921, 0.0584651641548, 0.0327322371304, 0.0289326366037, 0.0302072186023, 0.0303698033094, 0.0322220288217, 0.0335503518581, 0.0235472973436, 0.0246546305716, 0.0214539505541, 0.0289727430791, 0.0314728692174, 0.0372102335095, 0.0286105405539, 0.0262049976736, 0.0389897711575, 0.0363641120493, 0.0406137369573, 0.0352534838021, 0.0311725884676, 0.0402327738702]
        dvar2: [0.0978232398629, 0.0485692769289, 0.0687526017427, 0.0871670767665, 0.0705415606499, 0.0900468528271, 0.100067764521, 0.0648907646537, 0.0575327016413, 0.0577647089958, 0.0728202015162, 0.0864934846759, 0.132389128208, 0.0956699922681, 0.0928388312459, 0.144407615066, 0.0935246869922, 0.0767890363932, 0.0734351947904, 0.0711569339037, 0.0851881206036, 0.0876329168677, 0.0656459927559, 0.0637510046363, 0.0534166246653, 0.0775568783283, 0.0867776349187, 0.0902143344283, 0.0710558742285, 0.0736495703459, 0.0837927386165, 0.0897385403514, 0.106550112367, 0.0921145007014, 0.077018044889, 0.108270205557]
        max: [1, 1, 1, 1, 1, 1, 1, 1, 1, 1, 1, 1, 1, 1, 1, 1, 1, 1, 1, 1, 1, 1, 1, 1, 1, 1, 1, 1, 1, 1, 1, 1, 1, 1, 1, 1]
        mean: [0.486900061369, 0.378696829081, 0.322192400694, 0.295031547546, 0.278624653816, 0.331169635057, 0.359303206205, 0.283470869064, 0.253438025713, 0.28405970335, 0.317648917437, 0.377549916506, 0.435524821281, 0.382609039545, 0.386244148016, 0.486693948507, 0.448158442974, 0.370583325624, 0.350815087557, 0.327008038759, 0.360726684332, 0.353113770485, 0.271396577358, 0.273703098297, 0.297605454922, 0.288184374571, 0.309497267008, 0.312328547239, 0.264234274626, 0.287791579962, 0.343228310347, 0.33943092823, 0.405384212732, 0.449325948954, 0.456325858831, 0.526497542858]
        min: [0.0500124432147, 0.0593925639987, 0.036883957684, 0.0403338819742, 0.0320096984506, 0.0386389270425, 0.0411647707224, 0.0242859404534, 0.0235446300358, 0.0323619768023, 0.0227132793516, 0.0268102120608, 0.0542530342937, 0.0582389496267, 0.0599275529385, 0.04251261428, 0.0524037890136, 0.072076536715, 0.0442003197968, 0.0416381023824, 0.049980584532, 0.0298809316009, 0.0370720885694, 0.049029931426, 0.0526526719332, 0.0385994687676, 0.0577445887029, 0.0549643300474, 0.0412051156163, 0.0418729931116, 0.0300900712609, 0.0499591752887, 0.0747369229794, 0.0726116970181, 0.0827350020409, 0.0527416989207]
        var: [0.0624592453241, 0.0309160389006, 0.0331700704992, 0.0490637011826, 0.0448348671198, 0.0469404123724, 0.0566956214607, 0.0331148058176, 0.0357051081955, 0.0357688367367, 0.0331927239895, 0.041868403554, 0.0771139487624, 0.0537522882223, 0.0434246622026, 0.101024262607, 0.0609946548939, 0.0427550114691, 0.0447520054877, 0.0425496548414, 0.0460709519684, 0.0478937700391, 0.0265282616019, 0.0325356274843, 0.0469093620777, 0.0484544076025, 0.0427086651325, 0.0549251325428, 0.0371156968176, 0.0385174788535, 0.0639952272177, 0.0476018711925, 0.0585205554962, 0.0590136758983, 0.0524713993073, 0.0678737983108]
    chords_histogram: [24.0740737915, 0.462962955236, 2.77777767181, 0, 0, 0, 0, 0.925925910473, 0, 0, 0, 0, 26.851852417, 6.01851844788, 6.01851844788, 22.2222213745, 4.62962961197, 0, 0, 0, 0, 0, 6.01851844788, 0]
    thpcp: [1, 0.924790740013, 0.719275593758, 0.611954212189, 0.56036645174, 0.529204070568, 0.629005074501, 0.682440400124, 0.538408696651, 0.48136600852, 0.539527118206, 0.603324592113, 0.717097222805, 0.827211499214, 0.726706206799, 0.733610570431, 0.924399256706, 0.851207077503, 0.703865230083, 0.666318595409, 0.621100783348, 0.685144126415, 0.670684576035, 0.515475511551, 0.519856393337, 0.5652551651, 0.547361314297, 0.587841808796, 0.593219399452, 0.501871824265, 0.546615242958, 0.651908636093, 0.644696116447, 0.76996409893, 0.853424608707, 0.866719841957]
    chords_key: "G"
    chords_scale: "major"
    key_key: "C#"
    key_scale: "major"
    chords_progression: ["Fm", "F#m", "F#m", "F#m", "F#m", "F#m", "F#m", "F#m", "F#m", "F#m", "F#m", "F#m", "F#m", "F#m", "F#m", "F#m", "F#m", "F#m", "F#m", "F#m", "F#m", "F#m", "F#m", "F#m", "F#m", "F#m", "F#m", "F#m", "F#m", "F#m", "F#m", "F#m", "F#m", "F#m", "F#m", "F#m", "A", "A", "A", "A", "G#", "C#", "D", "C#", "G#", "G#", "G#", "G#", "G#", "G", "G", "G", "G", "G", "G", "G", "G", "G", "G", "G", "G", "G", "G", "G", "G", "G", "G", "G", "G", "G", "G", "G", "G", "G", "G", "G", "G", "G", "G", "G", "A", "A", "A", "A", "A", "A", "D", "D", "D", "D", "D", "D", "D", "D", "C#", "C#", "C#", "F#m", "F#m", "F#m", "F#m", "F#m", "F#m", "F#m", "F#m", "F#m", "F#m", "F#m", "F#m", "F#", "F#", "F#", "F#", "F#", "F#", "F#", "F#m", "F#", "F#", "F#", "F#", "F#", "F#", "C#", "C#", "C#", "Bm", "Bm", "Bm", "Bm", "Bm", "Bm", "Bm", "Bm", "Bm", "Bm", "Bm", "Bm", "Bm", "G", "G", "G", "G", "G", "G", "G", "G", "G", "G", "G", "G", "G", "G", "G", "G", "G", "G", "G", "G", "G", "G", "G", "G", "G", "G", "G", "D", "D", "D", "D", "C#", "C#", "C#", "C#", "C#", "C#", "C#", "C#", "C#", "C#", "C#", "C#", "C#", "C#", "C#", "C#", "C#", "C#", "C#", "C#", "C#", "C#", "C#", "C#", "C#", "C#", "C#", "C#", "C#", "C#", "C#", "C#", "C#", "C#", "C#", "C#", "C#", "C#", "C#", "C#", "C#", "C#", "C#", "C#", "Dm", "Dm"]
