
metadata:
    version:
        essentia: "1.2.2"
    audio_properties:
        analysis_sample_rate: 44100
        bitrate: 128
        channels: 2
        equal_loudness: 1
        length: 10.0310201645
        replay_gain: -7.8922290802
        downmix: "mix"
    tags:
        track: 38
        year: 0
        album: "Splitted by Mp3Splt v. 2.1"
        artist: "From 006.10 To 006.20"
        comment: "http://mp3splt.sf.net"
        genre: ""
        title: "02 Freddie Freeloader.mp3"

highlevel:
    ballroom:
        all:
            ChaChaCha: 0.0209500398487
            Jive: 0.0840447172523
            Quickstep: 0.548928141594
            Rumba-American: 0.0169146806002
            Rumba-International: 0.00817073602229
            Rumba-Misc: 0.00486597651616
            Samba: 0.0233866721392
            Tango: 0.258619487286
            VienneseWaltz: 0.0202529076487
            Waltz: 0.0138666080311
        probability: 0.548928141594
        value: "Quickstep"
    culture:
        all:
            non_western: 0.110981196165
            western: 0.889018833637
        probability: 0.889018833637
        value: "western"
    gender:
        all:
            female: 0.5
            male: 0.5
        probability: 0.5
        value: "female"
    genre_dortmund:
        all:
            alternative: 0.0114777190611
            blues: 0.0124714169651
            electronic: 0.000771420600358
            folkcountry: 0.0501234084368
            funksoulrnb: 0.00945388525724
            jazz: 0.887063920498
            pop: 0.018311502412
            raphiphop: 0.00112701917533
            rock: 0.00919971428812
        probability: 0.887063920498
        value: "jazz"
    genre_electronica:
        all:
            ambient: 0.74721634388
            dnb: 0.107178784907
            house: 0.0209514722228
            techno: 0.0041863983497
            trance: 0.12046700716
        probability: 0.74721634388
        value: "ambient"
    genre_rosamerica:
        all:
            cla: 0.000761241011787
            dan: 0.00124662625603
            hip: 0.00047047433327
            jaz: 0.992753624916
            pop: 0.00138585956302
            rhy: 0.0019005748909
            roc: 0.000965586979873
            spe: 0.000515996478498
        probability: 0.992753624916
        value: "jaz"
    genre_tzanetakis:
        all:
            blu: 0.00735837733373
            cla: 0.0132365580648
            cou: 0.0403569340706
            dis: 0.00777537468821
            hip: 0.00256433594041
            jaz: 0.806363463402
            met: 0.00185654079542
            pop: 0.0910425558686
            reg: 0.0216051433235
            roc: 0.00784071255475
        probability: 0.806363463402
        value: "jaz"
    live_studio:
        all:
            live: 0.0807931050658
            studio: 0.919206917286
        probability: 0.919206917286
        value: "studio"
    mood:
        all:
            Cluster1: 0.0507212802768
            Cluster2: 0.47812128067
            Cluster3: 0.135613664985
            Cluster4: 0.280806601048
            Cluster5: 0.0547371767461
        probability: 0.47812128067
        value: "Cluster2"
    mood_acoustic:
        all:
            acoustic: 0.302885740995
            not_acoustic: 0.697114288807
        probability: 0.697114288807
        value: "not_acoustic"
    mood_aggressive:
        all:
            aggressive: 0.0258578825742
            not_aggressive: 0.97414213419
        probability: 0.97414213419
        value: "not_aggressive"
    mood_electronic:
        all:
            electronic: 0.161563336849
            not_electronic: 0.838436663151
        probability: 0.838436663151
        value: "not_electronic"
    mood_happy:
        all:
            happy: 0.749117076397
            not_happy: 0.250882923603
        probability: 0.749117076397
        value: "happy"
    mood_party:
        all:
            not_party: 0.765451610088
            party: 0.234548404813
        probability: 0.765451610088
        value: "not_party"
    mood_relaxed:
        all:
            not_relaxed: 0.174440875649
            relaxed: 0.825559139252
        probability: 0.825559139252
        value: "relaxed"
    mood_sad:
        all:
            not_sad: 0.314938515425
            sad: 0.685061454773
        probability: 0.685061454773
        value: "sad"
    rhythm:
        all:
            fast: 0.846824705601
            medium: 0.136959835887
            slow: 0.016215454787
        probability: 0.846824705601
        value: "fast"
    speech_music:
        all:
            music: 0.999297082424
            speech: 0.000702888646629
        probability: 0.999297082424
        value: "music"
    timbre:
        all:
            bright: 0.974398910999
            dark: 0.0256010759622
        probability: 0.974398910999
        value: "bright"
    voice_instrumental:
        all:
            instrumental: 0.981425702572
            voice: 0.0185743011534
        probability: 0.981425702572
        value: "instrumental"

lowlevel:
    average_loudness: 0.963116943836
    barkbands_kurtosis:
        dmean: 0.734841763973
        dmean2: 1.1365480423
        dvar: 0.933998525143
        dvar2: 1.98912227154
        max: 8.64643573761
        mean: -0.0950540676713
        min: -1.82724475861
        var: 3.64160609245
    barkbands_skewness:
        dmean: 0.359529882669
        dmean2: 0.527562141418
        dvar: 0.122326366603
        dvar2: 0.251154005527
        max: 2.74655508995
        mean: 0.253192961216
        min: -1.97390770912
        var: 0.790756344795
    barkbands_spread:
        dmean: 3.76785135269
        dmean2: 5.73494720459
        dvar: 14.3725366592
        dvar2: 32.2760887146
        max: 47.0774650574
        mean: 23.9327373505
        min: 6.37357521057
        var: 74.4080581665
    dissonance:
        dmean: 0.0237452927977
        dmean2: 0.0406111776829
        dvar: 0.000440483709099
        dvar2: 0.00115603138693
        max: 0.49803674221
        mean: 0.445439606905
        min: 0.293614029884
        var: 0.000945288280491
    hfc:
        dmean: 1.91751873493
        dmean2: 2.85813450813
        dvar: 9.10289382935
        dvar2: 16.2177238464
        max: 36.2990684509
        mean: 6.1849155426
        min: 0.00160738464911
        var: 45.6664962769
    pitch:
        dmean: 196.001266479
        dmean2: 377.495391846
        dvar: 497962.25
        dvar2: 1346497.75
        max: 4009.09082031
        mean: 446.442443848
        min: 87.5
        var: 311110
    pitch_instantaneous_confidence:
        dmean: 0.114682473242
        dmean2: 0.177712574601
        dvar: 0.0182177200913
        dvar2: 0.0353796035051
        max: 0.978688299656
        mean: 0.702502727509
        min: 0.176111876965
        var: 0.0546673499048
    pitch_salience:
        dmean: 0.0483777038753
        dmean2: 0.0759788602591
        dvar: 0.0022916586604
        dvar2: 0.0052661173977
        max: 0.865475773811
        mean: 0.627734839916
        min: 0.331917762756
        var: 0.00898870080709
    silence_rate_20dB:
        dmean: 0
        dmean2: 0
        dvar: 0
        dvar2: 0
        max: 1
        mean: 1
        min: 1
        var: 0
    silence_rate_30dB:
        dmean: 0
        dmean2: 0
        dvar: 0
        dvar2: 0
        max: 1
        mean: 1
        min: 1
        var: 0
    silence_rate_60dB:
        dmean: 0.12037037313
        dmean2: 0.241299301386
        dvar: 0.10588093102
        dvar2: 0.215556755662
        max: 1
        mean: 0.584295630455
        min: 0
        var: 0.242894545197
    spectral_centroid:
        dmean: 230.523269653
        dmean2: 341.558044434
        dvar: 62207.7734375
        dvar2: 129104.75
        max: 2875.63647461
        mean: 1590.3482666
        min: 526.328796387
        var: 311047.9375
    spectral_complexity:
        dmean: 2.11832952499
        dmean2: 3.29999995232
        dvar: 6.41058826447
        dvar2: 12.7216320038
        max: 22
        mean: 7.21296310425
        min: 0
        var: 18.3713054657
    spectral_crest:
        dmean: 1.89742231369
        dmean2: 3.02008390427
        dvar: 2.88652467728
        dvar2: 6.54596376419
        max: 16.2922611237
        mean: 8.51387786865
        min: 3.27311110497
        var: 7.88246488571
    spectral_decrease:
        dmean: 2.04277081362e-10
        dmean2: 2.9730062856e-10
        dvar: 8.0389567218e-20
        dvar2: 1.38778017148e-19
        max: -5.67316538799e-13
        mean: -7.10955183614e-10
        min: -3.47803341683e-09
        var: 3.81009626502e-19
    spectral_energy:
        dmean: 0.000938330893405
        dmean2: 0.00137201265898
        dvar: 1.75689933712e-06
        dvar2: 3.03588194583e-06
        max: 0.0164193026721
        mean: 0.00324429688044
        min: 2.28697626881e-06
        var: 8.54138033901e-06
    spectral_energyband_high:
        dmean: 7.78869944043e-05
        dmean2: 0.000116769617307
        dvar: 2.63226276331e-08
        dvar2: 4.40836558369e-08
        max: 0.00219842675142
        mean: 0.000193823725567
        min: 3.35492877923e-08
        var: 1.10100963013e-07
    spectral_energyband_low:
        dmean: 3.04546156258e-05
        dmean2: 4.48650498583e-05
        dvar: 3.09637915308e-09
        dvar2: 5.61043478342e-09
        max: 0.000614223943558
        mean: 4.83069416077e-05
        min: 1.49847139141e-07
        var: 7.11693282085e-09
    spectral_energyband_middle_high:
        dmean: 0.000581516127568
        dmean2: 0.000873804325238
        dvar: 9.3940093393e-07
        dvar2: 1.70338500993e-06
        max: 0.0116341402754
        mean: 0.00194986211136
        min: 2.63589669203e-07
        var: 5.44238309885e-06
    spectral_energyband_middle_low:
        dmean: 0.000371053698473
        dmean2: 0.000513630337082
        dvar: 2.83278524194e-07
        dvar2: 5.15215788255e-07
        max: 0.00711879320443
        mean: 0.00105230603367
        min: 1.83051758995e-06
        var: 9.49200568812e-07
    spectral_flatness_db:
        dmean: 0.0193892791867
        dmean2: 0.0293878111988
        dvar: 0.000328346679453
        dvar2: 0.000655285432003
        max: 0.282010227442
        mean: 0.168814748526
        min: 0.075200162828
        var: 0.00176407792605
    spectral_flux:
        dmean: 0.0116181960329
        dmean2: 0.0189232975245
        dvar: 0.00016380645684
        dvar2: 0.000424792146077
        max: 0.129974633455
        mean: 0.0261110905558
        min: 0.00151227519382
        var: 0.000297162827337
    spectral_kurtosis:
        dmean: 0.922470271587
        dmean2: 1.54141533375
        dvar: 0.83207243681
        dvar2: 2.27234363556
        max: 11.1225385666
        mean: 4.2641544342
        min: 0.699086666107
        var: 2.55523848534
    spectral_rms:
        dmean: 0.000285273505142
        dmean2: 0.000405954517191
        dvar: 1.1576412362e-07
        dvar2: 1.97747809239e-07
        max: 0.00400235317647
        mean: 0.00159640598577
        min: 4.72355422971e-05
        var: 6.16654745045e-07
    spectral_rolloff:
        dmean: 372.659179688
        dmean2: 597.721191406
        dvar: 251055.015625
        dvar2: 520639.15625
        max: 4435.83984375
        mean: 2827.9296875
        min: 559.86328125
        var: 835312.75
    spectral_skewness:
        dmean: 0.141989529133
        dmean2: 0.230952173471
        dvar: 0.0186067596078
        dvar2: 0.0452263094485
        max: 2.86151576042
        mean: 1.67743170261
        min: 1.05704307556
        var: 0.0706802234054
    spectral_spread:
        dmean: 651394
        dmean2: 963645
        dvar: 572597338112
        dvar2: 1.12148755251e+12
        max: 10507763
        mean: 5745734
        min: 3401312
        var: 2.58641127014e+12
    spectral_strongpeak:
        dmean: 0.531369924545
        dmean2: 0.880113899708
        dvar: 0.827145695686
        dvar2: 1.724655509
        max: 9.29148197174
        mean: 1.16969740391
        min: 0.00631677685305
        var: 2.3605093956
    zerocrossingrate:
        dmean: 0.00752474274486
        dmean2: 0.00910360645503
        dvar: 4.89130179631e-05
        dvar2: 6.27033005003e-05
        max: 0.1337890625
        mean: 0.079801209271
        min: 0.029296875
        var: 0.000367923028534
    barkbands:
        dmean: [9.55264845004e-09, 1.05479830381e-05, 2.15322233998e-05, 3.72806825908e-05, 6.49003704893e-05, 7.43465789128e-05, 3.51825656253e-05, 0.00013337819837, 0.000139641415444, 4.42606324214e-05, 5.25920331711e-05, 2.00805261557e-05, 2.98211889458e-05, 3.93150548916e-05, 5.10951467732e-05, 0.000106038882222, 0.000139881725772, 0.000166521640494, 0.000166144804098, 7.48542006477e-05, 4.35995025327e-05, 5.78379967919e-06, 1.87223736248e-06, 7.3332125794e-07, 6.22136099082e-07, 4.32445013132e-08, 5.70266722733e-10]
        dmean2: [1.53146846316e-08, 1.60272084031e-05, 3.24242828356e-05, 6.61267549731e-05, 0.000103509322798, 0.000111682551506, 5.37763116881e-05, 0.000191930754227, 0.00017219579604, 6.97397408658e-05, 7.50189501559e-05, 2.9095208447e-05, 4.2676616431e-05, 6.01265746809e-05, 7.91217171354e-05, 0.000160121795489, 0.000216182030272, 0.00025678719976, 0.000250170734944, 0.000119571079267, 6.35162796243e-05, 8.78407809068e-06, 2.9135544537e-06, 1.17521642551e-06, 9.33610635911e-07, 6.28737311104e-08, 8.84715523064e-10]
        dvar: [6.28901899243e-16, 4.09822842329e-10, 1.77577386129e-09, 3.97786799056e-08, 2.11339035161e-08, 1.28025625656e-08, 2.66123367787e-09, 6.81844056771e-08, 8.39193745605e-08, 1.69539280392e-08, 2.57546783899e-08, 2.47869436087e-09, 4.31885460728e-09, 6.55784582193e-09, 1.35184450301e-08, 1.38751289569e-07, 7.72460495568e-08, 1.30427395106e-07, 5.97076095232e-08, 1.47624579228e-08, 9.08683528422e-09, 1.17947082656e-10, 1.31920464136e-11, 1.54117257151e-12, 2.24367139451e-12, 7.35998108704e-15, 3.54412357688e-18]
        dvar2: [9.7920439186e-16, 9.64816115889e-10, 3.24808002716e-09, 1.12927267537e-07, 4.45068195631e-08, 2.73740177192e-08, 6.50835874083e-09, 1.1390062582e-07, 9.19796860899e-08, 2.99183149366e-08, 4.03837745466e-08, 4.04767108719e-09, 7.81479236878e-09, 1.46354786068e-08, 2.68757105459e-08, 2.08881488106e-07, 1.5093249317e-07, 2.43628051066e-07, 1.20060789754e-07, 2.96703337455e-08, 1.52793955266e-08, 2.60137356101e-10, 2.93163097964e-11, 3.18864747974e-12, 5.00080792748e-12, 1.43707152433e-14, 4.97154283785e-18]
        max: [4.54955880969e-07, 0.000255269464105, 0.000446126447059, 0.00322717963718, 0.00222804769874, 0.00141051097307, 0.000429826264735, 0.00293737300672, 0.00294914585538, 0.00180725916289, 0.00218501803465, 0.000783302821219, 0.000892358424608, 0.000840149295982, 0.00167613325175, 0.00723038008437, 0.00370938470587, 0.00597091671079, 0.00232332153246, 0.00096649635816, 0.00133073132019, 0.000220873058424, 5.76508100494e-05, 1.60933013831e-05, 2.4556326025e-05, 9.79094807008e-07, 3.48218200941e-08]
        mean: [1.2087793877e-08, 1.74300530489e-05, 3.08659218717e-05, 3.24888715113e-05, 9.99915137072e-05, 0.000158718947205, 6.08779773756e-05, 0.000307947339024, 0.000370918773115, 7.90958947618e-05, 0.000168110898812, 3.38954596373e-05, 5.60967491765e-05, 7.08689331077e-05, 0.000139006879181, 0.000209643418202, 0.000408089370467, 0.000362920225598, 0.000357268756488, 0.000153992892592, 0.000104030907096, 1.37970700962e-05, 5.14841531185e-06, 1.67817734109e-06, 1.314488145e-06, 8.92156890586e-08, 6.53172516074e-10]
        min: [2.85953500462e-11, 3.80011115908e-08, 6.83170853222e-08, 2.46724489728e-08, 3.60007788913e-07, 3.80740061701e-07, 7.61808962579e-08, 1.73147299165e-07, 1.80580002507e-07, 4.08097875493e-08, 8.43575520548e-09, 4.30882955982e-08, 1.22387247004e-08, 1.434453889e-08, 3.529566861e-09, 2.67737254589e-09, 7.70619195123e-08, 4.28694733046e-08, 2.93559079267e-08, 1.88748874308e-08, 7.74517605606e-09, 4.13755563144e-09, 2.33489183543e-09, 2.01097760666e-09, 1.22113263945e-09, 2.13720402487e-10, 3.06783808426e-12]
        var: [8.15377684889e-16, 8.46441583491e-10, 3.85677934034e-09, 2.66389594827e-08, 3.30632872192e-08, 4.12306775388e-08, 5.8810010195e-09, 2.94856903338e-07, 4.31376548704e-07, 4.45667431848e-08, 1.85057814406e-07, 4.76150585627e-09, 1.30525767972e-08, 1.78538712703e-08, 8.29074338071e-08, 5.09537187554e-07, 4.7117896429e-07, 4.36619075117e-07, 2.02392001825e-07, 3.97482153858e-08, 3.90900503078e-08, 5.00852304075e-10, 5.84521597791e-11, 3.45441904248e-12, 3.97681323636e-12, 1.43461055481e-14, 4.02995528837e-18]
    mfcc:
        mean: [-758.162109375, 91.500793457, -50.859577179, 42.4779968262, -16.8318634033, -22.541765213, -9.46320343018, -4.48808336258, -3.73437547684, -0.754915654659, 4.29993486404, -2.17967700958, -6.26338624954]
        cov: [[2564.74804688, -557.559143066, -835.590209961, 285.133911133, 9.5832490921, 17.5141830444, -42.5966339111, 45.7619628906, 17.1541137695, -6.41310119629, -103.724258423, 118.148841858, 53.3417549133], [-557.559143066, 631.684814453, 390.202392578, -168.222549438, 28.8852558136, -16.7812709808, 118.426460266, -102.478355408, -51.4760322571, 9.29720783234, 36.8684921265, -135.133575439, -33.2975502014], [-835.590209961, 390.202392578, 772.64855957, -121.682518005, 14.931098938, 62.4427032471, 92.2578201294, -45.5926322937, 31.0892601013, 15.4850006104, 72.4429321289, -59.3956413269, -17.1668395996], [285.133911133, -168.222549438, -121.682518005, 228.413604736, 41.1372451782, 18.3613491058, 23.3483467102, 13.0303678513, -20.0834655762, 21.3187255859, 30.9044342041, 60.2131118774, -2.74800515175], [9.5832490921, 28.8852558136, 14.931098938, 41.1372451782, 137.470596313, 26.0635280609, 35.4672393799, 20.1460189819, -7.02971363068, 10.5181503296, 3.80695700645, -14.2112131119, 23.7417259216], [17.5141830444, -16.7812709808, 62.4427032471, 18.3613491058, 26.0635280609, 140.528656006, 17.4106559753, 15.4662809372, 63.7008285522, 3.13585019112, -4.45500326157, 42.5120010376, 43.3868370056], [-42.5966339111, 118.426460266, 92.2578201294, 23.3483467102, 35.4672393799, 17.4106559753, 119.322273254, -10.9810066223, -29.1256980896, 12.8079271317, 21.7054615021, -28.5623207092, 3.05369997025], [45.7619628906, -102.478355408, -45.5926322937, 13.0303678513, 20.1460189819, 15.4662809372, -10.9810066223, 131.539993286, 49.0841026306, 2.8061337471, -9.9190196991, 38.9949417114, 23.6978492737], [17.1541137695, -51.4760322571, 31.0892601013, -20.0834655762, -7.02971363068, 63.7008285522, -29.1256980896, 49.0841026306, 117.247962952, 12.6417341232, -12.7028274536, 47.534702301, 43.2237167358], [-6.41310119629, 9.29720783234, 15.4850006104, 21.3187255859, 10.5181503296, 3.13585019112, 12.8079271317, 2.8061337471, 12.6417341232, 83.5642547607, 77.5478210449, 27.7570495605, 3.75744748116], [-103.724258423, 36.8684921265, 72.4429321289, 30.9044342041, 3.80695700645, -4.45500326157, 21.7054615021, -9.9190196991, -12.7028274536, 77.5478210449, 161.179611206, 44.5624847412, -37.3133010864], [118.148841858, -135.133575439, -59.3956413269, 60.2131118774, -14.2112131119, 42.5120010376, -28.5623207092, 38.9949417114, 47.534702301, 27.7570495605, 44.5624847412, 135.114044189, 37.2334785461], [53.3417549133, -33.2975502014, -17.1668395996, -2.74800515175, 23.7417259216, 43.3868370056, 3.05369997025, 23.6978492737, 43.2237167358, 3.75744748116, -37.3133010864, 37.2334785461, 106.578857422]]
        icov: [[0.000695389870089, 0.000170072584297, 0.000670885376167, -0.000383528909879, -8.75321745752e-07, -7.82826973591e-05, -0.000513600418344, 0.000336011580657, -0.000433329638327, -0.00017990845663, 0.000388971937355, -0.000130372325657, 0.000139143288834], [0.000170072584297, 0.00431069405749, -0.000957812007982, 0.00259015359916, -0.0010676238453, 0.000492057472002, -0.00315373111516, 0.00213882699609, -2.78395273199e-05, -0.000475962850032, -0.000375951756723, 0.00118236651178, 0.000309838243993], [0.000670885376167, -0.000957812007982, 0.00293370429426, -4.23329365731e-05, 0.000126606508275, -0.000869508308824, -0.00116815185174, 0.00040975320735, -0.00179112318438, 0.00106576061808, -0.00123430171516, 0.000447418220574, 0.000204947122256], [-0.000383528909879, 0.00259015359916, -4.23329365731e-05, 0.00887125078589, -0.00295884627849, -0.000475508044474, -0.00375853269361, 0.0014050018508, 0.00206442759372, -0.00139851158019, 0.000610519899055, -0.00376827665605, 0.00261332676746], [-8.75321745752e-07, -0.0010676238453, 0.000126606508275, -0.00295884627849, 0.0104375397786, -0.00243769818917, 0.000354217918357, -0.00313626928255, 0.00198235479183, -0.000529666780494, -0.00136291654781, 0.00403435714543, -0.00370638910681], [-7.82826973591e-05, 0.000492057472002, -0.000869508308824, -0.000475508044474, -0.00243769818917, 0.01268169377, -0.00338702532463, 0.00248184404336, -0.00715359253809, 0.00247482978739, 0.000163669901667, -0.00303001864813, -0.0011039446108], [-0.000513600418344, -0.00315373111516, -0.00116815185174, -0.00375853269361, 0.000354217918357, -0.00338702532463, 0.0156956482679, -0.00315392343327, 0.00511701917276, -0.00101655733306, -0.0016795899719, 0.00368013465777, -0.00337492185645], [0.000336011580657, 0.00213882699609, 0.00040975320735, 0.0014050018508, -0.00313626928255, 0.00248184404336, -0.00315392343327, 0.0117526575923, -0.00562293967232, 0.000665926956572, 0.000761722563766, -0.00250094966032, 0.00116507615894], [-0.000433329638327, -2.78395273199e-05, -0.00179112318438, 0.00206442759372, 0.00198235479183, -0.00715359253809, 0.00511701917276, -0.00562293967232, 0.0199252087623, -0.00625157123432, 0.00363157619722, -0.0025202257093, -0.00216143298894], [-0.00017990845663, -0.000475962850032, 0.00106576061808, -0.00139851158019, -0.000529666780494, 0.00247482978739, -0.00101655733306, 0.000665926956572, -0.00625157123432, 0.0269743278623, -0.0155928777531, 0.00293968105689, -0.00583315035328], [0.000388971937355, -0.000375951756723, -0.00123430171516, 0.000610519899055, -0.00136291654781, 0.000163669901667, -0.0016795899719, 0.000761722563766, 0.00363157619722, -0.0155928777531, 0.0196980517358, -0.00930924434215, 0.00884594488889], [-0.000130372325657, 0.00118236651178, 0.000447418220574, -0.00376827665605, 0.00403435714543, -0.00303001864813, 0.00368013465777, -0.00250094966032, -0.0025202257093, 0.00293968105689, -0.00930924434215, 0.0189436487854, -0.00776373175904], [0.000139143288834, 0.000309838243993, 0.000204947122256, 0.00261332676746, -0.00370638910681, -0.0011039446108, -0.00337492185645, 0.00116507615894, -0.00216143298894, -0.00583315035328, 0.00884594488889, -0.00776373175904, 0.0175144337118]]
    spectral_contrast:
        mean: [-1.49313432729e-08, -1.55220425402e-09, -4.68136192922e-07, 6.62976617605e-07, -5.20764558587e-07, 6.13431154761e-07, -1.92959691958e-06, -6.04718115937e-06, -3.72501426682e-06, 2.86122997295e-07, 6.00144267082e-06, -1.34607159907e-06]
        var: [0.000886698369868, 0.00112474348862, 0.00287634832785, 0.00405782135203, 0.00777928158641, 0.0180191211402, 0.0568201728165, 0.0716553628445, 0.114087834954, 0.173603251576, 0.333392351866, 0.958452999592]

rhythm:
    beats_loudness:
        dmean: 0.00350623787381
        dmean2: 0.00602409383282
        dvar: 1.77593265107e-05
        dvar2: 5.4617637943e-05
        max: 0.0167986415327
        mean: 0.00375754083507
        min: 0.000843156070914
        var: 1.22458886835e-05
    beats_loudness_bass:
        dmean: 0.0487397797406
        dmean2: 0.0881061702967
        dvar: 0.00481354165822
        dvar2: 0.0138589497656
        max: 0.266252726316
        mean: 0.0436985641718
        min: 0.00161622418091
        var: 0.00346082914621
    bpm: 129.569839478
    bpm_confidence: 0
    first_peak_bpm: 129
    first_peak_spread: 0
    first_peak_weight: 0.952381014824
    onset_rate: 4.38639307022
    second_peak_bpm: 179
    second_peak_spread: 0
    second_peak_weight: 0.047619048506
    beats_position: [0.242573752999, 0.706764698029, 1.17095565796, 1.63514661789, 2.09933757782, 2.56352853775, 3.02771949768, 3.49191045761, 3.95610117912, 4.42029190063, 4.88448238373, 5.34867334366, 5.81286430359, 6.14837169647, 6.6103348732, 7.07229852676, 7.534263134, 7.99622631073, 8.45818996429, 8.92015457153, 9.3821182251, 9.84408187866]
    bpm_estimates: [129.064788818, 129.101699829, 129.344772339, 129.181015015, 129.594940186, 129.510101318, 129.171188354, 129.865722656, 130.45375061, 130.410430908]
    bpm_intervals: [0.46419095993, 0.46419095993, 0.46419095993, 0.46419095993, 0.46419095993, 0.46419095993, 0.46419095993, 0.464190721512, 0.464190721512, 0.464190483093, 0.46419095993, 0.46419095993, 0.335507392883, 0.461963176727, 0.461963653564, 0.461964607239, 0.461963176727, 0.461963653564, 0.461964607239, 0.461963653564, 0.461963653564]
    onset_times: [0.0580498874187, 0.232199549675, 0.31346938014, 0.684988677502, 0.9287981987, 1.17260766029, 1.40480720997, 1.63700675964, 2.00852608681, 2.10140585899, 2.19428563118, 2.46131515503, 3.01859402657, 3.23918366432, 3.33206343651, 3.42494320869, 3.65714287758, 3.77324271202, 3.95900225639, 4.17959165573, 4.56272125244, 4.79492044449, 5.08517026901, 5.52634906769, 5.74693870544, 5.97913837433, 6.17650794983, 6.61768722534, 7.12852621078, 7.41877555847, 7.54648542404, 7.66258525848, 7.7670750618, 7.89478445053, 7.99927425385, 8.13859367371, 8.57977294922, 8.88163280487, 9.04417228699, 9.27637195587, 9.38086128235, 9.50857162476, 9.71755123138, 9.85687065125]
    rubato_start: []
    rubato_stop: []
    perceptual_tempo: "unknown"

sfx:
    inharmonicity:
        dmean: 0.0371781736612
        dmean2: 0.0659593194723
        dvar: 0.00289564928971
        dvar2: 0.0081389574334
        max: 0.384537488222
        mean: 0.0346960946918
        min: 9.50965186348e-05
        var: 0.0026184336748
    oddtoevenharmonicenergyratio:
        dmean: 2.36274695396
        dmean2: 4.23478841782
        dvar: 47.8446273804
        dvar2: 134.727539062
        max: 58.8380050659
        mean: 2.0832722187
        min: 0.00176690809894
        var: 30.6803817749
    pitch_after_max_to_before_max_energy_ratio: 1.57310926914
    pitch_centroid: 210.493927002
    pitch_max_to_total: 0.252314805984
    pitch_min_to_total: 0.643518507481
    tristimulus:
        dmean: [0.141041174531, 0.174656704068, 0.086001843214]
        dmean2: [0.238578721881, 0.302980154753, 0.153299301863]
        dvar: [0.0228587985039, 0.0321783646941, 0.00905318837613]
        dvar2: [0.0591138340533, 0.0907896086574, 0.0233053714037]
        max: [0.954244017601, 0.98033708334, 0.554692566395]
        mean: [0.33179590106, 0.54334294796, 0.103290095925]
        min: [0.00994397141039, 0, 0]
        var: [0.0390706993639, 0.0503334589303, 0.0115453023463]

tonal:
    chords_changes_rate: 0.0783410146832
    chords_number_rate: 0.0368663594127
    chords_strength:
        dmean: 0.0138477766886
        dmean2: 0.0147284688428
        dvar: 0.000121368415421
        dvar2: 0.000167027130374
        max: 0.574915111065
        mean: 0.391961246729
        min: 0.20207631588
        var: 0.00667388923466
    key_strength: 0.691819250584
    tuning_diatonic_strength: 0.45691677928
    tuning_equal_tempered_deviation: 0.131100654602
    tuning_frequency: 444.855529785
    tuning_nontempered_energy_ratio: 0.754104316235
    hpcp:
        dmean: [0.10154863447, 0.0791078060865, 0.104631431401, 0.115548916161, 0.0625919625163, 0.0409763343632, 0.0432880409062, 0.0498520061374, 0.076872177422, 0.118245303631, 0.115639150143, 0.111119456589, 0.101629056036, 0.0728757828474, 0.11679366231, 0.128664150834, 0.101132445037, 0.148753464222, 0.154952928424, 0.0959116965532, 0.0859662517905, 0.0842675566673, 0.0798970162868, 0.146128773689, 0.151860266924, 0.101621434093, 0.10335572809, 0.0811762288213, 0.0791572108865, 0.134422048926, 0.127046853304, 0.107728034258, 0.104651600122, 0.0966321378946, 0.0644522234797, 0.0827081725001]
        dmean2: [0.172096282244, 0.138699665666, 0.176012292504, 0.190826490521, 0.106456004083, 0.0684584081173, 0.0775192156434, 0.0875447392464, 0.11769284308, 0.193988531828, 0.189633712173, 0.186839610338, 0.181772470474, 0.123596653342, 0.19700704515, 0.210693612695, 0.168192729354, 0.24907566607, 0.256091654301, 0.148753389716, 0.142927035689, 0.139338612556, 0.1382060498, 0.253514945507, 0.26353058219, 0.164988622069, 0.173353642225, 0.135215505958, 0.134146645665, 0.228342786431, 0.211765825748, 0.178974375129, 0.174401342869, 0.167685180902, 0.108874291182, 0.138158991933]
        dvar: [0.028943952173, 0.0135268857703, 0.0276446565986, 0.0390099808574, 0.0165504422039, 0.00645129755139, 0.00872821547091, 0.0112828696147, 0.0181700065732, 0.0454509519041, 0.0350221581757, 0.0353175699711, 0.0427202880383, 0.0162687525153, 0.0403297357261, 0.0451646260917, 0.0305251255631, 0.0438268594444, 0.0693218261003, 0.0154541535303, 0.0301659144461, 0.0316666066647, 0.0215121041983, 0.0514458715916, 0.0594500526786, 0.0253089666367, 0.0332074128091, 0.0203623529524, 0.0182369146496, 0.0444009304047, 0.0401323027909, 0.0266006607562, 0.032375253737, 0.0335222408175, 0.011946269311, 0.0199145246297]
        dvar2: [0.0732449516654, 0.0391709432006, 0.0576575361192, 0.0938887372613, 0.0432191900909, 0.0135823870078, 0.0233663860708, 0.0296005290002, 0.034523461014, 0.0996750295162, 0.0801756903529, 0.08829690516, 0.102355919778, 0.0378123112023, 0.0819996669888, 0.0834234654903, 0.0720440596342, 0.0912120193243, 0.122351013124, 0.033205203712, 0.054875947535, 0.0623612068594, 0.0647248402238, 0.125713452697, 0.111573420465, 0.0613229386508, 0.0749337151647, 0.0442042015493, 0.0487470068038, 0.102487280965, 0.0703275948763, 0.0669756755233, 0.0718410611153, 0.0705854073167, 0.0298618525267, 0.0458371937275]
        max: [1, 1, 1, 1, 1, 1, 0.739212155342, 1, 1, 1, 1, 1, 1, 1, 1, 1, 1, 1, 1, 0.73914295435, 1, 1, 1, 1, 1, 1, 1, 1, 0.9947270751, 1, 1, 1, 1, 1, 1, 1]
        mean: [0.124095261097, 0.103535816073, 0.21229711175, 0.220405519009, 0.0865084379911, 0.0456416346133, 0.0452569164336, 0.0539756007493, 0.127080053091, 0.169968470931, 0.133590906858, 0.137285798788, 0.123575665057, 0.112075179815, 0.211877703667, 0.216690465808, 0.127141535282, 0.246562287211, 0.311425834894, 0.153649225831, 0.102465249598, 0.104588076472, 0.0865761488676, 0.197650164366, 0.238216683269, 0.143809407949, 0.119403809309, 0.0925655663013, 0.0868509039283, 0.179771304131, 0.197967350483, 0.142845958471, 0.131861999631, 0.106148846447, 0.0746683999896, 0.113690935075]
        min: [0, 0, 0.00139962951653, 0.00120740442071, 0.000444417499239, 0.000394562433939, 0, 0.000436082773376, 0.000422274140874, 0.000841013155878, 0.00095719791716, 0.000207608114579, 0.00038889714051, 0.000589735456742, 0.000391654699342, 0.000612244184595, 0.000620304082986, 0.000309157941956, 0.000353187293513, 0.000174735512701, 0.000111994952022, 0.000145099998917, 0.000534892140422, 0.000202544877538, 0.000341224600561, 0.000249938369961, 0, 0, 0.000377128919354, 0.00025577476481, 0.00140761421062, 0.000794988125563, 0.000747573038097, 0.000308847258566, 0, 0]
        var: [0.0392147712409, 0.0165218599141, 0.0885320305824, 0.0852272212505, 0.0177641101182, 0.00803025998175, 0.00700205611065, 0.00930395536125, 0.0409891232848, 0.0775109156966, 0.0447956137359, 0.0495745837688, 0.0587926208973, 0.0309064313769, 0.093148894608, 0.088979691267, 0.0351985432208, 0.0835455060005, 0.149758756161, 0.0322741866112, 0.0418121367693, 0.0448620207608, 0.0185113325715, 0.065583653748, 0.103395573795, 0.0336545482278, 0.0462346449494, 0.0284635275602, 0.0178987160325, 0.0568587332964, 0.066822245717, 0.0313705727458, 0.0394641943276, 0.0376338809729, 0.0128173222765, 0.0276091732085]
    chords_histogram: [0, 0, 28.1105995178, 8.29493045807, 0, 0, 0, 0, 0, 0, 8.29493045807, 6.45161294937, 7.37327194214, 0, 0, 0, 0, 0, 0, 9.21658992767, 0, 0, 7.37327194214, 24.8847923279]
    thpcp: [1, 0.493373423815, 0.329019755125, 0.335836231709, 0.277999252081, 0.634662091732, 0.764922678471, 0.46177738905, 0.383410096169, 0.29723149538, 0.278881490231, 0.577252388, 0.635680556297, 0.458683699369, 0.423413813114, 0.340847909451, 0.239763021469, 0.365065842867, 0.398474514484, 0.332457363605, 0.681693971157, 0.707730352879, 0.277781814337, 0.146556988358, 0.145321652293, 0.173317670822, 0.408058792353, 0.54577511549, 0.428965389729, 0.440829843283, 0.39680609107, 0.359877586365, 0.680347204208, 0.695801198483, 0.408256232738, 0.791720747948]
    chords_key: "A#"
    chords_scale: "major"
    key_key: "D#"
    key_scale: "major"
    chords_progression: ["A", "F#m", "A", "A", "A", "A", "A", "A", "A", "A", "A", "A", "A", "A", "A", "A", "A", "F#m", "F#m", "F#m", "F#m", "F#m", "F#m", "F#m", "F#m", "F#m", "F#m", "F#m", "F#m", "A#", "A#", "A#", "A#", "A#", "A#", "A#", "A#", "A#", "A#", "A#", "A#", "D", "A#", "A#", "D", "D", "D", "D", "D", "F#m", "D", "D", "D", "D", "D", "D", "D", "D", "D", "D", "D", "D", "Dm", "Dm", "Dm", "Dm", "Dm", "Dm", "Dm", "Dm", "Dm", "Dm", "Dm", "Dm", "Dm", "Dm", "Cm", "Cm", "Cm", "Cm", "Cm", "Cm", "Cm", "Cm", "Cm", "Cm", "Cm", "Cm", "Cm", "Cm", "Cm", "Cm", "Cm", "Cm", "Cm", "Cm", "Cm", "Cm", "Cm", "Cm", "Cm", "Cm", "Cm", "Cm", "Cm", "Cm", "Cm", "Cm", "Cm", "Cm", "Cm", "Cm", "Cm", "Cm", "Cm", "Cm", "Cm", "Cm", "Cm", "Cm", "Cm", "Cm", "Cm", "Cm", "Cm", "Cm", "Cm", "Cm", "Cm", "Cm", "A#m", "A#m", "A#m", "A#m", "A#m", "A#m", "A#m", "A#m", "A#m", "A#", "A#", "A#", "A#", "A#", "A#", "A#", "A#", "A#", "A#", "A#", "A#", "A#m", "A#m", "A#m", "A#m", "A#m", "A#m", "A#m", "A#m", "A#m", "A#m", "A#m", "A#", "A#", "A#", "A#", "A#", "A#", "A#", "A#", "A#", "A#", "A#", "A#", "A#", "A#", "A#", "A#", "A#", "A#", "A#", "A#", "A#", "A#", "A#", "A#", "A#", "A#", "A#", "A#", "A#", "A#", "A#", "A#", "A#", "A#", "A#", "Dm", "Dm", "Dm", "Dm", "G#", "G#", "G#", "G#", "G#", "G#", "G#", "G#", "G#", "G#", "G#", "G#", "G#", "G#", "G#", "G#"]
