
metadata:
    version:
        essentia: "1.2.2"
    audio_properties:
        analysis_sample_rate: 44100
        bitrate: 128
        channels: 2
        equal_loudness: 1
        length: 10.0048980713
        replay_gain: -12.7900085449
        downmix: "mix"
    tags:
        track: 17
        year: 0
        album: "Splitted by Mp3Splt v. 2.1"
        artist: "From 002.40 To 002.50"
        comment: "http://mp3splt.sf.net"
        genre: ""
        title: "07 New Generation.mp3"

highlevel:
    ballroom:
        all:
            ChaChaCha: 0.0315169803798
            Jive: 0.122497469187
            Quickstep: 0.238500893116
            Rumba-American: 0.0199341271073
            Rumba-International: 0.15032531321
            Rumba-Misc: 0.0770429745317
            Samba: 0.0916238874197
            Tango: 0.02616606839
            VienneseWaltz: 0.160989224911
            Waltz: 0.0814030691981
        probability: 0.238500893116
        value: "Quickstep"
    culture:
        all:
            non_western: 0.0790852457285
            western: 0.920914769173
        probability: 0.920914769173
        value: "western"
    gender:
        all:
            female: 0.560572504997
            male: 0.439427495003
        probability: 0.560572504997
        value: "female"
    genre_dortmund:
        all:
            alternative: 0.0644845739007
            blues: 0.00650743534788
            electronic: 0.0248019397259
            folkcountry: 0.270175904036
            funksoulrnb: 0.00851724669337
            jazz: 0.289605736732
            pop: 0.100499227643
            raphiphop: 0.00340155092999
            rock: 0.232006385922
        probability: 0.289605736732
        value: "jazz"
    genre_electronica:
        all:
            ambient: 0.775888741016
            dnb: 0.0404455177486
            house: 0.00338428863324
            techno: 0.00272074225359
            trance: 0.177560701966
        probability: 0.775888741016
        value: "ambient"
    genre_rosamerica:
        all:
            cla: 0.102820537984
            dan: 0.137127488852
            hip: 0.029114253819
            jaz: 0.286969780922
            pop: 0.21075284481
            rhy: 0.121245451272
            roc: 0.0933083742857
            spe: 0.0186612606049
        probability: 0.286969780922
        value: "jaz"
    genre_tzanetakis:
        all:
            blu: 0.00749195553362
            cla: 0.0101902885363
            cou: 0.0864743217826
            dis: 0.0173915345222
            hip: 0.00366710592061
            jaz: 0.639310956001
            met: 0.00477994978428
            pop: 0.146212264895
            reg: 0.0277100820094
            roc: 0.0567715317011
        probability: 0.639310956001
        value: "jaz"
    live_studio:
        all:
            live: 0.330625146627
            studio: 0.66937482357
        probability: 0.66937482357
        value: "studio"
    mood:
        all:
            Cluster1: 0.122233375907
            Cluster2: 0.311317056417
            Cluster3: 0.278150618076
            Cluster4: 0.129568219185
            Cluster5: 0.158730730414
        probability: 0.311317056417
        value: "Cluster2"
    mood_acoustic:
        all:
            acoustic: 0.588520944118
            not_acoustic: 0.411479085684
        probability: 0.588520944118
        value: "acoustic"
    mood_aggressive:
        all:
            aggressive: 0.189115703106
            not_aggressive: 0.810884296894
        probability: 0.810884296894
        value: "not_aggressive"
    mood_electronic:
        all:
            electronic: 0.409969121218
            not_electronic: 0.590030908585
        probability: 0.590030908585
        value: "not_electronic"
    mood_happy:
        all:
            happy: 0.829909265041
            not_happy: 0.170090720057
        probability: 0.829909265041
        value: "happy"
    mood_party:
        all:
            not_party: 0.782315671444
            party: 0.217684328556
        probability: 0.782315671444
        value: "not_party"
    mood_relaxed:
        all:
            not_relaxed: 0.20873631537
            relaxed: 0.791263699532
        probability: 0.791263699532
        value: "relaxed"
    mood_sad:
        all:
            not_sad: 0.276725918055
            sad: 0.723274052143
        probability: 0.723274052143
        value: "sad"
    rhythm:
        all:
            fast: 0.526333928108
            medium: 0.393626064062
            slow: 0.0800400301814
        probability: 0.526333928108
        value: "fast"
    speech_music:
        all:
            music: 0.989076018333
            speech: 0.0109239676967
        probability: 0.989076018333
        value: "music"
    timbre:
        all:
            bright: 0.885631859303
            dark: 0.114368148148
        probability: 0.885631859303
        value: "bright"
    voice_instrumental:
        all:
            instrumental: 0.0903495550156
            voice: 0.909650444984
        probability: 0.909650444984
        value: "voice"

lowlevel:
    average_loudness: 0.948807179928
    barkbands_kurtosis:
        dmean: 1.82289683819
        dmean2: 2.89664793015
        dvar: 9.84721088409
        dvar2: 23.3220214844
        max: 34.1979255676
        mean: 1.73732256889
        min: -1.70056331158
        var: 20.635269165
    barkbands_skewness:
        dmean: 0.430541455746
        dmean2: 0.663460731506
        dvar: 0.19038438797
        dvar2: 0.457046180964
        max: 5.7338180542
        mean: 1.42345619202
        min: -0.018167834729
        var: 0.669610917568
    barkbands_spread:
        dmean: 4.98189544678
        dmean2: 8.00727844238
        dvar: 17.3036136627
        dvar2: 39.7281723022
        max: 52.1856842041
        mean: 22.825586319
        min: 3.63976287842
        var: 74.0032730103
    dissonance:
        dmean: 0.0226228758693
        dmean2: 0.0368984900415
        dvar: 0.00038312797551
        dvar2: 0.000967825239059
        max: 0.49972820282
        mean: 0.448114901781
        min: 0.264620184898
        var: 0.000722016207874
    hfc:
        dmean: 1.14094030857
        dmean2: 1.81154513359
        dvar: 2.4542620182
        dvar2: 6.29161024094
        max: 14.6215581894
        mean: 4.33464860916
        min: 1.35781037807
        var: 5.22953414917
    pitch:
        dmean: 155.906341553
        dmean2: 301.428222656
        dvar: 312501.28125
        dvar2: 850595.375
        max: 4410
        mean: 384.26940918
        min: 88.0239486694
        var: 417904
    pitch_instantaneous_confidence:
        dmean: 0.0950430184603
        dmean2: 0.147984609008
        dvar: 0.00722258677706
        dvar2: 0.0169840939343
        max: 0.895025491714
        mean: 0.472156763077
        min: 0.157674014568
        var: 0.0275390148163
    pitch_salience:
        dmean: 0.0661307051778
        dmean2: 0.105556495488
        dvar: 0.00375186558813
        dvar2: 0.00901599787176
        max: 0.800829708576
        mean: 0.604208946228
        min: 0.184252813458
        var: 0.0134781105444
    silence_rate_20dB:
        dmean: 0
        dmean2: 0
        dvar: 0
        dvar2: 0
        max: 1
        mean: 1
        min: 1
        var: 0
    silence_rate_30dB:
        dmean: 0
        dmean2: 0
        dvar: 0
        dvar2: 0
        max: 1
        mean: 1
        min: 1
        var: 0
    silence_rate_60dB:
        dmean: 0.120930232108
        dmean2: 0.240093246102
        dvar: 0.106306217611
        dvar2: 0.219745010138
        max: 1
        mean: 0.341067284346
        min: 0
        var: 0.224739417434
    spectral_centroid:
        dmean: 161.628173828
        dmean2: 251.866943359
        dvar: 22155.9863281
        dvar2: 54816.8203125
        max: 1997.13793945
        mean: 989.088562012
        min: 465.706390381
        var: 77137.3203125
    spectral_complexity:
        dmean: 2.20560741425
        dmean2: 3.6440281868
        dvar: 6.28014755249
        dvar2: 15.5126285553
        max: 26
        mean: 8.83216762543
        min: 2
        var: 13.4823169708
    spectral_crest:
        dmean: 2.68316698074
        dmean2: 4.27994203568
        dvar: 5.07627058029
        dvar2: 12.9408960342
        max: 24.1050605774
        mean: 10.1942014694
        min: 3.47954678535
        var: 17.2712917328
    spectral_decrease:
        dmean: 3.63526653224e-10
        dmean2: 5.69558455954e-10
        dvar: 2.12346659497e-19
        dvar2: 5.0315245992e-19
        max: -2.25653717933e-10
        mean: -1.14377252114e-09
        min: -5.78959191699e-09
        var: 6.22982961635e-19
    spectral_energy:
        dmean: 0.0014609323116
        dmean2: 0.00229170965031
        dvar: 3.39452913067e-06
        dvar2: 8.07945707493e-06
        max: 0.0228193867952
        mean: 0.00471002748236
        min: 0.000980166834779
        var: 9.86736813502e-06
    spectral_energyband_high:
        dmean: 7.39214301575e-05
        dmean2: 0.000124254394905
        dvar: 1.40404692317e-08
        dvar2: 3.79564042419e-08
        max: 0.00111107819248
        mean: 0.000177080451977
        min: 3.18938509736e-05
        var: 2.00598595512e-08
    spectral_energyband_low:
        dmean: 6.70108056511e-05
        dmean2: 0.000110400280391
        dvar: 1.48561412061e-08
        dvar2: 3.76862985263e-08
        max: 0.000967354048043
        mean: 0.000132274843054
        min: 8.67982350883e-07
        var: 2.07070804947e-08
    spectral_energyband_middle_high:
        dmean: 0.000264020462055
        dmean2: 0.000394377566408
        dvar: 1.50145041289e-07
        dvar2: 3.31400741516e-07
        max: 0.00495354877785
        mean: 0.000914997013751
        min: 0.000281184824416
        var: 4.67483459943e-07
    spectral_energyband_middle_low:
        dmean: 0.00131907721516
        dmean2: 0.00205692392774
        dvar: 3.09691836264e-06
        dvar2: 7.19284435036e-06
        max: 0.0219906568527
        mean: 0.00348565820605
        min: 0.000550296448637
        var: 9.12583709578e-06
    spectral_flatness_db:
        dmean: 0.0183904320002
        dmean2: 0.0283255409449
        dvar: 0.00027639255859
        dvar2: 0.000599758001044
        max: 0.286183834076
        mean: 0.158936113119
        min: 0.0957203134894
        var: 0.00104805233423
    spectral_flux:
        dmean: 0.00870872009546
        dmean2: 0.0140498057008
        dvar: 8.48518247949e-05
        dvar2: 0.000221456444706
        max: 0.106305457652
        mean: 0.0357981063426
        min: 0.0133154708892
        var: 0.000193189931451
    spectral_kurtosis:
        dmean: 0.776017010212
        dmean2: 1.25791501999
        dvar: 0.616100251675
        dvar2: 1.49272298813
        max: 9.82633590698
        mean: 3.62030553818
        min: 0.462709188461
        var: 1.61127948761
    spectral_rms:
        dmean: 0.000308354996378
        dmean2: 0.000480058195535
        dvar: 9.8220681366e-08
        dvar2: 2.37966887084e-07
        max: 0.00471834884956
        mean: 0.00205743475817
        min: 0.000977885676548
        var: 3.62112331231e-07
    spectral_rolloff:
        dmean: 638.499572754
        dmean2: 1063.34655762
        dvar: 378560.4375
        dvar2: 898853.375
        max: 4651.171875
        mean: 1953.49804688
        min: 387.59765625
        var: 988837.875
    spectral_skewness:
        dmean: 0.13407702744
        dmean2: 0.217452451587
        dvar: 0.0182379055768
        dvar2: 0.0409195236862
        max: 2.87499070168
        mean: 1.62038993835
        min: 0.789054214954
        var: 0.0571448728442
    spectral_spread:
        dmean: 505563.5625
        dmean2: 705303.4375
        dvar: 275810123776
        dvar2: 493811236864
        max: 11300797
        mean: 5736059
        min: 3684820.5
        var: 1.20430552678e+12
    spectral_strongpeak:
        dmean: 0.275294214487
        dmean2: 0.436684936285
        dvar: 0.0847465544939
        dvar2: 0.186683237553
        max: 3.02868914604
        mean: 0.640579283237
        min: 0.0361591428518
        var: 0.273763328791
    zerocrossingrate:
        dmean: 0.00777028873563
        dmean2: 0.00995430536568
        dvar: 4.35692272731e-05
        dvar2: 6.57941563986e-05
        max: 0.126953125
        mean: 0.0648036822677
        min: 0.021484375
        var: 0.000280013977317
    barkbands:
        dmean: [1.83346003269e-07, 2.02528426598e-05, 5.20207977388e-05, 9.43816630752e-05, 0.000280915322946, 0.000425549369538, 0.000533952959813, 0.000306670030113, 0.000354456715286, 6.80187149555e-05, 6.51560403639e-05, 6.42778832116e-05, 3.39594116667e-05, 2.12113500311e-05, 2.6184878152e-05, 5.09334968228e-05, 4.85468335683e-05, 4.45874284196e-05, 6.01580686634e-05, 6.40507641947e-05, 2.80258591374e-05, 1.06418028736e-05, 3.19862692777e-06, 1.46412128288e-06, 1.1287201005e-06, 1.22780193124e-07, 8.70580607604e-10]
        dmean2: [2.62604032741e-07, 3.36773555318e-05, 8.54376412462e-05, 0.000150964478962, 0.000459474918898, 0.000663530197926, 0.000796275213361, 0.000480793503812, 0.000545430579223, 0.000105722880107, 9.97369206743e-05, 9.48106098804e-05, 5.58114188607e-05, 3.4932680137e-05, 4.1865696403e-05, 8.64633402671e-05, 7.71495251684e-05, 7.24125566194e-05, 0.000101885161712, 0.000107417079562, 4.68544894829e-05, 1.7687345462e-05, 5.43728128832e-06, 2.39378778133e-06, 1.68707049397e-06, 1.86293675597e-07, 1.08706088575e-09]
        dvar: [4.8121440643e-13, 1.88520421496e-09, 8.05257904801e-09, 1.34658000306e-08, 1.13920137323e-07, 6.46266755666e-07, 1.84375107892e-06, 4.42539914047e-07, 6.19814898073e-07, 1.06452425541e-07, 3.21564961325e-08, 2.80065783897e-08, 3.79782294502e-09, 7.18369197461e-10, 2.14795292663e-09, 3.35895444792e-09, 7.08902758717e-09, 2.96275048939e-09, 9.49492484636e-09, 7.33401916975e-09, 2.34650054942e-09, 4.12071154976e-10, 5.54886345205e-11, 9.58484767249e-12, 3.35371335737e-12, 4.51027731059e-14, 1.21181787685e-16]
        dvar2: [6.34567322733e-13, 5.05037434095e-09, 2.02869738786e-08, 3.40749330974e-08, 2.79944117665e-07, 1.32456466417e-06, 4.07465859098e-06, 1.2293629652e-06, 1.35820675951e-06, 2.60543743025e-07, 6.41830268933e-08, 5.26178389748e-08, 8.16409873039e-09, 1.97161020843e-09, 6.1060472234e-09, 9.06909569665e-09, 1.89220763502e-08, 7.27994020622e-09, 2.62421853137e-08, 1.97970653204e-08, 6.2290443914e-09, 1.14349507641e-09, 1.55426865822e-10, 2.67195935516e-11, 7.86094019739e-12, 1.0451160743e-13, 1.21127656986e-16]
        max: [1.23263307614e-05, 0.000328488036757, 0.000794090563431, 0.00113118474837, 0.00285147875547, 0.0111752077937, 0.0177259780467, 0.00738999806345, 0.0104662803933, 0.00564794428647, 0.00351137318648, 0.00224898941815, 0.00088502530707, 0.000306320434902, 0.000529125449248, 0.000741222174838, 0.00141490309034, 0.000512746395543, 0.00101589527912, 0.000892386888154, 0.000474532833323, 0.00021472631488, 6.30584981991e-05, 3.37752426276e-05, 1.7570446289e-05, 1.94516405827e-06, 2.29008620067e-07]
        mean: [1.699349923e-07, 3.44766267517e-05, 9.7648386145e-05, 0.000161339572514, 0.000498256471474, 0.000773682782892, 0.00107076764107, 0.000431284541264, 0.000525745970663, 8.83108659764e-05, 0.000106111525383, 0.000102596990473, 5.68492105231e-05, 3.8508882426e-05, 4.7297191486e-05, 0.000108062180516, 0.00010207745072, 9.36584692681e-05, 0.00012968966621, 0.000148339284351, 6.16458346485e-05, 2.21447171498e-05, 5.98296946919e-06, 2.77840536e-06, 2.38766278926e-06, 2.14864613213e-07, 9.60959090079e-10]
        min: [6.16451889535e-11, 1.76403204932e-07, 4.42095426934e-07, 2.61934746959e-06, 1.91340895981e-05, 7.33659180696e-06, 5.54923371965e-06, 2.58053501057e-06, 3.89863089367e-06, 2.37575841311e-06, 8.5474351863e-07, 1.63702338796e-06, 3.45682542502e-06, 2.78625543615e-06, 3.39201119459e-06, 1.60786748893e-05, 1.21088460219e-05, 1.26574395836e-05, 1.25096194097e-05, 2.95731642836e-05, 1.13868645713e-05, 3.06913830173e-06, 4.817621857e-07, 2.67620265504e-07, 1.80454136967e-07, 2.42637865355e-09, 7.58421808428e-13]
        var: [4.9552755562e-13, 2.33329311428e-09, 1.13648752631e-08, 2.3486718348e-08, 2.02025844942e-07, 1.6168323782e-06, 5.03949513586e-06, 5.747740488e-07, 1.36469043355e-06, 1.19181969183e-07, 9.72026370505e-08, 6.84325343059e-08, 8.89979645535e-09, 9.86574155704e-10, 4.09968281545e-09, 5.31148192096e-09, 1.62594808728e-08, 6.94014490321e-09, 8.08153544085e-09, 1.38227562729e-08, 3.45034645299e-09, 5.86761028654e-10, 5.78813177943e-11, 1.0117461556e-11, 6.88295210757e-12, 9.699559271e-14, 1.21774300467e-16]
    mfcc:
        mean: [-712.661376953, 113.421218872, -31.025894165, 42.6489295959, -19.9197368622, -18.6546840668, -12.6993350983, -18.9933681488, -8.29616260529, -8.09052181244, -6.63581848145, -3.06921863556, 1.88664376736]
        cov: [[561.658203125, -127.298576355, 48.8145599365, -125.029335022, -62.6778755188, -33.4056892395, 7.06988573074, 94.2324676514, 62.2797813416, 26.6154975891, 34.0660438538, 14.3012151718, -20.0029640198], [-127.298576355, 267.996307373, -44.2304534912, 56.0789375305, 51.267036438, 1.48694908619, 59.4284591675, 18.5529232025, 40.8686485291, 35.4359092712, 20.2295284271, 28.4205570221, 9.80216598511], [48.8145599365, -44.2304534912, 181.482208252, 94.0942611694, 71.4919433594, 30.8863773346, -20.5411739349, -24.4201278687, 12.0609836578, -7.40632820129, 28.906539917, 9.64646911621, 17.5962772369], [-125.029335022, 56.0789375305, 94.0942611694, 200.515411377, 129.615783691, 41.0254135132, -7.05162191391, -35.9174385071, 0.322242796421, -14.5115480423, 4.38950967789, 11.8129062653, 20.5797138214], [-62.6778755188, 51.267036438, 71.4919433594, 129.615783691, 145.531646729, 35.5363845825, -7.0382194519, -24.4290370941, 15.3801965714, -6.81610918045, 18.2028999329, 8.9344291687, 13.033039093], [-33.4056892395, 1.48694908619, 30.8863773346, 41.0254135132, 35.5363845825, 92.55103302, 61.507068634, 5.33745479584, 1.73508942127, -6.69373226166, 5.40163230896, -5.97080373764, -1.77192783356], [7.06988573074, 59.4284591675, -20.5411739349, -7.05162191391, -7.0382194519, 61.507068634, 128.176513672, 50.6539039612, 23.895368576, 15.9246559143, 11.9625453949, 8.58042526245, -4.73270511627], [94.2324676514, 18.5529232025, -24.4201278687, -35.9174385071, -24.4290370941, 5.33745479584, 50.6539039612, 88.5403213501, 55.5596199036, 33.9911346436, 11.6887550354, -0.0915682390332, -10.2775535583], [62.2797813416, 40.8686485291, 12.0609836578, 0.322242796421, 15.3801965714, 1.73508942127, 23.895368576, 55.5596199036, 107.671401978, 70.229309082, 35.3199272156, 3.47579813004, -11.9213857651], [26.6154975891, 35.4359092712, -7.40632820129, -14.5115480423, -6.81610918045, -6.69373226166, 15.9246559143, 33.9911346436, 70.229309082, 96.8772659302, 44.9559326172, 9.56111812592, -12.1748561859], [34.0660438538, 20.2295284271, 28.906539917, 4.38950967789, 18.2028999329, 5.40163230896, 11.9625453949, 11.6887550354, 35.3199272156, 44.9559326172, 67.9167480469, 31.2489852905, 6.92373561859], [14.3012151718, 28.4205570221, 9.64646911621, 11.8129062653, 8.9344291687, -5.97080373764, 8.58042526245, -0.0915682390332, 3.47579813004, 9.56111812592, 31.2489852905, 63.254776001, 33.0731430054], [-20.0029640198, 9.80216598511, 17.5962772369, 20.5797138214, 13.033039093, -1.77192783356, -4.73270511627, -10.2775535583, -11.9213857651, -12.1748561859, 6.92373561859, 33.0731430054, 53.9216117859]]
        icov: [[0.00372879160568, 0.00147290306631, -0.00244844052941, 0.00279407249764, -0.00119803077541, 0.00172086677048, -0.000256221625023, -0.00387965911068, -0.000642215833068, 0.00107078650035, 1.87676359928e-05, -0.00251020840369, 0.00206929631531], [0.00147290306631, 0.00723559781909, 0.00205824454315, -0.00125217542518, -0.00276082777418, 0.00461307773367, -0.00509260455146, 0.000411806657212, -0.00220476393588, -0.000347313354723, -0.000241962523432, -0.00192339811474, 0.000132641260279], [-0.00244844052941, 0.00205824454315, 0.0124091338366, -0.00660615367815, 0.000786598946434, -0.00248939939775, 0.000883045140654, 0.00431691482663, -0.00347064738162, 0.00279847928323, -0.00632722163573, 0.00322530721314, -0.00348350708373], [0.00279407249764, -0.00125217542518, -0.00660615367815, 0.0174329634756, -0.0114874280989, -0.00134035875089, 0.000782972667366, -0.0018695902545, 0.00149324920494, -0.00219203205779, 0.00665356963873, -0.00444964086637, 0.000921409402508], [-0.00119803077541, -0.00276082777418, 0.000786598946434, -0.0114874280989, 0.0207638088614, -0.00530538940802, 0.00398078653961, 0.00319167901762, -0.00538239162415, 0.00562199670821, -0.00665028626099, 0.00270469998941, -0.00077586225234], [0.00172086677048, 0.00461307773367, -0.00248939939775, -0.00134035875089, -0.00530538940802, 0.0264124553651, -0.0168480426073, 0.00223324564286, 0.000161081305123, 0.0013962223893, -0.0023148227483, 0.00459731230512, 4.92048056913e-05], [-0.000256221625023, -0.00509260455146, 0.000883045140654, 0.000782972667366, 0.00398078653961, -0.0168480426073, 0.0226092841476, -0.0101208398119, 0.00212799711153, 0.000350821646862, -0.000365290354239, -0.00417231209576, 0.00193897332065], [-0.00387965911068, 0.000411806657212, 0.00431691482663, -0.0018695902545, 0.00319167901762, 0.00223324564286, -0.0101208398119, 0.0298920143396, -0.0136115159839, 0.00139929796569, 0.000646173546556, 0.00328798289411, -0.00289122131653], [-0.000642215833068, -0.00220476393588, -0.00347064738162, 0.00149324920494, -0.00538239162415, 0.000161081305123, 0.00212799711153, -0.0136115159839, 0.028482818976, -0.0159343872219, 0.000526156160049, 0.00185098568909, 0.00112037546933], [0.00107078650035, -0.000347313354723, 0.00279847928323, -0.00219203205779, 0.00562199670821, 0.0013962223893, 0.000350821646862, 0.00139929796569, -0.0159343872219, 0.028912499547, -0.0152636533603, 0.00142626173329, 0.00345857581124], [1.87676359928e-05, -0.000241962523432, -0.00632722163573, 0.00665356963873, -0.00665028626099, -0.0023148227483, -0.000365290354239, 0.000646173546556, 0.000526156160049, -0.0152636533603, 0.0361982695758, -0.0168726630509, 0.00356967467815], [-0.00251020840369, -0.00192339811474, 0.00322530721314, -0.00444964086637, 0.00270469998941, 0.00459731230512, -0.00417231209576, 0.00328798289411, 0.00185098568909, 0.00142626173329, -0.0168726630509, 0.0365059636533, -0.0196713656187], [0.00206929631531, 0.000132641260279, -0.00348350708373, 0.000921409402508, -0.00077586225234, 4.92048056913e-05, 0.00193897332065, -0.00289122131653, 0.00112037546933, 0.00345857581124, 0.00356967467815, -0.0196713656187, 0.0325181260705]]
    spectral_contrast:
        mean: [-2.05951451449e-07, -3.91633072638e-08, -5.68645134535e-07, 7.70398060013e-07, 1.89642463511e-07, -3.36926035516e-07, 6.94970708537e-07, -4.67180939268e-07, 1.89307274923e-06, 1.15541308787e-06, -1.28747421968e-06, 5.9618537307e-06]
        var: [0.000206369775697, 0.00029775800067, 0.000959799624979, 0.00208878982812, 0.00435105990618, 0.0058511486277, 0.0231265239418, 0.0523007400334, 0.0967469364405, 0.12736569345, 0.43470916152, 0.563511192799]

rhythm:
    beats_loudness:
        dmean: 0.00262388633564
        dmean2: 0.00438379542902
        dvar: 1.7012205717e-05
        dvar2: 4.64111799374e-05
        max: 0.0198601428419
        mean: 0.00540383672342
        min: 0.00232524145395
        var: 1.17572271847e-05
    beats_loudness_bass:
        dmean: 0.104978919029
        dmean2: 0.21366558969
        dvar: 0.00760093331337
        dvar2: 0.0261866506189
        max: 0.344260245562
        mean: 0.0728765875101
        min: 0.000603240565397
        var: 0.00649458449334
    bpm: 124.713516235
    bpm_confidence: 0
    first_peak_bpm: 124
    first_peak_spread: 0
    first_peak_weight: 0.950000047684
    onset_rate: 3.69818854332
    second_peak_bpm: 118
    second_peak_spread: 0
    second_peak_weight: 0.0500000007451
    beats_position: [0.154994264245, 0.638139605522, 1.1212849617, 1.60443019867, 2.08757567406, 2.57072091103, 3.05386614799, 3.53701162338, 4.02015733719, 4.50330257416, 4.98644828796, 5.46959400177, 5.97665023804, 6.45575809479, 6.93486595154, 7.41397380829, 7.89308166504, 8.37218952179, 8.85129737854, 9.33040523529, 9.80951309204]
    bpm_estimates: [124.147773743, 124.365905762, 122.88028717, 124.862220764, 124.33719635, 124.420799255, 124.472366333, 124.022567749, 124.993057251, 125.914497375, 124.326713562, 123.692993164, 126.152633667, 125.94569397, 125.92124176, 124.960357666]
    bpm_intervals: [0.483145356178, 0.483145356178, 0.483145236969, 0.483145475388, 0.483145236969, 0.483145236969, 0.483145475388, 0.483145713806, 0.483145236969, 0.483145713806, 0.483145713806, 0.507056236267, 0.47910785675, 0.47910785675, 0.47910785675, 0.47910785675, 0.47910785675, 0.47910785675, 0.47910785675, 0.47910785675]
    onset_times: [0.0580498874187, 0.417959183455, 0.626938760281, 1.13777780533, 1.38158726692, 1.60217690468, 1.8575963974, 2.10140585899, 2.34521532059, 2.56580495834, 3.06503391266, 3.54104304314, 3.79646253586, 4.02866220474, 4.20281171799, 4.51628112793, 4.7833108902, 5.25931978226, 5.49151945114, 5.74693870544, 5.83981847763, 6.22294807434, 6.28099775314, 6.39709758759, 6.45514726639, 6.91954660416, 7.39555549622, 7.90639448166, 8.13859367371, 8.35918331146, 8.62621307373, 9.10222244263, 9.27637195587, 9.39247131348, 9.50857162476, 9.62467098236, 9.82204055786]
    rubato_start: []
    rubato_stop: []
    perceptual_tempo: "unknown"

sfx:
    inharmonicity:
        dmean: 0.0346846915781
        dmean2: 0.0625599175692
        dvar: 0.00178062252235
        dvar2: 0.00495168939233
        max: 0.300494521856
        mean: 0.0351408161223
        min: 3.8287175812e-06
        var: 0.00167117780074
    oddtoevenharmonicenergyratio:
        dmean: 8.00736618042
        dmean2: 15.5583848953
        dvar: 1097.3067627
        dvar2: 3300.15869141
        max: 403.778167725
        mean: 4.63461017609
        min: 0.000342028884916
        var: 577.677429199
    pitch_after_max_to_before_max_energy_ratio: 1.48679447174
    pitch_centroid: 239.52935791
    pitch_max_to_total: 0.864801883698
    pitch_min_to_total: 0.13752913475
    tristimulus:
        dmean: [0.228003129363, 0.247638940811, 0.0917236059904]
        dmean2: [0.398055106401, 0.441548019648, 0.161368682981]
        dvar: [0.0408184677362, 0.0466880276799, 0.0081807654351]
        dvar2: [0.10824881494, 0.118740402162, 0.0222663246095]
        max: [0.978352427483, 0.976410925388, 0.545436680317]
        mean: [0.434713661671, 0.432426780462, 0.112992890179]
        min: [0.00644864793867, 0, 0]
        var: [0.0635589584708, 0.0645433440804, 0.0114951245487]

tonal:
    chords_changes_rate: 0.0833333358169
    chords_number_rate: 0.0462962947786
    chords_strength:
        dmean: 0.0126210348681
        dmean2: 0.011716099456
        dvar: 0.000104397215182
        dvar2: 0.000106663675979
        max: 0.775016009808
        mean: 0.609126031399
        min: 0.416328549385
        var: 0.00969756487757
    key_strength: 0.834228038788
    tuning_diatonic_strength: 0.605107307434
    tuning_equal_tempered_deviation: 0.223342940211
    tuning_frequency: 439.745910645
    tuning_nontempered_energy_ratio: 0.896161139011
    hpcp:
        dmean: [0.115295551717, 0.13888284564, 0.145511895418, 0.133629277349, 0.0945463776588, 0.0866388753057, 0.0983252823353, 0.125620007515, 0.145153194666, 0.133625850081, 0.140654996037, 0.156803965569, 0.129582047462, 0.115246340632, 0.0843173637986, 0.0705757811666, 0.0915905535221, 0.114431492984, 0.109548956156, 0.0939019992948, 0.0811220109463, 0.0805173367262, 0.104757912457, 0.160590007901, 0.181121259928, 0.159501254559, 0.135759159923, 0.12436311692, 0.100215338171, 0.100235462189, 0.0841685310006, 0.105272389948, 0.138865455985, 0.122788138688, 0.135093837976, 0.15775308013]
        dmean2: [0.193026766181, 0.246255993843, 0.254692941904, 0.220785692334, 0.158110544086, 0.153593152761, 0.17480379343, 0.216929376125, 0.260258227587, 0.229745209217, 0.251789718866, 0.267239540815, 0.222953855991, 0.200931832194, 0.149127751589, 0.12162566185, 0.158999308944, 0.184918731451, 0.19147528708, 0.161498084664, 0.142071560025, 0.146382704377, 0.181608617306, 0.273550748825, 0.300044536591, 0.276359111071, 0.228545412421, 0.213396832347, 0.173222392797, 0.178510829806, 0.144954293966, 0.185934945941, 0.249494343996, 0.225843921304, 0.232433900237, 0.265339583158]
        dvar: [0.0295873619616, 0.0366922803223, 0.0436394177377, 0.0392489768565, 0.0207693185657, 0.0268713459373, 0.029040755704, 0.0342134274542, 0.0486190393567, 0.033663392067, 0.0346455425024, 0.0341867767274, 0.0350627265871, 0.0266889613122, 0.0233415588737, 0.0175885353237, 0.0279329456389, 0.0295700244606, 0.035037137568, 0.024310098961, 0.0281876046211, 0.022576360032, 0.0297649186105, 0.0388461649418, 0.0444904342294, 0.038500405848, 0.0358523502946, 0.03926217556, 0.0250849407166, 0.0277942363173, 0.0181292872876, 0.0335555970669, 0.0566239021719, 0.0476304031909, 0.0436172634363, 0.0544104091823]
        dvar2: [0.0555266290903, 0.105533495545, 0.10399774462, 0.0957305580378, 0.0551246553659, 0.0679553821683, 0.0724956542253, 0.0820628479123, 0.118480913341, 0.0824700817466, 0.0837783887982, 0.0956125408411, 0.0854243189096, 0.0734692811966, 0.0664943903685, 0.0495344847441, 0.077798217535, 0.0766355767846, 0.0813991054893, 0.061722073704, 0.0673419684172, 0.0631283298135, 0.0790967047215, 0.1022336483, 0.0916651934385, 0.0833268538117, 0.087654389441, 0.0925991460681, 0.0700669214129, 0.0766346231103, 0.0437221340835, 0.0965015366673, 0.167083501816, 0.145471379161, 0.118690811098, 0.122651830316]
        max: [1, 1, 1, 1, 1, 1, 1, 1, 1, 1, 1, 1, 1, 1, 1, 1, 1, 1, 1, 1, 1, 1, 1, 1, 1, 1, 1, 1, 1, 1, 1, 1, 1, 1, 1, 1]
        mean: [0.170289859176, 0.151834174991, 0.285167187452, 0.26833319664, 0.114120393991, 0.0892575308681, 0.114307232201, 0.145374417305, 0.18469196558, 0.185996234417, 0.171102821827, 0.185773491859, 0.180880740285, 0.130713880062, 0.0876562967896, 0.0776798427105, 0.109647467732, 0.177769079804, 0.164052426815, 0.0936409980059, 0.0790892988443, 0.0835542306304, 0.110771507025, 0.217678189278, 0.277785688639, 0.217082083225, 0.194609582424, 0.170574322343, 0.107307352126, 0.0981612131, 0.0946855917573, 0.111795991659, 0.142185106874, 0.12181789428, 0.128107011318, 0.189420193434]
        min: [0.00109326723032, 0.00127140851691, 0.00146239786409, 0.00170833047014, 0.000839253945742, 0.00181562814396, 0.00138208351564, 0.00166467914823, 0.00233571790159, 0.00109893700574, 0.0016806977801, 0.00283245695755, 0.0030833191704, 0.00309404125437, 0.00157208601013, 0.0010991548188, 0.0022632763721, 0.00251691788435, 0.00154284387827, 0.00127140886616, 0.000581899250392, 0.000441193929873, 0.000463931210106, 0.000689843378495, 0.00130349770188, 0.00115653325338, 0.00170318409801, 0.00187206012197, 0.00175795843825, 0.00138769519981, 0.00292741786689, 0.00254665664397, 0.00311416690238, 0.00366953224875, 0.000990140018985, 0.00109958148096]
        var: [0.0662070885301, 0.0380247756839, 0.122308924794, 0.109279684722, 0.0208030920476, 0.0286865122616, 0.0407342240214, 0.0422834083438, 0.0643785372376, 0.052359033376, 0.0450094006956, 0.0499178171158, 0.0589179433882, 0.0309475809336, 0.0164454132318, 0.0153616853058, 0.0286836586893, 0.0703320205212, 0.0665698200464, 0.0230132322758, 0.0252206474543, 0.0218631979078, 0.0346372462809, 0.0704429298639, 0.0978750288486, 0.06329356879, 0.0792880132794, 0.0761197060347, 0.0300553422421, 0.0253649000078, 0.0230045355856, 0.0320157334208, 0.0583492331207, 0.0425972416997, 0.0404747240245, 0.0784269943833]
    chords_histogram: [13.4259262085, 0, 1.38888883591, 0.925925910473, 6.48148155212, 0, 0, 11.5740737915, 0, 27.7777786255, 7.87037038803, 0, 0, 8.33333301544, 0, 0, 12.5, 8.33333301544, 0, 1.38888883591, 0, 0, 0, 0]
    thpcp: [1, 0.940967977047, 0.400187671185, 0.313000708818, 0.400842875242, 0.509786605835, 0.647662043571, 0.652235746384, 0.600008785725, 0.651454627514, 0.634297192097, 0.458376288414, 0.307385623455, 0.272401064634, 0.384502410889, 0.623385488987, 0.575285077095, 0.328372269869, 0.277343600988, 0.293000847101, 0.38844409585, 0.763335347176, 0.97411519289, 0.761244952679, 0.682440280914, 0.598155498505, 0.376296281815, 0.344223380089, 0.33203536272, 0.392036646605, 0.498602628708, 0.427180618048, 0.449234753847, 0.664242625237, 0.59715795517, 0.532439172268]
    chords_key: "F"
    chords_scale: "major"
    key_key: "A#"
    key_scale: "minor"
    chords_progression: ["E", "E", "E", "F", "F", "F", "F", "F", "F", "F", "F", "F", "F", "F", "F", "F", "F", "F", "F", "F", "F", "F", "F", "F", "F", "F", "F", "F", "F", "F", "F", "F", "F", "F", "F", "F", "F", "F", "F", "F", "F", "F", "F", "F", "F", "F", "F", "F", "F", "F", "F", "F", "F", "F", "F", "F", "F", "F", "F", "Am", "Am", "Am", "Am", "Am", "Am", "Am", "Am", "Am", "Am", "Am", "Am", "Am", "Am", "Am", "Am", "Am", "A", "A", "A", "A", "A", "A", "A", "A", "A", "A", "A", "A", "A", "A", "A", "A", "A", "A", "A#", "A#", "A#", "A#", "A#", "A#", "A#", "A#", "A#", "A#m", "A#", "A#m", "A#", "A#", "A#", "A#", "A#", "A#", "A#", "A#", "A#", "A#", "A#", "A#", "A#", "A#", "A#", "A#m", "A#m", "A#m", "A#m", "A#m", "A#m", "A#m", "A#m", "A#m", "A#m", "A#m", "A#m", "A#m", "A#m", "A#m", "A#m", "A#m", "A#m", "A#m", "A#m", "A#m", "A#m", "A#m", "A#m", "A#m", "A#m", "A#m", "F", "F", "F", "F", "F#m", "F#m", "F#m", "F#m", "F#m", "F#m", "F#m", "F#m", "F#m", "F#m", "F#m", "F#m", "Fm", "Fm", "F#m", "F#m", "F#m", "F#m", "F#m", "F#m", "F#m", "F#m", "F#m", "F#m", "F#m", "F#m", "F#m", "F#m", "F#m", "Cm", "Cm", "Cm", "Cm", "Cm", "Cm", "Cm", "Cm", "Cm", "Cm", "Cm", "Cm", "G", "G", "G", "G", "G", "G", "G", "G", "G", "G", "G", "G", "G", "G", "G", "G", "G", "G", "Cm", "Cm", "G#", "G#", "Fm"]
