
metadata:
    version:
        essentia: "1.2.2"
    audio_properties:
        analysis_sample_rate: 44100
        bitrate: 128
        channels: 2
        equal_loudness: 1
        length: 10.0571432114
        replay_gain: -9.60121917725
        downmix: "mix"
    tags:
        track: 6
        year: 0
        album: "Splitted by Mp3Splt v. 2.1"
        artist: "From 000.50 To 001.00"
        comment: "http://mp3splt.sf.net"
        genre: ""
        title: "01 Tonight We Fly.mp3"

highlevel:
    ballroom:
        all:
            ChaChaCha: 0.0316040404141
            Jive: 0.11527646333
            Quickstep: 0.198455616832
            Rumba-American: 0.0100964372978
            Rumba-International: 0.158245638013
            Rumba-Misc: 0.0952521562576
            Samba: 0.0728572458029
            Tango: 0.0192760769278
            VienneseWaltz: 0.204766646028
            Waltz: 0.0941696837544
        probability: 0.204766646028
        value: "VienneseWaltz"
    culture:
        all:
            non_western: 0.166559770703
            western: 0.833440244198
        probability: 0.833440244198
        value: "western"
    gender:
        all:
            female: 0.0813353210688
            male: 0.918664693832
        probability: 0.918664693832
        value: "male"
    genre_dortmund:
        all:
            alternative: 0.376166194677
            blues: 0.00944338738918
            electronic: 0.00485300133005
            folkcountry: 0.262907207012
            funksoulrnb: 0.00638098828495
            jazz: 0.0310729779303
            pop: 0.0873774364591
            raphiphop: 0.000536485691555
            rock: 0.221262335777
        probability: 0.376166194677
        value: "alternative"
    genre_electronica:
        all:
            ambient: 0.584775269032
            dnb: 0.0907227993011
            house: 0.0416440106928
            techno: 0.01836534217
            trance: 0.264492601156
        probability: 0.584775269032
        value: "ambient"
    genre_rosamerica:
        all:
            cla: 0.0231906007975
            dan: 0.048250798136
            hip: 0.00381036940962
            jaz: 0.0258492883295
            pop: 0.326121836901
            rhy: 0.0279692020267
            roc: 0.539482057095
            spe: 0.0053258840926
        probability: 0.539482057095
        value: "roc"
    genre_tzanetakis:
        all:
            blu: 0.00759060308337
            cla: 0.0108488723636
            cou: 0.149620711803
            dis: 0.0274951569736
            hip: 0.00256624398753
            jaz: 0.0569378398359
            met: 0.00938333477825
            pop: 0.27969533205
            reg: 0.0117884725332
            roc: 0.444073438644
        probability: 0.444073438644
        value: "roc"
    live_studio:
        all:
            live: 0.693862855434
            studio: 0.306137174368
        probability: 0.693862855434
        value: "live"
    mood:
        all:
            Cluster1: 0.467673897743
            Cluster2: 0.12748773396
            Cluster3: 0.187713831663
            Cluster4: 0.13914231956
            Cluster5: 0.0779822096229
        probability: 0.467673897743
        value: "Cluster1"
    mood_acoustic:
        all:
            acoustic: 0.682731986046
            not_acoustic: 0.317268013954
        probability: 0.682731986046
        value: "acoustic"
    mood_aggressive:
        all:
            aggressive: 0.0039066132158
            not_aggressive: 0.996093392372
        probability: 0.996093392372
        value: "not_aggressive"
    mood_electronic:
        all:
            electronic: 0.0588829889894
            not_electronic: 0.941116988659
        probability: 0.941116988659
        value: "not_electronic"
    mood_happy:
        all:
            happy: 0.810819268227
            not_happy: 0.189180716872
        probability: 0.810819268227
        value: "happy"
    mood_party:
        all:
            not_party: 0.790975689888
            party: 0.209024310112
        probability: 0.790975689888
        value: "not_party"
    mood_relaxed:
        all:
            not_relaxed: 0.419126808643
            relaxed: 0.580873191357
        probability: 0.580873191357
        value: "relaxed"
    mood_sad:
        all:
            not_sad: 0.230570778251
            sad: 0.769429206848
        probability: 0.769429206848
        value: "sad"
    rhythm:
        all:
            fast: 0.961295843124
            medium: 0.0208967067301
            slow: 0.017807437107
        probability: 0.961295843124
        value: "fast"
    speech_music:
        all:
            music: 0.999451100826
            speech: 0.00054889486637
        probability: 0.999451100826
        value: "music"
    timbre:
        all:
            bright: 0.928991615772
            dark: 0.0710083842278
        probability: 0.928991615772
        value: "bright"
    voice_instrumental:
        all:
            instrumental: 0.00559034571052
            voice: 0.994409680367
        probability: 0.994409680367
        value: "voice"

lowlevel:
    average_loudness: 0.967284917831
    barkbands_kurtosis:
        dmean: 1.14947319031
        dmean2: 1.79130375385
        dvar: 1.64864647388
        dvar2: 4.09637641907
        max: 11.1083726883
        mean: 0.785512149334
        min: -1.80300939083
        var: 5.96542263031
    barkbands_skewness:
        dmean: 0.39429038763
        dmean2: 0.609256505966
        dvar: 0.117957867682
        dvar2: 0.263613551855
        max: 3.22651743889
        mean: 1.11198651791
        min: -1.58360862732
        var: 0.730076849461
    barkbands_spread:
        dmean: 4.85608434677
        dmean2: 7.34813642502
        dvar: 15.723315239
        dvar2: 37.1745109558
        max: 60.3159561157
        mean: 27.4251689911
        min: 8.35181903839
        var: 106.067070007
    dissonance:
        dmean: 0.0195175874978
        dmean2: 0.0313403941691
        dvar: 0.000610053888522
        dvar2: 0.00107008626219
        max: 0.496930837631
        mean: 0.448933005333
        min: 0.0535765737295
        var: 0.00110303715337
    hfc:
        dmean: 1.33816564083
        dmean2: 1.91879856586
        dvar: 2.55220150948
        dvar2: 4.75103521347
        max: 19.3904209137
        mean: 5.19261837006
        min: 0.000401170633268
        var: 7.75153541565
    pitch:
        dmean: 207.865249634
        dmean2: 394.030944824
        dvar: 561705.5625
        dvar2: 1515323
        max: 4410
        mean: 482.758422852
        min: 74.3676223755
        var: 881020.6875
    pitch_instantaneous_confidence:
        dmean: 0.0870814248919
        dmean2: 0.134876832366
        dvar: 0.00541413854808
        dvar2: 0.0125335380435
        max: 0.818813681602
        mean: 0.485428601503
        min: 0.18565517664
        var: 0.0163434930146
    pitch_salience:
        dmean: 0.0597905255854
        dmean2: 0.0954017937183
        dvar: 0.00248045893386
        dvar2: 0.00662245042622
        max: 0.92611092329
        mean: 0.581898570061
        min: 0.299533754587
        var: 0.00778509583324
    silence_rate_20dB:
        dmean: 0
        dmean2: 0
        dvar: 0
        dvar2: 0
        max: 1
        mean: 1
        min: 1
        var: 0
    silence_rate_30dB:
        dmean: 0
        dmean2: 0
        dvar: 0
        dvar2: 0
        max: 1
        mean: 1
        min: 1
        var: 0
    silence_rate_60dB:
        dmean: 0.124711319804
        dmean2: 0.25
        dvar: 0.109158076346
        dvar2: 0.215277776122
        max: 1
        mean: 0.281105995178
        min: 0
        var: 0.202084854245
    spectral_centroid:
        dmean: 221.581054688
        dmean2: 339.650909424
        dvar: 64873.921875
        dvar2: 125449.320312
        max: 3352.27880859
        mean: 1176.32409668
        min: 490.1746521
        var: 323872.875
    spectral_complexity:
        dmean: 2.73085856438
        dmean2: 4.18372106552
        dvar: 5.50528621674
        dvar2: 11.4150571823
        max: 27
        mean: 11.1087961197
        min: 0
        var: 16.0691738129
    spectral_crest:
        dmean: 2.22222805023
        dmean2: 3.68477535248
        dvar: 3.72006607056
        dvar2: 9.51521778107
        max: 21.4030666351
        mean: 9.08546543121
        min: 3.00998473167
        var: 13.7437362671
    spectral_decrease:
        dmean: 3.0712621335e-10
        dmean2: 4.66335914329e-10
        dvar: 9.80090571027e-20
        dvar2: 2.0979233869e-19
        max: -3.86298150857e-14
        mean: -1.188404819e-09
        min: -3.55024742937e-09
        var: 3.9391271348e-19
    spectral_energy:
        dmean: 0.00125050102361
        dmean2: 0.00189447856974
        dvar: 1.59526769039e-06
        dvar2: 3.34735454999e-06
        max: 0.0141702704132
        mean: 0.00495629850775
        min: 1.82185473818e-07
        var: 6.18620879322e-06
    spectral_energyband_high:
        dmean: 0.000124791869894
        dmean2: 0.000188153295312
        dvar: 5.02255979029e-08
        dvar2: 9.95378854896e-08
        max: 0.00275525427423
        mean: 0.000267087249085
        min: 3.04961993436e-08
        var: 1.16262064864e-07
    spectral_energyband_low:
        dmean: 8.46535840537e-05
        dmean2: 0.000136935530463
        dvar: 2.98094349205e-08
        dvar2: 6.891851001e-08
        max: 0.00148792075925
        mean: 0.000123943114886
        min: 1.48958596569e-08
        var: 3.60786138742e-08
    spectral_energyband_middle_high:
        dmean: 0.00030031739152
        dmean2: 0.000438128045062
        dvar: 8.39104146166e-08
        dvar2: 1.78239289994e-07
        max: 0.00335752312094
        mean: 0.0011091385968
        min: 8.13618115103e-08
        var: 2.97741678423e-07
    spectral_energyband_middle_low:
        dmean: 0.00103672593832
        dmean2: 0.00159693683963
        dvar: 1.17458819204e-06
        dvar2: 2.67754830929e-06
        max: 0.0125526329502
        mean: 0.00345612620004
        min: 5.29689216933e-08
        var: 5.17491707797e-06
    spectral_flatness_db:
        dmean: 0.0165139939636
        dmean2: 0.025109667331
        dvar: 0.000202461596928
        dvar2: 0.000431592809036
        max: 0.243111655116
        mean: 0.159545600414
        min: 0.0390350557864
        var: 0.000878404360265
    spectral_flux:
        dmean: 0.00912644527853
        dmean2: 0.0143163595349
        dvar: 7.72282655817e-05
        dvar2: 0.000209399848245
        max: 0.0904871374369
        mean: 0.0357465855777
        min: 0.0142407147214
        var: 0.000150823019794
    spectral_kurtosis:
        dmean: 0.897525370121
        dmean2: 1.40514171124
        dvar: 0.83267480135
        dvar2: 1.86908280849
        max: 9.41810417175
        mean: 3.18133497238
        min: -0.571548700333
        var: 2.27856993675
    spectral_rms:
        dmean: 0.000282055465505
        dmean2: 0.000419038435211
        dvar: 7.08206684408e-08
        dvar2: 1.37908429565e-07
        max: 0.00371815194376
        mean: 0.00212620501406
        min: 1.33319890665e-05
        var: 3.14661718903e-07
    spectral_rolloff:
        dmean: 525.489868164
        dmean2: 841.096801758
        dvar: 288353.90625
        dvar2: 576603.0625
        max: 5103.36914062
        mean: 2368.70214844
        min: 387.59765625
        var: 1553071.75
    spectral_skewness:
        dmean: 0.17911849916
        dmean2: 0.263761311769
        dvar: 0.0284756943583
        dvar2: 0.0490974523127
        max: 2.43286061287
        mean: 1.4591935873
        min: 0.457038253546
        var: 0.126505866647
    spectral_spread:
        dmean: 501771.03125
        dmean2: 727373.625
        dvar: 531460161536
        dvar2: 811228987392
        max: 18097220
        mean: 5637396
        min: 3941092.25
        var: 1.64939667866e+12
    spectral_strongpeak:
        dmean: 0.285215497017
        dmean2: 0.484432339668
        dvar: 0.164003029466
        dvar2: 0.404680967331
        max: 4.58371639252
        mean: 0.587559521198
        min: 0
        var: 0.230875685811
    zerocrossingrate:
        dmean: 0.00891821365803
        dmean2: 0.0105355195701
        dvar: 7.99990521045e-05
        dvar2: 8.11305071693e-05
        max: 0.1708984375
        mean: 0.0761187523603
        min: 0.0078125
        var: 0.000765187724028
    barkbands:
        dmean: [8.65110578729e-08, 2.56748826359e-05, 6.69843284413e-05, 0.0001472611184, 0.000577901897486, 0.000401310389861, 0.000313110213028, 0.000289806950605, 6.45971231279e-05, 0.000124537196825, 3.03545712086e-05, 3.40838923876e-05, 2.85223832179e-05, 2.00246540771e-05, 2.88077753794e-05, 5.9147230786e-05, 6.04816304985e-05, 6.30478098174e-05, 8.81090818439e-05, 9.87211969914e-05, 5.7816188928e-05, 2.46148920269e-05, 4.4277858251e-06, 4.77164894619e-06, 1.69219140389e-06, 7.78234365839e-08, 7.06146363605e-10]
        dmean2: [1.32615880943e-07, 4.18874806201e-05, 0.000111581139208, 0.000226753865718, 0.000948893721215, 0.000673436035868, 0.000465469522169, 0.000409373664297, 9.65084109339e-05, 0.000190162172657, 4.82214381918e-05, 5.16308864462e-05, 4.47629572591e-05, 3.24668908434e-05, 4.61469826405e-05, 9.29943489609e-05, 9.75381044555e-05, 9.80126133072e-05, 0.000134924863232, 0.000158764873049, 8.71588854352e-05, 3.61157399311e-05, 6.5776662268e-06, 6.80260791341e-06, 2.43294152824e-06, 1.1935425448e-07, 1.14179687927e-09]
        dvar: [6.20034893654e-14, 3.001507487e-09, 1.96706597677e-08, 4.1323747979e-08, 3.34518830414e-07, 5.59791885735e-07, 3.22149873e-07, 3.76736210228e-07, 1.55998272078e-08, 3.25284830183e-08, 2.47870168835e-09, 1.66637093013e-09, 2.08163797311e-09, 8.44663616828e-10, 1.03638120308e-09, 3.58423024593e-09, 3.94934662751e-09, 6.24132523441e-09, 9.50270973021e-09, 2.17045474926e-08, 1.20576144624e-08, 1.52715262658e-09, 9.52570661239e-11, 2.98335689486e-10, 2.35734539528e-11, 9.05352859739e-14, 2.48207669264e-17]
        dvar2: [1.50245281169e-13, 7.71053088044e-09, 4.6985210389e-08, 8.90458622393e-08, 8.63410434704e-07, 1.60808826877e-06, 7.34115644718e-07, 6.65114725962e-07, 3.08684562356e-08, 8.87245477088e-08, 5.91629412128e-09, 3.4388263348e-09, 4.69711380902e-09, 2.12696305013e-09, 2.56073673377e-09, 9.65215019022e-09, 1.00519468305e-08, 1.28172237268e-08, 2.15422204519e-08, 4.71570587024e-08, 2.83227148401e-08, 3.24937454721e-09, 1.99379665555e-10, 5.38009303774e-10, 4.9267406127e-11, 1.59212080368e-13, 6.1515509714e-17]
        max: [3.09128381559e-06, 0.000368017237633, 0.00128819793463, 0.00260309479199, 0.00594216864556, 0.00802775006741, 0.00715874601156, 0.00698320241645, 0.00223810737953, 0.00206872145645, 0.000536789535545, 0.00039080978604, 0.000482898612972, 0.000284273235593, 0.000411366578192, 0.000676670402754, 0.000607490364928, 0.00102244131267, 0.00164747191593, 0.00193373742513, 0.00134761154186, 0.000521809561178, 0.000106883780973, 0.000172673884663, 6.31405055174e-05, 5.79337984163e-06, 7.39918064596e-08]
        mean: [8.13489720031e-08, 2.75800375675e-05, 9.62875128607e-05, 0.000252029829426, 0.00106882990804, 0.000734495057259, 0.000609627808444, 0.000584545428865, 0.000135576250614, 0.000252547150012, 5.2896917623e-05, 6.64175458951e-05, 3.73347429559e-05, 3.36772609444e-05, 5.30865108885e-05, 0.000104534992715, 0.000114564580144, 0.000126538448967, 0.000220134417759, 0.000212931699934, 0.000104280938103, 4.91081336804e-05, 8.54509835335e-06, 7.42749489291e-06, 3.06920946969e-06, 1.52948388177e-07, 6.47773390483e-10]
        min: [2.63238020791e-12, 7.32715577101e-09, 5.194767283e-09, 5.533328018e-09, 1.51886805355e-08, 1.49188625898e-08, 1.02105159883e-08, 3.79945541695e-09, 2.5484276911e-09, 7.0633570104e-09, 4.63839766596e-09, 2.08972616988e-09, 2.67079225402e-09, 8.50825687682e-10, 6.47846309931e-09, 5.85348569615e-09, 5.44224132426e-09, 1.64181042095e-08, 1.65688032183e-08, 2.22700649033e-08, 9.02733354735e-09, 1.02316866091e-08, 1.48753498408e-09, 5.46461487172e-10, 4.61973015398e-10, 2.89941987086e-10, 2.66822848538e-12]
        var: [4.39415146522e-14, 2.78953793398e-09, 2.42035991249e-08, 1.03229588433e-07, 1.00459010355e-06, 1.16120634175e-06, 6.92307082772e-07, 1.02590115603e-06, 6.55447678355e-08, 1.26162433389e-07, 3.89210530471e-09, 4.93068919027e-09, 3.24269544549e-09, 1.00961705662e-09, 2.02298067187e-09, 7.89508192156e-09, 7.37324112876e-09, 1.72033693957e-08, 2.86592385379e-08, 4.43695817864e-08, 2.15762714362e-08, 3.92824528461e-09, 2.24515642189e-10, 5.47402068118e-10, 4.86662238286e-11, 2.47271441604e-13, 1.35471752975e-17]
    mfcc:
        mean: [-708.225891113, 106.914215088, -31.1505775452, 48.0700111389, -26.6989631653, -18.9185504913, -14.0025215149, -14.3122739792, -7.60349988937, -12.5658559799, -12.1052207947, -12.2958021164, -3.68840694427]
        cov: [[1355.4855957, -60.749797821, 121.514175415, -44.0478858948, 19.71875, 45.6449890137, -3.71245789528, 10.0492315292, 41.6928367615, 10.3775186539, 56.680355072, 99.8783111572, 0.207900181413], [-60.749797821, 639.88104248, -63.3298034668, -21.6686038971, 19.8256092072, -7.47946405411, 48.9399452209, 28.2650604248, -1.75146794319, -13.775018692, 52.1971855164, 15.7058696747, 55.938709259], [121.514175415, -63.3298034668, 160.428253174, 9.20324897766, 20.8312015533, 12.7358388901, 21.9728107452, 2.06076359749, 14.9030971527, 14.5702228546, 11.1570386887, 21.2742557526, 1.56572294235], [-44.0478858948, -21.6686038971, 9.20324897766, 165.370056152, 88.7337036133, 73.7617721558, 17.5916690826, 29.2285175323, 32.9102020264, -2.53682589531, 0.948409318924, 3.62311291695, 2.73494648933], [19.71875, 19.8256092072, 20.8312015533, 88.7337036133, 156.362808228, 84.8061904907, 47.328250885, 22.3506126404, 30.0483455658, 12.6526193619, 21.6009979248, 19.7162227631, 18.7863121033], [45.6449890137, -7.47946405411, 12.7358388901, 73.7617721558, 84.8061904907, 136.980911255, 53.4494171143, 34.772441864, 31.6112327576, 5.16964435577, 15.0942020416, 17.3301525116, 2.40284514427], [-3.71245789528, 48.9399452209, 21.9728107452, 17.5916690826, 47.328250885, 53.4494171143, 103.909210205, 60.8712234497, 34.8541603088, 29.3831501007, 13.3426361084, 19.4776611328, 16.5634346008], [10.0492315292, 28.2650604248, 2.06076359749, 29.2285175323, 22.3506126404, 34.772441864, 60.8712234497, 102.583175659, 56.0042457581, 32.4264793396, 6.03153896332, 4.19410657883, 8.99473381042], [41.6928367615, -1.75146794319, 14.9030971527, 32.9102020264, 30.0483455658, 31.6112327576, 34.8541603088, 56.0042457581, 89.4209747314, 48.1930732727, 8.49434375763, 14.4707593918, 6.7892408371], [10.3775186539, -13.775018692, 14.5702228546, -2.53682589531, 12.6526193619, 5.16964435577, 29.3831501007, 32.4264793396, 48.1930732727, 90.2993469238, 27.0575790405, 14.1997680664, 6.61164999008], [56.680355072, 52.1971855164, 11.1570386887, 0.948409318924, 21.6009979248, 15.0942020416, 13.3426361084, 6.03153896332, 8.49434375763, 27.0575790405, 69.8952560425, 30.0232524872, 10.7979946136], [99.8783111572, 15.7058696747, 21.2742557526, 3.62311291695, 19.7162227631, 17.3301525116, 19.4776611328, 4.19410657883, 14.4707593918, 14.1997680664, 30.0232524872, 71.4970169067, 26.3635616302], [0.207900181413, 55.938709259, 1.56572294235, 2.73494648933, 18.7863121033, 2.40284514427, 16.5634346008, 8.99473381042, 6.7892408371, 6.61164999008, 10.7979946136, 26.3635616302, 54.2474517822]]
        icov: [[0.000962997670285, 3.04314144159e-05, -0.000615331635345, 0.000721368531231, -0.000199678048375, -0.000456240901258, 0.000853399280459, -0.000470433704322, -0.00047698643175, 0.000476726214401, -0.000326815148583, -0.00131087913178, 0.00055682886159], [3.04314144159e-05, 0.0021514412947, 0.000922002946027, 0.000290907802992, -0.000130460000946, 0.000729019695427, -0.00138892547693, -4.76533568872e-05, -0.000510207668412, 0.00158199260477, -0.00226383237168, 0.000885240093339, -0.00192359520588], [-0.000615331635345, 0.000922002946027, 0.00764764798805, -0.000602279207669, -0.00036511165672, 0.00116239278577, -0.00298253423534, 0.00179572193883, -0.000864917470608, 5.95138080826e-05, -0.000802131136879, -0.000599036575295, 0.000100893113995], [0.000721368531231, 0.000290907802992, -0.000602279207669, 0.0111607126892, -0.00515666557476, -0.00336784985848, 0.0040323366411, -0.00290993764065, -0.00232507381588, 0.00214313948527, 0.000541393237654, -0.000518773740623, 0.000512365950271], [-0.000199678048375, -0.000130460000946, -0.00036511165672, -0.00515666557476, 0.0131615716964, -0.0043173590675, -0.00373412133195, 0.00343489390798, -0.00104461144656, -0.000482122995891, -0.00206795451231, 0.00135767296888, -0.00344899087213], [-0.000456240901258, 0.000729019695427, 0.00116239278577, -0.00336784985848, -0.0043173590675, 0.0147606134415, -0.00608884077519, 0.000274883932434, -0.00180644670036, 0.00303291575983, -0.00205122702755, -0.000814148108475, 0.00270150089636], [0.000853399280459, -0.00138892547693, -0.00298253423534, 0.0040323366411, -0.00373412133195, -0.00608884077519, 0.0224244445562, -0.011599548161, 0.00294592115097, -0.003730480792, 0.00283118430525, -0.00394674623385, -0.000608470174484], [-0.000470433704322, -4.76533568872e-05, 0.00179572193883, -0.00290993764065, 0.00343489390798, 0.000274883932434, -0.011599548161, 0.0221917051822, -0.0101999016479, 0.000201881950488, -0.0010372394463, 0.00424887798727, -0.00180026632734], [-0.00047698643175, -0.000510207668412, -0.000864917470608, -0.00232507381588, -0.00104461144656, -0.00180644670036, 0.00294592115097, -0.0101999016479, 0.0246138554066, -0.0110327573493, 0.00455135572702, -0.0033556537237, 0.000892674957868], [0.000476726214401, 0.00158199260477, 5.95138080826e-05, 0.00214313948527, -0.000482122995891, 0.00303291575983, -0.003730480792, 0.000201881950488, -0.0110327573493, 0.0206345766783, -0.00847888365388, 0.00118983653374, -0.000629390764516], [-0.000326815148583, -0.00226383237168, -0.000802131136879, 0.000541393237654, -0.00206795451231, -0.00205122702755, 0.00283118430525, -0.0010372394463, 0.00455135572702, -0.00847888365388, 0.0229024570435, -0.00819247215986, 0.00233253184706], [-0.00131087913178, 0.000885240093339, -0.000599036575295, -0.000518773740623, 0.00135767296888, -0.000814148108475, -0.00394674623385, 0.00424887798727, -0.0033556537237, 0.00118983653374, -0.00819247215986, 0.0243073143065, -0.0107052903622], [0.00055682886159, -0.00192359520588, 0.000100893113995, 0.000512365950271, -0.00344899087213, 0.00270150089636, -0.000608470174484, -0.00180026632734, 0.000892674957868, -0.000629390764516, 0.00233253184706, -0.0107052903622, 0.0266491025686]]
    spectral_contrast:
        mean: [1.81262961974e-07, -4.90651757445e-07, 3.13234835403e-07, 9.32012440558e-08, -8.53022470437e-08, -2.78224007388e-07, -1.71977342234e-06, 2.7589912861e-06, -2.6891766538e-06, 2.46724607678e-06, 1.85105534456e-06, -1.13028067972e-06]
        var: [0.000359490280971, 0.000549441785552, 0.00106003077235, 0.0028103296645, 0.00333961728029, 0.00601284019649, 0.0325456224382, 0.0746024698019, 0.0884904712439, 0.260718375444, 0.451301604509, 1.15451216698]

rhythm:
    beats_loudness:
        dmean: 0.00254946551286
        dmean2: 0.00433447910473
        dvar: 4.09836684412e-06
        dvar2: 1.02249568954e-05
        max: 0.0121803013608
        mean: 0.00567245995626
        min: 0.00102410290856
        var: 6.19483762421e-06
    beats_loudness_bass:
        dmean: 0.0381542667747
        dmean2: 0.0729142129421
        dvar: 0.00269580096938
        dvar2: 0.00726120872423
        max: 0.233151629567
        mean: 0.0427410081029
        min: 0.00147663836833
        var: 0.00286890473217
    bpm: 159.74597168
    bpm_confidence: 0
    first_peak_bpm: 160
    first_peak_spread: 0
    first_peak_weight: 0.960000038147
    onset_rate: 5.17045450211
    second_peak_bpm: 105
    second_peak_spread: 0
    second_peak_weight: 0.0399999991059
    beats_position: [0.125532671809, 0.501666069031, 0.87779957056, 1.25393295288, 1.63006639481, 2.00619983673, 2.38233327866, 2.75846672058, 3.13460040092, 3.51073360443, 3.88686704636, 4.26300048828, 4.63913393021, 5.01526737213, 5.39140081406, 5.76753425598, 6.33674573898, 6.70978069305, 7.08281517029, 7.45585012436, 7.82888507843, 8.20192050934, 8.5749540329, 8.94798946381, 9.32102489471, 9.69405841827]
    bpm_estimates: [159.44392395, 159.591873169, 159.320999146, 160.550888062, 159.381988525, 160.612838745, 159.31930542]
    bpm_intervals: [0.37613338232, 0.37613350153, 0.37613338232, 0.376133441925, 0.376133441925, 0.376133441925, 0.376133441925, 0.376133680344, 0.376133203506, 0.376133441925, 0.376133441925, 0.376133441925, 0.376133441925, 0.376133441925, 0.376133441925, 0.569211483002, 0.373034954071, 0.373034477234, 0.373034954071, 0.373034954071, 0.373035430908, 0.37303352356, 0.373035430908, 0.373035430908, 0.37303352356]
    onset_times: [0.0580498874187, 0.232199549675, 0.31346938014, 0.487619042397, 0.53405892849, 0.673378705978, 1.06811785698, 1.25387752056, 1.42802715302, 1.62539684772, 1.98530614376, 2.10140585899, 2.20589566231, 2.46131515503, 2.57741498947, 2.93732428551, 3.14630389214, 3.22757363319, 3.32045340538, 3.59909296036, 3.88934230804, 4.08671188354, 4.26086187363, 4.446621418, 4.65560102463, 4.841360569, 5.23609972, 5.39863967896, 5.59600925446, 5.79337882996, 5.9094786644, 5.95591831207, 6.1648979187, 6.32743787766, 6.53641700745, 6.66412687302, 6.73378705978, 6.91954660416, 7.0936961174, 7.46521520615, 7.66258525848, 7.87156438828, 8.0224943161, 8.37079334259, 8.46367359161, 8.78875255585, 8.97451210022, 9.12544250488, 9.35764217377, 9.53179168701, 9.77560043335, 9.93814086914]
    rubato_start: []
    rubato_stop: []
    perceptual_tempo: "unknown"

sfx:
    inharmonicity:
        dmean: 0.0420758090913
        dmean2: 0.0756006389856
        dvar: 0.00276823574677
        dvar2: 0.00731188105419
        max: 0.35329169035
        mean: 0.042200833559
        min: 2.90958323603e-05
        var: 0.0026700256858
    oddtoevenharmonicenergyratio:
        dmean: 4.48783445358
        dmean2: 8.59579944611
        dvar: 532.287719727
        dvar2: 1583.6036377
        max: 325.770935059
        mean: 2.83586859703
        min: 0.000518879969604
        var: 277.279052734
    pitch_after_max_to_before_max_energy_ratio: 1.1902410984
    pitch_centroid: 301.09664917
    pitch_max_to_total: 0.902777791023
    pitch_min_to_total: 0.296296298504
    tristimulus:
        dmean: [0.204762175679, 0.222807347775, 0.103573068976]
        dmean2: [0.352355033159, 0.382250666618, 0.185831278563]
        dvar: [0.0300251059234, 0.0365600734949, 0.0122204879299]
        dvar2: [0.0762958228588, 0.0985068529844, 0.0363715924323]
        max: [0.955137848854, 0.969399929047, 0.579541325569]
        mean: [0.402225732803, 0.448171287775, 0.119397208095]
        min: [0.0036163625773, 0, 0]
        var: [0.0554448068142, 0.0552350506186, 0.0125934267417]

tonal:
    chords_changes_rate: 0.0645161271095
    chords_number_rate: 0.0322580635548
    chords_strength:
        dmean: 0.00901269074529
        dmean2: 0.0102460989729
        dvar: 5.8351241023e-05
        dvar2: 7.81422204454e-05
        max: 0.759894371033
        mean: 0.568476915359
        min: 0.438639134169
        var: 0.00656748330221
    key_strength: 0.736271679401
    tuning_diatonic_strength: 0.685202598572
    tuning_equal_tempered_deviation: 0.202697828412
    tuning_frequency: 451.326080322
    tuning_nontempered_energy_ratio: 0.902456820011
    hpcp:
        dmean: [0.143485888839, 0.0974037200212, 0.0578399822116, 0.0620026178658, 0.129224836826, 0.165525898337, 0.153822287917, 0.139780819416, 0.121364369988, 0.100762784481, 0.0677534863353, 0.0540429577231, 0.0550921447575, 0.0832782462239, 0.129214480519, 0.139796763659, 0.0807026773691, 0.0383490771055, 0.0381732620299, 0.0817091986537, 0.0917889028788, 0.0978623479605, 0.0820121094584, 0.044002816081, 0.0330392420292, 0.0710623934865, 0.116161353886, 0.151348784566, 0.166210070252, 0.158174723387, 0.181536510587, 0.161343574524, 0.130214437842, 0.127221286297, 0.12500846386, 0.14128229022]
        dmean2: [0.249108567834, 0.168038621545, 0.0986414626241, 0.113170608878, 0.223735153675, 0.282100349665, 0.251930356026, 0.237315192819, 0.204264774919, 0.161901861429, 0.109672017395, 0.0939445197582, 0.0936911553144, 0.140984386206, 0.210665941238, 0.231550008059, 0.141702383757, 0.069028288126, 0.0667573064566, 0.139779061079, 0.15065343678, 0.157358661294, 0.141750782728, 0.0754025131464, 0.0581433139741, 0.129612520337, 0.189687460661, 0.250824779272, 0.282038062811, 0.250202327967, 0.295553296804, 0.284122854471, 0.23474407196, 0.228542789817, 0.220244899392, 0.240118071437]
        dvar: [0.0363975204527, 0.0287274401635, 0.0107454825193, 0.0211708694696, 0.0374373830855, 0.0481759980321, 0.0376826860011, 0.0339159294963, 0.0403687246144, 0.0264218915254, 0.0175666604191, 0.0128579540178, 0.00913234706968, 0.0171450767666, 0.0291711837053, 0.040606431663, 0.0220862478018, 0.0103191258386, 0.00996414665133, 0.0194035638124, 0.0210814829916, 0.0197792556137, 0.0237157251686, 0.00979273207486, 0.00782664585859, 0.0267868731171, 0.0343118719757, 0.0404258444905, 0.0431398823857, 0.0393747314811, 0.0519653074443, 0.0595346391201, 0.0464748702943, 0.0402816459537, 0.0298848710954, 0.0373661443591]
        dvar2: [0.0932435765862, 0.0836492404342, 0.0306163746864, 0.065303735435, 0.108833134174, 0.111558653414, 0.0814910456538, 0.087616764009, 0.11154281348, 0.0609989464283, 0.0478912219405, 0.0355818979442, 0.0247507877648, 0.043891184032, 0.0688867717981, 0.0944442674518, 0.0619361922145, 0.0299753583968, 0.0273046214134, 0.0523695349693, 0.0468788295984, 0.0488020256162, 0.0655197277665, 0.0265432018787, 0.0227343142033, 0.0826593413949, 0.0876281410456, 0.107260964811, 0.114712171257, 0.11332500726, 0.132577270269, 0.154378697276, 0.123114854097, 0.105741925538, 0.0792175233364, 0.0870037078857]
        max: [1, 1, 0.987995386124, 1, 1, 1, 1, 1, 1, 1, 1, 0.705847740173, 0.63830935955, 1, 1, 1, 1, 0.894499659538, 0.838465452194, 0.865313589573, 1, 1, 1, 0.792603671551, 0.822308540344, 0.956987023354, 1, 1, 1, 1, 1, 1, 1, 1, 1, 1]
        mean: [0.199417993426, 0.116581238806, 0.0674047097564, 0.060634046793, 0.150568962097, 0.334840983152, 0.319376438856, 0.184034898877, 0.189877301455, 0.154060825706, 0.0735599175096, 0.0563010685146, 0.0563213378191, 0.104609876871, 0.248412027955, 0.243037313223, 0.0900747999549, 0.0337371565402, 0.0356602557003, 0.100723691285, 0.221607029438, 0.202295660973, 0.0879069939256, 0.0413505397737, 0.0308623891324, 0.0590418837965, 0.141662120819, 0.181830003858, 0.222966983914, 0.337442606688, 0.288288384676, 0.1514313519, 0.119055315852, 0.11477804929, 0.129378601909, 0.195670470595]
        min: [0.00331912748516, 0.0060069244355, 0.00232889503241, 0.00283526792191, 0.00307207135484, 0.00391956837848, 0.00296757672913, 0.00485833361745, 0.00362931750715, 0.00264259357937, 0.00159772578627, 0.00129959022161, 0.00126520486083, 0.00175602443051, 0.00307754776441, 0.00298173027113, 0.000676293333527, 0.00047734787222, 0.000381013116566, 0.00176120735705, 0.000906852423213, 0.000517310574651, 0.00129885529168, 0.000277204002487, 0.000539009110071, 0.0013154380722, 0.00214529666118, 0.00209192279726, 0.00407382939011, 0.00261910259724, 0.00338599248789, 0.0034838677384, 0.0021662840154, 0.00189563096501, 0.00283028604463, 0.00224459124729]
        var: [0.0565808527172, 0.027190791443, 0.0127840852365, 0.0145083433017, 0.0378899164498, 0.121172621846, 0.118513613939, 0.0460562556982, 0.0789192840457, 0.063353985548, 0.0155096435919, 0.00885157845914, 0.00749703962356, 0.0198642555624, 0.0732223466039, 0.0768387466669, 0.0179005004466, 0.00594938127324, 0.00741601921618, 0.0301270578057, 0.0921550244093, 0.0723374634981, 0.0203760936856, 0.00699893757701, 0.00537300808355, 0.0165684577078, 0.0460703708231, 0.0597836188972, 0.0648947805166, 0.115523710847, 0.094756834209, 0.0521754287183, 0.043877389282, 0.0410176478326, 0.0348337031901, 0.065213792026]
    chords_histogram: [13.3640556335, 0, 36.8663597107, 0, 0, 0, 0, 0, 9.67741966248, 0, 0, 0, 0, 0, 0, 7.37327194214, 2.30414748192, 0, 18.4331798553, 0, 0, 0, 0, 11.9815664291]
    thpcp: [1, 0.854333102703, 0.448761790991, 0.352816492319, 0.340140938759, 0.383409202099, 0.579862952232, 0.590968608856, 0.345484644175, 0.199751630425, 0.179686993361, 0.446206122637, 0.992290198803, 0.946461498737, 0.545381307602, 0.562695086002, 0.456554174423, 0.217992380261, 0.166846349835, 0.166906416416, 0.3100079, 0.736160814762, 0.720233023167, 0.266933679581, 0.0999789461493, 0.105677984655, 0.298491328955, 0.656725108624, 0.599496483803, 0.260509461164, 0.122540958226, 0.0914596691728, 0.174968674779, 0.419811010361, 0.538847208023, 0.66075527668]
    chords_key: "F#"
    chords_scale: "major"
    key_key: "B"
    key_scale: "major"
    chords_progression: ["Em", "Em", "Em", "Em", "Em", "Em", "Em", "Em", "Em", "Em", "F#", "F#", "F#", "F#", "F#", "F#", "F#", "F#", "F#", "F#", "F#", "F#", "F#", "F#", "F#", "F#", "F#", "F#", "F#", "F#", "F#", "F#", "F#", "F#", "F#", "F#", "F#", "F#", "F#", "F#", "F#", "F#", "F#", "F#", "F#", "F#", "F#", "F#", "F#", "F#", "F#", "F#", "F#", "F#", "F#", "F#", "F#", "F#", "F#", "D", "D", "D", "D", "D", "D", "D", "D", "D", "D", "D", "D", "D", "D", "D", "D", "D", "D", "D", "D", "D", "D", "D", "D", "D", "D", "D", "D", "F#", "F#", "F#", "D", "D", "D", "D", "D", "D", "D", "D", "D", "D", "D", "D", "B", "B", "B", "B", "B", "B", "B", "B", "G#m", "G#m", "G#m", "G#m", "G#m", "G#m", "G#m", "G#m", "G#m", "G#m", "G#m", "G#m", "G#m", "G#m", "G#m", "G#m", "D#", "D#", "D#", "D#", "D#", "D#", "D#", "D#", "D#", "D#", "D#", "D#", "D#", "D#", "D#", "D#", "D#", "D#", "D#", "D#", "D#", "G#m", "G#m", "G#m", "G#m", "G#m", "G#m", "G#m", "G#m", "G#m", "G#m", "B", "B", "B", "B", "B", "B", "B", "B", "B", "B", "B", "B", "B", "B", "B", "B", "B", "B", "B", "B", "Em", "Em", "B", "Em", "Em", "Em", "Em", "G", "G", "G", "G", "G", "F#", "F#", "F#", "F#", "F#", "F#", "F#", "F#", "F#", "F#", "F#", "F#", "F#", "F#", "F#", "F#", "F#", "F#", "F#", "F#", "F#", "F#", "F#", "F#", "F#", "F#", "F#", "F#"]
