
metadata:
    version:
        essentia: "1.2.2"
    audio_properties:
        analysis_sample_rate: 44100
        bitrate: 128
        channels: 2
        equal_loudness: 1
        length: 9.97877597809
        replay_gain: -8.22170066833
        downmix: "mix"
    tags:
        track: 3
        year: 0
        album: "Splitted by Mp3Splt v. 2.1"
        artist: "From 000.20 To 000.30"
        comment: "http://mp3splt.sf.net"
        genre: ""
        title: "01 Laughing Gnome.mp3"

highlevel:
    ballroom:
        all:
            ChaChaCha: 0.0223793406039
            Jive: 0.0599044114351
            Quickstep: 0.0376112312078
            Rumba-American: 0.0386171601713
            Rumba-International: 0.579023361206
            Rumba-Misc: 0.126533031464
            Samba: 0.0869843587279
            Tango: 0.00266987737268
            VienneseWaltz: 0.034628637135
            Waltz: 0.0116485832259
        probability: 0.579023361206
        value: "Rumba-International"
    culture:
        all:
            non_western: 0.809145152569
            western: 0.190854847431
        probability: 0.809145152569
        value: "non_western"
    gender:
        all:
            female: 0.0432259328663
            male: 0.956774055958
        probability: 0.956774055958
        value: "male"
    genre_dortmund:
        all:
            alternative: 0.0200702976435
            blues: 0.078017026186
            electronic: 0.0108614750206
            folkcountry: 0.0854629576206
            funksoulrnb: 0.117294751108
            jazz: 0.144926652312
            pop: 0.100224338472
            raphiphop: 0.164921194315
            rock: 0.278221309185
        probability: 0.278221309185
        value: "rock"
    genre_electronica:
        all:
            ambient: 0.429682582617
            dnb: 0.312777876854
            house: 0.0774270445108
            techno: 0.0434354394674
            trance: 0.13667704165
        probability: 0.429682582617
        value: "ambient"
    genre_rosamerica:
        all:
            cla: 0.011223020032
            dan: 0.0636775493622
            hip: 0.148943513632
            jaz: 0.0409754961729
            pop: 0.288088291883
            rhy: 0.337328702211
            roc: 0.0889885798097
            spe: 0.0207748580724
        probability: 0.337328702211
        value: "rhy"
    genre_tzanetakis:
        all:
            blu: 0.00337638217025
            cla: 0.00284807826392
            cou: 0.02645207569
            dis: 0.02579690516
            hip: 0.128975793719
            jaz: 0.00569798517972
            met: 0.00148169300519
            pop: 0.642054796219
            reg: 0.134338974953
            roc: 0.028977304697
        probability: 0.642054796219
        value: "pop"
    live_studio:
        all:
            live: 0.164715230465
            studio: 0.835284769535
        probability: 0.835284769535
        value: "studio"
    mood:
        all:
            Cluster1: 0.239010289311
            Cluster2: 0.21671320498
            Cluster3: 0.30768212676
            Cluster4: 0.155920550227
            Cluster5: 0.0806738138199
        probability: 0.30768212676
        value: "Cluster3"
    mood_acoustic:
        all:
            acoustic: 0.694923102856
            not_acoustic: 0.305076897144
        probability: 0.694923102856
        value: "acoustic"
    mood_aggressive:
        all:
            aggressive: 0.0831393375993
            not_aggressive: 0.916860640049
        probability: 0.916860640049
        value: "not_aggressive"
    mood_electronic:
        all:
            electronic: 0.0848658308387
            not_electronic: 0.915134191513
        probability: 0.915134191513
        value: "not_electronic"
    mood_happy:
        all:
            happy: 0.354462236166
            not_happy: 0.645537793636
        probability: 0.645537793636
        value: "not_happy"
    mood_party:
        all:
            not_party: 0.777705132961
            party: 0.22229488194
        probability: 0.777705132961
        value: "not_party"
    mood_relaxed:
        all:
            not_relaxed: 0.5
            relaxed: 0.5
        probability: 0.5
        value: "not_relaxed"
    mood_sad:
        all:
            not_sad: 0.432260006666
            sad: 0.567740023136
        probability: 0.567740023136
        value: "sad"
    rhythm:
        all:
            fast: 0.392226278782
            medium: 0.541657567024
            slow: 0.0661161243916
        probability: 0.541657567024
        value: "medium"
    speech_music:
        all:
            music: 0.999958276749
            speech: 4.17460287281e-05
        probability: 0.999958276749
        value: "music"
    timbre:
        all:
            bright: 0.250078439713
            dark: 0.749921560287
        probability: 0.749921560287
        value: "dark"
    voice_instrumental:
        all:
            instrumental: 0.000214995830902
            voice: 0.999785006046
        probability: 0.999785006046
        value: "voice"

lowlevel:
    average_loudness: 0.977787435055
    barkbands_kurtosis:
        dmean: 6.38577079773
        dmean2: 9.95689105988
        dvar: 89.0288085938
        dvar2: 214.915481567
        max: 99.9574279785
        mean: 8.7900762558
        min: -1.89485609531
        var: 169.199829102
    barkbands_skewness:
        dmean: 0.894317626953
        dmean2: 1.41135537624
        dvar: 0.898292005062
        dvar2: 2.16191983223
        max: 7.03172063828
        mean: 2.02671742439
        min: -2.46964454651
        var: 2.25491070747
    barkbands_spread:
        dmean: 6.97743940353
        dmean2: 10.6813383102
        dvar: 70.5579147339
        dvar2: 157.210754395
        max: 70.8252029419
        mean: 16.6090488434
        min: 0.699006676674
        var: 168.302749634
    dissonance:
        dmean: 0.0391109660268
        dmean2: 0.0631441250443
        dvar: 0.00146781117655
        dvar2: 0.00360704190098
        max: 0.499668091536
        mean: 0.414854794741
        min: 0.197606265545
        var: 0.00328521081246
    hfc:
        dmean: 1.43144345284
        dmean2: 1.97689151764
        dvar: 3.84140181541
        dvar2: 8.52251815796
        max: 22.5240077972
        mean: 3.46396279335
        min: 0.032463952899
        var: 8.51016044617
    pitch:
        dmean: 295.324737549
        dmean2: 554.36328125
        dvar: 711834.3125
        dvar2: 1601003.375
        max: 4900
        mean: 480.180053711
        min: 79.3165435791
        var: 867410.375
    pitch_instantaneous_confidence:
        dmean: 0.120733335614
        dmean2: 0.188025593758
        dvar: 0.0109625887126
        dvar2: 0.0240417774767
        max: 0.926237165928
        mean: 0.523485064507
        min: 0.187019824982
        var: 0.0340763293207
    pitch_salience:
        dmean: 0.0796069353819
        dmean2: 0.129504144192
        dvar: 0.00406721699983
        dvar2: 0.0115327341482
        max: 0.810033857822
        mean: 0.581639707088
        min: 0.264722585678
        var: 0.0103698642924
    silence_rate_20dB:
        dmean: 0
        dmean2: 0
        dvar: 0
        dvar2: 0
        max: 1
        mean: 1
        min: 1
        var: 0
    silence_rate_30dB:
        dmean: 0
        dmean2: 0
        dvar: 0
        dvar2: 0
        max: 1
        mean: 1
        min: 1
        var: 0
    silence_rate_60dB:
        dmean: 0.146511629224
        dmean2: 0.293706297874
        dvar: 0.125045761466
        dvar2: 0.235414922237
        max: 1
        mean: 0.301624119282
        min: 0
        var: 0.210647657514
    spectral_centroid:
        dmean: 236.163131714
        dmean2: 355.271697998
        dvar: 100698.59375
        dvar2: 222424
        max: 3180.75634766
        mean: 691.277038574
        min: 147.851364136
        var: 211976.609375
    spectral_complexity:
        dmean: 2.48951053619
        dmean2: 3.8551402092
        dvar: 6.58555173874
        dvar2: 13.6051902771
        max: 25
        mean: 7.75813961029
        min: 0
        var: 19.043806076
    spectral_crest:
        dmean: 3.15039229393
        dmean2: 5.09617328644
        dvar: 6.90368556976
        dvar2: 18.0044975281
        max: 22.7241020203
        mean: 10.6661586761
        min: 3.02730083466
        var: 16.1704235077
    spectral_decrease:
        dmean: 4.75874506467e-10
        dmean2: 7.73774266882e-10
        dvar: 2.37038375598e-19
        dvar2: 6.81537888125e-19
        max: -1.36807657217e-11
        mean: -1.19878174054e-09
        min: -3.43178574447e-09
        var: 4.97076404731e-19
    spectral_energy:
        dmean: 0.00189718813635
        dmean2: 0.00306052528322
        dvar: 3.62118021258e-06
        dvar2: 1.0258061593e-05
        max: 0.0136967655271
        mean: 0.00483867106959
        min: 5.45789298485e-05
        var: 8.04275714472e-06
    spectral_energyband_high:
        dmean: 7.67009551055e-05
        dmean2: 0.000106175844849
        dvar: 2.54862122517e-08
        dvar2: 5.80621417612e-08
        max: 0.00193402101286
        mean: 0.000106477877125
        min: 1.23346794112e-07
        var: 4.27755573185e-08
    spectral_energyband_low:
        dmean: 0.00035839463817
        dmean2: 0.000611845869571
        dvar: 1.82489571898e-07
        dvar2: 5.29826706952e-07
        max: 0.00299517717212
        mean: 0.000572095275857
        min: 1.05408446416e-06
        var: 2.30022621395e-07
    spectral_energyband_middle_high:
        dmean: 0.000448752834927
        dmean2: 0.000638921221253
        dvar: 5.26662120137e-07
        dvar2: 1.16790943139e-06
        max: 0.00728114368394
        mean: 0.00086361070862
        min: 4.4741777856e-06
        var: 1.18762443435e-06
    spectral_energyband_middle_low:
        dmean: 0.0015773671912
        dmean2: 0.00255043851212
        dvar: 3.06196102429e-06
        dvar2: 8.83713164512e-06
        max: 0.0125490324572
        mean: 0.00329639529809
        min: 3.93795053242e-05
        var: 5.95674237047e-06
    spectral_flatness_db:
        dmean: 0.0366090871394
        dmean2: 0.0524871684611
        dvar: 0.00117215316277
        dvar2: 0.00280082481913
        max: 0.400069355965
        mean: 0.205009430647
        min: 0.0741513818502
        var: 0.00331627693959
    spectral_flux:
        dmean: 0.0126474853605
        dmean2: 0.020177911967
        dvar: 0.000127192790387
        dvar2: 0.0003006614279
        max: 0.0924720168114
        mean: 0.0426372215152
        min: 0.00738775543869
        var: 0.00033257168252
    spectral_kurtosis:
        dmean: 3.87494087219
        dmean2: 5.51698827744
        dvar: 32.9067153931
        dvar2: 72.989402771
        max: 57.3691253662
        mean: 7.3868098259
        min: -0.892563343048
        var: 59.0172615051
    spectral_rms:
        dmean: 0.000427723716712
        dmean2: 0.000671365181915
        dvar: 1.55532077883e-07
        dvar2: 4.07548839121e-07
        max: 0.00365550233983
        mean: 0.00207082461566
        min: 0.000230754711083
        var: 4.32337884604e-07
    spectral_rolloff:
        dmean: 502.942993164
        dmean2: 862.937988281
        dvar: 680358.5
        dvar2: 1418520.125
        max: 4651.171875
        mean: 1134.94946289
        min: 172.265625
        var: 1132373.375
    spectral_skewness:
        dmean: 0.512742340565
        dmean2: 0.713743686676
        dvar: 0.331971079111
        dvar2: 0.699968278408
        max: 6.2869720459
        mean: 2.19179773331
        min: 0.460077852011
        var: 0.825840353966
    spectral_spread:
        dmean: 1695709
        dmean2: 2383955.5
        dvar: 3.68226310554e+12
        dvar2: 8.78429863936e+12
        max: 14744268
        mean: 5743924
        min: 1251345
        var: 7.13480627814e+12
    spectral_strongpeak:
        dmean: 0.239803925157
        dmean2: 0.372935414314
        dvar: 0.112641386688
        dvar2: 0.260434865952
        max: 3.82970142365
        mean: 0.471747547388
        min: 0.00772120989859
        var: 0.25792068243
    zerocrossingrate:
        dmean: 0.0113203851506
        dmean2: 0.0132953962311
        dvar: 0.00012792146299
        dvar2: 0.000161551739438
        max: 0.15625
        mean: 0.0464060232043
        min: 0.009765625
        var: 0.000617239216808
    barkbands:
        dmean: [2.16938488506e-07, 7.22803815734e-05, 0.000314485660056, 0.000473230029456, 0.00088871922344, 0.000304880115436, 0.000241103174631, 0.000294187018881, 0.000200777183636, 7.56041481509e-05, 7.62596100685e-05, 8.13357473817e-05, 5.72508870391e-05, 4.58212780359e-05, 9.26090651774e-05, 7.6034652011e-05, 7.44733551983e-05, 7.21998221707e-05, 6.84964252287e-05, 4.9399346608e-05, 2.91593423754e-05, 1.08563490357e-05, 5.07487538925e-06, 5.19282411915e-06, 3.86065130442e-06, 1.34097092541e-07, 6.02937200167e-10]
        dmean2: [2.32530567246e-07, 0.000120350603538, 0.000539426924661, 0.000845686241519, 0.00152647332288, 0.000478941452457, 0.000359462166671, 0.000445885874797, 0.000276990002021, 0.000115387010737, 0.000113607420644, 0.000129388572532, 9.28181907511e-05, 6.97744981153e-05, 0.000148682243889, 0.000121664525068, 0.00012084163609, 0.000113050591608, 0.000103801889054, 7.4611074524e-05, 4.30704931205e-05, 1.62979576999e-05, 7.38433118386e-06, 7.53300491851e-06, 5.93897402723e-06, 2.10821198721e-07, 1.0307501519e-09]
        dvar: [1.49858441628e-11, 8.50947134978e-09, 1.49232661784e-07, 5.01176202761e-07, 1.71297313045e-06, 1.73253908997e-07, 2.86147638917e-07, 4.81745246361e-07, 2.5149972771e-07, 3.59262308791e-08, 3.66736472301e-08, 4.52239774518e-08, 2.55527137227e-08, 1.3350396344e-08, 5.24274383906e-08, 6.60535519614e-08, 5.14224787196e-08, 2.19544276092e-08, 5.40612425937e-08, 1.39070852612e-08, 5.48596457151e-09, 2.96865143579e-10, 9.34868363278e-11, 5.66770831656e-11, 3.5957549438e-11, 4.37779017681e-14, 4.87068718731e-18]
        dvar2: [1.46889132802e-11, 2.35601707033e-08, 4.24383159725e-07, 1.49893787693e-06, 5.06944479639e-06, 3.52356948952e-07, 5.00698376982e-07, 9.18482271572e-07, 4.67254210434e-07, 6.80008724885e-08, 7.76174928774e-08, 1.07655495185e-07, 5.93738924692e-08, 2.9655710776e-08, 1.37408406431e-07, 1.76787210648e-07, 1.38620166013e-07, 4.72434038556e-08, 1.31106077106e-07, 3.23912097144e-08, 1.33352706655e-08, 7.24975468547e-10, 1.66523017597e-10, 1.30909408314e-10, 8.34916025205e-11, 1.02551105628e-13, 9.95100758443e-18]
        max: [8.11759236967e-05, 0.000791282916907, 0.00268083414994, 0.00516426423565, 0.00900340639055, 0.00419536139816, 0.00862580444664, 0.00761375902221, 0.00729080894962, 0.00280277105048, 0.00271691358648, 0.0023195843678, 0.00231113634072, 0.00148872181308, 0.00201466470025, 0.0026961392723, 0.00229182490148, 0.00122626614757, 0.00371900340542, 0.00138447072823, 0.000991111272015, 0.000169871345861, 0.000145949088619, 6.06940084253e-05, 4.3107658712e-05, 1.57562863023e-06, 3.45151356385e-08]
        mean: [2.28509733802e-07, 0.000123328180052, 0.000448633480119, 0.000457815447589, 0.00123912247363, 0.000538293272257, 0.000367865082808, 0.000425897189416, 0.0002496035886, 9.85688093351e-05, 9.2637630587e-05, 9.05473061721e-05, 7.16990762157e-05, 4.94910636917e-05, 9.72852431005e-05, 7.89553159848e-05, 8.86714842636e-05, 0.000106561376015, 7.95661180746e-05, 6.48860659567e-05, 3.9472743083e-05, 1.33888761411e-05, 6.1889513745e-06, 5.68716768612e-06, 4.13438328906e-06, 1.43376468031e-07, 5.62705160245e-10]
        min: [1.90344587314e-10, 3.61613501809e-07, 6.90624005983e-07, 3.75304193767e-06, 4.23668234362e-06, 6.02193586019e-06, 2.93807687513e-07, 2.91195078717e-07, 2.1959544938e-07, 1.96373690642e-07, 1.1977074621e-07, 1.84958423688e-07, 5.48145102641e-08, 1.37992543614e-07, 4.77827661882e-08, 2.49656686435e-08, 3.32321548058e-07, 1.41316988334e-07, 2.50257613743e-07, 4.09277518543e-08, 1.55876573871e-08, 1.03366337711e-08, 5.08276221112e-09, 3.08578629316e-09, 1.40958233974e-09, 5.65335694924e-11, 1.25604076293e-13]
        var: [1.52779455753e-11, 1.6195942365e-08, 1.78471438517e-07, 4.18925480972e-07, 1.87842726973e-06, 3.82382523867e-07, 8.09286973436e-07, 1.15555758384e-06, 4.62982171712e-07, 6.78729037418e-08, 5.42424274386e-08, 5.11106108547e-08, 5.15866496187e-08, 2.08798578427e-08, 5.36681348251e-08, 5.35312096872e-08, 4.56738860066e-08, 4.05825169025e-08, 4.5360401657e-08, 2.16991171698e-08, 7.40418748535e-09, 4.29135421642e-10, 1.52399579068e-10, 8.22323320548e-11, 4.91956649029e-11, 6.0127690858e-14, 4.70021394845e-18]
    mfcc:
        mean: [-759.727661133, 140.150985718, -2.65305328369, 44.750995636, -2.23072433472, -8.6331653595, -4.96199131012, -6.55795764923, -7.05108547211, -8.39028739929, -6.89624261856, -5.39942884445, -4.47636842728]
        cov: [[4981.55371094, -1698.77954102, -539.182312012, -367.536071777, -97.2617492676, -124.223274231, 187.804397583, 55.9081344604, 77.3812637329, 44.2620773315, 52.0030441284, -0.634469926357, -42.3311080933], [-1698.77954102, 1653.2701416, -361.152648926, -101.743873596, -118.141792297, -54.5707969666, -112.764335632, 52.4214324951, -27.4142494202, -17.4794082642, 55.61951828, 18.0790481567, -21.1407146454], [-539.182312012, -361.152648926, 798.205810547, 202.924224854, -39.4860305786, 59.7725601196, 31.6393203735, -98.9184341431, 11.7612075806, -0.44576048851, -39.7389411926, -24.5435619354, 14.6703090668], [-367.536071777, -101.743873596, 202.924224854, 362.199157715, 69.3750610352, -26.4753284454, -9.73618888855, -27.1009902954, 37.0990753174, -0.7145575881, -48.1647834778, 1.05479109287, 17.273683548], [-97.2617492676, -118.141792297, -39.4860305786, 69.3750610352, 343.121673584, 13.7726659775, -104.951850891, 3.70410919189, -12.7246017456, -17.9753990173, -69.3552627563, -11.9693689346, 16.6967525482], [-124.223274231, -54.5707969666, 59.7725601196, -26.4753284454, 13.7726659775, 241.837844849, 72.4374008179, 17.2507038116, -14.5599184036, 1.57080662251, 4.46451663971, 26.9269561768, -5.0874414444], [187.804397583, -112.764335632, 31.6393203735, -9.73618888855, -104.951850891, 72.4374008179, 208.842651367, 46.157989502, 20.1923961639, 13.6310634613, 38.2426567078, 5.41015958786, -7.46248531342], [55.9081344604, 52.4214324951, -98.9184341431, -27.1009902954, 3.70410919189, 17.2507038116, 46.157989502, 150.904937744, 22.6061534882, -24.7695064545, 5.89316987991, 18.4607276917, 15.0656118393], [77.3812637329, -27.4142494202, 11.7612075806, 37.0990753174, -12.7246017456, -14.5599184036, 20.1923961639, 22.6061534882, 124.76474762, 43.2823944092, 0.334556430578, 7.91587209702, -0.22956417501], [44.2620773315, -17.4794082642, -0.44576048851, -0.7145575881, -17.9753990173, 1.57080662251, 13.6310634613, -24.7695064545, 43.2823944092, 119.803794861, 33.709564209, -17.3130130768, -13.3035049438], [52.0030441284, 55.61951828, -39.7389411926, -48.1647834778, -69.3552627563, 4.46451663971, 38.2426567078, 5.89316987991, 0.334556430578, 33.709564209, 117.006385803, 11.6034049988, -27.4146232605], [-0.634469926357, 18.0790481567, -24.5435619354, 1.05479109287, -11.9693689346, 26.9269561768, 5.41015958786, 18.4607276917, 7.91587209702, -17.3130130768, 11.6034049988, 85.4549560547, 31.068031311], [-42.3311080933, -21.1407146454, 14.6703090668, 17.273683548, 16.6967525482, -5.0874414444, -7.46248531342, 15.0656118393, -0.22956417501, -13.3035049438, -27.4146232605, 31.068031311, 96.1824493408]]
        icov: [[0.000633064715657, 0.000863667635713, 0.000692727218848, 0.000477454304928, 0.00039549957728, 0.000403685902711, -0.00010197206575, 3.11419498757e-05, -0.000337016273988, 9.44196071941e-05, 4.06269646192e-05, -0.000113012385555, 0.000277291605016], [0.000863667635713, 0.00195911317132, 0.00129253673367, 0.000508661440108, 0.001091491431, 0.000376956246328, 0.000658938253764, -0.000273683574051, -0.00035424035741, 0.000226059099077, -0.000192990672076, -4.55947956652e-05, 0.000436820148025], [0.000692727218848, 0.00129253673367, 0.00270091020502, -0.000526210234966, 0.00115776981693, -0.000396384682972, 0.000100243967609, 0.00108398601878, -0.000662892765831, 0.000645374588203, 5.83771252423e-05, 0.000847127404995, -0.000281751883449], [0.000477454304928, 0.000508661440108, -0.000526210234966, 0.00417678430676, -0.00079643598292, 0.00123804342002, -0.000831007899251, 0.000414620299125, -0.00119818141684, 1.29923500936e-05, 0.000991825712845, -0.000985026243143, 0.000326207809849], [0.00039549957728, 0.001091491431, 0.00115776981693, -0.00079643598292, 0.00492621585727, -0.0011044703424, 0.00280155125074, -0.000962119898759, 0.000169553706655, -6.04095948802e-05, 0.00135560822673, 0.00101215636823, -0.000113605383376], [0.000403685902711, 0.000376956246328, -0.000396384682972, 0.00123804342002, -0.0011044703424, 0.00597874866799, -0.00268920091912, -0.000318216189044, 0.00113444507588, -0.00104503845796, 0.00099371408578, -0.00302690337412, 0.00156692508608], [-0.00010197206575, 0.000658938253764, 0.000100243967609, -0.000831007899251, 0.00280155125074, -0.00268920091912, 0.00840903259814, -0.00263552227989, -0.000533058366273, -7.70318511059e-05, -0.00162852590438, 0.00154076411854, -0.000303207343677], [3.11419498757e-05, -0.000273683574051, 0.00108398601878, 0.000414620299125, -0.000962119898759, -0.000318216189044, -0.00263552227989, 0.00949270837009, -0.00283238547854, 0.0031544060912, -0.00081215868704, 5.67864844925e-05, -0.00164772768039], [-0.000337016273988, -0.00035424035741, -0.000662892765831, -0.00119818141684, 0.000169553706655, 0.00113444507588, -0.000533058366273, -0.00283238547854, 0.0113430917263, -0.00537069840357, 0.00204574898817, -0.00266240956262, 0.00125027901959], [9.44196071941e-05, 0.000226059099077, 0.000645374588203, 1.29923500936e-05, -6.04095948802e-05, -0.00104503845796, -7.70318511059e-05, 0.0031544060912, -0.00537069840357, 0.0125999432057, -0.00436930684373, 0.00391044467688, -0.00133292935789], [4.06269646192e-05, -0.000192990672076, 5.83771252423e-05, 0.000991825712845, 0.00135560822673, 0.00099371408578, -0.00162852590438, -0.00081215868704, 0.00204574898817, -0.00436930684373, 0.0129929771647, -0.00410552090034, 0.00403655227274], [-0.000113012385555, -4.55947956652e-05, 0.000847127404995, -0.000985026243143, 0.00101215636823, -0.00302690337412, 0.00154076411854, 5.67864844925e-05, -0.00266240956262, 0.00391044467688, -0.00410552090034, 0.0168437995017, -0.00631363131106], [0.000277291605016, 0.000436820148025, -0.000281751883449, 0.000326207809849, -0.000113605383376, 0.00156692508608, -0.000303207343677, -0.00164772768039, 0.00125027901959, -0.00133292935789, 0.00403655227274, -0.00631363131106, 0.0139450412244]]
    spectral_contrast:
        mean: [-1.69760610902e-07, 2.25995165692e-07, 1.42011529647e-07, 4.45094229917e-07, -4.44912302555e-08, 1.07773514557e-08, 3.87291578363e-07, -1.50397767129e-07, 6.55318399367e-06, -6.57314501495e-07, 1.87352645753e-06, -6.09353548953e-07]
        var: [0.000586128444411, 0.00163709488697, 0.00261573912576, 0.00331178354099, 0.00513666681945, 0.0103628095239, 0.0796431228518, 0.113078869879, 0.213104531169, 0.273489832878, 0.580484628677, 2.83655381203]

rhythm:
    beats_loudness:
        dmean: 0.00252826116048
        dmean2: 0.00377638079226
        dvar: 2.36006280829e-06
        dvar2: 5.955321285e-06
        max: 0.0111012840644
        mean: 0.00620043603703
        min: 0.00186357926577
        var: 6.12412441114e-06
    beats_loudness_bass:
        dmean: 0.0911720171571
        dmean2: 0.147972211242
        dvar: 0.00670436257496
        dvar2: 0.0171523913741
        max: 0.415595620871
        mean: 0.160711869597
        min: 0.0649264901876
        var: 0.00927744619548
    bpm: 138.109024048
    bpm_confidence: 0
    first_peak_bpm: 138
    first_peak_spread: 0
    first_peak_weight: 0.952380955219
    onset_rate: 5.01063489914
    second_peak_bpm: 123
    second_peak_spread: 0
    second_peak_weight: 0.047619048506
    beats_position: [0.339137405157, 0.773354589939, 1.20757174492, 1.64178884029, 2.07600593567, 2.51022315025, 2.94444036484, 3.37865757942, 3.81287479401, 4.24709177017, 4.68130874634, 5.1155257225, 5.54974269867, 6.0389122963, 6.47361516953, 6.90831756592, 7.34301996231, 7.7777223587, 8.21242427826, 8.64712810516, 9.08183002472, 9.51653289795]
    bpm_estimates: [137.894393921, 138.170288086, 137.834716797, 137.802062988, 139.214035034, 138.087142944, 138.200469971, 138.244857788, 139.050674438, 137.826416016, 137.991439819, 137.658721924, 137.783432007, 137.825546265, 138.051040649]
    bpm_intervals: [0.434217184782, 0.43421715498, 0.434217095375, 0.434217095375, 0.434217214584, 0.434217214584, 0.434217214584, 0.434217214584, 0.434216976166, 0.434216976166, 0.434216976166, 0.434216976166, 0.489169597626, 0.43470287323, 0.434702396393, 0.434702396393, 0.434702396393, 0.434701919556, 0.434703826904, 0.434701919556, 0.43470287323]
    onset_times: [0.0464399084449, 0.220589563251, 0.359909296036, 0.661768734455, 0.789478480816, 0.99845802784, 1.20743763447, 1.43963718414, 1.5673469305, 1.68344676495, 1.86920630932, 2.08979582787, 2.31038546562, 2.51936507225, 2.73995471001, 2.97215414047, 3.09986400604, 3.41333341599, 3.59909296036, 3.84290242195, 4.06349229813, 4.26086187363, 4.5046710968, 4.7020406723, 4.94585037231, 5.13160991669, 5.3754196167, 5.46829938889, 5.630838871, 5.94430828094, 6.06040811539, 6.25777769089, 6.44353723526, 6.8963265419, 7.14013624191, 7.2910656929, 7.58131504059, 7.67419481277, 7.79029464722, 8.01088428497, 8.2198638916, 8.38240337372, 8.63782310486, 8.893242836, 9.03256225586, 9.10222244263, 9.31120204926, 9.53179168701, 9.74077129364, 9.93814086914]
    rubato_start: []
    rubato_stop: []
    perceptual_tempo: "unknown"

sfx:
    inharmonicity:
        dmean: 0.0247802156955
        dmean2: 0.0428596362472
        dvar: 0.00164200330619
        dvar2: 0.0047208731994
        max: 0.280981510878
        mean: 0.0216815806925
        min: 9.09138543648e-06
        var: 0.00143138854764
    oddtoevenharmonicenergyratio:
        dmean: 3.51934742928
        dmean2: 6.75215435028
        dvar: 139.609222412
        dvar2: 448.341186523
        max: 122.786659241
        mean: 2.13958764076
        min: 9.39090386964e-06
        var: 75.0512924194
    pitch_after_max_to_before_max_energy_ratio: 0.103599138558
    pitch_centroid: 211.567657471
    pitch_max_to_total: 0.981395363808
    pitch_min_to_total: 0.220930233598
    tristimulus:
        dmean: [0.240693643689, 0.239074274898, 0.0660368278623]
        dmean2: [0.417949825525, 0.417745858431, 0.119061425328]
        dvar: [0.0446491986513, 0.0465809255838, 0.0090211853385]
        dvar2: [0.106119386852, 0.115521989763, 0.0264449454844]
        max: [0.992346227169, 0.978982329369, 0.662278056145]
        mean: [0.556170046329, 0.361155331135, 0.0598617941141]
        min: [0.0147438440472, 0, 0]
        var: [0.0752936601639, 0.0711523219943, 0.00792511645705]

tonal:
    chords_changes_rate: 0.125
    chords_number_rate: 0.0416666679084
    chords_strength:
        dmean: 0.0137045523152
        dmean2: 0.0180345959961
        dvar: 0.000127040781081
        dvar2: 0.000184525619261
        max: 0.640983045101
        mean: 0.519088327885
        min: 0.363041907549
        var: 0.002865586197
    key_strength: 0.661285400391
    tuning_diatonic_strength: 0.512925207615
    tuning_equal_tempered_deviation: 0.221180692315
    tuning_frequency: 431.193908691
    tuning_nontempered_energy_ratio: 0.868948161602
    hpcp:
        dmean: [0.0956615880132, 0.0859090685844, 0.172629013658, 0.230569526553, 0.20458522439, 0.179004892707, 0.203822180629, 0.204938367009, 0.2425647825, 0.248057305813, 0.220321074128, 0.181806325912, 0.122259967029, 0.0800974369049, 0.0928869023919, 0.141674816608, 0.136722579598, 0.160733669996, 0.194890186191, 0.171875178814, 0.168021842837, 0.152902111411, 0.147638380527, 0.16759827733, 0.170426845551, 0.155095338821, 0.133456215262, 0.105388216674, 0.0967822372913, 0.105340719223, 0.164872169495, 0.190398648381, 0.15900105238, 0.129287332296, 0.135334417224, 0.130011945963]
        dmean2: [0.167076826096, 0.1432415694, 0.313143819571, 0.419538587332, 0.360175430775, 0.320261627436, 0.370828121901, 0.363673508167, 0.436374545097, 0.430871993303, 0.364783287048, 0.311520367861, 0.219605728984, 0.141270965338, 0.167199164629, 0.25928902626, 0.231930404902, 0.29182767868, 0.352229326963, 0.295156896114, 0.308497995138, 0.271990329027, 0.248421832919, 0.292489975691, 0.286303818226, 0.265440553427, 0.24295514822, 0.18115657568, 0.172077059746, 0.194172441959, 0.285439074039, 0.323787987232, 0.277262568474, 0.221844062209, 0.244854465127, 0.242426156998]
        dvar: [0.0204308740795, 0.0151003934443, 0.0566897019744, 0.0906211435795, 0.0640004873276, 0.0582320801914, 0.0673733353615, 0.0666641816497, 0.0678483992815, 0.0852358266711, 0.0556230731308, 0.0472585000098, 0.0345231294632, 0.0223772488534, 0.0249955412, 0.0562902837992, 0.0420812033117, 0.0543141923845, 0.0666008070111, 0.0510342381895, 0.0539381280541, 0.0514051392674, 0.04165648669, 0.0528265833855, 0.0445260480046, 0.0478312373161, 0.0439864099026, 0.0280994288623, 0.0314716100693, 0.0337115451694, 0.0541159324348, 0.063970528543, 0.0448407940567, 0.0357597321272, 0.0411742888391, 0.0462378375232]
        dvar2: [0.0596568398178, 0.0352011546493, 0.157321199775, 0.229324445128, 0.159930258989, 0.147774115205, 0.168764188886, 0.171923696995, 0.163514375687, 0.222911641002, 0.143168926239, 0.116789788008, 0.0884024724364, 0.0576599389315, 0.0666350051761, 0.144324749708, 0.0976651608944, 0.168921932578, 0.194315433502, 0.127688571811, 0.134777992964, 0.141035974026, 0.11324197799, 0.140590041876, 0.10140837729, 0.118174791336, 0.123960480094, 0.0731265097857, 0.0875315442681, 0.0969128385186, 0.137261137366, 0.15238840878, 0.108541592956, 0.0794192999601, 0.112792804837, 0.127824112773]
        max: [0.861074030399, 1, 1, 1, 1, 1, 1, 1, 1, 1, 1, 1, 1, 1, 1, 1, 1, 1, 1, 1, 1, 1, 1, 1, 1, 1, 1, 1, 1, 1, 1, 1, 1, 1, 1, 1]
        mean: [0.0815800204873, 0.0842478722334, 0.135631009936, 0.200267672539, 0.189680606127, 0.161650687456, 0.167083457112, 0.168775752187, 0.237173914909, 0.330632209778, 0.293665856123, 0.173802778125, 0.095784842968, 0.0631998851895, 0.0792773887515, 0.13736101985, 0.149921908975, 0.138340339065, 0.154068782926, 0.15570679307, 0.151395127177, 0.156772956252, 0.155643448234, 0.156529158354, 0.166730001569, 0.145116433501, 0.103826388717, 0.0918304920197, 0.0829532966018, 0.0817100852728, 0.162051066756, 0.21846100688, 0.162253409624, 0.122507564723, 0.118367701769, 0.100175768137]
        min: [6.5099207859e-05, 5.33861966687e-05, 0.000407214567531, 0.000174722328666, 8.83336833795e-05, 4.17739065597e-05, 0.00021727278363, 0.00017931414186, 0.000106715575384, 9.71092304098e-05, 0.000483800104121, 0.000619793427177, 7.02595716575e-05, 2.3118678655e-05, 2.79686682916e-05, 0.000149372644955, 0.000405515223974, 0.000309111201204, 0.000230199133512, 9.49938839767e-05, 0.000323500600643, 0.000223972368985, 0.000368160341168, 0.000272789300652, 1.31062733999e-05, 4.92290382681e-05, 3.03134638671e-05, 3.01575182675e-05, 3.40976184816e-05, 0.000228041768423, 0.000290887459414, 0.000231828729738, 0.00104759051464, 0.000128136845888, 3.38132667821e-05, 5.93857766944e-05]
        var: [0.0166956912726, 0.0171999577433, 0.047185216099, 0.0889845788479, 0.0775026977062, 0.0563287511468, 0.063862927258, 0.0617328211665, 0.0770216956735, 0.138484299183, 0.0905466079712, 0.0536343343556, 0.030185688287, 0.0180062875152, 0.0222770478576, 0.0621253736317, 0.0626229047775, 0.0483527332544, 0.0628781020641, 0.0582888163626, 0.0549149550498, 0.0608758032322, 0.0552102848887, 0.0520775616169, 0.058790769428, 0.0524339713156, 0.0351029932499, 0.0270817838609, 0.0245359539986, 0.0253263227642, 0.0605600178242, 0.0876701250672, 0.0505559407175, 0.0425520502031, 0.0419198796153, 0.0350674316287]
    chords_histogram: [0, 8.79629611969, 12.9629631042, 1.38888883591, 6.48148155212, 0, 0, 2.77777767181, 12.5, 43.055557251, 0, 6.48148155212, 0, 0, 0, 0, 0, 0, 5.55555534363, 0, 0, 0, 0, 0]
    thpcp: [1, 0.888194918633, 0.525668025017, 0.289702087641, 0.191148608923, 0.239775151014, 0.415449589491, 0.453440129757, 0.418411552906, 0.465982377529, 0.470936566591, 0.457895874977, 0.474161177874, 0.470744967461, 0.473423808813, 0.504276335239, 0.438905924559, 0.314023822546, 0.277742117643, 0.250892966986, 0.247132867575, 0.490124851465, 0.660737216473, 0.490736842155, 0.370525211096, 0.358004152775, 0.302982479334, 0.246739476919, 0.254808425903, 0.410217165947, 0.605711340904, 0.573690652847, 0.488913923502, 0.505345344543, 0.5104637146, 0.717334568501]
    chords_key: "C"
    chords_scale: "major"
    key_key: "F"
    key_scale: "minor"
    chords_progression: ["G#", "G#m", "G#m", "G#m", "G#m", "G#m", "G#m", "Gm", "Gm", "G", "Gm", "Gm", "G", "G", "G", "G", "G", "G", "G", "G", "G", "Cm", "Cm", "Cm", "Cm", "Cm", "Cm", "G", "G", "G", "G", "Cm", "Cm", "Cm", "Cm", "C", "C", "C", "C", "C", "C", "C", "C", "C", "C", "C", "C", "C", "Cm", "Cm", "Cm", "Cm", "Cm", "Cm", "G#", "G#", "Cm", "Cm", "Cm", "G#", "G#", "G#", "G#", "G#", "G#", "G#", "G#", "G#", "G#", "G#", "G#", "G#", "G#", "G#", "G#", "Gm", "Gm", "Gm", "Gm", "Gm", "G#m", "G#m", "G#m", "G#m", "G#m", "G#m", "Gm", "Gm", "Gm", "D#", "D#", "Gm", "Gm", "D#", "Cm", "Cm", "Cm", "Cm", "Cm", "Cm", "Cm", "Cm", "Cm", "C", "C", "C", "C", "C", "C", "C", "C", "C", "C", "C", "C", "C", "C", "C", "C", "C", "C", "C", "C", "C", "C", "C", "C", "C", "C", "C", "C", "C", "C", "C", "C", "C", "C", "C", "C", "C", "C", "C", "C", "C", "C", "C", "C", "C", "C", "C", "C", "C", "C", "C", "C", "C", "C", "C", "C", "C", "C", "C", "C", "C", "C", "C", "C", "C", "C", "C", "C", "C", "C", "C", "C", "C", "C", "C", "C", "F", "F", "F", "F", "F", "Am", "Am", "Am", "Am", "C", "F", "C", "C", "C", "Am", "Am", "Am", "Am", "Am", "Am", "Am", "Am", "Am", "Am", "Am", "Am", "Am", "Am", "Am", "Am", "Am", "Am", "Am", "Am", "Am", "Am", "Am"]
