
metadata:
    version:
        essentia: "1.2.2"
    audio_properties:
        analysis_sample_rate: 44100
        bitrate: 128
        channels: 2
        equal_loudness: 1
        length: 10.0310201645
        replay_gain: -3.80563735962
        downmix: "mix"
    tags:
        track: 19
        year: 0
        album: "Splitted by Mp3Splt v. 2.1"
        artist: "From 003.00 To 003.10"
        comment: "http://mp3splt.sf.net"
        genre: ""
        title: "03 Twenty Four Hours.mp3"

highlevel:
    ballroom:
        all:
            ChaChaCha: 0.142224371433
            Jive: 0.0876840800047
            Quickstep: 0.062354400754
            Rumba-American: 0.0257066208869
            Rumba-International: 0.234652683139
            Rumba-Misc: 0.120463989675
            Samba: 0.14352928102
            Tango: 0.0289113689214
            VienneseWaltz: 0.0621328279376
            Waltz: 0.0923403799534
        probability: 0.234652683139
        value: "Rumba-International"
    culture:
        all:
            non_western: 0.922357738018
            western: 0.0776422321796
        probability: 0.922357738018
        value: "non_western"
    gender:
        all:
            female: 0.0656324848533
            male: 0.934367537498
        probability: 0.934367537498
        value: "male"
    genre_dortmund:
        all:
            alternative: 0.0504465028644
            blues: 0.0654362663627
            electronic: 0.0783018916845
            folkcountry: 0.0372809916735
            funksoulrnb: 0.00642472459003
            jazz: 0.680740058422
            pop: 0.0109247304499
            raphiphop: 0.0339461416006
            rock: 0.0364987067878
        probability: 0.680740058422
        value: "jazz"
    genre_electronica:
        all:
            ambient: 0.117255203426
            dnb: 0.0230024363846
            house: 0.707575261593
            techno: 0.131843209267
            trance: 0.0203238986433
        probability: 0.707575261593
        value: "house"
    genre_rosamerica:
        all:
            cla: 0.100624777377
            dan: 0.0945589393377
            hip: 0.129946887493
            jaz: 0.195597603917
            pop: 0.0335439108312
            rhy: 0.343768894672
            roc: 0.0464507453144
            spe: 0.0555082410574
        probability: 0.343768894672
        value: "rhy"
    genre_tzanetakis:
        all:
            blu: 0.0450183525681
            cla: 0.0301088243723
            cou: 0.0209620557725
            dis: 0.022869028151
            hip: 0.364087611437
            jaz: 0.0350701585412
            met: 0.0168222244829
            pop: 0.0642977654934
            reg: 0.335865795612
            roc: 0.064898185432
        probability: 0.364087611437
        value: "hip"
    live_studio:
        all:
            live: 0.830164968967
            studio: 0.169835045934
        probability: 0.830164968967
        value: "live"
    mood:
        all:
            Cluster1: 0.185621976852
            Cluster2: 0.0844679102302
            Cluster3: 0.47431191802
            Cluster4: 0.0597125031054
            Cluster5: 0.195885702968
        probability: 0.47431191802
        value: "Cluster3"
    mood_acoustic:
        all:
            acoustic: 0.604421913624
            not_acoustic: 0.395578056574
        probability: 0.604421913624
        value: "acoustic"
    mood_aggressive:
        all:
            aggressive: 0.0526866801083
            not_aggressive: 0.947313308716
        probability: 0.947313308716
        value: "not_aggressive"
    mood_electronic:
        all:
            electronic: 0.827073872089
            not_electronic: 0.172926113009
        probability: 0.827073872089
        value: "electronic"
    mood_happy:
        all:
            happy: 0.122884079814
            not_happy: 0.877115905285
        probability: 0.877115905285
        value: "not_happy"
    mood_party:
        all:
            not_party: 0.784015536308
            party: 0.215984433889
        probability: 0.784015536308
        value: "not_party"
    mood_relaxed:
        all:
            not_relaxed: 0.51357293129
            relaxed: 0.486427038908
        probability: 0.51357293129
        value: "not_relaxed"
    mood_sad:
        all:
            not_sad: 0.30176794529
            sad: 0.69823205471
        probability: 0.69823205471
        value: "sad"
    rhythm:
        all:
            fast: 0.232460707426
            medium: 0.310348808765
            slow: 0.457190454006
        probability: 0.457190454006
        value: "slow"
    speech_music:
        all:
            music: 0.458481669426
            speech: 0.541518330574
        probability: 0.541518330574
        value: "speech"
    timbre:
        all:
            bright: 0.00385028962046
            dark: 0.996149718761
        probability: 0.996149718761
        value: "dark"
    voice_instrumental:
        all:
            instrumental: 0.981018722057
            voice: 0.0189813002944
        probability: 0.981018722057
        value: "instrumental"

lowlevel:
    average_loudness: 0.945882797241
    barkbands_kurtosis:
        dmean: 3.44594502449
        dmean2: 5.41098928452
        dvar: 24.1504116058
        dvar2: 53.3222351074
        max: 48.3101577759
        mean: 4.63151979446
        min: -1.89276981354
        var: 62.4779319763
    barkbands_skewness:
        dmean: 0.705288112164
        dmean2: 1.09826302528
        dvar: 0.517668366432
        dvar2: 1.22905945778
        max: 6.94551849365
        mean: 1.72949135303
        min: -3.99855160713
        var: 2.17957091331
    barkbands_spread:
        dmean: 6.8892288208
        dmean2: 11.2886819839
        dvar: 49.6453018188
        dvar2: 120.775009155
        max: 61.1242866516
        mean: 24.0554065704
        min: 3.02593159676
        var: 169.983627319
    dissonance:
        dmean: 0.0210748966783
        dmean2: 0.0310029406101
        dvar: 0.000378600932891
        dvar2: 0.000723646604456
        max: 0.498317182064
        mean: 0.442924052477
        min: 0.275009185076
        var: 0.00202251272276
    hfc:
        dmean: 0.557107210159
        dmean2: 0.773902952671
        dvar: 0.893901586533
        dvar2: 2.08684539795
        max: 10.7417917252
        mean: 1.37839508057
        min: 0.00660119997337
        var: 2.13447976112
    pitch:
        dmean: 568.455749512
        dmean2: 1097.71435547
        dvar: 1477523.5
        dvar2: 3687087.75
        max: 4410
        mean: 923.183288574
        min: 49.4949493408
        var: 2088554.25
    pitch_instantaneous_confidence:
        dmean: 0.0850709229708
        dmean2: 0.135229334235
        dvar: 0.00663841608912
        dvar2: 0.0135126747191
        max: 0.820647537708
        mean: 0.473761349916
        min: 0.142783582211
        var: 0.028220705688
    pitch_salience:
        dmean: 0.0801229476929
        dmean2: 0.130916371942
        dvar: 0.00595148513094
        dvar2: 0.0139780584723
        max: 0.916133999825
        mean: 0.540121912956
        min: 0.0720683634281
        var: 0.0205379258841
    silence_rate_20dB:
        dmean: 0
        dmean2: 0
        dvar: 0
        dvar2: 0
        max: 1
        mean: 1
        min: 1
        var: 0
    silence_rate_30dB:
        dmean: 0
        dmean2: 0
        dvar: 0
        dvar2: 0
        max: 1
        mean: 1
        min: 1
        var: 0
    silence_rate_60dB:
        dmean: 0.0972222238779
        dmean2: 0.194895595312
        dvar: 0.0877703726292
        dvar2: 0.170832261443
        max: 1
        mean: 0.711316406727
        min: 0
        var: 0.205345466733
    spectral_centroid:
        dmean: 258.989776611
        dmean2: 406.464630127
        dvar: 137346.296875
        dvar2: 305870.78125
        max: 3941.00292969
        mean: 823.876159668
        min: 204.858047485
        var: 406140.40625
    spectral_complexity:
        dmean: 1.18329465389
        dmean2: 1.77441859245
        dvar: 2.14969682693
        dvar2: 3.57004857063
        max: 15
        mean: 3.59722232819
        min: 0
        var: 9.53220844269
    spectral_crest:
        dmean: 2.26186513901
        dmean2: 3.42446708679
        dvar: 4.37236404419
        dvar2: 10.1501226425
        max: 24.1436710358
        mean: 10.4692316055
        min: 2.61691975594
        var: 19.6945838928
    spectral_decrease:
        dmean: 3.40400541088e-10
        dmean2: 5.24820964465e-10
        dvar: 6.37703933105e-19
        dvar2: 1.8463405395e-18
        max: -6.15207537691e-13
        mean: -6.80725309454e-10
        min: -1.09052740171e-08
        var: 8.50852608829e-19
    spectral_energy:
        dmean: 0.00132625270635
        dmean2: 0.00203591911122
        dvar: 9.51825950324e-06
        dvar2: 2.74574013019e-05
        max: 0.0421332828701
        mean: 0.0026942382101
        min: 2.9318828183e-06
        var: 1.29241807372e-05
    spectral_energyband_high:
        dmean: 2.62149824266e-05
        dmean2: 3.93841619371e-05
        dvar: 2.53231435821e-09
        dvar2: 5.78224756964e-09
        max: 0.000412866851548
        mean: 4.51023988717e-05
        min: 1.69145849327e-07
        var: 4.36337499465e-09
    spectral_energyband_low:
        dmean: 0.000353932176949
        dmean2: 0.000539493805263
        dvar: 3.35394105377e-07
        dvar2: 8.41462679091e-07
        max: 0.00400236761197
        mean: 0.000627578352578
        min: 1.55002624069e-07
        var: 5.46825390302e-07
    spectral_energyband_middle_high:
        dmean: 0.000115898903459
        dmean2: 0.000160340481671
        dvar: 2.63796096078e-08
        dvar2: 5.12718294488e-08
        max: 0.00166242220439
        mean: 0.000264174304903
        min: 1.70640930719e-06
        var: 8.45607530664e-08
    spectral_energyband_middle_low:
        dmean: 0.000979086617008
        dmean2: 0.00155258714221
        dvar: 8.31099805509e-06
        dvar2: 2.44824113906e-05
        max: 0.0395537540317
        mean: 0.00175738311373
        min: 6.8099376449e-07
        var: 9.53186554398e-06
    spectral_flatness_db:
        dmean: 0.0264067556709
        dmean2: 0.0413483865559
        dvar: 0.000593648583163
        dvar2: 0.0015366228763
        max: 0.401015013456
        mean: 0.234421163797
        min: 0.10834081471
        var: 0.00281296856701
    spectral_flux:
        dmean: 0.0100493198261
        dmean2: 0.0153195485473
        dvar: 0.000194580003154
        dvar2: 0.000440941221314
        max: 0.148790106177
        mean: 0.0230237375945
        min: 0.00141044089105
        var: 0.000357452023309
    spectral_kurtosis:
        dmean: 3.92405509949
        dmean2: 6.71325016022
        dvar: 19.3945102692
        dvar2: 52.1213264465
        max: 36.3657684326
        mean: 5.96194791794
        min: -0.161425828934
        var: 32.9513244629
    spectral_rms:
        dmean: 0.000352366769221
        dmean2: 0.000500153575558
        dvar: 2.37758285948e-07
        dvar2: 5.97031714733e-07
        max: 0.00641136802733
        mean: 0.00134738371707
        min: 5.34824612259e-05
        var: 8.13083090634e-07
    spectral_rolloff:
        dmean: 612.322387695
        dmean2: 1048.41638184
        dvar: 706405.5625
        dvar2: 1540716.5
        max: 5447.90039062
        mean: 1551.93566895
        min: 150.732421875
        var: 1753881.875
    spectral_skewness:
        dmean: 0.432407289743
        dmean2: 0.715620100498
        dvar: 0.19412983954
        dvar2: 0.501732349396
        max: 4.15250110626
        mean: 1.41521310806
        min: -0.178269669414
        var: 0.469062179327
    spectral_spread:
        dmean: 379785.53125
        dmean2: 569462.75
        dvar: 340913881088
        dvar2: 472806293504
        max: 12591759
        mean: 3182572.75
        min: 1555455.375
        var: 738578726912
    spectral_strongpeak:
        dmean: 0.0874272733927
        dmean2: 0.137442722917
        dvar: 0.0173623636365
        dvar2: 0.0445839576423
        max: 1.19658219814
        mean: 0.195344805717
        min: 0.00102009554394
        var: 0.0321946665645
    zerocrossingrate:
        dmean: 0.0109585719183
        dmean2: 0.0128202214837
        dvar: 0.000112105648441
        dvar2: 0.000127200139104
        max: 0.18359375
        mean: 0.0535413958132
        min: 0.009765625
        var: 0.000894695578609
    barkbands:
        dmean: [1.50667730736e-07, 6.51394657325e-05, 0.000298621598631, 0.000595403544139, 0.000329688249622, 0.000106930405309, 7.23848352209e-05, 5.44490540051e-05, 3.18370621244e-05, 8.25083134259e-06, 1.07496471173e-05, 1.60908602993e-05, 9.540443898e-06, 6.91165541866e-06, 5.27657221028e-06, 1.22274414025e-05, 2.50042248808e-05, 2.93988268822e-05, 3.14000935759e-05, 2.13960302062e-05, 1.25354272313e-05, 2.93709990729e-06, 2.07300985267e-07, 1.65871423263e-08, 1.42238940626e-08, 2.55482468514e-10, 1.74302863809e-10]
        dmean2: [2.51478638802e-07, 0.000110612731078, 0.000445031968411, 0.000975798466243, 0.000515707128216, 0.000171183564817, 9.92005589069e-05, 7.33847846277e-05, 4.51092710136e-05, 1.21992425193e-05, 1.67635153048e-05, 2.40316312556e-05, 1.46339698404e-05, 1.08099129648e-05, 8.28533029562e-06, 1.93692230823e-05, 3.7953046558e-05, 4.5869492169e-05, 5.0659164117e-05, 3.29349277308e-05, 1.97668214241e-05, 4.46089643447e-06, 3.14151719749e-07, 2.54053436066e-08, 1.94693789979e-08, 3.90299903508e-10, 2.98535418608e-10]
        dvar: [2.83674993218e-13, 4.64689371427e-08, 1.83323763281e-07, 3.78838171855e-06, 1.02461967799e-06, 5.11972011452e-08, 2.35059420817e-08, 1.13720535211e-08, 2.97544611172e-09, 1.91746646339e-10, 5.03398545071e-10, 1.30162847167e-09, 3.4819958028e-10, 1.98534508278e-10, 7.3595796124e-11, 3.00492020155e-10, 1.44380252198e-09, 2.1091186575e-09, 2.94597635175e-09, 1.99448324523e-09, 4.15501660855e-10, 2.85339842032e-11, 1.41846061806e-13, 1.35918856008e-15, 9.96468935029e-16, 5.85450106629e-19, 6.09018084943e-19]
        dvar2: [7.31076440705e-13, 1.16142743423e-07, 4.50922470918e-07, 1.16698420243e-05, 2.70209761766e-06, 1.01567437127e-07, 5.03635497751e-08, 1.960828655e-08, 6.14495609952e-09, 4.35768865437e-10, 1.00884478549e-09, 2.31307240028e-09, 8.71635152944e-10, 4.88087403827e-10, 1.67561395314e-10, 6.95069612977e-10, 3.4968576923e-09, 4.27531343661e-09, 6.53272280715e-09, 4.34095959179e-09, 9.7847030478e-10, 6.42828013042e-11, 2.94805277195e-13, 2.54477030607e-15, 1.66670821262e-15, 8.04677732675e-19, 8.28918002032e-19]
        max: [3.67038660443e-06, 0.00138389563654, 0.00353486579843, 0.0282809212804, 0.0101690059528, 0.0030835729558, 0.00219547795132, 0.00143294117879, 0.000595429330133, 0.000142187200254, 0.000340265716659, 0.000626295048278, 0.000225725714699, 0.000138885210617, 0.000121982651763, 0.000179142603884, 0.000274801132036, 0.000456009089248, 0.000614373653661, 0.000366964173736, 0.000184655073099, 5.51402117708e-05, 4.16344346377e-06, 4.896886594e-07, 4.90868330871e-07, 1.40020022243e-08, 1.50086201245e-08]
        mean: [1.07153773854e-07, 5.50917538931e-05, 0.000572382181417, 0.000781361653935, 0.00048692827113, 0.00018270520377, 0.000142350938404, 0.000102903075458, 5.80746745982e-05, 1.29073368953e-05, 1.65545825439e-05, 2.51646870311e-05, 1.37717443067e-05, 9.56662461249e-06, 7.94667721493e-06, 2.26677166211e-05, 4.30534528277e-05, 4.79508416902e-05, 5.4500731494e-05, 3.20394137816e-05, 2.09941372304e-05, 4.86476983497e-06, 3.14198643991e-07, 1.95823215421e-08, 1.89948465845e-08, 3.60322688353e-10, 1.35507757792e-10]
        min: [6.10725844896e-11, 8.9295468797e-09, 1.29521069425e-07, 2.43424338464e-08, 1.49577374486e-07, 1.91213676004e-08, 1.06973283565e-08, 8.18506951106e-09, 1.08232374174e-08, 3.79598663613e-09, 8.802573781e-09, 2.77266631876e-09, 2.89594770386e-09, 4.05307037932e-10, 6.32434691283e-08, 2.01479124939e-07, 9.06264858713e-08, 2.80169047073e-07, 2.43577858328e-07, 1.17971225677e-07, 4.82124313805e-08, 1.14904992188e-08, 3.02240281413e-11, 5.78071835192e-12, 7.60434076819e-11, 2.83447245709e-12, 3.84614198536e-15]
        var: [2.13238254094e-13, 3.77313220667e-08, 4.3457291099e-07, 3.81533936888e-06, 1.12576572064e-06, 1.32700307631e-07, 8.30743829283e-08, 4.43240395498e-08, 9.78181091682e-09, 4.40901204435e-10, 1.27768284841e-09, 4.17136014619e-09, 5.58615764756e-10, 2.87210089045e-10, 1.49165124697e-10, 6.64057309141e-10, 3.0071665158e-09, 4.21455936817e-09, 5.41298916801e-09, 3.11566350497e-09, 8.05669420068e-10, 5.3509769532e-11, 2.96020911776e-13, 2.2407752635e-15, 1.90598612637e-15, 7.03976299614e-19, 5.76457619395e-19]
    mfcc:
        mean: [-856.096252441, 170.932998657, -65.4977340698, 97.1332321167, -24.2771320343, 1.82336318493, -6.58579778671, -6.87081289291, 2.58923339844, -20.0947189331, 2.43645596504, -13.7244186401, -1.90798568726]
        cov: [[5933.00976562, 924.342224121, -90.7721862793, 186.365737915, -734.131530762, -198.936904907, -359.736480713, -243.77041626, -174.146057129, -412.357299805, 307.194458008, -174.108032227, 177.41255188], [924.342224121, 1928.69311523, -342.166687012, -196.504928589, -125.619026184, -257.125915527, -134.276077271, -5.41718101501, 38.8160057068, -226.166397095, 152.295837402, -31.0246887207, 132.957580566], [-90.7721862793, -342.166687012, 420.909515381, 120.812110901, 35.0954437256, -35.7216758728, 16.4418029785, -14.4991674423, -17.9914302826, 28.8504390717, -119.597267151, -18.2559452057, -55.3477935791], [186.365737915, -196.504928589, 120.812110901, 429.122711182, -49.7593460083, 142.428421021, -86.9420166016, -20.7928142548, -19.9644622803, 6.34273529053, -10.348400116, -93.4574279785, -7.45578384399], [-734.131530762, -125.619026184, 35.0954437256, -49.7593460083, 380.858184814, 16.5017108917, 120.844985962, -59.2780227661, 51.6991729736, 36.6195411682, -56.7348365784, 4.26592636108, -62.1821556091], [-198.936904907, -257.125915527, -35.7216758728, 142.428421021, 16.5017108917, 282.705688477, 0.978647351265, 96.6309738159, -42.4730834961, 102.999237061, -21.2363376617, 8.76451396942, -36.0823135376], [-359.736480713, -134.276077271, 16.4418029785, -86.9420166016, 120.844985962, 0.978647351265, 271.638366699, -1.40042054653, 101.564460754, -41.0801582336, 46.8363075256, -32.2611427307, 25.93060112], [-243.77041626, -5.41718101501, -14.4991674423, -20.7928142548, -59.2780227661, 96.6309738159, -1.40042054653, 230.170425415, -51.347858429, 110.433174133, -47.409954071, 93.1029205322, -22.1236763], [-174.146057129, 38.8160057068, -17.9914302826, -19.9644622803, 51.6991729736, -42.4730834961, 101.564460754, -51.347858429, 177.100387573, -63.7895622253, 94.9787750244, -56.6354904175, 73.3618927002], [-412.357299805, -226.166397095, 28.8504390717, 6.34273529053, 36.6195411682, 102.999237061, -41.0801582336, 110.433174133, -63.7895622253, 213.236373901, -97.0467605591, 110.936676025, -82.6637878418], [307.194458008, 152.295837402, -119.597267151, -10.348400116, -56.7348365784, -21.2363376617, 46.8363075256, -47.409954071, 94.9787750244, -97.0467605591, 218.035690308, -31.2119865417, 119.40070343], [-174.108032227, -31.0246887207, -18.2559452057, -93.4574279785, 4.26592636108, 8.76451396942, -32.2611427307, 93.1029205322, -56.6354904175, 110.936676025, -31.2119865417, 192.037902832, -20.4910831451], [177.41255188, 132.957580566, -55.3477935791, -7.45578384399, -62.1821556091, -36.0823135376, 25.93060112, -22.1236763, 73.3618927002, -82.6637878418, 119.40070343, -20.4910831451, 157.415710449]]
        icov: [[0.000313269323669, -0.000102642115962, -0.000157823145855, -8.92719890544e-06, 0.000483368145069, -0.000104321647086, 8.28008705867e-05, 0.000373819115339, 0.000485831231344, 0.000331773015205, -0.000429602892837, -2.70013351837e-05, 0.000153790373588], [-0.000102642115962, 0.000950128480326, 0.000712813460268, 5.15593746968e-05, -0.000456232926808, 0.000882133783307, 0.000739316630643, -0.00106304162182, -0.000204416195629, 0.000848620955367, 1.82502117241e-05, 0.000201357455808, -0.000129692416522], [-0.000157823145855, 0.000712813460268, 0.00435126153752, -0.00185962975956, -0.000210103346035, 0.0023355151061, -0.00090432917932, -0.000598688027821, -0.000465157849248, 3.49024812749e-05, 0.00255040545017, -0.000246696959948, -0.000196682623937], [-8.92719890544e-06, 5.15593746968e-05, -0.00185962975956, 0.00478059565648, 0.000155944813741, -0.00300913816318, 0.0021224624943, 0.000482311937958, -0.000240650042542, 4.91142927785e-05, -0.000794403837062, 0.00214059022255, -0.000351748371031], [0.000483368145069, -0.000456232926808, -0.000210103346035, 0.000155944813741, 0.0052565485239, -0.00125640293118, -0.00203605554998, 0.00323997996747, -0.00095091748517, -0.000412768975366, 0.00110393820796, -0.00124577316456, 0.00158018420916], [-0.000104321647086, 0.000882133783307, 0.0023355151061, -0.00300913816318, -0.00125640293118, 0.00839991867542, -0.00095788098406, -0.0033357408829, 0.00174496602267, -0.00269609666429, -0.0010422085179, 0.00180542620365, -3.42663188349e-05], [8.28008705867e-05, 0.000739316630643, -0.00090432917932, 0.0021224624943, -0.00203605554998, -0.00095788098406, 0.0075147212483, -0.00240474869497, -0.00258172838949, 0.002523180563, -0.00154234631918, 0.00122342503164, 0.000322426552884], [0.000373819115339, -0.00106304162182, -0.000598688027821, 0.000482311937958, 0.00323997996747, -0.0033357408829, -0.00240474869497, 0.00977237615734, 0.000646307773422, -0.00274037197232, 0.00156273099128, -0.00276481406763, -0.000711776141543], [0.000485831231344, -0.000204416195629, -0.000465157849248, -0.000240650042542, -0.00095091748517, 0.00174496602267, -0.00258172838949, 0.000646307773422, 0.0123538281769, -0.00173457409255, -0.00421910453588, 0.00307182548568, -0.00307754776441], [0.000331773015205, 0.000848620955367, 3.49024812749e-05, 4.91142927785e-05, -0.000412768975366, -0.00269609666429, 0.002523180563, -0.00274037197232, -0.00173457409255, 0.0140563854948, 0.00176481169183, -0.00562574760988, 0.00346097606234], [-0.000429602892837, 1.82502117241e-05, 0.00255040545017, -0.000794403837062, 0.00110393820796, -0.0010422085179, -0.00154234631918, 0.00156273099128, -0.00421910453588, 0.00176481169183, 0.0122754601762, -0.0022964940872, -0.00471817329526], [-2.70013351837e-05, 0.000201357455808, -0.000246696959948, 0.00214059022255, -0.00124577316456, 0.00180542620365, 0.00122342503164, -0.00276481406763, 0.00307182548568, -0.00562574760988, -0.0022964940872, 0.0112975975499, -0.0019666806329], [0.000153790373588, -0.000129692416522, -0.000196682623937, -0.000351748371031, 0.00158018420916, -3.42663188349e-05, 0.000322426552884, -0.000711776141543, -0.00307754776441, 0.00346097606234, -0.00471817329526, -0.0019666806329, 0.0132406838238]]
    spectral_contrast:
        mean: [-4.41511588178e-07, -2.49572877919e-07, -4.14723103859e-07, -8.41682776809e-08, 9.46133198454e-08, -2.32537445299e-07, -1.87451087186e-06, -2.19033267967e-06, -2.42916530624e-06, -1.22796608437e-08, -2.38418579102e-06, -1.80728318355e-06]
        var: [0.000474113301607, 0.00099387310911, 0.00125947396737, 0.00174168264493, 0.0047597521916, 0.0134883383289, 0.0805270075798, 0.151768818498, 0.22486256063, 0.455793499947, 0.672583520412, 2.95723628998]

rhythm:
    beats_loudness:
        dmean: 0.00480640819296
        dmean2: 0.00876138918102
        dvar: 1.22638939501e-05
        dvar2: 3.38838181051e-05
        max: 0.0114501463249
        mean: 0.00465815840289
        min: 0.00107004586607
        var: 1.27193852677e-05
    beats_loudness_bass:
        dmean: 0.275250703096
        dmean2: 0.424648374319
        dvar: 0.0277966298163
        dvar2: 0.0770265087485
        max: 0.82691192627
        mean: 0.474535822868
        min: 0.110688731074
        var: 0.0493750721216
    bpm: 85.7568054199
    bpm_confidence: 0
    first_peak_bpm: 86
    first_peak_spread: 0
    first_peak_weight: 0.5
    onset_rate: 3.98763012886
    second_peak_bpm: 129
    second_peak_spread: 0
    second_peak_weight: 0.4375
    beats_position: [0.220645412803, 0.92031866312, 1.61999201775, 2.31966543198, 3.01933884621, 3.71901202202, 4.41868543625, 5.11835861206, 5.81803226471, 6.35060739517, 6.81468296051, 7.27875852585, 7.74283409119, 8.20691013336, 8.67098617554, 9.13506126404, 9.59913730621]
    bpm_estimates: [85.4758758545, 86.7859115601, 85.5232849121, 85.6339492798, 85.4806594849, 85.6411590576]
    bpm_intervals: [0.699673235416, 0.699673354626, 0.69967341423, 0.69967341423, 0.699673175812, 0.69967341423, 0.699673175812, 0.699673652649, 0.532575130463, 0.464075565338, 0.464075565338, 0.464075565338, 0.464076042175, 0.464076042175, 0.464075088501, 0.464076042175]
    onset_times: [0.0464399084449, 0.208979591727, 0.673378705978, 0.905578255653, 1.38158726692, 1.50929701328, 1.6137868166, 2.10140585899, 2.32199549675, 2.55419492722, 2.79800462723, 3.01859402657, 3.25079369545, 3.47138333321, 3.83129262924, 3.97061228752, 4.21442174911, 4.45823144913, 4.60916090012, 4.67882108688, 5.07356023788, 5.3754196167, 5.86303853989, 6.09523820877, 6.32743787766, 6.57124710083, 6.79183673859, 7.01242637634, 7.25623559952, 7.58131504059, 7.73224496841, 7.94122457504, 8.23147392273, 8.4172334671, 8.78875255585, 8.92807292938, 9.13705253601, 9.38086128235, 9.63628101349, 9.85687065125]
    rubato_start: [6.81468296051]
    rubato_stop: [9.59913730621]
    perceptual_tempo: "unknown"

sfx:
    inharmonicity:
        dmean: 0.0298463050276
        dmean2: 0.0524142719805
        dvar: 0.00227235560305
        dvar2: 0.0064651411958
        max: 0.402280330658
        mean: 0.0292841363698
        min: 7.83670111559e-05
        var: 0.00221668183804
    oddtoevenharmonicenergyratio:
        dmean: 0.953197002411
        dmean2: 1.78078353405
        dvar: 8.36424064636
        dvar2: 24.3797912598
        max: 34.2527084351
        mean: 0.712283313274
        min: 8.78638893482e-05
        var: 4.70349359512
    pitch_after_max_to_before_max_energy_ratio: 0.0609772950411
    pitch_centroid: 234.794662476
    pitch_max_to_total: 0.979166686535
    pitch_min_to_total: 0.206018522382
    tristimulus:
        dmean: [0.184962496161, 0.189801245928, 0.0943827852607]
        dmean2: [0.320058494806, 0.329287022352, 0.166329488158]
        dvar: [0.0399919189513, 0.040645737201, 0.0172200128436]
        dvar2: [0.109270140529, 0.107296191156, 0.0495531223714]
        max: [0.970270991325, 0.935584247112, 0.849535763264]
        mean: [0.49862703681, 0.367347121239, 0.100955575705]
        min: [0.00120579102077, 0, 0]
        var: [0.0606331825256, 0.0512125976384, 0.0165159534663]

tonal:
    chords_changes_rate: 0.101382486522
    chords_number_rate: 0.0460829511285
    chords_strength:
        dmean: 0.0161062125117
        dmean2: 0.0199455991387
        dvar: 0.000156137190061
        dvar2: 0.00025862120674
        max: 0.689930200577
        mean: 0.429695308208
        min: 0.241487413645
        var: 0.0115442983806
    key_strength: 0.396430760622
    tuning_diatonic_strength: 0.415265798569
    tuning_equal_tempered_deviation: 0.201757833362
    tuning_frequency: 435.448913574
    tuning_nontempered_energy_ratio: 0.821131587029
    hpcp:
        dmean: [0.124132916331, 0.140483036637, 0.116628102958, 0.136921674013, 0.178836032748, 0.179903134704, 0.163629263639, 0.131003201008, 0.184534564614, 0.247041642666, 0.211995959282, 0.210590586066, 0.199554815888, 0.202169686556, 0.173498094082, 0.141921728849, 0.122270151973, 0.112472712994, 0.125450789928, 0.112326107919, 0.14633564651, 0.141270026565, 0.103304810822, 0.123668968678, 0.100651681423, 0.0733038038015, 0.119585126638, 0.134802684188, 0.093668654561, 0.0616630129516, 0.0566725023091, 0.0654018744826, 0.0610202774405, 0.0538357309997, 0.063117928803, 0.0809707120061]
        dmean2: [0.21619771421, 0.245645135641, 0.202928766608, 0.25103443861, 0.3204472363, 0.31215468049, 0.290997713804, 0.228445485234, 0.340820610523, 0.448771893978, 0.379263460636, 0.39079490304, 0.351043999195, 0.346411734819, 0.304228633642, 0.244240269065, 0.212548211217, 0.206427723169, 0.225004523993, 0.186792895198, 0.251520365477, 0.248885184526, 0.181553170085, 0.226620912552, 0.186554998159, 0.132037296891, 0.203413724899, 0.21992649138, 0.155812785029, 0.102694250643, 0.0925703123212, 0.113905340433, 0.105074755847, 0.0865883678198, 0.10810893774, 0.144714921713]
        dvar: [0.0428960584104, 0.0556270815432, 0.0414564572275, 0.0505507700145, 0.0748857557774, 0.0734668970108, 0.0705338269472, 0.0418484248221, 0.0813053920865, 0.110188834369, 0.0719002857804, 0.0948161929846, 0.0781081318855, 0.0900759845972, 0.0620517469943, 0.0508997738361, 0.0390669368207, 0.0345903337002, 0.057652130723, 0.0305010415614, 0.0591376125813, 0.0630554631352, 0.0389101952314, 0.0620966888964, 0.0498009212315, 0.0200309623033, 0.0308259017766, 0.0447764582932, 0.0208164677024, 0.00973199494183, 0.0103354984894, 0.0137396631762, 0.010140221566, 0.00937263574451, 0.0171483624727, 0.0221033468843]
        dvar2: [0.113710038364, 0.15377111733, 0.102874211967, 0.12359791249, 0.179498150945, 0.183073684573, 0.20567239821, 0.122534967959, 0.20642144978, 0.288030803204, 0.18979011476, 0.251669049263, 0.197172477841, 0.230193793774, 0.160775125027, 0.127444207668, 0.107120171189, 0.0932234972715, 0.158541306853, 0.0748477429152, 0.171591043472, 0.17900544405, 0.0987122878432, 0.166522547603, 0.140389159322, 0.0545851290226, 0.0803014561534, 0.0925819203258, 0.0492696762085, 0.0252381265163, 0.0222997330129, 0.0345320627093, 0.025646943599, 0.0218713693321, 0.0446783863008, 0.0621269419789]
        max: [1, 1, 1, 1, 1, 1, 1, 1, 1, 1, 1, 1, 1, 1, 1, 1, 1, 1, 1, 1, 1, 1, 1, 1, 1, 0.908117651939, 1, 1, 0.913532555103, 0.680982589722, 0.793703019619, 1, 0.682061254978, 0.91809374094, 0.978731274605, 0.937398850918]
        mean: [0.125581815839, 0.129960268736, 0.110116407275, 0.116485439241, 0.161618217826, 0.196073651314, 0.159697905183, 0.135524958372, 0.17673586309, 0.203325614333, 0.190054908395, 0.179472640157, 0.188996315002, 0.193926677108, 0.193692117929, 0.182466566563, 0.122994892299, 0.0916828140616, 0.107693366706, 0.119202315807, 0.13222540915, 0.11359744519, 0.0910955220461, 0.0922142490745, 0.0713048651814, 0.0647977218032, 0.123063854873, 0.150887086987, 0.0985217541456, 0.064131051302, 0.0646185874939, 0.0673762708902, 0.0609851703048, 0.0602891072631, 0.0630118027329, 0.0805948600173]
        min: [0.000640194746666, 0.000663809769321, 0.000330309383571, 0.000284527399344, 0.000381130579626, 0.000608550559264, 0.00062885339139, 0.000391855370253, 0.000355191266863, 0.000502458249684, 0.000684341939632, 0.000795038591605, 0.000580749649089, 0.000482132047182, 0.000811822596006, 0.000643470266368, 0.000660451536532, 0, 0.000505053438246, 0.000337875884725, 0.000408016552683, 0.000426572922152, 0.000370807159925, 0.000135831622174, 0.000140790798469, 0.000219382956857, 0.000271606055321, 0.000530097109731, 0.000357575569069, 0.000460963143269, 0.000544753449503, 0.00061362690758, 0.00049178203335, 0.00103121926077, 0.000572827993892, 0.000559084757697]
        var: [0.0440498329699, 0.048424474895, 0.0438254699111, 0.0472736284137, 0.0808321684599, 0.101798661053, 0.0782188102603, 0.049337528646, 0.0829398781061, 0.0956851094961, 0.0768840014935, 0.0815160498023, 0.0824934691191, 0.0962687954307, 0.0831873491406, 0.0832962095737, 0.0422991290689, 0.0287492480129, 0.0495382919908, 0.0433270335197, 0.0585276447237, 0.0508071035147, 0.0378223285079, 0.0468786992133, 0.0315660238266, 0.014277337119, 0.032393604517, 0.0571301877499, 0.0243224892765, 0.0123319039121, 0.0147729609162, 0.0140888877213, 0.0110691590235, 0.0160672739148, 0.0193010624498, 0.0195130333304]
    chords_histogram: [0, 7.37327194214, 5.5299539566, 2.30414748192, 0, 0, 0, 0, 0, 0, 2.30414748192, 0, 0, 0.921658992767, 30.8755760193, 19.354839325, 8.29493045807, 0, 0, 0, 6.91244220734, 2.7649769783, 0, 13.3640556335]
    thpcp: [1, 0.934731781483, 0.88268584013, 0.929525375366, 0.953773975372, 0.952620327473, 0.89741063118, 0.604915857315, 0.450916200876, 0.529659628868, 0.586263179779, 0.650313556194, 0.558697164059, 0.44802775979, 0.453529924154, 0.350692987442, 0.318689405918, 0.605255067348, 0.742095828056, 0.484551608562, 0.315410584211, 0.317808389664, 0.331371277571, 0.299938440323, 0.296515077353, 0.30990588665, 0.396383225918, 0.61763894558, 0.639173150063, 0.541576683521, 0.572900950909, 0.794873893261, 0.964333236217, 0.785429358482, 0.666541516781, 0.869225740433]
    chords_key: "B"
    chords_scale: "minor"
    key_key: "A#"
    key_scale: "minor"
    chords_progression: ["Bm", "Bm", "Bm", "Bm", "Bm", "Bm", "Bm", "Bm", "Bm", "Bm", "Bm", "Bm", "Bm", "Bm", "Bm", "Bm", "Bm", "F#m", "F#m", "F#m", "F#m", "F#m", "F#m", "F#m", "F#m", "F#m", "F#m", "F#m", "F#m", "C#", "F#m", "F#m", "F#m", "F#m", "F#m", "F#m", "C#", "C#", "C#", "C#", "C#", "C#", "C#", "C#", "C#", "C#", "C#", "C#", "C#", "C#", "C#", "D", "D", "D", "D", "D", "D", "D", "D", "D", "D", "D", "D", "D", "D", "D", "Bm", "Bm", "Bm", "Bm", "Bm", "Bm", "Bm", "Bm", "Bm", "Bm", "Bm", "Bm", "Bm", "Bm", "Bm", "Bm", "Bm", "Bm", "Bm", "Bm", "Bm", "Bm", "Bm", "Bm", "Bm", "Bm", "Bm", "Bm", "Bm", "Bm", "Bm", "Bm", "Bm", "Bm", "Bm", "Bm", "Bm", "Bm", "Bm", "G#m", "G#m", "G#m", "G#m", "G#m", "G#m", "G#m", "G#m", "G#m", "G#m", "G#m", "G#m", "G#m", "G#m", "B", "B", "B", "B", "B", "B", "F#", "F#", "F#", "F#", "F#", "F#", "F#", "F#", "D", "D", "F#", "F#", "F#", "F#", "F#", "F#", "F#", "F#", "F#", "F#", "F#", "F#", "F#", "F#", "F#", "F#", "F#", "F#", "F#", "F#", "F#", "Bm", "Bm", "Bm", "Bm", "Bm", "Bm", "Bm", "D", "D", "D", "D", "D", "D", "D", "D", "D", "D", "D", "D", "D", "D", "D", "D", "D", "D", "D", "D", "D", "Fm", "Fm", "Fm", "Fm", "Fm", "Fm", "Fm", "Fm", "Fm", "Fm", "D", "D", "D", "D", "Fm", "Fm", "Am", "Am", "Am", "G#", "G#", "G#", "G#", "G#", "G#m", "G", "G", "Am", "Am", "Bm", "Bm", "Bm", "Bm"]
