
metadata:
    version:
        essentia: "1.2.2"
    audio_properties:
        analysis_sample_rate: 44100
        bitrate: 128
        channels: 2
        equal_loudness: 1
        length: 10.0310201645
        replay_gain: -7.51070594788
        downmix: "mix"
    tags:
        track: 19
        year: 0
        album: "Splitted by Mp3Splt v. 2.1"
        artist: "From 003.00 To 003.10"
        comment: "http://mp3splt.sf.net"
        genre: ""
        title: "05 Only Love Can Break Your He"

highlevel:
    ballroom:
        all:
            ChaChaCha: 0.380032867193
            Jive: 0.00746916839853
            Quickstep: 0.00059948884882
            Rumba-American: 0.000555735139642
            Rumba-International: 0.00502941105515
            Rumba-Misc: 0.00466813566163
            Samba: 0.601347506046
            Tango: 0.000165788311278
            VienneseWaltz: 7.41435869713e-05
            Waltz: 5.77411519771e-05
        probability: 0.601347506046
        value: "Samba"
    culture:
        all:
            non_western: 0.780205905437
            western: 0.219794109464
        probability: 0.780205905437
        value: "non_western"
    gender:
        all:
            female: 0.836024224758
            male: 0.163975760341
        probability: 0.836024224758
        value: "female"
    genre_dortmund:
        all:
            alternative: 0.00193718634546
            blues: 0.00533065572381
            electronic: 0.267996877432
            folkcountry: 0.00159999611787
            funksoulrnb: 0.00225828681141
            jazz: 0.152331992984
            pop: 0.00917116273195
            raphiphop: 0.550267934799
            rock: 0.00910592079163
        probability: 0.550267934799
        value: "raphiphop"
    genre_electronica:
        all:
            ambient: 0.0624876283109
            dnb: 0.0594909451902
            house: 0.419052779675
            techno: 0.208182662725
            trance: 0.250785976648
        probability: 0.419052779675
        value: "house"
    genre_rosamerica:
        all:
            cla: 0.00873655080795
            dan: 0.55047160387
            hip: 0.189819768071
            jaz: 0.0250364448875
            pop: 0.014493284747
            rhy: 0.19269990921
            roc: 0.0132688768208
            spe: 0.0054735429585
        probability: 0.55047160387
        value: "dan"
    genre_tzanetakis:
        all:
            blu: 0.0141722029075
            cla: 0.00992706697434
            cou: 0.0177017655224
            dis: 0.0859456807375
            hip: 0.125390380621
            jaz: 0.0369456447661
            met: 0.0189221426845
            pop: 0.221676215529
            reg: 0.445875763893
            roc: 0.0234431419522
        probability: 0.445875763893
        value: "reg"
    live_studio:
        all:
            live: 0.0674022510648
            studio: 0.932597756386
        probability: 0.932597756386
        value: "studio"
    mood:
        all:
            Cluster1: 0.386387199163
            Cluster2: 0.267514407635
            Cluster3: 0.12814475596
            Cluster4: 0.0461854152381
            Cluster5: 0.171768248081
        probability: 0.386387199163
        value: "Cluster1"
    mood_acoustic:
        all:
            acoustic: 0.0201263166964
            not_acoustic: 0.979873657227
        probability: 0.979873657227
        value: "not_acoustic"
    mood_aggressive:
        all:
            aggressive: 0.0435603819788
            not_aggressive: 0.956439614296
        probability: 0.956439614296
        value: "not_aggressive"
    mood_electronic:
        all:
            electronic: 0.962545752525
            not_electronic: 0.0374542251229
        probability: 0.962545752525
        value: "electronic"
    mood_happy:
        all:
            happy: 0.14029109478
            not_happy: 0.85970890522
        probability: 0.85970890522
        value: "not_happy"
    mood_party:
        all:
            not_party: 0.320749402046
            party: 0.679250597954
        probability: 0.679250597954
        value: "party"
    mood_relaxed:
        all:
            not_relaxed: 0.519875764847
            relaxed: 0.480124235153
        probability: 0.519875764847
        value: "not_relaxed"
    mood_sad:
        all:
            not_sad: 0.731083869934
            sad: 0.268916130066
        probability: 0.731083869934
        value: "not_sad"
    rhythm:
        all:
            fast: 0.717038691044
            medium: 0.122240118682
            slow: 0.160721212626
        probability: 0.717038691044
        value: "fast"
    speech_music:
        all:
            music: 0.999999880791
            speech: 1.00000008274e-07
        probability: 0.999999880791
        value: "music"
    timbre:
        all:
            bright: 0.925862252712
            dark: 0.0741377547383
        probability: 0.925862252712
        value: "bright"
    voice_instrumental:
        all:
            instrumental: 0.648713290691
            voice: 0.351286709309
        probability: 0.648713290691
        value: "instrumental"

lowlevel:
    average_loudness: 0.971807420254
    barkbands_kurtosis:
        dmean: 1.95050418377
        dmean2: 3.1845536232
        dvar: 10.6245803833
        dvar2: 25.9352378845
        max: 28.1698131561
        mean: 0.745394945145
        min: -1.95766472816
        var: 14.8683595657
    barkbands_skewness:
        dmean: 0.765632688999
        dmean2: 1.12613713741
        dvar: 0.611508131027
        dvar2: 1.39090502262
        max: 5.33988618851
        mean: 0.293820679188
        min: -2.92600870132
        var: 1.92861235142
    barkbands_spread:
        dmean: 10.2045021057
        dmean2: 15.8543128967
        dvar: 93.044128418
        dvar2: 222.458145142
        max: 77.5969619751
        mean: 42.6121673584
        min: 5.24711799622
        var: 314.773132324
    dissonance:
        dmean: 0.0214631184936
        dmean2: 0.0369429625571
        dvar: 0.000696244766004
        dvar2: 0.00164094811771
        max: 0.499721556902
        mean: 0.468585282564
        min: 0.121463000774
        var: 0.00107146473601
    hfc:
        dmean: 5.08507299423
        dmean2: 8.30083465576
        dvar: 123.173179626
        dvar2: 316.450439453
        max: 83.3941650391
        mean: 6.07255029678
        min: 2.67527575488e-05
        var: 110.1509552
    pitch:
        dmean: 629.95513916
        dmean2: 1184.9888916
        dvar: 1242688.125
        dvar2: 2516108.25
        max: 4410
        mean: 1015.6428833
        min: 100.915328979
        var: 1641642
    pitch_instantaneous_confidence:
        dmean: 0.113156348467
        dmean2: 0.176472917199
        dvar: 0.0123814856634
        dvar2: 0.0286154132336
        max: 0.933643043041
        mean: 0.607289850712
        min: 0.187900781631
        var: 0.0326668433845
    pitch_salience:
        dmean: 0.0921911224723
        dmean2: 0.145166322589
        dvar: 0.0100594991818
        dvar2: 0.0235840491951
        max: 0.829574167728
        mean: 0.438336759806
        min: 0.144832864404
        var: 0.022465262562
    silence_rate_20dB:
        dmean: 0
        dmean2: 0
        dvar: 0
        dvar2: 0
        max: 1
        mean: 1
        min: 1
        var: 0
    silence_rate_30dB:
        dmean: 0
        dmean2: 0
        dvar: 0
        dvar2: 0
        max: 1
        mean: 1
        min: 1
        var: 0
    silence_rate_60dB:
        dmean: 0.180555552244
        dmean2: 0.36194896698
        dvar: 0.147955387831
        dvar2: 0.258784115314
        max: 1
        mean: 0.683602750301
        min: 0
        var: 0.216290637851
    spectral_centroid:
        dmean: 461.679046631
        dmean2: 705.09387207
        dvar: 244771.578125
        dvar2: 542358.4375
        max: 3879.92504883
        mean: 1630.45654297
        min: 217.742996216
        var: 804775.3125
    spectral_complexity:
        dmean: 3.76620364189
        dmean2: 5.89559173584
        dvar: 40.2440223694
        dvar2: 85.8940048218
        max: 41
        mean: 6.81755208969
        min: 0
        var: 51.4424934387
    spectral_crest:
        dmean: 2.54939699173
        dmean2: 4.12490749359
        dvar: 5.67818927765
        dvar2: 14.4238958359
        max: 19.1716480255
        mean: 10.2409152985
        min: 3.48901176453
        var: 12.1168575287
    spectral_decrease:
        dmean: 5.06126085487e-10
        dmean2: 8.67494465151e-10
        dvar: 1.01794624619e-18
        dvar2: 2.74008871864e-18
        max: -8.91015302447e-15
        mean: -7.50827511276e-10
        min: -7.25294846404e-09
        var: 8.21699972308e-19
    spectral_energy:
        dmean: 0.00234773848206
        dmean2: 0.00399055704474
        dvar: 2.19412850129e-05
        dvar2: 5.82187458349e-05
        max: 0.0334751345217
        mean: 0.00338459480554
        min: 3.6055116226e-08
        var: 1.81750947377e-05
    spectral_energyband_high:
        dmean: 0.000484550895635
        dmean2: 0.00079114449909
        dvar: 1.27248733861e-06
        dvar2: 3.09857250613e-06
        max: 0.00806394126266
        mean: 0.000490843609441
        min: 5.15929798883e-10
        var: 1.23360439375e-06
    spectral_energyband_low:
        dmean: 0.000469049671665
        dmean2: 0.000761850853451
        dvar: 7.02294130406e-07
        dvar2: 1.90791683963e-06
        max: 0.00574249681085
        mean: 0.0011804458918
        min: 1.22607364261e-08
        var: 9.89723844214e-07
    spectral_energyband_middle_high:
        dmean: 0.000925354193896
        dmean2: 0.00155040016398
        dvar: 3.92342417399e-06
        dvar2: 1.07726064016e-05
        max: 0.0140741895884
        mean: 0.00120331335347
        min: 7.52034079454e-09
        var: 3.14342628371e-06
    spectral_energyband_middle_low:
        dmean: 0.000775680644438
        dmean2: 0.00144229305442
        dvar: 4.34602816313e-06
        dvar2: 1.21818357002e-05
        max: 0.0123737575486
        mean: 0.000509941077325
        min: 1.3997803805e-08
        var: 2.59448779616e-06
    spectral_flatness_db:
        dmean: 0.0279894974083
        dmean2: 0.044177018106
        dvar: 0.000762638112064
        dvar2: 0.00199856376275
        max: 0.317533552647
        mean: 0.190789520741
        min: 0.0699696913362
        var: 0.00186001823749
    spectral_flux:
        dmean: 0.0164885669947
        dmean2: 0.0261323265731
        dvar: 0.000554884900339
        dvar2: 0.00104250689037
        max: 0.170296177268
        mean: 0.0327831245959
        min: 0.000189881844562
        var: 0.000886901922058
    spectral_kurtosis:
        dmean: 1.00893735886
        dmean2: 1.5662753582
        dvar: 1.58016633987
        dvar2: 3.70257639885
        max: 9.02904033661
        mean: 1.67228078842
        min: -1.06645941734
        var: 2.72417640686
    spectral_rms:
        dmean: 0.000498780689668
        dmean2: 0.00079099019058
        dvar: 5.41799067832e-07
        dvar2: 1.34260903906e-06
        max: 0.00571477599442
        mean: 0.001625290839
        min: 5.93091272094e-06
        var: 6.604722671e-07
    spectral_rolloff:
        dmean: 612.599182129
        dmean2: 996.521850586
        dvar: 632845.4375
        dvar2: 1298698.75
        max: 5792.43164062
        mean: 3110.72680664
        min: 107.666015625
        var: 1787783.25
    spectral_skewness:
        dmean: 0.202135875821
        dmean2: 0.302039444447
        dvar: 0.0490833744407
        dvar2: 0.104427911341
        max: 2.15469789505
        mean: 1.02511048317
        min: 0.300406128168
        var: 0.142100006342
    spectral_spread:
        dmean: 1139576.25
        dmean2: 1514641.375
        dvar: 1.34823831142e+12
        dvar2: 2.10841554125e+12
        max: 15029020
        mean: 6871636.5
        min: 2841933.25
        var: 6.15477097267e+12
    spectral_strongpeak:
        dmean: 0.293467998505
        dmean2: 0.515092849731
        dvar: 0.379048138857
        dvar2: 0.997153103352
        max: 5.05915784836
        mean: 0.43090313673
        min: 0
        var: 0.506349027157
    zerocrossingrate:
        dmean: 0.0147060817108
        dmean2: 0.0171714127064
        dvar: 0.000181351992069
        dvar2: 0.000234031831496
        max: 0.18212890625
        mean: 0.095731317997
        min: 0.0166015625
        var: 0.00134976801928
    barkbands:
        dmean: [2.89897161565e-06, 0.000185137061635, 0.000350312911905, 0.000253113830695, 0.00029831964639, 0.000120258329844, 0.000101740464743, 2.1575111532e-05, 4.88634941576e-06, 7.41699659557e-06, 1.50189916894e-05, 8.10514848126e-06, 3.06318470393e-05, 4.60117626062e-05, 0.000193789586774, 5.25163886778e-05, 0.000158698458108, 0.000130695829284, 0.000267463969067, 0.000274074642221, 0.000204240132007, 0.000109685308416, 3.36644625349e-05, 1.30677353809e-05, 5.54509870199e-06, 1.64398116453e-07, 7.28649973691e-10]
        dmean2: [2.71773910754e-06, 0.000282402266748, 0.000602762680501, 0.000480217859149, 0.00055776454974, 0.000220200337935, 0.000191742001334, 4.0626826376e-05, 8.9079285317e-06, 1.30167900352e-05, 2.87713610305e-05, 1.32114828375e-05, 4.92215986014e-05, 7.15797723387e-05, 0.000363788625691, 9.11895112949e-05, 0.000279181404039, 0.000227501106565, 0.00041785731446, 0.000473739026347, 0.000319680752, 0.000175893248525, 5.86684946029e-05, 2.15216987272e-05, 9.16177032195e-06, 2.73889071423e-07, 9.01941465958e-10]
        dvar: [2.29098944676e-11, 5.88159743131e-08, 5.90704303249e-07, 6.37667710635e-07, 9.34886088544e-07, 8.35909688135e-08, 7.94881458432e-08, 4.45527970072e-09, 1.97012808845e-10, 3.1508473608e-10, 2.77269740501e-09, 3.34545419145e-10, 5.10783904062e-09, 6.9845289552e-09, 3.81465241617e-07, 1.109769876e-08, 1.10997973479e-07, 9.77704672778e-08, 1.93794036818e-07, 5.16602028711e-07, 2.28405738767e-07, 6.9310011952e-08, 5.08360420426e-09, 6.15283157757e-10, 1.0890432306e-10, 8.1602551051e-14, 1.01928675855e-16]
        dvar2: [2.43876203954e-11, 1.52826373778e-07, 1.635900162e-06, 1.8373838202e-06, 2.63531933342e-06, 2.30731743045e-07, 2.25430241585e-07, 1.29518333836e-08, 5.60472224187e-10, 8.68043525948e-10, 8.07608913078e-09, 8.70811922571e-10, 1.39323574899e-08, 1.63376512319e-08, 1.1160784652e-06, 3.12231733801e-08, 3.07843379233e-07, 2.66964178763e-07, 4.61218689907e-07, 1.34551623887e-06, 5.52195331238e-07, 1.75145430603e-07, 1.35948159397e-08, 1.55946078273e-09, 2.72051353667e-10, 1.91847026546e-13, 1.02247497733e-16]
        max: [3.84870036214e-05, 0.00190838088747, 0.00535157695413, 0.00418654223904, 0.00598022993654, 0.00210014381446, 0.00204863445833, 0.000455086410511, 0.000123087665997, 0.000156190479174, 0.000353331357474, 0.000178503905772, 0.000869760871865, 0.000970405177213, 0.00409726798534, 0.00089964090148, 0.00233862036839, 0.00265190377831, 0.00384692195803, 0.00605892995372, 0.00315975490957, 0.00259489519522, 0.000561825814657, 0.000192695530131, 7.56088702474e-05, 2.32231127484e-06, 2.1021283203e-07]
        mean: [5.57114253752e-06, 0.000457202200778, 0.000717724382412, 0.000170765430084, 0.000178232512553, 7.72336279624e-05, 6.31746443105e-05, 1.56376918312e-05, 3.73909119844e-06, 8.59492774907e-06, 9.26186021388e-06, 1.09900738607e-05, 5.00748828927e-05, 7.58749010856e-05, 0.000155351590365, 6.66258565616e-05, 0.000183514435776, 0.000130917062052, 0.00039482867578, 0.000247861811658, 0.000208991390537, 0.000101676188933, 3.20922663377e-05, 1.30402750074e-05, 5.45424109077e-06, 1.63811080256e-07, 7.51365580864e-10]
        min: [1.59986601744e-09, 6.00009020246e-09, 4.46859660386e-09, 4.34299884944e-09, 7.5001755917e-09, 1.77963399572e-09, 1.13110472377e-10, 1.43358908078e-10, 1.03102033855e-10, 2.00069169565e-10, 1.41688702437e-10, 4.80319894969e-10, 4.15883216753e-10, 8.43267011774e-10, 1.72410419275e-10, 3.60315416392e-10, 1.19504928175e-09, 3.61319779651e-10, 3.29617022565e-09, 1.42939798886e-10, 9.79234610066e-11, 2.14533710241e-10, 8.39619276882e-11, 2.28149062143e-11, 2.19792604256e-11, 8.1581952565e-13, 2.55369754206e-13]
        var: [8.65933644234e-11, 1.30954930455e-07, 6.8162705702e-07, 3.53793154773e-07, 5.52539404453e-07, 5.21676710719e-08, 4.60058124929e-08, 2.60685895093e-09, 1.29837876561e-10, 2.6043339707e-10, 1.51124834868e-09, 4.5547873806e-10, 5.70369085295e-09, 1.67867693079e-08, 2.15578850771e-07, 1.07345892175e-08, 8.83493100901e-08, 7.08768226332e-08, 3.09321052328e-07, 4.16665244529e-07, 2.28276462622e-07, 6.40700008603e-08, 4.19268664231e-09, 5.86407977732e-10, 1.07619739509e-10, 8.89499452285e-14, 1.01837116887e-16]
    mfcc:
        mean: [-774.217041016, 50.6269798279, -23.9807529449, 75.4169464111, 28.8840408325, 26.4141635895, 9.28253936768, 5.86101055145, -7.1201672554, 5.85215616226, 11.6585817337, 6.91510391235, 1.78483474255]
        cov: [[4834.86279297, -548.4921875, 313.487945557, -109.209754944, -810.318481445, -373.101043701, -396.338317871, -392.947692871, 108.102844238, -144.942199707, -294.782165527, -168.994995117, 27.1722259521], [-548.4921875, 863.883056641, -179.754302979, 104.351036072, 123.497245789, 112.218551636, 93.520324707, 90.481803894, -15.4641313553, 45.09897995, 8.29407691956, -59.4594421387, -41.8997154236], [313.487945557, -179.754302979, 837.12689209, 17.06407547, 163.269515991, -11.5705432892, 4.45387792587, 1.89772415161, -27.5997409821, -25.832983017, -19.3886470795, -20.5568332672, -22.881608963], [-109.209754944, 104.351036072, 17.06407547, 309.92767334, 65.3869247437, 102.942581177, 70.6810302734, 19.0846290588, 38.1513938904, 14.6716966629, -0.34634116292, 8.71911430359, -18.1326770782], [-810.318481445, 123.497245789, 163.269515991, 65.3869247437, 557.517883301, 210.536911011, 177.108886719, 178.869232178, -52.1879806519, 18.4618625641, 77.08618927, 44.5452690125, -30.1500530243], [-373.101043701, 112.218551636, -11.5705432892, 102.942581177, 210.536911011, 211.131347656, 124.646011353, 73.4799194336, -21.216468811, 24.0069789886, 53.5409927368, 19.7853183746, -7.99087810516], [-396.338317871, 93.520324707, 4.45387792587, 70.6810302734, 177.108886719, 124.646011353, 207.374237061, 144.153091431, -20.0711021423, 0.561212062836, 37.5376434326, 3.76577091217, -47.1936798096], [-392.947692871, 90.481803894, 1.89772415161, 19.0846290588, 178.869232178, 73.4799194336, 144.153091431, 198.359741211, 20.4285202026, -18.8813037872, 18.695526123, 12.9476337433, -41.7878341675], [108.102844238, -15.4641313553, -27.5997409821, 38.1513938904, -52.1879806519, -21.216468811, -20.0711021423, 20.4285202026, 167.159210205, 43.1008796692, -34.0913085938, -4.78854036331, -2.96400237083], [-144.942199707, 45.09897995, -25.832983017, 14.6716966629, 18.4618625641, 24.0069789886, 0.561212062836, -18.8813037872, 43.1008796692, 121.097564697, 54.8433876038, -7.83317565918, 33.0470848083], [-294.782165527, 8.29407691956, -19.3886470795, -0.34634116292, 77.08618927, 53.5409927368, 37.5376434326, 18.695526123, -34.0913085938, 54.8433876038, 118.789932251, 49.9981765747, 12.7008657455], [-168.994995117, -59.4594421387, -20.5568332672, 8.71911430359, 44.5452690125, 19.7853183746, 3.76577091217, 12.9476337433, -4.78854036331, -7.83317565918, 49.9981765747, 113.57988739, 34.1600990295], [27.1722259521, -41.8997154236, -22.881608963, -18.1326770782, -30.1500530243, -7.99087810516, -47.1936798096, -41.7878341675, -2.96400237083, 33.0470848083, 12.7008657455, 34.1600990295, 116.978271484]]
        icov: [[0.000357020762749, 0.000101883531897, -0.000171174178831, 2.17691958824e-05, 0.000366016931366, -0.000129478386953, 9.19271624298e-05, 0.000316392775858, -0.000243810223765, 0.000415401533246, 0.000192517938558, 0.000351916241925, -8.81422820385e-05], [0.000101883531897, 0.0015915709082, 0.000335777556757, -0.000494797190186, 6.12032308709e-05, -0.000526368676219, 0.000685704813804, -0.00106765015516, 0.000913690484595, -0.00118687329814, 0.000804545532446, 0.000710089167114, 0.000474191649118], [-0.000171174178831, 0.000335777556757, 0.0015960179735, -0.000328456313582, -0.00115539017133, 0.000847114715725, -0.00010122355161, 0.000307281006826, 0.000156924768817, 9.20756501728e-05, -6.46697371849e-05, 0.000525923445821, 8.17203545012e-05], [2.17691958824e-05, -0.000494797190186, -0.000328456313582, 0.00464574340731, 0.000266959803412, -0.00218096654862, -0.00184963538777, 0.00203651632182, -0.00176105846185, 0.000314149772748, 0.000895798380952, -0.00112761242781, 0.000473359046737], [0.000366016931366, 6.12032308709e-05, -0.00115539017133, 0.000266959803412, 0.00510693248361, -0.00392350275069, 0.00140725704841, -0.00375529681332, 0.00215137377381, -0.00235893414356, 0.00162441178691, -0.00169909955002, 0.00106750545092], [-0.000129478386953, -0.000526368676219, 0.000847114715725, -0.00218096654862, -0.00392350275069, 0.0123429913074, -0.00576668418944, 0.00343895028345, -0.00128849700559, 0.00188948377036, -0.00343864643946, 0.00128091766965, -0.0021640828345], [9.19271624298e-05, 0.000685704813804, -0.00010122355161, -0.00184963538777, 0.00140725704841, -0.00576668418944, 0.0166043508798, -0.0114245209843, 0.00495361257344, -0.00426300475374, 0.00138160632923, 2.46762538154e-05, 0.00367685593665], [0.000316392775858, -0.00106765015516, 0.000307281006826, 0.00203651632182, -0.00375529681332, 0.00343895028345, -0.0114245209843, 0.0179880261421, -0.00816592108458, 0.00880675390363, -0.00436562346295, 0.00171463633887, -0.00171797536314], [-0.000243810223765, 0.000913690484595, 0.000156924768817, -0.00176105846185, 0.00215137377381, -0.00128849700559, 0.00495361257344, -0.00816592108458, 0.014042573981, -0.0128429681063, 0.0101168928668, -0.00558575103059, 0.00420623831451], [0.000415401533246, -0.00118687329814, 9.20756501728e-05, 0.000314149772748, -0.00235893414356, 0.00188948377036, -0.00426300475374, 0.00880675390363, -0.0128429681063, 0.0264368485659, -0.0180622767657, 0.0115787163377, -0.00872178841382], [0.000192517938558, 0.000804545532446, -6.46697371849e-05, 0.000895798380952, 0.00162441178691, -0.00343864643946, 0.00138160632923, -0.00436562346295, 0.0101168928668, -0.0180622767657, 0.0255826637149, -0.012805939652, 0.00587234040722], [0.000351916241925, 0.000710089167114, 0.000525923445821, -0.00112761242781, -0.00169909955002, 0.00128091766965, 2.46762538154e-05, 0.00171463633887, -0.00558575103059, 0.0115787163377, -0.012805939652, 0.0184447411448, -0.0070357164368], [-8.81422820385e-05, 0.000474191649118, 8.17203545012e-05, 0.000473359046737, 0.00106750545092, -0.0021640828345, 0.00367685593665, -0.00171797536314, 0.00420623831451, -0.00872178841382, 0.00587234040722, -0.0070357164368, 0.0138127952814]]
    spectral_contrast:
        mean: [-1.23906772842e-07, 1.34648161065e-07, 3.01466741348e-07, -7.95646286633e-08, 6.23284961421e-07, 2.62439385779e-07, -1.91767276192e-06, -3.20984099744e-06, -4.90465026814e-07, 4.59767939276e-08, -3.8058874452e-06, 5.45774810234e-06]
        var: [0.000489392958116, 0.00136728119105, 0.00184935738798, 0.00339683191851, 0.00601253751665, 0.00864444393665, 0.10726827383, 0.142256528139, 0.226942688227, 0.537168562412, 0.839613974094, 4.72901582718]

rhythm:
    beats_loudness:
        dmean: 0.00431530876085
        dmean2: 0.00879806093872
        dvar: 3.42222028848e-06
        dvar2: 1.17378403957e-05
        max: 0.0079972082749
        mean: 0.00494913896546
        min: 0.000872937322129
        var: 6.11242148807e-06
    beats_loudness_bass:
        dmean: 0.425904631615
        dmean2: 0.887906134129
        dvar: 0.0338697321713
        dvar2: 0.0901050716639
        max: 0.923967838287
        mean: 0.406498670578
        min: 0.163110479712
        var: 0.0628049820662
    bpm: 101.413238525
    bpm_confidence: 0
    first_peak_bpm: 101
    first_peak_spread: 0
    first_peak_weight: 0.9375
    onset_rate: 4.98453760147
    second_peak_bpm: 95
    second_peak_spread: 0
    second_peak_weight: 0.0625
    beats_position: [0.144747793674, 0.736579835415, 1.32841193676, 1.92024409771, 2.51207613945, 3.1039083004, 3.69574046135, 4.28757238388, 4.87940454483, 5.47123670578, 6.10094022751, 6.6923866272, 7.28383207321, 7.8752784729, 8.46672439575, 9.0581703186, 9.64961528778]
    bpm_estimates: [101.466636658, 101.33291626, 101.408378601, 101.396736145, 101.288719177, 101.472290039, 101.378517151, 101.358360291, 101.335777283, 101.371513367, 101.37159729, 101.490089417, 101.373428345, 101.399246216, 101.343605042, 101.58165741, 101.563964844, 101.441551208, 101.387573242, 101.40813446, 101.471244812, 101.449317932]
    bpm_intervals: [0.59183204174, 0.591832101345, 0.59183216095, 0.59183204174, 0.59183216095, 0.59183216095, 0.591831922531, 0.59183216095, 0.59183216095, 0.629703521729, 0.591446399689, 0.591445446014, 0.591446399689, 0.591445922852, 0.591445922852, 0.591444969177]
    onset_times: [0.0348299331963, 0.127709746361, 0.429569154978, 0.719818592072, 0.952018141747, 1.02167797089, 1.17260766029, 1.32353746891, 1.6137868166, 1.764716506, 1.91564631462, 2.06657600403, 2.20589566231, 2.50775504112, 2.7863945961, 3.11147403717, 3.40172338486, 3.54104304314, 3.70358276367, 3.99383211136, 4.14476203918, 4.29569149017, 4.446621418, 4.71365070343, 4.88780021667, 5.18966007233, 5.47990942001, 5.74693870544, 5.93269824982, 6.07201814651, 6.37387752533, 6.52480745316, 6.67573690414, 6.82666683197, 6.96598625183, 7.26784563065, 7.54648542404, 7.80190467834, 7.87156438828, 8.16181373596, 8.3011341095, 8.46367359161, 8.75392246246, 8.90485286713, 9.05578231812, 9.2067117691, 9.35764217377, 9.49696159363, 9.64789104462, 9.93814086914]
    rubato_start: []
    rubato_stop: []
    perceptual_tempo: "unknown"

sfx:
    inharmonicity:
        dmean: 0.0611365400255
        dmean2: 0.107248656452
        dvar: 0.00397330475971
        dvar2: 0.0112327020615
        max: 0.356337934732
        mean: 0.0626113414764
        min: 0
        var: 0.00477806851268
    oddtoevenharmonicenergyratio:
        dmean: 3.96377372742
        dmean2: 7.28479099274
        dvar: 122.724502563
        dvar2: 333.75479126
        max: 96.7191925049
        mean: 2.70804047585
        min: 0
        var: 84.8680801392
    pitch_after_max_to_before_max_energy_ratio: 9.85558128357
    pitch_centroid: 234.226531982
    pitch_max_to_total: 0.140877604485
    pitch_min_to_total: 0.311778277159
    tristimulus:
        dmean: [0.217991128564, 0.289779782295, 0.187343880534]
        dmean2: [0.393546700478, 0.508935749531, 0.33464846015]
        dvar: [0.061401695013, 0.0643883794546, 0.0373348928988]
        dvar2: [0.150005459785, 0.178148686886, 0.104766488075]
        max: [1, 0.970950961113, 0.757855296135]
        mean: [0.313330382109, 0.43481194973, 0.186311066151]
        min: [0.0106107406318, 0, 0]
        var: [0.0836155116558, 0.0926344245672, 0.0420015975833]

tonal:
    chords_changes_rate: 0.0368663594127
    chords_number_rate: 0.0230414755642
    chords_strength:
        dmean: 0.00548752164468
        dmean2: 0.00581414997578
        dvar: 2.56896491919e-05
        dvar2: 2.51441197179e-05
        max: 0.512242674828
        mean: 0.425389230251
        min: 0.312354236841
        var: 0.0025485586375
    key_strength: 0.654186367989
    tuning_diatonic_strength: 0.527623295784
    tuning_equal_tempered_deviation: 0.109140053391
    tuning_frequency: 431.193908691
    tuning_nontempered_energy_ratio: 0.657801985741
    hpcp:
        dmean: [0.195558130741, 0.151558935642, 0.157677903771, 0.132158651948, 0.106741584837, 0.101891547441, 0.0987475514412, 0.102187596262, 0.0951206833124, 0.0877453684807, 0.0905250906944, 0.0869873538613, 0.0709802433848, 0.0683106482029, 0.107017025352, 0.109057970345, 0.104126177728, 0.101832851768, 0.0804457142949, 0.068797044456, 0.116125531495, 0.149076655507, 0.0907872095704, 0.0769788399339, 0.0681329369545, 0.0384099259973, 0.0231109410524, 0.0258916169405, 0.0551889464259, 0.113045759499, 0.108647450805, 0.100591339171, 0.131908729672, 0.13315166533, 0.130589440465, 0.186229541898]
        dmean2: [0.354161769152, 0.263331353664, 0.281557410955, 0.237273573875, 0.186789616942, 0.185951441526, 0.176219001412, 0.189924821258, 0.170441776514, 0.153104364872, 0.162926808, 0.158506900072, 0.127105072141, 0.123143874109, 0.178827822208, 0.181769356132, 0.177461043, 0.188998609781, 0.148344755173, 0.126790329814, 0.196574300528, 0.248952329159, 0.152058109641, 0.138804242015, 0.121832899749, 0.0689206197858, 0.0441337674856, 0.0496362969279, 0.0990491211414, 0.192664548755, 0.188837245107, 0.1775290519, 0.221828639507, 0.219966903329, 0.222021698952, 0.331128507853]
        dvar: [0.0658216327429, 0.0357341207564, 0.0593183189631, 0.0491472296417, 0.0328284576535, 0.0410425961018, 0.0271573197097, 0.033851929009, 0.023103389889, 0.0282748546451, 0.0253797844052, 0.0248900577426, 0.0192510578781, 0.0190759506077, 0.0295033603907, 0.0306580588222, 0.0294184070081, 0.0491365045309, 0.0281074307859, 0.0151830073446, 0.0245282799006, 0.039827555418, 0.0164454225451, 0.0169071760029, 0.022866236046, 0.00691758282483, 0.00424364302307, 0.00679077161476, 0.0187207572162, 0.0325000621378, 0.043648339808, 0.0250200629234, 0.0542423576117, 0.0432908460498, 0.0368081107736, 0.0484081730247]
        dvar2: [0.171160042286, 0.100882954895, 0.160820290446, 0.117044836283, 0.0876083746552, 0.117032259703, 0.0716990157962, 0.0964531898499, 0.0601150207222, 0.0533119551837, 0.0617081671953, 0.0813527405262, 0.0626833289862, 0.0552032478154, 0.0786785185337, 0.0639546141028, 0.0774979665875, 0.138014063239, 0.0787591561675, 0.0425766073167, 0.0640718713403, 0.0904041454196, 0.0415380932391, 0.0445965006948, 0.0554450750351, 0.0173573102802, 0.0124004948884, 0.0199743025005, 0.0552055090666, 0.0777789950371, 0.0890351682901, 0.0666308775544, 0.141997426748, 0.112268909812, 0.10575581342, 0.136286482215]
        max: [1, 1, 1, 1, 1, 1, 1, 1, 1, 1, 1, 1, 1, 1, 1, 1, 1, 1, 1, 0.784826397896, 1, 1, 0.785016477108, 0.71886074543, 1, 0.582186996937, 0.475964426994, 0.668033182621, 1, 1, 1, 1, 1, 1, 1, 1]
        mean: [0.488539099693, 0.243974998593, 0.142376154661, 0.149562373757, 0.10305634886, 0.07577881217, 0.0798652917147, 0.078588552773, 0.105493828654, 0.131353646517, 0.100611016154, 0.0802124589682, 0.0713260769844, 0.0680021196604, 0.153633624315, 0.18903426826, 0.122922606766, 0.0823955386877, 0.0631189346313, 0.0498080812395, 0.149124830961, 0.219944879413, 0.11971308291, 0.0614064186811, 0.0673543810844, 0.0383512713015, 0.01783025451, 0.0187958180904, 0.052918240428, 0.206431284547, 0.255625396967, 0.137480512261, 0.109409429133, 0.114898115396, 0.129893437028, 0.386793017387]
        min: [0.00254796864465, 0.00111062824726, 0.000173421896761, 3.53759933205e-05, 3.52284187102e-05, 9.4862851256e-05, 9.39094752539e-05, 9.20014354051e-05, 0.000138528193929, 0.000100393408502, 0.000150450796355, 0.000120728800539, 0.000189649974345, 6.30926369922e-05, 0.000175869950908, 0.00017498798843, 0.000280351203401, 5.65928348806e-05, 5.75182712055e-05, 7.54371794756e-05, 0.000142541059176, 0.000184965145309, 0.000413931149524, 3.62807804777e-05, 1.29118398036e-05, 1.51338726937e-05, 1.99062815227e-05, 9.32754555834e-05, 2.97767692246e-05, 3.81915087928e-05, 9.16267963476e-05, 0.000210724436329, 5.42972884432e-06, 1.2291807252e-05, 0.000223031223868, 0.00294759729877]
        var: [0.14672832191, 0.0510870330036, 0.0557107962668, 0.0710755810142, 0.0372830815613, 0.0285251736641, 0.0251162257046, 0.0231573637575, 0.0292862337083, 0.065722681582, 0.0347913168371, 0.0172731541097, 0.0139263309538, 0.0141086280346, 0.0515908896923, 0.0804188922048, 0.0357632786036, 0.0411724932492, 0.0228951498866, 0.0100668109953, 0.0316949300468, 0.0755208730698, 0.0243451502174, 0.0143552878872, 0.0276639536023, 0.00771969091147, 0.00236649857834, 0.00368960690685, 0.0124170891941, 0.0703370645642, 0.129561066628, 0.0329114533961, 0.0510355532169, 0.0485181175172, 0.0364137515426, 0.111281856894]
    chords_histogram: [20.7373275757, 3.22580647469, 60.3686637878, 0, 0, 0, 0, 6.91244220734, 0, 8.75576019287, 0, 0, 0, 0, 0, 0, 0, 0, 0, 0, 0, 0, 0, 0]
    thpcp: [1, 0.499397069216, 0.291432470083, 0.306142061949, 0.210948005319, 0.155113101006, 0.163477793336, 0.160864412785, 0.215937331319, 0.268870294094, 0.205942600965, 0.164188414812, 0.145998701453, 0.139194831252, 0.314475595951, 0.386937856674, 0.251612633467, 0.168657004833, 0.129199355841, 0.101953111589, 0.305246472359, 0.450209379196, 0.245042994618, 0.125693976879, 0.137868970633, 0.0785019472241, 0.0364970862865, 0.0384735167027, 0.108319357038, 0.422548145056, 0.52324450016, 0.281411468983, 0.223952248693, 0.235187143087, 0.265881359577, 0.791733980179]
    chords_key: "A"
    chords_scale: "minor"
    key_key: "D"
    key_scale: "minor"
    chords_progression: ["Am", "Am", "Am", "Am", "Am", "Am", "Am", "Am", "Am", "Am", "Am", "Am", "Am", "Am", "Am", "Am", "Am", "Am", "Am", "Am", "Am", "Am", "Am", "Am", "Am", "Am", "Am", "Am", "Am", "Am", "Am", "Am", "Am", "Am", "Am", "Am", "A", "A", "A", "A", "A", "A", "A", "A", "A", "A", "A", "A", "A", "A", "A", "Am", "Am", "Am", "Am", "Am", "Am", "Am", "Am", "Am", "Am", "Am", "Am", "Am", "Am", "Am", "Am", "Am", "Am", "Am", "Am", "Am", "Am", "Am", "Am", "Am", "Am", "Am", "Am", "Am", "Am", "Am", "Am", "Am", "Am", "Am", "Am", "Am", "Am", "Am", "Am", "Am", "Am", "Am", "Am", "Am", "Am", "Am", "Am", "Am", "F", "F", "F", "F", "F", "F", "F", "Am", "Am", "Am", "Am", "Am", "Am", "Am", "Am", "Am", "Am", "Am", "Am", "Am", "Am", "Am", "Am", "Am", "Am", "Am", "Am", "Am", "Am", "Am", "Am", "Am", "Am", "Am", "Am", "Am", "Am", "Am", "Am", "A", "A", "A", "A", "Am", "Am", "Am", "Am", "Am", "Am", "Am", "Am", "Am", "Am", "Am", "Am", "Am", "Am", "D", "D", "D", "D", "D", "D", "D", "D", "D", "D", "D", "D", "D", "D", "D", "Dm", "Dm", "Dm", "Dm", "Dm", "Dm", "Dm", "Dm", "Dm", "Dm", "Dm", "Dm", "Dm", "Dm", "Dm", "Dm", "Dm", "Dm", "Dm", "Dm", "Dm", "Dm", "Dm", "Dm", "Dm", "Dm", "Dm", "Dm", "Dm", "Dm", "Dm", "Dm", "Dm", "Dm", "Dm", "Dm", "Dm", "Dm", "Dm", "Dm", "Dm", "Dm", "Dm", "Dm", "Dm"]
