
metadata:
    version:
        essentia: "1.2.2"
    audio_properties:
        analysis_sample_rate: 44100
        bitrate: 128
        channels: 2
        equal_loudness: 1
        length: 10.0048980713
        replay_gain: -8.73381614685
        downmix: "mix"
    tags:
        track: 7
        year: 0
        album: "Splitted by Mp3Splt v. 2.1"
        artist: "From 001.00 To 001.10"
        comment: "http://mp3splt.sf.net"
        genre: ""
        title: "02 Stumpside.mp3"

highlevel:
    ballroom:
        all:
            ChaChaCha: 0.00322105875239
            Jive: 0.00436861207709
            Quickstep: 0.0177903547883
            Rumba-American: 0.00409104069695
            Rumba-International: 0.103529378772
            Rumba-Misc: 0.040041141212
            Samba: 0.00382767990232
            Tango: 0.0406960584223
            VienneseWaltz: 0.374357461929
            Waltz: 0.408077210188
        probability: 0.408077210188
        value: "Waltz"
    culture:
        all:
            non_western: 0.182769104838
            western: 0.81723088026
        probability: 0.81723088026
        value: "western"
    gender:
        all:
            female: 0.78974455595
            male: 0.21025544405
        probability: 0.78974455595
        value: "female"
    genre_dortmund:
        all:
            alternative: 0.188790664077
            blues: 0.00793848000467
            electronic: 0.0604074336588
            folkcountry: 0.395705193281
            funksoulrnb: 0.00646272208542
            jazz: 0.0534009113908
            pop: 0.122459277511
            raphiphop: 0.00221676356159
            rock: 0.162618547678
        probability: 0.395705193281
        value: "folkcountry"
    genre_electronica:
        all:
            ambient: 0.904583871365
            dnb: 0.0205275341868
            house: 0.0134961316362
            techno: 0.00313208228908
            trance: 0.0582604035735
        probability: 0.904583871365
        value: "ambient"
    genre_rosamerica:
        all:
            cla: 0.411978423595
            dan: 0.0253034904599
            hip: 0.00816088542342
            jaz: 0.0510685890913
            pop: 0.114155106246
            rhy: 0.0357056520879
            roc: 0.346574068069
            spe: 0.00705375894904
        probability: 0.411978423595
        value: "cla"
    genre_tzanetakis:
        all:
            blu: 0.0043533728458
            cla: 0.0857965648174
            cou: 0.519626140594
            dis: 0.019463935867
            hip: 0.00288531021215
            jaz: 0.09543056041
            met: 0.0097918054089
            pop: 0.0401243828237
            reg: 0.0121285039932
            roc: 0.210399419069
        probability: 0.519626140594
        value: "cou"
    live_studio:
        all:
            live: 0.695879340172
            studio: 0.304120689631
        probability: 0.695879340172
        value: "live"
    mood:
        all:
            Cluster1: 0.207156598568
            Cluster2: 0.126618936658
            Cluster3: 0.504808843136
            Cluster4: 0.0583158321679
            Cluster5: 0.103099770844
        probability: 0.504808843136
        value: "Cluster3"
    mood_acoustic:
        all:
            acoustic: 0.601300239563
            not_acoustic: 0.398699790239
        probability: 0.601300239563
        value: "acoustic"
    mood_aggressive:
        all:
            aggressive: 0.018356135115
            not_aggressive: 0.981643855572
        probability: 0.981643855572
        value: "not_aggressive"
    mood_electronic:
        all:
            electronic: 0.193825557828
            not_electronic: 0.806174457073
        probability: 0.806174457073
        value: "not_electronic"
    mood_happy:
        all:
            happy: 0.456768751144
            not_happy: 0.543231248856
        probability: 0.543231248856
        value: "not_happy"
    mood_party:
        all:
            not_party: 0.981427073479
            party: 0.0185729209334
        probability: 0.981427073479
        value: "not_party"
    mood_relaxed:
        all:
            not_relaxed: 0.0078836157918
            relaxed: 0.992116391659
        probability: 0.992116391659
        value: "relaxed"
    mood_sad:
        all:
            not_sad: 0.0999224558473
            sad: 0.900077521801
        probability: 0.900077521801
        value: "sad"
    rhythm:
        all:
            fast: 0.505366921425
            medium: 0.284385383129
            slow: 0.210247725248
        probability: 0.505366921425
        value: "fast"
    speech_music:
        all:
            music: 0.986276209354
            speech: 0.0137237682939
        probability: 0.986276209354
        value: "music"
    timbre:
        all:
            bright: 0.0142563981935
            dark: 0.985743582249
        probability: 0.985743582249
        value: "dark"
    voice_instrumental:
        all:
            instrumental: 0.982359349728
            voice: 0.0176406633109
        probability: 0.982359349728
        value: "instrumental"

lowlevel:
    average_loudness: 0.953789651394
    barkbands_kurtosis:
        dmean: 1.59625601768
        dmean2: 2.48318862915
        dvar: 3.53648257256
        dvar2: 9.03673744202
        max: 20.1162986755
        mean: 2.53130340576
        min: -1.74321353436
        var: 11.6435585022
    barkbands_skewness:
        dmean: 0.333374887705
        dmean2: 0.521372377872
        dvar: 0.0768603309989
        dvar2: 0.186977550387
        max: 3.89154744148
        mean: 1.54351758957
        min: -0.20262722671
        var: 0.397140920162
    barkbands_spread:
        dmean: 3.12674713135
        dmean2: 4.65532255173
        dvar: 6.36664581299
        dvar2: 13.2634210587
        max: 35.9677200317
        mean: 15.6373968124
        min: 4.24202013016
        var: 32.144241333
    dissonance:
        dmean: 0.0268006511033
        dmean2: 0.0443900190294
        dvar: 0.000566818402149
        dvar2: 0.00151858280879
        max: 0.498570710421
        mean: 0.436187982559
        min: 0.270144581795
        var: 0.00118811090942
    hfc:
        dmean: 0.750813186169
        dmean2: 1.02040588856
        dvar: 0.588015913963
        dvar2: 0.946984767914
        max: 11.5935020447
        mean: 3.39252328873
        min: 0.507110178471
        var: 4.03240966797
    pitch:
        dmean: 77.36328125
        dmean2: 151.396972656
        dvar: 38468.09375
        dvar2: 111909.648438
        max: 2756.25
        mean: 242.694366455
        min: 73.3777008057
        var: 25656.84375
    pitch_instantaneous_confidence:
        dmean: 0.0775727629662
        dmean2: 0.115163341165
        dvar: 0.00425901403651
        dvar2: 0.0103950267658
        max: 0.815348505974
        mean: 0.52404242754
        min: 0.223539531231
        var: 0.0199207402766
    pitch_salience:
        dmean: 0.0517386421561
        dmean2: 0.0824626535177
        dvar: 0.00200801761821
        dvar2: 0.00550324516371
        max: 0.799661099911
        mean: 0.590248823166
        min: 0.327654331923
        var: 0.00648673530668
    silence_rate_20dB:
        dmean: 0
        dmean2: 0
        dvar: 0
        dvar2: 0
        max: 1
        mean: 1
        min: 1
        var: 0
    silence_rate_30dB:
        dmean: 0
        dmean2: 0
        dvar: 0
        dvar2: 0
        max: 1
        mean: 1
        min: 1
        var: 0
    silence_rate_60dB:
        dmean: 0.130232557654
        dmean2: 0.26107224822
        dvar: 0.113271795213
        dvar2: 0.234871804714
        max: 1
        mean: 0.348027855158
        min: 0
        var: 0.226904347539
    spectral_centroid:
        dmean: 107.991867065
        dmean2: 166.235366821
        dvar: 8321.80078125
        dvar2: 19731.1308594
        max: 1720.56323242
        mean: 743.43951416
        min: 275.006256104
        var: 50490.296875
    spectral_complexity:
        dmean: 1.74766349792
        dmean2: 2.84309124947
        dvar: 2.89894270897
        dvar2: 5.87467193604
        max: 24
        mean: 10.1585083008
        min: 3
        var: 10.9958343506
    spectral_crest:
        dmean: 2.0324549675
        dmean2: 3.22200870514
        dvar: 3.0358247757
        dvar2: 8.17537879944
        max: 17.6574306488
        mean: 8.6861333847
        min: 3.72368502617
        var: 7.18835878372
    spectral_decrease:
        dmean: 2.68713190588e-10
        dmean2: 4.21126966632e-10
        dvar: 7.81756570826e-20
        dvar2: 1.89692638212e-19
        max: -2.18215889802e-10
        mean: -1.16101384062e-09
        min: -3.42811201648e-09
        var: 3.92201147545e-19
    spectral_energy:
        dmean: 0.00106664840132
        dmean2: 0.00166204909328
        dvar: 1.2185870446e-06
        dvar2: 2.88925048153e-06
        max: 0.013419832103
        mean: 0.00468964455649
        min: 0.000883319007698
        var: 6.29663600193e-06
    spectral_energyband_high:
        dmean: 3.06310066662e-05
        dmean2: 3.97628282371e-05
        dvar: 2.70917777101e-09
        dvar2: 4.09220524134e-09
        max: 0.000767425925005
        mean: 6.64865801809e-05
        min: 1.26437430481e-06
        var: 8.03657584925e-09
    spectral_energyband_low:
        dmean: 0.00011226193601
        dmean2: 0.000181955823791
        dvar: 4.85536943984e-08
        dvar2: 1.29362817347e-07
        max: 0.00316993216984
        mean: 0.000238503533183
        min: 4.26905842232e-07
        var: 1.93781986013e-07
    spectral_energyband_middle_high:
        dmean: 0.000279333704384
        dmean2: 0.000389483524486
        dvar: 1.21880432857e-07
        dvar2: 2.03858263603e-07
        max: 0.00484803505242
        mean: 0.001033500419
        min: 8.32055447972e-05
        var: 7.65321999552e-07
    spectral_energyband_middle_low:
        dmean: 0.000936667493079
        dmean2: 0.00146310706623
        dvar: 1.00185275187e-06
        dvar2: 2.65750827566e-06
        max: 0.0129152806476
        mean: 0.00335114775226
        min: 0.000602638581768
        var: 3.93308846469e-06
    spectral_flatness_db:
        dmean: 0.0169848687947
        dmean2: 0.0268147457391
        dvar: 0.000171399195096
        dvar2: 0.000471298786579
        max: 0.29978325963
        mean: 0.212439507246
        min: 0.119419038296
        var: 0.000996721209958
    spectral_flux:
        dmean: 0.00623521162197
        dmean2: 0.0101007251069
        dvar: 3.36339908245e-05
        dvar2: 8.1477650383e-05
        max: 0.0800867751241
        mean: 0.0300883539021
        min: 0.0111889550462
        var: 0.000110491404484
    spectral_kurtosis:
        dmean: 2.91957902908
        dmean2: 4.8659029007
        dvar: 7.09034395218
        dvar2: 18.5055332184
        max: 35.6889419556
        mean: 10.3303012848
        min: -0.259611129761
        var: 21.1466598511
    spectral_rms:
        dmean: 0.000237518499489
        dmean2: 0.000365279847756
        dvar: 4.33725197979e-08
        dvar2: 9.6262887439e-08
        max: 0.00361835863441
        mean: 0.00206541200168
        min: 0.000928318186197
        var: 3.09336655846e-07
    spectral_rolloff:
        dmean: 349.411224365
        dmean2: 584.926574707
        dvar: 162362.375
        dvar2: 364100.84375
        max: 3143.84765625
        mean: 1246.16552734
        min: 344.53125
        var: 426372.125
    spectral_skewness:
        dmean: 0.270315289497
        dmean2: 0.428212076426
        dvar: 0.0539500117302
        dvar2: 0.132463052869
        max: 4.3843998909
        mean: 2.34449744225
        min: 0.85024023056
        var: 0.209819555283
    spectral_spread:
        dmean: 260448.953125
        dmean2: 400164.65625
        dvar: 123083440128
        dvar2: 184904384512
        max: 9875339
        mean: 2972144.5
        min: 1536355.375
        var: 712986656768
    spectral_strongpeak:
        dmean: 0.226723462343
        dmean2: 0.36827018857
        dvar: 0.118544496596
        dvar2: 0.292685329914
        max: 4.49388837814
        mean: 0.533801615238
        min: 0.0361274704337
        var: 0.181031212211
    zerocrossingrate:
        dmean: 0.00520453043282
        dmean2: 0.00627675838768
        dvar: 1.8902019292e-05
        dvar2: 2.2684380383e-05
        max: 0.09375
        mean: 0.0467668734491
        min: 0.017578125
        var: 0.000175318171387
    barkbands:
        dmean: [7.1647320965e-08, 3.6239009205e-05, 8.42765148263e-05, 0.000192933846847, 0.000330833456246, 0.000405203056289, 0.00041269682697, 0.000180429880857, 9.26621505641e-05, 0.000172959262272, 2.70716918749e-05, 3.2321207982e-05, 2.28384433285e-05, 1.6287971448e-05, 5.55672195333e-05, 4.2050563934e-05, 5.83607761655e-05, 4.55465233244e-05, 3.21364786942e-05, 2.46381205216e-05, 1.51968542923e-05, 1.24198800222e-06, 2.61569056192e-07, 2.00019684371e-07, 1.47141150819e-07, 2.30749197527e-09, 1.9089722858e-10]
        dmean2: [1.20019251426e-07, 5.96484751441e-05, 0.000132574641611, 0.000322598381899, 0.000566981732845, 0.000671430898365, 0.000603438529652, 0.000267580995569, 0.000157029586262, 0.000243235001108, 4.47432139481e-05, 5.08457778778e-05, 3.6205186916e-05, 2.54016667895e-05, 9.24368869164e-05, 6.55222102068e-05, 9.51370166149e-05, 6.73667746014e-05, 4.75816923426e-05, 3.33242533088e-05, 1.94611493498e-05, 1.87683951935e-06, 2.7525106816e-07, 2.6365844974e-07, 2.47316762625e-07, 2.78527001463e-09, 3.51409901178e-10]
        dvar: [2.97383882656e-14, 7.59364393588e-09, 2.65207802386e-08, 9.43745774862e-08, 1.26722852656e-07, 2.81938696389e-07, 3.29538835331e-07, 8.98971350694e-08, 4.01871922406e-08, 7.18022690194e-08, 1.49793211168e-09, 8.85827233787e-09, 2.22842588826e-09, 8.59454230007e-10, 4.94418461727e-09, 6.22623730351e-09, 9.69711777543e-09, 3.96470900554e-09, 4.27919610857e-09, 1.90836435543e-09, 8.04016297984e-10, 7.6384079617e-11, 3.88382338443e-12, 1.65718914286e-12, 7.8479817046e-13, 2.99840928301e-16, 9.58469491531e-20]
        dvar2: [7.04905019988e-14, 2.30988526084e-08, 6.75915359238e-08, 2.71223029813e-07, 3.9044505229e-07, 8.22011429591e-07, 7.47769149712e-07, 1.83607539839e-07, 1.00864333774e-07, 1.10689860833e-07, 3.50790374526e-09, 2.31020678143e-08, 5.28219867846e-09, 1.99663663381e-09, 1.32507906869e-08, 1.77715335781e-08, 2.72047397942e-08, 6.05851280255e-09, 9.0091276661e-09, 3.09162384582e-09, 9.4291174868e-10, 1.89731966249e-10, 5.68624617878e-12, 1.79660854336e-12, 2.08976629404e-12, 4.63127175312e-16, 3.13362072224e-19]
        max: [2.35181778407e-06, 0.00121105648577, 0.00195778883062, 0.00482646375895, 0.00270393164828, 0.00555826816708, 0.00753419846296, 0.00369294104166, 0.00297323311679, 0.00400550104678, 0.000441357697127, 0.00159309944138, 0.000714076391887, 0.000270943972282, 0.000672038877383, 0.00119524740148, 0.00126311543863, 0.00102305912878, 0.00140636391006, 0.000711524276994, 0.000334297423251, 0.000176423724042, 4.7956877097e-05, 2.89750296361e-05, 1.56005571625e-05, 3.96827488203e-07, 2.71322919687e-09]
        mean: [1.10738490378e-07, 5.66206217627e-05, 0.000181783849257, 0.000414751790231, 0.000598726561293, 0.000793793238699, 0.000909004826099, 0.000399352575187, 0.000203275645617, 0.000397237861762, 4.73640611744e-05, 5.8030076616e-05, 4.08615778724e-05, 3.17445810651e-05, 0.000103093778307, 8.29357231851e-05, 0.000108867541712, 9.91498745861e-05, 7.21794203855e-05, 5.68659779674e-05, 3.06105175696e-05, 2.15987461161e-06, 4.04293160727e-07, 4.30188151768e-07, 2.89375662987e-07, 3.09870507031e-09, 1.54690343868e-10]
        min: [2.41885345087e-10, 5.07161175278e-08, 7.04810858565e-08, 2.03682361644e-06, 9.18927253224e-06, 2.78426377918e-05, 6.19539878244e-06, 2.18119203055e-06, 1.57389695232e-05, 3.53128461938e-06, 6.47418232802e-07, 3.38192762683e-06, 5.90419745095e-07, 2.32002406619e-07, 1.21922334984e-06, 1.77508309207e-06, 2.23708866542e-06, 2.93659172712e-06, 2.44410352934e-06, 1.0898529581e-06, 4.48077969395e-07, 1.63674496179e-08, 1.36242100934e-10, 3.04643288374e-09, 2.38315411849e-09, 1.22296842792e-11, 5.1792476693e-14]
        var: [4.88809906722e-14, 1.84740169829e-08, 1.03750963376e-07, 3.88633907278e-07, 1.9993636613e-07, 6.38237963813e-07, 7.96974291006e-07, 3.55345036951e-07, 6.85613343876e-08, 3.54232355448e-07, 2.71299827048e-09, 9.64950430671e-09, 3.21998827602e-09, 1.77912706789e-09, 1.11638938094e-08, 1.80494623692e-08, 1.63399871411e-08, 1.49639554081e-08, 1.1243580289e-08, 5.58296653352e-09, 2.44602960109e-09, 1.17588355719e-10, 8.74527100042e-12, 4.4349346244e-12, 1.14579418002e-12, 5.84378459404e-16, 6.86250878912e-20]
    mfcc:
        mean: [-761.415588379, 178.641677856, -59.0330352783, 43.4289665222, -18.7241420746, -34.2021141052, -1.85411334038, -23.5704174042, 0.0762632936239, -11.7387752533, -12.2187261581, -6.53697156906, -12.3117160797]
        cov: [[1035.20007324, -390.219726562, -106.467987061, -90.7610168457, -29.3159713745, -10.3866910934, 29.5290527344, -45.9818000793, -7.12562799454, 52.1793708801, -3.90888524055, -17.5376987457, -13.8234586716], [-390.219726562, 699.731262207, 0.00934262108058, 260.893920898, 109.396827698, 43.604763031, 44.1706428528, 156.468322754, 89.3663101196, -18.9711380005, 13.4718503952, 119.709991455, 33.3952026367], [-106.467987061, 0.00934262108058, 191.963806152, 38.310295105, 43.5691261292, 61.8225212097, -9.44555091858, 31.2545185089, 5.58665275574, -6.9366941452, 29.6136455536, 7.01906251907, 26.4255390167], [-90.7610168457, 260.893920898, 38.310295105, 334.414855957, 72.3095855713, 17.1240901947, 39.814617157, 61.4222793579, 93.5701828003, -39.3451461792, -14.4964199066, 127.517829895, 2.94226241112], [-29.3159713745, 109.396827698, 43.5691261292, 72.3095855713, 116.595275879, 43.4269371033, 20.8771247864, 50.5601425171, 33.4945220947, 7.01954078674, 19.3505325317, 34.071521759, 18.1736297607], [-10.3866910934, 43.604763031, 61.8225212097, 17.1240901947, 43.4269371033, 98.3170089722, 19.9042415619, 48.4394264221, 1.96534752846, 14.2613658905, 28.3909397125, -4.18333244324, 24.1081390381], [29.5290527344, 44.1706428528, -9.44555091858, 39.814617157, 20.8771247864, 19.9042415619, 157.040664673, -31.7871208191, 30.2555065155, 51.9965400696, -16.6680412292, 44.257270813, 10.6167755127], [-45.9818000793, 156.468322754, 31.2545185089, 61.4222793579, 50.5601425171, 48.4394264221, -31.7871208191, 174.224609375, 23.7392253876, -8.00234413147, 33.9700775146, 10.3851089478, 27.3968887329], [-7.12562799454, 89.3663101196, 5.58665275574, 93.5701828003, 33.4945220947, 1.96534752846, 30.2555065155, 23.7392253876, 80.9762420654, 6.12171459198, -8.54519081116, 53.9068222046, -5.32190608978], [52.1793708801, -18.9711380005, -6.9366941452, -39.3451461792, 7.01954078674, 14.2613658905, 51.9965400696, -8.00234413147, 6.12171459198, 100.595993042, 17.7110767365, -17.4451160431, 28.7459220886], [-3.90888524055, 13.4718503952, 29.6136455536, -14.4964199066, 19.3505325317, 28.3909397125, -16.6680412292, 33.9700775146, -8.54519081116, 17.7110767365, 72.7430648804, 2.46011066437, 32.61951828], [-17.5376987457, 119.709991455, 7.01906251907, 127.517829895, 34.071521759, -4.18333244324, 44.257270813, 10.3851089478, 53.9068222046, -17.4451160431, 2.46011066437, 124.318183899, 4.72442960739], [-13.8234586716, 33.3952026367, 26.4255390167, 2.94226241112, 18.1736297607, 24.1081390381, 10.6167755127, 27.3968887329, -5.32190608978, 28.7459220886, 32.61951828, 4.72442960739, 66.4926452637]]
        icov: [[0.00155964738224, 0.00134813634213, 0.00132985576056, -0.000287758826744, -0.000354374758899, -0.00068654777715, -8.93236865522e-05, -0.000611973344348, -0.000241484784056, -0.000562389206607, -1.60751696967e-05, -0.000675892806612, 2.32794627664e-05], [0.00134813634213, 0.00377021892928, 0.0019955909811, -0.00151359383017, -0.00114750000648, -0.000704205711372, -0.000484940770548, -0.00222746864893, -0.000304684275761, -0.000210333251744, 0.000134551126393, -0.00122482283041, -0.000687664491124], [0.00132985576056, 0.0019955909811, 0.00864875130355, -0.00124559551477, -0.0016140335938, -0.00483398325741, 0.000896240759175, 0.000118997231766, -0.00086920929607, 0.000882262131199, -0.000988290878013, -0.000396032439312, -0.00204422394745], [-0.000287758826744, -0.00151359383017, -0.00124559551477, 0.00733852433041, -0.000663941842504, -0.000284199544694, 5.72423559788e-05, -0.000272426637821, -0.00373202958144, 0.00203978805803, 0.00217960774899, -0.00397707149386, -0.000708938168827], [-0.000354374758899, -0.00114750000648, -0.0016140335938, -0.000663941842504, 0.0135225458071, -0.00329426652752, -0.000423801830038, -0.000941770907957, -0.00268492661417, -0.000379053060897, -0.00135683862027, -0.000614225806203, -0.000214128915104], [-0.00068654777715, -0.000704205711372, -0.00483398325741, -0.000284199544694, -0.00329426652752, 0.0187650192529, -0.00469843577594, -0.00334079517052, 0.00182774593122, 0.000858133018482, -0.0040111830458, 0.00404565827921, -0.000176247602212], [-8.93236865522e-05, -0.000484940770548, 0.000896240759175, 5.72423559788e-05, -0.000423801830038, -0.00469843577594, 0.0122754182667, 0.00301198801026, -0.000231856523897, -0.00699285557494, 0.00525903468952, -0.00527617475018, -0.000715900911018], [-0.000611973344348, -0.00222746864893, 0.000118997231766, -0.000272426637821, -0.000941770907957, -0.00334079517052, 0.00301198801026, 0.0104682520032, -0.00281556486152, 0.00113484542817, -0.00204438925721, 0.00203544693068, -0.0022268765606], [-0.000241484784056, -0.000304684275761, -0.00086920929607, -0.00373202958144, -0.00268492661417, 0.00182774593122, -0.000231856523897, -0.00281556486152, 0.0245632566512, -0.00639539631084, 0.003085084958, -0.00656954245642, 0.00556581281126], [-0.000562389206607, -0.000210333251744, 0.000882262131199, 0.00203978805803, -0.000379053060897, 0.000858133018482, -0.00699285557494, 0.00113484542817, -0.00639539631084, 0.0189308263361, -0.0048444843851, 0.0062916004099, -0.00677720084786], [-1.60751696967e-05, 0.000134551126393, -0.000988290878013, 0.00217960774899, -0.00135683862027, -0.0040111830458, 0.00525903468952, -0.00204438925721, 0.003085084958, -0.0048444843851, 0.0233677159995, -0.00600383477286, -0.00664249295369], [-0.000675892806612, -0.00122482283041, -0.000396032439312, -0.00397707149386, -0.000614225806203, 0.00404565827921, -0.00527617475018, 0.00203544693068, -0.00656954245642, 0.0062916004099, -0.00600383477286, 0.0191745758057, -0.00215000635944], [2.32794627664e-05, -0.000687664491124, -0.00204422394745, -0.000708938168827, -0.000214128915104, -0.000176247602212, -0.000715900911018, -0.0022268765606, 0.00556581281126, -0.00677720084786, -0.00664249295369, -0.00215000635944, 0.0241742935032]]
    spectral_contrast:
        mean: [3.09008044042e-07, -1.43853512213e-07, -2.18819550923e-07, 5.07038926401e-08, 4.44065022975e-07, -1.49602101374e-07, 4.93926620493e-07, 2.09078234548e-06, -3.15251600114e-06, 4.3536400085e-07, 2.62229173131e-06, -2.89040849566e-06]
        var: [0.000356155826012, 0.000866422778927, 0.000986832659692, 0.00192751642317, 0.00299111916684, 0.00421165674925, 0.0382764041424, 0.0600960366428, 0.118995398283, 0.206919133663, 0.59368211031, 0.715981662273]

rhythm:
    beats_loudness:
        dmean: 0.0023280675523
        dmean2: 0.00391952833161
        dvar: 3.11783196594e-06
        dvar2: 7.39531560612e-06
        max: 0.0105086322874
        mean: 0.00535990484059
        min: 0.00107228802517
        var: 8.42964254844e-06
    beats_loudness_bass:
        dmean: 0.0907323881984
        dmean2: 0.146681427956
        dvar: 0.00956986099482
        dvar2: 0.0286385957152
        max: 0.467926383018
        mean: 0.0895956158638
        min: 0.000704012112692
        var: 0.0109904641286
    bpm: 116.627502441
    bpm_confidence: 0
    first_peak_bpm: 117
    first_peak_spread: 0
    first_peak_weight: 0.5
    onset_rate: 3.29838466644
    second_peak_bpm: 149
    second_peak_spread: 0
    second_peak_weight: 0.5
    beats_position: [0.522472143173, 1.0370182991, 1.55156445503, 2.06611061096, 2.58065676689, 3.09520292282, 3.60974907875, 4.12429523468, 4.63884115219, 5.15338754654, 5.66793346405, 6.07252168655, 6.47590684891, 6.87929201126, 7.28267717361, 7.68606185913, 8.08944702148, 8.49283123016, 8.89621734619, 9.29960155487, 9.7029876709]
    bpm_estimates: [118.676834106, 115.01197052, 116.193695068]
    bpm_intervals: [0.51454615593, 0.51454615593, 0.51454615593, 0.51454615593, 0.51454615593, 0.51454615593, 0.51454615593, 0.514545917511, 0.514546394348, 0.514545917511, 0.404588222504, 0.403385162354, 0.403385162354, 0.403385162354, 0.403384685516, 0.403385162354, 0.403384208679, 0.403386116028, 0.403384208679, 0.403386116028]
    onset_times: [0.0580498874187, 0.417959183455, 0.580498874187, 0.673378705978, 0.975238084793, 1.39319729805, 1.57895696163, 2.10140585899, 2.26394557953, 2.50775504112, 2.70512461662, 3.15791392326, 3.35528349876, 3.73841261864, 4.08671188354, 4.28408145905, 4.49306106567, 4.63238096237, 4.73687076569, 5.15482997894, 5.65405893326, 6.37387752533, 6.57124710083, 6.79183673859, 7.18657588959, 7.36072540283, 7.83673477173, 8.39401340485, 8.73070335388, 8.85841274261, 9.26476192474, 9.65950107574, 9.90331077576]
    rubato_start: [6.07252168655]
    rubato_stop: [6.47590684891]
    perceptual_tempo: "unknown"

sfx:
    inharmonicity:
        dmean: 0.0387950688601
        dmean2: 0.069358818233
        dvar: 0.00320307188667
        dvar2: 0.00843795016408
        max: 0.421935707331
        mean: 0.0343496277928
        min: 0
        var: 0.00292301736772
    oddtoevenharmonicenergyratio:
        dmean: 2.17484974861
        dmean2: 3.95375990868
        dvar: 19.8797054291
        dvar2: 52.2785148621
        max: 32.3831291199
        mean: 1.62961912155
        min: 0
        var: 15.6854343414
    pitch_after_max_to_before_max_energy_ratio: 3.74712085724
    pitch_centroid: 201.435165405
    pitch_max_to_total: 0.0582750588655
    pitch_min_to_total: 0.510489523411
    tristimulus:
        dmean: [0.250494152308, 0.249739766121, 0.0601792782545]
        dmean2: [0.43495196104, 0.435418367386, 0.106915764511]
        dvar: [0.0417926050723, 0.0409331358969, 0.00397177087143]
        dvar2: [0.106216110289, 0.106419496238, 0.0104845874012]
        max: [1, 0.993152856827, 0.394717156887]
        mean: [0.443535387516, 0.486640959978, 0.0622963570058]
        min: [0.000888589478564, 0, 0]
        var: [0.0623384006321, 0.0586073920131, 0.00417200149968]

tonal:
    chords_changes_rate: 0.0231481473893
    chords_number_rate: 0.0138888889924
    chords_strength:
        dmean: 0.00739071657881
        dmean2: 0.00705704186112
        dvar: 6.30350186839e-05
        dvar2: 5.82256070629e-05
        max: 0.781241476536
        mean: 0.575919091702
        min: 0.2953350842
        var: 0.010526465252
    key_strength: 0.780449330807
    tuning_diatonic_strength: 0.639550983906
    tuning_equal_tempered_deviation: 0.0411426238716
    tuning_frequency: 441.782684326
    tuning_nontempered_energy_ratio: 0.648936271667
    hpcp:
        dmean: [0.145046174526, 0.166720882058, 0.0959303155541, 0.0818847045302, 0.0659785494208, 0.0351837389171, 0.0337871126831, 0.0298077445477, 0.0477060265839, 0.0519361458719, 0.0379032753408, 0.0391932204366, 0.0399258583784, 0.0474481806159, 0.113916106522, 0.157846555114, 0.155829340219, 0.0832791253924, 0.047277610749, 0.0436797328293, 0.060224018991, 0.0773145183921, 0.0661099627614, 0.106394149363, 0.111383907497, 0.105594791472, 0.102961324155, 0.0965172424912, 0.0708504393697, 0.0670395419002, 0.0658512637019, 0.0706526860595, 0.0742702260613, 0.0795297026634, 0.140481412411, 0.216489121318]
        dmean2: [0.244946852326, 0.257398754358, 0.164665475488, 0.124803870916, 0.103654526174, 0.054318010807, 0.0564502775669, 0.0480476357043, 0.0801339298487, 0.0834928229451, 0.0592641197145, 0.0620726235211, 0.0698263421655, 0.0811131000519, 0.184951141477, 0.244476079941, 0.261124104261, 0.125306636095, 0.0834261029959, 0.0774118378758, 0.0985668748617, 0.12742613256, 0.106829151511, 0.166506871581, 0.174125730991, 0.166956752539, 0.175985708833, 0.158147886395, 0.119560621679, 0.111491367221, 0.104619331658, 0.116779021919, 0.131371662021, 0.141785696149, 0.246967896819, 0.349564582109]
        dvar: [0.0321878753603, 0.0302255060524, 0.0233278758824, 0.0269075278193, 0.0188042800874, 0.00561383040622, 0.0087310206145, 0.00196040817536, 0.0070325108245, 0.00816994998604, 0.00753197213635, 0.00578859308735, 0.00814371369779, 0.0107785798609, 0.0228136125952, 0.0322792679071, 0.0247410237789, 0.0167661029845, 0.0174491349608, 0.0109072541818, 0.0104351667687, 0.015831457451, 0.00823068525642, 0.0245952159166, 0.0270859487355, 0.0176259297878, 0.0310960728675, 0.028928257525, 0.0115342531353, 0.0129130482674, 0.0159396324307, 0.012239208445, 0.0266604740173, 0.0222586281598, 0.0448055006564, 0.0378594361246]
        dvar2: [0.0777149498463, 0.0806839689612, 0.0563757456839, 0.0537188835442, 0.0463329218328, 0.0128970080987, 0.0249344147742, 0.00456711323932, 0.0209238324314, 0.0205936506391, 0.0151855871081, 0.0149664767087, 0.0219195988029, 0.0280036851764, 0.0579700917006, 0.0660689845681, 0.0675300806761, 0.0385488532484, 0.0381062962115, 0.0266609806567, 0.0202560313046, 0.0402649044991, 0.0194170791656, 0.0539180412889, 0.0571111552417, 0.0377311110497, 0.0728184431791, 0.0667616650462, 0.0314580574632, 0.0348890013993, 0.0417962111533, 0.0301110520959, 0.0699710547924, 0.0588121451437, 0.117110207677, 0.0995877459645]
        max: [1, 1, 0.954927682877, 1, 1, 0.934896469116, 1, 0.339748203754, 0.605199456215, 1, 1, 0.74687308073, 0.870826005936, 0.970405876637, 1, 1, 1, 1, 1, 1, 1, 0.962158799171, 0.699853241444, 1, 1, 1, 1, 1, 0.901220142841, 0.924217998981, 1, 0.780309855938, 1, 1, 1, 1]
        mean: [0.614628136158, 0.344282478094, 0.0919799134135, 0.0861997008324, 0.0699327290058, 0.0463522486389, 0.0473261103034, 0.0462811179459, 0.062881834805, 0.0711051225662, 0.0565699897707, 0.0530956424773, 0.0481658689678, 0.0474237538874, 0.186340391636, 0.353999912739, 0.262145906687, 0.103253029287, 0.0605525076389, 0.0453987531364, 0.0983359441161, 0.139852896333, 0.10595818609, 0.17015106976, 0.25932314992, 0.187101751566, 0.116651594639, 0.112787522376, 0.0851488634944, 0.0887800529599, 0.105349712074, 0.0951439291239, 0.103821948171, 0.107476040721, 0.133778080344, 0.410206049681]
        min: [0.00492149125785, 0.00152598600835, 0.000485153868794, 0.000103073405626, 0.000528678123374, 0.00115231063683, 0.000924816005863, 0.000845717207994, 0.00145711237565, 0.00123932689894, 0.00126708031166, 0.000623159576207, 0.000681809440721, 0.00085556670092, 0.0020942913834, 0.00340593699366, 0.00504917977378, 0.000348616042174, 0.000258092564764, 0.000319262238918, 0.00160671584308, 0.00220579095185, 0.00462456978858, 0.000579655519687, 0.00027486536419, 0.00121704139747, 0.00235538301058, 0.000856098602526, 0.0011548937764, 0.000523014576174, 0.000583127432037, 0.00078941101674, 0.00114187831059, 0.000551107048523, 0.000488402787596, 0.00520129594952]
        var: [0.149252712727, 0.0795077160001, 0.0261351559311, 0.038324765861, 0.0239303875715, 0.00768495257944, 0.00696309143677, 0.00293494272046, 0.00760989496484, 0.0133637711406, 0.0168003384024, 0.00699452729896, 0.00624565687031, 0.00947930570692, 0.0414242595434, 0.11664006114, 0.0678397044539, 0.0328616537154, 0.0273439120501, 0.013842208311, 0.0174435526133, 0.024253718555, 0.0125429639593, 0.0581048503518, 0.0982732400298, 0.0476514883339, 0.0308998059481, 0.0361811108887, 0.0140157472342, 0.0181765705347, 0.040294546634, 0.0239368341863, 0.0523338653147, 0.0514593273401, 0.0474605374038, 0.0857440382242]
    chords_histogram: [58.3333320618, 0, 0, 0, 0, 0.925925910473, 0, 28.2407398224, 0, 0, 0, 0, 0, 0, 0, 0, 0, 0, 0, 0, 11.1111106873, 0.925925910473, 0.462962955236, 0]
    thpcp: [1, 0.560147583485, 0.149651318789, 0.140246912837, 0.113780550659, 0.0754151120782, 0.0769995823503, 0.0752993822098, 0.102308750153, 0.115688033402, 0.0920393764973, 0.0863866135478, 0.0783658698201, 0.0771584510803, 0.303175836802, 0.575957894325, 0.426511406898, 0.167992681265, 0.0985189303756, 0.073863774538, 0.159992590547, 0.227540671825, 0.172393977642, 0.276835799217, 0.421918779612, 0.304414570332, 0.189792141318, 0.183505296707, 0.138537198305, 0.144445151091, 0.171403989196, 0.154799178243, 0.168918311596, 0.174863517284, 0.217656940222, 0.667405247688]
    chords_key: "D"
    chords_scale: "minor"
    key_key: "D"
    key_scale: "minor"
    chords_progression: ["Gm", "D#", "D#", "Cm", "Cm", "Cm", "Cm", "Cm", "Cm", "Cm", "Cm", "Cm", "Cm", "Cm", "Cm", "Cm", "Cm", "Cm", "Cm", "Cm", "Cm", "Cm", "Cm", "Cm", "Cm", "Cm", "Cm", "G", "G", "Dm", "Dm", "Dm", "Dm", "Dm", "Dm", "Dm", "Dm", "Dm", "Dm", "Dm", "Dm", "Dm", "Dm", "Dm", "Dm", "Dm", "Dm", "Dm", "Dm", "Dm", "Dm", "Dm", "Dm", "Dm", "Dm", "Dm", "Dm", "Dm", "Dm", "Dm", "Dm", "Dm", "Dm", "Dm", "Dm", "Dm", "Dm", "Dm", "Dm", "Dm", "Dm", "Dm", "Dm", "Dm", "Dm", "Dm", "Dm", "Dm", "Dm", "Dm", "Dm", "Dm", "Dm", "Dm", "Dm", "Dm", "Dm", "Dm", "Dm", "Dm", "Dm", "Dm", "Dm", "Dm", "Dm", "Dm", "Dm", "Dm", "Dm", "Dm", "Dm", "Dm", "Dm", "Dm", "Dm", "Dm", "Dm", "Dm", "Dm", "Dm", "Dm", "Dm", "Dm", "Dm", "Dm", "Dm", "Dm", "Dm", "Dm", "Dm", "Dm", "Dm", "Dm", "Dm", "Dm", "Dm", "Dm", "Dm", "Dm", "Dm", "Dm", "Dm", "Dm", "Dm", "Dm", "Dm", "Dm", "Dm", "Dm", "Dm", "Dm", "Dm", "Dm", "Dm", "Dm", "Dm", "Dm", "Dm", "Dm", "Dm", "Dm", "Dm", "Dm", "Dm", "Dm", "D", "D", "D", "D", "D", "D", "D", "D", "D", "D", "D", "D", "D", "D", "D", "D", "D", "D", "D", "D", "D", "D", "D", "D", "D", "D", "D", "D", "D", "D", "D", "D", "D", "D", "D", "D", "D", "D", "D", "D", "D", "D", "D", "D", "D", "D", "D", "D", "D", "D", "D", "D", "D", "D", "D", "D", "D", "D", "D", "D", "D"]
