
metadata:
    version:
        essentia: "1.2.2"
    audio_properties:
        analysis_sample_rate: 44100
        bitrate: 128
        channels: 2
        equal_loudness: 1
        length: 10.0048980713
        replay_gain: -6.57729530334
        downmix: "mix"
    tags:
        track: 4
        year: 0
        album: "Splitted by Mp3Splt v. 2.1"
        artist: "From 000.30 To 000.40"
        comment: "http://mp3splt.sf.net"
        genre: ""
        title: "05 Sometimes in Winter.mp3"

highlevel:
    ballroom:
        all:
            ChaChaCha: 0.192238494754
            Jive: 0.0537285991013
            Quickstep: 0.0260194353759
            Rumba-American: 0.0170650053769
            Rumba-International: 0.323401629925
            Rumba-Misc: 0.129091754556
            Samba: 0.152723610401
            Tango: 0.0448244251311
            VienneseWaltz: 0.0245892424136
            Waltz: 0.0363177992404
        probability: 0.323401629925
        value: "Rumba-International"
    culture:
        all:
            non_western: 0.587291061878
            western: 0.412708908319
        probability: 0.587291061878
        value: "non_western"
    gender:
        all:
            female: 0.804184675217
            male: 0.195815309882
        probability: 0.804184675217
        value: "female"
    genre_dortmund:
        all:
            alternative: 0.00886333547533
            blues: 0.00230121612549
            electronic: 0.915970146656
            folkcountry: 0.00279993447475
            funksoulrnb: 0.00242758193053
            jazz: 0.0224851369858
            pop: 0.00346951233223
            raphiphop: 0.0307495370507
            rock: 0.0109336124733
        probability: 0.915970146656
        value: "electronic"
    genre_electronica:
        all:
            ambient: 0.452054560184
            dnb: 0.0651784613729
            house: 0.284573018551
            techno: 0.153423979878
            trance: 0.0447699837387
        probability: 0.452054560184
        value: "ambient"
    genre_rosamerica:
        all:
            cla: 0.243640094995
            dan: 0.140669882298
            hip: 0.210813075304
            jaz: 0.126254156232
            pop: 0.0671457499266
            rhy: 0.144668102264
            roc: 0.0558619201183
            spe: 0.010947002098
        probability: 0.243640094995
        value: "cla"
    genre_tzanetakis:
        all:
            blu: 0.0287037808448
            cla: 0.102913081646
            cou: 0.0479247234762
            dis: 0.102573730052
            hip: 0.177559867501
            jaz: 0.146954268217
            met: 0.0142409354448
            pop: 0.143860638142
            reg: 0.14064912498
            roc: 0.0946198478341
        probability: 0.177559867501
        value: "hip"
    live_studio:
        all:
            live: 0.523810744286
            studio: 0.476189255714
        probability: 0.523810744286
        value: "live"
    mood:
        all:
            Cluster1: 0.091509193182
            Cluster2: 0.0192104857415
            Cluster3: 0.00861168373376
            Cluster4: 0.0280953217298
            Cluster5: 0.852573335171
        probability: 0.852573335171
        value: "Cluster5"
    mood_acoustic:
        all:
            acoustic: 0.249679327011
            not_acoustic: 0.750320672989
        probability: 0.750320672989
        value: "not_acoustic"
    mood_aggressive:
        all:
            aggressive: 0.0391014739871
            not_aggressive: 0.960898518562
        probability: 0.960898518562
        value: "not_aggressive"
    mood_electronic:
        all:
            electronic: 0.889709591866
            not_electronic: 0.110290437937
        probability: 0.889709591866
        value: "electronic"
    mood_happy:
        all:
            happy: 0.0583703741431
            not_happy: 0.941629648209
        probability: 0.941629648209
        value: "not_happy"
    mood_party:
        all:
            not_party: 0.804859817028
            party: 0.195140197873
        probability: 0.804859817028
        value: "not_party"
    mood_relaxed:
        all:
            not_relaxed: 0.200769692659
            relaxed: 0.799230277538
        probability: 0.799230277538
        value: "relaxed"
    mood_sad:
        all:
            not_sad: 0.265396356583
            sad: 0.734603643417
        probability: 0.734603643417
        value: "sad"
    rhythm:
        all:
            fast: 0.0522962398827
            medium: 0.326291382313
            slow: 0.621412336826
        probability: 0.621412336826
        value: "slow"
    speech_music:
        all:
            music: 0.964228272438
            speech: 0.0357717424631
        probability: 0.964228272438
        value: "music"
    timbre:
        all:
            bright: 0.0303950849921
            dark: 0.96960490942
        probability: 0.96960490942
        value: "dark"
    voice_instrumental:
        all:
            instrumental: 0.999999403954
            voice: 6.20749290192e-07
        probability: 0.999999403954
        value: "instrumental"

lowlevel:
    average_loudness: 0.860311865807
    barkbands_kurtosis:
        dmean: 1.50228130817
        dmean2: 2.53871250153
        dvar: 9.33001804352
        dvar2: 24.9150714874
        max: 27.279083252
        mean: 0.966638922691
        min: -1.71370458603
        var: 8.36968326569
    barkbands_skewness:
        dmean: 0.505299806595
        dmean2: 0.809109985828
        dvar: 0.342824399471
        dvar2: 0.860877215862
        max: 4.64274406433
        mean: 0.583687901497
        min: -1.52363395691
        var: 0.564415454865
    barkbands_spread:
        dmean: 4.5871796608
        dmean2: 7.20078897476
        dvar: 27.3959026337
        dvar2: 69.0057296753
        max: 42.8409957886
        mean: 18.2786369324
        min: 3.34326910973
        var: 96.5996398926
    dissonance:
        dmean: 0.0315508767962
        dmean2: 0.0519572496414
        dvar: 0.000989945721813
        dvar2: 0.00222025369294
        max: 0.499528110027
        mean: 0.437130957842
        min: 0.227786675096
        var: 0.00241493200883
    hfc:
        dmean: 0.78453463316
        dmean2: 1.11101031303
        dvar: 3.10494756699
        dvar2: 6.57082700729
        max: 16.8324584961
        mean: 1.52789151669
        min: 5.15774615906e-07
        var: 6.31135845184
    pitch:
        dmean: 307.657196045
        dmean2: 601.964355469
        dvar: 734451.0625
        dvar2: 1951193.125
        max: 4009.09082031
        mean: 551.196716309
        min: 90.1840515137
        var: 686198.9375
    pitch_instantaneous_confidence:
        dmean: 0.102870486677
        dmean2: 0.161918729544
        dvar: 0.00901460461318
        dvar2: 0.0197225026786
        max: 0.920251250267
        mean: 0.522243082523
        min: 0.0262036919594
        var: 0.0374565310776
    pitch_salience:
        dmean: 0.073079161346
        dmean2: 0.11777574569
        dvar: 0.00444851815701
        dvar2: 0.0119418418035
        max: 0.802842259407
        mean: 0.579907655716
        min: 0.280592501163
        var: 0.0097494199872
    silence_rate_20dB:
        dmean: 0
        dmean2: 0
        dvar: 0
        dvar2: 0
        max: 1
        mean: 1
        min: 1
        var: 0
    silence_rate_30dB:
        dmean: 0
        dmean2: 0
        dvar: 0
        dvar2: 0
        max: 1
        mean: 1
        min: 1
        var: 0
    silence_rate_60dB:
        dmean: 0.078886307776
        dmean2: 0.158139541745
        dvar: 0.0726633146405
        dvar2: 0.142433822155
        max: 1
        mean: 0.879629611969
        min: 0
        var: 0.105881080031
    spectral_centroid:
        dmean: 179.412750244
        dmean2: 282.197235107
        dvar: 63408.7851562
        dvar2: 148725.5
        max: 2981.07666016
        mean: 890.456726074
        min: 161.882049561
        var: 198923.046875
    spectral_complexity:
        dmean: 2.09302330017
        dmean2: 3.1748251915
        dvar: 9.82855796814
        dvar2: 16.5778408051
        max: 35
        mean: 4.78654289246
        min: 0
        var: 28.4834384918
    spectral_crest:
        dmean: 2.34721231461
        dmean2: 3.83153867722
        dvar: 3.80770349503
        dvar2: 10.0746307373
        max: 21.2905635834
        mean: 8.08207130432
        min: 2.7198381424
        var: 9.32364368439
    spectral_decrease:
        dmean: 3.5788050301e-10
        dmean2: 5.94467364223e-10
        dvar: 1.18655160782e-18
        dvar2: 3.13669617976e-18
        max: -8.31780266154e-16
        mean: -4.72013594877e-10
        min: -9.84632997358e-09
        var: 9.92538152905e-19
    spectral_energy:
        dmean: 0.00141183414962
        dmean2: 0.00231525651179
        dvar: 1.76418943738e-05
        dvar2: 4.61996132799e-05
        max: 0.0380918979645
        mean: 0.00192007108126
        min: 3.18611248495e-09
        var: 1.54364770424e-05
    spectral_energyband_high:
        dmean: 2.19275134441e-05
        dmean2: 3.09435490635e-05
        dvar: 4.85982942777e-09
        dvar2: 1.18763896495e-08
        max: 0.000892025243957
        mean: 3.6119021388e-05
        min: 9.13816938786e-12
        var: 8.43785397109e-09
    spectral_energyband_low:
        dmean: 0.00057468918385
        dmean2: 0.00103755074088
        dvar: 5.70826068724e-06
        dvar2: 1.62105425261e-05
        max: 0.0219144076109
        mean: 0.000423994701123
        min: 1.89367344028e-09
        var: 3.43060537489e-06
    spectral_energyband_middle_high:
        dmean: 0.000197135668714
        dmean2: 0.000299134146189
        dvar: 2.29318217748e-07
        dvar2: 5.04234094478e-07
        max: 0.00467644631863
        mean: 0.000406561186537
        min: 8.08283093234e-11
        var: 4.57325143088e-07
    spectral_energyband_middle_low:
        dmean: 0.000770849059336
        dmean2: 0.00124991429038
        dvar: 4.08827781939e-06
        dvar2: 1.04455348264e-05
        max: 0.0178495682776
        mean: 0.00105244724546
        min: 7.85975673434e-10
        var: 4.06320441471e-06
    spectral_flatness_db:
        dmean: 0.022051403299
        dmean2: 0.0355545319617
        dvar: 0.000559275504202
        dvar2: 0.00141991814598
        max: 0.318477094173
        mean: 0.192928701639
        min: 0.102615997195
        var: 0.00148977758363
    spectral_flux:
        dmean: 0.00981734599918
        dmean2: 0.015882300213
        dvar: 0.000390985776903
        dvar2: 0.000777129258495
        max: 0.179537236691
        mean: 0.0233229193836
        min: 5.64456604479e-05
        var: 0.000660412362777
    spectral_kurtosis:
        dmean: 4.60936355591
        dmean2: 7.84148740768
        dvar: 21.1263828278
        dvar2: 55.6007575989
        max: 38.5385360718
        mean: 10.9172925949
        min: 0.499432563782
        var: 59.4245796204
    spectral_rms:
        dmean: 0.000331789371558
        dmean2: 0.000506727665197
        dvar: 4.38863366981e-07
        dvar2: 1.01514194739e-06
        max: 0.00609613209963
        mean: 0.00111186143477
        min: 1.76306616595e-06
        var: 6.3700457531e-07
    spectral_rolloff:
        dmean: 406.076080322
        dmean2: 688.911743164
        dvar: 375886.375
        dvar2: 846429.8125
        max: 4306.640625
        mean: 1639.9699707
        min: 150.732421875
        var: 1138337.25
    spectral_skewness:
        dmean: 0.444155842066
        dmean2: 0.732588648796
        dvar: 0.217514976859
        dvar2: 0.525386154652
        max: 4.83201742172
        mean: 2.29119133949
        min: 0.715776145458
        var: 0.923665761948
    spectral_spread:
        dmean: 364163.0625
        dmean2: 546612.375
        dvar: 1.27633063936e+12
        dvar2: 1.41219332096e+12
        max: 22418026
        mean: 2825456.75
        min: 1598394.375
        var: 1.53856350618e+12
    spectral_strongpeak:
        dmean: 0.185848489404
        dmean2: 0.298122495413
        dvar: 0.0432228632271
        dvar2: 0.108259625733
        max: 1.47325897217
        mean: 0.312977492809
        min: 0
        var: 0.0692829936743
    zerocrossingrate:
        dmean: 0.00694949133322
        dmean2: 0.0082302140072
        dvar: 6.12296280451e-05
        dvar2: 7.8705517808e-05
        max: 0.140625
        mean: 0.0528929829597
        min: 0.017578125
        var: 0.000585142406635
    barkbands:
        dmean: [2.74448439086e-06, 0.000128560044686, 0.000459008530015, 0.000330524810124, 0.0001331630192, 0.000229082463193, 8.00526104285e-05, 2.18034911086e-05, 0.000112652160169, 9.94586807792e-05, 2.36746727751e-05, 3.25674009218e-05, 1.89728780242e-05, 1.37351971716e-05, 1.65470337379e-05, 1.26700515466e-05, 1.97198678507e-05, 4.59001712443e-05, 4.09811436839e-05, 3.56573946192e-05, 8.08786808193e-06, 2.9589193673e-06, 3.23624107068e-07, 7.79678259732e-08, 2.82801693174e-08, 7.60513430009e-10, 1.45738907054e-10]
        dmean2: [3.65693495041e-06, 0.000220952657401, 0.000858812534716, 0.000616727862507, 0.000230408186326, 0.000380312820198, 0.000125705060782, 3.56118944183e-05, 0.00017304996436, 0.000148365361383, 3.7808502384e-05, 5.15451065439e-05, 3.28322930727e-05, 2.31726280617e-05, 2.77369053947e-05, 2.02087394428e-05, 3.08325179503e-05, 7.05815764377e-05, 6.77328134771e-05, 5.3454990848e-05, 1.17634926937e-05, 4.3215104597e-06, 4.6991752356e-07, 1.09941410642e-07, 3.46837758514e-08, 1.11839426609e-09, 2.23131221833e-10]
        dvar: [3.35995259393e-11, 1.94841646817e-07, 4.09320909966e-06, 1.55739940055e-06, 1.03320807909e-07, 4.37240032625e-07, 5.24083212383e-08, 3.47580542126e-09, 2.81295751137e-08, 2.45609239613e-08, 3.51683193678e-09, 1.67914215865e-09, 4.25965218653e-09, 1.66900870902e-09, 1.79670622824e-09, 9.75746150544e-10, 3.00512392748e-09, 1.09408055948e-08, 1.18882672595e-08, 1.63972408984e-08, 4.93716567629e-10, 1.26117435939e-10, 1.19415512635e-12, 7.71645456408e-14, 1.30166687026e-14, 9.09467216401e-18, 1.44182823025e-18]
        dvar2: [3.99867708389e-11, 5.29672490757e-07, 1.17515046441e-05, 4.5104138735e-06, 2.46277011229e-07, 1.06810966827e-06, 1.12178383915e-07, 8.79927153363e-09, 7.57930820328e-08, 5.32977786349e-08, 8.60565485539e-09, 4.56077886568e-09, 1.23889405401e-08, 4.27738866549e-09, 4.75246064724e-09, 2.50602250063e-09, 6.30228003118e-09, 2.43369946418e-08, 3.1822860791e-08, 4.57103901397e-08, 1.00583230633e-09, 3.42574968393e-10, 2.8203914898e-12, 1.41068200957e-13, 1.9764353389e-14, 1.5053196569e-17, 1.50817969591e-18]
        max: [9.51416586759e-05, 0.00386904901825, 0.0180444028229, 0.011823900044, 0.00320295826532, 0.00823158398271, 0.00303916283883, 0.000648100627586, 0.00174290535506, 0.00145401444752, 0.000699003925547, 0.000373971881345, 0.000775022024754, 0.000435591238784, 0.000431368418504, 0.000315819808748, 0.000659974873997, 0.000924469670281, 0.00090475397883, 0.00178989057895, 0.000210748446989, 0.00015948296641, 1.31396209326e-05, 4.52277163276e-06, 2.48290780291e-06, 4.19454515566e-08, 2.4739350124e-08]
        mean: [1.33591556732e-05, 0.000118384494272, 0.000293201912427, 0.000212387138163, 0.000145464204252, 0.000260239525232, 0.000105863073259, 2.79556461464e-05, 0.000192277337192, 0.000155818110215, 3.20837207255e-05, 5.904939826e-05, 2.13454513869e-05, 1.85799508472e-05, 2.07245047932e-05, 1.82914700417e-05, 2.81744378299e-05, 6.87173669576e-05, 6.07736728853e-05, 4.76985769637e-05, 1.42271001096e-05, 4.78556603412e-06, 4.80302446704e-07, 1.4060731246e-07, 4.95045391347e-08, 1.10424969169e-09, 1.26825758229e-10]
        min: [8.23423995655e-10, 1.0278679019e-09, 4.58541149495e-10, 2.98365832041e-10, 3.52252699232e-10, 1.03174246924e-10, 1.36553346755e-11, 3.39403722141e-12, 1.47437513587e-11, 4.14888869787e-12, 1.21341088219e-11, 1.8833627366e-11, 1.22015826262e-11, 9.49110321585e-12, 6.36443632171e-12, 7.84037418322e-12, 3.69335291517e-12, 2.57677820054e-12, 2.41906408099e-12, 2.80905420452e-12, 2.00634279156e-12, 1.40471868079e-12, 9.63684535817e-13, 9.1014207889e-13, 9.04315088524e-13, 8.41415641589e-13, 3.10175875869e-14]
        var: [3.34557326287e-10, 1.39810154565e-07, 2.3472000521e-06, 9.01161683942e-07, 1.19287761891e-07, 4.52130166195e-07, 8.10212483771e-08, 4.73673011925e-09, 4.05113418367e-08, 3.9858868206e-08, 6.00980687437e-09, 2.74285438806e-09, 4.44014380818e-09, 2.2559725199e-09, 2.08210026997e-09, 1.54257873142e-09, 5.28207610984e-09, 1.90504021447e-08, 1.56958375186e-08, 1.67742904011e-08, 1.22685062109e-09, 1.43759379401e-10, 2.00711409298e-12, 2.70385791664e-13, 4.74819158601e-14, 1.69864946772e-17, 1.44304273819e-18]
    mfcc:
        mean: [-843.191650391, 179.697174072, -53.193687439, 48.0337562561, -29.7907028198, -7.44815206528, 6.21969938278, 3.10828733444, -1.00062477589, -7.64497661591, -2.07248020172, -9.10945129395, -5.27400016785]
        cov: [[6564.29394531, -1484.93237305, -555.708984375, 875.203125, -179.828399658, 35.9496917725, -357.551330566, -54.5350151062, -144.164489746, 69.9654541016, -37.4531822205, 8.87641620636, -37.956829071], [-1484.93237305, 1048.92468262, 237.764648438, -344.613250732, 111.080444336, 83.7225112915, 175.996536255, 42.5614814758, 50.0259475708, 25.5701179504, 30.5778465271, 53.9408035278, 15.2928333282], [-555.708984375, 237.764648438, 275.891326904, -216.233612061, 74.2619857788, 55.0360412598, 48.185218811, 9.36492538452, 4.56394720078, 21.4362735748, -29.3007831573, 37.9438781738, 8.38689804077], [875.203125, -344.613250732, -216.233612061, 470.506286621, -22.8837566376, -21.5840930939, -62.6852455139, 19.150434494, -2.41726875305, -5.88257694244, 66.2790756226, -44.1284599304, -16.2026329041], [-179.828399658, 111.080444336, 74.2619857788, -22.8837566376, 114.614524841, 32.2301635742, 16.1122608185, 14.3606052399, 4.18647623062, 16.2857952118, 0.428598791361, 16.4208297729, 2.05518722534], [35.9496917725, 83.7225112915, 55.0360412598, -21.5840930939, 32.2301635742, 88.7076339722, 29.2954177856, 17.5727825165, 6.21578502655, 25.6592254639, 9.21017932892, 31.5734119415, 6.9973897934], [-357.551330566, 175.996536255, 48.185218811, -62.6852455139, 16.1122608185, 29.2954177856, 79.335975647, 27.300245285, 24.8874378204, 13.4992008209, 17.9461956024, 10.8752212524, 4.26057052612], [-54.5350151062, 42.5614814758, 9.36492538452, 19.150434494, 14.3606052399, 17.5727825165, 27.300245285, 51.3269729614, 26.4245986938, 13.688416481, 18.1240711212, 1.14212691784, -1.82623362541], [-144.164489746, 50.0259475708, 4.56394720078, -2.41726875305, 4.18647623062, 6.21578502655, 24.8874378204, 26.4245986938, 52.379863739, 17.5878658295, 16.82122612, 3.90388703346, 1.90343844891], [69.9654541016, 25.5701179504, 21.4362735748, -5.88257694244, 16.2857952118, 25.6592254639, 13.4992008209, 13.688416481, 17.5878658295, 52.8737869263, 11.1268224716, 12.22722435, 5.09697675705], [-37.4531822205, 30.5778465271, -29.3007831573, 66.2790756226, 0.428598791361, 9.21017932892, 17.9461956024, 18.1240711212, 16.82122612, 11.1268224716, 63.6916389465, 5.02458763123, -0.718444943428], [8.87641620636, 53.9408035278, 37.9438781738, -44.1284599304, 16.4208297729, 31.5734119415, 10.8752212524, 1.14212691784, 3.90388703346, 12.22722435, 5.02458763123, 58.675743103, 18.7868728638], [-37.956829071, 15.2928333282, 8.38689804077, -16.2026329041, 2.05518722534, 6.9973897934, 4.26057052612, -1.82623362541, 1.90343844891, 5.09697675705, -0.718444943428, 18.7868728638, 35.6578140259]]
        icov: [[0.000380642944947, 0.000183571712114, 0.000372173235519, -0.000469657330541, 0.00040989392437, -0.000603164895438, 0.000804180977866, -0.000346405227901, 0.000782130926382, -0.00103374395985, 0.000798894732725, -0.000840690394398, 0.000571460288484], [0.000183571712114, 0.00215744460002, -4.78518404634e-06, 0.000954062852543, -0.00113138812594, -0.000551694596652, -0.00264469580725, 0.00030346569838, 4.59206676169e-05, 0.000306141679175, -0.00122029718477, -0.000240085850237, 0.000265482143732], [0.000372173235519, -4.78518404634e-06, 0.0081467423588, 0.00243523158133, -0.00291061028838, -0.00272654811852, 0.000195820102817, -0.00138543115463, 0.00153247895651, -0.00173274078406, 0.00222072564065, -0.00153720378876, 0.0012175894808], [-0.000469657330541, 0.000954062852543, 0.00243523158133, 0.00613654172048, -0.00242124591023, -0.00106775469612, 0.00144760368858, -0.00198778812774, -0.000395742972614, 0.00193526549265, -0.0062090405263, 0.00371867185459, -0.000959029828664], [0.00040989392437, -0.00113138812594, -0.00291061028838, -0.00242124591023, 0.012942221947, -0.00184026081115, 0.00276645785198, -0.00255745067261, 0.00188142352272, -0.00294825877063, 0.00229126750492, -0.00213030772284, 0.0011491443729], [-0.000603164895438, -0.000551694596652, -0.00272654811852, -0.00106775469612, -0.00184026081115, 0.0202197879553, -0.0061161192134, -0.00261004013009, 0.00304244738072, -0.00435624690726, -0.000150812717038, -0.00712768128142, 0.00069854571484], [0.000804180977866, -0.00264469580725, 0.000195820102817, 0.00144760368858, 0.00276645785198, -0.0061161192134, 0.0296769682318, -0.00896480958909, -0.00266788853332, -0.00142847886309, -0.00379767874256, 0.00155480788089, -0.000911412353162], [-0.000346405227901, 0.00030346569838, -0.00138543115463, -0.00198778812774, -0.00255745067261, -0.00261004013009, -0.00896480958909, 0.0337053388357, -0.013042986393, 0.000315898738336, -0.00240568839945, 0.00283027254045, 0.00149216584396], [0.000782130926382, 4.59206676169e-05, 0.00153247895651, -0.000395742972614, 0.00188142352272, 0.00304244738072, -0.00266788853332, -0.013042986393, 0.0321182012558, -0.00952575728297, -0.00100484711584, -0.00308001646772, 0.000467525736894], [-0.00103374395985, 0.000306141679175, -0.00173274078406, 0.00193526549265, -0.00294825877063, -0.00435624690726, -0.00142847886309, 0.000315898738336, -0.00952575728297, 0.0284748859704, -0.00527288531885, 0.00216411775909, -0.00354131357744], [0.000798894732725, -0.00122029718477, 0.00222072564065, -0.0062090405263, 0.00229126750492, -0.000150812717038, -0.00379767874256, -0.00240568839945, -0.00100484711584, -0.00527288531885, 0.0277957078069, -0.00722816912457, 0.00343384966254], [-0.000840690394398, -0.000240085850237, -0.00153720378876, 0.00371867185459, -0.00213030772284, -0.00712768128142, 0.00155480788089, 0.00283027254045, -0.00308001646772, 0.00216411775909, -0.00722816912457, 0.0299028325826, -0.0133052906021], [0.000571460288484, 0.000265482143732, 0.0012175894808, -0.000959029828664, 0.0011491443729, 0.00069854571484, -0.000911412353162, 0.00149216584396, 0.000467525736894, -0.00354131357744, 0.00343384966254, -0.0133052906021, 0.0353591665626]]
    spectral_contrast:
        mean: [-1.61311120905e-07, -9.12480047077e-08, 2.23517417908e-08, -5.42120517366e-07, -1.04411848056e-08, -2.49827820653e-07, 1.0255179177e-06, -2.4213868528e-06, 3.42360226568e-06, -2.6585953492e-06, -6.92921275913e-07, -2.91385106266e-07]
        var: [0.000285921763862, 0.000355416850653, 0.00191333191469, 0.00238053756766, 0.0035875311587, 0.00501690106466, 0.0460215732455, 0.0813157781959, 0.0970629751682, 0.13674980402, 0.365439683199, 3.50401759148]

rhythm:
    beats_loudness:
        dmean: 0.00305317877792
        dmean2: 0.00557236699387
        dvar: 7.12196651875e-06
        dvar2: 1.8341208488e-05
        max: 0.0112216351554
        mean: 0.00312374834903
        min: 0.000231944286497
        var: 8.82918993739e-06
    beats_loudness_bass:
        dmean: 0.18673491478
        dmean2: 0.291146486998
        dvar: 0.0216030050069
        dvar2: 0.035685133189
        max: 0.675423979759
        mean: 0.204045906663
        min: 0.0159122031182
        var: 0.0312983244658
    bpm: 96.6514129639
    bpm_confidence: 0
    first_peak_bpm: 192
    first_peak_spread: 0
    first_peak_weight: 0.523809552193
    onset_rate: 3.99804162979
    second_peak_bpm: 97
    second_peak_spread: 0
    second_peak_weight: 0.428571432829
    beats_position: [0.245212599635, 0.866002440453, 1.48679220676, 2.10758209229, 2.7283718586, 3.34916162491, 3.96995139122, 4.59074115753, 5.21153068542, 5.83232069016, 6.32710790634, 6.64022016525, 6.95333242416, 7.26644468307, 7.57955789566, 7.89267015457, 8.20578193665, 8.51889419556, 8.83200645447, 9.14511871338, 9.45823097229, 9.7713432312]
    bpm_estimates: [96.6184310913, 96.626373291, 96.3818511963, 96.9623565674, 96.6680984497]
    bpm_intervals: [0.620789825916, 0.620789766312, 0.620789885521, 0.620789766312, 0.620789766312, 0.620789766312, 0.620789766312, 0.620789527893, 0.62079000473, 0.494787216187, 0.313112258911, 0.313112258911, 0.313112258911, 0.313113212585, 0.313112258911, 0.313111782074, 0.313112258911, 0.313112258911, 0.313112258911, 0.313112258911, 0.313112258911]
    onset_times: [0.0928798168898, 0.394739240408, 0.708208620548, 0.905578255653, 1.01006805897, 1.32353746891, 1.95047616959, 2.11301589012, 2.57741498947, 2.76317453384, 2.91410422325, 3.04181408882, 3.09986400604, 3.21596360207, 3.3785033226, 3.54104304314, 3.81968259811, 4.1099319458, 4.446621418, 4.60916090012, 4.77170085907, 5.06195020676, 5.41024923325, 5.70049905777, 5.85142850876, 6.01396846771, 6.31582784653, 6.9543762207, 7.11691617966, 7.26784563065, 7.56970500946, 7.73224496841, 7.8831744194, 8.17342376709, 8.34757328033, 8.51011371613, 8.82358264923, 9.12544250488, 9.46213150024, 9.61306095123]
    rubato_start: [6.64022016525]
    rubato_stop: [9.7713432312]
    perceptual_tempo: "unknown"

sfx:
    inharmonicity:
        dmean: 0.0385874845088
        dmean2: 0.0686988905072
        dvar: 0.00365242036059
        dvar2: 0.0104528218508
        max: 0.450349658728
        mean: 0.0355074256659
        min: 4.29982610513e-05
        var: 0.00304387928918
    oddtoevenharmonicenergyratio:
        dmean: 2.99284052849
        dmean2: 5.40984106064
        dvar: 74.1085128784
        dvar2: 206.050323486
        max: 109.054145813
        mean: 2.15074801445
        min: 0.000676076684613
        var: 47.3603439331
    pitch_after_max_to_before_max_energy_ratio: 0.153701007366
    pitch_centroid: 241.943450928
    pitch_max_to_total: 0.888631105423
    pitch_min_to_total: 0.0951276123524
    tristimulus:
        dmean: [0.235460296273, 0.268124908209, 0.0642855614424]
        dmean2: [0.403469651937, 0.456176519394, 0.117252744734]
        dvar: [0.0344840325415, 0.0449544936419, 0.00802051369101]
        dvar2: [0.098111987114, 0.13373491168, 0.0223727021366]
        max: [0.974657475948, 0.936041593552, 0.591250956059]
        mean: [0.434289246798, 0.458418935537, 0.0575042963028]
        min: [0.030671313405, 0, 0]
        var: [0.0543670505285, 0.0680675804615, 0.00740783242509]

tonal:
    chords_changes_rate: 0.0648148134351
    chords_number_rate: 0.0231481473893
    chords_strength:
        dmean: 0.00825796555728
        dmean2: 0.00890854839236
        dvar: 4.83097028336e-05
        dvar2: 7.23955308786e-05
        max: 0.48644977808
        mean: 0.39313352108
        min: 0.247809767723
        var: 0.00489419978112
    key_strength: 0.538750648499
    tuning_diatonic_strength: 0.438558071852
    tuning_equal_tempered_deviation: 0.113492801785
    tuning_frequency: 455.253540039
    tuning_nontempered_energy_ratio: 0.753575086594
    hpcp:
        dmean: [0.0871166959405, 0.0756289437413, 0.0880154967308, 0.131631806493, 0.114637933671, 0.0888009145856, 0.0787160024047, 0.0948688983917, 0.129254326224, 0.167349055409, 0.170920595527, 0.144567802548, 0.149798110127, 0.139117226005, 0.111545391381, 0.105016462505, 0.105062253773, 0.0933284163475, 0.0898878872395, 0.0968130454421, 0.0955277904868, 0.0969787761569, 0.0888755321503, 0.165196552873, 0.234244555235, 0.245223835111, 0.199217170477, 0.20664472878, 0.204771310091, 0.135483086109, 0.11001201719, 0.0974534153938, 0.112861342728, 0.141116335988, 0.109661847353, 0.0773782432079]
        dmean2: [0.148520231247, 0.12887558341, 0.151301637292, 0.221428722143, 0.196966052055, 0.156158968806, 0.14164544642, 0.168299004436, 0.228219106793, 0.285018593073, 0.29672986269, 0.2664308846, 0.275999724865, 0.252643764019, 0.19215631485, 0.17996764183, 0.183464050293, 0.160940006375, 0.150253742933, 0.171416223049, 0.16560100019, 0.166133418679, 0.155998840928, 0.285152494907, 0.40444907546, 0.415391117334, 0.336679905653, 0.344451576471, 0.335936337709, 0.233759045601, 0.191218242049, 0.177941784263, 0.196827575564, 0.251670181751, 0.194368124008, 0.135311245918]
        dvar: [0.0203851964325, 0.0119052212685, 0.012356640771, 0.0266670454293, 0.0235126726329, 0.0299909673631, 0.0231813080609, 0.0347779840231, 0.0299089960754, 0.0303812678903, 0.0467981509864, 0.0471190959215, 0.0356896445155, 0.0352680124342, 0.0220279917121, 0.0238948594779, 0.0315840989351, 0.0216288790107, 0.0207942947745, 0.0318152867258, 0.0243189986795, 0.0243671238422, 0.0170725304633, 0.0273773111403, 0.0540372356772, 0.0483704805374, 0.0352545753121, 0.0497740954161, 0.0389936491847, 0.0221835672855, 0.0241237133741, 0.0244969651103, 0.0259137712419, 0.0348660349846, 0.0266297589988, 0.0139464931563]
        dvar2: [0.0551276654005, 0.0320379547775, 0.0342089161277, 0.0693319961429, 0.0602018088102, 0.0862227082253, 0.0675694644451, 0.0995757356286, 0.082547172904, 0.0746848732233, 0.127595216036, 0.13211902976, 0.105731256306, 0.104820564389, 0.060640592128, 0.0621200501919, 0.0847176611423, 0.0604602359235, 0.0525510907173, 0.0856276154518, 0.0634310469031, 0.0574696883559, 0.0444906912744, 0.0733181536198, 0.140391886234, 0.137377306819, 0.0976122990251, 0.11260831356, 0.100680954754, 0.0601292848587, 0.0684656277299, 0.0683687254786, 0.0732433721423, 0.101182028651, 0.0763817578554, 0.0340348705649]
        max: [1, 0.747191607952, 0.772029995918, 1, 0.892415881157, 1, 1, 1, 1, 1, 1, 1, 0.968626499176, 1, 1, 0.990167140961, 1, 0.901824235916, 1, 1, 1, 1, 0.773828625679, 1, 1, 1, 1, 1, 1, 0.833917975426, 0.991142868996, 1, 1, 1, 1, 0.742713570595]
        mean: [0.0957551673055, 0.0873068273067, 0.106760971248, 0.1669562608, 0.140919864178, 0.0821502879262, 0.0750311687589, 0.0853667259216, 0.143920257688, 0.245143055916, 0.22119769454, 0.135344326496, 0.15685300529, 0.146133944392, 0.102271601558, 0.0946482494473, 0.0882650017738, 0.0866432785988, 0.0938930958509, 0.091940164566, 0.0978575721383, 0.100248843431, 0.0832924023271, 0.238273456693, 0.530105352402, 0.445482969284, 0.381921082735, 0.670823693275, 0.501050233841, 0.163408845663, 0.124122798443, 0.0942728668451, 0.115146122873, 0.159669682384, 0.116464048624, 0.0810140147805]
        min: [0.0013744214084, 0.00131732365116, 0.00201507820748, 0.00238562515005, 0.00121813989244, 0.000798485823907, 0.000309818802634, 0.000280630891211, 0.00447947438806, 0.0129810450599, 0.00339216925204, 0.00400277180597, 0.00334302824922, 0.00275600678287, 0.000625313259661, 0.000188538891962, 0.000249429576797, 0.000628739013337, 0.00077315926319, 0.000594411278144, 0.000362783001037, 0.000405087892432, 0.000398413045332, 0.00149327889085, 0.0013929764973, 0.00166722130962, 0.00750942202285, 0.00661395862699, 0.00482945796102, 0.00308220717125, 0.000647527980618, 0.000863646971993, 0.000828819407616, 0.00102291477378, 0.000770754762925, 0.000750885752495]
        var: [0.0199036225677, 0.0137814572081, 0.0143954334781, 0.0363769493997, 0.0301776379347, 0.0237549617887, 0.0185926891863, 0.0263446066529, 0.0275528263301, 0.0461446531117, 0.0544225424528, 0.0384201034904, 0.0304771140218, 0.0283475518227, 0.0203115176409, 0.0217093713582, 0.0259176827967, 0.0198585558683, 0.0218625161797, 0.025858450681, 0.0230952706188, 0.0239894241095, 0.0150506086648, 0.0431314706802, 0.127824887633, 0.0958738252521, 0.0568029135466, 0.120226889849, 0.0946998149157, 0.0253213960677, 0.0284541603178, 0.019989149645, 0.0241701826453, 0.040543332696, 0.0247039534152, 0.0131989698857]
    chords_histogram: [57.8703689575, 2.77777767181, 0, 29.1666660309, 0, 0, 0, 0, 0, 0, 8.79629611969, 0, 0, 0, 0, 0, 0, 0, 0, 0, 0, 0, 0, 1.38888883591]
    thpcp: [1, 0.746917903423, 0.243594333529, 0.185030430555, 0.140533000231, 0.171648859978, 0.238020345569, 0.173613503575, 0.120767965913, 0.142742678523, 0.130148693919, 0.159149080515, 0.248882472515, 0.210069894791, 0.122461818159, 0.111849315464, 0.127256572247, 0.214542597532, 0.365435898304, 0.329740434885, 0.201758414507, 0.233821511269, 0.217842549086, 0.152456745505, 0.141092583537, 0.131577044725, 0.129159539938, 0.139966875315, 0.137055635452, 0.145876735449, 0.149441421032, 0.124164372683, 0.355195343494, 0.790230512619, 0.66408354044, 0.569331526756]
    chords_key: "F#"
    chords_scale: "major"
    key_key: "F#"
    key_scale: "major"
    chords_progression: ["Fm", "Fm", "Fm", "Fm", "Fm", "Fm", "Fm", "Fm", "Fm", "Fm", "Fm", "Fm", "Fm", "Fm", "Fm", "Fm", "Fm", "Fm", "Fm", "Fm", "Fm", "Fm", "Fm", "Fm", "Fm", "Fm", "Fm", "Fm", "Fm", "Fm", "Fm", "Fm", "Fm", "Fm", "Fm", "Fm", "Fm", "Fm", "Fm", "Fm", "Fm", "Fm", "Fm", "Fm", "Fm", "Fm", "Fm", "Fm", "Fm", "Fm", "Fm", "Fm", "Fm", "F#", "F#", "F#", "F#", "F#", "F#", "F#", "F#", "F#", "F#", "F#", "F#", "F#", "F#", "F#", "F#", "F#", "F#", "F#", "F#", "F#", "F#", "F#", "F#", "F#", "F#", "F#", "F#", "F#", "F#", "F#", "F#", "F#", "F#", "F#", "F#", "F#", "F#", "F#", "F#", "F#", "F#", "F#", "F#", "F#", "F#", "F#", "F#", "F#", "F#", "F#", "F#", "F#", "F#", "F#", "F#", "F#", "F#", "F#", "F#", "F#", "F#", "F#", "F#", "F#", "F#", "F#", "F#", "A#m", "A#m", "A#m", "F", "F", "F", "F", "F", "F", "F", "F", "A#m", "F", "F", "F", "F", "F", "A#m", "F", "A#m", "F", "F", "F", "F", "Fm", "Fm", "F", "Fm", "Fm", "Fm", "Fm", "Fm", "Fm", "Fm", "Fm", "F#", "F#", "F#", "F#", "F#", "F#", "F#", "F#", "F#", "F#", "F#", "F#", "F#", "F#", "F#", "F#", "F#", "F#", "F#", "F#", "F#", "F#", "F#", "F#", "F#", "F#", "F#", "F#", "F#", "F#", "F#", "F#", "F#", "F#", "F#", "F#", "F#", "F#", "F#", "F#", "F#", "F#", "F#", "F#", "F#", "F#", "F#", "F#", "F#", "F#", "F#", "F#", "F#", "F#", "F#", "F#", "F#", "D#m", "D#m", "D#m"]
