
metadata:
    version:
        essentia: "1.2.2"
    audio_properties:
        analysis_sample_rate: 44100
        bitrate: 128
        channels: 2
        equal_loudness: 1
        length: 9.95265293121
        replay_gain: -12.3511333466
        downmix: "mix"
    tags:
        track: 14
        year: 0
        album: "Splitted by Mp3Splt v. 2.1"
        artist: "From 002.10 To 002.20"
        comment: "http://mp3splt.sf.net"
        genre: ""
        title: "11 One More Chance.mp3"

highlevel:
    ballroom:
        all:
            ChaChaCha: 0.00738792633638
            Jive: 0.00986052304506
            Quickstep: 0.0627109780908
            Rumba-American: 0.0325380116701
            Rumba-International: 0.161764085293
            Rumba-Misc: 0.129561692476
            Samba: 0.0108077181503
            Tango: 0.0339733473957
            VienneseWaltz: 0.395554572344
            Waltz: 0.15584115684
        probability: 0.395554572344
        value: "VienneseWaltz"
    culture:
        all:
            non_western: 0.0200244858861
            western: 0.979975521564
        probability: 0.979975521564
        value: "western"
    gender:
        all:
            female: 0.963045418262
            male: 0.0369545593858
        probability: 0.963045418262
        value: "female"
    genre_dortmund:
        all:
            alternative: 0.0472090765834
            blues: 0.0516863763332
            electronic: 0.0134116001427
            folkcountry: 0.326710909605
            funksoulrnb: 0.0305463839322
            jazz: 0.363927870989
            pop: 0.119210809469
            raphiphop: 0.00209940969944
            rock: 0.0451975688338
        probability: 0.363927870989
        value: "jazz"
    genre_electronica:
        all:
            ambient: 0.928662657738
            dnb: 0.0251973401755
            house: 0.00602802401409
            techno: 0.0020381489303
            trance: 0.0380738079548
        probability: 0.928662657738
        value: "ambient"
    genre_rosamerica:
        all:
            cla: 0.0483752116561
            dan: 0.00939782429487
            hip: 0.00350107578561
            jaz: 0.125749856234
            pop: 0.171453908086
            rhy: 0.608238220215
            roc: 0.0274085421115
            spe: 0.00587538350374
        probability: 0.608238220215
        value: "rhy"
    genre_tzanetakis:
        all:
            blu: 0.0115406764671
            cla: 0.0320046953857
            cou: 0.326050639153
            dis: 0.0213840361685
            hip: 0.00308689638041
            jaz: 0.279097080231
            met: 0.00447071250528
            pop: 0.192717283964
            reg: 0.0147398076952
            roc: 0.11490816623
        probability: 0.326050639153
        value: "cou"
    live_studio:
        all:
            live: 0.0614742673934
            studio: 0.938525736332
        probability: 0.938525736332
        value: "studio"
    mood:
        all:
            Cluster1: 0.060220580548
            Cluster2: 0.330892086029
            Cluster3: 0.390406131744
            Cluster4: 0.131970599294
            Cluster5: 0.0865105912089
        probability: 0.390406131744
        value: "Cluster3"
    mood_acoustic:
        all:
            acoustic: 0.828936159611
            not_acoustic: 0.171063840389
        probability: 0.828936159611
        value: "acoustic"
    mood_aggressive:
        all:
            aggressive: 1.07230498543e-05
            not_aggressive: 0.999989271164
        probability: 0.999989271164
        value: "not_aggressive"
    mood_electronic:
        all:
            electronic: 0.0638709068298
            not_electronic: 0.93612909317
        probability: 0.93612909317
        value: "not_electronic"
    mood_happy:
        all:
            happy: 0.454960644245
            not_happy: 0.545039355755
        probability: 0.545039355755
        value: "not_happy"
    mood_party:
        all:
            not_party: 0.977705001831
            party: 0.0222949814051
        probability: 0.977705001831
        value: "not_party"
    mood_relaxed:
        all:
            not_relaxed: 0.034038644284
            relaxed: 0.96596133709
        probability: 0.96596133709
        value: "relaxed"
    mood_sad:
        all:
            not_sad: 0.144250288606
            sad: 0.855749726295
        probability: 0.855749726295
        value: "sad"
    rhythm:
        all:
            fast: 0.135431140661
            medium: 0.841681659222
            slow: 0.0228871665895
        probability: 0.841681659222
        value: "medium"
    speech_music:
        all:
            music: 0.996128261089
            speech: 0.00387174868956
        probability: 0.996128261089
        value: "music"
    timbre:
        all:
            bright: 0.868800580502
            dark: 0.131199404597
        probability: 0.868800580502
        value: "bright"
    voice_instrumental:
        all:
            instrumental: 0.240552276373
            voice: 0.759447693825
        probability: 0.759447693825
        value: "voice"

lowlevel:
    average_loudness: 0.97238701582
    barkbands_kurtosis:
        dmean: 1.69509077072
        dmean2: 2.37229681015
        dvar: 10.3593673706
        dvar2: 22.449886322
        max: 42.466583252
        mean: 3.7486307621
        min: -1.81255614758
        var: 55.2483978271
    barkbands_skewness:
        dmean: 0.321187376976
        dmean2: 0.454339116812
        dvar: 0.177813023329
        dvar2: 0.354673087597
        max: 5.47111701965
        mean: 1.4379118681
        min: -1.48064434528
        var: 1.57242941856
    barkbands_spread:
        dmean: 3.28097081184
        dmean2: 4.69152927399
        dvar: 15.2893476486
        dvar2: 34.4849967957
        max: 40.8529853821
        mean: 18.242641449
        min: 2.21863722801
        var: 64.7604827881
    dissonance:
        dmean: 0.0316309705377
        dmean2: 0.0512914694846
        dvar: 0.000874730874784
        dvar2: 0.00211105472408
        max: 0.491382330656
        mean: 0.399938344955
        min: 0.179600343108
        var: 0.0015924051404
    hfc:
        dmean: 1.07823085785
        dmean2: 1.45953392982
        dvar: 2.84428739548
        dvar2: 4.69502878189
        max: 22.1398029327
        mean: 5.86685800552
        min: 0.139025345445
        var: 14.8450746536
    pitch:
        dmean: 124.409324646
        dmean2: 243.723724365
        dvar: 356739.4375
        dvar2: 1046351.125
        max: 4900
        mean: 363.717590332
        min: 66.1169433594
        var: 239204.046875
    pitch_instantaneous_confidence:
        dmean: 0.0572110749781
        dmean2: 0.0861149951816
        dvar: 0.00612356048077
        dvar2: 0.0126044852659
        max: 0.964445412159
        mean: 0.740180671215
        min: 0.23219448328
        var: 0.0341406464577
    pitch_salience:
        dmean: 0.0487815104425
        dmean2: 0.0731019303203
        dvar: 0.00195094279479
        dvar2: 0.00449955277145
        max: 0.767443537712
        mean: 0.532734930515
        min: 0.229944944382
        var: 0.00829878915101
    silence_rate_20dB:
        dmean: 0
        dmean2: 0
        dvar: 0
        dvar2: 0
        max: 1
        mean: 1
        min: 1
        var: 0
    silence_rate_30dB:
        dmean: 0
        dmean2: 0
        dvar: 0
        dvar2: 0
        max: 1
        mean: 1
        min: 1
        var: 0
    silence_rate_60dB:
        dmean: 0.0466200448573
        dmean2: 0.0934579446912
        dvar: 0.0444467328489
        dvar2: 0.0940694957972
        max: 1
        mean: 0.209302321076
        min: 0
        var: 0.165495082736
    spectral_centroid:
        dmean: 130.604003906
        dmean2: 184.698638916
        dvar: 32744.90625
        dvar2: 53147.2695312
        max: 3413.62280273
        mean: 1015.25079346
        min: 262.804443359
        var: 222529.609375
    spectral_complexity:
        dmean: 1.23598134518
        dmean2: 1.94379389286
        dvar: 1.69431138039
        dvar2: 2.81651592255
        max: 15
        mean: 9.00466156006
        min: 0
        var: 11.3379812241
    spectral_crest:
        dmean: 1.91346740723
        dmean2: 2.90379810333
        dvar: 3.5140349865
        dvar2: 8.16532993317
        max: 22.616065979
        mean: 11.798740387
        min: 4.48446798325
        var: 12.0855474472
    spectral_decrease:
        dmean: 2.45049480707e-10
        dmean2: 3.47816303536e-10
        dvar: 8.88342023928e-20
        dvar2: 1.86161520499e-19
        max: -1.93263582221e-11
        mean: -1.31114741286e-09
        min: -3.44086337201e-09
        var: 3.68233977037e-19
    spectral_energy:
        dmean: 0.00100739439949
        dmean2: 0.00142465415411
        dvar: 1.51208166699e-06
        dvar2: 3.05556886815e-06
        max: 0.0138138122857
        mean: 0.00548071414232
        min: 8.55520338519e-05
        var: 6.47235583529e-06
    spectral_energyband_high:
        dmean: 6.68520806357e-05
        dmean2: 9.98336472549e-05
        dvar: 1.68007900925e-08
        dvar2: 3.71285722167e-08
        max: 0.00137036282104
        mean: 0.000182999065146
        min: 1.15512796128e-06
        var: 3.44728370294e-08
    spectral_energyband_low:
        dmean: 1.78910049726e-05
        dmean2: 2.72394390777e-05
        dvar: 1.47098155878e-09
        dvar2: 3.92171095598e-09
        max: 0.000624411157332
        mean: 8.72680539032e-05
        min: 1.53701492422e-07
        var: 6.49953113552e-09
    spectral_energyband_middle_high:
        dmean: 0.00040602896479
        dmean2: 0.000525979732629
        dvar: 6.45762668228e-07
        dvar2: 1.03461741219e-06
        max: 0.0109067186713
        mean: 0.00184390903451
        min: 2.67875584541e-05
        var: 3.5651289636e-06
    spectral_energyband_middle_low:
        dmean: 0.00078921491513
        dmean2: 0.00117809337098
        dvar: 9.90563989944e-07
        dvar2: 2.29075817515e-06
        max: 0.0119628813118
        mean: 0.00336653948762
        min: 1.48293183884e-05
        var: 4.8488432185e-06
    spectral_flatness_db:
        dmean: 0.0145283350721
        dmean2: 0.0205498319119
        dvar: 0.000282535824226
        dvar2: 0.000559165957384
        max: 0.385257095098
        mean: 0.21904283762
        min: 0.0837392359972
        var: 0.00122815091163
    spectral_flux:
        dmean: 0.0101259415969
        dmean2: 0.0164943002164
        dvar: 0.000103646001662
        dvar2: 0.000261002947809
        max: 0.0940903201699
        mean: 0.0290663577616
        min: 0.00418616691604
        var: 0.000219973211642
    spectral_kurtosis:
        dmean: 1.72798490524
        dmean2: 2.75494027138
        dvar: 3.35286808014
        dvar2: 7.42904090881
        max: 29.3442192078
        mean: 6.4855761528
        min: -0.89204287529
        var: 17.1387577057
    spectral_rms:
        dmean: 0.000216912012547
        dmean2: 0.000297829450574
        dvar: 6.99598601273e-08
        dvar2: 1.17984534143e-07
        max: 0.00367108825594
        mean: 0.00223150476813
        min: 0.000288903800538
        var: 3.67424831893e-07
    spectral_rolloff:
        dmean: 447.668731689
        dmean2: 758.250671387
        dvar: 515654.625
        dvar2: 1128083.375
        max: 4909.5703125
        mean: 1831.57751465
        min: 279.931640625
        var: 1382033.5
    spectral_skewness:
        dmean: 0.207773730159
        dmean2: 0.324396133423
        dvar: 0.047289442271
        dvar2: 0.0896167904139
        max: 4.16763973236
        mean: 1.98158562183
        min: 0.601386070251
        var: 0.302781283855
    spectral_spread:
        dmean: 385064.3125
        dmean2: 524948.9375
        dvar: 419885252608
        dvar2: 517421760512
        max: 15362395
        mean: 4214741
        min: 1692473.875
        var: 1.99577580339e+12
    spectral_strongpeak:
        dmean: 0.340486288071
        dmean2: 0.521640777588
        dvar: 0.3454888165
        dvar2: 0.782395660877
        max: 9.0570230484
        mean: 1.17669963837
        min: 0.0296359881759
        var: 1.21357810497
    zerocrossingrate:
        dmean: 0.00666366983205
        dmean2: 0.00725789461285
        dvar: 5.52962374059e-05
        dvar2: 4.81427123304e-05
        max: 0.1708984375
        mean: 0.0576206035912
        min: 0.01171875
        var: 0.00057717267191
    barkbands:
        dmean: [4.03659470294e-08, 4.86665976496e-06, 1.55833804456e-05, 8.44231908559e-05, 0.000345936161466, 0.000245758477831, 8.75600599102e-05, 9.12482209969e-05, 0.000287528237095, 0.000131205611979, 7.9992278188e-05, 8.41824803501e-05, 0.000102916405012, 3.29267786583e-05, 3.88254702557e-05, 5.13001505169e-05, 1.56972182594e-05, 2.03797371796e-05, 7.92434730101e-05, 0.000119740725495, 1.56336500368e-05, 1.52211657678e-06, 6.76964873492e-07, 8.79031176737e-07, 3.8547923964e-07, 2.72775366739e-08, 3.05645342369e-10]
        dmean2: [6.21146654112e-08, 7.50848403186e-06, 2.41039833782e-05, 0.00014378078049, 0.000555346254259, 0.000334610696882, 0.000126622064272, 0.000142448829138, 0.000402833044063, 0.000168324506376, 0.000105694191006, 0.000119241231005, 0.00013991499145, 3.80481651518e-05, 4.93782172271e-05, 7.57585148676e-05, 2.15085947275e-05, 3.01381533063e-05, 0.000113714530016, 0.00016995932674, 2.38513803197e-05, 2.2358390197e-06, 1.05429217001e-06, 1.33316109441e-06, 5.9007101072e-07, 4.29704165583e-08, 4.76762074264e-10]
        dvar: [3.84939840352e-15, 6.93311727473e-11, 1.10347919691e-09, 2.81564194182e-08, 4.1792404204e-07, 1.93187744912e-07, 4.27011173088e-08, 3.06901910108e-07, 1.94772098894e-07, 1.17434026947e-07, 4.86868110272e-08, 1.92423968315e-07, 1.588844043e-07, 1.08176063662e-08, 7.01333568998e-09, 9.39354816154e-09, 1.83292092615e-09, 6.23398088706e-09, 1.94724432134e-08, 5.27703925002e-08, 1.02837871552e-09, 1.760465905e-11, 1.73320440031e-12, 3.18177320428e-12, 1.94325436818e-12, 2.11946345891e-14, 1.36271926141e-18]
        dvar2: [9.29052926306e-15, 1.78260461947e-10, 2.86492385371e-09, 8.55937187794e-08, 1.13775513455e-06, 3.17486978929e-07, 9.21410006072e-08, 6.09376741068e-07, 3.73275014454e-07, 1.88482559338e-07, 6.05113683605e-08, 3.3964369095e-07, 2.64813735384e-07, 1.28426105306e-08, 1.1023860047e-08, 2.1208633072e-08, 2.79471357167e-09, 1.19299388146e-08, 3.64822767551e-08, 9.91044331045e-08, 2.33563235419e-09, 3.48143285034e-11, 3.94354254113e-12, 5.96885691914e-12, 4.32012672164e-12, 5.28006017543e-14, 1.47060294863e-18]
        max: [9.57962356551e-07, 0.000159777773661, 0.000533016456757, 0.0019208638696, 0.00781249813735, 0.00738356309012, 0.00313487905078, 0.0106845758855, 0.00557504594326, 0.00556188542396, 0.00340415420942, 0.00750960456207, 0.00630756653845, 0.0021081934683, 0.00260619237088, 0.00127871299628, 0.000710761873052, 0.00145121547394, 0.0019240063848, 0.00393116986379, 0.000442916061729, 6.92018802511e-05, 1.42642293213e-05, 2.56484509009e-05, 2.518718793e-05, 1.96562177734e-06, 2.50983767103e-08]
        mean: [2.64259597316e-07, 1.9434854039e-05, 6.75730843795e-05, 0.000197378030862, 0.000889043498319, 0.000755623797886, 0.000226147458307, 0.000137978015118, 0.0011058433447, 0.000354676216375, 0.000244441005634, 0.000143706565723, 0.000273742974969, 6.468911306e-05, 0.000140287185786, 0.000154875277076, 3.16984442179e-05, 3.3740147046e-05, 0.000207438541111, 0.000382359547075, 4.29103201895e-05, 2.51923870564e-06, 1.51917322455e-06, 2.21674531531e-06, 5.8377906953e-07, 2.82884826674e-08, 2.97550789563e-10]
        min: [2.74839928593e-10, 1.01732187119e-08, 4.08428135756e-08, 1.57161309744e-07, 1.12865143365e-06, 2.62445064436e-06, 7.21327637621e-07, 3.87931464729e-07, 5.00754822497e-07, 4.84850488647e-07, 3.39769705704e-08, 8.37043046431e-07, 6.08662631407e-08, 1.27687002305e-07, 1.64224033483e-07, 1.36247436444e-07, 4.37152074539e-08, 4.08983282796e-07, 3.47791996091e-07, 1.74423541921e-06, 1.83481944305e-07, 1.03183905864e-08, 3.7284784149e-09, 2.10774264708e-09, 1.41655909225e-09, 7.64579302648e-11, 1.53498253604e-13]
        var: [5.71803821198e-14, 5.15698761472e-10, 4.99044361391e-09, 4.23107522352e-08, 1.13560020054e-06, 8.05251659131e-07, 1.55188445206e-07, 4.92079095693e-07, 2.00316799237e-06, 5.62594891562e-07, 2.54534427313e-07, 3.97433069566e-07, 5.21296954048e-07, 4.77736037396e-08, 1.73307952878e-07, 6.21374098841e-08, 6.21774054466e-09, 1.00460226804e-08, 6.21483167151e-08, 2.11787082094e-07, 2.8512372463e-09, 2.59108845491e-11, 3.43105773827e-12, 8.21323304506e-12, 2.70675452538e-12, 2.0253384473e-14, 1.73145187326e-18]
    mfcc:
        mean: [-754.201293945, 141.541564941, -32.8275680542, 39.2828102112, -25.922246933, -19.4809150696, 13.5470609665, -23.9368495941, -9.44536781311, 7.09426212311, -29.6652698517, -8.1335811615, -5.11681318283]
        cov: [[2215.53613281, -628.238525391, -276.510772705, -91.3082809448, -174.084442139, 59.4030380249, 200.979614258, -59.0907821655, 50.9486236572, 297.122375488, -180.997039795, -32.1670761108, 24.1541347504], [-628.238525391, 733.017578125, 123.294952393, 82.3044128418, 61.6454582214, 71.0958480835, -17.0733470917, -32.320186615, 10.9201755524, -62.8132133484, 71.9330749512, -35.4612236023, -36.5754241943], [-276.510772705, 123.294952393, 512.277099609, 58.1068649292, 73.9738922119, 41.4078025818, -130.163299561, 57.0522613525, 65.0133590698, -62.7909240723, -41.8468704224, 47.9681892395, -19.3893222809], [-91.3082809448, 82.3044128418, 58.1068649292, 134.326049805, 62.655872345, -36.8737983704, -45.8306884766, 9.09121417999, 20.4059638977, -23.0577297211, -21.7200088501, 26.8581466675, 0.747156202793], [-174.084442139, 61.6454582214, 73.9738922119, 62.655872345, 204.513671875, -57.1942253113, -104.898452759, 5.50116443634, 43.3430900574, -54.8949241638, -41.6425361633, 17.2129383087, -10.2583456039], [59.4030380249, 71.0958480835, 41.4078025818, -36.8737983704, -57.1942253113, 256.31036377, 108.952667236, -52.8623924255, 0.459596216679, 30.2757663727, 88.5685272217, -37.5045623779, 15.6817359924], [200.979614258, -17.0733470917, -130.163299561, -45.8306884766, -104.898452759, 108.952667236, 289.453186035, -26.0803089142, -75.4112472534, 44.3192481995, 100.298538208, -1.60213148594, 84.4902420044], [-59.0907821655, -32.320186615, 57.0522613525, 9.09121417999, 5.50116443634, -52.8623924255, -26.0803089142, 113.132019043, -3.43364930153, -65.9573440552, -14.5408887863, 9.58142566681, 20.6051502228], [50.9486236572, 10.9201755524, 65.0133590698, 20.4059638977, 43.3430900574, 0.459596216679, -75.4112472534, -3.43364930153, 196.610671997, 13.7170658112, -44.0177230835, -4.95083808899, -21.9062957764], [297.122375488, -62.8132133484, -62.7909240723, -23.0577297211, -54.8949241638, 30.2757663727, 44.3192481995, -65.9573440552, 13.7170658112, 184.031936646, -43.6353683472, 13.6942949295, -15.520693779], [-180.997039795, 71.9330749512, -41.8468704224, -21.7200088501, -41.6425361633, 88.5685272217, 100.298538208, -14.5408887863, -44.0177230835, -43.6353683472, 214.088638306, -10.9787607193, 0.646514952183], [-32.1670761108, -35.4612236023, 47.9681892395, 26.8581466675, 17.2129383087, -37.5045623779, -1.60213148594, 9.58142566681, -4.95083808899, 13.6942949295, -10.9787607193, 92.3674621582, 16.493970871], [24.1541347504, -36.5754241943, -19.3893222809, 0.747156202793, -10.2583456039, 15.6817359924, 84.4902420044, 20.6051502228, -21.9062957764, -15.520693779, 0.646514952183, 16.493970871, 152.329940796]]
        icov: [[0.000937211618293, 0.000700880191289, 0.000158446680871, -0.000344574742485, 0.000129073800053, -0.000275602884358, -0.000809941499028, -0.000195039596292, -0.000336884637363, -0.000845403817948, 0.00084785069339, 0.000629535526969, 0.000347871420672], [0.000700880191289, 0.00231043342501, -0.000355752767064, -0.00141715444624, -0.000169478546013, -0.000348111847416, -0.000833804020658, 0.000620101287495, -0.000164694152772, -0.000225443625823, 0.000140653166454, 0.00147326430306, 0.000601527281106], [0.000158446680871, -0.000355752767064, 0.00334519543685, -0.000303737848299, -0.000119397118397, -0.00226405332796, 0.00135212100577, -0.00185167859308, -0.00043761843699, 0.000532805686817, 0.000922439736314, -0.0024574433919, 0.000295812875265], [-0.000344574742485, -0.00141715444624, -0.000303737848299, 0.0102582490072, -0.00189620535821, 0.000868849514518, 0.00058859679848, 0.00010037656466, -0.000314304517815, 0.000640648475382, 9.45148567553e-05, -0.00277459039353, -0.000611691270024], [0.000129073800053, -0.000169478546013, -0.000119397118397, -0.00189620535821, 0.00760668469593, 0.000555702892598, 0.00156015180983, 0.00208633858711, -0.000887509202585, 0.0022986268159, 0.000848408555612, -0.000977157731541, -0.000550784985535], [-0.000275602884358, -0.000348111847416, -0.00226405332796, 0.000868849514518, 0.000555702892598, 0.00763857131824, -0.00204616016708, 0.00303536257707, -0.000639006320853, -0.000700066448189, -0.00246130139567, 0.00327241304331, -0.000864042900503], [-0.000809941499028, -0.000833804020658, 0.00135212100577, 0.00058859679848, 0.00156015180983, -0.00204616016708, 0.00874021276832, -0.000388122425647, 0.0016570041189, -0.000918341102079, -0.00297909113578, -0.00181500532199, -0.00402824068442], [-0.000195039596292, 0.000620101287495, -0.00185167859308, 0.00010037656466, 0.00208633858711, 0.00303536257707, -0.000388122425647, 0.014560601674, -0.000132440618472, 0.00539154419675, 0.000669944740366, -3.85941020795e-05, -0.00145100732334], [-0.000336884637363, -0.000164694152772, -0.00043761843699, -0.000314304517815, -0.000887509202585, -0.000639006320853, 0.0016570041189, -0.000132440618472, 0.00626691011712, -0.000806054275017, 0.000114443319035, 0.000587746500969, -0.000180438990355], [-0.000845403817948, -0.000225443625823, 0.000532805686817, 0.000640648475382, 0.0022986268159, -0.000700066448189, -0.000918341102079, 0.00539154419675, -0.000806054275017, 0.011112020351, 0.00296547263861, -0.00374870654196, 0.00156111444812], [0.00084785069339, 0.000140653166454, 0.000922439736314, 9.45148567553e-05, 0.000848408555612, -0.00246130139567, -0.00297909113578, 0.000669944740366, 0.000114443319035, 0.00296547263861, 0.00871195737273, -0.001245539519, 0.00230503245257], [0.000629535526969, 0.00147326430306, -0.0024574433919, -0.00277459039353, -0.000977157731541, 0.00327241304331, -0.00181500532199, -3.85941020795e-05, 0.000587746500969, -0.00374870654196, -0.001245539519, 0.0158751290292, -0.00144710368477], [0.000347871420672, 0.000601527281106, 0.000295812875265, -0.000611691270024, -0.000550784985535, -0.000864042900503, -0.00402824068442, -0.00145100732334, -0.000180438990355, 0.00156111444812, 0.00230503245257, -0.00144710368477, 0.00945704523474]]
    spectral_contrast:
        mean: [1.13825421977e-07, 2.95591799926e-08, 4.3140424566e-08, -2.65403059529e-07, 1.64642202094e-08, -4.68222971506e-08, -8.1695880283e-08, 3.12002180181e-06, 7.88893203207e-07, -6.17720843366e-07, 2.9290333714e-06, -2.49144636655e-06]
        var: [0.000517660810146, 0.000799472851213, 0.00231703743339, 0.00377302477136, 0.00520534440875, 0.0127837033942, 0.0403794720769, 0.0852613002062, 0.111651100218, 0.241061583161, 0.449568927288, 0.702692091465]

rhythm:
    beats_loudness:
        dmean: 0.00161368842237
        dmean2: 0.00223369058222
        dvar: 8.8582544322e-07
        dvar2: 2.35866468756e-06
        max: 0.00838539749384
        mean: 0.00587120093405
        min: 0.00237945606932
        var: 2.66420579464e-06
    beats_loudness_bass:
        dmean: 0.0182574912906
        dmean2: 0.025859169662
        dvar: 0.000196435459657
        dvar2: 0.000192116232938
        max: 0.0753694102168
        mean: 0.029347397387
        min: 0.000406412727898
        var: 0.000457167945569
    bpm: 78.0600967407
    bpm_confidence: 0
    first_peak_bpm: 117
    first_peak_spread: 0
    first_peak_weight: 0.6875
    onset_rate: 3.31569862366
    second_peak_bpm: 78
    second_peak_spread: 0
    second_peak_weight: 0.25
    beats_position: [0.0701363161206, 0.581601142883, 1.0930659771, 1.60453081131, 2.11599564552, 2.62746071815, 3.13892531395, 3.65038990974, 4.16185474396, 4.67331933975, 5.18478393555, 5.69624900818, 6.10711431503, 6.87576007843, 7.64440584183, 8.41305160522, 9.18169593811]
    bpm_estimates: [77.7636108398, 78.0784301758, 78.3382415771]
    bpm_intervals: [0.511464834213, 0.511464834213, 0.511464834213, 0.511464834213, 0.511465072632, 0.511464595795, 0.511464595795, 0.511464834213, 0.511464595795, 0.511464595795, 0.511465072632, 0.410865306854, 0.768645763397, 0.768645763397, 0.768645763397, 0.768644332886]
    onset_times: [0.0348299331963, 0.661768734455, 1.24226760864, 1.31192743778, 1.67183673382, 1.84598636627, 2.00852608681, 2.24072551727, 2.32199549675, 3.00698423386, 3.25079369545, 3.47138333321, 3.94739222527, 4.09832191467, 4.17959165573, 4.29569149017, 4.5046710968, 4.69043064117, 5.38702964783, 5.85142850876, 6.09523820877, 6.59446716309, 6.73378705978, 7.00081634521, 7.34911584854, 7.9644446373, 8.67265319824, 8.80036258698, 9.25315189362, 9.4040813446, 9.65950107574, 9.83365058899, 9.90331077576]
    rubato_start: [6.87576007843]
    rubato_stop: [9.18169593811]
    perceptual_tempo: "unknown"

sfx:
    inharmonicity:
        dmean: 0.0378994904459
        dmean2: 0.0680921524763
        dvar: 0.00310866022483
        dvar2: 0.0084685375914
        max: 0.340920060873
        mean: 0.0326145626605
        min: 0
        var: 0.00309233693406
    oddtoevenharmonicenergyratio:
        dmean: 5.38994598389
        dmean2: 10.2504768372
        dvar: 391.242370605
        dvar2: 1155.09057617
        max: 225.878616333
        mean: 4.01665353775
        min: 0
        var: 211.253707886
    pitch_after_max_to_before_max_energy_ratio: 2.84970831871
    pitch_centroid: 244.376602173
    pitch_max_to_total: 0.664335668087
    pitch_min_to_total: 0.195804193616
    tristimulus:
        dmean: [0.215616330504, 0.221763879061, 0.0622578524053]
        dmean2: [0.384333848953, 0.396221250296, 0.112659417093]
        dvar: [0.0597417727113, 0.0597834773362, 0.0122472541407]
        dvar2: [0.157395929098, 0.153014346957, 0.0337313897908]
        max: [1, 0.982584238052, 0.718619585037]
        mean: [0.404550552368, 0.521319568157, 0.0612921491265]
        min: [0.00361406407319, 0, 0]
        var: [0.0890127047896, 0.0871985405684, 0.0114661986008]

tonal:
    chords_changes_rate: 0.0601851865649
    chords_number_rate: 0.0416666679084
    chords_strength:
        dmean: 0.00868277624249
        dmean2: 0.00616976153105
        dvar: 4.59165967186e-05
        dvar2: 4.08135674661e-05
        max: 0.690484881401
        mean: 0.526681303978
        min: 0.321351528168
        var: 0.0102842925116
    key_strength: 0.753359079361
    tuning_diatonic_strength: 0.620765209198
    tuning_equal_tempered_deviation: 0.0792529061437
    tuning_frequency: 440.254241943
    tuning_nontempered_energy_ratio: 0.695278346539
    hpcp:
        dmean: [0.103627748787, 0.0871871262789, 0.0566159412265, 0.0517032295465, 0.0342729985714, 0.0412724465132, 0.0459286235273, 0.0595232360065, 0.0735283046961, 0.0829373300076, 0.0620781220496, 0.0221138689667, 0.0122240418568, 0.018650226295, 0.0472809150815, 0.0527436584234, 0.0511605478823, 0.0252945702523, 0.0209382250905, 0.029259333387, 0.064032562077, 0.0517638847232, 0.143659800291, 0.158000737429, 0.128312423825, 0.136501669884, 0.0281441286206, 0.0190610028803, 0.0400424562395, 0.0558162108064, 0.0506439357996, 0.0543751567602, 0.0590572543442, 0.0485443994403, 0.0710727497935, 0.101769000292]
        dmean2: [0.17088355124, 0.148635566235, 0.0953696668148, 0.0819804295897, 0.0584543123841, 0.0644589141011, 0.0663043782115, 0.10248696804, 0.122032344341, 0.131199166179, 0.0996356233954, 0.0373080186546, 0.019807703793, 0.0334688350558, 0.0766975730658, 0.0851982086897, 0.0870636478066, 0.0462862439454, 0.0399268195033, 0.0521863363683, 0.103405505419, 0.0838645473123, 0.238567009568, 0.278209120035, 0.225309953094, 0.244727626443, 0.0505758151412, 0.0340833328664, 0.0737106725574, 0.0891978666186, 0.0785353109241, 0.0933913439512, 0.108673930168, 0.0778651386499, 0.121992826462, 0.178316220641]
        dvar: [0.0359142646194, 0.0220090691, 0.0183575432748, 0.0143009182066, 0.00503650121391, 0.00602842215449, 0.0109341684729, 0.0163959022611, 0.0138568757102, 0.0140146333724, 0.010019284673, 0.00521996431053, 0.00125403469428, 0.00351216131821, 0.0153964571655, 0.0173310954124, 0.0169472619891, 0.00888868886977, 0.00803977251053, 0.00835142843425, 0.020798696205, 0.0153450975195, 0.0286847986281, 0.0409520938993, 0.0383572950959, 0.0395986661315, 0.00503434985876, 0.00588166015223, 0.0218517445028, 0.0192708540708, 0.0140557065606, 0.017162553966, 0.0273461341858, 0.0127886515111, 0.0254754759371, 0.0355822592974]
        dvar2: [0.0846470892429, 0.0594285093248, 0.041899047792, 0.0271012019366, 0.0117465713993, 0.0131298042834, 0.0208731628954, 0.0415080413222, 0.0357610434294, 0.0297793932259, 0.0247498452663, 0.0141512323171, 0.00306976167485, 0.00918690487742, 0.0361296609044, 0.0368025116622, 0.0411347895861, 0.0238122846931, 0.0238158777356, 0.0223799590021, 0.0469209589064, 0.029960827902, 0.0767700970173, 0.0942932367325, 0.0958290919662, 0.0913562253118, 0.0132540939376, 0.0170644372702, 0.0621898025274, 0.055343054235, 0.0237030796707, 0.0470946878195, 0.0766639634967, 0.0265921223909, 0.067125916481, 0.0902561470866]
        max: [1, 1, 1, 1, 0.738213062286, 0.726318478584, 1, 1, 1, 1, 1, 0.707282066345, 0.321584522724, 0.478830724955, 1, 1, 1, 0.79075884819, 0.891593873501, 0.847540974617, 1, 1, 1, 1, 1, 1, 0.503318428993, 0.649642944336, 1, 1, 1, 1, 1, 1, 1, 1]
        mean: [0.277400404215, 0.146067455411, 0.089083969593, 0.097911439836, 0.059530954808, 0.0574520789087, 0.0774248987436, 0.0675218552351, 0.150180026889, 0.211783781648, 0.108041629195, 0.0258179791272, 0.0138446073979, 0.016959162429, 0.0677436441183, 0.110404871404, 0.0762308239937, 0.0317120142281, 0.0161085445434, 0.0232158061117, 0.0993089824915, 0.166480332613, 0.173661604524, 0.398879379034, 0.471467912197, 0.177174165845, 0.0198276545852, 0.015015409328, 0.0335745066404, 0.0875428840518, 0.114660061896, 0.0778266340494, 0.0829546749592, 0.0970977693796, 0.079025901854, 0.201207950711]
        min: [0.00103037175722, 0.000475390028441, 0.000189454629435, 0.000218279717956, 0.000416333583416, 0.00109478191007, 0.00037944939686, 0.000393878988689, 0.000631535542198, 0.000538678606972, 0.000737559981644, 0.00046429754002, 0.000298790662782, 0.000246032665018, 0.000166669589817, 0.000203900097404, 0.000416261755163, 0.000137403345434, 5.07853728777e-05, 4.53616594314e-05, 6.17443583906e-05, 4.26662591053e-05, 0.000205884338357, 0.0010454977164, 8.80598527147e-05, 0.000113335016067, 6.91871828167e-05, 1.26801151055e-05, 0.000108653424832, 0.000111086403194, 0.000125887308968, 0.000407055194955, 0.000148629755131, 6.23876403552e-05, 0.000153252738528, 0.000292479206109]
        var: [0.133298799396, 0.0386558137834, 0.0451343767345, 0.0446474850178, 0.00932746380568, 0.0112068187445, 0.0309272501618, 0.0173692796379, 0.0268744155765, 0.0435468666255, 0.0153025463223, 0.00403861189261, 0.00119104224723, 0.00264067528769, 0.0248704068363, 0.0529412589967, 0.0332110077143, 0.0112405018881, 0.00440505193546, 0.00640129810199, 0.0419682338834, 0.101040445268, 0.0531826093793, 0.13514457643, 0.172491163015, 0.0492533706129, 0.00373648758978, 0.00361925526522, 0.0196158159524, 0.0430930182338, 0.0510871894658, 0.0314954333007, 0.0353349745274, 0.0554010868073, 0.0272798258811, 0.0772221386433]
    chords_histogram: [39.351852417, 10.6481485367, 4.62962961197, 9.25925922394, 0, 0, 0, 2.31481480598, 0, 1.38888883591, 0, 0, 0, 0, 0, 0, 0, 12.9629631042, 0, 0, 0, 7.87037038803, 0, 11.5740737915]
    thpcp: [1, 0.375792622566, 0.0420551523566, 0.0318482108414, 0.07121270895, 0.185681536794, 0.243198022246, 0.165073022246, 0.175949782133, 0.205947771668, 0.167616710067, 0.426769137383, 0.588375985622, 0.309814214706, 0.188950225711, 0.207673609257, 0.126267239451, 0.121857874095, 0.164220929146, 0.143216222525, 0.318537116051, 0.449200838804, 0.22916008532, 0.0547608397901, 0.0293648988008, 0.0359709784389, 0.143686652184, 0.234172612429, 0.161688253284, 0.0672622993588, 0.034166790545, 0.0492415390909, 0.210637837648, 0.353110641241, 0.368342369795, 0.846037149429]
    chords_key: "F"
    chords_scale: "major"
    key_key: "F"
    key_scale: "major"
    chords_progression: ["Am", "Am", "Am", "Am", "Am", "Am", "Am", "Am", "Am", "Am", "Am", "Am", "Am", "Am", "Am", "Am", "Am", "Am", "Am", "Am", "Am", "Am", "Am", "C", "C", "C", "C", "C", "C", "C", "C", "C", "C", "Dm", "C#m", "Dm", "C#m", "C#m", "Em", "Em", "Em", "Em", "Em", "Em", "Em", "Em", "Em", "Em", "Em", "Em", "Em", "Em", "Em", "Em", "Em", "Em", "Em", "Fm", "Em", "Fm", "Fm", "Fm", "Fm", "Fm", "Fm", "Fm", "Fm", "Fm", "Fm", "Fm", "Fm", "Fm", "Fm", "Fm", "Fm", "Fm", "Fm", "Fm", "Fm", "Fm", "Fm", "Fm", "Fm", "Fm", "Fm", "Fm", "F", "F", "F", "F", "F", "F", "F", "F", "F", "F", "F", "F", "F", "F", "F", "F", "F", "F", "F", "F", "F", "F", "F", "F", "F", "F", "F", "F", "F", "F", "F", "F", "F", "F", "F", "F", "F", "F", "F", "F", "F", "F", "F", "F", "F", "F", "F", "F", "F", "F", "F", "F", "F", "F", "F", "F", "F", "F", "F", "F", "F", "F", "F", "F", "F", "F", "F", "F", "F", "F", "F", "F", "F", "F", "F", "F", "F", "F", "F", "F", "F", "F", "F", "F", "F", "Dm", "Dm", "Dm", "Dm", "Dm", "Dm", "Dm", "Dm", "Dm", "Dm", "Dm", "Dm", "Dm", "Dm", "Dm", "Dm", "Dm", "Dm", "Dm", "Dm", "Dm", "Dm", "Dm", "F#m", "F#m", "F#m", "F#m", "F#m", "Gm", "Gm", "Gm", "Gm", "Gm", "Gm", "Gm", "Gm", "Gm", "Gm", "Gm", "Gm", "Gm", "Gm", "Gm", "Gm", "Gm"]
