
metadata:
    version:
        essentia: "1.2.2"
    audio_properties:
        analysis_sample_rate: 44100
        bitrate: 128
        channels: 2
        equal_loudness: 1
        length: 10.0048980713
        replay_gain: -15.6240682602
        downmix: "mix"
    tags:
        track: 1
        year: 0
        album: "Splitted by Mp3Splt v. 2.1"
        artist: "From 000.00 To 000.10"
        comment: "http://mp3splt.sf.net"
        genre: ""
        title: "03 3.mp3"

highlevel:
    ballroom:
        all:
            ChaChaCha: 0.0783840939403
            Jive: 0.0840581431985
            Quickstep: 0.10038395226
            Rumba-American: 0.0148938316852
            Rumba-International: 0.0304342359304
            Rumba-Misc: 0.0225350596011
            Samba: 0.0786576718092
            Tango: 0.442973166704
            VienneseWaltz: 0.0671692490578
            Waltz: 0.080510571599
        probability: 0.442973166704
        value: "Tango"
    culture:
        all:
            non_western: 0.573842585087
            western: 0.426157385111
        probability: 0.573842585087
        value: "non_western"
    gender:
        all:
            female: 0.763637602329
            male: 0.236362412572
        probability: 0.763637602329
        value: "female"
    genre_dortmund:
        all:
            alternative: 0.0639649480581
            blues: 0.0458967536688
            electronic: 0.247831210494
            folkcountry: 0.0481984578073
            funksoulrnb: 0.0149096949026
            jazz: 0.452375978231
            pop: 0.0234336592257
            raphiphop: 0.030777124688
            rock: 0.0726121738553
        probability: 0.452375978231
        value: "jazz"
    genre_electronica:
        all:
            ambient: 0.463644981384
            dnb: 0.195253282785
            house: 0.223387956619
            techno: 0.0723220705986
            trance: 0.0453917011619
        probability: 0.463644981384
        value: "ambient"
    genre_rosamerica:
        all:
            cla: 0.0380484834313
            dan: 0.0473055094481
            hip: 0.216489166021
            jaz: 0.137613192201
            pop: 0.131629616022
            rhy: 0.365595191717
            roc: 0.0558471009135
            spe: 0.00747174024582
        probability: 0.365595191717
        value: "rhy"
    genre_tzanetakis:
        all:
            blu: 0.0142616163939
            cla: 0.024111462757
            cou: 0.0583017505705
            dis: 0.0691314190626
            hip: 0.0337320491672
            jaz: 0.0381928049028
            met: 0.0138601567596
            pop: 0.163765951991
            reg: 0.564406871796
            roc: 0.0202359259129
        probability: 0.564406871796
        value: "reg"
    live_studio:
        all:
            live: 0.799433469772
            studio: 0.200566545129
        probability: 0.799433469772
        value: "live"
    mood:
        all:
            Cluster1: 0.33545795083
            Cluster2: 0.272849738598
            Cluster3: 0.152760565281
            Cluster4: 0.0844443663955
            Cluster5: 0.154487386346
        probability: 0.33545795083
        value: "Cluster1"
    mood_acoustic:
        all:
            acoustic: 0.119302563369
            not_acoustic: 0.88069742918
        probability: 0.88069742918
        value: "not_acoustic"
    mood_aggressive:
        all:
            aggressive: 0.0907664000988
            not_aggressive: 0.909233570099
        probability: 0.909233570099
        value: "not_aggressive"
    mood_electronic:
        all:
            electronic: 0.441159963608
            not_electronic: 0.558840036392
        probability: 0.558840036392
        value: "not_electronic"
    mood_happy:
        all:
            happy: 0.127848356962
            not_happy: 0.872151613235
        probability: 0.872151613235
        value: "not_happy"
    mood_party:
        all:
            not_party: 0.641839146614
            party: 0.358160823584
        probability: 0.641839146614
        value: "not_party"
    mood_relaxed:
        all:
            not_relaxed: 0.284392952919
            relaxed: 0.715607047081
        probability: 0.715607047081
        value: "relaxed"
    mood_sad:
        all:
            not_sad: 0.493708789349
            sad: 0.506291210651
        probability: 0.506291210651
        value: "sad"
    rhythm:
        all:
            fast: 0.181516930461
            medium: 0.368197947741
            slow: 0.4502851367
        probability: 0.4502851367
        value: "slow"
    speech_music:
        all:
            music: 0.985893130302
            speech: 0.0141068557277
        probability: 0.985893130302
        value: "music"
    timbre:
        all:
            bright: 0.450180321932
            dark: 0.549819648266
        probability: 0.549819648266
        value: "dark"
    voice_instrumental:
        all:
            instrumental: 0.999997913837
            voice: 2.10981738746e-06
        probability: 0.999997913837
        value: "instrumental"

lowlevel:
    average_loudness: 0.958830654621
    barkbands_kurtosis:
        dmean: 1.47086191177
        dmean2: 2.36200642586
        dvar: 5.46848773956
        dvar2: 10.6586837769
        max: 34.1333312988
        mean: 0.567673504353
        min: -1.89081835747
        var: 12.8484649658
    barkbands_skewness:
        dmean: 0.567982137203
        dmean2: 0.874389410019
        dvar: 0.327647894621
        dvar2: 0.710338771343
        max: 5.51997613907
        mean: 0.516399085522
        min: -2.31945610046
        var: 1.370033741
    barkbands_spread:
        dmean: 6.2624502182
        dmean2: 9.50649833679
        dvar: 40.1113243103
        dvar2: 92.3432159424
        max: 53.145401001
        mean: 26.4411735535
        min: 4.17781829834
        var: 99.5033569336
    dissonance:
        dmean: 0.0188397150487
        dmean2: 0.0322457887232
        dvar: 0.00043123748037
        dvar2: 0.0011786352843
        max: 0.499997377396
        mean: 0.466301262379
        min: 0.319321393967
        var: 0.000858948042151
    hfc:
        dmean: 1.68098723888
        dmean2: 2.29695868492
        dvar: 12.8724031448
        dvar2: 23.4357509613
        max: 39.6050643921
        mean: 3.48346161842
        min: 0.0316084586084
        var: 27.2450962067
    pitch:
        dmean: 304.079284668
        dmean2: 590.270446777
        dvar: 409982.09375
        dvar2: 1137995
        max: 3675
        mean: 607.191040039
        min: 52.5
        var: 340224.5625
    pitch_instantaneous_confidence:
        dmean: 0.0804556831717
        dmean2: 0.120438069105
        dvar: 0.00505434628576
        dvar2: 0.0106494724751
        max: 0.934904038906
        mean: 0.534702479839
        min: 0.186889946461
        var: 0.0341482795775
    pitch_salience:
        dmean: 0.0752038657665
        dmean2: 0.116587199271
        dvar: 0.00564757967368
        dvar2: 0.0139104612172
        max: 0.793964385986
        mean: 0.508933842182
        min: 0.216233104467
        var: 0.01386168506
    silence_rate_20dB:
        dmean: 0
        dmean2: 0
        dvar: 0
        dvar2: 0
        max: 1
        mean: 1
        min: 1
        var: 0
    silence_rate_30dB:
        dmean: 0
        dmean2: 0
        dvar: 0
        dvar2: 0
        max: 1
        mean: 1
        min: 1
        var: 0
    silence_rate_60dB:
        dmean: 0.0835266858339
        dmean2: 0.167441859841
        dvar: 0.0765502527356
        dvar2: 0.139405295253
        max: 1
        mean: 0.752314805984
        min: 0
        var: 0.186337411404
    spectral_centroid:
        dmean: 279.592193604
        dmean2: 417.515075684
        dvar: 84923.25
        dvar2: 177866.875
        max: 4112.65332031
        mean: 1315.49755859
        min: 195.672668457
        var: 359903.65625
    spectral_complexity:
        dmean: 2.16511631012
        dmean2: 3.22610712051
        dvar: 11.2448196411
        dvar2: 20.5199451447
        max: 29
        mean: 5.97679805756
        min: 0
        var: 34.7975921631
    spectral_crest:
        dmean: 2.49112606049
        dmean2: 3.9815158844
        dvar: 5.63617038727
        dvar2: 13.3305053711
        max: 21.7889842987
        mean: 10.6594982147
        min: 3.19846749306
        var: 13.282705307
    spectral_decrease:
        dmean: 2.21006921097e-10
        dmean2: 2.9392602241e-10
        dvar: 1.37505231754e-19
        dvar2: 2.35770566213e-19
        max: -6.96007227546e-12
        mean: -5.9248878026e-10
        min: -3.85212572951e-09
        var: 4.68055238228e-19
    spectral_energy:
        dmean: 0.000959503464401
        dmean2: 0.00128667475656
        dvar: 2.83541703539e-06
        dvar2: 4.85489590574e-06
        max: 0.0160123873502
        mean: 0.00255214888602
        min: 2.91358719551e-05
        var: 8.84585278982e-06
    spectral_energyband_high:
        dmean: 3.73357834178e-05
        dmean2: 5.4388809076e-05
        dvar: 6.62484556102e-09
        dvar2: 1.32653728002e-08
        max: 0.000661630067043
        mean: 8.17072505015e-05
        min: 4.98072154187e-07
        var: 1.41043710045e-08
    spectral_energyband_low:
        dmean: 0.000184548393008
        dmean2: 0.000278902094578
        dvar: 7.80978552939e-08
        dvar2: 1.5319784552e-07
        max: 0.00280233286321
        mean: 0.000347753928509
        min: 6.90555026495e-08
        var: 2.37311311935e-07
    spectral_energyband_middle_high:
        dmean: 0.000604160595685
        dmean2: 0.000859959749505
        dvar: 1.78288701136e-06
        dvar2: 3.27281054524e-06
        max: 0.0129063269123
        mean: 0.00112134928349
        min: 9.20829097595e-06
        var: 3.54105100087e-06
    spectral_energyband_middle_low:
        dmean: 0.000418666371843
        dmean2: 0.00061024131719
        dvar: 6.60333000724e-07
        dvar2: 1.35356788178e-06
        max: 0.0104529820383
        mean: 0.00100129563361
        min: 8.54093741509e-06
        var: 2.03129752663e-06
    spectral_flatness_db:
        dmean: 0.0190719980747
        dmean2: 0.0290751941502
        dvar: 0.000319135840982
        dvar2: 0.000578724895604
        max: 0.333412408829
        mean: 0.20249864459
        min: 0.0664376318455
        var: 0.00158965680748
    spectral_flux:
        dmean: 0.0084836082533
        dmean2: 0.0126282982528
        dvar: 0.000129848674987
        dvar2: 0.000272150966339
        max: 0.095980502665
        mean: 0.0240166857839
        min: 0.00388506613672
        var: 0.000332265975885
    spectral_kurtosis:
        dmean: 2.27861070633
        dmean2: 4.01523160934
        dvar: 4.80942249298
        dvar2: 14.5029468536
        max: 18.3224563599
        mean: 5.90834093094
        min: -0.184805870056
        var: 6.30862951279
    spectral_rms:
        dmean: 0.000268091826001
        dmean2: 0.000351116614183
        dvar: 1.42130431868e-07
        dvar2: 2.30515070143e-07
        max: 0.00395244732499
        mean: 0.00136674498208
        min: 0.000168597864104
        var: 6.21910146492e-07
    spectral_rolloff:
        dmean: 461.110687256
        dmean2: 732.379516602
        dvar: 298853.40625
        dvar2: 615072.4375
        max: 6610.69335938
        mean: 2536.17089844
        min: 129.19921875
        var: 1220097
    spectral_skewness:
        dmean: 0.263220191002
        dmean2: 0.448897540569
        dvar: 0.0665544942021
        dvar2: 0.166126400232
        max: 3.0356388092
        mean: 1.49570810795
        min: 0.169772088528
        var: 0.181858360767
    spectral_spread:
        dmean: 369120.3125
        dmean2: 537042.6875
        dvar: 623469592576
        dvar2: 565724446720
        max: 21256214
        mean: 3213647.5
        min: 1875409
        var: 1.34161380147e+12
    spectral_strongpeak:
        dmean: 0.332272797823
        dmean2: 0.585290074348
        dvar: 0.367446601391
        dvar2: 1.01049113274
        max: 4.08450841904
        mean: 0.581981539726
        min: 0.00472319079563
        var: 0.479653894901
    zerocrossingrate:
        dmean: 0.00947492755949
        dmean2: 0.0104815429077
        dvar: 6.75720366416e-05
        dvar2: 8.1858575868e-05
        max: 0.1845703125
        mean: 0.076072178781
        min: 0.0205078125
        var: 0.000698374235071
    barkbands:
        dmean: [5.36490119885e-07, 5.5441785662e-05, 0.000167687932844, 0.000153585759108, 6.21031940682e-05, 5.92537217017e-05, 6.21927256361e-06, 4.76290551887e-05, 0.000204247495276, 2.72831875918e-05, 4.11572400481e-05, 4.64804506919e-05, 2.93084467557e-05, 1.41069358506e-05, 3.70870729967e-05, 0.000252630416071, 6.54734976706e-05, 0.00011646587518, 0.000158805429237, 2.93643515761e-05, 1.71341162059e-05, 2.69041879619e-06, 1.03825436781e-06, 1.21932700381e-07, 2.83252354905e-08, 2.21596385686e-09, 1.24806043278e-09]
        dmean2: [7.17794478078e-07, 8.02129579824e-05, 0.000256785540842, 0.000229955359828, 9.92032655631e-05, 9.05369452084e-05, 9.4206770882e-06, 6.93298206897e-05, 0.000291072879918, 4.16063485318e-05, 5.52364945179e-05, 7.3096169217e-05, 4.99231791764e-05, 2.24842788157e-05, 6.09783091932e-05, 0.000403721496696, 0.000102611869806, 0.000181882525794, 0.00022411372629, 4.44857651019e-05, 2.48614014708e-05, 4.13438965552e-06, 1.25616475088e-06, 1.69761733559e-07, 4.47447021656e-08, 2.78476952609e-09, 1.31729571695e-09]
        dvar: [2.51670131133e-13, 5.22526022451e-09, 7.68088170844e-08, 1.1165688818e-07, 2.20595044453e-08, 1.46344945051e-07, 2.34742503213e-10, 2.04364411616e-07, 3.93562288536e-07, 4.19077856861e-08, 3.14600896445e-08, 1.29365872681e-07, 1.43249083706e-08, 1.13153120207e-09, 6.41947384139e-09, 3.05695948555e-07, 2.94294704162e-08, 1.18407946559e-07, 1.42679752457e-07, 3.74997410901e-09, 1.3450559555e-09, 5.77584646777e-11, 7.31256305508e-11, 3.51558544645e-13, 7.28429784617e-15, 5.3860654594e-16, 5.80170135024e-16]
        dvar2: [6.01530544125e-13, 1.14924363359e-08, 1.52461382186e-07, 2.28554867476e-07, 5.75135885583e-08, 2.62277865204e-07, 5.27119292659e-10, 4.7383520041e-07, 6.5550096906e-07, 7.60084546414e-08, 5.67904265836e-08, 2.33390309745e-07, 3.93610477545e-08, 2.21036811077e-09, 1.56107873295e-08, 7.15820021924e-07, 7.89162157844e-08, 2.74994874871e-07, 2.74693377378e-07, 7.98457655549e-09, 2.7228070909e-09, 1.0490520258e-10, 9.49707187892e-11, 5.06703511614e-13, 1.52373197339e-14, 5.37679891895e-16, 5.79882673218e-16]
        max: [4.33918057752e-06, 0.000555977516342, 0.0027296396438, 0.00469657871872, 0.00159743498079, 0.00674646673724, 0.000295014178846, 0.00840810406953, 0.0080479150638, 0.00384087767452, 0.00268807657994, 0.00683727255091, 0.00174065656029, 0.000504505005665, 0.000859480642248, 0.00479313917458, 0.00180632306729, 0.00376721308567, 0.00432587647811, 0.000552510085981, 0.000339683960192, 0.000121221833979, 0.000183085328899, 1.23584350149e-05, 1.26984753024e-06, 4.83052644995e-07, 5.00794897107e-07]
        mean: [1.01821217413e-06, 8.48973068059e-05, 0.000261884066276, 0.000364629580872, 0.000105950632133, 7.28060913389e-05, 1.23377867567e-05, 4.73061772936e-05, 0.000391444511479, 3.70013403881e-05, 6.27892732155e-05, 6.3853985921e-05, 3.35379518219e-05, 2.07945849979e-05, 4.80930430058e-05, 0.000362998689525, 9.37390650506e-05, 0.000157208065502, 0.000231457001064, 5.34607461304e-05, 3.80492710974e-05, 5.34796072316e-06, 1.31788704039e-06, 1.78023029207e-07, 4.56035493812e-08, 3.37515415616e-09, 1.23230969873e-09]
        min: [9.3435770232e-10, 2.38066881764e-08, 1.76588699219e-08, 2.17329301222e-08, 4.23287417561e-07, 7.87525067381e-08, 6.30440055716e-08, 7.63812977311e-08, 5.15387171163e-07, 2.65968964186e-07, 1.80606377853e-07, 2.10252579791e-07, 3.3716568737e-07, 6.28500004041e-07, 2.98645289831e-07, 4.63150001906e-07, 6.44393310267e-07, 6.61132276036e-07, 1.23185520806e-06, 4.36469377973e-07, 1.7098844296e-07, 4.22059649452e-08, 5.89711435239e-09, 2.47299603018e-09, 1.82950110617e-09, 8.7600843246e-11, 1.49901412897e-13]
        var: [9.0087946868e-13, 1.05086908064e-08, 2.11329563626e-07, 6.57219459299e-07, 3.04919929306e-08, 1.88180180771e-07, 9.91306925435e-10, 2.31897729464e-07, 9.59231783781e-07, 5.48899379282e-08, 7.89688385794e-08, 1.96313578726e-07, 1.06714095338e-08, 1.60499202817e-09, 8.38614244714e-09, 5.08740754412e-07, 3.35509966476e-08, 1.51677809868e-07, 2.48364870004e-07, 6.85206202888e-09, 3.14989012651e-09, 1.25269197793e-10, 1.40831915574e-10, 6.58328914386e-13, 1.12316077527e-14, 5.5763397643e-16, 5.80398304524e-16]
    mfcc:
        mean: [-814.710205078, 133.977828979, -80.0103149414, 66.2373123169, -8.2926235199, 4.39521408081, 13.908624649, 9.38627243042, 17.3800296783, 3.26006889343, -7.86607265472, -10.5259838104, -8.61155891418]
        cov: [[3349.18847656, -279.499572754, -392.515960693, 468.345458984, -102.951377869, 64.1114044189, -446.35748291, -135.645950317, -255.266845703, -392.231933594, -165.473007202, 24.1934394836, 42.9129486084], [-279.499572754, 742.924804688, 185.623580933, 315.302185059, 384.381591797, 117.430847168, 87.0389862061, -20.5153160095, -52.4374809265, -21.6800727844, -13.0914468765, 22.1348228455, 57.912197113], [-392.515960693, 185.623580933, 500.416992188, -2.26756238937, 211.686889648, 73.9125671387, 43.1847457886, 43.9121513367, -39.4440917969, 50.8057899475, 46.9102210999, 57.096244812, 39.3270339966], [468.345458984, 315.302185059, -2.26756238937, 734.839538574, 414.965881348, 151.983078003, -26.9077720642, -86.5836181641, -22.7564353943, -111.081230164, -55.4091377258, -65.172668457, 28.237241745], [-102.951377869, 384.381591797, 211.686889648, 414.965881348, 541.737915039, 135.177322388, 38.2839202881, -44.005279541, -66.6893768311, -43.0157051086, -4.93601036072, 46.7316932678, 80.6223754883], [64.1114044189, 117.430847168, 73.9125671387, 151.983078003, 135.177322388, 152.986465454, 26.4939994812, -4.8423743248, -12.7348871231, -10.6626195908, -8.507563591, 6.03638887405, 10.9734745026], [-446.35748291, 87.0389862061, 43.1847457886, -26.9077720642, 38.2839202881, 26.4939994812, 225.899383545, 42.3396034241, 71.1688232422, 120.669845581, 9.79315948486, -4.31429195404, -30.5229454041], [-135.645950317, -20.5153160095, 43.9121513367, -86.5836181641, -44.005279541, -4.8423743248, 42.3396034241, 91.3404083252, 53.4990539551, 57.6851501465, 20.8989715576, 14.7397575378, -14.0948476791], [-255.266845703, -52.4374809265, -39.4440917969, -22.7564353943, -66.6893768311, -12.7348871231, 71.1688232422, 53.4990539551, 185.912887573, 100.013702393, 28.1705646515, -42.5046768188, -42.3094940186], [-392.231933594, -21.6800727844, 50.8057899475, -111.081230164, -43.0157051086, -10.6626195908, 120.669845581, 57.6851501465, 100.013702393, 160.420425415, 30.2530937195, 0.765060484409, -24.6159057617], [-165.473007202, -13.0914468765, 46.9102210999, -55.4091377258, -4.93601036072, -8.507563591, 9.79315948486, 20.8989715576, 28.1705646515, 30.2530937195, 85.204536438, 18.1656990051, 17.1385993958], [24.1934394836, 22.1348228455, 57.096244812, -65.172668457, 46.7316932678, 6.03638887405, -4.31429195404, 14.7397575378, -42.5046768188, 0.765060484409, 18.1656990051, 98.012878418, 39.05128479], [42.9129486084, 57.912197113, 39.3270339966, 28.237241745, 80.6223754883, 10.9734745026, -30.5229454041, -14.0948476791, -42.3094940186, -24.6159057617, 17.1385993958, 39.05128479, 84.5130004883]]
        icov: [[0.000712600070983, 0.000260385073489, 0.000207477540243, -0.000922115053982, 0.000803333881777, -0.000359625584679, 0.000674473645631, -0.0003473496472, 0.000451713480288, 0.000459883827716, 0.000681123230606, -0.00113532971591, -0.000116138078738], [0.000260385073489, 0.00241129822098, -0.000225265728659, -0.000601598119829, -0.000807281932794, -0.000248306896538, -0.000813098449726, -0.00045628004591, 0.000423965131631, 0.000691774883308, 0.000515236053616, -8.34087622934e-05, -0.000698322604876], [0.000207477540243, -0.000225265728659, 0.00355876237154, 0.000786371820141, -0.00177056691609, -0.00119993649423, 0.00116247683764, -0.00187648367137, 0.00173698365688, -0.00165206857491, -0.00116429815535, 0.000491923186928, 0.000479190348415], [-0.000922115053982, -0.000601598119829, 0.000786371820141, 0.00576159544289, -0.00467971898615, -0.00140176992863, -5.00917376485e-05, 0.00109683000483, -0.00191343342885, 0.000961705460213, -8.96648271009e-05, 0.00487091206014, 0.000490274629556], [0.000803333881777, -0.000807281932794, -0.00177056691609, -0.00467971898615, 0.00812151934952, -0.000688280968461, -0.000839029497001, 0.00118395371828, 0.000588827242609, 0.000630985945463, 0.000743615033571, -0.00499441474676, -0.00259551475756], [-0.000359625584679, -0.000248306896538, -0.00119993649423, -0.00140176992863, -0.000688280968461, 0.009765855968, -0.00169309973717, -0.000504489347804, -0.00013595110795, 0.000534806400537, 0.000170277024154, -0.000618856516667, 0.000411564920796], [0.000674473645631, -0.000813098449726, 0.00116247683764, -5.00917376485e-05, -0.000839029497001, -0.00169309973717, 0.00996609218419, -0.000983374775387, 0.000976576004177, -0.00673646340147, 0.00100654992275, -0.000363488245057, 0.00263673253357], [-0.0003473496472, -0.00045628004591, -0.00187648367137, 0.00109683000483, 0.00118395371828, -0.000504489347804, -0.000983374775387, 0.0182070098817, -0.0048970724456, -0.00164140551351, -0.00061733025359, -0.00395122217014, 0.00163442990743], [0.000451713480288, 0.000423965131631, 0.00173698365688, -0.00191343342885, 0.000588827242609, -0.00013595110795, 0.000976576004177, -0.0048970724456, 0.0127154840156, -0.00662709260359, -0.00309143401682, 0.00344859436154, 0.00177192711271], [0.000459883827716, 0.000691774883308, -0.00165206857491, 0.000961705460213, 0.000630985945463, 0.000534806400537, -0.00673646340147, -0.00164140551351, -0.00662709260359, 0.0185452792794, -6.99571828591e-05, -0.0017691696994, -0.000722578144632], [0.000681123230606, 0.000515236053616, -0.00116429815535, -8.96648271009e-05, 0.000743615033571, 0.000170277024154, 0.00100654992275, -0.00061733025359, -0.00309143401682, -6.99571828591e-05, 0.0162685140967, -0.00253897183575, -0.00429205596447], [-0.00113532971591, -8.34087622934e-05, 0.000491923186928, 0.00487091206014, -0.00499441474676, -0.000618856516667, -0.000363488245057, -0.00395122217014, 0.00344859436154, -0.0017691696994, -0.00253897183575, 0.0203649103642, -0.00485219107941], [-0.000116138078738, -0.000698322604876, 0.000479190348415, 0.000490274629556, -0.00259551475756, 0.000411564920796, 0.00263673253357, 0.00163442990743, 0.00177192711271, -0.000722578144632, -0.00429205596447, -0.00485219107941, 0.0194197427481]]
    spectral_contrast:
        mean: [-1.41215295457e-07, 7.60711202474e-07, -4.0919417188e-07, 2.02812231009e-07, 1.0596765776e-07, 6.5343837008e-09, -1.0291827266e-06, 5.08547918798e-06, 2.3247194747e-07, 1.08864912818e-06, -8.82867880136e-07, -1.88577485005e-06]
        var: [0.000446740625193, 0.000683814985678, 0.00192432489712, 0.00317599484697, 0.00624051410705, 0.0101580247283, 0.0508715808392, 0.110859021544, 0.146138727665, 0.207875877619, 0.629384338856, 1.29508137703]

rhythm:
    beats_loudness:
        dmean: 0.00587909249589
        dmean2: 0.0092257456854
        dvar: 8.11955669633e-06
        dvar2: 4.43026438006e-05
        max: 0.0116553753614
        mean: 0.00530400360003
        min: 0.000438872986706
        var: 1.48636481754e-05
    beats_loudness_bass:
        dmean: 0.276729375124
        dmean2: 0.501307070255
        dvar: 0.0329631790519
        dvar2: 0.110266052186
        max: 0.906789898872
        mean: 0.383749932051
        min: 0.00601211050525
        var: 0.0463254079223
    bpm: 102.230934143
    bpm_confidence: 0
    first_peak_bpm: 77
    first_peak_spread: 0
    first_peak_weight: 0.571428596973
    onset_rate: 3.69818854332
    second_peak_bpm: 102
    second_peak_spread: 0
    second_peak_weight: 0.428571432829
    beats_position: [0.077326849103, 0.857431948185, 1.63753712177, 2.41764235497, 3.19774770737, 3.97785282135, 4.75795793533, 5.53806304932, 6.32943439484, 6.91634559631, 7.50325679779, 8.09016799927, 8.67707920074, 9.26399040222, 9.8509016037]
    bpm_estimates: [102.795387268, 102.125717163, 101.849342346, 102.272506714, 102.127067566, 102.215545654]
    bpm_intervals: [0.780105113983, 0.780105173588, 0.780105233192, 0.780105352402, 0.780105113983, 0.780105113983, 0.780105113983, 0.79137134552, 0.586911201477, 0.586911201477, 0.586911201477, 0.586911201477, 0.586911201477, 0.586911201477]
    onset_times: [0.0232199542224, 0.592108845711, 0.835918366909, 1.04489791393, 1.20743763447, 1.46285712719, 1.82276642323, 2.3916554451, 2.79800462723, 3.16952371597, 3.77324271202, 3.97061228752, 4.19120168686, 4.34213161469, 4.96907043457, 5.14321994781, 5.3754196167, 5.53795909882, 5.94430828094, 6.3042178154, 6.91954660416, 7.10530614853, 7.32589578629, 7.4884352684, 7.74385499954, 8.103764534, 8.3011341095, 8.67265319824, 8.83519268036, 8.97451210022, 9.11383247375, 9.24154186249, 9.32281208038, 9.47374153137, 9.62467098236, 9.79882049561, 9.92653083801]
    rubato_start: [6.91634559631]
    rubato_stop: [7.50325679779]
    perceptual_tempo: "unknown"

sfx:
    inharmonicity:
        dmean: 0.0488855168223
        dmean2: 0.0865715667605
        dvar: 0.00428188685328
        dvar2: 0.0123437708244
        max: 0.445047855377
        mean: 0.0422954037786
        min: 0
        var: 0.00372441136278
    oddtoevenharmonicenergyratio:
        dmean: 22.5086021423
        dmean2: 42.8697319031
        dvar: 11723.296875
        dvar2: 36882.0039062
        max: 1404.57629395
        mean: 13.1359348297
        min: 0
        var: 6446.27880859
    pitch_after_max_to_before_max_energy_ratio: 1.41874563694
    pitch_centroid: 218.708297729
    pitch_max_to_total: 0.406032472849
    pitch_min_to_total: 0.684454739094
    tristimulus:
        dmean: [0.270389437675, 0.3162111938, 0.111026398838]
        dmean2: [0.477742016315, 0.550878942013, 0.201772302389]
        dvar: [0.0657804757357, 0.0758601948619, 0.0169787928462]
        dvar2: [0.173161521554, 0.204780653119, 0.0446707047522]
        max: [1, 0.986690104008, 0.732008039951]
        mean: [0.416833400726, 0.42101085186, 0.0865360721946]
        min: [0.000794819032308, 0, 0]
        var: [0.0929611176252, 0.102984957397, 0.0159679614007]

tonal:
    chords_changes_rate: 0.0414746552706
    chords_number_rate: 0.0138248847798
    chords_strength:
        dmean: 0.0108115011826
        dmean2: 0.0105216717348
        dvar: 5.84944755246e-05
        dvar2: 8.10126948636e-05
        max: 0.643511235714
        mean: 0.532715082169
        min: 0.376055985689
        var: 0.00521968910471
    key_strength: 0.530783891678
    tuning_diatonic_strength: 0.382411330938
    tuning_equal_tempered_deviation: 0.149171233177
    tuning_frequency: 441.272583008
    tuning_nontempered_energy_ratio: 0.848120689392
    hpcp:
        dmean: [0.161730095744, 0.102313347161, 0.0783909037709, 0.0574983209372, 0.0653218850493, 0.0773966982961, 0.0854175761342, 0.139887437224, 0.169012129307, 0.165429666638, 0.131795182824, 0.140416070819, 0.128632292151, 0.125035509467, 0.171182513237, 0.146607622504, 0.148456290364, 0.103864327073, 0.130495384336, 0.102156437933, 0.120270833373, 0.16488429904, 0.149480596185, 0.109819591045, 0.0986059382558, 0.119564384222, 0.16843110323, 0.157605037093, 0.0977790728211, 0.0559708029032, 0.044636439532, 0.0458493232727, 0.0659096315503, 0.0860540270805, 0.0977357253432, 0.151345312595]
        dmean2: [0.25264570117, 0.167864412069, 0.127375200391, 0.098504729569, 0.115217968822, 0.136860981584, 0.145979642868, 0.217588827014, 0.274819016457, 0.262364685535, 0.216197252274, 0.231100767851, 0.21854673326, 0.214735254645, 0.287093311548, 0.249729380012, 0.2453225106, 0.176753520966, 0.219910219312, 0.178130879998, 0.209970876575, 0.293013632298, 0.256794571877, 0.197322264314, 0.17156586051, 0.207094222307, 0.287325888872, 0.257455468178, 0.164390072227, 0.0907969549298, 0.0689602419734, 0.0788172855973, 0.11826274544, 0.146356746554, 0.165718197823, 0.243192061782]
        dvar: [0.0445478595793, 0.014670192264, 0.00971183180809, 0.00611977092922, 0.0222550854087, 0.0241295788437, 0.0152211617678, 0.0299182254821, 0.0499447844923, 0.0535304546356, 0.0360587202013, 0.027895450592, 0.0311527736485, 0.0318101830781, 0.043685361743, 0.0532657653093, 0.0324557460845, 0.0227370299399, 0.0504308640957, 0.0317227840424, 0.0398710630834, 0.0674457848072, 0.0585656650364, 0.0378500670195, 0.0247712880373, 0.0235297102481, 0.0399861671031, 0.0349356792867, 0.0176919866353, 0.0119448956102, 0.00636559398845, 0.00762248272076, 0.0181983355433, 0.0285478439182, 0.0228159260005, 0.0356733389199]
        dvar2: [0.106058441103, 0.0364305600524, 0.0282820947468, 0.0168697442859, 0.0569554157555, 0.0602437220514, 0.0395893082023, 0.0790376588702, 0.112357012928, 0.125486075878, 0.0857890844345, 0.064861446619, 0.082111209631, 0.0784082636237, 0.117189697921, 0.109616115689, 0.0898361727595, 0.0541536137462, 0.132414445281, 0.0705384463072, 0.113502793014, 0.184658870101, 0.152887776494, 0.106387302279, 0.0713438913226, 0.0629521310329, 0.0838586390018, 0.0704308077693, 0.04275470227, 0.0259923823178, 0.0132607370615, 0.0214817915112, 0.049475800246, 0.0812502130866, 0.0524291917682, 0.0848592147231]
        max: [1, 0.957482039928, 0.910174787045, 0.491036146879, 1, 1, 0.705945849419, 1, 1, 1, 1, 1, 0.985756278038, 1, 1, 1, 1, 1, 1, 1, 1, 1, 1, 1, 1, 1, 1, 1, 0.923389434814, 1, 0.770989060402, 0.51754128933, 1, 1, 1, 1]
        mean: [0.261290848255, 0.170987948775, 0.133471176028, 0.0871420353651, 0.0679123476148, 0.0815920606256, 0.102088406682, 0.167906954885, 0.221439480782, 0.214865982533, 0.183190882206, 0.220587998629, 0.202216312289, 0.133229136467, 0.232462480664, 0.32812872529, 0.210912883282, 0.106997534633, 0.118777304888, 0.106609009206, 0.114099472761, 0.15860620141, 0.149748697877, 0.104617208242, 0.107861168683, 0.191168650985, 0.485961079597, 0.455178171396, 0.133653491735, 0.0700523033738, 0.0558262206614, 0.0505245104432, 0.0678061321378, 0.0888011530042, 0.12738764286, 0.239110440016]
        min: [0.000840008200612, 0.00111895892769, 0.00141079048626, 0.000864799541887, 0.00108730001375, 0.00120341754518, 0.00215197401121, 0.00219838321209, 0.00264779501595, 0.000362206337741, 0.00130290258676, 0.00277990405448, 0.00256253173575, 0.00216166418977, 0.00266118743457, 0.00394761282951, 0.0023922813125, 0.000930746959057, 0.000745492696296, 0.00231331866235, 0.00264448579401, 0.00179981009569, 0.000838934909552, 0, 0, 0.00308202463202, 0.00641974108294, 0.00176024122629, 0.000751329644118, 0.000542803783901, 0.000519347318914, 0.000864946807269, 0.00030284022796, 0.000888894603122, 0.00128248927649, 0.000972416717559]
        var: [0.0782328546047, 0.0240408089012, 0.0299928467721, 0.0111394235864, 0.0187875702977, 0.0227343514562, 0.0173699893057, 0.0451242513955, 0.0802406743169, 0.0946689546108, 0.0641195625067, 0.0608380809426, 0.0476257689297, 0.0332537405193, 0.0730425566435, 0.146031469107, 0.0587149746716, 0.0253870040178, 0.0492272228003, 0.038321454078, 0.0386970676482, 0.0698925480247, 0.0626162365079, 0.0335044898093, 0.0284387376159, 0.0324374735355, 0.147329509258, 0.142305672169, 0.0252277534455, 0.0213310737163, 0.0102573614568, 0.00704341055825, 0.015001129359, 0.0244636628777, 0.0319797992706, 0.0633066445589]
    chords_histogram: [0, 0, 0, 0, 6.91244220734, 0, 0, 0, 0, 6.45161294937, 0, 0, 0, 0, 0, 0, 0, 0, 0, 0, 0, 0, 0.921658992767, 85.7142868042]
    thpcp: [1, 0.936655580997, 0.275029212236, 0.144152089953, 0.114877969027, 0.10396822542, 0.139529958367, 0.182733058929, 0.262135475874, 0.492036193609, 0.537678539753, 0.35185521841, 0.2746540308, 0.179318964481, 0.1397485286, 0.167898342013, 0.21007527411, 0.345515221357, 0.455673277378, 0.442146480083, 0.376966148615, 0.453921109438, 0.416116267443, 0.274155974388, 0.478356182575, 0.675216078758, 0.434011876583, 0.220177173615, 0.244417324662, 0.219377666712, 0.234791383147, 0.326376348734, 0.308149576187, 0.215278983116, 0.221954330802, 0.393382638693]
    chords_key: "D"
    chords_scale: "major"
    key_key: "F#"
    key_scale: "minor"
    chords_progression: ["G#m", "G#m", "G#m", "G#m", "G#m", "G#m", "G#m", "G#m", "G#m", "G#m", "G#m", "G#m", "G#m", "G#m", "G#m", "D", "D", "D", "C#", "D", "D", "D", "D", "D", "D", "D", "D", "D", "D", "D", "D", "D", "D", "D", "D", "D", "D", "D", "D", "D", "D", "D", "D", "D", "D", "D", "D", "D", "D", "D", "D", "D", "D", "D", "D", "D", "D", "D", "D", "D", "D", "D", "D", "D", "D", "D", "D", "D", "D", "D", "D", "D", "D", "C#", "C#", "C#", "C#", "C#", "C#", "C#", "C#", "C#", "C#", "C#", "C#", "D", "D", "D", "D", "D", "D", "D", "D", "D", "D", "D", "D", "D", "D", "D", "D", "D", "D", "D", "D", "D", "D", "D", "D", "D", "D", "D", "D", "D", "D", "D", "D", "D", "D", "D", "D", "D", "D", "D", "D", "D", "D", "D", "D", "D", "D", "D", "D", "D", "D", "D", "D", "D", "D", "D", "D", "D", "D", "D", "D", "D", "C#", "D", "D", "D", "Bm", "Bm", "D", "D", "D", "D", "D", "D", "D", "D", "D", "D", "D", "D", "D", "D", "D", "D", "D", "D", "D", "D", "D", "D", "D", "D", "D", "D", "D", "D", "D", "D", "D", "D", "D", "D", "D", "D", "D", "D", "D", "D", "D", "D", "D", "D", "D", "D", "D", "D", "D", "D", "D", "D", "D", "D", "D", "D", "D", "D", "D", "D", "D", "D", "D", "D", "D"]
