
metadata:
    version:
        essentia: "1.2.2"
    audio_properties:
        analysis_sample_rate: 44100
        bitrate: 128
        channels: 2
        equal_loudness: 1
        length: 9.95265293121
        replay_gain: -13.5514087677
        downmix: "mix"
    tags:
        track: 7
        year: 0
        album: "Splitted by Mp3Splt v. 2.1"
        artist: "From 001.00 To 001.10"
        comment: "http://mp3splt.sf.net"
        genre: ""
        title: "07 Not Alone.mp3"

highlevel:
    ballroom:
        all:
            ChaChaCha: 0.0271771140397
            Jive: 0.283094853163
            Quickstep: 0.0649426653981
            Rumba-American: 0.00811652559787
            Rumba-International: 0.0185311883688
            Rumba-Misc: 0.0241302773356
            Samba: 0.0619279742241
            Tango: 0.0236026458442
            VienneseWaltz: 0.433820873499
            Waltz: 0.0546558648348
        probability: 0.433820873499
        value: "VienneseWaltz"
    culture:
        all:
            non_western: 0.227151215076
            western: 0.772848784924
        probability: 0.772848784924
        value: "western"
    gender:
        all:
            female: 0.0774458199739
            male: 0.922554194927
        probability: 0.922554194927
        value: "male"
    genre_dortmund:
        all:
            alternative: 0.115726329386
            blues: 0.0238625891507
            electronic: 0.0201298184693
            folkcountry: 0.0650416463614
            funksoulrnb: 0.0359649956226
            jazz: 0.00834577810019
            pop: 0.0749078691006
            raphiphop: 0.00434432644397
            rock: 0.651676654816
        probability: 0.651676654816
        value: "rock"
    genre_electronica:
        all:
            ambient: 0.368118703365
            dnb: 0.219851091504
            house: 0.00640698615462
            techno: 0.00823535397649
            trance: 0.397387862206
        probability: 0.397387862206
        value: "trance"
    genre_rosamerica:
        all:
            cla: 0.0714569166303
            dan: 0.0122305816039
            hip: 0.00624614721164
            jaz: 0.00609479192644
            pop: 0.0633954852819
            rhy: 0.00711023528129
            roc: 0.831563234329
            spe: 0.001902607386
        probability: 0.831563234329
        value: "roc"
    genre_tzanetakis:
        all:
            blu: 0.0175875183195
            cla: 0.0730353593826
            cou: 0.269081532955
            dis: 0.0298185311258
            hip: 0.00490643549711
            jaz: 0.0156773868948
            met: 0.0237713344395
            pop: 0.0312432833016
            reg: 0.00692661758512
            roc: 0.5279520154
        probability: 0.5279520154
        value: "roc"
    live_studio:
        all:
            live: 0.122247770429
            studio: 0.877752244473
        probability: 0.877752244473
        value: "studio"
    mood:
        all:
            Cluster1: 0.318731039762
            Cluster2: 0.154042243958
            Cluster3: 0.226439401507
            Cluster4: 0.142807066441
            Cluster5: 0.157980233431
        probability: 0.318731039762
        value: "Cluster1"
    mood_acoustic:
        all:
            acoustic: 0.0118148494512
            not_acoustic: 0.988185167313
        probability: 0.988185167313
        value: "not_acoustic"
    mood_aggressive:
        all:
            aggressive: 0.851921916008
            not_aggressive: 0.148078069091
        probability: 0.851921916008
        value: "aggressive"
    mood_electronic:
        all:
            electronic: 0.0918682292104
            not_electronic: 0.90813177824
        probability: 0.90813177824
        value: "not_electronic"
    mood_happy:
        all:
            happy: 0.881944000721
            not_happy: 0.11805600673
        probability: 0.881944000721
        value: "happy"
    mood_party:
        all:
            not_party: 0.586599588394
            party: 0.413400381804
        probability: 0.586599588394
        value: "not_party"
    mood_relaxed:
        all:
            not_relaxed: 0.939123690128
            relaxed: 0.0608762837946
        probability: 0.939123690128
        value: "not_relaxed"
    mood_sad:
        all:
            not_sad: 0.938341081142
            sad: 0.0616589225829
        probability: 0.938341081142
        value: "not_sad"
    rhythm:
        all:
            fast: 0.594437241554
            medium: 0.331617712975
            slow: 0.0739450529218
        probability: 0.594437241554
        value: "fast"
    speech_music:
        all:
            music: 0.999907016754
            speech: 9.29591988097e-05
        probability: 0.999907016754
        value: "music"
    timbre:
        all:
            bright: 0.84903627634
            dark: 0.15096372366
        probability: 0.84903627634
        value: "bright"
    voice_instrumental:
        all:
            instrumental: 0.0717873647809
            voice: 0.92821264267
        probability: 0.92821264267
        value: "voice"

lowlevel:
    average_loudness: 0.983337759972
    barkbands_kurtosis:
        dmean: 0.402020484209
        dmean2: 0.662170886993
        dvar: 0.246717378497
        dvar2: 0.531103312969
        max: 4.1018538475
        mean: -1.06415891647
        min: -1.7337898016
        var: 0.468171238899
    barkbands_skewness:
        dmean: 0.338747113943
        dmean2: 0.550202906132
        dvar: 0.075223967433
        dvar2: 0.191439375281
        max: 1.31615293026
        mean: -0.114109367132
        min: -1.97983169556
        var: 0.258791804314
    barkbands_spread:
        dmean: 3.62038850784
        dmean2: 5.85778331757
        dvar: 10.5137529373
        dvar2: 24.5942287445
        max: 48.5364074707
        mean: 28.2933254242
        min: 10.895406723
        var: 40.2630195618
    dissonance:
        dmean: 0.0164626110345
        dmean2: 0.0275829918683
        dvar: 0.000221254056669
        dvar2: 0.000548871408682
        max: 0.499999910593
        mean: 0.467139661312
        min: 0.316768109798
        var: 0.000442488031695
    hfc:
        dmean: 2.06879639626
        dmean2: 3.2086815834
        dvar: 6.92528676987
        dvar2: 13.3660793304
        max: 40.4024734497
        mean: 10.3984012604
        min: 0.197800502181
        var: 16.8900928497
    pitch:
        dmean: 364.824005127
        dmean2: 690.671813965
        dvar: 677184.75
        dvar2: 1936702.5
        max: 4410
        mean: 562.231994629
        min: 88.0239486694
        var: 653116.375
    pitch_instantaneous_confidence:
        dmean: 0.0817189738154
        dmean2: 0.133410826325
        dvar: 0.00464198039845
        dvar2: 0.0109587684274
        max: 0.770441651344
        mean: 0.42619612813
        min: 0.168184936047
        var: 0.0159492921084
    pitch_salience:
        dmean: 0.0562152341008
        dmean2: 0.0938835218549
        dvar: 0.00244087586179
        dvar2: 0.00602963194251
        max: 0.828087449074
        mean: 0.619172990322
        min: 0.303730368614
        var: 0.00686723738909
    silence_rate_20dB:
        dmean: 0
        dmean2: 0
        dvar: 0
        dvar2: 0
        max: 1
        mean: 1
        min: 1
        var: 0
    silence_rate_30dB:
        dmean: 0
        dmean2: 0
        dvar: 0
        dvar2: 0
        max: 1
        mean: 1
        min: 1
        var: 0
    silence_rate_60dB:
        dmean: 0.0279720276594
        dmean2: 0.0537383183837
        dvar: 0.0271894652396
        dvar2: 0.0555233471096
        max: 1
        mean: 0.037209302187
        min: 0
        var: 0.0358249209821
    spectral_centroid:
        dmean: 219.229614258
        dmean2: 350.371368408
        dvar: 31039.2773438
        dvar2: 78476.453125
        max: 3333.84106445
        mean: 1709.52856445
        min: 896.576660156
        var: 132203.953125
    spectral_complexity:
        dmean: 3.15186905861
        dmean2: 5.00468397141
        dvar: 9.6241350174
        dvar2: 21.4660186768
        max: 35
        mean: 18.6550121307
        min: 0
        var: 21.8763217926
    spectral_crest:
        dmean: 1.9545634985
        dmean2: 3.29298400879
        dvar: 3.27618360519
        dvar2: 8.09855747223
        max: 19.3063983917
        mean: 6.59589958191
        min: 3.01914143562
        var: 6.56457853317
    spectral_decrease:
        dmean: 2.92211865816e-10
        dmean2: 4.58975052409e-10
        dvar: 7.265289525e-20
        dvar2: 1.78863784168e-19
        max: -1.5081987742e-11
        mean: -1.37512956577e-09
        min: -3.17659210047e-09
        var: 1.99565762606e-19
    spectral_energy:
        dmean: 0.00124642183073
        dmean2: 0.00194760749582
        dvar: 1.42016108384e-06
        dvar2: 3.3383707887e-06
        max: 0.0145035767928
        mean: 0.00613322528079
        min: 7.48640377424e-05
        var: 3.85150588045e-06
    spectral_energyband_high:
        dmean: 0.000120636133943
        dmean2: 0.000170657105627
        dvar: 3.17376915859e-08
        dvar2: 5.41581393065e-08
        max: 0.00222081667744
        mean: 0.000382057362003
        min: 2.06636614166e-05
        var: 9.99432927529e-08
    spectral_energyband_low:
        dmean: 5.14206876687e-05
        dmean2: 8.34123202367e-05
        dvar: 7.07056946325e-09
        dvar2: 1.83682065114e-08
        max: 0.000707866391167
        mean: 0.000100813253084
        min: 1.50407117872e-07
        var: 9.50603773475e-09
    spectral_energyband_middle_high:
        dmean: 0.000743120210245
        dmean2: 0.00118602556176
        dvar: 7.02162935795e-07
        dvar2: 1.53869211772e-06
        max: 0.0122735816985
        mean: 0.00326759787276
        min: 2.60742417595e-05
        var: 1.77488914233e-06
    spectral_energyband_middle_low:
        dmean: 0.000848431664053
        dmean2: 0.00136234762613
        dvar: 7.66004234265e-07
        dvar2: 1.99123110178e-06
        max: 0.0102356486022
        mean: 0.0023827557452
        min: 2.79757041426e-05
        var: 1.84376358447e-06
    spectral_flatness_db:
        dmean: 0.0129353152588
        dmean2: 0.0205795057118
        dvar: 0.000109045511635
        dvar2: 0.000254942075117
        max: 0.228730916977
        mean: 0.144840076566
        min: 0.0890913978219
        var: 0.000388743064832
    spectral_flux:
        dmean: 0.00745448935777
        dmean2: 0.0119604431093
        dvar: 4.82708019263e-05
        dvar2: 0.000113995272841
        max: 0.0824175849557
        mean: 0.0463245362043
        min: 0.00865240115672
        var: 0.000111281326099
    spectral_kurtosis:
        dmean: 0.834592819214
        dmean2: 1.39499437809
        dvar: 0.761631309986
        dvar2: 1.52392947674
        max: 18.0425949097
        mean: 3.98817873001
        min: 0.282592535019
        var: 2.38524317741
    spectral_rms:
        dmean: 0.00024738610955
        dmean2: 0.000383608159609
        dvar: 5.93227156287e-08
        dvar2: 1.21995952895e-07
        max: 0.00376162608154
        mean: 0.00241247774102
        min: 0.000270255608484
        var: 1.63582285495e-07
    spectral_rolloff:
        dmean: 291.201293945
        dmean2: 481.395446777
        dvar: 74003.140625
        dvar2: 162144.125
        max: 5663.23242188
        mean: 3073.22387695
        min: 1765.72265625
        var: 336674.96875
    spectral_skewness:
        dmean: 0.130844146013
        dmean2: 0.212923318148
        dvar: 0.0169451422989
        dvar2: 0.0303547307849
        max: 3.20871543884
        mean: 1.51782238483
        min: 0.60629683733
        var: 0.0707636550069
    spectral_spread:
        dmean: 334728.53125
        dmean2: 491072.0625
        dvar: 91940495360
        dvar2: 174513143808
        max: 7545493
        mean: 4654233
        min: 2875763.25
        var: 682674356224
    spectral_strongpeak:
        dmean: 0.730399727821
        dmean2: 1.25677227974
        dvar: 0.800184249878
        dvar2: 1.99952697754
        max: 5.87086057663
        mean: 1.13379538059
        min: 0.011528391391
        var: 1.04854202271
    zerocrossingrate:
        dmean: 0.00663172639906
        dmean2: 0.0082241659984
        dvar: 5.29691678821e-05
        dvar2: 5.58248393645e-05
        max: 0.17724609375
        mean: 0.0958192199469
        min: 0.0322265625
        var: 0.000259322609054
    barkbands:
        dmean: [4.36942997339e-08, 3.16312543873e-05, 2.62393750745e-05, 9.35563948588e-05, 0.000215965570533, 0.000340049155056, 0.000138981282362, 0.000433049048297, 0.000164029086591, 0.000115943636047, 8.6802545411e-05, 6.83116377331e-05, 9.69052125583e-05, 0.000139670824865, 0.000131406661239, 0.000352653907612, 0.000229683981161, 0.000224188581342, 0.000191937899217, 0.000103178354038, 6.71852394589e-05, 2.63915189862e-05, 5.62180866837e-06, 1.7102225911e-06, 9.66438051364e-07, 7.19387713843e-08, 5.25733789836e-10]
        dmean2: [6.54122160881e-08, 5.26616822754e-05, 4.43791068392e-05, 0.000143310593558, 0.000345409382135, 0.000548207724933, 0.000215356398257, 0.000694927643053, 0.000271003809758, 0.000190598948393, 0.000134575588163, 0.000107285130071, 0.000153974950081, 0.000231228797929, 0.000219730747631, 0.000552078068722, 0.000351722555934, 0.00036278628977, 0.000304754561512, 0.000168581842445, 9.92962523014e-05, 4.00825920224e-05, 8.31551824376e-06, 2.41464317696e-06, 1.29107070279e-06, 1.06591436122e-07, 8.79772588114e-10]
        dvar: [1.69193526783e-14, 4.77653827602e-09, 1.38056877041e-09, 1.27018680018e-08, 1.24259699419e-07, 1.29777916413e-07, 3.45292114901e-08, 4.42634132014e-07, 2.89360372108e-07, 3.62304142243e-08, 3.24992619483e-08, 9.09990394149e-09, 3.33454650558e-08, 5.44962119875e-08, 6.1691686426e-08, 1.74457227331e-07, 5.85655932639e-08, 5.91152371499e-08, 1.04563255832e-07, 1.97429788074e-08, 6.94037050053e-09, 3.99797350781e-09, 2.15677739557e-10, 1.24901981119e-11, 2.55313261852e-12, 1.9915699542e-14, 6.95566250928e-19]
        dvar2: [2.45021102068e-14, 1.27407329131e-08, 3.60903240626e-09, 3.20939577136e-08, 3.03950287162e-07, 3.50914518776e-07, 8.20728587314e-08, 1.18828859286e-06, 7.13540543984e-07, 8.5011521378e-08, 6.83296121906e-08, 2.15243076696e-08, 7.43856958252e-08, 1.34769351234e-07, 1.66969940096e-07, 4.00993940275e-07, 1.19073142457e-07, 1.45919102579e-07, 2.3245665659e-07, 4.64057556826e-08, 1.37689566415e-08, 7.06340852474e-09, 3.8937206237e-10, 1.56655417805e-11, 4.52750207117e-12, 5.16051943203e-14, 1.5941131116e-18]
        max: [2.16467219616e-06, 0.000546518305782, 0.000411044282373, 0.00126552314032, 0.00342071219347, 0.00368932727724, 0.00311708101071, 0.00532867619768, 0.00950528960675, 0.0018463783199, 0.00237762415782, 0.00107749563176, 0.00234890379943, 0.00288023403846, 0.00282042101026, 0.00381804001518, 0.003820046084, 0.00238114013337, 0.00460127368569, 0.00135091028642, 0.00089009210933, 0.000839205575176, 0.00023291844991, 5.64493057027e-05, 2.30025252677e-05, 1.49374523062e-06, 1.06347055606e-08]
        mean: [4.57398741105e-08, 5.15414649271e-05, 4.92303006467e-05, 0.000179702517926, 0.000352830829797, 0.000595168559812, 0.000260632717982, 0.000678461568896, 0.000276215636404, 0.000192797699128, 0.000139800220495, 0.000112952286145, 0.000153258966748, 0.000236014791881, 0.000219340770855, 0.000711239583325, 0.000504476949573, 0.000484531745315, 0.00043568352703, 0.000247560674325, 0.000171094623511, 6.05195564276e-05, 1.27905250338e-05, 4.52673521067e-06, 2.67912150775e-06, 1.30135816789e-07, 6.14659045883e-10]
        min: [7.00781169205e-11, 3.38012107193e-08, 1.16290252095e-07, 2.92652032385e-07, 4.33195782534e-06, 9.01231305761e-06, 2.41238012677e-06, 1.99850160243e-06, 3.38704211345e-07, 1.94111819951e-07, 1.35886125463e-06, 5.42969587514e-07, 7.90073954704e-07, 7.52446737806e-07, 1.30477616267e-07, 3.02640273731e-06, 7.67006804381e-06, 4.16653165303e-06, 2.93604239232e-06, 6.90395472702e-06, 2.44976104113e-06, 1.6987211211e-06, 2.50707330451e-07, 1.14318133626e-07, 8.87645015268e-08, 2.46395637227e-09, 8.17468813995e-13]
        var: [2.25001647766e-14, 4.5287498196e-09, 3.45000294999e-09, 3.03056530981e-08, 1.55501410859e-07, 2.98778729757e-07, 1.22558105886e-07, 7.70835072217e-07, 7.60484113016e-07, 7.21164568063e-08, 6.75925235782e-08, 1.55998449713e-08, 6.64465815703e-08, 1.13446176897e-07, 9.26426366732e-08, 3.21281760307e-07, 1.85120811125e-07, 1.26893468178e-07, 1.75704442995e-07, 4.23596162591e-08, 2.25789982267e-08, 7.89231613396e-09, 5.06865105443e-10, 3.38130946853e-11, 5.85027946226e-12, 2.96821656067e-14, 8.8402818656e-19]
    mfcc:
        mean: [-674.097961426, 101.526161194, -57.8964881897, 43.6733093262, -11.9004764557, -12.4385375977, -16.2868537903, -11.173075676, -3.05789017677, -9.83105373383, -4.92667579651, -4.52059698105, -1.95554590225]
        cov: [[471.278991699, -112.70488739, 67.9697799683, -30.5893554688, -42.9705924988, 25.778263092, 5.58740901947, -17.7576293945, -4.78749418259, 19.9127464294, 0.324193000793, 15.4933958054, -10.7540464401], [-112.70488739, 353.280731201, -60.1872634888, 2.60987043381, 19.0913448334, 14.3434085846, 51.4606285095, 29.1798973083, 45.2927131653, 38.3112487793, 59.235206604, 7.38817691803, 18.0944347382], [67.9697799683, -60.1872634888, 194.996673584, 41.2597503662, 20.7947483063, 45.7464637756, -34.3494644165, 14.5688791275, 12.8013496399, 10.6409082413, 7.07652330399, -2.98343610764, 16.763999939], [-30.5893554688, 2.60987043381, 41.2597503662, 128.32472229, 51.6533126831, -8.19120788574, -17.1185436249, 14.3361101151, 26.2517204285, 9.18263530731, -1.37294995785, 8.73190879822, 10.9520330429], [-42.9705924988, 19.0913448334, 20.7947483063, 51.6533126831, 107.158454895, 14.2000312805, 0.901515901089, 1.48938596249, 15.6883716583, 8.94159603119, 3.39810848236, -19.4608650208, 8.79292583466], [25.778263092, 14.3434085846, 45.7464637756, -8.19120788574, 14.2000312805, 126.349983215, 51.6764411926, 3.50039982796, -3.38160181046, 10.5182313919, 19.0835285187, 8.109126091, 9.58088588715], [5.58740901947, 51.4606285095, -34.3494644165, -17.1185436249, 0.901515901089, 51.6764411926, 110.912124634, 23.9188137054, 2.99948549271, 6.90144586563, 14.9505968094, 7.63914251328, -2.74438238144], [-17.7576293945, 29.1798973083, 14.5688791275, 14.3361101151, 1.48938596249, 3.50039982796, 23.9188137054, 71.3466033936, 41.5557479858, 14.8140039444, 2.34428286552, 6.99203920364, 9.14467144012], [-4.78749418259, 45.2927131653, 12.8013496399, 26.2517204285, 15.6883716583, -3.38160181046, 2.99948549271, 41.5557479858, 90.7610778809, 50.659286499, 7.69722700119, 8.11086368561, 11.3437042236], [19.9127464294, 38.3112487793, 10.6409082413, 9.18263530731, 8.94159603119, 10.5182313919, 6.90144586563, 14.8140039444, 50.659286499, 84.7061462402, 32.6470565796, 8.39973449707, 1.83598709106], [0.324193000793, 59.235206604, 7.07652330399, -1.37294995785, 3.39810848236, 19.0835285187, 14.9505968094, 2.34428286552, 7.69722700119, 32.6470565796, 63.8713035583, 18.5610294342, 7.73763084412], [15.4933958054, 7.38817691803, -2.98343610764, 8.73190879822, -19.4608650208, 8.109126091, 7.63914251328, 6.99203920364, 8.11086368561, 8.39973449707, 18.5610294342, 62.928894043, 17.8703117371], [-10.7540464401, 18.0944347382, 16.763999939, 10.9520330429, 8.79292583466, 9.58088588715, -2.74438238144, 9.14467144012, 11.3437042236, 1.83598709106, 7.73763084412, 17.8703117371, 52.4383621216]]
        icov: [[0.00270942924544, 0.000759806483984, -0.00121865828987, 0.000571939046495, 0.000852427969221, 0.000180061731953, -0.00103904434945, 0.0012531975517, -0.000419210089603, -0.000897145248018, 0.000177383990376, -0.000669277331326, 0.000438855349785], [0.000759806483984, 0.00445469794795, 0.00139465217944, -0.000179116337677, 0.000122333338368, -0.000202598821488, -0.0010891003767, -0.000206050361157, -0.00220253621228, 0.000652578601148, -0.00430982979015, 0.00140391953755, -0.00118320935871], [-0.00121865828987, 0.00139465217944, 0.00916279666126, -0.00262091285549, 0.000108645865112, -0.00506188720465, 0.00511402497068, -0.00371704366989, -8.41626751935e-06, 0.000460691866465, -0.0027016424574, 0.00266405707225, -0.00181407807395], [0.000571939046495, -0.000179116337677, -0.00262091285549, 0.0120353819802, -0.00606101658195, 0.00205700634979, 0.000487637153128, -0.000691558758263, -0.0014725336805, 0.000106084458821, 0.00168487709016, -0.00462160026655, 0.000931129558012], [0.000852427969221, 0.000122333338368, 0.000108645865112, -0.00606101658195, 0.0146123599261, -0.00194647884928, -0.000994024681859, 0.00244492897764, -0.00209723808803, 4.31017761002e-05, -0.00172045396175, 0.00681510614231, -0.00282568647526], [0.000180061731953, -0.000202598821488, -0.00506188720465, 0.00205700634979, -0.00194647884928, 0.0136329615489, -0.00791996810585, 0.00273314863443, 0.00110754987691, -0.00121495698113, -0.000260963715846, -0.00177771120798, -0.00131285504904], [-0.00103904434945, -0.0010891003767, 0.00511402497068, 0.000487637153128, -0.000994024681859, -0.00791996810585, 0.0167714152485, -0.00768991839141, 0.0021855738014, 0.000305023859255, -0.00131118227728, -0.000447873666417, 0.00212109624408], [0.0012531975517, -0.000206050361157, -0.00371704366989, -0.000691558758263, 0.00244492897764, 0.00273314863443, -0.00768991839141, 0.0241025388241, -0.0116979107261, 0.00293237809092, 0.000750650127884, -0.000413900677813, -0.00139600154944], [-0.000419210089603, -0.00220253621228, -8.41626751935e-06, -0.0014725336805, -0.00209723808803, 0.00110754987691, 0.0021855738014, -0.0116979107261, 0.0265326183289, -0.0151580888778, 0.00713296141475, -0.00204498297535, -0.00227659568191], [-0.000897145248018, 0.000652578601148, 0.000460691866465, 0.000106084458821, 4.31017761002e-05, -0.00121495698113, 0.000305023859255, 0.00293237809092, -0.0151580888778, 0.0247711855918, -0.012040246278, 0.00134141766466, 0.0028719950933], [0.000177383990376, -0.00430982979015, -0.0027016424574, 0.00168487709016, -0.00172045396175, -0.000260963715846, -0.00131118227728, 0.000750650127884, 0.00713296141475, -0.012040246278, 0.0280461329967, -0.00778303481638, -0.000435550493421], [-0.000669277331326, 0.00140391953755, 0.00266405707225, -0.00462160026655, 0.00681510614231, -0.00177771120798, -0.000447873666417, -0.000413900677813, -0.00204498297535, 0.00134141766466, -0.00778303481638, 0.023692863062, -0.00780770927668], [0.000438855349785, -0.00118320935871, -0.00181407807395, 0.000931129558012, -0.00282568647526, -0.00131285504904, 0.00212109624408, -0.00139600154944, -0.00227659568191, 0.0028719950933, -0.000435550493421, -0.00780770927668, 0.0241388604045]]
    spectral_contrast:
        mean: [-3.06342172962e-07, 3.02069821601e-07, 5.84340853038e-07, 8.75312977655e-09, 2.27720306611e-07, -6.9677689396e-08, -2.42736086875e-06, 1.07128585114e-06, 8.56695180573e-07, -1.3275927131e-06, 5.20769526702e-06, -1.87567067655e-07]
        var: [0.000569820869714, 0.000733810418751, 0.00162257067859, 0.00212047528476, 0.00296019553207, 0.00398535421118, 0.0332289859653, 0.0592529773712, 0.123097002506, 0.184052973986, 0.291755735874, 0.411095142365]

rhythm:
    beats_loudness:
        dmean: 0.00252476753667
        dmean2: 0.00472819013521
        dvar: 2.32278898693e-06
        dvar2: 6.30618842479e-06
        max: 0.0101096145809
        mean: 0.00605322886258
        min: 0.00336725939997
        var: 3.28408918904e-06
    beats_loudness_bass:
        dmean: 0.0324974507093
        dmean2: 0.0541081726551
        dvar: 0.000854547775816
        dvar2: 0.00224450742826
        max: 0.119128532708
        mean: 0.036977995187
        min: 0.00503705535084
        var: 0.000782181043178
    bpm: 99.2973251343
    bpm_confidence: 0
    first_peak_bpm: 99
    first_peak_spread: 0
    first_peak_weight: 0.5
    onset_rate: 2.6123688221
    second_peak_bpm: 139
    second_peak_spread: 0
    second_peak_weight: 0.444444447756
    beats_position: [0.0625633299351, 0.666828811169, 1.271094203, 1.87535977364, 2.47962522507, 3.0838906765, 3.68815612793, 4.29242181778, 4.89668703079, 5.50095272064, 6.03158855438, 6.46373939514, 6.89588975906, 7.32804107666, 7.76019191742, 8.19234275818, 8.62449359894, 9.05664539337, 9.48879623413]
    bpm_estimates: [99.8372802734, 98.3739776611, 99.7998580933, 99.3298339844, 99.7207183838, 98.7222671509]
    bpm_intervals: [0.604265451431, 0.604265391827, 0.604265570641, 0.604265451431, 0.604265451431, 0.604265451431, 0.60426568985, 0.604265213013, 0.60426568985, 0.53063583374, 0.432150840759, 0.432150363922, 0.432151317596, 0.432150840759, 0.432150840759, 0.432150840759, 0.432151794434, 0.432150840759]
    onset_times: [0.0348299331963, 0.394739240408, 0.893968224525, 1.6137868166, 2.20589566231, 2.32199549675, 2.53097510338, 2.84444451332, 3.14630389214, 3.39011335373, 3.70358276367, 4.01705217361, 4.34213161469, 4.87619066238, 4.95746040344, 5.27092981339, 5.5727891922, 6.28099775314, 6.45514726639, 7.38394546509, 7.66258525848, 7.92961454391, 8.12698459625, 8.88163280487, 9.50857162476, 9.85687065125]
    rubato_start: [6.46373939514]
    rubato_stop: [9.48879623413]
    perceptual_tempo: "unknown"

sfx:
    inharmonicity:
        dmean: 0.0538370199502
        dmean2: 0.0952376425266
        dvar: 0.00368299987167
        dvar2: 0.0104533443227
        max: 0.442915141582
        mean: 0.0626498162746
        min: 0
        var: 0.00351482443511
    oddtoevenharmonicenergyratio:
        dmean: 2.3728787899
        dmean2: 4.11269140244
        dvar: 25.2852039337
        dvar2: 59.517539978
        max: 65.6773452759
        mean: 2.08638429642
        min: 0
        var: 26.2563800812
    pitch_after_max_to_before_max_energy_ratio: 14.439915657
    pitch_centroid: 207.828643799
    pitch_max_to_total: 0.00466200476512
    pitch_min_to_total: 0.876456856728
    tristimulus:
        dmean: [0.163290590048, 0.217476785183, 0.128284320235]
        dmean2: [0.279203295708, 0.377758860588, 0.223729595542]
        dvar: [0.0210551787168, 0.0421144329011, 0.0130462571979]
        dvar2: [0.0601252391934, 0.118229992688, 0.0368651412427]
        max: [1, 0.933420598507, 0.549815535545]
        mean: [0.286236047745, 0.525308251381, 0.138673514128]
        min: [0.0015965194907, 0, 0]
        var: [0.0297225881368, 0.0523182302713, 0.0152673041448]

tonal:
    chords_changes_rate: 0.0416666679084
    chords_number_rate: 0.0138888889924
    chords_strength:
        dmean: 0.0092459032312
        dmean2: 0.0101910447702
        dvar: 4.8312387662e-05
        dvar2: 7.39659080864e-05
        max: 0.775530576706
        mean: 0.607255101204
        min: 0.474031686783
        var: 0.00579943833873
    key_strength: 0.755922973156
    tuning_diatonic_strength: 0.573307216167
    tuning_equal_tempered_deviation: 0.0361236743629
    tuning_frequency: 451.065460205
    tuning_nontempered_energy_ratio: 0.729636311531
    hpcp:
        dmean: [0.107689015567, 0.086302600801, 0.0597372986376, 0.0600627735257, 0.072303019464, 0.12945753336, 0.189273104072, 0.158536031842, 0.200968399644, 0.194318890572, 0.196143850684, 0.166750922799, 0.149422287941, 0.115810759366, 0.136679276824, 0.176785483956, 0.139324977994, 0.107985690236, 0.0980864614248, 0.120191022754, 0.21935775876, 0.260243326426, 0.206334426999, 0.136989802122, 0.133208379149, 0.116914428771, 0.0883601680398, 0.14834408462, 0.174179837108, 0.164844915271, 0.169341519475, 0.132600858808, 0.101699769497, 0.0804237127304, 0.0701998099685, 0.0841179266572]
        dmean2: [0.175866514444, 0.136517778039, 0.0946373566985, 0.104105778039, 0.124332331121, 0.225642666221, 0.317363232374, 0.259071677923, 0.327647924423, 0.320202410221, 0.330470204353, 0.266263395548, 0.252246975899, 0.192790806293, 0.228700831532, 0.304848313332, 0.240096494555, 0.178826794028, 0.169005200267, 0.202179685235, 0.366213172674, 0.442550897598, 0.352069735527, 0.23323123157, 0.23398219049, 0.206172004342, 0.145352467895, 0.239617735147, 0.299052238464, 0.27627068758, 0.277059823275, 0.220618933439, 0.170831516385, 0.132594928145, 0.116690039635, 0.136676162481]
        dvar: [0.0164508689195, 0.00928388722241, 0.0062226341106, 0.00758906919509, 0.0107867643237, 0.0264473743737, 0.0495285801589, 0.0264905132353, 0.0338202193379, 0.0388514325023, 0.0371961332858, 0.0373938046396, 0.0349518433213, 0.0251322612166, 0.0311600789428, 0.0453186482191, 0.0313657931983, 0.0211381800473, 0.0196190420538, 0.0190954636782, 0.0370697230101, 0.0499706268311, 0.0396582707763, 0.0271783675998, 0.0299198701978, 0.0224593188614, 0.0125634828582, 0.0326167494059, 0.0441727973521, 0.0330204367638, 0.030553560704, 0.0288699381053, 0.0209811478853, 0.0131872519851, 0.0115534812212, 0.0112018706277]
        dvar2: [0.0366010963917, 0.0205476954579, 0.0153930010274, 0.0188408512622, 0.0268834810704, 0.0653663799167, 0.120500810444, 0.0725670903921, 0.0801532715559, 0.0813751071692, 0.0853049010038, 0.0952850058675, 0.0841729640961, 0.0604774802923, 0.0670914798975, 0.118627592921, 0.0815207436681, 0.0542261749506, 0.0504077486694, 0.0485885776579, 0.088010750711, 0.120131894946, 0.0987809970975, 0.0695523917675, 0.0734225362539, 0.0548794642091, 0.0281195770949, 0.0813227072358, 0.107110477984, 0.0798810198903, 0.0726585537195, 0.0636254027486, 0.0485684126616, 0.0329378731549, 0.0239524617791, 0.0227899365127]
        max: [1, 0.812771260738, 0.635705113411, 0.785022854805, 1, 1, 1, 1, 1, 1, 1, 1, 1, 1, 1, 1, 1, 1, 1, 1, 1, 1, 1, 1, 1, 0.948202311993, 1, 1, 1, 1, 1, 1, 1, 0.941422939301, 1, 0.878057062626]
        mean: [0.199938759208, 0.156791463494, 0.0946722105145, 0.0826025828719, 0.100118882954, 0.200503125787, 0.303409069777, 0.294533222914, 0.418700784445, 0.539245903492, 0.372844934464, 0.235550433397, 0.194236472249, 0.160534650087, 0.219852313399, 0.285141885281, 0.223177626729, 0.154899999499, 0.139561593533, 0.154565557837, 0.342015624046, 0.475229978561, 0.331550389528, 0.202181279659, 0.194906458259, 0.149924442172, 0.142147228122, 0.203777611256, 0.220172375441, 0.257662475109, 0.298950761557, 0.225767537951, 0.138619124889, 0.113958410919, 0.107622273266, 0.149626672268]
        min: [0.0155095569789, 0.00875633209944, 0.00421521672979, 0.00533034885302, 0.00356088066474, 0.00545245409012, 0.00935996696353, 0.0111904693767, 0.0212114360183, 0.0199120845646, 0.0203305464238, 0.00909276120365, 0.00505695072934, 0.00755174132064, 0.00717625766993, 0.00694385636598, 0.00707475701347, 0.00337971514091, 0.00259995413944, 0.00424591405317, 0.00711241317913, 0.0090463925153, 0.0142362946644, 0.0146747007966, 0.00545643595979, 0.00750075094402, 0.00529934465885, 0.00825062021613, 0.00871264189482, 0.0188166499138, 0.0193712022156, 0.012388844043, 0.00467909313738, 0.00363452848978, 0.0034526088275, 0.0116841662675]
        var: [0.0448392629623, 0.021610442549, 0.00829703453928, 0.0102080293, 0.0161247290671, 0.0410272777081, 0.0826367214322, 0.0563351437449, 0.0875463560224, 0.129183366895, 0.0695843324065, 0.0630186796188, 0.0539725832641, 0.0325092487037, 0.0538532286882, 0.0784851238132, 0.0507682226598, 0.0321802869439, 0.0358669161797, 0.0285025164485, 0.0618109516799, 0.0933461636305, 0.06242480129, 0.0361785143614, 0.0398891456425, 0.0256146434695, 0.0221799835563, 0.0491534695029, 0.0534632876515, 0.0534934028983, 0.0635228678584, 0.0515084117651, 0.0256334468722, 0.0178796388209, 0.0177038554102, 0.0208487752825]
    chords_histogram: [31.9444446564, 28.7037029266, 0, 0, 0, 0, 0, 0, 0, 0, 0, 0, 0, 0, 0, 0, 0, 0, 0, 0, 0, 0, 0, 39.351852417]
    thpcp: [1, 0.691419124603, 0.436814516783, 0.360200166702, 0.297702133656, 0.407703250647, 0.528778970242, 0.413869857788, 0.287252992392, 0.25880882144, 0.28663277626, 0.63424795866, 0.881286203861, 0.614840805531, 0.374933362007, 0.361442625523, 0.278026103973, 0.263603717089, 0.377893656492, 0.408296793699, 0.477820008993, 0.554386734962, 0.418672710657, 0.257061064243, 0.211329206824, 0.199579209089, 0.277473926544, 0.370774745941, 0.290760606527, 0.175564080477, 0.153181657195, 0.185664609075, 0.371821314096, 0.56265437603, 0.54619461298, 0.77645611763]
    chords_key: "A"
    chords_scale: "minor"
    key_key: "C"
    key_scale: "major"
    chords_progression: ["C", "C", "C", "C", "C", "C", "C", "C", "C", "C", "C", "C", "C", "C", "C", "C", "C", "Em", "Em", "Em", "Em", "Em", "Em", "Em", "Em", "Em", "Em", "Em", "Em", "Em", "Em", "Em", "Em", "Em", "Em", "Em", "Em", "Em", "Em", "Em", "Em", "Em", "Em", "Em", "C", "C", "C", "C", "C", "C", "C", "C", "C", "C", "C", "C", "C", "C", "C", "C", "C", "C", "C", "Am", "Am", "Am", "Am", "Am", "Am", "Am", "Am", "Am", "Am", "Am", "Am", "Am", "Am", "Am", "Am", "Am", "Am", "Am", "Am", "Am", "Am", "Am", "Am", "Am", "Am", "Am", "Am", "Am", "Am", "Am", "Am", "Am", "Am", "Am", "Am", "Am", "Am", "Am", "Am", "C", "C", "C", "C", "C", "C", "C", "C", "C", "C", "C", "C", "C", "C", "C", "C", "C", "C", "C", "C", "C", "C", "C", "Em", "Em", "Em", "Em", "Em", "Em", "Em", "Em", "Em", "Em", "Em", "Em", "Em", "Em", "Em", "Em", "Em", "Em", "Em", "Em", "Em", "Em", "Em", "Em", "Em", "Em", "Em", "Em", "Em", "Em", "Em", "Em", "Em", "Em", "Em", "C", "C", "C", "C", "C", "C", "C", "C", "Am", "Am", "Am", "Am", "Am", "Am", "Am", "Am", "Am", "Am", "Am", "Am", "Am", "Am", "Am", "Am", "Am", "Am", "Am", "Am", "Am", "Am", "Am", "Am", "Am", "Am", "Am", "Am", "Am", "Am", "Am", "Am", "Am", "Am", "Am", "Am", "Am", "Am", "Am", "Am", "Am", "Am", "Am", "C", "C", "Am", "Am"]
