
metadata:
    version:
        essentia: "1.2.2"
    audio_properties:
        analysis_sample_rate: 44100
        bitrate: 128
        channels: 2
        equal_loudness: 1
        length: 9.92653083801
        replay_gain: 2.60346031189
        downmix: "mix"
    tags:
        track: 31
        year: 0
        album: "Splitted by Mp3Splt v. 2.1"
        artist: "From 005.00 To 005.10"
        comment: "http://mp3splt.sf.net"
        genre: ""
        title: "14 My Vietnam.mp3"

highlevel:
    ballroom:
        all:
            ChaChaCha: 0.165243521333
            Jive: 0.217278823256
            Quickstep: 0.126389726996
            Rumba-American: 0.0051859584637
            Rumba-International: 0.00460241315886
            Rumba-Misc: 0.00324218790047
            Samba: 0.0588603317738
            Tango: 0.377175450325
            VienneseWaltz: 0.0266059171408
            Waltz: 0.0154156433418
        probability: 0.377175450325
        value: "Tango"
    culture:
        all:
            non_western: 0.478667497635
            western: 0.521332502365
        probability: 0.521332502365
        value: "western"
    gender:
        all:
            female: 0.403274089098
            male: 0.5967258811
        probability: 0.5967258811
        value: "male"
    genre_dortmund:
        all:
            alternative: 0.056925278157
            blues: 0.122200138867
            electronic: 0.115862824023
            folkcountry: 0.0223192516714
            funksoulrnb: 0.0946465656161
            jazz: 0.320243120193
            pop: 0.0176691822708
            raphiphop: 0.049994815141
            rock: 0.200138822198
        probability: 0.320243120193
        value: "jazz"
    genre_electronica:
        all:
            ambient: 0.645017564297
            dnb: 0.23521655798
            house: 0.0247968100011
            techno: 0.0311301816255
            trance: 0.063838891685
        probability: 0.645017564297
        value: "ambient"
    genre_rosamerica:
        all:
            cla: 0.155048772693
            dan: 0.0318631529808
            hip: 0.1431389153
            jaz: 0.024629669264
            pop: 0.0996788516641
            rhy: 0.0271992925555
            roc: 0.512186169624
            spe: 0.00625516753644
        probability: 0.512186169624
        value: "roc"
    genre_tzanetakis:
        all:
            blu: 0.015321534127
            cla: 0.102975048125
            cou: 0.0528969950974
            dis: 0.202531710267
            hip: 0.0432096198201
            jaz: 0.2321626544
            met: 0.0178778134286
            pop: 0.0952797010541
            reg: 0.085587143898
            roc: 0.152157783508
        probability: 0.2321626544
        value: "jaz"
    live_studio:
        all:
            live: 0.248989164829
            studio: 0.751010835171
        probability: 0.751010835171
        value: "studio"
    mood:
        all:
            Cluster1: 0.248117163777
            Cluster2: 0.12479082495
            Cluster3: 0.106615230441
            Cluster4: 0.092523701489
            Cluster5: 0.427953064442
        probability: 0.427953064442
        value: "Cluster5"
    mood_acoustic:
        all:
            acoustic: 0.075203999877
            not_acoustic: 0.924795985222
        probability: 0.924795985222
        value: "not_acoustic"
    mood_aggressive:
        all:
            aggressive: 0.899185299873
            not_aggressive: 0.100814722478
        probability: 0.899185299873
        value: "aggressive"
    mood_electronic:
        all:
            electronic: 0.529481232166
            not_electronic: 0.470518767834
        probability: 0.529481232166
        value: "electronic"
    mood_happy:
        all:
            happy: 0.507281303406
            not_happy: 0.492718666792
        probability: 0.507281303406
        value: "happy"
    mood_party:
        all:
            not_party: 0.325475305319
            party: 0.674524664879
        probability: 0.674524664879
        value: "party"
    mood_relaxed:
        all:
            not_relaxed: 0.838287234306
            relaxed: 0.161712780595
        probability: 0.838287234306
        value: "not_relaxed"
    mood_sad:
        all:
            not_sad: 0.812052309513
            sad: 0.187947675586
        probability: 0.812052309513
        value: "not_sad"
    rhythm:
        all:
            fast: 0.701997995377
            medium: 0.287939339876
            slow: 0.0100626591593
        probability: 0.701997995377
        value: "fast"
    speech_music:
        all:
            music: 0.996977865696
            speech: 0.00302215549164
        probability: 0.996977865696
        value: "music"
    timbre:
        all:
            bright: 0.264604687691
            dark: 0.735395312309
        probability: 0.735395312309
        value: "dark"
    voice_instrumental:
        all:
            instrumental: 0.969663023949
            voice: 0.0303369611502
        probability: 0.969663023949
        value: "instrumental"

lowlevel:
    average_loudness: 0.738566339016
    barkbands_kurtosis:
        dmean: 0.780358970165
        dmean2: 1.25232207775
        dvar: 1.31684589386
        dvar2: 3.45055341721
        max: 11.2116880417
        mean: -0.232227444649
        min: -1.79809117317
        var: 3.47069740295
    barkbands_skewness:
        dmean: 0.378251761198
        dmean2: 0.591434895992
        dvar: 0.109707906842
        dvar2: 0.260496288538
        max: 3.22297763824
        mean: -0.100502148271
        min: -2.05186486244
        var: 0.720175743103
    barkbands_spread:
        dmean: 3.89173960686
        dmean2: 6.36240673065
        dvar: 12.1694946289
        dvar2: 31.9949264526
        max: 46.3323059082
        mean: 22.5367698669
        min: 7.62483549118
        var: 54.2261047363
    dissonance:
        dmean: 0.0190945994109
        dmean2: 0.0321678966284
        dvar: 0.000484915741254
        dvar2: 0.000961061799899
        max: 0.499908387661
        mean: 0.468393981457
        min: 0.249049499631
        var: 0.000675208168104
    hfc:
        dmean: 1.22717690468
        dmean2: 1.95065879822
        dvar: 4.92458105087
        dvar2: 12.7207202911
        max: 27.3644428253
        mean: 4.86987829208
        min: 0.002952843206
        var: 19.7368869781
    pitch:
        dmean: 154.198547363
        dmean2: 294.470001221
        dvar: 76793.2890625
        dvar2: 221263.0625
        max: 2321.05273438
        mean: 369.358612061
        min: 72.5328979492
        var: 58226.6640625
    pitch_instantaneous_confidence:
        dmean: 0.0832479596138
        dmean2: 0.132225424051
        dvar: 0.00478677265346
        dvar2: 0.0113367978483
        max: 0.904503703117
        mean: 0.460023313761
        min: 0.135557949543
        var: 0.0307862311602
    pitch_salience:
        dmean: 0.0653086826205
        dmean2: 0.10312910378
        dvar: 0.00305702770129
        dvar2: 0.00788295082748
        max: 0.863558828831
        mean: 0.610560894012
        min: 0.34441819787
        var: 0.00891681853682
    silence_rate_20dB:
        dmean: 0
        dmean2: 0
        dvar: 0
        dvar2: 0
        max: 1
        mean: 1
        min: 1
        var: 0
    silence_rate_30dB:
        dmean: 0
        dmean2: 0
        dvar: 0
        dvar2: 0
        max: 1
        mean: 1
        min: 1
        var: 0
    silence_rate_60dB:
        dmean: 0.0841121524572
        dmean2: 0.168618261814
        dvar: 0.0770375952125
        dvar2: 0.172973781824
        max: 1
        mean: 0.62703961134
        min: 0
        var: 0.233860611916
    spectral_centroid:
        dmean: 192.386734009
        dmean2: 296.693267822
        dvar: 30767.6230469
        dvar2: 60085.1015625
        max: 2680.62304688
        mean: 1629.49243164
        min: 278.68157959
        var: 273651.71875
    spectral_complexity:
        dmean: 2.1779859066
        dmean2: 3.4178404808
        dvar: 6.6521859169
        dvar2: 14.938126564
        max: 42
        mean: 10.602804184
        min: 0
        var: 74.6739196777
    spectral_crest:
        dmean: 2.02962827682
        dmean2: 3.36560797691
        dvar: 3.53517866135
        dvar2: 9.01136302948
        max: 18.5831413269
        mean: 6.99322557449
        min: 3.15352272987
        var: 8.41651535034
    spectral_decrease:
        dmean: 2.39922554046e-10
        dmean2: 3.62654212216e-10
        dvar: 3.76983790159e-19
        dvar2: 8.735691081e-19
        max: -1.22655195462e-12
        mean: -7.03551328307e-10
        min: -7.33643146233e-09
        var: 8.01391550897e-19
    spectral_energy:
        dmean: 0.00100672605913
        dmean2: 0.00152110727504
        dvar: 6.21706521997e-06
        dvar2: 1.4586904399e-05
        max: 0.0301714278758
        mean: 0.00309707596898
        min: 4.89711464979e-06
        var: 1.39311723615e-05
    spectral_energyband_high:
        dmean: 3.64669867849e-05
        dmean2: 6.03884654993e-05
        dvar: 3.38150440982e-09
        dvar2: 9.26883902963e-09
        max: 0.00102999841329
        mean: 0.000109213302494
        min: 7.3494483388e-08
        var: 1.53760453259e-08
    spectral_energyband_low:
        dmean: 0.00014852960885
        dmean2: 0.00024302105885
        dvar: 1.83277947485e-07
        dvar2: 4.38776993406e-07
        max: 0.00487141124904
        mean: 0.000178796210093
        min: 3.63054581953e-08
        var: 2.4446342195e-07
    spectral_energyband_middle_high:
        dmean: 0.000524516915902
        dmean2: 0.000862650049385
        dvar: 1.11525241664e-06
        dvar2: 3.10320456265e-06
        max: 0.0130753070116
        mean: 0.00182101584505
        min: 4.43576368525e-07
        var: 2.97628480439e-06
    spectral_energyband_middle_low:
        dmean: 0.000559533538762
        dmean2: 0.000872193370014
        dvar: 2.32531351685e-06
        dvar2: 5.41017470823e-06
        max: 0.0162558127195
        mean: 0.000988041283563
        min: 3.83935321224e-06
        var: 3.77924084205e-06
    spectral_flatness_db:
        dmean: 0.0130956200883
        dmean2: 0.0212507285178
        dvar: 0.000130957196234
        dvar2: 0.000345988140907
        max: 0.259032517672
        mean: 0.169331341982
        min: 0.11263653636
        var: 0.000605432782322
    spectral_flux:
        dmean: 0.00629733363166
        dmean2: 0.00973336305469
        dvar: 0.000119881930004
        dvar2: 0.000245273666224
        max: 0.138744086027
        mean: 0.0289958976209
        min: 0.00383596145548
        var: 0.000406516861403
    spectral_kurtosis:
        dmean: 1.78975749016
        dmean2: 3.12086963654
        dvar: 3.83566474915
        dvar2: 10.1403093338
        max: 27.231672287
        mean: 7.13105821609
        min: 3.27417612076
        var: 5.82973575592
    spectral_rms:
        dmean: 0.00022640300449
        dmean2: 0.000329953443725
        dvar: 1.34238447913e-07
        dvar2: 2.91227678417e-07
        max: 0.00542545272037
        mean: 0.00150576292071
        min: 6.91207096679e-05
        var: 7.54215648158e-07
    spectral_rolloff:
        dmean: 295.917449951
        dmean2: 483.73840332
        dvar: 120271.78125
        dvar2: 270535.75
        max: 3962.109375
        mean: 2837.60424805
        min: 279.931640625
        var: 666115.4375
    spectral_skewness:
        dmean: 0.210789203644
        dmean2: 0.350281000137
        dvar: 0.0502756908536
        dvar2: 0.13438488543
        max: 4.15446710587
        mean: 1.82078790665
        min: 1.26921522617
        var: 0.125937044621
    spectral_spread:
        dmean: 296855.53125
        dmean2: 451961.09375
        dvar: 781658423296
        dvar2: 606876139520
        max: 25087598
        mean: 3339480.5
        min: 1775729.75
        var: 1.29289014477e+12
    spectral_strongpeak:
        dmean: 0.431834429502
        dmean2: 0.687577605247
        dvar: 0.329222410917
        dvar2: 0.840208888054
        max: 5.32952642441
        mean: 0.859112262726
        min: 0.00184354919475
        var: 0.679269075394
    zerocrossingrate:
        dmean: 0.00671815546229
        dmean2: 0.00806924887002
        dvar: 3.37237252097e-05
        dvar2: 4.36777227151e-05
        max: 0.13427734375
        mean: 0.0880320891738
        min: 0.00341796875
        var: 0.00048393176985
    barkbands:
        dmean: [3.83043158081e-07, 7.17774528312e-05, 9.26157881622e-05, 8.5067928012e-05, 0.000125466511236, 8.03196817287e-05, 0.000149611543748, 0.00021125699277, 0.000104236132756, 5.88550210523e-05, 6.86952116666e-05, 9.37811491895e-05, 0.000107767729787, 9.588629473e-05, 0.000152770633576, 9.88699830486e-05, 8.17532127257e-05, 9.8472693935e-05, 9.8647447885e-05, 5.69901676499e-05, 1.65741803357e-05, 1.65092149018e-06, 2.02885999556e-07, 8.08502420568e-08, 6.57776908497e-08, 2.8739643998e-09, 1.39038822122e-10]
        dmean2: [6.707537068e-07, 0.000115976938105, 0.000153491157107, 0.000142816701555, 0.000200437221793, 0.00012555871217, 0.000244068462052, 0.000362612016033, 0.000170092753251, 0.000101648081909, 0.000103513375507, 0.000161800868227, 0.000188454534509, 0.00016404670896, 0.000266014918452, 0.000161092189956, 0.000129838095745, 0.000157676433446, 0.000161012183526, 9.20310703805e-05, 2.76040009339e-05, 2.75696743302e-06, 2.98711000823e-07, 1.27460836552e-07, 9.92756881146e-08, 4.3850874043e-09, 2.59098464905e-10]
        dvar: [2.10328846353e-12, 4.89059530651e-08, 5.99252558686e-08, 6.19175324346e-08, 9.02842316464e-08, 5.21787413277e-08, 1.41840544643e-07, 3.09553485067e-07, 8.50507362316e-08, 1.86735338303e-08, 1.56372568227e-08, 5.33308295303e-08, 1.27525922267e-07, 6.26033340723e-08, 1.07497335478e-07, 2.36697363931e-08, 1.4667179471e-08, 1.47964964725e-08, 2.54607765982e-08, 6.03824679146e-09, 8.6488000095e-10, 1.58275077072e-11, 1.13276941538e-13, 1.1368102877e-14, 9.33942508697e-15, 1.46456728053e-17, 9.44000616278e-20]
        dvar2: [6.00039592666e-12, 1.23270027075e-07, 1.47344465518e-07, 1.37682604873e-07, 2.1053405419e-07, 1.09822615002e-07, 3.75274311182e-07, 8.62267881985e-07, 2.31319191357e-07, 5.38775317693e-08, 3.21224042921e-08, 1.48572837588e-07, 3.62966943612e-07, 1.78203293899e-07, 2.87262110987e-07, 6.65179129555e-08, 3.50467566079e-08, 3.86013070397e-08, 6.54225260632e-08, 1.51633123835e-08, 2.38012942688e-09, 4.16015381866e-11, 2.33760439391e-13, 2.72486213145e-14, 2.10796769715e-14, 3.27931981903e-17, 2.34133679178e-19]
        max: [2.0934639906e-05, 0.00242792442441, 0.00279681221582, 0.00299787847325, 0.00343590811826, 0.00242863828316, 0.00388621725142, 0.00546977017075, 0.00370397791266, 0.00144188373815, 0.00133421679493, 0.00253529893234, 0.00423388462514, 0.00268618413247, 0.00355275976472, 0.00154990330338, 0.00125794799533, 0.00133474485483, 0.00203962204978, 0.000846612441819, 0.000474378321087, 8.03359143902e-05, 9.06483091967e-06, 2.37052358898e-06, 1.38345751566e-06, 5.04134796131e-08, 4.86121320975e-09]
        mean: [3.1265702205e-07, 8.15351959318e-05, 9.69617976807e-05, 0.000112096007797, 0.000173766995431, 0.000102283120214, 0.000196612760192, 0.000252918165643, 0.000141184427775, 8.05434101494e-05, 0.000130101485411, 0.000157968635904, 0.000128577186842, 0.000138192684972, 0.000277013401501, 0.000174563887413, 0.000178295886144, 0.000235869534663, 0.000231326237554, 0.000156393114594, 4.44066936325e-05, 4.90899128636e-06, 7.31601687676e-07, 2.85909948161e-07, 2.19343306185e-07, 1.04038955229e-08, 1.61096691542e-10]
        min: [1.26143349238e-11, 5.93610138822e-09, 6.57615872868e-09, 3.06796721361e-08, 3.58381896604e-07, 3.22964837096e-08, 2.43503620823e-07, 5.12311657985e-07, 1.03998218037e-07, 1.06742504613e-07, 1.6165083494e-08, 4.57563373857e-08, 3.03037737126e-08, 2.07595469703e-08, 1.29407080607e-08, 7.41431627205e-09, 8.30128641383e-08, 1.03931881767e-07, 2.60619117398e-08, 4.63918432558e-08, 1.29047519337e-08, 6.57354970457e-09, 5.00735053421e-09, 3.4067653143e-09, 2.91566304433e-09, 1.7925018414e-10, 2.37705498731e-13]
        var: [1.64351605242e-12, 5.79148675683e-08, 7.3813843926e-08, 1.09601074882e-07, 1.66770689702e-07, 8.15927521103e-08, 1.63921015428e-07, 3.28464153654e-07, 8.77814088085e-08, 1.8450272421e-08, 5.10755278071e-08, 9.1015820658e-08, 9.47997804701e-08, 6.18748643433e-08, 2.81896774368e-07, 4.89562417272e-08, 4.26211741456e-08, 5.45687726117e-08, 6.84978900267e-08, 2.38368027539e-08, 2.90231905176e-09, 5.68178559757e-11, 9.27954870063e-13, 8.06426526576e-14, 4.8451057077e-14, 7.89571952648e-17, 1.40978679469e-19]
    mfcc:
        mean: [-775.68939209, 125.88129425, -82.7123718262, 44.5387458801, -14.199962616, -12.4671678543, 4.03316831589, -10.2800626755, 0.813728392124, 0.60865598917, 0.807582557201, -0.965208232403, 0.301340758801]
        cov: [[6747.93701172, -214.682662964, -493.224700928, 88.8218231201, -152.477050781, 134.171264648, -15.1773376465, -135.116073608, -85.1870117188, -34.3677024841, 53.8220214844, 149.730941772, 133.748397827], [-214.682662964, 879.464111328, 521.824829102, 106.660705566, 99.6215362549, 90.1430892944, 82.3344192505, 72.6265182495, -24.937204361, -66.4512939453, -68.1585159302, -30.2390899658, -45.8365364075], [-493.224700928, 521.824829102, 460.720428467, 162.375640869, 120.186988831, 58.8556747437, 48.3412017822, 71.6993942261, 20.520029068, -0.313840985298, -7.64682292938, -4.55126571655, -25.9705753326], [88.8218231201, 106.660705566, 162.375640869, 205.08757019, 128.643005371, 75.3871459961, 42.3628883362, 47.4676399231, 44.0480232239, 27.189617157, 38.4181022644, 46.9722137451, 21.2138366699], [-152.477050781, 99.6215362549, 120.186988831, 128.643005371, 160.381362915, 106.96370697, 32.765171051, 35.5619735718, 57.2789077759, 22.7338008881, 21.7995243073, 21.641242981, 6.13695907593], [134.171264648, 90.1430892944, 58.8556747437, 75.3871459961, 106.96370697, 156.746398926, 78.4421081543, 28.2656269073, 33.8892669678, 12.4458398819, 18.2087631226, 24.4250564575, 4.61079788208], [-15.1773376465, 82.3344192505, 48.3412017822, 42.3628883362, 32.765171051, 78.4421081543, 114.439971924, 62.7203559875, 1.92767953873, -2.20884490013, 6.62528991699, 21.8972511292, 3.20331859589], [-135.116073608, 72.6265182495, 71.6993942261, 47.4676399231, 35.5619735718, 28.2656269073, 62.7203559875, 97.2310333252, 45.466835022, 5.4660282135, -1.71303081512, -0.224204570055, -10.2779417038], [-85.1870117188, -24.937204361, 20.520029068, 44.0480232239, 57.2789077759, 33.8892669678, 1.92767953873, 45.466835022, 126.391220093, 89.7828292847, 32.9230232239, -15.8650598526, -30.4420146942], [-34.3677024841, -66.4512939453, -0.313840985298, 27.189617157, 22.7338008881, 12.4458398819, -2.20884490013, 5.4660282135, 89.7828292847, 144.652893066, 88.2028045654, 6.12079763412, -17.8879261017], [53.8220214844, -68.1585159302, -7.64682292938, 38.4181022644, 21.7995243073, 18.2087631226, 6.62528991699, -1.71303081512, 32.9230232239, 88.2028045654, 116.989753723, 64.9119644165, 16.6429309845], [149.730941772, -30.2390899658, -4.55126571655, 46.9722137451, 21.641242981, 24.4250564575, 21.8972511292, -0.224204570055, -15.8650598526, 6.12079763412, 64.9119644165, 111.413154602, 62.9718284607], [133.748397827, -45.8365364075, -25.9705753326, 21.2138366699, 6.13695907593, 4.61079788208, 3.20331859589, -10.2779417038, -30.4420146942, -17.8879261017, 16.6429309845, 62.9718284607, 81.3221969604]]
        icov: [[0.00028370009386, -0.000525293929968, 0.00105194794014, -0.00130340328906, 0.00146006699651, -0.00118092854973, 0.00101860926952, -0.000299279490719, 0.000215575782931, -0.000231603495195, 9.85279912129e-05, -0.00010450300033, -0.000117383191537], [-0.000525293929968, 0.00601369468495, -0.00841488596052, 0.00478837499395, -0.0017990587512, 0.000131437249365, -0.00283825700171, 0.00129921780899, -0.000277720915619, 0.00142239767592, 0.00136654870585, -0.000755643588491, 0.00123576354235], [0.00105194794014, -0.00841488596052, 0.0160854198039, -0.0103539340198, 0.00242674769834, -0.00179977307562, 0.00652270810679, -0.00546836992726, 0.00469392118976, -0.00459025613964, 0.000367318891222, 0.000163238262758, 0.000881504733115], [-0.00130340328906, 0.00478837499395, -0.0103539340198, 0.0205339305103, -0.0156650282443, 0.0075137577951, -0.0077515617013, 0.00155770895071, -0.00211426056921, 0.00141564453952, -0.000768280180637, -0.00250249658711, -0.000947153952438], [0.00146006699651, -0.0017990587512, 0.00242674769834, -0.0156650282443, 0.0333993397653, -0.0219792816788, 0.0141162415966, -0.00422608759254, -0.00398830836639, 0.00195724656805, -0.000575565150939, 0.000913985597435, -0.00257082120515], [-0.00118092854973, 0.000131437249365, -0.00179977307562, 0.0075137577951, -0.0219792816788, 0.0319898352027, -0.0269691906869, 0.0169868580997, -0.0119157535955, 0.00838132202625, -0.00519610242918, 0.00228938530199, -0.000790684425738], [0.00101860926952, -0.00283825700171, 0.00652270810679, -0.0077515617013, 0.0141162415966, -0.0269691906869, 0.0428847409785, -0.0315483994782, 0.0227276366204, -0.0164258014411, 0.00914606731385, -0.00773182651028, 0.00462751369923], [-0.000299279490719, 0.00129921780899, -0.00546836992726, 0.00155770895071, -0.00422608759254, 0.0169868580997, -0.0315483994782, 0.0406998097897, -0.0282625891268, 0.0194998905063, -0.00862609781325, 0.00537158735096, -0.00387043599039], [0.000215575782931, -0.000277720915619, 0.00469392118976, -0.00211426056921, -0.00398830836639, -0.0119157535955, 0.0227276366204, -0.0282625891268, 0.0418300777674, -0.0305909160525, 0.0155363408849, -0.00707889487967, 0.00928048416972], [-0.000231603495195, 0.00142239767592, -0.00459025613964, 0.00141564453952, 0.00195724656805, 0.00838132202625, -0.0164258014411, 0.0194998905063, -0.0305909160525, 0.0417203418911, -0.0311932936311, 0.0162330269814, -0.00662455055863], [9.85279912129e-05, 0.00136654870585, 0.000367318891222, -0.000768280180637, -0.000575565150939, -0.00519610242918, 0.00914606731385, -0.00862609781325, 0.0155363408849, -0.0311932936311, 0.0423879846931, -0.0269544702023, 0.0109652457759], [-0.00010450300033, -0.000755643588491, 0.000163238262758, -0.00250249658711, 0.000913985597435, 0.00228938530199, -0.00773182651028, 0.00537158735096, -0.00707889487967, 0.0162330269814, -0.0269544702023, 0.0360846705735, -0.0202694665641], [-0.000117383191537, 0.00123576354235, 0.000881504733115, -0.000947153952438, -0.00257082120515, -0.000790684425738, 0.00462751369923, -0.00387043599039, 0.00928048416972, -0.00662455055863, 0.0109652457759, -0.0202694665641, 0.0287507828325]]
    spectral_contrast:
        mean: [-1.52249484131e-07, 3.41856321029e-07, 2.34789027331e-07, 3.43771176858e-07, -3.15187406841e-07, 5.18755385315e-08, -3.3285293739e-06, -4.02804835176e-06, 1.48733079186e-07, 3.32268041348e-06, 8.07169442396e-07, -2.48668357017e-06]
        var: [0.000161187068443, 0.000445732730441, 0.0015731373569, 0.00181647122372, 0.00284070079215, 0.00429396750405, 0.0297479387373, 0.0593030080199, 0.131600618362, 0.386260032654, 0.782762169838, 3.95372605324]

rhythm:
    beats_loudness:
        dmean: 0.00343339215033
        dmean2: 0.00591338798404
        dvar: 2.68169023911e-05
        dvar2: 8.17950058263e-05
        max: 0.0225815232843
        mean: 0.00397452246398
        min: 0.000184135715244
        var: 3.11431358568e-05
    beats_loudness_bass:
        dmean: 0.123187161982
        dmean2: 0.228106796741
        dvar: 0.0170714724809
        dvar2: 0.0368010848761
        max: 0.474103748798
        mean: 0.156578317285
        min: 0.000753941538278
        var: 0.0302225425839
    bpm: 99.3631820679
    bpm_confidence: 0
    first_peak_bpm: 196
    first_peak_spread: 0
    first_peak_weight: 0.54545456171
    onset_rate: 3.22368407249
    second_peak_bpm: 99
    second_peak_spread: 0
    second_peak_weight: 0.409090906382
    beats_position: [0.252496242523, 0.856342256069, 1.46018826962, 2.06403422356, 2.66788029671, 3.27172613144, 3.87557220459, 4.47941827774, 5.08326435089, 5.6871099472, 6.01202011108, 6.31888008118, 6.62574052811, 6.9326004982, 7.23946142197, 7.54632091522, 7.85318136215, 8.16004085541, 8.46690177917, 8.77376079559, 9.08062171936, 9.38748168945, 9.69434261322]
    bpm_estimates: [99.4876785278, 99.2519760132, 99.4626922607, 99.365852356, 99.2477264404]
    bpm_intervals: [0.603846013546, 0.603846013546, 0.603845953941, 0.603846073151, 0.603845834732, 0.603846073151, 0.603846073151, 0.603846073151, 0.603845596313, 0.324910163879, 0.306859970093, 0.30686044693, 0.306859970093, 0.306860923767, 0.306859493256, 0.30686044693, 0.306859493256, 0.306860923767, 0.306859016418, 0.306860923767, 0.306859970093, 0.306860923767]
    onset_times: [0.0348299331963, 0.255419492722, 0.638548731804, 0.9287981987, 1.16099774837, 1.46285712719, 2.0549659729, 2.85605430603, 3.58748292923, 3.73841261864, 4.01705217361, 4.27247142792, 4.56272125244, 4.80653047562, 5.0967798233, 5.39863967896, 5.67727899551, 5.95591831207, 6.23455762863, 6.31582784653, 6.53641700745, 6.79183673859, 7.0936961174, 7.37233543396, 7.70902490616, 8.42884349823, 9.05578231812, 9.32281208038, 9.50857162476, 9.65950107574, 9.81043052673, 9.92653083801]
    rubato_start: [6.01202011108]
    rubato_stop: [6.31888008118]
    perceptual_tempo: "unknown"

sfx:
    inharmonicity:
        dmean: 0.05552983284
        dmean2: 0.097591586411
        dvar: 0.00361001631245
        dvar2: 0.010632253252
        max: 0.44078797102
        mean: 0.0600892677903
        min: 0
        var: 0.00462325522676
    oddtoevenharmonicenergyratio:
        dmean: 6.20413780212
        dmean2: 12.0194673538
        dvar: 639.601867676
        dvar2: 1945.1583252
        max: 225.06022644
        mean: 3.71037960052
        min: 0
        var: 336.765411377
    pitch_after_max_to_before_max_energy_ratio: 0.169115275145
    pitch_centroid: 211.976104736
    pitch_max_to_total: 0.850467264652
    pitch_min_to_total: 0.95560747385
    tristimulus:
        dmean: [0.188709422946, 0.222742974758, 0.12329775095]
        dmean2: [0.32834354043, 0.381837874651, 0.216971278191]
        dvar: [0.0270626656711, 0.0374211259186, 0.0171055532992]
        dvar2: [0.0710425525904, 0.103742703795, 0.0433747209609]
        max: [1, 0.974088907242, 0.847719788551]
        mean: [0.365924268961, 0.461999207735, 0.137556582689]
        min: [0.0105387680233, 0, 0]
        var: [0.0622919909656, 0.0620487742126, 0.0207718107849]

tonal:
    chords_changes_rate: 0.0837209299207
    chords_number_rate: 0.0465116277337
    chords_strength:
        dmean: 0.0105009926483
        dmean2: 0.01022187341
        dvar: 5.47890631424e-05
        dvar2: 5.96666577621e-05
        max: 0.672805130482
        mean: 0.437024354935
        min: 0.303310781717
        var: 0.00768186897039
    key_strength: 0.770012974739
    tuning_diatonic_strength: 0.657376348972
    tuning_equal_tempered_deviation: 0.157830938697
    tuning_frequency: 433.191070557
    tuning_nontempered_energy_ratio: 0.834875226021
    hpcp:
        dmean: [0.162367895246, 0.140112385154, 0.0961661040783, 0.0972471684217, 0.0972700044513, 0.123717412353, 0.167243853211, 0.158274441957, 0.12649987638, 0.112837664783, 0.118011578918, 0.128151476383, 0.130600437522, 0.12727214396, 0.13129709661, 0.138941317797, 0.136266052723, 0.1176360026, 0.147185742855, 0.140343129635, 0.151179298759, 0.17048959434, 0.181725427508, 0.14169691503, 0.114483714104, 0.10491912812, 0.1130124107, 0.132095962763, 0.119147792459, 0.133772730827, 0.135327652097, 0.100990325212, 0.124101765454, 0.141974106431, 0.114739537239, 0.122798867524]
        dmean2: [0.255073428154, 0.22403627634, 0.15711542964, 0.161375969648, 0.168490126729, 0.206183224916, 0.284708350897, 0.264779984951, 0.205109417439, 0.197624281049, 0.203086599708, 0.207082420588, 0.211133792996, 0.218202620745, 0.210011675954, 0.228804811835, 0.225324973464, 0.191705420613, 0.238625362515, 0.228296592832, 0.247820988297, 0.281531959772, 0.300835877657, 0.239653512836, 0.191218718886, 0.173406377435, 0.182302072644, 0.211879178882, 0.201377853751, 0.225383326411, 0.22530682385, 0.174879908562, 0.199223712087, 0.231062248349, 0.192314177752, 0.207318931818]
        dvar: [0.0256614983082, 0.0285374056548, 0.0168471056968, 0.0127692148089, 0.0113029740751, 0.0160652920604, 0.034008603543, 0.0329759195447, 0.0193154141307, 0.0233145914972, 0.0229332968593, 0.025482699275, 0.0237127710134, 0.0256910920143, 0.0217602606863, 0.0307346340269, 0.0281119029969, 0.02304703556, 0.0273846480995, 0.0300803147256, 0.0241616182029, 0.0426629818976, 0.0387501567602, 0.0422670468688, 0.029192186892, 0.0278930179775, 0.0222904104739, 0.0230704266578, 0.0159087274224, 0.0189409572631, 0.0263783782721, 0.0173101816326, 0.019370239228, 0.0261065717787, 0.0218580141664, 0.017471820116]
        dvar2: [0.0584680698812, 0.0648827925324, 0.0363149754703, 0.0292176641524, 0.0281262584031, 0.0386587716639, 0.0876071080565, 0.0875106230378, 0.0547415576875, 0.0616614185274, 0.0629367679358, 0.0672066882253, 0.0494148135185, 0.0605166628957, 0.0578452534974, 0.070141941309, 0.0670622512698, 0.0539274960756, 0.0703250840306, 0.0709928497672, 0.0627554431558, 0.103060476482, 0.117591582239, 0.11824400723, 0.079305678606, 0.0764021351933, 0.0541856810451, 0.0596513040364, 0.0446487441659, 0.0515925362706, 0.0708620250225, 0.0473586283624, 0.0484955236316, 0.0705875530839, 0.0521014742553, 0.0412322878838]
        max: [1, 1, 1, 1, 0.725331425667, 1, 1, 1, 1, 1, 1, 1, 1, 1, 1, 1, 1, 1, 1, 1, 1, 1, 1, 1, 1, 1, 1, 1, 1, 0.961549699306, 1, 0.892218708992, 1, 1, 1, 1]
        mean: [0.341306179762, 0.344390362501, 0.235724210739, 0.170018732548, 0.150248885155, 0.210698366165, 0.349747091532, 0.348055183887, 0.202836364508, 0.147593781352, 0.143212363124, 0.184134989977, 0.238786965609, 0.232498705387, 0.240103632212, 0.258232921362, 0.19830557704, 0.167487576604, 0.22045211494, 0.24215169251, 0.25962254405, 0.341864585876, 0.309782266617, 0.207665160298, 0.159121230245, 0.130979984999, 0.166510522366, 0.202266290784, 0.190885126591, 0.200234666467, 0.188563346863, 0.132223159075, 0.200137555599, 0.281207323074, 0.239584043622, 0.2332264781]
        min: [0.0119898775592, 0.00769378896803, 0.00348362955265, 0.00186942832079, 0.00349534722045, 0.01759618707, 0.00706453621387, 0.00484160101041, 0.00725001189858, 0.00586489029229, 0.00302432896569, 0.0057048718445, 0.00532860029489, 0.00707630906254, 0.00833627395332, 0.00435826182365, 0.00331422453746, 0.00732178101316, 0.00571177573875, 0.00372903980315, 0.00621272204444, 0.000865252921358, 0.00170486373827, 0.00121772591956, 0.00116655090824, 0.00250476133078, 0.00528281088918, 0.00514287361875, 0.0103306127712, 0.00394936045632, 0.00255498685874, 0.00260449945927, 0.00211023446172, 0.00271330191754, 0.0097915912047, 0.00684331636876]
        var: [0.0847038030624, 0.101452663541, 0.0640358179808, 0.0386070646346, 0.0192516390234, 0.029428485781, 0.0900264903903, 0.11092800647, 0.0377281680703, 0.0323144756258, 0.0284466464072, 0.0352997146547, 0.0566861853004, 0.0523692183197, 0.0603155717254, 0.0723756030202, 0.0519341528416, 0.0434311032295, 0.0484310425818, 0.0734603181481, 0.0525800473988, 0.11044023186, 0.0787348002195, 0.0656683146954, 0.0401985421777, 0.0344729498029, 0.0392826162279, 0.042208429426, 0.0272299032658, 0.0324446596205, 0.0374838374555, 0.0193442646414, 0.0442644171417, 0.0795792266726, 0.0626335963607, 0.0479998998344]
    chords_histogram: [7.90697669983, 5.58139514923, 6.97674417496, 13.4883718491, 0, 0, 0, 0, 4.18604660034, 0, 0, 0, 0, 0, 0, 0, 0, 9.30232524872, 0, 19.0697669983, 5.58139514923, 0, 24.1860466003, 3.72093033791]
    thpcp: [1, 0.99516248703, 0.579951524734, 0.422001451254, 0.409474074841, 0.52648037672, 0.682741820812, 0.664762377739, 0.686506450176, 0.738341867924, 0.566997051239, 0.478881984949, 0.630318641663, 0.692362248898, 0.742315113544, 0.977462291718, 0.885732233524, 0.593758046627, 0.454960852861, 0.37449914217, 0.476088374853, 0.578321576118, 0.545780479908, 0.572512745857, 0.539142012596, 0.378053635359, 0.572235107422, 0.804030478001, 0.685020804405, 0.666843235493, 0.975865662098, 0.984683990479, 0.673984766006, 0.486119061708, 0.429592937231, 0.602430641651]
    chords_key: "D"
    chords_scale: "major"
    key_key: "A"
    key_scale: "major"
    chords_progression: ["F#m", "F#m", "F#m", "F#m", "F#m", "F#m", "F#m", "F#m", "D", "D", "D", "D", "D", "D", "D", "D", "D", "D", "D", "D", "D", "D", "D", "D", "D", "D", "D", "D", "D", "D", "D", "D", "D", "D", "D", "D", "D", "D", "D", "D", "D", "D", "D", "D", "D", "D", "D", "D", "D", "D", "Am", "Am", "Am", "Am", "Am", "Am", "Am", "Am", "Am", "Am", "Am", "Am", "Am", "Am", "Am", "A", "A", "A", "A", "A", "A", "A", "A", "A", "A", "A", "A", "A", "A", "D", "D", "D", "Am", "D", "D", "D", "D", "D", "D", "D", "G", "G", "G", "G", "G", "G", "G", "G", "G", "G", "G", "G", "Em", "Em", "Em", "Em", "Em", "Em", "Em", "Em", "Em", "Em", "Em", "E", "E", "E", "E", "E", "C#", "C#", "C#", "C#", "C#", "C#", "C#", "C#", "C#", "C#m", "C#m", "C#m", "C#m", "C#m", "C#m", "C#m", "C#m", "C#m", "C#m", "C#m", "C#m", "G#m", "G#m", "G#m", "G#m", "G#m", "G#m", "G#m", "G#m", "G#m", "G#m", "G#m", "G#m", "G#m", "G#m", "G#m", "G#m", "G#m", "G#m", "G#m", "G#m", "G#m", "G#m", "G#m", "G#m", "G#m", "G#m", "G#m", "G#m", "G#m", "E", "E", "E", "E", "E", "E", "E", "E", "E", "E", "Em", "Em", "Em", "Em", "Em", "Em", "Em", "Am", "Em", "Em", "Em", "Em", "Em", "Em", "Em", "Em", "Em", "Em", "Em", "Em", "Em", "Em", "Em", "Em", "Em", "Em", "Em", "Em", "Em", "Em", "Em", "A", "A", "A", "Am", "Am", "Am"]
