
metadata:
    version:
        essentia: "1.2.2"
    audio_properties:
        analysis_sample_rate: 44100
        bitrate: 128
        channels: 2
        equal_loudness: 1
        length: 10.0048980713
        replay_gain: 0.749227523804
        downmix: "mix"
    tags:
        track: 40
        year: 0
        album: "Splitted by Mp3Splt v. 2.1"
        artist: "From 006.30 To 006.40"
        comment: "http://mp3splt.sf.net"
        genre: ""
        title: "06 Kaguya Hime.mp3"

highlevel:
    ballroom:
        all:
            ChaChaCha: 0.0368173085153
            Jive: 0.158747717738
            Quickstep: 0.0451284050941
            Rumba-American: 0.0451054088771
            Rumba-International: 0.0861968845129
            Rumba-Misc: 0.124262675643
            Samba: 0.0876522883773
            Tango: 0.0266887061298
            VienneseWaltz: 0.120690010488
            Waltz: 0.268710583448
        probability: 0.268710583448
        value: "Waltz"
    culture:
        all:
            non_western: 0.989196002483
            western: 0.0108039965853
        probability: 0.989196002483
        value: "non_western"
    gender:
        all:
            female: 0.724814832211
            male: 0.275185197592
        probability: 0.724814832211
        value: "female"
    genre_dortmund:
        all:
            alternative: 0.0157462302595
            blues: 0.00042448725435
            electronic: 0.958661317825
            folkcountry: 0.00468343915418
            funksoulrnb: 0.000555876235012
            jazz: 0.00205563800409
            pop: 0.0115242237225
            raphiphop: 0.000238179360167
            rock: 0.00611062953249
        probability: 0.958661317825
        value: "electronic"
    genre_electronica:
        all:
            ambient: 0.98167604208
            dnb: 0.00151009147521
            house: 0.0105245439336
            techno: 0.00389605015516
            trance: 0.00239326874726
        probability: 0.98167604208
        value: "ambient"
    genre_rosamerica:
        all:
            cla: 0.318899482489
            dan: 0.0461718887091
            hip: 0.0339820198715
            jaz: 0.236626237631
            pop: 0.0574869029224
            rhy: 0.219567835331
            roc: 0.0583087280393
            spe: 0.0289569180459
        probability: 0.318899482489
        value: "cla"
    genre_tzanetakis:
        all:
            blu: 0.222593873739
            cla: 0.262260288
            cou: 0.0425202697515
            dis: 0.0371570661664
            hip: 0.0367473103106
            jaz: 0.0844896808267
            met: 0.0283487215638
            pop: 0.0711275488138
            reg: 0.138359576464
            roc: 0.0763956606388
        probability: 0.262260288
        value: "cla"
    live_studio:
        all:
            live: 0.337099701166
            studio: 0.662900328636
        probability: 0.662900328636
        value: "studio"
    mood:
        all:
            Cluster1: 1.82555618267e-06
            Cluster2: 4.1814200813e-06
            Cluster3: 0.999237596989
            Cluster4: 2.62914431914e-06
            Cluster5: 0.000753773609176
        probability: 0.999237596989
        value: "Cluster3"
    mood_acoustic:
        all:
            acoustic: 0.332221895456
            not_acoustic: 0.667778074741
        probability: 0.667778074741
        value: "not_acoustic"
    mood_aggressive:
        all:
            aggressive: 7.50190793042e-07
            not_aggressive: 0.99999922514
        probability: 0.99999922514
        value: "not_aggressive"
    mood_electronic:
        all:
            electronic: 0.841318070889
            not_electronic: 0.158681944013
        probability: 0.841318070889
        value: "electronic"
    mood_happy:
        all:
            happy: 0.0715467110276
            not_happy: 0.928453266621
        probability: 0.928453266621
        value: "not_happy"
    mood_party:
        all:
            not_party: 0.888682723045
            party: 0.111317276955
        probability: 0.888682723045
        value: "not_party"
    mood_relaxed:
        all:
            not_relaxed: 0.259623497725
            relaxed: 0.740376472473
        probability: 0.740376472473
        value: "relaxed"
    mood_sad:
        all:
            not_sad: 4.58754589872e-09
            sad: 1
        probability: 1
        value: "sad"
    rhythm:
        all:
            fast: 0.389141738415
            medium: 0.443906486034
            slow: 0.16695176065
        probability: 0.443906486034
        value: "medium"
    speech_music:
        all:
            music: 0.999584436417
            speech: 0.000415551039623
        probability: 0.999584436417
        value: "music"
    timbre:
        all:
            bright: 0.267630875111
            dark: 0.732369124889
        probability: 0.732369124889
        value: "dark"
    voice_instrumental:
        all:
            instrumental: 0.980464756489
            voice: 0.0195352472365
        probability: 0.980464756489
        value: "instrumental"

lowlevel:
    average_loudness: 0.621489286423
    barkbands_kurtosis:
        dmean: 148.594543457
        dmean2: 223.41784668
        dvar: 209128.96875
        dvar2: 440231.75
        max: 7412.20068359
        mean: 231.566772461
        min: -1.69021904469
        var: 380825.5
    barkbands_skewness:
        dmean: 2.97856664658
        dmean2: 4.22515392303
        dvar: 19.5117225647
        dvar2: 37.7904891968
        max: 65.0556716919
        mean: 8.35689544678
        min: -3.32712173462
        var: 91.808052063
    barkbands_spread:
        dmean: 1.85086190701
        dmean2: 2.9817943573
        dvar: 23.9579086304
        dvar2: 58.3051071167
        max: 61.3071365356
        mean: 5.05867433548
        min: 0.00823145359755
        var: 89.1048049927
    dissonance:
        dmean: 0.035357773304
        dmean2: 0.056758467108
        dvar: 0.00100401777308
        dvar2: 0.00220295367762
        max: 0.498203575611
        mean: 0.37477311492
        min: 0.11129116267
        var: 0.00753419101238
    hfc:
        dmean: 4.81401872635
        dmean2: 7.39000797272
        dvar: 630.88293457
        dvar2: 1532.88928223
        max: 282.042449951
        mean: 6.19979524612
        min: 0.00344962347299
        var: 765.639526367
    pitch:
        dmean: 200.59803772
        dmean2: 376.732696533
        dvar: 517490.90625
        dvar2: 1737301.75
        max: 5512.5
        mean: 437.784362793
        min: 82.5842666626
        var: 624811.3125
    pitch_instantaneous_confidence:
        dmean: 0.08959069103
        dmean2: 0.13478410244
        dvar: 0.00870977994055
        dvar2: 0.0180329401046
        max: 0.926438212395
        mean: 0.687281966209
        min: 0.143614113331
        var: 0.0342082455754
    pitch_salience:
        dmean: 0.0890545547009
        dmean2: 0.135150238872
        dvar: 0.0089241983369
        dvar2: 0.0181937906891
        max: 0.810595154762
        mean: 0.311697155237
        min: 0.0298410393298
        var: 0.0466338209808
    silence_rate_20dB:
        dmean: 0
        dmean2: 0
        dvar: 0
        dvar2: 0
        max: 1
        mean: 1
        min: 1
        var: 0
    silence_rate_30dB:
        dmean: 0
        dmean2: 0
        dvar: 0
        dvar2: 0
        max: 1
        mean: 1
        min: 1
        var: 0
    silence_rate_60dB:
        dmean: 0.0139211136848
        dmean2: 0.0255813952535
        dvar: 0.013727334328
        dvar2: 0.0295781232417
        max: 1
        mean: 0.877314805984
        min: 0
        var: 0.107634194195
    spectral_centroid:
        dmean: 114.745491028
        dmean2: 175.095565796
        dvar: 130695.546875
        dvar2: 273455.96875
        max: 5382.96240234
        mean: 604.252563477
        min: 216.805130005
        var: 824548.0625
    spectral_complexity:
        dmean: 1.26511633396
        dmean2: 1.80652678013
        dvar: 14.6227712631
        dvar2: 22.174741745
        max: 60
        mean: 3.90255212784
        min: 0
        var: 67.3412857056
    spectral_crest:
        dmean: 2.35635399818
        dmean2: 3.71463871002
        dvar: 9.78639030457
        dvar2: 20.8443756104
        max: 26.9512443542
        mean: 20.9796619415
        min: 4.15989637375
        var: 45.9110641479
    spectral_decrease:
        dmean: 3.12441655881e-10
        dmean2: 4.76564621099e-10
        dvar: 1.37456893387e-18
        dvar2: 3.41588576652e-18
        max: -3.01469960107e-12
        mean: -5.39672084798e-10
        min: -1.53917127932e-08
        var: 1.7785444029e-18
    spectral_energy:
        dmean: 0.00161256559659
        dmean2: 0.00245676934719
        dvar: 4.38094575657e-05
        dvar2: 0.000107833460788
        max: 0.0836740583181
        mean: 0.00259918533266
        min: 1.16909814096e-05
        var: 5.57321545784e-05
    spectral_energyband_high:
        dmean: 0.000547792762518
        dmean2: 0.000868408067618
        dvar: 9.99255917122e-06
        dvar2: 2.41314664891e-05
        max: 0.0380880311131
        mean: 0.000557290273719
        min: 4.57761073491e-09
        var: 1.01852128864e-05
    spectral_energyband_low:
        dmean: 7.22267668607e-06
        dmean2: 1.28235597003e-05
        dvar: 2.86409207462e-09
        dvar2: 8.27147594862e-09
        max: 0.000931633054279
        mean: 6.2826093199e-06
        min: 7.58536289336e-10
        var: 2.41722508676e-09
    spectral_energyband_middle_high:
        dmean: 0.000694856746122
        dmean2: 0.00113615242299
        dvar: 1.30213611556e-05
        dvar2: 3.19098071486e-05
        max: 0.0526226125658
        mean: 0.00103529321495
        min: 1.44111680811e-07
        var: 1.93185132957e-05
    spectral_energyband_middle_low:
        dmean: 0.000503049988765
        dmean2: 0.000715317844879
        dvar: 5.7877286963e-07
        dvar2: 1.4244619706e-06
        max: 0.0093675609678
        mean: 0.00100032135379
        min: 1.14912118079e-05
        var: 8.41140433749e-07
    spectral_flatness_db:
        dmean: 0.0364272668958
        dmean2: 0.0508158542216
        dvar: 0.00139622762799
        dvar2: 0.00239129341207
        max: 0.696444749832
        mean: 0.396056264639
        min: 0.107908479869
        var: 0.0140465218574
    spectral_flux:
        dmean: 0.00834232755005
        dmean2: 0.0144290598109
        dvar: 0.000372331123799
        dvar2: 0.000886739115231
        max: 0.277728289366
        mean: 0.0196421239525
        min: 0.00201925798319
        var: 0.00095600966597
    spectral_kurtosis:
        dmean: 13.707775116
        dmean2: 21.151058197
        dvar: 211.935684204
        dvar2: 499.263793945
        max: 194.763763428
        mean: 39.2828865051
        min: -0.654307603836
        var: 942.555419922
    spectral_rms:
        dmean: 0.000333725882228
        dmean2: 0.000468144338811
        dvar: 4.09067325791e-07
        dvar2: 8.78291984918e-07
        max: 0.00903511047363
        mean: 0.00117907626554
        min: 0.000106798106572
        var: 1.14557053621e-06
    spectral_rolloff:
        dmean: 159.395767212
        dmean2: 272.703613281
        dvar: 218424.84375
        dvar2: 408041.6875
        max: 7213.62304688
        mean: 841.044250488
        min: 236.865234375
        var: 1957775.625
    spectral_skewness:
        dmean: 0.85936319828
        dmean2: 1.32956027985
        dvar: 0.71576499939
        dvar2: 1.62683618069
        max: 12.3982591629
        mean: 4.53213500977
        min: -0.0545826517045
        var: 4.96163797379
    spectral_spread:
        dmean: 539774.125
        dmean2: 842298.875
        dvar: 536276140032
        dvar2: 1.06088012186e+12
        max: 11823301
        mean: 2280171.25
        min: 686199.375
        var: 1.61029881856e+12
    spectral_strongpeak:
        dmean: 0.3120226264
        dmean2: 0.511341631413
        dvar: 0.985034883022
        dvar2: 2.59231591225
        max: 10.2682781219
        mean: 0.483116745949
        min: 0.00897033140063
        var: 1.23126828671
    zerocrossingrate:
        dmean: 0.00495775789022
        dmean2: 0.00569661473855
        dvar: 0.000145355486893
        dvar2: 0.000163072618307
        max: 0.259765625
        mean: 0.0294770058244
        min: 0.009765625
        var: 0.00190616468899
    barkbands:
        dmean: [2.07930739293e-09, 5.07331094468e-07, 6.80918265061e-06, 7.67534947954e-06, 0.000413885922171, 5.30205543328e-05, 5.61279557587e-05, 2.75176553259e-05, 1.46178635987e-05, 1.08163312689e-05, 7.71876602812e-06, 7.22871345715e-06, 9.27602377487e-06, 6.71855887049e-05, 8.8270586275e-05, 5.19518107467e-05, 7.44334902265e-05, 0.000197281755391, 0.00020603145822, 0.000215479609324, 0.000340327096637, 9.02313840925e-05, 5.25668910996e-05, 1.64972134371e-05, 1.00707466117e-05, 5.45939720098e-08, 1.20594001451e-09]
        dmean2: [3.08834779972e-09, 8.49423713589e-07, 1.23254358186e-05, 1.26749446281e-05, 0.000556849990971, 9.4167633506e-05, 0.000103784281237, 4.66120181954e-05, 2.42743062699e-05, 1.74983142642e-05, 1.24858133859e-05, 1.31388005684e-05, 1.65359833773e-05, 0.00011910161993, 0.000158617200213, 8.67686612764e-05, 0.000121250785014, 0.000295416801237, 0.000316543068038, 0.000334413984092, 0.000527277006768, 0.000162291689776, 8.36187609821e-05, 2.79522264464e-05, 1.71212504938e-05, 8.1183770817e-08, 1.36614330959e-09]
        dvar: [2.4901963968e-16, 1.15223603228e-11, 2.76351119766e-09, 6.98683222389e-10, 1.65425646514e-07, 6.44815116857e-08, 1.3190287973e-07, 8.70452065982e-09, 2.01555683255e-09, 8.57643067675e-10, 8.87684759032e-10, 1.73725678287e-09, 1.83554471622e-09, 2.49870595326e-07, 2.89547330112e-07, 1.07478285827e-07, 1.38970165153e-07, 2.94425967695e-06, 9.75089733402e-07, 1.35512857469e-06, 4.55875124317e-06, 4.33180503023e-07, 2.96662676647e-07, 3.02631839588e-08, 1.09873772303e-08, 1.48938587158e-13, 4.41575692519e-16]
        dvar2: [3.10981079153e-16, 2.59454159546e-11, 8.20279133507e-09, 1.68148994728e-09, 2.87768727958e-07, 1.79300343461e-07, 3.85018239513e-07, 2.26773053669e-08, 4.26141166798e-09, 2.13358264389e-09, 2.18016671383e-09, 4.79880135629e-09, 4.4892352058e-09, 7.95528421804e-07, 8.14599843579e-07, 2.85792907562e-07, 3.82021909218e-07, 6.73085833114e-06, 2.37165500039e-06, 3.22947335007e-06, 1.06297629827e-05, 1.11321719487e-06, 7.65888216847e-07, 8.30917059602e-08, 3.06681329221e-08, 3.53957287742e-13, 4.42112923165e-16]
        max: [3.03572193161e-07, 5.57111343369e-05, 0.000877173384652, 0.000324823427945, 0.00368785206228, 0.00266393413767, 0.00505241239443, 0.00108398078009, 0.000710931490175, 0.000378060794901, 0.000401575554861, 0.000664786726702, 0.000529273471329, 0.00865688547492, 0.00722351344302, 0.00586274638772, 0.00380941806361, 0.0298976507038, 0.0139669980854, 0.0140375280753, 0.0325723215938, 0.0100179417059, 0.00959899835289, 0.00294632441364, 0.00172141427174, 6.54834275338e-06, 4.36811262716e-07]
        mean: [2.03727879011e-09, 7.42266649922e-07, 5.53895552002e-06, 8.00660200184e-06, 0.000834700651467, 5.07137738168e-05, 4.9156096793e-05, 3.33487841999e-05, 2.22302423936e-05, 1.56799906108e-05, 9.71483314061e-06, 9.18963723961e-06, 1.33598487082e-05, 8.2451995695e-05, 8.08268014225e-05, 6.763995043e-05, 7.93057770352e-05, 0.000220785324927, 0.000275672180578, 0.000246975541813, 0.000323376734741, 0.000107980478788, 4.16742332163e-05, 1.26886989165e-05, 7.37497066439e-06, 5.04256796319e-08, 1.15884213336e-09]
        min: [2.93294316785e-12, 8.19451242973e-11, 1.72001149434e-10, 6.19983353545e-09, 5.00429223393e-06, 1.67149451613e-07, 7.0683614517e-09, 4.34954161577e-09, 2.80815726228e-09, 1.58123714122e-09, 2.70784727974e-08, 4.8784015716e-10, 3.59496366009e-09, 4.38733216424e-10, 3.55463908308e-10, 1.95364946443e-09, 6.59070686915e-10, 7.88624943127e-10, 1.142074324e-09, 2.27371210748e-09, 1.54053336754e-09, 7.36548433355e-10, 2.08091877063e-10, 5.99424954117e-11, 3.14664960754e-11, 6.40591692105e-13, 1.14219013276e-14]
        var: [2.52171978672e-16, 2.59084125681e-11, 2.04743577648e-09, 9.76749348069e-10, 4.93426625781e-07, 4.24417656575e-08, 7.58590630312e-08, 8.50127079843e-09, 3.50887008338e-09, 1.55077239938e-09, 1.22663978974e-09, 2.0600183781e-09, 3.13449066702e-09, 3.01309569295e-07, 2.20875875812e-07, 1.22533052149e-07, 1.38928939464e-07, 2.9623008686e-06, 1.5894097487e-06, 1.66081531461e-06, 4.36379013991e-06, 5.42897055311e-07, 2.40793895045e-07, 2.14926636488e-08, 7.36689376168e-09, 1.57937993738e-13, 4.41901350217e-16]
    mfcc:
        mean: [-979.053161621, 181.947570801, -41.9680786133, 28.5113220215, -39.0466804504, -25.1110420227, -29.2722053528, -28.7109489441, -29.6119384766, -33.1825180054, -31.1587772369, -32.1250839233, -25.9001998901]
        cov: [[18392.9863281, -5748.99316406, -2204.05810547, 626.480102539, -33.4163818359, 194.929534912, -123.835922241, 331.475646973, 1286.04223633, 1389.22644043, 1557.51977539, 833.552307129, 342.077026367], [-5748.99316406, 2890.48974609, 25.2204265594, -419.843719482, -151.47467041, -350.628631592, -138.557281494, -84.7966079712, -365.930877686, -293.795227051, -391.100006104, -273.391723633, -147.35609436], [-2204.05810547, 25.2204265594, 947.312744141, 147.52961731, 207.783248901, 232.675079346, 155.326675415, -50.2011260986, -189.550125122, -304.193054199, -280.40814209, -116.00276947, -34.9802207947], [626.480102539, -419.843719482, 147.52961731, 263.903137207, 141.877197266, 123.538002014, 111.964027405, 6.50981092453, 61.6733818054, -10.0285043716, 10.2759332657, 22.2922382355, 32.7859039307], [-33.4163818359, -151.47467041, 207.783248901, 141.877197266, 282.127319336, 137.677505493, 141.298477173, 7.05529737473, 15.4088401794, -46.8358039856, -39.6849212646, -42.2455978394, 22.3894309998], [194.929534912, -350.628631592, 232.675079346, 123.538002014, 137.677505493, 239.313491821, 102.363647461, 0.159581050277, 26.4259529114, -39.094127655, -22.7197551727, -14.683265686, 20.9364852905], [-123.835922241, -138.557281494, 155.326675415, 111.964027405, 141.298477173, 102.363647461, 177.710784912, 8.03128528595, 8.42155170441, -49.6733322144, -46.6938591003, -23.5091781616, 15.8973226547], [331.475646973, -84.7966079712, -50.2011260986, 6.50981092453, 7.05529737473, 0.159581050277, 8.03128528595, 57.6411437988, 31.7083206177, 21.8271160126, 38.5893249512, 8.99911212921, 12.6449623108], [1286.04223633, -365.930877686, -189.550125122, 61.6733818054, 15.4088401794, 26.4259529114, 8.42155170441, 31.7083206177, 164.254470825, 124.757972717, 117.353416443, 59.6971893311, 26.9982872009], [1389.22644043, -293.795227051, -304.193054199, -10.0285043716, -46.8358039856, -39.094127655, -49.6733322144, 21.8271160126, 124.757972717, 184.43208313, 149.261108398, 72.2578964233, 26.6498317719], [1557.51977539, -391.100006104, -280.40814209, 10.2759332657, -39.6849212646, -22.7197551727, -46.6938591003, 38.5893249512, 117.353416443, 149.261108398, 198.459686279, 90.1172180176, 34.65001297], [833.552307129, -273.391723633, -116.00276947, 22.2922382355, -42.2455978394, -14.683265686, -23.5091781616, 8.99911212921, 59.6971893311, 72.2578964233, 90.1172180176, 91.1969299316, 29.6262187958], [342.077026367, -147.35609436, -34.9802207947, 32.7859039307, 22.3894309998, 20.9364852905, 15.8973226547, 12.6449623108, 26.9982872009, 26.6498317719, 34.65001297, 29.6262187958, 63.6510429382]]
        icov: [[0.00074906781083, 0.00112387689296, 0.00113011535723, -0.000572523276787, -0.000497596978676, -1.82463809324e-05, 0.0005948774633, -0.000516099855304, -0.000366558233509, -0.000808894692454, -0.00112486921716, -0.000206203549169, 0.000829597469419], [0.00112387689296, 0.00269380724058, 0.00233656610362, -0.000231827798416, -0.00108498125337, 0.000873107463121, 0.0012474245159, -0.000508607481606, -0.000218164801481, -0.000196225431864, -0.000364317384083, 0.00105651351623, 0.00136503949761], [0.00113011535723, 0.00233656610362, 0.005936590489, -0.00151022069622, -0.0019616659265, -0.0020351705607, 0.00178739940748, -0.000920348393265, 0.00139058474451, 0.00243607605807, 0.0017496526707, -0.00150671647862, 0.00261109881103], [-0.000572523276787, -0.000231827798416, -0.00151022069622, 0.00854574237019, -0.00162641901989, 4.16590592067e-05, -0.0023655788973, 0.00176093750633, -0.00300578004681, 0.00284560280852, 0.000914718140848, -0.00170110433828, -0.00151484983508], [-0.000497596978676, -0.00108498125337, -0.0019616659265, -0.00162641901989, 0.00851969327778, -0.00116265984252, -0.00419325800613, 0.000641295162495, -0.000561546010431, -0.000564224494155, -0.0014902506955, 0.00501698395237, -0.00282186199911], [-1.82463809324e-05, 0.000873107463121, -0.0020351705607, 4.16590592067e-05, -0.00116265984252, 0.00949309952557, -0.00142489699647, 0.00180911365896, -0.00294033857062, 0.00123217026703, -0.00126784888562, 0.00345583003946, -0.00192467181478], [0.0005948774633, 0.0012474245159, 0.00178739940748, -0.0023655788973, -0.00419325800613, -0.00142489699647, 0.0123411035165, -0.00257692090236, -0.00132531044073, 0.00144891743548, 0.00283790146932, -0.000661544210743, -1.65284636751e-05], [-0.000516099855304, -0.000508607481606, -0.000920348393265, 0.00176093750633, 0.000641295162495, 0.00180911365896, -0.00257692090236, 0.0235356409103, -0.00434522004798, 0.0052235731855, -0.00631985394284, 0.00548373861238, -0.00412526726723], [-0.000366558233509, -0.000218164801481, 0.00139058474451, -0.00300578004681, -0.000561546010431, -0.00294033857062, -0.00132531044073, -0.00434522004798, 0.0197499841452, -0.00942016672343, 0.000735483539756, -0.00242801802233, 0.00243293889798], [-0.000808894692454, -0.000196225431864, 0.00243607605807, 0.00284560280852, -0.000564224494155, 0.00123217026703, 0.00144891743548, 0.0052235731855, -0.00942016672343, 0.025961117819, -0.00514596281573, 0.000361141836038, -0.00208111270331], [-0.00112486921716, -0.000364317384083, 0.0017496526707, 0.000914718140848, -0.0014902506955, -0.00126784888562, 0.00283790146932, -0.00631985394284, 0.000735483539756, -0.00514596281573, 0.0245665609837, -0.00897099543363, -0.000175054068677], [-0.000206203549169, 0.00105651351623, -0.00150671647862, -0.00170110433828, 0.00501698395237, 0.00345583003946, -0.000661544210743, 0.00548373861238, -0.00242801802233, 0.000361141836038, -0.00897099543363, 0.0295170992613, -0.0081997718662], [0.000829597469419, 0.00136503949761, 0.00261109881103, -0.00151484983508, -0.00282186199911, -0.00192467181478, -1.65284636751e-05, -0.00412526726723, 0.00243293889798, -0.00208111270331, -0.000175054068677, -0.0081997718662, 0.0228281486779]]
    spectral_contrast:
        mean: [2.37951837789e-07, -1.48320138393e-08, 4.22660528798e-09, -4.58461357766e-07, -4.74870802236e-07, 7.45058059692e-08, 1.84069097031e-06, 5.95894334765e-06, 1.16664682537e-06, -2.72743113783e-06, -4.02213800044e-06, -1.08201095372e-06]
        var: [0.000500130583532, 0.000618811289314, 0.000728949438781, 0.00111922179349, 0.00195394945331, 0.00397831061855, 0.0482024475932, 0.0768143832684, 0.10961895436, 0.384865492582, 1.33459556103, 9.28611755371]

rhythm:
    beats_loudness:
        dmean: 0.00449514063075
        dmean2: 0.00673826597631
        dvar: 8.29551063362e-05
        dvar2: 0.00017932341143
        max: 0.0370903015137
        mean: 0.00407568318769
        min: 0.000125392427435
        var: 7.67167730373e-05
    beats_loudness_bass:
        dmean: 8.34197562654e-05
        dmean2: 0.000146530321217
        dvar: 2.89746839854e-08
        dvar2: 8.78768560142e-08
        max: 0.000694207905326
        mean: 7.50255348976e-05
        min: 1.2789028915e-05
        var: 1.84166815131e-08
    bpm: 106.116767883
    bpm_confidence: 0
    first_peak_bpm: 194
    first_peak_spread: 0
    first_peak_weight: 0.54545456171
    onset_rate: 0.599706232548
    second_peak_bpm: 106
    second_peak_spread: 0
    second_peak_weight: 0.409090906382
    beats_position: [0.565926730633, 1.13134932518, 1.69677209854, 2.26219463348, 2.82761740685, 3.39303994179, 3.95846247673, 4.52388525009, 5.08930778503, 5.65473079681, 6.0451259613, 6.35362815857, 6.662129879, 6.97063112259, 7.27913331985, 7.58763504028, 7.89613628387, 8.20463848114, 8.51314067841, 8.82164287567, 9.13014411926, 9.43864536285, 9.74714660645]
    bpm_estimates: [105.685813904, 105.781112671, 106.61933136, 106.380836487]
    bpm_intervals: [0.565422594547, 0.565422773361, 0.565422534943, 0.565422773361, 0.565422534943, 0.565422534943, 0.565422773361, 0.565422534943, 0.56542301178, 0.39039516449, 0.308502197266, 0.308501720428, 0.308501243591, 0.308502197266, 0.308501720428, 0.308501243591, 0.308502197266, 0.308502197266, 0.308502197266, 0.308501243591, 0.308501243591, 0.308501243591]
    onset_times: [2.83283448219, 3.25079369545, 3.35528349876, 9.69433116913, 9.84526062012, 9.97297096252]
    rubato_start: [6.35362815857]
    rubato_stop: [9.74714660645]
    perceptual_tempo: "unknown"

sfx:
    inharmonicity:
        dmean: 0.0426057726145
        dmean2: 0.0748441368341
        dvar: 0.00659935036674
        dvar2: 0.0183609388769
        max: 0.446966230869
        mean: 0.0334641002119
        min: 2.17075978526e-07
        var: 0.00604919949546
    oddtoevenharmonicenergyratio:
        dmean: 2139.6328125
        dmean2: 4284.93017578
        dvar: 279408192
        dvar2: 835582400
        max: 162108.09375
        mean: 1069.63378906
        min: 4.27375312029e-07
        var: 140528576
    pitch_after_max_to_before_max_energy_ratio: 0.588792264462
    pitch_centroid: 225.578796387
    pitch_max_to_total: 0.967517375946
    pitch_min_to_total: 0.693735480309
    tristimulus:
        dmean: [0.244068622589, 0.263952791691, 0.0529038868845]
        dmean2: [0.466200262308, 0.493307799101, 0.0975116565824]
        dvar: [0.11555814743, 0.114672929049, 0.0173346046358]
        dvar2: [0.292746156454, 0.303697735071, 0.0493819452822]
        max: [0.998075962067, 0.998363673687, 0.825938403606]
        mean: [0.685885906219, 0.250272452831, 0.0425233505666]
        min: [0.00100228667725, 0, 0]
        var: [0.143560126424, 0.112451627851, 0.013336468488]

tonal:
    chords_changes_rate: 0.0368663594127
    chords_number_rate: 0.0184331797063
    chords_strength:
        dmean: 0.00649698963389
        dmean2: 0.00850058998913
        dvar: 2.42229398282e-05
        dvar2: 4.42105556431e-05
        max: 0.596596360207
        mean: 0.530837833881
        min: 0.373534917831
        var: 0.0027881891001
    key_strength: 0.617102444172
    tuning_diatonic_strength: 0.720536530018
    tuning_equal_tempered_deviation: 0.159824475646
    tuning_frequency: 443.060424805
    tuning_nontempered_energy_ratio: 0.833133339882
    hpcp:
        dmean: [0.30579444766, 0.410000085831, 0.242853164673, 0.058833617717, 0.0301244482398, 0.0247974190861, 0.0242561828345, 0.0301893968135, 0.0309187043458, 0.0262712612748, 0.0226584114134, 0.0204867515713, 0.0241320207715, 0.025237262249, 0.0260242670774, 0.0334630869329, 0.0507453382015, 0.0551296211779, 0.0349356941879, 0.0302198845893, 0.0624224916101, 0.0792517289519, 0.0454089380801, 0.0182917360216, 0.0202920995653, 0.0222006067634, 0.0235239956528, 0.0257705431432, 0.0208490267396, 0.0202532727271, 0.022413123399, 0.0305589232594, 0.0653775334358, 0.0904636457562, 0.216778203845, 0.421704351902]
        dmean2: [0.551923274994, 0.742898762226, 0.45887658, 0.10224942863, 0.0523037239909, 0.0445000976324, 0.0371391735971, 0.046655330807, 0.0537185817957, 0.0481945313513, 0.0411351695657, 0.0360166989267, 0.0450616255403, 0.044609580189, 0.0455415509641, 0.0598934590816, 0.0946325361729, 0.104017317295, 0.0656955912709, 0.0558236204088, 0.114657141268, 0.133538275957, 0.0774452909827, 0.0297719016671, 0.0378514826298, 0.0393019206822, 0.0413578599691, 0.047225445509, 0.037854231894, 0.0369033366442, 0.0392398573458, 0.0552459061146, 0.122454218566, 0.169974446297, 0.38597920537, 0.790678679943]
        dvar: [0.0676212087274, 0.0999614074826, 0.0664976760745, 0.0161883253604, 0.00673759914935, 0.0049441200681, 0.00527750188485, 0.0108233103529, 0.00898435432464, 0.00489707989618, 0.00298108183779, 0.002404861385, 0.00449481187388, 0.00286924443208, 0.00290541560389, 0.00488133449107, 0.0165013987571, 0.0230016820133, 0.0068947407417, 0.00350037426688, 0.0192925818264, 0.0269568692893, 0.00886115245521, 0.00149538961705, 0.00488419877365, 0.00681878300384, 0.00552518572658, 0.00688730366528, 0.00447760382667, 0.0019853352569, 0.00277484906837, 0.00358990370296, 0.0261828396469, 0.0354099944234, 0.0712517797947, 0.10160959512]
        dvar2: [0.1678930372, 0.266341865063, 0.203237980604, 0.0411823503673, 0.0190357156098, 0.0137837864459, 0.00916693080217, 0.020178809762, 0.0230156872422, 0.0130443321541, 0.00906818732619, 0.00711377570406, 0.0137264151126, 0.00834979768842, 0.00813037995249, 0.0142256636173, 0.0495382472873, 0.0662844702601, 0.019834946841, 0.0105208232999, 0.0465868972242, 0.0617207176983, 0.0247577242553, 0.00365446112119, 0.0117433751002, 0.0198361258954, 0.0164682008326, 0.0217624884099, 0.0138711212203, 0.00610161805525, 0.00904132332653, 0.00966957770288, 0.0789658427238, 0.109299555421, 0.185996070504, 0.282429784536]
        max: [1, 1, 1, 1, 0.68870729208, 0.620417714119, 0.729185819626, 1, 1, 0.514557719231, 0.372443407774, 0.366261988878, 0.629451930523, 0.414101481438, 0.340666115284, 0.517676711082, 0.916879832745, 1, 0.502989351749, 0.384260207415, 1, 1, 0.748664319515, 0.694985210896, 1, 0.905400335789, 0.59942483902, 0.700627803802, 0.575845658779, 0.370410263538, 0.49605897069, 0.41924893856, 1, 1, 1, 1]
        mean: [0.728870809078, 0.550496220589, 0.202335983515, 0.071409419179, 0.037430215627, 0.0290727131069, 0.0308862235397, 0.0348166637123, 0.0341561064124, 0.0286622829735, 0.0235386770219, 0.0235329736024, 0.0272712875158, 0.0291020050645, 0.0309482365847, 0.042185023427, 0.0568649284542, 0.0575348585844, 0.0375834815204, 0.0293841492385, 0.0647193565965, 0.0789565443993, 0.0421133078635, 0.0285074766725, 0.0384180173278, 0.0320313461125, 0.0247640572488, 0.0248873513192, 0.0239881575108, 0.025275433436, 0.0266944039613, 0.0315498001873, 0.0511371158063, 0.069504275918, 0.18444532156, 0.479257315397]
        min: [0, 1.20334843814e-05, 1.19046517284e-05, 4.66589735879e-05, 3.85895873478e-05, 1.88974161119e-06, 5.39723657766e-07, 7.36979814064e-07, 2.67743462246e-06, 3.82252437703e-06, 0, 0, 0, 2.03109337349e-07, 1.02767626231e-06, 2.55301961261e-06, 2.05267497222e-06, 2.31825583796e-06, 0, 0, 0, 0, 0, 0, 0, 6.05470359005e-06, 6.9428574534e-07, 5.63650417007e-07, 2.89594737524e-07, 3.08608747446e-07, 1.56537449669e-08, 4.07054102425e-07, 0, 0, 0, 0]
        var: [0.0937059447169, 0.148170635104, 0.0787194147706, 0.0306373629719, 0.00898381602019, 0.005547713954, 0.0076072756201, 0.013114255853, 0.0106544429436, 0.00562069145963, 0.00309814582579, 0.00328612001613, 0.00549855874851, 0.00444406829774, 0.00444182008505, 0.00805671606213, 0.0179968439043, 0.0216951128095, 0.00771478749812, 0.00319388648495, 0.0219039078802, 0.0321379713714, 0.00822623446584, 0.00836147647351, 0.0226671714336, 0.0144451325759, 0.00613875174895, 0.00615974375978, 0.00496152369305, 0.00353752495721, 0.0040461900644, 0.0048843449913, 0.0191642325372, 0.0271466542035, 0.0759989321232, 0.134645715356]
    chords_histogram: [59.9078330994, 0, 0, 0, 0, 0, 0, 25.3456230164, 0, 2.30414748192, 0, 0, 0, 0, 0, 0, 0, 0, 0, 0, 0, 0, 0, 12.4423961639]
    thpcp: [1, 0.755272686481, 0.277601987123, 0.0979726687074, 0.0513537041843, 0.0398873351514, 0.0423754416406, 0.0477679483593, 0.0468616746366, 0.0393242277205, 0.032294716686, 0.0322868935764, 0.0374158024788, 0.0399275235832, 0.0424605235457, 0.0578772313893, 0.0780178457499, 0.0789369791746, 0.0515639819205, 0.0403146184981, 0.0887940004468, 0.1083272174, 0.0577788390219, 0.0391118377447, 0.052708953619, 0.0439465343952, 0.0339759215713, 0.0341450795531, 0.0329113975167, 0.0346775203943, 0.036624327302, 0.0432858616114, 0.070159368217, 0.0953588411212, 0.253056257963, 0.657533943653]
    chords_key: "D"
    chords_scale: "minor"
    key_key: "D"
    key_scale: "minor"
    chords_progression: ["D", "D", "D", "D", "D", "D", "D", "D", "D", "D", "D", "D", "D", "D", "D", "D", "D", "D", "D", "Dm", "Dm", "Dm", "Dm", "Dm", "Dm", "Dm", "Dm", "Dm", "Dm", "Dm", "Dm", "Dm", "Dm", "Dm", "Dm", "Dm", "Dm", "Dm", "Dm", "Dm", "Dm", "Dm", "Dm", "Dm", "Dm", "Dm", "Dm", "Dm", "Dm", "Dm", "Dm", "Dm", "Dm", "Dm", "Dm", "Dm", "Dm", "D", "D", "D", "D", "D", "D", "D", "D", "D", "D", "D", "D", "D", "D", "D", "D", "D", "D", "D", "D", "D", "D", "D", "D", "D", "D", "D", "D", "D", "D", "D", "D", "D", "D", "D", "D", "Dm", "Dm", "Dm", "Dm", "Dm", "Dm", "Dm", "Dm", "Dm", "Dm", "Dm", "Dm", "Dm", "Dm", "Dm", "Dm", "Dm", "Dm", "Dm", "Dm", "Dm", "Dm", "Dm", "Dm", "Dm", "Dm", "Dm", "Dm", "Dm", "Dm", "Dm", "Dm", "Dm", "Dm", "Dm", "Dm", "Dm", "Dm", "Dm", "Dm", "Dm", "Dm", "Dm", "Dm", "Dm", "Dm", "A", "Dm", "Dm", "Dm", "Dm", "Dm", "Dm", "Dm", "Dm", "Dm", "Dm", "Dm", "Dm", "Dm", "Dm", "Dm", "Dm", "Dm", "Dm", "Dm", "Dm", "Dm", "Dm", "Dm", "Dm", "Dm", "Dm", "Dm", "Dm", "Dm", "Dm", "Dm", "Dm", "Dm", "Dm", "Dm", "Dm", "Dm", "Dm", "Dm", "Dm", "Dm", "Dm", "Dm", "Dm", "Dm", "A", "A", "A", "A", "Dm", "A#", "A#", "A#", "A#", "A#", "A#", "A#", "A#", "A#", "A#", "A#", "A#", "A#", "A#", "A#", "A#", "A#", "A#", "A#", "A#", "A#", "A#", "A#", "A#", "A#", "A#", "A#"]
