
metadata:
    version:
        essentia: "1.2.2"
    audio_properties:
        analysis_sample_rate: 44100
        bitrate: 128
        channels: 2
        equal_loudness: 1
        length: 10.0048980713
        replay_gain: -10.0821781158
        downmix: "mix"
    tags:
        track: 14
        year: 0
        album: "Splitted by Mp3Splt v. 2.1"
        artist: "From 002.10 To 002.20"
        comment: "http://mp3splt.sf.net"
        genre: ""
        title: "06 Loved.mp3"

highlevel:
    ballroom:
        all:
            ChaChaCha: 0.043006632477
            Jive: 0.616402029991
            Quickstep: 0.0252578724176
            Rumba-American: 0.000292684475426
            Rumba-International: 0.000596151920035
            Rumba-Misc: 0.000470841943752
            Samba: 0.307002693415
            Tango: 0.000681129691657
            VienneseWaltz: 0.00567729212344
            Waltz: 0.000612693489529
        probability: 0.616402029991
        value: "Jive"
    culture:
        all:
            non_western: 0.477637499571
            western: 0.522362470627
        probability: 0.522362470627
        value: "western"
    gender:
        all:
            female: 0.325190424919
            male: 0.674809575081
        probability: 0.674809575081
        value: "male"
    genre_dortmund:
        all:
            alternative: 0.150300130248
            blues: 0.00545359449461
            electronic: 0.0723145231605
            folkcountry: 0.00909329764545
            funksoulrnb: 0.0104762194678
            jazz: 0.0900111421943
            pop: 0.0207011774182
            raphiphop: 0.00123755377717
            rock: 0.640412330627
        probability: 0.640412330627
        value: "rock"
    genre_electronica:
        all:
            ambient: 0.0416631735861
            dnb: 0.863375246525
            house: 0.00488314777613
            techno: 0.0294288452715
            trance: 0.0606495663524
        probability: 0.863375246525
        value: "dnb"
    genre_rosamerica:
        all:
            cla: 0.00401437329128
            dan: 0.00708963628858
            hip: 0.00563209690154
            jaz: 0.00277062435634
            pop: 0.00386961665936
            rhy: 0.00141821370926
            roc: 0.974641799927
            spe: 0.000563626468647
        probability: 0.974641799927
        value: "roc"
    genre_tzanetakis:
        all:
            blu: 0.00911268312484
            cla: 0.0140233198181
            cou: 0.0215424988419
            dis: 0.0397875905037
            hip: 0.0168612170964
            jaz: 0.0588896758854
            met: 0.684176325798
            pop: 0.031163783744
            reg: 0.00669513689354
            roc: 0.11774776876
        probability: 0.684176325798
        value: "met"
    live_studio:
        all:
            live: 0.306893736124
            studio: 0.693106234074
        probability: 0.693106234074
        value: "studio"
    mood:
        all:
            Cluster1: 0.45767056942
            Cluster2: 0.0628549382091
            Cluster3: 0.00708319153637
            Cluster4: 0.0208209026605
            Cluster5: 0.451570391655
        probability: 0.45767056942
        value: "Cluster1"
    mood_acoustic:
        all:
            acoustic: 0.0150870289654
            not_acoustic: 0.984912991524
        probability: 0.984912991524
        value: "not_acoustic"
    mood_aggressive:
        all:
            aggressive: 0.996119201183
            not_aggressive: 0.00388077972457
        probability: 0.996119201183
        value: "aggressive"
    mood_electronic:
        all:
            electronic: 0.373570412397
            not_electronic: 0.6264295578
        probability: 0.6264295578
        value: "not_electronic"
    mood_happy:
        all:
            happy: 0.422683864832
            not_happy: 0.577316105366
        probability: 0.577316105366
        value: "not_happy"
    mood_party:
        all:
            not_party: 0.219322577119
            party: 0.780677437782
        probability: 0.780677437782
        value: "party"
    mood_relaxed:
        all:
            not_relaxed: 0.98853379488
            relaxed: 0.0114662041888
        probability: 0.98853379488
        value: "not_relaxed"
    mood_sad:
        all:
            not_sad: 0.982426285744
            sad: 0.0175737310201
        probability: 0.982426285744
        value: "not_sad"
    rhythm:
        all:
            fast: 0.695755779743
            medium: 0.267082035542
            slow: 0.0371621958911
        probability: 0.695755779743
        value: "fast"
    speech_music:
        all:
            music: 0.999903202057
            speech: 9.6812233096e-05
        probability: 0.999903202057
        value: "music"
    timbre:
        all:
            bright: 0.00553539767861
            dark: 0.994464576244
        probability: 0.994464576244
        value: "dark"
    voice_instrumental:
        all:
            instrumental: 0.957143187523
            voice: 0.0428568348289
        probability: 0.957143187523
        value: "instrumental"

lowlevel:
    average_loudness: 0.953377842903
    barkbands_kurtosis:
        dmean: 0.316366434097
        dmean2: 0.526744306087
        dvar: 0.155813395977
        dvar2: 0.435639441013
        max: 2.1622262001
        mean: -1.23174667358
        min: -1.79844880104
        var: 0.228313311934
    barkbands_skewness:
        dmean: 0.286287128925
        dmean2: 0.442199349403
        dvar: 0.0655717328191
        dvar2: 0.1729862988
        max: 1.87223112583
        mean: -0.134740456939
        min: -1.49311172962
        var: 0.24417668581
    barkbands_spread:
        dmean: 4.24498844147
        dmean2: 6.77350664139
        dvar: 15.559299469
        dvar2: 38.451675415
        max: 64.497467041
        mean: 40.0273246765
        min: 18.3381958008
        var: 67.3915328979
    dissonance:
        dmean: 0.00873593520373
        dmean2: 0.0144954966381
        dvar: 6.49922003504e-05
        dvar2: 0.000148137522046
        max: 0.499999970198
        mean: 0.483125776052
        min: 0.412097215652
        var: 0.000175903900526
    hfc:
        dmean: 1.97280955315
        dmean2: 3.00924730301
        dvar: 6.68694496155
        dvar2: 16.2134494781
        max: 26.4745197296
        mean: 8.76770877838
        min: 0.32669839263
        var: 22.7474689484
    pitch:
        dmean: 1036.49645996
        dmean2: 1965.67224121
        dvar: 1986323
        dvar2: 4723848
        max: 4009.09082031
        mean: 1466.73706055
        min: 86.4705886841
        var: 2673972
    pitch_instantaneous_confidence:
        dmean: 0.0588986985385
        dmean2: 0.0961901918054
        dvar: 0.00289757619612
        dvar2: 0.00656388280913
        max: 0.706907987595
        mean: 0.278626710176
        min: 0.140075206757
        var: 0.0111481286585
    pitch_salience:
        dmean: 0.0445655845106
        dmean2: 0.0656970664859
        dvar: 0.00188648421317
        dvar2: 0.00410696864128
        max: 0.785993158817
        mean: 0.660195708275
        min: 0.33742338419
        var: 0.0051628719084
    silence_rate_20dB:
        dmean: 0
        dmean2: 0
        dvar: 0
        dvar2: 0
        max: 1
        mean: 1
        min: 1
        var: 0
    silence_rate_30dB:
        dmean: 0
        dmean2: 0
        dvar: 0
        dvar2: 0
        max: 1
        mean: 1
        min: 1
        var: 0
    silence_rate_60dB:
        dmean: 0.120930232108
        dmean2: 0.242424249649
        dvar: 0.106306344271
        dvar2: 0.216288655996
        max: 1
        mean: 0.252900242805
        min: 0
        var: 0.18894149363
    spectral_centroid:
        dmean: 227.89604187
        dmean2: 342.166015625
        dvar: 42619.3828125
        dvar2: 105315.476562
        max: 2896.50830078
        mean: 1761.77197266
        min: 621.68157959
        var: 172221.234375
    spectral_complexity:
        dmean: 4.14018678665
        dmean2: 6.41451978683
        dvar: 19.5878200531
        dvar2: 40.1256446838
        max: 46
        mean: 19.5594406128
        min: 0
        var: 79.3374099731
    spectral_crest:
        dmean: 1.22136318684
        dmean2: 1.98721396923
        dvar: 1.66169095039
        dvar2: 4.37528085709
        max: 15.1220340729
        mean: 5.12706756592
        min: 2.61892580986
        var: 3.21902751923
    spectral_decrease:
        dmean: 2.27786026152e-10
        dmean2: 3.49408529887e-10
        dvar: 8.42467427261e-20
        dvar2: 1.98888624801e-19
        max: -3.04017644392e-11
        mean: -1.11555564786e-09
        min: -5.41330402726e-09
        var: 3.86386429731e-19
    spectral_energy:
        dmean: 0.00100591615774
        dmean2: 0.00153049093205
        dvar: 1.59260059718e-06
        dvar2: 3.75570766664e-06
        max: 0.0225449819118
        mean: 0.00500562088564
        min: 0.000144375793752
        var: 7.35863295631e-06
    spectral_energyband_high:
        dmean: 0.000200686612516
        dmean2: 0.000307901005726
        dvar: 5.1082825081e-08
        dvar2: 1.28925677245e-07
        max: 0.00191714742687
        mean: 0.000502570299432
        min: 1.97149493033e-05
        var: 1.20363210954e-07
    spectral_energyband_low:
        dmean: 0.000348226545611
        dmean2: 0.000522193091456
        dvar: 4.74596873801e-07
        dvar2: 1.10038604362e-06
        max: 0.0081302030012
        mean: 0.000738854927476
        min: 1.28653136926e-05
        var: 7.34931063562e-07
    spectral_energyband_middle_high:
        dmean: 0.00054498843383
        dmean2: 0.000889848568477
        dvar: 5.89148839936e-07
        dvar2: 1.50651612785e-06
        max: 0.00879779830575
        mean: 0.002490214305
        min: 9.10612798179e-05
        var: 2.21151140067e-06
    spectral_energyband_middle_low:
        dmean: 0.000349159468897
        dmean2: 0.000552656827495
        dvar: 2.1979812459e-07
        dvar2: 5.78805554596e-07
        max: 0.00577447377145
        mean: 0.00127397908363
        min: 1.7156233298e-05
        var: 8.7629717882e-07
    spectral_flatness_db:
        dmean: 0.0104525256902
        dmean2: 0.0175167564303
        dvar: 7.10735839675e-05
        dvar2: 0.000173080945387
        max: 0.188371658325
        mean: 0.140432819724
        min: 0.0697695165873
        var: 0.000180574614205
    spectral_flux:
        dmean: 0.00556643307209
        dmean2: 0.00837026815861
        dvar: 4.40383664682e-05
        dvar2: 9.37817312661e-05
        max: 0.0818029046059
        mean: 0.0367772243917
        min: 0.0122106168419
        var: 0.000120536875329
    spectral_kurtosis:
        dmean: 0.980908930302
        dmean2: 1.65916633606
        dvar: 0.88251978159
        dvar2: 2.35734629631
        max: 10.2601280212
        mean: 2.47549057007
        min: 0.496708393097
        var: 1.5084502697
    spectral_rms:
        dmean: 0.000216777189053
        dmean2: 0.000322183565004
        dvar: 5.86886130804e-08
        dvar2: 1.29711310137e-07
        max: 0.00468989368528
        mean: 0.00213801395148
        min: 0.000375305797206
        var: 3.12432177907e-07
    spectral_rolloff:
        dmean: 285.717376709
        dmean2: 440.850860596
        dvar: 76736.796875
        dvar2: 179625.375
        max: 4521.97265625
        mean: 3529.73706055
        min: 968.994140625
        var: 250993.140625
    spectral_skewness:
        dmean: 0.140818178654
        dmean2: 0.227001920342
        dvar: 0.0179090723395
        dvar2: 0.036754142493
        max: 2.7397711277
        mean: 1.00384902954
        min: 0.50846862793
        var: 0.0549134872854
    spectral_spread:
        dmean: 238138.265625
        dmean2: 355645.03125
        dvar: 166032834560
        dvar2: 213448704000
        max: 11138799
        mean: 3707007.5
        min: 2378674.5
        var: 295268384768
    spectral_strongpeak:
        dmean: 0.29776981473
        dmean2: 0.544196724892
        dvar: 0.371238380671
        dvar2: 1.06502985954
        max: 3.64595985413
        mean: 0.343783259392
        min: 0.00389995379373
        var: 0.363034516573
    zerocrossingrate:
        dmean: 0.00707323290408
        dmean2: 0.00852491054684
        dvar: 3.6025121517e-05
        dvar2: 4.64051045128e-05
        max: 0.1494140625
        mean: 0.101341694593
        min: 0.04736328125
        var: 0.000287183996988
    barkbands:
        dmean: [1.75350990617e-07, 9.78254174697e-05, 0.000296141719446, 0.000166907120729, 0.000126572253066, 9.1402878752e-05, 2.16672342503e-05, 7.47781668906e-05, 9.51407346292e-05, 4.27108316217e-05, 0.000115688431833, 5.90006784478e-05, 5.60993321415e-05, 8.87618589331e-05, 7.14009365765e-05, 0.00012119411258, 0.000124472819152, 0.00014441634994, 0.00016815928393, 0.00021050889336, 8.80248262547e-05, 1.5449415514e-05, 2.13968860407e-06, 8.56388226111e-07, 1.86992949125e-07, 4.60525528823e-09, 3.04287456343e-10]
        dmean2: [2.70246118816e-07, 0.000151845277287, 0.000456829671748, 0.000272162782494, 0.000207023593248, 0.000143260796904, 3.53384348273e-05, 0.000115487768198, 0.000149817700731, 7.09580708644e-05, 0.000187184166862, 0.000101800127595, 9.13683034014e-05, 0.000151040891069, 0.00011325142259, 0.000205141623155, 0.000212269165786, 0.000234605919104, 0.000266094459221, 0.000322684820276, 0.000136218019179, 2.50978482654e-05, 3.42671387443e-06, 1.24885445985e-06, 2.78273319054e-07, 6.86144385753e-09, 4.67093641543e-10]
        dvar: [9.84003460311e-14, 4.47958576899e-08, 3.49659700305e-07, 6.11840178522e-08, 4.24732320425e-08, 1.39752476258e-08, 7.09513225949e-10, 2.25617586835e-08, 4.22997388227e-08, 1.87362481086e-09, 4.91181424422e-08, 6.46047126907e-09, 4.1560697106e-09, 2.79019243266e-08, 7.26942062101e-09, 1.48251384502e-08, 1.56044297484e-08, 3.09279037936e-08, 4.51925501466e-08, 5.36500337489e-08, 1.10413802545e-08, 2.73554678909e-10, 6.07822819854e-12, 1.39266419577e-12, 7.89251679962e-14, 1.70754562977e-16, 4.64742245458e-18]
        dvar2: [1.9834043533e-13, 9.98624827275e-08, 8.87866065113e-07, 1.81775945407e-07, 1.06751549822e-07, 3.95864994118e-08, 1.85961790411e-09, 5.52525598607e-08, 8.41788647676e-08, 4.39182601397e-09, 1.02596708018e-07, 1.96763920712e-08, 1.07566435759e-08, 7.46487032188e-08, 1.75166920968e-08, 4.32243467685e-08, 4.42505907472e-08, 8.09873554886e-08, 1.16648926962e-07, 1.33705086114e-07, 2.70863793617e-08, 6.75526967697e-10, 1.54137327901e-11, 2.95286625013e-12, 1.6487988275e-13, 3.31386552839e-16, 4.77313612331e-18]
        max: [3.89969090975e-06, 0.00271956808865, 0.00674809329212, 0.00231098593213, 0.00157440314069, 0.00117223523557, 0.000259208376519, 0.00179475708865, 0.00431904196739, 0.000460525770904, 0.00473836250603, 0.000723617093172, 0.000645078369416, 0.00308773317374, 0.000986239640042, 0.00100618752185, 0.00117149017751, 0.00168130756356, 0.00286604580469, 0.00249396893196, 0.000930497597437, 0.000155468675075, 2.68858893833e-05, 1.14891727208e-05, 5.03669207319e-06, 2.17710123707e-07, 4.45459136245e-08]
        mean: [3.65677749414e-07, 0.00020232895622, 0.000536165433004, 0.000342200888554, 0.000220504516619, 0.000286272435915, 4.20329051849e-05, 0.000137618597364, 0.000238085558522, 8.97819918464e-05, 0.000264589849394, 0.000110881272121, 0.000126039289171, 0.000180320275831, 0.00016543341917, 0.000246677285759, 0.000281568645732, 0.000343330495525, 0.000423547753599, 0.000512537022587, 0.000206033349968, 4.04679412895e-05, 6.19672300672e-06, 2.20193692257e-06, 4.34450100784e-07, 9.31279142691e-09, 2.60811289232e-10]
        min: [1.80266068739e-09, 1.31375213641e-06, 5.62207560506e-06, 3.78359891329e-06, 3.65780533684e-06, 7.70168298914e-07, 6.36009588106e-07, 5.65155119148e-07, 4.71994826512e-06, 3.75534455088e-06, 5.44432714378e-06, 3.5900623061e-06, 6.56452220937e-06, 2.11599717659e-06, 5.20269213666e-06, 1.35895606945e-05, 1.98834750336e-05, 7.8908242358e-06, 1.49845136548e-05, 8.98691723705e-06, 9.17966735869e-06, 1.10125790798e-06, 1.59845015446e-07, 1.54261421415e-08, 2.5702200368e-09, 6.82255814344e-12, 4.10823786556e-14]
        var: [2.22635386689e-13, 7.0378526118e-08, 4.65051385845e-07, 1.06359046015e-07, 5.18042888586e-08, 4.72969894361e-08, 1.20676002524e-09, 4.94897456349e-08, 2.96101376307e-07, 5.82454839915e-09, 3.79884909307e-07, 8.18550649484e-09, 1.00336450259e-08, 6.71999913493e-08, 1.97615523945e-08, 2.89538739651e-08, 2.87475074856e-08, 5.76287817466e-08, 9.6168449204e-08, 1.40082150324e-07, 2.35346480082e-08, 6.55638376923e-10, 2.04795850417e-11, 3.51698444673e-12, 3.25359232828e-13, 5.38617027972e-16, 4.64930346329e-18]
    mfcc:
        mean: [-687.102478027, 111.789070129, -61.5440101624, 62.7755737305, -15.0619373322, 10.4213962555, 5.02150297165, 1.49901688099, -1.10100090504, -0.759108841419, -9.82023715973, -1.50010514259, -5.15990066528]
        cov: [[1018.1897583, -200.115402222, 71.1645355225, -92.3529663086, -75.3827819824, -96.5789794922, 48.1910629272, -56.4866943359, 26.562253952, 55.7958030701, 49.6301422119, 2.20847415924, 19.0466041565], [-200.115402222, 308.843780518, -74.837677002, -35.2434577942, -16.5524120331, -1.24132525921, -49.8701629639, -25.3222522736, -19.50639534, -13.1096839905, -9.17940425873, -21.6774692535, -8.36060237885], [71.1645355225, -74.837677002, 119.279808044, 46.6036529541, 9.42342185974, 12.5468158722, 42.9299850464, 4.68757152557, 11.0510902405, 12.3980617523, 11.7359542847, 8.66470336914, -4.86501550674], [-92.3529663086, -35.2434577942, 46.6036529541, 100.600997925, 53.6602020264, 37.0995941162, 18.8519363403, 38.2600517273, 6.8262796402, -3.43200421333, -2.11186385155, 20.251543045, 5.75771903992], [-75.3827819824, -16.5524120331, 9.42342185974, 53.6602020264, 75.3449935913, 41.9503288269, 9.46964073181, 36.5889472961, 10.7075500488, -2.6018409729, -0.753135800362, 8.18873882294, 5.09685754776], [-96.5789794922, -1.24132525921, 12.5468158722, 37.0995941162, 41.9503288269, 58.893787384, 27.4338512421, 33.6817016602, 11.926990509, 0.685883879662, -3.90290927887, 5.71953105927, 0.859132707119], [48.1910629272, -49.8701629639, 42.9299850464, 18.8519363403, 9.46964073181, 27.4338512421, 85.8399658203, 29.3153972626, 30.0369930267, 16.0789165497, 11.7658214569, -0.370590895414, -2.52682495117], [-56.4866943359, -25.3222522736, 4.68757152557, 38.2600517273, 36.5889472961, 33.6817016602, 29.3153972626, 67.839302063, 27.6151275635, 4.3419380188, -0.0637203902006, 0.938402831554, 4.25458574295], [26.562253952, -19.50639534, 11.0510902405, 6.8262796402, 10.7075500488, 11.926990509, 30.0369930267, 27.6151275635, 53.1335525513, 21.6874294281, 9.44100570679, -11.1252288818, -3.26425051689], [55.7958030701, -13.1096839905, 12.3980617523, -3.43200421333, -2.6018409729, 0.685883879662, 16.0789165497, 4.3419380188, 21.6874294281, 42.639213562, 18.3335552216, -4.184674263, -4.45990180969], [49.6301422119, -9.17940425873, 11.7359542847, -2.11186385155, -0.753135800362, -3.90290927887, 11.7658214569, -0.0637203902006, 9.44100570679, 18.3335552216, 35.6481132507, 6.8250002861, -0.813907802105], [2.20847415924, -21.6774692535, 8.66470336914, 20.251543045, 8.18873882294, 5.71953105927, -0.370590895414, 0.938402831554, -11.1252288818, -4.184674263, 6.8250002861, 41.7227630615, 14.7051820755], [19.0466041565, -8.36060237885, -4.86501550674, 5.75771903992, 5.09685754776, 0.859132707119, -2.52682495117, 4.25458574295, -3.26425051689, -4.45990180969, -0.813907802105, 14.7051820755, 31.1064949036]]
        icov: [[0.00182122655679, 0.000848529569339, -0.000983593636192, 0.00187105336227, -0.000867602764629, 0.00287073873915, -0.00113494542893, 0.000723820878193, -0.00039609358646, -0.00120939023327, -0.000489111698698, -0.000169835257111, -0.00166303431615], [0.000848529569339, 0.00485443137586, 0.00203280244023, 3.10301948048e-05, 0.00139583006967, -0.00211509643123, 0.00134424073622, 0.00202931812964, 7.33566339477e-05, 0.000147568745888, -0.00182768062223, 0.0025137658231, -0.000448603561381], [-0.000983593636192, 0.00203280244023, 0.0164182521403, -0.0108295949176, 0.00358629156835, -0.00222856062464, -0.00536733912304, 0.00623421370983, -2.00620506803e-05, -0.000520917237736, -0.00251933210529, 0.00167620717548, 0.00297107431106], [0.00187105336227, 3.10301948048e-05, -0.0108295949176, 0.027448091656, -0.0130791543052, 0.00251885433681, 0.000834190403111, -0.00802651513368, 0.00122230744455, -0.000706613471266, 0.00407466618344, -0.00907006021589, -0.000251222169027], [-0.000867602764629, 0.00139583006967, 0.00358629156835, -0.0130791543052, 0.0331945568323, -0.0189752746373, 0.00699533475563, -0.00391705846414, -0.00205514347181, 0.00345218926668, -0.00611768336967, 0.0040089385584, -0.00169865961652], [0.00287073873915, -0.00211509643123, -0.00222856062464, 0.00251885433681, -0.0189752746373, 0.0445947684348, -0.0131275923923, -0.0062404088676, 0.00163763656747, -0.00476625002921, 0.00837510917336, -0.00619634008035, 0.00116046669427], [-0.00113494542893, 0.00134424073622, -0.00536733912304, 0.000834190403111, 0.00699533475563, -0.0131275923923, 0.0234783180058, -0.00558921555057, -0.00613238383085, 0.0011118974071, -0.00445547932759, 0.0011502414709, 0.000805949675851], [0.000723820878193, 0.00202931812964, 0.00623421370983, -0.00802651513368, -0.00391705846414, -0.0062404088676, -0.00558921555057, 0.0327537432313, -0.0119153223932, 0.00194715568796, -0.000368724140571, 0.00291347503662, -0.00391494948417], [-0.00039609358646, 7.33566339477e-05, -2.00620506803e-05, 0.00122230744455, -0.00205514347181, 0.00163763656747, -0.00613238383085, -0.0119153223932, 0.0358773209155, -0.0126299932599, -0.00191080430523, 0.00874804798514, -0.000775511958636], [-0.00120939023327, 0.000147568745888, -0.000520917237736, -0.000706613471266, 0.00345218926668, -0.00476625002921, 0.0011118974071, 0.00194715568796, -0.0126299932599, 0.038683783263, -0.0159624610096, 0.00268688099459, 0.00275257183239], [-0.000489111698698, -0.00182768062223, -0.00251933210529, 0.00407466618344, -0.00611768336967, 0.00837510917336, -0.00445547932759, -0.000368724140571, -0.00191080430523, -0.0159624610096, 0.0428476072848, -0.0128200361505, 0.00381209212355], [-0.000169835257111, 0.0025137658231, 0.00167620717548, -0.00907006021589, 0.0040089385584, -0.00619634008035, 0.0011502414709, 0.00291347503662, 0.00874804798514, 0.00268688099459, -0.0128200361505, 0.0396244376898, -0.0158342979848], [-0.00166303431615, -0.000448603561381, 0.00297107431106, -0.000251222169027, -0.00169865961652, 0.00116046669427, 0.000805949675851, -0.00391494948417, -0.000775511958636, 0.00275257183239, 0.00381209212355, -0.0158342979848, 0.0423021875322]]
    spectral_contrast:
        mean: [-7.46408375107e-07, -2.94011385904e-07, 8.62189750706e-08, -2.84945627982e-07, 7.30677925276e-07, -5.47313732113e-07, 4.93871038998e-06, 1.72193506387e-06, -1.04297703274e-06, 1.17903266528e-06, 5.05069465362e-06, 6.61347598907e-07]
        var: [0.000193083964405, 0.000382719299523, 0.000445265701273, 0.0011253261473, 0.00304601225071, 0.00474161235616, 0.0247702915221, 0.0425425693393, 0.0781778171659, 0.157386288047, 0.203510865569, 0.512605845928]

rhythm:
    beats_loudness:
        dmean: 0.00209731399082
        dmean2: 0.00350945047103
        dvar: 4.39965015175e-06
        dvar2: 1.11638000817e-05
        max: 0.0129793435335
        mean: 0.00626659253612
        min: 0.00266930367798
        var: 5.5891014199e-06
    beats_loudness_bass:
        dmean: 0.175195962191
        dmean2: 0.345176517963
        dvar: 0.0119235087186
        dvar2: 0.0318825021386
        max: 0.505345642567
        mean: 0.207443743944
        min: 0.0344369523227
        var: 0.0173415057361
    bpm: 120.087806702
    bpm_confidence: 0
    first_peak_bpm: 120
    first_peak_spread: 0
    first_peak_weight: 0.944444417953
    onset_rate: 3.09848237038
    second_peak_bpm: 86
    second_peak_spread: 0
    second_peak_weight: 0.0555555559695
    beats_position: [0.271019786596, 0.770176410675, 1.26933300495, 1.76848959923, 2.2676460743, 2.76680278778, 3.26595950127, 3.76511621475, 4.26427268982, 4.76342964172, 5.26258611679, 5.7617430687, 6.4633603096, 6.96347999573, 7.46360015869, 7.96372032166, 8.46384048462, 8.96396064758, 9.46408081055]
    bpm_estimates: [119.978233337, 120.237457275, 120.04598999, 119.991104126, 120.387237549, 120.247673035, 120.586395264, 120.123550415, 120.229614258, 120.095832825, 120.103256226, 120.199867249, 118.82648468, 120.142227173, 120.161071777, 120.217086792, 120.072097778, 119.935539246]
    bpm_intervals: [0.499156624079, 0.499156594276, 0.499156594276, 0.499156475067, 0.499156713486, 0.499156713486, 0.499156713486, 0.499156475067, 0.499156951904, 0.499156475067, 0.499156951904, 0.701617240906, 0.500119686127, 0.500120162964, 0.500120162964, 0.500120162964, 0.500120162964, 0.500120162964]
    onset_times: [0.0580498874187, 0.267029464245, 0.557278931141, 0.592108845711, 1.26548755169, 1.5673469305, 2.02013611794, 2.27555561066, 2.77478456497, 3.06503391266, 3.27401351929, 3.78485250473, 4.06349229813, 4.28408145905, 4.53950119019, 4.79492044449, 5.29414987564, 5.5727891922, 6.06040811539, 6.29260778427, 6.79183673859, 7.0936961174, 7.30267572403, 7.80190467834, 8.08054447174, 8.3011341095, 8.55655288696, 8.82358264923, 9.31120204926, 9.58984088898, 9.83365058899]
    rubato_start: []
    rubato_stop: []
    perceptual_tempo: "unknown"

sfx:
    inharmonicity:
        dmean: 0.0519453957677
        dmean2: 0.0928615406156
        dvar: 0.00302336202003
        dvar2: 0.00838582217693
        max: 0.318866431713
        mean: 0.0623180866241
        min: 0.00150330446195
        var: 0.00315037579276
    oddtoevenharmonicenergyratio:
        dmean: 1.51476955414
        dmean2: 2.80773234367
        dvar: 14.3222732544
        dvar2: 42.1928100586
        max: 39.8340301514
        mean: 1.20487833023
        min: 0.00682581355795
        var: 8.40161132812
    pitch_after_max_to_before_max_energy_ratio: 128.792129517
    pitch_centroid: 216.017150879
    pitch_max_to_total: 0
    pitch_min_to_total: 0.214452207088
    tristimulus:
        dmean: [0.168874949217, 0.238247200847, 0.158197432756]
        dmean2: [0.294297218323, 0.411866694689, 0.27262288332]
        dvar: [0.0226797107607, 0.0380439832807, 0.0177054386586]
        dvar2: [0.069861754775, 0.119535781443, 0.0508504137397]
        max: [0.866985738277, 0.934691846371, 0.655647039413]
        mean: [0.314634233713, 0.444265544415, 0.184021234512]
        min: [0.0082969032228, 0, 0]
        var: [0.0321267023683, 0.0508820004761, 0.023523196578]

tonal:
    chords_changes_rate: 0.115740738809
    chords_number_rate: 0.0277777779847
    chords_strength:
        dmean: 0.00861905422062
        dmean2: 0.00980211608112
        dvar: 4.42856471636e-05
        dvar2: 6.05447130511e-05
        max: 0.625046849251
        mean: 0.382223188877
        min: 0.253403544426
        var: 0.0108982501552
    key_strength: 0.54300558567
    tuning_diatonic_strength: 0.386469721794
    tuning_equal_tempered_deviation: 0.154867097735
    tuning_frequency: 443.316436768
    tuning_nontempered_energy_ratio: 0.797483861446
    hpcp:
        dmean: [0.0845625326037, 0.0954793319106, 0.115032911301, 0.136729508638, 0.144545122981, 0.157092884183, 0.16129142046, 0.210254192352, 0.220124050975, 0.21284841001, 0.152446210384, 0.146882101893, 0.163588389754, 0.1190963462, 0.0822554454207, 0.0925288796425, 0.093400195241, 0.0898411944509, 0.0925327837467, 0.109891325235, 0.15726877749, 0.133301019669, 0.14071701467, 0.143404945731, 0.135167345405, 0.123163923621, 0.161021143198, 0.151277005672, 0.132942542434, 0.100213617086, 0.0838519185781, 0.0980546101928, 0.117896743119, 0.0966876372695, 0.109192699194, 0.111301057041]
        dmean2: [0.135598033667, 0.146640568972, 0.180860042572, 0.219651803374, 0.242050603032, 0.258982300758, 0.267207533121, 0.359190791845, 0.359765440226, 0.33157235384, 0.241419255733, 0.247126698494, 0.278468579054, 0.207538887858, 0.13371874392, 0.147918879986, 0.142568334937, 0.141854554415, 0.152488589287, 0.17653337121, 0.241939201951, 0.222799181938, 0.240316867828, 0.245261579752, 0.215311139822, 0.195581451058, 0.253429472446, 0.246237725019, 0.216263517737, 0.166078642011, 0.137747853994, 0.168335705996, 0.197466701269, 0.159208193421, 0.180425569415, 0.179131820798]
        dvar: [0.00830576848239, 0.0109588187188, 0.0127076124772, 0.0186620429158, 0.024077501148, 0.0318625681102, 0.0290324408561, 0.0474679246545, 0.0437168031931, 0.0448911562562, 0.0260298382491, 0.0283772815019, 0.0364193730056, 0.0163865014911, 0.00771295838058, 0.0111285056919, 0.00778548279777, 0.0122032677755, 0.0136517435312, 0.0127479927614, 0.027005199343, 0.0338348932564, 0.0318381264806, 0.0290070548654, 0.0292681436986, 0.0195421706885, 0.0300023369491, 0.026965148747, 0.023627044633, 0.0136479064822, 0.00989510305226, 0.0169882923365, 0.0191997159272, 0.0135053610429, 0.010732229799, 0.0134015902877]
        dvar2: [0.0166118014604, 0.0283587072045, 0.0319886021316, 0.0491684935987, 0.0680476352572, 0.0807167589664, 0.0615913532674, 0.120772227645, 0.109567657113, 0.109031818807, 0.0631592944264, 0.072316378355, 0.0954672992229, 0.0487377382815, 0.0221166685224, 0.0252520367503, 0.0187371224165, 0.0304033793509, 0.0312284715474, 0.0335302390158, 0.0671693459153, 0.0685617029667, 0.0833643376827, 0.0723343268037, 0.0700967088342, 0.0493543967605, 0.0734563842416, 0.0548534467816, 0.0646840855479, 0.0369064956903, 0.0285128373653, 0.0491794124246, 0.0558738969266, 0.0349674075842, 0.0311299171299, 0.0301714874804]
        max: [1, 1, 0.770594716072, 1, 1, 1, 1, 1, 1, 1, 1, 1, 1, 1, 0.656576514244, 1, 0.788224637508, 1, 1, 1, 1, 1, 1, 1, 1, 0.956725478172, 1, 1, 1, 1, 0.777955174446, 1, 1, 1, 0.906150341034, 1]
        mean: [0.179371699691, 0.179368793964, 0.234963044524, 0.260048240423, 0.264518111944, 0.289910137653, 0.340490281582, 0.364623099566, 0.399499356747, 0.376699894667, 0.275934100151, 0.336777001619, 0.378938227892, 0.229052007198, 0.170378044248, 0.194760486484, 0.200521469116, 0.19513875246, 0.187368378043, 0.234317705035, 0.325279414654, 0.329418540001, 0.24167534709, 0.202597424388, 0.19856993854, 0.229052633047, 0.357952535152, 0.390256851912, 0.249676257372, 0.154870927334, 0.154340326786, 0.168670296669, 0.215152278543, 0.23802433908, 0.23143927753, 0.232480466366]
        min: [0.0133121069521, 0.0180361606181, 0.029379716143, 0.0303160436451, 0.0268891304731, 0.0285004172474, 0.0189137607813, 0.0330284647644, 0.0368371233344, 0.032959073782, 0.0238883085549, 0.0213296134025, 0.0343941859901, 0.0298366211355, 0.0160353519022, 0.013235216029, 0.0166948847473, 0.0133454753086, 0.0138684576377, 0.0150008136407, 0.0150293903425, 0.00998125597835, 0.00891916081309, 0.020355341956, 0.0209078360349, 0.018829183653, 0.0241664368659, 0.0217929966748, 0.00849901046604, 0.0152809740975, 0.0196678880602, 0.0215250477195, 0.0198617111892, 0.0162557531148, 0.0247384663671, 0.0151282576844]
        var: [0.0210221540183, 0.0161444935948, 0.0205772761256, 0.0297273155302, 0.0445686988533, 0.0527379363775, 0.0784338638186, 0.0819561183453, 0.0867819264531, 0.0876267328858, 0.0417859219015, 0.0734468623996, 0.097355350852, 0.0232891272753, 0.0140323648229, 0.0220577511936, 0.0216496456414, 0.0311758611351, 0.0348211564124, 0.0512380376458, 0.0636382699013, 0.097480006516, 0.0593698956072, 0.0358895324171, 0.0416665747762, 0.032967351377, 0.0700113475323, 0.0879895836115, 0.0364313535392, 0.0154869128019, 0.0134423235431, 0.0169005841017, 0.034806843847, 0.0605483278632, 0.0267017930746, 0.0323810353875]
    chords_histogram: [0, 0.462962955236, 43.055557251, 0, 0, 5.09259271622, 0, 0, 0, 0, 0, 0, 2.77777767181, 0, 0, 0.462962955236, 0, 0, 0, 5.09259271622, 0, 0, 12.0370368958, 31.0185184479]
    thpcp: [1, 0.942929923534, 0.690699756145, 0.842997610569, 0.948532760143, 0.573347628117, 0.426478892565, 0.487511396408, 0.501931905746, 0.488458245993, 0.469007968903, 0.586528360844, 0.814217627048, 0.824578404427, 0.604945540428, 0.507128298283, 0.497046947479, 0.573349177837, 0.89600276947, 0.976864755154, 0.624972879887, 0.387662529945, 0.386334359646, 0.422204166651, 0.538554728031, 0.595806539059, 0.579323291779, 0.581929504871, 0.448991209269, 0.448983937502, 0.588143765926, 0.650935292244, 0.662123978138, 0.725683629513, 0.85229241848, 0.912700116634]
    chords_key: "F#"
    chords_scale: "major"
    key_key: "B"
    key_scale: "major"
    chords_progression: ["Em", "D#m", "G#m", "G#m", "G#m", "G#m", "G#m", "G#m", "G#m", "G#m", "G#m", "G#m", "G#m", "G#m", "G#m", "G#m", "G#m", "G#m", "G#m", "G#m", "G#m", "G#m", "G#m", "G#m", "G#m", "G#m", "G#m", "G#m", "G#m", "G#m", "G#m", "G#m", "G#m", "G#m", "G#m", "G#m", "G#m", "G#m", "G#m", "G#m", "G#m", "G#m", "G#m", "G#m", "G#m", "G#m", "G#m", "G#m", "G#m", "E", "E", "E", "E", "E", "E", "E", "E", "E", "G#m", "G#m", "E", "E", "E", "E", "E", "E", "G#m", "E", "E", "E", "E", "E", "F#m", "E", "F#m", "E", "F#m", "F#m", "F#m", "F#m", "F#m", "F#m", "F#m", "F#m", "F#m", "F#", "F#", "F#", "F#", "F#", "F#", "F#", "F#", "F#", "F#", "F#", "F#", "F#", "F#", "F#", "F#", "F#", "F#", "F#", "F#", "F#", "F#", "F#", "F#", "F#", "F#", "F#", "F#", "F#", "F#", "F#", "F#", "F#", "F#", "F#", "Fm", "Fm", "Fm", "Fm", "Fm", "Fm", "Fm", "Fm", "Fm", "Fm", "Fm", "F#", "E", "F#", "F#", "F#", "F#", "E", "E", "E", "F#", "F#", "F#", "F#", "F#", "F#", "F#", "F#", "F#", "F#", "F#", "F#", "F#", "F#", "F#", "F#", "F#", "F#", "F#", "F#", "F#", "F#", "F#", "F#", "F#", "F#", "F#", "F#", "F#", "F#", "F#", "F#", "F#", "F#", "F#", "F#", "F#", "F#", "F#", "F#", "F#", "G#m", "G#m", "G#m", "G#m", "G#m", "G#m", "G#m", "G#m", "G#m", "G#m", "G#m", "G#m", "G#m", "G#m", "G#m", "G#m", "G#m", "F#", "F#", "F#", "F#", "F#", "F#", "F#", "F", "F", "F", "F", "F", "F#", "F", "F#", "F#", "F#", "F#"]
