
metadata:
    version:
        essentia: "1.2.2"
    audio_properties:
        analysis_sample_rate: 44100
        bitrate: 128
        channels: 2
        equal_loudness: 1
        length: 9.97877597809
        replay_gain: -10.6031303406
        downmix: "mix"
    tags:
        track: 14
        year: 0
        album: "Splitted by Mp3Splt v. 2.1"
        artist: "From 002.10 To 002.20"
        comment: "http://mp3splt.sf.net"
        genre: ""
        title: "17 Island of Lost Souls.mp3"

highlevel:
    ballroom:
        all:
            ChaChaCha: 0.0139450244606
            Jive: 0.0255606360734
            Quickstep: 0.155381634831
            Rumba-American: 0.0128035312518
            Rumba-International: 0.273717731237
            Rumba-Misc: 0.142431125045
            Samba: 0.024461703375
            Tango: 0.0171129200608
            VienneseWaltz: 0.230775520205
            Waltz: 0.103810183704
        probability: 0.273717731237
        value: "Rumba-International"
    culture:
        all:
            non_western: 0.628688275814
            western: 0.371311694384
        probability: 0.628688275814
        value: "non_western"
    gender:
        all:
            female: 0.763126969337
            male: 0.236873015761
        probability: 0.763126969337
        value: "female"
    genre_dortmund:
        all:
            alternative: 0.0471017844975
            blues: 0.00470720604062
            electronic: 0.124971598387
            folkcountry: 0.22451429069
            funksoulrnb: 0.0557047761977
            jazz: 0.271202117205
            pop: 0.164042174816
            raphiphop: 0.0137830153108
            rock: 0.0939730331302
        probability: 0.271202117205
        value: "jazz"
    genre_electronica:
        all:
            ambient: 0.704551160336
            dnb: 0.0155881009996
            house: 0.0626208558679
            techno: 0.00724034430459
            trance: 0.209999531507
        probability: 0.704551160336
        value: "ambient"
    genre_rosamerica:
        all:
            cla: 0.0469407141209
            dan: 0.066212117672
            hip: 0.00887575559318
            jaz: 0.0450677610934
            pop: 0.594336569309
            rhy: 0.108062244952
            roc: 0.122840926051
            spe: 0.00766391865909
        probability: 0.594336569309
        value: "pop"
    genre_tzanetakis:
        all:
            blu: 0.00604803813621
            cla: 0.0414755120873
            cou: 0.217597931623
            dis: 0.0402091182768
            hip: 0.0050562415272
            jaz: 0.0552137121558
            met: 0.00507085304707
            pop: 0.204608753324
            reg: 0.0270202066749
            roc: 0.3976996243
        probability: 0.3976996243
        value: "roc"
    live_studio:
        all:
            live: 0.968399345875
            studio: 0.0316006578505
        probability: 0.968399345875
        value: "live"
    mood:
        all:
            Cluster1: 0.333907037973
            Cluster2: 0.251046746969
            Cluster3: 0.232755884528
            Cluster4: 0.125298544765
            Cluster5: 0.05699178949
        probability: 0.333907037973
        value: "Cluster1"
    mood_acoustic:
        all:
            acoustic: 0.48920994997
            not_acoustic: 0.51079005003
        probability: 0.51079005003
        value: "not_acoustic"
    mood_aggressive:
        all:
            aggressive: 2.58398972619e-06
            not_aggressive: 0.999997437
        probability: 0.999997437
        value: "not_aggressive"
    mood_electronic:
        all:
            electronic: 0.313827157021
            not_electronic: 0.686172842979
        probability: 0.686172842979
        value: "not_electronic"
    mood_happy:
        all:
            happy: 0.439900249243
            not_happy: 0.560099720955
        probability: 0.560099720955
        value: "not_happy"
    mood_party:
        all:
            not_party: 0.958208501339
            party: 0.0417915098369
        probability: 0.958208501339
        value: "not_party"
    mood_relaxed:
        all:
            not_relaxed: 0.0122805396095
            relaxed: 0.987719476223
        probability: 0.987719476223
        value: "relaxed"
    mood_sad:
        all:
            not_sad: 0.102689564228
            sad: 0.897310435772
        probability: 0.897310435772
        value: "sad"
    rhythm:
        all:
            fast: 0.862056672573
            medium: 0.0408786535263
            slow: 0.09706466645
        probability: 0.862056672573
        value: "fast"
    speech_music:
        all:
            music: 0.997393071651
            speech: 0.00260694813915
        probability: 0.997393071651
        value: "music"
    timbre:
        all:
            bright: 0.973344147205
            dark: 0.0266558658332
        probability: 0.973344147205
        value: "bright"
    voice_instrumental:
        all:
            instrumental: 0.79643791914
            voice: 0.20356208086
        probability: 0.79643791914
        value: "instrumental"

lowlevel:
    average_loudness: 0.97946959734
    barkbands_kurtosis:
        dmean: 2.23283433914
        dmean2: 3.30477428436
        dvar: 9.79128646851
        dvar2: 24.4261074066
        max: 34.714263916
        mean: 3.82802820206
        min: -1.70220398903
        var: 30.7226352692
    barkbands_skewness:
        dmean: 0.431205898523
        dmean2: 0.640178978443
        dvar: 0.152866885066
        dvar2: 0.338044822216
        max: 5.11123561859
        mean: 1.63032078743
        min: -0.673380970955
        var: 0.952443659306
    barkbands_spread:
        dmean: 3.81058645248
        dmean2: 5.58481740952
        dvar: 13.6121864319
        dvar2: 27.8539676666
        max: 48.9119491577
        mean: 17.2164134979
        min: 1.8664495945
        var: 91.9392471313
    dissonance:
        dmean: 0.0320065394044
        dmean2: 0.0520572438836
        dvar: 0.000921156723052
        dvar2: 0.0021026271861
        max: 0.5
        mean: 0.411484122276
        min: 0.21006219089
        var: 0.00249310862273
    hfc:
        dmean: 1.15228617191
        dmean2: 1.70955908298
        dvar: 1.69295549393
        dvar2: 3.63720798492
        max: 19.1873588562
        mean: 4.82875680923
        min: 0.0326855927706
        var: 11.6489629745
    pitch:
        dmean: 85.018699646
        dmean2: 151.821868896
        dvar: 30545.9277344
        dvar2: 50471.2148438
        max: 2756.25
        mean: 268.495391846
        min: 73.5
        var: 38878.9453125
    pitch_instantaneous_confidence:
        dmean: 0.0846190899611
        dmean2: 0.129033818841
        dvar: 0.00576806999743
        dvar2: 0.0137237617746
        max: 0.837433815002
        mean: 0.525576591492
        min: 0.155337035656
        var: 0.0165807679296
    pitch_salience:
        dmean: 0.0665099471807
        dmean2: 0.107149906456
        dvar: 0.0035631917417
        dvar2: 0.00905804894865
        max: 0.813009381294
        mean: 0.56673169136
        min: 0.215982347727
        var: 0.0121255367994
    silence_rate_20dB:
        dmean: 0
        dmean2: 0
        dvar: 0
        dvar2: 0
        max: 1
        mean: 1
        min: 1
        var: 0
    silence_rate_30dB:
        dmean: 0
        dmean2: 0
        dvar: 0
        dvar2: 0
        max: 1
        mean: 1
        min: 1
        var: 0
    silence_rate_60dB:
        dmean: 0.0837209299207
        dmean2: 0.167832165956
        dvar: 0.0767118409276
        dvar2: 0.176960766315
        max: 1
        mean: 0.201856151223
        min: 0
        var: 0.161109983921
    spectral_centroid:
        dmean: 157.143463135
        dmean2: 225.511291504
        dvar: 27387.0683594
        dvar2: 53782.015625
        max: 2501.13452148
        mean: 917.517150879
        min: 314.440246582
        var: 209978.28125
    spectral_complexity:
        dmean: 2.12354302406
        dmean2: 3.3224298954
        dvar: 3.77261447906
        dvar2: 8.11566638947
        max: 29
        mean: 10.441860199
        min: 0
        var: 24.6001300812
    spectral_crest:
        dmean: 2.25771427155
        dmean2: 3.50057816505
        dvar: 4.39743947983
        dvar2: 9.82187080383
        max: 21.823091507
        mean: 10.1151227951
        min: 2.43178796768
        var: 15.6217212677
    spectral_decrease:
        dmean: 3.09883979588e-10
        dmean2: 4.54502907532e-10
        dvar: 9.4377798837e-20
        dvar2: 2.03887548662e-19
        max: -8.45329969218e-12
        mean: -1.2689324036e-09
        min: -3.22803273001e-09
        var: 4.00566373381e-19
    spectral_energy:
        dmean: 0.00124385789968
        dmean2: 0.00182373682037
        dvar: 1.49349432377e-06
        dvar2: 3.22439655065e-06
        max: 0.0131305353716
        mean: 0.00522722536698
        min: 3.48693611159e-05
        var: 6.6473867264e-06
    spectral_energyband_high:
        dmean: 7.34936402296e-05
        dmean2: 0.000115216651466
        dvar: 1.11990585694e-08
        dvar2: 2.62638248927e-08
        max: 0.00119835417718
        mean: 0.000179003036465
        min: 1.54638485128e-06
        var: 4.10998630684e-08
    spectral_energyband_low:
        dmean: 0.000154782028403
        dmean2: 0.000254834798397
        dvar: 1.41533163855e-07
        dvar2: 3.57517706107e-07
        max: 0.00270799128339
        mean: 0.000204275507713
        min: 2.53238319203e-08
        var: 1.75553765303e-07
    spectral_energyband_middle_high:
        dmean: 0.000367249595001
        dmean2: 0.000552350073121
        dvar: 1.8053017925e-07
        dvar2: 3.95849582446e-07
        max: 0.00555595615879
        mean: 0.00123522314243
        min: 6.77902926327e-06
        var: 1.15149703106e-06
    spectral_energyband_middle_low:
        dmean: 0.000975995033514
        dmean2: 0.00142828782555
        dvar: 1.13565181437e-06
        dvar2: 2.52660765909e-06
        max: 0.0113021861762
        mean: 0.00360870803706
        min: 2.62922512775e-05
        var: 4.55773761132e-06
    spectral_flatness_db:
        dmean: 0.0215005800128
        dmean2: 0.0295783355832
        dvar: 0.000469572900329
        dvar2: 0.000945114879869
        max: 0.33311778307
        mean: 0.183150067925
        min: 0.0699254721403
        var: 0.00205547222868
    spectral_flux:
        dmean: 0.00941450707614
        dmean2: 0.0147065874189
        dvar: 9.47854787228e-05
        dvar2: 0.000223251146963
        max: 0.0779766887426
        mean: 0.0324925817549
        min: 0.00590502843261
        var: 0.000203699091799
    spectral_kurtosis:
        dmean: 1.38336849213
        dmean2: 2.18370294571
        dvar: 3.59375095367
        dvar2: 8.15407943726
        max: 19.6833686829
        mean: 4.61348867416
        min: 1.39080810547
        var: 7.63509225845
    spectral_rms:
        dmean: 0.000271654105745
        dmean2: 0.000394095550291
        dvar: 6.94423150094e-08
        dvar2: 1.4352806943e-07
        max: 0.00357914483175
        mean: 0.00217927596532
        min: 0.000184442105819
        var: 3.50489727907e-07
    spectral_rolloff:
        dmean: 382.427520752
        dmean2: 611.885131836
        dvar: 250564.046875
        dvar2: 526676.0625
        max: 4026.70898438
        mean: 1602.27124023
        min: 344.53125
        var: 1279165.875
    spectral_skewness:
        dmean: 0.214123308659
        dmean2: 0.328687101603
        dvar: 0.075402289629
        dvar2: 0.17443728447
        max: 3.8053278923
        mean: 1.86175072193
        min: 1.22556626797
        var: 0.227640911937
    spectral_spread:
        dmean: 816614.5625
        dmean2: 1059526.75
        dvar: 716596117504
        dvar2: 1.34682640384e+12
        max: 16245566
        mean: 5812886.5
        min: 2842935
        var: 1.98012069478e+12
    spectral_strongpeak:
        dmean: 0.205441817641
        dmean2: 0.338368177414
        dvar: 0.128325492144
        dvar2: 0.327086418867
        max: 4.05643081665
        mean: 0.653001308441
        min: 0.0127548519522
        var: 0.197761252522
    zerocrossingrate:
        dmean: 0.00718877464533
        dmean2: 0.00798248592764
        dvar: 3.88872358599e-05
        dvar2: 4.45748701168e-05
        max: 0.12841796875
        mean: 0.0561534799635
        min: 0.01806640625
        var: 0.000573450291995
    barkbands:
        dmean: [7.83861082709e-07, 7.6979806181e-05, 8.57459017425e-05, 9.93607609416e-05, 0.000332244380843, 0.000291096046567, 0.000407497980632, 0.000254357553786, 0.000140549978823, 0.000157683156431, 4.57498354081e-05, 7.49511673348e-05, 6.44873871352e-05, 3.66356289305e-05, 5.4968852055e-05, 3.75465278921e-05, 6.4970816311e-05, 6.03212320129e-05, 9.34546551434e-05, 7.39303286537e-05, 4.00088028982e-05, 1.07208452391e-05, 3.14702424475e-06, 1.76918047146e-06, 1.43072259107e-06, 1.16107422343e-07, 7.05889680042e-10]
        dmean2: [1.13089527076e-06, 0.000135672307806, 0.000141622222145, 0.000162826108863, 0.000509964709636, 0.000453448534245, 0.00058671226725, 0.00031140219653, 0.000239395565586, 0.000240633060457, 6.94461341482e-05, 0.000118538686365, 9.7265074146e-05, 6.08966074651e-05, 9.12797768251e-05, 6.195250171e-05, 0.000107431485958, 9.58147502388e-05, 0.000156909576617, 0.00011763569637, 6.08768277743e-05, 1.69650174939e-05, 5.10477593707e-06, 2.66068445853e-06, 2.08094570553e-06, 1.64396482205e-07, 1.01793462548e-09]
        dvar: [5.13056871293e-12, 7.14798531476e-08, 4.5900801382e-08, 5.3825992552e-08, 3.40838255397e-07, 3.31904146833e-07, 3.74074176079e-07, 1.04920175659e-07, 5.96731197788e-08, 6.49641194173e-08, 4.32253033367e-09, 1.5681179022e-08, 1.48166856562e-08, 4.16466949815e-09, 6.93440371791e-09, 4.36040314966e-09, 1.64775055822e-08, 8.84862760842e-09, 2.89290635891e-08, 1.22010366255e-08, 3.85566467642e-09, 1.98430633036e-10, 1.70569825625e-11, 5.445212857e-12, 4.72919490027e-12, 2.53243420293e-14, 1.87187018697e-17]
        dvar2: [1.12684922157e-11, 1.97756193643e-07, 1.07064686006e-07, 1.19963402767e-07, 7.64351796079e-07, 5.91989817167e-07, 8.7891118028e-07, 1.75390226786e-07, 1.61202848403e-07, 1.41971383982e-07, 1.12260609697e-08, 3.5624168504e-08, 2.51705927212e-08, 1.09579136875e-08, 1.87259203699e-08, 1.1545855827e-08, 4.48010979426e-08, 2.29345697988e-08, 8.5587394949e-08, 2.97074738143e-08, 9.64591251318e-09, 4.52084286673e-10, 4.15112388907e-11, 1.25682780155e-11, 9.94312618352e-12, 5.52899096136e-14, 1.85035174508e-17]
        max: [1.9238295863e-05, 0.00178996380419, 0.00235349545255, 0.00224511418492, 0.00867116544396, 0.0075305714272, 0.0071447766386, 0.00553410220891, 0.00214326474816, 0.00317516457289, 0.000765457632951, 0.0010691024363, 0.00174918910488, 0.000585273199249, 0.000659687037114, 0.000702502089553, 0.00135068385862, 0.000857697683387, 0.00247902283445, 0.00103635131381, 0.000753713713493, 0.000221305439482, 3.41970771842e-05, 2.73714667856e-05, 2.88128358079e-05, 1.46940647028e-06, 9.10647912633e-08]
        mean: [7.81535788974e-07, 5.91344141867e-05, 0.000144378747791, 0.000187508761883, 0.000838926644064, 0.000584960856941, 0.00112603558227, 0.000644957297482, 0.000197478075279, 0.000260590488324, 0.000102511708974, 0.000111149733129, 0.000117112453154, 5.81667991355e-05, 8.16324827611e-05, 5.84147055633e-05, 0.000110649307317, 0.000113244641398, 0.000167483769474, 0.000138607530971, 8.40876091388e-05, 2.60516208073e-05, 6.98397388987e-06, 3.65456776308e-06, 2.54421797763e-06, 1.80534129868e-07, 8.37579450241e-10]
        min: [5.86194565111e-11, 1.81124948373e-09, 1.71426499662e-08, 1.878646394e-08, 3.53975019607e-06, 4.44105899078e-06, 4.47152251581e-06, 2.3154120754e-06, 1.32512889195e-06, 1.78206050805e-07, 6.07863341884e-07, 1.855255789e-07, 1.11887644039e-07, 8.71609344699e-08, 4.84907218379e-07, 2.92987266448e-07, 3.23035408201e-07, 6.12166331848e-07, 9.19401543342e-07, 1.0230087355e-06, 3.82406597055e-07, 1.69084330537e-07, 7.6886323086e-08, 4.13038279135e-08, 4.20351966568e-08, 3.95037266787e-11, 1.68438602909e-12]
        var: [5.83337805143e-12, 4.72235370808e-08, 8.88926692255e-08, 1.20098661682e-07, 1.14406293505e-06, 9.22364677081e-07, 1.54527970153e-06, 5.95177596097e-07, 6.49301057365e-08, 1.45481493519e-07, 1.80308656894e-08, 2.62212012103e-08, 4.37072920079e-08, 6.61195143081e-09, 1.17781073783e-08, 8.15965872647e-09, 3.25865805451e-08, 2.2028693536e-08, 5.15709182025e-08, 3.23034470284e-08, 1.0976976661e-08, 9.2318586109e-10, 4.69389908886e-11, 1.44920334413e-11, 9.56524442985e-12, 4.96636592799e-14, 1.94007189022e-17]
    mfcc:
        mean: [-726.233093262, 113.269058228, -30.6116809845, 19.9580154419, -38.4002571106, -22.6429157257, -14.121837616, -18.410528183, -12.7912216187, -11.1225605011, -5.46750640869, -5.5261964798, -4.88938045502]
        cov: [[2495.56640625, -784.668701172, -449.900665283, 231.94984436, 154.844955444, 98.8212127686, 62.7743530273, 146.012207031, 115.667739868, 125.556854248, 16.5555000305, -45.805519104, 5.12238740921], [-784.668701172, 996.618469238, 517.66973877, 33.4042205811, 124.280433655, 205.068222046, 149.356613159, 64.1873092651, 72.791305542, 31.0007686615, 31.0061721802, 33.9111976624, 15.3016967773], [-449.900665283, 517.66973877, 671.992736816, 228.135513306, 194.981170654, 159.347396851, 140.952957153, 91.9357452393, 67.7045211792, 3.71834969521, -14.8359193802, -3.25568342209, -2.3090968132], [231.94984436, 33.4042205811, 228.135513306, 363.178100586, 207.000686646, 110.478996277, 78.2848815918, 105.057731628, 41.4877128601, 4.96343231201, -35.1644821167, -29.3633117676, -24.1604118347], [154.844955444, 124.280433655, 194.981170654, 207.000686646, 230.828155518, 139.92767334, 97.1648788452, 84.4404983521, 51.0572357178, 14.0943403244, -8.59226226807, -14.4420251846, -19.5915985107], [98.8212127686, 205.068222046, 159.347396851, 110.478996277, 139.92767334, 198.219909668, 124.123649597, 88.6611251831, 68.2584838867, 47.4386978149, 22.0716552734, 16.7214450836, 12.1026449203], [62.7743530273, 149.356613159, 140.952957153, 78.2848815918, 97.1648788452, 124.123649597, 149.342605591, 105.469512939, 64.3812026978, 47.6739463806, 28.219209671, 20.3894062042, 24.8847332001], [146.012207031, 64.1873092651, 91.9357452393, 105.057731628, 84.4404983521, 88.6611251831, 105.469512939, 141.755584717, 86.961517334, 47.1864547729, 17.8659210205, 19.7184448242, 25.7069282532], [115.667739868, 72.791305542, 67.7045211792, 41.4877128601, 51.0572357178, 68.2584838867, 64.3812026978, 86.961517334, 105.702323914, 65.7619934082, 28.4812469482, 31.7900485992, 43.3005142212], [125.556854248, 31.0007686615, 3.71834969521, 4.96343231201, 14.0943403244, 47.4386978149, 47.6739463806, 47.1864547729, 65.7619934082, 96.6649932861, 55.281452179, 30.147813797, 35.2782516479], [16.5555000305, 31.0061721802, -14.8359193802, -35.1644821167, -8.59226226807, 22.0716552734, 28.219209671, 17.8659210205, 28.4812469482, 55.281452179, 82.7788772583, 58.9863510132, 33.9983634949], [-45.805519104, 33.9111976624, -3.25568342209, -29.3633117676, -14.4420251846, 16.7214450836, 20.3894062042, 19.7184448242, 31.7900485992, 30.147813797, 58.9863510132, 101.004432678, 64.491065979], [5.12238740921, 15.3016967773, -2.3090968132, -24.1604118347, -19.5915985107, 12.1026449203, 24.8847332001, 25.7069282532, 43.3005142212, 35.2782516479, 33.9983634949, 64.491065979, 104.468955994]]
        icov: [[0.000884491426405, 0.000652453221846, 0.000627246859949, -0.000470504688565, -0.000364532548701, -0.000652676681057, -0.000228116303333, 0.000162496755365, -0.000910064671189, -0.00039447209565, -0.000241888017626, 0.000727206061129, -7.20677708159e-05], [0.000652453221846, 0.0027439724654, -0.00138370064087, 0.000982290250249, -8.88530776137e-05, -0.00230756821111, -0.000108919390186, 0.000307533948217, -0.000775263819378, -0.000125893900986, -0.000362185790436, 0.000256848463323, 0.00028677796945], [0.000627246859949, -0.00138370064087, 0.00442648166791, -0.0027023430448, -0.0005478693638, 0.000856810307596, -0.00286873592995, 0.00234493170865, -0.00305691664107, 0.00152689521201, -0.000189871687326, 0.000648948771413, -3.83018705179e-05], [-0.000470504688565, 0.000982290250249, -0.0027023430448, 0.00888295006007, -0.00594416586682, -0.000487923447508, 0.00427446095273, -0.00686180684716, 0.00587686849758, -0.00336958141997, 0.00374360359274, -0.00117621116806, -0.000304281769786], [-0.000364532548701, -8.88530776137e-05, -0.0005478693638, -0.00594416586682, 0.0147612709552, -0.00531496200711, -0.00296028563753, 0.00304155331105, -0.0049253939651, 0.00479028327391, -0.0025427620858, 0.00107659574132, 0.00257153366692], [-0.000652676681057, -0.00230756821111, 0.000856810307596, -0.000487923447508, -0.00531496200711, 0.0165478829294, -0.00890367291868, 0.00276498822495, -0.00201170425862, -0.00201142928563, 0.00165508966893, -0.00242336746305, 0.00127320294268], [-0.000228116303333, -0.000108919390186, -0.00286873592995, 0.00427446095273, -0.00296028563753, -0.00890367291868, 0.027290482074, -0.0181541182101, 0.0103826913983, -0.00447665387765, -0.00245273532346, 0.00219343835488, -0.00395237328485], [0.000162496755365, 0.000307533948217, 0.00234493170865, -0.00686180684716, 0.00304155331105, 0.00276498822495, -0.0181541182101, 0.0311873182654, -0.021802008152, 0.00653869379312, -0.00121329526883, -0.000652642687783, 0.00293821305968], [-0.000910064671189, -0.000775263819378, -0.00305691664107, 0.00587686849758, -0.0049253939651, -0.00201170425862, 0.0103826913983, -0.021802008152, 0.0400857999921, -0.0204621385783, 0.00948681868613, -0.00489534344524, -0.00611953530461], [-0.00039447209565, -0.000125893900986, 0.00152689521201, -0.00336958141997, 0.00479028327391, -0.00201142928563, -0.00447665387765, 0.00653869379312, -0.0204621385783, 0.0346799008548, -0.0223031677306, 0.0102270133793, -0.00240395846777], [-0.000241888017626, -0.000362185790436, -0.000189871687326, 0.00374360359274, -0.0025427620858, 0.00165508966893, -0.00245273532346, -0.00121329526883, 0.00948681868613, -0.0223031677306, 0.0387207232416, -0.0210184380412, 0.00511405989528], [0.000727206061129, 0.000256848463323, 0.000648948771413, -0.00117621116806, 0.00107659574132, -0.00242336746305, 0.00219343835488, -0.000652642687783, -0.00489534344524, 0.0102270133793, -0.0210184380412, 0.0288888644427, -0.0126282516867], [-7.20677708159e-05, 0.00028677796945, -3.83018705179e-05, -0.000304281769786, 0.00257153366692, 0.00127320294268, -0.00395237328485, 0.00293821305968, -0.00611953530461, -0.00240395846777, 0.00511405989528, -0.0126282516867, 0.0194953586906]]
    spectral_contrast:
        mean: [2.09759832615e-07, -6.11554071384e-07, -8.59935624931e-08, 1.11152267834e-07, -5.62778730284e-08, 1.78502048698e-07, -1.54985934842e-06, 1.83630822903e-06, -2.6063862606e-06, 1.8495460381e-06, 5.68877794649e-07, 2.23572874347e-06]
        var: [0.00027916955878, 0.00128903903533, 0.00184862792958, 0.00333217042498, 0.00510322349146, 0.0104844626039, 0.0630360543728, 0.0842733234167, 0.132496446371, 0.24453766644, 1.00766563416, 1.62384188175]

rhythm:
    beats_loudness:
        dmean: 0.00190082436893
        dmean2: 0.00347825069912
        dvar: 3.82837288271e-06
        dvar2: 1.04009686765e-05
        max: 0.00970762223005
        mean: 0.00476793153211
        min: 0.00115025509149
        var: 5.10395329911e-06
    beats_loudness_bass:
        dmean: 0.0758972987533
        dmean2: 0.133281230927
        dvar: 0.00732874590904
        dvar2: 0.0188057497144
        max: 0.301688194275
        mean: 0.0554613694549
        min: 2.47261996265e-05
        var: 0.00592559855431
    bpm: 163.823654175
    bpm_confidence: 0
    first_peak_bpm: 110
    first_peak_spread: 0
    first_peak_weight: 0.47619047761
    onset_rate: 5.21106004715
    second_peak_bpm: 164
    second_peak_spread: 0
    second_peak_weight: 0.47619047761
    beats_position: [0.333902359009, 0.881353974342, 1.42880558968, 1.97625720501, 2.52370882034, 3.07116055489, 3.61861252785, 4.16606426239, 4.71351623535, 5.26096773148, 5.80841970444, 6.06758832932, 6.43383646011, 6.80008506775, 7.16633272171, 7.53258132935, 7.89882898331, 8.26507759094, 8.63132572174, 8.99757385254, 9.36382198334, 9.73007106781]
    bpm_estimates: [163.546844482, 163.983856201, 164.110977173, 163.538513184, 163.938095093]
    bpm_intervals: [0.547451615334, 0.547451615334, 0.547451615334, 0.547451615334, 0.547451734543, 0.547451972961, 0.547451734543, 0.547451972961, 0.547451496124, 0.547451972961, 0.259168624878, 0.366248130798, 0.366248607635, 0.366247653961, 0.366248607635, 0.366247653961, 0.366248607635, 0.366248130798, 0.366248130798, 0.366248130798, 0.366249084473]
    onset_times: [0.0348299331963, 0.208979591727, 0.383129239082, 0.568888902664, 0.731428563595, 0.952018141747, 1.1261677742, 1.34675741196, 1.49768710136, 1.68344676495, 1.8575963974, 2.08979582787, 2.22911572456, 2.4497051239, 2.61224484444, 2.7863945961, 2.99537420273, 3.03020405769, 3.54104304314, 3.7151927948, 3.9125623703, 4.06349229813, 4.2492518425, 4.38857126236, 4.43501138687, 4.62077093124, 4.80653047562, 4.9806804657, 5.16644001007, 5.53795909882, 5.89786863327, 6.13006782532, 6.24616765976, 6.45514726639, 6.62929725647, 6.73378705978, 6.93115663528, 7.02403640747, 7.19818592072, 7.30267572403, 7.40716552734, 7.75546503067, 7.85995483398, 8.13859367371, 8.52172374725, 8.68426322937, 8.85841274261, 9.24154186249, 9.42730140686, 9.6014509201, 9.78721046448, 9.97297096252]
    rubato_start: [6.43383646011]
    rubato_stop: [9.73007106781]
    perceptual_tempo: "unknown"

sfx:
    inharmonicity:
        dmean: 0.0520814098418
        dmean2: 0.0932585299015
        dvar: 0.0044925189577
        dvar2: 0.0123035637662
        max: 0.365091115236
        mean: 0.0542947873473
        min: 7.92755417933e-06
        var: 0.00459377840161
    oddtoevenharmonicenergyratio:
        dmean: 9.8343667984
        dmean2: 19.2558708191
        dvar: 1136.90026855
        dvar2: 3435.02050781
        max: 324.350585938
        mean: 5.71555900574
        min: 3.01465752273e-05
        var: 603.774536133
    pitch_after_max_to_before_max_energy_ratio: 0.159209191799
    pitch_centroid: 216.546508789
    pitch_max_to_total: 0.997674405575
    pitch_min_to_total: 0.91627907753
    tristimulus:
        dmean: [0.22345341742, 0.241647154093, 0.0900193527341]
        dmean2: [0.400610893965, 0.427730083466, 0.156556621194]
        dvar: [0.0521406531334, 0.0559222474694, 0.0103873284534]
        dvar2: [0.137547045946, 0.158055827022, 0.0296532921493]
        max: [0.994539380074, 0.99394929409, 0.682150483131]
        mean: [0.372146964073, 0.501824676991, 0.10606084764]
        min: [0.00159075425472, 0, 0]
        var: [0.0797006264329, 0.0753775760531, 0.0120106264949]

tonal:
    chords_changes_rate: 0.0555555559695
    chords_number_rate: 0.0185185186565
    chords_strength:
        dmean: 0.00593637535349
        dmean2: 0.00479962909594
        dvar: 2.23696279136e-05
        dvar2: 1.96649634745e-05
        max: 0.631058096886
        mean: 0.547780394554
        min: 0.425064355135
        var: 0.00255061336793
    key_strength: 0.799585223198
    tuning_diatonic_strength: 0.604821443558
    tuning_equal_tempered_deviation: 0.0725497230887
    tuning_frequency: 441.782684326
    tuning_nontempered_energy_ratio: 0.627326250076
    hpcp:
        dmean: [0.14594759047, 0.103974625468, 0.0677496194839, 0.0665523335338, 0.0684592947364, 0.127014562488, 0.136964887381, 0.0700438693166, 0.0312081314623, 0.0255669988692, 0.029697349295, 0.0375508889556, 0.0358860604465, 0.0549559928477, 0.156146153808, 0.187378495932, 0.138024732471, 0.0441862419248, 0.0193286594003, 0.0223193857819, 0.0599315464497, 0.0997652485967, 0.106076233089, 0.0740240290761, 0.0443434417248, 0.0463950522244, 0.0766453444958, 0.085316978395, 0.0403001755476, 0.052343595773, 0.0727110654116, 0.089810423553, 0.0759543776512, 0.0717828050256, 0.0769868791103, 0.142431944609]
        dmean2: [0.244653254747, 0.173606351018, 0.123170137405, 0.121498823166, 0.111293502152, 0.193514883518, 0.220302328467, 0.113841041923, 0.0464904382825, 0.0410329252481, 0.0518383383751, 0.0667952895164, 0.0623540244997, 0.0958125889301, 0.23875208199, 0.291808396578, 0.214029878378, 0.0774597376585, 0.0332725532353, 0.0369532555342, 0.1029811427, 0.177100464702, 0.17769639194, 0.13006426394, 0.0780530646443, 0.0806140825152, 0.122321896255, 0.138861611485, 0.0606660805643, 0.0910825431347, 0.115125492215, 0.153690978885, 0.122445575893, 0.128861427307, 0.13749371469, 0.215240314603]
        dvar: [0.04679178074, 0.0142081081867, 0.0184836350381, 0.0151122193784, 0.0114120431244, 0.0317944586277, 0.0423590876162, 0.0084575554356, 0.00318742566742, 0.0023207985796, 0.0092156175524, 0.0106653021649, 0.00441606994718, 0.0123754860833, 0.0224377140403, 0.0475975759327, 0.0195237454027, 0.0055456282571, 0.000922099570744, 0.00101019756403, 0.0110854310915, 0.0306176189333, 0.0320779420435, 0.0206916574389, 0.00783297326416, 0.0103061674163, 0.00931818410754, 0.0192500315607, 0.00461970968172, 0.0104086901993, 0.020448455587, 0.0326213948429, 0.0297386553138, 0.0311678331345, 0.0246226713061, 0.0238745398819]
        dvar2: [0.114741370082, 0.0434498973191, 0.0531376674771, 0.0446639470756, 0.0281231328845, 0.0676201879978, 0.091173812747, 0.0210445765406, 0.00670534139499, 0.00603461358696, 0.0287315249443, 0.0322300307453, 0.0115973101929, 0.0335804373026, 0.0525098890066, 0.085217513144, 0.0456457100809, 0.0157981514931, 0.00239341845736, 0.00263077346608, 0.0326792448759, 0.0790212675929, 0.0791530907154, 0.0424854829907, 0.0173330567777, 0.0276142656803, 0.0188852827996, 0.0400396510959, 0.00739661464468, 0.028790101409, 0.0486976802349, 0.094774864614, 0.0780968517065, 0.106754437089, 0.0853697806597, 0.0539340935647]
        max: [1, 0.938887417316, 1, 0.87220209837, 0.725668668747, 1, 1, 0.575834572315, 0.655747771263, 0.463154733181, 1, 0.843050599098, 0.569089651108, 0.889500558376, 1, 1, 1, 0.508491933346, 0.190677657723, 0.239931881428, 0.865284979343, 1, 1, 1, 0.614737272263, 1, 0.963373839855, 1, 0.869070708752, 0.774289906025, 1, 1, 1, 1, 1, 1]
        mean: [0.544737040997, 0.243645325303, 0.0604658126831, 0.0618893615901, 0.0779101997614, 0.21189776063, 0.249739959836, 0.108931295574, 0.0413441956043, 0.0313838236034, 0.0303873792291, 0.0402975566685, 0.0405906662345, 0.0610222108662, 0.350626915693, 0.559670031071, 0.280516445637, 0.0413333401084, 0.0210448149592, 0.0266988631338, 0.0697630941868, 0.11318525672, 0.101711124182, 0.0636309012771, 0.0427691601217, 0.0541843362153, 0.128172025084, 0.146640330553, 0.0659570172429, 0.0731790959835, 0.150645941496, 0.137590587139, 0.08963432163, 0.072501078248, 0.0782552883029, 0.37659034133]
        min: [0.00298849795945, 0.00241478160024, 0.000188566671568, 7.43518903619e-05, 0.000431347230915, 0.000432355125668, 0.000595192483161, 0.000944039202295, 0.000391515495721, 0.000460808223579, 0.000508840777911, 0.000362058141036, 0.00031841773307, 0.000575624464545, 0.00356789398938, 0.0044827288948, 0.00122061534785, 0.000461521820398, 0.000186783639947, 0.000231082362006, 0.00015134322166, 0.000140368603752, 0.000381417019526, 0.00016579592193, 5.86604546697e-05, 0.000417893548729, 0.00210415385664, 0.00197925348766, 0.00114775146358, 0.00014617627312, 0.000153074695845, 0.000372902693925, 0.000282661116216, 0.000177578331204, 0.000331575778546, 0.00165034912061]
        var: [0.163535058498, 0.0330109037459, 0.0166249647737, 0.0155510492623, 0.0139649966732, 0.0655698999763, 0.0968246906996, 0.0167462825775, 0.00462635513395, 0.00266148359515, 0.0062376181595, 0.0081985546276, 0.00507007725537, 0.0103886602446, 0.0657694861293, 0.138926714659, 0.0504480451345, 0.00477952742949, 0.00102070637513, 0.00166098424233, 0.0142805231735, 0.034499026835, 0.0325726047158, 0.0206543840468, 0.00870349444449, 0.00992694590241, 0.0269023180008, 0.0473643876612, 0.0146378707141, 0.0151849770918, 0.0768861249089, 0.0572992824018, 0.0409927032888, 0.0315588563681, 0.0174134150147, 0.0829444974661]
    chords_histogram: [50.4629631042, 0, 0, 0, 0, 0, 0, 0, 0, 0, 0, 0, 0, 0, 0, 0, 0, 15.7407407761, 0, 0, 0, 0, 25.9259262085, 7.87037038803]
    thpcp: [1, 0.501217544079, 0.0738530531526, 0.0376021824777, 0.0477046519518, 0.124650403857, 0.2022356987, 0.181734085083, 0.113693602383, 0.0764185264707, 0.096814788878, 0.229013562202, 0.262012124062, 0.117849826813, 0.130753993988, 0.269169211388, 0.245842337608, 0.160155653954, 0.129542544484, 0.139823973179, 0.672879219055, 0.973318219185, 0.435337454081, 0.108038328588, 0.110581874847, 0.13920737803, 0.378611952066, 0.446227133274, 0.194634854794, 0.0738724470139, 0.0560755841434, 0.0542951710522, 0.072002351284, 0.0725260674953, 0.109032481909, 0.626488626003]
    chords_key: "D"
    chords_scale: "major"
    key_key: "D"
    key_scale: "major"
    chords_progression: ["G", "Bm", "Bm", "Bm", "Bm", "Bm", "Bm", "Bm", "Bm", "Bm", "Bm", "Bm", "Bm", "Bm", "G", "G", "G", "G", "G", "G", "G", "G", "G", "G", "Bm", "Bm", "D", "D", "D", "Bm", "Bm", "D", "D", "D", "D", "D", "D", "D", "D", "D", "D", "D", "D", "D", "D", "D", "D", "D", "D", "D", "D", "D", "D", "D", "D", "D", "D", "D", "D", "D", "D", "D", "D", "D", "D", "D", "D", "D", "D", "D", "D", "D", "D", "D", "D", "D", "D", "D", "D", "D", "D", "D", "D", "G", "G", "G", "D", "G", "G", "G", "G", "G", "G", "G", "G", "G", "G", "G", "G", "G", "G", "G", "G", "G", "G", "G", "G", "G", "G", "G", "G", "G", "G", "G", "G", "G", "G", "G", "G", "G", "G", "G", "G", "G", "G", "G", "G", "G", "G", "D", "D", "D", "D", "D", "D", "D", "D", "D", "D", "D", "D", "D", "D", "D", "D", "D", "D", "D", "D", "D", "D", "Dm", "Dm", "Dm", "Dm", "Dm", "Dm", "Dm", "Dm", "Dm", "Dm", "Dm", "Dm", "Dm", "Dm", "Dm", "Dm", "Dm", "Dm", "Dm", "Dm", "Dm", "Dm", "Dm", "Dm", "Dm", "Dm", "Dm", "Dm", "Dm", "Dm", "Dm", "Dm", "Dm", "Dm", "D", "D", "D", "D", "D", "D", "D", "D", "D", "D", "D", "D", "D", "D", "D", "D", "D", "D", "D", "D", "D", "D", "D", "D", "D", "D", "D", "D", "D", "D", "D"]
