
metadata:
    version:
        essentia: "1.2.2"
    audio_properties:
        analysis_sample_rate: 44100
        bitrate: 128
        channels: 2
        equal_loudness: 1
        length: 10.0310201645
        replay_gain: -9.62881851196
        downmix: "mix"
    tags:
        track: 19
        year: 0
        album: "Splitted by Mp3Splt v. 2.1"
        artist: "From 003.00 To 003.10"
        comment: "http://mp3splt.sf.net"
        genre: ""
        title: "14 eric b. is president.mp3"

highlevel:
    ballroom:
        all:
            ChaChaCha: 0.383486777544
            Jive: 0.137492731214
            Quickstep: 0.0938751995564
            Rumba-American: 0.001942881383
            Rumba-International: 0.00612777704373
            Rumba-Misc: 0.00486248452216
            Samba: 0.36720341444
            Tango: 0.00199167639948
            VienneseWaltz: 0.00168558093719
            Waltz: 0.00133148650639
        probability: 0.383486777544
        value: "ChaChaCha"
    culture:
        all:
            non_western: 0.140719011426
            western: 0.859281003475
        probability: 0.859281003475
        value: "western"
    gender:
        all:
            female: 0.0110128298402
            male: 0.988987147808
        probability: 0.988987147808
        value: "male"
    genre_dortmund:
        all:
            alternative: 0.00023517558293
            blues: 0.00220532366075
            electronic: 0.00217730342411
            folkcountry: 0.00034946919186
            funksoulrnb: 0.00502246944234
            jazz: 0.0330715924501
            pop: 0.00119280698709
            raphiphop: 0.953081011772
            rock: 0.00266483193263
        probability: 0.953081011772
        value: "raphiphop"
    genre_electronica:
        all:
            ambient: 0.0296507924795
            dnb: 0.406912624836
            house: 0.446634143591
            techno: 0.105180047452
            trance: 0.0116224139929
        probability: 0.446634143591
        value: "house"
    genre_rosamerica:
        all:
            cla: 0.00299266516231
            dan: 0.00374090508558
            hip: 0.939189255238
            jaz: 0.0046100821346
            pop: 0.00387226603925
            rhy: 0.01546635665
            roc: 0.00286088581197
            spe: 0.0272675938904
        probability: 0.939189255238
        value: "hip"
    genre_tzanetakis:
        all:
            blu: 0.0001628533646
            cla: 0.000203420320759
            cou: 0.000177170033567
            dis: 0.00403411639854
            hip: 0.981813967228
            jaz: 0.00013547661365
            met: 0.000301670224871
            pop: 0.00136233714875
            reg: 0.0110152326524
            roc: 0.000793772342149
        probability: 0.981813967228
        value: "hip"
    live_studio:
        all:
            live: 0.0726350545883
            studio: 0.927364945412
        probability: 0.927364945412
        value: "studio"
    mood:
        all:
            Cluster1: 0.0558080337942
            Cluster2: 0.510405898094
            Cluster3: 0.0350260287523
            Cluster4: 0.199949324131
            Cluster5: 0.198810726404
        probability: 0.510405898094
        value: "Cluster2"
    mood_acoustic:
        all:
            acoustic: 0.0225517004728
            not_acoustic: 0.977448284626
        probability: 0.977448284626
        value: "not_acoustic"
    mood_aggressive:
        all:
            aggressive: 0.356066048145
            not_aggressive: 0.643933951855
        probability: 0.643933951855
        value: "not_aggressive"
    mood_electronic:
        all:
            electronic: 0.879213929176
            not_electronic: 0.120786063373
        probability: 0.879213929176
        value: "electronic"
    mood_happy:
        all:
            happy: 0.776766419411
            not_happy: 0.223233550787
        probability: 0.776766419411
        value: "happy"
    mood_party:
        all:
            not_party: 0.0949760898948
            party: 0.905023932457
        probability: 0.905023932457
        value: "party"
    mood_relaxed:
        all:
            not_relaxed: 0.939929842949
            relaxed: 0.0600701794028
        probability: 0.939929842949
        value: "not_relaxed"
    mood_sad:
        all:
            not_sad: 0.96813762188
            sad: 0.031862359494
        probability: 0.96813762188
        value: "not_sad"
    rhythm:
        all:
            fast: 0.348403483629
            medium: 0.583372712135
            slow: 0.0682238265872
        probability: 0.583372712135
        value: "medium"
    speech_music:
        all:
            music: 0.440228223801
            speech: 0.559771776199
        probability: 0.559771776199
        value: "speech"
    timbre:
        all:
            bright: 0.327863544226
            dark: 0.672136485577
        probability: 0.672136485577
        value: "dark"
    voice_instrumental:
        all:
            instrumental: 0.527446746826
            voice: 0.472553253174
        probability: 0.527446746826
        value: "instrumental"

lowlevel:
    average_loudness: 0.930002331734
    barkbands_kurtosis:
        dmean: 4.2879357338
        dmean2: 6.89190196991
        dvar: 59.7627334595
        dvar2: 143.657501221
        max: 64.1840591431
        mean: 3.19793725014
        min: -1.92863237858
        var: 82.9565582275
    barkbands_skewness:
        dmean: 0.941578924656
        dmean2: 1.39116764069
        dvar: 1.00600624084
        dvar2: 2.3147726059
        max: 5.98711490631
        mean: 0.489831566811
        min: -5.64706420898
        var: 3.09006643295
    barkbands_spread:
        dmean: 9.24318885803
        dmean2: 14.5464086533
        dvar: 95.0670623779
        dvar2: 235.58140564
        max: 72.5196456909
        mean: 27.4975738525
        min: 0.768946647644
        var: 211.67527771
    dissonance:
        dmean: 0.0291843228042
        dmean2: 0.0454788468778
        dvar: 0.000859438441694
        dvar2: 0.0018096677959
        max: 0.499948948622
        mean: 0.442006915808
        min: 0.213044330478
        var: 0.00264383247122
    hfc:
        dmean: 2.95720767975
        dmean2: 3.96834349632
        dvar: 19.7484703064
        dvar2: 29.068025589
        max: 51.3825759888
        mean: 5.6449213028
        min: 0.0269232168794
        var: 66.8793487549
    pitch:
        dmean: 770.814758301
        dmean2: 1448.80004883
        dvar: 1822580.375
        dvar2: 3873983.5
        max: 5512.5
        mean: 1061.17077637
        min: 71.9412689209
        var: 2428535.25
    pitch_instantaneous_confidence:
        dmean: 0.133098438382
        dmean2: 0.206270843744
        dvar: 0.0112048685551
        dvar2: 0.0249459594488
        max: 0.908407568932
        mean: 0.530614674091
        min: 0.130997896194
        var: 0.0320518836379
    pitch_salience:
        dmean: 0.09066709131
        dmean2: 0.149294242263
        dvar: 0.00658481288701
        dvar2: 0.0158351622522
        max: 0.878495573997
        mean: 0.644954383373
        min: 0.284852921963
        var: 0.0147703969851
    silence_rate_20dB:
        dmean: 0
        dmean2: 0
        dvar: 0
        dvar2: 0
        max: 1
        mean: 1
        min: 1
        var: 0
    silence_rate_30dB:
        dmean: 0
        dmean2: 0
        dvar: 0
        dvar2: 0
        max: 1
        mean: 1
        min: 1
        var: 0
    silence_rate_60dB:
        dmean: 0.199535965919
        dmean2: 0.397674411535
        dvar: 0.159721165895
        dvar2: 0.267435491085
        max: 1
        mean: 0.58564811945
        min: 0
        var: 0.242664143443
    spectral_centroid:
        dmean: 495.466094971
        dmean2: 712.03137207
        dvar: 340758.40625
        dvar2: 699357.3125
        max: 5061.15966797
        mean: 1639.61364746
        min: 186.987228394
        var: 1089629.5
    spectral_complexity:
        dmean: 3.55244755745
        dmean2: 4.74299049377
        dvar: 21.286907196
        dvar2: 31.1862983704
        max: 57
        mean: 7.68372106552
        min: 0
        var: 78.960319519
    spectral_crest:
        dmean: 2.88885116577
        dmean2: 4.81093120575
        dvar: 6.4353146553
        dvar2: 15.1014709473
        max: 23.0709838867
        mean: 9.02136993408
        min: 2.90380048752
        var: 13.1503257751
    spectral_decrease:
        dmean: 5.07157704721e-10
        dmean2: 7.34141469838e-10
        dvar: 4.79120640078e-19
        dvar2: 1.08375104886e-18
        max: -3.83124001274e-12
        mean: -8.11707145942e-10
        min: -6.49568754341e-09
        var: 8.89933015363e-19
    spectral_energy:
        dmean: 0.00214660563506
        dmean2: 0.00306433043443
        dvar: 7.93845174485e-06
        dvar2: 1.69906579686e-05
        max: 0.0291767735034
        mean: 0.00357557926327
        min: 1.73773059942e-05
        var: 1.69740142155e-05
    spectral_energyband_high:
        dmean: 0.000283095578197
        dmean2: 0.000402093894081
        dvar: 3.08568957053e-07
        dvar2: 5.23502990291e-07
        max: 0.00654562097043
        mean: 0.00045252640848
        min: 3.04799158357e-07
        var: 7.94272750682e-07
    spectral_energyband_low:
        dmean: 0.000474535743706
        dmean2: 0.000812401762232
        dvar: 1.50476432736e-06
        dvar2: 4.07349170928e-06
        max: 0.00639150757343
        mean: 0.000421717006247
        min: 5.92200333216e-09
        var: 1.20087929645e-06
    spectral_energyband_middle_high:
        dmean: 0.000636374985334
        dmean2: 0.000851338321809
        dvar: 1.04198056761e-06
        dvar2: 1.35980633331e-06
        max: 0.0131841124967
        mean: 0.00117873842828
        min: 4.17147703047e-06
        var: 3.41062695952e-06
    spectral_energyband_middle_low:
        dmean: 0.00110102642793
        dmean2: 0.00164684513584
        dvar: 2.61917057287e-06
        dvar2: 6.18193053015e-06
        max: 0.0135083440691
        mean: 0.00152259727474
        min: 1.96899350158e-06
        var: 4.26697306466e-06
    spectral_flatness_db:
        dmean: 0.0297725405544
        dmean2: 0.0444922745228
        dvar: 0.000749898666982
        dvar2: 0.00158618751448
        max: 0.421242207289
        mean: 0.2136374861
        min: 0.100536040962
        var: 0.00263014086522
    spectral_flux:
        dmean: 0.0169055629522
        dmean2: 0.0254525300115
        dvar: 0.000256431056187
        dvar2: 0.000514635758009
        max: 0.126644775271
        mean: 0.0418378338218
        min: 0.00219436525367
        var: 0.000633658550214
    spectral_kurtosis:
        dmean: 1.85965871811
        dmean2: 3.08563947678
        dvar: 6.1417222023
        dvar2: 14.8269309998
        max: 24.962770462
        mean: 2.73643374443
        min: -0.673896551132
        var: 8.89758110046
    spectral_rms:
        dmean: 0.000573444238398
        dmean2: 0.000764110591263
        dvar: 3.36743596563e-07
        dvar2: 6.7870314524e-07
        max: 0.0053352736868
        mean: 0.00158232229296
        min: 0.000130205487949
        var: 9.84625444289e-07
    spectral_rolloff:
        dmean: 795.724304199
        dmean2: 1271.36462402
        dvar: 916068.125
        dvar2: 1776651.625
        max: 6136.96289062
        mean: 2867.97119141
        min: 129.19921875
        var: 2556505.5
    spectral_skewness:
        dmean: 0.35011228919
        dmean2: 0.52832955122
        dvar: 0.115673385561
        dvar2: 0.249343022704
        max: 4.05086231232
        mean: 1.00559985638
        min: -0.436239689589
        var: 0.355545759201
    spectral_spread:
        dmean: 576737.6875
        dmean2: 865591.875
        dvar: 343982866432
        dvar2: 753513201664
        max: 7833441
        mean: 4071476
        min: 1604263.5
        var: 1.16752737894e+12
    spectral_strongpeak:
        dmean: 0.377902269363
        dmean2: 0.635276794434
        dvar: 0.467124283314
        dvar2: 1.20369124413
        max: 6.36848449707
        mean: 0.494084209204
        min: 0.00538383796811
        var: 0.554021835327
    zerocrossingrate:
        dmean: 0.0179457589984
        dmean2: 0.0193954892457
        dvar: 0.000266659713816
        dvar2: 0.000348912115442
        max: 0.224609375
        mean: 0.0867448672652
        min: 0.0126953125
        var: 0.0017441395903
    barkbands:
        dmean: [1.28284696643e-07, 0.000105621940747, 0.000439106224803, 0.000302958622342, 0.000290408614092, 0.000300818675896, 0.000218904635403, 0.000223047187319, 0.000144053934491, 0.000106869389128, 4.27661980211e-05, 2.76333175862e-05, 3.74746778107e-05, 3.18206148222e-05, 5.33949896635e-05, 9.09073933144e-05, 0.00016241762205, 0.000149840270751, 0.00012047697237, 0.000150195060996, 0.000158872324391, 5.43447786185e-05, 8.69607629284e-06, 9.42564042816e-07, 1.55255449386e-07, 1.82114523462e-09, 1.46050144201e-10]
        dmean2: [1.82632518886e-07, 0.000144520323374, 0.000798803579528, 0.000504614203237, 0.000484494870761, 0.000466399651486, 0.000353803101461, 0.00034383777529, 0.000217029009946, 0.000168107973877, 6.56951087876e-05, 4.21588520112e-05, 5.42921225133e-05, 4.86454337079e-05, 8.06483731139e-05, 0.00013041566126, 0.000253761303611, 0.00022211355099, 0.000165937759448, 0.000219219786231, 0.000231621525018, 8.02240974735e-05, 1.38654932016e-05, 1.48659137267e-06, 2.14428425238e-07, 2.66269273297e-09, 2.24313914665e-10]
        dvar: [9.49866541759e-14, 4.90974194634e-08, 1.53962503191e-06, 5.28796988419e-07, 5.0108076266e-07, 3.05791189703e-07, 2.2306072367e-07, 2.30619875197e-07, 1.17327040527e-07, 9.27036154508e-08, 1.38609328459e-08, 5.38151212481e-09, 1.09992610575e-08, 5.27155430419e-09, 1.1581463788e-08, 2.81326499874e-08, 7.7871156634e-08, 9.17992295513e-08, 8.4843179593e-08, 8.81868160718e-08, 1.24039146954e-07, 1.94720808366e-08, 8.29651902734e-10, 6.11459450781e-12, 1.02361742943e-13, 1.33187592975e-17, 1.20136744657e-18]
        dvar2: [1.93639185632e-13, 1.02005365932e-07, 4.26668430009e-06, 1.39979840696e-06, 1.18144282624e-06, 6.82430766119e-07, 4.82358871068e-07, 5.42302359463e-07, 2.27568847322e-07, 2.0130306666e-07, 2.77633844803e-08, 1.27372388192e-08, 2.11764508151e-08, 1.10316946689e-08, 2.66118611592e-08, 5.79787311494e-08, 1.52054965952e-07, 1.86569863558e-07, 1.44218162745e-07, 1.54032775868e-07, 2.30219839636e-07, 3.62392533759e-08, 2.26773355649e-09, 1.35134403667e-11, 1.3765465818e-13, 2.20196786007e-17, 1.23509418508e-18]
        max: [2.6972966225e-06, 0.00175364129245, 0.00600527971983, 0.00407418143004, 0.00684725679457, 0.00608411524445, 0.00452496064827, 0.00471127685159, 0.00330453715287, 0.00348769873381, 0.00111268879846, 0.000751948915422, 0.00140437914524, 0.000717000220902, 0.00101980136242, 0.00154699804261, 0.00274606212042, 0.0038181245327, 0.00416806899011, 0.00323403230868, 0.00416411738843, 0.00185040012002, 0.000364987179637, 3.08458329528e-05, 4.73822046843e-06, 4.20182502125e-08, 2.26800302983e-08]
        mean: [1.18924276649e-07, 0.000128088635392, 0.000293513672659, 0.000249456817983, 0.000272569159279, 0.000374680093955, 0.000221702750423, 0.000230145917158, 0.000161823525559, 0.000129265230498, 4.84800439153e-05, 2.97390379274e-05, 4.10959910369e-05, 3.59169280273e-05, 6.66955747874e-05, 0.000119439726404, 0.000227819517022, 0.000228529243032, 0.00017638951249, 0.000215764113818, 0.000227579002967, 8.56213373481e-05, 9.67788309936e-06, 1.25797851069e-06, 2.0965218539e-07, 2.23089124951e-09, 1.30344679494e-10]
        min: [2.93331201343e-12, 6.55339837952e-10, 6.55660359339e-10, 5.92188564852e-09, 1.99213552321e-08, 2.049490746e-07, 2.44804169824e-07, 1.59375858289e-07, 1.76181682576e-08, 1.95232843225e-08, 7.99948640662e-09, 5.17975040637e-09, 6.45233377838e-09, 1.38134632621e-08, 4.59794762264e-08, 2.46320638553e-07, 2.97561683738e-07, 2.4406338639e-07, 2.70883845133e-07, 2.30164644677e-07, 1.41454009395e-07, 5.12230435845e-08, 7.60747465023e-09, 1.27318866561e-09, 3.62918688157e-11, 9.52495981393e-12, 4.19677076565e-14]
        var: [1.0515872705e-13, 7.40842764912e-08, 9.78098682936e-07, 3.96064478991e-07, 5.32131309683e-07, 4.36506581991e-07, 3.23525426893e-07, 2.95470385936e-07, 1.9655472272e-07, 1.43625968008e-07, 2.11734025868e-08, 6.89435708523e-09, 1.71556386874e-08, 7.58947127366e-09, 1.83070163473e-08, 5.06695876368e-08, 1.39932694765e-07, 2.19958948833e-07, 2.04006440185e-07, 1.90149194168e-07, 2.62033921672e-07, 4.78018122863e-08, 7.46131267881e-10, 9.71507509856e-12, 2.74307513553e-13, 2.57776196805e-17, 1.20191400616e-18]
    mfcc:
        mean: [-794.216125488, 98.5775604248, -45.1727600098, 73.0065994263, -30.8271999359, -5.14808368683, -30.309589386, -4.30430603027, -4.3009057045, -9.19903755188, -8.70562934875, -1.83734118938, -5.60669183731]
        cov: [[7868.25585938, 108.947021484, -449.075622559, -545.236572266, -237.167938232, 20.7705001831, 300.962677002, -39.878112793, 46.968120575, -26.0348987579, 85.0875701904, -68.2450408936, -235.578125], [108.947021484, 1988.20935059, 134.286697388, -371.550598145, 183.493972778, 10.3453903198, 249.223190308, 135.254959106, 118.10508728, -26.7017440796, 195.406845093, 38.6320037842, 0.132037684321], [-449.075622559, 134.286697388, 1238.76599121, 254.038085938, 370.438018799, 332.736236572, 321.878509521, 230.958282471, 92.1744155884, 90.3568344116, 154.877380371, 50.0594825745, 92.7486953735], [-545.236572266, -371.550598145, 254.038085938, 848.897827148, 365.53527832, 54.1679153442, -125.480781555, 26.1401233673, -94.8567886353, 1.97407460213, -94.3608703613, 29.4526748657, 102.465957642], [-237.167938232, 183.493972778, 370.438018799, 365.53527832, 775.438171387, 108.354324341, 116.369400024, 92.019203186, 99.8995513916, 87.4269104004, 80.0410842896, 44.2546157837, 113.509460449], [20.7705001831, 10.3453903198, 332.736236572, 54.1679153442, 108.354324341, 370.490722656, 263.101959229, 121.53314209, 93.1062240601, 87.3857269287, 99.9440460205, 72.1259460449, 25.9778709412], [300.962677002, 249.223190308, 321.878509521, -125.480781555, 116.369400024, 263.101959229, 465.602813721, 141.886352539, 155.98223877, 66.0837097168, 136.089599609, 85.8118362427, 32.3389320374], [-39.878112793, 135.254959106, 230.958282471, 26.1401233673, 92.019203186, 121.53314209, 141.886352539, 197.383956909, 76.6691436768, 56.1102905273, 63.659362793, 39.9114494324, 25.4591140747], [46.968120575, 118.10508728, 92.1744155884, -94.8567886353, 99.8995513916, 93.1062240601, 155.98223877, 76.6691436768, 244.50894165, 84.1759643555, 95.9930877686, 39.6617546082, 8.51464176178], [-26.0348987579, -26.7017440796, 90.3568344116, 1.97407460213, 87.4269104004, 87.3857269287, 66.0837097168, 56.1102905273, 84.1759643555, 172.268035889, 85.5476455688, 56.3107757568, 22.4606571198], [85.0875701904, 195.406845093, 154.877380371, -94.3608703613, 80.0410842896, 99.9440460205, 136.089599609, 63.659362793, 95.9930877686, 85.5476455688, 181.402236938, 71.3076629639, 29.1318721771], [-68.2450408936, 38.6320037842, 50.0594825745, 29.4526748657, 44.2546157837, 72.1259460449, 85.8118362427, 39.9114494324, 39.6617546082, 56.3107757568, 71.3076629639, 158.164840698, 58.4554023743], [-235.578125, 0.132037684321, 92.7486953735, 102.465957642, 113.509460449, 25.9778709412, 32.3389320374, 25.4591140747, 8.51464176178, 22.4606571198, 29.1318721771, 58.4554023743, 122.940803528]]
        icov: [[0.00014933985949, 2.5774957976e-05, 8.21429566713e-05, 2.1202778953e-05, -2.83475055767e-05, 4.44799625257e-05, -0.000200183640118, 2.00730733013e-06, 8.64968533278e-05, 2.61335899268e-05, -0.000143697616295, 5.73912438995e-05, 0.000271507131401], [2.5774957976e-05, 0.000723719364032, 4.74646876683e-05, 0.000340621249052, -0.00034180743387, 0.000303491164232, -0.000212908300455, -0.00048061326379, 0.000140808115248, 0.000627898494713, -0.000723719771486, -6.09595990682e-05, 0.000211910199141], [8.21429566713e-05, 4.74646876683e-05, 0.00151330966037, -0.000361277285265, -0.000256405590335, -0.00056032766588, -0.000582173175644, -0.00089269829914, 0.000416172813857, 0.000212713508517, -0.00101252982859, 0.000836635939777, -0.000215628664591], [2.1202778953e-05, 0.000340621249052, -0.000361277285265, 0.0025930646807, -0.00124340096954, -0.000785551790614, 0.00115553848445, -0.000467923964607, 0.000661404221319, 0.000250602781307, 0.00157930247951, -0.000929555622861, -0.000765286560636], [-2.83475055767e-05, -0.00034180743387, -0.000256405590335, -0.00124340096954, 0.00240591890179, 0.000318399659591, -0.000386776868254, 0.000317061960232, -0.000835834012832, -0.000723854522221, -0.000446125981398, 0.000791558763012, -0.00115726224612], [4.44799625257e-05, 0.000303491164232, -0.00056032766588, -0.000785551790614, 0.000318399659591, 0.00596509035677, -0.00289735407569, -0.000701492477674, 0.00018070092483, -0.00116124143824, -0.000831424782518, -0.000467943435069, 0.00113447965123], [-0.000200183640118, -0.000212908300455, -0.000582173175644, 0.00115553848445, -0.000386776868254, -0.00289735407569, 0.00572935724631, -0.000947397842538, -0.0015012586955, 0.00123164791148, 7.76489832788e-05, -0.0013213789789, -0.00075996783562], [2.00730733013e-06, -0.00048061326379, -0.00089269829914, -0.000467923964607, 0.000317061960232, -0.000701492477674, -0.000947397842538, 0.0082012815401, -0.00113130465616, -0.00127882719971, 0.000435274705524, -0.000214131156099, -0.000215175459743], [8.64968533278e-05, 0.000140808115248, 0.000416172813857, 0.000661404221319, -0.000835834012832, 0.00018070092483, -0.0015012586955, -0.00113130465616, 0.00675866845995, -0.00170135684311, -0.00141074834391, 0.000286233873339, 0.000704005535226], [2.61335899268e-05, 0.000627898494713, 0.000212713508517, 0.000250602781307, -0.000723854522221, -0.00116124143824, 0.00123164791148, -0.00127882719971, -0.00170135684311, 0.00963795837015, -0.00337534188293, -0.00150249467697, 0.000405849830713], [-0.000143697616295, -0.000723719771486, -0.00101252982859, 0.00157930247951, -0.000446125981398, -0.000831424782518, 7.76489832788e-05, 0.000435274705524, -0.00141074834391, -0.00337534188293, 0.0122013296932, -0.00305530894548, -0.00107408489566], [5.73912438995e-05, -6.09595990682e-05, 0.000836635939777, -0.000929555622861, 0.000791558763012, -0.000467943435069, -0.0013213789789, -0.000214131156099, 0.000286233873339, -0.00150249467697, -0.00305530894548, 0.0103209121153, -0.0039151115343], [0.000271507131401, 0.000211910199141, -0.000215628664591, -0.000765286560636, -0.00115726224612, 0.00113447965123, -0.00075996783562, -0.000215175459743, 0.000704005535226, 0.000405849830713, -0.00107408489566, -0.0039151115343, 0.0125209148973]]
    spectral_contrast:
        mean: [-1.92935392107e-08, -5.75579028883e-10, 2.70074878017e-07, -1.24407373292e-08, -2.10279637258e-07, 1.43103122241e-07, 2.53577900367e-06, -2.5350341275e-06, 2.83371559817e-06, 1.5364137198e-06, 1.42378860346e-06, 2.71131824547e-07]
        var: [0.000943997991271, 0.00230342685245, 0.00264928303659, 0.00394912529737, 0.0075742402114, 0.0158822331578, 0.0982897654176, 0.185176834464, 0.275482922792, 0.746038377285, 1.47068309784, 4.1746339798]

rhythm:
    beats_loudness:
        dmean: 0.00549529446289
        dmean2: 0.0109434276819
        dvar: 3.24318789353e-05
        dvar2: 0.000109334716399
        max: 0.0220443103462
        mean: 0.00809778831899
        min: 0.00264400686137
        var: 2.94655364996e-05
    beats_loudness_bass:
        dmean: 0.199919849634
        dmean2: 0.394890487194
        dvar: 0.0782236531377
        dvar2: 0.211769983172
        max: 0.799247205257
        mean: 0.0984862297773
        min: 0.000634901516605
        var: 0.0468031950295
    bpm: 96.9869842529
    bpm_confidence: 0
    first_peak_bpm: 97
    first_peak_spread: 0
    first_peak_weight: 1
    onset_rate: 5.2836098671
    second_peak_bpm: 0
    second_peak_spread: 0
    second_peak_weight: 0
    beats_position: [0.402418553829, 1.02058708668, 1.63875567913, 2.25692415237, 2.87509274483, 3.49326133728, 4.11142969131, 4.72959852219, 5.34776687622, 5.97299957275, 6.59263753891, 7.21227455139, 7.83191156387, 8.45154857635, 9.07118606567, 9.69082355499]
    bpm_estimates: [97.275970459, 97.2352142334, 97.1460723877, 98.0151748657, 97.2082824707, 96.3955993652, 96.5969314575, 97.3237915039, 96.0274200439, 97.4148406982, 96.8429794312, 96.2765884399, 97.6732711792, 96.5295257568, 96.8431930542]
    bpm_intervals: [0.618168532848, 0.618168592453, 0.618168473244, 0.618168592453, 0.618168592453, 0.618168354034, 0.618168830872, 0.618168354034, 0.625232696533, 0.619637966156, 0.619637012482, 0.619637012482, 0.619637012482, 0.619637489319, 0.619637489319]
    onset_times: [0.0696598663926, 0.243809521198, 0.371519267559, 0.557278931141, 0.696598649025, 0.882358253002, 0.99845802784, 1.31192743778, 1.63700675964, 1.82276642323, 1.93886625767, 2.10140585899, 2.22911572456, 2.57741498947, 2.72834467888, 3.01859402657, 3.16952371597, 3.42494320869, 3.70358276367, 4.09832191467, 4.20281171799, 4.31891155243, 4.40018129349, 4.5046710968, 4.71365070343, 4.93424034119, 5.0387301445, 5.13160991669, 5.36380958557, 5.630838871, 5.81659841537, 5.9675283432, 6.15328788757, 6.48997735977, 6.57124710083, 6.74539661407, 6.87310647964, 7.02403640747, 7.18657588959, 7.47682523727, 7.67419481277, 7.81351470947, 7.97605419159, 8.11537456512, 8.27791404724, 8.40562343597, 8.63782310486, 8.99773216248, 9.24154186249, 9.39247131348, 9.65950107574, 9.89170074463, 10.0194101334]
    rubato_start: []
    rubato_stop: []
    perceptual_tempo: "unknown"

sfx:
    inharmonicity:
        dmean: 0.0559956803918
        dmean2: 0.0977174714208
        dvar: 0.00443055806682
        dvar2: 0.0113381491974
        max: 0.356555551291
        mean: 0.0615294389427
        min: 0.000182353003765
        var: 0.00498558301479
    oddtoevenharmonicenergyratio:
        dmean: 80.1904602051
        dmean2: 160.171722412
        dvar: 1191340.625
        dvar2: 3575771.75
        max: 16024.5869141
        mean: 40.7786598206
        min: 0.000498926092405
        var: 596103.875
    pitch_after_max_to_before_max_energy_ratio: 0.0660465210676
    pitch_centroid: 209.923629761
    pitch_max_to_total: 0.897674441338
    pitch_min_to_total: 0.113953486085
    tristimulus:
        dmean: [0.197066128254, 0.242370069027, 0.154918521643]
        dmean2: [0.331630706787, 0.413707524538, 0.269949913025]
        dvar: [0.0353140681982, 0.0458578690886, 0.0257968120277]
        dvar2: [0.0889734402299, 0.119759723544, 0.0643399506807]
        max: [0.978151381016, 0.99655610323, 0.949494302273]
        mean: [0.320419281721, 0.463704615831, 0.163564249873]
        min: [0.000552407524083, 0, 0]
        var: [0.0615863874555, 0.072791673243, 0.0350629799068]

tonal:
    chords_changes_rate: 0.175925925374
    chords_number_rate: 0.0601851865649
    chords_strength:
        dmean: 0.0191104710102
        dmean2: 0.023588500917
        dvar: 0.000241022833507
        dvar2: 0.00037853611866
        max: 0.496721684933
        mean: 0.352673858404
        min: 0.223345935345
        var: 0.00409767357633
    key_strength: 0.14150416851
    tuning_diatonic_strength: 0.173435553908
    tuning_equal_tempered_deviation: 0.243074417114
    tuning_frequency: 432.441040039
    tuning_nontempered_energy_ratio: 0.892367482185
    hpcp:
        dmean: [0.107703030109, 0.108904875815, 0.130112886429, 0.123484544456, 0.129984438419, 0.166376873851, 0.214617878199, 0.224403128028, 0.219248086214, 0.212904214859, 0.18995167315, 0.206843137741, 0.239610716701, 0.240255758166, 0.226452186704, 0.223960027099, 0.246478691697, 0.257139742374, 0.245553299785, 0.231042712927, 0.215441286564, 0.250206768513, 0.251913636923, 0.237299472094, 0.208393260837, 0.209635257721, 0.196791395545, 0.161970168352, 0.181214869022, 0.152186572552, 0.145738273859, 0.137234538794, 0.142301723361, 0.160662665963, 0.137353464961, 0.12135155499]
        dmean2: [0.191956013441, 0.196048527956, 0.231735691428, 0.217822283506, 0.229154124856, 0.301976948977, 0.378259539604, 0.402902901173, 0.386203199625, 0.363371163607, 0.31552579999, 0.346804141998, 0.413984447718, 0.431618601084, 0.391437143087, 0.376471698284, 0.443126350641, 0.444165945053, 0.427714973688, 0.409530699253, 0.399013996124, 0.437759548426, 0.433594852686, 0.417203515768, 0.369002938271, 0.370046287775, 0.332993477583, 0.275390297174, 0.324553847313, 0.257978975773, 0.254805028439, 0.241323918104, 0.245736554265, 0.278070867062, 0.230839237571, 0.209867373109]
        dvar: [0.0297845248133, 0.0245773643255, 0.0357027202845, 0.0240597147495, 0.0316062755883, 0.0388081967831, 0.0617408007383, 0.0667355358601, 0.0632557421923, 0.0633891150355, 0.0498722046614, 0.0539323911071, 0.0673137381673, 0.0670204013586, 0.0589808635414, 0.0540666505694, 0.0729478150606, 0.0694666951895, 0.0728460103273, 0.0651962384582, 0.0603407584131, 0.0720247924328, 0.0717096552253, 0.0671094879508, 0.0547211617231, 0.0620323941112, 0.0561107248068, 0.0454611033201, 0.0534894429147, 0.0314984247088, 0.0434218868613, 0.0366447903216, 0.0415705032647, 0.0528130456805, 0.0372630394995, 0.0380277559161]
        dvar2: [0.0722320973873, 0.065525084734, 0.108242295682, 0.0678688958287, 0.0870314240456, 0.108597680926, 0.175691947341, 0.17480430007, 0.162751123309, 0.155118659139, 0.121661037207, 0.130902484059, 0.18913897872, 0.186289325356, 0.157375991344, 0.146973967552, 0.197415873408, 0.175681725144, 0.169991448522, 0.161658033729, 0.161194846034, 0.206121981144, 0.196962028742, 0.191612735391, 0.149837866426, 0.157585844398, 0.141266360879, 0.124963179231, 0.14848741889, 0.0790215954185, 0.0925155058503, 0.0864552110434, 0.109934620559, 0.140122890472, 0.0883755534887, 0.0974970310926]
        max: [1, 0.910950303078, 1, 0.921019434929, 1, 1, 1, 1, 1, 1, 1, 1, 1, 1, 1, 1, 1, 1, 1, 1, 1, 1, 1, 1, 1, 1, 1, 1, 1, 1, 1, 1, 1, 1, 1, 1]
        mean: [0.109246939421, 0.108974121511, 0.120410077274, 0.116155259311, 0.128175377846, 0.164677783847, 0.199075445533, 0.210065767169, 0.210305824876, 0.208972945809, 0.212819218636, 0.250485092402, 0.251135408878, 0.224328204989, 0.222580656409, 0.237180411816, 0.246541634202, 0.251265704632, 0.266997367144, 0.232986852527, 0.203272223473, 0.225033760071, 0.238791286945, 0.22165773809, 0.199126124382, 0.197441652417, 0.18722730875, 0.164863109589, 0.148476108909, 0.14598017931, 0.152394205332, 0.134492352605, 0.126971304417, 0.140102505684, 0.13259665668, 0.121480002999]
        min: [0.000613401469309, 0.00110797549132, 0.000233050508541, 0.00025009206729, 0.00191956909839, 0.00143463839777, 0.000612303090747, 0.000500156485941, 0.000643077364657, 0.000934848038014, 0.000990677042864, 0.000833499361761, 0.000360752164852, 0.000850840879139, 0.00050068582641, 0.000425415491918, 0.000392353656935, 0.000262955669314, 0.000552423647605, 0.00073046493344, 0.000441422889708, 0.000240471403231, 0.00155531987548, 0.000819666776806, 0.000849078351166, 0.000571357784793, 0.000425242789788, 0.000361061072908, 0.000901300110854, 0.000933641509619, 0.00117938674521, 0.000672601978295, 0.000541186425835, 0.000132328714244, 0.000136696369736, 0.000363831524737]
        var: [0.0287126619369, 0.0238495897502, 0.0326142832637, 0.0228799004108, 0.0303665436804, 0.0432414263487, 0.0613196343184, 0.0691351592541, 0.0742207095027, 0.0753065273166, 0.0627024173737, 0.0790536105633, 0.0831188485026, 0.0678422227502, 0.0657719150186, 0.0680676847696, 0.0767036005855, 0.0793237611651, 0.0883351489902, 0.073607377708, 0.0560875236988, 0.0773876830935, 0.0788811147213, 0.0683928206563, 0.0581174753606, 0.0631203278899, 0.0648785531521, 0.0517253391445, 0.0492843948305, 0.0391404628754, 0.0578533485532, 0.0413350127637, 0.036658026278, 0.0482901632786, 0.0434830486774, 0.0369433760643]
    chords_histogram: [19.4444446564, 0, 0, 17.5925922394, 0, 0, 5.55555534363, 2.31481480598, 2.31481480598, 2.77777767181, 10.6481485367, 0, 1.38888883591, 4.16666650772, 18.5185184479, 4.16666650772, 0, 8.33333301544, 0, 0, 0.925925910473, 0, 0, 1.85185182095]
    thpcp: [1, 0.872618556023, 0.761326670647, 0.842831373215, 0.894358217716, 0.830186963081, 0.745798110962, 0.739489138126, 0.701232790947, 0.617470920086, 0.556095778942, 0.546747624874, 0.570770442486, 0.503721654415, 0.475552648306, 0.524733662605, 0.496621578932, 0.454985767603, 0.409168601036, 0.408146798611, 0.450978517532, 0.435042709112, 0.48006233573, 0.616776823997, 0.745608270168, 0.786770939827, 0.787670016289, 0.782677948475, 0.797083556652, 0.938155651093, 0.940591335297, 0.840188801289, 0.833643615246, 0.888324916363, 0.92338603735, 0.941079318523]
    chords_key: "C"
    chords_scale: "minor"
    key_key: "C"
    key_scale: "minor"
    chords_progression: ["G#", "G#", "G#", "G#", "G", "G", "G", "G", "G", "Bm", "Bm", "Bm", "Bm", "Bm", "Bm", "Bm", "Bm", "Bm", "Bm", "Bm", "Bm", "Bm", "Bm", "Bm", "Bm", "Bm", "Bm", "Bm", "A#", "A#", "A#", "A#", "A#", "A#", "A#", "Bm", "A#", "A#", "A#", "A#", "A#", "A#", "A#", "A#", "A#", "A#", "A#", "A#", "A#", "A#", "A#", "A#", "C", "C", "A#", "C", "C", "Cm", "Cm", "Cm", "Cm", "Cm", "Cm", "Cm", "Cm", "Cm", "Cm", "Cm", "Cm", "Cm", "Cm", "Cm", "Cm", "Cm", "Cm", "Cm", "Cm", "Cm", "Cm", "Cm", "Cm", "Cm", "Cm", "Cm", "Cm", "Cm", "Cm", "Cm", "Cm", "Cm", "F#m", "G", "Cm", "Cm", "F#m", "F#m", "Cm", "Cm", "Cm", "Cm", "Cm", "Cm", "Cm", "Bm", "Bm", "Bm", "C#m", "C#m", "C#m", "C#m", "C#m", "C#m", "C#m", "C#m", "C#m", "C#m", "C#m", "C#m", "C#m", "C#m", "C#m", "C#m", "C#m", "C#m", "C#m", "C#m", "C#m", "C#m", "C#m", "C#m", "A", "A", "A", "A", "A", "A#m", "A", "A", "A", "A", "C#m", "C#m", "C#m", "C#m", "C#m", "C#m", "C#m", "C#m", "C", "C#m", "C#m", "C#m", "C#m", "C#m", "Em", "Em", "Em", "Em", "B", "Em", "C#m", "B", "B", "C#m", "B", "C#m", "B", "B", "B", "B", "B", "B", "B", "B", "B", "B", "B", "B", "B", "B", "E", "E", "E", "E", "A#", "A#", "A#", "A#", "E", "E", "E", "A#", "A#", "A#", "A#", "A#", "A#", "A#", "A#", "A#", "A#", "A#m", "Am", "Am", "Am", "Am", "Am", "Am", "Am", "Am", "Am", "Am", "Am", "Am", "E", "E"]
