
metadata:
    version:
        essentia: "1.2.2"
    audio_properties:
        analysis_sample_rate: 44100
        bitrate: 128
        channels: 2
        equal_loudness: 1
        length: 10.0048980713
        replay_gain: -9.72850227356
        downmix: "mix"
    tags:
        track: 7
        year: 0
        album: "Splitted by Mp3Splt v. 2.1"
        artist: "From 001.00 To 001.10"
        comment: "http://mp3splt.sf.net"
        genre: ""
        title: "01 Loveless.mp3"

highlevel:
    ballroom:
        all:
            ChaChaCha: 0.0886401161551
            Jive: 0.119012251496
            Quickstep: 0.0878127813339
            Rumba-American: 0.00266549177468
            Rumba-International: 0.0355518981814
            Rumba-Misc: 0.0140325976536
            Samba: 0.650087296963
            Tango: 0.000748551625293
            VienneseWaltz: 0.00071616092464
            Waltz: 0.000732836837415
        probability: 0.650087296963
        value: "Samba"
    culture:
        all:
            non_western: 0.0332879200578
            western: 0.96671205759
        probability: 0.96671205759
        value: "western"
    gender:
        all:
            female: 0.812333703041
            male: 0.187666282058
        probability: 0.812333703041
        value: "female"
    genre_dortmund:
        all:
            alternative: 0.0173163134605
            blues: 0.0246499069035
            electronic: 0.0495345033705
            folkcountry: 0.01964712888
            funksoulrnb: 0.0941607058048
            jazz: 0.233930394053
            pop: 0.0584247484803
            raphiphop: 0.418078750372
            rock: 0.084257543087
        probability: 0.418078750372
        value: "raphiphop"
    genre_electronica:
        all:
            ambient: 0.228900298476
            dnb: 0.244655907154
            house: 0.316770762205
            techno: 0.0354378856719
            trance: 0.174235135317
        probability: 0.316770762205
        value: "house"
    genre_rosamerica:
        all:
            cla: 0.00738515844569
            dan: 0.280872911215
            hip: 0.0909669622779
            jaz: 0.0564263612032
            pop: 0.0692653805017
            rhy: 0.460170358419
            roc: 0.0268796086311
            spe: 0.00803324300796
        probability: 0.460170358419
        value: "rhy"
    genre_tzanetakis:
        all:
            blu: 0.00102682225406
            cla: 0.000309862225549
            cou: 0.00203641015105
            dis: 0.0150408521295
            hip: 0.0243336930871
            jaz: 0.00186159031
            met: 0.000391884561395
            pop: 0.868074953556
            reg: 0.0787594765425
            roc: 0.00816448032856
        probability: 0.868074953556
        value: "pop"
    live_studio:
        all:
            live: 0.361202657223
            studio: 0.638797342777
        probability: 0.638797342777
        value: "studio"
    mood:
        all:
            Cluster1: 0.300836801529
            Cluster2: 0.235888153315
            Cluster3: 0.113385356963
            Cluster4: 0.168909519911
            Cluster5: 0.180980175734
        probability: 0.300836801529
        value: "Cluster1"
    mood_acoustic:
        all:
            acoustic: 0.0432489737868
            not_acoustic: 0.956751048565
        probability: 0.956751048565
        value: "not_acoustic"
    mood_aggressive:
        all:
            aggressive: 0.0121979350224
            not_aggressive: 0.987802088261
        probability: 0.987802088261
        value: "not_aggressive"
    mood_electronic:
        all:
            electronic: 0.566052019596
            not_electronic: 0.433947980404
        probability: 0.566052019596
        value: "electronic"
    mood_happy:
        all:
            happy: 0.227964177728
            not_happy: 0.772035837173
        probability: 0.772035837173
        value: "not_happy"
    mood_party:
        all:
            not_party: 0.362068980932
            party: 0.637930989265
        probability: 0.637930989265
        value: "party"
    mood_relaxed:
        all:
            not_relaxed: 0.360873401165
            relaxed: 0.639126598835
        probability: 0.639126598835
        value: "relaxed"
    mood_sad:
        all:
            not_sad: 0.5
            sad: 0.5
        probability: 0.5
        value: "not_sad"
    rhythm:
        all:
            fast: 0.560926020145
            medium: 0.181380435824
            slow: 0.257693499327
        probability: 0.560926020145
        value: "fast"
    speech_music:
        all:
            music: 0.999588370323
            speech: 0.000411608809372
        probability: 0.999588370323
        value: "music"
    timbre:
        all:
            bright: 0.0971855521202
            dark: 0.90281444788
        probability: 0.90281444788
        value: "dark"
    voice_instrumental:
        all:
            instrumental: 0.00128429196775
            voice: 0.998715698719
        probability: 0.998715698719
        value: "voice"

lowlevel:
    average_loudness: 0.956766366959
    barkbands_kurtosis:
        dmean: 2.81676125526
        dmean2: 4.44814395905
        dvar: 23.6472873688
        dvar2: 43.3692512512
        max: 55.6831092834
        mean: 2.57817816734
        min: -1.88913166523
        var: 45.2766075134
    barkbands_skewness:
        dmean: 0.686202287674
        dmean2: 1.01977646351
        dvar: 0.482470750809
        dvar2: 0.918093562126
        max: 6.30333709717
        mean: 1.14644145966
        min: -2.81063461304
        var: 1.54833304882
    barkbands_spread:
        dmean: 9.81639099121
        dmean2: 14.9333486557
        dvar: 105.781188965
        dvar2: 224.755050659
        max: 87.5199966431
        mean: 28.3649768829
        min: 1.26762259007
        var: 288.906555176
    dissonance:
        dmean: 0.0284478645772
        dmean2: 0.0457740873098
        dvar: 0.000803305301815
        dvar2: 0.0021169630345
        max: 0.498104453087
        mean: 0.440220952034
        min: 0.250370889902
        var: 0.00197665463202
    hfc:
        dmean: 2.36107254028
        dmean2: 3.19384288788
        dvar: 13.538895607
        dvar2: 27.0819187164
        max: 40.068271637
        mean: 3.8943977356
        min: 0.0366876274347
        var: 25.8499526978
    pitch:
        dmean: 685.172485352
        dmean2: 1294.37890625
        dvar: 2016016
        dvar2: 4534209.5
        max: 6300
        mean: 976.877990723
        min: 96.2882080078
        var: 2533040
    pitch_instantaneous_confidence:
        dmean: 0.103823833168
        dmean2: 0.159293860197
        dvar: 0.00963607709855
        dvar2: 0.0200919080526
        max: 0.898515224457
        mean: 0.461713433266
        min: 0.12704795599
        var: 0.0305111072958
    pitch_salience:
        dmean: 0.0765183866024
        dmean2: 0.121185854077
        dvar: 0.00432163709775
        dvar2: 0.0102447560057
        max: 0.86058396101
        mean: 0.596902430058
        min: 0.287318348885
        var: 0.011041183956
    silence_rate_20dB:
        dmean: 0
        dmean2: 0
        dvar: 0
        dvar2: 0
        max: 1
        mean: 1
        min: 1
        var: 0
    silence_rate_30dB:
        dmean: 0
        dmean2: 0
        dvar: 0
        dvar2: 0
        max: 1
        mean: 1
        min: 1
        var: 0
    silence_rate_60dB:
        dmean: 0.158139541745
        dmean2: 0.317016303539
        dvar: 0.133131504059
        dvar2: 0.235165417194
        max: 1
        mean: 0.640371203423
        min: 0
        var: 0.230295985937
    spectral_centroid:
        dmean: 447.449920654
        dmean2: 643.016052246
        dvar: 310316.0625
        dvar2: 611373.25
        max: 5403.78613281
        mean: 1272.6036377
        min: 265.684906006
        var: 945995.9375
    spectral_complexity:
        dmean: 3.5397195816
        dmean2: 5.31381750107
        dvar: 31.3512496948
        dvar2: 63.9670448303
        max: 38
        mean: 6.68764591217
        min: 0
        var: 50.2568206787
    spectral_crest:
        dmean: 2.96616578102
        dmean2: 4.91250181198
        dvar: 7.4661231041
        dvar2: 17.4072399139
        max: 22.6098766327
        mean: 9.42481994629
        min: 2.84170532227
        var: 15.2578420639
    spectral_decrease:
        dmean: 3.44393014107e-10
        dmean2: 5.04057129369e-10
        dvar: 2.67500309782e-19
        dvar2: 5.240595533e-19
        max: -1.81361436286e-11
        mean: -7.12464032215e-10
        min: -3.89547816226e-09
        var: 5.75643104985e-19
    spectral_energy:
        dmean: 0.00149627006613
        dmean2: 0.00215072766878
        dvar: 4.85610416945e-06
        dvar2: 9.42027236306e-06
        max: 0.0160277076066
        mean: 0.00304223550484
        min: 7.44431017665e-05
        var: 1.05003355202e-05
    spectral_energyband_high:
        dmean: 0.000212335347896
        dmean2: 0.000285545829684
        dvar: 1.04302600334e-07
        dvar2: 2.03661599585e-07
        max: 0.00299895298667
        mean: 0.000287327187834
        min: 5.70674217215e-07
        var: 2.00524425509e-07
    spectral_energyband_low:
        dmean: 0.000146135207615
        dmean2: 0.000223164854106
        dvar: 1.5763941974e-07
        dvar2: 2.85919270482e-07
        max: 0.00666259136051
        mean: 0.00031469980604
        min: 1.25158919673e-06
        var: 5.63932246678e-07
    spectral_energyband_middle_high:
        dmean: 0.000574567180593
        dmean2: 0.000802704889793
        dvar: 1.12033819732e-06
        dvar2: 2.38529605667e-06
        max: 0.0112535841763
        mean: 0.000836652179714
        min: 1.3150184941e-06
        var: 2.27422719945e-06
    spectral_energyband_middle_low:
        dmean: 0.000883102649823
        dmean2: 0.00135840394069
        dvar: 1.93378969016e-06
        dvar2: 4.27819531978e-06
        max: 0.0108659248799
        mean: 0.00160345388576
        min: 3.64471416106e-05
        var: 3.17453645948e-06
    spectral_flatness_db:
        dmean: 0.0248574689031
        dmean2: 0.0379560403526
        dvar: 0.000610606744885
        dvar2: 0.00116581888869
        max: 0.382170051336
        mean: 0.166293472052
        min: 0.0834607854486
        var: 0.00200474192388
    spectral_flux:
        dmean: 0.0115920966491
        dmean2: 0.0166761092842
        dvar: 0.000163301709108
        dvar2: 0.000327938818373
        max: 0.106192469597
        mean: 0.0320152081549
        min: 0.00263492879458
        var: 0.000468235783046
    spectral_kurtosis:
        dmean: 1.96373724937
        dmean2: 2.87627005577
        dvar: 5.67490100861
        dvar2: 11.6447916031
        max: 24.8300533295
        mean: 3.34995818138
        min: -1.23779475689
        var: 15.2353830338
    spectral_rms:
        dmean: 0.000390690402128
        dmean2: 0.00053715123795
        dvar: 2.06824324778e-07
        dvar2: 3.60422006906e-07
        max: 0.00395433790982
        mean: 0.00151025434025
        min: 0.000269494747045
        var: 6.87166107127e-07
    spectral_rolloff:
        dmean: 992.186828613
        dmean2: 1574.49560547
        dvar: 1466579.875
        dvar2: 3079265.75
        max: 9237.74414062
        mean: 2477.37182617
        min: 236.865234375
        var: 3858608.75
    spectral_skewness:
        dmean: 0.38397487998
        dmean2: 0.527340769768
        dvar: 0.130710974336
        dvar2: 0.25708296895
        max: 4.01998233795
        mean: 1.3778475523
        min: -0.303713619709
        var: 0.544203460217
    spectral_spread:
        dmean: 1059962.875
        dmean2: 1412286.625
        dvar: 1.24975854387e+12
        dvar2: 1.88782752563e+12
        max: 16094224
        mean: 6061761.5
        min: 2386182
        var: 5.31727751578e+12
    spectral_strongpeak:
        dmean: 0.274448722601
        dmean2: 0.44749507308
        dvar: 0.241261050105
        dvar2: 0.590059041977
        max: 3.89037919044
        mean: 0.411610096693
        min: 0
        var: 0.312451601028
    zerocrossingrate:
        dmean: 0.0183424912393
        dmean2: 0.0197999756783
        dvar: 0.000337568926625
        dvar2: 0.000372184003936
        max: 0.287109375
        mean: 0.077813141048
        min: 0.0107421875
        var: 0.00225464906543
    barkbands:
        dmean: [8.60795807966e-07, 6.19684433332e-05, 9.97736206045e-05, 5.8630201238e-05, 0.000457664922578, 0.000105223807623, 0.000194637905224, 0.000215763051528, 0.00014871674648, 0.000107684267277, 7.20219395589e-05, 7.3485331086e-05, 5.1331724535e-05, 4.59479124402e-05, 4.7679826821e-05, 5.29771277797e-05, 5.8462657762e-05, 0.000104936312709, 9.53304406721e-05, 0.000118863055832, 8.57448758325e-05, 4.83746007376e-05, 1.75308286998e-05, 5.11876260134e-06, 3.32053105012e-06, 1.02021239456e-07, 3.89184379168e-10]
        dmean2: [7.7482729921e-07, 8.55468970258e-05, 0.000154672248755, 0.000104748971353, 0.000759844144341, 0.000165878489497, 0.000303752400214, 0.000328348891344, 0.000225949144806, 0.000160452575074, 0.000115842929517, 9.69053653535e-05, 7.98001419753e-05, 7.47532612877e-05, 6.82451645844e-05, 8.0917692685e-05, 9.06692657736e-05, 0.000163771284861, 0.000147157639731, 0.000171541658347, 0.000120559234347, 6.9017864007e-05, 2.42250680458e-05, 7.93438175606e-06, 5.13388113177e-06, 1.49191833998e-07, 5.65296365274e-10]
        dvar: [1.08480099903e-11, 2.87787322861e-08, 9.2614534708e-08, 1.25333761147e-08, 5.82862526244e-07, 7.26667579443e-08, 4.07728862228e-07, 3.44405094665e-07, 1.88572755633e-07, 1.35967397341e-07, 3.62732066606e-08, 7.79522011385e-08, 1.82314803254e-08, 1.82607369226e-08, 1.29856640996e-08, 2.24397638249e-08, 1.42544092085e-08, 1.60066576882e-07, 3.75216373527e-08, 6.77121718695e-08, 1.86183086726e-08, 6.14062667381e-09, 9.01823948851e-10, 1.91623703016e-10, 1.80376838466e-10, 1.14161677616e-13, 1.87115016761e-18]
        dvar2: [1.0890476021e-11, 6.08409393976e-08, 1.54717341161e-07, 3.43246249201e-08, 1.45105832416e-06, 1.62778761137e-07, 1.05937351691e-06, 7.09566563728e-07, 3.72698366391e-07, 3.1514798593e-07, 9.05900066073e-08, 1.32693713795e-07, 4.42315801763e-08, 4.32046221022e-08, 2.40962947373e-08, 3.75218363047e-08, 3.19710800056e-08, 4.11140234746e-07, 9.27317813648e-08, 1.49761035573e-07, 3.69011701196e-08, 1.25406707241e-08, 1.61453472813e-09, 5.37055122596e-10, 4.69217720234e-10, 2.61964197079e-13, 2.14376242773e-18]
        max: [5.06920623593e-05, 0.002036443213, 0.00630482053384, 0.00102736195549, 0.00857736170292, 0.00303699355572, 0.00723815802485, 0.00736870290712, 0.00458021555096, 0.00434820586815, 0.0020776130259, 0.00455613061786, 0.00123908545356, 0.00145465834066, 0.00195102742873, 0.00220319698565, 0.001196681289, 0.00648277252913, 0.00190608238336, 0.00270208762959, 0.00108165782876, 0.000959004450124, 0.000368699606042, 0.000166846250067, 0.000188545134733, 4.61806484964e-06, 2.69339004433e-08]
        mean: [2.72797024081e-06, 0.000121972814668, 0.000190106336959, 7.53508575144e-05, 0.000628644076642, 0.00014703789202, 0.000255354767432, 0.000293973134831, 0.000176023677341, 0.000108033367724, 0.000100136174296, 9.29014277062e-05, 5.14270031999e-05, 4.79556365462e-05, 5.53785503143e-05, 5.90108575125e-05, 6.33047675365e-05, 0.000107080704765, 0.000116797418741, 0.000147172744619, 0.00010974331235, 5.8226960391e-05, 2.36765918089e-05, 6.24580616204e-06, 3.83248061553e-06, 1.24027323523e-07, 4.40014996661e-10]
        min: [1.58957569329e-11, 4.11350868035e-07, 4.11472683481e-07, 1.18823299999e-06, 4.27185705121e-06, 6.51964455756e-07, 3.20379115237e-07, 2.53261600847e-06, 6.97466589372e-07, 6.47661053677e-08, 2.40359376846e-08, 2.22089244772e-08, 1.18118848036e-08, 9.91584272469e-08, 7.07080261009e-08, 6.11336830048e-08, 1.13693225501e-07, 1.49469414623e-07, 2.55739507793e-07, 2.07224701398e-07, 2.5578168561e-07, 7.79722810762e-08, 1.56050976585e-08, 5.165805117e-09, 1.78531056605e-09, 5.85511431006e-11, 5.14754492015e-14]
        var: [5.95126725678e-11, 7.78748727726e-08, 4.02432107194e-07, 1.29422961237e-08, 7.79120114203e-07, 8.59165396605e-08, 4.01957578333e-07, 4.32276607398e-07, 2.81362900978e-07, 1.46246421195e-07, 5.72293359369e-08, 1.40449046171e-07, 2.18791917916e-08, 2.14408100163e-08, 3.23160520566e-08, 3.83869043219e-08, 1.90453750548e-08, 1.32437278921e-07, 4.01940596362e-08, 9.62574091545e-08, 3.16570698544e-08, 1.026042451e-08, 1.81805270838e-09, 1.7275761377e-10, 1.62527130643e-10, 1.50861894049e-13, 1.97379046033e-18]
    mfcc:
        mean: [-765.733459473, 107.786758423, -7.9530673027, 52.8298187256, -23.3180732727, -5.70533370972, -8.14937591553, -3.04854846001, -4.32863378525, -5.27986097336, -2.92869448662, -4.26731109619, -0.851184487343]
        cov: [[5517.54833984, -1409.8815918, -684.310974121, -489.466949463, -175.670166016, 125.69707489, 131.578125, -45.2520675659, -93.9170913696, -157.242904663, -140.569244385, 31.0636978149, 24.0789394379], [-1409.8815918, 2222.57861328, -627.32623291, -122.881912231, -8.47829246521, -92.0282897949, 156.923339844, 59.1802368164, 24.7511520386, 32.9263763428, -50.5068969727, -3.76591181755, -83.6069564819], [-684.310974121, -627.32623291, 819.153686523, 183.076431274, 55.4816322327, 25.6839809418, -85.6896362305, 35.8844833374, 28.6539154053, 24.9608478546, 75.2351379395, 24.9934806824, 68.5288619995], [-489.466949463, -122.881912231, 183.076431274, 419.289672852, 73.060256958, 7.76597070694, -62.4307975769, 7.56837654114, 35.9554176331, 18.2709007263, 40.2611198425, 47.967540741, 57.4441337585], [-175.670166016, -8.47829246521, 55.4816322327, 73.060256958, 152.722671509, 11.612411499, -6.21219539642, 3.10704803467, 27.9619026184, 17.1162338257, 24.2161369324, 24.4932937622, 27.675907135], [125.69707489, -92.0282897949, 25.6839809418, 7.76597070694, 11.612411499, 159.145721436, 52.6409339905, 24.8438224792, -3.07061886787, 17.3654098511, 28.5837860107, 8.19411945343, 20.8243484497], [131.578125, 156.923339844, -85.6896362305, -62.4307975769, -6.21219539642, 52.6409339905, 143.741409302, 43.0947570801, 6.41512346268, 8.33044815063, 8.83935260773, 13.7534227371, 3.36780619621], [-45.2520675659, 59.1802368164, 35.8844833374, 7.56837654114, 3.10704803467, 24.8438224792, 43.0947570801, 93.5850524902, 30.3413944244, 5.53880929947, 3.35281038284, 9.94946479797, 23.4318237305], [-93.9170913696, 24.7511520386, 28.6539154053, 35.9554176331, 27.9619026184, -3.07061886787, 6.41512346268, 30.3413944244, 83.7298660278, 48.8575706482, 16.1174640656, 8.84505558014, 2.18604373932], [-157.242904663, 32.9263763428, 24.9608478546, 18.2709007263, 17.1162338257, 17.3654098511, 8.33044815063, 5.53880929947, 48.8575706482, 93.035484314, 46.5824012756, 3.14297199249, -8.92871189117], [-140.569244385, -50.5068969727, 75.2351379395, 40.2611198425, 24.2161369324, 28.5837860107, 8.83935260773, 3.35281038284, 16.1174640656, 46.5824012756, 79.326210022, 27.253742218, 3.66547894478], [31.0636978149, -3.76591181755, 24.9934806824, 47.967540741, 24.4932937622, 8.19411945343, 13.7534227371, 9.94946479797, 8.84505558014, 3.14297199249, 27.253742218, 71.3676757812, 34.4435539246], [24.0789394379, -83.6069564819, 68.5288619995, 57.4441337585, 27.675907135, 20.8243484497, 3.36780619621, 23.4318237305, 2.18604373932, -8.92871189117, 3.66547894478, 34.4435539246, 82.0375366211]]
        icov: [[0.000475986191304, 0.000536484876648, 0.000654814008158, 0.000400910474127, 0.000211387668969, -0.000173514767084, -0.000320749037201, -7.2541544796e-05, -0.000193640662474, 0.000206301119761, 0.000609712791629, -0.000848563679028, -5.74131154281e-05], [0.000536484876648, 0.00129362277221, 0.00119730690494, 0.00032475288026, -1.08447638922e-05, 0.000392073445255, -0.000891209405381, -0.000822068599518, 0.00022333751258, -0.00044852407882, 0.00108770467341, -0.0012337139342, 0.000523487979081], [0.000654814008158, 0.00119730690494, 0.00291809113696, 0.000187817640835, 0.000103075864899, 2.60730557784e-05, 0.0004520045768, -0.00143311463762, -0.000231266545597, 0.000417140807258, -0.000959904224146, -0.000488205143483, -0.000892272684723], [0.000400910474127, 0.00032475288026, 0.000187817640835, 0.0036931282375, -0.000468750367872, -0.000530946766958, 0.00138156337198, 0.000124272453832, -0.00142628781032, 0.000721659045666, -0.00042275863234, -0.00175835017581, -0.00145520688966], [0.000211387668969, -1.08447638922e-05, 0.000103075864899, -0.000468750367872, 0.00823844783008, -0.000619739817921, 5.47342242498e-05, 0.00167100259569, -0.00323667330667, 0.00119181582704, -0.00153648806736, -0.000752566906158, -0.00233189947903], [-0.000173514767084, 0.000392073445255, 2.60730557784e-05, -0.000530946766958, -0.000619739817921, 0.00885510724038, -0.00329010793939, -0.00157972727902, 0.00268114497885, -0.00191728502978, -0.00239605852403, 0.00195581349544, -0.00164613628294], [-0.000320749037201, -0.000891209405381, 0.0004520045768, 0.00138156337198, 5.47342242498e-05, -0.00329010793939, 0.0118626477197, -0.00433531776071, 0.000185669880011, -2.72100623988e-06, -0.00165577733424, -0.0018253470771, 0.000244000926614], [-7.2541544796e-05, -0.000822068599518, -0.00143311463762, 0.000124272453832, 0.00167100259569, -0.00157972727902, -0.00433531776071, 0.0175653062761, -0.00835319235921, 0.00404202565551, -0.000631590024568, 0.00180402887054, -0.00477489829063], [-0.000193640662474, 0.00022333751258, -0.000231266545597, -0.00142628781032, -0.00323667330667, 0.00268114497885, 0.000185669880011, -0.00835319235921, 0.02423446998, -0.014648555778, 0.00562606053427, -0.00287928595208, 0.00298333936371], [0.000206301119761, -0.00044852407882, 0.000417140807258, 0.000721659045666, 0.00119181582704, -0.00191728502978, -2.72100623988e-06, 0.00404202565551, -0.014648555778, 0.0254464130849, -0.0141619471833, 0.0049591739662, -0.000730701431166], [0.000609712791629, 0.00108770467341, -0.000959904224146, -0.00042275863234, -0.00153648806736, -0.00239605852403, -0.00165577733424, -0.000631590024568, 0.00562606053427, -0.0141619471833, 0.0280087459832, -0.0117504484951, 0.00539308320731], [-0.000848563679028, -0.0012337139342, -0.000488205143483, -0.00175835017581, -0.000752566906158, 0.00195581349544, -0.0018253470771, 0.00180402887054, -0.00287928595208, 0.0049591739662, -0.0117504484951, 0.0249606724828, -0.00939041282982], [-5.74131154281e-05, 0.000523487979081, -0.000892272684723, -0.00145520688966, -0.00233189947903, -0.00164613628294, 0.000244000926614, -0.00477489829063, 0.00298333936371, -0.000730701431166, 0.00539308320731, -0.00939041282982, 0.0206051319838]]
    spectral_contrast:
        mean: [3.05508535803e-07, 9.13390820756e-08, 4.44377633357e-07, 1.68219870034e-07, 7.51836708446e-08, -3.34147244985e-07, 7.30643193947e-07, -1.86844579275e-06, 2.81965390059e-06, -9.40614086176e-07, 2.81906352484e-07, 1.32102786665e-06]
        var: [0.000535864208359, 0.000767362012994, 0.00124662998132, 0.00270249322057, 0.00436756294221, 0.00895411800593, 0.0614190213382, 0.114765666425, 0.171136260033, 0.395761460066, 0.906707406044, 2.67105460167]

rhythm:
    beats_loudness:
        dmean: 0.00387278781272
        dmean2: 0.00764969410375
        dvar: 1.21844750538e-05
        dvar2: 2.80434051092e-05
        max: 0.0122001450509
        mean: 0.00428668037057
        min: 0.000799409986939
        var: 1.10982264232e-05
    beats_loudness_bass:
        dmean: 0.144305497408
        dmean2: 0.238007992506
        dvar: 0.0300144348294
        dvar2: 0.0831013545394
        max: 0.624266266823
        mean: 0.13099232316
        min: 0.0026329678949
        var: 0.027839306742
    bpm: 158.566207886
    bpm_confidence: 0
    first_peak_bpm: 159
    first_peak_spread: 0
    first_peak_weight: 0.555555582047
    onset_rate: 5.19745445251
    second_peak_bpm: 79
    second_peak_spread: 0
    second_peak_weight: 0.388888895512
    beats_position: [0.143735170364, 0.90291684866, 1.66209852695, 2.42128014565, 3.18046164513, 3.93964314461, 4.69882488251, 5.45800638199, 6.0687251091, 6.44711589813, 6.825507164, 7.20389890671, 7.5822892189, 7.96068000793, 8.3390712738, 8.71746253967, 9.09585380554, 9.47424411774, 9.85263633728]
    bpm_estimates: [158.697113037, 158.57484436, 158.426620483]
    bpm_intervals: [0.759181678295, 0.759181678295, 0.75918161869, 0.759181499481, 0.759181499481, 0.7591817379, 0.759181499481, 0.610718727112, 0.378390789032, 0.378391265869, 0.378391742706, 0.378390312195, 0.378390789032, 0.378391265869, 0.378391265869, 0.378391265869, 0.378390312195, 0.378392219543]
    onset_times: [0.0580498874187, 0.162539675832, 0.441179126501, 0.522448956966, 0.731428563595, 0.859138309956, 1.09133791924, 1.28870749474, 1.49768710136, 1.66022670269, 1.86920630932, 2.02013611794, 2.24072551727, 2.4497051239, 2.62385487556, 2.79800462723, 3.21596360207, 3.35528349876, 3.5178232193, 3.59909296036, 3.78485250473, 3.90095233917, 3.97061228752, 4.15637207031, 4.33052158356, 4.7020406723, 4.96907043457, 5.08517026901, 5.28253984451, 5.38702964783, 5.64244890213, 5.83981847763, 6.22294807434, 6.51319742203, 6.60607719421, 6.80344676971, 6.90793657303, 7.18657588959, 7.36072540283, 7.74385499954, 7.95283460617, 8.103764534, 8.24308395386, 8.54494285583, 8.70748329163, 8.88163280487, 9.18349170685, 9.29959201813, 9.46213150024, 9.58984088898, 9.682721138, 9.81043052673]
    rubato_start: [6.44711589813]
    rubato_stop: [9.85263633728]
    perceptual_tempo: "unknown"

sfx:
    inharmonicity:
        dmean: 0.0310930795968
        dmean2: 0.0549299493432
        dvar: 0.00144932547119
        dvar2: 0.00411916710436
        max: 0.26313495636
        mean: 0.0314736478031
        min: 1.08011981865e-05
        var: 0.00136643520091
    oddtoevenharmonicenergyratio:
        dmean: 2.16411495209
        dmean2: 3.93751168251
        dvar: 41.7074317932
        dvar2: 111.215515137
        max: 71.4850082397
        mean: 1.46327733994
        min: 2.30075402214e-05
        var: 26.6503925323
    pitch_after_max_to_before_max_energy_ratio: 37.6937637329
    pitch_centroid: 201.425186157
    pitch_max_to_total: 0
    pitch_min_to_total: 0.664335668087
    tristimulus:
        dmean: [0.243026062846, 0.240041539073, 0.107756718993]
        dmean2: [0.423600435257, 0.421747416258, 0.189285650849]
        dvar: [0.0370521470904, 0.0363587476313, 0.0159974694252]
        dvar2: [0.104144595563, 0.0991546586156, 0.0439867414534]
        max: [0.989415228367, 0.948617875576, 0.667389810085]
        mean: [0.455696165562, 0.378786563873, 0.118817351758]
        min: [0.00879132654518, 0, 0]
        var: [0.0609062053263, 0.054211974144, 0.0170327313244]

tonal:
    chords_changes_rate: 0.0925925895572
    chords_number_rate: 0.0324074067175
    chords_strength:
        dmean: 0.00801531691104
        dmean2: 0.00898217689246
        dvar: 4.5089807827e-05
        dvar2: 7.16913200449e-05
        max: 0.603256523609
        mean: 0.484347730875
        min: 0.304853618145
        var: 0.00656528770924
    key_strength: 0.5168582201
    tuning_diatonic_strength: 0.452443599701
    tuning_equal_tempered_deviation: 0.0905139446259
    tuning_frequency: 441.272583008
    tuning_nontempered_energy_ratio: 0.711722135544
    hpcp:
        dmean: [0.14717939496, 0.19945473969, 0.229414716363, 0.223159223795, 0.192231118679, 0.125848039985, 0.110231056809, 0.152962952852, 0.234682023525, 0.24971164763, 0.205670207739, 0.104541562498, 0.0929862335324, 0.0885237902403, 0.104514151812, 0.134309887886, 0.117759861052, 0.121129378676, 0.134518146515, 0.103226624429, 0.0820589736104, 0.0777525678277, 0.0673181563616, 0.0809578895569, 0.0772144794464, 0.0722716152668, 0.0964897498488, 0.107263833284, 0.146927729249, 0.205076560378, 0.192178621888, 0.155259490013, 0.132875472307, 0.139101266861, 0.139826804399, 0.147186860442]
        dmean2: [0.254714459181, 0.351532101631, 0.383990168571, 0.374971628189, 0.327156662941, 0.222719758749, 0.190940618515, 0.261913180351, 0.383100748062, 0.424038231373, 0.359180241823, 0.172361791134, 0.149163350463, 0.158448010683, 0.182835742831, 0.235220298171, 0.186048418283, 0.197404026985, 0.233988150954, 0.186008810997, 0.147741660476, 0.139430508018, 0.123369701207, 0.142262160778, 0.134201049805, 0.123760871589, 0.169386073947, 0.188810527325, 0.256190389395, 0.354766845703, 0.343136131763, 0.271226197481, 0.243578210473, 0.256185650826, 0.249709054828, 0.274332165718]
        dvar: [0.0448472574353, 0.0676371157169, 0.0626067593694, 0.0703867599368, 0.0529141537845, 0.0410221293569, 0.0348160900176, 0.0446423068643, 0.0530282706022, 0.064403295517, 0.0566472858191, 0.0200946182013, 0.0227300096303, 0.0222227014601, 0.023430744186, 0.0422245301306, 0.0242173597217, 0.0255766939372, 0.0298774950206, 0.026857143268, 0.0231244824827, 0.0206644497812, 0.017486365512, 0.0183926895261, 0.0196390412748, 0.0146668404341, 0.0277767330408, 0.0373913161457, 0.0372527129948, 0.0599478594959, 0.054176222533, 0.0447343736887, 0.0530665405095, 0.0508942976594, 0.0519914068282, 0.0596386604011]
        dvar2: [0.112658470869, 0.177883341908, 0.166632547975, 0.153493791819, 0.128135159612, 0.103742182255, 0.080573156476, 0.112849190831, 0.135204657912, 0.160643741488, 0.151447057724, 0.051069714129, 0.0541770271957, 0.0611952096224, 0.0648460835218, 0.105281867087, 0.0557350069284, 0.0588700808585, 0.0795505195856, 0.0783609822392, 0.0655416846275, 0.0579769313335, 0.0530343130231, 0.0541558749974, 0.0510226041079, 0.0365625247359, 0.0750914141536, 0.0905526950955, 0.100966006517, 0.161610618234, 0.127876073122, 0.127815574408, 0.156539395452, 0.148100927472, 0.139772936702, 0.155934378505]
        max: [1, 1, 1, 1, 1, 1, 1, 1, 1, 1, 1, 1, 1, 1, 1, 1, 1, 1, 1, 1, 0.867978811264, 1, 0.749485492706, 1, 1, 0.722345769405, 1, 1, 1, 1, 1, 1, 1, 1, 1, 1]
        mean: [0.148168280721, 0.197702810168, 0.310437142849, 0.392379760742, 0.255428850651, 0.11499120295, 0.106274910271, 0.148472338915, 0.315186858177, 0.398575037718, 0.230445593596, 0.104083649814, 0.10464809835, 0.0916576310992, 0.137131020427, 0.187228217721, 0.150051370263, 0.169167250395, 0.175210341811, 0.100084714592, 0.0702019482851, 0.0704648867249, 0.0614632889628, 0.0831426307559, 0.0940517410636, 0.0774623453617, 0.0885455086827, 0.107553817332, 0.134597107768, 0.287868708372, 0.353616684675, 0.197293668985, 0.102407090366, 0.105824425817, 0.112101450562, 0.116014510393]
        min: [0.000292266951874, 0.00120290543418, 0.00112711463589, 0.00140171707608, 0.00144304451533, 0.000368324341252, 0.000267347350018, 0.000431548862252, 0.000895581033546, 0.000737173482776, 0.000420576805482, 0.000621009909082, 0.000412873050664, 0.000462938245619, 0.000960623438004, 0.000843776855618, 0.00106005475391, 0.00168853066862, 0.000440064817667, 0.000712867244147, 0.000953326700255, 0.000459879665868, 0.0007201427361, 0.00218599080108, 0.00176870147698, 0.000585187925026, 0.000256552390056, 0.000272810837487, 0.000305333407596, 0.000701597309671, 0.000879845174495, 0.000281747401459, 0.000248799740802, 0.000299431412714, 0.000202616181923, 0.000188155725482]
        var: [0.0478754453361, 0.068530805409, 0.0919380560517, 0.149612501264, 0.0755423232913, 0.0367459990084, 0.0382203087211, 0.0463224351406, 0.0836391970515, 0.107420310378, 0.0568324252963, 0.0227812658995, 0.0327316448092, 0.0224859733135, 0.0314427055418, 0.0692834034562, 0.0366753190756, 0.0436370782554, 0.0465418100357, 0.0207575280219, 0.0158391762525, 0.0148744275793, 0.0118735721335, 0.0149356592447, 0.0189101900905, 0.0149069679901, 0.0235270522535, 0.0343271195889, 0.0359987616539, 0.094348654151, 0.134810626507, 0.0516101457179, 0.0355768166482, 0.0356156602502, 0.0415390096605, 0.0442989729345]
    chords_histogram: [15.2777776718, 21.2962970734, 0, 0, 0, 0, 7.87037038803, 0, 0, 0.925925910473, 2.77777767181, 0, 0, 0, 0, 0, 0, 2.31481480598, 0, 10.1851854324, 0, 0, 0.462962955236, 38.8888893127]
    thpcp: [1, 0.578173696995, 0.261139422655, 0.26255556941, 0.229963302612, 0.344053208828, 0.469743967056, 0.376469552517, 0.424430131912, 0.439591854811, 0.251106321812, 0.176132321358, 0.176792025566, 0.154207572341, 0.208599686623, 0.235969975591, 0.194348216057, 0.222155183554, 0.269845843315, 0.337695777416, 0.722244679928, 0.887202262878, 0.494997560978, 0.256933033466, 0.265506893396, 0.281255573034, 0.291073203087, 0.371745020151, 0.49602407217, 0.778867483139, 0.984456419945, 0.640855133533, 0.288505792618, 0.266637146473, 0.372507870197, 0.790784239769]
    chords_key: "C"
    chords_scale: "minor"
    key_key: "D#"
    key_scale: "major"
    chords_progression: ["Gm", "Gm", "Gm", "Gm", "Gm", "Gm", "Gm", "Gm", "Gm", "Gm", "Gm", "Gm", "Gm", "Gm", "Gm", "Gm", "Gm", "Gm", "Gm", "Gm", "Gm", "Gm", "Gm", "Gm", "Gm", "Gm", "Gm", "Gm", "Gm", "Gm", "Gm", "Gm", "Gm", "Gm", "Gm", "Gm", "Gm", "Gm", "Gm", "Gm", "Gm", "Gm", "Gm", "Gm", "Gm", "Gm", "Bm", "D", "D", "D", "D", "D", "Bm", "D", "D#", "D#", "D#", "D#", "D#", "D#", "D#", "D#", "D#", "D#", "D#", "Cm", "D#m", "D#m", "D#m", "D#m", "D#m", "G#", "Cm", "D#", "D#", "D#", "D#", "D#", "D#", "D#", "D#", "D#", "D#", "D#", "D#", "D#", "D#", "D#", "D#", "D#", "D#", "D#", "D#", "D#", "D#", "Cm", "Cm", "Cm", "Cm", "Cm", "Cm", "Cm", "Cm", "Cm", "Cm", "Cm", "Cm", "Cm", "Cm", "Cm", "Cm", "Cm", "Cm", "Cm", "Cm", "Cm", "Cm", "Cm", "Cm", "Cm", "Cm", "Cm", "Cm", "Cm", "Cm", "C", "C", "C", "C", "C", "C", "C", "C", "Cm", "C", "C", "C", "C", "Cm", "Cm", "C", "C", "Cm", "Cm", "Cm", "Cm", "Cm", "Cm", "Cm", "Cm", "Cm", "Cm", "Cm", "Cm", "C", "C", "C", "Cm", "Cm", "Cm", "Cm", "Cm", "Cm", "Cm", "Cm", "Cm", "Cm", "Cm", "Cm", "Cm", "Cm", "Cm", "Cm", "Cm", "Cm", "Cm", "Cm", "Cm", "Cm", "Cm", "Cm", "Cm", "Cm", "Cm", "Cm", "Cm", "Cm", "Cm", "Cm", "Cm", "Cm", "Cm", "Cm", "Cm", "A#m", "A#m", "A#m", "A#m", "A#m", "A#m", "A#m", "A#m", "A#m", "A#m", "A#m", "A#m", "A#m", "A#m", "A#m", "A#m", "A#m", "A#m", "A#m", "A#m", "A#m", "A#m"]
