
metadata:
    version:
        essentia: "1.2.2"
    audio_properties:
        analysis_sample_rate: 44100
        bitrate: 128
        channels: 2
        equal_loudness: 1
        length: 10.0571432114
        replay_gain: -11.1746044159
        downmix: "mix"
    tags:
        track: 6
        year: 0
        album: "Splitted by Mp3Splt v. 2.1"
        artist: "From 000.50 To 001.00"
        comment: "http://mp3splt.sf.net"
        genre: ""
        title: "09 Boys Better - Dandy Warhols"

highlevel:
    ballroom:
        all:
            ChaChaCha: 0.0482477284968
            Jive: 0.648980140686
            Quickstep: 0.0583931356668
            Rumba-American: 0.00343097024597
            Rumba-International: 0.00600095652044
            Rumba-Misc: 0.0109231099486
            Samba: 0.0248572230339
            Tango: 0.00964164640754
            VienneseWaltz: 0.177336484194
            Waltz: 0.0121886273846
        probability: 0.648980140686
        value: "Jive"
    culture:
        all:
            non_western: 0.126167908311
            western: 0.87383210659
        probability: 0.87383210659
        value: "western"
    gender:
        all:
            female: 0.0970409959555
            male: 0.902958989143
        probability: 0.902958989143
        value: "male"
    genre_dortmund:
        all:
            alternative: 0.0903648287058
            blues: 0.00486971857026
            electronic: 0.0170153621584
            folkcountry: 0.027961909771
            funksoulrnb: 0.00613137148321
            jazz: 0.00383764854632
            pop: 0.0910323709249
            raphiphop: 0.000712042558007
            rock: 0.758074760437
        probability: 0.758074760437
        value: "rock"
    genre_electronica:
        all:
            ambient: 0.288679540157
            dnb: 0.147728100419
            house: 0.00298104505055
            techno: 0.00649472977966
            trance: 0.554116606712
        probability: 0.554116606712
        value: "trance"
    genre_rosamerica:
        all:
            cla: 0.00632986659184
            dan: 0.0012089869706
            hip: 0.000614606891759
            jaz: 0.000280653359368
            pop: 0.0030049579218
            rhy: 0.000798957189545
            roc: 0.987331032753
            spe: 0.000430937361671
        probability: 0.987331032753
        value: "roc"
    genre_tzanetakis:
        all:
            blu: 0.0109298862517
            cla: 0.0839942097664
            cou: 0.254717051983
            dis: 0.0206674300134
            hip: 0.00577972177416
            jaz: 0.0152441905811
            met: 0.043747831136
            pop: 0.0272528044879
            reg: 0.00568633759394
            roc: 0.531980514526
        probability: 0.531980514526
        value: "roc"
    live_studio:
        all:
            live: 0.565809965134
            studio: 0.434190005064
        probability: 0.565809965134
        value: "live"
    mood:
        all:
            Cluster1: 0.376064896584
            Cluster2: 0.0548236779869
            Cluster3: 0.0678689107299
            Cluster4: 0.0450102128088
            Cluster5: 0.456232309341
        probability: 0.456232309341
        value: "Cluster5"
    mood_acoustic:
        all:
            acoustic: 0.00861973315477
            not_acoustic: 0.991380274296
        probability: 0.991380274296
        value: "not_acoustic"
    mood_aggressive:
        all:
            aggressive: 0.964327514172
            not_aggressive: 0.0356725081801
        probability: 0.964327514172
        value: "aggressive"
    mood_electronic:
        all:
            electronic: 0.0618375577033
            not_electronic: 0.938162446022
        probability: 0.938162446022
        value: "not_electronic"
    mood_happy:
        all:
            happy: 0.741282343864
            not_happy: 0.258717656136
        probability: 0.741282343864
        value: "happy"
    mood_party:
        all:
            not_party: 0.600552499294
            party: 0.399447470903
        probability: 0.600552499294
        value: "not_party"
    mood_relaxed:
        all:
            not_relaxed: 0.924131810665
            relaxed: 0.0758681744337
        probability: 0.924131810665
        value: "not_relaxed"
    mood_sad:
        all:
            not_sad: 0.876628518105
            sad: 0.123371481895
        probability: 0.876628518105
        value: "not_sad"
    rhythm:
        all:
            fast: 0.51887178421
            medium: 0.359024912119
            slow: 0.122103311121
        probability: 0.51887178421
        value: "fast"
    speech_music:
        all:
            music: 0.999690890312
            speech: 0.00030913867522
        probability: 0.999690890312
        value: "music"
    timbre:
        all:
            bright: 0.966224074364
            dark: 0.033775895834
        probability: 0.966224074364
        value: "bright"
    voice_instrumental:
        all:
            instrumental: 0.360201746225
            voice: 0.639798223972
        probability: 0.639798223972
        value: "voice"

lowlevel:
    average_loudness: 0.983575046062
    barkbands_kurtosis:
        dmean: 0.303121656179
        dmean2: 0.502337276936
        dvar: 0.103647753596
        dvar2: 0.268384903669
        max: 0.759819030762
        mean: -1.10408401489
        min: -1.68990206718
        var: 0.186910971999
    barkbands_skewness:
        dmean: 0.300732433796
        dmean2: 0.48814240098
        dvar: 0.0693126097322
        dvar2: 0.17995865643
        max: 1.14457261562
        mean: -0.00429134536535
        min: -1.30390965939
        var: 0.177919596434
    barkbands_spread:
        dmean: 3.59618711472
        dmean2: 5.8841085434
        dvar: 9.82946586609
        dvar2: 25.2968997955
        max: 49.9677581787
        mean: 29.036441803
        min: 12.9716501236
        var: 35.0285987854
    dissonance:
        dmean: 0.0165287274867
        dmean2: 0.0269947387278
        dvar: 0.000601129664574
        dvar2: 0.000794360472355
        max: 0.498689502478
        mean: 0.469503343105
        min: 3.74953415303e-05
        var: 0.000857350765727
    hfc:
        dmean: 1.78689289093
        dmean2: 2.65734982491
        dvar: 3.15938782692
        dvar2: 5.9943561554
        max: 27.3921775818
        mean: 9.5947303772
        min: 6.53804727335e-06
        var: 10.7329788208
    pitch:
        dmean: 216.534744263
        dmean2: 399.840545654
        dvar: 302582.84375
        dvar2: 860291.25
        max: 3675
        mean: 316.812683105
        min: 74.3676223755
        var: 186330.375
    pitch_instantaneous_confidence:
        dmean: 0.0747586786747
        dmean2: 0.123613245785
        dvar: 0.00428252480924
        dvar2: 0.00947499461472
        max: 0.707119703293
        mean: 0.356808781624
        min: 0.153802990913
        var: 0.012810475193
    pitch_salience:
        dmean: 0.0466044135392
        dmean2: 0.0761063694954
        dvar: 0.0015967071522
        dvar2: 0.00360041228123
        max: 0.951536893845
        mean: 0.668269991875
        min: 0.446822345257
        var: 0.00443032337353
    silence_rate_20dB:
        dmean: 0
        dmean2: 0
        dvar: 0
        dvar2: 0
        max: 1
        mean: 1
        min: 1
        var: 0
    silence_rate_30dB:
        dmean: 0
        dmean2: 0
        dvar: 0
        dvar2: 0
        max: 1
        mean: 1
        min: 1
        var: 0
    silence_rate_60dB:
        dmean: 0.0368663594127
        dmean2: 0.0715935304761
        dvar: 0.0355071462691
        dvar2: 0.0757056772709
        max: 1
        mean: 0.0413793101907
        min: 0
        var: 0.0396671593189
    spectral_centroid:
        dmean: 185.131500244
        dmean2: 305.010772705
        dvar: 26025.2734375
        dvar2: 64191.4960938
        max: 2690.37036133
        mean: 1580.6661377
        min: 922.382446289
        var: 71460.7734375
    spectral_complexity:
        dmean: 3.46882224083
        dmean2: 5.44907426834
        dvar: 11.1081466675
        dvar2: 21.8168544769
        max: 40
        mean: 22.958524704
        min: 0
        var: 28.915353775
    spectral_crest:
        dmean: 1.5431343317
        dmean2: 2.49871873856
        dvar: 2.32177066803
        dvar2: 6.5040564537
        max: 14.3293352127
        mean: 5.31960582733
        min: 2.37685680389
        var: 3.95688986778
    spectral_decrease:
        dmean: 3.00489411131e-10
        dmean2: 4.85577134057e-10
        dvar: 1.09521013698e-19
        dvar2: 2.67934269411e-19
        max: -8.12131854635e-16
        mean: -1.40452338648e-09
        min: -3.20272852683e-09
        var: 2.47372032798e-19
    spectral_energy:
        dmean: 0.0012625582749
        dmean2: 0.00201914948411
        dvar: 1.85563612831e-06
        dvar2: 4.40469921159e-06
        max: 0.0137686850503
        mean: 0.00617126282305
        min: 3.65819019521e-09
        var: 4.4851635721e-06
    spectral_energyband_high:
        dmean: 8.90365772648e-05
        dmean2: 0.000137130045914
        dvar: 1.50910874908e-08
        dvar2: 3.66032750776e-08
        max: 0.00181442091707
        mean: 0.000247885443969
        min: 3.95195653979e-10
        var: 3.05158920355e-08
    spectral_energyband_low:
        dmean: 8.5333478637e-05
        dmean2: 0.000152254724526
        dvar: 4.34805542682e-08
        dvar2: 1.2406103167e-07
        max: 0.001572587993
        mean: 0.00016303161101
        min: 2.08211697883e-10
        var: 3.16238768505e-08
    spectral_energyband_middle_high:
        dmean: 0.000693913199939
        dmean2: 0.00108662317507
        dvar: 4.31643314869e-07
        dvar2: 9.78578441391e-07
        max: 0.00692827859893
        mean: 0.00325961154886
        min: 1.63300328815e-09
        var: 1.52180621171e-06
    spectral_energyband_middle_low:
        dmean: 0.000921631290112
        dmean2: 0.00152242835611
        dvar: 1.21975756429e-06
        dvar2: 3.39392613569e-06
        max: 0.00844834186137
        mean: 0.0025007002987
        min: 1.38398204008e-09
        var: 1.9369877009e-06
    spectral_flatness_db:
        dmean: 0.0120117925107
        dmean2: 0.0186862256378
        dvar: 0.000110813285573
        dvar2: 0.00021749107691
        max: 0.187601655722
        mean: 0.131066843867
        min: 0.0448330007493
        var: 0.000397361262003
    spectral_flux:
        dmean: 0.0077726142481
        dmean2: 0.011344788596
        dvar: 5.5076492572e-05
        dvar2: 0.000103389225842
        max: 0.0892424434423
        mean: 0.0437272116542
        min: 6.04829729127e-05
        var: 0.000169244303834
    spectral_kurtosis:
        dmean: 1.01071369648
        dmean2: 1.61538255215
        dvar: 1.01485729218
        dvar2: 2.70200610161
        max: 17.1512088776
        mean: 5.27707576752
        min: 1.09522008896
        var: 2.85879015923
    spectral_rms:
        dmean: 0.000249037198955
        dmean2: 0.000386661646189
        dvar: 7.20504829133e-08
        dvar2: 1.40734456977e-07
        max: 0.0036650870461
        mean: 0.00241385051049
        min: 1.88917078958e-06
        var: 1.940690737e-07
    spectral_rolloff:
        dmean: 285.15322876
        dmean2: 486.191436768
        dvar: 68024.390625
        dvar2: 177294.1875
        max: 4005.17578125
        mean: 3074.83398438
        min: 1873.38867188
        var: 178557.703125
    spectral_skewness:
        dmean: 0.136877611279
        dmean2: 0.209567144513
        dvar: 0.0156676471233
        dvar2: 0.0356483161449
        max: 3.49958586693
        mean: 1.71342909336
        min: 1.06327223778
        var: 0.0623116716743
    spectral_spread:
        dmean: 503276.375
        dmean2: 601232.4375
        dvar: 894663917568
        dvar2: 916784218112
        max: 23717146
        mean: 4292634
        min: 2521420.5
        var: 1.82751802163e+12
    spectral_strongpeak:
        dmean: 0.510099947453
        dmean2: 0.885892808437
        dvar: 0.424682438374
        dvar2: 1.01820874214
        max: 3.92929697037
        mean: 0.775820493698
        min: 0
        var: 0.594645678997
    zerocrossingrate:
        dmean: 0.00596650363877
        dmean2: 0.00747567648068
        dvar: 3.28214737237e-05
        dvar2: 4.84632619191e-05
        max: 0.13232421875
        mean: 0.0892474651337
        min: 0.0068359375
        var: 0.000173453809111
    barkbands:
        dmean: [4.34597751564e-07, 4.75592933071e-05, 4.65944358439e-05, 0.000154084395035, 0.000215667969314, 0.000184779884876, 0.000219158464461, 0.000384694081731, 0.000313199241646, 0.000220343019464, 9.22579420148e-05, 8.51057702675e-05, 8.54267927934e-05, 0.0001652022911, 0.000175172797753, 0.000162573778653, 0.000205350952456, 0.000122124838526, 0.000158489157911, 0.000135297246743, 3.18228048855e-05, 9.82555684459e-06, 2.9134248507e-06, 1.76335618107e-06, 1.39454630244e-06, 9.62055182185e-08, 5.14580655864e-10]
        dmean2: [6.51123002626e-07, 8.51251170388e-05, 8.44635578687e-05, 0.000239329601754, 0.000353351060767, 0.000306216796162, 0.000368205859559, 0.000632477574982, 0.000524331757333, 0.000354632473318, 0.000148484366946, 0.000134437985253, 0.000133430366986, 0.000271444878308, 0.000287031172775, 0.000262953224592, 0.000340984988725, 0.000195025189896, 0.000257045845501, 0.00021357552032, 5.00029600516e-05, 1.54224544531e-05, 4.29883630204e-06, 2.39850282924e-06, 1.90179514448e-06, 1.2630027868e-07, 8.0976092498e-10]
        dvar: [2.27052361287e-12, 1.78428116726e-08, 9.52737799764e-09, 3.90542318485e-08, 1.05735651346e-07, 9.06399577616e-08, 1.29224517309e-07, 4.0106502297e-07, 2.85556836843e-07, 1.60622008138e-07, 1.13407940816e-08, 2.04469632337e-08, 3.58025857849e-08, 6.925494489e-08, 5.19346734507e-08, 3.50902986668e-08, 4.35630482798e-08, 2.04326404685e-08, 2.21346407869e-08, 2.91731154789e-08, 1.54913792905e-09, 1.39679115496e-10, 2.66116156888e-11, 6.5650913525e-12, 2.10492335367e-11, 3.06135562592e-14, 2.8172003565e-18]
        dvar2: [5.57400436571e-12, 5.08885626971e-08, 2.80690528598e-08, 1.09628409461e-07, 2.74548938251e-07, 2.32264994793e-07, 3.60350469464e-07, 1.04847003968e-06, 8.21550713681e-07, 4.77429864532e-07, 2.84614838364e-08, 5.29524939452e-08, 7.37022602948e-08, 1.82195833531e-07, 1.45415043562e-07, 7.89332545992e-08, 1.08232519835e-07, 4.04583566649e-08, 5.26406012114e-08, 5.95416125293e-08, 3.52400464365e-09, 3.44229061922e-10, 6.31803429019e-11, 1.3529012112e-11, 5.29229611523e-11, 6.74001395602e-14, 7.07256546372e-18]
        max: [1.99576988962e-05, 0.00102808559313, 0.000611657800619, 0.00212843948975, 0.00258391955867, 0.00302809011191, 0.00261583342217, 0.00495315436274, 0.00589869311079, 0.0036762105301, 0.00122300791554, 0.002116933465, 0.00264914706349, 0.00307880202308, 0.00240727351047, 0.00327352131717, 0.00250517367385, 0.00175471359398, 0.00141505652573, 0.0025483390782, 0.000480423914269, 0.000123920137412, 6.23442465439e-05, 2.79130890704e-05, 7.87173921708e-05, 2.52126233136e-06, 2.40470985347e-08]
        mean: [5.40244229796e-07, 8.06548778201e-05, 8.18774351501e-05, 0.000372062291717, 0.000352087896317, 0.000337747071171, 0.00034824735485, 0.000523722497746, 0.0005224114866, 0.000346979446476, 0.000147542974446, 0.00014680348977, 0.000143360201037, 0.000299818289932, 0.000332696479745, 0.000374765193556, 0.000495239102747, 0.00030863378197, 0.00050181261031, 0.000332820520271, 8.80369771039e-05, 2.09524023376e-05, 6.09717471889e-06, 3.95204006054e-06, 2.24922223424e-06, 1.58226868052e-07, 5.89454818289e-10]
        min: [6.89842488688e-11, 1.03873923352e-10, 6.98531232857e-11, 7.16135206691e-11, 1.9760240666e-10, 2.1356517943e-10, 1.84096668465e-10, 1.88395188339e-10, 4.55808946143e-10, 4.20088408504e-10, 1.34703109778e-10, 2.92941851332e-11, 2.11265657746e-10, 8.53699402836e-11, 2.66740275701e-11, 1.34859241829e-11, 1.26696930725e-10, 4.90069616832e-11, 5.68071922835e-10, 1.51279683225e-10, 1.9803206297e-10, 1.62729343889e-11, 1.95117064866e-11, 1.78513991783e-11, 1.70520004367e-11, 8.62387244949e-12, 1.35938881137e-13]
        var: [1.57124454506e-12, 1.1139240641e-08, 9.3450340799e-09, 8.15223941686e-08, 1.49834392005e-07, 1.32230482564e-07, 1.38628152513e-07, 5.05477828483e-07, 3.80294665092e-07, 2.75457864518e-07, 2.05263610553e-08, 4.41102905313e-08, 5.72463427773e-08, 1.46910096532e-07, 1.02532531798e-07, 9.55546823889e-08, 8.80479120724e-08, 4.44472583183e-08, 4.93038392335e-08, 7.03137033042e-08, 4.29651958456e-09, 3.43881118026e-10, 5.59699925295e-11, 1.98229228171e-11, 2.01190487881e-11, 4.67506181066e-14, 1.67404409118e-18]
    mfcc:
        mean: [-676.840270996, 122.742340088, -63.087474823, 43.0962600708, -10.9970283508, -15.3177270889, -2.36867856979, -7.78773641586, 2.4387114048, 3.04387378693, -4.53944778442, -4.99402093887, -6.21838283539]
        cov: [[2395.42504883, -217.065155029, 109.482292175, -121.577415466, 19.5842094421, -8.46208190918, -93.5520782471, -43.107624054, -40.6023712158, -9.14763641357, -32.4343032837, -29.7449893951, -16.8513011932], [-217.065155029, 356.294342041, -183.535980225, 59.095867157, -51.5695991516, -7.26280784607, 43.6958389282, 10.0529708862, 28.0304088593, -5.91614246368, 8.68943023682, 2.50844550133, 0.685938298702], [109.482292175, -183.535980225, 202.630233765, -38.4559211731, 11.6075782776, -8.52767562866, -27.9489116669, -5.82903385162, -27.3027591705, -11.3142747879, -0.820146918297, 2.16168689728, 5.49807739258], [-121.577415466, 59.095867157, -38.4559211731, 159.14491272, 18.6288547516, 5.22338581085, -17.1667747498, -7.23501396179, 3.47515511513, -23.7408447266, -6.05480909348, 5.0767865181, 14.3905620575], [19.5842094421, -51.5695991516, 11.6075782776, 18.6288547516, 66.1774978638, 4.01603269577, -16.6812362671, -11.2623529434, 1.26027274132, 9.17639064789, -2.65972328186, -2.01674485207, 4.31460523605], [-8.46208190918, -7.26280784607, -8.52767562866, 5.22338581085, 4.01603269577, 61.6221885681, 21.1037826538, -0.583550691605, 0.0587780289352, -9.54766845703, 9.8851480484, -3.79493236542, 6.0348815918], [-93.5520782471, 43.6958389282, -27.9489116669, -17.1667747498, -16.6812362671, 21.1037826538, 62.4197883606, 14.399846077, 4.8467912674, -8.16892814636, 7.64236307144, -6.74623012543, -0.834928154945], [-43.107624054, 10.0529708862, -5.82903385162, -7.23501396179, -11.2623529434, -0.583550691605, 14.399846077, 50.2364997864, 11.7259874344, -2.87898492813, -7.64495754242, -0.316080570221, -4.93601322174], [-40.6023712158, 28.0304088593, -27.3027591705, 3.47515511513, 1.26027274132, 0.0587780289352, 4.8467912674, 11.7259874344, 55.559009552, 15.4176483154, 3.51535797119, -5.98646831512, 4.34964752197], [-9.14763641357, -5.91614246368, -11.3142747879, -23.7408447266, 9.17639064789, -9.54766845703, -8.16892814636, -2.87898492813, 15.4176483154, 59.4177017212, 11.4520645142, 3.04034352303, -7.33599376678], [-32.4343032837, 8.68943023682, -0.820146918297, -6.05480909348, -2.65972328186, 9.8851480484, 7.64236307144, -7.64495754242, 3.51535797119, 11.4520645142, 49.9258460999, 9.49517250061, 3.88801813126], [-29.7449893951, 2.50844550133, 2.16168689728, 5.0767865181, -2.01674485207, -3.79493236542, -6.74623012543, -0.316080570221, -5.98646831512, 3.04034352303, 9.49517250061, 37.23204422, 7.51670408249], [-16.8513011932, 0.685938298702, 5.49807739258, 14.3905620575, 4.31460523605, 6.0348815918, -0.834928154945, -4.93601322174, 4.34964752197, -7.33599376678, 3.88801813126, 7.51670408249, 37.3948326111]]
        icov: [[0.000501724425703, 0.000160896306625, 0.00012091681856, 0.000498153560329, 6.92665416864e-05, -0.000204302283237, 0.000924627180211, 0.000252020283369, 0.000116714945761, 0.000340036989655, 0.000132611356094, 0.000415045273257, 4.84652955492e-05], [0.000160896306625, 0.00711048487574, 0.00551366480067, -0.00183140218724, 0.00428079953417, 0.00271639809944, -0.00242511322722, 0.000787989469245, -0.000843202578835, 0.000902435102034, -0.00115613336675, -0.000133313515107, -0.000624124251772], [0.00012091681856, 0.00551366480067, 0.0107412040234, 0.000985397957265, 0.00196506036445, 0.00236876960844, 0.00174997700378, -0.000476329092635, 0.00200859527104, 0.00286300759763, -0.00204557389952, 0.000690314278472, -0.00223597558215], [0.000498153560329, -0.00183140218724, 0.000985397957265, 0.00952053349465, -0.00353655125946, -0.00152256363072, 0.0051488080062, 0.000270985154202, -0.000517295207828, 0.00479344744235, 0.000336349272402, -0.000465341901872, -0.0016869767569], [6.92665416864e-05, 0.00428079953417, 0.00196506036445, -0.00353655125946, 0.0209747310728, -0.00145444786176, 0.00196348503232, 0.00302724796347, -0.000837125175167, -0.0040078968741, 0.00126310088672, 0.00175664841663, -0.00189048738685], [-0.000204302283237, 0.00271639809944, 0.00236876960844, -0.00152256363072, -0.00145444786176, 0.0214945301414, -0.00831086561084, 0.000861892593093, 0.000113436188258, 0.0030962517485, -0.00453680474311, 0.0017783442745, -0.00256861257367], [0.000924627180211, -0.00242511322722, 0.00174997700378, 0.0051488080062, 0.00196348503232, -0.00831086561084, 0.0274730976671, -0.00587267801166, 0.000910164148081, 0.00425332179293, -0.00364201236516, 0.00516621442512, -0.000755892542657], [0.000252020283369, 0.000787989469245, -0.000476329092635, 0.000270985154202, 0.00302724796347, 0.000861892593093, -0.00587267801166, 0.0252182967961, -0.0068950522691, 0.00169487297535, 0.00531854946166, -0.00389829976484, 0.0041392291896], [0.000116714945761, -0.000843202578835, 0.00200859527104, -0.000517295207828, -0.000837125175167, 0.000113436188258, 0.000910164148081, -0.0068950522691, 0.0241224169731, -0.00691665383056, -0.0019128122367, 0.00633464427665, -0.00607688352466], [0.000340036989655, 0.000902435102034, 0.00286300759763, 0.00479344744235, -0.0040078968741, 0.0030962517485, 0.00425332179293, 0.00169487297535, -0.00691665383056, 0.0248296521604, -0.00565733993426, -0.00241179391742, 0.00490103755146], [0.000132611356094, -0.00115613336675, -0.00204557389952, 0.000336349272402, 0.00126310088672, -0.00453680474311, -0.00364201236516, 0.00531854946166, -0.0019128122367, -0.00565733993426, 0.0254698749632, -0.00695626903325, -0.000677798991092], [0.000415045273257, -0.000133313515107, 0.000690314278472, -0.000465341901872, 0.00175664841663, 0.0017783442745, 0.00516621442512, -0.00389829976484, 0.00633464427665, -0.00241179391742, -0.00695626903325, 0.0329525023699, -0.00773229403421], [4.84652955492e-05, -0.000624124251772, -0.00223597558215, -0.0016869767569, -0.00189048738685, -0.00256861257367, -0.000755892542657, 0.0041392291896, -0.00607688352466, 0.00490103755146, -0.000677798991092, -0.00773229403421, 0.0322080850601]]
    spectral_contrast:
        mean: [-6.79590812069e-07, -2.66349680089e-08, -6.03020637868e-08, -1.16788712035e-07, 3.3346498185e-07, 2.16032503886e-07, -4.81122106066e-06, 1.0197338085e-08, 4.91930586577e-06, -3.66486165149e-06, 4.99909901919e-07, 2.7885084819e-06]
        var: [0.00032107019797, 0.000519295979757, 0.00118135625962, 0.00189378636423, 0.00228491984308, 0.0041269781068, 0.0270928312093, 0.0558567792177, 0.0814366415143, 0.116476513445, 0.27546775341, 1.12327325344]

rhythm:
    beats_loudness:
        dmean: 0.00250707403757
        dmean2: 0.00487632863224
        dvar: 3.08433823193e-06
        dvar2: 9.58566397458e-06
        max: 0.0110767902806
        mean: 0.00694758910686
        min: 0.00359933660366
        var: 3.33695061272e-06
    beats_loudness_bass:
        dmean: 0.0706076845527
        dmean2: 0.142613828182
        dvar: 0.00496848765761
        dvar2: 0.014419506304
        max: 0.307719796896
        mean: 0.0687500834465
        min: 0.0143380491063
        var: 0.00385877722874
    bpm: 119.43800354
    bpm_confidence: 0
    first_peak_bpm: 119
    first_peak_spread: 0
    first_peak_weight: 0.947368443012
    onset_rate: 3.28125023842
    second_peak_bpm: 109
    second_peak_spread: 0
    second_peak_weight: 0.0526315793395
    beats_position: [0.0592124424875, 0.561462819576, 1.06371319294, 1.56596374512, 2.06821417809, 2.57046437263, 3.07271456718, 3.57496523857, 4.07721567154, 4.57946634293, 5.08171701431, 5.58396720886, 6.13500833511, 6.63752746582, 7.14004659653, 7.64256668091, 8.14508533478, 8.64760494232, 9.15012454987, 9.65264320374]
    bpm_estimates: [119.488433838, 120.042381287, 119.331047058, 118.480575562, 120.26852417, 121.080688477, 117.47442627, 120.156387329, 119.20639801, 119.460525513, 119.17326355, 119.23790741, 119.012496948, 118.573486328, 119.868766785, 119.419570923, 119.500244141, 119.492523193, 119.570579529, 119.921852112]
    bpm_intervals: [0.502250373363, 0.502250373363, 0.502250552177, 0.502250432968, 0.50225019455, 0.50225019455, 0.502250671387, 0.502250432968, 0.502250671387, 0.502250671387, 0.50225019455, 0.551041126251, 0.502519130707, 0.502519130707, 0.502520084381, 0.50251865387, 0.502519607544, 0.502519607544, 0.50251865387]
    onset_times: [0.0464399084449, 0.592108845711, 0.824308395386, 1.03328800201, 1.34675741196, 1.57895696163, 1.83437645435, 2.31038546562, 2.57741498947, 2.83283448219, 3.07664394379, 3.33206343651, 3.5758728981, 3.81968259811, 4.07510185242, 4.58594083786, 5.0967798233, 5.13160991669, 5.42185926437, 5.60761928558, 5.85142850876, 6.38548755646, 6.62929725647, 6.88471651077, 7.38394546509, 7.61614513397, 7.90639448166, 8.15020370483, 8.40562343597, 8.64943313599, 9.13705253601, 9.67111110687, 9.92653083801]
    rubato_start: []
    rubato_stop: []
    perceptual_tempo: "unknown"

sfx:
    inharmonicity:
        dmean: 0.0542496554554
        dmean2: 0.0948577299714
        dvar: 0.00266678375192
        dvar2: 0.00733069749549
        max: 0.301606953144
        mean: 0.0695247873664
        min: 0
        var: 0.00308303092606
    oddtoevenharmonicenergyratio:
        dmean: 2.22225785255
        dmean2: 4.02457332611
        dvar: 19.9478359222
        dvar2: 56.8827476501
        max: 45.9430847168
        mean: 1.93491959572
        min: 0
        var: 13.2415046692
    pitch_after_max_to_before_max_energy_ratio: 1.6654112339
    pitch_centroid: 222.71182251
    pitch_max_to_total: 0.403225809336
    pitch_min_to_total: 0.28801843524
    tristimulus:
        dmean: [0.141130536795, 0.186762660742, 0.121712975204]
        dmean2: [0.234912499785, 0.316990792751, 0.210433930159]
        dvar: [0.0199172236025, 0.0294493641704, 0.0102783208713]
        dvar2: [0.0533287338912, 0.0803767666221, 0.0279175471514]
        max: [1, 0.982559025288, 0.584780991077]
        mean: [0.267883956432, 0.527823925018, 0.173998400569]
        min: [0.0133194616064, 0, 0]
        var: [0.0292314775288, 0.0404398664832, 0.014571771957]

tonal:
    chords_changes_rate: 0.055299539119
    chords_number_rate: 0.0230414755642
    chords_strength:
        dmean: 0.00891909841448
        dmean2: 0.00698413513601
        dvar: 4.7947090934e-05
        dvar2: 4.57021851616e-05
        max: 0.672975182533
        mean: 0.514412462711
        min: 0.322888255119
        var: 0.00576087133959
    key_strength: 0.81570994854
    tuning_diatonic_strength: 0.645147144794
    tuning_equal_tempered_deviation: 0.067868180573
    tuning_frequency: 441.017791748
    tuning_nontempered_energy_ratio: 0.695493221283
    hpcp:
        dmean: [0.158317193389, 0.135832130909, 0.0946346893907, 0.0717063173652, 0.0730743557215, 0.129786252975, 0.188878133893, 0.149745285511, 0.11506728828, 0.0903783515096, 0.0637640655041, 0.0861040577292, 0.109741099179, 0.132269442081, 0.175235450268, 0.181127384305, 0.152404904366, 0.123583234847, 0.0912314727902, 0.108703561127, 0.186138033867, 0.200937882066, 0.17113506794, 0.112866267562, 0.0884507670999, 0.0877384841442, 0.111236236989, 0.173752054572, 0.143224582076, 0.126745581627, 0.106134004891, 0.0781939178705, 0.117876335979, 0.15039037168, 0.121104113758, 0.128026530147]
        dmean2: [0.257846355438, 0.218456655741, 0.155313283205, 0.115038447082, 0.122738786042, 0.216203287244, 0.311482667923, 0.249020159245, 0.186649918556, 0.147704392672, 0.105122461915, 0.138442277908, 0.17257283628, 0.223366260529, 0.305179208517, 0.304760843515, 0.232532098889, 0.199741944671, 0.147546321154, 0.186814412475, 0.305032134056, 0.341502428055, 0.301934540272, 0.197164684534, 0.150458052754, 0.142592340708, 0.174650669098, 0.284547835588, 0.230355262756, 0.215350836515, 0.174280852079, 0.132242053747, 0.190293073654, 0.247558519244, 0.19220417738, 0.19990453124]
        dvar: [0.0308133885264, 0.0207621455193, 0.0141652468592, 0.0111806429923, 0.0106582473963, 0.0175031330436, 0.0312429983169, 0.0218373518437, 0.0275478567928, 0.0186282973737, 0.0100423935801, 0.0168378017843, 0.0206610318273, 0.0273947380483, 0.0282995346934, 0.0385477803648, 0.0320047102869, 0.0255799181759, 0.0107243470848, 0.0173288248479, 0.0294593349099, 0.0433025918901, 0.0303717050701, 0.0269222874194, 0.0224980134517, 0.0192180350423, 0.0158032197505, 0.0381148718297, 0.0273340512067, 0.037778545171, 0.0218817722052, 0.0129065494984, 0.0118885524571, 0.0189582109451, 0.0157513134181, 0.0206618756056]
        dvar2: [0.078511081636, 0.0524107068777, 0.0355719514191, 0.0275196488947, 0.0270337369293, 0.0441417396069, 0.0755519941449, 0.0541207306087, 0.0619763955474, 0.0464944913983, 0.0270772241056, 0.0421166792512, 0.0416579544544, 0.0737696588039, 0.06845061481, 0.0946174189448, 0.0725791528821, 0.0645383670926, 0.0252514220774, 0.0456066764891, 0.072749696672, 0.101422026753, 0.0829994305968, 0.070366024971, 0.0520268380642, 0.0482689663768, 0.0391092002392, 0.097962513566, 0.0733166784048, 0.104563504457, 0.0533092059195, 0.0311044044793, 0.0321379192173, 0.0457714423537, 0.0380478613079, 0.0422691777349]
        max: [1, 1, 0.978455126286, 0.861695051193, 1, 1, 1, 1, 1, 1, 0.745345413685, 1, 1, 1, 1, 1, 1, 1, 1, 1, 1, 1, 1, 1, 1, 0.898142814636, 1, 1, 1, 1, 1, 0.918442070484, 1, 1, 1, 1]
        mean: [0.382570445538, 0.30144867301, 0.169134736061, 0.117620095611, 0.112832732499, 0.260394275188, 0.428583443165, 0.320707708597, 0.178945764899, 0.134204432368, 0.0978679358959, 0.147499769926, 0.222858548164, 0.248292192817, 0.339938372374, 0.397973656654, 0.287972390652, 0.19815467298, 0.160227447748, 0.165536224842, 0.440649151802, 0.595568299294, 0.333465963602, 0.14261251688, 0.113919273019, 0.107201017439, 0.195738360286, 0.298545628786, 0.228206560016, 0.180469319224, 0.183067113161, 0.142198964953, 0.268922388554, 0.350021332502, 0.258169680834, 0.294622153044]
        min: [0.0281500779092, 0.0188822448254, 0.0155030414462, 0.0123655777425, 0.00635687820613, 0.0309385377914, 0.0301130115986, 0.0403327904642, 0.011636711657, 0.0063514020294, 0.00926929432899, 0.0160202980042, 0.0146108651534, 0.0204843357205, 0.0285375118256, 0.0220634173602, 0.00963092781603, 0.0147999599576, 0.0116583732888, 0.0161717291921, 0.0181979443878, 0.0204492472112, 0.0286532733589, 0.0136456722394, 0.00717134494334, 0.00581220304593, 0.0217580832541, 0.0272749196738, 0.0267185941339, 0.0049005378969, 0.00615450274199, 0.0142505466938, 0.00778570724651, 0.0137630812824, 0.014301052317, 0.0191772449762]
        var: [0.104916065931, 0.0612339638174, 0.0168113429099, 0.0117633510381, 0.0107887769118, 0.0289385337383, 0.0730320289731, 0.0449793338776, 0.0394657552242, 0.0205197613686, 0.0084683643654, 0.0211754366755, 0.0555289424956, 0.0473718680441, 0.0500577948987, 0.0967357754707, 0.0766717344522, 0.037162926048, 0.0171533282846, 0.0199729353189, 0.0681268051267, 0.0953102782369, 0.0392087511718, 0.0233937371522, 0.0225943941623, 0.0184985455126, 0.0274057462811, 0.0670626536012, 0.037517786026, 0.0508082360029, 0.0649387985468, 0.0240943580866, 0.0288720037788, 0.0507157444954, 0.0375397279859, 0.051062732935]
    chords_histogram: [19.8156681061, 2.30414748192, 48.387096405, 0, 0, 0, 0, 0, 0, 0, 0, 0, 0, 0, 0, 0, 0, 0, 0, 8.75576019287, 0.460829496384, 0, 20.2764968872, 0]
    thpcp: [1, 0.559912204742, 0.239456191659, 0.191278263927, 0.179997861385, 0.328658133745, 0.501278579235, 0.383174449205, 0.303020358086, 0.30738222599, 0.238761812449, 0.451539129019, 0.587709784508, 0.433484584093, 0.494690805674, 0.642361998558, 0.50615298748, 0.283988803625, 0.197492197156, 0.18945389986, 0.437219828367, 0.719621002674, 0.538490235806, 0.300462216139, 0.225338444114, 0.164326965809, 0.247662231326, 0.374194771051, 0.416899621487, 0.570779800415, 0.668225049973, 0.483525395393, 0.332715272903, 0.269032865763, 0.277946680784, 0.739880144596]
    chords_key: "E"
    chords_scale: "major"
    key_key: "A"
    key_scale: "major"
    chords_progression: ["E", "E", "E", "E", "E", "E", "E", "E", "E", "E", "E", "E", "E", "E", "E", "E", "E", "E", "E", "E", "E", "E", "E", "E", "E", "E", "E", "E", "E", "E", "E", "E", "E", "E", "E", "E", "E", "E", "E", "E", "Em", "Em", "Em", "Em", "Em", "Em", "Em", "Em", "D", "D", "D", "D", "D", "D", "D", "D", "D", "D", "D", "D", "D", "D", "D", "D", "D", "D", "D", "D", "D", "D", "A", "A", "A", "A", "A", "A", "A", "A", "A", "A", "A", "A", "A", "A", "A", "A", "A", "A", "A", "A", "E", "E", "E", "E", "E", "E", "E", "E", "E", "E", "E", "E", "E", "E", "E", "E", "E", "E", "E", "E", "E", "E", "E", "E", "E", "E", "E", "E", "E", "E", "E", "E", "E", "Em", "Em", "Em", "Em", "Em", "Em", "Em", "Em", "Em", "Em", "Em", "G", "D", "D", "D", "D", "D", "D", "D", "D", "D", "D", "D", "D", "D", "D", "D", "D", "D", "D", "D", "D", "D", "A", "D", "A", "A", "A", "A", "A", "A", "A", "A", "A", "A", "A", "A", "A", "A", "A", "A", "A", "A", "A", "A", "A", "A", "C#m", "C#m", "C#m", "C#m", "C#m", "E", "E", "E", "E", "E", "E", "E", "E", "E", "E", "E", "E", "E", "E", "E", "E", "E", "E", "E", "E", "E", "E", "E", "E", "E", "E", "E", "E", "E", "E", "E", "E"]
