
metadata:
    version:
        essentia: "1.2.2"
    audio_properties:
        analysis_sample_rate: 44100
        bitrate: 128
        channels: 2
        equal_loudness: 1
        length: 9.97877597809
        replay_gain: -16.7027931213
        downmix: "mix"
    tags:
        track: 5
        year: 0
        album: "Splitted by Mp3Splt v. 2.1"
        artist: "From 000.40 To 000.50"
        comment: "http://mp3splt.sf.net"
        genre: ""
        title: "07 Snoop Bounce.mp3"

highlevel:
    ballroom:
        all:
            ChaChaCha: 0.104040384293
            Jive: 0.248417034745
            Quickstep: 0.526944160461
            Rumba-American: 0.00137698219623
            Rumba-International: 0.00590889388695
            Rumba-Misc: 0.00632257433608
            Samba: 0.100731953979
            Tango: 0.00173324369825
            VienneseWaltz: 0.00127038464416
            Waltz: 0.00325439102016
        probability: 0.526944160461
        value: "Quickstep"
    culture:
        all:
            non_western: 0.338841617107
            western: 0.661158382893
        probability: 0.661158382893
        value: "western"
    gender:
        all:
            female: 0.311288028955
            male: 0.688712000847
        probability: 0.688712000847
        value: "male"
    genre_dortmund:
        all:
            alternative: 0.00909751839936
            blues: 0.015561459586
            electronic: 0.0883822068572
            folkcountry: 0.00473989592865
            funksoulrnb: 0.0285902488977
            jazz: 0.0185441318899
            pop: 0.00835134088993
            raphiphop: 0.693690061569
            rock: 0.133043110371
        probability: 0.693690061569
        value: "raphiphop"
    genre_electronica:
        all:
            ambient: 0.635864317417
            dnb: 0.143343865871
            house: 0.120253488421
            techno: 0.0838093161583
            trance: 0.0167290307581
        probability: 0.635864317417
        value: "ambient"
    genre_rosamerica:
        all:
            cla: 0.0311697460711
            dan: 0.0113550527021
            hip: 0.863436698914
            jaz: 0.00753829395398
            pop: 0.0308205615729
            rhy: 0.0166807509959
            roc: 0.00913091190159
            spe: 0.0298680104315
        probability: 0.863436698914
        value: "hip"
    genre_tzanetakis:
        all:
            blu: 0.00520164798945
            cla: 0.0113369561732
            cou: 0.00688843196258
            dis: 0.0754152461886
            hip: 0.268175691366
            jaz: 0.00418801931664
            met: 0.015866657719
            pop: 0.0630039274693
            reg: 0.53306800127
            roc: 0.01685542427
        probability: 0.53306800127
        value: "reg"
    live_studio:
        all:
            live: 0.064002931118
            studio: 0.935997068882
        probability: 0.935997068882
        value: "studio"
    mood:
        all:
            Cluster1: 0.395849406719
            Cluster2: 0.112212494016
            Cluster3: 0.0237524434924
            Cluster4: 0.114676326513
            Cluster5: 0.35350933671
        probability: 0.395849406719
        value: "Cluster1"
    mood_acoustic:
        all:
            acoustic: 0.0363769382238
            not_acoustic: 0.963623046875
        probability: 0.963623046875
        value: "not_acoustic"
    mood_aggressive:
        all:
            aggressive: 0.317213237286
            not_aggressive: 0.682786762714
        probability: 0.682786762714
        value: "not_aggressive"
    mood_electronic:
        all:
            electronic: 0.877711355686
            not_electronic: 0.122288636863
        probability: 0.877711355686
        value: "electronic"
    mood_happy:
        all:
            happy: 0.0775407776237
            not_happy: 0.922459244728
        probability: 0.922459244728
        value: "not_happy"
    mood_party:
        all:
            not_party: 0.100265219808
            party: 0.899734795094
        probability: 0.899734795094
        value: "party"
    mood_relaxed:
        all:
            not_relaxed: 0.395769804716
            relaxed: 0.604230225086
        probability: 0.604230225086
        value: "relaxed"
    mood_sad:
        all:
            not_sad: 0.991227865219
            sad: 0.00877211149782
        probability: 0.991227865219
        value: "not_sad"
    rhythm:
        all:
            fast: 0.232210159302
            medium: 0.435393184423
            slow: 0.332396656275
        probability: 0.435393184423
        value: "medium"
    speech_music:
        all:
            music: 0.732631266117
            speech: 0.267368704081
        probability: 0.732631266117
        value: "music"
    timbre:
        all:
            bright: 0.079667262733
            dark: 0.920332729816
        probability: 0.920332729816
        value: "dark"
    voice_instrumental:
        all:
            instrumental: 0.0575263798237
            voice: 0.942473649979
        probability: 0.942473649979
        value: "voice"

lowlevel:
    average_loudness: 0.978731095791
    barkbands_kurtosis:
        dmean: 3.15066385269
        dmean2: 4.80329275131
        dvar: 25.0089988708
        dvar2: 57.6063766479
        max: 56.0856704712
        mean: 3.21821522713
        min: -1.83010041714
        var: 51.0516929626
    barkbands_skewness:
        dmean: 0.796623110771
        dmean2: 1.15722632408
        dvar: 0.650837182999
        dvar2: 1.51518690586
        max: 5.51993465424
        mean: 0.397452235222
        min: -4.31303787231
        var: 2.14229297638
    barkbands_spread:
        dmean: 8.40437984467
        dmean2: 12.551656723
        dvar: 84.4295120239
        dvar2: 171.897476196
        max: 82.1864089966
        mean: 22.3290576935
        min: 0.628186225891
        var: 282.930908203
    dissonance:
        dmean: 0.0307223480195
        dmean2: 0.0461099296808
        dvar: 0.0015960423043
        dvar2: 0.00328145106323
        max: 0.499991506338
        mean: 0.447649925947
        min: 0.149002656341
        var: 0.00362253934145
    hfc:
        dmean: 1.38255441189
        dmean2: 1.57362830639
        dvar: 10.6568498611
        dvar2: 12.4144296646
        max: 34.5838546753
        mean: 2.91835522652
        min: 0.00479426141828
        var: 53.3748207092
    pitch:
        dmean: 921.532409668
        dmean2: 1733.31811523
        dvar: 1842049.5
        dvar2: 3728669.5
        max: 5512.5
        mean: 1535.18139648
        min: 69.7784805298
        var: 2684912
    pitch_instantaneous_confidence:
        dmean: 0.114224590361
        dmean2: 0.178581222892
        dvar: 0.00926528777927
        dvar2: 0.0186759922653
        max: 0.931658864021
        mean: 0.421277433634
        min: 0.134940385818
        var: 0.0245878081769
    pitch_salience:
        dmean: 0.0683887898922
        dmean2: 0.105625621974
        dvar: 0.00472443690524
        dvar2: 0.0111515969038
        max: 0.893251955509
        mean: 0.695110559464
        min: 0.307431697845
        var: 0.0106471190229
    silence_rate_20dB:
        dmean: 0
        dmean2: 0
        dvar: 0
        dvar2: 0
        max: 1
        mean: 1
        min: 1
        var: 0
    silence_rate_30dB:
        dmean: 0
        dmean2: 0
        dvar: 0
        dvar2: 0
        max: 1
        mean: 1
        min: 1
        var: 0
    silence_rate_60dB:
        dmean: 0.0327102802694
        dmean2: 0.0655737668276
        dvar: 0.0316403619945
        dvar2: 0.0612736456096
        max: 1
        mean: 0.899766921997
        min: 0
        var: 0.0901864767075
    spectral_centroid:
        dmean: 457.757537842
        dmean2: 668.414733887
        dvar: 395203.625
        dvar2: 680673.75
        max: 5413.58154297
        mean: 1633.42382812
        min: 201.32484436
        var: 1364555.625
    spectral_complexity:
        dmean: 2.24941182137
        dmean2: 3.09905672073
        dvar: 23.8577728271
        dvar2: 31.1081848145
        max: 46
        mean: 5.21126747131
        min: 0
        var: 118.537521362
    spectral_crest:
        dmean: 2.52628612518
        dmean2: 4.02407979965
        dvar: 5.37637710571
        dvar2: 13.3360500336
        max: 22.8267688751
        mean: 8.4934091568
        min: 2.84480404854
        var: 14.2471542358
    spectral_decrease:
        dmean: 1.34623992509e-10
        dmean2: 1.69048788856e-10
        dvar: 7.29770078785e-20
        dvar2: 1.04796035255e-19
        max: -4.91294017187e-13
        mean: -2.7775723388e-10
        min: -2.74144129619e-09
        var: 3.37434165423e-19
    spectral_energy:
        dmean: 0.000628508976661
        dmean2: 0.000776559580117
        dvar: 1.70776661435e-06
        dvar2: 2.3105726541e-06
        max: 0.0132938148454
        mean: 0.0013130242005
        min: 2.40856888922e-06
        var: 8.12070902612e-06
    spectral_energyband_high:
        dmean: 5.65599511901e-05
        dmean2: 7.08871448296e-05
        dvar: 1.17361889096e-08
        dvar2: 1.63061368852e-08
        max: 0.00138406443875
        mean: 0.000102947051346
        min: 1.06792983345e-08
        var: 4.73510688437e-08
    spectral_energyband_low:
        dmean: 3.43501851603e-05
        dmean2: 6.08236186963e-05
        dvar: 1.46931791178e-08
        dvar2: 4.26057056302e-08
        max: 0.0010723087471
        mean: 3.86508108932e-05
        min: 1.85376256012e-10
        var: 9.91962778585e-09
    spectral_energyband_middle_high:
        dmean: 0.000462654192233
        dmean2: 0.000525854586158
        dvar: 1.27821022033e-06
        dvar2: 1.5166291405e-06
        max: 0.0121345166117
        mean: 0.000936849799473
        min: 7.19204535926e-07
        var: 6.3002812567e-06
    spectral_energyband_middle_low:
        dmean: 0.000143093857332
        dmean2: 0.000217265042011
        dvar: 6.16880413418e-08
        dvar2: 1.4542015947e-07
        max: 0.00236072391272
        mean: 0.000234545659623
        min: 1.6710371753e-08
        var: 9.64389528235e-08
    spectral_flatness_db:
        dmean: 0.0345484912395
        dmean2: 0.0468759313226
        dvar: 0.00108751503285
        dvar2: 0.00167364371009
        max: 0.436566203833
        mean: 0.190042465925
        min: 0.0628480315208
        var: 0.00509487558156
    spectral_flux:
        dmean: 0.00581705197692
        dmean2: 0.00806345976889
        dvar: 6.58219141769e-05
        dvar2: 0.000113495632831
        max: 0.0752287507057
        mean: 0.0188045501709
        min: 0.00116613414139
        var: 0.000325715867803
    spectral_kurtosis:
        dmean: 4.09287214279
        dmean2: 6.40991306305
        dvar: 39.4123878479
        dvar2: 85.1074523926
        max: 77.4462280273
        mean: 7.56398582458
        min: -1.00024449825
        var: 128.647872925
    spectral_rms:
        dmean: 0.000241412883042
        dmean2: 0.000286892667646
        dvar: 1.01567316335e-07
        dvar2: 1.38000174843e-07
        max: 0.00360132963397
        mean: 0.000784373434726
        min: 4.84749762109e-05
        var: 6.65757909246e-07
    spectral_rolloff:
        dmean: 804.733520508
        dmean2: 1261.11376953
        dvar: 1102625
        dvar2: 2212564.75
        max: 7428.95507812
        mean: 2706.7644043
        min: 150.732421875
        var: 3243698.75
    spectral_skewness:
        dmean: 0.525143504143
        dmean2: 0.772260963917
        dvar: 0.371012240648
        dvar2: 0.694434285164
        max: 7.11751937866
        mean: 1.82126140594
        min: -0.0991434305906
        var: 1.54218447208
    spectral_spread:
        dmean: 1319598.5
        dmean2: 1818672.625
        dvar: 2.76556598477e+12
        dvar2: 4.73819460403e+12
        max: 12623040
        mean: 5052168
        min: 788594.75
        var: 7.56585070592e+12
    spectral_strongpeak:
        dmean: 0.181368529797
        dmean2: 0.309517323971
        dvar: 0.13086655736
        dvar2: 0.323046028614
        max: 2.91719865799
        mean: 0.259046703577
        min: 0.00273034744896
        var: 0.247422218323
    zerocrossingrate:
        dmean: 0.0196518842131
        dmean2: 0.0199849829078
        dvar: 0.000399329903303
        dvar2: 0.000400835473556
        max: 0.24755859375
        mean: 0.0892431437969
        min: 0.0107421875
        var: 0.00275386800058
    barkbands:
        dmean: [3.69520023469e-07, 1.25058531921e-05, 2.31225203606e-05, 1.94283911696e-05, 3.86569990951e-05, 2.82806086034e-05, 5.72505341552e-05, 3.95277784264e-05, 2.44114071393e-05, 3.06257970806e-05, 2.53014095506e-05, 2.06728545891e-05, 3.73717703042e-05, 2.77386152447e-05, 4.53206848761e-05, 8.28035335871e-05, 7.05748389009e-05, 0.000117106996186, 0.000106081992271, 3.65939704352e-05, 2.56871790043e-05, 1.08775357148e-05, 5.82307120567e-06, 1.79358062269e-06, 1.03709737687e-06, 8.59099813511e-08, 2.31495128622e-10]
        dmean2: [5.40361554613e-07, 2.15369946091e-05, 4.21119657403e-05, 3.19449973176e-05, 5.90507988818e-05, 4.68721373181e-05, 9.83851277851e-05, 6.60989971948e-05, 4.08900486946e-05, 5.16205982422e-05, 4.4794895075e-05, 3.22013329423e-05, 6.03233711445e-05, 4.38568204117e-05, 6.69506116537e-05, 0.000110710214358, 9.68136955635e-05, 0.000176237663254, 0.000149092607899, 4.93354091304e-05, 3.03690540022e-05, 1.43790966831e-05, 9.34129730013e-06, 2.58979366663e-06, 1.6183603293e-06, 1.35026681392e-07, 3.97365085281e-10]
        dvar: [6.30319635462e-13, 1.42135381243e-09, 7.38207051043e-09, 2.11432227282e-09, 4.8410937481e-09, 2.53572385311e-09, 1.29540964622e-08, 6.51156950582e-09, 2.00261740524e-09, 4.8197414948e-09, 2.90012280857e-09, 2.70805000646e-09, 1.10092699401e-08, 5.65598190505e-09, 2.02153032092e-08, 5.90963082914e-08, 3.47072308671e-08, 1.25089471226e-07, 9.12953268539e-08, 6.52631859666e-09, 2.52796894529e-09, 4.44341952122e-10, 1.31557112426e-10, 1.15346118074e-11, 4.01953774085e-12, 3.80794740629e-14, 2.29870054259e-19]
        dvar2: [1.45286571402e-12, 4.05433908668e-09, 2.13684732131e-08, 5.81307313396e-09, 1.17438547775e-08, 6.52236087362e-09, 3.44271704478e-08, 1.66320344164e-08, 4.79742467974e-09, 1.18706804386e-08, 7.8279862592e-09, 6.2956280189e-09, 3.02976808086e-08, 1.28123254228e-08, 3.68565657993e-08, 1.04392299249e-07, 5.78943009089e-08, 2.49819038345e-07, 1.65719882261e-07, 1.08572235646e-08, 3.51386608699e-09, 7.07349734341e-10, 3.22472992753e-10, 2.37617876764e-11, 8.92587479623e-12, 8.61732492546e-14, 5.71295185192e-19]
        max: [8.97516201803e-06, 0.000367733067833, 0.000703452620655, 0.000361756101483, 0.000610602612142, 0.000348577043042, 0.00125404715072, 0.000822755333502, 0.000270997494226, 0.000580294698011, 0.000436879898189, 0.000654353178106, 0.000964922597632, 0.000696340401191, 0.00124566024169, 0.00243810820393, 0.00168958143331, 0.00336060766131, 0.002765041776, 0.000765257282183, 0.000658190518152, 0.000198886278667, 0.000125060687424, 3.03029246425e-05, 1.16664714369e-05, 1.86929253232e-06, 3.22132498454e-09]
        mean: [7.6405370919e-07, 1.83476004167e-05, 1.95701941266e-05, 2.29198685702e-05, 5.845339183e-05, 3.121159898e-05, 5.44433241885e-05, 3.59609839506e-05, 2.73801124422e-05, 3.1548912375e-05, 2.26372794714e-05, 2.93289522233e-05, 4.35531474068e-05, 4.85760501761e-05, 9.63603815762e-05, 0.000135113237775, 0.000145748112118, 0.000183977957931, 0.00016808170767, 6.76273048157e-05, 4.1092534957e-05, 1.72181553353e-05, 9.28851932258e-06, 2.43243039222e-06, 1.29946283778e-06, 8.92173730449e-08, 2.02168032315e-10]
        min: [7.98348041321e-13, 1.33345112729e-10, 5.0167300869e-11, 2.49225137056e-11, 3.16214832097e-11, 1.097710145e-09, 5.88178261651e-09, 1.69758707091e-09, 2.72309552685e-09, 5.53221779498e-09, 2.42795472616e-09, 7.61936555516e-11, 5.32253963126e-10, 4.50894166448e-09, 1.05464277311e-08, 2.70638317312e-10, 1.91387119486e-08, 7.39481098577e-09, 9.86326309516e-09, 4.83920192806e-09, 2.39689534887e-09, 1.06361652819e-09, 1.71405153959e-10, 9.847241772e-11, 1.04650309252e-10, 3.84864752914e-12, 4.21889662149e-14]
        var: [2.01020038289e-12, 1.37571132264e-09, 4.37381419971e-09, 2.01530125921e-09, 1.07679785089e-08, 2.75306422104e-09, 1.23720171885e-08, 6.14931883192e-09, 2.41907627263e-09, 5.88044368754e-09, 3.00317681834e-09, 6.15433837226e-09, 1.71040301922e-08, 1.72647194319e-08, 7.05406435486e-08, 1.6413302717e-07, 1.47266916883e-07, 3.13679777264e-07, 2.51332352263e-07, 2.59839243455e-08, 8.55506154807e-09, 1.28633925733e-09, 3.48494288982e-10, 2.53494031321e-11, 6.68108103563e-12, 5.43166077708e-14, 2.40220461866e-19]
    mfcc:
        mean: [-889.040588379, 103.407211304, -31.3568954468, 45.1688690186, -16.4584579468, -4.96064186096, -22.6405239105, -7.266061306, -4.89330673218, -3.99368166924, -3.12501478195, -8.26208209991, -2.73925232887]
        cov: [[15260.0078125, -3781.74682617, -1450.51525879, -815.135314941, -242.81968689, -232.332244873, 691.610595703, 712.343078613, 69.6487426758, -79.8543548584, 15.2869625092, 281.02935791, 139.337005615], [-3781.74682617, 5455.19580078, 532.842102051, 8.27783870697, 619.413452148, 12.4921884537, -187.995803833, 57.7634429932, 325.523345947, -86.9864120483, 76.7834625244, 63.6201667786, 63.3987464905], [-1450.51525879, 532.842102051, 2104.16333008, 372.361206055, 85.4002609253, 134.02897644, 199.206481934, -63.7973709106, 234.846557617, 223.485992432, 6.41379976273, 174.854141235, -19.7929420471], [-815.135314941, 8.27783870697, 372.361206055, 865.722961426, 278.099304199, 64.0114822388, -101.048400879, 9.86144542694, -16.9000320435, -17.1939754486, 48.0755500793, 23.6596298218, 31.5690994263], [-242.81968689, 619.413452148, 85.4002609253, 278.099304199, 529.267883301, 102.890670776, -16.855588913, 39.2543029785, 79.1556625366, 3.58844065666, 49.6518516541, 62.1205101013, 33.3699913025], [-232.332244873, 12.4921884537, 134.02897644, 64.0114822388, 102.890670776, 266.553283691, 101.66267395, 18.6037559509, 45.3559494019, 48.4672775269, 17.4864006042, 18.5124645233, -5.68394184113], [691.610595703, -187.995803833, 199.206481934, -101.048400879, -16.855588913, 101.66267395, 337.57522583, 79.1280059814, 114.918869019, 77.6800994873, 49.9896240234, 48.2747344971, 1.74388408661], [712.343078613, 57.7634429932, -63.7973709106, 9.86144542694, 39.2543029785, 18.6037559509, 79.1280059814, 231.808578491, 93.0723800659, 16.991815567, 40.7159805298, 21.9356918335, 31.6888275146], [69.6487426758, 325.523345947, 234.846557617, -16.9000320435, 79.1556625366, 45.3559494019, 114.918869019, 93.0723800659, 232.982818604, 82.7052078247, 33.9672927856, 44.7149925232, 5.3600435257], [-79.8543548584, -86.9864120483, 223.485992432, -17.1939754486, 3.58844065666, 48.4672775269, 77.6800994873, 16.991815567, 82.7052078247, 159.126281738, 24.5267944336, 15.6838464737, -3.00666999817], [15.2869625092, 76.7834625244, 6.41379976273, 48.0755500793, 49.6518516541, 17.4864006042, 49.9896240234, 40.7159805298, 33.9672927856, 24.5267944336, 103.693237305, 32.444393158, 14.0873556137], [281.02935791, 63.6201667786, 174.854141235, 23.6596298218, 62.1205101013, 18.5124645233, 48.2747344971, 21.9356918335, 44.7149925232, 15.6838464737, 32.444393158, 129.54284668, 45.4113731384], [139.337005615, 63.3987464905, -19.7929420471, 31.5690994263, 33.3699913025, -5.68394184113, 1.74388408661, 31.6888275146, 5.3600435257, -3.00666999817, 14.0873556137, 45.4113731384, 101.248039246]]
        icov: [[0.000138383125886, 9.96585513349e-05, 7.11200991645e-05, 9.80445474852e-05, -0.000117199080705, 0.000204230804229, -0.00023219990544, -0.000374914961867, 1.42953331306e-05, 0.000125850347104, 0.000213751554838, -0.000374913710402, 4.3315529183e-05], [9.96585513349e-05, 0.000366086838767, -0.000119859651022, 0.000321961153531, -0.000442606164142, 0.00013551300799, 0.000201613263926, -0.000240343477344, -0.000474987842608, 0.000617926765699, -0.00022967105906, 9.31878312258e-05, -0.000231311321841], [7.11200991645e-05, -0.000119859651022, 0.00101806840394, -0.000655790965538, 0.000392740999814, 0.000107214342279, -0.000660143501591, 0.000367130036466, -0.000379122735467, -0.00108394701965, 0.00108013162389, -0.00163153361063, 0.00072308111703], [9.80445474852e-05, 0.000321961153531, -0.000655790965538, 0.00214358139783, -0.00122998328879, -0.00016069796402, 0.000882691179868, -0.000686177809257, 0.000289189978503, 0.0010409783572, -0.00125948840287, 0.000870803778525, -0.00073690188583], [-0.000117199080705, -0.000442606164142, 0.000392740999814, -0.00122998328879, 0.00340032600798, -0.00116390548646, 0.000341058563208, 0.000479954120237, -0.00072032387834, -0.00039660683251, -0.00020568772743, -0.0012128201779, 0.000155532557983], [0.000204230804229, 0.00013551300799, 0.000107214342279, -0.00016069796402, -0.00116390548646, 0.00521654402837, -0.00199349503964, -0.000467494392069, 0.000421116739744, -0.000828304735478, 0.000882041931618, -0.000467382225906, 0.000602272630204], [-0.00023219990544, 0.000201613263926, -0.000660143501591, 0.000882691179868, 0.000341058563208, -0.00199349503964, 0.00576674519107, -0.000335951830493, -0.00164058909286, 3.51691414835e-05, -0.00253812246956, 0.000424102472607, -0.000178639063961], [-0.000374914961867, -0.000240343477344, 0.000367130036466, -0.000686177809257, 0.000479954120237, -0.000467494392069, -0.000335951830493, 0.00722237396985, -0.00278403889388, 0.000153347005835, -0.00157643470448, 0.00122021010611, -0.00166294933297], [1.42953331306e-05, -0.000474987842608, -0.000379122735467, 0.000289189978503, -0.00072032387834, 0.000421116739744, -0.00164058909286, -0.00278403889388, 0.00867357105017, -0.00315559003502, 0.000492958701216, -0.00110930332448, 0.00115019548684], [0.000125850347104, 0.000617926765699, -0.00108394701965, 0.0010409783572, -0.00039660683251, -0.000828304735478, 3.51691414835e-05, 0.000153347005835, -0.00315559003502, 0.0103739881888, -0.00247621536255, 0.00178456003778, -0.00104173237924], [0.000213751554838, -0.00022967105906, 0.00108013162389, -0.00125948840287, -0.00020568772743, 0.000882041931618, -0.00253812246956, -0.00157643470448, 0.000492958701216, -0.00247621536255, 0.0136442203075, -0.00399754429236, 0.000902848434635], [-0.000374913710402, 9.31878312258e-05, -0.00163153361063, 0.000870803778525, -0.0012128201779, -0.000467382225906, 0.000424102472607, 0.00122021010611, -0.00110930332448, 0.00178456003778, -0.00399754429236, 0.0140012837946, -0.00576045317575], [4.3315529183e-05, -0.000231311321841, 0.00072308111703, -0.00073690188583, 0.000155532557983, 0.000602272630204, -0.000178639063961, -0.00166294933297, 0.00115019548684, -0.00104173237924, 0.000902848434635, -0.00576045317575, 0.0132053950801]]
    spectral_contrast:
        mean: [2.84145215801e-07, -8.47372376711e-08, 2.89064161052e-07, -3.85987306117e-07, -3.29679430422e-08, -7.60448912729e-08, 8.62308525029e-07, -1.89622528524e-06, -7.1913842703e-07, 1.62947344506e-06, -1.13752527398e-07, -3.4134152429e-06]
        var: [0.000704209902324, 0.00118035066407, 0.00181431602687, 0.00206836755387, 0.00326425931416, 0.00637096026912, 0.132167071104, 0.240156307817, 0.481842547655, 1.34305250645, 3.45529341698, 8.75005912781]

rhythm:
    beats_loudness:
        dmean: 0.00913569517434
        dmean2: 0.0188467707485
        dvar: 5.51480297872e-06
        dvar2: 5.10732070325e-06
        max: 0.0109746316448
        mean: 0.00507077947259
        min: 0.000437363894889
        var: 2.35468251049e-05
    beats_loudness_bass:
        dmean: 0.145936027169
        dmean2: 0.291329711676
        dvar: 0.00553083140403
        dvar2: 0.0135099189356
        max: 0.25839805603
        mean: 0.0798449739814
        min: 8.09481207398e-05
        var: 0.00880973227322
    bpm: 96.6595230103
    bpm_confidence: 0
    first_peak_bpm: 97
    first_peak_spread: 0.066666662693
    first_peak_weight: 0.933333337307
    onset_rate: 4.60978412628
    second_peak_bpm: 0
    second_peak_spread: 0
    second_peak_weight: 0
    beats_position: [0.101030699909, 0.721931755543, 1.34283280373, 1.96373403072, 2.5846350193, 3.20553612709, 3.82643699646, 4.44733810425, 5.06823921204, 5.68913984299, 6.32195711136, 6.94252824783, 7.56309986115, 8.18367099762, 8.80424213409, 9.42481422424]
    bpm_estimates: [96.6241378784, 96.5864562988, 96.6530990601, 96.7054824829, 96.5750732422, 96.6522216797, 96.631439209, 96.6463088989, 96.6015396118, 96.6667175293, 96.6288146973, 96.9990692139, 96.5657043457, 96.9436798096, 96.6533355713, 96.6686172485, 96.6466827393, 96.6442184448, 96.6240539551, 96.6298904419, 96.5758361816, 96.5872497559]
    bpm_intervals: [0.620901048183, 0.620901048183, 0.620901226997, 0.620900988579, 0.620901107788, 0.62090086937, 0.620901107788, 0.620901107788, 0.620900630951, 0.632817268372, 0.620571136475, 0.620571613312, 0.620571136475, 0.620571136475, 0.620572090149]
    onset_times: [0.0348299331963, 0.49922901392, 0.835918366909, 1.02167797089, 1.19582772255, 1.31192743778, 1.66022670269, 1.86920630932, 1.95047616959, 2.26394557953, 2.3916554451, 2.56580495834, 2.89088439941, 3.19274377823, 3.35528349876, 3.5178232193, 3.81968259811, 4.14476203918, 4.28408145905, 4.446621418, 4.76009082794, 5.0387301445, 5.38702964783, 5.51473903656, 5.67727899551, 5.85142850876, 5.99074840546, 6.14167785645, 6.31582784653, 6.62929725647, 6.74539661407, 6.86149644852, 6.93115663528, 7.25623559952, 7.55809545517, 7.8831744194, 8.17342376709, 8.31274414062, 8.498503685, 8.77714252472, 9.12544250488, 9.43891143799, 9.6014509201, 9.74077129364, 9.84526062012, 9.93814086914]
    rubato_start: []
    rubato_stop: []
    perceptual_tempo: "unknown"

sfx:
    inharmonicity:
        dmean: 0.0588799193501
        dmean2: 0.10481980443
        dvar: 0.00447190599516
        dvar2: 0.0120186684653
        max: 0.406265765429
        mean: 0.0574414543808
        min: 0
        var: 0.00493496470153
    oddtoevenharmonicenergyratio:
        dmean: 7.75103902817
        dmean2: 15.1614255905
        dvar: 2984.51049805
        dvar2: 8926.13769531
        max: 747.900878906
        mean: 4.3807759285
        min: 0
        var: 1502.73828125
    pitch_after_max_to_before_max_energy_ratio: 12.9662694931
    pitch_centroid: 208.729034424
    pitch_max_to_total: 0.0446009375155
    pitch_min_to_total: 0.92253524065
    tristimulus:
        dmean: [0.232907965779, 0.308756887913, 0.142729192972]
        dmean2: [0.411872208118, 0.544394850731, 0.252218782902]
        dvar: [0.0483419522643, 0.0651611611247, 0.0300281234086]
        dvar2: [0.131162688136, 0.184744074941, 0.0770251899958]
        max: [1, 0.999021172523, 0.964198887348]
        mean: [0.351958364248, 0.428202450275, 0.132493138313]
        min: [0.000855654943734, 0, 0]
        var: [0.0792989581823, 0.0868516340852, 0.0363413766026]

tonal:
    chords_changes_rate: 0.144859805703
    chords_number_rate: 0.0420560762286
    chords_strength:
        dmean: 0.0165181849152
        dmean2: 0.0220684278756
        dvar: 0.000164151817444
        dvar2: 0.000293168734061
        max: 0.756048321724
        mean: 0.519235253334
        min: 0.194053590298
        var: 0.0231542568654
    key_strength: 0.549373984337
    tuning_diatonic_strength: 0.578367352486
    tuning_equal_tempered_deviation: 0.232644915581
    tuning_frequency: 446.142181396
    tuning_nontempered_energy_ratio: 0.884164571762
    hpcp:
        dmean: [0.261364370584, 0.27199575305, 0.242509961128, 0.226109459996, 0.219364330173, 0.191753849387, 0.183079361916, 0.191626012325, 0.235515877604, 0.22163169086, 0.225084587932, 0.195874005556, 0.184506520629, 0.217173665762, 0.228102937341, 0.244156435132, 0.219326138496, 0.198848873377, 0.169528871775, 0.140806093812, 0.114986337721, 0.136399134994, 0.16403375566, 0.176411643624, 0.185072764754, 0.189294591546, 0.18937201798, 0.166064932942, 0.176977351308, 0.180497244, 0.204678922892, 0.201947435737, 0.194155409932, 0.197610512376, 0.23536901176, 0.252769112587]
        dmean2: [0.452941834927, 0.470756292343, 0.414065301418, 0.397846966982, 0.374511420727, 0.327325344086, 0.320902705193, 0.33284330368, 0.375959455967, 0.365180760622, 0.383982926607, 0.339254498482, 0.316473662853, 0.361775994301, 0.377990841866, 0.404392927885, 0.360215812922, 0.336845397949, 0.292069047689, 0.24221073091, 0.188987061381, 0.238033846021, 0.273834466934, 0.309079319239, 0.323022723198, 0.320476830006, 0.298109531403, 0.272695422173, 0.302888810635, 0.298037171364, 0.369278371334, 0.346148908138, 0.329748511314, 0.332478731871, 0.397532433271, 0.434010833502]
        dvar: [0.0581414215267, 0.0628720894456, 0.0518515408039, 0.0598701052368, 0.0535282790661, 0.0418965704739, 0.0372692979872, 0.0363367572427, 0.0477813705802, 0.0459894351661, 0.0483740195632, 0.0512827448547, 0.0380009636283, 0.0596680082381, 0.0566599629819, 0.0558850243688, 0.0453750230372, 0.048944670707, 0.03673350811, 0.0298758950084, 0.0174958631396, 0.0277686771005, 0.0403501465917, 0.042628236115, 0.0406074598432, 0.0430578440428, 0.040503975004, 0.0296719875187, 0.0412446036935, 0.0408617295325, 0.0534278377891, 0.0508160293102, 0.0470111817122, 0.0471167713404, 0.048905365169, 0.055598963052]
        dvar2: [0.150222018361, 0.148528233171, 0.134875565767, 0.160980671644, 0.154718950391, 0.102677166462, 0.0871542990208, 0.0986769869924, 0.134444326162, 0.108564436436, 0.126366406679, 0.13671220839, 0.10103482008, 0.145213708282, 0.124353595078, 0.139383226633, 0.114816322923, 0.12509432435, 0.0916412547231, 0.0744602307677, 0.042123105377, 0.0699432268739, 0.106734365225, 0.0951282158494, 0.0997097268701, 0.102918490767, 0.0908918753266, 0.0685003250837, 0.106908626854, 0.0984841957688, 0.153661727905, 0.135629549623, 0.122607521713, 0.111509904265, 0.109113685787, 0.142524451017]
        max: [1, 1, 1, 1, 1, 1, 1, 1, 1, 1, 1, 1, 1, 1, 1, 1, 1, 1, 1, 1, 1, 1, 1, 1, 1, 1, 1, 1, 0.996501147747, 1, 1, 1, 1, 1, 1, 1]
        mean: [0.367227613926, 0.343666285276, 0.313771605492, 0.28222194314, 0.256568968296, 0.234808221459, 0.223059147596, 0.248802378774, 0.313669323921, 0.314901560545, 0.266843944788, 0.239349365234, 0.234821140766, 0.270075231791, 0.331811338663, 0.348491877317, 0.304094105959, 0.258646517992, 0.215375885367, 0.179793059826, 0.159028947353, 0.157999739051, 0.185515791178, 0.237350568175, 0.24874125421, 0.236487776041, 0.239694163203, 0.222145333886, 0.215263858438, 0.229390248656, 0.24217389524, 0.232537657022, 0.215592443943, 0.237310290337, 0.298099905252, 0.357375413179]
        min: [0.00100341485813, 0.000686907034833, 0.000254232407315, 6.36280747131e-05, 1.8685725081e-05, 1.79236758413e-05, 4.4136071665e-05, 0.000202438677661, 0.000716882350389, 0.000825765717309, 0.000575199490413, 2.91112010018e-05, 7.69869875512e-05, 0.000189299302292, 0.000170716069988, 0.00011293762509, 0.000550532538909, 0.000652845890727, 0.000415502319811, 5.62113564229e-05, 0.000118147378089, 6.5902582719e-05, 0.000242018460995, 0.00032755266875, 0.000147279337398, 0.00035925488919, 2.47862899414e-05, 5.53319805476e-05, 4.24921126978e-05, 8.85513218236e-05, 0.000115416049084, 1.38294381031e-05, 1.20445147331e-05, 0.000152644570335, 0.000398510630475, 0.000801372167189]
        var: [0.0972331389785, 0.0985429286957, 0.0850203260779, 0.0820554420352, 0.0737315192819, 0.0646306797862, 0.0609222091734, 0.0530529022217, 0.0889342576265, 0.0884125232697, 0.0656193271279, 0.0663973689079, 0.0540567785501, 0.0773762688041, 0.0953104346991, 0.101791940629, 0.0724217668176, 0.0667962953448, 0.0635071396828, 0.0510577522218, 0.0321608483791, 0.0330918170512, 0.0476299524307, 0.0665143057704, 0.0618198439479, 0.0672875568271, 0.0855533033609, 0.0687466934323, 0.0617714375257, 0.0673687085509, 0.0764697268605, 0.0754238292575, 0.0698714181781, 0.0752964615822, 0.0796633735299, 0.0928522646427]
    chords_histogram: [0.467289716005, 3.73831772804, 0, 0, 4.67289733887, 0, 0, 0, 0, 0, 4.20560741425, 4.67289733887, 0, 0, 7.47663545609, 18.2242984772, 36.91588974, 0, 0, 0, 0, 0, 7.94392538071, 11.6822433472]
    thpcp: [1, 0.935840010643, 0.854433596134, 0.768520474434, 0.698664665222, 0.639407873154, 0.607413887978, 0.67751544714, 0.854155063629, 0.857510566711, 0.726644575596, 0.651773869991, 0.639443039894, 0.735443711281, 0.9035577178, 0.948980569839, 0.828080713749, 0.704322099686, 0.586491525173, 0.489595711231, 0.433052808046, 0.430250167847, 0.505179286003, 0.646330952644, 0.677348971367, 0.643981456757, 0.65271282196, 0.604925453663, 0.586186468601, 0.624654114246, 0.659465372562, 0.633224844933, 0.587081253529, 0.646221280098, 0.811757862568, 0.973171412945]
    chords_key: "D"
    chords_scale: "minor"
    key_key: "F#"
    key_scale: "minor"
    chords_progression: ["D", "D", "D", "Dm", "Dm", "G#m", "G#m", "G#m", "Gm", "Gm", "Gm", "G#m", "G#m", "Gm", "Gm", "Gm", "G#m", "G#m", "G#m", "G#m", "G#m", "Dm", "A#", "Dm", "Dm", "Dm", "Dm", "D", "A#", "A#", "A#", "A#", "A#", "A#", "Dm", "Dm", "A#", "A#", "A#", "Dm", "Dm", "Dm", "Dm", "A#", "A#", "A#", "A#", "A#", "A#", "A#", "A#", "A#", "A#", "A#", "A#", "A#", "A#", "A#", "A#", "A#", "A#", "A#", "A#", "A#", "A#", "A#", "A#", "A#", "A#", "A", "A", "A", "A", "A", "A", "A#", "A#", "A#", "A", "Dm", "Dm", "A", "Dm", "Dm", "Dm", "Dm", "Dm", "Dm", "Dm", "Dm", "Dm", "Dm", "Dm", "Dm", "Dm", "Dm", "Dm", "Dm", "Dm", "Dm", "Dm", "Dm", "Dm", "Dm", "Dm", "Dm", "Dm", "Dm", "Dm", "Dm", "Dm", "Dm", "Dm", "Dm", "Dm", "Dm", "Dm", "Dm", "Dm", "D", "D", "D", "D", "Dm", "Dm", "Dm", "Dm", "Dm", "Dm", "Dm", "Dm", "Dm", "Dm", "Dm", "Dm", "Dm", "Dm", "Dm", "Dm", "Dm", "Dm", "Dm", "Dm", "Dm", "Dm", "Dm", "Dm", "Dm", "Dm", "Dm", "Gm", "Gm", "F#m", "D", "D", "D", "D", "D", "D", "D", "D", "D", "D", "D", "D", "D", "Gm", "Gm", "Gm", "Gm", "Gm", "Gm", "Gm", "Gm", "Bm", "Bm", "Bm", "Bm", "Bm", "Bm", "Bm", "Bm", "Bm", "Bm", "Bm", "Bm", "Bm", "Bm", "Bm", "Bm", "Bm", "D", "D", "D", "D", "Fm", "Fm", "Fm", "Fm", "Fm", "Fm", "Fm", "Fm", "Fm", "G#", "G#", "G#", "G#", "G#", "G#", "G#", "G#", "G#", "G#"]
