
metadata:
    version:
        essentia: "1.2.2"
    audio_properties:
        analysis_sample_rate: 44100
        bitrate: 128
        channels: 2
        equal_loudness: 1
        length: 10.0310201645
        replay_gain: -12.7147750854
        downmix: "mix"
    tags:
        track: 26
        year: 0
        album: "Splitted by Mp3Splt v. 2.1"
        artist: "From 004.10 To 004.20"
        comment: "http://mp3splt.sf.net"
        genre: ""
        title: "08 Track 8.mp3"

highlevel:
    ballroom:
        all:
            ChaChaCha: 0.839821994305
            Jive: 0.0141979716718
            Quickstep: 0.0124939680099
            Rumba-American: 0.000722836819477
            Rumba-International: 0.0352997072041
            Rumba-Misc: 0.00179987330921
            Samba: 0.0936325266957
            Tango: 0.0014402163215
            VienneseWaltz: 0.000250670447713
            Waltz: 0.000340220984071
        probability: 0.839821994305
        value: "ChaChaCha"
    culture:
        all:
            non_western: 0.92081707716
            western: 0.079182907939
        probability: 0.92081707716
        value: "non_western"
    gender:
        all:
            female: 0.485441923141
            male: 0.514558076859
        probability: 0.514558076859
        value: "male"
    genre_dortmund:
        all:
            alternative: 0.00775594962761
            blues: 0.00365438894369
            electronic: 0.551774024963
            folkcountry: 0.0046076150611
            funksoulrnb: 0.00498556625098
            jazz: 0.100523248315
            pop: 0.0141369560733
            raphiphop: 0.303818225861
            rock: 0.00874403584749
        probability: 0.551774024963
        value: "electronic"
    genre_electronica:
        all:
            ambient: 0.504915475845
            dnb: 0.0522126741707
            house: 0.279574900866
            techno: 0.133083894849
            trance: 0.030213072896
        probability: 0.504915475845
        value: "ambient"
    genre_rosamerica:
        all:
            cla: 0.00768253859133
            dan: 0.280477792025
            hip: 0.415574759245
            jaz: 0.025353545323
            pop: 0.0160879697651
            rhy: 0.237214624882
            roc: 0.0124963503331
            spe: 0.00511242216453
        probability: 0.415574759245
        value: "hip"
    genre_tzanetakis:
        all:
            blu: 0.00361052551307
            cla: 0.0126270363107
            cou: 0.00315792206675
            dis: 0.0106016015634
            hip: 0.0502087809145
            jaz: 0.00779524073005
            met: 0.00528716761619
            pop: 0.11668009311
            reg: 0.777748763561
            roc: 0.0122828381136
        probability: 0.777748763561
        value: "reg"
    live_studio:
        all:
            live: 0.0481383651495
            studio: 0.951861619949
        probability: 0.951861619949
        value: "studio"
    mood:
        all:
            Cluster1: 0.274599283934
            Cluster2: 0.250600188971
            Cluster3: 0.11196307838
            Cluster4: 0.109020918608
            Cluster5: 0.253816515207
        probability: 0.274599283934
        value: "Cluster1"
    mood_acoustic:
        all:
            acoustic: 0.0346090644598
            not_acoustic: 0.965390920639
        probability: 0.965390920639
        value: "not_acoustic"
    mood_aggressive:
        all:
            aggressive: 0.0110596409068
            not_aggressive: 0.988940358162
        probability: 0.988940358162
        value: "not_aggressive"
    mood_electronic:
        all:
            electronic: 0.978976249695
            not_electronic: 0.0210237726569
        probability: 0.978976249695
        value: "electronic"
    mood_happy:
        all:
            happy: 0.233332008123
            not_happy: 0.766668021679
        probability: 0.766668021679
        value: "not_happy"
    mood_party:
        all:
            not_party: 0.174512848258
            party: 0.825487136841
        probability: 0.825487136841
        value: "party"
    mood_relaxed:
        all:
            not_relaxed: 0.448954552412
            relaxed: 0.551045417786
        probability: 0.551045417786
        value: "relaxed"
    mood_sad:
        all:
            not_sad: 0.711975157261
            sad: 0.288024842739
        probability: 0.711975157261
        value: "not_sad"
    rhythm:
        all:
            fast: 0.554284334183
            medium: 0.414983421564
            slow: 0.0307322107255
        probability: 0.554284334183
        value: "fast"
    speech_music:
        all:
            music: 0.97262775898
            speech: 0.0273722670972
        probability: 0.97262775898
        value: "music"
    timbre:
        all:
            bright: 0.0395009182394
            dark: 0.960499107838
        probability: 0.960499107838
        value: "dark"
    voice_instrumental:
        all:
            instrumental: 0.781004548073
            voice: 0.218995422125
        probability: 0.781004548073
        value: "instrumental"

lowlevel:
    average_loudness: 0.979183793068
    barkbands_kurtosis:
        dmean: 5.44372463226
        dmean2: 8.12810707092
        dvar: 71.5538787842
        dvar2: 143.565917969
        max: 65.4284362793
        mean: 6.84631872177
        min: -1.81312012672
        var: 161.029037476
    barkbands_skewness:
        dmean: 0.948933839798
        dmean2: 1.30064809322
        dvar: 1.07211732864
        dvar2: 1.90840351582
        max: 6.85465764999
        mean: 1.21842300892
        min: -3.63212180138
        var: 4.5310549736
    barkbands_spread:
        dmean: 8.24365329742
        dmean2: 12.9734983444
        dvar: 87.0618896484
        dvar2: 198.304046631
        max: 71.0892944336
        mean: 20.7378635406
        min: 1.59495949745
        var: 180.634933472
    dissonance:
        dmean: 0.0172495506704
        dmean2: 0.0269564837217
        dvar: 0.000381375837605
        dvar2: 0.00100227235816
        max: 0.499928981066
        mean: 0.465031415224
        min: 0.289620161057
        var: 0.000976286886726
    hfc:
        dmean: 3.22046661377
        dmean2: 4.63661909103
        dvar: 152.227005005
        dvar2: 296.359436035
        max: 133.565582275
        mean: 3.65054726601
        min: 0.0554303266108
        var: 201.619262695
    pitch:
        dmean: 699.900939941
        dmean2: 1348.76599121
        dvar: 1730582.375
        dvar2: 3693285
        max: 4410
        mean: 1309.796875
        min: 50.2277908325
        var: 2410720
    pitch_instantaneous_confidence:
        dmean: 0.106525853276
        dmean2: 0.168626144528
        dvar: 0.00839996803552
        dvar2: 0.0181939620525
        max: 0.825459778309
        mean: 0.473770111799
        min: 0.134541451931
        var: 0.0218940135092
    pitch_salience:
        dmean: 0.0886538624763
        dmean2: 0.138467058539
        dvar: 0.00921728927642
        dvar2: 0.0204895753413
        max: 0.850082874298
        mean: 0.511344790459
        min: 0.173136487603
        var: 0.0203333999962
    silence_rate_20dB:
        dmean: 0
        dmean2: 0
        dvar: 0
        dvar2: 0
        max: 1
        mean: 1
        min: 1
        var: 0
    silence_rate_30dB:
        dmean: 0
        dmean2: 0
        dvar: 0
        dvar2: 0
        max: 1
        mean: 1
        min: 1
        var: 0
    silence_rate_60dB:
        dmean: 0.157407402992
        dmean2: 0.313225060701
        dvar: 0.132629901171
        dvar2: 0.247596666217
        max: 1
        mean: 0.759815216064
        min: 0
        var: 0.182495996356
    spectral_centroid:
        dmean: 404.639343262
        dmean2: 542.523376465
        dvar: 267217.4375
        dvar2: 468915.78125
        max: 4438.45019531
        mean: 1405.98718262
        min: 132.954772949
        var: 1181742.625
    spectral_complexity:
        dmean: 2.14849185944
        dmean2: 2.98604655266
        dvar: 31.5325603485
        dvar2: 58.7951049805
        max: 52
        mean: 3.4699075222
        min: 0
        var: 57.5593338013
    spectral_crest:
        dmean: 2.67041611671
        dmean2: 3.98369455338
        dvar: 7.54482316971
        dvar2: 13.3227243423
        max: 23.7268276215
        mean: 9.72076320648
        min: 3.7646343708
        var: 19.0205574036
    spectral_decrease:
        dmean: 3.97329502633e-10
        dmean2: 6.06869943187e-10
        dvar: 8.39638417867e-19
        dvar2: 1.90305783256e-18
        max: -7.02306615641e-12
        mean: -5.1296078496e-10
        min: -8.26833534973e-09
        var: 9.90457276677e-19
    spectral_energy:
        dmean: 0.00177613599226
        dmean2: 0.00267277634703
        dvar: 1.95999236894e-05
        dvar2: 4.22962912126e-05
        max: 0.0423402152956
        mean: 0.00226714671589
        min: 3.18186685035e-05
        var: 2.39712553594e-05
    spectral_energyband_high:
        dmean: 0.000338687357726
        dmean2: 0.00045979762217
        dvar: 1.79443168236e-06
        dvar2: 3.33551906806e-06
        max: 0.0148709155619
        mean: 0.000369025743566
        min: 1.40323857067e-06
        var: 2.52759537034e-06
    spectral_energyband_low:
        dmean: 0.000468172918772
        dmean2: 0.000750480860006
        dvar: 7.80771415521e-07
        dvar2: 1.83076292615e-06
        max: 0.00621821917593
        mean: 0.000666685926262
        min: 5.20178122798e-09
        var: 1.19114838526e-06
    spectral_energyband_middle_high:
        dmean: 0.000519916473422
        dmean2: 0.000773698324338
        dvar: 4.26271571996e-06
        dvar2: 9.31884187594e-06
        max: 0.0215253382921
        mean: 0.000539160449989
        min: 1.44591731441e-05
        var: 4.75486513096e-06
    spectral_energyband_middle_low:
        dmean: 0.00062110874569
        dmean2: 0.00108047318645
        dvar: 2.20813876695e-06
        dvar2: 5.95359779254e-06
        max: 0.0100284665823
        mean: 0.00069223716855
        min: 3.90186414734e-06
        var: 1.79024107183e-06
    spectral_flatness_db:
        dmean: 0.0358434431255
        dmean2: 0.050967656076
        dvar: 0.00127432157751
        dvar2: 0.00222728541121
        max: 0.381010830402
        mean: 0.200300633907
        min: 0.0746643841267
        var: 0.00394694833085
    spectral_flux:
        dmean: 0.0146632026881
        dmean2: 0.0214706994593
        dvar: 0.000429885374615
        dvar2: 0.000835857121274
        max: 0.180197268724
        mean: 0.0244276355952
        min: 0.00162337545771
        var: 0.000852327910252
    spectral_kurtosis:
        dmean: 2.57039260864
        dmean2: 3.80232739449
        dvar: 17.147726059
        dvar2: 33.2997169495
        max: 43.1106681824
        mean: 5.86529111862
        min: 0.336619377136
        var: 43.8348121643
    spectral_rms:
        dmean: 0.000448450417025
        dmean2: 0.000607927155215
        dvar: 4.97707389968e-07
        dvar2: 9.63626689554e-07
        max: 0.006427093409
        mean: 0.00108918524347
        min: 0.000176189118065
        var: 1.02552849057e-06
    spectral_rolloff:
        dmean: 669.327575684
        dmean2: 1068.34667969
        dvar: 968857.625
        dvar2: 1673759.25
        max: 6180.02929688
        mean: 2375.73046875
        min: 86.1328125
        var: 3021060.25
    spectral_skewness:
        dmean: 0.332688242197
        dmean2: 0.476155728102
        dvar: 0.180711060762
        dvar2: 0.292836934328
        max: 5.23683214188
        mean: 1.77531254292
        min: 0.665765702724
        var: 0.676204741001
    spectral_spread:
        dmean: 1058656.25
        dmean2: 1416797.5
        dvar: 1.40783425946e+12
        dvar2: 2.06402014413e+12
        max: 12263247
        mean: 5471103
        min: 1574261.125
        var: 4.18983942554e+12
    spectral_strongpeak:
        dmean: 0.170373395085
        dmean2: 0.303187102079
        dvar: 0.204774931073
        dvar2: 0.634117424488
        max: 4.04119825363
        mean: 0.221298992634
        min: 0.00456431228667
        var: 0.147175192833
    zerocrossingrate:
        dmean: 0.0172688420862
        dmean2: 0.0166458487511
        dvar: 0.000256031635217
        dvar2: 0.000243137896177
        max: 0.21337890625
        mean: 0.079622618854
        min: 0.00634765625
        var: 0.00230127875693
    barkbands:
        dmean: [1.0744794281e-06, 0.00023898089421, 0.000317368016113, 0.000321862346027, 0.000243040398345, 3.23838539771e-05, 2.41899924731e-05, 5.70119846088e-05, 1.2760613572e-05, 5.28648024556e-06, 8.85988447408e-06, 7.85260090197e-06, 7.24586743672e-06, 1.55375146278e-05, 1.49419720401e-05, 3.16742443829e-05, 6.04692177149e-05, 0.000104313032352, 0.00020531656628, 0.000204004565603, 0.000179760492756, 3.82035905204e-05, 5.276749107e-06, 2.76984474112e-06, 2.65086282525e-06, 2.44646201963e-07, 2.08013872793e-09]
        dmean2: [1.73767830347e-06, 0.000341517588822, 0.000553341233172, 0.000563816982321, 0.000428513711086, 5.6003787904e-05, 4.23884157499e-05, 9.18899822864e-05, 2.24890009122e-05, 8.36725757836e-06, 1.34030651679e-05, 1.21519751701e-05, 1.25397482407e-05, 2.58047075476e-05, 2.43366539507e-05, 4.85973578179e-05, 0.00010543604003, 0.000157628208399, 0.000301730324281, 0.000273614889011, 0.000258588494034, 5.47460986127e-05, 7.88413581176e-06, 4.32266733696e-06, 4.12430290453e-06, 3.87729500062e-07, 3.37771899339e-09]
        dvar: [6.68192627964e-12, 2.04760638667e-07, 5.03268040575e-07, 7.30562135232e-07, 4.78915126223e-07, 1.20328840225e-08, 7.69885399876e-09, 2.90179649198e-08, 1.9429660103e-09, 2.01686875534e-10, 1.99142383139e-10, 5.02928754198e-10, 1.54484147696e-09, 3.82110831865e-09, 3.46317863276e-09, 1.32957698185e-08, 7.546641001e-08, 1.83760334949e-07, 8.2843752125e-07, 5.22714003637e-07, 6.40693599507e-07, 1.57596584671e-08, 1.92728638604e-10, 6.47415940302e-11, 4.65398622418e-11, 2.88675740213e-13, 3.88993991501e-17]
        dvar2: [1.49311171066e-11, 3.92798540361e-07, 1.39868313909e-06, 1.99885016627e-06, 1.31108197365e-06, 3.37380576809e-08, 2.06797281521e-08, 7.59159561881e-08, 4.85434936692e-09, 5.07927866433e-10, 4.69070282616e-10, 1.21507304218e-09, 4.18988577167e-09, 9.75507497003e-09, 8.14746314859e-09, 3.02116518469e-08, 2.03387443776e-07, 4.18655162093e-07, 1.91770072888e-06, 8.99091048723e-07, 1.31481579047e-06, 3.23204751851e-08, 4.48505149686e-10, 1.47814108176e-10, 9.14241182759e-11, 6.26712061153e-13, 6.40511756335e-17]
        max: [2.49504446401e-05, 0.00265827542171, 0.00504909083247, 0.00613401364535, 0.00590204633772, 0.00120722525753, 0.000995596055873, 0.00233260472305, 0.000561220629606, 0.000141697790241, 0.000121224438772, 0.000251990975812, 0.000421468197601, 0.000547155505046, 0.00063565390883, 0.00122101756278, 0.00258452561684, 0.00484657427296, 0.00979708414525, 0.00841076672077, 0.00833035632968, 0.00123887567315, 0.000130660177092, 7.44101998862e-05, 6.51586888125e-05, 4.22808716394e-06, 1.03720083189e-07]
        mean: [1.74164506461e-06, 0.000293091463391, 0.000371893489501, 0.000270474120043, 0.000207881690585, 2.80643726001e-05, 5.19417371834e-05, 0.000107446860056, 2.60442593571e-05, 5.67017059439e-06, 1.50532405314e-05, 1.16101364256e-05, 4.91030459671e-06, 1.15935417853e-05, 1.27768535094e-05, 3.32618219545e-05, 4.59801194665e-05, 0.000100130433566, 0.000194377542357, 0.000235503946897, 0.000180299917702, 4.57440983155e-05, 5.83384871788e-06, 2.77505478152e-06, 2.80153153653e-06, 2.45429305323e-07, 1.76878878211e-09]
        min: [1.16782581869e-11, 1.38423517093e-09, 5.61564128532e-10, 4.01038313669e-09, 2.47957698818e-09, 1.77514958288e-09, 6.98549307288e-09, 7.81002995609e-07, 5.53591839036e-08, 1.92623392792e-08, 1.00220427157e-06, 3.65341406905e-07, 2.63881555496e-10, 7.62979679436e-10, 2.31331664935e-08, 6.12715098214e-07, 3.7708772993e-08, 6.10178801708e-07, 1.49945708472e-06, 8.01125509042e-07, 1.959978988e-07, 1.49076939238e-07, 1.46650327437e-08, 9.03488039938e-09, 5.52419843203e-09, 5.95384408442e-10, 8.2256662419e-13]
        var: [1.3293976163e-11, 2.89980022217e-07, 5.32647334239e-07, 5.23856442669e-07, 3.28732539856e-07, 8.01462007871e-09, 1.56705652898e-08, 8.17652718865e-08, 4.55273685418e-09, 1.67066790957e-10, 2.82528167528e-10, 4.67910987734e-10, 1.0375830195e-09, 2.93838042786e-09, 3.16922421639e-09, 1.40426630324e-08, 5.33061630392e-08, 1.89490478419e-07, 8.37430320644e-07, 8.54511711168e-07, 7.6486657008e-07, 2.49091698379e-08, 2.39806174918e-10, 6.89006351973e-11, 6.18719520062e-11, 3.63617149628e-13, 4.0246088892e-17]
    mfcc:
        mean: [-860.751037598, 87.8646087646, -30.8838748932, 58.676700592, -22.9498996735, -12.6598367691, 8.48788356781, 11.9145736694, 14.4332313538, -1.1437497139, -3.66574978828, 0.339857846498, 17.1092910767]
        cov: [[8230.64257812, -1258.80383301, 1155.80285645, 846.413635254, 789.46307373, 818.157104492, -173.507400513, -856.541259766, -642.552307129, -185.794769287, 240.332000732, -255.553817749, -863.839904785], [-1258.80383301, 2682.69287109, 1115.00817871, 750.028564453, 423.179840088, 137.065307617, 254.614486694, 196.566040039, 81.6610641479, -6.63572788239, -139.442932129, -34.9989089966, 79.7505187988], [1155.80285645, 1115.00817871, 1319.2088623, 721.952392578, 630.411621094, 400.767547607, 209.633071899, 0.409945696592, -99.2591934204, -53.9683685303, -41.0773849487, -82.4689331055, -113.846008301], [846.413635254, 750.028564453, 721.952392578, 789.944885254, 534.861755371, 436.67565918, 229.774215698, 13.7080764771, -63.5641593933, -104.929862976, -97.074180603, -119.566482544, -91.3976211548], [789.46307373, 423.179840088, 630.411621094, 534.861755371, 535.444580078, 415.749481201, 235.015060425, 32.2644500732, -51.5913581848, -82.4193572998, -70.5946807861, -89.5842971802, -89.2643585205], [818.157104492, 137.065307617, 400.767547607, 436.67565918, 415.749481201, 432.875244141, 219.502334595, 20.3299293518, -45.8562850952, -59.6826553345, -21.6812648773, -69.5113220215, -92.8562927246], [-173.507400513, 254.614486694, 209.633071899, 229.774215698, 235.015060425, 219.502334595, 233.53767395, 139.920410156, 52.0899543762, -10.6115818024, -36.2938270569, -19.2599201202, 30.0224609375], [-856.541259766, 196.566040039, 0.409945696592, 13.7080764771, 32.2644500732, 20.3299293518, 139.920410156, 204.323165894, 126.110649109, 41.2469367981, -19.4581775665, 33.5658988953, 109.488975525], [-642.552307129, 81.6610641479, -99.2591934204, -63.5641593933, -51.5913581848, -45.8562850952, 52.0899543762, 126.110649109, 136.217147827, 82.1452178955, 38.3065299988, 60.7374916077, 91.1340332031], [-185.794769287, -6.63572788239, -53.9683685303, -104.929862976, -82.4193572998, -59.6826553345, -10.6115818024, 41.2469367981, 82.1452178955, 139.135437012, 121.905960083, 82.8712387085, 49.5062484741], [240.332000732, -139.442932129, -41.0773849487, -97.074180603, -70.5946807861, -21.6812648773, -36.2938270569, -19.4581775665, 38.3065299988, 121.905960083, 183.393814087, 103.763641357, 8.2127904892], [-255.553817749, -34.9989089966, -82.4689331055, -119.566482544, -89.5842971802, -69.5113220215, -19.2599201202, 33.5658988953, 60.7374916077, 82.8712387085, 103.763641357, 109.177772522, 66.2795944214], [-863.839904785, 79.7505187988, -113.846008301, -91.3976211548, -89.2643585205, -92.8562927246, 30.0224609375, 109.488975525, 91.1340332031, 49.5062484741, 8.2127904892, 66.2795944214, 147.501541138]]
        icov: [[0.000948010652792, 0.000813490187284, -0.00081162940478, -0.00103061180562, 9.82072160696e-05, 0.000575204845518, -0.00106428959407, 0.00232290104032, -8.49164716783e-05, -0.000303354870994, -0.000688281084877, -0.000795500411186, 0.00331108504906], [0.000813490187284, 0.00175191543531, -0.0015593317803, -0.00214081490412, 0.000809919729363, 0.00196867226623, -0.00215988070704, 0.00222887750715, -0.00066021917155, -0.000949919573031, 0.000910709029995, -0.0020437259227, 0.00339590525255], [-0.00081162940478, -0.0015593317803, 0.00429215561599, 0.000303029839415, -0.00492805661634, 0.00117644155398, 0.00258873729035, -0.004416287411, 0.00457223178819, -0.00170861405786, -0.000815126230009, 0.000688644766342, -0.00241565029137], [-0.00103061180562, -0.00214081490412, 0.000303029839415, 0.00785374268889, -0.00220566475764, -0.00531769450754, 0.00281407404691, -0.000366100430256, -0.00254451599903, 0.00301299476996, -0.00133535801433, 0.00556563632563, -0.00662706047297], [9.82072160696e-05, 0.000809919729363, -0.00492805661634, -0.00220566475764, 0.0184197202325, -0.0089449910447, -0.00524798640981, 0.00362041732296, -0.00421095732599, 0.000790182850324, 0.00592316593975, -0.00369008327834, 0.00252860621549], [0.000575204845518, 0.00196867226623, 0.00117644155398, -0.00531769450754, -0.0089449910447, 0.0212904810905, -0.0125378631055, 0.00255679874681, 0.00264076865278, 0.0011870530434, -0.00651942892, -0.000136220594868, 0.0069551425986], [-0.00106428959407, -0.00215988070704, 0.00258873729035, 0.00281407404691, -0.00524798640981, -0.0125378631055, 0.030415341258, -0.0204209052026, 0.00407726271078, -2.33056944126e-05, -0.00103525549639, 0.0048277406022, -0.00804782193154], [0.00232290104032, 0.00222887750715, -0.004416287411, -0.000366100430256, 0.00362041732296, 0.00255679874681, -0.0204209052026, 0.038400799036, -0.0214069858193, 0.00143146538176, 0.0041651581414, -0.00271478015929, 0.00194980623201], [-8.49164716783e-05, -0.00066021917155, 0.00457223178819, -0.00254451599903, -0.00421095732599, 0.00264076865278, 0.00407726271078, -0.0214069858193, 0.0393505319953, -0.0177663695067, 0.00355390715413, -0.00611260719597, 0.00018533092225], [-0.000303354870994, -0.000949919573031, -0.00170861405786, 0.00301299476996, 0.000790182850324, 0.0011870530434, -2.33056944126e-05, 0.00143146538176, -0.0177663695067, 0.0372189208865, -0.0260932557285, 0.0120409457013, -0.00601973431185], [-0.000688281084877, 0.000910709029995, -0.000815126230009, -0.00133535801433, 0.00592316593975, -0.00651942892, -0.00103525549639, 0.0041651581414, 0.00355390715413, -0.0260932557285, 0.0422498472035, -0.0320919267833, 0.00924943666905], [-0.000795500411186, -0.0020437259227, 0.000688644766342, 0.00556563632563, -0.00369008327834, -0.000136220594868, 0.0048277406022, -0.00271478015929, -0.00611260719597, 0.0120409457013, -0.0320919267833, 0.0497637502849, -0.0216990821064], [0.00331108504906, 0.00339590525255, -0.00241565029137, -0.00662706047297, 0.00252860621549, 0.0069551425986, -0.00804782193154, 0.00194980623201, 0.00018533092225, -0.00601973431185, 0.00924943666905, -0.0216990821064, 0.0356047526002]]
    spectral_contrast:
        mean: [-3.17718985343e-07, -3.37854515919e-07, -2.64193801058e-07, -3.00455013758e-07, 1.71811763039e-07, 2.87347518224e-07, -3.26783833771e-06, 2.05691208066e-06, -9.95066443465e-07, 8.1983984046e-07, 1.23996971979e-06, 2.67613813776e-06]
        var: [0.000140473872307, 0.000439920637291, 0.00109382381197, 0.00273738545366, 0.00669279973954, 0.00797817762941, 0.0612712949514, 0.0971358194947, 0.207787677646, 0.509424805641, 2.32961153984, 7.82988214493]

rhythm:
    beats_loudness:
        dmean: 0.0116770239547
        dmean2: 0.0233577284962
        dvar: 8.80016741576e-05
        dvar2: 0.000191134342458
        max: 0.0228620357811
        mean: 0.00688299210742
        min: 9.0744899353e-05
        var: 7.60280236136e-05
    beats_loudness_bass:
        dmean: 0.39970344305
        dmean2: 0.642949104309
        dvar: 0.0816585272551
        dvar2: 0.0433697104454
        max: 0.866519868374
        mean: 0.401442378759
        min: 8.696065197e-05
        var: 0.125336810946
    bpm: 102.668830872
    bpm_confidence: 0
    first_peak_bpm: 103
    first_peak_spread: 0.0625
    first_peak_weight: 0.9375
    onset_rate: 4.68546581268
    second_peak_bpm: 0
    second_peak_spread: 0
    second_peak_weight: 0
    beats_position: [0.046008117497, 0.630229651928, 1.21445119381, 1.79867267609, 2.38289427757, 2.96711587906, 3.55133748055, 4.13555908203, 4.7197804451, 5.304002285, 5.88822364807, 6.48549079895, 7.07006072998, 7.65463161469, 8.23920154572, 8.82377147675, 9.40834140778]
    bpm_estimates: [102.770179749, 102.645103455, 102.870986938, 102.512680054, 102.629638672, 102.781677246, 102.795417786, 102.701873779, 102.70059967, 102.600456238, 102.825271606, 102.584144592, 102.82434082, 102.42440033, 102.512763977, 102.56098175, 102.747512817, 102.752365112, 102.637535095, 102.628433228, 102.538749695]
    bpm_intervals: [0.584221541882, 0.584221541882, 0.584221482277, 0.584221601486, 0.584221601486, 0.584221601486, 0.584221601486, 0.584221363068, 0.584221839905, 0.584221363068, 0.597267150879, 0.58456993103, 0.584570884705, 0.58456993103, 0.58456993103, 0.58456993103]
    onset_times: [0.0348299331963, 0.31346938014, 0.510838985443, 0.592108845711, 0.743038535118, 0.905578255653, 1.20743763447, 1.35836732388, 1.48607707024, 1.77632653713, 2.06657600403, 2.36843538284, 2.65868473053, 2.93732428551, 3.09986400604, 3.25079369545, 3.54104304314, 3.70358276367, 3.84290242195, 4.12154197693, 4.42340135574, 4.71365070343, 5.01551008224, 5.21287965775, 5.30575942993, 5.44507932663, 5.60761928558, 5.9094786644, 6.06040811539, 6.18811798096, 6.47836732864, 6.78022670746, 7.07047605515, 7.36072540283, 7.55809545517, 7.65097522736, 7.80190467834, 7.95283460617, 8.24308395386, 8.40562343597, 8.54494285583, 8.83519268036, 9.12544250488, 9.42730140686, 9.72916126251, 9.91492080688, 10.0078001022]
    rubato_start: []
    rubato_stop: []
    perceptual_tempo: "unknown"

sfx:
    inharmonicity:
        dmean: 0.0518118739128
        dmean2: 0.0896902233362
        dvar: 0.0037049157545
        dvar2: 0.00959156919271
        max: 0.412098944187
        mean: 0.0513529554009
        min: 2.2128326691e-06
        var: 0.00439765304327
    oddtoevenharmonicenergyratio:
        dmean: 3.72146439552
        dmean2: 6.91344642639
        dvar: 96.3928833008
        dvar2: 292.764221191
        max: 80.6516113281
        mean: 2.69581341743
        min: 1.16783121484e-05
        var: 59.7200241089
    pitch_after_max_to_before_max_energy_ratio: 11.4113149643
    pitch_centroid: 223.912109375
    pitch_max_to_total: 0.0787037014961
    pitch_min_to_total: 0.518518507481
    tristimulus:
        dmean: [0.225159570575, 0.234647080302, 0.120338365436]
        dmean2: [0.393308162689, 0.401913970709, 0.203330099583]
        dvar: [0.0525670088828, 0.0465029925108, 0.0175339374691]
        dvar2: [0.121146917343, 0.119395412505, 0.0505320541561]
        max: [0.993472993374, 0.982848882675, 0.844041824341]
        mean: [0.357572764158, 0.479488790035, 0.140495568514]
        min: [0.00468905968592, 0, 0]
        var: [0.0893252566457, 0.0767677128315, 0.0233830437064]

tonal:
    chords_changes_rate: 0.0184331797063
    chords_number_rate: 0.0138248847798
    chords_strength:
        dmean: 0.00708628399298
        dmean2: 0.00840387865901
        dvar: 2.9035807529e-05
        dvar2: 4.60562841909e-05
        max: 0.578310966492
        mean: 0.481205135584
        min: 0.409348219633
        var: 0.00151077995542
    key_strength: 0.47678938508
    tuning_diatonic_strength: 0.352352797985
    tuning_equal_tempered_deviation: 0.162887856364
    tuning_frequency: 456.306610107
    tuning_nontempered_energy_ratio: 0.815111815929
    hpcp:
        dmean: [0.18012855947, 0.128845080733, 0.118170201778, 0.138775020838, 0.143765673041, 0.246131032705, 0.263973385096, 0.142533957958, 0.188006266952, 0.20101724565, 0.0842329338193, 0.0713811293244, 0.132255375385, 0.172867551446, 0.213789582253, 0.223024949431, 0.151741907001, 0.128236204386, 0.150188356638, 0.0988994166255, 0.0623916462064, 0.0778010487556, 0.0716772601008, 0.0574370324612, 0.0423417240381, 0.0436167791486, 0.0805592983961, 0.0985921323299, 0.0868752300739, 0.104344069958, 0.0977326706052, 0.0931673645973, 0.118768401444, 0.125605508685, 0.13104608655, 0.171529427171]
        dmean2: [0.293139725924, 0.225118979812, 0.202359452844, 0.239349365234, 0.238955035806, 0.416469156742, 0.449232548475, 0.228623867035, 0.312463194132, 0.343422472477, 0.136432811618, 0.120112940669, 0.233422368765, 0.307671517134, 0.36955216527, 0.380526483059, 0.262886375189, 0.240919902921, 0.27968659997, 0.184896856546, 0.102929547429, 0.137202352285, 0.126685664058, 0.0954602360725, 0.0680303201079, 0.0729786679149, 0.13738489151, 0.168920904398, 0.137510314584, 0.173404216766, 0.169663965702, 0.159130960703, 0.210337206721, 0.218184247613, 0.221987619996, 0.275746285915]
        dvar: [0.0380573682487, 0.0354922674596, 0.0334217362106, 0.0480084381998, 0.0483894608915, 0.0700097605586, 0.0975797995925, 0.0246038343757, 0.0539285652339, 0.057949308306, 0.0164258312434, 0.0168245881796, 0.0489192418754, 0.0601597949862, 0.0428170748055, 0.0577532090247, 0.0520514436066, 0.0526020117104, 0.0850662514567, 0.034546226263, 0.00542074069381, 0.0150934020057, 0.0234357472509, 0.0186602082103, 0.00440625613555, 0.00437096180394, 0.0132426759228, 0.0231040678918, 0.0273826345801, 0.026225419715, 0.0199014749378, 0.0262330435216, 0.048692394048, 0.0453205443919, 0.0390756689012, 0.0423381850123]
        dvar2: [0.0875221863389, 0.0876020863652, 0.079782769084, 0.117633998394, 0.113742284477, 0.125977545977, 0.168854802847, 0.0425072610378, 0.107005991042, 0.125978976488, 0.0442637652159, 0.0431062616408, 0.128581464291, 0.158278867602, 0.12233299762, 0.166822001338, 0.139355093241, 0.142595231533, 0.248634427786, 0.105677567422, 0.0142121715471, 0.0429775416851, 0.0655714944005, 0.0443856343627, 0.00913098454475, 0.00920045189559, 0.03525210917, 0.0625917762518, 0.0456916131079, 0.0567081496119, 0.0552418790758, 0.0725148320198, 0.139387696981, 0.120568335056, 0.081132017076, 0.0793403014541]
        max: [1, 0.992506742477, 1, 1, 1, 1, 1, 1, 1, 1, 1, 1, 1, 1, 1, 1, 1, 1, 1, 1, 0.467175066471, 1, 1, 1, 0.468115091324, 0.445603340864, 0.784367382526, 1, 1, 1, 1, 1, 1, 1, 1, 1]
        mean: [0.240778192878, 0.129661917686, 0.108276225626, 0.126427173615, 0.176311165094, 0.470556616783, 0.550288438797, 0.270963668823, 0.308183163404, 0.302607357502, 0.109179019928, 0.0694531351328, 0.106588676572, 0.165955767035, 0.305699527264, 0.313965678215, 0.153559550643, 0.0941932350397, 0.0985879451036, 0.0823656544089, 0.0958763211966, 0.10501871258, 0.0696291923523, 0.0496289096773, 0.0392494909465, 0.0469574518502, 0.0932612344623, 0.123540662229, 0.132603153586, 0.147079005837, 0.119737297297, 0.0863151922822, 0.0899289995432, 0.108521603048, 0.148238092661, 0.252764165401]
        min: [0.00230566062964, 0.000302400119836, 5.24474842223e-07, 3.49722540705e-06, 0.000186170043889, 0.00130275823176, 0.00182759447489, 0.000794920488261, 0.00173429236747, 0.00161846762057, 0.000622469931841, 8.16152678453e-05, 0.000107909472717, 0.000281050772173, 0.000391736975871, 0.000385319523048, 0.000103506630694, 4.67153040518e-06, 2.55925624515e-06, 3.31454357365e-05, 0.000360536971129, 0.000306609494146, 0.000305205787299, 3.46981414623e-06, 5.0459684644e-06, 8.93967444426e-05, 0.000388959218981, 0.000406911014579, 0.000581786269322, 0.000879356113728, 0.000628111185506, 9.84096186585e-05, 2.26203883358e-06, 1.70092130247e-06, 0.000358256918844, 0.00172161275987]
        var: [0.0724237337708, 0.040543217212, 0.0381633117795, 0.0485284291208, 0.0625801160932, 0.122664280236, 0.170914933085, 0.0575262792408, 0.102771446109, 0.0980729013681, 0.018631817773, 0.0156690105796, 0.0384255871177, 0.0528768412769, 0.0660063773394, 0.0791433975101, 0.0458970703185, 0.0392630137503, 0.0561225675046, 0.0263961441815, 0.00720253167674, 0.0115490099415, 0.0153856538236, 0.0147536434233, 0.00515656592324, 0.00577604444697, 0.0150336734951, 0.0255388710648, 0.0590585321188, 0.0436084717512, 0.0206123292446, 0.0216539092362, 0.0337599739432, 0.0400482155383, 0.0527780652046, 0.0804189965129]
    chords_histogram: [0, 0, 0, 0, 0, 0, 0, 0, 0, 0, 0, 0, 0, 0, 0, 0, 85.7142868042, 5.5299539566, 0, 0, 0, 0, 8.75576019287, 0]
    thpcp: [1, 0.492402970791, 0.56003934145, 0.549906790257, 0.198403254151, 0.126212239265, 0.193696007133, 0.301579594612, 0.555525958538, 0.57054746151, 0.279052823782, 0.171170666814, 0.179156854749, 0.149677246809, 0.174229219556, 0.19084303081, 0.126532167196, 0.0901870876551, 0.071325302124, 0.0853324308991, 0.169477000833, 0.224501654506, 0.240970268846, 0.267276197672, 0.21759006381, 0.156854450703, 0.163421571255, 0.197208583355, 0.269382536411, 0.459330320358, 0.437549054623, 0.235625371337, 0.196762681007, 0.229747101665, 0.320397734642, 0.855109035969]
    chords_key: "G"
    chords_scale: "major"
    key_key: "B"
    key_scale: "major"
    chords_progression: ["G", "G", "G", "G", "G", "G", "G", "G", "G", "G", "G", "G", "G", "G", "G", "G", "G", "G", "G", "G", "G", "G", "G", "G", "G", "G", "G", "G", "G", "G", "G", "G", "G", "G", "G", "G", "G", "G", "G", "G", "G", "G", "G", "G", "G", "G", "G", "G", "G", "G", "G", "G", "G", "G", "G", "G", "G", "G", "G", "G", "G", "G", "G", "G", "G", "G", "G", "G", "G", "G", "G", "G", "G", "G", "E", "E", "E", "E", "E", "E", "E", "E", "E", "E", "E", "E", "E", "E", "E", "E", "E", "E", "E", "G", "G", "G", "G", "G", "G", "G", "G", "G", "G", "G", "G", "G", "G", "G", "G", "G", "G", "Bm", "Bm", "Bm", "Bm", "Bm", "Bm", "Bm", "Bm", "Bm", "Bm", "Bm", "Bm", "G", "G", "G", "G", "G", "G", "G", "G", "G", "G", "G", "G", "G", "G", "G", "G", "G", "G", "G", "G", "G", "G", "G", "G", "G", "G", "G", "G", "G", "G", "G", "G", "G", "G", "G", "G", "G", "G", "G", "G", "G", "G", "G", "G", "G", "G", "G", "G", "G", "G", "G", "G", "G", "G", "G", "G", "G", "G", "G", "G", "G", "G", "G", "G", "G", "G", "G", "G", "G", "G", "G", "G", "G", "G", "G", "G", "G", "G", "G", "G", "G", "G", "G", "G", "G", "G", "G", "G", "G", "G", "G", "G", "G", "G"]
