
metadata:
    version:
        essentia: "1.2.2"
    audio_properties:
        analysis_sample_rate: 44100
        bitrate: 128
        channels: 2
        equal_loudness: 1
        length: 10.1093873978
        replay_gain: -15.0123348236
        downmix: "mix"
    tags:
        track: 27
        year: 0
        album: "Splitted by Mp3Splt v. 2.1"
        artist: "From 004.20 To 004.30"
        comment: "http://mp3splt.sf.net"
        genre: ""
        title: "03 Rise & Shine.mp3"

highlevel:
    ballroom:
        all:
            ChaChaCha: 0.0729136392474
            Jive: 0.418089210987
            Quickstep: 0.136153146625
            Rumba-American: 0.0139964977279
            Rumba-International: 0.0537317693233
            Rumba-Misc: 0.0788661390543
            Samba: 0.108960874379
            Tango: 0.00862307008356
            VienneseWaltz: 0.092744871974
            Waltz: 0.0159207712859
        probability: 0.418089210987
        value: "Jive"
    culture:
        all:
            non_western: 0.144270300865
            western: 0.855729699135
        probability: 0.855729699135
        value: "western"
    gender:
        all:
            female: 0.354113221169
            male: 0.645886778831
        probability: 0.645886778831
        value: "male"
    genre_dortmund:
        all:
            alternative: 0.0502256974578
            blues: 0.0952889174223
            electronic: 0.0360168591142
            folkcountry: 0.118184998631
            funksoulrnb: 0.15940579772
            jazz: 0.0189943630248
            pop: 0.136693030596
            raphiphop: 0.138697564602
            rock: 0.246492773294
        probability: 0.246492773294
        value: "rock"
    genre_electronica:
        all:
            ambient: 0.397833228111
            dnb: 0.162181794643
            house: 0.0786956697702
            techno: 0.0156918652356
            trance: 0.345597445965
        probability: 0.397833228111
        value: "ambient"
    genre_rosamerica:
        all:
            cla: 0.0172778088599
            dan: 0.119442351162
            hip: 0.0225098952651
            jaz: 0.0106784338132
            pop: 0.383059591055
            rhy: 0.328273117542
            roc: 0.111634552479
            spe: 0.00712424889207
        probability: 0.383059591055
        value: "pop"
    genre_tzanetakis:
        all:
            blu: 0.00127361598425
            cla: 0.00265909358859
            cou: 0.0805716514587
            dis: 0.206847757101
            hip: 0.00528041878715
            jaz: 0.00192447914742
            met: 0.00254043308087
            pop: 0.441803574562
            reg: 0.021036490798
            roc: 0.236062481999
        probability: 0.441803574562
        value: "pop"
    live_studio:
        all:
            live: 0.579959213734
            studio: 0.420040786266
        probability: 0.579959213734
        value: "live"
    mood:
        all:
            Cluster1: 0.15455506742
            Cluster2: 0.298712074757
            Cluster3: 0.323661744595
            Cluster4: 0.177122801542
            Cluster5: 0.0459483116865
        probability: 0.323661744595
        value: "Cluster3"
    mood_acoustic:
        all:
            acoustic: 0.120567515492
            not_acoustic: 0.879432499409
        probability: 0.879432499409
        value: "not_acoustic"
    mood_aggressive:
        all:
            aggressive: 0.0530772805214
            not_aggressive: 0.946922719479
        probability: 0.946922719479
        value: "not_aggressive"
    mood_electronic:
        all:
            electronic: 0.0615979284048
            not_electronic: 0.938402056694
        probability: 0.938402056694
        value: "not_electronic"
    mood_happy:
        all:
            happy: 0.95536750555
            not_happy: 0.0446324981749
        probability: 0.95536750555
        value: "happy"
    mood_party:
        all:
            not_party: 0.72591650486
            party: 0.274083524942
        probability: 0.72591650486
        value: "not_party"
    mood_relaxed:
        all:
            not_relaxed: 0.762438714504
            relaxed: 0.237561315298
        probability: 0.762438714504
        value: "not_relaxed"
    mood_sad:
        all:
            not_sad: 0.544869184494
            sad: 0.455130815506
        probability: 0.544869184494
        value: "not_sad"
    rhythm:
        all:
            fast: 0.982877850533
            medium: 0.0137310428545
            slow: 0.00339112640359
        probability: 0.982877850533
        value: "fast"
    speech_music:
        all:
            music: 0.999918282032
            speech: 8.17362524685e-05
        probability: 0.999918282032
        value: "music"
    timbre:
        all:
            bright: 0.743083715439
            dark: 0.256916254759
        probability: 0.743083715439
        value: "bright"
    voice_instrumental:
        all:
            instrumental: 0.000471019942779
            voice: 0.999529004097
        probability: 0.999529004097
        value: "voice"

lowlevel:
    average_loudness: 0.984846174717
    barkbands_kurtosis:
        dmean: 0.895724654198
        dmean2: 1.4100959301
        dvar: 1.70228147507
        dvar2: 3.91643691063
        max: 13.7348823547
        mean: -0.159525647759
        min: -1.8640127182
        var: 3.26114487648
    barkbands_skewness:
        dmean: 0.475388228893
        dmean2: 0.736282110214
        dvar: 0.195119798183
        dvar2: 0.429619938135
        max: 3.56583476067
        mean: 0.576402783394
        min: -1.43852901459
        var: 0.563726723194
    barkbands_spread:
        dmean: 5.99733495712
        dmean2: 8.49574661255
        dvar: 36.5252037048
        dvar2: 77.4642105103
        max: 69.8301467896
        mean: 26.0466327667
        min: 6.00207090378
        var: 142.962081909
    dissonance:
        dmean: 0.0279657226056
        dmean2: 0.044631164521
        dvar: 0.00095726310974
        dvar2: 0.00200733612292
        max: 0.497035503387
        mean: 0.445659399033
        min: 0.094328597188
        var: 0.00187546235975
    hfc:
        dmean: 2.37544131279
        dmean2: 3.25701403618
        dvar: 5.87467479706
        dvar2: 8.88898277283
        max: 25.7000350952
        mean: 6.09477853775
        min: 0.0683831721544
        var: 18.9961414337
    pitch:
        dmean: 341.127502441
        dmean2: 638.921325684
        dvar: 817476.3125
        dvar2: 1892386.25
        max: 4900
        mean: 497.950805664
        min: 74.1176452637
        var: 769621.6875
    pitch_instantaneous_confidence:
        dmean: 0.12161577493
        dmean2: 0.187569886446
        dvar: 0.0123983146623
        dvar2: 0.0231433939189
        max: 0.899940013885
        mean: 0.476217627525
        min: 0.146316111088
        var: 0.0307850632817
    pitch_salience:
        dmean: 0.0753310993314
        dmean2: 0.120441377163
        dvar: 0.00484786788002
        dvar2: 0.0124878901988
        max: 0.903667211533
        mean: 0.593984007835
        min: 0.265024155378
        var: 0.00842521898448
    silence_rate_20dB:
        dmean: 0
        dmean2: 0
        dvar: 0
        dvar2: 0
        max: 1
        mean: 1
        min: 1
        var: 0
    silence_rate_30dB:
        dmean: 0
        dmean2: 0
        dvar: 0
        dvar2: 0
        max: 1
        mean: 1
        min: 1
        var: 0
    silence_rate_60dB:
        dmean: 0.160919547081
        dmean2: 0.320276498795
        dvar: 0.135023832321
        dvar2: 0.240740790963
        max: 1
        mean: 0.311926603317
        min: 0
        var: 0.214628055692
    spectral_centroid:
        dmean: 301.463867188
        dmean2: 451.68572998
        dvar: 111603.65625
        dvar2: 222183.125
        max: 3517.79882812
        mean: 1286.43103027
        min: 369.588409424
        var: 259195.265625
    spectral_complexity:
        dmean: 3.45265579224
        dmean2: 4.89120388031
        dvar: 12.8251504898
        dvar2: 21.9858417511
        max: 40
        mean: 11.5806455612
        min: 0
        var: 43.847202301
    spectral_crest:
        dmean: 2.63550257683
        dmean2: 4.37464046478
        dvar: 5.22512865067
        dvar2: 13.2953577042
        max: 20.9443054199
        mean: 8.24940776825
        min: 2.79474496841
        var: 9.08227920532
    spectral_decrease:
        dmean: 3.93141852406e-10
        dmean2: 5.68272207069e-10
        dvar: 1.3472874833e-19
        dvar2: 2.47904375221e-19
        max: -1.72568175028e-11
        mean: -1.12095888127e-09
        min: -3.15579540278e-09
        var: 3.88160034211e-19
    spectral_energy:
        dmean: 0.00164491997566
        dmean2: 0.002363397507
        dvar: 2.35484048972e-06
        dvar2: 4.06125718655e-06
        max: 0.013420207426
        mean: 0.00478357216343
        min: 7.1333903179e-05
        var: 7.09321602699e-06
    spectral_energyband_high:
        dmean: 0.000173837048351
        dmean2: 0.00022939738119
        dvar: 7.43780290691e-08
        dvar2: 1.11669677949e-07
        max: 0.00260855187662
        mean: 0.000284153647954
        min: 8.20329375983e-07
        var: 1.87049124634e-07
    spectral_energyband_low:
        dmean: 8.85251138243e-05
        dmean2: 0.000123993857414
        dvar: 4.61622171599e-08
        dvar2: 9.31690635753e-08
        max: 0.00166263175197
        mean: 0.00011954898946
        min: 4.49452102202e-07
        var: 6.10944965729e-08
    spectral_energyband_middle_high:
        dmean: 0.00081254192628
        dmean2: 0.00120683712885
        dvar: 6.39976519778e-07
        dvar2: 1.14440729249e-06
        max: 0.00596938468516
        mean: 0.0019638298545
        min: 3.36263256031e-05
        var: 1.88081048691e-06
    spectral_energyband_middle_low:
        dmean: 0.00108985358384
        dmean2: 0.0016338423593
        dvar: 1.27341718326e-06
        dvar2: 3.09123902298e-06
        max: 0.00901533477008
        mean: 0.00241602049209
        min: 3.39621365129e-05
        var: 2.90087632493e-06
    spectral_flatness_db:
        dmean: 0.0231783799827
        dmean2: 0.0346030704677
        dvar: 0.000379705772502
        dvar2: 0.000837184838019
        max: 0.25642824173
        mean: 0.163560152054
        min: 0.0676355063915
        var: 0.00128516810946
    spectral_flux:
        dmean: 0.011758566834
        dmean2: 0.0185188818723
        dvar: 0.000112919900857
        dvar2: 0.000256600993453
        max: 0.0921741127968
        mean: 0.0426603294909
        min: 0.0125155029818
        var: 0.000261292123469
    spectral_kurtosis:
        dmean: 1.71817564964
        dmean2: 2.62988710403
        dvar: 2.75570082664
        dvar2: 6.25147676468
        max: 15.26537323
        mean: 3.99079060555
        min: -1.11479067802
        var: 9.86674499512
    spectral_rms:
        dmean: 0.0003892374516
        dmean2: 0.000551004253794
        dvar: 1.26763922026e-07
        dvar2: 2.07161363619e-07
        max: 0.00361840915866
        mean: 0.00206806510687
        min: 0.000263806839939
        var: 3.90003862094e-07
    spectral_rolloff:
        dmean: 597.260375977
        dmean2: 887.696105957
        dvar: 425395.84375
        dvar2: 776124.4375
        max: 6847.55859375
        mean: 2395.94091797
        min: 279.931640625
        var: 1244625.5
    spectral_skewness:
        dmean: 0.298373579979
        dmean2: 0.430751979351
        dvar: 0.0664890781045
        dvar2: 0.139390870929
        max: 3.54638934135
        mean: 1.58500146866
        min: 0.175484254956
        var: 0.334533721209
    spectral_spread:
        dmean: 994219.5
        dmean2: 1347669.375
        dvar: 1.45873095885e+12
        dvar2: 2.58876742042e+12
        max: 18737440
        mean: 5205378
        min: 2315187.5
        var: 4.55812579328e+12
    spectral_strongpeak:
        dmean: 0.416754156351
        dmean2: 0.694446206093
        dvar: 0.280302047729
        dvar2: 0.66700387001
        max: 3.28912043571
        mean: 0.669023156166
        min: 0.0240425858647
        var: 0.495336920023
    zerocrossingrate:
        dmean: 0.0122701805085
        dmean2: 0.0136244036257
        dvar: 0.000125804974232
        dvar2: 0.000173953827471
        max: 0.2021484375
        mean: 0.0765825286508
        min: 0.01318359375
        var: 0.000691262132023
    barkbands:
        dmean: [2.7261560831e-07, 3.30314687744e-05, 6.5960943175e-05, 0.000254149315879, 0.000460756040411, 0.000351643451722, 0.000262281973846, 0.000213289866224, 0.000108347958303, 6.50455913274e-05, 0.000197842746275, 9.04087428353e-05, 0.000125414793729, 0.000241908943281, 0.000168528174981, 0.000130516506033, 0.000134444184368, 9.23227416934e-05, 9.82455239864e-05, 8.14844461274e-05, 7.92921928223e-05, 4.23289093305e-05, 1.28389592646e-05, 6.69061364533e-06, 4.01143006457e-06, 1.14767928494e-07, 1.7610628511e-09]
        dmean2: [4.16723963781e-07, 4.91708269692e-05, 9.90880580503e-05, 0.000398516858695, 0.00073347002035, 0.000548886251636, 0.000408423948102, 0.000350724731106, 0.000147660102812, 0.000103170183138, 0.00030251260614, 0.000142839693581, 0.000207185075851, 0.000390547356801, 0.000260943168541, 0.00019662102568, 0.000207414952456, 0.000137228998938, 0.000141435055411, 0.00011371763685, 0.000107133928395, 6.03269872954e-05, 1.88279427675e-05, 1.03978427433e-05, 6.70655299473e-06, 1.89915496662e-07, 2.76859224435e-09]
        dvar: [4.88498564516e-13, 1.24647465682e-08, 3.62592089687e-08, 5.4401965599e-07, 3.3548909073e-07, 3.20647444596e-07, 1.51371395418e-07, 3.0604502399e-07, 4.80897739408e-08, 2.60499319893e-08, 1.71305984509e-07, 3.98046999806e-08, 5.83931729636e-08, 1.51717500785e-07, 7.99971573429e-08, 4.95754299834e-08, 4.14162073525e-08, 3.71951607292e-08, 1.77585768313e-08, 2.02379517589e-08, 1.78766281778e-08, 4.19250101302e-09, 6.78820888389e-10, 1.77374198662e-10, 1.16718315568e-10, 1.28510415742e-13, 5.30807543017e-16]
        dvar2: [9.95624806557e-13, 2.58355257188e-08, 7.72387167558e-08, 1.25680628571e-06, 7.89218347563e-07, 8.3122660044e-07, 3.65939058611e-07, 8.02557735824e-07, 7.94440282448e-08, 6.124017915e-08, 3.89635317788e-07, 9.27303105414e-08, 1.46059022654e-07, 3.51176709046e-07, 1.79310845283e-07, 8.94407534702e-08, 8.38405043169e-08, 7.43072732234e-08, 3.38209034112e-08, 3.80992588589e-08, 2.64207233869e-08, 7.97254351426e-09, 1.11970888117e-09, 4.24779877939e-10, 3.03974567739e-10, 3.44590106232e-13, 1.36350567525e-15]
        max: [6.70745112075e-06, 0.00100936577655, 0.00163467985112, 0.00537853315473, 0.00538933975622, 0.00481175677851, 0.00306213786826, 0.00630550924689, 0.00296879373491, 0.00192482140847, 0.00400587497279, 0.002438405063, 0.003105601063, 0.0027766157873, 0.0026605327148, 0.00250524701551, 0.00219164788723, 0.00253835017793, 0.00121995783411, 0.00139754521661, 0.00137847790029, 0.000602109532338, 0.000454889290268, 0.000126814862597, 0.000112308545795, 3.25125256495e-06, 3.63768918987e-07]
        mean: [5.38318147392e-07, 4.2567098717e-05, 7.64642172726e-05, 0.000265561277047, 0.000723618315533, 0.000565399008337, 0.000412342022173, 0.000242311143666, 0.000184589167475, 9.91269771475e-05, 0.000293643504847, 0.000119293094031, 0.000154198569362, 0.000320699182339, 0.000240560693783, 0.000196044449694, 0.000213990133489, 0.000142595235957, 0.000158037830261, 0.000123631849419, 0.0001187477028, 5.9149642766e-05, 1.7461790776e-05, 8.24694325274e-06, 4.64035156256e-06, 1.13342224495e-07, 1.11316811324e-09]
        min: [3.91075755113e-10, 1.51878765564e-07, 6.9058039287e-08, 9.14818087949e-08, 6.07854099144e-06, 9.64681703408e-07, 1.84422492566e-06, 8.77371235219e-07, 1.36613027735e-06, 9.97122356239e-07, 1.63323306879e-06, 4.37400331066e-07, 5.95814299231e-07, 3.73262673747e-06, 1.91025833374e-06, 1.69384827586e-06, 1.63684956078e-06, 1.23174970668e-06, 2.71235080618e-07, 3.23914804312e-07, 2.44748036948e-07, 1.23583447476e-07, 7.30538971538e-08, 5.81972159353e-08, 1.32811477371e-08, 2.25854654423e-10, 1.39646137671e-14]
        var: [1.19913627639e-12, 1.53791734903e-08, 3.90620442658e-08, 5.07572337938e-07, 5.4190576293e-07, 6.2312483351e-07, 2.71731266821e-07, 2.63611326545e-07, 1.01971785682e-07, 3.57322740285e-08, 2.51860313938e-07, 6.02687393325e-08, 6.45372679742e-08, 2.71311364486e-07, 1.12706558753e-07, 8.61872280211e-08, 6.78447236169e-08, 7.9338072112e-08, 3.9190876322e-08, 4.40861676054e-08, 4.19864960577e-08, 9.04157015924e-09, 1.38546596418e-09, 2.46244191704e-10, 1.77212203245e-10, 1.2316084025e-13, 3.09369837199e-16]
    mfcc:
        mean: [-711.46673584, 108.137634277, -46.0821418762, 25.3305683136, -14.601313591, -4.10078001022, -16.1269950867, -17.0406894684, -11.7755899429, -13.6516447067, -11.1924724579, -7.20423030853, -8.13953304291]
        cov: [[1685.58972168, -591.295837402, 137.467529297, 29.2028427124, -38.9872589111, -11.1689157486, -113.693092346, -72.8708496094, 14.1772356033, -27.6461029053, 32.021648407, -40.8141860962, -47.2860565186], [-591.295837402, 1077.31396484, -393.304748535, -196.646835327, -19.3634643555, -111.57358551, 3.49824094772, 17.9238395691, -18.3589763641, 73.4202270508, 35.388923645, 14.9894018173, 42.3086242676], [137.467529297, -393.304748535, 662.497619629, 235.568511963, 69.0645523071, 164.839385986, 115.894439697, 76.119972229, 69.9819564819, 22.0094165802, -20.866027832, -21.124879837, 12.8941497803], [29.2028427124, -196.646835327, 235.568511963, 548.665039062, 129.497436523, 119.363464355, 17.0862789154, 44.4905166626, 92.8051147461, -45.5368881226, -20.966003418, -36.6856002808, -1.52368700504], [-38.9872589111, -19.3634643555, 69.0645523071, 129.497436523, 229.156463623, 56.0235404968, 28.390499115, 39.032749176, 59.7103347778, 11.1512708664, 8.13775920868, 25.9508876801, 25.4131622314], [-11.1689157486, -111.57358551, 164.839385986, 119.363464355, 56.0235404968, 228.503677368, 116.242492676, 55.4198875427, 65.5643768311, 30.3087406158, 27.5356998444, 16.7113056183, 22.9920539856], [-113.693092346, 3.49824094772, 115.894439697, 17.0862789154, 28.390499115, 116.242492676, 222.907455444, 83.9824066162, 35.6796531677, 36.9140892029, 41.868309021, 22.7382164001, 32.3363723755], [-72.8708496094, 17.9238395691, 76.119972229, 44.4905166626, 39.032749176, 55.4198875427, 83.9824066162, 174.754928589, 57.8010253906, 15.8738632202, 3.47869062424, 23.1942081451, 46.095500946], [14.1772356033, -18.3589763641, 69.9819564819, 92.8051147461, 59.7103347778, 65.5643768311, 35.6796531677, 57.8010253906, 126.450538635, 4.90716695786, 20.1008434296, 4.74186563492, 6.86515283585], [-27.6461029053, 73.4202270508, 22.0094165802, -45.5368881226, 11.1512708664, 30.3087406158, 36.9140892029, 15.8738632202, 4.90716695786, 113.545158386, 35.3945465088, 15.8488540649, 18.4146137238], [32.021648407, 35.388923645, -20.866027832, -20.966003418, 8.13775920868, 27.5356998444, 41.868309021, 3.47869062424, 20.1008434296, 35.3945465088, 96.1972808838, 33.1451339722, 4.93297290802], [-40.8141860962, 14.9894018173, -21.124879837, -36.6856002808, 25.9508876801, 16.7113056183, 22.7382164001, 23.1942081451, 4.74186563492, 15.8488540649, 33.1451339722, 76.6524581909, 27.9769096375], [-47.2860565186, 42.3086242676, 12.8941497803, -1.52368700504, 25.4131622314, 22.9920539856, 32.3363723755, 46.095500946, 6.86515283585, 18.4146137238, 4.93297290802, 27.9769096375, 89.3208770752]]
        icov: [[0.000838388979901, 0.000512860715389, -1.78083337232e-05, 0.000139004201628, 5.65100053791e-05, 9.2316615337e-05, 0.000511620484758, 3.52193055733e-05, -0.000225598501856, -6.13909214735e-05, -0.000845313421451, 0.000659244018607, -0.000167188132764], [0.000512860715389, 0.00170890020672, 0.000861722161062, 0.000147231505252, -6.13955126028e-05, 0.000606678600889, -0.000123632198665, -0.000192920735572, -0.000434699293692, -0.00102031510323, -0.000509330013301, 0.000934936630074, -0.000675161019899], [-1.78083337232e-05, 0.000861722161062, 0.00272840284742, -0.00064360833494, -3.33492389473e-05, -0.000532317149919, -0.000971711007878, -0.000329190865159, -0.000327052432112, -0.0012160729384, 0.00102575530764, 0.000661114347167, -0.00014214188559], [0.000139004201628, 0.000147231505252, -0.00064360833494, 0.00305690662935, -0.00131387426518, -0.00110048241913, 0.000828628311865, -0.000260243628873, -0.000845896429382, 0.00142990064342, -0.000484541262267, 0.00186878116801, -0.000148036211613], [5.65100053791e-05, -6.13955126028e-05, -3.33492389473e-05, -0.00131387426518, 0.00595177942887, 6.23990490567e-06, -8.31078941701e-05, 0.000303306151181, -0.00192683842033, -0.000771164020989, 0.000809024088085, -0.00248019769788, -0.00074077618774], [9.2316615337e-05, 0.000606678600889, -0.000532317149919, -0.00110048241913, 6.23990490567e-06, 0.00814159307629, -0.00326381460764, 0.000668426626362, -0.00227810768411, -0.00153485697228, -0.00012128164235, -0.00101517036092, -0.000625100743491], [0.000511620484758, -0.000123632198665, -0.000971711007878, 0.000828628311865, -8.31078941701e-05, -0.00326381460764, 0.00836998969316, -0.00284079788253, 0.00104093144182, 0.000225064097322, -0.00340172066353, 0.00108207680751, -0.000493963714689], [3.52193055733e-05, -0.000192920735572, -0.000329190865159, -0.000260243628873, 0.000303306151181, 0.000668426626362, -0.00284079788253, 0.00933796633035, -0.00373647082597, -0.000293522054562, 0.00234697782435, -0.00199934584089, -0.00305150845088], [-0.000225598501856, -0.000434699293692, -0.000327052432112, -0.000845896429382, -0.00192683842033, -0.00227810768411, 0.00104093144182, -0.00373647082597, 0.0124898571521, 0.000911907874979, -0.00296938838437, 0.00124059780501, 0.00143275165465], [-6.13909214735e-05, -0.00102031510323, -0.0012160729384, 0.00142990064342, -0.000771164020989, -0.00153485697228, 0.000225064097322, -0.000293522054562, 0.000911907874979, 0.0119969630614, -0.00393828609958, 0.000746756384615, -0.00122458091937], [-0.000845313421451, -0.000509330013301, 0.00102575530764, -0.000484541262267, 0.000809024088085, -0.00012128164235, -0.00340172066353, 0.00234697782435, -0.00296938838437, -0.00393828609958, 0.0167912300676, -0.00717476848513, 0.00181883922778], [0.000659244018607, 0.000934936630074, 0.000661114347167, 0.00186878116801, -0.00248019769788, -0.00101517036092, 0.00108207680751, -0.00199934584089, 0.00124059780501, 0.000746756384615, -0.00717476848513, 0.0202378109097, -0.00474229035899], [-0.000167188132764, -0.000675161019899, -0.00014214188559, -0.000148036211613, -0.00074077618774, -0.000625100743491, -0.000493963714689, -0.00305150845088, 0.00143275165465, -0.00122458091937, 0.00181883922778, -0.00474229035899, 0.0150974197313]]
    spectral_contrast:
        mean: [2.37332756114e-07, 2.06307262829e-07, 4.17266846853e-07, -3.45108674082e-07, -2.71276661579e-07, -4.1201367651e-08, 9.65348021964e-07, 2.06806839742e-06, -1.79267146905e-06, -1.63844106282e-06, -1.8573576881e-06, -3.43674332726e-06]
        var: [0.000880486564711, 0.00112510367762, 0.00257643824443, 0.00310774194077, 0.00575753487647, 0.00850301794708, 0.0699761584401, 0.138040959835, 0.174648210406, 0.453168272972, 0.784295618534, 1.08476483822]

rhythm:
    beats_loudness:
        dmean: 0.00277831288986
        dmean2: 0.00497181899846
        dvar: 2.49029994848e-06
        dvar2: 8.67868311616e-06
        max: 0.00959901791066
        mean: 0.00545810675249
        min: 0.00132346653845
        var: 5.06963942826e-06
    beats_loudness_bass:
        dmean: 0.0776283144951
        dmean2: 0.1471709162
        dvar: 0.0045132432133
        dvar2: 0.0110967513174
        max: 0.213110387325
        mean: 0.049457013607
        min: 0.00137149321381
        var: 0.00398912001401
    bpm: 87.1972579956
    bpm_confidence: 0
    first_peak_bpm: 124
    first_peak_spread: 0
    first_peak_weight: 0.5
    onset_rate: 5.63832378387
    second_peak_bpm: 87
    second_peak_spread: 0
    second_peak_weight: 0.4375
    beats_position: [0.461340397596, 1.14943695068, 1.83753359318, 2.52563023567, 3.21372699738, 3.90182352066, 4.58992004395, 5.27801704407, 6.08322143555, 6.56560659409, 7.04799175262, 7.53037595749, 8.01276111603, 8.4951467514, 8.97753143311, 9.45991611481, 9.94230175018]
    bpm_estimates: [87.2798309326, 87.1555557251, 86.9830551147, 87.345489502, 87.348449707, 87.0745849609, 87.1937789917]
    bpm_intervals: [0.688096523285, 0.688096642494, 0.688096642494, 0.688096761703, 0.688096523285, 0.688096523285, 0.688097000122, 0.805204391479, 0.482385158539, 0.482385158539, 0.482384204865, 0.482385158539, 0.482385635376, 0.482384681702, 0.482384681702, 0.482385635376]
    onset_times: [0.0696598663926, 0.325079351664, 0.545668959618, 0.708208620548, 0.893968224525, 1.07972788811, 1.25387752056, 1.42802715302, 1.75310659409, 1.82276642323, 2.06657600403, 2.26394557953, 2.33360552788, 2.43809533119, 2.55419492722, 2.76317453384, 2.84444451332, 3.06503391266, 3.22757363319, 3.3785033226, 3.41333341599, 3.45977330208, 3.63392281532, 3.76163268089, 3.95900225639, 4.12154197693, 4.22603178024, 4.48145103455, 4.60916090012, 4.74848079681, 4.91102027893, 5.10838985443, 5.27092981339, 5.42185926437, 5.59600925446, 5.95591831207, 6.13006782532, 6.3042178154, 6.47836732864, 6.61768722534, 6.79183673859, 6.98920631409, 7.20979595184, 7.36072540283, 7.56970500946, 7.69741487503, 7.80190467834, 7.89478445053, 8.03410434723, 8.37079334259, 8.57977294922, 8.75392246246, 8.90485286713, 9.24154186249, 9.62467098236, 9.7639913559, 9.99619007111]
    rubato_start: [6.56560659409]
    rubato_stop: [9.94230175018]
    perceptual_tempo: "unknown"

sfx:
    inharmonicity:
        dmean: 0.0495639517903
        dmean2: 0.0902461409569
        dvar: 0.00395952025428
        dvar2: 0.0114341266453
        max: 0.455236762762
        mean: 0.0427554175258
        min: 0.000185043885722
        var: 0.00325086154044
    oddtoevenharmonicenergyratio:
        dmean: 4.11417388916
        dmean2: 7.87030601501
        dvar: 173.471923828
        dvar2: 514.319580078
        max: 118.712760925
        mean: 2.62197995186
        min: 0.000399846292567
        var: 94.0436706543
    pitch_after_max_to_before_max_energy_ratio: 0.719583690166
    pitch_centroid: 177.984466553
    pitch_max_to_total: 0.315668195486
    pitch_min_to_total: 0.774193525314
    tristimulus:
        dmean: [0.249865248799, 0.252121597528, 0.0978485718369]
        dmean2: [0.434686690569, 0.445687562227, 0.168314233422]
        dvar: [0.0455885827541, 0.0469786301255, 0.00995046272874]
        dvar2: [0.125882282853, 0.12653619051, 0.0245325695723]
        max: [0.970851182938, 0.976071715355, 0.591623604298]
        mean: [0.393969535828, 0.476796418428, 0.109338462353]
        min: [0.00531212287024, 0, 0]
        var: [0.0628193691373, 0.0629954859614, 0.0129942586645]

tonal:
    chords_changes_rate: 0.0779816508293
    chords_number_rate: 0.0229357797652
    chords_strength:
        dmean: 0.0112554924563
        dmean2: 0.0130955921486
        dvar: 8.92255920917e-05
        dvar2: 0.000161328571266
        max: 0.690614998341
        mean: 0.522872388363
        min: 0.270837068558
        var: 0.0125508522615
    key_strength: 0.79248893261
    tuning_diatonic_strength: 0.637245118618
    tuning_equal_tempered_deviation: 0.177569523454
    tuning_frequency: 436.708374023
    tuning_nontempered_energy_ratio: 0.798019051552
    hpcp:
        dmean: [0.186800211668, 0.14169254899, 0.0982838571072, 0.0836059749126, 0.101940490305, 0.155084818602, 0.220802411437, 0.226020991802, 0.191689163446, 0.196210026741, 0.174233943224, 0.145886257291, 0.127716079354, 0.129801899195, 0.131180331111, 0.149799153209, 0.168969929218, 0.135359868407, 0.113109715283, 0.115002281964, 0.176723271608, 0.243816584349, 0.199243232608, 0.105784118176, 0.0635810792446, 0.0620177313685, 0.0985497608781, 0.11813800782, 0.109397150576, 0.095970466733, 0.088433586061, 0.10559207201, 0.111785344779, 0.11194357276, 0.144065886736, 0.203369215131]
        dmean2: [0.314032137394, 0.243370726705, 0.173702016473, 0.149583682418, 0.184064880013, 0.261309087276, 0.365435272455, 0.383058279753, 0.319283306599, 0.345575094223, 0.291544288397, 0.24587585032, 0.227540329099, 0.225614801049, 0.234340801835, 0.26309967041, 0.306690812111, 0.233805730939, 0.192445531487, 0.195158749819, 0.29914021492, 0.394284278154, 0.33192268014, 0.188125297427, 0.113943733275, 0.107985302806, 0.176816642284, 0.200616776943, 0.183535844088, 0.157913208008, 0.142179593444, 0.179335877299, 0.198338314891, 0.199503883719, 0.256122767925, 0.341381758451]
        dvar: [0.0455335378647, 0.0267035216093, 0.0218200292438, 0.0180772654712, 0.0386454313993, 0.038531459868, 0.0542590580881, 0.052992656827, 0.0569716989994, 0.0590324960649, 0.0402521900833, 0.038537222892, 0.0365137942135, 0.0392449051142, 0.0447469837964, 0.0548077560961, 0.0700592920184, 0.0553147159517, 0.0376443676651, 0.0306189451367, 0.0408301949501, 0.0483236759901, 0.0382378846407, 0.0278393402696, 0.0110048763454, 0.0119791263714, 0.0340683236718, 0.0386708565056, 0.0237137582153, 0.0229743216187, 0.0188668053597, 0.0238280687481, 0.0267907660455, 0.0322512388229, 0.03816851601, 0.0564468055964]
        dvar2: [0.114329099655, 0.0731108859181, 0.0566917099059, 0.0481037758291, 0.102191738784, 0.102767758071, 0.123675048351, 0.125966280699, 0.146586045623, 0.14574508369, 0.106290541589, 0.0966863334179, 0.0933074429631, 0.107765503228, 0.115113861859, 0.132521212101, 0.182913094759, 0.140689298511, 0.0950528681278, 0.0775520354509, 0.105067044497, 0.117286905646, 0.0921808406711, 0.0610280819237, 0.0289640408009, 0.0327069237828, 0.0861517339945, 0.0974586382508, 0.0591573491693, 0.0567196197808, 0.0442938171327, 0.0590531527996, 0.0643067210913, 0.0931613445282, 0.1021893695, 0.16584379971]
        max: [1, 1, 0.817324817181, 1, 1, 1, 1, 1, 1, 1, 1, 1, 1, 1, 1, 1, 1, 1, 1, 1, 1, 1, 1, 1, 0.599212348461, 0.600451469421, 1, 1, 1, 1, 1, 1, 1, 1, 1, 1]
        mean: [0.309774309397, 0.177759453654, 0.0884652212262, 0.0671626403928, 0.0814881622791, 0.173499420285, 0.333834141493, 0.32682415843, 0.238901004195, 0.249399214983, 0.214741483331, 0.149192377925, 0.120954111218, 0.115722872317, 0.145337805152, 0.169412747025, 0.152939379215, 0.124288260937, 0.105563752353, 0.10980694741, 0.245015218854, 0.405427157879, 0.290851742029, 0.108669653535, 0.0555967241526, 0.0530184842646, 0.0973586589098, 0.12747952342, 0.115637019277, 0.103651866317, 0.132992759347, 0.159286886454, 0.134050756693, 0.112203590572, 0.147054001689, 0.277751088142]
        min: [0.00316297914833, 0.00295543647371, 0.000766642158851, 0.000845367088914, 0.000487201032229, 0.000760034599807, 0.00195530708879, 0.0010282730218, 0.00267781503499, 0.00265324232168, 0.00312031363137, 0.0033680240158, 0.0017891980242, 0.00152755947784, 0.00264754798263, 0.00225780555047, 0.00148446043022, 0.00305363838561, 0.000662654347252, 0.00192223931663, 0.00292162806727, 0.00292933918536, 0.00312001211569, 0.000765330682043, 0.00101542111952, 0.00050025281962, 0.000242517737206, 0.00145048741251, 0.00348380208015, 0.0026503065601, 0.00366180064157, 0.00400790153071, 0.00572189688683, 0.00140497589018, 0.00288074533455, 0.00515171373263]
        var: [0.100661732256, 0.0341581329703, 0.0209833495319, 0.0144122652709, 0.0288618952036, 0.0461376383901, 0.107800513506, 0.0987747684121, 0.0776656121016, 0.0851834341884, 0.0537912137806, 0.0381931550801, 0.0331972278655, 0.0347881615162, 0.0565264038742, 0.0627144053578, 0.0550439655781, 0.0484844408929, 0.0372297912836, 0.0328027009964, 0.0548525638878, 0.1035072878, 0.0626179650426, 0.0283705219626, 0.00869351159781, 0.00934511981905, 0.0351369529963, 0.0411973707378, 0.0225206892937, 0.0217318367213, 0.0375277213752, 0.0544616989791, 0.0302126612514, 0.027512691915, 0.0380465127528, 0.0890982374549]
    chords_histogram: [45.8715591431, 0, 0, 2.75229358673, 3.21100926399, 0, 0, 0, 0, 45.4128456116, 0, 0, 0, 0, 0, 0, 0, 2.29357790947, 0.458715587854, 0, 0, 0, 0, 0]
    thpcp: [1, 0.717395782471, 0.268037438393, 0.137131229043, 0.130771905184, 0.240138471127, 0.314432621002, 0.285222679377, 0.255660891533, 0.328031212091, 0.392886579037, 0.330640792847, 0.276754021645, 0.362713754177, 0.685082614422, 0.764068961143, 0.438449800014, 0.218202501535, 0.165658950806, 0.200993344188, 0.427942276001, 0.82341337204, 0.806123018265, 0.589257538319, 0.615151703358, 0.529667258263, 0.367988109589, 0.298337459564, 0.285434424877, 0.35848069191, 0.417862355709, 0.377230226994, 0.306561261415, 0.260376632214, 0.27084261179, 0.604338467121]
    chords_key: "A"
    chords_scale: "minor"
    key_key: "A"
    key_scale: "minor"
    chords_progression: ["Am", "Am", "Am", "Am", "Am", "Am", "Am", "Am", "Am", "Am", "Am", "E", "E", "E", "E", "E", "E", "E", "E", "E", "E", "E", "E", "E", "E", "E", "E", "E", "E", "E", "E", "E", "E", "E", "E", "E", "E", "E", "E", "E", "E", "E", "E", "Bm", "G#", "G#", "G#", "G#", "G#", "G", "Bm", "Bm", "G", "Bm", "Bm", "Bm", "Bm", "G", "G", "G", "G", "Cm", "E", "E", "E", "Am", "Am", "Am", "Am", "E", "E", "E", "E", "E", "E", "E", "E", "E", "E", "E", "E", "E", "E", "E", "E", "E", "E", "E", "E", "E", "E", "E", "E", "E", "E", "E", "E", "E", "Am", "Am", "Am", "Am", "Am", "Am", "Am", "Am", "Am", "Am", "Am", "E", "E", "E", "E", "E", "E", "Am", "Am", "Am", "Am", "Am", "Am", "Am", "Am", "Am", "Am", "Am", "Am", "Am", "Am", "Am", "Am", "E", "E", "E", "E", "E", "E", "E", "E", "E", "E", "E", "E", "E", "E", "E", "E", "E", "E", "E", "E", "E", "E", "E", "E", "E", "E", "E", "E", "E", "Am", "Am", "Am", "Am", "Am", "Am", "Am", "Am", "Am", "Am", "Am", "Am", "Am", "Am", "Am", "Am", "Am", "Am", "Am", "Am", "Am", "Am", "Am", "Am", "Am", "Am", "Am", "Am", "Am", "Am", "Am", "Am", "Am", "Am", "Am", "Am", "Am", "Am", "Am", "Am", "Am", "Am", "Am", "Am", "Am", "Am", "Am", "Am", "Am", "Am", "Am", "Am", "Am", "Am", "Am", "Am", "Am", "Am"]
