
metadata:
    version:
        essentia: "1.2.2"
    audio_properties:
        analysis_sample_rate: 44100
        bitrate: 128
        channels: 2
        equal_loudness: 1
        length: 9.97877597809
        replay_gain: -12.1678905487
        downmix: "mix"
    tags:
        track: 19
        year: 0
        album: "Splitted by Mp3Splt v. 2.1"
        artist: "From 003.00 To 003.10"
        comment: "http://mp3splt.sf.net"
        genre: ""
        title: "04.mp3"

highlevel:
    ballroom:
        all:
            ChaChaCha: 0.167494013906
            Jive: 0.427794963121
            Quickstep: 0.0904703438282
            Rumba-American: 0.00343061587773
            Rumba-International: 0.0202672034502
            Rumba-Misc: 0.0115398252383
            Samba: 0.186270713806
            Tango: 0.0138554675505
            VienneseWaltz: 0.0695092305541
            Waltz: 0.009367630817
        probability: 0.427794963121
        value: "Jive"
    culture:
        all:
            non_western: 0.0337427891791
            western: 0.966257214546
        probability: 0.966257214546
        value: "western"
    gender:
        all:
            female: 0.046774122864
            male: 0.953225851059
        probability: 0.953225851059
        value: "male"
    genre_dortmund:
        all:
            alternative: 0.0726843029261
            blues: 0.18251106143
            electronic: 0.0131433252245
            folkcountry: 0.0741843283176
            funksoulrnb: 0.0315753407776
            jazz: 0.0992881134152
            pop: 0.0863715782762
            raphiphop: 0.0326123274863
            rock: 0.407629609108
        probability: 0.407629609108
        value: "rock"
    genre_electronica:
        all:
            ambient: 0.117264948785
            dnb: 0.170747533441
            house: 0.00845738314092
            techno: 0.0120907528326
            trance: 0.691439390182
        probability: 0.691439390182
        value: "trance"
    genre_rosamerica:
        all:
            cla: 0.0175886768848
            dan: 0.187216222286
            hip: 0.0394850447774
            jaz: 0.0232930779457
            pop: 0.192896291614
            rhy: 0.0621680058539
            roc: 0.472901314497
            spe: 0.00445137033239
        probability: 0.472901314497
        value: "roc"
    genre_tzanetakis:
        all:
            blu: 0.00904440227896
            cla: 0.00290169985965
            cou: 0.408127337694
            dis: 0.066315151751
            hip: 0.00918245688081
            jaz: 0.154220744967
            met: 0.0103206327185
            pop: 0.1460762918
            reg: 0.0103241158649
            roc: 0.183487176895
        probability: 0.408127337694
        value: "cou"
    live_studio:
        all:
            live: 0.757915139198
            studio: 0.242084860802
        probability: 0.757915139198
        value: "live"
    mood:
        all:
            Cluster1: 0.221299603581
            Cluster2: 0.229774028063
            Cluster3: 0.163171097636
            Cluster4: 0.176531910896
            Cluster5: 0.209223344922
        probability: 0.229774028063
        value: "Cluster2"
    mood_acoustic:
        all:
            acoustic: 0.0188424121588
            not_acoustic: 0.98115760088
        probability: 0.98115760088
        value: "not_acoustic"
    mood_aggressive:
        all:
            aggressive: 0.386312693357
            not_aggressive: 0.61368727684
        probability: 0.61368727684
        value: "not_aggressive"
    mood_electronic:
        all:
            electronic: 0.30802667141
            not_electronic: 0.69197332859
        probability: 0.69197332859
        value: "not_electronic"
    mood_happy:
        all:
            happy: 0.905909359455
            not_happy: 0.0940906628966
        probability: 0.905909359455
        value: "happy"
    mood_party:
        all:
            not_party: 0.571481108665
            party: 0.428518891335
        probability: 0.571481108665
        value: "not_party"
    mood_relaxed:
        all:
            not_relaxed: 0.639521598816
            relaxed: 0.360478430986
        probability: 0.639521598816
        value: "not_relaxed"
    mood_sad:
        all:
            not_sad: 0.740715742111
            sad: 0.259284257889
        probability: 0.740715742111
        value: "not_sad"
    rhythm:
        all:
            fast: 0.914830684662
            medium: 0.0695088505745
            slow: 0.0156604684889
        probability: 0.914830684662
        value: "fast"
    speech_music:
        all:
            music: 0.999992191792
            speech: 7.81664402894e-06
        probability: 0.999992191792
        value: "music"
    timbre:
        all:
            bright: 0.133694663644
            dark: 0.866305351257
        probability: 0.866305351257
        value: "dark"
    voice_instrumental:
        all:
            instrumental: 0.106035202742
            voice: 0.893964767456
        probability: 0.893964767456
        value: "voice"

lowlevel:
    average_loudness: 0.983706235886
    barkbands_kurtosis:
        dmean: 0.457571327686
        dmean2: 0.733046412468
        dvar: 0.346526682377
        dvar2: 0.827223181725
        max: 3.53494215012
        mean: -0.978778719902
        min: -1.8298201561
        var: 0.710511386395
    barkbands_skewness:
        dmean: 0.342022567987
        dmean2: 0.538237035275
        dvar: 0.0897706672549
        dvar2: 0.227118819952
        max: 2.01559257507
        mean: 0.261642575264
        min: -1.37815403938
        var: 0.335862010717
    barkbands_spread:
        dmean: 4.82008600235
        dmean2: 7.4826836586
        dvar: 23.1155261993
        dvar2: 58.2663421631
        max: 64.073928833
        mean: 35.4629402161
        min: 12.2824230194
        var: 104.694541931
    dissonance:
        dmean: 0.0171501655132
        dmean2: 0.0286305975169
        dvar: 0.00021225088858
        dvar2: 0.000563864770811
        max: 0.497304409742
        mean: 0.461050033569
        min: 0.386619061232
        var: 0.000484375632368
    hfc:
        dmean: 2.99404811859
        dmean2: 4.85802078247
        dvar: 37.8193893433
        dvar2: 94.6430358887
        max: 57.426410675
        mean: 7.95446825027
        min: 0.0851143673062
        var: 39.2890090942
    pitch:
        dmean: 546.784057617
        dmean2: 1066.8840332
        dvar: 1375941.625
        dvar2: 3444448
        max: 4410
        mean: 710.272216797
        min: 93.2346725464
        var: 1257132.25
    pitch_instantaneous_confidence:
        dmean: 0.0845030546188
        dmean2: 0.128604605794
        dvar: 0.0050906795077
        dvar2: 0.0122977532446
        max: 0.872248649597
        mean: 0.50869256258
        min: 0.202754855156
        var: 0.0191715974361
    pitch_salience:
        dmean: 0.0571578145027
        dmean2: 0.0904120802879
        dvar: 0.00224062521011
        dvar2: 0.00543098757043
        max: 0.818781971931
        mean: 0.571415543556
        min: 0.296644538641
        var: 0.0100932531059
    silence_rate_20dB:
        dmean: 0
        dmean2: 0
        dvar: 0
        dvar2: 0
        max: 1
        mean: 1
        min: 1
        var: 0
    silence_rate_30dB:
        dmean: 0
        dmean2: 0
        dvar: 0
        dvar2: 0
        max: 1
        mean: 1
        min: 1
        var: 0
    silence_rate_60dB:
        dmean: 0.0883720964193
        dmean2: 0.174825176597
        dvar: 0.0805621147156
        dvar2: 0.153584942222
        max: 1
        mean: 0.220417633653
        min: 0
        var: 0.171833857894
    spectral_centroid:
        dmean: 257.208831787
        dmean2: 423.767242432
        dvar: 80038.7109375
        dvar2: 200505.96875
        max: 3135.43383789
        mean: 1498.95715332
        min: 669.011291504
        var: 183338.34375
    spectral_complexity:
        dmean: 3.39860129356
        dmean2: 5.35747671127
        dvar: 18.1324748993
        dvar2: 36.6128425598
        max: 41
        mean: 14.3767442703
        min: 0
        var: 38.4487457275
    spectral_crest:
        dmean: 1.73516726494
        dmean2: 2.80749845505
        dvar: 2.28714561462
        dvar2: 5.63217496872
        max: 19.2979335785
        mean: 7.0608716011
        min: 2.69044184685
        var: 9.55605506897
    spectral_decrease:
        dmean: 3.09515357788e-10
        dmean2: 4.78900696876e-10
        dvar: 2.1237382721e-19
        dvar2: 4.68343407274e-19
        max: -7.65763581018e-12
        mean: -1.17758613971e-09
        min: -4.64813165735e-09
        var: 3.80424422068e-19
    spectral_energy:
        dmean: 0.00141488504596
        dmean2: 0.00218069599941
        dvar: 5.03998899148e-06
        dvar2: 1.14731847134e-05
        max: 0.0218144692481
        mean: 0.00516597554088
        min: 3.66216117982e-05
        var: 7.96361291577e-06
    spectral_energyband_high:
        dmean: 0.000273795012617
        dmean2: 0.000461760180769
        dvar: 4.89592139274e-07
        dvar2: 1.28341991967e-06
        max: 0.00582319730893
        mean: 0.000366661552107
        min: 5.24151710124e-06
        var: 4.23018263973e-07
    spectral_energyband_low:
        dmean: 0.000138458432048
        dmean2: 0.000234214385273
        dvar: 8.21380794491e-08
        dvar2: 2.32933857092e-07
        max: 0.00240067206323
        mean: 0.000490508857183
        min: 5.77474850161e-07
        var: 1.33849454187e-07
    spectral_energyband_middle_high:
        dmean: 0.000630796712358
        dmean2: 0.000985954306088
        dvar: 8.7548647798e-07
        dvar2: 2.0779773422e-06
        max: 0.00922561157495
        mean: 0.00210260832682
        min: 2.12078011828e-05
        var: 1.61200455295e-06
    spectral_energyband_middle_low:
        dmean: 0.000800091540441
        dmean2: 0.00124468747526
        dvar: 9.78979755928e-07
        dvar2: 2.13520957004e-06
        max: 0.00967082474381
        mean: 0.00220617023297
        min: 9.59398676059e-06
        var: 2.49834261012e-06
    spectral_flatness_db:
        dmean: 0.0123477401212
        dmean2: 0.0192507989705
        dvar: 0.000134745583637
        dvar2: 0.000303306907881
        max: 0.22257116437
        mean: 0.149214193225
        min: 0.0655516982079
        var: 0.000604621483944
    spectral_flux:
        dmean: 0.00914258416742
        dmean2: 0.0142440618947
        dvar: 0.000132611836307
        dvar2: 0.000262585526798
        max: 0.119642905891
        mean: 0.0383610464633
        min: 0.0060515794903
        var: 0.000257873500232
    spectral_kurtosis:
        dmean: 0.98549669981
        dmean2: 1.65227591991
        dvar: 0.82815182209
        dvar2: 2.08795976639
        max: 10.1190929413
        mean: 3.52850222588
        min: -0.461791276932
        var: 2.85433340073
    spectral_rms:
        dmean: 0.00028657130315
        dmean2: 0.000436041678768
        dvar: 1.53717323315e-07
        dvar2: 3.23748963638e-07
        max: 0.00461328634992
        mean: 0.0021731921006
        min: 0.000189019585378
        var: 3.17212283107e-07
    spectral_rolloff:
        dmean: 391.663146973
        dmean2: 650.322692871
        dvar: 220641.84375
        dvar2: 473280.125
        max: 6503.02734375
        mean: 3138.59155273
        min: 689.0625
        var: 551013.9375
    spectral_skewness:
        dmean: 0.181057468057
        dmean2: 0.290905177593
        dvar: 0.0395591892302
        dvar2: 0.0976048707962
        max: 2.31513834
        mean: 1.40343463421
        min: 0.219463586807
        var: 0.108264230192
    spectral_spread:
        dmean: 421377.65625
        dmean2: 608744.8125
        dvar: 256268353536
        dvar2: 478390386688
        max: 10098005
        mean: 4819097.5
        min: 3009699.5
        var: 1.18324304282e+12
    spectral_strongpeak:
        dmean: 0.494385689497
        dmean2: 0.839755177498
        dvar: 0.517627477646
        dvar2: 1.28199756145
        max: 7.03146266937
        mean: 0.862150847912
        min: 0.0134044550359
        var: 1.00940406322
    zerocrossingrate:
        dmean: 0.00748811755329
        dmean2: 0.00907427351922
        dvar: 4.91440478072e-05
        dvar2: 6.57656273688e-05
        max: 0.1748046875
        mean: 0.0888456106186
        min: 0.03857421875
        var: 0.000361174228601
    barkbands:
        dmean: [7.43861789942e-07, 8.39217973407e-05, 7.96973909019e-05, 7.05770944478e-05, 0.000311973708449, 0.000203488918487, 0.000394871080061, 0.000128091342049, 0.000139932977618, 5.68711366213e-05, 6.41683291178e-05, 4.98624540342e-05, 4.74257249152e-05, 4.15967078879e-05, 3.75966592401e-05, 0.000114847651275, 0.000188863254152, 0.000120652228361, 0.000292959855869, 0.000212963554077, 0.000125597376609, 3.77105243388e-05, 7.29632211005e-06, 1.90308207948e-06, 1.07790958737e-06, 6.35935251125e-08, 4.31071484064e-10]
        dmean2: [1.17039996894e-06, 0.000139431736898, 0.000140443298733, 0.000118132098578, 0.000537373533007, 0.000321608938975, 0.000610136252362, 0.000201110757189, 0.000205903066671, 9.19736921787e-05, 9.52828268055e-05, 6.9323948992e-05, 6.94135378581e-05, 6.312392361e-05, 5.62831555726e-05, 0.000182132571354, 0.000294926750939, 0.000189945014426, 0.000466655648779, 0.000363462371752, 0.000216712040128, 6.2784209149e-05, 1.15323800856e-05, 2.67407381216e-06, 1.69459553945e-06, 9.86795782865e-08, 6.17885909104e-10]
        dvar: [3.22838934405e-12, 3.46260655704e-08, 1.98352942959e-08, 9.37283584079e-09, 1.82496293633e-07, 1.95351205434e-07, 3.05276614654e-07, 6.32216412555e-08, 4.62788456446e-08, 8.15801648457e-09, 1.06136068823e-08, 1.28901929131e-08, 1.0265233108e-08, 3.78002562584e-09, 4.06605948911e-09, 1.99455989502e-08, 3.93335213289e-08, 4.15161700573e-08, 1.81457295412e-07, 2.4505482088e-07, 1.12770315752e-07, 1.09821431948e-08, 4.01416955231e-10, 2.1202237882e-11, 4.96254513177e-12, 2.22041708072e-14, 1.49315149922e-17]
        dvar2: [7.99360664466e-12, 9.77349472464e-08, 5.76289487242e-08, 2.71687863318e-08, 4.94654102567e-07, 4.3877241751e-07, 7.05325078343e-07, 1.29527577997e-07, 9.3068287299e-08, 1.94865421577e-08, 2.10838884129e-08, 2.92356379106e-08, 2.02961398799e-08, 8.46724201864e-09, 7.46841255506e-09, 4.76529962157e-08, 9.70287814539e-08, 9.91784148141e-08, 4.36195847442e-07, 6.42125314698e-07, 2.97600877275e-07, 2.90582899964e-08, 9.79263337086e-10, 3.56399909585e-11, 1.12737345501e-11, 5.53730408151e-14, 1.44157744977e-17]
        max: [1.43677752931e-05, 0.00144105032086, 0.00128483213484, 0.00101209199056, 0.00407181447372, 0.00486968131736, 0.00682803336531, 0.00228457245976, 0.00341286417097, 0.000982638564892, 0.00139669736382, 0.00142042536754, 0.00137543131132, 0.000748017046135, 0.000889834365807, 0.00151570688467, 0.00174086808693, 0.002596717095, 0.00366483139805, 0.00450907973573, 0.00265349261463, 0.000914270814974, 0.000327568355715, 8.86400302988e-05, 3.18910206261e-05, 1.37940514833e-06, 8.22566121883e-08]
        mean: [7.52607434151e-07, 0.000253414968029, 0.000236372230574, 0.000114665272122, 0.000524555623997, 0.00027413314092, 0.00081155722728, 0.000196213295567, 0.000273121113423, 0.000108133332105, 0.000146898120875, 0.00010137254867, 8.41862420202e-05, 9.86387749435e-05, 7.29133389541e-05, 0.000242547190282, 0.000334011361701, 0.000214088417124, 0.000576041464228, 0.000287333503366, 0.000147183614899, 4.85292948724e-05, 1.26720651679e-05, 4.36362233813e-06, 2.20518018068e-06, 7.51686712874e-08, 4.11631284614e-10]
        min: [4.88749041239e-10, 3.07710124048e-08, 5.43245505469e-07, 8.80900245193e-07, 3.00088885297e-07, 8.92142395514e-07, 2.62915909843e-06, 1.70845805769e-06, 1.24678831526e-06, 5.29254805315e-07, 9.77816057457e-07, 5.94907760387e-07, 8.43746931878e-07, 5.29456599452e-07, 2.87931402454e-06, 1.83443489732e-06, 2.13459361476e-06, 1.83214456229e-06, 3.81429526897e-06, 7.82242295827e-06, 1.86354145626e-06, 4.36485379396e-07, 1.53320442564e-07, 1.28434010094e-08, 1.60492437118e-08, 3.04705816134e-10, 2.77161902776e-14]
        var: [4.00299324937e-12, 3.97873840541e-08, 4.09916367516e-08, 2.01753280749e-08, 3.03946166014e-07, 2.5695285899e-07, 1.11941699288e-06, 1.06074928397e-07, 1.7189042012e-07, 2.44712552444e-08, 5.70115723519e-08, 3.25651008382e-08, 2.30046079963e-08, 2.18787388206e-08, 1.14430740439e-08, 7.79270052931e-08, 7.75591857405e-08, 5.20327887443e-08, 3.61635557056e-07, 2.07640155736e-07, 9.33929200642e-08, 9.79002301449e-09, 1.00221086985e-09, 7.47715847571e-11, 1.20545916998e-11, 2.62048683534e-14, 1.57173382285e-17]
    mfcc:
        mean: [-696.687561035, 112.766288757, -38.2502326965, 57.8420410156, -10.4445495605, -13.5259027481, -0.269034028053, 0.404646515846, -1.12728834152, -0.891412138939, 0.636670351028, 1.75454938412, 3.77878308296]
        cov: [[1156.47387695, -272.491119385, 62.2685279846, -89.2734832764, -141.535263062, 107.539489746, -61.2042236328, -95.8450393677, -47.8678131104, -57.6751480103, 1.01470458508, -91.1812973022, -59.4398345947], [-272.491119385, 400.583282471, -162.250747681, -67.760269165, -1.56379723549, -76.0363769531, 59.7709884644, 43.4707832336, -5.34323787689, 9.20649147034, 12.8293113708, 12.7447347641, 9.58847808838], [62.2685279846, -162.250747681, 312.972137451, 64.699798584, 5.6499671936, 15.2910547256, -34.729888916, 1.2781444788, 8.73580646515, -28.8084259033, -7.44328355789, 22.7124938965, 14.4035043716], [-89.2734832764, -67.760269165, 64.699798584, 272.375274658, 99.4635620117, -8.67051410675, -45.9199943542, -8.42397403717, 25.1394519806, 10.9339237213, -0.335083156824, 12.2630834579, 36.1816711426], [-141.535263062, -1.56379723549, 5.6499671936, 99.4635620117, 163.664428711, -29.5533618927, -50.0215797424, 10.1842098236, 10.0586709976, 35.0127449036, -7.0234079361, 6.18909788132, 40.6631126404], [107.539489746, -76.0363769531, 15.2910547256, -8.67051410675, -29.5533618927, 130.075698853, 28.7723770142, -26.3969402313, 11.3581523895, -11.9924688339, -4.35593080521, -10.1205606461, -39.258014679], [-61.2042236328, 59.7709884644, -34.729888916, -45.9199943542, -50.0215797424, 28.7723770142, 137.581008911, 44.5857810974, -5.69895935059, -23.7223358154, 8.50407981873, 19.7304286957, -25.1690368652], [-95.8450393677, 43.4707832336, 1.2781444788, -8.42397403717, 10.1842098236, -26.3969402313, 44.5857810974, 93.5482406616, 0.806468546391, -0.42127597332, 6.23366260529, 25.3253002167, 24.643989563], [-47.8678131104, -5.34323787689, 8.73580646515, 25.1394519806, 10.0586709976, 11.3581523895, -5.69895935059, 0.806468546391, 82.7408752441, 23.6491222382, -9.99086856842, -10.710111618, -5.28501033783], [-57.6751480103, 9.20649147034, -28.8084259033, 10.9339237213, 35.0127449036, -11.9924688339, -23.7223358154, -0.42127597332, 23.6491222382, 93.3600311279, 30.3132991791, -8.67321681976, -0.319334447384], [1.01470458508, 12.8293113708, -7.44328355789, -0.335083156824, -7.0234079361, -4.35593080521, 8.50407981873, 6.23366260529, -9.99086856842, 30.3132991791, 72.3171615601, 22.1469230652, -11.9287481308], [-91.1812973022, 12.7447347641, 22.7124938965, 12.2630834579, 6.18909788132, -10.1205606461, 19.7304286957, 25.3253002167, -10.710111618, -8.67321681976, 22.1469230652, 79.9382095337, 35.3457870483], [-59.4398345947, 9.58847808838, 14.4035043716, 36.1816711426, 40.6631126404, -39.258014679, -25.1690368652, 24.643989563, -5.28501033783, -0.319334447384, -11.9287481308, 35.3457870483, 90.1270141602]]
        icov: [[0.00153285136912, 0.000851378892548, 9.66051084106e-05, 0.00035217293771, 0.000997827854007, -0.000714098627213, 0.000714696885552, 0.000311249314109, 0.000604921660852, 0.00102212734055, -0.00130600039847, 0.00199595885351, -0.00079976010602], [0.000851378892548, 0.00452143885195, 0.00180807663128, 0.000835561135318, 5.79343832214e-05, 0.00206920481287, -0.00122378522065, -1.31746910483e-05, -0.000393779744627, 0.0010093949968, -0.00113413925283, 0.000751398620196, -0.000471209554235], [9.66051084106e-05, 0.00180807663128, 0.00461277365685, -0.000570910284296, 0.000412202352891, 0.00021885339811, 0.00125526171178, -0.00114146259148, -0.000775381340645, 0.00167051749304, -0.000143219906022, -0.00142998807132, 0.000437685463112], [0.00035217293771, 0.000835561135318, -0.000570910284296, 0.0055571696721, -0.00309569342062, 1.51695367094e-05, -8.13073202153e-05, 0.00125502981246, -0.00171210570261, 0.00155952153727, -0.00190966599621, 0.000591393560171, -0.00153845362365], [0.000997827854007, 5.79343832214e-05, 0.000412202352891, -0.00309569342062, 0.0109572634101, -0.000540407607332, 0.00322315888479, -0.00200276565738, 0.00158864830155, -0.00327433203347, 0.00198137597181, 0.000492075807415, -0.00175167736597], [-0.000714098627213, 0.00206920481287, 0.00021885339811, 1.51695367094e-05, -0.000540407607332, 0.0120764877647, -0.00420684134588, 0.00328278285451, -0.00208021863364, 3.85053608625e-05, 0.0013858549064, -0.0018379058456, 0.00348192057572], [0.000714696885552, -0.00122378522065, 0.00125526171178, -8.13073202153e-05, 0.00322315888479, -0.00420684134588, 0.0146357128397, -0.00762805202976, 0.000715319125447, 0.00242494791746, 8.05427043815e-05, -0.00298833008856, 0.00455306749791], [0.000311249314109, -1.31746910483e-05, -0.00114146259148, 0.00125502981246, -0.00200276565738, 0.00328278285451, -0.00762805202976, 0.0173778906465, -0.00147863873281, -0.000121227945783, -0.0016264161095, -0.000155111221829, -0.00490474514663], [0.000604921660852, -0.000393779744627, -0.000775381340645, -0.00171210570261, 0.00158864830155, -0.00208021863364, 0.000715319125447, -0.00147863873281, 0.0155277363956, -0.00567293772474, 0.00460127322003, 0.000683801132254, 0.00146456295624], [0.00102212734055, 0.0010093949968, 0.00167051749304, 0.00155952153727, -0.00327433203347, 3.85053608625e-05, 0.00242494791746, -0.000121227945783, -0.00567293772474, 0.0190158318728, -0.0113019254059, 0.00528915366158, -0.00195734668523], [-0.00130600039847, -0.00113413925283, -0.000143219906022, -0.00190966599621, 0.00198137597181, 0.0013858549064, 8.05427043815e-05, -0.0016264161095, 0.00460127322003, -0.0113019254059, 0.0247085690498, -0.0115661630407, 0.00826184824109], [0.00199595885351, 0.000751398620196, -0.00142998807132, 0.000591393560171, 0.000492075807415, -0.0018379058456, -0.00298833008856, -0.000155111221829, 0.000683801132254, 0.00528915366158, -0.0115661630407, 0.0245325490832, -0.0116802714765], [-0.00079976010602, -0.000471209554235, 0.000437685463112, -0.00153845362365, -0.00175167736597, 0.00348192057572, 0.00455306749791, -0.00490474514663, 0.00146456295624, -0.00195734668523, 0.00826184824109, -0.0116802714765, 0.0218386016786]]
    spectral_contrast:
        mean: [1.69916560822e-07, -7.37434220355e-08, 2.59678728298e-07, -5.18075253808e-08, -4.81025949739e-07, 3.37182086696e-07, -6.67502717988e-07, -5.14329167345e-06, -2.30597197515e-06, -2.10924213206e-06, -3.365998964e-06, -1.64051391494e-06]
        var: [0.000490398320835, 0.00066897860961, 0.00197776523419, 0.00258179847151, 0.00461569242179, 0.00623414572328, 0.04137763381, 0.0797816812992, 0.125367850065, 0.191784083843, 0.218739241362, 0.78660017252]

rhythm:
    beats_loudness:
        dmean: 0.0036440519616
        dmean2: 0.00630331644788
        dvar: 1.16219889605e-05
        dvar2: 3.09784591082e-05
        max: 0.0141651025042
        mean: 0.00623263139278
        min: 0.00219402485527
        var: 1.16399523904e-05
    beats_loudness_bass:
        dmean: 0.0917895138264
        dmean2: 0.144982859492
        dvar: 0.0130566144362
        dvar2: 0.0332201831043
        max: 0.593897759914
        mean: 0.118542194366
        min: 0.00604746583849
        var: 0.0141279362142
    bpm: 152.272262573
    bpm_confidence: 0
    first_peak_bpm: 153
    first_peak_spread: 0
    first_peak_weight: 0.958333313465
    onset_rate: 3.20680642128
    second_peak_bpm: 114
    second_peak_spread: 0
    second_peak_weight: 0.0416666679084
    beats_position: [0.13641539216, 0.52836227417, 0.920309185982, 1.31225609779, 1.70420312881, 2.09615015984, 2.48809695244, 2.88004398346, 3.27199077606, 3.66393780708, 4.0558848381, 4.44783163071, 4.83977842331, 5.23172521591, 5.62367248535, 6.1522936821, 6.54780578613, 6.94331741333, 7.33882904053, 7.7343416214, 8.12985420227, 8.52536582947, 8.92087745667, 9.31638908386, 9.71190166473]
    bpm_estimates: [153.262359619, 153.250930786, 153.345016479, 152.47277832, 151.490524292, 152.028625488, 148.407455444, 151.343414307, 151.411331177, 155.710144043]
    bpm_intervals: [0.39194688201, 0.391946911812, 0.391946911812, 0.391947031021, 0.391947031021, 0.391946792603, 0.391947031021, 0.391946792603, 0.391947031021, 0.391947031021, 0.391946792603, 0.391946792603, 0.391946792603, 0.39194726944, 0.528621196747, 0.395512104034, 0.395511627197, 0.395511627197, 0.395512580872, 0.395512580872, 0.395511627197, 0.395511627197, 0.395511627197, 0.395512580872]
    onset_times: [0.0464399084449, 0.18575963378, 0.31346938014, 0.510838985443, 1.30031740665, 1.69505667686, 2.08979582787, 2.75156474113, 2.89088439941, 2.94893431664, 3.30884361267, 3.64553284645, 4.07510185242, 4.48145103455, 4.79492044449, 4.82975053787, 5.24770975113, 5.45668935776, 5.61922883987, 6.01396846771, 6.18811798096, 6.80344676971, 6.94276666641, 7.12852621078, 7.33750581741, 7.53487539291, 7.95283460617, 8.34757328033, 9.04417228699, 9.19510173798, 9.54340171814, 9.93814086914]
    rubato_start: []
    rubato_stop: []
    perceptual_tempo: "unknown"

sfx:
    inharmonicity:
        dmean: 0.0430160276592
        dmean2: 0.0739283785224
        dvar: 0.00208578794263
        dvar2: 0.00570795685053
        max: 0.326182365417
        mean: 0.0491506680846
        min: 0
        var: 0.00241797138005
    oddtoevenharmonicenergyratio:
        dmean: 2.33790779114
        dmean2: 4.48134756088
        dvar: 77.963104248
        dvar2: 231.14352417
        max: 103.92578125
        mean: 1.51738214493
        min: 0
        var: 40.988368988
    pitch_after_max_to_before_max_energy_ratio: 0.78829318285
    pitch_centroid: 226.942703247
    pitch_max_to_total: 0.600000023842
    pitch_min_to_total: 0.532558143139
    tristimulus:
        dmean: [0.194590955973, 0.239977523685, 0.132364556193]
        dmean2: [0.340481281281, 0.425695568323, 0.2345084548]
        dvar: [0.0265002902597, 0.0404467694461, 0.0166173763573]
        dvar2: [0.0703181177378, 0.118507355452, 0.0477744936943]
        max: [1, 0.982326388359, 0.563745200634]
        mean: [0.39582952857, 0.414245575666, 0.133856415749]
        min: [0.0138383693993, 0, 0]
        var: [0.0386065281928, 0.0543650500476, 0.0177575908601]

tonal:
    chords_changes_rate: 0.0462962947786
    chords_number_rate: 0.0324074067175
    chords_strength:
        dmean: 0.00806693267077
        dmean2: 0.00786259677261
        dvar: 4.83749463456e-05
        dvar2: 5.44167560292e-05
        max: 0.654731333256
        mean: 0.519878327847
        min: 0.331577181816
        var: 0.00642691506073
    key_strength: 0.467077732086
    tuning_diatonic_strength: 0.402117908001
    tuning_equal_tempered_deviation: 0.142476439476
    tuning_frequency: 440.254241943
    tuning_nontempered_energy_ratio: 0.763843476772
    hpcp:
        dmean: [0.166720613837, 0.150623992085, 0.134380549192, 0.126231655478, 0.116428658366, 0.131499499083, 0.174509167671, 0.15287861228, 0.0984112396836, 0.0827091038227, 0.0671637058258, 0.0920386835933, 0.168475702405, 0.141150295734, 0.107640139759, 0.108545273542, 0.118124343455, 0.103490255773, 0.110326342285, 0.091372653842, 0.0845948159695, 0.145957574248, 0.126753300428, 0.0908995345235, 0.0743628293276, 0.0630358159542, 0.0765480026603, 0.111993029714, 0.131573423743, 0.152873471379, 0.159221768379, 0.140381217003, 0.130881622434, 0.132541880012, 0.118025325239, 0.146305710077]
        dmean2: [0.259932070971, 0.237880885601, 0.198832541704, 0.196721881628, 0.194969758391, 0.218218669295, 0.298620194197, 0.256576508284, 0.161819428205, 0.143869414926, 0.114451594651, 0.153152942657, 0.282823264599, 0.225613996387, 0.165085583925, 0.179823130369, 0.202365115285, 0.174289003015, 0.189516812563, 0.157028868794, 0.143653124571, 0.238462999463, 0.21038416028, 0.150953099132, 0.121781364083, 0.108922049403, 0.13076454401, 0.183563441038, 0.229315832257, 0.270442783833, 0.265819132328, 0.235648453236, 0.226853206754, 0.230106800795, 0.198211088777, 0.245180010796]
        dvar: [0.0351959727705, 0.0367722325027, 0.0298768132925, 0.0308729819953, 0.0270804446191, 0.0317452959716, 0.0371721833944, 0.0375988855958, 0.0303688123822, 0.0226452536881, 0.00852322764695, 0.0113860266283, 0.047547262162, 0.0297495927662, 0.0232020821422, 0.0268454346806, 0.0330130010843, 0.0261934008449, 0.0269580632448, 0.0189100112766, 0.0124178444967, 0.0267000701278, 0.0202780459076, 0.0192893538624, 0.0186270717531, 0.0195351913571, 0.0176205541939, 0.0318960510194, 0.0374689288437, 0.0312428325415, 0.0416909120977, 0.0262646544725, 0.0378054901958, 0.038322031498, 0.0244045592844, 0.03725278005]
        dvar2: [0.0874897316098, 0.0975354909897, 0.0592235215008, 0.0615340471268, 0.0638790950179, 0.0749891549349, 0.102587834001, 0.093581750989, 0.0693961009383, 0.0569284521043, 0.0224860012531, 0.030435943976, 0.122173756361, 0.0736840739846, 0.0560990422964, 0.0645464658737, 0.0897808969021, 0.0708094090223, 0.0748811587691, 0.0564081035554, 0.0343153774738, 0.0636794343591, 0.0439392998815, 0.0445662662387, 0.0450607948005, 0.0544024892151, 0.0430930741131, 0.0750642344356, 0.104351185262, 0.0899667665362, 0.105986461043, 0.0601969249547, 0.103696130216, 0.104092217982, 0.0650823861361, 0.0989563316107]
        max: [1, 1, 1, 1, 1, 1, 1, 1, 1, 1, 0.745379328728, 0.688972234726, 1, 1, 1, 1, 1, 1, 1, 0.972588956356, 0.951412856579, 1, 1, 1, 1, 1, 1, 1, 1, 1, 1, 1, 1, 1, 1, 1]
        mean: [0.274040967226, 0.270183980465, 0.224567890167, 0.176988497376, 0.139458224177, 0.186976775527, 0.339401841164, 0.30229857564, 0.13257676363, 0.098983950913, 0.0914897322655, 0.139309555292, 0.246909961104, 0.2140442729, 0.130533665419, 0.145524397492, 0.140325605869, 0.118853218853, 0.13485699892, 0.108387954533, 0.139250740409, 0.31225886941, 0.295867562294, 0.137330844998, 0.0810548812151, 0.069280423224, 0.0943708717823, 0.152022734284, 0.155518710613, 0.251343220472, 0.431964606047, 0.321881562471, 0.16326469183, 0.148589864373, 0.138586819172, 0.199781626463]
        min: [0.009586234577, 0.0088523356244, 0.000861543754581, 0.000688944710419, 0.000875587458722, 0.00253225141205, 0.0061589255929, 0.00927922222763, 0.00753358704969, 0.000818956352305, 0.000919980986509, 0.00173457374331, 0.00224714563228, 0.00228666048497, 0.00329862814397, 0.00505397794768, 0.00296785705723, 0.00371962622739, 0.00332930870354, 0.00243047508411, 0.0025491763372, 0.00700697628781, 0.00674561550841, 0.00258249836043, 0.00127369293477, 0.00121454149485, 0.00136462308001, 0.00212963297963, 0.00223826710135, 0.00569657050073, 0.00177545123734, 0.00164968660101, 0.00485010258853, 0.00283159315586, 0.00226926337928, 0.00645902380347]
        var: [0.067348882556, 0.0730763822794, 0.0701204687357, 0.0630489140749, 0.044282797724, 0.0484928749502, 0.0837547183037, 0.0761481672525, 0.0336518213153, 0.0243068784475, 0.0132498936728, 0.0208944585174, 0.086939111352, 0.0639991089702, 0.0267314705998, 0.0296013634652, 0.0325790680945, 0.0240241736174, 0.0323029048741, 0.0212385319173, 0.0176595896482, 0.0860551819205, 0.0834565609694, 0.0303151644766, 0.020333673805, 0.0212568659335, 0.0287081953138, 0.0548570081592, 0.0459439083934, 0.0431147962809, 0.138653084636, 0.0786385908723, 0.0394527576864, 0.036042984575, 0.0276047363877, 0.0609593242407]
    chords_histogram: [38.4259262085, 6.94444465637, 0, 0, 10.6481485367, 23.148147583, 0, 10.6481485367, 0, 0, 0, 0, 0, 0, 0, 0, 0, 0.925925910473, 1.85185182095, 0, 0, 0, 0, 7.40740728378]
    thpcp: [1, 0.745157241821, 0.377958506346, 0.343986213207, 0.320829093456, 0.462495356798, 0.634406089783, 0.625477135181, 0.519875645638, 0.409729152918, 0.322846412659, 0.432852059603, 0.785716772079, 0.699822545052, 0.306915789843, 0.229148283601, 0.211799144745, 0.32250225544, 0.571597695351, 0.495513439178, 0.302186012268, 0.336889624596, 0.324854403734, 0.275145739317, 0.312194555998, 0.250918596983, 0.322366088629, 0.722880661488, 0.684934735298, 0.317921519279, 0.187642410398, 0.160384491086, 0.218468993902, 0.351933300495, 0.36002650857, 0.581860661507]
    chords_key: "E"
    chords_scale: "minor"
    key_key: "E"
    key_scale: "minor"
    chords_progression: ["E", "E", "E", "E", "E", "E", "E", "E", "E", "E", "E", "Em", "Em", "Em", "Em", "Em", "Em", "Em", "Em", "Em", "Em", "Em", "Em", "Em", "Em", "Em", "Em", "Em", "Em", "Em", "Em", "Em", "Em", "Em", "Em", "Em", "Em", "Em", "Em", "Em", "Em", "Em", "Em", "Em", "Em", "Em", "Em", "Em", "Em", "Em", "Em", "Em", "Em", "Em", "Em", "C", "C", "C", "C", "C", "C", "C", "C", "C", "C", "C", "C", "C", "C", "C", "C", "Em", "Em", "Em", "Em", "Em", "Em", "Em", "Em", "Em", "Em", "Em", "Em", "Em", "Em", "Em", "Em", "Em", "Em", "Em", "Em", "Em", "Em", "Em", "Em", "Em", "Em", "Em", "Em", "Em", "Em", "Em", "Em", "Em", "Em", "Em", "Em", "Em", "Em", "Em", "D#", "D#", "G", "Gm", "Gm", "Gm", "Gm", "G", "G", "G", "G", "G", "G", "G", "G", "G", "G", "G", "G", "G", "G", "F#m", "F#m", "F#m", "F#m", "F#m", "F#m", "F#m", "F#m", "F#m", "F#m", "F#m", "F#m", "F#m", "F#m", "F#m", "F#m", "F#m", "F#m", "F#m", "F#m", "F#m", "F#m", "F#m", "A", "A", "A", "A", "A", "A", "A", "A", "A", "A", "A", "A", "A", "A", "A", "A", "A", "A", "A", "A", "A", "A", "A", "A", "A", "A", "A", "A", "A", "A", "A", "A", "A", "A", "A", "A", "A", "A", "A", "A", "A", "A", "A", "A", "A", "A", "A", "A", "A", "A", "E", "E", "E", "E", "E", "E", "E", "E", "E", "E", "E", "E"]
