
metadata:
    version:
        essentia: "1.2.2"
    audio_properties:
        analysis_sample_rate: 44100
        bitrate: 128
        channels: 2
        equal_loudness: 1
        length: 10.0310201645
        replay_gain: -13.0470981598
        downmix: "mix"
    tags:
        track: 27
        year: 0
        album: "Splitted by Mp3Splt v. 2.1"
        artist: "From 004.20 To 004.30"
        comment: "http://mp3splt.sf.net"
        genre: ""
        title: "08 Until the Next Life.mp3"

highlevel:
    ballroom:
        all:
            ChaChaCha: 0.0806363448501
            Jive: 0.455819427967
            Quickstep: 0.128641411662
            Rumba-American: 0.00375306466594
            Rumba-International: 0.0121032688767
            Rumba-Misc: 0.00852458737791
            Samba: 0.072208121419
            Tango: 0.0227065701038
            VienneseWaltz: 0.200465098023
            Waltz: 0.0151420915499
        probability: 0.455819427967
        value: "Jive"
    culture:
        all:
            non_western: 0.081775970757
            western: 0.918224036694
        probability: 0.918224036694
        value: "western"
    gender:
        all:
            female: 0.126449838281
            male: 0.87355017662
        probability: 0.87355017662
        value: "male"
    genre_dortmund:
        all:
            alternative: 0.0719542726874
            blues: 0.0376086458564
            electronic: 0.00303366873413
            folkcountry: 0.220679417253
            funksoulrnb: 0.0454737916589
            jazz: 0.0558195598423
            pop: 0.0864779576659
            raphiphop: 0.013300281018
            rock: 0.465652406216
        probability: 0.465652406216
        value: "rock"
    genre_electronica:
        all:
            ambient: 0.320613622665
            dnb: 0.298933953047
            house: 0.0232036877424
            techno: 0.0119532011449
            trance: 0.345295518637
        probability: 0.345295518637
        value: "trance"
    genre_rosamerica:
        all:
            cla: 0.0254974383861
            dan: 0.0644550770521
            hip: 0.0066500143148
            jaz: 0.00756162498146
            pop: 0.308049976826
            rhy: 0.0185321923345
            roc: 0.568234086037
            spe: 0.00101959344465
        probability: 0.568234086037
        value: "roc"
    genre_tzanetakis:
        all:
            blu: 0.00420380430296
            cla: 0.00570519082248
            cou: 0.703663289547
            dis: 0.039198640734
            hip: 0.00166303478181
            jaz: 0.00847244076431
            met: 0.00571020971984
            pop: 0.017484344542
            reg: 0.00208160444163
            roc: 0.211817413568
        probability: 0.703663289547
        value: "cou"
    live_studio:
        all:
            live: 0.0579948611557
            studio: 0.942005157471
        probability: 0.942005157471
        value: "studio"
    mood:
        all:
            Cluster1: 0.373009949923
            Cluster2: 0.222750619054
            Cluster3: 0.144807323813
            Cluster4: 0.157427400351
            Cluster5: 0.102004684508
        probability: 0.373009949923
        value: "Cluster1"
    mood_acoustic:
        all:
            acoustic: 0.00399102270603
            not_acoustic: 0.996008992195
        probability: 0.996008992195
        value: "not_acoustic"
    mood_aggressive:
        all:
            aggressive: 0.533607900143
            not_aggressive: 0.466392099857
        probability: 0.533607900143
        value: "aggressive"
    mood_electronic:
        all:
            electronic: 0.031463727355
            not_electronic: 0.968536257744
        probability: 0.968536257744
        value: "not_electronic"
    mood_happy:
        all:
            happy: 0.929725050926
            not_happy: 0.0702749490738
        probability: 0.929725050926
        value: "happy"
    mood_party:
        all:
            not_party: 0.58440387249
            party: 0.415596097708
        probability: 0.58440387249
        value: "not_party"
    mood_relaxed:
        all:
            not_relaxed: 0.943297326565
            relaxed: 0.0567026659846
        probability: 0.943297326565
        value: "not_relaxed"
    mood_sad:
        all:
            not_sad: 0.8410140872
            sad: 0.1589859128
        probability: 0.8410140872
        value: "not_sad"
    rhythm:
        all:
            fast: 0.967971265316
            medium: 0.0195361487567
            slow: 0.0124925682321
        probability: 0.967971265316
        value: "fast"
    speech_music:
        all:
            music: 0.999989390373
            speech: 1.05883127617e-05
        probability: 0.999989390373
        value: "music"
    timbre:
        all:
            bright: 0.959079325199
            dark: 0.0409206934273
        probability: 0.959079325199
        value: "bright"
    voice_instrumental:
        all:
            instrumental: 0.0730584561825
            voice: 0.92694157362
        probability: 0.92694157362
        value: "voice"

lowlevel:
    average_loudness: 0.97459089756
    barkbands_kurtosis:
        dmean: 0.367566764355
        dmean2: 0.578173696995
        dvar: 0.161734700203
        dvar2: 0.394404649734
        max: 3.0325922966
        mean: -0.931675255299
        min: -1.74675905704
        var: 0.520174145699
    barkbands_skewness:
        dmean: 0.291502296925
        dmean2: 0.450490891933
        dvar: 0.0594973303378
        dvar2: 0.144174695015
        max: 1.46347522736
        mean: -0.0633403360844
        min: -1.87799084187
        var: 0.434672802687
    barkbands_spread:
        dmean: 3.62913179398
        dmean2: 5.71647024155
        dvar: 10.0818834305
        dvar2: 22.9365158081
        max: 49.2590675354
        mean: 30.4278888702
        min: 15.5624580383
        var: 37.0468711853
    dissonance:
        dmean: 0.0176121722907
        dmean2: 0.0302131939679
        dvar: 0.000242601658101
        dvar2: 0.000603719498031
        max: 0.49895042181
        mean: 0.459320515394
        min: 0.351847171783
        var: 0.000512872938998
    hfc:
        dmean: 2.09491348267
        dmean2: 3.147595644
        dvar: 5.35421514511
        dvar2: 12.1121692657
        max: 26.5305175781
        mean: 10.0556592941
        min: 1.77684473991
        var: 30.3647861481
    pitch:
        dmean: 336.74911499
        dmean2: 657.453613281
        dvar: 735426.5625
        dvar2: 2030942.25
        max: 4410
        mean: 520.754089355
        min: 100.915328979
        var: 710247.3125
    pitch_instantaneous_confidence:
        dmean: 0.0854239091277
        dmean2: 0.139540359378
        dvar: 0.00507818581536
        dvar2: 0.0119037916884
        max: 0.873880922794
        mean: 0.513753890991
        min: 0.159611523151
        var: 0.0242448691279
    pitch_salience:
        dmean: 0.0572875887156
        dmean2: 0.0957929342985
        dvar: 0.00226279953495
        dvar2: 0.00619672937319
        max: 0.807438135147
        mean: 0.606871128082
        min: 0.330475658178
        var: 0.0047029950656
    silence_rate_20dB:
        dmean: 0
        dmean2: 0
        dvar: 0
        dvar2: 0
        max: 1
        mean: 1
        min: 1
        var: 0
    silence_rate_30dB:
        dmean: 0
        dmean2: 0
        dvar: 0
        dvar2: 0
        max: 1
        mean: 1
        min: 1
        var: 0
    silence_rate_60dB:
        dmean: 0.0603248253465
        dmean2: 0.118604652584
        dvar: 0.0566858686507
        dvar2: 0.118491306901
        max: 1
        mean: 0.159722223878
        min: 0
        var: 0.134211406112
    spectral_centroid:
        dmean: 219.709869385
        dmean2: 340.132049561
        dvar: 36629.6171875
        dvar2: 85830.609375
        max: 3559.01269531
        mean: 1756.36584473
        min: 823.465515137
        var: 221776.515625
    spectral_complexity:
        dmean: 2.79953384399
        dmean2: 4.60981321335
        dvar: 6.46797084808
        dvar2: 16.7145690918
        max: 30
        mean: 16.1953487396
        min: 5
        var: 24.6874027252
    spectral_crest:
        dmean: 1.84464657307
        dmean2: 3.10183668137
        dvar: 2.60462331772
        dvar2: 6.84208345413
        max: 17.4823818207
        mean: 6.78029489517
        min: 2.80627894402
        var: 5.83440637589
    spectral_decrease:
        dmean: 2.29935986917e-10
        dmean2: 3.51992573977e-10
        dvar: 6.16152491877e-20
        dvar2: 1.40336322024e-19
        max: -2.36310332413e-10
        mean: -1.21828058752e-09
        min: -3.00803382203e-09
        var: 2.14200771915e-19
    spectral_energy:
        dmean: 0.0010181106627
        dmean2: 0.00154185655992
        dvar: 1.1843927723e-06
        dvar2: 2.67898144557e-06
        max: 0.013759422116
        mean: 0.00551014905795
        min: 0.0010530553991
        var: 4.73101181342e-06
    spectral_energyband_high:
        dmean: 0.00013334734831
        dmean2: 0.000202938259463
        dvar: 5.11992936936e-08
        dvar2: 1.22497255006e-07
        max: 0.00351168098859
        mean: 0.000327708316036
        min: 5.0007529353e-05
        var: 1.31454626739e-07
    spectral_energyband_low:
        dmean: 0.000121189128549
        dmean2: 0.000211695805774
        dvar: 6.71083668635e-08
        dvar2: 1.96645984829e-07
        max: 0.00263845920563
        mean: 0.000224558942136
        min: 6.68433131068e-06
        var: 6.89038373025e-08
    spectral_energyband_middle_high:
        dmean: 0.000634229625575
        dmean2: 0.000944296771195
        dvar: 3.80109923981e-07
        dvar2: 7.96633457867e-07
        max: 0.00855152588338
        mean: 0.00302029540762
        min: 0.000490141450427
        var: 3.28021519636e-06
    spectral_energyband_middle_low:
        dmean: 0.000571760581806
        dmean2: 0.00085823162226
        dvar: 4.70754258686e-07
        dvar2: 1.18393734283e-06
        max: 0.00725135812536
        mean: 0.00193757913075
        min: 0.000358764344128
        var: 1.14717443012e-06
    spectral_flatness_db:
        dmean: 0.0129709066823
        dmean2: 0.0202663503587
        dvar: 0.000132988410769
        dvar2: 0.000302552944049
        max: 0.199612990022
        mean: 0.142436921597
        min: 0.0895420759916
        var: 0.000435716618085
    spectral_flux:
        dmean: 0.00861107744277
        dmean2: 0.0134431598708
        dvar: 6.88960572006e-05
        dvar2: 0.000151411732077
        max: 0.09459400177
        mean: 0.0432355999947
        min: 0.0171671025455
        var: 0.000216729124077
    spectral_kurtosis:
        dmean: 0.848705351353
        dmean2: 1.39799773693
        dvar: 0.593922913074
        dvar2: 1.69839251041
        max: 9.30681228638
        mean: 3.59597659111
        min: -0.171813011169
        var: 1.88978075981
    spectral_rms:
        dmean: 0.000215200576349
        dmean2: 0.000325219327351
        dvar: 4.68712784141e-08
        dvar2: 1.011080073e-07
        max: 0.00366385397501
        mean: 0.00227007688954
        min: 0.00101359316614
        var: 2.22504141334e-07
    spectral_rolloff:
        dmean: 291.175018311
        dmean2: 471.567108154
        dvar: 109963.171875
        dvar2: 288541.375
        max: 5469.43359375
        mean: 3304.09594727
        min: 1055.12695312
        var: 265552.21875
    spectral_skewness:
        dmean: 0.134297698736
        dmean2: 0.216344356537
        dvar: 0.0137013690546
        dvar2: 0.0349984876812
        max: 2.0415828228
        mean: 1.46852445602
        min: 0.483157366514
        var: 0.0510742925107
    spectral_spread:
        dmean: 472273.59375
        dmean2: 679352.6875
        dvar: 291092824064
        dvar2: 505839812608
        max: 9849303
        mean: 4965549
        min: 2660552
        var: 1.1452121088e+12
    spectral_strongpeak:
        dmean: 0.7149335742
        dmean2: 1.19587874413
        dvar: 0.794934749603
        dvar2: 1.92626273632
        max: 6.15569353104
        mean: 1.2798024416
        min: 0.0336268208921
        var: 1.62431740761
    zerocrossingrate:
        dmean: 0.00679154833779
        dmean2: 0.00849928800017
        dvar: 3.95004863094e-05
        dvar2: 4.52612439403e-05
        max: 0.18310546875
        mean: 0.0996740981936
        min: 0.03125
        var: 0.000357962358976
    barkbands:
        dmean: [1.7350701853e-07, 4.80013986817e-05, 9.13960902835e-05, 0.000102227699244, 0.00021467753686, 0.00013427666272, 0.000254378770478, 0.000151449261466, 0.000150901381858, 0.000108469532279, 0.000166765705217, 4.04780839744e-05, 4.96984212077e-05, 6.62329111947e-05, 9.2221525847e-05, 0.000105377293949, 0.000244108654442, 0.000165193210705, 0.000252282130532, 0.000180861039553, 5.15811771038e-05, 2.49472996074e-05, 5.18197884958e-06, 3.00571446132e-06, 1.44605019159e-06, 2.53701273323e-07, 3.53255702468e-10]
        dmean2: [2.82054628542e-07, 8.37341794977e-05, 0.000155231973622, 0.00017092928465, 0.000357433775207, 0.000213085615542, 0.000385436578654, 0.000221880778554, 0.000230526275118, 0.000162308831932, 0.000262171059148, 6.41736987745e-05, 8.01082715043e-05, 0.000101822697616, 0.000143859608215, 0.000175230728928, 0.000396488903789, 0.000262565969024, 0.000407096929848, 0.000297509541269, 7.72471612436e-05, 3.99121236114e-05, 7.31660338715e-06, 4.33122249888e-06, 2.16018088395e-06, 4.19765171955e-07, 6.2153299174e-10]
        dvar: [3.35001639059e-13, 1.08227729001e-08, 4.02197173344e-08, 2.1297251962e-08, 1.83648950269e-07, 5.87694231058e-08, 1.4000494275e-07, 9.94948621269e-08, 4.57615882965e-08, 2.39845832084e-08, 1.26207737594e-07, 3.992269626e-09, 4.75930717059e-09, 1.48616141615e-08, 2.18203446423e-08, 2.83100813903e-08, 8.06238702467e-08, 4.26677289056e-08, 1.36865963896e-07, 5.7700521694e-08, 7.56811235902e-09, 2.09642081472e-09, 1.13718680306e-10, 3.5835345108e-11, 5.61099604279e-12, 1.34167568548e-12, 1.67313085793e-19]
        dvar2: [7.94891496375e-13, 3.19062891663e-08, 1.22073686271e-07, 5.65867530611e-08, 4.86300336888e-07, 1.34459924084e-07, 3.16501939324e-07, 2.07146271691e-07, 1.05471244183e-07, 5.82695278695e-08, 2.82362094595e-07, 8.92367157945e-09, 1.12840723432e-08, 3.30056053599e-08, 5.16086124946e-08, 7.46263708606e-08, 1.98836261234e-07, 9.44772580169e-08, 3.29600396753e-07, 1.38358103641e-07, 1.53717927276e-08, 5.21438225931e-09, 1.83790857533e-10, 5.90645726772e-11, 1.2679921349e-11, 3.34335120353e-12, 4.67254785889e-19]
        max: [5.50362756258e-06, 0.000869305338711, 0.00228409119882, 0.00113739352673, 0.00382377067581, 0.00271309632808, 0.00553549733013, 0.00512864021584, 0.00240339105949, 0.0017121960409, 0.0042004561983, 0.000849845993798, 0.000652574643027, 0.00112377374899, 0.00225196522661, 0.00152905914001, 0.00335745327175, 0.00228385254741, 0.00545500218868, 0.00240155938081, 0.00136330886744, 0.000584398047067, 0.000149858751683, 8.40019711177e-05, 2.32135298575e-05, 1.54834524437e-05, 2.86477375155e-09]
        mean: [1.84431755201e-07, 7.46385703678e-05, 0.000149747851538, 0.000171511608642, 0.000327561807353, 0.000286144320853, 0.000488908321131, 0.000271403434454, 0.000333653646521, 0.000195330634597, 0.000282924331259, 6.69627188472e-05, 8.78388527781e-05, 0.000126319806441, 0.000193454849068, 0.000191794577404, 0.000564721703995, 0.000423525896622, 0.000696618866641, 0.00038187453174, 0.000116881346912, 5.2553947171e-05, 1.43959750858e-05, 7.95141386334e-06, 2.93367702398e-06, 3.13931337814e-07, 3.66808472485e-10]
        min: [1.17945000988e-10, 1.80492037316e-07, 4.71110070066e-06, 1.41715531754e-06, 8.3520408225e-06, 5.88665943724e-06, 7.3182268352e-06, 6.6167795012e-06, 9.11874121812e-06, 2.45866067417e-06, 2.92926188195e-06, 2.31336366596e-06, 5.6332182794e-06, 1.53305120421e-06, 5.82662505622e-06, 5.85820998822e-06, 1.7129972548e-05, 2.563900307e-05, 3.53830182576e-05, 1.57204085554e-05, 7.03079558662e-06, 3.17887679557e-06, 7.31344982796e-07, 2.59387093138e-07, 1.41074707471e-07, 2.76159251023e-09, 5.87552332091e-14]
        var: [3.40631277525e-13, 1.26059456207e-08, 3.87022751624e-08, 3.37205534606e-08, 2.0663432565e-07, 1.42915496326e-07, 3.14872266927e-07, 1.94144305965e-07, 1.99492134811e-07, 6.36254071651e-08, 2.65345335038e-07, 6.9493069077e-09, 8.57287574263e-09, 3.80581681725e-08, 1.02861527296e-07, 4.93323852879e-08, 3.80222502372e-07, 1.81075222372e-07, 4.93739833018e-07, 1.64953036119e-07, 2.41413680158e-08, 3.53070239711e-09, 4.34082964018e-10, 1.22139298675e-10, 1.3275077218e-11, 1.58636656328e-12, 1.86163924493e-19]
    mfcc:
        mean: [-683.633911133, 101.881507874, -48.1448326111, 44.9206695557, -16.559009552, -16.7528438568, -6.46707439423, 0.344405144453, -5.61234521866, -1.68884706497, -1.80045104027, -2.57199430466, -3.61235976219]
        cov: [[658.41418457, -304.367828369, 9.34879016876, -21.5626010895, -19.5252246857, 6.56106090546, 26.7098178864, 33.4721832275, -28.4943885803, 67.1860198975, -42.1942825317, -37.2601242065, -25.7614212036], [-304.367828369, 423.446655273, -117.996055603, 14.5252161026, 9.97981643677, 22.7417640686, 39.9578971863, 7.2137131691, 0.534092664719, -12.2468767166, 87.2890319824, -24.685426712, 39.9572143555], [9.34879016876, -117.996055603, 229.800765991, 25.4311561584, -3.23871278763, -15.5135660172, -50.1447868347, -36.7961082458, 13.9624891281, -51.4633560181, -50.3302230835, 50.5818901062, 3.35303783417], [-21.5626010895, 14.5252161026, 25.4311561584, 138.523620605, 93.9919128418, 0.828903436661, -4.95529556274, 10.2129440308, 26.2053050995, 3.26784229279, -15.9617414474, 43.8498764038, 17.2651309967], [-19.5252246857, 9.97981643677, -3.23871278763, 93.9919128418, 203.604644775, 24.0105934143, -7.09524250031, 20.4134578705, 63.068321228, -0.74565500021, -23.3748855591, 48.9081039429, 23.4998779297], [6.56106090546, 22.7417640686, -15.5135660172, 0.828903436661, 24.0105934143, 78.384979248, 33.4281158447, 16.4925746918, 10.8143234253, 10.7850208282, 15.0916557312, -12.9550180435, -3.93368315697], [26.7098178864, 39.9578971863, -50.1447868347, -4.95529556274, -7.09524250031, 33.4281158447, 150.168716431, 52.9921722412, -5.93213129044, 44.0906867981, 18.7123222351, -17.3636054993, 17.499162674], [33.4721832275, 7.2137131691, -36.7961082458, 10.2129440308, 20.4134578705, 16.4925746918, 52.9921722412, 122.160881042, 21.158624649, 42.4701423645, 39.1442070007, -9.96567821503, 2.2231464386], [-28.4943885803, 0.534092664719, 13.9624891281, 26.2053050995, 63.068321228, 10.8143234253, -5.93213129044, 21.158624649, 88.6378860474, -5.18214941025, 4.02377605438, 21.5875854492, -6.84479427338], [67.1860198975, -12.2468767166, -51.4633560181, 3.26784229279, -0.74565500021, 10.7850208282, 44.0906867981, 42.4701423645, -5.18214941025, 112.117233276, 33.7751426697, -26.9218082428, -2.44231057167], [-42.1942825317, 87.2890319824, -50.3302230835, -15.9617414474, -23.3748855591, 15.0916557312, 18.7123222351, 39.1442070007, 4.02377605438, 33.7751426697, 132.59046936, -12.7149677277, -12.1261301041], [-37.2601242065, -24.685426712, 50.5818901062, 43.8498764038, 48.9081039429, -12.9550180435, -17.3636054993, -9.96567821503, 21.5875854492, -26.9218082428, -12.7149677277, 94.2561264038, 23.2031745911], [-25.7614212036, 39.9572143555, 3.35303783417, 17.2651309967, 23.4998779297, -3.93368315697, 17.499162674, 2.2231464386, -6.84479427338, -2.44231057167, -12.1261301041, 23.2031745911, 81.2951278687]]
        icov: [[0.00271423952654, 0.00229861610569, 0.000490244827233, -0.00028525153175, -0.000146776612382, -0.000335227698088, -0.000393952679588, -0.000249380886089, 0.000678936892655, -0.000482247123728, -0.000173922249814, 0.00127170141786, -0.000457725458546], [0.00229861610569, 0.00594708137214, 0.00223664310761, -0.00170142727438, 2.68365456577e-05, -0.000585301429965, -0.0010378099978, 0.000951035588514, -3.23902640957e-05, 0.00198649964295, -0.00311380624771, 0.00275543075986, -0.00295819854364], [0.000490244827233, 0.00223664310761, 0.00702778529376, -0.00185576989315, 0.00206473423168, -0.000978359137662, 0.000889622955583, 0.000635668751784, -0.00139955419581, 0.0020568582695, 0.000527160882484, -0.00184239097871, -0.001144346199], [-0.00028525153175, -0.00170142727438, -0.00185576989315, 0.0121970437467, -0.00510891294107, 0.00110574730206, 0.000132558037876, -0.00087208871264, 0.00104350340553, -0.00223245029338, 0.00130001467187, -0.00343766878359, 0.000953581475187], [-0.000146776612382, 2.68365456577e-05, 0.00206473423168, -0.00510891294107, 0.0105874668807, -0.00348592200316, 0.00163013779093, -0.000754612672608, -0.00531393103302, -0.000336469849572, 0.00217218138278, -0.00262751081027, -0.00200286880136], [-0.000335227698088, -0.000585301429965, -0.000978359137662, 0.00110574730206, -0.00348592200316, 0.0162386745214, -0.00385099230334, 0.000448348058853, -0.000596025376581, 0.000620892969891, -0.00174432294443, 0.00281212246045, 0.00150272611063], [-0.000393952679588, -0.0010378099978, 0.000889622955583, 0.000132558037876, 0.00163013779093, -0.00385099230334, 0.0101342909038, -0.00347100500949, 0.000377749704057, -0.00249133887701, 0.00158506107982, -0.000943369115703, -0.0019610428717], [-0.000249380886089, 0.000951035588514, 0.000635668751784, -0.00087208871264, -0.000754612672608, 0.000448348058853, -0.00347100500949, 0.0122995236889, -0.00294696376659, -0.00160072790459, -0.003354069544, 0.00131848524325, -0.000909680442419], [0.000678936892655, -3.23902640957e-05, -0.00139955419581, 0.00104350340553, -0.00531393103302, -0.000596025376581, 0.000377749704057, -0.00294696376659, 0.0167171191424, 0.000579731015023, -0.000724782061297, -0.00162796699442, 0.00335519295186], [-0.000482247123728, 0.00198649964295, 0.0020568582695, -0.00223245029338, -0.000336469849572, 0.000620892969891, -0.00249133887701, -0.00160072790459, 0.000579731015023, 0.0138823008165, -0.00357247004285, 0.00351827545092, -0.00110375019722], [-0.000173922249814, -0.00311380624771, 0.000527160882484, 0.00130001467187, 0.00217218138278, -0.00174432294443, 0.00158506107982, -0.003354069544, -0.000724782061297, -0.00357247004285, 0.0121270315722, -0.00309427431785, 0.00273943413049], [0.00127170141786, 0.00275543075986, -0.00184239097871, -0.00343766878359, -0.00262751081027, 0.00281212246045, -0.000943369115703, 0.00131848524325, -0.00162796699442, 0.00351827545092, -0.00309427431785, 0.0182772930712, -0.00479225628078], [-0.000457725458546, -0.00295819854364, -0.001144346199, 0.000953581475187, -0.00200286880136, 0.00150272611063, -0.0019610428717, -0.000909680442419, 0.00335519295186, -0.00110375019722, 0.00273943413049, -0.00479225628078, 0.0165789108723]]
    spectral_contrast:
        mean: [4.83633641579e-07, 4.04306632618e-07, 3.35211154834e-07, 6.3063100697e-07, -2.86561459006e-07, -1.58454795951e-07, 4.04691263611e-06, 2.69475367531e-06, -2.20972947318e-06, 1.92495281226e-06, 2.94776145893e-06, 3.6705371258e-06]
        var: [0.000610013899859, 0.00105977046769, 0.00179919286165, 0.00236433628015, 0.00309609947726, 0.00447397492826, 0.0380733087659, 0.0736132636666, 0.118967488408, 0.213529571891, 0.315928727388, 0.578588664532]

rhythm:
    beats_loudness:
        dmean: 0.00217116414569
        dmean2: 0.00367025239393
        dvar: 2.44444345299e-06
        dvar2: 4.7189896577e-06
        max: 0.0104346331209
        mean: 0.00727390684187
        min: 0.00307749188505
        var: 4.73920408695e-06
    beats_loudness_bass:
        dmean: 0.0949103683233
        dmean2: 0.155346557498
        dvar: 0.0053803822957
        dvar2: 0.0154356826097
        max: 0.271557360888
        mean: 0.0905601382256
        min: 0.00635024020448
        var: 0.00618880940601
    bpm: 135.205566406
    bpm_confidence: 0
    first_peak_bpm: 135
    first_peak_spread: 0
    first_peak_weight: 0.952380955219
    onset_rate: 3.38948559761
    second_peak_bpm: 120
    second_peak_spread: 0
    second_peak_weight: 0.047619048506
    beats_position: [0.305315077305, 0.748158991337, 1.19100284576, 1.63384664059, 2.07669043541, 2.51953434944, 2.96237826347, 3.40522217751, 3.84806609154, 4.29091024399, 4.73375415802, 5.17659807205, 5.61944198608, 6.11858844757, 6.56276416779, 7.00694084167, 7.45111656189, 7.8952922821, 8.33946800232, 8.78364467621, 9.22782039642, 9.67199707031]
    bpm_estimates: [135.495544434, 135.074813843, 135.895874023, 133.85244751, 134.266677856, 133.830413818, 135.93586731, 138.74079895, 134.189727783, 134.31590271, 135.663162231]
    bpm_intervals: [0.442843914032, 0.442843854427, 0.442843794823, 0.442843794823, 0.442843914032, 0.442843914032, 0.442843914032, 0.442843914032, 0.442844152451, 0.442843914032, 0.442843914032, 0.442843914032, 0.499146461487, 0.444175720215, 0.444176673889, 0.444175720215, 0.444175720215, 0.444175720215, 0.444176673889, 0.444175720215, 0.444176673889]
    onset_times: [0.0464399084449, 0.31346938014, 0.766258478165, 1.19582772255, 1.83437645435, 2.08979582787, 2.46131515503, 2.83283448219, 2.86766433716, 3.11147403717, 3.36689352989, 3.87773251534, 4.33052158356, 4.77170085907, 5.14321994781, 5.45668935776, 5.5727891922, 5.66566896439, 5.78176879883, 5.94430828094, 6.3622674942, 6.58285713196, 6.8963265419, 7.00081634521, 7.27945566177, 7.45360565186, 7.91800451279, 8.15020370483, 8.35918331146, 9.07900238037, 9.26476192474, 9.62467098236, 9.71755123138, 9.9613609314]
    rubato_start: []
    rubato_stop: []
    perceptual_tempo: "unknown"

sfx:
    inharmonicity:
        dmean: 0.0540760494769
        dmean2: 0.0931056216359
        dvar: 0.00327083840966
        dvar2: 0.00925492867827
        max: 0.399391710758
        mean: 0.0641747638583
        min: 0.000667067884933
        var: 0.00414765207097
    oddtoevenharmonicenergyratio:
        dmean: 4.71220397949
        dmean2: 8.82653045654
        dvar: 1010.21160889
        dvar2: 2999.96679688
        max: 460.094970703
        mean: 3.18854546547
        min: 0.000607529771514
        var: 525.282348633
    pitch_after_max_to_before_max_energy_ratio: 0.367245942354
    pitch_centroid: 188.080703735
    pitch_max_to_total: 0.569767415524
    pitch_min_to_total: 0.176744192839
    tristimulus:
        dmean: [0.164864897728, 0.243257075548, 0.149873957038]
        dmean2: [0.288953870535, 0.424377948046, 0.267587989569]
        dvar: [0.0210342835635, 0.0449850894511, 0.0181083064526]
        dvar2: [0.0586292147636, 0.125225245953, 0.0445540733635]
        max: [0.918446600437, 0.960424900055, 0.647845029831]
        mean: [0.312291204929, 0.482113301754, 0.153502702713]
        min: [0.0126382345334, 0, 0]
        var: [0.0332379415631, 0.0541600883007, 0.023310828954]

tonal:
    chords_changes_rate: 0.0416666679084
    chords_number_rate: 0.0324074067175
    chords_strength:
        dmean: 0.00878349971026
        dmean2: 0.00675201183185
        dvar: 5.28961427335e-05
        dvar2: 4.3869829824e-05
        max: 0.676493048668
        mean: 0.49575728178
        min: 0.310747653246
        var: 0.00819991156459
    key_strength: 0.716029882431
    tuning_diatonic_strength: 0.613286793232
    tuning_equal_tempered_deviation: 0.0432099625468
    tuning_frequency: 441.272583008
    tuning_nontempered_energy_ratio: 0.678538680077
    hpcp:
        dmean: [0.208984270692, 0.17588660121, 0.135558903217, 0.142141029239, 0.127646028996, 0.126164793968, 0.131104186177, 0.126097664237, 0.134018644691, 0.126863256097, 0.0914297699928, 0.059771001339, 0.0478810183704, 0.0643513649702, 0.1177463606, 0.142570272088, 0.125248387456, 0.0966517925262, 0.0987068265676, 0.10178552568, 0.153003141284, 0.20277172327, 0.161298900843, 0.102578356862, 0.103290200233, 0.0816880390048, 0.076170027256, 0.0993400067091, 0.125873565674, 0.131414040923, 0.132888317108, 0.114447303116, 0.0983354374766, 0.108311757445, 0.139022439718, 0.17950694263]
        dmean2: [0.355908334255, 0.280902057886, 0.237655177712, 0.245135813951, 0.216839894652, 0.203327536583, 0.206034347415, 0.208140477538, 0.227113187313, 0.212425112724, 0.1446839571, 0.106703400612, 0.0812316164374, 0.107542730868, 0.188553795218, 0.237345188856, 0.203999444842, 0.159751817584, 0.167453482747, 0.176383242011, 0.261258691549, 0.346966952085, 0.27083748579, 0.177458867431, 0.18549194932, 0.133547082543, 0.129726931453, 0.165693610907, 0.218750745058, 0.225357145071, 0.220205411315, 0.193260163069, 0.172845005989, 0.186239302158, 0.234920650721, 0.303517818451]
        dvar: [0.0508111901581, 0.0354992412031, 0.0335721038282, 0.0448074862361, 0.0313765183091, 0.0217621754855, 0.0248562954366, 0.024445084855, 0.0346478335559, 0.0340500771999, 0.0187469217926, 0.018264265731, 0.00965616293252, 0.011239011772, 0.0235694423318, 0.0320012830198, 0.0282145217061, 0.0239413809031, 0.0273207873106, 0.0334844477475, 0.0287958662957, 0.0434566512704, 0.0320177786052, 0.0173008479178, 0.0245021563023, 0.0146354231983, 0.0142980962992, 0.0177283529192, 0.0356790050864, 0.0269938185811, 0.0203629154712, 0.0172405261546, 0.0243596304208, 0.0232586376369, 0.0408468097448, 0.0407730005682]
        dvar2: [0.134925037622, 0.0939452201128, 0.0752563849092, 0.106853745878, 0.0779319554567, 0.053107380867, 0.0596933625638, 0.054445605725, 0.0872291773558, 0.0778178647161, 0.0483705587685, 0.0540525354445, 0.0252950843424, 0.0275304187089, 0.060626141727, 0.0767212286592, 0.0730334147811, 0.0611865334213, 0.0709403976798, 0.0906534716487, 0.0797376930714, 0.108806014061, 0.0721999928355, 0.0470264144242, 0.0651609227061, 0.0366602130234, 0.0380487628281, 0.045485123992, 0.100487843156, 0.0662312284112, 0.0492209307849, 0.0404548794031, 0.0648411884904, 0.0558567754924, 0.0942214205861, 0.101869963109]
        max: [1, 1, 1, 1, 1, 1, 1, 1, 1, 1, 1, 1, 1, 0.698653817177, 1, 1, 1, 1, 0.951387465, 1, 1, 1, 1, 0.808121323586, 0.981352806091, 0.972070872784, 0.880247473717, 1, 1, 1, 1, 1, 1, 1, 1, 1]
        mean: [0.428370922804, 0.305525720119, 0.189888775349, 0.171031877398, 0.152567788959, 0.226652830839, 0.311304420233, 0.227291703224, 0.208758726716, 0.275825470686, 0.169242307544, 0.0609719529748, 0.0539220124483, 0.0874555110931, 0.203008472919, 0.287110716105, 0.213104262948, 0.124100871384, 0.109676033258, 0.115704789758, 0.257308870554, 0.426919668913, 0.296982258558, 0.128478884697, 0.117815867066, 0.0978910401464, 0.0999158844352, 0.141359850764, 0.166138708591, 0.229308009148, 0.297440469265, 0.211674302816, 0.123104192317, 0.136163264513, 0.186584696174, 0.331668049097]
        min: [0.0299441050738, 0.0158802308142, 0.00147432484664, 0.00129738950636, 0.00147977331653, 0.00281989527866, 0.00238469196483, 0.0069469884038, 0.00285527925007, 0.0029395876918, 0.00177888816688, 0.00268738996238, 0.00175041239709, 0.00137214676943, 0.00561326975003, 0.00643494585529, 0.00595446769148, 0.00169382116292, 0.00116681517102, 0.000810316530988, 0.0044417581521, 0.0180112011731, 0.0135199278593, 0.00647216849029, 0.00197984348051, 0.00127438688651, 0.000703824218363, 0.000622891355306, 0.0027615216095, 0.0098473681137, 0.0166910812259, 0.00615600962192, 0.00354781327769, 0.00198826449923, 0.00191499385983, 0.0124746747315]
        var: [0.107820831239, 0.0627685561776, 0.048112783581, 0.0508178211749, 0.0407046973705, 0.0590977370739, 0.105019696057, 0.0551305860281, 0.0515705794096, 0.103401616216, 0.042504992336, 0.0114316409454, 0.00800400599837, 0.0142711987719, 0.0593220666051, 0.0859070420265, 0.0599290877581, 0.0315307490528, 0.0289159622043, 0.0321665070951, 0.0496558621526, 0.110996857285, 0.0622608959675, 0.0172050390393, 0.0230454951525, 0.0180113129318, 0.0156508367509, 0.0312049705535, 0.0472957231104, 0.0487429909408, 0.0671227797866, 0.0389544777572, 0.02214105241, 0.0267081353813, 0.0518379770219, 0.0806983485818]
    chords_histogram: [37.9629631042, 0, 28.2407398224, 0, 0, 4.62962961197, 0, 0, 0, 2.31481480598, 0, 0, 0, 0, 0, 0, 0, 0, 0, 0, 4.62962961197, 0, 10.1851854324, 12.0370368958]
    thpcp: [1, 0.713227033615, 0.443281203508, 0.399261176586, 0.356158137321, 0.529104173183, 0.726716995239, 0.530595541, 0.487331688404, 0.643894016743, 0.395083546638, 0.142334476113, 0.125876918435, 0.204158380628, 0.473908156157, 0.670238554478, 0.497476011515, 0.289704233408, 0.256030529737, 0.270104199648, 0.600668370724, 0.996612131596, 0.693282961845, 0.299924373627, 0.275032371283, 0.228519335389, 0.233246192336, 0.329994052649, 0.387838423252, 0.535302460194, 0.694352626801, 0.494137883186, 0.287377566099, 0.317862987518, 0.435568064451, 0.774254322052]
    chords_key: "A"
    chords_scale: "minor"
    key_key: "A"
    key_scale: "minor"
    chords_progression: ["Am", "Am", "Am", "Am", "Am", "Am", "Am", "Am", "Am", "Am", "Am", "Am", "Am", "Am", "Am", "Am", "Am", "Am", "Am", "Am", "Am", "Am", "Am", "Am", "Am", "Am", "Am", "Am", "Am", "Am", "Am", "Am", "Am", "Am", "Am", "Am", "Am", "Am", "Am", "Am", "Am", "Am", "Am", "Am", "Am", "Am", "Am", "Am", "Am", "Am", "Am", "Am", "Am", "Am", "Am", "Am", "Am", "Am", "Am", "Am", "Am", "Am", "Am", "Am", "Am", "Am", "Am", "Am", "Am", "Am", "Am", "Am", "E", "E", "E", "E", "E", "Em", "Em", "Em", "Em", "Em", "Em", "Em", "Em", "Em", "Em", "Em", "Em", "Em", "Em", "Em", "Em", "Em", "Em", "Em", "Em", "Em", "Em", "Em", "Em", "Em", "Em", "Em", "Em", "Em", "Em", "Em", "Em", "Em", "Em", "Em", "Em", "Em", "Em", "Em", "Em", "Em", "Em", "Em", "Em", "Em", "Em", "Em", "Em", "Em", "Em", "Em", "Em", "Em", "Em", "Em", "Em", "Em", "Em", "Em", "Em", "Em", "Am", "Am", "Am", "Am", "Am", "Am", "Am", "Am", "Am", "Am", "D", "D", "D", "D", "D", "D", "D", "D", "D", "D", "Dm", "Dm", "Dm", "Dm", "Dm", "Dm", "Dm", "Dm", "Dm", "Dm", "Dm", "Dm", "Dm", "Dm", "Dm", "Dm", "Dm", "Dm", "Dm", "Dm", "Gm", "Dm", "Dm", "Gm", "Gm", "Gm", "Gm", "Gm", "Gm", "Gm", "Gm", "Gm", "F", "F", "F", "F", "F", "F", "F", "F", "F", "F", "F", "F", "F", "F", "F", "F", "F", "F", "F", "F", "F", "F", "F", "F", "F", "F"]
