
metadata:
    version:
        essentia: "1.2.2"
    audio_properties:
        analysis_sample_rate: 44100
        bitrate: 128
        channels: 2
        equal_loudness: 1
        length: 10.0048980713
        replay_gain: -11.8589134216
        downmix: "mix"
    tags:
        track: 10
        year: 0
        album: "Splitted by Mp3Splt v. 2.1"
        artist: "From 001.30 To 001.40"
        comment: "http://mp3splt.sf.net"
        genre: ""
        title: "03 God Is God.mp3"

highlevel:
    ballroom:
        all:
            ChaChaCha: 0.300770521164
            Jive: 0.151079311967
            Quickstep: 0.00532903475687
            Rumba-American: 0.00463641760871
            Rumba-International: 0.0138203725219
            Rumba-Misc: 0.00778489466757
            Samba: 0.511956751347
            Tango: 0.00110565102659
            VienneseWaltz: 0.00239431182854
            Waltz: 0.00112273567356
        probability: 0.511956751347
        value: "Samba"
    culture:
        all:
            non_western: 0.848964095116
            western: 0.151035889983
        probability: 0.848964095116
        value: "non_western"
    gender:
        all:
            female: 0.842459440231
            male: 0.157540544868
        probability: 0.842459440231
        value: "female"
    genre_dortmund:
        all:
            alternative: 0.0420372262597
            blues: 0.0758363679051
            electronic: 0.0986281633377
            folkcountry: 0.0248767882586
            funksoulrnb: 0.0624625720084
            jazz: 0.223687440157
            pop: 0.140435725451
            raphiphop: 0.0582763031125
            rock: 0.273759424686
        probability: 0.273759424686
        value: "rock"
    genre_electronica:
        all:
            ambient: 0.0818195194006
            dnb: 0.509048759937
            house: 0.0145689528435
            techno: 0.0132862543687
            trance: 0.381276518106
        probability: 0.509048759937
        value: "dnb"
    genre_rosamerica:
        all:
            cla: 0.00403336435556
            dan: 0.481461435556
            hip: 0.00380785856396
            jaz: 0.0132211977616
            pop: 0.466401278973
            rhy: 0.0165368355811
            roc: 0.0138044953346
            spe: 0.000733524211682
        probability: 0.481461435556
        value: "dan"
    genre_tzanetakis:
        all:
            blu: 0.000726510712411
            cla: 0.00129635306075
            cou: 0.00334049225785
            dis: 0.0627455487847
            hip: 0.0077311405912
            jaz: 0.0634702816606
            met: 0.000878876599018
            pop: 0.845672488213
            reg: 0.00525749195367
            roc: 0.00888081081212
        probability: 0.845672488213
        value: "pop"
    live_studio:
        all:
            live: 0.331200659275
            studio: 0.668799340725
        probability: 0.668799340725
        value: "studio"
    mood:
        all:
            Cluster1: 0.308490395546
            Cluster2: 0.299464732409
            Cluster3: 0.0317064225674
            Cluster4: 0.308471858501
            Cluster5: 0.0518665723503
        probability: 0.308490395546
        value: "Cluster1"
    mood_acoustic:
        all:
            acoustic: 0.00946182478219
            not_acoustic: 0.990538179874
        probability: 0.990538179874
        value: "not_acoustic"
    mood_aggressive:
        all:
            aggressive: 0.335087150335
            not_aggressive: 0.664912819862
        probability: 0.664912819862
        value: "not_aggressive"
    mood_electronic:
        all:
            electronic: 0.664851307869
            not_electronic: 0.335148692131
        probability: 0.664851307869
        value: "electronic"
    mood_happy:
        all:
            happy: 0.730725109577
            not_happy: 0.26927486062
        probability: 0.730725109577
        value: "happy"
    mood_party:
        all:
            not_party: 0.209706023335
            party: 0.790293991566
        probability: 0.790293991566
        value: "party"
    mood_relaxed:
        all:
            not_relaxed: 0.985309541225
            relaxed: 0.0146904336289
        probability: 0.985309541225
        value: "not_relaxed"
    mood_sad:
        all:
            not_sad: 0.735940694809
            sad: 0.264059334993
        probability: 0.735940694809
        value: "not_sad"
    rhythm:
        all:
            fast: 0.978169500828
            medium: 0.0196733679622
            slow: 0.00215710094199
        probability: 0.978169500828
        value: "fast"
    speech_music:
        all:
            music: 0.999997735023
            speech: 2.28725843954e-06
        probability: 0.999997735023
        value: "music"
    timbre:
        all:
            bright: 0.806168794632
            dark: 0.193831220269
        probability: 0.806168794632
        value: "bright"
    voice_instrumental:
        all:
            instrumental: 0.357444733381
            voice: 0.642555296421
        probability: 0.642555296421
        value: "voice"

lowlevel:
    average_loudness: 0.954253196716
    barkbands_kurtosis:
        dmean: 0.751055181026
        dmean2: 1.18721854687
        dvar: 1.30459153652
        dvar2: 3.05981397629
        max: 12.753235817
        mean: -0.590687453747
        min: -1.7808778286
        var: 1.836550951
    barkbands_skewness:
        dmean: 0.417171806097
        dmean2: 0.628108799458
        dvar: 0.16987593472
        dvar2: 0.379951000214
        max: 3.55256104469
        mean: 0.226043149829
        min: -1.93442249298
        var: 0.532301664352
    barkbands_spread:
        dmean: 5.93297147751
        dmean2: 8.85105705261
        dvar: 28.1386985779
        dvar2: 58.0266990662
        max: 70.0388717651
        mean: 32.4369773865
        min: 8.6734085083
        var: 111.044845581
    dissonance:
        dmean: 0.0217048879713
        dmean2: 0.037449862808
        dvar: 0.000503369024955
        dvar2: 0.00135252065957
        max: 0.498468309641
        mean: 0.463518857956
        min: 0.281525999308
        var: 0.000666673411615
    hfc:
        dmean: 2.66419315338
        dmean2: 4.14440631866
        dvar: 13.0916881561
        dvar2: 33.4400596619
        max: 38.375957489
        mean: 6.61906099319
        min: 0.0291557125747
        var: 20.2441673279
    pitch:
        dmean: 403.260284424
        dmean2: 774.615478516
        dvar: 832444.8125
        dvar2: 2214325.5
        max: 4900
        mean: 633.164001465
        min: 95.8695678711
        var: 829527.1875
    pitch_instantaneous_confidence:
        dmean: 0.110696315765
        dmean2: 0.173114970326
        dvar: 0.010368139483
        dvar2: 0.0220344942063
        max: 0.932155013084
        mean: 0.481216073036
        min: 0.14794665575
        var: 0.0305092968047
    pitch_salience:
        dmean: 0.0706387013197
        dmean2: 0.109382934868
        dvar: 0.0037715358194
        dvar2: 0.00885790027678
        max: 0.784084558487
        mean: 0.557401061058
        min: 0.187681153417
        var: 0.0097062299028
    silence_rate_20dB:
        dmean: 0
        dmean2: 0
        dvar: 0
        dvar2: 0
        max: 1
        mean: 1
        min: 1
        var: 0
    silence_rate_30dB:
        dmean: 0
        dmean2: 0
        dvar: 0
        dvar2: 0
        max: 1
        mean: 1
        min: 1
        var: 0
    silence_rate_60dB:
        dmean: 0.162412986159
        dmean2: 0.325581401587
        dvar: 0.136035501957
        dvar2: 0.280043184757
        max: 1
        mean: 0.395833343267
        min: 0
        var: 0.23915040493
    spectral_centroid:
        dmean: 301.563171387
        dmean2: 460.401763916
        dvar: 82991.640625
        dvar2: 166328.46875
        max: 4181.91210938
        mean: 1619.0670166
        min: 405.583679199
        var: 311224.96875
    spectral_complexity:
        dmean: 3.8069767952
        dmean2: 5.82284402847
        dvar: 21.1697235107
        dvar2: 50.7657966614
        max: 38
        mean: 10.8259859085
        min: 0
        var: 41.8606491089
    spectral_crest:
        dmean: 2.44986724854
        dmean2: 3.9531648159
        dvar: 4.68751430511
        dvar2: 11.8606567383
        max: 22.5260505676
        mean: 8.18241691589
        min: 2.29885745049
        var: 13.4116621017
    spectral_decrease:
        dmean: 4.41584407929e-10
        dmean2: 6.58623044991e-10
        dvar: 3.87606883026e-19
        dvar2: 9.46410219251e-19
        max: -5.54078397746e-12
        mean: -9.8837205087e-10
        min: -5.02178343353e-09
        var: 5.90536491914e-19
    spectral_energy:
        dmean: 0.00188341387548
        dmean2: 0.00281242816709
        dvar: 6.64984418108e-06
        dvar2: 1.64010743902e-05
        max: 0.0209547113627
        mean: 0.0043307133019
        min: 2.35567113123e-05
        var: 1.02863414213e-05
    spectral_energyband_high:
        dmean: 0.00019296501705
        dmean2: 0.000291205913527
        dvar: 7.38862340199e-08
        dvar2: 1.77450246497e-07
        max: 0.00379187543876
        mean: 0.000374052848201
        min: 7.64492654071e-07
        var: 1.55286926429e-07
    spectral_energyband_low:
        dmean: 0.000231107624131
        dmean2: 0.000334140175255
        dvar: 2.44903304747e-07
        dvar2: 4.52972358289e-07
        max: 0.00623743794858
        mean: 0.000356707692845
        min: 1.89270309647e-07
        var: 4.35056136894e-07
    spectral_energyband_middle_high:
        dmean: 0.000731368723791
        dmean2: 0.00120738521218
        dvar: 1.14325519007e-06
        dvar2: 3.08931112158e-06
        max: 0.0123798372224
        mean: 0.00189661141485
        min: 1.26284548969e-05
        var: 1.99315559257e-06
    spectral_energyband_middle_low:
        dmean: 0.00116480339784
        dmean2: 0.00180509570055
        dvar: 4.47852244179e-06
        dvar2: 1.09522970888e-05
        max: 0.0145518025383
        mean: 0.00170327990782
        min: 6.82858490109e-06
        var: 4.95429230796e-06
    spectral_flatness_db:
        dmean: 0.0192599520087
        dmean2: 0.0292733628303
        dvar: 0.0003303559497
        dvar2: 0.00074056268204
        max: 0.238818183541
        mean: 0.136752262712
        min: 0.0456616170704
        var: 0.00136672030203
    spectral_flux:
        dmean: 0.0121168429032
        dmean2: 0.0177700407803
        dvar: 0.000177736132173
        dvar2: 0.000357098935638
        max: 0.120817437768
        mean: 0.0412513278425
        min: 0.00485352566466
        var: 0.000416118302383
    spectral_kurtosis:
        dmean: 0.846226394176
        dmean2: 1.33168363571
        dvar: 0.879230856895
        dvar2: 2.28718948364
        max: 11.2376232147
        mean: 2.6452896595
        min: -0.316674470901
        var: 2.53300237656
    spectral_rms:
        dmean: 0.000406359147746
        dmean2: 0.000584341643844
        dvar: 1.99799117695e-07
        dvar2: 4.70630993732e-07
        max: 0.00452146213502
        mean: 0.00194049009588
        min: 0.00015159866598
        var: 4.59585265844e-07
    spectral_rolloff:
        dmean: 496.265167236
        dmean2: 766.461120605
        dvar: 357730.40625
        dvar2: 687060.875
        max: 5749.36523438
        mean: 3208.09667969
        min: 129.19921875
        var: 862030.1875
    spectral_skewness:
        dmean: 0.153478786349
        dmean2: 0.232002750039
        dvar: 0.0221603047103
        dvar2: 0.0512386858463
        max: 2.55093646049
        mean: 1.38093078136
        min: 0.490746051073
        var: 0.0797873437405
    spectral_spread:
        dmean: 917833.375
        dmean2: 1265243.875
        dvar: 980023967744
        dvar2: 1.75880064205e+12
        max: 14963741
        mean: 6519803
        min: 2868639.75
        var: 3.10573059277e+12
    spectral_strongpeak:
        dmean: 0.502424359322
        dmean2: 0.860938966274
        dvar: 0.450064718723
        dvar2: 1.07360541821
        max: 4.77980947495
        mean: 0.832437098026
        min: 0.00513955485076
        var: 0.772952616215
    zerocrossingrate:
        dmean: 0.0110465120524
        dmean2: 0.0125336898491
        dvar: 8.82586755324e-05
        dvar2: 0.00011132927466
        max: 0.20361328125
        mean: 0.0943413749337
        min: 0.0263671875
        var: 0.000639439967927
    barkbands:
        dmean: [7.64041658385e-07, 9.81559351203e-05, 0.00017142771685, 0.000184162097867, 0.000611569965258, 0.000338289042702, 7.00823002262e-05, 0.000122694444144, 8.97926656762e-05, 0.000155634566909, 5.94741977693e-05, 9.19852463994e-05, 0.000101641278889, 6.97850991855e-05, 0.000112259243906, 0.000116400951811, 6.86027779011e-05, 0.000163606659044, 0.000133787951199, 0.000167162070284, 0.000100870791357, 2.88738920062e-05, 9.37366348808e-06, 3.99125747208e-06, 9.9183025668e-06, 2.32303477787e-07, 1.47102718895e-09]
        dmean2: [1.12892621473e-06, 0.000149823521497, 0.000265249313088, 0.00031510432018, 0.00104437617119, 0.000536824110895, 0.000120543270896, 0.000202888477361, 0.000150689040311, 0.000264867558144, 9.73871501628e-05, 0.000141346274177, 0.000164806246175, 0.000110464818135, 0.000174174536369, 0.00019234859792, 0.000118122276035, 0.000268080184469, 0.00021933093376, 0.000277839950286, 0.000161235409905, 4.46307130915e-05, 1.41246109706e-05, 5.68246923649e-06, 1.48601202454e-05, 3.69107965525e-07, 2.00734029399e-09]
        dvar: [3.13842571723e-12, 3.51437492441e-08, 2.15445368212e-07, 3.17671464245e-07, 2.31856711252e-06, 8.09539983493e-07, 1.55654618084e-08, 3.75638258276e-08, 2.11217976442e-08, 2.30046637739e-07, 8.13276290756e-09, 2.21646434539e-08, 4.86052442739e-08, 1.62675526383e-08, 6.50034124305e-08, 6.96396611488e-08, 9.7322425674e-09, 9.17773874676e-08, 2.61040362659e-08, 8.64624638552e-08, 2.11749551227e-08, 2.89106139029e-09, 2.5132942949e-10, 4.26000727749e-11, 4.00316807481e-10, 2.34649159912e-13, 6.58318440294e-17]
        dvar2: [7.63475047072e-12, 6.87232457608e-08, 4.60910172251e-07, 8.03588193321e-07, 6.13145402895e-06, 1.90217372165e-06, 4.23514023851e-08, 9.63335438087e-08, 5.18108933534e-08, 6.84737813117e-07, 2.04218899569e-08, 5.24461043483e-08, 1.27167908204e-07, 3.49694637691e-08, 1.45196651147e-07, 1.88572272464e-07, 2.57851464625e-08, 2.53966959463e-07, 6.73895428349e-08, 2.31747520729e-07, 5.47412746243e-08, 6.7913630275e-09, 5.3754861673e-10, 1.00827457494e-10, 9.94467064253e-10, 6.02482636263e-13, 6.86035145038e-17]
        max: [2.19684898184e-05, 0.00212955148891, 0.00480574881658, 0.00415661931038, 0.0100237382576, 0.0116748465225, 0.00129940046463, 0.00176928367, 0.0015224434901, 0.00534376688302, 0.00117734016385, 0.00142474658787, 0.00236688321456, 0.00141727540176, 0.00286679854617, 0.00398264592513, 0.000897935358807, 0.00263909436762, 0.0016948414268, 0.00242917658761, 0.00138500297908, 0.000930041947868, 0.000219837093027, 9.72119596554e-05, 0.000132017477881, 4.55584222436e-06, 1.65063823943e-07]
        mean: [2.18074478653e-06, 0.000154853943968, 0.000199738962692, 0.000166362689924, 0.000664836377837, 0.000420002354076, 9.16550197871e-05, 0.000186537770787, 0.000131221037009, 0.000179976806976, 0.000104417900729, 0.000178101414349, 0.000184146818356, 0.000134603280458, 0.00019714035443, 0.000201367205591, 0.000108474057924, 0.000252887111856, 0.0002660471946, 0.0002652919502, 0.00015950523084, 4.51535961474e-05, 1.63231397892e-05, 7.71074974182e-06, 1.18955258586e-05, 2.82831479126e-07, 1.96534677421e-09]
        min: [2.30980096161e-11, 8.71927774426e-09, 3.56910909716e-08, 1.42281749049e-07, 1.80018855644e-06, 1.41626927075e-07, 4.47494983291e-08, 9.64600754827e-09, 3.66560698239e-07, 2.26488168664e-07, 2.1277603679e-08, 8.60752265908e-07, 8.99043754998e-07, 1.84938073744e-07, 1.77360078624e-07, 5.06725200466e-07, 1.13693306503e-06, 1.09223879008e-06, 1.34973868171e-06, 6.50449123896e-07, 3.20769856899e-07, 5.18704226238e-08, 5.05327406586e-08, 9.56356593917e-09, 1.1065217187e-08, 1.01714636713e-09, 1.65703952296e-12]
        var: [1.5815144333e-11, 6.27132976661e-08, 2.59679694636e-07, 2.48932877867e-07, 2.03603644877e-06, 1.11678514259e-06, 1.59755586537e-08, 7.1668154078e-08, 4.04811828503e-08, 1.9548015473e-07, 2.10349799801e-08, 6.17737896391e-08, 1.5638296702e-07, 5.03287189701e-08, 1.72155154132e-07, 1.49083405176e-07, 1.3209657368e-08, 1.19359455653e-07, 5.62442714624e-08, 1.0085079083e-07, 2.67315556357e-08, 5.60713697695e-09, 5.28629640062e-10, 1.18299453566e-10, 4.11210759887e-10, 2.2868968004e-13, 7.13228608414e-17]
    mfcc:
        mean: [-703.539306641, 86.5484237671, -36.022693634, 37.4420814514, -13.4984760284, -6.26619768143, 5.09087276459, -6.55067539215, 0.215483978391, -3.19984459877, -4.10677051544, -7.26384067535, -3.22105765343]
        cov: [[1771.35205078, -30.5255317688, -18.0670776367, -17.3604755402, -61.2267684937, -37.9021949768, -131.733261108, -239.667938232, -156.69329834, -142.429626465, -73.1107788086, 18.5242824554, 37.2442169189], [-30.5255317688, 548.051879883, -48.4222717285, 144.890563965, 83.5763931274, 27.226140976, 48.6264228821, -17.2358608246, -21.8525943756, 4.32537460327, 31.6976661682, 51.4563865662, 40.8955841064], [-18.0670776367, -48.4222717285, 581.740905762, 173.180725098, 116.169822693, 177.622802734, 144.62663269, 117.530853271, 130.48425293, 67.1965637207, 92.2915267944, -3.43788957596, 12.6263046265], [-17.3604755402, 144.890563965, 173.180725098, 228.316131592, 72.0877532959, 78.5943145752, 41.5771446228, 64.9711151123, 60.8392906189, 21.873632431, 27.8452987671, 9.18961524963, 30.2253437042], [-61.2267684937, 83.5763931274, 116.169822693, 72.0877532959, 129.089416504, 53.8458251953, 29.1029815674, 28.2038917542, 31.9744796753, 38.4166107178, 18.2991580963, 24.2849979401, 27.4610004425], [-37.9021949768, 27.226140976, 177.622802734, 78.5943145752, 53.8458251953, 247.178039551, 181.363967896, 38.2171401978, 20.8165588379, 73.7777099609, 82.0803070068, 35.02186203, 16.7573833466], [-131.733261108, 48.6264228821, 144.62663269, 41.5771446228, 29.1029815674, 181.363967896, 261.772399902, 64.7032928467, 39.5300445557, 98.441986084, 122.805862427, 51.2490653992, 13.6392030716], [-239.667938232, -17.2358608246, 117.530853271, 64.9711151123, 28.2038917542, 38.2171401978, 64.7032928467, 194.322845459, 132.668487549, 57.7872428894, 47.6762008667, -21.251033783, -33.3342132568], [-156.69329834, -21.8525943756, 130.48425293, 60.8392906189, 31.9744796753, 20.8165588379, 39.5300445557, 132.668487549, 156.822998047, 51.829750061, 57.9997940063, -7.34463787079, -8.91719245911], [-142.429626465, 4.32537460327, 67.1965637207, 21.873632431, 38.4166107178, 73.7777099609, 98.441986084, 57.7872428894, 51.829750061, 155.690444946, 88.6100845337, 64.9616012573, 33.7872314453], [-73.1107788086, 31.6976661682, 92.2915267944, 27.8452987671, 18.2991580963, 82.0803070068, 122.805862427, 47.6762008667, 57.9997940063, 88.6100845337, 136.856063843, 59.7539253235, 25.3231487274], [18.5242824554, 51.4563865662, -3.43788957596, 9.18961524963, 24.2849979401, 35.02186203, 51.2490653992, -21.251033783, -7.34463787079, 64.9616012573, 59.7539253235, 117.830215454, 78.4618911743], [37.2442169189, 40.8955841064, 12.6263046265, 30.2253437042, 27.4610004425, 16.7573833466, 13.6392030716, -33.3342132568, -8.91719245911, 33.7872314453, 25.3231487274, 78.4618911743, 100.974784851]]
        icov: [[0.000750879582483, 5.92521428189e-05, -0.000249987089774, -0.000210615064134, 0.000373888848117, -0.000176659756107, 0.000370615773136, 0.000822143629193, 8.09430639492e-05, 0.000490494305268, -0.000130492058815, -0.000518716988154, 0.00022114609601], [5.92521428189e-05, 0.00324973487295, 0.0013524206588, -0.00287458417006, -0.00231686467305, 0.00104966352228, -0.00130616710521, 0.00055763067212, 0.000806505733635, 0.00105523061939, -0.00122665788513, -0.00076721800724, 0.00079166633077], [-0.000249987089774, 0.0013524206588, 0.003953109961, -0.00214013876393, -0.00266468897462, -0.000818073982373, -0.0011267203372, 0.000350268092006, -0.00156693044119, 0.00066422164673, -0.0013096765615, 0.0015600793995, -0.000425387435826], [-0.000210615064134, -0.00287458417006, -0.00214013876393, 0.00970543641597, 3.71312453353e-05, -0.00263744127005, 0.00202058837749, -0.00271939695813, -0.00105586228892, 0.000379595701816, 0.000883307133336, 0.0018056036206, -0.00398354232311], [0.000373888848117, -0.00231686467305, -0.00266468897462, 3.71312453353e-05, 0.0133929839358, -0.00211840239353, 0.00203224341385, 0.000129902167828, -0.00134512572549, -0.00256644026376, 0.00332285696641, -0.00168387487065, -0.00118478760123], [-0.000176659756107, 0.00104966352228, -0.000818073982373, -0.00263744127005, -0.00211840239353, 0.0106997946277, -0.00675590429455, 0.000628625333775, 0.00228372053243, -0.000921519938856, -0.000175293331267, 0.000266451621428, 0.000799261033535], [0.000370615773136, -0.00130616710521, -0.0011267203372, 0.00202058837749, 0.00203224341385, -0.00675590429455, 0.0125346956775, -0.0027816852089, 0.00248966854997, -0.000887776433956, -0.00591225735843, -0.000669963017572, 0.000405662751291], [0.000822143629193, 0.00055763067212, 0.000350268092006, -0.00271939695813, 0.000129902167828, 0.000628625333775, -0.0027816852089, 0.0166211035103, -0.011750000529, -0.00231201201677, 0.00267995614558, -0.000666262465529, 0.00554582197219], [8.09430639492e-05, 0.000806505733635, -0.00156693044119, -0.00105586228892, -0.00134512572549, 0.00228372053243, 0.00248966854997, -0.011750000529, 0.0204572826624, -0.000340967904776, -0.00752812903374, 0.00315998587757, -0.00271973130293], [0.000490494305268, 0.00105523061939, 0.00066422164673, 0.000379595701816, -0.00256644026376, -0.000921519938856, -0.000887776433956, -0.00231201201677, -0.000340967904776, 0.0138504058123, -0.00465028965846, -0.00486508151516, -0.000315400859108], [-0.000130492058815, -0.00122665788513, -0.0013096765615, 0.000883307133336, 0.00332285696641, -0.000175293331267, -0.00591225735843, 0.00267995614558, -0.00752812903374, -0.00465028965846, 0.0212995782495, -0.00768089760095, 0.0027709917631], [-0.000518716988154, -0.00076721800724, 0.0015600793995, 0.0018056036206, -0.00168387487065, 0.000266451621428, -0.000669963017572, -0.000666262465529, 0.00315998587757, -0.00486508151516, -0.00768089760095, 0.0278405509889, -0.0177493374795], [0.00022114609601, 0.00079166633077, -0.000425387435826, -0.00398354232311, -0.00118478760123, 0.000799261033535, 0.000405662751291, 0.00554582197219, -0.00271973130293, -0.000315400859108, 0.0027709917631, -0.0177493374795, 0.025674905628]]
    spectral_contrast:
        mean: [2.54063081684e-07, 2.62654566541e-07, -7.33821678978e-08, 2.34745144212e-07, -3.56659825229e-07, -9.68402602552e-08, 2.6733582672e-06, 1.84069097031e-06, 3.92650775893e-07, -7.252128853e-07, -4.49856042906e-06, -3.92906622437e-06]
        var: [0.000452506326837, 0.000870018324349, 0.00236022495665, 0.00331063289195, 0.00543929636478, 0.00742247141898, 0.0352960042655, 0.0534584857523, 0.0983887016773, 0.318847149611, 0.756900250912, 1.54564297199]

rhythm:
    beats_loudness:
        dmean: 0.00277758180164
        dmean2: 0.00469717849046
        dvar: 5.26710937265e-06
        dvar2: 9.5656096164e-06
        max: 0.0124318674207
        mean: 0.0070011918433
        min: 0.00117417040747
        var: 1.32454142658e-05
    beats_loudness_bass:
        dmean: 0.113157823682
        dmean2: 0.140157297254
        dvar: 0.013113623485
        dvar2: 0.0270751509815
        max: 0.618425667286
        mean: 0.219381690025
        min: 0.00204551755451
        var: 0.0449750460684
    bpm: 100.174430847
    bpm_confidence: 0
    first_peak_bpm: 100
    first_peak_spread: 0
    first_peak_weight: 0.9375
    onset_rate: 6.09701395035
    second_peak_bpm: 125
    second_peak_spread: 0
    second_peak_weight: 0.0625
    beats_position: [0.102849245071, 0.701726555824, 1.30060374737, 1.89948105812, 2.49835848808, 3.09723567963, 3.69611287117, 4.29499006271, 4.89386701584, 5.4927444458, 5.97355794907, 6.57267284393, 7.1717877388, 7.77090263367, 8.3700170517, 8.9691324234, 9.56824684143]
    bpm_estimates: [100.270614624, 100.194511414, 100.358062744, 100.223251343, 100.190208435, 100.271286011, 99.9496765137, 100.345352173, 100.105621338, 99.9679107666, 100.222457886, 100.105712891, 100.319580078, 100.217124939, 99.8750762939]
    bpm_intervals: [0.598877310753, 0.598877191544, 0.598877310753, 0.598877429962, 0.598877191544, 0.598877191544, 0.598877191544, 0.598876953125, 0.598877429962, 0.480813503265, 0.599114894867, 0.599114894867, 0.599114894867, 0.59911441803, 0.599115371704, 0.59911441803]
    onset_times: [0.0464399084449, 0.243809521198, 0.383129239082, 0.53405892849, 0.684988677502, 0.835918366909, 0.986848056316, 1.1261677742, 1.27709746361, 1.43963718414, 1.59056687355, 1.75310659409, 1.89242625237, 2.0549659729, 2.19428563118, 2.34521532059, 2.48453521729, 2.64707493782, 2.79800462723, 2.94893431664, 3.08825397491, 3.25079369545, 3.40172338486, 3.55265307426, 3.69197273254, 3.99383211136, 4.15637207031, 4.29569149017, 4.58594083786, 4.74848079681, 4.88780021667, 5.06195020676, 5.23609972, 5.34058952332, 5.51473903656, 5.80498886108, 5.95591831207, 6.1068482399, 6.25777769089, 6.39709758759, 6.72217702866, 6.88471651077, 7.02403640747, 7.16335582733, 7.31428575516, 7.50004529953, 7.61614513397, 7.79029464722, 7.91800451279, 8.09215450287, 8.39401340485, 8.52172374725, 8.68426322937, 8.82358264923, 8.98612213135, 9.13705253601, 9.31120204926, 9.42730140686, 9.5666217804, 9.72916126251, 9.90331077576]
    rubato_start: []
    rubato_stop: []
    perceptual_tempo: "unknown"

sfx:
    inharmonicity:
        dmean: 0.0504276007414
        dmean2: 0.0891822054982
        dvar: 0.00323470798321
        dvar2: 0.00904204323888
        max: 0.331651896238
        mean: 0.0507895387709
        min: 0.000116797971714
        var: 0.00305320555344
    oddtoevenharmonicenergyratio:
        dmean: 7.63580560684
        dmean2: 14.6502943039
        dvar: 637.16809082
        dvar2: 1865.88305664
        max: 242.32989502
        mean: 4.80266904831
        min: 0.00134860060643
        var: 357.681884766
    pitch_after_max_to_before_max_energy_ratio: 0.195678517222
    pitch_centroid: 236.960586548
    pitch_max_to_total: 0.730858445168
    pitch_min_to_total: 0.0858468711376
    tristimulus:
        dmean: [0.21078927815, 0.226839408278, 0.131899356842]
        dmean2: [0.364519238472, 0.387715548277, 0.231145098805]
        dvar: [0.0373924262822, 0.0403078272939, 0.0130936177447]
        dvar2: [0.0942057594657, 0.106516197324, 0.0366679802537]
        max: [0.914893805981, 0.96894878149, 0.658963084221]
        mean: [0.334295928478, 0.488871842623, 0.150761753321]
        min: [0.00941413920373, 0, 0]
        var: [0.0504932962358, 0.0548310242593, 0.018760541454]

tonal:
    chords_changes_rate: 0.129032254219
    chords_number_rate: 0.0645161271095
    chords_strength:
        dmean: 0.0136416247115
        dmean2: 0.0145196113735
        dvar: 0.000140488700708
        dvar2: 0.000165295656188
        max: 0.549032926559
        mean: 0.398811906576
        min: 0.23508477211
        var: 0.00525012426078
    key_strength: 0.492282867432
    tuning_diatonic_strength: 0.464673370123
    tuning_equal_tempered_deviation: 0.228434145451
    tuning_frequency: 449.764648438
    tuning_nontempered_energy_ratio: 0.88378071785
    hpcp:
        dmean: [0.0771748945117, 0.0903229191899, 0.113640405238, 0.137853130698, 0.122689008713, 0.106233730912, 0.105093546212, 0.0844084620476, 0.109055414796, 0.141621515155, 0.125173225999, 0.119725361466, 0.154241740704, 0.162757337093, 0.12469792366, 0.120414339006, 0.148686990142, 0.112836517394, 0.0917258262634, 0.105795413256, 0.127955183387, 0.136708438396, 0.0736332088709, 0.0571838542819, 0.0791802033782, 0.117517627776, 0.142869010568, 0.14858096838, 0.192658931017, 0.173437476158, 0.191269859672, 0.208858281374, 0.14804494381, 0.126274257898, 0.112179271877, 0.0790204927325]
        dmean2: [0.129199251533, 0.152708023787, 0.187869250774, 0.225725978613, 0.204674333334, 0.189303517342, 0.176126673818, 0.13030295074, 0.171865671873, 0.235030949116, 0.190308079123, 0.197353944182, 0.254747539759, 0.269606232643, 0.211246773601, 0.193936258554, 0.249014675617, 0.186504378915, 0.165769129992, 0.185706973076, 0.206971243024, 0.23694832623, 0.123331613839, 0.0964744910598, 0.126749277115, 0.192870497704, 0.246924698353, 0.255063295364, 0.330133616924, 0.285190850496, 0.305832862854, 0.348227500916, 0.257421553135, 0.216972872615, 0.190939560533, 0.129400968552]
        dvar: [0.0147197479382, 0.013049101457, 0.0245645754039, 0.039002943784, 0.0255888737738, 0.0332038700581, 0.0305806230754, 0.0181834604591, 0.0268387403339, 0.0436710305512, 0.025312114507, 0.0285771228373, 0.0528208650649, 0.0528901293874, 0.033546730876, 0.0225542355329, 0.0411931239069, 0.0240902286023, 0.0265023019165, 0.0350061096251, 0.0401043966413, 0.0401698164642, 0.0136025007814, 0.0116819748655, 0.0131124248728, 0.0214576646686, 0.0355242304504, 0.0336105749011, 0.0583932884037, 0.0412474349141, 0.0502348020673, 0.0586330480874, 0.0320067480206, 0.0327558219433, 0.0376565940678, 0.0170606337488]
        dvar2: [0.0382395870984, 0.0336914174259, 0.0595342516899, 0.0758616253734, 0.0560315065086, 0.0927824303508, 0.0699724853039, 0.0385230965912, 0.0569766350091, 0.0847009494901, 0.049920912832, 0.0665469840169, 0.114398553967, 0.130184978247, 0.0871853232384, 0.0500814802945, 0.107247821987, 0.0614796243608, 0.0741785615683, 0.0979849770665, 0.0962937101722, 0.0928662121296, 0.0309347901493, 0.0315277911723, 0.0275660213083, 0.0515704192221, 0.0988976880908, 0.0884158760309, 0.123900748789, 0.0946825519204, 0.127514198422, 0.134954720736, 0.0843809470534, 0.0886466726661, 0.10041064769, 0.0442767515779]
        max: [1, 0.759250104427, 1, 1, 1, 1, 1, 1, 1, 1, 1, 1, 1, 1, 1, 1, 1, 1, 1, 1, 1, 1, 1, 1, 1, 1, 1, 1, 1, 1, 1, 1, 1, 1, 1, 1]
        mean: [0.114857517183, 0.129879117012, 0.155726015568, 0.196753785014, 0.170109555125, 0.126743003726, 0.123186446726, 0.116050928831, 0.16896186769, 0.219090998173, 0.198741734028, 0.18772238493, 0.202372223139, 0.187343463302, 0.153117135167, 0.177679404616, 0.186260119081, 0.131284758449, 0.0905419811606, 0.112657636404, 0.193694740534, 0.190277397633, 0.0991559177637, 0.0772921442986, 0.123777337372, 0.172403946519, 0.188270315528, 0.232947304845, 0.283602386713, 0.300390928984, 0.349091082811, 0.305569887161, 0.179421067238, 0.136040091515, 0.124686807394, 0.105446852744]
        min: [0.00204887473956, 0.0021174387075, 0.0132536944002, 0.00613768305629, 0.00273145106621, 0.00126878533047, 0.00153287081048, 0.00124491134193, 0.00253996043466, 0.00278909155168, 0.00258091813885, 0.00231712055393, 0.00565111031756, 0.00347711867653, 0.00387925584801, 0.00468894420192, 0.00643976731226, 0.00493084592745, 0.000994584755972, 0, 0.000259304564679, 0.0014923857525, 0.00141191482544, 0.00135579088237, 0.00215543317609, 0.00420861784369, 0.00399003690109, 0.00404408713803, 0.00252041383646, 0.000249924632953, 0.00147951382678, 0.00211298838258, 0.00351264909841, 0.00134785671253, 0.0021860410925, 0.00154589174781]
        var: [0.0228164549917, 0.0202812943608, 0.0333144329488, 0.0620051659644, 0.0438080318272, 0.0373617038131, 0.0397732369602, 0.0311128068715, 0.0514155365527, 0.0873065814376, 0.0524244345725, 0.0583938732743, 0.0697974860668, 0.0553852431476, 0.0380271859467, 0.0449965782464, 0.0542164854705, 0.0304512269795, 0.0238314270973, 0.0319734402001, 0.0788624510169, 0.0713456273079, 0.0235537849367, 0.0160672701895, 0.0315011143684, 0.0359187312424, 0.0466892011464, 0.0594437755644, 0.105332508683, 0.0897023975849, 0.116093069315, 0.100117459893, 0.0412296578288, 0.0309621468186, 0.0351778790355, 0.0220213457942]
    chords_histogram: [6.45161294937, 4.60829496384, 11.9815664291, 2.7649769783, 3.22580647469, 0, 0, 0, 3.22580647469, 2.30414748192, 24.4239635468, 0, 0, 0, 0, 0.921658992767, 0, 19.354839325, 0.460829496384, 5.0691242218, 1.38248848915, 5.5299539566, 5.5299539566, 2.7649769783]
    thpcp: [1, 0.875329971313, 0.513966321945, 0.389697998762, 0.357175558805, 0.302061140537, 0.329018771648, 0.372049361467, 0.446089923382, 0.563617348671, 0.487292766571, 0.363065719604, 0.352877676487, 0.332437396049, 0.484005123377, 0.62760412693, 0.569311976433, 0.53774613142, 0.579711794853, 0.536660671234, 0.438616573811, 0.508977234364, 0.533557355404, 0.376075953245, 0.259364932775, 0.322717040777, 0.55485445261, 0.545065164566, 0.284040242434, 0.221409678459, 0.354570329189, 0.493865221739, 0.539315760136, 0.667296648026, 0.812402248383, 0.860494434834]
    chords_key: "F#"
    chords_scale: "major"
    key_key: "G"
    key_scale: "major"
    chords_progression: ["Dm", "Dm", "Dm", "Dm", "Dm", "Dm", "Dm", "Dm", "Dm", "Dm", "Dm", "A#", "Gm", "Gm", "Gm", "Gm", "D", "D#m", "D#m", "D#m", "D#m", "D", "D", "D#m", "D", "D", "D", "F", "F", "F", "F#m", "F#m", "F#m", "F#m", "F#m", "F#m", "Gm", "Gm", "Gm", "Gm", "Gm", "Gm", "Gm", "Gm", "Gm", "Gm", "Cm", "Cm", "Gm", "Gm", "Gm", "Gm", "Gm", "Gm", "Gm", "Gm", "Gm", "Gm", "Gm", "Gm", "Gm", "Gm", "Gm", "Gm", "Gm", "Gm", "Gm", "Gm", "Gm", "Gm", "Gm", "Gm", "Gm", "Gm", "Gm", "Bm", "Bm", "Gm", "F#", "F#", "F#", "F#", "F#", "F#", "F#", "F#", "F#", "F#", "F#", "F#", "F#", "F#", "F#", "C", "C", "C", "Am", "Am", "B", "B", "F#", "F#", "F#", "F#", "F#", "F#", "F#", "A", "A", "A", "A", "A", "A", "A", "Am", "Am", "Am", "Am", "Am", "Am", "Am", "Am", "Am", "Am", "C", "C", "C", "C", "C", "C", "C", "C", "C", "B", "B", "B", "B", "B", "Em", "Em", "Em", "Em", "Em", "Em", "G", "G", "G", "G", "G", "G", "G", "G", "G", "G", "G", "G", "G", "G", "F#", "F#", "F#", "F#", "F#", "F#", "F#", "F#", "F#", "F#", "F#", "F#", "F#", "F#", "F#", "F#", "F#", "F#", "F#", "F#", "F#", "F#", "F#", "F#", "F#", "F#", "F#", "F#", "F#", "F#", "F#", "D", "D", "D", "D", "D", "D", "D", "D", "D", "D", "D", "D", "D", "D", "D", "D", "D", "D", "D", "D", "Bm", "Bm", "Bm", "Bm", "Bm", "Bm", "Bm", "Bm"]
