
metadata:
    version:
        essentia: "1.2.2"
    audio_properties:
        analysis_sample_rate: 44100
        bitrate: 128
        channels: 2
        equal_loudness: 1
        length: 10.0310201645
        replay_gain: -12.4867324829
        downmix: "mix"
    tags:
        track: 11
        year: 0
        album: "Splitted by Mp3Splt v. 2.1"
        artist: "From 001.40 To 001.50"
        comment: "http://mp3splt.sf.net"
        genre: ""
        title: "13 Prayer for You.mp3"

highlevel:
    ballroom:
        all:
            ChaChaCha: 0.0679213106632
            Jive: 0.62886184454
            Quickstep: 0.0855029076338
            Rumba-American: 0.00359322782606
            Rumba-International: 0.00238355225883
            Rumba-Misc: 0.00160968652926
            Samba: 0.205067038536
            Tango: 0.000613408687059
            VienneseWaltz: 0.00344241922721
            Waltz: 0.00100458995439
        probability: 0.62886184454
        value: "Jive"
    culture:
        all:
            non_western: 0.337261080742
            western: 0.662738919258
        probability: 0.662738919258
        value: "western"
    gender:
        all:
            female: 0.948893904686
            male: 0.0511061213911
        probability: 0.948893904686
        value: "female"
    genre_dortmund:
        all:
            alternative: 0.0460743419826
            blues: 0.0390336439013
            electronic: 0.0181920137256
            folkcountry: 0.129605472088
            funksoulrnb: 0.0754680261016
            jazz: 0.0289722457528
            pop: 0.109131284058
            raphiphop: 0.00634053302929
            rock: 0.547182440758
        probability: 0.547182440758
        value: "rock"
    genre_electronica:
        all:
            ambient: 0.217913582921
            dnb: 0.161371782422
            house: 0.0714846774936
            techno: 0.0244995951653
            trance: 0.52473038435
        probability: 0.52473038435
        value: "trance"
    genre_rosamerica:
        all:
            cla: 0.00227169692516
            dan: 0.0289375633001
            hip: 0.0027222384233
            jaz: 0.00879166927189
            pop: 0.689718961716
            rhy: 0.115918055177
            roc: 0.15043669939
            spe: 0.00120310951024
        probability: 0.689718961716
        value: "pop"
    genre_tzanetakis:
        all:
            blu: 0.00144442345481
            cla: 0.0013386849314
            cou: 0.0486676879227
            dis: 0.277384698391
            hip: 0.00179060106166
            jaz: 0.00834027212113
            met: 0.00209927838296
            pop: 0.609602034092
            reg: 0.00866533815861
            roc: 0.0406669825315
        probability: 0.609602034092
        value: "pop"
    live_studio:
        all:
            live: 0.233091890812
            studio: 0.766908109188
        probability: 0.766908109188
        value: "studio"
    mood:
        all:
            Cluster1: 0.288589656353
            Cluster2: 0.366074115038
            Cluster3: 0.0601237118244
            Cluster4: 0.162377312779
            Cluster5: 0.122835204005
        probability: 0.366074115038
        value: "Cluster2"
    mood_acoustic:
        all:
            acoustic: 0.0423386730254
            not_acoustic: 0.9576613307
        probability: 0.9576613307
        value: "not_acoustic"
    mood_aggressive:
        all:
            aggressive: 0.20953732729
            not_aggressive: 0.79046267271
        probability: 0.79046267271
        value: "not_aggressive"
    mood_electronic:
        all:
            electronic: 0.143860772252
            not_electronic: 0.856139242649
        probability: 0.856139242649
        value: "not_electronic"
    mood_happy:
        all:
            happy: 0.96542519331
            not_happy: 0.0345748178661
        probability: 0.96542519331
        value: "happy"
    mood_party:
        all:
            not_party: 0.273873656988
            party: 0.726126372814
        probability: 0.726126372814
        value: "party"
    mood_relaxed:
        all:
            not_relaxed: 0.978918731213
            relaxed: 0.0210812855512
        probability: 0.978918731213
        value: "not_relaxed"
    mood_sad:
        all:
            not_sad: 0.802905917168
            sad: 0.197094097733
        probability: 0.802905917168
        value: "not_sad"
    rhythm:
        all:
            fast: 0.995272397995
            medium: 0.00392114277929
            slow: 0.000806441355962
        probability: 0.995272397995
        value: "fast"
    speech_music:
        all:
            music: 0.998904883862
            speech: 0.00109513255302
        probability: 0.998904883862
        value: "music"
    timbre:
        all:
            bright: 0.90372812748
            dark: 0.0962718874216
        probability: 0.90372812748
        value: "bright"
    voice_instrumental:
        all:
            instrumental: 0.000523249676917
            voice: 0.999476730824
        probability: 0.999476730824
        value: "voice"

lowlevel:
    average_loudness: 0.939320147038
    barkbands_kurtosis:
        dmean: 0.660135984421
        dmean2: 1.00277853012
        dvar: 1.13504874706
        dvar2: 2.2990090847
        max: 11.574637413
        mean: -0.482257515192
        min: -1.81642282009
        var: 2.35318803787
    barkbands_skewness:
        dmean: 0.377454936504
        dmean2: 0.555529594421
        dvar: 0.148463949561
        dvar2: 0.304159134626
        max: 2.96624970436
        mean: 0.248209163547
        min: -3.31476974487
        var: 0.601881921291
    barkbands_spread:
        dmean: 5.61294174194
        dmean2: 8.05280590057
        dvar: 29.3753833771
        dvar2: 55.9584922791
        max: 64.1178512573
        mean: 31.6491012573
        min: 5.7578458786
        var: 142.073867798
    dissonance:
        dmean: 0.0227440707386
        dmean2: 0.0377020090818
        dvar: 0.000509023666382
        dvar2: 0.00134151731618
        max: 0.497731238604
        mean: 0.452730387449
        min: 0.308293968439
        var: 0.00114937813487
    hfc:
        dmean: 2.25139355659
        dmean2: 3.13694953918
        dvar: 7.42177295685
        dvar2: 13.543586731
        max: 44.2064743042
        mean: 7.80457639694
        min: 9.22433446249e-06
        var: 42.1455955505
    pitch:
        dmean: 685.386413574
        dmean2: 1322.57788086
        dvar: 1700587.25
        dvar2: 3904685.25
        max: 4900
        mean: 1091.6072998
        min: 73.6227035522
        var: 2238309.5
    pitch_instantaneous_confidence:
        dmean: 0.0909113660455
        dmean2: 0.140121668577
        dvar: 0.0069642951712
        dvar2: 0.0147305345163
        max: 0.959343910217
        mean: 0.480483740568
        min: 0.152934134007
        var: 0.035664986819
    pitch_salience:
        dmean: 0.0607769265771
        dmean2: 0.0915707349777
        dvar: 0.00296376622282
        dvar2: 0.00657588755712
        max: 0.973091483116
        mean: 0.625914037228
        min: 0.277955919504
        var: 0.00997446198016
    silence_rate_20dB:
        dmean: 0
        dmean2: 0
        dvar: 0
        dvar2: 0
        max: 1
        mean: 1
        min: 1
        var: 0
    silence_rate_30dB:
        dmean: 0
        dmean2: 0
        dvar: 0
        dvar2: 0
        max: 1
        mean: 1
        min: 1
        var: 0
    silence_rate_60dB:
        dmean: 0.125
        dmean2: 0.250580042601
        dvar: 0.109375
        dvar2: 0.224912345409
        max: 1
        mean: 0.420323312283
        min: 0
        var: 0.243651598692
    spectral_centroid:
        dmean: 300.131072998
        dmean2: 429.678466797
        dvar: 100292.773438
        dvar2: 196760.328125
        max: 4669.01904297
        mean: 1653.11730957
        min: 519.403442383
        var: 441803.28125
    spectral_complexity:
        dmean: 3.27610206604
        dmean2: 4.94883728027
        dvar: 13.3042697906
        dvar2: 24.4392299652
        max: 44
        mean: 11.8611106873
        min: 0
        var: 39.8418388367
    spectral_crest:
        dmean: 1.96441650391
        dmean2: 3.05401945114
        dvar: 3.38655781746
        dvar2: 7.52515172958
        max: 21.7892417908
        mean: 7.4213848114
        min: 2.7017416954
        var: 11.7283258438
    spectral_decrease:
        dmean: 2.17632162292e-10
        dmean2: 3.02428637688e-10
        dvar: 5.00142381983e-20
        dvar2: 9.09835601287e-20
        max: -5.61156998215e-16
        mean: -1.03159969456e-09
        min: -3.79500653125e-09
        var: 4.34644999697e-19
    spectral_energy:
        dmean: 0.000996883958578
        dmean2: 0.00137723446824
        dvar: 1.09069560494e-06
        dvar2: 1.97073018171e-06
        max: 0.0183328967541
        mean: 0.00460139242932
        min: 2.95461166644e-09
        var: 8.99424958334e-06
    spectral_energyband_high:
        dmean: 0.000174830362084
        dmean2: 0.000247500400292
        dvar: 6.14948234556e-08
        dvar2: 1.22164976801e-07
        max: 0.00303078675643
        mean: 0.000330284092342
        min: 7.4463207822e-10
        var: 1.78265239015e-07
    spectral_energyband_low:
        dmean: 9.84940124908e-05
        dmean2: 0.000162497308338
        dvar: 4.02029733948e-08
        dvar2: 1.09561931083e-07
        max: 0.00192713423166
        mean: 0.000177124034963
        min: 3.96950701476e-12
        var: 3.9710194244e-08
    spectral_energyband_middle_high:
        dmean: 0.000662609818392
        dmean2: 0.000901490100659
        dvar: 7.81410051331e-07
        dvar2: 1.08652375275e-06
        max: 0.0177962817252
        mean: 0.00250964821316
        min: 1.83263604292e-09
        var: 7.73888677941e-06
    spectral_energyband_middle_low:
        dmean: 0.000466146477265
        dmean2: 0.000716203998309
        dvar: 2.52683179269e-07
        dvar2: 5.2395705552e-07
        max: 0.00610598037019
        mean: 0.00158433523029
        min: 3.57074925184e-10
        var: 1.02448518646e-06
    spectral_flatness_db:
        dmean: 0.018814701587
        dmean2: 0.0260109193623
        dvar: 0.000286198046524
        dvar2: 0.000486556469696
        max: 0.269420981407
        mean: 0.143919318914
        min: 0.0744274929166
        var: 0.00128273165319
    spectral_flux:
        dmean: 0.0108217000961
        dmean2: 0.0163128897548
        dvar: 0.000126203711261
        dvar2: 0.000296166399494
        max: 0.140196308494
        mean: 0.0409888811409
        min: 5.43563401152e-05
        var: 0.00045189470984
    spectral_kurtosis:
        dmean: 1.08097708225
        dmean2: 1.68687045574
        dvar: 1.0796006918
        dvar2: 2.6190404892
        max: 10.5871047974
        mean: 3.04548430443
        min: -0.580880880356
        var: 3.49224066734
    spectral_rms:
        dmean: 0.000242780777626
        dmean2: 0.000337701378157
        dvar: 6.1441525645e-08
        dvar2: 1.13364926335e-07
        max: 0.0042291553691
        mean: 0.00201232894324
        min: 1.69780685155e-06
        var: 4.39697913635e-07
    spectral_rolloff:
        dmean: 547.872558594
        dmean2: 847.606323242
        dvar: 377551.21875
        dvar2: 695377.875
        max: 6567.62695312
        mean: 3178.74047852
        min: 344.53125
        var: 1190475.125
    spectral_skewness:
        dmean: 0.178187310696
        dmean2: 0.270658373833
        dvar: 0.0263311639428
        dvar2: 0.0518345013261
        max: 2.38628959656
        mean: 1.31942093372
        min: 0.171779721975
        var: 0.133145436645
    spectral_spread:
        dmean: 862558.1875
        dmean2: 1187061.875
        dvar: 2.46291208602e+12
        dvar2: 2.96584006861e+12
        max: 33078390
        mean: 5275729
        min: 2081225.875
        var: 3.7004223447e+12
    spectral_strongpeak:
        dmean: 0.476323992014
        dmean2: 0.780227780342
        dvar: 0.506666719913
        dvar2: 1.07540607452
        max: 9.90598487854
        mean: 0.875470757484
        min: 2.63307756541e-05
        var: 1.58468401432
    zerocrossingrate:
        dmean: 0.0115431500599
        dmean2: 0.0120242098346
        dvar: 0.000105983723188
        dvar2: 0.000119336116768
        max: 0.22216796875
        mean: 0.0956070497632
        min: 0.029296875
        var: 0.00092214893084
    barkbands:
        dmean: [2.27617618975e-07, 4.23943238275e-05, 7.31976033421e-05, 7.04954582034e-05, 0.000198857538635, 0.000228777964367, 8.13731821836e-05, 6.85296254233e-05, 0.000197080953512, 0.000176156740054, 0.00013864345965, 0.000123343066662, 0.000102603022242, 0.000122079683933, 0.00011119042756, 5.61061642657e-05, 4.93335282954e-05, 0.000190329970792, 0.000261375156697, 0.000151073021698, 7.04876947566e-05, 3.73552247765e-05, 1.07241685328e-05, 4.98929148307e-06, 2.56347357208e-06, 8.50847214906e-08, 6.91940060804e-10]
        dmean2: [3.50379622205e-07, 7.04796329956e-05, 0.000126100407215, 0.000122110825032, 0.000317402504152, 0.000357340788469, 0.000128804211272, 9.6605377621e-05, 0.00030472734943, 0.000243618298555, 0.000206878510653, 0.000183302094229, 0.000160419513122, 0.000194883687072, 0.000174067201442, 8.7055232143e-05, 7.61825504014e-05, 0.000275866448646, 0.000409999338444, 0.000226713964366, 0.00010194175411, 5.49823926121e-05, 1.60288109328e-05, 7.09545747668e-06, 3.95747701987e-06, 1.27095105995e-07, 8.66018368129e-10]
        dvar: [1.21489285103e-13, 3.59639473757e-09, 3.32910552459e-08, 1.28718662395e-08, 4.66837377644e-08, 1.07620458323e-07, 2.55611531941e-08, 1.63293112365e-08, 1.60290568374e-07, 1.98782629468e-07, 1.35967454185e-07, 2.57380634139e-07, 1.06549805423e-07, 1.04515443411e-07, 1.170033741e-07, 1.08947073585e-08, 4.77966599632e-09, 1.63207658943e-07, 1.37650687293e-07, 4.56365150114e-08, 9.90738069362e-09, 2.98987412606e-09, 3.751917943e-10, 1.19659934739e-10, 1.95310365103e-11, 1.85447733287e-14, 9.14979614177e-17]
        dvar2: [2.45080946639e-13, 9.19226117446e-09, 9.58930854722e-08, 3.62078793614e-08, 1.1763815877e-07, 2.32889703966e-07, 5.34150856879e-08, 2.97621038925e-08, 3.57693551223e-07, 3.4734887322e-07, 2.09696892739e-07, 6.36306879187e-07, 2.93682631991e-07, 2.51831778542e-07, 3.07387750809e-07, 2.20127187589e-08, 1.04473336648e-08, 2.89015616772e-07, 3.37338633472e-07, 1.01757642312e-07, 2.02959089535e-08, 6.64126043048e-09, 7.59178608867e-10, 1.88888252262e-10, 4.96646439252e-11, 3.69594762781e-14, 9.15926636717e-17]
        max: [2.88443357022e-06, 0.000468326616101, 0.00169584900141, 0.00109416735359, 0.00199551950209, 0.00306933140382, 0.00290055619553, 0.00144715642091, 0.00418222229928, 0.00596319977194, 0.00767604121938, 0.00835716817528, 0.00393450399861, 0.00346828368492, 0.00456500379369, 0.00151631818153, 0.000761778559536, 0.00887814257294, 0.00401189783588, 0.00299922050908, 0.00129086198285, 0.000772056344431, 0.000255054968875, 0.000222892966121, 5.19004061061e-05, 1.96733276425e-06, 1.99118218802e-07]
        mean: [3.70511088477e-07, 7.73768479121e-05, 9.93810317595e-05, 9.92536733975e-05, 0.000391217530705, 0.000419799995143, 0.000144626261317, 0.000131348439027, 0.000338949961588, 0.000286920869257, 0.000314489356242, 0.000214549363591, 0.000148231847561, 0.000181312920176, 0.000198517474928, 9.98023533612e-05, 9.2833484814e-05, 0.000364381296095, 0.000509565870743, 0.000280672160443, 0.000122777826618, 5.60115113331e-05, 1.56720343512e-05, 9.80119330052e-06, 3.42030921274e-06, 1.11745968923e-07, 7.30099092294e-10]
        min: [9.21055156515e-14, 1.54444122422e-12, 2.34701646139e-12, 3.14860203882e-12, 1.09903544598e-11, 1.46002793189e-11, 8.92199508717e-12, 2.40820731412e-11, 2.45116177355e-10, 3.30501653822e-10, 2.16319864799e-10, 1.18826878892e-10, 1.31542540749e-10, 8.02058280902e-11, 2.09498210446e-10, 2.07053985068e-10, 3.04468152079e-11, 2.16905261113e-11, 3.53991808089e-10, 4.83573237009e-10, 1.34011829411e-10, 7.75956798815e-11, 6.38991567992e-11, 4.39852217149e-11, 4.31311202032e-11, 4.18066276042e-11, 7.97013659497e-13]
        var: [2.48838303478e-13, 5.41360423156e-09, 2.38216824044e-08, 1.50175125668e-08, 9.29525043603e-08, 2.68274305881e-07, 6.62498109705e-08, 5.04227024578e-08, 3.12403727776e-07, 3.7478562831e-07, 8.65608967615e-07, 4.16079529941e-07, 1.47852290411e-07, 1.87348149439e-07, 2.41778366217e-07, 1.8185978945e-08, 1.25086749847e-08, 7.85878967235e-07, 3.38628410645e-07, 9.15068127938e-08, 2.78738774284e-08, 7.21481185906e-09, 1.05922659532e-09, 6.46528997006e-10, 4.231880818e-11, 4.2658642596e-14, 9.14065546513e-17]
    mfcc:
        mean: [-704.039367676, 99.5000534058, -38.4040565491, 45.7447280884, -18.1571941376, -6.95186376572, 2.34393548965, -4.94787406921, -8.07525157928, -3.08392643929, -5.36383724213, -11.2945108414, -5.20805025101]
        cov: [[2404.09790039, -252.852462769, -23.7107162476, -46.9292602539, -6.95239448547, -31.2624073029, 52.6927375793, 45.9522819519, -23.7976264954, 14.9629402161, 57.7943267822, -50.1666603088, -66.4949264526], [-252.852462769, 795.419372559, -352.256195068, -90.6469268799, -75.066734314, -89.8075714111, 112.594093323, 44.298915863, -56.8079986572, 15.0925769806, 38.8930206299, -69.0076828003, -27.1027107239], [-23.7107162476, -352.256195068, 566.314086914, 188.59387207, 48.2914009094, 127.613975525, -67.8895263672, -2.74787640572, 67.3330917358, -17.3223876953, -31.0873603821, 116.300064087, 87.2953033447], [-46.9292602539, -90.6469268799, 188.59387207, 300.351043701, 136.45324707, 78.8972930908, -52.5332946777, 2.87363195419, 86.3837127686, 2.30290865898, 7.70104885101, 76.9911880493, 41.6665229797], [-6.95239448547, -75.066734314, 48.2914009094, 136.45324707, 212.060211182, 83.1775283813, -4.08665895462, 13.6653623581, 37.8075256348, 6.21927452087, 13.3926620483, 18.3523235321, -0.180048152804], [-31.2624073029, -89.8075714111, 127.613975525, 78.8972930908, 83.1775283813, 172.900482178, 42.2539291382, 11.4707326889, 40.251209259, 6.65678310394, 16.0980167389, 35.482383728, 22.0886173248], [52.6927375793, 112.594093323, -67.8895263672, -52.5332946777, -4.08665895462, 42.2539291382, 162.896392822, 64.7160339355, -8.17708969116, 16.1352729797, 20.5288105011, -20.9299755096, -11.5903272629], [45.9522819519, 44.298915863, -2.74787640572, 2.87363195419, 13.6653623581, 11.4707326889, 64.7160339355, 106.537765503, 30.7228355408, 6.91848373413, 12.5469837189, -3.92596197128, -0.520470201969], [-23.7976264954, -56.8079986572, 67.3330917358, 86.3837127686, 37.8075256348, 40.251209259, -8.17708969116, 30.7228355408, 121.176132202, 24.2043781281, 4.13800048828, 25.2661895752, 4.67207622528], [14.9629402161, 15.0925769806, -17.3223876953, 2.30290865898, 6.21927452087, 6.65678310394, 16.1352729797, 6.91848373413, 24.2043781281, 84.8814315796, 35.0920181274, -5.69170045853, -18.9001464844], [57.7943267822, 38.8930206299, -31.0873603821, 7.70104885101, 13.3926620483, 16.0980167389, 20.5288105011, 12.5469837189, 4.13800048828, 35.0920181274, 66.3754730225, 11.4947357178, -8.63450527191], [-50.1666603088, -69.0076828003, 116.300064087, 76.9911880493, 18.3523235321, 35.482383728, -20.9299755096, -3.92596197128, 25.2661895752, -5.69170045853, 11.4947357178, 88.3254623413, 44.0890808105], [-66.4949264526, -27.1027107239, 87.2953033447, 41.6665229797, -0.180048152804, 22.0886173248, -11.5903272629, -0.520470201969, 4.67207622528, -18.9001464844, -8.63450527191, 44.0890808105, 76.8516464233]]
        icov: [[0.000491463870276, 0.000307517038891, -1.62654196174e-05, -0.000148095670738, 0.000102227073512, 0.000271440920187, -0.000284962559817, -0.000154417357408, 0.000131098422571, 0.000251883117016, -0.000751450599637, 0.000423267105361, 0.000237375046709], [0.000307517038891, 0.00227692350745, 0.0012291604653, -0.00108667789027, 0.000884087232407, 0.000598500308115, -0.00123629416339, -0.000476272747619, 0.000631056551356, 0.000166139594512, -0.00112664175685, 0.000885016343091, -0.000729410094209], [-1.62654196174e-05, 0.0012291604653, 0.00434549385682, -0.00171089323703, 0.00154697918333, -0.00242735748179, 0.00111620535608, -0.0015147686936, 0.000823243695777, -0.00101383798756, 0.00245321588591, -0.00234601157717, -0.0014075175859], [-0.000148095670738, -0.00108667789027, -0.00171089323703, 0.0082851825282, -0.00450207106769, 0.000198889407329, 0.00167162506841, 0.000723796023522, -0.0036042786669, 0.000352156232111, -0.000317602534778, -0.00311830360442, -0.000811663398053], [0.000102227073512, 0.000884087232407, 0.00154697918333, -0.00450207106769, 0.00880087725818, -0.00368836312555, 0.000827371608466, -0.0018144256901, 0.00145745603368, 4.0643894863e-06, -0.000296828802675, 0.00133169186302, 0.00139219383709], [0.000271440920187, 0.000598500308115, -0.00242735748179, 0.000198889407329, -0.00368836312555, 0.0118001662195, -0.00583671499044, 0.00342612829991, -0.00270737428218, 0.00151662656572, -0.00357403000817, 0.000405205995776, -0.00125841144472], [-0.000284962559817, -0.00123629416339, 0.00111620535608, 0.00167162506841, 0.000827371608466, -0.00583671499044, 0.012668502517, -0.00722216581926, 0.00233134324662, -0.00199349457398, 0.000999486655928, -0.000292138429359, 0.000332353985868], [-0.000154417357408, -0.000476272747619, -0.0015147686936, 0.000723796023522, -0.0018144256901, 0.00342612829991, -0.00722216581926, 0.0157255828381, -0.00565824704245, 0.00239850836806, -0.00296872504987, 0.00171464600135, -0.00132843642496], [0.000131098422571, 0.000631056551356, 0.000823243695777, -0.0036042786669, 0.00145745603368, -0.00270737428218, 0.00233134324662, -0.00565824704245, 0.0138963852078, -0.00476449821144, 0.00327280070633, -0.0019575136248, 0.00192400731612], [0.000251883117016, 0.000166139594512, -0.00101383798756, 0.000352156232111, 4.0643894863e-06, 0.00151662656572, -0.00199349457398, 0.00239850836806, -0.00476449821144, 0.0179559104145, -0.0104670645669, 0.00306501472369, 0.00228808936663], [-0.000751450599637, -0.00112664175685, 0.00245321588591, -0.000317602534778, -0.000296828802675, -0.00357403000817, 0.000999486655928, -0.00296872504987, 0.00327280070633, -0.0104670645669, 0.0260183103383, -0.00907954294235, 0.0028542233631], [0.000423267105361, 0.000885016343091, -0.00234601157717, -0.00311830360442, 0.00133169186302, 0.000405205995776, -0.000292138429359, 0.00171464600135, -0.0019575136248, 0.00306501472369, -0.00907954294235, 0.0241034608334, -0.00908724870533], [0.000237375046709, -0.000729410094209, -0.0014075175859, -0.000811663398053, 0.00139219383709, -0.00125841144472, 0.000332353985868, -0.00132843642496, 0.00192400731612, 0.00228808936663, 0.0028542233631, -0.00908724870533, 0.0213848557323]]
    spectral_contrast:
        mean: [9.67670032992e-08, 1.08921625497e-07, -3.21159689065e-07, 1.86501651456e-07, 1.38072877576e-07, -9.17525166955e-09, -1.63360880379e-06, 1.72832778844e-06, 1.3099224816e-06, 9.80924141913e-07, -1.50570713231e-06, 5.63208686799e-07]
        var: [0.000365508109098, 0.000929127854761, 0.002282776637, 0.00270584365353, 0.00428381888196, 0.00952098425478, 0.0469322167337, 0.0981211289763, 0.129440963268, 0.366528660059, 0.467074811459, 1.32913506031]

rhythm:
    beats_loudness:
        dmean: 0.00358918565325
        dmean2: 0.00625102501363
        dvar: 1.21446264529e-05
        dvar2: 3.54329204129e-05
        max: 0.0178987476975
        mean: 0.00575967598706
        min: 0.001788818161
        var: 1.31880733534e-05
    beats_loudness_bass:
        dmean: 0.132161676884
        dmean2: 0.245190024376
        dvar: 0.0121789574623
        dvar2: 0.0269728843123
        max: 0.366317868233
        mean: 0.1024152264
        min: 0.00200423435308
        var: 0.0138957798481
    bpm: 111.809181213
    bpm_confidence: 0
    first_peak_bpm: 112
    first_peak_spread: 0
    first_peak_weight: 0.944444417953
    onset_rate: 5.2836098671
    second_peak_bpm: 128
    second_peak_spread: 0
    second_peak_weight: 0.0555555559695
    beats_position: [0.152063027024, 0.688704013824, 1.22534501553, 1.76198589802, 2.29862689972, 2.83526778221, 3.37190890312, 3.90855002403, 4.44519138336, 4.98183250427, 5.51847362518, 5.98572969437, 6.52238416672, 7.05903911591, 7.59569358826, 8.13234806061, 8.66900348663, 9.20565795898, 9.74231243134]
    bpm_estimates: [111.69896698, 111.52822876, 112.092514038, 113.889335632, 111.407493591, 111.357284546, 111.492172241, 111.345375061, 111.494529724, 111.713417053, 111.365631104, 112.175109863, 112.522834778, 111.678695679, 111.376052856]
    bpm_intervals: [0.536641001701, 0.536641001701, 0.536640882492, 0.536641001701, 0.536640882492, 0.536641120911, 0.536641120911, 0.536641359329, 0.536641120911, 0.536641120911, 0.467256069183, 0.536654472351, 0.536654949188, 0.536654472351, 0.536654472351, 0.536655426025, 0.536654472351, 0.536654472351]
    onset_times: [0.0580498874187, 0.150929704309, 0.417959183455, 0.545668959618, 0.684988677502, 0.824308395386, 0.96362811327, 1.09133791924, 1.2190476656, 1.49768710136, 1.64861679077, 1.764716506, 1.92725622654, 1.98530614376, 2.19428563118, 2.32199549675, 2.5890250206, 2.72834467888, 2.84444451332, 2.97215414047, 3.3785033226, 3.70358276367, 3.80807256699, 4.19120168686, 4.48145103455, 4.87619066238, 5.01551008224, 5.15482997894, 5.4334692955, 5.54956912994, 5.79337882996, 6.09523820877, 6.23455762863, 6.37387752533, 6.64090681076, 6.80344676971, 7.04725646973, 7.17496585846, 7.33750581741, 7.46521520615, 7.58131504059, 8.0224943161, 8.42884349823, 8.55655288696, 8.68426322937, 8.8119726181, 9.10222244263, 9.21832180023, 9.34603214264, 9.4853515625, 9.62467098236, 9.7639913559, 9.89170074463]
    rubato_start: []
    rubato_stop: []
    perceptual_tempo: "unknown"

sfx:
    inharmonicity:
        dmean: 0.0500082224607
        dmean2: 0.0883498191833
        dvar: 0.00325446692295
        dvar2: 0.00932354107499
        max: 0.429042577744
        mean: 0.0550233386457
        min: 0.000159310453455
        var: 0.00332761532627
    oddtoevenharmonicenergyratio:
        dmean: 4.1785068512
        dmean2: 8.01545524597
        dvar: 444.847259521
        dvar2: 1334.84545898
        max: 266.767150879
        mean: 2.71882176399
        min: 0.000853663601447
        var: 227.963806152
    pitch_after_max_to_before_max_energy_ratio: 0.959560334682
    pitch_centroid: 197.478546143
    pitch_max_to_total: 0.354166656733
    pitch_min_to_total: 0.671296298504
    tristimulus:
        dmean: [0.175486326218, 0.226872190833, 0.126978754997]
        dmean2: [0.305249452591, 0.398579508066, 0.21664789319]
        dvar: [0.0267329532653, 0.0400708764791, 0.0155736766756]
        dvar2: [0.0731039866805, 0.116012126207, 0.042027361691]
        max: [0.91389632225, 0.958124637604, 0.783529758453]
        mean: [0.322213858366, 0.495695471764, 0.136750161648]
        min: [0.00330007169396, 0, 0]
        var: [0.0395562946796, 0.0569716654718, 0.0202884301543]

tonal:
    chords_changes_rate: 0.0648148134351
    chords_number_rate: 0.0231481473893
    chords_strength:
        dmean: 0.0100666936487
        dmean2: 0.0113172316924
        dvar: 8.94487457117e-05
        dvar2: 0.000115805247333
        max: 0.60607612133
        mean: 0.501946032047
        min: 0.335964500904
        var: 0.00360570847988
    key_strength: 0.69977414608
    tuning_diatonic_strength: 0.612591564655
    tuning_equal_tempered_deviation: 0.137208849192
    tuning_frequency: 441.527557373
    tuning_nontempered_energy_ratio: 0.702586114407
    hpcp:
        dmean: [0.140861913562, 0.124164104462, 0.136719435453, 0.151280269027, 0.173661321402, 0.191635116935, 0.194697737694, 0.173610329628, 0.0990488007665, 0.0976560339332, 0.104562468827, 0.108008593321, 0.12483946979, 0.131788745522, 0.169582933187, 0.174542531371, 0.142280474305, 0.146037563682, 0.154566377401, 0.158307462931, 0.176777973771, 0.203206196427, 0.170076444745, 0.142265811563, 0.100533463061, 0.0741610899568, 0.104378528893, 0.164806813002, 0.146884545684, 0.139189556241, 0.120742753148, 0.136807620525, 0.161957010627, 0.147135093808, 0.128946065903, 0.164216116071]
        dmean2: [0.232432663441, 0.211481079459, 0.243500515819, 0.260972261429, 0.306794047356, 0.320947706699, 0.323269844055, 0.298641711473, 0.163976296782, 0.163307011127, 0.178018599749, 0.183476790786, 0.205159023404, 0.209460482001, 0.282543480396, 0.287737011909, 0.252245008945, 0.262602865696, 0.282613664865, 0.286956816912, 0.307391703129, 0.341478794813, 0.302481114864, 0.251628786325, 0.17072238028, 0.122927084565, 0.165706008673, 0.272698670626, 0.24711547792, 0.237855792046, 0.207580149174, 0.226966947317, 0.270221292973, 0.251827269793, 0.216916367412, 0.291178315878]
        dvar: [0.0302588194609, 0.0247050058097, 0.0329410359263, 0.0386642813683, 0.0421293005347, 0.0326457880437, 0.0534071177244, 0.0335009470582, 0.016692597419, 0.0202896986157, 0.0283926073462, 0.0222963932902, 0.0323154367507, 0.0296319238842, 0.0426525175571, 0.0517007224262, 0.0377223975956, 0.0512016639113, 0.0509308576584, 0.049737136811, 0.0495976917446, 0.0549130328, 0.0437975078821, 0.0397409424186, 0.0261045880616, 0.014341738075, 0.016025941819, 0.0420356988907, 0.0326877832413, 0.0408304668963, 0.0330888070166, 0.0240739248693, 0.0293969027698, 0.0346791259944, 0.0215945150703, 0.0521765127778]
        dvar2: [0.0703631192446, 0.0732276216149, 0.0904356986284, 0.105101950467, 0.106702759862, 0.0738621875644, 0.123601190746, 0.0805072188377, 0.0457994006574, 0.055609934032, 0.0786361768842, 0.0526886060834, 0.0847671255469, 0.0709122791886, 0.104965575039, 0.134393304586, 0.0952895879745, 0.142646998167, 0.140890493989, 0.143309250474, 0.131670072675, 0.146474093199, 0.114924825728, 0.105955369771, 0.0698810070753, 0.0372295938432, 0.0358820110559, 0.0982009619474, 0.06828481704, 0.101020999253, 0.0791114717722, 0.0611089840531, 0.0769423991442, 0.0955250784755, 0.0565059706569, 0.132788673043]
        max: [1, 1, 1, 1, 1, 1, 1, 1, 1, 0.998732089996, 1, 1, 1, 1, 1, 1, 1, 1, 1, 1, 1, 1, 1, 1, 1, 1, 0.952640652657, 1, 1, 1, 1, 1, 1, 1, 1, 1]
        mean: [0.194255813956, 0.151457950473, 0.153921976686, 0.16496001184, 0.19292858243, 0.380439758301, 0.501393139362, 0.292364299297, 0.121372252703, 0.121797889471, 0.125027641654, 0.13989816606, 0.158696934581, 0.194466516376, 0.260474711657, 0.243601039052, 0.164404883981, 0.140438571572, 0.136028662324, 0.136079028249, 0.243289679289, 0.326872855425, 0.222205817699, 0.121522329748, 0.0949759408832, 0.084867939353, 0.198940485716, 0.281551390886, 0.207550629973, 0.16036605835, 0.15725915134, 0.176941931248, 0.221311882138, 0.195954248309, 0.180296212435, 0.220754593611]
        min: [0.00312532810494, 0.00135342241265, 0.00105257530231, 0.000949030567426, 0.00243230909109, 0.0100229270756, 0.0153599604964, 0.00798815209419, 0.000642752274871, 0.000940626487136, 0.00105141999666, 0.00121355918236, 0.00127427466214, 0.00234847492538, 0.00071663770359, 0.000608005793765, 0.0016005798243, 0.00169479590841, 0.0019118700875, 0.000744648627006, 0.00141575245652, 0.00254343729466, 0.00201083160937, 0.000708858366124, 0.000481566909002, 0.00211565359496, 0.00413710437715, 0.00753994006664, 0.00521834474057, 0.00123456364963, 0.00132009549998, 0.00121623999439, 0.00145052897278, 0.00336523889564, 0.00308905518614, 0.00433629471809]
        var: [0.0454416312277, 0.0292760618031, 0.0338850319386, 0.0407963991165, 0.0441517792642, 0.0717603117228, 0.13105070591, 0.0514264851809, 0.0180487055331, 0.0209575276822, 0.0279331896454, 0.0292592365295, 0.0376461744308, 0.0512678064406, 0.0793274566531, 0.0736742466688, 0.0477798245847, 0.0397997535765, 0.0393784046173, 0.0413828380406, 0.0666951686144, 0.101554185152, 0.0576432198286, 0.0340591706336, 0.0213229451329, 0.0137541489676, 0.0478497818112, 0.0905773118138, 0.0557124093175, 0.0553442575037, 0.0513746999204, 0.0348709635437, 0.0407687947154, 0.0375612899661, 0.0370488613844, 0.0715878233314]
    chords_histogram: [37.9629631042, 0, 0, 0, 4.16666650772, 0, 0, 0, 0, 0, 0, 0, 0, 0, 0, 0, 0, 20.8333339691, 4.16666650772, 32.8703689575, 0, 0, 0, 0]
    thpcp: [1, 0.583103895187, 0.242070034146, 0.242918938398, 0.249360501766, 0.279018908739, 0.31651198864, 0.387852370739, 0.519501924515, 0.485848367214, 0.327896147966, 0.280096709728, 0.271301388741, 0.271401852369, 0.485227376223, 0.6519292593, 0.443176835775, 0.242369353771, 0.189424097538, 0.169264256954, 0.396775454283, 0.561538159847, 0.413947880268, 0.319840937853, 0.31364440918, 0.352900594473, 0.441393911839, 0.390819549561, 0.359590500593, 0.440282434225, 0.387432128191, 0.302074223757, 0.306988596916, 0.329003334045, 0.384785056114, 0.758765399456]
    chords_key: "E"
    chords_scale: "major"
    key_key: "E"
    key_scale: "major"
    chords_progression: ["E", "E", "E", "E", "E", "E", "E", "E", "E", "E", "E", "E", "E", "E", "E", "E", "E", "E", "E", "E", "E", "E", "Bm", "Bm", "Bm", "Bm", "Bm", "Bm", "Bm", "Bm", "Bm", "Bm", "Bm", "Bm", "Bm", "Bm", "Bm", "Bm", "Bm", "Bm", "Bm", "Bm", "Bm", "Bm", "Bm", "Bm", "Bm", "Bm", "Bm", "Bm", "Bm", "Bm", "Bm", "Bm", "Bm", "Bm", "Bm", "Bm", "Bm", "Bm", "Bm", "Bm", "Bm", "Bm", "Bm", "Bm", "Bm", "Bm", "Bm", "Bm", "E", "Bm", "E", "Em", "Em", "Em", "Em", "Em", "Em", "Em", "Em", "Em", "Em", "Em", "Em", "Em", "Em", "Em", "Em", "Em", "Em", "Em", "Em", "Em", "Em", "Em", "Em", "Em", "Em", "Em", "Em", "E", "E", "E", "E", "E", "E", "E", "E", "E", "E", "E", "E", "E", "E", "Bm", "Bm", "Bm", "Bm", "Bm", "Bm", "Bm", "Bm", "Bm", "Bm", "Bm", "Bm", "Bm", "Bm", "Bm", "Bm", "Bm", "Bm", "Bm", "Bm", "Bm", "Bm", "G", "G", "G", "G", "G", "G", "G", "G", "F#", "F#", "F#", "F#", "F#", "F#", "F#", "F#", "F#", "G", "Em", "Em", "Em", "Em", "Em", "Em", "Em", "Em", "Em", "Em", "E", "E", "E", "E", "E", "Em", "Em", "Em", "Em", "Em", "Em", "Em", "E", "E", "E", "E", "E", "E", "E", "E", "E", "E", "E", "E", "E", "E", "E", "E", "E", "E", "E", "E", "E", "E", "E", "E", "E", "E", "E", "E", "E", "E", "E", "E", "E", "E", "E", "E", "E", "E", "E"]
