
metadata:
    version:
        essentia: "1.2.2"
    audio_properties:
        analysis_sample_rate: 44100
        bitrate: 128
        channels: 2
        equal_loudness: 1
        length: 10.0310201645
        replay_gain: -11.088142395
        downmix: "mix"
    tags:
        track: 10
        year: 0
        album: "Splitted by Mp3Splt v. 2.1"
        artist: "From 001.30 To 001.40"
        comment: "http://mp3splt.sf.net"
        genre: ""
        title: "04 Drowning Man.mp3"

highlevel:
    ballroom:
        all:
            ChaChaCha: 0.173015117645
            Jive: 0.454990714788
            Quickstep: 0.0241217631847
            Rumba-American: 0.000317477388307
            Rumba-International: 0.000219051740714
            Rumba-Misc: 0.000113979818707
            Samba: 0.346274495125
            Tango: 0.000147961705807
            VienneseWaltz: 0.000540007778909
            Waltz: 0.000259412481682
        probability: 0.454990714788
        value: "Jive"
    culture:
        all:
            non_western: 0.75122743845
            western: 0.248772546649
        probability: 0.75122743845
        value: "non_western"
    gender:
        all:
            female: 0.226286262274
            male: 0.773713767529
        probability: 0.773713767529
        value: "male"
    genre_dortmund:
        all:
            alternative: 0.0543753318489
            blues: 0.0549329705536
            electronic: 0.0799461826682
            folkcountry: 0.0418887324631
            funksoulrnb: 0.0272178389132
            jazz: 0.116387113929
            pop: 0.0332673303783
            raphiphop: 0.173324510455
            rock: 0.418659985065
        probability: 0.418659985065
        value: "rock"
    genre_electronica:
        all:
            ambient: 0.0376667641103
            dnb: 0.891165971756
            house: 0.0110615827143
            techno: 0.0281939525157
            trance: 0.0319117307663
        probability: 0.891165971756
        value: "dnb"
    genre_rosamerica:
        all:
            cla: 0.0151854380965
            dan: 0.172275856137
            hip: 0.534828364849
            jaz: 0.0118591180071
            pop: 0.0487940311432
            rhy: 0.015873413533
            roc: 0.197004541755
            spe: 0.00417924672365
        probability: 0.534828364849
        value: "hip"
    genre_tzanetakis:
        all:
            blu: 0.00316424062476
            cla: 0.0029028407298
            cou: 0.0217616576701
            dis: 0.0828044116497
            hip: 0.129272609949
            jaz: 0.0148833552375
            met: 0.498772472143
            pop: 0.138707354665
            reg: 0.0131640629843
            roc: 0.0945669934154
        probability: 0.498772472143
        value: "met"
    live_studio:
        all:
            live: 0.0179024934769
            studio: 0.982097506523
        probability: 0.982097506523
        value: "studio"
    mood:
        all:
            Cluster1: 0.334062576294
            Cluster2: 0.0711916834116
            Cluster3: 0.00425714626908
            Cluster4: 0.0516640432179
            Cluster5: 0.538824558258
        probability: 0.538824558258
        value: "Cluster5"
    mood_acoustic:
        all:
            acoustic: 0.00271552614868
            not_acoustic: 0.997284471989
        probability: 0.997284471989
        value: "not_acoustic"
    mood_aggressive:
        all:
            aggressive: 0.992301464081
            not_aggressive: 0.00769854383543
        probability: 0.992301464081
        value: "aggressive"
    mood_electronic:
        all:
            electronic: 0.70616710186
            not_electronic: 0.293832868338
        probability: 0.70616710186
        value: "electronic"
    mood_happy:
        all:
            happy: 0.144589588046
            not_happy: 0.855410397053
        probability: 0.855410397053
        value: "not_happy"
    mood_party:
        all:
            not_party: 0.0425108782947
            party: 0.957489132881
        probability: 0.957489132881
        value: "party"
    mood_relaxed:
        all:
            not_relaxed: 0.985351920128
            relaxed: 0.0146480752155
        probability: 0.985351920128
        value: "not_relaxed"
    mood_sad:
        all:
            not_sad: 0.994913220406
            sad: 0.00508677633479
        probability: 0.994913220406
        value: "not_sad"
    rhythm:
        all:
            fast: 0.961861371994
            medium: 0.0365553982556
            slow: 0.00158322695643
        probability: 0.961861371994
        value: "fast"
    speech_music:
        all:
            music: 0.998658418655
            speech: 0.00134158541914
        probability: 0.998658418655
        value: "music"
    timbre:
        all:
            bright: 0.0805033892393
            dark: 0.91949659586
        probability: 0.91949659586
        value: "dark"
    voice_instrumental:
        all:
            instrumental: 0.0455318242311
            voice: 0.95446819067
        probability: 0.95446819067
        value: "voice"

lowlevel:
    average_loudness: 0.934490919113
    barkbands_kurtosis:
        dmean: 0.608627855778
        dmean2: 1.02062058449
        dvar: 0.450787633657
        dvar2: 1.16069841385
        max: 3.67018461227
        mean: -0.925589203835
        min: -1.7940145731
        var: 0.628964185715
    barkbands_skewness:
        dmean: 0.441484689713
        dmean2: 0.733254671097
        dvar: 0.163174659014
        dvar2: 0.453489810228
        max: 2.01499080658
        mean: -0.344225764275
        min: -1.9719594717
        var: 0.370838820934
    barkbands_spread:
        dmean: 6.4451546669
        dmean2: 9.85380744934
        dvar: 27.9024028778
        dvar2: 66.0086898804
        max: 62.9511642456
        mean: 35.5974502563
        min: 10.3461208344
        var: 106.914764404
    dissonance:
        dmean: 0.0136656751856
        dmean2: 0.0238032601774
        dvar: 0.000191289786017
        dvar2: 0.00049576186575
        max: 0.49949991703
        mean: 0.477825403214
        min: 0.399561673403
        var: 0.000278995401459
    hfc:
        dmean: 4.48295497894
        dmean2: 7.61873912811
        dvar: 83.5104675293
        dvar2: 233.74005127
        max: 61.3029785156
        mean: 7.37583637238
        min: 0.500918388367
        var: 73.6764297485
    pitch:
        dmean: 922.31640625
        dmean2: 1759.66381836
        dvar: 1857359.625
        dvar2: 4117216
        max: 4900
        mean: 1842.76965332
        min: 89.2712554932
        var: 2781791.25
    pitch_instantaneous_confidence:
        dmean: 0.0834425017238
        dmean2: 0.130161821842
        dvar: 0.00533967930824
        dvar2: 0.0121370963752
        max: 0.884652078152
        mean: 0.412947356701
        min: 0.172544062138
        var: 0.0192195288837
    pitch_salience:
        dmean: 0.0685087218881
        dmean2: 0.109286986291
        dvar: 0.00355242122896
        dvar2: 0.00829400774091
        max: 0.862696945667
        mean: 0.635802090168
        min: 0.28559923172
        var: 0.0111784115434
    silence_rate_20dB:
        dmean: 0
        dmean2: 0
        dvar: 0
        dvar2: 0
        max: 1
        mean: 1
        min: 1
        var: 0
    silence_rate_30dB:
        dmean: 0
        dmean2: 0
        dvar: 0
        dvar2: 0
        max: 1
        mean: 1
        min: 1
        var: 0
    silence_rate_60dB:
        dmean: 0.14385150373
        dmean2: 0.2883720994
        dvar: 0.123158380389
        dvar2: 0.228469282389
        max: 1
        mean: 0.627314805984
        min: 0
        var: 0.23379085958
    spectral_centroid:
        dmean: 354.401428223
        dmean2: 597.967346191
        dvar: 109743.804688
        dvar2: 290975.78125
        max: 3890.71728516
        mean: 2049.78759766
        min: 510.167755127
        var: 276544.875
    spectral_complexity:
        dmean: 5.25641012192
        dmean2: 8.23364448547
        dvar: 44.9039878845
        dvar2: 103.749038696
        max: 46
        mean: 11.4511623383
        min: 0
        var: 80.2938232422
    spectral_crest:
        dmean: 1.68822407722
        dmean2: 2.58982396126
        dvar: 2.69592571259
        dvar2: 6.33675193787
        max: 18.0667457581
        mean: 6.50947952271
        min: 2.56670999527
        var: 6.76220989227
    spectral_decrease:
        dmean: 3.8219319376e-10
        dmean2: 6.38775976558e-10
        dvar: 4.90784817293e-19
        dvar2: 1.31954301837e-18
        max: -5.8761905064e-11
        mean: -7.03969438298e-10
        min: -5.16693976493e-09
        var: 4.66272043623e-19
    spectral_energy:
        dmean: 0.00182389223482
        dmean2: 0.00306550366804
        dvar: 1.17990757644e-05
        dvar2: 3.18632555718e-05
        max: 0.0244356822222
        mean: 0.00332595244981
        min: 0.000267215480562
        var: 1.10760820462e-05
    spectral_energyband_high:
        dmean: 0.000360003206879
        dmean2: 0.000613328244071
        dvar: 6.13051440723e-07
        dvar2: 1.69161978647e-06
        max: 0.00603701453656
        mean: 0.000473623746075
        min: 1.35553391374e-05
        var: 5.49172455067e-07
    spectral_energyband_low:
        dmean: 0.000154911031132
        dmean2: 0.000257154169958
        dvar: 4.76658499338e-08
        dvar2: 1.19578729141e-07
        max: 0.00195718882605
        mean: 0.00020357737958
        min: 6.31290390629e-07
        var: 6.6268341925e-08
    spectral_energyband_middle_high:
        dmean: 0.000926007458474
        dmean2: 0.00158113625366
        dvar: 3.06560355057e-06
        dvar2: 8.66384834808e-06
        max: 0.0118033951148
        mean: 0.00168654019944
        min: 0.000144441641169
        var: 2.76843138636e-06
    spectral_energyband_middle_low:
        dmean: 0.000691387394909
        dmean2: 0.00114655017387
        dvar: 1.60461331689e-06
        dvar2: 4.25485359301e-06
        max: 0.00968470424414
        mean: 0.000962209887803
        min: 4.85169439344e-05
        var: 1.46404397583e-06
    spectral_flatness_db:
        dmean: 0.0158279146999
        dmean2: 0.0231054704636
        dvar: 0.00019008477102
        dvar2: 0.00042412566836
        max: 0.238621339202
        mean: 0.136425822973
        min: 0.0848106592894
        var: 0.000746308302041
    spectral_flux:
        dmean: 0.0112714925781
        dmean2: 0.0167754068971
        dvar: 0.000261427805526
        dvar2: 0.000477252469864
        max: 0.130907580256
        mean: 0.0380536131561
        min: 0.00921389088035
        var: 0.000452704203781
    spectral_kurtosis:
        dmean: 1.10989201069
        dmean2: 1.82870364189
        dvar: 1.76539480686
        dvar2: 4.78284025192
        max: 14.8260822296
        mean: 2.9153573513
        min: 0.39985370636
        var: 2.3897254467
    spectral_rms:
        dmean: 0.000418328156229
        dmean2: 0.000665166415274
        dvar: 3.47727194594e-07
        dvar2: 9.02519104784e-07
        max: 0.00488259037957
        mean: 0.00165417336393
        min: 0.000510585960001
        var: 5.08542427724e-07
    spectral_rolloff:
        dmean: 315.870330811
        dmean2: 519.462890625
        dvar: 148696.125
        dvar2: 350782.25
        max: 5770.8984375
        mean: 3695.29833984
        min: 775.1953125
        var: 350860.75
    spectral_skewness:
        dmean: 0.168550729752
        dmean2: 0.273353099823
        dvar: 0.0342156402767
        dvar2: 0.0828895121813
        max: 2.30905652046
        mean: 1.16686940193
        min: 0.528775811195
        var: 0.071755670011
    spectral_spread:
        dmean: 545677.8125
        dmean2: 837389
        dvar: 305876369408
        dvar2: 692565639168
        max: 6979785
        mean: 4676029.5
        min: 2611433
        var: 909800570880
    spectral_strongpeak:
        dmean: 0.527722477913
        dmean2: 0.90560323
        dvar: 0.537455379963
        dvar2: 1.23574674129
        max: 7.39089155197
        mean: 0.748133182526
        min: 0.0105978334323
        var: 0.858573615551
    zerocrossingrate:
        dmean: 0.00852045044303
        dmean2: 0.0100816385821
        dvar: 5.06226278958e-05
        dvar2: 6.15241151536e-05
        max: 0.19091796875
        mean: 0.112813405693
        min: 0.04150390625
        var: 0.000425610196544
    barkbands:
        dmean: [2.2152694612e-07, 7.5742151239e-05, 0.000116672264994, 0.000104837599793, 0.00025654953788, 0.000125443169964, 0.000132673769258, 8.15167222754e-05, 0.00018158221792, 3.77459873562e-05, 4.20652868343e-05, 4.31822227256e-05, 2.87760394713e-05, 3.3855860238e-05, 5.41343470104e-05, 9.90892949631e-05, 0.000129689302412, 0.000294843688607, 0.000263428722974, 0.000295228266623, 0.000172610714799, 5.5763463024e-05, 1.78694190254e-05, 4.68619418825e-06, 1.96401151698e-06, 5.57357928699e-08, 2.33478292255e-10]
        dmean2: [2.8686395126e-07, 0.000129973457661, 0.000200735143153, 0.00017909136659, 0.000468688056571, 0.000219641733565, 0.00024190628028, 0.000143865472637, 0.000292443059152, 6.4172760176e-05, 7.04746780684e-05, 7.14269262971e-05, 4.73705877084e-05, 5.63177454751e-05, 8.85087792994e-05, 0.0001686039177, 0.000223092734814, 0.000524015165865, 0.00044995569624, 0.00051077484386, 0.000296616984997, 9.58772798185e-05, 3.03663036902e-05, 7.94965853856e-06, 3.43140368386e-06, 8.85166571152e-08, 4.0206230012e-10]
        dvar: [9.63622966686e-14, 1.17393756938e-08, 3.1932845701e-08, 3.59019338703e-08, 3.56029119075e-07, 7.6517665093e-08, 1.55095534637e-07, 2.11022097574e-08, 1.13654095912e-07, 3.42185302316e-09, 5.37465805195e-09, 5.14178966071e-09, 2.93533664042e-09, 3.16395420974e-09, 6.45023723322e-09, 3.01750233689e-08, 4.25104111912e-08, 4.08002023278e-07, 2.01810323119e-07, 2.68449554142e-07, 1.57654170607e-07, 1.59321817961e-08, 1.28327903859e-09, 1.21941234887e-10, 1.95358920013e-11, 9.01512412356e-15, 2.2744703545e-19]
        dvar2: [1.50585490258e-13, 3.02351850223e-08, 8.15031881984e-08, 9.18009135376e-08, 1.00448664853e-06, 2.11366966596e-07, 4.42823420599e-07, 5.77628291865e-08, 2.91125672902e-07, 9.33320620788e-09, 1.29696200446e-08, 1.13214557729e-08, 7.9847488621e-09, 8.62667981494e-09, 1.55401878033e-08, 8.12088387647e-08, 1.18849129649e-07, 1.16600767797e-06, 5.55357985377e-07, 7.30673434646e-07, 4.31739067608e-07, 4.358699357e-08, 3.40079453487e-09, 3.32882971188e-10, 5.35407412849e-11, 1.90572384262e-14, 3.88714348619e-19]
        max: [2.71692783826e-06, 0.000760677095968, 0.00140408799052, 0.00162902963348, 0.00390225811861, 0.00248353555799, 0.00306481891312, 0.00101479690056, 0.00385415507481, 0.000584684428759, 0.000885929679498, 0.00107761356048, 0.000579987186939, 0.000423674995545, 0.00107324216515, 0.0015383210266, 0.00190522777848, 0.00508370390162, 0.00354161020368, 0.00382427731529, 0.00275632902049, 0.00112506444566, 0.000299593317322, 7.61452174629e-05, 3.18772508763e-05, 7.24039296074e-07, 7.56874207752e-09]
        mean: [3.0851637689e-07, 8.52950470289e-05, 0.000117978226626, 9.38551311265e-05, 0.000204805386602, 0.000129183550598, 0.000112705485662, 9.05793422135e-05, 0.000315754994517, 5.41049666936e-05, 5.95413839619e-05, 5.74172772758e-05, 4.30705113104e-05, 5.00277565152e-05, 0.00010552052845, 0.000129489781102, 0.000189622252947, 0.000356247473974, 0.00037932745181, 0.00046833336819, 0.000190214064787, 6.53835377307e-05, 1.9990509827e-05, 5.01013209941e-06, 2.11855035559e-06, 7.0029770427e-08, 2.35119590464e-10]
        min: [5.15516171418e-11, 8.3550673935e-08, 5.16567695286e-08, 4.23439644237e-07, 4.53622760688e-06, 1.20105119095e-06, 2.06807271752e-06, 6.0413862002e-07, 2.45450428338e-06, 9.9158660305e-07, 5.12617532422e-07, 5.65298535093e-07, 7.45606712371e-07, 3.29122769926e-07, 1.44485545661e-06, 8.40641632749e-07, 7.67580149841e-06, 4.65941457151e-06, 8.51138520375e-06, 7.84266285336e-06, 4.14368332713e-06, 4.7102983558e-07, 3.48217739088e-08, 9.11615405386e-09, 3.48651796322e-09, 1.59378801823e-10, 2.64338681152e-13]
        var: [2.21362479128e-13, 1.3666396903e-08, 3.38022054791e-08, 2.98001570087e-08, 2.16726817825e-07, 5.32159845079e-08, 9.35958368586e-08, 2.34766517337e-08, 3.14084786623e-07, 4.50502923854e-09, 7.96589105789e-09, 9.42625089095e-09, 3.23322568718e-09, 4.34040625663e-09, 2.27022951549e-08, 3.52508955359e-08, 4.69850469642e-08, 2.78511180341e-07, 1.84443166518e-07, 3.63016539495e-07, 1.27747128431e-07, 1.4981955232e-08, 1.34046640454e-09, 1.07782220649e-10, 1.71757903039e-11, 1.6100907093e-14, 2.44949996266e-19]
    mfcc:
        mean: [-719.932250977, 91.5713882446, -49.5631637573, 58.1444091797, -18.9086055756, -5.68515729904, -1.73419320583, 1.55712842941, -1.573554039, 2.17780447006, -2.05828499794, -4.93341302872, -2.85507392883]
        cov: [[2669.23388672, -883.756286621, 244.317489624, -196.054656982, -107.157051086, -76.2043304443, -217.057891846, -107.564315796, -31.157869339, -63.9567718506, -26.3260402679, 30.2640457153, 1.39468836784], [-883.756286621, 608.987426758, -141.969482422, 85.8827209473, 32.0475616455, 9.36386871338, 121.546905518, 48.256526947, -3.2032623291, 3.99329662323, 6.89093446732, -3.52990818024, -8.29082202911], [244.317489624, -141.969482422, 379.334533691, 46.9302558899, 81.4483642578, 100.512863159, 20.8972377777, 47.7877845764, 7.93342399597, 10.2616033554, 32.0818824768, 38.7970848083, 7.54840946198], [-196.054656982, 85.8827209473, 46.9302558899, 190.327545166, 43.5687026978, 27.9403076172, 19.621673584, 52.4278106689, 30.0225753784, 34.2452354431, 14.6940841675, 7.41581964493, 12.045088768], [-107.157051086, 32.0475616455, 81.4483642578, 43.5687026978, 110.922561646, 69.2329788208, 29.6014118195, 16.1642169952, 14.545539856, 19.2153625488, 19.0686206818, 3.02767038345, -3.80087828636], [-76.2043304443, 9.36386871338, 100.512863159, 27.9403076172, 69.2329788208, 129.602630615, 68.5657196045, 40.5963592529, 12.5052909851, 19.1821537018, 33.1578712463, 15.6965675354, 4.06865167618], [-217.057891846, 121.546905518, 20.8972377777, 19.621673584, 29.6014118195, 68.5657196045, 149.772750854, 60.1494827271, 5.35001850128, -5.01940965652, 8.67629909515, 23.9033546448, 6.63759183884], [-107.564315796, 48.256526947, 47.7877845764, 52.4278106689, 16.1642169952, 40.5963592529, 60.1494827271, 118.32232666, 50.5038261414, 29.7695655823, 10.7171201706, 18.2452831268, 20.690984726], [-31.157869339, -3.2032623291, 7.93342399597, 30.0225753784, 14.545539856, 12.5052909851, 5.35001850128, 50.5038261414, 102.807929993, 71.7841644287, 16.8003959656, 5.60357475281, 14.9882411957], [-63.9567718506, 3.99329662323, 10.2616033554, 34.2452354431, 19.2153625488, 19.1821537018, -5.01940965652, 29.7695655823, 71.7841644287, 116.270843506, 37.4778671265, 9.48789787292, 15.6291885376], [-26.3260402679, 6.89093446732, 32.0818824768, 14.6940841675, 19.0686206818, 33.1578712463, 8.67629909515, 10.7171201706, 16.8003959656, 37.4778671265, 66.8604202271, 26.3814792633, 5.53768587112], [30.2640457153, -3.52990818024, 38.7970848083, 7.41581964493, 3.02767038345, 15.6965675354, 23.9033546448, 18.2452831268, 5.60357475281, 9.48789787292, 26.3814792633, 53.336807251, 21.2726421356], [1.39468836784, -8.29082202911, 7.54840946198, 12.045088768, -3.80087828636, 4.06865167618, 6.63759183884, 20.690984726, 14.9882411957, 15.6291885376, 5.53768587112, 21.2726421356, 61.3164100647]]
        icov: [[0.000804538838565, 0.000964724109508, -0.000310750998324, 0.000260335655184, 0.0003682365641, 0.000208930418012, 0.000274301652098, 0.000133392852149, -0.000190765029402, 0.000341072620358, 0.000137523369631, -0.000643845298328, 0.000204158786801], [0.000964724109508, 0.0038629330229, 0.000913780299015, -0.000791279308032, -0.00086044636555, 0.00155333895236, -0.0021030001808, -0.000451372616226, 0.000765586737543, 0.000146174133988, -0.000724117911886, -0.000172386600752, 0.000667688611429], [-0.000310750998324, 0.000913780299015, 0.00479636946693, -0.000784353411291, -0.00244754063897, -0.00227064196952, 0.000853399804328, -0.00184146489482, 0.00108811387327, 0.000255080551142, 0.000240192050114, -0.00268657994457, 0.00080157694174], [0.000260335655184, -0.000791279308032, -0.000784353411291, 0.00722455093637, -0.00201201089658, 0.000576533610001, 0.00138557434548, -0.00270040822215, 0.000245276489295, -0.000982324592769, 5.96500103711e-05, -8.2352953541e-06, -0.00064937811112], [0.0003682365641, -0.00086044636555, -0.00244754063897, -0.00201201089658, 0.0166143197566, -0.00758671062067, 0.000499714107718, 0.00325969862752, -0.00235619605519, -0.000171763182152, 0.000316259625833, 0.00145228567999, 0.00103839056101], [0.000208930418012, 0.00155333895236, -0.00227064196952, 0.000576533610001, -0.00758671062067, 0.0192069076002, -0.00754851475358, -0.00188971683383, 0.00173044926487, -0.000776940782089, -0.00669528683648, 0.00400099717081, -0.000926745997276], [0.000274301652098, -0.0021030001808, 0.000853399804328, 0.00138557434548, 0.000499714107718, -0.00754851475358, 0.0146276112646, -0.00495038321242, 0.000414374779211, 0.00179875246249, 0.00338443624787, -0.00632526120171, 0.00128004490398], [0.000133392852149, -0.000451372616226, -0.00184146489482, -0.00270040822215, 0.00325969862752, -0.00188971683383, -0.00495038321242, 0.0169267691672, -0.00795177929103, 0.00112459319644, 0.00134145037737, -0.000666906940751, -0.00238812179305], [-0.000190765029402, 0.000765586737543, 0.00108811387327, 0.000245276489295, -0.00235619605519, 0.00173044926487, 0.000414374779211, -0.00795177929103, 0.0216995403171, -0.0119613772258, 0.00124334904831, 0.000871514726896, -0.000366737804143], [0.000341072620358, 0.000146174133988, 0.000255080551142, -0.000982324592769, -0.000171763182152, -0.000776940782089, 0.00179875246249, 0.00112459319644, -0.0119613772258, 0.019067088142, -0.00781867280602, 0.00137065502349, -0.00206535798497], [0.000137523369631, -0.000724117911886, 0.000240192050114, 5.96500103711e-05, 0.000316259625833, -0.00669528683648, 0.00338443624787, 0.00134145037737, 0.00124334904831, -0.00781867280602, 0.0267136655748, -0.0136927543208, 0.00352937472053], [-0.000643845298328, -0.000172386600752, -0.00268657994457, -8.2352953541e-06, 0.00145228567999, 0.00400099717081, -0.00632526120171, -0.000666906940751, 0.000871514726896, 0.00137065502349, -0.0136927543208, 0.0332015417516, -0.00978646520525], [0.000204158786801, 0.000667688611429, 0.00080157694174, -0.00064937811112, 0.00103839056101, -0.000926745997276, 0.00128004490398, -0.00238812179305, -0.000366737804143, -0.00206535798497, 0.00352937472053, -0.00978646520525, 0.0209091119468]]
    spectral_contrast:
        mean: [-1.45892769865e-07, -3.4034425056e-08, 2.49598770097e-07, 4.69538179004e-07, 5.27293195773e-07, -1.57744381113e-07, 2.30663044931e-06, -2.12414329326e-06, -5.0594639589e-09, -3.54994170948e-07, 3.81026165996e-06, 3.23389849655e-06]
        var: [0.000341315782862, 0.000833468569908, 0.00143840711098, 0.00242724712007, 0.00392401078716, 0.0050518582575, 0.0502038411796, 0.0679965317249, 0.121732369065, 0.223655790091, 0.392384439707, 1.59926176071]

rhythm:
    beats_loudness:
        dmean: 0.00269995513372
        dmean2: 0.00539838476107
        dvar: 1.95399297809e-06
        dvar2: 3.9330011532e-06
        max: 0.0098912557587
        mean: 0.00526444613934
        min: 0.00198895810172
        var: 3.42441717294e-06
    beats_loudness_bass:
        dmean: 0.133978307247
        dmean2: 0.248301953077
        dvar: 0.0112089812756
        dvar2: 0.0292370021343
        max: 0.546975374222
        mean: 0.205385178328
        min: 0.0647800713778
        var: 0.014223520644
    bpm: 124.680763245
    bpm_confidence: 0
    first_peak_bpm: 125
    first_peak_spread: 0
    first_peak_weight: 0.947368443012
    onset_rate: 5.98144578934
    second_peak_bpm: 116
    second_peak_spread: 0
    second_peak_weight: 0.0526315793395
    beats_position: [0.361883491278, 0.84304279089, 1.3242020607, 1.80536139011, 2.28652071953, 2.76767992973, 3.24883913994, 3.72999858856, 4.21115779877, 4.69231700897, 5.17347621918, 5.65463542938, 6.17004299164, 6.6513428688, 7.13264226913, 7.61394166946, 8.09524250031, 8.57654190063, 9.05784130096, 9.53914070129]
    bpm_estimates: [124.712799072, 124.636558533, 124.732826233, 124.928764343, 124.683670044, 124.82611084, 124.610054016, 124.617103577, 124.649620056, 124.588417053, 124.70211792, 124.776832581, 124.592391968, 124.756599426, 124.785469055, 124.439674377, 124.976928711, 124.56817627, 124.573638916, 124.565467834, 124.594055176, 124.65940094]
    bpm_intervals: [0.481159299612, 0.48115926981, 0.481159329414, 0.481159329414, 0.481159210205, 0.481159210205, 0.481159448624, 0.481159210205, 0.481159210205, 0.481159210205, 0.481159210205, 0.515407562256, 0.481299877167, 0.48129940033, 0.48129940033, 0.481300830841, 0.48129940033, 0.48129940033, 0.48129940033]
    onset_times: [0.0580498874187, 0.243809521198, 0.359909296036, 0.487619042397, 0.603718817234, 0.731428563595, 0.835918366909, 1.07972788811, 1.20743763447, 1.32353746891, 1.5673469305, 1.69505667686, 1.79954648018, 2.0549659729, 2.17106580734, 2.28716564178, 2.42648530006, 2.53097510338, 2.65868473053, 2.77478456497, 3.03020405769, 3.15791392326, 3.26240372658, 3.49460315704, 3.63392281532, 3.73841261864, 3.99383211136, 4.12154197693, 4.22603178024, 4.36535167694, 4.46984148026, 4.59755086899, 4.7020406723, 4.95746040344, 5.07356023788, 5.20126962662, 5.44507932663, 5.65405893326, 5.93269824982, 6.04879808426, 6.15328788757, 6.29260778427, 6.64090681076, 6.8963265419, 7.12852621078, 7.37233543396, 7.60453510284, 7.85995483398, 7.98766422272, 8.09215450287, 8.25469398499, 8.34757328033, 8.48689365387, 8.57977294922, 8.83519268036, 8.95129299164, 9.06739234924, 9.31120204926, 9.54340171814, 9.91492080688]
    rubato_start: []
    rubato_stop: []
    perceptual_tempo: "unknown"

sfx:
    inharmonicity:
        dmean: 0.0639094263315
        dmean2: 0.111284546554
        dvar: 0.00339081068523
        dvar2: 0.0090452497825
        max: 0.360155791044
        mean: 0.0793448090553
        min: 0
        var: 0.00402621272951
    oddtoevenharmonicenergyratio:
        dmean: 3.69083285332
        dmean2: 6.84632587433
        dvar: 148.147476196
        dvar2: 418.082092285
        max: 163.866531372
        mean: 2.60125875473
        min: 0
        var: 89.7401428223
    pitch_after_max_to_before_max_energy_ratio: 0.0634524226189
    pitch_centroid: 204.370025635
    pitch_max_to_total: 0.897674441338
    pitch_min_to_total: 0.365116268396
    tristimulus:
        dmean: [0.166026413441, 0.281190305948, 0.192700177431]
        dmean2: [0.293270677328, 0.496229052544, 0.343095630407]
        dvar: [0.022945292294, 0.0506229251623, 0.02650632523]
        dvar2: [0.0624109692872, 0.138051748276, 0.0767607986927]
        max: [1, 0.99010181427, 0.784985661507]
        mean: [0.250511318445, 0.504379153252, 0.171996504068]
        min: [0.00942023936659, 0, 0]
        var: [0.0288194101304, 0.0689962878823, 0.0322646684945]

tonal:
    chords_changes_rate: 0.101851850748
    chords_number_rate: 0.0277777779847
    chords_strength:
        dmean: 0.0120839653537
        dmean2: 0.012978669256
        dvar: 9.12667892408e-05
        dvar2: 0.000104207218101
        max: 0.663125216961
        mean: 0.472896933556
        min: 0.329729288816
        var: 0.00672563537955
    key_strength: 0.578416764736
    tuning_diatonic_strength: 0.48988109827
    tuning_equal_tempered_deviation: 0.392689526081
    tuning_frequency: 452.108886719
    tuning_nontempered_energy_ratio: 0.964904308319
    hpcp:
        dmean: [0.160185292363, 0.18908290565, 0.185778841376, 0.157836005092, 0.179185792804, 0.184732973576, 0.171679764986, 0.146315738559, 0.137383177876, 0.14289855957, 0.154103219509, 0.138359382749, 0.135620802641, 0.177808746696, 0.193864837289, 0.187996730208, 0.16693764925, 0.168082609773, 0.170192092657, 0.226345643401, 0.250062257051, 0.215680360794, 0.196236401796, 0.149190485477, 0.140368103981, 0.193359732628, 0.186854287982, 0.171924903989, 0.227981314063, 0.194658771157, 0.185913190246, 0.195325642824, 0.184829086065, 0.17636808753, 0.173967719078, 0.161549240351]
        dmean2: [0.268472164869, 0.319665640593, 0.308318048716, 0.251750916243, 0.312483042479, 0.307759910822, 0.285775929689, 0.241573527455, 0.232127591968, 0.23850287497, 0.265677809715, 0.235509857535, 0.228735402226, 0.30538764596, 0.324193298817, 0.321348041296, 0.294307500124, 0.288385808468, 0.295089036226, 0.382289350033, 0.414595097303, 0.368160426617, 0.325350642204, 0.246106669307, 0.229962810874, 0.323993563652, 0.319112330675, 0.296788036823, 0.397352278233, 0.33351880312, 0.334946066141, 0.341354548931, 0.313470155001, 0.302910894156, 0.302612304688, 0.259509265423]
        dvar: [0.026798563078, 0.0293100904673, 0.0292375050485, 0.0227967780083, 0.0294588133693, 0.0292383637279, 0.0304884761572, 0.0279892943799, 0.0219827312976, 0.0308825727552, 0.0328660793602, 0.0273960251361, 0.0188546217978, 0.0322480387986, 0.0378299877048, 0.0386107452214, 0.0338340960443, 0.0352297723293, 0.0293749514967, 0.0426421314478, 0.0480835326016, 0.0426614880562, 0.033701505512, 0.0335858687758, 0.024882087484, 0.0337304137647, 0.0347612723708, 0.0364752188325, 0.0563325211406, 0.0392514169216, 0.0383447594941, 0.0498412437737, 0.0350355803967, 0.0277353338897, 0.0394919551909, 0.0315178148448]
        dvar2: [0.0656090825796, 0.072167865932, 0.0720980018377, 0.0577925667167, 0.0759420916438, 0.0803321972489, 0.0775117576122, 0.0765223354101, 0.0563591308892, 0.0850703790784, 0.0984530076385, 0.0779125392437, 0.0524317026138, 0.0854331701994, 0.0913111269474, 0.0990340411663, 0.0864549279213, 0.09839643538, 0.0710404887795, 0.11691480875, 0.109238751233, 0.106420852244, 0.0907989665866, 0.0891741737723, 0.0610023774207, 0.0830666273832, 0.0898125842214, 0.0999104082584, 0.152026712894, 0.0997881218791, 0.105113133788, 0.131725400686, 0.0944411382079, 0.0867638066411, 0.100227899849, 0.0770119279623]
        max: [1, 1, 1, 1, 1, 1, 1, 1, 1, 1, 1, 1, 1, 1, 1, 1, 1, 1, 1, 1, 1, 1, 1, 1, 1, 1, 1, 1, 1, 1, 1, 1, 1, 1, 1, 1]
        mean: [0.301117092371, 0.317025989294, 0.294756472111, 0.251215070486, 0.347148537636, 0.40440350771, 0.300278246403, 0.221967026591, 0.218673765659, 0.223257511854, 0.218261942267, 0.19430321455, 0.190422087908, 0.276430249214, 0.317839294672, 0.259165406227, 0.235517859459, 0.217785611749, 0.2058737427, 0.321193903685, 0.429280847311, 0.349835455418, 0.236974641681, 0.204092472792, 0.205979555845, 0.292330116034, 0.32375010848, 0.289878100157, 0.369837075472, 0.355708748102, 0.254610061646, 0.269392967224, 0.28755658865, 0.272230356932, 0.323566406965, 0.341229170561]
        min: [0.0118286963552, 0.0058869519271, 0.00360674038529, 0.00866442173719, 0.00999541673809, 0.0111796027049, 0.00669494271278, 0.00329576688819, 0.0175443496555, 0.0225243158638, 0.0178973991424, 0.00845963694155, 0.00448341248557, 0.00421346491203, 0.00384662533179, 0.00339638697915, 0.00288273813203, 0.00382030964829, 0.00559418695047, 0.0102503849193, 0.0143942050636, 0.00536914216354, 0.0049579674378, 0.00393611192703, 0.00224284478463, 0.00753752281889, 0.00863960850984, 0.00760011188686, 0.0145445708185, 0.0119227003306, 0.00367992511019, 0.00812757015228, 0.0156604833901, 0.0148301208392, 0.013698335737, 0.0132248839363]
        var: [0.0505183637142, 0.0693669989705, 0.0702104642987, 0.0453922487795, 0.0632362142205, 0.0744727030396, 0.0484145656228, 0.0343856997788, 0.0308790765703, 0.0400078706443, 0.0397296138108, 0.0350417234004, 0.026842860505, 0.045999225229, 0.0595377720892, 0.0493120513856, 0.0442671477795, 0.0399865545332, 0.0377824790776, 0.0658650323749, 0.0974459797144, 0.0802279561758, 0.0432195030153, 0.0456976816058, 0.0402688980103, 0.0585908964276, 0.0610507279634, 0.0486938916147, 0.0938835591078, 0.0842530354857, 0.0481960624456, 0.0676086544991, 0.0590934194624, 0.0446337945759, 0.075028039515, 0.0874188020825]
    chords_histogram: [63.8888893127, 6.01851844788, 3.24074077606, 0, 0, 0, 0, 5.09259271622, 0, 0.925925910473, 0.462962955236, 0, 0, 0, 0, 0, 0, 0, 5.09259271622, 0, 0, 0, 0, 15.2777776718]
    thpcp: [1, 0.814933776855, 0.55202704668, 0.475428789854, 0.479824692011, 0.680976390839, 0.754168510437, 0.67526447773, 0.861527085304, 0.828615486622, 0.593108355999, 0.627544820309, 0.669856548309, 0.634154438972, 0.753740608692, 0.794885635376, 0.70144546032, 0.738504827023, 0.686628520489, 0.585199832916, 0.808674633503, 0.942048788071, 0.699491381645, 0.51706713438, 0.509395599365, 0.52007329464, 0.508436262608, 0.452624946833, 0.443583935499, 0.643938004971, 0.740399420261, 0.603719949722, 0.548633515835, 0.50732666254, 0.479578226805, 0.748213887215]
    chords_key: "D#"
    chords_scale: "minor"
    key_key: "D#"
    key_scale: "minor"
    chords_progression: ["F#", "F#", "F#", "F#", "F#", "D#m", "F#", "F#", "F#", "F#", "F#", "D#m", "D#m", "D#m", "D#m", "D#m", "D#m", "D#m", "D#m", "D#m", "D#m", "D#m", "D#m", "D#m", "D#m", "D#m", "D#m", "D#m", "D#m", "D#m", "D#m", "D#m", "D#m", "D#m", "D#m", "D#m", "D#m", "D#m", "D#m", "D#m", "D#m", "D#m", "D#m", "D#m", "D#m", "D#m", "D#m", "D#m", "D#m", "D#m", "D#m", "D#m", "D#m", "D#m", "D#m", "D#m", "D#m", "D#m", "D#m", "D#m", "D#m", "D#m", "D#m", "D#m", "D#m", "D#m", "B", "B", "B", "F#m", "F#m", "F#m", "F#m", "F#m", "F#m", "F#m", "F#m", "F#m", "F#m", "F#m", "D#m", "D#m", "D#m", "D#m", "D#m", "D#m", "D#m", "D#m", "D#m", "D#m", "D#m", "D#m", "D#m", "D#m", "D#m", "D#m", "D#m", "D#m", "D#m", "D#m", "D#m", "D#m", "F#", "D#m", "D#m", "F#", "F#", "D#m", "D#m", "D#m", "D#m", "D#m", "D#m", "D#m", "D#m", "D#m", "D#m", "D#m", "D#m", "D#m", "B", "B", "B", "B", "B", "B", "B", "B", "B", "B", "B", "B", "B", "B", "B", "B", "B", "B", "B", "B", "B", "B", "B", "B", "B", "B", "B", "B", "B", "B", "D#m", "D#m", "D#m", "D#m", "D#m", "D#m", "D#m", "D#m", "D#m", "D#m", "D#m", "D#m", "D#m", "D#m", "D#m", "D#m", "D#m", "D#m", "D#m", "Dm", "D#m", "D#m", "D#m", "D#m", "D#m", "A#", "A#", "D#m", "D#m", "D#m", "D#m", "D#m", "D#m", "D#m", "D#m", "D#m", "D#", "D#", "D#", "D#", "D#", "D#", "D#", "D#", "D#m", "D#m", "D#m", "D#m", "D#m", "D#m", "D#m", "D#m", "D#m", "D#m", "D#m", "D#m", "D#", "D#", "A#m", "A#m", "A#m", "D#", "A#m", "A#m", "A#m", "A#m"]
