
metadata:
    version:
        essentia: "1.2.2"
    audio_properties:
        analysis_sample_rate: 44100
        bitrate: 128
        channels: 2
        equal_loudness: 1
        length: 10.0310201645
        replay_gain: -7.99918556213
        downmix: "mix"
    tags:
        track: 25
        year: 0
        album: "Splitted by Mp3Splt v. 2.1"
        artist: "From 004.00 To 004.10"
        comment: "http://mp3splt.sf.net"
        genre: ""
        title: "11 Star Chasers.mp3"

highlevel:
    ballroom:
        all:
            ChaChaCha: 0.102794997394
            Jive: 0.137328281999
            Quickstep: 0.0296993330121
            Rumba-American: 0.00284676719457
            Rumba-International: 0.0233695879579
            Rumba-Misc: 0.00492953509092
            Samba: 0.695557773113
            Tango: 0.000940366880968
            VienneseWaltz: 0.00121197837871
            Waltz: 0.00132134673186
        probability: 0.695557773113
        value: "Samba"
    culture:
        all:
            non_western: 0.618078947067
            western: 0.381921052933
        probability: 0.618078947067
        value: "non_western"
    gender:
        all:
            female: 0.71997910738
            male: 0.280020922422
        probability: 0.71997910738
        value: "female"
    genre_dortmund:
        all:
            alternative: 0.044702000916
            blues: 0.100600533187
            electronic: 0.0902071073651
            folkcountry: 0.0889615938067
            funksoulrnb: 0.0116391889751
            jazz: 0.53274089098
            pop: 0.0391901284456
            raphiphop: 0.0118590872735
            rock: 0.080099478364
        probability: 0.53274089098
        value: "jazz"
    genre_electronica:
        all:
            ambient: 0.175449162722
            dnb: 0.317403495312
            house: 0.306345254183
            techno: 0.0880433171988
            trance: 0.112758770585
        probability: 0.317403495312
        value: "dnb"
    genre_rosamerica:
        all:
            cla: 0.020543968305
            dan: 0.729572594166
            hip: 0.0392913930118
            jaz: 0.0522498488426
            pop: 0.0471900030971
            rhy: 0.0693258717656
            roc: 0.0340272262692
            spe: 0.00779906567186
        probability: 0.729572594166
        value: "dan"
    genre_tzanetakis:
        all:
            blu: 0.00574730057269
            cla: 0.00368350790814
            cou: 0.00993650965393
            dis: 0.185752362013
            hip: 0.0552835948765
            jaz: 0.0151504362002
            met: 0.00879136193544
            pop: 0.58424115181
            reg: 0.0872236713767
            roc: 0.0441900826991
        probability: 0.58424115181
        value: "pop"
    live_studio:
        all:
            live: 0.0628032013774
            studio: 0.937196791172
        probability: 0.937196791172
        value: "studio"
    mood:
        all:
            Cluster1: 0.45214599371
            Cluster2: 0.136448055506
            Cluster3: 0.13244111836
            Cluster4: 0.149455323815
            Cluster5: 0.12950950861
        probability: 0.45214599371
        value: "Cluster1"
    mood_acoustic:
        all:
            acoustic: 0.107493504882
            not_acoustic: 0.892506480217
        probability: 0.892506480217
        value: "not_acoustic"
    mood_aggressive:
        all:
            aggressive: 0.0142864426598
            not_aggressive: 0.985713541508
        probability: 0.985713541508
        value: "not_aggressive"
    mood_electronic:
        all:
            electronic: 0.511305689812
            not_electronic: 0.488694339991
        probability: 0.511305689812
        value: "electronic"
    mood_happy:
        all:
            happy: 0.166861832142
            not_happy: 0.833138167858
        probability: 0.833138167858
        value: "not_happy"
    mood_party:
        all:
            not_party: 0.50644671917
            party: 0.49355328083
        probability: 0.50644671917
        value: "not_party"
    mood_relaxed:
        all:
            not_relaxed: 0.650827527046
            relaxed: 0.349172472954
        probability: 0.650827527046
        value: "not_relaxed"
    mood_sad:
        all:
            not_sad: 0.518545925617
            sad: 0.48145404458
        probability: 0.518545925617
        value: "not_sad"
    rhythm:
        all:
            fast: 0.895918905735
            medium: 0.0680866390467
            slow: 0.0359944403172
        probability: 0.895918905735
        value: "fast"
    speech_music:
        all:
            music: 0.999966442585
            speech: 3.35833938152e-05
        probability: 0.999966442585
        value: "music"
    timbre:
        all:
            bright: 0.231348201632
            dark: 0.768651783466
        probability: 0.768651783466
        value: "dark"
    voice_instrumental:
        all:
            instrumental: 0.896603286266
            voice: 0.103396721184
        probability: 0.896603286266
        value: "instrumental"

lowlevel:
    average_loudness: 0.970067679882
    barkbands_kurtosis:
        dmean: 2.00880122185
        dmean2: 3.220007658
        dvar: 11.6733093262
        dvar2: 30.128534317
        max: 29.2157211304
        mean: 1.30506849289
        min: -1.87323129177
        var: 15.9643373489
    barkbands_skewness:
        dmean: 0.553705751896
        dmean2: 0.849940180779
        dvar: 0.352425336838
        dvar2: 0.836663246155
        max: 4.87436437607
        mean: 1.07624161243
        min: -1.61452591419
        var: 1.16261267662
    barkbands_spread:
        dmean: 7.78806686401
        dmean2: 11.7411804199
        dvar: 65.4122314453
        dvar2: 125.712760925
        max: 68.302734375
        mean: 32.4827842712
        min: 4.93551492691
        var: 210.502044678
    dissonance:
        dmean: 0.0227866694331
        dmean2: 0.0373684689403
        dvar: 0.000362408900401
        dvar2: 0.00100009515882
        max: 0.499319732189
        mean: 0.455633997917
        min: 0.343064934015
        var: 0.000787973054685
    hfc:
        dmean: 1.74610364437
        dmean2: 2.30323147774
        dvar: 8.80277633667
        dvar2: 17.3777236938
        max: 22.8155155182
        mean: 3.38377094269
        min: 2.26224824473e-06
        var: 20.1997776031
    pitch:
        dmean: 673.679504395
        dmean2: 1323.80029297
        dvar: 1951128.25
        dvar2: 4145066.25
        max: 4900
        mean: 1067.37988281
        min: 83.2075500488
        var: 2549017.75
    pitch_instantaneous_confidence:
        dmean: 0.0906815901399
        dmean2: 0.146491602063
        dvar: 0.0056710219942
        dvar2: 0.0119149498641
        max: 0.90980142355
        mean: 0.446172773838
        min: 0.189368486404
        var: 0.0272021908313
    pitch_salience:
        dmean: 0.0705491006374
        dmean2: 0.120166189969
        dvar: 0.00417722109705
        dvar2: 0.0117579391226
        max: 0.964913904667
        mean: 0.570772707462
        min: 0.351474553347
        var: 0.00704458588734
    silence_rate_20dB:
        dmean: 0
        dmean2: 0
        dvar: 0
        dvar2: 0
        max: 1
        mean: 1
        min: 1
        var: 0
    silence_rate_30dB:
        dmean: 0
        dmean2: 0
        dvar: 0
        dvar2: 0
        max: 1
        mean: 1
        min: 1
        var: 0
    silence_rate_60dB:
        dmean: 0.13425925374
        dmean2: 0.26914152503
        dvar: 0.116233639419
        dvar2: 0.205984532833
        max: 1
        mean: 0.729792118073
        min: 0
        var: 0.197195693851
    spectral_centroid:
        dmean: 314.03036499
        dmean2: 470.375579834
        dvar: 110526.632812
        dvar2: 246834.15625
        max: 2835.79223633
        mean: 1126.54907227
        min: 233.302520752
        var: 373772.46875
    spectral_complexity:
        dmean: 2.3758699894
        dmean2: 3.54186058044
        dvar: 13.4178800583
        dvar2: 28.6714725494
        max: 30
        mean: 6.38888883591
        min: 0
        var: 24.5941543579
    spectral_crest:
        dmean: 2.22034263611
        dmean2: 3.77710747719
        dvar: 3.88870835304
        dvar2: 10.7755098343
        max: 15.7479438782
        mean: 7.71665668488
        min: 2.88111782074
        var: 6.09896421432
    spectral_decrease:
        dmean: 4.22282459001e-10
        dmean2: 6.64298893671e-10
        dvar: 7.0226982601e-19
        dvar2: 1.74162381665e-18
        max: -4.85811670552e-16
        mean: -6.68920085989e-10
        min: -5.86788395651e-09
        var: 7.05542462706e-19
    spectral_energy:
        dmean: 0.0017225247575
        dmean2: 0.00268982839771
        dvar: 1.10074979602e-05
        dvar2: 2.68007497652e-05
        max: 0.0226882677525
        mean: 0.00283157662489
        min: 2.03875916149e-09
        var: 1.19635387819e-05
    spectral_energyband_high:
        dmean: 0.000166562531376
        dmean2: 0.000227594005992
        dvar: 9.306780413e-08
        dvar2: 1.97965846382e-07
        max: 0.00211143633351
        mean: 0.000233056969591
        min: 8.28668383912e-11
        var: 1.35811774271e-07
    spectral_energyband_low:
        dmean: 0.000384547631256
        dmean2: 0.00067405909067
        dvar: 1.33649450618e-06
        dvar2: 3.69467056771e-06
        max: 0.00828093476593
        mean: 0.000500046298839
        min: 6.57080223565e-11
        var: 8.89342743449e-07
    spectral_energyband_middle_high:
        dmean: 0.000288981187623
        dmean2: 0.000393141293898
        dvar: 2.55440056662e-07
        dvar2: 4.16094792399e-07
        max: 0.00631799083203
        mean: 0.000707682105713
        min: 4.80361861399e-10
        var: 1.09172344764e-06
    spectral_energyband_middle_low:
        dmean: 0.00109908275772
        dmean2: 0.00177008577157
        dvar: 4.70505301564e-06
        dvar2: 1.12827819976e-05
        max: 0.0145178707317
        mean: 0.00139079161454
        min: 1.40320866038e-09
        var: 4.47703087048e-06
    spectral_flatness_db:
        dmean: 0.0229696650058
        dmean2: 0.0335791446269
        dvar: 0.000374675553758
        dvar2: 0.000812581623904
        max: 0.247828260064
        mean: 0.152913972735
        min: 0.0677483081818
        var: 0.00134246214293
    spectral_flux:
        dmean: 0.0124506196007
        dmean2: 0.0200544130057
        dvar: 0.000324788037688
        dvar2: 0.000716664770152
        max: 0.125856474042
        mean: 0.0306520741433
        min: 4.51526211691e-05
        var: 0.000566698028706
    spectral_kurtosis:
        dmean: 2.03463387489
        dmean2: 3.08765888214
        dvar: 7.15588521957
        dvar2: 15.714756012
        max: 18.4151325226
        mean: 3.87438392639
        min: -1.00826931
        var: 14.2216968536
    spectral_rms:
        dmean: 0.000400182034355
        dmean2: 0.000585839035921
        dvar: 3.79709916842e-07
        dvar2: 8.16997783204e-07
        max: 0.00470477342606
        mean: 0.00146177306306
        min: 1.41033092405e-06
        var: 6.25735310678e-07
    spectral_rolloff:
        dmean: 706.898010254
        dmean2: 1182.67297363
        dvar: 905085.125
        dvar2: 1700914.25
        max: 5211.03515625
        mean: 2376.4765625
        min: 193.798828125
        var: 2231740.5
    spectral_skewness:
        dmean: 0.314348399639
        dmean2: 0.449403733015
        dvar: 0.119010210037
        dvar2: 0.228894099593
        max: 3.16490459442
        mean: 1.47164547443
        min: 0.551347136497
        var: 0.369404047728
    spectral_spread:
        dmean: 1217917.25
        dmean2: 1597977.875
        dvar: 2.677407744e+12
        dvar2: 3.59542108979e+12
        max: 26498032
        mean: 5987708.5
        min: 2237992
        var: 6.82074728038e+12
    spectral_strongpeak:
        dmean: 0.277486473322
        dmean2: 0.433076053858
        dvar: 0.343566358089
        dvar2: 0.730236768723
        max: 6.96399402618
        mean: 0.503209471703
        min: 1.16380388135e-05
        var: 1.18558895588
    zerocrossingrate:
        dmean: 0.0127304326743
        dmean2: 0.014792650938
        dvar: 0.000128682208015
        dvar2: 0.000166109777638
        max: 0.13818359375
        mean: 0.074667468667
        min: 0.01904296875
        var: 0.000866425514687
    barkbands:
        dmean: [1.54694504317e-07, 0.000142245160532, 0.000268106814474, 0.00044536209316, 0.000539584900253, 0.00012596223678, 8.41257206048e-05, 4.85504388053e-05, 4.14612768509e-05, 2.40037352341e-05, 2.78990009974e-05, 6.94985692462e-06, 1.76660196303e-05, 1.67981779668e-05, 1.47590299093e-05, 7.28519153199e-05, 3.73280490749e-05, 5.3131927416e-05, 0.000106689643872, 0.000127580220578, 6.79330332787e-05, 2.98229024338e-05, 4.12601957578e-06, 2.05826859201e-06, 1.47927073613e-06, 6.22421509888e-08, 4.54833642971e-10]
        dmean2: [2.34336908989e-07, 0.000255842431216, 0.000472911604447, 0.000745139783248, 0.00093354540877, 0.000199573958525, 0.000145682963193, 7.71491613705e-05, 6.89044536557e-05, 3.86321044061e-05, 4.40025396529e-05, 1.1252499462e-05, 2.65888284048e-05, 2.59877706412e-05, 2.33399750869e-05, 9.16078497539e-05, 5.8568566601e-05, 7.97799439169e-05, 0.000160932933795, 0.000170033061295, 9.77009622147e-05, 4.12494810007e-05, 5.61070646654e-06, 2.78137349596e-06, 2.07990660783e-06, 8.86933975153e-08, 6.47532194531e-10]
        dvar: [1.2425854074e-13, 2.10679900192e-07, 6.45335830995e-07, 1.13829651127e-06, 1.26658221689e-06, 7.97199106728e-08, 3.25030953263e-08, 7.68867280954e-09, 1.41687488409e-08, 1.44722989148e-09, 1.97184912842e-09, 1.80637921288e-10, 1.29106303426e-09, 7.49163564517e-10, 6.0057364637e-10, 4.26121182784e-08, 6.96566937464e-09, 1.45736853696e-08, 5.59968285074e-08, 6.42919175675e-08, 1.99763281472e-08, 3.2171900699e-09, 3.81820200457e-11, 1.22409703901e-11, 5.00047442689e-12, 1.08977200704e-14, 4.37430602788e-18]
        dvar2: [2.44870448788e-13, 5.88046759731e-07, 1.82289079476e-06, 2.94953633784e-06, 3.1160702747e-06, 1.98588736566e-07, 9.69203668433e-08, 2.13081730038e-08, 3.81068296917e-08, 3.58409857348e-09, 4.48221815219e-09, 4.61997162748e-10, 2.96428215307e-09, 1.42402012404e-09, 1.24263710433e-09, 6.44260467197e-08, 1.52209000959e-08, 2.59500509969e-08, 1.36778780302e-07, 1.08845753743e-07, 4.39879634939e-08, 6.6842154034e-09, 7.00039123891e-11, 1.83707892648e-11, 1.0588293263e-11, 1.85102059142e-14, 4.65264196425e-18]
        max: [3.25368046106e-06, 0.00323686143383, 0.00544367590919, 0.00797716900706, 0.00749958027154, 0.00268992618658, 0.00169122649822, 0.00101173378062, 0.000887399481144, 0.000379545177566, 0.000586561043747, 0.000138862640597, 0.000502834387589, 0.000442437594756, 0.000334559532348, 0.00249049905688, 0.00095497071743, 0.00143677508458, 0.00234193843789, 0.00303161423653, 0.00106733932626, 0.000386961764889, 5.29635799467e-05, 4.96545180795e-05, 1.87473106052e-05, 9.44543444348e-07, 4.26608224302e-08]
        mean: [2.61462758999e-07, 0.000144406352774, 0.000355379772373, 0.000419156072894, 0.000587454764172, 0.000141492157127, 0.000129347230541, 6.56966876704e-05, 4.42528107669e-05, 3.91897083318e-05, 4.72876999993e-05, 1.17266718007e-05, 2.78986444755e-05, 3.08516064251e-05, 2.37524636759e-05, 0.000126202299725, 5.84948356845e-05, 8.19166089059e-05, 0.000168983024196, 0.000196766268346, 8.38458581711e-05, 3.65341766155e-05, 5.32345666215e-06, 3.19842774843e-06, 2.0796028366e-06, 8.07656448387e-08, 5.11990116969e-10]
        min: [1.03297266574e-11, 2.85326519356e-11, 3.17315514142e-11, 3.94551405436e-11, 1.29375996027e-10, 1.87659249251e-10, 2.41687947433e-10, 3.16894566144e-10, 4.52825665853e-10, 1.14384765548e-10, 2.27211114506e-11, 5.97028884664e-11, 1.00179191331e-10, 1.16977001002e-11, 4.22478935516e-12, 1.98959772268e-11, 1.62492085759e-11, 4.05847508378e-11, 1.11085786403e-10, 5.23696398746e-11, 1.39080422526e-11, 7.00555585764e-12, 6.0120966365e-12, 5.39989797668e-12, 4.58989920724e-12, 4.3583860479e-12, 1.64123987838e-12]
        var: [1.60633604942e-13, 1.35242657961e-07, 4.11041611414e-07, 8.94172217158e-07, 1.10111125196e-06, 8.22814882895e-08, 4.60268410052e-08, 7.70787433879e-09, 1.07897859536e-08, 3.03349589892e-09, 5.73659564296e-09, 2.12981896008e-10, 2.28805840941e-09, 3.92913035441e-09, 1.44880318853e-09, 1.30112127295e-07, 1.44812135616e-08, 2.9963537429e-08, 1.26552649249e-07, 1.68102531006e-07, 2.49831213495e-08, 4.28219815163e-09, 6.6025192258e-11, 4.17518276896e-11, 1.10935366796e-11, 2.11217541802e-14, 4.54485081785e-18]
    mfcc:
        mean: [-766.257080078, 118.794036865, -19.1722259521, 59.7318344116, -8.85502529144, 4.99133110046, 7.70439481735, -6.00938987732, -1.55247569084, -5.45297336578, -2.19021511078, -5.16096830368, -0.0161910317838]
        cov: [[4431.39501953, -1228.92980957, 248.425918579, 287.999359131, -225.282592773, -86.0775375366, -83.6334686279, -191.374633789, -1.9795768261, -82.6136245728, -168.385818481, -139.407806396, -71.8324737549], [-1228.92980957, 1541.68066406, -665.258605957, -18.1949958801, 109.34236908, -50.032585144, 44.2580451965, 12.8804264069, -48.3230781555, 72.7287826538, -32.9782600403, 20.6546916962, 38.7083396912], [248.425918579, -665.258605957, 814.326049805, -51.7839050293, -79.0733108521, 167.124237061, -13.9308423996, 12.7506828308, 64.8796463013, -60.2344970703, 111.744819641, -17.9508361816, -57.1682510376], [287.999359131, -18.1949958801, -51.7839050293, 257.509765625, -27.7350540161, -19.5897483826, 13.0836420059, -4.95611858368, -8.32066059113, 8.93553638458, -38.2371520996, -35.8677558899, -2.99733972549], [-225.282592773, 109.34236908, -79.0733108521, -27.7350540161, 166.012954712, -11.9581823349, 23.416519165, 49.2885093689, 16.8548412323, 14.333404541, -22.7020969391, 10.6514978409, 3.09135484695], [-86.0775375366, -50.032585144, 167.124237061, -19.5897483826, -11.9581823349, 142.917709351, 31.1473026276, -0.257139056921, 10.8876972198, -4.79105710983, 43.1794433594, -15.6868286133, -10.6409187317], [-83.6334686279, 44.2580451965, -13.9308423996, 13.0836420059, 23.416519165, 31.1473026276, 118.473022461, -2.35820960999, -12.0817499161, 31.4846401215, -8.56852531433, -2.59902429581, 18.628534317], [-191.374633789, 12.8804264069, 12.7506828308, -4.95611858368, 49.2885093689, -0.257139056921, -2.35820960999, 88.8390350342, 31.936542511, -12.2096061707, 4.20157337189, 7.09971570969, -7.41637229919], [-1.9795768261, -48.3230781555, 64.8796463013, -8.32066059113, 16.8548412323, 10.8876972198, -12.0817499161, 31.936542511, 68.8690490723, -5.52922058105, 2.69112801552, -1.54678452015, -6.54898548126], [-82.6136245728, 72.7287826538, -60.2344970703, 8.93553638458, 14.333404541, -4.79105710983, 31.4846401215, -12.2096061707, -5.52922058105, 70.221244812, -7.02342033386, -19.2484035492, -3.08251094818], [-168.385818481, -32.9782600403, 111.744819641, -38.2371520996, -22.7020969391, 43.1794433594, -8.56852531433, 4.20157337189, 2.69112801552, -7.02342033386, 76.4348373413, 19.6309566498, -8.15690612793], [-139.407806396, 20.6546916962, -17.9508361816, -35.8677558899, 10.6514978409, -15.6868286133, -2.59902429581, 7.09971570969, -1.54678452015, -19.2484035492, 19.6309566498, 70.5010223389, 17.3364906311], [-71.8324737549, 38.7083396912, -57.1682510376, -2.99733972549, 3.09135484695, -10.6409187317, 18.628534317, -7.41637229919, -6.54898548126, -3.08251094818, -8.15690612793, 17.3364906311, 57.1381721497]]
        icov: [[0.000448198406957, 0.000347092514858, 0.000119657684991, -0.000257558713201, 0.000165821256815, 0.000148651728523, -6.0875518102e-05, 0.000979831675068, -0.000328395719407, 0.000665655708872, 0.000768247293308, 0.000408018415328, 0.000584418361541], [0.000347092514858, 0.00141385488678, 0.00126856542192, -7.18460287317e-05, -0.000137720926432, -0.000559282372706, -0.000151130981976, 0.000601125240792, -0.000284925394226, 0.000286472233711, -0.000292564975098, 0.000395806942834, 0.000595531775616], [0.000119657684991, 0.00126856542192, 0.00355312181637, 0.000207247401704, 0.000363569270121, -0.00201210496016, -0.000763918738812, 0.000594309240114, -0.00212608813308, 0.00201643304899, -0.00299134780653, 0.00116026180331, 0.00187473394908], [-0.000257558713201, -7.18460287317e-05, 0.000207247401704, 0.00479429215193, 0.00115606421605, 0.000257019506535, -0.000761011557188, -0.00134892610367, 0.000466495228466, -0.000169336126419, 0.00123219541274, 0.00162220699713, -2.9889306461e-05], [0.000165821256815, -0.000137720926432, 0.000363569270121, 0.00115606421605, 0.00906421244144, -0.000527854717802, -0.00114816485438, -0.00462032109499, -0.000746314588469, -0.00180206377991, 0.00388251501136, -0.0018091564998, 0.000832514138892], [0.000148651728523, -0.000559282372706, -0.00201210496016, 0.000257019506535, -0.000527854717802, 0.0126648424193, -0.00440445262939, 0.00168596580625, -0.00129233743064, 0.00292748003267, -0.00565305771306, 0.0049077058211, 0.000321763742249], [-6.0875518102e-05, -0.000151130981976, -0.000763918738812, -0.000761011557188, -0.00114816485438, -0.00440445262939, 0.0129026900977, -0.00156422809232, 0.00329416710883, -0.00686376588419, 0.00361120444722, -0.00249056238681, -0.00466768816113], [0.000979831675068, 0.000601125240792, 0.000594309240114, -0.00134892610367, -0.00462032109499, 0.00168596580625, -0.00156422809232, 0.0195858590305, -0.00781880505383, 0.00611470919102, -0.00181591708679, 0.00135655584745, 0.0037274453789], [-0.000328395719407, -0.000284925394226, -0.00212608813308, 0.000466495228466, -0.000746314588469, -0.00129233743064, 0.00329416710883, -0.00781880505383, 0.0204062703997, -0.00318398093805, 0.00283856829628, -0.000914615520742, -0.00176184007432], [0.000665655708872, 0.000286472233711, 0.00201643304899, -0.000169336126419, -0.00180206377991, 0.00292748003267, -0.00686376588419, 0.00611470919102, -0.00318398093805, 0.0229047518224, -0.00413616281003, 0.00802411045879, 0.00417115353048], [0.000768247293308, -0.000292564975098, -0.00299134780653, 0.00123219541274, 0.00388251501136, -0.00565305771306, 0.00361120444722, -0.00181591708679, 0.00283856829628, -0.00413616281003, 0.0265746507794, -0.00906775798649, 0.00220707245171], [0.000408018415328, 0.000395806942834, 0.00116026180331, 0.00162220699713, -0.0018091564998, 0.0049077058211, -0.00249056238681, 0.00135655584745, -0.000914615520742, 0.00802411045879, -0.00906775798649, 0.0229174382985, -0.00442919880152], [0.000584418361541, 0.000595531775616, 0.00187473394908, -2.9889306461e-05, 0.000832514138892, 0.000321763742249, -0.00466768816113, 0.0037274453789, -0.00176184007432, 0.00417115353048, 0.00220707245171, -0.00442919880152, 0.0234093833715]]
    spectral_contrast:
        mean: [4.31874980222e-07, 9.96946312171e-08, -3.95355044702e-07, -8.32326421119e-08, 5.13262214952e-08, -2.45300014967e-07, -1.85729868463e-06, -1.23251913919e-06, 1.15328782613e-06, -2.97098790725e-06, -2.605909458e-06, 1.43271904562e-06]
        var: [0.000367520406144, 0.000851007527672, 0.00113571190741, 0.00239427294582, 0.00326984189451, 0.00518985185772, 0.0547712519765, 0.0789639502764, 0.0932860895991, 0.243958666921, 0.760093748569, 2.60267782211]

rhythm:
    beats_loudness:
        dmean: 0.00296217366122
        dmean2: 0.00521425670013
        dvar: 6.4746100179e-06
        dvar2: 1.73271655513e-05
        max: 0.0116033023223
        mean: 0.00417372025549
        min: 0.000664014893118
        var: 1.0372655197e-05
    beats_loudness_bass:
        dmean: 0.277016758919
        dmean2: 0.544430553913
        dvar: 0.0230542756617
        dvar2: 0.0795915275812
        max: 0.648280382156
        mean: 0.274937689304
        min: 0.0338624008
        var: 0.0315935648978
    bpm: 92.525932312
    bpm_confidence: 0
    first_peak_bpm: 187
    first_peak_spread: 0
    first_peak_weight: 0.571428596973
    onset_rate: 4.98453760147
    second_peak_bpm: 93
    second_peak_spread: 0
    second_peak_weight: 0.380952388048
    beats_position: [0.154198423028, 0.802682340145, 1.45116639137, 2.09965014458, 2.7481341362, 3.39661812782, 4.04510211945, 4.69358587265, 5.34206962585, 6.02543020248, 6.34627103806, 6.66711139679, 6.9879527092, 7.30879306793, 7.62963438034, 7.95047473907, 8.27131557465, 8.59215641022, 8.91299724579, 9.23383808136, 9.55467891693, 9.8755197525]
    bpm_estimates: [92.329498291, 93.4263687134, 92.0555343628, 92.1618652344, 92.3224563599, 92.8598403931]
    bpm_intervals: [0.648483932018, 0.648484051228, 0.648483753204, 0.648483991623, 0.648483991623, 0.648483991623, 0.648483753204, 0.648483753204, 0.68336057663, 0.320840835571, 0.320840358734, 0.320841312408, 0.320840358734, 0.320841312408, 0.320840358734, 0.320840835571, 0.320840835571, 0.320840835571, 0.320840835571, 0.320840835571, 0.320840835571]
    onset_times: [0.0580498874187, 0.139319732785, 0.452789127827, 0.684988677502, 0.801088452339, 1.10294783115, 1.43963718414, 1.67183673382, 1.81115651131, 1.90403628349, 2.08979582787, 2.31038546562, 2.54258513451, 2.7863945961, 2.87927436829, 3.19274377823, 3.50621318817, 3.62231302261, 3.93578219414, 4.17959165573, 4.48145103455, 4.58594083786, 4.80653047562, 4.91102027893, 5.14321994781, 5.29414987564, 5.38702964783, 5.5727891922, 5.79337882996, 6.025578022, 6.26938772202, 6.3622674942, 6.67573690414, 6.88471651077, 7.01242637634, 7.10530614853, 7.41877555847, 7.67419481277, 7.9644446373, 8.06893444061, 8.28952407837, 8.39401340485, 8.62621307373, 8.77714252472, 8.85841274261, 9.04417228699, 9.26476192474, 9.49696159363, 9.74077129364, 9.83365058899]
    rubato_start: [6.34627103806]
    rubato_stop: [6.66711139679]
    perceptual_tempo: "unknown"

sfx:
    inharmonicity:
        dmean: 0.0415731333196
        dmean2: 0.0734228640795
        dvar: 0.00306770950556
        dvar2: 0.00868920702487
        max: 0.335287004709
        mean: 0.0392828434706
        min: 1.34314104798e-05
        var: 0.00295287836343
    oddtoevenharmonicenergyratio:
        dmean: 1.51723384857
        dmean2: 2.71528863907
        dvar: 14.4214477539
        dvar2: 33.0705070496
        max: 43.0018463135
        mean: 1.14772868156
        min: 9.70713808783e-05
        var: 14.4056444168
    pitch_after_max_to_before_max_energy_ratio: 7.23551654816
    pitch_centroid: 228.465911865
    pitch_max_to_total: 0.206018522382
    pitch_min_to_total: 0.00462962966412
    tristimulus:
        dmean: [0.237580776215, 0.245679154992, 0.126060679555]
        dmean2: [0.408358931541, 0.428661882877, 0.219961836934]
        dvar: [0.0414879582822, 0.0443289577961, 0.0175760611892]
        dvar2: [0.106540136039, 0.128667384386, 0.0477754846215]
        max: [0.990243673325, 0.992091238499, 0.755954802036]
        mean: [0.472285807133, 0.372805953026, 0.122458688915]
        min: [0.00790876895189, 0, 0]
        var: [0.0738524347544, 0.0574182495475, 0.0218895208091]

tonal:
    chords_changes_rate: 0.0601851865649
    chords_number_rate: 0.0185185186565
    chords_strength:
        dmean: 0.00769733730704
        dmean2: 0.00815353542566
        dvar: 3.91935027437e-05
        dvar2: 5.75152917008e-05
        max: 0.682034134865
        mean: 0.548648476601
        min: 0.390156000853
        var: 0.00693245744333
    key_strength: 0.693649053574
    tuning_diatonic_strength: 0.577897429466
    tuning_equal_tempered_deviation: 0.218953579664
    tuning_frequency: 434.695007324
    tuning_nontempered_energy_ratio: 0.906502604485
    hpcp:
        dmean: [0.122060872614, 0.15158046782, 0.151138424873, 0.124778077006, 0.142475530505, 0.122545160353, 0.107925079763, 0.124281480908, 0.134503215551, 0.197308182716, 0.185393571854, 0.09234829247, 0.0608660019934, 0.0800989195704, 0.0844604074955, 0.0652305707335, 0.0590869411826, 0.0516095720232, 0.0579355545342, 0.0591559782624, 0.0773780941963, 0.105763353407, 0.142323508859, 0.165719270706, 0.142749682069, 0.143092617393, 0.119267076254, 0.133975729346, 0.140885204077, 0.156451374292, 0.175711244345, 0.19669573009, 0.127402275801, 0.107024386525, 0.11759930104, 0.133090317249]
        dmean2: [0.20837636292, 0.258991420269, 0.253331303596, 0.211291596293, 0.251513540745, 0.214658468962, 0.184374973178, 0.209954485297, 0.233871012926, 0.34602227807, 0.32006162405, 0.157592833042, 0.105060458183, 0.14498975873, 0.155907928944, 0.103746056557, 0.0951770544052, 0.0929235294461, 0.101371139288, 0.10702637583, 0.145632699132, 0.181286916137, 0.240938380361, 0.298682749271, 0.252932220697, 0.251054912806, 0.217121914029, 0.245397552848, 0.252892792225, 0.2595012784, 0.309043645859, 0.325277388096, 0.209006026387, 0.174083098769, 0.197380393744, 0.233364194632]
        dvar: [0.0254935994744, 0.0328424349427, 0.040272064507, 0.0372966453433, 0.0627291277051, 0.0321271046996, 0.024709712714, 0.0387519076467, 0.0266891568899, 0.0419546999037, 0.0408602245152, 0.0158992931247, 0.0134815061465, 0.0233354195952, 0.0325925163925, 0.0105633027852, 0.01224142313, 0.00678455736488, 0.0069293747656, 0.0114558329806, 0.0330410376191, 0.0350851118565, 0.040060274303, 0.0618060566485, 0.0422495678067, 0.0424584187567, 0.0379558578134, 0.0509441122413, 0.0469523370266, 0.0341053083539, 0.0544380508363, 0.0461214073002, 0.0344538986683, 0.0409506820142, 0.0411520078778, 0.0494044311345]
        dvar2: [0.0624552033842, 0.087269410491, 0.0971490442753, 0.0916660353541, 0.142012357712, 0.0771198645234, 0.0584496036172, 0.0929017215967, 0.0659026503563, 0.112637355924, 0.108855977654, 0.0370099693537, 0.0331280454993, 0.0669247210026, 0.0785050317645, 0.0203080326319, 0.0310846474022, 0.0218183789402, 0.019150454551, 0.0324222221971, 0.0960871204734, 0.093546628952, 0.0964864492416, 0.174026936293, 0.103360503912, 0.110850505531, 0.106566466391, 0.146203860641, 0.124507397413, 0.0909131392837, 0.120099529624, 0.113318629563, 0.0729948282242, 0.0891717150807, 0.101377040148, 0.125074133277]
        max: [0.980954170227, 1, 1, 1, 1, 1, 1, 1, 1, 1, 1, 1, 0.965867102146, 1, 1, 0.869307756424, 1, 0.686194598675, 0.472287803888, 0.761692643166, 1, 1, 1, 1, 1, 1, 1, 1, 1, 1, 1, 1, 1, 1, 1, 1]
        mean: [0.162849530578, 0.206856742501, 0.183354750276, 0.214023336768, 0.236885756254, 0.155726417899, 0.161851763725, 0.194138169289, 0.208586826921, 0.34395930171, 0.303629934788, 0.116051144898, 0.0694052502513, 0.0764226615429, 0.079791136086, 0.103687509894, 0.10069937259, 0.0591447763145, 0.0507809780538, 0.0491832792759, 0.0603374280035, 0.136801689863, 0.188704401255, 0.156440392137, 0.170159459114, 0.159445747733, 0.0940817520022, 0.109419837594, 0.130867034197, 0.213504701853, 0.414911627769, 0.364110976458, 0.172734856606, 0.117123968899, 0.0993706807494, 0.112961858511]
        min: [0.00212348252535, 0.00388872553594, 0.00290877744555, 0.0013835709542, 0.00104845222086, 0.000831679673865, 0.00250135548413, 0.00184887496289, 0.00408672401682, 0.00105739221908, 0.00116320350207, 0.00354227307253, 0.000658174278215, 0.000685228733346, 0.00220635067672, 0.0027629819233, 0.0031106537208, 0.00221583526582, 0.000293701334158, 0.000412568246247, 0.00177142419852, 0.00164665479679, 0.00246591307223, 0.00222563068382, 0.00101938343141, 0.000737382273655, 0.000803256290965, 0.00117910443805, 0.000235806553974, 0.00110547500663, 0.00218350393698, 0.00365244224668, 0.00252832076512, 0.000261185254203, 0.000150633859448, 0.000358032266377]
        var: [0.0358276106417, 0.0463555976748, 0.0579978264868, 0.0929963514209, 0.121513403952, 0.038421407342, 0.0617957264185, 0.0887521803379, 0.0464580021799, 0.0939081162214, 0.075701802969, 0.0194404050708, 0.0133398640901, 0.0175739191473, 0.0282935835421, 0.019426509738, 0.0194231737405, 0.00522977951914, 0.00594387296587, 0.00841902382672, 0.0196482446045, 0.0356400944293, 0.0536476708949, 0.0496479608119, 0.0555222220719, 0.0532431080937, 0.0293590184301, 0.0428143180907, 0.0485436581075, 0.0497696474195, 0.149823054671, 0.10902505368, 0.0618444867432, 0.0519547648728, 0.0383573621511, 0.0423680990934]
    chords_histogram: [49.0740737915, 2.77777767181, 0, 0, 0, 0, 0, 0, 0, 0, 0, 0, 0, 0, 0, 0, 0, 0, 0, 0, 0, 0, 9.72222232819, 38.4259262085]
    thpcp: [1, 0.877562701702, 0.416317224503, 0.282286554575, 0.23949842155, 0.272255212069, 0.392492085695, 0.498556137085, 0.441912770271, 0.515828728676, 0.570930600166, 0.375324308872, 0.390087306499, 0.467902451754, 0.50272589922, 0.828994095325, 0.731794238091, 0.279700875282, 0.167277187109, 0.18419021368, 0.192308753729, 0.249902635813, 0.242700770497, 0.142547890544, 0.122389867902, 0.118539169431, 0.145422354341, 0.329712837934, 0.454806238413, 0.377045094967, 0.410110116005, 0.384288460016, 0.226751297712, 0.263718426228, 0.315409421921, 0.51457875967]
    chords_key: "C"
    chords_scale: "major"
    key_key: "C"
    key_scale: "major"
    chords_progression: ["Am", "Am", "Am", "Am", "Am", "Am", "Am", "Am", "Am", "Am", "Am", "Am", "Am", "Am", "Am", "Am", "Am", "Am", "Am", "Am", "Am", "Am", "Am", "Am", "F", "Am", "Am", "F", "F", "F", "Am", "F", "F", "F", "F", "F", "C", "C", "C", "C", "C", "C", "C", "C", "C", "C", "C", "C", "C", "C", "C", "C", "C", "C", "C", "C", "C", "C", "C", "C", "C", "C", "C", "C", "C", "C", "C", "C", "C", "C", "C", "C", "C", "C", "C", "C", "C", "C", "C", "C", "C", "C", "C", "C", "C", "C", "C", "C", "C", "C", "C", "C", "C", "C", "C", "C", "C", "C", "C", "C", "C", "C", "C", "C", "C", "C", "Am", "Am", "Am", "Am", "Am", "Am", "Am", "Am", "Am", "Am", "Am", "Am", "Am", "Am", "Am", "Am", "Am", "Am", "Am", "Am", "Am", "Am", "Am", "Am", "Am", "Am", "Am", "Am", "Em", "Am", "Em", "Em", "Em", "Em", "Em", "Am", "Am", "Am", "Am", "Am", "Am", "Am", "Am", "Am", "Am", "Am", "Am", "Am", "Am", "Am", "Am", "Am", "Am", "Am", "Am", "Am", "Am", "Am", "Am", "Am", "Am", "Am", "F", "F", "F", "F", "F", "F", "F", "F", "F", "F", "F", "F", "C", "C", "C", "C", "C", "C", "C", "C", "C", "C", "C", "C", "C", "C", "C", "C", "C", "C", "C", "C", "C", "C", "C", "C", "C", "C", "C", "C", "C", "C", "C", "C", "C", "C", "C", "C"]
