
metadata:
    version:
        essentia: "1.2.2"
    audio_properties:
        analysis_sample_rate: 44100
        bitrate: 128
        channels: 2
        equal_loudness: 1
        length: 10.2138776779
        replay_gain: -10.2973251343
        downmix: "mix"
    tags:
        track: 15
        year: 0
        album: "Splitted by Mp3Splt v. 2.1"
        artist: "From 002.20 To 002.30"
        comment: "http://mp3splt.sf.net"
        genre: ""
        title: "01 Whirlwind.mp3"

highlevel:
    ballroom:
        all:
            ChaChaCha: 0.00208994490094
            Jive: 0.0020238859579
            Quickstep: 0.0219301413745
            Rumba-American: 0.0326180979609
            Rumba-International: 0.509831368923
            Rumba-Misc: 0.0696589797735
            Samba: 0.00514777284116
            Tango: 0.019560655579
            VienneseWaltz: 0.145876646042
            Waltz: 0.191262498498
        probability: 0.509831368923
        value: "Rumba-International"
    culture:
        all:
            non_western: 0.0605415441096
            western: 0.939458429813
        probability: 0.939458429813
        value: "western"
    gender:
        all:
            female: 0.865431308746
            male: 0.134568706155
        probability: 0.865431308746
        value: "female"
    genre_dortmund:
        all:
            alternative: 0.0429161377251
            blues: 0.0130204902962
            electronic: 0.06240991503
            folkcountry: 0.0781936794519
            funksoulrnb: 0.0910878255963
            jazz: 0.424157261848
            pop: 0.0573082603514
            raphiphop: 0.00855842232704
            rock: 0.22234800458
        probability: 0.424157261848
        value: "jazz"
    genre_electronica:
        all:
            ambient: 0.920544028282
            dnb: 0.00894147064537
            house: 0.0274361930788
            techno: 0.0038461862132
            trance: 0.0392320938408
        probability: 0.920544028282
        value: "ambient"
    genre_rosamerica:
        all:
            cla: 0.0363184772432
            dan: 0.0278511121869
            hip: 0.0239077527076
            jaz: 0.519721329212
            pop: 0.0903237015009
            rhy: 0.239840179682
            roc: 0.0534767173231
            spe: 0.00856076087803
        probability: 0.519721329212
        value: "jaz"
    genre_tzanetakis:
        all:
            blu: 0.0267651695758
            cla: 0.0436238870025
            cou: 0.0662569031119
            dis: 0.0274425670505
            hip: 0.0149551387876
            jaz: 0.308976590633
            met: 0.00662243179977
            pop: 0.354198276997
            reg: 0.0578032210469
            roc: 0.0933558195829
        probability: 0.354198276997
        value: "pop"
    live_studio:
        all:
            live: 0.549188733101
            studio: 0.450811266899
        probability: 0.549188733101
        value: "live"
    mood:
        all:
            Cluster1: 0.254989326
            Cluster2: 0.267666935921
            Cluster3: 0.270264774561
            Cluster4: 0.105207800865
            Cluster5: 0.101871170104
        probability: 0.270264774561
        value: "Cluster3"
    mood_acoustic:
        all:
            acoustic: 0.951480746269
            not_acoustic: 0.0485192798078
        probability: 0.951480746269
        value: "acoustic"
    mood_aggressive:
        all:
            aggressive: 0.00355639797635
            not_aggressive: 0.996443629265
        probability: 0.996443629265
        value: "not_aggressive"
    mood_electronic:
        all:
            electronic: 0.11666277051
            not_electronic: 0.883337199688
        probability: 0.883337199688
        value: "not_electronic"
    mood_happy:
        all:
            happy: 0.129694268107
            not_happy: 0.870305716991
        probability: 0.870305716991
        value: "not_happy"
    mood_party:
        all:
            not_party: 0.939217269421
            party: 0.0607827454805
        probability: 0.939217269421
        value: "not_party"
    mood_relaxed:
        all:
            not_relaxed: 0.229721233249
            relaxed: 0.77027875185
        probability: 0.77027875185
        value: "relaxed"
    mood_sad:
        all:
            not_sad: 0.0873452201486
            sad: 0.9126547575
        probability: 0.9126547575
        value: "sad"
    rhythm:
        all:
            fast: 0.0705976039171
            medium: 0.431797921658
            slow: 0.497604489326
        probability: 0.497604489326
        value: "slow"
    speech_music:
        all:
            music: 0.759474217892
            speech: 0.240525797009
        probability: 0.759474217892
        value: "music"
    timbre:
        all:
            bright: 0.597081005573
            dark: 0.402918964624
        probability: 0.597081005573
        value: "bright"
    voice_instrumental:
        all:
            instrumental: 0.941595852375
            voice: 0.0584041289985
        probability: 0.941595852375
        value: "instrumental"

lowlevel:
    average_loudness: 0.981071710587
    barkbands_kurtosis:
        dmean: 3.82036828995
        dmean2: 5.85482978821
        dvar: 31.3120365143
        dvar2: 77.6151733398
        max: 59.4018821716
        mean: 6.6114897728
        min: -1.65446603298
        var: 110.50440979
    barkbands_skewness:
        dmean: 0.608638703823
        dmean2: 0.907875239849
        dvar: 0.392133325338
        dvar2: 0.863138914108
        max: 6.15578603745
        mean: 1.28138923645
        min: -1.01104021072
        var: 1.6207562685
    barkbands_spread:
        dmean: 2.6967010498
        dmean2: 4.04920864105
        dvar: 18.1319046021
        dvar2: 37.0733032227
        max: 47.353767395
        mean: 8.38444900513
        min: 1.19886660576
        var: 36.586807251
    dissonance:
        dmean: 0.0540058128536
        dmean2: 0.0895228460431
        dvar: 0.00212729978375
        dvar2: 0.00539833167568
        max: 0.497750431299
        mean: 0.369631379843
        min: 0.175323545933
        var: 0.00497544929385
    hfc:
        dmean: 1.09314084053
        dmean2: 1.56020903587
        dvar: 4.39898204803
        dvar2: 9.85316181183
        max: 23.6508178711
        mean: 2.69534468651
        min: 0.00830192025751
        var: 7.66241407394
    pitch:
        dmean: 128.567947388
        dmean2: 238.743270874
        dvar: 134804.796875
        dvar2: 387603.28125
        max: 4009.09082031
        mean: 283.403076172
        min: 77.3684234619
        var: 85969.6171875
    pitch_instantaneous_confidence:
        dmean: 0.0988399162889
        dmean2: 0.141820535064
        dvar: 0.00809213612229
        dvar2: 0.0161691699177
        max: 0.943102896214
        mean: 0.582331717014
        min: 0.134657800198
        var: 0.0280078407377
    pitch_salience:
        dmean: 0.080846503377
        dmean2: 0.124386303127
        dvar: 0.00506231281906
        dvar2: 0.0114651890472
        max: 0.867345929146
        mean: 0.52554422617
        min: 0.208733186126
        var: 0.0181507952511
    silence_rate_20dB:
        dmean: 0
        dmean2: 0
        dvar: 0
        dvar2: 0
        max: 1
        mean: 1
        min: 1
        var: 0
    silence_rate_30dB:
        dmean: 0
        dmean2: 0
        dvar: 0
        dvar2: 0
        max: 1
        mean: 1
        min: 1
        var: 0
    silence_rate_60dB:
        dmean: 0.140909090638
        dmean2: 0.282460123301
        dvar: 0.121053807437
        dvar2: 0.225454464555
        max: 1
        mean: 0.344671189785
        min: 0
        var: 0.225872695446
    spectral_centroid:
        dmean: 111.74445343
        dmean2: 168.229736328
        dvar: 28881.453125
        dvar2: 63935.8359375
        max: 2137.50805664
        mean: 576.621582031
        min: 204.751281738
        var: 62718.1015625
    spectral_complexity:
        dmean: 1.90660595894
        dmean2: 3.08447480202
        dvar: 12.8591833115
        dvar2: 29.1548957825
        max: 36
        mean: 7.00681829453
        min: 0
        var: 15.8658475876
    spectral_crest:
        dmean: 2.61217021942
        dmean2: 4.28823566437
        dvar: 5.98380041122
        dvar2: 15.1167402267
        max: 22.9793987274
        mean: 11.444560051
        min: 3.23947477341
        var: 15.8831501007
    spectral_decrease:
        dmean: 3.40871247895e-10
        dmean2: 5.22178300599e-10
        dvar: 2.21058771278e-19
        dvar2: 5.11729443993e-19
        max: -5.25405153412e-12
        mean: -1.09823206085e-09
        min: -4.8130948116e-09
        var: 4.94661295836e-19
    spectral_energy:
        dmean: 0.00137840362731
        dmean2: 0.00209980481304
        dvar: 3.73862803826e-06
        dvar2: 8.63553577801e-06
        max: 0.0203109011054
        mean: 0.00438945414498
        min: 2.05828273465e-05
        var: 8.16677857074e-06
    spectral_energyband_high:
        dmean: 4.00254066335e-05
        dmean2: 5.58300489502e-05
        dvar: 1.38779334691e-08
        dvar2: 2.78599703307e-08
        max: 0.00124409189448
        mean: 4.4088010327e-05
        min: 1.73271061499e-07
        var: 1.92316598202e-08
    spectral_energyband_low:
        dmean: 0.000251271529123
        dmean2: 0.000428076687967
        dvar: 2.17469604991e-07
        dvar2: 6.20218656877e-07
        max: 0.00491488352418
        mean: 0.000367983535398
        min: 3.08147014039e-06
        var: 2.38963082211e-07
    spectral_energyband_middle_high:
        dmean: 0.000565797789022
        dmean2: 0.000822484435048
        dvar: 9.73695136963e-07
        dvar2: 2.17666001845e-06
        max: 0.0129270972684
        mean: 0.0010703682201
        min: 1.84566363259e-06
        var: 2.21643335863e-06
    spectral_energyband_middle_low:
        dmean: 0.000882282562088
        dmean2: 0.00142048241105
        dvar: 1.47383173044e-06
        dvar2: 3.12836255034e-06
        max: 0.0115324929357
        mean: 0.00290700769983
        min: 1.54820718308e-05
        var: 4.27534087066e-06
    spectral_flatness_db:
        dmean: 0.0274081714451
        dmean2: 0.0394391790032
        dvar: 0.000721755903214
        dvar2: 0.00129617017228
        max: 0.379631191492
        mean: 0.256132602692
        min: 0.100483462214
        var: 0.00276273442432
    spectral_flux:
        dmean: 0.0113925356418
        dmean2: 0.0170662645251
        dvar: 0.000155873887707
        dvar2: 0.000339520309353
        max: 0.127608075738
        mean: 0.0292234290391
        min: 0.00453682988882
        var: 0.000311502692057
    spectral_kurtosis:
        dmean: 6.81921195984
        dmean2: 10.1344051361
        dvar: 48.9414787292
        dvar2: 105.994018555
        max: 84.8662719727
        mean: 16.1279010773
        min: 1.22984743118
        var: 136.728973389
    spectral_rms:
        dmean: 0.000320823863149
        dmean2: 0.00047877948964
        dvar: 1.57152172164e-07
        dvar2: 3.28492831159e-07
        max: 0.00445146206766
        mean: 0.00196472415701
        min: 0.000141706768773
        var: 4.2224741037e-07
    spectral_rolloff:
        dmean: 198.017089844
        dmean2: 330.323059082
        dvar: 237809.828125
        dvar2: 531554.4375
        max: 4306.640625
        mean: 852.959899902
        min: 236.865234375
        var: 287785.375
    spectral_skewness:
        dmean: 0.632138907909
        dmean2: 0.904689371586
        dvar: 0.337136596441
        dvar2: 0.749183297157
        max: 7.58497858047
        mean: 3.23280477524
        min: 0.943175911903
        var: 1.18589806557
    spectral_spread:
        dmean: 887947.875
        dmean2: 1190341.5
        dvar: 1.51710898586e+12
        dvar2: 2.18924187648e+12
        max: 24683236
        mean: 3534831.5
        min: 1280107.5
        var: 2.97432304845e+12
    spectral_strongpeak:
        dmean: 0.356720030308
        dmean2: 0.567000329494
        dvar: 0.163692191243
        dvar2: 0.327935129404
        max: 5.5938410759
        mean: 0.860142588615
        min: 0.00492431921884
        var: 0.491533219814
    zerocrossingrate:
        dmean: 0.00543671706691
        dmean2: 0.00609794165939
        dvar: 4.22772282036e-05
        dvar2: 5.14838902745e-05
        max: 0.09521484375
        mean: 0.0329512171447
        min: 0.00732421875
        var: 0.000197278146516
    barkbands:
        dmean: [4.22158699109e-08, 4.07419174735e-05, 0.000229154058616, 0.000155723450007, 0.000425381615059, 0.000291744538117, 0.000206146971323, 0.000105938830529, 0.000193994652363, 0.000325167144183, 0.000127374340082, 5.47710878891e-05, 7.41746262065e-05, 1.95110424102e-05, 1.75053774001e-05, 1.63555378094e-05, 1.32588902488e-05, 1.65728797583e-05, 2.7396285077e-05, 2.914806646e-05, 1.68272345036e-05, 6.14870987192e-06, 1.56787143624e-06, 6.54515702081e-07, 5.7275525478e-07, 1.36576092657e-08, 1.42335754294e-09]
        dmean2: [5.42577645035e-08, 6.16363977315e-05, 0.000395962357288, 0.000264173140749, 0.000704727892298, 0.000484177930048, 0.000366848718841, 0.000157141475938, 0.000243282527663, 0.000486512493808, 0.000180566305062, 8.3655671915e-05, 8.83288012119e-05, 3.06771289615e-05, 2.62992161879e-05, 2.38997527049e-05, 1.95643769985e-05, 2.49791701208e-05, 4.62050447823e-05, 4.45658479293e-05, 2.53100552072e-05, 8.79641356732e-06, 2.17130309466e-06, 9.38099503855e-07, 8.02014596957e-07, 1.87791613371e-08, 1.56069157597e-09]
        dvar: [2.67957720899e-13, 6.21672668899e-09, 1.86084506026e-07, 5.04403558921e-08, 3.78836915615e-07, 1.51494489842e-07, 1.30516866648e-07, 3.71876538452e-08, 1.13146988667e-07, 3.52858677388e-07, 9.22665250869e-08, 2.79337335485e-08, 1.7641347938e-07, 4.70284122756e-09, 1.93344407151e-09, 1.46615242169e-09, 3.02981795208e-09, 2.31620211899e-09, 7.09374337049e-09, 7.97034882538e-09, 2.74266320766e-09, 3.65267455171e-10, 2.0890717975e-11, 3.97001312033e-12, 2.50615175314e-12, 1.90816808325e-15, 6.72475338693e-16]
        dvar2: [2.64431082283e-13, 1.33064919083e-08, 5.42833845429e-07, 1.27804085537e-07, 8.37114100705e-07, 3.7302754663e-07, 3.7950786691e-07, 8.73894947517e-08, 1.75588169782e-07, 7.98514577127e-07, 1.55469649599e-07, 5.43962386246e-08, 2.14791953113e-07, 1.17336087513e-08, 4.63862770417e-09, 3.44562312016e-09, 6.65631016972e-09, 4.70662042673e-09, 1.82182589015e-08, 1.87848474553e-08, 6.09874861723e-09, 7.48363204739e-10, 3.58887503049e-11, 8.42009535013e-12, 4.97620954859e-12, 2.61686530362e-15, 6.72091209251e-16]
        max: [1.09572820293e-05, 0.000852163240779, 0.00454064784572, 0.00233327876776, 0.00471954373643, 0.00359385251068, 0.00238819909282, 0.00249594659545, 0.00297635397874, 0.00477047171444, 0.00334084848873, 0.00249529490247, 0.0104621313512, 0.000768696656451, 0.000406221981393, 0.000377952324925, 0.00084278464783, 0.000566850299947, 0.0006217326154, 0.000867215509061, 0.000490877893753, 0.000238677224843, 6.14250384388e-05, 2.26819192903e-05, 2.01318434847e-05, 5.28749637851e-07, 5.44822171378e-07]
        mean: [5.42233813405e-08, 5.4755488236e-05, 0.000313187076245, 0.00023139581026, 0.000763619609643, 0.000836299383081, 0.000349187816028, 0.000207933742786, 0.000478111032862, 0.000543808448128, 0.000202339942916, 9.56282237894e-05, 0.000130913816974, 1.95225511561e-05, 2.05713240575e-05, 2.24141967919e-05, 1.71722840605e-05, 1.84398086276e-05, 2.522666e-05, 3.15951147059e-05, 1.70749135577e-05, 7.0036157922e-06, 1.73538671788e-06, 7.13321810508e-07, 7.38640665077e-07, 1.58150204044e-08, 1.40914524493e-09]
        min: [5.96389604368e-11, 3.55639173222e-07, 1.88041212823e-06, 2.05945684684e-06, 4.66709298053e-06, 1.57545218826e-06, 1.12046755874e-07, 2.38662011043e-07, 2.10971606407e-07, 1.81314547376e-07, 6.32425951608e-08, 2.00888088386e-08, 1.35020155057e-08, 2.22561045149e-08, 1.16870504385e-08, 1.87456858924e-08, 5.59455486382e-08, 2.18504183636e-08, 6.62881589619e-08, 1.15883452168e-07, 5.9594238877e-08, 3.95239574402e-09, 4.28608348813e-09, 1.37517086607e-09, 1.17166498725e-09, 1.24293866866e-10, 5.16305782036e-14]
        var: [2.71510976679e-13, 9.35883370801e-09, 1.87836192822e-07, 1.08851402558e-07, 8.52728533118e-07, 5.76866113988e-07, 1.70234642383e-07, 7.05291469671e-08, 5.22422624272e-07, 7.64815126786e-07, 2.54667668287e-07, 8.14453926523e-08, 5.81245103604e-07, 4.16412548887e-09, 2.1773629566e-09, 2.14493001138e-09, 3.63847640905e-09, 2.84134782369e-09, 5.9989568868e-09, 9.21664167208e-09, 3.06664205141e-09, 5.71198921495e-10, 3.51255240172e-11, 5.41393796114e-12, 3.67116276614e-12, 3.06339989759e-15, 6.72725213412e-16]
    mfcc:
        mean: [-812.97265625, 178.255126953, 1.91276299953, 36.0900878906, -26.9776878357, -19.8055019379, -2.33205604553, -7.11301994324, 1.4167444706, -12.2743282318, -10.9479722977, -13.8736515045, -2.7809419632]
        cov: [[4110.63378906, -1259.32214355, -692.203918457, -357.139373779, -474.583465576, 105.268569946, -141.802658081, -5.25128030777, -214.126419067, 107.177528381, 46.2419891357, 102.884674072, -96.9784927368], [-1259.32214355, 1220.78942871, 117.669769287, 22.6308059692, 27.9454631805, -105.99155426, 3.04946923256, 9.72659397125, 55.0704193115, -58.5675125122, -34.0450744629, -32.7448158264, 104.533905029], [-692.203918457, 117.669769287, 489.102355957, 110.440742493, 167.111862183, -9.19075870514, 59.8008346558, -44.0784759521, -1.89976751804, -23.1309928894, 45.5818252563, 40.24634552, 28.2467746735], [-357.139373779, 22.6308059692, 110.440742493, 193.152099609, 97.6780319214, 37.6781158447, 3.05777931213, 22.8995380402, 17.6233291626, 15.1856269836, -2.43142390251, 5.22339487076, -14.6683549881], [-474.583465576, 27.9454631805, 167.111862183, 97.6780319214, 236.872741699, 41.590133667, 61.213142395, -23.1381072998, 37.8710479736, -9.55282020569, 20.3354663849, 5.90150308609, -6.57848739624], [105.268569946, -105.99155426, -9.19075870514, 37.6781158447, 41.590133667, 138.197982788, 57.9569664001, 29.6069717407, -41.9908676147, -7.76134061813, 4.20957565308, 35.9128684998, -2.54332184792], [-141.802658081, 3.04946923256, 59.8008346558, 3.05777931213, 61.213142395, 57.9569664001, 144.373733521, 41.1650772095, -3.53137159348, -45.4532241821, -15.8048677444, -2.10731935501, 20.4156036377], [-5.25128030777, 9.72659397125, -44.0784759521, 22.8995380402, -23.1381072998, 29.6069717407, 41.1650772095, 128.419281006, 64.5957336426, 15.7082357407, -59.7420158386, -60.1153373718, -27.9976348877], [-214.126419067, 55.0704193115, -1.89976751804, 17.6233291626, 37.8710479736, -41.9908676147, -3.53137159348, 64.5957336426, 179.580352783, 87.4174804688, -33.5486907959, -111.329452515, -56.0109596252], [107.177528381, -58.5675125122, -23.1309928894, 15.1856269836, -9.55282020569, -7.76134061813, -45.4532241821, 15.7082357407, 87.4174804688, 157.274612427, 35.3536949158, -39.1232643127, -69.3136444092], [46.2419891357, -34.0450744629, 45.5818252563, -2.43142390251, 20.3354663849, 4.20957565308, -15.8048677444, -59.7420158386, -33.5486907959, 35.3536949158, 109.328330994, 69.1190795898, 7.31790924072], [102.884674072, -32.7448158264, 40.24634552, 5.22339487076, 5.90150308609, 35.9128684998, -2.10731935501, -60.1153373718, -111.329452515, -39.1232643127, 69.1190795898, 149.481933594, 58.7961273193], [-96.9784927368, 104.533905029, 28.2467746735, -14.6683549881, -6.57848739624, -2.54332184792, 20.4156036377, -27.9976348877, -56.0109596252, -69.3136444092, 7.31790924072, 58.7961273193, 114.261985779]]
        icov: [[0.000675198505633, 0.000540693057701, 0.000398424890591, 0.000778155575972, 0.000514544255566, -0.000247177435085, 0.000260072672972, -0.000275681552012, 0.000637629244011, -0.000555106031243, 9.9458025943e-05, -0.000312537275022, 0.000120191143651], [0.000540693057701, 0.00146859977394, 0.000174814078491, 0.000466980505735, 0.000261358916759, 0.000530606077518, 0.000351001042873, -0.000608809874393, 0.000278715771856, -0.000267732859356, 1.01346959127e-05, 8.25856914162e-05, -0.00112189142965], [0.000398424890591, 0.000174814078491, 0.00358779751696, -0.0010841054609, -0.00125129206572, 0.00169885868672, -0.00153861613944, 0.000334935291903, 0.000809385674074, -0.000518275541253, -0.000725370307919, -0.000565845228266, -0.000105146013084], [0.000778155575972, 0.000466980505735, -0.0010841054609, 0.00971429422498, -0.00342363701202, -0.00179942999966, 0.00394125981256, -0.00431892136112, 0.00240004109219, -0.00205198745243, 0.0014749893453, -0.00108254759107, 0.000142971708556], [0.000514544255566, 0.000261358916759, -0.00125129206572, -0.00342363701202, 0.0112887080759, -0.00428307894617, -0.00344847608358, 0.00684898812324, -0.00707909651101, 0.00354866986163, -0.000997460563667, -0.00136359746102, 0.00236447923817], [-0.000247177435085, 0.000530606077518, 0.00169885868672, -0.00179942999966, -0.00428307894617, 0.015385963954, -0.0047891875729, -0.00551156280562, 0.00685275858268, -0.0040066819638, 0.000945194100495, -0.00245310296305, 0.00038532045437], [0.000260072672972, 0.000351001042873, -0.00153861613944, 0.00394125981256, -0.00344847608358, -0.0047891875729, 0.0141198262572, -0.00644563371316, 0.000810776022263, 0.00317845982499, -0.00206357170828, 0.00240179849789, -0.00239960174076], [-0.000275681552012, -0.000608809874393, 0.000334935291903, -0.00431892136112, 0.00684898812324, -0.00551156280562, -0.00644563371316, 0.0208236575127, -0.00943674799055, 0.00128829618916, 0.00633595930412, -0.0011757214088, 0.00256632873788], [0.000637629244011, 0.000278715771856, 0.000809385674074, 0.00240004109219, -0.00707909651101, 0.00685275858268, 0.000810776022263, -0.00943674799055, 0.0227654613554, -0.0110217891634, 0.000616495090071, 0.00893029756844, -0.00247921748087], [-0.000555106031243, -0.000267732859356, -0.000518275541253, -0.00205198745243, 0.00354866986163, -0.0040066819638, 0.00317845982499, 0.00128829618916, -0.0110217891634, 0.0182519536465, -0.00897206179798, 0.000472958054161, 0.00550178484991], [9.9458025943e-05, 1.01346959127e-05, -0.000725370307919, 0.0014749893453, -0.000997460563667, 0.000945194100495, -0.00206357170828, 0.00633595930412, 0.000616495090071, -0.00897206179798, 0.0221787393093, -0.0101189073175, 0.000974678841885], [-0.000312537275022, 8.25856914162e-05, -0.000565845228266, -0.00108254759107, -0.00136359746102, -0.00245310296305, 0.00240179849789, -0.0011757214088, 0.00893029756844, 0.000472958054161, -0.0101189073175, 0.0215014629066, -0.00694172969088], [0.000120191143651, -0.00112189142965, -0.000105146013084, 0.000142971708556, 0.00236447923817, 0.00038532045437, -0.00239960174076, 0.00256632873788, -0.00247921748087, 0.00550178484991, 0.000974678841885, -0.00694172969088, 0.0167586244643]]
    spectral_contrast:
        mean: [2.89387315888e-07, -4.0554866132e-08, 8.86043380888e-07, -1.25991007849e-07, -3.99317258371e-07, 4.0609052121e-07, -1.42224814681e-06, 2.67740006166e-06, 3.579394388e-06, 4.51640653409e-06, 1.49147084016e-07, -1.27689406781e-06]
        var: [0.0002866347495, 0.000622894091066, 0.00319340685382, 0.00397527497262, 0.00643836660311, 0.0100675234571, 0.0339807495475, 0.0980085879564, 0.141733512282, 0.312674820423, 0.455784648657, 2.73408174515]

rhythm:
    beats_loudness:
        dmean: 0.00399278383702
        dmean2: 0.0075471624732
        dvar: 1.06211182356e-05
        dvar2: 3.17288941005e-05
        max: 0.0147137204185
        mean: 0.00577982887626
        min: 0.00197382317856
        var: 1.11644467324e-05
    beats_loudness_bass:
        dmean: 0.169603273273
        dmean2: 0.340341299772
        dvar: 0.010787117295
        dvar2: 0.0369704961777
        max: 0.383330971003
        mean: 0.145326882601
        min: 0.0333359017968
        var: 0.0115225128829
    bpm: 105.205879211
    bpm_confidence: 0
    first_peak_bpm: 105
    first_peak_spread: 0.0588235259056
    first_peak_weight: 0.941176474094
    onset_rate: 4.11205244064
    second_peak_bpm: 0
    second_peak_spread: 0
    second_peak_weight: 0
    beats_position: [0.308695465326, 0.87881064415, 1.44892585278, 2.0190410614, 2.58915615082, 3.15927147865, 3.72938656807, 4.2995018959, 4.86961698532, 5.43973207474, 6.00180196762, 6.57241249084, 7.14302301407, 7.71363353729, 8.28424358368, 8.85485458374, 9.42546463013, 9.99607563019]
    bpm_estimates: [105.373474121, 105.412063599, 104.64541626, 104.82408905, 105.326087952, 105.488243103, 105.32081604, 105.339622498, 105.453857422, 105.15537262, 105.209510803, 104.95160675, 105.182670593, 105.001060486, 105.404342651]
    bpm_intervals: [0.570115208626, 0.570115208626, 0.570115208626, 0.570115089417, 0.570115327835, 0.570115089417, 0.570115327835, 0.570115089417, 0.570115089417, 0.562069892883, 0.570610523224, 0.570610523224, 0.570610523224, 0.570610046387, 0.570611000061, 0.570610046387, 0.570611000061]
    onset_times: [0.0464399084449, 0.301859408617, 0.882358253002, 0.975238084793, 1.1261677742, 1.45124721527, 1.75310659409, 1.89242625237, 2.06657600403, 2.19428563118, 2.55419492722, 2.85605430603, 3.07664394379, 3.42494320869, 3.72680282593, 3.97061228752, 4.1099319458, 4.21442174911, 4.48145103455, 4.65560102463, 4.88780021667, 5.64244890213, 5.74693870544, 6.025578022, 6.32743787766, 6.5015873909, 6.65251684189, 6.76861667633, 6.91954660416, 7.16335582733, 7.44199562073, 7.75546503067, 8.01088428497, 8.31274414062, 8.67265319824, 8.80036258698, 8.96290206909, 9.07900238037, 9.21832180023, 9.47374153137, 10.0310201645, 10.2167797089]
    rubato_start: []
    rubato_stop: []
    perceptual_tempo: "unknown"

sfx:
    inharmonicity:
        dmean: 0.0165005195886
        dmean2: 0.0294167138636
        dvar: 0.000507345248479
        dvar2: 0.00142696907278
        max: 0.16439551115
        mean: 0.0145437652245
        min: 2.20808624363e-06
        var: 0.000464249635115
    oddtoevenharmonicenergyratio:
        dmean: 9.70782566071
        dmean2: 19.0851459503
        dvar: 3629.96704102
        dvar2: 10828.1582031
        max: 743.413146973
        mean: 5.21575593948
        min: 2.22498456424e-05
        var: 1841.36901855
    pitch_after_max_to_before_max_energy_ratio: 2.89997839928
    pitch_centroid: 209.456436157
    pitch_max_to_total: 0.138636365533
    pitch_min_to_total: 0.802272737026
    tristimulus:
        dmean: [0.255565166473, 0.250908762217, 0.0375127717853]
        dmean2: [0.46000996232, 0.451699078083, 0.0648148953915]
        dvar: [0.0566869229078, 0.0552878640592, 0.00229937233962]
        dvar2: [0.149980679154, 0.144526198506, 0.00569726061076]
        max: [0.987189888954, 0.978051006794, 0.327232241631]
        mean: [0.62620049715, 0.329661011696, 0.0378582254052]
        min: [0.0113202538341, 0, 0]
        var: [0.0784427449107, 0.0746098160744, 0.00272961799055]

tonal:
    chords_changes_rate: 0.0678733065724
    chords_number_rate: 0.0180995482951
    chords_strength:
        dmean: 0.00995580572635
        dmean2: 0.00874875113368
        dvar: 5.89217561355e-05
        dvar2: 7.46998339309e-05
        max: 0.646395862103
        mean: 0.534242093563
        min: 0.406755238771
        var: 0.00337030016817
    key_strength: 0.761074304581
    tuning_diatonic_strength: 0.599659740925
    tuning_equal_tempered_deviation: 0.151691913605
    tuning_frequency: 445.627075195
    tuning_nontempered_energy_ratio: 0.81291872263
    hpcp:
        dmean: [0.13376891613, 0.116307459772, 0.13711874187, 0.168752998114, 0.143931105733, 0.140922784805, 0.123338393867, 0.0844857245684, 0.0778320580721, 0.0832972377539, 0.0962370857596, 0.12131626904, 0.14254771173, 0.0945824161172, 0.0827917456627, 0.0751120075583, 0.0779279768467, 0.124226801097, 0.133626207709, 0.06756927073, 0.0317975655198, 0.0398480333388, 0.0438749007881, 0.0694858953357, 0.0809437260032, 0.0933323502541, 0.14621438086, 0.16697332263, 0.0790608003736, 0.0441919900477, 0.0319668278098, 0.0317353270948, 0.0755213201046, 0.116344876587, 0.107463829219, 0.109802186489]
        dmean2: [0.228254616261, 0.201073840261, 0.227933689952, 0.283495247364, 0.250459223986, 0.23551671207, 0.197631970048, 0.146672427654, 0.144352123141, 0.153773322701, 0.175045326352, 0.198291555047, 0.24080260098, 0.159493386745, 0.147491276264, 0.131893575191, 0.130494832993, 0.187461614609, 0.210103943944, 0.112672202289, 0.0496037192643, 0.062947511673, 0.0739826709032, 0.118074573576, 0.127861738205, 0.149669930339, 0.238753676414, 0.270087242126, 0.124825999141, 0.0770738571882, 0.0534935556352, 0.054363630712, 0.114654712379, 0.193214446306, 0.173916876316, 0.17966145277]
        dvar: [0.0619302541018, 0.0261484012008, 0.0360072739422, 0.0565881989896, 0.0369484610856, 0.0439315326512, 0.0385092645884, 0.0261285565794, 0.0247965920717, 0.0265597328544, 0.0280196722597, 0.0220689401031, 0.0416054800153, 0.0135256033391, 0.0181322731078, 0.0190265085548, 0.0168265998363, 0.0313709639013, 0.0421624071896, 0.0159279387444, 0.00418128073215, 0.0122738769278, 0.00741951633245, 0.0103625608608, 0.0180036723614, 0.014336344786, 0.0488038510084, 0.0541988685727, 0.0147619936615, 0.00821068976074, 0.00389340310358, 0.00246769981459, 0.0145499771461, 0.0500230453908, 0.0330268442631, 0.0319980531931]
        dvar2: [0.126811727881, 0.070039704442, 0.084201566875, 0.129903703928, 0.0986941084266, 0.105466358364, 0.0759293138981, 0.069399125874, 0.0691391304135, 0.0742788165808, 0.0768887326121, 0.0436823517084, 0.10028141737, 0.0372786484659, 0.0489784739912, 0.0512207187712, 0.0425850786269, 0.0674484968185, 0.0956029817462, 0.0385556668043, 0.00861774105579, 0.0206423234195, 0.0159256290644, 0.0262084081769, 0.0460177026689, 0.0327305085957, 0.100824907422, 0.0965479835868, 0.0274900067598, 0.0213544089347, 0.00972000230104, 0.0061994092539, 0.0313802063465, 0.0902177765965, 0.0777733325958, 0.0709962323308]
        max: [1, 1, 1, 1, 1, 1, 1, 1, 0.706006407738, 0.93710231781, 1, 1, 1, 0.620535373688, 0.840101420879, 1, 1, 1, 1, 1, 0.65111976862, 1, 0.750235915184, 0.73303103447, 1, 1, 1, 1, 1, 0.729077517986, 0.522914230824, 0.472622871399, 1, 1, 1, 1]
        mean: [0.176233351231, 0.130843579769, 0.20816449821, 0.278552800417, 0.178975909948, 0.189877405763, 0.185774460435, 0.0846893489361, 0.0489420033991, 0.0523803196847, 0.0828586742282, 0.181614503264, 0.183839276433, 0.0896863788366, 0.06986900419, 0.0650486126542, 0.100993618369, 0.229600116611, 0.228142559528, 0.0829805508256, 0.030141286552, 0.0381379649043, 0.0397082231939, 0.0805614963174, 0.10622780025, 0.197114408016, 0.384104430676, 0.332801729441, 0.130183517933, 0.0561417937279, 0.0353029072285, 0.0365743562579, 0.133820280433, 0.192806467414, 0.114294946194, 0.118164889514]
        min: [6.84374463162e-05, 0.00016372097889, 0.00011197628919, 0.000149865431013, 0.00030540060834, 7.73834835854e-05, 0.000124176338431, 7.36903966754e-05, 9.74161885097e-05, 6.56678457744e-05, 0.000109715176222, 0.000839582935441, 0.000654428964481, 0.000108588195872, 0, 5.56240629521e-05, 0.000171578969457, 7.5986754382e-05, 7.6127689681e-05, 0.000138795076055, 0.000140178526635, 7.68422032706e-05, 5.50779113837e-05, 0.000103497521195, 0, 0, 0, 0.000116286049888, 7.30280007701e-05, 5.06901560584e-05, 5.68089672015e-05, 0, 0.000107593717985, 8.04065202828e-05, 0.000117041490739, 6.61135054543e-05]
        var: [0.104656226933, 0.03855926916, 0.071072794497, 0.123312391341, 0.0474685318768, 0.0826963707805, 0.0885132774711, 0.0255933739245, 0.015395780094, 0.0170158222318, 0.0217757634819, 0.0554211139679, 0.062297988683, 0.0144376475364, 0.013870309107, 0.0149611411616, 0.0279769785702, 0.0853448659182, 0.0965520814061, 0.0257328674197, 0.00526811741292, 0.0153916636482, 0.0072508379817, 0.0137041835114, 0.0280067771673, 0.0410728119314, 0.153843790293, 0.115114219487, 0.0353855863214, 0.015337488614, 0.00526230083779, 0.00325050903484, 0.0319253355265, 0.0884903073311, 0.0426150001585, 0.0405378676951]
    chords_histogram: [9.95475101471, 0, 19.9095020294, 0, 0, 0, 0, 0, 0, 0.452488690615, 0, 0, 0, 0, 0, 47.0588226318, 0, 0, 0, 22.6244335175, 0, 0, 0, 0]
    thpcp: [1, 0.866435527802, 0.338927417994, 0.146162837744, 0.0919096618891, 0.0952198207378, 0.348395556211, 0.501963675022, 0.297562152147, 0.307637393475, 0.458816230297, 0.340645849705, 0.54194766283, 0.725200712681, 0.465956389904, 0.494337975979, 0.483656138182, 0.220485210419, 0.127418488264, 0.136370003223, 0.215719133615, 0.472825855017, 0.478617966175, 0.233494773507, 0.181901067495, 0.169351369143, 0.2629327178, 0.59775441885, 0.59395968914, 0.216036438942, 0.0784715935588, 0.0992906168103, 0.103378720582, 0.209738522768, 0.2765596807, 0.513179183006]
    chords_key: "D#"
    chords_scale: "minor"
    key_key: "A#"
    key_scale: "major"
    chords_progression: ["F", "F", "F", "F", "F", "F", "F", "F", "Fm", "Fm", "Fm", "Fm", "Fm", "Fm", "Fm", "Fm", "Fm", "Fm", "Fm", "Fm", "Fm", "F", "F", "F", "F", "F", "F", "Fm", "Fm", "Fm", "Fm", "F", "F", "F", "F", "F", "F", "F", "A#", "A#", "A#", "A#", "A#", "A#", "D#m", "D#m", "D#m", "D#m", "D#m", "D#m", "D#m", "D#m", "D#m", "D#m", "D#m", "D#m", "D#m", "D#m", "D#m", "D#m", "D#m", "D#m", "D#m", "D#m", "D#m", "D#m", "D#m", "D#m", "D#m", "D#m", "D#m", "D#m", "D#m", "D#m", "D#m", "D#m", "D#m", "D#m", "D#m", "D#m", "D#m", "D#m", "D#m", "D#m", "D#m", "D#m", "D#m", "D#m", "D#m", "D#m", "D#m", "D#m", "D#m", "D#m", "D#m", "D#m", "D#m", "A#", "A#", "A#", "F#m", "F", "F", "Fm", "Fm", "Fm", "Fm", "Fm", "Fm", "Fm", "Fm", "Fm", "Fm", "Fm", "Fm", "Fm", "Fm", "Fm", "Fm", "F", "F", "F", "F", "F", "F", "F", "F", "F", "F", "F", "F", "F", "F", "F", "F", "A#", "A#", "A#", "A#", "A#", "A#", "A#", "A#", "A#", "A#", "A#", "A#", "A#", "D#m", "D#m", "D#m", "D#m", "D#m", "D#m", "D#m", "D#m", "D#m", "D#m", "D#m", "D#m", "D#m", "D#m", "D#m", "D#m", "D#m", "D#m", "D#m", "D#m", "D#m", "D#m", "D#m", "D#m", "D#m", "D#m", "D#m", "D#m", "D#m", "D#m", "D#m", "D#m", "D#m", "D#m", "D#m", "D#m", "D#m", "D#m", "D#m", "D#m", "D#m", "D#m", "D#m", "D#m", "D#m", "D#m", "D#m", "D#m", "D#m", "D#m", "D#m", "F", "F", "F", "F", "F", "Fm", "Fm", "Fm", "Fm", "Fm", "Fm", "Fm", "Fm", "Fm", "Fm", "Fm", "Fm", "Fm", "Fm", "Fm", "Fm", "Fm"]
