
metadata:
    version:
        essentia: "1.2.2"
    audio_properties:
        analysis_sample_rate: 44100
        bitrate: 128
        channels: 2
        equal_loudness: 1
        length: 10.0048980713
        replay_gain: -11.6089763641
        downmix: "mix"
    tags:
        track: 13
        year: 0
        album: "Splitted by Mp3Splt v. 2.1"
        artist: "From 002.00 To 002.10"
        comment: "http://mp3splt.sf.net"
        genre: ""
        title: "07 Shadowplay.mp3"

highlevel:
    ballroom:
        all:
            ChaChaCha: 0.125450178981
            Jive: 0.576454222202
            Quickstep: 0.0384918637574
            Rumba-American: 0.0029948966112
            Rumba-International: 0.0575949288905
            Rumba-Misc: 0.00865847151726
            Samba: 0.133786439896
            Tango: 0.00439131027088
            VienneseWaltz: 0.0383087620139
            Waltz: 0.0138689009473
        probability: 0.576454222202
        value: "Jive"
    culture:
        all:
            non_western: 0.10221901536
            western: 0.897780954838
        probability: 0.897780954838
        value: "western"
    gender:
        all:
            female: 0.931720554829
            male: 0.0682794600725
        probability: 0.931720554829
        value: "female"
    genre_dortmund:
        all:
            alternative: 0.119307987392
            blues: 0.0447684749961
            electronic: 0.0947643071413
            folkcountry: 0.0955345705152
            funksoulrnb: 0.0104085979983
            jazz: 0.035479772836
            pop: 0.126294195652
            raphiphop: 0.0102032320574
            rock: 0.463238865137
        probability: 0.463238865137
        value: "rock"
    genre_electronica:
        all:
            ambient: 0.156182363629
            dnb: 0.580129683018
            house: 0.0584029741585
            techno: 0.0988766178489
            trance: 0.106408335268
        probability: 0.580129683018
        value: "dnb"
    genre_rosamerica:
        all:
            cla: 0.0142223676667
            dan: 0.0470282137394
            hip: 0.00742205837741
            jaz: 0.00300061167218
            pop: 0.027532260865
            rhy: 0.00639081280679
            roc: 0.892614245415
            spe: 0.00178943015635
        probability: 0.892614245415
        value: "roc"
    genre_tzanetakis:
        all:
            blu: 0.0037646968849
            cla: 0.0125520993024
            cou: 0.0206702258438
            dis: 0.321579039097
            hip: 0.0198188181967
            jaz: 0.00919030234218
            met: 0.117987960577
            pop: 0.134038597345
            reg: 0.0627510473132
            roc: 0.297647207975
        probability: 0.321579039097
        value: "dis"
    live_studio:
        all:
            live: 0.00454626977444
            studio: 0.995453715324
        probability: 0.995453715324
        value: "studio"
    mood:
        all:
            Cluster1: 0.19849152863
            Cluster2: 0.0661629140377
            Cluster3: 0.560943901539
            Cluster4: 0.0492827221751
            Cluster5: 0.125118926167
        probability: 0.560943901539
        value: "Cluster3"
    mood_acoustic:
        all:
            acoustic: 0.0325907804072
            not_acoustic: 0.967409193516
        probability: 0.967409193516
        value: "not_acoustic"
    mood_aggressive:
        all:
            aggressive: 0.519956588745
            not_aggressive: 0.480043411255
        probability: 0.519956588745
        value: "aggressive"
    mood_electronic:
        all:
            electronic: 0.731895565987
            not_electronic: 0.268104434013
        probability: 0.731895565987
        value: "electronic"
    mood_happy:
        all:
            happy: 0.534463942051
            not_happy: 0.465536057949
        probability: 0.534463942051
        value: "happy"
    mood_party:
        all:
            not_party: 0.601603865623
            party: 0.398396104574
        probability: 0.601603865623
        value: "not_party"
    mood_relaxed:
        all:
            not_relaxed: 0.988028883934
            relaxed: 0.0119711142033
        probability: 0.988028883934
        value: "not_relaxed"
    mood_sad:
        all:
            not_sad: 0.721843421459
            sad: 0.278156578541
        probability: 0.721843421459
        value: "not_sad"
    rhythm:
        all:
            fast: 0.918971180916
            medium: 0.0300831049681
            slow: 0.0509456992149
        probability: 0.918971180916
        value: "fast"
    speech_music:
        all:
            music: 0.999699771404
            speech: 0.00030020045233
        probability: 0.999699771404
        value: "music"
    timbre:
        all:
            bright: 0.0409145317972
            dark: 0.959085464478
        probability: 0.959085464478
        value: "dark"
    voice_instrumental:
        all:
            instrumental: 0.413127601147
            voice: 0.586872398853
        probability: 0.586872398853
        value: "voice"

lowlevel:
    average_loudness: 0.929640889168
    barkbands_kurtosis:
        dmean: 1.30840837955
        dmean2: 2.19147706032
        dvar: 10.2746572495
        dvar2: 22.9332714081
        max: 40.8167533875
        mean: 0.585801184177
        min: -1.83807373047
        var: 29.9938220978
    barkbands_skewness:
        dmean: 0.522596299648
        dmean2: 0.804313898087
        dvar: 0.262600690126
        dvar2: 0.533588767052
        max: 5.93489980698
        mean: 0.663926124573
        min: -1.22610223293
        var: 1.38070142269
    barkbands_spread:
        dmean: 5.07275438309
        dmean2: 8.05763435364
        dvar: 23.7584705353
        dvar2: 56.0557060242
        max: 57.2297058105
        mean: 31.1634559631
        min: 2.49031472206
        var: 89.9883346558
    dissonance:
        dmean: 0.00954528339207
        dmean2: 0.0161155182868
        dvar: 0.000109064341814
        dvar2: 0.00028106206446
        max: 0.499999940395
        mean: 0.481074988842
        min: 0.417946904898
        var: 0.000190509774256
    hfc:
        dmean: 1.21690237522
        dmean2: 1.77626514435
        dvar: 2.37674427032
        dvar2: 5.00242757797
        max: 17.0858421326
        mean: 4.20415306091
        min: 3.79992548005e-06
        var: 10.8382720947
    pitch:
        dmean: 733.836791992
        dmean2: 1409.30432129
        dvar: 1266505.25
        dvar2: 3122824
        max: 4410
        mean: 903.481811523
        min: 43.06640625
        var: 1542654.5
    pitch_instantaneous_confidence:
        dmean: 0.0763616859913
        dmean2: 0.125979304314
        dvar: 0.0035131892655
        dvar2: 0.00942100211978
        max: 0.734200596809
        mean: 0.329991132021
        min: 0.141517460346
        var: 0.00967455003411
    pitch_salience:
        dmean: 0.0802301838994
        dmean2: 0.126723229885
        dvar: 0.00617281161249
        dvar2: 0.0135318813846
        max: 0.9772362113
        mean: 0.600209951401
        min: 0.187282264233
        var: 0.0121923573315
    silence_rate_20dB:
        dmean: 0
        dmean2: 0
        dvar: 0
        dvar2: 0
        max: 1
        mean: 1
        min: 1
        var: 0
    silence_rate_30dB:
        dmean: 0
        dmean2: 0
        dvar: 0
        dvar2: 0
        max: 1
        mean: 1
        min: 1
        var: 0
    silence_rate_60dB:
        dmean: 0.134570762515
        dmean2: 0.267441868782
        dvar: 0.116460829973
        dvar2: 0.247079834342
        max: 1
        mean: 0.578703701496
        min: 0
        var: 0.243805781007
    spectral_centroid:
        dmean: 257.725646973
        dmean2: 396.20916748
        dvar: 64398.5039062
        dvar2: 145360.40625
        max: 2581.43164062
        mean: 1174.7545166
        min: 179.681747437
        var: 230601.15625
    spectral_complexity:
        dmean: 2.73023247719
        dmean2: 4.26107215881
        dvar: 8.18768596649
        dvar2: 16.9668064117
        max: 30
        mean: 10.8654289246
        min: 0
        var: 45.4621620178
    spectral_crest:
        dmean: 2.51719069481
        dmean2: 3.96556138992
        dvar: 7.01398563385
        dvar2: 15.2798137665
        max: 21.7612285614
        mean: 7.55134534836
        min: 2.99923348427
        var: 13.7893333435
    spectral_decrease:
        dmean: 3.25861893025e-10
        dmean2: 4.78912021151e-10
        dvar: 2.40253859284e-19
        dvar2: 4.5198466989e-19
        max: -5.44444985226e-16
        mean: -8.13081102446e-10
        min: -3.76917341782e-09
        var: 4.62283378709e-19
    spectral_energy:
        dmean: 0.00131456472445
        dmean2: 0.00192342733499
        dvar: 3.77293144993e-06
        dvar2: 7.02002353137e-06
        max: 0.0152535336092
        mean: 0.00345008354634
        min: 2.39952679948e-09
        var: 7.92462014942e-06
    spectral_energyband_high:
        dmean: 6.83508915245e-05
        dmean2: 9.93306821329e-05
        dvar: 1.47261483008e-08
        dvar2: 3.61589016507e-08
        max: 0.00116716069169
        mean: 0.000134705813252
        min: 1.78189459715e-11
        var: 3.56870941687e-08
    spectral_energyband_low:
        dmean: 0.000178813599632
        dmean2: 0.000294388213661
        dvar: 7.10778067514e-08
        dvar2: 1.69041356912e-07
        max: 0.00231376988813
        mean: 0.000261653505731
        min: 4.85975357178e-11
        var: 7.39238359415e-08
    spectral_energyband_middle_high:
        dmean: 0.000350912596332
        dmean2: 0.000525083509274
        dvar: 1.70152276269e-07
        dvar2: 3.515949345e-07
        max: 0.00550633203238
        mean: 0.00132983620279
        min: 1.4062379039e-09
        var: 1.03685852082e-06
    spectral_energyband_middle_low:
        dmean: 0.0010471312562
        dmean2: 0.00159249408171
        dvar: 2.99128032566e-06
        dvar2: 5.69693565922e-06
        max: 0.011352240108
        mean: 0.00172387179919
        min: 9.25210241753e-10
        var: 4.34511593994e-06
    spectral_flatness_db:
        dmean: 0.0186218377203
        dmean2: 0.0269089415669
        dvar: 0.000299808045384
        dvar2: 0.000599331397098
        max: 0.313573002815
        mean: 0.172192111611
        min: 0.100722908974
        var: 0.00134127028286
    spectral_flux:
        dmean: 0.00911905616522
        dmean2: 0.0151980817318
        dvar: 0.000135860755108
        dvar2: 0.000385849416489
        max: 0.0915035530925
        mean: 0.0320358909667
        min: 4.89849662699e-05
        var: 0.000304922985379
    spectral_kurtosis:
        dmean: 1.7740842104
        dmean2: 2.928347826
        dvar: 6.00328969955
        dvar2: 14.9885883331
        max: 30.5689620972
        mean: 5.76975488663
        min: -0.400315761566
        var: 12.5797452927
    spectral_rms:
        dmean: 0.000308682501782
        dmean2: 0.000446072226623
        dvar: 1.48344994955e-07
        dvar2: 2.54212011441e-07
        max: 0.00385765428655
        mean: 0.00170071783941
        min: 1.53003327341e-06
        var: 4.7349769261e-07
    spectral_rolloff:
        dmean: 434.920532227
        dmean2: 722.391235352
        dvar: 310222.71875
        dvar2: 754257.6875
        max: 5534.03320312
        mean: 2411.41870117
        min: 193.798828125
        var: 951922.25
    spectral_skewness:
        dmean: 0.220886319876
        dmean2: 0.356164842844
        dvar: 0.065144687891
        dvar2: 0.143819063902
        max: 3.41681003571
        mean: 1.70469665527
        min: 0.581937074661
        var: 0.202410906553
    spectral_spread:
        dmean: 606730.1875
        dmean2: 753559.1875
        dvar: 590424899584
        dvar2: 900139646976
        max: 10623959
        mean: 4250701.5
        min: 1544744.75
        var: 2.77423377613e+12
    spectral_strongpeak:
        dmean: 0.204239740968
        dmean2: 0.363051742315
        dvar: 0.136786103249
        dvar2: 0.377306431532
        max: 2.51698875427
        mean: 0.259948313236
        min: 7.31418822397e-06
        var: 0.134339720011
    zerocrossingrate:
        dmean: 0.00886968523264
        dmean2: 0.0109174679965
        dvar: 7.15894930181e-05
        dvar2: 0.000106791892904
        max: 0.14697265625
        mean: 0.0735424086452
        min: 0.01708984375
        var: 0.000466553814476
    barkbands:
        dmean: [1.98780654159e-07, 6.66526175337e-05, 0.000138028524816, 0.0008010668098, 0.000373103597667, 0.00010976503836, 5.44865433767e-05, 2.87049497274e-05, 1.95064785657e-05, 1.70390921994e-05, 2.35432289628e-05, 2.38798911596e-05, 3.28381574946e-05, 6.61028971081e-05, 6.9628127676e-05, 0.000107330444735, 9.71491172095e-05, 7.08508741809e-05, 9.86699960777e-05, 8.31310171634e-05, 2.12955965253e-05, 6.32844285064e-06, 1.51219614963e-06, 2.92230606647e-06, 1.34838376198e-06, 1.63251758778e-08, 3.0043195709e-10]
        dmean2: [2.71256823225e-07, 0.000108904539957, 0.000244791910518, 0.00119670457207, 0.000657350232359, 0.000173140782863, 9.08203001018e-05, 4.50721017842e-05, 3.15017859975e-05, 2.83595218207e-05, 3.37887868227e-05, 3.90023051295e-05, 5.44616123079e-05, 0.000106609331851, 0.000115143593575, 0.000179749142262, 0.000164262426551, 0.000113184229122, 0.000147976810695, 0.00013249006588, 3.34184369422e-05, 9.67520099948e-06, 2.28524845625e-06, 4.64718186777e-06, 2.05958031074e-06, 2.34363071172e-08, 4.22504531361e-10]
        dvar: [7.73675557213e-13, 2.81349041842e-08, 4.2449638471e-08, 2.27351893045e-06, 3.4957233197e-07, 1.96302014643e-08, 5.60339508127e-09, 2.08241868194e-09, 9.86388082325e-10, 6.03841476821e-10, 2.57346677301e-09, 1.10440057099e-09, 5.26876986484e-09, 6.95039092946e-09, 8.95717100491e-09, 1.55407597902e-08, 1.72357701445e-08, 1.10896811734e-08, 1.61878759286e-08, 2.8685144926e-08, 1.76909431548e-09, 2.52675103063e-10, 1.26062918784e-11, 3.04103048299e-10, 1.97013325792e-11, 1.02616919241e-15, 7.18723503049e-18]
        dvar2: [8.19370233555e-13, 6.64267645334e-08, 1.21369012618e-07, 4.59932698504e-06, 1.00166664652e-06, 5.43076410509e-08, 1.44873970598e-08, 5.31651656033e-09, 2.33207897438e-09, 1.62989688413e-09, 3.94527477354e-09, 2.92694268822e-09, 1.35923103883e-08, 1.66986069416e-08, 2.43667326316e-08, 4.18231280719e-08, 4.51131505486e-08, 2.64638284619e-08, 3.47007471646e-08, 7.81124853688e-08, 4.44003234179e-09, 4.12857109611e-10, 2.40682144353e-11, 8.167531651e-10, 5.5829285639e-11, 1.99542899396e-15, 7.14352018948e-18]
        max: [1.80658353202e-05, 0.00091523420997, 0.00187466549687, 0.00959943514317, 0.00343255396001, 0.00142987049185, 0.00103945529554, 0.000617185782176, 0.000384549581213, 0.000248739583185, 0.00121913373005, 0.000352078350261, 0.00128200103063, 0.00145600701217, 0.00103081588168, 0.00135133590084, 0.00126335152891, 0.00116465787869, 0.0012963982299, 0.00199076463468, 0.000364605191862, 0.000294032943202, 4.52286294603e-05, 0.000291645992547, 6.38303390588e-05, 2.31709634591e-07, 5.70450495729e-08]
        mean: [1.82905196766e-07, 5.6918579503e-05, 0.000204572730581, 0.000866720394697, 0.000475823268062, 0.000199465284823, 9.21080136322e-05, 4.96881475556e-05, 3.6135676055e-05, 3.03004417219e-05, 5.03751507495e-05, 4.43608259957e-05, 5.79477273277e-05, 0.000134661691845, 0.000142675140523, 0.00021066008776, 0.000215534179006, 0.000150099411258, 0.000215970620047, 0.000159271236043, 3.81118406949e-05, 1.0819655472e-05, 2.75195156973e-06, 3.25586029248e-06, 1.65297547028e-06, 2.37782149526e-08, 3.31128208186e-10]
        min: [3.61288776674e-12, 1.97213079201e-11, 2.67558718237e-11, 3.41390041236e-11, 1.04206449025e-10, 1.28414612277e-10, 1.45320117051e-10, 1.87533821805e-10, 2.96050184367e-10, 1.33486041665e-10, 4.69399762115e-11, 5.07199109101e-11, 1.26726934502e-10, 4.7179544993e-11, 1.00682136239e-11, 1.28605667782e-10, 3.21964455097e-10, 4.87021589723e-10, 8.24363702301e-11, 3.85030896055e-12, 3.0566987743e-12, 8.3722031044e-12, 9.65418934032e-13, 6.6234333556e-13, 6.6854193622e-13, 4.63427094009e-13, 4.58255090504e-14]
        var: [9.22559771632e-13, 2.43740831962e-08, 3.39535226601e-08, 2.91741048386e-06, 3.02016900378e-07, 4.44711183434e-08, 1.44564191729e-08, 3.5292810896e-09, 1.9806207785e-09, 1.26766708242e-09, 1.61551927391e-08, 2.70823719006e-09, 7.34166105687e-09, 2.42004443152e-08, 2.04323473696e-08, 3.61960061923e-08, 5.03433987831e-08, 2.67067274962e-08, 4.9489955245e-08, 5.3706948222e-08, 3.37971184372e-09, 5.24817800329e-10, 2.7648029699e-11, 2.29950058994e-10, 1.86762584564e-11, 1.67330469345e-15, 7.55662742228e-18]
    mfcc:
        mean: [-751.950622559, 127.006797791, -51.9201431274, 53.9696083069, 12.4947500229, -3.82677817345, -2.85604286194, -15.6380586624, -8.30888748169, -5.81190109253, -10.469836235, -12.025560379, -6.23106956482]
        cov: [[5189.53710938, -1174.53430176, -557.475524902, -172.520553589, -166.907409668, -139.404434204, 56.467250824, 47.6542549133, -115.981811523, -65.5200500488, -91.0800247192, -58.4138145447, -64.1949081421], [-1174.53430176, 1101.23901367, -451.728546143, 0.443021804094, 74.1071777344, -22.6305770874, -80.5991287231, 39.9390563965, 27.6303634644, 23.5877723694, 86.506942749, 36.0545387268, 43.3348960876], [-557.475524902, -451.728546143, 834.586975098, 105.83216095, 30.804901123, 123.259017944, 62.3577804565, -64.5797042847, 22.7364330292, 16.7525081635, -53.5079727173, -16.5132465363, 8.01653671265], [-172.520553589, 0.443021804094, 105.83216095, 197.281860352, -2.73134160042, 28.6576538086, 48.9155769348, -51.4737472534, 29.1402645111, 30.8618488312, -22.4808330536, 12.1220626831, 0.0811438560486], [-166.907409668, 74.1071777344, 30.804901123, -2.73134160042, 117.203811646, 32.2411270142, -9.84834003448, -0.741901993752, 13.435049057, 21.4644870758, 30.5987091064, 3.27441358566, 12.7923336029], [-139.404434204, -22.6305770874, 123.259017944, 28.6576538086, 32.2411270142, 91.845375061, 28.8034038544, -4.38687324524, 15.9976549149, 14.4980964661, -3.49529314041, 4.23008728027, 7.46667766571], [56.467250824, -80.5991287231, 62.3577804565, 48.9155769348, -9.84834003448, 28.8034038544, 140.392547607, -3.48680496216, 41.0981521606, 19.8197307587, -41.2254142761, 11.3476495743, 3.1173183918], [47.6542549133, 39.9390563965, -64.5797042847, -51.4737472534, -0.741901993752, -4.38687324524, -3.48680496216, 87.2316589355, 7.61170959473, -11.8631334305, 19.7834434509, 6.01621437073, -0.19091039896], [-115.981811523, 27.6303634644, 22.7364330292, 29.1402645111, 13.435049057, 15.9976549149, 41.0981521606, 7.61170959473, 83.1645889282, 36.4251785278, -5.67167043686, 13.5429925919, 13.5955410004], [-65.5200500488, 23.5877723694, 16.7525081635, 30.8618488312, 21.4644870758, 14.4980964661, 19.8197307587, -11.8631334305, 36.4251785278, 60.9534606934, 14.8431167603, 19.8122119904, 9.88632392883], [-91.0800247192, 86.506942749, -53.5079727173, -22.4808330536, 30.5987091064, -3.49529314041, -41.2254142761, 19.7834434509, -5.67167043686, 14.8431167603, 88.1880340576, 23.9094429016, 12.7672586441], [-58.4138145447, 36.0545387268, -16.5132465363, 12.1220626831, 3.27441358566, 4.23008728027, 11.3476495743, 6.01621437073, 13.5429925919, 19.8122119904, 23.9094429016, 56.5702896118, 19.233795166], [-64.1949081421, 43.3348960876, 8.01653671265, 0.0811438560486, 12.7923336029, 7.46667766571, 3.1173183918, -0.19091039896, 13.5955410004, 9.88632392883, 12.7672586441, 19.233795166, 53.3957710266]]
        icov: [[0.000459475471871, 0.000789702346083, 0.000760539667681, -4.57821624877e-05, -4.98751178384e-05, -8.25066599646e-05, -7.078339695e-05, -0.000249946810072, 0.00045600355952, -0.000351696886355, 0.000252489873674, 0.000293720862828, -0.000393054564483], [0.000789702346083, 0.00281179021113, 0.00220025959425, -0.000730876810849, -0.000842808920424, -0.000635034404695, 0.000668114749715, -0.000663824146613, 0.000178012720426, -0.000394737755414, 0.000122441633721, 0.000432725762948, -0.001569846645], [0.000760539667681, 0.00220025959425, 0.00346170761622, -0.000838926294819, -0.000577888742555, -0.00248030060902, 0.000300168612739, 0.00023205470643, 0.000330388051225, -0.00025249493774, 0.000734526023734, 0.0009023140301, -0.00145921146031], [-4.57821624877e-05, -0.000730876810849, -0.000838926294819, 0.00760198477656, 0.00107118173037, -0.000793959770817, -0.00158345256932, 0.00407921243459, -0.00126419251319, -0.00137534015812, 0.000359002995538, -0.00150095426943, 0.00164530135226], [-4.98751178384e-05, -0.000842808920424, -0.000577888742555, 0.00107118173037, 0.0117993745953, -0.00367834675126, 0.000350060552591, 0.000952345260885, -0.000860242464114, -0.00255562574603, -0.00376467197202, 0.00251802010462, -0.000934984534979], [-8.25066599646e-05, -0.000635034404695, -0.00248030060902, -0.000793959770817, -0.00367834675126, 0.016310820356, -0.00246513215825, -0.00148724135943, 0.000423582067015, -0.000983472447842, 0.000269443175057, -0.000344607105944, -0.000337286764989], [-7.078339695e-05, 0.000668114749715, 0.000300168612739, -0.00158345256932, 0.000350060552591, -0.00246513215825, 0.0114855123684, -0.00156060815789, -0.00345007376745, -0.00146257260349, 0.0053931819275, -0.00292916689068, -0.000170429004356], [-0.000249946810072, -0.000663824146613, 0.00023205470643, 0.00407921243459, 0.000952345260885, -0.00148724135943, -0.00156060815789, 0.0168216004968, -0.00535382283852, 0.00617960933596, -0.00454613519832, -0.00179820298217, 0.00228203414008], [0.00045600355952, 0.000178012720426, 0.000330388051225, -0.00126419251319, -0.000860242464114, 0.000423582067015, -0.00345007376745, -0.00535382283852, 0.0211875475943, -0.0119872912765, 0.00377808557823, 0.000783054914791, -0.00367548293434], [-0.000351696886355, -0.000394737755414, -0.00025249493774, -0.00137534015812, -0.00255562574603, -0.000983472447842, -0.00146257260349, 0.00617960933596, -0.0119872912765, 0.0299826990813, -0.00625418964773, -0.00564015703276, 0.00182270549703], [0.000252489873674, 0.000122441633721, 0.000734526023734, 0.000359002995538, -0.00376467197202, 0.000269443175057, 0.0053931819275, -0.00454613519832, 0.00377808557823, -0.00625418964773, 0.0202460922301, -0.00682062609121, -0.00156159803737], [0.000293720862828, 0.000432725762948, 0.0009023140301, -0.00150095426943, 0.00251802010462, -0.000344607105944, -0.00292916689068, -0.00179820298217, 0.000783054914791, -0.00564015703276, -0.00682062609121, 0.0261583477259, -0.00746853277087], [-0.000393054564483, -0.001569846645, -0.00145921146031, 0.00164530135226, -0.000934984534979, -0.000337286764989, -0.000170429004356, 0.00228203414008, -0.00367548293434, 0.00182270549703, -0.00156159803737, -0.00746853277087, 0.0236974433064]]
    spectral_contrast:
        mean: [-3.08481702405e-07, -3.36827611136e-07, -1.31122007474e-07, -1.45065911283e-07, 1.40108946667e-08, -1.7922882023e-07, -4.41987111799e-07, 6.68318807584e-06, 1.1526100252e-06, -7.252128853e-07, 8.61294040533e-07, 8.00085217634e-06]
        var: [0.000436099624494, 0.000814272381831, 0.00125802250113, 0.00207421649247, 0.00234345416538, 0.00423096818849, 0.062405500561, 0.0867647305131, 0.104777738452, 0.414665192366, 0.756222903728, 2.46190810204]

rhythm:
    beats_loudness:
        dmean: 0.00344584370032
        dmean2: 0.00648418487981
        dvar: 4.96973507325e-06
        dvar2: 1.57616486831e-05
        max: 0.0126675432548
        mean: 0.00536815449595
        min: 0.000913688563742
        var: 1.06499383037e-05
    beats_loudness_bass:
        dmean: 0.193416059017
        dmean2: 0.3636084795
        dvar: 0.0126738734543
        dvar2: 0.036360219121
        max: 0.520923733711
        mean: 0.298810303211
        min: 0.0342548750341
        var: 0.0198309738189
    bpm: 148.479248047
    bpm_confidence: 0
    first_peak_bpm: 147
    first_peak_spread: 0.38095241785
    first_peak_weight: 0.590909063816
    onset_rate: 3.49828648567
    second_peak_bpm: 111
    second_peak_spread: 0
    second_peak_weight: 0.0454545468092
    beats_position: [0.486115187407, 0.893998205662, 1.30188119411, 1.70976412296, 2.11764717102, 2.52553009987, 2.93341326714, 3.3412964344, 3.74917936325, 4.15706253052, 4.56494522095, 4.97282838821, 5.38071155548, 5.78859424591, 6.32913970947, 6.73143339157, 7.13372802734, 7.53602170944, 7.93831634521, 8.34061050415, 8.74290466309, 9.14519786835, 9.54749298096]
    bpm_estimates: [145.730545044, 146.32144165, 149.702850342, 146.712432861, 147.683074951, 151.148300171, 147.438796997, 147.778396606, 149.653961182, 151.852111816, 149.313964844, 148.415084839]
    bpm_intervals: [0.407883018255, 0.407882988453, 0.407882928848, 0.407883048058, 0.407882928848, 0.407883167267, 0.407883167267, 0.407882928848, 0.407883167267, 0.40788269043, 0.407883167267, 0.407883167267, 0.40788269043, 0.540545463562, 0.402293682098, 0.402294635773, 0.402293682098, 0.402294635773, 0.402294158936, 0.402294158936, 0.402293205261, 0.40229511261]
    onset_times: [0.0580498874187, 0.476009070873, 0.719818592072, 0.9287981987, 1.13777780533, 1.31192743778, 1.75310659409, 2.12462592125, 2.56580495834, 2.94893431664, 3.19274377823, 3.39011335373, 3.78485250473, 4.23764181137, 4.60916090012, 5.0387301445, 5.4334692955, 5.87464857101, 6.07201814651, 6.26938772202, 6.66412687302, 7.10530614853, 7.53487539291, 7.91800451279, 8.28952407837, 8.64943313599, 8.76553249359, 8.85841274261, 8.95129299164, 9.05578231812, 9.18349170685, 9.287981987, 9.36925125122, 9.55501174927, 9.682721138]
    rubato_start: []
    rubato_stop: []
    perceptual_tempo: "unknown"

sfx:
    inharmonicity:
        dmean: 0.0425441861153
        dmean2: 0.0754098817706
        dvar: 0.00230716541409
        dvar2: 0.00623116036877
        max: 0.289417505264
        mean: 0.0450560674071
        min: 1.5748796045e-07
        var: 0.00243972358294
    oddtoevenharmonicenergyratio:
        dmean: 4.07615852356
        dmean2: 7.98435258865
        dvar: 439.923095703
        dvar2: 1359.37365723
        max: 261.323364258
        mean: 2.27597975731
        min: 4.9932091315e-06
        var: 227.580703735
    pitch_after_max_to_before_max_energy_ratio: 0.884637176991
    pitch_centroid: 223.929367065
    pitch_max_to_total: 0.554524362087
    pitch_min_to_total: 0.614849209785
    tristimulus:
        dmean: [0.247251406312, 0.24169382453, 0.123528473079]
        dmean2: [0.431567490101, 0.417548894882, 0.217631310225]
        dvar: [0.0408522710204, 0.0410357937217, 0.0125141572207]
        dvar2: [0.109143644571, 0.114028729498, 0.03240500018]
        max: [0.997770428658, 0.989952147007, 0.596332907677]
        mean: [0.437084555626, 0.380793809891, 0.127948865294]
        min: [0.00391757115722, 0, 0]
        var: [0.0636490434408, 0.055789809674, 0.0176702849567]

tonal:
    chords_changes_rate: 0.0324074067175
    chords_number_rate: 0.0185185186565
    chords_strength:
        dmean: 0.00848818477243
        dmean2: 0.00850089732558
        dvar: 4.60701194243e-05
        dvar2: 5.14880339324e-05
        max: 0.728234350681
        mean: 0.593041598797
        min: 0.430509060621
        var: 0.00614351220429
    key_strength: 0.691395878792
    tuning_diatonic_strength: 0.553089261055
    tuning_equal_tempered_deviation: 0.112750984728
    tuning_frequency: 442.804626465
    tuning_nontempered_energy_ratio: 0.761152803898
    hpcp:
        dmean: [0.105376437306, 0.0781539082527, 0.0559929087758, 0.0680245757103, 0.0913329720497, 0.158433750272, 0.220739841461, 0.20797213912, 0.196091517806, 0.219505161047, 0.187472060323, 0.14868491888, 0.12257784605, 0.132927507162, 0.152436688542, 0.183184474707, 0.169855803251, 0.135435730219, 0.131888523698, 0.158193781972, 0.285408586264, 0.318277329206, 0.276617527008, 0.200629919767, 0.116130314767, 0.0645201280713, 0.0770790725946, 0.104091197252, 0.116318918765, 0.137027278543, 0.164660304785, 0.165327578783, 0.194753602147, 0.171272262931, 0.109504140913, 0.0972355008125]
        dmean2: [0.18979164958, 0.142719969153, 0.0997306779027, 0.124219499528, 0.164661675692, 0.268123358488, 0.364513546228, 0.344812303782, 0.345753580332, 0.379085332155, 0.323623687029, 0.262449622154, 0.226368188858, 0.247980445623, 0.274782627821, 0.333552718163, 0.307551681995, 0.252114295959, 0.236554116011, 0.276016354561, 0.513101160526, 0.567974388599, 0.490236610174, 0.353130996227, 0.216551467776, 0.118922136724, 0.139544516802, 0.186484470963, 0.207001075149, 0.235793277621, 0.265764087439, 0.275196105242, 0.332529127598, 0.287596911192, 0.194660827518, 0.172021880746]
        dvar: [0.0281098484993, 0.0118902595714, 0.00635745143518, 0.008560070768, 0.0108592836186, 0.0228356271982, 0.0449623651803, 0.0424042828381, 0.0349825136364, 0.0604007579386, 0.046105530113, 0.0453040152788, 0.0344740524888, 0.0434154011309, 0.0334048308432, 0.045385915786, 0.0475499518216, 0.0453917756677, 0.0398423522711, 0.0426387600601, 0.0773963406682, 0.0757862329483, 0.0694703236222, 0.0597419925034, 0.0435280650854, 0.0188164319843, 0.0155278025195, 0.0195485204458, 0.0275231562555, 0.0324910953641, 0.0472645387053, 0.0375090427697, 0.0437715351582, 0.0365983471274, 0.0179550219327, 0.0173278097063]
        dvar2: [0.0877206251025, 0.0374856702983, 0.0174920093268, 0.023411590606, 0.0306914392859, 0.062845222652, 0.115388080478, 0.116126075387, 0.11944565177, 0.157821595669, 0.119257442653, 0.127358675003, 0.0978863611817, 0.1277667135, 0.095434859395, 0.130180925131, 0.133526220918, 0.1382419765, 0.1117458269, 0.120448283851, 0.246617376804, 0.229300633073, 0.204279139638, 0.166646033525, 0.123995743692, 0.0572303384542, 0.0465738214552, 0.0591398365796, 0.0832360461354, 0.0886716991663, 0.113679282367, 0.104966931045, 0.117629945278, 0.0895184203982, 0.0508878156543, 0.05209922418]
        max: [1, 0.57409465313, 0.759553015232, 0.80506169796, 0.5590711236, 1, 1, 1, 0.955619037151, 1, 1, 1, 1, 1, 1, 1, 1, 1, 1, 1, 1, 1, 1, 1, 1, 1, 0.828789770603, 1, 1, 1, 1, 1, 1, 1, 1, 1]
        mean: [0.144721478224, 0.105311922729, 0.0760791748762, 0.0836245492101, 0.115763224661, 0.226135075092, 0.37642800808, 0.326761752367, 0.250830262899, 0.33420163393, 0.272583812475, 0.139089167118, 0.115094989538, 0.125531256199, 0.202509850264, 0.278555423021, 0.216536030173, 0.136524617672, 0.130600348115, 0.152639180422, 0.314371168613, 0.493003517389, 0.393301814795, 0.199301734567, 0.105346381664, 0.0695531889796, 0.0946697890759, 0.140085086226, 0.147631302476, 0.189001530409, 0.299934983253, 0.296592742205, 0.264352738857, 0.232765674591, 0.135749816895, 0.127827301621]
        min: [0.00139965349808, 0.00213254382834, 0.00360634271055, 0.00300605222583, 0.00153087731451, 0.016001759097, 0.0218294914812, 0.00970218889415, 0.0044532972388, 0.000674076552968, 0.00200504995883, 0.00397110823542, 0.00284408591688, 0.00335424439982, 0.00430566864088, 0.00487884879112, 0.00305094802752, 0.00187458156142, 0.00187410542276, 0.00147586187813, 0.00480672810227, 0.00895140785724, 0.00317019014619, 0.00306476023979, 0.000964626786299, 0.00064166932134, 0.00121127546299, 0.00237180199474, 0.0014851357555, 0.00159562157933, 0.000516205676831, 0.00216755480506, 0.00667345244437, 0.00777734303847, 0.00667470507324, 0.00246176822111]
        var: [0.0385564975441, 0.0159286949784, 0.00690636271611, 0.00833182223141, 0.0123992050067, 0.0340092517436, 0.0882396101952, 0.0684107914567, 0.0377852506936, 0.1177970469, 0.0843940377235, 0.0387920998037, 0.0278844479471, 0.032604239881, 0.0443123243749, 0.0813341289759, 0.0626707747579, 0.0340265445411, 0.0348865538836, 0.0400890782475, 0.0825734585524, 0.107504323125, 0.0924970284104, 0.0596486032009, 0.0280434936285, 0.0117740845308, 0.0135676814243, 0.02392895706, 0.0329120345414, 0.046890668571, 0.114568606019, 0.0890006572008, 0.0512145794928, 0.0510461106896, 0.0164304394275, 0.0218958240002]
    chords_histogram: [11.5740737915, 12.5, 0, 0, 0, 0, 0, 38.4259262085, 0, 0, 0, 0, 0, 0, 0, 0, 0, 0, 0, 0, 0, 0, 0, 37.5]
    thpcp: [1, 0.79776674509, 0.404260277748, 0.213682815433, 0.141080513597, 0.192026600242, 0.284146219492, 0.299452841282, 0.38336750865, 0.608383059502, 0.60160368681, 0.536208629608, 0.472137957811, 0.275352627039, 0.25928273797, 0.293550610542, 0.213612928987, 0.154317706823, 0.16962261498, 0.234812170267, 0.458688557148, 0.76354020834, 0.662797987461, 0.508779883385, 0.677888929844, 0.552904367447, 0.282126128674, 0.233456730843, 0.254625469446, 0.410767555237, 0.565017104149, 0.439218014479, 0.276924222708, 0.264907538891, 0.309610724449, 0.63766515255]
    chords_key: "E"
    chords_scale: "major"
    key_key: "E"
    key_scale: "minor"
    chords_progression: ["C", "C", "C", "C", "C", "C", "C", "C", "C", "C", "C", "C", "C", "C", "C", "C", "C", "C", "C", "C", "C", "C", "C", "C", "C", "C", "C", "C", "C", "C", "C", "C", "C", "C", "C", "C", "C", "C", "C", "G", "G", "G", "G", "G", "G", "G", "G", "G", "G", "G", "G", "G", "G", "G", "G", "G", "G", "G", "G", "G", "G", "G", "G", "G", "G", "G", "Em", "Em", "Em", "E", "E", "E", "E", "E", "E", "E", "E", "E", "E", "E", "E", "E", "E", "E", "E", "E", "E", "E", "E", "E", "E", "E", "E", "E", "E", "E", "E", "E", "E", "E", "E", "E", "E", "E", "E", "E", "E", "E", "E", "E", "E", "E", "E", "E", "E", "E", "E", "E", "E", "E", "E", "E", "E", "E", "E", "E", "E", "E", "E", "E", "E", "E", "E", "E", "E", "E", "E", "E", "Em", "Em", "Em", "Em", "C", "C", "C", "C", "C", "C", "C", "C", "C", "C", "C", "C", "C", "C", "C", "C", "C", "C", "C", "C", "C", "C", "C", "C", "C", "C", "C", "C", "C", "C", "C", "C", "C", "C", "C", "C", "C", "C", "C", "C", "C", "C", "Em", "Em", "Em", "Em", "Em", "Em", "Em", "Em", "Em", "Em", "Em", "Em", "Em", "Em", "Em", "Em", "Em", "Em", "E", "E", "E", "E", "E", "E", "E", "E", "E", "E", "E", "E", "E", "E"]
