
metadata:
    version:
        essentia: "1.2.2"
    audio_properties:
        analysis_sample_rate: 44100
        bitrate: 128
        channels: 2
        equal_loudness: 1
        length: 10.0832653046
        replay_gain: -12.0043296814
        downmix: "mix"
    tags:
        track: 19
        year: 0
        album: "Splitted by Mp3Splt v. 2.1"
        artist: "From 003.00 To 003.10"
        comment: "http://mp3splt.sf.net"
        genre: ""
        title: "08 Chico-San.mp3"

highlevel:
    ballroom:
        all:
            ChaChaCha: 0.0144688123837
            Jive: 0.199383109808
            Quickstep: 0.529096186161
            Rumba-American: 0.0420267395675
            Rumba-International: 0.0186217818409
            Rumba-Misc: 0.0180434044451
            Samba: 0.0968969464302
            Tango: 0.0304185263813
            VienneseWaltz: 0.0356842651963
            Waltz: 0.0153602166101
        probability: 0.529096186161
        value: "Quickstep"
    culture:
        all:
            non_western: 0.159554392099
            western: 0.840445578098
        probability: 0.840445578098
        value: "western"
    gender:
        all:
            female: 0.917972564697
            male: 0.082027412951
        probability: 0.917972564697
        value: "female"
    genre_dortmund:
        all:
            alternative: 0.0592425391078
            blues: 0.0189211647958
            electronic: 0.0201454944909
            folkcountry: 0.070419460535
            funksoulrnb: 0.0273211598396
            jazz: 0.62292945385
            pop: 0.087792262435
            raphiphop: 0.00223428988829
            rock: 0.0909941568971
        probability: 0.62292945385
        value: "jazz"
    genre_electronica:
        all:
            ambient: 0.797308266163
            dnb: 0.0268438179046
            house: 0.0134235639125
            techno: 0.00324369431473
            trance: 0.159180641174
        probability: 0.797308266163
        value: "ambient"
    genre_rosamerica:
        all:
            cla: 0.00904734898359
            dan: 0.0178045779467
            hip: 0.00334527250379
            jaz: 0.937255680561
            pop: 0.0160196833313
            rhy: 0.00671123899519
            roc: 0.00724257621914
            spe: 0.00257361959666
        probability: 0.937255680561
        value: "jaz"
    genre_tzanetakis:
        all:
            blu: 0.00269437418319
            cla: 0.0184561051428
            cou: 0.01859087497
            dis: 0.0198493748903
            hip: 0.000870603951626
            jaz: 0.825591683388
            met: 0.000726807746105
            pop: 0.097020611167
            reg: 0.005665817298
            roc: 0.0105337370187
        probability: 0.825591683388
        value: "jaz"
    live_studio:
        all:
            live: 0.237794220448
            studio: 0.762205779552
        probability: 0.762205779552
        value: "studio"
    mood:
        all:
            Cluster1: 0.139003261924
            Cluster2: 0.394630759954
            Cluster3: 0.0971047878265
            Cluster4: 0.233647197485
            Cluster5: 0.135614007711
        probability: 0.394630759954
        value: "Cluster2"
    mood_acoustic:
        all:
            acoustic: 0.471727639437
            not_acoustic: 0.528272330761
        probability: 0.528272330761
        value: "not_acoustic"
    mood_aggressive:
        all:
            aggressive: 0.0110701629892
            not_aggressive: 0.98892980814
        probability: 0.98892980814
        value: "not_aggressive"
    mood_electronic:
        all:
            electronic: 0.069937415421
            not_electronic: 0.93006259203
        probability: 0.93006259203
        value: "not_electronic"
    mood_happy:
        all:
            happy: 0.366524457932
            not_happy: 0.633475542068
        probability: 0.633475542068
        value: "not_happy"
    mood_party:
        all:
            not_party: 0.842339336872
            party: 0.157660648227
        probability: 0.842339336872
        value: "not_party"
    mood_relaxed:
        all:
            not_relaxed: 0.10006955266
            relaxed: 0.899930417538
        probability: 0.899930417538
        value: "relaxed"
    mood_sad:
        all:
            not_sad: 0.227811962366
            sad: 0.772188067436
        probability: 0.772188067436
        value: "sad"
    rhythm:
        all:
            fast: 0.711293101311
            medium: 0.243479788303
            slow: 0.0452271066606
        probability: 0.711293101311
        value: "fast"
    speech_music:
        all:
            music: 0.993974149227
            speech: 0.00602587265894
        probability: 0.993974149227
        value: "music"
    timbre:
        all:
            bright: 0.549773991108
            dark: 0.450226008892
        probability: 0.549773991108
        value: "bright"
    voice_instrumental:
        all:
            instrumental: 0.889043867588
            voice: 0.110956147313
        probability: 0.889043867588
        value: "instrumental"

lowlevel:
    average_loudness: 0.912493407726
    barkbands_kurtosis:
        dmean: 0.641759216785
        dmean2: 1.04198932648
        dvar: 1.54731249809
        dvar2: 3.87853240967
        max: 17.8163204193
        mean: 0.0707582235336
        min: -1.67805218697
        var: 2.45342826843
    barkbands_skewness:
        dmean: 0.28609457612
        dmean2: 0.454166263342
        dvar: 0.113184891641
        dvar2: 0.239378884435
        max: 4.06534099579
        mean: 0.432422578335
        min: -0.896125495434
        var: 0.354192644358
    barkbands_spread:
        dmean: 4.20949172974
        dmean2: 6.36503314972
        dvar: 27.6753845215
        dvar2: 53.45677948
        max: 65.1148529053
        mean: 20.879278183
        min: 7.28158092499
        var: 152.187896729
    dissonance:
        dmean: 0.0364860333502
        dmean2: 0.0616765581071
        dvar: 0.00120238459203
        dvar2: 0.00305912340991
        max: 0.49949374795
        mean: 0.437572300434
        min: 0.102773986757
        var: 0.00191955314949
    hfc:
        dmean: 1.41466271877
        dmean2: 1.91601192951
        dvar: 4.93992614746
        dvar2: 9.43711662292
        max: 23.2147121429
        mean: 4.55457687378
        min: 0.000435970141552
        var: 20.9017276764
    pitch:
        dmean: 243.554672241
        dmean2: 473.31829834
        dvar: 680683.0625
        dvar2: 2034174.625
        max: 4410
        mean: 521.301940918
        min: 81.6666641235
        var: 491982.34375
    pitch_instantaneous_confidence:
        dmean: 0.0983364507556
        dmean2: 0.151748776436
        dvar: 0.0133646205068
        dvar2: 0.0277527477592
        max: 0.969541251659
        mean: 0.66721367836
        min: 0.156755149364
        var: 0.0561413876712
    pitch_salience:
        dmean: 0.0568496473134
        dmean2: 0.0879435390234
        dvar: 0.00328018073924
        dvar2: 0.00741191860288
        max: 0.90681797266
        mean: 0.703704953194
        min: 0.332700699568
        var: 0.0137734226882
    silence_rate_20dB:
        dmean: 0
        dmean2: 0
        dvar: 0
        dvar2: 0
        max: 1
        mean: 1
        min: 1
        var: 0
    silence_rate_30dB:
        dmean: 0
        dmean2: 0
        dvar: 0
        dvar2: 0
        max: 1
        mean: 1
        min: 1
        var: 0
    silence_rate_60dB:
        dmean: 0.0965517237782
        dmean2: 0.193548381329
        dvar: 0.0872299522161
        dvar2: 0.169911906123
        max: 1
        mean: 0.584862411022
        min: 0
        var: 0.242798745632
    spectral_centroid:
        dmean: 170.715927124
        dmean2: 255.487136841
        dvar: 46379.3554688
        dvar2: 103359.648438
        max: 3427.86865234
        mean: 1340.21618652
        min: 452.492828369
        var: 140796.0625
    spectral_complexity:
        dmean: 1.57603681087
        dmean2: 2.3602771759
        dvar: 3.42854833603
        dvar2: 6.62769794464
        max: 18
        mean: 6.99540233612
        min: 0
        var: 15.2459478378
    spectral_crest:
        dmean: 1.45241034031
        dmean2: 2.36122202873
        dvar: 2.25870537758
        dvar2: 5.4484744072
        max: 19.2116527557
        mean: 7.44861078262
        min: 3.20447039604
        var: 5.66039609909
    spectral_decrease:
        dmean: 2.08816394731e-10
        dmean2: 3.00859503977e-10
        dvar: 7.93269050872e-20
        dvar2: 1.53015113809e-19
        max: -5.63867529058e-14
        mean: -7.89167509119e-10
        min: -2.75196465616e-09
        var: 4.26080707677e-19
    spectral_energy:
        dmean: 0.000910485803615
        dmean2: 0.00129708810709
        dvar: 1.54701126576e-06
        dvar2: 2.95702875519e-06
        max: 0.0123879471794
        mean: 0.00339161232114
        min: 2.52360194963e-07
        var: 8.13169572211e-06
    spectral_energyband_high:
        dmean: 4.18330237153e-05
        dmean2: 6.289560406e-05
        dvar: 7.49293693758e-09
        dvar2: 1.69486131796e-08
        max: 0.000830036937259
        mean: 9.29488014663e-05
        min: 2.88720620745e-08
        var: 1.63561360011e-08
    spectral_energyband_low:
        dmean: 3.06156398437e-05
        dmean2: 4.81358183606e-05
        dvar: 2.60507659888e-09
        dvar2: 6.37726937924e-09
        max: 0.000504121242557
        mean: 4.58513422927e-05
        min: 6.84679202223e-10
        var: 3.91219412421e-09
    spectral_energyband_middle_high:
        dmean: 0.000696846225765
        dmean2: 0.000939165707678
        dvar: 1.13094949938e-06
        dvar2: 2.07630091609e-06
        max: 0.0109584620222
        mean: 0.00224194233306
        min: 1.25367975556e-07
        var: 5.57626844966e-06
    spectral_energyband_middle_low:
        dmean: 0.000324690685375
        dmean2: 0.000527129159309
        dvar: 2.57356276734e-07
        dvar2: 6.43732562366e-07
        max: 0.00652459962294
        mean: 0.00101087288931
        min: 9.73747305011e-08
        var: 1.17053139093e-06
    spectral_flatness_db:
        dmean: 0.0202801153064
        dmean2: 0.0296452660114
        dvar: 0.00039066944737
        dvar2: 0.000725487887394
        max: 0.305211544037
        mean: 0.167390376329
        min: 0.0683918073773
        var: 0.00188382470515
    spectral_flux:
        dmean: 0.00963832251728
        dmean2: 0.0153244715184
        dvar: 0.000130869550048
        dvar2: 0.000336134864483
        max: 0.0979279726744
        mean: 0.0248373504728
        min: 0.00479184929281
        var: 0.000257948908256
    spectral_kurtosis:
        dmean: 1.06534159184
        dmean2: 1.64086449146
        dvar: 1.21192038059
        dvar2: 2.91328120232
        max: 12.3795080185
        mean: 3.49020648003
        min: -0.120997905731
        var: 4.20329189301
    spectral_rms:
        dmean: 0.000255402817857
        dmean2: 0.000361710932339
        dvar: 1.00035897788e-07
        dvar2: 1.78137952389e-07
        max: 0.00347646395676
        mean: 0.00164810044225
        min: 1.56909227371e-05
        var: 5.9265641994e-07
    spectral_rolloff:
        dmean: 361.003570557
        dmean2: 589.651855469
        dvar: 241452.859375
        dvar2: 469224.28125
        max: 5835.49804688
        mean: 2309.94360352
        min: 473.73046875
        var: 820358.375
    spectral_skewness:
        dmean: 0.168205440044
        dmean2: 0.260013699532
        dvar: 0.0275323782116
        dvar2: 0.0496172457933
        max: 2.56878685951
        mean: 1.65169584751
        min: 0.635684967041
        var: 0.158545047045
    spectral_spread:
        dmean: 799034.375
        dmean2: 1146519.875
        dvar: 817521557504
        dvar2: 1.27323930624e+12
        max: 12012680
        mean: 6127378
        min: 3004664.75
        var: 3.20605546086e+12
    spectral_strongpeak:
        dmean: 0.359049737453
        dmean2: 0.607640564442
        dvar: 0.195442289114
        dvar2: 0.419967770576
        max: 3.34597396851
        mean: 0.861376166344
        min: 0.000307782262098
        var: 0.539436101913
    zerocrossingrate:
        dmean: 0.00780124915764
        dmean2: 0.00939687713981
        dvar: 5.67170973227e-05
        dvar2: 6.6668020736e-05
        max: 0.17138671875
        mean: 0.0803767070174
        min: 0.01123046875
        var: 0.000496536202263
    barkbands:
        dmean: [4.07532896318e-09, 8.66888149176e-06, 2.46460422204e-05, 4.68051475764e-05, 6.70132139931e-05, 0.000154302499141, 0.000141819269629, 4.80077360407e-05, 5.47724157514e-05, 4.91172504553e-05, 0.000186307661352, 9.51394395088e-05, 0.000189681784832, 6.79492368363e-05, 0.000107669446152, 5.13968516316e-05, 5.88770344621e-05, 6.63124810671e-05, 4.32018168794e-05, 5.37308005732e-05, 1.82948915608e-05, 4.50365268989e-06, 2.68746998699e-06, 1.20883214549e-06, 8.26396671982e-07, 4.75588031179e-08, 4.5599810039e-10]
        dmean2: [6.7149223959e-09, 1.44896830534e-05, 3.95040660806e-05, 7.95957021182e-05, 0.000112879533845, 0.000253233185504, 0.000234085207921, 7.00780001353e-05, 8.06631869636e-05, 6.83794496581e-05, 0.000261804321781, 0.000125555234263, 0.000271279364824, 9.04066328076e-05, 0.0001550654124, 7.68597165006e-05, 8.34929232951e-05, 0.000100705634395, 6.25934262644e-05, 8.01416535978e-05, 2.68617968686e-05, 7.48888851376e-06, 4.37611151938e-06, 1.81831251211e-06, 1.19823903333e-06, 6.77420217698e-08, 8.03751232237e-10]
        dvar: [4.86945642527e-17, 2.19889675912e-10, 2.07370254302e-09, 9.64292823369e-09, 2.42478765955e-08, 1.17982033032e-07, 3.91361005825e-08, 9.71898472812e-09, 1.41896414618e-08, 1.05914397253e-08, 1.27813194695e-07, 7.46834203369e-08, 1.21082663895e-07, 1.53937147473e-08, 2.81419882953e-08, 7.52098294754e-09, 1.0592842159e-08, 1.23252545947e-08, 5.31469934728e-09, 1.32961286425e-08, 1.57094648401e-09, 3.85178867968e-11, 1.464801197e-11, 2.88880508056e-12, 1.57153359336e-12, 6.60538569235e-15, 7.28043584825e-19]
        dvar2: [1.18828928681e-16, 5.46827971792e-10, 5.25507815041e-09, 2.7270722569e-08, 6.50181704032e-08, 3.36571417847e-07, 1.09881035826e-07, 1.86716313522e-08, 2.7021188842e-08, 1.80122423643e-08, 2.02029426077e-07, 1.32175983936e-07, 2.13358404721e-07, 2.52229543918e-08, 5.07882944589e-08, 1.5769877848e-08, 2.08373425181e-08, 2.56210430649e-08, 1.02466426455e-08, 2.86834804797e-08, 2.80002887543e-09, 9.68570987303e-11, 2.85286551327e-11, 6.01990202478e-12, 2.999714626e-12, 1.50667340746e-14, 1.94874219061e-18]
        max: [6.89950994115e-08, 0.0001454524172, 0.000408174411859, 0.000777511682827, 0.00221991701983, 0.00328738009557, 0.002083707368, 0.001415762119, 0.00189053255599, 0.00114266062155, 0.00400523468852, 0.00400250591338, 0.00339276529849, 0.00147780391853, 0.00179852615111, 0.00108813855331, 0.00142149580643, 0.00106060993858, 0.000753338390496, 0.0012006269535, 0.000638465280645, 6.90849046805e-05, 3.5921100789e-05, 1.79860016942e-05, 1.49347506522e-05, 7.80177742854e-07, 7.38292227354e-09]
        mean: [6.96833879488e-09, 1.35260188472e-05, 3.23186031892e-05, 5.20743815287e-05, 0.000115809758427, 0.000306319823721, 0.000330108130584, 9.24509076867e-05, 0.000111401728645, 0.000102552985481, 0.000563877460081, 0.000169673265191, 0.000523208058439, 0.000130501983222, 0.000256162806181, 8.90038572834e-05, 0.000122075492982, 0.000134895351948, 8.86091293069e-05, 9.79746619123e-05, 3.61605161743e-05, 1.02517651612e-05, 7.36858191885e-06, 3.19182709063e-06, 2.02381488634e-06, 6.7034221729e-08, 3.71296854373e-10]
        min: [5.27755790458e-12, 1.62635765966e-10, 4.86770790342e-10, 8.83780271188e-10, 9.09118114123e-09, 3.70093005131e-08, 2.41472051243e-08, 1.0595137212e-08, 1.38749376433e-08, 1.2482412437e-08, 1.31955557592e-08, 5.31354471534e-09, 1.24007391022e-08, 1.74822538668e-08, 1.42423415284e-08, 1.07205746502e-08, 1.90868085781e-08, 1.00615666909e-08, 7.78756348296e-09, 5.0722555045e-09, 1.53432875294e-08, 5.28904608998e-09, 3.13799519702e-09, 1.74707404099e-09, 4.26171459234e-10, 7.90581350385e-11, 9.93883252608e-13]
        var: [1.57242164007e-16, 4.33885066764e-10, 2.53965315444e-09, 1.0256521854e-08, 6.80932217278e-08, 2.76217633655e-07, 1.35988614147e-07, 3.61561447448e-08, 4.29758593157e-08, 3.6608369669e-08, 6.85131055889e-07, 1.79101490971e-07, 5.36879156243e-07, 5.09048945219e-08, 1.12117831463e-07, 2.06523242952e-08, 3.75269806341e-08, 3.36669891965e-08, 1.66584914751e-08, 3.40583241609e-08, 4.02541244782e-09, 7.585478079e-11, 3.62401011977e-11, 7.12840420372e-12, 5.06285551677e-12, 9.54083173414e-15, 5.53276348017e-19]
    mfcc:
        mean: [-747.401550293, 94.0683746338, -44.1356201172, 17.0543632507, -14.1882915497, -5.90698242188, -8.41950893402, -10.6262121201, -12.8904924393, -4.11557388306, -3.83788895607, -1.7321254015, 0.102763682604]
        cov: [[2637.85473633, 385.544464111, -772.472229004, -226.69102478, 75.4194107056, -123.92010498, -10.0758857727, -231.195571899, -129.369781494, -121.489196777, -112.595245361, -6.55972766876, 43.8347663879], [385.544464111, 494.882843018, -46.7099685669, -110.848777771, 5.48487281799, -6.37970876694, -36.7091445923, -83.3279876709, -75.325340271, -40.0488739014, -32.8506851196, -51.5273971558, -36.5690155029], [-772.472229004, -46.7099685669, 1122.58728027, 325.316040039, -23.5062446594, 64.446144104, 22.412853241, 132.045211792, 26.1447315216, 29.9849681854, 39.1510391235, -17.6678256989, -81.9145507812], [-226.69102478, -110.848777771, 325.316040039, 397.597351074, -2.17629337311, -7.481569767, 47.3985824585, 91.1530761719, 57.3741531372, 45.4238853455, 37.34815979, 44.1691207886, 1.74581468105], [75.4194107056, 5.48487281799, -23.5062446594, -2.17629337311, 127.991752625, 39.5257568359, 12.2082185745, 23.2773666382, 37.0957260132, 0.761711716652, -9.29058170319, 3.97376441956, 10.4750185013], [-123.92010498, -6.37970876694, 64.446144104, -7.481569767, 39.5257568359, 114.209953308, 47.563495636, 51.0823287964, 32.8819351196, 31.6362094879, 15.8114881516, 18.7789535522, 15.6171884537], [-10.0758857727, -36.7091445923, 22.412853241, 47.3985824585, 12.2082185745, 47.563495636, 73.9034042358, 44.9308586121, 28.1467323303, 27.8694915771, 22.1469802856, 27.747220993, 14.4045743942], [-231.195571899, -83.3279876709, 132.045211792, 91.1530761719, 23.2773666382, 51.0823287964, 44.9308586121, 111.937988281, 57.5016174316, 48.359992981, 32.5259475708, 39.4275169373, 15.7587003708], [-129.369781494, -75.325340271, 26.1447315216, 57.3741531372, 37.0957260132, 32.8819351196, 28.1467323303, 57.5016174316, 84.882774353, 39.4718399048, 18.222738266, 30.7205238342, 13.668753624], [-121.489196777, -40.0488739014, 29.9849681854, 45.4238853455, 0.761711716652, 31.6362094879, 27.8694915771, 48.359992981, 39.4718399048, 63.8646774292, 36.0293807983, 33.5819358826, 16.0048236847], [-112.595245361, -32.8506851196, 39.1510391235, 37.34815979, -9.29058170319, 15.8114881516, 22.1469802856, 32.5259475708, 18.222738266, 36.0293807983, 55.9254379272, 34.2348480225, 10.7539691925], [-6.55972766876, -51.5273971558, -17.6678256989, 44.1691207886, 3.97376441956, 18.7789535522, 27.747220993, 39.4275169373, 30.7205238342, 33.5819358826, 34.2348480225, 75.5200119019, 45.2688484192], [43.8347663879, -36.5690155029, -81.9145507812, 1.74581468105, 10.4750185013, 15.6171884537, 14.4045743942, 15.7587003708, 13.668753624, 16.0048236847, 10.7539691925, 45.2688484192, 67.9196243286]]
        icov: [[0.000732921354938, -0.000415016373154, 0.000294105266221, -6.34840398561e-05, -0.000727043952793, 0.000803697679657, -0.00131141208112, 0.000919507641811, 0.000639027392026, 6.83207981638e-05, 0.00112194905523, -0.00111657998059, 7.38410672056e-05], [-0.000415016373154, 0.00288723548874, -0.000207518416573, 0.000212974206079, -0.000399415352149, -0.00127914967015, 0.00104231364094, 0.000904720742255, 0.00174892682116, -0.0010149225127, -0.00013037394092, 0.000341131759342, 0.00117185001727], [0.000294105266221, -0.000207518416573, 0.00187759101391, -0.00148633972276, 0.000300226965919, -0.00156230921857, 0.00110992183909, -0.0015632287832, 0.00110697839409, 0.00107520446181, -0.000315210549161, -3.3159940358e-05, 0.00203723181039], [-6.34840398561e-05, 0.000212974206079, -0.00148633972276, 0.00485869590193, -0.000356685020961, 0.00387474894524, -0.00296081788838, -0.0011074107606, -0.00138589809649, -0.00122507638298, 0.000508023134898, -0.0011913276976, -0.000431723339716], [-0.000727043952793, -0.000399415352149, 0.000300226965919, -0.000356685020961, 0.0118946256116, -0.00463897688314, 0.00253211846575, -0.00242789648473, -0.00665378849953, 0.00456402683631, 0.000146993028466, 0.00223838468082, -0.00136765057687], [0.000803697679657, -0.00127914967015, -0.00156230921857, 0.00387474894524, -0.00463897688314, 0.0194519814104, -0.0112786134705, -0.00213735923171, -0.000208159341128, -0.00498037552461, 0.0024071931839, 0.000623294559773, -0.00364167569205], [-0.00131141208112, 0.00104231364094, 0.00110992183909, -0.00296081788838, 0.00253211846575, -0.0112786134705, 0.0270232837647, -0.00569752091542, -0.000668909633532, 0.000910735630896, -0.00491627817973, -0.00064339855453, 0.00174316205084], [0.000919507641811, 0.000904720742255, -0.0015632287832, -0.0011074107606, -0.00242789648473, -0.00213735923171, -0.00569752091542, 0.0247336663306, -0.0051912618801, -0.00605734717101, 0.000722796423361, -0.00456884363666, -0.000224818097195], [0.000639027392026, 0.00174892682116, 0.00110697839409, -0.00138589809649, -0.00665378849953, -0.000208159341128, -0.000668909633532, -0.0051912618801, 0.0266479868442, -0.0104620009661, 0.00526727270335, -0.00541616650298, 0.00419866340235], [6.83207981638e-05, -0.0010149225127, 0.00107520446181, -0.00122507638298, 0.00456402683631, -0.00498037552461, 0.000910735630896, -0.00605734717101, -0.0104620009661, 0.0380300581455, -0.0155218970031, -0.000513084931299, -0.00166521267965], [0.00112194905523, -0.00013037394092, -0.000315210549161, 0.000508023134898, 0.000146993028466, 0.0024071931839, -0.00491627817973, 0.000722796423361, 0.00526727270335, -0.0155218970031, 0.0372988954186, -0.015275974758, 0.00598473194987], [-0.00111657998059, 0.000341131759342, -3.3159940358e-05, -0.0011913276976, 0.00223838468082, 0.000623294559773, -0.00064339855453, -0.00456884363666, -0.00541616650298, -0.000513084931299, -0.015275974758, 0.0376950502396, -0.0198914669454], [7.38410672056e-05, 0.00117185001727, 0.00203723181039, -0.000431723339716, -0.00136765057687, -0.00364167569205, 0.00174316205084, -0.000224818097195, 0.00419866340235, -0.00166521267965, 0.00598473194987, -0.0198914669454, 0.0303630437702]]
    spectral_contrast:
        mean: [1.80680856943e-07, -9.1216087128e-08, 8.08773350514e-08, 6.23716346126e-07, -5.99232237164e-07, 1.6805769576e-07, 5.70183509296e-08, 2.11781480175e-06, 1.45791591422e-06, -1.1441351262e-06, -6.06131288805e-06, 6.96072618211e-07]
        var: [0.000177764741238, 0.00100520765409, 0.00124453508761, 0.00235118856654, 0.00378074077889, 0.0187399871647, 0.0627426430583, 0.0893406048417, 0.163090482354, 0.206191390753, 0.570565402508, 1.4028583765]

rhythm:
    beats_loudness:
        dmean: 0.00204472267069
        dmean2: 0.00357988569885
        dvar: 2.68221901933e-06
        dvar2: 7.79306537879e-06
        max: 0.00786044169217
        mean: 0.00303421728313
        min: 0.000370185734937
        var: 4.19908292315e-06
    beats_loudness_bass:
        dmean: 0.125319451094
        dmean2: 0.253415584564
        dvar: 0.0347488187253
        dvar2: 0.104208260775
        max: 0.608985960484
        mean: 0.0824610814452
        min: 0.00110676337499
        var: 0.021544713527
    bpm: 93.2189254761
    bpm_confidence: 0
    first_peak_bpm: 109
    first_peak_spread: 0
    first_peak_weight: 0.5625
    onset_rate: 4.26449155807
    second_peak_bpm: 93
    second_peak_spread: 0
    second_peak_weight: 0.375
    beats_position: [0.140762805939, 0.689867675304, 1.23897242546, 1.78807735443, 2.33718204498, 2.88628697395, 3.43539190292, 3.98449683189, 4.53360176086, 5.08270692825, 6.00797891617, 6.65162563324, 7.29527187347, 7.93891859055, 8.58256530762, 9.22621154785, 9.86985778809]
    bpm_estimates: [93.1080093384, 93.2554779053, 93.326423645, 93.1760406494, 93.2286682129]
    bpm_intervals: [0.549104869366, 0.549104750156, 0.54910492897, 0.549104690552, 0.54910492897, 0.54910492897, 0.54910492897, 0.54910492897, 0.549105167389, 0.925271987915, 0.643646717072, 0.643646240234, 0.643646717072, 0.643646717072, 0.643646240234, 0.643646240234]
    onset_times: [0.0348299331963, 0.150929704309, 0.243809521198, 0.441179126501, 0.557278931141, 0.824308395386, 1.05650794506, 1.35836732388, 1.64861679077, 2.04335594177, 2.31038546562, 2.53097510338, 2.72834467888, 2.96054410934, 3.04181408882, 3.30884361267, 3.5758728981, 3.66875290871, 4.04027223587, 4.35374164581, 4.95746040344, 5.23609972, 5.31736946106, 5.59600925446, 5.65405893326, 5.88625860214, 5.9675283432, 6.18811798096, 6.45514726639, 6.76861667633, 6.91954660416, 7.14013624191, 7.24462604523, 7.4303855896, 7.56970500946, 7.8831744194, 8.03410434723, 8.47528362274, 8.53333377838, 8.62621307373, 9.4853515625, 9.64789104462, 9.94975090027]
    rubato_start: [6.65162563324]
    rubato_stop: [9.86985778809]
    perceptual_tempo: "unknown"

sfx:
    inharmonicity:
        dmean: 0.0386833250523
        dmean2: 0.0716229528189
        dvar: 0.00327564100735
        dvar2: 0.00952566880733
        max: 0.299212932587
        mean: 0.0324281975627
        min: 0.000102804675407
        var: 0.00236075744033
    oddtoevenharmonicenergyratio:
        dmean: 1.71014547348
        dmean2: 3.20840644836
        dvar: 26.661895752
        dvar2: 81.1550521851
        max: 58.0649185181
        mean: 1.49065196514
        min: 0.00091919535771
        var: 14.1584606171
    pitch_after_max_to_before_max_energy_ratio: 3.41656184196
    pitch_centroid: 227.799972534
    pitch_max_to_total: 0.519540250301
    pitch_min_to_total: 0.121839083731
    tristimulus:
        dmean: [0.171626746655, 0.187824055552, 0.0750401318073]
        dmean2: [0.303767859936, 0.324794709682, 0.131892710924]
        dvar: [0.0304269287735, 0.0361919589341, 0.00708295684308]
        dvar2: [0.0804538205266, 0.0899776816368, 0.0172868408263]
        max: [0.954151332378, 0.959120988846, 0.623781740665]
        mean: [0.32259491086, 0.576556026936, 0.0812764391303]
        min: [0.00114081427455, 0, 0]
        var: [0.0392646454275, 0.0511025562882, 0.00886011216789]

tonal:
    chords_changes_rate: 0.0776255726814
    chords_number_rate: 0.0319634713233
    chords_strength:
        dmean: 0.010446742177
        dmean2: 0.0100581683218
        dvar: 7.10423701094e-05
        dvar2: 8.61181761138e-05
        max: 0.623267412186
        mean: 0.468868494034
        min: 0.249822452664
        var: 0.00668207090348
    key_strength: 0.677612543106
    tuning_diatonic_strength: 0.514432430267
    tuning_equal_tempered_deviation: 0.0572713166475
    tuning_frequency: 441.017791748
    tuning_nontempered_energy_ratio: 0.7139326334
    hpcp:
        dmean: [0.0737898573279, 0.0640844479203, 0.12027078867, 0.170512482524, 0.133296102285, 0.088041216135, 0.0920551717281, 0.0667858421803, 0.0703912973404, 0.0968200713396, 0.0788648501039, 0.0716542601585, 0.0735174417496, 0.0529516562819, 0.0628621578217, 0.0860680639744, 0.0833349302411, 0.120072521269, 0.147991999984, 0.119679793715, 0.068432033062, 0.0566319078207, 0.066542044282, 0.138715848327, 0.191236704588, 0.172272235155, 0.105233974755, 0.0930234715343, 0.0668236464262, 0.0737818181515, 0.0905074477196, 0.0916931927204, 0.119156867266, 0.164652734995, 0.138630852103, 0.0876627415419]
        dmean2: [0.128684535623, 0.109128914773, 0.19817006588, 0.295000255108, 0.204796046019, 0.146987766027, 0.149130731821, 0.105774790049, 0.118774458766, 0.159718111157, 0.128237172961, 0.111303813756, 0.11171361059, 0.0849340260029, 0.109595380723, 0.146822094917, 0.138634040952, 0.196094080806, 0.24418695271, 0.190593317151, 0.117755502462, 0.0995188429952, 0.113471753895, 0.233034566045, 0.329946666956, 0.284203112125, 0.16735959053, 0.146121382713, 0.111977241933, 0.126922756433, 0.159213989973, 0.159458711743, 0.183747708797, 0.267413288355, 0.229576006532, 0.146099746227]
        dvar: [0.0215930715203, 0.0147189674899, 0.0330580621958, 0.0740437060595, 0.0256808400154, 0.0278577655554, 0.0354895740747, 0.0130964210257, 0.0140736913309, 0.01813034527, 0.0127600543201, 0.020914927125, 0.0243795663118, 0.0124615235254, 0.015838239342, 0.0227594971657, 0.0187540054321, 0.0282699130476, 0.0566775947809, 0.0387053452432, 0.0190804023296, 0.0141190141439, 0.0189012028277, 0.0288153328001, 0.0664409473538, 0.0515494346619, 0.0227655377239, 0.021766057238, 0.0158099271357, 0.017197014764, 0.0291360411793, 0.030179714784, 0.0320093929768, 0.0637547299266, 0.0494601204991, 0.0199803169817]
        dvar2: [0.049855619669, 0.0379921533167, 0.0722359344363, 0.145962715149, 0.0598958916962, 0.057350486517, 0.0690804868937, 0.031471721828, 0.0367400050163, 0.0415776669979, 0.0294774789363, 0.0437181964517, 0.0445838049054, 0.031171778217, 0.0405328050256, 0.0582231916487, 0.0479382313788, 0.0635364279151, 0.108967483044, 0.0877663046122, 0.0458832532167, 0.0334496051073, 0.0451069660485, 0.0631299093366, 0.136873304844, 0.109709210694, 0.0534675084054, 0.0463235862553, 0.0413133911788, 0.04795717448, 0.0790535286069, 0.0793397426605, 0.0743882134557, 0.139059573412, 0.124130249023, 0.0506561137736]
        max: [1, 0.916916549206, 1, 1, 1, 1, 1, 0.816831409931, 1, 1, 1, 1, 1, 0.964359879494, 1, 1, 0.951492846012, 1, 1, 1, 1, 1, 1, 1, 1, 1, 1, 1, 0.766656219959, 1, 1, 1, 1, 1, 1, 0.903174877167]
        mean: [0.095977216959, 0.0711599886417, 0.179765731096, 0.278718411922, 0.204272985458, 0.212502643466, 0.195787608624, 0.0827367305756, 0.10446036607, 0.172873198986, 0.132539868355, 0.100161351264, 0.0979867354035, 0.0565094202757, 0.068732842803, 0.0985273495317, 0.101289577782, 0.168069511652, 0.214358344674, 0.13061337173, 0.078991740942, 0.0795207768679, 0.0766594856977, 0.220589920878, 0.389766305685, 0.29628276825, 0.183458819985, 0.147142380476, 0.0748188272119, 0.0872235670686, 0.110889650881, 0.0917077288032, 0.151218086481, 0.21104863286, 0.146630227566, 0.10221696645]
        min: [0.00026632801746, 0.00074566307012, 0.000870067044161, 0.00105489755515, 0, 0.000474937929539, 0.000614781863987, 0.000507583899889, 0.000364427571185, 0.000665388652124, 0.00122541433666, 0, 0, 0, 0.000916472694371, 0.00150450144429, 0.00114434026182, 0.000345649401424, 0.000401420140406, 0.000431971537182, 0, 0, 0, 0, 0, 0.00188951625023, 0.000628528883681, 0.000457309070043, 0.000330636423314, 0.00048689293908, 0, 0, 0, 0, 0, 0]
        var: [0.0291346348822, 0.0135482149199, 0.061191868037, 0.136479750276, 0.0460534766316, 0.109437428415, 0.10076122731, 0.0163167715073, 0.0217085629702, 0.0491082519293, 0.0293741114438, 0.0389755927026, 0.0471948347986, 0.0126879038289, 0.0138423051685, 0.0241237767041, 0.0189948435873, 0.0456009730697, 0.0991174131632, 0.0495214797556, 0.0269131157547, 0.0340189784765, 0.0289011374116, 0.0580004528165, 0.149873882532, 0.0860979855061, 0.0555216223001, 0.0397593937814, 0.0139054460451, 0.0257767476141, 0.0469485409558, 0.0267984252423, 0.0499101579189, 0.098057307303, 0.0537770465016, 0.0228430144489]
    chords_histogram: [37.8995437622, 0, 0, 0, 0, 0, 0, 0, 0, 0, 0, 1.36986303329, 0, 7.76255702972, 0, 0, 4.10958909988, 13.6986303329, 0, 28.310503006, 0, 6.39269399643, 0, 0.45662099123]
    thpcp: [1, 0.760154902935, 0.47068926692, 0.377514362335, 0.191958174109, 0.223784267902, 0.284502923489, 0.235289007425, 0.387971162796, 0.541474819183, 0.376200377941, 0.26225194335, 0.246242985129, 0.182570904493, 0.461214125156, 0.715091109276, 0.524090945721, 0.545205295086, 0.50232052803, 0.212272658944, 0.268007695675, 0.443530380726, 0.340049564838, 0.256977975368, 0.251398682594, 0.14498282969, 0.176343724132, 0.252785712481, 0.259872585535, 0.431205838919, 0.549966335297, 0.335106879473, 0.202664360404, 0.204021677375, 0.196680635214, 0.565954327583]
    chords_key: "A#"
    chords_scale: "major"
    key_key: "A#"
    key_scale: "major"
    chords_progression: ["G#m", "G#m", "G#m", "G#m", "G#m", "G#m", "Cm", "Cm", "Cm", "G#m", "Cm", "Cm", "C#m", "C#m", "C#m", "G#m", "G#m", "G#m", "G#m", "G#m", "G#m", "G#m", "G#m", "Cm", "G#m", "G#m", "Cm", "Cm", "Cm", "Cm", "Cm", "Cm", "Cm", "Cm", "Fm", "Fm", "Fm", "Fm", "Fm", "Fm", "Fm", "Fm", "Fm", "Fm", "Fm", "Fm", "Fm", "Fm", "Fm", "Fm", "Fm", "Fm", "Fm", "Fm", "Fm", "Fm", "Fm", "Fm", "Fm", "Fm", "Fm", "Fm", "Fm", "Fm", "Fm", "Fm", "Fm", "Fm", "Fm", "Fm", "Fm", "Fm", "Fm", "Fm", "Fm", "Fm", "Fm", "Fm", "Fm", "Fm", "Fm", "Fm", "Fm", "Fm", "Fm", "Fm", "Fm", "Fm", "Fm", "Fm", "Fm", "Fm", "Fm", "Fm", "Fm", "Fm", "A#", "A#", "A#", "A#", "A#", "A#", "A#", "A#", "A#", "A#", "A#", "A#", "A#", "A#", "A#", "A#", "A#", "A#", "A#", "A#", "A#", "A#", "A#", "A#", "A#", "A#", "A#", "A#", "A#", "A#", "A#", "A#", "A#", "A#", "A#", "A#", "A#", "A#", "A#", "A#", "A#", "A#", "A#", "A#", "A#", "F#", "F#", "F#", "A#m", "F#", "F#", "F#", "F#", "F#", "F#", "A#m", "A#m", "A#m", "A#m", "A#m", "A#m", "A#m", "A#m", "A#m", "A#m", "A#m", "A#m", "A#m", "A#m", "A#m", "A#m", "A#m", "A#m", "A#m", "A#m", "A#m", "A#m", "A#m", "A#m", "A#m", "A#m", "A#m", "A#m", "A#m", "A#", "A#", "A#", "A#", "A#", "A#", "A#", "A#", "A#", "A#", "A#", "A#", "A#", "A#", "A#", "A#", "A#", "A#", "A#", "A#", "A#", "A#", "A#", "A#", "A#", "Gm", "A#", "A#", "A#", "A#", "A#", "A#", "A#", "A#", "A#", "A#", "A#", "A#", "A#"]
