
metadata:
    version:
        essentia: "1.2.2"
    audio_properties:
        analysis_sample_rate: 44100
        bitrate: 128
        channels: 2
        equal_loudness: 1
        length: 9.97877597809
        replay_gain: -11.8480529785
        downmix: "mix"
    tags:
        track: 23
        year: 0
        album: "Splitted by Mp3Splt v. 2.1"
        artist: "From 003.40 To 003.50"
        comment: "http://mp3splt.sf.net"
        genre: ""
        title: "09 Drop Dead.mp3"

highlevel:
    ballroom:
        all:
            ChaChaCha: 0.0507185831666
            Jive: 0.820100843906
            Quickstep: 0.00648021372035
            Rumba-American: 0.000192543360754
            Rumba-International: 0.000547720876057
            Rumba-Misc: 0.000414715759689
            Samba: 0.114840574563
            Tango: 0.000429438019637
            VienneseWaltz: 0.00564893521369
            Waltz: 0.000626420369372
        probability: 0.820100843906
        value: "Jive"
    culture:
        all:
            non_western: 0.029993167147
            western: 0.97000682354
        probability: 0.97000682354
        value: "western"
    gender:
        all:
            female: 0.620999574661
            male: 0.379000455141
        probability: 0.620999574661
        value: "female"
    genre_dortmund:
        all:
            alternative: 0.0688063055277
            blues: 0.00850444659591
            electronic: 0.0653771162033
            folkcountry: 0.0340057425201
            funksoulrnb: 0.00635509286076
            jazz: 0.0138843487948
            pop: 0.0727871283889
            raphiphop: 0.0192656330764
            rock: 0.711014151573
        probability: 0.711014151573
        value: "rock"
    genre_electronica:
        all:
            ambient: 0.108911655843
            dnb: 0.326699763536
            house: 0.0214476492256
            techno: 0.0863218531013
            trance: 0.456619083881
        probability: 0.456619083881
        value: "trance"
    genre_rosamerica:
        all:
            cla: 0.00599494948983
            dan: 0.0539311245084
            hip: 0.0062076933682
            jaz: 0.00149962981232
            pop: 0.00581584498286
            rhy: 0.00203176494688
            roc: 0.923896372318
            spe: 0.000622598454356
        probability: 0.923896372318
        value: "roc"
    genre_tzanetakis:
        all:
            blu: 0.00362888211384
            cla: 0.00669990293682
            cou: 0.083943374455
            dis: 0.0671977549791
            hip: 0.025799870491
            jaz: 0.0510301440954
            met: 0.492752045393
            pop: 0.015704607591
            reg: 0.00928690191358
            roc: 0.243956506252
        probability: 0.492752045393
        value: "met"
    live_studio:
        all:
            live: 0.0244471691549
            studio: 0.975552856922
        probability: 0.975552856922
        value: "studio"
    mood:
        all:
            Cluster1: 0.350773572922
            Cluster2: 0.0810682848096
            Cluster3: 0.0178117565811
            Cluster4: 0.0368066877127
            Cluster5: 0.513539731503
        probability: 0.513539731503
        value: "Cluster5"
    mood_acoustic:
        all:
            acoustic: 0.0068834675476
            not_acoustic: 0.993116557598
        probability: 0.993116557598
        value: "not_acoustic"
    mood_aggressive:
        all:
            aggressive: 0.992020070553
            not_aggressive: 0.00797994434834
        probability: 0.992020070553
        value: "aggressive"
    mood_electronic:
        all:
            electronic: 0.49354454875
            not_electronic: 0.506455481052
        probability: 0.506455481052
        value: "not_electronic"
    mood_happy:
        all:
            happy: 0.520142138004
            not_happy: 0.479857861996
        probability: 0.520142138004
        value: "happy"
    mood_party:
        all:
            not_party: 0.398451060057
            party: 0.601548969746
        probability: 0.601548969746
        value: "party"
    mood_relaxed:
        all:
            not_relaxed: 0.939044952393
            relaxed: 0.0609550699592
        probability: 0.939044952393
        value: "not_relaxed"
    mood_sad:
        all:
            not_sad: 0.979676485062
            sad: 0.0203235298395
        probability: 0.979676485062
        value: "not_sad"
    rhythm:
        all:
            fast: 0.951439380646
            medium: 0.0211451612413
            slow: 0.0274154655635
        probability: 0.951439380646
        value: "fast"
    speech_music:
        all:
            music: 0.999994516373
            speech: 5.49666083316e-06
        probability: 0.999994516373
        value: "music"
    timbre:
        all:
            bright: 0.389625787735
            dark: 0.610374212265
        probability: 0.610374212265
        value: "dark"
    voice_instrumental:
        all:
            instrumental: 0.720256745815
            voice: 0.279743254185
        probability: 0.720256745815
        value: "instrumental"

lowlevel:
    average_loudness: 0.983956992626
    barkbands_kurtosis:
        dmean: 0.788677930832
        dmean2: 1.39826178551
        dvar: 0.914301872253
        dvar2: 2.43877696991
        max: 5.20005607605
        mean: -0.80092215538
        min: -1.81890833378
        var: 1.24858057499
    barkbands_skewness:
        dmean: 0.497848004103
        dmean2: 0.849962115288
        dvar: 0.179224744439
        dvar2: 0.490748673677
        max: 1.59471309185
        mean: -0.556094169617
        min: -2.21196055412
        var: 0.402041435242
    barkbands_spread:
        dmean: 7.2880730629
        dmean2: 12.0418176651
        dvar: 38.9788017273
        dvar2: 100.297332764
        max: 57.4938087463
        mean: 38.6634178162
        min: 9.94918727875
        var: 79.8778152466
    dissonance:
        dmean: 0.0100393304601
        dmean2: 0.017237668857
        dvar: 0.000100401091913
        dvar2: 0.000255845283391
        max: 0.499979913235
        mean: 0.483488619328
        min: 0.400459438562
        var: 0.0001216452074
    hfc:
        dmean: 2.87625551224
        dmean2: 4.23516464233
        dvar: 8.63565158844
        dvar2: 18.2974529266
        max: 28.9440765381
        mean: 9.45268535614
        min: 0.164838761091
        var: 21.2886714935
    pitch:
        dmean: 1074.43701172
        dmean2: 2069.7434082
        dvar: 1768473.25
        dvar2: 4205077
        max: 4410
        mean: 1463.20275879
        min: 98.2182617188
        var: 2037362
    pitch_instantaneous_confidence:
        dmean: 0.0880119875073
        dmean2: 0.142987132072
        dvar: 0.00466473633423
        dvar2: 0.0121753569692
        max: 0.645437538624
        mean: 0.383006632328
        min: 0.173032224178
        var: 0.00939667690545
    pitch_salience:
        dmean: 0.0639550238848
        dmean2: 0.103086002171
        dvar: 0.00296042999253
        dvar2: 0.0082920351997
        max: 0.825845360756
        mean: 0.621997117996
        min: 0.387225598097
        var: 0.00526262773201
    silence_rate_20dB:
        dmean: 0
        dmean2: 0
        dvar: 0
        dvar2: 0
        max: 1
        mean: 1
        min: 1
        var: 0
    silence_rate_30dB:
        dmean: 0
        dmean2: 0
        dvar: 0
        dvar2: 0
        max: 1
        mean: 1
        min: 1
        var: 0
    silence_rate_60dB:
        dmean: 0.158139541745
        dmean2: 0.314685314894
        dvar: 0.133131623268
        dvar2: 0.271603673697
        max: 1
        mean: 0.169373556972
        min: 0
        var: 0.140685737133
    spectral_centroid:
        dmean: 356.570648193
        dmean2: 609.09197998
        dvar: 90334.9765625
        dvar2: 260168.359375
        max: 3048.98901367
        mean: 2068.78833008
        min: 707.962768555
        var: 180595.734375
    spectral_complexity:
        dmean: 4.09324026108
        dmean2: 6.2897195816
        dvar: 15.9866771698
        dvar2: 33.6871147156
        max: 45
        mean: 17.4651165009
        min: 0
        var: 36.7929611206
    spectral_crest:
        dmean: 1.79638230801
        dmean2: 3.1335952282
        dvar: 3.25564432144
        dvar2: 9.12411785126
        max: 14.9360961914
        mean: 5.64533615112
        min: 2.68896770477
        var: 3.64839625359
    spectral_decrease:
        dmean: 3.49998113824e-10
        dmean2: 5.67646762928e-10
        dvar: 2.94458617083e-19
        dvar2: 7.73257380505e-19
        max: -1.37481415141e-11
        mean: -9.899666642e-10
        min: -4.53799842148e-09
        var: 2.81722827385e-19
    spectral_energy:
        dmean: 0.00153391051572
        dmean2: 0.00242459378205
        dvar: 4.99976886204e-06
        dvar2: 1.28264664454e-05
        max: 0.019133253023
        mean: 0.00459374673665
        min: 6.6840017098e-05
        var: 5.46123283129e-06
    spectral_energyband_high:
        dmean: 0.000233695682255
        dmean2: 0.000344326486811
        dvar: 6.74310882687e-08
        dvar2: 1.44754750409e-07
        max: 0.00228991010226
        mean: 0.000462391530164
        min: 9.02735337149e-06
        var: 1.45883745972e-07
    spectral_energyband_low:
        dmean: 0.000369318324374
        dmean2: 0.000641736027319
        dvar: 4.38182496509e-07
        dvar2: 1.20006507132e-06
        max: 0.00595267955214
        mean: 0.000470908358693
        min: 5.36275774721e-06
        var: 3.43883414189e-07
    spectral_energyband_middle_high:
        dmean: 0.000699509109836
        dmean2: 0.00105096958578
        dvar: 5.04165711845e-07
        dvar2: 1.04119874322e-06
        max: 0.00947183091193
        mean: 0.00252485182136
        min: 4.11205510318e-05
        var: 1.50281846345e-06
    spectral_energyband_middle_low:
        dmean: 0.000767859397456
        dmean2: 0.00135936355218
        dvar: 2.44373632086e-06
        dvar2: 6.75653791404e-06
        max: 0.0129055650905
        mean: 0.00113559118472
        min: 1.13284959298e-05
        var: 1.77812194124e-06
    spectral_flatness_db:
        dmean: 0.0157948583364
        dmean2: 0.0238876380026
        dvar: 0.000183916970855
        dvar2: 0.000400826742407
        max: 0.227275729179
        mean: 0.142049819231
        min: 0.0874304622412
        var: 0.000554725003894
    spectral_flux:
        dmean: 0.00928665604442
        dmean2: 0.0142517490312
        dvar: 0.000118947180454
        dvar2: 0.000218720553676
        max: 0.111117824912
        mean: 0.0443242862821
        min: 0.00817557424307
        var: 0.000201191171072
    spectral_kurtosis:
        dmean: 1.28031563759
        dmean2: 2.0435192585
        dvar: 1.92150342464
        dvar2: 4.87016153336
        max: 14.2055397034
        mean: 3.16362786293
        min: 0.846872091293
        var: 2.76609969139
    spectral_rms:
        dmean: 0.000325069588143
        dmean2: 0.000497716711834
        dvar: 1.51622046474e-07
        dvar2: 3.60917226772e-07
        max: 0.00432048458606
        mean: 0.00206552469172
        min: 0.00025536204339
        var: 2.15313278318e-07
    spectral_rolloff:
        dmean: 329.071380615
        dmean2: 564.994995117
        dvar: 103447.742188
        dvar2: 255441.34375
        max: 4737.3046875
        mean: 3614.12524414
        min: 2217.91992188
        var: 177558.59375
    spectral_skewness:
        dmean: 0.157159179449
        dmean2: 0.260045677423
        dvar: 0.0200663879514
        dvar2: 0.051540594548
        max: 2.68314599991
        mean: 1.21897244453
        min: 0.791292965412
        var: 0.0349029898643
    spectral_spread:
        dmean: 799228.1875
        dmean2: 1061505.75
        dvar: 527042740224
        dvar2: 794773487616
        max: 7864792
        mean: 4592748.5
        min: 1999049.625
        var: 1.53913747046e+12
    spectral_strongpeak:
        dmean: 0.715761959553
        dmean2: 1.25306046009
        dvar: 0.750776767731
        dvar2: 2.05142569542
        max: 6.59957075119
        mean: 0.749509632587
        min: 0.0302300322801
        var: 1.01758778095
    zerocrossingrate:
        dmean: 0.00822110846639
        dmean2: 0.0105870328844
        dvar: 5.06351061631e-05
        dvar2: 6.86449566274e-05
        max: 0.14501953125
        mean: 0.1139421314
        min: 0.0478515625
        var: 0.000234478779021
    barkbands:
        dmean: [2.99393207115e-07, 0.000164332886925, 0.000257135048741, 0.000262924848357, 0.000413704838138, 0.000128889631014, 9.54320348683e-05, 6.59584911773e-05, 4.05766295444e-05, 3.04620571114e-05, 1.35054715429e-05, 4.54198634543e-05, 4.81687930005e-05, 6.76682393532e-05, 0.000107817213575, 0.000104772938357, 0.000236248335568, 0.000276983395452, 0.000283052446321, 0.000154197463416, 0.000126240352984, 2.73293699138e-05, 1.40062047649e-05, 8.83720713318e-06, 2.42930855165e-06, 1.24567350213e-07, 3.49096251906e-10]
        dmean2: [4.7674399184e-07, 0.000275030412013, 0.000453741406091, 0.000473380379844, 0.00074921787018, 0.000214591855183, 0.000159481060109, 0.000116320181405, 6.97586656315e-05, 5.30844590685e-05, 2.26723514061e-05, 7.0380672696e-05, 8.36196850287e-05, 0.000111130786536, 0.000182193209184, 0.000175819572178, 0.000383688893635, 0.000454861525213, 0.000462021795101, 0.00024347017461, 0.000192336447071, 4.05441351177e-05, 2.08911969821e-05, 1.35196705742e-05, 3.49282868228e-06, 1.79476288054e-07, 5.34336408453e-10]
        dvar: [4.94342143175e-13, 8.47952108529e-08, 2.30728915085e-07, 2.30408019775e-07, 1.49196534949e-06, 4.79122874708e-08, 1.5505987605e-08, 1.35149234026e-08, 3.3706213376e-09, 3.84228693306e-09, 5.88370352439e-10, 6.60596866098e-09, 2.58895371807e-09, 9.13523390267e-09, 1.62153916961e-08, 1.27824648644e-08, 5.28449604076e-08, 8.92918095019e-08, 1.01613835568e-07, 2.92513018252e-08, 2.08906989485e-08, 1.26181887161e-09, 2.87539714261e-10, 1.30080585192e-10, 1.06561192162e-11, 6.8216360837e-14, 3.68523438553e-19]
        dvar2: [1.43424801115e-12, 2.21746219609e-07, 6.69694998123e-07, 6.40841847144e-07, 4.22028006142e-06, 1.2929785953e-07, 3.85513310164e-08, 3.83760294653e-08, 9.03051589063e-09, 1.08558388945e-08, 1.55396373547e-09, 1.75109580169e-08, 6.92757318177e-09, 2.09521378025e-08, 4.40832899073e-08, 3.41025838679e-08, 1.40253703762e-07, 2.29838761356e-07, 2.45300299184e-07, 6.70643345302e-08, 4.90319571611e-08, 2.7456412699e-09, 6.60553112208e-10, 3.18344239858e-10, 2.18241050232e-11, 1.39439539559e-13, 6.43422801366e-19]
        max: [4.91635137223e-06, 0.00204201065935, 0.00390856573358, 0.00437640585005, 0.0103087350726, 0.00173190992791, 0.000963895174209, 0.000888100476004, 0.000405145692639, 0.000711623986717, 0.000181516676093, 0.00120534712914, 0.000583144428674, 0.00083952624118, 0.00154974940233, 0.00107283156831, 0.00273583130911, 0.00303133460693, 0.00434225564823, 0.00197220803238, 0.0011900733225, 0.000348597124685, 0.000145628640894, 9.81495904853e-05, 2.93397479254e-05, 1.86739805486e-06, 8.76964723062e-09]
        mean: [3.74003235493e-07, 0.000174601271283, 0.000295939971693, 0.000255720806308, 0.000394153583329, 0.000195966553292, 0.000152406370034, 7.51039842726e-05, 5.69535623072e-05, 3.93986338167e-05, 1.74243596121e-05, 6.9027140853e-05, 7.70436381572e-05, 0.000110605011287, 0.00016883094213, 0.000192254316062, 0.000504990981426, 0.00054919248214, 0.000633852090687, 0.000315723038511, 0.000233853730606, 4.02120494982e-05, 2.6289415473e-05, 1.04229802673e-05, 3.28690725837e-06, 1.23375926364e-07, 3.64509616935e-10]
        min: [3.95751383053e-11, 1.8052585915e-07, 1.30976877699e-06, 1.71634917479e-06, 8.16832312012e-07, 8.76513581716e-07, 1.13597252493e-06, 5.46689093994e-08, 8.6125675125e-07, 1.8036922711e-07, 2.1830973651e-07, 5.19721652381e-07, 3.18823367706e-07, 1.18022398965e-06, 5.15999499839e-06, 1.50370124175e-06, 2.0498109734e-06, 2.10094549402e-05, 6.75974661135e-06, 2.47747516369e-06, 5.92769083596e-06, 7.24184928913e-07, 2.19396511625e-07, 5.27490442437e-08, 7.84861597936e-09, 2.01501787478e-10, 4.16536922142e-14]
        var: [5.06943282925e-13, 7.81685542961e-08, 1.546529802e-07, 1.73964807004e-07, 9.31854970077e-07, 5.73159866235e-08, 2.74754459184e-08, 1.2186513132e-08, 3.65532315527e-09, 4.0442875715e-09, 5.84443993201e-10, 9.30872268157e-09, 5.1813460189e-09, 1.33195712237e-08, 2.61276849045e-08, 1.73140843884e-08, 1.12771431304e-07, 1.32802497887e-07, 2.11548126572e-07, 6.28536795944e-08, 3.88711320909e-08, 2.66035682372e-09, 5.5522419995e-10, 1.59945778844e-10, 1.72428009371e-11, 8.40157343652e-14, 5.09347577419e-19]
    mfcc:
        mean: [-689.978759766, 85.6237945557, -48.8852348328, 65.2278594971, 7.0770072937, -1.89324998856, -2.52264595032, -6.20914745331, -7.91491365433, -0.778600633144, -0.0913693606853, 3.47213506699, -7.39483880997]
        cov: [[1103.77807617, -553.99798584, 378.380828857, -183.890182495, -122.106048584, -1.61721479893, -46.5540847778, -7.56406259537, 19.3740577698, -18.2519016266, -35.7088737488, -58.6593017578, -35.5352363586], [-553.99798584, 620.26739502, -332.017242432, 130.634765625, 38.456829071, -30.4798316956, 37.2682876587, 21.8974399567, -21.7605781555, 10.4650163651, 9.88517951965, 21.5344944, -1.59793591499], [378.380828857, -332.017242432, 437.929473877, -60.8886299133, -2.28850245476, 22.0379810333, -39.659324646, -36.6789283752, 10.1234531403, -22.1247634888, 7.03123617172, 7.28493881226, 14.7471513748], [-183.890182495, 130.634765625, -60.8886299133, 112.38167572, 46.3407211304, 16.4760227203, 19.2525100708, 8.99383354187, 3.39213728905, 12.1735944748, 20.2869300842, 25.6332702637, 17.8798427582], [-122.106048584, 38.456829071, -2.28850245476, 46.3407211304, 113.35710907, 33.5572471619, 22.1705799103, 4.51314783096, -0.350729465485, 8.66482925415, 15.2263803482, 22.1416397095, 14.7259130478], [-1.61721479893, -30.4798316956, 22.0379810333, 16.4760227203, 33.5572471619, 87.2933349609, 35.3402557373, 7.37673807144, 8.79739665985, 3.33954834938, 18.5038375854, 12.7180700302, 12.2438831329], [-46.5540847778, 37.2682876587, -39.659324646, 19.2525100708, 22.1705799103, 35.3402557373, 73.6930389404, 39.155582428, 18.3527927399, 10.9602212906, 10.8539934158, 6.01849937439, 2.8991932869], [-7.56406259537, 21.8974399567, -36.6789283752, 8.99383354187, 4.51314783096, 7.37673807144, 39.155582428, 78.6171035767, 41.9609222412, 27.8731422424, 13.5287618637, -8.88276386261, -4.40624189377], [19.3740577698, -21.7605781555, 10.1234531403, 3.39213728905, -0.350729465485, 8.79739665985, 18.3527927399, 41.9609222412, 70.461730957, 38.2163085938, 18.7348022461, -5.38022518158, 1.59976243973], [-18.2519016266, 10.4650163651, -22.1247634888, 12.1735944748, 8.66482925415, 3.33954834938, 10.9602212906, 27.8731422424, 38.2163085938, 63.5252990723, 22.4638652802, 3.25922703743, 1.81507396698], [-35.7088737488, 9.88517951965, 7.03123617172, 20.2869300842, 15.2263803482, 18.5038375854, 10.8539934158, 13.5287618637, 18.7348022461, 22.4638652802, 60.8415336609, 30.6174621582, 20.9791851044], [-58.6593017578, 21.5344944, 7.28493881226, 25.6332702637, 22.1416397095, 12.7180700302, 6.01849937439, -8.88276386261, -5.38022518158, 3.25922703743, 30.6174621582, 66.9033432007, 34.6180267334], [-35.5352363586, -1.59793591499, 14.7471513748, 17.8798427582, 14.7259130478, 12.2438831329, 2.8991932869, -4.40624189377, 1.59976243973, 1.81507396698, 20.9791851044, 34.6180267334, 63.3580093384]]
        icov: [[0.00216908566654, 0.00113821064588, -0.00099692074582, 0.000982717145234, 0.00148685951717, -0.000216810571146, -5.86210408073e-05, -0.000875897705555, 0.000537982326932, -0.000400481687393, 0.00042265871889, 0.00029947605799, 0.000532377860509], [0.00113821064588, 0.00417551631108, 0.00163570151199, -0.00246350490488, 0.00051929615438, 0.00159812346101, -0.000884579785634, -0.000285961781628, 0.000927162996959, 0.000365923770005, -0.000373917078832, -0.000235526676988, 0.000867840717547], [-0.00099692074582, 0.00163570151199, 0.00478330487385, -0.000415934773628, -0.00147331494372, -0.000168165846844, 0.00133576756343, 0.00160783447791, -0.00211663264781, 0.00217435695231, -0.00110139499884, -0.000756074034143, -0.000319279584801], [0.000982717145234, -0.00246350490488, -0.000415934773628, 0.0156761594117, -0.00331551558338, -0.00172964506783, 0.000236227613641, -0.000401077413699, -0.000751534593292, -0.000911617011297, -0.000797503278591, -0.00185632286593, -0.00144842406735], [0.00148685951717, 0.00051929615438, -0.00147331494372, -0.00331551558338, 0.013181110844, -0.00337646948174, -0.00146896357182, -0.000761612609494, 0.00228751590475, -0.00222207210027, 0.000967172905803, -0.0013517390471, 0.000152968103066], [-0.000216810571146, 0.00159812346101, -0.000168165846844, -0.00172964506783, -0.00337646948174, 0.0181486029178, -0.00970933027565, 0.00374443503097, -0.000896443845704, 0.00144988019019, -0.00413422705606, 0.0012248379644, -0.000890983676072], [-5.86210408073e-05, -0.000884579785634, 0.00133576756343, 0.000236227613641, -0.00146896357182, -0.00970933027565, 0.0259514916688, -0.0120774433017, -0.000633548537735, 0.0018746702699, 0.00204836227931, -0.00305682281032, 0.000711783475708], [-0.000875897705555, -0.000285961781628, 0.00160783447791, -0.000401077413699, -0.000761612609494, 0.00374443503097, -0.0120774433017, 0.0268878564239, -0.0113523351029, -0.00157282210421, -0.00336111150682, 0.0040095304139, 0.000370331661543], [0.000537982326932, 0.000927162996959, -0.00211663264781, -0.000751534593292, 0.00228751590475, -0.000896443845704, -0.000633548537735, -0.0113523351029, 0.0297346971929, -0.0128238499165, -0.00276417541318, 0.00377338076942, -0.00161893863697], [-0.000400481687393, 0.000365923770005, 0.00217435695231, -0.000911617011297, -0.00222207210027, 0.00144988019019, 0.0018746702699, -0.00157282210421, -0.0128238499165, 0.027067001909, -0.00644805841148, -0.000453398621175, 0.00150808715262], [0.00042265871889, -0.000373917078832, -0.00110139499884, -0.000797503278591, 0.000967172905803, -0.00413422705606, 0.00204836227931, -0.00336111150682, -0.00276417541318, -0.00644805841148, 0.0279607735574, -0.0108576063067, -0.00211572553962], [0.00029947605799, -0.000235526676988, -0.000756074034143, -0.00185632286593, -0.0013517390471, 0.0012248379644, -0.00305682281032, 0.0040095304139, 0.00377338076942, -0.000453398621175, -0.0108576063067, 0.0277084074914, -0.0102685652673], [0.000532377860509, 0.000867840717547, -0.000319279584801, -0.00144842406735, 0.000152968103066, -0.000890983676072, 0.000711783475708, 0.000370331661543, -0.00161893863697, 0.00150808715262, -0.00211572553962, -0.0102685652673, 0.0230255331844]]
    spectral_contrast:
        mean: [-3.18360697804e-08, 3.12387243184e-07, -5.68583288896e-07, -1.58645391934e-07, 1.74204970449e-07, 1.59581034609e-07, 3.18642264574e-06, 4.77538890209e-07, 1.86548675174e-06, -6.9806742431e-07, 2.16309416601e-07, -8.76326907928e-07]
        var: [0.000481522089103, 0.000745702011045, 0.000816249230411, 0.00192847242579, 0.00252852006815, 0.00335739995353, 0.0332394205034, 0.0594754815102, 0.110178440809, 0.214727729559, 0.306391298771, 0.981437444687]

rhythm:
    beats_loudness:
        dmean: 0.00306303589605
        dmean2: 0.00596488872543
        dvar: 2.87003740596e-06
        dvar2: 9.06581408344e-06
        max: 0.0104868421331
        mean: 0.00585904018953
        min: 0.00324553623796
        var: 3.6939866277e-06
    beats_loudness_bass:
        dmean: 0.379818975925
        dmean2: 0.752182722092
        dvar: 0.0139209041372
        dvar2: 0.03675763309
        max: 0.533569574356
        mean: 0.219628244638
        min: 0.00597133580595
        var: 0.042158678174
    bpm: 108.537017822
    bpm_confidence: 0
    first_peak_bpm: 109
    first_peak_spread: 0
    first_peak_weight: 0.9375
    onset_rate: 5.61191082001
    second_peak_bpm: 102
    second_peak_spread: 0
    second_peak_weight: 0.0625
    beats_position: [0.458717137575, 1.01164996624, 1.56458282471, 2.11751556396, 2.67044830322, 3.22338104248, 3.77631402016, 4.32924699783, 4.88217973709, 5.43511295319, 6.02499198914, 6.5776925087, 7.13039255142, 7.68309307098, 8.23579311371, 8.78849315643, 9.34119319916]
    bpm_estimates: [108.576293945, 108.498344421, 108.54283905, 108.44821167, 108.216819763, 108.780479431, 108.611656189, 108.4868927, 108.511451721, 108.451545715, 108.703994751, 108.418296814, 108.598983765, 108.361045837, 108.319923401, 108.700042725, 109.660400391, 108.09526062, 108.299842834, 108.532661438, 108.462280273]
    bpm_intervals: [0.552932858467, 0.552932858467, 0.552932739258, 0.552932739258, 0.552932739258, 0.552932977676, 0.552932977676, 0.552932739258, 0.552933216095, 0.58987903595, 0.552700519562, 0.552700042725, 0.552700519562, 0.552700042725, 0.552700042725, 0.552700042725]
    onset_times: [0.0348299331963, 0.336689352989, 0.46439909935, 0.731428563595, 0.893968224525, 1.02167797089, 1.14938771725, 1.28870749474, 1.5673469305, 1.71827661991, 1.84598636627, 2.00852608681, 2.12462592125, 2.28716564178, 2.40326523781, 2.54258513451, 2.68190479279, 2.97215414047, 3.11147403717, 3.23918366432, 3.3785033226, 3.5178232193, 3.79646253586, 4.09832191467, 4.21442174911, 4.34213161469, 4.52789115906, 4.63238096237, 4.77170085907, 4.8994102478, 5.1780500412, 5.36380958557, 5.46829938889, 5.60761928558, 5.74693870544, 6.01396846771, 6.17650794983, 6.3042178154, 6.57124710083, 6.74539661407, 6.86149644852, 7.00081634521, 7.12852621078, 7.6858048439, 7.81351470947, 7.9644446373, 8.23147392273, 8.52172374725, 8.6958732605, 8.80036258698, 8.96290206909, 9.07900238037, 9.35764217377, 9.54340171814, 9.81043052673, 9.91492080688]
    rubato_start: []
    rubato_stop: []
    perceptual_tempo: "unknown"

sfx:
    inharmonicity:
        dmean: 0.0637735947967
        dmean2: 0.113350532949
        dvar: 0.00410289736465
        dvar2: 0.0117040760815
        max: 0.426660358906
        mean: 0.0696202591062
        min: 0
        var: 0.00408301223069
    oddtoevenharmonicenergyratio:
        dmean: 2.71871805191
        dmean2: 5.00810670853
        dvar: 153.290771484
        dvar2: 444.3074646
        max: 176.125564575
        mean: 1.8648699522
        min: 0
        var: 85.7256698608
    pitch_after_max_to_before_max_energy_ratio: 0.10377972573
    pitch_centroid: 227.198654175
    pitch_max_to_total: 0.879069745541
    pitch_min_to_total: 0.639534890652
    tristimulus:
        dmean: [0.189035609365, 0.313472479582, 0.179043322802]
        dmean2: [0.324002295732, 0.548074901104, 0.322130262852]
        dvar: [0.0273089446127, 0.0571196675301, 0.0251328814775]
        dvar2: [0.084163852036, 0.170741572976, 0.0617961585522]
        max: [1, 0.982231199741, 0.714945435524]
        mean: [0.302110254765, 0.41457504034, 0.163699895144]
        min: [0.0127347102389, 0, 0]
        var: [0.0350700058043, 0.0767606794834, 0.0299288090318]

tonal:
    chords_changes_rate: 0.0185185186565
    chords_number_rate: 0.00925925932825
    chords_strength:
        dmean: 0.00657211756334
        dmean2: 0.00750549603254
        dvar: 2.40451699938e-05
        dvar2: 3.67093743989e-05
        max: 0.690300583839
        mean: 0.583540141582
        min: 0.508129417896
        var: 0.00190676283091
    key_strength: 0.728475987911
    tuning_diatonic_strength: 0.647281527519
    tuning_equal_tempered_deviation: 0.0805494636297
    tuning_frequency: 442.293365479
    tuning_nontempered_energy_ratio: 0.717049241066
    hpcp:
        dmean: [0.218547746539, 0.151426151395, 0.0985632240772, 0.100991517305, 0.130022093654, 0.145197197795, 0.135834008455, 0.145180135965, 0.141982361674, 0.138153523207, 0.121071778238, 0.107386693358, 0.113202817738, 0.147475510836, 0.212989360094, 0.246625646949, 0.237272068858, 0.169139385223, 0.124611474574, 0.094710662961, 0.138004034758, 0.212825790048, 0.198270857334, 0.215045630932, 0.201564118266, 0.129798814654, 0.123803220689, 0.136529281735, 0.103849090636, 0.143821775913, 0.201107248664, 0.193922922015, 0.186847254634, 0.173659265041, 0.194875180721, 0.215922623873]
        dmean2: [0.34148940444, 0.245427832007, 0.170660108328, 0.177505910397, 0.226501166821, 0.252599775791, 0.2373726964, 0.250811934471, 0.236501857638, 0.234057545662, 0.211841732264, 0.184695899487, 0.197838097811, 0.267531365156, 0.364759117365, 0.430330872536, 0.400757968426, 0.288764148951, 0.212364479899, 0.169046878815, 0.226571664214, 0.351578980684, 0.331620901823, 0.357728868723, 0.332527756691, 0.218698531389, 0.21089425683, 0.237119033933, 0.178034082055, 0.237419873476, 0.337513834238, 0.33108958602, 0.326653182507, 0.296116948128, 0.332951009274, 0.355817109346]
        dvar: [0.0365299545228, 0.0166481081396, 0.0255578421056, 0.024723822251, 0.0252272225916, 0.0319761484861, 0.0310734845698, 0.036643307656, 0.0315531641245, 0.0398280844092, 0.0272651873529, 0.0197575539351, 0.0174576509744, 0.038429800421, 0.0345805957913, 0.0542565323412, 0.0402401648462, 0.0333844795823, 0.0275700706989, 0.0171091780066, 0.0155457928777, 0.0371488891542, 0.0300578381866, 0.0401574075222, 0.0360777378082, 0.01958832331, 0.0192236807197, 0.0262569002807, 0.0172590613365, 0.0273850932717, 0.0419663190842, 0.0390823706985, 0.0510399974883, 0.0381023064256, 0.0335999540985, 0.0369566418231]
        dvar2: [0.0850922837853, 0.0445772968233, 0.0711436346173, 0.0657273828983, 0.0709206610918, 0.0938851162791, 0.085309907794, 0.111641839147, 0.0851508975029, 0.111052386463, 0.0772193446755, 0.0560556873679, 0.047611579299, 0.105837374926, 0.0807730183005, 0.132058218122, 0.112972296774, 0.0933151692152, 0.0761288255453, 0.047081746161, 0.0423547066748, 0.0900441482663, 0.0839598029852, 0.102510370314, 0.0839281231165, 0.047150619328, 0.05205276981, 0.066384062171, 0.0417773127556, 0.0575058944523, 0.107324369252, 0.111411422491, 0.128618091345, 0.0972791984677, 0.10447485745, 0.0896123424172]
        max: [1, 0.951862514019, 1, 1, 1, 1, 1, 1, 1, 1, 1, 1, 0.887303173542, 1, 1, 1, 1, 1, 1, 0.800363481045, 0.762847900391, 1, 1, 1, 1, 1, 0.88786059618, 1, 1, 1, 1, 1, 1, 1, 1, 1]
        mean: [0.547679066658, 0.31046757102, 0.130565449595, 0.122083611786, 0.168467655778, 0.194949895144, 0.187126040459, 0.216036424041, 0.246688336134, 0.201274514198, 0.147395610809, 0.149390950799, 0.159626662731, 0.18507117033, 0.395175009966, 0.567817389965, 0.424738198519, 0.240216374397, 0.156346485019, 0.120737761259, 0.224226102233, 0.385980218649, 0.384388744831, 0.382089674473, 0.355434805155, 0.215794086456, 0.215383738279, 0.233639657497, 0.171594113111, 0.239126652479, 0.338261187077, 0.311896473169, 0.26625931263, 0.249372750521, 0.308492600918, 0.501904010773]
        min: [0.0384045056999, 0.0241829622537, 0.00256170635112, 0.0109800929204, 0.015785144642, 0.0217896867543, 0.0209587682039, 0.0224439483136, 0.0157093908638, 0.0149600626901, 0.00480335811153, 0.0108902845532, 0.0175317972898, 0.02348568663, 0.045712146908, 0.076588563621, 0.0551073625684, 0.0244356002659, 0.0147154703736, 0.0125215919688, 0.0174478124827, 0.0412713997066, 0.0328096039593, 0.0473452247679, 0.0409618727863, 0.0136843984947, 0.0215250533074, 0.0225777514279, 0.0287315007299, 0.024911031127, 0.0118086962029, 0.016403445974, 0.0193393137306, 0.0181372240186, 0.017535308376, 0.0410785600543]
        var: [0.0823262631893, 0.0323431938887, 0.0223622117192, 0.0223694331944, 0.0249192584306, 0.0321212895215, 0.0335300043225, 0.0339950248599, 0.0504677444696, 0.0509697981179, 0.0274136997759, 0.0179643724114, 0.0179799720645, 0.0335069671273, 0.0621957071126, 0.087673150003, 0.0600677765906, 0.042769305408, 0.0268631856889, 0.0145113877952, 0.0249624736607, 0.0783527493477, 0.0540151521564, 0.0705648213625, 0.0678286477923, 0.0290323868394, 0.0260792896152, 0.033142093569, 0.0192170999944, 0.0430153533816, 0.0670618489385, 0.0511467903852, 0.0626499280334, 0.0521102845669, 0.0465613752604, 0.0746352002025]
    chords_histogram: [95.3703689575, 0, 0, 0, 0, 0, 0, 4.62962961197, 0, 0, 0, 0, 0, 0, 0, 0, 0, 0, 0, 0, 0, 0, 0, 0]
    thpcp: [1, 0.748018980026, 0.423052161932, 0.275346428156, 0.212634846568, 0.394891232252, 0.679761171341, 0.67695838213, 0.67290943861, 0.625966727734, 0.380041360855, 0.37931868434, 0.411469697952, 0.302199453115, 0.42113301158, 0.595721781254, 0.549290120602, 0.468917161226, 0.439177721739, 0.543295443058, 0.883917987347, 0.964533805847, 0.546773612499, 0.229942679405, 0.21500505507, 0.296693384647, 0.343332022429, 0.329553216696, 0.380468130112, 0.434450119734, 0.354470491409, 0.25958275795, 0.263096809387, 0.281123250723, 0.325934320688, 0.69595438242]
    chords_key: "D"
    chords_scale: "minor"
    key_key: "D"
    key_scale: "minor"
    chords_progression: ["Dm", "Dm", "Dm", "Dm", "Dm", "Dm", "Dm", "Dm", "Dm", "Dm", "Dm", "Dm", "Dm", "Dm", "Dm", "Dm", "Dm", "Dm", "Dm", "Dm", "Dm", "Dm", "Dm", "Dm", "Dm", "Dm", "Dm", "Dm", "Dm", "Dm", "Dm", "Dm", "Dm", "Dm", "Dm", "Dm", "Dm", "Dm", "Dm", "Dm", "Dm", "Dm", "Dm", "Dm", "Dm", "Dm", "Dm", "Dm", "Dm", "Dm", "Dm", "Dm", "Dm", "Dm", "Dm", "Dm", "Dm", "Dm", "Dm", "Dm", "Dm", "Dm", "Dm", "Dm", "Dm", "Dm", "Dm", "Dm", "Dm", "Dm", "Dm", "Dm", "Dm", "Dm", "Dm", "Dm", "Dm", "Dm", "Dm", "Dm", "Dm", "Dm", "Dm", "Dm", "Dm", "Dm", "Dm", "Dm", "Dm", "Dm", "Dm", "Dm", "Dm", "Dm", "Dm", "Dm", "Dm", "Dm", "Dm", "Dm", "Dm", "Dm", "Dm", "Dm", "Dm", "Dm", "Dm", "Dm", "Dm", "Dm", "Dm", "Dm", "Dm", "Dm", "Dm", "Dm", "Dm", "Dm", "Dm", "Dm", "Dm", "Dm", "Dm", "Dm", "Dm", "Dm", "Dm", "Dm", "Dm", "Dm", "Dm", "Dm", "Dm", "Dm", "Dm", "Dm", "Dm", "Dm", "Dm", "Dm", "Dm", "Dm", "Dm", "Dm", "Dm", "Dm", "Dm", "Dm", "Dm", "Dm", "Dm", "Dm", "Dm", "Dm", "Dm", "Dm", "Dm", "Dm", "Dm", "Dm", "Dm", "Dm", "Dm", "Dm", "Dm", "Dm", "Dm", "Dm", "Dm", "Dm", "Dm", "Dm", "Dm", "Dm", "Dm", "Dm", "Dm", "Dm", "Dm", "Dm", "Dm", "Dm", "Dm", "Dm", "Dm", "Dm", "D", "D", "D", "D", "D", "D", "D", "Dm", "Dm", "Dm", "Dm", "Dm", "Dm", "Dm", "Dm", "Dm", "Dm", "Dm", "Dm", "Dm", "Dm", "Dm", "Dm", "Dm", "Dm", "Dm", "D", "D", "D", "Dm"]
