
metadata:
    version:
        essentia: "1.2.2"
    audio_properties:
        analysis_sample_rate: 44100
        bitrate: 128
        channels: 2
        equal_loudness: 1
        length: 10.1093873978
        replay_gain: -11.478931427
        downmix: "mix"
    tags:
        track: 34
        year: 0
        album: "Splitted by Mp3Splt v. 2.1"
        artist: "From 005.30 To 005.40"
        comment: "http://mp3splt.sf.net"
        genre: ""
        title: "03 Get the Balance Right.mp3"

highlevel:
    ballroom:
        all:
            ChaChaCha: 0.415295153856
            Jive: 0.0915396660566
            Quickstep: 0.020751317963
            Rumba-American: 0.002490516752
            Rumba-International: 0.0345863737166
            Rumba-Misc: 0.0119326151907
            Samba: 0.404562622309
            Tango: 0.00954223331064
            VienneseWaltz: 0.0048631792888
            Waltz: 0.00443629967049
        probability: 0.415295153856
        value: "ChaChaCha"
    culture:
        all:
            non_western: 0.0489482916892
            western: 0.951051712036
        probability: 0.951051712036
        value: "western"
    gender:
        all:
            female: 0.722747206688
            male: 0.27725276351
        probability: 0.722747206688
        value: "female"
    genre_dortmund:
        all:
            alternative: 0.00658383825794
            blues: 0.0183886159211
            electronic: 0.134454220533
            folkcountry: 0.0103687215596
            funksoulrnb: 0.0349729731679
            jazz: 0.653789758682
            pop: 0.0131713962182
            raphiphop: 0.0979138314724
            rock: 0.0303566530347
        probability: 0.653789758682
        value: "jazz"
    genre_electronica:
        all:
            ambient: 0.00659534661099
            dnb: 0.0111826332286
            house: 0.915927052498
            techno: 0.0499414801598
            trance: 0.0163535047323
        probability: 0.915927052498
        value: "house"
    genre_rosamerica:
        all:
            cla: 0.0172745231539
            dan: 0.667169749737
            hip: 0.194473356009
            jaz: 0.0411907099187
            pop: 0.0141440983862
            rhy: 0.0352818518877
            roc: 0.0226580481976
            spe: 0.00780765898526
        probability: 0.667169749737
        value: "dan"
    genre_tzanetakis:
        all:
            blu: 0.00567545183003
            cla: 0.00244682421908
            cou: 0.00739407679066
            dis: 0.388059824705
            hip: 0.142291292548
            jaz: 0.00344140990637
            met: 0.0143882930279
            pop: 0.109167292714
            reg: 0.312875181437
            roc: 0.0142603628337
        probability: 0.388059824705
        value: "dis"
    live_studio:
        all:
            live: 0.00669728731737
            studio: 0.993302702904
        probability: 0.993302702904
        value: "studio"
    mood:
        all:
            Cluster1: 0.321602135897
            Cluster2: 0.282458811998
            Cluster3: 0.0710102394223
            Cluster4: 0.11834859848
            Cluster5: 0.206580206752
        probability: 0.321602135897
        value: "Cluster1"
    mood_acoustic:
        all:
            acoustic: 0.0153705049306
            not_acoustic: 0.984629511833
        probability: 0.984629511833
        value: "not_acoustic"
    mood_aggressive:
        all:
            aggressive: 0.230195000768
            not_aggressive: 0.769805014133
        probability: 0.769805014133
        value: "not_aggressive"
    mood_electronic:
        all:
            electronic: 0.956589698792
            not_electronic: 0.0434103272855
        probability: 0.956589698792
        value: "electronic"
    mood_happy:
        all:
            happy: 0.146137356758
            not_happy: 0.853862643242
        probability: 0.853862643242
        value: "not_happy"
    mood_party:
        all:
            not_party: 0.444777965546
            party: 0.555222034454
        probability: 0.555222034454
        value: "party"
    mood_relaxed:
        all:
            not_relaxed: 0.666474699974
            relaxed: 0.333525270224
        probability: 0.666474699974
        value: "not_relaxed"
    mood_sad:
        all:
            not_sad: 0.721910655499
            sad: 0.278089314699
        probability: 0.721910655499
        value: "not_sad"
    rhythm:
        all:
            fast: 0.195925608277
            medium: 0.600559771061
            slow: 0.203514605761
        probability: 0.600559771061
        value: "medium"
    speech_music:
        all:
            music: 0.99907720089
            speech: 0.000922827515751
        probability: 0.99907720089
        value: "music"
    timbre:
        all:
            bright: 0.9862434268
            dark: 0.0137565592304
        probability: 0.9862434268
        value: "bright"
    voice_instrumental:
        all:
            instrumental: 0.999998390675
            voice: 1.62952915161e-06
        probability: 0.999998390675
        value: "instrumental"

lowlevel:
    average_loudness: 0.961586475372
    barkbands_kurtosis:
        dmean: 2.83097243309
        dmean2: 4.48122787476
        dvar: 20.9489631653
        dvar2: 45.6095733643
        max: 60.8370056152
        mean: 3.23067116737
        min: -1.85408937931
        var: 74.7337799072
    barkbands_skewness:
        dmean: 0.702609598637
        dmean2: 1.07279884815
        dvar: 0.532510697842
        dvar2: 1.29555046558
        max: 5.5925693512
        mean: 0.942027688026
        min: -2.85939478874
        var: 1.55436098576
    barkbands_spread:
        dmean: 8.57763671875
        dmean2: 13.2632007599
        dvar: 100.281265259
        dvar2: 254.49899292
        max: 61.5636558533
        mean: 27.1538219452
        min: 1.15178954601
        var: 222.570388794
    dissonance:
        dmean: 0.023392168805
        dmean2: 0.0396957360208
        dvar: 0.000545582559425
        dvar2: 0.00131278578192
        max: 0.499260604382
        mean: 0.450825303793
        min: 0.248519361019
        var: 0.00115474581253
    hfc:
        dmean: 2.43470191956
        dmean2: 3.84285020828
        dvar: 17.4157218933
        dvar2: 42.5535736084
        max: 35.2288780212
        mean: 3.82847523689
        min: 0.0017333565047
        var: 25.1919593811
    pitch:
        dmean: 706.291687012
        dmean2: 1363.45056152
        dvar: 1912473.375
        dvar2: 4679110
        max: 4410
        mean: 755.545349121
        min: 58.256275177
        var: 1646265.375
    pitch_instantaneous_confidence:
        dmean: 0.100029170513
        dmean2: 0.157158568501
        dvar: 0.0090806344524
        dvar2: 0.0197319407016
        max: 0.896177649498
        mean: 0.484037518501
        min: 0.127966880798
        var: 0.0288226865232
    pitch_salience:
        dmean: 0.085240021348
        dmean2: 0.137331575155
        dvar: 0.0064055537805
        dvar2: 0.0160453505814
        max: 0.91404914856
        mean: 0.608495175838
        min: 0.347238451242
        var: 0.0121945440769
    silence_rate_20dB:
        dmean: 0
        dmean2: 0
        dvar: 0
        dvar2: 0
        max: 1
        mean: 1
        min: 1
        var: 0
    silence_rate_30dB:
        dmean: 0
        dmean2: 0
        dvar: 0
        dvar2: 0
        max: 1
        mean: 1
        min: 1
        var: 0
    silence_rate_60dB:
        dmean: 0.183908045292
        dmean2: 0.366359442472
        dvar: 0.150085747242
        dvar2: 0.245964124799
        max: 1
        mean: 0.626146793365
        min: 0
        var: 0.234086111188
    spectral_centroid:
        dmean: 410.635009766
        dmean2: 664.758911133
        dvar: 252605.859375
        dvar2: 618836.375
        max: 3606.87426758
        mean: 1138.94250488
        min: 141.210403442
        var: 514795.75
    spectral_complexity:
        dmean: 3.27482676506
        dmean2: 4.78703689575
        dvar: 14.1715927124
        dvar2: 30.1676158905
        max: 30
        mean: 8.23041439056
        min: 0
        var: 43.9330711365
    spectral_crest:
        dmean: 2.33466148376
        dmean2: 3.86300969124
        dvar: 5.21858882904
        dvar2: 13.4973535538
        max: 18.2237854004
        mean: 8.177942276
        min: 3.06137156487
        var: 10.6056146622
    spectral_decrease:
        dmean: 4.42890030206e-10
        dmean2: 5.9041488365e-10
        dvar: 4.45830911422e-19
        dvar2: 9.89887039042e-19
        max: -1.40153025904e-12
        mean: -7.94542709404e-10
        min: -4.47785764024e-09
        var: 7.39982334305e-19
    spectral_energy:
        dmean: 0.00183728931006
        dmean2: 0.00243337731808
        dvar: 7.47454532757e-06
        dvar2: 1.64248085639e-05
        max: 0.0182818304747
        mean: 0.00334604084492
        min: 5.4469155657e-06
        var: 1.30094440465e-05
    spectral_energyband_high:
        dmean: 0.000245296832873
        dmean2: 0.000404057238484
        dvar: 2.29742354918e-07
        dvar2: 5.99673796842e-07
        max: 0.00364371482283
        mean: 0.000249699194683
        min: 2.01383016929e-08
        var: 2.25281766575e-07
    spectral_energyband_low:
        dmean: 0.000748053076677
        dmean2: 0.00121339946054
        dvar: 3.03189744955e-06
        dvar2: 7.69632788433e-06
        max: 0.0106170969084
        mean: 0.000774224172346
        min: 9.50014054979e-07
        var: 2.44629063673e-06
    spectral_energyband_middle_high:
        dmean: 0.000447226222605
        dmean2: 0.000707358354703
        dvar: 5.80640914905e-07
        dvar2: 1.42603994391e-06
        max: 0.0096941087395
        mean: 0.000797490589321
        min: 1.58100746717e-07
        var: 1.03113063687e-06
    spectral_energyband_middle_low:
        dmean: 0.000814302300569
        dmean2: 0.00113327812869
        dvar: 1.55771795107e-06
        dvar2: 3.45188709616e-06
        max: 0.0115773752332
        mean: 0.00152458436787
        min: 4.31866646977e-06
        var: 2.92449612971e-06
    spectral_flatness_db:
        dmean: 0.0311536658555
        dmean2: 0.0490152686834
        dvar: 0.00147924106568
        dvar2: 0.00297884596512
        max: 0.428686290979
        mean: 0.203752055764
        min: 0.0827886909246
        var: 0.00446426169947
    spectral_flux:
        dmean: 0.0133785670623
        dmean2: 0.0191437583417
        dvar: 0.000239983608481
        dvar2: 0.000389995402656
        max: 0.104441359639
        mean: 0.030763996765
        min: 0.00167084485292
        var: 0.000572227174416
    spectral_kurtosis:
        dmean: 4.31954240799
        dmean2: 7.09989643097
        dvar: 46.6770172119
        dvar2: 99.991569519
        max: 88.9153366089
        mean: 7.43788766861
        min: -0.380544185638
        var: 171.3334198
    spectral_rms:
        dmean: 0.000444739271188
        dmean2: 0.000531456375029
        dvar: 2.80058941371e-07
        dvar2: 5.38111862625e-07
        max: 0.00422326056287
        mean: 0.00157568790019
        min: 7.28976228856e-05
        var: 7.81636799729e-07
    spectral_rolloff:
        dmean: 782.704406738
        dmean2: 1339.94372559
        dvar: 1189482.75
        dvar2: 2926032.25
        max: 4737.3046875
        mean: 2263.31860352
        min: 193.798828125
        var: 2052047.75
    spectral_skewness:
        dmean: 0.479143589735
        dmean2: 0.767995417118
        dvar: 0.37572273612
        dvar2: 0.759784281254
        max: 8.0930557251
        mean: 1.58874106407
        min: 0.350493937731
        var: 1.71688294411
    spectral_spread:
        dmean: 784771.6875
        dmean2: 1169465.375
        dvar: 1.31168718029e+12
        dvar2: 2.40546480128e+12
        max: 15898319
        mean: 3526257.25
        min: 1051881.5
        var: 2.43732578304e+12
    spectral_strongpeak:
        dmean: 0.257342547178
        dmean2: 0.435746908188
        dvar: 0.242325916886
        dvar2: 0.582262516022
        max: 5.06896591187
        mean: 0.403203159571
        min: 0
        var: 0.323812693357
    zerocrossingrate:
        dmean: 0.00999679695815
        dmean2: 0.0114361802116
        dvar: 9.48520100792e-05
        dvar2: 0.00011847713904
        max: 0.1484375
        mean: 0.0626406371593
        min: 0.0048828125
        var: 0.000969082175288
    barkbands:
        dmean: [6.20132652784e-07, 0.000279619387584, 0.000511041493155, 0.000229207216762, 0.000292001670459, 0.000243950664299, 9.71590270638e-05, 9.52663322096e-05, 6.7518245487e-05, 1.70434177562e-05, 4.99560774188e-05, 1.94893909793e-05, 1.07590003608e-05, 2.29357538046e-05, 3.60393460141e-05, 4.60855517304e-05, 5.68131945329e-05, 0.000104221580841, 0.000152608568897, 0.000170191910001, 0.000102625912405, 3.11869262077e-05, 6.60347905068e-06, 2.54861879512e-06, 1.6439803403e-06, 7.62873995086e-08, 7.65361996002e-10]
        dmean2: [9.76809246822e-07, 0.000438311952166, 0.00086470018141, 0.000391229201341, 0.000430837419117, 0.000324839755194, 0.000152599619469, 0.000145784739289, 0.000102332662209, 2.76174323517e-05, 8.13967562863e-05, 3.1916260923e-05, 1.78206209966e-05, 3.73067741748e-05, 5.69036237721e-05, 7.12998808012e-05, 9.23388142837e-05, 0.000177206675289, 0.000258632993791, 0.000274703605101, 0.000173572334461, 5.21818474226e-05, 1.15034208648e-05, 4.5587112254e-06, 2.98480131278e-06, 1.40080132383e-07, 1.23739152258e-09]
        dvar: [4.20058519218e-12, 4.92523838602e-07, 1.70897180851e-06, 2.95478002954e-07, 2.65701885382e-07, 1.94539055087e-07, 3.14285308889e-08, 2.84489924951e-08, 1.70501515129e-08, 8.08110467432e-10, 3.31684333332e-08, 3.22538973307e-09, 3.44672457242e-10, 1.57720514427e-09, 4.23654533677e-09, 8.41853786682e-09, 6.59268506453e-09, 3.00334761505e-08, 1.35466805773e-07, 1.01526197227e-07, 4.64062850369e-08, 4.18267864788e-09, 2.28647309419e-10, 4.82899657761e-11, 2.47667563541e-11, 6.57322571482e-14, 3.40953359844e-17]
        dvar2: [1.05746114989e-11, 1.09562085981e-06, 4.70271561426e-06, 8.28315364743e-07, 5.77698585857e-07, 3.18163046131e-07, 7.74202462139e-08, 6.32934700207e-08, 3.42853532231e-08, 2.15436735118e-09, 7.69207915141e-08, 8.92847573652e-09, 8.84618323038e-10, 4.06461886371e-09, 8.60340865216e-09, 1.98063467849e-08, 1.68295617442e-08, 7.53890887495e-08, 3.61778091928e-07, 2.49094000537e-07, 1.25204422829e-07, 1.11854490115e-08, 6.16828921274e-10, 1.3293395551e-10, 6.87837911628e-11, 1.86503400614e-13, 8.61577892622e-17]
        max: [3.10494506266e-05, 0.00505788670853, 0.00860387645662, 0.00567187462002, 0.00713323894888, 0.0053434446454, 0.00137156900018, 0.00171077880077, 0.00149127747864, 0.000178864822374, 0.00224231695756, 0.000810014142189, 0.000167428413988, 0.0003907555365, 0.000994531437755, 0.00117754552048, 0.000736358866561, 0.00168816745281, 0.00474468199536, 0.00262379762717, 0.00169368984643, 0.000442894466687, 9.15287600947e-05, 4.24236895924e-05, 3.34598225891e-05, 2.45869637183e-06, 9.30426580226e-08]
        mean: [7.80494985975e-07, 0.000269314070465, 0.000504174793605, 0.000271834083833, 0.000472168932902, 0.000372570502805, 0.000135236332426, 0.000153387431055, 0.000113957932626, 1.92949100892e-05, 5.68387986277e-05, 2.31961657846e-05, 1.67294110724e-05, 3.38119607477e-05, 6.13196461927e-05, 7.21354808775e-05, 0.000106592706288, 0.000143598721479, 0.000193988220417, 0.000192401756067, 9.69007232925e-05, 2.7900965506e-05, 5.06468450112e-06, 1.7508232304e-06, 1.04681521407e-06, 4.73335148854e-08, 5.18521947601e-10]
        min: [9.94512180941e-11, 1.03835994025e-07, 1.21577599543e-07, 3.74763772015e-07, 5.68819530145e-07, 1.20763934319e-06, 1.47161912878e-07, 5.34264614771e-08, 2.0398369216e-08, 1.28563799606e-08, 3.71261155152e-09, 8.96376572967e-09, 3.59357743562e-09, 2.68158273364e-09, 8.41130542995e-09, 1.24497452347e-08, 6.57501608714e-09, 1.11918767587e-08, 1.1347451867e-08, 1.01194492785e-08, 8.11376299481e-09, 3.63468322107e-09, 4.4322343018e-10, 2.28722776829e-10, 9.10230875048e-13, 7.54185516122e-12, 1.48308574216e-14]
        var: [3.29343561971e-12, 4.74776129522e-07, 1.1989881159e-06, 2.1819600704e-07, 4.94462483402e-07, 4.64537748712e-07, 4.31301039328e-08, 7.72603527821e-08, 4.31791633559e-08, 8.70541971842e-10, 3.9102790339e-08, 2.715430103e-09, 7.29756977069e-10, 3.77307296517e-09, 1.41940645904e-08, 1.6839701189e-08, 1.93518943092e-08, 4.63701681497e-08, 1.31353104393e-07, 1.23869085655e-07, 3.99825133002e-08, 3.62591578984e-09, 1.64906185929e-10, 3.12977976868e-11, 1.53340604103e-11, 3.81317631008e-14, 2.07310023439e-17]
    mfcc:
        mean: [-803.619812012, 156.396697998, -50.1574516296, 93.0423355103, -26.4069137573, 9.54207801819, -15.9618654251, 0.982032477856, -8.41984844208, 2.32540273666, -8.11316776276, 2.82849764824, -5.76957511902]
        cov: [[10691.8847656, -3289.91503906, -639.951416016, -553.445129395, 209.59576416, -462.515350342, 199.846847534, -8.22908401489, 167.986541748, -85.2827911377, 130.37677002, -84.9869842529, 106.874359131], [-3289.91503906, 2172.9519043, 107.719726562, 286.971893311, -146.965896606, 110.92881012, -209.476242065, -14.4154272079, -134.521896362, 79.3869781494, -16.9053878784, 123.880935669, -35.6998214722], [-639.951416016, 107.719726562, 1494.42041016, -12.1191549301, 343.270507812, -106.130401611, 223.92175293, -222.9090271, 124.7394104, -210.572753906, 142.063705444, -86.6033554077, 118.346473694], [-553.445129395, 286.971893311, -12.1191549301, 460.97946167, -123.80607605, 196.487701416, -99.9951248169, 120.893379211, -116.17401123, 82.6748046875, -30.8808860779, 26.8891658783, -39.2321472168], [209.59576416, -146.965896606, 343.270507812, -123.80607605, 303.299560547, -142.006958008, 152.385147095, -162.411804199, 132.964630127, -109.392089844, 108.816070557, -85.6582794189, 67.4458389282], [-462.515350342, 110.92881012, -106.130401611, 196.487701416, -142.006958008, 281.325256348, -76.696144104, 175.632125854, -118.472068787, 75.7350692749, -93.240562439, 64.4649810791, -49.4249382019], [199.846847534, -209.476242065, 223.92175293, -99.9951248169, 152.385147095, -76.696144104, 243.054595947, -81.0066299438, 111.469360352, -127.778251648, 67.1453781128, -92.6130218506, 65.6457443237], [-8.22908401489, -14.4154272079, -222.9090271, 120.893379211, -162.411804199, 175.632125854, -81.0066299438, 209.293991089, -79.3758087158, 92.0311203003, -90.6901550293, 68.1664886475, -43.2332687378], [167.986541748, -134.521896362, 124.7394104, -116.17401123, 132.964630127, -118.472068787, 111.469360352, -79.3758087158, 142.866149902, -49.6653175354, 65.4619598389, -69.3673629761, 39.7172164917], [-85.2827911377, 79.3869781494, -210.572753906, 82.6748046875, -109.392089844, 75.7350692749, -127.778251648, 92.0311203003, -49.6653175354, 141.826049805, -36.5316848755, 59.0916519165, -55.7169456482], [130.37677002, -16.9053878784, 142.063705444, -30.8808860779, 108.816070557, -93.240562439, 67.1453781128, -90.6901550293, 65.4619598389, -36.5316848755, 118.372619629, -46.114402771, 34.1456413269], [-84.9869842529, 123.880935669, -86.6033554077, 26.8891658783, -85.6582794189, 64.4649810791, -92.6130218506, 68.1664886475, -69.3673629761, 59.0916519165, -46.114402771, 120.889785767, -7.42478561401], [106.874359131, -35.6998214722, 118.346473694, -39.2321472168, 67.4458389282, -49.4249382019, 65.6457443237, -43.2332687378, 39.7172164917, -55.7169456482, 34.1456413269, -7.42478561401, 83.6784057617]]
        icov: [[0.000218416404095, 0.000323288317304, 8.07140386314e-05, -2.29024990404e-05, -0.000130615910166, 0.000514508457854, 5.43712740182e-05, -0.00037636255729, 0.000364916602848, 8.78785867826e-05, -0.000309600873152, -0.000185585842701, -9.86831655609e-05], [0.000323288317304, 0.00108812202234, 5.21867259522e-05, -0.000399689888582, 0.000216305663344, 0.000438710674644, 0.00047953077592, 0.000317405734677, 0.000183437077794, 0.00034684597631, -0.000605725101195, -0.000950993213337, -3.06300717057e-05], [8.07140386314e-05, 5.21867259522e-05, 0.00113890098874, -0.000402796082199, -0.000866417249199, -0.000332555471687, -2.48402120633e-05, 0.000468136131531, -0.000291358999675, 0.00118387246039, -0.000362638296792, -0.000701467390172, -0.000104844933958], [-2.29024990404e-05, -0.000399689888582, -0.000402796082199, 0.00427106861025, 0.000226217525778, -0.00199234182946, 0.000565833703149, -0.00117336725816, 0.00260469829664, -0.00171432190109, -0.00183760537766, 0.00302215665579, -0.00133814022411], [-0.000130615910166, 0.000216305663344, -0.000866417249199, 0.000226217525778, 0.00996765587479, -0.00229761051014, -0.000361482845619, 0.00485937902704, -0.00535651203245, 0.00116483226884, -0.00234729470685, -0.000298412574921, -0.000757001282182], [0.000514508457854, 0.000438710674644, -0.000332555471687, -0.00199234182946, -0.00229761051014, 0.0133160874248, -0.00290414015763, -0.00855682138354, 0.00716221844777, -0.0015280166408, 0.00215644971468, -0.000251303426921, 0.00132153742015], [5.43712740182e-05, 0.00047953077592, -2.48402120633e-05, 0.000565833703149, -0.000361482845619, -0.00290414015763, 0.0136671103537, -0.00202945526689, -0.00649058399722, 0.0093090692535, -0.00294173462316, 0.00278873206116, -0.00203186483122], [-0.00037636255729, 0.000317405734677, 0.000468136131531, -0.00117336725816, 0.00485937902704, -0.00855682138354, -0.00202945526689, 0.0190036986023, -0.00509232655168, -0.00440947385505, 0.00446845917031, -0.00336886988953, -0.000797699904069], [0.000364916602848, 0.000183437077794, -0.000291358999675, 0.00260469829664, -0.00535651203245, 0.00716221844777, -0.00649058399722, -0.00509232655168, 0.0243565626442, -0.008574757725, -0.00126702280249, 0.00701071275398, -0.00387689331546], [8.78785867826e-05, 0.00034684597631, 0.00118387246039, -0.00171432190109, 0.00116483226884, -0.0015280166408, 0.0093090692535, -0.00440947385505, -0.008574757725, 0.0237004160881, -0.00526958983392, -0.00585352117196, 0.00761674949899], [-0.000309600873152, -0.000605725101195, -0.000362638296792, -0.00183760537766, -0.00234729470685, 0.00215644971468, -0.00294173462316, 0.00446845917031, -0.00126702280249, -0.00526958983392, 0.0180126950145, 0.0015287323622, -0.00255147460848], [-0.000185585842701, -0.000950993213337, -0.000701467390172, 0.00302215665579, -0.000298412574921, -0.000251303426921, 0.00278873206116, -0.00336886988953, 0.00701071275398, -0.00585352117196, 0.0015287323622, 0.0188899729401, -0.00776873715222], [-9.86831655609e-05, -3.06300717057e-05, -0.000104844933958, -0.00133814022411, -0.000757001282182, 0.00132153742015, -0.00203186483122, -0.000797699904069, -0.00387689331546, 0.00761674949899, -0.00255147460848, -0.00776873715222, 0.0214205160737]]
    spectral_contrast:
        mean: [4.30013528785e-07, 5.62355751299e-07, -4.94787627758e-07, -2.13178452668e-07, 2.42023702413e-07, -4.08065204738e-07, 1.66645793342e-06, 1.86374381883e-06, -2.97609494737e-06, -4.61180633238e-07, -6.64166066144e-07, 5.3418943935e-06]
        var: [0.000402460689656, 0.000972177484073, 0.00191834173165, 0.00273372628726, 0.00342457252555, 0.0105432244018, 0.0700396075845, 0.109181933105, 0.209501177073, 0.704125344753, 1.01040816307, 6.05945682526]

rhythm:
    beats_loudness:
        dmean: 0.00320389633998
        dmean2: 0.00535107031465
        dvar: 5.90802756051e-06
        dvar2: 1.18932694022e-05
        max: 0.0149107016623
        mean: 0.00756254559383
        min: 0.00310797337443
        var: 8.61942135089e-06
    beats_loudness_bass:
        dmean: 0.296669334173
        dmean2: 0.543422520161
        dvar: 0.0357822217047
        dvar2: 0.120062954724
        max: 0.874379336834
        mean: 0.588984251022
        min: 0.178507447243
        var: 0.0454955734313
    bpm: 129.865371704
    bpm_confidence: 0
    first_peak_bpm: 130
    first_peak_spread: 0
    first_peak_weight: 0.949999988079
    onset_rate: 4.15455436707
    second_peak_bpm: 122
    second_peak_spread: 0
    second_peak_weight: 0.0500000007451
    beats_position: [0.343593508005, 0.80560284853, 1.26761209965, 1.72962141037, 2.19163060188, 2.65364003181, 3.11564946175, 3.57765865326, 4.03966808319, 4.50167703629, 4.96368646622, 5.42569589615, 5.88770484924, 6.37864875793, 6.84067726135, 7.30270671844, 7.76473617554, 8.22676563263, 8.68879508972, 9.15082454681, 9.61285400391]
    bpm_estimates: [130.135986328, 129.782028198, 130.404388428, 130.446166992, 129.864364624, 129.7371521, 129.641067505, 129.637268066, 129.584671021, 129.638336182, 129.678695679, 130.090454102, 129.729614258, 130.399810791, 130.327880859, 129.866912842, 130.081130981, 129.681762695, 129.560897827, 129.611404419, 129.571670532, 129.566680908]
    bpm_intervals: [0.462009340525, 0.462009251118, 0.462009310722, 0.462009191513, 0.462009429932, 0.462009429932, 0.462009191513, 0.462009429932, 0.462008953094, 0.462009429932, 0.462009429932, 0.462008953094, 0.490943908691, 0.462028503418, 0.462029457092, 0.462029457092, 0.462029457092, 0.462029457092, 0.462029457092, 0.462029457092]
    onset_times: [0.104489795864, 0.336689352989, 0.801088452339, 1.03328800201, 1.26548755169, 1.49768710136, 1.72988665104, 1.95047616959, 2.19428563118, 2.41487526894, 2.65868473053, 2.89088439941, 3.12308382988, 3.34367346764, 3.58748292923, 3.80807256699, 4.051882267, 4.29569149017, 4.51628112793, 4.73687076569, 4.9806804657, 5.20126962662, 5.44507932663, 5.66566896439, 5.9094786644, 6.3622674942, 6.59446716309, 6.82666683197, 7.05886602402, 7.2910656929, 7.52326536179, 7.7670750618, 7.99927425385, 8.2198638916, 8.45206356049, 8.68426322937, 8.91646289825, 9.14866256714, 9.38086128235, 9.61306095123, 9.91492080688, 10.077460289]
    rubato_start: []
    rubato_stop: []
    perceptual_tempo: "unknown"

sfx:
    inharmonicity:
        dmean: 0.0473365262151
        dmean2: 0.0812849551439
        dvar: 0.00279749138281
        dvar2: 0.0079866880551
        max: 0.394228637218
        mean: 0.0471910238266
        min: 7.04147942088e-06
        var: 0.00308611849323
    oddtoevenharmonicenergyratio:
        dmean: 1.94687831402
        dmean2: 3.20903325081
        dvar: 76.0870742798
        dvar2: 94.390914917
        max: 168.595581055
        mean: 1.89531230927
        min: 4.04044840252e-05
        var: 78.8602905273
    pitch_after_max_to_before_max_energy_ratio: 3.9859688282
    pitch_centroid: 241.808670044
    pitch_max_to_total: 0.396313369274
    pitch_min_to_total: 0.0852534547448
    tristimulus:
        dmean: [0.206257119775, 0.230464830995, 0.114513650537]
        dmean2: [0.358590453863, 0.409429728985, 0.196202665567]
        dvar: [0.0358077846467, 0.0401716344059, 0.015675758943]
        dvar2: [0.0968804806471, 0.112778700888, 0.0469048880041]
        max: [0.985005617142, 0.961878478527, 0.619391739368]
        mean: [0.411510229111, 0.42759630084, 0.117511175573]
        min: [0.0073666004464, 0, 0]
        var: [0.0670555308461, 0.0664933398366, 0.0170425903052]

tonal:
    chords_changes_rate: 0.041284404695
    chords_number_rate: 0.0275229364634
    chords_strength:
        dmean: 0.0104599725455
        dmean2: 0.00950813665986
        dvar: 6.06489775237e-05
        dvar2: 5.86596070207e-05
        max: 0.637152671814
        mean: 0.472837030888
        min: 0.270189285278
        var: 0.00813588500023
    key_strength: 0.761463582516
    tuning_diatonic_strength: 0.584607958794
    tuning_equal_tempered_deviation: 0.0667320564389
    tuning_frequency: 437.465789795
    tuning_nontempered_energy_ratio: 0.69681084156
    hpcp:
        dmean: [0.137695491314, 0.127785503864, 0.140995755792, 0.16290988028, 0.150688529015, 0.129502430558, 0.10365793854, 0.123178370297, 0.170099630952, 0.197597205639, 0.17046622932, 0.113050334156, 0.0885402485728, 0.0882524773479, 0.0910807922482, 0.11605527252, 0.101602621377, 0.0894625857472, 0.0967346653342, 0.114260971546, 0.190823659301, 0.211463809013, 0.144721642137, 0.119613952935, 0.140554979444, 0.134778752923, 0.0871878936887, 0.0783428773284, 0.0969813093543, 0.142012760043, 0.159028545022, 0.128003194928, 0.0879321470857, 0.0741440802813, 0.123449631035, 0.153981506824]
        dmean2: [0.22336615622, 0.21207998693, 0.236336171627, 0.27279818058, 0.264197736979, 0.23534218967, 0.190516412258, 0.227702230215, 0.298458516598, 0.331227362156, 0.288617879152, 0.199564814568, 0.159394577146, 0.162311136723, 0.156572625041, 0.194040998816, 0.177560821176, 0.152391985059, 0.165508568287, 0.212111651897, 0.320965588093, 0.364171981812, 0.251778841019, 0.197313681245, 0.222468778491, 0.223895177245, 0.152346417308, 0.14164981246, 0.175189867616, 0.248884394765, 0.261153817177, 0.202970951796, 0.148180544376, 0.12782715261, 0.220930665731, 0.268614172935]
        dvar: [0.0342658758163, 0.0295583866537, 0.0326612628996, 0.0437443293631, 0.047305945307, 0.037100404501, 0.030134331435, 0.0363658703864, 0.0306924898177, 0.054472155869, 0.0333329439163, 0.0223490670323, 0.0179214589298, 0.0279871504754, 0.0183904916048, 0.0260497573763, 0.0262398645282, 0.016462976113, 0.0245487336069, 0.035667128861, 0.050384696573, 0.0577132441103, 0.0428856424987, 0.0257936269045, 0.0402686595917, 0.0308547951281, 0.0180936083198, 0.0224342122674, 0.0191613752395, 0.027196360752, 0.0374172441661, 0.0221783109009, 0.0205268207937, 0.0148871904239, 0.0372631922364, 0.0414452888072]
        dvar2: [0.0765089690685, 0.0728328377008, 0.0817324817181, 0.0931952595711, 0.124653816223, 0.102606490254, 0.0791635513306, 0.109560973942, 0.0916043147445, 0.112025938928, 0.0805013254285, 0.0618140213192, 0.0522004142404, 0.0789832174778, 0.0520084090531, 0.066712461412, 0.0663807839155, 0.0396687984467, 0.0547052770853, 0.0994214713573, 0.12924644351, 0.136588588357, 0.120315186679, 0.0671479254961, 0.0960341095924, 0.0729996785522, 0.0502916052938, 0.0596715658903, 0.0481074526906, 0.074317522347, 0.0859794914722, 0.0564747639, 0.0531462021172, 0.0398233607411, 0.100403450429, 0.111624494195]
        max: [1, 1, 1, 1, 1, 1, 1, 1, 1, 1, 1, 0.839473843575, 0.855852246284, 1, 0.955738782883, 1, 1, 0.83167630434, 1, 1, 1, 1, 1, 1, 1, 1, 1, 1, 0.70804131031, 1, 1, 1, 1, 1, 1, 1]
        mean: [0.197307407856, 0.170341774821, 0.196262046695, 0.287219166756, 0.222132310271, 0.119575351477, 0.0947074368596, 0.100722260773, 0.282680749893, 0.480961054564, 0.331966429949, 0.118326731026, 0.0814608335495, 0.0673289373517, 0.091261073947, 0.128043428063, 0.100834414363, 0.0939610973001, 0.107586473227, 0.104962930083, 0.257518619299, 0.315046042204, 0.156987547874, 0.147845327854, 0.246415749192, 0.19653788209, 0.0846704766154, 0.0616847835481, 0.0836516395211, 0.205134853721, 0.321452558041, 0.217519119382, 0.0904749855399, 0.079619191587, 0.104269430041, 0.156810358167]
        min: [6.84552142047e-05, 7.97896791482e-05, 0.000404636346502, 0.000482676638057, 0.000289740157314, 0.000174082757439, 9.21656319406e-05, 9.95348018478e-05, 0.000399050215492, 0.00109971372876, 0.000816267856862, 7.83699724707e-05, 9.85188162304e-05, 7.46925361454e-05, 0.000563218898606, 0.00048719838378, 0.000716936949175, 8.30502758618e-05, 6.39611753286e-05, 9.36520591495e-05, 0.000251768127782, 0.000287667528028, 2.57638639596e-05, 0.000175495806616, 0.000167868289282, 0.000319701357512, 0.000259333552094, 8.03985822131e-05, 4.12923072872e-05, 8.69502255227e-05, 6.14537129877e-05, 0.00102911738213, 0.000508674362209, 0.000135685972054, 0.000132975415909, 0.000145219237311]
        var: [0.0817928165197, 0.0481466948986, 0.0429834760725, 0.113467879593, 0.0876180157065, 0.0305427499115, 0.0258285626769, 0.0274108462036, 0.0499677211046, 0.150113150477, 0.0710534676909, 0.020872425288, 0.0133430063725, 0.0193207282573, 0.0171441230923, 0.0282590612769, 0.0227517597377, 0.0222766380757, 0.0336337387562, 0.0255148299038, 0.0716121643782, 0.0954581871629, 0.0390963479877, 0.0392241477966, 0.10290081054, 0.0645043179393, 0.0181508082896, 0.0175616033375, 0.018170196563, 0.0471591874957, 0.106945931911, 0.0493180155754, 0.0207934714854, 0.021681888029, 0.0312598310411, 0.0414983406663]
    chords_histogram: [34.8623847961, 1.37614679337, 38.5321083069, 0, 0, 0, 0, 0, 0, 0, 0, 0, 0, 0, 0, 0, 0, 0, 0, 16.5137615204, 0, 4.1284403801, 4.58715581894, 0]
    thpcp: [1, 0.690214812756, 0.246021434665, 0.169370949268, 0.139988332987, 0.189747318625, 0.266224116087, 0.20965193212, 0.19536113739, 0.223690614104, 0.218235820532, 0.535425126553, 0.655034422874, 0.326403856277, 0.307395637035, 0.51234036684, 0.408635765314, 0.176044344902, 0.128253176808, 0.173926010728, 0.426510334015, 0.66835463047, 0.452259331942, 0.188112914562, 0.165541872382, 0.216793909669, 0.32603546977, 0.410235732794, 0.35416957736, 0.408062249422, 0.597177624702, 0.461850941181, 0.248617529869, 0.196912899613, 0.209418743849, 0.587741434574]
    chords_key: "C"
    chords_scale: "major"
    key_key: "F"
    key_scale: "major"
    chords_progression: ["F", "F", "F", "A#", "A#", "A#", "A#", "A#", "A#", "A#", "F", "F", "F", "F", "F", "F", "F", "F", "F", "F", "F", "F", "F", "F", "F", "F", "F", "F", "F", "F", "F", "F", "F", "F", "F", "F", "F", "F", "F", "F", "F", "F", "C", "C", "C", "C", "C", "C", "C", "C", "C", "C", "C", "C", "C", "C", "C", "C", "C", "C", "C", "C", "C", "C", "C", "C", "C", "C", "C", "C", "C", "C", "C", "C", "C", "C", "C", "C", "C", "C", "C", "C", "C", "C", "C", "C", "C", "C", "C", "C", "C", "C", "C", "C", "C", "C", "C", "C", "C", "C", "C", "C", "C", "Am", "Am", "Am", "A#", "A#", "A#", "Gm", "Gm", "Gm", "Gm", "Gm", "Gm", "Gm", "Gm", "Gm", "C", "C", "C", "C", "C", "C", "C", "C", "C", "C", "C", "C", "C", "C", "C", "C", "C", "C", "C", "C", "C", "C", "C", "Cm", "Cm", "Cm", "Cm", "Cm", "Cm", "Cm", "Cm", "Cm", "Cm", "Cm", "Cm", "Cm", "Cm", "Cm", "Cm", "Cm", "Cm", "Cm", "Cm", "Cm", "Cm", "Cm", "Cm", "Cm", "Cm", "Cm", "Cm", "Cm", "Cm", "Cm", "Cm", "Cm", "Cm", "Cm", "Cm", "F", "F", "F", "F", "F", "F", "F", "F", "F", "F", "F", "F", "F", "F", "F", "F", "F", "F", "F", "F", "F", "F", "F", "F", "F", "F", "F", "F", "F", "F", "F", "F", "F", "F", "F", "F", "F", "F", "F", "F", "F"]
