
metadata:
    version:
        essentia: "1.2.2"
    audio_properties:
        analysis_sample_rate: 44100
        bitrate: 128
        channels: 2
        equal_loudness: 1
        length: 10.0571432114
        replay_gain: -12.0708618164
        downmix: "mix"
    tags:
        track: 12
        year: 0
        album: "Splitted by Mp3Splt v. 2.1"
        artist: "From 001.50 To 002.00"
        comment: "http://mp3splt.sf.net"
        genre: ""
        title: "01 Side Streets.mp3"

highlevel:
    ballroom:
        all:
            ChaChaCha: 0.0085282381624
            Jive: 0.0316652692854
            Quickstep: 0.0518066696823
            Rumba-American: 0.0261159259826
            Rumba-International: 0.581892609596
            Rumba-Misc: 0.171949237585
            Samba: 0.0265767611563
            Tango: 0.00181599578355
            VienneseWaltz: 0.036094006151
            Waltz: 0.0635553076863
        probability: 0.581892609596
        value: "Rumba-International"
    culture:
        all:
            non_western: 0.0133544262499
            western: 0.986645579338
        probability: 0.986645579338
        value: "western"
    gender:
        all:
            female: 0.995059072971
            male: 0.00494091026485
        probability: 0.995059072971
        value: "female"
    genre_dortmund:
        all:
            alternative: 0.0409543998539
            blues: 0.0276554003358
            electronic: 0.0430589057505
            folkcountry: 0.217127621174
            funksoulrnb: 0.0653883591294
            jazz: 0.284813433886
            pop: 0.263077408075
            raphiphop: 0.00379996630363
            rock: 0.0541245266795
        probability: 0.284813433886
        value: "jazz"
    genre_electronica:
        all:
            ambient: 0.716136336327
            dnb: 0.132502228022
            house: 0.0589845962822
            techno: 0.00625530257821
            trance: 0.0861215665936
        probability: 0.716136336327
        value: "ambient"
    genre_rosamerica:
        all:
            cla: 0.0128394290805
            dan: 0.0146909169853
            hip: 0.00252988771535
            jaz: 0.0480252765119
            pop: 0.488967239857
            rhy: 0.409317702055
            roc: 0.0204357709736
            spe: 0.00319377169944
        probability: 0.488967239857
        value: "pop"
    genre_tzanetakis:
        all:
            blu: 0.000292716576951
            cla: 0.000348479108652
            cou: 0.00533528532833
            dis: 0.00479374360293
            hip: 0.000254574842984
            jaz: 0.000989314285107
            met: 0.0008862404502
            pop: 0.966918706894
            reg: 0.00164633104578
            roc: 0.0185346342623
        probability: 0.966918706894
        value: "pop"
    live_studio:
        all:
            live: 0.565141379833
            studio: 0.434858620167
        probability: 0.565141379833
        value: "live"
    mood:
        all:
            Cluster1: 0.0658350363374
            Cluster2: 0.252724677324
            Cluster3: 0.550417661667
            Cluster4: 0.117580667138
            Cluster5: 0.0134419612586
        probability: 0.550417661667
        value: "Cluster3"
    mood_acoustic:
        all:
            acoustic: 0.889898717403
            not_acoustic: 0.110101260245
        probability: 0.889898717403
        value: "acoustic"
    mood_aggressive:
        all:
            aggressive: 2.91126161756e-06
            not_aggressive: 0.999997079372
        probability: 0.999997079372
        value: "not_aggressive"
    mood_electronic:
        all:
            electronic: 0.0535268932581
            not_electronic: 0.946473121643
        probability: 0.946473121643
        value: "not_electronic"
    mood_happy:
        all:
            happy: 0.30790194869
            not_happy: 0.692098081112
        probability: 0.692098081112
        value: "not_happy"
    mood_party:
        all:
            not_party: 0.932500839233
            party: 0.0674991831183
        probability: 0.932500839233
        value: "not_party"
    mood_relaxed:
        all:
            not_relaxed: 0.259623497725
            relaxed: 0.740376472473
        probability: 0.740376472473
        value: "relaxed"
    mood_sad:
        all:
            not_sad: 9.87592557067e-06
            sad: 0.999990105629
        probability: 0.999990105629
        value: "sad"
    rhythm:
        all:
            fast: 0.186910316348
            medium: 0.68284869194
            slow: 0.130241021514
        probability: 0.68284869194
        value: "medium"
    speech_music:
        all:
            music: 6.17281057202e-06
            speech: 0.999993801117
        probability: 0.999993801117
        value: "speech"
    timbre:
        all:
            bright: 0.888090372086
            dark: 0.111909620464
        probability: 0.888090372086
        value: "bright"
    voice_instrumental:
        all:
            instrumental: 0.0916792303324
            voice: 0.908320784569
        probability: 0.908320784569
        value: "voice"

lowlevel:
    average_loudness: 0.975450992584
    barkbands_kurtosis:
        dmean: 3.68341445923
        dmean2: 5.62548589706
        dvar: 61.934677124
        dvar2: 120.490783691
        max: 125.083724976
        mean: 6.33941888809
        min: -1.86714375019
        var: 187.508239746
    barkbands_skewness:
        dmean: 0.610135912895
        dmean2: 0.877258956432
        dvar: 0.540444850922
        dvar2: 1.1122969389
        max: 9.60294532776
        mean: 1.82224869728
        min: -4.52903652191
        var: 2.30234217644
    barkbands_spread:
        dmean: 5.42883968353
        dmean2: 8.41216278076
        dvar: 53.6706733704
        dvar2: 120.233932495
        max: 77.8814086914
        mean: 18.5607643127
        min: 0.852728009224
        var: 149.616622925
    dissonance:
        dmean: 0.0279757753015
        dmean2: 0.0438617914915
        dvar: 0.00103005056735
        dvar2: 0.00209164177068
        max: 0.497960597277
        mean: 0.423209309578
        min: 0.0012534558773
        var: 0.00240262318403
    hfc:
        dmean: 1.48725605011
        dmean2: 2.21794915199
        dvar: 24.3051815033
        dvar2: 38.2132606506
        max: 75.1387786865
        mean: 3.87377929688
        min: 0.00114238169044
        var: 30.0786781311
    pitch:
        dmean: 339.036224365
        dmean2: 654.035583496
        dvar: 841301.5625
        dvar2: 2010443.125
        max: 4410
        mean: 638.377319336
        min: 65.0442504883
        var: 1157693
    pitch_instantaneous_confidence:
        dmean: 0.07972240448
        dmean2: 0.116974167526
        dvar: 0.00507832225412
        dvar2: 0.0119047043845
        max: 0.900059223175
        mean: 0.536985874176
        min: 0.158133864403
        var: 0.0266231875867
    pitch_salience:
        dmean: 0.0628150850534
        dmean2: 0.0978015437722
        dvar: 0.0031155871693
        dvar2: 0.00738582387567
        max: 0.952136158943
        mean: 0.545591533184
        min: 0.164628952742
        var: 0.0128185302019
    silence_rate_20dB:
        dmean: 0
        dmean2: 0
        dvar: 0
        dvar2: 0
        max: 1
        mean: 1
        min: 1
        var: 0
    silence_rate_30dB:
        dmean: 0
        dmean2: 0
        dvar: 0
        dvar2: 0
        max: 1
        mean: 1
        min: 1
        var: 0
    silence_rate_60dB:
        dmean: 0.110599078238
        dmean2: 0.219399541616
        dvar: 0.0983673036098
        dvar2: 0.21745224297
        max: 1
        mean: 0.379310339689
        min: 0
        var: 0.235433012247
    spectral_centroid:
        dmean: 227.585647583
        dmean2: 332.574157715
        dvar: 156109.46875
        dvar2: 303600.03125
        max: 5550.42236328
        mean: 900.030334473
        min: 273.14956665
        var: 479425.875
    spectral_complexity:
        dmean: 1.8013856411
        dmean2: 2.94444441795
        dvar: 6.62568283081
        dvar2: 12.9413585663
        max: 26
        mean: 7.81336402893
        min: 0
        var: 13.0965099335
    spectral_crest:
        dmean: 2.42206978798
        dmean2: 3.73196697235
        dvar: 5.17058420181
        dvar2: 12.7217855453
        max: 25.6956653595
        mean: 11.9615707397
        min: 4.0114274025
        var: 22.2963504791
    spectral_decrease:
        dmean: 2.79840456363e-10
        dmean2: 4.04994981995e-10
        dvar: 1.38877873357e-19
        dvar2: 2.28808807383e-19
        max: -2.70787048112e-14
        mean: -1.04616681984e-09
        min: -3.92437460306e-09
        var: 4.73263736052e-19
    spectral_energy:
        dmean: 0.00115534930956
        dmean2: 0.001682567643
        dvar: 3.01313798445e-06
        dvar2: 4.7801445362e-06
        max: 0.021626772359
        mean: 0.0042998357676
        min: 2.05818722065e-07
        var: 8.35537684907e-06
    spectral_energyband_high:
        dmean: 0.00011572647054
        dmean2: 0.000166986035765
        dvar: 1.64164404737e-07
        dvar2: 3.34430325211e-07
        max: 0.00591294746846
        mean: 0.00015696270566
        min: 1.39153300438e-07
        var: 1.78436323495e-07
    spectral_energyband_low:
        dmean: 3.66759086319e-05
        dmean2: 5.45642142242e-05
        dvar: 3.7051259838e-09
        dvar2: 7.83944820171e-09
        max: 0.000806041643955
        mean: 0.000109104061266
        min: 6.94403112789e-09
        var: 1.22483037046e-08
    spectral_energyband_middle_high:
        dmean: 0.000347038876498
        dmean2: 0.000503823393956
        dvar: 1.02189608242e-06
        dvar2: 1.49941399741e-06
        max: 0.0152462627739
        mean: 0.000948554021306
        min: 2.42605935341e-08
        var: 1.64891173426e-06
    spectral_energyband_middle_low:
        dmean: 0.000934960844461
        dmean2: 0.00132528040558
        dvar: 1.12030079435e-06
        dvar2: 2.15206114262e-06
        max: 0.011620618403
        mean: 0.00308520812541
        min: 3.43589654506e-08
        var: 4.9443028729e-06
    spectral_flatness_db:
        dmean: 0.0227420888841
        dmean2: 0.0331804975867
        dvar: 0.00043490549433
        dvar2: 0.000847883988172
        max: 0.348341971636
        mean: 0.185951933265
        min: 0.0529194511473
        var: 0.00213437178172
    spectral_flux:
        dmean: 0.00858823023736
        dmean2: 0.0136968139559
        dvar: 0.000108119143988
        dvar2: 0.000214255662286
        max: 0.129379719496
        mean: 0.027629410848
        min: 0.00599353108555
        var: 0.000211329534068
    spectral_kurtosis:
        dmean: 1.54992282391
        dmean2: 2.3384039402
        dvar: 6.95187616348
        dvar2: 17.5736160278
        max: 31.1799697876
        mean: 4.11719703674
        min: -1.22601127625
        var: 15.5399646759
    spectral_rms:
        dmean: 0.000280095002381
        dmean2: 0.000403864454711
        dvar: 1.24777272958e-07
        dvar2: 1.88034277926e-07
        max: 0.0045933960937
        mean: 0.00193787948228
        min: 1.41703476402e-05
        var: 4.39591900658e-07
    spectral_rolloff:
        dmean: 530.521850586
        dmean2: 891.733276367
        dvar: 817803.375
        dvar2: 1669956.125
        max: 9819.140625
        mean: 1600.8503418
        min: 258.3984375
        var: 2188464.5
    spectral_skewness:
        dmean: 0.272512257099
        dmean2: 0.383599489927
        dvar: 0.117355249822
        dvar2: 0.247318953276
        max: 4.81778335571
        mean: 1.78862249851
        min: -0.374511778355
        var: 0.43887385726
    spectral_spread:
        dmean: 891135.5
        dmean2: 1279143.5
        dvar: 945096622080
        dvar2: 1.62396176384e+12
        max: 27476620
        mean: 6770100.5
        min: 2075178.875
        var: 4.99955322061e+12
    spectral_strongpeak:
        dmean: 0.191875576973
        dmean2: 0.307795763016
        dvar: 0.0815662592649
        dvar2: 0.169797733426
        max: 3.31763601303
        mean: 0.478290379047
        min: 6.68520151521e-05
        var: 0.136325016618
    zerocrossingrate:
        dmean: 0.0104557592422
        dmean2: 0.0110891833901
        dvar: 0.000225635842071
        dvar2: 0.000223258510232
        max: 0.22900390625
        mean: 0.0557281933725
        min: 0.01171875
        var: 0.00103661208414
    barkbands:
        dmean: [2.49727605706e-07, 1.2737522411e-05, 2.78857896774e-05, 3.66670283256e-05, 0.000596696801949, 0.000352612172719, 0.000136516813654, 4.17538140027e-05, 8.4327046352e-05, 0.000110412140202, 4.00322496716e-05, 2.9357664971e-05, 2.56402290688e-05, 2.92815275316e-05, 4.76712266391e-05, 1.63192798937e-05, 3.8548874727e-05, 8.76917401911e-05, 0.000112355126475, 7.51953630242e-05, 3.58356919605e-05, 2.03735144169e-05, 1.48175204231e-05, 9.73428723228e-06, 4.45423029305e-06, 1.26537855749e-07, 7.32518001811e-09]
        dmean2: [4.27563321637e-07, 1.95826705749e-05, 4.13156594732e-05, 6.09148919466e-05, 0.000861332868226, 0.000498276029248, 0.000197396962903, 6.45597756375e-05, 0.000131534514367, 0.000150351203047, 5.90204253967e-05, 4.57147762063e-05, 3.67374486814e-05, 4.55623812741e-05, 7.9023950093e-05, 2.50092271017e-05, 5.96438803768e-05, 0.000145300626173, 0.000167975740624, 0.000105928440462, 5.33090424142e-05, 3.13741475111e-05, 2.5173963877e-05, 1.46786933328e-05, 6.40178268441e-06, 1.91250364878e-07, 1.10727320646e-08]
        dvar: [2.93781383769e-13, 3.99842159382e-10, 2.27512564344e-09, 2.7867035346e-09, 7.67904964505e-07, 2.68580066631e-07, 8.70103491479e-08, 1.46032705928e-08, 3.0518144456e-08, 4.13922940368e-08, 1.2856421705e-08, 4.91782303769e-09, 2.31619856628e-09, 3.57489593483e-09, 1.86385253897e-08, 1.08963138512e-09, 7.65754037957e-09, 1.31771074052e-07, 1.46783122545e-07, 2.36031951317e-07, 6.84733114653e-09, 5.48741851958e-09, 8.31104607357e-09, 2.25117724462e-09, 1.90031768099e-10, 1.77034073707e-13, 1.0645018802e-14]
        dvar2: [7.8996336382e-13, 9.58876977819e-10, 4.90509366458e-09, 7.74894370892e-09, 1.59655769494e-06, 4.99397629028e-07, 1.54770887661e-07, 2.84472481127e-08, 7.19206880717e-08, 8.33460020999e-08, 2.58147974108e-08, 1.22685772652e-08, 5.22669241221e-09, 9.03033825495e-09, 5.43228715344e-08, 2.78603540238e-09, 1.71115406289e-08, 2.21209845108e-07, 2.29392810525e-07, 3.70832566432e-07, 1.34756641401e-08, 1.33794983981e-08, 2.25490150996e-08, 5.3352029461e-09, 2.63547461632e-10, 3.94974634596e-13, 2.66942856844e-14]
        max: [4.06292110711e-06, 0.0002181554446, 0.000707803410478, 0.000497491273563, 0.00866853725165, 0.00835971999913, 0.00392612349242, 0.00178275757935, 0.00228261481971, 0.0021698619239, 0.00171997956932, 0.000889140821528, 0.000618482474238, 0.000711274158675, 0.00168791378383, 0.000447717902716, 0.00124125997536, 0.00562731269747, 0.00559226283804, 0.00825446844101, 0.000832988356706, 0.00109235721175, 0.0013882505009, 0.000826652802061, 0.000238478954998, 5.9801864154e-06, 1.52322502345e-06]
        mean: [3.92717993236e-07, 3.15203287755e-05, 7.71999475546e-05, 5.64922847843e-05, 0.00130862277001, 0.00107432727236, 0.000282349035842, 9.87101593637e-05, 0.000180264250957, 0.000279731553746, 8.59810825204e-05, 6.96136266924e-05, 5.65899790672e-05, 5.46464580111e-05, 7.2887269198e-05, 2.60383894783e-05, 5.23109556525e-05, 0.000101253972389, 0.000180656774319, 0.000102904035884, 5.03619812662e-05, 2.14069350477e-05, 1.42981061799e-05, 1.34297615659e-05, 7.6729538705e-06, 1.7154907539e-07, 3.79940923168e-09]
        min: [1.01873974534e-10, 2.84170464937e-09, 3.62146801436e-09, 4.85496176594e-09, 1.2526597537e-08, 5.29731591925e-09, 9.53678025439e-10, 3.72340935861e-09, 6.33115693205e-09, 5.35433830606e-09, 6.25086293837e-09, 1.44471490326e-09, 8.43515923776e-10, 5.44416456361e-10, 6.78240630325e-10, 2.62096477854e-09, 4.86909312869e-09, 1.38025890717e-09, 6.17511874967e-10, 2.20272724505e-08, 2.94524742372e-08, 5.73399505654e-09, 7.02727476209e-09, 1.03046700062e-08, 7.93906096419e-09, 3.48991141541e-10, 6.3926288037e-14]
        var: [2.82946897249e-13, 7.91047560789e-10, 8.62769322652e-09, 4.4753982742e-09, 2.38176608036e-06, 1.67474058799e-06, 2.6815291676e-07, 3.68984274246e-08, 9.1304173111e-08, 1.70574210756e-07, 5.33960076154e-08, 2.10468478201e-08, 1.11320161977e-08, 9.41611144611e-09, 3.64506540507e-08, 1.69983027654e-09, 1.25565540188e-08, 1.50987929715e-07, 1.78421387886e-07, 2.59887286802e-07, 8.43750935786e-09, 4.82406159463e-09, 6.38686259435e-09, 2.70193711849e-09, 4.22335111327e-10, 2.23907088075e-13, 5.33208172033e-15]
    mfcc:
        mean: [-748.965637207, 119.98336792, -5.02073860168, 34.1707115173, -12.7019996643, -17.4136199951, -2.26180291176, -15.8755950928, -12.3867378235, -10.5845966339, -8.61169147491, -11.9204263687, -9.98624420166]
        cov: [[3245.91479492, -1028.20361328, -359.437347412, -41.761882782, 10.5637359619, -50.4019165039, 19.4050674438, -16.084651947, -174.680709839, 53.7271080017, -3.68618965149, -99.2527999878, -1.31179893017], [-1028.20361328, 1444.82568359, -10.7549304962, -256.23840332, -37.9596443176, 109.747131348, 82.3070907593, -62.8069152832, 27.6420307159, -28.7540950775, 103.301765442, -7.62639379501, -42.2988967896], [-359.437347412, -10.7549304962, 438.047058105, -7.80272006989, -1.21568918228, -31.8806667328, -81.012802124, 49.690120697, 70.5647506714, 8.25689220428, -8.95759868622, 59.0542373657, -7.79858112335], [-41.761882782, -256.23840332, -7.80272006989, 512.517333984, 67.8378219604, -2.38362646103, -97.4279022217, 83.4179992676, 52.8469963074, -12.9673604965, -67.0766296387, 28.7824230194, -10.8381490707], [10.5637359619, -37.9596443176, -1.21568918228, 67.8378219604, 164.126907349, -19.4213542938, -47.1420860291, 36.8849258423, 24.2096652985, 4.06914424896, -16.0154132843, -3.09154510498, -25.1742362976], [-50.4019165039, 109.747131348, -31.8806667328, -2.38362646103, -19.4213542938, 234.348709106, 41.3851089478, -84.7500076294, -35.5595932007, 23.1282463074, 25.6942005157, 2.55136728287, 35.8119316101], [19.4050674438, 82.3070907593, -81.012802124, -97.4279022217, -47.1420860291, 41.3851089478, 187.513473511, -63.0540390015, -57.3311882019, 3.73475146294, 21.9614105225, -42.6269569397, 13.9882974625], [-16.084651947, -62.8069152832, 49.690120697, 83.4179992676, 36.8849258423, -84.7500076294, -63.0540390015, 173.743209839, 69.642074585, -5.72399330139, -22.7341976166, 24.6086082458, -15.1244268417], [-174.680709839, 27.6420307159, 70.5647506714, 52.8469963074, 24.2096652985, -35.5595932007, -57.3311882019, 69.642074585, 126.749603271, 17.050699234, -9.47073936462, 29.1226673126, -11.8218984604], [53.7271080017, -28.7540950775, 8.25689220428, -12.9673604965, 4.06914424896, 23.1282463074, 3.73475146294, -5.72399330139, 17.050699234, 105.665679932, 15.8109006882, -9.05913925171, 14.255531311], [-3.68618965149, 103.301765442, -8.95759868622, -67.0766296387, -16.0154132843, 25.6942005157, 21.9614105225, -22.7341976166, -9.47073936462, 15.8109006882, 95.2292861938, 27.6342754364, 14.1398324966], [-99.2527999878, -7.62639379501, 59.0542373657, 28.7824230194, -3.09154510498, 2.55136728287, -42.6269569397, 24.6086082458, 29.1226673126, -9.05913925171, 27.6342754364, 96.1126785278, 28.4297885895], [-1.31179893017, -42.2988967896, -7.79858112335, -10.8381490707, -25.1742362976, 35.8119316101, 13.9882974625, -15.1244268417, -11.8218984604, 14.255531311, 14.1398324966, 28.4297885895, 91.9572143555]]
        icov: [[0.000521027483046, 0.000418279814767, 0.000390431465348, 0.000221448077355, 3.18858619721e-05, -6.4991414547e-05, 0.000228855526075, -0.000241140209255, 0.000487489305669, -0.000198569367058, -0.000372241134755, 0.000288794049993, 0.000280018866761], [0.000418279814767, 0.00126225547865, 0.000343401741702, 0.000579653249588, 6.10090392001e-05, -0.000613091804553, -8.82806398295e-06, -0.000160994793987, -0.000406162289437, 0.000462985335616, -0.00114502711222, 0.000454706809251, 0.000825852388516], [0.000390431465348, 0.000343401741702, 0.00314172916114, 0.000630205555353, 0.000374321039999, -6.85017366777e-05, 0.000884999812115, -0.000272381759714, -0.00054844818078, -0.00055553013226, 0.000542774738278, -0.00150679436047, 0.000851971446536], [0.000221448077355, 0.000579653249588, 0.000630205555353, 0.00290162139572, -0.000504374562297, -0.000918120262213, 0.000765964505263, -0.000902776897419, -0.000385545397876, 0.000209565303521, 0.00133198057301, -0.000822532514576, 0.0005871328176], [3.18858619721e-05, 6.10090392001e-05, 0.000374321039999, -0.000504374562297, 0.00717608071864, -0.000140333111631, 0.00138812977821, -0.000799755507614, -0.000215105421375, -0.00056089804275, 2.71576100204e-05, 0.000556760234758, 0.00156029115897], [-6.4991414547e-05, -0.000613091804553, -6.85017366777e-05, -0.000918120262213, -0.000140333111631, 0.00608237925917, -0.000463879056042, 0.00265605468303, 0.000652251765132, -0.00128840957768, -0.000199754256755, -0.00057866750285, -0.00180349044967], [0.000228855526075, -8.82806398295e-06, 0.000884999812115, 0.000765964505263, 0.00138812977821, -0.000463879056042, 0.00817226897925, 0.000469938706374, 0.00158631638624, 6.70617519063e-05, -0.00141916063149, 0.0032643773593, -0.0010381184984], [-0.000241140209255, -0.000160994793987, -0.000272381759714, -0.000902776897419, -0.000799755507614, 0.00265605468303, 0.000469938706374, 0.00954011548311, -0.00364178512245, 0.000342264567735, 0.00077852566028, -0.00117117678747, -0.000241582762101], [0.000487489305669, -0.000406162289437, -0.00054844818078, -0.000385545397876, -0.000215105421375, 0.000652251765132, 0.00158631638624, -0.00364178512245, 0.0133456718177, -0.00349317817017, 0.00113239127677, -0.00259526446462, 0.00146045698784], [-0.000198569367058, 0.000462985335616, -0.00055553013226, 0.000209565303521, -0.00056089804275, -0.00128840957768, 6.70617519063e-05, 0.000342264567735, -0.00349317817017, 0.0117698460817, -0.00315890135244, 0.00385372550227, -0.00239736167714], [-0.000372241134755, -0.00114502711222, 0.000542774738278, 0.00133198057301, 2.71576100204e-05, -0.000199754256755, -0.00141916063149, 0.00077852566028, 0.00113239127677, -0.00315890135244, 0.0160006452352, -0.00744190858677, 0.000575869053137], [0.000288794049993, 0.000454706809251, -0.00150679436047, -0.000822532514576, 0.000556760234758, -0.00057866750285, 0.0032643773593, -0.00117117678747, -0.00259526446462, 0.00385372550227, -0.00744190858677, 0.0187260415405, -0.00589902931824], [0.000280018866761, 0.000825852388516, 0.000851971446536, 0.0005871328176, 0.00156029115897, -0.00180349044967, -0.0010381184984, -0.000241582762101, 0.00146045698784, -0.00239736167714, 0.000575869053137, -0.00589902931824, 0.0149422464892]]
    spectral_contrast:
        mean: [1.96105631289e-07, 1.36513861548e-07, 1.66178839578e-08, -4.05661779723e-08, 1.75140144165e-07, 7.62225269568e-08, -5.50038237179e-07, -3.11482324378e-07, 3.46297497344e-07, 7.47942181079e-07, 1.33382559397e-06, -8.78962502782e-09]
        var: [0.000539713422768, 0.00112562463619, 0.0017296258593, 0.00307519198395, 0.0054686833173, 0.0103482697159, 0.0645343661308, 0.130379527807, 0.211354598403, 0.361186563969, 0.791752398014, 1.55784893036]

rhythm:
    beats_loudness:
        dmean: 0.00320531311445
        dmean2: 0.00484746228904
        dvar: 6.11931818639e-06
        dvar2: 2.03645158763e-05
        max: 0.0112914033234
        mean: 0.00496186735108
        min: 0.00120383850299
        var: 8.90614683158e-06
    beats_loudness_bass:
        dmean: 0.0475378930569
        dmean2: 0.0807019621134
        dvar: 0.00260822102427
        dvar2: 0.00698616495356
        max: 0.208412528038
        mean: 0.0454277209938
        min: 0.00453907018527
        var: 0.00254305987619
    bpm: 124.473861694
    bpm_confidence: 0
    first_peak_bpm: 149
    first_peak_spread: 0
    first_peak_weight: 0.619047641754
    onset_rate: 4.375
    second_peak_bpm: 124
    second_peak_spread: 0
    second_peak_weight: 0.333333343267
    beats_position: [0.317220747471, 0.720938622952, 1.12465643883, 1.52837443352, 1.932092309, 2.33581018448, 2.73952817917, 3.14324617386, 3.54696393013, 3.9506816864, 4.35439920425, 4.75811719894, 5.1618347168, 5.56555271149, 6.11510896683, 6.59713792801, 7.07916641235, 7.56119585037, 8.04322433472, 8.5252532959, 9.00728321075, 9.48931217194]
    bpm_estimates: [124.464187622, 124.41645813, 124.487373352, 124.467720032, 124.533592224]
    bpm_intervals: [0.403717875481, 0.403717815876, 0.40371799469, 0.403717875481, 0.403717875481, 0.40371799469, 0.40371799469, 0.403717756271, 0.403717756271, 0.403717517853, 0.40371799469, 0.403717517853, 0.40371799469, 0.549556255341, 0.482028961182, 0.482028484344, 0.482029438019, 0.482028484344, 0.482028961182, 0.482029914856, 0.482028961182]
    onset_times: [0.0348299331963, 0.31346938014, 0.359909296036, 0.580498874187, 0.801088452339, 0.952018141747, 0.986848056316, 1.30031740665, 1.54412698746, 1.764716506, 1.99691605568, 2.26394557953, 2.49614500999, 2.9837641716, 3.42494320869, 3.45977330208, 3.72680282593, 4.14476203918, 4.35374164581, 4.71365070343, 4.91102027893, 5.02712011337, 5.21287965775, 5.3754196167, 5.65405893326, 5.79337882996, 6.11845827103, 6.32743787766, 6.51319742203, 6.68734693527, 6.81505680084, 7.33750581741, 7.55809545517, 7.59292507172, 7.74385499954, 8.03410434723, 8.31274414062, 8.55655288696, 8.8119726181, 9.02095222473, 9.287981987, 9.50857162476, 9.7639913559, 9.99619007111]
    rubato_start: [6.59713792801]
    rubato_stop: [9.48931217194]
    perceptual_tempo: "unknown"

sfx:
    inharmonicity:
        dmean: 0.030240142718
        dmean2: 0.0532437413931
        dvar: 0.00198001833633
        dvar2: 0.0054127573967
        max: 0.320879936218
        mean: 0.0281727612019
        min: 0
        var: 0.00185974501073
    oddtoevenharmonicenergyratio:
        dmean: 60.9230422974
        dmean2: 64.0604248047
        dvar: 1428592.375
        dvar2: 1432123.375
        max: 24902.5234375
        mean: 59.6454429626
        min: 0
        var: 1425430
    pitch_after_max_to_before_max_energy_ratio: 6.38789987564
    pitch_centroid: 206.534515381
    pitch_max_to_total: 0.0691244229674
    pitch_min_to_total: 0.479262679815
    tristimulus:
        dmean: [0.201123788953, 0.201642766595, 0.0719889998436]
        dmean2: [0.355460852385, 0.351764529943, 0.127173483372]
        dvar: [0.0459746010602, 0.0469074994326, 0.00928398873657]
        dvar2: [0.107872962952, 0.123270273209, 0.0264463778585]
        max: [1, 0.949825882912, 0.712410986423]
        mean: [0.475746273994, 0.42171689868, 0.0841773077846]
        min: [0.00153091747779, 0, 0]
        var: [0.0780647918582, 0.065067730844, 0.0106463814154]

tonal:
    chords_changes_rate: 0.0733944922686
    chords_number_rate: 0.0458715595305
    chords_strength:
        dmean: 0.00908575300127
        dmean2: 0.00649072509259
        dvar: 4.63786891487e-05
        dvar2: 2.95601348625e-05
        max: 0.609436690807
        mean: 0.486975073814
        min: 0.348479628563
        var: 0.00441484106705
    key_strength: 0.747471868992
    tuning_diatonic_strength: 0.636378407478
    tuning_equal_tempered_deviation: 0.0390104725957
    tuning_frequency: 439.491973877
    tuning_nontempered_energy_ratio: 0.644968926907
    hpcp:
        dmean: [0.134765863419, 0.144948586822, 0.143638774753, 0.102163113654, 0.0792881250381, 0.0491913110018, 0.0782052725554, 0.112495698035, 0.156017020345, 0.159147679806, 0.110827855766, 0.05324504897, 0.0252180360258, 0.0312543436885, 0.0613513626158, 0.0808442756534, 0.0584514178336, 0.0215237233788, 0.0248230565339, 0.0452596731484, 0.0827217623591, 0.0951999872923, 0.0814279094338, 0.0825065821409, 0.0904501378536, 0.0743316635489, 0.0383305326104, 0.0360610336065, 0.0531711988151, 0.130534097552, 0.130166009068, 0.130665168166, 0.0694163814187, 0.0572869814932, 0.068576388061, 0.128259986639]
        dmean2: [0.220325499773, 0.243339285254, 0.256214767694, 0.170966759324, 0.132843092084, 0.0863546803594, 0.134645104408, 0.198300376534, 0.259899914265, 0.260189175606, 0.177218914032, 0.0940511822701, 0.0415324009955, 0.0479913726449, 0.0991270840168, 0.129239499569, 0.0894453451037, 0.036108981818, 0.0443785227835, 0.0755578354001, 0.144891425967, 0.167711168528, 0.145680218935, 0.140044152737, 0.145915016532, 0.123451322317, 0.0629493296146, 0.0593339540064, 0.094434723258, 0.20691165328, 0.20892046392, 0.207241311669, 0.121761262417, 0.0975131094456, 0.11614459008, 0.202293679118]
        dvar: [0.0430232994258, 0.0352208390832, 0.0555220916867, 0.0288154389709, 0.0274998638779, 0.0127724725753, 0.0326062068343, 0.0481282174587, 0.0490058772266, 0.0518094040453, 0.0281575508416, 0.0175421088934, 0.00380303896964, 0.00427473895252, 0.0129779605195, 0.0231742374599, 0.00864610727876, 0.00206517637707, 0.00324169080704, 0.0125334365293, 0.0278321504593, 0.0330156162381, 0.0188385173678, 0.0252306722105, 0.025668065995, 0.0187662076205, 0.00968444254249, 0.0109139839187, 0.0123745212331, 0.0254040267318, 0.0389793813229, 0.0259100813419, 0.0241317674518, 0.0204260163009, 0.0171362571418, 0.0338720493019]
        dvar2: [0.0999023392797, 0.100916214287, 0.155127868056, 0.0720708146691, 0.0795243084431, 0.0275329276919, 0.0886862128973, 0.138012975454, 0.12779122591, 0.118298999965, 0.0661334320903, 0.0477044582367, 0.0091457394883, 0.00984533410519, 0.0309979077429, 0.047981146723, 0.0195970460773, 0.00526369549334, 0.00978402514011, 0.0321723371744, 0.0712278783321, 0.0873154625297, 0.0547885894775, 0.0659905150533, 0.0544543080032, 0.0519423261285, 0.024141388014, 0.0239828582853, 0.0298373959959, 0.0639742687345, 0.0782679915428, 0.0616564340889, 0.0474484451115, 0.0516124181449, 0.0484688803554, 0.0861334949732]
        max: [1, 1, 1, 1, 1, 0.896556854248, 1, 1, 1, 1, 1, 1, 0.46473544836, 0.50217717886, 1, 1, 0.642515540123, 0.456803619862, 0.430843651295, 1, 1, 1, 0.959240078926, 1, 1, 1, 1, 1, 0.8103723526, 1, 1, 1, 1, 1, 0.760656535625, 1]
        mean: [0.310817718506, 0.226001322269, 0.138663008809, 0.145977079868, 0.0976152792573, 0.0552800893784, 0.0710523054004, 0.101242519915, 0.232922390103, 0.294888824224, 0.151537150145, 0.042844645679, 0.0248427465558, 0.0321486964822, 0.139245569706, 0.214452832937, 0.108331464231, 0.0217724069953, 0.0218373928219, 0.0511224083602, 0.128548383713, 0.150193676353, 0.0973177105188, 0.157542571425, 0.197176352143, 0.0978513211012, 0.0407350435853, 0.0355783887208, 0.0465297624469, 0.245932757854, 0.407728731632, 0.233540922403, 0.0730557590723, 0.0547972209752, 0.0659480988979, 0.192736804485]
        min: [0.000999240437523, 0.000711262109689, 0.000460059323814, 0.00016626145225, 6.00095627306e-05, 0.000257302104728, 0.000528617063537, 0.000412531255279, 0.000283158442471, 0.00037185990368, 0.000362849270459, 8.89576986083e-05, 7.19510135241e-05, 6.26761393505e-05, 0.00114013324492, 0.00140424910933, 0.000623561674729, 8.56875194586e-05, 4.37245325884e-05, 0.000130416170578, 0.000161776202731, 0.000117000279715, 0.000216981949052, 0.000130868807901, 0.0001074249667, 9.13091062102e-05, 5.9320096625e-05, 6.20116625214e-05, 0.000416778086219, 0.000585147819947, 0.000738105445635, 0.00138230773155, 0.000761769362725, 0.000182553761988, 0.000192801788216, 0.000842086505145]
        var: [0.129872843623, 0.077116176486, 0.0552270933986, 0.0606699474156, 0.0358899794519, 0.0165698416531, 0.0272480081767, 0.0428578555584, 0.0799545422196, 0.116140209138, 0.0419925786555, 0.0117790941149, 0.00326560507528, 0.00486072758213, 0.0491991192102, 0.0950750932097, 0.0199607890099, 0.00182355102152, 0.0025384768378, 0.0180582478642, 0.054704669863, 0.0640233010054, 0.0227296482772, 0.0742420852184, 0.0933693870902, 0.0269641373307, 0.00985813792795, 0.0104521252215, 0.00984139274806, 0.0642854943871, 0.155948445201, 0.056298930198, 0.0281865820289, 0.0180156882852, 0.014449509792, 0.0609204471111]
    chords_histogram: [21.1009178162, 2.29357790947, 1.83486235142, 0, 0, 0, 0, 0, 0, 0, 0, 0, 0, 0, 0, 1.37614679337, 0, 14.2201833725, 0, 17.4311923981, 3.66972470284, 16.0550460815, 5.50458717346, 16.5137615204]
    thpcp: [1, 0.572785079479, 0.179177358747, 0.134396269917, 0.161745041609, 0.472708433867, 0.762314975262, 0.554293334484, 0.340086430311, 0.3580250144, 0.239412307739, 0.135580554605, 0.174263671041, 0.248308524489, 0.57126802206, 0.723247587681, 0.371661692858, 0.105081252754, 0.0609295964241, 0.0788482502103, 0.341515213251, 0.525969386101, 0.265694946051, 0.053399246186, 0.0535586327314, 0.125383391976, 0.315279185772, 0.368366658688, 0.238682493567, 0.386390656233, 0.483596891165, 0.239991232753, 0.0999072194099, 0.0872599482536, 0.114119410515, 0.603177428246]
    chords_key: "C"
    chords_scale: "major"
    key_key: "C"
    key_scale: "major"
    chords_progression: ["Am", "C", "C", "C", "C", "C", "C", "C", "C", "C", "C", "C", "C", "C", "C", "Am", "Am", "Am", "Am", "Am", "Am", "Am", "Am", "Am", "Am", "Am", "Am", "Am", "Am", "Am", "Am", "Am", "Am", "Am", "Am", "Am", "Am", "Am", "Am", "Am", "Am", "Am", "Am", "Am", "Am", "Am", "Am", "Am", "Am", "Am", "Dm", "Dm", "Dm", "Dm", "Dm", "Dm", "Dm", "Dm", "Dm", "Dm", "Dm", "Dm", "Dm", "Dm", "Dm", "Dm", "Dm", "Dm", "Dm", "Dm", "Dm", "Dm", "Dm", "Dm", "Dm", "Dm", "Dm", "Dm", "Dm", "Dm", "Dm", "Dm", "Dm", "Dm", "Dm", "F", "F", "F", "F", "F", "F", "F", "F", "F", "C", "C", "C", "C", "C", "C", "Cm", "Cm", "Cm", "Cm", "Cm", "C", "C", "C", "C", "C", "Cm", "Cm", "Cm", "Cm", "Cm", "Cm", "Cm", "Cm", "Cm", "Cm", "Cm", "Cm", "Cm", "Cm", "Cm", "Cm", "Cm", "Cm", "Cm", "Cm", "Cm", "Cm", "Cm", "Cm", "Cm", "Cm", "G", "G", "G", "G", "Gm", "Gm", "Gm", "Gm", "Gm", "Gm", "Gm", "Gm", "Gm", "Gm", "Gm", "Gm", "Gm", "Gm", "Gm", "Gm", "Gm", "Gm", "Gm", "Gm", "Gm", "Gm", "Gm", "Gm", "Gm", "Gm", "Gm", "Gm", "Gm", "Gm", "Gm", "Gm", "Gm", "Gm", "Gm", "Gm", "Gm", "Gm", "A#", "A#", "A#", "A#", "A#", "A#", "A#", "A#", "Em", "F", "F", "F", "C", "C", "C", "C", "C", "C", "C", "C", "C", "C", "C", "C", "C", "C", "C", "C", "C", "C", "C", "C", "C", "Em", "Em", "Em", "Em", "Fm", "Fm", "Fm"]
