
metadata:
    version:
        essentia: "1.2.2"
    audio_properties:
        analysis_sample_rate: 44100
        bitrate: 128
        channels: 2
        equal_loudness: 1
        length: 10.0048980713
        replay_gain: -14.329875946
        downmix: "mix"
    tags:
        track: 7
        year: 0
        album: "Splitted by Mp3Splt v. 2.1"
        artist: "From 001.00 To 001.10"
        comment: "http://mp3splt.sf.net"
        genre: ""
        title: "01 The Hornet.mp3"

highlevel:
    ballroom:
        all:
            ChaChaCha: 0.04253385216
            Jive: 0.74517261982
            Quickstep: 0.0107302423567
            Rumba-American: 0.000342804705724
            Rumba-International: 0.00136449513957
            Rumba-Misc: 0.000191248313058
            Samba: 0.194600224495
            Tango: 0.000411072483985
            VienneseWaltz: 0.00400171242654
            Waltz: 0.000651723647024
        probability: 0.74517261982
        value: "Jive"
    culture:
        all:
            non_western: 0.00274704745971
            western: 0.997252941132
        probability: 0.997252941132
        value: "western"
    gender:
        all:
            female: 0.587188005447
            male: 0.412811994553
        probability: 0.587188005447
        value: "female"
    genre_dortmund:
        all:
            alternative: 0.0784094780684
            blues: 0.0897203162313
            electronic: 0.0241972580552
            folkcountry: 0.0906272754073
            funksoulrnb: 0.0175352729857
            jazz: 0.120347626507
            pop: 0.0358450114727
            raphiphop: 0.00308332615532
            rock: 0.540234446526
        probability: 0.540234446526
        value: "rock"
    genre_electronica:
        all:
            ambient: 0.0664667263627
            dnb: 0.706779122353
            house: 0.0455567203462
            techno: 0.0746148601174
            trance: 0.106582559645
        probability: 0.706779122353
        value: "dnb"
    genre_rosamerica:
        all:
            cla: 0.0131260575727
            dan: 0.0387404412031
            hip: 0.00874516647309
            jaz: 0.00815329235047
            pop: 0.02235019207
            rhy: 0.00302192429081
            roc: 0.90420114994
            spe: 0.00166176690254
        probability: 0.90420114994
        value: "roc"
    genre_tzanetakis:
        all:
            blu: 0.00305482721888
            cla: 0.00331430812366
            cou: 0.0168889053166
            dis: 0.0834315568209
            hip: 0.0140127567574
            jaz: 0.0577586218715
            met: 0.586244344711
            pop: 0.0285412054509
            reg: 0.00646391836926
            roc: 0.200289547443
        probability: 0.586244344711
        value: "met"
    live_studio:
        all:
            live: 0.0512313172221
            studio: 0.948768675327
        probability: 0.948768675327
        value: "studio"
    mood:
        all:
            Cluster1: 0.325750559568
            Cluster2: 0.0947462245822
            Cluster3: 0.0113557204604
            Cluster4: 0.089004792273
            Cluster5: 0.479142725468
        probability: 0.479142725468
        value: "Cluster5"
    mood_acoustic:
        all:
            acoustic: 0.0061024078168
            not_acoustic: 0.993897616863
        probability: 0.993897616863
        value: "not_acoustic"
    mood_aggressive:
        all:
            aggressive: 0.978607594967
            not_aggressive: 0.0213923864067
        probability: 0.978607594967
        value: "aggressive"
    mood_electronic:
        all:
            electronic: 0.600111842155
            not_electronic: 0.399888128042
        probability: 0.600111842155
        value: "electronic"
    mood_happy:
        all:
            happy: 0.478626549244
            not_happy: 0.521373450756
        probability: 0.521373450756
        value: "not_happy"
    mood_party:
        all:
            not_party: 0.143908500671
            party: 0.856091499329
        probability: 0.856091499329
        value: "party"
    mood_relaxed:
        all:
            not_relaxed: 0.9576562047
            relaxed: 0.0423438102007
        probability: 0.9576562047
        value: "not_relaxed"
    mood_sad:
        all:
            not_sad: 0.982675969601
            sad: 0.0173240154982
        probability: 0.982675969601
        value: "not_sad"
    rhythm:
        all:
            fast: 0.899566650391
            medium: 0.0673611685634
            slow: 0.0330721847713
        probability: 0.899566650391
        value: "fast"
    speech_music:
        all:
            music: 0.999568939209
            speech: 0.000431062100688
        probability: 0.999568939209
        value: "music"
    timbre:
        all:
            bright: 0.742485880852
            dark: 0.257514119148
        probability: 0.742485880852
        value: "bright"
    voice_instrumental:
        all:
            instrumental: 0.913770198822
            voice: 0.0862297937274
        probability: 0.913770198822
        value: "instrumental"

lowlevel:
    average_loudness: 0.920331716537
    barkbands_kurtosis:
        dmean: 0.827245652676
        dmean2: 1.33068203926
        dvar: 2.04044008255
        dvar2: 4.25587558746
        max: 15.1283798218
        mean: -0.375484257936
        min: -1.87950372696
        var: 5.55623292923
    barkbands_skewness:
        dmean: 0.43264117837
        dmean2: 0.66193652153
        dvar: 0.181041657925
        dvar2: 0.361399322748
        max: 1.65666937828
        mean: -0.49568554759
        min: -3.13076591492
        var: 0.726087152958
    barkbands_spread:
        dmean: 5.67662334442
        dmean2: 8.76603889465
        dvar: 37.2456207275
        dvar2: 84.9705734253
        max: 69.7383422852
        mean: 36.5443229675
        min: 3.18301749229
        var: 126.041168213
    dissonance:
        dmean: 0.00765781849623
        dmean2: 0.0127927763388
        dvar: 5.57820785616e-05
        dvar2: 0.000138512681588
        max: 0.499910503626
        mean: 0.484671264887
        min: 0.425556987524
        var: 9.35084026423e-05
    hfc:
        dmean: 2.15802311897
        dmean2: 3.1395676136
        dvar: 9.15383625031
        dvar2: 20.8604793549
        max: 26.1196231842
        mean: 8.24426841736
        min: 0.0809299051762
        var: 29.3625431061
    pitch:
        dmean: 967.63079834
        dmean2: 1842.10864258
        dvar: 1761797.75
        dvar2: 4354223
        max: 4410
        mean: 2296.96899414
        min: 73.2558135986
        var: 2133139.25
    pitch_instantaneous_confidence:
        dmean: 0.0765628889203
        dmean2: 0.121955677867
        dvar: 0.0046526840888
        dvar2: 0.011162805371
        max: 0.90455442667
        mean: 0.400217622519
        min: 0.178631186485
        var: 0.0232539102435
    pitch_salience:
        dmean: 0.0594061464071
        dmean2: 0.0944984331727
        dvar: 0.00291835633107
        dvar2: 0.00624302215874
        max: 0.856772601604
        mean: 0.673393011093
        min: 0.385301321745
        var: 0.00674134818837
    silence_rate_20dB:
        dmean: 0
        dmean2: 0
        dvar: 0
        dvar2: 0
        max: 1
        mean: 1
        min: 1
        var: 0
    silence_rate_30dB:
        dmean: 0
        dmean2: 0
        dvar: 0
        dvar2: 0
        max: 1
        mean: 1
        min: 1
        var: 0
    silence_rate_60dB:
        dmean: 0.120649650693
        dmean2: 0.239534884691
        dvar: 0.106093667448
        dvar2: 0.205415189266
        max: 1
        mean: 0.395833343267
        min: 0
        var: 0.2391500175
    spectral_centroid:
        dmean: 299.399902344
        dmean2: 453.258636475
        dvar: 90236.75
        dvar2: 191474.609375
        max: 3601.56323242
        mean: 2048.05810547
        min: 752.172424316
        var: 296690.78125
    spectral_complexity:
        dmean: 4.0116276741
        dmean2: 6.10722589493
        dvar: 20.7045269012
        dvar2: 39.0700759888
        max: 40
        mean: 14.4315547943
        min: 0
        var: 68.0828857422
    spectral_crest:
        dmean: 1.79218220711
        dmean2: 2.85130548477
        dvar: 2.74127221107
        dvar2: 6.71217489243
        max: 18.689283371
        mean: 6.74941444397
        min: 2.82297611237
        var: 6.81931304932
    spectral_decrease:
        dmean: 3.00320296409e-10
        dmean2: 4.66450544856e-10
        dvar: 2.10799288914e-19
        dvar2: 4.84397070109e-19
        max: -1.43878008466e-11
        mean: -9.02487917731e-10
        min: -3.73370312445e-09
        var: 3.99811312578e-19
    spectral_energy:
        dmean: 0.00129080621991
        dmean2: 0.00199729879387
        dvar: 3.71115811504e-06
        dvar2: 8.37168317958e-06
        max: 0.0153620811179
        mean: 0.00415397621691
        min: 6.16433098912e-05
        var: 7.82947881817e-06
    spectral_energyband_high:
        dmean: 0.000137932351208
        dmean2: 0.000222087212023
        dvar: 4.1168373599e-08
        dvar2: 1.06599564731e-07
        max: 0.0016129311407
        mean: 0.000368435314158
        min: 4.81728193336e-06
        var: 7.8813990001e-08
    spectral_energyband_low:
        dmean: 0.000203948715352
        dmean2: 0.000348802597728
        dvar: 2.43068342343e-07
        dvar2: 6.76734885019e-07
        max: 0.00408698013052
        mean: 0.000267135852482
        min: 5.8350491372e-07
        var: 2.07747433478e-07
    spectral_energyband_middle_high:
        dmean: 0.000595031771809
        dmean2: 0.000891652831342
        dvar: 5.92637832142e-07
        dvar2: 1.29891373035e-06
        max: 0.00750379310921
        mean: 0.00227719196118
        min: 1.89893289644e-05
        var: 2.43554927692e-06
    spectral_energyband_middle_low:
        dmean: 0.000722407305147
        dmean2: 0.00110691972077
        dvar: 1.32079583182e-06
        dvar2: 3.05424532598e-06
        max: 0.00953370612115
        mean: 0.00124120688997
        min: 1.47565433508e-05
        var: 2.01990087589e-06
    spectral_flatness_db:
        dmean: 0.0139730777591
        dmean2: 0.0213219020516
        dvar: 0.000152140317368
        dvar2: 0.000381406774977
        max: 0.248042479157
        mean: 0.146672919393
        min: 0.0664841458201
        var: 0.000611468101852
    spectral_flux:
        dmean: 0.00955625809729
        dmean2: 0.0138803021982
        dvar: 0.000140871299664
        dvar2: 0.000300961663015
        max: 0.103184364736
        mean: 0.0375143028796
        min: 0.00556893181056
        var: 0.000303106062347
    spectral_kurtosis:
        dmean: 0.793276309967
        dmean2: 1.26549983025
        dvar: 0.677322089672
        dvar2: 1.54487848282
        max: 9.32945537567
        mean: 3.57787942886
        min: 0.486025094986
        var: 2.12791466713
    spectral_rms:
        dmean: 0.000304345478071
        dmean2: 0.000443746568635
        dvar: 1.68585629012e-07
        dvar2: 3.34247289402e-07
        max: 0.00387135590427
        mean: 0.00188807945233
        min: 0.000245234201429
        var: 4.87814986627e-07
    spectral_rolloff:
        dmean: 267.71270752
        dmean2: 442.961486816
        dvar: 76295.15625
        dvar2: 157100.75
        max: 4974.16992188
        mean: 3609.08618164
        min: 2304.05273438
        var: 199176.40625
    spectral_skewness:
        dmean: 0.13171389699
        dmean2: 0.212156563997
        dvar: 0.0190237797797
        dvar2: 0.0396954454482
        max: 2.49433493614
        mean: 1.33164894581
        min: 0.698560595512
        var: 0.0590585507452
    spectral_spread:
        dmean: 454984.96875
        dmean2: 661408.3125
        dvar: 339220332544
        dvar2: 615350075392
        max: 9854066
        mean: 4987122.5
        min: 2920918.75
        var: 1.32859153613e+12
    spectral_strongpeak:
        dmean: 0.525059521198
        dmean2: 0.873247623444
        dvar: 0.685069143772
        dvar2: 1.66143083572
        max: 7.17716932297
        mean: 0.843532919884
        min: 0.00735409464687
        var: 1.72441291809
    zerocrossingrate:
        dmean: 0.0084302322939
        dmean2: 0.00979635585099
        dvar: 6.38539568172e-05
        dvar2: 6.83529797243e-05
        max: 0.18505859375
        mean: 0.111220501363
        min: 0.05419921875
        var: 0.000442490709247
    barkbands:
        dmean: [9.93932118831e-08, 4.05919126933e-05, 0.000181923489436, 0.00031277211383, 0.000441597047029, 8.72705641086e-05, 6.54748801026e-05, 2.00854155992e-05, 1.49488905663e-05, 1.53175496962e-05, 2.23452752834e-05, 3.35082877427e-05, 2.76275659417e-05, 2.97798305837e-05, 4.62382886326e-05, 0.0001090640435, 0.000227276046644, 0.00024202435452, 0.000210611760849, 0.000167531194165, 7.18678420526e-05, 1.52282100316e-05, 4.22349694418e-06, 1.68206156559e-06, 6.75792307447e-07, 5.70802960453e-08, 7.21443904617e-10]
        dmean2: [1.27395210825e-07, 6.66791165713e-05, 0.000312919757562, 0.000547189090867, 0.000683246820699, 0.00014212745009, 0.00011277727026, 3.08412891172e-05, 2.29112611123e-05, 2.49156910286e-05, 3.55899210263e-05, 5.23428643646e-05, 4.21414115408e-05, 4.65570883534e-05, 7.25598729332e-05, 0.000170897081262, 0.000347378343577, 0.000393747672206, 0.000319724407746, 0.000269601587206, 0.000115557159006, 2.52734735113e-05, 6.892887086e-06, 2.5777603696e-06, 1.01886143966e-06, 9.50805230104e-08, 9.09526176596e-10]
        dvar: [1.02178248501e-13, 8.11219091901e-09, 1.91623598766e-07, 3.98881070396e-07, 5.94817208821e-07, 1.16195693067e-08, 1.8632194454e-08, 7.40038530456e-10, 5.54121637464e-10, 4.02301469915e-10, 1.25221910618e-09, 1.88665905121e-09, 1.32144539755e-09, 1.50600998339e-09, 4.9987081141e-09, 1.68819056512e-08, 1.0272791684e-07, 7.79522153493e-08, 6.76086742146e-08, 5.07146395989e-08, 9.86960024818e-09, 6.390947771e-10, 4.26725807467e-11, 4.43056268756e-12, 1.11110469783e-12, 6.93773897448e-15, 9.39073532536e-17]
        dvar2: [1.36305883572e-13, 2.0307709292e-08, 5.48079071905e-07, 1.13912267352e-06, 1.33755168008e-06, 2.81275269742e-08, 5.00506587287e-08, 1.7008351394e-09, 1.29964439211e-09, 1.03136721386e-09, 2.55743226596e-09, 4.68175231916e-09, 2.88849766328e-09, 3.00553981702e-09, 1.18771712465e-08, 3.97761965587e-08, 2.10016381175e-07, 2.1004723294e-07, 1.57785720489e-07, 1.3338646454e-07, 2.55569094776e-08, 1.64925539892e-09, 1.06222926288e-10, 1.02124688914e-11, 2.62346806605e-12, 1.63238088953e-14, 9.43156959261e-17]
        max: [6.25073971605e-06, 0.000659388664644, 0.00375911523588, 0.00541271036491, 0.00559785822406, 0.000884513370693, 0.00125470745843, 0.000249243457802, 0.000281684653601, 0.000159595932928, 0.000616688397713, 0.000399988290155, 0.000384287326597, 0.00046080147149, 0.00101664057001, 0.00151258672122, 0.00545965600759, 0.00254812673666, 0.00238742120564, 0.00172111298889, 0.00086505676154, 0.000288242677925, 5.00525820826e-05, 1.73232874658e-05, 1.04638229459e-05, 7.89998182427e-07, 2.01616032314e-07]
        mean: [1.24100054677e-07, 5.0645590818e-05, 0.000216374814045, 0.000334729556926, 0.000599925988354, 0.000154871799168, 8.26522373245e-05, 3.69655426766e-05, 2.52116187767e-05, 2.74709345831e-05, 3.94605704059e-05, 6.62642851239e-05, 5.77519276703e-05, 6.16025790805e-05, 8.95505581866e-05, 0.000219604451559, 0.000529122422449, 0.000482419214677, 0.000490784586873, 0.000372270034859, 0.000165456760442, 3.56779673893e-05, 8.9542245405e-06, 4.06819572163e-06, 1.89192201105e-06, 1.25974494836e-07, 8.33101365671e-10]
        min: [1.54974800354e-11, 8.2888959696e-08, 1.29563019868e-07, 6.30177908079e-07, 2.43111799136e-06, 2.67137096444e-07, 3.23680922065e-07, 1.62335709319e-07, 1.38409717465e-07, 9.63965334222e-08, 8.83647999217e-08, 1.85160757837e-07, 2.05571197398e-07, 3.69689018953e-07, 5.05109596816e-07, 9.30445878566e-07, 1.13765770493e-06, 1.76616072167e-06, 3.38254085364e-06, 4.92550861964e-06, 2.40918620875e-06, 3.90453266164e-07, 1.37928552135e-07, 2.81553393933e-08, 3.56303999638e-08, 2.19496931742e-09, 6.73758358133e-12]
        var: [1.44381848057e-13, 8.95772966913e-09, 1.47473755874e-07, 3.03780268496e-07, 9.08820140921e-07, 2.40796236284e-08, 1.62968234463e-08, 1.60255930748e-09, 9.45789668805e-10, 7.73765218565e-10, 3.65140140346e-09, 5.39796785048e-09, 4.48317960533e-09, 5.69807667716e-09, 1.29970914031e-08, 4.40419469783e-08, 5.28022383151e-07, 1.67655812788e-07, 1.69217159396e-07, 9.87110198025e-08, 1.86448279038e-08, 1.00187369512e-09, 6.83518588951e-11, 1.0362165119e-11, 2.36602772964e-12, 1.17671214637e-14, 9.38597010329e-17]
    mfcc:
        mean: [-713.035583496, 79.1010284424, -49.0076675415, 66.2685775757, -1.62727248669, -3.07014989853, -0.6821154356, -6.2731719017, -10.144490242, -15.3688211441, -11.4470567703, -3.85267329216, -5.05719041824]
        cov: [[2263.90209961, 240.176010132, -329.05380249, 74.6123123169, 147.229034424, -63.5492515564, -87.8360671997, 67.4197158813, 103.351165771, 56.3473052979, -11.5552091599, -79.6030883789, -92.8306808472], [240.176010132, 527.801757812, -59.9973831177, 40.9572181702, 38.4748382568, -34.2011604309, 4.74648237228, 10.2573652267, 8.52709960938, 22.1421852112, 8.27504348755, 8.02424907684, 25.9060382843], [-329.05380249, -59.9973831177, 455.050720215, 37.5585021973, -37.31772995, 35.9266586304, 5.70625066757, -1.75568068027, -28.6656780243, -3.96721243858, 25.5924434662, 6.21051120758, -10.6734132767], [74.6123123169, 40.9572181702, 37.5585021973, 123.686790466, 76.3715209961, 32.0790328979, 29.5568904877, 33.3269233704, 39.7737731934, 31.7986888885, 11.4151296616, -2.34469175339, -7.43812704086], [147.229034424, 38.4748382568, -37.31772995, 76.3715209961, 163.472824097, 80.3651428223, 60.3543281555, 31.8187427521, 37.7631645203, 30.8712444305, 25.4091358185, 1.62340140343, -11.8273391724], [-63.5492515564, -34.2011604309, 35.9266586304, 32.0790328979, 80.3651428223, 141.445587158, 92.578704834, 14.2693758011, -16.1086406708, -0.392078071833, 24.622625351, 2.78842782974, -11.1653404236], [-87.8360671997, 4.74648237228, 5.70625066757, 29.5568904877, 60.3543281555, 92.578704834, 107.774635315, 34.6439323425, -1.49144339561, -0.27681350708, 22.7025127411, 14.491399765, 2.55742073059], [67.4197158813, 10.2573652267, -1.75568068027, 33.3269233704, 31.8187427521, 14.2693758011, 34.6439323425, 75.472869873, 47.8215560913, 10.0545988083, 3.21675419807, 6.48734998703, 7.60560083389], [103.351165771, 8.52709960938, -28.6656780243, 39.7737731934, 37.7631645203, -16.1086406708, -1.49144339561, 47.8215560913, 105.769371033, 50.4653739929, 0.944910645485, 1.78741765022, 8.57963752747], [56.3473052979, 22.1421852112, -3.96721243858, 31.7986888885, 30.8712444305, -0.392078071833, -0.27681350708, 10.0545988083, 50.4653739929, 73.255531311, 33.7811164856, -1.72700190544, -10.4618425369], [-11.5552091599, 8.27504348755, 25.5924434662, 11.4151296616, 25.4091358185, 24.622625351, 22.7025127411, 3.21675419807, 0.944910645485, 33.7811164856, 66.5607681274, 21.0877609253, -7.88530349731], [-79.6030883789, 8.02424907684, 6.21051120758, -2.34469175339, 1.62340140343, 2.78842782974, 14.491399765, 6.48734998703, 1.78741765022, -1.72700190544, 21.0877609253, 56.8758049011, 33.3456878662], [-92.8306808472, 25.9060382843, -10.6734132767, -7.43812704086, -11.8273391724, -11.1653404236, 2.55742073059, 7.60560083389, 8.57963752747, -10.4618425369, -7.88530349731, 33.3456878662, 72.5865707397]]
        icov: [[0.000696941453498, -0.000283218716504, 0.000460077339085, -0.000103187427158, -0.000541368906852, -0.000286452966975, 0.00144912174437, -0.000985641032457, -0.00011538763647, 0.000349573150743, -0.000342477491358, 0.000397908443119, 0.000813440710772], [-0.000283218716504, 0.00235850084573, -1.67912878624e-06, -0.000634663098026, -0.000685159116983, 0.00200378824957, -0.00158300646581, 0.000201725400984, 0.00147582474165, -0.00125519756693, 0.00016555491311, 0.000283331522951, -0.00150554068387], [0.000460077339085, -1.67912878624e-06, 0.00313711352646, -0.00215889816172, 0.00180677196477, -0.00216024392284, 0.00237392541021, -0.00117876997683, 0.000391057343222, 0.00078162131831, -0.00173570401967, 4.91382743348e-05, 0.000686337414663], [-0.000103187427158, -0.000634663098026, -0.00215889816172, 0.0145128676668, -0.0061261439696, 0.00102328078356, -0.00117382081226, -0.00277185090818, -0.000277963466942, -0.00441395724192, 0.00325651816092, -0.00015069906658, 0.000574923527893], [-0.000541368906852, -0.000685159116983, 0.00180677196477, -0.0061261439696, 0.0150864385068, -0.00790002290159, -0.000357206707122, 0.001351025654, -0.00446052988991, 0.0012263256358, -0.00266712461598, -0.000646162428893, 0.00101521040779], [-0.000286452966975, 0.00200378824957, -0.00216024392284, 0.00102328078356, -0.00790002290159, 0.0244222115725, -0.0187158100307, 0.00426707835868, 0.00379047915339, -0.000608728383668, -0.000366820255294, 0.00332155451179, -0.000714078836609], [0.00144912174437, -0.00158300646581, 0.00237392541021, -0.00117382081226, -0.000357206707122, -0.0187158100307, 0.0324756614864, -0.0133680291474, 0.00272847316228, 0.00178218819201, -0.00343436119147, -0.00322913122363, 0.00101115519647], [-0.000985641032457, 0.000201725400984, -0.00117876997683, -0.00277185090818, 0.001351025654, 0.00426707835868, -0.0133680291474, 0.0290965177119, -0.016070637852, 0.00977399107069, -0.00343794934452, 0.00116150418762, -0.00108994194306], [-0.00011538763647, 0.00147582474165, 0.000391057343222, -0.000277963466942, -0.00446052988991, 0.00379047915339, 0.00272847316228, -0.016070637852, 0.0302897524089, -0.0229340195656, 0.0117696058005, -0.00347289722413, -0.00321295321919], [0.000349573150743, -0.00125519756693, 0.00078162131831, -0.00441395724192, 0.0012263256358, -0.000608728383668, 0.00178218819201, 0.00977399107069, -0.0229340195656, 0.0410162843764, -0.0236554797739, 0.00856929458678, 0.00169292744249], [-0.000342477491358, 0.00016555491311, -0.00173570401967, 0.00325651816092, -0.00266712461598, -0.000366820255294, -0.00343436119147, -0.00343794934452, 0.0117696058005, -0.0236554797739, 0.0354360975325, -0.0167459063232, 0.00631349021569], [0.000397908443119, 0.000283331522951, 4.91382743348e-05, -0.00015069906658, -0.000646162428893, 0.00332155451179, -0.00322913122363, 0.00116150418762, -0.00347289722413, 0.00856929458678, -0.0167459063232, 0.0340046398342, -0.0149977868423], [0.000813440710772, -0.00150554068387, 0.000686337414663, 0.000574923527893, 0.00101521040779, -0.000714078836609, 0.00101115519647, -0.00108994194306, -0.00321295321919, 0.00169292744249, 0.00631349021569, -0.0149977868423, 0.0238477606326]]
    spectral_contrast:
        mean: [9.01632617456e-08, -1.91493754187e-07, -5.92070499295e-08, -4.11277227386e-07, 6.31311394272e-08, -3.49399385868e-07, -4.66523897558e-06, 1.5903791617e-09, 8.25337622246e-07, 2.21069626605e-06, -5.94940104293e-07, 1.15337059015e-06]
        var: [0.000253974081716, 0.000643106934149, 0.00114281335846, 0.0020971109625, 0.00293581117876, 0.00444014696404, 0.0327803827822, 0.0634852349758, 0.125924035907, 0.220118522644, 0.423475295305, 1.60482990742]

rhythm:
    beats_loudness:
        dmean: 0.00466964859515
        dmean2: 0.00917936488986
        dvar: 3.45247576661e-06
        dvar2: 7.01489989297e-06
        max: 0.013837704435
        mean: 0.00740374065936
        min: 0.00228184368461
        var: 8.43626276037e-06
    beats_loudness_bass:
        dmean: 0.108220532537
        dmean2: 0.206649571657
        dvar: 0.0141020454466
        dvar2: 0.0361176803708
        max: 0.419783890247
        mean: 0.117359764874
        min: 0.0222008526325
        var: 0.0115652512759
    bpm: 119.259368896
    bpm_confidence: 0
    first_peak_bpm: 119
    first_peak_spread: 0
    first_peak_weight: 0.944444477558
    onset_rate: 3.1984333992
    second_peak_bpm: 106
    second_peak_spread: 0
    second_peak_weight: 0.0555555559695
    beats_position: [0.500186502934, 1.00577902794, 1.51137149334, 2.01696395874, 2.52255654335, 3.02814912796, 3.53374147415, 4.03933382034, 4.54492616653, 5.05051851273, 5.55611085892, 6.11987781525, 6.62052869797, 7.12117958069, 7.62183094025, 8.1224822998, 8.62313365936, 9.12378406525, 9.6244354248]
    bpm_estimates: [118.615722656, 118.670799255, 118.706825256, 118.787147522, 118.802024841, 118.573448181, 118.810852051, 118.762702942, 118.563949585, 118.468902588, 118.637550354, 119.597045898, 119.665092468, 119.945053101, 120.234695435, 119.015548706, 119.430854797, 120.3331604, 119.610549927, 120.977371216, 119.851097107, 119.645820618]
    bpm_intervals: [0.505592525005, 0.505592465401, 0.505592465401, 0.50559258461, 0.50559258461, 0.505592346191, 0.505592346191, 0.505592346191, 0.505592346191, 0.505592346191, 0.563766956329, 0.500650882721, 0.500650882721, 0.500651359558, 0.500651359558, 0.500651359558, 0.500650405884, 0.500651359558]
    onset_times: [0.0348299331963, 0.267029464245, 0.49922901392, 0.743038535118, 1.01006805897, 1.52090704441, 2.02013611794, 2.27555561066, 2.51936507225, 3.03020405769, 3.28562355042, 3.55265307426, 3.79646253586, 4.06349229813, 4.3073015213, 4.56272125244, 5.05034017563, 5.58439922333, 5.83981847763, 6.09523820877, 6.35065746307, 6.60607719421, 7.10530614853, 7.38394546509, 7.6277551651, 7.85995483398, 8.12698459625, 8.52172374725, 8.63782310486, 8.88163280487, 9.13705253601, 9.39247131348]
    rubato_start: []
    rubato_stop: []
    perceptual_tempo: "unknown"

sfx:
    inharmonicity:
        dmean: 0.0683933123946
        dmean2: 0.121268630028
        dvar: 0.00401539355516
        dvar2: 0.0115053579211
        max: 0.331614285707
        mean: 0.0727008804679
        min: 0
        var: 0.00440334575251
    oddtoevenharmonicenergyratio:
        dmean: 3.81489992142
        dmean2: 7.30746459961
        dvar: 612.885620117
        dvar2: 1852.47998047
        max: 359.677032471
        mean: 2.42431282997
        min: 0
        var: 310.800292969
    pitch_after_max_to_before_max_energy_ratio: 1.67017948627
    pitch_centroid: 201.789459229
    pitch_max_to_total: 0.359628766775
    pitch_min_to_total: 0.570765674114
    tristimulus:
        dmean: [0.180647701025, 0.322678148746, 0.200362801552]
        dmean2: [0.31283184886, 0.563215374947, 0.35916814208]
        dvar: [0.0274350587279, 0.0578045099974, 0.0287967436016]
        dvar2: [0.0733762234449, 0.161924079061, 0.0725636556745]
        max: [1, 0.983735382557, 0.783551573753]
        mean: [0.260037720203, 0.453283190727, 0.181679815054]
        min: [0.0134048415348, 0, 0]
        var: [0.0376908630133, 0.0813096761703, 0.037830453366]

tonal:
    chords_changes_rate: 0.055299539119
    chords_number_rate: 0.0138248847798
    chords_strength:
        dmean: 0.0108360843733
        dmean2: 0.0121999308467
        dvar: 8.47864794196e-05
        dvar2: 0.00011547608301
        max: 0.675160586834
        mean: 0.548131644726
        min: 0.394996017218
        var: 0.0052743894048
    key_strength: 0.831861913204
    tuning_diatonic_strength: 0.681891977787
    tuning_equal_tempered_deviation: 0.112063631415
    tuning_frequency: 441.272583008
    tuning_nontempered_energy_ratio: 0.782279133797
    hpcp:
        dmean: [0.185886070132, 0.192201137543, 0.163384631276, 0.154614463449, 0.159583851695, 0.147655889392, 0.137490421534, 0.138444840908, 0.148555189371, 0.143492683768, 0.150073051453, 0.1465934515, 0.171439230442, 0.167444348335, 0.205917820334, 0.236765220761, 0.193171754479, 0.144371137023, 0.134140178561, 0.143994674087, 0.146289691329, 0.175163164735, 0.166731864214, 0.152753040195, 0.146641626954, 0.149183630943, 0.164053320885, 0.170142039657, 0.193182691932, 0.239948406816, 0.240910694003, 0.222650825977, 0.193963050842, 0.175800234079, 0.164381861687, 0.155032247305]
        dmean2: [0.315382838249, 0.328975826502, 0.278158068657, 0.262518286705, 0.277901083231, 0.24630433321, 0.224299296737, 0.232748329639, 0.254767477512, 0.235134094954, 0.244304358959, 0.238540291786, 0.293462872505, 0.283565193415, 0.345355927944, 0.392270565033, 0.329991042614, 0.241277590394, 0.234586700797, 0.257844686508, 0.252700090408, 0.296158134937, 0.293432146311, 0.260998278856, 0.243512347341, 0.247271105647, 0.261569172144, 0.292346507311, 0.343582957983, 0.410741269588, 0.398303866386, 0.378524810076, 0.346847712994, 0.320198953152, 0.294315934181, 0.265856236219]
        dvar: [0.0396171547472, 0.0401253849268, 0.0297657176852, 0.0355359464884, 0.0361646451056, 0.025221304968, 0.0241794027388, 0.0238893274218, 0.0267855729908, 0.0260197520256, 0.0243676640093, 0.0236377250403, 0.0491923838854, 0.0364874079823, 0.0386104807258, 0.0525171682239, 0.0406924299896, 0.0248298738152, 0.0256850589067, 0.0348873473704, 0.0270725637674, 0.0423965528607, 0.0373833179474, 0.0341392792761, 0.0239863526076, 0.0209146812558, 0.0273634959012, 0.0355853997171, 0.0462902747095, 0.0517904795706, 0.0543087720871, 0.0460089482367, 0.0408514030278, 0.0387309715152, 0.0375979356468, 0.0325099974871]
        dvar2: [0.0999822989106, 0.0974490121007, 0.0662896335125, 0.084350310266, 0.0918184220791, 0.0624889358878, 0.0610314868391, 0.0632082000375, 0.0664925724268, 0.0555277355015, 0.0621008090675, 0.0585798323154, 0.123704768717, 0.0984083414078, 0.103153795004, 0.116608023643, 0.104935720563, 0.0627007707953, 0.0696768537164, 0.0998144894838, 0.061795655638, 0.102368332446, 0.0944987088442, 0.0915587842464, 0.0581915974617, 0.0564733669162, 0.0675150975585, 0.0913328304887, 0.136688709259, 0.146480113268, 0.13314974308, 0.139441102743, 0.11457824707, 0.10135165602, 0.09677606076, 0.0844429582357]
        max: [1, 1, 1, 1, 1, 1, 1, 1, 1, 1, 1, 1, 1, 0.964432835579, 1, 1, 1, 1, 0.985928118229, 1, 1, 1, 1, 1, 1, 1, 1, 1, 1, 1, 1, 1, 1, 1, 1, 1]
        mean: [0.287978112698, 0.280492067337, 0.257753372192, 0.236781701446, 0.215637922287, 0.228411659598, 0.227149903774, 0.215498328209, 0.250354081392, 0.261952251196, 0.22581589222, 0.219068452716, 0.227573573589, 0.218947738409, 0.359431684017, 0.49010103941, 0.372307747602, 0.235803544521, 0.180211514235, 0.174014523625, 0.26117670536, 0.302936881781, 0.215975373983, 0.17428958416, 0.210839360952, 0.238900706172, 0.273517370224, 0.251524150372, 0.248037219048, 0.42362716794, 0.485835582018, 0.349164873362, 0.258384823799, 0.241358533502, 0.222867622972, 0.237975120544]
        min: [0.016011370346, 0.0109482025728, 0.00943449046463, 0.0110675729811, 0.0122408028692, 0.0197077710181, 0.0128769064322, 0.0145566444844, 0.00772338407114, 0.00812262762338, 0.00905135367066, 0.00813153386116, 0.00426096888259, 0.00397756835446, 0.00718269031495, 0.0194495413452, 0.0242607984692, 0.0054968399927, 0.00436615478247, 0.00208288081922, 0.00199584034272, 0.00296566472389, 0.00572667550296, 0.00535637233406, 0.00811467971653, 0.00809791963547, 0.00666483212262, 0.00344050652348, 0.00511527340859, 0.0053488672711, 0.00791004300117, 0.00846484862268, 0.00348689919338, 0.00271590962075, 0.00355124822818, 0.0123404031619]
        var: [0.0665666982532, 0.0598823055625, 0.0515882633626, 0.048873603344, 0.0419518575072, 0.0367076918483, 0.0406958423555, 0.0339118950069, 0.0521834157407, 0.06329870224, 0.0388512685895, 0.035378433764, 0.0547262728214, 0.0400016792119, 0.0648596659303, 0.119720965624, 0.0734184086323, 0.0403216443956, 0.0294406525791, 0.0356519930065, 0.0587977804244, 0.0851843580604, 0.0438034385443, 0.0341363400221, 0.0382987298071, 0.0402756892145, 0.0658640936017, 0.0550987571478, 0.0421033278108, 0.0833393111825, 0.0959990099072, 0.0628351941705, 0.0520891919732, 0.0504122450948, 0.0470391027629, 0.050873786211]
    chords_histogram: [8.29493045807, 0, 0, 0, 0, 0, 0, 0, 0, 0, 0, 0, 0, 0, 0, 0, 0, 77.4193572998, 0, 0, 0, 0, 14.2857141495, 0]
    thpcp: [1, 0.759655058384, 0.481132507324, 0.367702782154, 0.355058461428, 0.532903790474, 0.618111073971, 0.440675199032, 0.355619698763, 0.430195689201, 0.487451940775, 0.55808365345, 0.51320874691, 0.506094038486, 0.864367008209, 0.991296768188, 0.712434470654, 0.527207255363, 0.492466896772, 0.454738110304, 0.485563397408, 0.587589263916, 0.572314798832, 0.525918841362, 0.483128339052, 0.439986675978, 0.46605014801, 0.463475674391, 0.43970182538, 0.510821342468, 0.534486234188, 0.46075373888, 0.446986317635, 0.464340120554, 0.44674000144, 0.733382821083]
    chords_key: "G"
    chords_scale: "minor"
    key_key: "G"
    key_scale: "major"
    chords_progression: ["G", "G", "G", "G", "G", "G", "G", "G", "Gm", "Gm", "Gm", "Gm", "Gm", "G", "Gm", "Gm", "Gm", "Gm", "G", "G", "Gm", "Gm", "Gm", "Gm", "Gm", "Gm", "Gm", "Gm", "Gm", "Gm", "Gm", "Gm", "Gm", "Gm", "Gm", "Gm", "Gm", "Gm", "Gm", "Gm", "Gm", "Gm", "Gm", "Gm", "Gm", "Gm", "Gm", "Gm", "Gm", "Gm", "Gm", "Gm", "Gm", "Gm", "Gm", "Gm", "Gm", "Gm", "Gm", "Gm", "Gm", "Gm", "Gm", "Gm", "Gm", "Gm", "Gm", "Gm", "Gm", "Gm", "Gm", "Gm", "Gm", "Gm", "Gm", "Gm", "Gm", "Gm", "Gm", "Gm", "Gm", "Gm", "Gm", "Gm", "Gm", "Gm", "G", "Gm", "Gm", "Gm", "Gm", "G", "G", "C", "C", "C", "C", "C", "C", "C", "C", "C", "C", "C", "C", "C", "C", "C", "C", "C", "C", "C", "C", "C", "C", "C", "C", "C", "C", "C", "C", "C", "C", "C", "Gm", "Gm", "Gm", "Gm", "Gm", "Gm", "Gm", "Gm", "Gm", "Gm", "Gm", "Gm", "Gm", "Gm", "Gm", "Gm", "Gm", "Gm", "Gm", "Gm", "Gm", "Gm", "Gm", "Gm", "Gm", "Gm", "Gm", "Gm", "Gm", "Gm", "Gm", "Gm", "Gm", "Gm", "Gm", "Gm", "Gm", "Gm", "Gm", "Gm", "Gm", "Gm", "Gm", "Gm", "Gm", "Gm", "Gm", "Gm", "Gm", "Gm", "Gm", "Gm", "Gm", "Gm", "Gm", "Gm", "Gm", "Gm", "Gm", "Gm", "Gm", "Gm", "Gm", "Gm", "Gm", "Gm", "G", "G", "G", "G", "Gm", "Gm", "Gm", "Gm", "Gm", "Gm", "Gm", "Gm", "Gm", "Gm", "Gm", "Gm", "Gm", "Gm", "Gm", "Gm", "Gm", "Gm", "Gm", "Gm", "Gm", "Gm", "Gm"]
