
metadata:
    version:
        essentia: "1.2.2"
    audio_properties:
        analysis_sample_rate: 44100
        bitrate: 128
        channels: 2
        equal_loudness: 1
        length: 10.0048980713
        replay_gain: -7.1254940033
        downmix: "mix"
    tags:
        track: 10
        year: 0
        album: "Splitted by Mp3Splt v. 2.1"
        artist: "From 001.30 To 001.40"
        comment: "http://mp3splt.sf.net"
        genre: ""
        title: "10 Mr. President (Have Pity on"

highlevel:
    ballroom:
        all:
            ChaChaCha: 0.0512606836855
            Jive: 0.171721667051
            Quickstep: 0.0468297488987
            Rumba-American: 0.0408680438995
            Rumba-International: 0.107477039099
            Rumba-Misc: 0.109206303954
            Samba: 0.0871892720461
            Tango: 0.027898337692
            VienneseWaltz: 0.124236039817
            Waltz: 0.233312860131
        probability: 0.233312860131
        value: "Waltz"
    culture:
        all:
            non_western: 0.0208277925849
            western: 0.979172229767
        probability: 0.979172229767
        value: "western"
    gender:
        all:
            female: 0.858082711697
            male: 0.141917288303
        probability: 0.858082711697
        value: "female"
    genre_dortmund:
        all:
            alternative: 0.183607235551
            blues: 0.0184758137912
            electronic: 0.125987872481
            folkcountry: 0.129569917917
            funksoulrnb: 0.0378952473402
            jazz: 0.116038367152
            pop: 0.123384773731
            raphiphop: 0.0235609821975
            rock: 0.241479769349
        probability: 0.241479769349
        value: "rock"
    genre_electronica:
        all:
            ambient: 0.715157866478
            dnb: 0.0337004549801
            house: 0.0782741084695
            techno: 0.00791984982789
            trance: 0.164947733283
        probability: 0.715157866478
        value: "ambient"
    genre_rosamerica:
        all:
            cla: 0.18462729454
            dan: 0.159091830254
            hip: 0.0220458954573
            jaz: 0.0957562178373
            pop: 0.294168740511
            rhy: 0.156511038542
            roc: 0.0792622566223
            spe: 0.00853672623634
        probability: 0.294168740511
        value: "pop"
    genre_tzanetakis:
        all:
            blu: 0.0146872280166
            cla: 0.101275652647
            cou: 0.100324191153
            dis: 0.0603567399085
            hip: 0.016191560775
            jaz: 0.0870173722506
            met: 0.0153514342383
            pop: 0.424161404371
            reg: 0.11766076088
            roc: 0.0629736408591
        probability: 0.424161404371
        value: "pop"
    live_studio:
        all:
            live: 0.0612083859742
            studio: 0.938791632652
        probability: 0.938791632652
        value: "studio"
    mood:
        all:
            Cluster1: 0.0832208991051
            Cluster2: 0.145476475358
            Cluster3: 0.715139806271
            Cluster4: 0.0470838546753
            Cluster5: 0.00907897762954
        probability: 0.715139806271
        value: "Cluster3"
    mood_acoustic:
        all:
            acoustic: 0.16293695569
            not_acoustic: 0.837063074112
        probability: 0.837063074112
        value: "not_acoustic"
    mood_aggressive:
        all:
            aggressive: 0.0134593658149
            not_aggressive: 0.986540615559
        probability: 0.986540615559
        value: "not_aggressive"
    mood_electronic:
        all:
            electronic: 0.690985560417
            not_electronic: 0.309014469385
        probability: 0.690985560417
        value: "electronic"
    mood_happy:
        all:
            happy: 0.242705687881
            not_happy: 0.757294297218
        probability: 0.757294297218
        value: "not_happy"
    mood_party:
        all:
            not_party: 0.748910427094
            party: 0.251089572906
        probability: 0.748910427094
        value: "not_party"
    mood_relaxed:
        all:
            not_relaxed: 0.259623497725
            relaxed: 0.740376472473
        probability: 0.740376472473
        value: "relaxed"
    mood_sad:
        all:
            not_sad: 3.00000096379e-14
            sad: 1
        probability: 1
        value: "sad"
    rhythm:
        all:
            fast: 0.175037026405
            medium: 0.489286005497
            slow: 0.335676968098
        probability: 0.489286005497
        value: "medium"
    speech_music:
        all:
            music: 3.00000096379e-14
            speech: 1
        probability: 1
        value: "speech"
    timbre:
        all:
            bright: 0.267708957195
            dark: 0.732291042805
        probability: 0.732291042805
        value: "dark"
    voice_instrumental:
        all:
            instrumental: 0.996200084686
            voice: 0.00379989529029
        probability: 0.996200084686
        value: "instrumental"

lowlevel:
    average_loudness: 0.951303184032
    barkbands_kurtosis:
        dmean: 0.933217704296
        dmean2: 1.5978140831
        dvar: 2.48159337044
        dvar2: 6.99464702606
        max: 21.2620735168
        mean: 0.324484705925
        min: -1.6431350708
        var: 9.81027412415
    barkbands_skewness:
        dmean: 0.401132196188
        dmean2: 0.635665595531
        dvar: 0.235345169902
        dvar2: 0.558331131935
        max: 3.37754487991
        mean: 0.478233724833
        min: -1.45713031292
        var: 0.779075801373
    barkbands_spread:
        dmean: 3.67654252052
        dmean2: 6.07685470581
        dvar: 19.5159282684
        dvar2: 54.572479248
        max: 54.3190422058
        mean: 20.1483058929
        min: 2.54521155357
        var: 45.9269866943
    dissonance:
        dmean: 0.0268473960459
        dmean2: 0.0453236736357
        dvar: 0.000543105707038
        dvar2: 0.00144645315595
        max: 0.498456865549
        mean: 0.436171501875
        min: 0.326898217201
        var: 0.0010726605542
    hfc:
        dmean: 1.12408030033
        dmean2: 1.702064991
        dvar: 2.97926783562
        dvar2: 6.41018486023
        max: 17.0619029999
        mean: 3.35920882225
        min: 0.0621488578618
        var: 8.40942955017
    pitch:
        dmean: 120.474525452
        dmean2: 230.97958374
        dvar: 103936.515625
        dvar2: 292158.8125
        max: 4410
        mean: 349.542999268
        min: 62.4645881653
        var: 81016.7109375
    pitch_instantaneous_confidence:
        dmean: 0.0835439637303
        dmean2: 0.130030483007
        dvar: 0.00622757337987
        dvar2: 0.0128069585189
        max: 0.82327991724
        mean: 0.55066126585
        min: 0.170096874237
        var: 0.0218750499189
    pitch_salience:
        dmean: 0.0618305690587
        dmean2: 0.107414647937
        dvar: 0.00378287979402
        dvar2: 0.0113018760458
        max: 0.77648204565
        mean: 0.528713405132
        min: 0.272293180227
        var: 0.0064850654453
    silence_rate_20dB:
        dmean: 0
        dmean2: 0
        dvar: 0
        dvar2: 0
        max: 1
        mean: 1
        min: 1
        var: 0
    silence_rate_30dB:
        dmean: 0
        dmean2: 0
        dvar: 0
        dvar2: 0
        max: 1
        mean: 1
        min: 1
        var: 0
    silence_rate_60dB:
        dmean: 0.10000000149
        dmean2: 0.200466200709
        dvar: 0.0900000482798
        dvar2: 0.188251718879
        max: 1
        mean: 0.709976792336
        min: 0
        var: 0.20590993762
    spectral_centroid:
        dmean: 190.726089478
        dmean2: 297.477844238
        dvar: 52601.421875
        dvar2: 118844.515625
        max: 2271.76171875
        mean: 1160.68249512
        min: 220.560592651
        var: 235538.34375
    spectral_complexity:
        dmean: 2.02803730965
        dmean2: 3.19437932968
        dvar: 6.10201978683
        dvar2: 11.9973402023
        max: 29
        mean: 9.09323978424
        min: 0
        var: 25.4785060883
    spectral_crest:
        dmean: 1.79107880592
        dmean2: 2.83199048042
        dvar: 2.88963127136
        dvar2: 7.74000835419
        max: 20.7043972015
        mean: 7.60989904404
        min: 2.38372159004
        var: 6.52348947525
    spectral_decrease:
        dmean: 3.66540853225e-10
        dmean2: 6.05591632397e-10
        dvar: 1.1235607702e-18
        dvar2: 3.02473025282e-18
        max: -4.0187027317e-11
        mean: -7.08181790987e-10
        min: -1.08579394364e-08
        var: 1.00570242216e-18
    spectral_energy:
        dmean: 0.00147491053212
        dmean2: 0.00241595692933
        dvar: 1.69651193573e-05
        dvar2: 4.53305729025e-05
        max: 0.042527962476
        mean: 0.00297752930783
        min: 0.000162665310199
        var: 1.59532010002e-05
    spectral_energyband_high:
        dmean: 3.2622298022e-05
        dmean2: 4.88296755066e-05
        dvar: 8.57244852881e-09
        dvar2: 1.70326401872e-08
        max: 0.000883739150595
        mean: 4.93188090331e-05
        min: 3.87742034036e-08
        var: 1.20159580064e-08
    spectral_energyband_low:
        dmean: 0.000138127608807
        dmean2: 0.00024810177274
        dvar: 1.71260765569e-07
        dvar2: 4.41205884272e-07
        max: 0.00300201261416
        mean: 0.000167431368027
        min: 1.17992698279e-07
        var: 1.36048043942e-07
    spectral_energyband_middle_high:
        dmean: 0.000358596764272
        dmean2: 0.000542002206203
        dvar: 1.74262822839e-07
        dvar2: 3.91809805933e-07
        max: 0.00391429243609
        mean: 0.00116223667283
        min: 1.44798323163e-05
        var: 8.12782673165e-07
    spectral_energyband_middle_low:
        dmean: 0.00111690280028
        dmean2: 0.00186921120621
        dvar: 1.4434042896e-05
        dvar2: 3.95396309614e-05
        max: 0.0378685034811
        mean: 0.00159852334764
        min: 2.05383294087e-05
        var: 1.1267869013e-05
    spectral_flatness_db:
        dmean: 0.0159136615694
        dmean2: 0.0255162864923
        dvar: 0.000277980609098
        dvar2: 0.000687730615027
        max: 0.333275914192
        mean: 0.182864844799
        min: 0.0835254192352
        var: 0.0014445099514
    spectral_flux:
        dmean: 0.00969329103827
        dmean2: 0.0154607230797
        dvar: 0.000351153779775
        dvar2: 0.00076667626854
        max: 0.174418732524
        mean: 0.0259180516005
        min: 0.00314536923543
        var: 0.000582923763432
    spectral_kurtosis:
        dmean: 3.45855426788
        dmean2: 5.86737918854
        dvar: 27.4723930359
        dvar2: 84.2747421265
        max: 71.2411804199
        mean: 10.6328258514
        min: -0.310977697372
        var: 114.612983704
    spectral_rms:
        dmean: 0.000306313391775
        dmean2: 0.000472485495266
        dvar: 3.46943409113e-07
        dvar2: 8.62730530571e-07
        max: 0.00644132681191
        mean: 0.00151028856635
        min: 0.000398369011236
        var: 6.2393820599e-07
    spectral_rolloff:
        dmean: 415.620941162
        dmean2: 726.480651855
        dvar: 317863
        dvar2: 864945.0625
        max: 4263.57421875
        mean: 2072.60864258
        min: 258.3984375
        var: 763661.8125
    spectral_skewness:
        dmean: 0.316049456596
        dmean2: 0.530894637108
        dvar: 0.133963122964
        dvar2: 0.394521802664
        max: 6.67325496674
        mean: 2.35015535355
        min: 0.726618885994
        var: 0.769384860992
    spectral_spread:
        dmean: 606375.875
        dmean2: 872949.6875
        dvar: 1.13552339763e+12
        dvar2: 1.64659068928e+12
        max: 18991308
        mean: 3820929.25
        min: 1073377.375
        var: 2.80238882816e+12
    spectral_strongpeak:
        dmean: 0.421653538942
        dmean2: 0.70682322979
        dvar: 0.328377664089
        dvar2: 0.756133317947
        max: 3.52547931671
        mean: 0.684343039989
        min: 0.0151455225423
        var: 0.548098444939
    zerocrossingrate:
        dmean: 0.00636134622619
        dmean2: 0.00803662929684
        dvar: 3.57024327968e-05
        dvar2: 5.67056849832e-05
        max: 0.1064453125
        mean: 0.0675671994686
        min: 0.01025390625
        var: 0.000537760730367
    barkbands:
        dmean: [8.38373495071e-08, 4.86917670059e-05, 0.000100963072327, 0.000457872520201, 0.000398181960918, 0.000142907359987, 5.03560622747e-05, 7.52335254219e-05, 0.000149849016452, 1.90087139345e-05, 2.22542330448e-05, 8.40499124024e-05, 2.86722915916e-05, 3.36467019224e-05, 0.000131616165163, 5.02691073052e-05, 0.000170970219187, 6.09171693213e-05, 5.43433125131e-05, 4.93853804073e-05, 1.64208213391e-05, 4.79110076412e-06, 2.3568609322e-06, 5.88756279285e-07, 9.84029838946e-07, 4.32018296692e-08, 8.21824475139e-09]
        dmean2: [1.02220369058e-07, 8.26981849968e-05, 0.000182358417078, 0.000842715788167, 0.000702015357092, 0.000239645829424, 7.19321178622e-05, 0.00011699461902, 0.000207847348065, 3.16507612297e-05, 3.26666013279e-05, 0.000126842569443, 4.32763081335e-05, 4.86469689349e-05, 0.000219207126065, 7.68500540289e-05, 0.000287623755867, 9.67738233157e-05, 8.7899454229e-05, 8.17241016193e-05, 2.46755334956e-05, 7.30856527298e-06, 3.95016104449e-06, 8.86755401552e-07, 1.4693682715e-06, 6.19052471507e-08, 8.35391045229e-09]
        dvar: [6.04171172727e-13, 3.17883852574e-08, 8.67014691153e-08, 4.01113948101e-06, 2.17753517973e-06, 1.39295622148e-07, 9.82811698691e-09, 2.40813324837e-08, 1.09912420498e-07, 2.17283724346e-09, 1.24867038931e-09, 1.24931540668e-08, 1.03531416773e-09, 1.93543892024e-09, 3.90966228281e-08, 9.10547637289e-09, 5.49829373142e-08, 8.2622699793e-09, 6.66161081853e-09, 6.82064493773e-09, 2.46029285833e-09, 2.48225745514e-10, 1.04308020554e-10, 3.36599650062e-12, 8.05702379814e-12, 4.45820816245e-14, 2.76173161217e-14]
        dvar2: [6.03412393836e-13, 8.19252861106e-08, 2.41336010731e-07, 1.11613035187e-05, 5.77306036575e-06, 3.87180818961e-07, 1.89339068868e-08, 6.29790477547e-08, 2.35193340359e-07, 5.67402791418e-09, 2.83483614361e-09, 2.88410504368e-08, 2.606530769e-09, 3.97930577378e-09, 1.02882474096e-07, 2.300294355e-08, 1.51830136019e-07, 1.93349247724e-08, 1.58376725068e-08, 1.94242257834e-08, 5.26033350212e-09, 5.41780675878e-10, 2.73546379992e-10, 7.31823022321e-12, 1.6013424961e-11, 6.56290546539e-14, 2.76085696595e-14]
        max: [1.6124899048e-05, 0.00181139528286, 0.00233130715787, 0.0187094490975, 0.0121034700423, 0.00410657841712, 0.00148619350512, 0.0013046808308, 0.00394359277561, 0.000446824036771, 0.000326771580148, 0.00100556935649, 0.000312038231641, 0.000391453795601, 0.00226966664195, 0.00145780399907, 0.00189496413805, 0.000962776481174, 0.000702047604136, 0.000607622961979, 0.000492808117997, 0.000175946843228, 0.000127017963678, 1.89563797903e-05, 2.58438667515e-05, 3.63379535884e-06, 3.44669979313e-06]
        mean: [1.40370673307e-07, 4.97709334013e-05, 0.000117540890642, 0.000327502377331, 0.000411259301472, 0.000237051659497, 0.000113004440209, 0.00012744430569, 0.000373790564481, 2.5171386369e-05, 3.99837372242e-05, 0.000186974488315, 6.02866639383e-05, 6.63249375066e-05, 0.00020556137315, 8.08244440123e-05, 0.000257921288721, 9.82723431662e-05, 8.73038443387e-05, 7.87299213698e-05, 2.22507860599e-05, 5.94021958022e-06, 2.52855193139e-06, 7.30987551378e-07, 1.16536580208e-06, 4.73889123498e-08, 8.19817636e-09]
        min: [4.25761891021e-11, 2.29679439911e-08, 1.4155293826e-08, 5.82535122362e-08, 9.9143380794e-07, 2.86609565592e-06, 6.46046601105e-07, 7.12540668246e-07, 1.85930701946e-07, 1.19313597224e-07, 2.84193163225e-07, 5.49442972897e-07, 2.76075638794e-07, 1.91649277781e-07, 5.44200133845e-07, 3.93625214201e-07, 3.90953942997e-07, 9.66371942468e-08, 9.52430738721e-08, 3.06431218178e-08, 1.58760258273e-08, 2.84287593466e-09, 1.19642151741e-09, 4.9789622425e-10, 4.73372008258e-10, 3.91478481576e-11, 3.62312827309e-13]
        var: [6.176626593e-13, 2.41333388828e-08, 6.13612982647e-08, 2.44436932917e-06, 1.91322601495e-06, 1.26008089296e-07, 3.82861848891e-08, 3.03637364141e-08, 3.036100793e-07, 2.50173681771e-09, 3.420279171e-09, 3.95040409273e-08, 2.92955104619e-09, 5.63981661372e-09, 7.92549599282e-08, 1.69906009262e-08, 9.27440453324e-08, 1.62480553456e-08, 1.19122969267e-08, 1.0153202723e-08, 3.0832800757e-09, 2.99768959655e-10, 9.20352336009e-11, 4.18961480092e-12, 1.09356586286e-11, 4.6775205779e-14, 2.76246649796e-14]
    mfcc:
        mean: [-783.290649414, 148.112548828, -62.926700592, 31.6100463867, -5.9913649559, -12.540263176, -4.82538032532, -10.0443210602, -6.15590524673, -7.49058151245, -0.962864995003, -2.67683982849, -2.87778830528]
        cov: [[5480.29736328, -2105.01147461, -540.581726074, 114.789169312, -351.053039551, -265.131835938, -261.568603516, -142.696243286, -237.185195923, -118.071113586, 139.745132446, 67.6337814331, -31.5129127502], [-2105.01147461, 1681.03930664, 385.320831299, 186.652191162, 195.47718811, 230.181610107, 248.315002441, 183.528747559, 195.572647095, 69.9544448853, -23.7681503296, -31.3105010986, -35.6032905579], [-540.581726074, 385.320831299, 871.047729492, 33.9039573669, 203.060943604, 153.420028687, 146.227844238, 84.1642608643, 151.29977417, 13.142121315, -34.4517707825, -44.5165481567, 16.286157608], [114.789169312, 186.652191162, 33.9039573669, 332.508483887, 44.9348182678, 53.3500556946, 9.92326545715, 52.4540863037, -11.1163988113, 4.93491888046, -2.54029369354, 8.70253753662, 34.8435249329], [-351.053039551, 195.47718811, 203.060943604, 44.9348182678, 147.289657593, 77.6519165039, 66.23046875, 42.2894287109, 62.0291290283, 19.0329341888, -4.15656661987, 6.26858711243, 31.8798046112], [-265.131835938, 230.181610107, 153.420028687, 53.3500556946, 77.6519165039, 149.895080566, 84.1778335571, 58.7232589722, 68.7499694824, 24.3943347931, 7.00746679306, 2.18261837959, 13.5486965179], [-261.568603516, 248.315002441, 146.227844238, 9.92326545715, 66.23046875, 84.1778335571, 165.104782104, 87.3294143677, 84.2943572998, 45.5461235046, 39.9958686829, 8.51145839691, -16.4682617188], [-142.696243286, 183.528747559, 84.1642608643, 52.4540863037, 42.2894287109, 58.7232589722, 87.3294143677, 130.36605835, 75.977394104, 39.0366210938, 40.4043045044, 15.8297929764, -7.66258859634], [-237.185195923, 195.572647095, 151.29977417, -11.1163988113, 62.0291290283, 68.7499694824, 84.2943572998, 75.977394104, 135.627212524, 52.7844085693, 35.3016624451, 10.770526886, -9.98590373993], [-118.071113586, 69.9544448853, 13.142121315, 4.93491888046, 19.0329341888, 24.3943347931, 45.5461235046, 39.0366210938, 52.7844085693, 85.8374862671, 52.8208465576, 17.2917499542, -6.96296739578], [139.745132446, -23.7681503296, -34.4517707825, -2.54029369354, -4.15656661987, 7.00746679306, 39.9958686829, 40.4043045044, 35.3016624451, 52.8208465576, 93.7761001587, 37.2964134216, -10.0808534622], [67.6337814331, -31.3105010986, -44.5165481567, 8.70253753662, 6.26858711243, 2.18261837959, 8.51145839691, 15.8297929764, 10.770526886, 17.2917499542, 37.2964134216, 61.9178123474, 21.0953960419], [-31.5129127502, -35.6032905579, 16.286157608, 34.8435249329, 31.8798046112, 13.5486965179, -16.4682617188, -7.66258859634, -9.98590373993, -6.96296739578, -10.0808534622, 21.0953960419, 105.149269104]]
        icov: [[0.000523299211636, 0.000703552446794, -6.24529711786e-05, -0.00074038375169, 0.000660730758682, -5.02427938045e-05, -0.000247202289756, 0.000148955063196, -0.000411077984609, 0.00098576513119, -0.000935854623094, 1.04302516775e-05, 0.000362778868293], [0.000703552446794, 0.00195327703841, -1.57061294885e-05, -0.00144357536919, 0.000523403112311, -0.000491441809572, -0.00119557185099, -7.63251882745e-05, -0.00119563448243, 0.000968869717326, -7.06172650098e-05, 0.000209635938518, 0.00096662750002], [-6.24529711786e-05, -1.57061294885e-05, 0.00213013868779, 6.01769825153e-05, -0.00211739866063, -0.000307029025862, -0.000668755208608, 0.000147077487782, -0.00156748073641, 0.000738737348001, 0.000510912039317, 0.00168091163505, -0.00017458932416], [-0.00074038375169, -0.00144357536919, 6.01769825153e-05, 0.00517472438514, -0.00175133603625, -0.00118182238657, 0.00186528568156, -0.00281227240339, 0.00334564177319, -0.00192949001212, 0.00107180757914, -0.000155840010848, -0.00134032045025], [0.000660730758682, 0.000523403112311, -0.00211739866063, -0.00175133603625, 0.0148856276646, -0.00226868968457, -0.00227806321345, 0.000969283923041, -0.00253511127084, 3.24260799971e-05, 0.00133193389047, -0.00250020669773, -0.0028327149339], [-5.02427938045e-05, -0.000491441809572, -0.000307029025862, -0.00118182238657, -0.00226868968457, 0.0125330574811, -0.00345351407304, -0.000228844117373, -0.002618848579, 0.000177287351107, 0.000892996962648, 0.000440694973804, -0.00146668415982], [-0.000247202289756, -0.00119557185099, -0.000668755208608, 0.00186528568156, -0.00227806321345, -0.00345351407304, 0.0144049124792, -0.00494205532596, 0.000276160164503, -0.00136868120171, -0.00327721866779, 0.000323070620652, 0.00159475079272], [0.000148955063196, -7.63251882745e-05, 0.000147077487782, -0.00281227240339, 0.000969283923041, -0.000228844117373, -0.00494205532596, 0.0162967033684, -0.00599163025618, 0.00135393347591, -0.00325650442392, -0.000803937029559, 0.000446842255769], [-0.000411077984609, -0.00119563448243, -0.00156748073641, 0.00334564177319, -0.00253511127084, -0.002618848579, 0.000276160164503, -0.00599163025618, 0.018969733268, -0.00679355673492, -0.000252248137258, -0.00148201268166, 0.000943574879784], [0.00098576513119, 0.000968869717326, 0.000738737348001, -0.00192949001212, 3.24260799971e-05, 0.000177287351107, -0.00136868120171, 0.00135393347591, -0.00679355673492, 0.023863600567, -0.0127136651427, 0.00212462246418, 0.000290013704216], [-0.000935854623094, -7.06172650098e-05, 0.000510912039317, 0.00107180757914, 0.00133193389047, 0.000892996962648, -0.00327721866779, -0.00325650442392, -0.000252248137258, -0.0127136651427, 0.0268431212753, -0.0108971456066, 0.00188571226317], [1.04302516775e-05, 0.000209635938518, 0.00168091163505, -0.000155840010848, -0.00250020669773, 0.000440694973804, 0.000323070620652, -0.000803937029559, -0.00148201268166, 0.00212462246418, -0.0108971456066, 0.0260486789048, -0.00571209890768], [0.000362778868293, 0.00096662750002, -0.00017458932416, -0.00134032045025, -0.0028327149339, -0.00146668415982, 0.00159475079272, 0.000446842255769, 0.000943574879784, 0.000290013704216, 0.00188571226317, -0.00571209890768, 0.0131832342595]]
    spectral_contrast:
        mean: [9.32538313236e-08, 2.41674939616e-07, 3.02208746916e-07, 4.86632302454e-07, 3.94793943315e-07, -3.55786937689e-07, 4.94258301842e-06, -2.1274968276e-07, -3.16779917853e-08, -3.80385995413e-06, 1.81676068678e-06, 1.65781500527e-06]
        var: [0.000444401433924, 0.000620149599854, 0.00144732207991, 0.00206028809771, 0.00413245335221, 0.00738739874214, 0.0564626380801, 0.133640602231, 0.193520069122, 0.355891257524, 1.17625927925, 2.75762081146]

rhythm:
    beats_loudness:
        dmean: 0.00585790071636
        dmean2: 0.0121698779985
        dvar: 2.92386557703e-05
        dvar2: 6.64361141389e-05
        max: 0.0190136712044
        mean: 0.00561974011362
        min: 0.000467228150228
        var: 2.28438093473e-05
    beats_loudness_bass:
        dmean: 0.267418920994
        dmean2: 0.516741871834
        dvar: 0.0453587882221
        dvar2: 0.130417630076
        max: 0.703765332699
        mean: 0.244346484542
        min: 0.0332164429128
        var: 0.0389836058021
    bpm: 102.939788818
    bpm_confidence: 0
    first_peak_bpm: 102
    first_peak_spread: 0
    first_peak_weight: 0.933333396912
    onset_rate: 3.49828648567
    second_peak_bpm: 96
    second_peak_spread: 0
    second_peak_weight: 0.0666666701436
    beats_position: [0.605648696423, 1.19135606289, 1.77706348896, 2.36277103424, 2.94847846031, 3.5341861248, 4.11989355087, 4.70560121536, 5.29130887985, 5.8770160675, 6.49884176254, 7.07946681976, 7.66009187698, 8.24071598053, 8.82134056091, 9.4019651413]
    bpm_estimates: [102.416656494, 102.226783752, 102.250595093, 102.357933044, 102.468330383, 102.566505432, 102.571136475, 102.66545105, 104.127296448, 103.353546143, 103.569511414, 103.325675964, 103.306777954, 103.592483521, 102.799407959, 103.535438538, 103.557723999, 102.22480011]
    bpm_intervals: [0.585707366467, 0.585707426071, 0.58570754528, 0.585707426071, 0.58570766449, 0.585707426071, 0.58570766449, 0.58570766449, 0.585707187653, 0.621825695038, 0.58062505722, 0.58062505722, 0.580624103546, 0.580624580383, 0.580624580383]
    onset_times: [0.0812698379159, 0.371519267559, 0.592108845711, 0.96362811327, 1.55573701859, 1.77632653713, 1.95047616959, 2.13623571396, 2.29877543449, 2.34521532059, 2.93732428551, 3.32045340538, 3.55265307426, 3.87773251534, 4.13315200806, 4.5046710968, 4.60916090012, 4.74848079681, 5.30575942993, 5.67727899551, 5.9094786644, 6.24616765976, 6.39709758759, 6.48997735977, 6.8382768631, 7.0936961174, 7.45360565186, 7.65097522736, 8.25469398499, 8.59138298035, 8.82358264923, 9.19510173798, 9.42730140686, 9.4853515625, 9.99619007111]
    rubato_start: []
    rubato_stop: []
    perceptual_tempo: "unknown"

sfx:
    inharmonicity:
        dmean: 0.0390393435955
        dmean2: 0.0713850706816
        dvar: 0.00324286031537
        dvar2: 0.00883570965379
        max: 0.441269278526
        mean: 0.0376555286348
        min: 0
        var: 0.00312229106203
    oddtoevenharmonicenergyratio:
        dmean: 33.2022895813
        dmean2: 66.3093566895
        dvar: 203039.21875
        dvar2: 609413.4375
        max: 6609.07470703
        mean: 16.9584732056
        min: 0
        var: 101583.859375
    pitch_after_max_to_before_max_energy_ratio: 4.29832220078
    pitch_centroid: 228.420761108
    pitch_max_to_total: 0.0536130517721
    pitch_min_to_total: 0.00932400953025
    tristimulus:
        dmean: [0.197152897716, 0.21856969595, 0.0700828209519]
        dmean2: [0.337172567844, 0.373978972435, 0.123820304871]
        dvar: [0.031446903944, 0.0409200228751, 0.0081143444404]
        dvar2: [0.0866037756205, 0.108998425305, 0.0222912542522]
        max: [1, 0.965564727783, 0.628031373024]
        mean: [0.393473446369, 0.507545113564, 0.0711301937699]
        min: [0.0040034269914, 0, 0]
        var: [0.0541109777987, 0.0595023557544, 0.0110708009452]

tonal:
    chords_changes_rate: 0.0185185186565
    chords_number_rate: 0.0138888889924
    chords_strength:
        dmean: 0.00719864293933
        dmean2: 0.00504803843796
        dvar: 3.54392286681e-05
        dvar2: 2.59685475612e-05
        max: 0.661160051823
        mean: 0.548042178154
        min: 0.292915284634
        var: 0.0079784328118
    key_strength: 0.749454975128
    tuning_diatonic_strength: 0.552801251411
    tuning_equal_tempered_deviation: 0.0196839924902
    tuning_frequency: 441.272583008
    tuning_nontempered_energy_ratio: 0.587418377399
    hpcp:
        dmean: [0.0210358723998, 0.0226998701692, 0.0915729776025, 0.134143859148, 0.0742092654109, 0.0807069167495, 0.0973451808095, 0.0740940570831, 0.0321129448712, 0.0249515287578, 0.0262010488659, 0.0746212527156, 0.121780395508, 0.0725135654211, 0.0185861289501, 0.0151585824788, 0.0280964132398, 0.108768552542, 0.180676311255, 0.122479468584, 0.0710885450244, 0.0765720754862, 0.0475719422102, 0.0630735903978, 0.0964099094272, 0.108857646585, 0.125109910965, 0.162532284856, 0.130178630352, 0.0796007215977, 0.0671686828136, 0.04105919227, 0.0513143464923, 0.0608255825937, 0.0505670160055, 0.0332972891629]
        dmean2: [0.0345118753612, 0.0396206453443, 0.155152514577, 0.221307054162, 0.121977493167, 0.134146407247, 0.155600115657, 0.117991097271, 0.0545662678778, 0.0414558760822, 0.0448822528124, 0.119366057217, 0.187487751245, 0.115597501397, 0.0326790884137, 0.0270163975656, 0.0504767373204, 0.177371710539, 0.321500897408, 0.212258055806, 0.116583533585, 0.122501082718, 0.0771570727229, 0.11275652051, 0.169322118163, 0.20156905055, 0.205559238791, 0.241245597601, 0.205557748675, 0.134865179658, 0.112528271973, 0.0693325847387, 0.0837873443961, 0.0900447368622, 0.0863926112652, 0.0573518015444]
        dvar: [0.00158746889792, 0.00126275373623, 0.0169752817601, 0.0316567830741, 0.0108201345429, 0.012085000053, 0.031406853348, 0.0132148796692, 0.0060669966042, 0.0025808417704, 0.0013605816057, 0.0111615657806, 0.029211467132, 0.0106750233099, 0.000935288728215, 0.00101867527701, 0.00351497740485, 0.0147048952058, 0.0615414343774, 0.0172899421304, 0.0138473557308, 0.0218617748469, 0.00889631453902, 0.0175918415189, 0.043343693018, 0.0511278808117, 0.0233992356807, 0.029378104955, 0.0183254107833, 0.017936674878, 0.01382676512, 0.0111785326153, 0.00999579858035, 0.0133129777387, 0.0106486110017, 0.00381474802271]
        dvar2: [0.00383516377769, 0.00347821577452, 0.045994322747, 0.0797447189689, 0.0245434008539, 0.0328451134264, 0.0678095966578, 0.031676441431, 0.0136033445597, 0.00534050259739, 0.00353734125383, 0.024857128039, 0.0583682209253, 0.0233511961997, 0.00250318832695, 0.00269542611204, 0.00968368444592, 0.0348543263972, 0.149427831173, 0.0489073246717, 0.0360320731997, 0.0414700508118, 0.0193571392447, 0.047643750906, 0.107186622918, 0.138577893376, 0.0606619790196, 0.0647376030684, 0.0472065582871, 0.0493802838027, 0.0367558375001, 0.028700478375, 0.0255837254226, 0.0253915637732, 0.0287377350032, 0.0101716052741]
        max: [0.448129951954, 0.242386177182, 0.93773150444, 1, 1, 0.922721683979, 1, 0.997407078743, 1, 0.593658924103, 0.274395167828, 0.827633798122, 1, 0.789939522743, 0.222168117762, 0.280695945024, 0.511881351471, 0.955537497997, 1, 0.827249765396, 1, 1, 0.685789763927, 0.627694666386, 1, 1, 1, 1, 1, 1, 1, 1, 0.860751748085, 1, 1, 0.429418504238]
        mean: [0.0284244976938, 0.0245698057115, 0.126623854041, 0.211422711611, 0.126978933811, 0.188834413886, 0.32598516345, 0.185471907258, 0.043268006295, 0.0343709178269, 0.0328498035669, 0.14584377408, 0.254546612501, 0.141215145588, 0.0226138792932, 0.0156674012542, 0.0299754403532, 0.321169793606, 0.577878713608, 0.316840916872, 0.11744068563, 0.130083322525, 0.0652214363217, 0.0572643727064, 0.0886388868093, 0.0821067690849, 0.249462515116, 0.463774681091, 0.291306942701, 0.0953227952123, 0.0822963565588, 0.0457266233861, 0.0993208363652, 0.155962347984, 0.0944528281689, 0.041638083756]
        min: [0.000484863558086, 0.000326961249812, 0.000409960368415, 0.000599806953687, 0.000510819314513, 0.00175438448787, 0.00123622943647, 0.00151010614354, 0.000221928654355, 0.00010614884377, 9.6095041954e-05, 0.00107646046672, 0.00184519100003, 0.00132139027119, 0.000266571005341, 0.000198451947654, 0.000939085381106, 0.00143034243956, 0.000910839764401, 0.00296317692846, 0.000234153165366, 0.000275297818007, 0.000146784674143, 0.00047408384853, 0.000419855874497, 0.000192760198843, 0.00583553826436, 0.0120787387714, 0.00820668693632, 0.000343550316757, 0.00042386300629, 0.00149531115312, 0.00142314576078, 0.000393847556552, 0.000890546536539, 0.000718842376955]
        var: [0.00266767828725, 0.00103751057759, 0.022659258917, 0.0572801791131, 0.0251462776214, 0.0431783981621, 0.143277034163, 0.0437082089484, 0.00879268441349, 0.00547471363097, 0.0017584040761, 0.0278499834239, 0.0861502364278, 0.0256642922759, 0.00121100968681, 0.000838370004203, 0.00263120629825, 0.0464476533234, 0.163304924965, 0.0488647259772, 0.0230920687318, 0.0529610700905, 0.0175452623516, 0.0157868899405, 0.0388509482145, 0.03374421224, 0.0385409370065, 0.11597507447, 0.0604772567749, 0.0175773520023, 0.0141104636714, 0.00685861520469, 0.0286747012287, 0.0764406993985, 0.0233699567616, 0.00445070443675]
    chords_histogram: [85.1851882935, 4.62962961197, 0, 0, 0.925925910473, 0, 0, 0, 0, 0, 0, 0, 0, 0, 0, 0, 0, 0, 0, 0, 0, 0, 0, 9.25925922394]
    thpcp: [1, 0.5482827425, 0.203227221966, 0.225104883313, 0.112863540649, 0.0990941002965, 0.153386667371, 0.14208304882, 0.431686639786, 0.802546739578, 0.504097044468, 0.164952948689, 0.142411127687, 0.0791284069419, 0.171871423721, 0.269887685776, 0.163447499275, 0.0720533281565, 0.0491876527667, 0.0425172373652, 0.219118386507, 0.365860015154, 0.21973285079, 0.326771706343, 0.564106523991, 0.320953011513, 0.0748738572001, 0.0594777353108, 0.05684549734, 0.252377837896, 0.440484493971, 0.244368135929, 0.0391325689852, 0.0271119195968, 0.0518715083599, 0.555773675442]
    chords_key: "B"
    chords_scale: "major"
    key_key: "B"
    key_scale: "major"
    chords_progression: ["B", "B", "B", "B", "B", "B", "B", "B", "B", "B", "B", "B", "B", "B", "B", "B", "B", "B", "B", "B", "B", "B", "B", "B", "B", "B", "B", "B", "B", "B", "B", "B", "B", "B", "B", "B", "B", "B", "B", "B", "B", "B", "B", "B", "B", "B", "B", "B", "B", "B", "B", "B", "B", "B", "B", "B", "B", "B", "B", "B", "B", "B", "B", "B", "B", "B", "B", "B", "B", "B", "B", "B", "B", "B", "B", "B", "B", "B", "B", "B", "B", "B", "B", "B", "B", "B", "B", "B", "B", "B", "B", "B", "B", "B", "B", "B", "B", "B", "B", "B", "B", "B", "B", "B", "B", "B", "B", "B", "B", "B", "B", "B", "G#m", "G#m", "G#m", "G#m", "G#m", "G#m", "G#m", "G#m", "G#m", "G#m", "G#m", "G#m", "G#m", "G#m", "G#m", "G#m", "G#m", "G#m", "G#m", "G#m", "B", "B", "B", "B", "B", "B", "B", "B", "B", "B", "B", "B", "B", "B", "B", "B", "B", "B", "B", "B", "B", "B", "B", "B", "B", "B", "B", "B", "B", "B", "B", "B", "B", "B", "B", "B", "B", "B", "B", "B", "B", "B", "B", "B", "B", "B", "B", "B", "B", "B", "B", "B", "B", "B", "B", "B", "B", "B", "B", "B", "B", "B", "B", "B", "B", "B", "B", "B", "B", "B", "B", "B", "D#m", "D#m", "D#m", "D#m", "D#m", "D#m", "D#m", "D#m", "D#m", "D#m", "C#", "C#"]
