
metadata:
    version:
        essentia: "1.2.2"
    audio_properties:
        analysis_sample_rate: 44100
        bitrate: 128
        channels: 2
        equal_loudness: 1
        length: 9.92653083801
        replay_gain: -3.07392883301
        downmix: "mix"
    tags:
        track: 86
        year: 0
        album: "Splitted by Mp3Splt v. 2.1"
        artist: "From 014.10 To 014.20"
        comment: "http://mp3splt.sf.net"
        genre: ""
        title: "04 La Fiesta.mp3"

highlevel:
    ballroom:
        all:
            ChaChaCha: 0.000629488262348
            Jive: 0.00230638193898
            Quickstep: 0.000551796692889
            Rumba-American: 0.984660744667
            Rumba-International: 0.000753829313908
            Rumba-Misc: 0.00244145048782
            Samba: 0.00121899158694
            Tango: 0.00079425930744
            VienneseWaltz: 0.00231525814161
            Waltz: 0.00432781036943
        probability: 0.984660744667
        value: "Rumba-American"
    culture:
        all:
            non_western: 0.0185621995479
            western: 0.981437802315
        probability: 0.981437802315
        value: "western"
    gender:
        all:
            female: 0.587765097618
            male: 0.41223487258
        probability: 0.587765097618
        value: "female"
    genre_dortmund:
        all:
            alternative: 0.0436272993684
            blues: 0.160295963287
            electronic: 0.150913700461
            folkcountry: 0.108301475644
            funksoulrnb: 0.0125924926251
            jazz: 0.482961088419
            pop: 0.0172134619206
            raphiphop: 0.00334832258523
            rock: 0.0207461882383
        probability: 0.482961088419
        value: "jazz"
    genre_electronica:
        all:
            ambient: 0.994002103806
            dnb: 0.000691946945153
            house: 0.00110867922194
            techno: 0.00310523039661
            trance: 0.00109204545151
        probability: 0.994002103806
        value: "ambient"
    genre_rosamerica:
        all:
            cla: 0.837447941303
            dan: 0.00108132965397
            hip: 0.00278115947731
            jaz: 0.131215333939
            pop: 0.00159940531012
            rhy: 0.0193975120783
            roc: 0.00237070489675
            spe: 0.00410658447072
        probability: 0.837447941303
        value: "cla"
    genre_tzanetakis:
        all:
            blu: 0.00241116946563
            cla: 0.962466776371
            cou: 0.00154834543355
            dis: 0.00190835818648
            hip: 0.000722094962839
            jaz: 0.0241408403963
            met: 0.00058821728453
            pop: 0.00169309810735
            reg: 0.00389139121398
            roc: 0.000629737740383
        probability: 0.962466776371
        value: "cla"
    live_studio:
        all:
            live: 0.306002378464
            studio: 0.693997621536
        probability: 0.693997621536
        value: "studio"
    mood:
        all:
            Cluster1: 0.086703710258
            Cluster2: 0.573156714439
            Cluster3: 0.0366045609117
            Cluster4: 0.261171966791
            Cluster5: 0.0423630699515
        probability: 0.573156714439
        value: "Cluster2"
    mood_acoustic:
        all:
            acoustic: 0.280964851379
            not_acoustic: 0.719035148621
        probability: 0.719035148621
        value: "not_acoustic"
    mood_aggressive:
        all:
            aggressive: 9.38299393738e-09
            not_aggressive: 1
        probability: 1
        value: "not_aggressive"
    mood_electronic:
        all:
            electronic: 0.696163833141
            not_electronic: 0.303836137056
        probability: 0.696163833141
        value: "electronic"
    mood_happy:
        all:
            happy: 0.0978270694613
            not_happy: 0.902172923088
        probability: 0.902172923088
        value: "not_happy"
    mood_party:
        all:
            not_party: 0.932409644127
            party: 0.0675903260708
        probability: 0.932409644127
        value: "not_party"
    mood_relaxed:
        all:
            not_relaxed: 0.259623497725
            relaxed: 0.740376472473
        probability: 0.740376472473
        value: "relaxed"
    mood_sad:
        all:
            not_sad: 0.15230025351
            sad: 0.847699761391
        probability: 0.847699761391
        value: "sad"
    rhythm:
        all:
            fast: 0.170109391212
            medium: 0.800366818905
            slow: 0.0295237861574
        probability: 0.800366818905
        value: "medium"
    speech_music:
        all:
            music: 0.544583320618
            speech: 0.45541664958
        probability: 0.544583320618
        value: "music"
    timbre:
        all:
            bright: 0.338692486286
            dark: 0.661307513714
        probability: 0.661307513714
        value: "dark"
    voice_instrumental:
        all:
            instrumental: 0.99999922514
            voice: 8.00865450401e-07
        probability: 0.99999922514
        value: "instrumental"

lowlevel:
    average_loudness: 0.530180931091
    barkbands_kurtosis:
        dmean: 2.04516363144
        dmean2: 2.83337283134
        dvar: 26.0194587708
        dvar2: 43.1545715332
        max: 86.455909729
        mean: 2.9960205555
        min: -1.79500114918
        var: 62.1373672485
    barkbands_skewness:
        dmean: 0.425376772881
        dmean2: 0.585779845715
        dvar: 0.210243299603
        dvar2: 0.330892145634
        max: 5.01775217056
        mean: 0.71934068203
        min: -5.62295866013
        var: 1.83274424076
    barkbands_spread:
        dmean: 2.41893434525
        dmean2: 3.41155529022
        dvar: 5.32404470444
        dvar2: 10.2404232025
        max: 26.5786418915
        mean: 11.1362600327
        min: 0.514277994633
        var: 27.828086853
    dissonance:
        dmean: 0.0360444635153
        dmean2: 0.0607921667397
        dvar: 0.00175809778739
        dvar2: 0.00482129817829
        max: 0.498831391335
        mean: 0.427068829536
        min: 0.114197231829
        var: 0.00228891614825
    hfc:
        dmean: 1.97982478142
        dmean2: 2.60056567192
        dvar: 66.1641159058
        dvar2: 106.325363159
        max: 143.13961792
        mean: 3.37736129761
        min: 0.00713298097253
        var: 129.408416748
    pitch:
        dmean: 165.436065674
        dmean2: 324.061401367
        dvar: 124745.585938
        dvar2: 299183.96875
        max: 2004.54541016
        mean: 435.98059082
        min: 83.0508499146
        var: 202559.5
    pitch_instantaneous_confidence:
        dmean: 0.0881528332829
        dmean2: 0.139332994819
        dvar: 0.00888001918793
        dvar2: 0.0202222634107
        max: 0.974882185459
        mean: 0.635980367661
        min: 0.198477983475
        var: 0.0331973433495
    pitch_salience:
        dmean: 0.0729917809367
        dmean2: 0.110750436783
        dvar: 0.00540622370318
        dvar2: 0.0127157205716
        max: 0.815124928951
        mean: 0.533223927021
        min: 0.153808921576
        var: 0.0189238954335
    silence_rate_20dB:
        dmean: 0
        dmean2: 0
        dvar: 0
        dvar2: 0
        max: 1
        mean: 1
        min: 1
        var: 0
    silence_rate_30dB:
        dmean: 0
        dmean2: 0
        dvar: 0
        dvar2: 0
        max: 1
        mean: 1
        min: 1
        var: 0
    silence_rate_60dB:
        dmean: 0.070093460381
        dmean2: 0.140515223145
        dvar: 0.0651805624366
        dvar2: 0.148873910308
        max: 1
        mean: 0.820512831211
        min: 0
        var: 0.147271066904
    spectral_centroid:
        dmean: 108.55821991
        dmean2: 155.248565674
        dvar: 17118.6191406
        dvar2: 33442.90625
        max: 2255.82397461
        mean: 980.057617188
        min: 400.069091797
        var: 167296.3125
    spectral_complexity:
        dmean: 1.4566744566
        dmean2: 2.12441325188
        dvar: 4.21064996719
        dvar2: 8.74745178223
        max: 24
        mean: 3.55140185356
        min: 0
        var: 12.6445379257
    spectral_crest:
        dmean: 2.49702382088
        dmean2: 3.64537453651
        dvar: 5.42512655258
        dvar2: 11.3933439255
        max: 25.5614089966
        mean: 12.0399303436
        min: 3.37935853004
        var: 29.5227413177
    spectral_decrease:
        dmean: 2.88669588233e-10
        dmean2: 3.55525969775e-10
        dvar: 7.77719399524e-19
        dvar2: 1.20096853872e-18
        max: -1.82658510713e-12
        mean: -5.42274225523e-10
        min: -1.56186263922e-08
        var: 1.67017040437e-18
    spectral_energy:
        dmean: 0.00126747332979
        dmean2: 0.00157319754362
        dvar: 1.64305638464e-05
        dvar2: 2.54946698988e-05
        max: 0.0719314217567
        mean: 0.00235300394706
        min: 7.5409298006e-06
        var: 3.47197201336e-05
    spectral_energyband_high:
        dmean: 1.83957363333e-05
        dmean2: 2.82970358967e-05
        dvar: 6.57605658816e-09
        dvar2: 1.29927508752e-08
        max: 0.00124995573424
        mean: 2.04403022508e-05
        min: 1.54308317235e-08
        var: 8.89411566618e-09
    spectral_energyband_low:
        dmean: 1.36524556638e-06
        dmean2: 2.04264870263e-06
        dvar: 6.82035894775e-12
        dvar2: 1.29744019348e-11
        max: 4.34506982856e-05
        mean: 2.22094945457e-06
        min: 9.64824053984e-11
        var: 2.48500282851e-11
    spectral_energyband_middle_high:
        dmean: 0.000991379842162
        dmean2: 0.00124752242118
        dvar: 1.47875052789e-05
        dvar2: 2.30515124713e-05
        max: 0.0706056132913
        mean: 0.00166449358221
        min: 3.11155372401e-06
        var: 3.073850894e-05
    spectral_energyband_middle_low:
        dmean: 0.000302531814668
        dmean2: 0.000391348992707
        dvar: 2.88254739189e-07
        dvar2: 4.6627550887e-07
        max: 0.00604055495933
        mean: 0.000665848434437
        min: 7.54029940708e-08
        var: 9.55501036515e-07
    spectral_flatness_db:
        dmean: 0.0232248939574
        dmean2: 0.0323224663734
        dvar: 0.000531814235728
        dvar2: 0.000889683899004
        max: 0.464904218912
        mean: 0.275069713593
        min: 0.143001198769
        var: 0.00281178974546
    spectral_flux:
        dmean: 0.008903644979
        dmean2: 0.0137571338564
        dvar: 0.000269838055829
        dvar2: 0.000671762390994
        max: 0.224411815405
        mean: 0.0174739509821
        min: 0.00128274410963
        var: 0.000424351223046
    spectral_kurtosis:
        dmean: 11.7222290039
        dmean2: 20.9016246796
        dvar: 91.0549697876
        dvar2: 261.394042969
        max: 78.6256408691
        mean: 25.358165741
        min: 2.67715740204
        var: 201.771133423
    spectral_rms:
        dmean: 0.000310051458655
        dmean2: 0.000369778688764
        dvar: 2.88067326437e-07
        dvar2: 4.76662819437e-07
        max: 0.00837717112154
        mean: 0.00111518613994
        min: 8.57729828567e-05
        var: 1.05197432276e-06
    spectral_rolloff:
        dmean: 237.218170166
        dmean2: 407.513153076
        dvar: 132847.515625
        dvar2: 273543.96875
        max: 3574.51171875
        mean: 1466.32141113
        min: 430.6640625
        var: 417598.3125
    spectral_skewness:
        dmean: 0.869370639324
        dmean2: 1.54562759399
        dvar: 0.506866514683
        dvar2: 1.44042563438
        max: 6.70961332321
        mean: 3.25522303581
        min: 1.13950431347
        var: 1.12323510647
    spectral_spread:
        dmean: 296576.34375
        dmean2: 477919.25
        dvar: 92491792384
        dvar2: 204532056064
        max: 5045444.5
        mean: 1778613.375
        min: 962983.6875
        var: 255316377600
    spectral_strongpeak:
        dmean: 0.414948612452
        dmean2: 0.532731294632
        dvar: 0.882266700268
        dvar2: 1.54323208332
        max: 16.8983001709
        mean: 0.981298625469
        min: 0.0135977864265
        var: 3.19395136833
    zerocrossingrate:
        dmean: 0.00518127018586
        dmean2: 0.00570463808253
        dvar: 2.67695959337e-05
        dvar2: 2.99065195577e-05
        max: 0.09912109375
        mean: 0.0514748841524
        min: 0.01318359375
        var: 0.000341715174727
    barkbands:
        dmean: [3.43196315811e-09, 2.52706030324e-07, 1.24341056562e-06, 4.36281379734e-06, 6.10083370702e-05, 5.7240435126e-05, 0.000122181503684, 8.04220908321e-05, 3.96738432755e-05, 2.77835133602e-05, 4.52361637144e-05, 2.71539993264e-05, 0.000174486616743, 6.44375686534e-05, 0.000588555936702, 4.04698512284e-05, 3.46047563653e-05, 4.26525220973e-05, 0.000108567830466, 1.82590902114e-05, 3.2788345834e-06, 3.17595095112e-06, 5.66294069415e-08, 4.25076729371e-09, 1.54620982684e-09, 1.43531020402e-10, 1.36153019414e-10]
        dmean2: [6.23394713628e-09, 3.84771283279e-07, 1.88241892829e-06, 6.74188640915e-06, 8.0673424236e-05, 7.80301561463e-05, 0.000156896945555, 0.000103106016468, 6.191439752e-05, 4.21322511102e-05, 6.279090303e-05, 4.21882796218e-05, 0.00020043621771, 8.59457650222e-05, 0.000698140065651, 5.60694606975e-05, 5.08974844706e-05, 6.56745687593e-05, 0.000166403944604, 2.51257406489e-05, 5.28823375134e-06, 5.60036642128e-06, 9.3403258461e-08, 7.20445658686e-09, 2.69849675938e-09, 2.74792744115e-10, 2.64267330241e-10]
        dvar: [1.38990843337e-15, 2.32809621191e-13, 6.65350283549e-12, 4.92267372698e-11, 1.36905224934e-08, 1.61049023006e-08, 8.29529298585e-08, 8.30685848996e-08, 2.64197801414e-08, 1.34872433222e-08, 1.71887037936e-08, 9.7847134839e-09, 3.52630024736e-07, 5.05461663636e-08, 9.81463199423e-06, 4.26189501468e-08, 2.28437162519e-08, 2.55846916986e-08, 5.38907613645e-07, 7.23849424844e-09, 1.64273455949e-10, 4.89451867924e-10, 7.31830842129e-14, 4.11365785999e-16, 1.96621413939e-16, 2.76380119507e-19, 2.6413872532e-19]
        dvar2: [2.9927897488e-15, 4.1593697887e-13, 1.2710008393e-11, 9.43232783546e-11, 2.50586218442e-08, 2.5288894534e-08, 1.57362535447e-07, 1.07052343878e-07, 5.17987608362e-08, 2.30232561904e-08, 3.08853209674e-08, 2.38631550076e-08, 5.9066906033e-07, 8.3250967009e-08, 1.52372422235e-05, 9.39265376587e-08, 5.37586721805e-08, 6.10301782444e-08, 1.28376632347e-06, 1.36589202171e-08, 3.97852473188e-10, 1.34573863164e-09, 1.91624873521e-13, 1.10487644678e-15, 5.46497240179e-16, 9.5220555002e-19, 8.97587848149e-19]
        max: [7.70052452026e-07, 9.2351128842e-06, 4.30192303611e-05, 0.000112089852337, 0.00128631526604, 0.0027163696941, 0.00456841988489, 0.0052343243733, 0.00285513000563, 0.00214462005533, 0.00188249768689, 0.00116879492998, 0.0081561235711, 0.00257741333917, 0.060368411243, 0.0038008086849, 0.002225673059, 0.00212120520882, 0.0117311393842, 0.00158509961329, 0.000142657678225, 0.000341895705787, 3.46121782968e-06, 2.67267438403e-07, 2.30782731592e-07, 6.70022171079e-09, 6.83100243037e-09]
        mean: [5.3970699021e-09, 4.22913814191e-07, 1.79455685156e-06, 7.27286760593e-06, 0.000100204422779, 9.26253633224e-05, 0.000268151663477, 0.000132119006594, 6.28415655228e-05, 4.56722991657e-05, 7.20598982298e-05, 3.63906256098e-05, 0.000309767259751, 9.15617347346e-05, 0.000850236450788, 5.84243352932e-05, 3.96059767809e-05, 4.97914625157e-05, 0.000108441148768, 1.99567766686e-05, 2.99703219753e-06, 2.60157980847e-06, 5.56058736834e-08, 4.54877291389e-09, 1.6834832417e-09, 1.44505754585e-10, 8.94175636312e-11]
        min: [1.00889799987e-11, 3.18280610201e-11, 4.36641417467e-11, 3.13776678251e-11, 2.16539142173e-09, 4.6895785033e-09, 2.48325555674e-08, 7.46696393605e-09, 3.53260105612e-08, 2.77701115436e-08, 4.04101712093e-08, 6.28941521086e-08, 3.19737836207e-09, 3.8519434753e-08, 3.67003671897e-08, 2.97842923658e-08, 1.18242926561e-08, 1.11065983077e-08, 1.27558701379e-08, 1.06995985405e-08, 4.59976412515e-09, 2.15866613473e-09, 7.37341784851e-11, 2.71396793927e-11, 9.60099187652e-12, 1.35212284078e-12, 5.52466821341e-15]
        var: [2.56289130543e-15, 1.24011966061e-12, 2.07836942101e-11, 1.75381653644e-10, 2.88684915972e-08, 5.19748937222e-08, 3.53784315621e-07, 2.25648861374e-07, 7.11756555916e-08, 2.49159324284e-08, 4.02852222692e-08, 1.13848868111e-08, 1.07891821699e-06, 9.97733380359e-08, 2.02107348741e-05, 6.36926884567e-08, 2.30284378233e-08, 2.88823169825e-08, 4.91719845286e-07, 1.00678638759e-08, 1.56382226613e-10, 3.549449068e-10, 6.29524644219e-14, 3.97766513212e-16, 1.34807371433e-16, 1.6794447017e-19, 1.47797323129e-19]
    mfcc:
        mean: [-917.707519531, 204.622299194, -105.67590332, 23.0478057861, -27.2623500824, -20.4599742889, -17.9202594757, -23.394367218, -19.011674881, -14.3173532486, -6.91518974304, -10.733499527, -4.41757154465]
        cov: [[6477.38134766, -581.735534668, -1657.43762207, 1002.75073242, -638.432434082, 495.70703125, -166.759063721, -206.437942505, -326.351135254, 200.93006897, 258.754302979, -65.9024047852, -103.014411926], [-581.735534668, 1014.18615723, 266.291290283, -291.38168335, 195.300857544, -282.230834961, 71.0616912842, 18.1608810425, -13.6886615753, -200.663146973, -123.444404602, 46.870426178, -25.4504203796], [-1657.43762207, 266.291290283, 653.618347168, -275.737609863, 142.402526855, -165.984725952, 55.7768363953, 128.559036255, 45.6579551697, -128.541397095, -49.8017196655, 84.6800079346, 8.60553359985], [1002.75073242, -291.38168335, -275.737609863, 319.266418457, -123.836288452, 112.678184509, -41.4057922363, -31.3104171753, -28.4796333313, 71.1192398071, 77.2768859863, -38.6556587219, -9.75871372223], [-638.432434082, 195.300857544, 142.402526855, -123.836288452, 248.927963257, 7.42852592468, 50.9677581787, -13.6279306412, 53.3305206299, 41.9706840515, -51.4635505676, -65.4623184204, 10.2321195602], [495.70703125, -282.230834961, -165.984725952, 112.678184509, 7.42852592468, 287.277954102, 50.690120697, -2.06266903877, 10.2064170837, 114.502693176, 51.9620132446, -57.9878692627, 13.8232250214], [-166.759063721, 71.0616912842, 55.7768363953, -41.4057922363, 50.9677581787, 50.690120697, 144.071594238, 70.9600982666, -5.72304439545, -14.6500005722, 3.63895750046, 13.4984493256, -2.12395071983], [-206.437942505, 18.1608810425, 128.559036255, -31.3104171753, -13.6279306412, -2.06266903877, 70.9600982666, 179.875305176, -6.89642333984, -77.6446838379, 10.8820638657, 86.0996780396, -13.1014556885], [-326.351135254, -13.6886615753, 45.6579551697, -28.4796333313, 53.3305206299, 10.2064170837, -5.72304439545, -6.89642333984, 157.063522339, 78.3247299194, -50.2121353149, -64.9167480469, 12.9835786819], [200.93006897, -200.663146973, -128.541397095, 71.1192398071, 41.9706840515, 114.502693176, -14.6500005722, -77.6446838379, 78.3247299194, 269.569519043, 24.0441627502, -108.866622925, -6.35910272598], [258.754302979, -123.444404602, -49.8017196655, 77.2768859863, -51.4635505676, 51.9620132446, 3.63895750046, 10.8820638657, -50.2121353149, 24.0441627502, 170.530044556, 52.5812950134, -46.5140991211], [-65.9024047852, 46.870426178, 84.6800079346, -38.6556587219, -65.4623184204, -57.9878692627, 13.4984493256, 86.0996780396, -64.9167480469, -108.866622925, 52.5812950134, 212.597122192, -22.1366958618], [-103.014411926, -25.4504203796, 8.60553359985, -9.75871372223, 10.2321195602, 13.8232250214, -2.12395071983, -13.1014556885, 12.9835786819, -6.35910272598, -46.5140991211, -22.1366958618, 124.16607666]]
        icov: [[0.00102774542756, -0.00101519864984, 0.00157125224359, -0.0015229616547, 0.00147034483962, -0.00138131482527, 0.000842447741888, -0.000467369914986, 0.00118725129869, -0.00048846018035, 0.000265864480752, -6.52433154755e-05, 0.000352500152076], [-0.00101519864984, 0.00334777473472, -0.00104697200004, 0.00223195762374, -0.0031411529053, 0.0033402366098, -0.00222310214303, 0.00104172970168, -0.00113366195001, 0.0017093741335, 0.00018983380869, -5.13737213623e-05, 0.000318838952808], [0.00157125224359, -0.00104697200004, 0.00591017585248, -0.000356406788342, 0.000529846933205, -0.000487704761326, 0.00130393228028, -0.00262898555957, 0.000872257805895, 8.65483962116e-05, -0.000454293214716, -0.000255061982898, 0.000104470374936], [-0.0015229616547, 0.00223195762374, -0.000356406788342, 0.00913250818849, -0.00074370240327, 0.00160340906586, -0.000235309897107, -0.000524047587533, -0.00143110507634, 0.000784849922638, -0.00221043475904, 0.0017260434106, -0.000570606905967], [0.00147034483962, -0.0031411529053, 0.000529846933205, -0.00074370240327, 0.0104195810854, -0.00415549566969, 6.89934167895e-05, 0.000335338525474, 0.00140515342355, -0.0024951423984, 0.000715587753803, 0.00175567425322, 0.000427755527198], [-0.00138131482527, 0.0033402366098, -0.000487704761326, 0.00160340906586, -0.00415549566969, 0.00973185990006, -0.004601911176, -0.000142555552884, -0.00158007151913, -3.75701820303e-05, -0.00155437679496, 0.00078131898772, -0.00141598552], [0.000842447741888, -0.00222310214303, 0.00130393228028, -0.000235309897107, 6.89934167895e-05, -0.004601911176, 0.0126434136182, -0.0054055438377, 0.00224322732538, -0.000884879031219, -0.000316423509503, 0.000652162532788, 4.79389018437e-06], [-0.000467369914986, 0.00104172970168, -0.00262898555957, -0.000524047587533, 0.000335338525474, -0.000142555552884, -0.0054055438377, 0.0113538140431, -0.00236642942764, 0.00235171802342, 0.000734571134672, -0.00319519406185, 0.00113398581743], [0.00118725129869, -0.00113366195001, 0.000872257805895, -0.00143110507634, 0.00140515342355, -0.00158007151913, 0.00224322732538, -0.00236642942764, 0.0113009950146, -0.00390400597826, 0.00276593817398, 0.00163446459919, 0.000374402472517], [-0.00048846018035, 0.0017093741335, 8.65483962116e-05, 0.000784849922638, -0.0024951423984, -3.75701820303e-05, -0.000884879031219, 0.00235171802342, -0.00390400597826, 0.00806592032313, -0.00169028120581, 0.00135241402313, 0.000872844422702], [0.000265864480752, 0.00018983380869, -0.000454293214716, -0.00221043475904, 0.000715587753803, -0.00155437679496, -0.000316423509503, 0.000734571134672, 0.00276593817398, -0.00169028120581, 0.00988749600947, -0.00280173751526, 0.0031320983544], [-6.52433154755e-05, -5.13737213623e-05, -0.000255061982898, 0.0017260434106, 0.00175567425322, 0.00078131898772, 0.000652162532788, -0.00319519406185, 0.00163446459919, 0.00135241402313, -0.00280173751526, 0.00899953674525, -1.57215108629e-05], [0.000352500152076, 0.000318838952808, 0.000104470374936, -0.000570606905967, 0.000427755527198, -0.00141598552, 4.79389018437e-06, 0.00113398581743, 0.000374402472517, 0.000872844422702, 0.0031320983544, -1.57215108629e-05, 0.0097776427865]]
    spectral_contrast:
        mean: [-5.44910733424e-07, -2.89641320705e-07, 1.26033183889e-08, 4.73059657224e-07, -1.03337640667e-07, -2.28113108847e-07, 2.37193057728e-06, -2.15105910684e-06, 1.83186796221e-06, 2.81311628214e-07, 3.11949541754e-08, -1.21660320929e-06]
        var: [0.000480669259559, 0.00117422943003, 0.00258364947513, 0.00412658369169, 0.005432727281, 0.0105112101883, 0.0577041357756, 0.0928760245442, 0.130222424865, 0.272476673126, 0.275468915701, 2.48647093773]

rhythm:
    beats_loudness:
        dmean: 0.0084069557488
        dmean2: 0.0109106246382
        dvar: 0.000272154982667
        dvar2: 0.000574920966756
        max: 0.0661456361413
        mean: 0.00831747427583
        min: 1.58092880156e-05
        var: 0.000245758594247
    beats_loudness_bass:
        dmean: 0.0313886366785
        dmean2: 0.0645350813866
        dvar: 0.00240063783713
        dvar2: 0.00675001880154
        max: 0.1297634691
        mean: 0.0170229990035
        min: 2.4561146347e-05
        var: 0.00148407358211
    bpm: 130.158569336
    bpm_confidence: 0
    first_peak_bpm: 130
    first_peak_spread: 0
    first_peak_weight: 0.647058844566
    onset_rate: 4.23108530045
    second_peak_bpm: 88
    second_peak_spread: 0.16666662693
    second_peak_weight: 0.29411765933
    beats_position: [0.442709386349, 0.903728187084, 1.36474704742, 1.82576584816, 2.2867846489, 2.74780344963, 3.20882225037, 3.66984128952, 4.13086032867, 4.59187936783, 5.05289793015, 5.5139169693, 6.16468954086, 6.84476184845, 7.52483415604, 8.20490646362, 8.88497829437, 9.5650510788]
    bpm_estimates: [130.593765259, 131.095794678, 130.809143066, 126.770210266, 129.151763916, 129.67868042, 130.912582397, 129.859832764, 130.968185425, 130.654159546, 131.25012207]
    bpm_intervals: [0.461018800735, 0.46101886034, 0.461018800735, 0.461018800735, 0.461018800735, 0.461018800735, 0.461019039154, 0.461019039154, 0.461019039154, 0.461018562317, 0.461019039154, 0.650772571564, 0.680072307587, 0.680072307587, 0.680072307587, 0.68007183075, 0.680072784424]
    onset_times: [0.0464399084449, 0.417959183455, 0.905578255653, 1.05650794506, 1.369977355, 1.52090704441, 1.82276642323, 1.98530614376, 2.08979582787, 2.27555561066, 2.43809533119, 2.64707493782, 2.75156474113, 3.00698423386, 3.13469386101, 3.25079369545, 3.48299312592, 3.58748292923, 3.72680282593, 3.86612248421, 4.17959165573, 4.31891155243, 4.66721105576, 5.15482997894, 5.27092981339, 5.47990942001, 5.70049905777, 6.03718805313, 6.28099775314, 6.54802703857, 6.8382768631, 7.08208608627, 7.41877555847, 7.65097522736, 7.92961454391, 8.03410434723, 8.20825386047, 8.44045352936, 8.80036258698, 9.27637195587, 9.58984088898, 9.81043052673]
    rubato_start: [6.16468954086]
    rubato_stop: [6.84476184845]
    perceptual_tempo: "unknown"

sfx:
    inharmonicity:
        dmean: 0.0560999214649
        dmean2: 0.102257177234
        dvar: 0.00639952952042
        dvar2: 0.0178209282458
        max: 0.448624849319
        mean: 0.0497588962317
        min: 1.07085461423e-05
        var: 0.00553378555924
    oddtoevenharmonicenergyratio:
        dmean: 28.4828853607
        dmean2: 54.1770133972
        dvar: 36749.9140625
        dvar2: 111882.507812
        max: 2520.85302734
        mean: 16.2480945587
        min: 6.4086074417e-05
        var: 20405.5
    pitch_after_max_to_before_max_energy_ratio: 21.3620967865
    pitch_centroid: 163.655883789
    pitch_max_to_total: 0.00233644852415
    pitch_min_to_total: 0.427570104599
    tristimulus:
        dmean: [0.218173846602, 0.258544445038, 0.0588495731354]
        dmean2: [0.383286803961, 0.461152344942, 0.105975180864]
        dvar: [0.0497781150043, 0.0677204579115, 0.00790519826114]
        dvar2: [0.132794320583, 0.182628974319, 0.0220440514386]
        max: [0.970270872116, 0.995934069157, 0.671330094337]
        mean: [0.371490955353, 0.519799590111, 0.0532877519727]
        min: [0.0023751494009, 0, 0]
        var: [0.0742435529828, 0.0829905644059, 0.00692652817816]

tonal:
    chords_changes_rate: 0.0744186043739
    chords_number_rate: 0.0279069766402
    chords_strength:
        dmean: 0.0104322619736
        dmean2: 0.00845643039793
        dvar: 8.2690254203e-05
        dvar2: 7.73511565058e-05
        max: 0.648653447628
        mean: 0.498817056417
        min: 0.296320021152
        var: 0.00925080664456
    key_strength: 0.73658567667
    tuning_diatonic_strength: 0.477317005396
    tuning_equal_tempered_deviation: 0.0894954279065
    tuning_frequency: 444.598632812
    tuning_nontempered_energy_ratio: 0.663842082024
    hpcp:
        dmean: [0.123741336167, 0.0860276371241, 0.0511354319751, 0.0340053513646, 0.0437940843403, 0.137864887714, 0.159661412239, 0.127723038197, 0.113514758646, 0.116946801543, 0.0875147804618, 0.0410212948918, 0.0379421748221, 0.0608948245645, 0.0894532576203, 0.0890808179975, 0.0587235689163, 0.0672188550234, 0.0674305558205, 0.0488919503987, 0.112163364887, 0.15159805119, 0.102999225259, 0.113130830228, 0.14933988452, 0.0888787358999, 0.0400531180203, 0.0468924827874, 0.0356427170336, 0.0688563212752, 0.0982389822602, 0.0717383250594, 0.0813447386026, 0.091383330524, 0.0697918385267, 0.109519511461]
        dmean2: [0.195688739419, 0.142666473985, 0.0864650756121, 0.0594798400998, 0.0762291550636, 0.222104534507, 0.272525459528, 0.217966124415, 0.193552449346, 0.179335489869, 0.138729438186, 0.0734388977289, 0.0680971220136, 0.0961234793067, 0.142576470971, 0.144774079323, 0.0969085395336, 0.109249211848, 0.107624016702, 0.0846755951643, 0.197756275535, 0.248544588685, 0.179280564189, 0.180894628167, 0.248350158334, 0.149084195495, 0.0680823475122, 0.0791882500052, 0.0618686303496, 0.114054046571, 0.162653639913, 0.123584337533, 0.133678972721, 0.150128796697, 0.115841798484, 0.172082170844]
        dvar: [0.0408341400325, 0.0165193174034, 0.0146851176396, 0.0144224390388, 0.00546767935157, 0.0282843597233, 0.0594260282815, 0.0224348139018, 0.0323952138424, 0.0404183007777, 0.0155843039975, 0.00741220079362, 0.013685323298, 0.0148413125426, 0.0218025930226, 0.0265958569944, 0.00889967381954, 0.0111472886056, 0.0177722740918, 0.00959604606032, 0.0334942042828, 0.0542128682137, 0.0206079576164, 0.027006175369, 0.055829577148, 0.0198795832694, 0.00469520082697, 0.00959319528192, 0.00532726151869, 0.014232811518, 0.0283018033952, 0.0142809152603, 0.0219195317477, 0.0290443561971, 0.0128382658586, 0.0286434516311]
        dvar2: [0.0760801807046, 0.0372988544405, 0.0361228920519, 0.0252531953156, 0.0126853641123, 0.0633033141494, 0.118431612849, 0.0618040561676, 0.0827649980783, 0.0792128443718, 0.0395908355713, 0.0190579853952, 0.0342101417482, 0.0352668128908, 0.0465662367642, 0.0584769211709, 0.0197560023516, 0.0266299657524, 0.048878159374, 0.0270172804594, 0.0718866512179, 0.102361850441, 0.0522556081414, 0.0592323988676, 0.116621665657, 0.0505494847894, 0.012852717191, 0.0238828249276, 0.0136100398377, 0.031868673861, 0.0604260228574, 0.0348422341049, 0.053647313267, 0.0617384836078, 0.0287882406265, 0.0598098114133]
        max: [1, 0.756441831589, 1, 1, 0.576961934566, 1, 1, 1, 1, 1, 0.754928529263, 0.815061569214, 1, 1, 1, 1, 0.757260560989, 0.656016051769, 1, 0.75945943594, 1, 1, 0.779540419579, 1, 1, 0.759225130081, 0.554093241692, 0.820485711098, 0.553604602814, 1, 1, 0.831123054028, 0.978545486927, 1, 0.895023941994, 1]
        mean: [0.318601697683, 0.162464350462, 0.0590555109084, 0.0511226244271, 0.052673459053, 0.245803683996, 0.354752510786, 0.172318086028, 0.167151883245, 0.239698752761, 0.121678598225, 0.0384907238185, 0.0477944388986, 0.068045668304, 0.117898322642, 0.120015487075, 0.0710706114769, 0.0837486088276, 0.0866043567657, 0.0547652579844, 0.170028746128, 0.25286090374, 0.136283352971, 0.137672021985, 0.194437891245, 0.099473066628, 0.0458790361881, 0.0604704804718, 0.0424894876778, 0.0872104540467, 0.131148725748, 0.0820936411619, 0.141895905137, 0.1945168823, 0.106683403254, 0.215357065201]
        min: [0.000441929587396, 0.000168033569935, 0, 0, 0.000109866021376, 0.00042645301437, 0.000220584101044, 0.000429640698712, 0.000152944543515, 0.00016559548385, 0.000388955988456, 4.37434100604e-05, 4.98586705362e-05, 5.53617646801e-05, 6.13364827586e-05, 0, 0, 0, 0, 0, 0, 0.000181219671504, 0.000116785799037, 9.95586960926e-05, 0.000206998811336, 0, 0, 0, 0, 6.3498140662e-05, 0.000102400073956, 0.000120131626318, 0.000172955886228, 0.0001132043908, 0.000423041841714, 0.000149368410348]
        var: [0.153964415193, 0.0361227095127, 0.0209393817931, 0.0318222828209, 0.00895167328417, 0.0775379836559, 0.157686278224, 0.0330889821053, 0.0625075027347, 0.124653331935, 0.0320508778095, 0.0104359602556, 0.023423532024, 0.0188683569431, 0.0409008897841, 0.0515602193773, 0.01409148518, 0.0177191309631, 0.0271476879716, 0.0103969695047, 0.0577909871936, 0.113787196577, 0.0279753804207, 0.0459496863186, 0.0984297767282, 0.0253470391035, 0.00569773558527, 0.0140535794199, 0.00755148893222, 0.0229900944978, 0.0502030476928, 0.0166646894068, 0.0491184554994, 0.102136798203, 0.0249697677791, 0.0710371434689]
    chords_histogram: [11.6279067993, 0, 10.6976747513, 7.44186067581, 0, 0, 0, 0, 0, 41.3953475952, 0, 0, 0, 0, 0, 0, 0, 0, 0, 0, 0, 0, 5.58139514923, 23.2558135986]
    thpcp: [1, 0.485741704702, 0.471178859472, 0.675678789616, 0.342995733023, 0.108500212431, 0.134726151824, 0.191811665893, 0.332339644432, 0.338307648897, 0.200338572264, 0.236076161265, 0.24412612617, 0.154375955462, 0.479288339615, 0.712781131268, 0.384164601564, 0.388079077005, 0.548094451427, 0.280401289463, 0.129326879978, 0.170458212495, 0.119772195816, 0.245834633708, 0.369690775871, 0.231411024928, 0.399985611439, 0.54831713438, 0.300726294518, 0.60706281662, 0.898095667362, 0.457965344191, 0.166469603777, 0.144107863307, 0.148479446769, 0.692887783051]
    chords_key: "E"
    chords_scale: "major"
    key_key: "A"
    key_scale: "minor"
    chords_progression: ["F", "F", "F", "F", "F", "F", "F", "F", "F", "F", "F", "F", "F", "F", "F", "F", "F", "F", "F", "F", "F", "F", "F", "F", "F", "F", "F", "F", "F", "F", "F", "Dm", "Dm", "F", "F", "F", "Dm", "Dm", "Dm", "Dm", "Dm", "Dm", "Dm", "Dm", "Dm", "F", "F", "F", "Am", "Am", "Am", "Dm", "Am", "Em", "Em", "Em", "Em", "Em", "Em", "Em", "Em", "Em", "Em", "Em", "Em", "Em", "Em", "Em", "Em", "Em", "Em", "Em", "Em", "Em", "Em", "Em", "E", "E", "E", "E", "E", "E", "E", "E", "E", "E", "E", "E", "E", "E", "E", "E", "E", "E", "E", "E", "E", "E", "E", "E", "E", "E", "E", "E", "E", "E", "E", "E", "E", "E", "E", "E", "E", "E", "E", "E", "E", "E", "E", "E", "Am", "Am", "Am", "Am", "Am", "Am", "Am", "Am", "Am", "Am", "Am", "Am", "Am", "Am", "Am", "Am", "Am", "Am", "Am", "Am", "Am", "F", "F", "F", "F", "F", "F", "F", "F", "F", "F", "F", "F", "F", "E", "G", "E", "E", "E", "E", "E", "E", "E", "G", "G", "G", "G", "G", "G", "G", "G", "G", "G", "G", "G", "G", "G", "G", "E", "E", "E", "E", "E", "E", "E", "E", "E", "E", "E", "E", "E", "E", "E", "E", "E", "E", "E", "E", "E", "E", "E", "E", "E", "E", "E", "E", "E", "E", "E", "E", "E", "E", "E", "E", "E"]
