
metadata:
    version:
        essentia: "1.2.2"
    audio_properties:
        analysis_sample_rate: 44100
        bitrate: 128
        channels: 2
        equal_loudness: 1
        length: 10.0310201645
        replay_gain: -6.8566608429
        downmix: "mix"
    tags:
        track: 15
        year: 0
        album: "Splitted by Mp3Splt v. 2.1"
        artist: "From 002.20 To 002.30"
        comment: "http://mp3splt.sf.net"
        genre: ""
        title: "10 That's What I Call Love.mp3"

highlevel:
    ballroom:
        all:
            ChaChaCha: 0.383256614208
            Jive: 0.305403977633
            Quickstep: 0.13517165184
            Rumba-American: 0.000853153353091
            Rumba-International: 0.00167538726237
            Rumba-Misc: 0.00105577998329
            Samba: 0.14144000411
            Tango: 0.0153813511133
            VienneseWaltz: 0.0123496577144
            Waltz: 0.00341239222325
        probability: 0.383256614208
        value: "ChaChaCha"
    culture:
        all:
            non_western: 0.147979274392
            western: 0.852020740509
        probability: 0.852020740509
        value: "western"
    gender:
        all:
            female: 0.139914572239
            male: 0.860085427761
        probability: 0.860085427761
        value: "male"
    genre_dortmund:
        all:
            alternative: 0.0686219409108
            blues: 0.0848957523704
            electronic: 0.0313425511122
            folkcountry: 0.134472116828
            funksoulrnb: 0.110250718892
            jazz: 0.259542882442
            pop: 0.0919292345643
            raphiphop: 0.00554131064564
            rock: 0.213403493166
        probability: 0.259542882442
        value: "jazz"
    genre_electronica:
        all:
            ambient: 0.236524611712
            dnb: 0.470398366451
            house: 0.107833869755
            techno: 0.0222746916115
            trance: 0.162968456745
        probability: 0.470398366451
        value: "dnb"
    genre_rosamerica:
        all:
            cla: 0.133483052254
            dan: 0.109954729676
            hip: 0.0202798787504
            jaz: 0.01509384159
            pop: 0.279497295618
            rhy: 0.0297718029469
            roc: 0.40765479207
            spe: 0.00426461920142
        probability: 0.40765479207
        value: "roc"
    genre_tzanetakis:
        all:
            blu: 0.00205151829869
            cla: 0.00888701528311
            cou: 0.01410723757
            dis: 0.310872375965
            hip: 0.00164933747146
            jaz: 0.0338674709201
            met: 0.0320858061314
            pop: 0.0559077560902
            reg: 0.00330290477723
            roc: 0.537268579006
        probability: 0.537268579006
        value: "roc"
    live_studio:
        all:
            live: 0.560023903847
            studio: 0.439976096153
        probability: 0.560023903847
        value: "live"
    mood:
        all:
            Cluster1: 0.313012599945
            Cluster2: 0.24463044107
            Cluster3: 0.0967156216502
            Cluster4: 0.175875291228
            Cluster5: 0.169766038656
        probability: 0.313012599945
        value: "Cluster1"
    mood_acoustic:
        all:
            acoustic: 0.0426726974547
            not_acoustic: 0.957327306271
        probability: 0.957327306271
        value: "not_acoustic"
    mood_aggressive:
        all:
            aggressive: 0.120823070407
            not_aggressive: 0.879176914692
        probability: 0.879176914692
        value: "not_aggressive"
    mood_electronic:
        all:
            electronic: 0.435665071011
            not_electronic: 0.564334928989
        probability: 0.564334928989
        value: "not_electronic"
    mood_happy:
        all:
            happy: 0.894692659378
            not_happy: 0.105307355523
        probability: 0.894692659378
        value: "happy"
    mood_party:
        all:
            not_party: 0.388115435839
            party: 0.611884593964
        probability: 0.611884593964
        value: "party"
    mood_relaxed:
        all:
            not_relaxed: 0.945075154305
            relaxed: 0.0549248419702
        probability: 0.945075154305
        value: "not_relaxed"
    mood_sad:
        all:
            not_sad: 0.773619830608
            sad: 0.226380169392
        probability: 0.773619830608
        value: "not_sad"
    rhythm:
        all:
            fast: 0.933051109314
            medium: 0.0596167705953
            slow: 0.00733211822808
        probability: 0.933051109314
        value: "fast"
    speech_music:
        all:
            music: 0.999448597431
            speech: 0.000551421719138
        probability: 0.999448597431
        value: "music"
    timbre:
        all:
            bright: 0.989953279495
            dark: 0.0100467028096
        probability: 0.989953279495
        value: "bright"
    voice_instrumental:
        all:
            instrumental: 0.406840980053
            voice: 0.593159019947
        probability: 0.593159019947
        value: "voice"

lowlevel:
    average_loudness: 0.893086671829
    barkbands_kurtosis:
        dmean: 0.612758994102
        dmean2: 0.982939243317
        dvar: 0.654442191124
        dvar2: 1.55636203289
        max: 6.93695831299
        mean: -0.556059479713
        min: -1.80655705929
        var: 1.85400998592
    barkbands_skewness:
        dmean: 0.354678601027
        dmean2: 0.559994459152
        dvar: 0.123764328659
        dvar2: 0.28133392334
        max: 2.3605735302
        mean: -0.233003079891
        min: -2.71177530289
        var: 0.66487044096
    barkbands_spread:
        dmean: 4.75198793411
        dmean2: 7.35319519043
        dvar: 21.2609920502
        dvar2: 46.5611953735
        max: 59.6577224731
        mean: 30.3025684357
        min: 7.30500030518
        var: 77.0078277588
    dissonance:
        dmean: 0.0145480558276
        dmean2: 0.0241940934211
        dvar: 0.000213393810554
        dvar2: 0.000537674583029
        max: 0.498998194933
        mean: 0.469503074884
        min: 0.347463428974
        var: 0.000616639503278
    hfc:
        dmean: 1.96678411961
        dmean2: 3.20305562019
        dvar: 11.1747541428
        dvar2: 27.1363143921
        max: 37.8236236572
        mean: 6.57777881622
        min: 0.0283334907144
        var: 45.9445266724
    pitch:
        dmean: 483.412780762
        dmean2: 913.891784668
        dvar: 994681.9375
        dvar2: 2807008.5
        max: 4009.09082031
        mean: 658.861022949
        min: 82.7392120361
        var: 920750.9375
    pitch_instantaneous_confidence:
        dmean: 0.0851763039827
        dmean2: 0.136639907956
        dvar: 0.00511035509408
        dvar2: 0.0112988613546
        max: 0.871566236019
        mean: 0.438379019499
        min: 0.143482685089
        var: 0.0232777409256
    pitch_salience:
        dmean: 0.0496128872037
        dmean2: 0.0791505947709
        dvar: 0.00167648051865
        dvar2: 0.00404180306941
        max: 0.792023837566
        mean: 0.585213124752
        min: 0.314963310957
        var: 0.00641031609848
    silence_rate_20dB:
        dmean: 0
        dmean2: 0
        dvar: 0
        dvar2: 0
        max: 1
        mean: 1
        min: 1
        var: 0
    silence_rate_30dB:
        dmean: 0
        dmean2: 0
        dvar: 0
        dvar2: 0
        max: 1
        mean: 1
        min: 1
        var: 0
    silence_rate_60dB:
        dmean: 0.078886307776
        dmean2: 0.158139541745
        dvar: 0.0726634040475
        dvar2: 0.151736274362
        max: 1
        mean: 0.594907402992
        min: 0
        var: 0.240992605686
    spectral_centroid:
        dmean: 248.132751465
        dmean2: 392.758758545
        dvar: 60786.3359375
        dvar2: 132875.296875
        max: 3407.10766602
        mean: 1928.42028809
        min: 502.04574585
        var: 339782.28125
    spectral_complexity:
        dmean: 3.11888122559
        dmean2: 4.69392538071
        dvar: 15.2003364563
        dvar2: 30.4366931915
        max: 49
        mean: 12.6093025208
        min: 0
        var: 95.2287826538
    spectral_crest:
        dmean: 1.79626071453
        dmean2: 2.92637968063
        dvar: 2.68233323097
        dvar2: 6.77928876877
        max: 17.1246337891
        mean: 6.79493761063
        min: 2.62290930748
        var: 6.87008666992
    spectral_decrease:
        dmean: 2.17519890988e-10
        dmean2: 3.47449152782e-10
        dvar: 2.56145549814e-19
        dvar2: 6.41088084087e-19
        max: -3.87317825382e-12
        mean: -6.96861846006e-10
        min: -5.24365972865e-09
        var: 4.61751553274e-19
    spectral_energy:
        dmean: 0.000970816821791
        dmean2: 0.00156195601448
        dvar: 4.75673732581e-06
        dvar2: 1.18873222164e-05
        max: 0.0228340085596
        mean: 0.00322674051858
        min: 1.75203149411e-05
        var: 9.78690150077e-06
    spectral_energyband_high:
        dmean: 0.000143167111673
        dmean2: 0.000227859840379
        dvar: 6.13516561998e-08
        dvar2: 1.4432315254e-07
        max: 0.00371271115728
        mean: 0.000406230741646
        min: 2.04620778277e-06
        var: 2.78767799955e-07
    spectral_energyband_low:
        dmean: 8.55654579937e-05
        dmean2: 0.000141870812513
        dvar: 7.54450582008e-08
        dvar2: 1.95616522092e-07
        max: 0.00234243832529
        mean: 0.000106945233711
        min: 1.70794791643e-07
        var: 8.37548341792e-08
    spectral_energyband_middle_high:
        dmean: 0.000577243918087
        dmean2: 0.000939906283747
        dvar: 6.95032667863e-07
        dvar2: 1.72314935298e-06
        max: 0.009396167472
        mean: 0.00178147398401
        min: 6.69930932418e-06
        var: 2.59499165622e-06
    spectral_energyband_middle_low:
        dmean: 0.000453972897958
        dmean2: 0.000749408383854
        dvar: 1.88680439805e-06
        dvar2: 4.94300775244e-06
        max: 0.0123667037115
        mean: 0.000932091672439
        min: 2.22825019591e-06
        var: 1.74514138962e-06
    spectral_flatness_db:
        dmean: 0.0175813026726
        dmean2: 0.0276571270078
        dvar: 0.000229251832934
        dvar2: 0.00050048076082
        max: 0.268811285496
        mean: 0.157651826739
        min: 0.0985285490751
        var: 0.000761115574278
    spectral_flux:
        dmean: 0.00687621068209
        dmean2: 0.0105476556346
        dvar: 0.000116444738524
        dvar2: 0.000246621901169
        max: 0.129922926426
        mean: 0.0303379949182
        min: 0.00234075612389
        var: 0.000355307071004
    spectral_kurtosis:
        dmean: 1.06219685078
        dmean2: 1.8210208416
        dvar: 1.56436800957
        dvar2: 3.48265004158
        max: 16.1162643433
        mean: 3.37535429001
        min: 0.627874135971
        var: 2.62693691254
    spectral_rms:
        dmean: 0.000237794200075
        dmean2: 0.000359657511581
        dvar: 1.39158458978e-07
        dvar2: 3.13375153382e-07
        max: 0.0047198603861
        mean: 0.00160300824791
        min: 0.00013074016897
        var: 5.78404410589e-07
    spectral_rolloff:
        dmean: 311.955200195
        dmean2: 514.985534668
        dvar: 159363.953125
        dvar2: 346104.6875
        max: 4888.03710938
        mean: 3473.90698242
        min: 602.9296875
        var: 625480.8125
    spectral_skewness:
        dmean: 0.16094379127
        dmean2: 0.259829610586
        dvar: 0.0290175750852
        dvar2: 0.0577064156532
        max: 3.44340896606
        mean: 1.32421457767
        min: 0.696321189404
        var: 0.103461101651
    spectral_spread:
        dmean: 540838.4375
        dmean2: 792961.625
        dvar: 446035296256
        dvar2: 919547936768
        max: 8310800
        mean: 4533206.5
        min: 2157556.25
        var: 957700046848
    spectral_strongpeak:
        dmean: 0.602796018124
        dmean2: 1.05469310284
        dvar: 0.645542621613
        dvar2: 1.6740436554
        max: 7.0801692009
        mean: 0.798841178417
        min: 0.00395052600652
        var: 0.948960602283
    zerocrossingrate:
        dmean: 0.00754957925528
        dmean2: 0.00930814631283
        dvar: 4.91034516017e-05
        dvar2: 5.72969656787e-05
        max: 0.17236328125
        mean: 0.10736168921
        min: 0.0283203125
        var: 0.000636848504655
    barkbands:
        dmean: [2.24021050599e-08, 2.00604736165e-05, 6.92047542543e-05, 9.50695612119e-05, 0.000252735742833, 0.000118530311738, 4.29861283919e-05, 4.70021368528e-05, 2.87769689749e-05, 5.13837985636e-05, 7.50490580685e-05, 4.2977357225e-05, 7.49623504817e-05, 4.04483726015e-05, 6.75826086081e-05, 6.38625060674e-05, 0.000152996144607, 0.000150236432091, 0.000173187974724, 0.000195141677978, 6.27096887911e-05, 1.89364891412e-05, 4.09281483371e-06, 1.85901058103e-06, 9.79925061984e-07, 4.34198881294e-08, 3.93675925192e-10]
        dmean2: [3.69466910399e-08, 3.70024063159e-05, 0.000112102396088, 0.000154836612637, 0.000410574837588, 0.000211034610402, 6.90727465553e-05, 7.34964341973e-05, 4.38311180915e-05, 7.91709462646e-05, 0.000116216819151, 7.08835286787e-05, 0.00012409829651, 6.76276176819e-05, 0.000114123497042, 0.000105226950836, 0.000237921718508, 0.000255649210885, 0.000304756278638, 0.000330866867444, 9.68126114458e-05, 2.96244907076e-05, 6.22455763732e-06, 2.71870544566e-06, 1.40697557072e-06, 6.09680910202e-08, 5.35881505836e-10]
        dvar: [1.59316563577e-14, 1.28648789399e-08, 4.09065563645e-08, 6.35343795352e-08, 5.38411711659e-07, 1.85633908245e-07, 5.84368198275e-09, 4.15116341301e-09, 2.42825382024e-09, 5.93906612778e-09, 2.14298623291e-08, 1.07251620918e-08, 2.10202593109e-08, 6.05680749999e-09, 1.22566010674e-08, 1.37488989083e-08, 3.88269008056e-08, 7.09768812612e-08, 8.54812753914e-08, 1.22860981833e-07, 1.06769979524e-08, 1.63923608021e-09, 5.43661227148e-11, 1.06214420939e-11, 3.04677875811e-12, 5.33267252581e-15, 1.52230862319e-17]
        dvar2: [3.9752885906e-14, 3.67786689992e-08, 9.67828057696e-08, 1.45693363152e-07, 1.38488496759e-06, 5.31122623215e-07, 1.44954670489e-08, 1.03845660959e-08, 5.06019937063e-09, 1.33327882068e-08, 5.30595904991e-08, 2.87444184011e-08, 5.53394094993e-08, 1.74527077235e-08, 3.35283658615e-08, 3.35406795671e-08, 1.02780234101e-07, 1.90225762253e-07, 2.4096621587e-07, 3.67874719132e-07, 2.48151295068e-08, 4.04443056823e-09, 1.14859191602e-10, 1.82124818698e-11, 6.09886446901e-12, 9.62499377481e-15, 1.53110651619e-17]
        max: [1.80130120953e-06, 0.00120698288083, 0.00170760462061, 0.00250148051418, 0.00644770078361, 0.00428468408063, 0.000903403502889, 0.000797801185399, 0.000530458055437, 0.00107497698627, 0.00134619628079, 0.00120207946748, 0.00184600369539, 0.000876847829204, 0.000914482399821, 0.00130494195037, 0.00179156824015, 0.00261719408445, 0.003240799997, 0.00397380627692, 0.00120980327483, 0.00058615062153, 0.000115270871902, 4.17649353039e-05, 2.35009265452e-05, 7.97625716586e-07, 8.09463358564e-08]
        mean: [2.19510649657e-08, 1.67116013472e-05, 9.02126921574e-05, 0.000131832362968, 0.000408123160014, 0.000139585245051, 8.89670700417e-05, 9.80291006272e-05, 5.09027740918e-05, 0.000107985048089, 0.00012913858518, 6.02167929173e-05, 0.000147851533256, 6.92265166435e-05, 0.000102435493318, 0.00011582148727, 0.000270191667369, 0.00026306687505, 0.000326596724335, 0.000395551527617, 0.00015633989824, 4.23664350819e-05, 9.37857021199e-06, 4.20249443778e-06, 1.92249876818e-06, 6.43736726147e-08, 4.00946442713e-10]
        min: [3.83487269717e-11, 8.87583162523e-09, 5.71120324366e-08, 3.45467299212e-08, 2.44158599116e-07, 1.88296667147e-07, 7.59138458761e-08, 2.36901442463e-07, 1.55010752678e-07, 1.13044336558e-07, 2.50235459021e-08, 1.76745118097e-07, 1.83764655048e-07, 1.65600440027e-07, 1.78208921398e-07, 4.22165896907e-07, 7.54663176394e-07, 6.98151268352e-07, 1.46550530644e-06, 1.58108957748e-06, 3.66558111864e-07, 7.52569491169e-08, 1.58613424617e-08, 3.62485041983e-09, 1.41872524839e-09, 2.49420727128e-11, 1.10172160904e-14]
        var: [1.58266852586e-14, 7.60829799162e-09, 6.04810637128e-08, 6.82287080167e-08, 5.11426492267e-07, 1.19125033393e-07, 9.92717552606e-09, 1.24896670783e-08, 6.67446853342e-09, 2.02016252615e-08, 4.55188207127e-08, 1.10434719147e-08, 6.81538381286e-08, 9.62582635822e-09, 1.46459591122e-08, 2.77980696239e-08, 8.50463024449e-08, 1.26816260604e-07, 1.58716559895e-07, 2.74460717264e-07, 4.39078142733e-08, 6.69470789916e-09, 2.6350613358e-10, 5.28938767785e-11, 1.09949349972e-11, 1.34683778209e-14, 1.52458469337e-17]
    mfcc:
        mean: [-736.551757812, 90.6152191162, -58.2566223145, 44.1023864746, -19.9020271301, -10.9408664703, -3.26678872108, -10.5717658997, -9.16324901581, -11.6173524857, -11.5765581131, -8.30553531647, -9.44574165344]
        cov: [[5076.54785156, -702.694641113, -101.058013916, -5.8883357048, 112.938446045, 177.890640259, 109.737121582, -183.002258301, -138.821655273, -185.532409668, -236.912475586, -175.75, -89.0214157104], [-702.694641113, 575.094055176, -66.9934997559, -95.674949646, -69.8483352661, -132.810974121, -96.0761032104, -54.4279747009, -35.4278831482, -37.5611953735, -42.5313682556, -14.2472810745, -8.93205451965], [-101.058013916, -66.9934997559, 251.102416992, 19.1726722717, 47.5229225159, 20.970489502, 6.65163469315, 44.0117950439, 35.1968154907, 43.6513137817, 60.8633460999, -0.776790440083, 11.2698659897], [-5.8883357048, -95.674949646, 19.1726722717, 237.780609131, 118.441543579, 95.9910507202, 51.5479545593, 31.8287563324, 75.9020462036, 53.5587348938, 44.3404884338, 50.9447517395, 11.356710434], [112.938446045, -69.8483352661, 47.5229225159, 118.441543579, 215.927871704, 138.901535034, 84.4093093872, 47.592956543, 62.3253059387, 53.5429267883, 67.1535568237, 64.8809890747, 40.0570678711], [177.890640259, -132.810974121, 20.970489502, 95.9910507202, 138.901535034, 255.541564941, 164.940765381, 96.5259399414, 44.5102272034, 31.5704841614, 48.7238960266, 63.8219146729, 51.0325927734], [109.737121582, -96.0761032104, 6.65163469315, 51.5479545593, 84.4093093872, 164.940765381, 172.11946106, 95.6416244507, 33.9624824524, 29.3147792816, 40.3866882324, 43.9503669739, 45.9205169678], [-183.002258301, -54.4279747009, 44.0117950439, 31.8287563324, 47.592956543, 96.5259399414, 95.6416244507, 122.417106628, 46.4475059509, 34.0753097534, 53.2216453552, 36.8348846436, 36.3292808533], [-138.821655273, -35.4278831482, 35.1968154907, 75.9020462036, 62.3253059387, 44.5102272034, 33.9624824524, 46.4475059509, 103.904808044, 62.6396522522, 37.4993858337, 31.6047344208, 15.4794034958], [-185.532409668, -37.5611953735, 43.6513137817, 53.5587348938, 53.5429267883, 31.5704841614, 29.3147792816, 34.0753097534, 62.6396522522, 87.0040283203, 54.9392967224, 16.6111373901, 16.2016620636], [-236.912475586, -42.5313682556, 60.8633460999, 44.3404884338, 67.1535568237, 48.7238960266, 40.3866882324, 53.2216453552, 37.4993858337, 54.9392967224, 113.148033142, 59.4326934814, 27.8102455139], [-175.75, -14.2472810745, -0.776790440083, 50.9447517395, 64.8809890747, 63.8219146729, 43.9503669739, 36.8348846436, 31.6047344208, 16.6111373901, 59.4326934814, 101.981208801, 44.0102615356], [-89.0214157104, -8.93205451965, 11.2698659897, 11.356710434, 40.0570678711, 51.0325927734, 45.9205169678, 36.3292808533, 15.4794034958, 16.2016620636, 27.8102455139, 44.0102615356, 60.8428726196]]
        icov: [[0.000402770820074, 0.000519713037647, 3.52082643076e-05, 0.000170601764694, -0.00057391799055, -7.93147628428e-05, -0.000599606195465, 0.000969875371084, -0.000198548135813, 0.000974253984168, 0.00028772233054, 0.000696192961186, 0.000101033023384], [0.000519713037647, 0.0028243965935, 0.000524815695826, 0.000836318300571, -0.00116146844812, 0.000809654709883, -7.99830449978e-05, 0.000890387105756, -0.000336701399647, 0.00136700249277, 0.000830797245726, 0.000395068869693, -0.000407849322073], [3.52082643076e-05, 0.000524815695826, 0.00551057374105, 0.000369500805391, -0.0010714577511, -0.000282511813566, 0.00209473422728, -0.00170805118978, -0.000922146311495, 0.000414195266785, -0.00332336733118, 0.00328591023572, -0.00131332548335], [0.000170601764694, 0.000836318300571, 0.000369500805391, 0.0074686286971, -0.00255337171257, -0.00137029984035, 0.000331446412019, 0.0012067030184, -0.00309151900001, -0.00103836460039, 0.000849084113725, -0.00204258668236, 0.00292203994468], [-0.00057391799055, -0.00116146844812, -0.0010714577511, -0.00255337171257, 0.0111794313416, -0.00431017950177, 0.000400058168452, 0.0020393661689, -0.00168274436146, -0.00207719951868, -0.00296029774472, -0.00176455534529, -0.00198906264268], [-7.93147628428e-05, 0.000809654709883, -0.000282511813566, -0.00137029984035, -0.00431017950177, 0.0141298109666, -0.0095700500533, -0.00225811963901, 0.00125856010709, 0.00104100455064, 0.00203876406886, -0.00222832337022, -4.91478749609e-05], [-0.000599606195465, -7.99830449978e-05, 0.00209473422728, 0.000331446412019, 0.000400058168452, -0.0095700500533, 0.0216773655266, -0.0101991463453, 0.00220139278099, -0.00377174350433, 0.000283816625597, 0.000251444114838, -0.0037134909071], [0.000969875371084, 0.000890387105756, -0.00170805118978, 0.0012067030184, 0.0020393661689, -0.00225811963901, -0.0101991463453, 0.0232173576951, -0.00817925576121, 0.00620208261535, -0.00623193429783, 0.00401507178321, -0.00359946768731], [-0.000198548135813, -0.000336701399647, -0.000922146311495, -0.00309151900001, -0.00168274436146, 0.00125856010709, 0.00220139278099, -0.00817925576121, 0.0243115462363, -0.0169172044843, 0.00788400042802, -0.00762625131756, 0.00391485495493], [0.000974253984168, 0.00136700249277, 0.000414195266785, -0.00103836460039, -0.00207719951868, 0.00104100455064, -0.00377174350433, 0.00620208261535, -0.0169172044843, 0.0343619324267, -0.0145583823323, 0.0133765907958, -0.00648652156815], [0.00028772233054, 0.000830797245726, -0.00332336733118, 0.000849084113725, -0.00296029774472, 0.00203876406886, 0.000283816625597, -0.00623193429783, 0.00788400042802, -0.0145583823323, 0.025632802397, -0.014408939518, 0.00532302958891], [0.000696192961186, 0.000395068869693, 0.00328591023572, -0.00204258668236, -0.00176455534529, -0.00222832337022, 0.000251444114838, 0.00401507178321, -0.00762625131756, 0.0133765907958, -0.014408939518, 0.0275445822626, -0.0136670442298], [0.000101033023384, -0.000407849322073, -0.00131332548335, 0.00292203994468, -0.00198906264268, -4.91478749609e-05, -0.0037134909071, -0.00359946768731, 0.00391485495493, -0.00648652156815, 0.00532302958891, -0.0136670442298, 0.0307084657252]]
    spectral_contrast:
        mean: [-1.42046189922e-07, 5.10641996243e-07, 1.36120377192e-07, 1.05287099927e-07, -6.28751024578e-08, -1.55665148327e-07, -3.08474818667e-06, -2.29699662668e-06, 7.91840761849e-08, -3.8374300857e-06, 2.40740382651e-06, 8.31103591281e-07]
        var: [0.000336253375281, 0.000868278089911, 0.00134192418773, 0.00180147914216, 0.00418447470292, 0.00485796341673, 0.041790459305, 0.0900991410017, 0.154259905219, 0.226933956146, 0.667549014091, 2.99653840065]

rhythm:
    beats_loudness:
        dmean: 0.00387357850559
        dmean2: 0.00668987398967
        dvar: 1.08220274342e-05
        dvar2: 2.74620542768e-05
        max: 0.0156674236059
        mean: 0.00458814017475
        min: 4.64262921014e-05
        var: 1.88963440451e-05
    beats_loudness_bass:
        dmean: 0.0540363229811
        dmean2: 0.0995200797915
        dvar: 0.00320418225601
        dvar2: 0.00922975130379
        max: 0.199741274118
        mean: 0.0546205155551
        min: 0.0017885012785
        var: 0.00374394678511
    bpm: 115.100624084
    bpm_confidence: 0
    first_peak_bpm: 115
    first_peak_spread: 0
    first_peak_weight: 0.523809552193
    onset_rate: 3.38948559761
    second_peak_bpm: 153
    second_peak_spread: 0
    second_peak_weight: 0.428571432829
    beats_position: [0.0594115816057, 0.58069652319, 1.10198140144, 1.6232663393, 2.14455127716, 2.66583609581, 3.18712115288, 3.70840620995, 4.22969150543, 4.7509765625, 5.27226161957, 5.79354667664, 6.20774030685, 6.60041856766, 6.99309778214, 7.38577651978, 7.77845573425, 8.17113399506, 8.56381320953, 8.95649242401, 9.34917068481, 9.74184989929]
    bpm_estimates: [115.005851746, 115.079055786, 114.97203064, 115.290534973, 114.82624054, 115.598587036, 115.037910461, 114.994827271]
    bpm_intervals: [0.521284937859, 0.521284878254, 0.521284937859, 0.521284937859, 0.521284818649, 0.521285057068, 0.521285057068, 0.521285295486, 0.521285057068, 0.521285057068, 0.521285057068, 0.414193630219, 0.392678260803, 0.392679214478, 0.39267873764, 0.392679214478, 0.392678260803, 0.392679214478, 0.392679214478, 0.392678260803, 0.392679214478]
    onset_times: [0.0696598663926, 0.174149662256, 0.301859408617, 0.684988677502, 0.952018141747, 1.07972788811, 1.23065757751, 1.35836732388, 1.46285712719, 1.74149656296, 1.98530614376, 2.41487526894, 2.53097510338, 2.7863945961, 2.92571425438, 3.05342411995, 3.20435380936, 3.30884361267, 3.56426310539, 3.7151927948, 4.08671188354, 4.65560102463, 4.91102027893, 5.15482997894, 5.68888902664, 5.9675283432, 6.19972801208, 6.60607719421, 6.97759628296, 7.47682523727, 7.7670750618, 8.77714252472, 9.33442211151, 9.85687065125]
    rubato_start: [6.20774030685]
    rubato_stop: [6.60041856766]
    perceptual_tempo: "unknown"

sfx:
    inharmonicity:
        dmean: 0.0647256970406
        dmean2: 0.117051109672
        dvar: 0.00576144037768
        dvar2: 0.0156291909516
        max: 0.393272399902
        mean: 0.0761463344097
        min: 0.000300394109217
        var: 0.00556220766157
    oddtoevenharmonicenergyratio:
        dmean: 2.48298788071
        dmean2: 4.62750864029
        dvar: 25.6974964142
        dvar2: 75.3519973755
        max: 52.957359314
        mean: 1.87691950798
        min: 0.00170299026649
        var: 16.930267334
    pitch_after_max_to_before_max_energy_ratio: 5.81885623932
    pitch_centroid: 269.80255127
    pitch_max_to_total: 0.611627936363
    pitch_min_to_total: 0.00697674416006
    tristimulus:
        dmean: [0.172709241509, 0.246517688036, 0.178019672632]
        dmean2: [0.313691288233, 0.426862835884, 0.32342711091]
        dvar: [0.027793629095, 0.0431363582611, 0.0239407960325]
        dvar2: [0.0752103403211, 0.123620308936, 0.0640580132604]
        max: [0.921833455563, 0.959877312183, 0.704859256744]
        mean: [0.280383616686, 0.461892724037, 0.194015651941]
        min: [0.0117103746161, 0, 0]
        var: [0.0378874503076, 0.0572825036943, 0.0292692203075]

tonal:
    chords_changes_rate: 0.0833333358169
    chords_number_rate: 0.0324074067175
    chords_strength:
        dmean: 0.00773015338928
        dmean2: 0.00648687593639
        dvar: 3.70461020793e-05
        dvar2: 2.92634103971e-05
        max: 0.645740389824
        mean: 0.499802827835
        min: 0.294797509909
        var: 0.0113298427314
    key_strength: 0.64992338419
    tuning_diatonic_strength: 0.504953384399
    tuning_equal_tempered_deviation: 0.0646020546556
    tuning_frequency: 440.763122559
    tuning_nontempered_energy_ratio: 0.665821373463
    hpcp:
        dmean: [0.154531091452, 0.138348579407, 0.0984379053116, 0.101209260523, 0.101780496538, 0.136732622981, 0.190773531795, 0.163415461779, 0.122444540262, 0.109270736575, 0.0841453671455, 0.0787098035216, 0.0911265686154, 0.0752757117152, 0.110760144889, 0.166734561324, 0.115251556039, 0.0550698749721, 0.0469930022955, 0.0751209333539, 0.134738132358, 0.204786941409, 0.171653822064, 0.110536150634, 0.067941583693, 0.0632065013051, 0.0926716178656, 0.103460513055, 0.0899395495653, 0.141897141933, 0.151556357741, 0.175539404154, 0.139559015632, 0.105932988226, 0.0797467157245, 0.103665985167]
        dmean2: [0.274309337139, 0.252866744995, 0.170304983854, 0.168224081397, 0.171114340425, 0.232089981437, 0.319062888622, 0.277622759342, 0.214259341359, 0.184830442071, 0.143833011389, 0.129812046885, 0.148755505681, 0.128345638514, 0.181189581752, 0.265769273043, 0.183988898993, 0.0971562638879, 0.0827698409557, 0.137350484729, 0.234728470445, 0.352580964565, 0.300165832043, 0.191987320781, 0.12029722333, 0.104657880962, 0.155172497034, 0.168758302927, 0.161519184709, 0.250340104103, 0.247872516513, 0.297293037176, 0.243422999978, 0.187343031168, 0.146609097719, 0.180111005902]
        dvar: [0.036764010787, 0.0298028588295, 0.0169093608856, 0.0215458888561, 0.0190211739391, 0.0232364460826, 0.0413422249258, 0.0232802629471, 0.0195091608912, 0.0228855554014, 0.0146974576637, 0.0128299444914, 0.0174443386495, 0.0081312963739, 0.0109507804736, 0.0291873142123, 0.013622649014, 0.00443213805556, 0.00346337910742, 0.0153480432928, 0.0265622269362, 0.0430124364793, 0.0324726104736, 0.0252201035619, 0.0134841362014, 0.0101989423856, 0.0206913240254, 0.019406594336, 0.0160157717764, 0.0332637354732, 0.0433182381094, 0.036096394062, 0.0323679037392, 0.0174138192087, 0.0106779718772, 0.0136381890625]
        dvar2: [0.0953238382936, 0.0841163918376, 0.0467191562057, 0.05299596861, 0.0515425689518, 0.0619021430612, 0.088629052043, 0.0576625466347, 0.0572168081999, 0.0670074597001, 0.0348448008299, 0.0307524446398, 0.0494011007249, 0.0218841806054, 0.0280307494104, 0.0578010044992, 0.026396650821, 0.0117278508842, 0.0108601357788, 0.0512901507318, 0.076573818922, 0.101107448339, 0.0756959170103, 0.0751632675529, 0.0392466895282, 0.0252745300531, 0.0526065863669, 0.0414617396891, 0.0406640097499, 0.0848983600736, 0.085609331727, 0.0939043238759, 0.0967075750232, 0.0506790988147, 0.0304279439151, 0.035903185606]
        max: [1, 1, 0.913831353188, 1, 1, 1, 1, 1, 0.929916799068, 1, 1, 1, 0.983995318413, 0.776610553265, 0.719045698643, 1, 1, 0.450400173664, 0.472655385733, 0.936698079109, 1, 1, 1, 1, 1, 0.937731683254, 1, 1, 1, 0.958213567734, 1, 1, 1, 1, 0.687462329865, 0.805692255497]
        mean: [0.312755018473, 0.233038842678, 0.160401239991, 0.174635097384, 0.163881286979, 0.289212942123, 0.457736700773, 0.362073749304, 0.228966295719, 0.200950503349, 0.15902286768, 0.149614587426, 0.146437421441, 0.125676751137, 0.246126189828, 0.366099596024, 0.23271150887, 0.0949033200741, 0.0755563303828, 0.0959838852286, 0.247441068292, 0.436400681734, 0.356331795454, 0.162815257907, 0.101893052459, 0.103462934494, 0.173712179065, 0.219721093774, 0.159748762846, 0.253320097923, 0.417142271996, 0.343953937292, 0.230899989605, 0.175735205412, 0.12541167438, 0.208576887846]
        min: [0.00473695900291, 0.00518453866243, 0.002660212107, 0.000889256712981, 0.00106925389264, 0.013809254393, 0.0339402481914, 0.0249727219343, 0.00272838864475, 0.00126605306286, 0.000764538766816, 0.000314606237225, 0.00113432272337, 0.00125995918643, 0.009167897515, 0.0217208266258, 0.0122990990058, 0.0013326194603, 0.00108716392424, 0.00157594273333, 0.00618678145111, 0.0117314886302, 0.0136492885649, 0.00237681949511, 0.00101711764, 0.000687754305545, 0.00167838018388, 0.00331306736916, 0.00463658338413, 0.00890796910971, 0.0052000824362, 0.00465599587187, 0.00130464916583, 0.000769120117184, 0.000787514494732, 0.00231985049322]
        var: [0.0993477702141, 0.0475826226175, 0.0322256833315, 0.047231849283, 0.034748788923, 0.0441674143076, 0.102063149214, 0.0562101788819, 0.0379039794207, 0.0435388758779, 0.0337622687221, 0.0415111221373, 0.0306189227849, 0.0138297816738, 0.0237716473639, 0.0736207067966, 0.034959718585, 0.00802841130644, 0.00542022660375, 0.0149300768971, 0.0425550155342, 0.101391114295, 0.0903185680509, 0.0377849861979, 0.0155794993043, 0.0171730555594, 0.0515784323215, 0.0772095546126, 0.0321694910526, 0.0515080355108, 0.136327549815, 0.0707488656044, 0.0597361363471, 0.0412539951503, 0.0161470212042, 0.0343206599355]
    chords_histogram: [23.6111106873, 2.77777767181, 9.72222232819, 0, 0, 0, 15.7407407761, 0, 0, 0, 0, 0, 0, 0, 0, 0, 0, 0, 0, 0, 0, 6.94444465637, 2.31481480598, 38.8888893127]
    thpcp: [1, 0.791008770466, 0.500213980675, 0.439008951187, 0.347411215305, 0.326857298613, 0.319916278124, 0.274561226368, 0.537702560425, 0.79980391264, 0.508396029472, 0.207331687212, 0.165065050125, 0.209692358971, 0.54057508707, 0.953388035297, 0.77846455574, 0.355696320534, 0.222601890564, 0.226031541824, 0.379502415657, 0.480016320944, 0.348997056484, 0.553418815136, 0.91131490469, 0.751423120499, 0.504438459873, 0.383922040462, 0.273982137442, 0.455669999123, 0.683264017105, 0.509111106396, 0.350422501564, 0.381518661976, 0.358025223017, 0.631832540035]
    chords_key: "E"
    chords_scale: "minor"
    key_key: "G"
    key_scale: "major"
    chords_progression: ["G", "G", "G", "G", "G", "G", "G", "G", "G", "G", "G", "G", "G", "G", "G", "G", "G", "G", "G", "G", "G", "G", "G", "G", "G", "G", "G", "G", "G", "G", "G", "G", "G", "G", "G", "G", "G", "G", "G", "G", "G", "G", "G", "G", "Em", "Em", "Em", "Em", "Em", "Em", "Em", "Em", "Em", "Em", "Em", "Em", "Em", "Em", "Em", "Em", "Em", "Em", "Em", "Em", "Em", "Em", "Em", "Em", "Em", "Em", "Em", "Em", "Em", "Em", "Em", "Em", "Em", "Em", "Em", "Em", "Em", "Em", "Em", "G", "G", "G", "C", "G", "G", "G", "G", "C", "C", "C", "C", "Am", "Am", "Am", "Am", "Am", "Am", "Am", "Am", "Am", "Am", "Am", "Am", "Am", "Am", "Am", "D", "D", "D", "D", "D", "D", "D", "D", "D", "D", "D", "D", "D", "D", "D", "D", "D", "D", "D", "D", "D", "Bm", "Bm", "Bm", "Bm", "Bm", "Bm", "E", "E", "E", "E", "E", "E", "E", "E", "E", "E", "E", "E", "E", "E", "E", "E", "E", "E", "E", "E", "E", "E", "E", "E", "E", "E", "Em", "E", "Em", "Em", "Em", "Em", "Em", "Em", "Em", "Em", "Em", "Em", "Em", "E", "E", "Em", "Em", "Em", "Em", "E", "E", "E", "Em", "Em", "Em", "E", "E", "Em", "Em", "Em", "Em", "Em", "Em", "Em", "Em", "Em", "Em", "Em", "Em", "Em", "Em", "Em", "Em", "Em", "Em", "Em", "Em", "Em", "Em", "Em", "Em", "Em", "Em"]
