
metadata:
    version:
        essentia: "1.2.2"
    audio_properties:
        analysis_sample_rate: 44100
        bitrate: 128
        channels: 2
        equal_loudness: 1
        length: 10.0310201645
        replay_gain: -15.1386013031
        downmix: "mix"
    tags:
        track: 3
        year: 0
        album: "Splitted by Mp3Splt v. 2.1"
        artist: "From 000.20 To 000.30"
        comment: "http://mp3splt.sf.net"
        genre: ""
        title: "03 Those Sweet Words.mp3"

highlevel:
    ballroom:
        all:
            ChaChaCha: 0.013502093032
            Jive: 0.00915848463774
            Quickstep: 0.174801260233
            Rumba-American: 0.0258418396115
            Rumba-International: 0.160421013832
            Rumba-Misc: 0.286117404699
            Samba: 0.0187234859914
            Tango: 0.0385586619377
            VienneseWaltz: 0.074061319232
            Waltz: 0.198814436793
        probability: 0.286117404699
        value: "Rumba-Misc"
    culture:
        all:
            non_western: 0.0480842702091
            western: 0.951915740967
        probability: 0.951915740967
        value: "western"
    gender:
        all:
            female: 0.90776860714
            male: 0.0922314077616
        probability: 0.90776860714
        value: "female"
    genre_dortmund:
        all:
            alternative: 0.156498208642
            blues: 0.0992190390825
            electronic: 0.0126595813781
            folkcountry: 0.314197808504
            funksoulrnb: 0.0236906874925
            jazz: 0.190063104033
            pop: 0.126741051674
            raphiphop: 0.00774534000084
            rock: 0.0691851824522
        probability: 0.314197808504
        value: "folkcountry"
    genre_electronica:
        all:
            ambient: 0.941459596157
            dnb: 0.0112313907593
            house: 0.0344982668757
            techno: 0.0106239607558
            trance: 0.00218678591773
        probability: 0.941459596157
        value: "ambient"
    genre_rosamerica:
        all:
            cla: 0.0254956241697
            dan: 0.00975204631686
            hip: 0.0137856975198
            jaz: 0.157099038363
            pop: 0.0483560822904
            rhy: 0.719666302204
            roc: 0.0146180465817
            spe: 0.0112271578982
        probability: 0.719666302204
        value: "rhy"
    genre_tzanetakis:
        all:
            blu: 0.0369394496083
            cla: 0.0192194022238
            cou: 0.286703705788
            dis: 0.0396266132593
            hip: 0.0426346622407
            jaz: 0.0749760940671
            met: 0.0087752956897
            pop: 0.307186752558
            reg: 0.122788771987
            roc: 0.0611492432654
        probability: 0.307186752558
        value: "pop"
    live_studio:
        all:
            live: 1.01761470432e-05
            studio: 0.999989807606
        probability: 0.999989807606
        value: "studio"
    mood:
        all:
            Cluster1: 0.0152524188161
            Cluster2: 0.129054814577
            Cluster3: 0.812676608562
            Cluster4: 0.0293978657573
            Cluster5: 0.0136183034629
        probability: 0.812676608562
        value: "Cluster3"
    mood_acoustic:
        all:
            acoustic: 0.89346319437
            not_acoustic: 0.106536783278
        probability: 0.89346319437
        value: "acoustic"
    mood_aggressive:
        all:
            aggressive: 1.39837338793e-05
            not_aggressive: 0.999985992908
        probability: 0.999985992908
        value: "not_aggressive"
    mood_electronic:
        all:
            electronic: 0.185112908483
            not_electronic: 0.814887106419
        probability: 0.814887106419
        value: "not_electronic"
    mood_happy:
        all:
            happy: 0.0242342259735
            not_happy: 0.975765764713
        probability: 0.975765764713
        value: "not_happy"
    mood_party:
        all:
            not_party: 0.972521662712
            party: 0.0274783633649
        probability: 0.972521662712
        value: "not_party"
    mood_relaxed:
        all:
            not_relaxed: 0.0294918976724
            relaxed: 0.970508098602
        probability: 0.970508098602
        value: "relaxed"
    mood_sad:
        all:
            not_sad: 0.0759041383862
            sad: 0.924095869064
        probability: 0.924095869064
        value: "sad"
    rhythm:
        all:
            fast: 0.0247748009861
            medium: 0.295736968517
            slow: 0.679488241673
        probability: 0.679488241673
        value: "slow"
    speech_music:
        all:
            music: 0.386556684971
            speech: 0.613443315029
        probability: 0.613443315029
        value: "speech"
    timbre:
        all:
            bright: 0.251157432795
            dark: 0.748842537403
        probability: 0.748842537403
        value: "dark"
    voice_instrumental:
        all:
            instrumental: 0.0632934048772
            voice: 0.936706602573
        probability: 0.936706602573
        value: "voice"

lowlevel:
    average_loudness: 0.786393642426
    barkbands_kurtosis:
        dmean: 6.09786701202
        dmean2: 9.00688934326
        dvar: 226.014434814
        dvar2: 385.992584229
        max: 247.022445679
        mean: 12.2103128433
        min: -1.88499426842
        var: 645.795288086
    barkbands_skewness:
        dmean: 0.589551985264
        dmean2: 0.831466794014
        dvar: 0.547820925713
        dvar2: 0.991510629654
        max: 11.3825454712
        mean: 2.09357118607
        min: -1.66535151005
        var: 2.98677420616
    barkbands_spread:
        dmean: 3.6917822361
        dmean2: 5.47506189346
        dvar: 46.0351409912
        dvar2: 81.6142959595
        max: 78.3235702515
        mean: 12.8405265808
        min: 0.23559717834
        var: 214.763931274
    dissonance:
        dmean: 0.0373637489974
        dmean2: 0.0619262494147
        dvar: 0.00127751787659
        dvar2: 0.00337773980573
        max: 0.497781962156
        mean: 0.398739010096
        min: 0.187504127622
        var: 0.00363803375512
    hfc:
        dmean: 0.321294188499
        dmean2: 0.392311453819
        dvar: 0.44387152791
        dvar2: 0.591701865196
        max: 14.1972160339
        mean: 1.80731201172
        min: 0.0060014789924
        var: 10.1522531509
    pitch:
        dmean: 190.547744751
        dmean2: 361.061737061
        dvar: 589939.375
        dvar2: 1299785.875
        max: 5512.5
        mean: 693.960083008
        min: 54.919052124
        var: 1669399.875
    pitch_instantaneous_confidence:
        dmean: 0.0708874538541
        dmean2: 0.105244599283
        dvar: 0.00592087442055
        dvar2: 0.0127126025036
        max: 0.96122610569
        mean: 0.652143478394
        min: 0.195664465427
        var: 0.0430337637663
    pitch_salience:
        dmean: 0.0606376603246
        dmean2: 0.0910448729992
        dvar: 0.00404886668548
        dvar2: 0.00888044573367
        max: 0.833309650421
        mean: 0.550055742264
        min: 0.168040081859
        var: 0.0181608442217
    silence_rate_20dB:
        dmean: 0
        dmean2: 0
        dvar: 0
        dvar2: 0
        max: 1
        mean: 1
        min: 1
        var: 0
    silence_rate_30dB:
        dmean: 0
        dmean2: 0
        dvar: 0
        dvar2: 0
        max: 1
        mean: 1
        min: 1
        var: 0
    silence_rate_60dB:
        dmean: 0.0278422273695
        dmean2: 0.0558139532804
        dvar: 0.027067149058
        dvar2: 0.0573496259749
        max: 1
        mean: 0.782407402992
        min: 0
        var: 0.170246392488
    spectral_centroid:
        dmean: 134.892745972
        dmean2: 179.821136475
        dvar: 81474.6171875
        dvar2: 115995.609375
        max: 4265.88037109
        mean: 696.243896484
        min: 141.983001709
        var: 592179.375
    spectral_complexity:
        dmean: 0.724941730499
        dmean2: 1.2102804184
        dvar: 1.04322385788
        dvar2: 2.22213578224
        max: 14
        mean: 3.13720941544
        min: 0
        var: 9.0672082901
    spectral_crest:
        dmean: 2.29505968094
        dmean2: 3.57343649864
        dvar: 5.51071882248
        dvar2: 13.2970733643
        max: 25.7761306763
        mean: 12.8064746857
        min: 5.24827528
        var: 18.6930541992
    spectral_decrease:
        dmean: 9.78894604264e-11
        dmean2: 1.22860346896e-10
        dvar: 2.7102605082e-20
        dvar2: 3.81109443937e-20
        max: -7.11799456182e-12
        mean: -5.12044406875e-10
        min: -3.84278608934e-09
        var: 5.58240879259e-19
    spectral_energy:
        dmean: 0.000392990099499
        dmean2: 0.000489433878101
        dvar: 4.44984465275e-07
        dvar2: 6.17445721218e-07
        max: 0.015739466995
        mean: 0.00209650141187
        min: 2.74093017651e-05
        var: 9.5786053862e-06
    spectral_energyband_high:
        dmean: 1.189158138e-05
        dmean2: 1.6157348e-05
        dvar: 1.31684785298e-09
        dvar2: 2.33702190933e-09
        max: 0.000556380022317
        mean: 2.59139669652e-05
        min: 1.58392776672e-09
        var: 4.96776841885e-09
    spectral_energyband_low:
        dmean: 5.39019201824e-05
        dmean2: 8.32833975437e-05
        dvar: 1.69653286974e-08
        dvar2: 4.47080701349e-08
        max: 0.00147690356243
        mean: 0.0001119993467
        min: 6.58476665194e-07
        var: 3.40918937525e-08
    spectral_energyband_middle_high:
        dmean: 0.000126959610498
        dmean2: 0.000145581783727
        dvar: 1.15266175271e-07
        dvar2: 1.45383268091e-07
        max: 0.00957886315882
        mean: 0.000750048551708
        min: 8.6221128015e-08
        var: 3.17611647915e-06
    spectral_energyband_middle_low:
        dmean: 0.00032916633063
        dmean2: 0.000411157234339
        dvar: 3.32293268457e-07
        dvar2: 4.71553875059e-07
        max: 0.013278985396
        mean: 0.00120853714179
        min: 7.03439036442e-06
        var: 3.29617387251e-06
    spectral_flatness_db:
        dmean: 0.0262493323535
        dmean2: 0.0384981706738
        dvar: 0.00105362292379
        dvar2: 0.00209161173552
        max: 0.47524830699
        mean: 0.269056946039
        min: 0.104427076876
        var: 0.00423326669261
    spectral_flux:
        dmean: 0.00573007808998
        dmean2: 0.00800091959536
        dvar: 6.47994311294e-05
        dvar2: 0.000111741857836
        max: 0.117154471576
        mean: 0.0146027067676
        min: 0.000903829524759
        var: 0.000231762911426
    spectral_kurtosis:
        dmean: 5.98854398727
        dmean2: 9.73902606964
        dvar: 102.99017334
        dvar2: 234.539871216
        max: 103.012702942
        mean: 17.3782367706
        min: -0.621235132217
        var: 330.351348877
    spectral_rms:
        dmean: 0.00014297956659
        dmean2: 0.00018886095495
        dvar: 3.82458260617e-08
        dvar2: 6.10883503782e-08
        max: 0.00391861936077
        mean: 0.00110738584772
        min: 0.000163526085089
        var: 8.19062847768e-07
    spectral_rolloff:
        dmean: 260.8074646
        dmean2: 446.81338501
        dvar: 456267.03125
        dvar2: 898123
        max: 5986.23046875
        mean: 1072.95446777
        min: 129.19921875
        var: 1765690.25
    spectral_skewness:
        dmean: 0.501790523529
        dmean2: 0.781653881073
        dvar: 0.508845925331
        dvar2: 1.12068974972
        max: 8.58393669128
        mean: 3.07079052925
        min: 0.20144470036
        var: 2.41745042801
    spectral_spread:
        dmean: 620616.5
        dmean2: 938743.625
        dvar: 958121836544
        dvar2: 1.6824804311e+12
        max: 14104738
        mean: 3808023.25
        min: 875322.5625
        var: 3.8107307049e+12
    spectral_strongpeak:
        dmean: 0.111801207066
        dmean2: 0.172133237123
        dvar: 0.039857044816
        dvar2: 0.076439358294
        max: 3.80367159843
        mean: 0.430186390877
        min: 0.0100109940395
        var: 0.479054182768
    zerocrossingrate:
        dmean: 0.00676195556298
        dmean2: 0.00708692334592
        dvar: 0.000140981079312
        dvar2: 0.000101981182524
        max: 0.22314453125
        mean: 0.0394735634327
        min: 0.005859375
        var: 0.00173052586615
    barkbands:
        dmean: [8.12194826949e-08, 1.80790138984e-05, 4.16879956902e-05, 5.13302948093e-05, 6.70248555252e-05, 0.000112753856229, 9.26490829443e-05, 2.49807781074e-05, 9.98673567665e-05, 5.25324685441e-05, 1.01000059658e-05, 4.33018940384e-05, 3.54875169251e-06, 2.74303984042e-05, 9.68035146798e-06, 7.25184145267e-06, 1.53009095811e-05, 1.91956787603e-05, 1.92281895579e-05, 6.81881192577e-06, 6.42228451397e-06, 2.29885995395e-06, 3.69641838915e-07, 3.66785627648e-07, 3.8621263343e-07, 1.04182715788e-08, 6.58314180946e-10]
        dmean2: [1.40767269841e-07, 2.88540613838e-05, 6.3468098233e-05, 7.06826103851e-05, 9.25317945075e-05, 0.000158284747158, 0.000121996366943, 4.35489164374e-05, 0.000105941442598, 5.89054725424e-05, 1.22952978927e-05, 3.83805127058e-05, 5.49469996258e-06, 3.08862618112e-05, 1.24452471937e-05, 1.10090595626e-05, 1.9223196432e-05, 2.79232535831e-05, 3.1250398024e-05, 1.07231544462e-05, 8.94143340702e-06, 3.00321880786e-06, 5.37928201538e-07, 4.75929567756e-07, 5.09146332206e-07, 1.25301395926e-08, 7.44484307535e-10]
        dvar: [1.86930644032e-13, 3.28567373309e-09, 1.02481152453e-08, 3.31909753015e-08, 1.58278634643e-08, 7.21285502436e-08, 7.7029326917e-08, 3.13821395537e-08, 1.76396980578e-07, 2.51602934043e-08, 1.42320810692e-09, 2.94790361011e-08, 3.69429098424e-10, 1.47576626475e-08, 1.3384978681e-09, 7.26556093067e-10, 3.50737749955e-09, 3.92421561912e-09, 4.47089343325e-09, 4.65260663329e-10, 5.08888542416e-10, 8.50103876182e-11, 2.03184908135e-12, 1.12664977174e-12, 1.7252229376e-12, 1.4988165416e-15, 1.31619801164e-16]
        dvar2: [5.29228028588e-13, 9.46457046069e-09, 2.55360603774e-08, 5.40612354882e-08, 2.90911419398e-08, 1.31954209337e-07, 1.14054749645e-07, 8.94363196835e-08, 1.78232468784e-07, 2.72434164117e-08, 2.41178965688e-09, 2.56292569389e-08, 9.03771335548e-10, 1.91101907632e-08, 1.59088042739e-09, 1.51737578058e-09, 5.93734750254e-09, 8.05430033779e-09, 1.10769891037e-08, 1.15741682905e-09, 8.61232973826e-10, 1.40501513202e-10, 4.09492752207e-12, 1.95416057468e-12, 3.04929497451e-12, 2.25840858364e-15, 1.31542257945e-16]
        max: [5.07682761963e-06, 0.000552306650206, 0.00109260575846, 0.00290482561104, 0.00180864275899, 0.004569218494, 0.00530947092921, 0.0026638796553, 0.0107476785779, 0.00400967849419, 0.00108242314309, 0.00582565320656, 0.0003144677612, 0.00242038024589, 0.000787461234722, 0.000574563222472, 0.00124833523296, 0.000979918520898, 0.000937850796618, 0.00035365394433, 0.000392886227928, 0.00018008776533, 3.21138104482e-05, 1.76917765202e-05, 2.32521306316e-05, 7.53352082938e-07, 2.38457033674e-07]
        mean: [7.59117497751e-08, 3.97701478505e-05, 7.2158050898e-05, 6.79472141201e-05, 0.000141717289807, 0.000411288929172, 0.00029294466367, 2.22434209718e-05, 0.00021343267872, 0.000244386377744, 3.78674485546e-05, 0.00025513683795, 4.84624661112e-06, 8.6725129222e-05, 1.78429909283e-05, 1.60562030942e-05, 4.31214793934e-05, 5.09665369464e-05, 4.59981602035e-05, 1.31347342176e-05, 1.22359670058e-05, 4.52057520306e-06, 6.22512573045e-07, 6.68747475174e-07, 7.75663522745e-07, 1.93437799112e-08, 6.48471887299e-10]
        min: [1.34373371805e-12, 4.46708234847e-08, 6.04800106885e-07, 3.36718670724e-07, 8.46095531415e-07, 2.23557748313e-07, 3.2747713874e-08, 5.18160181429e-09, 9.51766132573e-09, 6.02696026419e-09, 1.51047030439e-09, 2.63746136042e-09, 3.11436298972e-09, 3.16146775425e-09, 4.49656645252e-10, 3.80691089763e-10, 3.80394299393e-10, 4.27309049256e-10, 9.30600263516e-10, 7.0188793666e-10, 4.7960824201e-10, 2.15422651939e-10, 8.07829983462e-11, 6.31337135348e-11, 6.51528830886e-11, 8.54397542299e-12, 3.5511558158e-14]
        var: [1.41949887717e-13, 4.36691616201e-09, 2.06345038833e-08, 5.38328563948e-08, 6.25178273594e-08, 5.69934172745e-07, 7.29348528239e-07, 1.87860482725e-08, 6.93103743288e-07, 4.51574180715e-07, 2.39648993983e-08, 7.79535582751e-07, 3.81587372811e-10, 1.00648527734e-07, 4.9757962195e-09, 2.82263523665e-09, 2.68334190423e-08, 2.17676170422e-08, 1.38786768744e-08, 8.50312653622e-10, 1.58443336229e-09, 3.84870607606e-10, 7.3819257998e-12, 4.82456392545e-12, 7.06292489772e-12, 5.98026436585e-15, 1.31877682992e-16]
    mfcc:
        mean: [-919.344116211, 173.568878174, -14.0976581573, 58.7426643372, -0.799621701241, -19.3892688751, 6.60731840134, -15.7358779907, -0.717949748039, -9.13596057892, -2.55885338783, -11.0250797272, -3.53656578064]
        cov: [[14649.265625, -3832.80175781, -2289.36425781, -1067.35461426, -513.858947754, -1149.19299316, 308.124176025, -140.650512695, 331.449920654, -59.8501472473, 46.3573989868, -616.570556641, -85.6026992798], [-3832.80175781, 2937.47631836, -152.82850647, -165.040435791, 159.082275391, 53.964138031, 110.145896912, 33.5437393188, -267.060546875, 29.3467159271, 113.279891968, 21.9420604706, 22.340171814], [-2289.36425781, -152.82850647, 1204.72009277, 401.697692871, -18.8736877441, 340.579620361, -177.985229492, -5.26886940002, 50.3306922913, 6.21780824661, -24.1244697571, 191.820327759, -1.43646526337], [-1067.35461426, -165.040435791, 401.697692871, 705.626831055, 231.119903564, -40.0459632874, -153.798110962, 34.5618247986, 177.178085327, -84.7011566162, 7.07794618607, 188.163299561, -7.65616559982], [-513.858947754, 159.082275391, -18.8736877441, 231.119903564, 268.158294678, -66.3210601807, -36.8183174133, 21.5932350159, 55.8132133484, -68.7479705811, 15.2492294312, 79.1134033203, -14.257440567], [-1149.19299316, 53.964138031, 340.579620361, -40.0459632874, -66.3210601807, 458.675079346, 65.5644607544, 25.1498889923, -72.9284210205, 123.3645401, -13.2032051086, 29.6725349426, 39.2036094666], [308.124176025, 110.145896912, -177.985229492, -153.798110962, -36.8183174133, 65.5644607544, 384.923065186, -52.7997703552, -112.680809021, 106.431106567, 24.6829071045, -110.586021423, 49.4588165283], [-140.650512695, 33.5437393188, -5.26886940002, 34.5618247986, 21.5932350159, 25.1498889923, -52.7997703552, 180.818161011, 70.1185455322, -10.1192045212, 13.7923746109, 30.7874240875, -25.831823349], [331.449920654, -267.060546875, 50.3306922913, 177.178085327, 55.8132133484, -72.9284210205, -112.680809021, 70.1185455322, 208.71647644, -40.90467453, 7.69719219208, 57.4722175598, -33.2744789124], [-59.8501472473, 29.3467159271, 6.21780824661, -84.7011566162, -68.7479705811, 123.3645401, 106.431106567, -10.1192045212, -40.90467453, 207.787094116, -7.17312812805, -59.3490142822, 10.9500637054], [46.3573989868, 113.279891968, -24.1244697571, 7.07794618607, 15.2492294312, -13.2032051086, 24.6829071045, 13.7923746109, 7.69719219208, -7.17312812805, 86.1800765991, 19.8465766907, 14.0067815781], [-616.570556641, 21.9420604706, 191.820327759, 188.163299561, 79.1134033203, 29.6725349426, -110.586021423, 30.7874240875, 57.4722175598, -59.3490142822, 19.8465766907, 177.632644653, -9.31157302856], [-85.6026992798, 22.340171814, -1.43646526337, -7.65616559982, -14.257440567, 39.2036094666, 49.4588165283, -25.831823349, -33.2744789124, 10.9500637054, 14.0067815781, -9.31157302856, 79.5264511108]]
        icov: [[0.000381247722544, 0.000505581730977, 0.000474118452985, 0.000358953519026, 0.000316075311275, 0.000489631027449, -0.00015249713033, 0.000227205397096, -0.000445041951025, 1.97060162463e-05, -0.000805552874226, 0.000267011870164, 0.000279631145531], [0.000505581730977, 0.00114273827057, 0.000601524836384, 0.000606381101534, -6.90387387294e-05, 0.000720110721886, -0.000107050400402, 3.98721522288e-06, 0.000245549133979, -0.000143738652696, -0.00166464387439, 0.000246414507274, 0.000437520066043], [0.000474118452985, 0.000601524836384, 0.00247192685492, -0.000850945943967, 0.00156647595577, -0.000915553653613, 0.000324924243614, 0.000980442739092, -0.000393392605474, 0.000317131460179, -0.000994988018647, -0.000307759881252, 0.00108360184822], [0.000358953519026, 0.000606381101534, -0.000850945943967, 0.00418023206294, -0.00238076481037, 0.00148164550774, -0.000330743612722, 0.000190387538169, -0.00215890677646, -0.000469592312584, -0.000213643652387, -0.00126345467288, -0.00123552617151], [0.000316075311275, -6.90387387294e-05, 0.00156647595577, -0.00238076481037, 0.00731146754697, 3.31305673171e-05, -0.000747415062506, 0.00041323073674, -0.000603522988968, 0.00136055110488, -0.000422701006755, -0.00108402618207, 0.00155989988707], [0.000489631027449, 0.000720110721886, -0.000915553653613, 0.00148164550774, 3.31305673171e-05, 0.00522657902911, -0.0008592409431, -0.00142406020314, 0.000564900867175, -0.00217950996011, -2.14380779653e-05, -0.00114076363388, -0.00164124008734], [-0.00015249713033, -0.000107050400402, 0.000324924243614, -0.000330743612722, -0.000747415062506, -0.0008592409431, 0.00452517159283, 0.000439715251559, 0.00159388640895, -0.00135692569893, -0.0015069541987, 0.00183674355503, -0.00120771501679], [0.000227205397096, 3.98721522288e-06, 0.000980442739092, 0.000190387538169, 0.00041323073674, -0.00142406020314, 0.000439715251559, 0.00767063861713, -0.00321659864858, 0.00044443551451, -0.00153624196537, -1.30103001084e-06, 0.00213706865907], [-0.000445041951025, 0.000245549133979, -0.000393392605474, -0.00215890677646, -0.000603522988968, 0.000564900867175, 0.00159388640895, -0.00321659864858, 0.0102813001722, -0.000773411476985, -0.000829256139696, -0.00056310283253, 0.00130266114138], [1.97060162463e-05, -0.000143738652696, 0.000317131460179, -0.000469592312584, 0.00136055110488, -0.00217950996011, -0.00135692569893, 0.00044443551451, -0.000773411476985, 0.00741787394509, 0.000115974566143, 0.00185500457883, 0.00118050002493], [-0.000805552874226, -0.00166464387439, -0.000994988018647, -0.000213643652387, -0.000422701006755, -2.14380779653e-05, -0.0015069541987, -0.00153624196537, -0.000829256139696, 0.000115974566143, 0.0161938276142, -0.00346524477936, -0.00368588371202], [0.000267011870164, 0.000246414507274, -0.000307759881252, -0.00126345467288, -0.00108402618207, -0.00114076363388, 0.00183674355503, -1.30103001084e-06, -0.00056310283253, 0.00185500457883, -0.00346524477936, 0.0112422695383, 0.000751917075831], [0.000279631145531, 0.000437520066043, 0.00108360184822, -0.00123552617151, 0.00155989988707, -0.00164124008734, -0.00120771501679, 0.00213706865907, 0.00130266114138, 0.00118050002493, -0.00368588371202, 0.000751917075831, 0.0163068640977]]
    spectral_contrast:
        mean: [1.36536215223e-07, -5.17165574365e-07, 1.95101250711e-08, 4.41732794343e-07, -3.34531080171e-07, -1.60707293162e-06, -2.67430800704e-06, 2.92575646199e-06, -7.34550985726e-06, -3.13548156328e-07, 4.83934263684e-06, 2.7967053029e-06]
        var: [0.000600756553467, 0.00144789763726, 0.00188489456195, 0.00331131811254, 0.00464805681258, 0.020722867921, 0.0695357993245, 0.155633166432, 0.290128171444, 0.476676940918, 0.853537142277, 5.46833229065]

rhythm:
    beats_loudness:
        dmean: 0.00210233894177
        dmean2: 0.00368799921125
        dvar: 4.51172900284e-06
        dvar2: 5.29784028913e-06
        max: 0.00848370511085
        mean: 0.00239884853363
        min: 7.91584534454e-05
        var: 7.38464495953e-06
    beats_loudness_bass:
        dmean: 0.286043941975
        dmean2: 0.537727236748
        dvar: 0.0855592191219
        dvar2: 0.20583845675
        max: 0.868054509163
        mean: 0.229165866971
        min: 0.00738762132823
        var: 0.0752459466457
    bpm: 102.938346863
    bpm_confidence: 0
    first_peak_bpm: 103
    first_peak_spread: 0
    first_peak_weight: 0.9375
    onset_rate: 3.0904135704
    second_peak_bpm: 66
    second_peak_spread: 0
    second_peak_weight: 0.0625
    beats_position: [0.0830408632755, 0.665041089058, 1.24704134464, 1.82904160023, 2.4110417366, 2.99304199219, 3.57504248619, 4.15704298019, 4.73904323578, 5.32104349136, 6.22404623032, 6.80783653259, 7.39162683487, 7.97541666031, 8.55920696259, 9.1429977417, 9.72678661346]
    bpm_estimates: [103.287368774, 103.181877136, 102.810188293, 103.323570251, 101.597229004, 103.429878235]
    bpm_intervals: [0.582000255585, 0.582000255585, 0.582000255585, 0.582000136375, 0.582000255585, 0.582000494003, 0.582000494003, 0.582000255585, 0.582000255585, 0.903002738953, 0.583790302277, 0.583790302277, 0.583789825439, 0.583790302277, 0.583790779114, 0.583788871765]
    onset_times: [0.0696598663926, 0.325079351664, 0.615328788757, 1.18421769142, 1.49768710136, 1.79954648018, 1.92725622654, 2.35682535172, 2.96054410934, 3.25079369545, 4.12154197693, 4.41179132462, 4.51628112793, 4.77170085907, 5.01551008224, 5.42185926437, 6.44353723526, 6.5596370697, 6.82666683197, 7.02403640747, 7.37233543396, 7.61614513397, 7.90639448166, 8.17342376709, 8.498503685, 8.70748329163, 8.76553249359, 9.0906124115, 9.21832180023, 9.47374153137, 9.93814086914]
    rubato_start: []
    rubato_stop: []
    perceptual_tempo: "unknown"

sfx:
    inharmonicity:
        dmean: 0.0177806802094
        dmean2: 0.0319511815906
        dvar: 0.00101149291731
        dvar2: 0.00269888271578
        max: 0.257104724646
        mean: 0.017055446282
        min: 1.57785757438e-06
        var: 0.00102250406053
    oddtoevenharmonicenergyratio:
        dmean: 2.42777967453
        dmean2: 4.53764677048
        dvar: 223.611541748
        dvar2: 647.454467773
        max: 205.736495972
        mean: 1.96189796925
        min: 2.06855511351e-05
        var: 125.626647949
    pitch_after_max_to_before_max_energy_ratio: 2.726115942
    pitch_centroid: 224.728149414
    pitch_max_to_total: 0.20000000298
    pitch_min_to_total: 0.0209302324802
    tristimulus:
        dmean: [0.160964265466, 0.170789703727, 0.0640388429165]
        dmean2: [0.284557580948, 0.300190269947, 0.115466281772]
        dvar: [0.0389111600816, 0.039949759841, 0.018404899165]
        dvar2: [0.0974240675569, 0.111772142351, 0.0534212887287]
        max: [0.994792401791, 0.962150454521, 0.903138935566]
        mean: [0.527877211571, 0.390100866556, 0.0700208246708]
        min: [0.00596849247813, 0, 0]
        var: [0.0806015655398, 0.0636319741607, 0.0232714526355]

tonal:
    chords_changes_rate: 0.0416666679084
    chords_number_rate: 0.0277777779847
    chords_strength:
        dmean: 0.011677143164
        dmean2: 0.0108767161146
        dvar: 8.45065806061e-05
        dvar2: 0.000111764609755
        max: 0.77339053154
        mean: 0.523653924465
        min: 0.272936582565
        var: 0.0131079833955
    key_strength: 0.73992395401
    tuning_diatonic_strength: 0.588435769081
    tuning_equal_tempered_deviation: 0.192659020424
    tuning_frequency: 433.942382812
    tuning_nontempered_energy_ratio: 0.91327393055
    hpcp:
        dmean: [0.161572262645, 0.151272118092, 0.0995163992047, 0.0537206791341, 0.0425382703543, 0.0347166769207, 0.0574435479939, 0.0604672320187, 0.0498663187027, 0.0479692108929, 0.0501191578805, 0.0673706904054, 0.0766557380557, 0.0680681020021, 0.0608888044953, 0.0797334611416, 0.0770400762558, 0.0846502557397, 0.09331856668, 0.0962510481477, 0.128304541111, 0.132584273815, 0.141160488129, 0.114833332598, 0.0682598724961, 0.0369614884257, 0.0489174351096, 0.048721704632, 0.0628861412406, 0.0630810260773, 0.0569843277335, 0.0910302996635, 0.0861899852753, 0.0664524137974, 0.0631263852119, 0.126769468188]
        dmean2: [0.264694064856, 0.259756296873, 0.180393978953, 0.0979542434216, 0.0634844228625, 0.0513623580337, 0.0918431952596, 0.102111890912, 0.0920788496733, 0.0887437239289, 0.0897988900542, 0.12285131216, 0.131841227412, 0.117526508868, 0.108906127512, 0.130089297891, 0.133463591337, 0.145684286952, 0.160127148032, 0.173193961382, 0.220707908273, 0.219602063298, 0.238647758961, 0.199825525284, 0.128425180912, 0.0636171773076, 0.0891185477376, 0.0856403037906, 0.10643453896, 0.10269472748, 0.0954015403986, 0.163379475474, 0.152653098106, 0.10478041321, 0.107636079192, 0.224835455418]
        dvar: [0.0618450269103, 0.0465283729136, 0.0314716212451, 0.0212521776557, 0.0172475930303, 0.010709496215, 0.0208096280694, 0.0251411553472, 0.0191777031869, 0.0223330594599, 0.0186433475465, 0.0274934098125, 0.0279444847256, 0.0252391193062, 0.0197195187211, 0.0296205189079, 0.0326906591654, 0.0322414860129, 0.0441582351923, 0.0367491133511, 0.0469783060253, 0.0369790308177, 0.0458107367158, 0.037716332823, 0.0309135410935, 0.0129315434024, 0.0237864889205, 0.025654790923, 0.0275727398694, 0.0292849671096, 0.0266933441162, 0.0463277772069, 0.0389999449253, 0.030429314822, 0.0173856634647, 0.0332866571844]
        dvar2: [0.126939445734, 0.1059422791, 0.0933788865805, 0.0521592050791, 0.0314966104925, 0.0166316442192, 0.0465609095991, 0.0555686019361, 0.0587426535785, 0.0681250020862, 0.0463392175734, 0.0817192047834, 0.0784345418215, 0.0695956870914, 0.0539927966893, 0.0644037276506, 0.0665580481291, 0.0795072838664, 0.0957595854998, 0.0790666118264, 0.119756430387, 0.0864384993911, 0.10783393681, 0.100175499916, 0.0848108306527, 0.0323417708278, 0.0559882372618, 0.0539330355823, 0.077249802649, 0.065163269639, 0.0544695779681, 0.126456469297, 0.0971194654703, 0.0716229230165, 0.0443406142294, 0.0867031291127]
        max: [1, 1, 1, 1, 1, 1, 1, 1, 1, 1, 1, 1, 1, 1, 0.925240397453, 1, 1, 1, 1, 1, 1, 1, 1, 1, 1, 1, 1, 1, 1, 1, 1, 1, 1, 1, 0.98999196291, 1]
        mean: [0.340087741613, 0.275788545609, 0.0817509517074, 0.0414211004972, 0.0406084917486, 0.0421631149948, 0.0764202773571, 0.0878961756825, 0.0477419681847, 0.0333009958267, 0.0421702153981, 0.0564845651388, 0.0786497741938, 0.0709224864841, 0.0565513521433, 0.127263650298, 0.16190803051, 0.116263262928, 0.106527216733, 0.0992588922381, 0.120741657913, 0.286097347736, 0.292989522219, 0.111507177353, 0.0457444489002, 0.0340718626976, 0.0519642680883, 0.0744808092713, 0.0717756599188, 0.0653151646256, 0.0597123391926, 0.0704062283039, 0.107305005193, 0.118238218129, 0.0798405557871, 0.151609972119]
        min: [0.00019379342848, 7.32479602448e-05, 0.000332584429998, 0, 0, 5.7045250287e-05, 9.87949169939e-05, 0.000194659733097, 0.000256387575064, 6.28542829872e-06, 1.68957230926e-05, 1.71155224962e-05, 0.000157312504598, 6.0162270529e-05, 1.67666166817e-05, 1.01233054011e-05, 4.19294301537e-05, 3.48028697772e-05, 2.25008097914e-05, 5.38278936801e-06, 4.05838763982e-05, 7.67068486311e-05, 9.04264379642e-05, 8.66576374392e-05, 0, 0, 0, 2.68233725365e-06, 2.69315296464e-05, 3.50412519765e-05, 2.35582156165e-05, 3.03381129925e-05, 2.25563962886e-05, 3.24142747559e-05, 4.5542474254e-05, 0.000137826515129]
        var: [0.152494370937, 0.10866998136, 0.0235692691058, 0.0169237405062, 0.0198456980288, 0.0182379018515, 0.027371134609, 0.0347355678678, 0.0140283834189, 0.013161833398, 0.0177964046597, 0.0204030647874, 0.025084733963, 0.0242984294891, 0.0159934777766, 0.063967615366, 0.0990338176489, 0.0410119593143, 0.0567765943706, 0.0450778901577, 0.0498458854854, 0.124783545732, 0.128520429134, 0.0333445109427, 0.0195722747594, 0.0115086138248, 0.0288403946906, 0.0467055179179, 0.0368613265455, 0.0351021364331, 0.0338694825768, 0.036703273654, 0.0575846508145, 0.0788762420416, 0.0311289951205, 0.0414344258606]
    chords_histogram: [41.203704834, 18.0555553436, 0, 2.31481480598, 0, 0, 0, 0, 0, 0, 0, 0, 0, 0, 0, 0, 0, 22.2222213745, 6.48148155212, 0, 0, 0, 0, 9.72222232819]
    thpcp: [1, 0.810933530331, 0.240381941199, 0.121795333922, 0.119405925274, 0.123977169394, 0.224707528949, 0.258451461792, 0.140381321311, 0.0979188382626, 0.123998045921, 0.166088208556, 0.231263190508, 0.208541736007, 0.16628459096, 0.374208271503, 0.476077228785, 0.341862559319, 0.313234508038, 0.291862607002, 0.355030894279, 0.84124571085, 0.861511588097, 0.327877670527, 0.134507790208, 0.100185506046, 0.152796655893, 0.219004690647, 0.211050421, 0.192053869367, 0.175579220057, 0.207023710012, 0.315521538258, 0.347669750452, 0.234764575958, 0.445796638727]
    chords_key: "A"
    chords_scale: "major"
    key_key: "A"
    key_scale: "major"
    chords_progression: ["Am", "Am", "Am", "Am", "Am", "Am", "Am", "Am", "Am", "Am", "Am", "Am", "Am", "Am", "Am", "Am", "Am", "Am", "Am", "Am", "Am", "Am", "A", "A", "A", "A", "A", "A", "A", "A", "A", "A", "A", "A", "A", "A", "A", "A", "A", "A", "A", "A", "A", "A", "A", "A", "A", "A", "A", "A", "A", "A", "A", "A", "A", "A", "A", "A", "A", "A", "A", "A", "A", "A", "A", "A", "A", "A", "A", "A", "A", "A", "A", "A", "A", "A", "A", "A", "A", "A", "A", "A", "A", "A", "A", "A", "A", "A", "A", "A", "A", "A", "A", "A", "A", "C#m", "C#m", "C#m", "C#m", "C#m", "C#m", "C#m", "C#m", "C#m", "C#m", "C#m", "C#m", "C#m", "G#m", "G#m", "G#m", "G#m", "G#m", "C#m", "C#m", "C#m", "C#m", "C#m", "C#m", "C#m", "C#m", "C#m", "C#m", "C#m", "C#m", "C#m", "C#m", "C#m", "C#m", "C#m", "C#m", "C#m", "C#m", "C#m", "C#m", "C#m", "C#m", "C#m", "C#m", "C", "C", "C", "C", "C", "C", "C", "C", "C", "C", "C", "C", "C", "C", "A", "A", "Am", "Am", "Am", "Am", "Am", "Am", "Am", "Am", "Am", "Am", "Am", "Am", "Am", "Am", "Am", "Am", "Am", "Am", "Am", "Am", "Am", "Am", "Am", "Am", "Am", "Am", "A", "A", "A", "A", "A", "A", "A", "A", "A", "A", "A", "A", "A", "A", "F#m", "F#m", "F#m", "F#m", "F#m", "F#m", "F#m", "F#m", "F#m", "F#m", "F#m", "F#m", "F#m", "F#m", "F#m", "F#m", "F#m", "F#m", "F#m", "F#m", "F#m"]
