
metadata:
    version:
        essentia: "1.2.2"
    audio_properties:
        analysis_sample_rate: 44100
        bitrate: 128
        channels: 2
        equal_loudness: 1
        length: 10.0310201645
        replay_gain: -4.38136482239
        downmix: "mix"
    tags:
        track: 22
        year: 0
        album: "Splitted by Mp3Splt v. 2.1"
        artist: "From 003.30 To 003.40"
        comment: "http://mp3splt.sf.net"
        genre: ""
        title: "10 Exit.mp3"

highlevel:
    ballroom:
        all:
            ChaChaCha: 0.439408093691
            Jive: 0.19438919425
            Quickstep: 0.106301292777
            Rumba-American: 0.00610966188833
            Rumba-International: 0.0718206837773
            Rumba-Misc: 0.0100483521819
            Samba: 0.104450047016
            Tango: 0.0335881821811
            VienneseWaltz: 0.016284994781
            Waltz: 0.017599504441
        probability: 0.439408093691
        value: "ChaChaCha"
    culture:
        all:
            non_western: 0.270977407694
            western: 0.729022622108
        probability: 0.729022622108
        value: "western"
    gender:
        all:
            female: 0.444620549679
            male: 0.555379450321
        probability: 0.555379450321
        value: "male"
    genre_dortmund:
        all:
            alternative: 0.215264499187
            blues: 0.0654107034206
            electronic: 0.0468268990517
            folkcountry: 0.0136435758322
            funksoulrnb: 0.00693339109421
            jazz: 0.0167712457478
            pop: 0.0145495096222
            raphiphop: 0.00278817070648
            rock: 0.617811977863
        probability: 0.617811977863
        value: "rock"
    genre_electronica:
        all:
            ambient: 0.203401476145
            dnb: 0.466429501772
            house: 0.0536727793515
            techno: 0.239668622613
            trance: 0.0368276163936
        probability: 0.466429501772
        value: "dnb"
    genre_rosamerica:
        all:
            cla: 0.00489787105471
            dan: 0.00209222221747
            hip: 0.000818020838778
            jaz: 0.00147875852417
            pop: 0.00172257225495
            rhy: 0.00247713201679
            roc: 0.985458254814
            spe: 0.00105518300552
        probability: 0.985458254814
        value: "roc"
    genre_tzanetakis:
        all:
            blu: 0.0320654585958
            cla: 0.0640134960413
            cou: 0.0432509854436
            dis: 0.120295591652
            hip: 0.0267748944461
            jaz: 0.0237771496177
            met: 0.0968940481544
            pop: 0.0804846063256
            reg: 0.292887270451
            roc: 0.219556510448
        probability: 0.292887270451
        value: "reg"
    live_studio:
        all:
            live: 0.0281744711101
            studio: 0.971825540066
        probability: 0.971825540066
        value: "studio"
    mood:
        all:
            Cluster1: 0.427163749933
            Cluster2: 0.0295971632004
            Cluster3: 0.175971373916
            Cluster4: 0.0218187682331
            Cluster5: 0.345448970795
        probability: 0.427163749933
        value: "Cluster1"
    mood_acoustic:
        all:
            acoustic: 0.107882402837
            not_acoustic: 0.892117619514
        probability: 0.892117619514
        value: "not_acoustic"
    mood_aggressive:
        all:
            aggressive: 0.899488091469
            not_aggressive: 0.100511930883
        probability: 0.899488091469
        value: "aggressive"
    mood_electronic:
        all:
            electronic: 0.631680727005
            not_electronic: 0.368319243193
        probability: 0.631680727005
        value: "electronic"
    mood_happy:
        all:
            happy: 0.0973262414336
            not_happy: 0.902673780918
        probability: 0.902673780918
        value: "not_happy"
    mood_party:
        all:
            not_party: 0.5
            party: 0.5
        probability: 0.5
        value: "not_party"
    mood_relaxed:
        all:
            not_relaxed: 0.87153172493
            relaxed: 0.128468260169
        probability: 0.87153172493
        value: "not_relaxed"
    mood_sad:
        all:
            not_sad: 0.77658867836
            sad: 0.223411291838
        probability: 0.77658867836
        value: "not_sad"
    rhythm:
        all:
            fast: 0.647458255291
            medium: 0.0782275795937
            slow: 0.274314194918
        probability: 0.647458255291
        value: "fast"
    speech_music:
        all:
            music: 0.999975681305
            speech: 2.43476952164e-05
        probability: 0.999975681305
        value: "music"
    timbre:
        all:
            bright: 0.00304971216246
            dark: 0.996950268745
        probability: 0.996950268745
        value: "dark"
    voice_instrumental:
        all:
            instrumental: 0.876237034798
            voice: 0.123762965202
        probability: 0.876237034798
        value: "instrumental"

lowlevel:
    average_loudness: 0.756085515022
    barkbands_kurtosis:
        dmean: 4.29617500305
        dmean2: 6.96556615829
        dvar: 128.478500366
        dvar2: 373.436218262
        max: 127.985153198
        mean: 7.01657438278
        min: -1.79829394817
        var: 212.911132812
    barkbands_skewness:
        dmean: 0.540509581566
        dmean2: 0.880753993988
        dvar: 0.535472154617
        dvar2: 1.42815589905
        max: 7.93652534485
        mean: 0.949867010117
        min: -2.08218312263
        var: 2.60299897194
    barkbands_spread:
        dmean: 3.25165677071
        dmean2: 5.46723175049
        dvar: 15.3507928848
        dvar2: 42.2283668518
        max: 51.9470062256
        mean: 22.933927536
        min: 0.595236003399
        var: 292.658782959
    dissonance:
        dmean: 0.0151575123891
        dmean2: 0.0261126123369
        dvar: 0.000287435686914
        dvar2: 0.000799646717496
        max: 0.499903082848
        mean: 0.456829816103
        min: 0.286216288805
        var: 0.00207230611704
    hfc:
        dmean: 1.14826023579
        dmean2: 1.89626264572
        dvar: 2.76346635818
        dvar2: 7.74580669403
        max: 28.1490192413
        mean: 5.96318149567
        min: 2.66128722615e-06
        var: 43.1464996338
    pitch:
        dmean: 490.807891846
        dmean2: 952.460754395
        dvar: 981464.5
        dvar2: 2741568.5
        max: 3675
        mean: 448.797119141
        min: 43.108505249
        var: 679452.875
    pitch_instantaneous_confidence:
        dmean: 0.0713353976607
        dmean2: 0.116876415908
        dvar: 0.00354622607119
        dvar2: 0.00863352976739
        max: 0.793129980564
        mean: 0.382704466581
        min: 0.0762072205544
        var: 0.012678139843
    pitch_salience:
        dmean: 0.0577708594501
        dmean2: 0.0975484773517
        dvar: 0.00276664691046
        dvar2: 0.0069058155641
        max: 0.942739844322
        mean: 0.614556789398
        min: 0.251012802124
        var: 0.00528699764982
    silence_rate_20dB:
        dmean: 0
        dmean2: 0
        dvar: 0
        dvar2: 0
        max: 1
        mean: 1
        min: 1
        var: 0
    silence_rate_30dB:
        dmean: 0
        dmean2: 0
        dvar: 0
        dvar2: 0
        max: 1
        mean: 1
        min: 1
        var: 0
    silence_rate_60dB:
        dmean: 0.0138888889924
        dmean2: 0.0278422273695
        dvar: 0.0136960959062
        dvar2: 0.031707495451
        max: 1
        mean: 0.549653589725
        min: 0
        var: 0.247534841299
    spectral_centroid:
        dmean: 137.555389404
        dmean2: 226.570129395
        dvar: 25608.2578125
        dvar2: 70158.53125
        max: 3017.36572266
        mean: 1014.22698975
        min: 90.7649154663
        var: 617329.5625
    spectral_complexity:
        dmean: 1.99071919918
        dmean2: 3.28837203979
        dvar: 6.0462846756
        dvar2: 14.0843038559
        max: 41
        mean: 12.8287038803
        min: 0
        var: 120.021308899
    spectral_crest:
        dmean: 2.126932621
        dmean2: 3.55082607269
        dvar: 3.54215669632
        dvar2: 9.71238517761
        max: 22.5153408051
        mean: 8.96204471588
        min: 2.95359683037
        var: 14.0815668106
    spectral_decrease:
        dmean: 1.98146540842e-10
        dmean2: 3.29348492922e-10
        dvar: 5.14283777724e-20
        dvar2: 1.55807365364e-19
        max: -8.41025366076e-16
        mean: -8.81965445121e-10
        min: -2.79653211699e-09
        var: 5.03864248837e-19
    spectral_energy:
        dmean: 0.0008302606293
        dmean2: 0.00137671164703
        dvar: 8.92208845471e-07
        dvar2: 2.69123165708e-06
        max: 0.0120696434751
        mean: 0.00386961991899
        min: 3.41561001704e-09
        var: 1.04406399259e-05
    spectral_energyband_high:
        dmean: 8.24228700367e-05
        dmean2: 0.00013351906091
        dvar: 2.42107116577e-08
        dvar2: 6.66847626007e-08
        max: 0.00228323112242
        mean: 0.000254505081102
        min: 1.43352385518e-10
        var: 1.26230986552e-07
    spectral_energyband_low:
        dmean: 0.000271749129752
        dmean2: 0.000456640816992
        dvar: 1.86717983297e-07
        dvar2: 5.6611133914e-07
        max: 0.00404015928507
        mean: 0.000469246442663
        min: 5.2294885089e-10
        var: 1.73113008373e-07
    spectral_energyband_middle_high:
        dmean: 0.000358721037628
        dmean2: 0.000596822763328
        dvar: 2.61150006509e-07
        dvar2: 7.16681086033e-07
        max: 0.00818866677582
        mean: 0.00180614297278
        min: 6.37316088792e-10
        var: 3.90700324715e-06
    spectral_energyband_middle_low:
        dmean: 0.000484348274767
        dmean2: 0.000801524496637
        dvar: 3.05339256101e-07
        dvar2: 8.28674330933e-07
        max: 0.00581249548122
        mean: 0.00133971800096
        min: 2.04151162642e-09
        var: 1.28172860059e-06
    spectral_flatness_db:
        dmean: 0.0175432302058
        dmean2: 0.0276224743575
        dvar: 0.000305133580696
        dvar2: 0.000654028262943
        max: 0.4779497087
        mean: 0.233063712716
        min: 0.0696224942803
        var: 0.0115832872689
    spectral_flux:
        dmean: 0.00530959013849
        dmean2: 0.00878162588924
        dvar: 2.62698267761e-05
        dvar2: 5.6235716329e-05
        max: 0.0738834664226
        mean: 0.0294073931873
        min: 5.84432200412e-05
        var: 0.000314765202347
    spectral_kurtosis:
        dmean: 4.93510961533
        dmean2: 7.83951807022
        dvar: 41.5801887512
        dvar2: 106.737419128
        max: 80.5064468384
        mean: 17.2748012543
        min: 1.34344625473
        var: 344.50567627
    spectral_rms:
        dmean: 0.000209509060369
        dmean2: 0.0003338647075
        dvar: 3.37158851949e-08
        dvar2: 8.71576446571e-08
        max: 0.00343151018023
        mean: 0.00174890994094
        min: 1.82545954885e-06
        var: 7.16552335689e-07
    spectral_rolloff:
        dmean: 191.40032959
        dmean2: 321.895568848
        dvar: 69001.515625
        dvar2: 175702.375
        max: 4629.63867188
        mean: 1885.49865723
        min: 107.666015625
        var: 2173161.25
    spectral_skewness:
        dmean: 0.381961047649
        dmean2: 0.60257679224
        dvar: 0.199089586735
        dvar2: 0.500946879387
        max: 7.56078481674
        mean: 2.77312040329
        min: 0.823714494705
        var: 3.6700668335
    spectral_spread:
        dmean: 348318.875
        dmean2: 539347.75
        dvar: 996124721152
        dvar2: 1.10996999373e+12
        max: 19965116
        mean: 3105448.5
        min: 1160978.875
        var: 2.21400478515e+12
    spectral_strongpeak:
        dmean: 0.344612807035
        dmean2: 0.589077413082
        dvar: 0.486834287643
        dvar2: 1.23662257195
        max: 7.22036170959
        mean: 0.521600365639
        min: 0
        var: 1.05543971062
    zerocrossingrate:
        dmean: 0.00474686408415
        dmean2: 0.00621479842812
        dvar: 2.50381435762e-05
        dvar2: 4.38364259026e-05
        max: 0.150390625
        mean: 0.0600145123899
        min: 0.00390625
        var: 0.00187823129818
    barkbands:
        dmean: [4.78896311051e-07, 0.000175677487277, 0.000137088034535, 0.000231451791478, 0.000350308662746, 6.31502407487e-05, 3.57721401087e-05, 1.87506357179e-05, 3.89388660551e-05, 2.84617890429e-05, 4.39861396444e-05, 3.22796040564e-05, 2.40063091042e-05, 5.34734863322e-05, 9.90608823486e-05, 0.000108559528599, 0.000181173585588, 0.000116274030006, 0.000101442339655, 9.29846355575e-05, 2.72600027529e-05, 1.91061717487e-05, 1.54343001668e-06, 9.49556294927e-07, 2.35444161945e-07, 5.17865395011e-09, 1.54244755857e-10]
        dmean2: [6.99165582319e-07, 0.000285981426714, 0.000241875794018, 0.000381027522963, 0.000598915212322, 0.000101132558484, 5.80753658141e-05, 3.23270178342e-05, 5.85631532886e-05, 4.62944190076e-05, 6.81745877955e-05, 4.9074726121e-05, 4.05589889851e-05, 8.9458830189e-05, 0.000159082148457, 0.00018424152222, 0.00031607382698, 0.000191184226424, 0.000173901717062, 0.000155976056703, 4.57855276181e-05, 2.73702826235e-05, 2.65167818725e-06, 1.51652250224e-06, 3.90793815086e-07, 7.93730059456e-09, 2.37739189446e-10]
        dvar: [1.38593617919e-12, 5.33419708404e-08, 6.7352416977e-08, 6.41066932872e-08, 2.16703099909e-07, 1.41374529861e-08, 3.75180109202e-09, 1.71016678596e-09, 3.21196202968e-09, 3.84303389112e-09, 5.01813524068e-09, 2.32934405098e-09, 2.07700034949e-09, 9.4717478305e-09, 3.08853422837e-08, 3.25999778283e-08, 1.24178399119e-07, 3.67341677077e-08, 2.79001337589e-08, 2.41352680064e-08, 3.22602566882e-09, 2.65500865737e-09, 7.88730018797e-12, 3.48889276844e-12, 2.33964459135e-13, 1.27898269266e-16, 8.52967296065e-19]
        dvar2: [2.68197660261e-12, 1.57273106538e-07, 2.02037838903e-07, 1.70315161085e-07, 5.98723545409e-07, 3.56741054475e-08, 8.87026807561e-09, 3.74719499874e-09, 7.37490202241e-09, 1.07090318835e-08, 1.17890097684e-08, 4.98980146091e-09, 5.30194288473e-09, 2.47429259304e-08, 7.1468022611e-08, 8.40777687472e-08, 3.32136323777e-07, 1.01667993135e-07, 8.50198489388e-08, 6.10608736906e-08, 8.99737440108e-09, 5.69157165842e-09, 2.20951729135e-11, 8.62606860941e-12, 6.08867665487e-13, 3.0078145251e-16, 8.95713870472e-19]
        max: [8.17832005851e-06, 0.00223934347741, 0.00225475756451, 0.00224087457173, 0.00444954400882, 0.00111716066021, 0.000535275379661, 0.000441333424533, 0.000542129506357, 0.000793936895207, 0.000666819978505, 0.000491522543598, 0.000594524433836, 0.00113675685134, 0.00233356794342, 0.00185093539767, 0.00521856732666, 0.00211811345071, 0.00164551264606, 0.00157422304619, 0.000534845516086, 0.0011510810582, 3.37313576892e-05, 2.79918567685e-05, 5.89429919273e-06, 1.30890740024e-07, 1.90372357878e-08]
        mean: [5.02892646637e-07, 0.000247193092946, 0.00022156003979, 0.000379903183784, 0.000690516433679, 0.000101869081846, 5.79003535677e-05, 3.0780563975e-05, 7.42718402762e-05, 5.44229951629e-05, 7.49835453462e-05, 6.01185784035e-05, 4.42603050033e-05, 0.000105068458652, 0.000218227534788, 0.000222145856242, 0.000396418559831, 0.000271798344329, 0.000258070533164, 0.000242114067078, 6.68262000545e-05, 4.218102913e-05, 4.60734418084e-06, 3.12356723953e-06, 7.41083852063e-07, 1.61146349598e-08, 1.4483594879e-10]
        min: [1.42367284628e-10, 2.52201454165e-10, 1.98593697043e-10, 2.08128209112e-10, 5.19149168099e-10, 5.00502361778e-10, 3.78384629185e-10, 2.28662089263e-10, 1.77646578003e-10, 1.86162474325e-10, 1.09256451108e-10, 6.63503973986e-11, 3.01265505598e-11, 7.98715260597e-12, 3.61177650288e-11, 3.5495124201e-11, 7.12597827968e-11, 8.03336980271e-11, 3.51067126758e-11, 6.6044024416e-11, 1.95710548462e-11, 4.34330869881e-11, 4.62849116672e-12, 1.06980353395e-11, 1.75726317178e-12, 8.8200009362e-13, 3.67189948152e-13]
        var: [1.77322555511e-12, 5.22702237049e-08, 6.93239243788e-08, 8.83197230905e-08, 6.37670609649e-07, 2.79323408847e-08, 8.2148901015e-09, 3.195033349e-09, 8.99909657903e-09, 8.72593197698e-09, 1.13265796742e-08, 6.74609657025e-09, 4.48894921234e-09, 2.64103654501e-08, 1.0568343356e-07, 8.32067499346e-08, 4.08864423207e-07, 1.22659514545e-07, 1.15089505925e-07, 1.04073961893e-07, 1.00367012479e-08, 7.45849781936e-09, 4.43850442511e-11, 2.66995071885e-11, 1.32604571854e-12, 7.54463469306e-16, 8.55044243186e-19]
    mfcc:
        mean: [-813.615722656, 161.450881958, -35.2143173218, 63.6266517639, 10.6014118195, 11.8128833771, 6.47102642059, -0.550088405609, 9.98770523071, -12.5832014084, -5.69148015976, -11.4050645828, -5.901491642]
        cov: [[25131.8535156, -8448.7890625, -4617.93554688, -576.993103027, -1090.09130859, -958.788085938, -734.003601074, 901.295166016, -1234.11254883, 1387.17297363, -526.630859375, 555.08013916, -536.630371094], [-8448.7890625, 3548.40576172, 1227.38354492, 120.454551697, 435.950164795, 396.364990234, 207.002822876, -239.767578125, 449.689788818, -508.37310791, 127.109573364, -250.890609741, 219.866958618], [-4617.93554688, 1227.38354492, 1560.98474121, 186.680328369, 153.756759644, 142.667938232, 190.568511963, -343.52947998, 213.224594116, -240.915481567, 164.339080811, -99.9148712158, 77.9722595215], [-576.993103027, 120.454551697, 186.680328369, 138.843902588, 32.1065750122, 11.3881511688, 31.7390155792, -27.5607070923, 15.6328248978, -22.2939777374, 36.0291481018, 13.9643936157, 4.2205619812], [-1090.09130859, 435.950164795, 153.756759644, 32.1065750122, 116.488853455, 56.5811729431, 39.4052696228, -37.6906433105, 72.6633758545, -74.2994384766, 23.8665599823, -26.9573307037, 28.7610721588], [-958.788085938, 396.364990234, 142.667938232, 11.3881511688, 56.5811729431, 97.4063949585, 35.0255737305, -18.9245090485, 52.0115089417, -56.1946334839, 8.04765892029, -33.0319404602, 23.7999515533], [-734.003601074, 207.002822876, 190.568511963, 31.7390155792, 39.4052696228, 35.0255737305, 82.2090606689, -28.6967258453, 54.8002700806, -40.2816352844, 31.2403430939, -9.98825836182, 14.5722913742], [901.295166016, -239.767578125, -343.52947998, -27.5607070923, -37.6906433105, -18.9245090485, -28.6967258453, 142.683044434, -39.0152626038, 60.373966217, -40.1337623596, 31.0340557098, -10.1343984604], [-1234.11254883, 449.689788818, 213.224594116, 15.6328248978, 72.6633758545, 52.0115089417, 54.8002700806, -39.0152626038, 132.730285645, -67.8846511841, 35.5053520203, -35.1353569031, 29.5943508148], [1387.17297363, -508.37310791, -240.915481567, -22.2939777374, -74.2994384766, -56.1946334839, -40.2816352844, 60.373966217, -67.8846511841, 125.97479248, -18.7669334412, 43.147644043, -27.7390842438], [-526.630859375, 127.109573364, 164.339080811, 36.0291481018, 23.8665599823, 8.04765892029, 31.2403430939, -40.1337623596, 35.5053520203, -18.7669334412, 66.7545547485, 10.5848712921, 11.1274871826], [555.08013916, -250.890609741, -99.9148712158, 13.9643936157, -26.9573307037, -33.0319404602, -9.98825836182, 31.0340557098, -35.1353569031, 43.147644043, 10.5848712921, 69.3783187866, 3.93683958054], [-536.630371094, 219.866958618, 77.9722595215, 4.2205619812, 28.7610721588, 23.7999515533, 14.5722913742, -10.1343984604, 29.5943508148, -27.7390842438, 11.1274871826, 3.93683958054, 54.4264144897]]
        icov: [[0.000479956943309, 0.000756828056183, 0.000691813009325, 0.000170493527548, -1.1405792975e-05, 5.75169324293e-05, 6.76086274325e-05, 0.000425352220191, 0.00046409771312, -0.000960402889177, 0.000191161016119, 0.000510416866746, -0.00010530052532], [0.000756828056183, 0.00270596588962, 0.000919700483792, -0.000134069457999, -0.00106437969953, -0.00192963262089, 0.00128440035041, -0.000123874997371, -0.000442683900474, 0.00110789295286, -0.000928389490582, 0.00338773336262, -0.00298694078811], [0.000691813009325, 0.000919700483792, 0.00359015609138, -0.0016213201452, 0.0020118735265, -0.000755820481572, -0.00220243656076, 0.00494898296893, 0.000102936348412, -0.000626303779427, -0.0011735195294, 0.00187893072143, -0.00140441674739], [0.000170493527548, -0.000134069457999, -0.0016213201452, 0.0110412277281, -0.0035161676351, 0.00105184677523, -0.000888447510079, -0.0021636383608, 0.00250672642142, -0.00092084670905, -0.00161709473468, -0.00455562258139, 0.00375005812384], [-1.1405792975e-05, -0.00106437969953, 0.0020118735265, -0.0035161676351, 0.0204163193703, -0.00354666006751, -0.00202082609758, 0.003651361214, -0.00455792853609, 0.00445979228243, -0.000814005266875, -0.000706976803485, -0.00147025648039], [5.75169324293e-05, -0.00192963262089, -0.000755820481572, 0.00105184677523, -0.00354666006751, 0.0213644132018, -0.00442397547886, -0.00266293715686, 0.00165086088236, -0.00177765544504, 0.00286309188232, 0.00211201305501, 4.21671393269e-05], [6.76086274325e-05, 0.00128440035041, -0.00220243656076, -0.000888447510079, -0.00202082609758, -0.00442397547886, 0.0229800753295, -0.0039253719151, -0.00559229729697, 0.00278410711326, -0.00403091590852, -0.000673753733281, 0.000153522458277], [0.000425352220191, -0.000123874997371, 0.00494898296893, -0.0021636383608, 0.003651361214, -0.00266293715686, -0.0039253719151, 0.0192316100001, -0.00171222013887, -0.00436377245933, 0.00542589416727, -0.00426040263847, -0.00045519383275], [0.00046409771312, -0.000442683900474, 0.000102936348412, 0.00250672642142, -0.00455792853609, 0.00165086088236, -0.00559229729697, -0.00171222013887, 0.0184492412955, -0.00187288364395, -0.00492161512375, 0.0046454668045, -0.00142859574407], [-0.000960402889177, 0.00110789295286, -0.000626303779427, -0.00092084670905, 0.00445979228243, -0.00177765544504, 0.00278410711326, -0.00436377245933, -0.00187288364395, 0.024997016415, -0.00446672085673, -0.00152444455307, -0.00133168615866], [0.000191161016119, -0.000928389490582, -0.0011735195294, -0.00161709473468, -0.000814005266875, 0.00286309188232, -0.00403091590852, 0.00542589416727, -0.00492161512375, -0.00446672085673, 0.0298333466053, -0.0127008762211, 0.00392843177542], [0.000510416866746, 0.00338773336262, 0.00187893072143, -0.00455562258139, -0.000706976803485, 0.00211201305501, -0.000673753733281, -0.00426040263847, 0.0046454668045, -0.00152444455307, -0.0127008762211, 0.0348546952009, -0.0153816537932], [-0.00010530052532, -0.00298694078811, -0.00140441674739, 0.00375005812384, -0.00147025648039, 4.21671393269e-05, 0.000153522458277, -0.00045519383275, -0.00142859574407, -0.00133168615866, 0.00392843177542, -0.0153816537932, 0.0321629270911]]
    spectral_contrast:
        mean: [3.36017734526e-07, 2.04145052862e-07, 2.30899004805e-07, 1.5746250881e-07, 4.9889138154e-07, -5.82594026355e-08, 5.44478780284e-06, 4.3127824938e-06, 3.16158150326e-07, -1.53999360464e-06, 3.79151771313e-07, -1.49673883243e-06]
        var: [0.000298357801512, 0.000516242813319, 0.000773098203354, 0.00132529006805, 0.0015630251728, 0.00296461605467, 0.0450478084385, 0.0737527012825, 0.140050679445, 0.272712439299, 0.523133397102, 12.2697677612]

rhythm:
    beats_loudness:
        dmean: 0.00123554107267
        dmean2: 0.00180694996379
        dvar: 1.10085818505e-06
        dvar2: 3.00785472973e-06
        max: 0.00986680854112
        mean: 0.00376702146605
        min: 0.000610848655924
        var: 1.00549304989e-05
    beats_loudness_bass:
        dmean: 0.0923665165901
        dmean2: 0.124511376023
        dvar: 0.00466565974057
        dvar2: 0.0108107924461
        max: 0.800363302231
        mean: 0.362771213055
        min: 0.0794460698962
        var: 0.0492364652455
    bpm: 113.151168823
    bpm_confidence: 0
    first_peak_bpm: 112
    first_peak_spread: 0.375
    first_peak_weight: 0.588235318661
    onset_rate: 2.99072289467
    second_peak_bpm: 95
    second_peak_spread: 0
    second_peak_weight: 0.0588235296309
    beats_position: [0.557530224323, 1.0910859108, 1.62464177608, 2.15819764137, 2.69175338745, 3.22530913353, 3.75886511803, 4.29242086411, 4.8259768486, 5.35953235626, 5.89308834076, 6.52763462067, 7.05464839935, 7.58166217804, 8.10867595673, 8.63568973541, 9.1627035141, 9.68971824646]
    bpm_estimates: [112.551078796, 112.355308533, 113.984741211, 113.713569641]
    bpm_intervals: [0.533555686474, 0.533555865288, 0.533555865288, 0.533555746078, 0.533555746078, 0.533555984497, 0.533555746078, 0.533555984497, 0.53355550766, 0.533555984497, 0.634546279907, 0.527013778687, 0.527013778687, 0.527013778687, 0.527013778687, 0.527013778687, 0.527014732361]
    onset_times: [0.0464399084449, 0.406349211931, 1.50929701328, 2.00852608681, 2.73995471001, 3.41333341599, 3.45977330208, 4.45823144913, 5.66566896439, 5.97913837433, 6.26938772202, 6.5596370697, 6.6989569664, 6.96598625183, 7.07047605515, 7.14013624191, 7.30267572403, 7.54648542404, 7.70902490616, 7.90639448166, 7.98766422272, 8.08054447174, 8.20825386047, 8.34757328033, 8.70748329163, 8.85841274261, 9.12544250488, 9.35764217377, 9.64789104462, 9.78721046448]
    rubato_start: []
    rubato_stop: []
    perceptual_tempo: "unknown"

sfx:
    inharmonicity:
        dmean: 0.0371957197785
        dmean2: 0.0659471005201
        dvar: 0.00282201101072
        dvar2: 0.00757853779942
        max: 0.379936486483
        mean: 0.0400992073119
        min: 3.60903663932e-06
        var: 0.00355811370537
    oddtoevenharmonicenergyratio:
        dmean: 3.58729791641
        dmean2: 6.97787666321
        dvar: 700.438659668
        dvar2: 2094.4597168
        max: 371.329925537
        mean: 2.03324961662
        min: 6.86789144311e-06
        var: 353.884368896
    pitch_after_max_to_before_max_energy_ratio: 9.03980064392
    pitch_centroid: 158.629684448
    pitch_max_to_total: 0.0578703694046
    pitch_min_to_total: 0.949074089527
    tristimulus:
        dmean: [0.206074818969, 0.221076905727, 0.0949838906527]
        dmean2: [0.368559122086, 0.395817130804, 0.168108388782]
        dvar: [0.0341835208237, 0.0398113317788, 0.0159155149013]
        dvar2: [0.0834173709154, 0.0960363224149, 0.0477282851934]
        max: [0.995192408562, 0.955790758133, 0.584405720234]
        mean: [0.552373051643, 0.315201789141, 0.0987718701363]
        min: [0.0399807021022, 0, 0]
        var: [0.0751763880253, 0.0549059547484, 0.0191405881196]

tonal:
    chords_changes_rate: 0.037037037313
    chords_number_rate: 0.0185185186565
    chords_strength:
        dmean: 0.00679991859943
        dmean2: 0.00739100435749
        dvar: 2.7576174034e-05
        dvar2: 4.34334469901e-05
        max: 0.64708083868
        mean: 0.47452673316
        min: 0.277960211039
        var: 0.0098802857101
    key_strength: 0.683952450752
    tuning_diatonic_strength: 0.567320287228
    tuning_equal_tempered_deviation: 0.166201665998
    tuning_frequency: 441.272583008
    tuning_nontempered_energy_ratio: 0.786501526833
    hpcp:
        dmean: [0.117197863758, 0.126359939575, 0.103724829853, 0.084234751761, 0.098425604403, 0.179266661406, 0.179501950741, 0.123737245798, 0.0826670378447, 0.0600529015064, 0.0630865618587, 0.0413374342024, 0.0375459194183, 0.0915359407663, 0.163589298725, 0.124339036644, 0.116470247507, 0.163937613368, 0.246618166566, 0.278481245041, 0.234427437186, 0.227423682809, 0.212139159441, 0.151220723987, 0.0940797775984, 0.0592724829912, 0.0600589960814, 0.0864894613624, 0.0820780023932, 0.0993609428406, 0.0850508511066, 0.0836535021663, 0.0894374325871, 0.0834446325898, 0.0970754027367, 0.133479461074]
        dmean2: [0.197261288762, 0.219546630979, 0.185545668006, 0.14951607585, 0.172923848033, 0.29741948843, 0.294102489948, 0.212566256523, 0.144104301929, 0.0964994132519, 0.10781006515, 0.0742649137974, 0.0640975013375, 0.149075329304, 0.264061957598, 0.203250586987, 0.215111583471, 0.298007577658, 0.465517491102, 0.530965387821, 0.413455665112, 0.382523983717, 0.376499950886, 0.29202401638, 0.175433203578, 0.106372460723, 0.100270465016, 0.143357947469, 0.142782017589, 0.166261523962, 0.156886696815, 0.147212505341, 0.143928363919, 0.138887345791, 0.173752591014, 0.226065173745]
        dvar: [0.0299354102463, 0.0331535376608, 0.027948172763, 0.0236409250647, 0.0170344058424, 0.0346068367362, 0.028920404613, 0.0252474881709, 0.0159443113953, 0.0127443112433, 0.0171855967492, 0.00415240367875, 0.00468166684732, 0.0180397164077, 0.0460802838206, 0.0349531136453, 0.0421957671642, 0.0448455624282, 0.0803314223886, 0.0934934690595, 0.0629009157419, 0.0473396033049, 0.0492649711668, 0.0536400824785, 0.0377038940787, 0.0140437940136, 0.00789425894618, 0.017926832661, 0.0267930291593, 0.0350073315203, 0.0403503589332, 0.0232387781143, 0.0288604032248, 0.0240626949817, 0.0239462833852, 0.0356936864555]
        dvar2: [0.0729816630483, 0.0855873376131, 0.0796981155872, 0.0678565353155, 0.0443008467555, 0.0875130966306, 0.0729551464319, 0.0694399625063, 0.0469430200756, 0.0283686220646, 0.0479558780789, 0.0117498999462, 0.00902543310076, 0.039260994643, 0.107305541635, 0.0777434557676, 0.110176481307, 0.115957677364, 0.234313890338, 0.277248680592, 0.172327160835, 0.128771781921, 0.156444057822, 0.153474003077, 0.10903339088, 0.0374969989061, 0.0183198004961, 0.0422795787454, 0.0787699073553, 0.0998621359468, 0.103790901601, 0.0751736536622, 0.0798312202096, 0.0663061961532, 0.0761820822954, 0.101207822561]
        max: [1, 1, 1, 1, 0.686688005924, 1, 1, 1, 1, 1, 0.970995128155, 0.420418232679, 0.77665501833, 1, 1, 1, 1, 1, 1, 1, 1, 1, 1, 1, 1, 0.626709222794, 0.582812130451, 1, 1, 1, 1, 1, 1, 0.996451318264, 0.88819861412, 1]
        mean: [0.171723157167, 0.140865579247, 0.115743629634, 0.0832542777061, 0.107760429382, 0.267531871796, 0.338489353657, 0.190783038735, 0.108193717897, 0.111619226635, 0.0841469913721, 0.0578594468534, 0.0599966756999, 0.141232982278, 0.228000178933, 0.188747748733, 0.140293285251, 0.189901188016, 0.226326957345, 0.282172173262, 0.498903661966, 0.504541575909, 0.249984815717, 0.112870298326, 0.0753310993314, 0.0639350935817, 0.0941515937448, 0.128443598747, 0.118202678859, 0.21750177443, 0.264811843634, 0.153604000807, 0.136024460196, 0.127479657531, 0.124426804483, 0.18016821146]
        min: [2.10669350054e-05, 1.3705690435e-05, 1.47783730426e-05, 3.49305605596e-06, 2.00887425308e-05, 0.000486333941808, 0.00131534528919, 0.000294230063446, 6.57892042e-06, 1.28877736643e-05, 1.79413909791e-05, 1.56112546392e-05, 1.34880219775e-05, 5.52977835468e-05, 5.64882502658e-05, 5.07861332153e-05, 2.73413279501e-05, 2.62073772319e-05, 2.61068089458e-05, 0.000155799934873, 9.82588753686e-05, 0.000106370127469, 7.98172986833e-05, 8.87409623829e-06, 1.04773998828e-05, 8.22004039946e-06, 2.55479881162e-05, 2.58755317191e-05, 9.97794268187e-06, 9.11425559025e-06, 9.2345117082e-06, 4.36865302618e-05, 6.29613350611e-05, 3.99496784667e-05, 5.16545478604e-05, 2.29064098676e-05]
        var: [0.0543616861105, 0.0405493415892, 0.0375215709209, 0.0214036814868, 0.0169461537153, 0.0542878843844, 0.0699990913272, 0.037304520607, 0.0274301860482, 0.0407672971487, 0.0245749503374, 0.00653605861589, 0.00713632116094, 0.0348116718233, 0.0836523026228, 0.0613824091852, 0.047526050359, 0.0510898269713, 0.0690391138196, 0.091419570148, 0.135267421603, 0.113734677434, 0.048002127558, 0.0340592004359, 0.023189721629, 0.0107600055635, 0.0132363913581, 0.0311788003892, 0.0307093579322, 0.110255673528, 0.157532379031, 0.0460305064917, 0.0358696952462, 0.0305840242654, 0.0252631083131, 0.0548785664141]
    chords_histogram: [46.296295166, 0, 0, 0, 0, 0, 0, 38.8888893127, 0, 0, 4.16666650772, 0, 0, 0, 0, 0, 0, 10.1851854324, 0, 0, 0, 0, 0, 0.462962955236]
    thpcp: [1, 0.495469212532, 0.223708614707, 0.149306029081, 0.126719176769, 0.186608195305, 0.254574865103, 0.234277382493, 0.431087911129, 0.524856328964, 0.304442703724, 0.269600093365, 0.252664327621, 0.246613577008, 0.357092887163, 0.340354830027, 0.279195189476, 0.229403555393, 0.165009751916, 0.213580876589, 0.530247449875, 0.67088496685, 0.378131449223, 0.21443964541, 0.22122900188, 0.166779100895, 0.114677265286, 0.118913240731, 0.279923379421, 0.451895713806, 0.374097526073, 0.278060913086, 0.376383632421, 0.448579400778, 0.559264481068, 0.988825678825]
    chords_key: "E"
    chords_scale: "minor"
    key_key: "E"
    key_scale: "minor"
    chords_progression: ["C", "Em", "Em", "Em", "Em", "Em", "Em", "Em", "Em", "Em", "Em", "Em", "Em", "Em", "Em", "Em", "Em", "Em", "Em", "Em", "Em", "Em", "Em", "Em", "Em", "Em", "Em", "Em", "Em", "Em", "Em", "Em", "Em", "Em", "Em", "Em", "Em", "Em", "Em", "Em", "Em", "Em", "Em", "Em", "Em", "Em", "Em", "Em", "Em", "Em", "Em", "Em", "Em", "Em", "Em", "Em", "Em", "Em", "Em", "Em", "Em", "Em", "Em", "Em", "Em", "Em", "Em", "Em", "Em", "Em", "Em", "Em", "Em", "Em", "Em", "Em", "Em", "Em", "Em", "Em", "Em", "Em", "Em", "Em", "Em", "E", "E", "E", "E", "E", "E", "E", "E", "E", "E", "E", "E", "E", "E", "E", "E", "E", "E", "D#", "D#", "D#", "D#", "D#", "D#", "D#", "D#", "D#", "D#", "D#", "D#", "D#", "D#", "D#", "D#", "D#", "D#", "D#", "D#", "D#", "D#", "D#m", "D#m", "D#m", "D#m", "D#m", "D#m", "D#m", "D#m", "D#m", "Em", "Em", "Em", "Em", "Em", "Em", "E", "Em", "Em", "Em", "Em", "Em", "Em", "Em", "Em", "Em", "Em", "E", "E", "E", "E", "E", "E", "E", "E", "E", "E", "E", "E", "E", "E", "E", "E", "E", "E", "E", "E", "E", "E", "E", "E", "E", "E", "E", "E", "E", "E", "E", "E", "E", "E", "E", "E", "E", "E", "E", "E", "E", "E", "E", "E", "E", "E", "E", "E", "E", "E", "E", "E", "E", "E", "E", "E", "E", "E", "E", "E", "E", "E", "E", "E", "E"]
