
metadata:
    version:
        essentia: "1.2.2"
    audio_properties:
        analysis_sample_rate: 44100
        bitrate: 128
        channels: 2
        equal_loudness: 1
        length: 9.97877597809
        replay_gain: -4.68858146667
        downmix: "mix"
    tags:
        track: 3
        year: 0
        album: "Splitted by Mp3Splt v. 2.1"
        artist: "From 000.20 To 000.30"
        comment: "http://mp3splt.sf.net"
        genre: ""
        title: "08 Nothing Gets Crossed Out.mp"

highlevel:
    ballroom:
        all:
            ChaChaCha: 0.00448019616306
            Jive: 0.00859807059169
            Quickstep: 0.145703062415
            Rumba-American: 0.00565066421404
            Rumba-International: 0.149809658527
            Rumba-Misc: 0.14704990387
            Samba: 0.0134897306561
            Tango: 0.00415850011632
            VienneseWaltz: 0.148548081517
            Waltz: 0.372512131929
        probability: 0.372512131929
        value: "Waltz"
    culture:
        all:
            non_western: 0.474194437265
            western: 0.525805592537
        probability: 0.525805592537
        value: "western"
    gender:
        all:
            female: 0.305922180414
            male: 0.694077849388
        probability: 0.694077849388
        value: "male"
    genre_dortmund:
        all:
            alternative: 0.106316953897
            blues: 0.0357507914305
            electronic: 0.00781240873039
            folkcountry: 0.592518687248
            funksoulrnb: 0.0365779288113
            jazz: 0.0480338297784
            pop: 0.0978619232774
            raphiphop: 0.0065330020152
            rock: 0.0685944780707
        probability: 0.592518687248
        value: "folkcountry"
    genre_electronica:
        all:
            ambient: 0.952154934406
            dnb: 0.0138096027076
            house: 0.0175987817347
            techno: 0.00556156458333
            trance: 0.0108751421794
        probability: 0.952154934406
        value: "ambient"
    genre_rosamerica:
        all:
            cla: 0.201232284307
            dan: 0.0371206589043
            hip: 0.0283247679472
            jaz: 0.183451995254
            pop: 0.171711534262
            rhy: 0.247077584267
            roc: 0.0217371378094
            spe: 0.109344027936
        probability: 0.247077584267
        value: "rhy"
    genre_tzanetakis:
        all:
            blu: 0.00459337513894
            cla: 0.0153916757554
            cou: 0.145361095667
            dis: 0.0190889220685
            hip: 0.0085924398154
            jaz: 0.0253992937505
            met: 0.0041580144316
            pop: 0.424750506878
            reg: 0.196635231376
            roc: 0.156029477715
        probability: 0.424750506878
        value: "pop"
    live_studio:
        all:
            live: 0.894683361053
            studio: 0.105316616595
        probability: 0.894683361053
        value: "live"
    mood:
        all:
            Cluster1: 0.0313251949847
            Cluster2: 0.0693484991789
            Cluster3: 0.800946772099
            Cluster4: 0.0580329224467
            Cluster5: 0.040346622467
        probability: 0.800946772099
        value: "Cluster3"
    mood_acoustic:
        all:
            acoustic: 0.958287894726
            not_acoustic: 0.041712090373
        probability: 0.958287894726
        value: "acoustic"
    mood_aggressive:
        all:
            aggressive: 0.0121456384659
            not_aggressive: 0.987854361534
        probability: 0.987854361534
        value: "not_aggressive"
    mood_electronic:
        all:
            electronic: 0.19344688952
            not_electronic: 0.806553125381
        probability: 0.806553125381
        value: "not_electronic"
    mood_happy:
        all:
            happy: 0.335830450058
            not_happy: 0.664169549942
        probability: 0.664169549942
        value: "not_happy"
    mood_party:
        all:
            not_party: 0.898879289627
            party: 0.101120710373
        probability: 0.898879289627
        value: "not_party"
    mood_relaxed:
        all:
            not_relaxed: 0.0103603433818
            relaxed: 0.989639639854
        probability: 0.989639639854
        value: "relaxed"
    mood_sad:
        all:
            not_sad: 0.25640720129
            sad: 0.74359279871
        probability: 0.74359279871
        value: "sad"
    rhythm:
        all:
            fast: 0.300055623055
            medium: 0.489429980516
            slow: 0.210514366627
        probability: 0.489429980516
        value: "medium"
    speech_music:
        all:
            music: 0.494199901819
            speech: 0.505800068378
        probability: 0.505800068378
        value: "speech"
    timbre:
        all:
            bright: 0.300211042166
            dark: 0.699788987637
        probability: 0.699788987637
        value: "dark"
    voice_instrumental:
        all:
            instrumental: 0.000583168817684
            voice: 0.999416828156
        probability: 0.999416828156
        value: "voice"

lowlevel:
    average_loudness: 0.972329974174
    barkbands_kurtosis:
        dmean: 4.04614162445
        dmean2: 6.14786481857
        dvar: 64.7302703857
        dvar2: 156.270263672
        max: 138.603866577
        mean: 8.56526565552
        min: -1.88919949532
        var: 183.771911621
    barkbands_skewness:
        dmean: 0.611277937889
        dmean2: 0.856582641602
        dvar: 0.44632011652
        dvar2: 0.7718116045
        max: 6.58552408218
        mean: 1.65959918499
        min: -10.5173063278
        var: 4.38976716995
    barkbands_spread:
        dmean: 4.35537862778
        dmean2: 6.40051651001
        dvar: 35.6126289368
        dvar2: 69.7266845703
        max: 79.9829177856
        mean: 15.2993793488
        min: 0.889990925789
        var: 181.695251465
    dissonance:
        dmean: 0.0298676323146
        dmean2: 0.048627063632
        dvar: 0.000831546843983
        dvar2: 0.00195696414448
        max: 0.498594969511
        mean: 0.416109532118
        min: 0.221507072449
        var: 0.00351847126149
    hfc:
        dmean: 0.892331421375
        dmean2: 1.2267563343
        dvar: 3.8675096035
        dvar2: 8.45635414124
        max: 35.8455314636
        mean: 2.63428115845
        min: 0.0912790969014
        var: 9.52991294861
    pitch:
        dmean: 368.581817627
        dmean2: 698.084350586
        dvar: 762012.6875
        dvar2: 1708262.5
        max: 5512.5
        mean: 712.631225586
        min: 66.315788269
        var: 1423490.75
    pitch_instantaneous_confidence:
        dmean: 0.0915511474013
        dmean2: 0.149841591716
        dvar: 0.00650046207011
        dvar2: 0.0158347878605
        max: 0.937760710716
        mean: 0.54693621397
        min: 0.173379004002
        var: 0.0197676289827
    pitch_salience:
        dmean: 0.0658351927996
        dmean2: 0.106900267303
        dvar: 0.00344001525082
        dvar2: 0.00750568509102
        max: 0.865257918835
        mean: 0.589392662048
        min: 0.326939254999
        var: 0.0125497598201
    silence_rate_20dB:
        dmean: 0
        dmean2: 0
        dvar: 0
        dvar2: 0
        max: 1
        mean: 1
        min: 1
        var: 0
    silence_rate_30dB:
        dmean: 0
        dmean2: 0
        dvar: 0
        dvar2: 0
        max: 1
        mean: 1
        min: 1
        var: 0
    silence_rate_60dB:
        dmean: 0.139860138297
        dmean2: 0.280373841524
        dvar: 0.120299935341
        dvar2: 0.234475791454
        max: 1
        mean: 0.555813968182
        min: 0
        var: 0.246885225177
    spectral_centroid:
        dmean: 198.296951294
        dmean2: 268.639099121
        dvar: 137402.109375
        dvar2: 183627.625
        max: 5610.73779297
        mean: 1019.02563477
        min: 286.913879395
        var: 869971.0625
    spectral_complexity:
        dmean: 1.35128808022
        dmean2: 1.93192493916
        dvar: 2.14826607704
        dvar2: 4.04466438293
        max: 17
        mean: 5.72196245193
        min: 0
        var: 10.0325164795
    spectral_crest:
        dmean: 2.50072216988
        dmean2: 3.94922566414
        dvar: 4.79214477539
        dvar2: 11.4714355469
        max: 23.5818977356
        mean: 11.485329628
        min: 3.4495716095
        var: 18.7002773285
    spectral_decrease:
        dmean: 2.41700937043e-10
        dmean2: 3.37310068765e-10
        dvar: 8.24471725294e-20
        dvar2: 1.59882457727e-19
        max: -3.51405848864e-11
        mean: -8.35157110135e-10
        min: -4.39413438968e-09
        var: 4.8171633284e-19
    spectral_energy:
        dmean: 0.00098362902645
        dmean2: 0.00137085129973
        dvar: 1.34633751259e-06
        dvar2: 2.6514160254e-06
        max: 0.0176817197353
        mean: 0.00339101324789
        min: 0.000157618269441
        var: 7.48441971155e-06
    spectral_energyband_high:
        dmean: 4.58021786471e-05
        dmean2: 6.86906641931e-05
        dvar: 3.64640193595e-08
        dvar2: 8.19267285124e-08
        max: 0.00319169135764
        mean: 7.48825477785e-05
        min: 2.28673798119e-07
        var: 7.65896928101e-08
    spectral_energyband_low:
        dmean: 2.0518369638e-05
        dmean2: 3.11286203214e-05
        dvar: 7.65863039653e-10
        dvar2: 1.97072114183e-09
        max: 0.000402060803026
        mean: 7.07965518814e-05
        min: 9.14591637979e-08
        var: 4.65166305474e-09
    spectral_energyband_middle_high:
        dmean: 0.000198120469577
        dmean2: 0.000266038900008
        dvar: 2.50705198823e-07
        dvar2: 5.526352993e-07
        max: 0.0104619963095
        mean: 0.000549845863134
        min: 1.87611876754e-05
        var: 6.99187012287e-07
    spectral_energyband_middle_low:
        dmean: 0.000841164845042
        dmean2: 0.00118632928934
        dvar: 1.18055527309e-06
        dvar2: 2.24810810323e-06
        max: 0.0151558183134
        mean: 0.00269548944198
        min: 1.99547557713e-05
        var: 6.74250213706e-06
    spectral_flatness_db:
        dmean: 0.0223997980356
        dmean2: 0.0317955501378
        dvar: 0.000414764712332
        dvar2: 0.000824520364404
        max: 0.389728426933
        mean: 0.230515420437
        min: 0.0921247750521
        var: 0.00276187574491
    spectral_flux:
        dmean: 0.00732944905758
        dmean2: 0.0115678245202
        dvar: 5.28156342625e-05
        dvar2: 0.000120291209896
        max: 0.0825600102544
        mean: 0.0252603497356
        min: 0.00489826919511
        var: 0.000145317884744
    spectral_kurtosis:
        dmean: 2.47777986526
        dmean2: 3.75104093552
        dvar: 7.98437213898
        dvar2: 20.4899082184
        max: 45.1758880615
        mean: 9.72458076477
        min: -0.965241909027
        var: 31.7198009491
    spectral_rms:
        dmean: 0.000267030671239
        dmean2: 0.000355800293619
        dvar: 6.79692462313e-08
        dvar2: 1.22041498685e-07
        max: 0.00415336713195
        mean: 0.00167635641992
        min: 0.000392140180338
        var: 4.98134284044e-07
    spectral_rolloff:
        dmean: 376.200531006
        dmean2: 559.559814453
        dvar: 485946.1875
        dvar2: 773579.25
        max: 8979.34570312
        mean: 1571.62280273
        min: 279.931640625
        var: 2516989.25
    spectral_skewness:
        dmean: 0.289098381996
        dmean2: 0.419402837753
        dvar: 0.0872922688723
        dvar2: 0.173479497433
        max: 5.21464490891
        mean: 2.48493170738
        min: -0.0323809422553
        var: 0.729299664497
    spectral_spread:
        dmean: 714513.6875
        dmean2: 972469.9375
        dvar: 709986091008
        dvar2: 1.1246927872e+12
        max: 13371232
        mean: 4650092.5
        min: 1462611.25
        var: 4.46148168909e+12
    spectral_strongpeak:
        dmean: 0.246132522821
        dmean2: 0.406117409468
        dvar: 0.109059542418
        dvar2: 0.262966245413
        max: 3.58223700523
        mean: 0.599257707596
        min: 0.0131008485332
        var: 0.340916603804
    zerocrossingrate:
        dmean: 0.00979993026704
        dmean2: 0.00917418580502
        dvar: 0.000186392993783
        dvar2: 0.000146508100443
        max: 0.2578125
        mean: 0.0584830865264
        min: 0.01220703125
        var: 0.0021942560561
    barkbands:
        dmean: [1.43817535658e-09, 9.40529389482e-07, 2.00551312446e-05, 6.7996668804e-05, 0.00029988391907, 0.000450083025498, 0.000219223453314, 0.000122797806398, 4.23139208579e-05, 2.66080915026e-05, 2.46038434852e-05, 2.56281200564e-05, 2.13275197893e-05, 1.28935407702e-05, 1.19004635053e-05, 1.85219487321e-05, 2.68951935141e-05, 5.62561799597e-05, 6.5327512857e-05, 3.7793401134e-05, 1.27259263536e-05, 1.61837178894e-05, 2.99673320114e-06, 2.42473356593e-06, 2.08743585972e-06, 9.48325293848e-08, 1.88394536083e-10]
        dmean2: [2.58685517451e-09, 1.4144142142e-06, 3.06139372697e-05, 0.000106813356979, 0.000443152326625, 0.000643195584416, 0.000310921779601, 0.000176849614945, 6.37026823824e-05, 3.86634419556e-05, 3.83603728551e-05, 3.61485035683e-05, 2.88988539978e-05, 1.95463835553e-05, 1.97628833121e-05, 2.74683025054e-05, 3.9995105908e-05, 8.27191979624e-05, 9.43115010159e-05, 5.97828548052e-05, 1.9572004021e-05, 2.32109869103e-05, 4.33990408055e-06, 2.88798514703e-06, 2.97523843074e-06, 1.245797705e-07, 3.34893002218e-10]
        dvar: [5.56779199417e-18, 2.88950265624e-12, 7.49400763667e-10, 1.1065480976e-08, 2.71162235777e-07, 4.37536868958e-07, 1.24767112197e-07, 1.16182910403e-07, 6.94265667178e-09, 2.87025292423e-09, 3.65307095684e-09, 4.46907444385e-09, 5.11752373811e-09, 1.3783738595e-09, 5.42201894493e-10, 1.13699683002e-09, 2.717092773e-09, 3.06178264964e-08, 2.04369683843e-07, 2.69500599615e-08, 2.25512142293e-09, 9.80522951721e-09, 1.7747427139e-10, 9.59366822095e-11, 5.63841612289e-11, 1.11737205046e-13, 9.75098019042e-20]
        dvar2: [1.75428001089e-17, 5.6363806851e-12, 1.90966109592e-09, 2.95418818297e-08, 7.12464611752e-07, 9.03928537355e-07, 2.31552974128e-07, 2.48116776902e-07, 1.34701938492e-08, 6.3064935496e-09, 8.76316441634e-09, 8.16086487276e-09, 8.78957440165e-09, 3.02038483113e-09, 1.12802678309e-09, 2.01181515891e-09, 4.78167683227e-09, 5.30461221615e-08, 4.88327373205e-07, 6.71519160278e-08, 4.59555238308e-09, 2.20425437902e-08, 3.65981411843e-10, 1.65300995114e-10, 1.063776775e-10, 1.59121359752e-13, 2.29700766577e-19]
        max: [2.46396716364e-08, 2.67864725174e-05, 0.000401262397645, 0.00123559939675, 0.00686567183584, 0.00978229008615, 0.00408860947937, 0.00352766155265, 0.00140157272108, 0.000722957425751, 0.00104540004395, 0.000888027600013, 0.00113955326378, 0.000626307039056, 0.000317142606946, 0.00060567795299, 0.000916723744012, 0.00314129353501, 0.00932826753706, 0.00184362928849, 0.00056747160852, 0.00216292636469, 0.000189993676031, 0.000143412224133, 0.000114834838314, 4.51883215646e-06, 3.43507422507e-09]
        mean: [1.42468414843e-09, 2.39181326833e-06, 6.84039114276e-05, 0.000147615923197, 0.000620373757556, 0.00114268250763, 0.000500753405504, 0.000196649794816, 7.60785696912e-05, 5.27811098436e-05, 4.11593973695e-05, 4.42541822849e-05, 3.48444809788e-05, 2.02039973374e-05, 2.2377973437e-05, 5.11557336722e-05, 7.16633876436e-05, 0.000106508698082, 8.73428507475e-05, 4.71843341074e-05, 2.08836154343e-05, 2.35710194829e-05, 4.42852933702e-06, 4.00414364776e-06, 3.55136216967e-06, 1.49756559154e-07, 1.84896889466e-10]
        min: [1.58030446368e-12, 5.77974779148e-09, 2.39190200979e-09, 1.83558171329e-07, 1.99785176846e-06, 4.18836953031e-06, 6.26921746516e-07, 2.37268139358e-07, 5.80141943374e-07, 9.46886018482e-08, 1.41523969432e-07, 1.34259778406e-07, 9.06299248982e-08, 4.50437426025e-07, 6.19055697371e-07, 7.51841866986e-07, 9.25287395148e-07, 1.57149668212e-06, 2.88035266749e-07, 3.44137674801e-07, 4.92790142026e-10, 2.08201083041e-08, 3.31849658863e-09, 3.6247507218e-09, 3.0965510156e-09, 2.15268955439e-10, 6.47962640574e-13]
        var: [5.11896710252e-18, 2.08790831846e-11, 4.60383597911e-09, 4.72290793141e-08, 7.37316554478e-07, 2.82157429865e-06, 4.54804137462e-07, 2.24981846486e-07, 2.03493826234e-08, 9.98213778303e-09, 6.82793066531e-09, 1.15436202819e-08, 1.38127651539e-08, 2.27926033602e-09, 1.3374460428e-09, 6.20673601404e-09, 1.94404350395e-08, 6.67294557388e-08, 2.77080289379e-07, 2.52090455177e-08, 5.23116749918e-09, 1.92193976289e-08, 3.30028476769e-10, 2.47945358689e-10, 1.57323459815e-10, 2.9654943323e-13, 9.60934166639e-20]
    mfcc:
        mean: [-801.732910156, 141.653213501, -34.5154342651, 31.1768856049, -1.80608701706, -37.3385620117, -16.7953720093, -21.1525917053, -18.8925495148, -17.2567577362, -16.2792606354, -10.5723800659, -5.96045207977]
        cov: [[1886.18188477, -680.357116699, 222.964584351, -202.930801392, -344.021575928, -4.77403306961, 38.3554420471, -76.0642089844, -27.6552391052, 27.5736904144, 95.7464141846, -40.1817321777, 61.3235244751], [-680.357116699, 2477.53198242, -115.700904846, -421.711242676, 51.7281036377, -422.597595215, 93.0781860352, 30.8021812439, -184.478179932, -55.8709182739, -156.810272217, -22.3876628876, 98.3385467529], [222.964584351, -115.700904846, 829.125793457, -167.246246338, -59.6174087524, 100.1118927, 7.73867988586, 15.7583713531, 60.0810203552, -9.51082897186, -77.2688522339, -24.0471744537, -3.10188651085], [-202.930801392, -421.711242676, -167.246246338, 604.641845703, 147.990783691, 102.081130981, -64.9329376221, -9.52673053741, 55.7550392151, 8.39646625519, 26.5656433105, -25.5896682739, -72.3713989258], [-344.021575928, 51.7281036377, -59.6174087524, 147.990783691, 318.215698242, 8.70390224457, -37.0711097717, 5.58112287521, 22.5155258179, 11.8540086746, -43.8709602356, 24.8007583618, -44.0168952942], [-4.77403306961, -422.597595215, 100.1118927, 102.081130981, 8.70390224457, 335.918823242, 0.38963752985, 34.85597229, 76.7895050049, 9.81400299072, 41.3991966248, -32.7025909424, -20.2930278778], [38.3554420471, 93.0781860352, 7.73867988586, -64.9329376221, -37.0711097717, 0.38963752985, 193.140151978, 22.6157894135, -23.1313037872, 20.0404052734, -1.94804596901, -19.3333053589, 8.92269802094], [-76.0642089844, 30.8021812439, 15.7583713531, -9.52673053741, 5.58112287521, 34.85597229, 22.6157894135, 114.831985474, 2.24586963654, -8.98716640472, -6.60348320007, -21.386095047, 13.1157178879], [-27.6552391052, -184.478179932, 60.0810203552, 55.7550392151, 22.5155258179, 76.7895050049, -23.1313037872, 2.24586963654, 138.349685669, -14.1286687851, -12.143576622, 13.1628780365, -26.1515617371], [27.5736904144, -55.8709182739, -9.51082897186, 8.39646625519, 11.8540086746, 9.81400299072, 20.0404052734, -8.98716640472, -14.1286687851, 107.90901947, 36.5425643921, -23.8577518463, -6.14784812927], [95.7464141846, -156.810272217, -77.2688522339, 26.5656433105, -43.8709602356, 41.3991966248, -1.94804596901, -6.60348320007, -12.143576622, 36.5425643921, 135.726669312, 5.14539003372, -2.95202207565], [-40.1817321777, -22.3876628876, -24.0471744537, -25.5896682739, 24.8007583618, -32.7025909424, -19.3333053589, -21.386095047, 13.1628780365, -23.8577518463, 5.14539003372, 102.333625793, 8.75032520294], [61.3235244751, 98.3385467529, -3.10188651085, -72.3713989258, -44.0168952942, -20.2930278778, 8.92269802094, 13.1157178879, -26.1515617371, -6.14784812927, -2.95202207565, 8.75032520294, 88.1445236206]]
        icov: [[0.000871484342497, 0.000342469022144, -0.000179730152013, 0.000249653472565, 0.000513069506269, 0.000394161994336, -0.000136878588819, 0.000580187537707, 9.29552334128e-05, 0.00014216665295, -0.000363914004993, 0.000620967242867, -0.000551581790205], [0.000342469022144, 0.000806593277957, 2.96061862173e-05, 0.000496617052704, -0.000197133616894, 0.000778513611294, -0.000235850879108, 0.000122359982925, 0.000362701684935, 0.000430873478763, 0.000184321499546, 0.000813762715552, -0.000579838000704], [-0.000179730152013, 2.96061862173e-05, 0.00159568723757, 0.000522865797393, 0.000151300875586, -0.000606208574027, 0.00016120095097, -0.000125258215121, -0.000411668530433, -0.000265953392955, 0.00123654294293, 0.00010959582869, 0.000405622558901], [0.000249653472565, 0.000496617052704, 0.000522865797393, 0.00271942978725, -0.00100529880729, -8.21730136522e-05, 0.000382292520953, 0.000420211988967, -0.000333274365403, 0.000552793499082, -0.000332306488417, 0.00151735753752, 0.000679213379044], [0.000513069506269, -0.000197133616894, 0.000151300875586, -0.00100529880729, 0.00506583042443, -0.000405788450735, 0.000639489851892, -0.000585278437939, 0.000214139174204, -0.0018782725092, 0.00207814457826, -0.00213300343603, 0.0017154419329], [0.000394161994336, 0.000778513611294, -0.000606208574027, -8.21730136522e-05, -0.000405788450735, 0.00506073888391, -0.000506783020683, -0.000796555308625, -0.00187182624359, 0.000694077461958, -0.00188505102415, 0.00218864833005, -0.000886628287844], [-0.000136878588819, -0.000235850879108, 0.00016120095097, 0.000382292520953, 0.000639489851892, -0.000506783020683, 0.0059165158309, -0.00119329313748, 0.000632380775642, -0.0014207692584, 0.000677265692502, 8.49102070788e-05, 0.000562001718208], [0.000580187537707, 0.000122359982925, -0.000125258215121, 0.000420211988967, -0.000585278437939, -0.000796555308625, -0.00119329313748, 0.0105339968577, -0.000258697546087, 0.00174935115501, -0.000526770134456, 0.00286450004205, -0.00237859576009], [9.29552334128e-05, 0.000362701684935, -0.000411668530433, -0.000333274365403, 0.000214139174204, -0.00187182624359, 0.000632380775642, -0.000258697546087, 0.00996606051922, 0.000560072716326, 0.00168708118144, -0.00206896406598, 0.00215081428178], [0.00014216665295, 0.000430873478763, -0.000265953392955, 0.000552793499082, -0.0018782725092, 0.000694077461958, -0.0014207692584, 0.00174935115501, 0.000560072716326, 0.0122364563867, -0.00402519991621, 0.00402971543372, -0.000544957176317], [-0.000363914004993, 0.000184321499546, 0.00123654294293, -0.000332306488417, 0.00207814457826, -0.00188505102415, 0.000677265692502, -0.000526770134456, 0.00168708118144, -0.00402519991621, 0.0112069705501, -0.00281388941221, 0.00130628515035], [0.000620967242867, 0.000813762715552, 0.00010959582869, 0.00151735753752, -0.00213300343603, 0.00218864833005, 8.49102070788e-05, 0.00286450004205, -0.00206896406598, 0.00402971543372, -0.00281388941221, 0.0140255782753, -0.00290568219498], [-0.000551581790205, -0.000579838000704, 0.000405622558901, 0.000679213379044, 0.0017154419329, -0.000886628287844, 0.000562001718208, -0.00237859576009, 0.00215081428178, -0.000544957176317, 0.00130628515035, -0.00290568219498, 0.0148294670507]]
    spectral_contrast:
        mean: [-1.95760520683e-07, 5.36337338986e-08, -2.25397471354e-07, -3.4181277897e-07, -2.28652751844e-07, -3.84366387607e-07, -3.4796212276e-06, 3.08816112238e-07, -3.97707799493e-06, -4.44249579346e-08, -1.1224612706e-07, 5.17362764185e-07]
        var: [0.000711558037437, 0.000974736176431, 0.00202875863761, 0.00221639545634, 0.0032425110694, 0.012908635661, 0.0869585648179, 0.143067568541, 0.324583172798, 0.51038056612, 0.611451864243, 1.18102431297]

rhythm:
    beats_loudness:
        dmean: 0.00309924269095
        dmean2: 0.00486933346838
        dvar: 7.24242772776e-06
        dvar2: 1.92095449165e-05
        max: 0.0121072689071
        mean: 0.00377651210874
        min: 0.000460296170786
        var: 1.10232194857e-05
    beats_loudness_bass:
        dmean: 0.0715154185891
        dmean2: 0.135679721832
        dvar: 0.00532378721982
        dvar2: 0.00890581682324
        max: 0.335482865572
        mean: 0.0828194394708
        min: 0.00113849330228
        var: 0.00970630720258
    bpm: 94.0092544556
    bpm_confidence: 0
    first_peak_bpm: 94
    first_peak_spread: 0
    first_peak_weight: 0.600000023842
    onset_rate: 4.20893335342
    second_peak_bpm: 101
    second_peak_spread: 0
    second_peak_weight: 0.333333343267
    beats_position: [0.142129555345, 0.780381381512, 1.41863322258, 2.05688500404, 2.69513678551, 3.33338856697, 3.97164034843, 4.60989236832, 5.24814414978, 5.88639593124, 6.62461805344, 7.21636629105, 7.80811500549, 8.3998632431, 8.99161148071, 9.58335971832]
    bpm_estimates: [94.6008529663, 93.417427063, 94.0095062256]
    bpm_intervals: [0.638251841068, 0.638251841068, 0.638251781464, 0.638251781464, 0.638251781464, 0.638251781464, 0.638252019882, 0.638251781464, 0.638251781464, 0.738222122192, 0.59174823761, 0.591748714447, 0.59174823761, 0.59174823761, 0.59174823761]
    onset_times: [0.0580498874187, 0.429569154978, 0.638548731804, 0.766258478165, 1.04489791393, 1.38158726692, 1.8575963974, 2.02013611794, 2.18267583847, 2.36843538284, 2.60063481331, 2.69351482391, 2.97215414047, 3.16952371597, 3.56426310539, 3.79646253586, 4.09832191467, 4.2492518425, 4.43501138687, 4.80653047562, 5.0967798233, 5.16644001007, 5.36380958557, 5.66566896439, 5.9094786644, 6.1068482399, 6.32743787766, 6.64090681076, 6.68734693527, 6.94276666641, 7.02403640747, 7.20979595184, 7.60453510284, 7.85995483398, 8.0224943161, 8.17342376709, 8.62621307373, 8.82358264923, 8.91646289825, 9.12544250488, 9.54340171814, 9.61306095123]
    rubato_start: []
    rubato_stop: []
    perceptual_tempo: "unknown"

sfx:
    inharmonicity:
        dmean: 0.0349336080253
        dmean2: 0.0630171895027
        dvar: 0.00212013768032
        dvar2: 0.00568335363641
        max: 0.313587993383
        mean: 0.0357925109565
        min: 0
        var: 0.00241103465669
    oddtoevenharmonicenergyratio:
        dmean: 10.6400566101
        dmean2: 20.65193367
        dvar: 1504.24182129
        dvar2: 4415.88916016
        max: 347.870788574
        mean: 6.30372667313
        min: 0
        var: 794.973876953
    pitch_after_max_to_before_max_energy_ratio: 15.3099098206
    pitch_centroid: 243.88331604
    pitch_max_to_total: 0.275700926781
    pitch_min_to_total: 0.556074738503
    tristimulus:
        dmean: [0.256991416216, 0.269290149212, 0.0781548768282]
        dmean2: [0.462983250618, 0.480417609215, 0.141919180751]
        dvar: [0.0590076036751, 0.0549529157579, 0.0136599531397]
        dvar2: [0.142023161054, 0.134482488036, 0.0398149043322]
        max: [1, 0.999368309975, 0.876685261726]
        mean: [0.42503502965, 0.466501742601, 0.0739361718297]
        min: [0.000534483813681, 0, 0]
        var: [0.0896554663777, 0.0832857042551, 0.0143408393487]

tonal:
    chords_changes_rate: 0.0790697708726
    chords_number_rate: 0.0232558138669
    chords_strength:
        dmean: 0.0129387872294
        dmean2: 0.0114288153127
        dvar: 8.32321602502e-05
        dvar2: 0.000101319841633
        max: 0.82182264328
        mean: 0.495797634125
        min: 0.297423481941
        var: 0.0206182077527
    key_strength: 0.551935791969
    tuning_diatonic_strength: 0.407023400068
    tuning_equal_tempered_deviation: 0.118844754994
    tuning_frequency: 440.254241943
    tuning_nontempered_energy_ratio: 0.807267427444
    hpcp:
        dmean: [0.162530452013, 0.13873487711, 0.112317278981, 0.101505942643, 0.0914414301515, 0.0754740908742, 0.087841078639, 0.0949318856001, 0.147176295519, 0.175765708089, 0.158045053482, 0.133430913091, 0.145590767264, 0.174081996083, 0.174116626382, 0.192670449615, 0.186007395387, 0.152779564261, 0.13213391602, 0.0975949391723, 0.0575476586819, 0.0550714731216, 0.0777775943279, 0.166524901986, 0.174398779869, 0.100956626236, 0.0627021491528, 0.0678432509303, 0.0821127220988, 0.113494902849, 0.119988203049, 0.0925222113729, 0.0888604596257, 0.0896980687976, 0.0989269390702, 0.115028001368]
        dmean2: [0.279278934002, 0.238159373403, 0.197241842747, 0.174938365817, 0.155983269215, 0.137179866433, 0.164931103587, 0.162413343787, 0.260758340359, 0.310140430927, 0.26119568944, 0.230425730348, 0.255791723728, 0.306611537933, 0.293277859688, 0.337634563446, 0.322486698627, 0.256483435631, 0.219837874174, 0.161739423871, 0.104056559503, 0.0983785614371, 0.129606321454, 0.28479513526, 0.304262965918, 0.168335840106, 0.102164521813, 0.114689417183, 0.139571487904, 0.198022976518, 0.204995557666, 0.149875223637, 0.156766191125, 0.15546707809, 0.171055838466, 0.198176294565]
        dvar: [0.0613648928702, 0.0435866005719, 0.030571654439, 0.0330417975783, 0.0329767614603, 0.0315253958106, 0.0395109690726, 0.0321711152792, 0.0586998946965, 0.05972289294, 0.0530608557165, 0.0418239347637, 0.0491900444031, 0.0550041012466, 0.0532783828676, 0.066036529839, 0.0477059669793, 0.0362956635654, 0.0413025282323, 0.0220038350672, 0.0140024246648, 0.0139984963462, 0.0169687177986, 0.0579539202154, 0.0576205030084, 0.0174666829407, 0.0135680362582, 0.015734994784, 0.0258109718561, 0.0393098816276, 0.0375718027353, 0.0285807140172, 0.0272323731333, 0.0248192176223, 0.0301407743245, 0.0328412204981]
        dvar2: [0.160858079791, 0.105262309313, 0.0826574936509, 0.0832876339555, 0.0906333178282, 0.0881983861327, 0.129721403122, 0.0915983244777, 0.144807875156, 0.149548649788, 0.136120870709, 0.10405395925, 0.116770930588, 0.145546212792, 0.143565535545, 0.173106536269, 0.121428236365, 0.0966813787818, 0.0780013948679, 0.0485336668789, 0.0385254397988, 0.0359679162502, 0.0410778522491, 0.150417268276, 0.141827255487, 0.0382057875395, 0.0287368893623, 0.0401600152254, 0.0694808289409, 0.0970786437392, 0.0911318287253, 0.0660156309605, 0.0674896091223, 0.0723268762231, 0.0800329074264, 0.0909729599953]
        max: [1, 1, 1, 1, 0.997677326202, 1, 1, 1, 1, 1, 1, 1, 1, 1, 1, 1, 1, 1, 1, 1, 0.778457403183, 0.770311236382, 1, 1, 1, 1, 0.976682424545, 1, 1, 1, 1, 1, 1, 1, 1, 1]
        mean: [0.1927113235, 0.167310476303, 0.120703399181, 0.128700524569, 0.105085842311, 0.0669677481055, 0.0675525143743, 0.0925633832812, 0.179511621594, 0.263682603836, 0.216610342264, 0.12575738132, 0.133726119995, 0.176042586565, 0.218415781856, 0.25732922554, 0.212312296033, 0.208801105618, 0.26640611887, 0.168663173914, 0.0566602312028, 0.0558781921864, 0.093238838017, 0.229751601815, 0.262612819672, 0.135603681207, 0.0742602795362, 0.0761397480965, 0.0886497944593, 0.126854673028, 0.145152375102, 0.112783536315, 0.0802153646946, 0.079050809145, 0.093721807003, 0.135666206479]
        min: [6.55520780128e-05, 0.000223222916247, 0.000361299578799, 0.000262416288024, 0.000556145561859, 0.000176720088348, 0.000100817225757, 0.000258785003098, 0.000454770488432, 0.000507948454469, 0.000543893605936, 0.000435830355855, 0.000134189380333, 0.000205346063012, 0.000240831664996, 0.000300379528198, 0.000351605413016, 0.000677105854265, 0.000227302429266, 7.12630499038e-05, 0.000109562708531, 0.000158906943398, 0.000205498930882, 0.000704657635652, 0.000352173577994, 0.000307489535771, 0.000223634982831, 0.000434952409705, 8.54547615745e-05, 0.000683397869579, 0.000614717020653, 0.000156088644871, 0.000172705214936, 0.000189911545021, 8.05630334071e-05, 4.24102872785e-05]
        var: [0.0907309353352, 0.0687896683812, 0.0366762578487, 0.0520181357861, 0.0393285304308, 0.0261107329279, 0.0261208172888, 0.0305907856673, 0.0809080377221, 0.109817102551, 0.0926540344954, 0.0428275763988, 0.0516305975616, 0.0693130791187, 0.0876259207726, 0.11010094732, 0.0770944431424, 0.0513133220375, 0.124827735126, 0.0645175874233, 0.0118508068845, 0.0148657374084, 0.0231606122106, 0.0989280492067, 0.102693617344, 0.0277280379087, 0.0226249825209, 0.0223587155342, 0.0276333615184, 0.0436367467046, 0.049122646451, 0.0420793890953, 0.0297278054059, 0.0259981583804, 0.0317258164287, 0.0445936173201]
    chords_histogram: [6.97674417496, 33.9534873962, 13.0232553482, 0, 0, 0, 0, 0, 0, 0, 0.930232584476, 0, 0, 0, 0, 0, 0, 0, 0, 0, 0, 28.8372097015, 16.2790699005, 0]
    thpcp: [1, 0.633105456829, 0.212683677673, 0.209748148918, 0.349987596273, 0.862411141396, 0.985761225224, 0.509011149406, 0.278748393059, 0.285803288221, 0.332761853933, 0.476170271635, 0.544853746891, 0.423351913691, 0.30110180378, 0.296730458736, 0.351800501347, 0.509245812893, 0.723374247551, 0.628027915955, 0.453080445528, 0.483098983765, 0.394457310438, 0.251374661922, 0.253569692373, 0.347452163696, 0.673826932907, 0.989776849747, 0.813083231449, 0.472051411867, 0.501963376999, 0.660805344582, 0.819860219955, 0.965928375721, 0.796949744225, 0.783769905567]
    chords_key: "D"
    chords_scale: "minor"
    key_key: "A#"
    key_scale: "major"
    chords_progression: ["Dm", "Dm", "Dm", "Dm", "Dm", "Dm", "Dm", "Dm", "Dm", "Dm", "Dm", "Dm", "Dm", "Dm", "Dm", "Dm", "Dm", "Dm", "Dm", "Dm", "Dm", "Dm", "Dm", "Dm", "Dm", "Dm", "Dm", "Dm", "Dm", "Dm", "Dm", "Dm", "Dm", "Dm", "Dm", "Dm", "Dm", "Dm", "Dm", "Dm", "Dm", "Dm", "Dm", "Dm", "Dm", "Dm", "Dm", "Dm", "Dm", "Dm", "Dm", "Dm", "Dm", "Dm", "Dm", "Dm", "Dm", "Dm", "Dm", "Dm", "Dm", "Dm", "Dm", "Dm", "Dm", "A", "A", "A#", "A#", "A#", "A#", "A#", "A#", "D#", "D#", "D#", "Cm", "Cm", "Cm", "Cm", "Cm", "Cm", "Cm", "Cm", "Cm", "Cm", "Cm", "Cm", "D#", "D#", "D#", "D#", "D#", "D#", "D#", "D#", "D#", "D#", "D#", "D#", "D#", "D#", "D#", "D#", "D#", "D#", "D#", "D#", "D#", "D#", "D#", "D#", "Cm", "D#", "Cm", "D#", "D#", "D#", "D#", "D#", "D#", "D#", "Cm", "Cm", "Cm", "Cm", "Cm", "Cm", "Cm", "Cm", "Cm", "Cm", "Cm", "Cm", "Cm", "Cm", "Cm", "Cm", "Cm", "Cm", "Cm", "Cm", "Cm", "Cm", "Cm", "Cm", "Cm", "Cm", "Cm", "F", "F", "F", "F", "F", "F", "F", "F", "F", "Cm", "Cm", "Cm", "Cm", "Cm", "Cm", "Cm", "Cm", "F", "F", "F", "F", "F", "F", "F", "F", "F", "F", "F", "F", "F", "F", "F", "Cm", "Cm", "Cm", "Cm", "Cm", "Cm", "Cm", "Cm", "Cm", "Cm", "Cm", "Cm", "Cm", "A#", "A#", "A#", "A#", "A#", "A#", "A#", "A#", "A#", "Dm", "Dm", "Dm", "Dm", "Dm", "Dm", "Dm", "Dm", "F", "F", "F", "F"]
