
metadata:
    version:
        essentia: "1.2.2"
    audio_properties:
        analysis_sample_rate: 44100
        bitrate: 128
        channels: 2
        equal_loudness: 1
        length: 10.0048980713
        replay_gain: -9.94242668152
        downmix: "mix"
    tags:
        track: 9
        year: 0
        album: "Splitted by Mp3Splt v. 2.1"
        artist: "From 001.20 To 001.30"
        comment: "http://mp3splt.sf.net"
        genre: ""
        title: "08 Visions.mp3"

highlevel:
    ballroom:
        all:
            ChaChaCha: 0.00448219431564
            Jive: 0.00794235430658
            Quickstep: 0.013021425344
            Rumba-American: 0.00734971743077
            Rumba-International: 0.746934831142
            Rumba-Misc: 0.0741545781493
            Samba: 0.0184252262115
            Tango: 0.00851726345718
            VienneseWaltz: 0.101884290576
            Waltz: 0.0172881484032
        probability: 0.746934831142
        value: "Rumba-International"
    culture:
        all:
            non_western: 0.334418803453
            western: 0.665581166744
        probability: 0.665581166744
        value: "western"
    gender:
        all:
            female: 0.808128535748
            male: 0.191871449351
        probability: 0.808128535748
        value: "female"
    genre_dortmund:
        all:
            alternative: 0.157563388348
            blues: 0.0444502606988
            electronic: 0.0063645998016
            folkcountry: 0.400262415409
            funksoulrnb: 0.00733894575387
            jazz: 0.1121391505
            pop: 0.103277280927
            raphiphop: 0.00526555255055
            rock: 0.163338407874
        probability: 0.400262415409
        value: "folkcountry"
    genre_electronica:
        all:
            ambient: 0.662104785442
            dnb: 0.0655123516917
            house: 0.130888566375
            techno: 0.0714214518666
            trance: 0.0700728520751
        probability: 0.662104785442
        value: "ambient"
    genre_rosamerica:
        all:
            cla: 0.0452189706266
            dan: 0.16909520328
            hip: 0.0898333415389
            jaz: 0.0707192644477
            pop: 0.242435857654
            rhy: 0.283297657967
            roc: 0.0787756368518
            spe: 0.0206240806729
        probability: 0.283297657967
        value: "rhy"
    genre_tzanetakis:
        all:
            blu: 0.0561092086136
            cla: 0.0203437916934
            cou: 0.153103858232
            dis: 0.0322973802686
            hip: 0.0294825509191
            jaz: 0.0525028407574
            met: 0.0368515364826
            pop: 0.27225741744
            reg: 0.176170185208
            roc: 0.17088124156
        probability: 0.27225741744
        value: "pop"
    live_studio:
        all:
            live: 0.141567289829
            studio: 0.858432710171
        probability: 0.858432710171
        value: "studio"
    mood:
        all:
            Cluster1: 0.171380609274
            Cluster2: 0.0729352980852
            Cluster3: 0.697145342827
            Cluster4: 0.0247932765633
            Cluster5: 0.0337454900146
        probability: 0.697145342827
        value: "Cluster3"
    mood_acoustic:
        all:
            acoustic: 0.354798108339
            not_acoustic: 0.645201861858
        probability: 0.645201861858
        value: "not_acoustic"
    mood_aggressive:
        all:
            aggressive: 4.07080142395e-06
            not_aggressive: 0.999995946884
        probability: 0.999995946884
        value: "not_aggressive"
    mood_electronic:
        all:
            electronic: 0.338501960039
            not_electronic: 0.661498069763
        probability: 0.661498069763
        value: "not_electronic"
    mood_happy:
        all:
            happy: 0.146872416139
            not_happy: 0.853127598763
        probability: 0.853127598763
        value: "not_happy"
    mood_party:
        all:
            not_party: 0.951436758041
            party: 0.0485632307827
        probability: 0.951436758041
        value: "not_party"
    mood_relaxed:
        all:
            not_relaxed: 0.259623497725
            relaxed: 0.740376472473
        probability: 0.740376472473
        value: "relaxed"
    mood_sad:
        all:
            not_sad: 0.0428018681705
            sad: 0.957198143005
        probability: 0.957198143005
        value: "sad"
    rhythm:
        all:
            fast: 0.119541227818
            medium: 0.160396903753
            slow: 0.720061898232
        probability: 0.720061898232
        value: "slow"
    speech_music:
        all:
            music: 0.999923348427
            speech: 7.66769808251e-05
        probability: 0.999923348427
        value: "music"
    timbre:
        all:
            bright: 0.755740404129
            dark: 0.24425958097
        probability: 0.755740404129
        value: "bright"
    voice_instrumental:
        all:
            instrumental: 0.969202518463
            voice: 0.0307974778116
        probability: 0.969202518463
        value: "instrumental"

lowlevel:
    average_loudness: 0.920048654079
    barkbands_kurtosis:
        dmean: 1.95374071598
        dmean2: 3.06644129753
        dvar: 16.4657306671
        dvar2: 41.7409362793
        max: 43.2121047974
        mean: 3.36871576309
        min: -1.85928821564
        var: 50.8628921509
    barkbands_skewness:
        dmean: 0.35888043046
        dmean2: 0.539613068104
        dvar: 0.233198389411
        dvar2: 0.569000244141
        max: 5.78831148148
        mean: 1.52711462975
        min: -1.01924037933
        var: 1.415117383
    barkbands_spread:
        dmean: 4.07257270813
        dmean2: 6.16226768494
        dvar: 27.4139003754
        dvar2: 59.8925971985
        max: 68.1864318848
        mean: 23.7717456818
        min: 2.81715273857
        var: 120.849731445
    dissonance:
        dmean: 0.0241754353046
        dmean2: 0.0396449975669
        dvar: 0.000575931102503
        dvar2: 0.00151408452075
        max: 0.498501330614
        mean: 0.426983326674
        min: 0.235911130905
        var: 0.00178996601608
    hfc:
        dmean: 0.563149631023
        dmean2: 0.813462853432
        dvar: 0.940728902817
        dvar2: 2.32836222649
        max: 14.2669839859
        mean: 3.65163040161
        min: 0.0231225099415
        var: 7.69543218613
    pitch:
        dmean: 323.221343994
        dmean2: 642.120727539
        dvar: 711207.75
        dvar2: 1913633.125
        max: 5512.5
        mean: 763.477783203
        min: 43.108505249
        var: 957099.0625
    pitch_instantaneous_confidence:
        dmean: 0.059143409133
        dmean2: 0.0925641059875
        dvar: 0.00541215203702
        dvar2: 0.0124619482085
        max: 0.957692205906
        mean: 0.714238643646
        min: 0.148078918457
        var: 0.0322563461959
    pitch_salience:
        dmean: 0.0446508228779
        dmean2: 0.0724772661924
        dvar: 0.00203312118538
        dvar2: 0.00532100303099
        max: 0.714423060417
        mean: 0.420561373234
        min: 0.23631298542
        var: 0.00681143812835
    silence_rate_20dB:
        dmean: 0
        dmean2: 0
        dvar: 0
        dvar2: 0
        max: 1
        mean: 1
        min: 1
        var: 0
    silence_rate_30dB:
        dmean: 0
        dmean2: 0
        dvar: 0
        dvar2: 0
        max: 1
        mean: 1
        min: 1
        var: 0
    silence_rate_60dB:
        dmean: 0.0742459371686
        dmean2: 0.148837208748
        dvar: 0.0687333345413
        dvar2: 0.145289137959
        max: 1
        mean: 0.363425940275
        min: 0
        var: 0.231348484755
    spectral_centroid:
        dmean: 116.716491699
        dmean2: 170.717315674
        dvar: 25400.1113281
        dvar2: 52128.796875
        max: 2390.78198242
        mean: 779.462097168
        min: 154.331237793
        var: 149476.03125
    spectral_complexity:
        dmean: 1.06279075146
        dmean2: 1.80419576168
        dvar: 2.22628951073
        dvar2: 5.98962926865
        max: 21
        mean: 5.92111349106
        min: 0
        var: 6.46708440781
    spectral_crest:
        dmean: 1.76274347305
        dmean2: 2.72084403038
        dvar: 2.48577451706
        dvar2: 5.73267555237
        max: 21.8923187256
        mean: 11.1334400177
        min: 4.44241333008
        var: 11.5046358109
    spectral_decrease:
        dmean: 2.14438702906e-10
        dmean2: 3.39144490269e-10
        dvar: 1.10631451972e-19
        dvar2: 2.86821206789e-19
        max: -1.14505210869e-11
        mean: -1.09904985113e-09
        min: -4.54556925433e-09
        var: 4.60110168445e-19
    spectral_energy:
        dmean: 0.000847707444336
        dmean2: 0.0013338989811
        dvar: 1.73373484813e-06
        dvar2: 4.48254149887e-06
        max: 0.0184500906616
        mean: 0.00447927974164
        min: 4.53139182355e-05
        var: 7.62635136198e-06
    spectral_energyband_high:
        dmean: 3.53797040589e-05
        dmean2: 5.54920516151e-05
        dvar: 7.95044829971e-09
        dvar2: 1.88472615292e-08
        max: 0.000902650761418
        mean: 7.41749609006e-05
        min: 4.30665743067e-08
        var: 1.67892757474e-08
    spectral_energyband_low:
        dmean: 0.000258393818513
        dmean2: 0.000414245470893
        dvar: 2.1006202644e-07
        dvar2: 5.21717936408e-07
        max: 0.00463240779936
        mean: 0.000926395703573
        min: 7.53248923502e-06
        var: 4.57405178622e-07
    spectral_energyband_middle_high:
        dmean: 0.000132336499519
        dmean2: 0.000192215229617
        dvar: 3.43036994366e-08
        dvar2: 8.18152159354e-08
        max: 0.00368363014422
        mean: 0.000919614045415
        min: 3.78213508156e-06
        var: 7.18145145129e-07
    spectral_energyband_middle_low:
        dmean: 0.000669459754135
        dmean2: 0.00103488483001
        dvar: 1.14907470561e-06
        dvar2: 3.13335021929e-06
        max: 0.0145141668618
        mean: 0.00255892565474
        min: 3.39530015481e-05
        var: 4.47147931482e-06
    spectral_flatness_db:
        dmean: 0.0185879282653
        dmean2: 0.0266806818545
        dvar: 0.000415441812947
        dvar2: 0.000806860276498
        max: 0.348252028227
        mean: 0.237553417683
        min: 0.113032013178
        var: 0.00220190477557
    spectral_flux:
        dmean: 0.00805577076972
        dmean2: 0.0126427747309
        dvar: 8.76796475495e-05
        dvar2: 0.000193315834622
        max: 0.075452439487
        mean: 0.022967197001
        min: 0.00466383760795
        var: 0.00019498130132
    spectral_kurtosis:
        dmean: 1.81651496887
        dmean2: 2.7327067852
        dvar: 4.05432224274
        dvar2: 8.86909580231
        max: 23.7522373199
        mean: 6.34743022919
        min: -1.28425109386
        var: 17.5505981445
    spectral_rms:
        dmean: 0.000192574982066
        dmean2: 0.000298466737149
        dvar: 6.8530631836e-08
        dvar2: 1.55019037607e-07
        max: 0.00424265116453
        mean: 0.00198774621822
        min: 0.000210258658626
        var: 4.18893478127e-07
    spectral_rolloff:
        dmean: 337.319793701
        dmean2: 603.73236084
        dvar: 518157.21875
        dvar2: 1254965.875
        max: 5297.16796875
        mean: 1584.31311035
        min: 150.732421875
        var: 1276294
    spectral_skewness:
        dmean: 0.242468938231
        dmean2: 0.354013442993
        dvar: 0.0755075514317
        dvar2: 0.149622559547
        max: 3.73416018486
        mean: 2.0745408535
        min: 0.151182964444
        var: 0.353145450354
    spectral_spread:
        dmean: 1005328.3125
        dmean2: 1189163.375
        dvar: 2.339995648e+12
        dvar2: 3.10669449626e+12
        max: 26851156
        mean: 6203560
        min: 2382622.5
        var: 7.85530906214e+12
    spectral_strongpeak:
        dmean: 0.252568870783
        dmean2: 0.445639878511
        dvar: 0.415129482746
        dvar2: 1.03848433495
        max: 6.01090192795
        mean: 0.870848417282
        min: 0.0245083086193
        var: 1.47249543667
    zerocrossingrate:
        dmean: 0.00679392274469
        dmean2: 0.00799802411348
        dvar: 6.4168983954e-05
        dvar2: 7.53508938942e-05
        max: 0.14111328125
        mean: 0.0571130439639
        min: 0.0107421875
        var: 0.000540484033991
    barkbands:
        dmean: [1.24928556033e-06, 8.59369320096e-05, 0.000200687849429, 0.000190192877199, 0.000200526803383, 0.000261113164015, 0.000235962041188, 7.11315515218e-05, 4.19788048021e-05, 6.69687278787e-06, 2.46860199695e-05, 1.97814574676e-06, 2.52409768109e-06, 3.65662913282e-06, 1.25099486468e-05, 1.24391599456e-05, 7.14710331522e-05, 2.10984671867e-05, 3.05428293359e-05, 2.63233469013e-05, 1.16573282867e-05, 5.82658140047e-06, 2.28936460189e-06, 1.84874500064e-06, 1.8116411411e-06, 2.04368248546e-07, 2.6740303305e-09]
        dmean2: [1.89068225609e-06, 0.000138238319778, 0.000326559704263, 0.000315652054269, 0.000352791859768, 0.000402170262532, 0.000346302695107, 0.000103334037703, 6.19826532784e-05, 1.10431110443e-05, 3.80624587706e-05, 3.07027198687e-06, 3.49823403667e-06, 5.23999779034e-06, 1.46277452586e-05, 1.99824280571e-05, 0.000101594858279, 3.21670922858e-05, 4.73424624943e-05, 4.34186549683e-05, 1.76892062882e-05, 8.45251815917e-06, 3.4971428704e-06, 2.56933071796e-06, 2.45816363531e-06, 2.87627699436e-07, 3.00204372472e-09]
        dvar: [1.46896123737e-11, 2.03853876002e-08, 1.72265544052e-07, 1.66823880932e-07, 2.84203935053e-07, 3.07349750983e-07, 1.38941217642e-07, 4.86756235318e-08, 1.10004974019e-08, 1.97421815007e-10, 6.22097040548e-09, 2.55370048025e-11, 3.54226058208e-11, 7.20904169693e-11, 1.62109436985e-09, 7.65838115147e-10, 9.62226387458e-09, 1.3148592215e-09, 3.65949159864e-09, 4.08403089125e-09, 1.20711085572e-09, 4.69440708528e-10, 9.55591716867e-11, 3.92567749141e-11, 2.84866800287e-11, 6.40530705733e-13, 1.97026131575e-15]
        dvar2: [1.88158585934e-11, 5.30758974548e-08, 4.3939240868e-07, 4.52538643003e-07, 8.11684117252e-07, 7.39748315937e-07, 2.60110056161e-07, 1.06808684563e-07, 2.07478230152e-08, 5.53962542504e-10, 1.42342315712e-08, 5.8531499092e-11, 5.69608110679e-11, 1.20251406055e-10, 1.74915715245e-09, 1.76235737115e-09, 2.04099386281e-08, 3.26679683305e-09, 8.95534668643e-09, 1.1782516296e-08, 2.56284926614e-09, 1.02041797234e-09, 2.01974173497e-10, 6.18214229808e-11, 5.45303663335e-11, 1.32207851437e-12, 1.96933360292e-15]
        max: [7.29978492018e-05, 0.00222004717216, 0.00401184801012, 0.00348660931922, 0.00648098578677, 0.00822733342648, 0.00540076894686, 0.00239719357342, 0.00147920846939, 0.000164920260431, 0.00156534847338, 9.37923541642e-05, 7.63826392358e-05, 0.000115842587547, 0.000678353477269, 0.000299711042317, 0.00348128075711, 0.000354749616235, 0.000637386459857, 0.000799316738266, 0.000390785484342, 0.000264747388428, 0.000117024319479, 0.000108905798697, 7.59267859394e-05, 1.00825254776e-05, 9.23216816773e-07]
        mean: [2.18264199248e-06, 0.000381377874874, 0.000543008150999, 0.000520917237736, 0.000312076736009, 0.000765890756156, 0.000755567976739, 9.30399473873e-05, 0.000110290311568, 1.41491118484e-05, 9.05345223146e-05, 3.21173229167e-06, 4.40752546638e-06, 6.40055759504e-06, 3.30183029291e-05, 2.13927196455e-05, 0.000608690781519, 5.38449166925e-05, 6.09694652667e-05, 5.90372255829e-05, 2.06326367334e-05, 8.83123266249e-06, 3.45222269971e-06, 3.29799604515e-06, 2.80406652564e-06, 2.54499013863e-07, 2.77304668117e-09]
        min: [4.27403712422e-09, 2.75832871921e-06, 2.75500042335e-06, 1.84742839338e-06, 7.23804646441e-07, 5.75632668642e-07, 9.3753959618e-07, 3.88375021032e-08, 1.36283340169e-08, 2.76667826427e-08, 9.00035068696e-09, 8.40221758835e-09, 1.75110077549e-08, 2.29568435373e-08, 3.56314231453e-08, 1.3864552173e-08, 8.31105978705e-07, 6.91375475981e-07, 1.43983797329e-07, 1.26274713352e-07, 2.73483014013e-09, 3.07895167695e-11, 1.52479517901e-09, 4.20165680026e-09, 2.60489829707e-09, 2.55711229968e-10, 6.01622430259e-13]
        var: [1.68784083932e-11, 5.55352102083e-08, 3.5665152609e-07, 2.12415031342e-07, 2.98779639252e-07, 1.87417140296e-06, 1.21170148759e-06, 7.34479712605e-08, 6.9964876559e-08, 6.99811708582e-10, 7.45220773979e-08, 7.78765801845e-11, 1.24419363701e-10, 2.08873585095e-10, 1.18442864405e-08, 1.07493580703e-09, 6.32142132417e-07, 2.99171998286e-09, 7.68775620941e-09, 8.44726244509e-09, 2.38372299677e-09, 7.2948602714e-10, 1.39900480089e-10, 7.18783435549e-11, 5.33587479756e-11, 8.90074255619e-13, 1.97153292396e-15]
    mfcc:
        mean: [-804.067810059, 132.812759399, 3.76354575157, 80.0875701904, 28.802947998, -31.8424396515, 4.39939260483, 3.75470376015, 4.46585083008, -6.65778207779, -13.7109069824, 11.4282779694, 2.90345692635]
        cov: [[3679.00488281, -1223.15881348, 199.417236328, -285.432769775, -555.925537109, 114.264823914, -98.7011260986, -112.093444824, -89.1812591553, 40.1869316101, -35.7891654968, -292.737762451, -72.6192550659], [-1223.15881348, 980.027832031, -359.630065918, 59.5776863098, 268.558654785, -270.595306396, 107.764007568, -31.0126590729, -75.2963180542, 0.436975747347, -65.770866394, 199.359542847, -71.0024337769], [199.417236328, -359.630065918, 459.202789307, 2.67389655113, -66.3365936279, 171.011825562, -141.602966309, 56.6397705078, 26.3861236572, -83.3656692505, 95.1670684814, -64.5011672974, 10.3492794037], [-285.432769775, 59.5776863098, 2.67389655113, 283.081207275, 40.3331413269, -40.4918327332, -65.4206542969, 65.760597229, 40.7740783691, -58.9587211609, -27.3469657898, 8.4845905304, -11.8581075668], [-555.925537109, 268.558654785, -66.3365936279, 40.3331413269, 273.569671631, -149.097351074, 30.7079601288, 23.7886295319, -26.7029972076, -27.0994701385, -54.0279426575, 76.8105010986, -46.6600646973], [114.264823914, -270.595306396, 171.011825562, -40.4918327332, -149.097351074, 480.562255859, -89.9782180786, 42.9733161926, 62.2293930054, -78.421585083, 123.441329956, -108.563766479, 37.6210823059], [-98.7011260986, 107.764007568, -141.602966309, -65.4206542969, 30.7079601288, -89.9782180786, 283.955474854, -70.9065704346, -34.5833396912, 122.057907104, -111.443969727, -28.1349964142, 82.1070556641], [-112.093444824, -31.0126590729, 56.6397705078, 65.760597229, 23.7886295319, 42.9733161926, -70.9065704346, 144.022872925, 50.3154144287, -96.8626251221, 17.0501480103, -8.69571018219, -79.8880004883], [-89.1812591553, -75.2963180542, 26.3861236572, 40.7740783691, -26.7029972076, 62.2293930054, -34.5833396912, 50.3154144287, 120.812316895, -24.1942977905, 38.1181907654, -40.0812950134, 5.08414268494], [40.1869316101, 0.436975747347, -83.3656692505, -58.9587211609, -27.0994701385, -78.421585083, 122.057907104, -96.8626251221, -24.1942977905, 189.680130005, -69.4016647339, -19.3795928955, 110.093307495], [-35.7891654968, -65.770866394, 95.1670684814, -27.3469657898, -54.0279426575, 123.441329956, -111.443969727, 17.0501480103, 38.1181907654, -69.4016647339, 175.246261597, 20.4967498779, -21.1128387451], [-292.737762451, 199.359542847, -64.5011672974, 8.4845905304, 76.8105010986, -108.563766479, -28.1349964142, -8.69571018219, -40.0812950134, -19.3795928955, 20.4967498779, 173.646621704, -29.9059391022], [-72.6192550659, -71.0024337769, 10.3492794037, -11.8581075668, -46.6600646973, 37.6210823059, 82.1070556641, -79.8880004883, 5.08414268494, 110.093307495, -21.1128387451, -29.9059391022, 228.821929932]]
        icov: [[0.00110871065408, 0.00135630439036, 0.000602243700996, 0.00075685500633, 0.00148985278793, 0.000758643436711, 0.000580210820772, 0.00111228367314, 0.00110810098704, 0.00107699306682, 0.000891798990779, 0.000871688185725, 0.000797321612481], [0.00135630439036, 0.00395107921213, 0.00206438265741, 0.000410079752328, 0.000387930573197, 0.00095453101676, 0.000100074779766, 0.00169580697548, 0.00185222353321, 0.00165992393158, 0.000476682616863, -0.000206510536373, 0.00123983249068], [0.000602243700996, 0.00206438265741, 0.00438280589879, 0.000440203468315, -5.78063045396e-05, 0.000294811412459, 0.00132236164063, -0.000321797269862, 0.00198463979177, 0.0014910713071, -0.000836383900605, 0.00126865133643, -0.000663681828883], [0.00075685500633, 0.000410079752328, 0.000440203468315, 0.0056377472356, 0.00119889515918, 0.00125600479078, 0.00205724523403, -0.000560477899853, -0.000783416558988, 0.00246147648431, 0.00271541578695, 0.000843775633257, -0.00106226897333], [0.00148985278793, 0.000387930573197, -5.78063045396e-05, 0.00119889515918, 0.00823934096843, 0.00207431381568, 0.000317749800161, 0.000557465769816, 0.00123200635426, 0.00277527980506, 0.00282875006087, 0.000149549872731, 0.000995527021587], [0.000758643436711, 0.00095453101676, 0.000294811412459, 0.00125600479078, 0.00207431381568, 0.00450703129172, 0.000586890673731, -6.46269254503e-05, 0.000827901589219, 0.00264169415459, -0.00117502687499, 0.00267383130267, -0.00101083132904], [0.000580210820772, 0.000100074779766, 0.00132236164063, 0.00205724523403, 0.000317749800161, 0.000586890673731, 0.00741935614496, 0.000711855653208, 0.000705973419826, -0.00083204859402, 0.0032055946067, 0.00220043794252, -0.00121543137357], [0.00111228367314, 0.00169580697548, -0.000321797269862, -0.000560477899853, 0.000557465769816, -6.46269254503e-05, 0.000711855653208, 0.0159730296582, -0.00421782676131, 0.00569070549682, 0.00368109624833, 0.00038994566421, 0.00405654776841], [0.00110810098704, 0.00185222353321, 0.00198463979177, -0.000783416558988, 0.00123200635426, 0.000827901589219, 0.000705973419826, -0.00421782676131, 0.014229696244, -0.000247957650572, -0.00337077514268, 0.00390774570405, -0.000811884237919], [0.00107699306682, 0.00165992393158, 0.0014910713071, 0.00246147648431, 0.00277527980506, 0.00264169415459, -0.00083204859402, 0.00569070549682, -0.000247957650572, 0.0147052388638, 0.00364348758012, 0.00152022286784, -0.0032008565031], [0.000891798990779, 0.000476682616863, -0.000836383900605, 0.00271541578695, 0.00282875006087, -0.00117502687499, 0.0032055946067, 0.00368109624833, -0.00337077514268, 0.00364348758012, 0.0128822345287, -0.00254207570106, 0.000692692759912], [0.000871688185725, -0.000206510536373, 0.00126865133643, 0.000843775633257, 0.000149549872731, 0.00267383130267, 0.00220043794252, 0.00038994566421, 0.00390774570405, 0.00152022286784, -0.00254207570106, 0.0111700985581, -0.000456562120235], [0.000797321612481, 0.00123983249068, -0.000663681828883, -0.00106226897333, 0.000995527021587, -0.00101083132904, -0.00121543137357, 0.00405654776841, -0.000811884237919, -0.0032008565031, 0.000692692759912, -0.000456562120235, 0.00876681879163]]
    spectral_contrast:
        mean: [1.37256634503e-07, 9.17493210295e-08, -3.2808699757e-07, 4.49524122814e-07, -2.94667444223e-07, -6.40265909624e-07, 1.08118126718e-06, -5.95769847678e-07, 5.26208054907e-07, 2.5621700388e-06, 6.14024656898e-07, -1.22860251395e-06]
        var: [0.00053772557294, 0.00131979491562, 0.00147547444794, 0.00258537312038, 0.00654723681509, 0.0135490475222, 0.101644739509, 0.111283898354, 0.151776373386, 0.233592018485, 0.497267365456, 2.24934625626]

rhythm:
    beats_loudness:
        dmean: 0.00308411614969
        dmean2: 0.00496497284621
        dvar: 6.07073070569e-06
        dvar2: 9.0700268629e-06
        max: 0.012269532308
        mean: 0.00567322643474
        min: 0.00114741211291
        var: 1.05798681034e-05
    beats_loudness_bass:
        dmean: 0.211683362722
        dmean2: 0.354574322701
        dvar: 0.0276519302279
        dvar2: 0.0401972420514
        max: 0.754186630249
        mean: 0.329239994287
        min: 0.0816444903612
        var: 0.0398552231491
    bpm: 128.601211548
    bpm_confidence: 0
    first_peak_bpm: 129
    first_peak_spread: 0
    first_peak_weight: 0.950000047684
    onset_rate: 3.69818854332
    second_peak_bpm: 117
    second_peak_spread: 0
    second_peak_weight: 0.0500000007451
    beats_position: [0.35333237052, 0.818275630474, 1.28321897984, 1.74816215038, 2.21310544014, 2.67804884911, 3.14299201965, 3.60793542862, 4.07287883759, 4.53782176971, 5.00276517868, 5.46770858765, 5.93265199661, 6.4458770752, 6.91348791122, 7.38109827042, 7.84870862961, 8.31631946564, 8.78392982483, 9.25154018402, 9.71915054321]
    bpm_estimates: [128.915802002, 128.86114502, 129.329956055, 129.134597778, 128.999572754, 129.084075928, 129.161209106, 127.76940155, 126.191482544, 129.224151611, 129.038848877, 126.930030823, 129.175552368]
    bpm_intervals: [0.464943259954, 0.464943349361, 0.464943170547, 0.464943289757, 0.464943408966, 0.464943170547, 0.464943408966, 0.464943408966, 0.464942932129, 0.464943408966, 0.464943408966, 0.464943408966, 0.513225078583, 0.467610836029, 0.467610359192, 0.467610359192, 0.467610836029, 0.467610359192, 0.467610359192, 0.467610359192]
    onset_times: [0.0464399084449, 0.301859408617, 1.03328800201, 1.23065757751, 1.52090704441, 1.60217690468, 1.74149656296, 2.22911572456, 2.82122445107, 2.97215414047, 3.08825397491, 3.15791392326, 3.45977330208, 3.64553284645, 3.87773251534, 4.09832191467, 4.80653047562, 5.0387301445, 5.41024923325, 5.71210861206, 5.92108821869, 5.97913837433, 6.42031764984, 6.90793657303, 7.25623559952, 7.33750581741, 7.38394546509, 7.58131504059, 7.75546503067, 7.84834480286, 8.32435417175, 8.55655288696, 8.80036258698, 9.03256225586, 9.25315189362, 9.49696159363, 9.71755123138]
    rubato_start: []
    rubato_stop: []
    perceptual_tempo: "unknown"

sfx:
    inharmonicity:
        dmean: 0.0258884876966
        dmean2: 0.0474771559238
        dvar: 0.00258185341954
        dvar2: 0.00768395187333
        max: 0.372801065445
        mean: 0.0210345685482
        min: 0
        var: 0.0017606158508
    oddtoevenharmonicenergyratio:
        dmean: 100.267478943
        dmean2: 200.712646484
        dvar: 1816992
        dvar2: 5453459.5
        max: 19815.546875
        mean: 50.8135032654
        min: 0
        var: 909212.3125
    pitch_after_max_to_before_max_energy_ratio: 9.87432670593
    pitch_centroid: 275.13760376
    pitch_max_to_total: 0.28074246645
    pitch_min_to_total: 0.276102095842
    tristimulus:
        dmean: [0.208663120866, 0.204797029495, 0.0602835007012]
        dmean2: [0.369588762522, 0.371607035398, 0.1110329777]
        dvar: [0.0525930188596, 0.0508993864059, 0.0100716594607]
        dvar2: [0.133621752262, 0.124946586788, 0.0284196287394]
        max: [1, 0.990091621876, 0.570184707642]
        mean: [0.527766883373, 0.347252517939, 0.0532847121358]
        min: [0.00527383480221, 0, 0]
        var: [0.073372811079, 0.0740429535508, 0.00732711516321]

tonal:
    chords_changes_rate: 0.0737327188253
    chords_number_rate: 0.0322580635548
    chords_strength:
        dmean: 0.0080695040524
        dmean2: 0.00636002840474
        dvar: 3.81167446903e-05
        dvar2: 4.93962179462e-05
        max: 0.836644232273
        mean: 0.53122061491
        min: 0.301649272442
        var: 0.0200173016638
    key_strength: 0.798973619938
    tuning_diatonic_strength: 0.561323344707
    tuning_equal_tempered_deviation: 0.0993461683393
    tuning_frequency: 443.572570801
    tuning_nontempered_energy_ratio: 0.655073881149
    hpcp:
        dmean: [0.067885838449, 0.036042355001, 0.0199849493802, 0.0522993765771, 0.141045436263, 0.147578880191, 0.132473826408, 0.141066238284, 0.0693832933903, 0.0539748445153, 0.0368467532098, 0.0409241467714, 0.0413149110973, 0.0412035547197, 0.036652572453, 0.0456979945302, 0.0364142619073, 0.0211910698563, 0.0340860038996, 0.0796617120504, 0.11716337502, 0.124435797334, 0.103577710688, 0.0478921569884, 0.0347242206335, 0.0436627678573, 0.056015484035, 0.0534960925579, 0.0518963672221, 0.0408813431859, 0.0447328425944, 0.0805491805077, 0.0860945880413, 0.10019210726, 0.123370446265, 0.0860707461834]
        dmean2: [0.109303459525, 0.0632121041417, 0.0351510308683, 0.0973361954093, 0.252608120441, 0.260940730572, 0.231030106544, 0.24111649394, 0.125448912382, 0.0941126123071, 0.065438978374, 0.0721815228462, 0.0718018710613, 0.0738577768207, 0.0644057393074, 0.0775857940316, 0.0599251165986, 0.0363367535174, 0.0627523511648, 0.146698102355, 0.191777080297, 0.202759042382, 0.175981596112, 0.093497492373, 0.066878862679, 0.083740785718, 0.0982578918338, 0.0948123633862, 0.0878273695707, 0.0644503384829, 0.0801787674427, 0.149135932326, 0.143247619271, 0.175357803702, 0.209087923169, 0.131197378039]
        dvar: [0.0256342515349, 0.00800574291497, 0.00424547120929, 0.0183710213751, 0.0718998089433, 0.0514271296561, 0.0592412017286, 0.0470377206802, 0.0278946366161, 0.026930777356, 0.0104467403144, 0.0110295303166, 0.0182778853923, 0.0102274613455, 0.00827008951455, 0.0141243739054, 0.00475471513346, 0.00122997385915, 0.00553186936304, 0.0242082867771, 0.0191814564168, 0.0279394760728, 0.01836563088, 0.021353693679, 0.0150967780501, 0.0199382640421, 0.0212177615613, 0.0175484493375, 0.0200890768319, 0.0192150380462, 0.0219355598092, 0.0359748676419, 0.0351244285703, 0.0374970212579, 0.0523374006152, 0.0270050633699]
        dvar2: [0.0705355107784, 0.017430299893, 0.0111018111929, 0.0520129948854, 0.183132022619, 0.158575251698, 0.134662553668, 0.118278346956, 0.0672148168087, 0.0699870213866, 0.0295961648226, 0.0304497554898, 0.0386527180672, 0.0272540096194, 0.0214158315212, 0.0328256860375, 0.0121425306424, 0.00342594808899, 0.0153320049867, 0.0670767500997, 0.0479468926787, 0.0685781314969, 0.0483873225749, 0.0585566423833, 0.0467297583818, 0.0591274052858, 0.050143584609, 0.0371911749244, 0.0470961108804, 0.0376429148018, 0.0578265115619, 0.0951019823551, 0.0743778347969, 0.0846912264824, 0.123041890562, 0.0425220727921]
        max: [1, 1, 0.718632757664, 0.79501926899, 1, 1, 1, 1, 0.927969396114, 1, 0.930532515049, 0.978564441204, 1, 0.686278581619, 0.605060875416, 0.994912028313, 0.601881444454, 0.225160032511, 0.473418533802, 1, 1, 1, 1, 1, 1, 1, 1, 1, 1, 1, 1, 1, 1, 1, 1, 1]
        mean: [0.125803902745, 0.0427322089672, 0.0150836734101, 0.0328172594309, 0.110849283636, 0.266665011644, 0.305112242699, 0.152234658599, 0.0550692342222, 0.0410769097507, 0.0269335880876, 0.0730214342475, 0.116645514965, 0.0640363097191, 0.054390989244, 0.0913028866053, 0.0598577260971, 0.0242656152695, 0.0271042846143, 0.0648271292448, 0.334299147129, 0.501296162605, 0.238291218877, 0.033513404429, 0.0211720112711, 0.0346090309322, 0.0950593724847, 0.116891905665, 0.0671102926135, 0.0365760698915, 0.0300604049116, 0.0556416213512, 0.110327154398, 0.142418175936, 0.136741355062, 0.155985727906]
        min: [6.56720221741e-05, 4.8715111916e-05, 8.44137539389e-05, 5.82128086535e-05, 4.17052651756e-05, 0.000101432793599, 9.19831290958e-05, 0.000133487410494, 0.000149498213432, 4.99699053762e-05, 8.34373640828e-05, 8.47143455758e-05, 3.16732475767e-05, 0.000102500824141, 0.000148897830513, 0.000215548920096, 0.000284966139589, 0.00033793025068, 0.000179665672476, 7.91585480329e-05, 0.000218081098865, 0.000220386078581, 7.77138484409e-05, 1.20671656987e-05, 1.4859928342e-05, 7.77588647907e-05, 0.000115815848403, 9.59010940278e-05, 4.49149629276e-05, 4.09476160712e-05, 3.11744611281e-06, 5.81308086112e-05, 0.000279931206023, 0.000256592204096, 6.02519685344e-05, 8.57721315697e-05]
        var: [0.0667969807982, 0.0139479683712, 0.00331508321688, 0.0108164511621, 0.0609301626682, 0.114101536572, 0.148113057017, 0.0586404614151, 0.0244570858777, 0.0205064546317, 0.0073414305225, 0.0285244435072, 0.0782429426908, 0.0213899686933, 0.0131943821907, 0.0400265157223, 0.0111548388377, 0.00114881282207, 0.00372949615121, 0.0177034512162, 0.0628746151924, 0.132898569107, 0.0456570796669, 0.0161001328379, 0.00860314723104, 0.013329859823, 0.0551785416901, 0.0747658982873, 0.0314557291567, 0.0212332140654, 0.0153860170394, 0.0265076328069, 0.0602305419743, 0.0741671174765, 0.0607917904854, 0.0822630003095]
    chords_histogram: [40.0921669006, 9.67741966248, 0, 0, 0, 0, 0, 0, 0, 0, 0, 8.29493045807, 0.921658992767, 0, 0, 1.38248848915, 0, 8.75576019287, 0, 1.38248848915, 0, 0, 29.4930877686, 0]
    thpcp: [1, 0.475350171328, 0.0668535009027, 0.0422345362604, 0.0690390914679, 0.189627170563, 0.233179330826, 0.133873537183, 0.0729629993439, 0.0599653609097, 0.11099550873, 0.220083773136, 0.284099876881, 0.27277559042, 0.311164826155, 0.250957250595, 0.0852434411645, 0.0300893448293, 0.0654648095369, 0.221125334501, 0.531951010227, 0.608646690845, 0.303682088852, 0.109853692353, 0.0819414034486, 0.0537278950214, 0.145665258169, 0.232687830925, 0.127741470933, 0.10850071162, 0.182133629918, 0.119405910373, 0.0484057478607, 0.0540684051812, 0.129319027066, 0.666869580746]
    chords_key: "E"
    chords_scale: "major"
    key_key: "E"
    key_scale: "major"
    chords_progression: ["Bm", "Bm", "Gm", "Gm", "Gm", "Bm", "Gm", "Gm", "Gm", "G#m", "Gm", "Gm", "Gm", "Gm", "Gm", "Gm", "G#m", "G#m", "G#m", "G#m", "G#m", "G#m", "G#m", "G#m", "Gm", "Gm", "Gm", "Gm", "A#", "A#", "Gm", "Gm", "G#m", "G#m", "G#m", "G#m", "G#m", "G#m", "G#m", "G#m", "G#m", "G#m", "G#m", "G#m", "E", "E", "E", "E", "E", "E", "E", "E", "E", "E", "E", "E", "E", "E", "E", "E", "E", "E", "E", "E", "E", "E", "E", "E", "E", "E", "E", "E", "E", "E", "E", "E", "E", "E", "E", "E", "E", "E", "E", "E", "E", "E", "E", "E", "E", "E", "E", "E", "E", "E", "E", "E", "E", "E", "E", "E", "E", "E", "E", "E", "E", "E", "E", "E", "E", "E", "E", "E", "E", "E", "E", "E", "E", "E", "E", "E", "E", "E", "E", "E", "E", "E", "Em", "Em", "Em", "Em", "Em", "Em", "Em", "Em", "Em", "Em", "Em", "Em", "Em", "Em", "Em", "E", "E", "E", "E", "E", "Em", "Em", "Em", "Em", "A", "A", "A", "A", "A", "A", "A", "A", "A", "A", "A", "A", "A", "A", "A", "A", "A", "A", "A", "A", "A", "A", "A", "A", "A", "A", "A", "A", "A", "A", "A", "A", "A", "A", "A", "A", "A", "A", "A", "A", "A", "A", "A", "A", "A", "A", "A", "A", "A", "A", "A", "A", "A", "A", "A", "A", "A", "A", "A", "A", "A", "A", "A", "A", "Am", "Am", "Am"]
