
metadata:
    version:
        essentia: "1.2.2"
    audio_properties:
        analysis_sample_rate: 44100
        bitrate: 128
        channels: 2
        equal_loudness: 1
        length: 10.0310201645
        replay_gain: -4.25101089478
        downmix: "mix"
    tags:
        track: 3
        year: 0
        album: "Splitted by Mp3Splt v. 2.1"
        artist: "From 000.20 To 000.30"
        comment: "http://mp3splt.sf.net"
        genre: ""
        title: "02 Freak.mp3"

highlevel:
    ballroom:
        all:
            ChaChaCha: 0.00313772051595
            Jive: 0.00157429568935
            Quickstep: 0.00173270085361
            Rumba-American: 0.00957005098462
            Rumba-International: 0.195660889149
            Rumba-Misc: 0.134969994426
            Samba: 0.00147560902406
            Tango: 0.00459470925853
            VienneseWaltz: 0.0671303421259
            Waltz: 0.58015370369
        probability: 0.58015370369
        value: "Waltz"
    culture:
        all:
            non_western: 0.0180985573679
            western: 0.981901466846
        probability: 0.981901466846
        value: "western"
    gender:
        all:
            female: 0.712723553181
            male: 0.287276446819
        probability: 0.712723553181
        value: "female"
    genre_dortmund:
        all:
            alternative: 0.18599998951
            blues: 0.00346880173311
            electronic: 0.0373055562377
            folkcountry: 0.453182280064
            funksoulrnb: 0.00851589441299
            jazz: 0.172674044967
            pop: 0.119517020881
            raphiphop: 0.000901777413674
            rock: 0.0184346344322
        probability: 0.453182280064
        value: "folkcountry"
    genre_electronica:
        all:
            ambient: 0.937674462795
            dnb: 0.0038271707017
            house: 0.0420465022326
            techno: 0.010729870759
            trance: 0.00572196952999
        probability: 0.937674462795
        value: "ambient"
    genre_rosamerica:
        all:
            cla: 0.621962547302
            dan: 0.0276670027524
            hip: 0.0117984674871
            jaz: 0.130457758904
            pop: 0.0412945374846
            rhy: 0.0434380918741
            roc: 0.114117056131
            spe: 0.00926453247666
        probability: 0.621962547302
        value: "cla"
    genre_tzanetakis:
        all:
            blu: 0.181776046753
            cla: 0.49688410759
            cou: 0.0577735193074
            dis: 0.0235868245363
            hip: 0.00933979079127
            jaz: 0.117315806448
            met: 0.00951103679836
            pop: 0.0250126402825
            reg: 0.0186458900571
            roc: 0.0601543188095
        probability: 0.49688410759
        value: "cla"
    live_studio:
        all:
            live: 0.354192048311
            studio: 0.645807981491
        probability: 0.645807981491
        value: "studio"
    mood:
        all:
            Cluster1: 0.0181054212153
            Cluster2: 0.0247517097741
            Cluster3: 0.928979277611
            Cluster4: 0.0270970333368
            Cluster5: 0.00106658739969
        probability: 0.928979277611
        value: "Cluster3"
    mood_acoustic:
        all:
            acoustic: 0.85112285614
            not_acoustic: 0.14887714386
        probability: 0.85112285614
        value: "acoustic"
    mood_aggressive:
        all:
            aggressive: 7.19882420341e-09
            not_aggressive: 1
        probability: 1
        value: "not_aggressive"
    mood_electronic:
        all:
            electronic: 0.196851149201
            not_electronic: 0.8031488657
        probability: 0.8031488657
        value: "not_electronic"
    mood_happy:
        all:
            happy: 0.0116866007447
            not_happy: 0.988313376904
        probability: 0.988313376904
        value: "not_happy"
    mood_party:
        all:
            not_party: 0.990067660809
            party: 0.00993234291673
        probability: 0.990067660809
        value: "not_party"
    mood_relaxed:
        all:
            not_relaxed: 0.0653113648295
            relaxed: 0.93468862772
        probability: 0.93468862772
        value: "relaxed"
    mood_sad:
        all:
            not_sad: 0.0507291965187
            sad: 0.949270784855
        probability: 0.949270784855
        value: "sad"
    rhythm:
        all:
            fast: 0.0484406761825
            medium: 0.809287548065
            slow: 0.142271786928
        probability: 0.809287548065
        value: "medium"
    speech_music:
        all:
            music: 0.998698115349
            speech: 0.00130190537311
        probability: 0.998698115349
        value: "music"
    timbre:
        all:
            bright: 0.0508933775127
            dark: 0.949106633663
        probability: 0.949106633663
        value: "dark"
    voice_instrumental:
        all:
            instrumental: 0.999999821186
            voice: 1.85451909829e-07
        probability: 0.999999821186
        value: "instrumental"

lowlevel:
    average_loudness: 0.936494469643
    barkbands_kurtosis:
        dmean: 6.18831920624
        dmean2: 9.36756324768
        dvar: 60.4791641235
        dvar2: 141.073135376
        max: 86.1730422974
        mean: 18.7783336639
        min: -1.67923605442
        var: 278.775146484
    barkbands_skewness:
        dmean: 0.6251116395
        dmean2: 0.918308079243
        dvar: 0.397509366274
        dvar2: 0.915344178677
        max: 6.66111898422
        mean: 3.02940511703
        min: -0.933484792709
        var: 2.45856380463
    barkbands_spread:
        dmean: 1.24355912209
        dmean2: 1.92317152023
        dvar: 4.36044168472
        dvar2: 10.8824930191
        max: 33.6661453247
        mean: 4.88549900055
        min: 0.811695992947
        var: 11.1915426254
    dissonance:
        dmean: 0.0369167588651
        dmean2: 0.0631659775972
        dvar: 0.0012414122466
        dvar2: 0.00333069055341
        max: 0.482959002256
        mean: 0.347986459732
        min: 0.13742941618
        var: 0.00296124722809
    hfc:
        dmean: 0.351563930511
        dmean2: 0.547097086906
        dvar: 0.495824247599
        dvar2: 1.26280784607
        max: 7.71032476425
        mean: 1.00120139122
        min: 0.00444542383775
        var: 0.92788118124
    pitch:
        dmean: 43.0460319519
        dmean2: 81.9152069092
        dvar: 11892.7050781
        dvar2: 33760.3828125
        max: 1025.5814209
        mean: 197.069213867
        min: 65.7228012085
        var: 9358.25195312
    pitch_instantaneous_confidence:
        dmean: 0.0725142806768
        dmean2: 0.121669881046
        dvar: 0.00624174298719
        dvar2: 0.015920188278
        max: 0.886140704155
        mean: 0.627298235893
        min: 0.235190033913
        var: 0.0192759670317
    pitch_salience:
        dmean: 0.0773080289364
        dmean2: 0.127914518118
        dvar: 0.00675621069968
        dvar2: 0.0177712719887
        max: 0.789115250111
        mean: 0.446456670761
        min: 0.135049641132
        var: 0.0161672234535
    silence_rate_20dB:
        dmean: 0
        dmean2: 0
        dvar: 0
        dvar2: 0
        max: 1
        mean: 1
        min: 1
        var: 0
    silence_rate_30dB:
        dmean: 0
        dmean2: 0
        dvar: 0
        dvar2: 0
        max: 1
        mean: 1
        min: 1
        var: 0
    silence_rate_60dB:
        dmean: 0.111111111939
        dmean2: 0.222737818956
        dvar: 0.098765142262
        dvar2: 0.196328416467
        max: 1
        mean: 0.683602750301
        min: 0
        var: 0.216290339828
    spectral_centroid:
        dmean: 55.1085090637
        dmean2: 88.0332183838
        dvar: 9962.90917969
        dvar2: 25329.984375
        max: 1835.67370605
        mean: 368.480102539
        min: 192.974807739
        var: 24125.2480469
    spectral_complexity:
        dmean: 0.726218104362
        dmean2: 1.19767439365
        dvar: 0.815994024277
        dvar2: 1.44231784344
        max: 11
        mean: 4.35879611969
        min: 0
        var: 2.6004254818
    spectral_crest:
        dmean: 2.21693372726
        dmean2: 3.63790464401
        dvar: 4.58799743652
        dvar2: 11.5617179871
        max: 23.5425949097
        mean: 14.296122551
        min: 6.08268642426
        var: 11.944770813
    spectral_decrease:
        dmean: 3.5471203752e-10
        dmean2: 5.88424031722e-10
        dvar: 6.75646552706e-19
        dvar2: 1.8788646608e-18
        max: -3.6066501348e-12
        mean: -8.29098345534e-10
        min: -1.04009831858e-08
        var: 1.0693282243e-18
    spectral_energy:
        dmean: 0.00137008458842
        dmean2: 0.00226881192066
        dvar: 9.97385541268e-06
        dvar2: 2.77096969512e-05
        max: 0.0399550572038
        mean: 0.00322001916356
        min: 1.40155043482e-05
        var: 1.58326602104e-05
    spectral_energyband_high:
        dmean: 3.95579490942e-06
        dmean2: 6.92024104865e-06
        dvar: 6.45462072679e-10
        dvar2: 1.89244109272e-09
        max: 0.000363811821444
        mean: 6.02572572461e-06
        min: 2.65117368059e-08
        var: 3.70235564429e-10
    spectral_energyband_low:
        dmean: 0.000118567608297
        dmean2: 0.000171043080627
        dvar: 7.95034011958e-08
        dvar2: 1.7753708903e-07
        max: 0.00343110854737
        mean: 0.000158381895744
        min: 1.67660118677e-07
        var: 1.08565345158e-07
    spectral_energyband_middle_high:
        dmean: 9.67375090113e-05
        dmean2: 0.000125746330013
        dvar: 1.62334131915e-07
        dvar2: 3.85413443382e-07
        max: 0.00528348609805
        mean: 0.000214643107029
        min: 3.10035460416e-07
        var: 2.83782185306e-07
    spectral_energyband_middle_low:
        dmean: 0.00121361506172
        dmean2: 0.00206327205524
        dvar: 8.42342706164e-06
        dvar2: 2.37945987465e-05
        max: 0.0367640703917
        mean: 0.00284097203985
        min: 9.69473421719e-06
        var: 1.39041567309e-05
    spectral_flatness_db:
        dmean: 0.0241679400206
        dmean2: 0.0391136221588
        dvar: 0.000597173464485
        dvar2: 0.00137838721275
        max: 0.416210561991
        mean: 0.304032325745
        min: 0.184028506279
        var: 0.0021418442484
    spectral_flux:
        dmean: 0.0104235708714
        dmean2: 0.0159214977175
        dvar: 0.000214234969462
        dvar2: 0.000487222423544
        max: 0.158902913332
        mean: 0.0192715041339
        min: 0.00197145529091
        var: 0.000347969005816
    spectral_kurtosis:
        dmean: 7.06903934479
        dmean2: 12.1892433167
        dvar: 38.0169219971
        dvar2: 96.0377960205
        max: 69.6744918823
        mean: 25.4341812134
        min: 3.90083551407
        var: 160.679489136
    spectral_rms:
        dmean: 0.0003234387259
        dmean2: 0.000504618743435
        dvar: 2.37095051148e-07
        dvar2: 5.73441866436e-07
        max: 0.00624343985692
        mean: 0.00158911221661
        min: 0.000116934439575
        var: 6.16201361936e-07
    spectral_rolloff:
        dmean: 96.5745697021
        dmean2: 173.417190552
        dvar: 72925.2109375
        dvar2: 204389.296875
        max: 4242.04101562
        mean: 516.448120117
        min: 193.798828125
        var: 98682.9296875
    spectral_skewness:
        dmean: 0.504242777824
        dmean2: 0.859514594078
        dvar: 0.193845167756
        dvar2: 0.469236969948
        max: 6.62580394745
        mean: 4.00756216049
        min: 1.10644114017
        var: 0.961163401604
    spectral_spread:
        dmean: 345995.96875
        dmean2: 594167.375
        dvar: 118832930816
        dvar2: 276632436736
        max: 4425760
        mean: 2422249.25
        min: 1183294
        var: 409122963456
    spectral_strongpeak:
        dmean: 0.140178829432
        dmean2: 0.220901608467
        dvar: 0.0505865067244
        dvar2: 0.0931787192822
        max: 2.34988307953
        mean: 0.373320251703
        min: 0.00358020002022
        var: 0.119511418045
    zerocrossingrate:
        dmean: 0.00336472224444
        dmean2: 0.00427984213457
        dvar: 1.05323879325e-05
        dvar2: 1.52861030074e-05
        max: 0.06591796875
        mean: 0.0214470755309
        min: 0.00830078125
        var: 9.19602389331e-05
    barkbands:
        dmean: [1.00786499146e-08, 5.89198862144e-05, 6.50243819109e-05, 0.000620439182967, 0.000625806162134, 0.000124661644804, 1.55526959134e-05, 2.02537285077e-05, 3.30079456035e-05, 3.81833087886e-05, 6.08654227108e-05, 2.75545835393e-06, 2.28346630138e-06, 1.4039716234e-06, 2.33410423789e-06, 1.63331537806e-06, 9.42032329476e-07, 1.25223357372e-06, 1.1585611901e-06, 3.88142234442e-06, 7.72912301272e-07, 2.72743790219e-07, 1.22633309729e-07, 6.13692918705e-08, 3.69438324377e-09, 6.1415839081e-10, 1.29076110911e-10]
        dmean2: [1.64363420652e-08, 8.13134029158e-05, 0.000103539037809, 0.00111204455607, 0.00100205815397, 0.000215761436266, 2.61654658971e-05, 2.68324292847e-05, 3.0091176086e-05, 6.00417297392e-05, 7.16666982044e-05, 3.5760594983e-06, 3.31818455379e-06, 2.02219348466e-06, 3.28526834892e-06, 2.56002772403e-06, 1.49974857777e-06, 1.90589366866e-06, 1.54184010626e-06, 6.73557769915e-06, 1.12015504783e-06, 3.52920181967e-07, 1.63792620356e-07, 8.13923577425e-08, 5.69017100105e-09, 9.25137300101e-10, 2.36782121688e-10]
        dvar: [4.66723041931e-16, 2.3663000448e-08, 2.88939485671e-08, 4.3422901399e-06, 1.2436742054e-06, 1.99602006035e-08, 4.61666066487e-10, 1.86036874794e-09, 5.40733990917e-09, 8.88316549208e-08, 6.83518379674e-08, 4.60991314566e-11, 7.29530116872e-11, 4.15527508235e-11, 2.87293071277e-11, 4.72272741747e-11, 4.43547715917e-12, 1.31162138442e-11, 4.49262762409e-12, 6.66621091661e-10, 6.29915694259e-12, 3.79945505396e-13, 2.40795529132e-13, 8.99932255452e-14, 1.27056728798e-16, 4.92997494412e-18, 7.36520777312e-20]
        dvar2: [9.54347680628e-16, 5.18465270716e-08, 7.03465232732e-08, 1.35362761284e-05, 2.81169832306e-06, 6.53741309975e-08, 1.13814957459e-09, 3.01321612106e-09, 6.00502181314e-09, 2.68667150749e-07, 9.6022219509e-08, 7.79172767973e-11, 1.42525075075e-10, 1.07029309027e-10, 6.9927397206e-11, 1.23026824839e-10, 1.07851991227e-11, 2.67159593059e-11, 8.73572134769e-12, 1.95719795926e-09, 1.25578844198e-11, 6.84763931755e-13, 4.88306335471e-13, 1.78495483368e-13, 3.10215149611e-16, 1.15653225145e-17, 1.97261754407e-19]
        max: [2.70425118742e-07, 0.00203572236933, 0.00200601876713, 0.0233210138977, 0.0139977959916, 0.00173838704359, 0.000229305267567, 0.000809995690361, 0.00141834060196, 0.00483886804432, 0.00350166182034, 0.000122817291413, 0.00015173284919, 0.000125528749777, 6.78073993186e-05, 9.58364980761e-05, 2.18315053644e-05, 5.70631491428e-05, 2.11141741602e-05, 0.000373423186829, 4.16852999479e-05, 6.38934398012e-06, 8.62871092977e-06, 4.95791800859e-06, 1.81557368251e-07, 3.64232555228e-08, 3.18901083318e-09]
        mean: [9.82221326495e-09, 6.8711626227e-05, 8.96620404092e-05, 0.000714152760338, 0.00156596279703, 0.000314706878271, 5.46018309251e-05, 5.63962348679e-05, 0.000118551513879, 7.30293832021e-05, 0.000122463388834, 8.59979263623e-06, 4.2634719648e-06, 3.04097784465e-06, 6.01773535891e-06, 2.46096374212e-06, 2.22175958697e-06, 2.97836913887e-06, 3.20324147651e-06, 5.9464723563e-06, 1.96963787857e-06, 6.9845765438e-07, 2.74856574833e-07, 9.2149676334e-08, 8.4328117822e-09, 1.13617271147e-09, 1.09019758499e-10]
        min: [3.40967983015e-11, 3.54992053531e-08, 1.24778116728e-08, 3.12413419579e-08, 1.1867387002e-06, 1.92657623188e-07, 4.40048268047e-07, 8.96849172705e-08, 3.1392710298e-07, 7.97401042973e-08, 2.30539516366e-08, 2.91155322074e-09, 2.29841230492e-08, 4.70531986707e-08, 8.17518230889e-09, 8.90270190901e-10, 3.64179086887e-09, 2.78029492762e-08, 1.33246285117e-08, 1.65773030858e-08, 4.37033609302e-09, 1.13933635859e-08, 3.2381968218e-09, 8.04826552625e-11, 4.83375631188e-11, 1.67258845662e-11, 2.25334247789e-12]
        var: [4.65150101748e-16, 2.86297332508e-08, 3.89231438191e-08, 4.00696490033e-06, 3.44616137227e-06, 8.52395629636e-08, 1.79516257415e-09, 8.25088619649e-09, 3.94964914108e-08, 8.56308091102e-08, 2.01722343718e-07, 1.57581336868e-10, 1.19945761656e-10, 4.90698454092e-11, 5.85206327841e-11, 6.66778576797e-11, 1.16235137834e-11, 3.19312527808e-11, 1.56443313165e-11, 3.91960408574e-10, 1.63926355129e-11, 1.21165696833e-12, 5.27658591733e-13, 1.43176350767e-13, 1.86492342493e-16, 5.91589151622e-18, 6.26950042304e-20]
    mfcc:
        mean: [-875.639587402, 200.39402771, -8.30559921265, 46.1642036438, -28.7621250153, -4.96903562546, -9.66778659821, -7.78436565399, -11.6401119232, -5.5890712738, -18.0212268829, -17.6558132172, -7.71357774734]
        cov: [[2115.05541992, -437.564056396, 169.780487061, 122.323066711, -132.539413452, 232.342559814, 47.7651748657, 259.783538818, 18.845703125, 167.125152588, -30.9006786346, 35.5581588745, -50.9939575195], [-437.564056396, 546.088195801, -6.07034778595, 4.40296077728, 206.72857666, -15.3942174911, -0.427864134312, -99.9768218994, 107.510612488, -34.3492202759, 41.8169898987, 10.7108306885, 21.7190876007], [169.780487061, -6.07034778595, 282.905975342, 83.9297485352, 40.9012985229, 90.0909194946, 7.36510753632, 4.10422039032, -37.7600479126, 114.68384552, 59.3431396484, 39.1989326477, 20.0742874146], [122.323066711, 4.40296077728, 83.9297485352, 257.433227539, 77.6029434204, 40.4357948303, 33.8061523438, -18.1814861298, 10.9536685944, 54.5424919128, 102.418174744, 80.4007110596, -22.6960678101], [-132.539413452, 206.72857666, 40.9012985229, 77.6029434204, 209.781860352, 43.3401107788, 29.4947185516, -42.0684700012, 65.5928039551, 44.8273086548, 60.5687026978, 60.2895011902, 13.1429805756], [232.342559814, -15.3942174911, 90.0909194946, 40.4357948303, 43.3401107788, 152.409164429, 21.6563243866, 27.3528003693, 13.2112226486, 63.7120246887, 21.8841133118, 9.30457019806, 35.9550170898], [47.7651748657, -0.427864134312, 7.36510753632, 33.8061523438, 29.4947185516, 21.6563243866, 89.8170928955, 38.1693191528, 30.9022521973, -6.79697322845, -18.8246078491, 12.230298996, 19.02110672], [259.783538818, -99.9768218994, 4.10422039032, -18.1814861298, -42.0684700012, 27.3528003693, 38.1693191528, 137.376556396, 45.5613670349, -20.7631893158, -21.6530532837, -3.65077543259, -16.6207637787], [18.845703125, 107.510612488, -37.7600479126, 10.9536685944, 65.5928039551, 13.2112226486, 30.9022521973, 45.5613670349, 198.779983521, -36.8808403015, 12.6496953964, 32.6616439819, -42.3640975952], [167.125152588, -34.3492202759, 114.68384552, 54.5424919128, 44.8273086548, 63.7120246887, -6.79697322845, -20.7631893158, -36.8808403015, 255.294052124, 100.576881409, -30.549747467, 43.4182357788], [-30.9006786346, 41.8169898987, 59.3431396484, 102.418174744, 60.5687026978, 21.8841133118, -18.8246078491, -21.6530532837, 12.6496953964, 100.576881409, 176.265213013, 39.9726066589, -53.4132652283], [35.5581588745, 10.7108306885, 39.1989326477, 80.4007110596, 60.2895011902, 9.30457019806, 12.230298996, -3.65077543259, 32.6616439819, -30.549747467, 39.9726066589, 123.672805786, -19.5038070679], [-50.9939575195, 21.7190876007, 20.0742874146, -22.6960678101, 13.1429805756, 35.9550170898, 19.02110672, -16.6207637787, -42.3640975952, 43.4182357788, -53.4132652283, -19.5038070679, 132.942718506]]
        icov: [[0.00118028221186, -0.000321188708767, 0.000437393755419, -0.000833004654851, 0.00116851006169, -0.00176931463648, 0.000514298444614, -0.00191347114742, 0.000394073751522, -0.00211883476004, 0.00236073043197, -0.00154548010323, 0.00188646116294], [-0.000321188708767, 0.00551132718101, -0.00173885957338, 0.0010360009037, -0.00565881514922, 0.00222074170597, 0.00056728022173, 0.00322991958819, -0.00289186579175, 0.0043740272522, -0.00362612167373, 0.00459794607013, -0.00343508273363], [0.000437393755419, -0.00173885957338, 0.00642445357516, -0.00112525804434, 0.00195086270105, -0.00362831540406, 0.000180997347343, -0.00206833123229, 0.00246008415706, -0.00426535308361, 0.00243438733742, -0.00415825052187, 0.00233861478046], [-0.000833004654851, 0.0010360009037, -0.00112525804434, 0.00770388636738, -0.00158924958669, 0.000718420313206, -0.00387279246934, 0.00318991718814, -9.60905381362e-05, 0.00174913939554, -0.00500815548003, -0.00137032766361, -0.000902991101611], [0.00116851006169, -0.00565881514922, 0.00195086270105, -0.00158924958669, 0.0153968390077, -0.0049604778178, -0.0032635149546, -0.000216117579839, -0.000134087051265, -0.00658615631983, 0.00345072429627, -0.00842990539968, 0.0033240984194], [-0.00176931463648, 0.00222074170597, -0.00362831540406, 0.000718420313206, -0.0049604778178, 0.0132992295548, -0.000151786967763, 0.000930045789573, -0.00234157056548, 0.00386830954812, -0.00498573947698, 0.00459161587059, -0.00667846575379], [0.000514298444614, 0.00056728022173, 0.000180997347343, -0.00387279246934, -0.0032635149546, -0.000151786967763, 0.0176349803805, -0.00624508596957, -0.00118160177954, -0.00010300676513, 0.00370213761926, 0.000667610089295, -0.00228166906163], [-0.00191347114742, 0.00322991958819, -0.00206833123229, 0.00318991718814, -0.000216117579839, 0.000930045789573, -0.00624508596957, 0.0166058633476, -0.00481617311016, 0.005052565597, -0.00502139655873, 0.00377344922163, -0.00231404299848], [0.000394073751522, -0.00289186579175, 0.00246008415706, -9.60905381362e-05, -0.000134087051265, -0.00234157056548, -0.00118160177954, -0.00481617311016, 0.00950626470149, -0.00240898015909, 0.00254118442535, -0.00353910820559, 0.00476704584435], [-0.00211883476004, 0.0043740272522, -0.00426535308361, 0.00174913939554, -0.00658615631983, 0.00386830954812, -0.00010300676513, 0.005052565597, -0.00240898015909, 0.0156013527885, -0.0126750525087, 0.0105753652751, -0.00973731651902], [0.00236073043197, -0.00362612167373, 0.00243438733742, -0.00500815548003, 0.00345072429627, -0.00498573947698, 0.00370213761926, -0.00502139655873, 0.00254118442535, -0.0126750525087, 0.0209000799805, -0.00832730531693, 0.0122499912977], [-0.00154548010323, 0.00459794607013, -0.00415825052187, -0.00137032766361, -0.00842990539968, 0.00459161587059, 0.000667610089295, 0.00377344922163, -0.00353910820559, 0.0105753652751, -0.00832730531693, 0.0194333009422, -0.00605854252353], [0.00188646116294, -0.00343508273363, 0.00233861478046, -0.000902991101611, 0.0033240984194, -0.00667846575379, -0.00228166906163, -0.00231404299848, 0.00476704584435, -0.00973731651902, 0.0122499912977, -0.00605854252353, 0.0185464471579]]
    spectral_contrast:
        mean: [5.62544713034e-08, 2.75723209597e-07, -3.68294962527e-07, -3.48124942207e-08, -1.72148077127e-07, 7.02976080902e-07, -2.93483890346e-06, 3.75757622351e-06, -2.30022874348e-06, -2.21176173909e-06, 3.35407207785e-06, -1.09219990918e-06]
        var: [0.000483943964355, 0.000735080102459, 0.00139162968844, 0.00180230371188, 0.00469290651381, 0.00660128053278, 0.0210798103362, 0.0449643656611, 0.0890853926539, 0.154228150845, 0.597402095795, 1.317070961]

rhythm:
    beats_loudness:
        dmean: 0.00317750824615
        dmean2: 0.0059173470363
        dvar: 1.16401506602e-05
        dvar2: 3.33958814736e-05
        max: 0.0133684128523
        mean: 0.00484086060897
        min: 0.000898108817637
        var: 9.08654874365e-06
    beats_loudness_bass:
        dmean: 0.0787228941917
        dmean2: 0.126976236701
        dvar: 0.00350189232267
        dvar2: 0.00801250617951
        max: 0.266819894314
        mean: 0.13041998446
        min: 0.0166849661618
        var: 0.0058895512484
    bpm: 164.823028564
    bpm_confidence: 0
    first_peak_bpm: 165
    first_peak_spread: 0
    first_peak_weight: 0.588235318661
    onset_rate: 3.28979492188
    second_peak_bpm: 66
    second_peak_spread: 0
    second_peak_weight: 0.352941185236
    beats_position: [0.160447448492, 1.06588172913, 1.97131586075, 2.87674999237, 3.78218412399, 4.68761825562, 5.59305238724, 5.98769140244, 6.35174512863, 6.7157998085, 7.07985401154, 7.44390773773, 7.80796194077, 8.1720161438, 8.53607082367, 8.90012454987, 9.26417922974, 9.62823295593]
    bpm_estimates: [164.084350586, 164.201858521, 166.614471436, 166.425552368, 167.185379028, 163.148712158, 164.392852783, 163.125823975, 164.228210449]
    bpm_intervals: [0.905434250832, 0.905434131622, 0.905434131622, 0.905434131622, 0.905434131622, 0.905434131622, 0.394639015198, 0.364053726196, 0.364054679871, 0.364054203033, 0.364053726196, 0.364054203033, 0.364054203033, 0.364054679871, 0.364053726196, 0.364054679871, 0.364053726196]
    onset_times: [0.0464399084449, 0.197369620204, 0.545668959618, 0.882358253002, 1.17260766029, 1.27709746361, 1.59056687355, 1.99691605568, 2.03174614906, 2.35682535172, 2.70512461662, 3.07664394379, 3.42494320869, 3.76163268089, 4.14476203918, 4.5046710968, 4.74848079681, 4.88780021667, 5.25931978226, 5.630838871, 5.97913837433, 6.31582784653, 6.68734693527, 7.01242637634, 7.05886602402, 7.41877555847, 7.80190467834, 8.13859367371, 8.53333377838, 8.88163280487, 9.2067117691, 9.57823085785, 9.94975090027]
    rubato_start: [6.35174512863]
    rubato_stop: [9.62823295593]
    perceptual_tempo: "unknown"

sfx:
    inharmonicity:
        dmean: 0.0165864638984
        dmean2: 0.0309464950114
        dvar: 0.00132506689988
        dvar2: 0.00393977435306
        max: 0.275777369738
        mean: 0.0113342804834
        min: 5.71106397729e-07
        var: 0.000846190319862
    oddtoevenharmonicenergyratio:
        dmean: 6.38520526886
        dmean2: 12.7000665665
        dvar: 1432.35949707
        dvar2: 4284.23046875
        max: 448.609039307
        mean: 3.3352355957
        min: 2.8168415156e-06
        var: 726.155761719
    pitch_after_max_to_before_max_energy_ratio: 0.45967361331
    pitch_centroid: 224.925140381
    pitch_max_to_total: 0.736111104488
    pitch_min_to_total: 0.0555555559695
    tristimulus:
        dmean: [0.215746819973, 0.22145408392, 0.0184907726943]
        dmean2: [0.392129808664, 0.406102776527, 0.0345886275172]
        dvar: [0.056891515851, 0.0617698766291, 0.00129169097636]
        dvar2: [0.164552733302, 0.179099366069, 0.00368661992252]
        max: [0.997324407101, 0.968769550323, 0.275854498148]
        mean: [0.693759858608, 0.275349855423, 0.0144689613953]
        min: [0.0208216048777, 0, 0]
        var: [0.0640823170543, 0.0645374655724, 0.0009096734575]

tonal:
    chords_changes_rate: 0.0138248847798
    chords_number_rate: 0.0184331797063
    chords_strength:
        dmean: 0.00686214584857
        dmean2: 0.00383452000096
        dvar: 3.48059766111e-05
        dvar2: 1.99688056455e-05
        max: 0.643693745136
        mean: 0.532870769501
        min: 0.30867394805
        var: 0.00471379747614
    key_strength: 0.767889559269
    tuning_diatonic_strength: 0.503074467182
    tuning_equal_tempered_deviation: 0.0502761304379
    tuning_frequency: 438.984558105
    tuning_nontempered_energy_ratio: 0.601280450821
    hpcp:
        dmean: [0.0310149658471, 0.0311744101346, 0.00729312188923, 0.00857790652663, 0.0107617061585, 0.0773145779967, 0.13781259954, 0.121252395213, 0.0535465069115, 0.0411153808236, 0.0386747457087, 0.0205848701298, 0.0156175028533, 0.00838407874107, 0.0151254106313, 0.0260594245046, 0.0231499429792, 0.0217955335975, 0.0215555466712, 0.0379872061312, 0.112351432443, 0.125630170107, 0.0709329470992, 0.0436493828893, 0.0544908232987, 0.060384657234, 0.0930362194777, 0.143239721656, 0.142137736082, 0.220307007432, 0.129369884729, 0.110644750297, 0.0529171228409, 0.0134632783011, 0.00974189583212, 0.0377334356308]
        dmean2: [0.0458310134709, 0.0514391921461, 0.0121773341671, 0.0143137713894, 0.0196555927396, 0.130666077137, 0.242272794247, 0.204407468438, 0.0842394903302, 0.0634062737226, 0.0641303062439, 0.0391986183822, 0.0293674040586, 0.0152587620541, 0.0287646073848, 0.0489982366562, 0.0448632650077, 0.043207347393, 0.0428828895092, 0.0706837028265, 0.202139899135, 0.218915745616, 0.115981422365, 0.0767866894603, 0.0938105732203, 0.107417143881, 0.164513528347, 0.261824309826, 0.261198490858, 0.420572906733, 0.222095131874, 0.204834610224, 0.105155155063, 0.0259666107595, 0.0186133477837, 0.0644788593054]
        dvar: [0.0108403498307, 0.00669332733378, 0.000349166744854, 0.000471316539915, 0.000843371730298, 0.0118758557364, 0.0530481375754, 0.0302447397262, 0.0129040936008, 0.0157896298915, 0.00985668506473, 0.00629875389859, 0.00849008373916, 0.0013020465849, 0.00225406466052, 0.00543519947678, 0.00420314306393, 0.00951800309122, 0.0125725734979, 0.00900507345796, 0.0450888574123, 0.0482796877623, 0.0221453867853, 0.023402299732, 0.0122201740742, 0.0133133614436, 0.0191489439458, 0.0617239326239, 0.0457218848169, 0.091445222497, 0.0415033400059, 0.0376814566553, 0.024127420038, 0.00138458074071, 0.00102682516444, 0.010946511291]
        dvar2: [0.0188668444753, 0.0169743858278, 0.000654313596897, 0.00104906223714, 0.0023414073512, 0.0315510332584, 0.126315295696, 0.0662734135985, 0.0255385003984, 0.0247058067471, 0.0238996334374, 0.0183260478079, 0.0253845006227, 0.00387259502895, 0.00685588410124, 0.0167101323605, 0.0137945339084, 0.0297080799937, 0.0374687053263, 0.0251667015254, 0.122322514653, 0.117830239236, 0.0563964471221, 0.0598596036434, 0.0298401657492, 0.0393016450107, 0.0562993660569, 0.16258405149, 0.135800465941, 0.307797431946, 0.084795974195, 0.128579422832, 0.0876033529639, 0.00473874481395, 0.00340205314569, 0.0308386478573]
        max: [1, 0.842538952827, 0.201544493437, 0.165013000369, 0.157565876842, 0.617444455624, 1, 1, 0.943150699139, 1, 0.831662595272, 0.578338801861, 0.92462682724, 0.360401034355, 0.395047098398, 0.625162184238, 0.394605994225, 0.798991560936, 1, 0.593963861465, 1, 1, 1, 1, 0.75680077076, 1, 1, 1, 1, 1, 1, 1, 1, 0.22857055068, 0.266644239426, 1]
        mean: [0.188866525888, 0.0961539968848, 0.00781221035868, 0.00950821768492, 0.00804321654141, 0.171531096101, 0.36464381218, 0.225542977452, 0.0952183827758, 0.124956279993, 0.0651840791106, 0.0129095586017, 0.0131298461929, 0.00887464545667, 0.0153890037909, 0.0284683480859, 0.0198746845126, 0.0128887407482, 0.0128630725667, 0.0234181378037, 0.135249048471, 0.246834903955, 0.14839912951, 0.033554058522, 0.040818694979, 0.0441707186401, 0.129526078701, 0.275436788797, 0.259913355112, 0.303964346647, 0.349569618702, 0.163713410497, 0.0291953235865, 0.00840010773391, 0.00610508257523, 0.099474683404]
        min: [0, 1.35573709485e-05, 4.18756717409e-05, 2.89320378215e-05, 1.01309888123e-05, 0, 0.000907384615857, 0.000844067370053, 3.12395495712e-05, 4.40741241619e-05, 2.14289298128e-06, 4.8072585912e-08, 0, 0, 0, 0, 0, 0, 0, 0, 1.64248358487e-05, 9.08381844056e-06, 9.35565822147e-06, 2.74114290733e-06, 2.36503160522e-06, 7.77153672971e-06, 1.3163677977e-05, 2.91193373414e-05, 2.90745010716e-05, 0, 0, 1.80037950486e-05, 3.13050418299e-06, 4.6652603487e-06, 4.63181686428e-06, 5.73043871555e-06]
        var: [0.128241941333, 0.0354278497398, 0.000336561992299, 0.000489833764732, 0.000489944475703, 0.0377766229212, 0.156445622444, 0.0582419857383, 0.0327839776874, 0.0743414536119, 0.0197096597403, 0.00340360752307, 0.00437204912305, 0.000735026900657, 0.00131706334651, 0.00355610391125, 0.00242008408532, 0.00488748075441, 0.00637272745371, 0.00559846963733, 0.0448298491538, 0.124278500676, 0.0520951449871, 0.0152602018788, 0.0095159066841, 0.00994931627065, 0.0322490893304, 0.130484998226, 0.0964974984527, 0.11329755187, 0.141258001328, 0.0443357490003, 0.0126799494028, 0.000753398169763, 0.000551268691197, 0.037129484117]
    chords_histogram: [14.7465438843, 0, 52.9953918457, 0, 0, 0, 0, 0, 0, 0, 0, 0, 0, 0, 0, 0, 0, 0, 0, 0, 0, 0, 21.1981563568, 11.0599079132]
    thpcp: [1, 0.618529558182, 0.261127114296, 0.342680364847, 0.178760960698, 0.0354032032192, 0.0360073186457, 0.0243378467858, 0.0422028377652, 0.0780716612935, 0.0545043796301, 0.0353461094201, 0.0352757200599, 0.0642219558358, 0.370907276869, 0.676920592785, 0.406970113516, 0.0920187234879, 0.111941277981, 0.121133878827, 0.355212599039, 0.755358457565, 0.712786972523, 0.833592474461, 0.95866048336, 0.448968023062, 0.080065317452, 0.023036474362, 0.0167425926775, 0.272799581289, 0.517947971821, 0.263692945242, 0.0214242227376, 0.0260753575712, 0.0220577344298, 0.470407247543]
    chords_key: "B"
    chords_scale: "minor"
    key_key: "E"
    key_scale: "minor"
    chords_progression: ["C", "C", "C", "C", "C", "C", "C", "C", "C", "C", "C", "C", "C", "C", "C", "C", "C", "C", "C", "C", "C", "C", "C", "C", "Bm", "Bm", "Bm", "Bm", "Bm", "Bm", "Bm", "Bm", "Bm", "Bm", "Bm", "Bm", "Bm", "Bm", "Bm", "Bm", "Bm", "Bm", "Bm", "Bm", "Bm", "Bm", "Bm", "Bm", "Bm", "Bm", "Bm", "Bm", "Bm", "Bm", "Bm", "Bm", "Bm", "Bm", "Bm", "Bm", "Bm", "Bm", "Bm", "Bm", "Bm", "Bm", "Bm", "Bm", "Bm", "Bm", "Bm", "Bm", "Bm", "Bm", "Bm", "Bm", "Bm", "Bm", "Bm", "Bm", "Bm", "Bm", "Bm", "Bm", "Bm", "Bm", "Bm", "Bm", "Bm", "Bm", "Bm", "Bm", "Bm", "Bm", "Bm", "Bm", "Bm", "Bm", "Bm", "Bm", "Bm", "Bm", "Bm", "Bm", "Bm", "Bm", "Bm", "Bm", "Bm", "Bm", "Bm", "Bm", "Bm", "Bm", "Bm", "Bm", "Bm", "Bm", "Bm", "Bm", "Bm", "Bm", "Bm", "Bm", "Bm", "Bm", "Bm", "Bm", "Bm", "Bm", "Bm", "Bm", "Bm", "Bm", "Bm", "Bm", "Bm", "Bm", "Bm", "Em", "Em", "Em", "Em", "Em", "Em", "Em", "Em", "Em", "Em", "Em", "Em", "Em", "Em", "Em", "Em", "Em", "Em", "Em", "Em", "Em", "Em", "Em", "Em", "Em", "Em", "Em", "Em", "Em", "Em", "Em", "Em", "Am", "Am", "Am", "Am", "Am", "Am", "Am", "Am", "Am", "Am", "Am", "Am", "Am", "Am", "Am", "Am", "Am", "Am", "Am", "Am", "Am", "Am", "Am", "Am", "Am", "Am", "Am", "Am", "Am", "Am", "Am", "Am", "Am", "Am", "Am", "Am", "Am", "Am", "Am", "Am", "Am", "Am", "Am", "Am", "Am", "Am"]
