
metadata:
    version:
        essentia: "1.2.2"
    audio_properties:
        analysis_sample_rate: 44100
        bitrate: 128
        channels: 2
        equal_loudness: 1
        length: 10.0310201645
        replay_gain: -6.01448631287
        downmix: "mix"
    tags:
        track: 2
        year: 0
        album: "Splitted by Mp3Splt v. 2.1"
        artist: "From 000.10 To 000.20"
        comment: "http://mp3splt.sf.net"
        genre: ""
        title: "05 The Cheap Seats.mp3"

highlevel:
    ballroom:
        all:
            ChaChaCha: 0.244239389896
            Jive: 0.629657864571
            Quickstep: 0.0533977150917
            Rumba-American: 0.000636027893052
            Rumba-International: 0.0015886540059
            Rumba-Misc: 0.000597947277129
            Samba: 0.0615050233901
            Tango: 0.00290219043382
            VienneseWaltz: 0.00416546501219
            Waltz: 0.00130969460588
        probability: 0.629657864571
        value: "Jive"
    culture:
        all:
            non_western: 0.0570318326354
            western: 0.942968189716
        probability: 0.942968189716
        value: "western"
    gender:
        all:
            female: 0.0400072298944
            male: 0.95999276638
        probability: 0.95999276638
        value: "male"
    genre_dortmund:
        all:
            alternative: 0.0383940264583
            blues: 0.0706816390157
            electronic: 0.0458908118308
            folkcountry: 0.196605071425
            funksoulrnb: 0.0401761606336
            jazz: 0.0345420949161
            pop: 0.0656724944711
            raphiphop: 0.0166965276003
            rock: 0.491341173649
        probability: 0.491341173649
        value: "rock"
    genre_electronica:
        all:
            ambient: 0.216214075685
            dnb: 0.340067774057
            house: 0.12015080452
            techno: 0.041933413595
            trance: 0.281633943319
        probability: 0.340067774057
        value: "dnb"
    genre_rosamerica:
        all:
            cla: 0.0443513654172
            dan: 0.0186907630414
            hip: 0.012731583789
            jaz: 0.0152885029092
            pop: 0.129819527268
            rhy: 0.0171092003584
            roc: 0.758759498596
            spe: 0.00324957584962
        probability: 0.758759498596
        value: "roc"
    genre_tzanetakis:
        all:
            blu: 0.0142930457368
            cla: 0.0191942676902
            cou: 0.109202690423
            dis: 0.291207313538
            hip: 0.00696712639183
            jaz: 0.0405293889344
            met: 0.0274275522679
            pop: 0.0803508460522
            reg: 0.0220888014883
            roc: 0.388738960028
        probability: 0.388738960028
        value: "roc"
    live_studio:
        all:
            live: 0.00309824221767
            studio: 0.996901750565
        probability: 0.996901750565
        value: "studio"
    mood:
        all:
            Cluster1: 0.230747252703
            Cluster2: 0.371089279652
            Cluster3: 0.0500784926116
            Cluster4: 0.199671760201
            Cluster5: 0.148413211107
        probability: 0.371089279652
        value: "Cluster2"
    mood_acoustic:
        all:
            acoustic: 0.0372269377112
            not_acoustic: 0.962773084641
        probability: 0.962773084641
        value: "not_acoustic"
    mood_aggressive:
        all:
            aggressive: 0.753306090832
            not_aggressive: 0.246693909168
        probability: 0.753306090832
        value: "aggressive"
    mood_electronic:
        all:
            electronic: 0.743531882763
            not_electronic: 0.256468147039
        probability: 0.743531882763
        value: "electronic"
    mood_happy:
        all:
            happy: 0.91456502676
            not_happy: 0.0854349806905
        probability: 0.91456502676
        value: "happy"
    mood_party:
        all:
            not_party: 0.189389079809
            party: 0.810610949993
        probability: 0.810610949993
        value: "party"
    mood_relaxed:
        all:
            not_relaxed: 0.903878927231
            relaxed: 0.0961210429668
        probability: 0.903878927231
        value: "not_relaxed"
    mood_sad:
        all:
            not_sad: 0.968313336372
            sad: 0.0316866748035
        probability: 0.968313336372
        value: "not_sad"
    rhythm:
        all:
            fast: 0.757987260818
            medium: 0.155405908823
            slow: 0.0866068080068
        probability: 0.757987260818
        value: "fast"
    speech_music:
        all:
            music: 0.999885082245
            speech: 0.000114895141451
        probability: 0.999885082245
        value: "music"
    timbre:
        all:
            bright: 0.953490138054
            dark: 0.0465098582208
        probability: 0.953490138054
        value: "bright"
    voice_instrumental:
        all:
            instrumental: 0.011671051383
            voice: 0.988328933716
        probability: 0.988328933716
        value: "voice"

lowlevel:
    average_loudness: 0.93282532692
    barkbands_kurtosis:
        dmean: 0.976852476597
        dmean2: 1.53631019592
        dvar: 2.47121334076
        dvar2: 4.60896158218
        max: 21.091211319
        mean: 0.444518178701
        min: -1.8223375082
        var: 9.62417984009
    barkbands_skewness:
        dmean: 0.342934519053
        dmean2: 0.517127513885
        dvar: 0.13977098465
        dvar2: 0.275748968124
        max: 1.94970822334
        mean: -0.835485577583
        min: -3.96556973457
        var: 0.777619123459
    barkbands_spread:
        dmean: 4.57041835785
        dmean2: 7.3659825325
        dvar: 25.4929275513
        dvar2: 64.5461425781
        max: 55.4728164673
        mean: 27.8355674744
        min: 5.66802215576
        var: 92.7065124512
    dissonance:
        dmean: 0.0129301175475
        dmean2: 0.0216297972947
        dvar: 0.00020751413831
        dvar2: 0.000518806569744
        max: 0.498541593552
        mean: 0.471220135689
        min: 0.331450611353
        var: 0.000624114123639
    hfc:
        dmean: 3.92856264114
        dmean2: 6.34008026123
        dvar: 90.4243774414
        dvar2: 242.407165527
        max: 89.9341278076
        mean: 10.2223043442
        min: 0.101069964468
        var: 102.217277527
    pitch:
        dmean: 551.905700684
        dmean2: 1071.75024414
        dvar: 1274589.5
        dvar2: 3347309.5
        max: 4900
        mean: 926.126464844
        min: 98.4375
        var: 1960750.875
    pitch_instantaneous_confidence:
        dmean: 0.0813438668847
        dmean2: 0.128923505545
        dvar: 0.0056584617123
        dvar2: 0.0143659301102
        max: 0.87944996357
        mean: 0.495390862226
        min: 0.14361011982
        var: 0.0250746421516
    pitch_salience:
        dmean: 0.0515778139234
        dmean2: 0.0863424316049
        dvar: 0.00237880088389
        dvar2: 0.0065829702653
        max: 0.867633938789
        mean: 0.644135117531
        min: 0.463045954704
        var: 0.00529518537223
    silence_rate_20dB:
        dmean: 0
        dmean2: 0
        dvar: 0
        dvar2: 0
        max: 1
        mean: 1
        min: 1
        var: 0
    silence_rate_30dB:
        dmean: 0
        dmean2: 0
        dvar: 0
        dvar2: 0
        max: 1
        mean: 1
        min: 1
        var: 0
    silence_rate_60dB:
        dmean: 0.0881670564413
        dmean2: 0.176744192839
        dvar: 0.0803941860795
        dvar2: 0.164109960198
        max: 1
        mean: 0.405092597008
        min: 0
        var: 0.240992411971
    spectral_centroid:
        dmean: 238.522415161
        dmean2: 367.187652588
        dvar: 94825.734375
        dvar2: 215297.625
        max: 4925.73779297
        mean: 2319.77734375
        min: 831.25201416
        var: 417453.875
    spectral_complexity:
        dmean: 3.35431241989
        dmean2: 5.28271007538
        dvar: 20.5644416809
        dvar2: 41.782207489
        max: 51
        mean: 15.1348838806
        min: 0
        var: 94.6237258911
    spectral_crest:
        dmean: 1.49576997757
        dmean2: 2.42786335945
        dvar: 1.45346868038
        dvar2: 3.6657409668
        max: 13.0791988373
        mean: 6.45998668671
        min: 2.99484229088
        var: 3.85765266418
    spectral_decrease:
        dmean: 2.76501599394e-10
        dmean2: 4.4111120312e-10
        dvar: 3.81765798829e-19
        dvar2: 1.00246059794e-18
        max: -7.96871509751e-12
        mean: -8.76894445945e-10
        min: -5.97023408488e-09
        var: 5.04228828692e-19
    spectral_energy:
        dmean: 0.00138485443313
        dmean2: 0.00221692840569
        dvar: 1.0101855878e-05
        dvar2: 2.66644456133e-05
        max: 0.030146708712
        mean: 0.00423679547384
        min: 3.92431174987e-05
        var: 1.27660532598e-05
    spectral_energyband_high:
        dmean: 0.000370035297237
        dmean2: 0.000618421181571
        dvar: 1.44910904964e-06
        dvar2: 3.85957582694e-06
        max: 0.0135348625481
        mean: 0.000570334552322
        min: 5.72887302042e-06
        var: 1.14910665161e-06
    spectral_energyband_low:
        dmean: 5.09231904289e-05
        dmean2: 8.3032900875e-05
        dvar: 1.37036293424e-08
        dvar2: 3.73816142485e-08
        max: 0.00105223269202
        mean: 0.000120407094073
        min: 2.23024301249e-08
        var: 2.16386091267e-08
    spectral_energyband_middle_high:
        dmean: 0.000819457112812
        dmean2: 0.00127747782972
        dvar: 1.72755153471e-06
        dvar2: 4.56407906313e-06
        max: 0.0145306903869
        mean: 0.00274616037495
        min: 2.09747122426e-05
        var: 4.49081699117e-06
    spectral_energyband_middle_low:
        dmean: 0.000390142435208
        dmean2: 0.000635572825558
        dvar: 1.03214119918e-06
        dvar2: 2.69302768174e-06
        max: 0.00908207707107
        mean: 0.000799891538918
        min: 5.58868987355e-06
        var: 8.62591832629e-07
    spectral_flatness_db:
        dmean: 0.0131744127721
        dmean2: 0.0199601687491
        dvar: 0.000124454018078
        dvar2: 0.000302124186419
        max: 0.243940591812
        mean: 0.151446983218
        min: 0.0959827229381
        var: 0.00097208074294
    spectral_flux:
        dmean: 0.00877794716507
        dmean2: 0.0138476556167
        dvar: 0.000176868852577
        dvar2: 0.000339463498676
        max: 0.147518068552
        mean: 0.0352185554802
        min: 0.00430003646761
        var: 0.000436140078818
    spectral_kurtosis:
        dmean: 0.888428390026
        dmean2: 1.4741435051
        dvar: 1.1315690279
        dvar2: 3.02142906189
        max: 10.4755592346
        mean: 2.88769721985
        min: 0.0504190921783
        var: 3.21239876747
    spectral_rms:
        dmean: 0.00027746631531
        dmean2: 0.000422271084972
        dvar: 2.12739607264e-07
        dvar2: 5.27192071331e-07
        max: 0.00542323011905
        mean: 0.00186891457997
        min: 0.000195668006199
        var: 6.40620442027e-07
    spectral_rolloff:
        dmean: 326.762481689
        dmean2: 539.839172363
        dvar: 161846.421875
        dvar2: 377746.28125
        max: 6287.6953125
        mean: 3746.22924805
        min: 904.39453125
        var: 460871.25
    spectral_skewness:
        dmean: 0.158255949616
        dmean2: 0.251241028309
        dvar: 0.0360718183219
        dvar2: 0.0854755863547
        max: 2.96796870232
        mean: 1.15774250031
        min: 0.268159419298
        var: 0.133696213365
    spectral_spread:
        dmean: 373036
        dmean2: 536110.625
        dvar: 264544354304
        dvar2: 406549037056
        max: 11661965
        mean: 4580038
        min: 2970100.75
        var: 799912558592
    spectral_strongpeak:
        dmean: 0.840913414955
        dmean2: 1.45255017281
        dvar: 0.831901788712
        dvar2: 2.13819932938
        max: 7.4221124649
        mean: 1.53974807262
        min: 0.0187461040914
        var: 1.840675354
    zerocrossingrate:
        dmean: 0.00736633175984
        dmean2: 0.00814676750451
        dvar: 6.42784361844e-05
        dvar2: 6.98902877048e-05
        max: 0.22119140625
        mean: 0.122161157429
        min: 0.04833984375
        var: 0.000618845573626
    barkbands:
        dmean: [1.53175335527e-07, 1.74823471752e-05, 3.70829329768e-05, 5.56506129215e-05, 9.71331464825e-05, 0.000112257228466, 9.62937629083e-05, 8.78623250173e-05, 6.89922089805e-05, 4.1452851292e-05, 2.8517739338e-05, 3.73006187147e-05, 7.09237283445e-05, 8.15062085167e-05, 0.000131355205667, 0.00012975493155, 0.000270092685241, 0.000188998063095, 0.000363263359759, 0.000242387774051, 0.000212269893382, 6.95359922247e-05, 1.11353565444e-05, 3.10243558488e-06, 1.03196452983e-06, 3.45071846652e-08, 6.85637713271e-10]
        dmean2: [2.41736472617e-07, 3.1044230127e-05, 5.86988171563e-05, 9.31413524086e-05, 0.000163178920047, 0.000183018666576, 0.000166000711033, 0.000144120451296, 0.000111214059871, 6.63458340568e-05, 4.52480271633e-05, 5.21269612364e-05, 0.000114427202789, 0.000131449676701, 0.00020397422486, 0.000197609741008, 0.000417239760282, 0.000308090762701, 0.000576175341848, 0.000420675351052, 0.000355142576154, 0.000116898409033, 1.77369402081e-05, 4.44148963652e-06, 1.43573299738e-06, 4.86530638e-08, 9.69917812732e-10]
        dvar: [2.13810374028e-13, 2.97619440204e-09, 6.04438410434e-09, 1.42303493433e-08, 4.76313637421e-08, 5.45258558304e-08, 1.30523460484e-07, 7.24711313183e-08, 1.7398813057e-08, 4.94369833959e-09, 3.71565533897e-09, 3.87239129651e-09, 1.19941381271e-08, 1.27666712757e-08, 2.59831711702e-08, 4.02778752573e-08, 1.35707693971e-07, 6.94836330695e-08, 2.49987948564e-07, 4.05777910828e-07, 5.67941697227e-07, 5.6978404217e-08, 7.24786508588e-10, 4.93159436898e-11, 6.9170797562e-12, 4.64269642763e-15, 5.18950749352e-17]
        dvar2: [4.79444066913e-13, 8.59112336826e-09, 1.53092418742e-08, 3.78491655795e-08, 1.27496747382e-07, 1.46160942904e-07, 3.53923780949e-07, 1.93663964865e-07, 4.32100648595e-08, 1.31499184874e-08, 8.39845704093e-09, 7.1262817869e-09, 3.12589172324e-08, 3.32326308694e-08, 6.58579821788e-08, 9.17775295761e-08, 3.2459013255e-07, 1.72195868231e-07, 6.22746370027e-07, 1.18793013826e-06, 1.48840331349e-06, 1.55680226044e-07, 1.83233062057e-09, 1.19376786234e-10, 1.40474871319e-11, 8.51727119145e-15, 5.36984808718e-17]
        max: [4.9694167501e-06, 0.000525959359948, 0.000822093279567, 0.001294203219, 0.00219676177949, 0.00217082095332, 0.00335436500609, 0.00221292092465, 0.00104329572059, 0.000862765184138, 0.000712586042937, 0.000883857195731, 0.00108071765862, 0.000947647145949, 0.00138351565693, 0.0023556991946, 0.00429378123954, 0.00232886057347, 0.00500126974657, 0.0064977617003, 0.00930776633322, 0.00236325990409, 0.000226183037739, 0.000120505035738, 5.8376648667e-05, 9.67940309238e-07, 1.48612357975e-07]
        mean: [2.14170029267e-07, 2.98844370263e-05, 9.03139225557e-05, 8.48735144245e-05, 0.000182867341209, 0.000181832248927, 0.000103127909824, 0.000124465601402, 0.000110031054646, 8.32625082694e-05, 4.3927335355e-05, 7.81466005719e-05, 0.000120403397887, 0.000122303696116, 0.000225900206715, 0.000248259602813, 0.000526440097019, 0.000385171588277, 0.000704156118445, 0.000370853784261, 0.000297027261695, 9.52623013291e-05, 1.97848166863e-05, 6.16737543169e-06, 2.0451805085e-06, 7.61844631825e-08, 6.71992128609e-10]
        min: [2.16719155642e-12, 5.33729060948e-09, 1.39200189153e-08, 1.60017847861e-08, 1.56149792474e-06, 3.35646774374e-07, 3.15209888413e-07, 2.27997247748e-07, 1.29488242351e-07, 3.70007491313e-08, 3.9500186233e-08, 2.73941878959e-07, 1.89880005053e-08, 1.91151102058e-07, 3.04278103158e-07, 9.8849443475e-07, 2.31400872508e-06, 2.68948633675e-06, 4.43894305135e-06, 2.50098537435e-06, 2.5855417789e-06, 7.31036379875e-07, 9.3140378965e-08, 1.95154488125e-08, 5.90794879685e-09, 2.44164098662e-11, 4.31034365372e-14]
        var: [2.33435097424e-13, 2.2723591897e-09, 1.45509710947e-08, 1.71625771372e-08, 5.09063085019e-08, 4.56577176067e-08, 9.31003896198e-08, 7.72413599748e-08, 2.76170517566e-08, 1.49158854157e-08, 4.55118831511e-09, 1.00046362306e-08, 2.91439814504e-08, 2.05930774655e-08, 5.90035433845e-08, 9.77402407898e-08, 3.32142661819e-07, 1.41381406138e-07, 5.21665867836e-07, 3.2968662822e-07, 4.28843009104e-07, 4.17936014685e-08, 9.2967417098e-10, 1.28067279004e-10, 1.68988035371e-11, 1.21265861529e-14, 5.15211959158e-17]
    mfcc:
        mean: [-713.382873535, 72.6668624878, -59.0353889465, 50.6935462952, -14.4300918579, -4.64637994766, -13.7033252716, -5.99474620819, -9.15733718872, -8.17939281464, -7.22432279587, -7.20600509644, -5.75041723251]
        cov: [[4256.74169922, 315.601959229, -410.330169678, -73.8564071655, 278.580871582, 238.474182129, 206.649673462, 147.047698975, 64.618019104, 124.296318054, 18.4510097504, 210.12336731, 133.270767212], [315.601959229, 873.954956055, -137.683334351, 67.0993423462, 190.759872437, 168.036895752, 120.267318726, 111.714920044, 32.6700248718, -0.471749961376, 59.2061347961, 22.6067886353, 19.4532871246], [-410.330169678, -137.683334351, 420.656768799, 238.956954956, -3.25893115997, 111.883049011, 35.1328582764, -40.9878768921, 32.1731147766, -19.9467487335, 21.9373092651, 5.78163528442, 6.36954164505], [-73.8564071655, 67.0993423462, 238.956954956, 439.75680542, 139.367599487, 245.738540649, 94.3984298706, 36.5818138123, 62.6176567078, -1.95854616165, 30.6183547974, 71.3232192993, 89.8113174438], [278.580871582, 190.759872437, -3.25893115997, 139.367599487, 253.088226318, 134.78263855, 78.0633621216, 39.3286933899, 25.8156757355, 6.78231287003, -5.21538877487, 42.2023391724, 59.2389793396], [238.474182129, 168.036895752, 111.883049011, 245.738540649, 134.78263855, 315.30960083, 135.597732544, 51.7678451538, 52.4121894836, -1.29989659786, 32.80027771, 84.2487258911, 77.7992630005], [206.649673462, 120.267318726, 35.1328582764, 94.3984298706, 78.0633621216, 135.597732544, 144.232574463, 55.7870330811, 23.1939220428, 4.37497472763, 25.5978527069, 45.1362762451, 20.1225337982], [147.047698975, 111.714920044, -40.9878768921, 36.5818138123, 39.3286933899, 51.7678451538, 55.7870330811, 100.876853943, 30.4132003784, 7.14580154419, 7.6108956337, 28.5635910034, 19.2748165131], [64.618019104, 32.6700248718, 32.1731147766, 62.6176567078, 25.8156757355, 52.4121894836, 23.1939220428, 30.4132003784, 91.8550872803, 11.1515836716, 14.8638114929, 1.16550004482, 8.11954498291], [124.296318054, -0.471749961376, -19.9467487335, -1.95854616165, 6.78231287003, -1.29989659786, 4.37497472763, 7.14580154419, 11.1515836716, 56.4243965149, 10.9022674561, 1.66014146805, 4.42756700516], [18.4510097504, 59.2061347961, 21.9373092651, 30.6183547974, -5.21538877487, 32.80027771, 25.5978527069, 7.6108956337, 14.8638114929, 10.9022674561, 69.4691162109, 13.5412511826, -3.64259004593], [210.12336731, 22.6067886353, 5.78163528442, 71.3232192993, 42.2023391724, 84.2487258911, 45.1362762451, 28.5635910034, 1.16550004482, 1.66014146805, 13.5412511826, 85.7045211792, 48.8467559814], [133.270767212, 19.4532871246, 6.36954164505, 89.8113174438, 59.2389793396, 77.7992630005, 20.1225337982, 19.2748165131, 8.11954498291, 4.42756700516, -3.64259004593, 48.8467559814, 85.8400497437]]
        icov: [[0.000355635740561, 1.29193203975e-05, 0.00026717808214, 0.000276976672467, -0.000220675996388, -0.000150494932313, -0.000274524325505, 0.000132857894641, -0.000298321247101, -0.000591080926824, 0.000126860380988, -0.000739112729207, -5.67991337448e-05], [1.29193203975e-05, 0.00197849026881, 0.000808175595012, 7.61566043366e-05, -0.0012318638619, -0.00104959623422, 1.92954994418e-05, -0.00147669331636, 0.000530377787072, 0.000764147087466, -0.00190189888235, 0.00141769798938, 0.00054335972527], [0.00026717808214, 0.000808175595012, 0.00522491615266, -0.00296628917567, 0.000755776185542, -0.00074043252971, -0.00126886507496, 0.00240931264125, -0.000740676594432, 0.000941367645282, -0.000504177121911, 0.000572446791921, 0.0016981823137], [0.000276976672467, 7.61566043366e-05, -0.00296628917567, 0.00693318899721, -0.00187224673573, -0.00265586003661, 0.000773261417635, -0.00128132803366, -0.00113087007776, -0.000464336684672, -0.000999006209895, -0.000724844110664, -0.00317453965545], [-0.000220675996388, -0.0012318638619, 0.000755776185542, -0.00187224673573, 0.00728778168559, -0.000218016662984, -0.00216769590043, 0.00137552118395, -0.000455558445537, -0.000535489292815, 0.00296837231144, 0.000471840176033, -0.00217974721454], [-0.000150494932313, -0.00104959623422, -0.00074043252971, -0.00265586003661, -0.000218016662984, 0.0103741539642, -0.00567561481148, 0.00205012178048, -0.00239144917578, 0.00121685315389, 4.54299552075e-05, -0.00307527347468, -0.0031612846069], [-0.000274524325505, 1.92954994418e-05, -0.00126886507496, 0.000773261417635, -0.00216769590043, -0.00567561481148, 0.0161426775157, -0.00632967380807, 0.00198853760958, -0.000405245664297, -0.00232018739916, -0.00208261306398, 0.00490345992148], [0.000132857894641, -0.00147669331636, 0.00240931264125, -0.00128132803366, 0.00137552118395, 0.00205012178048, -0.00632967380807, 0.0175379216671, -0.00550479022786, -0.000551041797735, 0.00255048787221, -0.00394450128078, -0.00106941862032], [-0.000298321247101, 0.000530377787072, -0.000740676594432, -0.00113087007776, -0.000455558445537, -0.00239144917578, 0.00198853760958, -0.00550479022786, 0.0152691220865, -0.00181051797699, -0.00256400066428, 0.00481759291142, 0.000631713133771], [-0.000591080926824, 0.000764147087466, 0.000941367645282, -0.000464336684672, -0.000535489292815, 0.00121685315389, -0.000405245664297, -0.000551041797735, -0.00181051797699, 0.0208269916475, -0.00443206587806, 0.00238319556229, -0.00180131872185], [0.000126860380988, -0.00190189888235, -0.000504177121911, -0.000999006209895, 0.00296837231144, 4.54299552075e-05, -0.00232018739916, 0.00255048787221, -0.00256400066428, -0.00443206587806, 0.019749423489, -0.00498354900628, 0.00334326457232], [-0.000739112729207, 0.00141769798938, 0.000572446791921, -0.000724844110664, 0.000471840176033, -0.00307527347468, -0.00208261306398, -0.00394450128078, 0.00481759291142, 0.00238319556229, -0.00498354900628, 0.0250621829182, -0.00967394467443], [-5.67991337448e-05, 0.00054335972527, 0.0016981823137, -0.00317453965545, -0.00217974721454, -0.0031612846069, 0.00490345992148, -0.00106941862032, 0.000631713133771, -0.00180131872185, 0.00334326457232, -0.00967394467443, 0.0239500328898]]
    spectral_contrast:
        mean: [2.04301855433e-07, 6.39459074137e-07, -1.43947815445e-07, -2.1662995664e-07, -3.44203840541e-07, 1.32239136974e-07, -1.52740369685e-06, -3.43960391547e-06, -2.71589260592e-06, -4.34975305552e-07, -3.55815473085e-06, 1.65714780564e-07]
        var: [0.000647247827146, 0.000756186258513, 0.00149027665611, 0.00176932627801, 0.00273808813654, 0.00693910801783, 0.050790283829, 0.0743984282017, 0.122939273715, 0.330497294664, 0.915409803391, 3.27900457382]

rhythm:
    beats_loudness:
        dmean: 0.00295002898201
        dmean2: 0.00548986438662
        dvar: 3.45682246916e-06
        dvar2: 1.1487494703e-05
        max: 0.011592448689
        mean: 0.00580707890913
        min: 8.3857543359e-05
        var: 1.11173194455e-05
    beats_loudness_bass:
        dmean: 0.0455231890082
        dmean2: 0.079700037837
        dvar: 0.00247397320345
        dvar2: 0.00670902198181
        max: 0.197829335928
        mean: 0.0497209392488
        min: 4.71119528811e-05
        var: 0.00260578957386
    bpm: 141.559768677
    bpm_confidence: 0
    first_peak_bpm: 142
    first_peak_spread: 0
    first_peak_weight: 0.619047641754
    onset_rate: 3.0904135704
    second_peak_bpm: 111
    second_peak_spread: 0
    second_peak_weight: 0.333333343267
    beats_position: [0.0966319665313, 0.520484507084, 0.944337069988, 1.3681896925, 1.7920422554, 2.2158946991, 2.63974738121, 3.06359982491, 3.48745250702, 3.91130518913, 4.33515787125, 4.75901079178, 5.18286323547, 5.60671615601, 5.98735237122, 6.52846240997, 7.06957101822, 7.6106801033, 8.15178871155, 8.69289779663, 9.23400688171, 9.7751159668]
    bpm_estimates: [141.493621826, 141.664840698, 142.368682861, 141.347427368, 141.158950806, 141.325073242]
    bpm_intervals: [0.423852533102, 0.423852562904, 0.423852622509, 0.423852562904, 0.423852443695, 0.423852682114, 0.423852443695, 0.423852682114, 0.423852682114, 0.423852682114, 0.423852920532, 0.423852443695, 0.423852920532, 0.38063621521, 0.541110038757, 0.541108608246, 0.541109085083, 0.541108608246, 0.541109085083, 0.541109085083, 0.541109085083]
    onset_times: [0.0580498874187, 0.301859408617, 0.406349211931, 0.522448956966, 0.952018141747, 1.369977355, 1.59056687355, 1.78793644905, 2.02013611794, 2.22911572456, 2.64707493782, 3.05342411995, 3.13469386101, 3.32045340538, 3.50621318817, 3.73841261864, 3.9125623703, 4.35374164581, 4.7833108902, 4.81814050674, 5.21287965775, 5.42185926437, 7.32589578629, 7.75546503067, 8.01088428497, 8.47528362274, 8.84680271149, 8.98612213135, 9.287981987, 9.45052146912, 9.70594120026]
    rubato_start: [6.52846240997]
    rubato_stop: [9.7751159668]
    perceptual_tempo: "unknown"

sfx:
    inharmonicity:
        dmean: 0.0698923915625
        dmean2: 0.118319660425
        dvar: 0.00467221764848
        dvar2: 0.0130986785516
        max: 0.424969047308
        mean: 0.0916380062699
        min: 7.83762297942e-05
        var: 0.00648743240163
    oddtoevenharmonicenergyratio:
        dmean: 2.28458762169
        dmean2: 4.18628120422
        dvar: 19.9723892212
        dvar2: 58.2411193848
        max: 32.7815208435
        mean: 1.85833394527
        min: 0.000437982525909
        var: 14.3698015213
    pitch_after_max_to_before_max_energy_ratio: 27.4400234222
    pitch_centroid: 229.776748657
    pitch_max_to_total: 0.00232558138669
    pitch_min_to_total: 0.565116286278
    tristimulus:
        dmean: [0.128822177649, 0.206937119365, 0.175940975547]
        dmean2: [0.226835176349, 0.345683515072, 0.298982232809]
        dvar: [0.018089979887, 0.0381141863763, 0.0255352035165]
        dvar2: [0.0517106279731, 0.106577090919, 0.0690411999822]
        max: [0.899212479591, 0.966183841228, 0.768425583839]
        mean: [0.235031887889, 0.487752526999, 0.232813209295]
        min: [0.00132181728259, 0, 0]
        var: [0.0231347735971, 0.0491540692747, 0.0379784218967]

tonal:
    chords_changes_rate: 0.074074074626
    chords_number_rate: 0.0277777779847
    chords_strength:
        dmean: 0.00676893629134
        dmean2: 0.00661383382976
        dvar: 3.18978054565e-05
        dvar2: 2.66875667876e-05
        max: 0.624843120575
        mean: 0.495685845613
        min: 0.355447262526
        var: 0.00442104786634
    key_strength: 0.832121431828
    tuning_diatonic_strength: 0.62369120121
    tuning_equal_tempered_deviation: 0.113643616438
    tuning_frequency: 443.060424805
    tuning_nontempered_energy_ratio: 0.707953095436
    hpcp:
        dmean: [0.221969857812, 0.147768452764, 0.0846423655748, 0.0930086299777, 0.108852252364, 0.166913181543, 0.16958424449, 0.112331606448, 0.154468327761, 0.164836242795, 0.119739152491, 0.0865941569209, 0.089732453227, 0.141796320677, 0.211113199592, 0.233381301165, 0.172878459096, 0.128612458706, 0.077948667109, 0.0828273743391, 0.13655744493, 0.138904243708, 0.131109550595, 0.156876638532, 0.0912967920303, 0.0748633816838, 0.113930635154, 0.101877063513, 0.0956550091505, 0.16049452126, 0.188429832458, 0.102513737977, 0.0670944154263, 0.0666691437364, 0.0667875856161, 0.161730483174]
        dmean2: [0.368401229382, 0.246346697211, 0.141397148371, 0.153552994132, 0.162988856435, 0.277371913195, 0.273324638605, 0.184900522232, 0.258463680744, 0.28109806776, 0.205215573311, 0.14328686893, 0.153637260199, 0.238274529576, 0.373511582613, 0.395826756954, 0.297791182995, 0.220369637012, 0.134999603033, 0.133641764522, 0.221750929952, 0.223676592112, 0.221120387316, 0.270488977432, 0.156354486942, 0.136590763927, 0.204930111766, 0.178723797202, 0.158550068736, 0.268163084984, 0.317438691854, 0.170455992222, 0.110792718828, 0.10797508806, 0.105655796826, 0.268575638533]
        dvar: [0.0427365414798, 0.0217684563249, 0.0139810498804, 0.0189773142338, 0.0182490963489, 0.0343637429178, 0.0297855529934, 0.0191236622632, 0.0326416492462, 0.0396787449718, 0.0247228890657, 0.0157765168697, 0.0234302170575, 0.0291122123599, 0.0420046523213, 0.0420675203204, 0.0406842902303, 0.0399468392134, 0.0137829855084, 0.0100580267608, 0.0265137348324, 0.0257132891566, 0.0204406362027, 0.0298141278327, 0.0112271914259, 0.019132995978, 0.0286561585963, 0.0198432635516, 0.0134213799611, 0.0231469459832, 0.0353791303933, 0.00874052103609, 0.0112349856645, 0.00786389317364, 0.00931553542614, 0.029998857528]
        dvar2: [0.117175333202, 0.0587667115033, 0.0376181378961, 0.0476968102157, 0.0396883897483, 0.0880679041147, 0.0855012238026, 0.0468721240759, 0.0849636569619, 0.10192592442, 0.060396105051, 0.0434874631464, 0.0638978555799, 0.0798546373844, 0.0954462587833, 0.092917047441, 0.100437402725, 0.10509840399, 0.0395792461932, 0.0247688386589, 0.0678857043386, 0.0593028254807, 0.055686738342, 0.0861906930804, 0.0314783640206, 0.0565258935094, 0.0890043526888, 0.0638824775815, 0.0384535491467, 0.0600845627487, 0.0977943688631, 0.0225629769266, 0.0318577289581, 0.0220423899591, 0.0215750411153, 0.0769251957536]
        max: [1, 1, 0.65531796217, 1, 1, 1, 1, 0.960615634918, 1, 1, 0.980863630772, 0.797186553478, 1, 1, 1, 1, 1, 1, 0.856933176517, 0.88084757328, 1, 1, 1, 1, 0.744457423687, 1, 1, 0.972669839859, 0.713020324707, 1, 1, 0.905274093151, 1, 0.629286289215, 0.716065704823, 1]
        mean: [0.383333981037, 0.255669057369, 0.127264469862, 0.133788943291, 0.192992970347, 0.307552009821, 0.286519169807, 0.193883210421, 0.312223821878, 0.34774184227, 0.212018072605, 0.144022718072, 0.128143891692, 0.203499540687, 0.517590880394, 0.64631742239, 0.360772460699, 0.152701303363, 0.100385054946, 0.129060745239, 0.257997691631, 0.269200354815, 0.218619421124, 0.234832152724, 0.14873111248, 0.0910740420222, 0.134242758155, 0.132930696011, 0.139490634203, 0.457918614149, 0.612808644772, 0.293155133724, 0.11766410619, 0.11292809993, 0.111199848354, 0.255723357201]
        min: [0.0223502796143, 0.00918435957283, 0.00216343207285, 0.00244008610025, 0.00261337449774, 0.00515981996432, 0.00752436276525, 0.00935124978423, 0.00709422957152, 0.00625732308254, 0.00745040969923, 0.00465075252578, 0.00277347886004, 0.00336411129683, 0.0126012079418, 0.017000278458, 0.00373808597215, 0.00211658515036, 0.00240696035326, 0.0011281472398, 0.00112340389751, 0.00177224574145, 0.00675139389932, 0.00460429256782, 0.00203983904794, 0.00207609310746, 0.00537749985233, 0.00353346462362, 0.00430659903213, 0.00696695642546, 0.013236220926, 0.0163213331252, 0.00284614250995, 0.00312783615664, 0.00451773777604, 0.0181723460555]
        var: [0.0804077014327, 0.0406781360507, 0.0183152519166, 0.0276110414416, 0.038831051439, 0.0659506246448, 0.0571174100041, 0.0335140414536, 0.0761349797249, 0.0951202586293, 0.0373610034585, 0.023950887844, 0.0269062183797, 0.0333872549236, 0.0660625994205, 0.0842475444078, 0.0554848462343, 0.0405341535807, 0.0142209688202, 0.0221265945584, 0.0676963925362, 0.0715916231275, 0.0345912091434, 0.0454720817506, 0.0194204896688, 0.0164046064019, 0.0284132473171, 0.0209680404514, 0.0152363348752, 0.0773345977068, 0.126660719514, 0.0238120276481, 0.0151371015236, 0.0147240580991, 0.0162892956287, 0.0469503104687]
    chords_histogram: [29.6296291351, 0, 2.77777767181, 0, 0, 0, 0, 0, 0, 0, 0, 0, 0, 0, 0, 0, 0, 7.87037038803, 0, 13.8888893127, 0, 1.85185182095, 43.9814796448, 0]
    thpcp: [1, 0.558197021484, 0.236263632774, 0.155318498611, 0.199686318636, 0.399181097746, 0.416514158249, 0.338253945112, 0.36333873868, 0.23012085259, 0.140912249684, 0.20770406723, 0.205674007535, 0.215823724866, 0.708504199982, 0.948154330254, 0.453577637672, 0.182053118944, 0.174725443125, 0.17205144465, 0.39566218853, 0.593104839325, 0.395578175783, 0.196907073259, 0.207001909614, 0.298604011536, 0.475852876902, 0.443310290575, 0.299981415272, 0.483081251383, 0.538035690784, 0.328040152788, 0.222835883498, 0.19826772809, 0.31486004591, 0.80083078146]
    chords_key: "C"
    chords_scale: "major"
    key_key: "G"
    key_scale: "major"
    chords_progression: ["G", "G", "G", "G", "G", "C", "C", "C", "C", "C", "C", "C", "C", "C", "C", "C", "C", "C", "C", "C", "C", "C", "C", "C", "C", "C", "C", "C", "C", "C", "C", "C", "C", "C", "C", "C", "C", "C", "C", "C", "C", "C", "C", "C", "C", "C", "C", "C", "C", "C", "C", "C", "C", "C", "C", "C", "C", "C", "C", "C", "C", "C", "C", "C", "C", "C", "C", "C", "C", "C", "C", "C", "C", "C", "C", "Am", "C", "C", "C", "Am", "C", "Am", "C", "C", "C", "C", "C", "C", "C", "C", "C", "C", "C", "C", "C", "C", "Am", "C", "C", "C", "C", "C", "C", "C", "G", "G", "G", "G", "G", "G", "G", "G", "G", "G", "G", "G", "G", "G", "G", "Gm", "Gm", "Gm", "Gm", "Gm", "Gm", "Gm", "Gm", "Gm", "Gm", "Gm", "Gm", "Gm", "Gm", "Gm", "Gm", "Gm", "G", "G", "G", "G", "G", "G", "G", "G", "G", "G", "G", "G", "G", "G", "G", "G", "G", "G", "G", "G", "G", "G", "G", "G", "G", "G", "G", "G", "G", "G", "G", "G", "G", "G", "G", "G", "G", "G", "G", "G", "G", "G", "G", "G", "D", "D", "D", "D", "D", "Dm", "D", "Dm", "Dm", "Dm", "Dm", "Dm", "Dm", "Dm", "Dm", "Dm", "Dm", "Dm", "Dm", "Dm", "Dm", "Dm", "Dm", "Dm", "Dm", "Dm", "Dm", "Dm", "Dm", "Dm", "Dm", "Dm", "Dm", "Dm", "Dm", "Dm"]
