
metadata:
    version:
        essentia: "1.2.2"
    audio_properties:
        analysis_sample_rate: 44100
        bitrate: 128
        channels: 2
        equal_loudness: 1
        length: 10.0310201645
        replay_gain: -8.90090370178
        downmix: "mix"
    tags:
        track: 2
        year: 0
        album: "Splitted by Mp3Splt v. 2.1"
        artist: "From 000.10 To 000.20"
        comment: "http://mp3splt.sf.net"
        genre: ""
        title: "05 In the Beats We Trust.mp3"

highlevel:
    ballroom:
        all:
            ChaChaCha: 0.00794136151671
            Jive: 0.00863385759294
            Quickstep: 0.0198917742819
            Rumba-American: 0.011304593645
            Rumba-International: 0.102940097451
            Rumba-Misc: 0.117831990123
            Samba: 0.00764404144138
            Tango: 0.0249298717827
            VienneseWaltz: 0.0315492115915
            Waltz: 0.667333185673
        probability: 0.667333185673
        value: "Waltz"
    culture:
        all:
            non_western: 0.412676721811
            western: 0.587323307991
        probability: 0.587323307991
        value: "western"
    gender:
        all:
            female: 0.667219698429
            male: 0.332780301571
        probability: 0.667219698429
        value: "female"
    genre_dortmund:
        all:
            alternative: 0.123765252531
            blues: 0.0127588948235
            electronic: 0.119939543307
            folkcountry: 0.0553072020411
            funksoulrnb: 0.00488898297772
            jazz: 0.626371026039
            pop: 0.0236301328987
            raphiphop: 0.00061501323944
            rock: 0.0327239371836
        probability: 0.626371026039
        value: "jazz"
    genre_electronica:
        all:
            ambient: 0.991594612598
            dnb: 0.00179323728662
            house: 0.00229213037528
            techno: 0.00138055742718
            trance: 0.00293948687613
        probability: 0.991594612598
        value: "ambient"
    genre_rosamerica:
        all:
            cla: 0.558751702309
            dan: 0.0129922404885
            hip: 0.0147160608321
            jaz: 0.340932279825
            pop: 0.00898524187505
            rhy: 0.0114874923602
            roc: 0.0292265675962
            spe: 0.0229083951563
        probability: 0.558751702309
        value: "cla"
    genre_tzanetakis:
        all:
            blu: 0.0677285268903
            cla: 0.628489792347
            cou: 0.0224735811353
            dis: 0.0114337345585
            hip: 0.00971801392734
            jaz: 0.168439999223
            met: 0.0132824629545
            pop: 0.0164263211191
            reg: 0.03328005597
            roc: 0.0287275034934
        probability: 0.628489792347
        value: "cla"
    live_studio:
        all:
            live: 0.942609369755
            studio: 0.057390652597
        probability: 0.942609369755
        value: "live"
    mood:
        all:
            Cluster1: 0.1581363976
            Cluster2: 0.138439595699
            Cluster3: 0.319926321507
            Cluster4: 0.0829186961055
            Cluster5: 0.300578981638
        probability: 0.319926321507
        value: "Cluster3"
    mood_acoustic:
        all:
            acoustic: 0.804027915001
            not_acoustic: 0.195972070098
        probability: 0.804027915001
        value: "acoustic"
    mood_aggressive:
        all:
            aggressive: 1.88715239346e-06
            not_aggressive: 0.999998092651
        probability: 0.999998092651
        value: "not_aggressive"
    mood_electronic:
        all:
            electronic: 0.228023946285
            not_electronic: 0.771976053715
        probability: 0.771976053715
        value: "not_electronic"
    mood_happy:
        all:
            happy: 0.0195795800537
            not_happy: 0.980420410633
        probability: 0.980420410633
        value: "not_happy"
    mood_party:
        all:
            not_party: 0.958259820938
            party: 0.0417401641607
        probability: 0.958259820938
        value: "not_party"
    mood_relaxed:
        all:
            not_relaxed: 0.0896262526512
            relaxed: 0.910373747349
        probability: 0.910373747349
        value: "relaxed"
    mood_sad:
        all:
            not_sad: 0.0997699126601
            sad: 0.900230109692
        probability: 0.900230109692
        value: "sad"
    rhythm:
        all:
            fast: 0.15146048367
            medium: 0.196600943804
            slow: 0.651938557625
        probability: 0.651938557625
        value: "slow"
    speech_music:
        all:
            music: 0.27774682641
            speech: 0.722253143787
        probability: 0.722253143787
        value: "speech"
    timbre:
        all:
            bright: 0.125272378325
            dark: 0.874727606773
        probability: 0.874727606773
        value: "dark"
    voice_instrumental:
        all:
            instrumental: 0.975910961628
            voice: 0.0240890681744
        probability: 0.975910961628
        value: "instrumental"

lowlevel:
    average_loudness: 0.647284984589
    barkbands_kurtosis:
        dmean: 3.36935949326
        dmean2: 5.24421548843
        dvar: 15.9685230255
        dvar2: 31.8256721497
        max: 45.116859436
        mean: 7.28248357773
        min: -1.8043589592
        var: 83.0100631714
    barkbands_skewness:
        dmean: 0.639048755169
        dmean2: 0.959912836552
        dvar: 0.445120602846
        dvar2: 0.81830650568
        max: 5.90581178665
        mean: 1.80489349365
        min: -2.09750723839
        var: 3.58081078529
    barkbands_spread:
        dmean: 4.5990281105
        dmean2: 7.30863285065
        dvar: 29.8358325958
        dvar2: 68.1162948608
        max: 40.372303009
        mean: 15.9184932709
        min: 1.91799020767
        var: 111.312194824
    dissonance:
        dmean: 0.0219148024917
        dmean2: 0.0360102951527
        dvar: 0.000583924644161
        dvar2: 0.00117394642439
        max: 0.49939391017
        mean: 0.439163357019
        min: 0.267457455397
        var: 0.0024460349232
    hfc:
        dmean: 0.188043579459
        dmean2: 0.270182311535
        dvar: 0.0886816754937
        dvar2: 0.149230897427
        max: 3.6177546978
        mean: 0.846563220024
        min: 0.00392763875425
        var: 0.801461040974
    pitch:
        dmean: 323.665466309
        dmean2: 625.094360352
        dvar: 628731.375
        dvar2: 1562592.5
        max: 3675
        mean: 777.545288086
        min: 106.521736145
        var: 1076850.5
    pitch_instantaneous_confidence:
        dmean: 0.0862483382225
        dmean2: 0.134072884917
        dvar: 0.00792799703777
        dvar2: 0.0161233264953
        max: 0.931810259819
        mean: 0.571320176125
        min: 0.202105522156
        var: 0.0449557118118
    pitch_salience:
        dmean: 0.0699568539858
        dmean2: 0.112243928015
        dvar: 0.00554498657584
        dvar2: 0.0134912710637
        max: 0.842111229897
        mean: 0.528441786766
        min: 0.165750026703
        var: 0.0274592917413
    silence_rate_20dB:
        dmean: 0
        dmean2: 0
        dvar: 0
        dvar2: 0
        max: 1
        mean: 1
        min: 1
        var: 0
    silence_rate_30dB:
        dmean: 0
        dmean2: 0
        dvar: 0
        dvar2: 0
        max: 1
        mean: 1
        min: 1
        var: 0
    silence_rate_60dB:
        dmean: 0.0324074067175
        dmean2: 0.0649651959538
        dvar: 0.031357165426
        dvar2: 0.0607447363436
        max: 1
        mean: 0.762124717236
        min: 0
        var: 0.181290432811
    spectral_centroid:
        dmean: 204.194900513
        dmean2: 303.630126953
        dvar: 98033.1171875
        dvar2: 184575.59375
        max: 3099.3269043
        mean: 993.695251465
        min: 268.566864014
        var: 580575.3125
    spectral_complexity:
        dmean: 0.46867749095
        dmean2: 0.846511602402
        dvar: 0.629530549049
        dvar2: 1.42295229435
        max: 6
        mean: 1.88194441795
        min: 0
        var: 2.61800789833
    spectral_crest:
        dmean: 2.61892271042
        dmean2: 4.17391777039
        dvar: 6.93832540512
        dvar2: 15.2380304337
        max: 24.9148635864
        mean: 14.6306095123
        min: 3.64829969406
        var: 37.691204071
    spectral_decrease:
        dmean: 1.41164996359e-10
        dmean2: 2.03303457402e-10
        dvar: 7.59803455863e-20
        dvar2: 1.36563745121e-19
        max: -3.46710480421e-13
        mean: -5.3495780028e-10
        min: -2.92045121419e-09
        var: 5.97264830716e-19
    spectral_energy:
        dmean: 0.000547838397324
        dmean2: 0.000789164681919
        dvar: 1.13681380753e-06
        dvar2: 2.03724698622e-06
        max: 0.0113505870104
        mean: 0.00209583877586
        min: 1.66481424912e-06
        var: 8.97509289643e-06
    spectral_energyband_high:
        dmean: 4.00288718083e-06
        dmean2: 6.7719784056e-06
        dvar: 3.97858794521e-11
        dvar2: 1.11139937531e-10
        max: 6.88579093548e-05
        mean: 1.08184776764e-05
        min: 2.87278083988e-07
        var: 7.79353595548e-11
    spectral_energyband_low:
        dmean: 5.73056581743e-07
        dmean2: 9.88619149211e-07
        dvar: 9.23661863141e-13
        dvar2: 2.52918454409e-12
        max: 6.92720732332e-06
        mean: 6.49209539461e-07
        min: 7.00636748618e-09
        var: 8.06678562924e-13
    spectral_energyband_middle_high:
        dmean: 3.26111949107e-05
        dmean2: 5.13387894898e-05
        dvar: 2.30756613817e-09
        dvar2: 4.79690687172e-09
        max: 0.000620269973297
        mean: 0.000132130531711
        min: 1.09495397282e-06
        var: 1.49805288174e-08
    spectral_energyband_middle_low:
        dmean: 0.000535733939614
        dmean2: 0.000771481310949
        dvar: 1.08760764306e-06
        dvar2: 1.9729759515e-06
        max: 0.0109035726637
        mean: 0.00195224187337
        min: 2.75576496733e-07
        var: 8.4329440142e-06
    spectral_flatness_db:
        dmean: 0.0261874981225
        dmean2: 0.0390082858503
        dvar: 0.000875515921507
        dvar2: 0.00150558014866
        max: 0.436519682407
        mean: 0.247136577964
        min: 0.0545752868056
        var: 0.00590480258688
    spectral_flux:
        dmean: 0.00592530565336
        dmean2: 0.00952274631709
        dvar: 9.55903014983e-05
        dvar2: 0.0002166350896
        max: 0.0703474655747
        mean: 0.0134715633467
        min: 0.00129027676303
        var: 0.000117858951853
    spectral_kurtosis:
        dmean: 2.73713564873
        dmean2: 4.74802780151
        dvar: 10.2259759903
        dvar2: 24.2971534729
        max: 31.3943824768
        mean: 7.31940984726
        min: 1.44734954834
        var: 34.3202857971
    spectral_rms:
        dmean: 0.000184282966075
        dmean2: 0.000263680674834
        dvar: 8.88209825689e-08
        dvar2: 1.34268105967e-07
        max: 0.00332772359252
        mean: 0.00110860890709
        min: 4.03014746553e-05
        var: 8.15708403934e-07
    spectral_rolloff:
        dmean: 418.573303223
        dmean2: 709.19317627
        dvar: 440359.0625
        dvar2: 965354.1875
        max: 4543.50585938
        mean: 1619.47912598
        min: 215.33203125
        var: 1735415.375
    spectral_skewness:
        dmean: 0.288744300604
        dmean2: 0.483630001545
        dvar: 0.0970810428262
        dvar2: 0.21624699235
        max: 4.36948680878
        mean: 1.8548514843
        min: 0.831663429737
        var: 0.603567183018
    spectral_spread:
        dmean: 461542.46875
        dmean2: 765018.5
        dvar: 1.08243746816e+12
        dvar2: 1.81552205005e+12
        max: 21842220
        mean: 3582718.75
        min: 1808473.5
        var: 1.39190612787e+12
    spectral_strongpeak:
        dmean: 0.0943476483226
        dmean2: 0.152123406529
        dvar: 0.0153827127069
        dvar2: 0.0318461582065
        max: 1.62442314625
        mean: 0.303669333458
        min: 0.00361276138574
        var: 0.0782078355551
    zerocrossingrate:
        dmean: 0.0080492766574
        dmean2: 0.00875499658287
        dvar: 8.70596122695e-05
        dvar2: 9.17366996873e-05
        max: 0.14794921875
        mean: 0.0571967214346
        min: 0.00927734375
        var: 0.00133541354444
    barkbands:
        dmean: [2.90135870884e-09, 6.37384260926e-08, 5.38801828043e-07, 8.34175716591e-06, 0.000481875147671, 2.80999956885e-05, 0.000101208104752, 1.19107999126e-05, 2.364791726e-05, 1.44472760439e-05, 5.69965277464e-06, 3.93591517422e-06, 2.33670721173e-06, 1.55261079726e-06, 2.68911821877e-06, 5.87506974625e-06, 1.1121699572e-05, 9.21874197957e-06, 4.29974897997e-06, 3.66295193999e-06, 2.02586397791e-06, 6.48701359296e-07, 6.90963943839e-08, 2.48627376465e-08, 3.15671115914e-08, 2.22921947568e-09, 2.41211745022e-10]
        dmean2: [3.95309740497e-09, 1.12203707658e-07, 9.37899073961e-07, 1.30564312713e-05, 0.000680322409607, 5.09864767082e-05, 0.000144393838127, 1.94599469978e-05, 3.76168427465e-05, 2.1570644094e-05, 9.29319776333e-06, 6.34017669654e-06, 4.10392613048e-06, 2.76652235698e-06, 4.64200775241e-06, 9.67734104051e-06, 1.88259164133e-05, 1.52603370225e-05, 7.4335816862e-06, 6.17794557911e-06, 3.51236212737e-06, 1.13162457183e-06, 1.26259394051e-07, 4.39920952999e-08, 6.08840267091e-08, 4.23994128695e-09, 3.22929766261e-10]
        dvar: [7.70629834258e-16, 1.49874399322e-14, 8.36193148144e-13, 3.60540541866e-10, 9.20290460726e-07, 8.370829363e-09, 2.40271571528e-08, 8.39283698095e-10, 3.35146110864e-09, 1.68652691812e-09, 1.25252266892e-10, 8.58594376152e-11, 2.98202122717e-11, 7.55852672119e-12, 1.44433727131e-11, 5.78290991482e-11, 3.29256233389e-10, 1.48824785828e-10, 3.52680940008e-11, 3.6252577329e-11, 1.08546192867e-11, 1.26449133282e-12, 4.12426474537e-14, 2.54234249789e-15, 1.69103385537e-14, 9.39881853431e-17, 8.92341434435e-18]
        dvar2: [7.7296071011e-16, 3.20638257427e-14, 2.31289943795e-12, 8.7889434619e-10, 1.68622750607e-06, 2.42243434201e-08, 4.07038385219e-08, 1.67574976118e-09, 6.56807586097e-09, 2.7903170885e-09, 3.07712022529e-10, 1.66805416701e-10, 7.45063455376e-11, 2.06456570589e-11, 4.07601834229e-11, 1.57699991954e-10, 9.48268685796e-10, 4.07397671154e-10, 1.0854962762e-10, 1.0140124157e-10, 2.93366199389e-11, 3.62302093708e-12, 1.20677163466e-13, 7.37571218294e-15, 4.95490828272e-14, 2.6313374968e-16, 9.00146462541e-18]
        max: [5.78644289817e-07, 1.56613032232e-06, 6.58725775793e-06, 0.000193339321413, 0.0103302523494, 0.00078389281407, 0.0028052830603, 0.000377801829018, 0.000706182734575, 0.000694142247085, 0.000113830028567, 0.000123885838548, 7.19522140571e-05, 4.00406424887e-05, 4.35942893091e-05, 8.83514003363e-05, 0.000217390988837, 0.000133356777951, 6.73809990985e-05, 6.41721780994e-05, 4.50206534879e-05, 9.13626536203e-06, 1.82533540283e-06, 4.84068664264e-07, 1.07687094442e-06, 8.64012434931e-08, 6.20927664841e-08]
        mean: [3.31474181436e-09, 7.49762349983e-08, 5.72419821765e-07, 1.53988603415e-05, 0.00157929351553, 2.95136032946e-05, 0.000214375279029, 2.72145589406e-05, 6.84244878357e-05, 4.93752777402e-05, 1.50738860611e-05, 9.64592254604e-06, 5.08702760271e-06, 2.78986658486e-06, 4.97739574712e-06, 1.10310738819e-05, 2.11445003515e-05, 1.91770832316e-05, 8.62506203703e-06, 7.61563978813e-06, 4.75796286992e-06, 1.46088916608e-06, 1.1409647982e-07, 6.57721273001e-08, 2.77278680016e-08, 1.4706401652e-09, 2.199035537e-10]
        min: [4.22308292936e-13, 6.1767596593e-10, 6.38826946897e-09, 1.48791139409e-08, 1.1762017138e-08, 1.69943859873e-07, 6.9101467659e-08, 3.20268944698e-09, 5.0406305796e-09, 2.01128873556e-08, 3.99224795444e-08, 3.90691958785e-08, 8.55476045558e-09, 6.63242190058e-08, 2.58920636043e-07, 1.27323488641e-07, 2.69570364253e-07, 1.10097303718e-07, 1.41565806189e-07, 1.63978782552e-07, 9.96163151967e-08, 3.33829319743e-08, 4.27325153041e-09, 9.5365537689e-10, 2.08001713076e-10, 5.02454631721e-12, 2.1469464932e-13]
        var: [7.72443543556e-16, 1.44313932955e-14, 7.16222599891e-13, 8.54445125764e-10, 6.89928947395e-06, 5.37682831592e-09, 1.26276546553e-07, 2.96110069797e-09, 2.06539656489e-08, 1.75027281557e-08, 6.97359892055e-10, 4.21724016819e-10, 1.09855999297e-10, 1.27917823903e-11, 2.56170275964e-11, 1.4231231471e-10, 6.07751682313e-10, 4.84851214733e-10, 7.45077263775e-11, 3.2779667869e-11, 2.89763664452e-11, 1.64952361666e-12, 2.53962907019e-14, 1.95497851204e-15, 8.93748931878e-15, 5.29571748417e-17, 8.90920999887e-18]
    mfcc:
        mean: [-871.029724121, 124.33706665, -57.3832969666, 49.1352806091, -31.2703285217, -25.7384605408, -29.4757423401, -17.0177211761, -13.2553091049, -25.5404071808, -22.9320793152, -11.4692974091, -16.6649913788]
        cov: [[1377.30505371, 670.692077637, 115.51096344, -242.077651978, -245.302185059, -56.8206291199, -33.9997596741, -88.3320922852, -210.008117676, -250.704803467, -188.722000122, -188.769744873, -220.872589111], [670.692077637, 1125.85021973, 331.248840332, -407.612030029, -393.421295166, -113.048995972, 89.7911987305, -73.3157119751, -222.701034546, -221.31918335, -238.932373047, -240.43989563, -183.57232666], [115.51096344, 331.248840332, 290.957885742, -17.7683696747, -72.0114440918, -48.6519546509, 2.38185286522, -57.7886734009, -85.7374649048, -74.7820358276, -79.908164978, -87.1648712158, -30.3866271973], [-242.077651978, -407.612030029, -17.7683696747, 364.638153076, 225.384780884, 19.6083946228, -112.408561707, -16.6565170288, 62.8770675659, 70.5564346313, 75.9956970215, 96.539680481, 63.0494728088], [-245.302185059, -393.421295166, -72.0114440918, 225.384780884, 218.879226685, 47.7109222412, -55.4024353027, 12.0015935898, 71.5695953369, 75.7716369629, 83.8731155396, 84.0825042725, 65.959274292], [-56.8206291199, -113.048995972, -48.6519546509, 19.6083946228, 47.7109222412, 72.679725647, 33.6835784912, 29.8037548065, 28.3540420532, 22.9130840302, 18.3558635712, 16.4564933777, 3.4675757885], [-33.9997596741, 89.7911987305, 2.38185286522, -112.408561707, -55.4024353027, 33.6835784912, 113.596534729, 53.4120788574, 15.621670723, 6.87588500977, -6.01940393448, -25.3470687866, -8.50655555725], [-88.3320922852, -73.3157119751, -57.7886734009, -16.6565170288, 12.0015935898, 29.8037548065, 53.4120788574, 80.0592575073, 62.2604408264, 40.0426597595, 31.3635787964, 24.5213985443, 12.694185257], [-210.008117676, -222.701034546, -85.7374649048, 62.8770675659, 71.5695953369, 28.3540420532, 15.621670723, 62.2604408264, 112.601264954, 82.3155517578, 63.5060043335, 65.2794494629, 51.3104934692], [-250.704803467, -221.31918335, -74.7820358276, 70.5564346313, 75.7716369629, 22.9130840302, 6.87588500977, 40.0426597595, 82.3155517578, 101.342681885, 74.0599060059, 67.2512130737, 60.6568832397], [-188.722000122, -238.932373047, -79.908164978, 75.9956970215, 83.8731155396, 18.3558635712, -6.01940393448, 31.3635787964, 63.5060043335, 74.0599060059, 93.7446899414, 74.2631225586, 56.7457466125], [-188.769744873, -240.43989563, -87.1648712158, 96.539680481, 84.0825042725, 16.4564933777, -25.3470687866, 24.5213985443, 65.2794494629, 67.2512130737, 74.2631225586, 98.7176208496, 64.853477478], [-220.872589111, -183.57232666, -30.3866271973, 63.0494728088, 65.959274292, 3.4675757885, -8.50655555725, 12.694185257, 51.3104934692, 60.6568832397, 56.7457466125, 64.853477478, 91.100112915]]
        icov: [[0.00170626642648, -0.000643749313895, 0.000600969709922, 0.00010047586693, 0.00038322279579, -0.000970586261246, 0.00182030419819, -0.000439846859081, -0.000167197635164, 0.00293899839744, -0.00124845572282, 0.000665316998493, 0.00140264199581], [-0.000643749313895, 0.00628867046908, -0.00411109672859, 0.00254512648098, 0.00265091075562, 0.00407500099391, -0.00222006859258, -0.00110926222987, 0.00302886008285, -0.00211032293737, 0.00544400792569, -0.00252506835386, 0.00395707553253], [0.000600969709922, -0.00411109672859, 0.0100503433496, -0.00564980413765, 0.000234908555285, 0.000477205758216, -0.00260735978372, 0.002485366771, -0.000159718663781, 0.00313511257991, -0.00188403192442, 0.00774432625622, -0.00667965970933], [0.00010047586693, 0.00254512648098, -0.00564980413765, 0.0137064885348, -0.00968347489834, 0.00178748008329, 0.00598090654239, -0.000675676972605, -0.000299730949337, -0.00293456320651, 0.00439925119281, -0.0077095432207, 0.0064681074582], [0.00038322279579, 0.00265091075562, 0.000234908555285, -0.00968347489834, 0.0245674178004, -0.010711482726, 0.00482587143779, -0.000896960205864, -0.000656814721879, 0.0020106069278, -0.00743346847594, 0.00733755435795, -0.00531524000689], [-0.000970586261246, 0.00407500099391, 0.000477205758216, 0.00178748008329, -0.010711482726, 0.0326940529048, -0.0178869348019, 0.0007472554571, 0.00330255669542, -0.00316574075259, 0.0104384794831, -0.00823901221156, 0.00912787485868], [0.00182030419819, -0.00222006859258, -0.00260735978372, 0.00598090654239, 0.00482587143779, -0.0178869348019, 0.0348634198308, -0.0180949512869, 0.00104068417568, -0.00105427764356, -0.00687771476805, 0.0111530823633, -0.00564556987956], [-0.000439846859081, -0.00110926222987, 0.002485366771, -0.000675676972605, -0.000896960205864, 0.0007472554571, -0.0180949512869, 0.0414218381047, -0.0215354245156, 0.00377012556419, -0.00429687462747, -0.00440559815615, 0.00658648414537], [-0.000167197635164, 0.00302886008285, -0.000159718663781, -0.000299730949337, -0.000656814721879, 0.00330255669542, 0.00104068417568, -0.0215354245156, 0.0385482907295, -0.0184824634343, 0.00833353865892, -0.00536220567301, -0.00147914059926], [0.00293899839744, -0.00211032293737, 0.00313511257991, -0.00293456320651, 0.0020106069278, -0.00316574075259, -0.00105427764356, 0.00377012556419, -0.0184824634343, 0.0448384061456, -0.0190956033766, 0.00395534932613, -0.00637507205829], [-0.00124845572282, 0.00544400792569, -0.00188403192442, 0.00439925119281, -0.00743346847594, 0.0104384794831, -0.00687771476805, -0.00429687462747, 0.00833353865892, -0.0190956033766, 0.0463745631278, -0.0205379724503, 0.00296630733646], [0.000665316998493, -0.00252506835386, 0.00774432625622, -0.0077095432207, 0.00733755435795, -0.00823901221156, 0.0111530823633, -0.00440559815615, -0.00536220567301, 0.00395534932613, -0.0205379724503, 0.0481513254344, -0.0199989490211], [0.00140264199581, 0.00395707553253, -0.00667965970933, 0.0064681074582, -0.00531524000689, 0.00912787485868, -0.00564556987956, 0.00658648414537, -0.00147914059926, -0.00637507205829, 0.00296630733646, -0.0199989490211, 0.0351700820029]]
    spectral_contrast:
        mean: [2.50555956427e-07, -2.02993831522e-07, -1.97088979803e-07, -2.50223962439e-07, 1.20080244415e-07, -3.26169868003e-07, -9.36082642511e-07, 1.12200223157e-06, -7.77481901082e-08, -6.75519288507e-07, -2.63164156422e-06, 8.3539634943e-07]
        var: [0.000177842841367, 0.000311319017783, 0.000550950702745, 0.00198160740547, 0.00353294564411, 0.0203968156129, 0.0302726663649, 0.0683659091592, 0.126176550984, 0.171700850129, 0.260197758675, 0.677026748657]

rhythm:
    beats_loudness:
        dmean: 0.00115354277659
        dmean2: 0.00192372722086
        dvar: 4.10273287343e-06
        dvar2: 9.4193555924e-06
        max: 0.00934344623238
        mean: 0.00141571625136
        min: 0.000113399546535
        var: 5.76991033086e-06
    beats_loudness_bass:
        dmean: 0.00223327428102
        dmean2: 0.00351075083017
        dvar: 2.73532941719e-06
        dvar2: 7.34572904548e-06
        max: 0.0106616113335
        mean: 0.00324371526949
        min: 0.00011632663518
        var: 7.74610725784e-06
    bpm: 95.6343078613
    bpm_confidence: 0
    first_peak_bpm: 159
    first_peak_spread: 0.0625
    first_peak_weight: 0.714285731316
    onset_rate: 2.79134106636
    second_peak_bpm: 96
    second_peak_spread: 0
    second_peak_weight: 0.238095238805
    beats_position: [0.164824545383, 0.542812049389, 0.920799553394, 1.298787117, 1.67677474022, 2.05476212502, 2.43274974823, 2.81073737144, 3.18872475624, 3.56671237946, 3.94469976425, 4.32268714905, 4.70067501068, 5.07866239548, 5.45664978027, 5.83463764191, 6.20177793503, 6.82916784286, 7.45655822754, 8.08394813538, 8.71133804321, 9.33872795105]
    bpm_estimates: [95.6024627686, 95.6774597168, 95.6255569458, 95.6658248901, 95.6002120972]
    bpm_intervals: [0.377987504005, 0.377987504005, 0.37798756361, 0.377987623215, 0.377987384796, 0.377987623215, 0.377987623215, 0.377987384796, 0.377987623215, 0.377987384796, 0.377987384796, 0.377987861633, 0.377987384796, 0.377987384796, 0.377987861633, 0.367140293121, 0.627389907837, 0.627390384674, 0.627389907837, 0.627389907837, 0.627389907837]
    onset_times: [0.0348299331963, 0.197369620204, 0.406349211931, 0.603718817234, 1.19582772255, 1.5673469305, 1.93886625767, 2.62385487556, 3.27401351929, 4.79492044449, 5.67727899551, 5.7701587677, 5.87464857101, 6.13006782532, 6.5015873909, 6.72217702866, 7.14013624191, 7.40716552734, 7.61614513397, 7.77868461609, 8.24308395386, 8.57977294922, 8.70748329163, 9.03256225586, 9.32281208038, 9.50857162476, 9.65950107574, 9.74077129364]
    rubato_start: [6.82916784286]
    rubato_stop: [7.45655822754]
    perceptual_tempo: "unknown"

sfx:
    inharmonicity:
        dmean: 0.0267652608454
        dmean2: 0.0480765998363
        dvar: 0.00200815242715
        dvar2: 0.00628198869526
        max: 0.356375038624
        mean: 0.0268249828368
        min: 6.19567726972e-05
        var: 0.00188195332885
    oddtoevenharmonicenergyratio:
        dmean: 13.3059301376
        dmean2: 26.0042705536
        dvar: 2934.71557617
        dvar2: 8723.06445312
        max: 628.125366211
        mean: 7.24646520615
        min: 0.000209086443647
        var: 1526.15527344
    pitch_after_max_to_before_max_energy_ratio: 0.0221779104322
    pitch_centroid: 147.272598267
    pitch_max_to_total: 0.89814811945
    pitch_min_to_total: 0.895833313465
    tristimulus:
        dmean: [0.21013776958, 0.259188771248, 0.064577691257]
        dmean2: [0.369782596827, 0.467398881912, 0.11892606318]
        dvar: [0.0564838536084, 0.0739794000983, 0.0106176920235]
        dvar2: [0.167277619243, 0.204299911857, 0.0319021381438]
        max: [0.965051352978, 0.98778539896, 0.792879521847]
        mean: [0.471056818962, 0.402295947075, 0.0608339719474]
        min: [0.00136170978658, 0, 0]
        var: [0.0800391361117, 0.0784945487976, 0.00769552355632]

tonal:
    chords_changes_rate: 0.0322580635548
    chords_number_rate: 0.0184331797063
    chords_strength:
        dmean: 0.00880082789809
        dmean2: 0.00881707854569
        dvar: 6.06204775977e-05
        dvar2: 6.57980854157e-05
        max: 0.715217292309
        mean: 0.558052361012
        min: 0.404159098864
        var: 0.00769283203408
    key_strength: 0.597408652306
    tuning_diatonic_strength: 0.702030003071
    tuning_equal_tempered_deviation: 0.134627237916
    tuning_frequency: 439.491973877
    tuning_nontempered_energy_ratio: 0.793056547642
    hpcp:
        dmean: [0.109010539949, 0.0921138599515, 0.0942462086678, 0.11062746495, 0.0960525944829, 0.0582753680646, 0.0521202795208, 0.06169731915, 0.0739781334996, 0.0715630725026, 0.0789279639721, 0.0642105266452, 0.0687690153718, 0.0804015174508, 0.0756506323814, 0.0759348720312, 0.0807693526149, 0.0858352184296, 0.0992421731353, 0.0887927636504, 0.0767944008112, 0.0760388970375, 0.0752662271261, 0.0701226592064, 0.07869130373, 0.0830167457461, 0.084112174809, 0.0668933913112, 0.0583309680223, 0.0631036832929, 0.0798441767693, 0.116427265108, 0.231305003166, 0.189201772213, 0.24256490171, 0.182861983776]
        dmean2: [0.188262447715, 0.165639281273, 0.14920130372, 0.188181355596, 0.150610357523, 0.0859140232205, 0.0810103863478, 0.0978540033102, 0.116210885346, 0.111546754837, 0.122959427536, 0.0983696579933, 0.106948427856, 0.13169541955, 0.114062108099, 0.113281749189, 0.120349735022, 0.128877416253, 0.152833238244, 0.136384665966, 0.112110666931, 0.113896772265, 0.110941722989, 0.102826289833, 0.118119351566, 0.133889064193, 0.141241788864, 0.101994477212, 0.087423838675, 0.0945498421788, 0.129508003592, 0.197051644325, 0.386752128601, 0.324660748243, 0.418910294771, 0.318619161844]
        dvar: [0.038375467062, 0.0328656360507, 0.0255065001547, 0.0425892919302, 0.0252063795924, 0.0123925097287, 0.0111451214179, 0.0125770764425, 0.0150098241866, 0.0188640393317, 0.0187366362661, 0.0138180442154, 0.0175410639495, 0.0258165989071, 0.0202765837312, 0.0215091593564, 0.0242653526366, 0.0214281342924, 0.0265805441886, 0.021435437724, 0.0170413255692, 0.0203831400722, 0.0208995770663, 0.0181743782014, 0.0204299557954, 0.0247707199305, 0.0267929602414, 0.0140525735915, 0.0135444030166, 0.0123002566397, 0.0242197532207, 0.0261076763272, 0.0562930069864, 0.0722227469087, 0.0608290843666, 0.0546032488346]
        dvar2: [0.0934458896518, 0.077623732388, 0.0575781352818, 0.0907978564501, 0.0514302179217, 0.0283158794045, 0.0236166939139, 0.0288765989244, 0.0310164671391, 0.0333773046732, 0.041568659246, 0.0301720034331, 0.0389130041003, 0.0629411935806, 0.0456735268235, 0.0431013554335, 0.0472702607512, 0.0397374518216, 0.0523036383092, 0.042148064822, 0.0355812571943, 0.0388238243759, 0.0380749329925, 0.0327726826072, 0.0426349677145, 0.060115609318, 0.07153288275, 0.0320812910795, 0.0259609259665, 0.0261286329478, 0.061758171767, 0.0707635730505, 0.149806439877, 0.14917126298, 0.148408219218, 0.148026973009]
        max: [1, 1, 1, 1, 1, 1, 0.958745718002, 0.910208702087, 1, 1, 1, 1, 0.937093675137, 1, 1, 0.99829608202, 1, 1, 1, 1, 1, 0.957431614399, 1, 1, 0.917958974838, 1, 1, 0.766723632812, 1, 0.735016644001, 1, 0.997308790684, 1, 1, 1, 1]
        mean: [0.130796298385, 0.111856967211, 0.123722240329, 0.188638344407, 0.152400806546, 0.0768856704235, 0.0743488743901, 0.0813671648502, 0.13510389626, 0.188481658697, 0.143523558974, 0.0911516696215, 0.0937189161777, 0.103953793645, 0.106835663319, 0.107851915061, 0.113690331578, 0.129559263587, 0.153973430395, 0.137118130922, 0.106321491301, 0.107989914715, 0.109158329666, 0.102434001863, 0.103781908751, 0.106156080961, 0.100504234433, 0.0851982161403, 0.0744570717216, 0.0874925777316, 0.0997079014778, 0.122138887644, 0.344981193542, 0.60801255703, 0.477047264576, 0.20778657496]
        min: [0.000164358716574, 9.38952580327e-05, 0.000145902653458, 0, 0, 8.32303849165e-05, 9.09885930014e-05, 0.00010005175136, 0.000212105893297, 0.000262921385001, 0.000206407843507, 0.000142333272379, 0.000101795689261, 0.000126429775264, 0.000150078732986, 0.000206564262044, 0.000128785570269, 0.000165951976669, 0.000139922849485, 0.000255585473496, 0.000136657603434, 0.000156164169312, 0.000200911526917, 0.000120428172522, 0.000192160936422, 0.000235499013797, 0.000110125678475, 7.42606789572e-05, 6.58435819787e-05, 0.000182150572073, 0.000153068947839, 0.000325302098645, 0.000256583793089, 7.62743438827e-05, 5.15511383128e-05, 0.000126966202515]
        var: [0.0547582171857, 0.0428075753152, 0.035130340606, 0.0950955972075, 0.0561122484505, 0.0172737706453, 0.0214324891567, 0.0212235730141, 0.03918588534, 0.0915420651436, 0.0487329289317, 0.027635063976, 0.029852181673, 0.0390126444399, 0.0410690978169, 0.0448027290404, 0.0497151166201, 0.0511970967054, 0.0608208402991, 0.0490926131606, 0.0367386974394, 0.040827780962, 0.0432343892753, 0.0372042804956, 0.0341314971447, 0.0378974601626, 0.0384635962546, 0.0241234190762, 0.0205891653895, 0.02437216416, 0.0332254730165, 0.0300699714571, 0.0877995714545, 0.169850155711, 0.109741121531, 0.0671758875251]
    chords_histogram: [19.354839325, 0, 10.1382484436, 0, 0, 0, 0, 0.460829496384, 3.68663597107, 66.3594436646, 0, 0, 0, 0, 0, 0, 0, 0, 0, 0, 0, 0, 0, 0]
    thpcp: [1, 0.784601032734, 0.341747164726, 0.215121045709, 0.183971479535, 0.203486323357, 0.31025403738, 0.250654041767, 0.126454085112, 0.122281804681, 0.133824810386, 0.222205772996, 0.309996336699, 0.236053615808, 0.149917408824, 0.154139772058, 0.170973107219, 0.175712928176, 0.177384361625, 0.18698681891, 0.213086485863, 0.253240555525, 0.225518584251, 0.174867257476, 0.177611321211, 0.179533019662, 0.168473497033, 0.170690402389, 0.174595206976, 0.165299609303, 0.140125751495, 0.122459761798, 0.143899291754, 0.16398987174, 0.200882181525, 0.567391574383]
    chords_key: "G#"
    chords_scale: "major"
    key_key: "C#"
    key_scale: "minor"
    chords_progression: ["G#m", "G#m", "G#m", "G#m", "G#m", "G#m", "G#m", "G#m", "G#m", "G#m", "G#m", "G#m", "G#m", "G#m", "G#m", "G#m", "G#m", "G#m", "G#m", "G#m", "G#m", "G#m", "C#m", "G#", "C#m", "C#m", "C#m", "C#m", "C#m", "C#m", "C#", "C#m", "C#m", "C#m", "C#m", "C#m", "C#m", "C#m", "C#m", "C#m", "C#m", "C#m", "C#m", "C#m", "C#m", "C#m", "C#m", "C#m", "C#m", "C#m", "C#m", "C#m", "C#m", "C#m", "C#m", "C#m", "C#m", "C#m", "C#m", "C#m", "C#m", "C#m", "C#m", "C#m", "C#m", "C#m", "G#", "G#", "G#", "G#", "G#", "G#", "G#", "G#", "G#", "G#", "G#", "G#", "G#", "G#", "G#", "G#", "G#", "G#", "G#", "G#", "G#", "G#", "G#", "G#", "G#", "G#", "G#", "G#", "G#", "G#", "G#", "G#", "G#", "G#", "G#", "G#", "G#", "G#", "G#", "G#", "G#", "G#", "G#", "G#", "G#", "G#", "G#", "G#", "G#", "G#", "G#", "G#", "G#", "G#", "G#", "G#", "G#", "G#", "G#", "G#", "G#", "G#", "G#", "G#", "G#", "G#", "G#", "G#", "G#", "G#", "G#", "G#", "G#", "G#", "G#", "G#", "G#", "G#", "G#", "G#", "G#", "G#", "G#", "G#", "G#", "G#", "G#", "G#", "G#", "G#", "G#", "G#", "G#", "G#", "G#", "G#", "G#", "G#", "G#", "G#", "G#", "G#", "G#", "G#", "G#", "G#", "G#", "G#", "G#", "G#", "G#", "G#", "G#", "G#", "G#", "G#", "G#", "G#", "G#", "G#", "G#", "G#", "G#", "G#", "G#", "G#", "G#", "G#", "G#", "G#", "G#", "G#", "G#", "G#", "G#", "G#", "G#", "G#", "G#", "G#", "G#", "G#", "G#", "Fm", "Fm", "Fm", "Fm", "Fm", "Fm", "Fm", "Fm"]
