
metadata:
    version:
        essentia: "1.2.2"
    audio_properties:
        analysis_sample_rate: 44100
        bitrate: 128
        channels: 2
        equal_loudness: 1
        length: 9.97877597809
        replay_gain: -7.00850486755
        downmix: "mix"
    tags:
        track: 26
        year: 0
        album: "Splitted by Mp3Splt v. 2.1"
        artist: "From 004.10 To 004.20"
        comment: "http://mp3splt.sf.net"
        genre: ""
        title: "04 Ambition.mp3"

highlevel:
    ballroom:
        all:
            ChaChaCha: 0.418936163187
            Jive: 0.07654825598
            Quickstep: 0.0435027889907
            Rumba-American: 0.00884158629924
            Rumba-International: 0.152844265103
            Rumba-Misc: 0.060169223696
            Samba: 0.059231530875
            Tango: 0.0714206695557
            VienneseWaltz: 0.0517473854125
            Waltz: 0.0567581392825
        probability: 0.418936163187
        value: "ChaChaCha"
    culture:
        all:
            non_western: 0.841055393219
            western: 0.15894459188
        probability: 0.841055393219
        value: "non_western"
    gender:
        all:
            female: 0.428386598825
            male: 0.571613371372
        probability: 0.571613371372
        value: "male"
    genre_dortmund:
        all:
            alternative: 0.301820337772
            blues: 0.0107984775677
            electronic: 0.132989153266
            folkcountry: 0.103671900928
            funksoulrnb: 0.0124362343922
            jazz: 0.0863264426589
            pop: 0.089606769383
            raphiphop: 0.00333214947022
            rock: 0.259018540382
        probability: 0.301820337772
        value: "alternative"
    genre_electronica:
        all:
            ambient: 0.558313965797
            dnb: 0.141773447394
            house: 0.161946073174
            techno: 0.0335473753512
            trance: 0.10441916436
        probability: 0.558313965797
        value: "ambient"
    genre_rosamerica:
        all:
            cla: 0.0987690165639
            dan: 0.0703767761588
            hip: 0.00997281912714
            jaz: 0.0488078854978
            pop: 0.107601128519
            rhy: 0.0170345753431
            roc: 0.639626443386
            spe: 0.00781135912985
        probability: 0.639626443386
        value: "roc"
    genre_tzanetakis:
        all:
            blu: 0.0134487049654
            cla: 0.143988087773
            cou: 0.0524018332362
            dis: 0.0440136678517
            hip: 0.010889579542
            jaz: 0.139587461948
            met: 0.0084384623915
            pop: 0.119437523186
            reg: 0.0547362789512
            roc: 0.413058400154
        probability: 0.413058400154
        value: "roc"
    live_studio:
        all:
            live: 0.0136021748185
            studio: 0.98639780283
        probability: 0.98639780283
        value: "studio"
    mood:
        all:
            Cluster1: 0.245404213667
            Cluster2: 0.203302711248
            Cluster3: 0.37267652154
            Cluster4: 0.126315519214
            Cluster5: 0.0523010529578
        probability: 0.37267652154
        value: "Cluster3"
    mood_acoustic:
        all:
            acoustic: 0.460999190807
            not_acoustic: 0.539000809193
        probability: 0.539000809193
        value: "not_acoustic"
    mood_aggressive:
        all:
            aggressive: 0.0347752422094
            not_aggressive: 0.965224742889
        probability: 0.965224742889
        value: "not_aggressive"
    mood_electronic:
        all:
            electronic: 0.59205520153
            not_electronic: 0.40794479847
        probability: 0.59205520153
        value: "electronic"
    mood_happy:
        all:
            happy: 0.169273555279
            not_happy: 0.830726444721
        probability: 0.830726444721
        value: "not_happy"
    mood_party:
        all:
            not_party: 0.90826022625
            party: 0.091739796102
        probability: 0.90826022625
        value: "not_party"
    mood_relaxed:
        all:
            not_relaxed: 0.0850417762995
            relaxed: 0.914958238602
        probability: 0.914958238602
        value: "relaxed"
    mood_sad:
        all:
            not_sad: 0.190656363964
            sad: 0.809343636036
        probability: 0.809343636036
        value: "sad"
    rhythm:
        all:
            fast: 0.21093839407
            medium: 0.469031304121
            slow: 0.320030272007
        probability: 0.469031304121
        value: "medium"
    speech_music:
        all:
            music: 0.998916625977
            speech: 0.00108339777216
        probability: 0.998916625977
        value: "music"
    timbre:
        all:
            bright: 0.0382032543421
            dark: 0.961796760559
        probability: 0.961796760559
        value: "dark"
    voice_instrumental:
        all:
            instrumental: 0.999987065792
            voice: 1.29487798404e-05
        probability: 0.999987065792
        value: "instrumental"

lowlevel:
    average_loudness: 0.90576851368
    barkbands_kurtosis:
        dmean: 0.709117174149
        dmean2: 1.17387759686
        dvar: 1.01167583466
        dvar2: 2.17910313606
        max: 13.0817050934
        mean: 0.367025375366
        min: -1.69997739792
        var: 2.6930680275
    barkbands_skewness:
        dmean: 0.291158139706
        dmean2: 0.490883708
        dvar: 0.0947934314609
        dvar2: 0.250799715519
        max: 2.70894265175
        mean: 0.705532312393
        min: -1.40978741646
        var: 0.518066346645
    barkbands_spread:
        dmean: 2.82612657547
        dmean2: 4.51876783371
        dvar: 17.4190063477
        dvar2: 42.7125091553
        max: 51.4844284058
        mean: 19.1791667938
        min: 2.04163074493
        var: 128.009933472
    dissonance:
        dmean: 0.0180013868958
        dmean2: 0.0310165900737
        dvar: 0.000324715685565
        dvar2: 0.000916293589398
        max: 0.495667129755
        mean: 0.419260591269
        min: 0.221998661757
        var: 0.00564183434471
    hfc:
        dmean: 1.09091198444
        dmean2: 1.61349976063
        dvar: 10.4217815399
        dvar2: 23.2731132507
        max: 33.5577697754
        mean: 3.20162391663
        min: 0.00180492014624
        var: 15.7950315475
    pitch:
        dmean: 167.894165039
        dmean2: 326.413269043
        dvar: 404194.5
        dvar2: 1114746.125
        max: 4009.09082031
        mean: 240.376205444
        min: 82.1229019165
        var: 248147.6875
    pitch_instantaneous_confidence:
        dmean: 0.0505905896425
        dmean2: 0.078605927527
        dvar: 0.00238836789504
        dvar2: 0.00489944033325
        max: 0.845345556736
        mean: 0.442933022976
        min: 0.160112738609
        var: 0.023345567286
    pitch_salience:
        dmean: 0.044580411166
        dmean2: 0.0731448680162
        dvar: 0.00156326161232
        dvar2: 0.00388204213232
        max: 0.840863406658
        mean: 0.62321048975
        min: 0.380474150181
        var: 0.00692118424922
    silence_rate_20dB:
        dmean: 0
        dmean2: 0
        dvar: 0
        dvar2: 0
        max: 1
        mean: 1
        min: 1
        var: 0
    silence_rate_30dB:
        dmean: 0
        dmean2: 0
        dvar: 0
        dvar2: 0
        max: 1
        mean: 1
        min: 1
        var: 0
    silence_rate_60dB:
        dmean: 0.0604651160538
        dmean2: 0.121212124825
        dvar: 0.0568093769252
        dvar2: 0.129830390215
        max: 1
        mean: 0.470997691154
        min: 0
        var: 0.249160006642
    spectral_centroid:
        dmean: 116.557151794
        dmean2: 196.859664917
        dvar: 34791.1679688
        dvar2: 89247.2578125
        max: 2616.0715332
        mean: 751.067932129
        min: 319.457305908
        var: 119229.257812
    spectral_complexity:
        dmean: 1.97202801704
        dmean2: 2.99766349792
        dvar: 10.8429851532
        dvar2: 21.8013954163
        max: 40
        mean: 9.84418582916
        min: 0
        var: 39.6152610779
    spectral_crest:
        dmean: 1.30603897572
        dmean2: 2.13625979424
        dvar: 1.5304864645
        dvar2: 3.90835309029
        max: 20.3743228912
        mean: 8.04209709167
        min: 2.98263144493
        var: 10.7930364609
    spectral_decrease:
        dmean: 2.37264624614e-10
        dmean2: 3.80866282956e-10
        dvar: 1.94051001161e-19
        dvar2: 4.51232555918e-19
        max: -8.49155489847e-13
        mean: -9.22153575722e-10
        min: -5.87047921385e-09
        var: 7.16181401251e-19
    spectral_energy:
        dmean: 0.000977889634669
        dmean2: 0.00152872642502
        dvar: 3.43302485817e-06
        dvar2: 7.7697177403e-06
        max: 0.0248425323516
        mean: 0.00377081544138
        min: 3.36862490258e-06
        var: 1.21602097352e-05
    spectral_energyband_high:
        dmean: 8.65834954311e-05
        dmean2: 0.000132836561534
        dvar: 1.22211218923e-07
        dvar2: 2.86211587763e-07
        max: 0.00318818958476
        mean: 9.98509058263e-05
        min: 3.92331545029e-09
        var: 1.13765175058e-07
    spectral_energyband_low:
        dmean: 0.000155805886607
        dmean2: 0.000253313046414
        dvar: 1.02582220052e-07
        dvar2: 2.60736953805e-07
        max: 0.00430239224806
        mean: 0.000405511265853
        min: 1.71359246792e-07
        var: 2.08783973221e-07
    spectral_energyband_middle_high:
        dmean: 0.000207786521059
        dmean2: 0.000317958387313
        dvar: 2.3107433833e-07
        dvar2: 5.22661537161e-07
        max: 0.00536526367068
        mean: 0.000859008985572
        min: 9.32279036192e-08
        var: 6.06877108567e-07
    spectral_energyband_middle_low:
        dmean: 0.000783864059485
        dmean2: 0.00131838524248
        dvar: 1.90724438198e-06
        dvar2: 4.75741126138e-06
        max: 0.0173125322908
        mean: 0.00240641995333
        min: 3.05068419948e-06
        var: 6.2204844653e-06
    spectral_flatness_db:
        dmean: 0.0138554759324
        dmean2: 0.0215458460152
        dvar: 0.000221789858188
        dvar2: 0.000401916971896
        max: 0.38426476717
        mean: 0.211647182703
        min: 0.100551120937
        var: 0.00703177973628
    spectral_flux:
        dmean: 0.00650904374197
        dmean2: 0.00892100576311
        dvar: 8.67560884217e-05
        dvar2: 0.000117587129353
        max: 0.101332508028
        mean: 0.0238153021783
        min: 0.0004248219484
        var: 0.000358894409146
    spectral_kurtosis:
        dmean: 4.55404520035
        dmean2: 7.78672170639
        dvar: 31.9151191711
        dvar2: 96.5040359497
        max: 86.7776870728
        mean: 20.5432033539
        min: 0.751996517181
        var: 487.844055176
    spectral_rms:
        dmean: 0.000206638447708
        dmean2: 0.000323600543197
        dvar: 9.64358548572e-08
        dvar2: 2.06538686598e-07
        max: 0.00492306984961
        mean: 0.00169057480525
        min: 5.73276847717e-05
        var: 8.20801631107e-07
    spectral_rolloff:
        dmean: 280.834869385
        dmean2: 466.887786865
        dvar: 220188.28125
        dvar2: 561258.125
        max: 4780.37109375
        mean: 1512.68237305
        min: 387.59765625
        var: 827575.8125
    spectral_skewness:
        dmean: 0.33765655756
        dmean2: 0.568211019039
        dvar: 0.114151567221
        dvar2: 0.30827024579
        max: 7.71430015564
        mean: 3.16103124619
        min: 0.767879664898
        var: 3.68256664276
    spectral_spread:
        dmean: 471769.96875
        dmean2: 632205.9375
        dvar: 1.01716092518e+12
        dvar2: 1.02247032422e+12
        max: 22925512
        mean: 3226529
        min: 1004410.1875
        var: 2.99632767795e+12
    spectral_strongpeak:
        dmean: 0.134030863643
        dmean2: 0.23018835485
        dvar: 0.0637566223741
        dvar2: 0.176116600633
        max: 3.32129240036
        mean: 0.292104244232
        min: 0.00735700596124
        var: 0.0709621310234
    zerocrossingrate:
        dmean: 0.00448330957443
        dmean2: 0.00590729061514
        dvar: 3.83280603273e-05
        dvar2: 5.79857587582e-05
        max: 0.12158203125
        mean: 0.0484068393707
        min: 0.01025390625
        var: 0.000485470693093
    barkbands:
        dmean: [6.52768278542e-07, 7.8205121099e-05, 9.37835065997e-05, 0.000237785934587, 0.000332985538989, 0.000199092988623, 0.000143819284858, 0.000157007059897, 0.000110091801616, 1.48264034578e-05, 2.07795947063e-05, 1.68350197782e-05, 2.58352501987e-05, 3.55438642146e-05, 4.34834364569e-05, 3.50213631464e-05, 2.28170538321e-05, 6.57816854073e-05, 4.75702327094e-05, 6.32051232969e-05, 3.39724829246e-05, 1.89788315765e-05, 2.90102093459e-06, 1.24403084101e-06, 6.59177487705e-07, 3.02139042674e-08, 2.36059116698e-10]
        dmean2: [9.99320491246e-07, 0.000130560714751, 0.00014938939421, 0.000423765974119, 0.000564753368963, 0.000310293457005, 0.000239300177782, 0.00025709104375, 0.000174540560693, 2.35852003243e-05, 3.38790086971e-05, 2.82066266664e-05, 4.16916373069e-05, 5.83836008445e-05, 7.17731527402e-05, 5.79837505938e-05, 3.75504678232e-05, 0.000105437495222, 7.78932007961e-05, 0.00010508770356, 5.21478177689e-05, 3.07878144667e-05, 4.3619029384e-06, 1.80779977654e-06, 9.59955968938e-07, 4.32719211574e-08, 4.15537604326e-10]
        dvar: [8.27854191449e-12, 2.17073452546e-08, 4.48267094555e-08, 2.20407230245e-07, 3.33463106017e-07, 1.27188286569e-07, 1.1579619752e-07, 8.61227178461e-08, 4.07980849104e-08, 6.5641020397e-10, 8.65358451563e-10, 6.16539708176e-10, 1.70598124516e-09, 2.67198441151e-09, 3.84633880302e-09, 3.34137162383e-09, 1.71207781285e-09, 2.02652490344e-08, 1.21767298467e-08, 6.87246384246e-08, 2.08868708995e-08, 6.65811139555e-09, 1.37722125371e-10, 1.746394869e-11, 4.83518607097e-12, 4.07974139023e-15, 1.73473384158e-19]
        dvar2: [1.75589820461e-11, 5.87842201583e-08, 1.13141759073e-07, 5.77569039706e-07, 8.56428357565e-07, 2.55797345972e-07, 3.09049369207e-07, 2.27873144354e-07, 1.06818880852e-07, 1.59874458117e-09, 2.35922659186e-09, 1.6315165885e-09, 4.58204585385e-09, 7.51604911642e-09, 9.6205878819e-09, 8.78237749191e-09, 4.36206226695e-09, 5.24603684937e-08, 2.71029207966e-08, 1.78478714474e-07, 4.81585509249e-08, 1.61515423258e-08, 2.59364529853e-10, 3.88737132762e-11, 1.07905333974e-11, 8.74697805641e-15, 5.05511423931e-19]
        max: [2.65624330495e-05, 0.00128129636869, 0.00301904627122, 0.00460387021303, 0.00775897875428, 0.00698587391526, 0.00281038833782, 0.00360092148185, 0.00164199096616, 0.00024652358843, 0.000246572279138, 0.000259096501395, 0.000439254275989, 0.000618662685156, 0.000571030308492, 0.00060539948754, 0.000448408158263, 0.00152162753511, 0.00107240560465, 0.00255233678035, 0.00138908589724, 0.000824984919745, 0.000110774708446, 4.35390466009e-05, 2.67962259386e-05, 5.27217423496e-07, 3.32586957974e-09]
        mean: [6.40256644147e-07, 0.00019637128571, 0.000208528552321, 0.000317528320011, 0.000918154604733, 0.000498954381328, 0.000181408744538, 0.000344981439412, 0.000143988363561, 3.61114507541e-05, 5.45718394278e-05, 4.45237092208e-05, 5.72514618398e-05, 0.000129568492412, 0.000105979372165, 8.36134931887e-05, 5.20924222656e-05, 0.000154796478455, 0.000101378805994, 8.34747261251e-05, 3.40448132192e-05, 1.73465432454e-05, 3.13407417707e-06, 1.56375710958e-06, 7.71221550622e-07, 4.02403017574e-08, 2.12050627058e-10]
        min: [1.93450238467e-11, 4.70884558013e-08, 1.19625411799e-07, 4.85808016037e-08, 4.90878107939e-07, 2.3803231386e-07, 7.80088527108e-08, 4.35360760775e-08, 2.42531882577e-07, 2.99680706917e-08, 4.19198684654e-08, 3.79717396415e-10, 6.80848377677e-10, 9.22021903271e-10, 2.72972616733e-10, 4.32008206985e-10, 8.56505977254e-10, 1.11987707996e-09, 1.23521315398e-09, 1.32004585041e-09, 1.493757118e-09, 6.02650540582e-10, 1.40488676248e-10, 1.50622639361e-10, 1.77253961509e-10, 1.05331212502e-11, 1.62793803232e-14]
        var: [9.65480993764e-12, 4.07789642054e-08, 7.80539721745e-08, 2.57959953842e-07, 1.19546984934e-06, 6.99383519986e-07, 1.05864998545e-07, 1.56645427296e-07, 5.27690815488e-08, 1.52698476086e-09, 2.57747756471e-09, 2.11891704183e-09, 3.7664209529e-09, 1.32458994884e-08, 1.11896305555e-08, 8.6404359223e-09, 3.65231334065e-09, 3.97609376535e-08, 1.93825293593e-08, 5.5190863435e-08, 1.9716503985e-08, 5.69659119876e-09, 1.66729755002e-10, 2.04239975626e-11, 5.19793669912e-12, 6.31742498347e-15, 1.52833366719e-19]
    mfcc:
        mean: [-813.952392578, 181.304153442, -27.6165466309, 41.9908676147, -4.99906158447, -9.44194602966, -4.72332143784, -14.8584661484, -3.22440123558, 4.55983304977, 1.74382197857, -8.03438949585, -8.58132362366]
        cov: [[25010.5195312, -6188.80371094, -5116.90917969, 1605.54089355, 2130.48364258, 774.905578613, 620.886352539, -83.6257171631, -948.401672363, -700.838012695, -213.025024414, 271.405487061, 455.481719971], [-6188.80371094, 2525.24731445, 1099.30004883, -553.242004395, -391.162658691, 4.6615729332, -75.8479537964, 37.2304344177, 304.569152832, 330.016448975, 48.41639328, -96.573387146, -128.196304321], [-5116.90917969, 1099.30004883, 1479.28442383, -337.841491699, -533.652709961, -114.329589844, -181.090957642, 56.655380249, 235.816436768, 129.112472534, 65.8628463745, -64.2389831543, -92.6890945435], [1605.54089355, -553.242004395, -337.841491699, 276.819061279, 180.229492188, -1.49825429916, 73.3727111816, 6.44904136658, -71.3191375732, -87.6687698364, -21.9137706757, 33.662902832, 42.0203819275], [2130.48364258, -391.162658691, -533.652709961, 180.229492188, 297.687652588, 95.779083252, 106.713493347, 13.0671768188, -70.5071716309, -44.6146469116, -28.2041530609, 27.2315425873, 44.9960441589], [774.905578613, 4.6615729332, -114.329589844, -1.49825429916, 95.779083252, 131.821334839, 37.2884407043, 22.5707168579, 7.30252313614, 25.5561084747, -1.08592998981, -2.69931197166, 6.79553937912], [620.886352539, -75.8479537964, -181.090957642, 73.3727111816, 106.713493347, 37.2884407043, 94.2227020264, 11.1760482788, -9.08908843994, -2.99980044365, -10.8031988144, 17.1955165863, 18.2101249695], [-83.6257171631, 37.2304344177, 56.655380249, 6.44904136658, 13.0671768188, 22.5707168579, 11.1760482788, 80.5616378784, 33.3857498169, 22.3721179962, 8.54130268097, 1.96365571022, -0.197218134999], [-948.401672363, 304.569152832, 235.816436768, -71.3191375732, -70.5071716309, 7.30252313614, -9.08908843994, 33.3857498169, 97.5308303833, 58.605884552, 17.4857349396, -7.51393699646, -8.79997348785], [-700.838012695, 330.016448975, 129.112472534, -87.6687698364, -44.6146469116, 25.5561084747, -2.99980044365, 22.3721179962, 58.605884552, 84.6521148682, 21.8585243225, -10.5530147552, -19.7734394073], [-213.025024414, 48.41639328, 65.8628463745, -21.9137706757, -28.2041530609, -1.08592998981, -10.8031988144, 8.54130268097, 17.4857349396, 21.8585243225, 37.4636421204, 6.68549489975, -9.61909866333], [271.405487061, -96.573387146, -64.2389831543, 33.662902832, 27.2315425873, -2.69931197166, 17.1955165863, 1.96365571022, -7.51393699646, -10.5530147552, 6.68549489975, 37.6066398621, 21.4209194183], [455.481719971, -128.196304321, -92.6890945435, 42.0203819275, 44.9960441589, 6.79553937912, 18.2101249695, -0.197218134999, -8.79997348785, -19.7734394073, -9.61909866333, 21.4209194183, 52.3167762756]]
        icov: [[0.000595991383307, 0.000861397478729, 0.000963847560342, -0.000192851075553, -0.000443721364718, -0.00247915578075, 0.000338396988809, 9.01415478438e-05, 0.000511711579747, 1.11182534965e-05, -0.000342917890521, 0.000290929776384, -0.000721233082004], [0.000861397478729, 0.002708731452, 0.000581352680456, 0.00125405285507, -0.00192114245147, -0.00255624158308, -0.000380592420697, 0.00115987856407, -0.000117586379929, -0.00378999416716, 0.00128342851531, 0.000754319713451, -0.000243262242293], [0.000963847560342, 0.000581352680456, 0.00499975960702, -0.00163029378746, 0.00477344775572, -0.00543599529192, 0.0014696585713, -0.00172512908466, -0.00289808353409, 0.00354773853905, -0.00189608125947, 0.00128130079247, -0.000736759568099], [-0.000192851075553, 0.00125405285507, -0.00163029378746, 0.0120489262044, -0.00710678845644, 0.00559263722971, -0.00430391868576, -0.00106041505933, -0.000951492518652, 0.0040529333055, -0.000641435792204, -0.000662580947392, 0.000591066258494], [-0.000443721364718, -0.00192114245147, 0.00477344775572, -0.00710678845644, 0.0222944635898, -0.00789086055011, -0.00506882974878, -0.00424801325426, 0.000265421665972, 0.00352705875412, 0.00073359842645, 0.000546738272533, -0.00179198605474], [-0.00247915578075, -0.00255624158308, -0.00543599529192, 0.00559263722971, -0.00789086055011, 0.0254504848272, -0.00273278076202, -0.000891311035957, -0.00286462134682, -0.00566478073597, 0.00108538800851, 0.00220820796676, 0.00229871296324], [0.000338396988809, -0.000380592420697, 0.0014696585713, -0.00430391868576, -0.00506882974878, -0.00273278076202, 0.0221939180046, 0.000153006127221, -0.00295280921273, -0.00321441679262, 0.00446246191859, -0.00657865731046, 0.000974346417934], [9.01415478438e-05, 0.00115987856407, -0.00172512908466, -0.00106041505933, -0.00424801325426, -0.000891311035957, 0.000153006127221, 0.0178329981863, -0.00539013138041, -0.00503970962018, 9.16394055821e-05, -0.000841731089167, 0.00118606130127], [0.000511711579747, -0.000117586379929, -0.00289808353409, -0.000951492518652, 0.000265421665972, -0.00286462134682, -0.00295280921273, -0.00539013138041, 0.0308711640537, -0.0123803736642, -0.00121660809964, 0.000548610754777, -0.00789704546332], [1.11182534965e-05, -0.00378999416716, 0.00354773853905, 0.0040529333055, 0.00352705875412, -0.00566478073597, -0.00321441679262, -0.00503970962018, -0.0123803736642, 0.0438634566963, -0.0155765814707, 0.00218001473695, 0.00318807573058], [-0.000342917890521, 0.00128342851531, -0.00189608125947, -0.000641435792204, 0.00073359842645, 0.00108538800851, 0.00446246191859, 9.16394055821e-05, -0.00121660809964, -0.0155765814707, 0.0431819781661, -0.0173237100244, 0.00990227237344], [0.000290929776384, 0.000754319713451, 0.00128130079247, -0.000662580947392, 0.000546738272533, 0.00220820796676, -0.00657865731046, -0.000841731089167, 0.000548610754777, 0.00218001473695, -0.0173237100244, 0.0456988550723, -0.0173328407109], [-0.000721233082004, -0.000243262242293, -0.000736759568099, 0.000591066258494, -0.00179198605474, 0.00229871296324, 0.000974346417934, 0.00118606130127, -0.00789704546332, 0.00318807573058, 0.00990227237344, -0.0173328407109, 0.0327195376158]]
    spectral_contrast:
        mean: [-2.82883803493e-07, 4.49373978029e-08, -6.79908822576e-08, 7.29572136038e-08, -1.20318219388e-07, -2.55052441389e-08, -2.82609175883e-06, 1.19569688195e-06, -6.63760090447e-07, 3.72674571736e-06, 1.91012100004e-06, -3.09167899104e-06]
        var: [0.00032339055906, 0.000462902098661, 0.000773000763729, 0.00115862220991, 0.00146729650442, 0.00350335217081, 0.038731906563, 0.0712027549744, 0.218411296606, 0.37063395977, 0.554224967957, 12.9817485809]

rhythm:
    beats_loudness:
        dmean: 0.00337273953483
        dmean2: 0.00671523390338
        dvar: 1.59578958119e-05
        dvar2: 5.42015441169e-05
        max: 0.018229033798
        mean: 0.00475230021402
        min: 2.17452870857e-05
        var: 2.46251893259e-05
    beats_loudness_bass:
        dmean: 0.0620943009853
        dmean2: 0.110604710877
        dvar: 0.0039358465001
        dvar2: 0.0118942884728
        max: 0.231263995171
        mean: 0.117111124098
        min: 0.0142517834902
        var: 0.0051101683639
    bpm: 113.892272949
    bpm_confidence: 0
    first_peak_bpm: 202
    first_peak_spread: 0
    first_peak_weight: 0.521739125252
    onset_rate: 2.40510463715
    second_peak_bpm: 114
    second_peak_spread: 0
    second_peak_weight: 0.434782594442
    beats_position: [0.508698105812, 1.03551948071, 1.5623408556, 2.0891623497, 2.61598396301, 3.14280533791, 3.66962695122, 4.19644832611, 4.72326993942, 5.25009155273, 5.77691268921, 6.24476242065, 6.54124116898, 6.83772039413, 7.13419914246, 7.43067789078, 7.72715711594, 8.02363586426, 8.32011508942, 8.6165933609, 8.91307258606, 9.20955085754, 9.5060300827, 9.80250835419]
    bpm_estimates: [113.90120697, 114.101615906, 113.38217926, 112.903144836, 114.228973389, 113.624824524, 114.188926697, 114.314453125, 114.317329407, 113.960083008]
    bpm_intervals: [0.526821374893, 0.526821374893, 0.526821494102, 0.526821613312, 0.526821374893, 0.526821613312, 0.526821374893, 0.526821613312, 0.526821613312, 0.526821136475, 0.467849731445, 0.296478748322, 0.296479225159, 0.296478748322, 0.296478748322, 0.296479225159, 0.296478748322, 0.296479225159, 0.296478271484, 0.296479225159, 0.296478271484, 0.296479225159, 0.296478271484]
    onset_times: [0.0464399084449, 0.197369620204, 0.46439909935, 0.754648506641, 1.01006805897, 1.28870749474, 1.53251695633, 1.81115651131, 2.0549659729, 2.34521532059, 2.5890250206, 2.89088439941, 3.15791392326, 3.43655323982, 3.66875290871, 4.19120168686, 4.72526073456, 4.99229001999, 5.27092981339, 5.75854873657, 6.3042178154, 6.84988641739, 7.72063493729, 7.87156438828]
    rubato_start: [6.54124116898]
    rubato_stop: [9.80250835419]
    perceptual_tempo: "unknown"

sfx:
    inharmonicity:
        dmean: 0.0293999779969
        dmean2: 0.0523140318692
        dvar: 0.00232382677495
        dvar2: 0.0074605718255
        max: 0.375557541847
        mean: 0.0321508422494
        min: 1.57615486387e-05
        var: 0.00209777220152
    oddtoevenharmonicenergyratio:
        dmean: 1.3206782341
        dmean2: 2.35800766945
        dvar: 4.94994926453
        dvar2: 12.8036117554
        max: 26.0684604645
        mean: 1.40094280243
        min: 1.13020751087e-05
        var: 4.35772562027
    pitch_after_max_to_before_max_energy_ratio: 7.88847827911
    pitch_centroid: 193.209487915
    pitch_max_to_total: 0.0465116277337
    pitch_min_to_total: 0.569767415524
    tristimulus:
        dmean: [0.164503201842, 0.182593718171, 0.0689006671309]
        dmean2: [0.288463443518, 0.322932779789, 0.125044956803]
        dvar: [0.0260020121932, 0.0334563143551, 0.00837134663016]
        dvar2: [0.070380076766, 0.0941548123956, 0.0274502076209]
        max: [0.991374492645, 0.934469997883, 0.646030843258]
        mean: [0.420679062605, 0.486788511276, 0.0724470615387]
        min: [0.00535016134381, 0, 0]
        var: [0.035388160497, 0.0417894758284, 0.00779754109681]

tonal:
    chords_changes_rate: 0.0416666679084
    chords_number_rate: 0.0324074067175
    chords_strength:
        dmean: 0.00625781808048
        dmean2: 0.00408240966499
        dvar: 4.06050567108e-05
        dvar2: 2.01465318241e-05
        max: 0.567990243435
        mean: 0.454064428806
        min: 0.255826234818
        var: 0.0064133470878
    key_strength: 0.591571807861
    tuning_diatonic_strength: 0.375109583139
    tuning_equal_tempered_deviation: 0.0199579019099
    tuning_frequency: 438.224517822
    tuning_nontempered_energy_ratio: 0.608124434948
    hpcp:
        dmean: [0.0540102347732, 0.0395576916635, 0.0445085912943, 0.0443774871528, 0.0282211042941, 0.037844132632, 0.0433500595391, 0.0268074516207, 0.0218439996243, 0.0268679559231, 0.032812513411, 0.0622934401035, 0.0686373412609, 0.0784404203296, 0.0718213915825, 0.0898828208447, 0.0947881639004, 0.0417995266616, 0.0296622682363, 0.0297932513058, 0.0746884047985, 0.0907355472445, 0.0795458182693, 0.0833577141166, 0.0655434951186, 0.0697853192687, 0.119348205626, 0.125456437469, 0.137463063002, 0.117290459573, 0.108274720609, 0.0813802853227, 0.0481216944754, 0.0563885271549, 0.0658869668841, 0.0657996162772]
        dmean2: [0.0898215249181, 0.0647348165512, 0.0749095603824, 0.074359998107, 0.049696482718, 0.0635937005281, 0.0723963156343, 0.0424846969545, 0.0363015606999, 0.0468017086387, 0.0596468374133, 0.10615093261, 0.112588562071, 0.130880072713, 0.12128611654, 0.151302590966, 0.168460994959, 0.0752228721976, 0.0524293035269, 0.0520472042263, 0.135853752494, 0.165656343102, 0.139496013522, 0.14815454185, 0.109969608486, 0.118399292231, 0.193640097976, 0.196990787983, 0.239630952477, 0.201668143272, 0.192194640636, 0.147735670209, 0.0819489732385, 0.0923256799579, 0.116981834173, 0.117748707533]
        dvar: [0.0112467007712, 0.00500949239358, 0.00495306681842, 0.00477865291759, 0.00241735111922, 0.00309884431772, 0.0038018738851, 0.00149876775686, 0.00214909669012, 0.00642042607069, 0.00618871022016, 0.00966232549399, 0.0127617307007, 0.0182669237256, 0.0116252377629, 0.0262825898826, 0.0235194005072, 0.00782318133861, 0.00475031509995, 0.00424888636917, 0.0121804503724, 0.0204189382493, 0.0239354148507, 0.0369879752398, 0.0194434113801, 0.0204066075385, 0.0322547331452, 0.0320567823946, 0.0286023113877, 0.0282271746546, 0.050122525543, 0.0170874856412, 0.0112879350781, 0.0111148692667, 0.0236610621214, 0.0258640069515]
        dvar2: [0.0298451315612, 0.013246608898, 0.0109884208068, 0.0112960683182, 0.00688240444288, 0.00785265211016, 0.00923191010952, 0.00386783108115, 0.00544619560242, 0.0182391833514, 0.0174036547542, 0.0273327473551, 0.0284958444536, 0.0498883090913, 0.0294584408402, 0.0565812662244, 0.0622726790607, 0.0221715290099, 0.0132755478844, 0.0117988437414, 0.0385022684932, 0.0579077042639, 0.0623964332044, 0.0940600186586, 0.0522905141115, 0.0561086125672, 0.0876161381602, 0.0755667164922, 0.0790118426085, 0.0709612891078, 0.124406963587, 0.0479452013969, 0.034005407244, 0.0261587444693, 0.0673358589411, 0.0740608349442]
        max: [0.715031325817, 0.491342753172, 0.630307734013, 0.542740762234, 0.412088543177, 0.355368047953, 0.454137712717, 0.381145149469, 0.315865367651, 0.704961061478, 0.641738414764, 0.787494301796, 1, 1, 0.855881690979, 1, 1, 0.698582470417, 0.547405481339, 0.673372507095, 0.959236979485, 1, 1, 1, 0.911980092525, 0.824085474014, 1, 1, 1, 1, 1, 0.987614750862, 1, 1, 1, 1]
        mean: [0.0798988714814, 0.0604125931859, 0.0880631059408, 0.0857842490077, 0.0451781116426, 0.0784804746509, 0.0986733064055, 0.0567585937679, 0.031058203429, 0.0295154415071, 0.042752366513, 0.195743426681, 0.406784325838, 0.265691369772, 0.153530538082, 0.290006369352, 0.187055766582, 0.0400833152235, 0.0308571495116, 0.0552413910627, 0.165409311652, 0.215765163302, 0.129814386368, 0.0832870006561, 0.0729610696435, 0.0738935098052, 0.263130187988, 0.429611086845, 0.263461053371, 0.244004458189, 0.33821117878, 0.167457297444, 0.0710849836469, 0.118310414255, 0.0999770015478, 0.0778546482325]
        min: [4.91105820402e-05, 0.000700112781487, 0.00475866068155, 0.00475662993267, 0.000815267674625, 1.0210000255e-05, 2.4108474463e-05, 1.19846554298e-05, 8.51428069382e-07, 0, 5.16016314123e-07, 0.00772213516757, 0.00772416591644, 0.00106004148256, 0.000639787351247, 1.19497117339e-05, 9.00117993297e-06, 0, 0, 0.00105943891685, 0.000793825602159, 0.00177876383532, 0.00132104486693, 5.52563324163e-05, 3.28498863382e-05, 0.000527721014805, 0.004756284412, 0.00983393285424, 0.00405017845333, 8.22368656372e-06, 0, 0, 5.64741712878e-05, 0.000138609539135, 0.000101253543107, 0.000664752791636]
        var: [0.0139810489491, 0.00621415115893, 0.00909028202295, 0.00919728167355, 0.00313119636849, 0.00646686786786, 0.0101542612538, 0.00390111398883, 0.00229617394507, 0.00423880014569, 0.00510291662067, 0.0244120378047, 0.147452041507, 0.0669239908457, 0.0326486267149, 0.140600383282, 0.0575703606009, 0.00563650904223, 0.00384852243587, 0.00487757148221, 0.0491529367864, 0.081566542387, 0.029309483245, 0.0315366648138, 0.0216879360378, 0.0186863467097, 0.0707749202847, 0.143685236573, 0.0536422245204, 0.0761189162731, 0.177231296897, 0.0444690473378, 0.0130033716559, 0.032545208931, 0.025851406157, 0.0206282138824]
    chords_histogram: [1.38888883591, 0, 39.351852417, 2.77777767181, 0, 0, 0, 0, 0, 13.8888893127, 0, 0, 0, 0, 0, 0, 9.72222232819, 0, 0, 0, 0, 0, 5.55555534363, 27.3148155212]
    thpcp: [1, 0.613254785538, 0.56796592474, 0.787249624729, 0.389788120985, 0.16546356678, 0.275389581919, 0.232715129852, 0.181221231818, 0.185979545116, 0.140621587634, 0.204983323812, 0.199678853154, 0.105160489678, 0.182677954435, 0.229680538177, 0.132116228342, 0.0722937658429, 0.0687026977539, 0.0995141118765, 0.455629378557, 0.946866452694, 0.618446230888, 0.357370972633, 0.675043940544, 0.435407221317, 0.0933014005423, 0.0718257725239, 0.128584653139, 0.385021060705, 0.502233684063, 0.302167207003, 0.193866044283, 0.169830515981, 0.172000944614, 0.612484633923]
    chords_key: "F#"
    chords_scale: "minor"
    key_key: "B"
    key_scale: "minor"
    chords_progression: ["F#m", "F#m", "F#m", "F#", "F#", "F#", "F#m", "F#m", "F#m", "F#m", "F#m", "F#m", "F#m", "F#m", "F#m", "F#m", "F#m", "F#m", "F#m", "F#", "F#", "F#", "F#", "F#", "F#", "F#", "F#", "F#", "F#", "F#", "F#", "F#", "F#", "F#", "F#", "F#", "F#", "F#", "F#", "F#", "F#", "F#", "F#", "F#", "F#", "F#", "Bm", "Bm", "Bm", "Gm", "Gm", "Gm", "Gm", "Gm", "Gm", "Gm", "Gm", "Gm", "Gm", "Gm", "Gm", "Gm", "Gm", "Gm", "Gm", "Gm", "Gm", "Gm", "Gm", "Gm", "G", "G", "G", "G", "G", "G", "G", "G", "G", "G", "G", "G", "G", "G", "G", "G", "G", "G", "G", "G", "G", "G", "G", "G", "G", "G", "G", "G", "G", "G", "G", "G", "G", "G", "G", "G", "G", "G", "G", "G", "G", "G", "G", "G", "G", "G", "G", "G", "G", "G", "G", "G", "G", "G", "G", "G", "G", "G", "G", "Em", "Em", "Em", "Em", "Em", "Em", "Em", "Em", "Em", "Em", "Em", "Em", "A", "A", "A", "A", "A", "A", "F#m", "F#m", "F#m", "F#m", "F#m", "F#m", "F#m", "F#m", "F#m", "F#m", "F#m", "F#m", "F#m", "F#m", "F#m", "F#m", "F#m", "F#m", "F#m", "F#m", "F#m", "F#m", "F#m", "F#m", "F#m", "F#m", "F#m", "F#m", "F#m", "F#m", "F#m", "F#m", "F#m", "F#m", "F#m", "F#m", "F#m", "F#m", "F#m", "F#m", "F#m", "F#m", "F#m", "F#m", "F#m", "F#m", "F#m", "F#m", "F#m", "F#m", "F#m", "F#m", "F#m", "F#m", "F#m", "F#m", "F#m", "F#m", "F#m", "F#m", "F#m", "F#m", "F#m", "F#m", "F#m", "F#m", "F#m", "F#m", "F#m"]
