
metadata:
    version:
        essentia: "1.2.2"
    audio_properties:
        analysis_sample_rate: 44100
        bitrate: 128
        channels: 2
        equal_loudness: 1
        length: 10.0310201645
        replay_gain: -17.077829361
        downmix: "mix"
    tags:
        track: 4
        year: 0
        album: "Splitted by Mp3Splt v. 2.1"
        artist: "From 000.30 To 000.40"
        comment: "http://mp3splt.sf.net"
        genre: ""
        title: "07 Up the Bracket.mp3"

highlevel:
    ballroom:
        all:
            ChaChaCha: 0.0303459018469
            Jive: 0.882675945759
            Quickstep: 0.00464095314965
            Rumba-American: 0.000199375470402
            Rumba-International: 0.000797141576186
            Rumba-Misc: 0.000380454788683
            Samba: 0.079351529479
            Tango: 0.000108074986201
            VienneseWaltz: 0.00131161604077
            Waltz: 0.000188993974007
        probability: 0.882675945759
        value: "Jive"
    culture:
        all:
            non_western: 0.00980338733643
            western: 0.990196585655
        probability: 0.990196585655
        value: "western"
    gender:
        all:
            female: 0.018364418298
            male: 0.981635570526
        probability: 0.981635570526
        value: "male"
    genre_dortmund:
        all:
            alternative: 0.109222583473
            blues: 0.012348796241
            electronic: 0.0112723587081
            folkcountry: 0.0797809436917
            funksoulrnb: 0.00428901333362
            jazz: 0.014200579375
            pop: 0.0771331340075
            raphiphop: 0.00455639045686
            rock: 0.687196195126
        probability: 0.687196195126
        value: "rock"
    genre_electronica:
        all:
            ambient: 0.147016197443
            dnb: 0.0581405982375
            house: 0.0194245595485
            techno: 0.0212677009404
            trance: 0.754150927067
        probability: 0.754150927067
        value: "trance"
    genre_rosamerica:
        all:
            cla: 0.00989118684083
            dan: 0.058357167989
            hip: 0.0037445044145
            jaz: 0.0026952510234
            pop: 0.0350957922637
            rhy: 0.0234256610274
            roc: 0.86510437727
            spe: 0.00168605020735
        probability: 0.86510437727
        value: "roc"
    genre_tzanetakis:
        all:
            blu: 0.00225492590107
            cla: 0.00198387471028
            cou: 0.27820545435
            dis: 0.0261887386441
            hip: 0.00813307892531
            jaz: 0.0138570982963
            met: 0.160169392824
            pop: 0.0194790922105
            reg: 0.00305796018802
            roc: 0.48667037487
        probability: 0.48667037487
        value: "roc"
    live_studio:
        all:
            live: 0.0163980294019
            studio: 0.983601987362
        probability: 0.983601987362
        value: "studio"
    mood:
        all:
            Cluster1: 0.345663428307
            Cluster2: 0.207486599684
            Cluster3: 0.135661661625
            Cluster4: 0.0398436561227
            Cluster5: 0.271344661713
        probability: 0.345663428307
        value: "Cluster1"
    mood_acoustic:
        all:
            acoustic: 0.0128971002996
            not_acoustic: 0.987102925777
        probability: 0.987102925777
        value: "not_acoustic"
    mood_aggressive:
        all:
            aggressive: 0.876876711845
            not_aggressive: 0.123123273253
        probability: 0.876876711845
        value: "aggressive"
    mood_electronic:
        all:
            electronic: 0.0948901847005
            not_electronic: 0.90510982275
        probability: 0.90510982275
        value: "not_electronic"
    mood_happy:
        all:
            happy: 0.748605132103
            not_happy: 0.251394838095
        probability: 0.748605132103
        value: "happy"
    mood_party:
        all:
            not_party: 0.338038682938
            party: 0.661961317062
        probability: 0.661961317062
        value: "party"
    mood_relaxed:
        all:
            not_relaxed: 0.980390787125
            relaxed: 0.0196092277765
        probability: 0.980390787125
        value: "not_relaxed"
    mood_sad:
        all:
            not_sad: 0.973382711411
            sad: 0.0266172662377
        probability: 0.973382711411
        value: "not_sad"
    rhythm:
        all:
            fast: 0.891212046146
            medium: 0.0875482782722
            slow: 0.0212396755815
        probability: 0.891212046146
        value: "fast"
    speech_music:
        all:
            music: 0.999957561493
            speech: 4.24512545578e-05
        probability: 0.999957561493
        value: "music"
    timbre:
        all:
            bright: 0.260789066553
            dark: 0.739210903645
        probability: 0.739210903645
        value: "dark"
    voice_instrumental:
        all:
            instrumental: 0.0299305729568
            voice: 0.970069408417
        probability: 0.970069408417
        value: "voice"

lowlevel:
    average_loudness: 0.969375193119
    barkbands_kurtosis:
        dmean: 0.545263886452
        dmean2: 0.863036215305
        dvar: 0.754103899002
        dvar2: 1.80960130692
        max: 11.4809236526
        mean: -0.968718111515
        min: -1.83229422569
        var: 1.90188920498
    barkbands_skewness:
        dmean: 0.376188993454
        dmean2: 0.578319191933
        dvar: 0.0996374487877
        dvar2: 0.204890310764
        max: 1.38596689701
        mean: -0.245111048222
        min: -3.34032034874
        var: 0.526071369648
    barkbands_spread:
        dmean: 5.12886142731
        dmean2: 8.34709358215
        dvar: 22.7751407623
        dvar2: 51.9364776611
        max: 70.1462554932
        mean: 39.7637786865
        min: 12.5165176392
        var: 75.9090194702
    dissonance:
        dmean: 0.0107533745468
        dmean2: 0.0179911740124
        dvar: 0.000137725117384
        dvar2: 0.000316163757816
        max: 0.49975246191
        mean: 0.477869957685
        min: 0.366000920534
        var: 0.000287859671516
    hfc:
        dmean: 2.63063383102
        dmean2: 3.75350761414
        dvar: 12.1039142609
        dvar2: 21.5409164429
        max: 54.6246261597
        mean: 11.0489768982
        min: 0.225719377398
        var: 51.9720916748
    pitch:
        dmean: 768.489990234
        dmean2: 1499.94677734
        dvar: 1770008.5
        dvar2: 3947001.25
        max: 4900
        mean: 2219.45288086
        min: 103.764709473
        var: 3014763.25
    pitch_instantaneous_confidence:
        dmean: 0.0840896889567
        dmean2: 0.137333199382
        dvar: 0.0039946846664
        dvar2: 0.0112462649122
        max: 0.814607739449
        mean: 0.386045783758
        min: 0.182835757732
        var: 0.0120960101485
    pitch_salience:
        dmean: 0.0574636049569
        dmean2: 0.0956742241979
        dvar: 0.00241089100018
        dvar2: 0.00640422245488
        max: 0.81389605999
        mean: 0.666267633438
        min: 0.377525091171
        var: 0.00601234100759
    silence_rate_20dB:
        dmean: 0
        dmean2: 0
        dvar: 0
        dvar2: 0
        max: 1
        mean: 1
        min: 1
        var: 0
    silence_rate_30dB:
        dmean: 0
        dmean2: 0
        dvar: 0
        dvar2: 0
        max: 1
        mean: 1
        min: 1
        var: 0
    silence_rate_60dB:
        dmean: 0.113425925374
        dmean2: 0.227378189564
        dvar: 0.100560672581
        dvar2: 0.222081899643
        max: 1
        mean: 0.16397228837
        min: 0
        var: 0.137084871531
    spectral_centroid:
        dmean: 297.170410156
        dmean2: 436.770324707
        dvar: 68766.09375
        dvar2: 131964.796875
        max: 4080.7565918
        mean: 2089.06054688
        min: 951.290405273
        var: 390815.25
    spectral_complexity:
        dmean: 4.10440826416
        dmean2: 6.10697650909
        dvar: 15.0633554459
        dvar2: 26.7885551453
        max: 47
        mean: 18.0046291351
        min: 0
        var: 48.3101768494
    spectral_crest:
        dmean: 1.83392488956
        dmean2: 3.03431272507
        dvar: 3.14487457275
        dvar2: 8.72509670258
        max: 16.5988826752
        mean: 6.57055330276
        min: 2.74661970139
        var: 5.74581480026
    spectral_decrease:
        dmean: 2.39876840613e-10
        dmean2: 3.62378155261e-10
        dvar: 5.9895592393e-20
        dvar2: 1.24462868241e-19
        max: -2.19929491285e-11
        mean: -1.09443276664e-09
        min: -2.62520183369e-09
        var: 1.8554344856e-19
    spectral_energy:
        dmean: 0.00109220773447
        dmean2: 0.00163309683558
        dvar: 1.32873208258e-06
        dvar2: 2.6384254852e-06
        max: 0.0148627404124
        mean: 0.0051328134723
        min: 0.000103479862446
        var: 4.61449326394e-06
    spectral_energyband_high:
        dmean: 0.00025672049378
        dmean2: 0.000381596793886
        dvar: 1.46292435943e-07
        dvar2: 2.86526329774e-07
        max: 0.00503347860649
        mean: 0.000802346097771
        min: 1.76918747457e-05
        var: 5.50939262212e-07
    spectral_energyband_low:
        dmean: 0.000131460634293
        dmean2: 0.000225019466598
        dvar: 4.61104789906e-08
        dvar2: 1.27940595007e-07
        max: 0.0019022601191
        mean: 0.000218865810893
        min: 2.25240319196e-06
        var: 4.70266776631e-08
    spectral_energyband_middle_high:
        dmean: 0.000658630160615
        dmean2: 0.000955765950494
        dvar: 5.82669031246e-07
        dvar2: 1.12585121315e-06
        max: 0.00939929299057
        mean: 0.00233045965433
        min: 4.0919319872e-05
        var: 2.43843146563e-06
    spectral_energyband_middle_low:
        dmean: 0.000597406818997
        dmean2: 0.000944871047977
        dvar: 3.48514191728e-07
        dvar2: 7.79998174494e-07
        max: 0.00536780804396
        mean: 0.0017811472062
        min: 4.26161423093e-05
        var: 8.94497873105e-07
    spectral_flatness_db:
        dmean: 0.0123754292727
        dmean2: 0.0195481479168
        dvar: 9.28411682253e-05
        dvar2: 0.000220337635255
        max: 0.206646218896
        mean: 0.133864104748
        min: 0.0878996551037
        var: 0.000428422383266
    spectral_flux:
        dmean: 0.00679755490273
        dmean2: 0.0101424502209
        dvar: 4.35700458183e-05
        dvar2: 8.65146503202e-05
        max: 0.0891626253724
        mean: 0.0433155782521
        min: 0.0101725049317
        var: 0.000160761148436
    spectral_kurtosis:
        dmean: 0.539869487286
        dmean2: 0.872781813145
        dvar: 0.233707413077
        dvar2: 0.565499007702
        max: 5.83978652954
        mean: 2.20895862579
        min: -0.588443040848
        var: 0.969786465168
    spectral_rms:
        dmean: 0.000233838014537
        dmean2: 0.000347120687366
        dvar: 5.56745760605e-08
        dvar2: 9.99854563588e-08
        max: 0.00380791723728
        mean: 0.00219200155698
        min: 0.000317735684803
        var: 2.02753298595e-07
    spectral_rolloff:
        dmean: 287.725372314
        dmean2: 438.175567627
        dvar: 79429.5625
        dvar2: 151941.921875
        max: 6244.62890625
        mean: 3923.1784668
        min: 1722.65625
        var: 352856.40625
    spectral_skewness:
        dmean: 0.112915463746
        dmean2: 0.168548956513
        dvar: 0.00930969975889
        dvar2: 0.0183215029538
        max: 1.64302742481
        mean: 1.11164271832
        min: 0.308321923018
        var: 0.063206769526
    spectral_spread:
        dmean: 469633.375
        dmean2: 660779.9375
        dvar: 190614142976
        dvar2: 309167783936
        max: 10767895
        mean: 5728980
        min: 2812444.75
        var: 1.18241820672e+12
    spectral_strongpeak:
        dmean: 0.415075778961
        dmean2: 0.708289980888
        dvar: 0.570115804672
        dvar2: 1.56234300137
        max: 5.13574838638
        mean: 0.657804727554
        min: 0.011404405348
        var: 0.856251299381
    zerocrossingrate:
        dmean: 0.00915499031544
        dmean2: 0.0098803145811
        dvar: 8.37225015857e-05
        dvar2: 7.02620964148e-05
        max: 0.20263671875
        mean: 0.119024209678
        min: 0.0546875
        var: 0.000684465863742
    barkbands:
        dmean: [5.94887517025e-08, 2.79896885331e-05, 0.000110191998829, 0.000138844319736, 0.000323911866872, 0.000165983045008, 0.000215111722355, 6.37852863292e-05, 0.000104930928501, 4.48230930488e-05, 2.90121770377e-05, 2.56571020145e-05, 5.27712945768e-05, 7.59914109949e-05, 8.61618755152e-05, 0.000128116837004, 0.000163211327163, 0.000210842146771, 0.000258589541772, 0.000252241647104, 0.00012550552492, 5.94564990024e-05, 1.54630342877e-05, 7.21852347851e-06, 3.84617896998e-06, 8.1083662451e-08, 6.54179765913e-10]
        dmean2: [9.10613664473e-08, 4.83810799778e-05, 0.000190302642295, 0.00024161748297, 0.000515113817528, 0.000267292547505, 0.00034998904448, 0.000111126435513, 0.000165248246049, 7.51970219426e-05, 4.15447320847e-05, 3.92021065636e-05, 8.1811536802e-05, 0.000114127389679, 0.000135050751851, 0.000206010183319, 0.000262162153376, 0.000341290608048, 0.000399746204494, 0.000388898683013, 0.000201428920263, 9.17901124922e-05, 2.09283152799e-05, 1.01812656794e-05, 5.3027983995e-06, 1.1011296408e-07, 1.08024211798e-09]
        dvar: [9.64953486039e-15, 2.59617682907e-09, 3.03996721129e-08, 2.99474081089e-08, 1.44164815197e-07, 8.0234734412e-08, 1.16682812745e-07, 1.48868162242e-08, 5.1505210763e-08, 1.52505705842e-08, 5.26337329276e-09, 3.01855651585e-09, 2.82387428996e-08, 4.25575166219e-08, 2.61499533138e-08, 1.18272090788e-07, 6.67076065497e-08, 8.5245538628e-08, 1.32999630864e-07, 1.02323362228e-07, 4.12496241609e-08, 1.86015807202e-08, 7.40889738449e-10, 2.57398852233e-10, 7.09026379275e-11, 9.95890178592e-15, 7.19702140432e-19]
        dvar2: [2.14747653254e-14, 7.1551942149e-09, 8.36584277408e-08, 7.89238967513e-08, 3.96141871306e-07, 1.85310355505e-07, 2.5105612167e-07, 3.9203953861e-08, 1.13730060036e-07, 2.98333873161e-08, 1.15500959907e-08, 5.18239007263e-09, 6.49575966349e-08, 9.28093228936e-08, 6.51650040595e-08, 3.44886530002e-07, 1.57887143359e-07, 1.97676030211e-07, 2.89004418619e-07, 2.4876317184e-07, 1.04502149156e-07, 3.4858796738e-08, 1.16671816652e-09, 4.80064599184e-10, 1.29899785373e-10, 1.72278031142e-14, 1.49686469231e-18]
        max: [8.50780224937e-07, 0.000415851274738, 0.00166253675707, 0.00158200506121, 0.00362996244803, 0.00318589992821, 0.00428957073018, 0.00143072486389, 0.00257543055341, 0.00180745706894, 0.000969013548456, 0.000787375844084, 0.00259151216596, 0.00265713431872, 0.00239030364901, 0.00593992508948, 0.00420544203371, 0.00294368504547, 0.00592929497361, 0.00409060716629, 0.00226274691522, 0.00192886369769, 0.000427959603257, 0.00020348399994, 0.000110666805995, 1.80992617516e-06, 1.27310819664e-08]
        mean: [8.12744929135e-08, 4.40177245764e-05, 0.000174767919816, 0.000310816423735, 0.000519017048646, 0.000314763077768, 0.000370398222003, 7.89627592894e-05, 0.000177586625796, 6.62974343868e-05, 3.88586740883e-05, 3.86030042137e-05, 7.97037791926e-05, 9.09748632694e-05, 0.000140264135553, 0.000205296251806, 0.00035171007039, 0.000430127925938, 0.000570372445509, 0.000634644238744, 0.000296917365631, 0.000137347567943, 3.57285680366e-05, 1.6355443222e-05, 9.0178073151e-06, 1.87972418075e-07, 8.00649713195e-10]
        min: [1.33603544894e-10, 1.29539330374e-07, 1.52680570409e-06, 1.12200632429e-06, 1.84384189197e-05, 5.4185047702e-06, 2.18198829316e-06, 4.2251499508e-06, 1.08146275579e-06, 1.10949486043e-06, 1.10438361389e-06, 2.41073536245e-07, 4.41201450485e-07, 1.32865110913e-07, 1.76035925392e-07, 3.00282272292e-06, 1.15687134894e-05, 9.96239941742e-06, 8.44784153742e-06, 7.86760665505e-06, 3.92275524064e-06, 7.07318213244e-06, 1.41067221193e-06, 1.91934162785e-07, 8.75382752952e-08, 2.83555112723e-09, 2.34006824334e-12]
        var: [1.56523946771e-14, 2.27502661154e-09, 3.42213546389e-08, 6.6449786118e-08, 2.26267744097e-07, 2.19161464088e-07, 3.09583782609e-07, 2.33866312982e-08, 1.07213971035e-07, 1.88873254814e-08, 9.70350555463e-09, 6.07614580872e-09, 4.84103814813e-08, 4.62780889166e-08, 3.33836958077e-08, 1.78432472353e-07, 1.868588555e-07, 1.73468322373e-07, 4.05486019872e-07, 2.59622197518e-07, 8.34948821193e-08, 5.3322768423e-08, 2.90535395742e-09, 8.37406699539e-10, 2.43373377007e-10, 3.11904399064e-14, 9.5591576526e-19]
    mfcc:
        mean: [-676.686401367, 72.389755249, -30.0990695953, 63.100944519, -8.18577480316, -9.63702869415, -8.56516551971, -11.5544862747, -4.05250406265, -5.34378576279, -6.15135908127, -7.52057981491, -5.46223449707]
        cov: [[486.103057861, -101.641365051, -50.573841095, -50.1608276367, -71.9379196167, 27.0614490509, -17.1525192261, 8.23046398163, -24.9908981323, 2.94648528099, 12.9797620773, -11.5873594284, -33.5106048584], [-101.641365051, 485.121185303, -202.555145264, -68.5958404541, -23.6147899628, -22.8763847351, 32.2002906799, -17.1665325165, 18.6589355469, 2.44611120224, 20.3423442841, 25.5203304291, 23.7889862061], [-50.573841095, -202.555145264, 285.52557373, 15.1506872177, 25.9456996918, -3.00395298004, 9.70849609375, -2.25873160362, 0.643119454384, 7.73899745941, -11.4825487137, 12.2541027069, -13.7143859863], [-50.1608276367, -68.5958404541, 15.1506872177, 186.074935913, 63.9723091125, 11.5186595917, -33.562587738, -5.18013954163, 10.9800043106, -10.5021295547, -20.6356983185, -12.473733902, 18.3476791382], [-71.9379196167, -23.6147899628, 25.9456996918, 63.9723091125, 130.905944824, 2.71354746819, -16.0254497528, -25.3916664124, 14.3078870773, -5.79585552216, -22.2903175354, 9.64861011505, 10.2172737122], [27.0614490509, -22.8763847351, -3.00395298004, 11.5186595917, 2.71354746819, 62.5841064453, 19.8007621765, 11.2057638168, -3.27987384796, 9.10402393341, 10.9741230011, -5.11346721649, -8.87455272675], [-17.1525192261, 32.2002906799, 9.70849609375, -33.562587738, -16.0254497528, 19.8007621765, 75.9995727539, 19.8806858063, 2.88361859322, 6.29149150848, 5.68862533569, 4.65843248367, -5.77944087982], [8.23046398163, -17.1665325165, -2.25873160362, -5.18013954163, -25.3916664124, 11.2057638168, 19.8806858063, 72.9281616211, 16.5247173309, 2.38271641731, 8.30853366852, -4.22073507309, 5.80504655838], [-24.9908981323, 18.6589355469, 0.643119454384, 10.9800043106, 14.3078870773, -3.27987384796, 2.88361859322, 16.5247173309, 64.4717025757, 16.9922504425, -1.65499746799, 3.59940505028, -0.698314964771], [2.94648528099, 2.44611120224, 7.73899745941, -10.5021295547, -5.79585552216, 9.10402393341, 6.29149150848, 2.38271641731, 16.9922504425, 57.7062644958, 30.4160556793, 3.47095489502, -8.86263561249], [12.9797620773, 20.3423442841, -11.4825487137, -20.6356983185, -22.2903175354, 10.9741230011, 5.68862533569, 8.30853366852, -1.65499746799, 30.4160556793, 64.3642272949, 14.9818973541, -1.47490155697], [-11.5873594284, 25.5203304291, 12.2541027069, -12.473733902, 9.64861011505, -5.11346721649, 4.65843248367, -4.22073507309, 3.59940505028, 3.47095489502, 14.9818973541, 50.8847694397, 19.6908893585], [-33.5106048584, 23.7889862061, -13.7143859863, 18.3476791382, 10.2172737122, -8.87455272675, -5.77944087982, 5.80504655838, -0.698314964771, -8.86263561249, -1.47490155697, 19.6908893585, 51.853969574]]
        icov: [[0.00288411206566, 0.00111687590834, 0.00124001910444, 0.000669341068715, 0.00139932055026, -0.00125664030202, 0.00106759311166, 8.83875909494e-05, 0.000334903248586, -4.38270617451e-05, 0.000456567388028, -0.0012771586189, 0.00155589042697], [0.00111687590834, 0.00426368229091, 0.00323276524432, 0.000999798765406, 0.000610967050306, 0.00108561886009, -0.00206479220651, 0.00199316092767, -0.00150618178304, 0.000290261697955, -0.000529015378561, -0.00164016638882, -0.00048376378254], [0.00124001910444, 0.00323276524432, 0.00642015086487, 0.000207674340345, 1.43812294482e-05, 0.00137172231916, -0.00197916897014, 0.000706943683326, -2.62581561401e-05, -0.00115336966701, 0.00120752805378, -0.003528121626, 0.00205161585473], [0.000669341068715, 0.000999798765406, 0.000207674340345, 0.00829257816076, -0.00278311641887, -0.0027987989597, 0.00298931519501, 0.000145133642945, -0.0015544637572, 0.000830853939988, 0.000275710597634, 0.00294900964946, -0.00351000530645], [0.00139932055026, 0.000610967050306, 1.43812294482e-05, -0.00278311641887, 0.0120052546263, -0.0024909672793, 0.00101447873749, 0.00409140437841, -0.0027283418458, -7.75881926529e-05, 0.00343684549443, -0.00374651420861, -5.37623382115e-05], [-0.00125664030202, 0.00108561886009, 0.00137172231916, -0.0027987989597, -0.0024909672793, 0.0218923464417, -0.00731090269983, -0.00227565364912, 0.0026367767714, -0.00200169254094, -0.00360096874647, 0.00121285533533, 0.00285085267387], [0.00106759311166, -0.00206479220651, -0.00197916897014, 0.00298931519501, 0.00101447873749, -0.00731090269983, 0.0194260142744, -0.00501801911741, 0.000812479876913, -0.000977375661023, 0.00261425902136, -0.00220134831034, 0.00208600377664], [8.83875909494e-05, 0.00199316092767, 0.000706943683326, 0.000145133642945, 0.00409140437841, -0.00227565364912, -0.00501801911741, 0.0200683288276, -0.0077755106613, 0.00342722679488, -0.00360356736928, 0.00359160080552, -0.00570854032412], [0.000334903248586, -0.00150618178304, -2.62581561401e-05, -0.0015544637572, -0.0027283418458, 0.0026367767714, 0.000812479876913, -0.0077755106613, 0.0217812880874, -0.00906938966364, 0.00513377739117, -0.00328201358207, 0.00353593821637], [-4.38270617451e-05, 0.000290261697955, -0.00115336966701, 0.000830853939988, -7.75881926529e-05, -0.00200169254094, -0.000977375661023, 0.00342722679488, -0.00906938966364, 0.0281417146325, -0.0142051000148, 0.00277992011979, 0.00164761289489], [0.000456567388028, -0.000529015378561, 0.00120752805378, 0.000275710597634, 0.00343684549443, -0.00360096874647, 0.00261425902136, -0.00360356736928, 0.00513377739117, -0.0142051000148, 0.0270940903574, -0.00964168272913, 0.00223409896716], [-0.0012771586189, -0.00164016638882, -0.003528121626, 0.00294900964946, -0.00374651420861, 0.00121285533533, -0.00220134831034, 0.00359160080552, -0.00328201358207, 0.00277992011979, -0.00964168272913, 0.0311664212495, -0.0134294983], [0.00155589042697, -0.00048376378254, 0.00205161585473, -0.00351000530645, -5.37623382115e-05, 0.00285085267387, 0.00208600377664, -0.00570854032412, 0.00353593821637, 0.00164761289489, 0.00223409896716, -0.0134294983, 0.0291594453156]]
    spectral_contrast:
        mean: [2.98479193361e-07, 1.46017157476e-07, -3.51893334027e-07, 9.09505502023e-08, 2.94832585013e-08, 8.0464545249e-08, -5.64140009374e-07, 1.85376313766e-06, 6.58789986119e-07, 1.27342843825e-06, -3.54295798388e-06, -2.3030918328e-06]
        var: [0.000367276690667, 0.000894982309546, 0.0013561649248, 0.00182024855167, 0.00326662464067, 0.00469564413652, 0.0308801922947, 0.0617173947394, 0.100857123733, 0.250715583563, 0.27918946743, 0.327157467604]

rhythm:
    beats_loudness:
        dmean: 0.00103514012881
        dmean2: 0.00206503807567
        dvar: 1.98534644369e-06
        dvar2: 6.06711364526e-06
        max: 0.010626799427
        mean: 0.00664385734126
        min: 0.00520033016801
        var: 1.54604754243e-06
    beats_loudness_bass:
        dmean: 0.018303245306
        dmean2: 0.0285056959838
        dvar: 0.000577028898988
        dvar2: 0.00175486481749
        max: 0.116422407329
        mean: 0.0505900755525
        min: 0.0224342625588
        var: 0.000606254150625
    bpm: 91.3983230591
    bpm_confidence: 0
    first_peak_bpm: 91
    first_peak_spread: 0
    first_peak_weight: 1
    onset_rate: 3.0904135704
    second_peak_bpm: 0
    second_peak_spread: 0
    second_peak_weight: 0
    beats_position: [0.101647809148, 0.761056542397, 1.42046523094, 2.0798740387, 2.73928284645, 3.39869141579, 4.05810022354, 4.71750879288, 5.37691736221, 6.03216409683, 6.68633508682, 7.34050655365, 7.99467802048, 8.6488494873, 9.30302047729]
    bpm_estimates: [90.0689544678, 90.9203643799, 92.0688171387, 90.9264221191, 91.577003479, 91.5671463013, 91.6084899902, 91.5264053345, 92.3212890625]
    bpm_intervals: [0.65940874815, 0.659408688545, 0.659408807755, 0.659408807755, 0.659408569336, 0.659408807755, 0.659408569336, 0.659408569336, 0.655246734619, 0.65417098999, 0.654171466827, 0.654171466827, 0.654171466827, 0.65417098999]
    onset_times: [0.0348299331963, 0.487619042397, 0.882358253002, 1.38158726692, 1.60217690468, 2.0549659729, 2.48453521729, 2.71673464775, 3.01859402657, 3.30884361267, 3.70358276367, 4.04027223587, 4.7020406723, 5.02712011337, 5.11999988556, 5.41024923325, 5.85142850876, 5.88625860214, 6.025578022, 6.68734693527, 7.33750581741, 7.6858048439, 7.84834480286, 7.98766422272, 8.23147392273, 8.45206356049, 8.66104316711, 9.13705253601, 9.22993183136, 9.85687065125, 9.98458003998]
    rubato_start: []
    rubato_stop: []
    perceptual_tempo: "unknown"

sfx:
    inharmonicity:
        dmean: 0.0550617724657
        dmean2: 0.0994766131043
        dvar: 0.0026193135418
        dvar2: 0.00722843874246
        max: 0.378121644258
        mean: 0.0711486116052
        min: 0
        var: 0.00291253230534
    oddtoevenharmonicenergyratio:
        dmean: 2.06113362312
        dmean2: 3.80277252197
        dvar: 32.6228523254
        dvar2: 96.6701889038
        max: 74.8052062988
        mean: 1.64383721352
        min: 0
        var: 19.1388988495
    pitch_after_max_to_before_max_energy_ratio: 0.0185967534781
    pitch_centroid: 221.239151001
    pitch_max_to_total: 0.986111104488
    pitch_min_to_total: 0.613425910473
    tristimulus:
        dmean: [0.168077617884, 0.241868570447, 0.173680171371]
        dmean2: [0.296985924244, 0.422944664955, 0.307273983955]
        dvar: [0.0248456634581, 0.0408161319792, 0.0237139519304]
        dvar2: [0.0658163279295, 0.119978189468, 0.0678817331791]
        max: [1, 0.971949517727, 0.841253757477]
        mean: [0.262948364019, 0.49218326807, 0.199013128877]
        min: [0.0113077023998, 0, 0]
        var: [0.0329568982124, 0.055646635592, 0.0306041203439]

tonal:
    chords_changes_rate: 0.0368663594127
    chords_number_rate: 0.0276497695595
    chords_strength:
        dmean: 0.0089183980599
        dmean2: 0.00963072292507
        dvar: 7.91684433352e-05
        dvar2: 7.83009600127e-05
        max: 0.709727346897
        mean: 0.627155721188
        min: 0.314185500145
        var: 0.00734247360379
    key_strength: 0.808527946472
    tuning_diatonic_strength: 0.736295282841
    tuning_equal_tempered_deviation: 0.118490710855
    tuning_frequency: 442.03793335
    tuning_nontempered_energy_ratio: 0.776569664478
    hpcp:
        dmean: [0.196098610759, 0.216317459941, 0.202368557453, 0.166501834989, 0.134121641517, 0.146015673876, 0.164426103234, 0.125670984387, 0.115815535188, 0.12639144063, 0.142280384898, 0.145087644458, 0.141482368112, 0.107453964651, 0.0960867702961, 0.0910157635808, 0.0904931426048, 0.0903225243092, 0.101758003235, 0.110151425004, 0.187439739704, 0.218258067966, 0.19338016212, 0.161060452461, 0.130926251411, 0.118420608342, 0.116546332836, 0.102049671113, 0.100647620857, 0.107911109924, 0.0927202627063, 0.0944050177932, 0.117820568383, 0.152636781335, 0.18357732892, 0.19764995575]
        dmean2: [0.332273036242, 0.371423870325, 0.338404238224, 0.286152362823, 0.230494216084, 0.244460657239, 0.27748849988, 0.209745064378, 0.197819426656, 0.20804142952, 0.238858044147, 0.245191156864, 0.230243250728, 0.17655967176, 0.164213135839, 0.150763943791, 0.147444397211, 0.154108434916, 0.172171577811, 0.189493790269, 0.311507493258, 0.366613268852, 0.325098007917, 0.282696008682, 0.221141442657, 0.196581870317, 0.195339635015, 0.160666301847, 0.173007816076, 0.179416567087, 0.150335654616, 0.161979407072, 0.200468942523, 0.253437429667, 0.294891685247, 0.340521216393]
        dvar: [0.0402594134212, 0.0492095500231, 0.0462949052453, 0.0375185012817, 0.0277270115912, 0.0239578615874, 0.0352169424295, 0.0240400340408, 0.0212229508907, 0.0266676265746, 0.031617436558, 0.0258766524494, 0.0217253230512, 0.014684884809, 0.0161893349141, 0.017295287922, 0.014826704748, 0.021070798859, 0.0248122811317, 0.0247705504298, 0.0361405201256, 0.0520799867809, 0.0351382084191, 0.0455330274999, 0.0284215435386, 0.0305762086064, 0.0283171199262, 0.019540367648, 0.0226085670292, 0.0273036025465, 0.0188945643604, 0.0219853632152, 0.0241366010159, 0.0365805365145, 0.0353628918529, 0.0422676317394]
        dvar2: [0.0916297286749, 0.115717917681, 0.114830255508, 0.0974233672023, 0.0775733441114, 0.0633287206292, 0.093066111207, 0.0617398805916, 0.0555790066719, 0.0742854252458, 0.0795270726085, 0.0635918825865, 0.0462170951068, 0.0374796614051, 0.0442611463368, 0.0427990332246, 0.0400126874447, 0.054697804153, 0.0644719600677, 0.0505891516805, 0.0859380885959, 0.131749868393, 0.0962682589889, 0.122967094183, 0.0714214295149, 0.0813590735197, 0.0706303492188, 0.0429448634386, 0.058511633426, 0.0651023238897, 0.0409451238811, 0.0640622526407, 0.0583279170096, 0.0884540304542, 0.0876311734319, 0.104919329286]
        max: [1, 1, 1, 1, 1, 0.934903562069, 1, 0.996159255505, 1, 1, 1, 1, 1, 0.913278102875, 1, 1, 0.912800133228, 1, 1, 1, 1, 1, 1, 1, 1, 1, 1, 1, 1, 1, 1, 1, 1, 1, 1, 1]
        mean: [0.503619730473, 0.402984023094, 0.297374874353, 0.231736883521, 0.19979223609, 0.230534419417, 0.244485035539, 0.206343814731, 0.177093967795, 0.185667961836, 0.208632439375, 0.249571219087, 0.255135148764, 0.186172679067, 0.146311938763, 0.145638182759, 0.139062434435, 0.142776340246, 0.141661286354, 0.153030112386, 0.307744383812, 0.472451001406, 0.352167338133, 0.175514906645, 0.148337721825, 0.160567730665, 0.181446582079, 0.171135276556, 0.14212705195, 0.138267293572, 0.126127541065, 0.113107427955, 0.167839899659, 0.242146506906, 0.281055808067, 0.412369340658]
        min: [0.0212160293013, 0.031677685678, 0.0288579147309, 0.0222801454365, 0.0238370131701, 0.0264477320015, 0.0248141586781, 0.0232442691922, 0.0184193830937, 0.0142873292789, 0.0217018164694, 0.0237977579236, 0.0212756339461, 0.0217824373394, 0.0161885842681, 0.0167775712907, 0.0110045168549, 0.01422138419, 0.0149994483218, 0.0113704958931, 0.0177440196276, 0.0311389323324, 0.0251805223525, 0.00779968639836, 0.010600223206, 0.00684524606913, 0.00771769834682, 0.00975805614144, 0.00812806375325, 0.00730309356004, 0.00845005363226, 0.00827771984041, 0.0122443977743, 0.0167650729418, 0.0256407260895, 0.0192651972175]
        var: [0.126497626305, 0.0903015509248, 0.0629353523254, 0.0403900071979, 0.0287094879895, 0.0315065644681, 0.043331798166, 0.0335389003158, 0.0317583754659, 0.0368876047432, 0.0407496728003, 0.0427760854363, 0.0523971840739, 0.0252000782639, 0.0195526257157, 0.0219233836979, 0.0180576425046, 0.0209635905921, 0.0249485317618, 0.0315753370523, 0.0598340816796, 0.115348003805, 0.0735847875476, 0.040138643235, 0.0299326498061, 0.0336854718626, 0.0461813136935, 0.0470584258437, 0.0306336898357, 0.0319284945726, 0.0260698813945, 0.0192260295153, 0.03285657987, 0.0604212097824, 0.0592309087515, 0.0945896580815]
    chords_histogram: [70.046081543, 1.38248848915, 0, 0, 0, 0, 4.14746522903, 0, 0, 9.21658992767, 0, 0, 0, 0, 0, 0, 0, 8.29493045807, 0, 0, 0, 0, 0, 6.91244220734]
    thpcp: [1, 0.800175189972, 0.590475022793, 0.460142582655, 0.396712481976, 0.457754939795, 0.48545563221, 0.409721463919, 0.351642221212, 0.36866697669, 0.414265811443, 0.495554894209, 0.50660276413, 0.369669139385, 0.29052066803, 0.289182841778, 0.276125878096, 0.283500283957, 0.281286209822, 0.303860425949, 0.611064970493, 0.938110589981, 0.699272334576, 0.348506808281, 0.294543117285, 0.318827331066, 0.360284894705, 0.339810520411, 0.28221103549, 0.27454701066, 0.250442028046, 0.224588945508, 0.333267122507, 0.480812191963, 0.558071494102, 0.818810939789]
    chords_key: "A"
    chords_scale: "major"
    key_key: "A"
    key_scale: "major"
    chords_progression: ["A", "A", "A", "A", "A", "A", "A", "A", "A", "A", "A", "A", "A", "A", "A", "A", "A", "A", "A", "A", "A", "A", "A", "A", "A", "A", "A", "A", "A", "A", "A", "A", "A", "A", "A", "A", "A", "A", "A", "A", "A", "A", "A", "A", "A", "A", "A", "A", "A", "A", "A", "A", "A", "A", "A", "A", "A", "A", "A", "A", "A", "A", "A", "A", "A", "A", "A", "A", "A", "A", "A", "A", "A", "A", "A", "A", "A", "A", "A", "A", "A", "A", "A", "A", "A", "A", "A", "A", "A", "A", "A", "A", "A", "A", "A", "A", "A", "A", "A", "Am", "Am", "Am", "Am", "Am", "Am", "Am", "Am", "Am", "Am", "Am", "Am", "Am", "Am", "Am", "Am", "Am", "Am", "A", "A", "A", "A", "A", "A", "A", "A", "A", "A", "A", "A", "A", "A", "A", "A", "A", "A", "A", "A", "A", "A", "A", "A", "A", "A", "A", "A", "A", "A", "A", "A", "A", "A", "A", "A", "A", "A", "A", "A", "A", "A", "A", "A", "A", "A", "A", "A", "A", "A", "A", "A", "A", "F#m", "Fm", "Fm", "Fm", "Fm", "Fm", "Fm", "Fm", "Fm", "Fm", "Fm", "Fm", "Fm", "Fm", "Fm", "Fm", "Fm", "Fm", "Fm", "Fm", "Fm", "F#m", "F#m", "F#m", "F#m", "F#m", "F#m", "F#m", "F#m", "F#m", "F#m", "F#", "F#", "F#", "F#", "F#", "F#", "F#", "F#", "F#", "F#m", "F#m", "F#m", "F#m", "C#m", "C#m", "C#m"]
