
metadata:
    version:
        essentia: "1.2.2"
    audio_properties:
        analysis_sample_rate: 44100
        bitrate: 128
        channels: 2
        equal_loudness: 1
        length: 10.2399997711
        replay_gain: -5.87400054932
        downmix: "mix"
    tags:
        track: 28
        year: 0
        album: "Splitted by Mp3Splt v. 2.1"
        artist: "From 004.30 To 004.40"
        comment: "http://mp3splt.sf.net"
        genre: ""
        title: "01 Come Talk to Me.mp3"

highlevel:
    ballroom:
        all:
            ChaChaCha: 0.00418120948598
            Jive: 0.00485607609153
            Quickstep: 0.00823275186121
            Rumba-American: 0.0168612077832
            Rumba-International: 0.474517643452
            Rumba-Misc: 0.116137504578
            Samba: 0.00353021756746
            Tango: 0.00979437679052
            VienneseWaltz: 0.138360410929
            Waltz: 0.22352860868
        probability: 0.474517643452
        value: "Rumba-International"
    culture:
        all:
            non_western: 0.0717132613063
            western: 0.928286731243
        probability: 0.928286731243
        value: "western"
    gender:
        all:
            female: 0.72483342886
            male: 0.27516657114
        probability: 0.72483342886
        value: "female"
    genre_dortmund:
        all:
            alternative: 0.21183359623
            blues: 0.022622384131
            electronic: 0.0958743169904
            folkcountry: 0.315535634756
            funksoulrnb: 0.00873235054314
            jazz: 0.108954995871
            pop: 0.14623747766
            raphiphop: 0.00269211106934
            rock: 0.0875171273947
        probability: 0.315535634756
        value: "folkcountry"
    genre_electronica:
        all:
            ambient: 0.895540595055
            dnb: 0.0203349143267
            house: 0.0353214964271
            techno: 0.0221091881394
            trance: 0.0266938339919
        probability: 0.895540595055
        value: "ambient"
    genre_rosamerica:
        all:
            cla: 0.196509391069
            dan: 0.05100158602
            hip: 0.0140922991559
            jaz: 0.113233439624
            pop: 0.0915656387806
            rhy: 0.179965734482
            roc: 0.342132776976
            spe: 0.0114991404116
        probability: 0.342132776976
        value: "roc"
    genre_tzanetakis:
        all:
            blu: 0.0823684260249
            cla: 0.040713109076
            cou: 0.276798725128
            dis: 0.0263039506972
            hip: 0.0128877079114
            jaz: 0.0331660732627
            met: 0.0423146747053
            pop: 0.0394697748125
            reg: 0.0463640801609
            roc: 0.399613469839
        probability: 0.399613469839
        value: "roc"
    live_studio:
        all:
            live: 0.0795509442687
            studio: 0.920449078083
        probability: 0.920449078083
        value: "studio"
    mood:
        all:
            Cluster1: 0.0887195244431
            Cluster2: 0.0498583950102
            Cluster3: 0.79118001461
            Cluster4: 0.0200648065656
            Cluster5: 0.0501772388816
        probability: 0.79118001461
        value: "Cluster3"
    mood_acoustic:
        all:
            acoustic: 0.803292691708
            not_acoustic: 0.196707323194
        probability: 0.803292691708
        value: "acoustic"
    mood_aggressive:
        all:
            aggressive: 0.030001623556
            not_aggressive: 0.96999835968
        probability: 0.96999835968
        value: "not_aggressive"
    mood_electronic:
        all:
            electronic: 0.194630011916
            not_electronic: 0.805369973183
        probability: 0.805369973183
        value: "not_electronic"
    mood_happy:
        all:
            happy: 0.155563831329
            not_happy: 0.844436168671
        probability: 0.844436168671
        value: "not_happy"
    mood_party:
        all:
            not_party: 0.967916369438
            party: 0.0320836380124
        probability: 0.967916369438
        value: "not_party"
    mood_relaxed:
        all:
            not_relaxed: 0.250774204731
            relaxed: 0.749225795269
        probability: 0.749225795269
        value: "relaxed"
    mood_sad:
        all:
            not_sad: 0.0851328447461
            sad: 0.914867162704
        probability: 0.914867162704
        value: "sad"
    rhythm:
        all:
            fast: 0.0368918180466
            medium: 0.134601533413
            slow: 0.82850664854
        probability: 0.82850664854
        value: "slow"
    speech_music:
        all:
            music: 0.99605089426
            speech: 0.00394908990711
        probability: 0.99605089426
        value: "music"
    timbre:
        all:
            bright: 0.420189768076
            dark: 0.579810202122
        probability: 0.579810202122
        value: "dark"
    voice_instrumental:
        all:
            instrumental: 0.602800965309
            voice: 0.397199034691
        probability: 0.602800965309
        value: "instrumental"

lowlevel:
    average_loudness: 0.946095824242
    barkbands_kurtosis:
        dmean: 5.92677688599
        dmean2: 9.23944473267
        dvar: 65.6663894653
        dvar2: 138.50769043
        max: 139.042404175
        mean: 12.7214078903
        min: -1.65865147114
        var: 225.468139648
    barkbands_skewness:
        dmean: 0.656161606312
        dmean2: 1.01621830463
        dvar: 0.35933816433
        dvar2: 0.774579167366
        max: 8.84747695923
        mean: 2.71372938156
        min: 0.30186149478
        var: 1.76993119717
    barkbands_spread:
        dmean: 3.52203035355
        dmean2: 5.56324005127
        dvar: 16.570514679
        dvar2: 35.8499488831
        max: 52.6684036255
        mean: 10.5010795593
        min: 0.580684781075
        var: 64.2282562256
    dissonance:
        dmean: 0.032271515578
        dmean2: 0.0554726459086
        dvar: 0.000788177945651
        dvar2: 0.00206075236201
        max: 0.493931651115
        mean: 0.42849817872
        min: 0.247451364994
        var: 0.00165189022664
    hfc:
        dmean: 0.454211264849
        dmean2: 0.681300997734
        dvar: 0.286513835192
        dvar2: 0.563970088959
        max: 7.00917768478
        mean: 1.61433374882
        min: 0.106260754168
        var: 1.33602368832
    pitch:
        dmean: 141.33656311
        dmean2: 272.24597168
        dvar: 286523.40625
        dvar2: 766509.5
        max: 4410
        mean: 300.64855957
        min: 54.919052124
        var: 251888.96875
    pitch_instantaneous_confidence:
        dmean: 0.100563146174
        dmean2: 0.158868595958
        dvar: 0.00634719990194
        dvar2: 0.0148751661181
        max: 0.847764194012
        mean: 0.459936350584
        min: 0.155927360058
        var: 0.0223558209836
    pitch_salience:
        dmean: 0.0795900151134
        dmean2: 0.126757487655
        dvar: 0.00428632367402
        dvar2: 0.0105967205018
        max: 0.816788911819
        mean: 0.58947211504
        min: 0.260861009359
        var: 0.0124266818166
    silence_rate_20dB:
        dmean: 0
        dmean2: 0
        dvar: 0
        dvar2: 0
        max: 1
        mean: 1
        min: 1
        var: 0
    silence_rate_30dB:
        dmean: 0
        dmean2: 0
        dvar: 0
        dvar2: 0
        max: 1
        mean: 1
        min: 1
        var: 0
    silence_rate_60dB:
        dmean: 0.159090906382
        dmean2: 0.318906605244
        dvar: 0.133781269193
        dvar2: 0.276430249214
        max: 1
        mean: 0.532879829407
        min: 0
        var: 0.248918265104
    spectral_centroid:
        dmean: 102.405235291
        dmean2: 159.416976929
        dvar: 18105.3457031
        dvar2: 44751.84375
        max: 1822.94702148
        mean: 461.701019287
        min: 211.899246216
        var: 53398.3632812
    spectral_complexity:
        dmean: 1.50913238525
        dmean2: 2.44622421265
        dvar: 1.75676167011
        dvar2: 3.98622751236
        max: 16
        mean: 6.21867895126
        min: 1
        var: 6.60365629196
    spectral_crest:
        dmean: 2.93699145317
        dmean2: 4.75985145569
        dvar: 6.04823541641
        dvar2: 14.784737587
        max: 24.4812660217
        mean: 12.2271127701
        min: 4.04024457932
        var: 21.4625053406
    spectral_decrease:
        dmean: 2.76298844915e-10
        dmean2: 4.3288794771e-10
        dvar: 7.1809351971e-20
        dvar2: 1.72357801855e-19
        max: -4.72975374144e-11
        mean: -9.61685731049e-10
        min: -3.46362782899e-09
        var: 3.97639498181e-19
    spectral_energy:
        dmean: 0.00107155251317
        dmean2: 0.00167805934325
        dvar: 1.07835967356e-06
        dvar2: 2.56321845882e-06
        max: 0.013513782993
        mean: 0.00377604691312
        min: 0.000190032238606
        var: 6.04076103627e-06
    spectral_energyband_high:
        dmean: 1.36421695061e-05
        dmean2: 2.24618906941e-05
        dvar: 2.54546494993e-09
        dvar2: 4.77178518921e-09
        max: 0.000836277438793
        mean: 1.8277525669e-05
        min: 1.60182565878e-07
        var: 3.24081184111e-09
    spectral_energyband_low:
        dmean: 0.000211065358599
        dmean2: 0.000342299172189
        dvar: 7.91144572077e-08
        dvar2: 1.82324242815e-07
        max: 0.00187552790157
        mean: 0.000336971221259
        min: 6.21246135779e-06
        var: 1.2475767619e-07
    spectral_energyband_middle_high:
        dmean: 0.000111411085527
        dmean2: 0.000163342119777
        dvar: 3.18570627655e-08
        dvar2: 5.96171787492e-08
        max: 0.00323609635234
        mean: 0.000291770062177
        min: 1.29068866954e-05
        var: 1.47007895634e-07
    spectral_energyband_middle_low:
        dmean: 0.000968473672401
        dmean2: 0.00155017583165
        dvar: 9.8733755749e-07
        dvar2: 2.40990289058e-06
        max: 0.0128260944039
        mean: 0.00312901823781
        min: 0.000132644316182
        var: 5.08598532178e-06
    spectral_flatness_db:
        dmean: 0.0258873086423
        dmean2: 0.0410179831088
        dvar: 0.000499090994708
        dvar2: 0.00102211011108
        max: 0.404814481735
        mean: 0.24640840292
        min: 0.0793001800776
        var: 0.00262139411643
    spectral_flux:
        dmean: 0.00747221661732
        dmean2: 0.0121394032612
        dvar: 4.65740376967e-05
        dvar2: 0.000105391678517
        max: 0.0648759827018
        mean: 0.02923806943
        min: 0.00892520137131
        var: 0.000110530228994
    spectral_kurtosis:
        dmean: 6.26014852524
        dmean2: 10.2800502777
        dvar: 54.330871582
        dvar2: 143.291381836
        max: 72.3657684326
        mean: 14.4950723648
        min: -0.186452150345
        var: 117.919464111
    spectral_rms:
        dmean: 0.000272408535238
        dmean2: 0.000419909018092
        dvar: 4.82387108036e-08
        dvar2: 1.0959778507e-07
        max: 0.00363100250252
        mean: 0.0018274160102
        min: 0.000430577871157
        var: 3.44500364236e-07
    spectral_rolloff:
        dmean: 252.498672485
        dmean2: 443.228881836
        dvar: 222333.921875
        dvar2: 510907.59375
        max: 4392.7734375
        mean: 706.083068848
        min: 215.33203125
        var: 469471.40625
    spectral_skewness:
        dmean: 0.546070873737
        dmean2: 0.857690989971
        dvar: 0.308053642511
        dvar2: 0.780769765377
        max: 6.68214654922
        mean: 2.715726614
        min: 0.627223014832
        var: 0.967745125294
    spectral_spread:
        dmean: 378167.71875
        dmean2: 573178.75
        dvar: 408547000320
        dvar2: 506100613120
        max: 14799312
        mean: 2688820.5
        min: 1096050.75
        var: 822562652160
    spectral_strongpeak:
        dmean: 0.128238737583
        dmean2: 0.208158686757
        dvar: 0.0151086607948
        dvar2: 0.0353463962674
        max: 1.31407487392
        mean: 0.327457159758
        min: 0.019565442577
        var: 0.0454134047031
    zerocrossingrate:
        dmean: 0.00523954769596
        dmean2: 0.00648509012535
        dvar: 3.07822301693e-05
        dvar2: 4.22783268732e-05
        max: 0.09912109375
        mean: 0.0314479805529
        min: 0.009765625
        var: 0.000239825079916
    barkbands:
        dmean: [4.7715616347e-07, 8.25557435746e-05, 0.000152355481987, 0.000345487787854, 0.000644098734483, 0.00031507370295, 0.000130052576424, 8.62983433763e-05, 7.04599515302e-05, 4.01571996917e-05, 1.2189766494e-05, 1.55819780048e-05, 1.00354891401e-05, 1.44207770063e-05, 1.28564324768e-05, 9.43272243603e-06, 1.00038132587e-05, 2.53384441748e-05, 2.38601733145e-05, 1.66996924236e-05, 5.56015993425e-06, 1.54372150973e-06, 2.86447999542e-07, 1.40840143104e-07, 7.55303233291e-08, 1.50469015026e-09, 5.50034462421e-10]
        dmean2: [6.07675701758e-07, 0.000130913002067, 0.000255305320024, 0.000555855338462, 0.00103676319122, 0.000521440175362, 0.000209109173738, 0.000146182341268, 0.000111266272143, 6.37140547042e-05, 1.94807471416e-05, 2.52901136264e-05, 1.64751236298e-05, 2.17453107325e-05, 2.01778730116e-05, 1.52923184942e-05, 1.66475747392e-05, 4.10373577324e-05, 3.84967097489e-05, 2.61914119619e-05, 9.18714795262e-06, 2.33682294493e-06, 4.65535379135e-07, 2.14968423506e-07, 1.18792897297e-07, 2.2327788507e-09, 6.55660470361e-10]
        dvar: [8.96836804039e-13, 1.4191628317e-08, 5.36027471298e-08, 1.96442286438e-07, 7.57671045903e-07, 1.62336505127e-07, 2.29750245495e-08, 2.34877219896e-08, 1.69303149278e-08, 9.21604392801e-09, 5.60859469978e-10, 7.78789865929e-10, 3.45537071178e-10, 1.33433297744e-09, 8.10692624142e-10, 2.55110405023e-10, 3.64613311765e-10, 1.78759518299e-09, 1.51148482619e-09, 9.69007651896e-10, 4.92805574126e-10, 8.38535837988e-11, 5.0895316607e-12, 1.49650918827e-12, 3.83439319792e-13, 1.31064571067e-16, 7.86121352179e-17]
        dvar2: [1.38287807854e-12, 2.62768544701e-08, 1.29817038896e-07, 4.50212581882e-07, 1.91836443264e-06, 4.05884748034e-07, 5.51652199476e-08, 5.86809569825e-08, 3.32059748587e-08, 2.18700932919e-08, 1.23299448429e-09, 1.9025543363e-09, 9.88135684388e-10, 2.94435520409e-09, 1.36120081873e-09, 5.69044034116e-10, 9.68242930277e-10, 4.53498882891e-09, 3.82337850269e-09, 2.28156293858e-09, 9.31562160744e-10, 1.66901825693e-10, 1.32107493347e-11, 3.63404510477e-12, 9.83690125883e-13, 2.43424245909e-16, 7.87298000057e-17]
        max: [1.0746092812e-05, 0.00146969931666, 0.0018253014423, 0.00364754488692, 0.0103353550658, 0.00388950784691, 0.00173232785892, 0.00213899905793, 0.00238872598857, 0.00135533744469, 0.000380606565159, 0.000512942846399, 0.00024474482052, 0.000768787227571, 0.000574524747208, 0.000173992855707, 0.000201216826099, 0.000496508320794, 0.000424897181801, 0.000442107120762, 0.000385677150916, 0.000172359941644, 3.96741306758e-05, 2.19876892515e-05, 1.09504835564e-05, 1.69428318486e-07, 1.85905989269e-07]
        mean: [9.04858836748e-07, 0.000131869324832, 0.000204211159144, 0.000560985761695, 0.00144476571586, 0.000669708708301, 0.000218587883865, 0.000117256007798, 0.000110674925963, 5.93903605477e-05, 1.9377010176e-05, 2.45917908615e-05, 1.48618537423e-05, 2.51438777923e-05, 2.27479522437e-05, 1.4965943592e-05, 1.47345435835e-05, 4.57865971839e-05, 3.98697557102e-05, 2.62831890723e-05, 6.99821976013e-06, 1.78528341621e-06, 2.95699521757e-07, 1.57182512339e-07, 9.49480920553e-08, 1.78616399449e-09, 5.28831478608e-10]
        min: [2.89494678229e-10, 1.96603295421e-07, 2.34554318013e-06, 2.05904393624e-06, 3.53907416866e-05, 1.75929199031e-05, 6.2334111135e-06, 1.06569336822e-06, 3.71320766135e-06, 9.75003217718e-07, 1.47260905692e-07, 7.96269034709e-07, 5.42933435099e-07, 1.31764338107e-07, 4.81313577438e-07, 1.92896280282e-07, 1.43732549418e-07, 1.9259880446e-07, 4.80851667817e-07, 1.7704810773e-07, 6.20639752924e-08, 8.65621530011e-09, 2.22459961563e-09, 4.22339052619e-10, 7.64725921476e-11, 1.38782117309e-12, 4.57415748616e-15]
        var: [3.42416481454e-12, 3.34927925394e-08, 7.20210238114e-08, 5.45581656297e-07, 2.78514153251e-06, 5.69102780901e-07, 6.58342784732e-08, 3.06954426321e-08, 3.47571962322e-08, 1.86905939614e-08, 1.54944723718e-09, 1.90792870391e-09, 4.43129116734e-10, 3.9601628643e-09, 2.18511830852e-09, 5.68141367285e-10, 6.01138638867e-10, 4.81952966425e-09, 2.65148991652e-09, 1.49113399406e-09, 6.36956931643e-10, 9.53396944725e-11, 3.8663529843e-12, 1.2676954755e-12, 3.08968481225e-13, 1.13043031907e-16, 7.8481156131e-17]
    mfcc:
        mean: [-814.460266113, 198.59677124, -33.5894851685, 64.9718322754, -15.9725694656, -11.8629980087, -0.7053861022, -11.0027513504, -13.1820840836, -2.77764081955, -4.60258626938, -11.6574249268, -7.57180118561]
        cov: [[2586.76879883, -1059.46728516, -177.195037842, 6.34384775162, -61.6954498291, -48.5593605042, 7.17135000229, 28.2145843506, 84.3665618896, 40.9615516663, 28.2429714203, -25.849319458, -71.1742095947], [-1059.46728516, 743.116394043, 90.9780731201, -0.891303896904, 38.1027603149, 55.9605255127, 8.73658561707, -6.84103250504, -28.8519058228, -4.48704099655, 5.92590522766, 14.8584194183, 33.3847808838], [-177.195037842, 90.9780731201, 325.225585938, -20.0216579437, 60.6952018738, 57.2622833252, 27.9644584656, -8.7247505188, 31.2017841339, -31.798707962, -33.9527854919, 10.4206123352, 32.0062828064], [6.34384775162, -0.891303896904, -20.0216579437, 231.73677063, 21.3663711548, -1.22401821613, -8.77568149567, 25.0465698242, -35.2280731201, 39.7981414795, 26.1610832214, 6.22140932083, -4.18023490906], [-61.6954498291, 38.1027603149, 60.6952018738, 21.3663711548, 149.341323853, 2.11729836464, 22.7124900818, -7.58799266815, 33.0052070618, 15.8415250778, 3.29908680916, -13.2482509613, 17.5963249207], [-48.5593605042, 55.9605255127, 57.2622833252, -1.22401821613, 2.11729836464, 126.007171631, 8.84974575043, 19.6704788208, 22.9931850433, -14.7656726837, -27.2833213806, 22.6743927002, 11.5277357101], [7.17135000229, 8.73658561707, 27.9644584656, -8.77568149567, 22.7124900818, 8.84974575043, 83.1451950073, 3.46311974525, -22.4975795746, 11.3345327377, 21.8165359497, -9.08921527863, 2.90895390511], [28.2145843506, -6.84103250504, -8.7247505188, 25.0465698242, -7.58799266815, 19.6704788208, 3.46311974525, 52.4515953064, 18.067533493, 11.7287530899, 4.61862850189, 11.4943008423, 4.45502090454], [84.3665618896, -28.8519058228, 31.2017841339, -35.2280731201, 33.0052070618, 22.9931850433, -22.4975795746, 18.067533493, 122.571983337, -0.500828742981, -22.6105518341, 16.3652648926, 23.1478652954], [40.9615516663, -4.48704099655, -31.798707962, 39.7981414795, 15.8415250778, -14.7656726837, 11.3345327377, 11.7287530899, -0.500828742981, 70.9380493164, 39.96824646, 0.733395695686, -2.29138207436], [28.2429714203, 5.92590522766, -33.9527854919, 26.1610832214, 3.29908680916, -27.2833213806, 21.8165359497, 4.61862850189, -22.6105518341, 39.96824646, 85.1171798706, 10.2568702698, -3.12710952759], [-25.849319458, 14.8584194183, 10.4206123352, 6.22140932083, -13.2482509613, 22.6743927002, -9.08921527863, 11.4943008423, 16.3652648926, 0.733395695686, 10.2568702698, 56.8741798401, 22.6350345612], [-71.1742095947, 33.3847808838, 32.0062828064, -4.18023490906, 17.5963249207, 11.5277357101, 2.90895390511, 4.45502090454, 23.1478652954, -2.29138207436, -3.12710952759, 22.6350345612, 59.0399055481]]
        icov: [[0.00102031801362, 0.00140519440174, 0.000156150214025, -8.32541190903e-05, 0.000244796858169, -0.000414331356296, -0.000338950019795, 0.000142696182593, -0.000745618890505, -0.00017743142962, -0.000549477350432, 0.000339205435012, 0.000485064898385], [0.00140519440174, 0.00347252865322, -9.12798059289e-05, 0.000121488425066, -0.000128248531837, -0.0013642864069, 0.000135830108775, 0.000212157610804, -6.30222639302e-05, -0.000360341888154, -0.00117968686391, 0.000537948450074, -0.000187592173461], [0.000156150214025, -9.12798059289e-05, 0.00419260235503, -0.000196429566131, -0.00121550750919, -0.00115012051538, -0.00171080592554, 0.00112518901005, -0.00078727043001, 0.00149425643031, 0.000875086232554, -0.000602876534685, -0.000816544110421], [-8.32541190903e-05, 0.000121488425066, -0.000196429566131, 0.00603923946619, -0.00200652959757, -0.00039272630238, 0.00273491884582, -0.00360451871529, 0.00360504258424, -0.00280804932117, -9.69834291027e-05, -0.000806685420685, -4.13114867115e-05], [0.000244796858169, -0.000128248531837, -0.00121550750919, -0.00200652959757, 0.0100348703563, 0.000149830477312, -0.00303356931545, 0.00350082782097, -0.00453651417047, -0.00162451027427, -0.000689136271831, 0.00395357515663, -0.00208691018634], [-0.000414331356296, -0.0013642864069, -0.00115012051538, -0.00039272630238, 0.000149830477312, 0.011654689908, -0.00277095846832, -0.00341338873841, -0.000830658827908, 0.000748288119212, 0.00462412182242, -0.00515054911375, 0.00151576020289], [-0.000338950019795, 0.000135830108775, -0.00171080592554, 0.00273491884582, -0.00303356931545, -0.00277095846832, 0.0177712291479, -0.00383520964533, 0.00568277062848, -0.00152270437684, -0.00491177849472, 0.00416227895766, -0.00264843436889], [0.000142696182593, 0.000212157610804, 0.00112518901005, -0.00360451871529, 0.00350082782097, -0.00341338873841, -0.00383520964533, 0.0260139796883, -0.00606292206794, -0.0025289838668, -0.000395668263081, -0.0016130504664, -8.76329941093e-05], [-0.000745618890505, -6.30222639302e-05, -0.00078727043001, 0.00360504258424, -0.00453651417047, -0.000830658827908, 0.00568277062848, -0.00606292206794, 0.0146957980469, -0.00265473080799, 0.00296086794697, -0.00262262788601, -0.00319196539931], [-0.00017743142962, -0.000360341888154, 0.00149425643031, -0.00280804932117, -0.00162451027427, 0.000748288119212, -0.00152270437684, -0.0025289838668, -0.00265473080799, 0.0227622110397, -0.0091987112537, 0.00160543958191, 0.000406448962167], [-0.000549477350432, -0.00117968686391, 0.000875086232554, -9.69834291027e-05, -0.000689136271831, 0.00462412182242, -0.00491177849472, -0.000395668263081, 0.00296086794697, -0.0091987112537, 0.0213303230703, -0.00810335297137, 0.00181638437789], [0.000339205435012, 0.000537948450074, -0.000602876534685, -0.000806685420685, 0.00395357515663, -0.00515054911375, 0.00416227895766, -0.0016130504664, -0.00262262788601, 0.00160543958191, -0.00810335297137, 0.0279030036181, -0.00991782452911], [0.000485064898385, -0.000187592173461, -0.000816544110421, -4.13114867115e-05, -0.00208691018634, 0.00151576020289, -0.00264843436889, -8.76329941093e-05, -0.00319196539931, 0.000406448962167, 0.00181638437789, -0.00991782452911, 0.0236972048879]]
    spectral_contrast:
        mean: [4.544429828e-07, -1.96006283204e-07, -5.67652762129e-07, 8.38402485215e-08, 4.56606869648e-07, 3.57492098146e-07, 4.92179594858e-07, -3.65176879313e-06, 2.70885470854e-06, -3.36555785907e-06, -1.75650404799e-06, 1.41204621329e-08]
        var: [0.000468774582259, 0.000563720765058, 0.00114079855848, 0.00225582066923, 0.00386262894608, 0.0058681438677, 0.0367689058185, 0.0922341123223, 0.0965133607388, 0.267995655537, 0.39795127511, 1.57619440556]

rhythm:
    beats_loudness:
        dmean: 0.00292054540478
        dmean2: 0.00491818506271
        dvar: 4.5706074161e-06
        dvar2: 1.59395694936e-05
        max: 0.00911700259894
        mean: 0.00390169466846
        min: 0.0013713928638
        var: 6.06009052717e-06
    beats_loudness_bass:
        dmean: 0.137945592403
        dmean2: 0.230183959007
        dvar: 0.00560686178505
        dvar2: 0.017809279263
        max: 0.411675930023
        mean: 0.191104605794
        min: 0.0379092134535
        var: 0.0136446356773
    bpm: 102.423912048
    bpm_confidence: 0
    first_peak_bpm: 102
    first_peak_spread: 0
    first_peak_weight: 0.5
    onset_rate: 4.6875
    second_peak_bpm: 136
    second_peak_spread: 0
    second_peak_weight: 0.444444447756
    beats_position: [0.220844626427, 0.806646704674, 1.39244878292, 1.97825086117, 2.56405305862, 3.14985513687, 3.73565721512, 4.32145929337, 4.90726137161, 5.49306344986, 6.28363990784, 6.72344398499, 7.16324663162, 7.6030497551, 8.04285240173, 8.48265552521, 8.92245960236, 9.36226272583, 9.8020658493]
    bpm_estimates: [102.546531677, 102.486824036, 102.370933533, 102.111785889, 102.228187561, 102.658828735, 102.40612793, 102.452102661, 102.553909302]
    bpm_intervals: [0.585802078247, 0.585802078247, 0.585802078247, 0.585802197456, 0.585802078247, 0.585802078247, 0.585802078247, 0.585802078247, 0.585802078247, 0.790576457977, 0.439804077148, 0.439802646637, 0.439803123474, 0.439802646637, 0.439803123474, 0.439804077148, 0.439803123474, 0.439803123474]
    onset_times: [0.0580498874187, 0.371519267559, 0.545668959618, 0.696598649025, 0.824308395386, 0.99845802784, 1.40480720997, 1.55573701859, 1.8575963974, 1.90403628349, 1.93886625767, 2.02013611794, 2.15945577621, 2.32199549675, 2.46131515503, 2.73995471001, 2.93732428551, 3.1811337471, 3.30884361267, 3.49460315704, 3.64553284645, 3.78485250473, 3.92417240143, 4.07510185242, 4.53950119019, 5.07356023788, 5.25931978226, 5.53795909882, 5.71210861206, 5.94430828094, 6.24616765976, 6.46675729752, 6.72217702866, 7.1517457962, 7.34911584854, 7.39555549622, 7.47682523727, 7.89478445053, 8.20825386047, 8.32435417175, 8.6146030426, 8.93968296051, 9.14866256714, 9.25315189362, 9.287981987, 9.4853515625, 9.78721046448, 10.2399997711]
    rubato_start: [6.72344398499]
    rubato_stop: [9.8020658493]
    perceptual_tempo: "unknown"

sfx:
    inharmonicity:
        dmean: 0.0183446481824
        dmean2: 0.0327351540327
        dvar: 0.000915650627576
        dvar2: 0.00250588869676
        max: 0.222279399633
        mean: 0.0149404238909
        min: 2.05197811738e-05
        var: 0.00076036102837
    oddtoevenharmonicenergyratio:
        dmean: 2.29638767242
        dmean2: 4.40715360641
        dvar: 99.294128418
        dvar2: 293.152893066
        max: 130.594833374
        mean: 1.33887839317
        min: 7.44514400139e-05
        var: 52.2787780762
    pitch_after_max_to_before_max_energy_ratio: 0.325187176466
    pitch_centroid: 188.506103516
    pitch_max_to_total: 0.870159447193
    pitch_min_to_total: 0.833712995052
    tristimulus:
        dmean: [0.225693702698, 0.220879614353, 0.0452843792737]
        dmean2: [0.398572534323, 0.388379365206, 0.0796815976501]
        dvar: [0.044846970588, 0.0421426407993, 0.00364531390369]
        dvar2: [0.115794695914, 0.113753706217, 0.00950604584068]
        max: [0.981933772564, 0.951598584652, 0.33682346344]
        mean: [0.646389186382, 0.287082225084, 0.0444008633494]
        min: [0.0392901189625, 0, 0]
        var: [0.0591000020504, 0.0521148629487, 0.00348973320797]

tonal:
    chords_changes_rate: 0.0452488698065
    chords_number_rate: 0.0135746607557
    chords_strength:
        dmean: 0.00979816261679
        dmean2: 0.00946447439492
        dvar: 6.15816898062e-05
        dvar2: 5.79986699449e-05
        max: 0.797883927822
        mean: 0.631934940815
        min: 0.396909683943
        var: 0.0121665298939
    key_strength: 0.800149202347
    tuning_diatonic_strength: 0.703007698059
    tuning_equal_tempered_deviation: 0.197492167354
    tuning_frequency: 443.828887939
    tuning_nontempered_energy_ratio: 0.886164605618
    hpcp:
        dmean: [0.189004659653, 0.158007800579, 0.101495757699, 0.097858056426, 0.0979254618287, 0.117338903248, 0.0889737457037, 0.0574355311692, 0.060074467212, 0.0633943751454, 0.0905924960971, 0.127998962998, 0.117228023708, 0.13841933012, 0.129048064351, 0.128429532051, 0.136356115341, 0.0851717889309, 0.0799875259399, 0.174041986465, 0.253329575062, 0.199670404196, 0.141229078174, 0.0495932921767, 0.0345809906721, 0.0419239811599, 0.079393222928, 0.101599760354, 0.127519890666, 0.136017724872, 0.107925646007, 0.0986585095525, 0.0998076349497, 0.122821331024, 0.19493187964, 0.257355391979]
        dmean2: [0.302385628223, 0.284098118544, 0.182038605213, 0.181463569403, 0.17886839807, 0.207458287477, 0.150091156363, 0.100630015135, 0.102427631617, 0.10881318897, 0.160998240113, 0.219417855144, 0.206613764167, 0.243424892426, 0.222756132483, 0.218993008137, 0.241904258728, 0.14816236496, 0.14578166604, 0.310842365026, 0.431789427996, 0.341378211975, 0.242938905954, 0.0929339230061, 0.0613976828754, 0.0740188285708, 0.13365547359, 0.178368419409, 0.217420876026, 0.242192879319, 0.190114274621, 0.182421475649, 0.18828137219, 0.222319349647, 0.341084122658, 0.441719830036]
        dvar: [0.039893809706, 0.0458111315966, 0.0291400607675, 0.0382065549493, 0.0275004077703, 0.0381138324738, 0.0196270681918, 0.01549879089, 0.0247279237956, 0.020317690447, 0.0317195020616, 0.044289290905, 0.0375557430089, 0.0368522442877, 0.0453967489302, 0.0404234714806, 0.0423770286143, 0.0216798800975, 0.0239684674889, 0.0319087952375, 0.0651217326522, 0.0498243235052, 0.0252451486886, 0.00745255965739, 0.00622855033726, 0.00541559420526, 0.0205624811351, 0.0368174538016, 0.0386593788862, 0.0506533607841, 0.0292952693999, 0.039859611541, 0.0366757214069, 0.0396456606686, 0.0436186827719, 0.066490188241]
        dvar2: [0.0877926722169, 0.136013716459, 0.080512739718, 0.108213767409, 0.0803524777293, 0.104682423174, 0.0541932545602, 0.044263061136, 0.0596812218428, 0.046484220773, 0.0853825211525, 0.122276008129, 0.0911826044321, 0.0930309146643, 0.104073502123, 0.0932650566101, 0.11567363888, 0.0597291626036, 0.0644935294986, 0.0859075859189, 0.169210255146, 0.113323368132, 0.075611539185, 0.0213115103543, 0.0151643501595, 0.0136419562623, 0.0495050102472, 0.093821503222, 0.102608308196, 0.134922727942, 0.0742389410734, 0.122745469213, 0.116904236376, 0.120317623019, 0.120828874409, 0.1691557616]
        max: [1, 1, 1, 1, 1, 1, 0.92796754837, 1, 1, 1, 1, 1, 1, 1, 1, 1, 1, 0.842813670635, 1, 0.859439015388, 1, 1, 0.866390168667, 0.481022387743, 0.564295530319, 0.629629015923, 1, 1, 1, 1, 1, 1, 1, 1, 1, 1]
        mean: [0.302312284708, 0.139379456639, 0.0809762105346, 0.0704982876778, 0.0886280536652, 0.117233291268, 0.0928659215569, 0.0499260537326, 0.0503625012934, 0.052586145699, 0.077381528914, 0.144124224782, 0.161344468594, 0.132941067219, 0.175082758069, 0.191054627299, 0.12128585577, 0.0666132643819, 0.058493770659, 0.169948771596, 0.420705795288, 0.413110733032, 0.152265131474, 0.0373719930649, 0.0266063474119, 0.0382985211909, 0.097514115274, 0.141297146678, 0.138500750065, 0.128130957484, 0.0996608585119, 0.0747219473124, 0.0741257071495, 0.0927836969495, 0.205483540893, 0.363575726748]
        min: [0.00512847490609, 0.00100027339067, 0.000121975164802, 0.000133897687192, 0.000196221852093, 0.000370145426132, 0.000277888902929, 0.000197668065084, 5.36357183591e-05, 7.60969051044e-05, 7.03415789758e-05, 0.000466922007035, 0.000519126828294, 0.000223465380259, 0.000238551932853, 9.60077741183e-05, 0.000203801115276, 6.25629691058e-05, 3.49590554833e-05, 0.000215693187783, 0.00168111850508, 0.0034378443379, 0.000330202718033, 3.50780028384e-05, 6.57838681946e-05, 0.000170992439962, 0.000307552050799, 0.00015428585175, 0.00040973542491, 0.000611667521298, 0.000268066651188, 0.000123532721773, 0.000171949286596, 0.000136253031087, 0.000319303566357, 0.00422791112214]
        var: [0.0849605947733, 0.0393692404032, 0.0229292009026, 0.0249891988933, 0.0266525223851, 0.0470943376422, 0.0234099309891, 0.0111533226445, 0.0225326679647, 0.0199875235558, 0.0274009872228, 0.0606228336692, 0.0727862864733, 0.0417252443731, 0.084965929389, 0.0883854553103, 0.039757501334, 0.0189252942801, 0.0172421149909, 0.0381437689066, 0.141198575497, 0.138249203563, 0.0321172773838, 0.00492054410279, 0.00457464857027, 0.00556581933051, 0.0370772443712, 0.0691744163632, 0.0453006103635, 0.0512319728732, 0.0331114530563, 0.0287756267935, 0.0243306476623, 0.029589202255, 0.0553144663572, 0.116446264088]
    chords_histogram: [32.1266975403, 0, 0, 0, 0, 0, 0, 0, 0, 0, 47.0588226318, 0, 0, 0, 0, 0, 0, 0, 0, 0, 0, 0, 20.3619918823, 0.452488690615]
    thpcp: [1, 0.981946885586, 0.361927807331, 0.0888316556811, 0.0632421672344, 0.0910339727998, 0.231786951423, 0.335857391357, 0.329210460186, 0.304561913013, 0.23688967526, 0.177610933781, 0.17619368434, 0.220542952418, 0.488425731659, 0.864204227924, 0.718583583832, 0.331299126148, 0.192477047443, 0.167571470141, 0.210665166378, 0.278658598661, 0.220738396049, 0.118672132492, 0.119709551334, 0.124995060265, 0.183932647109, 0.342577219009, 0.383509010077, 0.315995335579, 0.416164368391, 0.454128831625, 0.288291394711, 0.158336937428, 0.139037236571, 0.403961092234]
    chords_key: "G#"
    chords_scale: "major"
    key_key: "A"
    key_scale: "major"
    chords_progression: ["A", "A", "A", "A", "A", "A", "A", "A", "A", "A", "A", "D", "D", "A", "D", "D", "D", "D", "D", "D", "D", "D", "D", "D", "D", "D", "D", "D", "D", "D", "D", "D", "D", "D", "D", "D", "D", "D", "D", "D", "D", "D", "D", "D", "D", "D", "D", "D", "D", "D", "D", "D", "D", "D", "D", "D", "D", "A", "A", "A", "A", "A", "A", "A", "A", "A", "A", "A", "A", "A", "A", "A", "A", "A", "A", "A", "A", "A", "A", "A", "A", "A", "A", "A", "A", "A", "A", "A", "A", "A", "A", "A", "A", "A", "A", "A", "G#", "G#", "G#", "G#", "G#", "G#", "G#", "G#", "G#", "G#", "G#", "A", "A", "A", "A", "G#", "G#", "G#", "G#", "G#", "G#", "G#", "G#", "G#", "G#", "G#", "G#", "G#", "G#", "G#", "G#", "G#", "G#", "G#", "G#", "G#", "G#", "G#", "G#", "G#", "G#", "G#", "G#", "G#", "G#", "G#", "G#", "G#", "G#", "G#", "G#", "G#", "G#", "G#", "G#", "G#", "G#", "G#", "G#", "G#", "G#", "G#", "G#", "G#", "G#", "G#", "G#", "G#", "G#", "G#", "G#", "G#", "G#", "G#", "G#", "G#", "G#", "G#", "G#", "G#", "G#", "G#", "G#", "G#", "G#", "G#", "G#", "G#", "G#", "G#", "G#", "G#", "G#", "G#", "G#", "G#", "G#", "G#", "G#", "G#", "G#", "G#", "G#", "G#", "G#", "G#", "G#", "A", "A", "A", "A", "A", "A", "A", "A", "A", "A", "A", "A", "A", "A", "A", "A", "G#", "F#m"]
