
metadata:
    version:
        essentia: "1.2.2"
    audio_properties:
        analysis_sample_rate: 44100
        bitrate: 128
        channels: 2
        equal_loudness: 1
        length: 10.0310201645
        replay_gain: -10.0843029022
        downmix: "mix"
    tags:
        track: 16
        year: 0
        album: "Splitted by Mp3Splt v. 2.1"
        artist: "From 002.30 To 002.40"
        comment: "http://mp3splt.sf.net"
        genre: ""
        title: "03 String Bean Jean.mp3"

highlevel:
    ballroom:
        all:
            ChaChaCha: 0.121304638684
            Jive: 0.187302827835
            Quickstep: 0.310324430466
            Rumba-American: 0.0137401949614
            Rumba-International: 0.112747937441
            Rumba-Misc: 0.0131458994001
            Samba: 0.146511644125
            Tango: 0.0456354357302
            VienneseWaltz: 0.0369561724365
            Waltz: 0.0123308189213
        probability: 0.310324430466
        value: "Quickstep"
    culture:
        all:
            non_western: 0.00697204936296
            western: 0.993027925491
        probability: 0.993027925491
        value: "western"
    gender:
        all:
            female: 0.344167411327
            male: 0.655832588673
        probability: 0.655832588673
        value: "male"
    genre_dortmund:
        all:
            alternative: 0.107223242521
            blues: 0.0217074528337
            electronic: 0.0244340170175
            folkcountry: 0.453715771437
            funksoulrnb: 0.0306608397514
            jazz: 0.0615558549762
            pop: 0.156346946955
            raphiphop: 0.00129710067995
            rock: 0.143058761954
        probability: 0.453715771437
        value: "folkcountry"
    genre_electronica:
        all:
            ambient: 0.240721419454
            dnb: 0.0721503570676
            house: 0.133027985692
            techno: 0.0161528754979
            trance: 0.537947356701
        probability: 0.537947356701
        value: "trance"
    genre_rosamerica:
        all:
            cla: 0.0208171382546
            dan: 0.0134634086862
            hip: 0.00186925241724
            jaz: 0.0129579668865
            pop: 0.679742217064
            rhy: 0.190951257944
            roc: 0.079523794353
            spe: 0.000674969051033
        probability: 0.679742217064
        value: "pop"
    genre_tzanetakis:
        all:
            blu: 0.0151343392208
            cla: 0.0139391385019
            cou: 0.457884699106
            dis: 0.0929444804788
            hip: 0.00218108808622
            jaz: 0.0131639214233
            met: 0.00542179727927
            pop: 0.145516455173
            reg: 0.0154536943883
            roc: 0.238360390067
        probability: 0.457884699106
        value: "cou"
    live_studio:
        all:
            live: 0.0216251946986
            studio: 0.978374779224
        probability: 0.978374779224
        value: "studio"
    mood:
        all:
            Cluster1: 0.090223737061
            Cluster2: 0.455553650856
            Cluster3: 0.25371876359
            Cluster4: 0.161407902837
            Cluster5: 0.0390959493816
        probability: 0.455553650856
        value: "Cluster2"
    mood_acoustic:
        all:
            acoustic: 0.324833422899
            not_acoustic: 0.675166547298
        probability: 0.675166547298
        value: "not_acoustic"
    mood_aggressive:
        all:
            aggressive: 0.00915687717497
            not_aggressive: 0.990843117237
        probability: 0.990843117237
        value: "not_aggressive"
    mood_electronic:
        all:
            electronic: 0.166189968586
            not_electronic: 0.833810031414
        probability: 0.833810031414
        value: "not_electronic"
    mood_happy:
        all:
            happy: 0.765889108181
            not_happy: 0.234110891819
        probability: 0.765889108181
        value: "happy"
    mood_party:
        all:
            not_party: 0.733142793179
            party: 0.266857236624
        probability: 0.733142793179
        value: "not_party"
    mood_relaxed:
        all:
            not_relaxed: 0.397764503956
            relaxed: 0.602235496044
        probability: 0.602235496044
        value: "relaxed"
    mood_sad:
        all:
            not_sad: 0.44323900342
            sad: 0.556761026382
        probability: 0.556761026382
        value: "sad"
    rhythm:
        all:
            fast: 0.770192742348
            medium: 0.120813585818
            slow: 0.108993664384
        probability: 0.770192742348
        value: "fast"
    speech_music:
        all:
            music: 0.999998033047
            speech: 1.9603473902e-06
        probability: 0.999998033047
        value: "music"
    timbre:
        all:
            bright: 0.999999940395
            dark: 3.07410488176e-08
        probability: 0.999999940395
        value: "bright"
    voice_instrumental:
        all:
            instrumental: 0.920997202396
            voice: 0.079002790153
        probability: 0.920997202396
        value: "instrumental"

lowlevel:
    average_loudness: 0.968455374241
    barkbands_kurtosis:
        dmean: 0.908696174622
        dmean2: 1.40772402287
        dvar: 2.33015584946
        dvar2: 5.43451309204
        max: 16.5824279785
        mean: -0.339361995459
        min: -1.87705230713
        var: 3.14030766487
    barkbands_skewness:
        dmean: 0.444725960493
        dmean2: 0.635639607906
        dvar: 0.21082341671
        dvar2: 0.417752116919
        max: 2.2701818943
        mean: 0.253309726715
        min: -3.85760474205
        var: 0.906919181347
    barkbands_spread:
        dmean: 5.69713544846
        dmean2: 8.45390415192
        dvar: 31.084438324
        dvar2: 69.5018310547
        max: 62.5014839172
        mean: 32.1401786804
        min: 6.71115350723
        var: 134.425872803
    dissonance:
        dmean: 0.0194682274014
        dmean2: 0.0325846783817
        dvar: 0.00038102385588
        dvar2: 0.000915614538826
        max: 0.494850039482
        mean: 0.457572668791
        min: 0.348889023066
        var: 0.000723828678019
    hfc:
        dmean: 3.16866612434
        dmean2: 4.56283521652
        dvar: 34.8701477051
        dvar2: 58.3261222839
        max: 84.0526809692
        mean: 8.10536384583
        min: 0.0764669850469
        var: 96.6661148071
    pitch:
        dmean: 577.651794434
        dmean2: 1113.82263184
        dvar: 1405967.125
        dvar2: 3638324
        max: 4410
        mean: 745.627502441
        min: 72.772277832
        var: 1324955.5
    pitch_instantaneous_confidence:
        dmean: 0.0966717898846
        dmean2: 0.145825743675
        dvar: 0.00928885024041
        dvar2: 0.0194871500134
        max: 0.931108593941
        mean: 0.539734363556
        min: 0.157224357128
        var: 0.0359662175179
    pitch_salience:
        dmean: 0.0786017552018
        dmean2: 0.123262234032
        dvar: 0.00484777614474
        dvar2: 0.0128562934697
        max: 0.809148907661
        mean: 0.553031265736
        min: 0.279834806919
        var: 0.0139929475263
    silence_rate_20dB:
        dmean: 0
        dmean2: 0
        dvar: 0
        dvar2: 0
        max: 1
        mean: 1
        min: 1
        var: 0
    silence_rate_30dB:
        dmean: 0
        dmean2: 0
        dvar: 0
        dvar2: 0
        max: 1
        mean: 1
        min: 1
        var: 0
    silence_rate_60dB:
        dmean: 0.138888895512
        dmean2: 0.278422266245
        dvar: 0.11959926039
        dvar2: 0.238027244806
        max: 1
        mean: 0.394919157028
        min: 0
        var: 0.238957151771
    spectral_centroid:
        dmean: 289.574737549
        dmean2: 424.623291016
        dvar: 105279.195312
        dvar2: 188342.03125
        max: 3885.11914062
        mean: 1605.37744141
        min: 494.466491699
        var: 558974.25
    spectral_complexity:
        dmean: 3.21113681793
        dmean2: 4.70930242538
        dvar: 20.0783805847
        dvar2: 35.7643165588
        max: 40
        mean: 10.9861106873
        min: 0
        var: 45.0461273193
    spectral_crest:
        dmean: 2.44764590263
        dmean2: 3.8140642643
        dvar: 4.99640083313
        dvar2: 12.1668195724
        max: 22.3236885071
        mean: 8.79527378082
        min: 3.00565695763
        var: 14.093129158
    spectral_decrease:
        dmean: 2.84920836924e-10
        dmean2: 4.19775186833e-10
        dvar: 1.49031476602e-19
        dvar2: 2.96744763351e-19
        max: -1.7237444111e-11
        mean: -9.85982073765e-10
        min: -3.87843668292e-09
        var: 4.17481803318e-19
    spectral_energy:
        dmean: 0.00133032770827
        dmean2: 0.001971519785
        dvar: 3.52678080162e-06
        dvar2: 6.42050690658e-06
        max: 0.021634509787
        mean: 0.00445650424808
        min: 7.19938543625e-05
        var: 1.01687846836e-05
    spectral_energyband_high:
        dmean: 0.000267046532826
        dmean2: 0.000395722367102
        dvar: 3.21965757166e-07
        dvar2: 6.39054462681e-07
        max: 0.00840489659458
        mean: 0.00050670321798
        min: 3.60875219485e-06
        var: 7.0163014243e-07
    spectral_energyband_low:
        dmean: 0.000102136291389
        dmean2: 0.000173413427547
        dvar: 1.05518239479e-07
        dvar2: 3.02150226617e-07
        max: 0.00444531580433
        mean: 0.000163602948305
        min: 5.96479424075e-07
        var: 7.05912839294e-08
    spectral_energyband_middle_high:
        dmean: 0.000820269517135
        dmean2: 0.00117596646305
        dvar: 1.45849787714e-06
        dvar2: 2.53217785939e-06
        max: 0.0147665413097
        mean: 0.00201625144109
        min: 1.47659975482e-05
        var: 4.68456437375e-06
    spectral_energyband_middle_low:
        dmean: 0.000539901724551
        dmean2: 0.000805095187388
        dvar: 5.75556896365e-07
        dvar2: 1.3584616454e-06
        max: 0.00761322816834
        mean: 0.0017699470045
        min: 5.12355254614e-05
        var: 1.52001939568e-06
    spectral_flatness_db:
        dmean: 0.0189810693264
        dmean2: 0.0270360298455
        dvar: 0.00025350888609
        dvar2: 0.000557195045985
        max: 0.245922118425
        mean: 0.157972440124
        min: 0.0699862018228
        var: 0.00098037335556
    spectral_flux:
        dmean: 0.0104679837823
        dmean2: 0.016198804602
        dvar: 0.000128916231915
        dvar2: 0.000312116317218
        max: 0.112339690328
        mean: 0.0335629284382
        min: 0.00652166595683
        var: 0.000310314877424
    spectral_kurtosis:
        dmean: 1.09976351261
        dmean2: 1.80461025238
        dvar: 1.19267439842
        dvar2: 3.07952523232
        max: 12.7153167725
        mean: 3.742197752
        min: -0.109965085983
        var: 6.92042827606
    spectral_rms:
        dmean: 0.000296223268379
        dmean2: 0.000429842737503
        dvar: 1.22394695268e-07
        dvar2: 2.20334072765e-07
        max: 0.00459421798587
        mean: 0.00196893699467
        min: 0.000265024369583
        var: 4.71100292998e-07
    spectral_rolloff:
        dmean: 566.757446289
        dmean2: 919.51776123
        dvar: 435660.03125
        dvar2: 801888.375
        max: 5383.30078125
        mean: 3039.57080078
        min: 602.9296875
        var: 1617272.25
    spectral_skewness:
        dmean: 0.198447450995
        dmean2: 0.301543563604
        dvar: 0.0309231560677
        dvar2: 0.0692961961031
        max: 2.88868689537
        mean: 1.51074922085
        min: 0.305881947279
        var: 0.279113888741
    spectral_spread:
        dmean: 717811.4375
        dmean2: 1042859.4375
        dvar: 623102656512
        dvar2: 1.39111772979e+12
        max: 13303167
        mean: 5594180
        min: 2773573.5
        var: 2.40759000269e+12
    spectral_strongpeak:
        dmean: 1.03524017334
        dmean2: 1.7800937891
        dvar: 2.71631193161
        dvar2: 6.68576145172
        max: 11.720790863
        mean: 1.81077718735
        min: 0.0156467426568
        var: 6.03746271133
    zerocrossingrate:
        dmean: 0.0105915116146
        dmean2: 0.0118879452348
        dvar: 0.000100704346551
        dvar2: 0.000120500888443
        max: 0.17822265625
        mean: 0.0957494676113
        min: 0.0302734375
        var: 0.00117464130744
    barkbands:
        dmean: [8.77625225826e-08, 3.1923820643e-05, 7.64128853916e-05, 0.000141837153933, 0.000273883226328, 0.000156644557137, 7.97765824245e-05, 0.000101562975033, 6.36613622191e-05, 9.26662105485e-05, 0.000119304582768, 2.40586468863e-05, 4.51100531791e-05, 3.5976030631e-05, 0.000157701040735, 5.28137315996e-05, 0.000116414666991, 0.000219424633542, 0.000262184039457, 0.000303281354718, 0.000170980696566, 4.81015522382e-05, 1.02862877611e-05, 4.17738056058e-06, 1.84665213965e-06, 1.14709919785e-07, 4.26469332071e-10]
        dmean2: [1.38424638862e-07, 5.58305109735e-05, 0.0001268513588, 0.00022446019284, 0.000442181277322, 0.000243641217821, 0.000123449877719, 0.000164754790603, 9.67223604675e-05, 0.000123772886582, 0.000161815638421, 3.82072175853e-05, 5.78913459321e-05, 5.38749300176e-05, 0.000216357264435, 8.54488826008e-05, 0.000173575084773, 0.00030509379576, 0.000389364024159, 0.00042822083924, 0.000248894037213, 6.70341396471e-05, 1.75023687916e-05, 6.65091329211e-06, 2.55568488683e-06, 1.64824641047e-07, 6.86659118454e-10]
        dvar: [3.80513051352e-14, 1.14388436501e-08, 4.89570410878e-08, 7.12253722668e-08, 1.32329205371e-07, 5.4401283478e-08, 1.13642073529e-08, 2.71418905129e-08, 9.64722257635e-09, 4.20626697917e-08, 1.01413121456e-07, 1.33044764095e-09, 1.13878071417e-08, 4.37939906561e-09, 8.76119656823e-08, 1.12490479154e-08, 7.69305401604e-08, 3.28322158794e-07, 4.05917433e-07, 6.80092909988e-07, 8.82957493786e-08, 1.83499420103e-08, 3.95342425463e-10, 4.69049417362e-11, 1.01296497232e-11, 3.8867526412e-14, 1.32225306885e-18]
        dvar2: [8.718276345e-14, 3.30383471692e-08, 1.39502574825e-07, 1.97805789526e-07, 3.27765491193e-07, 1.33103853273e-07, 2.66017519124e-08, 6.98140496525e-08, 2.06727808205e-08, 5.80488404012e-08, 2.09295606624e-07, 3.22764814875e-09, 1.53400385727e-08, 1.04873940643e-08, 1.79708550263e-07, 2.9197986251e-08, 1.51985759089e-07, 5.56282770958e-07, 6.912617323e-07, 1.12342786451e-06, 2.00250255489e-07, 3.79568767528e-08, 1.02119190881e-09, 1.13016929149e-10, 1.9041669283e-11, 8.43858200005e-14, 2.04575724157e-18]
        max: [1.75312857209e-06, 0.00138378981501, 0.00305978162214, 0.00339301396161, 0.00465467711911, 0.00288707460277, 0.000864692032337, 0.00115927902516, 0.00133456964977, 0.00284926150925, 0.00382052594796, 0.000322144973325, 0.00141257129144, 0.000781588256359, 0.00295920716599, 0.000774845073465, 0.00511949090287, 0.00583353731781, 0.00748013053089, 0.00990984588861, 0.00389047339559, 0.00231807399541, 0.000188269143109, 5.60808257433e-05, 3.1464114727e-05, 1.71414228589e-06, 1.96972109734e-08]
        mean: [1.41645074336e-07, 4.5447730372e-05, 0.000118016003398, 0.000266923540039, 0.000718058494385, 0.000331765215378, 0.000155390254804, 0.000155180532602, 0.000133958354127, 0.000175863868208, 0.000213072664337, 3.55450611096e-05, 7.39827446523e-05, 6.30477443337e-05, 0.000223280701903, 6.96503630024e-05, 0.000164617566043, 0.00032112779445, 0.000393771624658, 0.000415894377511, 0.000279268453596, 7.90878475527e-05, 1.31841516122e-05, 6.98466828908e-06, 3.1113283967e-06, 1.35562444825e-07, 4.21856966026e-10]
        min: [1.52325027591e-11, 8.72892229609e-08, 3.71716652126e-07, 5.11105668011e-07, 1.1531612472e-05, 5.58407009521e-06, 5.88175794292e-07, 4.17132605435e-06, 2.91693322652e-06, 5.4260408433e-07, 2.32526417676e-07, 4.23913093073e-07, 3.45541565139e-07, 6.77007506056e-07, 7.25843221971e-07, 6.53073868762e-07, 1.84319492291e-06, 2.61347940977e-06, 2.22638436753e-06, 1.80637209723e-06, 1.26891802665e-06, 5.80006485507e-07, 7.57773008786e-08, 8.18560224047e-08, 3.43616051168e-08, 7.8820078242e-10, 4.38378310432e-13]
        var: [5.42430683703e-14, 7.05840452753e-09, 3.53881475235e-08, 9.92637083641e-08, 5.1536301271e-07, 9.55012495751e-08, 2.53672851613e-08, 3.64269965303e-08, 2.22519354054e-08, 1.5575248824e-07, 2.7229205557e-07, 2.05208317006e-09, 3.76176281236e-08, 1.06560937851e-08, 1.74199584535e-07, 1.28401076438e-08, 1.22856803841e-07, 6.2740980411e-07, 8.70396604569e-07, 1.3300378896e-06, 1.9835370324e-07, 2.86571442132e-08, 5.10367692552e-10, 1.08923460529e-10, 2.28012851655e-11, 5.6766606525e-14, 1.30630058055e-18]
    mfcc:
        mean: [-719.104736328, 106.683113098, -24.387670517, 48.0543861389, -18.5222454071, -10.2393074036, -4.52234077454, -8.10272312164, -2.76551628113, -6.41989994049, -9.20942974091, -12.2404727936, -12.0404481888]
        cov: [[1915.6986084, -497.828582764, -85.4549407959, 93.1071929932, -185.043121338, 65.2784881592, -97.5086517334, -64.6643600464, -121.123939514, 10.1623086929, 30.219707489, 2.61616516113, 36.4518966675], [-497.828582764, 1038.51965332, -354.7527771, -280.369934082, 296.445861816, -45.6797828674, 115.612586975, 15.7455759048, 47.8994827271, -63.0796470642, -50.6952362061, 8.49433135986, 30.7086963654], [-85.4549407959, -354.7527771, 554.905517578, 82.9692230225, -70.0888519287, 57.6276016235, -37.7602005005, 82.3582458496, 5.51750946045, 59.687046051, 47.2347068787, 10.9686040878, -19.2704143524], [93.1071929932, -280.369934082, 82.9692230225, 336.487823486, -111.435295105, 11.4314918518, 29.8524703979, 13.3347444534, 34.7882118225, 57.5316772461, 12.3382406235, -44.94921875, 16.3099384308], [-185.043121338, 296.445861816, -70.0888519287, -111.435295105, 222.967269897, -12.2008895874, 22.9808330536, 14.8693141937, 24.6276359558, -1.31869423389, -4.88104867935, 19.0290660858, 1.65922880173], [65.2784881592, -45.6797828674, 57.6276016235, 11.4314918518, -12.2008895874, 106.274482727, -17.4531650543, 2.60457086563, -5.01549530029, 7.95737886429, 5.50593709946, 10.3373594284, 5.71709871292], [-97.5086517334, 115.612586975, -37.7602005005, 29.8524703979, 22.9808330536, -17.4531650543, 149.816452026, 40.5649147034, 9.29156017303, -6.91975259781, 1.48341631889, 8.10868835449, 9.15180301666], [-64.6643600464, 15.7455759048, 82.3582458496, 13.3347444534, 14.8693141937, 2.60457086563, 40.5649147034, 123.946624756, 19.5594730377, -18.415895462, 4.11759090424, -18.0922374725, 2.64468336105], [-121.123939514, 47.8994827271, 5.51750946045, 34.7882118225, 24.6276359558, -5.01549530029, 9.29156017303, 19.5594730377, 93.9767379761, 31.8339557648, -24.4974536896, -11.4119091034, 10.5797243118], [10.1623086929, -63.0796470642, 59.687046051, 57.5316772461, -1.31869423389, 7.95737886429, -6.91975259781, -18.415895462, 31.8339557648, 90.2351760864, 10.885550499, -4.25809144974, 5.15861177444], [30.219707489, -50.6952362061, 47.2347068787, 12.3382406235, -4.88104867935, 5.50593709946, 1.48341631889, 4.11759090424, -24.4974536896, 10.885550499, 71.1596832275, 25.8831062317, -6.92477226257], [2.61616516113, 8.49433135986, 10.9686040878, -44.94921875, 19.0290660858, 10.3373594284, 8.10868835449, -18.0922374725, -11.4119091034, -4.25809144974, 25.8831062317, 90.5711212158, -5.11058282852], [36.4518966675, 30.7086963654, -19.2704143524, 16.3099384308, 1.65922880173, 5.71709871292, 9.15180301666, 2.64468336105, 10.5797243118, 5.15861177444, -6.92477226257, -5.11058282852, 47.0303764343]]
        icov: [[0.000761957024224, 0.000440812524175, 0.000522619811818, 8.23796654004e-05, 0.000137510636705, -0.000364596751751, 0.000276725040749, -0.000335571996402, 0.000937615113799, -0.000481951865368, 4.09444801335e-05, -0.000129276610096, -0.000854415760841], [0.000440812524175, 0.00290481350385, 0.00125176890288, 0.00166047713719, -0.00210959673859, -0.000436526082922, -0.00156908750068, -2.01744805963e-05, -0.000790278543718, 0.000408258638345, -0.000129520849441, 0.000879900238942, -0.00165781320538], [0.000522619811818, 0.00125176890288, 0.00364191620611, 0.00041184577276, 0.000141435521073, -0.00125419418328, 0.000778522691689, -0.00320618250407, 0.000758840935305, -0.00258945953101, -0.00056470988784, -0.00081681960728, 0.000244699069299], [8.23796654004e-05, 0.00166047713719, 0.00041184577276, 0.00592057779431, 0.00115419970825, -0.000583197223023, -0.00258556799963, 0.000303852633806, -0.00246738619171, -0.00164061458781, -0.00180486089084, 0.00287645519711, -0.00173449609429], [0.000137510636705, -0.00210959673859, 0.000141435521073, 0.00115419970825, 0.00822850875556, 0.000151930449647, 0.000657355762087, -0.00149904913269, -0.000717873102985, -0.0022530995775, -0.00056902889628, -0.00134606612846, 0.00075474975165], [-0.000364596751751, -0.000436526082922, -0.00125419418328, -0.000583197223023, 0.000151930449647, 0.010706583038, 0.00133039185312, -0.000338561192621, 0.00078218895942, -0.000335574470228, 0.000760437105782, -0.00174633960705, -0.00150769622996], [0.000276725040749, -0.00156908750068, 0.000778522691689, -0.00258556799963, 0.000657355762087, 0.00133039185312, 0.0100054247305, -0.00428092805669, 0.0021085748449, -0.00117144384421, 0.000740196323022, -0.00330614158884, -0.000461574207293], [-0.000335571996402, -2.01744805963e-05, -0.00320618250407, 0.000303852633806, -0.00149904913269, -0.000338561192621, -0.00428092805669, 0.0142141804099, -0.005051728338, 0.00695206038654, -0.00317332125269, 0.00469014374539, -0.00060177501291], [0.000937615113799, -0.000790278543718, 0.000758840935305, -0.00246738619171, -0.000717873102985, 0.00078218895942, 0.0021085748449, -0.005051728338, 0.018800130114, -0.0081152357161, 0.00762560265139, -0.00269639189355, -0.00174934859388], [-0.000481951865368, 0.000408258638345, -0.00258945953101, -0.00164061458781, -0.0022530995775, -0.000335574470228, -0.00117144384421, 0.00695206038654, -0.0081152357161, 0.0191393457353, -0.00480880727991, 0.00266866153106, -0.00111961457878], [4.09444801335e-05, -0.000129520849441, -0.00056470988784, -0.00180486089084, -0.00056902889628, 0.000760437105782, 0.000740196323022, -0.00317332125269, 0.00762560265139, -0.00480880727991, 0.0205936711282, -0.00654720235616, 0.0015422225697], [-0.000129276610096, 0.000879900238942, -0.00081681960728, 0.00287645519711, -0.00134606612846, -0.00174633960705, -0.00330614158884, 0.00469014374539, -0.00269639189355, 0.00266866153106, -0.00654720235616, 0.0158551670611, -9.44301136769e-05], [-0.000854415760841, -0.00165781320538, 0.000244699069299, -0.00173449609429, 0.00075474975165, -0.00150769622996, -0.000461574207293, -0.00060177501291, -0.00174934859388, -0.00111961457878, 0.0015422225697, -9.44301136769e-05, 0.0247228015214]]
    spectral_contrast:
        mean: [1.83931902598e-07, -1.44225651866e-07, -4.88556288758e-08, 4.96360428315e-08, -3.90995950283e-07, 2.30623058428e-07, -2.57114015767e-06, 1.77337619789e-06, 4.49311414741e-07, -5.62932768844e-07, 2.80086638327e-08, -6.28001180303e-06]
        var: [0.000813428719994, 0.0014739370672, 0.00209287763573, 0.00269173854031, 0.00333960819989, 0.00518530514091, 0.0400523617864, 0.0695111230016, 0.130260884762, 0.305338740349, 0.504516124725, 1.23348677158]

rhythm:
    beats_loudness:
        dmean: 0.00429021567106
        dmean2: 0.00745992967859
        dvar: 6.19953743808e-06
        dvar2: 1.45711601363e-05
        max: 0.0146663924679
        mean: 0.00706520024687
        min: 0.00124781311024
        var: 1.60089766723e-05
    beats_loudness_bass:
        dmean: 0.0654066056013
        dmean2: 0.119808904827
        dvar: 0.00284926989116
        dvar2: 0.00793212931603
        max: 0.260803163052
        mean: 0.0660696104169
        min: 0.0027724087704
        var: 0.00330666056834
    bpm: 161.632720947
    bpm_confidence: 0
    first_peak_bpm: 162
    first_peak_spread: 0.375
    first_peak_weight: 0.600000023842
    onset_rate: 3.38948559761
    second_peak_bpm: 134
    second_peak_spread: 0
    second_peak_weight: 0.0399999991059
    beats_position: [0.382473647594, 0.751743018627, 1.12101244926, 1.4902818203, 1.85955119133, 2.22882056236, 2.59809017181, 2.96735954285, 3.33662867546, 3.70589804649, 4.07516765594, 4.44443702698, 4.81370639801, 5.18297576904, 5.55224514008, 5.92151451111, 6.36778497696, 6.74164152145, 7.11549854279, 7.48935508728, 7.86321210861, 8.23706912994, 8.61092567444, 8.98478221893, 9.3586397171, 9.73249530792]
    bpm_estimates: [162.294830322, 162.529205322, 161.502090454, 163.6199646, 160.819030762, 161.398544312, 159.265457153]
    bpm_intervals: [0.369269371033, 0.369269430637, 0.369269371033, 0.369269371033, 0.369269371033, 0.369269609451, 0.369269371033, 0.369269132614, 0.369269371033, 0.369269609451, 0.369269371033, 0.369269371033, 0.369269371033, 0.369269371033, 0.369269371033, 0.446270465851, 0.373856544495, 0.373857021332, 0.373856544495, 0.373857021332, 0.373857021332, 0.373856544495, 0.373856544495, 0.373857498169, 0.37385559082]
    onset_times: [0.0464399084449, 0.197369620204, 0.359909296036, 0.53405892849, 0.719818592072, 1.09133791924, 1.48607707024, 1.8575963974, 2.26394557953, 2.62385487556, 2.77478456497, 2.97215414047, 3.15791392326, 3.33206343651, 3.5178232193, 3.73841261864, 4.13315200806, 4.49306106567, 5.23609972, 5.97913837433, 6.74539661407, 6.94276666641, 7.05886602402, 7.50004529953, 7.7670750618, 8.2198638916, 8.40562343597, 8.67265319824, 8.93968296051, 9.0093421936, 9.22993183136, 9.5666217804, 9.72916126251, 9.78721046448]
    rubato_start: []
    rubato_stop: []
    perceptual_tempo: "unknown"

sfx:
    inharmonicity:
        dmean: 0.0406276658177
        dmean2: 0.0716627091169
        dvar: 0.003053589724
        dvar2: 0.00863574910909
        max: 0.406960070133
        mean: 0.0427142344415
        min: 0
        var: 0.00267927139066
    oddtoevenharmonicenergyratio:
        dmean: 10.8793582916
        dmean2: 21.171503067
        dvar: 9956.29882812
        dvar2: 29865.984375
        max: 1460.37329102
        mean: 6.15979194641
        min: 0
        var: 5009.21826172
    pitch_after_max_to_before_max_energy_ratio: 4.43303918839
    pitch_centroid: 253.944656372
    pitch_max_to_total: 0.460648149252
    pitch_min_to_total: 0.944444417953
    tristimulus:
        dmean: [0.210565552115, 0.257241547108, 0.138773694634]
        dmean2: [0.367880612612, 0.448713153601, 0.240715652704]
        dvar: [0.0360220186412, 0.0449266731739, 0.0254638176411]
        dvar2: [0.0870423018932, 0.121364459395, 0.071264475584]
        max: [1, 0.988075435162, 0.932311534882]
        mean: [0.352216035128, 0.466702133417, 0.146330863237]
        min: [0.00833443645388, 0, 0]
        var: [0.0527915544808, 0.0609692782164, 0.028193866834]

tonal:
    chords_changes_rate: 0.00921658985317
    chords_number_rate: 0.0138248847798
    chords_strength:
        dmean: 0.00569904223084
        dmean2: 0.00519759813324
        dvar: 2.56776947936e-05
        dvar2: 1.70246094058e-05
        max: 0.663334488869
        mean: 0.594490766525
        min: 0.389041006565
        var: 0.00271975109354
    key_strength: 0.825690448284
    tuning_diatonic_strength: 0.631979107857
    tuning_equal_tempered_deviation: 0.0603763051331
    tuning_frequency: 440.254241943
    tuning_nontempered_energy_ratio: 0.64762955904
    hpcp:
        dmean: [0.10637165606, 0.11522269249, 0.0847931727767, 0.0521058514714, 0.0494768619537, 0.112625129521, 0.138092145324, 0.09736533463, 0.0478420183063, 0.0376688688993, 0.0422998890281, 0.0957787409425, 0.124363474548, 0.0924959853292, 0.138720393181, 0.168390348554, 0.154031977057, 0.123958192766, 0.101274080575, 0.0958072170615, 0.122268110514, 0.0960341915488, 0.077686034143, 0.0369532890618, 0.027940036729, 0.027948519215, 0.0793554633856, 0.16004998982, 0.128096312284, 0.0805662274361, 0.0901965722442, 0.0740673914552, 0.0549622289836, 0.0599713623524, 0.0740878432989, 0.0897677615285]
        dmean2: [0.183504298329, 0.192073881626, 0.146205022931, 0.0849284008145, 0.0852727517486, 0.195039525628, 0.244002372026, 0.159124717116, 0.0781808644533, 0.0583913587034, 0.0684806406498, 0.169656231999, 0.22226293385, 0.15687045455, 0.229605823755, 0.273811340332, 0.260654270649, 0.217256769538, 0.173726588488, 0.156535565853, 0.212924033403, 0.157468736172, 0.119202747941, 0.058930516243, 0.0468945652246, 0.0462930798531, 0.128758624196, 0.255572229624, 0.212092861533, 0.136907532811, 0.133172497153, 0.112467058003, 0.0902755558491, 0.0988019257784, 0.122996635735, 0.152360409498]
        dvar: [0.0287993475795, 0.0202337969095, 0.0232749748975, 0.0110178040341, 0.0107119325548, 0.024492399767, 0.0511071458459, 0.0161168966442, 0.00517186522484, 0.00560210971162, 0.00372034171596, 0.024526707828, 0.0377878509462, 0.0200291406363, 0.0196632146835, 0.0419995263219, 0.0281978584826, 0.0377471894026, 0.0341305956244, 0.0261420365423, 0.0376181825995, 0.0265176221728, 0.0143236406147, 0.00315118930303, 0.0031119522173, 0.00255863717757, 0.0114204501733, 0.0398602709174, 0.0228811986744, 0.01335614454, 0.0145991928875, 0.011474843137, 0.00710580591112, 0.00861012935638, 0.0160102006048, 0.0106237893924]
        dvar2: [0.074579693377, 0.0525373890996, 0.0642415136099, 0.0272388476878, 0.0251275729388, 0.0607890114188, 0.123881518841, 0.0356478542089, 0.0109265213832, 0.0130356065929, 0.00909193605185, 0.0773309320211, 0.111659742892, 0.0557149127126, 0.0549502260983, 0.0828550904989, 0.0752038881183, 0.106784000993, 0.0802263319492, 0.0613592490554, 0.0944535881281, 0.0583340004086, 0.0381789989769, 0.00806829798967, 0.00831743143499, 0.00679922755808, 0.0244072433561, 0.0844514816999, 0.0494074895978, 0.0282775964588, 0.0296603068709, 0.0302175916731, 0.0191552657634, 0.0188330654055, 0.0369225405157, 0.0291898697615]
        max: [1, 1, 1, 0.860178232193, 0.736753344536, 0.910291433334, 1, 0.946569800377, 0.554830908775, 0.881386458874, 0.609822452068, 1, 1, 1, 1, 1, 1, 1, 1, 1, 1, 1, 0.93312650919, 0.373672276735, 0.552267730236, 0.452703773975, 0.582325458527, 1, 1, 1, 1, 0.787126481533, 0.597438216209, 0.677639067173, 1, 1]
        mean: [0.445976644754, 0.301944613457, 0.0931660458446, 0.0567982681096, 0.0530243068933, 0.22182738781, 0.385490000248, 0.228367075324, 0.0589673519135, 0.0446625724435, 0.0487525649369, 0.107573635876, 0.147397294641, 0.113751776516, 0.229973137379, 0.422573626041, 0.311038702726, 0.122004933655, 0.0953729525208, 0.10629658401, 0.16479870677, 0.202408462763, 0.124008245766, 0.0425991937518, 0.0297840200365, 0.026609422639, 0.108187027276, 0.235573664308, 0.186600938439, 0.135621413589, 0.179573908448, 0.120942234993, 0.0603926889598, 0.0663636997342, 0.0779474675655, 0.244533240795]
        min: [0.00266758329235, 0.00203626183793, 0.00060385937104, 0.000417916569859, 0.000576989084948, 0.000690195010975, 0.000765537784901, 0.000896316196304, 0.000832199817523, 0.000851305027027, 0.000664011749905, 0.000358427292667, 0.000758198555559, 0.000634985743091, 0.00464939884841, 0.00431706337258, 0.00343990558758, 0.0047122570686, 0.00233321310952, 0.00115055812057, 0.000768164347392, 0.00196936703287, 0.0027468833141, 0.00100120878778, 0.000149604660692, 0.000294850906357, 0.0054270606488, 0.00910504814237, 0.00447760149837, 0.00204996438697, 0.00143034313805, 0.00166661886033, 0.000859490421135, 0.000702065241057, 0.00129933678545, 0.00238957977854]
        var: [0.166323259473, 0.0827634632587, 0.0239412896335, 0.0113298855722, 0.0110032027587, 0.0546211190522, 0.176919847727, 0.0516555532813, 0.00739183370024, 0.00701973494142, 0.00594801735133, 0.0302240010351, 0.0461559705436, 0.0233037564903, 0.0407635569572, 0.129517734051, 0.0746770128608, 0.0321792550385, 0.033564068377, 0.0379844419658, 0.0538414828479, 0.0825098603964, 0.0277395136654, 0.00303790834732, 0.0024652085267, 0.00224181753583, 0.014841821976, 0.0616428889334, 0.0403265357018, 0.0336080044508, 0.067144267261, 0.0219406727701, 0.00827384833246, 0.0116328932345, 0.0168583448976, 0.0548017211258]
    chords_histogram: [58.9861755371, 0, 0, 0, 0, 0, 0, 0, 0, 0, 0, 0, 0, 0, 0, 0, 0, 0, 0, 0, 0, 16.5898609161, 24.4239635468, 0]
    thpcp: [1, 0.677041292191, 0.208903416991, 0.127357050776, 0.118894807994, 0.497396856546, 0.864372611046, 0.512060642242, 0.132220715284, 0.100145541131, 0.109316408634, 0.241209119558, 0.330504506826, 0.255062192678, 0.51566183567, 0.947524130344, 0.697432696819, 0.273567974567, 0.213851898909, 0.238345623016, 0.36952316761, 0.45385441184, 0.278059959412, 0.095518887043, 0.0667838081717, 0.0596655085683, 0.242584511638, 0.528219759464, 0.41840967536, 0.304099798203, 0.402653157711, 0.271185129881, 0.135416701436, 0.148805320263, 0.174779266119, 0.548309504986]
    chords_key: "D"
    chords_scale: "major"
    key_key: "D"
    key_scale: "major"
    chords_progression: ["Em", "Em", "Em", "Em", "Em", "Em", "Em", "Em", "Em", "Em", "Em", "Em", "Em", "Em", "Em", "Em", "Em", "Em", "Em", "Em", "Em", "Em", "Em", "Em", "Em", "Em", "Em", "Em", "Em", "Em", "Em", "Em", "Em", "Em", "Em", "Em", "G", "G", "G", "G", "G", "G", "G", "G", "G", "G", "G", "G", "G", "G", "G", "G", "G", "G", "G", "G", "G", "G", "G", "G", "G", "G", "G", "G", "G", "G", "G", "G", "G", "G", "G", "G", "G", "G", "G", "G", "G", "G", "G", "G", "G", "G", "G", "G", "G", "G", "G", "G", "G", "D", "D", "D", "D", "D", "D", "D", "D", "D", "D", "D", "D", "D", "D", "D", "D", "D", "D", "D", "D", "D", "D", "D", "D", "D", "D", "D", "D", "D", "D", "D", "D", "D", "D", "D", "D", "D", "D", "D", "D", "D", "D", "D", "D", "D", "D", "D", "D", "D", "D", "D", "D", "D", "D", "D", "D", "D", "D", "D", "D", "D", "D", "D", "D", "D", "D", "D", "D", "D", "D", "D", "D", "D", "D", "D", "D", "D", "D", "D", "D", "D", "D", "D", "D", "D", "D", "D", "D", "D", "D", "D", "D", "D", "D", "D", "D", "D", "D", "D", "D", "D", "D", "D", "D", "D", "D", "D", "D", "D", "D", "D", "D", "D", "D", "D", "D", "D", "D", "D", "D", "D", "D", "D", "D", "D", "D", "D", "D"]
