
metadata:
    version:
        essentia: "1.2.2"
    audio_properties:
        analysis_sample_rate: 44100
        bitrate: 128
        channels: 2
        equal_loudness: 1
        length: 10.0310201645
        replay_gain: -12.4786491394
        downmix: "mix"
    tags:
        track: 12
        year: 0
        album: "Splitted by Mp3Splt v. 2.1"
        artist: "From 001.50 To 002.00"
        comment: "http://mp3splt.sf.net"
        genre: ""
        title: "06 Takeoff.mp3"

highlevel:
    ballroom:
        all:
            ChaChaCha: 0.169969066978
            Jive: 0.0868367999792
            Quickstep: 0.00900716613978
            Rumba-American: 0.00645382422954
            Rumba-International: 0.00401378376409
            Rumba-Misc: 0.0136404335499
            Samba: 0.70699441433
            Tango: 0.00122133269906
            VienneseWaltz: 0.0011902442202
            Waltz: 0.000672938360367
        probability: 0.70699441433
        value: "Samba"
    culture:
        all:
            non_western: 0.312886089087
            western: 0.687113940716
        probability: 0.687113940716
        value: "western"
    gender:
        all:
            female: 0.180678397417
            male: 0.819321632385
        probability: 0.819321632385
        value: "male"
    genre_dortmund:
        all:
            alternative: 0.000199523608899
            blues: 0.000393076159526
            electronic: 0.00158246816136
            folkcountry: 0.000391076959204
            funksoulrnb: 0.00417995685712
            jazz: 0.000319179525832
            pop: 0.00333572155796
            raphiphop: 0.987506508827
            rock: 0.00209250231273
        probability: 0.987506508827
        value: "raphiphop"
    genre_electronica:
        all:
            ambient: 0.0741479769349
            dnb: 0.653179466724
            house: 0.0855127796531
            techno: 0.118276923895
            trance: 0.0688828602433
        probability: 0.653179466724
        value: "dnb"
    genre_rosamerica:
        all:
            cla: 0.000696518050972
            dan: 0.0797214284539
            hip: 0.876388967037
            jaz: 0.000955315830652
            pop: 0.0162440575659
            rhy: 0.0223196689039
            roc: 0.00253354385495
            spe: 0.00114047783427
        probability: 0.876388967037
        value: "hip"
    genre_tzanetakis:
        all:
            blu: 0.00019692335627
            cla: 0.000156855530804
            cou: 0.000278795952909
            dis: 0.0067728436552
            hip: 0.0977062731981
            jaz: 0.000151631757035
            met: 0.000239332497586
            pop: 0.841189026833
            reg: 0.0528718717396
            roc: 0.000436436006567
        probability: 0.841189026833
        value: "pop"
    live_studio:
        all:
            live: 0.101992607117
            studio: 0.898007392883
        probability: 0.898007392883
        value: "studio"
    mood:
        all:
            Cluster1: 0.171796485782
            Cluster2: 0.353971034288
            Cluster3: 0.0959359705448
            Cluster4: 0.201802670956
            Cluster5: 0.176493838429
        probability: 0.353971034288
        value: "Cluster2"
    mood_acoustic:
        all:
            acoustic: 0.0222919043154
            not_acoustic: 0.977708101273
        probability: 0.977708101273
        value: "not_acoustic"
    mood_aggressive:
        all:
            aggressive: 0.128415554762
            not_aggressive: 0.87158447504
        probability: 0.87158447504
        value: "not_aggressive"
    mood_electronic:
        all:
            electronic: 0.651220500469
            not_electronic: 0.348779529333
        probability: 0.651220500469
        value: "electronic"
    mood_happy:
        all:
            happy: 0.929597318172
            not_happy: 0.0704026669264
        probability: 0.929597318172
        value: "happy"
    mood_party:
        all:
            not_party: 0.0825576707721
            party: 0.917442321777
        probability: 0.917442321777
        value: "party"
    mood_relaxed:
        all:
            not_relaxed: 0.263398915529
            relaxed: 0.736601054668
        probability: 0.736601054668
        value: "relaxed"
    mood_sad:
        all:
            not_sad: 0.862823188305
            sad: 0.137176826596
        probability: 0.862823188305
        value: "not_sad"
    rhythm:
        all:
            fast: 0.969205796719
            medium: 0.0301120840013
            slow: 0.000682116311509
        probability: 0.969205796719
        value: "fast"
    speech_music:
        all:
            music: 0.993719637394
            speech: 0.00628034211695
        probability: 0.993719637394
        value: "music"
    timbre:
        all:
            bright: 0.0730325132608
            dark: 0.92696750164
        probability: 0.92696750164
        value: "dark"
    voice_instrumental:
        all:
            instrumental: 0.00189465947915
            voice: 0.998105347157
        probability: 0.998105347157
        value: "voice"

lowlevel:
    average_loudness: 0.98355615139
    barkbands_kurtosis:
        dmean: 2.50957131386
        dmean2: 4.2742729187
        dvar: 17.1199684143
        dvar2: 48.2941207886
        max: 33.9659996033
        mean: 1.09488129616
        min: -1.80385518074
        var: 15.4929389954
    barkbands_skewness:
        dmean: 0.834303855896
        dmean2: 1.25945234299
        dvar: 0.607808172703
        dvar2: 1.42931854725
        max: 4.85771846771
        mean: 0.550588071346
        min: -4.91391277313
        var: 1.54451036453
    barkbands_spread:
        dmean: 10.0056800842
        dmean2: 16.079914093
        dvar: 90.816734314
        dvar2: 255.206665039
        max: 69.8075485229
        mean: 25.9302139282
        min: 2.52168345451
        var: 181.261260986
    dissonance:
        dmean: 0.0288231465966
        dmean2: 0.0450556129217
        dvar: 0.000749964499846
        dvar2: 0.00176442158408
        max: 0.499447494745
        mean: 0.443806320429
        min: 0.257353723049
        var: 0.00173211318906
    hfc:
        dmean: 3.54250645638
        dmean2: 5.21263742447
        dvar: 32.9043426514
        dvar2: 70.7303161621
        max: 51.1887893677
        mean: 5.89839172363
        min: 8.57908560192e-07
        var: 46.4668655396
    pitch:
        dmean: 612.071105957
        dmean2: 1176.41333008
        dvar: 1332621.5
        dvar2: 3172457
        max: 4900
        mean: 750.536743164
        min: 84.8076934814
        var: 1266599.25
    pitch_instantaneous_confidence:
        dmean: 0.14552988112
        dmean2: 0.227971896529
        dvar: 0.0138555401936
        dvar2: 0.0274393875152
        max: 0.904968082905
        mean: 0.500124156475
        min: 0.0157798528671
        var: 0.0399418845773
    pitch_salience:
        dmean: 0.105078689754
        dmean2: 0.167596563697
        dvar: 0.00600440986454
        dvar2: 0.0169413704425
        max: 0.888005852699
        mean: 0.5777156353
        min: 0.238515645266
        var: 0.0149672413245
    silence_rate_20dB:
        dmean: 0
        dmean2: 0
        dvar: 0
        dvar2: 0
        max: 1
        mean: 1
        min: 1
        var: 0
    silence_rate_30dB:
        dmean: 0
        dmean2: 0
        dvar: 0
        dvar2: 0
        max: 1
        mean: 1
        min: 1
        var: 0
    silence_rate_60dB:
        dmean: 0.189814820886
        dmean2: 0.378190249205
        dvar: 0.153785124421
        dvar2: 0.258364796638
        max: 1
        mean: 0.454965353012
        min: 0
        var: 0.247972100973
    spectral_centroid:
        dmean: 534.461547852
        dmean2: 823.682434082
        dvar: 296675.96875
        dvar2: 702348.25
        max: 5189.16748047
        mean: 1513.4354248
        min: 238.867919922
        var: 722717.9375
    spectral_complexity:
        dmean: 3.92111372948
        dmean2: 5.78837203979
        dvar: 29.1306667328
        dvar2: 45.1017341614
        max: 50
        mean: 8.48611068726
        min: 0
        var: 61.8562965393
    spectral_crest:
        dmean: 3.52842640877
        dmean2: 5.78170251846
        dvar: 9.08329105377
        dvar2: 23.567489624
        max: 21.8491382599
        mean: 9.4706029892
        min: 2.7201321125
        var: 18.6536102295
    spectral_decrease:
        dmean: 5.49977119402e-10
        dmean2: 8.46065717486e-10
        dvar: 5.84074401873e-19
        dvar2: 1.42711899441e-18
        max: -9.30987147217e-16
        mean: -9.6638808067e-10
        min: -5.21333420878e-09
        var: 7.73524714939e-19
    spectral_energy:
        dmean: 0.00233959592879
        dmean2: 0.0035705214832
        dvar: 1.06008083094e-05
        dvar2: 2.51211113209e-05
        max: 0.0242073778063
        mean: 0.0041823736392
        min: 3.59155949425e-09
        var: 1.45059102579e-05
    spectral_energyband_high:
        dmean: 0.000266935996478
        dmean2: 0.000427412916906
        dvar: 2.49815542475e-07
        dvar2: 6.07627043792e-07
        max: 0.00403736624867
        mean: 0.000272435019724
        min: 2.30963494857e-11
        var: 2.45258377163e-07
    spectral_energyband_low:
        dmean: 0.000551446806639
        dmean2: 0.000972857349552
        dvar: 2.12867826122e-06
        dvar2: 5.89218643654e-06
        max: 0.00824713148177
        mean: 0.000446293270215
        min: 1.98526617368e-09
        var: 1.50495077378e-06
    spectral_energyband_middle_high:
        dmean: 0.00104008405469
        dmean2: 0.00149200181477
        dvar: 2.41456405092e-06
        dvar2: 4.83121220896e-06
        max: 0.0123612387106
        mean: 0.00183571479283
        min: 1.84047374563e-10
        var: 4.97503697261e-06
    spectral_energyband_middle_low:
        dmean: 0.00122685346287
        dmean2: 0.00197085901164
        dvar: 2.68048393082e-06
        dvar2: 6.66180176268e-06
        max: 0.0094306813553
        mean: 0.00162789656315
        min: 9.68013780245e-10
        var: 3.42065186487e-06
    spectral_flatness_db:
        dmean: 0.0323467291892
        dmean2: 0.0517830476165
        dvar: 0.000833586906083
        dvar2: 0.00210899347439
        max: 0.326398044825
        mean: 0.155113890767
        min: 0.0597751922905
        var: 0.00181279634126
    spectral_flux:
        dmean: 0.0165779665112
        dmean2: 0.0248222220689
        dvar: 0.00026415209868
        dvar2: 0.000519922119565
        max: 0.135586872697
        mean: 0.0488998219371
        min: 5.99296217842e-05
        var: 0.000634639582131
    spectral_kurtosis:
        dmean: 2.16514921188
        dmean2: 3.2781829834
        dvar: 5.72809791565
        dvar2: 13.7942113876
        max: 21.0552749634
        mean: 3.55436968803
        min: -1.05222463608
        var: 9.50485610962
    spectral_rms:
        dmean: 0.000540055683814
        dmean2: 0.00077294028597
        dvar: 3.48984684706e-07
        dvar2: 7.38443588943e-07
        max: 0.00485972780734
        mean: 0.00182556186337
        min: 1.87188686596e-06
        var: 7.47689796299e-07
    spectral_rolloff:
        dmean: 1032.94396973
        dmean2: 1724.15942383
        dvar: 1242389.5
        dvar2: 2956629.75
        max: 7278.22265625
        mean: 2668.52148438
        min: 172.265625
        var: 2285237.5
    spectral_skewness:
        dmean: 0.389621376991
        dmean2: 0.569823026657
        dvar: 0.121229283512
        dvar2: 0.294112473726
        max: 3.52556538582
        mean: 1.50508248806
        min: 0.346117258072
        var: 0.293156117201
    spectral_spread:
        dmean: 1668710.5
        dmean2: 2362108.75
        dvar: 2.46267353498e+12
        dvar2: 5.18708946534e+12
        max: 17688704
        mean: 6266804
        min: 1930635.25
        var: 5.70378839654e+12
    spectral_strongpeak:
        dmean: 0.403353244066
        dmean2: 0.659516572952
        dvar: 0.194680899382
        dvar2: 0.503577768803
        max: 3.51672196388
        mean: 0.593787610531
        min: 0
        var: 0.32104948163
    zerocrossingrate:
        dmean: 0.0173776019365
        dmean2: 0.0197106655687
        dvar: 0.000206345590414
        dvar2: 0.000289653165964
        max: 0.2001953125
        mean: 0.0838283970952
        min: 0.013671875
        var: 0.00132111064158
    barkbands:
        dmean: [2.05594824365e-06, 0.000162409502082, 0.000432771601481, 0.000267886469373, 0.000290200230666, 0.000221242531552, 0.00015124573838, 0.000470410566777, 0.000210073514609, 0.000317737460136, 0.000140228323289, 0.000100785095128, 8.03722577984e-05, 0.000141299184179, 0.000111480374471, 0.000102462006907, 0.000205284115509, 0.000196841923753, 0.000188091391465, 0.000124817728647, 0.000109485299618, 6.75757401041e-05, 4.22429438913e-05, 9.32676539378e-06, 4.87570832775e-06, 3.01454292639e-07, 1.84853943264e-09]
        dmean2: [3.01303703054e-06, 0.000276937207673, 0.000814081926364, 0.000478429778013, 0.000482123286929, 0.000386333354982, 0.000245595496381, 0.000724100624211, 0.000344022380887, 0.000490294944029, 0.000210440121009, 0.000154969340656, 0.000128033774672, 0.000238503431319, 0.00017355500313, 0.000154229142936, 0.000331245362759, 0.000295419653412, 0.000296953279758, 0.000200800699531, 0.000173328327946, 0.000112414039904, 7.27036021999e-05, 1.55238794832e-05, 8.04477440397e-06, 4.91283401516e-07, 2.04427852424e-09]
        dvar: [2.03923926356e-11, 1.56198808554e-07, 1.52123050157e-06, 4.80545111259e-07, 2.53539070627e-07, 4.35143903132e-07, 1.57813431656e-07, 1.00760689747e-06, 3.13805060159e-07, 5.96524273533e-07, 9.92675097677e-08, 6.57713954411e-08, 4.23077928247e-08, 1.50399984022e-07, 5.04721562322e-08, 3.62087320127e-08, 1.74665728991e-07, 1.7182442491e-07, 1.10389180463e-07, 6.50624372156e-08, 4.53751702878e-08, 1.4389510028e-08, 7.53887263727e-09, 2.21977519699e-10, 6.86248488591e-11, 2.83014470149e-13, 9.53638184655e-16]
        dvar2: [4.06394883024e-11, 4.0831497472e-07, 4.3668815124e-06, 1.32854358981e-06, 6.36575919089e-07, 1.18070988719e-06, 3.35769328785e-07, 2.42221221924e-06, 7.96966730832e-07, 1.30175453705e-06, 1.89536109474e-07, 1.54111432948e-07, 1.08465883386e-07, 3.90593982047e-07, 1.11597216801e-07, 8.81417108189e-08, 4.62535950874e-07, 3.90585540799e-07, 2.48136302616e-07, 1.53318779894e-07, 1.11164823124e-07, 3.68896664327e-08, 2.01544114731e-08, 5.30019583778e-10, 1.64938271374e-10, 7.02724011793e-13, 9.54426348813e-16]
        max: [2.50899629464e-05, 0.00247466191649, 0.00656225858256, 0.00484373420477, 0.00413356209174, 0.00577753828838, 0.00648100953549, 0.00721440603957, 0.00486991880462, 0.00714583089575, 0.00491345440969, 0.00346180843189, 0.00262607284822, 0.00462203659117, 0.00221770489588, 0.00174674228765, 0.0035114872735, 0.00475462712348, 0.00274082948454, 0.00215744087473, 0.00180917838588, 0.000876521982718, 0.000735770445317, 0.00011059249664, 5.83901746722e-05, 4.31597891293e-06, 6.42520490146e-07]
        mean: [1.9604372028e-06, 0.000163108314155, 0.000281261018245, 0.000205505886697, 0.000330311595462, 0.000171086081536, 0.000156171168783, 0.000536937790457, 0.000181858165888, 0.000357833341695, 0.00014942222333, 0.000129345658934, 8.12389043858e-05, 0.000148205203004, 0.000129025182105, 0.000137364375405, 0.000236339517869, 0.000225063515245, 0.000206433978747, 0.000139694064273, 0.000107051324449, 6.0092392232e-05, 3.3110503864e-05, 8.91748459253e-06, 4.74443459098e-06, 2.91022672627e-07, 1.91505544755e-09]
        min: [1.2357140311e-10, 1.07340658584e-09, 4.89281504201e-10, 3.27522953203e-10, 4.24258295162e-10, 1.64491892329e-10, 4.23034732244e-11, 2.56857903003e-12, 6.16145068993e-12, 5.49597346799e-12, 7.72555630579e-12, 2.02562203122e-11, 2.1574214637e-11, 5.01904030489e-12, 1.5828142616e-11, 5.19789072895e-11, 2.9805869578e-11, 5.66631290499e-12, 1.32272881884e-11, 1.19848402036e-11, 1.55507533933e-11, 2.53340490947e-12, 8.71046399072e-13, 1.82121353588e-13, 9.95725447624e-14, 3.56601921115e-14, 1.72021058287e-14]
        var: [2.45351933215e-11, 1.48230881791e-07, 8.89429372819e-07, 3.30982345531e-07, 2.87830545176e-07, 3.27300995195e-07, 2.15259262859e-07, 1.32046102408e-06, 2.61505022081e-07, 8.44672854328e-07, 1.46105946897e-07, 8.59539852627e-08, 3.80124163257e-08, 1.53270804049e-07, 6.57378507185e-08, 4.70595225011e-08, 1.68642031895e-07, 2.11650075244e-07, 1.28109959974e-07, 7.01604747633e-08, 4.5575298202e-08, 1.26021415525e-08, 5.46666090173e-09, 2.18310799993e-10, 7.17938486439e-11, 3.05030929985e-13, 9.52409986882e-16]
    mfcc:
        mean: [-736.665893555, 91.5668334961, -36.964641571, 33.5299491882, -10.6947631836, -1.67957770824, -2.35009026527, 6.17693567276, -2.44259190559, -4.51686048508, -5.801425457, -4.59368753433, -4.29014253616]
        cov: [[4779.04199219, -842.503479004, -204.411560059, -417.939453125, -335.885925293, -281.086181641, -395.846374512, -33.1040000916, -157.362915039, 11.8918161392, -33.5785636902, -150.307998657, -141.25428772], [-842.503479004, 1491.40686035, -217.09072876, 55.3977432251, 105.905517578, -135.577468872, 86.9836578369, 105.409034729, 97.2792358398, 110.610092163, 88.2094345093, 52.3621711731, 42.4348487854], [-204.411560059, -217.09072876, 1213.04077148, 335.230773926, 98.7584838867, 247.10357666, 92.6706848145, 3.37177324295, 57.5796203613, -25.6732463837, 28.4031887054, 99.955581665, 80.8210830688], [-417.939453125, 55.3977432251, 335.230773926, 474.73538208, 186.285842896, 163.799514771, 86.3714447021, -1.4090590477, 37.7206878662, -51.0093841553, -7.0473446846, 49.6073989868, 56.747379303], [-335.885925293, 105.905517578, 98.7584838867, 186.285842896, 366.512908936, 138.397735596, 81.725440979, -11.7702627182, 72.5844345093, 33.4822731018, 20.5220985413, 9.00506210327, 4.05014514923], [-281.086181641, -135.577468872, 247.10357666, 163.799514771, 138.397735596, 319.339752197, 138.452484131, -14.1328105927, 33.3111724854, -26.3193969727, -8.47650814056, 44.6753044128, 34.1763763428], [-395.846374512, 86.9836578369, 92.6706848145, 86.3714447021, 81.725440979, 138.452484131, 344.823608398, 96.5010986328, 65.5609130859, 5.46744728088, -19.2021389008, 15.395242691, 45.3198814392], [-33.1040000916, 105.409034729, 3.37177324295, -1.4090590477, -11.7702627182, -14.1328105927, 96.5010986328, 188.513366699, 65.1746368408, 30.3760242462, -8.70257568359, -17.9228572845, 18.5841407776], [-157.362915039, 97.2792358398, 57.5796203613, 37.7206878662, 72.5844345093, 33.3111724854, 65.5609130859, 65.1746368408, 175.717559814, 73.8692703247, -5.92384004593, -22.1504898071, 4.41266155243], [11.8918161392, 110.610092163, -25.6732463837, -51.0093841553, 33.4822731018, -26.3193969727, 5.46744728088, 30.3760242462, 73.8692703247, 177.16885376, 62.9755554199, 4.00757837296, -17.5377578735], [-33.5785636902, 88.2094345093, 28.4031887054, -7.0473446846, 20.5220985413, -8.47650814056, -19.2021389008, -8.70257568359, -5.92384004593, 62.9755554199, 155.093429565, 71.0187835693, 1.77901482582], [-150.307998657, 52.3621711731, 99.955581665, 49.6073989868, 9.00506210327, 44.6753044128, 15.395242691, -17.9228572845, -22.1504898071, 4.00757837296, 71.0187835693, 135.978378296, 49.0843696594], [-141.25428772, 42.4348487854, 80.8210830688, 56.747379303, 4.05014514923, 34.1763763428, 45.3198814392, 18.5841407776, 4.41266155243, -17.5377578735, 1.77901482582, 49.0843696594, 98.706199646]]
        icov: [[0.000282259192318, 0.000146659251186, -2.22822400247e-05, 9.90561602521e-05, 5.90842646488e-05, 9.21925748116e-05, 0.000212667873711, -0.00016147174756, 0.00016291445354, -0.000116249007988, -2.24210707529e-05, 0.000165039717103, 9.09827358555e-05], [0.000146659251186, 0.000970279739704, 0.000193193220184, -0.000194138541701, -0.00025289595942, 0.000714426161721, -0.000142287739436, -0.000312160758767, -0.00022778796847, -0.000252225931035, -0.000282798282569, -0.000322552601574, -0.000235852639889], [-2.22822400247e-05, 0.000193193220184, 0.00121739692986, -0.000727202743292, 0.000257436331594, -0.000528650765773, 7.98356195446e-05, -7.33407432563e-05, -0.000416970346123, -3.42424464179e-05, -0.000233559941989, -0.000420821452281, -0.000318012986099], [9.90561602521e-05, -0.000194138541701, -0.000727202743292, 0.00373476161622, -0.00146459520329, -0.000532551144715, 0.000166655008798, -0.000122943674796, -0.000207672346733, 0.00121940940153, 0.000282674358459, -0.000358434946975, -0.000736296118703], [5.90842646488e-05, -0.00025289595942, 0.000257436331594, -0.00146459520329, 0.00443528499454, -0.00143606518395, -0.000248561089393, 0.000883654982317, -0.00101108814124, -0.000692651083227, -0.000768519297708, 0.000875227793586, 0.000588242255617], [9.21925748116e-05, 0.000714426161721, -0.000528650765773, -0.000532551144715, -0.00143606518395, 0.00603841105476, -0.00197329442017, 0.000985170830972, -0.000595970428549, 0.000497201399412, 0.000497683300637, -0.00154292338993, 0.000125796330394], [0.000212667873711, -0.000142287739436, 7.98356195446e-05, 0.000166655008798, -0.000248561089393, -0.00197329442017, 0.00479814969003, -0.00231945095584, -0.000177664871444, -6.82971876813e-05, 0.000543155416381, -7.10394078851e-06, -0.00087899871869], [-0.00016147174756, -0.000312160758767, -7.33407432563e-05, -0.000122943674796, 0.000883654982317, 0.000985170830972, -0.00231945095584, 0.00780554488301, -0.00221927417442, -0.000257763138507, -0.000280293112155, 0.00120798905846, -0.00129040412139], [0.00016291445354, -0.00022778796847, -0.000416970346123, -0.000207672346733, -0.00101108814124, -0.000595970428549, -0.000177664871444, -0.00221927417442, 0.009561968036, -0.00407659541816, 0.00140027329326, 0.00177471723873, -0.000520417874213], [-0.000116249007988, -0.000252225931035, -3.42424464179e-05, 0.00121940940153, -0.000692651083227, 0.000497201399412, -6.82971876813e-05, -0.000257763138507, -0.00407659541816, 0.00956579297781, -0.00378884444945, 2.55965460383e-05, 0.00114263605792], [-2.24210707529e-05, -0.000282798282569, -0.000233559941989, 0.000282674358459, -0.000768519297708, 0.000497683300637, 0.000543155416381, -0.000280293112155, 0.00140027329326, -0.00378884444945, 0.01131686382, -0.00635083997622, 0.00199919729494], [0.000165039717103, -0.000322552601574, -0.000420821452281, -0.000358434946975, 0.000875227793586, -0.00154292338993, -7.10394078851e-06, 0.00120798905846, 0.00177471723873, 2.55965460383e-05, -0.00635083997622, 0.0144640970975, -0.00595336873084], [9.09827358555e-05, -0.000235852639889, -0.000318012986099, -0.000736296118703, 0.000588242255617, 0.000125796330394, -0.00087899871869, -0.00129040412139, -0.000520417874213, 0.00114263605792, 0.00199919729494, -0.00595336873084, 0.0147759411484]]
    spectral_contrast:
        mean: [-2.40850368982e-07, -4.65074890599e-07, -7.42406385257e-08, 1.18829861506e-08, -3.05732498873e-07, 1.39801869636e-07, -9.89547515928e-07, 7.72100918311e-07, 3.78337722395e-06, -1.44527461998e-07, -7.80103391662e-07, 2.80776504269e-08]
        var: [0.000958681339398, 0.00133569864556, 0.00295690773055, 0.00521628838032, 0.00784788746387, 0.0157883483917, 0.0785779505968, 0.137310892344, 0.247092828155, 0.569528996944, 0.958749890327, 2.53117108345]

rhythm:
    beats_loudness:
        dmean: 0.00339921703562
        dmean2: 0.00553456554189
        dvar: 8.9631685114e-06
        dvar2: 3.1014365959e-05
        max: 0.0134242000058
        mean: 0.00519808521494
        min: 0.000950540590566
        var: 1.2500118828e-05
    beats_loudness_bass:
        dmean: 0.240786448121
        dmean2: 0.437968283892
        dvar: 0.0665188804269
        dvar2: 0.0940898731351
        max: 0.738058745861
        mean: 0.269559174776
        min: 0.000134208894451
        var: 0.0810263752937
    bpm: 96.7367935181
    bpm_confidence: 0
    first_peak_bpm: 97
    first_peak_spread: 0
    first_peak_weight: 0.933333337307
    onset_rate: 6.18082714081
    second_peak_bpm: 75
    second_peak_spread: 0
    second_peak_weight: 0.0666666701436
    beats_position: [0.285299390554, 0.905538737774, 1.52577805519, 2.146017313, 2.76625657082, 3.38649582863, 4.00673484802, 4.62697410583, 5.24721336365, 5.86745262146, 6.66857433319, 7.28881883621, 7.9090628624, 8.52930736542, 9.14955234528, 9.76979637146]
    bpm_estimates: [96.8750076294, 96.7520446777, 96.9218673706, 96.7889404297, 96.1476364136, 96.8046340942, 96.8169021606, 96.7317733765, 96.7392959595, 96.7947463989, 96.7041778564, 96.9053878784, 96.7769851685, 96.7126464844, 96.680229187, 96.699546814, 96.6736907959]
    bpm_intervals: [0.620239377022, 0.620239317417, 0.620239257812, 0.620239257812, 0.620239257812, 0.620239019394, 0.620239257812, 0.620239257812, 0.620239257812, 0.801121711731, 0.620244503021, 0.620244026184, 0.620244503021, 0.620244979858, 0.620244026184]
    onset_times: [0.0580498874187, 0.255419492722, 0.429569154978, 0.580498874187, 0.731428563595, 0.859138309956, 0.905578255653, 1.05650794506, 1.24226760864, 1.34675741196, 1.52090704441, 1.67183673382, 1.93886625767, 2.26394557953, 2.41487526894, 2.62385487556, 2.76317453384, 2.89088439941, 3.08825397491, 3.39011335373, 3.54104304314, 3.7151927948, 3.80807256699, 3.99383211136, 4.1679816246, 4.31891155243, 4.60916090012, 4.7833108902, 4.93424034119, 5.0967798233, 5.24770975113, 5.41024923325, 5.58439922333, 5.68888902664, 5.89786863327, 6.04879808426, 6.19972801208, 6.3622674942, 6.51319742203, 6.66412687302, 6.79183673859, 6.9543762207, 7.12852621078, 7.22140598297, 7.2910656929, 7.46521520615, 7.60453510284, 7.70902490616, 7.89478445053, 8.15020370483, 8.37079334259, 8.498503685, 8.6958732605, 8.76553249359, 8.95129299164, 9.14866256714, 9.29959201813, 9.34603214264, 9.45052146912, 9.63628101349, 9.77560043335, 9.92653083801]
    rubato_start: []
    rubato_stop: []
    perceptual_tempo: "unknown"

sfx:
    inharmonicity:
        dmean: 0.0558309145272
        dmean2: 0.100134953856
        dvar: 0.00415696902201
        dvar2: 0.0118183763698
        max: 0.405129224062
        mean: 0.0529123470187
        min: 0
        var: 0.00383732863702
    oddtoevenharmonicenergyratio:
        dmean: 7.36023616791
        dmean2: 14.2040309906
        dvar: 589.465332031
        dvar2: 1777.33605957
        max: 184.562561035
        mean: 4.54229974747
        min: 0
        var: 327.2215271
    pitch_after_max_to_before_max_energy_ratio: 0.794030606747
    pitch_centroid: 214.240081787
    pitch_max_to_total: 0.629629611969
    pitch_min_to_total: 0.66435188055
    tristimulus:
        dmean: [0.22884978354, 0.2720490098, 0.128267377615]
        dmean2: [0.402286410332, 0.476869106293, 0.227914646268]
        dvar: [0.0406987704337, 0.0452850200236, 0.0169877614826]
        dvar2: [0.105665668845, 0.116639353335, 0.0450278893113]
        max: [1, 0.989052355289, 0.756382107735]
        mean: [0.338029026985, 0.481351226568, 0.126381799579]
        min: [0.00638664420694, 0, 0]
        var: [0.0642462447286, 0.075718395412, 0.0196568686515]

tonal:
    chords_changes_rate: 0.0277777779847
    chords_number_rate: 0.0138888889924
    chords_strength:
        dmean: 0.0186750870198
        dmean2: 0.0209624618292
        dvar: 0.000233786471654
        dvar2: 0.000280291074887
        max: 0.752067863941
        mean: 0.567938089371
        min: 0.351902395487
        var: 0.00912896636873
    key_strength: 0.543783187866
    tuning_diatonic_strength: 0.595705330372
    tuning_equal_tempered_deviation: 0.202151864767
    tuning_frequency: 444.341888428
    tuning_nontempered_energy_ratio: 0.87028157711
    hpcp:
        dmean: [0.1895326823, 0.195712506771, 0.168347537518, 0.175316408277, 0.196011304855, 0.223814412951, 0.282831430435, 0.289061933756, 0.288787841797, 0.264461487532, 0.250205546618, 0.251298606396, 0.226345777512, 0.187819972634, 0.17754483223, 0.214949220419, 0.250721722841, 0.223772123456, 0.191133067012, 0.1743042171, 0.150149077177, 0.159007057548, 0.165939494967, 0.164553299546, 0.136619597673, 0.150545984507, 0.180242434144, 0.182987764478, 0.199800610542, 0.215349882841, 0.232982069254, 0.22688382864, 0.205362662673, 0.211072191596, 0.230484932661, 0.226407021284]
        dmean2: [0.344530850649, 0.352373927832, 0.298270046711, 0.308656603098, 0.35357517004, 0.387894392014, 0.47106769681, 0.513012886047, 0.526514112949, 0.48097205162, 0.416708379984, 0.436909079552, 0.401639252901, 0.335564941168, 0.316651970148, 0.372301757336, 0.432736486197, 0.404502332211, 0.347896367311, 0.305745333433, 0.260687500238, 0.264088898897, 0.285343587399, 0.29993095994, 0.233439058065, 0.26843675971, 0.320554643869, 0.296947479248, 0.34085392952, 0.37607857585, 0.390442609787, 0.400407642126, 0.35704600811, 0.357268333435, 0.395614147186, 0.397067517042]
        dvar: [0.0539121329784, 0.0619521103799, 0.052453417331, 0.0454846657813, 0.0565057694912, 0.0577727034688, 0.0760311111808, 0.0762479379773, 0.0924812480807, 0.0867076814175, 0.0720134824514, 0.0759193301201, 0.0581348277628, 0.0495331548154, 0.0443211719394, 0.0554669164121, 0.0724686533213, 0.0634564757347, 0.0546962022781, 0.0483915992081, 0.0427489914, 0.0395047403872, 0.0415020063519, 0.04060363397, 0.0315500274301, 0.0377796441317, 0.0480168499053, 0.0474374778569, 0.050753351301, 0.0627164766192, 0.0611721687019, 0.0644761398435, 0.0541290566325, 0.051659040153, 0.069626942277, 0.0702537298203]
        dvar2: [0.13819809258, 0.182272061706, 0.140517607331, 0.108154766262, 0.145827904344, 0.145704463124, 0.207406118512, 0.192685738206, 0.23081406951, 0.227945402265, 0.19910530746, 0.190821945667, 0.151716396213, 0.130917295814, 0.118000380695, 0.136154100299, 0.202618181705, 0.175289317966, 0.152343675494, 0.129709109664, 0.108326464891, 0.092945933342, 0.102412648499, 0.113670788705, 0.0843180641532, 0.0999480932951, 0.124647863209, 0.120853260159, 0.132895767689, 0.157589033246, 0.155249804258, 0.171535745263, 0.151783555746, 0.130654901266, 0.174872010946, 0.189237400889]
        max: [1, 1, 1, 1, 1, 1, 1, 1, 1, 1, 1, 1, 1, 1, 1, 1, 1, 1, 1, 1, 1, 1, 1, 0.997076511383, 1, 1, 1, 1, 1, 1, 1, 1, 1, 1, 1, 1]
        mean: [0.189697623253, 0.173918813467, 0.159780219197, 0.16909211874, 0.1837002635, 0.226608544588, 0.285488516092, 0.27182841301, 0.241943344474, 0.239056646824, 0.239774242043, 0.232156962156, 0.215481176972, 0.191246822476, 0.19279743731, 0.238569229841, 0.237335667014, 0.192353650928, 0.162733748555, 0.145925030112, 0.138473689556, 0.159266203642, 0.170316204429, 0.146068483591, 0.125794112682, 0.134667575359, 0.162599086761, 0.182282418013, 0.18731944263, 0.207307890058, 0.245973169804, 0.230758085847, 0.19423763454, 0.204316005111, 0.223693072796, 0.211715355515]
        min: [0.00280439038761, 0.00353259197436, 0.00117701618001, 0.000826008210424, 0.00102036062162, 0.0014569319319, 0.00333350640722, 0.00245931162499, 0.000468201993499, 0.00049403909361, 0.003112121718, 0.00449763424695, 0.00204828009009, 0.00191310048103, 0.00334926624782, 0.00355153717101, 0.00185236020479, 0.000564018439036, 0.000543635105714, 0.000179173614015, 0.000529142096639, 0.000695872120559, 0.00162940577138, 0.000978847732767, 0.00107179139741, 0.00175976706669, 0.00258715660311, 0.00186068320181, 0.00128538103309, 0.000395973300328, 0.000701728800777, 0.00293612061068, 0.00220040930435, 0.00274670799263, 0.00185750203673, 0.00235021440312]
        var: [0.0578946582973, 0.0554279051721, 0.0474364832044, 0.0495767444372, 0.0554254464805, 0.0684418901801, 0.0936378613114, 0.0839057415724, 0.0925027802587, 0.0847781822085, 0.0805684402585, 0.0802210047841, 0.0621643140912, 0.0571276508272, 0.0472315959632, 0.0701273083687, 0.0729372426867, 0.0565748400986, 0.0477543026209, 0.0449424758554, 0.0413209721446, 0.050071939826, 0.0525443330407, 0.0383104756474, 0.0313331671059, 0.037653516978, 0.0480044074357, 0.0551023930311, 0.0541538856924, 0.0659141689539, 0.0814588591456, 0.0726212635636, 0.0548593848944, 0.0604286193848, 0.0795869529247, 0.0730498209596]
    chords_histogram: [0.462962955236, 0, 0, 0, 0, 0, 0, 8.79629611969, 0, 45.3703689575, 44.9074058533, 0, 0, 0, 0, 0, 0, 0.462962955236, 0, 0, 0, 0, 0, 0]
    thpcp: [1, 0.952151834965, 0.847471356392, 0.837359964848, 0.839873492718, 0.813191950321, 0.75478053093, 0.669893205166, 0.675324678421, 0.835652649403, 0.831331729889, 0.673770189285, 0.570018529892, 0.511141479015, 0.485041201115, 0.557872533798, 0.596578121185, 0.511644005775, 0.440627574921, 0.471709251404, 0.569546878338, 0.638493001461, 0.656136512756, 0.726151406765, 0.861586928368, 0.808292031288, 0.680369317532, 0.715671539307, 0.783544898033, 0.741589725018, 0.664466738701, 0.609197258949, 0.559673011303, 0.592290461063, 0.643459379673, 0.793757140636]
    chords_key: "G"
    chords_scale: "major"
    key_key: "C"
    key_scale: "minor"
    chords_progression: ["Bm", "Bm", "Bm", "Bm", "Bm", "Bm", "Bm", "Bm", "Bm", "Bm", "Bm", "Bm", "Bm", "Bm", "Bm", "Bm", "Bm", "Bm", "Bm", "Bm", "Bm", "Bm", "Bm", "Bm", "Bm", "Bm", "Bm", "Bm", "Bm", "Bm", "Bm", "Bm", "Bm", "Bm", "Bm", "Bm", "Bm", "Bm", "Bm", "Bm", "Bm", "Bm", "Bm", "Bm", "Bm", "Bm", "Bm", "Bm", "Bm", "Bm", "Bm", "Bm", "Bm", "Bm", "Bm", "Bm", "Bm", "Bm", "Bm", "B", "Bm", "Bm", "Bm", "Bm", "Bm", "Bm", "Bm", "Bm", "Bm", "Bm", "Bm", "Bm", "Bm", "Bm", "Bm", "Bm", "Bm", "Bm", "Bm", "Bm", "Bm", "Bm", "Bm", "Bm", "Bm", "Bm", "Bm", "Bm", "Bm", "Bm", "Bm", "Bm", "Bm", "Bm", "Bm", "Bm", "Bm", "Bm", "G", "G", "G", "G", "G", "G", "G", "G", "G", "G", "G", "G", "G", "G", "G", "G", "G", "G", "G", "G", "G", "G", "G", "G", "G", "G", "G", "G", "G", "G", "G", "G", "G", "G", "G", "G", "G", "G", "G", "G", "G", "G", "G", "G", "G", "G", "G", "G", "G", "G", "G", "G", "G", "G", "G", "G", "G", "G", "G", "G", "G", "G", "G", "G", "G", "G", "G", "G", "G", "G", "G", "G", "G", "G", "G", "G", "G", "G", "G", "G", "G", "G", "G", "G", "G", "G", "G", "G", "G", "G", "G", "G", "G", "G", "G", "G", "G", "G", "C", "C", "C", "Cm", "C", "C", "C", "C", "C", "C", "C", "C", "C", "C", "C", "C", "C", "C", "C", "C"]
