
metadata:
    version:
        essentia: "1.2.2"
    audio_properties:
        analysis_sample_rate: 44100
        bitrate: 128
        channels: 2
        equal_loudness: 1
        length: 9.84816360474
        replay_gain: -13.0469703674
        downmix: "mix"
    tags:
        track: 17
        year: 0
        album: "Splitted by Mp3Splt v. 2.1"
        artist: "From 002.40 To 002.50"
        comment: "http://mp3splt.sf.net"
        genre: ""
        title: "05 In the Beats We Trust.mp3"

highlevel:
    ballroom:
        all:
            ChaChaCha: 0.0375782512128
            Jive: 0.0253842063248
            Quickstep: 0.0850171521306
            Rumba-American: 0.0170284733176
            Rumba-International: 0.249950230122
            Rumba-Misc: 0.404997706413
            Samba: 0.0924414545298
            Tango: 0.00438376469538
            VienneseWaltz: 0.0496805198491
            Waltz: 0.0335382521152
        probability: 0.404997706413
        value: "Rumba-Misc"
    culture:
        all:
            non_western: 0.720554947853
            western: 0.279445052147
        probability: 0.720554947853
        value: "non_western"
    gender:
        all:
            female: 0.813626229763
            male: 0.186373770237
        probability: 0.813626229763
        value: "female"
    genre_dortmund:
        all:
            alternative: 0.0129849091172
            blues: 0.0388419143856
            electronic: 0.0595987699926
            folkcountry: 0.0278384424746
            funksoulrnb: 0.0640860199928
            jazz: 0.115084633231
            pop: 0.0798918008804
            raphiphop: 0.576075553894
            rock: 0.0255979467183
        probability: 0.576075553894
        value: "raphiphop"
    genre_electronica:
        all:
            ambient: 0.828603804111
            dnb: 0.046137612313
            house: 0.0752134546638
            techno: 0.0191113147885
            trance: 0.030933836475
        probability: 0.828603804111
        value: "ambient"
    genre_rosamerica:
        all:
            cla: 0.0138857793063
            dan: 0.0273770689964
            hip: 0.260808140039
            jaz: 0.054012157023
            pop: 0.0195793267339
            rhy: 0.58390378952
            roc: 0.0155104184523
            spe: 0.0249233376235
        probability: 0.58390378952
        value: "rhy"
    genre_tzanetakis:
        all:
            blu: 0.0160047356039
            cla: 0.00865682028234
            cou: 0.0564284361899
            dis: 0.0159299802035
            hip: 0.257916361094
            jaz: 0.01670168899
            met: 0.00824516173452
            pop: 0.101541303098
            reg: 0.392713189125
            roc: 0.125862345099
        probability: 0.392713189125
        value: "reg"
    live_studio:
        all:
            live: 0.00714273797348
            studio: 0.992857277393
        probability: 0.992857277393
        value: "studio"
    mood:
        all:
            Cluster1: 0.18956373632
            Cluster2: 0.218381524086
            Cluster3: 0.484389007092
            Cluster4: 0.0704736933112
            Cluster5: 0.0371920280159
        probability: 0.484389007092
        value: "Cluster3"
    mood_acoustic:
        all:
            acoustic: 0.833149373531
            not_acoustic: 0.16685064137
        probability: 0.833149373531
        value: "acoustic"
    mood_aggressive:
        all:
            aggressive: 2.85278179035e-06
            not_aggressive: 0.999997138977
        probability: 0.999997138977
        value: "not_aggressive"
    mood_electronic:
        all:
            electronic: 0.759753167629
            not_electronic: 0.240246847272
        probability: 0.759753167629
        value: "electronic"
    mood_happy:
        all:
            happy: 0.0720175132155
            not_happy: 0.927982509136
        probability: 0.927982509136
        value: "not_happy"
    mood_party:
        all:
            not_party: 0.857630491257
            party: 0.142369508743
        probability: 0.857630491257
        value: "not_party"
    mood_relaxed:
        all:
            not_relaxed: 0.259140223265
            relaxed: 0.740859806538
        probability: 0.740859806538
        value: "relaxed"
    mood_sad:
        all:
            not_sad: 0.149329409003
            sad: 0.850670576096
        probability: 0.850670576096
        value: "sad"
    rhythm:
        all:
            fast: 0.321864485741
            medium: 0.462728738785
            slow: 0.215406790376
        probability: 0.462728738785
        value: "medium"
    speech_music:
        all:
            music: 0.891330361366
            speech: 0.108669631183
        probability: 0.891330361366
        value: "music"
    timbre:
        all:
            bright: 0.295734941959
            dark: 0.704265058041
        probability: 0.704265058041
        value: "dark"
    voice_instrumental:
        all:
            instrumental: 0.526488542557
            voice: 0.473511427641
        probability: 0.526488542557
        value: "instrumental"

lowlevel:
    average_loudness: 0.941612422466
    barkbands_kurtosis:
        dmean: 7.10431003571
        dmean2: 10.4931602478
        dvar: 119.297157288
        dvar2: 259.821716309
        max: 104.51877594
        mean: 9.06364917755
        min: -1.93217217922
        var: 234.310440063
    barkbands_skewness:
        dmean: 0.914525151253
        dmean2: 1.2513474226
        dvar: 0.757930874825
        dvar2: 1.60869514942
        max: 7.87821102142
        mean: 2.0677022934
        min: -1.3968937397
        var: 2.64480161667
    barkbands_spread:
        dmean: 7.01835584641
        dmean2: 10.2161540985
        dvar: 56.9627609253
        dvar2: 123.332939148
        max: 75.9873046875
        mean: 18.7403831482
        min: 1.00793671608
        var: 187.940948486
    dissonance:
        dmean: 0.0382921695709
        dmean2: 0.0618847198784
        dvar: 0.00142595078796
        dvar2: 0.00320560531691
        max: 0.497955441475
        mean: 0.417840242386
        min: 0.0678144991398
        var: 0.00341787189245
    hfc:
        dmean: 1.16868364811
        dmean2: 1.62868595123
        dvar: 2.59630417824
        dvar2: 4.97704982758
        max: 21.3809261322
        mean: 2.27246499062
        min: 0.000208757584915
        var: 6.64788818359
    pitch:
        dmean: 404.411895752
        dmean2: 786.99029541
        dvar: 1120936.625
        dvar2: 2773931.5
        max: 4410
        mean: 745.933837891
        min: 71.3592224121
        var: 1627056
    pitch_instantaneous_confidence:
        dmean: 0.125508189201
        dmean2: 0.19088307023
        dvar: 0.0103520471603
        dvar2: 0.0217037741095
        max: 0.905943751335
        mean: 0.591102600098
        min: 0.161852777004
        var: 0.0326742008328
    pitch_salience:
        dmean: 0.0974041223526
        dmean2: 0.148975104094
        dvar: 0.00584718771279
        dvar2: 0.0133298793808
        max: 0.942704796791
        mean: 0.526817858219
        min: 0.150194138288
        var: 0.0187327750027
    silence_rate_20dB:
        dmean: 0
        dmean2: 0
        dvar: 0
        dvar2: 0
        max: 1
        mean: 1
        min: 1
        var: 0
    silence_rate_30dB:
        dmean: 0
        dmean2: 0
        dvar: 0
        dvar2: 0
        max: 1
        mean: 1
        min: 1
        var: 0
    silence_rate_60dB:
        dmean: 0.155294120312
        dmean2: 0.311320751905
        dvar: 0.131177991629
        dvar2: 0.237985447049
        max: 1
        mean: 0.654929578304
        min: 0
        var: 0.225996226072
    spectral_centroid:
        dmean: 251.399673462
        dmean2: 343.613739014
        dvar: 91258.5625
        dvar2: 185950.046875
        max: 3141.28979492
        mean: 761.794250488
        min: 156.086395264
        var: 271748.90625
    spectral_complexity:
        dmean: 1.99056601524
        dmean2: 2.8865249157
        dvar: 4.67443656921
        dvar2: 10.4457607269
        max: 23
        mean: 4.99294137955
        min: 0
        var: 12.9952459335
    spectral_crest:
        dmean: 3.0931622982
        dmean2: 4.51973867416
        dvar: 7.04195976257
        dvar2: 14.4150047302
        max: 24.9067420959
        mean: 12.5147705078
        min: 3.97601604462
        var: 27.9596176147
    spectral_decrease:
        dmean: 3.93926391506e-10
        dmean2: 5.76836467481e-10
        dvar: 2.40687741364e-19
        dvar2: 4.70279992184e-19
        max: -6.60853411382e-14
        mean: -7.87423126702e-10
        min: -4.69891592303e-09
        var: 6.27626960389e-19
    spectral_energy:
        dmean: 0.00158048199955
        dmean2: 0.00230695516802
        dvar: 3.75460990654e-06
        dvar2: 7.3211012932e-06
        max: 0.0188026186079
        mean: 0.00317803584039
        min: 2.68357212008e-07
        var: 9.96296239464e-06
    spectral_energyband_high:
        dmean: 4.3172374717e-05
        dmean2: 6.28416819382e-05
        dvar: 4.9386357226e-09
        dvar2: 1.20951124671e-08
        max: 0.00073405058356
        mean: 6.71313537168e-05
        min: 7.49271933387e-09
        var: 8.5572251507e-09
    spectral_energyband_low:
        dmean: 0.000100290832052
        dmean2: 0.000162231110153
        dvar: 9.18740994393e-08
        dvar2: 2.51597100487e-07
        max: 0.0028009195812
        mean: 0.000205730117159
        min: 2.5286574612e-08
        var: 8.97608174455e-08
    spectral_energyband_middle_high:
        dmean: 0.000287303671939
        dmean2: 0.000388570362702
        dvar: 2.03743084626e-07
        dvar2: 3.34896441245e-07
        max: 0.00558284902945
        mean: 0.000494244508445
        min: 3.93751271588e-08
        var: 5.44717750017e-07
    spectral_energyband_middle_low:
        dmean: 0.00132672023028
        dmean2: 0.00196599285118
        dvar: 3.18848947245e-06
        dvar2: 6.3465427047e-06
        max: 0.0167713779956
        mean: 0.00241091637872
        min: 1.91756399204e-07
        var: 8.08931690699e-06
    spectral_flatness_db:
        dmean: 0.0330304130912
        dmean2: 0.0481407493353
        dvar: 0.00088129285723
        dvar2: 0.00205152062699
        max: 0.425595730543
        mean: 0.216829746962
        min: 0.0646448358893
        var: 0.00372619437985
    spectral_flux:
        dmean: 0.0141348661855
        dmean2: 0.0225550737232
        dvar: 0.00020751968259
        dvar2: 0.000519772293046
        max: 0.100627101958
        mean: 0.0326613001525
        min: 0.00358525034972
        var: 0.000372998038074
    spectral_kurtosis:
        dmean: 3.12333369255
        dmean2: 5.00985622406
        dvar: 18.6770496368
        dvar2: 43.2075309753
        max: 37.7488861084
        mean: 5.8450460434
        min: -0.94363951683
        var: 30.7435131073
    spectral_rms:
        dmean: 0.000436324975453
        dmean2: 0.00061491469387
        dvar: 2.05732689551e-07
        dvar2: 3.81264300131e-07
        max: 0.00428299186751
        mean: 0.00156500551384
        min: 1.61806019605e-05
        var: 6.51278867281e-07
    spectral_rolloff:
        dmean: 591.807250977
        dmean2: 959.067199707
        dvar: 740688.125
        dvar2: 1430848
        max: 5081.8359375
        mean: 1346.15441895
        min: 150.732421875
        var: 1609242.625
    spectral_skewness:
        dmean: 0.436862915754
        dmean2: 0.655764877796
        dvar: 0.208104968071
        dvar2: 0.450087487698
        max: 5.13796377182
        mean: 1.79118382931
        min: 0.279592871666
        var: 0.562544703484
    spectral_spread:
        dmean: 1093326.25
        dmean2: 1573865.25
        dvar: 2.11725975552e+12
        dvar2: 3.15442121933e+12
        max: 32635408
        mean: 5104212.5
        min: 1353693.5
        var: 6.57834744218e+12
    spectral_strongpeak:
        dmean: 0.205195531249
        dmean2: 0.313254415989
        dvar: 0.0848555266857
        dvar2: 0.21593233943
        max: 2.91149258614
        mean: 0.383810788393
        min: 0
        var: 0.12839242816
    zerocrossingrate:
        dmean: 0.0104462243617
        dmean2: 0.0113124260679
        dvar: 0.000104525890492
        dvar2: 0.000125208156533
        max: 0.15234375
        mean: 0.0476252287626
        min: 0.0009765625
        var: 0.000650898378808
    barkbands:
        dmean: [3.69518318166e-07, 5.22896916664e-05, 5.74679288547e-05, 0.000115824157547, 0.000748000631575, 0.000231700367294, 0.000357858196367, 0.000146970807691, 0.000225885873078, 3.9895199734e-05, 5.78709732508e-05, 4.15433023591e-05, 3.01197906083e-05, 3.74171540898e-05, 2.44747789111e-05, 2.09418485611e-05, 2.03562140086e-05, 2.55734794337e-05, 9.16510034585e-05, 5.80785963393e-05, 1.88272151718e-05, 3.32910258294e-06, 1.02852607142e-06, 3.71014863276e-07, 1.78794067551e-07, 1.12695541787e-08, 3.36776362353e-09]
        dmean2: [4.47952714921e-07, 7.14873531251e-05, 0.000106543840957, 0.000209068544791, 0.00104597781319, 0.000388584070606, 0.000596594181843, 0.000255536957411, 0.00036401062971, 6.25685279374e-05, 9.16912904358e-05, 6.67829590384e-05, 4.60700648546e-05, 6.52304588584e-05, 3.98107258661e-05, 3.40558945027e-05, 3.1414507248e-05, 3.75180206902e-05, 0.000137776441989, 8.72977834661e-05, 2.75517340924e-05, 5.36482775715e-06, 1.60380227499e-06, 6.18147169007e-07, 2.83456358829e-07, 1.86945605662e-08, 5.12687314824e-09]
        dvar: [7.16727729683e-13, 1.33154900439e-08, 5.21565404199e-08, 7.29014999479e-08, 2.16728039959e-06, 2.44811616312e-07, 5.73310728669e-07, 1.14697463971e-07, 2.2304111269e-07, 1.11519131707e-08, 1.89769568948e-08, 1.42849492235e-08, 5.36777777782e-09, 1.12874181113e-08, 4.08317513134e-09, 2.01686045642e-09, 6.95656021676e-09, 6.70345556841e-09, 3.73166457734e-08, 1.16180940424e-08, 9.32448562807e-10, 4.11538858547e-11, 9.52282697142e-12, 4.13788144374e-13, 5.77258713378e-14, 1.99355302774e-15, 2.15848241279e-15]
        dvar2: [1.04590489915e-12, 2.63031108005e-08, 1.51321060571e-07, 2.0135942691e-07, 4.20385413236e-06, 5.86583325912e-07, 1.3298280237e-06, 3.07258773091e-07, 5.01542842812e-07, 2.6850223378e-08, 4.53770852005e-08, 3.73077355675e-08, 1.22670638092e-08, 3.33165637301e-08, 1.01458832447e-08, 4.98320096298e-09, 1.56237618398e-08, 8.7355580547e-09, 8.09171964988e-08, 2.57070400522e-08, 2.07423078713e-09, 9.01756308513e-11, 1.72300194945e-11, 1.03854208219e-12, 1.41615113191e-13, 5.05595914392e-15, 5.41237070285e-15]
        max: [8.60716954776e-06, 0.000951159570832, 0.00212925975211, 0.00166244839784, 0.0107589000836, 0.00463066389784, 0.010012560524, 0.00323197664693, 0.00439853360876, 0.00106170098297, 0.00124678690918, 0.00138319574762, 0.000752560794353, 0.000906857661903, 0.000611562747508, 0.000610522751231, 0.00145426415838, 0.00158541789278, 0.00234021362849, 0.00134737056214, 0.000319496524753, 9.8787691968e-05, 5.56624399906e-05, 6.18407602815e-06, 1.90933928934e-06, 6.32210685581e-07, 6.78704338952e-07]
        mean: [2.65474977823e-06, 0.000155827001436, 4.72632636956e-05, 0.00010278832633, 0.00111986591946, 0.000316691584885, 0.000482240167912, 0.000137425289722, 0.000240489825956, 4.46810518042e-05, 6.79365184624e-05, 4.46416343038e-05, 3.28591522702e-05, 3.52110364474e-05, 2.67651976174e-05, 2.43620324909e-05, 2.21554764721e-05, 3.03544820781e-05, 0.000124261176097, 8.45576796564e-05, 2.81003776763e-05, 4.61151967102e-06, 1.36637447667e-06, 5.93624122303e-07, 3.19682726513e-07, 1.32766535543e-08, 1.74014624932e-09]
        min: [3.23834119242e-11, 1.23557830634e-08, 8.82964101834e-09, 1.0375581283e-08, 3.94896275679e-08, 5.68715883276e-08, 4.72192525081e-08, 2.05114716323e-08, 1.45812872887e-08, 1.66136171487e-08, 3.16262660505e-09, 2.9155389214e-09, 3.69251473842e-09, 5.12907005756e-09, 2.25910290474e-09, 2.35697328321e-09, 1.81028503299e-09, 1.50307666313e-09, 1.68072422646e-09, 1.72516556596e-09, 1.18669918336e-09, 1.16240139736e-09, 9.05008901153e-10, 6.07375483241e-10, 2.81166673277e-10, 1.67939481766e-11, 4.9802284692e-13]
        var: [5.51051738962e-12, 3.91788432808e-08, 2.95636297665e-08, 4.94610183921e-08, 3.9848519009e-06, 4.02920903753e-07, 1.0721516901e-06, 1.07825108842e-07, 2.80373882333e-07, 1.19937002552e-08, 2.91267649999e-08, 1.39474787275e-08, 7.01961377914e-09, 9.04464325657e-09, 4.68282257415e-09, 3.13060932733e-09, 8.45180458953e-09, 1.40086031664e-08, 6.43785611487e-08, 2.09246753258e-08, 1.92686266942e-09, 6.5538206806e-11, 1.3490842124e-11, 5.73165484258e-13, 1.04176101068e-13, 1.09239001647e-15, 1.0808971558e-15]
    mfcc:
        mean: [-813.629577637, 139.604324341, -9.64371776581, 65.1022033691, -17.9675292969, -6.81150627136, 1.47092783451, -12.4707136154, -2.98681116104, 1.936216712, -6.07913732529, -1.33502030373, 2.94018673897]
        cov: [[4913.91650391, -321.949890137, -897.177856445, -721.49041748, -587.842407227, -120.087730408, 345.165679932, -204.32723999, -154.162460327, 134.481536865, 113.559577942, -82.9967880249, -96.783782959], [-321.949890137, 1532.8717041, -635.07421875, -250.615921021, -221.655731201, -49.5996589661, 161.511016846, -43.1526374817, 16.5936889648, -24.0073719025, -49.0218009949, -53.0356063843, -116.250938416], [-897.177856445, -635.07421875, 1392.9564209, 214.955932617, 176.013168335, -2.85690498352, -237.814117432, 168.174484253, 72.5805130005, -132.547195435, 9.46065235138, 92.3117904663, 62.2048492432], [-721.49041748, -250.615921021, 214.955932617, 879.829101562, 218.06048584, -14.5469856262, -118.55871582, -81.8361740112, 69.2011108398, 63.8267669678, -83.8824081421, 20.3323669434, 109.51802063], [-587.842407227, -221.655731201, 176.013168335, 218.06048584, 443.941772461, 139.369613647, -143.387588501, -7.91469478607, 4.58947372437, -19.721200943, -9.74168109894, -22.7950115204, 13.2185516357], [-120.087730408, -49.5996589661, -2.85690498352, -14.5469856262, 139.369613647, 235.331817627, -2.56604981422, 19.9252910614, -13.3677577972, -17.9359226227, 8.74984741211, -12.4825696945, 2.52220249176], [345.165679932, 161.511016846, -237.814117432, -118.55871582, -143.387588501, -2.56604981422, 313.085510254, 142.125686646, 21.8233966827, -0.181789427996, 19.3903465271, 15.4107704163, -5.79342651367], [-204.32723999, -43.1526374817, 168.174484253, -81.8361740112, -7.91469478607, 19.9252910614, 142.125686646, 369.334716797, 84.3513870239, -100.621994019, 8.18267631531, 41.1108779907, 26.535243988], [-154.162460327, 16.5936889648, 72.5805130005, 69.2011108398, 4.58947372437, -13.3677577972, 21.8233966827, 84.3513870239, 143.0184021, 35.5597915649, 21.737569809, 39.6612014771, 40.0909729004], [134.481536865, -24.0073719025, -132.547195435, 63.8267669678, -19.721200943, -17.9359226227, -0.181789427996, -100.621994019, 35.5597915649, 221.803085327, 103.59727478, 27.6318836212, 19.7514324188], [113.559577942, -49.0218009949, 9.46065235138, -83.8824081421, -9.74168109894, 8.74984741211, 19.3903465271, 8.18267631531, 21.737569809, 103.59727478, 169.517578125, 59.0878448486, 15.2107000351], [-82.9967880249, -53.0356063843, 92.3117904663, 20.3323669434, -22.7950115204, -12.4825696945, 15.4107704163, 41.1108779907, 39.6612014771, 27.6318836212, 59.0878448486, 114.002990723, 52.2352485657], [-96.783782959, -116.250938416, 62.2048492432, 109.51802063, 13.2185516357, 2.52220249176, -5.79342651367, 26.535243988, 40.0909729004, 19.7514324188, 15.2107000351, 52.2352485657, 131.337677002]]
        icov: [[0.000380912068067, 0.000313124677632, 0.000206148339203, 0.000208691126318, 0.000377986842068, 4.48791361123e-05, -0.000328376336256, 0.000361396436347, -0.000108091342554, 0.000140980628203, -0.000214278479689, 0.000290915166261, 8.06980897323e-05], [0.000313124677632, 0.00121764524374, 0.000589368108194, 0.000234008766711, 0.000573561119381, 4.6015407861e-05, -0.000348052446498, 0.000562023196835, -0.000902629864868, 0.000653544033412, -0.000118041680253, 8.87208734639e-05, 0.000802363269031], [0.000206148339203, 0.000589368108194, 0.00149047852028, -0.000166097684996, 0.000328803202137, 0.000131636144943, 0.00100402673706, -0.000417220580857, -0.000590971612837, 0.00117546634283, -0.000688429514412, -0.000623688916676, 0.00053051894065], [0.000208691126318, 0.000234008766711, -0.000166097684996, 0.00210689567029, -0.000869438343216, 0.000537630461622, -0.000480449933093, 0.000707312836312, -0.000604922825005, -0.00118230702356, 0.00191331317183, -0.000246251147473, -0.00116539618466], [0.000377986842068, 0.000573561119381, 0.000328803202137, -0.000869438343216, 0.00456628482789, -0.00225517572835, 0.00145294261165, -0.000254249607679, -0.000392780231778, 0.000825227762107, -0.00126966030803, 0.00126957893372, 0.000692578207236], [4.48791361123e-05, 4.6015407861e-05, 0.000131636144943, 0.000537630461622, -0.00225517572835, 0.00573769910261, -0.000806345953606, 2.17152683035e-05, 0.00049897050485, 0.000300766289001, -0.000423367513577, 0.000410921580624, -0.000671966990922], [-0.000328376336256, -0.000348052446498, 0.00100402673706, -0.000480449933093, 0.00145294261165, -0.000806345953606, 0.0065672295168, -0.0034790202044, 0.000585646543186, -0.000593650445808, -0.000117567346024, -0.000772739236709, 0.000468333746539], [0.000361396436347, 0.000562023196835, -0.000417220580857, 0.000707312836312, -0.000254249607679, 2.17152683035e-05, -0.0034790202044, 0.00651658372954, -0.00371730397455, 0.00356375752017, -0.00134150218219, 9.6756273706e-05, -0.000357656361302], [-0.000108091342554, -0.000902629864868, -0.000590971612837, -0.000604922825005, -0.000392780231778, 0.00049897050485, 0.000585646543186, -0.00371730397455, 0.0114432899281, -0.00397159531713, 0.00126896449365, -0.00156917201821, -0.00170613301452], [0.000140980628203, 0.000653544033412, 0.00117546634283, -0.00118230702356, 0.000825227762107, 0.000300766289001, -0.000593650445808, 0.00356375752017, -0.00397159531713, 0.0111524108797, -0.00730893434957, 0.0010076884646, 0.000257342588156], [-0.000214278479689, -0.000118041680253, -0.000688429514412, 0.00191331317183, -0.00126966030803, -0.000423367513577, -0.000117567346024, -0.00134150218219, 0.00126896449365, -0.00730893434957, 0.0131858708337, -0.00539045175537, 0.000198574198293], [0.000290915166261, 8.87208734639e-05, -0.000623688916676, -0.000246251147473, 0.00126957893372, 0.000410921580624, -0.000772739236709, 9.6756273706e-05, -0.00156917201821, 0.0010076884646, -0.00539045175537, 0.0150710977614, -0.00443795882165], [8.06980897323e-05, 0.000802363269031, 0.00053051894065, -0.00116539618466, 0.000692578207236, -0.000671966990922, 0.000468333746539, -0.000357656361302, -0.00170613301452, 0.000257342588156, 0.000198574198293, -0.00443795882165, 0.011364412494]]
    spectral_contrast:
        mean: [-2.28128016033e-07, 2.26331110298e-07, -4.666254938e-07, 2.48796794722e-07, -2.5433652695e-07, 5.55024428195e-07, 8.39373626604e-07, 3.30595412379e-06, 2.42906452286e-07, 2.50816356129e-06, -2.30031855608e-06, -2.71516682915e-07]
        var: [0.000858186278492, 0.00145597453229, 0.00292004062794, 0.00405377428979, 0.00771432183683, 0.0131948171183, 0.151046663523, 0.220333650708, 0.357239127159, 0.507534205914, 0.931027472019, 2.71125221252]

rhythm:
    beats_loudness:
        dmean: 0.00279672280885
        dmean2: 0.0036792899482
        dvar: 6.03524767939e-06
        dvar2: 1.22409965115e-05
        max: 0.0165657047182
        mean: 0.0048360186629
        min: 0.00146025663707
        var: 1.42090411828e-05
    beats_loudness_bass:
        dmean: 0.0884072035551
        dmean2: 0.174772933125
        dvar: 0.00516255153343
        dvar2: 0.00867656525224
        max: 0.235874518752
        mean: 0.0835303515196
        min: 0.000569479016121
        var: 0.00597357936203
    bpm: 95.8012008667
    bpm_confidence: 0
    first_peak_bpm: 96
    first_peak_spread: 0
    first_peak_weight: 0.5
    onset_rate: 5.78788137436
    second_peak_bpm: 129
    second_peak_spread: 0
    second_peak_weight: 0.4375
    beats_position: [0.645617187023, 1.27191638947, 1.89821565151, 2.52451491356, 3.1508140564, 3.77711343765, 4.40341281891, 5.02971172333, 5.65601110458, 6.35270023346, 6.81841182709, 7.28412342072, 7.74983406067, 8.2155456543, 8.68125724792, 9.14696884155, 9.61267948151]
    bpm_estimates: [95.6370315552, 95.7151870728, 95.6814117432, 96.2239303589, 95.7860107422, 95.8139572144, 95.750831604]
    bpm_intervals: [0.626299202442, 0.626299262047, 0.626299262047, 0.626299142838, 0.626299381256, 0.626299381256, 0.626298904419, 0.626299381256, 0.696689128876, 0.465711593628, 0.465711593628, 0.465710639954, 0.465711593628, 0.465711593628, 0.465711593628, 0.465710639954]
    onset_times: [0.0464399084449, 0.174149662256, 0.325079351664, 0.476009070873, 0.650158703327, 0.789478480816, 0.952018141747, 1.07972788811, 1.26548755169, 1.57895696163, 1.8575963974, 2.0549659729, 2.21750569344, 2.32199549675, 2.49614500999, 2.5890250206, 2.70512461662, 2.79800462723, 3.01859402657, 3.13469386101, 3.33206343651, 3.45977330208, 3.61070299149, 3.77324271202, 3.90095233917, 4.08671188354, 4.35374164581, 4.43501138687, 4.58594083786, 4.73687076569, 4.841360569, 5.0387301445, 5.20126962662, 5.35219955444, 5.54956912994, 5.8282084465, 6.00235843658, 6.24616765976, 6.53641700745, 6.58285713196, 6.61768722534, 6.80344676971, 6.94276666641, 7.10530614853, 7.2910656929, 7.52326536179, 7.74385499954, 8.03410434723, 8.18503379822, 8.51011371613, 8.75392246246, 8.98612213135, 9.16027164459, 9.24154186249, 9.43891143799, 9.61306095123, 9.78721046448]
    rubato_start: [6.81841182709]
    rubato_stop: [9.61267948151]
    perceptual_tempo: "unknown"

sfx:
    inharmonicity:
        dmean: 0.0395180135965
        dmean2: 0.0707311108708
        dvar: 0.00286811427213
        dvar2: 0.00731318537146
        max: 0.366531610489
        mean: 0.034325350076
        min: 0
        var: 0.00283234380186
    oddtoevenharmonicenergyratio:
        dmean: 15.7792854309
        dmean2: 31.2470035553
        dvar: 12633.0625
        dvar2: 37797.890625
        max: 1611.76611328
        mean: 8.34028339386
        min: 0
        var: 6373.64453125
    pitch_after_max_to_before_max_energy_ratio: 18.4946060181
    pitch_centroid: 192.659194946
    pitch_max_to_total: 0.0729411765933
    pitch_min_to_total: 0.482352942228
    tristimulus:
        dmean: [0.288965702057, 0.300973504782, 0.0895989462733]
        dmean2: [0.503682732582, 0.526983737946, 0.161249339581]
        dvar: [0.0652334243059, 0.066376298666, 0.0160557217896]
        dvar2: [0.176547288895, 0.186262831092, 0.0472609996796]
        max: [1, 0.977545917034, 0.795462965965]
        mean: [0.487039744854, 0.385807991028, 0.0774806588888]
        min: [0.00304409465753, 0, 0]
        var: [0.0931788533926, 0.0857719704509, 0.0138108376414]

tonal:
    chords_changes_rate: 0.0327102802694
    chords_number_rate: 0.0186915881932
    chords_strength:
        dmean: 0.0103556159884
        dmean2: 0.0120314611122
        dvar: 5.75570593355e-05
        dvar2: 8.61945518409e-05
        max: 0.744458436966
        mean: 0.62543708086
        min: 0.476041287184
        var: 0.00525350496173
    key_strength: 0.639310956001
    tuning_diatonic_strength: 0.67800962925
    tuning_equal_tempered_deviation: 0.186749964952
    tuning_frequency: 438.224517822
    tuning_nontempered_energy_ratio: 0.83505064249
    hpcp:
        dmean: [0.116095595062, 0.107652708888, 0.108382984996, 0.0917709991336, 0.0750160366297, 0.0717382505536, 0.0863151177764, 0.112084448338, 0.129000842571, 0.112872950733, 0.094975143671, 0.0816657543182, 0.0870213881135, 0.0739863067865, 0.0724276900291, 0.0967450216413, 0.158600836992, 0.199401572347, 0.174567520618, 0.147906780243, 0.116938270628, 0.0864483565092, 0.0749925225973, 0.0566187165678, 0.0638548508286, 0.0767437592149, 0.0947869420052, 0.0989145636559, 0.0850032418966, 0.105938084424, 0.128427579999, 0.215712547302, 0.304399847984, 0.278970450163, 0.279544681311, 0.198159754276]
        dmean2: [0.212209701538, 0.184185564518, 0.187119945884, 0.154916971922, 0.127542302012, 0.126165702939, 0.143323048949, 0.189743071795, 0.225891113281, 0.206118702888, 0.167035520077, 0.14542965591, 0.147072017193, 0.126134425402, 0.130786836147, 0.174516484141, 0.285936385393, 0.360751003027, 0.297965705395, 0.247281879187, 0.208028450608, 0.154037103057, 0.132458046079, 0.101268976927, 0.116650007665, 0.14423365891, 0.177622973919, 0.17959497869, 0.143106892705, 0.180111452937, 0.227875217795, 0.388744652271, 0.540446043015, 0.479174077511, 0.475263774395, 0.358768135309]
        dvar: [0.0361378490925, 0.0294634327292, 0.0311222653836, 0.0274620242417, 0.0170251913369, 0.014857314527, 0.0174781326205, 0.0344901122153, 0.0449938178062, 0.0442686155438, 0.029945705086, 0.024139650166, 0.0292839445174, 0.0185285136104, 0.0186552125961, 0.0301611851901, 0.0501165539026, 0.07264316082, 0.0486926212907, 0.0429949611425, 0.0395698770881, 0.0226758811623, 0.0299907382578, 0.0130166057497, 0.0200704392046, 0.033804833889, 0.0428083911538, 0.0331061370671, 0.0247331429273, 0.0330548509955, 0.0408627279103, 0.0625845342875, 0.0721428543329, 0.0783835053444, 0.0651589632034, 0.0625981763005]
        dvar2: [0.102301061153, 0.0770898237824, 0.0736963450909, 0.0668549239635, 0.0431684926152, 0.040647033602, 0.0435051396489, 0.0873136147857, 0.119074575603, 0.112769246101, 0.0819751620293, 0.0714184492826, 0.0704708024859, 0.0413536764681, 0.0524811446667, 0.0852928757668, 0.135079532862, 0.161020562053, 0.111493386328, 0.100164361298, 0.0999751910567, 0.0562677420676, 0.0806194543839, 0.0346595495939, 0.0554047971964, 0.0918280258775, 0.117270030081, 0.0855771303177, 0.0540692582726, 0.0819362774491, 0.101514868438, 0.175026625395, 0.194719046354, 0.163716956973, 0.167933791876, 0.180134236813]
        max: [1, 1, 1, 1, 0.910129785538, 0.768213570118, 0.929754316807, 0.911973297596, 1, 1, 1, 0.909573376179, 1, 1, 1, 1, 1, 1, 1, 1, 1, 1, 1, 0.699748933315, 0.878560721874, 1, 1, 0.895663738251, 1, 1, 1, 1, 1, 1, 1, 1]
        mean: [0.0965842604637, 0.0925030633807, 0.0975431352854, 0.085715956986, 0.0696871057153, 0.0632699131966, 0.0780163705349, 0.0947093889117, 0.101767212152, 0.0945584475994, 0.072631970048, 0.0639331638813, 0.0744857192039, 0.0662026181817, 0.0561491698027, 0.0780552923679, 0.165534079075, 0.224072426558, 0.188282445073, 0.140273466706, 0.0932316407561, 0.065978422761, 0.0552015602589, 0.0433491542935, 0.0429566912353, 0.0511170253158, 0.0625866129994, 0.0678214430809, 0.0707758367062, 0.0870957300067, 0.11713065207, 0.200942009687, 0.460915356874, 0.627284526825, 0.416328132153, 0.172926202416]
        min: [0, 0, 0, 0, 0, 0, 0, 0, 0, 0, 0, 0, 0, 0, 0, 0, 0, 0, 0, 0, 0, 0, 0, 0, 0, 0, 5.84489098401e-05, 6.77062562318e-05, 9.14928023121e-05, 6.3136962126e-05, 0, 0.000435965048382, 0.000629466434475, 0.00142441177741, 0.00144436152186, 0]
        var: [0.0284921750426, 0.0260340720415, 0.0304050520062, 0.0278246253729, 0.0175387822092, 0.01267107483, 0.0183097105473, 0.0306394919753, 0.0366271659732, 0.0382154174149, 0.0221743900329, 0.0154025768861, 0.0270479451865, 0.0200198236853, 0.0132737252861, 0.0215214509517, 0.0619132891297, 0.0957018062472, 0.0667483285069, 0.0533462613821, 0.03401273489, 0.0199264828116, 0.0215810146183, 0.0096902390942, 0.0134555790573, 0.0223481915891, 0.0270121861249, 0.0245250612497, 0.0240172557533, 0.0304290801287, 0.046504702419, 0.066881723702, 0.107075825334, 0.133364230394, 0.0989157855511, 0.0600702650845]
    chords_histogram: [65.4205627441, 0, 0, 1.86915886402, 0, 0, 0, 0, 0, 0, 0, 0, 0, 0, 0, 3.27102804184, 0, 29.4392528534, 0, 0, 0, 0, 0, 0]
    thpcp: [1, 0.663699030876, 0.275674253702, 0.153972014785, 0.147465884686, 0.155500620604, 0.136646062136, 0.111093297601, 0.100863181055, 0.12437158078, 0.150983139873, 0.162234529853, 0.150742515922, 0.115787915885, 0.101920515299, 0.118743114173, 0.105538420379, 0.0895114839077, 0.124433629215, 0.263889938593, 0.357210189104, 0.300154775381, 0.223620161414, 0.148627355695, 0.105181016028, 0.0880008339882, 0.0691060498357, 0.0684803947806, 0.0814893767238, 0.0997738838196, 0.108119107783, 0.112828925252, 0.138845652342, 0.186726510525, 0.320336312056, 0.734778761864]
    chords_key: "G#"
    chords_scale: "major"
    key_key: "G#"
    key_scale: "major"
    chords_progression: ["G#", "G#", "G#", "G#", "G#", "G#", "G#", "G#", "G#", "G#", "G#", "G#", "G#", "G#m", "G#m", "G#m", "C#m", "C#m", "C#m", "C#m", "C#m", "C#m", "C#m", "G#", "G#", "G#", "G#", "G#", "G#", "G#", "G#", "G#m", "G#m", "G#m", "G#m", "G#m", "G#m", "G#m", "G#m", "G#m", "G#m", "G#m", "G#m", "G#m", "G#m", "G#m", "G#m", "G#m", "G#m", "G#m", "G#m", "G#m", "G#m", "G#m", "G#m", "G#m", "G#m", "G#m", "G#m", "G#m", "G#m", "G#m", "G#m", "G#m", "G#m", "G#m", "G#m", "G#m", "G#m", "G#m", "G#m", "G#m", "G#m", "G#m", "G#m", "G#m", "G#m", "G#m", "G#m", "G#m", "G#m", "G#m", "G#m", "G#m", "G#m", "G#m", "G#m", "G#m", "G#m", "G#m", "G#m", "G#", "G#", "G#", "G#", "G#", "G#", "Gm", "Gm", "Gm", "Gm", "G#", "G#", "G#", "G#", "G#", "G#", "G#", "G#", "G#", "G#", "G#", "G#", "G#", "G#", "G#", "G#", "G#", "G#", "G#", "G#", "G#", "G#", "G#", "G#", "G#", "G#", "G#", "G#", "G#", "G#", "G#", "G#", "G#", "G#", "G#", "G#", "G#", "G#", "G#", "G#", "G#", "G#", "G#", "G#", "G#", "G#", "G#", "G#", "G#", "G#", "G#", "G#", "G#", "G#", "G#", "G#", "G#", "G#", "G#", "G#", "G#", "G#", "G#", "G#", "G#", "G#", "G#", "G#", "G#", "G#", "G#", "G#", "G#", "G#", "G#", "G#", "G#", "G#", "G#", "G#", "G#", "G#", "G#", "G#", "G#", "G#", "G#", "G#", "G#", "G#", "G#", "G#", "G#", "G#", "G#", "G#", "G#", "G#", "G#", "G#", "G#", "G#", "G#", "G#", "G#", "G#", "G#", "G#", "G#", "G#", "G#", "G#", "G#"]
