
metadata:
    version:
        essentia: "1.2.2"
    audio_properties:
        analysis_sample_rate: 44100
        bitrate: 128
        channels: 2
        equal_loudness: 1
        length: 10.0310201645
        replay_gain: -14.9894332886
        downmix: "mix"
    tags:
        track: 24
        year: 0
        album: "Splitted by Mp3Splt v. 2.1"
        artist: "From 003.50 To 004.00"
        comment: "http://mp3splt.sf.net"
        genre: ""
        title: "10 This Is Hardcore.mp3"

highlevel:
    ballroom:
        all:
            ChaChaCha: 0.0651065856218
            Jive: 0.483540564775
            Quickstep: 0.0367536619306
            Rumba-American: 0.00716166896746
            Rumba-International: 0.0212375894189
            Rumba-Misc: 0.0154342055321
            Samba: 0.107616439462
            Tango: 0.0134114464745
            VienneseWaltz: 0.223458990455
            Waltz: 0.0262788441032
        probability: 0.483540564775
        value: "Jive"
    culture:
        all:
            non_western: 0.0731913372874
            western: 0.926808655262
        probability: 0.926808655262
        value: "western"
    gender:
        all:
            female: 0.109026446939
            male: 0.890973567963
        probability: 0.890973567963
        value: "male"
    genre_dortmund:
        all:
            alternative: 0.134381651878
            blues: 0.0183993447572
            electronic: 0.014986182563
            folkcountry: 0.0420681759715
            funksoulrnb: 0.0259808506817
            jazz: 0.0164721123874
            pop: 0.0366361141205
            raphiphop: 0.000870047369972
            rock: 0.710205495358
        probability: 0.710205495358
        value: "rock"
    genre_electronica:
        all:
            ambient: 0.258217632771
            dnb: 0.140306040645
            house: 0.00993112567812
            techno: 0.0165039915591
            trance: 0.575041234493
        probability: 0.575041234493
        value: "trance"
    genre_rosamerica:
        all:
            cla: 0.00957115367055
            dan: 0.00413411250338
            hip: 0.00126706575975
            jaz: 0.00114242988639
            pop: 0.00305112241767
            rhy: 0.00124046660494
            roc: 0.978963196278
            spe: 0.000630427501164
        probability: 0.978963196278
        value: "roc"
    genre_tzanetakis:
        all:
            blu: 0.0153838759288
            cla: 0.0258451215923
            cou: 0.177184253931
            dis: 0.0205295905471
            hip: 0.00887170713395
            jaz: 0.0180916450918
            met: 0.159757569432
            pop: 0.0139273209497
            reg: 0.0100822402164
            roc: 0.550326704979
        probability: 0.550326704979
        value: "roc"
    live_studio:
        all:
            live: 0.0217165909708
            studio: 0.978283405304
        probability: 0.978283405304
        value: "studio"
    mood:
        all:
            Cluster1: 0.595925331116
            Cluster2: 0.103571623564
            Cluster3: 0.0708327591419
            Cluster4: 0.0584295652807
            Cluster5: 0.171240702271
        probability: 0.595925331116
        value: "Cluster1"
    mood_acoustic:
        all:
            acoustic: 0.00733903655782
            not_acoustic: 0.992660939693
        probability: 0.992660939693
        value: "not_acoustic"
    mood_aggressive:
        all:
            aggressive: 0.971604883671
            not_aggressive: 0.0283951312304
        probability: 0.971604883671
        value: "aggressive"
    mood_electronic:
        all:
            electronic: 0.0876549482346
            not_electronic: 0.912345051765
        probability: 0.912345051765
        value: "not_electronic"
    mood_happy:
        all:
            happy: 0.526516973972
            not_happy: 0.473483026028
        probability: 0.526516973972
        value: "happy"
    mood_party:
        all:
            not_party: 0.524530231953
            party: 0.47546979785
        probability: 0.524530231953
        value: "not_party"
    mood_relaxed:
        all:
            not_relaxed: 0.259623497725
            relaxed: 0.740376472473
        probability: 0.740376472473
        value: "relaxed"
    mood_sad:
        all:
            not_sad: 0.065646417439
            sad: 0.934353590012
        probability: 0.934353590012
        value: "sad"
    rhythm:
        all:
            fast: 0.754663705826
            medium: 0.0542136132717
            slow: 0.1911226511
        probability: 0.754663705826
        value: "fast"
    speech_music:
        all:
            music: 7.12972569872e-10
            speech: 1
        probability: 1
        value: "speech"
    timbre:
        all:
            bright: 0.299287050962
            dark: 0.70071297884
        probability: 0.70071297884
        value: "dark"
    voice_instrumental:
        all:
            instrumental: 0.671283662319
            voice: 0.328716337681
        probability: 0.671283662319
        value: "instrumental"

lowlevel:
    average_loudness: 0.983828961849
    barkbands_kurtosis:
        dmean: 0.338782578707
        dmean2: 0.564828515053
        dvar: 0.217965885997
        dvar2: 0.460897147655
        max: 3.2843298912
        mean: -1.20070850849
        min: -1.82111978531
        var: 0.399841427803
    barkbands_skewness:
        dmean: 0.294146060944
        dmean2: 0.482175052166
        dvar: 0.067210689187
        dvar2: 0.17256078124
        max: 0.669010043144
        mean: -0.373620718718
        min: -1.99983203411
        var: 0.19237755239
    barkbands_spread:
        dmean: 4.24437618256
        dmean2: 6.67832708359
        dvar: 14.9580879211
        dvar2: 38.8782310486
        max: 49.0743789673
        mean: 34.9086265564
        min: 15.3285665512
        var: 39.5316810608
    dissonance:
        dmean: 0.0136103164405
        dmean2: 0.0223597157747
        dvar: 0.000167745398358
        dvar2: 0.000372134731151
        max: 0.499983131886
        mean: 0.474823415279
        min: 0.267618745565
        var: 0.000310683506541
    hfc:
        dmean: 2.7968814373
        dmean2: 4.58533477783
        dvar: 7.55784034729
        dvar2: 18.4049701691
        max: 38.7725601196
        mean: 14.3839578629
        min: 1.06299967229e-05
        var: 16.9307003021
    pitch:
        dmean: 1181.18603516
        dmean2: 2295.79443359
        dvar: 2185871.5
        dvar2: 5069960.5
        max: 4009.09082031
        mean: 2030.18811035
        min: 98
        var: 2633434
    pitch_instantaneous_confidence:
        dmean: 0.0714600533247
        dmean2: 0.116643682122
        dvar: 0.00298453937285
        dvar2: 0.00874415691942
        max: 0.743838489056
        mean: 0.412958294153
        min: 0.212983071804
        var: 0.00868579465896
    pitch_salience:
        dmean: 0.0486381351948
        dmean2: 0.0786115601659
        dvar: 0.00162914593238
        dvar2: 0.00382119230926
        max: 0.958664417267
        mean: 0.641817569733
        min: 0.482519239187
        var: 0.00356856524013
    silence_rate_20dB:
        dmean: 0
        dmean2: 0
        dvar: 0
        dvar2: 0
        max: 1
        mean: 1
        min: 1
        var: 0
    silence_rate_30dB:
        dmean: 0
        dmean2: 0
        dvar: 0
        dvar2: 0
        max: 1
        mean: 1
        min: 1
        var: 0
    silence_rate_60dB:
        dmean: 0.00231481483206
        dmean2: 0.00464037107304
        dvar: 0.00230946252123
        dvar2: 0.00461888127029
        max: 1
        mean: 0.00461893761531
        min: 0
        var: 0.00459760706872
    spectral_centroid:
        dmean: 215.753341675
        dmean2: 346.320465088
        dvar: 33990.9140625
        dvar2: 94584.296875
        max: 3000.88256836
        mean: 2003.3671875
        min: 1233.51403809
        var: 108441.554688
    spectral_complexity:
        dmean: 3.45939683914
        dmean2: 5.72790718079
        dvar: 7.31563282013
        dvar2: 17.9794616699
        max: 36
        mean: 24.6342601776
        min: 0
        var: 16.259765625
    spectral_crest:
        dmean: 1.43832874298
        dmean2: 2.44590544701
        dvar: 1.72062265873
        dvar2: 4.7705950737
        max: 14.6362838745
        mean: 5.7892575264
        min: 2.72525978088
        var: 2.85942077637
    spectral_decrease:
        dmean: 2.66183158848e-10
        dmean2: 4.24283191913e-10
        dvar: 6.52342160664e-20
        dvar2: 1.58628865509e-19
        max: -6.92026182605e-16
        mean: -1.56009793972e-09
        min: -2.88476331711e-09
        var: 1.26135724708e-19
    spectral_energy:
        dmean: 0.00121593533549
        dmean2: 0.00193503010087
        dvar: 1.29800491777e-06
        dvar2: 3.14387807521e-06
        max: 0.0129204047844
        mean: 0.00719283474609
        min: 3.57604101886e-09
        var: 2.61649779532e-06
    spectral_energyband_high:
        dmean: 0.000192664563656
        dmean2: 0.000329638161929
        dvar: 3.26807061413e-08
        dvar2: 8.33571576209e-08
        max: 0.00233414652757
        mean: 0.000547343632206
        min: 3.11254327867e-10
        var: 6.11670145645e-08
    spectral_energyband_low:
        dmean: 0.000130574524519
        dmean2: 0.000230393154197
        dvar: 3.03361673559e-08
        dvar2: 8.96945095974e-08
        max: 0.00118990777992
        mean: 0.000256525498116
        min: 5.31191930719e-11
        var: 4.41331025058e-08
    spectral_energyband_middle_high:
        dmean: 0.00090232421644
        dmean2: 0.00144854967948
        dvar: 7.40212158234e-07
        dvar2: 1.83093334272e-06
        max: 0.010558322072
        mean: 0.004085351713
        min: 2.9538373969e-09
        var: 1.92443894775e-06
    spectral_energyband_middle_low:
        dmean: 0.000681157456711
        dmean2: 0.00106613652315
        dvar: 5.39983204817e-07
        dvar2: 1.5091906107e-06
        max: 0.00781407486647
        mean: 0.00230360007845
        min: 2.4115448527e-10
        var: 1.08817050659e-06
    spectral_flatness_db:
        dmean: 0.0113397585228
        dmean2: 0.0184691939503
        dvar: 9.94033762254e-05
        dvar2: 0.000210227502976
        max: 0.218872621655
        mean: 0.15610063076
        min: 0.0698909834027
        var: 0.000360807578545
    spectral_flux:
        dmean: 0.00647926609963
        dmean2: 0.00957516394556
        dvar: 3.52492716047e-05
        dvar2: 6.3802835939e-05
        max: 0.0845888704062
        mean: 0.0500223375857
        min: 5.98000078753e-05
        var: 9.41049875109e-05
    spectral_kurtosis:
        dmean: 1.18900048733
        dmean2: 2.08619093895
        dvar: 1.03960418701
        dvar2: 3.34410405159
        max: 8.61478900909
        mean: 3.55652475357
        min: 0.189811706543
        var: 1.62269341946
    spectral_rms:
        dmean: 0.000223939219723
        dmean2: 0.000347205525031
        dvar: 4.3637172098e-08
        dvar2: 9.43352773675e-08
        max: 0.00355039048009
        mean: 0.00263023283333
        min: 1.86783847766e-06
        var: 9.92720927684e-08
    spectral_rolloff:
        dmean: 160.874557495
        dmean2: 286.191131592
        dvar: 20904.7167969
        dvar2: 55087.9570312
        max: 4220.5078125
        mean: 3654.21508789
        min: 2670.1171875
        var: 43706.5507812
    spectral_skewness:
        dmean: 0.158211633563
        dmean2: 0.261744946241
        dvar: 0.0215870663524
        dvar2: 0.0482216440141
        max: 2.66778206825
        mean: 1.1048232317
        min: 0.444073468447
        var: 0.0543213561177
    spectral_spread:
        dmean: 382927.78125
        dmean2: 545089.8125
        dvar: 1.4811094057e+12
        dvar2: 1.6146857984e+12
        max: 25515900
        mean: 3729496.25
        min: 2289618.25
        var: 2.05711579546e+12
    spectral_strongpeak:
        dmean: 0.979980349541
        dmean2: 1.73759579659
        dvar: 1.47725319862
        dvar2: 4.18592453003
        max: 8.44592189789
        mean: 1.22634732723
        min: 0.000162461874424
        var: 1.7625939846
    zerocrossingrate:
        dmean: 0.00585597613826
        dmean2: 0.00773982563987
        dvar: 3.13324089802e-05
        dvar2: 5.38917520316e-05
        max: 0.15087890625
        mean: 0.110718905926
        min: 0.0556640625
        var: 0.0001537361386
    barkbands:
        dmean: [7.4699549657e-08, 3.61292914022e-05, 0.000111723064038, 0.000166373982211, 0.000376052077627, 0.000128778629005, 0.000166960700881, 0.000175814668182, 0.000183895317605, 0.000120796044939, 0.000126779064885, 4.44363649876e-05, 0.000132826826302, 6.67227359372e-05, 0.000121833691082, 0.000119356125651, 0.000304499961203, 0.000295342353638, 0.00048680731561, 0.000315227516694, 5.5990742112e-05, 1.34487709147e-05, 3.10350787913e-06, 1.62473486398e-06, 9.29290195018e-07, 3.1308555748e-08, 4.32287405872e-09]
        dmean2: [9.62196651244e-08, 6.45108448225e-05, 0.000200411159312, 0.000285458256258, 0.000626420776825, 0.000212290789932, 0.000263015856035, 0.000287449540338, 0.000279533647699, 0.00019816972781, 0.000209365709452, 7.06619830453e-05, 0.000208995348657, 0.000110690772999, 0.000195402390091, 0.000199848742341, 0.000516967033036, 0.000493847648613, 0.000823058595415, 0.000537855201401, 9.27844812395e-05, 2.06674303627e-05, 4.67361769552e-06, 2.42791702476e-06, 1.365363687e-06, 4.44195507043e-08, 4.58706361783e-09]
        dvar: [6.28625840618e-13, 1.65691393939e-09, 2.42825528574e-08, 5.29561674512e-08, 2.42593472422e-07, 2.40473774227e-08, 3.59748675294e-08, 7.26714404209e-08, 6.53776410786e-08, 6.76642670783e-08, 3.8134409408e-08, 9.44567180028e-09, 5.94206568394e-08, 1.83586266189e-08, 3.50355833234e-08, 1.89427975528e-08, 8.3017830832e-08, 1.03725817269e-07, 3.40992670544e-07, 8.88767601737e-08, 2.68676081383e-09, 2.53913168269e-10, 7.52983300711e-11, 1.76725335754e-11, 7.20941275428e-12, 1.11944238533e-14, 6.9432565471e-15]
        dvar2: [6.38889711534e-13, 5.11756192978e-09, 7.07505733999e-08, 1.53133370873e-07, 6.54141160794e-07, 6.80626328631e-08, 8.47074801413e-08, 1.87708323551e-07, 1.34119261475e-07, 1.70875168237e-07, 9.31863866072e-08, 2.3577836572e-08, 1.35233420906e-07, 4.46211174676e-08, 7.51022497525e-08, 4.21498036474e-08, 2.2963598667e-07, 2.77677770555e-07, 9.96197741188e-07, 2.37355990862e-07, 6.83196921258e-09, 5.21365506323e-10, 1.49700168928e-10, 3.88302133503e-11, 1.57668444273e-11, 1.73326336058e-14, 6.95626570262e-15]
        max: [1.6611720639e-05, 0.000301690713968, 0.00111070740968, 0.00224938127212, 0.00415803538635, 0.00137841887772, 0.0025324143935, 0.00317483209074, 0.00275182188489, 0.00285395071842, 0.00226492038928, 0.00134374166373, 0.0023841932416, 0.00185047509149, 0.00216381135397, 0.00162337790243, 0.00212278030813, 0.00281243678182, 0.006567010656, 0.00259526981972, 0.000606836983934, 0.000273321231361, 0.000174972228706, 7.85933589214e-05, 6.10672941548e-05, 1.67231155501e-06, 1.73252260538e-06]
        mean: [8.95787266586e-08, 5.25422947248e-05, 0.000203913848964, 0.000349655747414, 0.000693855341524, 0.000258409214439, 0.000325048953528, 0.000308851362206, 0.000332594907377, 0.000187071520486, 0.000212361643207, 7.67788369558e-05, 0.000206868426176, 0.00011555099627, 0.000220982255996, 0.000222916802159, 0.00063518533716, 0.000597417645622, 0.00116383854765, 0.000830203818623, 0.000145796089782, 3.99054079026e-05, 7.63438583817e-06, 3.4186132325e-06, 1.89389334082e-06, 5.01014696397e-08, 4.2674774825e-09]
        min: [2.11081464807e-11, 2.81706134114e-11, 1.44691567755e-11, 1.08038786251e-11, 1.89047614368e-11, 2.11475836842e-11, 2.525575582e-11, 2.70581786144e-11, 1.17816145728e-10, 1.06141366529e-10, 4.86608357775e-11, 4.96058784327e-11, 4.67955882377e-11, 5.66118055212e-11, 6.98669594401e-11, 6.50252282575e-11, 4.69562055905e-10, 1.1852069326e-09, 8.43155212316e-10, 5.63139465615e-11, 1.05427132302e-10, 6.49566303523e-11, 4.24074213246e-11, 2.54192500382e-11, 1.89621894575e-11, 1.63269380654e-11, 5.79509747481e-13]
        var: [6.36408840123e-13, 2.10135553402e-09, 3.63527696834e-08, 1.06912267483e-07, 3.05547672497e-07, 4.87651696801e-08, 7.60014629009e-08, 1.36797297046e-07, 2.13928146309e-07, 1.06562126234e-07, 1.03212776992e-07, 1.91023374896e-08, 1.17014600676e-07, 1.88383975086e-08, 9.78626459869e-08, 3.58725813498e-08, 1.30721801384e-07, 1.51363394707e-07, 5.48218906715e-07, 1.44870568874e-07, 5.97843508032e-09, 1.03802100249e-09, 3.37827321673e-10, 6.81924586243e-11, 2.90878623271e-11, 2.00418600173e-14, 6.93019148741e-15]
    mfcc:
        mean: [-675.20324707, 114.354507446, -64.1798782349, 66.6569976807, -19.4355201721, -15.4954299927, 1.25554633141, -7.43762731552, -6.49478054047, -3.70717334747, -4.03826379776, -7.66571569443, -1.79294037819]
        cov: [[1620.58190918, -45.5857162476, 92.3561401367, -53.0450439453, 19.6847667694, 8.01719284058, -19.9682064056, -70.0530853271, -27.9488925934, 16.7037601471, -24.6190433502, -9.29238414764, 11.9866294861], [-45.5857162476, 351.679229736, -160.823623657, 122.929428101, -93.6614227295, 1.59586060047, 39.8004417419, 17.0128669739, 17.736125946, -21.2597942352, 1.64209139347, -8.68030261993, -2.67656755447], [92.3561401367, -160.823623657, 200.437469482, -62.3915023804, 78.1267318726, -2.29003214836, -26.1799087524, -14.9233932495, -6.3909740448, 14.1030263901, 1.00492072105, 9.17716407776, -5.51280164719], [-53.0450439453, 122.929428101, -62.3915023804, 183.951370239, 1.77720892429, 10.3576393127, -19.147726059, -13.1786193848, 17.1363162994, -14.4590702057, -5.86750030518, -3.31793045998, 4.31730604172], [19.6847667694, -93.6614227295, 78.1267318726, 1.77720892429, 96.811088562, 22.5236568451, -24.9740314484, -19.6124267578, 11.2414712906, 6.14183616638, -0.34608617425, 7.30971240997, -3.16759514809], [8.01719284058, 1.59586060047, -2.29003214836, 10.3576393127, 22.5236568451, 57.2724876404, 19.9630279541, 4.5108757019, 1.80199813843, -5.55254077911, 3.28612494469, 6.22275924683, 4.95906209946], [-19.9682064056, 39.8004417419, -26.1799087524, -19.147726059, -24.9740314484, 19.9630279541, 110.852272034, 23.0144023895, -17.7818241119, -24.8282413483, 2.38047599792, -3.29927515984, 2.51319980621], [-70.0530853271, 17.0128669739, -14.9233932495, -13.1786193848, -19.6124267578, 4.5108757019, 23.0144023895, 52.3281440735, 12.4850511551, 7.38333129883, -5.52937936783, 3.41023159027, -5.11853885651], [-27.9488925934, 17.736125946, -6.3909740448, 17.1363162994, 11.2414712906, 1.80199813843, -17.7818241119, 12.4850511551, 56.4653053284, 18.0925521851, 0.959250032902, -2.08730602264, -7.8184170723], [16.7037601471, -21.2597942352, 14.1030263901, -14.4590702057, 6.14183616638, -5.55254077911, -24.8282413483, 7.38333129883, 18.0925521851, 72.8544616699, 5.39295244217, -2.76243948936, -16.7198486328], [-24.6190433502, 1.64209139347, 1.00492072105, -5.86750030518, -0.34608617425, 3.28612494469, 2.38047599792, -5.52937936783, 0.959250032902, 5.39295244217, 44.0344009399, 17.1167984009, 4.59141349792], [-9.29238414764, -8.68030261993, 9.17716407776, -3.31793045998, 7.30971240997, 6.22275924683, -3.29927515984, 3.41023159027, -2.08730602264, -2.76243948936, 17.1167984009, 43.5996322632, 13.0297861099], [11.9866294861, -2.67656755447, -5.51280164719, 4.31730604172, -3.16759514809, 4.95906209946, 2.51319980621, -5.11853885651, -7.8184170723, -16.7198486328, 4.59141349792, 13.0297861099, 37.9674987793]]
        icov: [[0.000718102965038, -0.000190601931536, -0.000448111561127, 0.000290744821541, 0.000415416958276, -0.000453338230727, -7.48915554141e-05, 0.00132880418096, -3.18700294883e-05, -0.00043308219756, 0.000804115785286, -0.000135508118547, -0.000308322865749], [-0.000190601931536, 0.0069239907898, 0.00212045619264, -0.0038805694785, 0.00536175072193, -0.000830584089272, -0.00176014180761, 0.000690454733558, -0.00258573610336, 0.000876654521562, -0.000586648355238, -0.000894990575034, 0.00229452014901], [-0.000448111561127, 0.00212045619264, 0.010254685767, 0.00154350232333, -0.00714730052277, 0.00295746792108, 0.000172108979314, -0.00126431090757, 0.0016240819823, -7.89766199887e-05, -0.000616696954239, -0.000840994645841, 0.00110283645336], [0.000290744821541, -0.0038805694785, 0.00154350232333, 0.00933950860053, -0.00407015765086, -0.000831515702885, 0.00236448808573, 0.00198728358373, -0.000672949710861, 0.000999427982606, 0.00157957384363, 0.000304251880152, -0.00131669442635], [0.000415416958276, 0.00536175072193, -0.00714730052277, -0.00407015765086, 0.0273049194366, -0.011227587238, 0.000550307508092, 0.00953034777194, -0.00788241717964, 0.000686937943101, 0.00313754961826, -0.00421206047758, 0.00441018491983], [-0.000453338230727, -0.000830584089272, 0.00295746792108, -0.000831515702885, -0.011227587238, 0.0247796345502, -0.00506363576278, -0.00451319757849, 0.00109715969302, -0.000194869644474, -0.00196043937467, -0.000878228922375, -0.00315939518623], [-7.48915554141e-05, -0.00176014180761, 0.000172108979314, 0.00236448808573, 0.000550307508092, -0.00506363576278, 0.0144693590701, -0.0068688346073, 0.00478517869487, 0.00443271687254, -0.00302018481307, 0.00356913520955, 0.000556979503017], [0.00132880418096, 0.000690454733558, -0.00126431090757, 0.00198728358373, 0.00953034777194, -0.00451319757849, -0.0068688346073, 0.0327082388103, -0.0101845469326, -0.00399281503633, 0.00965578574687, -0.00875615980476, 0.00345011125319], [-3.18700294883e-05, -0.00258573610336, 0.0016240819823, -0.000672949710861, -0.00788241717964, 0.00109715969302, 0.00478517869487, -0.0101845469326, 0.0256136618555, -0.0036554611288, -0.00326674827375, 0.00353821599856, 0.000494916050229], [-0.00043308219756, 0.000876654521562, -7.89766199887e-05, 0.000999427982606, 0.000686937943101, -0.000194869644474, 0.00443271687254, -0.00399281503633, -0.0036554611288, 0.0190297551453, -0.00438404595479, 0.00139409047551, 0.00700364820659], [0.000804115785286, -0.000586648355238, -0.000616696954239, 0.00157957384363, 0.00313754961826, -0.00196043937467, -0.00302018481307, 0.00965578574687, -0.00326674827375, -0.00438404595479, 0.0307830423117, -0.0133591825143, -0.000286180962576], [-0.000135508118547, -0.000894990575034, -0.000840994645841, 0.000304251880152, -0.00421206047758, -0.000878228922375, 0.00356913520955, -0.00875615980476, 0.00353821599856, 0.00139409047551, -0.0133591825143, 0.0332958102226, -0.01029891707], [-0.000308322865749, 0.00229452014901, 0.00110283645336, -0.00131669442635, 0.00441018491983, -0.00315939518623, 0.000556979503017, 0.00345011125319, 0.000494916050229, 0.00700364820659, -0.000286180962576, -0.01029891707, 0.0348712615669]]
    spectral_contrast:
        mean: [-7.45596992147e-07, -8.66000675614e-08, 3.94113300217e-07, -4.10730507383e-08, 1.6270981007e-07, 4.2566614411e-07, 5.47688387087e-06, 4.63984906673e-06, 1.66285917658e-06, -1.15566786008e-06, 1.69514510162e-06, 2.3142331429e-06]
        var: [0.000281557120616, 0.00045744839008, 0.00124502228573, 0.00226597324945, 0.00242282031104, 0.00296211265959, 0.0316625535488, 0.0489063709974, 0.0981306880713, 0.149628669024, 0.409903168678, 0.848918378353]

rhythm:
    beats_loudness:
        dmean: 0.00170431449078
        dmean2: 0.00281664961949
        dvar: 1.80993583854e-06
        dvar2: 5.4063348216e-06
        max: 0.0108842914924
        mean: 0.00749298697338
        min: 0.00479191867635
        var: 2.89049739877e-06
    beats_loudness_bass:
        dmean: 0.0509018748999
        dmean2: 0.0879675969481
        dvar: 0.00195410940796
        dvar2: 0.00602080812678
        max: 0.167646244168
        mean: 0.0616688840091
        min: 0.00622652098536
        var: 0.001997330226
    bpm: 107.577537537
    bpm_confidence: 0
    first_peak_bpm: 108
    first_peak_spread: 0
    first_peak_weight: 0.555555582047
    onset_rate: 2.59195971489
    second_peak_bpm: 117
    second_peak_spread: 0
    second_peak_weight: 0.388888895512
    beats_position: [0.277869522572, 0.835619568825, 1.39336967468, 1.95111954212, 2.50886964798, 3.06661987305, 3.6243698597, 4.18212032318, 4.73987007141, 5.29762029648, 5.85537052155, 6.29537200928, 6.80746507645, 7.31955909729, 7.83165216446, 8.34374523163, 8.85583972931, 9.36793327332, 9.88002681732]
    bpm_estimates: [107.514793396, 108.257408142, 107.717658997, 106.820274353]
    bpm_intervals: [0.557750046253, 0.557750105858, 0.557749867439, 0.557750105858, 0.557750225067, 0.557749986649, 0.557750463486, 0.55774974823, 0.557750225067, 0.557750225067, 0.440001487732, 0.512093067169, 0.512094020844, 0.512093067169, 0.512093067169, 0.512094497681, 0.512093544006, 0.512093544006]
    onset_times: [0.0464399084449, 0.615328788757, 0.905578255653, 1.02167797089, 1.369977355, 1.91564631462, 2.13623571396, 2.50775504112, 3.28562355042, 3.62231302261, 4.01705217361, 4.40018129349, 5.14321994781, 5.42185926437, 5.86303853989, 6.44353723526, 6.64090681076, 7.00081634521, 7.40716552734, 7.54648542404, 7.79029464722, 8.17342376709, 8.54494285583, 8.91646289825, 9.31120204926, 9.69433116913]
    rubato_start: [6.80746507645]
    rubato_stop: [9.88002681732]
    perceptual_tempo: "unknown"

sfx:
    inharmonicity:
        dmean: 0.0519742928445
        dmean2: 0.0908058136702
        dvar: 0.00271397456527
        dvar2: 0.00762801989913
        max: 0.376243770123
        mean: 0.0674446076155
        min: 0.00128804356791
        var: 0.00291905086488
    oddtoevenharmonicenergyratio:
        dmean: 2.41845870018
        dmean2: 4.53820514679
        dvar: 96.5718002319
        dvar2: 287.032836914
        max: 138.017791748
        mean: 1.72841441631
        min: 0.00563162285835
        var: 50.4688644409
    pitch_after_max_to_before_max_energy_ratio: 1.78006184101
    pitch_centroid: 212.041687012
    pitch_max_to_total: 0.358796298504
    pitch_min_to_total: 0.486111104488
    tristimulus:
        dmean: [0.152753308415, 0.281665325165, 0.193471461535]
        dmean2: [0.262315571308, 0.489350140095, 0.34594142437]
        dvar: [0.0162727292627, 0.0475834459066, 0.0248715691268]
        dvar2: [0.0430740192533, 0.140887483954, 0.0651478096843]
        max: [0.7945561409, 0.968873739243, 0.722113847733]
        mean: [0.248813226819, 0.463459193707, 0.187837526202]
        min: [0.013786544092, 0, 0]
        var: [0.0230481941253, 0.0660063326359, 0.0315370373428]

tonal:
    chords_changes_rate: 0.0324074067175
    chords_number_rate: 0.0185185186565
    chords_strength:
        dmean: 0.00609943969175
        dmean2: 0.00605707010254
        dvar: 2.67182476819e-05
        dvar2: 3.34138203471e-05
        max: 0.757405996323
        mean: 0.609499633312
        min: 0.493098646402
        var: 0.00499460427091
    key_strength: 0.718187689781
    tuning_diatonic_strength: 0.623357534409
    tuning_equal_tempered_deviation: 0.0365759953856
    tuning_frequency: 440.508575439
    tuning_nontempered_energy_ratio: 0.697657644749
    hpcp:
        dmean: [0.16497284174, 0.154260337353, 0.115637890995, 0.0903969705105, 0.100156143308, 0.147094041109, 0.170321196318, 0.16664236784, 0.164921239018, 0.154164686799, 0.135164633393, 0.0910752862692, 0.071129873395, 0.0552892275155, 0.0586086399853, 0.0568763837218, 0.0614606738091, 0.112501591444, 0.125828772783, 0.128102600574, 0.172381907701, 0.174014419317, 0.139019757509, 0.111591637135, 0.0988133177161, 0.075820684433, 0.0625212714076, 0.0941094532609, 0.114941298962, 0.14530827105, 0.157529935241, 0.122993782163, 0.0964269414544, 0.0971111580729, 0.151560246944, 0.177542611957]
        dmean2: [0.27436247468, 0.255763411522, 0.201172813773, 0.149352908134, 0.163361147046, 0.239596500993, 0.271104931831, 0.259624630213, 0.267362505198, 0.246420577168, 0.233174651861, 0.156931683421, 0.124787457287, 0.0944880917668, 0.0972224995494, 0.0894930288196, 0.0979988649487, 0.174544870853, 0.206612631679, 0.216685071588, 0.288353294134, 0.277197182178, 0.225762233138, 0.18769980967, 0.164124503732, 0.12535867095, 0.107113562524, 0.157485634089, 0.195767566562, 0.249511539936, 0.26279938221, 0.201726451516, 0.161233648658, 0.164413884282, 0.267272442579, 0.306719988585]
        dvar: [0.0307717993855, 0.0232566166669, 0.0171379949898, 0.0104925762862, 0.0154344290495, 0.0226434767246, 0.0231531634927, 0.022760650143, 0.0236244536936, 0.0285496227443, 0.0268185287714, 0.014946712181, 0.0164949502796, 0.00942915026098, 0.0146841267124, 0.00909801013768, 0.00645989691839, 0.0172815099359, 0.0223216731101, 0.0270872917026, 0.0296122580767, 0.0299361422658, 0.0148258740082, 0.0178644731641, 0.0227828584611, 0.0122241331264, 0.00967916753143, 0.0143566755578, 0.018540609628, 0.025924263522, 0.025099767372, 0.0183961130679, 0.0105657214299, 0.0112346885726, 0.0317159816623, 0.0309938415885]
        dvar2: [0.076021656394, 0.0622896887362, 0.0461066924036, 0.0284967236221, 0.0404524616897, 0.056981228292, 0.056683447212, 0.0557644739747, 0.0607355721295, 0.067269615829, 0.0722255185246, 0.0383108519018, 0.0473805814981, 0.0262799486518, 0.0397753305733, 0.0179260838777, 0.0137980207801, 0.041040815413, 0.0459243990481, 0.0676212161779, 0.0830222666264, 0.0713586732745, 0.0393477156758, 0.0487271025777, 0.0543439425528, 0.0324002876878, 0.0259885899723, 0.0376926623285, 0.0535266883671, 0.0675382092595, 0.0687182024121, 0.042486011982, 0.0298942159861, 0.0316794589162, 0.0858140289783, 0.0741538256407]
        max: [1, 1, 0.854150176048, 0.827105939388, 1, 1, 1, 1, 1, 1, 1, 1, 1, 0.805149197578, 1, 1, 1, 1, 1, 1, 1, 1, 0.991825699806, 1, 1, 1, 0.859544038773, 0.795939445496, 0.913688600063, 1, 1, 1, 0.787103176117, 0.713918745518, 1, 1]
        mean: [0.476894021034, 0.374681740999, 0.246045410633, 0.181975007057, 0.181231290102, 0.350211411715, 0.496658295393, 0.37707772851, 0.378228068352, 0.478860229254, 0.3194206357, 0.154084905982, 0.11510565877, 0.0823677703738, 0.0870853736997, 0.10456354171, 0.112332582474, 0.184497386217, 0.211663082242, 0.192086443305, 0.375055521727, 0.51546806097, 0.320544183254, 0.190081298351, 0.201386481524, 0.117444463074, 0.0996604338288, 0.151387885213, 0.190499871969, 0.289497613907, 0.346390575171, 0.255956500769, 0.172861009836, 0.176354855299, 0.257891029119, 0.412356823683]
        min: [0.0234035439789, 0.0335329547524, 0.0317503996193, 0.0158735569566, 0.00815908797085, 0.04110340029, 0.0507134459913, 0.0603630840778, 0.0394409112632, 0.032922975719, 0.0216094814241, 0.0152457682416, 0.00876535382122, 0.0109247546643, 0.0109544983134, 0.0107332644984, 0.0126861864701, 0.0113282706589, 0.0117221586406, 0.0116201844066, 0.0377695858479, 0.0570258945227, 0.0558870136738, 0.0114660421386, 0.00663919746876, 0.00539722060785, 0.00900952890515, 0.00866059586406, 0.0177009087056, 0.0175859034061, 0.0177207104862, 0.00507928058505, 0.0115704806522, 0.028280518949, 0.0288627408445, 0.0165548808873]
        var: [0.0969728156924, 0.0635371357203, 0.0250439364463, 0.0160879939795, 0.0215304289013, 0.0589620172977, 0.0910659879446, 0.0441263616085, 0.0626587942243, 0.114252842963, 0.0634545013309, 0.0239508152008, 0.0137563943863, 0.00799002684653, 0.0137055199593, 0.01902721636, 0.014544586651, 0.035696092993, 0.045182056725, 0.0342084057629, 0.0528659522533, 0.0965955927968, 0.0414691492915, 0.0408643968403, 0.0829059481621, 0.0246749073267, 0.0115596307442, 0.0227191057056, 0.0232179295272, 0.0507248006761, 0.0732432231307, 0.0451283194125, 0.0141088357195, 0.017174186185, 0.0442726276815, 0.0822882950306]
    chords_histogram: [34.2592582703, 16.6666660309, 0, 0, 0, 0, 0, 0, 0, 24.5370368958, 0, 0, 0, 0, 0, 0, 0, 0, 0, 0, 0, 0, 0, 24.5370368958]
    thpcp: [1, 0.621850728989, 0.36875474453, 0.390686631203, 0.227840423584, 0.193339690566, 0.293690145016, 0.369566768408, 0.56162083149, 0.671992301941, 0.496551632881, 0.335347652435, 0.342125684023, 0.500304579735, 0.799965798855, 0.925166964531, 0.726876735687, 0.47732424736, 0.353028684855, 0.351585865021, 0.679404675961, 0.963509321213, 0.731524884701, 0.733756542206, 0.928981363773, 0.619671046734, 0.298922300339, 0.223303183913, 0.15979218483, 0.168944269419, 0.202851638198, 0.217923462391, 0.357922047377, 0.410623073578, 0.372644692659, 0.727601885796]
    chords_key: "A"
    chords_scale: "minor"
    key_key: "A"
    key_scale: "minor"
    chords_progression: ["F", "F", "F", "F", "F", "F", "F", "F", "F", "F", "F", "F", "F", "F", "F", "F", "F", "F", "F", "F", "F", "F", "F", "F", "F", "F", "F", "F", "F", "F", "F", "F", "F", "F", "F", "F", "F", "F", "F", "F", "F", "F", "F", "F", "F", "F", "F", "F", "F", "F", "F", "F", "F", "Am", "Am", "Am", "Am", "Am", "Am", "Am", "Am", "Am", "Am", "Am", "Am", "C", "Am", "Am", "C", "C", "C", "C", "C", "C", "C", "C", "C", "C", "C", "C", "C", "C", "C", "C", "C", "C", "C", "C", "C", "C", "C", "C", "C", "C", "C", "C", "C", "C", "C", "C", "C", "C", "C", "Am", "Am", "Am", "Am", "Am", "Am", "Am", "Am", "Am", "Am", "Am", "Am", "Am", "Am", "Am", "Am", "Am", "Am", "Am", "Am", "Am", "E", "E", "E", "E", "E", "E", "E", "E", "E", "E", "E", "E", "E", "E", "E", "E", "E", "E", "E", "E", "E", "E", "E", "E", "E", "E", "E", "E", "E", "E", "E", "E", "E", "E", "E", "E", "E", "E", "E", "E", "E", "E", "E", "E", "E", "E", "E", "E", "E", "E", "E", "E", "E", "Am", "Am", "Am", "Am", "Am", "Am", "Am", "Am", "Am", "Am", "Am", "Am", "Am", "Am", "Am", "Am", "Am", "Am", "Am", "Am", "Am", "Am", "Am", "Am", "Am", "Am", "Am", "Am", "Am", "Am", "Am", "Am", "Am", "Am", "Am", "Am", "Am", "Am", "Am"]
