
metadata:
    version:
        essentia: "1.2.2"
    audio_properties:
        analysis_sample_rate: 44100
        bitrate: 128
        channels: 2
        equal_loudness: 1
        length: 10.0048980713
        replay_gain: -11.6977062225
        downmix: "mix"
    tags:
        track: 18
        year: 0
        album: "Splitted by Mp3Splt v. 2.1"
        artist: "From 002.50 To 003.00"
        comment: "http://mp3splt.sf.net"
        genre: ""
        title: "26 Let It Be.mp3"

highlevel:
    ballroom:
        all:
            ChaChaCha: 0.0487560778856
            Jive: 0.088391289115
            Quickstep: 0.308937132359
            Rumba-American: 0.032471973449
            Rumba-International: 0.164942324162
            Rumba-Misc: 0.12458434701
            Samba: 0.0783621743321
            Tango: 0.0354312174022
            VienneseWaltz: 0.0672030523419
            Waltz: 0.0509204156697
        probability: 0.308937132359
        value: "Quickstep"
    culture:
        all:
            non_western: 0.354870170355
            western: 0.645129859447
        probability: 0.645129859447
        value: "western"
    gender:
        all:
            female: 0.582256257534
            male: 0.417743712664
        probability: 0.582256257534
        value: "female"
    genre_dortmund:
        all:
            alternative: 0.0798080191016
            blues: 0.0758019834757
            electronic: 0.00682215811685
            folkcountry: 0.311280876398
            funksoulrnb: 0.0427544265985
            jazz: 0.207278579473
            pop: 0.0996598750353
            raphiphop: 0.00676584383473
            rock: 0.169828251004
        probability: 0.311280876398
        value: "folkcountry"
    genre_electronica:
        all:
            ambient: 0.693890810013
            dnb: 0.0718925818801
            house: 0.133158504963
            techno: 0.0142471781
            trance: 0.0868109092116
        probability: 0.693890810013
        value: "ambient"
    genre_rosamerica:
        all:
            cla: 0.0230003781617
            dan: 0.024115504697
            hip: 0.00687802257016
            jaz: 0.417791187763
            pop: 0.388179808855
            rhy: 0.087982878089
            roc: 0.0481041446328
            spe: 0.00394808501005
        probability: 0.417791187763
        value: "jaz"
    genre_tzanetakis:
        all:
            blu: 0.00802391860634
            cla: 0.020952090621
            cou: 0.317134708166
            dis: 0.0429822281003
            hip: 0.00176039454527
            jaz: 0.0729570016265
            met: 0.00249817525037
            pop: 0.235904380679
            reg: 0.0822814553976
            roc: 0.215505629778
        probability: 0.317134708166
        value: "cou"
    live_studio:
        all:
            live: 0.604272186756
            studio: 0.395727843046
        probability: 0.604272186756
        value: "live"
    mood:
        all:
            Cluster1: 0.10786177963
            Cluster2: 0.249488413334
            Cluster3: 0.481471091509
            Cluster4: 0.136952385306
            Cluster5: 0.0242263209075
        probability: 0.481471091509
        value: "Cluster3"
    mood_acoustic:
        all:
            acoustic: 0.701958298683
            not_acoustic: 0.298041701317
        probability: 0.701958298683
        value: "acoustic"
    mood_aggressive:
        all:
            aggressive: 0.00848600361496
            not_aggressive: 0.991513967514
        probability: 0.991513967514
        value: "not_aggressive"
    mood_electronic:
        all:
            electronic: 0.200571238995
            not_electronic: 0.799428761005
        probability: 0.799428761005
        value: "not_electronic"
    mood_happy:
        all:
            happy: 0.270549982786
            not_happy: 0.729449987411
        probability: 0.729449987411
        value: "not_happy"
    mood_party:
        all:
            not_party: 0.924167275429
            party: 0.0758326947689
        probability: 0.924167275429
        value: "not_party"
    mood_relaxed:
        all:
            not_relaxed: 0.540717124939
            relaxed: 0.459282845259
        probability: 0.540717124939
        value: "not_relaxed"
    mood_sad:
        all:
            not_sad: 0.207955732942
            sad: 0.79204428196
        probability: 0.79204428196
        value: "sad"
    rhythm:
        all:
            fast: 0.40332916379
            medium: 0.245978146791
            slow: 0.350692689419
        probability: 0.40332916379
        value: "fast"
    speech_music:
        all:
            music: 0.997248649597
            speech: 0.00275135808624
        probability: 0.997248649597
        value: "music"
    timbre:
        all:
            bright: 0.992515921593
            dark: 0.00748410215601
        probability: 0.992515921593
        value: "bright"
    voice_instrumental:
        all:
            instrumental: 0.0182593874633
            voice: 0.98174059391
        probability: 0.98174059391
        value: "voice"

lowlevel:
    average_loudness: 0.943759799004
    barkbands_kurtosis:
        dmean: 2.00089073181
        dmean2: 3.08077573776
        dvar: 9.70727348328
        dvar2: 21.7093086243
        max: 38.1435890198
        mean: 2.24692630768
        min: -1.82158946991
        var: 19.1739196777
    barkbands_skewness:
        dmean: 0.488538503647
        dmean2: 0.70957928896
        dvar: 0.230375573039
        dvar2: 0.496252983809
        max: 4.62242412567
        mean: 1.27387058735
        min: -1.01516914368
        var: 0.765361845493
    barkbands_spread:
        dmean: 5.58158826828
        dmean2: 8.14742279053
        dvar: 55.1228523254
        dvar2: 97.0569458008
        max: 60.6931915283
        mean: 20.6465167999
        min: 1.43550646305
        var: 172.737518311
    dissonance:
        dmean: 0.0271685943007
        dmean2: 0.0441594161093
        dvar: 0.000835744256619
        dvar2: 0.00214358745143
        max: 0.49809473753
        mean: 0.432009279728
        min: 0.221310690045
        var: 0.00207650801167
    hfc:
        dmean: 1.2612965107
        dmean2: 1.57728683949
        dvar: 3.21536135674
        dvar2: 4.92585277557
        max: 21.8460769653
        mean: 3.58458900452
        min: 0.112087734044
        var: 12.7467956543
    pitch:
        dmean: 261.298065186
        dmean2: 506.750701904
        dvar: 798329.75
        dvar2: 1940491.25
        max: 4410
        mean: 424.624664307
        min: 65.5274887085
        var: 759199.9375
    pitch_instantaneous_confidence:
        dmean: 0.0853380635381
        dmean2: 0.12695159018
        dvar: 0.00710294302553
        dvar2: 0.0123385330662
        max: 0.948242366314
        mean: 0.536110460758
        min: 0.157203555107
        var: 0.0375144891441
    pitch_salience:
        dmean: 0.0662278309464
        dmean2: 0.102835759521
        dvar: 0.00362691795453
        dvar2: 0.00812271982431
        max: 0.812615573406
        mean: 0.575621187687
        min: 0.188942760229
        var: 0.0149919670075
    silence_rate_20dB:
        dmean: 0
        dmean2: 0
        dvar: 0
        dvar2: 0
        max: 1
        mean: 1
        min: 1
        var: 0
    silence_rate_30dB:
        dmean: 0
        dmean2: 0
        dvar: 0
        dvar2: 0
        max: 1
        mean: 1
        min: 1
        var: 0
    silence_rate_60dB:
        dmean: 0.0976744219661
        dmean2: 0.195804193616
        dvar: 0.088134303689
        dvar2: 0.166788473725
        max: 1
        mean: 0.561484932899
        min: 0
        var: 0.246219366789
    spectral_centroid:
        dmean: 228.058944702
        dmean2: 331.87020874
        dvar: 107029.875
        dvar2: 222976.53125
        max: 2969.22387695
        mean: 907.359863281
        min: 304.858093262
        var: 237505.921875
    spectral_complexity:
        dmean: 1.96962618828
        dmean2: 2.90866518021
        dvar: 6.69301176071
        dvar2: 11.956536293
        max: 33
        mean: 8.68764591217
        min: 1
        var: 22.6856403351
    spectral_crest:
        dmean: 2.16298556328
        dmean2: 3.37956595421
        dvar: 4.57203722
        dvar2: 9.75850296021
        max: 22.9551391602
        mean: 9.85973930359
        min: 3.60558843613
        var: 16.980764389
    spectral_decrease:
        dmean: 2.48961046223e-10
        dmean2: 3.33667732333e-10
        dvar: 1.0492680734e-19
        dvar2: 1.91117973805e-19
        max: -5.95215265964e-11
        mean: -8.75869876626e-10
        min: -4.41484448999e-09
        var: 4.65116575705e-19
    spectral_energy:
        dmean: 0.00102679815609
        dmean2: 0.00136314437259
        dvar: 1.75923526058e-06
        dvar2: 3.03213437292e-06
        max: 0.0182716920972
        mean: 0.00363086536527
        min: 0.000234814942814
        var: 8.13856877357e-06
    spectral_energyband_high:
        dmean: 8.95247212611e-05
        dmean2: 0.000118838863273
        dvar: 3.33318048718e-08
        dvar2: 6.56748895267e-08
        max: 0.00172737415414
        mean: 0.000114300586574
        min: 2.71091920467e-07
        var: 5.31473602905e-08
    spectral_energyband_low:
        dmean: 8.11063291621e-05
        dmean2: 0.000132672284963
        dvar: 2.25683720601e-08
        dvar2: 6.02916614412e-08
        max: 0.00139126321301
        mean: 0.000161737130838
        min: 3.77872197532e-07
        var: 3.45492772169e-08
    spectral_energyband_middle_high:
        dmean: 0.000328583759256
        dmean2: 0.000411943590734
        dvar: 2.40958172526e-07
        dvar2: 3.25312498717e-07
        max: 0.00646721385419
        mean: 0.000926809036173
        min: 7.43609507481e-06
        var: 1.08230733531e-06
    spectral_energyband_middle_low:
        dmean: 0.000836098217405
        dmean2: 0.0011976393871
        dvar: 1.27334055833e-06
        dvar2: 2.51077608482e-06
        max: 0.0127048175782
        mean: 0.0024280201178
        min: 0.000198415786144
        var: 4.30391582995e-06
    spectral_flatness_db:
        dmean: 0.0232289507985
        dmean2: 0.031629409641
        dvar: 0.000508298631757
        dvar2: 0.000865088193677
        max: 0.348962217569
        mean: 0.206319242716
        min: 0.0995107218623
        var: 0.0026208946947
    spectral_flux:
        dmean: 0.00924389623106
        dmean2: 0.0144058633596
        dvar: 0.000104594721051
        dvar2: 0.000236545907683
        max: 0.10055423528
        mean: 0.0292550250888
        min: 0.00456505455077
        var: 0.000300291809253
    spectral_kurtosis:
        dmean: 3.53611826897
        dmean2: 5.51518011093
        dvar: 20.1457424164
        dvar2: 50.562953949
        max: 47.7361869812
        mean: 7.17083024979
        min: -1.20975208282
        var: 42.3587837219
    spectral_rms:
        dmean: 0.000255745922914
        dmean2: 0.000337874778779
        dvar: 8.1890227932e-08
        dvar2: 1.32653141804e-07
        max: 0.00422208989039
        mean: 0.00174871366471
        min: 0.000478631118312
        var: 4.84311158289e-07
    spectral_rolloff:
        dmean: 558.403991699
        dmean2: 916.497009277
        dvar: 746165.4375
        dvar2: 1425026.125
        max: 6223.09570312
        mean: 1768.83459473
        min: 279.931640625
        var: 1539278.875
    spectral_skewness:
        dmean: 0.418268352747
        dmean2: 0.608262956142
        dvar: 0.192989364266
        dvar2: 0.413116514683
        max: 4.97400808334
        mean: 1.91587162018
        min: 0.213026151061
        var: 0.656837284565
    spectral_spread:
        dmean: 737917.625
        dmean2: 936284.625
        dvar: 932764844032
        dvar2: 1.42211311206e+12
        max: 11227662
        mean: 4099891.25
        min: 1521765.375
        var: 3.87359493325e+12
    spectral_strongpeak:
        dmean: 0.207134142518
        dmean2: 0.321372210979
        dvar: 0.14352338016
        dvar2: 0.338989317417
        max: 3.93669843674
        mean: 0.492180556059
        min: 0.0116166742519
        var: 0.308117538691
    zerocrossingrate:
        dmean: 0.0104866381735
        dmean2: 0.0103522483259
        dvar: 0.000125304009998
        dvar2: 0.000113113514089
        max: 0.15771484375
        mean: 0.0546101033688
        min: 0.01513671875
        var: 0.00069759064354
    barkbands:
        dmean: [8.47312264796e-09, 1.78169921128e-05, 6.85874110786e-05, 0.000115932052722, 0.000282180553768, 0.000263103022007, 7.87266908446e-05, 0.000213662817259, 0.000235603336478, 4.27286649938e-05, 3.97317708121e-05, 5.1740105846e-05, 2.9520741009e-05, 3.94958187826e-05, 5.7917637605e-05, 6.49531721137e-05, 8.5816885985e-05, 6.27548724879e-05, 6.51323789498e-05, 4.37006892753e-05, 4.5274853619e-05, 1.7458005459e-05, 6.41253518552e-06, 4.16134162151e-06, 7.84368069162e-07, 1.2810763117e-08, 1.81253706488e-10]
        dmean2: [1.33197461949e-08, 2.99243365589e-05, 0.000111677363748, 0.000197583722183, 0.000428778497735, 0.000368093984434, 0.000122856028611, 0.000314928678563, 0.0003581745259, 6.34855605313e-05, 6.22756924713e-05, 6.6990571213e-05, 4.60007177026e-05, 6.36116383248e-05, 8.36763720145e-05, 0.000102956473711, 0.000133194829687, 9.21007303987e-05, 9.3430862762e-05, 6.75791743561e-05, 6.46155895083e-05, 2.35454426729e-05, 9.23309926293e-06, 5.59098361919e-06, 1.06049833448e-06, 1.69342602163e-08, 2.99030439299e-10]
        dvar: [2.14409534642e-15, 1.86285342707e-09, 1.84856983054e-08, 8.95830964964e-08, 1.82399887194e-07, 1.81465395599e-07, 2.50786484912e-08, 3.64451608448e-07, 5.48398872979e-07, 1.32255726371e-08, 4.67653693548e-09, 3.96139228087e-08, 3.37372707548e-09, 3.28572262731e-08, 4.63996521205e-08, 4.64164280345e-08, 4.77000945409e-08, 1.43148310983e-08, 1.73476095711e-08, 8.65154170526e-09, 1.03246424743e-08, 1.20275234217e-09, 1.83581039259e-10, 7.34188335128e-11, 2.72539499649e-12, 7.08099585691e-16, 5.2284654463e-19]
        dvar2: [2.58524005798e-15, 5.28832666546e-09, 4.92210610048e-08, 2.36733825432e-07, 4.50051544476e-07, 3.3055601989e-07, 5.63600224268e-08, 7.69088842389e-07, 1.08371659735e-06, 1.96343510339e-08, 1.28262458432e-08, 5.04164532344e-08, 6.97120272619e-09, 8.78131842796e-08, 7.46854027511e-08, 1.1218586593e-07, 1.07287128515e-07, 2.6773392392e-08, 3.21169153494e-08, 1.81970492008e-08, 2.11993516075e-08, 2.41437558834e-09, 4.11720518789e-10, 1.4883681787e-10, 5.5770535759e-12, 1.28200829435e-15, 5.95167410875e-19]
        max: [9.06995637706e-07, 0.0005045250291, 0.00137799419463, 0.00255410862155, 0.00525226444006, 0.0048283431679, 0.00223263842054, 0.00755510572344, 0.0110603542998, 0.00187080155592, 0.000704995763954, 0.00438763387501, 0.000848689174745, 0.00276105944067, 0.00316351186484, 0.00325388042256, 0.00279844738543, 0.00140567997005, 0.00167720252648, 0.000913613417652, 0.00106695003342, 0.000330919196131, 9.98239192995e-05, 7.44028729969e-05, 1.17574518299e-05, 1.94198833015e-07, 1.51259058612e-08]
        mean: [9.92355086993e-09, 3.52155475412e-05, 0.000126513215946, 0.000148826482473, 0.000660461373627, 0.000563315814361, 0.000161070507602, 0.000363419327186, 0.000500572961755, 8.34999736981e-05, 8.7505839474e-05, 9.43262857618e-05, 5.46124138054e-05, 5.75296180614e-05, 8.69023278938e-05, 8.48608833621e-05, 0.000147631653817, 0.000115529241157, 0.00011072192865, 5.74441110075e-05, 5.50097611267e-05, 2.26389693125e-05, 7.34856075724e-06, 4.87597208121e-06, 1.00989541352e-06, 1.60735798005e-08, 1.67152874875e-10]
        min: [1.82001219651e-11, 2.80068341851e-08, 2.15441446016e-07, 5.88595128193e-07, 1.09090979095e-05, 5.30034822077e-06, 1.68249448507e-06, 3.59287469109e-06, 2.01111697606e-06, 2.9618871622e-07, 9.68230210674e-07, 5.24630991094e-07, 5.53500058231e-07, 1.68456921301e-07, 1.77848349381e-07, 6.16334574488e-08, 6.19474462837e-08, 1.02680985492e-07, 2.41338852902e-07, 2.37177872009e-07, 8.59648494611e-08, 4.31102584741e-08, 1.03946264929e-08, 3.57101126447e-09, 3.78026082659e-10, 3.73359676509e-12, 3.27566614241e-14]
        var: [2.15269738951e-15, 2.13177231423e-09, 3.09534868848e-08, 8.33742461737e-08, 5.8634918787e-07, 5.81718552439e-07, 6.07702759226e-08, 6.40817972908e-07, 2.06200320463e-06, 2.8820666742e-08, 1.07206092892e-08, 1.2423893736e-07, 8.64128146816e-09, 3.65071244346e-08, 1.13343368469e-07, 4.94609118107e-08, 8.94749376812e-08, 3.71155728374e-08, 3.82552514111e-08, 1.27731469846e-08, 1.46451384353e-08, 2.0247923338e-09, 2.43362052732e-10, 1.10932367459e-10, 4.29647593544e-12, 1.1856410383e-15, 5.61595561932e-19]
    mfcc:
        mean: [-767.933837891, 147.225189209, -32.7688217163, 39.7524528503, -22.1486530304, -9.5495595932, -13.6489095688, 1.11828136444, -16.2363433838, -8.80768966675, -7.5237865448, -1.03024590015, -5.7826666832]
        cov: [[4099.07617188, -1982.75402832, 44.5882377625, 96.3171386719, 121.086601257, -155.628738403, -15.7871828079, -107.696998596, 212.208618164, 82.6229858398, -49.1716117859, -39.060131073, 2.67983007431], [-1982.75402832, 2063.11865234, -661.323364258, -151.061340332, 13.363617897, 9.39901828766, -7.64158344269, 160.023147583, -138.43572998, 9.49955463409, 115.736930847, 33.1391906738, 17.7677059174], [44.5882377625, -661.323364258, 1166.77160645, -40.2529792786, -161.129501343, 213.025695801, 199.829818726, -106.105102539, -12.5054712296, -41.6115188599, 53.5703849792, 128.095199585, 43.002494812], [96.3171386719, -151.061340332, -40.2529792786, 337.168212891, 148.179534912, -41.118560791, -30.2385692596, 73.3994750977, 13.899017334, -50.606590271, -52.2609291077, -7.31315612793, 37.1374893188], [121.086601257, 13.363617897, -161.129501343, 148.179534912, 232.000473022, -68.0388641357, -108.96913147, 72.8374099731, 7.54867219925, -52.2997550964, -36.4367103577, -22.3017921448, 21.9120025635], [-155.628738403, 9.39901828766, 213.025695801, -41.118560791, -68.0388641357, 190.178421021, 126.316818237, -40.450012207, 25.6144771576, 4.17501974106, 8.8252286911, 29.2082023621, -10.4527816772], [-15.7871828079, -7.64158344269, 199.829818726, -30.2385692596, -108.96913147, 126.316818237, 225.838745117, 11.2604475021, 20.0485687256, 13.522400856, 27.6788158417, 44.8538703918, 7.26549959183], [-107.696998596, 160.023147583, -106.105102539, 73.3994750977, 72.8374099731, -40.450012207, 11.2604475021, 153.123474121, 11.9188499451, -22.5960979462, 4.11279535294, -9.15657329559, 17.5234642029], [212.208618164, -138.43572998, -12.5054712296, 13.899017334, 7.54867219925, 25.6144771576, 20.0485687256, 11.9188499451, 137.550888062, 53.0304870605, -14.2104482651, -12.0556564331, -4.24009847641], [82.6229858398, 9.49955463409, -41.6115188599, -50.606590271, -52.2997550964, 4.17501974106, 13.522400856, -22.5960979462, 53.0304870605, 118.385383606, 44.204574585, -8.22751617432, -8.73871707916], [-49.1716117859, 115.736930847, 53.5703849792, -52.2609291077, -36.4367103577, 8.8252286911, 27.6788158417, 4.11279535294, -14.2104482651, 44.204574585, 101.73828125, 30.4504070282, -5.22536802292], [-39.060131073, 33.1391906738, 128.095199585, -7.31315612793, -22.3017921448, 29.2082023621, 44.8538703918, -9.15657329559, -12.0556564331, -8.22751617432, 30.4504070282, 84.1006164551, 28.433013916], [2.67983007431, 17.7677059174, 43.002494812, 37.1374893188, 21.9120025635, -10.4527816772, 7.26549959183, 17.5234642029, -4.24009847641, -8.73871707916, -5.22536802292, 28.433013916, 72.5886535645]]
        icov: [[0.000721432093997, 0.000934887328185, 0.000596843136009, 0.000452919397503, -0.000781519222073, 0.000380331184715, -0.00077971216524, 0.00033049765625, -0.00023395329481, -1.7720660253e-05, -0.000856327009387, -0.000349217210896, -0.000492482155096], [0.000934887328185, 0.00229391548783, 0.00168213841971, 0.00107462925371, -0.000707408238668, -0.00109301542398, -0.000415489310399, -0.00095551967388, 0.000953442882746, -5.87354952586e-05, -0.00202608853579, -0.00128879852127, -0.00140632060356], [0.000596843136009, 0.00168213841971, 0.00270726787858, 0.000450348627055, 0.000340150960255, -0.00194778176956, -0.000381096790079, 4.24636964453e-05, 0.00035119583481, 0.00140354025643, -0.00257300678641, -0.0017182569718, -0.00194596650545], [0.000452919397503, 0.00107462925371, 0.000450348627055, 0.00525648426265, -0.00333005934954, 0.000283797242446, -0.00128248147666, -0.00123198353685, 0.000407234125305, -0.000256226252532, 0.000945048755966, -0.00069943733979, -0.00142903882079], [-0.000781519222073, -0.000707408238668, 0.000340150960255, -0.00333005934954, 0.0114793246612, -0.00255306344479, 0.0063169952482, -0.00365670304745, -0.00150871649384, 0.00390256755054, -0.000776362139732, 0.000280221458524, -0.00166212697513], [0.000380331184715, -0.00109301542398, -0.00194778176956, 0.000283797242446, -0.00255306344479, 0.0135063538328, -0.00745508167893, 0.00535916769877, -0.00373790366575, 0.00101937016007, 0.00126310961787, 0.000851718999911, 0.00309192552231], [-0.00077971216524, -0.000415489310399, -0.000381096790079, -0.00128248147666, 0.0063169952482, -0.00745508167893, 0.0124981300905, -0.00574905239046, 0.000384419457987, -3.67627908417e-05, 0.000147337414091, -0.0024773364421, -0.000832105230074], [0.00033049765625, -0.00095551967388, 4.24636964453e-05, -0.00123198353685, -0.00365670304745, 0.00535916769877, -0.00574905239046, 0.013375358656, -0.00416361261159, 0.00414340291172, -0.00371417403221, 0.00367745384574, -0.00140332768206], [-0.00023395329481, 0.000953442882746, 0.00035119583481, 0.000407234125305, -0.00150871649384, -0.00373790366575, 0.000384419457987, -0.00416361261159, 0.0135308308527, -0.00900643505156, 0.00509651284665, -0.00188757269643, 0.00105503876694], [-1.7720660253e-05, -5.87354952586e-05, 0.00140354025643, -0.000256226252532, 0.00390256755054, 0.00101937016007, -3.67627908417e-05, 0.00414340291172, -0.00900643505156, 0.0195643696934, -0.0110512850806, 0.00483941286802, -0.00357512268238], [-0.000856327009387, -0.00202608853579, -0.00257300678641, 0.000945048755966, -0.000776362139732, 0.00126310961787, 0.000147337414091, -0.00371417403221, 0.00509651284665, -0.0110512850806, 0.0211260393262, -0.00675389962271, 0.00600001262501], [-0.000349217210896, -0.00128879852127, -0.0017182569718, -0.00069943733979, 0.000280221458524, 0.000851718999911, -0.0024773364421, 0.00367745384574, -0.00188757269643, 0.00483941286802, -0.00675389962271, 0.021407822147, -0.00729692913592], [-0.000492482155096, -0.00140632060356, -0.00194596650545, -0.00142903882079, -0.00166212697513, 0.00309192552231, -0.000832105230074, -0.00140332768206, 0.00105503876694, -0.00357512268238, 0.00600001262501, -0.00729692913592, 0.0203129984438]]
    spectral_contrast:
        mean: [1.28633232066e-07, 6.73374458415e-08, -1.5977934531e-09, -3.18551400369e-07, -1.39598526516e-07, -2.10978214454e-07, 8.24348546757e-07, -9.34700494781e-07, -2.39905216404e-06, 2.91284692366e-07, 1.10456163327e-07, 2.34410208577e-06]
        var: [0.000395716924686, 0.000826983246952, 0.00201915274374, 0.00334516353905, 0.0040146834217, 0.00782162789255, 0.0580211058259, 0.0959722176194, 0.180860608816, 0.526511907578, 0.606713116169, 2.53513908386]

rhythm:
    beats_loudness:
        dmean: 0.00304509978741
        dmean2: 0.00549393799156
        dvar: 8.63600234879e-06
        dvar2: 2.56679522863e-05
        max: 0.0129895061255
        mean: 0.00463800271973
        min: 0.00048141455045
        var: 1.08420963443e-05
    beats_loudness_bass:
        dmean: 0.0660913586617
        dmean2: 0.106116861105
        dvar: 0.00314480951056
        dvar2: 0.00905848294497
        max: 0.305635452271
        mean: 0.0817031934857
        min: 0.000689734821208
        var: 0.00690299319103
    bpm: 138.538619995
    bpm_confidence: 0
    first_peak_bpm: 138
    first_peak_spread: 0
    first_peak_weight: 0.954545497894
    onset_rate: 4.09799289703
    second_peak_bpm: 81
    second_peak_spread: 0
    second_peak_weight: 0.0454545468092
    beats_position: [0.0535462126136, 0.487222969532, 0.920899748802, 1.35457646847, 1.78825318813, 2.22192978859, 2.65560650826, 3.08928322792, 3.52295970917, 3.95663642883, 4.3903131485, 4.82398986816, 5.25766658783, 5.99449157715, 6.42694139481, 6.8593916893, 7.29184150696, 7.72429132462, 8.15674209595, 8.58919143677, 9.02164077759, 9.45409107208, 9.88654136658]
    bpm_estimates: [137.6456604, 138.451324463, 136.23677063, 139.27180481, 138.883483887, 138.618560791, 138.78855896, 138.968338013, 138.645492554, 138.565292358, 139.256103516, 138.286819458, 138.981018066, 138.691421509, 138.788650513]
    bpm_intervals: [0.433676749468, 0.43367677927, 0.433676719666, 0.433676719666, 0.433676600456, 0.433676719666, 0.433676719666, 0.433676481247, 0.433676719666, 0.433676719666, 0.433676719666, 0.433676719666, 0.736824989319, 0.432449817657, 0.432450294495, 0.432449817657, 0.432449817657, 0.432450771332, 0.43244934082, 0.43244934082, 0.432450294495, 0.432450294495]
    onset_times: [0.0580498874187, 0.27863946557, 0.487619042397, 0.673378705978, 0.952018141747, 1.11455786228, 1.33514738083, 1.49768710136, 1.53251695633, 1.95047616959, 1.99691605568, 2.22911572456, 2.41487526894, 2.67029476166, 2.84444451332, 3.28562355042, 3.75002264977, 3.99383211136, 4.19120168686, 4.59755086899, 4.88780021667, 5.06195020676, 5.32897949219, 5.52634906769, 5.75854873657, 5.93269824982, 6.19972801208, 6.38548755646, 6.66412687302, 6.80344676971, 7.25623559952, 7.50004529953, 7.6858048439, 7.8831744194, 8.09215450287, 8.53333377838, 8.84680271149, 9.0093421936, 9.2067117691, 9.43891143799, 9.75238132477]
    rubato_start: []
    rubato_stop: []
    perceptual_tempo: "unknown"

sfx:
    inharmonicity:
        dmean: 0.0298502091318
        dmean2: 0.0532725304365
        dvar: 0.00160328031052
        dvar2: 0.00470120739192
        max: 0.257456243038
        mean: 0.0284515023232
        min: 0.000120954660815
        var: 0.00147228071
    oddtoevenharmonicenergyratio:
        dmean: 3.46206259727
        dmean2: 6.3855676651
        dvar: 80.0235137939
        dvar2: 220.254867554
        max: 89.5835876465
        mean: 2.27210593224
        min: 0.000477110530483
        var: 57.5501441956
    pitch_after_max_to_before_max_energy_ratio: 19.6389331818
    pitch_centroid: 206.679031372
    pitch_max_to_total: 0.0209790207446
    pitch_min_to_total: 0.617715597153
    tristimulus:
        dmean: [0.199953496456, 0.215965971351, 0.0673329755664]
        dmean2: [0.346262305975, 0.380658686161, 0.120402738452]
        dvar: [0.0385869406164, 0.046934440732, 0.00924898125231]
        dvar2: [0.107008099556, 0.133676975965, 0.0269022658467]
        max: [0.950671613216, 0.986382722855, 0.867013931274]
        mean: [0.449232310057, 0.458825349808, 0.0779022648931]
        min: [0.0136172063649, 0, 0]
        var: [0.0583858452737, 0.0586244910955, 0.00886356178671]

tonal:
    chords_changes_rate: 0.037037037313
    chords_number_rate: 0.0231481473893
    chords_strength:
        dmean: 0.00952039752156
        dmean2: 0.00734522845596
        dvar: 5.37470114068e-05
        dvar2: 4.92288381793e-05
        max: 0.737747848034
        mean: 0.535154879093
        min: 0.327789634466
        var: 0.0110646858811
    key_strength: 0.7639092803
    tuning_diatonic_strength: 0.604803860188
    tuning_equal_tempered_deviation: 0.0430722981691
    tuning_frequency: 441.527557373
    tuning_nontempered_energy_ratio: 0.643677353859
    hpcp:
        dmean: [0.0609830506146, 0.0500871613622, 0.0512031242251, 0.0570717602968, 0.0494584478438, 0.0672242864966, 0.0963133499026, 0.114107124507, 0.178129091859, 0.155612319708, 0.156409263611, 0.0950578004122, 0.0457849316299, 0.0696346834302, 0.15050432086, 0.144763693213, 0.154581978917, 0.0909963175654, 0.0649976059794, 0.0747798681259, 0.153707891703, 0.134008839726, 0.140747815371, 0.119721002877, 0.078532807529, 0.0605867430568, 0.081308722496, 0.0996829047799, 0.0806115716696, 0.122387230396, 0.155511081219, 0.118972167373, 0.056316126138, 0.0430582724512, 0.0371282100677, 0.0527939014137]
        dmean2: [0.102218180895, 0.0860307663679, 0.0895680636168, 0.0987004339695, 0.0889154300094, 0.115096405149, 0.162963852286, 0.196738034487, 0.301326334476, 0.256299942732, 0.264380276203, 0.169313758612, 0.0788323059678, 0.120532415807, 0.252890944481, 0.240046337247, 0.270565450191, 0.15818053484, 0.117247134447, 0.134000852704, 0.273390084505, 0.222356528044, 0.235297352076, 0.21798825264, 0.129945516586, 0.109972774982, 0.15218269825, 0.181822389364, 0.141414746642, 0.211435481906, 0.25525996089, 0.20264904201, 0.0967652350664, 0.0746844112873, 0.0639961659908, 0.0916041955352]
        dvar: [0.0119306463748, 0.00664913561195, 0.0121392104775, 0.0188769716769, 0.00932398159057, 0.00843984074891, 0.0182958170772, 0.0269623994827, 0.0539435483515, 0.0474203340709, 0.0531136654317, 0.0356578044593, 0.0109413778409, 0.0120955780149, 0.0335157290101, 0.0515966489911, 0.039289303124, 0.0285015646368, 0.0303551740944, 0.0278619527817, 0.0518907271326, 0.0415101014078, 0.0487398467958, 0.043633878231, 0.0181089434773, 0.0165375787765, 0.0312221329659, 0.0431528538465, 0.0245201904327, 0.0339546836913, 0.0430549383163, 0.0310766138136, 0.0109309414402, 0.0139237074181, 0.0057045891881, 0.0128276832402]
        dvar2: [0.0310203898698, 0.0173266772181, 0.0276082251221, 0.0503060556948, 0.0249991100281, 0.0215406101197, 0.049418464303, 0.0701061785221, 0.124314889312, 0.118154771626, 0.132015094161, 0.0979513525963, 0.0307549294084, 0.0262863207608, 0.0774153023958, 0.107013113797, 0.0992082357407, 0.0730798020959, 0.0850676670671, 0.0708943605423, 0.152777284384, 0.104027464986, 0.129230886698, 0.112174764276, 0.0437617041171, 0.0468627884984, 0.0899424403906, 0.126456275582, 0.0660735443234, 0.104096367955, 0.107015259564, 0.082652322948, 0.0293562542647, 0.039669688791, 0.0174357797951, 0.0376722700894]
        max: [0.796553850174, 0.5562530756, 1, 1, 0.555998444557, 0.636495351791, 0.874958395958, 1, 1, 1, 1, 1, 0.955047011375, 1, 1, 1, 1, 1, 1, 1, 1, 1, 1, 1, 1, 1, 1, 1, 1, 1, 1, 1, 0.816469073296, 1, 0.639613091946, 1]
        mean: [0.0747422352433, 0.0562325902283, 0.0501835383475, 0.0497546605766, 0.0421593487263, 0.090368270874, 0.13777397573, 0.127353608608, 0.29775378108, 0.432038038969, 0.249240860343, 0.0731471180916, 0.0397765599191, 0.0693039223552, 0.269102036953, 0.420265167952, 0.243782579899, 0.0723896548152, 0.0488814897835, 0.0671044290066, 0.183353364468, 0.260724157095, 0.17611515522, 0.113201372325, 0.103844739497, 0.0666421502829, 0.0598729178309, 0.0734509527683, 0.0817236974835, 0.178766414523, 0.262055754662, 0.159975618124, 0.0536547228694, 0.0397305302322, 0.0360344462097, 0.0596024692059]
        min: [0.000340398226399, 0.00062327098567, 8.91630988917e-05, 0.000108008418465, 0.000135512658744, 0.000882030231878, 0.000804746348877, 0.00046783129801, 0.000107108840893, 0.000146938546095, 0.000151722153532, 0.000115888658911, 0.000154101100634, 0.000337480509188, 0.00135461741593, 0.00284638721496, 0.00110080919694, 0.000245918985456, 0.000282447872451, 0.00030281819636, 0.000489075493533, 0.000391987501644, 0.000305877736537, 0.000142061224324, 8.50869037095e-05, 0.000176087152795, 0.00128774915356, 0.000525868614204, 0.00106051529292, 0.000206936063478, 0.000668179418426, 0.000614696822595, 0.00047900271602, 0.000514732440934, 0.000179507143912, 0.00013078819029]
        var: [0.0135200237855, 0.00681039271876, 0.0118058081716, 0.0136460978538, 0.00653603253886, 0.0115780169144, 0.0282474402338, 0.0238679144531, 0.0964054167271, 0.162568449974, 0.0816459655762, 0.0267615001649, 0.00724534410983, 0.0138546843082, 0.0816305056214, 0.170781701803, 0.0660299882293, 0.024580867961, 0.019348917529, 0.0241142641753, 0.0641116797924, 0.0963283702731, 0.0573777966201, 0.0380629301071, 0.0348148457706, 0.0150099946186, 0.0192221496254, 0.0290538091213, 0.0294957049191, 0.0485083349049, 0.0795260742307, 0.0382835790515, 0.0100517626852, 0.0094849485904, 0.00413432950154, 0.00943031068891]
    chords_histogram: [52.3148155212, 0, 28.7037029266, 0, 0, 0, 0, 0, 0, 0, 0, 0, 0, 0, 0, 0, 0, 0, 0, 0, 1.85185182095, 5.55555534363, 0.925925910473, 10.6481485367]
    thpcp: [1, 0.576895654202, 0.169307127595, 0.0920672640204, 0.160411626101, 0.622866511345, 0.972750365734, 0.564261853695, 0.167553886771, 0.11314163357, 0.155320644379, 0.424391716719, 0.603474974632, 0.407638072968, 0.262017130852, 0.240360170603, 0.154250651598, 0.138582512736, 0.170010387897, 0.189158573747, 0.413774698973, 0.606557130814, 0.370281338692, 0.124189808965, 0.0919607207179, 0.0834057256579, 0.137956529856, 0.172999203205, 0.130156576633, 0.11615537107, 0.115162685513, 0.0975824892521, 0.209167391062, 0.318893164396, 0.294774055481, 0.689184188843]
    chords_key: "C"
    chords_scale: "major"
    key_key: "C"
    key_scale: "major"
    chords_progression: ["G", "G", "G", "G", "G", "G", "G", "G", "G", "G", "G", "G", "G", "G", "G", "G", "G", "G", "G", "G", "G", "G", "G", "G", "G", "G", "G", "G", "G", "A#", "A#", "A#", "A#", "G", "G", "G", "G", "G", "C", "C", "C", "C", "C", "C", "C", "C", "C", "C", "C", "C", "F", "F", "C", "C", "C", "C", "C", "C", "C", "C", "C", "C", "C", "C", "C", "C", "C", "C", "C", "C", "C", "C", "C", "C", "C", "C", "C", "C", "C", "C", "C", "C", "C", "C", "C", "C", "C", "C", "C", "C", "C", "C", "C", "C", "C", "C", "C", "C", "C", "C", "C", "C", "C", "C", "C", "C", "C", "C", "C", "C", "C", "C", "C", "C", "C", "C", "C", "C", "C", "C", "C", "C", "C", "C", "C", "C", "C", "C", "C", "C", "C", "C", "C", "C", "C", "C", "C", "C", "C", "C", "C", "C", "C", "C", "C", "C", "C", "C", "C", "C", "C", "C", "C", "G", "G", "G", "G", "G", "G", "G", "G", "G", "G", "G", "G", "G", "G", "G", "G", "G", "G", "G", "G", "G", "G", "G", "G", "G", "G", "G", "G", "Dm", "Dm", "Dm", "Dm", "Dm", "Dm", "Dm", "Dm", "Dm", "Dm", "Dm", "Dm", "Am", "Am", "Am", "Am", "Am", "Am", "Am", "Am", "Am", "Am", "Am", "Am", "Am", "Am", "Am", "Am", "Am", "Am", "Am", "Am", "Am", "Am", "Am"]
