
metadata:
    version:
        essentia: "1.2.2"
    audio_properties:
        analysis_sample_rate: 44100
        bitrate: 128
        channels: 2
        equal_loudness: 1
        length: 10.0048980713
        replay_gain: -7.02865219116
        downmix: "mix"
    tags:
        track: 2
        year: 0
        album: "Splitted by Mp3Splt v. 2.1"
        artist: "From 000.10 To 000.20"
        comment: "http://mp3splt.sf.net"
        genre: ""
        title: "05 Sea of Tears.mp3"

highlevel:
    ballroom:
        all:
            ChaChaCha: 0.00666264863685
            Jive: 0.0244845729321
            Quickstep: 0.0121428081766
            Rumba-American: 0.00958595890552
            Rumba-International: 0.00539007363841
            Rumba-Misc: 0.00377231836319
            Samba: 0.0128769418225
            Tango: 0.539537131786
            VienneseWaltz: 0.273049026728
            Waltz: 0.112498506904
        probability: 0.539537131786
        value: "Tango"
    culture:
        all:
            non_western: 0.750587642193
            western: 0.249412372708
        probability: 0.750587642193
        value: "non_western"
    gender:
        all:
            female: 0.664245069027
            male: 0.335754930973
        probability: 0.664245069027
        value: "female"
    genre_dortmund:
        all:
            alternative: 0.226783961058
            blues: 0.0314737148583
            electronic: 0.431922644377
            folkcountry: 0.0418680384755
            funksoulrnb: 0.0175351109356
            jazz: 0.071422688663
            pop: 0.0153711875901
            raphiphop: 0.00527719827369
            rock: 0.158345445991
        probability: 0.431922644377
        value: "electronic"
    genre_electronica:
        all:
            ambient: 0.618067920208
            dnb: 0.262167841196
            house: 0.0345526486635
            techno: 0.0138873970136
            trance: 0.0713242292404
        probability: 0.618067920208
        value: "ambient"
    genre_rosamerica:
        all:
            cla: 0.16219048202
            dan: 0.0423170998693
            hip: 0.0365158766508
            jaz: 0.361588329077
            pop: 0.151262894273
            rhy: 0.080458201468
            roc: 0.154790833592
            spe: 0.0108762569726
        probability: 0.361588329077
        value: "jaz"
    genre_tzanetakis:
        all:
            blu: 0.0262100435793
            cla: 0.362167745829
            cou: 0.0330174490809
            dis: 0.038646068424
            hip: 0.0125985499471
            jaz: 0.160854369402
            met: 0.0193319618702
            pop: 0.0396802127361
            reg: 0.219670236111
            roc: 0.0878233611584
        probability: 0.362167745829
        value: "cla"
    live_studio:
        all:
            live: 0.01404334791
            studio: 0.985956668854
        probability: 0.985956668854
        value: "studio"
    mood:
        all:
            Cluster1: 0.140349403024
            Cluster2: 0.264128684998
            Cluster3: 0.371277838945
            Cluster4: 0.147140607238
            Cluster5: 0.0771034583449
        probability: 0.371277838945
        value: "Cluster3"
    mood_acoustic:
        all:
            acoustic: 0.0950517728925
            not_acoustic: 0.904948234558
        probability: 0.904948234558
        value: "not_acoustic"
    mood_aggressive:
        all:
            aggressive: 0.668618500233
            not_aggressive: 0.331381499767
        probability: 0.668618500233
        value: "aggressive"
    mood_electronic:
        all:
            electronic: 0.658301830292
            not_electronic: 0.341698139906
        probability: 0.658301830292
        value: "electronic"
    mood_happy:
        all:
            happy: 0.540990412235
            not_happy: 0.459009587765
        probability: 0.540990412235
        value: "happy"
    mood_party:
        all:
            not_party: 0.645899176598
            party: 0.3541007936
        probability: 0.645899176598
        value: "not_party"
    mood_relaxed:
        all:
            not_relaxed: 0.516986548901
            relaxed: 0.483013480902
        probability: 0.516986548901
        value: "not_relaxed"
    mood_sad:
        all:
            not_sad: 0.837711691856
            sad: 0.162288337946
        probability: 0.837711691856
        value: "not_sad"
    rhythm:
        all:
            fast: 0.672257721424
            medium: 0.165333807468
            slow: 0.162408486009
        probability: 0.672257721424
        value: "fast"
    speech_music:
        all:
            music: 0.999968767166
            speech: 3.12538068101e-05
        probability: 0.999968767166
        value: "music"
    timbre:
        all:
            bright: 0.277725279331
            dark: 0.722274720669
        probability: 0.722274720669
        value: "dark"
    voice_instrumental:
        all:
            instrumental: 0.993187785149
            voice: 0.00681221159175
        probability: 0.993187785149
        value: "instrumental"

lowlevel:
    average_loudness: 0.896510183811
    barkbands_kurtosis:
        dmean: 0.889321923256
        dmean2: 1.49298858643
        dvar: 1.19075512886
        dvar2: 3.2632894516
        max: 11.0842494965
        mean: 0.437401264906
        min: -1.62715530396
        var: 3.76974797249
    barkbands_skewness:
        dmean: 0.383760035038
        dmean2: 0.632661342621
        dvar: 0.104677394032
        dvar2: 0.289038360119
        max: 1.86613285542
        mean: -0.539670526981
        min: -2.55426740646
        var: 0.611211597919
    barkbands_spread:
        dmean: 3.96447873116
        dmean2: 6.34716463089
        dvar: 12.6365804672
        dvar2: 32.6847610474
        max: 44.9341468811
        mean: 20.4167194366
        min: 4.45434331894
        var: 87.4453735352
    dissonance:
        dmean: 0.0209668334574
        dmean2: 0.0361804552376
        dvar: 0.000361046899343
        dvar2: 0.000900283572264
        max: 0.499870598316
        mean: 0.466859430075
        min: 0.287666082382
        var: 0.000579714018386
    hfc:
        dmean: 2.04392910004
        dmean2: 3.47584939003
        dvar: 7.86567878723
        dvar2: 21.4452877045
        max: 35.5457496643
        mean: 7.74252414703
        min: 0.0213203020394
        var: 53.6111183167
    pitch:
        dmean: 244.20300293
        dmean2: 458.471405029
        dvar: 144011.734375
        dvar2: 416621.375
        max: 2756.25
        mean: 504.002960205
        min: 111.363639832
        var: 121639.195312
    pitch_instantaneous_confidence:
        dmean: 0.0896367952228
        dmean2: 0.15404817462
        dvar: 0.00512375542894
        dvar2: 0.0139084048569
        max: 0.862590134144
        mean: 0.542230308056
        min: 0.220886290073
        var: 0.0170441158116
    pitch_salience:
        dmean: 0.0542532429099
        dmean2: 0.0889078974724
        dvar: 0.00203082570806
        dvar2: 0.00565095059574
        max: 0.763992369175
        mean: 0.520977139473
        min: 0.318629950285
        var: 0.00404145428911
    silence_rate_20dB:
        dmean: 0
        dmean2: 0
        dvar: 0
        dvar2: 0
        max: 1
        mean: 1
        min: 1
        var: 0
    silence_rate_30dB:
        dmean: 0
        dmean2: 0
        dvar: 0
        dvar2: 0
        max: 1
        mean: 1
        min: 1
        var: 0
    silence_rate_60dB:
        dmean: 0.0719257518649
        dmean2: 0.1441860497
        dvar: 0.0667523369193
        dvar2: 0.155954986811
        max: 1
        mean: 0.532407402992
        min: 0
        var: 0.248949542642
    spectral_centroid:
        dmean: 215.284942627
        dmean2: 344.547363281
        dvar: 60001.5429688
        dvar2: 160991.09375
        max: 4357.26269531
        mean: 1863.24865723
        min: 744.929626465
        var: 428017.59375
    spectral_complexity:
        dmean: 2.16744184494
        dmean2: 3.59673666954
        dvar: 3.88824105263
        dvar2: 9.21966171265
        max: 25
        mean: 11.4037122726
        min: 0
        var: 39.0713272095
    spectral_crest:
        dmean: 2.74814391136
        dmean2: 4.68425178528
        dvar: 5.94527864456
        dvar2: 16.8679828644
        max: 20.7748203278
        mean: 8.88986206055
        min: 3.42773532867
        var: 12.6841421127
    spectral_decrease:
        dmean: 1.96065844116e-10
        dmean2: 3.25496518627e-10
        dvar: 5.88193205561e-20
        dvar2: 1.67196530875e-19
        max: -6.75631642647e-12
        mean: -8.23046741871e-10
        min: -2.76938338928e-09
        var: 3.30267214102e-19
    spectral_energy:
        dmean: 0.000910823408049
        dmean2: 0.00151851749979
        dvar: 1.32816137466e-06
        dvar2: 3.75495778826e-06
        max: 0.0136763807386
        mean: 0.00380863831379
        min: 2.74337198789e-05
        var: 7.88344186731e-06
    spectral_energyband_high:
        dmean: 0.000133781795739
        dmean2: 0.000228537159273
        dvar: 6.66171118269e-08
        dvar2: 1.77070944574e-07
        max: 0.00286762765609
        mean: 0.000291154457955
        min: 1.31293134586e-07
        var: 2.00195756861e-07
    spectral_energyband_low:
        dmean: 4.51741398138e-05
        dmean2: 6.40703801764e-05
        dvar: 8.74906014303e-09
        dvar2: 1.85096187266e-08
        max: 0.00173092377372
        mean: 0.000137845068821
        min: 2.01010857381e-06
        var: 6.12095476527e-08
    spectral_energyband_middle_high:
        dmean: 0.000838364299852
        dmean2: 0.00141637818888
        dvar: 1.29205295707e-06
        dvar2: 3.67733400708e-06
        max: 0.012610334903
        mean: 0.00279355375096
        min: 6.72426722303e-06
        var: 6.32911496723e-06
    spectral_energyband_middle_low:
        dmean: 0.000201864910196
        dmean2: 0.00031684935675
        dvar: 5.82677266436e-08
        dvar2: 1.4300965745e-07
        max: 0.00288797006942
        mean: 0.000586072390433
        min: 8.33697413327e-06
        var: 1.73041115659e-07
    spectral_flatness_db:
        dmean: 0.0167619939893
        dmean2: 0.0282311122864
        dvar: 0.000238183885813
        dvar2: 0.000609215057921
        max: 0.337250113487
        mean: 0.206049531698
        min: 0.12409607321
        var: 0.00135262904223
    spectral_flux:
        dmean: 0.00583954621106
        dmean2: 0.0098413284868
        dvar: 3.77184042009e-05
        dvar2: 9.43221602938e-05
        max: 0.0858907625079
        mean: 0.033100053668
        min: 0.00523772090673
        var: 0.000220345886191
    spectral_kurtosis:
        dmean: 4.84157180786
        dmean2: 8.39678096771
        dvar: 31.2092666626
        dvar2: 100.165206909
        max: 40.8678321838
        mean: 9.25979328156
        min: 0.57649064064
        var: 57.3625984192
    spectral_rms:
        dmean: 0.000217761684326
        dmean2: 0.000354904361302
        dvar: 4.7116923696e-08
        dvar2: 1.23776459304e-07
        max: 0.00365278124809
        mean: 0.001795461867
        min: 0.000163598917425
        var: 4.92060735269e-07
    spectral_rolloff:
        dmean: 339.773834229
        dmean2: 584.508239746
        dvar: 171570.046875
        dvar2: 404015.5
        max: 5490.96679688
        mean: 2965.98803711
        min: 1119.7265625
        var: 881937.375
    spectral_skewness:
        dmean: 0.400419145823
        dmean2: 0.685475409031
        dvar: 0.182646006346
        dvar2: 0.546646595001
        max: 4.12457180023
        mean: 1.57508158684
        min: 0.605770349503
        var: 0.351009964943
    spectral_spread:
        dmean: 230823.390625
        dmean2: 387751.1875
        dvar: 92502196224
        dvar2: 173774077952
        max: 5868832
        mean: 2417024.25
        min: 1136194.125
        var: 956999335936
    spectral_strongpeak:
        dmean: 0.85209441185
        dmean2: 1.4005510807
        dvar: 0.842144846916
        dvar2: 2.15279579163
        max: 7.2870349884
        mean: 1.61937582493
        min: 0.00433830125257
        var: 2.10416436195
    zerocrossingrate:
        dmean: 0.00687000341713
        dmean2: 0.00891426298767
        dvar: 6.4307518187e-05
        dvar2: 7.90203921497e-05
        max: 0.21875
        mean: 0.098861657083
        min: 0.041015625
        var: 0.00104451924562
    barkbands:
        dmean: [1.36921926241e-07, 2.60434862867e-05, 2.60589804384e-05, 5.76681959501e-05, 3.45719745383e-05, 2.91199448839e-05, 1.62123797054e-05, 0.000100217497675, 8.37049228721e-05, 1.74628567038e-05, 0.000100229073723, 0.000180121540325, 0.000167735430296, 5.74062032683e-05, 4.84416268591e-05, 0.000435980648035, 0.000128203406348, 0.000419845513534, 0.000113787682494, 0.000108106207335, 4.35205074609e-05, 4.28282037319e-05, 9.19238516417e-07, 2.58882568716e-08, 4.84085489916e-07, 1.34512645467e-09, 4.38635128219e-10]
        dmean2: [2.20261227923e-07, 3.76194839191e-05, 3.60220728908e-05, 8.54883110151e-05, 5.48899479327e-05, 4.94356718264e-05, 2.39058135776e-05, 0.000159118295414, 0.000141284675919, 2.83794724965e-05, 0.000161524803843, 0.000298432336422, 0.000275052792858, 9.86849991023e-05, 8.04006049293e-05, 0.000777663255576, 0.000204391166335, 0.000720502983313, 0.000203495845199, 0.000186127246707, 7.18981391401e-05, 7.13469344191e-05, 1.42087378663e-06, 4.21126422623e-08, 8.79248830188e-07, 1.98450322841e-09, 5.4520482573e-10]
        dvar: [5.06535866853e-14, 2.31334995604e-09, 3.7915883766e-09, 1.85953314968e-08, 7.99299293419e-09, 2.13286721618e-09, 4.51458259665e-10, 2.04635757228e-08, 1.60669753058e-08, 3.78746617402e-10, 2.65064272753e-08, 5.5716459002e-08, 7.6918261982e-08, 1.43143097375e-08, 4.27009227977e-09, 8.13257258869e-07, 3.54419462667e-08, 6.63856155825e-07, 3.91779266806e-08, 5.05323711764e-08, 1.29151578321e-08, 9.21613807492e-09, 7.44223519616e-12, 7.17888205479e-15, 8.02147150786e-12, 5.51984935033e-17, 4.16063576308e-17]
        dvar2: [1.24361417973e-13, 4.41261560624e-09, 7.67466268314e-09, 4.16957739446e-08, 2.10562252079e-08, 5.39563815849e-09, 8.3520845795e-10, 5.21777714368e-08, 3.97768857852e-08, 9.10788333641e-10, 6.05523027275e-08, 1.27215699308e-07, 2.04390303793e-07, 4.19509618155e-08, 1.14668781137e-08, 2.59116222878e-06, 7.86028095945e-08, 1.72952377397e-06, 1.14379815841e-07, 1.41631929296e-07, 4.04694624478e-08, 2.59519623569e-08, 1.76395720947e-11, 1.71372942557e-14, 2.32430411723e-11, 7.62720478825e-17, 4.16272125084e-17]
        max: [2.79788901025e-06, 0.00065837445436, 0.00150584231596, 0.00160450278781, 0.00107525230851, 0.000378411146812, 0.000259775988525, 0.00125013571233, 0.00112694571726, 0.000164545650478, 0.00183554179966, 0.00230303755961, 0.00290855811909, 0.00157936289907, 0.000584780005738, 0.00953681301326, 0.00252254633233, 0.00825273431838, 0.00203979713842, 0.00260980892926, 0.00126439379528, 0.000994278001599, 4.07161824114e-05, 1.31235412937e-06, 3.43124193023e-05, 1.28486561835e-07, 1.34155243359e-07]
        mean: [3.36254942113e-07, 7.00786986272e-05, 6.74461844028e-05, 0.00011156162509, 7.74436703068e-05, 4.28693019785e-05, 3.08312628476e-05, 0.000176382847712, 0.000135882510222, 2.9131071642e-05, 0.000168959508301, 0.000287983595626, 0.000257366162259, 9.03617983568e-05, 8.65152978804e-05, 0.000715284666512, 0.000247511372436, 0.000659143552184, 0.000226018964895, 0.000169995400938, 8.68724746397e-05, 6.8262386776e-05, 1.66108850408e-06, 4.93255853939e-08, 6.91216769155e-07, 2.16960538424e-09, 4.22052282012e-10]
        min: [2.92535634605e-10, 1.25725620137e-07, 3.60482289352e-07, 2.14481090666e-07, 3.35640947924e-07, 7.81590472343e-08, 1.11843007744e-07, 7.73655528974e-07, 2.01520924747e-06, 3.32830893512e-07, 9.31866736664e-07, 1.73131638803e-06, 2.39177069261e-07, 2.59256893287e-07, 7.93475919636e-07, 9.0525043106e-07, 2.01546328071e-07, 4.40200018659e-08, 1.03903460058e-06, 1.61101468166e-07, 4.00716295701e-08, 1.25541133045e-08, 6.44087227997e-10, 4.39492955917e-11, 1.22322540985e-10, 4.75356819879e-12, 8.06600202212e-14]
        var: [1.62839332947e-13, 8.83110740091e-09, 3.25319007288e-08, 4.81956341503e-08, 1.65040781042e-08, 3.2819835738e-09, 1.49096279767e-09, 4.82690403203e-08, 2.79825567162e-08, 7.0010236497e-10, 5.78627847858e-08, 9.82780505865e-08, 1.19475927818e-07, 1.6368893796e-08, 7.72560060369e-09, 1.36301048315e-06, 6.78792986264e-08, 1.28301985569e-06, 9.58962331765e-08, 9.23226508576e-08, 3.21130038117e-08, 1.70572622693e-08, 1.46277469304e-11, 1.32411442921e-14, 7.82776708036e-12, 6.49391705647e-17, 4.16245787653e-17]
    mfcc:
        mean: [-779.800598145, 165.681716919, -114.250305176, 54.6722145081, -19.3365306854, 6.46877670288, 0.10339127481, 7.78005599976, 7.7955827713, -14.1211042404, 11.5102758408, -0.34805431962, 4.37787723541]
        cov: [[4477.68847656, -2252.59960938, 535.113586426, 831.416625977, 194.326660156, 703.776367188, 385.402557373, -147.170654297, 167.976913452, -473.539520264, -333.478607178, -246.99961853, -90.3229904175], [-2252.59960938, 2197.92871094, -730.165039062, -290.714813232, 26.6666584015, -593.524353027, -12.3568382263, 133.945678711, -315.686340332, 529.305786133, 252.14465332, 48.4811439514, 22.9998340607], [535.113586426, -730.165039062, 796.136291504, -64.0893554688, -77.935836792, 182.385604858, -112.526390076, -93.4897918701, 217.506591797, -215.055709839, 112.854240417, -2.15307879448, -50.6060333252], [831.416625977, -290.714813232, -64.0893554688, 280.07913208, 58.081199646, 136.747131348, 118.114753723, 1.70341253281, -1.65114068985, -37.0072822571, -86.3916168213, -75.0766677856, -11.06437397], [194.326660156, 26.6666584015, -77.935836792, 58.081199646, 127.17515564, 7.82984638214, 94.4757232666, -38.6966056824, -34.5516166687, -16.0320606232, -85.4089736938, -41.0942192078, -7.01651763916], [703.776367188, -593.524353027, 182.385604858, 136.747131348, 7.82984638214, 264.353302002, 50.4911308289, -39.6205787659, 114.60055542, -158.269424438, -113.719055176, -43.6396713257, -15.0972747803], [385.402557373, -12.3568382263, -112.526390076, 118.114753723, 94.4757232666, 50.4911308289, 175.885772705, -17.386724472, -30.7053012848, -12.7199811935, -104.072563171, -66.4576034546, -4.98228979111], [-147.170654297, 133.945678711, -93.4897918701, 1.70341253281, -38.6966056824, -39.6205787659, -17.386724472, 86.0166397095, -24.2431411743, 63.2876625061, 35.8536376953, 18.4420700073, 12.779914856], [167.976913452, -315.686340332, 217.506591797, -1.65114068985, -34.5516166687, 114.60055542, -30.7053012848, -24.2431411743, 158.349853516, -98.1660308838, -21.9727668762, -17.3141689301, -15.2240867615], [-473.539520264, 529.305786133, -215.055709839, -37.0072822571, -16.0320606232, -158.269424438, -12.7199811935, 63.2876625061, -98.1660308838, 221.353759766, 104.414199829, 10.5690965652, 6.00961637497], [-333.478607178, 252.14465332, 112.854240417, -86.3916168213, -85.4089736938, -113.719055176, -104.072563171, 35.8536376953, -21.9727668762, 104.414199829, 240.888076782, 46.2776145935, -7.39687108994], [-246.99961853, 48.4811439514, -2.15307879448, -75.0766677856, -41.0942192078, -43.6396713257, -66.4576034546, 18.4420700073, -17.3141689301, 10.5690965652, 46.2776145935, 82.1841049194, 25.4620132446], [-90.3229904175, 22.9998340607, -50.6060333252, -11.06437397, -7.01651763916, -15.0972747803, -4.98228979111, 12.779914856, -15.2240867615, 6.00961637497, -7.39687108994, 25.4620132446, 56.1602478027]]
        icov: [[0.00146780686919, 0.0013085269602, -0.000528592790943, -0.00266769411974, -0.000453010841738, 0.000463543634396, -0.00167397072073, 4.73957989016e-05, 0.000960953824688, -8.37575644255e-05, -0.000591533025727, 0.000121347155073, 0.000868158123922], [0.0013085269602, 0.00341233052313, 0.000902163563296, -0.000416681199567, -0.00138084008358, 0.00218315562233, -0.00248361402191, -8.36344624986e-05, 0.000436074624304, -0.00212125829421, -0.00209187413566, 0.00122328160796, 0.00116601435002], [-0.000528592790943, 0.000902163563296, 0.00566870020702, 0.00349517748691, -0.00103846867569, -0.00133628945332, 0.000607436930295, 0.00197819201276, -0.00321385334246, 0.0024473273661, -0.00583454407752, 0.00206854566932, 0.000852400902659], [-0.00266769411974, -0.000416681199567, 0.00349517748691, 0.0151944020763, -0.00165953475516, -0.00550758559257, 0.00049367453903, -0.00271845422685, 0.000200050490093, -0.000846990500577, -0.00278986035846, 0.00574370706454, -0.00182898493949], [-0.000453010841738, -0.00138084008358, -0.00103846867569, -0.00165953475516, 0.0197142288089, 0.00304823345505, -0.00537170283496, 0.00702904351056, 0.00271809496917, 0.000859341351315, 0.00558064831421, 0.000494596839417, 0.000936262076721], [0.000463543634396, 0.00218315562233, -0.00133628945332, -0.00550758559257, 0.00304823345505, 0.0158313270658, -0.00324349664152, 0.000567022711039, -0.00451432680711, 0.00112715503201, 0.00346853537485, -0.00128761783708, 0.00147839169949], [-0.00167397072073, -0.00248361402191, 0.000607436930295, 0.00049367453903, -0.00537170283496, -0.00324349664152, 0.0172575823963, -0.000942884886172, 0.00161663012113, 0.000717020826414, 0.00289835012518, 0.0061685317196, -0.00288142100908], [4.73957989016e-05, -8.36344624986e-05, 0.00197819201276, -0.00271845422685, 0.00702904351056, 0.000567022711039, -0.000942884886172, 0.020423008129, -0.00156173005234, -0.00348221720196, -0.000522880873177, -0.00301687791944, -0.00109487015288], [0.000960953824688, 0.000436074624304, -0.00321385334246, 0.000200050490093, 0.00271809496917, -0.00451432680711, 0.00161663012113, -0.00156173005234, 0.0162947382778, 0.00142438325565, 0.00206043408252, 0.00536454282701, 0.000239166998654], [-8.37575644255e-05, -0.00212125829421, 0.0024473273661, -0.000846990500577, 0.000859341351315, 0.00112715503201, 0.000717020826414, -0.00348221720196, 0.00142438325565, 0.0165769774467, -0.00547624984756, 0.00387818436138, 0.000171527412022], [-0.000591533025727, -0.00209187413566, -0.00583454407752, -0.00278986035846, 0.00558064831421, 0.00346853537485, 0.00289835012518, -0.000522880873177, 0.00206043408252, -0.00547624984756, 0.0155999083072, -0.0041673136875, 0.00119256204925], [0.000121347155073, 0.00122328160796, 0.00206854566932, 0.00574370706454, 0.000494596839417, -0.00128761783708, 0.0061685317196, -0.00301687791944, 0.00536454282701, 0.00387818436138, -0.0041673136875, 0.0279679242522, -0.00855061411858], [0.000868158123922, 0.00116601435002, 0.000852400902659, -0.00182898493949, 0.000936262076721, 0.00147839169949, -0.00288142100908, -0.00109487015288, 0.000239166998654, 0.000171527412022, 0.00119256204925, -0.00855061411858, 0.023720856756]]
    spectral_contrast:
        mean: [-3.91397207977e-08, -1.63186726354e-07, -2.64780851467e-07, 4.10732710066e-08, 2.46526042247e-07, -1.64949980785e-07, -8.42209502139e-08, 1.09445738872e-06, -1.97760186893e-07, -1.59867681759e-06, 1.21117739127e-06, -4.85798591399e-06]
        var: [0.000782743503805, 0.00122552050743, 0.00153433775995, 0.00224121334031, 0.00229295436293, 0.00292657432146, 0.0284265074879, 0.0551513358951, 0.128063723445, 0.207751139998, 0.396086931229, 1.97486042976]

rhythm:
    beats_loudness:
        dmean: 0.00165689527057
        dmean2: 0.00268649100326
        dvar: 3.16780756293e-06
        dvar2: 8.51291952131e-06
        max: 0.0111718419939
        mean: 0.003936778754
        min: 0.000464948301669
        var: 6.97143786965e-06
    beats_loudness_bass:
        dmean: 0.0524472817779
        dmean2: 0.0877411812544
        dvar: 0.00443230336532
        dvar2: 0.00723739899695
        max: 0.327708870173
        mean: 0.0668938830495
        min: 0.00390271702781
        var: 0.00737286871299
    bpm: 183.917190552
    bpm_confidence: 0
    first_peak_bpm: 186
    first_peak_spread: 0
    first_peak_weight: 0.966666698456
    onset_rate: 1.69916772842
    second_peak_bpm: 133
    second_peak_spread: 0
    second_peak_weight: 0.0333333350718
    beats_position: [0.056521076709, 0.379773914814, 0.703026771545, 1.02627956867, 1.3495323658, 1.67278516293, 1.99603807926, 2.31929087639, 2.64254379272, 2.96579670906, 3.2890496254, 3.61230254173, 3.93555545807, 4.25880861282, 4.58206129074, 4.90531396866, 5.22856712341, 5.55181980133, 5.87507295609, 6.326171875, 6.65084934235, 6.97552728653, 7.30020475388, 7.62488222122, 7.94955921173, 8.27423763275, 8.59891414642, 8.92359256744, 9.24826908112, 9.57294750214, 9.89762496948]
    bpm_estimates: [185.613220215, 181.684127808, 184.454193115]
    bpm_intervals: [0.323252826929, 0.323252856731, 0.323252797127, 0.323252797127, 0.323252797127, 0.323252916336, 0.323252797127, 0.323252916336, 0.323252916336, 0.323252916336, 0.323252916336, 0.323252916336, 0.323253154755, 0.323252677917, 0.323252677917, 0.323253154755, 0.323252677917, 0.323253154755, 0.451098918915, 0.324677467346, 0.324677944183, 0.324677467346, 0.324677467346, 0.324676990509, 0.324678421021, 0.324676513672, 0.324678421021, 0.324676513672, 0.324678421021, 0.324677467346]
    onset_times: [0.0464399084449, 2.02013611794, 2.22911572456, 2.61224484444, 2.86766433716, 3.3785033226, 3.70358276367, 4.55111122131, 5.24770975113, 6.14167785645, 6.73378705978, 7.12852621078, 7.27945566177, 8.2198638916, 8.6146030426, 9.38086128235, 9.70594120026]
    rubato_start: []
    rubato_stop: []
    perceptual_tempo: "unknown"

sfx:
    inharmonicity:
        dmean: 0.0571300052106
        dmean2: 0.101121842861
        dvar: 0.00444549880922
        dvar2: 0.0119543028995
        max: 0.443295538425
        mean: 0.0592997446656
        min: 0
        var: 0.00465165451169
    oddtoevenharmonicenergyratio:
        dmean: 4.42521476746
        dmean2: 8.47395133972
        dvar: 564.577026367
        dvar2: 1684.81176758
        max: 322.672027588
        mean: 2.79430913925
        min: 0
        var: 288.21786499
    pitch_after_max_to_before_max_energy_ratio: 3.61945772171
    pitch_centroid: 222.569366455
    pitch_max_to_total: 0.292343378067
    pitch_min_to_total: 0.591647326946
    tristimulus:
        dmean: [0.174507036805, 0.256399452686, 0.100175052881]
        dmean2: [0.303601175547, 0.460607528687, 0.1808796525]
        dvar: [0.0262401010841, 0.0573710761964, 0.0145452525467]
        dvar2: [0.0728926435113, 0.160950049758, 0.0398360490799]
        max: [1, 0.983533918858, 0.578741788864]
        mean: [0.325080931187, 0.501253128052, 0.091290794313]
        min: [0.00512089487165, 0, 0]
        var: [0.0379097387195, 0.0630192831159, 0.0153506007046]

tonal:
    chords_changes_rate: 0.0645161271095
    chords_number_rate: 0.0322580635548
    chords_strength:
        dmean: 0.00746365077794
        dmean2: 0.00773771898821
        dvar: 3.50083137164e-05
        dvar2: 3.61638085451e-05
        max: 0.511789381504
        mean: 0.378921687603
        min: 0.288834601641
        var: 0.00215827301145
    key_strength: 0.562375545502
    tuning_diatonic_strength: 0.36152279377
    tuning_equal_tempered_deviation: 0.172394707799
    tuning_frequency: 443.316436768
    tuning_nontempered_energy_ratio: 0.804654359818
    hpcp:
        dmean: [0.0248061735183, 0.037710763514, 0.0741784647107, 0.0659034997225, 0.0375219881535, 0.0519261024892, 0.0707263052464, 0.0539255142212, 0.0854637697339, 0.0796190649271, 0.11501827836, 0.134489268064, 0.106593102217, 0.153760567307, 0.117048941553, 0.0662412121892, 0.085914388299, 0.118200369179, 0.0943645164371, 0.0869267061353, 0.100606679916, 0.0928099155426, 0.0982747524977, 0.137354597449, 0.108414120972, 0.0800656825304, 0.112745858729, 0.122287802398, 0.0835298374295, 0.0338857546449, 0.0288303401321, 0.0299398042262, 0.0374543331563, 0.0449098870158, 0.054308436811, 0.0530861094594]
        dmean2: [0.0393679104745, 0.0635638162494, 0.126635432243, 0.111052006483, 0.0627106353641, 0.0847721546888, 0.115838870406, 0.0856038630009, 0.139638960361, 0.127889633179, 0.196374878287, 0.216770201921, 0.177905127406, 0.257122308016, 0.195286944509, 0.106619536877, 0.139058858156, 0.186970710754, 0.155301228166, 0.145265161991, 0.163976743817, 0.154509440064, 0.156171560287, 0.221343621612, 0.183995783329, 0.138425171375, 0.19704271853, 0.210808366537, 0.137813583016, 0.0580878853798, 0.0487899146974, 0.0471883639693, 0.0624108836055, 0.0767805501819, 0.0911477133632, 0.0820180103183]
        dvar: [0.00137970515061, 0.00329924351536, 0.00950328633189, 0.00629193801433, 0.00477356882766, 0.00461871130392, 0.0110306339338, 0.00898945517838, 0.0133625995368, 0.0207562353462, 0.0192374084145, 0.0168226081878, 0.0232453849167, 0.0255496073514, 0.0228868816048, 0.00619711074978, 0.0105046918616, 0.0178659241647, 0.0100739616901, 0.0201623290777, 0.0221352949739, 0.0235840193927, 0.0229821130633, 0.0290862452239, 0.0225969236344, 0.00673425244167, 0.0208487343043, 0.0287086386234, 0.0115018365905, 0.00115028955042, 0.00106724607758, 0.00516569102183, 0.0050080860965, 0.00273883040063, 0.00557100167498, 0.0080849500373]
        dvar2: [0.0033469365444, 0.00912028923631, 0.02590418607, 0.0160941239446, 0.0109254624695, 0.0117366081104, 0.0273059476167, 0.0180501379073, 0.0358147919178, 0.0516346730292, 0.0523881390691, 0.0442591458559, 0.0537721887231, 0.0618893839419, 0.0618673935533, 0.0166845340282, 0.027669897303, 0.045337960124, 0.0235856901854, 0.0417580641806, 0.0463388301432, 0.0515905059874, 0.0538676343858, 0.0680472403765, 0.0590241514146, 0.0184323713183, 0.0590267889202, 0.0732222124934, 0.0275649800897, 0.0032375024166, 0.00242259004153, 0.00687603931874, 0.00776518275961, 0.00807103421539, 0.0143268881366, 0.0200551263988]
        max: [0.298573583364, 0.613902568817, 1, 0.531850814819, 0.656465470791, 0.477096557617, 1, 1, 1, 1, 1, 1, 1, 1, 0.874282777309, 0.751676738262, 1, 1, 0.853980541229, 1, 1, 1, 1, 1, 1, 0.772227346897, 1, 1, 0.84386497736, 0.257117599249, 0.276980340481, 1, 0.95706474781, 0.383760929108, 0.685963571072, 0.792297422886]
        mean: [0.038950279355, 0.058841355145, 0.118818640709, 0.123192235827, 0.077153339982, 0.0789989680052, 0.116715423763, 0.117031536996, 0.210583388805, 0.337684005499, 0.268895417452, 0.357653528452, 0.495160579681, 0.333478838205, 0.177896380424, 0.11935980618, 0.166512608528, 0.22012321651, 0.176019251347, 0.148326128721, 0.144599080086, 0.1381072402, 0.171681404114, 0.292502164841, 0.293368726969, 0.159946128726, 0.238892644644, 0.301489174366, 0.14715769887, 0.0526496656239, 0.0478473566473, 0.0432678535581, 0.0558216236532, 0.0791622027755, 0.0921921208501, 0.0764520615339]
        min: [0.00176470645238, 0.0024705636315, 0.00774333253503, 0.00572265218943, 0.00293832388707, 0.0041292165406, 0.00226589874364, 0.004242235329, 0.00325899082236, 0.00122174865101, 9.64111532085e-05, 0.0117540890351, 0.00900591351092, 0.0408474653959, 0.0235984772444, 0.0110530499369, 0.00199553882703, 0.00512286601588, 0.011211710982, 0.00106369133573, 0.0036857703235, 0.00654750177637, 0.00824026856571, 0.00633084960282, 0.00650056870654, 0.00585933681577, 0.00480509735644, 0.0014105491573, 0.00185347872321, 0.00291742617264, 0.00194917770568, 0.00121540715918, 0.00735172629356, 0.00497255427763, 0.00526949902996, 0.00285088410601]
        var: [0.00176606653258, 0.00404689367861, 0.0102683510631, 0.0129986461252, 0.0122294565663, 0.00660462258384, 0.0274365022779, 0.0477487295866, 0.0654540061951, 0.163468405604, 0.0744662731886, 0.0755000635982, 0.153408795595, 0.0528765134513, 0.0292081870139, 0.0122850975022, 0.0320730879903, 0.0545359328389, 0.0295033454895, 0.0493149869144, 0.0385112054646, 0.0287481844425, 0.0345405377448, 0.0895300507545, 0.110866591334, 0.0184670723975, 0.0786054581404, 0.120008967817, 0.0271967891604, 0.00145920424256, 0.00214345869608, 0.00583740323782, 0.00546265067533, 0.00419323844835, 0.00635681580752, 0.00940123386681]
    chords_histogram: [0, 7.37327194214, 3.22580647469, 0.921658992767, 10.1382484436, 15.2073736191, 0, 0, 0, 0, 5.0691242218, 0, 0, 0, 0, 0, 0, 0, 0, 26.2672805786, 0, 0, 31.7972354889, 0]
    thpcp: [1, 0.673476159573, 0.359270066023, 0.24105271697, 0.336280018091, 0.444549143314, 0.355479121208, 0.299551576376, 0.292024612427, 0.278914034367, 0.346718639135, 0.590721845627, 0.592471897602, 0.323018699884, 0.482454895973, 0.608871519566, 0.297191858292, 0.106328465044, 0.0966299772263, 0.0873814597726, 0.112734384835, 0.159871771932, 0.186186313629, 0.154398515821, 0.0786619111896, 0.118832871318, 0.239959821105, 0.248792499304, 0.155814781785, 0.159542113543, 0.235712274909, 0.236350670457, 0.425283014774, 0.681968688965, 0.543046891689, 0.72229808569]
    chords_key: "B"
    chords_scale: "major"
    key_key: "F#"
    key_scale: "major"
    chords_progression: ["B", "B", "B", "B", "B", "B", "B", "B", "B", "B", "B", "B", "B", "B", "B", "B", "C#m", "C#m", "C#m", "C#m", "C#m", "C#m", "C#m", "C#m", "C#m", "C#m", "C#m", "C#m", "C#m", "C#m", "C#m", "C#m", "C#m", "C#m", "C#m", "C#m", "C#m", "C#m", "C#m", "C#m", "C#m", "C#m", "C#m", "C#m", "C#m", "C#m", "C#m", "C#m", "C#m", "C#m", "C#m", "C#m", "C#m", "C#", "C#", "C#", "C#", "C#", "C#", "A#m", "A#m", "A#m", "G#", "G#", "G#", "G#", "G#", "G#", "G#", "G#", "G#", "G#", "G#", "G#", "G#", "Cm", "Cm", "Cm", "Cm", "Cm", "Cm", "Cm", "Cm", "Cm", "Cm", "Cm", "Cm", "Cm", "Cm", "Cm", "Cm", "Cm", "Cm", "Cm", "Cm", "Cm", "Cm", "Cm", "Cm", "Cm", "Cm", "Cm", "Cm", "Cm", "Cm", "Cm", "Cm", "Cm", "B", "B", "B", "B", "B", "B", "B", "B", "B", "B", "B", "B", "B", "B", "B", "B", "B", "B", "B", "B", "B", "B", "B", "B", "B", "B", "B", "B", "B", "B", "B", "B", "B", "B", "B", "B", "B", "B", "B", "B", "B", "B", "B", "B", "B", "B", "B", "B", "B", "B", "B", "B", "B", "C#m", "C#m", "C#m", "C#m", "C#m", "C#m", "C#m", "C#m", "C#m", "C#m", "C#m", "C#m", "C#m", "C#m", "C#m", "C#m", "C#m", "C#m", "C#m", "C#m", "C#", "A#m", "A#m", "A#m", "A#m", "A#m", "A#m", "A#m", "A#m", "A#m", "A#m", "A#m", "A#m", "A#m", "G#", "G#", "G#", "G#", "G#", "G#", "G#", "G#", "G#", "Fm", "F", "Fm", "F", "F", "F", "F", "F", "F", "F", "F", "F", "F"]
