
metadata:
    version:
        essentia: "1.2.2"
    audio_properties:
        analysis_sample_rate: 44100
        bitrate: 128
        channels: 2
        equal_loudness: 1
        length: 10.0310201645
        replay_gain: -11.5034599304
        downmix: "mix"
    tags:
        track: 3
        year: 0
        album: "Splitted by Mp3Splt v. 2.1"
        artist: "From 000.20 To 000.30"
        comment: "http://mp3splt.sf.net"
        genre: ""
        title: "08 Boxers.mp3"

highlevel:
    ballroom:
        all:
            ChaChaCha: 0.0676604136825
            Jive: 0.484017640352
            Quickstep: 0.178525939584
            Rumba-American: 0.00373537954874
            Rumba-International: 0.0225200168788
            Rumba-Misc: 0.008097153157
            Samba: 0.120005629957
            Tango: 0.00851427670568
            VienneseWaltz: 0.0826987326145
            Waltz: 0.0242248345166
        probability: 0.484017640352
        value: "Jive"
    culture:
        all:
            non_western: 0.00818837899715
            western: 0.99181163311
        probability: 0.99181163311
        value: "western"
    gender:
        all:
            female: 0.198043003678
            male: 0.801957011223
        probability: 0.801957011223
        value: "male"
    genre_dortmund:
        all:
            alternative: 0.167557090521
            blues: 0.0246986374259
            electronic: 0.0123967304826
            folkcountry: 0.343793869019
            funksoulrnb: 0.00717196566984
            jazz: 0.00871711224318
            pop: 0.1394520998
            raphiphop: 0.00206151069142
            rock: 0.294150978327
        probability: 0.343793869019
        value: "folkcountry"
    genre_electronica:
        all:
            ambient: 0.434164911509
            dnb: 0.243016928434
            house: 0.0264318138361
            techno: 0.012816910632
            trance: 0.283569425344
        probability: 0.434164911509
        value: "ambient"
    genre_rosamerica:
        all:
            cla: 0.0476202145219
            dan: 0.0283989775926
            hip: 0.00873527955264
            jaz: 0.00782634317875
            pop: 0.463268011808
            rhy: 0.0237508863211
            roc: 0.41805228591
            spe: 0.00234797946177
        probability: 0.463268011808
        value: "pop"
    genre_tzanetakis:
        all:
            blu: 0.00152255967259
            cla: 0.00479879695922
            cou: 0.647884726524
            dis: 0.0164552014321
            hip: 0.00195283873472
            jaz: 0.0184890273958
            met: 0.0101895155385
            pop: 0.0554697290063
            reg: 0.00245772325434
            roc: 0.240779876709
        probability: 0.647884726524
        value: "cou"
    live_studio:
        all:
            live: 0.0129641601816
            studio: 0.987035810947
        probability: 0.987035810947
        value: "studio"
    mood:
        all:
            Cluster1: 0.184295505285
            Cluster2: 0.249135196209
            Cluster3: 0.431479215622
            Cluster4: 0.0421008616686
            Cluster5: 0.0929892212152
        probability: 0.431479215622
        value: "Cluster3"
    mood_acoustic:
        all:
            acoustic: 0.188913658261
            not_acoustic: 0.81108635664
        probability: 0.81108635664
        value: "not_acoustic"
    mood_aggressive:
        all:
            aggressive: 0.324652582407
            not_aggressive: 0.675347447395
        probability: 0.675347447395
        value: "not_aggressive"
    mood_electronic:
        all:
            electronic: 0.102446988225
            not_electronic: 0.897553026676
        probability: 0.897553026676
        value: "not_electronic"
    mood_happy:
        all:
            happy: 0.653070688248
            not_happy: 0.34692928195
        probability: 0.653070688248
        value: "happy"
    mood_party:
        all:
            not_party: 0.663252234459
            party: 0.336747765541
        probability: 0.663252234459
        value: "not_party"
    mood_relaxed:
        all:
            not_relaxed: 0.638886451721
            relaxed: 0.361113548279
        probability: 0.638886451721
        value: "not_relaxed"
    mood_sad:
        all:
            not_sad: 0.57933318615
            sad: 0.42066681385
        probability: 0.57933318615
        value: "not_sad"
    rhythm:
        all:
            fast: 0.786667466164
            medium: 0.0867725759745
            slow: 0.126559957862
        probability: 0.786667466164
        value: "fast"
    speech_music:
        all:
            music: 0.999696791172
            speech: 0.000303188106045
        probability: 0.999696791172
        value: "music"
    timbre:
        all:
            bright: 0.992316901684
            dark: 0.00768309505656
        probability: 0.992316901684
        value: "bright"
    voice_instrumental:
        all:
            instrumental: 0.0108662452549
            voice: 0.989133775234
        probability: 0.989133775234
        value: "voice"

lowlevel:
    average_loudness: 0.955132961273
    barkbands_kurtosis:
        dmean: 0.576183855534
        dmean2: 0.917356908321
        dvar: 0.820755124092
        dvar2: 2.14725613594
        max: 12.396115303
        mean: -0.771531641483
        min: -1.81243538857
        var: 1.83844590187
    barkbands_skewness:
        dmean: 0.349379777908
        dmean2: 0.519827604294
        dvar: 0.0879936516285
        dvar2: 0.205626398325
        max: 3.1215698719
        mean: 0.219271749258
        min: -2.13715791702
        var: 0.589010119438
    barkbands_spread:
        dmean: 4.39302062988
        dmean2: 6.84358930588
        dvar: 15.9268474579
        dvar2: 36.9178581238
        max: 53.3199195862
        mean: 31.4879360199
        min: 6.13522005081
        var: 77.5634155273
    dissonance:
        dmean: 0.0172289367765
        dmean2: 0.0289660971612
        dvar: 0.000249935896136
        dvar2: 0.00067577464506
        max: 0.49904280901
        mean: 0.458538293839
        min: 0.304831624031
        var: 0.000785537820775
    hfc:
        dmean: 1.84494328499
        dmean2: 2.7457716465
        dvar: 10.3106975555
        dvar2: 22.7453632355
        max: 50.5594329834
        mean: 6.36813592911
        min: 4.90937281938e-06
        var: 23.9241600037
    pitch:
        dmean: 776.377624512
        dmean2: 1506.27233887
        dvar: 1612872.75
        dvar2: 3970532.25
        max: 4900
        mean: 1059.3626709
        min: 105.250595093
        var: 1906479.125
    pitch_instantaneous_confidence:
        dmean: 0.0767919793725
        dmean2: 0.122922822833
        dvar: 0.00431492179632
        dvar2: 0.0100891245529
        max: 0.855643332005
        mean: 0.474745601416
        min: 0.195540785789
        var: 0.0165494028479
    pitch_salience:
        dmean: 0.053463280201
        dmean2: 0.0870134830475
        dvar: 0.00204134453088
        dvar2: 0.00517115974799
        max: 0.95604288578
        mean: 0.615033090115
        min: 0.405649185181
        var: 0.00660290662199
    silence_rate_20dB:
        dmean: 0
        dmean2: 0
        dvar: 0
        dvar2: 0
        max: 1
        mean: 1
        min: 1
        var: 0
    silence_rate_30dB:
        dmean: 0
        dmean2: 0
        dvar: 0
        dvar2: 0
        max: 1
        mean: 1
        min: 1
        var: 0
    silence_rate_60dB:
        dmean: 0.108796298504
        dmean2: 0.218097448349
        dvar: 0.0969599187374
        dvar2: 0.193733289838
        max: 1
        mean: 0.484988451004
        min: 0
        var: 0.249774560332
    spectral_centroid:
        dmean: 235.940185547
        dmean2: 347.737670898
        dvar: 48830.3359375
        dvar2: 102018.539062
        max: 4527.16015625
        mean: 1526.63659668
        min: 532.077209473
        var: 288859.5625
    spectral_complexity:
        dmean: 2.80046415329
        dmean2: 4.43720912933
        dvar: 10.2989244461
        dvar2: 23.9390850067
        max: 37
        mean: 13.0439815521
        min: 0
        var: 23.9818496704
    spectral_crest:
        dmean: 1.83555614948
        dmean2: 3.02290272713
        dvar: 2.93784451485
        dvar2: 7.77729892731
        max: 20.1973953247
        mean: 7.12867641449
        min: 2.97642350197
        var: 8.05131721497
    spectral_decrease:
        dmean: 2.42058983968e-10
        dmean2: 3.72703423679e-10
        dvar: 1.12558588928e-19
        dvar2: 2.58458501903e-19
        max: -5.12321419521e-16
        mean: -9.59400558997e-10
        min: -3.22489590587e-09
        var: 3.54930818987e-19
    spectral_energy:
        dmean: 0.00105980527587
        dmean2: 0.0016215814976
        dvar: 2.16948706111e-06
        dvar2: 4.88365412821e-06
        max: 0.0150645654649
        mean: 0.00419860612601
        min: 2.37891684129e-09
        var: 6.65113975629e-06
    spectral_energyband_high:
        dmean: 0.000128450250486
        dmean2: 0.000193554893485
        dvar: 2.06777542644e-07
        dvar2: 5.07803179062e-07
        max: 0.00843344628811
        mean: 0.000185959957889
        min: 4.12301338903e-11
        var: 2.41758016273e-07
    spectral_energyband_low:
        dmean: 8.57841368997e-05
        dmean2: 0.000147415936226
        dvar: 2.50208795904e-08
        dvar2: 6.81756517906e-08
        max: 0.00163304968737
        mean: 0.000154002191266
        min: 5.24328358509e-11
        var: 2.39833823912e-08
    spectral_energyband_middle_high:
        dmean: 0.000504894356709
        dmean2: 0.000709056854248
        dvar: 4.60011023051e-07
        dvar2: 8.06549110166e-07
        max: 0.0115593904629
        mean: 0.00193697586656
        min: 1.96117566631e-09
        var: 2.4658379516e-06
    spectral_energyband_middle_low:
        dmean: 0.00065361300949
        dmean2: 0.00105388043448
        dvar: 9.3716749916e-07
        dvar2: 2.38447250922e-06
        max: 0.00834033172578
        mean: 0.0019216457149
        min: 3.1905844633e-10
        var: 2.35582979258e-06
    spectral_flatness_db:
        dmean: 0.0169657226652
        dmean2: 0.0245721973479
        dvar: 0.000207232544199
        dvar2: 0.000459903414594
        max: 0.248599350452
        mean: 0.14747415483
        min: 0.0808326154947
        var: 0.000814991421066
    spectral_flux:
        dmean: 0.00766206905246
        dmean2: 0.0112433834001
        dvar: 7.98883993411e-05
        dvar2: 0.000146840291563
        max: 0.0969186276197
        mean: 0.0328537113965
        min: 4.87741417601e-05
        var: 0.000229265191592
    spectral_kurtosis:
        dmean: 1.42601418495
        dmean2: 2.07890534401
        dvar: 1.82487952709
        dvar2: 4.31985425949
        max: 12.1042003632
        mean: 4.75722312927
        min: -0.030622959137
        var: 5.18174791336
    spectral_rms:
        dmean: 0.000245795905357
        dmean2: 0.000368518609321
        dvar: 8.98223149193e-08
        dvar2: 1.84107932455e-07
        max: 0.00383368460461
        mean: 0.00194105796982
        min: 1.52344819071e-06
        var: 3.28496412294e-07
    spectral_rolloff:
        dmean: 337.286590576
        dmean2: 555.155822754
        dvar: 197704.40625
        dvar2: 442525.96875
        max: 6029.296875
        mean: 2924.8293457
        min: 473.73046875
        var: 678429.5625
    spectral_skewness:
        dmean: 0.186895653605
        dmean2: 0.282972931862
        dvar: 0.0298730228096
        dvar2: 0.0710660368204
        max: 2.58416175842
        mean: 1.68061697483
        min: 0.352387160063
        var: 0.120377495885
    spectral_spread:
        dmean: 894646
        dmean2: 1170154.375
        dvar: 1.21612730368e+12
        dvar2: 1.86605227213e+12
        max: 17144690
        mean: 5165394.5
        min: 2484840.25
        var: 2.76827314586e+12
    spectral_strongpeak:
        dmean: 0.498644530773
        dmean2: 0.863545179367
        dvar: 0.648721575737
        dvar2: 1.55050194263
        max: 5.48095226288
        mean: 0.848020017147
        min: 0.000124267535284
        var: 1.08505916595
    zerocrossingrate:
        dmean: 0.00798130221665
        dmean2: 0.00860283430666
        dvar: 5.4025073041e-05
        dvar2: 6.0026828578e-05
        max: 0.21240234375
        mean: 0.0902291759849
        min: 0.037109375
        var: 0.000589031958953
    barkbands:
        dmean: [8.81902622041e-08, 2.87604270852e-05, 6.92905668984e-05, 0.00018457317492, 0.000235944462474, 0.000175829380169, 0.000287762057269, 7.15921560186e-05, 7.26959769963e-05, 0.000101510420791, 3.36086413881e-05, 6.45141699351e-05, 6.14586606389e-05, 2.55466147792e-05, 2.61715213128e-05, 6.28628404229e-05, 0.00014710794494, 0.000172812287929, 0.000208092998946, 7.30432002456e-05, 5.18439919688e-05, 3.17755802826e-05, 7.3664618867e-06, 4.02690648116e-06, 4.12658619098e-06, 1.90606556316e-07, 4.51765347353e-10]
        dmean2: [1.08637600249e-07, 5.12900842295e-05, 0.000120578304632, 0.000303739623632, 0.000394835718907, 0.000271215365501, 0.000489321420901, 0.000107324602141, 0.000100455596112, 0.000154307897901, 5.455018254e-05, 9.63234269875e-05, 9.12647665245e-05, 4.0443832404e-05, 4.09450804e-05, 0.000102773221442, 0.00022390022059, 0.000267102383077, 0.000321683328366, 0.000117634888738, 7.67736855778e-05, 5.27830306964e-05, 1.12559719128e-05, 5.84279632676e-06, 5.76443198952e-06, 2.71275382602e-07, 7.16041947957e-10]
        dvar: [1.1211607814e-12, 5.0930686335e-09, 1.28513155673e-08, 1.082000054e-07, 1.93230548007e-07, 1.36195566824e-07, 3.3010661582e-07, 2.03676542299e-08, 1.07790052439e-08, 5.36824380504e-08, 6.54733911531e-09, 1.69920379989e-08, 3.25905311627e-08, 1.54298740451e-09, 1.14253395633e-09, 3.86862142321e-09, 3.13903356641e-08, 8.05751625421e-08, 8.85680151441e-08, 1.55252948275e-08, 2.88716197616e-08, 4.7115086943e-08, 2.09064565659e-09, 8.70703995015e-11, 1.15675032053e-10, 1.43042384036e-13, 6.35825612729e-19]
        dvar2: [1.12835739016e-12, 1.44768970145e-08, 3.61522509706e-08, 2.7897306154e-07, 4.90067805003e-07, 2.9145766689e-07, 9.14274892239e-07, 3.47894655306e-08, 2.0052615568e-08, 1.37969294656e-07, 1.34365434334e-08, 3.57566491971e-08, 6.88100669777e-08, 3.38822925272e-09, 2.57500976097e-09, 9.91583615217e-09, 6.22991365162e-08, 1.62352932875e-07, 1.8930693102e-07, 3.84757292693e-08, 6.37220978206e-08, 1.34331472168e-07, 5.29545607364e-09, 1.95740215703e-10, 2.31180005694e-10, 3.11478490569e-13, 1.26350804592e-18]
        max: [2.19940484385e-05, 0.000670114648528, 0.000962922349572, 0.00262116664089, 0.00442924816161, 0.00456232856959, 0.00704990932718, 0.00194434868172, 0.00181739008985, 0.00423469115049, 0.00136797630694, 0.00192011438776, 0.00286599574611, 0.000432054308476, 0.000432014348917, 0.000624118139967, 0.00219414173625, 0.00385838840157, 0.0041615087539, 0.00120906718075, 0.00318932114169, 0.00369891780429, 0.000836519233417, 0.000138317991514, 0.00020981648413, 4.39494488091e-06, 9.84700765372e-09]
        mean: [1.17270310795e-07, 4.52037456853e-05, 0.000108706895844, 0.000242635869654, 0.000394171453081, 0.000400059099775, 0.00053529185243, 0.000157258211402, 0.000178987931577, 0.000217336200876, 5.07192635268e-05, 0.000114016831503, 0.000122088022181, 5.0475311582e-05, 5.46435294382e-05, 0.000128162704641, 0.000320624531014, 0.000361024023732, 0.000455881963717, 0.000132780274726, 7.27664810256e-05, 3.52780407411e-05, 9.17454599403e-06, 5.87418435316e-06, 5.07878485223e-06, 2.53560784813e-07, 4.90240625872e-10]
        min: [9.08462714777e-12, 2.32835174752e-11, 2.43840798247e-11, 2.91391563656e-11, 8.23171392161e-11, 8.37855201885e-11, 6.58794130359e-11, 2.56104130958e-11, 2.17569018357e-11, 9.37146957258e-11, 1.25041282883e-10, 1.52710774581e-10, 1.09110394331e-10, 1.56434639548e-11, 5.23555400422e-11, 4.48051908075e-11, 6.11758588231e-10, 6.92164325855e-10, 5.18226711543e-11, 3.03295062676e-11, 1.21646729148e-11, 1.17089645271e-11, 1.87535859238e-12, 1.7456668706e-12, 2.24929558486e-12, 2.07805777794e-12, 4.35171131985e-13]
        var: [1.12160346115e-12, 3.49415274492e-09, 1.44809639835e-08, 1.11032292693e-07, 2.4689919087e-07, 3.48529994199e-07, 8.84579037574e-07, 9.42847719898e-08, 4.9690818571e-08, 3.40752876582e-07, 1.14895657433e-08, 3.9716496758e-08, 9.28819829937e-08, 3.26540949835e-09, 2.23754748063e-09, 1.01123376339e-08, 9.43337283843e-08, 2.04177013075e-07, 2.3192842491e-07, 2.1786119575e-08, 3.92586549935e-08, 3.53343203585e-08, 1.91956694984e-09, 1.58666760286e-10, 2.00807467876e-10, 2.31882980699e-13, 8.24831367915e-19]
    mfcc:
        mean: [-712.709289551, 116.506607056, -43.6877250671, 48.2084732056, -5.04677438736, -24.197265625, -1.27860486507, 0.0435866042972, -8.58020114899, -9.42182159424, -2.73442411423, -4.13058710098, -3.07866883278]
        cov: [[2605.39648438, -683.449157715, 268.035614014, -92.3403167725, -124.489112854, 41.9578018188, 16.8301124573, -64.4797515869, -25.2127189636, -32.1307487488, 46.3469734192, -8.19412136078, -101.863677979], [-683.449157715, 881.968383789, -262.411346436, -91.7245178223, -21.6184692383, -139.152359009, 14.6597394943, 53.0699310303, -121.079536438, 39.4833602905, 5.77377891541, 74.6102294922, 15.1405696869], [268.035614014, -262.411346436, 307.09387207, -22.9169845581, -14.0438108444, 60.499042511, -15.0466938019, -22.8229751587, 8.23893070221, -11.3178405762, -10.1429710388, -12.234454155, -12.4030046463], [-92.3403167725, -91.7245178223, -22.9169845581, 221.845962524, 80.6765594482, 43.2000236511, -33.1372070312, -29.1647491455, 61.9800338745, 9.80351161957, -34.2304458618, -47.1509666443, 39.7837257385], [-124.489112854, -21.6184692383, -14.0438108444, 80.6765594482, 111.418464661, 19.069480896, -9.2110786438, -25.2995529175, 31.7492141724, 11.648859024, -13.909113884, -19.5865631104, 7.78046560287], [41.9578018188, -139.152359009, 60.499042511, 43.2000236511, 19.069480896, 134.506652832, -4.69588756561, -6.58479881287, 24.6761322021, -3.98448324203, -11.7914800644, -19.9241580963, -3.37452197075], [16.8301124573, 14.6597394943, -15.0466938019, -33.1372070312, -9.2110786438, -4.69588756561, 112.242294312, 26.6036510468, -5.24646091461, -14.3049631119, 8.81137371063, 9.15254020691, -1.39898085594], [-64.4797515869, 53.0699310303, -22.8229751587, -29.1647491455, -25.2995529175, -6.58479881287, 26.6036510468, 75.9374694824, -2.29950213432, -3.19078707695, 2.50124454498, 12.2223682404, -2.4561920166], [-25.2127189636, -121.079536438, 8.23893070221, 61.9800338745, 31.7492141724, 24.6761322021, -5.24646091461, -2.29950213432, 108.455482483, 8.96204566956, -19.5777053833, -30.9953861237, 23.1044559479], [-32.1307487488, 39.4833602905, -11.3178405762, 9.80351161957, 11.648859024, -3.98448324203, -14.3049631119, -3.19078707695, 8.96204566956, 57.0467529297, 7.6172785759, 3.30956077576, 0.733151972294], [46.3469734192, 5.77377891541, -10.1429710388, -34.2304458618, -13.909113884, -11.7914800644, 8.81137371063, 2.50124454498, -19.5777053833, 7.6172785759, 59.8232345581, 25.6777667999, -7.51154613495], [-8.19412136078, 74.6102294922, -12.234454155, -47.1509666443, -19.5865631104, -19.9241580963, 9.15254020691, 12.2223682404, -30.9953861237, 3.30956077576, 25.6777667999, 64.6208190918, 3.32390093803], [-101.863677979, 15.1405696869, -12.4030046463, 39.7837257385, 7.78046560287, -3.37452197075, -1.39898085594, -2.4561920166, 23.1044559479, 0.733151972294, -7.51154613495, 3.32390093803, 59.7085494995]]
        icov: [[0.000598563114181, 0.000523852184415, -6.69640212436e-05, -8.27718104119e-05, 0.000712954439223, 0.000247712567216, -0.000222258109716, 0.000492884020787, 0.00028978617047, -0.000219194480451, -1.83921129064e-05, -0.000253254489508, 0.000768069236074], [0.000523852184415, 0.00293344072998, 0.00163938163314, 0.000755303946789, -6.73451577313e-05, 0.00124697654974, -1.98732304852e-05, -0.000625155400485, 0.00289983744733, -0.0021115320269, 0.00191890704446, -0.00119885499589, -0.000747826474253], [-6.69640212436e-05, 0.00163938163314, 0.00510663818568, 0.0015854339581, 8.17903201096e-05, -0.00121740228496, 0.000585680769291, 0.000639886944555, 0.00127925071865, -0.000775210792199, 0.00192442035768, -0.000403165176976, -0.000785905111115], [-8.27718104119e-05, 0.000755303946789, 0.0015854339581, 0.00940127111971, -0.00465443730354, -0.0016265977174, 0.00174752820749, 0.000326688517816, -0.000244048758759, -0.000910710776225, 0.00177090906072, 0.00356805394404, -0.0055687171407], [0.000712954439223, -6.73451577313e-05, 8.17903201096e-05, -0.00465443730354, 0.0145063716918, -0.000376256386517, -0.00153824093286, 0.00433556968346, -0.00219238479622, -0.00157856987789, 0.000450462946901, -0.000866368762217, 0.00355501356535], [0.000247712567216, 0.00124697654974, -0.00121740228496, -0.0016265977174, -0.000376256386517, 0.00979037582874, -0.000334060488967, -0.000785319018178, 0.000135658527142, -0.000192248437088, 0.000749694765545, -2.77255549008e-05, 0.00154525367543], [-0.000222258109716, -1.98732304852e-05, 0.000585680769291, 0.00174752820749, -0.00153824093286, -0.000334060488967, 0.0106259714812, -0.00353108602576, -0.000256305065705, 0.00267150066793, -0.00126870523673, 0.000282551452983, -0.00124053610489], [0.000492884020787, -0.000625155400485, 0.000639886944555, 0.000326688517816, 0.00433556968346, -0.000785319018178, -0.00353108602576, 0.0173114966601, -0.00272118579596, 0.000327757705236, 0.000999940093607, -0.00239307503216, 0.00224266201258], [0.00028978617047, 0.00289983744733, 0.00127925071865, -0.000244048758759, -0.00219238479622, 0.000135658527142, -0.000256305065705, -0.00272118579596, 0.0163218006492, -0.00438980851322, 0.0027207385283, 0.00395066523924, -0.00577672943473], [-0.000219194480451, -0.0021115320269, -0.000775210792199, -0.000910710776225, -0.00157856987789, -0.000192248437088, 0.00267150066793, 0.000327757705236, -0.00438980851322, 0.0212029274553, -0.00465587852523, -0.000812001933809, 0.00177594972774], [-1.83921129064e-05, 0.00191890704446, 0.00192442035768, 0.00177090906072, 0.000450462946901, 0.000749694765545, -0.00126870523673, 0.000999940093607, 0.0027207385283, -0.00465587852523, 0.0233284104615, -0.0079850461334, 0.0010805958882], [-0.000253254489508, -0.00119885499589, -0.000403165176976, 0.00356805394404, -0.000866368762217, -2.77255549008e-05, 0.000282551452983, -0.00239307503216, 0.00395066523924, -0.000812001933809, -0.0079850461334, 0.024938384071, -0.00648127961904], [0.000768069236074, -0.000747826474253, -0.000785905111115, -0.0055687171407, 0.00355501356535, 0.00154525367543, -0.00124053610489, 0.00224266201258, -0.00577672943473, 0.00177594972774, 0.0010805958882, -0.00648127961904, 0.0241927094758]]
    spectral_contrast:
        mean: [-3.27556080038e-07, 5.07131005634e-07, -1.50494827267e-07, 1.19123058084e-07, 1.78124068384e-07, 2.14514628283e-07, 3.38201175509e-06, -2.03487093131e-06, -1.48908128494e-07, 2.76402738564e-06, -1.31902865519e-07, -2.06574236472e-06]
        var: [0.000569613359403, 0.000643957871944, 0.00126076093875, 0.00200164620765, 0.00269916770048, 0.00619114888832, 0.0403426885605, 0.0769671052694, 0.105519086123, 0.15156430006, 0.360790461302, 1.44636809826]

rhythm:
    beats_loudness:
        dmean: 0.00358768063597
        dmean2: 0.00711057288572
        dvar: 6.90191973263e-06
        dvar2: 1.63123277162e-05
        max: 0.0140903098509
        mean: 0.00606048852205
        min: 0.00232334411703
        var: 9.81219000096e-06
    beats_loudness_bass:
        dmean: 0.129463493824
        dmean2: 0.233235731721
        dvar: 0.0191110763699
        dvar2: 0.0558753237128
        max: 0.498524010181
        mean: 0.155612111092
        min: 0.0403703711927
        var: 0.017441328615
    bpm: 96.5869522095
    bpm_confidence: 0
    first_peak_bpm: 96
    first_peak_spread: 0.0666666030884
    first_peak_weight: 0.933333396912
    onset_rate: 4.08732128143
    second_peak_bpm: 0
    second_peak_spread: 0
    second_peak_weight: 0
    beats_position: [0.290463417768, 0.912744700909, 1.53502595425, 2.1573073864, 2.77958869934, 3.40187001228, 4.02415132523, 4.64643287659, 5.26871395111, 5.89099550247, 6.54411077499, 7.16424322128, 7.78437566757, 8.40450763702, 9.02464103699, 9.64477348328]
    bpm_estimates: [96.5684585571, 96.3416290283, 96.5070114136, 96.417640686, 96.1643829346, 96.666519165, 96.2721405029, 97.007232666, 96.5275421143, 96.6952362061, 97.2416534424, 96.5242538452, 96.5456771851, 96.7377624512]
    bpm_intervals: [0.622281312943, 0.622281253338, 0.622281432152, 0.622281312943, 0.622281312943, 0.622281312943, 0.622281551361, 0.622281074524, 0.622281551361, 0.653115272522, 0.620132446289, 0.620132446289, 0.620131969452, 0.620133399963, 0.620132446289]
    onset_times: [0.0580498874187, 0.905578255653, 1.2190476656, 1.39319729805, 1.54412698746, 1.8575963974, 2.15945577621, 2.46131515503, 2.63546490669, 2.7863945961, 3.08825397491, 3.42494320869, 3.72680282593, 3.93578219414, 4.3073015213, 4.67882108688, 4.79492044449, 4.95746040344, 5.14321994781, 5.29414987564, 5.61922883987, 5.9094786644, 6.25777769089, 6.40870761871, 6.5596370697, 6.6989569664, 6.88471651077, 7.16335582733, 7.47682523727, 7.63936519623, 7.80190467834, 8.103764534, 8.28952407837, 8.4172334671, 8.75392246246, 8.893242836, 9.05578231812, 9.19510173798, 9.38086128235, 9.65950107574, 9.97297096252]
    rubato_start: []
    rubato_stop: []
    perceptual_tempo: "unknown"

sfx:
    inharmonicity:
        dmean: 0.0476159490645
        dmean2: 0.0843426883221
        dvar: 0.00267548765987
        dvar2: 0.00784346740693
        max: 0.334925889969
        mean: 0.0543801002204
        min: 0
        var: 0.00270360894501
    oddtoevenharmonicenergyratio:
        dmean: 10.1061029434
        dmean2: 19.7343769073
        dvar: 3349.17919922
        dvar2: 11542.4101562
        max: 570.060302734
        mean: 5.7328877449
        min: 0
        var: 1739.4630127
    pitch_after_max_to_before_max_energy_ratio: 1.69559395313
    pitch_centroid: 220.445343018
    pitch_max_to_total: 0.432870358229
    pitch_min_to_total: 0.326388895512
    tristimulus:
        dmean: [0.215947598219, 0.268038064241, 0.139237076044]
        dmean2: [0.384477078915, 0.465224117041, 0.246938750148]
        dvar: [0.0397851355374, 0.0535234734416, 0.0204040389508]
        dvar2: [0.116399340332, 0.158477947116, 0.0560187622905]
        max: [1, 0.970658004284, 0.779322743416]
        mean: [0.348802149296, 0.431161165237, 0.128779068589]
        min: [0.0293419640511, 0, 0]
        var: [0.047730140388, 0.0679269134998, 0.0218400135636]

tonal:
    chords_changes_rate: 0.0416666679084
    chords_number_rate: 0.0231481473893
    chords_strength:
        dmean: 0.00700203562155
        dmean2: 0.00652175862342
        dvar: 5.20796129422e-05
        dvar2: 4.46158046543e-05
        max: 0.766924858093
        mean: 0.53974634409
        min: 0.35151013732
        var: 0.00497189350426
    key_strength: 0.864549696445
    tuning_diatonic_strength: 0.643310368061
    tuning_equal_tempered_deviation: 0.0413006804883
    tuning_frequency: 440.508575439
    tuning_nontempered_energy_ratio: 0.637196540833
    hpcp:
        dmean: [0.147448644042, 0.135431960225, 0.0964237377048, 0.0634612962604, 0.0647936314344, 0.0814892873168, 0.0872278138995, 0.0545415580273, 0.0344447083771, 0.0307066049427, 0.0455991998315, 0.119347222149, 0.157968685031, 0.131731405854, 0.119660161436, 0.131163746119, 0.107562087476, 0.101733267307, 0.106447346509, 0.111759550869, 0.178919047117, 0.211655989289, 0.154748946428, 0.0767971873283, 0.0977119207382, 0.118331223726, 0.141631603241, 0.131512239575, 0.116665177047, 0.105016306043, 0.111660577357, 0.101565614343, 0.128731578588, 0.180475845933, 0.171373128891, 0.163512825966]
        dmean2: [0.234663501382, 0.224366262555, 0.163314372301, 0.109177730978, 0.111349269748, 0.134154289961, 0.137722611427, 0.0860083326697, 0.0537674725056, 0.0489860661328, 0.0763605386019, 0.191753268242, 0.260124713182, 0.240197330713, 0.201548039913, 0.223676785827, 0.179250791669, 0.165263473988, 0.178036123514, 0.193484827876, 0.297905474901, 0.35909640789, 0.255828291178, 0.13214340806, 0.169009581208, 0.203967228532, 0.249183103442, 0.216240510345, 0.196672081947, 0.177220419049, 0.18765746057, 0.169927954674, 0.196853891015, 0.29140663147, 0.298526406288, 0.281080335379]
        dvar: [0.0295424312353, 0.0228624027222, 0.0202183574438, 0.0128474431112, 0.013206220232, 0.0133666573092, 0.0105924382806, 0.00313149974681, 0.00203305971809, 0.00154003733769, 0.00832663290203, 0.018527969718, 0.0321909748018, 0.0366203822196, 0.0265357475728, 0.0405522808433, 0.0219436641783, 0.0235010124743, 0.0273005664349, 0.0272125396878, 0.0329967774451, 0.051831997931, 0.0253458265215, 0.0134555790573, 0.0370850116014, 0.0395651832223, 0.0465848594904, 0.026101719588, 0.027220485732, 0.0263539049774, 0.0279955212027, 0.0237047597766, 0.0185213945806, 0.0391829349101, 0.0437441319227, 0.0385361239314]
        dvar2: [0.0699237734079, 0.0543796978891, 0.0460516810417, 0.0373925454915, 0.0373527444899, 0.03185018152, 0.0252231657505, 0.00805774237961, 0.00506150443107, 0.00343961361796, 0.020258564502, 0.0463478714228, 0.0728260055184, 0.10121807456, 0.059365041554, 0.080382488668, 0.049517262727, 0.0557471960783, 0.0625437796116, 0.072674818337, 0.0829015001655, 0.108432434499, 0.0669542625546, 0.0351706370711, 0.10347288847, 0.101807825267, 0.125345334411, 0.0571198277175, 0.0725976377726, 0.0649766176939, 0.0749737247825, 0.0673886016011, 0.0489177964628, 0.0835463032126, 0.112390145659, 0.109793111682]
        max: [1, 1, 1, 1, 0.963940441608, 1, 1, 0.379826426506, 0.360534161329, 0.306497067213, 0.998707175255, 1, 1, 1, 1, 1, 1, 1, 1, 1, 1, 1, 1, 0.748024880886, 1, 0.988281071186, 1, 1, 1, 1, 1, 1, 1, 1, 1, 1]
        mean: [0.47392180562, 0.307425379753, 0.127743840218, 0.076228864491, 0.0802951529622, 0.144089818001, 0.165996834636, 0.0965939834714, 0.0525750666857, 0.0463988594711, 0.0578385777771, 0.193550750613, 0.281529814005, 0.189377114177, 0.208393350244, 0.252977997065, 0.160484403372, 0.125459879637, 0.136038586497, 0.133155494928, 0.358242362738, 0.545379042625, 0.300737172365, 0.0914218574762, 0.101931490004, 0.128878757358, 0.219357609749, 0.252261132002, 0.172132790089, 0.141521856189, 0.151756301522, 0.129964783788, 0.248813286424, 0.385695427656, 0.275130748749, 0.332537680864]
        min: [0.0104216123, 0.00327532622032, 0.00257010594942, 0.00185262004379, 0.00361766922288, 0.00606734026223, 0.00680407090113, 0.00604282598943, 0.00156013446394, 0.000712663808372, 0.00219535082579, 0.00449173990637, 0.00574717437848, 0.00366956135258, 0.00221696612425, 0.00274720764719, 0.0025894541759, 0.0045489189215, 0.00357091776095, 0.00213211867958, 0.00976627506316, 0.0144747775048, 0.0074285948649, 0.00137987732887, 0.00152304151561, 0.00279691512696, 0.00804540049285, 0.00677714683115, 0.00308853923343, 0.00142161420081, 0.00116787559818, 0.00177462142892, 0.00556268449873, 0.00570325367153, 0.00469136890024, 0.00113163271453]
        var: [0.118156991899, 0.0617652721703, 0.0276512503624, 0.00926999002695, 0.0121460771188, 0.0334743559361, 0.0290791727602, 0.00620048912242, 0.00364445406012, 0.00231974176131, 0.00758762145415, 0.0323644950986, 0.0636414960027, 0.0435867644846, 0.0602980814874, 0.106132395566, 0.0408421270549, 0.0257515031844, 0.0352818630636, 0.0303850565106, 0.0659023821354, 0.119378373027, 0.0460049249232, 0.0145506095141, 0.0288048498333, 0.0353774018586, 0.0708118379116, 0.0684517249465, 0.0307514797896, 0.0361605137587, 0.0343607142568, 0.0230767205358, 0.0417739115655, 0.109025724232, 0.0586397461593, 0.0665159076452]
    chords_histogram: [48.6111106873, 6.94444465637, 16.2037029266, 0, 0, 0, 0, 0, 0.462962955236, 0, 0, 0, 0, 0, 0, 0, 0, 0, 0, 0, 0, 0, 19.9074077606, 7.87037038803]
    thpcp: [1, 0.551427841187, 0.167629942298, 0.186900272965, 0.236310437322, 0.402211278677, 0.462542772293, 0.315620481968, 0.259492665529, 0.278258413076, 0.238301753998, 0.456220835447, 0.707206189632, 0.504476189613, 0.609736800194, 0.868976950645, 0.563691198826, 0.234229460359, 0.13977226615, 0.147228166461, 0.26420122385, 0.304369658232, 0.177113488317, 0.0964009687304, 0.085076354444, 0.106052070856, 0.354892164469, 0.516209423542, 0.347239434719, 0.382107377052, 0.463857203722, 0.294262140989, 0.230041623116, 0.249438598752, 0.244152203202, 0.656868577003]
    chords_key: "A"
    chords_scale: "major"
    key_key: "A"
    key_scale: "major"
    chords_progression: ["F#m", "F#m", "F#m", "F#m", "F#m", "F#m", "F#m", "F#m", "F#m", "F#m", "F#m", "F#m", "F#m", "F#m", "D", "D", "D", "D", "D", "D", "D", "D", "D", "D", "D", "D", "D", "D", "D", "D", "D", "D", "D", "D", "D", "D", "D", "D", "D", "D", "D", "D", "D", "D", "D", "D", "D", "D", "D", "D", "D", "D", "D", "D", "D", "D", "D", "F#m", "F#m", "C#", "F#m", "A", "C#m", "C#m", "C#m", "C#m", "C#m", "E", "E", "E", "E", "E", "E", "E", "E", "E", "E", "E", "E", "E", "E", "E", "E", "E", "E", "E", "E", "E", "E", "E", "E", "E", "E", "E", "E", "E", "E", "E", "E", "E", "E", "E", "C#m", "C#m", "C#m", "C#m", "C#m", "C#m", "C#m", "C#m", "C#m", "C#m", "A", "A", "A", "A", "A", "A", "A", "A", "A", "A", "A", "A", "A", "A", "A", "A", "A", "A", "A", "A", "A", "A", "A", "A", "A", "A", "A", "A", "A", "A", "A", "A", "A", "A", "A", "A", "A", "A", "A", "A", "A", "A", "A", "A", "A", "A", "A", "A", "A", "A", "A", "A", "A", "A", "A", "A", "A", "A", "A", "A", "A", "A", "A", "A", "A", "A", "A", "A", "A", "A", "A", "A", "A", "A", "A", "A", "A", "A", "A", "A", "A", "A", "A", "A", "A", "A", "A", "A", "A", "A", "A", "A", "A", "A", "A", "A", "A", "A", "A", "A", "A", "A", "A", "A"]
