
metadata:
    version:
        essentia: "1.2.2"
    audio_properties:
        analysis_sample_rate: 44100
        bitrate: 128
        channels: 2
        equal_loudness: 1
        length: 10.0571432114
        replay_gain: -7.75434684753
        downmix: "mix"
    tags:
        track: 3
        year: 0
        album: "Splitted by Mp3Splt v. 2.1"
        artist: "From 000.20 To 000.30"
        comment: "http://mp3splt.sf.net"
        genre: ""
        title: "08 Acquiesce.mp3"

highlevel:
    ballroom:
        all:
            ChaChaCha: 0.00757005345076
            Jive: 0.037076536566
            Quickstep: 0.0149548547342
            Rumba-American: 0.0192031096667
            Rumba-International: 0.167860955
            Rumba-Misc: 0.588719666004
            Samba: 0.0187519993633
            Tango: 0.00527408486232
            VienneseWaltz: 0.0250890403986
            Waltz: 0.115499690175
        probability: 0.588719666004
        value: "Rumba-Misc"
    culture:
        all:
            non_western: 0.141647472978
            western: 0.858352541924
        probability: 0.858352541924
        value: "western"
    gender:
        all:
            female: 0.736672997475
            male: 0.263327002525
        probability: 0.736672997475
        value: "female"
    genre_dortmund:
        all:
            alternative: 0.278372883797
            blues: 0.00958251394331
            electronic: 0.0125591512769
            folkcountry: 0.198685839772
            funksoulrnb: 0.0062968111597
            jazz: 0.0111560299993
            pop: 0.223234012723
            raphiphop: 0.00177811284084
            rock: 0.258334666491
        probability: 0.278372883797
        value: "alternative"
    genre_electronica:
        all:
            ambient: 0.612376153469
            dnb: 0.0705239847302
            house: 0.0587586276233
            techno: 0.0224223807454
            trance: 0.235918864608
        probability: 0.612376153469
        value: "ambient"
    genre_rosamerica:
        all:
            cla: 0.0269862636924
            dan: 0.103021167219
            hip: 0.0140947252512
            jaz: 0.123393915594
            pop: 0.387453198433
            rhy: 0.0647657513618
            roc: 0.271068900824
            spe: 0.00921606086195
        probability: 0.387453198433
        value: "pop"
    genre_tzanetakis:
        all:
            blu: 0.0128153059632
            cla: 0.0257634986192
            cou: 0.0985659584403
            dis: 0.0154680721462
            hip: 0.00332997366786
            jaz: 0.109468027949
            met: 0.00773879000917
            pop: 0.429106980562
            reg: 0.0527600571513
            roc: 0.244983330369
        probability: 0.429106980562
        value: "pop"
    live_studio:
        all:
            live: 0.569907903671
            studio: 0.430092066526
        probability: 0.569907903671
        value: "live"
    mood:
        all:
            Cluster1: 0.0518825165927
            Cluster2: 0.0825719386339
            Cluster3: 0.8197504282
            Cluster4: 0.041431915015
            Cluster5: 0.0043632183224
        probability: 0.8197504282
        value: "Cluster3"
    mood_acoustic:
        all:
            acoustic: 0.569295525551
            not_acoustic: 0.430704474449
        probability: 0.569295525551
        value: "acoustic"
    mood_aggressive:
        all:
            aggressive: 0.00315225729719
            not_aggressive: 0.996847748756
        probability: 0.996847748756
        value: "not_aggressive"
    mood_electronic:
        all:
            electronic: 0.172407388687
            not_electronic: 0.827592611313
        probability: 0.827592611313
        value: "not_electronic"
    mood_happy:
        all:
            happy: 0.037069696933
            not_happy: 0.962930321693
        probability: 0.962930321693
        value: "not_happy"
    mood_party:
        all:
            not_party: 0.975448012352
            party: 0.0245519746095
        probability: 0.975448012352
        value: "not_party"
    mood_relaxed:
        all:
            not_relaxed: 0.0714184418321
            relaxed: 0.928581535816
        probability: 0.928581535816
        value: "relaxed"
    mood_sad:
        all:
            not_sad: 0.070949241519
            sad: 0.92905074358
        probability: 0.92905074358
        value: "sad"
    rhythm:
        all:
            fast: 0.181850761175
            medium: 0.109865397215
            slow: 0.70828384161
        probability: 0.70828384161
        value: "slow"
    speech_music:
        all:
            music: 0.999999582767
            speech: 4.33798589938e-07
        probability: 0.999999582767
        value: "music"
    timbre:
        all:
            bright: 0.802422046661
            dark: 0.19757796824
        probability: 0.802422046661
        value: "bright"
    voice_instrumental:
        all:
            instrumental: 0.601609706879
            voice: 0.398390263319
        probability: 0.601609706879
        value: "instrumental"

lowlevel:
    average_loudness: 0.93321698904
    barkbands_kurtosis:
        dmean: 1.65087115765
        dmean2: 2.47677206993
        dvar: 3.5746948719
        dvar2: 7.8272023201
        max: 23.0929698944
        mean: 3.33597397804
        min: -1.82424414158
        var: 21.7522068024
    barkbands_skewness:
        dmean: 0.352847009897
        dmean2: 0.51836168766
        dvar: 0.105774849653
        dvar2: 0.211900040507
        max: 4.32032632828
        mean: 1.72144520283
        min: -1.18009972572
        var: 0.931891560555
    barkbands_spread:
        dmean: 4.20258903503
        dmean2: 6.10859870911
        dvar: 37.1961326599
        dvar2: 55.4496002197
        max: 84.3944702148
        mean: 21.4444084167
        min: 4.16460895538
        var: 179.189819336
    dissonance:
        dmean: 0.0212731789798
        dmean2: 0.0354885160923
        dvar: 0.000530424353201
        dvar2: 0.000922212784644
        max: 0.498391240835
        mean: 0.446778565645
        min: 0
        var: 0.00127797620371
    hfc:
        dmean: 0.622426569462
        dmean2: 0.808966219425
        dvar: 1.40006756783
        dvar2: 1.98436975479
        max: 18.5330429077
        mean: 2.71116423607
        min: 0.000899192178622
        var: 7.94804239273
    pitch:
        dmean: 142.625137329
        dmean2: 277.088592529
        dvar: 348142.25
        dvar2: 921158.75
        max: 5512.5
        mean: 315.786468506
        min: 73.2558135986
        var: 322422.96875
    pitch_instantaneous_confidence:
        dmean: 0.0614252462983
        dmean2: 0.0916674211621
        dvar: 0.00379673345014
        dvar2: 0.00765770114958
        max: 0.906009078026
        mean: 0.501459121704
        min: 0.16485452652
        var: 0.0384919531643
    pitch_salience:
        dmean: 0.0508981049061
        dmean2: 0.0831242725253
        dvar: 0.00214503146708
        dvar2: 0.0049140532501
        max: 0.959309160709
        mean: 0.554211378098
        min: 0.264288812876
        var: 0.01075851731
    silence_rate_20dB:
        dmean: 0
        dmean2: 0
        dvar: 0
        dvar2: 0
        max: 1
        mean: 1
        min: 1
        var: 0
    silence_rate_30dB:
        dmean: 0
        dmean2: 0
        dvar: 0
        dvar2: 0
        max: 1
        mean: 1
        min: 1
        var: 0
    silence_rate_60dB:
        dmean: 0.0506912432611
        dmean2: 0.0993071570992
        dvar: 0.0481214001775
        dvar2: 0.0940636396408
        max: 1
        mean: 0.519540250301
        min: 0
        var: 0.249618142843
    spectral_centroid:
        dmean: 149.36126709
        dmean2: 203.355697632
        dvar: 81526.21875
        dvar2: 106163.257812
        max: 6063.04492188
        mean: 754.749633789
        min: 310.944213867
        var: 432119.46875
    spectral_complexity:
        dmean: 1.25173211098
        dmean2: 2.01388883591
        dvar: 1.64332389832
        dvar2: 3.21739411354
        max: 18
        mean: 6.77188920975
        min: 0
        var: 10.5447387695
    spectral_crest:
        dmean: 1.8520693779
        dmean2: 2.94122648239
        dvar: 2.79170060158
        dvar2: 6.78491306305
        max: 20.1920471191
        mean: 9.82067012787
        min: 3.19831776619
        var: 12.9801988602
    spectral_decrease:
        dmean: 1.95781127421e-10
        dmean2: 2.95351770818e-10
        dvar: 8.53551518222e-20
        dvar2: 1.82265525663e-19
        max: -1.76848702241e-13
        mean: -9.3230501097e-10
        min: -4.00124333666e-09
        var: 4.95232515748e-19
    spectral_energy:
        dmean: 0.00077546259854
        dmean2: 0.00116485531908
        dvar: 1.35016932745e-06
        dvar2: 2.80989911516e-06
        max: 0.0165307484567
        mean: 0.00376464333385
        min: 7.49028117752e-07
        var: 8.02350950835e-06
    spectral_energyband_high:
        dmean: 4.48727805633e-05
        dmean2: 6.15043609287e-05
        dvar: 1.41565088541e-08
        dvar2: 2.23708767066e-08
        max: 0.00220598420128
        mean: 9.79618707788e-05
        min: 5.94801896625e-09
        var: 5.29627541823e-08
    spectral_energyband_low:
        dmean: 0.00012780680845
        dmean2: 0.000171463208972
        dvar: 1.95333349495e-08
        dvar2: 3.65172390104e-08
        max: 0.00181622314267
        mean: 0.000455844914541
        min: 1.0106901982e-08
        var: 9.09710777819e-08
    spectral_energyband_middle_high:
        dmean: 0.000119740478112
        dmean2: 0.000167202393641
        dvar: 6.24239717695e-08
        dvar2: 9.16654414596e-08
        max: 0.00439888006076
        mean: 0.000537825457286
        min: 2.78387233266e-07
        var: 3.18453203363e-07
    spectral_energyband_middle_low:
        dmean: 0.000676955096424
        dmean2: 0.00105838757008
        dvar: 1.15363411624e-06
        dvar2: 2.64694244834e-06
        max: 0.0122507736087
        mean: 0.00267294095829
        min: 4.52646020221e-07
        var: 5.7398701756e-06
    spectral_flatness_db:
        dmean: 0.0160131119192
        dmean2: 0.0233405698091
        dvar: 0.000225054347538
        dvar2: 0.000410780252423
        max: 0.277170926332
        mean: 0.184307962656
        min: 0.0796921178699
        var: 0.00108298612759
    spectral_flux:
        dmean: 0.00534743117169
        dmean2: 0.00867233797908
        dvar: 3.67417087546e-05
        dvar2: 7.8962832049e-05
        max: 0.0980572253466
        mean: 0.0210235808045
        min: 0.00314814061858
        var: 0.00011661634926
    spectral_kurtosis:
        dmean: 2.62949466705
        dmean2: 4.19351005554
        dvar: 8.62550735474
        dvar2: 20.8302097321
        max: 28.6983757019
        mean: 7.89549827576
        min: -1.37366199493
        var: 32.7464981079
    spectral_rms:
        dmean: 0.000186500445125
        dmean2: 0.000274030229775
        dvar: 5.79338461648e-08
        dvar2: 9.56810239927e-08
        max: 0.00401591323316
        mean: 0.00179271039087
        min: 2.70325563179e-05
        var: 4.59010067289e-07
    spectral_rolloff:
        dmean: 379.938842773
        dmean2: 592.710998535
        dvar: 557772.625
        dvar2: 843124.9375
        max: 10077.5390625
        mean: 1396.13574219
        min: 215.33203125
        var: 2294814.5
    spectral_skewness:
        dmean: 0.273185670376
        dmean2: 0.42052963376
        dvar: 0.0746281445026
        dvar2: 0.140756487846
        max: 4.05420827866
        mean: 2.08622431755
        min: -0.463318377733
        var: 0.418812662363
    spectral_spread:
        dmean: 660322.75
        dmean2: 888960.6875
        dvar: 958535172096
        dvar2: 1.32022612787e+12
        max: 16320506
        mean: 4517646.5
        min: 1757969.625
        var: 5.48741159322e+12
    spectral_strongpeak:
        dmean: 0.114079155028
        dmean2: 0.184196949005
        dvar: 0.0416182689369
        dvar2: 0.0961653664708
        max: 2.6507267952
        mean: 0.38675442338
        min: 0.000417639210355
        var: 0.151655733585
    zerocrossingrate:
        dmean: 0.00806171540171
        dmean2: 0.00833808071911
        dvar: 0.000161554242368
        dvar2: 0.000119220530905
        max: 0.314453125
        mean: 0.0504178516567
        min: 0.00341796875
        var: 0.00134024792351
    barkbands:
        dmean: [4.72799968065e-07, 6.30461072433e-05, 9.94218280539e-05, 6.69679575367e-05, 0.000453291781014, 0.000145838595927, 7.83913492342e-05, 0.00014114798978, 5.35019826202e-05, 1.95171414816e-05, 7.13515191819e-06, 1.55694215209e-05, 1.70599032572e-05, 1.33154971991e-05, 5.30123506906e-05, 2.13585954043e-05, 2.14581705222e-05, 3.32109157171e-05, 2.4592211048e-05, 1.56750829774e-05, 1.79398757609e-05, 1.50967616719e-05, 3.33977527589e-06, 1.26666200231e-05, 3.76290563509e-06, 1.69475782741e-07, 2.34600533444e-10]
        dmean2: [7.85263580383e-07, 8.56851547724e-05, 0.000133929293952, 0.000105044156953, 0.000741574680433, 0.000200449852855, 0.000110091161332, 0.000197315952391, 5.12683145644e-05, 2.82859055005e-05, 1.09787961264e-05, 2.23187307711e-05, 2.19387784455e-05, 1.97983354155e-05, 8.42917725095e-05, 3.21568113577e-05, 3.3643344068e-05, 4.93762490805e-05, 3.69346271327e-05, 2.29394372582e-05, 2.8465381547e-05, 2.28210392379e-05, 4.17781984652e-06, 1.71880819835e-05, 4.7878343139e-06, 2.55425618434e-07, 4.21561452413e-10]
        dvar: [1.74470287935e-13, 3.3029734503e-09, 1.19354179873e-08, 6.49126041807e-09, 5.93557672346e-07, 5.00917352042e-08, 7.92887817624e-08, 3.0132412121e-07, 9.34885449055e-08, 2.60808308283e-09, 1.93453822406e-10, 3.76740388885e-10, 8.1429829546e-10, 2.92652985179e-10, 2.71138560493e-08, 1.67718172683e-09, 1.12147757747e-09, 7.5519963616e-09, 3.16475268214e-09, 1.67570179954e-09, 1.27654964377e-09, 4.64022464897e-09, 2.91332485913e-10, 4.56060300635e-09, 6.50534182078e-10, 1.11922548052e-12, 2.32119675332e-19]
        dvar2: [5.19469504304e-13, 6.67011734734e-09, 2.16619611138e-08, 1.53111354706e-08, 1.83125371223e-06, 8.76294947716e-08, 1.61344473781e-07, 6.46642320135e-07, 4.64239811038e-08, 5.94530513709e-09, 4.1905057202e-10, 6.91951662635e-10, 1.24475318941e-09, 6.82242651262e-10, 5.61853923386e-08, 4.01411481832e-09, 2.57641175061e-09, 9.37769950582e-09, 7.12560010996e-09, 3.51352480443e-09, 3.27146509882e-09, 1.03227115744e-08, 5.24761456511e-10, 9.98579263722e-09, 1.24940280344e-09, 2.73952345184e-12, 6.53299389579e-19]
        max: [2.83538452095e-06, 0.000509198638611, 0.00142631260678, 0.000767141405959, 0.00766809936613, 0.00345686962828, 0.00497625209391, 0.0083996579051, 0.00772658456117, 0.000669908593409, 0.000199494956178, 0.000267571158474, 0.000524252827745, 0.000205874734093, 0.00261353957467, 0.000784766743891, 0.00038306665374, 0.00159214017913, 0.000715576810762, 0.000790356076322, 0.00045774973114, 0.000902249943465, 0.000310788513161, 0.00156459223945, 0.00044755009003, 1.90511746041e-05, 4.61715510269e-09]
        mean: [8.30359738302e-07, 0.000158310358529, 0.000296775659081, 0.000137564216857, 0.00125384621788, 0.000585479196161, 0.000210569225601, 0.000323321233736, 0.000149884348502, 4.085512046e-05, 1.27689809233e-05, 3.69413864973e-05, 4.81047209178e-05, 3.15476900141e-05, 0.000120670527394, 5.06868054799e-05, 5.46499577467e-05, 7.84409494372e-05, 5.36661063961e-05, 3.61496167898e-05, 3.62665159628e-05, 1.72398758878e-05, 4.29352257925e-06, 2.0707026124e-05, 4.87920442538e-06, 1.97997678697e-07, 2.22516574611e-10]
        min: [9.8235819479e-10, 5.20961407346e-09, 3.03633163057e-09, 2.8434610222e-09, 1.05607300682e-08, 3.15970041243e-08, 7.5649765563e-08, 4.69674219516e-08, 1.2494638213e-07, 1.02280033332e-07, 1.51462025144e-08, 3.03304004134e-09, 3.18249981923e-09, 2.93063373569e-09, 4.43950032292e-09, 5.97781779632e-09, 1.09597788622e-08, 1.16162212294e-07, 2.93598532153e-08, 5.30856691938e-09, 3.26679905349e-09, 3.67210595265e-10, 1.41373968088e-10, 1.96029664723e-10, 1.04447721305e-10, 1.646972142e-11, 7.58945315447e-13]
        var: [2.72885772139e-13, 1.03494857129e-08, 6.08170225291e-08, 1.34599611457e-08, 1.77007461843e-06, 4.97111614095e-07, 3.7277615661e-07, 5.38814560969e-07, 6.05489617556e-07, 8.50811154862e-09, 4.03719557784e-10, 1.37715305826e-09, 3.53468232461e-09, 8.61149374032e-10, 5.53315970819e-08, 3.92886168044e-09, 3.19067261501e-09, 2.31788028771e-08, 8.60600479768e-09, 5.38518563076e-09, 3.42088646299e-09, 7.0319252643e-09, 5.15868958662e-10, 1.16681624363e-08, 1.05265063333e-09, 1.91595220592e-12, 1.8164061656e-19]
    mfcc:
        mean: [-770.729309082, 156.630279541, -31.4667472839, 46.7856903076, 15.7411460876, -6.6502161026, 0.0231966469437, -11.647559166, -4.1209025383, 0.320102602243, -7.72443151474, 6.80741071701, -17.5958499908]
        cov: [[3168.51391602, -1440.76086426, 765.255371094, -294.296051025, -128.226730347, -369.757324219, -35.1750602722, -483.510253906, -34.2191047668, 261.20413208, -258.91885376, 95.5804367065, -244.172668457], [-1440.76086426, 1385.1854248, -723.700561523, 267.756561279, 129.9972229, 104.499946594, 86.0866394043, 175.354446411, -15.8914232254, -79.9780654907, 85.6833648682, 16.8521556854, 111.265892029], [765.255371094, -723.700561523, 653.878051758, -172.769775391, -84.6797409058, -124.990692139, -57.8121871948, -147.036758423, -39.5285568237, 35.4321556091, -142.923614502, 71.5912475586, -127.035011292], [-294.296051025, 267.756561279, -172.769775391, 184.650131226, 26.9864273071, 62.3917541504, 12.1059703827, 36.0119132996, -2.51216840744, -7.20830345154, 37.0896644592, -13.4174537659, 29.1393795013], [-128.226730347, 129.9972229, -84.6797409058, 26.9864273071, 158.020584106, 81.6653060913, 9.74645900726, 58.0652656555, -16.5461807251, -44.8056373596, 47.6423721313, -24.0961837769, 19.1701087952], [-369.757324219, 104.499946594, -124.990692139, 62.3917541504, 81.6653060913, 274.705749512, -30.971830368, 171.855194092, 14.7968559265, -120.427726746, 137.876495361, -95.4379653931, 102.835998535], [-35.1750602722, 86.0866394043, -57.8121871948, 12.1059703827, 9.74645900726, -30.971830368, 82.3582687378, -17.1399097443, -0.0976643264294, 20.803560257, -23.287815094, 10.2095603943, -8.09763240814], [-483.510253906, 175.354446411, -147.036758423, 36.0119132996, 58.0652656555, 171.855194092, -17.1399097443, 247.559524536, 10.8736982346, -94.6775970459, 136.306030273, -95.0690078735, 95.969039917], [-34.2191047668, -15.8914232254, -39.5285568237, -2.51216840744, -16.5461807251, 14.7968559265, -0.0976643264294, 10.8736982346, 73.6299133301, 3.00279545784, 17.1269626617, -33.9905891418, 29.2561168671], [261.20413208, -79.9780654907, 35.4321556091, -7.20830345154, -44.8056373596, -120.427726746, 20.803560257, -94.6775970459, 3.00279545784, 134.297149658, -63.3672943115, 32.9314880371, -56.1243057251], [-258.91885376, 85.6833648682, -142.923614502, 37.0896644592, 47.6423721313, 137.876495361, -23.287815094, 136.306030273, 17.1269626617, -63.3672943115, 170.099716187, -68.2838134766, 78.9661941528], [95.5804367065, 16.8521556854, 71.5912475586, -13.4174537659, -24.0961837769, -95.4379653931, 10.2095603943, -95.0690078735, -33.9905891418, 32.9314880371, -68.2838134766, 114.751266479, -59.0142173767], [-244.172668457, 111.265892029, -127.035011292, 29.1393795013, 19.1701087952, 102.835998535, -8.09763240814, 95.969039917, 29.2561168671, -56.1243057251, 78.9661941528, -59.0142173767, 124.411582947]]
        icov: [[0.000881102401763, 0.00087415066082, 0.000234155726503, 0.000134297879413, -0.000479606271256, 0.000267276918748, 8.96156925592e-05, 0.00102679198608, 0.000587204995099, -0.000538924650755, 6.5311382059e-05, 0.000311922747642, -5.28180753463e-05], [0.00087415066082, 0.0038064471446, 0.00331060867757, -0.0015406338498, -0.00118275661953, 0.00105368334334, -7.39382885513e-05, -0.000994939939119, 0.000996395945549, 0.000989595428109, 0.00214757258072, -0.00255484227091, -0.000236264299019], [0.000234155726503, 0.00331060867757, 0.00643778219819, 0.000522779067978, 4.7527217248e-05, 0.000118055118946, 0.0019533301238, -0.00120231497567, 0.00159611238632, 0.00195036642253, 0.00381075521, -0.00262186606415, 0.00174161046743], [0.000134297879413, -0.0015406338498, 0.000522779067978, 0.00893151015043, 0.000733302382287, -0.00306684104726, 0.000242959227762, 0.00183752458543, 0.00127497373614, -0.00239212508313, -0.000580770196393, 0.000930078502279, 0.00053453608416], [-0.000479606271256, -0.00118275661953, 4.7527217248e-05, 0.000733302382287, 0.00908450875431, -0.00259487330914, -0.00166499742772, 0.000113949325169, 0.00213676062413, 0.00118879775982, -0.00119257473852, 0.00117565842811, 0.00189051032066], [0.000267276918748, 0.00105368334334, 0.000118055118946, -0.00306684104726, -0.00259487330914, 0.0117312576622, 0.00131040485576, -0.00199767807499, 5.76057900616e-05, 0.00531318085268, -0.00233594886959, 0.00263579888269, -0.00213336711749], [8.96156925592e-05, -7.39382885513e-05, 0.0019533301238, 0.000242959227762, -0.00166499742772, 0.00131040485576, 0.0153829324991, -0.00022365708719, -0.000182662144653, -0.00117361184675, 0.00297840684652, 8.5132465756e-05, 0.000190234757611], [0.00102679198608, -0.000994939939119, -0.00120231497567, 0.00183752458543, 0.000113949325169, -0.00199767807499, -0.00022365708719, 0.0129824019969, 0.00276050460525, 0.000729815277737, -0.00507909571752, 0.00634464621544, -0.00123488565441], [0.000587204995099, 0.000996395945549, 0.00159611238632, 0.00127497373614, 0.00213676062413, 5.76057900616e-05, -0.000182662144653, 0.00276050460525, 0.0190044492483, -0.00137838977389, -6.68100256007e-05, 0.00559554155916, -0.0033198564779], [-0.000538924650755, 0.000989595428109, 0.00195036642253, -0.00239212508313, 0.00118879775982, 0.00531318085268, -0.00117361184675, 0.000729815277737, -0.00137838977389, 0.0155016127974, 0.000443423952674, 0.00111305224709, 0.00295845605433], [6.5311382059e-05, 0.00214757258072, 0.00381075521, -0.000580770196393, -0.00119257473852, -0.00233594886959, 0.00297840684652, -0.00507909571752, -6.68100256007e-05, 0.000443423952674, 0.0153458062559, -0.00138029910158, -0.00171818432864], [0.000311922747642, -0.00255484227091, -0.00262186606415, 0.000930078502279, 0.00117565842811, 0.00263579888269, 8.5132465756e-05, 0.00634464621544, 0.00559554155916, 0.00111305224709, -0.00138029910158, 0.0199514459819, 0.00227991421707], [-5.28180753463e-05, -0.000236264299019, 0.00174161046743, 0.00053453608416, 0.00189051032066, -0.00213336711749, 0.000190234757611, -0.00123488565441, -0.0033198564779, 0.00295845605433, -0.00171818432864, 0.00227991421707, 0.0165229868144]]
    spectral_contrast:
        mean: [2.06908111977e-07, -1.2077150302e-07, 4.37326775682e-07, 1.4399877557e-07, -2.49950659281e-07, -4.5252836145e-08, -3.13192185786e-06, -1.52582401824e-06, 1.61646698871e-06, 5.05952812091e-07, 5.29574890606e-07, 1.29646963387e-07]
        var: [0.000386123807402, 0.000851309043355, 0.00130756944418, 0.00270332954824, 0.00308472686447, 0.00439998321235, 0.0580753386021, 0.0940449386835, 0.102346733212, 0.174120128155, 0.353450059891, 2.04649949074]

rhythm:
    beats_loudness:
        dmean: 0.00154597486835
        dmean2: 0.00210855482146
        dvar: 2.70105738309e-06
        dvar2: 4.48042646894e-06
        max: 0.00957256369293
        mean: 0.00408748677
        min: 0.00125207554083
        var: 6.2003914536e-06
    beats_loudness_bass:
        dmean: 0.106668904424
        dmean2: 0.180038437247
        dvar: 0.00929788593203
        dvar2: 0.0248374678195
        max: 0.514583587646
        mean: 0.230104386806
        min: 0.034750238061
        var: 0.0204585939646
    bpm: 135.962539673
    bpm_confidence: 0
    first_peak_bpm: 136
    first_peak_spread: 0
    first_peak_weight: 0.54545456171
    onset_rate: 3.38068199158
    second_peak_bpm: 144
    second_peak_spread: 0
    second_peak_weight: 0.409090906382
    beats_position: [0.333617120981, 0.774954915047, 1.21629261971, 1.65763032436, 2.09896826744, 2.54030609131, 2.98164391518, 3.42298173904, 3.86431956291, 4.30565738678, 4.74699544907, 5.18833303452, 5.6296710968, 5.94792509079, 6.36457967758, 6.78123426437, 7.19788980484, 7.61454343796, 8.03119850159, 8.44785308838, 8.86450767517, 9.28116226196, 9.69781684875]
    bpm_estimates: [137.252914429, 134.672164917]
    bpm_intervals: [0.441337794065, 0.441337704659, 0.441337704659, 0.441337943077, 0.441337823868, 0.441337823868, 0.441337823868, 0.441337823868, 0.441337823868, 0.441338062286, 0.441337585449, 0.441338062286, 0.318253993988, 0.416654586792, 0.416654586792, 0.416655540466, 0.416653633118, 0.416655063629, 0.416654586792, 0.416654586792, 0.416654586792, 0.416654586792]
    onset_times: [0.0580498874187, 0.31346938014, 0.592108845711, 0.847528338432, 1.1261677742, 1.27709746361, 1.45124721527, 1.62539684772, 1.8575963974, 2.03174614906, 2.12462592125, 2.32199549675, 2.46131515503, 2.65868473053, 2.99537420273, 3.44816327095, 4.19120168686, 4.55111122131, 4.74848079681, 5.56117916107, 5.630838871, 6.21133804321, 6.35065746307, 7.12852621078, 7.45360565186, 7.61614513397, 7.92961454391, 8.45206356049, 8.6958732605, 8.98612213135, 9.4040813446, 9.4853515625, 9.57823085785, 9.86848068237]
    rubato_start: []
    rubato_stop: []
    perceptual_tempo: "unknown"

sfx:
    inharmonicity:
        dmean: 0.0155469616875
        dmean2: 0.0276518967003
        dvar: 0.000688926782459
        dvar2: 0.0019531880971
        max: 0.330582201481
        mean: 0.0168148707598
        min: 0
        var: 0.000697378593031
    oddtoevenharmonicenergyratio:
        dmean: 1.43162965775
        dmean2: 2.72340369225
        dvar: 51.2370681763
        dvar2: 151.674942017
        max: 96.1389923096
        mean: 1.04266893864
        min: 0
        var: 26.9526042938
    pitch_after_max_to_before_max_energy_ratio: 5.96401596069
    pitch_centroid: 187.389648438
    pitch_max_to_total: 0.0299539174885
    pitch_min_to_total: 0.917050719261
    tristimulus:
        dmean: [0.156526431441, 0.15643581748, 0.0512731485069]
        dmean2: [0.271923363209, 0.265212953091, 0.0910938233137]
        dvar: [0.0297467764467, 0.0284647271037, 0.00317291682586]
        dvar2: [0.0789956375957, 0.0798092186451, 0.00798842590302]
        max: [1, 0.944406449795, 0.572686076164]
        mean: [0.54138815403, 0.364767730236, 0.0767478570342]
        min: [0.0334487445652, 0, 0]
        var: [0.0458452217281, 0.0391909442842, 0.00460185250267]

tonal:
    chords_changes_rate: 0.0321100912988
    chords_number_rate: 0.0137614682317
    chords_strength:
        dmean: 0.00686684949324
        dmean2: 0.00630146916956
        dvar: 4.19034186052e-05
        dvar2: 4.57737623947e-05
        max: 0.722141742706
        mean: 0.527569830418
        min: 0.380474418402
        var: 0.00528470566496
    key_strength: 0.849444508553
    tuning_diatonic_strength: 0.662567913532
    tuning_equal_tempered_deviation: 0.111512854695
    tuning_frequency: 437.718536377
    tuning_nontempered_energy_ratio: 0.77000027895
    hpcp:
        dmean: [0.0825314223766, 0.0556840077043, 0.0177611615509, 0.0131824733689, 0.0235959365964, 0.0379021130502, 0.0592441111803, 0.0715158805251, 0.0776599347591, 0.0777467116714, 0.0710167363286, 0.0290275383741, 0.0216184295714, 0.0596232637763, 0.130595937371, 0.134671658278, 0.15479055047, 0.074832983315, 0.0154767781496, 0.0119095221162, 0.0159237980843, 0.0281918477267, 0.0270865373313, 0.0253831744194, 0.0208469778299, 0.0144261494279, 0.0251098386943, 0.0443837493658, 0.047021009028, 0.0672035813332, 0.0646903067827, 0.0786056518555, 0.0392029136419, 0.0157251544297, 0.0185345914215, 0.0583338923752]
        dmean2: [0.125306755304, 0.0892325937748, 0.0302779190242, 0.0232185609639, 0.0430685915053, 0.0576540902257, 0.0925638303161, 0.118552938104, 0.133192583919, 0.133520871401, 0.12385442853, 0.0512963347137, 0.0373335033655, 0.0964254960418, 0.214709475636, 0.226899892092, 0.240707501769, 0.121159426868, 0.0259907990694, 0.0197727717459, 0.0245978403836, 0.0382761396468, 0.0413376018405, 0.0390199199319, 0.0322398580611, 0.0259866155684, 0.0424394831061, 0.0648915991187, 0.0667489394546, 0.111796051264, 0.102233253419, 0.13369487226, 0.0668087154627, 0.0283145643771, 0.0335092134774, 0.0894556716084]
        dvar: [0.0239992477, 0.0139010278508, 0.00296802446246, 0.00317625654861, 0.0161903984845, 0.0101657332852, 0.0200779139996, 0.0249208621681, 0.0191502310336, 0.0349120385945, 0.0243037883192, 0.0042946417816, 0.00196849671192, 0.0191925037652, 0.0424435436726, 0.0461087040603, 0.0484892204404, 0.022397140041, 0.000721187563613, 0.000545985181816, 0.000702296150848, 0.00168117356952, 0.00206523342058, 0.00266284309328, 0.00168729561847, 0.00375416502357, 0.00896836631, 0.00540556712076, 0.00700422655791, 0.00795197859406, 0.0177449155599, 0.0145891830325, 0.00845755729824, 0.00169839186128, 0.00263806246221, 0.0112111223862]
        dvar2: [0.052791044116, 0.0348728746176, 0.00869596749544, 0.00804364588112, 0.0395702458918, 0.0220574885607, 0.0381999276578, 0.05721328035, 0.0492115095258, 0.073571421206, 0.059616073966, 0.0116333924234, 0.00522085512057, 0.0453973971307, 0.085553213954, 0.107543453574, 0.0871454998851, 0.0521856993437, 0.00205358117819, 0.00154806126375, 0.00158383871894, 0.00317117525265, 0.00471769785509, 0.00594089273363, 0.00342461443506, 0.0113969212398, 0.0262771993876, 0.0109471566975, 0.0115470448509, 0.0194489974529, 0.0372963100672, 0.0384585633874, 0.0218978058547, 0.00488615315408, 0.007822137326, 0.0293300244957]
        max: [1, 1, 0.556972205639, 0.473825097084, 1, 1, 1, 1, 1, 1, 1, 0.560528695583, 0.277627766132, 1, 1, 1, 1, 1, 0.19827863574, 0.183541730046, 0.290697544813, 0.454010546207, 0.403739154339, 0.549417793751, 0.424536198378, 0.642105042934, 1, 1, 1, 0.686604321003, 1, 1, 0.934323430061, 0.392007023096, 0.422345280647, 0.80714148283]
        mean: [0.162440359592, 0.10141479969, 0.0227418970317, 0.0145244328305, 0.021883321926, 0.0636202543974, 0.141118615866, 0.118156470358, 0.123730376363, 0.216427743435, 0.139702111483, 0.0304053761065, 0.0238782279193, 0.058429159224, 0.241587072611, 0.472920835018, 0.35141646862, 0.0849036127329, 0.0212150961161, 0.0177067350596, 0.0315927378833, 0.0687891095877, 0.0619420744479, 0.0508656352758, 0.0437276735902, 0.0164243727922, 0.0308375228196, 0.0849304497242, 0.0831162333488, 0.165657639503, 0.37617713213, 0.270641893148, 0.0482047237456, 0.019471719861, 0.020613130182, 0.0906341895461]
        min: [0.00132708414458, 0.00100410927553, 0.000666018167976, 0.000357202778105, 0.000301260966808, 0.000747271929868, 0.00146156782284, 0.00154555344488, 0, 0.000299242848996, 0.000728256069124, 0.000899229664356, 0.000700244330801, 0.00239597517066, 0.00483254669234, 0.0122071821243, 0.00191059696954, 0.000652085174806, 0.000916727469303, 0.000544766779058, 0.00133130128961, 0.00247598509304, 0.00319283828139, 0.00294749392197, 0.00132978567854, 0.000343740102835, 0.00117379345465, 0.00173270970117, 0.00124331889674, 0.000675327319186, 0.00076542259194, 0.000798828434199, 0.000618610356469, 0.000736863235943, 0.00111797626596, 0.00097156438278]
        var: [0.0508449710906, 0.022682826966, 0.00215831492096, 0.00248220120557, 0.0138594787568, 0.0247344970703, 0.0718680694699, 0.0509282164276, 0.0335987582803, 0.113929666579, 0.0526868663728, 0.00411677453667, 0.0016304331366, 0.0179989282042, 0.0753744021058, 0.148808926344, 0.113282322884, 0.0214043837041, 0.000837740546558, 0.000768123369198, 0.00174843007699, 0.00792889017612, 0.00576374027878, 0.00453298399225, 0.00374469603412, 0.00231997924857, 0.00647692382336, 0.0225069671869, 0.0218893736601, 0.0322053655982, 0.186602056026, 0.0953153148293, 0.00803678762168, 0.00136472599115, 0.00172498961911, 0.0151813337579]
    chords_histogram: [57.3394508362, 7.33944940567, 34.4036712646, 0, 0, 0, 0, 0, 0, 0, 0, 0, 0, 0, 0, 0, 0, 0, 0, 0, 0, 0, 0.917431175709, 0]
    thpcp: [1, 0.743076741695, 0.179530292749, 0.0448597185314, 0.0374412238598, 0.0668034404516, 0.145455867052, 0.130977675319, 0.107556343079, 0.0924629867077, 0.0347296446562, 0.0652065202594, 0.179587036371, 0.17575083673, 0.350286185741, 0.79543364048, 0.572277367115, 0.101929791272, 0.0411733165383, 0.0435868501663, 0.191647693515, 0.34348320961, 0.21444350481, 0.048088170588, 0.0307121872902, 0.0462726950645, 0.134526222944, 0.298397958279, 0.249844074249, 0.2616302073, 0.457640528679, 0.295402735472, 0.0642927363515, 0.0504909604788, 0.123549558222, 0.510840415955]
    chords_key: "G"
    chords_scale: "major"
    key_key: "G"
    key_scale: "major"
    chords_progression: ["D", "D", "D", "D", "D", "D", "D", "D", "D", "D", "D", "D", "D", "D", "D", "D", "D", "D", "D", "D", "D", "D", "D", "D", "D", "D", "D", "D", "D", "D", "D", "D", "D", "D", "D", "D", "D", "D", "D", "D", "D", "D", "D", "D", "D", "D", "D", "D", "D", "D", "D", "D", "D", "D", "D", "D", "D", "D", "D", "D", "D", "D", "D", "D", "Bm", "Bm", "Bm", "D", "D", "D", "D", "D", "D", "D", "D", "D", "D", "D", "Bm", "Bm", "Bm", "Bm", "Bm", "Bm", "G", "G", "G", "G", "G", "G", "G", "G", "G", "G", "G", "G", "G", "G", "G", "G", "G", "G", "G", "G", "G", "G", "G", "G", "G", "G", "G", "G", "G", "G", "G", "G", "G", "G", "G", "G", "G", "G", "G", "G", "G", "G", "G", "G", "G", "G", "G", "G", "G", "G", "G", "G", "G", "G", "G", "G", "G", "G", "G", "G", "G", "G", "G", "G", "G", "G", "G", "G", "G", "G", "G", "G", "G", "G", "G", "C", "C", "G", "G", "G", "G", "G", "G", "G", "G", "G", "G", "G", "G", "G", "G", "G", "G", "G", "G", "G", "G", "G", "G", "G", "G", "G", "G", "G", "G", "G", "G", "G", "G", "G", "G", "G", "G", "G", "G", "G", "G", "G", "G", "G", "G", "G", "G", "G", "G", "G", "G", "Bm", "Bm", "Bm", "Bm", "Bm", "Bm", "Bm"]
