
metadata:
    version:
        essentia: "1.2.2"
    audio_properties:
        analysis_sample_rate: 44100
        bitrate: 128
        channels: 2
        equal_loudness: 1
        length: 10.0048980713
        replay_gain: -11.5704441071
        downmix: "mix"
    tags:
        track: 4
        year: 0
        album: "Splitted by Mp3Splt v. 2.1"
        artist: "From 000.30 To 000.40"
        comment: "http://mp3splt.sf.net"
        genre: ""
        title: "01 Caring Is Creepy.mp3"

highlevel:
    ballroom:
        all:
            ChaChaCha: 0.113652803004
            Jive: 0.465397626162
            Quickstep: 0.122113294899
            Rumba-American: 0.00383870489895
            Rumba-International: 0.0361713580787
            Rumba-Misc: 0.00916099734604
            Samba: 0.0857962891459
            Tango: 0.0148151526228
            VienneseWaltz: 0.123864561319
            Waltz: 0.0251892190427
        probability: 0.465397626162
        value: "Jive"
    culture:
        all:
            non_western: 0.409617602825
            western: 0.590382397175
        probability: 0.590382397175
        value: "western"
    gender:
        all:
            female: 0.5676227808
            male: 0.4323772192
        probability: 0.5676227808
        value: "female"
    genre_dortmund:
        all:
            alternative: 0.0817391350865
            blues: 0.0426003746688
            electronic: 0.0114810643718
            folkcountry: 0.0863662958145
            funksoulrnb: 0.0164651032537
            jazz: 0.0652690753341
            pop: 0.0483713485301
            raphiphop: 0.000815441948362
            rock: 0.646892130375
        probability: 0.646892130375
        value: "rock"
    genre_electronica:
        all:
            ambient: 0.253854095936
            dnb: 0.374712735415
            house: 0.157694667578
            techno: 0.0238018594682
            trance: 0.189936622977
        probability: 0.374712735415
        value: "dnb"
    genre_rosamerica:
        all:
            cla: 0.012648107484
            dan: 0.00525207724422
            hip: 0.00153211399447
            jaz: 0.00213716621511
            pop: 0.0197035763413
            rhy: 0.0189573764801
            roc: 0.938414514065
            spe: 0.00135504966602
        probability: 0.938414514065
        value: "roc"
    genre_tzanetakis:
        all:
            blu: 0.00313734076917
            cla: 0.0030688715633
            cou: 0.218449816108
            dis: 0.0305349063128
            hip: 0.000634935335256
            jaz: 0.00389880104922
            met: 0.0162631832063
            pop: 0.0378696806729
            reg: 0.00520379841328
            roc: 0.680938661098
        probability: 0.680938661098
        value: "roc"
    live_studio:
        all:
            live: 0.196641296148
            studio: 0.803358674049
        probability: 0.803358674049
        value: "studio"
    mood:
        all:
            Cluster1: 0.434609085321
            Cluster2: 0.207241788507
            Cluster3: 0.140681549907
            Cluster4: 0.0751893594861
            Cluster5: 0.142278209329
        probability: 0.434609085321
        value: "Cluster1"
    mood_acoustic:
        all:
            acoustic: 0.0696128383279
            not_acoustic: 0.93038713932
        probability: 0.93038713932
        value: "not_acoustic"
    mood_aggressive:
        all:
            aggressive: 0.212821185589
            not_aggressive: 0.787178814411
        probability: 0.787178814411
        value: "not_aggressive"
    mood_electronic:
        all:
            electronic: 0.0667097792029
            not_electronic: 0.933290243149
        probability: 0.933290243149
        value: "not_electronic"
    mood_happy:
        all:
            happy: 0.76855134964
            not_happy: 0.231448665261
        probability: 0.76855134964
        value: "happy"
    mood_party:
        all:
            not_party: 0.715073525906
            party: 0.284926503897
        probability: 0.715073525906
        value: "not_party"
    mood_relaxed:
        all:
            not_relaxed: 0.658039212227
            relaxed: 0.341960787773
        probability: 0.658039212227
        value: "not_relaxed"
    mood_sad:
        all:
            not_sad: 0.520118415356
            sad: 0.479881584644
        probability: 0.520118415356
        value: "not_sad"
    rhythm:
        all:
            fast: 0.664625644684
            medium: 0.0447560288012
            slow: 0.290618300438
        probability: 0.664625644684
        value: "fast"
    speech_music:
        all:
            music: 0.999808251858
            speech: 0.000191765691852
        probability: 0.999808251858
        value: "music"
    timbre:
        all:
            bright: 0.870301544666
            dark: 0.129698470235
        probability: 0.870301544666
        value: "bright"
    voice_instrumental:
        all:
            instrumental: 0.0171036385
            voice: 0.982896387577
        probability: 0.982896387577
        value: "voice"

lowlevel:
    average_loudness: 0.975659668446
    barkbands_kurtosis:
        dmean: 0.774044513702
        dmean2: 1.22209203243
        dvar: 1.28773701191
        dvar2: 3.31594824791
        max: 9.46525669098
        mean: -0.244078487158
        min: -1.81320512295
        var: 4.27751970291
    barkbands_skewness:
        dmean: 0.376026690006
        dmean2: 0.580288767815
        dvar: 0.12118191272
        dvar2: 0.324057370424
        max: 2.96676635742
        mean: 0.62173050642
        min: -1.14378499985
        var: 0.725408613682
    barkbands_spread:
        dmean: 4.48534202576
        dmean2: 6.81585502625
        dvar: 16.0725440979
        dvar2: 39.1051445007
        max: 55.4502563477
        mean: 31.2667675018
        min: 8.10061645508
        var: 84.002494812
    dissonance:
        dmean: 0.0141189368442
        dmean2: 0.0236546676606
        dvar: 0.000135533351568
        dvar2: 0.000371835456463
        max: 0.499304175377
        mean: 0.46773147583
        min: 0.409868240356
        var: 0.000295172183542
    hfc:
        dmean: 1.83513379097
        dmean2: 2.85112214088
        dvar: 9.26066398621
        dvar2: 21.7882556915
        max: 32.5228157043
        mean: 5.62392902374
        min: 0.444002568722
        var: 21.0338058472
    pitch:
        dmean: 690.250610352
        dmean2: 1341.36352539
        dvar: 1592984.625
        dvar2: 4237274.5
        max: 4009.09082031
        mean: 874.28704834
        min: 73.6227035522
        var: 1722436
    pitch_instantaneous_confidence:
        dmean: 0.0767789706588
        dmean2: 0.127193853259
        dvar: 0.00454069161788
        dvar2: 0.0103301173076
        max: 0.768364667892
        mean: 0.399048000574
        min: 0.157169878483
        var: 0.0123397121206
    pitch_salience:
        dmean: 0.0602577961981
        dmean2: 0.0969707593322
        dvar: 0.00284202606417
        dvar2: 0.0080839022994
        max: 0.790936589241
        mean: 0.62232208252
        min: 0.415818184614
        var: 0.00553383585066
    silence_rate_20dB:
        dmean: 0
        dmean2: 0
        dvar: 0
        dvar2: 0
        max: 1
        mean: 1
        min: 1
        var: 0
    silence_rate_30dB:
        dmean: 0
        dmean2: 0
        dvar: 0
        dvar2: 0
        max: 1
        mean: 1
        min: 1
        var: 0
    silence_rate_60dB:
        dmean: 0.134883716702
        dmean2: 0.268065273762
        dvar: 0.116689734161
        dvar2: 0.224178642035
        max: 1
        mean: 0.452436208725
        min: 0
        var: 0.247737199068
    spectral_centroid:
        dmean: 226.425384521
        dmean2: 347.292572021
        dvar: 42831.625
        dvar2: 117039.890625
        max: 2546.19628906
        mean: 1293.04199219
        min: 287.738525391
        var: 262951.28125
    spectral_complexity:
        dmean: 3
        dmean2: 4.51756429672
        dvar: 12.0560750961
        dvar2: 23.4206104279
        max: 39
        mean: 12.9370632172
        min: 2
        var: 42.4972038269
    spectral_crest:
        dmean: 2.23495149612
        dmean2: 3.7463145256
        dvar: 4.31244373322
        dvar2: 12.4016809464
        max: 18.7671699524
        mean: 7.66795015335
        min: 2.79567050934
        var: 9.78046512604
    spectral_decrease:
        dmean: 3.78790943056e-10
        dmean2: 6.02152050444e-10
        dvar: 4.75059079872e-19
        dvar2: 1.18774967554e-18
        max: -1.3914504271e-10
        mean: -9.74744507332e-10
        min: -6.47428555212e-09
        var: 5.65095724995e-19
    spectral_energy:
        dmean: 0.00157682981808
        dmean2: 0.00249743903987
        dvar: 8.08653658169e-06
        dvar2: 2.00850627152e-05
        max: 0.027247576043
        mean: 0.00418901722878
        min: 0.000574667414185
        var: 1.01768873719e-05
    spectral_energyband_high:
        dmean: 7.2409704444e-05
        dmean2: 0.000110613240395
        dvar: 8.20798007339e-09
        dvar2: 1.88739832652e-08
        max: 0.000906906905584
        mean: 0.000179701004527
        min: 1.57654051236e-06
        var: 2.54767833496e-08
    spectral_energyband_low:
        dmean: 0.000145942147356
        dmean2: 0.000256217084825
        dvar: 1.44220464904e-07
        dvar2: 4.12617168877e-07
        max: 0.00310256169178
        mean: 0.00025187456049
        min: 1.42907629197e-05
        var: 1.03825364306e-07
    spectral_energyband_middle_high:
        dmean: 0.000583671324421
        dmean2: 0.000897655787412
        dvar: 8.49682578519e-07
        dvar2: 1.95633515432e-06
        max: 0.0116716763005
        mean: 0.0015869375784
        min: 6.07847650826e-05
        var: 2.03157287615e-06
    spectral_energyband_middle_low:
        dmean: 0.00107243214734
        dmean2: 0.00172977894545
        dvar: 4.20894639319e-06
        dvar2: 1.08830945464e-05
        max: 0.0174516737461
        mean: 0.0021704826504
        min: 0.00032793925493
        var: 4.29011424785e-06
    spectral_flatness_db:
        dmean: 0.015227265656
        dmean2: 0.0240944046527
        dvar: 0.000191312428797
        dvar2: 0.000464310200186
        max: 0.291574388742
        mean: 0.172225281596
        min: 0.0944624692202
        var: 0.00148215622175
    spectral_flux:
        dmean: 0.00890966970474
        dmean2: 0.013424445875
        dvar: 0.000146901555127
        dvar2: 0.000270282966085
        max: 0.12729896605
        mean: 0.0343088060617
        min: 0.00717213191092
        var: 0.000337969395332
    spectral_kurtosis:
        dmean: 1.87726211548
        dmean2: 3.28682351112
        dvar: 7.8097615242
        dvar2: 23.4834461212
        max: 27.446313858
        mean: 4.69549369812
        min: -0.61696434021
        var: 11.1571044922
    spectral_rms:
        dmean: 0.000324601278407
        dmean2: 0.000490372243803
        dvar: 2.02083825229e-07
        dvar2: 4.72610139468e-07
        max: 0.00515587069094
        mean: 0.00192268006504
        min: 0.000748766411562
        var: 3.90145999063e-07
    spectral_rolloff:
        dmean: 442.285705566
        dmean2: 728.64855957
        dvar: 256462.46875
        dvar2: 585983.6875
        max: 5038.76953125
        mean: 2720.06079102
        min: 301.46484375
        var: 1108048.5
    spectral_skewness:
        dmean: 0.218643575907
        dmean2: 0.373989373446
        dvar: 0.0691946819425
        dvar2: 0.195039078593
        max: 3.51722979546
        mean: 1.48762536049
        min: 0.606770932674
        var: 0.149443089962
    spectral_spread:
        dmean: 353193.5
        dmean2: 521780.03125
        dvar: 220214820864
        dvar2: 311514660864
        max: 10723476
        mean: 4114217.25
        min: 1690188.25
        var: 1.49366413722e+12
    spectral_strongpeak:
        dmean: 0.426433980465
        dmean2: 0.738846838474
        dvar: 0.525824546814
        dvar2: 1.36046385765
        max: 4.34366941452
        mean: 0.640372872353
        min: 0.0356645956635
        var: 0.732837378979
    zerocrossingrate:
        dmean: 0.00740521866828
        dmean2: 0.00898689031601
        dvar: 3.90222121496e-05
        dvar2: 5.55793849344e-05
        max: 0.12890625
        mean: 0.0809750109911
        min: 0.0185546875
        var: 0.000591617426835
    barkbands:
        dmean: [8.19999073087e-08, 5.13175073138e-05, 0.00010636405932, 0.000129785534227, 0.00069055124186, 0.000221582027734, 0.000104468090285, 7.16679205652e-05, 0.00016907393001, 7.7501324995e-05, 3.47529748979e-05, 5.9462745412e-05, 5.49573196622e-05, 5.3901982028e-05, 6.48080240353e-05, 9.38509547268e-05, 0.000186406017747, 0.000146013306221, 0.000117554729513, 0.000144447796629, 2.9049024306e-05, 9.94196307147e-06, 1.67822861386e-06, 8.63243087679e-07, 5.85551845234e-07, 2.13754542955e-08, 3.48758771862e-10]
        dmean2: [1.08266874577e-07, 8.6975924205e-05, 0.000193165265955, 0.000215320396819, 0.00112494884524, 0.000346907560015, 0.000156687267008, 0.000113854781375, 0.000264336413238, 0.000123617908685, 5.52273922949e-05, 9.1136120318e-05, 9.45927531575e-05, 8.68938586791e-05, 0.000102161844552, 0.000151111424202, 0.000302101369016, 0.000241654444835, 0.000191098632058, 0.000235738509218, 4.32144697697e-05, 1.38674404297e-05, 2.36995060732e-06, 1.05647870896e-06, 8.29465193419e-07, 3.12307086858e-08, 5.59986557125e-10]
        dvar: [8.6378945446e-13, 1.09049320685e-08, 1.0337427625e-07, 7.0319885026e-08, 2.6623931717e-06, 1.02263861379e-07, 1.83528356956e-08, 2.09852828448e-08, 7.55008642273e-08, 2.92144228808e-08, 6.09379258165e-09, 2.34335058025e-08, 2.45622011619e-08, 8.57009929689e-09, 2.29351488912e-08, 3.59796921146e-08, 1.38105761494e-07, 6.55819789586e-08, 4.05965785433e-08, 3.9938317542e-08, 1.60383017977e-09, 2.92144530789e-10, 1.21678327136e-11, 7.28260507454e-12, 3.42879002101e-12, 3.87207686365e-15, 3.6508683398e-18]
        dvar2: [8.88793216542e-13, 3.19430668583e-08, 2.96216001061e-07, 1.89215739965e-07, 7.03374553268e-06, 2.62217099589e-07, 3.65453729501e-08, 5.71804648075e-08, 1.70157875345e-07, 7.09420149292e-08, 1.70583618342e-08, 5.23492680315e-08, 5.43513429818e-08, 1.83223693995e-08, 4.51596235962e-08, 8.96065728284e-08, 3.79972135534e-07, 1.85478953085e-07, 1.02331746632e-07, 1.13472381713e-07, 3.81000075933e-09, 4.1595757394e-10, 2.06437002909e-11, 9.51360604878e-12, 6.64589000152e-12, 8.701231501e-15, 4.24102324296e-18]
        max: [1.91373273992e-05, 0.000959605851676, 0.00250166002661, 0.00207251915708, 0.0128834992647, 0.0027550670784, 0.00159889238421, 0.00165471131913, 0.00371535355225, 0.00191712309606, 0.000978060998023, 0.00165934290271, 0.00244271429256, 0.00106825609691, 0.00246026134118, 0.00232689664699, 0.00421960512176, 0.00267220498063, 0.00232914532535, 0.00182385381777, 0.000447179190814, 0.00026193074882, 5.26812436874e-05, 5.66969101783e-05, 3.00437859551e-05, 8.58238252022e-07, 3.80546545387e-08]
        mean: [8.62543387825e-08, 0.000104459417344, 0.000147352431668, 0.000211444232264, 0.000927083427086, 0.000443569733761, 0.000193354324438, 9.19787635212e-05, 0.000271117460215, 9.94327638182e-05, 4.08169871662e-05, 7.25163990865e-05, 6.74376933603e-05, 8.7036190962e-05, 0.000109533830255, 0.000158187569468, 0.000308124523144, 0.000240790366661, 0.000228789896937, 0.000296243408229, 6.02153631917e-05, 2.26122920139e-05, 3.88988746636e-06, 1.67476230217e-06, 1.23475751934e-06, 3.70005217576e-08, 3.37129019146e-10]
        min: [3.83491467748e-11, 1.91091515944e-07, 3.23823906001e-06, 1.01174452993e-06, 6.84283804731e-06, 8.54789686855e-06, 4.24234713137e-06, 7.49768560127e-07, 9.85439692158e-06, 5.76156480747e-07, 2.60216836523e-07, 4.94987887123e-07, 9.90866766415e-08, 8.45106455927e-07, 1.69815029949e-06, 1.50669313825e-06, 2.97896713164e-06, 3.00125407193e-06, 4.82065388496e-06, 2.01697184821e-06, 4.84965255509e-07, 6.36119139585e-08, 1.13104867694e-08, 7.11875614012e-10, 2.65275107436e-10, 9.83035874924e-12, 3.11812546811e-14]
        var: [8.59591206808e-13, 1.26005872403e-08, 7.281233394e-08, 8.03621205137e-08, 2.39163955484e-06, 1.43698869692e-07, 4.55463116111e-08, 3.15161194919e-08, 1.11454333762e-07, 4.89476192911e-08, 7.35843475042e-09, 3.4993387743e-08, 3.456296227e-08, 1.45191085821e-08, 4.66089780105e-08, 4.89823150929e-08, 2.15862684172e-07, 8.69285798899e-08, 7.07640239739e-08, 8.05266182624e-08, 4.03996702758e-09, 1.08029529766e-09, 3.60752192008e-11, 2.1556423313e-11, 7.91053333948e-12, 5.93691957236e-15, 3.599993837e-18]
    mfcc:
        mean: [-727.248962402, 132.750106812, -46.3375892639, 66.5120544434, -12.0483236313, -12.0309505463, -6.91047668457, -8.9344587326, -1.29217648506, -2.90672707558, -5.39462757111, -11.0164585114, -3.9873354435]
        cov: [[2683.02783203, -1306.44360352, 3.36402273178, -377.065246582, 19.5542602539, -41.7010726929, -30.3853492737, -29.2887382507, -69.765914917, -88.3158493042, 34.5744018555, 47.4760818481, 9.39445495605], [-1306.44360352, 1248.80847168, -336.306488037, 149.843154907, -10.9951105118, 59.4834594727, 9.70968151093, 23.3283843994, 24.1928272247, -15.1841821671, -39.6018447876, 5.35494661331, 17.7259922028], [3.36402273178, -336.306488037, 400.872161865, 34.5167236328, -20.3007507324, -8.51963615417, 45.3343658447, 11.9327573776, 15.440735817, 33.3406410217, 9.7740354538, -20.8679046631, -38.5172119141], [-377.065246582, 149.843154907, 34.5167236328, 225.048477173, 14.470035553, -34.3324737549, -0.591291427612, 32.1052513123, 32.6663970947, 50.2716674805, -29.6885623932, -47.2870368958, -16.3325462341], [19.5542602539, -10.9951105118, -20.3007507324, 14.470035553, 125.020774841, -3.01955318451, -49.0845832825, -23.2579040527, 29.0767498016, 22.8588657379, -6.31486654282, -5.96006631851, -11.0603208542], [-41.7010726929, 59.4834594727, -8.51963615417, -34.3324737549, -3.01955318451, 92.7181015015, 41.4781761169, 2.46470475197, -3.53649997711, -18.3320903778, 10.6643743515, 11.1032867432, -5.26038122177], [-30.3853492737, 9.70968151093, 45.3343658447, -0.591291427612, -49.0845832825, 41.4781761169, 118.405921936, 38.3784103394, -2.72758412361, -0.255370587111, 4.50624799728, 4.56435203552, -11.2965564728], [-29.2887382507, 23.3283843994, 11.9327573776, 32.1052513123, -23.2579040527, 2.46470475197, 38.3784103394, 72.931350708, 13.7450027466, -5.91399240494, -12.433175087, -8.39496994019, 2.95029425621], [-69.765914917, 24.1928272247, 15.440735817, 32.6663970947, 29.0767498016, -3.53649997711, -2.72758412361, 13.7450027466, 69.379989624, 37.6175384521, -10.6909122467, -18.753030777, -16.7739696503], [-88.3158493042, -15.1841821671, 33.3406410217, 50.2716674805, 22.8588657379, -18.3320903778, -0.255370587111, -5.91399240494, 37.6175384521, 76.059425354, 12.9983978271, -23.3960990906, -17.2492008209], [34.5744018555, -39.6018447876, 9.7740354538, -29.6885623932, -6.31486654282, 10.6643743515, 4.50624799728, -12.433175087, -10.6909122467, 12.9983978271, 62.4833297729, 22.4188785553, 9.93720722198], [47.4760818481, 5.35494661331, -20.8679046631, -47.2870368958, -5.96006631851, 11.1032867432, 4.56435203552, -8.39496994019, -18.753030777, -23.3960990906, 22.4188785553, 61.8169708252, 28.30377388], [9.39445495605, 17.7259922028, -38.5172119141, -16.3325462341, -11.0603208542, -5.26038122177, -11.2965564728, 2.95029425621, -16.7739696503, -17.2492008209, 9.93720722198, 28.30377388, 75.6914291382]]
        icov: [[0.00129304686561, 0.00158609985374, 0.0012516444549, 0.000885391957127, -0.000254266633419, 0.000369143555872, -0.000339819060173, -0.000395296548959, -0.000181112103746, 0.000968014413957, 9.64566934272e-05, -7.79153851909e-05, 0.000446169578936], [0.00158609985374, 0.00336089846678, 0.00281306612305, -0.000413564295741, 0.000342190644005, -0.000760430237278, -0.000460210751044, -5.93195436522e-05, -0.00104705081321, 0.00156841159333, 0.0005115866079, -0.000903858803213, 0.000685301085468], [0.0012516444549, 0.00281306612305, 0.00522511219606, -0.000689090054948, 0.000625980668701, 1.03984812085e-05, -0.00154621666297, 0.000175464476342, -0.00115700787865, 0.000882491760422, -0.000339030433679, -0.00044743574108, 0.00170720380265], [0.000885391957127, -0.000413564295741, -0.000689090054948, 0.00900883134454, -0.00126777996775, 0.00233686808497, 0.000316242250847, -0.00399218453094, 0.0020819415804, -0.00471214670688, 0.00262066116557, 0.00294025079347, -0.000295817764709], [-0.000254266633419, 0.000342190644005, 0.000625980668701, -0.00126777996775, 0.0122363418341, -0.00336767663248, 0.00535754114389, 0.00192124175373, -0.00382312294096, -0.00294969603419, 0.0021488503553, -0.00267277238891, 0.00147297070362], [0.000369143555872, -0.000760430237278, 1.03984812085e-05, 0.00233686808497, -0.00336767663248, 0.0173089951277, -0.00793770793825, 0.00238531874493, -0.0027200828772, 0.00709988735616, -0.00470170704648, 0.00221425737254, 0.000879465020262], [-0.000339819060173, -0.000460210751044, -0.00154621666297, 0.000316242250847, 0.00535754114389, -0.00793770793825, 0.0170908719301, -0.0082684000954, 0.00327988085337, -0.00675075082108, 0.0022981367074, -0.00418248958886, 0.00298629468307], [-0.000395296548959, -5.93195436522e-05, 0.000175464476342, -0.00399218453094, 0.00192124175373, 0.00238531874493, -0.0082684000954, 0.0229208394885, -0.00876673217863, 0.00847194436938, -0.000644800777081, 0.00318061141297, -0.00350692146458], [-0.000181112103746, -0.00104705081321, -0.00115700787865, 0.0020819415804, -0.00382312294096, -0.0027200828772, 0.00327988085337, -0.00876673217863, 0.0270325411111, -0.0158165823668, 0.00665968516842, -0.001050747931, 0.0021165329963], [0.000968014413957, 0.00156841159333, 0.000882491760422, -0.00471214670688, -0.00294969603419, 0.00709988735616, -0.00675075082108, 0.00847194436938, -0.0158165823668, 0.0335730910301, -0.0141535075381, 0.00876309163868, 0.000396644667489], [9.64566934272e-05, 0.0005115866079, -0.000339030433679, 0.00262066116557, 0.0021488503553, -0.00470170704648, 0.0022981367074, -0.000644800777081, 0.00665968516842, -0.0141535075381, 0.0260433331132, -0.00981060322374, -0.000883608940057], [-7.79153851909e-05, -0.000903858803213, -0.00044743574108, 0.00294025079347, -0.00267277238891, 0.00221425737254, -0.00418248958886, 0.00318061141297, -0.001050747931, 0.00876309163868, -0.00981060322374, 0.0287408512086, -0.00805186573416], [0.000446169578936, 0.000685301085468, 0.00170720380265, -0.000295817764709, 0.00147297070362, 0.000879465020262, 0.00298629468307, -0.00350692146458, 0.0021165329963, 0.000396644667489, -0.000883608940057, -0.00805186573416, 0.0183456502855]]
    spectral_contrast:
        mean: [2.66983477104e-07, -2.21650431342e-08, -2.34259104559e-07, 1.40814236715e-07, 6.95734883038e-08, -8.06060782566e-08, 2.28324688578e-06, -8.47247349611e-07, 6.4837854552e-07, 6.43702378511e-07, -5.47431864106e-06, 2.10714233617e-06]
        var: [0.000391947804019, 0.000718379451428, 0.00132134067826, 0.0022098000627, 0.00260855653323, 0.0037635229528, 0.0685170143843, 0.0814757719636, 0.0990540981293, 0.184724956751, 0.523409843445, 1.81311321259]

rhythm:
    beats_loudness:
        dmean: 0.00491274846718
        dmean2: 0.00911901332438
        dvar: 5.22260461366e-06
        dvar2: 2.78837651422e-05
        max: 0.0117257228121
        mean: 0.00596940796822
        min: 0.00105801189784
        var: 1.34781348606e-05
    beats_loudness_bass:
        dmean: 0.127701178193
        dmean2: 0.259249269962
        dvar: 0.0127503816038
        dvar2: 0.0297385975718
        max: 0.356546610594
        mean: 0.113059617579
        min: 0.0122427400202
        var: 0.0123121505603
    bpm: 94.5695800781
    bpm_confidence: 0
    first_peak_bpm: 95
    first_peak_spread: 0
    first_peak_weight: 0.928571462631
    onset_rate: 3.1984333992
    second_peak_bpm: 120
    second_peak_spread: 0
    second_peak_weight: 0.0714285746217
    beats_position: [0.523925185204, 1.1576474905, 1.79136991501, 2.42509222031, 3.0588145256, 3.6925368309, 4.3262591362, 4.9599814415, 5.5937037468, 6.09565448761, 6.73115062714, 7.36664676666, 8.00214290619, 8.63763904572, 9.27313518524]
    bpm_estimates: [94.5609130859, 94.7755966187, 95.1892166138, 94.181640625, 94.8742752075, 94.676071167, 94.1730575562, 95.008605957, 94.8612518311, 95.1218185425, 94.8165817261, 94.3728637695, 92.5503921509, 94.8118438721]
    bpm_intervals: [0.633722305298, 0.633722424507, 0.633722305298, 0.633722305298, 0.633722305298, 0.633722305298, 0.633722305298, 0.633722305298, 0.501950740814, 0.635496139526, 0.635496139526, 0.635496139526, 0.635496139526, 0.635496139526]
    onset_times: [0.0580498874187, 0.220589563251, 0.53405892849, 1.01006805897, 1.18421769142, 1.75310659409, 2.12462592125, 2.29877543449, 2.4497051239, 2.93732428551, 3.41333341599, 3.54104304314, 3.70358276367, 4.02866220474, 4.2492518425, 4.34213161469, 4.80653047562, 5.630838871, 5.79337882996, 5.95591831207, 6.09523820877, 6.60607719421, 6.78022670746, 6.8963265419, 7.41877555847, 7.54648542404, 8.09215450287, 8.20825386047, 8.83519268036, 9.13705253601, 9.45052146912, 9.94975090027]
    rubato_start: []
    rubato_stop: []
    perceptual_tempo: "unknown"

sfx:
    inharmonicity:
        dmean: 0.0408215485513
        dmean2: 0.0732523873448
        dvar: 0.00207442045212
        dvar2: 0.00598197197542
        max: 0.330527484417
        mean: 0.0444595143199
        min: 0
        var: 0.00216596364044
    oddtoevenharmonicenergyratio:
        dmean: 2.27392673492
        dmean2: 4.15467977524
        dvar: 57.2238616943
        dvar2: 162.144104004
        max: 102.522926331
        mean: 1.60966026783
        min: 0
        var: 34.0876922607
    pitch_after_max_to_before_max_energy_ratio: 5.7507481575
    pitch_centroid: 177.379302979
    pitch_max_to_total: 0.0909090936184
    pitch_min_to_total: 0.808857798576
    tristimulus:
        dmean: [0.197134509683, 0.227400720119, 0.126601144671]
        dmean2: [0.34037271142, 0.387958675623, 0.224658668041]
        dvar: [0.0325152650476, 0.0366242267191, 0.014217463322]
        dvar2: [0.085311897099, 0.101625189185, 0.0413953475654]
        max: [1, 0.947447836399, 0.816305696964]
        mean: [0.389840722084, 0.419268071651, 0.13855612278]
        min: [0.025434140116, 0, 0]
        var: [0.0484545566142, 0.0544245317578, 0.0175503883511]

tonal:
    chords_changes_rate: 0.074074074626
    chords_number_rate: 0.0231481473893
    chords_strength:
        dmean: 0.00955271534622
        dmean2: 0.00859968084842
        dvar: 5.43200076208e-05
        dvar2: 5.3800529713e-05
        max: 0.635491788387
        mean: 0.462932527065
        min: 0.327446520329
        var: 0.00600520661101
    key_strength: 0.730511069298
    tuning_diatonic_strength: 0.567431569099
    tuning_equal_tempered_deviation: 0.0684209689498
    tuning_frequency: 441.527557373
    tuning_nontempered_energy_ratio: 0.664510130882
    hpcp:
        dmean: [0.199554383755, 0.17010371387, 0.0812320560217, 0.0853351429105, 0.141279622912, 0.180723160505, 0.164058461785, 0.139101922512, 0.0777465999126, 0.062871851027, 0.0670756772161, 0.0784774422646, 0.113734550774, 0.099771052599, 0.117482751608, 0.147584304214, 0.113921314478, 0.0698403790593, 0.0660330951214, 0.0806196630001, 0.15446986258, 0.190626829863, 0.162044256926, 0.105937317014, 0.0756803900003, 0.0827704295516, 0.150558948517, 0.187829896808, 0.151620924473, 0.119382247329, 0.0916197225451, 0.0815464630723, 0.0650463551283, 0.0673954486847, 0.0861935019493, 0.169341504574]
        dmean2: [0.346830606461, 0.294696331024, 0.130232930183, 0.151046901941, 0.244119733572, 0.30135473609, 0.258841872215, 0.229278475046, 0.129802584648, 0.109589293599, 0.122437857091, 0.137047111988, 0.190881744027, 0.16665405035, 0.195473968983, 0.24389256537, 0.187085047364, 0.120357729495, 0.114676788449, 0.145907729864, 0.257855802774, 0.303130626678, 0.267890334129, 0.189193084836, 0.140011072159, 0.148873612285, 0.258489757776, 0.316474795341, 0.25756585598, 0.20180092752, 0.152673989534, 0.144620418549, 0.112490385771, 0.111199833453, 0.149388417602, 0.286629319191]
        dvar: [0.0600802116096, 0.0426037237048, 0.0159907992929, 0.0287736225873, 0.0324418321252, 0.0383856259286, 0.0461319163442, 0.0224111005664, 0.0120892236009, 0.0140002043918, 0.0239248517901, 0.0200686454773, 0.0328380987048, 0.0259518511593, 0.0273949373513, 0.0345379263163, 0.020795147866, 0.0142645882443, 0.00962121970952, 0.0147644300014, 0.0246933642775, 0.0388239510357, 0.0230218525976, 0.0304436683655, 0.0213329661638, 0.0142040261999, 0.0320807471871, 0.0379298999906, 0.0274931583554, 0.0288884434849, 0.0238178484142, 0.0161864142865, 0.0116765210405, 0.0136504117399, 0.0169719550759, 0.0365826524794]
        dvar2: [0.153839230537, 0.115485616028, 0.0356057211757, 0.0777360424399, 0.0812734439969, 0.0906050205231, 0.0903467908502, 0.0502559356391, 0.0324344150722, 0.0364349968731, 0.0697003155947, 0.0568408034742, 0.0907797515392, 0.0702990442514, 0.0752437710762, 0.0895951315761, 0.0528739206493, 0.0383978933096, 0.0270026065409, 0.0418027043343, 0.0547511912882, 0.0775457844138, 0.0593944117427, 0.0914124026895, 0.0630920082331, 0.0402449667454, 0.0877088531852, 0.106729060411, 0.0762467011809, 0.0848708748817, 0.0582202523947, 0.0478106066585, 0.0324998944998, 0.0350400172174, 0.0442772805691, 0.103786751628]
        max: [1, 1, 1, 1, 1, 1, 1, 1, 1, 1, 1, 1, 1, 1, 1, 1, 1, 1, 0.538719952106, 0.885888814926, 1, 1, 1, 1, 1, 0.808220624924, 1, 1, 1, 1, 1, 0.962921261787, 0.743965923786, 1, 0.874558985233, 1]
        mean: [0.463137507439, 0.286682873964, 0.101070560515, 0.0922111943364, 0.184419572353, 0.325373291969, 0.368474692106, 0.233764708042, 0.103524513543, 0.0741906091571, 0.0672426447272, 0.100458532572, 0.148087128997, 0.130867168307, 0.206988051534, 0.320924431086, 0.203162074089, 0.0810200199485, 0.070274926722, 0.0859706997871, 0.303005546331, 0.479824095964, 0.300978064537, 0.108113758266, 0.0669921189547, 0.0751767978072, 0.22524496913, 0.337912172079, 0.242103114724, 0.175805777311, 0.172232210636, 0.11410240829, 0.0852817669511, 0.0931204408407, 0.105426006019, 0.30212649703]
        min: [0.00466032605618, 0.00320334662683, 0.00241487449966, 0.00268772733398, 0.00247965939343, 0.00284632970579, 0.00150083820336, 0.0046039102599, 0.00361600448377, 0.00251479190774, 0.00127174309455, 0.00207427889109, 0.00224906997755, 0.00377121008933, 0.00422756327316, 0.00295604625717, 0.00253535411321, 0.00249772379175, 0.00301369186491, 0.00322716636583, 0.00962634757161, 0.0210460275412, 0.0166766662151, 0.00164528330788, 0.000280972832115, 0.000577574654017, 0.0114941019565, 0.0194409638643, 0.01025430765, 0.00265734363347, 0.00211540004238, 0.00220299256034, 0.00379334273748, 0.00328099750914, 0.00385366776027, 0.00515925185755]
        var: [0.159716293216, 0.0754531994462, 0.0182243958116, 0.0204695425928, 0.0399430133402, 0.073328115046, 0.126060798764, 0.0526011139154, 0.0135127445683, 0.0117330057546, 0.0144880004227, 0.0169611927122, 0.0353551954031, 0.0299496538937, 0.0449724160135, 0.11405223608, 0.0469629503787, 0.0118596022949, 0.00843728240579, 0.0132599053904, 0.0553510896862, 0.104492969811, 0.0484023801982, 0.0261639468372, 0.0165124554187, 0.0113285118714, 0.051968023181, 0.0760350897908, 0.0425680093467, 0.0415592342615, 0.0595577508211, 0.0231888461858, 0.0107260476798, 0.0161639675498, 0.0181059259921, 0.0720312222838]
    chords_histogram: [6.01851844788, 0, 0, 0, 0.462962955236, 0, 0, 0, 0, 0, 0, 0, 0, 0, 0, 0, 0, 0, 0, 34.2592582703, 4.16666650772, 22.2222213745, 32.8703689575, 0]
    thpcp: [1, 0.627267479897, 0.225319564342, 0.139618083835, 0.156675741076, 0.469432383776, 0.704241752625, 0.504566371441, 0.366396307945, 0.358948647976, 0.237800493836, 0.177735477686, 0.194072037935, 0.219718039036, 0.629660964012, 0.965223550797, 0.597474932671, 0.210640862584, 0.192177087069, 0.38434830308, 0.678109526634, 0.767937004566, 0.487188339233, 0.215755134821, 0.154620438814, 0.140140205622, 0.209365338087, 0.308627963066, 0.272739887238, 0.431383192539, 0.668837666512, 0.423409491777, 0.168853580952, 0.146459773183, 0.179171279073, 0.631492972374]
    chords_key: "E"
    chords_scale: "minor"
    key_key: "A"
    key_scale: "major"
    chords_progression: ["D", "D", "D", "D", "D", "D", "D", "D", "D", "D", "D", "D", "D", "D", "D", "D", "D", "D", "D", "D", "D", "D", "D", "D", "Bm", "Bm", "Bm", "Bm", "Bm", "Bm", "Em", "Em", "Em", "Em", "Em", "Em", "Em", "Em", "Em", "Em", "Em", "Em", "Em", "Em", "Em", "Em", "Em", "Em", "D", "D", "D", "D", "D", "D", "D", "D", "D", "D", "D", "D", "D", "D", "D", "D", "D", "D", "D", "D", "D", "D", "D", "D", "D", "D", "D", "D", "D", "D", "D", "D", "D", "D", "D", "D", "D", "D", "A", "A", "D", "D", "A", "A", "A", "A", "A", "A", "A", "A", "A", "A", "A", "Em", "Em", "Em", "G", "G", "G", "G", "G", "G", "G", "G", "G", "Em", "Em", "Em", "Em", "Em", "Em", "Em", "Em", "Em", "Em", "Em", "Em", "Em", "Em", "Em", "Em", "Em", "Em", "Em", "Em", "Em", "Em", "Em", "Em", "Em", "Em", "Em", "Em", "Em", "Em", "Em", "Em", "Em", "Em", "Em", "Em", "Em", "Em", "Em", "Em", "Em", "Bm", "Bm", "Bm", "Bm", "Bm", "Bm", "D", "D", "D", "D", "D", "Bm", "Bm", "Bm", "Bm", "Bm", "Bm", "Bm", "Bm", "Bm", "Bm", "Bm", "Bm", "Bm", "Bm", "Bm", "Bm", "Bm", "Bm", "D", "D", "Bm", "Bm", "Bm", "Bm", "Bm", "Bm", "Bm", "Bm", "Bm", "Bm", "Bm", "Bm", "Bm", "Bm", "Bm", "Bm", "Bm", "Bm", "B", "Em", "Em", "Em", "Em", "Em", "Em", "Em", "Em", "Em", "Em", "Em", "Em"]
