
metadata:
    version:
        essentia: "1.2.2"
    audio_properties:
        analysis_sample_rate: 44100
        bitrate: 128
        channels: 2
        equal_loudness: 1
        length: 10.0048980713
        replay_gain: -6.78981208801
        downmix: "mix"
    tags:
        track: 23
        year: 0
        album: "Splitted by Mp3Splt v. 2.1"
        artist: "From 003.40 To 003.50"
        comment: "http://mp3splt.sf.net"
        genre: ""
        title: "09 Money Changes Everything.mp"

highlevel:
    ballroom:
        all:
            ChaChaCha: 0.285304993391
            Jive: 0.403210312128
            Quickstep: 0.0498026609421
            Rumba-American: 0.000830837932881
            Rumba-International: 0.00499996496364
            Rumba-Misc: 0.00145523645915
            Samba: 0.230280712247
            Tango: 0.00364433508366
            VienneseWaltz: 0.0173441916704
            Waltz: 0.00312673673034
        probability: 0.403210312128
        value: "Jive"
    culture:
        all:
            non_western: 0.106882415712
            western: 0.89311760664
        probability: 0.89311760664
        value: "western"
    gender:
        all:
            female: 0.294311761856
            male: 0.705688238144
        probability: 0.705688238144
        value: "male"
    genre_dortmund:
        all:
            alternative: 0.0842829346657
            blues: 0.0201286636293
            electronic: 0.0604560747743
            folkcountry: 0.0560434833169
            funksoulrnb: 0.00955003779382
            jazz: 0.0677782595158
            pop: 0.055400762707
            raphiphop: 0.0223026704043
            rock: 0.624057114124
        probability: 0.624057114124
        value: "rock"
    genre_electronica:
        all:
            ambient: 0.0307017937303
            dnb: 0.653836607933
            house: 0.0140569563955
            techno: 0.0264571141452
            trance: 0.274947524071
        probability: 0.653836607933
        value: "dnb"
    genre_rosamerica:
        all:
            cla: 0.0228930972517
            dan: 0.101844400167
            hip: 0.0132066141814
            jaz: 0.00562983890995
            pop: 0.13107304275
            rhy: 0.0073141627945
            roc: 0.716154575348
            spe: 0.00188425055239
        probability: 0.716154575348
        value: "roc"
    genre_tzanetakis:
        all:
            blu: 0.00371127645485
            cla: 0.00902798771858
            cou: 0.044269580394
            dis: 0.104723498225
            hip: 0.00804227404296
            jaz: 0.0755126103759
            met: 0.187848597765
            pop: 0.052643250674
            reg: 0.00816455576569
            roc: 0.506056368351
        probability: 0.506056368351
        value: "roc"
    live_studio:
        all:
            live: 0.022699598223
            studio: 0.977300405502
        probability: 0.977300405502
        value: "studio"
    mood:
        all:
            Cluster1: 0.359601140022
            Cluster2: 0.193525865674
            Cluster3: 0.0365289673209
            Cluster4: 0.0865227207541
            Cluster5: 0.323821306229
        probability: 0.359601140022
        value: "Cluster1"
    mood_acoustic:
        all:
            acoustic: 0.00411336962134
            not_acoustic: 0.995886623859
        probability: 0.995886623859
        value: "not_acoustic"
    mood_aggressive:
        all:
            aggressive: 0.888193190098
            not_aggressive: 0.111806824803
        probability: 0.888193190098
        value: "aggressive"
    mood_electronic:
        all:
            electronic: 0.566947877407
            not_electronic: 0.433052152395
        probability: 0.566947877407
        value: "electronic"
    mood_happy:
        all:
            happy: 0.766928255558
            not_happy: 0.233071759343
        probability: 0.766928255558
        value: "happy"
    mood_party:
        all:
            not_party: 0.347293406725
            party: 0.652706623077
        probability: 0.652706623077
        value: "party"
    mood_relaxed:
        all:
            not_relaxed: 0.976089060307
            relaxed: 0.0239109564573
        probability: 0.976089060307
        value: "not_relaxed"
    mood_sad:
        all:
            not_sad: 0.918950796127
            sad: 0.0810491740704
        probability: 0.918950796127
        value: "not_sad"
    rhythm:
        all:
            fast: 0.900594234467
            medium: 0.0652244985104
            slow: 0.0341812409461
        probability: 0.900594234467
        value: "fast"
    speech_music:
        all:
            music: 0.999966025352
            speech: 3.39546095347e-05
        probability: 0.999966025352
        value: "music"
    timbre:
        all:
            bright: 0.952492296696
            dark: 0.047507725656
        probability: 0.952492296696
        value: "bright"
    voice_instrumental:
        all:
            instrumental: 0.772814631462
            voice: 0.227185383439
        probability: 0.772814631462
        value: "instrumental"

lowlevel:
    average_loudness: 0.986018538475
    barkbands_kurtosis:
        dmean: 0.444731414318
        dmean2: 0.746919035912
        dvar: 0.289759546518
        dvar2: 0.6911008358
        max: 2.53184747696
        mean: -1.01995766163
        min: -1.84873986244
        var: 0.447716742754
    barkbands_skewness:
        dmean: 0.383828729391
        dmean2: 0.596604764462
        dvar: 0.117932260036
        dvar2: 0.267310798168
        max: 1.90850114822
        mean: -0.0388335511088
        min: -1.73732852936
        var: 0.422107338905
    barkbands_spread:
        dmean: 4.67271471024
        dmean2: 7.67995405197
        dvar: 19.6700592041
        dvar2: 49.0014190674
        max: 58.0327529907
        mean: 35.1771812439
        min: 14.9385223389
        var: 53.5140724182
    dissonance:
        dmean: 0.0126976547763
        dmean2: 0.0215926989913
        dvar: 0.000128319457872
        dvar2: 0.000329719507135
        max: 0.498679339886
        mean: 0.471657574177
        min: 0.400876045227
        var: 0.000289305113256
    hfc:
        dmean: 3.18348193169
        dmean2: 4.50386953354
        dvar: 32.2049865723
        dvar2: 61.7743034363
        max: 53.7288475037
        mean: 7.38642692566
        min: 1.07451057434
        var: 54.2667007446
    pitch:
        dmean: 616.263793945
        dmean2: 1164.74182129
        dvar: 1378278.125
        dvar2: 3035717.25
        max: 4410
        mean: 947.469421387
        min: 88.1999969482
        var: 1894602
    pitch_instantaneous_confidence:
        dmean: 0.0695968493819
        dmean2: 0.116404466331
        dvar: 0.00318107521161
        dvar2: 0.00825082790107
        max: 0.690106511116
        mean: 0.370521843433
        min: 0.199096560478
        var: 0.00659309187904
    pitch_salience:
        dmean: 0.0515337027609
        dmean2: 0.0784136205912
        dvar: 0.00173372251447
        dvar2: 0.00438066711649
        max: 0.821752309799
        mean: 0.590242564678
        min: 0.275386035442
        var: 0.00530125992373
    silence_rate_20dB:
        dmean: 0
        dmean2: 0
        dvar: 0
        dvar2: 0
        max: 1
        mean: 1
        min: 1
        var: 0
    silence_rate_30dB:
        dmean: 0
        dmean2: 0
        dvar: 0
        dvar2: 0
        max: 1
        mean: 1
        min: 1
        var: 0
    silence_rate_60dB:
        dmean: 0.167441859841
        dmean2: 0.333333343267
        dvar: 0.139405444264
        dvar2: 0.254856675863
        max: 1
        mean: 0.45011600852
        min: 0
        var: 0.247512817383
    spectral_centroid:
        dmean: 279.473083496
        dmean2: 418.641967773
        dvar: 77278.734375
        dvar2: 163500.171875
        max: 3249.7590332
        mean: 1701.07861328
        min: 512.749511719
        var: 279142.6875
    spectral_complexity:
        dmean: 4.14953279495
        dmean2: 6.03981256485
        dvar: 21.6365203857
        dvar2: 38.9281654358
        max: 43
        mean: 14.9836826324
        min: 2
        var: 56.7014007568
    spectral_crest:
        dmean: 1.48430585861
        dmean2: 2.43976926804
        dvar: 1.79581844807
        dvar2: 4.82167434692
        max: 12.9562263489
        mean: 5.67870855331
        min: 2.35859394073
        var: 3.23758602142
    spectral_decrease:
        dmean: 3.47768952524e-10
        dmean2: 5.25915200278e-10
        dvar: 5.16382593432e-19
        dvar2: 1.29870209944e-18
        max: -2.0935120304e-10
        mean: -9.16460463074e-10
        min: -6.86368517577e-09
        var: 5.70473277856e-19
    spectral_energy:
        dmean: 0.00156834174413
        dmean2: 0.00229460303672
        dvar: 9.51432957663e-06
        dvar2: 2.29117322306e-05
        max: 0.0294791888446
        mean: 0.00412890175357
        min: 0.000893013901077
        var: 1.17336767289e-05
    spectral_energyband_high:
        dmean: 0.000279065250652
        dmean2: 0.000404321413953
        dvar: 4.7233999112e-07
        dvar2: 9.21443131574e-07
        max: 0.00624823244289
        mean: 0.000422643614002
        min: 1.42578483064e-05
        var: 6.68101677093e-07
    spectral_energyband_low:
        dmean: 0.000228485630942
        dmean2: 0.000374609255232
        dvar: 1.83243642482e-07
        dvar2: 4.62095698595e-07
        max: 0.00455366959795
        mean: 0.0003906924685
        min: 4.4127395995e-06
        var: 2.83125274336e-07
    spectral_energyband_middle_high:
        dmean: 0.000693071051501
        dmean2: 0.00101204542443
        dvar: 7.14496934506e-07
        dvar2: 1.44667149016e-06
        max: 0.00797737110406
        mean: 0.00190514465794
        min: 0.000337207689881
        var: 1.51620110955e-06
    spectral_energyband_middle_low:
        dmean: 0.000748110411223
        dmean2: 0.00125108624343
        dvar: 4.1871699068e-06
        dvar2: 1.15363836812e-05
        max: 0.0176836438477
        mean: 0.00141041423194
        min: 0.00013189004676
        var: 3.21155175698e-06
    spectral_flatness_db:
        dmean: 0.0129969874397
        dmean2: 0.0192506778985
        dvar: 0.000114962269436
        dvar2: 0.000273492449196
        max: 0.227435335517
        mean: 0.140490651131
        min: 0.0886497870088
        var: 0.000518660002854
    spectral_flux:
        dmean: 0.00825433805585
        dmean2: 0.0119167780504
        dvar: 0.000170301704202
        dvar2: 0.00029412904405
        max: 0.141132667661
        mean: 0.0350218452513
        min: 0.0139366304502
        var: 0.000357796059689
    spectral_kurtosis:
        dmean: 1.24543249607
        dmean2: 2.06821680069
        dvar: 1.80032145977
        dvar2: 5.01927471161
        max: 13.8903598785
        mean: 4.3959646225
        min: 0.36616230011
        var: 3.30996251106
    spectral_rms:
        dmean: 0.000319207378197
        dmean2: 0.000450741295936
        dvar: 2.08428133419e-07
        dvar2: 4.46769433893e-07
        max: 0.00536285201088
        mean: 0.00190453999676
        min: 0.000933398667257
        var: 4.00925955546e-07
    spectral_rolloff:
        dmean: 341.311065674
        dmean2: 525.117370605
        dvar: 108689.828125
        dvar2: 242951.90625
        max: 4844.97070312
        mean: 3343.67211914
        min: 882.861328125
        var: 331380.40625
    spectral_skewness:
        dmean: 0.200921371579
        dmean2: 0.318509936333
        dvar: 0.0325514040887
        dvar2: 0.0795851796865
        max: 2.21396946907
        mean: 1.40787422657
        min: 0.28140386939
        var: 0.0867980569601
    spectral_spread:
        dmean: 556016.9375
        dmean2: 812176.25
        dvar: 356468916224
        dvar2: 672423280640
        max: 7027391.5
        mean: 4247463.5
        min: 2384095.25
        var: 1.10998296986e+12
    spectral_strongpeak:
        dmean: 0.477674096823
        dmean2: 0.847926497459
        dvar: 0.548109531403
        dvar2: 1.38540756702
        max: 5.27280330658
        mean: 0.642314553261
        min: 0.0160211008042
        var: 0.703371405602
    zerocrossingrate:
        dmean: 0.00868068262935
        dmean2: 0.0101532768458
        dvar: 6.31374059594e-05
        dvar2: 8.7980311946e-05
        max: 0.1572265625
        mean: 0.0988866239786
        min: 0.0478515625
        var: 0.000413197354646
    barkbands:
        dmean: [3.52830397787e-07, 5.32848825969e-05, 0.000193217361812, 0.000366347405361, 0.000271158933174, 0.000152514679939, 5.21275942447e-05, 6.3709972892e-05, 5.35304388904e-05, 6.71047964715e-05, 4.16234506702e-05, 2.99009861919e-05, 4.54087967228e-05, 3.27030029439e-05, 6.92220783094e-05, 7.54595312173e-05, 0.00023297657026, 0.000133354536956, 0.000220812129555, 0.000211743841646, 0.000141976473969, 4.16710681748e-05, 1.03196362033e-05, 2.82089399661e-06, 2.05232299777e-06, 1.04627268627e-07, 3.42802675135e-10]
        dmean2: [5.04736476614e-07, 8.10283236206e-05, 0.000326002656948, 0.000628356006928, 0.000472551939311, 0.000236410312937, 8.34203092381e-05, 8.47016635817e-05, 7.61262926972e-05, 9.85739316093e-05, 6.33930685581e-05, 4.65044868179e-05, 7.25647478248e-05, 5.09082965436e-05, 0.000116060764412, 0.000121312230476, 0.000372981681721, 0.000198790599825, 0.000346147542587, 0.0003231743176, 0.000207967023016, 5.75444282731e-05, 1.45552958202e-05, 4.03064314014e-06, 2.83864619632e-06, 1.5386871155e-07, 5.96254989826e-10]
        dvar: [1.06277313339e-12, 1.35873117202e-08, 1.3976269031e-07, 8.60952070525e-07, 6.104021395e-07, 1.07705687924e-07, 9.37563360282e-09, 7.46387662787e-09, 8.58701465489e-09, 7.75284725307e-09, 2.27185581458e-09, 1.02657227163e-09, 2.89671397979e-09, 1.52338397452e-09, 1.1882928419e-08, 1.3715918179e-08, 8.16359531086e-08, 2.79008194326e-08, 1.02486666265e-07, 1.77744027496e-07, 1.16068079592e-07, 1.4592733244e-08, 1.2755432266e-09, 8.64308902226e-11, 3.80949646828e-11, 4.91947113471e-14, 2.11996710399e-19]
        dvar2: [2.01772105968e-12, 2.9686644254e-08, 3.58298422043e-07, 2.42291525865e-06, 1.74003253051e-06, 2.54146499401e-07, 2.55580392405e-08, 1.16245759685e-08, 1.63144822096e-08, 1.58398467676e-08, 4.6958796851e-09, 2.53395526784e-09, 6.66844002239e-09, 3.41351369393e-09, 3.08238483626e-08, 3.45804131996e-08, 1.84346646392e-07, 6.53517844285e-08, 2.19550457814e-07, 3.52656428504e-07, 2.55899692547e-07, 3.08782510672e-08, 2.51771781201e-09, 1.75199993402e-10, 8.25456855647e-11, 1.02171851708e-13, 5.83532288379e-19]
        max: [1.42221360875e-05, 0.00138984853402, 0.00411283969879, 0.00732348114252, 0.0065402649343, 0.00311943958513, 0.000895062927157, 0.00131624541245, 0.00137518753763, 0.000941105186939, 0.000523763534147, 0.000284744106466, 0.00066773139406, 0.000376287702238, 0.00137716159225, 0.00128416460939, 0.00278637371957, 0.00156383484136, 0.00318016833626, 0.00419501634315, 0.00351580861025, 0.00116791157052, 0.000280402920907, 9.37796939979e-05, 5.74150253669e-05, 2.04551679417e-06, 4.15916945329e-09]
        mean: [5.64914444112e-07, 9.39135643421e-05, 0.000296224665362, 0.000402238947572, 0.000343851308571, 0.000279068714008, 8.29555865494e-05, 0.000154566005222, 0.000125967068016, 0.000139628988109, 9.51750043896e-05, 5.36374209332e-05, 9.31002723519e-05, 5.39963548363e-05, 0.000110336644866, 0.00012565086945, 0.000408646767028, 0.000227759679547, 0.000407911807997, 0.000359580677468, 0.000198670721147, 5.73152210563e-05, 1.20097238323e-05, 3.63368985745e-06, 2.37814606407e-06, 1.22139283576e-07, 3.43858358454e-10]
        min: [3.8181704326e-11, 2.60439890098e-07, 2.56740577242e-07, 3.96288385218e-07, 9.1837000582e-06, 4.31914668297e-06, 2.03105810215e-06, 3.1535087146e-06, 1.53392829816e-06, 3.53345035364e-06, 3.00241322293e-06, 2.61757395492e-06, 3.09922643282e-06, 7.9448670931e-07, 7.3999790402e-06, 4.51067717222e-06, 2.55807754002e-05, 1.3884126929e-05, 4.64512850158e-05, 1.65697692864e-05, 9.84401049209e-06, 3.85709086004e-07, 3.19956150463e-09, 5.82937076388e-09, 3.66345198621e-09, 1.61060512149e-10, 5.2785887098e-14]
        var: [1.83674646673e-12, 3.07638963193e-08, 2.04122102332e-07, 6.24998392595e-07, 4.0000392687e-07, 1.60515611469e-07, 1.03381045946e-08, 4.07644940026e-08, 3.2485964141e-08, 2.23715410641e-08, 8.31001667478e-09, 2.05335837222e-09, 9.93591786624e-09, 2.38267561237e-09, 1.51398396042e-08, 1.99007299528e-08, 1.43957819887e-07, 4.42960654823e-08, 1.69949998963e-07, 2.65397972044e-07, 1.46035745274e-07, 1.92264586474e-08, 1.60885493816e-09, 1.09028626405e-10, 4.48029877087e-11, 6.1544526257e-14, 2.2707286547e-19]
    mfcc:
        mean: [-711.236572266, 117.28326416, -60.1559944153, 61.422252655, -15.9969234467, -6.07491779327, 6.16494321823, -4.96565771103, 1.16571450233, -10.085067749, -5.80613183975, -4.82799625397, -5.32185029984]
        cov: [[1580.84448242, -939.227722168, 474.968933105, -100.88924408, -26.2121009827, 12.222946167, -124.50428009, 7.46034669876, -97.1193389893, -58.327922821, -28.6124210358, -29.6591873169, 0.453186243773], [-939.227722168, 914.932250977, -325.040161133, 211.78704834, 50.233417511, 22.2701377869, 115.076919556, 24.9823532104, 132.800338745, 53.1324462891, 17.2337322235, 33.4692649841, -10.8298110962], [474.968933105, -325.040161133, 450.937744141, -44.9956130981, -4.74752998352, 24.0078029633, -33.0098838806, 47.7724838257, -32.8095092773, 4.32947254181, 9.02164077759, -5.02385377884, 19.9426193237], [-100.88924408, 211.78704834, -44.9956130981, 171.954681396, 23.906961441, 20.3490543365, 40.4499320984, 3.58797645569, 44.2766723633, 4.57426786423, 1.61307764053, 10.0646896362, -11.3282709122], [-26.2121009827, 50.233417511, -4.74752998352, 23.906961441, 100.842063904, 15.780790329, 8.38219356537, -0.484698295593, 22.8488559723, 9.53537654877, 1.19880080223, -0.864628970623, 8.80096626282], [12.222946167, 22.2701377869, 24.0078029633, 20.3490543365, 15.780790329, 63.3199119568, 24.0930423737, 16.1694564819, 9.8909368515, 4.65860462189, 7.58220100403, 11.3249139786, 7.78251218796], [-124.50428009, 115.076919556, -33.0098838806, 40.4499320984, 8.38219356537, 24.0930423737, 101.171722412, 28.0845108032, 28.067861557, 8.6913022995, 9.56213760376, 17.6941947937, -8.31986236572], [7.46034669876, 24.9823532104, 47.7724838257, 3.58797645569, -0.484698295593, 16.1694564819, 28.0845108032, 76.1944580078, 30.663640976, 9.68210124969, 10.8931016922, 13.3488702774, 7.2607011795], [-97.1193389893, 132.800338745, -32.8095092773, 44.2766723633, 22.8488559723, 9.8909368515, 28.067861557, 30.663640976, 85.3683319092, 31.7926521301, 20.230298996, 20.8764743805, 6.67634439468], [-58.327922821, 53.1324462891, 4.32947254181, 4.57426786423, 9.53537654877, 4.65860462189, 8.6913022995, 9.68210124969, 31.7926521301, 53.9928245544, 25.2199172974, 4.58555269241, 5.2483253479], [-28.6124210358, 17.2337322235, 9.02164077759, 1.61307764053, 1.19880080223, 7.58220100403, 9.56213760376, 10.8931016922, 20.230298996, 25.2199172974, 49.4866218567, 26.4652080536, 5.16187381744], [-29.6591873169, 33.4692649841, -5.02385377884, 10.0646896362, -0.864628970623, 11.3249139786, 17.6941947937, 13.3488702774, 20.8764743805, 4.58555269241, 26.4652080536, 53.5000953674, 14.946770668], [0.453186243773, -10.8298110962, 19.9426193237, -11.3282709122, 8.80096626282, 7.78251218796, -8.31986236572, 7.2607011795, 6.67634439468, 5.2483253479, 5.16187381744, 14.946770668, 46.2209854126]]
        icov: [[0.00234120106325, 0.0026253007818, -0.000741066760384, -0.0018104033079, -0.000168349899468, -0.000763416464906, 0.00110017391853, -0.000538481341209, -0.00108799932059, 0.000174199405592, 0.00125806918368, -0.000671208137646, 0.00112534547225], [0.0026253007818, 0.00548694143072, 0.000733210938051, -0.00420616241172, -0.00040047839866, -0.000758352631237, 0.000336662225891, -0.00140239694156, -0.00221109646372, -0.00167160935234, 0.00221767532639, -0.00109875935595, 0.00101431610528], [-0.000741066760384, 0.000733210938051, 0.00408586766571, -0.00073163973866, -0.000269435899099, -0.000768780882936, 0.000462267751573, -0.00312505103648, 0.00195763376541, -0.00199126405641, -0.00059230485931, 0.000457149144495, -0.00114664074499], [-0.0018104033079, -0.00420616241172, -0.00073163973866, 0.011145546101, -0.000383027771022, -0.00139052222949, -0.00197270954959, 0.00321484636515, -0.00306130573153, 0.00314797251485, -0.000652603222989, 0.000415277841967, 0.00154984765686], [-0.000168349899468, -0.00040047839866, -0.000269435899099, -0.000383027771022, 0.0116078266874, -0.0025305931922, -0.000391836074414, 0.00225890707225, -0.0034485287033, 0.000143331752042, 4.12136650993e-05, 0.00253905612044, -0.00262317433953], [-0.000763416464906, -0.000758352631237, -0.000768780882936, -0.00139052222949, -0.0025305931922, 0.0202095024288, -0.00431481841952, -0.00195047550369, 0.00227441010065, -0.000408246647567, -0.0013842813205, -0.00142813345883, -0.00323628191836], [0.00110017391853, 0.000336662225891, 0.000462267751573, -0.00197270954959, -0.000391836074414, -0.00431481841952, 0.0153373451903, -0.00495705241337, -0.000125539314467, -0.000915069889743, 0.00150090130046, -0.00413129059598, 0.00501609453931], [-0.000538481341209, -0.00140239694156, -0.00312505103648, 0.00321484636515, 0.00225890707225, -0.00195047550369, -0.00495705241337, 0.0209306143224, -0.00852773990482, 0.0032192573417, -0.00105892098509, 0.000590599316638, -0.00167543638963], [-0.00108799932059, -0.00221109646372, 0.00195763376541, -0.00306130573153, -0.0034485287033, 0.00227441010065, -0.000125539314467, -0.00852773990482, 0.0257595144212, -0.0114885065705, -7.27730512153e-05, -0.00554424989969, -0.0011269635288], [0.000174199405592, -0.00167160935234, -0.00199126405641, 0.00314797251485, 0.000143331752042, -0.000408246647567, -0.000915069889743, 0.0032192573417, -0.0114885065705, 0.0343983583152, -0.0180929042399, 0.0113550359383, -0.00328945904039], [0.00125806918368, 0.00221767532639, -0.00059230485931, -0.000652603222989, 4.12136650993e-05, -0.0013842813205, 0.00150090130046, -0.00105892098509, -7.27730512153e-05, -0.0180929042399, 0.0399708449841, -0.0202690027654, 0.00542020797729], [-0.000671208137646, -0.00109875935595, 0.000457149144495, 0.000415277841967, 0.00253905612044, -0.00142813345883, -0.00413129059598, 0.000590599316638, -0.00554424989969, 0.0113550359383, -0.0202690027654, 0.0347968377173, -0.0109031228349], [0.00112534547225, 0.00101431610528, -0.00114664074499, 0.00154984765686, -0.00262317433953, -0.00323628191836, 0.00501609453931, -0.00167543638963, -0.0011269635288, -0.00328945904039, 0.00542020797729, -0.0109031228349, 0.0284036807716]]
    spectral_contrast:
        mean: [7.06980216592e-08, -8.96327421174e-08, 5.21540641785e-08, -1.35401606371e-07, 1.91526808635e-07, 1.47205412304e-07, 1.04176137938e-06, -7.55652138196e-07, 3.42066755366e-07, -4.98164240526e-07, -8.55514201703e-07, 1.69949657902e-06]
        var: [0.000391323526856, 0.00061498460127, 0.00107838469557, 0.00152595550753, 0.00233998522162, 0.00389155582525, 0.0329131223261, 0.0633471757174, 0.101497136056, 0.17763005197, 0.404695481062, 1.47263491154]

rhythm:
    beats_loudness:
        dmean: 0.0050232373178
        dmean2: 0.00993202533573
        dvar: 7.36847368898e-06
        dvar2: 2.00578833756e-05
        max: 0.0146008422598
        mean: 0.00922068580985
        min: 0.00504005141556
        var: 1.06243624032e-05
    beats_loudness_bass:
        dmean: 0.271945983171
        dmean2: 0.549484431744
        dvar: 0.0135440789163
        dvar2: 0.0390034765005
        max: 0.525176525116
        mean: 0.177724584937
        min: 0.0166181586683
        var: 0.0267630983144
    bpm: 99.0741577148
    bpm_confidence: 0
    first_peak_bpm: 99
    first_peak_spread: 0
    first_peak_weight: 0.9375
    onset_rate: 3.39833545685
    second_peak_bpm: 93
    second_peak_spread: 0
    second_peak_weight: 0.0625
    beats_position: [0.0931154862046, 0.699137687683, 1.30515992641, 1.91118216515, 2.51720428467, 3.12322664261, 3.72924876213, 4.33527088165, 4.94129323959, 5.5473151207, 6.19097757339, 6.79613351822, 7.40129041672, 8.0064458847, 8.6116027832, 9.21675872803, 9.82191467285]
    bpm_estimates: [99.1058502197, 99.1181106567, 98.8828887939, 98.5648269653, 98.7272644043, 99.055267334, 99.2337036133, 99.09349823, 99.0537796021, 99.0064544678, 99.2315139771, 98.9964370728, 99.0728988647, 98.9256210327, 99.1459579468, 99.7256774902, 99.14427948, 99.3014297485, 99.049697876, 99.1045455933, 99.0176467896]
    bpm_intervals: [0.606022179127, 0.606022238731, 0.606022238731, 0.606022119522, 0.606022357941, 0.606022119522, 0.606022119522, 0.606022357941, 0.606021881104, 0.643662452698, 0.605155944824, 0.605156898499, 0.605155467987, 0.605156898499, 0.605155944824, 0.605155944824]
    onset_times: [0.0580498874187, 0.243809521198, 0.383129239082, 0.684988677502, 0.99845802784, 1.17260766029, 1.30031740665, 1.62539684772, 1.90403628349, 2.35682535172, 2.54258513451, 2.85605430603, 3.12308382988, 3.43655323982, 3.72680282593, 4.31891155243, 4.7833108902, 4.96907043457, 5.28253984451, 5.56117916107, 5.87464857101, 6.15328788757, 6.7570066452, 7.24462604523, 7.40716552734, 7.70902490616, 7.84834480286, 7.97605419159, 8.3011341095, 8.60299301147, 8.92807292938, 9.18349170685, 9.682721138, 9.84526062012]
    rubato_start: []
    rubato_stop: []
    perceptual_tempo: "unknown"

sfx:
    inharmonicity:
        dmean: 0.046999450773
        dmean2: 0.0821218565106
        dvar: 0.00234545883723
        dvar2: 0.00622769072652
        max: 0.318021506071
        mean: 0.0545364655554
        min: 0
        var: 0.00282806507312
    oddtoevenharmonicenergyratio:
        dmean: 1.8228969574
        dmean2: 3.38099479675
        dvar: 30.3237380981
        dvar2: 86.6873321533
        max: 70.3131332397
        mean: 1.29968750477
        min: 0
        var: 18.4352760315
    pitch_after_max_to_before_max_energy_ratio: 0.699649274349
    pitch_centroid: 197.81690979
    pitch_max_to_total: 0.494172483683
    pitch_min_to_total: 0.244755238295
    tristimulus:
        dmean: [0.175330042839, 0.239912480116, 0.137382164598]
        dmean2: [0.306217223406, 0.427206605673, 0.239563882351]
        dvar: [0.0255159288645, 0.0465794689953, 0.0184118412435]
        dvar2: [0.0677661821246, 0.127450510859, 0.0501210913062]
        max: [1, 0.93900257349, 0.805273592472]
        mean: [0.349127829075, 0.436316609383, 0.145969942212]
        min: [0.00484795868397, 0, 0]
        var: [0.0390291772783, 0.0581826269627, 0.0236903913319]

tonal:
    chords_changes_rate: 0.074074074626
    chords_number_rate: 0.037037037313
    chords_strength:
        dmean: 0.00951134879142
        dmean2: 0.00848687347025
        dvar: 5.19311070093e-05
        dvar2: 4.24234240199e-05
        max: 0.596556723118
        mean: 0.437651067972
        min: 0.290684074163
        var: 0.0039905491285
    key_strength: 0.602725028992
    tuning_diatonic_strength: 0.444923907518
    tuning_equal_tempered_deviation: 0.059776570648
    tuning_frequency: 441.272583008
    tuning_nontempered_energy_ratio: 0.653289794922
    hpcp:
        dmean: [0.18057154119, 0.115013308823, 0.0705241635442, 0.0651545673609, 0.115529261529, 0.154289335012, 0.147028133273, 0.141541793942, 0.134344950318, 0.138480275869, 0.128862455487, 0.10341129452, 0.119536884129, 0.118085637689, 0.140516862273, 0.164384454489, 0.143449679017, 0.143008410931, 0.107267573476, 0.0908311530948, 0.137487202883, 0.197374746203, 0.157746165991, 0.140745699406, 0.157738387585, 0.163474217057, 0.163766562939, 0.13701453805, 0.114916965365, 0.176016494632, 0.21092402935, 0.162867754698, 0.117113396525, 0.0825395807624, 0.0924303755164, 0.159252420068]
        dmean2: [0.300131887197, 0.189048200846, 0.117578744888, 0.108835190535, 0.199960410595, 0.251494795084, 0.240738525987, 0.240243673325, 0.227021619678, 0.236921519041, 0.21745172143, 0.177491143346, 0.201488792896, 0.205275863409, 0.22999317944, 0.275411367416, 0.24909517169, 0.251697003841, 0.191015139222, 0.160154014826, 0.219322532415, 0.328213065863, 0.273438811302, 0.232077762485, 0.262632399797, 0.28169593215, 0.278271824121, 0.209150135517, 0.209777727723, 0.307695478201, 0.372256875038, 0.291484087706, 0.200870424509, 0.143451958895, 0.16113127768, 0.267567664385]
        dvar: [0.0352481417358, 0.0162618998438, 0.00889261253178, 0.00813457090408, 0.0190147273242, 0.027403280139, 0.0239789895713, 0.0275178700686, 0.0244744960219, 0.0331631936133, 0.0224742554128, 0.018640447408, 0.0217963866889, 0.0203712377697, 0.023065617308, 0.0315507501364, 0.022849816829, 0.0306896045804, 0.0163744967431, 0.0130472350866, 0.0191632974893, 0.0418880358338, 0.0247525516897, 0.0274223424494, 0.0387272424996, 0.0419167466462, 0.0393119193614, 0.0176926869899, 0.0182069838047, 0.045991525054, 0.0506512448192, 0.0299407113343, 0.0194043032825, 0.00966828130186, 0.0154751585796, 0.0269390586764]
        dvar2: [0.0878142863512, 0.0447698384523, 0.0241566039622, 0.0198889933527, 0.04853489995, 0.0626033321023, 0.0546627901495, 0.0766508504748, 0.0680960789323, 0.0929470583797, 0.0626392439008, 0.051083330065, 0.061144888401, 0.0549986474216, 0.0551895424724, 0.0810340344906, 0.053012508899, 0.0794765800238, 0.0447644740343, 0.0343254357576, 0.0450128875673, 0.0926156714559, 0.0609408542514, 0.0801605507731, 0.097645573318, 0.117377988994, 0.100150875747, 0.0438649989665, 0.0518356077373, 0.137087598443, 0.148628726602, 0.0866163298488, 0.0530538856983, 0.0252601895481, 0.0397684015334, 0.070047095418]
        max: [1, 1, 0.911132574081, 1, 1, 1, 1, 1, 1, 1, 1, 1, 1, 0.909077107906, 1, 1, 1, 1, 1, 0.665326178074, 1, 1, 0.977906882763, 1, 1, 1, 1, 1, 1, 1, 1, 1, 1, 0.759680747986, 0.872909247875, 1]
        mean: [0.405612677336, 0.23094008863, 0.0977573916316, 0.0959276556969, 0.165251851082, 0.28976932168, 0.323332935572, 0.212381288409, 0.23322764039, 0.358099937439, 0.257411807775, 0.152521833777, 0.164035588503, 0.156914994121, 0.315840959549, 0.40744844079, 0.270746618509, 0.193406030536, 0.15522736311, 0.116309978068, 0.294245064259, 0.482568770647, 0.299627035856, 0.196129113436, 0.287502348423, 0.239641591907, 0.223574355245, 0.210948556662, 0.155072331429, 0.238695815206, 0.32201769948, 0.236733436584, 0.14631767571, 0.118328459561, 0.134958475828, 0.314994394779]
        min: [0.0316106751561, 0.0220124144107, 0.00649210903794, 0.00478650722653, 0.00539547624066, 0.00930514000356, 0.0125882066786, 0.0150019675493, 0.00535580841824, 0.0069730989635, 0.00651192804798, 0.0043332669884, 0.0067378054373, 0.00509762903675, 0.00987713877112, 0.0131241576746, 0.0136310150847, 0.0134146139026, 0.00648747989908, 0.00279386830516, 0.00866625458002, 0.0156195601448, 0.0184988062829, 0.00859154481441, 0.00370082817972, 0.00485651381314, 0.0124106733128, 0.0147633329034, 0.00859474390745, 0.00735242059454, 0.00862004049122, 0.00719846412539, 0.00585886230692, 0.00257456884719, 0.00440372666344, 0.0238181147724]
        var: [0.0759637355804, 0.029169594869, 0.0111694829538, 0.0120932636783, 0.0320736803114, 0.0639892891049, 0.0731842815876, 0.038790628314, 0.0463245585561, 0.116620212793, 0.0578183233738, 0.0222705863416, 0.0265426151454, 0.0226437095553, 0.0586000159383, 0.09207110852, 0.0489996112883, 0.0398268550634, 0.0192127786577, 0.0157150924206, 0.0619949884713, 0.116736568511, 0.043239839375, 0.0424079857767, 0.102442041039, 0.0704980418086, 0.0571399591863, 0.0391584821045, 0.0236305836588, 0.0600278303027, 0.0762591063976, 0.0426732711494, 0.0267199762166, 0.0156745277345, 0.021154249087, 0.0529487989843]
    chords_histogram: [11.1111106873, 1.38888883591, 4.62962961197, 1.85185182095, 1.85185182095, 0, 0, 0, 0, 0, 0, 0, 0, 0, 0, 0, 0, 0, 0, 0, 0, 43.055557251, 8.33333301544, 27.7777786255]
    thpcp: [1, 0.620900154114, 0.406427294016, 0.595774888992, 0.496595740318, 0.46330049634, 0.437136769295, 0.321347624063, 0.494635850191, 0.667299091816, 0.490569323301, 0.30320584774, 0.245205387473, 0.279666811228, 0.652745068073, 0.840528249741, 0.478564083576, 0.202577114105, 0.198785454035, 0.342442065477, 0.600472569466, 0.670024573803, 0.440105736256, 0.483304470778, 0.742070257664, 0.533419966698, 0.316062390804, 0.339921683073, 0.325166076422, 0.654499351978, 0.844332396984, 0.561052918434, 0.400784403086, 0.321668893099, 0.241022601724, 0.609747409821]
    chords_key: "D"
    chords_scale: "minor"
    key_key: "C"
    key_scale: "major"
    chords_progression: ["Dm", "Dm", "Dm", "Dm", "Dm", "Dm", "Dm", "Dm", "Dm", "Dm", "Dm", "Dm", "Dm", "Dm", "Dm", "Dm", "Dm", "Dm", "Dm", "Dm", "Dm", "Dm", "Dm", "Dm", "Dm", "Am", "Am", "Am", "Am", "Am", "Am", "Am", "Am", "Am", "Am", "Am", "Am", "Am", "Am", "Am", "Am", "Am", "Am", "Am", "Am", "Am", "Am", "Am", "Am", "Am", "Am", "Am", "Am", "F", "F", "F", "F", "F", "F", "F", "F", "F", "C", "C", "C", "C", "C", "C", "C", "C", "C", "C", "C", "C", "C", "G", "Em", "Em", "Em", "G", "G", "G", "G", "G", "G", "G", "G", "G", "D", "D", "D", "D", "Dm", "Dm", "Dm", "Dm", "Dm", "Dm", "Dm", "Dm", "Dm", "Dm", "Dm", "Dm", "Dm", "Dm", "Dm", "Dm", "Dm", "Dm", "Dm", "Dm", "Dm", "Dm", "Dm", "Dm", "Dm", "Dm", "Dm", "Dm", "Dm", "Dm", "Dm", "Dm", "Dm", "Dm", "Bm", "Bm", "Bm", "Bm", "Am", "Am", "Am", "Am", "Am", "Am", "Am", "Am", "Am", "Am", "Am", "Am", "Am", "Am", "Am", "Am", "Am", "Am", "Am", "Am", "Am", "Am", "Am", "C", "C", "C", "C", "C", "C", "C", "C", "C", "C", "F", "F", "F", "F", "F", "F", "F", "F", "F", "Am", "Am", "Am", "Am", "Am", "C", "Am", "Am", "Am", "Am", "Dm", "Dm", "Dm", "Dm", "Dm", "Dm", "Dm", "Dm", "Dm", "Dm", "Dm", "Dm", "Dm", "Dm", "Dm", "Dm", "Dm", "Dm", "Dm", "Dm", "Dm", "Dm", "Dm", "Dm", "Dm", "Dm", "Dm", "Dm", "Dm", "Dm", "Dm", "Dm", "Dm", "Dm"]
