
metadata:
    version:
        essentia: "1.2.2"
    audio_properties:
        analysis_sample_rate: 44100
        bitrate: 128
        channels: 2
        equal_loudness: 1
        length: 10.0310201645
        replay_gain: -8.78161811829
        downmix: "mix"
    tags:
        track: 2
        year: 0
        album: "Splitted by Mp3Splt v. 2.1"
        artist: "From 000.10 To 000.20"
        comment: "http://mp3splt.sf.net"
        genre: ""
        title: "02 The Reckoning.mp3"

highlevel:
    ballroom:
        all:
            ChaChaCha: 0.15811188519
            Jive: 0.670428514481
            Quickstep: 0.0266151893884
            Rumba-American: 0.00162067660131
            Rumba-International: 0.0183934327215
            Rumba-Misc: 0.00566357141361
            Samba: 0.0594365261495
            Tango: 0.0046307425946
            VienneseWaltz: 0.0480899326503
            Waltz: 0.00700952112675
        probability: 0.670428514481
        value: "Jive"
    culture:
        all:
            non_western: 0.144136846066
            western: 0.855863153934
        probability: 0.855863153934
        value: "western"
    gender:
        all:
            female: 0.452486544847
            male: 0.54751342535
        probability: 0.54751342535
        value: "male"
    genre_dortmund:
        all:
            alternative: 0.113427758217
            blues: 0.0221250522882
            electronic: 0.0302517861128
            folkcountry: 0.0806792005897
            funksoulrnb: 0.00802101846784
            jazz: 0.0274283476174
            pop: 0.060619994998
            raphiphop: 0.000690160144586
            rock: 0.656756699085
        probability: 0.656756699085
        value: "rock"
    genre_electronica:
        all:
            ambient: 0.170573070645
            dnb: 0.466589391232
            house: 0.0591797865927
            techno: 0.0348011814058
            trance: 0.268856555223
        probability: 0.466589391232
        value: "dnb"
    genre_rosamerica:
        all:
            cla: 0.0474239885807
            dan: 0.0611443966627
            hip: 0.00612381054088
            jaz: 0.00416388036683
            pop: 0.137388423085
            rhy: 0.00659538200125
            roc: 0.735944271088
            spe: 0.00121582939755
        probability: 0.735944271088
        value: "roc"
    genre_tzanetakis:
        all:
            blu: 0.00348158576526
            cla: 0.00779778882861
            cou: 0.0482071451843
            dis: 0.0531877353787
            hip: 0.00322200683877
            jaz: 0.0126651925966
            met: 0.0820780992508
            pop: 0.0191277228296
            reg: 0.00384070491418
            roc: 0.766391992569
        probability: 0.766391992569
        value: "roc"
    live_studio:
        all:
            live: 0.031278360635
            studio: 0.968721628189
        probability: 0.968721628189
        value: "studio"
    mood:
        all:
            Cluster1: 0.449465543032
            Cluster2: 0.130657359958
            Cluster3: 0.235821247101
            Cluster4: 0.0878376066685
            Cluster5: 0.0962182506919
        probability: 0.449465543032
        value: "Cluster1"
    mood_acoustic:
        all:
            acoustic: 0.00568392314017
            not_acoustic: 0.994316101074
        probability: 0.994316101074
        value: "not_acoustic"
    mood_aggressive:
        all:
            aggressive: 0.718811154366
            not_aggressive: 0.281188815832
        probability: 0.718811154366
        value: "aggressive"
    mood_electronic:
        all:
            electronic: 0.467768102884
            not_electronic: 0.532231867313
        probability: 0.532231867313
        value: "not_electronic"
    mood_happy:
        all:
            happy: 0.639712870121
            not_happy: 0.360287100077
        probability: 0.639712870121
        value: "happy"
    mood_party:
        all:
            not_party: 0.571700692177
            party: 0.428299307823
        probability: 0.571700692177
        value: "not_party"
    mood_relaxed:
        all:
            not_relaxed: 0.304082483053
            relaxed: 0.695917487144
        probability: 0.695917487144
        value: "relaxed"
    mood_sad:
        all:
            not_sad: 0.722125887871
            sad: 0.277874112129
        probability: 0.722125887871
        value: "not_sad"
    rhythm:
        all:
            fast: 0.738861083984
            medium: 0.0735303983092
            slow: 0.187608525157
        probability: 0.738861083984
        value: "fast"
    speech_music:
        all:
            music: 0.999814689159
            speech: 0.000185340395547
        probability: 0.999814689159
        value: "music"
    timbre:
        all:
            bright: 0.984057366848
            dark: 0.015942659229
        probability: 0.984057366848
        value: "bright"
    voice_instrumental:
        all:
            instrumental: 0.803121447563
            voice: 0.196878552437
        probability: 0.803121447563
        value: "instrumental"

lowlevel:
    average_loudness: 0.985132336617
    barkbands_kurtosis:
        dmean: 0.38882163167
        dmean2: 0.64178621769
        dvar: 0.319960415363
        dvar2: 0.868731319904
        max: 3.39200878143
        mean: -1.18032479286
        min: -1.79790210724
        var: 0.49970549345
    barkbands_skewness:
        dmean: 0.341185182333
        dmean2: 0.563372254372
        dvar: 0.0977945402265
        dvar2: 0.253882110119
        max: 2.12375164032
        mean: 0.296762675047
        min: -1.64838051796
        var: 0.312038898468
    barkbands_spread:
        dmean: 4.33353996277
        dmean2: 6.7643995285
        dvar: 23.356136322
        dvar2: 58.9161834717
        max: 59.1752662659
        mean: 36.0605697632
        min: 14.7210197449
        var: 55.3758277893
    dissonance:
        dmean: 0.0111933788285
        dmean2: 0.0187713317573
        dvar: 9.91070919554e-05
        dvar2: 0.000268177158432
        max: 0.499321043491
        mean: 0.477311491966
        min: 0.414869815111
        var: 0.000239918968873
    hfc:
        dmean: 2.02561903
        dmean2: 3.03165054321
        dvar: 12.1812925339
        dvar2: 28.3179950714
        max: 34.7364997864
        mean: 6.78627967834
        min: 1.29581046104
        var: 19.2734260559
    pitch:
        dmean: 654.364074707
        dmean2: 1275.25598145
        dvar: 1333579.375
        dvar2: 3716231
        max: 4410
        mean: 656.268432617
        min: 73.6227035522
        var: 1072354.625
    pitch_instantaneous_confidence:
        dmean: 0.0691394880414
        dmean2: 0.114287704229
        dvar: 0.00369809754193
        dvar2: 0.0091655915603
        max: 0.613832831383
        mean: 0.357462108135
        min: 0.143813610077
        var: 0.0090384054929
    pitch_salience:
        dmean: 0.0561817772686
        dmean2: 0.0925273448229
        dvar: 0.00275760586374
        dvar2: 0.00852728076279
        max: 0.812525212765
        mean: 0.633093476295
        min: 0.445778429508
        var: 0.00435244571418
    silence_rate_20dB:
        dmean: 0
        dmean2: 0
        dvar: 0
        dvar2: 0
        max: 1
        mean: 1
        min: 1
        var: 0
    silence_rate_30dB:
        dmean: 0
        dmean2: 0
        dvar: 0
        dvar2: 0
        max: 1
        mean: 1
        min: 1
        var: 0
    silence_rate_60dB:
        dmean: 0.139211133122
        dmean2: 0.276744186878
        dvar: 0.119831264019
        dvar2: 0.251318603754
        max: 1
        mean: 0.231481477618
        min: 0
        var: 0.177897930145
    spectral_centroid:
        dmean: 231.177932739
        dmean2: 377.376281738
        dvar: 45360.4179688
        dvar2: 124984.085938
        max: 2911.27050781
        mean: 1436.39855957
        min: 596.855041504
        var: 141977.765625
    spectral_complexity:
        dmean: 3.4848484993
        dmean2: 5.39719629288
        dvar: 16.4082736969
        dvar2: 35.3001747131
        max: 42
        mean: 15.7418603897
        min: 4
        var: 38.0473327637
    spectral_crest:
        dmean: 1.61150753498
        dmean2: 2.65106892586
        dvar: 2.10228610039
        dvar2: 5.7624540329
        max: 15.568189621
        mean: 6.6173415184
        min: 2.85721707344
        var: 4.09109544754
    spectral_decrease:
        dmean: 3.75454167756e-10
        dmean2: 6.09811368069e-10
        dvar: 4.37325219978e-19
        dvar2: 1.10347444678e-18
        max: -3.06276004558e-10
        mean: -1.09824116468e-09
        min: -5.77997960605e-09
        var: 5.02264791725e-19
    spectral_energy:
        dmean: 0.00156940321904
        dmean2: 0.00251889950596
        dvar: 7.68862810219e-06
        dvar2: 1.91670042113e-05
        max: 0.0239065978676
        mean: 0.00476055219769
        min: 0.00140225258656
        var: 9.16127373785e-06
    spectral_energyband_high:
        dmean: 0.000165846242453
        dmean2: 0.000242383175646
        dvar: 8.99116230357e-08
        dvar2: 1.90719191551e-07
        max: 0.00268119573593
        mean: 0.00034336495446
        min: 1.88397279999e-05
        var: 1.53730951524e-07
    spectral_energyband_low:
        dmean: 0.000314158736728
        dmean2: 0.000562375003938
        dvar: 4.37539853237e-07
        dvar2: 1.22480366826e-06
        max: 0.00423229811713
        mean: 0.000349135894794
        min: 5.28944610778e-07
        var: 2.91002692165e-07
    spectral_energyband_middle_high:
        dmean: 0.000475994747831
        dmean2: 0.000747847021557
        dvar: 4.93468917284e-07
        dvar2: 1.1807996998e-06
        max: 0.00878973584622
        mean: 0.001837720396
        min: 0.000332228577463
        var: 9.93167304841e-07
    spectral_energyband_middle_low:
        dmean: 0.000982113764621
        dmean2: 0.00160747603513
        dvar: 3.92272932004e-06
        dvar2: 1.02457906905e-05
        max: 0.0183551330119
        mean: 0.00223032245412
        min: 0.000366768654203
        var: 4.09628046327e-06
    spectral_flatness_db:
        dmean: 0.0157299265265
        dmean2: 0.024235246703
        dvar: 0.000162891155924
        dvar2: 0.00039563383325
        max: 0.216431379318
        mean: 0.152985423803
        min: 0.0916668102145
        var: 0.000487713929033
    spectral_flux:
        dmean: 0.0098673235625
        dmean2: 0.0148951774463
        dvar: 0.000198781970539
        dvar2: 0.00034228831646
        max: 0.117107063532
        mean: 0.0354134216905
        min: 0.0110924364999
        var: 0.000369308021618
    spectral_kurtosis:
        dmean: 1.30093860626
        dmean2: 2.24520897865
        dvar: 1.97451496124
        dvar2: 5.89392185211
        max: 13.9021072388
        mean: 3.48354411125
        min: 0.44406247139
        var: 3.0495197773
    spectral_rms:
        dmean: 0.000312531803502
        dmean2: 0.00049327936722
        dvar: 2.00321295551e-07
        dvar2: 4.74412246376e-07
        max: 0.00482944212854
        mean: 0.00208164262585
        min: 0.00116963731125
        var: 3.11204445325e-07
    spectral_rolloff:
        dmean: 334.542541504
        dmean2: 565.447509766
        dvar: 146752.34375
        dvar2: 333086.125
        max: 4242.04101562
        mean: 3001.57910156
        min: 581.396484375
        var: 349845.25
    spectral_skewness:
        dmean: 0.167724952102
        dmean2: 0.273401081562
        dvar: 0.0270688459277
        dvar2: 0.0765786767006
        max: 2.85804891586
        mean: 1.33280432224
        min: 0.718810677528
        var: 0.0845946371555
    spectral_spread:
        dmean: 690673
        dmean2: 999871.9375
        dvar: 781421314048
        dvar2: 1.57851713536e+12
        max: 13459475
        mean: 4259925.5
        min: 2357421.5
        var: 1.27800469094e+12
    spectral_strongpeak:
        dmean: 0.533677816391
        dmean2: 0.996652245522
        dvar: 0.791465163231
        dvar2: 2.11096024513
        max: 4.08381509781
        mean: 0.631733834743
        min: 0.0313597992063
        var: 0.838336229324
    zerocrossingrate:
        dmean: 0.00684162834659
        dmean2: 0.00855861231685
        dvar: 3.27822672261e-05
        dvar2: 5.15712272318e-05
        max: 0.12841796875
        mean: 0.0890908911824
        min: 0.0302734375
        var: 0.000248978205491
    barkbands:
        dmean: [1.82630117251e-07, 7.50871622586e-05, 0.000252884987276, 0.000431062973803, 0.000555751321372, 0.000217668144614, 0.000126344399177, 8.99993683561e-05, 3.75922500098e-05, 4.17459159507e-05, 3.14498174703e-05, 2.77733852272e-05, 3.63270482922e-05, 7.67837991589e-05, 9.90982443909e-05, 4.48603641416e-05, 0.000119911441288, 0.00017847023264, 9.63346537901e-05, 0.000145166719449, 7.38042363082e-05, 2.87215698336e-05, 5.90952004131e-06, 1.95667962544e-06, 2.13177872865e-06, 5.34751620762e-08, 1.48368572983e-09]
        dmean2: [2.76990732573e-07, 0.00013706140453, 0.000456333975308, 0.000719298259355, 0.000974605209194, 0.000364943756722, 0.000220368005103, 0.000148284045281, 5.96074241912e-05, 6.30190188531e-05, 4.9415484682e-05, 4.32319720858e-05, 5.70534175495e-05, 0.000121578246763, 0.000161920077517, 7.35484791221e-05, 0.000189033191418, 0.000294438301353, 0.000156292138854, 0.000224680174142, 0.000116583592899, 4.56530833617e-05, 9.29266479943e-06, 3.18662227983e-06, 3.5759264847e-06, 9.00149004224e-08, 1.68297342729e-09]
        dvar: [2.98079811702e-13, 3.47133521927e-08, 2.46009648208e-07, 9.98095174509e-07, 1.48455922044e-06, 6.24887945833e-08, 8.34137665606e-08, 1.84466113495e-08, 2.49487963622e-09, 3.45286665926e-09, 2.63458854732e-09, 1.48392986787e-09, 1.88863946704e-09, 1.14317115774e-08, 2.0865392969e-08, 8.19079382097e-09, 2.21575255921e-08, 3.87789498291e-08, 2.17627498245e-08, 5.38147446605e-08, 1.59578998904e-08, 3.36609695673e-09, 1.92273696964e-10, 1.67694972492e-11, 3.68395938755e-11, 2.50051732385e-14, 6.62600575654e-16]
        dvar2: [4.30134226848e-13, 9.71272839934e-08, 6.86885982759e-07, 2.47984212365e-06, 4.3408062993e-06, 1.87105584359e-07, 2.53933905014e-07, 5.20296019602e-08, 6.04516836589e-09, 8.30037372168e-09, 6.81750256248e-09, 3.45834449966e-09, 3.94098620404e-09, 2.38567618993e-08, 4.70955328069e-08, 2.20555325114e-08, 5.61197701643e-08, 1.00655825008e-07, 5.27334051981e-08, 1.20185063679e-07, 3.37755423629e-08, 7.71952635148e-09, 4.7184356422e-10, 4.53826837221e-11, 9.70058824934e-11, 6.71025396164e-14, 6.63590651291e-16]
        max: [8.89159764483e-06, 0.00106986577157, 0.00316120032221, 0.00879867654294, 0.0110419392586, 0.00214909925126, 0.00202478980646, 0.00108119065408, 0.000429784005973, 0.00066235428676, 0.000687292020302, 0.000411398039432, 0.000519581488334, 0.00116953777615, 0.00196953164414, 0.00111435446888, 0.00152955437079, 0.00160103139933, 0.00119427067693, 0.00217518140562, 0.000975809351075, 0.000390692206565, 0.00012231641449, 3.24429929606e-05, 7.69108883105e-05, 2.04147750082e-06, 5.34149990017e-07]
        mean: [1.75176495532e-07, 6.87556821504e-05, 0.000280216801912, 0.000513893028256, 0.000848604482599, 0.000466180063086, 0.00017388316337, 0.000155009358423, 6.17338664597e-05, 7.45677607483e-05, 4.75789347547e-05, 5.4384010582e-05, 6.98733274476e-05, 0.000196392269572, 0.000234634761, 8.26417453936e-05, 0.000302077649394, 0.000451823521871, 0.000207826844417, 0.000282289693132, 0.000129077510792, 4.61396557512e-05, 8.24464859761e-06, 2.56628163697e-06, 1.94279095922e-06, 4.09211757812e-08, 1.4552425931e-09]
        min: [2.80236250871e-11, 3.7567065192e-07, 1.5290903832e-07, 6.98986013958e-07, 1.88322264876e-05, 3.36384837283e-05, 1.09628272185e-05, 9.79086507868e-06, 4.08867708757e-06, 5.78959134145e-06, 2.10761481867e-06, 1.98959833142e-06, 4.32902288594e-06, 1.41094733408e-05, 1.68949918589e-05, 4.75997558169e-06, 1.70492003235e-05, 2.75905640592e-05, 2.19641333388e-05, 3.01170257444e-05, 3.83202950616e-06, 1.39448911796e-06, 1.5242837037e-07, 5.37580717719e-08, 1.04601500794e-08, 1.40205791421e-10, 4.52667485201e-14]
        var: [3.07972506004e-13, 2.17492281962e-08, 1.72716980273e-07, 9.99163489723e-07, 1.03138381746e-06, 9.36652639894e-08, 5.76680001529e-08, 1.90687856616e-08, 4.05901712242e-09, 6.1114797667e-09, 3.81001719063e-09, 4.81393236385e-09, 5.35659827605e-09, 5.00220558308e-08, 6.04606853472e-08, 9.20136944416e-09, 6.63176820126e-08, 9.26012972968e-08, 3.14009760416e-08, 7.84611486893e-08, 2.60788848294e-08, 4.97292873547e-09, 2.53347259838e-10, 1.62260621606e-11, 2.8747473152e-11, 1.73855020143e-14, 6.61644751913e-16]
    mfcc:
        mean: [-700.655212402, 118.414985657, -50.3117370605, 60.9758987427, -6.89697217941, -3.75976443291, -7.86939620972, -14.8607130051, -10.322063446, -8.23768424988, -2.99736690521, -8.09125709534, -12.751578331]
        cov: [[1151.9921875, -531.913146973, 250.913009644, -63.3869781494, -19.1066532135, 113.743309021, -11.5696086884, 50.9637527466, 32.5546455383, -12.6499900818, -17.0131587982, -31.8619365692, 9.39183616638], [-531.913146973, 510.540985107, -163.380706787, 6.75057029724, 12.2934923172, -12.3457098007, 23.2820701599, -22.38646698, -36.674785614, 22.8814983368, -2.58802938461, 12.2681417465, -11.5144405365], [250.913009644, -163.380706787, 245.783432007, 6.89960479736, 12.8020362854, 14.6268892288, 20.5893287659, 28.9654693604, 27.3362560272, 4.60643482208, 8.6063079834, -18.7130832672, 4.92176580429], [-63.3869781494, 6.75057029724, 6.89960479736, 153.958511353, 22.2396450043, 4.17505121231, -28.0007133484, 9.24892997742, 12.348449707, 1.35564470291, -11.8566560745, 4.8616566658, 3.46199584007], [-19.1066532135, 12.2934923172, 12.8020362854, 22.2396450043, 117.645652771, 11.8590860367, 37.6442909241, -3.25117063522, 26.2865180969, -3.22952914238, 7.25519227982, 0.822133898735, 10.6294813156], [113.743309021, -12.3457098007, 14.6268892288, 4.17505121231, 11.8590860367, 108.321334839, 6.44528913498, 6.20448732376, -5.97705888748, 14.6619348526, -0.381251871586, -10.3478965759, 4.9832572937], [-11.5696086884, 23.2820701599, 20.5893287659, -28.0007133484, 37.6442909241, 6.44528913498, 79.9367370605, 17.9899539948, 25.0515785217, 3.85997676849, 13.5840206146, -1.25533223152, 2.99242281914], [50.9637527466, -22.38646698, 28.9654693604, 9.24892997742, -3.25117063522, 6.20448732376, 17.9899539948, 62.8214912415, 29.7528610229, -4.86380815506, -0.437938600779, 4.89075183868, 2.11766409874], [32.5546455383, -36.674785614, 27.3362560272, 12.348449707, 26.2865180969, -5.97705888748, 25.0515785217, 29.7528610229, 63.2231063843, 3.95623540878, 2.46532082558, -2.47804021835, 5.32213878632], [-12.6499900818, 22.8814983368, 4.60643482208, 1.35564470291, -3.22952914238, 14.6619348526, 3.85997676849, -4.86380815506, 3.95623540878, 48.3874549866, 17.9334392548, -0.246103644371, -3.56213951111], [-17.0131587982, -2.58802938461, 8.6063079834, -11.8566560745, 7.25519227982, -0.381251871586, 13.5840206146, -0.437938600779, 2.46532082558, 17.9334392548, 44.5938987732, 12.3668527603, -1.91464281082], [-31.8619365692, 12.2681417465, -18.7130832672, 4.8616566658, 0.822133898735, -10.3478965759, -1.25533223152, 4.89075183868, -2.47804021835, -0.246103644371, 12.3668527603, 35.396232605, 10.8300247192], [9.39183616638, -11.5144405365, 4.92176580429, 3.46199584007, 10.6294813156, 4.9832572937, 2.99242281914, 2.11766409874, 5.32213878632, -3.56213951111, -1.91464281082, 10.8300247192, 36.5710983276]]
        icov: [[0.00237107672729, 0.0020845180843, -0.000993607915007, 0.00129654479679, -0.000154486115207, -0.00214067287743, 0.000555149454158, -0.000928840832785, 0.000130852989969, -0.000416934519308, 0.0017279330641, -0.000545431801584, 0.000595665653236], [0.0020845180843, 0.0048353089951, 0.0010761609301, 0.00053445721278, -0.000699546362739, -0.00112659146544, -0.00166929722764, -0.00141392159276, 0.00262475991622, -0.002744858386, 0.00278093549423, -0.000606972898822, 0.00104295508936], [-0.000993607915007, 0.0010761609301, 0.00651926593855, -0.001261431491, -0.000376795360353, 0.00130378827453, -0.00179825548548, -0.00213856738992, 0.0010253196815, -0.0012394352816, -0.00212246365845, 0.0042704003863, -0.00160679710098], [0.00129654479679, 0.00053445721278, -0.001261431491, 0.00919725280255, -0.0030888330657, -0.00149835541379, 0.00568346213549, -0.0023552342318, -0.00181370635983, -0.0015389296459, 0.00336707336828, -0.00237767980434, 0.000902141444385], [-0.000154486115207, -0.000699546362739, -0.000376795360353, -0.0030888330657, 0.0133140813559, -0.00208547827788, -0.00624968344346, 0.00639946805313, -0.00586638692766, 0.00428537558764, -0.00236557959579, -0.00065706128953, -0.00194038206246], [-0.00214067287743, -0.00112659146544, 0.00130378827453, -0.00149835541379, -0.00208547827788, 0.0133565329015, -0.00125606858637, -0.00325486925431, 0.00518934894353, -0.00493334978819, -0.000683005258907, 0.00539536355063, -0.00363041553646], [0.000555149454158, -0.00166929722764, -0.00179825548548, 0.00568346213549, -0.00624968344346, -0.00125606858637, 0.022129746154, -0.00526772486046, -0.00515028880909, 0.00061832141364, -0.00433641951531, 0.0019416072173, -0.000474520988064], [-0.000928840832785, -0.00141392159276, -0.00213856738992, -0.0023552342318, 0.00639946805313, -0.00325486925431, -0.00526772486046, 0.0271319001913, -0.0135878678411, 0.00623551942408, 0.000801077811047, -0.00823772884905, 0.00281378137879], [0.000130852989969, 0.00262475991622, 0.0010253196815, -0.00181370635983, -0.00586638692766, 0.00518934894353, -0.00515028880909, -0.0135878678411, 0.0294942334294, -0.00737171433866, 0.00147826061584, 0.00596647942439, -0.00366706890054], [-0.000416934519308, -0.002744858386, -0.0012394352816, -0.0015389296459, 0.00428537558764, -0.00493334978819, 0.00061832141364, 0.00623551942408, -0.00737171433866, 0.0300767570734, -0.0134654035792, 0.0017340190243, 0.00135424023028], [0.0017279330641, 0.00278093549423, -0.00212246365845, 0.00336707336828, -0.00236557959579, -0.000683005258907, -0.00433641951531, 0.000801077811047, 0.00147826061584, -0.0134654035792, 0.0363475121558, -0.0161227378994, 0.00663855858147], [-0.000545431801584, -0.000606972898822, 0.0042704003863, -0.00237767980434, -0.00065706128953, 0.00539536355063, 0.0019416072173, -0.00823772884905, 0.00596647942439, 0.0017340190243, -0.0161227378994, 0.0440751947463, -0.0152224777266], [0.000595665653236, 0.00104295508936, -0.00160679710098, 0.000902141444385, -0.00194038206246, -0.00363041553646, -0.000474520988064, 0.00281378137879, -0.00366706890054, 0.00135424023028, 0.00663855858147, -0.0152224777266, 0.0341058522463]]
    spectral_contrast:
        mean: [1.32862908231e-07, -1.777093388e-07, -4.58297328976e-08, -9.65976454381e-08, 8.67202132326e-08, -3.20461595038e-08, 3.61370496194e-07, -1.98511179406e-06, 7.04097203652e-07, -5.07852348619e-07, -5.54739017389e-07, 1.14205272439e-06]
        var: [0.000453781016404, 0.000606055022217, 0.00106681056786, 0.00135072274134, 0.00185802159831, 0.00305604049936, 0.038657605648, 0.0689489170909, 0.0889151021838, 0.179808646441, 0.277652949095, 0.952649354935]

rhythm:
    beats_loudness:
        dmean: 0.00726642273366
        dmean2: 0.0146765764803
        dvar: 5.68527775613e-06
        dvar2: 1.44303066918e-05
        max: 0.0154203772545
        mean: 0.007966526784
        min: 0.00283567304723
        var: 1.59450992214e-05
    beats_loudness_bass:
        dmean: 0.227051898837
        dmean2: 0.462069183588
        dvar: 0.00648760655895
        dvar2: 0.0161653310061
        max: 0.412935167551
        mean: 0.217112630606
        min: 0.0237460210919
        var: 0.0154359545559
    bpm: 136.134414673
    bpm_confidence: 0
    first_peak_bpm: 136
    first_peak_spread: 0
    first_peak_weight: 0.952380955219
    onset_rate: 3.48917627335
    second_peak_bpm: 126
    second_peak_spread: 0
    second_peak_weight: 0.047619048506
    beats_position: [0.436837166548, 0.877824544907, 1.31881177425, 1.75979912281, 2.20078635216, 2.64177370071, 3.08276104927, 3.52374863625, 3.9647359848, 4.40572357178, 4.84671068192, 5.28769826889, 5.72868585587, 6.20440196991, 6.64495897293, 7.08551502228, 7.5260720253, 7.96662807465, 8.4071855545, 8.84774208069, 9.28829860687, 9.72885513306]
    bpm_estimates: [135.600769043, 136.196090698, 135.71661377, 135.992416382, 136.197280884, 136.29208374, 136.417160034, 135.85484314, 135.80317688, 136.191955566, 137.446365356, 136.537780762, 135.844009399, 136.052474976, 136.168945312, 135.838684082]
    bpm_intervals: [0.440987378359, 0.440987229347, 0.440987348557, 0.440987229347, 0.440987348557, 0.440987348557, 0.440987586975, 0.440987348557, 0.440987586975, 0.440987110138, 0.440987586975, 0.440987586975, 0.475716114044, 0.440557003021, 0.440556049347, 0.440557003021, 0.440556049347, 0.440557479858, 0.440556526184, 0.440556526184, 0.440556526184]
    onset_times: [0.0580498874187, 0.174149662256, 0.406349211931, 0.754648506641, 0.859138309956, 1.31192743778, 1.54412698746, 1.97369611263, 2.20589566231, 2.42648530006, 2.57741498947, 2.65868473053, 2.90249443054, 3.09986400604, 3.75002264977, 3.97061228752, 4.41179132462, 4.86458063126, 5.0967798233, 5.52634906769, 5.75854873657, 6.19972801208, 6.64090681076, 6.87310647964, 7.27945566177, 7.53487539291, 7.7670750618, 7.97605419159, 8.42884349823, 8.64943313599, 9.07900238037, 9.31120204926, 9.55501174927, 9.74077129364, 9.99619007111]
    rubato_start: []
    rubato_stop: []
    perceptual_tempo: "unknown"

sfx:
    inharmonicity:
        dmean: 0.048054009676
        dmean2: 0.0847770422697
        dvar: 0.00256880838424
        dvar2: 0.00731017161161
        max: 0.284011095762
        mean: 0.0499535016716
        min: 0
        var: 0.0025212848559
    oddtoevenharmonicenergyratio:
        dmean: 2.53243732452
        dmean2: 4.77548837662
        dvar: 77.9172210693
        dvar2: 189.119338989
        max: 118.678398132
        mean: 2.05169701576
        min: 0
        var: 84.6292877197
    pitch_after_max_to_before_max_energy_ratio: 16.5346717834
    pitch_centroid: 222.486495972
    pitch_max_to_total: 0.12790697813
    pitch_min_to_total: 0.158139541745
    tristimulus:
        dmean: [0.201656326652, 0.216905370355, 0.131542101502]
        dmean2: [0.352490365505, 0.379213601351, 0.2339194417]
        dvar: [0.0304259583354, 0.0370739772916, 0.0145574249327]
        dvar2: [0.0837668627501, 0.0990738794208, 0.0446952395141]
        max: [1, 0.925996482372, 0.617426812649]
        mean: [0.377618700266, 0.432373017073, 0.142382904887]
        min: [0.0200696345419, 0, 0]
        var: [0.0414598062634, 0.0497012026608, 0.0166447497904]

tonal:
    chords_changes_rate: 0.0277777779847
    chords_number_rate: 0.0231481473893
    chords_strength:
        dmean: 0.00980283413082
        dmean2: 0.00714827608317
        dvar: 6.06819266977e-05
        dvar2: 3.71432506654e-05
        max: 0.653999447823
        mean: 0.506230294704
        min: 0.314775645733
        var: 0.00939973816276
    key_strength: 0.611101806164
    tuning_diatonic_strength: 0.453824907541
    tuning_equal_tempered_deviation: 0.0887258574367
    tuning_frequency: 440.254241943
    tuning_nontempered_energy_ratio: 0.692314088345
    hpcp:
        dmean: [0.152063250542, 0.120327189565, 0.113260135055, 0.100152261555, 0.0795581564307, 0.116020314395, 0.136970192194, 0.141932442784, 0.15238289535, 0.148901566863, 0.151087120175, 0.132994011045, 0.098477743566, 0.0974127724767, 0.118985615671, 0.135687634349, 0.137170597911, 0.108198136091, 0.0982585027814, 0.0958191379905, 0.183966696262, 0.216943666339, 0.165961503983, 0.113291434944, 0.0850958749652, 0.0621172487736, 0.105565555394, 0.163410916924, 0.155857399106, 0.128780588508, 0.186558574438, 0.160065129399, 0.0922127738595, 0.0702476650476, 0.0801887661219, 0.116969272494]
        dmean2: [0.264484196901, 0.19600071013, 0.196693480015, 0.17061470449, 0.139983937144, 0.199272036552, 0.22952619195, 0.247523874044, 0.26504996419, 0.249961793423, 0.252519249916, 0.230330750346, 0.172783106565, 0.159612596035, 0.199135825038, 0.217825874686, 0.235981747508, 0.196472704411, 0.175971314311, 0.163655936718, 0.315974652767, 0.352377176285, 0.268376797438, 0.19642624259, 0.14435133338, 0.101874105632, 0.175021201372, 0.269089698792, 0.260879397392, 0.220436349511, 0.315528273582, 0.272996127605, 0.148779258132, 0.11287175864, 0.131554931402, 0.188554912806]
        dvar: [0.0383533686399, 0.0185231678188, 0.0347258597612, 0.0303461253643, 0.0152465011925, 0.0242590438575, 0.0235180668533, 0.0305370800197, 0.0291635207832, 0.0426846332848, 0.0301448572427, 0.0301206540316, 0.0227050408721, 0.0234564803541, 0.0287233944982, 0.0261504445225, 0.0361695289612, 0.0320623628795, 0.027844555676, 0.0248842444271, 0.0417718365788, 0.0494402237236, 0.026543347165, 0.0303226672113, 0.0138139203191, 0.00727438461035, 0.0137409418821, 0.0388075970113, 0.0308111701161, 0.0174963101745, 0.039319999516, 0.03062056005, 0.0164770334959, 0.0142327146605, 0.0161234438419, 0.0222241170704]
        dvar2: [0.092398494482, 0.0482054911554, 0.0951387733221, 0.0804903507233, 0.041446942836, 0.0648103356361, 0.0575255006552, 0.080689959228, 0.0745360776782, 0.0847715362906, 0.0773642361164, 0.0857772678137, 0.069222830236, 0.0627480149269, 0.0771793723106, 0.0586866363883, 0.0941922590137, 0.0912726670504, 0.0740052983165, 0.0665542259812, 0.108523607254, 0.129703074694, 0.0787878409028, 0.0831989049911, 0.0350960865617, 0.0197683293372, 0.0385820455849, 0.0972441211343, 0.0812932923436, 0.0487857796252, 0.101417906582, 0.0745804235339, 0.0444741994143, 0.0357195176184, 0.0412904284894, 0.0577890537679]
        max: [1, 1, 1, 1, 0.958125174046, 1, 1, 1, 1, 1, 1, 1, 1, 0.941091477871, 1, 1, 1, 1, 1, 1, 1, 1, 1, 1, 0.710926055908, 0.599157452583, 0.95521736145, 1, 1, 0.765600502491, 1, 1, 0.958391070366, 1, 0.885805904865, 1]
        mean: [0.300220936537, 0.239463925362, 0.145445019007, 0.120881333947, 0.0931448489428, 0.183155730367, 0.291429758072, 0.226330146194, 0.25808981061, 0.395499378443, 0.28880238533, 0.15583601594, 0.148774757981, 0.136090219021, 0.202123224735, 0.308215975761, 0.226359397173, 0.10719422996, 0.0936431214213, 0.10015732795, 0.313766241074, 0.513505041599, 0.319181501865, 0.140209555626, 0.119954556227, 0.101018667221, 0.215469643474, 0.41841045022, 0.337127268314, 0.226459473372, 0.372612714767, 0.301483511925, 0.145373791456, 0.124403320253, 0.110202305019, 0.183407202363]
        min: [0.0158994793892, 0.0203149281442, 0.012745546177, 0.00863851048052, 0.00869330205023, 0.0204164199531, 0.0174400079995, 0.017594685778, 0.00981419160962, 0.00925382878631, 0.0069464459084, 0.00675809383392, 0.00545846531168, 0.00795227754861, 0.0123981917277, 0.0142234554514, 0.0142453741282, 0.00252318102866, 0.00242902664468, 0.00511439470574, 0.0193463023752, 0.0302047021687, 0.00864252634346, 0.00588254909962, 0.00487713934854, 0.00380109343678, 0.0208995435387, 0.0304335113615, 0.0207160394639, 0.0109090404585, 0.00637021893635, 0.00853632763028, 0.00956952292472, 0.00727726379409, 0.00434617837891, 0.0103212697431]
        var: [0.0833421424031, 0.0448380857706, 0.0288214236498, 0.0261203292757, 0.0120456935838, 0.0269308723509, 0.0659881979227, 0.0446892082691, 0.0533462576568, 0.140008613467, 0.0640772432089, 0.0299808178097, 0.0272334180772, 0.0310224760324, 0.0440717637539, 0.0837230533361, 0.0574023202062, 0.0253657083958, 0.0224770139903, 0.0214459616691, 0.0529164262116, 0.108528330922, 0.052753072232, 0.0283494703472, 0.0190872680396, 0.0121502457187, 0.0346288606524, 0.102923192084, 0.0687077790499, 0.0286457855254, 0.0881575420499, 0.0600933991373, 0.0222097318619, 0.0275567639619, 0.0207945536822, 0.0357961803675]
    chords_histogram: [52.7777786255, 8.33333301544, 0, 18.0555553436, 18.9814815521, 0, 0, 0, 0, 0, 0, 0, 0, 0, 0, 0, 0, 0, 0, 0, 0, 0, 0, 1.85185182095]
    thpcp: [1, 0.621574223042, 0.273044168949, 0.233599573374, 0.196723803878, 0.419605702162, 0.814812719822, 0.656521856785, 0.441007316113, 0.72562623024, 0.587109148502, 0.283100992441, 0.242263093591, 0.214608028531, 0.35716727376, 0.584650397301, 0.466332167387, 0.283239722252, 0.235404372215, 0.181390330195, 0.356677561998, 0.567530453205, 0.440755456686, 0.50260424614, 0.77019572258, 0.562413930893, 0.303475141525, 0.289724051952, 0.265022158623, 0.393614888191, 0.600219964981, 0.440812408924, 0.208750098944, 0.18236066401, 0.195046439767, 0.611028552055]
    chords_key: "C"
    chords_scale: "major"
    key_key: "C"
    key_scale: "major"
    chords_progression: ["Em", "Em", "Em", "Em", "Em", "Em", "Em", "Em", "Em", "Em", "Em", "Am", "Am", "D", "D", "D", "D", "D", "D", "D", "D", "D", "D", "D", "D", "D", "D", "D", "D", "D", "D", "D", "D", "D", "D", "D", "D", "D", "D", "D", "D", "D", "D", "D", "D", "D", "D", "D", "D", "D", "D", "D", "D", "D", "Am", "Am", "C", "C", "C", "C", "C", "C", "C", "C", "C", "C", "C", "C", "C", "C", "C", "C", "C", "C", "C", "C", "C", "C", "C", "C", "C", "C", "C", "C", "C", "C", "C", "C", "C", "C", "C", "C", "C", "C", "C", "C", "C", "C", "C", "C", "C", "C", "C", "C", "C", "C", "C", "C", "C", "C", "C", "C", "C", "C", "C", "C", "C", "C", "C", "C", "C", "C", "C", "C", "C", "C", "C", "C", "C", "C", "C", "C", "C", "C", "C", "C", "C", "C", "C", "C", "C", "C", "C", "C", "C", "C", "C", "C", "C", "C", "C", "C", "C", "C", "C", "C", "C", "C", "C", "C", "C", "C", "C", "C", "C", "C", "C", "C", "C", "C", "Bm", "Bm", "Bm", "Bm", "Bm", "Bm", "Bm", "Bm", "Bm", "Bm", "Bm", "Bm", "Bm", "Bm", "Bm", "Bm", "Bm", "Bm", "Bm", "Bm", "Bm", "Bm", "Bm", "Bm", "Bm", "Bm", "Bm", "Bm", "Bm", "Bm", "Bm", "Bm", "Bm", "Bm", "Bm", "Bm", "Bm", "Bm", "Bm", "Em", "Em", "Em", "Em", "Em", "Em", "Em"]
