
metadata:
    version:
        essentia: "1.2.2"
    audio_properties:
        analysis_sample_rate: 44100
        bitrate: 128
        channels: 2
        equal_loudness: 1
        length: 10.0571432114
        replay_gain: -10.5694580078
        downmix: "mix"
    tags:
        track: 25
        year: 0
        album: "Splitted by Mp3Splt v. 2.1"
        artist: "From 004.00 To 004.10"
        comment: "http://mp3splt.sf.net"
        genre: ""
        title: "08 You Win My Love.mp3"

highlevel:
    ballroom:
        all:
            ChaChaCha: 0.0763361901045
            Jive: 0.426204651594
            Quickstep: 0.209037736058
            Rumba-American: 0.00504412548617
            Rumba-International: 0.0062921657227
            Rumba-Misc: 0.00399544881657
            Samba: 0.100322946906
            Tango: 0.0595576241612
            VienneseWaltz: 0.0870596244931
            Waltz: 0.0261494703591
        probability: 0.426204651594
        value: "Jive"
    culture:
        all:
            non_western: 0.023096403107
            western: 0.976903617382
        probability: 0.976903617382
        value: "western"
    gender:
        all:
            female: 0.511811137199
            male: 0.488188862801
        probability: 0.511811137199
        value: "female"
    genre_dortmund:
        all:
            alternative: 0.0659936368465
            blues: 0.0271124728024
            electronic: 0.0729206129909
            folkcountry: 0.0995414033532
            funksoulrnb: 0.117413595319
            jazz: 0.0522160492837
            pop: 0.10151900351
            raphiphop: 0.021758928895
            rock: 0.441524296999
        probability: 0.441524296999
        value: "rock"
    genre_electronica:
        all:
            ambient: 0.403799116611
            dnb: 0.337403506041
            house: 0.00379912182689
            techno: 0.00503779528663
            trance: 0.249960452318
        probability: 0.403799116611
        value: "ambient"
    genre_rosamerica:
        all:
            cla: 0.0811331272125
            dan: 0.0247316993773
            hip: 0.0253806822002
            jaz: 0.0291534010321
            pop: 0.135662674904
            rhy: 0.0196660868824
            roc: 0.679244041443
            spe: 0.00502829486504
        probability: 0.679244041443
        value: "roc"
    genre_tzanetakis:
        all:
            blu: 0.0109076984227
            cla: 0.0187847167253
            cou: 0.151259154081
            dis: 0.221708729863
            hip: 0.0130676915869
            jaz: 0.0241724345833
            met: 0.0125319818035
            pop: 0.380242943764
            reg: 0.0357434786856
            roc: 0.131581172347
        probability: 0.380242943764
        value: "pop"
    live_studio:
        all:
            live: 0.0460907109082
            studio: 0.953909277916
        probability: 0.953909277916
        value: "studio"
    mood:
        all:
            Cluster1: 0.376068115234
            Cluster2: 0.226263910532
            Cluster3: 0.0884930565953
            Cluster4: 0.119178786874
            Cluster5: 0.189996138215
        probability: 0.376068115234
        value: "Cluster1"
    mood_acoustic:
        all:
            acoustic: 0.0237632039934
            not_acoustic: 0.976236820221
        probability: 0.976236820221
        value: "not_acoustic"
    mood_aggressive:
        all:
            aggressive: 0.583927989006
            not_aggressive: 0.416072010994
        probability: 0.583927989006
        value: "aggressive"
    mood_electronic:
        all:
            electronic: 0.559730112553
            not_electronic: 0.440269887447
        probability: 0.559730112553
        value: "electronic"
    mood_happy:
        all:
            happy: 0.863559007645
            not_happy: 0.136440977454
        probability: 0.863559007645
        value: "happy"
    mood_party:
        all:
            not_party: 0.284565091133
            party: 0.715434908867
        probability: 0.715434908867
        value: "party"
    mood_relaxed:
        all:
            not_relaxed: 0.961304485798
            relaxed: 0.038695525378
        probability: 0.961304485798
        value: "not_relaxed"
    mood_sad:
        all:
            not_sad: 0.921362161636
            sad: 0.0786378309131
        probability: 0.921362161636
        value: "not_sad"
    rhythm:
        all:
            fast: 0.842121660709
            medium: 0.151727974415
            slow: 0.00615035695955
        probability: 0.842121660709
        value: "fast"
    speech_music:
        all:
            music: 0.999539554119
            speech: 0.000460474722786
        probability: 0.999539554119
        value: "music"
    timbre:
        all:
            bright: 0.670301795006
            dark: 0.329698234797
        probability: 0.670301795006
        value: "bright"
    voice_instrumental:
        all:
            instrumental: 0.00696164695546
            voice: 0.993038356304
        probability: 0.993038356304
        value: "voice"

lowlevel:
    average_loudness: 0.936959028244
    barkbands_kurtosis:
        dmean: 0.527035593987
        dmean2: 0.849262654781
        dvar: 0.336060911417
        dvar2: 0.803366184235
        max: 5.52112102509
        mean: -0.40887388587
        min: -1.74561154842
        var: 1.10217130184
    barkbands_skewness:
        dmean: 0.296358853579
        dmean2: 0.441821545362
        dvar: 0.0625536069274
        dvar2: 0.151641771197
        max: 1.51794862747
        mean: -0.243299454451
        min: -2.22845935822
        var: 0.382190346718
    barkbands_spread:
        dmean: 4.10562753677
        dmean2: 6.50451755524
        dvar: 15.5464735031
        dvar2: 35.8398628235
        max: 51.122718811
        mean: 23.2746276855
        min: 8.10244369507
        var: 63.5630226135
    dissonance:
        dmean: 0.0207058507949
        dmean2: 0.0333640016615
        dvar: 0.000823462090921
        dvar2: 0.00116795615759
        max: 0.498708516359
        mean: 0.456736475229
        min: 0
        var: 0.00143956171814
    hfc:
        dmean: 2.11684179306
        dmean2: 3.08410739899
        dvar: 10.603099823
        dvar2: 16.9489078522
        max: 36.4531898499
        mean: 6.99470996857
        min: 3.19991158904e-05
        var: 39.1250534058
    pitch:
        dmean: 278.773193359
        dmean2: 534.12322998
        dvar: 517807.71875
        dvar2: 1317358.625
        max: 4009.09082031
        mean: 433.341522217
        min: 87.6739578247
        var: 461733.6875
    pitch_instantaneous_confidence:
        dmean: 0.080133639276
        dmean2: 0.123223982751
        dvar: 0.00471418630332
        dvar2: 0.0101543525234
        max: 0.788510560989
        mean: 0.44337284565
        min: 0.107857108116
        var: 0.0150978276506
    pitch_salience:
        dmean: 0.0520406030118
        dmean2: 0.0820097625256
        dvar: 0.00233524478972
        dvar2: 0.00486534135416
        max: 0.960354208946
        mean: 0.603036224842
        min: 0.360231488943
        var: 0.00662671867758
    silence_rate_20dB:
        dmean: 0
        dmean2: 0
        dvar: 0
        dvar2: 0
        max: 1
        mean: 1
        min: 1
        var: 0
    silence_rate_30dB:
        dmean: 0
        dmean2: 0
        dvar: 0
        dvar2: 0
        max: 1
        mean: 1
        min: 1
        var: 0
    silence_rate_60dB:
        dmean: 0.0875576063991
        dmean2: 0.173210158944
        dvar: 0.079891204834
        dvar2: 0.16168436408
        max: 1
        mean: 0.524137914181
        min: 0
        var: 0.249417960644
    spectral_centroid:
        dmean: 202.214080811
        dmean2: 297.554168701
        dvar: 41924.8046875
        dvar2: 101468.039062
        max: 3109.4909668
        mean: 1706.86755371
        min: 797.187133789
        var: 161443
    spectral_complexity:
        dmean: 3.13163971901
        dmean2: 4.91435194016
        dvar: 18.391450882
        dvar2: 33.8792533875
        max: 42
        mean: 13.0276498795
        min: 0
        var: 57.9025001526
    spectral_crest:
        dmean: 1.75639271736
        dmean2: 2.84274482727
        dvar: 2.3691432476
        dvar2: 5.71167039871
        max: 16.3902568817
        mean: 6.75819778442
        min: 2.89694285393
        var: 7.71876001358
    spectral_decrease:
        dmean: 2.25296004075e-10
        dmean2: 3.35928451722e-10
        dvar: 1.0955739672e-19
        dvar2: 2.01322707151e-19
        max: -6.53254424702e-15
        mean: -8.53172588133e-10
        min: -3.63292507188e-09
        var: 4.07324438986e-19
    spectral_energy:
        dmean: 0.00102564517874
        dmean2: 0.00151205284055
        dvar: 2.30801470025e-06
        dvar2: 4.11296969105e-06
        max: 0.0170179139823
        mean: 0.00385451014154
        min: 2.75577747288e-08
        var: 8.66490154294e-06
    spectral_energyband_high:
        dmean: 0.000129002786707
        dmean2: 0.000193456391571
        dvar: 7.67697372339e-08
        dvar2: 1.46262422618e-07
        max: 0.00239878497086
        mean: 0.000236290477915
        min: 6.28141705317e-10
        var: 1.3051341341e-07
    spectral_energyband_low:
        dmean: 5.14557796123e-05
        dmean2: 8.57707709656e-05
        dvar: 6.84519951832e-09
        dvar2: 1.81875048355e-08
        max: 0.000707728788257
        mean: 8.12798825791e-05
        min: 1.14115972227e-09
        var: 8.08500555394e-09
    spectral_energyband_middle_high:
        dmean: 0.000759773771279
        dmean2: 0.00109666737262
        dvar: 1.0685325833e-06
        dvar2: 1.74569231604e-06
        max: 0.0134209878743
        mean: 0.00266538420692
        min: 1.40024960515e-08
        var: 5.38251197213e-06
    spectral_energyband_middle_low:
        dmean: 0.000342161627486
        dmean2: 0.00052640773356
        dvar: 3.57209245294e-07
        dvar2: 9.06656737243e-07
        max: 0.00585931446403
        mean: 0.000871554540936
        min: 1.17252803022e-08
        var: 6.75667081396e-07
    spectral_flatness_db:
        dmean: 0.0144047066569
        dmean2: 0.0214570313692
        dvar: 0.000157699018018
        dvar2: 0.000289590534521
        max: 0.212986081839
        mean: 0.140994459391
        min: 0.0611484088004
        var: 0.000610330142081
    spectral_flux:
        dmean: 0.00790097657591
        dmean2: 0.0116764968261
        dvar: 0.000103120954009
        dvar2: 0.000197418528842
        max: 0.112152144313
        mean: 0.0339141413569
        min: 0.00573308207095
        var: 0.000322885083733
    spectral_kurtosis:
        dmean: 1.10071802139
        dmean2: 1.7811602354
        dvar: 1.15698075294
        dvar2: 2.82652592659
        max: 12.9288492203
        mean: 4.54449701309
        min: -0.685701847076
        var: 2.82655668259
    spectral_rms:
        dmean: 0.000241999674472
        dmean2: 0.000353783136234
        dvar: 1.04273048862e-07
        dvar2: 1.71849592334e-07
        max: 0.00407465873286
        mean: 0.00180078402627
        min: 5.18513570569e-06
        var: 5.17675346146e-07
    spectral_rolloff:
        dmean: 345.575378418
        dmean2: 563.352233887
        dvar: 154230.65625
        dvar2: 361622.9375
        max: 6610.69335938
        mean: 2893.38720703
        min: 1485.79101562
        var: 390961.28125
    spectral_skewness:
        dmean: 0.171594426036
        dmean2: 0.274421781301
        dvar: 0.0305293649435
        dvar2: 0.0702548548579
        max: 3.20001220703
        mean: 1.67268168926
        min: 0.378893554211
        var: 0.0858704671264
    spectral_spread:
        dmean: 492888.625
        dmean2: 683081.5625
        dvar: 611317645312
        dvar2: 742221545472
        max: 19743368
        mean: 4653264.5
        min: 2705332.25
        var: 1.71467984077e+12
    spectral_strongpeak:
        dmean: 0.601430296898
        dmean2: 1.02308666706
        dvar: 0.436448901892
        dvar2: 1.2381914854
        max: 5.21302080154
        mean: 1.18791615963
        min: 3.48716312146e-05
        var: 0.945462405682
    zerocrossingrate:
        dmean: 0.00741668790579
        dmean2: 0.00815045367926
        dvar: 4.57458263554e-05
        dvar2: 5.2703802794e-05
        max: 0.1533203125
        mean: 0.0921107679605
        min: 0.00390625
        var: 0.000323853630107
    barkbands:
        dmean: [2.40069908841e-07, 2.69331194431e-05, 2.97326932923e-05, 3.52951501554e-05, 0.000148951730807, 7.44287026464e-05, 6.833209045e-05, 7.14989437256e-05, 9.59317112574e-05, 0.000155141155119, 6.78281576256e-05, 7.3691495345e-05, 0.000114683709398, 0.000148520004586, 0.000135113674332, 0.000211560312891, 0.000127890278236, 0.000154822409968, 0.000128785381094, 0.000117271774798, 6.09863709542e-05, 2.34504041146e-05, 5.60227999813e-06, 1.88998978956e-06, 1.12038196676e-06, 6.59570318362e-08, 3.98503841037e-10]
        dmean2: [3.76318325834e-07, 4.58554459328e-05, 4.96335560456e-05, 5.57468993065e-05, 0.000258074898738, 0.000118530457257, 0.0001077243287, 0.000104596205347, 0.000140678515891, 0.000236645908444, 0.000105827821244, 0.00011639558943, 0.000171003397554, 0.000231566868024, 0.000209944904782, 0.000339414895279, 0.000197940098587, 0.000220154994167, 0.000197727102204, 0.000187702360563, 8.72628370416e-05, 3.56051896233e-05, 8.95124048839e-06, 2.82068072011e-06, 1.63231641181e-06, 1.05161753083e-07, 6.86012024964e-10]
        dvar: [2.68504348529e-13, 2.71348654657e-09, 2.19235096743e-09, 4.64995819627e-09, 1.48602339323e-07, 1.58888653345e-08, 1.94538998244e-08, 1.29557324868e-08, 3.61345833255e-08, 1.53502540456e-07, 2.5332695941e-08, 1.40319569297e-08, 5.65007667319e-08, 7.26742825918e-08, 6.35630144075e-08, 1.71685073269e-07, 3.09165955059e-08, 7.38947960599e-08, 4.17245864526e-08, 4.20379180355e-08, 1.75806675884e-08, 3.41569705853e-09, 3.84109494211e-10, 6.73481062585e-11, 8.36681331856e-12, 2.63406324882e-14, 2.41667702236e-18]
        dvar2: [6.41031607136e-13, 7.31401028631e-09, 5.77736125607e-09, 1.0415594609e-08, 4.12142412642e-07, 4.41756426994e-08, 4.53399096045e-08, 2.91606667702e-08, 6.99970215123e-08, 2.28014542358e-07, 6.1907662996e-08, 3.21160129602e-08, 1.18220533807e-07, 1.56266253271e-07, 1.61919871289e-07, 4.43670273853e-07, 7.83245468483e-08, 1.36899828362e-07, 8.09060622942e-08, 9.14419331366e-08, 3.03792795364e-08, 8.115376815e-09, 1.00443298123e-09, 1.86442625227e-10, 2.09335916657e-11, 6.93331636136e-14, 6.12376200416e-18]
        max: [5.44902786714e-06, 0.000401473604143, 0.000471653649583, 0.00061143131461, 0.00355579750612, 0.0013359002769, 0.00196034973487, 0.00154414481949, 0.00297897774726, 0.0062746568583, 0.00236040074378, 0.00117957824841, 0.00333792809397, 0.00305100064725, 0.00231870636344, 0.00555263040587, 0.00154617498629, 0.00407050317153, 0.00214608595707, 0.00246616895311, 0.00153048429638, 0.000541406392585, 0.000352296512574, 0.000146313337609, 4.5789332944e-05, 2.50082393904e-06, 2.22306280051e-08]
        mean: [3.17187527799e-07, 3.56726195605e-05, 4.52946333098e-05, 5.25707982888e-05, 0.000170357801835, 0.000132168395794, 0.000119396449008, 0.000137634706334, 0.000246792013058, 0.000345630513038, 0.000110981956823, 0.000134116460686, 0.000237128668232, 0.000256563827861, 0.000246397830779, 0.000420822849264, 0.000274692749372, 0.000301709311316, 0.000242991649429, 0.000203594652703, 9.16755816434e-05, 3.23226340697e-05, 1.03096026578e-05, 3.36295011039e-06, 1.91917547454e-06, 8.83695321363e-08, 3.05663883093e-10]
        min: [4.01211962958e-12, 4.3583314735e-10, 6.45131004173e-10, 9.82039338737e-10, 3.52739171205e-09, 3.50061868382e-09, 2.06474881637e-09, 8.16057388331e-10, 6.99161561979e-10, 1.25727028788e-09, 1.80251924498e-09, 1.9015995445e-09, 9.33684685123e-10, 2.88550139338e-09, 2.868399962e-09, 1.04894849751e-10, 8.15400857945e-10, 7.24937776475e-10, 4.92755447556e-10, 4.3394707272e-10, 2.82947193453e-10, 8.7778867508e-11, 5.8875709863e-11, 3.22644896911e-11, 3.03524219647e-11, 2.64263992633e-11, 7.84689899321e-14]
        var: [3.34534700289e-13, 2.47001241682e-09, 3.12290593385e-09, 6.3842553466e-09, 1.05254969185e-07, 2.02749017575e-08, 2.49980196543e-08, 3.80953331103e-08, 2.1500406433e-07, 6.04528963777e-07, 3.22467457181e-08, 3.10600043463e-08, 2.6101702133e-07, 1.59475860073e-07, 1.08486347017e-07, 4.75875680195e-07, 7.49609583295e-08, 1.91196292576e-07, 1.13727871565e-07, 8.33848403659e-08, 2.89655766039e-08, 4.0901984022e-09, 4.38572872463e-10, 6.65248064968e-11, 1.30752492167e-11, 3.7553578411e-14, 1.28172008146e-18]
    mfcc:
        mean: [-717.671875, 105.776489258, -63.3065605164, 31.2675361633, -10.7730760574, -6.91287612915, -7.51401281357, -2.86711835861, -1.23179340363, -3.35188674927, -6.80918931961, -5.92230606079, -2.82361745834]
        cov: [[3227.87231445, -707.145874023, -85.3891296387, -29.2782230377, -192.264328003, -64.0384597778, -91.8239059448, 12.7053232193, 5.68832111359, -36.6020317078, -24.5370883942, 42.4798431396, 50.0923080444], [-707.145874023, 462.221740723, -19.9573936462, -2.89170527458, 103.658576965, 34.7416114807, 50.225112915, 24.8220214844, 34.5542793274, 42.6601791382, 38.4977264404, -4.24376153946, -23.8605957031], [-85.3891296387, -19.9573936462, 277.223022461, 37.6835975647, 12.6778097153, 39.6520195007, 4.51229715347, 32.8492393494, 46.8722953796, 12.8890132904, 32.5175590515, 11.7320842743, -8.63414382935], [-29.2782230377, -2.89170527458, 37.6835975647, 233.49597168, 44.9845085144, -2.15783071518, 34.292881012, -33.0454597473, -5.62328767776, -10.1432437897, 25.4779319763, 23.1270141602, 25.056055069], [-192.264328003, 103.658576965, 12.6778097153, 44.9845085144, 183.301940918, 69.5124664307, 41.9533996582, -21.239730835, -21.5719985962, -1.70399832726, 28.4803314209, 36.8882637024, 27.6870555878], [-64.0384597778, 34.7416114807, 39.6520195007, -2.15783071518, 69.5124664307, 189.156707764, 101.563705444, -18.5138092041, -7.44068002701, 5.26708078384, 45.9865531921, 8.26082611084, 14.6957159042], [-91.8239059448, 50.225112915, 4.51229715347, 34.292881012, 41.9533996582, 101.563705444, 134.236984253, 3.67375588417, -6.57689762115, 9.20536708832, 28.9346828461, 3.69765591621, 15.5138950348], [12.7053232193, 24.8220214844, 32.8492393494, -33.0454597473, -21.239730835, -18.5138092041, 3.67375588417, 104.221824646, 73.7978744507, 43.5565834045, 1.89519035816, -14.6313552856, -6.72618818283], [5.68832111359, 34.5542793274, 46.8722953796, -5.62328767776, -21.5719985962, -7.44068002701, -6.57689762115, 73.7978744507, 127.40977478, 72.6136398315, 18.461971283, -22.2340927124, -11.967171669], [-36.6020317078, 42.6601791382, 12.8890132904, -10.1432437897, -1.70399832726, 5.26708078384, 9.20536708832, 43.5565834045, 72.6136398315, 104.63848114, 36.9862976074, -5.31200551987, -3.18569564819], [-24.5370883942, 38.4977264404, 32.5175590515, 25.4779319763, 28.4803314209, 45.9865531921, 28.9346828461, 1.89519035816, 18.461971283, 36.9862976074, 90.650062561, 30.8674602509, -1.70979583263], [42.4798431396, -4.24376153946, 11.7320842743, 23.1270141602, 36.8882637024, 8.26082611084, 3.69765591621, -14.6313552856, -22.2340927124, -5.31200551987, 30.8674602509, 75.5165710449, 39.4800567627], [50.0923080444, -23.8605957031, -8.63414382935, 25.056055069, 27.6870555878, 14.6957159042, 15.5138950348, -6.72618818283, -11.967171669, -3.18569564819, -1.70979583263, 39.4800567627, 91.5305175781]]
        icov: [[0.000510562385898, 0.000801270245574, 0.000355234573362, -6.23655978416e-06, 0.000124595477246, -0.000152540073032, 0.00013592914911, -0.000255783437751, -0.000370827066945, 0.000214833562495, -0.000188045451068, -0.000442267686594, 5.58894571441e-05], [0.000801270245574, 0.00418235268444, 0.000968235370237, 0.000422285404056, -0.001872049761, 0.000589359842706, -0.000974129477981, -0.000511434744112, -0.00137936894316, 8.84361652425e-05, -0.00105927838013, -0.000260890781647, 0.00114214862697], [0.000355234573362, 0.000968235370237, 0.00487849069759, -0.00113157252781, 1.85771496035e-05, -0.00204120483249, 0.00148412631825, -0.00196762639098, -0.00180692668073, 0.00128598965239, -0.000747411570046, -0.0015742352698, 0.00122747966088], [-6.23655978416e-06, 0.000422285404056, -0.00113157252781, 0.00624416070059, -0.0016515966272, 0.00365959270857, -0.00369366025552, 0.00383611046709, -0.00251768226735, 0.00158063543495, -0.00214608479291, 0.000638008932583, -0.00147202203516], [0.000124595477246, -0.001872049761, 1.85771496035e-05, -0.0016515966272, 0.00888842251152, -0.00352281308733, 0.00120181811508, -0.00031334956293, 0.00150538398884, -0.000577399914619, 0.000937442469876, -0.00329055055045, -0.000838555046357], [-0.000152540073032, 0.000589359842706, -0.00204120483249, 0.00365959270857, -0.00352281308733, 0.0135512100533, -0.00955427065492, 0.00509972730651, -0.002385860309, 0.0017722301418, -0.00483995303512, 0.00339125446044, -0.00187660509255], [0.00013592914911, -0.000974129477981, 0.00148412631825, -0.00369366025552, 0.00120181811508, -0.00955427065492, 0.0163440071046, -0.00588271347806, 0.00448797550052, -0.00151081685908, -0.000448424194474, 0.00134686252568, -0.00126439309679], [-0.000255783437751, -0.000511434744112, -0.00196762639098, 0.00383611046709, -0.00031334956293, 0.00509972730651, -0.00588271347806, 0.020411780104, -0.0108943451196, -0.000401781406254, 0.00118535885122, -0.000232808510191, -0.0007718137349], [-0.000370827066945, -0.00137936894316, -0.00180692668073, -0.00251768226735, 0.00150538398884, -0.002385860309, 0.00448797550052, -0.0108943451196, 0.0221402104944, -0.0102174431086, -0.000647055217996, 0.0048882830888, -0.00085289782146], [0.000214833562495, 8.84361652425e-05, 0.00128598965239, 0.00158063543495, -0.000577399914619, 0.0017722301418, -0.00151081685908, -0.000401781406254, -0.0102174431086, 0.0196274388582, -0.00767210824415, 0.00175636413042, -0.00184288132004], [-0.000188045451068, -0.00105927838013, -0.000747411570046, -0.00214608479291, 0.000937442469876, -0.00483995303512, -0.000448424194474, 0.00118535885122, -0.000647055217996, -0.00767210824415, 0.021968703717, -0.0117764649913, 0.00613869773224], [-0.000442267686594, -0.000260890781647, -0.0015742352698, 0.000638008932583, -0.00329055055045, 0.00339125446044, 0.00134686252568, -0.000232808510191, 0.0048882830888, 0.00175636413042, -0.0117764649913, 0.0267871636897, -0.0110175395384], [5.58894571441e-05, 0.00114214862697, 0.00122747966088, -0.00147202203516, -0.000838555046357, -0.00187660509255, -0.00126439309679, -0.0007718137349, -0.00085289782146, -0.00184288132004, 0.00613869773224, -0.0110175395384, 0.0171150006354]]
    spectral_contrast:
        mean: [1.68367666475e-08, 4.7484576271e-08, 2.5613516641e-08, -4.82914366273e-08, -4.64614089424e-07, 1.59243285225e-07, 4.26307133239e-06, 2.7831524676e-06, 4.5678581273e-07, 5.38529320693e-06, 2.66380584435e-06, -1.31844373641e-07]
        var: [0.000327764835674, 0.000687008432578, 0.002227447927, 0.00276683294214, 0.00335233495571, 0.00685547012836, 0.0458056665957, 0.080339692533, 0.129609003663, 0.182952985168, 0.529301404953, 1.6815007925]

rhythm:
    beats_loudness:
        dmean: 0.00388545752503
        dmean2: 0.00668984744698
        dvar: 5.75382773604e-06
        dvar2: 1.81325431186e-05
        max: 0.0168263744563
        mean: 0.00581515580416
        min: 0.000662513717543
        var: 1.55425786943e-05
    beats_loudness_bass:
        dmean: 0.0583932064474
        dmean2: 0.108871951699
        dvar: 0.00292604393326
        dvar2: 0.00793600268662
        max: 0.184629142284
        mean: 0.0540166720748
        min: 0.00336153875105
        var: 0.00312209967524
    bpm: 129.26171875
    bpm_confidence: 0
    first_peak_bpm: 129
    first_peak_spread: 0
    first_peak_weight: 0.952380955219
    onset_rate: 3.28125023842
    second_peak_bpm: 119
    second_peak_spread: 0
    second_peak_weight: 0.047619048506
    beats_position: [0.0567681081593, 0.521793425083, 0.986818730831, 1.45184409618, 1.91686928272, 2.38189458847, 2.84692001343, 3.31194519997, 3.77697062492, 4.2419962883, 4.70702171326, 5.17204713821, 5.63707256317, 6.14162683487, 6.6051197052, 7.06861162186, 7.53210449219, 7.99559640884, 8.4590883255, 8.92258167267, 9.38607406616, 9.84956645966]
    bpm_estimates: [129.013839722, 128.988647461, 128.926635742, 129.019989014, 128.306854248, 129.170059204, 128.968704224, 130.13053894, 128.716247559, 129.561096191, 129.304931641, 130.384078979, 129.814956665, 129.373703003, 128.206741333, 129.778640747, 129.244720459, 129.434631348, 129.654129028, 129.235687256]
    bpm_intervals: [0.465025305748, 0.465025305748, 0.465025365353, 0.465025186539, 0.465025305748, 0.465025424957, 0.465025186539, 0.465025424957, 0.465025663376, 0.465025424957, 0.465025424957, 0.465025424957, 0.504554271698, 0.463492870331, 0.463491916656, 0.463492870331, 0.463491916656, 0.463491916656, 0.463493347168, 0.463492393494, 0.463492393494]
    onset_times: [0.0348299331963, 0.510838985443, 0.743038535118, 0.975238084793, 1.43963718414, 1.90403628349, 2.18267583847, 2.3916554451, 2.61224484444, 2.84444451332, 3.08825397491, 3.32045340538, 3.78485250473, 4.29569149017, 4.5046710968, 4.66721105576, 4.9806804657, 5.20126962662, 5.65405893326, 5.92108821869, 6.14167785645, 6.37387752533, 6.60607719421, 6.8382768631, 7.07047605515, 7.53487539291, 8.01088428497, 8.47528362274, 8.71909332275, 8.93968296051, 9.4040813446, 9.682721138, 9.89170074463]
    rubato_start: []
    rubato_stop: []
    perceptual_tempo: "unknown"

sfx:
    inharmonicity:
        dmean: 0.0709224790335
        dmean2: 0.123448692262
        dvar: 0.00461735995486
        dvar2: 0.0122021920979
        max: 0.442183315754
        mean: 0.0789586380124
        min: 0
        var: 0.00561911426485
    oddtoevenharmonicenergyratio:
        dmean: 3.53589034081
        dmean2: 6.63825082779
        dvar: 192.699874878
        dvar2: 576.892822266
        max: 154.517425537
        mean: 2.39275026321
        min: 0
        var: 101.999137878
    pitch_after_max_to_before_max_energy_ratio: 10.4487352371
    pitch_centroid: 247.694168091
    pitch_max_to_total: 0.188940092921
    pitch_min_to_total: 0.57603687048
    tristimulus:
        dmean: [0.166971310973, 0.202225491405, 0.142237618566]
        dmean2: [0.28482401371, 0.346594810486, 0.246897086501]
        dvar: [0.0248767007142, 0.0319665521383, 0.0134650142863]
        dvar2: [0.0701319724321, 0.0871598795056, 0.0355082303286]
        max: [1, 0.964012205601, 0.579841136932]
        mean: [0.261358469725, 0.541884720325, 0.167201891541]
        min: [0.00307162385434, 0, 0]
        var: [0.0318525657058, 0.0422583930194, 0.0185982044786]

tonal:
    chords_changes_rate: 0.0366972461343
    chords_number_rate: 0.0183486230671
    chords_strength:
        dmean: 0.007901978679
        dmean2: 0.00783111620694
        dvar: 3.55512784154e-05
        dvar2: 4.44738579972e-05
        max: 0.703136920929
        mean: 0.597873568535
        min: 0.456713318825
        var: 0.00230414816178
    key_strength: 0.773049890995
    tuning_diatonic_strength: 0.680609405041
    tuning_equal_tempered_deviation: 0.124110355973
    tuning_frequency: 451.84777832
    tuning_nontempered_energy_ratio: 0.734834372997
    hpcp:
        dmean: [0.104479767382, 0.081521064043, 0.107302382588, 0.131771296263, 0.100485943258, 0.0677246302366, 0.0869658216834, 0.134383499622, 0.169720709324, 0.201594293118, 0.167571932077, 0.136173948646, 0.135880798101, 0.0976801663637, 0.0819848999381, 0.0782923921943, 0.100449092686, 0.158611521125, 0.16704852879, 0.125236302614, 0.107015311718, 0.0961674228311, 0.108772322536, 0.164236217737, 0.180306270719, 0.123822398484, 0.10082552582, 0.0875171422958, 0.092663064599, 0.107634797692, 0.111015625298, 0.140807509422, 0.227448299527, 0.232891142368, 0.211656212807, 0.150302395225]
        dmean2: [0.174736484885, 0.135880619287, 0.172429054976, 0.210675358772, 0.165171921253, 0.104091688991, 0.138038471341, 0.217741385102, 0.277200967073, 0.337654232979, 0.282298594713, 0.216930761933, 0.210747122765, 0.151848047972, 0.129266664386, 0.126372396946, 0.158951476216, 0.242943301797, 0.276556164026, 0.199791565537, 0.176429957151, 0.155146762729, 0.177096053958, 0.267909169197, 0.289502888918, 0.203081160784, 0.173843979836, 0.14131462574, 0.156637772918, 0.178084671497, 0.178734004498, 0.235121950507, 0.372731238604, 0.376323491335, 0.344066619873, 0.241635322571]
        dvar: [0.0239788535982, 0.0140361459926, 0.0145161477849, 0.0219849534333, 0.0137573163956, 0.00673657236621, 0.0155107136816, 0.0316146314144, 0.031912881881, 0.0325621664524, 0.0301087331027, 0.0266362596303, 0.0288317836821, 0.0169129520655, 0.0145749300718, 0.0111734997481, 0.0149657158181, 0.0253382734954, 0.0330704078078, 0.0189286377281, 0.0233253538609, 0.0194719526917, 0.0199935939163, 0.0321685262024, 0.0348589867353, 0.0216252412647, 0.0210238229483, 0.0161601360887, 0.0189869385213, 0.0231360737234, 0.0219840239733, 0.0216641910374, 0.0354019254446, 0.0416594594717, 0.043918531388, 0.0329939424992]
        dvar2: [0.065753787756, 0.0401340164244, 0.0382104851305, 0.0506242364645, 0.0282126162201, 0.0141356047243, 0.0373421236873, 0.0772725641727, 0.0694805234671, 0.0822069644928, 0.0844344943762, 0.0584215000272, 0.062331199646, 0.0384645201266, 0.0297720115632, 0.0244030505419, 0.0360963903368, 0.0571785606444, 0.0753601491451, 0.0467950738966, 0.0599510446191, 0.0494683273137, 0.0487603619695, 0.0718180984259, 0.0657056495547, 0.0481620617211, 0.0574807114899, 0.041608504951, 0.0546675473452, 0.0471022650599, 0.0409763753414, 0.0593699291348, 0.0874556005001, 0.0899288356304, 0.0965624898672, 0.0792190879583]
        max: [1, 1, 1, 1, 1, 1, 0.888941884041, 1, 1, 1, 1, 1, 1, 1, 0.932257592678, 1, 0.97637796402, 1, 1, 1, 1, 1, 1, 1, 1, 1, 1, 0.744605183601, 1, 1, 1, 1, 1, 1, 1, 1]
        mean: [0.12802952528, 0.119513340294, 0.234253540635, 0.301337957382, 0.19175581634, 0.110925771296, 0.120338357985, 0.180535838008, 0.370575129986, 0.414854705334, 0.262342751026, 0.275443226099, 0.270945370197, 0.165384218097, 0.13148316741, 0.116602398455, 0.137217029929, 0.300607383251, 0.373183876276, 0.24876126647, 0.166451573372, 0.141286090016, 0.167640164495, 0.342191070318, 0.382576197386, 0.208597451448, 0.125097453594, 0.10529910773, 0.10740840435, 0.166405886412, 0.183773770928, 0.202686116099, 0.468306839466, 0.609202861786, 0.365942120552, 0.177686274052]
        min: [0.00113216228783, 0.00270717893727, 0.00422648200765, 0.00630146171898, 0.00800949055701, 0.00160058180336, 0.00298773660325, 0.00222664093599, 0.00672410288826, 0.0109793497249, 0.00920436438173, 0.00596379628405, 0.00683630304411, 0.00361801218241, 0.00403902027756, 0.00189500360284, 0.00271292356774, 0.0139771709219, 0.0120692783967, 0.010127460584, 0.00234687537886, 0.00112631032243, 0.00273239496164, 0.00358461448923, 0.00341409025714, 0.00603349413723, 0.00274804118089, 0.00225164392032, 0.00342505727895, 0.00368237332441, 0.00230317539535, 0.00588600570336, 0.0290030185133, 0.0320504009724, 0.010271653533, 0.00165749003645]
        var: [0.0276578869671, 0.0185415614396, 0.0446320287883, 0.0796509981155, 0.0312507338822, 0.0197389759123, 0.0244291480631, 0.0376316569746, 0.0865612849593, 0.0832780599594, 0.0416643023491, 0.0681424438953, 0.0773791670799, 0.031041495502, 0.0246849060059, 0.0160685833544, 0.0228228606284, 0.0612663030624, 0.0828286930919, 0.0470841489732, 0.0418126732111, 0.0311371106654, 0.0377452336252, 0.0848385095596, 0.0970123559237, 0.0352307707071, 0.0270126219839, 0.0193737447262, 0.0203698836267, 0.0466322861612, 0.0560930818319, 0.0283067971468, 0.0672909468412, 0.0970427840948, 0.0676519796252, 0.0413562692702]
    chords_histogram: [37.1559638977, 0, 0, 0, 0, 0, 0, 0, 0, 0, 0, 0, 0, 0, 0, 0, 0, 0, 0, 0, 0, 3.21100926399, 50.4587173462, 9.17431163788]
    thpcp: [1, 0.600690066814, 0.291670113802, 0.210159093142, 0.196179866791, 0.384524703026, 0.494643032551, 0.314765125513, 0.18208347261, 0.197534129024, 0.296347647905, 0.608295142651, 0.680979549885, 0.430632829666, 0.452137112617, 0.444753944874, 0.27147641778, 0.215828210115, 0.191401600838, 0.225240290165, 0.4934438169, 0.61257737875, 0.408338963985, 0.273228496313, 0.231919616461, 0.275179535151, 0.56170296669, 0.627994775772, 0.342410504818, 0.205346137285, 0.172847360373, 0.176309749484, 0.273153483868, 0.301662683487, 0.332707107067, 0.768720686436]
    chords_key: "C#"
    chords_scale: "major"
    key_key: "G#"
    key_scale: "major"
    chords_progression: ["C#", "C#", "C#", "C#", "C#", "C#", "C#", "C#", "C#", "C#", "C#", "C#", "C#", "C#", "C#", "C#", "C#", "C#", "C#", "C#", "Fm", "Fm", "Fm", "C#", "C#", "C#", "C#", "C#", "C#", "C#", "Fm", "Fm", "Fm", "Fm", "Fm", "Fm", "Fm", "Fm", "Fm", "Fm", "Fm", "Fm", "Fm", "Fm", "Fm", "Fm", "Fm", "C#", "C#", "C#", "C#", "C#", "C#", "C#", "C#", "C#", "C#", "C#", "C#", "C#", "C#", "C#", "C#", "C#", "C#", "C#", "C#", "C#", "C#", "C#", "C#", "C#", "C#", "C#", "C#", "C#", "C#", "C#", "C#", "C#", "C#", "C#", "C#", "G#", "G#", "G#", "G#", "G#", "G#", "G#", "G#", "G#", "G#", "G#", "G#", "G#", "G#", "G#", "G#", "G#", "G#", "G#", "G#", "G#", "G#", "G#", "G#", "G#", "G#", "G#", "G#", "G#", "G#", "G#", "G#", "G#", "G#", "G#", "G#", "G#", "G#", "G#", "G#", "G#", "G#", "G#", "G#", "G#", "G#", "G#", "G#", "G#", "G#", "G#", "G#", "G#", "G#", "G#", "G#", "G#", "G#", "G#", "G#", "G#", "G#", "G#", "G#", "G#", "G#", "G#", "G#", "G#", "G#", "G#", "G#", "G#", "G#", "G#", "G#", "G#", "G#", "G#", "G#", "G#", "C#", "C#", "C#", "C#", "C#", "C#", "C#", "C#", "C#", "C#", "C#", "C#", "C#", "C#", "C#", "C#", "C#", "C#", "C#", "C#", "C#", "C#", "C#", "C#", "C#", "C#", "C#", "C#", "C#", "C#", "C#", "C#", "C#", "C#", "C#", "C#", "C#", "C#", "C#", "C#", "A#m", "A#m", "A#m", "A#m", "A#m", "A#m", "A#m", "C#", "C#", "C#", "C#", "C#", "C#", "C#"]
