
metadata:
    version:
        essentia: "1.2.2"
    audio_properties:
        analysis_sample_rate: 44100
        bitrate: 128
        channels: 2
        equal_loudness: 1
        length: 9.95265293121
        replay_gain: -11.236082077
        downmix: "mix"
    tags:
        track: 19
        year: 0
        album: "Splitted by Mp3Splt v. 2.1"
        artist: "From 003.00 To 003.10"
        comment: "http://mp3splt.sf.net"
        genre: ""
        title: "07 You Know Where You Went Wro"

highlevel:
    ballroom:
        all:
            ChaChaCha: 0.222433537245
            Jive: 0.560403764248
            Quickstep: 0.0313868001103
            Rumba-American: 0.000390672037611
            Rumba-International: 0.00163919094484
            Rumba-Misc: 0.000799396424554
            Samba: 0.178258657455
            Tango: 0.000707147701178
            VienneseWaltz: 0.00329023948871
            Waltz: 0.000690616725478
        probability: 0.560403764248
        value: "Jive"
    culture:
        all:
            non_western: 0.0418616011739
            western: 0.958138406277
        probability: 0.958138406277
        value: "western"
    gender:
        all:
            female: 0.0534635707736
            male: 0.946536421776
        probability: 0.946536421776
        value: "male"
    genre_dortmund:
        all:
            alternative: 0.0875214338303
            blues: 0.0435813106596
            electronic: 0.0694294497371
            folkcountry: 0.0790280774236
            funksoulrnb: 0.0224618073553
            jazz: 0.199564740062
            pop: 0.152570769191
            raphiphop: 0.0523048192263
            rock: 0.293537586927
        probability: 0.293537586927
        value: "rock"
    genre_electronica:
        all:
            ambient: 0.0815650746226
            dnb: 0.141787469387
            house: 0.045542486012
            techno: 0.0187794417143
            trance: 0.712325513363
        probability: 0.712325513363
        value: "trance"
    genre_rosamerica:
        all:
            cla: 0.0142291299999
            dan: 0.143752887845
            hip: 0.0175547730178
            jaz: 0.0410832799971
            pop: 0.600318014622
            rhy: 0.0167991127819
            roc: 0.164769381285
            spe: 0.00149341858923
        probability: 0.600318014622
        value: "pop"
    genre_tzanetakis:
        all:
            blu: 0.00316364131868
            cla: 0.00787649862468
            cou: 0.0552741289139
            dis: 0.245082512498
            hip: 0.0081474641338
            jaz: 0.186357036233
            met: 0.0301898438483
            pop: 0.161431878805
            reg: 0.0241056866944
            roc: 0.278371304274
        probability: 0.278371304274
        value: "roc"
    live_studio:
        all:
            live: 2.59373024392e-07
            studio: 0.999999761581
        probability: 0.999999761581
        value: "studio"
    mood:
        all:
            Cluster1: 0.36888730526
            Cluster2: 0.319383949041
            Cluster3: 0.0679586678743
            Cluster4: 0.136838659644
            Cluster5: 0.106931395829
        probability: 0.36888730526
        value: "Cluster1"
    mood_acoustic:
        all:
            acoustic: 0.00276311975904
            not_acoustic: 0.997236907482
        probability: 0.997236907482
        value: "not_acoustic"
    mood_aggressive:
        all:
            aggressive: 0.683951020241
            not_aggressive: 0.316049009562
        probability: 0.683951020241
        value: "aggressive"
    mood_electronic:
        all:
            electronic: 0.897576928139
            not_electronic: 0.10242304951
        probability: 0.897576928139
        value: "electronic"
    mood_happy:
        all:
            happy: 0.890506923199
            not_happy: 0.109493069351
        probability: 0.890506923199
        value: "happy"
    mood_party:
        all:
            not_party: 0.305520892143
            party: 0.694479107857
        probability: 0.694479107857
        value: "party"
    mood_relaxed:
        all:
            not_relaxed: 0.930149197578
            relaxed: 0.0698507800698
        probability: 0.930149197578
        value: "not_relaxed"
    mood_sad:
        all:
            not_sad: 0.906048953533
            sad: 0.0939510539174
        probability: 0.906048953533
        value: "not_sad"
    rhythm:
        all:
            fast: 0.981648266315
            medium: 0.00600245362148
            slow: 0.0123492637649
        probability: 0.981648266315
        value: "fast"
    speech_music:
        all:
            music: 0.999996125698
            speech: 3.89028036807e-06
        probability: 0.999996125698
        value: "music"
    timbre:
        all:
            bright: 0.999983668327
            dark: 1.63539989444e-05
        probability: 0.999983668327
        value: "bright"
    voice_instrumental:
        all:
            instrumental: 0.893200993538
            voice: 0.106799021363
        probability: 0.893200993538
        value: "instrumental"

lowlevel:
    average_loudness: 0.979450106621
    barkbands_kurtosis:
        dmean: 0.824709177017
        dmean2: 1.46816527843
        dvar: 2.32590651512
        dvar2: 6.61537694931
        max: 12.4703798294
        mean: -0.728156626225
        min: -1.79881250858
        var: 2.06999492645
    barkbands_skewness:
        dmean: 0.446733772755
        dmean2: 0.741732478142
        dvar: 0.251966804266
        dvar2: 0.670846998692
        max: 2.3796582222
        mean: -0.297024160624
        min: -3.32539582253
        var: 0.596137285233
    barkbands_spread:
        dmean: 6.03282022476
        dmean2: 10.2095756531
        dvar: 46.1283988953
        dvar2: 129.123718262
        max: 60.6864280701
        mean: 34.01953125
        min: 9.5659198761
        var: 71.2219696045
    dissonance:
        dmean: 0.01417233143
        dmean2: 0.0232606362551
        dvar: 0.000201917500817
        dvar2: 0.000441067240899
        max: 0.499701201916
        mean: 0.470029056072
        min: 0.32744577527
        var: 0.000415795540903
    hfc:
        dmean: 4.81927013397
        dmean2: 8.10294246674
        dvar: 89.6726226807
        dvar2: 248.54888916
        max: 71.7963867188
        mean: 9.39120292664
        min: 0.223524913192
        var: 89.5748901367
    pitch:
        dmean: 737.8671875
        dmean2: 1414.38024902
        dvar: 1713032.5
        dvar2: 4050279
        max: 4410
        mean: 1076.77526855
        min: 109.975059509
        var: 2042837.625
    pitch_instantaneous_confidence:
        dmean: 0.0995643436909
        dmean2: 0.14786913991
        dvar: 0.00624458584934
        dvar2: 0.0137832118198
        max: 0.894264042377
        mean: 0.499443560839
        min: 0.159153878689
        var: 0.0281024463475
    pitch_salience:
        dmean: 0.0727266445756
        dmean2: 0.122881479561
        dvar: 0.00527680199593
        dvar2: 0.0140556860715
        max: 0.874268889427
        mean: 0.606060028076
        min: 0.330620855093
        var: 0.0103378053755
    silence_rate_20dB:
        dmean: 0
        dmean2: 0
        dvar: 0
        dvar2: 0
        max: 1
        mean: 1
        min: 1
        var: 0
    silence_rate_30dB:
        dmean: 0
        dmean2: 0
        dvar: 0
        dvar2: 0
        max: 1
        mean: 1
        min: 1
        var: 0
    silence_rate_60dB:
        dmean: 0.15850815177
        dmean2: 0.315420567989
        dvar: 0.133382961154
        dvar2: 0.248640328646
        max: 1
        mean: 0.388372093439
        min: 0
        var: 0.237539738417
    spectral_centroid:
        dmean: 322.924163818
        dmean2: 528.532348633
        dvar: 111279.695312
        dvar2: 271103.09375
        max: 4586.16650391
        mean: 2006.15722656
        min: 510.414855957
        var: 372659.0625
    spectral_complexity:
        dmean: 4.91355133057
        dmean2: 7.33723640442
        dvar: 35.0370025635
        dvar2: 75.7458496094
        max: 51
        mean: 15.4102563858
        min: 0
        var: 84.9785003662
    spectral_crest:
        dmean: 1.68550527096
        dmean2: 2.71975135803
        dvar: 1.98139536381
        dvar2: 5.23102283478
        max: 18.3180561066
        mean: 6.29395341873
        min: 2.76832795143
        var: 6.00083303452
    spectral_decrease:
        dmean: 3.56850771155e-10
        dmean2: 5.61015067735e-10
        dvar: 2.88807008946e-19
        dvar2: 7.43934706669e-19
        max: -1.17900168795e-11
        mean: -9.30331311988e-10
        min: -4.43087655455e-09
        var: 4.00909110498e-19
    spectral_energy:
        dmean: 0.00176745036151
        dmean2: 0.00279733911157
        dvar: 7.98423752713e-06
        dvar2: 2.12375525734e-05
        max: 0.0232314392924
        mean: 0.00436309631914
        min: 6.47725828458e-05
        var: 1.00512879726e-05
    spectral_energyband_high:
        dmean: 0.000382074038498
        dmean2: 0.000636530399788
        dvar: 8.78379864844e-07
        dvar2: 2.39726182372e-06
        max: 0.00751213729382
        mean: 0.000643805484287
        min: 1.7731646949e-05
        var: 9.00300051399e-07
    spectral_energyband_low:
        dmean: 0.000154246474267
        dmean2: 0.00025032449048
        dvar: 8.74193020195e-08
        dvar2: 2.21979078674e-07
        max: 0.00190669938456
        mean: 0.000228434277233
        min: 3.75613069536e-08
        var: 9.04346180164e-08
    spectral_energyband_middle_high:
        dmean: 0.00111275690142
        dmean2: 0.00189096853137
        dvar: 3.76838374905e-06
        dvar2: 1.05223443825e-05
        max: 0.0124856438488
        mean: 0.00220159068704
        min: 2.93831944873e-05
        var: 3.79615062229e-06
    spectral_energyband_middle_low:
        dmean: 0.000503851973917
        dmean2: 0.000787099532317
        dvar: 4.81008157749e-07
        dvar2: 1.07410414785e-06
        max: 0.00677192769945
        mean: 0.00128925149329
        min: 5.39495613339e-06
        var: 1.05431331576e-06
    spectral_flatness_db:
        dmean: 0.0154656441882
        dmean2: 0.0230547934771
        dvar: 0.000195005646674
        dvar2: 0.00038602767745
        max: 0.217312932014
        mean: 0.138775631785
        min: 0.0695580765605
        var: 0.000505612057168
    spectral_flux:
        dmean: 0.00981546472758
        dmean2: 0.0143736852333
        dvar: 0.00021372352785
        dvar2: 0.000423792196671
        max: 0.123119026423
        mean: 0.0383276566863
        min: 0.00804814137518
        var: 0.000363006431144
    spectral_kurtosis:
        dmean: 0.962804555893
        dmean2: 1.61677658558
        dvar: 0.87261480093
        dvar2: 2.34614634514
        max: 11.6133508682
        mean: 2.77885723114
        min: -0.496165990829
        var: 1.54085409641
    spectral_rms:
        dmean: 0.000373405520804
        dmean2: 0.000557989638764
        dvar: 2.3343029909e-07
        dvar2: 5.72203191496e-07
        max: 0.00476075801998
        mean: 0.00195366330445
        min: 0.000251381716225
        var: 4.39875805114e-07
    spectral_rolloff:
        dmean: 326.620391846
        dmean2: 541.406188965
        dvar: 121795.75
        dvar2: 238976.1875
        max: 6438.42773438
        mean: 3652.61450195
        min: 581.396484375
        var: 446597.71875
    spectral_skewness:
        dmean: 0.152613133192
        dmean2: 0.248763754964
        dvar: 0.0192083660513
        dvar2: 0.0432495288551
        max: 2.61681485176
        mean: 1.13802158833
        min: 0.308720439672
        var: 0.0681756585836
    spectral_spread:
        dmean: 576072.0625
        dmean2: 790228.8125
        dvar: 630464970752
        dvar2: 845971521536
        max: 16622650
        mean: 4597668.5
        min: 2897412.5
        var: 1.58299271987e+12
    spectral_strongpeak:
        dmean: 0.603191971779
        dmean2: 1.06838130951
        dvar: 0.649150371552
        dvar2: 1.68837738037
        max: 7.15914773941
        mean: 0.851489424706
        min: 0.0147573389113
        var: 0.87531042099
    zerocrossingrate:
        dmean: 0.00887006241828
        dmean2: 0.0104059940204
        dvar: 6.95621056366e-05
        dvar2: 8.68253700901e-05
        max: 0.21923828125
        mean: 0.111128941178
        min: 0.01953125
        var: 0.000583835353609
    barkbands:
        dmean: [3.41900545209e-07, 7.06548889866e-05, 9.64106293395e-05, 0.000244527909672, 0.000110330511234, 9.19002923183e-05, 0.000122536876006, 0.000124273225083, 3.81114259653e-05, 3.9381418901e-05, 7.78923058533e-05, 5.04123418068e-05, 2.97891401715e-05, 5.49551587028e-05, 7.25173595129e-05, 0.000159756033099, 0.000211136852158, 0.000300793035422, 0.00036681551137, 0.00040531961713, 0.000167377002072, 4.70591476187e-05, 9.56493931881e-06, 6.03831813351e-06, 2.035718353e-06, 8.84496671461e-08, 5.75287872895e-10]
        dmean2: [4.93280538194e-07, 0.000117512878205, 0.000157203452545, 0.000400176882977, 0.000190925085917, 0.000146882695844, 0.000187341196579, 0.000182327188668, 6.05390123383e-05, 6.31397851976e-05, 0.000130038199131, 8.40257489472e-05, 4.80822127429e-05, 9.09783047973e-05, 0.000122434852528, 0.000276425213087, 0.000363681785529, 0.000516267784405, 0.000630322727375, 0.000693025183864, 0.000277759914752, 7.61938281357e-05, 1.43940515045e-05, 8.71465272212e-06, 2.89862236968e-06, 1.28030123392e-07, 6.85683509971e-10]
        dvar: [6.06905205345e-13, 3.99536936868e-08, 2.67234412377e-08, 2.14269761045e-07, 2.24464979937e-08, 3.22290105714e-08, 2.99863849307e-08, 2.14802060583e-08, 2.51823828457e-09, 3.46314821265e-09, 9.40619582224e-09, 5.77372727406e-09, 1.67590996636e-09, 5.10401321208e-09, 1.00715489282e-08, 5.54577894718e-08, 8.23814332307e-08, 2.36276505916e-07, 3.22790526752e-07, 8.61057174006e-07, 1.33186745188e-07, 7.76292008453e-09, 4.94176699561e-10, 1.22114118817e-09, 5.4316110637e-11, 1.21866763642e-13, 3.9810452568e-17]
        dvar2: [1.04600713941e-12, 1.06245430231e-07, 6.9485437848e-08, 5.0349723324e-07, 6.45630109375e-08, 7.12700369832e-08, 6.81276546288e-08, 4.56361171075e-08, 5.87101389726e-09, 8.31957791547e-09, 2.52434517733e-08, 1.52711283619e-08, 3.49852147252e-09, 1.38891413926e-08, 2.70387445767e-08, 1.46863811779e-07, 2.34283589862e-07, 6.62389481931e-07, 9.11241045287e-07, 2.42152805185e-06, 3.65748036302e-07, 1.81075971994e-08, 9.168961701e-10, 2.4937445442e-09, 9.80194259093e-11, 2.92377829846e-13, 2.86360663643e-17]
        max: [1.00017205114e-05, 0.00154912902508, 0.00125892355572, 0.00437344051898, 0.00124854128808, 0.00250599696301, 0.00223884428851, 0.0024416774977, 0.000507042161189, 0.000577298284043, 0.000694086775184, 0.00103586376645, 0.000390945351683, 0.000769993872382, 0.000829497002997, 0.00192517822143, 0.00211256323382, 0.00315253902227, 0.00365410675295, 0.00700962916017, 0.0029316607397, 0.000993080437183, 0.000332005671225, 0.000606893445365, 0.000108119078504, 5.97862708673e-06, 1.49574262309e-07]
        mean: [5.75947410653e-07, 9.20277598198e-05, 0.000135847483762, 0.000371817295672, 0.000160457377206, 0.000147435144754, 0.000269529147772, 0.000277462560916, 5.31129262527e-05, 6.01767678745e-05, 0.000111286019091, 7.73746432969e-05, 4.85464952362e-05, 9.09681912162e-05, 0.000115236318379, 0.000216475193156, 0.000352586415829, 0.000389135326259, 0.000520424742717, 0.00049513974227, 0.000275072350632, 7.78426328907e-05, 1.45192616401e-05, 7.34226841814e-06, 2.59956914306e-06, 1.05983623655e-07, 6.47944475851e-10]
        min: [9.06528532796e-11, 5.32369170969e-09, 7.89196263895e-09, 4.86903218189e-07, 1.60198021604e-06, 1.32290381316e-07, 3.36157398806e-07, 3.20985833469e-07, 1.66095659893e-07, 1.14963177111e-06, 2.03487729777e-07, 5.5734938087e-07, 2.50912421507e-07, 1.97285862669e-06, 6.69481721616e-07, 2.28691320103e-07, 5.90393767652e-07, 8.36462731968e-06, 3.60164017366e-06, 8.51620916364e-06, 8.73278804647e-06, 3.5396502085e-07, 2.65579046754e-07, 6.8116335683e-08, 2.77098202162e-08, 5.74928715746e-10, 3.08447386556e-13]
        var: [1.02365848003e-12, 3.13137888952e-08, 3.27607629913e-08, 4.70757669291e-07, 2.40712960675e-08, 4.93652727585e-08, 1.50218298245e-07, 9.21242673257e-08, 4.63089389058e-09, 4.97135799193e-09, 1.61318531866e-08, 7.85428788674e-09, 2.81263923263e-09, 1.22336878405e-08, 1.66646767497e-08, 8.05596584996e-08, 1.30894449057e-07, 1.99754865093e-07, 3.21197404674e-07, 6.57862358366e-07, 1.56764784265e-07, 1.46343550611e-08, 8.13196843197e-10, 1.34056321599e-09, 8.08730027391e-11, 1.33970606961e-13, 5.29398834582e-17]
    mfcc:
        mean: [-701.155395508, 92.6774673462, -50.4956436157, 59.8753013611, -18.3012714386, -3.20301651955, -3.16223716736, -3.5458855629, -4.14623498917, -4.33505725861, -1.91710567474, 1.62053072453, 0.794165074825]
        cov: [[1938.07128906, -499.093933105, 27.4102573395, -37.5378952026, 14.8922872543, 90.7305297852, -2.66382288933, -39.7390556335, 49.2937736511, 52.2441673279, 8.68707942963, 18.8751716614, 19.2578868866], [-499.093933105, 645.951721191, -21.2924957275, 97.9370422363, 41.4183692932, -6.076795578, 32.0199890137, 61.1813316345, 13.5746307373, 23.7326450348, 23.8855361938, 12.6389913559, 9.97115421295], [27.4102573395, -21.2924957275, 291.307525635, 21.0392131805, 44.9733276367, 25.35820961, 47.9445610046, 9.9129447937, 8.51042938232, 13.1173734665, -2.58057498932, 10.4202289581, -12.1230182648], [-37.5378952026, 97.9370422363, 21.0392131805, 153.68711853, 50.0881195068, 31.3550262451, 1.98890984058, 36.2229232788, 23.75481987, 29.6726055145, 13.0447006226, 7.1905670166, 5.36118602753], [14.8922872543, 41.4183692932, 44.9733276367, 50.0881195068, 96.0793380737, 27.2398300171, 21.8345108032, 21.6392726898, 16.8498058319, 8.43112850189, 1.08828020096, 9.3098859787, -1.63723635674], [90.7305297852, -6.076795578, 25.35820961, 31.3550262451, 27.2398300171, 89.3637619019, 24.6371631622, 19.4668464661, 15.5550165176, 14.6079978943, 2.55547094345, -2.43018436432, -10.8771791458], [-2.66382288933, 32.0199890137, 47.9445610046, 1.98890984058, 21.8345108032, 24.6371631622, 79.1657028198, 32.3805198669, 11.0222997665, 0.26822078228, -4.34110498428, 0.172805845737, -12.3629541397], [-39.7390556335, 61.1813316345, 9.9129447937, 36.2229232788, 21.6392726898, 19.4668464661, 32.3805198669, 74.7430801392, 33.0614509583, 15.1404561996, 10.5438642502, 2.82508802414, 0.721876978874], [49.2937736511, 13.5746307373, 8.51042938232, 23.75481987, 16.8498058319, 15.5550165176, 11.0222997665, 33.0614509583, 66.1505432129, 36.8053474426, 13.8662157059, 6.1009926796, 7.78414011002], [52.2441673279, 23.7326450348, 13.1173734665, 29.6726055145, 8.43112850189, 14.6079978943, 0.26822078228, 15.1404561996, 36.8053474426, 74.2528076172, 31.6145572662, 6.57915019989, 13.0959024429], [8.68707942963, 23.8855361938, -2.58057498932, 13.0447006226, 1.08828020096, 2.55547094345, -4.34110498428, 10.5438642502, 13.8662157059, 31.6145572662, 61.6437721252, 21.1278476715, 12.8111286163], [18.8751716614, 12.6389913559, 10.4202289581, 7.1905670166, 9.3098859787, -2.43018436432, 0.172805845737, 2.82508802414, 6.1009926796, 6.57915019989, 21.1278476715, 53.8163604736, 28.2968292236], [19.2578868866, 9.97115421295, -12.1230182648, 5.36118602753, -1.63723635674, -10.8771791458, -12.3629541397, 0.721876978874, 7.78414011002, 13.0959024429, 12.8111286163, 28.2968292236, 64.8555526733]]
        icov: [[0.000725684687495, 0.000557121995371, 9.65609506238e-05, 5.32224803464e-05, -0.000179477254278, -0.000632220646366, -0.000169394377735, 0.000456271722214, -0.000414918235037, -0.000436372385593, 5.82258107897e-05, -0.00024926153128, -0.000200251088245], [0.000557121995371, 0.00234092236497, 0.000435605848907, -0.00104941753671, -0.000479392474517, 0.00042297973414, -0.000978697789833, -0.000734238885343, 0.000498652108945, -0.000734934525099, -0.000290846714051, -0.000290944386506, -0.000203766598133], [9.65609506238e-05, 0.000435605848907, 0.00422925874591, -0.000377057760488, -0.0014282806078, 1.21479188238e-05, -0.00258315959945, 0.000890881347004, 0.000392407411709, -0.00130281143356, 0.00060171057703, -0.00125590653624, 0.000834800302982], [5.32224803464e-05, -0.00104941753671, -0.000377057760488, 0.0101679544896, -0.00389575934969, -0.00232661794871, 0.00363403954543, -0.00368974194862, 0.000724206562154, -0.00262432429008, 0.000569084018935, -0.000248962809565, -8.10095516499e-05], [-0.000179477254278, -0.000479392474517, -0.0014282806078, -0.00389575934969, 0.0147906998172, -0.00196489109658, -0.00185174390208, -4.76985660498e-05, -0.00206055049784, 0.00147991452832, 0.00105550617445, -0.00236807018518, 0.000646629661787], [-0.000632220646366, 0.00042297973414, 1.21479188238e-05, -0.00232661794871, -0.00196489109658, 0.015039707534, -0.00347943906672, -0.00105790339876, -9.79646647465e-05, -0.00165863323491, -1.99699261429e-05, 0.000557461986318, 0.00224597216584], [-0.000169394377735, -0.000978697789833, -0.00258315959945, 0.00363403954543, -0.00185174390208, -0.00347943906672, 0.020087428391, -0.00866622198373, 0.000796784297563, 0.000330546405166, 0.00222315290011, -0.0016300791176, 0.00282248831354], [0.000456271722214, -0.000734238885343, 0.000890881347004, -0.00368974194862, -4.76985660498e-05, -0.00105790339876, -0.00866622198373, 0.0243775900453, -0.0105727473274, 0.00320826820098, -0.0033283715602, 0.00175379018765, -0.00113959098235], [-0.000414918235037, 0.000498652108945, 0.000392407411709, 0.000724206562154, -0.00206055049784, -9.79646647465e-05, 0.000796784297563, -0.0105727473274, 0.0271155443043, -0.0120523702353, 0.00232517835684, -0.00157993088942, -0.000329642469296], [-0.000436372385593, -0.000734934525099, -0.00130281143356, -0.00262432429008, 0.00147991452832, -0.00165863323491, 0.000330546405166, 0.00320826820098, -0.0120523702353, 0.0256697759032, -0.0110078882426, 0.00492886500433, -0.00371039635502], [5.82258107897e-05, -0.000290846714051, 0.00060171057703, 0.000569084018935, 0.00105550617445, -1.99699261429e-05, 0.00222315290011, -0.0033283715602, 0.00232517835684, -0.0110078882426, 0.0250667240471, -0.00991614628583, 0.00189562537707], [-0.00024926153128, -0.000290944386506, -0.00125590653624, -0.000248962809565, -0.00236807018518, 0.000557461986318, -0.0016300791176, 0.00175379018765, -0.00157993088942, 0.00492886500433, -0.00991614628583, 0.0291091911495, -0.0119393290952], [-0.000200251088245, -0.000203766598133, 0.000834800302982, -8.10095516499e-05, 0.000646629661787, 0.00224597216584, 0.00282248831354, -0.00113959098235, -0.000329642469296, -0.00371039635502, 0.00189562537707, -0.0119393290952, 0.0222396571189]]
    spectral_contrast:
        mean: [-1.91466028809e-07, -3.11508955519e-07, -1.52884524596e-07, 4.14505848312e-07, -5.05562702813e-08, -5.32134720288e-07, 2.6446261927e-06, -1.29198974719e-06, -2.91166611532e-06, -9.42003453019e-07, -1.66170522675e-07, -6.78020228406e-07]
        var: [0.00035798602039, 0.000765548029449, 0.00121074030176, 0.00216186884791, 0.00382380513474, 0.00429567974061, 0.0398173555732, 0.0952749028802, 0.126094847918, 0.295359492302, 0.553009033203, 2.03634214401]

rhythm:
    beats_loudness:
        dmean: 0.00422193855047
        dmean2: 0.00864169467241
        dvar: 7.02448505763e-06
        dvar2: 1.79433500307e-05
        max: 0.0120940953493
        mean: 0.00743135437369
        min: 0.00197104294784
        var: 7.59302247388e-06
    beats_loudness_bass:
        dmean: 0.127892449498
        dmean2: 0.212364986539
        dvar: 0.0158444270492
        dvar2: 0.0439120307565
        max: 0.533908963203
        mean: 0.197935000062
        min: 0.0475715324283
        var: 0.0153088569641
    bpm: 113.864295959
    bpm_confidence: 0
    first_peak_bpm: 114
    first_peak_spread: 0
    first_peak_weight: 0.944444417953
    onset_rate: 4.82283496857
    second_peak_bpm: 108
    second_peak_spread: 0
    second_peak_weight: 0.0555555559695
    beats_position: [0.0309341661632, 0.557760298252, 1.08458638191, 1.61141240597, 2.13823843002, 2.66506457329, 3.19189047813, 3.7187166214, 4.24554252625, 4.77236890793, 5.29919481277, 5.82602119446, 6.3819103241, 6.90899372101, 7.43607711792, 7.96316051483, 8.49024391174, 9.01732730865, 9.54441070557]
    bpm_estimates: [113.932426453, 113.732055664, 113.879341125, 113.886138916, 114.873130798, 113.684532166, 113.774757385, 113.767562866, 113.713569641, 113.662231445, 113.785881042, 113.669036865, 113.780914307, 114.830444336, 113.701911926, 113.771194458, 113.662406921, 113.621131897, 113.692825317]
    bpm_intervals: [0.526826143265, 0.52682608366, 0.526826024055, 0.526826024055, 0.526826143265, 0.526825904846, 0.526826143265, 0.526825904846, 0.526826381683, 0.526825904846, 0.526826381683, 0.555889129639, 0.527083396912, 0.527083396912, 0.527083396912, 0.527083396912, 0.527083396912, 0.527083396912]
    onset_times: [0.0348299331963, 0.290249437094, 0.441179126501, 0.545668959618, 0.719818592072, 0.835918366909, 0.986848056316, 1.07972788811, 1.35836732388, 1.47446715832, 1.62539684772, 1.74149656296, 1.86920630932, 2.13623571396, 2.41487526894, 2.65868473053, 3.19274377823, 3.50621318817, 3.59909296036, 3.86612248421, 3.99383211136, 4.26086187363, 4.51628112793, 4.7833108902, 5.31736946106, 5.71210861206, 5.99074840546, 6.1068482399, 6.28099775314, 6.37387752533, 6.90793657303, 7.07047605515, 7.33750581741, 7.44199562073, 7.70902490616, 7.9644446373, 8.20825386047, 8.37079334259, 8.498503685, 8.76553249359, 8.92807292938, 9.02095222473, 9.18349170685, 9.25315189362, 9.46213150024, 9.5666217804, 9.682721138, 9.83365058899]
    rubato_start: []
    rubato_stop: []
    perceptual_tempo: "unknown"

sfx:
    inharmonicity:
        dmean: 0.052362959832
        dmean2: 0.0907561182976
        dvar: 0.00339656928554
        dvar2: 0.00947274267673
        max: 0.473030298948
        mean: 0.0624633841217
        min: 0
        var: 0.00388747826219
    oddtoevenharmonicenergyratio:
        dmean: 1.54801809788
        dmean2: 2.81057810783
        dvar: 5.79697179794
        dvar2: 16.1692066193
        max: 21.5245113373
        mean: 1.44946873188
        min: 0
        var: 6.5697684288
    pitch_after_max_to_before_max_energy_ratio: 15.6279010773
    pitch_centroid: 209.213516235
    pitch_max_to_total: 0.0116550112143
    pitch_min_to_total: 0.892773866653
    tristimulus:
        dmean: [0.153523653746, 0.196550756693, 0.13744173944]
        dmean2: [0.26169487834, 0.337176084518, 0.244251742959]
        dvar: [0.0216470919549, 0.0309509616345, 0.0165930557996]
        dvar2: [0.058818526566, 0.0867074280977, 0.0452659837902]
        max: [1, 0.968731462955, 0.708366453648]
        mean: [0.28606402874, 0.487862974405, 0.188833102584]
        min: [0.0139368483797, 0, 0]
        var: [0.0369750745595, 0.0439739897847, 0.021142506972]

tonal:
    chords_changes_rate: 0.074074074626
    chords_number_rate: 0.0324074067175
    chords_strength:
        dmean: 0.00681442674249
        dmean2: 0.00581969600171
        dvar: 2.11280748772e-05
        dvar2: 2.35230163526e-05
        max: 0.603321075439
        mean: 0.441785365343
        min: 0.306234240532
        var: 0.00471083214507
    key_strength: 0.78469902277
    tuning_diatonic_strength: 0.604899287224
    tuning_equal_tempered_deviation: 0.0588806755841
    tuning_frequency: 441.017791748
    tuning_nontempered_energy_ratio: 0.680632472038
    hpcp:
        dmean: [0.146071061492, 0.0916612818837, 0.0643610432744, 0.0617553405464, 0.0757572203875, 0.108395263553, 0.117438390851, 0.128447562456, 0.13078121841, 0.110731251538, 0.113968223333, 0.0862475037575, 0.0764215514064, 0.0905823558569, 0.145821094513, 0.143511757255, 0.133646741509, 0.118127316236, 0.106326267123, 0.11545612663, 0.148263245821, 0.148569121957, 0.118188641965, 0.117616139352, 0.0889125838876, 0.0721644088626, 0.0993457958102, 0.11650364846, 0.0954810231924, 0.149165511131, 0.161082774401, 0.0925905779004, 0.0743683725595, 0.0785865485668, 0.0953821241856, 0.137205138803]
        dmean2: [0.23869048059, 0.152978017926, 0.106972239912, 0.105094201863, 0.125574842095, 0.173633009195, 0.204686507583, 0.217598587275, 0.222769975662, 0.19202695787, 0.196342393756, 0.151735469699, 0.128979414701, 0.154622852802, 0.230774715543, 0.224940001965, 0.230460748076, 0.18468400836, 0.176571547985, 0.202963531017, 0.254962563515, 0.245471253991, 0.204302325845, 0.20265597105, 0.139740139246, 0.11931309104, 0.175157353282, 0.208412244916, 0.168864756823, 0.246970430017, 0.265042662621, 0.148359194398, 0.126689255238, 0.127752646804, 0.158893853426, 0.230913221836]
        dvar: [0.0298777744174, 0.00970871280879, 0.00458437623456, 0.00564709864557, 0.0108668031171, 0.0194044429809, 0.0315701961517, 0.026152305305, 0.0223445612937, 0.0208788476884, 0.0152475433424, 0.0186610296369, 0.00915219355375, 0.0114879431203, 0.0226885676384, 0.0269580278546, 0.032748196274, 0.0230701342225, 0.0229972656816, 0.0390838310122, 0.0289404522628, 0.0275044478476, 0.0223971307278, 0.0283580366522, 0.0159098468721, 0.012320577167, 0.016315260902, 0.0217063352466, 0.00969215016812, 0.0226045660675, 0.0272410642356, 0.00896083377302, 0.0078712971881, 0.0101546477526, 0.0118549969047, 0.0238163229078]
        dvar2: [0.0724441334605, 0.0237623583525, 0.0112505061552, 0.0149189364165, 0.0276990886778, 0.0501236021519, 0.0810179188848, 0.0674881115556, 0.0577239170671, 0.048498660326, 0.0386092700064, 0.0506874993443, 0.0229721628129, 0.0324058756232, 0.0611010491848, 0.051715824753, 0.0807488709688, 0.0566445626318, 0.0581292845309, 0.112982332706, 0.0686505511403, 0.0631714090705, 0.0539705604315, 0.0715762898326, 0.0359801501036, 0.03401844576, 0.0440870299935, 0.0583569183946, 0.0291008334607, 0.0641673058271, 0.0728528052568, 0.0270909201354, 0.0216615907848, 0.0237533338368, 0.0313339456916, 0.0617199875414]
        max: [1, 0.651932477951, 0.794750928879, 0.604679226875, 0.606868505478, 0.973705708981, 1, 1, 1, 1, 0.756430923939, 0.989170193672, 0.565658807755, 0.753891527653, 1, 1, 1, 1, 1, 1, 1, 1, 1, 1, 1, 1, 0.965471029282, 1, 0.681072473526, 1, 1, 0.79335129261, 0.475314080715, 1, 0.760395228863, 1]
        mean: [0.290743023157, 0.185691431165, 0.107453174889, 0.0896364599466, 0.0885953754187, 0.220599845052, 0.340381354094, 0.262958586216, 0.333479374647, 0.451253771782, 0.264402985573, 0.112378560007, 0.0999378487468, 0.119575768709, 0.301552027464, 0.387801021338, 0.241030111909, 0.158711254597, 0.134878098965, 0.11935389787, 0.22467495501, 0.27242949605, 0.1730940938, 0.15071105957, 0.162138476968, 0.110987126827, 0.139302760363, 0.165703356266, 0.14127650857, 0.28868663311, 0.338390350342, 0.163756281137, 0.102266564965, 0.141405656934, 0.14793369174, 0.229891002178]
        min: [0.00161665515043, 0.0189293585718, 0.00136822159402, 0.000666380743496, 0.000370577676222, 0.00363725842908, 0.00594914052635, 0.00654640281573, 0.00345509150065, 0.0030599925667, 0.00269806897268, 0.0045341369696, 0.000433450681157, 0.000541434274055, 0.00739133264869, 0.0144686950371, 0.00823047105223, 0.00113150780089, 0.000649968336802, 0.00141894258559, 0.00817155186087, 0.00972636789083, 0.00889950897545, 0.000766379991546, 0.00115510588512, 0.00224096700549, 0.00206499849446, 0.00128891074564, 0.00642881123349, 0.00207439460792, 0.00208747969009, 0.00106673524715, 0.00256038573571, 0.000968190201093, 0.00219209864736, 0.00207790429704]
        var: [0.0822668150067, 0.0227490346879, 0.00985950045288, 0.00885225459933, 0.0116687817499, 0.0518200658262, 0.143087252975, 0.0584696866572, 0.0719652846456, 0.152293458581, 0.0470372401178, 0.0195403657854, 0.0135644199327, 0.016732705757, 0.0645336955786, 0.104163020849, 0.0515919998288, 0.0343875028193, 0.0267794132233, 0.0278936754912, 0.0543349348009, 0.083539314568, 0.0379948280752, 0.0390069261193, 0.0576706454158, 0.0268470719457, 0.0226284731179, 0.03467714414, 0.0141019932926, 0.0517201349139, 0.0810170248151, 0.0194631908089, 0.0124488240108, 0.0437978692353, 0.0295075085014, 0.0472351796925]
    chords_histogram: [13.8888893127, 0, 16.6666660309, 17.1296291351, 29.6296291351, 0, 0, 0, 0, 0, 0, 0, 0, 0, 0, 11.1111106873, 0, 9.72222232819, 0, 0, 0, 0, 1.85185182095, 0]
    thpcp: [1, 0.585929691792, 0.249036282301, 0.221467062831, 0.264985650778, 0.668253779411, 0.859385669231, 0.534134268761, 0.351711750031, 0.298896342516, 0.264493972063, 0.497890472412, 0.603716850281, 0.383584827185, 0.333982944489, 0.359306633472, 0.245952799916, 0.308701604605, 0.367206573486, 0.313075512648, 0.639743447304, 0.74988925457, 0.362891763449, 0.226627618074, 0.31336170435, 0.327828168869, 0.509449481964, 0.644300460815, 0.4115011096, 0.238121390343, 0.198638692498, 0.196331605315, 0.488859832287, 0.754301428795, 0.582728862762, 0.739006280899]
    chords_key: "D"
    chords_scale: "major"
    key_key: "C"
    key_scale: "major"
    chords_progression: ["Cm", "Bm", "Cm", "Cm", "Bm", "Bm", "Bm", "Bm", "G", "G", "G", "G", "G", "G", "G", "G", "G", "G", "G", "G", "G", "G", "G", "G", "G", "G", "G", "G", "F", "F", "F", "F", "Cm", "Cm", "Cm", "Fm", "Fm", "Fm", "Fm", "Fm", "Fm", "Fm", "Fm", "Fm", "Fm", "Fm", "Fm", "Fm", "Fm", "Fm", "Fm", "Fm", "Fm", "Fm", "Fm", "Fm", "Fm", "Fm", "Fm", "Cm", "Cm", "Cm", "Cm", "Cm", "Cm", "Cm", "Cm", "Cm", "Cm", "C", "C", "Cm", "C", "C", "C", "C", "C", "C", "C", "C", "C", "C", "C", "C", "C", "C", "C", "C", "C", "C", "C", "C", "C", "C", "C", "C", "C", "C", "C", "C", "Cm", "Cm", "Cm", "Cm", "Bm", "Bm", "Bm", "G", "G", "G", "G", "G", "G", "G", "G", "G", "G", "G", "G", "G", "G", "G", "G", "Bm", "Bm", "Bm", "Bm", "Bm", "Bm", "Bm", "Bm", "Bm", "Bm", "Bm", "Bm", "Bm", "Bm", "Bm", "Bm", "Bm", "Bm", "Bm", "Bm", "Bm", "Bm", "Bm", "Bm", "Bm", "Bm", "Bm", "Bm", "Bm", "D", "D", "D", "D", "D", "D", "D", "D", "D", "D", "D", "D", "D", "D", "D", "D", "D", "D", "D", "D", "D", "D", "D", "D", "D", "D", "D", "D", "D", "D", "D", "D", "D", "D", "D", "D", "D", "D", "D", "D", "D", "D", "D", "D", "D", "D", "D", "D", "D", "D", "D", "D", "D", "D", "D", "D", "D", "D", "D", "D", "D", "D", "D", "D"]
