
metadata:
    version:
        essentia: "1.2.2"
    audio_properties:
        analysis_sample_rate: 44100
        bitrate: 128
        channels: 2
        equal_loudness: 1
        length: 9.97877597809
        replay_gain: -19.5234642029
        downmix: "mix"
    tags:
        track: 8
        year: 0
        album: "Splitted by Mp3Splt v. 2.1"
        artist: "From 001.10 To 001.20"
        comment: "http://mp3splt.sf.net"
        genre: ""
        title: "06 My Tornado.mp3"

highlevel:
    ballroom:
        all:
            ChaChaCha: 0.0475904680789
            Jive: 0.856731772423
            Quickstep: 0.0175545439124
            Rumba-American: 0.000840097782202
            Rumba-International: 0.0020903442055
            Rumba-Misc: 0.00158031343017
            Samba: 0.0299335326999
            Tango: 0.00290156132542
            VienneseWaltz: 0.0368620231748
            Waltz: 0.00391534157097
        probability: 0.856731772423
        value: "Jive"
    culture:
        all:
            non_western: 0.0250193905085
            western: 0.974980592728
        probability: 0.974980592728
        value: "western"
    gender:
        all:
            female: 0.158956900239
            male: 0.841043114662
        probability: 0.841043114662
        value: "male"
    genre_dortmund:
        all:
            alternative: 0.136423930526
            blues: 0.0114107914269
            electronic: 0.0560816414654
            folkcountry: 0.0606196671724
            funksoulrnb: 0.0366738587618
            jazz: 0.00973336677998
            pop: 0.0489806681871
            raphiphop: 0.00608632760122
            rock: 0.633989751339
        probability: 0.633989751339
        value: "rock"
    genre_electronica:
        all:
            ambient: 0.286710321903
            dnb: 0.241257026792
            house: 0.0229337569326
            techno: 0.0423949956894
            trance: 0.40670388937
        probability: 0.40670388937
        value: "trance"
    genre_rosamerica:
        all:
            cla: 0.0456464663148
            dan: 0.0110502047464
            hip: 0.014484975487
            jaz: 0.00476710125804
            pop: 0.0155276628211
            rhy: 0.0100398557261
            roc: 0.89609760046
            spe: 0.00238613504916
        probability: 0.89609760046
        value: "roc"
    genre_tzanetakis:
        all:
            blu: 0.0097140185535
            cla: 0.0126169966534
            cou: 0.0463791005313
            dis: 0.0341994129121
            hip: 0.0246623661369
            jaz: 0.00785458274186
            met: 0.397244244814
            pop: 0.0164843928069
            reg: 0.00673400005326
            roc: 0.444110870361
        probability: 0.444110870361
        value: "roc"
    live_studio:
        all:
            live: 0.0122446296737
            studio: 0.987755358219
        probability: 0.987755358219
        value: "studio"
    mood:
        all:
            Cluster1: 0.31269210577
            Cluster2: 0.0751901268959
            Cluster3: 0.0127760013565
            Cluster4: 0.0421746857464
            Cluster5: 0.557167112827
        probability: 0.557167112827
        value: "Cluster5"
    mood_acoustic:
        all:
            acoustic: 0.00889045745134
            not_acoustic: 0.991109549999
        probability: 0.991109549999
        value: "not_acoustic"
    mood_aggressive:
        all:
            aggressive: 0.996692419052
            not_aggressive: 0.00330760679208
        probability: 0.996692419052
        value: "aggressive"
    mood_electronic:
        all:
            electronic: 0.181297108531
            not_electronic: 0.818702876568
        probability: 0.818702876568
        value: "not_electronic"
    mood_happy:
        all:
            happy: 0.405542254448
            not_happy: 0.594457745552
        probability: 0.594457745552
        value: "not_happy"
    mood_party:
        all:
            not_party: 0.193355247378
            party: 0.80664473772
        probability: 0.80664473772
        value: "party"
    mood_relaxed:
        all:
            not_relaxed: 0.25962471962
            relaxed: 0.74037528038
        probability: 0.74037528038
        value: "relaxed"
    mood_sad:
        all:
            not_sad: 0.99547791481
            sad: 0.00452208518982
        probability: 0.99547791481
        value: "not_sad"
    rhythm:
        all:
            fast: 0.612123191357
            medium: 0.294767081738
            slow: 0.093109741807
        probability: 0.612123191357
        value: "fast"
    speech_music:
        all:
            music: 0.977799832821
            speech: 0.022200178355
        probability: 0.977799832821
        value: "music"
    timbre:
        all:
            bright: 0.0825864523649
            dark: 0.917413532734
        probability: 0.917413532734
        value: "dark"
    voice_instrumental:
        all:
            instrumental: 0.803105890751
            voice: 0.196894079447
        probability: 0.803105890751
        value: "instrumental"

lowlevel:
    average_loudness: 0.983211755753
    barkbands_kurtosis:
        dmean: 0.687084078789
        dmean2: 1.09083163738
        dvar: 0.581549286842
        dvar2: 1.37458312511
        max: 6.38024616241
        mean: -0.29966032505
        min: -1.72226369381
        var: 1.63106226921
    barkbands_skewness:
        dmean: 0.329568475485
        dmean2: 0.514208912849
        dvar: 0.081203520298
        dvar2: 0.189042925835
        max: 1.10894501209
        mean: -0.702439367771
        min: -2.43603992462
        var: 0.324447125196
    barkbands_spread:
        dmean: 4.46929073334
        dmean2: 6.7505645752
        dvar: 17.5513420105
        dvar2: 44.4428329468
        max: 49.8614234924
        mean: 25.8303871155
        min: 7.87526655197
        var: 55.9586791992
    dissonance:
        dmean: 0.0129116019234
        dmean2: 0.0216719452292
        dvar: 0.000159477640409
        dvar2: 0.00040614019963
        max: 0.499659001827
        mean: 0.477631390095
        min: 0.381486594677
        var: 0.000262335932348
    hfc:
        dmean: 3.19135284424
        dmean2: 4.7760887146
        dvar: 12.4892206192
        dvar2: 25.0758190155
        max: 38.7258415222
        mean: 12.983707428
        min: 0.329567402601
        var: 42.3361091614
    pitch:
        dmean: 692.518737793
        dmean2: 1325.75549316
        dvar: 1398696
        dvar2: 3445699
        max: 4900
        mean: 1079.30212402
        min: 80.9174346924
        var: 1971857.125
    pitch_instantaneous_confidence:
        dmean: 0.0722541436553
        dmean2: 0.120669171214
        dvar: 0.00356737826951
        dvar2: 0.00884535908699
        max: 0.685398697853
        mean: 0.359377831221
        min: 0.170004069805
        var: 0.0119942789897
    pitch_salience:
        dmean: 0.0430576056242
        dmean2: 0.0711278244853
        dvar: 0.00114556425251
        dvar2: 0.00309397722594
        max: 0.805014014244
        mean: 0.685317754745
        min: 0.438874185085
        var: 0.0032050551381
    silence_rate_20dB:
        dmean: 0
        dmean2: 0
        dvar: 0
        dvar2: 0
        max: 1
        mean: 1
        min: 1
        var: 0
    silence_rate_30dB:
        dmean: 0
        dmean2: 0
        dvar: 0
        dvar2: 0
        max: 1
        mean: 1
        min: 1
        var: 0
    silence_rate_60dB:
        dmean: 0.0744186043739
        dmean2: 0.146853148937
        dvar: 0.0688808485866
        dvar2: 0.139272764325
        max: 1
        mean: 0.153132244945
        min: 0
        var: 0.129682406783
    spectral_centroid:
        dmean: 251.37210083
        dmean2: 376.349121094
        dvar: 58107.46875
        dvar2: 137245.359375
        max: 3815.7980957
        mean: 2274.35546875
        min: 1134.13317871
        var: 159801.828125
    spectral_complexity:
        dmean: 4.05361318588
        dmean2: 6.36915874481
        dvar: 13.6684474945
        dvar2: 25.5646495819
        max: 41
        mean: 22.181394577
        min: 0
        var: 47.5112915039
    spectral_crest:
        dmean: 1.5680822134
        dmean2: 2.61224842072
        dvar: 2.27343797684
        dvar2: 6.22805404663
        max: 15.4654760361
        mean: 5.96127510071
        min: 2.45317053795
        var: 5.25386190414
    spectral_decrease:
        dmean: 2.02245997727e-10
        dmean2: 2.98801761112e-10
        dvar: 4.01044270518e-20
        dvar2: 7.77586740433e-20
        max: -2.39406775654e-11
        mean: -1.15866893857e-09
        min: -2.42898123837e-09
        var: 1.94900631972e-19
    spectral_energy:
        dmean: 0.00102248729672
        dmean2: 0.00150693871547
        dvar: 1.05683955098e-06
        dvar2: 2.00892964131e-06
        max: 0.0118419704959
        mean: 0.00555073982105
        min: 0.000120250479085
        var: 4.89846433993e-06
    spectral_energyband_high:
        dmean: 0.000349386566086
        dmean2: 0.000536551466212
        dvar: 3.16325383665e-07
        dvar2: 7.06696084762e-07
        max: 0.00658969860524
        mean: 0.000713438843377
        min: 1.4824398022e-05
        var: 5.11590030783e-07
    spectral_energyband_low:
        dmean: 5.44970898773e-05
        dmean2: 9.31732720346e-05
        dvar: 1.42635192546e-08
        dvar2: 3.74128248382e-08
        max: 0.0010503239464
        mean: 7.56881345296e-05
        min: 1.9632727799e-07
        var: 1.47918477467e-08
    spectral_energyband_middle_high:
        dmean: 0.00075170857599
        dmean2: 0.00113413494546
        dvar: 6.56178031022e-07
        dvar2: 1.38287600748e-06
        max: 0.0101556200534
        mean: 0.00361466151662
        min: 9.99330004561e-05
        var: 3.40630049322e-06
    spectral_energyband_middle_low:
        dmean: 0.000380171724828
        dmean2: 0.000617213663645
        dvar: 1.52042645141e-07
        dvar2: 3.82586307524e-07
        max: 0.00394804216921
        mean: 0.00114689196926
        min: 5.29688668394e-06
        var: 3.58484783192e-07
    spectral_flatness_db:
        dmean: 0.0125851975754
        dmean2: 0.0189868286252
        dvar: 0.000128837302327
        dvar2: 0.000240855428274
        max: 0.227001011372
        mean: 0.138245925307
        min: 0.0616868846118
        var: 0.000728212704416
    spectral_flux:
        dmean: 0.00621099118143
        dmean2: 0.00923425424844
        dvar: 4.42685741291e-05
        dvar2: 8.70606818353e-05
        max: 0.0824849382043
        mean: 0.0438379347324
        min: 0.0109658781439
        var: 0.000126947226818
    spectral_kurtosis:
        dmean: 0.974045038223
        dmean2: 1.60515320301
        dvar: 1.19831526279
        dvar2: 2.21744084358
        max: 20.9196338654
        mean: 3.63468313217
        min: 0.539041757584
        var: 2.35486841202
    spectral_rms:
        dmean: 0.000215915046283
        dmean2: 0.000314229517244
        dvar: 5.14227700421e-08
        dvar2: 8.17568732714e-08
        max: 0.00339899142273
        mean: 0.00227677263319
        min: 0.000342516490491
        var: 2.31662227179e-07
    spectral_rolloff:
        dmean: 341.670166016
        dmean2: 542.857727051
        dvar: 151033.265625
        dvar2: 362396.34375
        max: 5361.76757812
        mean: 3723.84008789
        min: 2196.38671875
        var: 279712.625
    spectral_skewness:
        dmean: 0.153285995126
        dmean2: 0.242375433445
        dvar: 0.02228798531
        dvar2: 0.0428659580648
        max: 2.75882935524
        mean: 1.29352605343
        min: 0.309218883514
        var: 0.0544758290052
    spectral_spread:
        dmean: 486954.34375
        dmean2: 696796.9375
        dvar: 499773079552
        dvar2: 705554087936
        max: 14862501
        mean: 4209083.5
        min: 2389530.25
        var: 867704897536
    spectral_strongpeak:
        dmean: 0.883998513222
        dmean2: 1.50548303127
        dvar: 0.689070641994
        dvar2: 1.7264316082
        max: 6.05865430832
        mean: 1.48213601112
        min: 0.0389324575663
        var: 1.84281897545
    zerocrossingrate:
        dmean: 0.00818582437932
        dmean2: 0.00880275294185
        dvar: 5.65542359254e-05
        dvar2: 6.30971771898e-05
        max: 0.18896484375
        mean: 0.118639849126
        min: 0.04345703125
        var: 0.000263652560534
    barkbands:
        dmean: [4.55333832861e-07, 1.32643881443e-05, 4.96746106364e-05, 6.11760042375e-05, 0.000165564109921, 0.000144252378959, 0.000106846549897, 5.47353738511e-05, 0.000186938093975, 7.24466808606e-05, 5.38176027476e-05, 5.67887545913e-05, 8.6913452833e-05, 0.000109540473204, 0.000119354532217, 0.000179204085725, 0.000244818540523, 0.0003790895571, 0.000217594817514, 0.000201893562917, 0.000178315895027, 0.000113472109661, 1.35171267175e-05, 9.59606722972e-07, 3.18204547511e-06, 6.15561930317e-08, 2.19413376357e-09]
        dmean2: [7.31646025542e-07, 2.35374773183e-05, 8.53565652505e-05, 9.65485232882e-05, 0.000260432629148, 0.000249560427619, 0.000173015592736, 8.96528799785e-05, 0.000304802379105, 0.000113582296763, 8.55039834278e-05, 9.11624156288e-05, 0.000140677962918, 0.000175583787495, 0.00018197997997, 0.000286281836452, 0.00039784994442, 0.000628943496849, 0.00033809163142, 0.000309761759127, 0.000287614471745, 0.000185137541848, 2.20779566007e-05, 1.43964518884e-06, 5.14430712428e-06, 1.01955961895e-07, 2.40643682758e-09]
        dvar: [6.1447337019e-13, 4.19125983919e-10, 1.37493181285e-08, 7.56225215781e-09, 5.92953490752e-08, 3.17833581676e-08, 1.6199491526e-08, 4.02983113545e-09, 5.89150523922e-08, 8.4312272719e-09, 3.04852787458e-09, 6.37409014459e-09, 8.74008687646e-09, 2.30190622119e-08, 3.04728118294e-08, 8.33461513139e-08, 1.03639976601e-07, 2.6398799946e-07, 4.87784710401e-08, 5.6637329493e-08, 1.64405236092e-07, 3.40912471586e-08, 4.28591023782e-10, 1.55164347083e-12, 5.36226410497e-11, 2.18405615858e-14, 1.43218067139e-15]
        dvar2: [1.08358938142e-12, 1.15050324823e-09, 3.78856093164e-08, 1.7716287104e-08, 1.50510686581e-07, 9.38371940151e-08, 4.02091160367e-08, 1.01529025187e-08, 1.27147828266e-07, 2.01058423244e-08, 7.29325222437e-09, 1.66551838987e-08, 2.27420873244e-08, 5.45935208152e-08, 6.63701058556e-08, 2.23699728963e-07, 2.65926075826e-07, 7.0239013894e-07, 1.08594278458e-07, 1.29065796273e-07, 4.11609647699e-07, 8.2592876538e-08, 1.13760934006e-09, 3.68118686575e-12, 1.3596823667e-10, 5.54075862069e-14, 1.38944690629e-15]
        max: [1.23068693938e-05, 0.000149370927829, 0.00098988704849, 0.000803461065516, 0.00261630280875, 0.00152948487084, 0.00144362275023, 0.000892881129403, 0.00239599542692, 0.00101428828202, 0.000476663175505, 0.000845411908813, 0.000796043372247, 0.00162177102175, 0.0020183455199, 0.00314243603498, 0.00310457195155, 0.00576809002087, 0.00256485445425, 0.00264221173711, 0.00567830167711, 0.00222183694132, 0.00016071886057, 1.02231724668e-05, 5.74563237024e-05, 1.10632845463e-06, 7.9760133076e-07]
        mean: [5.53078280063e-07, 1.61598563864e-05, 5.90409399592e-05, 9.28466688492e-05, 0.000260009051999, 0.000189730708371, 0.000189588870853, 8.70959411259e-05, 0.000322982232319, 0.000135175316245, 0.000104722450487, 0.000108284235466, 0.000166857687873, 0.000223510796786, 0.000257173232967, 0.000346933724359, 0.00053944735555, 0.000926872191485, 0.000561785360333, 0.000498206878547, 0.000298788043438, 0.000138696530485, 1.98252728296e-05, 2.37270978687e-06, 4.01639726988e-06, 6.90402686132e-08, 2.25282570376e-09]
        min: [7.90263798844e-10, 5.22931387081e-08, 7.11708594281e-08, 6.96589026461e-08, 5.54223277049e-07, 6.27298220479e-07, 1.45823844377e-06, 1.77454001005e-06, 7.53967924538e-07, 3.2272598105e-07, 2.83941517409e-07, 1.08476149308e-06, 1.53433256855e-06, 3.30401894644e-06, 4.81305050926e-06, 4.44584293291e-06, 3.19247446896e-05, 2.3061347747e-05, 1.63106105902e-05, 1.82962994586e-05, 5.60602700261e-07, 2.63891422492e-07, 7.47434469872e-08, 1.1445951742e-08, 4.00051058946e-09, 2.45393733111e-10, 7.35733414296e-13]
        var: [7.3946832815e-13, 5.05906594395e-10, 1.21258718622e-08, 1.43262717245e-08, 8.07389497481e-08, 4.92452159051e-08, 3.62398182574e-08, 7.4980972542e-09, 1.13071784824e-07, 2.26836043282e-08, 7.12949388415e-09, 1.09245466007e-08, 1.95587421814e-08, 5.47024718855e-08, 8.508130378e-08, 1.50735644411e-07, 2.65746109562e-07, 9.45225338e-07, 1.28039133074e-07, 1.61864619486e-07, 1.83395812314e-07, 3.65961980719e-08, 4.01571748077e-10, 3.07767852002e-12, 4.61183903566e-11, 1.77952779194e-14, 1.47510258369e-15]
    mfcc:
        mean: [-678.748535156, 86.6533966064, -72.6340484619, 45.7790412903, -25.5609054565, -7.35635614395, -10.6876630783, -6.95566797256, -5.42381095886, -9.28763580322, -2.75972104073, -8.62216567993, -7.98685789108]
        cov: [[732.754638672, -182.445129395, 204.421417236, 63.3941955566, 141.126190186, 49.6929626465, 17.3442955017, -68.9337997437, 44.9203720093, -10.8371419907, -19.0417098999, 1.38757181168, -27.2183609009], [-182.445129395, 250.462387085, -37.1835746765, -24.8880615234, -13.2212228775, -7.35603141785, 32.5101776123, 16.0413379669, -16.792930603, 18.9898719788, 5.46820259094, 6.38687467575, 11.9128980637], [204.421417236, -37.1835746765, 274.491210938, 54.1622505188, 62.703327179, 97.9630432129, 55.0754585266, -13.589427948, 34.2058601379, -4.20118284225, 6.18492269516, 14.8892507553, 35.7879867554], [63.3941955566, -24.8880615234, 54.1622505188, 141.532318115, 50.598526001, -6.18084573746, -4.1967959404, -0.433724224567, 12.9133329391, 4.41875123978, -2.30973672867, 20.7457103729, 20.1135635376], [141.126190186, -13.2212228775, 62.703327179, 50.598526001, 186.451553345, 21.0670433044, 26.6774787903, 3.00123858452, 43.2380867004, 34.2278633118, -0.996860086918, 22.7490539551, 32.2303886414], [49.6929626465, -7.35603141785, 97.9630432129, -6.18084573746, 21.0670433044, 129.459854126, 63.4512023926, 14.2338819504, 38.1740074158, 26.391210556, 11.4618196487, 1.95557522774, 9.39190006256], [17.3442955017, 32.5101776123, 55.0754585266, -4.1967959404, 26.6774787903, 63.4512023926, 130.628555298, 31.4241771698, 24.0094852448, 29.9436683655, 11.7897806168, 14.5368375778, 16.0130348206], [-68.9337997437, 16.0413379669, -13.589427948, -0.433724224567, 3.00123858452, 14.2338819504, 31.4241771698, 79.2888641357, 40.217300415, 24.5361251831, 17.8892650604, 9.15232086182, 11.3170480728], [44.9203720093, -16.792930603, 34.2058601379, 12.9133329391, 43.2380867004, 38.1740074158, 24.0094852448, 40.217300415, 99.3431015015, 55.559677124, 10.6170949936, 6.53198289871, 7.96634340286], [-10.8371419907, 18.9898719788, -4.20118284225, 4.41875123978, 34.2278633118, 26.391210556, 29.9436683655, 24.5361251831, 55.559677124, 80.4752883911, 24.6248264313, 5.60725307465, 5.93972349167], [-19.0417098999, 5.46820259094, 6.18492269516, -2.30973672867, -0.996860086918, 11.4618196487, 11.7897806168, 17.8892650604, 10.6170949936, 24.6248264313, 55.1005363464, 21.180524826, 2.77896022797], [1.38757181168, 6.38687467575, 14.8892507553, 20.7457103729, 22.7490539551, 1.95557522774, 14.5368375778, 9.15232086182, 6.53198289871, 5.60725307465, 21.180524826, 54.0766677856, 32.7180633545], [-27.2183609009, 11.9128980637, 35.7879867554, 20.1135635376, 32.2303886414, 9.39190006256, 16.0130348206, 11.3170480728, 7.96634340286, 5.93972349167, 2.77896022797, 32.7180633545, 74.7730789185]]
        icov: [[0.00292575848289, 0.00152379530482, -0.0017161736032, 0.000128836880322, -0.00170956691727, 0.000693222566042, -0.000731666979846, 0.00226779468358, -0.00131149985828, 0.000643440231215, 0.000521508511156, -0.000997196882963, 0.0025778322015], [0.00152379530482, 0.0055119539611, -0.000770544400439, 0.000776630011387, -0.000589464092627, 0.000948193890508, -0.00145685556345, 5.58828614885e-05, 0.00180749967694, -0.00231909495778, 0.00124515988864, -0.00105931935832, 0.000683817081153], [-0.0017161736032, -0.000770544400439, 0.00866008363664, -0.00265850080177, -3.93303707824e-05, -0.00511206313968, -0.00159824825823, 0.00282596191391, -0.00329969520681, 0.00558359082788, -0.00393003504723, 0.00310261175036, -0.00466163316742], [0.000128836880322, 0.000776630011387, -0.00265850080177, 0.00931866001338, -0.0015479833819, 0.00219772080891, 0.00120080658235, -0.00132007780485, 0.000984034617431, -0.00215992378071, 0.00251945247874, -0.00372634362429, 0.000626366876531], [-0.00170956691727, -0.000589464092627, -3.93303707824e-05, -0.0015479833819, 0.00853938423097, 0.00035345426295, -0.000321982457535, -9.55678024184e-06, -0.000951981171966, -0.0032362351194, 0.00184695236385, -0.0013319888385, -0.00287531223148], [0.000693222566042, 0.000948193890508, -0.00511206313968, 0.00219772080891, 0.00035345426295, 0.0148215228692, -0.00472272792831, 0.000520809786394, -0.0024241914507, -0.00227046082728, -0.000411511253333, 0.0011105069425, 0.000843402754981], [-0.000731666979846, -0.00145685556345, -0.00159824825823, 0.00120080658235, -0.000321982457535, -0.00472272792831, 0.012998634018, -0.00590303819627, 0.00430685980245, -0.00492765940726, 0.00294336723164, -0.00356304971501, 0.000631673610769], [0.00226779468358, 5.58828614885e-05, 0.00282596191391, -0.00132007780485, -9.55678024184e-06, 0.000520809786394, -0.00590303819627, 0.0235818680376, -0.0129980267957, 0.00659739691764, -0.00739577226341, 0.00255849631503, -0.00253106467426], [-0.00131149985828, 0.00180749967694, -0.00329969520681, 0.000984034617431, -0.000951981171966, -0.0024241914507, 0.00430685980245, -0.0129980267957, 0.0269399452955, -0.018186526373, 0.00792374834418, -0.0040078246966, 0.00234268815257], [0.000643440231215, -0.00231909495778, 0.00558359082788, -0.00215992378071, -0.0032362351194, -0.00227046082728, -0.00492765940726, 0.00659739691764, -0.018186526373, 0.0321357026696, -0.0146027142182, 0.00772167602554, -0.00320199993439], [0.000521508511156, 0.00124515988864, -0.00393003504723, 0.00251945247874, 0.00184695236385, -0.000411511253333, 0.00294336723164, -0.00739577226341, 0.00792374834418, -0.0146027142182, 0.0316700823605, -0.0166487339884, 0.00736299995333], [-0.000997196882963, -0.00105931935832, 0.00310261175036, -0.00372634362429, -0.0013319888385, 0.0011105069425, -0.00356304971501, 0.00255849631503, -0.0040078246966, 0.00772167602554, -0.0166487339884, 0.0355318523943, -0.0149814812467], [0.0025778322015, 0.000683817081153, -0.00466163316742, 0.000626366876531, -0.00287531223148, 0.000843402754981, 0.000631673610769, -0.00253106467426, 0.00234268815257, -0.00320199993439, 0.00736299995333, -0.0149814812467, 0.0239336211234]]
    spectral_contrast:
        mean: [-1.63063759828e-07, -3.70094596747e-07, -3.81513046932e-07, -4.16898956246e-07, -2.85669131017e-07, -9.71347802192e-08, 1.54597819346e-06, -3.55652588269e-07, -7.65157324167e-08, -1.87699185972e-06, -3.35976142196e-06, -1.45213550695e-06]
        var: [0.000624890031759, 0.000754143693484, 0.0013553298777, 0.00193808192853, 0.00244298670441, 0.00383162102662, 0.0376654528081, 0.0623686499894, 0.101112142205, 0.143626227975, 0.344833135605, 0.716395378113]

rhythm:
    beats_loudness:
        dmean: 0.00308505701832
        dmean2: 0.00511051155627
        dvar: 4.37566859546e-06
        dvar2: 1.01953073681e-05
        max: 0.0131941447034
        mean: 0.00663982657716
        min: 0.00223266216926
        var: 7.29204111849e-06
    beats_loudness_bass:
        dmean: 0.023894732818
        dmean2: 0.0458789654076
        dvar: 0.00100083881989
        dvar2: 0.00267479801551
        max: 0.132777288556
        mean: 0.0241982117295
        min: 0.00105272256769
        var: 0.00087922567036
    bpm: 108.546180725
    bpm_confidence: 0
    first_peak_bpm: 109
    first_peak_spread: 0
    first_peak_weight: 0.555555582047
    onset_rate: 3.50744438171
    second_peak_bpm: 121
    second_peak_spread: 0
    second_peak_weight: 0.388888895512
    beats_position: [0.109455920756, 0.662238359451, 1.21502065659, 1.76780307293, 2.32058548927, 2.87336778641, 3.42615032196, 3.97893285751, 4.53171491623, 5.08449745178, 5.63727998734, 6.00883865356, 6.5064406395, 7.00404310226, 7.5016450882, 7.99924707413, 8.49685001373, 8.9944524765, 9.49205493927]
    bpm_estimates: [108.067398071, 108.533164978, 107.819038391, 109.205802917, 109.695205688, 107.956481934]
    bpm_intervals: [0.552782416344, 0.552782297134, 0.552782416344, 0.552782416344, 0.552782297134, 0.552782535553, 0.552782535553, 0.552782058716, 0.552782535553, 0.552782535553, 0.371558666229, 0.497601985931, 0.497602462769, 0.497601985931, 0.497601985931, 0.497602939606, 0.497602462769, 0.497602462769]
    onset_times: [0.0348299331963, 0.429569154978, 0.626938760281, 1.04489791393, 1.24226760864, 1.4164172411, 1.60217690468, 1.93886625767, 2.2523355484, 2.3916554451, 2.67029476166, 2.91410422325, 3.11147403717, 3.28562355042, 3.48299312592, 3.66875290871, 3.84290242195, 4.01705217361, 4.19120168686, 4.53950119019, 4.95746040344, 5.13160991669, 5.34058952332, 5.70049905777, 5.89786863327, 6.07201814651, 6.45514726639, 6.81505680084, 7.20979595184, 7.37233543396, 7.97605419159, 8.18503379822, 8.64943313599, 9.0093421936, 9.33442211151]
    rubato_start: [6.5064406395]
    rubato_stop: [9.49205493927]
    perceptual_tempo: "unknown"

sfx:
    inharmonicity:
        dmean: 0.0798611417413
        dmean2: 0.140891104937
        dvar: 0.00620541861281
        dvar2: 0.0169195812196
        max: 0.453249067068
        mean: 0.103904113173
        min: 0
        var: 0.00710273999721
    oddtoevenharmonicenergyratio:
        dmean: 4.48238945007
        dmean2: 8.47618770599
        dvar: 198.144332886
        dvar2: 568.64440918
        max: 138.67350769
        mean: 3.13128352165
        min: 0
        var: 114.476905823
    pitch_after_max_to_before_max_energy_ratio: 0.660513401031
    pitch_centroid: 181.37399292
    pitch_max_to_total: 0.453488379717
    pitch_min_to_total: 0.972093045712
    tristimulus:
        dmean: [0.135505780578, 0.291561931372, 0.181543201208]
        dmean2: [0.24049128592, 0.514074862003, 0.332009881735]
        dvar: [0.0214101914316, 0.0616375505924, 0.0241576619446]
        dvar2: [0.0620065853, 0.176211461425, 0.0691125616431]
        max: [1, 0.985996901989, 0.757937848568]
        mean: [0.211459472775, 0.514101266861, 0.172527760267]
        min: [0.00188418850303, 0, 0]
        var: [0.0220188498497, 0.0716306343675, 0.0292377453297]

tonal:
    chords_changes_rate: 0.0601851865649
    chords_number_rate: 0.0185185186565
    chords_strength:
        dmean: 0.0079024778679
        dmean2: 0.0089035090059
        dvar: 3.73298898921e-05
        dvar2: 5.78148210479e-05
        max: 0.606823205948
        mean: 0.507653474808
        min: 0.311022520065
        var: 0.00314508215524
    key_strength: 0.580679297447
    tuning_diatonic_strength: 0.57152068615
    tuning_equal_tempered_deviation: 0.113061703742
    tuning_frequency: 443.828887939
    tuning_nontempered_energy_ratio: 0.824816763401
    hpcp:
        dmean: [0.143757730722, 0.169215872884, 0.212550938129, 0.211706608534, 0.163784012198, 0.145124927163, 0.170083925128, 0.157776340842, 0.137843951583, 0.135937035084, 0.102459222078, 0.119571447372, 0.139235511422, 0.143140405416, 0.163518592715, 0.133161649108, 0.105781920254, 0.107991240919, 0.104040153325, 0.115984618664, 0.153519421816, 0.194324180484, 0.192469537258, 0.206271126866, 0.208389550447, 0.163488596678, 0.143979132175, 0.145560547709, 0.15744151175, 0.133788138628, 0.106816731393, 0.116697639227, 0.161190107465, 0.190799146891, 0.143142670393, 0.132212817669]
        dmean2: [0.234619945288, 0.272426128387, 0.325945138931, 0.323455750942, 0.257674217224, 0.232734680176, 0.270390123129, 0.258167147636, 0.223794862628, 0.218112379313, 0.166912555695, 0.193448022008, 0.2290468961, 0.233436197042, 0.270426392555, 0.214992314577, 0.171567738056, 0.173531591892, 0.170632958412, 0.188282355666, 0.245886951685, 0.311671853065, 0.314659833908, 0.344278126955, 0.339950680733, 0.278198808432, 0.240061745048, 0.247717365623, 0.263301461935, 0.21463252604, 0.17524074018, 0.188276648521, 0.260507255793, 0.310671538115, 0.231397360563, 0.219204157591]
        dvar: [0.0259314831346, 0.0247797854245, 0.0270250439644, 0.0330174602568, 0.0260571055114, 0.0211589187384, 0.0282886642963, 0.0224158316851, 0.0165796168149, 0.0182004403323, 0.0116187315434, 0.0160006675869, 0.0227807126939, 0.0225603524595, 0.0257435869426, 0.0115594323725, 0.0144017981365, 0.0177530497313, 0.0206545516849, 0.0175683442503, 0.0199111700058, 0.0301886498928, 0.0280175581574, 0.0393695086241, 0.0318993628025, 0.0291519835591, 0.0194522701204, 0.020291145891, 0.0244616549462, 0.0182997509837, 0.0141936941072, 0.0131257968023, 0.0241044890136, 0.0323503389955, 0.0218592341989, 0.0181040782481]
        dvar2: [0.0726071223617, 0.0634441152215, 0.0748351737857, 0.0688535869122, 0.0576346553862, 0.0540630072355, 0.0705358088017, 0.0535027720034, 0.0411170013249, 0.0517627485096, 0.0278524197638, 0.0354747511446, 0.0542760267854, 0.0610007531941, 0.064497217536, 0.0300631150603, 0.0311978757381, 0.0385645590723, 0.0439687408507, 0.0419845171273, 0.045923769474, 0.0720911547542, 0.0662839561701, 0.100479267538, 0.0691984370351, 0.0700841844082, 0.0512790158391, 0.0503269322217, 0.0563649982214, 0.0472846962512, 0.0402532927692, 0.0347880236804, 0.0586212053895, 0.0760786235332, 0.0470989942551, 0.0470822155476]
        max: [1, 1, 1, 1, 1, 1, 1, 1, 0.859053969383, 1, 1, 0.948690295219, 1, 1, 1, 0.742954730988, 1, 1, 1, 0.966132998466, 1, 1, 1, 1, 1, 1, 1, 1, 1, 1, 0.994653642178, 1, 1, 1, 1, 1]
        mean: [0.272597491741, 0.303623616695, 0.473520487547, 0.502418100834, 0.327636361122, 0.28625240922, 0.352092504501, 0.306570023298, 0.274019271135, 0.272795021534, 0.214505180717, 0.224274918437, 0.235978379846, 0.241324916482, 0.274700701237, 0.227843955159, 0.178546205163, 0.214579239488, 0.222680538893, 0.21193768084, 0.328426212072, 0.44685998559, 0.456620037556, 0.566415905952, 0.542242586613, 0.332503348589, 0.253163129091, 0.276627540588, 0.305264025927, 0.25839650631, 0.197983562946, 0.219838410616, 0.349215894938, 0.425508439541, 0.325429737568, 0.266852408648]
        min: [0.0231666434556, 0.0276368763298, 0.0638533309102, 0.0437710657716, 0.0365474373102, 0.0102955009788, 0.0113965654746, 0.0284834783524, 0.042701702565, 0.0237404610962, 0.0170851889998, 0.015784541145, 0.0215592887253, 0.024639878422, 0.0222974326462, 0.0140475360677, 0.0282091256231, 0.0154634099454, 0.0112311756238, 0.0134335169569, 0.00911070778966, 0.0122671090066, 0.058916348964, 0.0704812034965, 0.0406515337527, 0.0541499108076, 0.0187621060759, 0.0326642431319, 0.0286516360939, 0.0277038700879, 0.0296680610627, 0.0285302139819, 0.0383158177137, 0.0481852181256, 0.0530826337636, 0.0298307854682]
        var: [0.0403602048755, 0.044193033129, 0.0670380815864, 0.0838563144207, 0.0543828345835, 0.0426228120923, 0.0706420987844, 0.0428184196353, 0.0277732275426, 0.030839053914, 0.0204175356776, 0.0280753802508, 0.0368236117065, 0.032218515873, 0.0392364002764, 0.0205096825957, 0.0223566722125, 0.0395817346871, 0.0561989694834, 0.034167394042, 0.05938610062, 0.0857245028019, 0.0641105920076, 0.0792570412159, 0.0701451301575, 0.0548169948161, 0.0400262512267, 0.0344274677336, 0.0538651198149, 0.0436859540641, 0.0208306796849, 0.0204069130123, 0.0500266738236, 0.0825869441032, 0.0539557635784, 0.0366256088018]
    chords_histogram: [25, 0, 0, 0, 0, 0, 0, 68.055557251, 0, 1.38888883591, 0, 0, 0, 0, 0, 0, 0, 0, 0, 0, 0, 5.55555534363, 0, 0]
    thpcp: [1, 0.95732229948, 0.587030410767, 0.446956247091, 0.48838236928, 0.538939714432, 0.45619571209, 0.349537432194, 0.38812187314, 0.616536200047, 0.751229703426, 0.574542045593, 0.471124500036, 0.481267362833, 0.536043584347, 0.835994362831, 0.887012720108, 0.578437805176, 0.505374968052, 0.621614813805, 0.54124546051, 0.483777493238, 0.48161610961, 0.378706127405, 0.395954489708, 0.416616797447, 0.426056027412, 0.484980553389, 0.402255564928, 0.315221041441, 0.378836899996, 0.393139630556, 0.374173253775, 0.57983225584, 0.788925588131, 0.806156814098]
    chords_key: "A"
    chords_scale: "major"
    key_key: "A"
    key_scale: "minor"
    chords_progression: ["Am", "Am", "Am", "Am", "Am", "Am", "A", "Am", "Am", "Am", "Am", "Am", "Am", "Am", "Am", "Am", "Am", "Am", "Am", "Am", "Am", "Am", "Am", "Am", "Am", "Am", "Am", "Am", "Am", "Am", "Am", "Am", "Am", "A", "A", "A", "A", "A", "A", "A", "A", "A", "A", "A", "A", "A", "A", "A", "A", "A", "A", "A", "A", "A", "A", "A", "A", "A", "A", "A", "A", "A", "A", "A", "Am", "Am", "Am", "Am", "Am", "Am", "A", "A", "A", "A", "A", "A", "A", "A", "A", "A", "A", "A", "A", "A", "A", "A", "A", "A", "A", "A", "A", "A", "A#", "A#", "A#", "A#", "A#", "A#", "A#", "A#", "A#", "A#", "A#", "A#", "A", "A", "A", "A", "A", "A", "A", "A", "A", "A", "A", "A", "A", "A", "A", "A", "A", "A", "A", "A", "A", "A", "A", "A", "A", "A", "A", "A", "A", "A", "A", "A", "A", "A", "A", "A", "A", "A", "A", "A", "A", "A", "A", "A", "A", "A", "A", "A", "A", "A", "A", "A", "A", "A", "A", "A", "A", "A", "A", "A", "A", "A", "A", "A", "Am", "Am", "Am", "Am", "Am", "Am", "Am", "Am", "E", "E", "Am", "Am", "Am", "Am", "Am", "Am", "Am", "Am", "A", "A", "E", "A", "A", "A", "A", "A", "A", "A", "A", "A", "A", "A", "A", "A", "A", "A", "A", "A", "A", "A", "A", "A", "A", "A", "A", "A", "A", "A"]
