
metadata:
    version:
        essentia: "1.2.2"
    audio_properties:
        analysis_sample_rate: 44100
        bitrate: 128
        channels: 2
        equal_loudness: 1
        length: 10.0310201645
        replay_gain: -15.0579509735
        downmix: "mix"
    tags:
        track: 26
        year: 0
        album: "Splitted by Mp3Splt v. 2.1"
        artist: "From 004.10 To 004.20"
        comment: "http://mp3splt.sf.net"
        genre: ""
        title: "12 Run! Christian, Run!.mp3"

highlevel:
    ballroom:
        all:
            ChaChaCha: 0.0642634108663
            Jive: 0.271426290274
            Quickstep: 0.286153882742
            Rumba-American: 0.00512716686353
            Rumba-International: 0.0300770811737
            Rumba-Misc: 0.0227025803179
            Samba: 0.0667408853769
            Tango: 0.0221961233765
            VienneseWaltz: 0.205031171441
            Waltz: 0.0262813959271
        probability: 0.286153882742
        value: "Quickstep"
    culture:
        all:
            non_western: 0.614745020866
            western: 0.385254979134
        probability: 0.614745020866
        value: "non_western"
    gender:
        all:
            female: 0.316387563944
            male: 0.683612406254
        probability: 0.683612406254
        value: "male"
    genre_dortmund:
        all:
            alternative: 0.194516405463
            blues: 0.00920585822314
            electronic: 0.0194092094898
            folkcountry: 0.20819824934
            funksoulrnb: 0.0131124034524
            jazz: 0.0186730995774
            pop: 0.0969762802124
            raphiphop: 0.00165752728935
            rock: 0.43825095892
        probability: 0.43825095892
        value: "rock"
    genre_electronica:
        all:
            ambient: 0.463149368763
            dnb: 0.20852920413
            house: 0.0381374098361
            techno: 0.0177076160908
            trance: 0.272476404905
        probability: 0.463149368763
        value: "ambient"
    genre_rosamerica:
        all:
            cla: 0.0380744971335
            dan: 0.0317544750869
            hip: 0.00422194041312
            jaz: 0.00416061421856
            pop: 0.36394906044
            rhy: 0.0345336124301
            roc: 0.52118909359
            spe: 0.00211669038981
        probability: 0.52118909359
        value: "roc"
    genre_tzanetakis:
        all:
            blu: 0.00151228520554
            cla: 0.00604890845716
            cou: 0.285229712725
            dis: 0.0552593804896
            hip: 0.00118714105338
            jaz: 0.00887225847691
            met: 0.00672330427915
            pop: 0.0554051361978
            reg: 0.00399298546836
            roc: 0.575768887997
        probability: 0.575768887997
        value: "roc"
    live_studio:
        all:
            live: 0.893707633018
            studio: 0.10629235208
        probability: 0.893707633018
        value: "live"
    mood:
        all:
            Cluster1: 0.295079171658
            Cluster2: 0.254921764135
            Cluster3: 0.242805480957
            Cluster4: 0.0677249878645
            Cluster5: 0.139468580484
        probability: 0.295079171658
        value: "Cluster1"
    mood_acoustic:
        all:
            acoustic: 0.200887918472
            not_acoustic: 0.799112081528
        probability: 0.799112081528
        value: "not_acoustic"
    mood_aggressive:
        all:
            aggressive: 0.27907282114
            not_aggressive: 0.72092717886
        probability: 0.72092717886
        value: "not_aggressive"
    mood_electronic:
        all:
            electronic: 0.0399152822793
            not_electronic: 0.960084736347
        probability: 0.960084736347
        value: "not_electronic"
    mood_happy:
        all:
            happy: 0.759313225746
            not_happy: 0.240686744452
        probability: 0.759313225746
        value: "happy"
    mood_party:
        all:
            not_party: 0.760585427284
            party: 0.239414557815
        probability: 0.760585427284
        value: "not_party"
    mood_relaxed:
        all:
            not_relaxed: 0.835454165936
            relaxed: 0.164545848966
        probability: 0.835454165936
        value: "not_relaxed"
    mood_sad:
        all:
            not_sad: 0.437066197395
            sad: 0.562933802605
        probability: 0.562933802605
        value: "sad"
    rhythm:
        all:
            fast: 0.724393904209
            medium: 0.0339709930122
            slow: 0.241635128856
        probability: 0.724393904209
        value: "fast"
    speech_music:
        all:
            music: 0.998546183109
            speech: 0.00145380827598
        probability: 0.998546183109
        value: "music"
    timbre:
        all:
            bright: 0.95831823349
            dark: 0.0416817888618
        probability: 0.95831823349
        value: "bright"
    voice_instrumental:
        all:
            instrumental: 0.00484858779237
            voice: 0.995151400566
        probability: 0.995151400566
        value: "voice"

lowlevel:
    average_loudness: 0.947477459908
    barkbands_kurtosis:
        dmean: 0.630473911762
        dmean2: 1.03523230553
        dvar: 0.539837062359
        dvar2: 1.46502673626
        max: 4.82084655762
        mean: -0.03046502918
        min: -1.68161940575
        var: 2.20944786072
    barkbands_skewness:
        dmean: 0.278330773115
        dmean2: 0.435639679432
        dvar: 0.0586550757289
        dvar2: 0.148306757212
        max: 2.29431056976
        mean: 0.748534321785
        min: -1.2587583065
        var: 0.44333332777
    barkbands_spread:
        dmean: 3.54670095444
        dmean2: 5.53497123718
        dvar: 9.69843482971
        dvar2: 23.0041294098
        max: 57.2285194397
        mean: 26.3624362946
        min: 10.8045158386
        var: 72.5160522461
    dissonance:
        dmean: 0.0184453614056
        dmean2: 0.0303530432284
        dvar: 0.000229810801102
        dvar2: 0.000631889444776
        max: 0.500000059605
        mean: 0.457840502262
        min: 0.359418660402
        var: 0.000535535044037
    hfc:
        dmean: 1.12911295891
        dmean2: 1.50361919403
        dvar: 1.78835701942
        dvar2: 2.97823381424
        max: 23.1650829315
        mean: 6.01087713242
        min: 0.698382496834
        var: 21.7578372955
    pitch:
        dmean: 245.526260376
        dmean2: 467.704559326
        dvar: 474455.25
        dvar2: 1185454.25
        max: 4900
        mean: 436.539245605
        min: 73.2558135986
        var: 740603.6875
    pitch_instantaneous_confidence:
        dmean: 0.0641460344195
        dmean2: 0.105562649667
        dvar: 0.00326827960089
        dvar2: 0.00768486596644
        max: 0.776607275009
        mean: 0.391794770956
        min: 0.169417560101
        var: 0.0133840786293
    pitch_salience:
        dmean: 0.0500034354627
        dmean2: 0.0841268375516
        dvar: 0.00163349159993
        dvar2: 0.00438266666606
        max: 0.781326293945
        mean: 0.618631124496
        min: 0.444924294949
        var: 0.00468198349699
    silence_rate_20dB:
        dmean: 0
        dmean2: 0
        dvar: 0
        dvar2: 0
        max: 1
        mean: 1
        min: 1
        var: 0
    silence_rate_30dB:
        dmean: 0
        dmean2: 0
        dvar: 0
        dvar2: 0
        max: 1
        mean: 1
        min: 1
        var: 0
    silence_rate_60dB:
        dmean: 0.0881670564413
        dmean2: 0.174418598413
        dvar: 0.0803940817714
        dvar2: 0.162601307034
        max: 1
        mean: 0.377314805984
        min: 0
        var: 0.23494809866
    spectral_centroid:
        dmean: 160.944900513
        dmean2: 247.352890015
        dvar: 30737.7617188
        dvar2: 67803.7109375
        max: 3851.37524414
        mean: 1208.53918457
        min: 429.439147949
        var: 288794.75
    spectral_complexity:
        dmean: 2.43356633186
        dmean2: 3.70794391632
        dvar: 5.53696632385
        dvar2: 11.7161016464
        max: 35
        mean: 13.9232559204
        min: 3
        var: 36.6243553162
    spectral_crest:
        dmean: 1.78736758232
        dmean2: 2.98584604263
        dvar: 2.34897518158
        dvar2: 6.29509687424
        max: 17.4986152649
        mean: 6.9803647995
        min: 2.58852148056
        var: 5.93123626709
    spectral_decrease:
        dmean: 2.09676456753e-10
        dmean2: 3.21404736159e-10
        dvar: 6.31176159752e-20
        dvar2: 1.31685279437e-19
        max: -1.89749438384e-10
        mean: -1.08798137166e-09
        min: -3.43450334839e-09
        var: 3.31172356487e-19
    spectral_energy:
        dmean: 0.000863074499648
        dmean2: 0.00130331749097
        dvar: 1.0594012565e-06
        dvar2: 2.13001430893e-06
        max: 0.0146276941523
        mean: 0.00465149758384
        min: 0.000786815478932
        var: 6.36005415799e-06
    spectral_energyband_high:
        dmean: 7.12404653314e-05
        dmean2: 0.000106688770757
        dvar: 1.76178023281e-08
        dvar2: 3.14784571742e-08
        max: 0.00287946918979
        mean: 0.000271775992587
        min: 3.85832390748e-06
        var: 1.79682075441e-07
    spectral_energyband_low:
        dmean: 0.000101887490018
        dmean2: 0.000175133114681
        dvar: 3.38780132836e-08
        dvar2: 9.7822479006e-08
        max: 0.00158962793648
        mean: 0.000229785655392
        min: 1.0058263797e-05
        var: 4.99069052751e-08
    spectral_energyband_middle_high:
        dmean: 0.00040870893281
        dmean2: 0.000554657308385
        dvar: 1.97166855287e-07
        dvar2: 4.02367277275e-07
        max: 0.00745665282011
        mean: 0.00171011814382
        min: 0.000120032193081
        var: 1.97796475732e-06
    spectral_energyband_middle_low:
        dmean: 0.00069831404835
        dmean2: 0.00112031539902
        dvar: 7.20346804428e-07
        dvar2: 1.72703562384e-06
        max: 0.00925105903298
        mean: 0.00243981764652
        min: 0.000419625896029
        var: 2.11931023841e-06
    spectral_flatness_db:
        dmean: 0.013387340121
        dmean2: 0.0211900603026
        dvar: 0.000129640116938
        dvar2: 0.000289319490548
        max: 0.23404084146
        mean: 0.152221336961
        min: 0.0744902044535
        var: 0.000911152863409
    spectral_flux:
        dmean: 0.0066297003068
        dmean2: 0.0100702065974
        dvar: 4.58287759102e-05
        dvar2: 9.83038626146e-05
        max: 0.0866958200932
        mean: 0.0336705297232
        min: 0.00770128658041
        var: 0.000197874338483
    spectral_kurtosis:
        dmean: 1.28993213177
        dmean2: 2.11568808556
        dvar: 2.83708047867
        dvar2: 7.10312128067
        max: 18.5543708801
        mean: 4.82460069656
        min: -0.0654125213623
        var: 8.13686752319
    spectral_rms:
        dmean: 0.000197710600332
        dmean2: 0.000293823250104
        dvar: 4.72789807304e-08
        dvar2: 8.79211015103e-08
        max: 0.003777687205
        mean: 0.00205165194348
        min: 0.000876142003108
        var: 3.28766134317e-07
    spectral_rolloff:
        dmean: 382.477416992
        dmean2: 649.719116211
        dvar: 197572.203125
        dvar2: 482740.875
        max: 5878.56445312
        mean: 2435.05517578
        min: 559.86328125
        var: 1194739.375
    spectral_skewness:
        dmean: 0.155929535627
        dmean2: 0.238457530737
        dvar: 0.0238157976419
        dvar2: 0.0552409738302
        max: 3.19525313377
        mean: 1.68628799915
        min: 0.346577942371
        var: 0.184849992394
    spectral_spread:
        dmean: 454531.28125
        dmean2: 637481.9375
        dvar: 316561293312
        dvar2: 514480734208
        max: 10754728
        mean: 4695017
        min: 2126039.25
        var: 2.20225942323e+12
    spectral_strongpeak:
        dmean: 0.341768234968
        dmean2: 0.583066046238
        dvar: 0.345961123705
        dvar2: 0.852850139141
        max: 4.89952325821
        mean: 0.592071473598
        min: 0.0293211117387
        var: 0.454879045486
    zerocrossingrate:
        dmean: 0.0066117150709
        dmean2: 0.00778854219243
        dvar: 3.89342130802e-05
        dvar2: 4.368408554e-05
        max: 0.19775390625
        mean: 0.0751510262489
        min: 0.01708984375
        var: 0.000722453580238
    barkbands:
        dmean: [5.00300743056e-08, 3.82675025321e-05, 7.19955132809e-05, 0.00016794714611, 0.000168571685208, 0.000363047060091, 0.000163823468029, 0.000136822156492, 0.000202899755095, 0.000139859883348, 4.52976091765e-05, 7.58051610319e-05, 9.20475722523e-05, 6.1311526224e-05, 6.17140540271e-05, 5.62996428926e-05, 6.19689526502e-05, 5.59104882996e-05, 0.000133872235892, 6.98520016158e-05, 3.68886467186e-05, 2.27801829169e-05, 3.04736181533e-06, 1.87697980891e-06, 1.09843404061e-06, 6.79047360563e-08, 4.56155696549e-10]
        dmean2: [7.49700106439e-08, 6.79248914821e-05, 0.000122193494462, 0.000278811174212, 0.000274145946605, 0.000608030648436, 0.000261357723502, 0.000202977607842, 0.000316182529787, 0.000216464730329, 6.61352823954e-05, 0.00011202848691, 0.000147849743371, 9.34037307161e-05, 9.36661235755e-05, 8.67155395099e-05, 9.61735131568e-05, 8.90938172233e-05, 0.000204220690648, 0.000112067427835, 5.6233478972e-05, 3.37808669428e-05, 4.32683100371e-06, 2.62119397121e-06, 1.60655372383e-06, 1.10236356932e-07, 7.73403396881e-10]
        dvar: [2.8574151644e-14, 9.90985782323e-09, 1.74468492986e-08, 1.09224060907e-07, 5.11207858267e-08, 2.36699946754e-07, 7.47954373992e-08, 5.97408487124e-08, 7.69412764612e-08, 6.89932875275e-08, 4.02276523204e-09, 1.32213076043e-08, 2.06692618576e-08, 1.30800250631e-08, 8.76695160912e-09, 7.13511827399e-09, 7.05959690706e-09, 7.34100247257e-09, 3.67014614255e-08, 1.33770656774e-08, 5.33183541762e-09, 2.54048271309e-09, 8.292826148e-11, 3.01294891814e-11, 8.39722302109e-12, 3.45178800907e-14, 7.39763648431e-19]
        dvar2: [6.02777037811e-14, 3.02031608612e-08, 4.94304259746e-08, 2.97693844686e-07, 1.3881481209e-07, 6.27048564183e-07, 1.795919502e-07, 1.23415119901e-07, 1.86372247413e-07, 1.63994940294e-07, 7.21362658496e-09, 3.05331511186e-08, 4.84961759639e-08, 2.97757267731e-08, 1.50730450343e-08, 1.61014739319e-08, 1.58382302828e-08, 1.81833801349e-08, 7.59819087648e-08, 3.24062554569e-08, 1.21704664124e-08, 5.76145486875e-09, 1.73012840166e-10, 4.71591793394e-11, 1.25857952532e-11, 8.70341464372e-14, 1.89691043304e-18]
        max: [1.71809404037e-06, 0.000915760989301, 0.00134369451553, 0.00330368662253, 0.00219174614176, 0.00524486787617, 0.00327677186579, 0.00237256707624, 0.00273117725737, 0.00295663136058, 0.000848956871778, 0.00150187755935, 0.00163203757256, 0.00113084714394, 0.0017281032633, 0.00138877728023, 0.000956886273343, 0.00105444376823, 0.00290379836224, 0.00153746537399, 0.00140933168586, 0.000818542263005, 0.000209363366594, 0.00013848306844, 6.42240702291e-05, 3.27307338921e-06, 8.67074678723e-09]
        mean: [6.931812635e-08, 7.95608139015e-05, 0.000150157342432, 0.000277497543721, 0.000339738151524, 0.000738056842238, 0.00037212195457, 0.00023973340285, 0.000446324236691, 0.00026110681938, 8.02955764811e-05, 0.000161156509421, 0.000196950844838, 9.83646168606e-05, 0.000128712767037, 0.000109890912427, 0.00014781736536, 0.000128150029923, 0.000336089375196, 0.000170158411493, 0.000107345207653, 6.59251527395e-05, 7.89617388364e-06, 5.24672441315e-06, 3.00869555758e-06, 1.25162600284e-07, 5.23187881907e-10]
        min: [2.33944877359e-11, 3.18863641269e-07, 1.11779877443e-06, 2.69797646979e-06, 9.20439197216e-06, 2.4758548534e-05, 5.0499165809e-06, 1.55932866619e-06, 1.14958720587e-06, 2.02110322789e-06, 3.86982549117e-07, 7.99249028205e-06, 1.692783826e-06, 1.99722580874e-06, 6.51992650091e-06, 1.44178397932e-06, 8.53303481563e-06, 2.49651998274e-06, 5.66764947507e-06, 2.20052561417e-06, 1.85314479495e-06, 2.11751867596e-07, 5.84157398009e-08, 9.24567356009e-09, 6.16394535413e-09, 5.92877760774e-11, 3.86456491808e-13]
        var: [3.73358130165e-14, 8.43197778266e-09, 3.55075968628e-08, 1.33538719638e-07, 8.60999236352e-08, 5.66655444345e-07, 1.71805339733e-07, 1.26171144643e-07, 2.19864901396e-07, 2.16436134792e-07, 1.23915313566e-08, 4.38590284091e-08, 7.91416567836e-08, 2.34386678954e-08, 3.06045713216e-08, 2.3968278029e-08, 2.4532866405e-08, 1.78014438745e-08, 1.87591766121e-07, 4.66750655903e-08, 3.47184574423e-08, 1.32238762163e-08, 4.7663745173e-10, 2.279901129e-10, 5.12533175623e-11, 1.0107788494e-13, 8.52653587818e-19]
    mfcc:
        mean: [-706.820800781, 130.699905396, -42.6418075562, 43.3104782104, -22.062877655, -7.55304813385, -2.32943701744, -9.5620059967, -4.72356462479, -6.5287065506, 0.710480988026, -5.13887166977, -2.77745699883]
        cov: [[2093.27612305, -1063.93408203, 144.585662842, -245.933349609, -249.541885376, 85.3806381226, -51.9596977234, -2.78812861443, 2.36465382576, 46.5767440796, 152.016403198, -122.92830658, -21.1155948639], [-1063.93408203, 1052.4185791, -325.177825928, 89.1401977539, 36.1728897095, -92.5254898071, 56.862865448, 43.6251831055, -3.88203191757, -12.6417255402, -8.03790187836, 27.0811347961, 9.17702388763], [144.585662842, -325.177825928, 373.532958984, 25.2164573669, 22.1370239258, 39.178855896, -18.0887584686, -62.2215805054, -9.1585111618, -11.1295928955, -35.4688148499, 47.5971679688, 32.0948791504], [-245.933349609, 89.1401977539, 25.2164573669, 145.929092407, 42.020690918, -20.2307186127, -17.7809009552, -35.7722702026, -16.0227680206, -5.01346063614, -33.8193321228, 27.7059936523, 27.3638381958], [-249.541885376, 36.1728897095, 22.1370239258, 42.020690918, 223.994049072, 6.20035171509, -29.0164165497, -6.4364657402, 44.9233055115, -1.40298962593, -82.7836914062, 14.0577764511, -3.04259705544], [85.3806381226, -92.5254898071, 39.178855896, -20.2307186127, 6.20035171509, 123.709342957, 29.4479961395, 20.5987548828, 16.7870960236, -3.56046652794, 17.5682849884, 3.2807905674, -4.16297578812], [-51.9596977234, 56.862865448, -18.0887584686, -17.7809009552, -29.0164165497, 29.4479961395, 75.5359725952, 33.7952423096, -3.84374833107, -1.16730153561, 21.2250881195, 7.81129932404, 1.65517556667], [-2.78812861443, 43.6251831055, -62.2215805054, -35.7722702026, -6.4364657402, 20.5987548828, 33.7952423096, 80.0414733887, 23.7193145752, 2.60918188095, 22.208158493, -11.8160924911, -6.30006694794], [2.36465382576, -3.88203191757, -9.1585111618, -16.0227680206, 44.9233055115, 16.7870960236, -3.84374833107, 23.7193145752, 66.0378112793, 15.9706954956, -13.9276895523, -10.6506071091, -6.17635536194], [46.5767440796, -12.6417255402, -11.1295928955, -5.01346063614, -1.40298962593, -3.56046652794, -1.16730153561, 2.60918188095, 15.9706954956, 50.4201011658, 20.6816291809, -7.05474281311, -4.86885643005], [152.016403198, -8.03790187836, -35.4688148499, -33.8193321228, -82.7836914062, 17.5682849884, 21.2250881195, 22.208158493, -13.9276895523, 20.6816291809, 96.0298538208, -4.82482528687, -4.15513849258], [-122.92830658, 27.0811347961, 47.5971679688, 27.7059936523, 14.0577764511, 3.2807905674, 7.81129932404, -11.8160924911, -10.6506071091, -7.05474281311, -4.82482528687, 90.8805084229, 28.819940567], [-21.1155948639, 9.17702388763, 32.0948791504, 27.3638381958, -3.04259705544, -4.16297578812, 1.65517556667, -6.30006694794, -6.17635536194, -4.86885643005, -4.15513849258, 28.819940567, 58.1194419861]]
        icov: [[0.00181204418186, 0.00175681349356, 0.000612780684605, 0.00142986641731, 0.000981579883955, -2.79896339634e-05, 0.00078972580377, 0.000667805201374, -0.000605685287155, -7.36671645427e-05, -0.00153420912102, 0.00131275353488, -0.0013625647407], [0.00175681349356, 0.00346792396158, 0.00215543899685, 0.000237773230765, 0.000558894942515, 0.00117169565056, -0.00106749718543, 0.000893983000424, -0.0011530771153, 0.000763085321523, -0.00168126297649, 0.000498720095493, -0.00139715976547], [0.000612780684605, 0.00215543899685, 0.00529748992994, 3.28484129568e-05, 0.000243645423325, -0.000801595742814, -0.00100011529867, 0.00329397176392, -0.000770423153881, 0.000496318098158, 0.000615759578068, -0.00148424354848, -0.00197796244174], [0.00142986641731, 0.000237773230765, 3.28484129568e-05, 0.0113928159699, -0.00048016133951, -0.000628480920568, 0.00211710995063, 0.00301854941063, 0.00251269806176, -0.00185155437794, 0.000893861229997, 0.000372873735614, -0.00471248757094], [0.000981579883955, 0.000558894942515, 0.000243645423325, -0.00048016133951, 0.00886708684266, -0.0017371638678, 0.00295990798622, -0.000959346129093, -0.00357700628228, -0.00182487256825, 0.00580424629152, -0.00105075235479, 0.000914378848393], [-2.79896339634e-05, 0.00117169565056, -0.000801595742814, -0.000628480920568, -0.0017371638678, 0.0118238572031, -0.00541784614325, -0.000168317288626, -0.00400180136785, 0.00380085315555, -0.00416088337079, -0.000251249963185, 0.00115566002205], [0.00078972580377, -0.00106749718543, -0.00100011529867, 0.00211710995063, 0.00295990798622, -0.00541784614325, 0.0221036300063, -0.00863930676132, 0.00446053175256, -0.00233388226479, 0.000738279020879, -0.00139772635885, -0.000763725780416], [0.000667805201374, 0.000893983000424, 0.00329397176392, 0.00301854941063, -0.000959346129093, -0.000168317288626, -0.00863930676132, 0.0236915238202, -0.00920540932566, 0.00429321173579, -0.00534092914313, 0.00163713633083, -0.00219910731539], [-0.000605685287155, -0.0011530771153, -0.000770423153881, 0.00251269806176, -0.00357700628228, -0.00400180136785, 0.00446053175256, -0.00920540932566, 0.0266040973365, -0.0103951329365, 0.00638376036659, 0.00109554978553, -0.000524829258211], [-7.36671645427e-05, 0.000763085321523, 0.000496318098158, -0.00185155437794, -0.00182487256825, 0.00380085315555, -0.00233388226479, 0.00429321173579, -0.0103951329365, 0.0277681350708, -0.0104255173355, 0.000885949586518, 0.00119583983906], [-0.00153420912102, -0.00168126297649, 0.000615759578068, 0.000893861229997, 0.00580424629152, -0.00416088337079, 0.000738279020879, -0.00534092914313, 0.00638376036659, -0.0104255173355, 0.0231599472463, -0.00290393736213, 0.00125381967518], [0.00131275353488, 0.000498720095493, -0.00148424354848, 0.000372873735614, -0.00105075235479, -0.000251249963185, -0.00139772635885, 0.00163713633083, 0.00109554978553, 0.000885949586518, -0.00290393736213, 0.0159844793379, -0.00675672711805], [-0.0013625647407, -0.00139715976547, -0.00197796244174, -0.00471248757094, 0.000914378848393, 0.00115566002205, -0.000763725780416, -0.00219910731539, -0.000524829258211, 0.00119583983906, 0.00125381967518, -0.00675672711805, 0.0236410796642]]
    spectral_contrast:
        mean: [2.59366828459e-07, 1.39728712156e-07, -3.80887115625e-07, -2.49334533464e-07, -4.0189817696e-07, 4.22638521513e-07, 8.6814856104e-07, -3.36939507406e-07, -4.02262031685e-07, 2.80550739262e-06, 8.98505390978e-07, 1.02686328773e-06]
        var: [0.000441047974164, 0.000785009062383, 0.000907217967324, 0.00214306358248, 0.00263222842477, 0.00389539264143, 0.040321636945, 0.0973610877991, 0.158813625574, 0.223384603858, 0.392588675022, 1.69805264473]

rhythm:
    beats_loudness:
        dmean: 0.00210137874819
        dmean2: 0.0038703312166
        dvar: 4.3125846787e-06
        dvar2: 1.39796320582e-05
        max: 0.010807223618
        mean: 0.00515374261886
        min: 0.00208140304312
        var: 5.83889823247e-06
    beats_loudness_bass:
        dmean: 0.0690459683537
        dmean2: 0.117130376399
        dvar: 0.00395970093086
        dvar2: 0.0112023511901
        max: 0.337445110083
        mean: 0.0937329232693
        min: 0.0135702360421
        var: 0.00598742021248
    bpm: 121.610191345
    bpm_confidence: 0
    first_peak_bpm: 122
    first_peak_spread: 0
    first_peak_weight: 0.523809552193
    onset_rate: 3.0904135704
    second_peak_bpm: 139
    second_peak_spread: 0
    second_peak_weight: 0.428571432829
    beats_position: [0.21186684072, 0.705267250538, 1.19866764545, 1.69206809998, 2.18546843529, 2.67886900902, 3.17226934433, 3.66566967964, 4.15907001495, 4.65247011185, 5.14587020874, 5.63927078247, 5.96149587631, 6.39313602448, 6.82477664948, 7.2564163208, 7.6880569458, 8.11969661713, 8.55133724213, 8.98297786713, 9.41461753845, 9.84625720978]
    bpm_estimates: [121.316963196, 122.069229126, 122.590751648, 120.268836975, 121.805175781]
    bpm_intervals: [0.493400394917, 0.493400394917, 0.493400454521, 0.493400335312, 0.49340057373, 0.493400335312, 0.493400335312, 0.493400335312, 0.493400096893, 0.493400096893, 0.49340057373, 0.322225093842, 0.431640148163, 0.431640625, 0.431639671326, 0.431640625, 0.431639671326, 0.431640625, 0.431640625, 0.431639671326, 0.431639671326]
    onset_times: [0.0580498874187, 0.162539675832, 0.429569154978, 0.882358253002, 1.17260766029, 1.43963718414, 1.66022670269, 1.91564631462, 2.18267583847, 2.33360552788, 2.41487526894, 2.65868473053, 2.91410422325, 3.39011335373, 4.26086187363, 4.65560102463, 4.88780021667, 5.35219955444, 5.59600925446, 5.70049905777, 6.37387752533, 7.10530614853, 7.67419481277, 8.25469398499, 8.44045352936, 8.60299301147, 8.88163280487, 8.97451210022, 9.0093421936, 9.32281208038, 9.82204055786]
    rubato_start: [6.39313602448]
    rubato_stop: [9.84625720978]
    perceptual_tempo: "unknown"

sfx:
    inharmonicity:
        dmean: 0.0458423495293
        dmean2: 0.0824623405933
        dvar: 0.00256927032024
        dvar2: 0.00729064829648
        max: 0.313466519117
        mean: 0.0456745885313
        min: 0
        var: 0.00257670856081
    oddtoevenharmonicenergyratio:
        dmean: 1.91580879688
        dmean2: 3.5991089344
        dvar: 19.6489868164
        dvar2: 57.4586677551
        max: 45.170589447
        mean: 1.43653261662
        min: 0
        var: 11.6812791824
    pitch_after_max_to_before_max_energy_ratio: 1.05556631088
    pitch_centroid: 238.743850708
    pitch_max_to_total: 0.730232536793
    pitch_min_to_total: 0.958139538765
    tristimulus:
        dmean: [0.196017965674, 0.200043454766, 0.10603236407]
        dmean2: [0.341881006956, 0.353051811457, 0.187357842922]
        dvar: [0.0305539928377, 0.0333851054311, 0.0114547852427]
        dvar2: [0.0894294157624, 0.0975633785129, 0.034061640501]
        max: [1, 0.99159860611, 0.728939116001]
        mean: [0.383511930704, 0.480688005686, 0.113872617483]
        min: [0.00137768278364, 0, 0]
        var: [0.0461642183363, 0.046616435051, 0.0152828106657]

tonal:
    chords_changes_rate: 0.0694444477558
    chords_number_rate: 0.0185185186565
    chords_strength:
        dmean: 0.00791510101408
        dmean2: 0.00813554879278
        dvar: 4.98028421134e-05
        dvar2: 4.21456934419e-05
        max: 0.716480433941
        mean: 0.494849145412
        min: 0.303079426289
        var: 0.0128641808406
    key_strength: 0.786672890186
    tuning_diatonic_strength: 0.607838630676
    tuning_equal_tempered_deviation: 0.0242443885654
    tuning_frequency: 440.508575439
    tuning_nontempered_energy_ratio: 0.639520525932
    hpcp:
        dmean: [0.170853242278, 0.163017198443, 0.10035443306, 0.0570571683347, 0.0527992397547, 0.0897132083774, 0.122266769409, 0.10200561583, 0.0575259402394, 0.0462058670819, 0.0550688281655, 0.09224960953, 0.13046951592, 0.119385845959, 0.137275829911, 0.166459783912, 0.151962578297, 0.0988701805472, 0.0703022032976, 0.0943915396929, 0.193030908704, 0.175513997674, 0.156987294555, 0.0910395532846, 0.0766552761197, 0.103203952312, 0.189191937447, 0.193412974477, 0.140002638102, 0.0989414006472, 0.119058899581, 0.0911168381572, 0.0823503807187, 0.0920883342624, 0.104733638465, 0.170214518905]
        dmean2: [0.286662995815, 0.267438858747, 0.170966908336, 0.100412040949, 0.0929265841842, 0.14848728478, 0.199610322714, 0.163252800703, 0.0980801954865, 0.0786495804787, 0.093596957624, 0.159301459789, 0.218044802547, 0.205549895763, 0.231890082359, 0.285718470812, 0.254757732153, 0.176213562489, 0.124762572348, 0.155335620046, 0.33162394166, 0.29391464591, 0.264161199331, 0.15557064116, 0.137770503759, 0.178470864892, 0.327822417021, 0.330854743719, 0.215760827065, 0.160311073065, 0.196416601539, 0.158936485648, 0.13638164103, 0.140416905284, 0.172982558608, 0.285027742386]
        dvar: [0.0297167319804, 0.0275374818593, 0.0250262320042, 0.0100562293082, 0.00983129907399, 0.0149963228032, 0.0253330543637, 0.0178947560489, 0.0128764631227, 0.00775888375938, 0.0123059945181, 0.0176033228636, 0.0241942908615, 0.0215041507035, 0.0242903847247, 0.0353819988668, 0.0400081202388, 0.0378080382943, 0.0156273171306, 0.0163845792413, 0.0462324880064, 0.0422527827322, 0.03732740134, 0.0302086379379, 0.0243257042021, 0.026292739436, 0.0566489361227, 0.0555620752275, 0.0245757754892, 0.0151377823204, 0.0281598716974, 0.0214717835188, 0.0231788884848, 0.0245782956481, 0.0193348824978, 0.0339444577694]
        dvar2: [0.0724699571729, 0.0699132531881, 0.0639197826385, 0.0261206515133, 0.026782412082, 0.0398982651532, 0.0564800947905, 0.0465907379985, 0.035922434181, 0.0205942131579, 0.0322170369327, 0.0487494468689, 0.0649672076106, 0.0541641972959, 0.0678974688053, 0.0826626420021, 0.0999567806721, 0.105073332787, 0.037934307009, 0.0387864038348, 0.121876657009, 0.0980282276869, 0.102981753647, 0.0804227814078, 0.05690683797, 0.0621551238, 0.156527921557, 0.135753959417, 0.0555722750723, 0.040340743959, 0.0703074857593, 0.0595960840583, 0.060211699456, 0.0568678230047, 0.05172277987, 0.078950971365]
        max: [1, 1, 1, 0.712979793549, 0.616762876511, 1, 1, 1, 0.850015223026, 0.54199808836, 0.846554934978, 0.951165914536, 1, 1, 1, 1, 1, 1, 0.8532730937, 0.731644511223, 1, 1, 1, 1, 1, 1, 1, 1, 1, 0.79182600975, 1, 1, 1, 1, 0.897123932838, 1]
        mean: [0.446524679661, 0.274858474731, 0.109230607748, 0.0702742412686, 0.0657160803676, 0.164092794061, 0.257839202881, 0.171259492636, 0.0694862380624, 0.0524348057806, 0.0597668364644, 0.133751451969, 0.212051853538, 0.180111005902, 0.228256329894, 0.326202332973, 0.226607605815, 0.111305847764, 0.0803778469563, 0.107328802347, 0.358924120665, 0.531813085079, 0.298467755318, 0.0868859887123, 0.0736925154924, 0.114575728774, 0.306049019098, 0.404530286789, 0.219834312797, 0.124970279634, 0.158448666334, 0.11972618103, 0.108508020639, 0.129656597972, 0.130450695753, 0.306455165148]
        min: [0.0228958278894, 0.0178458504379, 0.00362372025847, 0.00174038344994, 0.00167765840888, 0.00193536351435, 0.00352358818054, 0.00659197894856, 0.0019252843922, 0.00181524490472, 0.00149895704817, 0.015199531801, 0.00829380843788, 0.00581782450899, 0.0122725563124, 0.012658865191, 0.00547923566774, 0.00284555484541, 0.000490515667479, 0.00198598741554, 0.0291413422674, 0.0340588390827, 0.00847416277975, 0.000762512732763, 0.000252144585829, 0.00141018955037, 0.00471907714382, 0.00530457450077, 0.00270357611589, 0.00271680578589, 0.00171205308288, 0.00107821135316, 0.00138544919901, 0.00157865462825, 0.00589715316892, 0.0129044419155]
        var: [0.0925207585096, 0.0419982261956, 0.0242868587375, 0.00955347809941, 0.00962435360998, 0.032079551369, 0.0704583600163, 0.031621735543, 0.00991902220994, 0.00737808272243, 0.0123675232753, 0.0224127564579, 0.0432350225747, 0.0371399112046, 0.0451334379613, 0.0872120335698, 0.0623463653028, 0.0375840216875, 0.0164418071508, 0.0186652541161, 0.0735231861472, 0.125213593245, 0.0612680204213, 0.0241803862154, 0.0235171634704, 0.0345912724733, 0.0920629948378, 0.124341107905, 0.0442979894578, 0.0206460673362, 0.0458179488778, 0.0272607654333, 0.0249562021345, 0.0308078415692, 0.0199823603034, 0.060003452003]
    chords_histogram: [36.1111106873, 0, 0, 0, 0, 0, 0, 0, 0, 0, 0, 0, 0, 0, 0, 0, 0, 0.925925910473, 0, 19.9074077606, 0, 1.85185182095, 41.203704834, 0]
    thpcp: [1, 0.561226785183, 0.163376927376, 0.13856844604, 0.215443611145, 0.575482308865, 0.760662555695, 0.413367629051, 0.234989106655, 0.297940522432, 0.225128307939, 0.204034134746, 0.24380107224, 0.245294257998, 0.576246023178, 0.839627087116, 0.516832828522, 0.205392852426, 0.132140859962, 0.123569883406, 0.308553516865, 0.484830498695, 0.322029471397, 0.130659133196, 0.0985963046551, 0.112383164465, 0.251500874758, 0.398733794689, 0.338673502207, 0.429204046726, 0.613377809525, 0.42610386014, 0.20929504931, 0.15113927424, 0.201816782355, 0.674906551838]
    chords_key: "D"
    chords_scale: "major"
    key_key: "A"
    key_scale: "major"
    chords_progression: ["A", "A", "A", "A", "A", "A", "A", "A", "A", "A", "A", "A", "A", "A", "A", "A", "A", "A", "A", "A", "A", "A", "A", "A", "A", "A", "A", "A", "A", "A", "A", "A", "A", "A", "A", "A", "A", "A", "A", "A", "A", "A", "A", "A", "A", "A", "A", "A", "A", "A", "A", "A", "A", "A", "A", "A", "A", "Am", "Am", "A", "D", "D", "D", "D", "D", "A", "A", "A", "A", "A", "D", "D", "D", "A", "A", "A", "A", "Em", "A", "A", "Em", "Em", "Em", "Em", "Em", "Em", "Em", "Em", "Em", "Em", "Em", "Em", "Em", "Em", "Em", "Em", "Em", "Em", "Em", "Em", "Em", "Em", "Em", "Em", "Em", "Em", "Em", "Em", "Em", "Em", "Em", "Em", "Em", "Em", "Em", "Em", "Em", "Em", "Em", "Em", "Em", "Em", "Bm", "Bm", "Bm", "Bm", "D", "D", "D", "D", "D", "D", "D", "A", "A", "A", "A", "D", "A", "A", "A", "A", "A", "D", "D", "D", "D", "D", "D", "D", "D", "D", "D", "D", "D", "D", "D", "D", "D", "D", "D", "D", "D", "D", "D", "D", "D", "D", "D", "D", "D", "D", "D", "D", "D", "D", "D", "D", "D", "D", "D", "D", "D", "D", "D", "D", "D", "D", "D", "D", "D", "D", "D", "D", "D", "D", "D", "D", "D", "D", "D", "D", "D", "D", "D", "D", "D", "D", "D", "D", "D", "D", "D", "D", "D", "D"]
