
metadata:
    version:
        essentia: "1.2.2"
    audio_properties:
        analysis_sample_rate: 44100
        bitrate: 128
        channels: 2
        equal_loudness: 1
        length: 10.0310201645
        replay_gain: -3.4382724762
        downmix: "mix"
    tags:
        track: 12
        year: 0
        album: "Splitted by Mp3Splt v. 2.1"
        artist: "From 001.50 To 002.00"
        comment: "http://mp3splt.sf.net"
        genre: ""
        title: "02 Alive in Japan.mp3"

highlevel:
    ballroom:
        all:
            ChaChaCha: 0.0432328656316
            Jive: 0.200163379312
            Quickstep: 0.376617908478
            Rumba-American: 0.010840786621
            Rumba-International: 0.0274007357657
            Rumba-Misc: 0.0218384899199
            Samba: 0.110079266131
            Tango: 0.0567918866873
            VienneseWaltz: 0.124975651503
            Waltz: 0.0280590392649
        probability: 0.376617908478
        value: "Quickstep"
    culture:
        all:
            non_western: 0.0525142848492
            western: 0.947485744953
        probability: 0.947485744953
        value: "western"
    gender:
        all:
            female: 0.636453390121
            male: 0.363546639681
        probability: 0.636453390121
        value: "female"
    genre_dortmund:
        all:
            alternative: 0.148857817054
            blues: 0.0116020804271
            electronic: 0.337007135153
            folkcountry: 0.0726984515786
            funksoulrnb: 0.0260587781668
            jazz: 0.0242757573724
            pop: 0.0995191857219
            raphiphop: 0.00693760253489
            rock: 0.273043185472
        probability: 0.337007135153
        value: "electronic"
    genre_electronica:
        all:
            ambient: 0.631927549839
            dnb: 0.186362504959
            house: 0.015357923694
            techno: 0.0101048862562
            trance: 0.156247153878
        probability: 0.631927549839
        value: "ambient"
    genre_rosamerica:
        all:
            cla: 0.032990694046
            dan: 0.0283179376274
            hip: 0.00351839559153
            jaz: 0.0257643684745
            pop: 0.023699792102
            rhy: 0.00709044607356
            roc: 0.876576304436
            spe: 0.00204207701609
        probability: 0.876576304436
        value: "roc"
    genre_tzanetakis:
        all:
            blu: 0.00486906571314
            cla: 0.0230157114565
            cou: 0.0429828092456
            dis: 0.177679643035
            hip: 0.00311067700386
            jaz: 0.0725884288549
            met: 0.00399830657989
            pop: 0.546190679073
            reg: 0.0168871581554
            roc: 0.108677521348
        probability: 0.546190679073
        value: "pop"
    live_studio:
        all:
            live: 0.929995656013
            studio: 0.0700043663383
        probability: 0.929995656013
        value: "live"
    mood:
        all:
            Cluster1: 0.515054941177
            Cluster2: 0.197009906173
            Cluster3: 0.0574385933578
            Cluster4: 0.146826818585
            Cluster5: 0.0836697593331
        probability: 0.515054941177
        value: "Cluster1"
    mood_acoustic:
        all:
            acoustic: 0.445183813572
            not_acoustic: 0.554816186428
        probability: 0.554816186428
        value: "not_acoustic"
    mood_aggressive:
        all:
            aggressive: 0.477607101202
            not_aggressive: 0.5223929286
        probability: 0.5223929286
        value: "not_aggressive"
    mood_electronic:
        all:
            electronic: 0.877346038818
            not_electronic: 0.122653983533
        probability: 0.877346038818
        value: "electronic"
    mood_happy:
        all:
            happy: 0.281711101532
            not_happy: 0.718288898468
        probability: 0.718288898468
        value: "not_happy"
    mood_party:
        all:
            not_party: 0.590054869652
            party: 0.409945130348
        probability: 0.590054869652
        value: "not_party"
    mood_relaxed:
        all:
            not_relaxed: 0.882907509804
            relaxed: 0.117092512548
        probability: 0.882907509804
        value: "not_relaxed"
    mood_sad:
        all:
            not_sad: 0.459172427654
            sad: 0.540827572346
        probability: 0.540827572346
        value: "sad"
    rhythm:
        all:
            fast: 0.715337336063
            medium: 0.246478885412
            slow: 0.0381837636232
        probability: 0.715337336063
        value: "fast"
    speech_music:
        all:
            music: 0.735239505768
            speech: 0.264760494232
        probability: 0.735239505768
        value: "music"
    timbre:
        all:
            bright: 0.014241441153
            dark: 0.985758543015
        probability: 0.985758543015
        value: "dark"
    voice_instrumental:
        all:
            instrumental: 0.199686706066
            voice: 0.800313293934
        probability: 0.800313293934
        value: "voice"

lowlevel:
    average_loudness: 0.922597646713
    barkbands_kurtosis:
        dmean: 0.845193862915
        dmean2: 1.29897797108
        dvar: 2.26411938667
        dvar2: 4.88107299805
        max: 23.561258316
        mean: 0.471035599709
        min: -1.55136966705
        var: 6.84095430374
    barkbands_skewness:
        dmean: 0.296658962965
        dmean2: 0.468798071146
        dvar: 0.0708314031363
        dvar2: 0.145987793803
        max: 4.4899020195
        mean: 0.625137269497
        min: -0.939058303833
        var: 0.524235129356
    barkbands_spread:
        dmean: 3.47799420357
        dmean2: 5.56849575043
        dvar: 10.0916528702
        dvar2: 22.6578598022
        max: 45.8317909241
        mean: 21.696352005
        min: 2.96105718613
        var: 70.1207427979
    dissonance:
        dmean: 0.0215247683227
        dmean2: 0.0374635607004
        dvar: 0.000598953571171
        dvar2: 0.00177238276228
        max: 0.499691069126
        mean: 0.460498392582
        min: 0.224458873272
        var: 0.00165910820942
    hfc:
        dmean: 0.919392049313
        dmean2: 1.42186331749
        dvar: 1.4678850174
        dvar2: 3.38718342781
        max: 17.9059257507
        mean: 4.7779545784
        min: 0.0131872463971
        var: 13.6399917603
    pitch:
        dmean: 235.721084595
        dmean2: 441.164031982
        dvar: 258404.28125
        dvar2: 688483.875
        max: 4009.09082031
        mean: 460.155426025
        min: 78.75
        var: 266194
    pitch_instantaneous_confidence:
        dmean: 0.0692623630166
        dmean2: 0.112342886627
        dvar: 0.00424950243905
        dvar2: 0.00936351902783
        max: 0.881700575352
        mean: 0.362760365009
        min: 0.130807638168
        var: 0.0329131372273
    pitch_salience:
        dmean: 0.054973769933
        dmean2: 0.0891272500157
        dvar: 0.00204721256159
        dvar2: 0.00506697734818
        max: 0.831092059612
        mean: 0.647550821304
        min: 0.272899746895
        var: 0.0132979406044
    silence_rate_20dB:
        dmean: 0
        dmean2: 0
        dvar: 0
        dvar2: 0
        max: 1
        mean: 1
        min: 1
        var: 0
    silence_rate_30dB:
        dmean: 0
        dmean2: 0
        dvar: 0
        dvar2: 0
        max: 1
        mean: 1
        min: 1
        var: 0
    silence_rate_60dB:
        dmean: 0.050925925374
        dmean2: 0.102088168263
        dvar: 0.0483325645328
        dvar2: 0.100946679711
        max: 1
        mean: 0.5219399333
        min: 0
        var: 0.249517917633
    spectral_centroid:
        dmean: 159.024505615
        dmean2: 249.970169067
        dvar: 35660.4023438
        dvar2: 73806.796875
        max: 2882.47949219
        mean: 1155.44348145
        min: 264.553039551
        var: 185945.109375
    spectral_complexity:
        dmean: 2.41531324387
        dmean2: 4.01627922058
        dvar: 4.85071229935
        dvar2: 12.1788024902
        max: 30
        mean: 11.7986106873
        min: 0
        var: 39.2024879456
    spectral_crest:
        dmean: 1.94124519825
        dmean2: 3.04325652122
        dvar: 3.08783602715
        dvar2: 6.4239449501
        max: 21.2370185852
        mean: 7.45426893234
        min: 2.30258154869
        var: 16.5563030243
    spectral_decrease:
        dmean: 2.00309074883e-10
        dmean2: 3.13488818238e-10
        dvar: 4.75906797829e-20
        dvar2: 1.24714667189e-19
        max: -9.71775698105e-12
        mean: -9.33305654982e-10
        min: -3.08890357736e-09
        var: 3.86588365198e-19
    spectral_energy:
        dmean: 0.000823647191282
        dmean2: 0.0012885236647
        dvar: 7.9995862734e-07
        dvar2: 2.09063205148e-06
        max: 0.0129216788337
        mean: 0.00395588390529
        min: 3.78731929231e-05
        var: 6.89369608153e-06
    spectral_energyband_high:
        dmean: 5.64378096897e-05
        dmean2: 8.64400572027e-05
        dvar: 1.61031898926e-08
        dvar2: 3.86874710046e-08
        max: 0.00126915681176
        mean: 0.000145629790495
        min: 4.61562507326e-07
        var: 3.8641481126e-08
    spectral_energyband_low:
        dmean: 0.00012967067596
        dmean2: 0.000220360132516
        dvar: 4.51962947068e-08
        dvar2: 1.24869316664e-07
        max: 0.00259233568795
        mean: 0.000198797191842
        min: 1.64168613992e-06
        var: 6.67512480845e-08
    spectral_energyband_middle_high:
        dmean: 0.00044259315473
        dmean2: 0.000705057114828
        dvar: 3.13257515927e-07
        dvar2: 7.80656876032e-07
        max: 0.00773635273799
        mean: 0.00193555606529
        min: 7.73331237269e-07
        var: 2.7430519367e-06
    spectral_energyband_middle_low:
        dmean: 0.000507485005073
        dmean2: 0.000796535343397
        dvar: 3.47267331335e-07
        dvar2: 8.95160667369e-07
        max: 0.00800653360784
        mean: 0.00167588528711
        min: 3.37377787218e-05
        var: 2.07517291528e-06
    spectral_flatness_db:
        dmean: 0.0157056823373
        dmean2: 0.0247688032687
        dvar: 0.000217032356886
        dvar2: 0.000535488536116
        max: 0.34329521656
        mean: 0.149053633213
        min: 0.0838979482651
        var: 0.00240450142883
    spectral_flux:
        dmean: 0.00479194009677
        dmean2: 0.00797901581973
        dvar: 2.26750944421e-05
        dvar2: 5.6439814216e-05
        max: 0.0693613961339
        mean: 0.031683512032
        min: 0.00615411996841
        var: 0.000101573357824
    spectral_kurtosis:
        dmean: 1.8087015152
        dmean2: 3.04593157768
        dvar: 10.1023139954
        dvar2: 30.2479705811
        max: 49.0096130371
        mean: 5.4886932373
        min: 0.258871555328
        var: 27.5753154755
    spectral_rms:
        dmean: 0.000197538916836
        dmean2: 0.000305209046928
        dvar: 3.02257205931e-08
        dvar2: 7.37467971135e-08
        max: 0.00355056556873
        mean: 0.00186272803694
        min: 0.000192222403712
        var: 3.89646118037e-07
    spectral_rolloff:
        dmean: 328.443725586
        dmean2: 534.824584961
        dvar: 143597.953125
        dvar2: 284071.75
        max: 4801.90429688
        mean: 2076.85742188
        min: 322.998046875
        var: 792196.6875
    spectral_skewness:
        dmean: 0.216988518834
        dmean2: 0.350804388523
        dvar: 0.0730776339769
        dvar2: 0.192070439458
        max: 5.4932012558
        mean: 1.88242816925
        min: 0.844274103642
        var: 0.349613964558
    spectral_spread:
        dmean: 563608.8125
        dmean2: 915339.9375
        dvar: 414526078976
        dvar2: 1.00151400858e+12
        max: 9484575
        mean: 4605174.5
        min: 1286362.75
        var: 1.36084035994e+12
    spectral_strongpeak:
        dmean: 0.325915306807
        dmean2: 0.533808112144
        dvar: 0.213058680296
        dvar2: 0.590378344059
        max: 4.0763258934
        mean: 0.683488190174
        min: 0.0063607795164
        var: 0.575858592987
    zerocrossingrate:
        dmean: 0.00629327679053
        dmean2: 0.00758766336367
        dvar: 4.33438253822e-05
        dvar2: 5.07769836986e-05
        max: 0.14892578125
        mean: 0.0686385557055
        min: 0.01611328125
        var: 0.000501476926729
    barkbands:
        dmean: [1.48029300817e-07, 4.47479033028e-05, 0.000101837598777, 0.00012746489665, 9.14891352295e-05, 0.000228600372793, 0.000124717247672, 6.86631610733e-05, 0.000102726196928, 0.000349366513547, 0.000115252034448, 7.26532016415e-05, 8.90229785e-05, 7.33824417694e-05, 8.0156205513e-05, 4.89414451295e-05, 7.22781987861e-05, 5.42947818758e-05, 4.56009620393e-05, 4.04325328418e-05, 2.48676478805e-05, 1.14348440547e-05, 3.98817246605e-06, 1.61386935815e-06, 9.85276983556e-07, 2.48266651681e-08, 2.08769321275e-10]
        dmean2: [2.46172731977e-07, 7.29660750949e-05, 0.000175689041498, 0.000223250273848, 0.000149783634697, 0.000339878431987, 0.000203807154321, 0.000123206918943, 0.000177110821824, 0.000550223514438, 0.000194733293029, 0.000126934261061, 0.000142916236655, 0.00012118864106, 0.000127872088342, 8.23453301564e-05, 0.000114269998448, 9.03763648239e-05, 7.50503750169e-05, 6.84359110892e-05, 4.02839978051e-05, 1.79547259904e-05, 6.75308001519e-06, 2.52881250162e-06, 1.61960781497e-06, 4.06108995321e-08, 3.61714463937e-10]
        dvar: [6.92934343802e-14, 7.30083682399e-09, 2.63121613386e-08, 3.30454206221e-08, 9.4456957811e-09, 1.20899542821e-07, 4.50596893131e-08, 5.0961709519e-08, 3.73072559512e-08, 5.73387865188e-07, 3.96778716549e-08, 1.30932855669e-08, 3.26034594877e-08, 1.43822349585e-08, 1.31139605841e-08, 6.23497165009e-09, 1.08396935872e-08, 6.22309892506e-09, 4.86449192039e-09, 6.40055253243e-09, 2.32063501748e-09, 6.25461016313e-10, 8.48174863677e-11, 8.25690123912e-12, 3.35427345621e-12, 3.86188959839e-15, 4.04176422219e-19]
        dvar2: [1.65018511551e-13, 1.83730328729e-08, 7.57940981089e-08, 9.13044502227e-08, 2.31015544472e-08, 2.90392705438e-07, 1.15282873026e-07, 1.52602183334e-07, 1.06770542629e-07, 1.25452220345e-06, 9.19864433513e-08, 4.22202788286e-08, 8.27086168442e-08, 3.41812089744e-08, 3.36605374684e-08, 1.85891320115e-08, 2.4338902449e-08, 1.47900083292e-08, 1.25873897971e-08, 1.65267692864e-08, 5.23369036998e-09, 1.44854084283e-09, 2.28303292937e-10, 1.65437351318e-11, 8.35210980238e-12, 1.01133828078e-14, 6.32571174006e-19]
        max: [2.52523091149e-06, 0.00109696597792, 0.00149536365643, 0.00226456811652, 0.00117448077071, 0.00555437384173, 0.00260854908265, 0.00349134183489, 0.00213793013245, 0.00969304982573, 0.00262064160779, 0.0013189347228, 0.00256519741379, 0.00232913577929, 0.00107057311106, 0.000998199218884, 0.00147769891191, 0.00121773756109, 0.000743397860788, 0.000748954480514, 0.000532338453922, 0.000248929660302, 8.91591407708e-05, 3.92790461774e-05, 1.75370514626e-05, 6.8547325327e-07, 1.18431868756e-08]
        mean: [1.97754346232e-07, 6.63627215545e-05, 0.000132255736389, 0.000171819177922, 0.000178636691999, 0.000510442128871, 0.000244574126555, 9.73533460638e-05, 0.000174595406861, 0.000770244281739, 0.000211412174394, 0.000136751739774, 0.000167334001162, 0.000190637074411, 0.000162160460604, 9.83380377875e-05, 0.000191734303371, 0.000138902891194, 0.000117630603199, 9.05086635612e-05, 6.91640016157e-05, 2.24841151066e-05, 7.09197365723e-06, 3.5037728594e-06, 1.72081865912e-06, 3.08810257366e-08, 1.74456810109e-10]
        min: [8.08437483624e-11, 1.41353993399e-07, 1.31200829401e-06, 1.88437411452e-06, 7.27449696569e-06, 8.26780251373e-06, 1.02084527498e-06, 1.56802030915e-07, 6.1259598283e-08, 2.37100259426e-08, 2.02195309384e-08, 8.07318922824e-09, 2.78290119837e-08, 1.53199891884e-07, 2.25931131581e-07, 9.19759557405e-08, 3.60708583003e-08, 3.11166807876e-08, 6.17898905375e-08, 1.22784385326e-07, 3.2161150898e-07, 2.47834854861e-08, 1.8373397026e-08, 4.71737759966e-09, 1.46887657593e-09, 1.69087643193e-11, 3.63548506078e-14]
        var: [1.23376718455e-13, 1.13869083052e-08, 3.30415730332e-08, 4.78843062979e-08, 1.82215895705e-08, 5.63717378554e-07, 1.16412465445e-07, 4.41532606033e-08, 7.95601735604e-08, 2.70080749942e-06, 1.06968748526e-07, 1.8286081982e-08, 8.11904428133e-08, 1.0788552629e-07, 3.69560488878e-08, 1.26082015939e-08, 6.35282972894e-08, 3.73201913817e-08, 1.83413906285e-08, 1.19717427083e-08, 8.38876257347e-09, 1.15272069667e-09, 1.2425500906e-10, 2.73714627352e-11, 5.13261438559e-12, 3.85697130159e-15, 3.81034907209e-19]
    mfcc:
        mean: [-718.606262207, 125.500091553, -43.9948959351, 24.5236721039, -13.2171936035, -2.88274860382, -3.04078388214, -6.71251106262, -3.23959326744, -7.96309137344, -5.55094003677, -6.43969535828, -3.79580664635]
        cov: [[2299.4987793, -1079.93066406, -402.01675415, -60.6286582947, 31.249710083, 187.214141846, 117.566627502, 56.4908218384, 25.453496933, -18.3866691589, 65.3841018677, 59.5398674011, 46.8747749329], [-1079.93066406, 848.59197998, 96.4778594971, 20.4064311981, -37.9780502319, -126.995292664, -54.0950317383, -13.2423276901, 48.856678009, 57.0735359192, -42.5670814514, -24.5690383911, -20.4975090027], [-402.01675415, 96.4778594971, 379.700744629, 109.314125061, 99.0461502075, 61.4996566772, -9.33929252625, 1.39734780788, -55.3201026917, -13.116235733, 37.3343238831, 10.1167268753, 4.05165529251], [-60.6286582947, 20.4064311981, 109.314125061, 193.146575928, 20.1633281708, 77.3465042114, -20.6309890747, -45.8525543213, -33.0356636047, 14.6133527756, 48.3904647827, 3.16616916656, 20.0430088043], [31.249710083, -37.9780502319, 99.0461502075, 20.1633281708, 146.664581299, 73.5347747803, 30.6176300049, 10.362575531, -38.9688873291, -27.7794914246, 39.9035186768, 6.23736286163, -1.34748852253], [187.214141846, -126.995292664, 61.4996566772, 77.3465042114, 73.5347747803, 166.045684814, 48.4727096558, -2.93133974075, -52.3113517761, -29.521812439, 61.3456726074, 13.3671588898, -0.367080181837], [117.566627502, -54.0950317383, -9.33929252625, -20.6309890747, 30.6176300049, 48.4727096558, 85.9916534424, 67.5560150146, 15.0495347977, -11.6749267578, -9.49867916107, 3.84211397171, -16.7166557312], [56.4908218384, -13.2423276901, 1.39734780788, -45.8525543213, 10.362575531, -2.93133974075, 67.5560150146, 124.552276611, 62.8193054199, -2.73668050766, -47.959022522, -2.43758749962, -11.9518709183], [25.453496933, 48.856678009, -55.3201026917, -33.0356636047, -38.9688873291, -52.3113517761, 15.0495347977, 62.8193054199, 116.606468201, 59.2766265869, -51.1568222046, -10.6622848511, -10.9088878632], [-18.3866691589, 57.0735359192, -13.116235733, 14.6133527756, -27.7794914246, -29.521812439, -11.6749267578, -2.73668050766, 59.2766265869, 106.173820496, 12.618885994, -3.40493702888, -30.4380931854], [65.3841018677, -42.5670814514, 37.3343238831, 48.3904647827, 39.9035186768, 61.3456726074, -9.49867916107, -47.959022522, -51.1568222046, 12.618885994, 102.588531494, 21.1529445648, -3.89495420456], [59.5398674011, -24.5690383911, 10.1167268753, 3.16616916656, 6.23736286163, 13.3671588898, 3.84211397171, -2.43758749962, -10.6622848511, -3.40493702888, 21.1529445648, 47.5821838379, 17.6468963623], [46.8747749329, -20.4975090027, 4.05165529251, 20.0430088043, -1.34748852253, -0.367080181837, -16.7166557312, -11.9518709183, -10.9088878632, -30.4380931854, -3.89495420456, 17.6468963623, 64.7337188721]]
        icov: [[0.00183772854507, 0.00196836236864, 0.00176371762063, -8.22144647827e-05, -0.000713665504009, -0.000989413703792, -0.000129000589368, -0.00056909583509, -0.000682207988575, -0.000971673114691, -0.000467892270535, -0.000822158413939, -0.00132712430786], [0.00196836236864, 0.00363686401397, 0.0013123145327, -0.000620533246547, -0.000834003090858, 0.000445107551059, -0.000399928103434, -4.19927018811e-05, -0.00128872739151, -0.000999759417027, -0.000329014001181, -0.000726281898096, -0.000798680877779], [0.00176371762063, 0.0013123145327, 0.00643821666017, -0.00251864013262, -0.00354439718649, -0.00123690476175, 0.00325248925947, -0.00442709075287, 0.00275555835105, -0.00210164836608, 0.000654725998174, -0.00205904152244, -0.000466134486487], [-8.22144647827e-05, -0.000620533246547, -0.00251864013262, 0.010562742129, 0.0021456014365, -0.00649788277224, 0.0016999063082, 0.00180260115303, 0.000338379904861, -0.00397318834439, -0.000367788219592, 0.00296521116979, -0.00511182053015], [-0.000713665504009, -0.000834003090858, -0.00354439718649, 0.0021456014365, 0.0119887348264, -0.00243404600769, -0.002668840345, -8.58203857206e-05, 0.000262990506599, 0.0019644475542, -0.00375383603387, 0.00248529552482, -0.00059443700593], [-0.000989413703792, 0.000445107551059, -0.00123690476175, -0.00649788277224, -0.00243404600769, 0.0186413936317, -0.011637115851, 0.00309171550907, -9.46230939007e-05, 0.00519429473206, -0.00620439043269, 0.000534305756446, 0.00247489986941], [-0.000129000589368, -0.000399928103434, 0.00325248925947, 0.0016999063082, -0.002668840345, -0.011637115851, 0.035654719919, -0.0189802013338, 0.00420767627656, -0.00125976232812, 0.00371933029965, -0.00422301422805, 0.00631011091173], [-0.00056909583509, -4.19927018811e-05, -0.00442709075287, 0.00180260115303, -8.58203857206e-05, 0.00309171550907, -0.0189802013338, 0.0286005735397, -0.0158511605114, 0.00769639341161, 0.00235172221437, -0.00109970581252, 0.00190161122009], [-0.000682207988575, -0.00128872739151, 0.00275555835105, 0.000338379904861, 0.000262990506599, -9.46230939007e-05, 0.00420767627656, -0.0158511605114, 0.0330622829497, -0.0203320868313, 0.00998552050442, 0.00216118991375, -0.00600335607305], [-0.000971673114691, -0.000999759417027, -0.00210164836608, -0.00397318834439, 0.0019644475542, 0.00519429473206, -0.00125976232812, 0.00769639341161, -0.0203320868313, 0.0282566249371, -0.0101315462962, -0.00261609721929, 0.0128783993423], [-0.000467892270535, -0.000329014001181, 0.000654725998174, -0.000367788219592, -0.00375383603387, -0.00620439043269, 0.00371933029965, 0.00235172221437, 0.00998552050442, -0.0101315462962, 0.0243573132902, -0.00773129519075, 0.00208088918589], [-0.000822158413939, -0.000726281898096, -0.00205904152244, 0.00296521116979, 0.00248529552482, 0.000534305756446, -0.00422301422805, -0.00109970581252, 0.00216118991375, -0.00261609721929, -0.00773129519075, 0.0295513570309, -0.0110496738926], [-0.00132712430786, -0.000798680877779, -0.000466134486487, -0.00511182053015, -0.00059443700593, 0.00247489986941, 0.00631011091173, 0.00190161122009, -0.00600335607305, 0.0128783993423, 0.00208088918589, -0.0110496738926, 0.0279313977808]]
    spectral_contrast:
        mean: [4.54231013691e-07, 4.32125062844e-07, -2.14904844142e-07, 2.50025607329e-07, 7.36434691007e-09, -7.00182113178e-07, 7.89692535363e-07, 2.70619921139e-06, -3.38811696565e-06, -3.36262633027e-06, -2.28663839152e-06, -1.63829986377e-06]
        var: [0.000287712726276, 0.000501035829075, 0.00111478066538, 0.00231740064919, 0.003605423728, 0.00461875088513, 0.0531445480883, 0.112509831786, 0.163621515036, 0.189150974154, 0.416699767113, 1.36682236195]

rhythm:
    beats_loudness:
        dmean: 0.00200080685318
        dmean2: 0.0031239327509
        dvar: 6.75655201121e-06
        dvar2: 9.04921034817e-06
        max: 0.0119607886299
        mean: 0.00389753817581
        min: 0.00107413320802
        var: 1.04581285996e-05
    beats_loudness_bass:
        dmean: 0.0626731663942
        dmean2: 0.0957543626428
        dvar: 0.00308880303055
        dvar2: 0.0072061936371
        max: 0.225965902209
        mean: 0.1051633358
        min: 0.00238042837009
        var: 0.00334235560149
    bpm: 80.2773208618
    bpm_confidence: 0
    first_peak_bpm: 80
    first_peak_spread: 0
    first_peak_weight: 0.466666668653
    onset_rate: 2.69165039062
    second_peak_bpm: 120
    second_peak_spread: 0
    second_peak_weight: 0.466666668653
    beats_position: [0.428394675255, 1.17580378056, 1.92321288586, 2.67062187195, 3.41803097725, 4.16544008255, 4.91284942627, 5.66025876999, 5.99588012695, 6.49380731583, 6.99173402786, 7.48966121674, 7.98758792877, 8.48551464081, 8.98344135284, 9.48136901855]
    bpm_estimates: [80.2488708496, 80.2945327759, 80.2885665894]
    bpm_intervals: [0.747409105301, 0.747409105301, 0.747408986092, 0.747409105301, 0.747409105301, 0.747409343719, 0.747409343719, 0.335621356964, 0.497927188873, 0.497926712036, 0.497927188873, 0.497926712036, 0.497926712036, 0.497926712036, 0.49792766571]
    onset_times: [0.0464399084449, 0.53405892849, 0.638548731804, 0.743038535118, 1.18421769142, 1.28870749474, 1.39319729805, 1.50929701328, 1.60217690468, 1.70666670799, 2.13623571396, 2.26394557953, 2.82122445107, 3.64553284645, 3.76163268089, 4.69043064117, 4.92263031006, 5.1780500412, 5.27092981339, 6.74539661407, 7.20979595184, 7.87156438828, 8.24308395386, 8.99773216248, 9.55501174927, 9.67111110687, 9.74077129364]
    rubato_start: [6.49380731583]
    rubato_stop: [9.48136901855]
    perceptual_tempo: "unknown"

sfx:
    inharmonicity:
        dmean: 0.0460882037878
        dmean2: 0.0843687355518
        dvar: 0.00295966514386
        dvar2: 0.00857303664088
        max: 0.350258529186
        mean: 0.0447139814496
        min: 2.29478082474e-05
        var: 0.00272820610553
    oddtoevenharmonicenergyratio:
        dmean: 6.66556930542
        dmean2: 12.9759235382
        dvar: 898.983825684
        dvar2: 2975.88720703
        max: 265.602752686
        mean: 3.75428724289
        min: 0.000171875828528
        var: 465.850341797
    pitch_after_max_to_before_max_energy_ratio: 1.83634805679
    pitch_centroid: 203.465087891
    pitch_max_to_total: 0.363425940275
    pitch_min_to_total: 0.620370388031
    tristimulus:
        dmean: [0.240897387266, 0.238121777773, 0.100173637271]
        dmean2: [0.437512248755, 0.426481246948, 0.17826873064]
        dvar: [0.0373743698001, 0.0415821522474, 0.011074767448]
        dvar2: [0.111993782222, 0.120543792844, 0.0338753536344]
        max: [0.969800770283, 0.940056920052, 0.657741010189]
        mean: [0.41053250432, 0.460137337446, 0.11065864563]
        min: [0.0246819350868, 0, 0]
        var: [0.0510923191905, 0.0506395325065, 0.012891639024]

tonal:
    chords_changes_rate: 0.0783410146832
    chords_number_rate: 0.0276497695595
    chords_strength:
        dmean: 0.00613527186215
        dmean2: 0.00663180835545
        dvar: 2.00759695872e-05
        dvar2: 2.96708949463e-05
        max: 0.666238844395
        mean: 0.476482927799
        min: 0.381245285273
        var: 0.00344775547273
    key_strength: 0.629833400249
    tuning_diatonic_strength: 0.562562048435
    tuning_equal_tempered_deviation: 0.176702558994
    tuning_frequency: 440.508575439
    tuning_nontempered_energy_ratio: 0.784236550331
    hpcp:
        dmean: [0.10226727277, 0.0912182852626, 0.0817705765367, 0.10631082952, 0.139428451657, 0.107268564403, 0.119287841022, 0.141756460071, 0.152702152729, 0.13444583118, 0.0773415267467, 0.0960335209966, 0.154751092196, 0.148409724236, 0.157936349511, 0.23565210402, 0.169835165143, 0.144463673234, 0.167383372784, 0.170044958591, 0.142834678292, 0.125576049089, 0.0972918123007, 0.0673405081034, 0.0601563416421, 0.0943717062473, 0.114155523479, 0.100968629122, 0.149132505059, 0.255024254322, 0.188202857971, 0.204343661666, 0.11429708451, 0.108332268894, 0.0990842878819, 0.116765357554]
        dmean2: [0.165614396334, 0.153258502483, 0.137111589313, 0.177876368165, 0.234125286341, 0.178638756275, 0.20522262156, 0.24201990664, 0.253459513187, 0.227722242475, 0.122130736709, 0.163396939635, 0.267525672913, 0.2567743361, 0.27442881465, 0.416376113892, 0.296415358782, 0.256187200546, 0.288935631514, 0.290025889874, 0.240313619375, 0.218877345324, 0.17080630362, 0.114650987089, 0.102383993566, 0.167076140642, 0.201718583703, 0.177650243044, 0.250933647156, 0.450976729393, 0.34406131506, 0.373941361904, 0.189409837127, 0.178563311696, 0.167906567454, 0.195132762194]
        dvar: [0.0124679859728, 0.00986034143716, 0.00845588278025, 0.0137072065845, 0.0290981084108, 0.0153923230246, 0.0186406634748, 0.0237334277481, 0.0264405086637, 0.0240661744028, 0.00909102987498, 0.0156349614263, 0.028469292447, 0.0294227451086, 0.0288346093148, 0.0616597793996, 0.0387441143394, 0.0293959490955, 0.0319592542946, 0.0445679277182, 0.0236988179386, 0.0223062913865, 0.0182339418679, 0.00595908146352, 0.00540096405894, 0.0183842778206, 0.0269803758711, 0.0198507551104, 0.0265897158533, 0.0514280758798, 0.0471168458462, 0.0349849238992, 0.019414210692, 0.0146833593026, 0.0124356485903, 0.0178165975958]
        dvar2: [0.0359444543719, 0.0273480508476, 0.0218069348484, 0.0380926132202, 0.0815192610025, 0.0414352677763, 0.0495121106505, 0.0658579021692, 0.07462272048, 0.0628157407045, 0.0245555341244, 0.0383985377848, 0.0764155611396, 0.08338072896, 0.0819659456611, 0.190311610699, 0.102167397738, 0.0843165740371, 0.0803830996156, 0.121888011694, 0.0649724081159, 0.0543124936521, 0.0433539189398, 0.0154728284106, 0.0155006172135, 0.0514955110848, 0.0777872875333, 0.0535711422563, 0.068386413157, 0.135277435184, 0.130144715309, 0.0993701815605, 0.0529211647809, 0.0379317030311, 0.0342863872647, 0.0457559712231]
        max: [0.761330425739, 0.69741743803, 0.674305021763, 0.969849526882, 1, 0.852381825447, 1, 0.962865293026, 1, 1, 0.809240937233, 1, 1, 1, 0.92327684164, 1, 1, 1, 1, 1, 1, 1, 1, 0.562560498714, 0.526682853699, 1, 1, 0.926820397377, 1, 1, 1, 1, 1, 1, 0.792663633823, 1]
        mean: [0.169937342405, 0.155308648944, 0.138896659017, 0.150097027421, 0.174710959196, 0.155592620373, 0.175832986832, 0.213889196515, 0.251753121614, 0.21630205214, 0.113538824022, 0.139404475689, 0.209025532007, 0.178359240294, 0.211110517383, 0.294919341803, 0.235528275371, 0.169742003083, 0.215427577496, 0.250251710415, 0.210951447487, 0.175531297922, 0.137223541737, 0.0916047021747, 0.0858447402716, 0.141470387578, 0.161700576544, 0.140555307269, 0.276232093573, 0.700175404549, 0.813598930836, 0.385129272938, 0.173208877444, 0.179618746042, 0.172416806221, 0.188987508416]
        min: [0.00503833638504, 0.00244779116474, 0.00232463772409, 0.00276849674992, 0.00358757656068, 0.00103028130252, 0, 0.000421712116804, 0.000733695516828, 0.000692597532179, 0.00065294385422, 0.000728249491658, 0.000410087057389, 0.0006055731792, 0.000272699078778, 0.000626554887276, 0.000740400224458, 0.00179019046482, 0.000338131358149, 0.00156254356261, 0.0019745931495, 0.00128162920009, 0.0015589290997, 0.0015214207815, 0.000250207289355, 0.000495402724482, 0, 0, 0, 0, 0.00160831829999, 0.00419703871012, 0.000995914102532, 0.000845890433993, 0.00126955134328, 0.00276212324388]
        var: [0.018150832504, 0.0147488154471, 0.0145824495703, 0.0193164031953, 0.033732239157, 0.0194237343967, 0.0221260916442, 0.0321402996778, 0.0399685315788, 0.0418533980846, 0.0188792571425, 0.0185412876308, 0.0353228822351, 0.0312873385847, 0.0360724627972, 0.0766588971019, 0.0478827320039, 0.0314542092383, 0.042144227773, 0.0625440180302, 0.0377246253192, 0.0399063974619, 0.0270632822067, 0.00707957195118, 0.00607925094664, 0.0311312470585, 0.0423387661576, 0.0209057554603, 0.0502619296312, 0.0672264322639, 0.0667192861438, 0.039403308183, 0.0428756959736, 0.0362680926919, 0.0214309114963, 0.0321449935436]
    chords_histogram: [33.6405525208, 0, 0, 0, 0, 0, 0, 21.6589870453, 0, 0, 0, 0, 0, 0, 7.37327194214, 0, 3.22580647469, 0, 0, 0, 0, 17.0506916046, 0, 17.0506916046]
    thpcp: [1, 0.473365008831, 0.212892219424, 0.22077062726, 0.211918666959, 0.232285842299, 0.208871141076, 0.190890923142, 0.170718833804, 0.184485286474, 0.214738428593, 0.191239953041, 0.216117531061, 0.262892663479, 0.309431493282, 0.265858322382, 0.139551341534, 0.171342998743, 0.256914705038, 0.219222560525, 0.259477376938, 0.362487375736, 0.289489418268, 0.208631053567, 0.264783501625, 0.307586073875, 0.259281873703, 0.215746715665, 0.168662399054, 0.112591966987, 0.105512358248, 0.173882216215, 0.19874727726, 0.172757491469, 0.339518755674, 0.860590398312]
    chords_key: "B"
    chords_scale: "minor"
    key_key: "B"
    key_scale: "minor"
    chords_progression: ["C", "C", "C", "C", "C", "C", "C", "C", "C", "C", "C", "C", "C", "C", "C", "C", "C", "C", "C", "C", "C", "C", "C", "C", "C", "C", "C", "C", "C", "C", "C", "C", "C", "C", "C", "C", "C", "G", "G", "G", "G", "G", "G", "G", "G", "G", "Gm", "G", "G", "Gm", "Gm", "Gm", "Gm", "Gm", "Gm", "Bm", "Bm", "Bm", "Bm", "Bm", "Bm", "Bm", "Bm", "Bm", "Bm", "Bm", "Bm", "Bm", "Bm", "Bm", "Bm", "Bm", "Bm", "Bm", "Bm", "G", "G", "G", "G", "G", "G", "G", "G", "G", "Cm", "Cm", "Cm", "Cm", "Cm", "G", "G", "G", "G", "G", "G", "G", "G", "G", "G", "G", "G", "G", "G", "G", "G", "G", "Cm", "Cm", "Cm", "Cm", "Cm", "Cm", "B", "B", "B", "B", "B", "B", "B", "B", "B", "B", "B", "B", "B", "B", "B", "B", "B", "B", "B", "B", "B", "B", "B", "B", "B", "B", "Bm", "Bm", "Bm", "B", "B", "B", "B", "B", "B", "B", "Bm", "Bm", "Bm", "Bm", "Bm", "Bm", "Bm", "Bm", "Bm", "Bm", "Bm", "Bm", "Bm", "Bm", "Bm", "Bm", "Bm", "Bm", "Bm", "Bm", "Bm", "Bm", "Bm", "Bm", "Bm", "Bm", "Bm", "Bm", "Bm", "Bm", "Bm", "Bm", "Bm", "Bm", "Bm", "Bm", "Bm", "Bm", "Bm", "Bm", "Bm", "Bm", "Cm", "Cm", "Cm", "Bm", "Bm", "Bm", "Bm", "Bm", "Bm", "Bm", "Bm", "Cm", "Cm", "B", "B", "B", "B", "B", "B", "B", "B", "B", "B", "B", "B", "B", "B"]
