
metadata:
    version:
        essentia: "1.2.2"
    audio_properties:
        analysis_sample_rate: 44100
        bitrate: 128
        channels: 2
        equal_loudness: 1
        length: 10.0310201645
        replay_gain: -11.5098648071
        downmix: "mix"
    tags:
        track: 24
        year: 0
        album: "Splitted by Mp3Splt v. 2.1"
        artist: "From 003.50 To 004.00"
        comment: "http://mp3splt.sf.net"
        genre: ""
        title: "11 What You Are.mp3"

highlevel:
    ballroom:
        all:
            ChaChaCha: 0.0291435308754
            Jive: 0.917206466198
            Quickstep: 0.00528704887256
            Rumba-American: 0.000214715968468
            Rumba-International: 0.00123269646429
            Rumba-Misc: 0.000445147103164
            Samba: 0.0402531400323
            Tango: 0.00026306140353
            VienneseWaltz: 0.00539406621829
            Waltz: 0.00056015496375
        probability: 0.917206466198
        value: "Jive"
    culture:
        all:
            non_western: 0.0175882130861
            western: 0.982411801815
        probability: 0.982411801815
        value: "western"
    gender:
        all:
            female: 0.172492861748
            male: 0.827507138252
        probability: 0.827507138252
        value: "male"
    genre_dortmund:
        all:
            alternative: 0.039567116648
            blues: 0.0349794104695
            electronic: 0.0171700771898
            folkcountry: 0.040950063616
            funksoulrnb: 0.0108714094386
            jazz: 0.0397600904107
            pop: 0.103474102914
            raphiphop: 0.00365258031525
            rock: 0.709575176239
        probability: 0.709575176239
        value: "rock"
    genre_electronica:
        all:
            ambient: 0.174441114068
            dnb: 0.28590720892
            house: 0.00828438159078
            techno: 0.0204649493098
            trance: 0.510902345181
        probability: 0.510902345181
        value: "trance"
    genre_rosamerica:
        all:
            cla: 0.00601091515273
            dan: 0.0228825043887
            hip: 0.00184140680358
            jaz: 0.00184228189755
            pop: 0.0043214620091
            rhy: 0.00146362360101
            roc: 0.960818946362
            spe: 0.00081886316184
        probability: 0.960818946362
        value: "roc"
    genre_tzanetakis:
        all:
            blu: 0.00599118834361
            cla: 0.00632761372253
            cou: 0.254271805286
            dis: 0.0289423223585
            hip: 0.0125713283196
            jaz: 0.0605866312981
            met: 0.263588726521
            pop: 0.028670815751
            reg: 0.00304138637148
            roc: 0.336008191109
        probability: 0.336008191109
        value: "roc"
    live_studio:
        all:
            live: 0.0972468778491
            studio: 0.9027531147
        probability: 0.9027531147
        value: "studio"
    mood:
        all:
            Cluster1: 0.420951753855
            Cluster2: 0.071651391685
            Cluster3: 0.0179107543081
            Cluster4: 0.0414389520884
            Cluster5: 0.4480471313
        probability: 0.4480471313
        value: "Cluster5"
    mood_acoustic:
        all:
            acoustic: 0.0033928793855
            not_acoustic: 0.996607124805
        probability: 0.996607124805
        value: "not_acoustic"
    mood_aggressive:
        all:
            aggressive: 0.995295643806
            not_aggressive: 0.0047043771483
        probability: 0.995295643806
        value: "aggressive"
    mood_electronic:
        all:
            electronic: 0.099943228066
            not_electronic: 0.900056779385
        probability: 0.900056779385
        value: "not_electronic"
    mood_happy:
        all:
            happy: 0.205992206931
            not_happy: 0.794007778168
        probability: 0.794007778168
        value: "not_happy"
    mood_party:
        all:
            not_party: 0.44249856472
            party: 0.55750143528
        probability: 0.55750143528
        value: "party"
    mood_relaxed:
        all:
            not_relaxed: 0.914301514626
            relaxed: 0.0856985002756
        probability: 0.914301514626
        value: "not_relaxed"
    mood_sad:
        all:
            not_sad: 0.981815397739
            sad: 0.0181846078485
        probability: 0.981815397739
        value: "not_sad"
    rhythm:
        all:
            fast: 0.929618477821
            medium: 0.0557242631912
            slow: 0.0146572720259
        probability: 0.929618477821
        value: "fast"
    speech_music:
        all:
            music: 0.998348891735
            speech: 0.00165113667026
        probability: 0.998348891735
        value: "music"
    timbre:
        all:
            bright: 0.589648962021
            dark: 0.410351037979
        probability: 0.589648962021
        value: "bright"
    voice_instrumental:
        all:
            instrumental: 0.80483341217
            voice: 0.195166558027
        probability: 0.80483341217
        value: "instrumental"

lowlevel:
    average_loudness: 0.983076572418
    barkbands_kurtosis:
        dmean: 0.512554347515
        dmean2: 0.844021677971
        dvar: 0.41140499711
        dvar2: 1.00814056396
        max: 6.83439922333
        mean: -1.04772794247
        min: -1.8066163063
        var: 1.08192205429
    barkbands_skewness:
        dmean: 0.377467781305
        dmean2: 0.586066663265
        dvar: 0.0870492085814
        dvar2: 0.218190789223
        max: 2.40223050117
        mean: -0.200984060764
        min: -2.57997322083
        var: 0.497477740049
    barkbands_spread:
        dmean: 5.14935970306
        dmean2: 8.61431312561
        dvar: 21.0843925476
        dvar2: 58.1166954041
        max: 54.6855773926
        mean: 38.3001441956
        min: 11.1337766647
        var: 59.5826225281
    dissonance:
        dmean: 0.0119553711265
        dmean2: 0.0204916577786
        dvar: 0.000104895065306
        dvar2: 0.000289086514385
        max: 0.498890399933
        mean: 0.47763633728
        min: 0.402935862541
        var: 0.000202701616217
    hfc:
        dmean: 2.81901359558
        dmean2: 4.56639432907
        dvar: 19.2737522125
        dvar2: 50.2606773376
        max: 50.6549301147
        mean: 11.087389946
        min: 3.91560661228e-06
        var: 35.4660835266
    pitch:
        dmean: 1083.44934082
        dmean2: 2107.20947266
        dvar: 2091725.75
        dvar2: 4814960
        max: 4410
        mean: 2319.3659668
        min: 110.25
        var: 2554316.5
    pitch_instantaneous_confidence:
        dmean: 0.076909378171
        dmean2: 0.124556235969
        dvar: 0.00408026855439
        dvar2: 0.00998660456389
        max: 0.701797366142
        mean: 0.382130205631
        min: 0.124349951744
        var: 0.0104474360123
    pitch_salience:
        dmean: 0.0560726821423
        dmean2: 0.0885972157121
        dvar: 0.00263258838095
        dvar2: 0.00568411359563
        max: 0.971103012562
        mean: 0.658298790455
        min: 0.280758023262
        var: 0.00645237229764
    silence_rate_20dB:
        dmean: 0
        dmean2: 0
        dvar: 0
        dvar2: 0
        max: 1
        mean: 1
        min: 1
        var: 0
    silence_rate_30dB:
        dmean: 0
        dmean2: 0
        dvar: 0
        dvar2: 0
        max: 1
        mean: 1
        min: 1
        var: 0
    silence_rate_60dB:
        dmean: 0.0324074067175
        dmean2: 0.0649651959538
        dvar: 0.0313571542501
        dvar2: 0.0839468091726
        max: 1
        mean: 0.0369515009224
        min: 0
        var: 0.0355859622359
    spectral_centroid:
        dmean: 280.905181885
        dmean2: 440.464508057
        dvar: 49919.28125
        dvar2: 127364.632812
        max: 3001.05541992
        mean: 1961.02734375
        min: 703.520446777
        var: 188343.9375
    spectral_complexity:
        dmean: 3.91647338867
        dmean2: 6.38837194443
        dvar: 13.7285327911
        dvar2: 30.5584697723
        max: 42
        mean: 19.1226844788
        min: 0
        var: 42.3715171814
    spectral_crest:
        dmean: 1.89274001122
        dmean2: 3.08666205406
        dvar: 3.58022785187
        dvar2: 8.45299720764
        max: 21.8760910034
        mean: 6.70947313309
        min: 3.02932882309
        var: 8.59222316742
    spectral_decrease:
        dmean: 2.81028533777e-10
        dmean2: 4.52068438239e-10
        dvar: 9.0892008037e-20
        dvar2: 2.27919071236e-19
        max: -7.48249688544e-16
        mean: -1.20276821836e-09
        min: -3.4497595891e-09
        var: 1.89563895304e-19
    spectral_energy:
        dmean: 0.0012654485181
        dmean2: 0.00204019807279
        dvar: 2.22478593059e-06
        dvar2: 5.66088829146e-06
        max: 0.0171670354903
        mean: 0.00554518448189
        min: 3.17922532744e-09
        var: 4.42151895186e-06
    spectral_energyband_high:
        dmean: 0.000230114281294
        dmean2: 0.000374188442947
        dvar: 1.78712880938e-07
        dvar2: 4.72307789323e-07
        max: 0.00463561993092
        mean: 0.000592980650254
        min: 2.71209388281e-10
        var: 2.28775263622e-07
    spectral_energyband_low:
        dmean: 0.000162748561706
        dmean2: 0.000282823166344
        dvar: 3.91365269081e-08
        dvar2: 1.09385332792e-07
        max: 0.00169895112049
        mean: 0.000270385469776
        min: 1.23895865789e-10
        var: 4.70086902737e-08
    spectral_energyband_middle_high:
        dmean: 0.000704177014995
        dmean2: 0.00114523922093
        dvar: 8.27434917028e-07
        dvar2: 2.10581515603e-06
        max: 0.0127126127481
        mean: 0.00274351797998
        min: 7.96300692052e-10
        var: 3.11500866701e-06
    spectral_energyband_middle_low:
        dmean: 0.000699861964677
        dmean2: 0.00108497962356
        dvar: 4.49684051773e-07
        dvar2: 1.01003058717e-06
        max: 0.00912179332227
        mean: 0.00193829264026
        min: 1.98465444079e-09
        var: 1.32468824177e-06
    spectral_flatness_db:
        dmean: 0.0117108896375
        dmean2: 0.0178169496357
        dvar: 0.000141718919622
        dvar2: 0.000296675018035
        max: 0.22307510674
        mean: 0.126045495272
        min: 0.0563258826733
        var: 0.000406087783631
    spectral_flux:
        dmean: 0.00680455099791
        dmean2: 0.0109827527776
        dvar: 5.24753741047e-05
        dvar2: 0.000108667300083
        max: 0.103109061718
        mean: 0.0453306995332
        min: 5.63846188015e-05
        var: 0.000128222105559
    spectral_kurtosis:
        dmean: 0.4762545228
        dmean2: 0.790902018547
        dvar: 0.160677745938
        dvar2: 0.412876576185
        max: 6.5556974411
        mean: 2.74304771423
        min: 0.64590716362
        var: 1.02288687229
    spectral_rms:
        dmean: 0.000258072454017
        dmean2: 0.000409386673709
        dvar: 6.99766857792e-08
        dvar2: 1.63281882237e-07
        max: 0.00409247213975
        mean: 0.00228835176677
        min: 1.76115963768e-06
        var: 1.73380911406e-07
    spectral_rolloff:
        dmean: 261.595947266
        dmean2: 423.102294922
        dvar: 102459.820312
        dvar2: 249286.796875
        max: 4844.97070312
        mean: 3645.98925781
        min: 538.330078125
        var: 188399.515625
    spectral_skewness:
        dmean: 0.0974866002798
        dmean2: 0.15891815722
        dvar: 0.00820592511445
        dvar2: 0.0188460703939
        max: 1.94429218769
        mean: 1.32991802692
        min: 0.802760183811
        var: 0.0358706638217
    spectral_spread:
        dmean: 436234.3125
        dmean2: 639246.8125
        dvar: 942643740672
        dvar2: 1.00859622195e+12
        max: 26438946
        mean: 6033899.5
        min: 3785208.25
        var: 1.85427505971e+12
    spectral_strongpeak:
        dmean: 0.624446153641
        dmean2: 1.14100039005
        dvar: 0.916493713856
        dvar2: 2.60497713089
        max: 7.85913419724
        mean: 0.711785018444
        min: 9.62358717516e-06
        var: 0.974538683891
    zerocrossingrate:
        dmean: 0.00825773086399
        dmean2: 0.0103481560946
        dvar: 4.53430293419e-05
        dvar2: 7.4318399129e-05
        max: 0.1572265625
        mean: 0.112380415201
        min: 0.0390625
        var: 0.000276313279755
    barkbands:
        dmean: [5.7082967686e-08, 2.66031638603e-05, 0.000147779239342, 0.000196766399313, 0.000257082894677, 0.000365021376638, 0.000134124915348, 0.000115980044939, 9.73743080976e-05, 6.66980849928e-05, 3.87131694879e-05, 4.03446720156e-05, 2.23342976824e-05, 5.40889777767e-05, 8.66266709636e-05, 0.000138988572871, 0.000225116469664, 0.000200817070436, 0.00038560674875, 0.00020527545712, 0.000118781063065, 2.73793175438e-05, 7.19041963748e-06, 2.62168941845e-06, 1.93497680812e-06, 1.36483151891e-07, 7.01590174845e-10]
        dmean2: [7.89719436511e-08, 4.49743529316e-05, 0.000257877371041, 0.000334603886586, 0.000425095815444, 0.000544508569874, 0.000220454967348, 0.000193561121705, 0.000157939750352, 0.000115407478006, 6.4089501393e-05, 6.85364648234e-05, 3.82808721042e-05, 9.16801363928e-05, 0.000152679131133, 0.000244970346102, 0.000351700349711, 0.000349556765286, 0.000638516852632, 0.000339107064065, 0.000189111669897, 4.63991709694e-05, 1.15384782475e-05, 4.33848572357e-06, 2.82462360701e-06, 1.98306850052e-07, 1.18629639445e-09]
        dvar: [2.13885224636e-13, 2.15234208234e-09, 2.9710355065e-08, 5.54444987699e-08, 1.1578239878e-07, 3.99852467581e-07, 3.25628910502e-08, 3.14438253213e-08, 2.17357030152e-08, 1.16602434375e-08, 4.99655694597e-09, 2.80319878421e-09, 1.72030556467e-09, 6.83440992688e-09, 2.44867681687e-08, 5.16994518307e-08, 1.63850728541e-07, 1.29152766704e-07, 2.11936068695e-07, 1.07559941398e-07, 3.4370835067e-08, 2.50931164736e-09, 8.5266189942e-11, 8.65132791794e-12, 3.14377842335e-12, 2.13236817526e-14, 6.73956881209e-19]
        dvar2: [2.1647031498e-13, 5.82055514897e-09, 8.35067339722e-08, 1.57871653528e-07, 2.58121048091e-07, 8.41367352677e-07, 8.14037761643e-08, 8.16281726657e-08, 5.92499418417e-08, 3.38271313183e-08, 1.12264482155e-08, 7.13785208717e-09, 4.96458696375e-09, 1.9624510017e-08, 5.7640118456e-08, 1.49963625518e-07, 3.95215977278e-07, 3.95499199612e-07, 5.70922395582e-07, 2.92164600069e-07, 8.89788793756e-08, 5.72407321542e-09, 2.16121273655e-10, 2.26639384343e-11, 6.4983786581e-12, 4.51870901536e-14, 1.75684207876e-18]
        max: [9.75122748059e-06, 0.000329570320901, 0.00150342832785, 0.00196409178898, 0.0046848161146, 0.00844889506698, 0.00164155394305, 0.00155135686509, 0.00146753003355, 0.000979093834758, 0.000905335647985, 0.000437454902567, 0.000591902120505, 0.000994901405647, 0.00203246437013, 0.00197846931405, 0.00739383883774, 0.00538967596367, 0.00405492028221, 0.00372361298651, 0.00199985876679, 0.00055297970539, 0.000112603709567, 3.66899002984e-05, 2.34319923038e-05, 1.66429697401e-06, 6.83021550429e-09]
        mean: [1.02525518741e-07, 4.10190223192e-05, 0.000229274650337, 0.000248093478149, 0.000476264161989, 0.000693799520377, 0.000214801199036, 0.000153913089889, 0.000136157832458, 9.78114549071e-05, 6.18467893219e-05, 6.2837927544e-05, 3.4678963857e-05, 9.54069182626e-05, 0.000148727529449, 0.00023962634441, 0.000489421596285, 0.000395110982936, 0.00089094118448, 0.000469645805424, 0.000269586016657, 5.94862249272e-05, 1.93620253413e-05, 9.23239076656e-06, 7.63416664995e-06, 4.05761738875e-07, 9.2277935293e-10]
        min: [2.0698364897e-12, 4.78477465982e-11, 7.40145861267e-11, 9.90396445411e-11, 3.22141757714e-10, 4.13407308386e-10, 4.1978756582e-10, 3.65506847011e-10, 3.42899791894e-10, 9.32646737617e-11, 8.56381493497e-11, 9.3790614164e-11, 8.80581926821e-11, 9.81711378856e-11, 6.40115876971e-11, 3.6669514647e-11, 1.20886425869e-10, 1.20013401994e-10, 1.0477773163e-11, 6.42786726623e-11, 1.6048699869e-10, 1.01818154602e-11, 9.65084349241e-12, 1.19386054862e-11, 6.96982619189e-12, 7.4666783173e-12, 7.58992608346e-12]
        var: [2.20150923858e-13, 1.87085991143e-09, 3.76952655756e-08, 6.98074771321e-08, 2.29100095339e-07, 1.01765226646e-06, 5.46921619105e-08, 4.50083916803e-08, 3.45588233586e-08, 1.44467682262e-08, 9.212340224e-09, 3.8028984406e-09, 1.60772328783e-09, 1.64524678326e-08, 5.65170559241e-08, 7.29940339284e-08, 4.0695792336e-07, 2.2981156178e-07, 3.90022364627e-07, 1.30049315317e-07, 4.27844000228e-08, 3.761951195e-09, 2.36445057977e-10, 2.99971644746e-11, 1.32963657445e-11, 7.23899157848e-14, 8.92696522392e-19]
    mfcc:
        mean: [-672.72277832, 80.869178772, -33.6666908264, 57.7311973572, -7.1473441124, -16.3511810303, -3.3120508194, -10.7138023376, -3.52920627594, -8.41349029541, -7.98824548721, -6.70092868805, -4.43250846863]
        cov: [[1665.92041016, -118.171295166, -111.638305664, 98.6690673828, -2.24589014053, 28.691450119, -4.33103609085, 21.4236450195, -20.0580387115, 7.83113050461, 13.5356645584, -57.1263237, 16.1854934692], [-118.171295166, 144.878936768, -28.6497249603, -30.4253883362, 0.82587736845, -24.9403419495, 13.4359693527, -8.18200111389, 2.25156164169, -8.9031496048, 9.03913974762, 6.14891433716, 10.2394866943], [-111.638305664, -28.6497249603, 223.508895874, 18.5458450317, -43.2359657288, -13.2647104263, -26.5644340515, -25.0710124969, -5.86463975906, 18.6192111969, -7.43906736374, 9.35365867615, -11.2282104492], [98.6690673828, -30.4253883362, 18.5458450317, 84.3452072144, 29.7313766479, -8.14526462555, -11.3235197067, 6.07061719894, 1.31223022938, -4.90684461594, 4.29716920853, 2.197660923, 4.9491648674], [-2.24589014053, 0.82587736845, -43.2359657288, 29.7313766479, 93.5121383667, 17.6710891724, 13.5867776871, 23.6298103333, 11.4511785507, -2.13609194756, 4.01801776886, -0.140527099371, 5.96997404099], [28.691450119, -24.9403419495, -13.2647104263, -8.14526462555, 17.6710891724, 74.7803421021, 21.5457401276, 10.8167352676, 0.151860579848, 10.2003688812, -3.30375361443, -14.3510189056, -7.39235210419], [-4.33103609085, 13.4359693527, -26.5644340515, -11.3235197067, 13.5867776871, 21.5457401276, 67.8829650879, 36.9973640442, 5.13033294678, -4.19194602966, -1.13786530495, -4.20971918106, -1.89104938507], [21.4236450195, -8.18200111389, -25.0710124969, 6.07061719894, 23.6298103333, 10.8167352676, 36.9973640442, 79.4729766846, 29.3303565979, 0.36519920826, -1.00996482372, -1.33397090435, -1.68496966362], [-20.0580387115, 2.25156164169, -5.86463975906, 1.31223022938, 11.4511785507, 0.151860579848, 5.13033294678, 29.3303565979, 53.6434364319, 25.9102745056, 5.37076187134, -0.667856216431, -0.496732056141], [7.83113050461, -8.9031496048, 18.6192111969, -4.90684461594, -2.13609194756, 10.2003688812, -4.19194602966, 0.36519920826, 25.9102745056, 54.0958862305, 15.036157608, -2.15024328232, -4.25460720062], [13.5356645584, 9.03913974762, -7.43906736374, 4.29716920853, 4.01801776886, -3.30375361443, -1.13786530495, -1.00996482372, 5.37076187134, 15.036157608, 63.4132575989, 25.5416412354, 4.99235105515], [-57.1263237, 6.14891433716, 9.35365867615, 2.197660923, -0.140527099371, -14.3510189056, -4.20971918106, -1.33397090435, -0.667856216431, -2.15024328232, 25.5416412354, 47.3230056763, 13.6688814163], [16.1854934692, 10.2394866943, -11.2282104492, 4.9491648674, 5.96997404099, -7.39235210419, -1.89104938507, -1.68496966362, -0.496732056141, -4.25460720062, 4.99235105515, 13.6688814163, 37.7164421082]]
        icov: [[0.000823288864922, 0.000494130013976, 0.00062152656028, -0.00115803349763, 0.000750222359784, -7.7081087511e-05, 6.48417408229e-05, -0.000405902363127, 0.000753754982725, -0.000510801095515, -0.0005797597114, 0.00135383836459, -0.000760806491598], [0.000494130013976, 0.00972176156938, 0.000625139568001, 0.00334728159942, -0.00134588836227, 0.00422839354724, -0.00344902463257, 0.00289185042493, -0.00191180082038, 0.00193496607244, -0.0023111468181, 0.00209970655851, -0.00236839009449], [0.00062152656028, 0.000625139568001, 0.00651333248243, -0.00348145747557, 0.00347999925725, 4.36670779891e-05, 0.000574673642404, 0.000383378908737, 0.00153531262185, -0.00362659199163, 0.00200833543204, -0.00204589427449, 0.00154983473476], [-0.00115803349763, 0.00334728159942, -0.00348145747557, 0.0192272923887, -0.00823504943401, 0.0038762059994, 0.00219152099453, -0.000620927370619, -0.00121699040756, 0.00394960539415, -0.0023740187753, 0.00116943824105, -0.00150594313163], [0.000750222359784, -0.00134588836227, 0.00347999925725, -0.00823504943401, 0.0167143270373, -0.00471127405763, -0.00019949208945, -0.00246564182453, -0.00113318406511, -0.000333396630595, 7.84336298238e-05, -0.000340498110745, -0.00146866193973], [-7.7081087511e-05, 0.00422839354724, 4.36670779891e-05, 0.0038762059994, -0.00471127405763, 0.0194853842258, -0.00599631341174, 0.000679570133798, 0.00307827116922, -0.00430632708594, -0.000782948511187, 0.00462793139741, 0.00066521478584], [6.48417408229e-05, -0.00344902463257, 0.000574673642404, 0.00219152099453, -0.00019949208945, -0.00599631341174, 0.024531295523, -0.0125881340355, 0.00458605028689, 0.000494894396979, -0.00041149937897, 0.000545260962099, 0.000289034040179], [-0.000405902363127, 0.00289185042493, 0.000383378908737, -0.000620927370619, -0.00246564182453, 0.000679570133798, -0.0125881340355, 0.0253393650055, -0.0154354562983, 0.00627255346626, 0.000560836633667, -0.00184861791786, 0.00170906167477], [0.000753754982725, -0.00191180082038, 0.00153531262185, -0.00121699040756, -0.00113318406511, 0.00307827116922, 0.00458605028689, -0.0154354562983, 0.0365705192089, -0.0192505996674, 0.00163891247939, 0.000886873400304, -0.00109288690146], [-0.000510801095515, 0.00193496607244, -0.00362659199163, 0.00394960539415, -0.000333396630595, -0.00430632708594, 0.000494894396979, 0.00627255346626, -0.0192505996674, 0.033258408308, -0.0090872803703, 0.00453024124727, 0.000668970053084], [-0.0005797597114, -0.0023111468181, 0.00200833543204, -0.0023740187753, 7.84336298238e-05, -0.000782948511187, -0.00041149937897, 0.000560836633667, 0.00163891247939, -0.0090872803703, 0.024584447965, -0.015460790135, 0.00296972948126], [0.00135383836459, 0.00209970655851, -0.00204589427449, 0.00116943824105, -0.000340498110745, 0.00462793139741, 0.000545260962099, -0.00184861791786, 0.000886873400304, 0.00453024124727, -0.015460790135, 0.0361365415156, -0.011534945108], [-0.000760806491598, -0.00236839009449, 0.00154983473476, -0.00150594313163, -0.00146866193973, 0.00066521478584, 0.000289034040179, 0.00170906167477, -0.00109288690146, 0.000668970053084, 0.00296972948126, -0.011534945108, 0.0324441790581]]
    spectral_contrast:
        mean: [1.42296173067e-07, -1.23314007894e-08, 4.70947412623e-07, -3.70123103721e-07, -3.40691599376e-07, 3.79255240546e-08, 7.54509244416e-07, -1.13428188797e-06, 1.27763655655e-06, -2.87140551336e-06, 1.64878585451e-07, 1.18205525723e-06]
        var: [0.000285587244434, 0.000697055074852, 0.00116707454436, 0.00203859177418, 0.00221061776392, 0.00433120829985, 0.0344347767532, 0.058672580868, 0.105852968991, 0.116738878191, 0.135572776198, 0.761168420315]

rhythm:
    beats_loudness:
        dmean: 0.00241749314591
        dmean2: 0.00374120287597
        dvar: 2.76298055724e-06
        dvar2: 8.30867611512e-06
        max: 0.0114192096516
        mean: 0.00574545003474
        min: 0.00302969827317
        var: 4.45811974714e-06
    beats_loudness_bass:
        dmean: 0.0678547844291
        dmean2: 0.103816352785
        dvar: 0.00300115090795
        dvar2: 0.00659861881286
        max: 0.306060254574
        mean: 0.106242224574
        min: 0.0299380272627
        var: 0.00511033879593
    bpm: 107.644393921
    bpm_confidence: 0
    first_peak_bpm: 108
    first_peak_spread: 0
    first_peak_weight: 0.47619047761
    onset_rate: 2.29288744926
    second_peak_bpm: 161
    second_peak_spread: 0
    second_peak_weight: 0.47619047761
    beats_position: [0.057439416647, 0.614886283875, 1.1723331213, 1.72977995872, 2.28722667694, 2.84467363358, 3.40212059021, 3.95956730843, 4.51701402664, 5.07446098328, 5.63190793991, 6.04563999176, 6.41784000397, 6.79003953934, 7.16224002838, 7.53444004059, 7.90663957596, 8.27883911133, 8.65103912354, 9.02324008942, 9.39543914795, 9.76763916016]
    bpm_estimates: [107.974838257, 105.736801147, 108.65133667, 108.581825256, 107.277198792]
    bpm_intervals: [0.557446837425, 0.557446837425, 0.557446837425, 0.557446718216, 0.557446956635, 0.557446956635, 0.557446718216, 0.557446718216, 0.557446956635, 0.557446956635, 0.413732051849, 0.372200012207, 0.37219953537, 0.372200489044, 0.372200012207, 0.37219953537, 0.37219953537, 0.372200012207, 0.372200965881, 0.372199058533, 0.372200012207]
    onset_times: [0.0464399084449, 0.290249437094, 0.812698423862, 1.19582772255, 1.89242625237, 2.33360552788, 2.69351482391, 3.08825397491, 3.80807256699, 4.051882267, 4.13315200806, 4.7833108902, 4.93424034119, 5.31736946106, 5.67727899551, 6.06040811539, 6.40870761871, 6.53641700745, 7.16335582733, 7.56970500946, 8.28952407837, 8.66104316711, 9.78721046448]
    rubato_start: [6.41784000397]
    rubato_stop: [9.76763916016]
    perceptual_tempo: "unknown"

sfx:
    inharmonicity:
        dmean: 0.0601537339389
        dmean2: 0.108432680368
        dvar: 0.00410173973069
        dvar2: 0.0119776586071
        max: 0.427715569735
        mean: 0.0674663633108
        min: 0
        var: 0.00411909399554
    oddtoevenharmonicenergyratio:
        dmean: 3.35300517082
        dmean2: 6.45375299454
        dvar: 392.56060791
        dvar2: 1174.79101562
        max: 266.967315674
        mean: 2.18305706978
        min: 0
        var: 199.059371948
    pitch_after_max_to_before_max_energy_ratio: 15.8112373352
    pitch_centroid: 206.290817261
    pitch_max_to_total: 0.0347222238779
    pitch_min_to_total: 0.550925910473
    tristimulus:
        dmean: [0.190119743347, 0.298258274794, 0.17994093895]
        dmean2: [0.327873647213, 0.524061381817, 0.32237675786]
        dvar: [0.0250995233655, 0.0534981414676, 0.0226853247732]
        dvar2: [0.0673757940531, 0.148994803429, 0.0659937784076]
        max: [1, 0.976453483105, 0.780192911625]
        mean: [0.297929912806, 0.447781920433, 0.168053686619]
        min: [0.0177765227854, 0, 0]
        var: [0.0379256047308, 0.0706254839897, 0.030545450747]

tonal:
    chords_changes_rate: 0.0833333358169
    chords_number_rate: 0.037037037313
    chords_strength:
        dmean: 0.011025714688
        dmean2: 0.0109202256426
        dvar: 8.36135004647e-05
        dvar2: 7.89018376963e-05
        max: 0.676763653755
        mean: 0.540979266167
        min: 0.330628871918
        var: 0.00688447616994
    key_strength: 0.695681452751
    tuning_diatonic_strength: 0.630710363388
    tuning_equal_tempered_deviation: 0.157053664327
    tuning_frequency: 438.984558105
    tuning_nontempered_energy_ratio: 0.844033122063
    hpcp:
        dmean: [0.181257501245, 0.195372164249, 0.142469525337, 0.127304270864, 0.129663690925, 0.122778572142, 0.131149172783, 0.152134761214, 0.143713116646, 0.141607731581, 0.102664105594, 0.0937696769834, 0.104302607477, 0.114320203662, 0.134645015001, 0.148414820433, 0.159754708409, 0.153404995799, 0.138024672866, 0.129869535565, 0.168299287558, 0.21010504663, 0.212496206164, 0.16932502389, 0.140127584338, 0.0789986401796, 0.0516479462385, 0.0647489055991, 0.0843770503998, 0.11068136245, 0.149547234178, 0.155676454306, 0.144899591804, 0.15608279407, 0.165388002992, 0.171560153365]
        dmean2: [0.299547165632, 0.327365398407, 0.238762825727, 0.215487092733, 0.216927245259, 0.208252802491, 0.225832462311, 0.263634234667, 0.23969425261, 0.23355036974, 0.167786881328, 0.161537989974, 0.18064147234, 0.200564041734, 0.228464201093, 0.245526373386, 0.266917794943, 0.256712794304, 0.238202616572, 0.208408296108, 0.283593386412, 0.344560295343, 0.353322565556, 0.286104500294, 0.240530565381, 0.132564485073, 0.0828390643001, 0.107455737889, 0.142847046256, 0.18192024529, 0.249651938677, 0.262058615685, 0.238500952721, 0.257875740528, 0.272545546293, 0.28578260541]
        dvar: [0.030231082812, 0.0349106416106, 0.0204057302326, 0.0300501398742, 0.0318936631083, 0.025331960991, 0.0206024348736, 0.027520775795, 0.0218638367951, 0.026942320168, 0.0131269274279, 0.0121424784884, 0.0186440777034, 0.0256123878062, 0.0302389468998, 0.0260752700269, 0.0355501100421, 0.032813988626, 0.0325773581862, 0.026589024812, 0.0334150083363, 0.0387840978801, 0.0427258461714, 0.0286051277071, 0.0283833742142, 0.00833187811077, 0.00378698436543, 0.0069828866981, 0.0139951761812, 0.0156889818609, 0.0315541513264, 0.0265965145081, 0.0238528251648, 0.0242564305663, 0.0250268206, 0.0235145390034]
        dvar2: [0.0706952139735, 0.099480189383, 0.0514442324638, 0.0847498551011, 0.0908491611481, 0.0686427056789, 0.0540109500289, 0.0736315399408, 0.0678481385112, 0.0760147497058, 0.0321041233838, 0.0321878753603, 0.0469141080976, 0.0666099265218, 0.0868825539947, 0.0652957484126, 0.0793175846338, 0.0806369706988, 0.0931892246008, 0.0681389868259, 0.0883083641529, 0.116887927055, 0.10994631052, 0.0807090401649, 0.0773805305362, 0.0222482923418, 0.0105933388695, 0.0200431216508, 0.0382516533136, 0.0448491312563, 0.0804167315364, 0.0693507418036, 0.0635858178139, 0.0582130104303, 0.0635052025318, 0.054556582123]
        max: [1, 1, 1, 1, 1, 1, 0.976606011391, 1, 0.925135970116, 1, 0.908218801022, 0.791766226292, 1, 1, 1, 1, 1, 1, 1, 1, 1, 1, 1, 1, 1, 0.516146481037, 0.514421880245, 0.598437547684, 1, 1, 1, 1, 1, 1, 1, 1]
        mean: [0.470627605915, 0.385418921709, 0.255633145571, 0.209078192711, 0.18985491991, 0.192871466279, 0.231259137392, 0.242993727326, 0.24170152843, 0.247714728117, 0.198201999068, 0.152392804623, 0.157644256949, 0.175202101469, 0.222888290882, 0.297341227531, 0.321416854858, 0.270396649837, 0.208181276917, 0.194713130593, 0.281251162291, 0.430232852697, 0.394248187542, 0.254189908504, 0.177134349942, 0.111420936882, 0.0857232585549, 0.0982834175229, 0.139304578304, 0.231705695391, 0.341629743576, 0.321922630072, 0.267606675625, 0.290743798018, 0.318858653307, 0.39654353261]
        min: [0.017655685544, 0.0124195246026, 0.0067826048471, 0.00635205488652, 0.00765846576542, 0.00877339206636, 0.0109438318759, 0.0105735454708, 0.0115332165733, 0.00789586827159, 0.0115464283153, 0.00885760784149, 0.0103318411857, 0.00944550987333, 0.0113412868232, 0.00801538582891, 0.00405582273379, 0.00518150441349, 0.00864319968969, 0.00752956978977, 0.0121716279536, 0.0142716327682, 0.0098809748888, 0.00375349936076, 0.00373473763466, 0.00212898012251, 0.0014486333821, 0.00263256486505, 0.00501302629709, 0.00559531338513, 0.00655515911058, 0.00691766897216, 0.00997188966721, 0.0156237576157, 0.0146321784705, 0.0101508814842]
        var: [0.0982977449894, 0.070016272366, 0.0399287752807, 0.0414442867041, 0.0363706387579, 0.0275747161359, 0.0349737741053, 0.0506400316954, 0.0465540029109, 0.0667826160789, 0.0327261574566, 0.0160935148597, 0.0231295544654, 0.0298181753606, 0.0370979085565, 0.0630278810859, 0.0846450477839, 0.0712157636881, 0.0423513241112, 0.0418295152485, 0.0619613155723, 0.0910374447703, 0.0905080884695, 0.0530374906957, 0.0332088917494, 0.0105175431818, 0.00492626009509, 0.00928472168744, 0.0291321277618, 0.0517550781369, 0.109769299626, 0.0787805020809, 0.0484669543803, 0.0532133020461, 0.0539539530873, 0.0616366229951]
    chords_histogram: [58.796295166, 7.40740728378, 0.462962955236, 3.70370364189, 0, 0, 0, 5.55555534363, 2.77777767181, 0, 1.85185182095, 0, 0, 0, 0, 0, 0, 0, 1.38888883591, 0, 17.1296291351, 0, 0.925925910473, 0]
    thpcp: [1, 0.81894671917, 0.543174982071, 0.444253981113, 0.40340796113, 0.409817576408, 0.49138456583, 0.516318500042, 0.513572752476, 0.526349782944, 0.421144008636, 0.323807626963, 0.334966033697, 0.37227332592, 0.473598003387, 0.631797254086, 0.68295365572, 0.574544787407, 0.442348212004, 0.413730800152, 0.597608745098, 0.914168357849, 0.837707340717, 0.540108382702, 0.376379013062, 0.23674967885, 0.182146683335, 0.208834797144, 0.295997470617, 0.49233341217, 0.725902497768, 0.68402838707, 0.568616628647, 0.617778897285, 0.677517950535, 0.842584490776]
    chords_key: "A"
    chords_scale: "minor"
    key_key: "A"
    key_scale: "minor"
    chords_progression: ["C", "C", "Am", "Am", "Am", "Am", "Am", "Am", "Am", "Dm", "Dm", "G", "G", "G", "G", "G", "G", "G", "G", "Am", "Am", "Am", "Am", "Am", "Am", "Am", "Am", "Am", "C#m", "C#m", "C#m", "C#m", "C#m", "C#m", "A", "A", "A", "A", "A", "A", "A", "A", "A", "A", "Am", "Am", "Am", "Am", "Am", "Am", "Am", "Am", "Am", "Am", "Am", "Am", "Am", "Am", "Am", "Am", "Am", "Am", "Am", "Am", "Am", "Am", "Am", "Am", "Am", "Am", "Am", "Am", "Am", "Am", "Am", "G#m", "G#m", "G#m", "G#m", "Am", "Am", "Am", "Am", "Am", "Am", "Am", "Am", "Am", "Am", "Am", "Am", "Am", "Am", "Am", "Am", "Am", "Am", "Am", "Am", "Am", "Am", "Am", "Am", "Am", "Am", "Am", "Am", "Am", "Am", "Am", "Am", "Am", "Am", "Am", "Am", "Am", "C", "C", "C", "C", "C", "C", "C", "C", "C", "Gm", "Gm", "Gm", "Cm", "Cm", "Cm", "C", "C", "C", "C", "C", "Gm", "Gm", "Gm", "Gm", "Gm", "Gm", "Gm", "Gm", "Gm", "Gm", "Gm", "Gm", "Gm", "Gm", "Gm", "Gm", "Gm", "Gm", "Gm", "Gm", "Gm", "Gm", "Gm", "Gm", "Gm", "Gm", "Gm", "Gm", "Gm", "Gm", "Em", "Gm", "Gm", "Gm", "Gm", "Am", "Am", "Am", "Am", "Am", "Am", "Am", "Am", "Am", "Am", "Am", "Am", "Am", "Am", "Am", "Am", "Am", "Am", "Am", "Am", "Am", "Am", "Am", "Am", "Am", "Am", "Am", "Am", "Am", "Am", "Am", "Am", "Am", "Am", "Am", "Am", "Am", "Am", "Am", "Am", "Am", "Am", "Am", "A", "A"]
