
metadata:
    version:
        essentia: "1.2.2"
    audio_properties:
        analysis_sample_rate: 44100
        bitrate: 128
        channels: 2
        equal_loudness: 1
        length: 10.0048980713
        replay_gain: -11.5142383575
        downmix: "mix"
    tags:
        track: 7
        year: 0
        album: "Splitted by Mp3Splt v. 2.1"
        artist: "From 001.00 To 001.10"
        comment: "http://mp3splt.sf.net"
        genre: ""
        title: "06 Boost Dem [Conspiracy Mix]."

highlevel:
    ballroom:
        all:
            ChaChaCha: 0.508826076984
            Jive: 0.0437299869955
            Quickstep: 0.00521209090948
            Rumba-American: 0.000838852312881
            Rumba-International: 0.00949844904244
            Rumba-Misc: 0.0028912613634
            Samba: 0.428393870592
            Tango: 0.000261990440777
            VienneseWaltz: 0.000196203327505
            Waltz: 0.000151236235979
        probability: 0.508826076984
        value: "ChaChaCha"
    culture:
        all:
            non_western: 0.69762212038
            western: 0.30237787962
        probability: 0.69762212038
        value: "non_western"
    gender:
        all:
            female: 0.920552313328
            male: 0.0794476941228
        probability: 0.920552313328
        value: "female"
    genre_dortmund:
        all:
            alternative: 0.00506556918845
            blues: 0.00258039496839
            electronic: 0.363835453987
            folkcountry: 0.000757734756917
            funksoulrnb: 0.00947980862111
            jazz: 0.0155527442694
            pop: 0.00480507174507
            raphiphop: 0.548621058464
            rock: 0.0493021644652
        probability: 0.548621058464
        value: "raphiphop"
    genre_electronica:
        all:
            ambient: 0.0694233775139
            dnb: 0.344007760286
            house: 0.096369959414
            techno: 0.400306195021
            trance: 0.0898927226663
        probability: 0.400306195021
        value: "techno"
    genre_rosamerica:
        all:
            cla: 0.00425030617043
            dan: 0.325668126345
            hip: 0.502423405647
            jaz: 0.00573706207797
            pop: 0.0937318876386
            rhy: 0.0268810540438
            roc: 0.0329532511532
            spe: 0.008354912512
        probability: 0.502423405647
        value: "hip"
    genre_tzanetakis:
        all:
            blu: 0.00234609236941
            cla: 0.00236000725999
            cou: 0.0027537860442
            dis: 0.0215857289732
            hip: 0.0668463036418
            jaz: 0.00222439435311
            met: 0.013053085655
            pop: 0.784651517868
            reg: 0.0874928459525
            roc: 0.0166862476617
        probability: 0.784651517868
        value: "pop"
    live_studio:
        all:
            live: 0.199208706617
            studio: 0.80079126358
        probability: 0.80079126358
        value: "studio"
    mood:
        all:
            Cluster1: 0.2970033288
            Cluster2: 0.177623793483
            Cluster3: 0.110669732094
            Cluster4: 0.05172913149
            Cluster5: 0.362974017859
        probability: 0.362974017859
        value: "Cluster5"
    mood_acoustic:
        all:
            acoustic: 0.00808653235435
            not_acoustic: 0.991913437843
        probability: 0.991913437843
        value: "not_acoustic"
    mood_aggressive:
        all:
            aggressive: 0.125089839101
            not_aggressive: 0.8749101758
        probability: 0.8749101758
        value: "not_aggressive"
    mood_electronic:
        all:
            electronic: 0.968905746937
            not_electronic: 0.0310942605138
        probability: 0.968905746937
        value: "electronic"
    mood_happy:
        all:
            happy: 0.177348062396
            not_happy: 0.822651922703
        probability: 0.822651922703
        value: "not_happy"
    mood_party:
        all:
            not_party: 0.0588501170278
            party: 0.941149890423
        probability: 0.941149890423
        value: "party"
    mood_relaxed:
        all:
            not_relaxed: 0.964915752411
            relaxed: 0.0350842215121
        probability: 0.964915752411
        value: "not_relaxed"
    mood_sad:
        all:
            not_sad: 0.983470737934
            sad: 0.0165292341262
        probability: 0.983470737934
        value: "not_sad"
    rhythm:
        all:
            fast: 0.116554707289
            medium: 0.735759139061
            slow: 0.147686168551
        probability: 0.735759139061
        value: "medium"
    speech_music:
        all:
            music: 0.999791800976
            speech: 0.000208220648346
        probability: 0.999791800976
        value: "music"
    timbre:
        all:
            bright: 0.041996024549
            dark: 0.958003997803
        probability: 0.958003997803
        value: "dark"
    voice_instrumental:
        all:
            instrumental: 0.106352113187
            voice: 0.893647909164
        probability: 0.893647909164
        value: "voice"

lowlevel:
    average_loudness: 0.954458653927
    barkbands_kurtosis:
        dmean: 6.2238702774
        dmean2: 9.20760345459
        dvar: 260.508514404
        dvar2: 540.106506348
        max: 203.809524536
        mean: 6.70189285278
        min: -1.82521176338
        var: 430.472808838
    barkbands_skewness:
        dmean: 0.971185863018
        dmean2: 1.37323963642
        dvar: 1.48500525951
        dvar2: 3.3288834095
        max: 12.8343782425
        mean: 0.660096824169
        min: -3.12726688385
        var: 5.88042879105
    barkbands_spread:
        dmean: 10.5167942047
        dmean2: 16.4552516937
        dvar: 128.029571533
        dvar2: 292.724578857
        max: 81.6372299194
        mean: 27.3920726776
        min: 0.597916662693
        var: 274.562072754
    dissonance:
        dmean: 0.0156666375697
        dmean2: 0.0262477565557
        dvar: 0.000337812904036
        dvar2: 0.000918167585041
        max: 0.49986872077
        mean: 0.473701238632
        min: 0.353295922279
        var: 0.000566708156839
    hfc:
        dmean: 3.25621461868
        dmean2: 4.62329339981
        dvar: 22.0111103058
        dvar2: 42.195640564
        max: 50.2716331482
        mean: 7.30171012878
        min: 0.00425421679392
        var: 94.9988479614
    pitch:
        dmean: 839.698608398
        dmean2: 1599.66931152
        dvar: 1719841
        dvar2: 4203732
        max: 5512.5
        mean: 1245.2175293
        min: 54.3773117065
        var: 2180361.25
    pitch_instantaneous_confidence:
        dmean: 0.101850308478
        dmean2: 0.158851802349
        dvar: 0.00768261449412
        dvar2: 0.0164781138301
        max: 0.872599422932
        mean: 0.392425537109
        min: 0.149512648582
        var: 0.0212777014822
    pitch_salience:
        dmean: 0.106304802001
        dmean2: 0.165550932288
        dvar: 0.0101693551987
        dvar2: 0.0251284297556
        max: 0.893609106541
        mean: 0.595280826092
        min: 0.127875193954
        var: 0.0264135692269
    silence_rate_20dB:
        dmean: 0
        dmean2: 0
        dvar: 0
        dvar2: 0
        max: 1
        mean: 1
        min: 1
        var: 0
    silence_rate_30dB:
        dmean: 0
        dmean2: 0
        dvar: 0
        dvar2: 0
        max: 1
        mean: 1
        min: 1
        var: 0
    silence_rate_60dB:
        dmean: 0.162412986159
        dmean2: 0.325581401587
        dvar: 0.136035487056
        dvar2: 0.261438518763
        max: 1
        mean: 0.576388895512
        min: 0
        var: 0.244163960218
    spectral_centroid:
        dmean: 478.106506348
        dmean2: 677.684082031
        dvar: 361119.40625
        dvar2: 637178.875
        max: 5426.57275391
        mean: 1690.15332031
        min: 84.4934005737
        var: 1455664.5
    spectral_complexity:
        dmean: 3.63255810738
        dmean2: 5.62937068939
        dvar: 26.2416763306
        dvar2: 52.7460212708
        max: 45
        mean: 9.50580024719
        min: 0
        var: 103.822929382
    spectral_crest:
        dmean: 3.0481967926
        dmean2: 4.70161628723
        dvar: 7.60675382614
        dvar2: 17.1144771576
        max: 25.6394367218
        mean: 9.46091461182
        min: 2.51288771629
        var: 21.5177574158
    spectral_decrease:
        dmean: 3.99575261767e-10
        dmean2: 6.12080552909e-10
        dvar: 3.69014938933e-19
        dvar2: 9.1841853072e-19
        max: -1.03555998412e-12
        mean: -7.56575357919e-10
        min: -4.56779902791e-09
        var: 5.23738038536e-19
    spectral_energy:
        dmean: 0.00177083048038
        dmean2: 0.00267233373597
        dvar: 6.61127342028e-06
        dvar2: 1.62760134117e-05
        max: 0.0194409377873
        mean: 0.00351777928881
        min: 4.29430883742e-06
        var: 1.16346818686e-05
    spectral_energyband_high:
        dmean: 0.000282691267785
        dmean2: 0.000355670024874
        dvar: 2.15486181787e-07
        dvar2: 3.29407839672e-07
        max: 0.00636632181704
        mean: 0.000578353763558
        min: 5.43743006176e-08
        var: 1.10495204808e-06
    spectral_energyband_low:
        dmean: 0.00034322400461
        dmean2: 0.000494691135827
        dvar: 3.64524453289e-07
        dvar2: 8.36841593355e-07
        max: 0.00542993564159
        mean: 0.00058484938927
        min: 1.26083037344e-08
        var: 6.66054461362e-07
    spectral_energyband_middle_high:
        dmean: 0.0008092384669
        dmean2: 0.0012311473256
        dvar: 1.34779395466e-06
        dvar2: 3.21757670463e-06
        max: 0.008699006401
        mean: 0.00153521425091
        min: 1.36624055358e-06
        var: 3.48910657522e-06
    spectral_energyband_middle_low:
        dmean: 0.000784145668149
        dmean2: 0.00133230141364
        dvar: 3.193437351e-06
        dvar2: 8.48853051139e-06
        max: 0.0115058002993
        mean: 0.000819346867502
        min: 1.65363883298e-06
        var: 2.5348424515e-06
    spectral_flatness_db:
        dmean: 0.0325774140656
        dmean2: 0.0484245084226
        dvar: 0.00120474433061
        dvar2: 0.00251043448225
        max: 0.411235898733
        mean: 0.166374966502
        min: 0.0609348602593
        var: 0.00327370059676
    spectral_flux:
        dmean: 0.0119033567607
        dmean2: 0.0181893501431
        dvar: 0.000247439573286
        dvar2: 0.000458478258224
        max: 0.121308386326
        mean: 0.0365072563291
        min: 0.00173246336635
        var: 0.000617934740148
    spectral_kurtosis:
        dmean: 2.00572061539
        dmean2: 3.0925655365
        dvar: 9.60562133789
        dvar2: 20.3988170624
        max: 39.5552177429
        mean: 3.43085408211
        min: -0.639842748642
        var: 17.6671581268
    spectral_rms:
        dmean: 0.00043199423817
        dmean2: 0.000619035796262
        dvar: 2.74560477465e-07
        dvar2: 5.99923112077e-07
        max: 0.00435508508235
        mean: 0.00162294483744
        min: 6.4726882556e-05
        var: 7.98028395366e-07
    spectral_rolloff:
        dmean: 759.070251465
        dmean2: 1245.2109375
        dvar: 1363154
        dvar2: 2594862.75
        max: 7127.49023438
        mean: 2801.56665039
        min: 86.1328125
        var: 3581402
    spectral_skewness:
        dmean: 0.341195464134
        dmean2: 0.493341684341
        dvar: 0.191563844681
        dvar2: 0.380746662617
        max: 5.01269674301
        mean: 1.34974932671
        min: 0.0806379169226
        var: 0.475530385971
    spectral_spread:
        dmean: 1132352
        dmean2: 1597915.75
        dvar: 1.97242283622e+12
        dvar2: 3.70925266534e+12
        max: 13957449
        mean: 5422470
        min: 1869212.375
        var: 4.24311337779e+12
    spectral_strongpeak:
        dmean: 0.519529879093
        dmean2: 0.883353412151
        dvar: 0.611702859402
        dvar2: 1.58247733116
        max: 5.11833667755
        mean: 0.620625793934
        min: 0.00307583599351
        var: 0.853288829327
    zerocrossingrate:
        dmean: 0.0181992650032
        dmean2: 0.0200297757983
        dvar: 0.000347978493664
        dvar2: 0.000400077813538
        max: 0.22705078125
        mean: 0.0904747769237
        min: 0.005859375
        var: 0.00279508554377
    barkbands:
        dmean: [1.25108374505e-06, 0.000104121754703, 0.000279444589978, 0.000155270769028, 0.000455104396679, 0.000102335667179, 4.56897178083e-05, 5.92516262259e-05, 0.000105011335108, 0.000112495734356, 4.29774554505e-05, 3.64059014828e-05, 3.53007999365e-05, 4.70269296784e-05, 4.1047722334e-05, 0.000223196257139, 0.000161963369465, 8.14109589555e-05, 0.000288910785457, 0.000121999975818, 0.000116405048175, 8.35142927826e-05, 2.10237794818e-05, 8.3458789959e-06, 3.98354814024e-06, 8.57023536582e-08, 2.59919724632e-10]
        dmean2: [1.28259591747e-06, 0.000162526848726, 0.000392205402022, 0.000280374166323, 0.000772494822741, 0.000188967198483, 7.93520230218e-05, 0.000104091370304, 0.000178675370989, 0.000184811899089, 7.62151466915e-05, 6.28173147561e-05, 6.04324268352e-05, 7.61847404647e-05, 7.03316909494e-05, 0.000377822172595, 0.000261914858129, 0.000132481160108, 0.000427496503107, 0.000167260179296, 0.000159767834703, 0.000115697097499, 2.94585224765e-05, 1.3216638763e-05, 6.61918375044e-06, 1.39251497444e-07, 4.04643679675e-10]
        dvar: [3.66232261531e-12, 2.37835742212e-08, 2.8336691571e-07, 3.98315933126e-07, 1.21250513985e-06, 7.69053016825e-08, 7.6867481269e-09, 1.5217256788e-08, 5.76637972927e-08, 1.30160756839e-07, 8.80153372407e-09, 3.78501407994e-09, 3.85078990917e-09, 9.55789225543e-09, 4.63102800552e-09, 1.8209688335e-07, 1.18954368133e-07, 2.65828514756e-08, 2.59351367049e-07, 4.2876280304e-08, 4.25739266063e-08, 2.27971401756e-08, 1.27709265385e-09, 2.10675504819e-10, 6.31630858727e-11, 2.00238724256e-14, 3.38797441791e-18]
        dvar2: [4.82642875319e-12, 5.91367843583e-08, 6.64496894842e-07, 1.14947715701e-06, 3.16404066325e-06, 2.19114639322e-07, 2.14348290228e-08, 4.30909423699e-08, 1.60290568374e-07, 3.22557525578e-07, 2.49405758268e-08, 9.92872717376e-09, 9.42357658573e-09, 2.60629047233e-08, 1.2945996275e-08, 4.70650633133e-07, 2.97991533671e-07, 6.62399415319e-08, 5.27560814589e-07, 7.28362650193e-08, 7.94619765543e-08, 4.064424175e-08, 2.32208141604e-09, 5.1054505068e-10, 1.64043861828e-10, 4.96664239954e-14, 3.57678190824e-18]
        max: [2.64633526967e-05, 0.00109291821718, 0.00439570518211, 0.00587028730661, 0.00734296999872, 0.00212332373485, 0.000600889092311, 0.00139859237242, 0.00179496093187, 0.00403385143727, 0.000875603873283, 0.000430193322245, 0.000432403699961, 0.000772199244238, 0.000436507514678, 0.00309170992114, 0.00272954208776, 0.00151729618665, 0.00535435415804, 0.00239992211573, 0.00256317551248, 0.00198269682005, 0.000434013811173, 0.000142163742566, 6.66897249175e-05, 8.99920280517e-07, 3.79146030127e-08]
        mean: [4.55828740087e-06, 0.000201193513931, 0.000379114469979, 0.000114718146506, 0.000384783663321, 8.31038123579e-05, 4.3511918193e-05, 6.06396715739e-05, 0.000113899732241, 0.000100873010524, 5.25772156834e-05, 4.162210098e-05, 4.28331113653e-05, 5.36166517122e-05, 5.69539624848e-05, 0.000244491850026, 0.000213982231799, 0.000128703642986, 0.00052719831001, 0.000234892373555, 0.000225595664233, 0.000151724118041, 3.99270102207e-05, 1.23063337014e-05, 4.85394002681e-06, 1.05745876056e-07, 2.36549307919e-10]
        min: [1.7103207739e-10, 2.81144352243e-09, 2.20119344974e-09, 8.54714699017e-09, 4.51039490201e-08, 6.70163160521e-08, 8.99029899415e-08, 1.52997728264e-07, 8.87249598236e-08, 4.51949802027e-08, 4.14994296705e-08, 3.78822200275e-08, 4.1636905479e-08, 1.87510078575e-08, 5.14266140783e-08, 7.56115667855e-08, 5.15586373595e-09, 5.57526336209e-09, 3.14234185339e-08, 1.50905794527e-08, 2.85837700176e-08, 1.27899717484e-08, 1.45645218108e-09, 1.00790320534e-09, 8.19805778818e-10, 2.53536878991e-11, 2.4774141614e-14]
        var: [2.11523003973e-11, 4.97922663101e-08, 4.32870308487e-07, 2.31198683309e-07, 1.01045566225e-06, 4.60879583386e-08, 6.01590288696e-09, 1.2105351388e-08, 6.38080024373e-08, 1.13118808542e-07, 8.64489191343e-09, 3.94999366549e-09, 4.43672609762e-09, 1.08606199589e-08, 6.58506094098e-09, 1.89166840414e-07, 1.78506851967e-07, 5.11453350782e-08, 8.12669384231e-07, 1.76841780331e-07, 1.64755903143e-07, 8.99088163919e-08, 5.47313439014e-09, 4.91757745635e-10, 7.50075349054e-11, 3.01655368165e-14, 3.37731598892e-18]
    mfcc:
        mean: [-767.86315918, 89.5978164673, -27.4914665222, 49.1856918335, -10.0480480194, 9.26109027863, 2.17825913429, 5.55333375931, 5.1376376152, 0.447631031275, -4.82298660278, -4.29308509827, 3.92847704887]
        cov: [[10628.8417969, -2645.70751953, -737.021850586, 416.105682373, 149.327301025, -344.634735107, -294.029205322, -98.402923584, -182.782165527, -170.680664062, -68.4280776978, -14.8058662415, -103.948425293], [-2645.70751953, 2804.26196289, -34.2417449951, 24.1257305145, 153.640731812, 202.922271729, 223.648422241, 134.804534912, 301.983947754, 142.061264038, 47.9801025391, 40.8993148804, 81.134803772], [-737.021850586, -34.2417449951, 1041.79199219, 202.769821167, 110.2758255, 45.7051353455, 96.6519012451, 68.1139602661, -54.6250495911, -71.2676849365, 2.36578416824, 24.8606891632, -32.3334693909], [416.105682373, 24.1257305145, 202.769821167, 916.536193848, 376.134552002, 58.7849655151, 184.337936401, 176.7109375, -41.2829742432, -62.9730377197, 50.8026390076, 68.3628387451, 30.9922027588], [149.327301025, 153.640731812, 110.2758255, 376.134552002, 324.24230957, 94.1145629883, 103.527267456, 78.9080657959, 22.8690910339, 3.90649843216, 45.7839927673, 52.346244812, 41.4299583435], [-344.634735107, 202.922271729, 45.7051353455, 58.7849655151, 94.1145629883, 211.821151733, 91.906578064, 31.6445789337, 30.5997657776, 41.1558914185, 13.635342598, 16.5332202911, 30.1103401184], [-294.029205322, 223.648422241, 96.6519012451, 184.337936401, 103.527267456, 91.906578064, 164.077758789, 96.7670440674, 63.2156486511, 41.2632408142, 32.0900497437, 30.5629138947, 28.4597969055], [-98.402923584, 134.804534912, 68.1139602661, 176.7109375, 78.9080657959, 31.6445789337, 96.7670440674, 146.116790771, 78.3691864014, 47.8902130127, 30.9730968475, 17.2761096954, 27.2130661011], [-182.782165527, 301.983947754, -54.6250495911, -41.2829742432, 22.8690910339, 30.5997657776, 63.2156486511, 78.3691864014, 186.534118652, 126.39453125, 46.1175270081, 30.0886535645, 45.2780303955], [-170.680664062, 142.061264038, -71.2676849365, -62.9730377197, 3.90649843216, 41.1558914185, 41.2632408142, 47.8902130127, 126.39453125, 155.378311157, 73.2478637695, 38.4127731323, 50.9657096863], [-68.4280776978, 47.9801025391, 2.36578416824, 50.8026390076, 45.7839927673, 13.635342598, 32.0900497437, 30.9730968475, 46.1175270081, 73.2478637695, 94.318031311, 62.5336608887, 46.5379676819], [-14.8058662415, 40.8993148804, 24.8606891632, 68.3628387451, 52.346244812, 16.5332202911, 30.5629138947, 17.2761096954, 30.0886535645, 38.4127731323, 62.5336608887, 92.9281921387, 56.185382843], [-103.948425293, 81.134803772, -32.3334693909, 30.9922027588, 41.4299583435, 30.1103401184, 28.4597969055, 27.2130661011, 45.2780303955, 50.9657096863, 46.5379676819, 56.185382843, 93.2178039551]]
        icov: [[0.00015559529129, 0.000155303176143, 0.000132399596623, -7.84476942499e-05, -0.000188156889635, 9.31643662625e-05, 0.00017744449724, 1.95920692931e-05, -0.000274224730674, 0.000116646566312, 0.000139298033901, -0.000172781874426, 0.000207997538382], [0.000155303176143, 0.000643929059152, 0.000161857533385, -1.66595555129e-06, -0.000281082378933, -0.000169449980604, -0.000257546489593, 0.000252245430602, -0.00134106189944, 0.000783577444963, -6.84693077346e-05, 2.31253525271e-05, 9.72825364443e-05], [0.000132399596623, 0.000161857533385, 0.00128410628531, 0.000171805848368, -0.000424506899435, -8.47390037961e-06, -0.000484366144519, -0.000737472204491, 0.000175930559635, 0.000831431883853, -0.000124812402646, -0.000920417485759, 0.00102667009924], [-7.84476942499e-05, -1.66595555129e-06, 0.000171805848368, 0.0035852722358, -0.00303774536587, 0.00102210708428, -0.00200967700221, -0.00324359978549, 0.00239903014153, 0.00119795638602, -0.000512986152899, -0.00111157854553, 0.000467839301564], [-0.000188156889635, -0.000281082378933, -0.000424506899435, -0.00303774536587, 0.00785007793456, -0.00274849962443, 0.000535184866749, 0.00124294427224, -0.00212195026688, 0.0017581989523, -0.00231168349274, 0.000356059230398, -0.00122093118262], [9.31643662625e-05, -0.000169449980604, -8.47390037961e-06, 0.00102210708428, -0.00274849962443, 0.00825659837574, -0.00490452488884, 0.0011961676646, 0.00300991209224, -0.00413512671366, 0.00335308979265, 8.20371424197e-05, -0.0013132217573], [0.00017744449724, -0.000257546489593, -0.000484366144519, -0.00200967700221, 0.000535184866749, -0.00490452488884, 0.0160657018423, -0.00555903511122, -0.00257507571951, 0.000399157055654, -0.000305984198349, -0.00182316021528, 0.00127063738182], [1.95920692931e-05, 0.000252245430602, -0.000737472204491, -0.00324359978549, 0.00124294427224, 0.0011961676646, -0.00555903511122, 0.0175769925117, -0.00674627814442, -0.000368265085854, -0.00147450866643, 0.00498758582398, -0.00253982306458], [-0.000274224730674, -0.00134106189944, 0.000175930559635, 0.00239903014153, -0.00212195026688, 0.00300991209224, -0.00257507571951, -0.00674627814442, 0.0202472060919, -0.0147561496124, 0.00680651981384, -0.00337031087838, -0.000282142340438], [0.000116646566312, 0.000783577444963, 0.000831431883853, 0.00119795638602, 0.0017581989523, -0.00413512671366, 0.000399157055654, -0.000368265085854, -0.0147561496124, 0.0275657847524, -0.0175174064934, 0.00470205117017, -0.00211447989568], [0.000139298033901, -6.84693077346e-05, -0.000124812402646, -0.000512986152899, -0.00231168349274, 0.00335308979265, -0.000305984198349, -0.00147450866643, 0.00680651981384, -0.0175174064934, 0.032770331949, -0.0155156683177, 7.32993576094e-05], [-0.000172781874426, 2.31253525271e-05, -0.000920417485759, -0.00111157854553, 0.000356059230398, 8.20371424197e-05, -0.00182316021528, 0.00498758582398, -0.00337031087838, 0.00470205117017, -0.0155156683177, 0.0274833738804, -0.010999482125], [0.000207997538382, 9.72825364443e-05, 0.00102667009924, 0.000467839301564, -0.00122093118262, -0.0013132217573, 0.00127063738182, -0.00253982306458, -0.000282142340438, -0.00211447989568, 7.32993576094e-05, -0.010999482125, 0.020281996578]]
    spectral_contrast:
        mean: [4.99003078858e-07, 9.51634504531e-09, 2.34801333932e-07, -1.28086028894e-07, 2.5065759246e-07, -5.96910808781e-07, -3.41371423929e-06, 1.50588164161e-06, -1.63186726354e-07, -4.08713594879e-06, 2.61651933897e-07, -4.64335380457e-06]
        var: [0.000582321430556, 0.00100007560104, 0.00162441062275, 0.00251188804395, 0.00285104289651, 0.0073480065912, 0.0896836668253, 0.163846179843, 0.348468542099, 0.81379544735, 1.19891810417, 5.0005569458]

rhythm:
    beats_loudness:
        dmean: 0.00268566934392
        dmean2: 0.00401073554531
        dvar: 2.65651965492e-06
        dvar2: 1.02756566775e-05
        max: 0.0117754125968
        mean: 0.00648793112487
        min: 0.00208543962799
        var: 9.30621990847e-06
    beats_loudness_bass:
        dmean: 0.0720524713397
        dmean2: 0.134144678712
        dvar: 0.00543295359239
        dvar2: 0.0134222172201
        max: 0.293466895819
        mean: 0.0559779889882
        min: 0.002443165984
        var: 0.00574701139703
    bpm: 88.8364868164
    bpm_confidence: 0
    first_peak_bpm: 89
    first_peak_spread: 0.0769230723381
    first_peak_weight: 0.923076927662
    onset_rate: 4.89760112762
    second_peak_bpm: 0
    second_peak_spread: 0
    second_peak_weight: 0
    beats_position: [0.590494632721, 1.26493763924, 1.93938064575, 2.61382365227, 3.28826665878, 3.9627096653, 4.63715267181, 5.31159591675, 6.01356554031, 6.68992567062, 7.3662853241, 8.04264545441, 8.71900463104, 9.39536571503]
    bpm_estimates: [89.2013397217, 88.9004592896, 89.0268096924, 88.8689117432, 88.8882751465, 88.9460754395, 88.9076461792, 88.978729248, 88.9614257812, 88.9441375732, 88.9893341064, 88.7005310059, 89.0938034058, 88.7440490723, 88.5265579224, 88.8001098633, 88.6133651733, 88.6102752686, 88.4512863159, 88.5765914917]
    bpm_intervals: [0.674443006516, 0.674443006516, 0.674443006516, 0.674443006516, 0.674443006516, 0.674443006516, 0.674443244934, 0.701969623566, 0.67636013031, 0.676359653473, 0.67636013031, 0.676359176636, 0.676361083984]
    onset_times: [0.0348299331963, 0.18575963378, 0.417959183455, 0.580498874187, 0.917188227177, 1.25387752056, 1.764716506, 1.93886625767, 2.27555561066, 2.46131515503, 2.62385487556, 2.89088439941, 3.13469386101, 3.29723358154, 3.65714287758, 3.98222231865, 4.23764181137, 4.49306106567, 4.7020406723, 4.80653047562, 5.00390005112, 5.16644001007, 5.32897949219, 5.50312948227, 5.66566896439, 5.95591831207, 6.17650794983, 6.35065746307, 6.51319742203, 6.68734693527, 6.80344676971, 7.19818592072, 7.37233543396, 7.46521520615, 7.69741487503, 7.87156438828, 8.04571437836, 8.13859367371, 8.38240337372, 8.55655288696, 8.71909332275, 8.8119726181, 8.99773216248, 9.06739234924, 9.22993183136, 9.4040813446, 9.50857162476, 9.74077129364, 9.91492080688]
    rubato_start: []
    rubato_stop: []
    perceptual_tempo: "unknown"

sfx:
    inharmonicity:
        dmean: 0.0546623505652
        dmean2: 0.0962688475847
        dvar: 0.00421597156674
        dvar2: 0.0122380033135
        max: 0.390417098999
        mean: 0.0570441409945
        min: 1.11603631012e-05
        var: 0.00486424006522
    oddtoevenharmonicenergyratio:
        dmean: 6.21381282806
        dmean2: 11.9063549042
        dvar: 748.18536377
        dvar2: 2293.85058594
        max: 256.596923828
        mean: 3.61708498001
        min: 2.37317981373e-05
        var: 397.924346924
    pitch_after_max_to_before_max_energy_ratio: 0.910101115704
    pitch_centroid: 201.062179565
    pitch_max_to_total: 0.614849209785
    pitch_min_to_total: 0.986078858376
    tristimulus:
        dmean: [0.205119818449, 0.24253231287, 0.133379027247]
        dmean2: [0.360620558262, 0.428679287434, 0.233018696308]
        dvar: [0.0371357724071, 0.0464915521443, 0.0213313754648]
        dvar2: [0.0882773697376, 0.129763796926, 0.0519617646933]
        max: [0.985465526581, 0.973766863346, 0.837340772152]
        mean: [0.407433539629, 0.39445489645, 0.163271605968]
        min: [0.0217179469764, 0, 0]
        var: [0.087760694325, 0.0760063752532, 0.0333508402109]

tonal:
    chords_changes_rate: 0.0599078349769
    chords_number_rate: 0.0230414755642
    chords_strength:
        dmean: 0.0105186058208
        dmean2: 0.0125338509679
        dvar: 5.4693507991e-05
        dvar2: 0.0001005702361
        max: 0.631259560585
        mean: 0.455925762653
        min: 0.294895023108
        var: 0.00907231681049
    key_strength: 0.48630079627
    tuning_diatonic_strength: 0.494941860437
    tuning_equal_tempered_deviation: 0.332743555307
    tuning_frequency: 445.627075195
    tuning_nontempered_energy_ratio: 0.942299962044
    hpcp:
        dmean: [0.238006472588, 0.222868263721, 0.161179706454, 0.118131630123, 0.100981779397, 0.126511916518, 0.163614779711, 0.150809079409, 0.162205278873, 0.225841581821, 0.248305380344, 0.170167982578, 0.134607836604, 0.159518137574, 0.1688811481, 0.14693325758, 0.128715217113, 0.116151914001, 0.118604429066, 0.150302812457, 0.128188401461, 0.0926921367645, 0.0964163839817, 0.0965853780508, 0.0816504880786, 0.0627835094929, 0.0988700315356, 0.133576467633, 0.116871491075, 0.114833831787, 0.154255986214, 0.214245378971, 0.271746397018, 0.264738976955, 0.292071074247, 0.28664919734]
        dmean2: [0.407989829779, 0.384273767471, 0.285120427608, 0.196029022336, 0.172462061048, 0.207146242261, 0.283932477236, 0.236845046282, 0.257399946451, 0.39102011919, 0.42216399312, 0.277606099844, 0.221484228969, 0.276270747185, 0.278653740883, 0.236541673541, 0.212237223983, 0.195174112916, 0.199315354228, 0.259146332741, 0.222434967756, 0.162844032049, 0.173384934664, 0.16987426579, 0.138605922461, 0.106374926865, 0.168208882213, 0.232730299234, 0.19559904933, 0.183010652661, 0.250594884157, 0.350032955408, 0.475864470005, 0.474506765604, 0.483788996935, 0.473722010851]
        dvar: [0.0540207661688, 0.0622087195516, 0.0454162210226, 0.0223840139806, 0.0190704502165, 0.025522923097, 0.0427413396537, 0.0335467755795, 0.0386234000325, 0.0588572472334, 0.0653078183532, 0.038468260318, 0.0264317560941, 0.0408122055233, 0.0390414483845, 0.0298544671386, 0.0162671282887, 0.0182058662176, 0.0186713561416, 0.0406385622919, 0.0398980639875, 0.015986122191, 0.0304441526532, 0.0232399012893, 0.0185101665556, 0.00756290741265, 0.0245226994157, 0.0331789292395, 0.0212495755404, 0.0190055351704, 0.0307227596641, 0.0580330118537, 0.0778448283672, 0.0586380064487, 0.0552765764296, 0.0685730651021]
        dvar2: [0.153497636318, 0.173353001475, 0.120229057968, 0.0609971433878, 0.0487420298159, 0.0639405921102, 0.108186423779, 0.0876076966524, 0.0820211172104, 0.160395294428, 0.181337714195, 0.10005184263, 0.07112326473, 0.116371795535, 0.0927973166108, 0.0746907666326, 0.0412157848477, 0.0449116453528, 0.0436051674187, 0.110099807382, 0.114106886089, 0.0468648150563, 0.0877999737859, 0.0655325204134, 0.0537553466856, 0.0202185474336, 0.066068507731, 0.0914165973663, 0.0610392130911, 0.0433279648423, 0.0756113827229, 0.157091781497, 0.199345469475, 0.153451427817, 0.136808052659, 0.178492024541]
        max: [1, 1, 1, 1, 1, 1, 1, 1, 1, 1, 1, 1, 1, 1, 1, 1, 0.78081882, 0.894237339497, 1, 1, 1, 0.67634421587, 1, 0.974965274334, 1, 0.598365902901, 1, 0.948749959469, 0.757108151913, 0.807137787342, 0.995996057987, 1, 1, 1, 1, 1]
        mean: [0.362398773432, 0.258618116379, 0.19097879529, 0.146327197552, 0.129368931055, 0.18160019815, 0.229115843773, 0.209526911378, 0.235626280308, 0.34717091918, 0.359206110239, 0.24041056633, 0.178852945566, 0.200696736574, 0.222373336554, 0.195315063, 0.16850861907, 0.147018268704, 0.140953183174, 0.150868222117, 0.1284917593, 0.0975777879357, 0.0973266363144, 0.110396586359, 0.0997010320425, 0.0784472078085, 0.108248583972, 0.138471826911, 0.134543165565, 0.154288232327, 0.200906589627, 0.280013769865, 0.342620640993, 0.353462666273, 0.436392515898, 0.475403189659]
        min: [0.000819943787064, 0.000763872405514, 0.000211237696931, 0.000205695178011, 0.000285458343569, 0.000236702020629, 0.000291501783067, 0.000382349855499, 0.000292950076982, 0.000318113219691, 0.000414278823882, 0.000480316200992, 0.00127328373492, 0.000539995788131, 0.000158958675456, 0.000190431761439, 0.000159867544426, 8.38547348394e-05, 0.000285486574285, 0.000346954126144, 0.000410358974477, 0.000507395190652, 0.000151405911311, 0.000262581859715, 0.000391293229768, 0.000185828233953, 0.000167800608324, 0.00028411654057, 0.000331731454935, 0.000355097145075, 0.000405998172937, 0.000312169722747, 0.000255692662904, 0.00269529246725, 0.000969834043644, 0.000774129992351]
        var: [0.0820443481207, 0.068197183311, 0.0460569709539, 0.0270744673908, 0.0225421953946, 0.0488391518593, 0.0769543796778, 0.057109490037, 0.0721436589956, 0.122761614621, 0.124105401337, 0.0602335482836, 0.0443684197962, 0.0590492784977, 0.0666408166289, 0.0471332743764, 0.0271663628519, 0.0255786664784, 0.0257191006094, 0.0356895215809, 0.029074607417, 0.0132994456217, 0.0208016075194, 0.0242078751326, 0.0203895438462, 0.00803980790079, 0.0201793257147, 0.0294938869774, 0.0211066566408, 0.0290034394711, 0.0494253672659, 0.0746214091778, 0.10385504365, 0.0809472203255, 0.103169485927, 0.127724662423]
    chords_histogram: [0, 1.84331798553, 4.14746522903, 0, 0, 0, 0, 0, 17.0506916046, 70.046081543, 6.45161294937, 0, 0, 0, 0, 0, 0, 0, 0, 0.460829496384, 0, 0, 0, 0]
    thpcp: [1, 0.762297749519, 0.54399740696, 0.401719629765, 0.307796001434, 0.272124648094, 0.381991952658, 0.481940060854, 0.440735191107, 0.495634615421, 0.730266273022, 0.755582034588, 0.505698263645, 0.37621319294, 0.422161102295, 0.467757344246, 0.41084086895, 0.354454129934, 0.309249639511, 0.296491861343, 0.317347943783, 0.270279556513, 0.205252692103, 0.204724401236, 0.232216760516, 0.209718897939, 0.165011957288, 0.227698475122, 0.29127240181, 0.283008545637, 0.324541866779, 0.422602534294, 0.589002728462, 0.720694899559, 0.743500828743, 0.91794192791]
    chords_key: "G#"
    chords_scale: "major"
    key_key: "C#"
    key_scale: "minor"
    chords_progression: ["G#", "G#", "G#", "G#", "G#", "G#", "G#", "G#", "G#", "G#", "G#", "G#", "G#", "G#", "G#", "G#", "G#", "G#", "G#", "G#", "G#", "G#", "G#", "G#", "G#", "G#", "G#", "G#", "G#", "G#", "G#", "G#", "G#", "G#", "G#", "G#", "G#", "G#", "G#", "G#", "G#", "G#", "G#", "G#", "G#", "G#", "G#", "G#", "Fm", "Fm", "Fm", "Fm", "Fm", "Fm", "Fm", "Fm", "Fm", "Fm", "Fm", "Fm", "Fm", "Fm", "Fm", "Fm", "Fm", "Fm", "Fm", "Fm", "Fm", "Fm", "Fm", "Fm", "Fm", "Fm", "Fm", "Fm", "Fm", "Fm", "Fm", "Fm", "Fm", "Fm", "Fm", "Fm", "Fm", "G#", "G#", "G#", "G#", "G#", "G#", "G#", "G#", "G#", "G#", "G#", "G#", "G#", "G#", "G#", "G#", "G#", "G#", "G#", "G#", "G#", "G#", "G#", "G#", "G#", "G#", "G#", "G#", "G#", "G#", "G#", "G#", "G#", "G#", "G#", "G#", "G#", "G#", "G#", "G#", "G#", "G#", "G#", "G#", "G#", "G#", "G#", "G#", "G#", "G#", "G#", "G#m", "G#m", "G#m", "G#m", "E", "G#m", "G#m", "G#m", "G#m", "G#m", "E", "G#", "E", "E", "G#", "G#", "G#", "G#", "G#", "G#", "G#", "G#", "G#", "G#", "G#", "G#", "G#", "G#", "G#", "G#", "G#", "G#", "G#", "G#", "G#", "G#", "G#", "G#", "G#", "G#", "G#", "G#", "G#", "G#", "G#", "G#", "G#", "G#", "G#", "G#", "G", "G#", "G#", "G#", "G#", "G#", "Cm", "Cm", "Cm", "Cm", "Cm", "Cm", "Cm", "Cm", "Cm", "Cm", "Cm", "Cm", "Cm", "Cm", "G#", "G#", "G#", "G#", "G#", "G#", "G#", "G#", "G#", "G#", "G#"]
