
metadata:
    version:
        essentia: "1.2.2"
    audio_properties:
        analysis_sample_rate: 44100
        bitrate: 128
        channels: 2
        equal_loudness: 1
        length: 10.0048980713
        replay_gain: -12.2570972443
        downmix: "mix"
    tags:
        track: 7
        year: 0
        album: "Splitted by Mp3Splt v. 2.1"
        artist: "From 001.00 To 001.10"
        comment: "http://mp3splt.sf.net"
        genre: ""
        title: "03 Live Forever.mp3"

highlevel:
    ballroom:
        all:
            ChaChaCha: 0.030310664326
            Jive: 0.747025966644
            Quickstep: 0.0341876111925
            Rumba-American: 0.00195250532124
            Rumba-International: 0.0055776303634
            Rumba-Misc: 0.00885311327875
            Samba: 0.0377893485129
            Tango: 0.00523030385375
            VienneseWaltz: 0.119690820575
            Waltz: 0.00938204769045
        probability: 0.747025966644
        value: "Jive"
    culture:
        all:
            non_western: 0.00517964968458
            western: 0.994820356369
        probability: 0.994820356369
        value: "western"
    gender:
        all:
            female: 0.13845577836
            male: 0.861544191837
        probability: 0.861544191837
        value: "male"
    genre_dortmund:
        all:
            alternative: 0.211889758706
            blues: 0.00949229393154
            electronic: 0.0257451180369
            folkcountry: 0.0513257235289
            funksoulrnb: 0.00947363302112
            jazz: 0.00554044730961
            pop: 0.0583742372692
            raphiphop: 0.00643106503412
            rock: 0.621727705002
        probability: 0.621727705002
        value: "rock"
    genre_electronica:
        all:
            ambient: 0.137706339359
            dnb: 0.0673045739532
            house: 0.00878230948001
            techno: 0.0142239416018
            trance: 0.771982848644
        probability: 0.771982848644
        value: "trance"
    genre_rosamerica:
        all:
            cla: 0.00371840968728
            dan: 0.0107441917062
            hip: 0.00125884846784
            jaz: 0.000494218897074
            pop: 0.00554771069437
            rhy: 0.000783158757258
            roc: 0.977006137371
            spe: 0.000447318627266
        probability: 0.977006137371
        value: "roc"
    genre_tzanetakis:
        all:
            blu: 0.00708931591362
            cla: 0.0114258471876
            cou: 0.239419564605
            dis: 0.029800273478
            hip: 0.0058608292602
            jaz: 0.0205532256514
            met: 0.0405013300478
            pop: 0.0295851808041
            reg: 0.00562880421057
            roc: 0.610135614872
        probability: 0.610135614872
        value: "roc"
    live_studio:
        all:
            live: 0.310612082481
            studio: 0.689387917519
        probability: 0.689387917519
        value: "studio"
    mood:
        all:
            Cluster1: 0.659461319447
            Cluster2: 0.053207308054
            Cluster3: 0.0304409638047
            Cluster4: 0.0545777566731
            Cluster5: 0.202312618494
        probability: 0.659461319447
        value: "Cluster1"
    mood_acoustic:
        all:
            acoustic: 0.00650787446648
            not_acoustic: 0.993492126465
        probability: 0.993492126465
        value: "not_acoustic"
    mood_aggressive:
        all:
            aggressive: 0.886449694633
            not_aggressive: 0.113550320268
        probability: 0.886449694633
        value: "aggressive"
    mood_electronic:
        all:
            electronic: 0.119932070374
            not_electronic: 0.880067944527
        probability: 0.880067944527
        value: "not_electronic"
    mood_happy:
        all:
            happy: 0.869924664497
            not_happy: 0.130075365305
        probability: 0.869924664497
        value: "happy"
    mood_party:
        all:
            not_party: 0.564796447754
            party: 0.435203552246
        probability: 0.564796447754
        value: "not_party"
    mood_relaxed:
        all:
            not_relaxed: 0.963117361069
            relaxed: 0.0368826240301
        probability: 0.963117361069
        value: "not_relaxed"
    mood_sad:
        all:
            not_sad: 0.933241546154
            sad: 0.0667584314942
        probability: 0.933241546154
        value: "not_sad"
    rhythm:
        all:
            fast: 0.786005198956
            medium: 0.0822278633714
            slow: 0.131766930223
        probability: 0.786005198956
        value: "fast"
    speech_music:
        all:
            music: 0.99986076355
            speech: 0.000139252835652
        probability: 0.99986076355
        value: "music"
    timbre:
        all:
            bright: 0.942916095257
            dark: 0.0570839345455
        probability: 0.942916095257
        value: "bright"
    voice_instrumental:
        all:
            instrumental: 0.0647066608071
            voice: 0.935293316841
        probability: 0.935293316841
        value: "voice"

lowlevel:
    average_loudness: 0.984670937061
    barkbands_kurtosis:
        dmean: 0.423880249262
        dmean2: 0.699953734875
        dvar: 0.22324937582
        dvar2: 0.591587007046
        max: 3.22331666946
        mean: -0.792654275894
        min: -1.70403242111
        var: 0.509955585003
    barkbands_skewness:
        dmean: 0.282432675362
        dmean2: 0.432830512524
        dvar: 0.0678239390254
        dvar2: 0.166796475649
        max: 1.84684479237
        mean: -0.315641820431
        min: -1.65640950203
        var: 0.250896453857
    barkbands_spread:
        dmean: 4.69000768661
        dmean2: 7.58383369446
        dvar: 21.0984306335
        dvar2: 52.9045562744
        max: 63.134803772
        mean: 30.1344566345
        min: 12.1145772934
        var: 65.8284759521
    dissonance:
        dmean: 0.0130167100579
        dmean2: 0.0210657045245
        dvar: 0.000141729426105
        dvar2: 0.000370541732991
        max: 0.498753100634
        mean: 0.473611414433
        min: 0.381628096104
        var: 0.000261262845015
    hfc:
        dmean: 2.23475337029
        dmean2: 3.34075570107
        dvar: 6.43962955475
        dvar2: 13.4841499329
        max: 27.8117542267
        mean: 11.4075965881
        min: 7.53528547648e-06
        var: 18.9194297791
    pitch:
        dmean: 424.950073242
        dmean2: 814.149047852
        dvar: 856180.0625
        dvar2: 2230444.25
        max: 4009.09082031
        mean: 541.312866211
        min: 74.745765686
        var: 845816
    pitch_instantaneous_confidence:
        dmean: 0.0676365271211
        dmean2: 0.108996152878
        dvar: 0.00296532385983
        dvar2: 0.0069958656095
        max: 0.649038076401
        mean: 0.365737557411
        min: 0.153796672821
        var: 0.0099614681676
    pitch_salience:
        dmean: 0.0506700947881
        dmean2: 0.0827404335141
        dvar: 0.00201906613074
        dvar2: 0.00451925396919
        max: 0.843348801136
        mean: 0.637264609337
        min: 0.358878284693
        var: 0.0041112578474
    silence_rate_20dB:
        dmean: 0
        dmean2: 0
        dvar: 0
        dvar2: 0
        max: 1
        mean: 1
        min: 1
        var: 0
    silence_rate_30dB:
        dmean: 0
        dmean2: 0
        dvar: 0
        dvar2: 0
        max: 1
        mean: 1
        min: 1
        var: 0
    silence_rate_60dB:
        dmean: 0.0162412989885
        dmean2: 0.0325581394136
        dvar: 0.0159774739295
        dvar2: 0.0408006310463
        max: 1
        mean: 0.0185185186565
        min: 0
        var: 0.0181755553931
    spectral_centroid:
        dmean: 209.447219849
        dmean2: 316.023986816
        dvar: 40101.8515625
        dvar2: 92964.015625
        max: 3582.97021484
        mean: 1812.03540039
        min: 828.207397461
        var: 161828.109375
    spectral_complexity:
        dmean: 3.53720927238
        dmean2: 5.67365980148
        dvar: 12.2439632416
        dvar2: 24.182510376
        max: 42
        mean: 23.3619480133
        min: 0
        var: 34.1752624512
    spectral_crest:
        dmean: 1.69992685318
        dmean2: 2.75548124313
        dvar: 2.86261105537
        dvar2: 6.03282022476
        max: 19.152967453
        mean: 5.73543405533
        min: 2.62949371338
        var: 5.66374397278
    spectral_decrease:
        dmean: 2.68057492869e-10
        dmean2: 4.09524580913e-10
        dvar: 7.36258147467e-20
        dvar2: 1.6032457284e-19
        max: -1.16925656237e-15
        mean: -1.39093092599e-09
        min: -3.25205529172e-09
        var: 1.69345093742e-19
    spectral_energy:
        dmean: 0.00116558978334
        dmean2: 0.00176819832996
        dvar: 1.40988970543e-06
        dvar2: 3.0477663131e-06
        max: 0.0135068194941
        mean: 0.00628439849243
        min: 5.09651032488e-09
        var: 3.40775545737e-06
    spectral_energyband_high:
        dmean: 0.000198683119379
        dmean2: 0.000298569531878
        dvar: 7.62746239502e-08
        dvar2: 1.62883537769e-07
        max: 0.00333213573322
        mean: 0.000500566558912
        min: 2.44841869002e-10
        var: 2.12400848909e-07
    spectral_energyband_low:
        dmean: 0.00018145753711
        dmean2: 0.000307379232254
        dvar: 4.96491310287e-08
        dvar2: 1.44257882084e-07
        max: 0.00202428270131
        mean: 0.000391578447307
        min: 1.50730539161e-09
        var: 7.8519569513e-08
    spectral_energyband_middle_high:
        dmean: 0.000776900735218
        dmean2: 0.0011729891412
        dvar: 5.41535428056e-07
        dvar2: 1.21129767194e-06
        max: 0.00888614729047
        mean: 0.00385078066029
        min: 2.21586504701e-09
        var: 1.88336628071e-06
    spectral_energyband_middle_low:
        dmean: 0.000598419865128
        dmean2: 0.00091096694814
        dvar: 6.66103687763e-07
        dvar2: 1.53302653416e-06
        max: 0.0107302451506
        mean: 0.00154145795386
        min: 7.87691190052e-10
        var: 1.35449806749e-06
    spectral_flatness_db:
        dmean: 0.0112977661192
        dmean2: 0.016673270613
        dvar: 8.88566792128e-05
        dvar2: 0.000164409706485
        max: 0.19581477344
        mean: 0.134959891438
        min: 0.08042293787
        var: 0.000367253785953
    spectral_flux:
        dmean: 0.00641524186358
        dmean2: 0.0100507065654
        dvar: 3.65134837921e-05
        dvar2: 7.76422893978e-05
        max: 0.075310356915
        mean: 0.0430303663015
        min: 7.13898480171e-05
        var: 9.46469735936e-05
    spectral_kurtosis:
        dmean: 1.10561299324
        dmean2: 1.87770438194
        dvar: 1.00159108639
        dvar2: 3.0754609108
        max: 9.98969554901
        mean: 3.7031929493
        min: -0.492730379105
        var: 3.1814866066
    spectral_rms:
        dmean: 0.000227914439165
        dmean2: 0.000339760648785
        dvar: 5.25408232477e-08
        dvar2: 9.86336701203e-08
        max: 0.00363006675616
        mean: 0.00244820793159
        min: 2.22984431275e-06
        var: 1.37397449862e-07
    spectral_rolloff:
        dmean: 306.772918701
        dmean2: 472.475646973
        dvar: 88484.828125
        dvar2: 169182.828125
        max: 6287.6953125
        mean: 3296.328125
        min: 1507.32421875
        var: 366258.96875
    spectral_skewness:
        dmean: 0.166077896953
        dmean2: 0.262382626534
        dvar: 0.017670461908
        dvar2: 0.0465812683105
        max: 2.52745723724
        mean: 1.32701909542
        min: 0.405499994755
        var: 0.085498303175
    spectral_spread:
        dmean: 395540.09375
        dmean2: 546563.875
        dvar: 435047923712
        dvar2: 581975670784
        max: 14444781
        mean: 4035560.75
        min: 2373118.75
        var: 1.15392027034e+12
    spectral_strongpeak:
        dmean: 0.548453211784
        dmean2: 0.921185970306
        dvar: 0.358971357346
        dvar2: 0.93579864502
        max: 4.24595785141
        mean: 1.07643151283
        min: 0
        var: 0.716680824757
    zerocrossingrate:
        dmean: 0.00722315581515
        dmean2: 0.00852614175528
        dvar: 4.83405710838e-05
        dvar2: 6.1901359004e-05
        max: 0.17529296875
        mean: 0.100139573216
        min: 0.04345703125
        var: 0.00037680749665
    barkbands:
        dmean: [5.65043137613e-07, 7.37453810871e-05, 0.000134784175316, 0.000102820529719, 0.000223873299547, 6.81400852045e-05, 0.000305956258671, 8.22357906145e-05, 0.000139590149047, 0.000265986425802, 6.75909031997e-05, 0.000147729733726, 8.94143377081e-05, 0.000125129678054, 0.000193893254618, 0.000216171771172, 0.000183924392331, 0.000231559795793, 0.000184614676982, 0.000184420699952, 7.24893761799e-05, 4.01671532018e-05, 8.80902007339e-06, 3.55931933882e-06, 1.28231249619e-06, 3.62679237753e-08, 3.16907222686e-10]
        dmean2: [8.88425518042e-07, 0.000124866477563, 0.000233097671298, 0.000175841632881, 0.000378887896659, 0.000113027679618, 0.000461592484498, 0.000129233056214, 0.000206183744012, 0.000380163255613, 0.00011162921146, 0.000222577087698, 0.000149576662807, 0.000194315987756, 0.000311064417474, 0.000354746793164, 0.00031083842623, 0.00038564670831, 0.000300351704936, 0.000286568712909, 0.000113062254968, 5.8726844145e-05, 1.34287238325e-05, 4.83990606881e-06, 1.64614471032e-06, 5.46351586195e-08, 5.7098747952e-10]
        dvar: [9.59699008631e-13, 1.52483465854e-08, 3.0807328244e-08, 1.77087127184e-08, 8.94835565646e-08, 1.05787449911e-08, 4.7939624892e-07, 3.07381178288e-08, 4.74258463612e-08, 1.88605369544e-07, 1.62967257467e-08, 6.20891142944e-08, 1.41662539477e-08, 1.85392323715e-08, 4.5159254114e-08, 6.03223710982e-08, 3.54834313043e-08, 6.44079918288e-08, 3.6849435503e-08, 5.18462996979e-08, 1.17529621591e-08, 4.60929694412e-09, 3.29186233827e-10, 1.27576837983e-10, 1.28580575007e-11, 1.4243267278e-14, 1.51342309041e-19]
        dvar2: [2.15486287668e-12, 4.24599768678e-08, 9.52630188067e-08, 4.52142430163e-08, 2.42630591174e-07, 3.0094295056e-08, 1.01597686353e-06, 6.10949868474e-08, 1.12144604714e-07, 3.53670913e-07, 4.56638709068e-08, 1.52931875164e-07, 3.48829019003e-08, 4.38210925324e-08, 1.00899853805e-07, 1.5438895673e-07, 1.03087437253e-07, 1.81828454515e-07, 8.92566092148e-08, 1.29799261117e-07, 2.62904222836e-08, 9.27219367952e-09, 6.53169796028e-10, 2.07580258538e-10, 1.68479969559e-11, 3.69801066125e-14, 4.39535498273e-19]
        max: [8.21509820526e-06, 0.000939232471865, 0.00188934628386, 0.00129134301096, 0.00285755121149, 0.000852792582009, 0.00944107118994, 0.00237576267682, 0.00250795600004, 0.00508216116577, 0.00133363425266, 0.00278847990558, 0.00110935023986, 0.00134434888605, 0.00278991926461, 0.00241071986966, 0.00175651034806, 0.00232766219415, 0.00175049691461, 0.00326359272003, 0.00106269645039, 0.000827664334793, 0.000262260058662, 0.000216935673961, 6.45049876766e-05, 1.9879073534e-06, 3.91784826803e-09]
        mean: [1.01301213817e-06, 0.000145182581036, 0.000245399627602, 0.000172097614268, 0.000357458920917, 0.000138941890327, 0.000479651382193, 0.000133900626679, 0.000241793895839, 0.000509128032718, 0.000102853104181, 0.000278637860902, 0.000150381863932, 0.000263770489255, 0.000442245305749, 0.000463751784991, 0.000421998469392, 0.000541537126992, 0.000479092355818, 0.000432852655649, 0.000169142338564, 8.66509872139e-05, 1.76859539351e-05, 6.79016693539e-06, 2.39349287767e-06, 5.02504882149e-08, 2.87583845626e-10]
        min: [6.72178090966e-10, 8.23477397383e-10, 3.51693285605e-10, 2.17310933137e-10, 2.37640879197e-10, 7.62725993475e-11, 4.81388401363e-11, 5.15223350095e-11, 1.28937430177e-10, 2.41704795068e-10, 2.29149851871e-10, 1.4250949032e-10, 4.66620735107e-11, 1.14716821112e-11, 3.62419295963e-11, 6.39588174089e-11, 8.09906516852e-11, 1.55636850629e-10, 8.03222210966e-10, 5.75695269234e-10, 7.28545140882e-11, 1.44464180202e-11, 4.43688011678e-12, 2.49699848472e-12, 2.9990877403e-12, 2.18303109964e-12, 8.03895415947e-13]
        var: [2.1233524921e-12, 1.85572073264e-08, 4.61760798487e-08, 2.78591123504e-08, 1.45523728179e-07, 1.35700108927e-08, 7.15584405953e-07, 5.77866750007e-08, 1.17224892904e-07, 5.33228785571e-07, 2.21571863079e-08, 1.7597703561e-07, 2.77215210787e-08, 4.60175861861e-08, 1.41638352602e-07, 1.37740599371e-07, 6.55569252217e-08, 1.23505941474e-07, 8.58378754742e-08, 9.52738048454e-08, 3.01570786121e-08, 1.48620138418e-08, 9.12877273773e-10, 4.65121746673e-10, 3.68520110261e-11, 1.529573282e-14, 1.41495176213e-19]
    mfcc:
        mean: [-670.593505859, 106.615348816, -62.8866081238, 49.3139724731, -8.30191040039, 2.11567687988, -2.5683131218, 0.619189858437, 1.71998095512, 1.95721662045, -2.93311810493, -5.69355344772, -0.120583094656]
        cov: [[1916.18688965, -361.627502441, 171.274902344, -23.7261486053, -28.3902320862, 67.5085449219, -101.14263916, -40.5039749146, -7.66933012009, -35.2688751221, 36.6453170776, 18.8226623535, -27.9202594757], [-361.627502441, 546.267944336, -264.012268066, -22.8425369263, -13.8443384171, -87.3571853638, 30.7388763428, 25.5895061493, -3.54778957367, 49.620349884, -23.2369213104, -18.5057487488, 10.9089069366], [171.274902344, -264.012268066, 296.875030518, 41.2009162903, -5.39794397354, 23.8909835815, -45.3042526245, -15.0734004974, 1.58954226971, -30.8936824799, 23.9247074127, 25.7454605103, -0.443542420864], [-23.7261486053, -22.8425369263, 41.2009162903, 182.596725464, 69.3597412109, -20.6308250427, -65.5049362183, -33.6549224854, 12.4277114868, 35.5447998047, 24.7477970123, 15.9146947861, -2.19755935669], [-28.3902320862, -13.8443384171, -5.39794397354, 69.3597412109, 114.81477356, 9.59351062775, -3.54777145386, -14.6590709686, 7.67671108246, 14.937166214, 6.40529155731, 3.46158313751, 5.39891910553], [67.5085449219, -87.3571853638, 23.8909835815, -20.6308250427, 9.59351062775, 115.929718018, 64.3175964355, 16.5385341644, -16.2607307434, -15.5889339447, 2.65974879265, 5.73757553101, 4.85331439972], [-101.14263916, 30.7388763428, -45.3042526245, -65.5049362183, -3.54777145386, 64.3175964355, 138.625518799, 50.1989364624, -14.0699987411, -17.8692932129, -20.0581607819, -15.6849832535, 12.6724462509], [-40.5039749146, 25.5895061493, -15.0734004974, -33.6549224854, -14.6590709686, 16.5385341644, 50.1989364624, 74.3484191895, 20.4065799713, -9.32724094391, -8.49533939362, -10.6771993637, 4.74563550949], [-7.66933012009, -3.54778957367, 1.58954226971, 12.4277114868, 7.67671108246, -16.2607307434, -14.0699987411, 20.4065799713, 60.5640449524, 26.8643455505, 1.80186808109, -6.7456445694, -3.91807317734], [-35.2688751221, 49.620349884, -30.8936824799, 35.5447998047, 14.937166214, -15.5889339447, -17.8692932129, -9.32724094391, 26.8643455505, 66.7692184448, 22.0756072998, 5.56030082703, -4.91616487503], [36.6453170776, -23.2369213104, 23.9247074127, 24.7477970123, 6.40529155731, 2.65974879265, -20.0581607819, -8.49533939362, 1.80186808109, 22.0756072998, 48.6438865662, 29.0369319916, 0.0978570282459], [18.8226623535, -18.5057487488, 25.7454605103, 15.9146947861, 3.46158313751, 5.73757553101, -15.6849832535, -10.6771993637, -6.7456445694, 5.56030082703, 29.0369319916, 51.2518768311, 17.5464954376], [-27.9202594757, 10.9089069366, -0.443542420864, -2.19755935669, 5.39891910553, 4.85331439972, 12.6724462509, 4.74563550949, -3.91807317734, -4.91616487503, 0.0978570282459, 17.5464954376, 42.8083229065]]
        icov: [[0.000652766961139, 0.00033003979479, 5.84986482863e-05, 0.000319959654007, 6.03972985118e-05, -0.000519518507645, 0.000823196722195, -6.01204410486e-05, 9.44497878663e-05, 0.000101674500911, -0.000348883448169, 0.000205668620765, 0.000109747677925], [0.00033003979479, 0.00447665341198, 0.00302744470537, -0.000215898500755, 0.000529120326973, 0.00300732930191, -0.000339256192092, -0.00225901464, 0.00289119314402, -0.00311542162672, 0.00153056147974, -0.000804430572316, -0.000729008519556], [5.84986482863e-05, 0.00302744470537, 0.00683355471119, -0.0016027825186, 0.00143814063631, 0.000415469432482, 0.000849389645737, -0.000577939674258, -0.000579964951612, 0.00251637515612, -0.00149291974958, -0.00122785626445, -0.000418067735154], [0.000319959654007, -0.000215898500755, -0.0016027825186, 0.010143247433, -0.0055783172138, -0.000400811288273, 0.0042965435423, -0.000353482580977, 0.00149701302871, -0.00399154098704, -0.000545348622836, 8.64064932102e-05, -7.14917478035e-05], [6.03972985118e-05, 0.000529120326973, 0.00143814063631, -0.0055783172138, 0.0128324199468, -0.00131405645516, -0.00243687117472, 0.00322312721983, -0.00297177163884, 0.00108158274088, -0.00065523001831, 0.000932424911298, -0.0020007325802], [-0.000519518507645, 0.00300732930191, 0.000415469432482, -0.000400811288273, -0.00131405645516, 0.0165853705257, -0.00875350646675, -0.00117158680223, 0.0035239700228, -0.00138668715954, -0.000346009852365, -0.00314659974538, 0.00133890053257], [0.000823196722195, -0.000339256192092, 0.000849389645737, 0.0042965435423, -0.00243687117472, -0.00875350646675, 0.0191261004657, -0.0097739296034, 0.00625507021323, -0.00284701189958, 0.00235397764482, 0.0038651668001, -0.00376998144202], [-6.01204410486e-05, -0.00225901464, -0.000577939674258, -0.000353482580977, 0.00322312721983, -0.00117158680223, -0.0097739296034, 0.0268311332911, -0.0160175077617, 0.00970039237291, -0.00560573907569, 0.00255446042866, -0.00122866651509], [9.44497878663e-05, 0.00289119314402, -0.000579964951612, 0.00149701302871, -0.00297177163884, 0.0035239700228, 0.00625507021323, -0.0160175077617, 0.032365500927, -0.0175976380706, 0.00645185634494, 0.00192770641297, -0.000568601069972], [0.000101674500911, -0.00311542162672, 0.00251637515612, -0.00399154098704, 0.00108158274088, -0.00138668715954, -0.00284701189958, 0.00970039237291, -0.0175976380706, 0.0330345109105, -0.0164125617594, 0.0029341687914, 0.00148755637929], [-0.000348883448169, 0.00153056147974, -0.00149291974958, -0.000545348622836, -0.00065523001831, -0.000346009852365, 0.00235397764482, -0.00560573907569, 0.00645185634494, -0.0164125617594, 0.0440028123558, -0.023702731356, 0.00770589802414], [0.000205668620765, -0.000804430572316, -0.00122785626445, 8.64064932102e-05, 0.000932424911298, -0.00314659974538, 0.0038651668001, 0.00255446042866, 0.00192770641297, 0.0029341687914, -0.023702731356, 0.0409496128559, -0.0170744415373], [0.000109747677925, -0.000729008519556, -0.000418067735154, -7.14917478035e-05, -0.0020007325802, 0.00133890053257, -0.00376998144202, -0.00122866651509, -0.000568601069972, 0.00148755637929, 0.00770589802414, -0.0170744415373, 0.0320617891848]]
    spectral_contrast:
        mean: [1.78036032139e-07, 1.01196519608e-07, -2.18971010213e-07, -3.41966085671e-07, -9.52498808715e-08, 2.24900364998e-08, -2.26943643611e-06, 1.23192148749e-06, -2.09134850593e-06, 3.53651921614e-06, -1.98133579943e-06, -8.90888941285e-07]
        var: [0.000467811973067, 0.000521598849446, 0.00128176622093, 0.00195469893515, 0.00392968812957, 0.00494005391374, 0.0311467777938, 0.0794039517641, 0.104679763317, 0.208818137646, 0.282857567072, 0.964501678944]

rhythm:
    beats_loudness:
        dmean: 0.00194453948643
        dmean2: 0.0035723047331
        dvar: 1.8567106963e-06
        dvar2: 4.75496608487e-06
        max: 0.0117820659652
        mean: 0.00668108183891
        min: 0.00366084231064
        var: 5.47659237782e-06
    beats_loudness_bass:
        dmean: 0.056686270982
        dmean2: 0.0980228185654
        dvar: 0.00160515028983
        dvar2: 0.0044658514671
        max: 0.19958601892
        mean: 0.0915677696466
        min: 0.036120261997
        var: 0.00210511335172
    bpm: 90.5620269775
    bpm_confidence: 0
    first_peak_bpm: 90
    first_peak_spread: 0
    first_peak_weight: 0.928571462631
    onset_rate: 2.89858031273
    second_peak_bpm: 61
    second_peak_spread: 0
    second_peak_weight: 0.0714285746217
    beats_position: [0.0529180429876, 0.720638155937, 1.38835823536, 2.05607843399, 2.72379875183, 3.39151883125, 4.05923891068, 4.72695875168, 5.39467906952, 6.37381601334, 7.03124570847, 7.68867540359, 8.34610557556, 9.00353622437, 9.66096496582]
    bpm_estimates: [89.979675293, 89.3545608521, 89.9142150879, 89.938331604, 90.1070175171, 91.4022903442, 90.915977478, 91.7197799683, 91.1482849121, 91.1401443481]
    bpm_intervals: [0.667720139027, 0.667720079422, 0.667720198631, 0.667720317841, 0.667720079422, 0.667720079422, 0.667719841003, 0.667720317841, 0.979136943817, 0.657429695129, 0.657429695129, 0.657430171967, 0.657430648804, 0.657428741455]
    onset_times: [0.0464399084449, 0.301859408617, 0.99845802784, 1.49768710136, 1.66022670269, 2.18267583847, 2.33360552788, 2.86766433716, 3.00698423386, 3.65714287758, 4.09832191467, 4.19120168686, 4.7020406723, 4.93424034119, 5.01551008224, 5.36380958557, 5.68888902664, 6.04879808426, 6.18811798096, 6.37387752533, 6.87310647964, 7.37233543396, 7.72063493729, 8.03410434723, 8.34757328033, 8.80036258698, 9.03256225586, 9.53179168701, 9.70594120026]
    rubato_start: []
    rubato_stop: []
    perceptual_tempo: "unknown"

sfx:
    inharmonicity:
        dmean: 0.0559961795807
        dmean2: 0.0978120416403
        dvar: 0.00269119325094
        dvar2: 0.00770868454129
        max: 0.354327440262
        mean: 0.0774197205901
        min: 0.00389807275496
        var: 0.00313388183713
    oddtoevenharmonicenergyratio:
        dmean: 1.76229429245
        dmean2: 3.30561900139
        dvar: 12.9513921738
        dvar2: 38.2256469727
        max: 35.3122940063
        mean: 1.41616916656
        min: 0.00265814666636
        var: 7.88242101669
    pitch_after_max_to_before_max_energy_ratio: 1.72925364971
    pitch_centroid: 229.537322998
    pitch_max_to_total: 0.540603220463
    pitch_min_to_total: 0.0719257518649
    tristimulus:
        dmean: [0.153196781874, 0.216903060675, 0.145937070251]
        dmean2: [0.274200767279, 0.369632065296, 0.253915041685]
        dvar: [0.0171476118267, 0.035428583622, 0.0147238587961]
        dvar2: [0.0505212247372, 0.11289717257, 0.0419621989131]
        max: [0.817905366421, 0.949091017246, 0.649073719978]
        mean: [0.281009823084, 0.506065666676, 0.176605910063]
        min: [0.0364524275064, 0, 0]
        var: [0.021043209359, 0.0400575436652, 0.0189356729388]

tonal:
    chords_changes_rate: 0.0230414755642
    chords_number_rate: 0.0230414755642
    chords_strength:
        dmean: 0.00643405131996
        dmean2: 0.0059294514358
        dvar: 2.71440585493e-05
        dvar2: 2.16086828004e-05
        max: 0.635556399822
        mean: 0.519604861736
        min: 0.354919344187
        var: 0.00553624937311
    key_strength: 0.720164656639
    tuning_diatonic_strength: 0.577099859715
    tuning_equal_tempered_deviation: 0.0465750917792
    tuning_frequency: 448.467559814
    tuning_nontempered_energy_ratio: 0.67250084877
    hpcp:
        dmean: [0.15446870029, 0.196941003203, 0.161436468363, 0.121370516717, 0.0807803794742, 0.116612493992, 0.121849395335, 0.0961996018887, 0.110125720501, 0.113309666514, 0.106911465526, 0.137370854616, 0.146845564246, 0.123136982322, 0.129896074533, 0.15132330358, 0.123634569347, 0.0761918574572, 0.0482606701553, 0.0529168434441, 0.103856906295, 0.155939489603, 0.14508856833, 0.118887767196, 0.09124494344, 0.0580092258751, 0.0846323594451, 0.0974079146981, 0.0839346796274, 0.125637277961, 0.152930662036, 0.134419500828, 0.0911256596446, 0.0911597758532, 0.106155738235, 0.176989972591]
        dmean2: [0.253964304924, 0.323054403067, 0.266272783279, 0.193507999182, 0.12795740366, 0.188160061836, 0.201362490654, 0.16287317872, 0.178691655397, 0.186436250806, 0.179564148188, 0.230151191354, 0.259892851114, 0.201811373234, 0.2065679878, 0.244382977486, 0.19796693325, 0.131593629718, 0.0800838023424, 0.0911927074194, 0.172842994332, 0.257599413395, 0.239036947489, 0.192377448082, 0.145574092865, 0.0919726341963, 0.138876527548, 0.158901438117, 0.140348404646, 0.212078690529, 0.253002882004, 0.214602082968, 0.147020190954, 0.152683079243, 0.180482447147, 0.287427455187]
        dvar: [0.0313635841012, 0.0346363335848, 0.0267114657909, 0.0184584688395, 0.0105438213795, 0.0222258046269, 0.0195386130363, 0.0146247129887, 0.0188051685691, 0.0212241560221, 0.0180337820202, 0.0236334446818, 0.0238168332726, 0.0263167377561, 0.0175191424787, 0.0266869999468, 0.0191797092557, 0.0115739740431, 0.00338245462626, 0.00512154167518, 0.0142527483404, 0.0243217442185, 0.0258273351938, 0.0213010758162, 0.0134798530489, 0.00591490603983, 0.0113603966311, 0.0123005453497, 0.0110930874944, 0.0149511704221, 0.0247208010405, 0.0232809055597, 0.0166734885424, 0.0198327749968, 0.0170958619565, 0.035342451185]
        dvar2: [0.0689085647464, 0.0792239308357, 0.05471502617, 0.0422411188483, 0.0211176127195, 0.0472031645477, 0.0430509485304, 0.0415689386427, 0.0519130565226, 0.0536199957132, 0.0493973754346, 0.0546739660203, 0.0538287684321, 0.0630167275667, 0.0373750329018, 0.0627292618155, 0.0469916053116, 0.0329499468207, 0.00907096359879, 0.0138212395832, 0.0381818674505, 0.0574143528938, 0.0622796118259, 0.0489506684244, 0.0308966822922, 0.0134240463376, 0.0274750459939, 0.029411720112, 0.0302951987833, 0.0428188070655, 0.0615936852992, 0.057393360883, 0.0427028760314, 0.0552925989032, 0.0446267612278, 0.0962729677558]
        max: [1, 1, 1, 1, 0.977301895618, 1, 1, 1, 1, 1, 1, 1, 1, 1, 1, 1, 1, 0.84188836813, 0.406973063946, 0.487228482962, 0.86888730526, 1, 1, 1, 0.85298460722, 0.849031865597, 1, 1, 1, 0.968308508396, 1, 1, 1, 1, 0.850443303585, 1]
        mean: [0.653237462044, 0.474899828434, 0.268956542015, 0.199040696025, 0.147632539272, 0.225505903363, 0.237350150943, 0.158649802208, 0.195221990347, 0.224193409085, 0.177914634347, 0.249290302396, 0.273253977299, 0.18837825954, 0.247818663716, 0.364392131567, 0.259674102068, 0.100779950619, 0.0677201375365, 0.0737078636885, 0.180778980255, 0.314149439335, 0.27199575305, 0.185145750642, 0.138040527701, 0.101937226951, 0.177459806204, 0.193056732416, 0.131293773651, 0.254813283682, 0.407091617584, 0.290522366762, 0.151195004582, 0.142225131392, 0.171469330788, 0.417417824268]
        min: [0, 0, 0, 0, 0, 0, 0, 0, 0, 0, 0, 0, 0, 0, 0, 0, 0, 0, 0, 0, 0, 0, 0, 0, 0, 0, 0, 0, 0, 0, 0, 0, 0, 0, 0, 0]
        var: [0.107803232968, 0.0679657459259, 0.0554539822042, 0.0354925580323, 0.0220893062651, 0.0671778842807, 0.0531630590558, 0.0160634033382, 0.0396390147507, 0.0634043216705, 0.0309064127505, 0.0533437877893, 0.0590156204998, 0.0332233086228, 0.0342203192413, 0.0716532990336, 0.0463373884559, 0.0137865403667, 0.00483940821141, 0.00511787412688, 0.0225539207458, 0.0618063956499, 0.0446024723351, 0.0328163802624, 0.0215051155537, 0.0108456974849, 0.0454493127763, 0.0417389757931, 0.0131868571043, 0.0419028587639, 0.112152844667, 0.0655544176698, 0.023182425648, 0.0199227128178, 0.019884550944, 0.0639408677816]
    chords_histogram: [41.9354820251, 0, 4.60829496384, 0, 0, 0, 0, 0, 0, 0, 0, 0, 0, 0, 0, 0, 0, 1.38248848915, 0, 33.1797218323, 0, 0, 18.8940086365, 0]
    thpcp: [1, 0.726994156837, 0.411728590727, 0.304698824883, 0.226001337171, 0.345212757587, 0.363344371319, 0.242866963148, 0.298853009939, 0.343203544617, 0.272358298302, 0.38162279129, 0.41830727458, 0.288376390934, 0.379369944334, 0.557824909687, 0.397518694401, 0.154277667403, 0.103668481112, 0.112834714353, 0.276743143797, 0.480911552906, 0.416381120682, 0.28342795372, 0.211317524314, 0.156049266458, 0.271662026644, 0.295538365841, 0.200989350677, 0.39007756114, 0.623190879822, 0.44474235177, 0.231454893947, 0.217723473907, 0.262491583824, 0.638998627663]
    chords_key: "D"
    chords_scale: "major"
    key_key: "D"
    key_scale: "major"
    chords_progression: ["D", "D", "D", "D", "D", "D", "D", "D", "D", "D", "D", "D", "D", "D", "D", "D", "D", "D", "D", "D", "D", "D", "D", "D", "D", "D", "D", "D", "D", "D", "D", "D", "D", "D", "D", "D", "D", "D", "D", "D", "D", "D", "D", "D", "D", "D", "D", "D", "D", "D", "D", "D", "D", "D", "D", "D", "D", "D", "D", "D", "D", "D", "D", "D", "Dm", "Dm", "Dm", "A", "A", "A", "A", "A", "A", "A", "A", "A", "A", "Am", "Am", "Am", "Am", "Am", "Am", "Am", "Am", "Am", "Am", "Am", "Am", "Am", "Am", "Am", "Am", "Am", "Am", "Am", "Am", "Am", "Am", "Am", "Am", "Am", "Am", "Am", "Am", "Am", "Am", "Am", "Am", "Am", "Am", "Am", "Am", "Am", "Am", "Am", "Am", "Am", "Am", "Am", "Am", "Am", "Am", "Am", "Am", "Am", "Am", "Am", "Am", "Am", "Am", "Am", "Am", "Am", "Am", "Am", "Am", "Am", "Am", "Am", "Am", "Am", "Am", "Am", "Am", "Am", "Am", "Am", "Am", "D", "D", "D", "D", "D", "D", "D", "D", "D", "D", "D", "D", "D", "D", "D", "D", "D", "D", "D", "D", "D", "D", "D", "D", "D", "D", "D", "G", "G", "G", "G", "G", "G", "G", "G", "G", "G", "G", "G", "G", "G", "G", "G", "G", "G", "G", "G", "G", "G", "G", "G", "G", "G", "G", "G", "G", "G", "G", "G", "G", "G", "G", "G", "G", "G", "G", "G", "G"]
