
metadata:
    version:
        essentia: "1.2.2"
    audio_properties:
        analysis_sample_rate: 44100
        bitrate: 128
        channels: 2
        equal_loudness: 1
        length: 10.0310201645
        replay_gain: -6.12374687195
        downmix: "mix"
    tags:
        track: 8
        year: 0
        album: "Splitted by Mp3Splt v. 2.1"
        artist: "From 001.10 To 001.20"
        comment: "http://mp3splt.sf.net"
        genre: ""
        title: "01 Move.mp3"

highlevel:
    ballroom:
        all:
            ChaChaCha: 0.00293375365436
            Jive: 0.00392033252865
            Quickstep: 0.0612500794232
            Rumba-American: 0.0368996188045
            Rumba-International: 0.220460772514
            Rumba-Misc: 0.079668238759
            Samba: 0.012798585929
            Tango: 0.0911375805736
            VienneseWaltz: 0.171025678515
            Waltz: 0.319905370474
        probability: 0.319905370474
        value: "Waltz"
    culture:
        all:
            non_western: 1.77102901944e-05
            western: 0.999982297421
        probability: 0.999982297421
        value: "western"
    gender:
        all:
            female: 0.920604407787
            male: 0.0793955773115
        probability: 0.920604407787
        value: "female"
    genre_dortmund:
        all:
            alternative: 0.00295264879242
            blues: 0.00450717844069
            electronic: 0.0203484483063
            folkcountry: 0.00752371596172
            funksoulrnb: 0.00432906905189
            jazz: 0.951389014721
            pop: 0.00353882741183
            raphiphop: 0.00105279614218
            rock: 0.00435828790069
        probability: 0.951389014721
        value: "jazz"
    genre_electronica:
        all:
            ambient: 0.94054043293
            dnb: 0.00649944227189
            house: 0.0254309009761
            techno: 0.00345669058152
            trance: 0.0240725520998
        probability: 0.94054043293
        value: "ambient"
    genre_rosamerica:
        all:
            cla: 0.000435165507952
            dan: 0.000615732220467
            hip: 0.00169583561365
            jaz: 0.99451559782
            pop: 0.000262111891061
            rhy: 0.000447783997515
            roc: 0.00126638344955
            spe: 0.000761416973546
        probability: 0.99451559782
        value: "jaz"
    genre_tzanetakis:
        all:
            blu: 0.00110673694871
            cla: 0.00269911810756
            cou: 0.00257685477845
            dis: 0.00070318300277
            hip: 0.000593115284573
            jaz: 0.984880328178
            met: 0.000317117956001
            pop: 0.00457253912464
            reg: 0.00153516896535
            roc: 0.00101584044751
        probability: 0.984880328178
        value: "jaz"
    live_studio:
        all:
            live: 0.0532146580517
            studio: 0.946785330772
        probability: 0.946785330772
        value: "studio"
    mood:
        all:
            Cluster1: 0.143487304449
            Cluster2: 0.318821817636
            Cluster3: 0.295059174299
            Cluster4: 0.147739052773
            Cluster5: 0.0948926508427
        probability: 0.318821817636
        value: "Cluster2"
    mood_acoustic:
        all:
            acoustic: 0.951756238937
            not_acoustic: 0.0482437647879
        probability: 0.951756238937
        value: "acoustic"
    mood_aggressive:
        all:
            aggressive: 3.6608089431e-06
            not_aggressive: 0.999996364117
        probability: 0.999996364117
        value: "not_aggressive"
    mood_electronic:
        all:
            electronic: 0.29438918829
            not_electronic: 0.70561081171
        probability: 0.70561081171
        value: "not_electronic"
    mood_happy:
        all:
            happy: 0.016385840252
            not_happy: 0.983614146709
        probability: 0.983614146709
        value: "not_happy"
    mood_party:
        all:
            not_party: 0.96621286869
            party: 0.0337871313095
        probability: 0.96621286869
        value: "not_party"
    mood_relaxed:
        all:
            not_relaxed: 9.27279779717e-06
            relaxed: 0.999990701675
        probability: 0.999990701675
        value: "relaxed"
    mood_sad:
        all:
            not_sad: 0.0717344656587
            sad: 0.92826551199
        probability: 0.92826551199
        value: "sad"
    rhythm:
        all:
            fast: 0.232379361987
            medium: 0.180882364511
            slow: 0.586738288403
        probability: 0.586738288403
        value: "slow"
    speech_music:
        all:
            music: 0.942747473717
            speech: 0.0572525560856
        probability: 0.942747473717
        value: "music"
    timbre:
        all:
            bright: 0.950059711933
            dark: 0.0499402731657
        probability: 0.950059711933
        value: "bright"
    voice_instrumental:
        all:
            instrumental: 0.999999463558
            voice: 5.34538060037e-07
        probability: 0.999999463558
        value: "instrumental"

lowlevel:
    average_loudness: 0.967891454697
    barkbands_kurtosis:
        dmean: 6.4183382988
        dmean2: 10.0048522949
        dvar: 83.3996047974
        dvar2: 172.522781372
        max: 118.051208496
        mean: 12.4278936386
        min: -1.84382510185
        var: 216.54914856
    barkbands_skewness:
        dmean: 0.786986172199
        dmean2: 1.20483779907
        dvar: 0.776658058167
        dvar2: 1.54977440834
        max: 10.0431118011
        mean: 2.52944326401
        min: -1.04040956497
        var: 2.24999809265
    barkbands_spread:
        dmean: 4.27375602722
        dmean2: 6.64098834991
        dvar: 45.4085998535
        dvar2: 93.1740112305
        max: 69.218132019
        mean: 10.7892274857
        min: 1.31916666031
        var: 117.639862061
    dissonance:
        dmean: 0.0429872907698
        dmean2: 0.072534404695
        dvar: 0.00159898062702
        dvar2: 0.00408363854513
        max: 0.496080964804
        mean: 0.393146365881
        min: 0.179291218519
        var: 0.0034131584689
    hfc:
        dmean: 0.993252694607
        dmean2: 1.32003331184
        dvar: 2.83520555496
        dvar2: 4.25005674362
        max: 17.2571659088
        mean: 2.02261209488
        min: 0.0247102044523
        var: 7.43173217773
    pitch:
        dmean: 234.169204712
        dmean2: 463.948242188
        dvar: 694198.125
        dvar2: 1818202.875
        max: 4410
        mean: 534.871948242
        min: 76.8292694092
        var: 859683.1875
    pitch_instantaneous_confidence:
        dmean: 0.111427351832
        dmean2: 0.163282379508
        dvar: 0.012844693847
        dvar2: 0.0248691253364
        max: 0.98064160347
        mean: 0.699422836304
        min: 0.173392534256
        var: 0.0436967015266
    pitch_salience:
        dmean: 0.0860330834985
        dmean2: 0.133295729756
        dvar: 0.00609599007294
        dvar2: 0.0138301299885
        max: 0.795325696468
        mean: 0.457363992929
        min: 0.0677748993039
        var: 0.0185828898102
    silence_rate_20dB:
        dmean: 0
        dmean2: 0
        dvar: 0
        dvar2: 0
        max: 1
        mean: 1
        min: 1
        var: 0
    silence_rate_30dB:
        dmean: 0
        dmean2: 0
        dvar: 0
        dvar2: 0
        max: 1
        mean: 1
        min: 1
        var: 0
    silence_rate_60dB:
        dmean: 0.139211133122
        dmean2: 0.279069781303
        dvar: 0.119831383228
        dvar2: 0.229097247124
        max: 1
        mean: 0.597222208977
        min: 0
        var: 0.240548312664
    spectral_centroid:
        dmean: 121.209342957
        dmean2: 185.139602661
        dvar: 51344.2265625
        dvar2: 116403.710938
        max: 3309.0612793
        mean: 556.383239746
        min: 129.517578125
        var: 92034.1328125
    spectral_complexity:
        dmean: 1.16783213615
        dmean2: 1.66355144978
        dvar: 1.48231816292
        dvar2: 2.42885971069
        max: 14
        mean: 4.08837223053
        min: 0
        var: 5.85266160965
    spectral_crest:
        dmean: 2.93284797668
        dmean2: 4.5309715271
        dvar: 7.79422092438
        dvar2: 17.4379177094
        max: 25.703622818
        mean: 14.7032680511
        min: 4.13124036789
        var: 24.2992534637
    spectral_decrease:
        dmean: 3.75375841521e-10
        dmean2: 4.96216623347e-10
        dvar: 2.58559081896e-19
        dvar2: 3.96719621641e-19
        max: -7.55118450407e-12
        mean: -8.6203749694e-10
        min: -5.10255082631e-09
        var: 7.6659361349e-19
    spectral_energy:
        dmean: 0.00150388933253
        dmean2: 0.00198736204766
        dvar: 4.26249880547e-06
        dvar2: 6.51970958643e-06
        max: 0.0208234544843
        mean: 0.0034369842615
        min: 3.4773038351e-05
        var: 1.25402375488e-05
    spectral_energyband_high:
        dmean: 1.60163108376e-05
        dmean2: 2.34158087551e-05
        dvar: 7.77814979092e-10
        dvar2: 1.54325685564e-09
        max: 0.000329173199134
        mean: 2.66703027592e-05
        min: 1.02916794731e-06
        var: 1.31885646848e-09
    spectral_energyband_low:
        dmean: 0.000196853303351
        dmean2: 0.000264644389972
        dvar: 9.28243082399e-08
        dvar2: 1.40025193218e-07
        max: 0.00233017629944
        mean: 0.000369000714272
        min: 2.81383427136e-06
        var: 2.85161149804e-07
    spectral_energyband_middle_high:
        dmean: 0.000348129979102
        dmean2: 0.00048339998466
        dvar: 6.91277932674e-07
        dvar2: 9.98805148811e-07
        max: 0.00798422005028
        mean: 0.000561334134545
        min: 1.90021069102e-06
        var: 1.55744601216e-06
    spectral_energyband_middle_low:
        dmean: 0.00114722165745
        dmean2: 0.00153681344818
        dvar: 2.25921212405e-06
        dvar2: 3.79117773264e-06
        max: 0.013626719825
        mean: 0.00247997581027
        min: 5.77551190872e-06
        var: 6.68012398819e-06
    spectral_flatness_db:
        dmean: 0.0281871352345
        dmean2: 0.0412975773215
        dvar: 0.000627623870969
        dvar2: 0.00122096994892
        max: 0.373888105154
        mean: 0.257201552391
        min: 0.125881835818
        var: 0.00231713312678
    spectral_flux:
        dmean: 0.0127166267484
        dmean2: 0.0202540457249
        dvar: 0.000203862276976
        dvar2: 0.000516114814673
        max: 0.107555709779
        mean: 0.0251075513661
        min: 0.0038294843398
        var: 0.000290093186777
    spectral_kurtosis:
        dmean: 2.98274993896
        dmean2: 4.98830223083
        dvar: 9.63201141357
        dvar2: 24.1441020966
        max: 26.0169181824
        mean: 6.77284097672
        min: -0.342944145203
        var: 21.0150432587
    spectral_rms:
        dmean: 0.000390568573494
        dmean2: 0.000506676267833
        dvar: 1.69238930425e-07
        dvar2: 2.59519453039e-07
        max: 0.00450727902353
        mean: 0.00162048253696
        min: 0.000184187170817
        var: 7.27190126781e-07
    spectral_rolloff:
        dmean: 292.981964111
        dmean2: 506.382080078
        dvar: 499254.03125
        dvar2: 1261174.875
        max: 5017.23632812
        mean: 787.313964844
        min: 107.666015625
        var: 629924.0625
    spectral_skewness:
        dmean: 0.389516800642
        dmean2: 0.610773861408
        dvar: 0.131003856659
        dvar2: 0.287393301725
        max: 3.96644020081
        mean: 2.0144970417
        min: 0.154549211264
        var: 0.438260883093
    spectral_spread:
        dmean: 565453.8125
        dmean2: 878376.75
        dvar: 577835368448
        dvar2: 834748219392
        max: 16178653
        mean: 4119286.5
        min: 2070812.625
        var: 1.52259762586e+12
    spectral_strongpeak:
        dmean: 0.228871107101
        dmean2: 0.324884325266
        dvar: 0.0785953253508
        dvar2: 0.144927784801
        max: 2.54336237907
        mean: 0.544675171375
        min: 0.00881115812808
        var: 0.220843672752
    zerocrossingrate:
        dmean: 0.00698048714548
        dmean2: 0.00873087905347
        dvar: 6.21663639322e-05
        dvar2: 8.00334164524e-05
        max: 0.13720703125
        mean: 0.034128587693
        min: 0.0068359375
        var: 0.000306078582071
    barkbands:
        dmean: [2.47275036003e-08, 6.23835658189e-05, 0.000139205934829, 1.23342215375e-05, 7.34628556529e-05, 0.000353717798134, 0.000549909716938, 0.000254085025517, 0.000133147477754, 9.01839885046e-05, 0.000167018704815, 2.52787158388e-05, 2.05256292247e-05, 2.42909918597e-05, 3.33249408868e-05, 2.17831075133e-05, 1.31715851239e-05, 9.12765062822e-06, 8.34052025311e-06, 1.07486839624e-05, 8.32284058561e-06, 2.32426737057e-06, 4.60245843215e-07, 8.95282212809e-08, 8.38001223968e-09, 3.40170752677e-10, 1.92845669988e-10]
        dmean2: [2.73767213343e-08, 8.22832371341e-05, 0.000188474441529, 2.0236497221e-05, 0.000107213367301, 0.000483986688778, 0.000759293150622, 0.000339177902788, 0.000174268119736, 0.00013132589811, 0.00023668607173, 3.83876540582e-05, 2.96351281577e-05, 3.61558413715e-05, 4.42805612693e-05, 3.25407891069e-05, 1.89571564988e-05, 1.42584995046e-05, 1.21781331472e-05, 1.64571956702e-05, 1.26667900986e-05, 3.58052807314e-06, 7.381645446e-07, 1.31089976207e-07, 1.35920368294e-08, 5.31213240063e-10, 2.9000821189e-10]
        dvar: [1.20789188656e-13, 7.13915992989e-09, 5.34791659845e-08, 2.385984188e-10, 1.58149831009e-08, 4.9318236961e-07, 9.02867839159e-07, 9.66913717093e-07, 1.59912147524e-07, 7.42192369785e-08, 3.63390768143e-07, 4.41953318386e-09, 3.42137607134e-09, 7.43267936087e-09, 1.3175871949e-08, 4.42510339482e-09, 1.62038715779e-09, 5.96574289968e-10, 3.10317771479e-10, 3.55801221819e-10, 3.20979548496e-10, 1.18885847347e-11, 8.41961483172e-13, 2.76340551868e-14, 2.31030195127e-16, 2.22768258921e-18, 2.68367686202e-18]
        dvar2: [1.17953769582e-13, 9.3479313179e-09, 8.60506759182e-08, 5.55243684364e-10, 3.41149970495e-08, 7.34840227778e-07, 1.44936609558e-06, 1.56623877956e-06, 2.3503990576e-07, 1.20214480148e-07, 5.20340222465e-07, 8.88156570511e-09, 6.19195850149e-09, 1.3851852998e-08, 2.0687677349e-08, 7.35115257555e-09, 3.54206730613e-09, 1.40198275211e-09, 5.55320511797e-10, 7.64353913496e-10, 5.92282278777e-10, 2.6153204602e-11, 2.12993143088e-12, 6.38996234398e-14, 4.47258330683e-16, 2.3355463207e-18, 2.72979983259e-18]
        max: [7.43189957575e-06, 0.000772591680288, 0.00189527426846, 0.000151605461724, 0.00161993934307, 0.00910114869475, 0.00813624542207, 0.0116232838482, 0.00476726237684, 0.00332393078133, 0.00641930522397, 0.000738502130844, 0.000816246087197, 0.0011112060165, 0.00136123422999, 0.000795217463747, 0.000529372890014, 0.00037470847019, 0.000216070809984, 0.000225350668188, 0.000254257640336, 3.71253772755e-05, 1.19324231491e-05, 1.84172472473e-06, 2.84908708181e-07, 3.14280015346e-08, 3.39473231747e-08]
        mean: [2.99756734989e-08, 0.00011402569362, 0.000254952348769, 1.74605502252e-05, 0.000150962107, 0.000614562770352, 0.00113197159953, 0.000347315246472, 0.000179276015842, 0.000144277073559, 0.000247748510446, 2.87380516966e-05, 2.57758729276e-05, 3.15181023325e-05, 4.10604225181e-05, 2.96984708257e-05, 1.64569701155e-05, 1.17280042105e-05, 1.51011508933e-05, 1.6344109099e-05, 1.38744462674e-05, 3.35716345035e-06, 5.96468566982e-07, 1.35364160769e-07, 1.9794240913e-08, 1.1158973745e-09, 1.7849299816e-10]
        min: [1.45102974775e-11, 3.5550380062e-07, 4.38758092969e-07, 1.04492940523e-07, 7.81085191193e-07, 3.9719472511e-07, 2.51440127386e-07, 2.1599217348e-07, 1.20103592849e-07, 6.45923847742e-08, 6.01845471238e-08, 1.79775181408e-08, 2.23990088699e-08, 4.06529210295e-08, 3.55072522495e-08, 4.4358543505e-08, 7.54449516194e-08, 2.19861433948e-07, 5.31704642981e-07, 4.3583651177e-07, 3.47721339722e-07, 1.31089322508e-07, 3.20119859509e-08, 1.13550466807e-08, 6.01927885313e-09, 4.97190233428e-10, 2.73043436819e-12]
        var: [1.28585686478e-13, 2.54384033838e-08, 1.53994776042e-07, 3.92053195464e-10, 6.86928842697e-08, 1.40964311868e-06, 2.91301921607e-06, 2.00374392989e-06, 3.37839907161e-07, 1.49637273239e-07, 8.09091886822e-07, 6.01701444225e-09, 5.3843525194e-09, 1.18461906951e-08, 2.20818883179e-08, 8.98286867113e-09, 2.18514117911e-09, 7.41852634878e-10, 6.71282307518e-10, 5.17271003808e-10, 5.49181478071e-10, 1.6769034078e-11, 8.84995581592e-13, 3.4255452343e-14, 3.08759841128e-16, 2.23108974615e-18, 2.67902790018e-18]
    mfcc:
        mean: [-828.860656738, 153.123565674, -14.5791196823, 59.1240921021, -34.6837425232, 1.0594574213, -9.19309616089, -8.22765636444, -2.68473863602, 0.592378497124, -3.40460205078, 4.57056808472, 3.57467627525]
        cov: [[2641.91772461, 380.209381104, -1179.62561035, -647.213562012, -202.37713623, 11.5011548996, -209.604537964, -62.1661567688, -23.6495990753, 80.0708465576, 18.8940525055, 172.946807861, 262.287994385], [380.209381104, 813.323547363, -197.631134033, -317.938323975, -74.4349060059, -123.734695435, -21.9465007782, -100.316169739, 3.48223161697, 4.40476703644, 20.0331954956, -42.3967247009, 32.6609458923], [-1179.62561035, -197.631134033, 929.810852051, 444.097625732, 58.9915466309, 53.5400123596, 93.8761672974, 44.1373634338, -2.65111398697, -19.1511459351, -25.599199295, -95.5880737305, -163.499893188], [-647.213562012, -317.938323975, 444.097625732, 414.353607178, 135.613998413, 71.1996154785, 96.6895675659, 87.1400527954, 18.9689254761, -5.1898651123, 5.02716732025, -11.3238697052, -73.5996398926], [-202.37713623, -74.4349060059, 58.9915466309, 135.613998413, 159.960403442, 82.2628860474, 71.9034194946, 52.3408546448, 31.6470394135, 13.846408844, 33.3255653381, 19.7061519623, -3.89560651779], [11.5011548996, -123.734695435, 53.5400123596, 71.1996154785, 82.2628860474, 153.19442749, 64.2391357422, 44.0959701538, 16.5867385864, 33.8272285461, 28.4849033356, 36.6928596497, 14.4959220886], [-209.604537964, -21.9465007782, 93.8761672974, 96.6895675659, 71.9034194946, 64.2391357422, 106.636566162, 54.5913925171, 29.9639339447, 19.7358837128, 24.899805069, 9.5358133316, -5.28520917892], [-62.1661567688, -100.316169739, 44.1373634338, 87.1400527954, 52.3408546448, 44.0959701538, 54.5913925171, 89.9013214111, 45.7800674438, 16.4056434631, 9.94145488739, 10.2055482864, 0.650465250015], [-23.6495990753, 3.48223161697, -2.65111398697, 18.9689254761, 31.6470394135, 16.5867385864, 29.9639339447, 45.7800674438, 76.6623764038, 40.0144996643, 8.75099658966, 7.17012500763, 7.629945755], [80.0708465576, 4.40476703644, -19.1511459351, -5.1898651123, 13.846408844, 33.8272285461, 19.7358837128, 16.4056434631, 40.0144996643, 72.9003143311, 34.3401870728, 15.9913415909, 8.67781066895], [18.8940525055, 20.0331954956, -25.599199295, 5.02716732025, 33.3255653381, 28.4849033356, 24.899805069, 9.94145488739, 8.75099658966, 34.3401870728, 76.9463119507, 42.3007850647, 9.85357093811], [172.946807861, -42.3967247009, -95.5880737305, -11.3238697052, 19.7061519623, 36.6928596497, 9.5358133316, 10.2055482864, 7.17012500763, 15.9913415909, 42.3007850647, 102.550811768, 66.4640350342], [262.287994385, 32.6609458923, -163.499893188, -73.5996398926, -3.89560651779, 14.4959220886, -5.28520917892, 0.650465250015, 7.629945755, 8.67781066895, 9.85357093811, 66.4640350342, 110.699859619]]
        icov: [[0.00242624781094, -0.00221362686716, 0.00327328918502, -0.00241163047031, 0.00357330823317, -0.00453081354499, 0.00550195900723, -0.00423769326881, 0.00309947691858, -0.00337395025417, 0.00252454471774, -0.00235869875178, 0.000384528684663], [-0.00221362686716, 0.00515078101307, -0.004117726814, 0.00599203910679, -0.00517368968576, 0.00695172557607, -0.00804376695305, 0.00640691909939, -0.00415806146339, 0.00356318801641, -0.00419139442965, 0.00400636903942, -0.00191182293929], [0.00327328918502, -0.004117726814, 0.00836198870093, -0.00904419086874, 0.00872971024364, -0.00886280834675, 0.00717491516843, -0.00371589814313, 0.00276035536081, -0.0033509740606, 0.00317404512316, -0.00184964516666, 0.00252915080637], [-0.00241163047031, 0.00599203910679, -0.00904419086874, 0.0175554361194, -0.0132437506691, 0.0108864400536, -0.00927956122905, 0.000141262411489, 0.000385207502404, 0.00138886610512, -0.000896238780115, -0.000388954678783, 0.00010243133147], [0.00357330823317, -0.00517368968576, 0.00872971024364, -0.0132437506691, 0.0233739782125, -0.0153193995357, 0.0065634008497, -0.0035174251534, -0.00270157447085, 0.00200096261688, -0.00232055992819, -0.000460532639408, 0.00082329165889], [-0.00453081354499, 0.00695172557607, -0.00886280834675, 0.0108864400536, -0.0153193995357, 0.0248283147812, -0.0165080875158, 0.00517660891637, 0.000952990085352, -0.00199511065148, -0.00160288880579, 0.000723673612811, -0.00197803229094], [0.00550195900723, -0.00804376695305, 0.00717491516843, -0.00927956122905, 0.0065634008497, -0.0165080875158, 0.0347792878747, -0.0184809677303, 0.00682761659846, -0.00747164431959, 0.00320586864837, -0.00469971820712, 0.000577835889999], [-0.00423769326881, 0.00640691909939, -0.00371589814313, 0.000141262411489, -0.0035174251534, 0.00517660891637, -0.0184809677303, 0.0369626060128, -0.0227188691497, 0.0132574513555, -0.00839361548424, 0.00788217131048, -0.00260387640446], [0.00309947691858, -0.00415806146339, 0.00276035536081, 0.000385207502404, -0.00270157447085, 0.000952990085352, 0.00682761659846, -0.0227188691497, 0.0379662439227, -0.0247456822544, 0.0135541930795, -0.00768010504544, 0.00118333997671], [-0.00337395025417, 0.00356318801641, -0.0033509740606, 0.00138886610512, 0.00200096261688, -0.00199511065148, -0.00747164431959, 0.0132574513555, -0.0247456822544, 0.0368501916528, -0.019130397588, 0.00918694026768, -0.00218211859465], [0.00252454471774, -0.00419139442965, 0.00317404512316, -0.000896238780115, -0.00232055992819, -0.00160288880579, 0.00320586864837, -0.00839361548424, 0.0135541930795, -0.019130397588, 0.0321546718478, -0.0181782562286, 0.00829525198787], [-0.00235869875178, 0.00400636903942, -0.00184964516666, -0.000388954678783, -0.000460532639408, 0.000723673612811, -0.00469971820712, 0.00788217131048, -0.00768010504544, 0.00918694026768, -0.0181782562286, 0.0296423118562, -0.0153355048969], [0.000384528684663, -0.00191182293929, 0.00252915080637, 0.00010243133147, 0.00082329165889, -0.00197803229094, 0.000577835889999, -0.00260387640446, 0.00118333997671, -0.00218211859465, 0.00829525198787, -0.0153355048969, 0.0213794019073]]
    spectral_contrast:
        mean: [1.40937260085e-07, 1.53603252784e-07, -3.16463399486e-07, -1.67014292174e-07, 3.93165407786e-07, -1.54729491442e-08, -3.58986289939e-06, -3.47772311216e-06, 8.77487821072e-07, 1.4016447949e-06, -8.3945519691e-07, 5.05253353822e-07]
        var: [0.000257605948718, 0.000528715609107, 0.00189178145956, 0.0027276375331, 0.00599279580638, 0.0114168087021, 0.0223225373775, 0.0632715970278, 0.106598213315, 0.180504888296, 0.355909973383, 0.984247684479]

rhythm:
    beats_loudness:
        dmean: 0.0035729452502
        dmean2: 0.00534995272756
        dvar: 7.26167672838e-06
        dvar2: 1.7922018742e-05
        max: 0.0200656913221
        mean: 0.00544372480363
        min: 0.00114451511763
        var: 1.73002845258e-05
    beats_loudness_bass:
        dmean: 0.237881094217
        dmean2: 0.464798867702
        dvar: 0.0897918716073
        dvar2: 0.23796069622
        max: 0.975641906261
        mean: 0.161925435066
        min: 0.0024698660709
        var: 0.065305441618
    bpm: 140.368164062
    bpm_confidence: 0
    first_peak_bpm: 141
    first_peak_spread: 0
    first_peak_weight: 0.95454543829
    onset_rate: 5.08422851562
    second_peak_bpm: 123
    second_peak_spread: 0
    second_peak_weight: 0.0454545468092
    beats_position: [0.131864994764, 0.55759447813, 0.983323931694, 1.40905344486, 1.83478295803, 2.26051235199, 2.68624186516, 3.11197137833, 3.53770089149, 3.96343040466, 4.38915967941, 4.814889431, 5.24061870575, 5.66634845734, 6.15268707275, 6.58087921143, 7.00907087326, 7.43726301193, 7.86545562744, 8.29364776611, 8.72183895111, 9.15003204346, 9.57822418213]
    bpm_estimates: [140.924865723, 140.931915283, 140.946899414, 140.48878479, 140.025177002, 140.886169434, 139.462936401, 139.739501953, 139.964202881, 140.31111145]
    bpm_intervals: [0.425729483366, 0.425729453564, 0.425729513168, 0.425729513168, 0.425729393959, 0.425729513168, 0.425729513168, 0.425729513168, 0.425729513168, 0.42572927475, 0.425729751587, 0.42572927475, 0.425729751587, 0.486338615417, 0.428192138672, 0.428191661835, 0.428192138672, 0.428192615509, 0.428192138672, 0.428191184998, 0.428193092346, 0.428192138672]
    onset_times: [0.0580498874187, 0.127709746361, 0.290249437094, 0.49922901392, 0.557278931141, 0.719818592072, 0.952018141747, 1.14938771725, 1.52090704441, 1.75310659409, 1.97369611263, 2.00852608681, 2.24072551727, 2.43809533119, 2.56580495834, 2.67029476166, 2.87927436829, 3.28562355042, 3.54104304314, 3.76163268089, 3.95900225639, 4.14476203918, 4.2492518425, 4.46984148026, 4.69043064117, 4.91102027893, 5.14321994781, 5.5727891922, 5.85142850876, 6.00235843658, 6.09523820877, 6.24616765976, 6.48997735977, 6.68734693527, 6.76861667633, 6.9543762207, 7.11691617966, 7.38394546509, 7.55809545517, 7.6277551651, 7.98766422272, 8.20825386047, 8.42884349823, 8.63782310486, 8.83519268036, 9.07900238037, 9.13705253601, 9.26476192474, 9.4853515625, 9.54340171814, 9.91492080688]
    rubato_start: []
    rubato_stop: []
    perceptual_tempo: "unknown"

sfx:
    inharmonicity:
        dmean: 0.0250700395554
        dmean2: 0.0457213334739
        dvar: 0.00138843408786
        dvar2: 0.00366244860925
        max: 0.273198783398
        mean: 0.0193178821355
        min: 1.93637424672e-06
        var: 0.00125429045875
    oddtoevenharmonicenergyratio:
        dmean: 5.23145484924
        dmean2: 10.2054080963
        dvar: 1215.24584961
        dvar2: 3665.07861328
        max: 372.868377686
        mean: 2.98038244247
        min: 9.1056463134e-05
        var: 613.919433594
    pitch_after_max_to_before_max_energy_ratio: 20.0514659882
    pitch_centroid: 231.48449707
    pitch_max_to_total: 0.0790697708726
    pitch_min_to_total: 0.239534884691
    tristimulus:
        dmean: [0.240756541491, 0.239631161094, 0.0524552501738]
        dmean2: [0.419030278921, 0.409740775824, 0.0949114114046]
        dvar: [0.0573406741023, 0.0572683177888, 0.00899696070701]
        dvar2: [0.143548488617, 0.155067458749, 0.0257495958358]
        max: [0.979067146778, 0.98634570837, 0.794108331203]
        mean: [0.551862478256, 0.38567635417, 0.0541916079819]
        min: [0.00152848928701, 0, 0]
        var: [0.0788914337754, 0.072335973382, 0.00810184329748]

tonal:
    chords_changes_rate: 0.111111111939
    chords_number_rate: 0.037037037313
    chords_strength:
        dmean: 0.0167260952294
        dmean2: 0.0174969825894
        dvar: 0.00014090212062
        dvar2: 0.000227370503126
        max: 0.608344554901
        mean: 0.439394026995
        min: 0.299513965845
        var: 0.00412119505927
    key_strength: 0.60532450676
    tuning_diatonic_strength: 0.573537230492
    tuning_equal_tempered_deviation: 0.0728529021144
    tuning_frequency: 438.224517822
    tuning_nontempered_energy_ratio: 0.723667860031
    hpcp:
        dmean: [0.161687985063, 0.196466639638, 0.22352053225, 0.206353068352, 0.121052734554, 0.0279267895967, 0.0326191484928, 0.0621686168015, 0.0957004204392, 0.104821465909, 0.0535619370639, 0.0197402667254, 0.0156862083822, 0.02292249538, 0.0703324750066, 0.0826234295964, 0.0490185767412, 0.0504988953471, 0.0757594630122, 0.0519516691566, 0.0251229070127, 0.031012788415, 0.0410781912506, 0.0778170451522, 0.132920876145, 0.119012966752, 0.0525804832578, 0.0268028806895, 0.0449043139815, 0.136024236679, 0.17681171, 0.168457329273, 0.1370652318, 0.149739176035, 0.147547319531, 0.140806168318]
        dmean2: [0.294022083282, 0.351658940315, 0.383810698986, 0.348015874624, 0.207685127854, 0.0496293306351, 0.0606712140143, 0.113875664771, 0.14647898078, 0.174843773246, 0.087539255619, 0.0363194644451, 0.0284826420248, 0.0396366156638, 0.124185293913, 0.152188435197, 0.0841508954763, 0.0887129977345, 0.136308401823, 0.0843517631292, 0.0417368896306, 0.0547979734838, 0.0784885883331, 0.130670413375, 0.232857182622, 0.208871051669, 0.0959078297019, 0.0494339056313, 0.0840742066503, 0.252519607544, 0.311108052731, 0.284773528576, 0.223831981421, 0.260269522667, 0.266043871641, 0.244946137071]
        dvar: [0.0757766366005, 0.0676985234022, 0.0787415504456, 0.0905292481184, 0.0316944420338, 0.00408053677529, 0.00769488932565, 0.0210972782224, 0.0336067937315, 0.0498543083668, 0.0140363285318, 0.00329586234875, 0.00296559603885, 0.00284846732393, 0.0308822281659, 0.0415450483561, 0.010030223988, 0.013603867963, 0.0384024679661, 0.0173491407186, 0.00449875742197, 0.00752214342356, 0.021218823269, 0.0228361617774, 0.0653625577688, 0.0597431287169, 0.0167054180056, 0.00883517041802, 0.00899284891784, 0.0542858727276, 0.081425383687, 0.0659092143178, 0.0427456460893, 0.0687669143081, 0.0661543831229, 0.054596580565]
        dvar2: [0.161403656006, 0.185279905796, 0.179751515388, 0.151704266667, 0.07418435812, 0.0118912095204, 0.0212445054203, 0.0582105405629, 0.0616697333753, 0.0828354284167, 0.0326116494834, 0.00913595035672, 0.00813231617212, 0.00735514191911, 0.0723465159535, 0.098146699369, 0.0261749383062, 0.0364024788141, 0.0916894003749, 0.0378703102469, 0.0123219676316, 0.0223662424833, 0.0550721660256, 0.0505451858044, 0.120810374618, 0.124889969826, 0.0475262254477, 0.0250627230853, 0.0245156399906, 0.15243729949, 0.170321345329, 0.143729120493, 0.10937718302, 0.156170651317, 0.179031670094, 0.118685118854]
        max: [1, 1, 1, 1, 0.956953823566, 0.413600742817, 0.651963114738, 1, 1, 1, 1, 0.409716248512, 0.551432609558, 0.509487569332, 1, 1, 1, 0.907310545444, 1, 1, 0.689636588097, 0.675409257412, 1, 1, 1, 1, 0.742544710636, 1, 0.767955482006, 1, 1, 1, 1, 1, 1, 1]
        mean: [0.164321839809, 0.1526581496, 0.23789255321, 0.262450963259, 0.116014279425, 0.0212439913303, 0.0240833796561, 0.0454962067306, 0.108271628618, 0.122576922178, 0.0519958697259, 0.0144791826606, 0.0124463979155, 0.0198269225657, 0.0729929953814, 0.0946434140205, 0.04908971861, 0.0410937331617, 0.0599415525794, 0.0432587899268, 0.0226325225085, 0.0259849280119, 0.0308822877705, 0.0798815861344, 0.161721169949, 0.131825491786, 0.0431126542389, 0.0183643177152, 0.02990847826, 0.1071896106, 0.198128715158, 0.172680959105, 0.136006578803, 0.159647926688, 0.130990937352, 0.137130245566]
        min: [0.000129790918436, 0.00032108835876, 0.00027923687594, 0.000338606711011, 0.000288378389087, 0.000169751016074, 0.000212992395973, 0.000173842490767, 0.000167643171153, 0.000186498466064, 0.000620063685346, 0.000186067103641, 0.000200945258257, 0.000160774608958, 0.000280188396573, 0.0002356050245, 0.000204329568078, 0.000218281900743, 9.80503609753e-05, 9.18924924918e-05, 6.03091575613e-05, 4.31788685091e-05, 6.65038242005e-05, 7.96995591372e-05, 8.55089601828e-05, 6.35368414805e-05, 4.40318435722e-05, 4.24411082349e-05, 5.31716032128e-05, 9.76423616521e-05, 9.7630188975e-05, 0.000134862595587, 7.52550768084e-05, 5.22445698152e-05, 0.000122704339446, 0.000152249616804]
        var: [0.0924959480762, 0.0638012066483, 0.106510676444, 0.141343072057, 0.0375266261399, 0.00323210190982, 0.00541950482875, 0.0148965790868, 0.0526423305273, 0.0721298083663, 0.0146731818095, 0.00218887231313, 0.00201699649915, 0.00242080097087, 0.0360204800963, 0.0560661070049, 0.0127245699987, 0.0104397134855, 0.0319048762321, 0.0179144218564, 0.00455431593582, 0.00692890770733, 0.0163571424782, 0.0312079675496, 0.096059255302, 0.0787895098329, 0.013701970689, 0.00536564504728, 0.00632860604674, 0.0426203012466, 0.112400613725, 0.0867125168443, 0.0543700605631, 0.0954231768847, 0.067660599947, 0.0679325535893]
    chords_histogram: [14.3518514633, 0, 42.1296310425, 0, 0, 0, 0, 0, 0, 0, 0, 0, 0, 0, 0, 0, 0, 0, 1.38888883591, 18.0555553436, 3.24074077606, 5.09259271622, 9.25925922394, 6.48148155212]
    thpcp: [1, 0.44204172492, 0.0809446126223, 0.0917633473873, 0.173351272941, 0.412540405989, 0.467046946287, 0.198116511106, 0.0551690980792, 0.0474237091839, 0.0755452439189, 0.278120517731, 0.360613703728, 0.187043398619, 0.156576797366, 0.228391438723, 0.164826184511, 0.0862352401018, 0.0990086942911, 0.117668792605, 0.304367661476, 0.616195738316, 0.502286195755, 0.164269372821, 0.0699723735452, 0.113958351314, 0.408417671919, 0.754917085171, 0.657955110073, 0.518217086792, 0.608296215534, 0.499106317759, 0.522498548031, 0.626104950905, 0.581663489342, 0.906426668167]
    chords_key: "F"
    chords_scale: "major"
    key_key: "A#"
    key_scale: "major"
    chords_progression: ["D#", "F", "F", "F", "F", "F", "F", "F", "F", "F", "F", "F", "F", "F", "F", "F", "F", "F", "F", "F", "F", "F", "F", "F", "F", "F", "F", "F", "F", "F", "F", "F", "F", "F", "F", "F", "F", "F", "F", "F", "F", "F", "F", "F", "F", "F", "F", "F", "F", "F", "F", "Cm", "Cm", "Cm", "Cm", "Cm", "Cm", "Cm", "Cm", "Cm", "Cm", "Cm", "F", "F", "F", "F", "F", "F", "F", "F", "F", "D#", "D#", "D#", "D#", "D#", "D#", "D#", "D#", "D#", "D#", "D#", "D#", "D#", "D#", "D#", "D#", "D#", "D#", "F", "F", "D#", "F", "F", "F", "F", "F", "F", "F", "F", "F", "F", "F", "F", "F", "F", "F", "F", "F", "F", "F", "F", "F", "F", "F", "F", "F", "F", "F", "F", "F", "F", "Fm", "Fm", "Fm", "Fm", "A#", "A#", "A#", "A#", "A#", "A#", "A#", "A#", "Fm", "Fm", "Fm", "Fm", "Fm", "Fm", "Fm", "Fm", "Fm", "Fm", "Fm", "Fm", "Fm", "G#", "G#", "G#", "G#", "Fm", "Fm", "Fm", "G#", "G#", "G#", "Fm", "Fm", "Fm", "Fm", "Fm", "Fm", "Fm", "Fm", "Fm", "Fm", "Fm", "Fm", "Fm", "Fm", "Fm", "Fm", "C#", "C#", "C#", "Gm", "A#", "A#", "A#", "A#", "A#", "A#", "Gm", "Fm", "Fm", "Fm", "A#", "A#", "A#", "A#", "A#", "A#", "A#", "A#", "A#", "A#", "A#", "A#", "A#", "A#", "Gm", "Gm", "Gm", "A#", "A#", "Gm", "Gm", "Gm", "Gm", "Gm", "Gm", "Gm", "Gm", "Gm", "A#"]
