
metadata:
    version:
        essentia: "1.2.2"
    audio_properties:
        analysis_sample_rate: 44100
        bitrate: 128
        channels: 2
        equal_loudness: 1
        length: 10.0310201645
        replay_gain: -14.0543498993
        downmix: "mix"
    tags:
        track: 12
        year: 0
        album: "Splitted by Mp3Splt v. 2.1"
        artist: "From 001.50 To 002.00"
        comment: "http://mp3splt.sf.net"
        genre: ""
        title: "05 History [Dub Pistols Mix].m"

highlevel:
    ballroom:
        all:
            ChaChaCha: 0.0872299671173
            Jive: 0.248701706529
            Quickstep: 0.00384798250161
            Rumba-American: 0.00037768293987
            Rumba-International: 0.00121159327682
            Rumba-Misc: 0.000372487847926
            Samba: 0.658038198948
            Tango: 4.71740422654e-05
            VienneseWaltz: 0.000120390046504
            Waltz: 5.28341115569e-05
        probability: 0.658038198948
        value: "Samba"
    culture:
        all:
            non_western: 0.233972653747
            western: 0.766027331352
        probability: 0.766027331352
        value: "western"
    gender:
        all:
            female: 0.156313240528
            male: 0.843686759472
        probability: 0.843686759472
        value: "male"
    genre_dortmund:
        all:
            alternative: 0.0592659674585
            blues: 0.016164958477
            electronic: 0.0814644992352
            folkcountry: 0.0188503880054
            funksoulrnb: 0.00615211436525
            jazz: 0.0500877462327
            pop: 0.0622747391462
            raphiphop: 0.0275429580361
            rock: 0.67819660902
        probability: 0.67819660902
        value: "rock"
    genre_electronica:
        all:
            ambient: 0.0193743016571
            dnb: 0.800679981709
            house: 0.00670556072146
            techno: 0.0462921001017
            trance: 0.126948028803
        probability: 0.800679981709
        value: "dnb"
    genre_rosamerica:
        all:
            cla: 0.00324099324644
            dan: 0.664614021778
            hip: 0.0536565445364
            jaz: 0.00712050311267
            pop: 0.0397291518748
            rhy: 0.0353071317077
            roc: 0.192924752831
            spe: 0.0034068946261
        probability: 0.664614021778
        value: "dan"
    genre_tzanetakis:
        all:
            blu: 0.00344994780608
            cla: 0.00208622729406
            cou: 0.0145313078538
            dis: 0.0780187472701
            hip: 0.209747046232
            jaz: 0.0591787286103
            met: 0.0609687790275
            pop: 0.389958262444
            reg: 0.0161052811891
            roc: 0.165955662727
        probability: 0.389958262444
        value: "pop"
    live_studio:
        all:
            live: 0.0644508376718
            studio: 0.935549139977
        probability: 0.935549139977
        value: "studio"
    mood:
        all:
            Cluster1: 0.465700358152
            Cluster2: 0.117258392274
            Cluster3: 0.0167543888092
            Cluster4: 0.045286949724
            Cluster5: 0.354999899864
        probability: 0.465700358152
        value: "Cluster1"
    mood_acoustic:
        all:
            acoustic: 0.0089838784188
            not_acoustic: 0.991016149521
        probability: 0.991016149521
        value: "not_acoustic"
    mood_aggressive:
        all:
            aggressive: 0.853885948658
            not_aggressive: 0.146114036441
        probability: 0.853885948658
        value: "aggressive"
    mood_electronic:
        all:
            electronic: 0.929341137409
            not_electronic: 0.0706588625908
        probability: 0.929341137409
        value: "electronic"
    mood_happy:
        all:
            happy: 0.686689913273
            not_happy: 0.313310056925
        probability: 0.686689913273
        value: "happy"
    mood_party:
        all:
            not_party: 0.0978671461344
            party: 0.902132868767
        probability: 0.902132868767
        value: "party"
    mood_relaxed:
        all:
            not_relaxed: 0.956337213516
            relaxed: 0.0436627753079
        probability: 0.956337213516
        value: "not_relaxed"
    mood_sad:
        all:
            not_sad: 0.965841650963
            sad: 0.0341583304107
        probability: 0.965841650963
        value: "not_sad"
    rhythm:
        all:
            fast: 0.81939303875
            medium: 0.137804746628
            slow: 0.0428021810949
        probability: 0.81939303875
        value: "fast"
    speech_music:
        all:
            music: 0.999963819981
            speech: 3.61631209671e-05
        probability: 0.999963819981
        value: "music"
    timbre:
        all:
            bright: 0.0945405289531
            dark: 0.905459463596
        probability: 0.905459463596
        value: "dark"
    voice_instrumental:
        all:
            instrumental: 0.00551657145843
            voice: 0.994483411312
        probability: 0.994483411312
        value: "voice"

lowlevel:
    average_loudness: 0.977698206902
    barkbands_kurtosis:
        dmean: 1.30632913113
        dmean2: 2.26373696327
        dvar: 2.85682153702
        dvar2: 7.91895389557
        max: 8.22908401489
        mean: -0.265887200832
        min: -1.84001457691
        var: 2.98069643974
    barkbands_skewness:
        dmean: 0.6232406497
        dmean2: 0.957363843918
        dvar: 0.327097892761
        dvar2: 0.762255132198
        max: 2.98362898827
        mean: 0.572274744511
        min: -2.42893385887
        var: 0.848643183708
    barkbands_spread:
        dmean: 8.72245311737
        dmean2: 13.7818050385
        dvar: 60.6143836975
        dvar2: 159.261779785
        max: 74.7200469971
        mean: 39.9512748718
        min: 13.6356191635
        var: 117.378227234
    dissonance:
        dmean: 0.0152408443391
        dmean2: 0.0262250304222
        dvar: 0.000216056170757
        dvar2: 0.00056839856552
        max: 0.499718278646
        mean: 0.476834714413
        min: 0.395304501057
        var: 0.00031397989369
    hfc:
        dmean: 3.57310557365
        dmean2: 5.04868745804
        dvar: 16.6209049225
        dvar2: 34.8363647461
        max: 30.6250038147
        mean: 6.88406181335
        min: 0.0364256538451
        var: 36.0602264404
    pitch:
        dmean: 1148.23864746
        dmean2: 2214.01489258
        dvar: 2756068.5
        dvar2: 5723286
        max: 4900
        mean: 1858.33691406
        min: 64.4736862183
        var: 3696578.75
    pitch_instantaneous_confidence:
        dmean: 0.103838160634
        dmean2: 0.172661721706
        dvar: 0.0066775358282
        dvar2: 0.0173244290054
        max: 0.77303981781
        mean: 0.352263897657
        min: 0.134248316288
        var: 0.015826202929
    pitch_salience:
        dmean: 0.086392916739
        dmean2: 0.146890282631
        dvar: 0.00517050921917
        dvar2: 0.014744380489
        max: 0.828373849392
        mean: 0.644552350044
        min: 0.320036798716
        var: 0.00799624249339
    silence_rate_20dB:
        dmean: 0
        dmean2: 0
        dvar: 0
        dvar2: 0
        max: 1
        mean: 1
        min: 1
        var: 0
    silence_rate_30dB:
        dmean: 0
        dmean2: 0
        dvar: 0
        dvar2: 0
        max: 1
        mean: 1
        min: 1
        var: 0
    silence_rate_60dB:
        dmean: 0.25925925374
        dmean2: 0.519721567631
        dvar: 0.192043855786
        dvar2: 0.314576387405
        max: 1
        mean: 0.413394927979
        min: 0
        var: 0.242500558496
    spectral_centroid:
        dmean: 447.992462158
        dmean2: 667.722167969
        dvar: 191201.09375
        dvar2: 360453.71875
        max: 3664.59033203
        mean: 1544.87182617
        min: 352.700958252
        var: 568306.875
    spectral_complexity:
        dmean: 4.70997667313
        dmean2: 6.91627883911
        dvar: 26.4842700958
        dvar2: 51.1324768066
        max: 40
        mean: 11.7407407761
        min: 0
        var: 59.1318016052
    spectral_crest:
        dmean: 2.63584280014
        dmean2: 4.49923849106
        dvar: 6.21934604645
        dvar2: 17.221572876
        max: 17.8956298828
        mean: 7.28242874146
        min: 2.62179470062
        var: 8.6670999527
    spectral_decrease:
        dmean: 5.73410041671e-10
        dmean2: 9.27181109667e-10
        dvar: 4.98465240979e-19
        dvar2: 1.21980871454e-18
        max: -3.11869714081e-12
        mean: -1.0102929604e-09
        min: -4.42103909037e-09
        var: 5.64125804028e-19
    spectral_energy:
        dmean: 0.00244420580566
        dmean2: 0.00389949115925
        dvar: 8.29283999337e-06
        dvar2: 1.99814458028e-05
        max: 0.0181412808597
        mean: 0.0044374819845
        min: 1.507459001e-05
        var: 1.01594696389e-05
    spectral_energyband_high:
        dmean: 0.000374927272787
        dmean2: 0.000517228792887
        dvar: 2.2801640398e-07
        dvar2: 3.93379849584e-07
        max: 0.00482141319662
        mean: 0.000668252410833
        min: 6.48720742902e-06
        var: 5.90837146319e-07
    spectral_energyband_low:
        dmean: 0.000362564751413
        dmean2: 0.000596811587457
        dvar: 3.77816945729e-07
        dvar2: 9.79388119049e-07
        max: 0.00472301337868
        mean: 0.000584334251471
        min: 3.8335501813e-06
        var: 3.83599513043e-07
    spectral_energyband_middle_high:
        dmean: 0.00062523491215
        dmean2: 0.000929164409172
        dvar: 4.90041884404e-07
        dvar2: 1.18605726129e-06
        max: 0.00530265597627
        mean: 0.00116404891014
        min: 1.44968612403e-06
        var: 9.02805595615e-07
    spectral_energyband_middle_low:
        dmean: 0.00157693878282
        dmean2: 0.00266115413979
        dvar: 5.09918754688e-06
        dvar2: 1.28946312543e-05
        max: 0.0131922569126
        mean: 0.00202080700547
        min: 3.30410352944e-06
        var: 4.74739636047e-06
    spectral_flatness_db:
        dmean: 0.0200078431517
        dmean2: 0.0342064574361
        dvar: 0.000292761338642
        dvar2: 0.000844719470479
        max: 0.202146708965
        mean: 0.127614930272
        min: 0.0599343888462
        var: 0.000531544326805
    spectral_flux:
        dmean: 0.0146131580696
        dmean2: 0.02277880162
        dvar: 0.000240521854721
        dvar2: 0.000425414589699
        max: 0.111195065081
        mean: 0.0436445213854
        min: 0.00388260092586
        var: 0.000378155120416
    spectral_kurtosis:
        dmean: 0.664680302143
        dmean2: 1.0989317894
        dvar: 0.693713784218
        dvar2: 1.74528264999
        max: 9.44932460785
        mean: 1.46954333782
        min: -0.463356733322
        var: 1.02042293549
    spectral_rms:
        dmean: 0.00053280434804
        dmean2: 0.000814034894574
        dvar: 2.87424825274e-07
        dvar2: 6.78424044054e-07
        max: 0.00420699547976
        mean: 0.00196655583568
        min: 0.000121272081742
        var: 4.6190891112e-07
    spectral_rolloff:
        dmean: 967.944580078
        dmean2: 1601.31860352
        dvar: 1129794.375
        dvar2: 2865433
        max: 6072.36328125
        mean: 3276.08789062
        min: 301.46484375
        var: 1784908.125
    spectral_skewness:
        dmean: 0.164138868451
        dmean2: 0.243664905429
        dvar: 0.0272708423436
        dvar2: 0.0566611178219
        max: 2.27188825607
        mean: 1.03628909588
        min: 0.298927932978
        var: 0.0777068510652
    spectral_spread:
        dmean: 608299.9375
        dmean2: 891031.0625
        dvar: 339068485632
        dvar2: 657209622528
        max: 12383716
        mean: 6221544.5
        min: 3989926.5
        var: 1.12072497562e+12
    spectral_strongpeak:
        dmean: 0.439647108316
        dmean2: 0.786748886108
        dvar: 0.96449226141
        dvar2: 2.62423300743
        max: 13.1267051697
        mean: 0.434509903193
        min: 0.00298565183766
        var: 0.899295866489
    zerocrossingrate:
        dmean: 0.0166287515312
        dmean2: 0.0189680233598
        dvar: 0.000198045963771
        dvar2: 0.000224009054364
        max: 0.189453125
        mean: 0.097583912313
        min: 0.037109375
        var: 0.000975546543486
    barkbands:
        dmean: [4.97808059663e-07, 0.000111539389763, 0.000317378871841, 0.000410697946791, 0.000877236598171, 0.00032985425787, 0.000139432086144, 0.000120159922517, 0.000106113693619, 7.05568891135e-05, 5.54160942556e-05, 3.53784125764e-05, 3.29377908201e-05, 5.48225689272e-05, 4.36175687355e-05, 5.74504192628e-05, 8.24005182949e-05, 0.000132685847348, 0.000155615285621, 0.000219458263018, 0.000188339472516, 8.05943564046e-05, 1.87176246982e-05, 5.6365306591e-06, 3.91817729906e-06, 8.89824463002e-08, 6.31120211647e-10]
        dmean2: [7.94243987912e-07, 0.0001848910033, 0.000533013779204, 0.000732856162358, 0.00150362763088, 0.000607443740591, 0.000247028190643, 0.000202843395527, 0.000187520228792, 0.000112940753752, 9.39744786592e-05, 5.82570173719e-05, 5.30233010068e-05, 9.03818290681e-05, 6.69775909046e-05, 9.09200534807e-05, 0.000129110965645, 0.000220420362893, 0.000243010683334, 0.000331737246597, 0.000271201017313, 0.000116931762022, 2.96628986689e-05, 7.66994799051e-06, 5.35467961527e-06, 1.22108232858e-07, 8.38651259549e-10]
        dvar: [6.19800434934e-13, 2.37969928207e-08, 3.30972198981e-07, 3.75881029413e-07, 2.07949551623e-06, 4.91922492074e-07, 4.68069671911e-08, 3.08283709671e-08, 4.40088925302e-08, 1.10594671199e-08, 8.49879366882e-09, 2.67165067847e-09, 2.44928366477e-09, 2.11763726554e-08, 1.1346456219e-08, 6.76291866952e-09, 1.41918050645e-08, 3.66629002713e-08, 3.73294533063e-08, 1.24401935864e-07, 6.01690572921e-08, 1.48136285461e-08, 1.30875021931e-09, 6.88570658824e-11, 4.05930497549e-11, 1.77371816236e-14, 5.80224980407e-17]
        dvar2: [9.86883751802e-13, 6.42992858957e-08, 8.89463024123e-07, 1.01360194549e-06, 5.36271136298e-06, 1.37828840252e-06, 1.25047421307e-07, 7.81503359804e-08, 1.2292593965e-07, 2.40177673305e-08, 2.17410942582e-08, 6.25791951592e-09, 5.82118975245e-09, 5.08560979995e-08, 2.61165169491e-08, 1.68793885535e-08, 3.23484599107e-08, 1.0016287888e-07, 8.35381683828e-08, 2.84322624111e-07, 1.21926404972e-07, 2.79601177766e-08, 3.3030003177e-09, 1.29286484296e-10, 7.7672562826e-11, 3.33139311764e-14, 5.8322360939e-17]
        max: [1.26663126139e-05, 0.00129965774249, 0.00443227030337, 0.00353309535421, 0.0083128856495, 0.00547554017976, 0.00162735779304, 0.00164089456666, 0.00234027928673, 0.00119986431673, 0.000980645068921, 0.000549192365725, 0.000539898872375, 0.00186580582522, 0.00193685281556, 0.000542736728676, 0.00106851919554, 0.00154967734125, 0.00149860873353, 0.00526990974322, 0.00200793752447, 0.00118218874559, 0.000291233271128, 0.000117432464322, 7.22956829122e-05, 1.0396649941e-06, 1.58495922165e-07]
        mean: [6.410166975e-07, 0.000199140326004, 0.000384598621167, 0.0004125496489, 0.000842270615976, 0.000260186672676, 0.000173177744728, 0.000171491046785, 0.000141920885653, 0.000121520373796, 6.83163234498e-05, 4.87641736981e-05, 4.97365836054e-05, 7.53913409426e-05, 6.00948551437e-05, 7.3999108281e-05, 0.000106894411147, 0.000188561840332, 0.000220952060772, 0.000379976030672, 0.000282849156065, 0.000132736415253, 2.74915637419e-05, 8.76282229001e-06, 5.34133960173e-06, 1.22227419297e-07, 6.23178619819e-10]
        min: [1.03156527764e-09, 2.33625905821e-06, 1.4255692804e-06, 6.67145172883e-07, 1.12615725811e-06, 5.71188024878e-07, 1.8809208413e-08, 4.37076494109e-07, 4.06241895234e-07, 2.02561125207e-07, 2.58888857019e-08, 3.22076729731e-08, 2.38921504803e-08, 8.59636983819e-08, 9.34490529403e-09, 5.50204504179e-08, 8.50219024073e-08, 3.81338509214e-07, 2.43222302743e-07, 3.79342054657e-06, 1.95689403881e-06, 6.46999069431e-07, 2.87297751811e-07, 1.17599086025e-07, 4.9270020952e-08, 6.68552879723e-10, 1.00893599031e-12]
        var: [7.39667279249e-13, 2.62343906599e-08, 2.9472309393e-07, 2.89598233394e-07, 1.79938933798e-06, 3.12345150633e-07, 4.94336092061e-08, 4.79710315915e-08, 4.19460022272e-08, 2.85329431193e-08, 1.06876294481e-08, 4.23753609979e-09, 5.14680564834e-09, 2.96168636282e-08, 1.96107592387e-08, 8.91152929228e-09, 2.03069969729e-08, 4.39674430197e-08, 5.80572567799e-08, 2.98161893397e-07, 1.11384451884e-07, 2.75722094045e-08, 1.44090805954e-09, 1.4244368185e-10, 6.77457673293e-11, 3.0649775388e-14, 5.79410836161e-17]
    mfcc:
        mean: [-696.342102051, 91.5137176514, -11.7871751785, 58.407989502, -20.0870018005, 4.58815813065, 1.43470811844, 0.881509721279, 3.0291788578, -2.44848632812, -0.291206926107, -3.77009439468, -4.14580583572]
        cov: [[1938.32629395, -322.507537842, -170.629760742, -234.527740479, -57.9896774292, -42.3794441223, -125.722625732, -131.127807617, -20.0268478394, -74.1439743042, -75.443145752, -76.4990005493, -40.3304901123], [-322.507537842, 592.013244629, -67.9250411987, -27.0617370605, 17.7169933319, -1.56021547318, -5.49307584763, -8.3837480545, -40.2466392517, -48.180683136, -7.10989904404, 2.70658755302, -29.2450485229], [-170.629760742, -67.9250411987, 239.190170288, 50.7172050476, -0.676399171352, -13.0546693802, 28.5455245972, -9.53812885284, 19.8863620758, -14.8587198257, -4.02650642395, 8.44968223572, 11.1882352829], [-234.527740479, -27.0617370605, 50.7172050476, 237.617797852, 34.0450706482, -22.5732936859, -7.0908536911, 5.8550696373, -27.7086353302, -8.44742298126, -8.45516014099, -10.019068718, 1.20594334602], [-57.9896774292, 17.7169933319, -0.676399171352, 34.0450706482, 112.48249054, 7.20408964157, -25.380525589, -36.8751296997, 1.71612763405, -5.11578941345, -12.0796480179, -12.2597856522, -9.13742351532], [-42.3794441223, -1.56021547318, -13.0546693802, -22.5732936859, 7.20408964157, 81.9395294189, 30.8278141022, 6.36706209183, -7.39368772507, 0.401627659798, 10.4251651764, -4.82801103592, -9.11929225922], [-125.722625732, -5.49307584763, 28.5455245972, -7.0908536911, -25.380525589, 30.8278141022, 100.08807373, 41.2829933167, -5.8459815979, -4.733335495, 14.5580091476, 6.39708423615, -1.27599465847], [-131.127807617, -8.3837480545, -9.53812885284, 5.8550696373, -36.8751296997, 6.36706209183, 41.2829933167, 95.7768096924, 7.30734777451, 11.4020500183, 11.5633001328, 7.37706804276, 11.827881813], [-20.0268478394, -40.2466392517, 19.8863620758, -27.7086353302, 1.71612763405, -7.39368772507, -5.8459815979, 7.30734777451, 73.7984008789, 34.0599899292, -6.54076004028, -0.293915599585, 1.87162935734], [-74.1439743042, -48.180683136, -14.8587198257, -8.44742298126, -5.11578941345, 0.401627659798, -4.733335495, 11.4020500183, 34.0599899292, 73.1546783447, 20.1117858887, 15.2080974579, 4.65444040298], [-75.443145752, -7.10989904404, -4.02650642395, -8.45516014099, -12.0796480179, 10.4251651764, 14.5580091476, 11.5633001328, -6.54076004028, 20.1117858887, 61.7626609802, 25.605096817, 11.7819538116], [-76.4990005493, 2.70658755302, 8.44968223572, -10.019068718, -12.2597856522, -4.82801103592, 6.39708423615, 7.37706804276, -0.293915599585, 15.2080974579, 25.605096817, 48.8050804138, 20.5837535858], [-40.3304901123, -29.2450485229, 11.1882352829, 1.20594334602, -9.13742351532, -9.11929225922, -1.27599465847, 11.827881813, 1.87162935734, 4.65444040298, 11.7819538116, 20.5837535858, 47.4448814392]]
        icov: [[0.00125272269361, 0.00104725244455, 0.000923572399188, 0.00123492523562, 0.00098603614606, 0.000727484293748, 0.000932452094276, 0.00130081851967, 0.000370177411241, 0.0016766844783, 0.000451965403045, 0.000901172228623, 0.00080944277579], [0.00104725244455, 0.00287964451127, 0.00131256540772, 0.00129127025139, 0.000369111134205, 0.000967106665485, 0.000854500103742, 0.000770613842178, 0.000719185743947, 0.00286210072227, 0.000382465776056, -0.000556807208341, 0.00224817055278], [0.000923572399188, 0.00131256540772, 0.00639064051211, -0.000756159890443, 0.00116256251931, 0.00129083148204, -0.00199296092615, 0.0031062180642, -0.003309013322, 0.00417586276308, 0.000249129720032, -0.00107480038423, -0.000124302096083], [0.00123492523562, 0.00129127025139, -0.000756159890443, 0.00688208360225, -0.00137096946128, 0.00257687573321, 0.00147483381443, -0.000766542856582, 0.00438659777865, -1.06901215986e-05, 0.000947241380345, 0.00241202791221, 0.00085742509691], [0.00098603614606, 0.000369111134205, 0.00116256251931, -0.00137096946128, 0.0125549416989, -0.00218495191075, 0.00229343702085, 0.00520485080779, -0.00200329441577, 0.00187678833026, 0.000843597750645, 0.00161060527898, 0.000575181853492], [0.000727484293748, 0.000967106665485, 0.00129083148204, 0.00257687573321, -0.00218495191075, 0.01642768085, -0.00486095063388, 0.000777428271249, 0.00234089815058, -2.41648322117e-05, -0.00229044095613, 0.00322611560114, 0.00233599031344], [0.000932452094276, 0.000854500103742, -0.00199296092615, 0.00147483381443, 0.00229343702085, -0.00486095063388, 0.0168475545943, -0.00566281704232, 0.00151251221541, 0.00309279258363, -0.00149908906315, -0.000838043284602, 0.00349680893123], [0.00130081851967, 0.000770613842178, 0.0031062180642, -0.000766542856582, 0.00520485080779, 0.000777428271249, -0.00566281704232, 0.017417691648, -0.00283231260255, 0.000772334111389, 1.74875076482e-05, 0.00190752907656, -0.00327084586024], [0.000370177411241, 0.000719185743947, -0.003309013322, 0.00438659777865, -0.00200329441577, 0.00234089815058, 0.00151251221541, -0.00283231260255, 0.0232273899019, -0.011850588955, 0.0053951763548, 0.00304948585108, -0.000178820089786], [0.0016766844783, 0.00286210072227, 0.00417586276308, -1.06901215986e-05, 0.00187678833026, -2.41648322117e-05, 0.00309279258363, 0.000772334111389, -0.011850588955, 0.0263636503369, -0.00642108311877, -0.00494455965236, 0.00407332601026], [0.000451965403045, 0.000382465776056, 0.000249129720032, 0.000947241380345, 0.000843597750645, -0.00229044095613, -0.00149908906315, 1.74875076482e-05, 0.0053951763548, -0.00642108311877, 0.0246076863259, -0.00923875719309, -0.00147085438948], [0.000901172228623, -0.000556807208341, -0.00107480038423, 0.00241202791221, 0.00161060527898, 0.00322611560114, -0.000838043284602, 0.00190752907656, 0.00304948585108, -0.00494455965236, -0.00923875719309, 0.034273929894, -0.0111634032801], [0.00080944277579, 0.00224817055278, -0.000124302096083, 0.00085742509691, 0.000575181853492, 0.00233599031344, 0.00349680893123, -0.00327084586024, -0.000178820089786, 0.00407332601026, -0.00147085438948, -0.0111634032801, 0.029443576932]]
    spectral_contrast:
        mean: [2.32964310953e-07, 3.77444337119e-07, 8.34654727555e-08, 1.65508097894e-07, -3.40898566265e-07, -1.86264514923e-07, 3.78179061045e-06, -7.88278327946e-07, 2.4710402613e-06, 2.70932082458e-06, -4.50128891316e-06, -7.73756596573e-07]
        var: [0.000364184554201, 0.000968862092122, 0.00124483916443, 0.00219120364636, 0.00305945891887, 0.00332162273116, 0.0449371896684, 0.0824068710208, 0.0981853455305, 0.152542591095, 0.302983611822, 1.1151368618]

rhythm:
    beats_loudness:
        dmean: 0.00555964000523
        dmean2: 0.011249688454
        dvar: 9.56152689469e-06
        dvar2: 2.3487757062e-05
        max: 0.0144154774025
        mean: 0.00770568754524
        min: 0.00344074144959
        var: 1.18400230349e-05
    beats_loudness_bass:
        dmean: 0.233576014638
        dmean2: 0.46703851223
        dvar: 0.0300609953701
        dvar2: 0.0666083842516
        max: 0.539205253124
        mean: 0.159566655755
        min: 0.0168071575463
        var: 0.0272836294025
    bpm: 125.814292908
    bpm_confidence: 0
    first_peak_bpm: 126
    first_peak_spread: 0
    first_peak_weight: 0.949999988079
    onset_rate: 5.98144578934
    second_peak_bpm: 117
    second_peak_spread: 0
    second_peak_weight: 0.0500000007451
    beats_position: [0.222943276167, 0.700011253357, 1.17707920074, 1.65414714813, 2.13121533394, 2.60828328133, 3.08535146713, 3.56241941452, 4.03948736191, 4.51655578613, 4.99362373352, 5.47069168091, 5.98152494431, 6.45824384689, 6.93496322632, 7.41168212891, 7.88840103149, 8.36511993408, 8.84183979034, 9.31855869293, 9.79527759552]
    bpm_estimates: [125.789871216, 125.723854065, 125.881774902, 125.851104736, 125.767738342, 125.747116089, 125.809997559, 125.732826233, 125.656524658, 125.721817017, 125.883262634, 125.808746338, 125.905265808, 125.829711914, 125.820045471, 125.844779968, 125.87512207, 125.74810791, 126.035308838, 125.853065491]
    bpm_intervals: [0.47706797719, 0.477067947388, 0.477067947388, 0.477068185806, 0.477067947388, 0.477068185806, 0.477067947388, 0.477067947388, 0.477068424225, 0.477067947388, 0.477067947388, 0.510833263397, 0.476718902588, 0.476719379425, 0.476718902588, 0.476718902588, 0.476718902588, 0.476719856262, 0.476718902588, 0.476718902588]
    onset_times: [0.0464399084449, 0.208979591727, 0.452789127827, 0.580498874187, 0.696598649025, 0.9287981987, 1.07972788811, 1.17260766029, 1.40480720997, 1.55573701859, 1.64861679077, 1.89242625237, 2.00852608681, 2.12462592125, 2.36843538284, 2.49614500999, 2.62385487556, 2.85605430603, 3.00698423386, 3.08825397491, 3.33206343651, 3.5758728981, 3.73841261864, 3.80807256699, 3.93578219414, 4.051882267, 4.29569149017, 4.42340135574, 4.53950119019, 4.77170085907, 4.92263031006, 5.01551008224, 5.24770975113, 5.49151945114, 5.85142850876, 5.9675283432, 6.21133804321, 6.33904743195, 6.46675729752, 6.57124710083, 6.68734693527, 6.81505680084, 6.93115663528, 7.17496585846, 7.40716552734, 7.65097522736, 7.77868461609, 7.8831744194, 8.13859367371, 8.25469398499, 8.37079334259, 8.6146030426, 8.75392246246, 8.85841274261, 9.0906124115, 9.33442211151, 9.49696159363, 9.5666217804, 9.69433116913, 9.81043052673]
    rubato_start: []
    rubato_stop: []
    perceptual_tempo: "unknown"

sfx:
    inharmonicity:
        dmean: 0.0500720739365
        dmean2: 0.086484156549
        dvar: 0.00252897664905
        dvar2: 0.00706525193527
        max: 0.343614608049
        mean: 0.0564208887517
        min: 0.000358006655006
        var: 0.00333521515131
    oddtoevenharmonicenergyratio:
        dmean: 2.06801581383
        dmean2: 3.83494853973
        dvar: 61.0673141479
        dvar2: 179.435287476
        max: 101.363586426
        mean: 1.47506308556
        min: 0.00106493069325
        var: 33.3714523315
    pitch_after_max_to_before_max_energy_ratio: 4.27834129333
    pitch_centroid: 203.598770142
    pitch_max_to_total: 0.162037029862
    pitch_min_to_total: 0.398148149252
    tristimulus:
        dmean: [0.211219236255, 0.227939471602, 0.182864785194]
        dmean2: [0.351665824652, 0.387723982334, 0.312516361475]
        dvar: [0.032234840095, 0.0352474451065, 0.0214648898691]
        dvar2: [0.0872510224581, 0.102906748652, 0.0613972991705]
        max: [0.942089319229, 0.957975625992, 0.856673419476]
        mean: [0.359750598669, 0.405811697245, 0.215649157763]
        min: [0.00969253666699, 0, 0]
        var: [0.05616723001, 0.0488833896816, 0.0360459312797]

tonal:
    chords_changes_rate: 0.124423965812
    chords_number_rate: 0.0368663594127
    chords_strength:
        dmean: 0.0150025188923
        dmean2: 0.0181948598474
        dvar: 0.00013465648226
        dvar2: 0.000220790898311
        max: 0.618370175362
        mean: 0.461661726236
        min: 0.267495751381
        var: 0.00877114478499
    key_strength: 0.576268553734
    tuning_diatonic_strength: 0.512135028839
    tuning_equal_tempered_deviation: 0.312749534845
    tuning_frequency: 450.284484863
    tuning_nontempered_energy_ratio: 0.932981669903
    hpcp:
        dmean: [0.160290494561, 0.147589981556, 0.16705955565, 0.14561021328, 0.119388118386, 0.133370772004, 0.171318694949, 0.217173963785, 0.193688035011, 0.154617801309, 0.118358701468, 0.13526442647, 0.188249230385, 0.209187030792, 0.222798660398, 0.205893173814, 0.175241678953, 0.165362998843, 0.162829890847, 0.179760918021, 0.160745203495, 0.128584206104, 0.144010439515, 0.123956643045, 0.0980643108487, 0.0964303463697, 0.0969519764185, 0.133887320757, 0.204993024468, 0.227244347334, 0.227560132742, 0.186271369457, 0.185146406293, 0.242552876472, 0.25052896142, 0.205998823047]
        dmean2: [0.284899711609, 0.254346311092, 0.292629867792, 0.250449895859, 0.204513326287, 0.219107612967, 0.288218915462, 0.355243444443, 0.32425019145, 0.265730410814, 0.201665341854, 0.230957746506, 0.326764166355, 0.350943148136, 0.366939246655, 0.336853951216, 0.299231171608, 0.287099838257, 0.294641286135, 0.309523671865, 0.28354871273, 0.227552682161, 0.254359811544, 0.213500753045, 0.159012407064, 0.159932866693, 0.17289224267, 0.229474976659, 0.354345023632, 0.401609867811, 0.432793200016, 0.341732859612, 0.34366196394, 0.433969199657, 0.442119628191, 0.359190642834]
        dvar: [0.0395852290094, 0.0314458161592, 0.0520085394382, 0.0279727578163, 0.0235804300755, 0.0230948589742, 0.0293360799551, 0.0406924746931, 0.0468028448522, 0.0322682932019, 0.02275647223, 0.0304370559752, 0.0552789382637, 0.0497254170477, 0.0542741566896, 0.0440614707768, 0.0360796414316, 0.0404143370688, 0.0414047688246, 0.0491008982062, 0.0434312298894, 0.0287399962544, 0.0405300408602, 0.0307351145893, 0.0202653314918, 0.0142693333328, 0.0245789904147, 0.0288068410009, 0.062702447176, 0.0628024712205, 0.0730026960373, 0.0479748882353, 0.0642286986113, 0.0687233433127, 0.078940346837, 0.0453595854342]
        dvar2: [0.0994935706258, 0.079054325819, 0.14351734519, 0.0744971707463, 0.0599525310099, 0.0624776184559, 0.0814031660557, 0.107835911214, 0.136170804501, 0.0967245697975, 0.058141771704, 0.0717928260565, 0.139858320355, 0.122807912529, 0.125107809901, 0.109524130821, 0.0879695564508, 0.116426415741, 0.11371486634, 0.1362914294, 0.114000029862, 0.0817350372672, 0.104466840625, 0.0742450132966, 0.0493644624949, 0.0400599204004, 0.0693094134331, 0.077419526875, 0.142716228962, 0.157305642962, 0.213973328471, 0.125967621803, 0.170734614134, 0.182200357318, 0.160034641623, 0.120894938707]
        max: [1, 1, 1, 0.910762608051, 1, 1, 1, 1, 1, 1, 0.996662676334, 1, 1, 1, 1, 1, 1, 1, 1, 1, 1, 1, 1, 1, 1, 0.838718354702, 1, 0.924287676811, 1, 1, 1, 1, 1, 1, 1, 1]
        mean: [0.184565097094, 0.17414727807, 0.182816788554, 0.174092903733, 0.155599623919, 0.162223920226, 0.235269516706, 0.315571963787, 0.292212992907, 0.216960787773, 0.162806406617, 0.157767146826, 0.190931171179, 0.253429293633, 0.287198901176, 0.257470816374, 0.220806971192, 0.18592248857, 0.164630189538, 0.184154972434, 0.175168275833, 0.150266975164, 0.168305546045, 0.15134781599, 0.126861065626, 0.127711713314, 0.108688607812, 0.153198182583, 0.283191472292, 0.303747355938, 0.226362347603, 0.17571952939, 0.174861878157, 0.269507318735, 0.337915152311, 0.26495167613]
        min: [0.0152545310557, 0.0138217397034, 0.0105884876102, 0.0167863946408, 0.0173465777189, 0.0106915710494, 0.00543207954615, 0.0106857987121, 0.0108914719895, 0.00729503994808, 0.0126392347738, 0.0159436911345, 0.00958003289998, 0.0095241535455, 0.0112461615354, 0.0171024911106, 0.0157961882651, 0.00725088641047, 0.00522467494011, 0, 0, 0.012624302879, 0.00916981045157, 0.00958845112473, 0.0130258891732, 0.0119505599141, 0.0110960165039, 0.00677407160401, 0.00681776646525, 0.00542046269402, 0.0111358473077, 0.00621037278324, 0.00625488022342, 0.00556209916249, 0.00524120545015, 0.0117250028998]
        var: [0.0365793704987, 0.0310889799148, 0.0448682233691, 0.0287901647389, 0.0259992443025, 0.0343073531985, 0.0459636934102, 0.0752737224102, 0.0737006962299, 0.0478161126375, 0.0254107173532, 0.0319418460131, 0.0529376268387, 0.0707433521748, 0.0938096195459, 0.0662157684565, 0.0497551672161, 0.0464261062443, 0.03911299631, 0.0467149838805, 0.041765820235, 0.0294241178781, 0.057208057493, 0.0425986610353, 0.0209865644574, 0.015910115093, 0.0180170815438, 0.0316725857556, 0.107333630323, 0.0947818383574, 0.0630857944489, 0.0425349585712, 0.0523378029466, 0.0807715505362, 0.118860684335, 0.0584390312433]
    chords_histogram: [11.9815664291, 0, 3.68663597107, 0, 2.7649769783, 0, 0, 0, 0, 0, 0, 0, 0, 0, 0, 0, 24.4239635468, 17.9723510742, 0, 24.8847923279, 0, 11.0599079132, 0.460829496384, 2.7649769783]
    thpcp: [1, 0.784077525139, 0.546187698841, 0.515358030796, 0.541013896465, 0.515197098255, 0.460469514132, 0.480072945356, 0.696238458157, 0.933879315853, 0.864752531052, 0.642057001591, 0.481796711683, 0.466883897781, 0.565026938915, 0.74997907877, 0.849914252758, 0.761939227581, 0.653439104557, 0.550204634666, 0.487193852663, 0.544974029064, 0.518379449844, 0.444688469172, 0.498070418835, 0.447887033224, 0.37542283535, 0.377940177917, 0.321644663811, 0.453362882137, 0.838054955006, 0.898886442184, 0.669879257679, 0.520010828972, 0.517472743988, 0.797559142113]
    chords_key: "F#"
    chords_scale: "minor"
    key_key: "B"
    key_scale: "major"
    chords_progression: ["G", "G", "Bm", "Bm", "Bm", "Bm", "Bm", "Bm", "Bm", "E", "C#m", "C#m", "C#m", "C#m", "Bm", "Bm", "Bm", "Bm", "Bm", "Bm", "Bm", "C#m", "F#m", "F#m", "F#m", "F#m", "F#m", "C#m", "C#m", "C#m", "C#m", "C#m", "C#m", "C#m", "C#m", "F#m", "C#m", "C#m", "C#m", "C#m", "C#m", "C#m", "C#m", "C#m", "C#m", "C#m", "F#m", "F#m", "F#m", "F#m", "F#m", "F#m", "F#m", "F#m", "F#m", "F#m", "F#m", "F#m", "F#m", "F#m", "F#m", "F#m", "F#m", "F#m", "F#m", "F#m", "F#m", "F#m", "F#m", "F#m", "F#m", "F#m", "F#m", "F#m", "F#m", "F#m", "F#m", "F#m", "F#m", "F#m", "F#m", "F#m", "F#m", "F#m", "F#m", "F#m", "F#m", "F#m", "F#m", "F#m", "C#", "C#", "C#", "C#m", "C#", "C#", "C#", "F#m", "F#m", "F#m", "F#m", "F#", "F#", "F#", "F#", "G", "F#", "F#", "F#", "F#", "G", "G", "G", "G", "G", "G", "G", "G", "G", "G", "G", "G", "G", "G", "G", "G", "G", "G", "G", "G", "G", "G", "Bm", "Bm", "Bm", "Bm", "G", "G", "G", "G", "G", "G#m", "G#m", "G#m", "G#m", "G#m", "Bm", "G#m", "Bm", "B", "B", "B", "B", "B", "B", "B", "B", "B", "B", "B", "B", "B", "B", "B", "B", "B", "B", "B", "B", "B", "B", "B", "B", "B", "B", "Bm", "Bm", "Bm", "Bm", "Bm", "Bm", "Bm", "Bm", "Bm", "Bm", "Bm", "Bm", "Bm", "Bm", "Bm", "Bm", "Bm", "Bm", "Bm", "G", "G", "G", "G", "G", "G", "G", "G", "G", "G", "G", "G", "G", "G", "G", "G", "G", "G", "G", "G", "G", "G", "G"]
