
metadata:
    version:
        essentia: "1.2.2"
    audio_properties:
        analysis_sample_rate: 44100
        bitrate: 128
        channels: 2
        equal_loudness: 1
        length: 10.0310201645
        replay_gain: -7.95753669739
        downmix: "mix"
    tags:
        track: 21
        year: 0
        album: "Splitted by Mp3Splt v. 2.1"
        artist: "From 003.20 To 003.30"
        comment: "http://mp3splt.sf.net"
        genre: ""
        title: "10 That's What I Call Love.mp3"

highlevel:
    ballroom:
        all:
            ChaChaCha: 0.0495911538601
            Jive: 0.863903939724
            Quickstep: 0.0215057171881
            Rumba-American: 0.000242703317781
            Rumba-International: 0.00079665571684
            Rumba-Misc: 0.000473314430565
            Samba: 0.0474398434162
            Tango: 0.000914889911655
            VienneseWaltz: 0.0139681240544
            Waltz: 0.00116364506539
        probability: 0.863903939724
        value: "Jive"
    culture:
        all:
            non_western: 0.0190089531243
            western: 0.980991065502
        probability: 0.980991065502
        value: "western"
    gender:
        all:
            female: 0.0432373695076
            male: 0.956762611866
        probability: 0.956762611866
        value: "male"
    genre_dortmund:
        all:
            alternative: 0.105094380677
            blues: 0.0141551243141
            electronic: 0.0474534891546
            folkcountry: 0.0589780658484
            funksoulrnb: 0.0413494221866
            jazz: 0.00808293838054
            pop: 0.0596306435764
            raphiphop: 0.00667908182368
            rock: 0.658576846123
        probability: 0.658576846123
        value: "rock"
    genre_electronica:
        all:
            ambient: 0.137423694134
            dnb: 0.263101488352
            house: 0.0173850562423
            techno: 0.0182494129986
            trance: 0.563840389252
        probability: 0.563840389252
        value: "trance"
    genre_rosamerica:
        all:
            cla: 0.00712852552533
            dan: 0.0262981429696
            hip: 0.00324625615031
            jaz: 0.000567482842598
            pop: 0.00580395758152
            rhy: 0.00157147285063
            roc: 0.954622149467
            spe: 0.000761991133913
        probability: 0.954622149467
        value: "roc"
    genre_tzanetakis:
        all:
            blu: 0.00217600818723
            cla: 0.00513224955648
            cou: 0.0315948165953
            dis: 0.0274579394609
            hip: 0.00885771028697
            jaz: 0.00611432874575
            met: 0.355345278978
            pop: 0.0552581995726
            reg: 0.00232824240811
            roc: 0.505735218525
        probability: 0.505735218525
        value: "roc"
    live_studio:
        all:
            live: 0.0443283990026
            studio: 0.955671608448
        probability: 0.955671608448
        value: "studio"
    mood:
        all:
            Cluster1: 0.477214932442
            Cluster2: 0.0479734763503
            Cluster3: 0.0236669909209
            Cluster4: 0.0403444878757
            Cluster5: 0.410800129175
        probability: 0.477214932442
        value: "Cluster1"
    mood_acoustic:
        all:
            acoustic: 0.00618386035785
            not_acoustic: 0.993816137314
        probability: 0.993816137314
        value: "not_acoustic"
    mood_aggressive:
        all:
            aggressive: 0.953824043274
            not_aggressive: 0.0461759604514
        probability: 0.953824043274
        value: "aggressive"
    mood_electronic:
        all:
            electronic: 0.270928859711
            not_electronic: 0.729071140289
        probability: 0.729071140289
        value: "not_electronic"
    mood_happy:
        all:
            happy: 0.510324716568
            not_happy: 0.489675283432
        probability: 0.510324716568
        value: "happy"
    mood_party:
        all:
            not_party: 0.224531531334
            party: 0.775468468666
        probability: 0.775468468666
        value: "party"
    mood_relaxed:
        all:
            not_relaxed: 0.391024023294
            relaxed: 0.608975946903
        probability: 0.608975946903
        value: "relaxed"
    mood_sad:
        all:
            not_sad: 0.968429148197
            sad: 0.0315708294511
        probability: 0.968429148197
        value: "not_sad"
    rhythm:
        all:
            fast: 0.864586412907
            medium: 0.127894580364
            slow: 0.00751899555326
        probability: 0.864586412907
        value: "fast"
    speech_music:
        all:
            music: 0.99733787775
            speech: 0.00266213389114
        probability: 0.99733787775
        value: "music"
    timbre:
        all:
            bright: 0.00879400875419
            dark: 0.991205990314
        probability: 0.991205990314
        value: "dark"
    voice_instrumental:
        all:
            instrumental: 0.338909476995
            voice: 0.661090552807
        probability: 0.661090552807
        value: "voice"

lowlevel:
    average_loudness: 0.96302819252
    barkbands_kurtosis:
        dmean: 0.414898902178
        dmean2: 0.6927267313
        dvar: 0.180827826262
        dvar2: 0.472117185593
        max: 2.04915571213
        mean: -1.08255302906
        min: -1.74597215652
        var: 0.311491727829
    barkbands_skewness:
        dmean: 0.334340184927
        dmean2: 0.52717679739
        dvar: 0.0709837973118
        dvar2: 0.17120437324
        max: 1.34945058823
        mean: -0.161390841007
        min: -1.65641546249
        var: 0.308203190565
    barkbands_spread:
        dmean: 4.90957975388
        dmean2: 8.05352783203
        dvar: 23.3709011078
        dvar2: 60.6099395752
        max: 56.6229972839
        mean: 32.0817298889
        min: 12.4840660095
        var: 50.5466308594
    dissonance:
        dmean: 0.0139621645212
        dmean2: 0.0233250148594
        dvar: 0.000149329163833
        dvar2: 0.000400983291911
        max: 0.500000059605
        mean: 0.47645381093
        min: 0.401719689369
        var: 0.000262178684352
    hfc:
        dmean: 2.50154829025
        dmean2: 3.80642080307
        dvar: 9.2269525528
        dvar2: 20.6851902008
        max: 29.340845108
        mean: 9.605717659
        min: 0.219315618277
        var: 34.1642112732
    pitch:
        dmean: 973.181091309
        dmean2: 1881.33789062
        dvar: 1924243
        dvar2: 4536626
        max: 4410
        mean: 1339.89697266
        min: 82.1229019165
        var: 2422462
    pitch_instantaneous_confidence:
        dmean: 0.0688861683011
        dmean2: 0.117373690009
        dvar: 0.00309800705872
        dvar2: 0.00742034194991
        max: 0.59369790554
        mean: 0.315567076206
        min: 0.156020760536
        var: 0.00734158512205
    pitch_salience:
        dmean: 0.0480940714478
        dmean2: 0.0794179141521
        dvar: 0.00148338451982
        dvar2: 0.00368141965009
        max: 0.806918442249
        mean: 0.663032889366
        min: 0.372624337673
        var: 0.00450973166153
    silence_rate_20dB:
        dmean: 0
        dmean2: 0
        dvar: 0
        dvar2: 0
        max: 1
        mean: 1
        min: 1
        var: 0
    silence_rate_30dB:
        dmean: 0
        dmean2: 0
        dvar: 0
        dvar2: 0
        max: 1
        mean: 1
        min: 1
        var: 0
    silence_rate_60dB:
        dmean: 0.101851850748
        dmean2: 0.201856151223
        dvar: 0.0914781093597
        dvar2: 0.165750354528
        max: 1
        mean: 0.2794457376
        min: 0
        var: 0.201354965568
    spectral_centroid:
        dmean: 258.928100586
        dmean2: 404.417480469
        dvar: 46373.953125
        dvar2: 110391.5625
        max: 3397.59814453
        mean: 1852.92651367
        min: 629.581604004
        var: 233123.0625
    spectral_complexity:
        dmean: 4.01392126083
        dmean2: 6.24418592453
        dvar: 18.4683933258
        dvar2: 37.2868614197
        max: 44
        mean: 19.8125
        min: 0
        var: 84.5458602905
    spectral_crest:
        dmean: 1.52375030518
        dmean2: 2.53178548813
        dvar: 2.09832334518
        dvar2: 5.34942722321
        max: 15.3955793381
        mean: 5.60165309906
        min: 2.39086818695
        var: 4.16752719879
    spectral_decrease:
        dmean: 3.12442516304e-10
        dmean2: 4.98636854029e-10
        dvar: 1.91563772456e-19
        dvar2: 4.91048532812e-19
        max: -1.36142737708e-11
        mean: -1.08778419605e-09
        min: -3.92368004754e-09
        var: 3.45363984064e-19
    spectral_energy:
        dmean: 0.00136708281934
        dmean2: 0.0021614448633
        dvar: 3.54786493517e-06
        dvar2: 8.93308879313e-06
        max: 0.0174052715302
        mean: 0.00497681135312
        min: 7.127605204e-05
        var: 7.26572079657e-06
    spectral_energyband_high:
        dmean: 0.000159218107001
        dmean2: 0.000255273131188
        dvar: 5.035299111e-08
        dvar2: 1.15430395908e-07
        max: 0.00239904248156
        mean: 0.00044812518172
        min: 4.46796184406e-06
        var: 1.76570111421e-07
    spectral_energyband_low:
        dmean: 0.000151553031174
        dmean2: 0.000277958955849
        dvar: 1.40081866107e-07
        dvar2: 3.933974142e-07
        max: 0.00223624194041
        mean: 0.000129761072458
        min: 2.06263649716e-07
        var: 8.66301022029e-08
    spectral_energyband_middle_high:
        dmean: 0.000734524277505
        dmean2: 0.00110207952093
        dvar: 6.94145342095e-07
        dvar2: 1.53031828631e-06
        max: 0.0106785241514
        mean: 0.00278863147832
        min: 4.79754598928e-05
        var: 3.16254704558e-06
    spectral_energyband_middle_low:
        dmean: 0.000755774031859
        dmean2: 0.00125765777193
        dvar: 1.20973936646e-06
        dvar2: 3.3405024169e-06
        max: 0.00924578215927
        mean: 0.00161024276167
        min: 9.68316544459e-06
        var: 1.30447222091e-06
    spectral_flatness_db:
        dmean: 0.0137131297961
        dmean2: 0.0205994378775
        dvar: 0.000126729923068
        dvar2: 0.000224611081649
        max: 0.254645675421
        mean: 0.140624970198
        min: 0.0862591043115
        var: 0.000526701507624
    spectral_flux:
        dmean: 0.00774465268478
        dmean2: 0.0113937202841
        dvar: 9.9252029031e-05
        dvar2: 0.00020956408116
        max: 0.111652418971
        mean: 0.0430972836912
        min: 0.00844251457602
        var: 0.000242255322519
    spectral_kurtosis:
        dmean: 0.962079703808
        dmean2: 1.6355894804
        dvar: 1.34047985077
        dvar2: 3.23107361794
        max: 13.1062641144
        mean: 3.48770427704
        min: 0.123676776886
        var: 3.14330387115
    spectral_rms:
        dmean: 0.00029026667471
        dmean2: 0.000447811733466
        dvar: 1.23681303421e-07
        dvar2: 2.83913038857e-07
        max: 0.00412077084184
        mean: 0.00212888536043
        min: 0.000263699854258
        var: 3.23273525282e-07
    spectral_rolloff:
        dmean: 301.864471436
        dmean2: 491.257507324
        dvar: 96828.0390625
        dvar2: 233565.9375
        max: 5361.76757812
        mean: 3476.56689453
        min: 1012.06054688
        var: 374717.875
    spectral_skewness:
        dmean: 0.148180529475
        dmean2: 0.246137231588
        dvar: 0.0234158150852
        dvar2: 0.0525017678738
        max: 2.8951253891
        mean: 1.31772685051
        min: 0.433643788099
        var: 0.0733861401677
    spectral_spread:
        dmean: 397478.28125
        dmean2: 523558.59375
        dvar: 246540599296
        dvar2: 323090972672
        max: 10693448
        mean: 4374101
        min: 2352259.25
        var: 1.0218464215e+12
    spectral_strongpeak:
        dmean: 0.550661563873
        dmean2: 0.957873344421
        dvar: 0.486191004515
        dvar2: 1.26108884811
        max: 4.18023300171
        mean: 0.632557570934
        min: 0.029260141775
        var: 0.543866157532
    zerocrossingrate:
        dmean: 0.00768334884197
        dmean2: 0.00922965072095
        dvar: 4.9729271268e-05
        dvar2: 6.79135337123e-05
        max: 0.171875
        mean: 0.104166664183
        min: 0.04052734375
        var: 0.000444592151325
    barkbands:
        dmean: [2.3599774579e-07, 4.89744415972e-05, 0.000107674466562, 0.00016760735889, 0.000344551575836, 0.000151146712597, 0.000194931824808, 8.93350879778e-05, 0.000113610774861, 9.04221160454e-05, 0.000144304285641, 6.59341312712e-05, 6.45770487608e-05, 9.46988293435e-05, 0.000126016006107, 0.000112076741061, 0.000187374404049, 0.00021547502547, 0.000261514418526, 0.000202591851121, 7.25883364794e-05, 2.24606119446e-05, 5.58268902751e-06, 1.95291386262e-06, 9.4435858955e-07, 4.57142341759e-08, 1.48444645465e-09]
        dmean2: [3.07605517946e-07, 9.03733962332e-05, 0.000198927795282, 0.000295907142572, 0.000586472509895, 0.000264004658675, 0.000331369548803, 0.000145937854541, 0.000184887830983, 0.000146685386426, 0.000227587326663, 0.000106178260467, 0.000104935112176, 0.000154668057803, 0.000205066258786, 0.000179050024599, 0.000312575983116, 0.000367578526493, 0.000433845445514, 0.000328285008436, 0.000115269329399, 3.52785355062e-05, 8.16578449303e-06, 2.63249171439e-06, 1.28958311052e-06, 6.00614384894e-08, 1.71491743028e-09]
        dvar: [5.88601519955e-12, 2.12891446694e-08, 6.28702423455e-08, 8.29206214803e-08, 3.66401081919e-07, 5.74978251677e-08, 9.6641770142e-08, 1.61324305026e-08, 3.45278401426e-08, 3.66103591887e-08, 3.37699042063e-08, 1.1992350224e-08, 7.78624986708e-09, 2.06630978994e-08, 3.39711512254e-08, 2.05186925228e-08, 5.38249302906e-08, 8.67585470132e-08, 8.40471798824e-08, 5.2732016087e-08, 1.12645937023e-08, 1.43421419185e-09, 1.30675317789e-10, 1.18787393116e-11, 2.07753128936e-12, 4.59573734456e-15, 6.08308304834e-16]
        dvar2: [5.95477053084e-12, 5.98818203912e-08, 1.79297018121e-07, 2.3131042326e-07, 9.50847436343e-07, 1.61680333122e-07, 2.20759119429e-07, 4.47116406121e-08, 9.66680531178e-08, 8.69048761842e-08, 8.13260996324e-08, 2.97653368619e-08, 1.73014527149e-08, 4.55313262648e-08, 8.35851636793e-08, 4.8162160482e-08, 1.34848619382e-07, 2.20308365328e-07, 2.11720461607e-07, 1.2411257444e-07, 2.98794304854e-08, 4.02334476846e-09, 2.8088811832e-10, 1.57557959735e-11, 4.08252338185e-12, 8.21303135635e-15, 6.09728832026e-16]
        max: [5.03223855048e-05, 0.000890246825293, 0.00157729256898, 0.00248957169242, 0.00526614580303, 0.00213281740434, 0.00329126883298, 0.00123208202422, 0.00174378033262, 0.0025480077602, 0.00221919408068, 0.00146492687054, 0.000895117467735, 0.00179308047518, 0.00168494938407, 0.00150312774349, 0.00249222223647, 0.00312552298419, 0.00221435399726, 0.00199167267419, 0.00126488727983, 0.000617776124272, 0.000225398864131, 8.53042656672e-05, 2.46361087193e-05, 6.66833102514e-07, 5.12881229042e-07]
        mean: [2.42679050189e-07, 3.61973252438e-05, 9.33772971621e-05, 0.000247586198384, 0.000524657254573, 0.000238852546318, 0.000270738935797, 0.000137354276376, 0.000177159643499, 0.000127073100884, 0.000230287216255, 0.000105994120531, 0.000105245562736, 0.000155676039867, 0.000220883142902, 0.000216736341827, 0.000371239206288, 0.000429745938163, 0.000579721236136, 0.000450630410342, 0.000180688381079, 5.63237372262e-05, 1.30035314214e-05, 5.27621568835e-06, 2.05237893169e-06, 7.26929272332e-08, 1.47651391114e-09]
        min: [4.40335311616e-12, 6.63026469283e-08, 1.34129706453e-07, 5.71108159875e-07, 2.49909248851e-06, 1.39889698403e-06, 9.31005786242e-07, 1.01421346699e-06, 2.86338308797e-06, 3.37976842957e-07, 9.17853437699e-09, 1.77856520622e-07, 5.54805694719e-07, 7.33171532374e-07, 1.05621131752e-06, 6.07221636528e-07, 9.83376685326e-06, 3.92055926568e-06, 1.84410255315e-05, 8.12057623989e-06, 1.08809626909e-06, 3.47331877038e-07, 4.03836253327e-08, 1.7124573759e-08, 6.87448276082e-09, 1.16057753685e-10, 3.1305477145e-14]
        var: [5.873763715e-12, 1.27510473291e-08, 3.81484319689e-08, 9.685064839e-08, 3.88059731904e-07, 5.21019742905e-08, 1.41591286251e-07, 2.00555785312e-08, 5.45097904592e-08, 4.24449488889e-08, 5.98152141151e-08, 2.79242744483e-08, 1.47507543957e-08, 4.88475819793e-08, 7.04375864302e-08, 5.33665271973e-08, 1.19393632758e-07, 1.91234661884e-07, 1.97838460281e-07, 1.19178217517e-07, 3.21563966565e-08, 4.82336659502e-09, 4.49269010883e-10, 6.0530837287e-11, 6.95554204511e-12, 1.02023026325e-14, 6.06960887173e-16]
    mfcc:
        mean: [-686.914489746, 100.490516663, -58.1349906921, 47.0430908203, -19.8785305023, -10.9831151962, -4.88297319412, -8.131980896, -9.71099185944, -9.19189834595, -11.294508934, -10.366153717, -6.40387964249]
        cov: [[1615.37365723, -705.235412598, 134.090606689, -4.84865093231, -35.3523750305, -37.885093689, -132.408676147, -60.6415023804, 61.0256843567, 67.5475692749, 39.7421646118, 42.2653160095, -31.3300933838], [-705.235412598, 677.096679688, -197.449676514, 33.2810592651, 65.4297943115, 23.7208881378, 103.517555237, 44.7335510254, -40.9974975586, -28.8120079041, -3.65481853485, -15.104473114, 27.1515636444], [134.090606689, -197.449676514, 319.003417969, 49.04479599, -1.62495803833, 46.6258430481, 4.25773334503, 28.8491401672, 23.1322498322, 1.34265220165, 4.1195640564, 2.88715934753, 5.7189283371], [-4.84865093231, 33.2810592651, 49.04479599, 111.927856445, 54.6989822388, 31.2103672028, 19.6360778809, 23.5689544678, 17.8418292999, 27.8998432159, 10.8153438568, 8.27641010284, 9.43497085571], [-35.3523750305, 65.4297943115, -1.62495803833, 54.6989822388, 120.401008606, 37.9923973083, 54.4053382874, 29.2712535858, 7.23720407486, 31.0137653351, 13.7597112656, -7.07959508896, 6.78873872757], [-37.885093689, 23.7208881378, 46.6258430481, 31.2103672028, 37.9923973083, 89.4861984253, 49.1643829346, 19.7468090057, -5.14426994324, 0.723400294781, 4.8616027832, -0.505258858204, 5.9105386734], [-132.408676147, 103.517555237, 4.25773334503, 19.6360778809, 54.4053382874, 49.1643829346, 114.358810425, 45.9086418152, -14.1713924408, -3.77715778351, 0.566091358662, -12.0204181671, 10.4396753311], [-60.6415023804, 44.7335510254, 28.8491401672, 23.5689544678, 29.2712535858, 19.7468090057, 45.9086418152, 60.4241104126, 13.3720703125, 7.55830430984, 4.66002321243, 2.43709301949, 12.5909252167], [61.0256843567, -40.9974975586, 23.1322498322, 17.8418292999, 7.23720407486, -5.14426994324, -14.1713924408, 13.3720703125, 59.825012207, 29.7877120972, -3.2913749218, 2.1473710537, -1.27516615391], [67.5475692749, -28.8120079041, 1.34265220165, 27.8998432159, 31.0137653351, 0.723400294781, -3.77715778351, 7.55830430984, 29.7877120972, 70.0852279663, 18.814201355, 3.80786705017, -3.45686435699], [39.7421646118, -3.65481853485, 4.1195640564, 10.8153438568, 13.7597112656, 4.8616027832, 0.566091358662, 4.66002321243, -3.2913749218, 18.814201355, 50.958656311, 20.4707107544, 4.55265808105], [42.2653160095, -15.104473114, 2.88715934753, 8.27641010284, -7.07959508896, -0.505258858204, -12.0204181671, 2.43709301949, 2.1473710537, 3.80786705017, 20.4707107544, 48.6813583374, 19.481098175], [-31.3300933838, 27.1515636444, 5.7189283371, 9.43497085571, 6.78873872757, 5.9105386734, 10.4396753311, 12.5909252167, -1.27516615391, -3.45686435699, 4.55265808105, 19.481098175, 46.3001937866]]
        icov: [[0.00124730344396, 0.0013562804088, 0.000352380680852, -0.000316233286867, -0.000320503488183, 8.45459217089e-05, 0.000117264018627, 0.000350779533619, -0.000377528951503, -4.96992433909e-05, -0.000629408285022, -0.000470233644592, 0.000229580284213], [0.0013562804088, 0.00403225747868, 0.00230546598323, -0.00182623893488, -0.000375764851924, 1.82236781257e-05, -0.00101652229205, -0.00107250269502, 0.000328843307216, 0.00131311512087, -0.00100302870851, 0.000640033162199, -0.000849419215228], [0.000352380680852, 0.00230546598323, 0.00553481094539, -0.00281286519021, 0.00133982859552, -0.00244610896334, 0.000415667163907, -0.00291615142487, -0.000804426672403, 0.00191698188428, -0.00119922531303, 0.00172587239649, -0.000896159093827], [-0.000316233286867, -0.00182623893488, -0.00281286519021, 0.0148905487731, -0.00529801240191, -0.00219551753253, 0.00212575588375, -0.0010212258203, -0.00122798944358, -0.00339530687779, 0.00130625523161, -0.00306300469674, -0.000101456265838], [-0.000320503488183, -0.000375764851924, 0.00133982859552, -0.00529801240191, 0.0157972425222, -0.00243753218092, -0.00485081924126, -0.000857970677316, -2.00937101908e-05, -0.00451550073922, -0.00252164318226, 0.00415411405265, -0.00159802380949], [8.45459217089e-05, 1.82236781257e-05, -0.00244610896334, -0.00219551753253, -0.00243753218092, 0.0175509564579, -0.00699098780751, 0.00251918076538, 0.000688454718329, 0.000994143076241, -0.000199803675059, -0.00188184028957, 0.000708836014383], [0.000117264018627, -0.00101652229205, 0.000415667163907, 0.00212575588375, -0.00485081924126, -0.00699098780751, 0.0212624296546, -0.01308722049, 0.00611513014883, 0.000231938131037, 0.00108493457083, 0.00399754010141, -0.00104355893563], [0.000350779533619, -0.00107250269502, -0.00291615142487, -0.0010212258203, -0.000857970677316, 0.00251918076538, -0.01308722049, 0.0321814976633, -0.0101223206148, 0.000749612750951, -0.00233483198099, -0.00245239539072, -0.00352314650081], [-0.000377528951503, 0.000328843307216, -0.000804426672403, -0.00122798944358, -2.00937101908e-05, 0.000688454718329, 0.00611513014883, -0.0101223206148, 0.0280015468597, -0.011492755264, 0.00794530566782, -0.00132141506765, 0.000878066464793], [-4.96992433909e-05, 0.00131311512087, 0.00191698188428, -0.00339530687779, -0.00451550073922, 0.000994143076241, 0.000231938131037, 0.000749612750951, -0.011492755264, 0.0254539567977, -0.00938244722784, 0.00213269423693, 0.00153960112948], [-0.000629408285022, -0.00100302870851, -0.00119922531303, 0.00130625523161, -0.00252164318226, -0.000199803675059, 0.00108493457083, -0.00233483198099, 0.00794530566782, -0.00938244722784, 0.0297928992659, -0.0132407471538, 0.00298971519805], [-0.000470233644592, 0.000640033162199, 0.00172587239649, -0.00306300469674, 0.00415411405265, -0.00188184028957, 0.00399754010141, -0.00245239539072, -0.00132141506765, 0.00213269423693, -0.0132407471538, 0.0342763252556, -0.0138830337673], [0.000229580284213, -0.000849419215228, -0.000896159093827, -0.000101456265838, -0.00159802380949, 0.000708836014383, -0.00104355893563, -0.00352314650081, 0.000878066464793, 0.00153960112948, 0.00298971519805, -0.0138830337673, 0.0294067598879]]
    spectral_contrast:
        mean: [-2.33986170883e-07, -3.08319499709e-07, 1.26961154479e-07, 4.810755172e-07, 1.09141517157e-07, 2.01374788844e-07, 5.28439329628e-07, -8.10595608414e-08, -2.76144032796e-06, 3.26569988829e-06, 1.76937487595e-06, -2.17536262426e-06]
        var: [0.000457468966488, 0.000503284856677, 0.00119235413149, 0.0015352681512, 0.00229429639876, 0.00316838431172, 0.0302561055869, 0.0574574805796, 0.118015579879, 0.242881268263, 0.449636787176, 1.01143121719]

rhythm:
    beats_loudness:
        dmean: 0.00334621383809
        dmean2: 0.00647010747343
        dvar: 4.91465380037e-06
        dvar2: 1.35062891786e-05
        max: 0.0114605305716
        mean: 0.0067947129719
        min: 0.00118317757733
        var: 5.37645200893e-06
    beats_loudness_bass:
        dmean: 0.10628375411
        dmean2: 0.197968363762
        dvar: 0.00461480207741
        dvar2: 0.0152014475316
        max: 0.280426859856
        mean: 0.0868516489863
        min: 0.00191024376545
        var: 0.0055543272756
    bpm: 116.642173767
    bpm_confidence: 0
    first_peak_bpm: 116
    first_peak_spread: 0.0555555224419
    first_peak_weight: 0.944444477558
    onset_rate: 3.78824877739
    second_peak_bpm: 0
    second_peak_spread: 0
    second_peak_weight: 0
    beats_position: [0.459994226694, 0.975482642651, 1.49097108841, 2.00645947456, 2.52194786072, 3.03743624687, 3.55292439461, 4.06841278076, 4.5839009285, 5.09938907623, 5.61487722397, 6.14188337326, 6.65506649017, 7.16825008392, 7.68143415451, 8.19461727142, 8.70780086517, 9.22098445892, 9.73416805267]
    bpm_estimates: [116.382141113, 116.377540588, 116.284179688, 116.207977295, 116.580436707, 116.412254333, 116.348823547, 116.563316345, 118.215148926, 116.98777771, 116.594261169, 116.286148071, 115.261993408, 118.155136108, 116.975502014]
    bpm_intervals: [0.515488386154, 0.515488445759, 0.515488386154, 0.515488386154, 0.515488386154, 0.515488147736, 0.515488386154, 0.515488147736, 0.515488147736, 0.515488147736, 0.527006149292, 0.513183116913, 0.51318359375, 0.513184070587, 0.513183116913, 0.51318359375, 0.51318359375, 0.51318359375]
    onset_times: [0.0348299331963, 0.429569154978, 0.96362811327, 1.369977355, 1.48607707024, 1.764716506, 1.92725622654, 2.15945577621, 2.27555561066, 2.51936507225, 2.79800462723, 3.05342411995, 3.44816327095, 3.56426310539, 3.85451245308, 4.21442174911, 4.51628112793, 4.59755086899, 4.87619066238, 5.13160991669, 5.39863967896, 5.53795909882, 5.64244890213, 5.9094786644, 6.15328788757, 6.29260778427, 6.40870761871, 6.65251684189, 7.24462604523, 7.56970500946, 8.11537456512, 8.47528362274, 8.63782310486, 8.71909332275, 9.25315189362, 9.52018165588, 9.64789104462, 9.75238132477]
    rubato_start: []
    rubato_stop: []
    perceptual_tempo: "unknown"

sfx:
    inharmonicity:
        dmean: 0.0689515024424
        dmean2: 0.120389051735
        dvar: 0.00541001558304
        dvar2: 0.0153162144125
        max: 0.384002506733
        mean: 0.076458029449
        min: 0
        var: 0.00563019607216
    oddtoevenharmonicenergyratio:
        dmean: 1.65919423103
        dmean2: 3.04305839539
        dvar: 10.3108568192
        dvar2: 26.1942501068
        max: 32.0372009277
        mean: 1.29360282421
        min: 0
        var: 7.30755186081
    pitch_after_max_to_before_max_energy_ratio: 0.723840475082
    pitch_centroid: 232.921768188
    pitch_max_to_total: 0.692129611969
    pitch_min_to_total: 0.9375
    tristimulus:
        dmean: [0.166877195239, 0.244532585144, 0.171507194638]
        dmean2: [0.282739818096, 0.428050011396, 0.302889376879]
        dvar: [0.0195307526737, 0.0391121841967, 0.018031636253]
        dvar2: [0.0527179017663, 0.110245153308, 0.0504382625222]
        max: [1, 0.984391093254, 0.800124764442]
        mean: [0.304774522781, 0.468306928873, 0.173202708364]
        min: [0.015608866699, 0, 0]
        var: [0.0342337340117, 0.0505173876882, 0.0263482686132]

tonal:
    chords_changes_rate: 0.0322580635548
    chords_number_rate: 0.00921658985317
    chords_strength:
        dmean: 0.00970471370965
        dmean2: 0.00846789497882
        dvar: 6.73229515087e-05
        dvar2: 6.33735762676e-05
        max: 0.719075202942
        mean: 0.529602348804
        min: 0.245646551251
        var: 0.0133011834696
    key_strength: 0.580613613129
    tuning_diatonic_strength: 0.511690020561
    tuning_equal_tempered_deviation: 0.0683804675937
    tuning_frequency: 441.527557373
    tuning_nontempered_energy_ratio: 0.704105019569
    hpcp:
        dmean: [0.17195405066, 0.150270149112, 0.146478593349, 0.159395441413, 0.151519462466, 0.170350775123, 0.192589834332, 0.158252745867, 0.114309072495, 0.112554818392, 0.0941814482212, 0.094061486423, 0.100898317993, 0.08924356848, 0.138413116336, 0.211256325245, 0.159109041095, 0.104675449431, 0.0820260494947, 0.101949803531, 0.192681774497, 0.228077948093, 0.183293551207, 0.1447879076, 0.106166176498, 0.0844393223524, 0.100158318877, 0.114166498184, 0.108549721539, 0.130471795797, 0.151567831635, 0.195314139128, 0.203825458884, 0.191186606884, 0.18279466033, 0.167322069407]
        dmean2: [0.284048110247, 0.250742614269, 0.237178370357, 0.262600660324, 0.247336581349, 0.276067256927, 0.295081883669, 0.25542485714, 0.196447759867, 0.179012835026, 0.153054326773, 0.148517385125, 0.15464027226, 0.150379166007, 0.232152163982, 0.34906193614, 0.259848624468, 0.176441505551, 0.133484527469, 0.169787272811, 0.318744689226, 0.376515090466, 0.312125205994, 0.249589681625, 0.179012089968, 0.140966668725, 0.16624815762, 0.1771915555, 0.175497487187, 0.221237823367, 0.244687780738, 0.336257368326, 0.353277653456, 0.318429976702, 0.304859787226, 0.271223068237]
        dvar: [0.0225268229842, 0.0239248741418, 0.0220197346061, 0.0284444410354, 0.0192715544254, 0.0219934377819, 0.0345695465803, 0.0172961503267, 0.0140757579356, 0.017692303285, 0.00897250976413, 0.0145734837279, 0.0160660650581, 0.00969406869262, 0.0189969558269, 0.0345033667982, 0.0235410314053, 0.0209423266351, 0.0136839812621, 0.0119289690629, 0.0250951293856, 0.0384723842144, 0.0266702324152, 0.0308838747442, 0.0185737181455, 0.010233332403, 0.0110024111345, 0.014666072093, 0.0145960310474, 0.0240403693169, 0.0277468059212, 0.0405172780156, 0.0464505217969, 0.0389665216208, 0.0377482809126, 0.0297869928181]
        dvar2: [0.0622801296413, 0.0660014078021, 0.0558054670691, 0.0649754479527, 0.049693223089, 0.0478153638542, 0.0745214670897, 0.0427463613451, 0.0372138917446, 0.0444530397654, 0.0220633167773, 0.0364430621266, 0.0357028804719, 0.0249688066542, 0.0506163537502, 0.0926108956337, 0.0585797056556, 0.0475296005607, 0.0341773740947, 0.0292092021555, 0.0619064159691, 0.0927320793271, 0.0647258460522, 0.0843997076154, 0.0480337105691, 0.0255583915859, 0.0307054724544, 0.0335756912827, 0.0349594242871, 0.0695751085877, 0.0759035944939, 0.107710428536, 0.116558015347, 0.0909992456436, 0.0958299711347, 0.0862265974283]
        max: [1, 1, 1, 1, 0.922875404358, 1, 1, 0.997971832752, 0.807384967804, 1, 0.700573682785, 0.98920416832, 1, 0.885986328125, 0.920696020126, 1, 1, 1, 1, 0.828416347504, 1, 1, 1, 1, 1, 0.68916541338, 0.892116069794, 1, 0.854785978794, 1, 1, 1, 1, 1, 1, 1]
        mean: [0.334533035755, 0.328286588192, 0.343933314085, 0.315940469503, 0.262652844191, 0.468818873167, 0.634159862995, 0.390466660261, 0.219876408577, 0.232351839542, 0.181355401874, 0.161831334233, 0.176818653941, 0.161875247955, 0.255085378885, 0.355947226286, 0.262060850859, 0.162014573812, 0.135166913271, 0.160111784935, 0.417263120413, 0.589456260204, 0.378372997046, 0.185818225145, 0.149438217282, 0.137766972184, 0.188727393746, 0.240872621536, 0.204009443521, 0.211430385709, 0.275488168001, 0.310577124357, 0.348172932863, 0.327674359083, 0.268937557936, 0.294812142849]
        min: [0.0111020216718, 0.0128013901412, 0.0153199853376, 0.0125351436436, 0.0131627190858, 0.0553172454238, 0.121921904385, 0.0835294276476, 0.00436216918752, 0.00381204695441, 0.00416339328513, 0.00548992305994, 0.0023015094921, 0.0027112448588, 0.0139099471271, 0.0249897930771, 0.00980657059699, 0.00324106076732, 0.00192652293481, 0.0129338167608, 0.0649442449212, 0.0799948573112, 0.0242812782526, 0.005674588494, 0.00279216468334, 0.00252970634028, 0.00291857100092, 0.0058665801771, 0.0059549510479, 0.00700626848266, 0.0132334418595, 0.0174841843545, 0.0202650465071, 0.0108336191624, 0.00684802606702, 0.0103973764926]
        var: [0.0472638458014, 0.0541837960482, 0.0773394033313, 0.0703795552254, 0.0360784009099, 0.0478421039879, 0.0895122289658, 0.0407847054303, 0.0310667473823, 0.0482308380306, 0.0226087439805, 0.0240415986627, 0.0338436812162, 0.0176467541605, 0.0280747134238, 0.0603491291404, 0.0427434109151, 0.0302367974073, 0.0182058271021, 0.0169591270387, 0.0617447085679, 0.0923926979303, 0.0556348748505, 0.0367881506681, 0.0214853864163, 0.014792105183, 0.0266289226711, 0.0489179268479, 0.0273212641478, 0.0357822291553, 0.0588793382049, 0.0622864291072, 0.0817655101418, 0.0651348978281, 0.0471110679209, 0.0437613092363]
    chords_histogram: [48.387096405, 0, 0, 0, 0, 0, 0, 0, 0, 0, 0, 0, 0, 0, 0, 0.921658992767, 0, 50.6912460327, 0, 0, 0, 0, 0, 0]
    thpcp: [1, 0.615722775459, 0.346720784903, 0.366393178701, 0.285977423191, 0.255190134048, 0.278823465109, 0.255259364843, 0.402241438627, 0.561289429665, 0.413240998983, 0.255479067564, 0.213143274188, 0.252478599548, 0.657977819443, 0.929507374763, 0.596652388573, 0.293014794588, 0.235647544265, 0.217243283987, 0.297602236271, 0.379829496145, 0.321700334549, 0.333402335644, 0.434414386749, 0.489745795727, 0.54903024435, 0.516706228256, 0.424084812403, 0.464886158705, 0.52752161026, 0.517671644688, 0.542344808578, 0.498203188181, 0.414174497128, 0.739275515079]
    chords_key: "E"
    chords_scale: "minor"
    key_key: "E"
    key_scale: "major"
    chords_progression: ["Em", "Em", "Em", "Em", "Em", "Em", "Em", "Em", "Em", "Em", "Em", "Em", "Em", "Em", "Em", "Em", "Em", "Em", "Em", "Em", "Em", "Em", "Em", "Em", "Em", "Em", "Em", "Em", "Em", "Em", "Em", "Em", "Em", "Em", "Em", "Em", "Em", "Em", "Em", "Em", "Em", "Em", "Em", "Em", "Em", "Em", "Em", "Em", "Em", "Em", "Em", "Em", "Em", "Em", "Em", "Em", "Em", "Em", "Em", "Em", "Em", "Em", "Em", "Em", "Em", "Em", "Em", "Em", "Em", "Em", "Em", "Em", "Em", "Em", "Em", "Em", "Em", "Em", "Em", "Em", "Em", "Em", "Em", "Em", "Em", "Em", "Em", "Em", "Em", "Em", "Em", "Em", "Em", "Em", "Em", "Em", "Em", "Em", "Em", "Em", "Em", "Em", "Em", "Em", "Em", "Em", "Em", "Em", "Em", "E", "Em", "E", "E", "E", "E", "E", "E", "E", "E", "E", "E", "E", "E", "E", "E", "E", "E", "E", "E", "E", "E", "E", "E", "E", "E", "E", "E", "E", "E", "E", "E", "E", "E", "E", "E", "E", "E", "E", "E", "E", "E", "E", "E", "E", "E", "E", "E", "E", "E", "E", "E", "E", "E", "E", "E", "E", "E", "E", "E", "E", "E", "Am", "E", "E", "E", "E", "E", "E", "Am", "E", "E", "E", "E", "E", "E", "E", "E", "E", "E", "E", "E", "E", "E", "E", "E", "E", "E", "E", "E", "E", "E", "E", "E", "E", "E", "E", "E", "E", "E", "E", "E", "E", "E", "E", "E", "E", "E"]
