
metadata:
    version:
        essentia: "1.2.2"
    audio_properties:
        analysis_sample_rate: 44100
        bitrate: 128
        channels: 2
        equal_loudness: 1
        length: 10.0832653046
        replay_gain: -5.40031433105
        downmix: "mix"
    tags:
        track: 15
        year: 0
        album: "Splitted by Mp3Splt v. 2.1"
        artist: "From 002.20 To 002.30"
        comment: "http://mp3splt.sf.net"
        genre: ""
        title: "06 Push.mp3"

highlevel:
    ballroom:
        all:
            ChaChaCha: 0.0331303477287
            Jive: 0.0420931875706
            Quickstep: 0.356956154108
            Rumba-American: 0.0201812852174
            Rumba-International: 0.0921292901039
            Rumba-Misc: 0.208226963878
            Samba: 0.0617464967072
            Tango: 0.0648749992251
            VienneseWaltz: 0.0429067760706
            Waltz: 0.0777545049787
        probability: 0.356956154108
        value: "Quickstep"
    culture:
        all:
            non_western: 0.012895504944
            western: 0.987104475498
        probability: 0.987104475498
        value: "western"
    gender:
        all:
            female: 0.88132327795
            male: 0.118676736951
        probability: 0.88132327795
        value: "female"
    genre_dortmund:
        all:
            alternative: 0.0375654809177
            blues: 0.023298388347
            electronic: 0.113036714494
            folkcountry: 0.283489435911
            funksoulrnb: 0.048308622092
            jazz: 0.258901566267
            pop: 0.157035931945
            raphiphop: 0.0225173421204
            rock: 0.0558465197682
        probability: 0.283489435911
        value: "folkcountry"
    genre_electronica:
        all:
            ambient: 0.900642216206
            dnb: 0.0401617921889
            house: 0.0256647132337
            techno: 0.00359293515794
            trance: 0.0299383606762
        probability: 0.900642216206
        value: "ambient"
    genre_rosamerica:
        all:
            cla: 0.0256586987525
            dan: 0.00708699179813
            hip: 0.00107116647996
            jaz: 0.878428220749
            pop: 0.0421277433634
            rhy: 0.0414916947484
            roc: 0.00339765683748
            spe: 0.000737806025427
        probability: 0.878428220749
        value: "jaz"
    genre_tzanetakis:
        all:
            blu: 0.00830089300871
            cla: 0.0199557840824
            cou: 0.0645260959864
            dis: 0.0327319763601
            hip: 0.00500115193427
            jaz: 0.0688263103366
            met: 0.00324593507685
            pop: 0.700246095657
            reg: 0.0733009576797
            roc: 0.0238648261875
        probability: 0.700246095657
        value: "pop"
    live_studio:
        all:
            live: 0.0724460482597
            studio: 0.92755395174
        probability: 0.92755395174
        value: "studio"
    mood:
        all:
            Cluster1: 0.133940204978
            Cluster2: 0.32154661417
            Cluster3: 0.318542599678
            Cluster4: 0.191406458616
            Cluster5: 0.0345641300082
        probability: 0.32154661417
        value: "Cluster2"
    mood_acoustic:
        all:
            acoustic: 0.661365866661
            not_acoustic: 0.338634133339
        probability: 0.661365866661
        value: "acoustic"
    mood_aggressive:
        all:
            aggressive: 0.00360886962153
            not_aggressive: 0.996391117573
        probability: 0.996391117573
        value: "not_aggressive"
    mood_electronic:
        all:
            electronic: 0.168406277895
            not_electronic: 0.831593692303
        probability: 0.831593692303
        value: "not_electronic"
    mood_happy:
        all:
            happy: 0.16183423996
            not_happy: 0.83816576004
        probability: 0.83816576004
        value: "not_happy"
    mood_party:
        all:
            not_party: 0.901208758354
            party: 0.0987912341952
        probability: 0.901208758354
        value: "not_party"
    mood_relaxed:
        all:
            not_relaxed: 0.0569212846458
            relaxed: 0.943078696728
        probability: 0.943078696728
        value: "relaxed"
    mood_sad:
        all:
            not_sad: 0.129867270589
            sad: 0.870132744312
        probability: 0.870132744312
        value: "sad"
    rhythm:
        all:
            fast: 0.0256709158421
            medium: 0.398637473583
            slow: 0.575691580772
        probability: 0.575691580772
        value: "slow"
    speech_music:
        all:
            music: 0.969298005104
            speech: 0.0307019725442
        probability: 0.969298005104
        value: "music"
    timbre:
        all:
            bright: 0.987838923931
            dark: 0.0121610630304
        probability: 0.987838923931
        value: "bright"
    voice_instrumental:
        all:
            instrumental: 0.285656422377
            voice: 0.714343547821
        probability: 0.714343547821
        value: "voice"

lowlevel:
    average_loudness: 0.928266048431
    barkbands_kurtosis:
        dmean: 1.88100159168
        dmean2: 2.64180898666
        dvar: 9.02036476135
        dvar2: 16.3968162537
        max: 46.5190544128
        mean: 2.88584470749
        min: -1.83211779594
        var: 34.4805984497
    barkbands_skewness:
        dmean: 0.44372227788
        dmean2: 0.581331908703
        dvar: 0.264958024025
        dvar2: 0.55732601881
        max: 6.21832513809
        mean: 1.3420124054
        min: -3.63652729988
        var: 1.30335116386
    barkbands_spread:
        dmean: 4.17553424835
        dmean2: 5.68760299683
        dvar: 35.4971542358
        dvar2: 66.3553848267
        max: 74.725944519
        mean: 17.8530769348
        min: 2.13619565964
        var: 159.429580688
    dissonance:
        dmean: 0.0236359853297
        dmean2: 0.03777898103
        dvar: 0.000544531212654
        dvar2: 0.00144309480675
        max: 0.497845679522
        mean: 0.435934454203
        min: 0.232622414827
        var: 0.00133759470191
    hfc:
        dmean: 1.1403055191
        dmean2: 1.50129973888
        dvar: 14.6337509155
        dvar2: 34.5792541504
        max: 68.9890670776
        mean: 2.52699828148
        min: 0.00203458685428
        var: 27.7060623169
    pitch:
        dmean: 267.914367676
        dmean2: 521.268859863
        dvar: 823775.25
        dvar2: 2096141
        max: 6300
        mean: 489.716918945
        min: 78.1914901733
        var: 893734.0625
    pitch_instantaneous_confidence:
        dmean: 0.0733356401324
        dmean2: 0.106462590396
        dvar: 0.00647586164996
        dvar2: 0.0124744381756
        max: 0.932256758213
        mean: 0.527360141277
        min: 0.153911709785
        var: 0.0381013602018
    pitch_salience:
        dmean: 0.0536517873406
        dmean2: 0.0818606987596
        dvar: 0.00256217736751
        dvar2: 0.00509844906628
        max: 0.922994852066
        mean: 0.586376786232
        min: 0.197439193726
        var: 0.0117115285248
    silence_rate_20dB:
        dmean: 0
        dmean2: 0
        dvar: 0
        dvar2: 0
        max: 1
        mean: 1
        min: 1
        var: 0
    silence_rate_30dB:
        dmean: 0
        dmean2: 0
        dvar: 0
        dvar2: 0
        max: 1
        mean: 1
        min: 1
        var: 0
    silence_rate_60dB:
        dmean: 0.0551724135876
        dmean2: 0.110599078238
        dvar: 0.0521285161376
        dvar2: 0.0983671694994
        max: 1
        mean: 0.807339429855
        min: 0
        var: 0.155542075634
    spectral_centroid:
        dmean: 208.228851318
        dmean2: 276.0184021
        dvar: 127363.96875
        dvar2: 268149.59375
        max: 4171.11230469
        mean: 952.866577148
        min: 244.707000732
        var: 397944.96875
    spectral_complexity:
        dmean: 1.05529952049
        dmean2: 1.53348731995
        dvar: 2.00154519081
        dvar2: 3.38052082062
        max: 20
        mean: 4.61839103699
        min: 0
        var: 14.2267723083
    spectral_crest:
        dmean: 1.95753002167
        dmean2: 2.79680228233
        dvar: 3.85440921783
        dvar2: 8.11239528656
        max: 22.8869743347
        mean: 10.0721511841
        min: 3.24738574028
        var: 15.4127206802
    spectral_decrease:
        dmean: 1.65019012344e-10
        dmean2: 1.95151311777e-10
        dvar: 1.35834482013e-19
        dvar2: 2.61510152129e-19
        max: -1.02346267312e-12
        mean: -5.27949517437e-10
        min: -5.28532462241e-09
        var: 6.12200610651e-19
    spectral_energy:
        dmean: 0.000717846560292
        dmean2: 0.000862263434101
        dvar: 2.90346724796e-06
        dvar2: 5.88575767324e-06
        max: 0.0262055527419
        mean: 0.00222180783749
        min: 4.04732782044e-06
        var: 1.14012791528e-05
    spectral_energyband_high:
        dmean: 4.14865280618e-05
        dmean2: 6.24243257334e-05
        dvar: 1.46990419836e-08
        dvar2: 3.81780154157e-08
        max: 0.00139069091529
        mean: 6.65753686917e-05
        min: 5.32028714417e-08
        var: 1.87886879388e-08
    spectral_energyband_low:
        dmean: 1.3810924429e-05
        dmean2: 2.04409716389e-05
        dvar: 3.51441697966e-09
        dvar2: 4.71371341959e-09
        max: 0.00110965385102
        mean: 5.91543830524e-05
        min: 1.93936784854e-07
        var: 3.54319524831e-08
    spectral_energyband_middle_high:
        dmean: 0.000438243936514
        dmean2: 0.000548966811039
        dvar: 2.10518601307e-06
        dvar2: 4.5514593694e-06
        max: 0.0228293128312
        mean: 0.00093706412008
        min: 3.37855226462e-07
        var: 5.86634450883e-06
    spectral_energyband_middle_low:
        dmean: 0.000320283696055
        dmean2: 0.000374702736735
        dvar: 2.36849899693e-07
        dvar2: 3.1589135574e-07
        max: 0.00683950260282
        mean: 0.00115900393575
        min: 3.24030611409e-06
        var: 1.53825749294e-06
    spectral_flatness_db:
        dmean: 0.0183629468083
        dmean2: 0.0256371702999
        dvar: 0.000381284567993
        dvar2: 0.000604653963819
        max: 0.318161010742
        mean: 0.197350636125
        min: 0.0701476931572
        var: 0.00231887935661
    spectral_flux:
        dmean: 0.00610868772492
        dmean2: 0.00902249198407
        dvar: 8.33516533021e-05
        dvar2: 0.00016911381681
        max: 0.117873683572
        mean: 0.0176782235503
        min: 0.00237706280313
        var: 0.000263908470515
    spectral_kurtosis:
        dmean: 3.10628247261
        dmean2: 4.72014713287
        dvar: 16.0813655853
        dvar2: 40.9167289734
        max: 39.6961097717
        mean: 9.03647994995
        min: -1.2663064003
        var: 50.1366996765
    spectral_rms:
        dmean: 0.000192911669728
        dmean2: 0.000229334516916
        dvar: 9.16301772236e-08
        dvar2: 1.39172641411e-07
        max: 0.0050563220866
        mean: 0.00121939333621
        min: 6.28379857517e-05
        var: 6.80696587096e-07
    spectral_rolloff:
        dmean: 446.044464111
        dmean2: 670.910461426
        dvar: 700869.25
        dvar2: 1349971.5
        max: 8397.94921875
        mean: 1698.99523926
        min: 215.33203125
        var: 1907647.25
    spectral_skewness:
        dmean: 0.353781104088
        dmean2: 0.496946573257
        dvar: 0.161103650928
        dvar2: 0.350047111511
        max: 4.87289237976
        mean: 2.31612348557
        min: -0.00188085308764
        var: 0.802901864052
    spectral_spread:
        dmean: 790911.25
        dmean2: 989096.8125
        dvar: 1.86209114522e+12
        dvar2: 2.12095978701e+12
        max: 30111222
        mean: 4915053
        min: 1563414
        var: 1.00230391398e+13
    spectral_strongpeak:
        dmean: 0.217006295919
        dmean2: 0.34342956543
        dvar: 0.309954285622
        dvar2: 0.727427780628
        max: 6.48652744293
        mean: 0.457162261009
        min: 0.000645923253614
        var: 0.656891226768
    zerocrossingrate:
        dmean: 0.00922334007919
        dmean2: 0.00915555562824
        dvar: 0.000153647386469
        dvar2: 0.000154961497174
        max: 0.20751953125
        mean: 0.0559536628425
        min: 0.00244140625
        var: 0.0011747716926
    barkbands:
        dmean: [9.2501409199e-08, 3.9441251829e-06, 1.14291106001e-05, 2.24489103857e-05, 9.00889062905e-05, 0.000150457635755, 2.12995073525e-05, 1.34209394673e-05, 0.000142605334986, 1.19188080134e-05, 0.000122369834571, 3.22862360917e-05, 6.17263285676e-05, 8.51702043292e-06, 4.84154261358e-05, 5.91485295445e-05, 6.47694832878e-05, 0.00011792681471, 3.15420656989e-05, 1.62565956998e-05, 2.11000060517e-05, 7.42611427995e-06, 2.63769902631e-06, 2.55436066254e-06, 2.0974691779e-06, 8.51572892202e-08, 2.10570738624e-09]
        dmean2: [1.47423094177e-07, 6.88903082846e-06, 1.62958967849e-05, 3.60168705811e-05, 0.000121232063975, 0.000195114218513, 3.11857147608e-05, 1.81168888957e-05, 0.000177932204679, 1.8418282707e-05, 0.000119311051094, 4.67862228106e-05, 9.48577799136e-05, 1.37301312861e-05, 6.19168349658e-05, 8.52315788507e-05, 8.63727691467e-05, 0.000182754636626, 4.58290560346e-05, 2.63868223556e-05, 3.36229022651e-05, 1.16508508654e-05, 3.70903080693e-06, 3.58425700142e-06, 2.84990778709e-06, 1.1272497602e-07, 3.13549319841e-09]
        dvar: [2.77101882022e-13, 6.4091905394e-11, 3.28651195147e-09, 3.17950132889e-09, 3.69278474466e-08, 6.99057025599e-08, 1.25279986385e-09, 8.89527784764e-10, 1.30077197014e-07, 2.9658677736e-09, 1.89966641528e-07, 2.47935876274e-08, 2.27309428169e-07, 1.10345688142e-09, 2.86967267726e-08, 1.27008206618e-07, 1.35210655117e-07, 6.66487551371e-07, 5.91097215619e-09, 1.62865931852e-09, 4.01055277877e-09, 7.66348096093e-10, 1.35076616559e-10, 1.21146065402e-10, 7.0892340609e-11, 9.64525429469e-14, 6.8287748562e-16]
        dvar2: [6.84328895634e-13, 1.58486793134e-10, 4.34843006047e-09, 5.9548983522e-09, 4.31070539264e-08, 1.30081161842e-07, 2.25080620808e-09, 1.71881664457e-09, 2.13799793869e-07, 6.74990952021e-09, 1.47298237607e-07, 4.97896550655e-08, 5.79186007599e-07, 2.8503979177e-09, 3.60631027263e-08, 3.03016605585e-07, 2.32884460161e-07, 1.82805513305e-06, 1.30144597321e-08, 4.04486177885e-09, 1.09359543643e-08, 1.97254457213e-09, 3.00492908334e-10, 2.54616494555e-10, 1.67216143709e-10, 1.49729377117e-13, 1.71682736387e-15]
        max: [7.31480713512e-06, 0.000109242930193, 0.00110815186054, 0.000893927295692, 0.00341030396521, 0.00345107982866, 0.000633081130218, 0.000464121316327, 0.00469355192035, 0.000756179390009, 0.0107953678817, 0.00213164580055, 0.00936829764396, 0.000407609331887, 0.00374639988877, 0.00586121343076, 0.0073583680205, 0.0142438672483, 0.000851166318171, 0.000491962535307, 0.000839542073663, 0.000262869521976, 0.00016444742505, 0.000165236560861, 0.000123478923342, 5.8223185988e-06, 3.89070834217e-07]
        mean: [1.88635127074e-07, 1.11085728349e-05, 4.78690599266e-05, 5.40982364328e-05, 0.00022571910813, 0.000410643435316, 0.000100738703622, 3.81420213671e-05, 0.000322814536048, 2.32817437791e-05, 0.000325169239659, 4.27427730756e-05, 8.22263100417e-05, 1.00339284472e-05, 0.000103629674413, 6.97032592143e-05, 9.30261230678e-05, 0.000140878837556, 4.60758856207e-05, 2.56082512351e-05, 2.89050331048e-05, 9.07106186787e-06, 3.61707043339e-06, 3.41628947353e-06, 2.96192888527e-06, 1.38769635782e-07, 1.43552791876e-09]
        min: [4.38490563304e-12, 3.79589906174e-08, 7.15579488997e-08, 1.0434941089e-07, 1.10826874788e-06, 1.07162918539e-06, 4.58091221844e-07, 1.25579248333e-07, 7.31688416522e-08, 5.98874549951e-08, 1.2400849414e-07, 4.38985239271e-08, 1.64030691252e-08, 1.68021561109e-08, 3.82650320319e-08, 1.30017081545e-08, 6.90563073391e-09, 1.06139834699e-08, 1.00567856265e-08, 8.93638141264e-09, 9.62392476822e-09, 8.64540261603e-09, 2.13527195925e-09, 2.56539212096e-09, 7.43964501115e-10, 2.00322154698e-11, 1.0094028952e-14]
        var: [2.55359129024e-13, 4.237420137e-10, 3.50647511027e-08, 1.28575585734e-08, 2.22439837216e-07, 2.72906589771e-07, 1.28830173196e-08, 3.37325500865e-09, 5.11624136834e-07, 5.78898351478e-09, 1.51925326008e-06, 3.20869233406e-08, 2.56828599277e-07, 9.16263342976e-10, 1.34004736196e-07, 1.27090558522e-07, 2.54559637369e-07, 5.53401264369e-07, 1.13901501564e-08, 2.75302847186e-09, 4.51260451229e-09, 8.87971418617e-10, 2.22818971607e-10, 1.58434723674e-10, 9.12050365787e-11, 3.28164063848e-13, 3.50320333248e-16]
    mfcc:
        mean: [-825.604858398, 150.963150024, -36.2560844421, 25.2349052429, -15.0492076874, -19.5512657166, -6.66965913773, -19.8178119659, -5.26229381561, -13.3813076019, -14.7858667374, -4.97608327866, -10.7763376236]
        cov: [[5415.60253906, -2424.50610352, 91.7077713013, -98.2310791016, -243.574752808, -473.823760986, 219.569137573, 135.631149292, 68.2538375854, -190.542694092, -140.758590698, 292.288238525, -367.283203125], [-2424.50610352, 2117.34130859, -536.57208252, -12.7141742706, 86.0533294678, 93.8457870483, 39.8126564026, -106.110832214, -79.3859634399, 126.120246887, -8.23465824127, -55.5820159912, 55.0607376099], [91.7077713013, -536.57208252, 831.720458984, 53.2726669312, -28.6727924347, 174.839538574, 20.2084560394, 43.078666687, 18.5571041107, -10.6510400772, 81.7162017822, -43.7447814941, 62.6166648865], [-98.2310791016, -12.7141742706, 53.2726669312, 268.767303467, -9.04690742493, 76.9203643799, 22.1345310211, 3.89854645729, 97.6548461914, -20.0606994629, 46.4941902161, 27.0958175659, -37.9974479675], [-243.574752808, 86.0533294678, -28.6727924347, -9.04690742493, 187.057159424, -51.8302307129, -39.7925224304, 14.2107429504, 34.5190353394, -14.3723506927, -18.7544689178, 39.8211860657, 20.9345703125], [-473.823760986, 93.8457870483, 174.839538574, 76.9203643799, -51.8302307129, 302.611358643, 42.2081794739, 17.8504543304, -4.69061803818, 90.5277328491, 75.4396209717, -82.05809021, 83.4007797241], [219.569137573, 39.8126564026, 20.2084560394, 22.1345310211, -39.7925224304, 42.2081794739, 194.837265015, 3.03074884415, -36.404510498, 26.4978847504, 1.90517187119, 9.944647789, -31.9501800537], [135.631149292, -106.110832214, 43.078666687, 3.89854645729, 14.2107429504, 17.8504543304, 3.03074884415, 140.220611572, 4.1724653244, 30.2371025085, 24.7114276886, 35.4890327454, 33.6236343384], [68.2538375854, -79.3859634399, 18.5571041107, 97.6548461914, 34.5190353394, -4.69061803818, -36.404510498, 4.1724653244, 145.243881226, -30.4029960632, -1.37127423286, 51.2027893066, -41.9411735535], [-190.542694092, 126.120246887, -10.6510400772, -20.0606994629, -14.3723506927, 90.5277328491, 26.4978847504, 30.2371025085, -30.4029960632, 156.283111572, 12.8631763458, -46.8709526062, 44.3359184265], [-140.758590698, -8.23465824127, 81.7162017822, 46.4941902161, -18.7544689178, 75.4396209717, 1.90517187119, 24.7114276886, -1.37127423286, 12.8631763458, 112.475059509, -28.7749023438, 41.2370567322], [292.288238525, -55.5820159912, -43.7447814941, 27.0958175659, 39.8211860657, -82.05809021, 9.944647789, 35.4890327454, 51.2027893066, -46.8709526062, -28.7749023438, 148.873199463, -60.749256134], [-367.283203125, 55.0607376099, 62.6166648865, -37.9974479675, 20.9345703125, 83.4007797241, -31.9501800537, 33.6236343384, -41.9411735535, 44.3359184265, 41.2370567322, -60.749256134, 164.318710327]]
        icov: [[0.000855590740684, 0.000975265575107, 0.000338882702636, 0.000440466479631, 0.00083564769011, 0.000727218575776, -0.00111401779577, -0.000307359063299, -0.00027368683368, -0.000202653624001, 6.2731844082e-05, -0.000662252190523, 0.000653285242151], [0.000975265575107, 0.00182727596257, 0.000903986510821, 0.000394509144826, 0.000432815577369, 0.000363771745469, -0.00135932082776, 0.00031924500945, 9.44648782024e-05, -0.000601476873271, -7.44813733036e-05, -0.000927856715862, 0.000607007183135], [0.000338882702636, 0.000903986510821, 0.00200467277318, 0.000308767834213, -2.02322898986e-05, -0.000954729737714, -0.000688503845595, -0.000134337882628, -0.000170788378455, 0.000519747729413, -0.000521360605489, -9.36709329835e-05, 5.51882476429e-05], [0.000440466479631, 0.000394509144826, 0.000308767834213, 0.00667040375993, 0.000650984467939, -0.00139850156847, -0.00152547331527, -0.000178713875357, -0.00421247724444, 0.000965393555816, -0.00221378542483, -0.000654600735288, 0.00162185926456], [0.00083564769011, 0.000432815577369, -2.02322898986e-05, 0.000650984467939, 0.00797439552844, 0.00221785367467, -0.000537541287486, -0.000633546966128, -0.00233214022592, -0.000254522863543, 0.000918450998142, -0.0021582338959, -0.0017904615961], [0.000727218575776, 0.000363771745469, -0.000954729737714, -0.00139850156847, 0.00221785367467, 0.00799974985421, -0.00217337161303, -0.000212624814594, -0.00151822541375, -0.00292580784298, -0.00134650128894, 0.00122469838243, -0.00198534876108], [-0.00111401779577, -0.00135932082776, -0.000688503845595, -0.00152547331527, -0.000537541287486, -0.00217337161303, 0.00827892124653, 0.000342251674738, 0.00353208533488, -0.000709174084477, 0.000224590578, -0.000784550968092, 0.00133284647018], [-0.000307359063299, 0.00031924500945, -0.000134337882628, -0.000178713875357, -0.000633546966128, -0.000212624814594, 0.000342251674738, 0.0106583982706, 0.000494086183608, -0.00297367502935, -0.00225126557052, -0.00451444135979, -0.00288547645323], [-0.00027368683368, 9.44648782024e-05, -0.000170788378455, -0.00421247724444, -0.00233214022592, -0.00151822541375, 0.00353208533488, 0.000494086183608, 0.012893691659, 2.94692708849e-05, 0.000642441562377, -0.00266585196368, 0.00223723356612], [-0.000202653624001, -0.000601476873271, 0.000519747729413, 0.000965393555816, -0.000254522863543, -0.00292580784298, -0.000709174084477, -0.00297367502935, 2.94692708849e-05, 0.0099209016189, 0.00112572847866, 0.00259945495054, -0.000228996868827], [6.2731844082e-05, -7.44813733036e-05, -0.000521360605489, -0.00221378542483, 0.000918450998142, -0.00134650128894, 0.000224590578, -0.00225126557052, 0.000642441562377, 0.00112572847866, 0.012745892629, 0.00146481674165, -0.00187422172166], [-0.000662252190523, -0.000927856715862, -9.36709329835e-05, -0.000654600735288, -0.0021582338959, 0.00122469838243, -0.000784550968092, -0.00451444135979, -0.00266585196368, 0.00259945495054, 0.00146481674165, 0.0130684236065, 0.0022215784993], [0.000653285242151, 0.000607007183135, 5.51882476429e-05, 0.00162185926456, -0.0017904615961, -0.00198534876108, 0.00133284647018, -0.00288547645323, 0.00223723356612, -0.000228996868827, -0.00187422172166, 0.0022215784993, 0.0117064453661]]
    spectral_contrast:
        mean: [-4.90291029109e-07, 4.49603987818e-07, 3.17840061825e-07, -2.67467271442e-07, -5.66209848785e-07, 4.28194297797e-08, 8.58916610014e-06, -1.99168584913e-06, 2.09972768062e-06, -4.41430620413e-06, 1.3422692291e-06, -5.13449504069e-06]
        var: [0.000935728603508, 0.000983658712357, 0.00194682797883, 0.00222278013825, 0.004737874493, 0.0112122511491, 0.0703442916274, 0.0981350243092, 0.18886116147, 0.462223172188, 0.515993058681, 2.45232605934]

rhythm:
    beats_loudness:
        dmean: 0.00364459329285
        dmean2: 0.00495215551928
        dvar: 1.68790738826e-05
        dvar2: 2.34787275986e-05
        max: 0.0161531604826
        mean: 0.00394620234147
        min: 0.000197843372007
        var: 1.83060292329e-05
    beats_loudness_bass:
        dmean: 0.0286254044622
        dmean2: 0.0511882863939
        dvar: 0.000888044480234
        dvar2: 0.00239374837838
        max: 0.110052913427
        mean: 0.0280189923942
        min: 0.000881675223354
        var: 0.000841195927933
    bpm: 69.8583908081
    bpm_confidence: 0
    first_peak_bpm: 77
    first_peak_spread: 0
    first_peak_weight: 0.666666686535
    onset_rate: 4.36366558075
    second_peak_bpm: 70
    second_peak_spread: 0
    second_peak_weight: 0.333333343267
    beats_position: [0.0790613219142, 0.857733726501, 1.63640618324, 2.41507863998, 3.19375109673, 3.97242331505, 4.75109577179, 5.52976799011, 6.30461025238, 7.16353464127, 8.02245903015, 8.88138389587, 9.7403087616]
    bpm_estimates: [69.4479598999, 69.560218811, 70.5669937134]
    bpm_intervals: [0.778672397137, 0.778672456741, 0.778672456741, 0.778672456741, 0.778672218323, 0.778672456741, 0.778672218323, 0.774842262268, 0.858924388885, 0.858924388885, 0.858924865723, 0.858924865723]
    onset_times: [0.0464399084449, 0.220589563251, 0.348299324512, 0.417959183455, 0.650158703327, 0.777868509293, 1.17260766029, 1.27709746361, 1.54412698746, 1.8575963974, 2.27555561066, 2.51936507225, 2.70512461662, 2.83283448219, 2.96054410934, 3.05342411995, 3.08825397491, 3.35528349876, 3.85451245308, 4.04027223587, 4.43501138687, 4.49306106567, 4.56272125244, 4.66721105576, 5.32897949219, 5.7701587677, 6.01396846771, 6.17650794983, 6.5015873909, 6.68734693527, 6.90793657303, 7.04725646973, 7.31428575516, 7.52326536179, 7.66258525848, 7.80190467834, 7.92961454391, 8.31274414062, 8.82358264923, 9.10222244263, 9.24154186249, 9.4853515625, 9.65950107574, 9.92653083801]
    rubato_start: [7.16353464127]
    rubato_stop: [8.02245903015]
    perceptual_tempo: "unknown"

sfx:
    inharmonicity:
        dmean: 0.0380707271397
        dmean2: 0.0693318247795
        dvar: 0.00382359954529
        dvar2: 0.0108000067994
        max: 0.426992207766
        mean: 0.0319682694972
        min: 0
        var: 0.0029945592396
    oddtoevenharmonicenergyratio:
        dmean: 1.83460819721
        dmean2: 3.43691301346
        dvar: 109.174217224
        dvar2: 326.694641113
        max: 152.224609375
        mean: 1.36028492451
        min: 0
        var: 55.6193695068
    pitch_after_max_to_before_max_energy_ratio: 2.64286398888
    pitch_centroid: 184.13142395
    pitch_max_to_total: 0.133333340287
    pitch_min_to_total: 0.177011489868
    tristimulus:
        dmean: [0.19662566483, 0.201570153236, 0.070468634367]
        dmean2: [0.347073584795, 0.355987906456, 0.126117214561]
        dvar: [0.0404517315328, 0.0406102798879, 0.00836160778999]
        dvar2: [0.107526481152, 0.109710305929, 0.0229596849531]
        max: [1, 0.977197170258, 0.694785416126]
        mean: [0.456980526447, 0.450395286083, 0.0721367523074]
        min: [0.000698246061802, 0, 0]
        var: [0.0572955459356, 0.0556436777115, 0.00917843636125]

tonal:
    chords_changes_rate: 0.0365296788514
    chords_number_rate: 0.0182648394257
    chords_strength:
        dmean: 0.00741067389026
        dmean2: 0.0050278804265
        dvar: 2.6084448109e-05
        dvar2: 1.88701578736e-05
        max: 0.611215949059
        mean: 0.487693637609
        min: 0.383497327566
        var: 0.00264721992426
    key_strength: 0.757498204708
    tuning_diatonic_strength: 0.533725678921
    tuning_equal_tempered_deviation: 0.0148490807042
    tuning_frequency: 440.508575439
    tuning_nontempered_energy_ratio: 0.620502233505
    hpcp:
        dmean: [0.0474558956921, 0.0393180027604, 0.106891177595, 0.1530341506, 0.0963417217135, 0.0470311976969, 0.0395039431751, 0.0312847457826, 0.0792900696397, 0.0907303094864, 0.0647335201502, 0.0205876100808, 0.0143617754802, 0.0146803529933, 0.0478706583381, 0.0675263032317, 0.0724279955029, 0.124031238258, 0.131375104189, 0.0965971723199, 0.0350641347468, 0.0404047444463, 0.078863888979, 0.143427491188, 0.152529701591, 0.137464791536, 0.0505344830453, 0.046953830868, 0.0633850991726, 0.112498685718, 0.124774739146, 0.0892909690738, 0.0534244291484, 0.0493652261794, 0.0386172384024, 0.0452382788062]
        dmean2: [0.0730090215802, 0.0637567043304, 0.161056801677, 0.231458052993, 0.142328545451, 0.0761698111892, 0.0589884966612, 0.049659665674, 0.115542270243, 0.126881822944, 0.0913269668818, 0.0338082127273, 0.0238585714251, 0.0247602388263, 0.0819434002042, 0.105663873255, 0.119041450322, 0.196740657091, 0.192830264568, 0.159783273935, 0.0630860552192, 0.0746697708964, 0.139043733478, 0.2485601753, 0.243424624205, 0.233134180307, 0.0779123008251, 0.0772550031543, 0.105815306306, 0.183999300003, 0.203105047345, 0.141466915607, 0.0900821536779, 0.0784944966435, 0.0654777064919, 0.0712115541101]
        dvar: [0.00673413602635, 0.00517797097564, 0.0211442112923, 0.0388173647225, 0.0157336108387, 0.00631144735962, 0.00375491869636, 0.00356579828076, 0.0194482132792, 0.027522098273, 0.011945922859, 0.0019529403653, 0.000985037186183, 0.000777334731538, 0.015072600916, 0.0166983641684, 0.0171760879457, 0.0305025074631, 0.033400118351, 0.0204178281128, 0.00854744389653, 0.0207147300243, 0.0251863002777, 0.0377779528499, 0.0402601547539, 0.0389044098556, 0.0119001669809, 0.0211513973773, 0.018457910046, 0.025156095624, 0.0310445260257, 0.0160327069461, 0.00957991741598, 0.00999846030027, 0.00913326162845, 0.0111928377301]
        dvar2: [0.014324744232, 0.0102356616408, 0.0448315180838, 0.0687364265323, 0.0345082357526, 0.0166363995522, 0.00719686318189, 0.00796451792121, 0.0410563461483, 0.0450800284743, 0.0279454533011, 0.0046773776412, 0.00220588105731, 0.00202251970768, 0.0424109324813, 0.0386201702058, 0.0426263138652, 0.0843332931399, 0.0649921894073, 0.0399414002895, 0.022606888786, 0.0591224581003, 0.0697950944304, 0.105263747275, 0.0943501293659, 0.107517898083, 0.0235350690782, 0.0537207089365, 0.0478794798255, 0.0603818260133, 0.0638641342521, 0.0459243729711, 0.0238037332892, 0.0213633347303, 0.0250576175749, 0.0310828574002]
        max: [0.874152243137, 0.729511201382, 1, 1, 1, 0.637839734554, 0.628591835499, 0.633788108826, 0.931647062302, 1, 0.865343570709, 0.417012423277, 0.270594030619, 0.205151975155, 1, 1, 1, 1, 1, 1, 1, 0.964713156223, 1, 1, 1, 1, 1, 1, 0.925606667995, 1, 1, 0.975671648979, 0.941671252251, 1, 0.84494715929, 1]
        mean: [0.0817993804812, 0.0577256940305, 0.224430769682, 0.384786486626, 0.213409617543, 0.0917897298932, 0.086416400969, 0.0392800942063, 0.123695485294, 0.196753114462, 0.104095265269, 0.0209514591843, 0.0148526253179, 0.0157989151776, 0.0594025999308, 0.102759510279, 0.0943349301815, 0.257235735655, 0.401758909225, 0.206797286868, 0.0316385142505, 0.0273769274354, 0.0692056566477, 0.280192434788, 0.424127876759, 0.226100489497, 0.0473246648908, 0.0375239402056, 0.0713410973549, 0.285604894161, 0.399054735899, 0.185808643699, 0.0611644722521, 0.0716833025217, 0.0477756857872, 0.0676600858569]
        min: [0.00089011201635, 0.000486397300847, 0.00197675568052, 0.00113491364755, 0.00166623829864, 0.000241782530793, 9.86369486782e-05, 0, 0, 0, 0, 0.000187777462997, 0.000181356503163, 0.00022901732882, 0.000704334874172, 0.000652291404549, 0.00125273189042, 0.00848856382072, 0, 0, 0, 0, 0, 0, 0.00242119259201, 0.0011024576379, 0.000141909564263, 0.000127974155475, 0.000313549127895, 0.000758828711696, 0.00068525475217, 0.00028935825685, 0, 0, 0, 0]
        var: [0.0104325758293, 0.00887499190867, 0.0517619810998, 0.124809540808, 0.0393483415246, 0.0176056865603, 0.0173116344959, 0.00422821380198, 0.0414818674326, 0.0879265591502, 0.0238983910531, 0.00194238789845, 0.00101901008748, 0.00073217402678, 0.0127446763217, 0.0281451679766, 0.0219924002886, 0.0655794069171, 0.141156420112, 0.0451571978629, 0.0082664033398, 0.0127575546503, 0.0240844227374, 0.0958917662501, 0.141268745065, 0.0637834817171, 0.0159475691617, 0.0161395277828, 0.0191001389176, 0.0884153619409, 0.148637399077, 0.0356508158147, 0.0125116314739, 0.0190917626023, 0.00807009264827, 0.0097486609593]
    chords_histogram: [52.9680366516, 1.82648396492, 40.6392707825, 0, 0, 0, 0, 0, 0, 0, 0, 0, 0, 0, 0, 0, 0, 0, 0, 0, 0, 0, 0, 4.56621026993]
    thpcp: [1, 0.533095121384, 0.111581124365, 0.0884731784463, 0.168206572533, 0.673393368721, 0.940883040428, 0.438095808029, 0.144212335348, 0.169013425708, 0.112644530833, 0.159527555108, 0.192864894867, 0.13610444963, 0.529158234596, 0.90724170208, 0.503172814846, 0.216419935226, 0.203750818968, 0.0926138013601, 0.291646689177, 0.463900446892, 0.245433673263, 0.0493989214301, 0.0350192151964, 0.0372503586113, 0.140058234334, 0.242284268141, 0.222420960665, 0.606505155563, 0.947258889675, 0.48758238554, 0.0745966359973, 0.0645487606525, 0.163171678782, 0.66063195467]
    chords_key: "D#"
    chords_scale: "major"
    key_key: "D#"
    key_scale: "major"
    chords_progression: ["A#", "A#", "A#", "A#", "A#", "A#", "A#", "A#", "A#", "A#", "A#", "A#", "A#", "D#", "D#", "D#", "D#", "D#", "D#", "D#", "D#", "D#", "D#", "D#", "D#", "D#", "D#", "D#", "D#", "D#", "D#", "D#", "D#", "D#", "D#", "D#", "D#", "D#", "D#", "D#", "D#", "D#", "D#", "D#", "D#", "D#", "D#", "D#", "D#", "D#", "D#", "D#", "D#", "D#", "D#", "D#", "D#", "D#", "A#", "A#", "A#", "A#", "A#", "A#", "A#", "A#", "A#", "A#", "A#", "A#", "A#", "A#", "A#", "A#", "A#", "A#", "A#", "A#", "A#", "A#", "A#", "A#", "A#", "A#", "A#", "A#", "A#", "A#", "A#", "A#", "A#", "D#", "D#", "D#", "D#", "D#", "D#", "D#", "D#", "D#", "D#", "D#", "D#", "D#", "D#", "D#", "D#", "D#", "D#", "D#", "D#", "D#", "D#", "D#", "D#", "D#", "Gm", "Gm", "Gm", "Gm", "D#", "D#", "D#", "D#", "D#", "D#", "D#", "D#", "A#", "A#", "A#", "A#", "A#", "A#", "A#", "A#", "A#", "A#", "A#", "A#", "A#", "A#", "A#", "A#", "A#", "A#", "A#", "A#", "A#", "A#", "A#", "A#", "A#", "A#", "A#", "A#", "A#", "A#", "A#", "A#", "A#", "A#", "A#", "A#", "A#", "A#", "A#", "A#", "A#", "A#", "A#", "D#", "D#", "D#", "D#", "D#", "D#", "D#", "D#", "D#", "D#", "D#", "D#", "D#", "D#", "D#", "D#", "D#", "D#", "D#", "D#", "D#", "D#", "D#", "D#", "D#", "D#", "D#", "D#", "D#", "D#", "D#", "D#", "D#", "D#", "D#", "D#", "D#", "D#", "Cm", "Cm", "Cm", "Cm", "Cm", "Cm", "Cm", "Cm", "Cm", "Cm"]
