
metadata:
    version:
        essentia: "1.2.2"
    audio_properties:
        analysis_sample_rate: 44100
        bitrate: 128
        channels: 2
        equal_loudness: 1
        length: 10.0048980713
        replay_gain: -12.7563457489
        downmix: "mix"
    tags:
        track: 11
        year: 0
        album: "Splitted by Mp3Splt v. 2.1"
        artist: "From 001.40 To 001.50"
        comment: "http://mp3splt.sf.net"
        genre: ""
        title: "04 I Need Your Love.mp3"

highlevel:
    ballroom:
        all:
            ChaChaCha: 0.584159255028
            Jive: 0.261287003756
            Quickstep: 0.00965561158955
            Rumba-American: 0.0191862881184
            Rumba-International: 0.0507539212704
            Rumba-Misc: 0.0107856178656
            Samba: 0.0532266683877
            Tango: 0.00295305508189
            VienneseWaltz: 0.00462081795558
            Waltz: 0.00337176350877
        probability: 0.584159255028
        value: "ChaChaCha"
    culture:
        all:
            non_western: 0.518429338932
            western: 0.481570661068
        probability: 0.518429338932
        value: "non_western"
    gender:
        all:
            female: 0.781652152538
            male: 0.218347877264
        probability: 0.781652152538
        value: "female"
    genre_dortmund:
        all:
            alternative: 0.0905268713832
            blues: 0.0239967368543
            electronic: 0.0981334224343
            folkcountry: 0.062329556793
            funksoulrnb: 0.0374955050647
            jazz: 0.0519557520747
            pop: 0.0854861736298
            raphiphop: 0.129591748118
            rock: 0.420484244823
        probability: 0.420484244823
        value: "rock"
    genre_electronica:
        all:
            ambient: 0.248952582479
            dnb: 0.194760844111
            house: 0.127649366856
            techno: 0.0632517486811
            trance: 0.365385442972
        probability: 0.365385442972
        value: "trance"
    genre_rosamerica:
        all:
            cla: 0.00440221885219
            dan: 0.246425241232
            hip: 0.00421123206615
            jaz: 0.00530189182609
            pop: 0.583504855633
            rhy: 0.0437949746847
            roc: 0.111096724868
            spe: 0.00126283452846
        probability: 0.583504855633
        value: "pop"
    genre_tzanetakis:
        all:
            blu: 0.00343378144316
            cla: 0.0177842024714
            cou: 0.0372555181384
            dis: 0.26165920496
            hip: 0.0116030341014
            jaz: 0.00853435136378
            met: 0.00705327652395
            pop: 0.364003419876
            reg: 0.253159314394
            roc: 0.0355138890445
        probability: 0.364003419876
        value: "pop"
    live_studio:
        all:
            live: 0.00721029564738
            studio: 0.992789685726
        probability: 0.992789685726
        value: "studio"
    mood:
        all:
            Cluster1: 0.0188107397407
            Cluster2: 0.0606303811073
            Cluster3: 0.576232194901
            Cluster4: 0.323951274157
            Cluster5: 0.0203754026443
        probability: 0.576232194901
        value: "Cluster3"
    mood_acoustic:
        all:
            acoustic: 0.0219663828611
            not_acoustic: 0.978033602238
        probability: 0.978033602238
        value: "not_acoustic"
    mood_aggressive:
        all:
            aggressive: 0.039951197803
            not_aggressive: 0.960048794746
        probability: 0.960048794746
        value: "not_aggressive"
    mood_electronic:
        all:
            electronic: 0.555351495743
            not_electronic: 0.444648504257
        probability: 0.555351495743
        value: "electronic"
    mood_happy:
        all:
            happy: 0.90054422617
            not_happy: 0.0994557887316
        probability: 0.90054422617
        value: "happy"
    mood_party:
        all:
            not_party: 0.396539002657
            party: 0.603460967541
        probability: 0.603460967541
        value: "party"
    mood_relaxed:
        all:
            not_relaxed: 0.521131932735
            relaxed: 0.478868097067
        probability: 0.521131932735
        value: "not_relaxed"
    mood_sad:
        all:
            not_sad: 0.865587115288
            sad: 0.134412869811
        probability: 0.865587115288
        value: "not_sad"
    rhythm:
        all:
            fast: 0.969870328903
            medium: 0.0113799488172
            slow: 0.0187497418374
        probability: 0.969870328903
        value: "fast"
    speech_music:
        all:
            music: 0.999999880791
            speech: 1.00000008274e-07
        probability: 0.999999880791
        value: "music"
    timbre:
        all:
            bright: 0.566734373569
            dark: 0.433265626431
        probability: 0.566734373569
        value: "bright"
    voice_instrumental:
        all:
            instrumental: 0.999989569187
            voice: 1.04030978036e-05
        probability: 0.999989569187
        value: "instrumental"

lowlevel:
    average_loudness: 0.984616696835
    barkbands_kurtosis:
        dmean: 2.86488366127
        dmean2: 4.58362150192
        dvar: 34.2971878052
        dvar2: 82.5522460938
        max: 46.7240066528
        mean: 2.10329461098
        min: -1.87200140953
        var: 35.376750946
    barkbands_skewness:
        dmean: 0.677419662476
        dmean2: 1.05471587181
        dvar: 0.636642038822
        dvar2: 1.41679489613
        max: 5.99311685562
        mean: -0.106858201325
        min: -3.5121178627
        var: 2.21676659584
    barkbands_spread:
        dmean: 7.19897985458
        dmean2: 10.6731710434
        dvar: 68.7167510986
        dvar2: 155.007598877
        max: 76.2657699585
        mean: 21.9755859375
        min: 2.21158146858
        var: 152.756164551
    dissonance:
        dmean: 0.0218107104301
        dmean2: 0.0338227711618
        dvar: 0.000392653630115
        dvar2: 0.000913646246772
        max: 0.499772340059
        mean: 0.459200769663
        min: 0.341665029526
        var: 0.000864992791321
    hfc:
        dmean: 3.45605826378
        dmean2: 4.68600082397
        dvar: 14.7177066803
        dvar2: 32.2113571167
        max: 30.0613460541
        mean: 7.63037776947
        min: 0.0928102955222
        var: 39.9466438293
    pitch:
        dmean: 530.936279297
        dmean2: 1021.63891602
        dvar: 935542.25
        dvar2: 2332960.75
        max: 4410
        mean: 738.567565918
        min: 65.3333358765
        var: 815730.1875
    pitch_instantaneous_confidence:
        dmean: 0.127823844552
        dmean2: 0.19880720973
        dvar: 0.0154824443161
        dvar2: 0.0280842129141
        max: 0.971904635429
        mean: 0.536870181561
        min: 0.122998356819
        var: 0.0481307320297
    pitch_salience:
        dmean: 0.0824172273278
        dmean2: 0.129727840424
        dvar: 0.00474127568305
        dvar2: 0.0110410992056
        max: 0.858811020851
        mean: 0.56779551506
        min: 0.313041448593
        var: 0.0102308252826
    silence_rate_20dB:
        dmean: 0
        dmean2: 0
        dvar: 0
        dvar2: 0
        max: 1
        mean: 1
        min: 1
        var: 0
    silence_rate_30dB:
        dmean: 0
        dmean2: 0
        dvar: 0
        dvar2: 0
        max: 1
        mean: 1
        min: 1
        var: 0
    silence_rate_60dB:
        dmean: 0.190255224705
        dmean2: 0.379069775343
        dvar: 0.154058352113
        dvar2: 0.27723506093
        max: 1
        mean: 0.416666656733
        min: 0
        var: 0.243056416512
    spectral_centroid:
        dmean: 358.540039062
        dmean2: 547.328735352
        dvar: 207763.03125
        dvar2: 476115.03125
        max: 4008.49462891
        mean: 1708.62573242
        min: 165.941955566
        var: 661054.1875
    spectral_complexity:
        dmean: 5.23488378525
        dmean2: 7.29836845398
        dvar: 37.1565093994
        dvar2: 69.5380477905
        max: 45
        mean: 11.5916471481
        min: 0
        var: 84.0049362183
    spectral_crest:
        dmean: 2.60979127884
        dmean2: 4.13943338394
        dvar: 6.39080286026
        dvar2: 11.9325838089
        max: 23.9415817261
        mean: 8.69556713104
        min: 2.46788430214
        var: 16.5079154968
    spectral_decrease:
        dmean: 4.17604922864e-10
        dmean2: 6.4264948918e-10
        dvar: 3.1822188757e-19
        dvar2: 8.11640370385e-19
        max: -1.27921388759e-11
        mean: -9.76847713829e-10
        min: -4.24463264537e-09
        var: 5.4695570586e-19
    spectral_energy:
        dmean: 0.00185791309923
        dmean2: 0.00279139028862
        dvar: 5.53709924134e-06
        dvar2: 1.38154991873e-05
        max: 0.0187468864024
        mean: 0.00437894603238
        min: 5.6698678236e-05
        var: 1.05539793367e-05
    spectral_energyband_high:
        dmean: 0.000216099666432
        dmean2: 0.000303862732835
        dvar: 1.54668754249e-07
        dvar2: 3.52832813633e-07
        max: 0.00261117774062
        mean: 0.000249556993367
        min: 2.74319944538e-07
        var: 1.84509190149e-07
    spectral_energyband_low:
        dmean: 0.000379487493774
        dmean2: 0.00064530299278
        dvar: 7.38873211503e-07
        dvar2: 1.94748372451e-06
        max: 0.0050549376756
        mean: 0.00046672867029
        min: 3.61705776442e-09
        var: 7.14139275715e-07
    spectral_energyband_middle_high:
        dmean: 0.00105509860441
        dmean2: 0.00146830931772
        dvar: 1.25108851989e-06
        dvar2: 2.46728427555e-06
        max: 0.0102759618312
        mean: 0.00267170974985
        min: 1.55404668476e-05
        var: 5.13506211064e-06
    spectral_energyband_middle_low:
        dmean: 0.000614022661466
        dmean2: 0.0010527158156
        dvar: 1.09704274109e-06
        dvar2: 3.15939519169e-06
        max: 0.00604357849807
        mean: 0.000990950036794
        min: 7.27559518054e-06
        var: 1.12552720566e-06
    spectral_flatness_db:
        dmean: 0.0336459949613
        dmean2: 0.0495775267482
        dvar: 0.00110868085176
        dvar2: 0.00203190278262
        max: 0.357927292585
        mean: 0.176643595099
        min: 0.055277209729
        var: 0.00290895369835
    spectral_flux:
        dmean: 0.0155126079917
        dmean2: 0.0235069897026
        dvar: 0.000264966773102
        dvar2: 0.000544020615052
        max: 0.123580060899
        mean: 0.0363732874393
        min: 0.00389625225216
        var: 0.000497735280078
    spectral_kurtosis:
        dmean: 3.14054489136
        dmean2: 5.14697027206
        dvar: 16.7914161682
        dvar2: 40.7096443176
        max: 39.2085494995
        mean: 6.10353088379
        min: -0.522206783295
        var: 25.6584434509
    spectral_rms:
        dmean: 0.000448367994977
        dmean2: 0.000645921274554
        dvar: 2.64645962034e-07
        dvar2: 5.69270184769e-07
        max: 0.00427663931623
        mean: 0.00190448155627
        min: 0.000235193074332
        var: 6.45094189622e-07
    spectral_rolloff:
        dmean: 586.704406738
        dmean2: 978.781555176
        dvar: 626050.75
        dvar2: 1299054.5
        max: 5749.36523438
        mean: 2735.81591797
        min: 172.265625
        var: 1321821.75
    spectral_skewness:
        dmean: 0.381010860205
        dmean2: 0.601714849472
        dvar: 0.17791312933
        dvar2: 0.413683831692
        max: 5.26704549789
        mean: 1.72220242023
        min: 0.530181527138
        var: 0.342779248953
    spectral_spread:
        dmean: 1213461.75
        dmean2: 1681250.5
        dvar: 2.74197957837e+12
        dvar2: 3.96302116454e+12
        max: 12375020
        mean: 5227407
        min: 1608184.25
        var: 1.00461067633e+13
    spectral_strongpeak:
        dmean: 0.646442949772
        dmean2: 1.00872707367
        dvar: 1.07788944244
        dvar2: 2.39032411575
        max: 7.95350408554
        mean: 1.67773747444
        min: 0.00953406468034
        var: 3.43328952789
    zerocrossingrate:
        dmean: 0.0137377362698
        dmean2: 0.0155384978279
        dvar: 0.000201269722311
        dvar2: 0.00023953494383
        max: 0.18017578125
        mean: 0.0915952175856
        min: 0.0107421875
        var: 0.00127040478401
    barkbands:
        dmean: [1.62945767102e-07, 0.000121784338262, 0.000299038976664, 0.000294801808195, 0.000132384288008, 6.58965218463e-05, 5.76265556447e-05, 8.02810827736e-05, 0.000105135368358, 0.000126547442051, 8.72329546837e-05, 4.92187136842e-05, 0.000167710153619, 4.66623532702e-05, 0.000164519718965, 0.000250538694672, 0.000273382727755, 0.000189555619727, 0.000169051127159, 0.000121185774333, 8.15637831693e-05, 2.67267332674e-05, 1.37662773341e-05, 1.14580161608e-05, 2.23895258387e-05, 1.51934079895e-06, 2.90645818524e-09]
        dmean2: [2.78936084896e-07, 0.000199973743293, 0.00051759427879, 0.000537812651601, 0.000228769466048, 0.000114300833957, 9.1683890787e-05, 0.000122570127132, 0.000154120629304, 0.000180908144102, 0.000117493313155, 7.84679723438e-05, 0.000237302403548, 7.31179461582e-05, 0.000270102638751, 0.000361936865374, 0.000424174009822, 0.00030460866401, 0.000262516230578, 0.000186585311894, 0.000118329990073, 4.25668586104e-05, 2.0307406885e-05, 1.65936362464e-05, 3.22423475154e-05, 2.25964913625e-06, 4.46407844024e-09]
        dvar: [1.16439776115e-13, 7.27545170776e-08, 4.51322136996e-07, 4.7682928539e-07, 6.72739517427e-08, 1.71986176412e-08, 7.57702878218e-09, 1.48729260019e-08, 1.81100148211e-08, 4.91857186091e-08, 1.7655525042e-08, 5.60994717347e-09, 6.37305532791e-08, 9.5657544108e-09, 5.09830258011e-08, 1.98957010866e-07, 2.3733916521e-07, 8.8721108682e-08, 4.72776200411e-08, 3.19352722045e-08, 2.36186252778e-08, 4.04953492961e-09, 9.30273857946e-10, 6.54644560782e-10, 2.82281398256e-09, 1.41156470193e-11, 5.11447294754e-17]
        dvar2: [3.07380585828e-13, 1.81197137294e-07, 1.24561722714e-06, 1.370191967e-06, 1.84689639582e-07, 4.93485678987e-08, 1.52422607869e-08, 2.63164547931e-08, 3.05521865585e-08, 7.53142970211e-08, 2.75503690972e-08, 1.31477451148e-08, 1.2385403636e-07, 2.57527403846e-08, 1.22569275618e-07, 4.08944629271e-07, 4.56213541611e-07, 2.43161167646e-07, 1.20448120811e-07, 7.71358870111e-08, 5.0684363373e-08, 1.05782174131e-08, 2.13899054025e-09, 1.42809908343e-09, 6.13049300213e-09, 3.08395531334e-11, 1.211572502e-16]
        max: [3.21082984556e-06, 0.00175917579327, 0.00380689837039, 0.00377716170624, 0.00148604810238, 0.00101350736804, 0.000663540384267, 0.00127512321342, 0.000948366476223, 0.00173720926978, 0.00144333171193, 0.000456793088233, 0.00172413955443, 0.000865862180945, 0.00268456852064, 0.00517409155145, 0.00509568070993, 0.00265195267275, 0.00193188467529, 0.00140862283297, 0.00114089436829, 0.000458581926068, 0.000189889688045, 0.000165393139469, 0.000353203096893, 2.22477865464e-05, 5.66732651919e-08]
        mean: [1.52444599166e-07, 0.000136587565066, 0.000329991569743, 0.000318611622788, 0.000204377429327, 7.91861893958e-05, 8.58010316733e-05, 0.000110731118184, 0.000167311096448, 0.00017484423006, 0.000134121757583, 6.14472592133e-05, 0.000222555943765, 6.1838014517e-05, 0.000362341408618, 0.000639858888462, 0.00044226492173, 0.000232711361605, 0.000291814270895, 0.000150936684804, 9.61601544986e-05, 2.69511001534e-05, 1.35244763442e-05, 1.16420196719e-05, 2.17164306378e-05, 1.4684570715e-06, 2.66913025015e-09]
        min: [7.76776074018e-11, 1.5592614977e-09, 1.40900757728e-09, 8.16642697909e-10, 7.55953948328e-08, 5.07434236852e-08, 5.91405751038e-08, 7.36792813427e-08, 4.21760489644e-07, 9.30022224566e-07, 2.17541781922e-07, 3.83115548175e-08, 4.19510087113e-07, 1.27223486857e-07, 3.13952170927e-07, 7.69571272485e-07, 6.01538602041e-07, 5.50481900063e-07, 7.38154312785e-07, 3.17472512279e-07, 1.43998860835e-07, 1.47259973104e-08, 4.1109577964e-09, 1.68101532694e-09, 6.65786481502e-10, 2.96053251359e-11, 1.99528720911e-13]
        var: [9.89795471604e-14, 6.89225743145e-08, 4.0420175651e-07, 3.54246736833e-07, 8.06760596106e-08, 1.51168055851e-08, 1.47532652761e-08, 2.54550531764e-08, 3.59760541357e-08, 8.83294788423e-08, 4.11828828817e-08, 8.56886384071e-09, 1.02249970269e-07, 1.05953050777e-08, 2.45941265575e-07, 8.86704583536e-07, 5.8046975937e-07, 9.54744692194e-08, 9.43116731378e-08, 3.93475474425e-08, 2.87894810214e-08, 3.53568418987e-09, 1.02975228344e-09, 7.90348397839e-10, 3.2650329107e-09, 1.58791799154e-11, 5.29200906805e-17]
    mfcc:
        mean: [-746.714904785, 103.835365295, -60.837310791, 37.3941345215, -2.17095971107, -6.31209135056, 6.47233581543, -2.74457073212, 5.03890180588, 0.842399656773, -5.04017400742, -4.78421831131, -2.93994092941]
        cov: [[5647.86376953, -1069.92980957, -3.7136824131, -247.734191895, -148.836181641, -27.9313564301, -184.590591431, -49.0626945496, -14.3399400711, 21.2864990234, 5.90156650543, 56.9859046936, 99.1500015259], [-1069.92980957, 2495.40893555, -431.113555908, 576.642883301, 98.1143188477, 131.522415161, -22.5877838135, 50.7096786499, -177.856719971, -89.1033630371, -37.274269104, 0.248659148812, -23.548948288], [-3.7136824131, -431.113555908, 1327.82702637, 246.633026123, 375.70211792, 343.743927002, 241.659103394, 132.024139404, 38.270149231, -28.5106220245, 67.9630203247, 26.6074485779, -105.44707489], [-247.734191895, 576.642883301, 246.633026123, 679.238525391, 457.97164917, 260.679260254, 122.308631897, 168.835922241, 85.4306564331, 54.6021347046, 30.8736495972, -14.5082931519, -25.038942337], [-148.836181641, 98.1143188477, 375.70211792, 457.97164917, 531.981811523, 250.822845459, 192.98638916, 146.591903687, 122.434547424, 49.8309898376, 29.3750076294, -4.33623313904, -11.081287384], [-27.9313564301, 131.522415161, 343.743927002, 260.679260254, 250.822845459, 272.466369629, 143.062103271, 105.23160553, 27.9188957214, 18.3117694855, 23.353017807, 14.8030185699, -33.8524856567], [-184.590591431, -22.5877838135, 241.659103394, 122.308631897, 192.98638916, 143.062103271, 195.338577271, 65.8033370972, 36.0842018127, -6.62173986435, 18.174747467, 17.0084991455, -3.97053050995], [-49.0626945496, 50.7096786499, 132.024139404, 168.835922241, 146.591903687, 105.23160553, 65.8033370972, 115.706535339, 71.529510498, 45.1835975647, 10.067276001, -0.522567391396, -8.10695934296], [-14.3399400711, -177.856719971, 38.270149231, 85.4306564331, 122.434547424, 27.9188957214, 36.0842018127, 71.529510498, 204.807952881, 113.891921997, 17.9722499847, -28.6181755066, 15.2349243164], [21.2864990234, -89.1033630371, -28.5106220245, 54.6021347046, 49.8309898376, 18.3117694855, -6.62173986435, 45.1835975647, 113.891921997, 139.008255005, 24.3096675873, -22.4534912109, 5.46190881729], [5.90156650543, -37.274269104, 67.9630203247, 30.8736495972, 29.3750076294, 23.353017807, 18.174747467, 10.067276001, 17.9722499847, 24.3096675873, 67.2451553345, 21.8079471588, -9.94631385803], [56.9859046936, 0.248659148812, 26.6074485779, -14.5082931519, -4.33623313904, 14.8030185699, 17.0084991455, -0.522567391396, -28.6181755066, -22.4534912109, 21.8079471588, 68.7732315063, 13.5654335022], [99.1500015259, -23.548948288, -105.44707489, -25.038942337, -11.081287384, -33.8524856567, -3.97053050995, -8.10695934296, 15.2349243164, 5.46190881729, -9.94631385803, 13.5654335022, 89.6511077881]]
        icov: [[0.000219273468247, 0.000130659362185, 3.38293211826e-05, -2.36042578763e-05, 7.68034988141e-06, -0.000324406835716, 0.000426338228863, -1.3030980881e-05, 6.76849667798e-05, 6.95335183991e-05, -1.82515032066e-05, -0.000124001744553, -0.000277832354186], [0.000130659362185, 0.000882065040059, 0.000437704031356, -0.00123937311582, 0.000654420931824, -0.000537771964446, 8.36684048409e-05, 4.70373779535e-05, 0.000603842840064, 0.000396415940486, 0.000211938444409, -0.000102721372969, 5.39432476216e-05], [3.38293211826e-05, 0.000437704031356, 0.00163075828459, 1.87266468856e-05, -0.000370124878827, -0.00157900620252, -0.00016668139142, -0.000392211892176, 4.35580441263e-05, 0.00117568881251, -0.000934075273108, 0.000178119022166, 0.00110643031076], [-2.36042578763e-05, -0.00123937311582, 1.87266468856e-05, 0.00692249368876, -0.00504691712558, -0.00145058147609, 0.00268088676967, -0.00350561365485, 0.000384979794035, 9.8000462458e-05, -0.00210191425867, 0.00169443385676, -0.00027483064332], [7.68034988141e-06, 0.000654420931824, -0.000370124878827, -0.00504691712558, 0.00833593681455, -0.00111627858132, -0.00375299644656, 0.00107811787166, -0.00217204354703, 0.000574235105887, 0.000961451616604, -0.000114466442028, -0.000683265039697], [-0.000324406835716, -0.000537771964446, -0.00157900620252, -0.00145058147609, -0.00111627858132, 0.0123555129394, -0.00482403952628, -0.00347174727358, 0.00272271037102, -0.00319950049743, 0.00131180731114, -0.00172821944579, 0.00209435075521], [0.000426338228863, 8.36684048409e-05, -0.00016668139142, 0.00268088676967, -0.00375299644656, -0.00482403952628, 0.0125568974763, -0.00215975823812, -0.00126711197663, 0.0035678264685, -0.00192020414397, -0.000407703511883, -0.00197484437376], [-1.3030980881e-05, 4.70373779535e-05, -0.000392211892176, -0.00350561365485, 0.00107811787166, -0.00347174727358, -0.00215975823812, 0.0210710633546, -0.00493338378146, -0.00278655416332, 0.00382388127036, -0.0034749826882, 0.00117661210243], [6.76849667798e-05, 0.000603842840064, 4.35580441263e-05, 0.000384979794035, -0.00217204354703, 0.00272271037102, -0.00126711197663, -0.00493338378146, 0.0131020648405, -0.00785294547677, -0.000716097303666, 0.0030264640227, -0.0017855623737], [6.95335183991e-05, 0.000396415940486, 0.00117568881251, 9.8000462458e-05, 0.000574235105887, -0.00319950049743, 0.0035678264685, -0.00278655416332, -0.00785294547677, 0.0170558318496, -0.00608256505802, 0.00370222120546, -0.000733332883101], [-1.82515032066e-05, 0.000211938444409, -0.000934075273108, -0.00210191425867, 0.000961451616604, 0.00131180731114, -0.00192020414397, 0.00382388127036, -0.000716097303666, -0.00608256505802, 0.022084467113, -0.00980022456497, 0.00369040248916], [-0.000124001744553, -0.000102721372969, 0.000178119022166, 0.00169443385676, -0.000114466442028, -0.00172821944579, -0.000407703511883, -0.0034749826882, 0.0030264640227, 0.00370222120546, -0.00980022456497, 0.0220049805939, -0.0053629106842], [-0.000277832354186, 5.39432476216e-05, 0.00110643031076, -0.00027483064332, -0.000683265039697, 0.00209435075521, -0.00197484437376, 0.00117661210243, -0.0017855623737, -0.000733332883101, 0.00369040248916, -0.0053629106842, 0.0149947423488]]
    spectral_contrast:
        mean: [-1.71596724385e-07, 3.4929999515e-07, 2.93381731353e-07, -1.47913908677e-07, -4.55712779512e-07, -1.09148409422e-07, -5.28942837263e-06, 8.21603691747e-07, -1.25688359276e-06, -1.55995451223e-06, 9.90737021311e-07, -1.48638218889e-06]
        var: [0.00062919681659, 0.00124972336926, 0.00205138605088, 0.00279706949368, 0.00580418622121, 0.0141759384423, 0.0559743717313, 0.0952763780951, 0.256397128105, 0.86538618803, 1.49321234226, 4.43384027481]

rhythm:
    beats_loudness:
        dmean: 0.00160929746926
        dmean2: 0.00273585319519
        dvar: 1.31669230541e-06
        dvar2: 3.64324500879e-06
        max: 0.0100697707385
        mean: 0.00791776739061
        min: 0.00481500243768
        var: 1.5699274627e-06
    beats_loudness_bass:
        dmean: 0.118993207812
        dmean2: 0.190474659204
        dvar: 0.00639492506161
        dvar2: 0.0157978516072
        max: 0.510692000389
        mean: 0.272888928652
        min: 0.140142142773
        var: 0.00995620340109
    bpm: 125.813941956
    bpm_confidence: 0
    first_peak_bpm: 126
    first_peak_spread: 0
    first_peak_weight: 0.949999988079
    onset_rate: 4.99755191803
    second_peak_bpm: 114
    second_peak_spread: 0
    second_peak_weight: 0.0500000007451
    beats_position: [0.100862242281, 0.577856063843, 1.05484998226, 1.53184378147, 2.00883769989, 2.4858314991, 2.96282529831, 3.43981933594, 3.91681289673, 4.39380645752, 4.87080049515, 5.34779405594, 5.82478761673, 6.34952163696, 6.82632732391, 7.30313205719, 7.77993679047, 8.25674152374, 8.73354721069, 9.21035194397, 9.68715667725]
    bpm_estimates: [125.934257507, 125.796714783, 125.896995544, 125.734161377, 125.793716431, 125.618644714, 125.768043518, 125.73575592, 125.775527954, 125.824699402, 126.014709473, 125.798561096, 125.919364929, 125.765480042, 125.88482666, 125.846565247, 125.802505493, 125.839073181, 125.744163513, 125.765815735, 125.833068848]
    bpm_intervals: [0.476993829012, 0.476993918419, 0.47699379921, 0.476993918419, 0.47699379921, 0.47699379921, 0.476994037628, 0.476993560791, 0.476993560791, 0.476994037628, 0.476993560791, 0.476993560791, 0.524734020233, 0.476805686951, 0.476804733276, 0.476804733276, 0.476804733276, 0.476805686951, 0.476804733276, 0.476804733276]
    onset_times: [0.0348299331963, 0.348299324512, 0.580498874187, 0.812698423862, 0.96362811327, 1.06811785698, 1.30031740665, 1.54412698746, 1.75310659409, 1.92725622654, 2.26394557953, 2.49614500999, 2.73995471001, 2.89088439941, 2.97215414047, 3.21596360207, 3.45977330208, 3.68036270142, 3.85451245308, 3.97061228752, 4.17959165573, 4.41179132462, 4.65560102463, 4.79492044449, 4.8994102478, 5.13160991669, 5.3754196167, 5.60761928558, 5.7701587677, 6.09523820877, 6.33904743195, 6.58285713196, 6.73378705978, 6.81505680084, 7.05886602402, 7.30267572403, 7.52326536179, 7.6858048439, 7.80190467834, 8.01088428497, 8.25469398499, 8.498503685, 8.63782310486, 8.74231338501, 8.97451210022, 9.21832180023, 9.42730140686, 9.6014509201, 9.70594120026, 9.93814086914]
    rubato_start: []
    rubato_stop: []
    perceptual_tempo: "unknown"

sfx:
    inharmonicity:
        dmean: 0.0673245415092
        dmean2: 0.119741126895
        dvar: 0.00623499136418
        dvar2: 0.0162295084447
        max: 0.407909870148
        mean: 0.073736526072
        min: 0.000296567595797
        var: 0.00694561237469
    oddtoevenharmonicenergyratio:
        dmean: 18.597776413
        dmean2: 36.787689209
        dvar: 42617.3867188
        dvar2: 127774.46875
        max: 3031.48364258
        mean: 9.99879550934
        min: 0.00092297734227
        var: 21371.8378906
    pitch_after_max_to_before_max_energy_ratio: 0.977454066277
    pitch_centroid: 222.258590698
    pitch_max_to_total: 0.510440826416
    pitch_min_to_total: 0.890951275826
    tristimulus:
        dmean: [0.167729601264, 0.30365434289, 0.134604156017]
        dmean2: [0.298507004976, 0.544302046299, 0.239134430885]
        dvar: [0.0309792235494, 0.0693295374513, 0.0210148300976]
        dvar2: [0.0749359950423, 0.180966228247, 0.0563190430403]
        max: [0.918341457844, 0.975697815418, 0.856570363045]
        mean: [0.263895779848, 0.518636286259, 0.120919562876]
        min: [0.00416751950979, 0, 0]
        var: [0.0462080091238, 0.0896600410342, 0.0222514234483]

tonal:
    chords_changes_rate: 0.0875576063991
    chords_number_rate: 0.0230414755642
    chords_strength:
        dmean: 0.00979949347675
        dmean2: 0.01024137903
        dvar: 5.29154858668e-05
        dvar2: 7.08343432052e-05
        max: 0.736056506634
        mean: 0.626319289207
        min: 0.498280704021
        var: 0.00291637633927
    key_strength: 0.794433653355
    tuning_diatonic_strength: 0.620133042336
    tuning_equal_tempered_deviation: 0.1490675807
    tuning_frequency: 443.828887939
    tuning_nontempered_energy_ratio: 0.824271857738
    hpcp:
        dmean: [0.195329800248, 0.0913741737604, 0.062673650682, 0.0627268478274, 0.0604838654399, 0.0961717441678, 0.137969583273, 0.126480937004, 0.164876744151, 0.207470059395, 0.11052082479, 0.0792296081781, 0.0729148462415, 0.0847561955452, 0.146881267428, 0.157815381885, 0.0817971080542, 0.0432487763464, 0.0401056706905, 0.0697934478521, 0.206278070807, 0.231295570731, 0.18359786272, 0.192485019565, 0.146051108837, 0.0716294646263, 0.063320748508, 0.0443009138107, 0.050245039165, 0.117530040443, 0.141523033381, 0.114184655249, 0.0864191204309, 0.0808187872171, 0.0785095542669, 0.17579755187]
        dmean2: [0.289947479963, 0.141218319535, 0.106980748475, 0.109562024474, 0.102985441685, 0.154697716236, 0.224160060287, 0.213435947895, 0.275168389082, 0.342923849821, 0.187960639596, 0.123765788972, 0.120058469474, 0.143276140094, 0.227251574397, 0.263683855534, 0.130961328745, 0.0711223185062, 0.0681356936693, 0.116274543107, 0.332480818033, 0.366425126791, 0.298323214054, 0.317843496799, 0.220243215561, 0.114687822759, 0.110831409693, 0.0774194151163, 0.0849780216813, 0.197831243277, 0.245262250304, 0.198726862669, 0.143996536732, 0.141414806247, 0.127705961466, 0.265792697668]
        dvar: [0.0449920333922, 0.0125455213711, 0.00939167942852, 0.0179222207516, 0.01355535537, 0.0152297252789, 0.0389530919492, 0.0249044392258, 0.0353880114853, 0.0498337112367, 0.0236877910793, 0.0135295493528, 0.00843388028443, 0.0148836588487, 0.0402251966298, 0.0482418946922, 0.0116375628859, 0.00395122403279, 0.0048184893094, 0.0146249867976, 0.0562575049698, 0.0585479401052, 0.0366902127862, 0.0562586113811, 0.031504817307, 0.0151956509799, 0.019235458225, 0.00610039010644, 0.0121353799477, 0.0286779552698, 0.0461297668517, 0.037368401885, 0.0239092279226, 0.0249385144562, 0.017016382888, 0.0418183021247]
        dvar2: [0.0862395092845, 0.029499605298, 0.0257435757667, 0.0511588044465, 0.0383927561343, 0.0359969548881, 0.080155171454, 0.0694965869188, 0.0867434218526, 0.136495560408, 0.062756754458, 0.0347406379879, 0.0220576580614, 0.0390622504056, 0.0839906930923, 0.109354577959, 0.0300970263779, 0.010019111447, 0.0125780263916, 0.0402407348156, 0.120055295527, 0.114285498857, 0.0929934754968, 0.105142496526, 0.0682472884655, 0.0409722700715, 0.0539898015559, 0.0165839977562, 0.0329682044685, 0.0747928991914, 0.122664690018, 0.101232908666, 0.0662847533822, 0.0701528042555, 0.0476688742638, 0.0834918767214]
        max: [1, 0.748250007629, 0.726979136467, 0.907281935215, 1, 0.716572225094, 1, 1, 1, 1, 1, 1, 0.58206987381, 0.789851129055, 1, 1, 0.712919473648, 0.666450798512, 0.690223157406, 0.887812852859, 1, 1, 1, 1, 1, 1, 1, 0.589387059212, 0.951233804226, 0.984308183193, 1, 1, 1, 1, 0.882714211941, 1]
        mean: [0.296571850777, 0.132308006287, 0.0566552244127, 0.0510092452168, 0.0557112768292, 0.178104102612, 0.280619412661, 0.233107507229, 0.353807121515, 0.38194796443, 0.171763077378, 0.088468156755, 0.0746280103922, 0.0907338112593, 0.199018836021, 0.19959667325, 0.0854610353708, 0.0420171134174, 0.0335565023124, 0.071368791163, 0.283770859241, 0.392628401518, 0.272926032543, 0.269545167685, 0.223009198904, 0.0948532745242, 0.0619412027299, 0.0428518429399, 0.0529290437698, 0.12324206531, 0.137604951859, 0.0970206484199, 0.0854992866516, 0.0725985467434, 0.0904843136668, 0.254556179047]
        min: [0.00277558784001, 0.00130964629352, 0.00014828289568, 8.47587361932e-05, 0.000407486309996, 0.000277216226095, 0.000168956903508, 0.000986185390502, 0.00374304316938, 0.00281357765198, 0.00089749210747, 0.00062389834784, 0.000588743074331, 0.000306638074107, 0.000244822615059, 0.00013978224888, 0.000453222659416, 0.000334159762133, 0.000198787456611, 0.000306770583848, 0.00177543691825, 0.00216414639726, 0.00146733352449, 0.00186337286141, 0.000676227209624, 0.000996732735075, 0.000335837103194, 8.64202811499e-05, 0.000167992446222, 0.000221436508582, 0.000506347510964, 0.000601116684265, 0.000278772611637, 0.000252013967838, 0.00134465435985, 0.00209923111834]
        var: [0.0907030701637, 0.022613318637, 0.00760921742767, 0.0116082532331, 0.00925608165562, 0.0368914268911, 0.121277831495, 0.0446220263839, 0.0998971089721, 0.124279916286, 0.0395985916257, 0.0163674671203, 0.00842244829983, 0.0149807501584, 0.086195461452, 0.0879429727793, 0.0139954704791, 0.00426112348214, 0.00398310413584, 0.0124630108476, 0.0878162458539, 0.12855990231, 0.0562822185457, 0.10802628845, 0.0730070620775, 0.0172729883343, 0.0133246481419, 0.00470436038449, 0.00977412983775, 0.0341359376907, 0.0421408824623, 0.0277931950986, 0.0182171557099, 0.0170599278063, 0.0137339234352, 0.0676319077611]
    chords_histogram: [47.4654388428, 0, 0, 0, 0, 0, 0, 0, 20.2764968872, 15.6682024002, 0, 0, 0, 0, 0, 0, 0, 0, 0, 0, 0, 0, 10.5990781784, 5.99078321457]
    thpcp: [1, 0.695125520229, 0.686514675617, 0.567990481853, 0.241585358977, 0.157760366797, 0.109140962362, 0.134806960821, 0.313889831305, 0.350471198559, 0.247105523944, 0.217761337757, 0.1849039644, 0.230457887053, 0.648338675499, 0.755349993706, 0.336980223656, 0.14429731667, 0.129917353392, 0.141893133521, 0.453620016575, 0.714720129967, 0.593710243702, 0.901124596596, 0.972797572613, 0.437469810247, 0.2253228724, 0.190072879195, 0.231093347073, 0.506888508797, 0.508360266685, 0.217663913965, 0.107014961541, 0.0854663178325, 0.181771844625, 0.722746670246]
    chords_key: "A"
    chords_scale: "minor"
    key_key: "A"
    key_scale: "minor"
    chords_progression: ["Dm", "Dm", "F", "F", "F", "F", "F", "F", "F", "F", "F", "F", "F", "F", "F", "Am", "Am", "Am", "Am", "Am", "Am", "Am", "Am", "Am", "Am", "Am", "Am", "Am", "Am", "Am", "Am", "Am", "Am", "Am", "Am", "Am", "Am", "Am", "Am", "Am", "Am", "Am", "Am", "Am", "Am", "Am", "Am", "Am", "Am", "Am", "Am", "Am", "Am", "E", "E", "Am", "E", "E", "E", "E", "E", "E", "E", "E", "E", "E", "E", "E", "E", "E", "E", "C#m", "C#m", "C#m", "C#m", "C#m", "Dm", "Dm", "Dm", "Dm", "Dm", "Dm", "Dm", "Dm", "Dm", "Dm", "Dm", "Dm", "Dm", "C#m", "C#m", "C#m", "C#m", "C#m", "C#m", "E", "E", "Am", "Am", "Am", "Am", "Am", "Am", "Am", "Am", "Am", "Am", "Am", "Am", "Am", "Am", "Am", "Am", "Am", "Am", "Am", "Am", "Am", "Am", "Am", "Am", "Am", "Am", "Am", "Am", "Am", "Am", "Am", "Am", "Am", "Am", "Am", "Am", "Am", "Am", "Am", "Am", "Am", "Am", "C#m", "C#m", "C#m", "C#m", "C#m", "C#m", "C#m", "C#m", "C#m", "C#m", "C#m", "C#m", "C#m", "C#m", "C#m", "C#m", "C#m", "C#m", "Dm", "C#m", "Dm", "Dm", "Dm", "Dm", "Dm", "Dm", "Dm", "C#m", "C#m", "C#m", "C#m", "C#m", "C#m", "C#m", "C#m", "C#m", "C#m", "C#m", "C#m", "C#m", "E", "E", "E", "E", "E", "C#m", "E", "E", "E", "E", "E", "E", "E", "E", "E", "E", "Am", "Am", "Am", "Am", "Am", "Am", "Am", "Am", "Am", "Am", "Am", "Am", "Am", "Am", "Am", "Am", "Am", "Am", "Am", "Am", "Am", "Am"]
