
metadata:
    version:
        essentia: "1.2.2"
    audio_properties:
        analysis_sample_rate: 44100
        bitrate: 128
        channels: 2
        equal_loudness: 1
        length: 10.0571432114
        replay_gain: -19.2292900085
        downmix: "mix"
    tags:
        track: 9
        year: 0
        album: "Splitted by Mp3Splt v. 2.1"
        artist: "From 001.20 To 001.30"
        comment: "http://mp3splt.sf.net"
        genre: ""
        title: "06 My Tornado.mp3"

highlevel:
    ballroom:
        all:
            ChaChaCha: 0.0287255905569
            Jive: 0.87125980854
            Quickstep: 0.0153786111623
            Rumba-American: 0.000818568340037
            Rumba-International: 0.00247807730921
            Rumba-Misc: 0.0027029090561
            Samba: 0.0232119057328
            Tango: 0.00375640508719
            VienneseWaltz: 0.0491210706532
            Waltz: 0.00254705431871
        probability: 0.87125980854
        value: "Jive"
    culture:
        all:
            non_western: 0.087791107595
            western: 0.912208914757
        probability: 0.912208914757
        value: "western"
    gender:
        all:
            female: 0.301392734051
            male: 0.698607265949
        probability: 0.698607265949
        value: "male"
    genre_dortmund:
        all:
            alternative: 0.0966623574495
            blues: 0.00477843172848
            electronic: 0.0166921615601
            folkcountry: 0.0421324558556
            funksoulrnb: 0.0135276447982
            jazz: 0.00701662292704
            pop: 0.0283221639693
            raphiphop: 0.0010963731911
            rock: 0.789771795273
        probability: 0.789771795273
        value: "rock"
    genre_electronica:
        all:
            ambient: 0.284145712852
            dnb: 0.143228784204
            house: 0.0183036923409
            techno: 0.046613778919
            trance: 0.507708013058
        probability: 0.507708013058
        value: "trance"
    genre_rosamerica:
        all:
            cla: 0.0306427199394
            dan: 0.00735379988328
            hip: 0.00875477213413
            jaz: 0.00264370604418
            pop: 0.00843023695052
            rhy: 0.00599268637598
            roc: 0.934792935848
            spe: 0.00138915993739
        probability: 0.934792935848
        value: "roc"
    genre_tzanetakis:
        all:
            blu: 0.0293865501881
            cla: 0.0420944988728
            cou: 0.0756611675024
            dis: 0.0279466528445
            hip: 0.0253915358335
            jaz: 0.0162599999458
            met: 0.432253092527
            pop: 0.0180917568505
            reg: 0.0121080074459
            roc: 0.320806741714
        probability: 0.432253092527
        value: "met"
    live_studio:
        all:
            live: 0.0835667848587
            studio: 0.916433215141
        probability: 0.916433215141
        value: "studio"
    mood:
        all:
            Cluster1: 0.337243974209
            Cluster2: 0.043289013207
            Cluster3: 0.00181932665873
            Cluster4: 0.0287537127733
            Cluster5: 0.588893949986
        probability: 0.588893949986
        value: "Cluster5"
    mood_acoustic:
        all:
            acoustic: 0.0189758930355
            not_acoustic: 0.981024086475
        probability: 0.981024086475
        value: "not_acoustic"
    mood_aggressive:
        all:
            aggressive: 0.999570906162
            not_aggressive: 0.000429072795669
        probability: 0.999570906162
        value: "aggressive"
    mood_electronic:
        all:
            electronic: 0.167499154806
            not_electronic: 0.832500874996
        probability: 0.832500874996
        value: "not_electronic"
    mood_happy:
        all:
            happy: 0.217561528087
            not_happy: 0.782438457012
        probability: 0.782438457012
        value: "not_happy"
    mood_party:
        all:
            not_party: 0.24193765223
            party: 0.758062362671
        probability: 0.758062362671
        value: "party"
    mood_relaxed:
        all:
            not_relaxed: 0.962450861931
            relaxed: 0.0375491566956
        probability: 0.962450861931
        value: "not_relaxed"
    mood_sad:
        all:
            not_sad: 0.999487757683
            sad: 0.000512262166012
        probability: 0.999487757683
        value: "not_sad"
    rhythm:
        all:
            fast: 0.34392246604
            medium: 0.456376492977
            slow: 0.199701026082
        probability: 0.456376492977
        value: "medium"
    speech_music:
        all:
            music: 0.999984502792
            speech: 1.55083707796e-05
        probability: 0.999984502792
        value: "music"
    timbre:
        all:
            bright: 0.272115290165
            dark: 0.727884709835
        probability: 0.727884709835
        value: "dark"
    voice_instrumental:
        all:
            instrumental: 0.966763436794
            voice: 0.0332365520298
        probability: 0.966763436794
        value: "instrumental"

lowlevel:
    average_loudness: 0.983650922775
    barkbands_kurtosis:
        dmean: 0.64920437336
        dmean2: 1.04609441757
        dvar: 0.579052567482
        dvar2: 1.34248280525
        max: 7.05458259583
        mean: -0.374517142773
        min: -1.68747341633
        var: 1.57899653912
    barkbands_skewness:
        dmean: 0.275833398104
        dmean2: 0.428240001202
        dvar: 0.0555385574698
        dvar2: 0.13074272871
        max: 0.394039332867
        mean: -0.736342549324
        min: -2.80022215843
        var: 0.241404205561
    barkbands_spread:
        dmean: 4.41871929169
        dmean2: 7.06480646133
        dvar: 16.3763637543
        dvar2: 38.5979309082
        max: 48.2305107117
        mean: 28.1679229736
        min: 13.5049600601
        var: 42.1227416992
    dissonance:
        dmean: 0.0116840992123
        dmean2: 0.0188588891178
        dvar: 0.00057872076286
        dvar2: 0.00069627375342
        max: 0.499849170446
        mean: 0.480756849051
        min: 0.0135412262753
        var: 0.000675836694427
    hfc:
        dmean: 3.13407301903
        dmean2: 4.64366674423
        dvar: 12.3786649704
        dvar2: 25.9536399841
        max: 62.3564414978
        mean: 15.742600441
        min: 1.12101288323e-05
        var: 62.7772483826
    pitch:
        dmean: 693.236633301
        dmean2: 1328.14709473
        dvar: 1396567.375
        dvar2: 3365871
        max: 4410
        mean: 976.946350098
        min: 78.3303756714
        var: 1913944.5
    pitch_instantaneous_confidence:
        dmean: 0.0687747821212
        dmean2: 0.110483162105
        dvar: 0.00358988973312
        dvar2: 0.00942287687212
        max: 0.751903295517
        mean: 0.324987828732
        min: 0.131564497948
        var: 0.0106191700324
    pitch_salience:
        dmean: 0.0419610626996
        dmean2: 0.0695961639285
        dvar: 0.00112900731619
        dvar2: 0.00292246905155
        max: 0.964102804661
        mean: 0.689924180508
        min: 0.521539092064
        var: 0.0024438330438
    silence_rate_20dB:
        dmean: 0
        dmean2: 0
        dvar: 0
        dvar2: 0
        max: 1
        mean: 1
        min: 1
        var: 0
    silence_rate_30dB:
        dmean: 0
        dmean2: 0
        dvar: 0
        dvar2: 0
        max: 1
        mean: 1
        min: 1
        var: 0
    silence_rate_60dB:
        dmean: 0.0138248847798
        dmean2: 0.0277136266232
        dvar: 0.0136338220909
        dvar2: 0.0315646119416
        max: 1
        mean: 0.0183908045292
        min: 0
        var: 0.0180525127798
    spectral_centroid:
        dmean: 212.522567749
        dmean2: 336.227966309
        dvar: 40158.21875
        dvar2: 84203.734375
        max: 3941.06835938
        mean: 2290.20166016
        min: 1448.96240234
        var: 140145.140625
    spectral_complexity:
        dmean: 3.83371829987
        dmean2: 6.23379611969
        dvar: 10.6698169708
        dvar2: 23.3874435425
        max: 41
        mean: 28.1152076721
        min: 0
        var: 35.7056503296
    spectral_crest:
        dmean: 1.29970943928
        dmean2: 2.15686202049
        dvar: 1.6327893734
        dvar2: 4.19432783127
        max: 15.3386583328
        mean: 5.34482288361
        min: 2.45770740509
        var: 4.03711557388
    spectral_decrease:
        dmean: 2.03772124174e-10
        dmean2: 3.20248466634e-10
        dvar: 3.22921197565e-20
        dvar2: 7.2707443934e-20
        max: -1.03110474752e-15
        mean: -1.38645761538e-09
        min: -3.41205974586e-09
        var: 1.56683052365e-19
    spectral_energy:
        dmean: 0.0010172665352
        dmean2: 0.00157228915486
        dvar: 9.22518552215e-07
        dvar2: 1.97986992134e-06
        max: 0.0182805266231
        mean: 0.00666070682928
        min: 4.90837859246e-09
        var: 4.67277959615e-06
    spectral_energyband_high:
        dmean: 0.000371488451492
        dmean2: 0.000591655785684
        dvar: 2.61595317852e-07
        dvar2: 6.0406347302e-07
        max: 0.00936046149582
        mean: 0.00101214053575
        min: 4.66182703551e-10
        var: 1.06078221052e-06
    spectral_energyband_low:
        dmean: 9.36614305829e-05
        dmean2: 0.000161871183082
        dvar: 2.64183324106e-08
        dvar2: 7.31045801672e-08
        max: 0.00144694477785
        mean: 0.000134637142764
        min: 4.10086742342e-10
        var: 2.24896119505e-08
    spectral_energyband_middle_high:
        dmean: 0.000803885690402
        dmean2: 0.00121003005188
        dvar: 6.81872165842e-07
        dvar2: 1.42187707297e-06
        max: 0.0131399882957
        mean: 0.00416538864374
        min: 3.18443160729e-09
        var: 2.58500699601e-06
    spectral_energyband_middle_low:
        dmean: 0.000407292041928
        dmean2: 0.000672145048156
        dvar: 1.16010994589e-07
        dvar2: 3.23277504322e-07
        max: 0.0037059916649
        mean: 0.00134852482006
        min: 7.64947327703e-10
        var: 2.80707894262e-07
    spectral_flatness_db:
        dmean: 0.0106117883697
        dmean2: 0.0171901099384
        dvar: 0.000101090095995
        dvar2: 0.000224913077545
        max: 0.183738991618
        mean: 0.12330199033
        min: 0.0749167129397
        var: 0.000317607918987
    spectral_flux:
        dmean: 0.00582501338795
        dmean2: 0.00858110841364
        dvar: 3.05872999888e-05
        dvar2: 6.32841183688e-05
        max: 0.0990374088287
        mean: 0.0478498525918
        min: 7.00598247931e-05
        var: 0.000104223770904
    spectral_kurtosis:
        dmean: 0.719771444798
        dmean2: 1.20100712776
        dvar: 0.581564128399
        dvar2: 1.09640026093
        max: 14.5632419586
        mean: 3.30590867996
        min: 0.816220998764
        var: 0.961828410625
    spectral_rms:
        dmean: 0.000199363043066
        dmean2: 0.000302379834466
        dvar: 3.86409908515e-08
        dvar2: 6.81017127135e-08
        max: 0.00422311015427
        mean: 0.00251462543383
        min: 2.18830109588e-06
        var: 1.74908336703e-07
    spectral_rolloff:
        dmean: 261.382354736
        dmean2: 407.037261963
        dvar: 63715.3164062
        dvar2: 149982.828125
        max: 5555.56640625
        mean: 3856.8269043
        min: 2777.78320312
        var: 154008.34375
    spectral_skewness:
        dmean: 0.127103865147
        dmean2: 0.210854068398
        dvar: 0.015798997134
        dvar2: 0.0337465144694
        max: 2.68425178528
        mean: 1.27870047092
        min: 0.410278648138
        var: 0.0402676537633
    spectral_spread:
        dmean: 373494.625
        dmean2: 556175.3125
        dvar: 200473640960
        dvar2: 329669836800
        max: 11647547
        mean: 4450472.5
        min: 3060905.75
        var: 435653771264
    spectral_strongpeak:
        dmean: 0.915797352791
        dmean2: 1.58101260662
        dvar: 0.84100818634
        dvar2: 1.99580907822
        max: 6.80010223389
        mean: 1.52888762951
        min: 0.000139572453918
        var: 1.90778744221
    zerocrossingrate:
        dmean: 0.00678068166599
        dmean2: 0.0083053028211
        dvar: 4.84510310343e-05
        dvar2: 5.73418110434e-05
        max: 0.1787109375
        mean: 0.120177939534
        min: 0.01123046875
        var: 0.000265527662123
    barkbands:
        dmean: [4.54548086282e-07, 2.71943736152e-05, 8.0894875282e-05, 8.36036415421e-05, 0.000177280628122, 0.000167540740222, 9.63305355981e-05, 4.74604858027e-05, 0.000185475539183, 5.80037158215e-05, 7.46556252125e-05, 6.93885958754e-05, 0.000101193123555, 0.000120316028188, 0.000137802169775, 0.000162230528076, 0.00034826839692, 0.000272857869277, 0.000288426439511, 0.00033231585985, 0.000169819933944, 8.45406029839e-05, 1.25287360788e-05, 1.08061828996e-06, 3.10228392664e-06, 6.08860801776e-08, 5.97903226929e-10]
        dmean2: [7.20880791505e-07, 4.57324131276e-05, 0.000144038087456, 0.000145979618537, 0.000287301809294, 0.000296632497339, 0.000152086926391, 7.90068879724e-05, 0.000309994269628, 9.66126244748e-05, 0.000119713964523, 0.000113508045615, 0.000159662522492, 0.000191156301298, 0.000215507549001, 0.0002594004618, 0.000579085550271, 0.000442449352704, 0.00046233276953, 0.000509861914907, 0.000272350589512, 0.000137218259624, 2.04026146093e-05, 1.66879851804e-06, 5.22314803675e-06, 9.97548212922e-08, 1.0196531397e-09]
        dvar: [2.96372654066e-13, 7.94455945474e-10, 2.64526462956e-08, 7.81369902114e-09, 3.76592375062e-08, 3.34016512227e-08, 1.06558113444e-08, 2.25805396603e-09, 4.26471800097e-08, 5.53972467898e-09, 4.63543514684e-09, 1.05401687378e-08, 8.74672956286e-09, 1.87850339728e-08, 2.4768237239e-08, 3.41721317909e-08, 1.59898547736e-07, 8.51521875234e-08, 2.70228525778e-07, 2.01828257218e-07, 7.31040401547e-08, 1.17335643424e-08, 3.18159804058e-10, 1.35573410137e-12, 4.92242878403e-11, 1.40519843686e-14, 8.01531809709e-18]
        dvar2: [8.01158401773e-13, 2.28243202116e-09, 7.57922293815e-08, 2.19595683859e-08, 8.94999061529e-08, 9.53420524752e-08, 2.3430223095e-08, 5.65940938557e-09, 1.01155741561e-07, 1.29818271688e-08, 1.18344605227e-08, 2.9398799839e-08, 1.87998487888e-08, 4.12267340266e-08, 5.70954199475e-08, 8.8926462638e-08, 4.3035927888e-07, 2.25291117317e-07, 6.25095196938e-07, 4.49626384125e-07, 1.72865199488e-07, 3.01360927324e-08, 8.50045978051e-10, 3.25342292169e-12, 1.28852414849e-10, 3.71001752269e-14, 2.01207680449e-17]
        max: [3.41242935065e-06, 0.000212502724025, 0.00132729229517, 0.000609132810496, 0.00273593259044, 0.00138374930248, 0.00127602019347, 0.000460514042061, 0.00275132455863, 0.0015383947175, 0.000574480043724, 0.00128395541105, 0.00113317067735, 0.00179600261617, 0.00228704232723, 0.00199948064983, 0.00400191731751, 0.00248113158159, 0.00771493976936, 0.00961307343096, 0.00325649185106, 0.000723139906768, 0.000168846774613, 1.37729994094e-05, 5.23354574398e-05, 8.79036122114e-07, 4.17951646625e-08]
        mean: [5.95952656113e-07, 4.62720454379e-05, 8.77918137121e-05, 0.000131952154334, 0.000369208108168, 0.000232032121858, 0.000185611250345, 8.73309400049e-05, 0.000333570584189, 0.00012062737369, 0.000154224500875, 0.000118999509141, 0.000268700649031, 0.000252574012848, 0.000320300838212, 0.000378271361114, 0.000767247460317, 0.000659984420054, 0.000660287216306, 0.000936143565923, 0.000380936486181, 0.000136311820825, 2.24071991397e-05, 3.86088504456e-06, 5.37541109225e-06, 9.65197841651e-08, 5.82321024734e-10]
        min: [7.4417833007e-11, 2.16901357986e-10, 1.11706345562e-10, 8.7434920415e-11, 1.61517577091e-10, 1.27729438137e-10, 1.05651210003e-10, 1.03469011137e-10, 1.6126364133e-10, 8.28501017791e-11, 2.77382734837e-11, 5.74238989692e-11, 2.04557232264e-10, 1.19766488393e-10, 5.75974823391e-11, 7.30749766253e-11, 3.15576537124e-10, 1.7469277136e-09, 4.17495288341e-10, 1.4946101301e-10, 2.03790609388e-10, 2.05788497354e-10, 4.85484525845e-12, 8.80029827222e-13, 5.3092556393e-13, 6.41324761851e-14, 1.31341240509e-13]
        var: [4.3947519777e-13, 1.43930312113e-09, 1.89439450793e-08, 1.34049038536e-08, 1.09339481469e-07, 3.94263182102e-08, 2.90627912847e-08, 4.36008384952e-09, 8.42506082677e-08, 3.26960325481e-08, 1.05724220489e-08, 1.47083598634e-08, 3.21446194107e-08, 5.41890194938e-08, 8.45961523055e-08, 8.10198486079e-08, 3.77375016569e-07, 1.78435925591e-07, 4.07158296412e-07, 1.2348226619e-06, 1.82297370088e-07, 1.50407526434e-08, 3.05659303423e-10, 3.41467349188e-12, 4.15119501274e-11, 1.34836989528e-14, 4.1497124295e-18]
    mfcc:
        mean: [-657.867431641, 86.3860626221, -62.7352714539, 48.5759010315, -16.7709693909, -1.99874424934, -4.09804534912, -7.9281668663, -1.66211390495, -6.83514261246, -3.5829668045, -5.01664733887, -4.48388385773]
        cov: [[2299.84667969, -69.6659393311, -12.8907585144, 10.760187149, 19.022977829, -59.039932251, -24.4884738922, -44.7733879089, -2.52800607681, 27.6794815063, -58.5522079468, -8.27439117432, 30.196187973], [-69.6659393311, 170.744049072, -15.8694562912, -16.48919487, 9.32027435303, -32.3587646484, -10.1776237488, 17.2141857147, -7.25639009476, -0.321747750044, -4.02040290833, 8.23341274261, 3.50297021866], [-12.8907585144, -15.8694562912, 98.8983688354, 20.6200084686, 0.681946218014, 31.8729343414, 11.3077383041, -2.9473130703, 3.92881703377, -9.83915805817, 10.7245206833, -3.27312517166, 16.9152088165], [10.760187149, -16.48919487, 20.6200084686, 81.3707427979, 11.4211711884, -2.04500317574, -2.57813119888, -8.39249992371, 6.31893444061, 8.4338054657, -1.55387246609, 8.48262119293, 14.2443761826], [19.022977829, 9.32027435303, 0.681946218014, 11.4211711884, 97.2239303589, 4.58281087875, -6.8666062355, 12.6238451004, 7.64457130432, 7.77611684799, 3.34720039368, 8.69212722778, 15.1568870544], [-59.039932251, -32.3587646484, 31.8729343414, -2.04500317574, 4.58281087875, 72.8307037354, 17.0597572327, 5.75898075104, -0.435902118683, -7.07233858109, 4.4882683754, -5.6933221817, -3.30560135841], [-24.4884738922, -10.1776237488, 11.3077383041, -2.57813119888, -6.8666062355, 17.0597572327, 74.3128890991, 18.3336162567, -6.74044322968, 1.16181242466, -3.54286193848, -7.85628509521, -0.648528933525], [-44.7733879089, 17.2141857147, -2.9473130703, -8.39249992371, 12.6238451004, 5.75898075104, 18.3336162567, 54.2859535217, 14.6881599426, 5.72514295578, 3.46526503563, 6.47095537186, 4.15078735352], [-2.52800607681, -7.25639009476, 3.92881703377, 6.31893444061, 7.64457130432, -0.435902118683, -6.74044322968, 14.6881599426, 39.9245300293, 17.2752017975, 1.53441274166, 9.71827411652, 5.5824713707], [27.6794815063, -0.321747750044, -9.83915805817, 8.4338054657, 7.77611684799, -7.07233858109, 1.16181242466, 5.72514295578, 17.2752017975, 48.1781387329, 15.7991437912, 7.16227865219, 1.82494163513], [-58.5522079468, -4.02040290833, 10.7245206833, -1.55387246609, 3.34720039368, 4.4882683754, -3.54286193848, 3.46526503563, 1.53441274166, 15.7991437912, 48.7635726929, 18.4752864838, 2.7830915451], [-8.27439117432, 8.23341274261, -3.27312517166, 8.48262119293, 8.69212722778, -5.6933221817, -7.85628509521, 6.47095537186, 9.71827411652, 7.16227865219, 18.4752864838, 46.0911560059, 21.339925766], [30.196187973, 3.50297021866, 16.9152088165, 14.2443761826, 15.1568870544, -3.30560135841, -0.648528933525, 4.15078735352, 5.5824713707, 1.82494163513, 2.7830915451, 21.339925766, 43.0231361389]]
        icov: [[0.000499141635373, 0.000347529741703, -0.000251189223491, 0.000258277141256, -0.00014146626927, 0.000472719286336, 0.000165429795743, 0.000197035828023, 0.000440788106062, -0.000754796259571, 0.000971870205831, -0.000181433613761, -0.000293787248665], [0.000347529741703, 0.00760894035921, -0.00144967471715, 0.00180250755511, -0.000748878810555, 0.00380635680631, 0.00169810000807, -0.00362770189531, 0.00422550924122, -0.00180046877358, 0.00279357656837, -0.00229687499814, 0.000528259319253], [-0.000251189223491, -0.00144967471715, 0.0172028169036, -0.0043896632269, 0.001280114986, -0.00675621256232, -0.00248473300599, 0.00309867039323, -0.00679057044908, 0.00741355214268, -0.00912541337311, 0.00861689634621, -0.00943946931511], [0.000258277141256, 0.00180250755511, -0.0043896632269, 0.0154489316046, -0.00167882058304, 0.00212226179428, 0.000255164835835, 0.0024134113919, 0.000790661666542, -0.00464775459841, 0.00467411708087, -0.00375325395726, -0.00153774849605], [-0.00014146626927, -0.000748878810555, 0.001280114986, -0.00167882058304, 0.0118759935722, -0.0021992570255, 0.00197758874856, -0.00289323437028, -0.000108530875877, -0.00106131797656, -0.000694222806487, 0.0012097498402, -0.00432713748887], [0.000472719286336, 0.00380635680631, -0.00675621256232, 0.00212226179428, -0.0021992570255, 0.0198333356529, -0.00234666652977, -0.00235737813637, 0.00148999993689, 0.000884784501977, 0.000692217552569, -0.00133960752282, 0.00419148243964], [0.000165429795743, 0.00169810000807, -0.00248473300599, 0.000255164835835, 0.00197758874856, -0.00234666652977, 0.0181682705879, -0.00888699479401, 0.00838621798903, -0.00511388247833, 0.00400597136468, 0.000928818190005, -0.000698748917785], [0.000197035828023, -0.00362770189531, 0.00309867039323, 0.0024134113919, -0.00289323437028, -0.00235737813637, -0.00888699479401, 0.0278947148472, -0.0134788118303, 0.00310177495703, -0.003299101023, -0.000131501583382, -0.00195128424093], [0.000440788106062, 0.00422550924122, -0.00679057044908, 0.000790661666542, -0.000108530875877, 0.00148999993689, 0.00838621798903, -0.0134788118303, 0.0420279987156, -0.0176995303482, 0.0118486415595, -0.00992961600423, 0.0027903157752], [-0.000754796259571, -0.00180046877358, 0.00741355214268, -0.00464775459841, -0.00106131797656, 0.000884784501977, -0.00511388247833, 0.00310177495703, -0.0176995303482, 0.0343854017556, -0.0163288153708, 0.00638759834692, -0.00190802616999], [0.000971870205831, 0.00279357656837, -0.00912541337311, 0.00467411708087, -0.000694222806487, 0.000692217552569, 0.00400597136468, -0.003299101023, 0.0118486415595, -0.0163288153708, 0.0360489711165, -0.0184943135828, 0.00780375953764], [-0.000181433613761, -0.00229687499814, 0.00861689634621, -0.00375325395726, 0.0012097498402, -0.00133960752282, 0.000928818190005, -0.000131501583382, -0.00992961600423, 0.00638759834692, -0.0184943135828, 0.0411882400513, -0.0205492507666], [-0.000293787248665, 0.000528259319253, -0.00943946931511, -0.00153774849605, -0.00432713748887, 0.00419148243964, -0.000698748917785, -0.00195128424093, 0.0027903157752, -0.00190802616999, 0.00780375953764, -0.0205492507666, 0.0390578024089]]
    spectral_contrast:
        mean: [4.79266333286e-08, 4.17077998804e-08, -2.02075540301e-07, 7.24886533021e-08, -1.71672368765e-07, 6.80165896938e-08, 1.68760800534e-06, 1.84788132174e-06, 5.08699542934e-07, 8.46825457756e-07, -1.80221647383e-07, 1.97546819436e-06]
        var: [0.000524437869899, 0.000660580466501, 0.00118356919847, 0.00151058647316, 0.00177296099719, 0.0025801868178, 0.0325933992863, 0.0381203629076, 0.0777079463005, 0.11881621927, 0.150635540485, 1.00825023651]

rhythm:
    beats_loudness:
        dmean: 0.00293276854791
        dmean2: 0.00518264900893
        dvar: 9.99422991299e-06
        dvar2: 2.62294615823e-05
        max: 0.0180749315768
        mean: 0.00723408674821
        min: 0.00461199739948
        var: 8.45547583594e-06
    beats_loudness_bass:
        dmean: 0.0209986139089
        dmean2: 0.0373004339635
        dvar: 0.000305426481646
        dvar2: 0.00119515962433
        max: 0.0636529698968
        mean: 0.0265577342361
        min: 0.00168874999508
        var: 0.000326279870933
    bpm: 108.212150574
    bpm_confidence: 0
    first_peak_bpm: 109
    first_peak_spread: 0
    first_peak_weight: 0.941176533699
    onset_rate: 2.68465900421
    second_peak_bpm: 125
    second_peak_spread: 0
    second_peak_weight: 0.0588235296309
    beats_position: [0.237825721502, 0.790402770042, 1.34297966957, 1.89555680752, 2.44813370705, 3.00071072578, 3.5532875061, 4.10586452484, 4.65844154358, 5.21101808548, 5.76359510422, 6.24205970764, 6.7988524437, 7.35564470291, 7.91243743896, 8.46922969818, 9.0260219574, 9.58281421661]
    bpm_estimates: [108.591972351, 108.397537231, 108.917495728, 107.77166748, 108.735069275, 109.089118958, 108.525756836, 107.979156494, 106.403259277, 107.372955322, 108.549697876]
    bpm_intervals: [0.552577018738, 0.552576899529, 0.552577137947, 0.552576899529, 0.552577018738, 0.552576780319, 0.552577018738, 0.552577018738, 0.552576541901, 0.552577018738, 0.478464603424, 0.556792736053, 0.556792259216, 0.556792736053, 0.556792259216, 0.556792259216, 0.556792259216]
    onset_times: [0.0464399084449, 0.220589563251, 0.952018141747, 1.32353746891, 1.52090704441, 1.67183673382, 1.70666670799, 2.24072551727, 2.4497051239, 3.14630389214, 3.55265307426, 4.04027223587, 4.26086187363, 4.49306106567, 4.69043064117, 5.42185926437, 5.61922883987, 5.80498886108, 6.11845827103, 6.37387752533, 6.91954660416, 7.65097522736, 8.03410434723, 8.35918331146, 8.59138298035, 9.50857162476, 9.8800907135]
    rubato_start: []
    rubato_stop: []
    perceptual_tempo: "unknown"

sfx:
    inharmonicity:
        dmean: 0.0709982588887
        dmean2: 0.124159701169
        dvar: 0.00387406628579
        dvar2: 0.0110771274194
        max: 0.391214519739
        mean: 0.0958613529801
        min: 0
        var: 0.0048429700546
    oddtoevenharmonicenergyratio:
        dmean: 1.45248603821
        dmean2: 2.6429476738
        dvar: 8.62424468994
        dvar2: 24.6367034912
        max: 32.159954071
        mean: 1.21574270725
        min: 0
        var: 5.43263816833
    pitch_after_max_to_before_max_energy_ratio: 4.16929006577
    pitch_centroid: 179.671112061
    pitch_max_to_total: 0.147465437651
    pitch_min_to_total: 0.437788009644
    tristimulus:
        dmean: [0.136757299304, 0.253698259592, 0.196308597922]
        dmean2: [0.233209609985, 0.43981102109, 0.345134884119]
        dvar: [0.0120034785941, 0.04176845029, 0.0216656867415]
        dvar2: [0.0353222079575, 0.126979336143, 0.0686969086528]
        max: [1, 0.96612238884, 0.72206646204]
        mean: [0.253479003906, 0.485821425915, 0.19691298902]
        min: [0.0125731928274, 0, 0]
        var: [0.0185035951436, 0.0512421950698, 0.0293101370335]

tonal:
    chords_changes_rate: 0.123853214085
    chords_number_rate: 0.0321100912988
    chords_strength:
        dmean: 0.00743566686288
        dmean2: 0.00797567795962
        dvar: 3.48741523339e-05
        dvar2: 3.00644514937e-05
        max: 0.55511367321
        mean: 0.436284482479
        min: 0.309718340635
        var: 0.00447643082589
    key_strength: 0.396327227354
    tuning_diatonic_strength: 0.447492837906
    tuning_equal_tempered_deviation: 0.0889015942812
    tuning_frequency: 441.272583008
    tuning_nontempered_energy_ratio: 0.733189642429
    hpcp:
        dmean: [0.122180812061, 0.134976089001, 0.188115224242, 0.206269651651, 0.201574280858, 0.168215438724, 0.161768972874, 0.138473004103, 0.136159449816, 0.159999161959, 0.119312919676, 0.110951207578, 0.130496561527, 0.132963582873, 0.169218122959, 0.148112937808, 0.0918690934777, 0.106021098793, 0.106325998902, 0.124875873327, 0.173014730215, 0.186241284013, 0.166064962745, 0.186731204391, 0.21844547987, 0.150532543659, 0.135241121054, 0.132340356708, 0.113632038236, 0.0973560065031, 0.101733885705, 0.127564758062, 0.154697403312, 0.134268507361, 0.11553773284, 0.115123614669]
        dmean2: [0.200528457761, 0.218616873026, 0.299702227116, 0.331654161215, 0.336245119572, 0.28031116724, 0.261838018894, 0.225221648812, 0.223120138049, 0.242634862661, 0.187560528517, 0.179744303226, 0.207917764783, 0.220471248031, 0.277731359005, 0.241356864572, 0.155196756124, 0.180844128132, 0.180735215545, 0.204592972994, 0.277449816465, 0.306997656822, 0.267775505781, 0.296023309231, 0.358332753181, 0.248071327806, 0.217325717211, 0.217239946127, 0.192738234997, 0.156531363726, 0.160222917795, 0.206351667643, 0.25280547142, 0.214335367084, 0.187278822064, 0.193592354655]
        dvar: [0.0148152988404, 0.0204481557012, 0.0218507647514, 0.0287541579455, 0.0308748781681, 0.0208302754909, 0.0211538001895, 0.0136701148003, 0.0156764872372, 0.0208759438246, 0.0101199280471, 0.0145469726995, 0.0195131823421, 0.0162657592446, 0.0236539375037, 0.0182900391519, 0.00793654005975, 0.0110143274069, 0.012265891768, 0.0154634062201, 0.0238706544042, 0.0407612174749, 0.0242357850075, 0.0230067297816, 0.0341879576445, 0.0193561241031, 0.0224424190819, 0.025459645316, 0.0135975312442, 0.010384070687, 0.0116301020607, 0.0179705712944, 0.0203755013645, 0.0165153499693, 0.0142693268135, 0.0162197463214]
        dvar2: [0.0366201139987, 0.0433265380561, 0.0554317943752, 0.0755425915122, 0.0829010978341, 0.0522707737982, 0.0495006628335, 0.032221660018, 0.0321705974638, 0.0498340278864, 0.0255663655698, 0.038176510483, 0.0476732254028, 0.0383930616081, 0.0604266226292, 0.0476870983839, 0.0182914808393, 0.0289647802711, 0.0327517427504, 0.0386900492013, 0.0594466589391, 0.0916952267289, 0.0497198812664, 0.0555893033743, 0.0782593339682, 0.0483697317541, 0.0531402267516, 0.055121537298, 0.0347748361528, 0.0250838026404, 0.0271968375891, 0.04237318784, 0.0511634871364, 0.0439353659749, 0.0361229032278, 0.0397844724357]
        max: [1, 1, 1, 1, 1, 1, 1, 0.927387475967, 1, 1, 0.960491538048, 1, 1, 0.930513381958, 1, 1, 0.685063302517, 0.755694687366, 1, 1, 1, 1, 1, 1, 1, 1, 1, 1, 1, 0.83348184824, 0.7933177948, 1, 1, 1, 0.853990912437, 1]
        mean: [0.243917688727, 0.264558762312, 0.417281091213, 0.554956555367, 0.487515926361, 0.394919961691, 0.392012268305, 0.324429482222, 0.330376476049, 0.379218399525, 0.274467617273, 0.230712562799, 0.28726541996, 0.301256418228, 0.355119019747, 0.309404402971, 0.197266995907, 0.201441273093, 0.201510250568, 0.243454575539, 0.425296604633, 0.564502179623, 0.441084891558, 0.502315580845, 0.580910742283, 0.330144792795, 0.254563450813, 0.300069957972, 0.229276657104, 0.185500860214, 0.212617486715, 0.281133472919, 0.359284728765, 0.344127178192, 0.260398864746, 0.238019809127]
        min: [0, 0, 0, 0, 0, 0, 0, 0, 0, 0, 0, 0, 0, 0, 0, 0, 0, 0, 0, 0, 0, 0, 0, 0, 0, 0, 0, 0, 0, 0, 0, 0, 0, 0, 0, 0]
        var: [0.0228998307139, 0.0330717675388, 0.0491416752338, 0.0684836581349, 0.0662546902895, 0.0463867112994, 0.0462765730917, 0.0315742827952, 0.0362523272634, 0.0490039847791, 0.0240356326103, 0.0234536584467, 0.0361430868506, 0.0315083898604, 0.0491268932819, 0.0363877639174, 0.0143014686182, 0.0186000410467, 0.0255266074091, 0.037066731602, 0.0666943415999, 0.115002140403, 0.0713506788015, 0.0502206645906, 0.0822681635618, 0.0356308966875, 0.0441008061171, 0.0641627460718, 0.0242776572704, 0.0168723333627, 0.0256199128926, 0.0446357950568, 0.0429988242686, 0.0381485782564, 0.0318635553122, 0.0268953759223]
    chords_histogram: [40.366973877, 0, 0, 0, 0, 0, 0, 20.6422023773, 0, 0, 13.3027524948, 0, 0, 0, 0, 0, 0, 12.844037056, 0, 2.75229358673, 0, 0, 4.58715581894, 5.50458717346]
    thpcp: [1, 0.568322777748, 0.43821439147, 0.516550898552, 0.394684821367, 0.319327652454, 0.36600714922, 0.483952969313, 0.618485271931, 0.592392504215, 0.448259681463, 0.409735590219, 0.419888406992, 0.455420672894, 0.718322217464, 0.955321550369, 0.839226901531, 0.679829001427, 0.674823582172, 0.558484196663, 0.568721592426, 0.652799785137, 0.472478121519, 0.397156655788, 0.494508713484, 0.51859331131, 0.611314237118, 0.532619535923, 0.339582294226, 0.346768021584, 0.346886783838, 0.419091194868, 0.732120394707, 0.971753716469, 0.759298920631, 0.864703536034]
    chords_key: "A#"
    chords_scale: "minor"
    key_key: "A#"
    key_scale: "minor"
    chords_progression: ["E", "E", "E", "E", "E", "E", "A", "A", "A", "Am", "A", "A", "A", "A", "A", "A", "A", "A", "A", "A", "A", "A", "A", "A", "A", "A", "A", "A", "A", "A", "A#", "A#", "A#", "A", "A#", "A#", "A#", "A#", "A#", "A#", "A#", "A#", "A", "A#", "A#m", "A#m", "A#m", "A#m", "A#m", "A#m", "A#m", "A#m", "A#m", "A#m", "A#m", "A#m", "A#m", "A#m", "A#m", "A#", "A#", "A#", "A#", "A#", "A#", "A#", "A", "A#", "A#", "A#", "A#", "A#", "A#", "A#", "A#", "A#", "A#", "A#", "A#", "A#", "A#", "A#", "A#m", "A#m", "A#", "A#", "A#", "A#", "A#", "A#", "A#", "A#", "A#", "A#", "A#", "A#m", "A#m", "A#m", "A#m", "A#m", "A#m", "A#m", "A#m", "A#m", "A#m", "A#m", "A#m", "A#m", "A#m", "A#m", "A#m", "A#m", "A#m", "A#m", "A#m", "A#m", "A#m", "A#m", "A#m", "A#m", "A#m", "A#m", "A#m", "A#m", "A#m", "A#m", "A#m", "A#m", "A#m", "A#m", "A#m", "A#m", "A#m", "A#m", "A#m", "A#m", "F#", "F#", "F#", "F#", "A#m", "A#m", "A#m", "A#m", "A#m", "A#m", "A#m", "F#", "F#", "F#", "F#", "A#m", "A#m", "D#m", "D#m", "D#m", "D#m", "D#m", "D#m", "D#m", "D#m", "F#", "F#", "F#", "F#", "A#m", "A#m", "A#m", "A#m", "A#m", "A#m", "A#m", "A#m", "A#m", "A#m", "A#m", "A#m", "A#m", "A#m", "A#m", "A#m", "A#m", "A#m", "A#m", "A#m", "D#m", "A#m", "D#m", "Am", "Am", "Am", "Am", "Am", "Am", "Am", "Am", "Am", "Am", "Am", "Am", "Am", "Am", "Am", "Am", "Am", "Am", "Am", "Am", "Am", "Am", "Am", "Am", "Am", "Am", "Am", "Am", "A", "A"]
