
metadata:
    version:
        essentia: "1.2.2"
    audio_properties:
        analysis_sample_rate: 44100
        bitrate: 128
        channels: 2
        equal_loudness: 1
        length: 10.0310201645
        replay_gain: -12.3259029388
        downmix: "mix"
    tags:
        track: 44
        year: 0
        album: "Splitted by Mp3Splt v. 2.1"
        artist: "From 007.10 To 007.20"
        comment: "http://mp3splt.sf.net"
        genre: ""
        title: "02 Freddie Freeloader.mp3"

highlevel:
    ballroom:
        all:
            ChaChaCha: 0.0154085597023
            Jive: 0.202558487654
            Quickstep: 0.491120755672
            Rumba-American: 0.0167265962809
            Rumba-International: 0.0145558770746
            Rumba-Misc: 0.00573766184971
            Samba: 0.106478653848
            Tango: 0.130973011255
            VienneseWaltz: 0.00748141901568
            Waltz: 0.00895899441093
        probability: 0.491120755672
        value: "Quickstep"
    culture:
        all:
            non_western: 0.0147375464439
            western: 0.985262453556
        probability: 0.985262453556
        value: "western"
    gender:
        all:
            female: 0.806372582912
            male: 0.193627387285
        probability: 0.806372582912
        value: "female"
    genre_dortmund:
        all:
            alternative: 0.0133768571541
            blues: 0.10201177001
            electronic: 0.0190707556903
            folkcountry: 0.0372974686325
            funksoulrnb: 0.0130924163386
            jazz: 0.769739866257
            pop: 0.0225890688598
            raphiphop: 0.00326235196553
            rock: 0.0195594299585
        probability: 0.769739866257
        value: "jazz"
    genre_electronica:
        all:
            ambient: 0.788768410683
            dnb: 0.137912556529
            house: 0.0192858781666
            techno: 0.00972425285727
            trance: 0.0443088710308
        probability: 0.788768410683
        value: "ambient"
    genre_rosamerica:
        all:
            cla: 0.00364688574336
            dan: 0.0059375311248
            hip: 0.00538710458204
            jaz: 0.963694512844
            pop: 0.0114291207865
            rhy: 0.00387430633418
            roc: 0.0046373908408
            spe: 0.00139313784894
        probability: 0.963694512844
        value: "jaz"
    genre_tzanetakis:
        all:
            blu: 0.0164203029126
            cla: 0.0533817224205
            cou: 0.0566150061786
            dis: 0.0483869947493
            hip: 0.00742902653292
            jaz: 0.28715673089
            met: 0.0034769421909
            pop: 0.119799405336
            reg: 0.393167346716
            roc: 0.0141664985567
        probability: 0.393167346716
        value: "reg"
    live_studio:
        all:
            live: 0.0445448495448
            studio: 0.955455124378
        probability: 0.955455124378
        value: "studio"
    mood:
        all:
            Cluster1: 0.0810993462801
            Cluster2: 0.472835123539
            Cluster3: 0.0742509812117
            Cluster4: 0.330807983875
            Cluster5: 0.0410065576434
        probability: 0.472835123539
        value: "Cluster2"
    mood_acoustic:
        all:
            acoustic: 0.297810733318
            not_acoustic: 0.702189266682
        probability: 0.702189266682
        value: "not_acoustic"
    mood_aggressive:
        all:
            aggressive: 0.0162023082376
            not_aggressive: 0.983797669411
        probability: 0.983797669411
        value: "not_aggressive"
    mood_electronic:
        all:
            electronic: 0.402778059244
            not_electronic: 0.597221910954
        probability: 0.597221910954
        value: "not_electronic"
    mood_happy:
        all:
            happy: 0.5
            not_happy: 0.5
        probability: 0.5
        value: "happy"
    mood_party:
        all:
            not_party: 0.473886370659
            party: 0.526113629341
        probability: 0.526113629341
        value: "party"
    mood_relaxed:
        all:
            not_relaxed: 0.403341203928
            relaxed: 0.596658825874
        probability: 0.596658825874
        value: "relaxed"
    mood_sad:
        all:
            not_sad: 0.711624741554
            sad: 0.288375258446
        probability: 0.711624741554
        value: "not_sad"
    rhythm:
        all:
            fast: 0.665479063988
            medium: 0.274766862392
            slow: 0.0597540475428
        probability: 0.665479063988
        value: "fast"
    speech_music:
        all:
            music: 0.99663323164
            speech: 0.00336677697487
        probability: 0.99663323164
        value: "music"
    timbre:
        all:
            bright: 0.871118962765
            dark: 0.128881022334
        probability: 0.871118962765
        value: "bright"
    voice_instrumental:
        all:
            instrumental: 0.992545604706
            voice: 0.00745441857725
        probability: 0.992545604706
        value: "instrumental"

lowlevel:
    average_loudness: 0.632577359676
    barkbands_kurtosis:
        dmean: 0.927192986012
        dmean2: 1.39686465263
        dvar: 1.10639798641
        dvar2: 2.25680947304
        max: 8.90202713013
        mean: 0.493830323219
        min: -1.79833507538
        var: 3.80180549622
    barkbands_skewness:
        dmean: 0.390701115131
        dmean2: 0.585101783276
        dvar: 0.177977666259
        dvar2: 0.335067689419
        max: 3.10262441635
        mean: -0.0895257145166
        min: -2.36627793312
        var: 1.15063250065
    barkbands_spread:
        dmean: 5.18863630295
        dmean2: 7.72374629974
        dvar: 36.5071983337
        dvar2: 69.3009262085
        max: 57.2172012329
        mean: 24.6973285675
        min: 4.66526460648
        var: 161.534805298
    dissonance:
        dmean: 0.0247598104179
        dmean2: 0.0407240539789
        dvar: 0.000637434481177
        dvar2: 0.00146173255052
        max: 0.499536961317
        mean: 0.453711956739
        min: 0.209137886763
        var: 0.00111893354915
    hfc:
        dmean: 1.59053528309
        dmean2: 2.04466152191
        dvar: 8.44714260101
        dvar2: 12.4261102676
        max: 41.6574707031
        mean: 5.13491296768
        min: 0.000742184231058
        var: 62.1271476746
    pitch:
        dmean: 296.84777832
        dmean2: 580.796447754
        dvar: 803576.625
        dvar2: 2043451.5
        max: 4410
        mean: 630.184997559
        min: 76.8292694092
        var: 913028.75
    pitch_instantaneous_confidence:
        dmean: 0.120253413916
        dmean2: 0.189308539033
        dvar: 0.0188102032989
        dvar2: 0.0441705845296
        max: 0.981578052044
        mean: 0.640341460705
        min: 0.147503733635
        var: 0.063429415226
    pitch_salience:
        dmean: 0.0584839098155
        dmean2: 0.0889979228377
        dvar: 0.00326614780352
        dvar2: 0.00606259098276
        max: 0.905522167683
        mean: 0.65168517828
        min: 0.24161440134
        var: 0.0152967385948
    silence_rate_20dB:
        dmean: 0
        dmean2: 0
        dvar: 0
        dvar2: 0
        max: 1
        mean: 1
        min: 1
        var: 0
    silence_rate_30dB:
        dmean: 0
        dmean2: 0
        dvar: 0
        dvar2: 0
        max: 1
        mean: 1
        min: 1
        var: 0
    silence_rate_60dB:
        dmean: 0.050925925374
        dmean2: 0.102088168263
        dvar: 0.048332657665
        dvar2: 0.096306309104
        max: 1
        mean: 0.755196332932
        min: 0
        var: 0.18487469852
    spectral_centroid:
        dmean: 244.671875
        dmean2: 369.177337646
        dvar: 80647.3125
        dvar2: 156082.75
        max: 3336.73925781
        mean: 1752.79064941
        min: 417.553314209
        var: 440496.34375
    spectral_complexity:
        dmean: 1.61252903938
        dmean2: 2.56976747513
        dvar: 6.70601797104
        dvar2: 11.4776945114
        max: 19
        mean: 4.71990728378
        min: 0
        var: 22.7062416077
    spectral_crest:
        dmean: 1.75728440285
        dmean2: 2.83256006241
        dvar: 2.72825741768
        dvar2: 6.69172143936
        max: 17.8322811127
        mean: 7.94113063812
        min: 2.73827457428
        var: 9.5346364975
    spectral_decrease:
        dmean: 1.33982824835e-10
        dmean2: 1.73692615846e-10
        dvar: 5.26139311542e-20
        dvar2: 7.76720527236e-20
        max: -8.22956476186e-14
        mean: -4.65940785954e-10
        min: -3.02267277874e-09
        var: 3.99550104451e-19
    spectral_energy:
        dmean: 0.000646377447993
        dmean2: 0.00083738937974
        dvar: 1.26343888951e-06
        dvar2: 1.85990029422e-06
        max: 0.0151867140085
        mean: 0.00222432077862
        min: 3.77919690209e-07
        var: 9.55514315137e-06
    spectral_energyband_high:
        dmean: 8.80735606188e-05
        dmean2: 0.0001125329145
        dvar: 4.13133776078e-08
        dvar2: 6.30079455277e-08
        max: 0.0036871319171
        mean: 0.000217279433855
        min: 6.70517223966e-08
        var: 2.12785579379e-07
    spectral_energyband_low:
        dmean: 1.55618236022e-05
        dmean2: 2.17602719204e-05
        dvar: 8.52787507277e-10
        dvar2: 1.50064893845e-09
        max: 0.00038212275831
        mean: 3.02441876556e-05
        min: 2.436809865e-09
        var: 2.54979948267e-09
    spectral_energyband_middle_high:
        dmean: 0.000526652438566
        dmean2: 0.000701272394508
        dvar: 9.30513522235e-07
        dvar2: 1.41921896102e-06
        max: 0.012783956714
        mean: 0.00171163748018
        min: 1.27393988691e-07
        var: 6.7213204602e-06
    spectral_energyband_middle_low:
        dmean: 9.49403256527e-05
        dmean2: 0.000139693991514
        dvar: 1.64938462888e-08
        dvar2: 2.85142753853e-08
        max: 0.00156957341824
        mean: 0.000265158276306
        min: 1.81003088073e-07
        var: 6.88875658739e-08
    spectral_flatness_db:
        dmean: 0.0199506860226
        dmean2: 0.0290804356337
        dvar: 0.000423690595198
        dvar2: 0.000625079730526
        max: 0.331220656633
        mean: 0.164573401213
        min: 0.0687203034759
        var: 0.00306482892483
    spectral_flux:
        dmean: 0.00915622618049
        dmean2: 0.0139724183828
        dvar: 0.000149913030327
        dvar2: 0.000380267301807
        max: 0.137412205338
        mean: 0.0225879885256
        min: 0.000614751712419
        var: 0.000533067155629
    spectral_kurtosis:
        dmean: 1.20010638237
        dmean2: 1.96195578575
        dvar: 1.85274410248
        dvar2: 4.32740306854
        max: 19.874294281
        mean: 4.82407474518
        min: 0.159323215485
        var: 7.75294828415
    spectral_rms:
        dmean: 0.000220639572944
        dmean2: 0.000284081412246
        dvar: 9.97799318725e-08
        dvar2: 1.40976666785e-07
        max: 0.00384919554926
        mean: 0.00114802678581
        min: 1.92016177607e-05
        var: 8.52103880788e-07
    spectral_rolloff:
        dmean: 432.512176514
        dmean2: 724.867736816
        dvar: 367947.53125
        dvar2: 743029.9375
        max: 4931.10351562
        mean: 2946.85888672
        min: 193.798828125
        var: 1013842.8125
    spectral_skewness:
        dmean: 0.165025725961
        dmean2: 0.271363735199
        dvar: 0.032232966274
        dvar2: 0.0715789273381
        max: 3.68761086464
        mean: 1.71268820763
        min: 0.882089555264
        var: 0.13082125783
    spectral_spread:
        dmean: 764963.5625
        dmean2: 1149017.625
        dvar: 1.07826498765e+12
        dvar2: 1.95251470336e+12
        max: 12614637
        mean: 5983850
        min: 2809155.5
        var: 6.0190925783e+12
    spectral_strongpeak:
        dmean: 0.551833450794
        dmean2: 0.862177670002
        dvar: 0.721211671829
        dvar2: 1.64813745022
        max: 7.89702606201
        mean: 1.19500875473
        min: 0.000466392171802
        var: 2.80790090561
    zerocrossingrate:
        dmean: 0.00785668287426
        dmean2: 0.00866074673831
        dvar: 5.55783444725e-05
        dvar2: 6.10425267951e-05
        max: 0.1630859375
        mean: 0.0894571915269
        min: 0.0341796875
        var: 0.000533571233973
    barkbands:
        dmean: [1.13698233051e-08, 6.76865192872e-06, 9.39329856919e-06, 4.81377446704e-06, 1.17092304208e-05, 1.17880454127e-05, 2.21541849896e-05, 3.88359076169e-05, 3.21410625475e-05, 3.09155548166e-05, 2.93507673632e-05, 2.04502139241e-05, 4.33741952293e-05, 4.44060533482e-05, 4.56968627986e-05, 0.000190161183127, 0.00016090113786, 0.000148446953972, 7.91280690464e-05, 9.24013947952e-05, 4.64910081064e-05, 3.83003316529e-06, 9.6191809007e-07, 2.97769730651e-07, 2.75550945616e-07, 2.08705834837e-08, 3.7075517656e-10]
        dmean2: [1.48384460275e-08, 1.02616304503e-05, 1.23123982121e-05, 8.38236610434e-06, 1.87554123841e-05, 1.77675756277e-05, 3.30983275489e-05, 5.84790614084e-05, 4.14853857365e-05, 4.09296117141e-05, 3.97312214773e-05, 3.06002693833e-05, 5.38375934411e-05, 6.32147130091e-05, 6.31925722701e-05, 0.000277719926089, 0.000220188638195, 0.000220996327698, 0.000117031326226, 0.000122823388665, 5.84578083362e-05, 5.64845549889e-06, 1.41944087773e-06, 4.22565221925e-07, 4.24609140737e-07, 3.1171371262e-08, 5.83041337432e-10]
        dvar: [1.4684249571e-14, 2.14135459364e-10, 3.43348183218e-10, 2.1207463563e-10, 3.85246612389e-10, 4.93343754737e-10, 2.02309480279e-09, 4.38415792559e-09, 8.93004337144e-09, 1.03613357894e-08, 6.26703400286e-09, 2.39880715291e-09, 3.83545994964e-08, 1.06166941904e-08, 4.36477947119e-08, 2.32138688716e-07, 1.53148164372e-07, 1.7161110577e-07, 3.41241594981e-08, 3.59502365654e-08, 3.0132561335e-08, 1.45285145026e-10, 4.47392426925e-12, 2.61533551977e-13, 2.66334480511e-13, 1.86407917131e-15, 1.21212989352e-18]
        dvar2: [1.48454467171e-14, 5.52650647467e-10, 4.87918927483e-10, 5.94690685585e-10, 9.81044356863e-10, 1.02666830593e-09, 3.59684393381e-09, 8.44237391107e-09, 1.3126599363e-08, 1.68585589932e-08, 9.64603241727e-09, 4.52376625049e-09, 5.63182354085e-08, 2.15938342762e-08, 6.02347540735e-08, 3.72728209186e-07, 2.54240120512e-07, 3.28935982452e-07, 5.4675378891e-08, 5.11419386839e-08, 4.7526242497e-08, 3.06956016161e-10, 9.56631648896e-12, 4.70611071814e-13, 6.02271054209e-13, 3.63976748995e-15, 1.92332685949e-18]
        max: [2.51791971095e-06, 0.000133528228616, 0.000287664646748, 0.000160511524882, 0.000189137907, 0.00027063160087, 0.000682122656144, 0.000967000145465, 0.00145253539085, 0.00148341839667, 0.000918152625673, 0.000642947736196, 0.00395300006494, 0.00115643534809, 0.00402573682368, 0.00599952926859, 0.00500973267481, 0.00587183749303, 0.00301419687457, 0.00309111597016, 0.00360158178955, 0.000173395354068, 3.49304282281e-05, 1.0836914953e-05, 5.29283579453e-06, 4.37656268559e-07, 1.87062454415e-08]
        mean: [1.48560568292e-08, 1.4153470147e-05, 1.60788658832e-05, 5.80958658247e-06, 1.95415304916e-05, 2.33551272686e-05, 4.58695321868e-05, 8.54219688335e-05, 6.82937970851e-05, 6.73158210702e-05, 6.30390422884e-05, 3.95837196265e-05, 6.50042711641e-05, 9.73916539806e-05, 7.04067933839e-05, 0.000495831598528, 0.000352587929228, 0.000237855580053, 0.000137066177558, 0.00021266945987, 9.64034261415e-05, 7.34977402317e-06, 1.91005665329e-06, 7.01021519944e-07, 6.21665719791e-07, 4.47003678516e-08, 4.47387016322e-10]
        min: [1.40888125819e-11, 4.93425522663e-10, 1.89818538665e-09, 4.74906070025e-09, 1.11869464803e-08, 1.01095736227e-08, 1.64321374285e-08, 3.28909486313e-08, 4.25081481126e-08, 3.32198908382e-08, 3.4793743442e-09, 3.91307652947e-09, 2.4791788622e-09, 2.33039387787e-09, 1.20094278966e-09, 1.90518156806e-09, 3.81654929882e-09, 2.29526033735e-08, 1.7048419565e-08, 1.79968306924e-08, 3.21916751034e-08, 1.78221544189e-08, 6.0359774956e-09, 1.22428422955e-09, 4.16686285476e-09, 5.96172500256e-10, 3.29863285124e-12]
        var: [1.47655444051e-14, 4.35230462781e-10, 1.16902054703e-09, 1.79545711632e-10, 7.23025472826e-10, 1.59954549606e-09, 8.17655276819e-09, 1.86926722989e-08, 3.28402975924e-08, 3.97387154294e-08, 2.64657025184e-08, 6.43429887148e-09, 6.76513636222e-08, 4.08831013488e-08, 1.10086048721e-07, 1.21657558338e-06, 5.62901789181e-07, 3.57442473842e-07, 6.71542750297e-08, 1.61004663823e-07, 1.00207344644e-07, 3.91190163596e-10, 1.18434836591e-11, 1.22412832908e-12, 5.84638728488e-13, 3.55672141519e-15, 1.3136794452e-18]
    mfcc:
        mean: [-817.069030762, 86.3539352417, -54.6136016846, 44.4892501831, -9.12285614014, -14.9225721359, -1.76425921917, -5.08682584763, 5.24298381805, 3.22305130959, 1.37644553185, 4.92295455933, 4.68965578079]
        cov: [[5595.85595703, -514.438842773, -2365.27441406, 36.8830337524, -210.083007812, -153.026885986, -180.533691406, -126.109848022, 70.4217453003, -10.8794727325, -232.253845215, 449.160705566, 111.128105164], [-514.438842773, 821.867736816, 442.203948975, -207.104492188, -125.412330627, -180.596359253, 10.6629400253, -27.3864994049, -186.839080811, -78.207862854, -51.4848403931, -222.409225464, -63.8527603149], [-2365.27441406, 442.203948975, 1666.43347168, -49.118560791, 40.4989356995, 84.6728439331, 127.584022522, 88.5204849243, 3.78900718689, -17.2150306702, 116.706367493, -314.271972656, -161.435760498], [36.8830337524, -207.104492188, -49.118560791, 206.505325317, 124.951660156, 74.2618103027, 34.8860931396, 27.4289073944, 48.9469108582, 37.9995079041, 35.1191558838, 74.34349823, 49.3931236267], [-210.083007812, -125.412330627, 40.4989356995, 124.951660156, 216.592697144, 114.176971436, 33.4316978455, 34.4583015442, 64.0159454346, 38.7043380737, 51.8136253357, 79.9907989502, 79.6689834595], [-153.026885986, -180.596359253, 84.6728439331, 74.2618103027, 114.176971436, 161.432937622, 47.1028366089, 56.2249641418, 92.5138702393, 42.7856674194, 54.0273666382, 82.1118774414, 44.5066146851], [-180.533691406, 10.6629400253, 127.584022522, 34.8860931396, 33.4316978455, 47.1028366089, 103.507034302, 46.9330368042, 5.58531332016, 17.6039161682, 25.8483886719, -3.10880875587, 10.1102848053], [-126.109848022, -27.3864994049, 88.5204849243, 27.4289073944, 34.4583015442, 56.2249641418, 46.9330368042, 84.9910430908, 52.1096572876, 21.409822464, 32.1574363708, 31.3994903564, 14.5451259613], [70.4217453003, -186.839080811, 3.78900718689, 48.9469108582, 64.0159454346, 92.5138702393, 5.58531332016, 52.1096572876, 157.393981934, 69.7896347046, 69.1020889282, 90.5351638794, 12.0613737106], [-10.8794727325, -78.207862854, -17.2150306702, 37.9995079041, 38.7043380737, 42.7856674194, 17.6039161682, 21.409822464, 69.7896347046, 111.555213928, 78.938369751, 53.639667511, 10.7193784714], [-232.253845215, -51.4848403931, 116.706367493, 35.1191558838, 51.8136253357, 54.0273666382, 25.8483886719, 32.1574363708, 69.1020889282, 78.938369751, 107.711235046, 42.6717758179, 1.71292328835], [449.160705566, -222.409225464, -314.271972656, 74.34349823, 79.9907989502, 82.1118774414, -3.10880875587, 31.3994903564, 90.5351638794, 53.639667511, 42.6717758179, 201.132156372, 103.879341125], [111.128105164, -63.8527603149, -161.435760498, 49.3931236267, 79.6689834595, 44.5066146851, 10.1102848053, 14.5451259613, 12.0613737106, 10.7193784714, 1.71292328835, 103.879341125, 152.297149658]]
        icov: [[0.000605220906436, -0.000415361078922, 0.000806782802101, -0.000482534989715, 0.0006240720395, -0.000157456539455, -0.000428763130913, 0.000591535877902, -0.00108053698204, 0.000142183285789, 0.000973651243839, -0.000758691923693, 0.000669555505738], [-0.000415361078922, 0.00370921986178, -0.00151383422781, 0.00305861863308, -0.0018133497797, 0.0038100767415, -0.000249787437497, -0.00207082135603, 0.0032752091065, -0.00103192881215, -0.000379515375243, 0.000540191773325, -0.00123985367827], [0.000806782802101, -0.00151383422781, 0.00315909809433, -0.00118106149603, 0.00102657708339, -0.00282376492396, -0.000714594207238, 0.000235442406847, -0.00266297510825, 0.00237272982486, -0.00236397213303, 0.00334647321142, 0.000609360577073], [-0.000482534989715, 0.00305861863308, -0.00118106149603, 0.0106919668615, -0.00605162000284, 0.00334015348926, -0.00206432957202, -0.00162482273299, 0.00285694259219, -0.00183123850729, 0.000289756659186, -0.000877449871041, -0.000105421306216], [0.0006240720395, -0.0018133497797, 0.00102657708339, -0.00605162000284, 0.0124749904498, -0.00690516550094, 0.000741950410884, 0.00247491407208, -0.00247690873221, 0.00164507899899, -0.00198095990345, 0.000766059500165, -0.00337821152061], [-0.000157456539455, 0.0038100767415, -0.00282376492396, 0.00334015348926, -0.00690516550094, 0.0213222168386, -0.00505892606452, -0.00277419295162, -0.00238441047259, -0.000925203261431, 0.00264290859923, -0.00583404861391, -0.000178746166057], [-0.000428763130913, -0.000249787437497, -0.000714594207238, -0.00206432957202, 0.000741950410884, -0.00505892606452, 0.0175351016223, -0.0091040385887, 0.00614453898743, -0.00258507719263, -0.0020465538837, 0.0028106267564, -0.00128289475106], [0.000591535877902, -0.00207082135603, 0.000235442406847, -0.00162482273299, 0.00247491407208, -0.00277419295162, -0.0091040385887, 0.0237375516444, -0.00881394837052, 0.00288228178397, 0.00072618300328, -0.00334791396745, 0.000100606099295], [-0.00108053698204, 0.0032752091065, -0.00266297510825, 0.00285694259219, -0.00247690873221, -0.00238441047259, 0.00614453898743, -0.00881394837052, 0.0213338490576, -0.00629640230909, -0.00258828210644, -0.00452647265047, 0.00270882784389], [0.000142183285789, -0.00103192881215, 0.00237272982486, -0.00183123850729, 0.00164507899899, -0.000925203261431, -0.00258507719263, 0.00288228178397, -0.00629640230909, 0.023702243343, -0.0171739198267, 0.00285594514571, -0.00104568980169], [0.000973651243839, -0.000379515375243, -0.00236397213303, 0.000289756659186, -0.00198095990345, 0.00264290859923, -0.0020465538837, 0.00072618300328, -0.00258828210644, -0.0171739198267, 0.0318797938526, -0.0104568945244, 0.00504873460159], [-0.000758691923693, 0.000540191773325, 0.00334647321142, -0.000877449871041, 0.000766059500165, -0.00583404861391, 0.0028106267564, -0.00334791396745, -0.00452647265047, 0.00285594514571, -0.0104568945244, 0.0242200829089, -0.010195761919], [0.000669555505738, -0.00123985367827, 0.000609360577073, -0.000105421306216, -0.00337821152061, -0.000178746166057, -0.00128289475106, 0.000100606099295, 0.00270882784389, -0.00104568980169, 0.00504873460159, -0.010195761919, 0.0148894730955]]
    spectral_contrast:
        mean: [-2.79784813983e-07, -5.59612765016e-08, 1.39370698093e-07, 1.13155692816e-07, 4.25407449711e-07, 7.95314974766e-07, 1.0154692518e-06, 4.98347253597e-06, 3.21878883369e-06, 1.90962509805e-06, -3.13379700856e-06, -2.01552006729e-06]
        var: [0.000531888683327, 0.000955265306402, 0.00239502452314, 0.00337108783424, 0.00372637854889, 0.0214121062309, 0.0431104823947, 0.0790115818381, 0.0935254245996, 0.277297049761, 0.448839724064, 1.5490988493]

rhythm:
    beats_loudness:
        dmean: 0.00367781869136
        dmean2: 0.00635965634137
        dvar: 1.28004021462e-05
        dvar2: 4.17377232225e-05
        max: 0.0146974520758
        mean: 0.00351789384149
        min: 4.8600086302e-05
        var: 1.45487601912e-05
    beats_loudness_bass:
        dmean: 0.074647128582
        dmean2: 0.131981015205
        dvar: 0.0186024513096
        dvar2: 0.0428865328431
        max: 0.411335229874
        mean: 0.0495714768767
        min: 0.000249477976467
        var: 0.0130184656009
    bpm: 130.416915894
    bpm_confidence: 0
    first_peak_bpm: 130
    first_peak_spread: 0
    first_peak_weight: 0.952381014824
    onset_rate: 3.68855810165
    second_peak_bpm: 151
    second_peak_spread: 0
    second_peak_weight: 0.047619048506
    beats_position: [0.043046452105, 0.503389596939, 0.963732779026, 1.42407596111, 1.8844190836, 2.34476232529, 2.80510544777, 3.26544857025, 3.72579169273, 4.18613529205, 4.64647865295, 5.10682153702, 5.56716489792, 5.96520805359, 6.42493200302, 6.88465642929, 7.34438037872, 7.80410432816, 8.26382732391, 8.72355175018, 9.18327617645, 9.64299964905]
    bpm_estimates: [130.722015381, 127.49937439, 131.688552856, 130.57182312, 130.917861938, 130.707870483, 129.708465576, 131.256317139, 130.620574951, 130.476272583]
    bpm_intervals: [0.460343152285, 0.460343182087, 0.460343182087, 0.460343122482, 0.460343241692, 0.460343122482, 0.460343122482, 0.460343122482, 0.460343599319, 0.460343360901, 0.460342884064, 0.460343360901, 0.39804315567, 0.459723949432, 0.45972442627, 0.459723949432, 0.459723949432, 0.459722995758, 0.45972442627, 0.45972442627, 0.459723472595]
    onset_times: [0.0464399084449, 0.31346938014, 0.487619042397, 0.731428563595, 1.05650794506, 1.28870749474, 1.43963718414, 1.60217690468, 1.77632653713, 2.07818603516, 2.18267583847, 2.27555561066, 2.72834467888, 2.83283448219, 3.20435380936, 3.75002264977, 4.07510185242, 4.60916090012, 4.77170085907, 4.85297060013, 5.0387301445, 5.51473903656, 5.64244890213, 5.9675283432, 6.40870761871, 6.59446716309, 6.84988641739, 7.0356464386, 7.37233543396, 7.92961454391, 8.3011341095, 8.40562343597, 8.73070335388, 9.2067117691, 9.39247131348, 9.69433116913, 9.79882049561]
    rubato_start: []
    rubato_stop: []
    perceptual_tempo: "unknown"

sfx:
    inharmonicity:
        dmean: 0.05538238585
        dmean2: 0.096951186657
        dvar: 0.00536026665941
        dvar2: 0.0139192976058
        max: 0.427073061466
        mean: 0.0630177333951
        min: 0.000185141267139
        var: 0.00649697799236
    oddtoevenharmonicenergyratio:
        dmean: 2.89254140854
        dmean2: 5.10892152786
        dvar: 73.3768081665
        dvar2: 193.318054199
        max: 102.815307617
        mean: 2.1989839077
        min: 0.000862752960529
        var: 52.954574585
    pitch_after_max_to_before_max_energy_ratio: 1.99030828476
    pitch_centroid: 245.53755188
    pitch_max_to_total: 0.78935188055
    pitch_min_to_total: 0.817129611969
    tristimulus:
        dmean: [0.148996070027, 0.211312115192, 0.115287467837]
        dmean2: [0.260225862265, 0.382102757692, 0.208645358682]
        dvar: [0.0239608343691, 0.0478035956621, 0.0180037859827]
        dvar2: [0.061219535768, 0.124703191221, 0.0487980358303]
        max: [0.96005153656, 0.995498895645, 0.86476033926]
        mean: [0.293894708157, 0.528252601624, 0.1329652071]
        min: [0.00076233909931, 0, 0]
        var: [0.0445843376219, 0.0614719204605, 0.0206975452602]

tonal:
    chords_changes_rate: 0.0506912432611
    chords_number_rate: 0.0276497695595
    chords_strength:
        dmean: 0.0134421987459
        dmean2: 0.0126857049763
        dvar: 9.52166810748e-05
        dvar2: 0.000118068761367
        max: 0.699452757835
        mean: 0.498715907335
        min: 0.286551982164
        var: 0.00697659561411
    key_strength: 0.821129143238
    tuning_diatonic_strength: 0.641481816769
    tuning_equal_tempered_deviation: 0.0778179988265
    tuning_frequency: 441.272583008
    tuning_nontempered_energy_ratio: 0.736567616463
    hpcp:
        dmean: [0.0573458336294, 0.0703775063157, 0.0963184162974, 0.113600067794, 0.110633358359, 0.0988170132041, 0.0949806049466, 0.0989016219974, 0.164296686649, 0.190242707729, 0.172138527036, 0.138015851378, 0.123809307814, 0.117781624198, 0.141034305096, 0.144332066178, 0.14518648386, 0.144978895783, 0.118929862976, 0.0890750288963, 0.0747846662998, 0.0912522226572, 0.114761270583, 0.117733679712, 0.139726430178, 0.131729468703, 0.101340480149, 0.0795965269208, 0.0929164364934, 0.136154338717, 0.176390066743, 0.174962431192, 0.143394216895, 0.124863423407, 0.11888679117, 0.0904745385051]
        dmean2: [0.0980057418346, 0.12159857899, 0.162627160549, 0.190149262547, 0.192510396242, 0.164541363716, 0.164277300239, 0.1656486094, 0.260314017534, 0.294537246227, 0.290040880442, 0.225016891956, 0.200104564428, 0.205107241869, 0.244151756167, 0.225971966982, 0.236135914922, 0.236948162317, 0.17844632268, 0.128904804587, 0.11702542007, 0.153900176287, 0.186290830374, 0.19089576602, 0.226633489132, 0.220978170633, 0.161858797073, 0.133426085114, 0.162882059813, 0.2315787673, 0.283705592155, 0.291328340769, 0.227732613683, 0.210336342454, 0.204269990325, 0.162060499191]
        dvar: [0.0103085469455, 0.0161439925432, 0.0239215362817, 0.0296837296337, 0.030424579978, 0.0206227079034, 0.0252283327281, 0.0185697637498, 0.0467382185161, 0.0475281178951, 0.0509545616806, 0.0396924093366, 0.0341990292072, 0.0296005290002, 0.0413030833006, 0.0324508957565, 0.0349452197552, 0.0433147139847, 0.0351421609521, 0.0181508045644, 0.0102241514251, 0.0206386316568, 0.0317535959184, 0.0336343683302, 0.0358318574727, 0.0347533896565, 0.0249524842948, 0.0172074008733, 0.0240162890404, 0.0422904789448, 0.0466881990433, 0.0448831878603, 0.0327127501369, 0.0358372367918, 0.0384695120156, 0.0295125469565]
        dvar2: [0.0237414408475, 0.045103661716, 0.0539748258889, 0.0630853399634, 0.0721443817019, 0.0495608784258, 0.0692958906293, 0.0461056567729, 0.100777745247, 0.0923819169402, 0.118052467704, 0.0926179289818, 0.0779107362032, 0.0685484185815, 0.115927122533, 0.065697260201, 0.0758589729667, 0.112802967429, 0.0717669427395, 0.0323569402099, 0.0212481096387, 0.0470770411193, 0.0812638476491, 0.0750047340989, 0.0804197341204, 0.076526671648, 0.0521967858076, 0.0441610738635, 0.0671264007688, 0.0972440764308, 0.0852360650897, 0.0992087721825, 0.0837086439133, 0.0751932486892, 0.0996378958225, 0.0817293003201]
        max: [1, 0.990982472897, 1, 1, 1, 1, 1, 1, 1, 1, 1, 1, 1, 1, 1, 1, 1, 1, 1, 1, 0.71175801754, 1, 1, 1, 1, 1, 1, 1, 0.940753161907, 1, 1, 1, 1, 1, 1, 1]
        mean: [0.0865356549621, 0.0832055434585, 0.120498135686, 0.152704015374, 0.133789435029, 0.124550417066, 0.122656881809, 0.136221721768, 0.274095147848, 0.378338307142, 0.274546444416, 0.187689945102, 0.19659049809, 0.156202748418, 0.159186467528, 0.243230372667, 0.219811916351, 0.165324687958, 0.179575249553, 0.13074927032, 0.100831627846, 0.139930471778, 0.134124025702, 0.1561742872, 0.192813500762, 0.164347663522, 0.116479679942, 0.0839436501265, 0.101136632264, 0.240373849869, 0.360488504171, 0.274410873652, 0.198338657618, 0.212114989758, 0.148120880127, 0.0901070013642]
        min: [0, 0, 0, 0, 0.000932694470976, 0.000489253783599, 0.000467480334919, 0.000503526709508, 0, 0, 0, 0, 0, 0, 0, 0, 0, 0.000548028678168, 0.00028663786361, 0.000190897422726, 0.000138480609166, 0, 0, 0, 0, 0, 0.00025750164059, 0.000243641552515, 0.000291215110337, 0.000506519456394, 0.000432183995144, 0.000482341099996, 0, 0, 0, 0]
        var: [0.0237185526639, 0.0175329577178, 0.0366693362594, 0.0487814508379, 0.0366088859737, 0.0282343439758, 0.0334152989089, 0.0353604033589, 0.0922528728843, 0.124743163586, 0.088736847043, 0.0583984404802, 0.0812781453133, 0.0494195222855, 0.0400125347078, 0.0768390670419, 0.0734628736973, 0.0497504808009, 0.0696145743132, 0.0392232164741, 0.0189388971776, 0.0484386757016, 0.0400069206953, 0.0572868175805, 0.0678538009524, 0.0484457165003, 0.0361224599183, 0.0207357890904, 0.0234777033329, 0.0768532902002, 0.120425969362, 0.0741720795631, 0.0550586208701, 0.0765566155314, 0.0452625155449, 0.0255044624209]
    chords_histogram: [23.041475296, 0, 17.9723510742, 0, 4.14746522903, 0, 0, 0, 0, 0.460829496384, 0, 0, 0, 0, 0, 0, 0, 0, 0, 0, 0, 6.45161294937, 27.6497688293, 20.2764968872]
    thpcp: [1, 0.725663900375, 0.496090263128, 0.519615650177, 0.412865281105, 0.420751661062, 0.642891228199, 0.580992996693, 0.436975806952, 0.474642008543, 0.345588237047, 0.266511797905, 0.3698554039, 0.354508191347, 0.412790060043, 0.509632527828, 0.434393405914, 0.307871758938, 0.221874579787, 0.267317980528, 0.635341048241, 0.952820539474, 0.725305557251, 0.524236261845, 0.560648977757, 0.39150378108, 0.238165155053, 0.228725597262, 0.219923660159, 0.318493098021, 0.40361765027, 0.35362380743, 0.329203814268, 0.324198961258, 0.360052675009, 0.724471032619]
    chords_key: "F"
    chords_scale: "minor"
    key_key: "C"
    key_scale: "minor"
    chords_progression: ["Fm", "Fm", "Fm", "Fm", "Fm", "Fm", "Fm", "Fm", "Fm", "Fm", "Fm", "Fm", "Fm", "Fm", "Fm", "Fm", "Fm", "Fm", "Fm", "Fm", "Fm", "Fm", "Fm", "Fm", "Cm", "Cm", "Fm", "Fm", "Fm", "Fm", "Fm", "Fm", "Fm", "Fm", "C#", "C#", "C#", "C#", "C#", "C#", "C#", "C#", "C#", "C#", "C#", "C#", "C#", "C#", "Fm", "Fm", "Fm", "Fm", "Fm", "Fm", "Fm", "Fm", "Fm", "Fm", "Fm", "Fm", "Fm", "Fm", "Fm", "Fm", "Fm", "Fm", "Fm", "Fm", "Fm", "Fm", "Fm", "Fm", "Fm", "Fm", "Fm", "Fm", "G#", "G#", "G#", "G#", "G#", "G#", "G#", "Cm", "Cm", "Cm", "Cm", "Cm", "Cm", "Cm", "Cm", "Cm", "Cm", "Cm", "Cm", "Cm", "Cm", "Cm", "Cm", "Cm", "Cm", "Cm", "Cm", "Cm", "Cm", "Cm", "Cm", "G#", "G#", "G#", "G#", "G#", "G#", "G#", "G#", "G#", "G#", "G#", "G#", "G#", "G#", "G#", "G#", "G#", "G#", "G#", "G#", "G#", "G#", "G#", "G#", "G#", "G#", "G#", "G#", "G#", "G#", "G#", "G#", "G#", "G#", "G#", "G#", "G#", "Cm", "Cm", "Cm", "Cm", "Cm", "Cm", "Cm", "Cm", "Cm", "Cm", "Cm", "Cm", "Cm", "Cm", "Cm", "Cm", "Cm", "Cm", "Cm", "Cm", "Cm", "Cm", "Cm", "Cm", "G", "Gm", "Gm", "Gm", "Gm", "Gm", "Gm", "Gm", "Gm", "Gm", "Gm", "Gm", "Gm", "Gm", "Gm", "Gm", "Gm", "Gm", "Gm", "Gm", "Gm", "Gm", "Gm", "Gm", "Gm", "Gm", "Gm", "Gm", "Gm", "Gm", "Gm", "Gm", "Gm", "Gm", "Gm", "Gm", "Gm", "Gm", "Gm", "Gm", "Dm", "Dm", "Dm", "Dm", "Dm", "Dm", "Dm", "Dm", "Dm"]
