
metadata:
    version:
        essentia: "1.2.2"
    audio_properties:
        analysis_sample_rate: 44100
        bitrate: 128
        channels: 2
        equal_loudness: 1
        length: 10.0310201645
        replay_gain: -6.71095848083
        downmix: "mix"
    tags:
        track: 8
        year: 0
        album: "Splitted by Mp3Splt v. 2.1"
        artist: "From 001.10 To 001.20"
        comment: "http://mp3splt.sf.net"
        genre: ""
        title: "05 Kaiowas.mp3"

highlevel:
    ballroom:
        all:
            ChaChaCha: 0.137496054173
            Jive: 0.222349390388
            Quickstep: 0.0515730120242
            Rumba-American: 0.00402434309945
            Rumba-International: 0.0446972362697
            Rumba-Misc: 0.0126149887219
            Samba: 0.499207347631
            Tango: 0.0086848475039
            VienneseWaltz: 0.00951919425279
            Waltz: 0.00983359664679
        probability: 0.499207347631
        value: "Samba"
    culture:
        all:
            non_western: 0.0542300716043
            western: 0.945769906044
        probability: 0.945769906044
        value: "western"
    gender:
        all:
            female: 0.824823200703
            male: 0.175176799297
        probability: 0.824823200703
        value: "female"
    genre_dortmund:
        all:
            alternative: 0.174022883177
            blues: 0.00432590860873
            electronic: 0.532492995262
            folkcountry: 0.017075791955
            funksoulrnb: 0.00211005075835
            jazz: 0.0638127848506
            pop: 0.0203411392868
            raphiphop: 0.00851837731898
            rock: 0.177300095558
        probability: 0.532492995262
        value: "electronic"
    genre_electronica:
        all:
            ambient: 0.322924077511
            dnb: 0.513130247593
            house: 0.0165064930916
            techno: 0.0526527911425
            trance: 0.0947863906622
        probability: 0.513130247593
        value: "dnb"
    genre_rosamerica:
        all:
            cla: 0.118063762784
            dan: 0.217976301908
            hip: 0.187661394477
            jaz: 0.069355994463
            pop: 0.05454351753
            rhy: 0.0865601301193
            roc: 0.258494794369
            spe: 0.0073440936394
        probability: 0.258494794369
        value: "roc"
    genre_tzanetakis:
        all:
            blu: 0.0379049554467
            cla: 0.0460215844214
            cou: 0.0269892755896
            dis: 0.0516648516059
            hip: 0.139596059918
            jaz: 0.0476538389921
            met: 0.180951222777
            pop: 0.179397493601
            reg: 0.124854698777
            roc: 0.164966017008
        probability: 0.180951222777
        value: "met"
    live_studio:
        all:
            live: 0.151922538877
            studio: 0.848077476025
        probability: 0.848077476025
        value: "studio"
    mood:
        all:
            Cluster1: 0.480677723885
            Cluster2: 0.0530545599759
            Cluster3: 0.101068414748
            Cluster4: 0.0144615070894
            Cluster5: 0.350737810135
        probability: 0.480677723885
        value: "Cluster1"
    mood_acoustic:
        all:
            acoustic: 0.199607864022
            not_acoustic: 0.800392150879
        probability: 0.800392150879
        value: "not_acoustic"
    mood_aggressive:
        all:
            aggressive: 0.745327413082
            not_aggressive: 0.254672586918
        probability: 0.745327413082
        value: "aggressive"
    mood_electronic:
        all:
            electronic: 0.871180295944
            not_electronic: 0.128819704056
        probability: 0.871180295944
        value: "electronic"
    mood_happy:
        all:
            happy: 0.0895809903741
            not_happy: 0.910418987274
        probability: 0.910418987274
        value: "not_happy"
    mood_party:
        all:
            not_party: 0.52094233036
            party: 0.47905766964
        probability: 0.52094233036
        value: "not_party"
    mood_relaxed:
        all:
            not_relaxed: 0.326958090067
            relaxed: 0.673041939735
        probability: 0.673041939735
        value: "relaxed"
    mood_sad:
        all:
            not_sad: 0.373581379652
            sad: 0.62641865015
        probability: 0.62641865015
        value: "sad"
    rhythm:
        all:
            fast: 0.210058555007
            medium: 0.70450335741
            slow: 0.085438080132
        probability: 0.70450335741
        value: "medium"
    speech_music:
        all:
            music: 0.97634601593
            speech: 0.0236539766192
        probability: 0.97634601593
        value: "music"
    timbre:
        all:
            bright: 0.143239453435
            dark: 0.856760561466
        probability: 0.856760561466
        value: "dark"
    voice_instrumental:
        all:
            instrumental: 0.972699463367
            voice: 0.0273005273193
        probability: 0.972699463367
        value: "instrumental"

lowlevel:
    average_loudness: 0.971067965031
    barkbands_kurtosis:
        dmean: 2.97342538834
        dmean2: 5.10511732101
        dvar: 14.5093746185
        dvar2: 40.4116821289
        max: 31.7928199768
        mean: 2.23083376884
        min: -1.75005447865
        var: 17.7640724182
    barkbands_skewness:
        dmean: 0.726652681828
        dmean2: 1.20480000973
        dvar: 0.442623347044
        dvar2: 1.26592004299
        max: 5.33624744415
        mean: 1.6081379652
        min: -1.04566383362
        var: 0.759932339191
    barkbands_spread:
        dmean: 8.4212064743
        dmean2: 13.6182584763
        dvar: 50.9202880859
        dvar2: 132.383087158
        max: 55.7641448975
        mean: 27.4327526093
        min: 4.11849355698
        var: 116.374313354
    dissonance:
        dmean: 0.0147157376632
        dmean2: 0.0250770840794
        dvar: 0.000185668817721
        dvar2: 0.000439467112301
        max: 0.499917477369
        mean: 0.474732220173
        min: 0.336049348116
        var: 0.000257884879829
    hfc:
        dmean: 1.35042786598
        dmean2: 1.97846925259
        dvar: 7.78591966629
        dvar2: 16.9654369354
        max: 21.6303348541
        mean: 1.79219138622
        min: 0.027594178915
        var: 9.17024040222
    pitch:
        dmean: 366.424316406
        dmean2: 709.837219238
        dvar: 916186.5625
        dvar2: 2471836.5
        max: 4410
        mean: 363.646270752
        min: 71.8241043091
        var: 605470.875
    pitch_instantaneous_confidence:
        dmean: 0.0739970877767
        dmean2: 0.128035575151
        dvar: 0.00410956051201
        dvar2: 0.0121250683442
        max: 0.646705746651
        mean: 0.273317962885
        min: 0.136610746384
        var: 0.0056951851584
    pitch_salience:
        dmean: 0.0799034908414
        dmean2: 0.142175748944
        dvar: 0.00417528115213
        dvar2: 0.0124327363446
        max: 0.805882692337
        mean: 0.639108896255
        min: 0.363109022379
        var: 0.00562145654112
    silence_rate_20dB:
        dmean: 0
        dmean2: 0
        dvar: 0
        dvar2: 0
        max: 1
        mean: 1
        min: 1
        var: 0
    silence_rate_30dB:
        dmean: 0
        dmean2: 0
        dvar: 0
        dvar2: 0
        max: 1
        mean: 1
        min: 1
        var: 0
    silence_rate_60dB:
        dmean: 0.125
        dmean2: 0.248259857297
        dvar: 0.109375
        dvar2: 0.219109624624
        max: 1
        mean: 0.840646624565
        min: 0
        var: 0.133960515261
    spectral_centroid:
        dmean: 280.816314697
        dmean2: 463.25769043
        dvar: 77671.59375
        dvar2: 216100.15625
        max: 2622.21459961
        mean: 785.556945801
        min: 217.797149658
        var: 125549.835938
    spectral_complexity:
        dmean: 2.71461725235
        dmean2: 4.47209310532
        dvar: 25.1273612976
        dvar2: 55.3097038269
        max: 34
        mean: 4.57407426834
        min: 0
        var: 29.0037631989
    spectral_crest:
        dmean: 3.05317544937
        dmean2: 5.17390871048
        dvar: 6.42394065857
        dvar2: 18.8864631653
        max: 22.0770664215
        mean: 9.30104255676
        min: 3.11486792564
        var: 9.92149734497
    spectral_decrease:
        dmean: 4.81635564764e-10
        dmean2: 7.72102548563e-10
        dvar: 9.93665703478e-19
        dvar2: 2.46466466483e-18
        max: -9.31571399881e-12
        mean: -5.91720006327e-10
        min: -8.85120421401e-09
        var: 9.38554691769e-19
    spectral_energy:
        dmean: 0.00192937371321
        dmean2: 0.00306430878118
        dvar: 1.5723557226e-05
        dvar2: 3.85376552003e-05
        max: 0.0353684313595
        mean: 0.00239584338851
        min: 3.76624775527e-05
        var: 1.52340526256e-05
    spectral_energyband_high:
        dmean: 8.1240934378e-05
        dmean2: 0.000119976197311
        dvar: 3.01334068809e-08
        dvar2: 6.93198956014e-08
        max: 0.00137433165219
        mean: 9.44233688642e-05
        min: 1.50856317305e-06
        var: 3.25011377811e-08
    spectral_energyband_low:
        dmean: 0.000460550334537
        dmean2: 0.00078510743333
        dvar: 9.483421195e-07
        dvar2: 2.57052533925e-06
        max: 0.0100233256817
        mean: 0.000445936835604
        min: 2.45063415605e-06
        var: 7.45988359085e-07
    spectral_energyband_middle_high:
        dmean: 0.000309528171783
        dmean2: 0.000456181180198
        dvar: 4.56808209037e-07
        dvar2: 1.04450680283e-06
        max: 0.00581483636051
        mean: 0.000406113336794
        min: 5.7925526562e-06
        var: 5.03179990119e-07
    spectral_energyband_middle_low:
        dmean: 0.00129126664251
        dmean2: 0.00213436805643
        dvar: 7.89131809142e-06
        dvar2: 2.09368263313e-05
        max: 0.025065952912
        mean: 0.00144911697134
        min: 2.7910740755e-05
        var: 6.46192938802e-06
    spectral_flatness_db:
        dmean: 0.0275551397353
        dmean2: 0.0466733835638
        dvar: 0.000547908362933
        dvar2: 0.00158647063654
        max: 0.273499578238
        mean: 0.159240186214
        min: 0.084410533309
        var: 0.000980507349595
    spectral_flux:
        dmean: 0.0126675684005
        dmean2: 0.0189474374056
        dvar: 0.000292133452604
        dvar2: 0.000508418830577
        max: 0.163320556283
        mean: 0.0303817391396
        min: 0.00613697618246
        var: 0.000521594833117
    spectral_kurtosis:
        dmean: 1.45611262321
        dmean2: 2.45406150818
        dvar: 2.53320288658
        dvar2: 7.08925533295
        max: 15.5259799957
        mean: 4.02806949615
        min: 1.18829441071
        var: 3.67414069176
    spectral_rms:
        dmean: 0.000494415231515
        dmean2: 0.0007330350345
        dvar: 4.05120971436e-07
        dvar2: 8.68848985647e-07
        max: 0.00587416253984
        mean: 0.00130657083355
        min: 0.000191686936887
        var: 6.30280965197e-07
    spectral_rolloff:
        dmean: 895.950744629
        dmean2: 1508.97668457
        dvar: 675821.125
        dvar2: 1687283.625
        max: 4328.17382812
        mean: 1700.27600098
        min: 172.265625
        var: 1229240.5
    spectral_skewness:
        dmean: 0.220402404666
        dmean2: 0.354948252439
        dvar: 0.043754838407
        dvar2: 0.104557216167
        max: 3.51050806046
        mean: 1.5877777338
        min: 1.03524827957
        var: 0.0905571132898
    spectral_spread:
        dmean: 654510.75
        dmean2: 936214.6875
        dvar: 456431599616
        dvar2: 892981739520
        max: 9810346
        mean: 4898051.5
        min: 2735478.5
        var: 917346385920
    spectral_strongpeak:
        dmean: 0.0771055668592
        dmean2: 0.125272020698
        dvar: 0.00620474340394
        dvar2: 0.0143986083567
        max: 0.864462077618
        mean: 0.117182046175
        min: 0.0123511375859
        var: 0.0101690655574
    zerocrossingrate:
        dmean: 0.00983020011336
        dmean2: 0.0122967390344
        dvar: 6.03777152719e-05
        dvar2: 8.94870754564e-05
        max: 0.1142578125
        mean: 0.0604666247964
        min: 0.01416015625
        var: 0.00034483341733
    barkbands:
        dmean: [6.19374645794e-07, 0.000115783353976, 0.00037381236325, 0.000641426478978, 0.000634602853097, 9.78797033895e-05, 5.09796554979e-05, 4.23387318733e-05, 3.26589142787e-05, 4.59820366814e-05, 2.09548416024e-05, 1.23987038023e-05, 1.25334399854e-05, 1.61478601512e-05, 2.46811050602e-05, 3.93335685658e-05, 5.97847138124e-05, 5.21800102433e-05, 5.45923867321e-05, 5.9790792875e-05, 3.50814480043e-05, 8.89492821443e-06, 2.65601147476e-06, 1.29484885747e-06, 7.91757713614e-07, 2.90542701009e-08, 3.61813995431e-10]
        dmean2: [6.5932039206e-07, 0.000192833511392, 0.000647238106467, 0.00115693861153, 0.00104447407648, 0.000168889411725, 8.80281004356e-05, 7.26289872546e-05, 5.74876867176e-05, 7.69686157582e-05, 3.50649206666e-05, 1.96897944988e-05, 2.04642674362e-05, 2.71415774478e-05, 3.90567001887e-05, 6.25622196821e-05, 9.72684792941e-05, 8.12077414594e-05, 8.4253391833e-05, 9.20385937206e-05, 5.21537840541e-05, 1.36037106131e-05, 4.11399059885e-06, 2.05442870538e-06, 1.22870528685e-06, 4.50628903081e-08, 4.78976747154e-10]
        dvar: [1.3014546385e-10, 3.76076449982e-08, 7.06567448105e-07, 2.32445586335e-06, 1.76974651822e-06, 3.72107784585e-08, 7.11102687845e-09, 1.15846363613e-08, 5.80490322477e-09, 1.28290107426e-08, 3.8970857652e-09, 3.70387803761e-10, 7.23025694871e-10, 1.78465575651e-09, 2.71583910916e-09, 8.62618509956e-09, 2.23216165551e-08, 1.05848529941e-08, 1.49611008027e-08, 1.77620389508e-08, 5.13297715443e-09, 4.1059489142e-10, 3.39812622485e-11, 1.13585486503e-11, 3.18263362713e-12, 4.32690009853e-15, 2.00000393802e-17]
        dvar2: [1.3039426483e-10, 9.27844041598e-08, 1.96585438061e-06, 6.56755719319e-06, 4.46193371317e-06, 1.03090343373e-07, 1.96155411913e-08, 3.10304990592e-08, 1.55929793522e-08, 3.11954266863e-08, 1.05677244733e-08, 9.59825330327e-10, 1.74563719035e-09, 4.75668615607e-09, 6.13121686754e-09, 2.11392165994e-08, 5.49553718088e-08, 2.5110198365e-08, 3.3091406948e-08, 4.23647996683e-08, 1.20038503582e-08, 9.6570818009e-10, 8.05474645316e-11, 2.84446841081e-11, 7.82873332134e-12, 1.05723162701e-14, 2.00657009772e-17]
        max: [0.000237205065787, 0.00125503528398, 0.00905833020806, 0.0127428583801, 0.0100608598441, 0.00146863714326, 0.000684834551066, 0.000893058546353, 0.000674012699164, 0.00105613353662, 0.000761738570873, 0.000181717434316, 0.000297470658552, 0.000452627340565, 0.000457804824691, 0.000964999722783, 0.00111325841863, 0.00075000198558, 0.00114902900532, 0.00103929126635, 0.000719337491319, 0.000181741910637, 4.49953440693e-05, 4.00567441829e-05, 1.4302981981e-05, 6.25795507858e-07, 9.30365828822e-08]
        mean: [6.09501171311e-07, 0.000114132126328, 0.000331450457452, 0.000524074363057, 0.000671722227708, 0.000110648441478, 6.18789636064e-05, 4.26714141213e-05, 3.30014227075e-05, 4.49016151833e-05, 2.0188777853e-05, 1.73454191099e-05, 1.6221720216e-05, 1.82929961738e-05, 2.78456373053e-05, 4.79242917208e-05, 6.49549838272e-05, 6.19218189968e-05, 6.35446704109e-05, 6.85846607666e-05, 3.93046284444e-05, 9.98608993541e-06, 2.67633458861e-06, 1.19386402275e-06, 7.43147040794e-07, 2.67234536722e-08, 3.40283995426e-10]
        min: [4.16440978923e-11, 5.62155378248e-07, 1.87488285519e-06, 1.20938841519e-06, 1.46381116792e-05, 2.13720022657e-06, 1.966861646e-06, 4.98923327541e-07, 2.09685651953e-07, 2.17718920226e-07, 3.15775814386e-08, 8.53424296565e-07, 2.07602340652e-07, 3.0587244737e-07, 1.0719752197e-07, 9.4666734185e-07, 5.05816387886e-07, 9.24891025988e-07, 8.48461638725e-07, 9.67979076449e-07, 3.82942999977e-07, 1.19185429526e-07, 1.79581505222e-08, 1.13048237438e-08, 4.74708672371e-09, 1.52832593803e-10, 3.1738514269e-13]
        var: [1.29885005529e-10, 3.66236498905e-08, 5.17747764661e-07, 1.45145838815e-06, 1.69298698438e-06, 3.39543504424e-08, 6.40794972639e-09, 9.34851396295e-09, 4.39317959788e-09, 1.13019433812e-08, 2.82773005011e-09, 3.95866617264e-10, 7.82572007196e-10, 1.34332533985e-09, 2.99835423156e-09, 8.68024763179e-09, 2.05428545286e-08, 1.14108216209e-08, 1.66293272486e-08, 1.79248971222e-08, 5.56063417534e-09, 4.14644124591e-10, 3.51561973977e-11, 9.5957174498e-12, 2.84774677797e-12, 3.78766537178e-15, 1.99872875638e-17]
    mfcc:
        mean: [-778.873718262, 128.127792358, -26.5292816162, 62.9330291748, -2.1881673336, 2.84832406044, 1.58331525326, -4.80235338211, 0.305514931679, -9.20885276794, -9.32238960266, -4.80922174454, -5.57450437546]
        cov: [[2979.35791016, -536.090087891, 131.178756714, 15.3410739899, -30.6008644104, -114.04536438, -16.5013046265, 89.6910858154, 88.5334091187, 97.0154037476, -29.3457546234, -93.8924560547, -42.3589096069], [-536.090087891, 443.900909424, -43.227771759, 12.4145269394, 3.34116816521, 34.471206665, -14.9420919418, 4.05969238281, -26.1125679016, 8.62495613098, 15.8295526505, -5.98130321503, -11.780377388], [131.178756714, -43.227771759, 106.181755066, 14.4421892166, 26.0997657776, 3.28255081177, 20.0608596802, 9.00284290314, 10.623298645, -1.07163393497, 7.22941732407, -2.65108537674, -5.74244976044], [15.3410739899, 12.4145269394, 14.4421892166, 82.8211746216, 16.7207508087, 21.7511100769, 5.24827337265, 8.01982212067, 2.72480392456, 9.71227931976, 1.75237858295, 12.1817378998, 6.82377672195], [-30.6008644104, 3.34116816521, 26.0997657776, 16.7207508087, 55.6632423401, 24.129693985, 16.422876358, 2.47512483597, 4.69368886948, 6.67727279663, 8.69519901276, 5.60002183914, 5.85797071457], [-114.04536438, 34.471206665, 3.28255081177, 21.7511100769, 24.129693985, 56.3465614319, 21.3730506897, 7.17946815491, -0.155091717839, 7.2744178772, 9.41286087036, 10.0579919815, 7.33154630661], [-16.5013046265, -14.9420919418, 20.0608596802, 5.24827337265, 16.422876358, 21.3730506897, 49.889629364, 15.6949424744, 9.26568984985, 4.50311899185, 3.36834192276, 4.54752397537, 0.792024195194], [89.6910858154, 4.05969238281, 9.00284290314, 8.01982212067, 2.47512483597, 7.17946815491, 15.6949424744, 44.3206558228, 14.7364749908, 12.7084407806, 1.50419664383, -2.08808231354, -0.6965893507], [88.5334091187, -26.1125679016, 10.623298645, 2.72480392456, 4.69368886948, -0.155091717839, 9.26568984985, 14.7364749908, 41.3559989929, 13.697763443, 0.171921923757, 4.18923187256, 0.0939844101667], [97.0154037476, 8.62495613098, -1.07163393497, 9.71227931976, 6.67727279663, 7.2744178772, 4.50311899185, 12.7084407806, 13.697763443, 45.9732780457, 9.52592945099, -1.52651512623, -4.18601751328], [-29.3457546234, 15.8295526505, 7.22941732407, 1.75237858295, 8.69519901276, 9.41286087036, 3.36834192276, 1.50419664383, 0.171921923757, 9.52592945099, 37.0571975708, 12.2500047684, 4.40483236313], [-93.8924560547, -5.98130321503, -2.65108537674, 12.1817378998, 5.60002183914, 10.0579919815, 4.54752397537, -2.08808231354, 4.18923187256, -1.52651512623, 12.2500047684, 43.9207992554, 16.2945804596], [-42.3589096069, -11.780377388, -5.74244976044, 6.82377672195, 5.85797071457, 7.33154630661, 0.792024195194, -0.6965893507, 0.0939844101667, -4.18601751328, 4.40483236313, 16.2945804596, 32.5894432068]]
        icov: [[0.000647112552542, 0.000743051059544, -0.00051347061526, -0.000349775364157, 0.000227868877118, 0.000741233932786, 0.000681507517584, -0.00108640012331, -0.000264063157374, -0.00122539466247, -3.51841881638e-05, 0.00118459342048, 0.000100788762211], [0.000743051059544, 0.00362318940461, 0.000556754181162, -0.000642274913844, -9.27994460653e-06, -0.00119388499297, 0.00220322539099, -0.00226536253467, 0.0011789414566, -0.00135999114718, -0.00129398691934, 0.00177021359559, 0.00178808672354], [-0.00051347061526, 0.000556754181162, 0.013499644585, -0.00227985600941, -0.00601066276431, 0.00226957234554, -0.00403854437172, -0.0004154505732, -0.00171683018561, 0.00448438851163, -0.00390304531902, 0.00114931794815, 0.00358289969154], [-0.000349775364157, -0.000642274913844, -0.00227985600941, 0.0154204666615, -0.00185418245383, -0.0053551341407, 0.00258067762479, -0.00161450845189, 0.00146560475696, -0.00264510232955, 0.00380018725991, -0.00495671853423, -0.0012558454182], [0.000227868877118, -9.27994460653e-06, -0.00601066276431, -0.00185418245383, 0.0268886182457, -0.0083317682147, -0.00309199444018, 0.00350852799602, -0.00166520953644, -0.00290533015504, -0.00193752360065, 0.00174825510476, -0.00416740402579], [0.000741233932786, -0.00119388499297, 0.00226957234554, -0.0053551341407, -0.0083317682147, 0.0309162884951, -0.0103374924511, -0.00174442364369, 0.00240774266422, -0.00276748742908, -0.00278350687586, -0.000438140879851, -0.00295760808513], [0.000681507517584, 0.00220322539099, -0.00403854437172, 0.00258067762479, -0.00309199444018, -0.0103374924511, 0.0311985164881, -0.00969695486128, -0.0022391162347, -0.000179588678293, 0.00133941194508, -0.00134518509731, 0.00282108224928], [-0.00108640012331, -0.00226536253467, -0.0004154505732, -0.00161450845189, 0.00350852799602, -0.00174442364369, -0.00969695486128, 0.0323922224343, -0.00785757601261, -0.00300672883168, -6.34417592664e-05, 0.00191004178487, -0.00258626858704], [-0.000264063157374, 0.0011789414566, -0.00171683018561, 0.00146560475696, -0.00166520953644, 0.00240774266422, -0.0022391162347, -0.00785757601261, 0.032733514905, -0.00846720393747, 0.00382395135239, -0.00604081805795, 0.000439216062659], [-0.00122539466247, -0.00135999114718, 0.00448438851163, -0.00264510232955, -0.00290533015504, -0.00276748742908, -0.000179588678293, -0.00300672883168, -0.00846720393747, 0.0318233780563, -0.00888686068356, 0.00168523273896, 0.00481519242749], [-3.51841881638e-05, -0.00129398691934, -0.00390304531902, 0.00380018725991, -0.00193752360065, -0.00278350687586, 0.00133941194508, -6.34417592664e-05, 0.00382395135239, -0.00888686068356, 0.0351195782423, -0.0106648681685, -0.00162330514286], [0.00118459342048, 0.00177021359559, 0.00114931794815, -0.00495671853423, 0.00174825510476, -0.000438140879851, -0.00134518509731, 0.00191004178487, -0.00604081805795, 0.00168523273896, -0.0106648681685, 0.0354389101267, -0.0127661218867], [0.000100788762211, 0.00178808672354, 0.00358289969154, -0.0012558454182, -0.00416740402579, -0.00295760808513, 0.00282108224928, -0.00258626858704, 0.000439216062659, 0.00481519242749, -0.00162330514286, -0.0127661218867, 0.0408666841686]]
    spectral_contrast:
        mean: [5.36717777777e-07, 1.30445528157e-07, -5.61935678434e-07, 4.38126903646e-07, -5.83413246602e-08, 5.14641946836e-08, 3.48362937075e-06, -1.17029310331e-06, -3.42316229762e-06, -6.05704599366e-07, 7.57199757118e-07, -1.06750258055e-06]
        var: [0.000180182105396, 0.000332142342813, 0.000588959024753, 0.000795124971773, 0.00138234102633, 0.00264664948918, 0.0306277405471, 0.0547955743968, 0.0840167403221, 0.168279394507, 0.264242112637, 1.6201210022]

rhythm:
    beats_loudness:
        dmean: 0.00570047320798
        dmean2: 0.0110162710771
        dvar: 7.08152765583e-06
        dvar2: 2.87211441901e-05
        max: 0.0130037209019
        mean: 0.0060923313722
        min: 0.000821660330985
        var: 1.47773143908e-05
    beats_loudness_bass:
        dmean: 0.146504983306
        dmean2: 0.270818769932
        dvar: 0.0104711726308
        dvar2: 0.0285077374429
        max: 0.667080998421
        mean: 0.330215364695
        min: 0.0824490338564
        var: 0.0166097488254
    bpm: 73.2097320557
    bpm_confidence: 0
    first_peak_bpm: 145
    first_peak_spread: 0.100000023842
    first_peak_weight: 0.5625
    onset_rate: 5.98144578934
    second_peak_bpm: 73
    second_peak_spread: 0
    second_peak_weight: 0.375
    beats_position: [0.794090628624, 1.61365485191, 2.43321895599, 3.25278329849, 4.07234764099, 4.89191198349, 5.71147584915, 6.119328022, 6.5343670845, 6.949406147, 7.3644452095, 7.77948379517, 8.19452285767, 8.60956192017, 9.02460098267, 9.43964004517, 9.85467910767]
    bpm_estimates: [73.2876358032, 73.3064041138, 73.266784668, 73.1276931763, 73.0632858276, 73.2607955933, 73.279335022, 73.1025543213, 73.2213363647, 73.1814651489]
    bpm_intervals: [0.819564223289, 0.81956410408, 0.819564342499, 0.819564342499, 0.819564342499, 0.819563865662, 0.407852172852, 0.4150390625, 0.4150390625, 0.4150390625, 0.415038585663, 0.4150390625, 0.4150390625, 0.4150390625, 0.4150390625, 0.4150390625]
    onset_times: [0.0464399084449, 0.243809521198, 0.522448956966, 0.650158703327, 0.789478480816, 1.05650794506, 1.20743763447, 1.33514738083, 1.45124721527, 1.60217690468, 1.88081634045, 2.03174614906, 2.17106580734, 2.28716564178, 2.42648530006, 2.70512461662, 2.84444451332, 2.9837641716, 3.11147403717, 3.25079369545, 3.5178232193, 3.69197273254, 3.81968259811, 3.93578219414, 4.07510185242, 4.33052158356, 4.48145103455, 4.62077093124, 4.76009082794, 4.88780021667, 5.18966007233, 5.31736946106, 5.45668935776, 5.58439922333, 5.71210861206, 6.00235843658, 6.15328788757, 6.29260778427, 6.39709758759, 6.54802703857, 6.81505680084, 6.96598625183, 7.0936961174, 7.2330160141, 7.36072540283, 7.6277551651, 7.7670750618, 7.89478445053, 8.0224943161, 8.17342376709, 8.47528362274, 8.6146030426, 8.75392246246, 8.87002277374, 9.0093421936, 9.31120204926, 9.45052146912, 9.58984088898, 9.71755123138, 9.85687065125]
    rubato_start: [6.119328022]
    rubato_stop: [6.5343670845]
    perceptual_tempo: "unknown"

sfx:
    inharmonicity:
        dmean: 0.0222602151334
        dmean2: 0.0400643721223
        dvar: 0.000866203918122
        dvar2: 0.00243016891181
        max: 0.198930248618
        mean: 0.0187493059784
        min: 0.00019584056281
        var: 0.000728073122445
    oddtoevenharmonicenergyratio:
        dmean: 1.02290642262
        dmean2: 1.9957536459
        dvar: 40.4201698303
        dvar2: 120.921653748
        max: 90.9861526489
        mean: 0.569753229618
        min: 0.000779564084951
        var: 20.4933986664
    pitch_after_max_to_before_max_energy_ratio: 0.188221767545
    pitch_centroid: 215.165649414
    pitch_max_to_total: 0.844907402992
    pitch_min_to_total: 0.935185194016
    tristimulus:
        dmean: [0.208856537938, 0.174715310335, 0.0954350307584]
        dmean2: [0.355414092541, 0.307076632977, 0.165995642543]
        dvar: [0.0273896791041, 0.0236525386572, 0.00831645354629]
        dvar2: [0.0859632119536, 0.070533849299, 0.0242444761097]
        max: [0.968378663063, 0.95856565237, 0.710283517838]
        mean: [0.617859959602, 0.2726996243, 0.0951875522733]
        min: [0.0414343439043, 0, 0]
        var: [0.0376046821475, 0.027511421591, 0.00909935496747]

tonal:
    chords_changes_rate: 0.055299539119
    chords_number_rate: 0.0230414755642
    chords_strength:
        dmean: 0.0125394677743
        dmean2: 0.0164520461112
        dvar: 8.94856711966e-05
        dvar2: 0.000192387902644
        max: 0.689046800137
        mean: 0.468192905188
        min: 0.254727393389
        var: 0.00916045252234
    key_strength: 0.793882668018
    tuning_diatonic_strength: 0.558741033077
    tuning_equal_tempered_deviation: 0.192554607987
    tuning_frequency: 452.108886719
    tuning_nontempered_energy_ratio: 0.872823596001
    hpcp:
        dmean: [0.217649295926, 0.188155427575, 0.159551694989, 0.141878336668, 0.137067481875, 0.13061465323, 0.138222292066, 0.153962299228, 0.150374025106, 0.177244573832, 0.20955362916, 0.238138198853, 0.231169760227, 0.238515302539, 0.216359496117, 0.178821220994, 0.172188013792, 0.213498562574, 0.331559717655, 0.34522280097, 0.25168889761, 0.190002724528, 0.158327445388, 0.137945249677, 0.140252321959, 0.126830548048, 0.108949773014, 0.140259101987, 0.175205290318, 0.180373445153, 0.152427449822, 0.163243427873, 0.224944859743, 0.274563372135, 0.251740306616, 0.25679910183]
        dmean2: [0.386268168688, 0.313304930925, 0.28106534481, 0.253670245409, 0.24321180582, 0.229697495699, 0.259087949991, 0.286069095135, 0.263599336147, 0.314712643623, 0.372870713472, 0.438825041056, 0.410213410854, 0.429673165083, 0.400963008404, 0.328604727983, 0.317355781794, 0.381502151489, 0.596931278706, 0.627964258194, 0.457278758287, 0.351846635342, 0.293430805206, 0.259434819221, 0.257932841778, 0.233892470598, 0.197921872139, 0.258610069752, 0.321703404188, 0.329886853695, 0.268697351217, 0.298250496387, 0.407036960125, 0.479473054409, 0.432125002146, 0.476469635963]
        dvar: [0.0650395303965, 0.0545194931328, 0.0477983653545, 0.0370957180858, 0.0351956225932, 0.0298921298236, 0.0334067046642, 0.0404584482312, 0.0307047143579, 0.0457725599408, 0.0446824580431, 0.0690430626273, 0.0633410513401, 0.0681664422154, 0.0683455020189, 0.0590040832758, 0.0579512789845, 0.0582176409662, 0.101229891181, 0.10765901953, 0.077950194478, 0.0683602914214, 0.0435648709536, 0.0344799123704, 0.038115080446, 0.0269554387778, 0.0213307365775, 0.0376740247011, 0.0490424856544, 0.0383166708052, 0.0304039008915, 0.0505089536309, 0.0589209124446, 0.080349624157, 0.0577205717564, 0.0723331794143]
        dvar2: [0.167981252074, 0.138715952635, 0.126442700624, 0.10175845772, 0.0941979587078, 0.0848302096128, 0.0988577753305, 0.112537071109, 0.0870016142726, 0.133719071746, 0.130221366882, 0.201353192329, 0.175421893597, 0.19494779408, 0.186478510499, 0.153104633093, 0.159506037831, 0.159138396382, 0.277707844973, 0.284361898899, 0.209092736244, 0.194339379668, 0.117732912302, 0.100066795945, 0.107505567372, 0.0791512578726, 0.0657767653465, 0.111859492958, 0.134348526597, 0.100349068642, 0.0842040777206, 0.133196368814, 0.157784700394, 0.182956248522, 0.138471573591, 0.203143715858]
        max: [1, 1, 1, 1, 1, 1, 1, 1, 1, 1, 1, 1, 1, 1, 1, 1, 1, 1, 1, 1, 1, 1, 1, 1, 1, 0.954462945461, 0.783362865448, 1, 1, 1, 0.958291172981, 1, 1, 1, 1, 1]
        mean: [0.232315763831, 0.208780407906, 0.160939633846, 0.150276586413, 0.148408949375, 0.131312668324, 0.131011351943, 0.135905370116, 0.139886304736, 0.169319227338, 0.188493564725, 0.211292162538, 0.252434670925, 0.236252710223, 0.173274204135, 0.143864169717, 0.137220099568, 0.181170046329, 0.295171320438, 0.314517349005, 0.215051114559, 0.162826269865, 0.145830407739, 0.121415585279, 0.122695088387, 0.109866693616, 0.093427233398, 0.118068650365, 0.146870627999, 0.148435309529, 0.136975467205, 0.137881547213, 0.201107874513, 0.305233836174, 0.291050136089, 0.225745096803]
        min: [0.00267024082132, 0.00362983578816, 0.0051207691431, 0.00421269750223, 0.00314337387681, 0.00525218015537, 0.0041569750756, 0.00290525588207, 0.00244746590033, 0.00443112803623, 0.00707786204293, 0.00569329923019, 0.00540112284943, 0.00364988064393, 0.00458461418748, 0.00276811025105, 0.00266261980869, 0.00250844005495, 0.0045122904703, 0.00808388739824, 0.00608311221004, 0.002762156073, 0.00276037608273, 0.00306291272864, 0.00455148890615, 0.00471560284495, 0.00483414018527, 0.0019093779847, 0.00362329627387, 0.00425414461643, 0.00308153801598, 0.00135965691879, 0.00351779907942, 0.00264172931202, 0.0107305170968, 0.00610374705866]
        var: [0.0815219804645, 0.0775346904993, 0.0481621511281, 0.0466977357864, 0.053114566952, 0.0309512726963, 0.027047155425, 0.0323231481016, 0.0290874168277, 0.0426816865802, 0.044999267906, 0.0627562850714, 0.0695723369718, 0.0636755153537, 0.0540511533618, 0.0476802513003, 0.0432479418814, 0.0562410913408, 0.115337215364, 0.123660206795, 0.071717120707, 0.0530263185501, 0.0379371978343, 0.0257877595723, 0.0276585724205, 0.0203553009778, 0.0162568856031, 0.0328533947468, 0.0448292046785, 0.0350141301751, 0.0273515768349, 0.0382978953421, 0.0600128732622, 0.111936844885, 0.0850688293576, 0.0664909780025]
    chords_histogram: [34.562210083, 0, 13.3640556335, 0, 0, 0, 0, 1.84331798553, 0, 35.48387146, 0, 0, 0, 0, 0, 0, 0, 0, 0, 0, 0, 0, 0, 14.7465438843]
    thpcp: [1, 0.683749616146, 0.517702043056, 0.463664114475, 0.386037796736, 0.390105932951, 0.349318385124, 0.297049552202, 0.375396311283, 0.466971457005, 0.471946328878, 0.43551003933, 0.438390910625, 0.639417409897, 0.97048330307, 0.925386607647, 0.71775084734, 0.738642156124, 0.663812041283, 0.511703491211, 0.477800637484, 0.471862524748, 0.417505323887, 0.416547298431, 0.432107716799, 0.444765001535, 0.538346230984, 0.599310576916, 0.671798110008, 0.802609682083, 0.751159548759, 0.550920963287, 0.45741251111, 0.436287850142, 0.576025605202, 0.938489794731]
    chords_key: "G#"
    chords_scale: "major"
    key_key: "C#"
    key_scale: "minor"
    chords_progression: ["G#m", "G#m", "G#m", "G#m", "G#m", "G#m", "G#m", "G#m", "G#m", "G#m", "G#m", "G#m", "G#m", "G#m", "G#m", "G#m", "G#m", "G#m", "G#m", "G#m", "G#m", "G#m", "G#m", "G#m", "G#m", "G#m", "G#m", "C#m", "C#m", "A", "A", "C#m", "C#m", "C#m", "C#m", "C#m", "C#m", "C#m", "C#m", "C#m", "C#m", "C#m", "C#m", "C#m", "C#m", "C#m", "C#m", "C#m", "C#m", "C#m", "C#m", "C#m", "C#m", "C#m", "C#m", "C#m", "C#m", "C#m", "C#m", "C#m", "C#m", "C#m", "C#m", "C#m", "C#m", "C#m", "C#", "C#", "C#", "C#", "G#", "G#", "G#", "G#", "G#", "G#", "G#", "G#", "G#", "G#", "G#", "G#", "G#", "G#", "G#", "G#", "G#", "G#", "G#", "G#", "G#", "G#", "G#", "G#", "G#", "G#", "G#", "G#", "G#", "G#", "G#m", "G#m", "G#", "G#", "G#", "G#", "G#", "G#", "G#", "G#", "G#", "G#", "A", "G#", "A", "A", "A", "A", "A", "A", "A", "A", "A", "A", "A", "A", "A", "A", "A", "A", "A", "A", "A", "A", "A", "A", "A", "A", "A", "A", "A", "A", "A", "G#", "G#", "G#", "G#", "G#", "G#", "G#", "G#", "G#", "G#", "G#", "G#", "G#", "G#", "G#", "G#", "G#", "G#", "G#", "G#", "G#", "G#", "G#", "G#", "G#", "G#", "G#", "G#", "G#", "G#", "G#", "G#", "G#", "G#", "G#", "G#", "C#m", "C#m", "C#m", "C#m", "C#m", "C#m", "C#m", "C#m", "C#m", "C#m", "C#m", "C#m", "C#m", "C#m", "C#m", "C#m", "C#m", "C#m", "C#m", "C#m", "C#m", "C#m", "C#m", "C#m", "C#m", "C#m", "C#m", "C#m", "C#m", "C#m", "C#m", "C#m", "C#m", "C#m", "C#m", "C#m", "C#m", "C#m"]
