
metadata:
    version:
        essentia: "1.2.2"
    audio_properties:
        analysis_sample_rate: 44100
        bitrate: 128
        channels: 2
        equal_loudness: 1
        length: 9.97877597809
        replay_gain: -17.9039821625
        downmix: "mix"
    tags:
        track: 7
        year: 0
        album: "Splitted by Mp3Splt v. 2.1"
        artist: "From 001.00 To 001.10"
        comment: "http://mp3splt.sf.net"
        genre: ""
        title: "03 All About the Music.mp3"

highlevel:
    ballroom:
        all:
            ChaChaCha: 0.0863603502512
            Jive: 0.709704101086
            Quickstep: 0.0743418782949
            Rumba-American: 0.00104476953857
            Rumba-International: 0.00186847290024
            Rumba-Misc: 0.00124179583509
            Samba: 0.0987294465303
            Tango: 0.00192606751807
            VienneseWaltz: 0.0227669849992
            Waltz: 0.00201610196382
        probability: 0.709704101086
        value: "Jive"
    culture:
        all:
            non_western: 0.308792114258
            western: 0.691207885742
        probability: 0.691207885742
        value: "western"
    gender:
        all:
            female: 0.027857657522
            male: 0.972142338753
        probability: 0.972142338753
        value: "male"
    genre_dortmund:
        all:
            alternative: 0.0211091544479
            blues: 0.0653616786003
            electronic: 0.0392375998199
            folkcountry: 0.0200962070376
            funksoulrnb: 0.0855812430382
            jazz: 0.017244964838
            pop: 0.0181072577834
            raphiphop: 0.507856369019
            rock: 0.225405499339
        probability: 0.507856369019
        value: "raphiphop"
    genre_electronica:
        all:
            ambient: 0.134923398495
            dnb: 0.76545214653
            house: 0.0150459455326
            techno: 0.0254975147545
            trance: 0.059080991894
        probability: 0.76545214653
        value: "dnb"
    genre_rosamerica:
        all:
            cla: 0.012408869341
            dan: 0.0227922406048
            hip: 0.616238296032
            jaz: 0.0092932684347
            pop: 0.0475417822599
            rhy: 0.00583680253476
            roc: 0.275750786066
            spe: 0.0101379547268
        probability: 0.616238296032
        value: "hip"
    genre_tzanetakis:
        all:
            blu: 0.00710707670078
            cla: 0.00292210350744
            cou: 0.021501718089
            dis: 0.0943969041109
            hip: 0.406511455774
            jaz: 0.0100252041593
            met: 0.0657153725624
            pop: 0.135371610522
            reg: 0.0158376395702
            roc: 0.240610912442
        probability: 0.406511455774
        value: "hip"
    live_studio:
        all:
            live: 0.0119226966053
            studio: 0.988077282906
        probability: 0.988077282906
        value: "studio"
    mood:
        all:
            Cluster1: 0.218874335289
            Cluster2: 0.187531501055
            Cluster3: 0.0100762806833
            Cluster4: 0.109261035919
            Cluster5: 0.474256843328
        probability: 0.474256843328
        value: "Cluster5"
    mood_acoustic:
        all:
            acoustic: 0.00824376102537
            not_acoustic: 0.991756260395
        probability: 0.991756260395
        value: "not_acoustic"
    mood_aggressive:
        all:
            aggressive: 0.985447108746
            not_aggressive: 0.0145528716967
        probability: 0.985447108746
        value: "aggressive"
    mood_electronic:
        all:
            electronic: 0.544522225857
            not_electronic: 0.455477803946
        probability: 0.544522225857
        value: "electronic"
    mood_happy:
        all:
            happy: 0.469977855682
            not_happy: 0.530022144318
        probability: 0.530022144318
        value: "not_happy"
    mood_party:
        all:
            not_party: 0.0841889232397
            party: 0.915811061859
        probability: 0.915811061859
        value: "party"
    mood_relaxed:
        all:
            not_relaxed: 0.976364612579
            relaxed: 0.0236354153603
        probability: 0.976364612579
        value: "not_relaxed"
    mood_sad:
        all:
            not_sad: 0.995670318604
            sad: 0.00432966277003
        probability: 0.995670318604
        value: "not_sad"
    rhythm:
        all:
            fast: 0.894052088261
            medium: 0.102238424122
            slow: 0.0037094654981
        probability: 0.894052088261
        value: "fast"
    speech_music:
        all:
            music: 0.941978633404
            speech: 0.0580213516951
        probability: 0.941978633404
        value: "music"
    timbre:
        all:
            bright: 0.000521262758411
            dark: 0.999478757381
        probability: 0.999478757381
        value: "dark"
    voice_instrumental:
        all:
            instrumental: 0.0233450010419
            voice: 0.976655006409
        probability: 0.976655006409
        value: "voice"

lowlevel:
    average_loudness: 0.986048460007
    barkbands_kurtosis:
        dmean: 0.993182778358
        dmean2: 1.64418339729
        dvar: 2.52769970894
        dvar2: 6.50419473648
        max: 12.285077095
        mean: -0.607922911644
        min: -1.83751225471
        var: 2.5153400898
    barkbands_skewness:
        dmean: 0.552373349667
        dmean2: 0.816462635994
        dvar: 0.239625096321
        dvar2: 0.552925109863
        max: 3.43698167801
        mean: 0.139175266027
        min: -2.01445746422
        var: 0.718042850494
    barkbands_spread:
        dmean: 6.78611135483
        dmean2: 10.5129079819
        dvar: 34.9923324585
        dvar2: 82.4522247314
        max: 60.496383667
        mean: 31.0355567932
        min: 7.06988954544
        var: 83.5919876099
    dissonance:
        dmean: 0.0182523597032
        dmean2: 0.029057668522
        dvar: 0.000324873690261
        dvar2: 0.000704637903254
        max: 0.499381959438
        mean: 0.468801021576
        min: 0.244885876775
        var: 0.000702834338881
    hfc:
        dmean: 3.78816509247
        dmean2: 5.13222169876
        dvar: 16.4960765839
        dvar2: 31.3245162964
        max: 29.0494384766
        mean: 8.39732074738
        min: 0.147211059928
        var: 37.0414390564
    pitch:
        dmean: 857.342102051
        dmean2: 1657.36242676
        dvar: 1886369.75
        dvar2: 4122988.5
        max: 4009.09082031
        mean: 1372.12451172
        min: 86.6404724121
        var: 2645853.75
    pitch_instantaneous_confidence:
        dmean: 0.104641355574
        dmean2: 0.162229597569
        dvar: 0.00752967037261
        dvar2: 0.0155744114891
        max: 0.813508749008
        mean: 0.402542859316
        min: 0.156507611275
        var: 0.0188473463058
    pitch_salience:
        dmean: 0.0719291195273
        dmean2: 0.117656707764
        dvar: 0.0038430460263
        dvar2: 0.00968572124839
        max: 0.867468178272
        mean: 0.663791418076
        min: 0.36180460453
        var: 0.0074007618241
    silence_rate_20dB:
        dmean: 0
        dmean2: 0
        dvar: 0
        dvar2: 0
        max: 1
        mean: 1
        min: 1
        var: 0
    silence_rate_30dB:
        dmean: 0
        dmean2: 0
        dvar: 0
        dvar2: 0
        max: 1
        mean: 1
        min: 1
        var: 0
    silence_rate_60dB:
        dmean: 0.223255813122
        dmean2: 0.445221453905
        dvar: 0.173412501812
        dvar2: 0.298280000687
        max: 1
        mean: 0.294663578272
        min: 0
        var: 0.207837507129
    spectral_centroid:
        dmean: 360.734405518
        dmean2: 514.284484863
        dvar: 90896.859375
        dvar2: 204790.28125
        max: 3249.10107422
        mean: 1683.39550781
        min: 399.679199219
        var: 353702.125
    spectral_complexity:
        dmean: 5.7948718071
        dmean2: 8
        dvar: 30.186378479
        dvar2: 53.0560760498
        max: 45
        mean: 15.8999996185
        min: 0
        var: 80.6901245117
    spectral_crest:
        dmean: 2.72218060493
        dmean2: 4.49823713303
        dvar: 6.67683076859
        dvar2: 17.2080383301
        max: 20.8612613678
        mean: 7.17439317703
        min: 2.35715579987
        var: 10.3969049454
    spectral_decrease:
        dmean: 4.86468143546e-10
        dmean2: 6.71748878744e-10
        dvar: 1.7965535724e-19
        dvar2: 3.65639731841e-19
        max: -2.51565539233e-11
        mean: -1.12032949584e-09
        min: -3.60149376988e-09
        var: 4.35730312359e-19
    spectral_energy:
        dmean: 0.00213852943853
        dmean2: 0.00291078165174
        dvar: 3.48175944964e-06
        dvar2: 7.04373633198e-06
        max: 0.0162058062851
        mean: 0.00499004358426
        min: 0.000108298678242
        var: 8.588674973e-06
    spectral_energyband_high:
        dmean: 0.000284943904262
        dmean2: 0.000404620339395
        dvar: 1.19295691547e-07
        dvar2: 2.32895956742e-07
        max: 0.00241086212918
        mean: 0.000468011246994
        min: 3.94543667426e-06
        var: 2.56238763541e-07
    spectral_energyband_low:
        dmean: 0.000160496041644
        dmean2: 0.000272182369372
        dvar: 9.38076780699e-08
        dvar2: 2.42500078684e-07
        max: 0.00255844159983
        mean: 0.000180929870112
        min: 9.82592155196e-07
        var: 8.31951112445e-08
    spectral_energyband_middle_high:
        dmean: 0.00100792467128
        dmean2: 0.00140308879782
        dvar: 1.10951748411e-06
        dvar2: 2.16977105083e-06
        max: 0.00903674028814
        mean: 0.00214921031147
        min: 8.09035482234e-05
        var: 2.51814981311e-06
    spectral_energyband_middle_low:
        dmean: 0.00127214251552
        dmean2: 0.00193947355729
        dvar: 1.66225584053e-06
        dvar2: 3.64473680747e-06
        max: 0.00845679920167
        mean: 0.00219188886695
        min: 2.24639334192e-05
        var: 3.10004520543e-06
    spectral_flatness_db:
        dmean: 0.0191695746034
        dmean2: 0.0293255914003
        dvar: 0.000338314537657
        dvar2: 0.00080028665252
        max: 0.272100746632
        mean: 0.153340041637
        min: 0.0537821315229
        var: 0.000707798579242
    spectral_flux:
        dmean: 0.0124816317111
        dmean2: 0.0184379965067
        dvar: 0.000123702368001
        dvar2: 0.000273188023129
        max: 0.0951054468751
        mean: 0.0493359416723
        min: 0.010406665504
        var: 0.000262926681899
    spectral_kurtosis:
        dmean: 1.59679973125
        dmean2: 2.67496585846
        dvar: 2.53090763092
        dvar2: 5.88825798035
        max: 16.8762950897
        mean: 3.81368708611
        min: -0.25130200386
        var: 4.34392547607
    spectral_rms:
        dmean: 0.000494963722304
        dmean2: 0.000658513512462
        dvar: 1.7286905063e-07
        dvar2: 3.21825297078e-07
        max: 0.00397624727339
        mean: 0.00209966488183
        min: 0.000325049622916
        var: 4.59744939008e-07
    spectral_rolloff:
        dmean: 554.692871094
        dmean2: 812.877990723
        dvar: 370126.40625
        dvar2: 799696.75
        max: 4672.70507812
        mean: 3246.70629883
        min: 409.130859375
        var: 803536.5
    spectral_skewness:
        dmean: 0.236939519644
        dmean2: 0.353057205677
        dvar: 0.0474854297936
        dvar2: 0.0932375118136
        max: 2.74957895279
        mean: 1.19200587273
        min: 0.483583539724
        var: 0.129486232996
    spectral_spread:
        dmean: 375873.1875
        dmean2: 553832.75
        dvar: 290594455552
        dvar2: 401153490944
        max: 11732465
        mean: 3718915.25
        min: 2172761.5
        var: 872756215808
    spectral_strongpeak:
        dmean: 0.450083732605
        dmean2: 0.766277849674
        dvar: 0.282551348209
        dvar2: 0.723695933819
        max: 4.53741836548
        mean: 0.586958348751
        min: 0.0149696292356
        var: 0.37431615591
    zerocrossingrate:
        dmean: 0.0130879860371
        dmean2: 0.0147910425439
        dvar: 0.000114489586849
        dvar2: 0.000159759700182
        max: 0.1630859375
        mean: 0.094768576324
        min: 0.03466796875
        var: 0.000665937317535
    barkbands:
        dmean: [1.93982401697e-07, 5.69926851313e-05, 0.000120972967125, 0.000142503937241, 0.000434157351265, 0.00039332715096, 0.000364629988326, 0.000254757207585, 0.000288007460767, 0.00013974335161, 0.000101054749393, 0.000121089760796, 0.000104507300421, 9.21977771213e-05, 7.56049048505e-05, 0.000153236716869, 0.000145846424857, 0.000260568631347, 0.000231985774008, 0.000300962186884, 9.2508533271e-05, 2.83190383925e-05, 3.52041661245e-06, 5.76410343456e-07, 4.54810248129e-07, 1.7172990141e-08, 6.04009287031e-10]
        dmean2: [3.24087750414e-07, 9.46667278185e-05, 0.000213390216231, 0.00025542412186, 0.000703090394381, 0.000636182317976, 0.000628335576039, 0.000425589707447, 0.000431698514149, 0.000216346787056, 0.000166482597706, 0.000196872191736, 0.000171825435245, 0.000149681756739, 0.000118987663882, 0.000237532163737, 0.000228862438235, 0.000399376614951, 0.000337105535436, 0.000439366616774, 0.000136420334456, 4.16005168518e-05, 5.28955797563e-06, 8.51578704442e-07, 6.60750401948e-07, 2.38251125495e-08, 8.44317726845e-10]
        dvar: [3.22081432163e-14, 1.11948512682e-08, 5.67373277249e-08, 4.95595351424e-08, 5.0135759011e-07, 4.08644950767e-07, 7.18674698419e-07, 2.47309685619e-07, 3.28517415937e-07, 1.12948605135e-07, 5.55265806668e-08, 5.79715120352e-08, 2.71303264299e-08, 3.6741496956e-08, 1.48829801816e-08, 5.60031914176e-08, 2.89980199852e-08, 1.02644925448e-07, 8.01840940312e-08, 1.41039407708e-07, 1.27357768775e-08, 1.09435582818e-09, 2.84436224574e-11, 2.61521143283e-12, 5.1181693432e-12, 2.0151938725e-15, 3.76074389862e-17]
        dvar2: [8.11510553851e-14, 2.96184232695e-08, 1.50400467192e-07, 1.39140752253e-07, 1.32906961881e-06, 9.58497594183e-07, 1.79917412879e-06, 6.41200699647e-07, 6.78896014961e-07, 2.57991274566e-07, 1.38428731589e-07, 1.5245247198e-07, 6.51914575656e-08, 9.65346202975e-08, 3.47519772959e-08, 1.07890947731e-07, 7.00384035213e-08, 2.26723344099e-07, 1.5726749325e-07, 3.16909819276e-07, 2.76139981992e-08, 2.26387020241e-09, 5.20760622125e-11, 5.52888941227e-12, 1.06858827342e-11, 2.62969277057e-15, 3.67910117216e-17]
        max: [1.99076521312e-06, 0.000821478141006, 0.00196659215726, 0.00155148131307, 0.00597702851519, 0.00622575171292, 0.00629783142358, 0.00400446308777, 0.00663495948538, 0.00344320689328, 0.00245610973798, 0.00279016583227, 0.0013062285725, 0.00190099910833, 0.00131171091925, 0.00330237741582, 0.00151130650192, 0.00369389355183, 0.00249727256596, 0.0023750369437, 0.00077836267883, 0.0002251611877, 6.63196769892e-05, 2.50943612627e-05, 4.78748661408e-05, 1.0452575907e-06, 1.2960012441e-07]
        mean: [7.11550740107e-07, 7.01538883732e-05, 0.000110069508082, 0.000129426087369, 0.000517455860972, 0.000465857912786, 0.000373570481315, 0.000280048669083, 0.000362710736226, 0.000149560859427, 0.000102224061266, 0.000148288163473, 0.000115984264994, 0.000109259162855, 9.91635097307e-05, 0.000224451185204, 0.000224516465096, 0.000442671851488, 0.000399291166104, 0.000458169990452, 0.000156616748427, 4.26296028309e-05, 5.59367845199e-06, 9.34164518185e-07, 6.61849242078e-07, 2.55780747693e-08, 5.92468241134e-10]
        min: [1.68983749216e-09, 6.15418457528e-07, 2.78376575125e-07, 4.35928768638e-07, 1.11105919132e-06, 3.2807347452e-06, 3.21924107993e-06, 2.14190640691e-06, 1.46636091358e-06, 3.42170778822e-07, 3.97563724164e-07, 9.75728084995e-07, 3.689749974e-06, 7.08325202936e-08, 4.60855233086e-07, 4.71736825602e-07, 2.43598242378e-06, 7.60182138038e-06, 2.66959432338e-06, 3.47259310729e-06, 3.35213053404e-06, 2.94870858397e-07, 1.11789182355e-08, 4.4817114464e-09, 9.16771825121e-10, 1.76367684346e-10, 1.09847526041e-12]
        var: [2.09483350263e-13, 1.03813446728e-08, 4.37117968488e-08, 3.89195449202e-08, 5.48290302049e-07, 5.44411193459e-07, 7.04220155967e-07, 2.64326530441e-07, 5.26504038589e-07, 1.45753119796e-07, 5.50280461198e-08, 8.29018205195e-08, 2.63352770702e-08, 4.30628297465e-08, 2.11673896189e-08, 1.03363724691e-07, 5.76218504023e-08, 1.92813430999e-07, 1.69941259287e-07, 2.36189677594e-07, 2.67677844334e-08, 2.06088168753e-09, 5.79752114371e-11, 5.24427593365e-12, 1.12326354815e-11, 6.82955634998e-15, 3.90346431802e-17]
    mfcc:
        mean: [-710.784545898, 121.552436829, -63.6464614868, 66.1909790039, -28.2592372894, -4.4972038269, -7.79597902298, -6.72518062592, -6.59995222092, -5.93926382065, -1.07802700996, -0.938299894333, -1.9925506115]
        cov: [[1733.47668457, -516.04284668, -3.35034751892, -57.2250595093, -29.9511413574, -62.1246299744, -72.8137435913, -39.9489555359, 3.77821278572, 23.1490249634, 34.4882011414, -62.1779403687, -34.2066497803], [-516.04284668, 725.236450195, -103.039535522, -57.6996154785, -6.99389028549, -23.0713729858, 49.5948753357, 67.0880737305, 18.7724304199, -6.3922252655, -21.3905029297, 23.0520763397, 16.022693634], [-3.35034751892, -103.039535522, 238.836395264, 45.6271247864, 5.07656002045, 29.8952159882, -0.356946080923, -13.5314970016, 7.24629402161, 5.35674905777, -3.44254469872, -5.56832122803, -0.144469127059], [-57.2250595093, -57.6996154785, 45.6271247864, 213.026016235, 48.5668296814, 46.098236084, -19.29337883, -36.5064964294, -11.9460372925, -9.97360420227, -2.6045730114, -0.0655558854342, 15.7676038742], [-29.9511413574, -6.99389028549, 5.07656002045, 48.5668296814, 232.364212036, 11.8442668915, -29.025806427, -25.0525817871, 10.0586843491, 31.5684051514, 27.2069911957, 8.19967842102, 28.122133255], [-62.1246299744, -23.0713729858, 29.8952159882, 46.098236084, 11.8442668915, 137.819259644, 44.3301506042, 10.3421268463, 11.622179985, 1.42850649357, 1.0758818388, 7.75136995316, -10.009642601], [-72.8137435913, 49.5948753357, -0.356946080923, -19.29337883, -29.025806427, 44.3301506042, 116.259353638, 77.5681610107, 24.6247901917, -10.7678833008, -8.04070472717, 3.58787107468, -7.20788431168], [-39.9489555359, 67.0880737305, -13.5314970016, -36.5064964294, -25.0525817871, 10.3421268463, 77.5681610107, 116.040481567, 41.0792732239, 1.03476405144, -5.74487876892, -2.35686683655, -5.05365037918], [3.77821278572, 18.7724304199, 7.24629402161, -11.9460372925, 10.0586843491, 11.622179985, 24.6247901917, 41.0792732239, 76.6881942749, 36.7690086365, 12.3371267319, -0.063478179276, -1.07996571064], [23.1490249634, -6.3922252655, 5.35674905777, -9.97360420227, 31.5684051514, 1.42850649357, -10.7678833008, 1.03476405144, 36.7690086365, 76.8201675415, 44.9991226196, 1.36429822445, -6.08583641052], [34.4882011414, -21.3905029297, -3.44254469872, -2.6045730114, 27.2069911957, 1.0758818388, -8.04070472717, -5.74487876892, 12.3371267319, 44.9991226196, 78.6816940308, 25.3793869019, -3.80375528336], [-62.1779403687, 23.0520763397, -5.56832122803, -0.0655558854342, 8.19967842102, 7.75136995316, 3.58787107468, -2.35686683655, -0.063478179276, 1.36429822445, 25.3793869019, 62.0020294189, 25.135093689], [-34.2066497803, 16.022693634, -0.144469127059, 15.7676038742, 28.122133255, -10.009642601, -7.20788431168, -5.05365037918, -1.07996571064, -6.08583641052, -3.80375528336, 25.135093689, 63.5617523193]]
        icov: [[0.000821663474198, 0.000596016121563, 0.000197742076125, 0.000288270646706, 0.000108874824946, 0.000194281965378, 0.000329958245857, -6.6978383984e-05, -0.000324330700096, 0.000300564453937, -0.000587768678088, 0.000837426516227, -0.00010766039486], [0.000596016121563, 0.00205429061316, 0.000747031008359, 0.000334458658472, -5.95860110479e-05, 0.000461405405076, -0.000126074854052, -0.000677991716657, -0.000175077861059, -0.000271836703178, 0.000587787711993, -0.000361865881132, -9.82700803434e-05], [0.000197742076125, 0.000747031008359, 0.00478313490748, -0.000672531023156, 0.000186502409633, -0.000531188794412, -0.000286957365461, 0.000551562989131, -0.000731843407266, -0.000544409849681, 0.000582283479162, 0.000282957189484, -0.00020065192075], [0.000288270646706, 0.000334458658472, -0.000672531023156, 0.00615021400154, -0.000835770915728, -0.00224516401067, 0.000950957415625, 0.00113782088738, -0.000276332226349, 0.00179898517672, -0.000925177067984, 0.00153279642109, -0.00173580436967], [0.000108874824946, -5.95860110479e-05, 0.000186502409633, -0.000835770915728, 0.00535954814404, -0.000730212021153, 0.000935925578233, 0.000398448144551, -0.000358741846867, -0.00143711327109, -0.00146323197987, 0.00125357834622, -0.0027940615546], [0.000194281965378, 0.000461405405076, -0.000531188794412, -0.00224516401067, -0.000730212021153, 0.0104337949306, -0.00559360627085, 0.00218087784015, -0.000962350575719, -0.00103653199039, 0.00137004198041, -0.00260114134289, 0.00304424692877], [0.000329958245857, -0.000126074854052, -0.000286957365461, 0.000950957415625, 0.000935925578233, -0.00559360627085, 0.0197816081345, -0.0119259534404, -0.000623155094218, 0.00365414796397, -0.00106803479139, -0.000493043684401, 0.000443198514404], [-6.6978383984e-05, -0.000677991716657, 0.000551562989131, 0.00113782088738, 0.000398448144551, 0.00218087784015, -0.0119259534404, 0.0200152657926, -0.00779752992094, 0.00182222295552, -0.000374761293642, 0.00161160959397, -0.000357759097824], [-0.000324330700096, -0.000175077861059, -0.000731843407266, -0.000276332226349, -0.000358741846867, -0.000962350575719, -0.000623155094218, -0.00779752992094, 0.0233957674354, -0.0132010383531, 0.00382288312539, -0.00131934066303, -0.000862927292474], [0.000300564453937, -0.000271836703178, -0.000544409849681, 0.00179898517672, -0.00143711327109, -0.00103653199039, 0.00365414796397, 0.00182222295552, -0.0132010383531, 0.0300955213606, -0.0164447557181, 0.00664535723627, -0.000140088974149], [-0.000587768678088, 0.000587787711993, 0.000582283479162, -0.000925177067984, -0.00146323197987, 0.00137004198041, -0.00106803479139, -0.000374761293642, 0.00382288312539, -0.0164447557181, 0.0270371530205, -0.0138458441943, 0.00606224406511], [0.000837426516227, -0.000361865881132, 0.000282957189484, 0.00153279642109, 0.00125357834622, -0.00260114134289, -0.000493043684401, 0.00161160959397, -0.00131934066303, 0.00664535723627, -0.0138458441943, 0.0277267862111, -0.0119088441133], [-0.00010766039486, -9.82700803434e-05, -0.00020065192075, -0.00173580436967, -0.0027940615546, 0.00304424692877, 0.000443198514404, -0.000357759097824, -0.000862927292474, -0.000140088974149, 0.00606224406511, -0.0119088441133, 0.0229111108929]]
    spectral_contrast:
        mean: [3.27528823618e-07, 3.31576814006e-07, 1.20022036754e-07, -2.52756606756e-08, 4.85067452871e-08, 1.41110533036e-07, -2.05684546017e-06, 2.19185676542e-06, -2.70726377494e-06, -1.59366186381e-06, 2.07867742574e-06, -1.32045079226e-06]
        var: [0.000498796696775, 0.00065287668258, 0.00183850771282, 0.00357271311805, 0.00490953633562, 0.00669168867171, 0.0587420351803, 0.10354205966, 0.13322031498, 0.221282750368, 0.290411114693, 0.825742423534]

rhythm:
    beats_loudness:
        dmean: 0.0030230821576
        dmean2: 0.00544886291027
        dvar: 2.25351368499e-06
        dvar2: 5.90388526689e-06
        max: 0.0100807016715
        mean: 0.00578899588436
        min: 0.00127026822884
        var: 5.18015121997e-06
    beats_loudness_bass:
        dmean: 0.095380872488
        dmean2: 0.179709598422
        dvar: 0.00532820960507
        dvar2: 0.013860989362
        max: 0.339432448149
        mean: 0.0836015343666
        min: 0.00415736995637
        var: 0.00652224430814
    bpm: 114.152610779
    bpm_confidence: 0
    first_peak_bpm: 114
    first_peak_spread: 0
    first_peak_weight: 0.944444477558
    onset_rate: 6.21318721771
    second_peak_bpm: 76
    second_peak_spread: 0
    second_peak_weight: 0.0555555559695
    beats_position: [0.0411425977945, 0.568414866924, 1.09568715096, 1.62295949459, 2.15023159981, 2.67750382423, 3.20477604866, 3.73204827309, 4.25932025909, 4.78659248352, 5.31386470795, 6.1074256897, 6.63074398041, 7.15406227112, 7.67738103867, 8.20069980621, 8.72401809692, 9.24733638763, 9.77065467834]
    bpm_estimates: [113.706001282, 113.667228699, 113.926971436, 114.1354599, 112.913803101, 113.953346252, 114.259933472, 114.501106262, 114.664276123, 114.197189331, 114.81716156, 115.088806152]
    bpm_intervals: [0.527272284031, 0.527272284031, 0.527272343636, 0.527272105217, 0.527272224426, 0.527272224426, 0.527272224426, 0.527271986008, 0.527272224426, 0.527272224426, 0.79356098175, 0.52331829071, 0.52331829071, 0.523318767548, 0.523318767548, 0.52331829071, 0.52331829071, 0.52331829071]
    onset_times: [0.0348299331963, 0.220589563251, 0.371519267559, 0.49922901392, 0.638548731804, 0.777868509293, 1.03328800201, 1.17260766029, 1.30031740665, 1.45124721527, 1.69505667686, 1.83437645435, 2.04335594177, 2.12462592125, 2.35682535172, 2.51936507225, 2.64707493782, 2.76317453384, 2.89088439941, 3.16952371597, 3.41333341599, 3.5758728981, 3.69197273254, 3.84290242195, 3.95900225639, 4.21442174911, 4.38857126236, 4.48145103455, 4.60916090012, 4.76009082794, 4.87619066238, 5.01551008224, 5.29414987564, 5.4334692955, 5.53795909882, 5.68888902664, 5.81659841537, 5.94430828094, 6.07201814651, 6.3622674942, 6.62929725647, 6.76861667633, 6.91954660416, 7.02403640747, 7.1517457962, 7.38394546509, 7.55809545517, 7.66258525848, 7.8251247406, 7.94122457504, 8.06893444061, 8.20825386047, 8.46367359161, 8.71909332275, 8.85841274261, 8.99773216248, 9.0906124115, 9.22993183136, 9.41569137573, 9.54340171814, 9.78721046448, 9.93814086914]
    rubato_start: []
    rubato_stop: []
    perceptual_tempo: "unknown"

sfx:
    inharmonicity:
        dmean: 0.061250705272
        dmean2: 0.105997480452
        dvar: 0.00375106511638
        dvar2: 0.0101027833298
        max: 0.345082998276
        mean: 0.0711686760187
        min: 0
        var: 0.00458090286702
    oddtoevenharmonicenergyratio:
        dmean: 2.62494468689
        dmean2: 4.90307998657
        dvar: 26.3096084595
        dvar2: 73.9675979614
        max: 39.4628982544
        mean: 1.9330445528
        min: 0
        var: 17.3459396362
    pitch_after_max_to_before_max_energy_ratio: 117.109405518
    pitch_centroid: 206.766784668
    pitch_max_to_total: 0.00930232554674
    pitch_min_to_total: 0.800000011921
    tristimulus:
        dmean: [0.190189793706, 0.261535972357, 0.168099805713]
        dmean2: [0.331132858992, 0.44939532876, 0.296999424696]
        dvar: [0.0299484208226, 0.0427287481725, 0.0220507346094]
        dvar2: [0.083132609725, 0.129545539618, 0.061283800751]
        max: [1, 0.970124006271, 0.744562208652]
        mean: [0.297936022282, 0.498596221209, 0.166017889977]
        min: [0.0150942476466, 0, 0]
        var: [0.039162568748, 0.0580939948559, 0.0275242198259]

tonal:
    chords_changes_rate: 0.0648148134351
    chords_number_rate: 0.037037037313
    chords_strength:
        dmean: 0.0168567728251
        dmean2: 0.0199055429548
        dvar: 0.000135520735057
        dvar2: 0.000273358484264
        max: 0.718050122261
        mean: 0.47585940361
        min: 0.299658030272
        var: 0.00683005386963
    key_strength: 0.481139779091
    tuning_diatonic_strength: 0.398308515549
    tuning_equal_tempered_deviation: 0.23289616406
    tuning_frequency: 441.527557373
    tuning_nontempered_energy_ratio: 0.890654683113
    hpcp:
        dmean: [0.196168452501, 0.207671478391, 0.23180668056, 0.184274241328, 0.153912708163, 0.145322352648, 0.180497273803, 0.192245736718, 0.229975968599, 0.27444589138, 0.27017340064, 0.248549520969, 0.22340837121, 0.20461691916, 0.192315787077, 0.182147815824, 0.166099846363, 0.204932302237, 0.212609395385, 0.158873826265, 0.18096254766, 0.197937861085, 0.203719601035, 0.211765512824, 0.193004488945, 0.22221699357, 0.255259126425, 0.201750069857, 0.236718729138, 0.280142009258, 0.235311314464, 0.188508138061, 0.19518636167, 0.210475757718, 0.190107837319, 0.182590693235]
        dmean2: [0.328209161758, 0.366224855185, 0.400245130062, 0.301703155041, 0.25951859355, 0.244934052229, 0.31970974803, 0.337651401758, 0.397353768349, 0.451357036829, 0.461936026812, 0.430499464273, 0.379686057568, 0.340670198202, 0.32709684968, 0.299408853054, 0.284216970205, 0.354640424252, 0.366596221924, 0.277938961983, 0.311873227358, 0.349539369345, 0.348233133554, 0.37425032258, 0.328399240971, 0.385717540979, 0.435978978872, 0.332697570324, 0.412263005972, 0.501460492611, 0.413944303989, 0.325260013342, 0.322457432747, 0.354655176401, 0.312233924866, 0.322998076677]
        dvar: [0.0396131165326, 0.0522822439671, 0.062485601753, 0.0380751006305, 0.0239592716098, 0.0179220978171, 0.0367701016366, 0.0377747677267, 0.0501470565796, 0.0558852776885, 0.0639026984572, 0.0472834892571, 0.0433739498258, 0.0426306463778, 0.0362954474986, 0.0323517359793, 0.0326006338, 0.0446521565318, 0.0484959855676, 0.0371183268726, 0.0483105555177, 0.0503487735987, 0.0453471876681, 0.0504422448575, 0.0401974916458, 0.0472864061594, 0.0493045859039, 0.0344354584813, 0.0627139881253, 0.0742660984397, 0.0474612601101, 0.0342940464616, 0.0396260581911, 0.0466308407485, 0.0376718044281, 0.0419815890491]
        dvar2: [0.106871373951, 0.134799942374, 0.155731782317, 0.0982598885894, 0.0669627562165, 0.0451740995049, 0.0956981629133, 0.0998181849718, 0.131098598242, 0.156472325325, 0.167307555676, 0.117823049426, 0.112344346941, 0.112278431654, 0.0929485559464, 0.0829188898206, 0.088898152113, 0.126065865159, 0.133919343352, 0.105993688107, 0.132338032126, 0.144378736615, 0.106260381639, 0.120697528124, 0.0929115861654, 0.115396790206, 0.137661084533, 0.0742306187749, 0.160140097141, 0.185426816344, 0.124556049705, 0.0944823622704, 0.107714094222, 0.113995738328, 0.104291066527, 0.0993319377303]
        max: [1, 1, 1, 1, 1, 0.97209995985, 1, 1, 1, 1, 1, 1, 1, 1, 1, 1, 1, 1, 1, 1, 1, 1, 1, 1, 1, 1, 1, 1, 1, 1, 1, 1, 1, 1, 1, 1]
        mean: [0.276553988457, 0.277158975601, 0.296309143305, 0.265091836452, 0.205792844296, 0.219006419182, 0.239331781864, 0.247603490949, 0.326476603746, 0.374506235123, 0.37087816, 0.350861042738, 0.297340452671, 0.252179831266, 0.243383347988, 0.231856316328, 0.213429659605, 0.254752278328, 0.249995604157, 0.192405641079, 0.2135835886, 0.254403829575, 0.273689687252, 0.263456285, 0.248491495848, 0.304002404213, 0.335981249809, 0.288039922714, 0.311093389988, 0.37186396122, 0.314854800701, 0.234893143177, 0.252508342266, 0.267337560654, 0.239901661873, 0.260176599026]
        min: [0.00832567829639, 0.00394765008241, 0.00412781909108, 0.00675455573946, 0.00568993296474, 0.00614261161536, 0.0070038260892, 0.00512296287343, 0.00224560755305, 0.00967826135457, 0.00796789769083, 0.00581405311823, 0.00796926300973, 0.0107013592497, 0.0078864665702, 0.00415233522654, 0.00366486376151, 0.00185948191211, 0.00545028923079, 0.0030348689761, 0.0066159022972, 0.010719647631, 0.0146904587746, 0.00556110963225, 0.00268402625807, 0.00412784237415, 0.00394131429493, 0.00581715581939, 0.0106499874964, 0.0123719749972, 0.0172344911844, 0.00427375594154, 0.00226635509171, 0.0039975666441, 0.0128345834091, 0.00722349621356]
        var: [0.0628856346011, 0.0744685158134, 0.0827858522534, 0.0615772455931, 0.0371176451445, 0.0345081612468, 0.0483490712941, 0.0520458482206, 0.0756352618337, 0.0841748341918, 0.0868516415358, 0.0827485397458, 0.0654689669609, 0.0514900498092, 0.0440155565739, 0.0467585362494, 0.0442547015846, 0.0624393373728, 0.0659296661615, 0.0361714549363, 0.056703876704, 0.0672240555286, 0.0654606297612, 0.0563036762178, 0.0572074875236, 0.0670800283551, 0.0781000256538, 0.0592661350965, 0.0771746262908, 0.0995937213302, 0.0629954636097, 0.0389484800398, 0.0512029789388, 0.0645444765687, 0.0521729923785, 0.0627947151661]
    chords_histogram: [14.3518514633, 7.87037038803, 15.7407407761, 0, 0, 9.72222232819, 2.31481480598, 0, 0, 0, 0, 0, 6.01851844788, 0, 0, 0, 0, 34.2592582703, 0, 9.72222232819, 0, 0, 0, 0]
    thpcp: [1, 0.99031239748, 0.936863005161, 0.793953299522, 0.673366189003, 0.64987796545, 0.61909866333, 0.569896161556, 0.680235087872, 0.667533874512, 0.513758182526, 0.570307135582, 0.679304659367, 0.730801403522, 0.703476369381, 0.663517653942, 0.811741888523, 0.89713126421, 0.769119143486, 0.830676138401, 0.992944657803, 0.840719759464, 0.627207577229, 0.674243330956, 0.713840067387, 0.640581250191, 0.694719016552, 0.738449633121, 0.740065038204, 0.791199505329, 0.707843601704, 0.549504458904, 0.584787130356, 0.63905954361, 0.661146521568, 0.871752142906]
    chords_key: "F"
    chords_scale: "minor"
    key_key: "F"
    key_scale: "major"
    chords_progression: ["F", "F", "F", "F", "F", "F", "F", "F", "F", "F", "F", "F", "F", "F", "F", "F", "F", "F", "F", "F", "F", "F", "F", "F", "F", "F", "F", "F", "F", "F", "Cm", "Cm", "Cm", "Cm", "Cm", "Cm", "Cm", "Cm", "Cm", "Cm", "Cm", "Cm", "Cm", "Cm", "Cm", "Cm", "Cm", "Cm", "D", "D", "Bm", "Bm", "Bm", "Bm", "Bm", "Bm", "Bm", "Bm", "Bm", "Bm", "Bm", "Bm", "Bm", "Bm", "Bm", "Bm", "Bm", "Bm", "Bm", "Bm", "Bm", "D", "D", "D", "Am", "Am", "Am", "Am", "Am", "Am", "Am", "Am", "Am", "Am", "Am", "Am", "Am", "Am", "Am", "Am", "Am", "Fm", "Fm", "Fm", "Fm", "Fm", "Fm", "Fm", "Fm", "Fm", "Fm", "Fm", "Fm", "Fm", "Fm", "Fm", "Fm", "Fm", "Fm", "Fm", "Fm", "Fm", "Fm", "Fm", "Fm", "Fm", "Fm", "Fm", "Cm", "Cm", "Cm", "C", "C", "C", "C", "C", "C", "C", "C", "C", "C", "C", "C", "C", "C", "C", "C", "C", "C", "C", "C", "C", "C", "C", "C", "C", "B", "C", "C", "C", "C", "C", "B", "B", "B", "B", "B", "B", "B", "B", "B", "B", "B", "B", "Fm", "Fm", "Fm", "Fm", "Fm", "Fm", "Fm", "Fm", "Fm", "Fm", "Fm", "Fm", "Fm", "Fm", "Fm", "Fm", "Fm", "Fm", "Fm", "Fm", "Fm", "Fm", "Fm", "Fm", "Fm", "Fm", "Fm", "Fm", "Fm", "Fm", "Fm", "Fm", "Fm", "Fm", "Fm", "Fm", "Fm", "Fm", "Fm", "Fm", "Fm", "Fm", "Fm", "Fm", "Fm", "Fm", "Fm", "F", "C", "C", "C", "C"]
