
metadata:
    version:
        essentia: "1.2.2"
    audio_properties:
        analysis_sample_rate: 44100
        bitrate: 128
        channels: 2
        equal_loudness: 1
        length: 10.0832653046
        replay_gain: -5.47057151794
        downmix: "mix"
    tags:
        track: 41
        year: 0
        album: "Splitted by Mp3Splt v. 2.1"
        artist: "From 006.40 To 006.50"
        comment: "http://mp3splt.sf.net"
        genre: ""
        title: "03 Chant.mp3"

highlevel:
    ballroom:
        all:
            ChaChaCha: 0.00979914143682
            Jive: 0.00854469742626
            Quickstep: 0.0983411744237
            Rumba-American: 0.0320366993546
            Rumba-International: 0.440362215042
            Rumba-Misc: 0.191298827529
            Samba: 0.0228961948305
            Tango: 0.0246802642941
            VienneseWaltz: 0.0527859181166
            Waltz: 0.119254864752
        probability: 0.440362215042
        value: "Rumba-International"
    culture:
        all:
            non_western: 0.130065843463
            western: 0.869934141636
        probability: 0.869934141636
        value: "western"
    gender:
        all:
            female: 0.929138720036
            male: 0.0708612650633
        probability: 0.929138720036
        value: "female"
    genre_dortmund:
        all:
            alternative: 0.00155663501937
            blues: 0.00151069567073
            electronic: 0.0031790912617
            folkcountry: 0.00216143159196
            funksoulrnb: 0.00790347438306
            jazz: 0.976155102253
            pop: 0.00316841178574
            raphiphop: 0.000813087564893
            rock: 0.0035520424135
        probability: 0.976155102253
        value: "jazz"
    genre_electronica:
        all:
            ambient: 0.931781351566
            dnb: 0.0271996390074
            house: 0.0163706056774
            techno: 0.00545286526904
            trance: 0.0191955603659
        probability: 0.931781351566
        value: "ambient"
    genre_rosamerica:
        all:
            cla: 0.00151206343435
            dan: 0.00272043398581
            hip: 0.00284597463906
            jaz: 0.984274685383
            pop: 0.00422050850466
            rhy: 0.00149169703946
            roc: 0.00241604377516
            spe: 0.000518576649483
        probability: 0.984274685383
        value: "jaz"
    genre_tzanetakis:
        all:
            blu: 0.00185191945639
            cla: 0.00517462193966
            cou: 0.00753394467756
            dis: 0.00387936341576
            hip: 0.00161501090042
            jaz: 0.868734657764
            met: 0.000545646122191
            pop: 0.0975975990295
            reg: 0.0084677292034
            roc: 0.00459952279925
        probability: 0.868734657764
        value: "jaz"
    live_studio:
        all:
            live: 0.0619266666472
            studio: 0.938073337078
        probability: 0.938073337078
        value: "studio"
    mood:
        all:
            Cluster1: 0.156185403466
            Cluster2: 0.407787799835
            Cluster3: 0.192773118615
            Cluster4: 0.190836280584
            Cluster5: 0.0524174161255
        probability: 0.407787799835
        value: "Cluster2"
    mood_acoustic:
        all:
            acoustic: 0.984311163425
            not_acoustic: 0.0156888421625
        probability: 0.984311163425
        value: "acoustic"
    mood_aggressive:
        all:
            aggressive: 3.69833446712e-06
            not_aggressive: 0.999996304512
        probability: 0.999996304512
        value: "not_aggressive"
    mood_electronic:
        all:
            electronic: 0.139097750187
            not_electronic: 0.860902249813
        probability: 0.860902249813
        value: "not_electronic"
    mood_happy:
        all:
            happy: 0.0174667313695
            not_happy: 0.982533276081
        probability: 0.982533276081
        value: "not_happy"
    mood_party:
        all:
            not_party: 0.966370165348
            party: 0.0336298495531
        probability: 0.966370165348
        value: "not_party"
    mood_relaxed:
        all:
            not_relaxed: 0.0138013483956
            relaxed: 0.986198663712
        probability: 0.986198663712
        value: "relaxed"
    mood_sad:
        all:
            not_sad: 0.100213892758
            sad: 0.899786114693
        probability: 0.899786114693
        value: "sad"
    rhythm:
        all:
            fast: 0.174972817302
            medium: 0.502216756344
            slow: 0.322810411453
        probability: 0.502216756344
        value: "medium"
    speech_music:
        all:
            music: 0.988464355469
            speech: 0.0115356519818
        probability: 0.988464355469
        value: "music"
    timbre:
        all:
            bright: 0.937727987766
            dark: 0.0622720345855
        probability: 0.937727987766
        value: "bright"
    voice_instrumental:
        all:
            instrumental: 0.792942404747
            voice: 0.207057610154
        probability: 0.792942404747
        value: "instrumental"

lowlevel:
    average_loudness: 0.962161362171
    barkbands_kurtosis:
        dmean: 2.83046746254
        dmean2: 4.37877368927
        dvar: 12.3362016678
        dvar2: 24.6683235168
        max: 55.7673187256
        mean: 6.03824472427
        min: -1.47012293339
        var: 40.9269638062
    barkbands_skewness:
        dmean: 0.48151165247
        dmean2: 0.744363605976
        dvar: 0.258204400539
        dvar2: 0.558364450932
        max: 7.3875336647
        mean: 1.78687286377
        min: -1.90110707283
        var: 1.32204389572
    barkbands_spread:
        dmean: 3.98567342758
        dmean2: 6.05358219147
        dvar: 29.5859470367
        dvar2: 60.4270324707
        max: 53.8004722595
        mean: 12.9239377975
        min: 1.90719401836
        var: 68.9522781372
    dissonance:
        dmean: 0.0366679653525
        dmean2: 0.0590449497104
        dvar: 0.00111857580487
        dvar2: 0.00265511963516
        max: 0.494175881147
        mean: 0.406317770481
        min: 0.161564439535
        var: 0.00285428366624
    hfc:
        dmean: 0.705796778202
        dmean2: 0.903675675392
        dvar: 1.87118065357
        dvar2: 3.27129888535
        max: 22.7812137604
        mean: 1.71981704235
        min: 0.000691750901751
        var: 4.6268286705
    pitch:
        dmean: 299.518096924
        dmean2: 586.748657227
        dvar: 688558.75
        dvar2: 1914405.75
        max: 4410
        mean: 461.193237305
        min: 83.5227279663
        var: 475065.0625
    pitch_instantaneous_confidence:
        dmean: 0.0930180028081
        dmean2: 0.140966027975
        dvar: 0.0106017747894
        dvar2: 0.0176471117884
        max: 0.963656544685
        mean: 0.598450541496
        min: 0.184084534645
        var: 0.0373500995338
    pitch_salience:
        dmean: 0.0672475397587
        dmean2: 0.105797022581
        dvar: 0.00488889124244
        dvar2: 0.00964911282063
        max: 0.883386850357
        mean: 0.485785424709
        min: 0.108080379665
        var: 0.0174343381077
    silence_rate_20dB:
        dmean: 0
        dmean2: 0
        dvar: 0
        dvar2: 0
        max: 1
        mean: 1
        min: 1
        var: 0
    silence_rate_30dB:
        dmean: 0
        dmean2: 0
        dvar: 0
        dvar2: 0
        max: 1
        mean: 1
        min: 1
        var: 0
    silence_rate_60dB:
        dmean: 0.11954022944
        dmean2: 0.239631339908
        dvar: 0.105250284076
        dvar2: 0.200641825795
        max: 1
        mean: 0.724770665169
        min: 0
        var: 0.199478149414
    spectral_centroid:
        dmean: 106.066551208
        dmean2: 168.136856079
        dvar: 30127.0996094
        dvar2: 79566.640625
        max: 2465.09936523
        mean: 622.415222168
        min: 180.489196777
        var: 49996.390625
    spectral_complexity:
        dmean: 1.059907794
        dmean2: 1.6096997261
        dvar: 1.45263516903
        dvar2: 2.69523715973
        max: 13
        mean: 4.79080438614
        min: 0
        var: 6.79072523117
    spectral_crest:
        dmean: 2.57157349586
        dmean2: 4.05056905746
        dvar: 6.3530921936
        dvar2: 14.1124391556
        max: 24.5480232239
        mean: 12.7559757233
        min: 3.42444777489
        var: 22.3350963593
    spectral_decrease:
        dmean: 2.47866421832e-10
        dmean2: 3.48287482188e-10
        dvar: 1.62893692425e-19
        dvar2: 2.69291879591e-19
        max: -3.77530661897e-13
        mean: -6.9162980898e-10
        min: -5.12127495966e-09
        var: 5.627616798e-19
    spectral_energy:
        dmean: 0.000995178823359
        dmean2: 0.00139133480843
        dvar: 2.67909899776e-06
        dvar2: 4.42546615886e-06
        max: 0.0212117992342
        mean: 0.00276636402123
        min: 1.48763035668e-06
        var: 9.06489094632e-06
    spectral_energyband_high:
        dmean: 1.32682480398e-05
        dmean2: 1.92497300304e-05
        dvar: 7.60742691064e-10
        dvar2: 1.46645395827e-09
        max: 0.000264080968918
        mean: 2.35673142015e-05
        min: 1.52469361581e-08
        var: 1.40340916666e-09
    spectral_energyband_low:
        dmean: 0.000145320111187
        dmean2: 0.000213756909943
        dvar: 6.51310259059e-08
        dvar2: 1.19351511785e-07
        max: 0.00366972200572
        mean: 0.000279468717054
        min: 3.34408127856e-07
        var: 2.02295268537e-07
    spectral_energyband_middle_high:
        dmean: 0.000269095122349
        dmean2: 0.000326341891196
        dvar: 5.22790742252e-07
        dvar2: 9.85396127362e-07
        max: 0.0108250873163
        mean: 0.000443996948889
        min: 1.48150988366e-07
        var: 9.02727720131e-07
    spectral_energyband_middle_low:
        dmean: 0.000741352327168
        dmean2: 0.0010742219165
        dvar: 1.50265543652e-06
        dvar2: 2.49230174632e-06
        max: 0.0150979347527
        mean: 0.00201932294294
        min: 9.46775514876e-07
        var: 6.08560139881e-06
    spectral_flatness_db:
        dmean: 0.0240314397961
        dmean2: 0.0354212000966
        dvar: 0.000626566354185
        dvar2: 0.00100852467585
        max: 0.343386560678
        mean: 0.216209113598
        min: 0.0927968546748
        var: 0.00217900844291
    spectral_flux:
        dmean: 0.008893430233
        dmean2: 0.0139590743929
        dvar: 0.000135424750624
        dvar2: 0.000317559548421
        max: 0.11432133615
        mean: 0.0200875736773
        min: 0.00165543926414
        var: 0.000214534840779
    spectral_kurtosis:
        dmean: 2.38273525238
        dmean2: 3.68050432205
        dvar: 10.7204914093
        dvar2: 20.3471698761
        max: 32.9983863831
        mean: 7.33017921448
        min: 0.266819477081
        var: 30.9040184021
    spectral_rms:
        dmean: 0.000281379790977
        dmean2: 0.000373267219402
        dvar: 1.13923412925e-07
        dvar2: 1.72222172523e-07
        max: 0.00454911403358
        mean: 0.00145154201891
        min: 3.8096542994e-05
        var: 5.91916261783e-07
    spectral_rolloff:
        dmean: 242.173858643
        dmean2: 423.552246094
        dvar: 344705.03125
        dvar2: 828157.9375
        max: 4306.640625
        mean: 803.607971191
        min: 129.19921875
        var: 374846.71875
    spectral_skewness:
        dmean: 0.283458590508
        dmean2: 0.425556629896
        dvar: 0.108625464141
        dvar2: 0.190461874008
        max: 4.18362236023
        mean: 2.25547766685
        min: 0.953374445438
        var: 0.475176721811
    spectral_spread:
        dmean: 956302.3125
        dmean2: 1361119.875
        dvar: 1.95317111194e+12
        dvar2: 2.86203786035e+12
        max: 21102384
        mean: 5826561
        min: 1769990.875
        var: 6.59181377946e+12
    spectral_strongpeak:
        dmean: 0.235898271203
        dmean2: 0.344976127148
        dvar: 0.152287974954
        dvar2: 0.330518275499
        max: 5.42916059494
        mean: 0.564898848534
        min: 0
        var: 0.310225069523
    zerocrossingrate:
        dmean: 0.00607313867658
        dmean2: 0.00730955926701
        dvar: 4.9475049309e-05
        dvar2: 6.62752427161e-05
        max: 0.10888671875
        mean: 0.040663164109
        min: 0.00244140625
        var: 0.000214452607906
    barkbands:
        dmean: [4.10484730651e-08, 3.7535384763e-05, 0.000113367350423, 4.82672803628e-05, 0.000103188889625, 0.000310928589897, 0.000142480188515, 0.000123322548461, 0.000223265320528, 9.04523258214e-05, 9.07986977836e-05, 1.18617099361e-05, 5.81064341532e-05, 1.26534669107e-05, 2.44562725129e-05, 7.39033748687e-06, 9.53495782596e-06, 1.84894070117e-05, 9.69399752648e-06, 8.70928397489e-06, 6.52582093608e-06, 2.22555831897e-06, 9.43433633438e-07, 7.62262573062e-07, 7.18212788797e-07, 8.92950708931e-08, 7.4630479574e-10]
        dmean2: [6.24736884447e-08, 5.61734668736e-05, 0.000166519821505, 7.76351516834e-05, 0.000176696164999, 0.000537548738066, 0.000226388525334, 0.000164937009686, 0.000254116894212, 0.000119397962408, 9.82839192147e-05, 2.04199168365e-05, 8.05454910733e-05, 1.58029070008e-05, 3.01909803966e-05, 1.04381597339e-05, 1.31516790134e-05, 3.10514660669e-05, 1.48415483636e-05, 1.40395095514e-05, 9.29952693696e-06, 3.36647667609e-06, 1.40050565278e-06, 1.12576253741e-06, 9.80071604317e-07, 1.21490245419e-07, 1.15432352565e-09]
        dvar: [3.15239506591e-13, 3.77349707037e-09, 4.9156064108e-08, 8.44367509245e-09, 3.0554748065e-08, 5.57616203878e-07, 9.22421818927e-08, 1.02228405297e-07, 3.76241644062e-07, 1.06391759402e-07, 1.39318586889e-07, 3.08426417739e-09, 2.96850231507e-07, 1.46523981837e-09, 4.59049109836e-09, 1.98586133648e-10, 3.54071161279e-10, 1.89588100774e-09, 4.55602666705e-10, 2.99823138539e-10, 1.94725943703e-10, 2.27386633828e-11, 4.02292652316e-12, 2.78287028838e-12, 2.891118768e-12, 4.7241331398e-14, 1.31679212585e-17]
        dvar2: [7.91843966699e-13, 8.19533063634e-09, 9.02546020143e-08, 1.93325195852e-08, 8.1150567155e-08, 1.30088221795e-06, 1.97809910674e-07, 1.42136642012e-07, 5.04738864038e-07, 1.84329323361e-07, 2.22706390218e-07, 8.57332249637e-09, 6.34146545053e-07, 1.92126781151e-09, 8.84913120558e-09, 4.04977856805e-10, 6.23930629384e-10, 4.75827288682e-09, 9.78119030215e-10, 7.67798435941e-10, 3.54944629244e-10, 4.40755140718e-11, 7.32169099654e-12, 5.62771313925e-12, 5.16362690453e-12, 8.27777991009e-14, 3.25751765419e-17]
        max: [8.33683861856e-06, 0.000659350305796, 0.00342628872022, 0.000799734320026, 0.00145691260695, 0.0105138234794, 0.00364414043725, 0.00571008818224, 0.0122497724369, 0.00400598207489, 0.00601944699883, 0.000814031285699, 0.010070733726, 0.000755522632971, 0.00115680741146, 0.000120367651107, 0.000283053144813, 0.000458492344478, 0.000210143974982, 0.000148945662659, 0.000132058296003, 3.71013957192e-05, 1.76479661604e-05, 1.48845874719e-05, 1.63688855537e-05, 1.73284831817e-06, 5.14006579522e-08]
        mean: [2.24651088843e-08, 7.69900289015e-05, 0.000202466078917, 8.96972851478e-05, 0.000182128089364, 0.000707137049176, 0.000288319133688, 0.000260930130025, 0.000448709150078, 0.000136328089866, 0.000131834472995, 1.55534726218e-05, 6.6844659159e-05, 2.25245203183e-05, 3.7403729948e-05, 1.12518400783e-05, 1.45901440192e-05, 2.81342727249e-05, 1.46102474901e-05, 1.34413448905e-05, 1.04556802398e-05, 3.24912753058e-06, 1.5005939531e-06, 1.17067770589e-06, 9.6444580322e-07, 1.08299730073e-07, 7.51781525921e-10]
        min: [7.08655952929e-13, 4.09789855382e-08, 1.31737579068e-07, 7.35667882168e-08, 2.46324503905e-07, 3.08523368631e-07, 2.06996730867e-07, 1.25195418477e-08, 1.73424048455e-08, 3.08693550721e-08, 1.43696947674e-08, 2.10283115365e-08, 7.44563521948e-09, 9.58248680405e-09, 2.67422262112e-09, 4.25157686834e-09, 6.64501476066e-09, 1.42312277518e-08, 9.67627578063e-09, 4.12372314074e-09, 3.71276054345e-09, 2.17310347495e-09, 1.25235044557e-09, 3.22600529623e-10, 3.64098085015e-10, 3.45029872728e-11, 6.86624205843e-13]
        var: [1.59331722078e-13, 9.819873803e-09, 1.5662620001e-07, 1.84092154853e-08, 4.63473313062e-08, 1.77321123829e-06, 3.00993406199e-07, 4.09620838582e-07, 1.21154835142e-06, 2.19161591986e-07, 3.08551932449e-07, 2.42591657873e-09, 3.47042004023e-07, 5.07200281774e-09, 9.54010381804e-09, 3.53316209623e-10, 7.84020737221e-10, 2.2690298529e-09, 6.91458834634e-10, 3.26559196351e-10, 4.16819023741e-10, 3.4321222947e-11, 6.44787348514e-12, 4.22246439202e-12, 4.80229094338e-12, 7.88257873145e-14, 7.97960126542e-18]
    mfcc:
        mean: [-815.622192383, 139.855834961, -4.56014871597, 41.4808731079, -10.219455719, -17.9734592438, -5.73485994339, -7.86106157303, -3.20515203476, 1.88940918446, 0.812056481838, -2.03629088402, -8.68145942688]
        cov: [[3591.63964844, 48.6790390015, -214.031982422, -440.378662109, -201.335922241, -106.713005066, -264.499664307, -261.349090576, 86.9537658691, -4.15361833572, -7.85308122635, -106.891937256, -31.8002815247], [48.6790390015, 1072.31066895, -520.864135742, -325.970184326, -88.0404815674, -118.937484741, -241.091842651, -155.249832153, -49.4934043884, 27.3881206512, -26.9766731262, 29.4158611298, 67.507850647], [-214.031982422, -520.864135742, 590.24395752, 320.896453857, 135.008636475, 86.6862640381, 155.868759155, 90.6966094971, 22.7138786316, 11.009016037, 38.8773040771, 7.0778336525, -21.0965270996], [-440.378662109, -325.970184326, 320.896453857, 326.076599121, 138.772521973, 56.0030021667, 95.4666824341, 71.970199585, 25.2998142242, 19.1788101196, 40.3425216675, 35.2431564331, -18.784488678], [-201.335922241, -88.0404815674, 135.008636475, 138.772521973, 172.790023804, 71.4989547729, 16.3770656586, 23.8146800995, 28.0079135895, 40.4306716919, 25.5972156525, 42.6624641418, 47.2331924438], [-106.713005066, -118.937484741, 86.6862640381, 56.0030021667, 71.4989547729, 160.175552368, 152.886795044, 107.045928955, 47.4964179993, -1.22501111031, -21.738986969, 5.00360584259, 26.7870368958], [-264.499664307, -241.091842651, 155.868759155, 95.4666824341, 16.3770656586, 152.886795044, 293.243164062, 214.059402466, 65.2511291504, -13.8170566559, -22.9324302673, -17.0698127747, -32.5044059753], [-261.349090576, -155.249832153, 90.6966094971, 71.970199585, 23.8146800995, 107.045928955, 214.059402466, 226.920608521, 100.174026489, 6.09350156784, -17.2342605591, -14.9947290421, -34.5485725403], [86.9537658691, -49.4934043884, 22.7138786316, 25.2998142242, 28.0079135895, 47.4964179993, 65.2511291504, 100.174026489, 128.874816895, 62.3710403442, 16.9043655396, -12.5434370041, -40.1538276672], [-4.15361833572, 27.3881206512, 11.009016037, 19.1788101196, 40.4306716919, -1.22501111031, -13.8170566559, 6.09350156784, 62.3710403442, 159.992828369, 106.887207031, 23.8558692932, -22.1211051941], [-7.85308122635, -26.9766731262, 38.8773040771, 40.3425216675, 25.5972156525, -21.738986969, -22.9324302673, -17.2342605591, 16.9043655396, 106.887207031, 147.145843506, 59.538936615, -31.9286231995], [-106.891937256, 29.4158611298, 7.0778336525, 35.2431564331, 42.6624641418, 5.00360584259, -17.0698127747, -14.9947290421, -12.5434370041, 23.8558692932, 59.538936615, 102.339508057, 53.3377990723], [-31.8002815247, 67.507850647, -21.0965270996, -18.784488678, 47.2331924438, 26.7870368958, -32.5044059753, -34.5485725403, -40.1538276672, -22.1211051941, -31.9286231995, 53.3377990723, 165.150146484]]
        icov: [[0.000533252255991, 0.000200080132345, -0.000306266505504, 0.00098678690847, 0.000211633523577, -0.000122064360767, -0.000111806999485, 0.00142374366987, -0.00180538953282, 0.00075909687439, -0.000555153936148, 0.000328805064783, -0.000221682217671], [0.000200080132345, 0.00205477769487, 0.000984924728982, 0.00130173086654, -0.000441634940216, 0.000248921656748, 0.000689207576215, 0.000167503967532, 8.73629469424e-05, -0.00115700345486, 0.00142120325472, -0.00128094141837, 0.000283829635009], [-0.000306266505504, 0.000984924728982, 0.00509458687156, -0.00375962513499, -0.00127635558601, 0.000873821030837, -0.00211534183472, 0.000669745204505, 0.00100063311402, -4.49819381174e-05, -0.000993696041405, 0.00169968721457, -0.000795123109128], [0.00098678690847, 0.00130173086654, -0.00375962513499, 0.0124191511422, -0.00679114740342, 0.00376948411576, -0.0024856061209, 0.00220829551108, -0.00262336758897, 0.00153286417481, 0.000484983000206, -0.0030974841211, 0.00255548185669], [0.000211633523577, -0.000441634940216, -0.00127635558601, -0.00679114740342, 0.0185757614672, -0.0120187150314, 0.00987042207271, -0.00319862365723, -0.000319273065543, -0.0034055581782, 0.000839274784084, -0.00154144444969, -0.00267764925957], [-0.000122064360767, 0.000248921656748, 0.000873821030837, 0.00376948411576, -0.0120187150314, 0.0244347695261, -0.017527827993, 0.00673138536513, -0.00544946454465, 0.00186453817878, 0.00103715911973, 0.000231375626754, -0.00310181593522], [-0.000111806999485, 0.000689207576215, -0.00211534183472, -0.0024856061209, 0.00987042207271, -0.017527827993, 0.027040662244, -0.0199364311993, 0.00945805665106, -0.00319601898082, 0.00134850956965, -0.00136714370456, 0.00288904993795], [0.00142374366987, 0.000167503967532, 0.000669745204505, 0.00220829551108, -0.00319862365723, 0.00673138536513, -0.0199364311993, 0.0288822576404, -0.0186144337058, 0.00564034795389, -0.00152779847849, 0.000793620478362, -0.0018384216819], [-0.00180538953282, 8.73629469424e-05, 0.00100063311402, -0.00262336758897, -0.000319273065543, -0.00544946454465, 0.00945805665106, -0.0186144337058, 0.027901429683, -0.012889736332, 0.00743270944804, -0.00273131788708, 0.00576515449211], [0.00075909687439, -0.00115700345486, -4.49819381174e-05, 0.00153286417481, -0.0034055581782, 0.00186453817878, -0.00319601898082, 0.00564034795389, -0.012889736332, 0.0223591960967, -0.018892493099, 0.00883791875094, -0.00463569676504], [-0.000555153936148, 0.00142120325472, -0.000993696041405, 0.000484983000206, 0.000839274784084, 0.00103715911973, 0.00134850956965, -0.00152779847849, 0.00743270944804, -0.018892493099, 0.0296908393502, -0.0185438133776, 0.00978369172662], [0.000328805064783, -0.00128094141837, 0.00169968721457, -0.0030974841211, -0.00154144444969, 0.000231375626754, -0.00136714370456, 0.000793620478362, -0.00273131788708, 0.00883791875094, -0.0185438133776, 0.0259125605226, -0.0106822391972], [-0.000221682217671, 0.000283829635009, -0.000795123109128, 0.00255548185669, -0.00267764925957, -0.00310181593522, 0.00288904993795, -0.0018384216819, 0.00576515449211, -0.00463569676504, 0.00978369172662, -0.0106822391972, 0.0136606991291]]
    spectral_contrast:
        mean: [4.36646843127e-07, -3.14534389645e-07, 3.01568661598e-07, 4.16958471305e-07, 3.90872884282e-07, -4.18328681917e-07, 1.47668799855e-06, 2.47174284596e-06, -3.58312973958e-07, 8.39397841901e-07, -1.34997674195e-06, -1.03040676436e-07]
        var: [0.000121973222122, 0.000623107596766, 0.00179390318226, 0.00310537591577, 0.00973561406136, 0.0138422902673, 0.0496932901442, 0.107894659042, 0.180490151048, 0.400994360447, 0.565185129642, 1.87329268456]

rhythm:
    beats_loudness:
        dmean: 0.00222476525232
        dmean2: 0.00336542446166
        dvar: 3.21921152135e-06
        dvar2: 8.21144294605e-06
        max: 0.00873556081206
        mean: 0.0030391595792
        min: 0.000140810632729
        var: 6.6725083343e-06
    beats_loudness_bass:
        dmean: 0.154662892222
        dmean2: 0.270522236824
        dvar: 0.0489301458001
        dvar2: 0.140009969473
        max: 0.923524796963
        mean: 0.175571128726
        min: 0.0038320957683
        var: 0.0381127558649
    bpm: 125.985435486
    bpm_confidence: 0
    first_peak_bpm: 126
    first_peak_spread: 0
    first_peak_weight: 0.949999988079
    onset_rate: 3.76862049103
    second_peak_bpm: 82
    second_peak_spread: 0
    second_peak_weight: 0.0500000007451
    beats_position: [0.0876442044973, 0.562216877937, 1.03678953648, 1.51136207581, 1.98593485355, 2.46050739288, 2.93508028984, 3.40965270996, 3.8842253685, 4.35879802704, 4.83337068558, 5.30794334412, 6.03939771652, 6.51703929901, 6.99468183517, 7.47232341766, 7.94996595383, 8.42760753632, 8.90524959564, 9.38289165497, 9.86053371429]
    bpm_estimates: [126.610534668, 126.080184937, 129.093444824, 125.117530823, 126.360244751, 126.121513367, 126.146392822, 125.979400635, 125.429618835, 125.88860321, 124.994728088, 124.586006165, 127.721641541, 124.676940918, 125.953117371, 126.078529358, 125.318763733, 125.580497742]
    bpm_intervals: [0.474572658539, 0.474572658539, 0.47457253933, 0.474572777748, 0.47457253933, 0.474572896957, 0.47457242012, 0.474572658539, 0.474572658539, 0.474572658539, 0.474572658539, 0.731454372406, 0.477641582489, 0.477642536163, 0.477641582489, 0.477642536163, 0.477641582489, 0.477642059326, 0.477642059326, 0.477642059326]
    onset_times: [0.0464399084449, 0.174149662256, 0.371519267559, 0.510838985443, 0.847528338432, 1.01006805897, 1.13777780533, 1.34675741196, 1.48607707024, 1.83437645435, 1.98530614376, 2.07818603516, 2.41487526894, 2.56580495834, 2.94893431664, 3.03020405769, 3.52943301201, 3.99383211136, 4.42340135574, 4.95746040344, 5.32897949219, 5.83981847763, 6.19972801208, 6.3042178154, 6.45514726639, 6.81505680084, 6.90793657303, 7.24462604523, 7.77868461609, 7.87156438828, 8.12698459625, 8.24308395386, 8.38240337372, 8.70748329163, 8.84680271149, 9.18349170685, 9.4853515625, 9.78721046448]
    rubato_start: []
    rubato_stop: []
    perceptual_tempo: "unknown"

sfx:
    inharmonicity:
        dmean: 0.0244451183826
        dmean2: 0.0446118973196
        dvar: 0.00124746165238
        dvar2: 0.00357167632319
        max: 0.31730735302
        mean: 0.0208334941417
        min: 5.7780303905e-05
        var: 0.00110383750871
    oddtoevenharmonicenergyratio:
        dmean: 3.71397566795
        dmean2: 6.39569711685
        dvar: 215.008392334
        dvar2: 534.657104492
        max: 205.378356934
        mean: 3.54751706123
        min: 0.000221187103307
        var: 299.9659729
    pitch_after_max_to_before_max_energy_ratio: 0.17659881711
    pitch_centroid: 200.05947876
    pitch_max_to_total: 0.781609177589
    pitch_min_to_total: 0.891954004765
    tristimulus:
        dmean: [0.205099910498, 0.207797825336, 0.0559131205082]
        dmean2: [0.36741194129, 0.363030314445, 0.100741274655]
        dvar: [0.0437587313354, 0.0418334528804, 0.00521202385426]
        dvar2: [0.116858825088, 0.111196927726, 0.0149040427059]
        max: [0.963823974133, 0.965890467167, 0.53256291151]
        mean: [0.554943919182, 0.365898311138, 0.0503073856235]
        min: [0.000302128202748, 0, 0]
        var: [0.0655448511243, 0.0684982314706, 0.00485000573099]

tonal:
    chords_changes_rate: 0.105022832751
    chords_number_rate: 0.0410958901048
    chords_strength:
        dmean: 0.0126009183004
        dmean2: 0.0091979149729
        dvar: 9.65843428276e-05
        dvar2: 7.93812578195e-05
        max: 0.606923043728
        mean: 0.409195154905
        min: 0.259109437466
        var: 0.00822741538286
    key_strength: 0.553381443024
    tuning_diatonic_strength: 0.385446101427
    tuning_equal_tempered_deviation: 0.0382975451648
    tuning_frequency: 441.017791748
    tuning_nontempered_energy_ratio: 0.64609503746
    hpcp:
        dmean: [0.104962661862, 0.0634337961674, 0.0713040158153, 0.0782421082258, 0.0765903294086, 0.0766792148352, 0.0621976405382, 0.0408730059862, 0.0589326247573, 0.0801457688212, 0.0554482750595, 0.035092715174, 0.0554867945611, 0.0486080572009, 0.0538649111986, 0.0681796595454, 0.0536399744451, 0.0729083940387, 0.0855537503958, 0.0614706613123, 0.0539799965918, 0.0761791020632, 0.0568226315081, 0.0877993777394, 0.138604283333, 0.124066889286, 0.0928708091378, 0.0821925029159, 0.0613768920302, 0.0975616723299, 0.128415465355, 0.114759385586, 0.0759226456285, 0.0572955049574, 0.0464123263955, 0.0828725323081]
        dmean2: [0.18205229938, 0.100527539849, 0.121946826577, 0.128780156374, 0.122415438294, 0.128228411078, 0.106046624482, 0.071616448462, 0.100199230015, 0.127255678177, 0.0886350646615, 0.0584822967649, 0.0926941558719, 0.084252178669, 0.0932150036097, 0.105011425912, 0.078061722219, 0.116497248411, 0.14198154211, 0.102330625057, 0.0949948132038, 0.131616175175, 0.0983327627182, 0.143928155303, 0.236816525459, 0.212993189692, 0.1642100811, 0.137985855341, 0.103205449879, 0.166125193238, 0.212719544768, 0.192585214972, 0.13031424582, 0.102543450892, 0.0804501473904, 0.145983159542]
        dvar: [0.0391241125762, 0.0149172302336, 0.0258786957711, 0.028605600819, 0.0243065077811, 0.0314701162279, 0.0252296701074, 0.0105130104348, 0.0145503524691, 0.0311327744275, 0.0116780688986, 0.00875082332641, 0.0163431800902, 0.0112344715744, 0.0155607219785, 0.0284818969667, 0.0184314772487, 0.016778729856, 0.037848867476, 0.0180684365332, 0.0125989057124, 0.0219076015055, 0.0197338294238, 0.0186198148876, 0.0615412667394, 0.0361084081233, 0.033659055829, 0.0329184569418, 0.0155759127811, 0.0265365522355, 0.050268214196, 0.0391161106527, 0.0257182512432, 0.0199279375374, 0.0126261711121, 0.0253745801747]
        dvar2: [0.0864343941212, 0.0300706066191, 0.0620151087642, 0.0500795654953, 0.0516315661371, 0.0752769038081, 0.0538619756699, 0.0259718857706, 0.0371783338487, 0.0539693050086, 0.0232761949301, 0.0225856751204, 0.0369814932346, 0.0294803250581, 0.0362703092396, 0.0526848770678, 0.026197321713, 0.0375699996948, 0.0748335942626, 0.0395363457501, 0.0294159483165, 0.0502262413502, 0.0475950948894, 0.0371604189277, 0.113200061023, 0.0908145532012, 0.0911428928375, 0.0683006495237, 0.0339544415474, 0.0649743527174, 0.115553304553, 0.0884461849928, 0.0621793977916, 0.0492742322385, 0.0327797904611, 0.0657819509506]
        max: [1, 1, 1, 1, 1, 1, 1, 0.691761851311, 0.84268039465, 1, 0.713156044483, 1, 1, 0.822832286358, 0.909585654736, 1, 1, 0.819977343082, 1, 1, 1, 1, 0.968264102936, 0.870096683502, 1, 1, 1, 1, 0.944867014885, 1, 1, 1, 0.954766392708, 1, 1, 1]
        mean: [0.133392184973, 0.0909784883261, 0.0733877196908, 0.126652672887, 0.140469029546, 0.1174730286, 0.0949865281582, 0.053668230772, 0.0682425126433, 0.111696086824, 0.072709530592, 0.0747890546918, 0.106252528727, 0.0624556653202, 0.0669758915901, 0.120353758335, 0.102412007749, 0.0904184803367, 0.115598529577, 0.0953556224704, 0.0884047672153, 0.108948692679, 0.0707272440195, 0.183447226882, 0.342743873596, 0.216735929251, 0.0880289748311, 0.0877443626523, 0.0625449642539, 0.15134768188, 0.283154338598, 0.193529486656, 0.0779220163822, 0.0663817003369, 0.0526599176228, 0.0886362791061]
        min: [0, 0, 0, 0, 0, 0.000229582714383, 0.000304103828967, 0, 0, 0, 0, 0, 0, 0, 0.000223131952225, 0.000309663475491, 0.0002916828671, 0.000269171432592, 0.000166363577591, 8.02005306468e-05, 0, 0, 0, 0, 0, 0, 0, 0, 0, 0.000341381324688, 0.000234111779719, 0, 0.000243851885898, 0.000229492055951, 0, 0]
        var: [0.0588035658002, 0.0291235633194, 0.0293664280325, 0.0649341717362, 0.0780713036656, 0.0553101561964, 0.053291413933, 0.0147509537637, 0.0169164929539, 0.053757596761, 0.0201452374458, 0.0332209318876, 0.0570580847561, 0.0166451521218, 0.0216364171356, 0.0682043582201, 0.0570409186184, 0.029209760949, 0.0635289624333, 0.0396660976112, 0.0352590121329, 0.0511945523322, 0.0265086069703, 0.0551629960537, 0.16974812746, 0.0627470985055, 0.0294228158891, 0.0430475026369, 0.0186367891729, 0.0450958758593, 0.14123134315, 0.0826190710068, 0.0292483270168, 0.0276191346347, 0.0158894360065, 0.0262880846858]
    chords_histogram: [1.36986303329, 20.5479450226, 7.30593585968, 0, 0, 0, 15.5251140594, 0, 0, 0, 0, 0, 0, 0, 0, 10.9589042664, 1.82648396492, 21.4611873627, 0, 0, 0.45662099123, 16.8949775696, 3.19634699821, 0.45662099123]
    thpcp: [1, 0.632355391979, 0.256836026907, 0.256005644798, 0.18248309195, 0.441576629877, 0.826139748096, 0.564647555351, 0.227347657084, 0.193677276373, 0.153642177582, 0.258607923985, 0.389189124107, 0.26544162631, 0.214118257165, 0.369525700808, 0.409836739302, 0.34274289012, 0.27713561058, 0.156584069133, 0.199106439948, 0.325887918472, 0.212139546871, 0.218206837773, 0.310005635023, 0.182222560048, 0.195410907269, 0.351147800684, 0.29880040884, 0.263807713985, 0.337273806334, 0.278212487698, 0.257932454348, 0.317872047424, 0.206355974078, 0.535231232643]
    chords_key: "A#"
    chords_scale: "minor"
    key_key: "A#"
    key_scale: "major"
    chords_progression: ["G#", "Cm", "Cm", "Cm", "Cm", "Cm", "Cm", "Cm", "Cm", "Cm", "Cm", "Cm", "Cm", "Cm", "Cm", "Cm", "Cm", "Cm", "Cm", "Cm", "Cm", "Cm", "Cm", "Cm", "Gm", "D#", "D#", "D#", "D#", "D#", "D#", "Cm", "Cm", "Cm", "Cm", "Cm", "Cm", "Cm", "Cm", "Cm", "G", "Dm", "Dm", "A#", "A#", "Dm", "Dm", "Dm", "A#", "G", "G", "G", "G", "G", "G", "G", "G", "Cm", "Cm", "Cm", "Cm", "D#m", "D#m", "D#m", "D#m", "D#m", "D#m", "D#m", "D#m", "D#m", "D#m", "D#m", "D#m", "D#m", "D#m", "D#m", "D#m", "D#m", "D#m", "D#m", "D#m", "D#m", "D#m", "D#m", "D#m", "F#", "F#", "F#", "F#", "A#m", "A#m", "A#m", "A#m", "A#m", "A#m", "A#m", "A#m", "A#m", "A#m", "A#m", "A#m", "A#m", "A#m", "A#m", "A#m", "A#m", "A#m", "A#m", "A#m", "A#m", "A#m", "A#m", "A#m", "A#m", "A#m", "A#m", "A#m", "A#m", "A#m", "A#m", "A#m", "A#m", "A#m", "A#m", "A#m", "A#m", "A#m", "A#m", "A#m", "A#m", "A#m", "A#m", "A#m", "A#m", "A#m", "A#m", "F", "F", "F", "F", "F", "F", "F", "F", "Dm", "F", "F", "F", "F", "F", "F", "F", "F", "Dm", "Dm", "Dm", "Dm", "Dm", "Dm", "Dm", "Dm", "Dm", "Dm", "Dm", "Dm", "Dm", "Dm", "Dm", "Dm", "Dm", "Dm", "Dm", "Dm", "Dm", "Dm", "Dm", "Dm", "Dm", "Dm", "Dm", "Dm", "Dm", "Dm", "Dm", "Dm", "Dm", "Dm", "Dm", "Dm", "Dm", "G", "Dm", "Dm", "G", "G", "G", "G", "G", "G", "G", "G", "G", "G", "G", "G", "G", "G", "G", "G", "G", "G", "G", "G", "G", "G", "G", "G", "Cm", "D#"]
