
metadata:
    version:
        essentia: "1.2.2"
    audio_properties:
        analysis_sample_rate: 44100
        bitrate: 128
        channels: 2
        equal_loudness: 1
        length: 10.0832653046
        replay_gain: -10.782541275
        downmix: "mix"
    tags:
        track: 17
        year: 0
        album: "Splitted by Mp3Splt v. 2.1"
        artist: "From 002.40 To 002.50"
        comment: "http://mp3splt.sf.net"
        genre: ""
        title: "05 Party.mp3"

highlevel:
    ballroom:
        all:
            ChaChaCha: 0.619325995445
            Jive: 0.0365324988961
            Quickstep: 0.0303864777088
            Rumba-American: 0.0018451330252
            Rumba-International: 0.0037633497268
            Rumba-Misc: 0.0107184443623
            Samba: 0.294965147972
            Tango: 0.00108137354255
            VienneseWaltz: 0.000749132421333
            Waltz: 0.000632451614365
        probability: 0.619325995445
        value: "ChaChaCha"
    culture:
        all:
            non_western: 0.959460318089
            western: 0.0405396819115
        probability: 0.959460318089
        value: "non_western"
    gender:
        all:
            female: 0.492619872093
            male: 0.507380127907
        probability: 0.507380127907
        value: "male"
    genre_dortmund:
        all:
            alternative: 3.38471618306e-05
            blues: 1.17847412184e-05
            electronic: 8.2833081251e-05
            folkcountry: 7.83966061135e-06
            funksoulrnb: 0.00101606629323
            jazz: 0.000351660419255
            pop: 0.000512916652951
            raphiphop: 0.997889399529
            rock: 9.36315846047e-05
        probability: 0.997889399529
        value: "raphiphop"
    genre_electronica:
        all:
            ambient: 0.278453320265
            dnb: 0.190569832921
            house: 0.436684519053
            techno: 0.059196267277
            trance: 0.0350960604846
        probability: 0.436684519053
        value: "house"
    genre_rosamerica:
        all:
            cla: 0.00305324909277
            dan: 0.00399242341518
            hip: 0.968292534351
            jaz: 0.00208409549668
            pop: 0.00335231120698
            rhy: 0.0172616224736
            roc: 0.000403987796744
            spe: 0.00155977217946
        probability: 0.968292534351
        value: "hip"
    genre_tzanetakis:
        all:
            blu: 0.000186030563782
            cla: 0.0010802987963
            cou: 0.000717715185601
            dis: 0.00799151603132
            hip: 0.687716841698
            jaz: 0.000449232262326
            met: 0.000461534509668
            pop: 0.0656038746238
            reg: 0.235143050551
            roc: 0.000649923749734
        probability: 0.687716841698
        value: "hip"
    live_studio:
        all:
            live: 0.187763080001
            studio: 0.812236905098
        probability: 0.812236905098
        value: "studio"
    mood:
        all:
            Cluster1: 0.0744157060981
            Cluster2: 0.4863242805
            Cluster3: 0.0558300167322
            Cluster4: 0.264165014029
            Cluster5: 0.119264982641
        probability: 0.4863242805
        value: "Cluster2"
    mood_acoustic:
        all:
            acoustic: 0.00887671485543
            not_acoustic: 0.991123259068
        probability: 0.991123259068
        value: "not_acoustic"
    mood_aggressive:
        all:
            aggressive: 0.00382085959427
            not_aggressive: 0.996179163456
        probability: 0.996179163456
        value: "not_aggressive"
    mood_electronic:
        all:
            electronic: 0.583694696426
            not_electronic: 0.416305303574
        probability: 0.583694696426
        value: "electronic"
    mood_happy:
        all:
            happy: 0.443296551704
            not_happy: 0.556703448296
        probability: 0.556703448296
        value: "not_happy"
    mood_party:
        all:
            not_party: 0.12848380208
            party: 0.871516168118
        probability: 0.871516168118
        value: "party"
    mood_relaxed:
        all:
            not_relaxed: 0.928255081177
            relaxed: 0.0717449337244
        probability: 0.928255081177
        value: "not_relaxed"
    mood_sad:
        all:
            not_sad: 0.935778558254
            sad: 0.0642214417458
        probability: 0.935778558254
        value: "not_sad"
    rhythm:
        all:
            fast: 0.506441712379
            medium: 0.354243069887
            slow: 0.139315217733
        probability: 0.506441712379
        value: "fast"
    speech_music:
        all:
            music: 0.950328052044
            speech: 0.0496719405055
        probability: 0.950328052044
        value: "music"
    timbre:
        all:
            bright: 0.337978571653
            dark: 0.662021398544
        probability: 0.662021398544
        value: "dark"
    voice_instrumental:
        all:
            instrumental: 0.031627509743
            voice: 0.96837246418
        probability: 0.96837246418
        value: "voice"

lowlevel:
    average_loudness: 0.938283920288
    barkbands_kurtosis:
        dmean: 3.06481003761
        dmean2: 4.97821187973
        dvar: 29.4713535309
        dvar2: 69.877571106
        max: 43.551574707
        mean: 1.85619878769
        min: -1.93805730343
        var: 33.806388855
    barkbands_skewness:
        dmean: 0.852101206779
        dmean2: 1.31165766716
        dvar: 0.746600329876
        dvar2: 1.61541676521
        max: 6.06789016724
        mean: 0.30164411664
        min: -4.38772201538
        var: 2.03727483749
    barkbands_spread:
        dmean: 8.67966556549
        dmean2: 13.4707803726
        dvar: 102.343170166
        dvar2: 215.920211792
        max: 85.7155685425
        mean: 23.1296806335
        min: 1.42960631847
        var: 181.804962158
    dissonance:
        dmean: 0.0310446154326
        dmean2: 0.0489409454167
        dvar: 0.00109999789856
        dvar2: 0.0025121292565
        max: 0.499767631292
        mean: 0.443668335676
        min: 0.255828142166
        var: 0.00253599463031
    hfc:
        dmean: 2.90322875977
        dmean2: 4.18835496902
        dvar: 53.1332511902
        dvar2: 132.753799438
        max: 66.903213501
        mean: 4.56124210358
        min: 0.00082579429727
        var: 65.1257019043
    pitch:
        dmean: 599.998779297
        dmean2: 1105.01782227
        dvar: 1185301.5
        dvar2: 2803924
        max: 5512.5
        mean: 1125.98071289
        min: 90
        var: 2153062.5
    pitch_instantaneous_confidence:
        dmean: 0.123297601938
        dmean2: 0.191847234964
        dvar: 0.0123828630894
        dvar2: 0.0246733631939
        max: 0.922834038734
        mean: 0.54834651947
        min: 0.194095015526
        var: 0.0327997505665
    pitch_salience:
        dmean: 0.0905733257532
        dmean2: 0.143386021256
        dvar: 0.00589319085702
        dvar2: 0.0155035108328
        max: 0.921848475933
        mean: 0.570979893208
        min: 0.211193293333
        var: 0.0191861856729
    silence_rate_20dB:
        dmean: 0
        dmean2: 0
        dvar: 0
        dvar2: 0
        max: 1
        mean: 1
        min: 1
        var: 0
    silence_rate_30dB:
        dmean: 0
        dmean2: 0
        dvar: 0
        dvar2: 0
        max: 1
        mean: 1
        min: 1
        var: 0
    silence_rate_60dB:
        dmean: 0.152073726058
        dmean2: 0.304849892855
        dvar: 0.128946617246
        dvar2: 0.23501111567
        max: 1
        mean: 0.717241406441
        min: 0
        var: 0.202806428075
    spectral_centroid:
        dmean: 487.135559082
        dmean2: 720.751159668
        dvar: 279853.15625
        dvar2: 469492.53125
        max: 6590.76708984
        mean: 1884.85375977
        min: 204.487503052
        var: 1348997.5
    spectral_complexity:
        dmean: 3.06018519402
        dmean2: 4.17865419388
        dvar: 27.6722259521
        dvar2: 50.2672920227
        max: 51
        mean: 6.58198595047
        min: 0
        var: 65.4949111938
    spectral_crest:
        dmean: 3.19595479965
        dmean2: 5.06795835495
        dvar: 6.64138793945
        dvar2: 17.0968875885
        max: 23.270614624
        mean: 10.1594562531
        min: 3.4054172039
        var: 16.9799251556
    spectral_decrease:
        dmean: 4.33394181654e-10
        dmean2: 6.88526291537e-10
        dvar: 7.36543227511e-19
        dvar2: 1.90679420739e-18
        max: -5.23399987901e-14
        mean: -6.03166350199e-10
        min: -5.93263305149e-09
        var: 7.49087163006e-19
    spectral_energy:
        dmean: 0.0018748017028
        dmean2: 0.0029467579443
        dvar: 1.42053913805e-05
        dvar2: 3.66035492334e-05
        max: 0.0279602333903
        mean: 0.00269020604901
        min: 2.84782885274e-07
        var: 1.50864807438e-05
    spectral_energyband_high:
        dmean: 0.000154920679051
        dmean2: 0.000222630958888
        dvar: 1.34729944534e-07
        dvar2: 2.60292580379e-07
        max: 0.0035660979338
        mean: 0.000239604458329
        min: 7.18746022699e-08
        var: 2.48450504614e-07
    spectral_energyband_low:
        dmean: 0.000372697162675
        dmean2: 0.000672050577123
        dvar: 2.09525501305e-06
        dvar2: 5.6627086451e-06
        max: 0.00942742824554
        mean: 0.000311248993967
        min: 1.01285368981e-10
        var: 1.4149030676e-06
    spectral_energyband_middle_high:
        dmean: 0.000877478625625
        dmean2: 0.0013632500777
        dvar: 5.8876521507e-06
        dvar2: 1.54714343807e-05
        max: 0.0206084176898
        mean: 0.00124804419465
        min: 1.64841011951e-07
        var: 5.69093526792e-06
    spectral_energyband_middle_low:
        dmean: 0.000721129996236
        dmean2: 0.00116409244947
        dvar: 1.45853914546e-06
        dvar2: 3.77372316507e-06
        max: 0.00747731328011
        mean: 0.000891251955181
        min: 6.66242572223e-09
        var: 1.54932286023e-06
    spectral_flatness_db:
        dmean: 0.0340450406075
        dmean2: 0.0489465072751
        dvar: 0.00084094540216
        dvar2: 0.00174649106339
        max: 0.483498930931
        mean: 0.213353693485
        min: 0.0747883915901
        var: 0.0041558095254
    spectral_flux:
        dmean: 0.0133728599176
        dmean2: 0.0202084127814
        dvar: 0.000357844721293
        dvar2: 0.000685102422722
        max: 0.151744514704
        mean: 0.0345215201378
        min: 0.000792069418821
        var: 0.000726808910258
    spectral_kurtosis:
        dmean: 2.01762652397
        dmean2: 3.25519871712
        dvar: 7.70261287689
        dvar2: 19.0893573761
        max: 26.1078052521
        mean: 3.92043352127
        min: -0.759401798248
        var: 13.8070421219
    spectral_rms:
        dmean: 0.000464801501948
        dmean2: 0.000665030034725
        dvar: 3.97765546722e-07
        dvar2: 9.08730555693e-07
        max: 0.00522286072373
        mean: 0.00134133326355
        min: 1.66684421856e-05
        var: 8.25416918815e-07
    spectral_rolloff:
        dmean: 793.438415527
        dmean2: 1287.24584961
        dvar: 992353.9375
        dvar2: 1753306.25
        max: 10443.6035156
        mean: 3180.6472168
        min: 150.732421875
        var: 3268039.25
    spectral_skewness:
        dmean: 0.351668298244
        dmean2: 0.520304203033
        dvar: 0.136355638504
        dvar2: 0.304599076509
        max: 4.17914390564
        mean: 1.34181678295
        min: -0.00498083885759
        var: 0.385810881853
    spectral_spread:
        dmean: 879916.3125
        dmean2: 1207268.125
        dvar: 1.03434426778e+12
        dvar2: 1.63064696013e+12
        max: 12338526
        mean: 4920793.5
        min: 1485073.125
        var: 4.29295429222e+12
    spectral_strongpeak:
        dmean: 0.401166856289
        dmean2: 0.628502607346
        dvar: 0.364892721176
        dvar2: 0.681607186794
        max: 6.41570615768
        mean: 0.593278646469
        min: 0.00215466343798
        var: 0.615465462208
    zerocrossingrate:
        dmean: 0.0175272617489
        dmean2: 0.0186453200877
        dvar: 0.000280060106888
        dvar2: 0.00023182987934
        max: 0.30712890625
        mean: 0.100396491587
        min: 0.0107421875
        var: 0.00258362945169
    barkbands:
        dmean: [9.83826907941e-07, 0.000162534444826, 0.000244084687438, 0.000118054449558, 9.86349623417e-05, 9.2077330919e-05, 0.000255248218309, 0.000102206751762, 0.000195652901311, 8.96241544979e-05, 6.31233197055e-05, 0.000192225750652, 8.3396815171e-05, 7.36877263989e-05, 2.74387984973e-05, 5.50199838472e-05, 6.43462917651e-05, 0.00020617179689, 0.000239798493567, 9.80303157121e-05, 6.6458240326e-05, 3.59489386028e-05, 6.71204816172e-06, 3.82869075111e-06, 2.97596648124e-06, 7.01573910078e-08, 3.27935900657e-10]
        dmean2: [1.15442594506e-06, 0.000295888108667, 0.000439123949036, 0.000219415815081, 0.000154323657625, 0.000160283801961, 0.000404868478654, 0.000167272461113, 0.000311323005008, 0.000143608995131, 0.000101818222902, 0.000336207594955, 0.000142267657793, 0.000127627994516, 4.38900970039e-05, 8.58586499817e-05, 9.82742494671e-05, 0.00034855294507, 0.000356945965905, 0.000148579696543, 9.43731502048e-05, 5.60160442546e-05, 9.88555893855e-06, 5.71216969547e-06, 3.96900713895e-06, 9.9543562726e-08, 5.21837240086e-10]
        dvar: [4.56933579515e-12, 3.57747154567e-07, 1.00440956885e-06, 2.38256504304e-07, 3.714504615e-08, 6.53156178032e-08, 4.82402526814e-07, 4.29518678402e-08, 1.87231577797e-07, 5.60956472384e-08, 2.58690917576e-08, 3.797916861e-07, 8.44499439268e-08, 4.41041265731e-08, 3.97733801449e-09, 1.01235775318e-08, 1.575557107e-08, 6.67043934754e-07, 2.38463655933e-07, 4.77854840142e-08, 2.24960903239e-08, 1.09221449662e-08, 3.45571016247e-10, 1.65652130901e-10, 1.0314509663e-10, 2.23239073847e-14, 5.28448883823e-19]
        dvar2: [6.62188489806e-12, 1.01225430171e-06, 2.8017943805e-06, 6.91184936841e-07, 9.23459495539e-08, 1.84600736475e-07, 1.18109301184e-06, 1.06570375635e-07, 4.63553362806e-07, 1.39573089086e-07, 6.83747458652e-08, 1.05784886273e-06, 2.36285160327e-07, 1.23017102283e-07, 9.60356860702e-09, 2.04904786472e-08, 3.70495776281e-08, 1.82505937119e-06, 5.52774679363e-07, 8.4902801234e-08, 4.8563514099e-08, 2.80277507869e-08, 7.36104233123e-10, 3.20514281782e-10, 1.82138082394e-10, 4.53840659715e-14, 1.20955064097e-18]
        max: [2.86575559585e-05, 0.00374654261395, 0.00669150333852, 0.00340913329273, 0.00171073945239, 0.00162771902978, 0.00603790720925, 0.00244702957571, 0.00279574817978, 0.00186677556485, 0.00220098416321, 0.00477887550369, 0.00245655304752, 0.00164204079192, 0.000568176794332, 0.000989212305285, 0.00102788978256, 0.0067469375208, 0.00363929313608, 0.0022001308389, 0.00142455962487, 0.00110430864152, 0.000232366001001, 0.000158339025802, 0.000134990084916, 1.3449640619e-06, 8.01770916325e-09]
        mean: [1.73024602645e-06, 0.000142698016134, 0.000166879341123, 7.65224103816e-05, 0.000118367403047, 6.99725860613e-05, 0.000249134522164, 0.000126216575154, 0.000230955367442, 9.77778690867e-05, 7.06015707692e-05, 0.000161792442668, 7.92090431787e-05, 7.08905499778e-05, 3.44440813933e-05, 8.43431043904e-05, 8.9246306743e-05, 0.000201286849915, 0.000320193474181, 0.000138661591336, 9.16679055081e-05, 4.99573143316e-05, 8.41792916617e-06, 5.02954935655e-06, 4.13626639784e-06, 7.62721441561e-08, 3.47810530377e-10]
        min: [2.94302207387e-13, 3.90159259067e-11, 4.43578854203e-11, 1.06205301498e-10, 6.5410871164e-10, 5.5559551404e-10, 6.095626226e-10, 5.90813620249e-10, 2.6812285725e-09, 2.66160249396e-09, 2.38709985112e-09, 4.46254144748e-09, 1.60962176921e-09, 1.7089005766e-09, 4.26384971774e-09, 1.41449181257e-08, 9.01173891066e-09, 2.17808366898e-08, 5.15454656735e-09, 2.2999981919e-09, 5.9637264016e-09, 7.098574617e-09, 1.27860633192e-09, 3.01042551998e-10, 9.53839507378e-11, 3.66463543539e-12, 7.38830654642e-14]
        var: [1.49236699387e-11, 2.28641169997e-07, 6.25275049515e-07, 1.34832234266e-07, 4.75910404418e-08, 4.5023458739e-08, 4.98736824284e-07, 7.50723785359e-08, 2.34468984672e-07, 6.33905514746e-08, 3.53356277571e-08, 2.595480737e-07, 5.85856660962e-08, 3.60613050532e-08, 5.41182387792e-09, 2.10459916161e-08, 2.33982024866e-08, 5.16190425515e-07, 3.88291169884e-07, 8.91720759455e-08, 3.93143011479e-08, 1.19564269596e-08, 4.81772066685e-10, 2.33821018103e-10, 2.15774273449e-10, 3.02809027039e-14, 7.47412846049e-19]
    mfcc:
        mean: [-816.094543457, 80.6164321899, -57.2452583313, 38.1689491272, -33.0596733093, -10.7060194016, -6.46755170822, -6.36729240417, -3.04245710373, -13.9465913773, -1.43728590012, -7.23002290726, -3.59629774094]
        cov: [[10602.3759766, 682.071533203, -319.650543213, -311.91027832, -184.907104492, -288.456329346, 517.18560791, -217.205429077, -101.271186829, 720.380554199, 291.369049072, 212.892120361, -33.0531158447], [682.071533203, 3986.03173828, -183.188293457, 445.155426025, 269.37310791, 36.100063324, 354.296478271, -62.3749694824, 110.674217224, 343.259338379, 72.9106750488, -30.7635707855, 154.079208374], [-319.650543213, -183.188293457, 1534.93261719, 517.575134277, 640.09576416, 426.383148193, 178.090606689, 210.348724365, 121.241081238, 76.4199752808, 22.825220108, 84.513168335, -93.7628326416], [-311.91027832, 445.155426025, 517.575134277, 921.508117676, 546.41998291, 343.730407715, 149.582946777, 13.8998117447, 94.8864593506, 112.751548767, -5.36822319031, -16.9795684814, 36.5398864746], [-184.907104492, 269.37310791, 640.09576416, 546.41998291, 868.159606934, 441.721069336, 117.340103149, 77.7774581909, 106.357940674, 138.695678711, 29.1173629761, 44.6077651978, 70.4695129395], [-288.456329346, 36.100063324, 426.383148193, 343.730407715, 441.721069336, 478.083587646, 246.746444702, 169.72328186, 118.482093811, 95.8185653687, 32.4701576233, 101.57711792, 50.3287506104], [517.18560791, 354.296478271, 178.090606689, 149.582946777, 117.340103149, 246.746444702, 628.437438965, 286.863922119, 140.864242554, 218.149780273, 52.0352783203, 153.065826416, 0.750868856907], [-217.205429077, -62.3749694824, 210.348724365, 13.8998117447, 77.7774581909, 169.72328186, 286.863922119, 571.857177734, 212.149185181, -58.0381851196, 91.976020813, 172.950195312, 18.6010417938], [-101.271186829, 110.674217224, 121.241081238, 94.8864593506, 106.357940674, 118.482093811, 140.864242554, 212.149185181, 206.594665527, 68.4444046021, 62.5225410461, 71.2904663086, 27.5528526306], [720.380554199, 343.259338379, 76.4199752808, 112.751548767, 138.695678711, 95.8185653687, 218.149780273, -58.0381851196, 68.4444046021, 390.085906982, 63.7485694885, 55.111579895, 14.7939567566], [291.369049072, 72.9106750488, 22.825220108, -5.36822319031, 29.1173629761, 32.4701576233, 52.0352783203, 91.976020813, 62.5225410461, 63.7485694885, 181.762115479, 89.9581451416, -2.1436252594], [212.892120361, -30.7635707855, 84.513168335, -16.9795684814, 44.6077651978, 101.57711792, 153.065826416, 172.950195312, 71.2904663086, 55.111579895, 89.9581451416, 209.453842163, 79.192489624], [-33.0531158447, 154.079208374, -93.7628326416, 36.5398864746, 70.4695129395, 50.3287506104, 0.750868856907, 18.6010417938, 27.5528526306, 14.7939567566, -2.1436252594, 79.192489624, 217.693572998]]
        icov: [[0.000125887294416, 3.09974871016e-06, 2.3515990506e-06, 2.80568092421e-05, -5.21608671988e-05, 0.000180569681106, -0.000132324508741, 4.1564428102e-05, 0.000150421095896, -0.00017886099522, -0.000160162351676, -7.74901491241e-05, 4.99611951454e-06], [3.09974871016e-06, 0.000334238313371, 6.4281244704e-05, -0.000139607000165, -0.000137222610647, 0.000299724866636, -0.000311939162202, 7.10735766916e-05, -8.31509169075e-05, -9.38524826779e-05, -0.000240360182943, 0.000340646714903, -0.000324232329149], [2.3515990506e-06, 6.4281244704e-05, 0.0012317962246, -0.000314473756589, -0.000667287269607, -0.000239866785705, 0.000202401904971, -0.000252326979535, 7.37185530397e-07, -7.07878207322e-05, 0.000462299823994, -0.000804998155218, 0.00113262759987], [2.80568092421e-05, -0.000139607000165, -0.000314473756589, 0.00208495091647, -0.000731137988623, -0.000545125163626, -0.000386066385545, 0.000531123427209, -0.000555041187909, 0.00023427362612, -0.00012576719746, 0.000806794909295, -0.000304086279357], [-5.21608671988e-05, -0.000137222610647, -0.000667287269607, -0.000731137988623, 0.00335777527653, -0.00235439208336, 0.00097146583721, -0.000366219610441, 0.000271231430816, -0.000741203373764, -0.000248409254709, 0.0007993124309, -0.000867349619512], [0.000180569681106, 0.000299724866636, -0.000239866785705, -0.000545125163626, -0.00235439208336, 0.00624881358817, -0.00197373656556, 0.000302452739561, -0.000678250566125, 0.000361108977813, -8.53395686136e-05, -0.00108307448681, -0.000443636730779], [-0.000132324508741, -0.000311939162202, 0.000202401904971, -0.000386066385545, 0.00097146583721, -0.00197373656556, 0.00439896993339, -0.00227593304589, 0.000716207141522, -0.00231342413463, 0.00169130740687, -0.00145757303108, 0.00128726055846], [4.1564428102e-05, 7.10735766916e-05, -0.000252326979535, 0.000531123427209, -0.000366219610441, 0.000302452739561, -0.00227593304589, 0.00571354618296, -0.00454949168488, 0.00314181298018, -0.000756812980399, -0.00213673897088, 0.000458608090412], [0.000150421095896, -8.31509169075e-05, 7.37185530397e-07, -0.000555041187909, 0.000271231430816, -0.000678250566125, 0.000716207141522, -0.00454949168488, 0.0106745371595, -0.00285080866888, -0.00144266255666, 0.00143200147431, -0.00106200692244], [-0.00017886099522, -9.38524826779e-05, -7.07878207322e-05, 0.00023427362612, -0.000741203373764, 0.000361108977813, -0.00231342413463, 0.00314181298018, -0.00285080866888, 0.00565164582804, -0.00115295592695, -0.000768673664425, 0.000110452238005], [-0.000160162351676, -0.000240360182943, 0.000462299823994, -0.00012576719746, -0.000248409254709, -8.53395686136e-05, 0.00169130740687, -0.000756812980399, -0.00144266255666, -0.00115295592695, 0.0089546283707, -0.00460084527731, 0.002547822427], [-7.74901491241e-05, 0.000340646714903, -0.000804998155218, 0.000806794909295, 0.0007993124309, -0.00108307448681, -0.00145757303108, -0.00213673897088, 0.00143200147431, -0.000768673664425, -0.00460084527731, 0.0121104596183, -0.00513560511172], [4.99611951454e-06, -0.000324232329149, 0.00113262759987, -0.000304086279357, -0.000867349619512, -0.000443636730779, 0.00128726055846, 0.000458608090412, -0.00106200692244, 0.000110452238005, 0.002547822427, -0.00513560511172, 0.00772266602144]]
    spectral_contrast:
        mean: [-4.29569837479e-07, -1.52801433728e-07, -2.38797127849e-07, -9.29515877601e-08, -7.43337338349e-08, -2.93205289381e-07, 4.44020179202e-06, 1.95098527911e-06, -1.41578243529e-06, -1.34117328798e-06, 8.0831057403e-07, -5.5403411352e-06]
        var: [0.000726691796444, 0.00231281318702, 0.00356671633199, 0.00533881923184, 0.0102338194847, 0.0190192684531, 0.142340779305, 0.258071750402, 0.363402217627, 1.24045562744, 2.63932752609, 6.6068444252]

rhythm:
    beats_loudness:
        dmean: 0.00330147519708
        dmean2: 0.00634813820943
        dvar: 8.83551183506e-06
        dvar2: 1.48873486978e-05
        max: 0.0112953800708
        mean: 0.00330031500198
        min: 0.000127734339912
        var: 1.03810298242e-05
    beats_loudness_bass:
        dmean: 0.124221645296
        dmean2: 0.173672825098
        dvar: 0.0188011601567
        dvar2: 0.0229425504804
        max: 0.708399057388
        mean: 0.133053600788
        min: 1.57467420649e-05
        var: 0.0387493520975
    bpm: 114.900802612
    bpm_confidence: 0
    first_peak_bpm: 115
    first_peak_spread: 0
    first_peak_weight: 0.944444417953
    onset_rate: 5.45458221436
    second_peak_bpm: 78
    second_peak_spread: 0
    second_peak_weight: 0.0555555559695
    beats_position: [0.156041815877, 0.678376376629, 1.20071089268, 1.72304546833, 2.24537992477, 2.76771450043, 3.29004883766, 3.81238341331, 4.33471775055, 4.8570523262, 5.37938690186, 6.14751338959, 6.66952371597, 7.19153308868, 7.71354293823, 8.23555374146, 8.757563591, 9.27957344055, 9.8015832901]
    bpm_estimates: [115.640518188, 114.922233582, 115.105369568, 114.540237427, 114.660102844, 114.511924744, 114.712890625, 114.688041687, 115.04776001, 115.252693176, 114.932243347, 114.720932007, 114.887397766, 114.91192627, 114.886222839, 114.992195129]
    bpm_intervals: [0.522334575653, 0.522334516048, 0.522334575653, 0.522334456444, 0.522334575653, 0.522334337234, 0.522334575653, 0.522334337234, 0.522334575653, 0.522334575653, 0.768126487732, 0.522010326385, 0.522009372711, 0.522009849548, 0.522010803223, 0.522009849548, 0.522009849548, 0.522009849548]
    onset_times: [0.150929704309, 0.325079351664, 0.49922901392, 0.673378705978, 0.859138309956, 1.02167797089, 1.19582772255, 1.40480720997, 1.55573701859, 1.71827661991, 2.06657600403, 2.26394557953, 2.38004541397, 2.41487526894, 2.72834467888, 2.77478456497, 2.89088439941, 2.94893431664, 3.11147403717, 3.29723358154, 3.42494320869, 3.55265307426, 3.65714287758, 3.77324271202, 3.99383211136, 4.15637207031, 4.65560102463, 4.8994102478, 5.0387301445, 5.25931978226, 5.52634906769, 5.64244890213, 5.7701587677, 5.9094786644, 6.13006782532, 6.29260778427, 6.42031764984, 6.60607719421, 6.80344676971, 7.01242637634, 7.2330160141, 7.39555549622, 7.56970500946, 7.7670750618, 7.92961454391, 8.01088428497, 8.19664382935, 8.26630401611, 8.53333377838, 8.8119726181, 9.22993183136, 9.45052146912, 9.58984088898, 9.79882049561, 9.97297096252]
    rubato_start: []
    rubato_stop: []
    perceptual_tempo: "unknown"

sfx:
    inharmonicity:
        dmean: 0.0613763295114
        dmean2: 0.111310727894
        dvar: 0.00577783025801
        dvar2: 0.0171687975526
        max: 0.439487963915
        mean: 0.0620721839368
        min: 0
        var: 0.00534068513662
    oddtoevenharmonicenergyratio:
        dmean: 5.76202917099
        dmean2: 10.0650444031
        dvar: 468.217956543
        dvar2: 884.815673828
        max: 339.769775391
        mean: 4.04274225235
        min: 0
        var: 380.52142334
    pitch_after_max_to_before_max_energy_ratio: 6.25152444839
    pitch_centroid: 251.016143799
    pitch_max_to_total: 0.397228628397
    pitch_min_to_total: 0.778290987015
    tristimulus:
        dmean: [0.208472892642, 0.258063167334, 0.142932593822]
        dmean2: [0.350146412849, 0.434092700481, 0.252566725016]
        dvar: [0.0435203760862, 0.0531918480992, 0.0250847954303]
        dvar2: [0.114392891526, 0.141981631517, 0.0654217600822]
        max: [1, 0.993670761585, 0.875432670116]
        mean: [0.296830534935, 0.473524600267, 0.165897384286]
        min: [0.000102938465716, 0, 0]
        var: [0.0697166323662, 0.0764121040702, 0.0359994135797]

tonal:
    chords_changes_rate: 0.0871559605002
    chords_number_rate: 0.0366972461343
    chords_strength:
        dmean: 0.0200135428458
        dmean2: 0.0227477923036
        dvar: 0.000228571560001
        dvar2: 0.000348198023858
        max: 0.792654335499
        mean: 0.539835631847
        min: 0.252873271704
        var: 0.0193807184696
    key_strength: 0.62187153101
    tuning_diatonic_strength: 0.586567342281
    tuning_equal_tempered_deviation: 0.24914817512
    tuning_frequency: 444.855529785
    tuning_nontempered_energy_ratio: 0.89573943615
    hpcp:
        dmean: [0.175587520003, 0.153848603368, 0.141166374087, 0.14650195837, 0.127794802189, 0.0986270233989, 0.101072445512, 0.108356751502, 0.142065882683, 0.208712354302, 0.223549380898, 0.192537367344, 0.179143965244, 0.175897076726, 0.165221780539, 0.155811831355, 0.142676085234, 0.159373387694, 0.137317702174, 0.12621961534, 0.144944548607, 0.151121765375, 0.138048693538, 0.143969401717, 0.171811252832, 0.179806530476, 0.170027583838, 0.131022140384, 0.113296277821, 0.147522583604, 0.178266569972, 0.178184211254, 0.19342713058, 0.2020085603, 0.221214234829, 0.200300827622]
        dmean2: [0.315206289291, 0.264051616192, 0.235895246267, 0.246947944164, 0.214708670974, 0.167460218072, 0.169476106763, 0.18258304894, 0.242944315076, 0.361781954765, 0.37417408824, 0.313640803099, 0.307806432247, 0.302712827921, 0.267356187105, 0.25656324625, 0.236023291945, 0.272383570671, 0.240218505263, 0.208214789629, 0.24493868649, 0.268258333206, 0.234591990709, 0.240732654929, 0.299615830183, 0.314658761024, 0.298253387213, 0.228241562843, 0.189550280571, 0.254981189966, 0.308065295219, 0.308719903231, 0.34174194932, 0.3543612957, 0.401030778885, 0.347998738289]
        dvar: [0.0595136284828, 0.0415260158479, 0.0390476956964, 0.0502992235124, 0.0350176952779, 0.0217002518475, 0.0242534279823, 0.0219393465668, 0.0325388424098, 0.0572065897286, 0.0586656481028, 0.0514961071312, 0.0475197248161, 0.0500584878027, 0.05106414482, 0.0460356213152, 0.0323804877698, 0.0496382378042, 0.0445073917508, 0.0309818144888, 0.0502681098878, 0.0383168756962, 0.0321156233549, 0.0372188836336, 0.0537944249809, 0.056129489094, 0.0632045567036, 0.0395005494356, 0.032535392791, 0.0390611030161, 0.0556005910039, 0.0394884347916, 0.0545874126256, 0.056691724807, 0.0840325653553, 0.0575775206089]
        dvar2: [0.155497848988, 0.109161347151, 0.0919501408935, 0.131420150399, 0.0937431752682, 0.0546653009951, 0.0628188103437, 0.0539728179574, 0.0775249004364, 0.124676436186, 0.136143088341, 0.125902533531, 0.11489674449, 0.117892548442, 0.11933041364, 0.111387521029, 0.0726785734296, 0.126979932189, 0.124281696975, 0.083274513483, 0.113793320954, 0.089639313519, 0.0824266523123, 0.100182637572, 0.135746359825, 0.139182373881, 0.16763445735, 0.103774912655, 0.0900226011872, 0.104076907039, 0.146944791079, 0.105540685356, 0.147497460246, 0.147374600172, 0.239240586758, 0.171499922872]
        max: [1, 1, 1, 1, 1, 0.897720754147, 1, 1, 1, 1, 1, 1, 1, 1, 1, 1, 0.96817535162, 1, 1, 1, 1, 1, 1, 1, 1, 1, 1, 1, 1, 1, 1, 1, 1, 1, 1, 1]
        mean: [0.190407812595, 0.159624233842, 0.141902685165, 0.143842533231, 0.126793026924, 0.112125426531, 0.121437087655, 0.131047934294, 0.181162774563, 0.287810027599, 0.304924160242, 0.231408789754, 0.204716220498, 0.198045641184, 0.193895220757, 0.180555909872, 0.160692796111, 0.159559383988, 0.13174945116, 0.137229248881, 0.221237748861, 0.213275879622, 0.143009632826, 0.149922892451, 0.174613386393, 0.170740619302, 0.140904694796, 0.110539831221, 0.104915909469, 0.141979277134, 0.199195936322, 0.215359449387, 0.210294559598, 0.220255181193, 0.228000804782, 0.216531679034]
        min: [0, 0, 0, 0, 0, 0, 0, 0, 0, 0, 0, 0, 0, 0, 0.000351155613316, 0.000740775722079, 0.000811606121715, 0.00147943792399, 0, 0.00061178841861, 0.000264774047537, 0.000147433165694, 0.00045259000035, 0, 0, 0, 0, 0, 0, 0, 0, 0, 0, 0, 0, 0]
        var: [0.0650056153536, 0.0448773801327, 0.043373093009, 0.04935253039, 0.0349664464593, 0.0266960076988, 0.0359380245209, 0.035212662071, 0.052680734545, 0.100352473557, 0.0981238484383, 0.0654716193676, 0.0636808797717, 0.0693036988378, 0.077699020505, 0.0708250850439, 0.0489145666361, 0.0561769902706, 0.0413206070662, 0.0360801964998, 0.102720983326, 0.0783843025565, 0.0367823876441, 0.0447622574866, 0.0649118870497, 0.0669929534197, 0.0585582591593, 0.0368398576975, 0.0296960975975, 0.03964721784, 0.0737383365631, 0.0649575740099, 0.0568597391248, 0.0654287710786, 0.0840086862445, 0.0695346668363]
    chords_histogram: [21.559633255, 28.8990821838, 1.37614679337, 0, 2.75229358673, 0, 0, 5.9633026123, 0, 35.7798156738, 0, 1.37614679337, 0, 0, 1.83486235142, 0, 0, 0, 0, 0, 0, 0, 0, 0.458715587854]
    thpcp: [1, 0.758906066418, 0.671367645264, 0.649491488934, 0.635880172253, 0.592133820057, 0.526992678642, 0.523275613785, 0.432072848082, 0.450043857098, 0.725550055504, 0.699439108372, 0.469000667334, 0.491672724485, 0.572645306587, 0.559944570065, 0.462097495794, 0.362515807152, 0.344072133303, 0.465621620417, 0.653263866901, 0.706272184849, 0.689661860466, 0.722327768803, 0.747729539871, 0.710116505623, 0.624443173409, 0.523488283157, 0.465370416641, 0.47173216939, 0.415818244219, 0.367715775967, 0.398253411055, 0.429772228003, 0.594124019146, 0.943874120712]
    chords_key: "C"
    chords_scale: "major"
    key_key: "F"
    key_scale: "minor"
    chords_progression: ["Cm", "Cm", "Cm", "C", "C", "C", "C", "C", "C", "C", "C", "C", "C", "C", "C", "C", "C", "C", "C", "C", "C", "C", "C", "C", "C", "C", "C", "C", "C", "C", "C", "C", "C", "C", "C", "C", "C", "C", "C", "C", "C", "C", "C", "C", "C", "C", "C", "C", "C", "C", "C", "C", "C", "C", "C", "C", "C", "C", "C", "C", "C", "C", "C", "C", "C", "C", "C", "C", "C", "C", "C", "Fm", "C", "C", "C", "C", "C", "C", "C", "C", "C", "C", "G#", "G#", "G#", "G#", "G#", "G#", "G#", "G#", "G#", "G#", "G#", "G#", "G#", "G#", "G#", "G#", "G#", "G#", "G#", "G#", "G#", "G#", "G#", "G#", "G#", "G#", "G#", "G#", "G#", "G#", "G#", "G#", "G#", "G#", "G#", "G#", "G#", "G#", "G#", "G#", "G#", "G#", "G#", "G#", "G#", "F", "G#", "F", "F", "F", "F", "G#", "G#", "Gm", "Gm", "Gm", "Gm", "F#m", "F#m", "F#m", "Gm", "Gm", "F#m", "F", "F", "F", "F", "F", "F", "C#", "Fm", "Fm", "Fm", "F", "F", "G", "G", "G", "Fm", "Fm", "Fm", "Fm", "Fm", "Fm", "Fm", "Fm", "Fm", "Fm", "Fm", "Fm", "Fm", "Fm", "Fm", "Fm", "Fm", "Fm", "Fm", "Fm", "Fm", "Fm", "Fm", "Fm", "Fm", "Fm", "Fm", "Fm", "Fm", "Fm", "Fm", "Fm", "Fm", "Fm", "Fm", "Fm", "Fm", "Fm", "Fm", "Fm", "Fm", "Fm", "Fm", "G#", "G#", "G#", "G#", "G#", "G#", "G#", "G#", "G#", "G#", "G#", "G#", "G#", "G#", "G#"]
