
metadata:
    version:
        essentia: "1.2.2"
    audio_properties:
        analysis_sample_rate: 44100
        bitrate: 128
        channels: 2
        equal_loudness: 1
        length: 10.0310201645
        replay_gain: -10.4374599457
        downmix: "mix"
    tags:
        track: 22
        year: 0
        album: "Splitted by Mp3Splt v. 2.1"
        artist: "From 003.30 To 003.40"
        comment: "http://mp3splt.sf.net"
        genre: ""
        title: "15 Liberation.mp3"

highlevel:
    ballroom:
        all:
            ChaChaCha: 0.410758852959
            Jive: 0.0722203105688
            Quickstep: 0.0369354635477
            Rumba-American: 0.0144810508937
            Rumba-International: 0.0651384741068
            Rumba-Misc: 0.0860676243901
            Samba: 0.291613250971
            Tango: 0.00524784624577
            VienneseWaltz: 0.0125300269574
            Waltz: 0.00500711519271
        probability: 0.410758852959
        value: "ChaChaCha"
    culture:
        all:
            non_western: 0.964613497257
            western: 0.0353864915669
        probability: 0.964613497257
        value: "non_western"
    gender:
        all:
            female: 0.583467543125
            male: 0.416532486677
        probability: 0.583467543125
        value: "female"
    genre_dortmund:
        all:
            alternative: 0.00253791897558
            blues: 0.000892580952495
            electronic: 0.00577807053924
            folkcountry: 0.00184628344141
            funksoulrnb: 0.0533894859254
            jazz: 0.00486218603328
            pop: 0.0154889887199
            raphiphop: 0.905248224735
            rock: 0.00995628163218
        probability: 0.905248224735
        value: "raphiphop"
    genre_electronica:
        all:
            ambient: 0.249426588416
            dnb: 0.358832478523
            house: 0.225383400917
            techno: 0.0718048587441
            trance: 0.0945526883006
        probability: 0.358832478523
        value: "dnb"
    genre_rosamerica:
        all:
            cla: 0.00289746653289
            dan: 0.0592659153044
            hip: 0.499741405249
            jaz: 0.00463000731543
            pop: 0.228971734643
            rhy: 0.18787021935
            roc: 0.0081253349781
            spe: 0.00849791429937
        probability: 0.499741405249
        value: "hip"
    genre_tzanetakis:
        all:
            blu: 0.00180688139517
            cla: 0.00162515684497
            cou: 0.00467747496441
            dis: 0.0345950499177
            hip: 0.144753009081
            jaz: 0.00189973670058
            met: 0.00212870724499
            pop: 0.606948196888
            reg: 0.194444969296
            roc: 0.00712080532685
        probability: 0.606948196888
        value: "pop"
    live_studio:
        all:
            live: 0.697517514229
            studio: 0.302482515574
        probability: 0.697517514229
        value: "live"
    mood:
        all:
            Cluster1: 0.181596070528
            Cluster2: 0.325421333313
            Cluster3: 0.103733740747
            Cluster4: 0.223943546414
            Cluster5: 0.165305316448
        probability: 0.325421333313
        value: "Cluster2"
    mood_acoustic:
        all:
            acoustic: 0.0301956534386
            not_acoustic: 0.969804346561
        probability: 0.969804346561
        value: "not_acoustic"
    mood_aggressive:
        all:
            aggressive: 0.0217092800885
            not_aggressive: 0.978290736675
        probability: 0.978290736675
        value: "not_aggressive"
    mood_electronic:
        all:
            electronic: 0.533196091652
            not_electronic: 0.466803908348
        probability: 0.533196091652
        value: "electronic"
    mood_happy:
        all:
            happy: 0.825645804405
            not_happy: 0.174354195595
        probability: 0.825645804405
        value: "happy"
    mood_party:
        all:
            not_party: 0.245365232229
            party: 0.754634737968
        probability: 0.754634737968
        value: "party"
    mood_relaxed:
        all:
            not_relaxed: 0.546590745449
            relaxed: 0.453409224749
        probability: 0.546590745449
        value: "not_relaxed"
    mood_sad:
        all:
            not_sad: 0.634602487087
            sad: 0.365397512913
        probability: 0.634602487087
        value: "not_sad"
    rhythm:
        all:
            fast: 0.677823126316
            medium: 0.260718077421
            slow: 0.0614587664604
        probability: 0.677823126316
        value: "fast"
    speech_music:
        all:
            music: 0.996137142181
            speech: 0.00386283965781
        probability: 0.996137142181
        value: "music"
    timbre:
        all:
            bright: 0.122691981494
            dark: 0.877308011055
        probability: 0.877308011055
        value: "dark"
    voice_instrumental:
        all:
            instrumental: 0.0162390228361
            voice: 0.98376095295
        probability: 0.98376095295
        value: "voice"

lowlevel:
    average_loudness: 0.977189481258
    barkbands_kurtosis:
        dmean: 2.14791631699
        dmean2: 3.40770483017
        dvar: 15.046792984
        dvar2: 27.9278888702
        max: 50.7065696716
        mean: 2.15428566933
        min: -1.89695823193
        var: 27.136013031
    barkbands_skewness:
        dmean: 0.55491489172
        dmean2: 0.849835634232
        dvar: 0.339698374271
        dvar2: 0.68036788702
        max: 6.42561817169
        mean: 0.914858520031
        min: -4.68304014206
        var: 1.25506591797
    barkbands_spread:
        dmean: 6.29588413239
        dmean2: 9.85265445709
        dvar: 41.2187652588
        dvar2: 87.4784698486
        max: 54.0270805359
        mean: 21.1520900726
        min: 1.22165608406
        var: 130.373153687
    dissonance:
        dmean: 0.0366574339569
        dmean2: 0.0600867010653
        dvar: 0.000972196692601
        dvar2: 0.00268890056759
        max: 0.499557316303
        mean: 0.427278459072
        min: 0.284422665834
        var: 0.00228654243983
    hfc:
        dmean: 3.06801366806
        dmean2: 5.0423617363
        dvar: 58.2730712891
        dvar2: 162.253875732
        max: 64.451751709
        mean: 5.78707885742
        min: 3.13850068778e-06
        var: 51.7707214355
    pitch:
        dmean: 457.784088135
        dmean2: 886.535217285
        dvar: 1068363.25
        dvar2: 2698421.25
        max: 4900
        mean: 717.450073242
        min: 64.4736862183
        var: 1396768.5
    pitch_instantaneous_confidence:
        dmean: 0.107531040907
        dmean2: 0.173967629671
        dvar: 0.00848807953298
        dvar2: 0.020372133702
        max: 0.856207489967
        mean: 0.486338406801
        min: 0.183614134789
        var: 0.0211050081998
    pitch_salience:
        dmean: 0.062259376049
        dmean2: 0.10190782696
        dvar: 0.00267376378179
        dvar2: 0.0063090887852
        max: 0.957780361176
        mean: 0.588567197323
        min: 0.358738750219
        var: 0.00787834171206
    silence_rate_20dB:
        dmean: 0
        dmean2: 0
        dvar: 0
        dvar2: 0
        max: 1
        mean: 1
        min: 1
        var: 0
    silence_rate_30dB:
        dmean: 0
        dmean2: 0
        dvar: 0
        dvar2: 0
        max: 1
        mean: 1
        min: 1
        var: 0
    silence_rate_60dB:
        dmean: 0.138888895512
        dmean2: 0.276102095842
        dvar: 0.119599096477
        dvar2: 0.241633117199
        max: 1
        mean: 0.277136266232
        min: 0
        var: 0.200332075357
    spectral_centroid:
        dmean: 273.68661499
        dmean2: 413.808441162
        dvar: 117636.203125
        dvar2: 223061.15625
        max: 4016.49438477
        mean: 1177.15539551
        min: 282.86618042
        var: 618683.1875
    spectral_complexity:
        dmean: 3.05104398727
        dmean2: 4.83953475952
        dvar: 26.9718704224
        dvar2: 70.3626251221
        max: 40
        mean: 10.1504631042
        min: 0
        var: 32.6509552002
    spectral_crest:
        dmean: 2.57634758949
        dmean2: 4.48922300339
        dvar: 4.90281772614
        dvar2: 13.0961856842
        max: 18.8389892578
        mean: 8.70477390289
        min: 2.74063920975
        var: 9.06468582153
    spectral_decrease:
        dmean: 5.22687448878e-10
        dmean2: 9.1967117255e-10
        dvar: 1.1702412605e-18
        dvar2: 3.33339207801e-18
        max: -8.49564252278e-16
        mean: -1.13201015228e-09
        min: -9.10751207783e-09
        var: 8.26162094725e-19
    spectral_energy:
        dmean: 0.00221491605043
        dmean2: 0.00386817194521
        dvar: 2.22261060117e-05
        dvar2: 6.34008756606e-05
        max: 0.0402198024094
        mean: 0.004797372967
        min: 3.49111961562e-09
        var: 1.54579702212e-05
    spectral_energyband_high:
        dmean: 0.000237104482949
        dmean2: 0.000361275800969
        dvar: 2.57192766639e-07
        dvar2: 5.72913222641e-07
        max: 0.00459265103564
        mean: 0.000347318680724
        min: 4.32920921334e-11
        var: 4.7091776878e-07
    spectral_energyband_low:
        dmean: 0.000376201467589
        dmean2: 0.000620454491582
        dvar: 9.97412598736e-07
        dvar2: 2.53888629231e-06
        max: 0.0075970608741
        mean: 0.00052563182544
        min: 5.90479314749e-12
        var: 9.50621370066e-07
    spectral_energyband_middle_high:
        dmean: 0.00111082370859
        dmean2: 0.0019925350789
        dvar: 1.6476282326e-05
        dvar2: 4.82102768729e-05
        max: 0.0363090634346
        mean: 0.00150464102626
        min: 1.01459252111e-09
        var: 9.3109692898e-06
    spectral_energyband_middle_low:
        dmean: 0.000991968787275
        dmean2: 0.00167148921173
        dvar: 1.24676728319e-06
        dvar2: 3.37338519785e-06
        max: 0.0118360323831
        mean: 0.00241970526986
        min: 2.42602604672e-09
        var: 2.33737091548e-06
    spectral_flatness_db:
        dmean: 0.0287680532783
        dmean2: 0.0406025275588
        dvar: 0.000630894908682
        dvar2: 0.00110029277857
        max: 0.364741504192
        mean: 0.178962409496
        min: 0.0662510469556
        var: 0.00266274809837
    spectral_flux:
        dmean: 0.0136188641191
        dmean2: 0.0212714038789
        dvar: 0.000455976260127
        dvar2: 0.000856324390043
        max: 0.190468683839
        mean: 0.0425162836909
        min: 5.90856980125e-05
        var: 0.000609176931903
    spectral_kurtosis:
        dmean: 1.91456389427
        dmean2: 2.83436083794
        dvar: 4.14121770859
        dvar2: 8.00885772705
        max: 21.1011486053
        mean: 4.95784711838
        min: -0.0675668716431
        var: 12.3453588486
    spectral_rms:
        dmean: 0.000436430971604
        dmean2: 0.000725178222638
        dvar: 4.98115070968e-07
        dvar2: 1.35143375246e-06
        max: 0.00626409053802
        mean: 0.00204062857665
        min: 1.8455270947e-06
        var: 5.16200771017e-07
    spectral_rolloff:
        dmean: 543.975402832
        dmean2: 897.383666992
        dvar: 545502.5625
        dvar2: 1221332.125
        max: 5620.16601562
        mean: 1987.18518066
        min: 301.46484375
        var: 1826215
    spectral_skewness:
        dmean: 0.301825851202
        dmean2: 0.444827914238
        dvar: 0.092298425734
        dvar2: 0.16685205698
        max: 3.68343448639
        mean: 1.7964669466
        min: 0.322016566992
        var: 0.396233439445
    spectral_spread:
        dmean: 1390081.75
        dmean2: 1819586.375
        dvar: 2.76102460211e+12
        dvar2: 3.7165966295e+12
        max: 21714324
        mean: 5664076.5
        min: 2272652.25
        var: 6.11298050048e+12
    spectral_strongpeak:
        dmean: 0.352323204279
        dmean2: 0.578612983227
        dvar: 0.210743919015
        dvar2: 0.442710012197
        max: 7.33897352219
        mean: 0.688599526882
        min: 5.32331905561e-05
        var: 0.953917324543
    zerocrossingrate:
        dmean: 0.0114185307175
        dmean2: 0.0120821222663
        dvar: 0.000130422224174
        dvar2: 0.000143623314216
        max: 0.1943359375
        mean: 0.0714416503906
        min: 0.0146484375
        var: 0.00134540593717
    barkbands:
        dmean: [2.65113294518e-06, 0.00020834748284, 0.000198136433028, 0.000146511796629, 0.000267017865553, 0.000241742120124, 0.000374524155632, 0.000312558142468, 0.00030404663994, 9.98036193778e-05, 0.00015118108422, 0.000505219271872, 9.8318552773e-05, 5.42162379134e-05, 3.73812254111e-05, 6.90531014698e-05, 4.03419107897e-05, 9.44064522628e-05, 0.000161045129062, 0.000156951049576, 0.000111940331408, 3.65229898307e-05, 8.06100251793e-06, 4.13228872276e-06, 3.59304499398e-06, 5.08857624482e-07, 5.67951596864e-09]
        dmean2: [4.04487991545e-06, 0.000340150407283, 0.000355904659955, 0.000253986712778, 0.000454310007626, 0.000413696630858, 0.000608458300121, 0.000506195705384, 0.000486667413497, 0.00016328592028, 0.000268120551482, 0.000965665094554, 0.000175300549017, 9.11851020646e-05, 6.49515131954e-05, 0.000110685366963, 6.63673927193e-05, 0.000147188344272, 0.000257219711784, 0.000257119419985, 0.000173786189407, 5.29478384124e-05, 1.18599919006e-05, 5.94797666054e-06, 5.35372510058e-06, 7.70579219989e-07, 8.70472227632e-09]
        dvar: [3.83851145314e-11, 3.46568356235e-07, 2.98207368132e-07, 1.18208880906e-07, 3.24888446812e-07, 1.05880538115e-07, 2.28978052519e-07, 2.19105501742e-07, 2.13653805758e-07, 5.80656838167e-08, 2.42475863388e-07, 5.4232095863e-06, 1.85862532476e-07, 1.48318672899e-08, 1.45251917161e-08, 2.60185792911e-08, 9.53985601626e-09, 3.88648260241e-08, 1.29730665321e-07, 1.20097567446e-07, 5.84074939525e-08, 4.72108041549e-09, 2.02286729034e-10, 5.2155717245e-11, 4.5581774466e-11, 1.19217504792e-12, 3.41318225904e-16]
        dvar2: [8.73232389176e-11, 8.53197661854e-07, 8.0056133811e-07, 3.56765440301e-07, 9.05130264073e-07, 2.74881017504e-07, 6.0710760863e-07, 6.22456070687e-07, 4.61777176497e-07, 1.33104109068e-07, 6.94212303642e-07, 1.59666087711e-05, 5.42893758393e-07, 3.97185893064e-08, 4.1898307046e-08, 6.51223430737e-08, 2.52694984937e-08, 1.03807622054e-07, 3.15560384934e-07, 2.62687365193e-07, 1.39146507649e-07, 9.76982494905e-09, 4.32479163592e-10, 1.17488144213e-10, 9.62221483047e-11, 2.76621434092e-12, 5.02785204963e-16]
        max: [6.16630568402e-05, 0.0040440117009, 0.00448553264141, 0.00364597467706, 0.00543352449313, 0.00253470917232, 0.00477075949311, 0.00363505957648, 0.00714278640226, 0.0036544194445, 0.00431447150186, 0.0196908917278, 0.00460194284096, 0.0010700422572, 0.00136491691228, 0.0015485114418, 0.00100732955616, 0.00212991284207, 0.00391882425174, 0.00280707539059, 0.00219283183105, 0.00087113189511, 0.000145851212437, 5.09231504111e-05, 6.39596910332e-05, 8.39220774651e-06, 3.19396662007e-07]
        mean: [2.61973582383e-06, 0.000237644519075, 0.000285445596091, 0.000230740231927, 0.000333644478815, 0.000354365183739, 0.000562569475733, 0.000422302808147, 0.000491648272146, 0.000153646411491, 0.000157321643201, 0.000381188845495, 9.13468247745e-05, 7.67867168179e-05, 4.03384874517e-05, 9.34578856686e-05, 5.15934953e-05, 0.000139675626997, 0.000251396239037, 0.000225483032409, 0.000144240038935, 4.92848703288e-05, 1.06403158497e-05, 5.30040233571e-06, 4.22436323788e-06, 4.64792407229e-07, 4.70279148956e-09]
        min: [5.81080756429e-13, 2.09229118406e-12, 3.50079470621e-12, 6.23865672664e-12, 3.52877796428e-11, 9.61344615025e-11, 2.29119556661e-10, 5.70047786752e-10, 1.34227984283e-09, 6.03968486335e-10, 1.3016704381e-10, 3.62085569861e-11, 1.28887428508e-10, 7.91796489485e-11, 5.25595018896e-11, 6.16949685783e-11, 3.00741619108e-11, 1.22415627982e-11, 1.15064806641e-11, 2.53331054051e-11, 7.40080566275e-12, 5.80768245995e-12, 5.00754342506e-12, 6.65216796578e-12, 2.99018644047e-12, 2.5703148377e-12, 9.32824103335e-14]
        var: [4.25454185771e-11, 3.21209228105e-07, 2.78068029047e-07, 1.129354672e-07, 2.67230774398e-07, 1.67530103568e-07, 3.86022719567e-07, 3.03331518126e-07, 5.97321559326e-07, 1.11718371443e-07, 1.85089348292e-07, 2.90983052764e-06, 1.0369167569e-07, 1.85426003441e-08, 9.50580503201e-09, 3.77273252639e-08, 9.00410945803e-09, 4.19012167185e-08, 2.80008691789e-07, 2.12819884382e-07, 8.92051090773e-08, 8.41180725075e-09, 3.25286964031e-10, 7.22667758968e-11, 6.30836355375e-11, 1.2559167031e-12, 3.29596163416e-16]
    mfcc:
        mean: [-736.575378418, 112.122917175, -27.9414405823, 31.2734375, -32.4456520081, -21.5217609406, -5.31849908829, -7.20118427277, -7.56653261185, -1.54934382439, 2.05459046364, -2.50883769989, -5.02536249161]
        cov: [[4374.31884766, -414.246765137, 264.643280029, 290.566894531, 268.562347412, 440.15222168, 207.834625244, 173.391815186, 240.426986694, -16.135181427, 52.9962615967, 26.7960186005, 62.2401809692], [-414.246765137, 2442.96899414, 476.525238037, -102.815307617, 496.420501709, 325.270233154, 417.4190979, 347.52255249, -26.9180927277, 107.29990387, 55.3927726746, 54.0271530151, 74.8989715576], [264.643280029, 476.525238037, 959.399658203, 385.704315186, 405.1378479, 326.744018555, 233.588760376, 222.084197998, 164.025939941, 66.2370452881, 99.0435791016, 76.379737854, 43.5562705994], [290.566894531, -102.815307617, 385.704315186, 543.394042969, 292.311004639, 155.492889404, 54.3689956665, 116.621353149, 142.269851685, 31.7595100403, 6.91577196121, 17.9912395477, -23.2605285645], [268.562347412, 496.420501709, 405.1378479, 292.311004639, 503.765869141, 230.598846436, 151.509277344, 168.834472656, 97.5166854858, 62.1420974731, 16.6982936859, 8.12648105621, -3.28562903404], [440.15222168, 325.270233154, 326.744018555, 155.492889404, 230.598846436, 385.447784424, 229.520233154, 153.422332764, 131.872085571, 56.7188796997, 59.5155143738, 30.3244361877, 38.2284584045], [207.834625244, 417.4190979, 233.588760376, 54.3689956665, 151.509277344, 229.520233154, 341.672821045, 190.986679077, 37.5864219666, 69.2764663696, 34.3269119263, 40.1668052673, 55.4152870178], [173.391815186, 347.52255249, 222.084197998, 116.621353149, 168.834472656, 153.422332764, 190.986679077, 275.233154297, 95.3343505859, 28.7624588013, 29.0034141541, 8.66716861725, 21.6843624115], [240.426986694, -26.9180927277, 164.025939941, 142.269851685, 97.5166854858, 131.872085571, 37.5864219666, 95.3343505859, 249.032058716, 107.252182007, 76.3860931396, 3.81906318665, -49.5419883728], [-16.135181427, 107.29990387, 66.2370452881, 31.7595100403, 62.1420974731, 56.7188796997, 69.2764663696, 28.7624588013, 107.252182007, 199.849258423, 124.075675964, 38.7051544189, -16.2453727722], [52.9962615967, 55.3927726746, 99.0435791016, 6.91577196121, 16.6982936859, 59.5155143738, 34.3269119263, 29.0034141541, 76.3860931396, 124.075675964, 202.296722412, 75.7214355469, -0.117020361125], [26.7960186005, 54.0271530151, 76.379737854, 17.9912395477, 8.12648105621, 30.3244361877, 40.1668052673, 8.66716861725, 3.81906318665, 38.7051544189, 75.7214355469, 118.493423462, 57.3702735901], [62.2401809692, 74.8989715576, 43.5562705994, -23.2605285645, -3.28562903404, 38.2284584045, 55.4152870178, 21.6843624115, -49.5419883728, -16.2453727722, -0.117020361125, 57.3702735901, 122.913345337]]
        icov: [[0.000295706762699, 0.00012309793965, 8.86333436938e-05, 3.41704799212e-05, -0.000206176424399, -0.000253183330642, -0.000139132956974, 2.0061748728e-05, -0.000247075542575, 0.000309671071591, -0.000154944093083, 3.92587862734e-05, -0.000194399719476], [0.00012309793965, 0.00089293095516, -0.00022358012211, 0.000918100588024, -0.000907462264877, -0.000361602869816, -6.22888546786e-05, -0.000828631396871, 0.000637967605144, -0.000435297552031, 0.000287452014163, -0.000398613396101, 0.000294934754493], [8.86333436938e-05, -0.00022358012211, 0.00233520637266, -0.00109974096995, -0.000768245663494, -0.000270816119155, -0.000768517435063, 0.000332806142978, -0.000901320716366, 0.00128138740547, -0.00122969248332, -0.000155586982146, -0.000715291476808], [3.41704799212e-05, 0.000918100588024, -0.00109974096995, 0.00443222746253, -0.00214675581083, -0.000410688255215, 0.000805266958196, -0.00121460866649, -0.000337935605785, -0.000494869891554, 0.00152485223953, -0.00168570573442, 0.00115993875079], [-0.000206176424399, -0.000907462264877, -0.000768245663494, -0.00214675581083, 0.00549085484818, -0.00159618107136, 0.0012512098765, -0.00103125500027, 0.00138008524664, -0.00200251326896, 0.00130603020079, 0.000281927757896, 0.000945652020164], [-0.000253183330642, -0.000361602869816, -0.000270816119155, -0.000410688255215, -0.00159618107136, 0.00801552087069, -0.00500233890489, 0.00259638205171, -0.00442703859881, 0.00323482090607, -0.00249821925536, 0.00199413858354, -0.00266159512103], [-0.000139132956974, -6.22888546786e-05, -0.000768517435063, 0.000805266958196, 0.0012512098765, -0.00500233890489, 0.00991502124816, -0.00577669823542, 0.00456910533831, -0.00548256142065, 0.00339336018078, -0.00224169064313, 0.000837927917019], [2.0061748728e-05, -0.000828631396871, 0.000332806142978, -0.00121460866649, -0.00103125500027, 0.00259638205171, -0.00577669823542, 0.00982160307467, -0.0050940499641, 0.00446572015062, -0.00285970349796, 0.00276857824065, -0.00257438141853], [-0.000247075542575, 0.000637967605144, -0.000901320716366, -0.000337935605785, 0.00138008524664, -0.00442703859881, 0.00456910533831, -0.0050940499641, 0.0114255109802, -0.00660305703059, 0.00168726604898, -0.0012357175583, 0.00455518532544], [0.000309671071591, -0.000435297552031, 0.00128138740547, -0.000494869891554, -0.00200251326896, 0.00323482090607, -0.00548256142065, 0.00446572015062, -0.00660305703059, 0.0137027073652, -0.00750001939014, 0.00138783536386, -0.00132024311461], [-0.000154944093083, 0.000287452014163, -0.00122969248332, 0.00152485223953, 0.00130603020079, -0.00249821925536, 0.00339336018078, -0.00285970349796, 0.00168726604898, -0.00750001939014, 0.0126115772873, -0.00729402853176, 0.0035194773227], [3.92587862734e-05, -0.000398613396101, -0.000155586982146, -0.00168570573442, 0.000281927757896, 0.00199413858354, -0.00224169064313, 0.00276857824065, -0.0012357175583, 0.00138783536386, -0.00729402853176, 0.0173937529325, -0.00857149157673], [-0.000194399719476, 0.000294934754493, -0.000715291476808, 0.00115993875079, 0.000945652020164, -0.00266159512103, 0.000837927917019, -0.00257438141853, 0.00455518532544, -0.00132024311461, 0.0035194773227, -0.00857149157673, 0.0151226595044]]
    spectral_contrast:
        mean: [1.59213044526e-07, 3.57476949375e-07, 1.52892127403e-07, -9.11143942517e-08, -8.90792790642e-08, 3.41140008686e-07, 1.04089099295e-06, 1.69492943769e-06, -6.39025245164e-07, -1.69365318925e-06, 1.8806507569e-06, -2.99071825793e-06]
        var: [0.000660120102111, 0.0013159730006, 0.00237280176952, 0.00409256573766, 0.00639816187322, 0.00962213519961, 0.143864542246, 0.194537907839, 0.294108182192, 0.579459667206, 1.59659934044, 3.08525180817]

rhythm:
    beats_loudness:
        dmean: 0.00195881025866
        dmean2: 0.00359915662557
        dvar: 2.30133082368e-06
        dvar2: 5.38730000699e-06
        max: 0.00866197422147
        mean: 0.00424492266029
        min: 0.000484100281028
        var: 5.19178502145e-06
    beats_loudness_bass:
        dmean: 0.197862178087
        dmean2: 0.386256188154
        dvar: 0.0224187076092
        dvar2: 0.0709554851055
        max: 0.541853666306
        mean: 0.150107577443
        min: 0.000229714918532
        var: 0.0261410623789
    bpm: 106.850776672
    bpm_confidence: 0
    first_peak_bpm: 106
    first_peak_spread: 0
    first_peak_weight: 0.9375
    onset_rate: 4.48608398438
    second_peak_bpm: 67
    second_peak_spread: 0
    second_peak_weight: 0.0625
    beats_position: [0.21132145822, 0.775691151619, 1.34006083012, 1.90443062782, 2.46880030632, 3.03316998482, 3.59753966331, 4.16190910339, 4.72627878189, 5.29064846039, 6.18983983994, 6.74802970886, 7.3062210083, 7.8644118309, 8.42260169983, 8.98079204559, 9.53898334503]
    bpm_estimates: [105.820228577, 106.138290405, 106.564186096, 106.225341797, 106.788330078, 106.348731995, 107.530326843, 106.778556824, 106.86038208, 108.719810486, 107.584190369]
    bpm_intervals: [0.564369678497, 0.564369678497, 0.564369797707, 0.564369678497, 0.564369678497, 0.564369678497, 0.564369440079, 0.564369678497, 0.564369678497, 0.899191379547, 0.558189868927, 0.558191299438, 0.558190822601, 0.558189868927, 0.558190345764, 0.558191299438]
    onset_times: [0.0580498874187, 0.220589563251, 0.476009070873, 0.53405892849, 0.766258478165, 0.975238084793, 1.33514738083, 1.54412698746, 1.70666670799, 1.86920630932, 2.02013611794, 2.28716564178, 2.47292518616, 2.82122445107, 2.87927436829, 3.06503391266, 3.22757363319, 3.56426310539, 3.80807256699, 4.00544214249, 4.20281171799, 4.34213161469, 4.37696123123, 4.77170085907, 4.94585037231, 5.05034017563, 5.34058952332, 5.53795909882, 5.72371864319, 5.92108821869, 6.3042178154, 6.5596370697, 6.87310647964, 7.07047605515, 7.44199562073, 7.65097522736, 7.83673477173, 7.99927425385, 8.11537456512, 8.39401340485, 8.55655288696, 8.92807292938, 9.33442211151, 9.64789104462, 9.90331077576]
    rubato_start: []
    rubato_stop: []
    perceptual_tempo: "unknown"

sfx:
    inharmonicity:
        dmean: 0.0409190878272
        dmean2: 0.0731250718236
        dvar: 0.0023494111374
        dvar2: 0.00653386767954
        max: 0.314210265875
        mean: 0.0401339381933
        min: 0.000141995988088
        var: 0.00246507418342
    oddtoevenharmonicenergyratio:
        dmean: 5.50746393204
        dmean2: 10.3186702728
        dvar: 285.497924805
        dvar2: 824.057678223
        max: 149.056442261
        mean: 3.77503967285
        min: 0.000484600372147
        var: 190.39894104
    pitch_after_max_to_before_max_energy_ratio: 6.6008682251
    pitch_centroid: 213.090362549
    pitch_max_to_total: 0.0717592611909
    pitch_min_to_total: 0.393518507481
    tristimulus:
        dmean: [0.240045130253, 0.282924264669, 0.0996804982424]
        dmean2: [0.418599754572, 0.491301208735, 0.175985589623]
        dvar: [0.0416340231895, 0.0548595562577, 0.0183781441301]
        dvar2: [0.107956245542, 0.153337746859, 0.0531626865268]
        max: [0.945021629333, 0.993777692318, 0.896451771259]
        mean: [0.416271448135, 0.453433662653, 0.0945257768035]
        min: [0.000594818382524, 0, 0]
        var: [0.0677894055843, 0.0726433768868, 0.0199141073972]

tonal:
    chords_changes_rate: 0.0925925895572
    chords_number_rate: 0.0416666679084
    chords_strength:
        dmean: 0.0149181894958
        dmean2: 0.01618270576
        dvar: 0.000141623735544
        dvar2: 0.00015990792599
        max: 0.881531357765
        mean: 0.544097483158
        min: 0.361119657755
        var: 0.019857082516
    key_strength: 0.780095279217
    tuning_diatonic_strength: 0.722057163715
    tuning_equal_tempered_deviation: 0.208617419004
    tuning_frequency: 443.828887939
    tuning_nontempered_energy_ratio: 0.841179788113
    hpcp:
        dmean: [0.147486329079, 0.137750044465, 0.157256394625, 0.188165470958, 0.191561788321, 0.169966414571, 0.169631570578, 0.135347351432, 0.117377944291, 0.143665835261, 0.171392202377, 0.216324582696, 0.224363267422, 0.170504927635, 0.139027923346, 0.115726999938, 0.122761294246, 0.143534436822, 0.162605345249, 0.188857585192, 0.130158931017, 0.129819169641, 0.148306429386, 0.127048239112, 0.12669557333, 0.178627595305, 0.227283835411, 0.238828346133, 0.200734004378, 0.186041176319, 0.177459657192, 0.172706142068, 0.148703098297, 0.151449918747, 0.138821035624, 0.141537114978]
        dmean2: [0.242815196514, 0.22862419486, 0.264771819115, 0.327080607414, 0.329944044352, 0.28266492486, 0.287989318371, 0.227572634816, 0.196281313896, 0.245060414076, 0.282343834639, 0.351044654846, 0.370363026857, 0.285228848457, 0.243012115359, 0.202050253749, 0.210713684559, 0.250234872103, 0.26931476593, 0.332378178835, 0.22771678865, 0.227837264538, 0.264497339725, 0.213545650244, 0.213499620557, 0.30040282011, 0.380186468363, 0.413982540369, 0.339332461357, 0.323865056038, 0.308078527451, 0.293795615435, 0.246807351708, 0.259305477142, 0.231756553054, 0.225998923182]
        dvar: [0.0405246652663, 0.0324851050973, 0.0330946967006, 0.0488953106105, 0.0478959642351, 0.0411342382431, 0.04666332528, 0.0356272682548, 0.0338083170354, 0.0384715162218, 0.0423846654594, 0.0548588111997, 0.0651434287429, 0.0372780114412, 0.0388390123844, 0.0247004088014, 0.0266245938838, 0.039850730449, 0.0402171723545, 0.0483714491129, 0.0336583890021, 0.0444138906896, 0.0410065501928, 0.0348195061088, 0.0328743569553, 0.044891666621, 0.0571008734405, 0.0608683116734, 0.0413302741945, 0.0553645007312, 0.0563028231263, 0.0548715218902, 0.0395026393235, 0.0487095750868, 0.0384272634983, 0.0356437042356]
        dvar2: [0.104366704822, 0.0828868299723, 0.0899619087577, 0.117726333439, 0.135836571455, 0.107489958405, 0.117822133005, 0.0859642028809, 0.0715257823467, 0.0970504879951, 0.105170838535, 0.12936629355, 0.168110415339, 0.0938335955143, 0.103235319257, 0.0615270994604, 0.0738379582763, 0.104256406426, 0.0941450893879, 0.134606733918, 0.0844730809331, 0.113501273096, 0.110055550933, 0.086188994348, 0.0835023671389, 0.120649196208, 0.140272423625, 0.14849960804, 0.108584709466, 0.142094135284, 0.133574470878, 0.137210473418, 0.0942048951983, 0.12137349695, 0.0851171463728, 0.0685811638832]
        max: [1, 1, 1, 1, 1, 1, 1, 1, 1, 1, 1, 1, 1, 1, 1, 0.745101094246, 0.968459188938, 1, 1, 1, 1, 1, 1, 1, 1, 1, 1, 1, 1, 1, 1, 1, 1, 1, 1, 1]
        mean: [0.168290391564, 0.154667913914, 0.194326609373, 0.258156150579, 0.252282649279, 0.238055810332, 0.214495077729, 0.151956677437, 0.128540962934, 0.14618177712, 0.195098012686, 0.28728505969, 0.301115989685, 0.200053855777, 0.123537175357, 0.10444086045, 0.11865388602, 0.158389225602, 0.181370064616, 0.175557032228, 0.173563286662, 0.160629883409, 0.13643425703, 0.127382621169, 0.130919605494, 0.19841080904, 0.346559077501, 0.361060827971, 0.237177968025, 0.179080858827, 0.181227460504, 0.185195460916, 0.200041502714, 0.201968461275, 0.16626110673, 0.161421895027]
        min: [0.000340835918905, 0.000432698638178, 0.00075561995618, 0.000976716051809, 0.00301111652516, 0.00343230320141, 0.00130378932226, 0.00184213358443, 0.00175970315468, 0.00123156618793, 0.00111065863166, 0.000596620258875, 0.000480745889945, 0.000194213193026, 0.000230933335843, 0.000460403971374, 0.000559324515052, 0.000410089734942, 0.000369331595721, 0.000154726556502, 0.000291370117338, 0.000226230360568, 0.000131918248371, 0.000212809463846, 0.000354792224243, 0.000731606269255, 0.000781097740401, 0.000967005442362, 0.00069258233998, 0.000521660083905, 0.000710011925548, 0.00242714094929, 0.00166736799292, 0.0012301041279, 0.000395040842704, 0.000362140970537]
        var: [0.0589568130672, 0.0386479385197, 0.0539215803146, 0.089885532856, 0.0652615502477, 0.0761252269149, 0.0782624259591, 0.0447992607951, 0.0439754277468, 0.0459381565452, 0.0585602708161, 0.0850630626082, 0.0960963666439, 0.0478436015546, 0.0342520810664, 0.0222445335239, 0.0257302485406, 0.0455997474492, 0.0565698221326, 0.0455544255674, 0.0615205690265, 0.0702585652471, 0.038437332958, 0.0395554378629, 0.0380738899112, 0.0580999590456, 0.104651875794, 0.103599719703, 0.0574113205075, 0.0560857579112, 0.0688301473856, 0.0707058012486, 0.0616824626923, 0.0789999142289, 0.0607843846083, 0.0611885823309]
    chords_histogram: [42.1296310425, 6.48148155212, 0, 6.01851844788, 0, 0, 3.70370364189, 0, 15.7407407761, 0, 1.85185182095, 0, 0, 0, 0, 0, 0, 2.77777767181, 0, 0, 0.925925910473, 0, 12.9629631042, 7.40740728378]
    thpcp: [1, 0.656892001629, 0.495985299349, 0.50193053484, 0.512920379639, 0.554038226604, 0.559375166893, 0.46047949791, 0.447076737881, 0.466099828482, 0.428370803595, 0.53821015358, 0.714993536472, 0.698726177216, 0.659323275089, 0.594069063663, 0.420861721039, 0.356009155512, 0.404867440462, 0.540346682072, 0.795669436455, 0.833975791931, 0.554072439671, 0.342150598764, 0.289261132479, 0.328625738621, 0.438677400351, 0.502325534821, 0.486225634813, 0.480703741312, 0.444883167744, 0.377870559692, 0.352800995111, 0.362597078085, 0.549521863461, 0.959835708141]
    chords_key: "F#"
    chords_scale: "major"
    key_key: "F#"
    key_scale: "major"
    chords_progression: ["F#", "F#", "F#", "F#", "F#", "F#", "F#", "F#", "F#", "F#", "F#", "F#", "F#", "F", "F", "F", "F", "F#", "F#", "F#", "F#", "F#", "F#", "F#", "F#", "F#", "F#", "F#", "F#", "F#", "F#", "F#", "F#", "F#", "F#", "F#", "F#", "F#", "F#", "F#", "F#", "F#", "F#", "F#", "F#", "F#", "F#", "F#", "F#", "F#", "F#", "F#", "F#", "F#", "F#", "F#", "F#", "F#", "F#", "F#", "F#", "F#", "F#", "F#", "F#", "F#", "F#", "F#", "F#", "F#", "F#", "F#", "F#", "F#m", "F#m", "F#m", "F#m", "F#m", "Fm", "Fm", "B", "B", "B", "D#m", "D#m", "D#m", "D#m", "D#m", "D#m", "D#m", "D#m", "D#m", "E", "E", "D#", "D#", "D#", "D#", "A#", "A#", "A#", "A#", "A#", "A#", "A#", "A#", "A#", "A#", "A#", "A#", "A#", "A#", "A#", "A#", "A#", "A#", "A#", "A#", "A#", "A#", "A#", "A#", "A#", "A#", "A#", "A#", "A#", "A#", "B", "B", "B", "B", "B", "B", "B", "B", "B", "B", "B", "B", "B", "B", "B", "B", "B", "A#", "A#", "A#", "A#", "A#m", "A#m", "A#m", "A#m", "A#m", "B", "B", "B", "B", "B", "B", "B", "B", "A#m", "A#m", "A#m", "A#m", "A#m", "A#m", "A#m", "A#m", "A#m", "Fm", "Fm", "Fm", "Fm", "Fm", "Fm", "Fm", "Fm", "Fm", "Fm", "Fm", "F#", "F#", "F#", "F#", "F#", "F#", "F#", "F#", "F#", "F#", "F#m", "F#", "F#", "F#", "F#", "F#", "F#", "F#", "F#", "F#", "F#", "F#", "F#", "D#m", "D#m", "D#m", "D#m", "D#m", "D#m", "D#m", "D#", "D#", "D#", "D#"]
