
metadata:
    version:
        essentia: "1.2.2"
    audio_properties:
        analysis_sample_rate: 44100
        bitrate: 128
        channels: 2
        equal_loudness: 1
        length: 10.0571432114
        replay_gain: -13.7324905396
        downmix: "mix"
    tags:
        track: 1
        year: 0
        album: "Splitted by Mp3Splt v. 2.1"
        artist: "From 000.00 To 000.10"
        comment: "http://mp3splt.sf.net"
        genre: ""
        title: "05 On the Real.mp3"

highlevel:
    ballroom:
        all:
            ChaChaCha: 0.32568281889
            Jive: 0.12983892858
            Quickstep: 0.184679076076
            Rumba-American: 0.00113040930592
            Rumba-International: 0.00224259775132
            Rumba-Misc: 0.00233157700859
            Samba: 0.31922274828
            Tango: 0.0226886738092
            VienneseWaltz: 0.0069450517185
            Waltz: 0.00523811625317
        probability: 0.32568281889
        value: "ChaChaCha"
    culture:
        all:
            non_western: 0.348622649908
            western: 0.651377379894
        probability: 0.651377379894
        value: "western"
    gender:
        all:
            female: 0.0429369397461
            male: 0.95706307888
        probability: 0.95706307888
        value: "male"
    genre_dortmund:
        all:
            alternative: 0.00478592142463
            blues: 0.0364943295717
            electronic: 0.0141479605809
            folkcountry: 0.00368403014727
            funksoulrnb: 0.0429203920066
            jazz: 0.343950361013
            pop: 0.00469330511987
            raphiphop: 0.535070478916
            rock: 0.0142531897873
        probability: 0.535070478916
        value: "raphiphop"
    genre_electronica:
        all:
            ambient: 0.192775532603
            dnb: 0.318289399147
            house: 0.357993364334
            techno: 0.0427152439952
            trance: 0.0882264822721
        probability: 0.357993364334
        value: "house"
    genre_rosamerica:
        all:
            cla: 0.0164687521756
            dan: 0.0117913009599
            hip: 0.834074139595
            jaz: 0.066342510283
            pop: 0.0196363143623
            rhy: 0.0378268733621
            roc: 0.00963331479579
            spe: 0.00422681076452
        probability: 0.834074139595
        value: "hip"
    genre_tzanetakis:
        all:
            blu: 0.00940842367709
            cla: 0.00161240983289
            cou: 0.00793230254203
            dis: 0.0400184318423
            hip: 0.330351769924
            jaz: 0.00811368599534
            met: 0.00796197168529
            pop: 0.157705768943
            reg: 0.4170589149
            roc: 0.019836300984
        probability: 0.4170589149
        value: "reg"
    live_studio:
        all:
            live: 0.171459943056
            studio: 0.828540027142
        probability: 0.828540027142
        value: "studio"
    mood:
        all:
            Cluster1: 0.205908179283
            Cluster2: 0.390756577253
            Cluster3: 0.0666944161057
            Cluster4: 0.230589225888
            Cluster5: 0.10605160147
        probability: 0.390756577253
        value: "Cluster2"
    mood_acoustic:
        all:
            acoustic: 0.0092212324962
            not_acoustic: 0.990778744221
        probability: 0.990778744221
        value: "not_acoustic"
    mood_aggressive:
        all:
            aggressive: 0.0429596267641
            not_aggressive: 0.957040369511
        probability: 0.957040369511
        value: "not_aggressive"
    mood_electronic:
        all:
            electronic: 0.778253316879
            not_electronic: 0.221746712923
        probability: 0.778253316879
        value: "electronic"
    mood_happy:
        all:
            happy: 0.747206628323
            not_happy: 0.252793371677
        probability: 0.747206628323
        value: "happy"
    mood_party:
        all:
            not_party: 0.278374224901
            party: 0.721625804901
        probability: 0.721625804901
        value: "party"
    mood_relaxed:
        all:
            not_relaxed: 0.429005712271
            relaxed: 0.570994317532
        probability: 0.570994317532
        value: "relaxed"
    mood_sad:
        all:
            not_sad: 0.890902400017
            sad: 0.109097577631
        probability: 0.890902400017
        value: "not_sad"
    rhythm:
        all:
            fast: 0.820686161518
            medium: 0.0850899294019
            slow: 0.0942239388824
        probability: 0.820686161518
        value: "fast"
    speech_music:
        all:
            music: 0.997803926468
            speech: 0.00219605863094
        probability: 0.997803926468
        value: "music"
    timbre:
        all:
            bright: 0.948611855507
            dark: 0.0513881370425
        probability: 0.948611855507
        value: "bright"
    voice_instrumental:
        all:
            instrumental: 0.0664899125695
            voice: 0.933510065079
        probability: 0.933510065079
        value: "voice"

lowlevel:
    average_loudness: 0.977455675602
    barkbands_kurtosis:
        dmean: 1.53119599819
        dmean2: 2.49948072433
        dvar: 18.5636844635
        dvar2: 50.2038803101
        max: 65.0225830078
        mean: 0.118646577001
        min: -1.89132726192
        var: 22.2880821228
    barkbands_skewness:
        dmean: 0.590026140213
        dmean2: 0.826205849648
        dvar: 0.342549413443
        dvar2: 0.70083296299
        max: 3.19357705116
        mean: -0.330231010914
        min: -6.74319839478
        var: 1.19248986244
    barkbands_spread:
        dmean: 7.35670804977
        dmean2: 10.6998167038
        dvar: 44.185218811
        dvar2: 91.3387908936
        max: 64.6826705933
        mean: 33.0727272034
        min: 1.38800609112
        var: 168.817352295
    dissonance:
        dmean: 0.0237376559526
        dmean2: 0.0371023528278
        dvar: 0.00113682262599
        dvar2: 0.00230254861526
        max: 0.499979496002
        mean: 0.456151068211
        min: 0.00645410269499
        var: 0.00181363301817
    hfc:
        dmean: 2.8528342247
        dmean2: 3.81347894669
        dvar: 30.9825191498
        dvar2: 54.9330673218
        max: 47.9596328735
        mean: 5.81895637512
        min: 0.000337406585459
        var: 64.840057373
    pitch:
        dmean: 772.93951416
        dmean2: 1472.82128906
        dvar: 1736901.625
        dvar2: 3508802.5
        max: 5512.5
        mean: 1179.97302246
        min: 103.521125793
        var: 2343619.75
    pitch_instantaneous_confidence:
        dmean: 0.10352113843
        dmean2: 0.16758736968
        dvar: 0.00861617270857
        dvar2: 0.0187326837331
        max: 0.918639063835
        mean: 0.539147138596
        min: 0.164003312588
        var: 0.0216426998377
    pitch_salience:
        dmean: 0.0846858769655
        dmean2: 0.136294871569
        dvar: 0.00625236611813
        dvar2: 0.0153092304245
        max: 0.965423703194
        mean: 0.55357426405
        min: 0.209346100688
        var: 0.0166092328727
    silence_rate_20dB:
        dmean: 0
        dmean2: 0
        dvar: 0
        dvar2: 0
        max: 1
        mean: 1
        min: 1
        var: 0
    silence_rate_30dB:
        dmean: 0
        dmean2: 0
        dvar: 0
        dvar2: 0
        max: 1
        mean: 1
        min: 1
        var: 0
    silence_rate_60dB:
        dmean: 0.106976747513
        dmean2: 0.214452207088
        dvar: 0.0955327600241
        dvar2: 0.18711066246
        max: 1
        mean: 0.772621810436
        min: 0
        var: 0.175677374005
    spectral_centroid:
        dmean: 405.407470703
        dmean2: 575.794494629
        dvar: 194135.28125
        dvar2: 340288.96875
        max: 5706.10888672
        mean: 2097.86035156
        min: 681.94140625
        var: 588409.3125
    spectral_complexity:
        dmean: 2.87058830261
        dmean2: 3.88915085793
        dvar: 19.9337940216
        dvar2: 32.4006500244
        max: 41
        mean: 7.43896722794
        min: 0
        var: 60.5279312134
    spectral_crest:
        dmean: 2.85125923157
        dmean2: 4.58322095871
        dvar: 6.59249353409
        dvar2: 18.4624290466
        max: 20.4994945526
        mean: 9.04780387878
        min: 3.18180370331
        var: 13.0486841202
    spectral_decrease:
        dmean: 2.58326360303e-10
        dmean2: 3.57665425055e-10
        dvar: 2.52937174712e-19
        dvar2: 5.38294039172e-19
        max: -2.96733225827e-14
        mean: -5.62258017922e-10
        min: -4.70171546141e-09
        var: 4.35495548162e-19
    spectral_energy:
        dmean: 0.00120820465963
        dmean2: 0.00165982043836
        dvar: 5.53549762117e-06
        dvar2: 1.12678335427e-05
        max: 0.0215434022248
        mean: 0.00264988630079
        min: 1.42597627928e-07
        var: 1.01129917311e-05
    spectral_energyband_high:
        dmean: 0.000286336347926
        dmean2: 0.000368750508642
        dvar: 2.27327646485e-07
        dvar2: 3.96337952679e-07
        max: 0.0044705835171
        mean: 0.000454731169157
        min: 1.19759331341e-08
        var: 4.75033289149e-07
    spectral_energyband_low:
        dmean: 0.000124016427435
        dmean2: 0.000161929230671
        dvar: 1.22423756466e-07
        dvar2: 2.23279286615e-07
        max: 0.00385807454586
        mean: 0.000210315149161
        min: 3.15562065367e-09
        var: 2.6861263791e-07
    spectral_energyband_middle_high:
        dmean: 0.000609621638432
        dmean2: 0.000917461351492
        dvar: 1.41550083299e-06
        dvar2: 3.07113759845e-06
        max: 0.00960520468652
        mean: 0.00120863504708
        min: 1.04721685545e-07
        var: 2.61010291069e-06
    spectral_energyband_middle_low:
        dmean: 0.000507935590576
        dmean2: 0.000781807757448
        dvar: 1.16923263249e-06
        dvar2: 2.87836178359e-06
        max: 0.0109401922673
        mean: 0.000776202476118
        min: 2.15314059915e-08
        var: 1.20889114896e-06
    spectral_flatness_db:
        dmean: 0.021583031863
        dmean2: 0.0327922999859
        dvar: 0.00044731318485
        dvar2: 0.000957611715421
        max: 0.349168390036
        mean: 0.197027504444
        min: 0.0877813175321
        var: 0.00190633488819
    spectral_flux:
        dmean: 0.0100268730894
        dmean2: 0.0156939253211
        dvar: 0.000196759414393
        dvar2: 0.000457142508822
        max: 0.132953301072
        mean: 0.0319749563932
        min: 0.00131381989922
        var: 0.000388820568332
    spectral_kurtosis:
        dmean: 1.41809403896
        dmean2: 2.43821454048
        dvar: 2.49549460411
        dvar2: 6.80880260468
        max: 14.363193512
        mean: 2.42866158485
        min: -0.462673425674
        var: 4.16112041473
    spectral_rms:
        dmean: 0.000332114752382
        dmean2: 0.000446916179499
        dvar: 2.14265057252e-07
        dvar2: 3.88029633314e-07
        max: 0.00458453409374
        mean: 0.00140170648228
        min: 1.17948984553e-05
        var: 6.20471553248e-07
    spectral_rolloff:
        dmean: 568.273620605
        dmean2: 936.795410156
        dvar: 592148.125
        dvar2: 1201636.625
        max: 6524.56054688
        mean: 3617.2253418
        min: 559.86328125
        var: 1113758.375
    spectral_skewness:
        dmean: 0.23563374579
        dmean2: 0.370582044125
        dvar: 0.0528350248933
        dvar2: 0.115150898695
        max: 2.86326169968
        mean: 0.841865420341
        min: -0.258948385715
        var: 0.153425067663
    spectral_spread:
        dmean: 499196.3125
        dmean2: 702206.0625
        dvar: 379779317760
        dvar2: 637366108160
        max: 11253472
        mean: 4048273.25
        min: 2077139.125
        var: 1.28621989069e+12
    spectral_strongpeak:
        dmean: 0.600326180458
        dmean2: 1.00078475475
        dvar: 0.877924501896
        dvar2: 1.83497738838
        max: 7.52649688721
        mean: 0.902801513672
        min: 0.000297127815429
        var: 1.63029789925
    zerocrossingrate:
        dmean: 0.0141394762322
        dmean2: 0.0150042837486
        dvar: 0.000186051329365
        dvar2: 0.000206805430935
        max: 0.25927734375
        mean: 0.11348412931
        min: 0.00732421875
        var: 0.000976525014266
    barkbands:
        dmean: [1.29389931658e-07, 0.000101429126516, 5.65475238545e-05, 3.22968880937e-05, 0.00023954671633, 3.26585977746e-05, 0.000133572902996, 0.000137990311487, 9.16973222047e-05, 2.92794084089e-05, 6.24076128588e-05, 2.18458881136e-05, 1.61475072673e-05, 1.5146174519e-05, 3.75411873392e-05, 7.89023688412e-05, 8.87046990101e-05, 0.000249578035437, 0.000178606598638, 0.000197237764951, 0.000105108541902, 5.19191125932e-05, 9.00496161194e-06, 1.41484622418e-06, 3.15757489489e-07, 5.12143882858e-09, 1.82650339298e-10]
        dmean2: [1.79258606181e-07, 0.0001239606936, 0.000100382276287, 5.87416689086e-05, 0.000390190834878, 5.26164840267e-05, 0.000212020677282, 0.000216507527512, 0.000119411590276, 4.84417287225e-05, 0.00010308399942, 3.65649320884e-05, 2.64189948211e-05, 2.50068605965e-05, 5.79922088946e-05, 0.00012204425002, 0.000130661705043, 0.000359209807357, 0.000286194641376, 0.000280750449747, 0.00015032904048, 7.32114494895e-05, 1.29246263896e-05, 2.10540133594e-06, 4.66133400323e-07, 6.94954271907e-09, 3.12340764363e-10]
        dvar: [1.84306563067e-13, 6.86917047688e-08, 5.28426582491e-08, 1.0292468211e-08, 6.06467040143e-07, 7.88307108479e-09, 5.36832942544e-08, 8.4893606811e-08, 3.47876998319e-08, 4.24381774167e-09, 2.58459085245e-08, 3.23167426153e-09, 1.76049252953e-09, 1.16384035742e-09, 4.63201432765e-09, 2.63643098464e-08, 2.77482428146e-08, 4.13994342807e-07, 2.13628482015e-07, 1.88002275081e-07, 2.58678500842e-08, 9.94419568912e-09, 5.84797155145e-10, 1.08434468002e-11, 1.74001210575e-12, 4.15546528868e-16, 1.02991648023e-18]
        dvar2: [3.03454581341e-13, 1.18848248576e-07, 1.46197962181e-07, 2.94789117561e-08, 1.61760692663e-06, 1.97591099038e-08, 1.32917350015e-07, 1.84166779604e-07, 5.44594733753e-08, 9.20063314425e-09, 6.58722640878e-08, 8.83146888953e-09, 4.53814008594e-09, 3.07292835622e-09, 1.08763620332e-08, 6.31630712178e-08, 5.89969637588e-08, 8.34752427181e-07, 5.52966753276e-07, 3.20199291082e-07, 4.96770304892e-08, 2.06687928994e-08, 1.35668742907e-09, 2.39743468133e-11, 3.36952189241e-12, 5.20597354932e-16, 2.54765879761e-18]
        max: [8.2785873019e-06, 0.0025419164449, 0.00228182575665, 0.000802169088274, 0.00816469732672, 0.00101767922752, 0.0014361141948, 0.00213121180423, 0.00197855802253, 0.000821070047095, 0.00158804329112, 0.00058986217482, 0.000472157553304, 0.000287719565677, 0.000586448935792, 0.00208569946699, 0.00231818109751, 0.00808342080563, 0.00454430794343, 0.00398891279474, 0.00162825826555, 0.00103654630948, 0.000379484699806, 2.74870453723e-05, 2.30360856222e-05, 3.87890111142e-07, 1.49427741292e-08]
        mean: [6.0869410845e-07, 0.000165513178217, 4.41978554591e-05, 2.2920921765e-05, 0.00024223755463, 3.76517964469e-05, 0.000166622980032, 0.000150968917296, 0.000144012068631, 3.59754340025e-05, 5.66546623304e-05, 2.416134339e-05, 2.07436551136e-05, 1.63351105584e-05, 4.63398137072e-05, 0.000124001278891, 0.000153397922986, 0.000402333622333, 0.000242817390244, 0.000304340937873, 0.000165468271007, 7.02869001543e-05, 1.02976127891e-05, 1.57472447881e-06, 4.19198556756e-07, 7.07848801795e-09, 1.3143350297e-10]
        min: [8.31379496496e-12, 1.69174718678e-09, 4.39784292317e-10, 2.79813638926e-09, 7.51109219266e-09, 3.88587695355e-09, 1.05293340713e-09, 1.77062686735e-09, 3.87203513696e-09, 5.4263571414e-09, 5.25512344751e-09, 1.55004264979e-09, 3.38464728467e-10, 2.31754482272e-09, 3.39051808851e-09, 4.50964199317e-09, 1.90253182097e-08, 4.04638846874e-08, 2.15588080721e-08, 1.04045190241e-08, 1.90452009718e-09, 7.03150926373e-10, 2.37207475884e-10, 1.43994441371e-10, 5.81201128891e-11, 3.04183379873e-11, 5.84293084836e-14]
        var: [1.91535654524e-12, 1.65272538766e-07, 3.57732048428e-08, 6.27656371321e-09, 4.58927843283e-07, 7.37399785677e-09, 6.61920793732e-08, 1.04841930693e-07, 8.67956302386e-08, 5.44980283124e-09, 2.18676152741e-08, 2.98894087258e-09, 2.14105777552e-09, 9.91125626015e-10, 7.6357506984e-09, 6.02368288583e-08, 6.4040101222e-08, 7.02525824181e-07, 2.81292528825e-07, 3.56192458639e-07, 5.86205750608e-08, 1.68610547746e-08, 8.19816881048e-10, 1.37712159384e-11, 3.15186136739e-12, 1.02332178528e-15, 5.45688930451e-19]
    mfcc:
        mean: [-785.384460449, 88.6847839355, -64.8300323486, 65.7471694946, -36.8392448425, -7.03387975693, -16.922750473, -1.4794242382, 3.54386281967, -6.08512735367, -2.05685472488, -1.21382975578, -3.8327023983]
        cov: [[5753.39160156, -284.13079834, 235.151580811, 312.563812256, -247.488677979, 20.4963989258, 60.7121887207, 281.487487793, 8.8703546524, 282.251312256, 60.4637069702, 69.2251358032, 52.5359115601], [-284.13079834, 1272.72497559, -446.431762695, 179.800521851, 21.4275817871, 30.25532341, 447.559814453, 192.284317017, 96.6374893188, 102.289459229, 206.562225342, 165.860702515, 59.6967468262], [235.151580811, -446.431762695, 663.298156738, -7.7730050087, 91.0152816772, 71.4794006348, 11.4834022522, 78.1985015869, -29.6333770752, 40.1391410828, -13.4158535004, -46.1823997498, 14.6258115768], [312.563812256, 179.800521851, -7.7730050087, 670.242553711, 294.878601074, 132.043380737, 264.495697021, 179.85748291, 23.8531532288, 128.664093018, 143.910827637, 89.2478408813, 30.2345104218], [-247.488677979, 21.4275817871, 91.0152816772, 294.878601074, 414.184936523, 143.833496094, 94.5607070923, 58.1919708252, -2.32603335381, 61.04139328, 81.1845321655, 19.4242420197, 8.08250141144], [20.4963989258, 30.25532341, 71.4794006348, 132.043380737, 143.833496094, 240.193618774, 111.546928406, 73.105506897, 31.1220378876, 40.9435119629, 90.5442352295, 73.5793228149, 38.2356948853], [60.7121887207, 447.559814453, 11.4834022522, 264.495697021, 94.5607070923, 111.546928406, 661.224975586, 352.951263428, 16.7024021149, 145.416778564, 217.748748779, 137.369781494, 64.0124893188], [281.487487793, 192.284317017, 78.1985015869, 179.85748291, 58.1919708252, 73.105506897, 352.951263428, 317.234588623, 48.9825553894, 119.673416138, 138.720031738, 85.1188964844, 59.6465339661], [8.8703546524, 96.6374893188, -29.6333770752, 23.8531532288, -2.32603335381, 31.1220378876, 16.7024021149, 48.9825553894, 161.362945557, 66.4338760376, 50.4837913513, 49.422039032, 16.4361000061], [282.251312256, 102.289459229, 40.1391410828, 128.664093018, 61.04139328, 40.9435119629, 145.416778564, 119.673416138, 66.4338760376, 183.707046509, 116.735580444, 50.7234916687, 31.0898666382], [60.4637069702, 206.562225342, -13.4158535004, 143.910827637, 81.1845321655, 90.5442352295, 217.748748779, 138.720031738, 50.4837913513, 116.735580444, 232.182647705, 108.919311523, 42.0400466919], [69.2251358032, 165.860702515, -46.1823997498, 89.2478408813, 19.4242420197, 73.5793228149, 137.369781494, 85.1188964844, 49.422039032, 50.7234916687, 108.919311523, 154.612945557, 55.0179824829], [52.5359115601, 59.6967468262, 14.6258115768, 30.2345104218, 8.08250141144, 38.2356948853, 64.0124893188, 59.6465339661, 16.4361000061, 31.0898666382, 42.0400466919, 55.0179824829, 92.299041748]]
        icov: [[0.000242314170464, 3.712495527e-05, -3.21504958265e-05, -0.000210171245271, 0.000384421524359, -0.000128148909425, 0.000260550208623, -0.000344244064763, 0.000286121823592, -0.000491511775181, 0.000135600130307, -0.000128050349304, 0.000102365462226], [3.712495527e-05, 0.00164234486874, 0.00102848641109, 7.08323495928e-05, -0.000151216168888, 0.00030891323695, -0.00112245953642, 0.000241922738496, -0.000628342793789, 1.92292463908e-05, -0.000313067226671, -0.000225932555622, -0.000379455974326], [-3.21504958265e-05, 0.00102848641109, 0.00257358141243, 0.000493257248309, -0.000583651999477, -0.000521538953763, -0.000292817101581, -0.000947955122683, 0.000223755399929, -0.000589307106566, 0.000220594272832, 0.000624246953521, -0.000447373808129], [-0.000210171245271, 7.08323495928e-05, 0.000493257248309, 0.00296029495075, -0.00210910686292, 4.86412427563e-05, -0.000484458520077, -0.000521081732586, 0.000123184130643, -0.000494647654705, 0.000153660366777, -0.000694847898558, 0.00035209429916], [0.000384421524359, -0.000151216168888, -0.000583651999477, -0.00210910686292, 0.00508482195437, -0.00218701409176, 0.000637175573502, 4.96045104228e-05, 0.000882013526279, -0.000998822390102, -0.000531670055352, 0.00111825775821, 0.00040408768109], [-0.000128148909425, 0.00030891323695, -0.000521538953763, 4.86412427563e-05, -0.00218701409176, 0.00688987830654, -0.000736146990675, 0.000569017487578, -0.00124931614846, 0.00146484840661, -0.00122460606508, -0.00193390459754, -0.00114039657637], [0.000260550208623, -0.00112245953642, -0.000292817101581, -0.000484458520077, 0.000637175573502, -0.000736146990675, 0.00580435246229, -0.00523599376902, 0.00268427864648, -0.000939450284932, -0.000849248201121, -0.0011360271601, 0.00129250087775], [-0.000344244064763, 0.000241922738496, -0.000947955122683, -0.000521081732586, 4.96045104228e-05, 0.000569017487578, -0.00523599376902, 0.0106592457741, -0.00264539755881, -0.000338468205882, -0.00071353581734, 0.000851226039231, -0.00273400521837], [0.000286121823592, -0.000628342793789, 0.000223755399929, 0.000123184130643, 0.000882013526279, -0.00124931614846, 0.00268427864648, -0.00264539755881, 0.00943239312619, -0.00391006376594, 0.00048737769248, -0.00245338887908, 0.00133376359008], [-0.000491511775181, 1.92292463908e-05, -0.000589307106566, -0.000494647654705, -0.000998822390102, 0.00146484840661, -0.000939450284932, -0.000338468205882, -0.00391006376594, 0.0115046054125, -0.00424342416227, 0.00172077468596, -0.00139820680488], [0.000135600130307, -0.000313067226671, 0.000220594272832, 0.000153660366777, -0.000531670055352, -0.00122460606508, -0.000849248201121, -0.00071353581734, 0.00048737769248, -0.00424342416227, 0.0101984683424, -0.00419938750565, 0.000844547874294], [-0.000128050349304, -0.000225932555622, 0.000624246953521, -0.000694847898558, 0.00111825775821, -0.00193390459754, -0.0011360271601, 0.000851226039231, -0.00245338887908, 0.00172077468596, -0.00419938750565, 0.0136633310467, -0.00508580496535], [0.000102365462226, -0.000379455974326, -0.000447373808129, 0.00035209429916, 0.00040408768109, -0.00114039657637, 0.00129250087775, -0.00273400521837, 0.00133376359008, -0.00139820680488, 0.000844547874294, -0.00508580496535, 0.0151648577303]]
    spectral_contrast:
        mean: [-5.03351422765e-08, 5.84968972817e-07, 8.61232877014e-07, 1.1044699022e-07, 8.63900098125e-08, -1.24386218658e-07, 7.89551677371e-07, -5.66356038689e-06, -9.63468551163e-07, 6.51068830848e-07, 2.30191449191e-06, 8.43979364618e-07]
        var: [0.00079424463911, 0.00148029369302, 0.00298096984625, 0.00407501170412, 0.00629428448156, 0.0151888392866, 0.0999655500054, 0.160672277212, 0.180752009153, 0.506897687912, 0.851511716843, 3.35893368721]

rhythm:
    beats_loudness:
        dmean: 0.00491489842534
        dmean2: 0.008191883564
        dvar: 2.46524887189e-05
        dvar2: 6.54555406072e-05
        max: 0.0147973382846
        mean: 0.00429827859625
        min: 2.21826758207e-06
        var: 2.16904136323e-05
    beats_loudness_bass:
        dmean: 0.108619861305
        dmean2: 0.201659440994
        dvar: 0.0140295969322
        dvar2: 0.0267636813223
        max: 0.388034671545
        mean: 0.0665588676929
        min: 0.000277474609902
        var: 0.0130244735628
    bpm: 79.4577331543
    bpm_confidence: 0
    first_peak_bpm: 161
    first_peak_spread: 0
    first_peak_weight: 0.5625
    onset_rate: 4.67329549789
    second_peak_bpm: 79
    second_peak_spread: 0
    second_peak_weight: 0.375
    beats_position: [0.786813616753, 1.54193222523, 2.29705071449, 3.05216932297, 3.80728816986, 4.56240653992, 5.31752538681, 6.43340396881, 6.80686330795, 7.18032217026, 7.55378103256, 7.9272403717, 8.30069923401, 8.67415809631, 9.04761791229, 9.42107582092, 9.79453468323]
    bpm_estimates: [79.4314041138, 79.5215682983, 79.4806594849, 79.4073257446, 79.4477157593]
    bpm_intervals: [0.755118608475, 0.755118489265, 0.755118608475, 0.755118846893, 0.755118370056, 0.755118846893, 1.115878582, 0.373459339142, 0.373458862305, 0.373458862305, 0.373459339142, 0.373458862305, 0.373458862305, 0.373459815979, 0.37345790863, 0.373458862305]
    onset_times: [0.139319732785, 0.243809521198, 0.27863946557, 0.870748281479, 1.17260766029, 1.53251695633, 1.74149656296, 1.90403628349, 2.27555561066, 2.48453521729, 2.62385487556, 3.04181408882, 3.25079369545, 3.34367346764, 3.70358276367, 3.80807256699, 4.1099319458, 4.17959165573, 4.42340135574, 4.59755086899, 4.93424034119, 5.20126962662, 5.31736946106, 5.53795909882, 5.72371864319, 5.94430828094, 6.025578022, 6.11845827103, 6.33904743195, 6.46675729752, 6.87310647964, 7.05886602402, 7.2330160141, 7.4303855896, 7.61614513397, 7.9644446373, 8.2198638916, 8.34757328033, 8.56816291809, 8.74231338501, 8.96290206909, 9.13705253601, 9.38086128235, 9.41569137573, 9.50857162476, 9.74077129364, 9.90331077576]
    rubato_start: [6.80686330795]
    rubato_stop: [9.79453468323]
    perceptual_tempo: "unknown"

sfx:
    inharmonicity:
        dmean: 0.0532830990851
        dmean2: 0.0946735069156
        dvar: 0.00308557739481
        dvar2: 0.00886999163777
        max: 0.426586955786
        mean: 0.056432325393
        min: 0
        var: 0.00328282173723
    oddtoevenharmonicenergyratio:
        dmean: 7.81121206284
        dmean2: 14.6294670105
        dvar: 1361.0177002
        dvar2: 3909.68579102
        max: 397.578033447
        mean: 5.0329709053
        min: 0
        var: 776.759338379
    pitch_after_max_to_before_max_energy_ratio: 2.25039815903
    pitch_centroid: 200.788818359
    pitch_max_to_total: 0.314553976059
    pitch_min_to_total: 0.00234741787426
    tristimulus:
        dmean: [0.177173674107, 0.244111925364, 0.159710153937]
        dmean2: [0.311860889196, 0.415687412024, 0.285697698593]
        dvar: [0.0375599302351, 0.0528979040682, 0.0255173426121]
        dvar2: [0.0938180088997, 0.151313900948, 0.0690058544278]
        max: [1, 0.985045313835, 0.836326539516]
        mean: [0.248559519649, 0.533901035786, 0.174266666174]
        min: [0.00100367004052, 0, 0]
        var: [0.0440018735826, 0.067583270371, 0.0297297984362]

tonal:
    chords_changes_rate: 0.0751173719764
    chords_number_rate: 0.0187793429941
    chords_strength:
        dmean: 0.0161060206592
        dmean2: 0.0182426329702
        dvar: 0.000133033638122
        dvar2: 0.000196996930754
        max: 0.669922053814
        mean: 0.428236275911
        min: 0.230025008321
        var: 0.00856758654118
    key_strength: 0.711632192135
    tuning_diatonic_strength: 0.476346135139
    tuning_equal_tempered_deviation: 0.163505971432
    tuning_frequency: 432.191345215
    tuning_nontempered_energy_ratio: 0.812214851379
    hpcp:
        dmean: [0.186642959714, 0.13077019155, 0.128495812416, 0.139544218779, 0.144689396024, 0.188002407551, 0.246259287, 0.276528120041, 0.250877588987, 0.273715496063, 0.236696317792, 0.171565979719, 0.166956394911, 0.163335800171, 0.152842923999, 0.135914817452, 0.136924892664, 0.192056030035, 0.21235845983, 0.179520100355, 0.123080201447, 0.0894308239222, 0.0866628065705, 0.117316193879, 0.108095645905, 0.139882177114, 0.218425348401, 0.1695600003, 0.115154497325, 0.127383396029, 0.218606859446, 0.181643590331, 0.109318003058, 0.109320774674, 0.112010322511, 0.154829457402]
        dmean2: [0.299769312143, 0.216273009777, 0.23155592382, 0.240589931607, 0.249001637101, 0.33718764782, 0.442359060049, 0.480771750212, 0.433899372816, 0.471077442169, 0.424772322178, 0.296791285276, 0.286987185478, 0.286847800016, 0.259508341551, 0.243287041783, 0.250651270151, 0.318546950817, 0.340708106756, 0.31124997139, 0.225579053164, 0.159480676055, 0.153756380081, 0.196281373501, 0.178028017282, 0.240433976054, 0.357681274414, 0.290663421154, 0.199123501778, 0.227032020688, 0.372864514589, 0.29816403985, 0.195163905621, 0.189980462193, 0.206640005112, 0.262278109789]
        dvar: [0.0535221733153, 0.0314189456403, 0.0432134494185, 0.0467661321163, 0.0327431708574, 0.0580136813223, 0.0776466801763, 0.0795199200511, 0.0567155405879, 0.0569142363966, 0.0565662756562, 0.0416411459446, 0.0520006157458, 0.0494999438524, 0.0452802404761, 0.039953712374, 0.0404671020806, 0.0356647484004, 0.0477359369397, 0.0518627390265, 0.0394847542048, 0.0287291109562, 0.0228399783373, 0.0292366705835, 0.0225214101374, 0.0313702560961, 0.0611673742533, 0.0407765954733, 0.0234525054693, 0.0251171663404, 0.0569541603327, 0.0386890433729, 0.0259948093444, 0.0293679311872, 0.0319846868515, 0.0391070768237]
        dvar2: [0.115892186761, 0.0738534331322, 0.126784414053, 0.129984125495, 0.0906502455473, 0.153082892299, 0.217391818762, 0.225743353367, 0.137502014637, 0.167415618896, 0.141566574574, 0.0988596305251, 0.132907480001, 0.132183685899, 0.113893643022, 0.106996119022, 0.119079083204, 0.0867020338774, 0.0910192579031, 0.135677412152, 0.112439319491, 0.0837617740035, 0.0665276795626, 0.0751564651728, 0.0538249798119, 0.0788572505116, 0.139226987958, 0.108173288405, 0.0622382722795, 0.0663625076413, 0.122385054827, 0.10375328362, 0.0681555792689, 0.0712378919125, 0.0868223533034, 0.0938002541661]
        max: [1, 1, 1, 1, 1, 1, 1, 1, 1, 1, 1, 1, 1, 1, 1, 1, 1, 1, 1, 1, 1, 1, 1, 1, 1, 0.793219447136, 1, 1, 0.796528697014, 1, 1, 1, 1, 1, 1, 1]
        mean: [0.210177913308, 0.141796052456, 0.115343861282, 0.142383873463, 0.15219797194, 0.190682113171, 0.245637387037, 0.278607010841, 0.31749483943, 0.322747886181, 0.25031465292, 0.179544404149, 0.168157607317, 0.169713482261, 0.169532895088, 0.150116488338, 0.143201813102, 0.243845805526, 0.297649621964, 0.194612964988, 0.104125440121, 0.0807155668736, 0.0979904383421, 0.177076816559, 0.162876904011, 0.149107664824, 0.225216776133, 0.185299828649, 0.101944573224, 0.171529367566, 0.36637365818, 0.286690175533, 0.143518507481, 0.170179650187, 0.131782531738, 0.168888390064]
        min: [0.000618143356405, 0.00112541741692, 0.000939828692935, 0.000336283177603, 0.000290893425699, 0.00024527288042, 0.000375676725525, 0.00311958487146, 0.00572094833478, 0.008211013861, 0.00605991668999, 0.00281071569771, 0.00110446615145, 0.00140383502003, 0.0017181225121, 0.0021265449468, 0.00269367313012, 0.0042812093161, 0.00446193432435, 0.00189445354044, 0.00130357220769, 0.000963422178756, 0.000844379246701, 0.000385922816349, 0.000547250208911, 0.00159282737877, 0.00334976008162, 0.00133510504384, 0.00158995762467, 0.00270689488389, 0.00222728331573, 0.000482418807223, 0.00128507881891, 0.000289686577162, 0.000309703784296, 0.000528637261596]
        var: [0.0729849338531, 0.0383730232716, 0.0330288372934, 0.0377875342965, 0.0331239625812, 0.061035066843, 0.0925621837378, 0.090390920639, 0.0738780722022, 0.0648918226361, 0.0555497556925, 0.0422259122133, 0.0500697270036, 0.0462122000754, 0.0487027466297, 0.0419626273215, 0.0377290174365, 0.0535467900336, 0.0808866024017, 0.0538827739656, 0.0291735157371, 0.0204618945718, 0.0198082961142, 0.0550178438425, 0.0410969145596, 0.0318372771144, 0.075991243124, 0.0442028641701, 0.0231215879321, 0.0260682459921, 0.117268025875, 0.0740574076772, 0.0381829254329, 0.0739022493362, 0.03700838238, 0.0428989157081]
    chords_histogram: [79.812210083, 0, 0, 0, 0, 0.938967108727, 0, 0, 0, 2.81690144539, 0.938967108727, 0, 0, 0, 0, 6.57277011871, 7.9812207222, 0.938967108727, 0, 0, 0, 0, 0, 0]
    thpcp: [1, 0.7825075984, 0.391727149487, 0.464497506618, 0.359694331884, 0.460973083973, 0.57367092371, 0.387025773525, 0.314825743437, 0.388630211353, 0.415417343378, 0.520458042622, 0.670455932617, 0.760444998741, 0.866587519646, 0.880925476551, 0.683222293854, 0.49005818367, 0.458978444338, 0.463225126266, 0.462732225657, 0.409736037254, 0.390862733126, 0.665565848351, 0.812420904636, 0.5311871171, 0.284205585718, 0.22030942142, 0.267460376024, 0.483323007822, 0.44456499815, 0.40698248148, 0.614718794823, 0.505767345428, 0.278253018856, 0.468181490898]
    chords_key: "C"
    chords_scale: "minor"
    key_key: "C"
    key_scale: "minor"
    chords_progression: ["Cm", "Cm", "Cm", "Cm", "Cm", "Cm", "Cm", "Cm", "Cm", "Cm", "Cm", "Cm", "Cm", "Cm", "Cm", "Cm", "Cm", "Cm", "Cm", "Cm", "Cm", "Cm", "Cm", "Cm", "Cm", "Cm", "Cm", "Cm", "Cm", "Cm", "Cm", "Cm", "Cm", "Cm", "Cm", "Cm", "Cm", "Cm", "Cm", "Cm", "Cm", "Cm", "Cm", "Cm", "Cm", "Cm", "E", "F", "F", "G#m", "G#m", "B", "Cm", "Cm", "Cm", "Cm", "Cm", "Cm", "Cm", "E", "E", "E", "E", "E", "E", "G#m", "G#m", "B", "G#m", "G#m", "G#m", "Cm", "Bm", "Bm", "G#m", "G#m", "E", "E", "E", "E", "E", "E", "E", "G#m", "G#m", "G#m", "G#m", "G#m", "G#m", "G#m", "G#m", "G", "G", "G", "G", "G", "G", "Cm", "Cm", "Cm", "Cm", "Cm", "Cm", "Cm", "Cm", "Cm", "Cm", "Cm", "Cm", "Cm", "Cm", "Cm", "Cm", "Cm", "Cm", "Cm", "Cm", "Cm", "Cm", "Cm", "Cm", "Cm", "Cm", "Cm", "Cm", "Cm", "Cm", "Cm", "Cm", "Cm", "Cm", "Cm", "Cm", "Cm", "Cm", "Cm", "Cm", "Cm", "Cm", "Cm", "Cm", "Cm", "Cm", "Cm", "Cm", "Cm", "Cm", "Cm", "Cm", "Cm", "Cm", "Cm", "Cm", "Cm", "Cm", "Cm", "Cm", "Cm", "Cm", "Cm", "Cm", "Cm", "Cm", "Cm", "Cm", "Cm", "Cm", "Cm", "Cm", "Cm", "Cm", "Cm", "Cm", "Cm", "Cm", "Cm", "Cm", "Cm", "Cm", "Cm", "Cm", "Cm", "Cm", "Cm", "Cm", "Cm", "Cm", "Cm", "Cm", "Cm", "Cm", "Cm", "Cm", "Cm", "Cm", "Cm", "Cm", "Cm", "Cm", "Cm", "Cm", "Cm", "Cm", "Cm", "Cm", "Cm", "Cm", "Cm", "Cm", "Cm", "Cm", "Cm", "Cm"]
