
metadata:
    version:
        essentia: "1.2.2"
    audio_properties:
        analysis_sample_rate: 44100
        bitrate: 128
        channels: 2
        equal_loudness: 1
        length: 10.0048980713
        replay_gain: -0.686222076416
        downmix: "mix"
    tags:
        track: 1
        year: 0
        album: "Splitted by Mp3Splt v. 2.1"
        artist: "From 000.00 To 000.10"
        comment: "http://mp3splt.sf.net"
        genre: ""
        title: "07 Narayan.mp3"

highlevel:
    ballroom:
        all:
            ChaChaCha: 0.00655949488282
            Jive: 0.00919803418219
            Quickstep: 0.010937564075
            Rumba-American: 0.00342393200845
            Rumba-International: 0.00487971724942
            Rumba-Misc: 0.00593848852441
            Samba: 0.011991661042
            Tango: 0.310172110796
            VienneseWaltz: 0.551679909229
            Waltz: 0.0852190777659
        probability: 0.551679909229
        value: "VienneseWaltz"
    culture:
        all:
            non_western: 0.0116978790611
            western: 0.988302111626
        probability: 0.988302111626
        value: "western"
    gender:
        all:
            female: 0.721314489841
            male: 0.278685510159
        probability: 0.721314489841
        value: "female"
    genre_dortmund:
        all:
            alternative: 0.207775443792
            blues: 0.00792924501002
            electronic: 0.32555437088
            folkcountry: 0.051108956337
            funksoulrnb: 0.073174059391
            jazz: 0.134243324399
            pop: 0.118968978524
            raphiphop: 0.00655134022236
            rock: 0.0746942684054
        probability: 0.32555437088
        value: "electronic"
    genre_electronica:
        all:
            ambient: 0.77346688509
            dnb: 0.0486181080341
            house: 0.01448708307
            techno: 0.00403734389693
            trance: 0.159390598536
        probability: 0.77346688509
        value: "ambient"
    genre_rosamerica:
        all:
            cla: 0.22086763382
            dan: 0.0319121666253
            hip: 0.0135120311752
            jaz: 0.24344111979
            pop: 0.246860042214
            rhy: 0.0713245272636
            roc: 0.164250448346
            spe: 0.00783204473555
        probability: 0.246860042214
        value: "pop"
    genre_tzanetakis:
        all:
            blu: 0.0788683220744
            cla: 0.493532031775
            cou: 0.0422264747322
            dis: 0.0503514967859
            hip: 0.0124327261001
            jaz: 0.065443508327
            met: 0.0239266771823
            pop: 0.0895068794489
            reg: 0.046959836036
            roc: 0.0967520400882
        probability: 0.493532031775
        value: "cla"
    live_studio:
        all:
            live: 0.0422712527215
            studio: 0.957728743553
        probability: 0.957728743553
        value: "studio"
    mood:
        all:
            Cluster1: 0.153895020485
            Cluster2: 0.268733352423
            Cluster3: 0.290199548006
            Cluster4: 0.181444823742
            Cluster5: 0.105727232993
        probability: 0.290199548006
        value: "Cluster3"
    mood_acoustic:
        all:
            acoustic: 0.11247767508
            not_acoustic: 0.887522339821
        probability: 0.887522339821
        value: "not_acoustic"
    mood_aggressive:
        all:
            aggressive: 0.00545949116349
            not_aggressive: 0.994540512562
        probability: 0.994540512562
        value: "not_aggressive"
    mood_electronic:
        all:
            electronic: 0.68721061945
            not_electronic: 0.31278938055
        probability: 0.68721061945
        value: "electronic"
    mood_happy:
        all:
            happy: 0.651372730732
            not_happy: 0.348627269268
        probability: 0.651372730732
        value: "happy"
    mood_party:
        all:
            not_party: 0.798756241798
            party: 0.201243758202
        probability: 0.798756241798
        value: "not_party"
    mood_relaxed:
        all:
            not_relaxed: 0.144816458225
            relaxed: 0.855183541775
        probability: 0.855183541775
        value: "relaxed"
    mood_sad:
        all:
            not_sad: 0.538762152195
            sad: 0.461237877607
        probability: 0.538762152195
        value: "not_sad"
    rhythm:
        all:
            fast: 0.131370738149
            medium: 0.756555378437
            slow: 0.112073875964
        probability: 0.756555378437
        value: "medium"
    speech_music:
        all:
            music: 0.73236900568
            speech: 0.26763099432
        probability: 0.73236900568
        value: "music"
    timbre:
        all:
            bright: 0.806492447853
            dark: 0.193507537246
        probability: 0.806492447853
        value: "bright"
    voice_instrumental:
        all:
            instrumental: 0.975276470184
            voice: 0.0247235260904
        probability: 0.975276470184
        value: "instrumental"

lowlevel:
    average_loudness: 0.969889104366
    barkbands_kurtosis:
        dmean: 0.733673512936
        dmean2: 1.18006789684
        dvar: 0.867542982101
        dvar2: 2.04241847992
        max: 12.6816091537
        mean: -0.65019851923
        min: -1.77627336979
        var: 1.48733651638
    barkbands_skewness:
        dmean: 0.463841885328
        dmean2: 0.681270718575
        dvar: 0.153424158692
        dvar2: 0.345161825418
        max: 2.04641866684
        mean: 0.0174626372755
        min: -3.22432875633
        var: 0.648316979408
    barkbands_spread:
        dmean: 2.93698596954
        dmean2: 4.62206459045
        dvar: 6.12736320496
        dvar2: 14.6081771851
        max: 28.2536582947
        mean: 17.2314586639
        min: 4.70238828659
        var: 20.2627773285
    dissonance:
        dmean: 0.0235677789897
        dmean2: 0.0392192788422
        dvar: 0.000565109599847
        dvar2: 0.00146782258525
        max: 0.499361515045
        mean: 0.455025434494
        min: 0.341467767954
        var: 0.00112471741159
    hfc:
        dmean: 3.81399202347
        dmean2: 5.4564576149
        dvar: 15.2072734833
        dvar2: 31.6666088104
        max: 36.0294456482
        mean: 11.146774292
        min: 0.000399442389607
        var: 37.5565071106
    pitch:
        dmean: 211.797531128
        dmean2: 401.212890625
        dvar: 231550.578125
        dvar2: 611262.9375
        max: 3675
        mean: 630.989318848
        min: 87.8486022949
        var: 201675.703125
    pitch_instantaneous_confidence:
        dmean: 0.0772366374731
        dmean2: 0.121500968933
        dvar: 0.00387512915768
        dvar2: 0.0091118728742
        max: 0.948609411716
        mean: 0.639776587486
        min: 0.285743057728
        var: 0.0174482539296
    pitch_salience:
        dmean: 0.0557810179889
        dmean2: 0.0897934138775
        dvar: 0.00234819250181
        dvar2: 0.00531163020059
        max: 0.911680579185
        mean: 0.495709329844
        min: 0.314879477024
        var: 0.00655312882736
    silence_rate_20dB:
        dmean: 0
        dmean2: 0
        dvar: 0
        dvar2: 0
        max: 1
        mean: 1
        min: 1
        var: 0
    silence_rate_30dB:
        dmean: 0
        dmean2: 0
        dvar: 0
        dvar2: 0
        max: 1
        mean: 1
        min: 1
        var: 0
    silence_rate_60dB:
        dmean: 0.139810428023
        dmean2: 0.280285030603
        dvar: 0.120263069868
        dvar2: 0.244480907917
        max: 1
        mean: 0.191489368677
        min: 0
        var: 0.154820680618
    spectral_centroid:
        dmean: 266.778991699
        dmean2: 401.427032471
        dvar: 62668.40625
        dvar2: 130953.953125
        max: 3479.08300781
        mean: 2088.67895508
        min: 1130.06762695
        var: 247913.9375
    spectral_complexity:
        dmean: 2.20145630836
        dmean2: 3.50364971161
        dvar: 4.34533643723
        dvar2: 9.84609603882
        max: 34
        mean: 12.7239713669
        min: 0
        var: 21.8318023682
    spectral_crest:
        dmean: 2.75956773758
        dmean2: 4.69030332565
        dvar: 5.42458105087
        dvar2: 13.702123642
        max: 18.6949291229
        mean: 9.1447763443
        min: 3.90347862244
        var: 9.62083339691
    spectral_decrease:
        dmean: 3.22906867911e-10
        dmean2: 4.49434295335e-10
        dvar: 9.12814679338e-20
        dvar2: 1.58859972017e-19
        max: -2.33332335387e-14
        mean: -1.13722209427e-09
        min: -2.83374324006e-09
        var: 2.56611743638e-19
    spectral_energy:
        dmean: 0.00153545930516
        dmean2: 0.00214970204979
        dvar: 2.07781931749e-06
        dvar2: 3.76534967472e-06
        max: 0.0133128184825
        mean: 0.00530318450183
        min: 1.24295652881e-07
        var: 5.61532442589e-06
    spectral_energyband_high:
        dmean: 0.000155116897076
        dmean2: 0.000253680424066
        dvar: 4.87123514858e-08
        dvar2: 1.20334277653e-07
        max: 0.00196608738042
        mean: 0.000352719827788
        min: 2.11284856277e-08
        var: 9.30983858893e-08
    spectral_energyband_low:
        dmean: 1.85735828495e-07
        dmean2: 2.91548104769e-07
        dvar: 2.4779627677e-13
        dvar2: 4.24744630743e-13
        max: 8.98554753803e-06
        mean: 2.27148035492e-07
        min: 5.77576764194e-10
        var: 3.0545750933e-13
    spectral_energyband_middle_high:
        dmean: 0.00134158262517
        dmean2: 0.00191010045819
        dvar: 1.76779690264e-06
        dvar2: 3.36989251082e-06
        max: 0.0114770680666
        mean: 0.00397426728159
        min: 9.66257971413e-08
        var: 4.30535101259e-06
    spectral_energyband_middle_low:
        dmean: 0.000399899086915
        dmean2: 0.000538834661711
        dvar: 1.96445967049e-07
        dvar2: 3.90668361661e-07
        max: 0.00489418581128
        mean: 0.000975972565357
        min: 5.82242964953e-09
        var: 5.16322302246e-07
    spectral_flatness_db:
        dmean: 0.0183665789664
        dmean2: 0.0284695215523
        dvar: 0.000282338500256
        dvar2: 0.000570299220271
        max: 0.341561555862
        mean: 0.248678833246
        min: 0.0946166068316
        var: 0.00087118067313
    spectral_flux:
        dmean: 0.00843604467809
        dmean2: 0.0141520975158
        dvar: 7.4183648394e-05
        dvar2: 0.00017954458599
        max: 0.0749947428703
        mean: 0.0397854410112
        min: 0.000352555885911
        var: 0.000128432322526
    spectral_kurtosis:
        dmean: 1.16899347305
        dmean2: 2.0133433342
        dvar: 1.13842618465
        dvar2: 3.1317756176
        max: 11.8245592117
        mean: 3.58419561386
        min: 1.21807193756
        var: 1.6922878027
    spectral_rms:
        dmean: 0.000328367925249
        dmean2: 0.000457880960312
        dvar: 8.76410197748e-08
        dvar2: 1.45953109154e-07
        max: 0.00360390287824
        mean: 0.00221881805919
        min: 1.1011996321e-05
        var: 2.50684507819e-07
    spectral_rolloff:
        dmean: 324.565765381
        dmean2: 585.639892578
        dvar: 170541.34375
        dvar2: 377959
        max: 4780.37109375
        mean: 3410.53955078
        min: 1571.92382812
        var: 464619.34375
    spectral_skewness:
        dmean: 0.176246359944
        dmean2: 0.300603598356
        dvar: 0.0251804180443
        dvar2: 0.0618859156966
        max: 2.29007935524
        mean: 1.35354208946
        min: 0.686222672462
        var: 0.0678991377354
    spectral_spread:
        dmean: 365083.375
        dmean2: 555037.5625
        dvar: 942329954304
        dvar2: 1.09942433382e+12
        max: 21593806
        mean: 3961837
        min: 2327801
        var: 950346907648
    spectral_strongpeak:
        dmean: 1.25690245628
        dmean2: 2.00337028503
        dvar: 2.59202027321
        dvar2: 4.98867511749
        max: 11.2749319077
        mean: 2.29438996315
        min: 0.00127287360374
        var: 4.15745544434
    zerocrossingrate:
        dmean: 0.009830808267
        dmean2: 0.0108598023653
        dvar: 6.75937990309e-05
        dvar2: 0.000106565035821
        max: 0.16162109375
        mean: 0.108826421201
        min: 0.0595703125
        var: 0.000511845224537
    barkbands:
        dmean: [6.06950534277e-09, 6.59873009567e-08, 1.39086466788e-07, 3.29029091972e-07, 1.32426930577e-06, 4.36222035205e-05, 1.06937222881e-05, 4.67840327474e-05, 0.000348596135154, 0.000300631130813, 0.00021097586432, 0.000283657514956, 2.1973712137e-05, 0.000183823722182, 9.41563939705e-06, 0.000146775972098, 0.000337474688422, 0.00026213718229, 0.00042830343591, 0.000373378046788, 0.000121926306747, 2.61997811322e-05, 4.76708100905e-06, 1.21702964861e-06, 3.62401635812e-07, 5.0809974006e-09, 3.90408899653e-10]
        dmean2: [6.83264866908e-09, 1.11663624125e-07, 2.26127184533e-07, 5.25957432274e-07, 2.08961614589e-06, 7.43415876059e-05, 1.68941842276e-05, 6.84965925757e-05, 0.000467353092972, 0.000400571356295, 0.00031001213938, 0.000414499401813, 3.64105108019e-05, 0.000258784304606, 1.63930963026e-05, 0.000237592103076, 0.000529839191586, 0.000359783531167, 0.000685458187945, 0.000572401855607, 0.000199032234377, 4.41874253738e-05, 7.67732126405e-06, 2.01859643312e-06, 5.78126389428e-07, 8.21550827368e-09, 5.66325708551e-10]
        dvar: [1.02894868868e-14, 7.29486390456e-14, 6.75032607394e-14, 5.74322978498e-13, 7.96226539562e-12, 2.40242536975e-09, 1.44018227899e-10, 3.84341181103e-09, 1.67667025153e-07, 1.32755829441e-07, 1.64581678064e-07, 3.81599789989e-07, 1.95529326064e-09, 7.47599102624e-08, 3.15417025831e-10, 4.13287288836e-08, 3.87793363643e-07, 3.82932967113e-07, 4.06906195849e-07, 2.94884813457e-07, 3.92459824639e-08, 5.93054272358e-10, 2.61493795367e-11, 2.01757013873e-12, 1.93779278105e-13, 3.31688242152e-17, 1.33136216787e-17]
        dvar2: [1.03080741778e-14, 1.13899558188e-13, 1.60120045478e-13, 1.43943114806e-12, 1.80711296621e-11, 7.01382241175e-09, 3.28237909075e-10, 9.91004345252e-09, 3.21612361631e-07, 2.32462326721e-07, 3.41677520055e-07, 6.32910087006e-07, 5.05915620508e-09, 1.36278060836e-07, 9.10945541222e-10, 9.54549719268e-08, 8.03320858722e-07, 5.96259383201e-07, 8.42389397349e-07, 6.71027521548e-07, 9.93656712467e-08, 1.58221857838e-09, 6.19975459859e-11, 5.13885331857e-12, 4.94368814549e-13, 7.5701935152e-17, 1.33845755773e-17]
        max: [2.06505274036e-06, 5.38879703527e-06, 2.53657435678e-06, 7.78251433076e-06, 3.28393507516e-05, 0.000357731361873, 0.000112298410386, 0.000663910817821, 0.00436488632113, 0.00462279003114, 0.00441191066056, 0.00711227115244, 0.000433046254329, 0.00288813165389, 0.000146158126881, 0.00256531126797, 0.00603121658787, 0.00663690175861, 0.00669412873685, 0.00468388246372, 0.0016475468874, 0.000286602415144, 5.13689919899e-05, 1.13374499051e-05, 3.73465650227e-06, 7.34220719778e-08, 7.45335952956e-08]
        mean: [6.16238082785e-09, 7.43383594681e-08, 1.49421865103e-07, 3.91887510887e-07, 2.8354402275e-06, 6.48050772725e-05, 1.82807161764e-05, 0.000120018557936, 0.000631586124655, 0.000714719295502, 0.000371808826458, 0.000476676272228, 3.21942279697e-05, 0.000306546979118, 1.53622331709e-05, 0.000229741301155, 0.000478833069792, 0.000383171078283, 0.000632355862763, 0.000541832239833, 0.000216363478103, 5.30427460035e-05, 8.90118553798e-06, 2.65706762548e-06, 8.24034145808e-07, 1.12046176781e-08, 3.90560944696e-10]
        min: [1.67341075892e-12, 4.67034570739e-11, 3.66249086614e-10, 6.37930486214e-10, 5.44210010389e-10, 8.80449491092e-10, 4.39231734317e-10, 5.16745535251e-10, 1.59625990204e-09, 2.93467561363e-09, 2.17717821549e-09, 1.59245094888e-09, 9.83181869252e-10, 2.26143415105e-09, 5.04938224566e-09, 2.36855268732e-09, 1.36087008329e-08, 2.11077502144e-08, 3.16729966698e-08, 2.01956176227e-08, 9.37721722494e-09, 2.04604222453e-09, 9.09594066734e-10, 6.37792763047e-10, 4.2636658093e-10, 3.75252912077e-10, 2.56260995497e-13]
        var: [1.02913749232e-14, 8.5568332205e-14, 8.18341705164e-14, 8.41082357841e-13, 3.2618054091e-11, 3.83201870235e-09, 3.24463678147e-10, 8.27909207857e-09, 3.6940582504e-07, 5.4409014183e-07, 4.03360587597e-07, 9.94030870061e-07, 2.33875052658e-09, 2.07894245818e-07, 5.15396114675e-10, 8.35967597368e-08, 5.34297782906e-07, 6.76357331031e-07, 6.70099268518e-07, 4.83552923924e-07, 5.97999445517e-08, 1.5368544215e-09, 4.51903722776e-11, 3.77099306642e-12, 4.02715567057e-13, 7.75046396394e-17, 1.34087234609e-17]
    mfcc:
        mean: [-738.168518066, 40.3062438965, -107.932502747, -8.83665657043, -73.9951629639, -40.4390335083, -18.0036773682, -3.46435451508, -3.75365066528, -6.38719940186, -8.18383312225, -3.55260467529, 1.29321086407]
        cov: [[1404.27233887, 242.867965698, 24.5054302216, 188.977050781, 141.716003418, 114.886993408, 28.251241684, 8.86681270599, 69.6485977173, 55.7074813843, -26.1708335876, -96.7196578979, -101.512489319], [242.867965698, 248.350997925, 47.2893600464, 36.8863754272, 115.621871948, 86.380241394, 28.5717391968, 25.6983699799, 44.298828125, 23.5335540771, -30.6971855164, -38.66771698, -45.2579727173], [24.5054302216, 47.2893600464, 107.858543396, 35.1651420593, 25.3306560516, 54.9100227356, 39.1262664795, -1.55871713161, 23.0174999237, 22.6405296326, -20.6820869446, -7.54343318939, -21.7616634369], [188.977050781, 36.8863754272, 35.1651420593, 378.385894775, 85.5942993164, -7.30083465576, 30.2976150513, -60.4208030701, 20.899980545, 31.5328636169, 38.9732589722, -66.1808319092, -116.875267029], [141.716003418, 115.621871948, 25.3306560516, 85.5942993164, 165.336868286, 67.0385437012, 12.3558797836, 28.806438446, 24.7373161316, 29.1728420258, -5.59723424911, -32.103729248, -45.5281066895], [114.886993408, 86.380241394, 54.9100227356, -7.30083465576, 67.0385437012, 144.645446777, 46.0625953674, 16.523431778, 40.4421844482, 8.28089046478, -39.5015983582, -25.3853054047, -21.122177124], [28.251241684, 28.5717391968, 39.1262664795, 30.2976150513, 12.3558797836, 46.0625953674, 112.768478394, 12.9335050583, 9.42424869537, 8.89790821075, -12.6707849503, 14.2869338989, -0.888485908508], [8.86681270599, 25.6983699799, -1.55871713161, -60.4208030701, 28.806438446, 16.523431778, 12.9335050583, 106.353507996, 3.17163896561, -13.2339658737, -26.0053119659, 31.8790168762, 40.622833252], [69.6485977173, 44.298828125, 23.0174999237, 20.899980545, 24.7373161316, 40.4421844482, 9.42424869537, 3.17163896561, 72.1664199829, 36.0981864929, -4.29822731018, -42.109161377, -55.5042304993], [55.7074813843, 23.5335540771, 22.6405296326, 31.5328636169, 29.1728420258, 8.28089046478, 8.89790821075, -13.2339658737, 36.0981864929, 121.58719635, 35.5986671448, -50.1743507385, -77.9047241211], [-26.1708335876, -30.6971855164, -20.6820869446, 38.9732589722, -5.59723424911, -39.5015983582, -12.6707849503, -26.0053119659, -4.29822731018, 35.5986671448, 99.0288619995, -7.53085947037, -41.1301040649], [-96.7196578979, -38.66771698, -7.54343318939, -66.1808319092, -32.103729248, -25.3853054047, 14.2869338989, 31.8790168762, -42.109161377, -50.1743507385, -7.53085947037, 131.214187622, 97.5065383911], [-101.512489319, -45.2579727173, -21.7616634369, -116.875267029, -45.5281066895, -21.122177124, -0.888485908508, 40.622833252, -55.5042304993, -77.9047241211, -41.1301040649, 97.5065383911, 188.965652466]]
        icov: [[0.00096299033612, -0.000840031309053, 0.000620038597845, -0.000589967356063, 0.000320763385389, -0.000628580106422, 0.000197328656213, -0.000211887629121, -2.46625768341e-05, -0.00038063901593, 0.000191532744793, 0.000128448184114, -0.000112622328743], [-0.000840031309053, 0.00774659588933, -0.00165485835169, 0.00115522067063, -0.00462148757651, -2.52865193033e-05, -0.000873291282915, 0.000219244990149, -0.00171632738784, 0.000897841528058, 0.000936975993682, 0.000464814133011, 0.000590583716985], [0.000620038597845, -0.00165485835169, 0.0143462866545, -0.0020118788816, 0.00179252831731, -0.00466441642493, -0.00162749679293, 0.000691748806275, -0.000608863658272, -0.00341326766647, 0.00279388669878, -0.00220930972137, 0.000260778178927], [-0.000589967356063, 0.00115522067063, -0.0020118788816, 0.00530755799264, -0.00403708126396, 0.00341724581085, -0.00246329605579, 0.00269417115487, -0.000457300426206, 0.00226353155449, -0.000720002106391, 0.000964712002315, 0.00197368161753], [0.000320763385389, -0.00462148757651, 0.00179252831731, -0.00403708126396, 0.0140096237883, -0.00616231653839, 0.00304515333846, -0.00501614622772, 0.00301749166101, -0.0029019494541, -0.00072776444722, -0.000296394602628, 0.000238651395193], [-0.000628580106422, -2.52865193033e-05, -0.00466441642493, 0.00341724581085, -0.00616231653839, 0.0158643759787, -0.00500254146755, 0.00213476549834, -0.00511588575318, 0.00313298520632, 0.00232852087356, 0.00206025224179, 0.000271503697149], [0.000197328656213, -0.000873291282915, -0.00162749679293, -0.00246329605579, 0.00304515333846, -0.00500254146755, 0.0126935141161, -0.00214275973849, 0.0010653140489, -0.0022167393472, 0.000194416381419, -0.00288677960634, -0.00018838228425], [-0.000211887629121, 0.000219244990149, 0.000691748806275, 0.00269417115487, -0.00501614622772, 0.00213476549834, -0.00214275973849, 0.0141230309382, -0.00339531409554, 0.000475682521937, 0.00199444359168, -0.00242176023312, -0.00144885806367], [-2.46625768341e-05, -0.00171632738784, -0.000608863658272, -0.000457300426206, 0.00301749166101, -0.00511588575318, 0.0010653140489, -0.00339531409554, 0.0241573806852, -0.00380617054179, 0.00141037988942, 0.00263914046809, 0.00458449218422], [-0.00038063901593, 0.000897841528058, -0.00341326766647, 0.00226353155449, -0.0029019494541, 0.00313298520632, -0.0022167393472, 0.000475682521937, -0.00380617054179, 0.0144625585526, -0.00440070638433, 0.00276755285449, 0.00301439175382], [0.000191532744793, 0.000936975993682, 0.00279388669878, -0.000720002106391, -0.00072776444722, 0.00232852087356, 0.000194416381419, 0.00199444359168, 0.00141037988942, -0.00440070638433, 0.0155379837379, -0.00279990816489, 0.0032875535544], [0.000128448184114, 0.000464814133011, -0.00220930972137, 0.000964712002315, -0.000296394602628, 0.00206025224179, -0.00288677960634, -0.00242176023312, 0.00263914046809, 0.00276755285449, -0.00279990816489, 0.0151347639039, -0.00531432591379], [-0.000112622328743, 0.000590583716985, 0.000260778178927, 0.00197368161753, 0.000238651395193, 0.000271503697149, -0.00018838228425, -0.00144885806367, 0.00458449218422, 0.00301439175382, 0.0032875535544, -0.00531432591379, 0.0130691900849]]
    spectral_contrast:
        mean: [5.88649982092e-08, 2.55087666545e-08, -2.51628478054e-07, 3.83262914738e-07, -2.12945892031e-07, 2.81137658931e-07, 2.64111349679e-06, -1.21922528251e-06, -3.45216250253e-07, 1.30033379264e-06, 2.63241815901e-07, 3.00765321981e-07]
        var: [0.000587509479374, 0.00118102156557, 0.00161519565154, 0.00213744887151, 0.00278284307569, 0.00422780867666, 0.0596367754042, 0.111720196903, 0.137098148465, 0.168073534966, 0.342785596848, 1.61135518551]

rhythm:
    beats_loudness:
        dmean: 0.00256474176422
        dmean2: 0.00456390157342
        dvar: 2.7663857054e-06
        dvar2: 6.99800921211e-06
        max: 0.0131683479995
        mean: 0.00725952163339
        min: 0.00391237810254
        var: 5.03207365909e-06
    beats_loudness_bass:
        dmean: 0.00012549283565
        dmean2: 0.000246769021032
        dvar: 1.11880709142e-08
        dvar2: 3.11352472693e-08
        max: 0.000378373893909
        mean: 0.000119657124742
        min: 2.5344477308e-06
        var: 1.168784447e-08
    bpm: 130.336288452
    bpm_confidence: 0
    first_peak_bpm: 130
    first_peak_spread: 0
    first_peak_weight: 0.950000047684
    onset_rate: 4.19794368744
    second_peak_bpm: 116
    second_peak_spread: 0
    second_peak_weight: 0.0500000007451
    beats_position: [0.474772870541, 0.936447620392, 1.39812231064, 1.85979700089, 2.32147169113, 2.7831466198, 3.24482131004, 3.70649623871, 4.16817092896, 4.6298456192, 5.09152078629, 5.55319547653, 6.06972265244, 6.52905464172, 6.98838615417, 7.44771814346, 7.90705060959, 8.36638259888, 8.82571411133, 9.28504562378, 9.7443780899]
    bpm_estimates: [129.609924316, 129.912033081, 130.029037476, 130.461975098, 129.479614258, 130.361587524, 129.883285522, 130.842956543, 130.181915283, 130.892089844, 129.669326782, 130.483901978, 130.276947021, 130.555603027, 131.884719849, 130.855773926]
    bpm_intervals: [0.461674749851, 0.461674690247, 0.461674690247, 0.461674690247, 0.461674928665, 0.461674690247, 0.461674928665, 0.461674690247, 0.461674690247, 0.461675167084, 0.461674690247, 0.516527175903, 0.459331989288, 0.459331512451, 0.459331989288, 0.459332466125, 0.459331989288, 0.459331512451, 0.459331512451, 0.459332466125]
    onset_times: [0.46439909935, 0.696598649025, 0.975238084793, 1.17260766029, 1.39319729805, 1.50929701328, 2.10140585899, 2.33360552788, 2.56580495834, 2.80961441994, 3.03020405769, 3.26240372658, 3.48299312592, 3.5178232193, 3.7151927948, 3.95900225639, 4.17959165573, 4.43501138687, 4.69043064117, 4.88780021667, 5.11999988556, 5.3754196167, 5.56117916107, 5.81659841537, 6.04879808426, 6.28099775314, 6.53641700745, 6.76861667633, 6.90793657303, 6.98920631409, 7.22140598297, 7.4303855896, 7.6858048439, 7.83673477173, 7.91800451279, 8.12698459625, 8.60299301147, 9.05578231812, 9.27637195587, 9.53179168701, 9.7639913559, 9.9613609314]
    rubato_start: []
    rubato_stop: []
    perceptual_tempo: "unknown"

sfx:
    inharmonicity:
        dmean: 0.0997241660953
        dmean2: 0.178180903196
        dvar: 0.0104202432558
        dvar2: 0.0287365000695
        max: 0.467219024897
        mean: 0.0881353840232
        min: 0
        var: 0.0112342145294
    oddtoevenharmonicenergyratio:
        dmean: 25.8593654633
        dmean2: 50.3486633301
        dvar: 14583.8544922
        dvar2: 44921.5273438
        max: 1404.73681641
        mean: 14.8078193665
        min: 0
        var: 7638.93261719
    pitch_after_max_to_before_max_energy_ratio: 18.3425045013
    pitch_centroid: 207.554458618
    pitch_max_to_total: 0
    pitch_min_to_total: 0.799031496048
    tristimulus:
        dmean: [0.212168574333, 0.336275666952, 0.151873067021]
        dmean2: [0.377216339111, 0.60180157423, 0.270776331425]
        dvar: [0.0506265126169, 0.0793994963169, 0.0284808371216]
        dvar2: [0.133938416839, 0.217579349875, 0.0756354257464]
        max: [1, 0.999667108059, 0.84308218956]
        mean: [0.214336946607, 0.561322271824, 0.131455212831]
        min: [0.000332878291374, 0, 0]
        var: [0.0587713457644, 0.102860167623, 0.0304205548018]

tonal:
    chords_changes_rate: 0
    chords_number_rate: 0.00480769248679
    chords_strength:
        dmean: 0.00620358344167
        dmean2: 0.00633411621675
        dvar: 1.97727767954e-05
        dvar2: 2.3342185159e-05
        max: 0.599912524223
        mean: 0.514132797718
        min: 0.443987250328
        var: 0.000958152930252
    key_strength: 0.520599126816
    tuning_diatonic_strength: 0.378114104271
    tuning_equal_tempered_deviation: 0.0543948374689
    tuning_frequency: 440.508575439
    tuning_nontempered_energy_ratio: 0.686970293522
    hpcp:
        dmean: [0.163064420223, 0.0818478241563, 0.056587420404, 0.0677300393581, 0.050303850323, 0.0938310846686, 0.145733684301, 0.0835470855236, 0.114864490926, 0.164294347167, 0.0874570757151, 0.0164122004062, 0.0125696081668, 0.026830798015, 0.0956624895334, 0.145436748862, 0.11065133661, 0.0996079072356, 0.124576345086, 0.0674840658903, 0.0149081014097, 0.0175041146576, 0.0287852175534, 0.127420306206, 0.235341280699, 0.158083409071, 0.0246220920235, 0.0298544727266, 0.0404402799904, 0.116168782115, 0.139570191503, 0.0667306110263, 0.134901940823, 0.15220785141, 0.0868224576116, 0.108313381672]
        dmean2: [0.282417118549, 0.138380780816, 0.0834373831749, 0.085973970592, 0.0787472948432, 0.154120534658, 0.251649022102, 0.14383482933, 0.178554207087, 0.276768743992, 0.14550344646, 0.0252410136163, 0.0196801777929, 0.0424809679389, 0.164993658662, 0.262718498707, 0.196467757225, 0.172987952828, 0.216154187918, 0.1145260185, 0.0225767455995, 0.0256036054343, 0.0464441254735, 0.208982169628, 0.425684809685, 0.280455857515, 0.0399375781417, 0.0467838831246, 0.0656760185957, 0.180975437164, 0.217826396227, 0.112907551229, 0.211348488927, 0.239758372307, 0.140877246857, 0.183430105448]
        dvar: [0.0531419441104, 0.0132765825838, 0.0151153532788, 0.0162354428321, 0.00597118306905, 0.0177482962608, 0.0537126548588, 0.0124905416742, 0.0146699892357, 0.0303567480296, 0.006319926586, 0.00160191801842, 0.00102524540853, 0.00153881020378, 0.0213376916945, 0.0462663993239, 0.0184332709759, 0.0113300392404, 0.0301677025855, 0.00820343848318, 0.00261587905698, 0.00244080252014, 0.00355736678466, 0.0196540392935, 0.0658782944083, 0.0248466804624, 0.00141213752795, 0.00284437998198, 0.00321017252281, 0.0223403889686, 0.0290429629385, 0.00516838673502, 0.0252909474075, 0.04973981902, 0.0121696572751, 0.0238348003477]
        dvar2: [0.147175684571, 0.0344742052257, 0.0314847789705, 0.0235028751194, 0.0116197858006, 0.0440866909921, 0.138409167528, 0.0307286921889, 0.0352304391563, 0.0690117031336, 0.0150773283094, 0.0021229791455, 0.00158576492686, 0.00321704638191, 0.0459729246795, 0.0920969471335, 0.0429987721145, 0.0234338343143, 0.064269207418, 0.0171326212585, 0.00334880733863, 0.00355091202073, 0.00648198276758, 0.0466571487486, 0.16607965529, 0.0658295154572, 0.00241860048845, 0.00638294406235, 0.00736056361347, 0.0493245944381, 0.0710042342544, 0.0154155865312, 0.0465499125421, 0.0699110478163, 0.0190762169659, 0.0603507272899]
        max: [1, 0.91863656044, 0.847550630569, 1, 0.615496098995, 0.803012132645, 1, 0.591700315475, 1, 1, 0.549711465836, 0.536595463753, 0.370844125748, 0.317233473063, 1, 1, 0.861969709396, 0.686551451683, 1, 0.574648559093, 0.67243540287, 0.589463710785, 0.597909271717, 1, 1, 0.792187333107, 0.440038144588, 0.458669751883, 0.435951143503, 0.947326481342, 1, 0.534955859184, 1, 1, 0.954804003239, 1]
        mean: [0.202160507441, 0.108366779983, 0.072854347527, 0.0971032455564, 0.0717004165053, 0.130836695433, 0.188310042024, 0.116917781532, 0.22107681632, 0.332798659801, 0.15943595767, 0.0255187526345, 0.0192023143172, 0.0385563448071, 0.165149271488, 0.263870596886, 0.176324382424, 0.195637091994, 0.267671376467, 0.130370482802, 0.0210748519748, 0.023858346045, 0.0312305055559, 0.234047964215, 0.446921765804, 0.252069711685, 0.0315088778734, 0.0363588780165, 0.0603602528572, 0.203015238047, 0.255005210638, 0.122166827321, 0.321462273598, 0.447040081024, 0.188434764743, 0.141350731254]
        min: [0.00162368454039, 0.00202463194728, 0.00169294734951, 0.00180657708552, 0.00264871306717, 7.2709422966e-05, 0.000160864525242, 0.00137133651879, 0.0120540289208, 0.0369802899659, 0.0213642530143, 0.00102936162148, 0.000682366837282, 0.00367628550157, 0.00216527516022, 0.000811532197986, 0.00416254717857, 0.00983795523643, 0.00775810331106, 0.00262457039207, 0.000982519937679, 0.000590800016653, 0.000165642602951, 0.0020084832795, 0.0189194940031, 0.0112591981888, 0.000535343016963, 3.71876922145e-05, 0.000808311975561, 0.00134587765206, 0.00135051098187, 0.00277639739215, 0.00128164398484, 0.00448727514595, 0.0048523680307, 0.00297242635861]
        var: [0.0730189010501, 0.0184229593724, 0.0224109850824, 0.0391625836492, 0.00977620109916, 0.0303820762783, 0.0778426975012, 0.0196313951164, 0.0524572171271, 0.0838705375791, 0.0109365591779, 0.00215498474427, 0.00148249964695, 0.00197047437541, 0.0479842089117, 0.102004259825, 0.0286142714322, 0.0284589435905, 0.0923435688019, 0.0234075449407, 0.0027477517724, 0.00288334535435, 0.00388983637094, 0.0469987057149, 0.137236058712, 0.0471208095551, 0.00195785542019, 0.0037271019537, 0.00545512093231, 0.0540814250708, 0.076345205307, 0.00993772037327, 0.0900271311402, 0.168384313583, 0.0258343908936, 0.0327316634357]
    chords_histogram: [0, 0, 0, 0, 0, 0, 0, 0, 0, 0, 0, 0, 0, 0, 0, 0, 0, 0, 0, 0, 0, 0, 100, 0]
    thpcp: [1, 0.421516478062, 0.316192537546, 0.452220082283, 0.242409542203, 0.162970498204, 0.217213734984, 0.160389229655, 0.292673289776, 0.421237498522, 0.261537581682, 0.494534671307, 0.744449257851, 0.356648027897, 0.0570838153362, 0.0429543443024, 0.0862480700016, 0.36942833662, 0.59026157856, 0.394426345825, 0.437627643347, 0.5987637043, 0.291630417109, 0.0471430942416, 0.05336958915, 0.069860637188, 0.523550271988, 0.999735355377, 0.563863754272, 0.0704833418131, 0.0813324823976, 0.13502201438, 0.454132080078, 0.570430278778, 0.273279368877, 0.719090521336]
    chords_key: "F"
    chords_scale: "minor"
    key_key: "C"
    key_scale: "minor"
    chords_progression: ["Fm", "Fm", "Fm", "Fm", "Fm", "Fm", "Fm", "Fm", "Fm", "Fm", "Fm", "Fm", "Fm", "Fm", "Fm", "Fm", "Fm", "Fm", "Fm", "Fm", "Fm", "Fm", "Fm", "Fm", "Fm", "Fm", "Fm", "Fm", "Fm", "Fm", "Fm", "Fm", "Fm", "Fm", "Fm", "Fm", "Fm", "Fm", "Fm", "Fm", "Fm", "Fm", "Fm", "Fm", "Fm", "Fm", "Fm", "Fm", "Fm", "Fm", "Fm", "Fm", "Fm", "Fm", "Fm", "Fm", "Fm", "Fm", "Fm", "Fm", "Fm", "Fm", "Fm", "Fm", "Fm", "Fm", "Fm", "Fm", "Fm", "Fm", "Fm", "Fm", "Fm", "Fm", "Fm", "Fm", "Fm", "Fm", "Fm", "Fm", "Fm", "Fm", "Fm", "Fm", "Fm", "Fm", "Fm", "Fm", "Fm", "Fm", "Fm", "Fm", "Fm", "Fm", "Fm", "Fm", "Fm", "Fm", "Fm", "Fm", "Fm", "Fm", "Fm", "Fm", "Fm", "Fm", "Fm", "Fm", "Fm", "Fm", "Fm", "Fm", "Fm", "Fm", "Fm", "Fm", "Fm", "Fm", "Fm", "Fm", "Fm", "Fm", "Fm", "Fm", "Fm", "Fm", "Fm", "Fm", "Fm", "Fm", "Fm", "Fm", "Fm", "Fm", "Fm", "Fm", "Fm", "Fm", "Fm", "Fm", "Fm", "Fm", "Fm", "Fm", "Fm", "Fm", "Fm", "Fm", "Fm", "Fm", "Fm", "Fm", "Fm", "Fm", "Fm", "Fm", "Fm", "Fm", "Fm", "Fm", "Fm", "Fm", "Fm", "Fm", "Fm", "Fm", "Fm", "Fm", "Fm", "Fm", "Fm", "Fm", "Fm", "Fm", "Fm", "Fm", "Fm", "Fm", "Fm", "Fm", "Fm", "Fm", "Fm", "Fm", "Fm", "Fm", "Fm", "Fm", "Fm", "Fm", "Fm", "Fm", "Fm", "Fm", "Fm", "Fm", "Fm", "Fm", "Fm", "Fm", "Fm", "Fm", "Fm", "Fm", "Fm", "Fm", "Fm", "Fm"]
