
metadata:
    version:
        essentia: "1.2.2"
    audio_properties:
        analysis_sample_rate: 44100
        bitrate: 128
        channels: 2
        equal_loudness: 1
        length: 10.0048980713
        replay_gain: -8.10892295837
        downmix: "mix"
    tags:
        track: 7
        year: 0
        album: "Splitted by Mp3Splt v. 2.1"
        artist: "From 001.00 To 001.10"
        comment: "http://mp3splt.sf.net"
        genre: ""
        title: "04 Whatever, Whenever [Attaboy"

highlevel:
    ballroom:
        all:
            ChaChaCha: 0.18391880393
            Jive: 0.0441744960845
            Quickstep: 0.00336406845599
            Rumba-American: 0.000705297570676
            Rumba-International: 0.011380312033
            Rumba-Misc: 0.0020838084165
            Samba: 0.753292739391
            Tango: 0.000365990243154
            VienneseWaltz: 0.000390656292439
            Waltz: 0.000323796732118
        probability: 0.753292739391
        value: "Samba"
    culture:
        all:
            non_western: 0.461273491383
            western: 0.538726508617
        probability: 0.538726508617
        value: "western"
    gender:
        all:
            female: 0.929029762745
            male: 0.0709702372551
        probability: 0.929029762745
        value: "female"
    genre_dortmund:
        all:
            alternative: 0.0294168256223
            blues: 0.00373545777984
            electronic: 0.515028595924
            folkcountry: 0.00499745830894
            funksoulrnb: 0.00990724377334
            jazz: 0.107496999204
            pop: 0.0389263518155
            raphiphop: 0.147890001535
            rock: 0.142601072788
        probability: 0.515028595924
        value: "electronic"
    genre_electronica:
        all:
            ambient: 0.0244647227228
            dnb: 0.182496696711
            house: 0.142013430595
            techno: 0.628176987171
            trance: 0.0228481777012
        probability: 0.628176987171
        value: "techno"
    genre_rosamerica:
        all:
            cla: 0.0010780277662
            dan: 0.950728058815
            hip: 0.0218655243516
            jaz: 0.00121519353706
            pop: 0.00504549965262
            rhy: 0.00801392924041
            roc: 0.0102248024195
            spe: 0.00182893662713
        probability: 0.950728058815
        value: "dan"
    genre_tzanetakis:
        all:
            blu: 0.00212012464181
            cla: 0.00192675343715
            cou: 0.00177840457764
            dis: 0.0991489216685
            hip: 0.242852181196
            jaz: 0.00311114615761
            met: 0.0189271811396
            pop: 0.441033959389
            reg: 0.173154637218
            roc: 0.0159466881305
        probability: 0.441033959389
        value: "pop"
    live_studio:
        all:
            live: 0.00995537173003
            studio: 0.990044653416
        probability: 0.990044653416
        value: "studio"
    mood:
        all:
            Cluster1: 0.360173523426
            Cluster2: 0.193844631314
            Cluster3: 0.0312591604888
            Cluster4: 0.0397157855332
            Cluster5: 0.375006884336
        probability: 0.375006884336
        value: "Cluster5"
    mood_acoustic:
        all:
            acoustic: 0.0499640516937
            not_acoustic: 0.95003592968
        probability: 0.95003592968
        value: "not_acoustic"
    mood_aggressive:
        all:
            aggressive: 0.245136022568
            not_aggressive: 0.754863977432
        probability: 0.754863977432
        value: "not_aggressive"
    mood_electronic:
        all:
            electronic: 0.971441805363
            not_electronic: 0.0285581685603
        probability: 0.971441805363
        value: "electronic"
    mood_happy:
        all:
            happy: 0.453847289085
            not_happy: 0.546152710915
        probability: 0.546152710915
        value: "not_happy"
    mood_party:
        all:
            not_party: 0.116112582386
            party: 0.883887410164
        probability: 0.883887410164
        value: "party"
    mood_relaxed:
        all:
            not_relaxed: 0.962036252022
            relaxed: 0.03796377033
        probability: 0.962036252022
        value: "not_relaxed"
    mood_sad:
        all:
            not_sad: 0.918948471546
            sad: 0.0810515135527
        probability: 0.918948471546
        value: "not_sad"
    rhythm:
        all:
            fast: 0.350168645382
            medium: 0.345989912748
            slow: 0.30384144187
        probability: 0.350168645382
        value: "fast"
    speech_music:
        all:
            music: 0.999994575977
            speech: 5.4448305491e-06
        probability: 0.999994575977
        value: "music"
    timbre:
        all:
            bright: 0.698734402657
            dark: 0.301265597343
        probability: 0.698734402657
        value: "bright"
    voice_instrumental:
        all:
            instrumental: 0.946454524994
            voice: 0.0535454638302
        probability: 0.946454524994
        value: "instrumental"

lowlevel:
    average_loudness: 0.979643583298
    barkbands_kurtosis:
        dmean: 6.57988500595
        dmean2: 10.4176588058
        dvar: 220.723693848
        dvar2: 527.563293457
        max: 172.204971313
        mean: 6.59452390671
        min: -1.90609550476
        var: 347.184844971
    barkbands_skewness:
        dmean: 1.07380282879
        dmean2: 1.6753731966
        dvar: 1.36037302017
        dvar2: 2.65432310104
        max: 11.1099586487
        mean: 1.44634509087
        min: -2.21776676178
        var: 4.17847967148
    barkbands_spread:
        dmean: 10.3239603043
        dmean2: 16.0501785278
        dvar: 92.6452941895
        dvar2: 183.944168091
        max: 73.1237411499
        mean: 32.5657691956
        min: 1.15840661526
        var: 331.367340088
    dissonance:
        dmean: 0.017952086404
        dmean2: 0.028961410746
        dvar: 0.000293593067909
        dvar2: 0.000627062167041
        max: 0.499999910593
        mean: 0.468310385942
        min: 0.304652273655
        var: 0.000623889965937
    hfc:
        dmean: 2.62687969208
        dmean2: 4.20185136795
        dvar: 14.6922330856
        dvar2: 35.7151374817
        max: 32.7637138367
        mean: 3.95118236542
        min: 0.0137365376577
        var: 18.5714302063
    pitch:
        dmean: 950.826965332
        dmean2: 1786.23669434
        dvar: 2138503
        dvar2: 4365325
        max: 4900
        mean: 1616.87976074
        min: 70.2229309082
        var: 3289302.75
    pitch_instantaneous_confidence:
        dmean: 0.0988089963794
        dmean2: 0.158320620656
        dvar: 0.00738855591044
        dvar2: 0.0193845666945
        max: 0.884346246719
        mean: 0.385261297226
        min: 0.112390577793
        var: 0.01441990491
    pitch_salience:
        dmean: 0.10894203186
        dmean2: 0.184216693044
        dvar: 0.012241108343
        dvar2: 0.0320060774684
        max: 0.947128593922
        mean: 0.567992627621
        min: 0.153829440475
        var: 0.0165539067239
    silence_rate_20dB:
        dmean: 0
        dmean2: 0
        dvar: 0
        dvar2: 0
        max: 1
        mean: 1
        min: 1
        var: 0
    silence_rate_30dB:
        dmean: 0
        dmean2: 0
        dvar: 0
        dvar2: 0
        max: 1
        mean: 1
        min: 1
        var: 0
    silence_rate_60dB:
        dmean: 0.208816707134
        dmean2: 0.41627907753
        dvar: 0.165212675929
        dvar2: 0.298803597689
        max: 1
        mean: 0.597222208977
        min: 0
        var: 0.240548312664
    spectral_centroid:
        dmean: 471.402648926
        dmean2: 740.651000977
        dvar: 276288.65625
        dvar2: 532331.625
        max: 4070.24731445
        mean: 1256.20007324
        min: 96.9621429443
        var: 919780.375
    spectral_complexity:
        dmean: 3.9906976223
        dmean2: 6.45687627792
        dvar: 35.4185180664
        dvar2: 93.7725524902
        max: 45
        mean: 7.17633390427
        min: 0
        var: 41.4213523865
    spectral_crest:
        dmean: 3.13875699043
        dmean2: 5.11775636673
        dvar: 7.27789115906
        dvar2: 18.206785202
        max: 22.9658508301
        mean: 9.59473228455
        min: 2.72285985947
        var: 14.7534894943
    spectral_decrease:
        dmean: 4.39824399123e-10
        dmean2: 6.76327827076e-10
        dvar: 2.80759161971e-19
        dvar2: 5.47341275423e-19
        max: -6.06971070627e-12
        mean: -7.77507336291e-10
        min: -3.9305794175e-09
        var: 4.98158770562e-19
    spectral_energy:
        dmean: 0.00183921912685
        dmean2: 0.00283328606747
        dvar: 4.78980655316e-06
        dvar2: 9.15737928153e-06
        max: 0.0151740061119
        mean: 0.00329287676141
        min: 2.41543420998e-05
        var: 8.55320195114e-06
    spectral_energyband_high:
        dmean: 0.000224553994485
        dmean2: 0.000361527141649
        dvar: 1.24026158232e-07
        dvar2: 2.94356254926e-07
        max: 0.00309431389906
        mean: 0.000324324908433
        min: 1.44994118045e-07
        var: 1.78679258056e-07
    spectral_energyband_low:
        dmean: 0.000750033534132
        dmean2: 0.00118193705566
        dvar: 1.72570162249e-06
        dvar2: 4.12864847021e-06
        max: 0.00914282724261
        mean: 0.00095401913859
        min: 4.72332601476e-07
        var: 2.05400351661e-06
    spectral_energyband_middle_high:
        dmean: 0.000589956471231
        dmean2: 0.000992025714368
        dvar: 8.77873276295e-07
        dvar2: 2.35157517636e-06
        max: 0.00582531234249
        mean: 0.000714375230018
        min: 2.62598291556e-06
        var: 8.03017428552e-07
    spectral_energyband_middle_low:
        dmean: 0.000896969693713
        dmean2: 0.00147766864393
        dvar: 1.87411285424e-06
        dvar2: 4.48680884801e-06
        max: 0.0098301814869
        mean: 0.00130014272872
        min: 9.71100780589e-06
        var: 2.33135301642e-06
    spectral_flatness_db:
        dmean: 0.0335419625044
        dmean2: 0.051725499332
        dvar: 0.00122600444593
        dvar2: 0.00235234643333
        max: 0.40069013834
        mean: 0.173462763429
        min: 0.0719645917416
        var: 0.00399005739018
    spectral_flux:
        dmean: 0.0153209809214
        dmean2: 0.0242577791214
        dvar: 0.000251605961239
        dvar2: 0.000441389594926
        max: 0.119846396148
        mean: 0.0370144695044
        min: 0.00491470657289
        var: 0.000475652865134
    spectral_kurtosis:
        dmean: 1.98993170261
        dmean2: 3.01810503006
        dvar: 9.34506988525
        dvar2: 21.3498020172
        max: 35.5617637634
        mean: 3.61312747002
        min: -0.161302804947
        var: 18.4696769714
    spectral_rms:
        dmean: 0.000498239707667
        dmean2: 0.000748581485823
        dvar: 2.3223120138e-07
        dvar2: 4.35809596411e-07
        max: 0.00384758459404
        mean: 0.0016361058224
        min: 0.000153509652591
        var: 5.35716310424e-07
    spectral_rolloff:
        dmean: 942.85333252
        dmean2: 1561.6340332
        dvar: 1196368
        dvar2: 2522919.75
        max: 5770.8984375
        mean: 2542.16821289
        min: 86.1328125
        var: 3104750.75
    spectral_skewness:
        dmean: 0.329274177551
        dmean2: 0.46021476388
        dvar: 0.14062269032
        dvar2: 0.272353500128
        max: 4.88604927063
        mean: 1.41073966026
        min: 0.509756088257
        var: 0.491341739893
    spectral_spread:
        dmean: 1072313.5
        dmean2: 1530783.875
        dvar: 1.12955857306e+12
        dvar2: 1.95225072435e+12
        max: 12315822
        mean: 5988077.5
        min: 2082357.875
        var: 3.95392109773e+12
    spectral_strongpeak:
        dmean: 0.237116992474
        dmean2: 0.417397260666
        dvar: 0.270549595356
        dvar2: 0.7289301157
        max: 4.44194984436
        mean: 0.274936556816
        min: 0.00336734438315
        var: 0.244480103254
    zerocrossingrate:
        dmean: 0.0164948217571
        dmean2: 0.0155362216756
        dvar: 0.000234170365729
        dvar2: 0.000191336104763
        max: 0.1982421875
        mean: 0.0775098353624
        min: 0.0048828125
        var: 0.00214583962224
    barkbands:
        dmean: [6.48827096938e-07, 0.000390684639569, 0.000512516824529, 0.000303594308207, 0.000387861742638, 0.000265442766249, 6.26812325208e-05, 7.24427882233e-05, 4.5787946874e-05, 9.54928837018e-05, 1.92054467334e-05, 3.33642965415e-05, 2.47289099207e-05, 4.46224876214e-05, 3.80392339139e-05, 5.62047935091e-05, 6.17692348897e-05, 0.000135106776725, 0.000106248015072, 0.000131869950565, 0.000121795426821, 4.80180060549e-05, 1.77330821316e-05, 6.7560554271e-06, 3.08063226839e-06, 1.0349123869e-07, 1.09983488983e-09]
        dmean2: [1.12567613542e-06, 0.000626357155852, 0.000912950839847, 0.00053700467106, 0.000663893180899, 0.000423427438363, 0.000108747248305, 0.000124053127365, 7.88609249867e-05, 0.000181000068551, 3.44440304616e-05, 5.6154334743e-05, 4.14519636251e-05, 7.1614740591e-05, 6.55185649521e-05, 9.5793948276e-05, 0.000103267542727, 0.000245721370447, 0.000173849519342, 0.000200515438337, 0.000205801174161, 7.71072664065e-05, 2.57860447164e-05, 9.59100088949e-06, 4.41774727733e-06, 1.57737332529e-07, 1.87775150984e-09]
        dvar: [1.39240539671e-12, 5.12125325258e-07, 1.45914634686e-06, 5.16853276622e-07, 3.80588460303e-07, 2.08969254345e-07, 2.08560138049e-08, 2.0966202996e-08, 6.68958399785e-09, 6.14278192757e-08, 1.18568788121e-09, 5.43434941491e-09, 1.94051308355e-09, 1.2522196613e-08, 4.41747083357e-09, 8.65035154618e-09, 1.19318750436e-08, 5.00536039283e-08, 3.94255117442e-08, 4.03312760966e-08, 3.89427086134e-08, 6.90787560487e-09, 9.8533814441e-10, 1.04784243782e-10, 3.07776616693e-11, 3.83411733623e-14, 1.21440279973e-17]
        dvar2: [4.05485410873e-12, 1.11040037609e-06, 4.02379782827e-06, 1.42072133258e-06, 1.00425722849e-06, 4.32906574588e-07, 5.81058685611e-08, 5.80434935671e-08, 1.79866930239e-08, 1.7452987322e-07, 3.23982707329e-09, 1.38446374365e-08, 4.69492311694e-09, 3.12382084644e-08, 1.17885239348e-08, 2.32704415737e-08, 3.07813117217e-08, 1.41777235285e-07, 1.04279514801e-07, 9.10247450747e-08, 1.03484246949e-07, 1.74472827297e-08, 2.11835460284e-09, 2.0029221337e-10, 6.46231401724e-11, 8.80594696554e-14, 2.35433254367e-17]
        max: [7.36115089239e-06, 0.0044378512539, 0.00834836810827, 0.0054099233821, 0.00409430218861, 0.00460511725396, 0.00161581416614, 0.00115176138934, 0.000524193921592, 0.0015608232934, 0.000240939218202, 0.000820148154162, 0.000308336573653, 0.00113896350376, 0.00053193239728, 0.000652570626698, 0.000661549798679, 0.00157247646712, 0.0015437604161, 0.00164584314916, 0.00159829773474, 0.000628098088782, 0.000212866347283, 7.37685477361e-05, 4.47373786301e-05, 1.91248341253e-06, 5.28133163868e-08]
        mean: [6.47066030979e-07, 0.000464156997623, 0.000489230151288, 0.000285565969534, 0.000463093660073, 0.00038029847201, 6.13130032434e-05, 5.76375859964e-05, 4.69384576718e-05, 5.96956306254e-05, 1.78390164365e-05, 3.48877365468e-05, 2.29184588534e-05, 5.00488858961e-05, 3.85958664992e-05, 6.42454760964e-05, 6.46660773782e-05, 0.000137447583256, 0.000118579882837, 0.000185182812857, 0.000157582850079, 5.613047324e-05, 2.18983259401e-05, 9.79347896646e-06, 4.35864785686e-06, 1.23317619227e-07, 9.60108437198e-10]
        min: [1.33868383045e-09, 1.17739062944e-07, 5.60807791317e-08, 6.78655638353e-08, 1.30046458935e-07, 4.37058069735e-08, 4.41223946268e-08, 8.10691425102e-09, 5.41156950362e-08, 9.35633508448e-08, 1.02965787008e-08, 1.12763816063e-08, 1.10565290257e-08, 2.11803872219e-08, 4.14074818877e-08, 4.04998381498e-08, 3.41393153747e-08, 2.8298850907e-07, 1.5590262592e-07, 1.54994395984e-07, 7.09926695208e-08, 1.30593083014e-08, 2.98468250115e-09, 1.97475147345e-09, 3.79874298684e-10, 5.10204205273e-11, 4.66231274508e-13]
        var: [1.17299312624e-12, 6.52977178106e-07, 9.87310613709e-07, 3.48913061998e-07, 4.24576342084e-07, 4.07277070735e-07, 1.56426498421e-08, 1.44904364063e-08, 5.7684532706e-09, 3.48842625897e-08, 1.04454633831e-09, 6.11797990047e-09, 1.9424044595e-09, 1.26008128376e-08, 4.02737487804e-09, 7.88196619084e-09, 1.1286171997e-08, 3.79700431097e-08, 3.97019199738e-08, 6.34943546629e-08, 4.53899069441e-08, 7.75965869337e-09, 1.41144995691e-09, 2.21598905892e-10, 5.11564540728e-11, 4.66023432951e-14, 1.02338983908e-17]
    mfcc:
        mean: [-763.652099609, 96.9188537598, -10.3695497513, 67.7580413818, -0.0216732565314, 7.35374879837, 1.66517114639, -0.884575128555, 0.190143570304, -1.21525728703, -5.04895353317, -4.54258680344, -8.96814823151]
        cov: [[7495.31347656, -1976.06848145, -403.806732178, -809.902038574, -648.794250488, -427.247772217, -477.934875488, -405.89666748, -321.650482178, -195.915145874, -204.823989868, 30.6300468445, 162.039276123], [-1976.06848145, 2294.08813477, -410.843231201, 219.366821289, 374.769104004, 273.236206055, 119.339981079, 42.1493110657, -149.270965576, -203.455062866, -37.6782035828, -9.03184127808, -3.19710993767], [-403.806732178, -410.843231201, 828.094848633, 256.34588623, 119.910575867, 71.5115585327, 52.7949752808, 29.0853767395, 54.895740509, 54.8975791931, 19.7126636505, -3.72634220123, 14.1661119461], [-809.902038574, 219.366821289, 256.34588623, 338.874633789, 213.201904297, 128.674438477, 101.546195984, 73.6439590454, 39.4670410156, 11.7023286819, 12.9038848877, -22.3625202179, -6.52782297134], [-648.794250488, 374.769104004, 119.910575867, 213.201904297, 240.954650879, 153.842071533, 108.196411133, 70.7622070312, 12.7410812378, -8.40426063538, 7.66877365112, -9.34640693665, 16.3783130646], [-427.247772217, 273.236206055, 71.5115585327, 128.674438477, 153.842071533, 176.612823486, 107.88444519, 76.6985321045, 8.2707157135, -9.7569026947, 19.3533725739, 3.81230139732, 29.0400886536], [-477.934875488, 119.339981079, 52.7949752808, 101.546195984, 108.196411133, 107.88444519, 176.816711426, 117.100082397, 60.627281189, 48.9595298767, 33.2922744751, -7.95534944534, 1.66311728954], [-405.89666748, 42.1493110657, 29.0853767395, 73.6439590454, 70.7622070312, 76.6985321045, 117.100082397, 187.132034302, 109.574371338, 65.3097381592, 42.6098480225, -15.3444013596, 15.5409183502], [-321.650482178, -149.270965576, 54.895740509, 39.4670410156, 12.7410812378, 8.2707157135, 60.627281189, 109.574371338, 141.071304321, 90.7606277466, 28.1256504059, -15.2088108063, -5.85432529449], [-195.915145874, -203.455062866, 54.8975791931, 11.7023286819, -8.40426063538, -9.7569026947, 48.9595298767, 65.3097381592, 90.7606277466, 128.221221924, 74.5997543335, 19.9307594299, -7.40036582947], [-204.823989868, -37.6782035828, 19.7126636505, 12.9038848877, 7.66877365112, 19.3533725739, 33.2922744751, 42.6098480225, 28.1256504059, 74.5997543335, 110.847579956, 50.0124092102, 9.39953899384], [30.6300468445, -9.03184127808, -3.72634220123, -22.3625202179, -9.34640693665, 3.81230139732, -7.95534944534, -15.3444013596, -15.2088108063, 19.9307594299, 50.0124092102, 86.7872238159, 39.2030448914], [162.039276123, -3.19710993767, 14.1661119461, -6.52782297134, 16.3783130646, 29.0400886536, 1.66311728954, 15.5409183502, -5.85432529449, -7.40036582947, 9.39953899384, 39.2030448914, 77.9571228027]]
        icov: [[0.000345162494341, 0.000382331287256, 0.000199513160624, 0.000349481095327, -0.000103848920844, -3.14291646646e-05, 0.000219350724365, -0.000170969113242, 0.000995056703687, -1.12327825263e-05, 0.000391199078877, 0.000294945784844, -0.000767656834796], [0.000382331287256, 0.00143250869587, 0.00087492284365, 0.000335417280439, -0.00175026035868, -0.000323774205754, 0.00034495870932, -0.000600660219789, 0.00147525081411, 0.00145388848614, 6.52375965728e-05, -0.000274675578112, 0.000112923124107], [0.000199513160624, 0.00087492284365, 0.0022969506681, -0.00159777584486, -0.000444166915258, -0.00060835207114, 0.000341144273989, 0.000454358611023, 0.000593335949816, -0.000266458606347, 0.000343967752997, 0.000122690093121, -0.00079183379421], [0.000349481095327, 0.000335417280439, -0.00159777584486, 0.00936495698988, -0.00735810538754, 0.000473863357911, 0.000232485719607, -0.000278114981484, -0.000768036174122, 0.00154258694965, -0.000879133003764, 0.000698590825778, 0.00162516918499], [-0.000103848920844, -0.00175026035868, -0.000444166915258, -0.00735810538754, 0.0187815949321, -0.00766608072445, -0.00178991653956, 0.000889908580575, 0.000613893498667, -0.00317036500201, 0.00206768070348, 0.00115950300824, -0.00270800152794], [-3.14291646646e-05, -0.000323774205754, -0.00060835207114, 0.000473863357911, -0.00766608072445, 0.0187193807214, -0.00635966518894, -0.00196658424102, 0.000578090199269, 0.00562202231959, -0.00390585535206, 0.000226522082812, -0.0036985008046], [0.000219350724365, 0.00034495870932, 0.000341144273989, 0.000232485719607, -0.00178991653956, -0.00635966518894, 0.0151311215013, -0.00673963595182, 0.00317783933133, -0.00594314327464, 0.00305542908609, -0.000896476383787, 0.00303844432347], [-0.000170969113242, -0.000600660219789, 0.000454358611023, -0.000278114981484, 0.000889908580575, -0.00196658424102, -0.00673963595182, 0.0191201381385, -0.0136324800551, 0.00380097632296, -0.00709208101034, 0.00638893945143, -0.00591804459691], [0.000995056703687, 0.00147525081411, 0.000593335949816, -0.000768036174122, 0.000613893498667, 0.000578090199269, 0.00317783933133, -0.0136324800551, 0.0294190533459, -0.0176561921835, 0.0103809898719, 0.00135534931906, -0.00127442739904], [-1.12327825263e-05, 0.00145388848614, -0.000266458606347, 0.00154258694965, -0.00317036500201, 0.00562202231959, -0.00594314327464, 0.00380097632296, -0.0176561921835, 0.0340200513601, -0.0178909339011, -0.00199083704501, 0.00326328957453], [0.000391199078877, 6.52375965728e-05, 0.000343967752997, -0.000879133003764, 0.00206768070348, -0.00390585535206, 0.00305542908609, -0.00709208101034, 0.0103809898719, -0.0178909339011, 0.0266033187509, -0.0117798671126, 0.0032200596761], [0.000294945784844, -0.000274675578112, 0.000122690093121, 0.000698590825778, 0.00115950300824, 0.000226522082812, -0.000896476383787, 0.00638893945143, 0.00135534931906, -0.00199083704501, -0.0117798671126, 0.0266532022506, -0.0142408581451], [-0.000767656834796, 0.000112923124107, -0.00079183379421, 0.00162516918499, -0.00270800152794, -0.0036985008046, 0.00303844432347, -0.00591804459691, -0.00127442739904, 0.00326328957453, 0.0032200596761, -0.0142408581451, 0.0247566848993]]
    spectral_contrast:
        mean: [-2.78070018567e-07, -4.45813952865e-07, -1.95469702646e-08, -1.27783508219e-07, -1.95927796653e-07, -4.97399696542e-07, 1.14939462037e-06, 5.22733444086e-07, -1.75591685547e-06, -1.94247536456e-06, 6.15960743744e-07, 1.12249654194e-06]
        var: [0.000243999893428, 0.000519598950632, 0.00111331627704, 0.00374755146913, 0.00507111568004, 0.00615162355825, 0.0445530712605, 0.0866065323353, 0.24739998579, 0.543904185295, 0.985244810581, 4.69138669968]

rhythm:
    beats_loudness:
        dmean: 0.00755940936506
        dmean2: 0.0142301209271
        dvar: 1.70620278368e-05
        dvar2: 4.5006549044e-05
        max: 0.0158766396344
        mean: 0.00936151575297
        min: 0.00153106776997
        var: 2.40649005718e-05
    beats_loudness_bass:
        dmean: 0.16553491354
        dmean2: 0.23743660748
        dvar: 0.0135842356831
        dvar2: 0.0337080731988
        max: 0.92807674408
        mean: 0.692791461945
        min: 0.412353783846
        var: 0.0180071312934
    bpm: 119.615341187
    bpm_confidence: 0
    first_peak_bpm: 120
    first_peak_spread: 0
    first_peak_weight: 0.947368443012
    onset_rate: 6.3968667984
    second_peak_bpm: 110
    second_peak_spread: 0
    second_peak_weight: 0.0526315793395
    beats_position: [0.0867332145572, 0.588484406471, 1.09023559093, 1.5919867754, 2.09373784065, 2.59548902512, 3.09724020958, 3.59899163246, 4.10074234009, 4.60249376297, 5.10424470901, 5.60599565506, 6.15007162094, 6.65153884888, 7.15300655365, 7.65447425842, 8.1559419632, 8.65740871429, 9.15887737274, 9.66034412384]
    bpm_estimates: [119.893051147, 119.585029602, 119.842666626, 119.851493835, 119.337997437, 119.236251831, 119.417396545, 119.437767029, 119.632911682, 119.859664917, 119.582305908, 119.878166199, 119.900604248, 119.547134399, 119.355636597, 119.508354187, 119.552505493, 119.657325745]
    bpm_intervals: [0.501751184464, 0.501751184464, 0.501751184464, 0.501751065254, 0.501751184464, 0.501751184464, 0.501751422882, 0.501750707626, 0.501751422882, 0.501750946045, 0.501750946045, 0.544075965881, 0.501467227936, 0.501467704773, 0.501467704773, 0.501467704773, 0.501466751099, 0.501468658447, 0.501466751099]
    onset_times: [0.0464399084449, 0.267029464245, 0.348299324512, 0.580498874187, 0.766258478165, 0.835918366909, 1.01006805897, 1.09133791924, 1.33514738083, 1.52090704441, 1.60217690468, 1.75310659409, 1.84598636627, 2.00852608681, 2.11301589012, 2.26394557953, 2.35682535172, 2.5890250206, 2.85605430603, 3.11147403717, 3.35528349876, 3.54104304314, 3.61070299149, 3.77324271202, 3.86612248421, 4.02866220474, 4.12154197693, 4.28408145905, 4.37696123123, 4.60916090012, 4.81814050674, 4.87619066238, 5.0387301445, 5.13160991669, 5.3754196167, 5.54956912994, 5.630838871, 5.79337882996, 5.88625860214, 6.03718805313, 6.14167785645, 6.3042178154, 6.38548755646, 6.62929725647, 6.88471651077, 7.14013624191, 7.38394546509, 7.56970500946, 7.65097522736, 7.81351470947, 7.89478445053, 8.06893444061, 8.15020370483, 8.32435417175, 8.4172334671, 8.64943313599, 8.82358264923, 8.90485286713, 9.16027164459, 9.4040813446, 9.58984088898, 9.65950107574, 9.81043052673, 9.91492080688]
    rubato_start: []
    rubato_stop: []
    perceptual_tempo: "unknown"

sfx:
    inharmonicity:
        dmean: 0.0465179085732
        dmean2: 0.0811750516295
        dvar: 0.00314133381471
        dvar2: 0.00850615371019
        max: 0.452348381281
        mean: 0.043492089957
        min: 0
        var: 0.00339835998602
    oddtoevenharmonicenergyratio:
        dmean: 1.68308377266
        dmean2: 3.22488307953
        dvar: 25.8768310547
        dvar2: 75.3916091919
        max: 45.6247024536
        mean: 1.09265458584
        min: 0
        var: 14.4414424896
    pitch_after_max_to_before_max_energy_ratio: 13.9832229614
    pitch_centroid: 217.322250366
    pitch_max_to_total: 0.0812064930797
    pitch_min_to_total: 0.102088168263
    tristimulus:
        dmean: [0.253131598234, 0.271256238222, 0.146984964609]
        dmean2: [0.437616765499, 0.473131477833, 0.255555152893]
        dvar: [0.0453302301466, 0.0460914336145, 0.0217572785914]
        dvar2: [0.116446316242, 0.132944941521, 0.0590032152832]
        max: [1, 0.975571572781, 0.772255122662]
        mean: [0.467658877373, 0.352269172668, 0.145150616765]
        min: [0.00335014145821, 0, 0]
        var: [0.0896740332246, 0.0706734657288, 0.0296587757766]

tonal:
    chords_changes_rate: 0.0276497695595
    chords_number_rate: 0.00921658985317
    chords_strength:
        dmean: 0.00856306310743
        dmean2: 0.0102784307674
        dvar: 5.03523478983e-05
        dvar2: 6.41466467641e-05
        max: 0.6368496418
        mean: 0.492134928703
        min: 0.308599561453
        var: 0.00573617080227
    key_strength: 0.637917935848
    tuning_diatonic_strength: 0.622625529766
    tuning_equal_tempered_deviation: 0.250926434994
    tuning_frequency: 436.204162598
    tuning_nontempered_energy_ratio: 0.900575339794
    hpcp:
        dmean: [0.0886005759239, 0.0843587741256, 0.0731982588768, 0.078241057694, 0.118702568114, 0.158480197191, 0.215231344104, 0.193694874644, 0.13793322444, 0.16889616847, 0.223607853055, 0.278951048851, 0.294304013252, 0.241565167904, 0.141649410129, 0.0983426272869, 0.123559601605, 0.138146132231, 0.109467044473, 0.124750681221, 0.206442937255, 0.265111386776, 0.236987695098, 0.157530888915, 0.121334269643, 0.159318372607, 0.200632542372, 0.256222844124, 0.230031892657, 0.162409722805, 0.145974099636, 0.132267102599, 0.188351333141, 0.230194658041, 0.175936624408, 0.136640697718]
        dmean2: [0.15813010931, 0.149925008416, 0.129988059402, 0.133043959737, 0.203895449638, 0.262331843376, 0.374088764191, 0.344208717346, 0.248916566372, 0.301381587982, 0.402386754751, 0.490145355463, 0.482019424438, 0.396860957146, 0.257040083408, 0.163739487529, 0.199330881238, 0.2184330374, 0.183470472693, 0.22224983573, 0.356659799814, 0.466503828764, 0.422862321138, 0.293265163898, 0.231295451522, 0.300871998072, 0.32932510972, 0.420568555593, 0.371928691864, 0.276444345713, 0.25092869997, 0.225054934621, 0.311949908733, 0.401248246431, 0.315467864275, 0.255720496178]
        dvar: [0.0178536381572, 0.021294888109, 0.0146976122633, 0.0190191734582, 0.0351327136159, 0.0415262319148, 0.0782636702061, 0.057976488024, 0.0422879196703, 0.0544798821211, 0.0718942582607, 0.0774210318923, 0.0762262046337, 0.0504255369306, 0.026449797675, 0.0169201139361, 0.0295605268329, 0.0358662195504, 0.0241506863385, 0.0414043031633, 0.0782431587577, 0.09449762851, 0.0804095938802, 0.0362360738218, 0.0375137589872, 0.056678198278, 0.0532392300665, 0.0716189518571, 0.0479784570634, 0.0389705225825, 0.0473092645407, 0.0379380993545, 0.0626800879836, 0.0904648974538, 0.0445999316871, 0.0464955382049]
        dvar2: [0.051342561841, 0.0592545568943, 0.0391714908183, 0.0399905368686, 0.0896630063653, 0.100110016763, 0.172499492764, 0.146287932992, 0.126071572304, 0.142154201865, 0.19484731555, 0.210616856813, 0.161557763815, 0.120250947773, 0.0706144198775, 0.0423324555159, 0.0601376071572, 0.0770543366671, 0.065791644156, 0.109793566167, 0.1892760396, 0.235712662339, 0.2223097682, 0.103013977408, 0.108799502254, 0.146204888821, 0.12696133554, 0.149230852723, 0.114562571049, 0.0994426161051, 0.122317165136, 0.0872013792396, 0.14044496417, 0.184224516153, 0.108536198735, 0.133344590664]
        max: [0.756240069866, 1, 0.679680764675, 1, 1, 1, 1, 1, 1, 1, 1, 1, 1, 1, 1, 0.740092158318, 1, 1, 0.909914016724, 1, 1, 1, 1, 1, 1, 1, 1, 1, 1, 1, 1, 1, 1, 1, 1, 1]
        mean: [0.0728421881795, 0.0744865164161, 0.0696100592613, 0.0853515565395, 0.120484486222, 0.172058954835, 0.231893762946, 0.198543131351, 0.131108045578, 0.136195719242, 0.177085265517, 0.286959260702, 0.406685054302, 0.325603634119, 0.152178630233, 0.0950485691428, 0.121237576008, 0.132729053497, 0.0968879237771, 0.102531008422, 0.187184438109, 0.257545262575, 0.22067515552, 0.124381735921, 0.0850408375263, 0.113708652556, 0.207228347659, 0.320069521666, 0.29350450635, 0.177511647344, 0.127213224769, 0.125118285418, 0.212155848742, 0.273432642221, 0.192435413599, 0.1041758582]
        min: [0.00010316461703, 0.000250932091149, 0.00062763231108, 0.000945678621065, 0.000753529719077, 0.000263782334514, 0.000188367281226, 0.000118542695418, 0.000178943490027, 0.000259168737102, 0.000516506785061, 0.00168192584533, 0.0021849819459, 0.00412236107513, 0.00233774096705, 0.000183651471161, 7.23255070625e-05, 6.83248290443e-05, 8.59947613208e-05, 0, 0.000595938879997, 0.000800411624368, 0.000130772561533, 0.000209277466638, 0.000161312389537, 0.000242858790443, 0.00193271937314, 0.00593354739249, 0.00990196224302, 0.00052737625083, 8.14061277197e-05, 8.32058212836e-05, 0.000301794905681, 0.00123585131951, 0.000943151419051, 0.000330628216034]
        var: [0.014182921499, 0.0157979410142, 0.0110943708569, 0.0187680777162, 0.0322258733213, 0.0493529438972, 0.0875117629766, 0.0581547468901, 0.0353214740753, 0.0481622926891, 0.0610382370651, 0.0852569565177, 0.123257599771, 0.0734295994043, 0.0254954211414, 0.0169153381139, 0.0361692197621, 0.0422992929816, 0.0205589774996, 0.0339663177729, 0.080796815455, 0.11487840116, 0.0883627533913, 0.0306533351541, 0.0234228316694, 0.0438253954053, 0.0628124028444, 0.0950801968575, 0.0704658776522, 0.0440608710051, 0.0469381436706, 0.0433044359088, 0.0817780569196, 0.128614768386, 0.0551636517048, 0.0325809419155]
    chords_histogram: [0.460829496384, 0, 1.84331798553, 0, 0, 0, 0, 97.695854187, 0, 0, 0, 0, 0, 0, 0, 0, 0, 0, 0, 0, 0, 0, 0, 0]
    thpcp: [1, 0.800628483295, 0.3741928339, 0.233715415001, 0.298111706972, 0.326368153095, 0.238238215446, 0.252114027739, 0.46026879549, 0.633279383183, 0.542619287968, 0.305842906237, 0.209107354283, 0.279598802328, 0.509554862976, 0.787020623684, 0.721699774265, 0.436484307051, 0.312805265188, 0.307653993368, 0.521671116352, 0.672344923019, 0.473180443048, 0.256158560514, 0.179112032056, 0.183155283332, 0.171164542437, 0.209871381521, 0.296259939671, 0.423076659441, 0.570204794407, 0.488198727369, 0.32238227129, 0.334892362356, 0.435435891151, 0.705605626106]
    chords_key: "F#"
    chords_scale: "major"
    key_key: "F#"
    key_scale: "minor"
    chords_progression: ["F#", "F#", "F#", "F#", "F#", "F#", "F#", "F#", "F#", "F#", "F#", "F#", "F#", "F#", "F#", "F#", "F#", "F#", "F#", "F#", "F#", "F#", "F#", "F#", "F#", "F#", "F#", "F#", "F#", "F#", "F#", "F#", "F#", "F#", "F#", "F#", "F#", "F#", "F#", "F#", "F#", "F#", "F#", "F#", "F#", "F#", "F#", "F#", "F#", "F#", "F#", "F#", "F#", "F#", "F#", "F#", "F#", "F#", "F#", "F#", "F#", "F#", "F#", "F#", "F#", "F#", "F#", "F#", "F#", "F#", "F#", "F#", "F#", "F#", "F#", "F#", "F#", "F#", "F#", "F#", "F#", "F#", "F#", "F#", "F#", "F#", "F#", "F#", "F#", "F#", "F#", "F#", "F#", "F#", "F#", "F#", "F#", "F#", "F#", "F#", "F#", "F#", "F#", "F#", "F#", "F#", "F#", "F#", "F#", "F#", "F#", "F#", "F#", "F#", "F#", "F#", "C#m", "F#", "F#", "F#", "C#m", "C#m", "C#m", "F#", "F#", "F#", "F#", "F#", "F#", "F#", "F#", "F#", "F#", "F#", "F#", "F#", "F#", "F#", "F#", "F#", "F#", "F#", "F#", "F#", "F#", "F#", "F#", "F#", "F#", "F#", "F#", "F#", "F#", "F#", "F#", "F#", "F#", "F#", "F#", "F#", "F#", "F#", "F#", "F#", "F#", "F#", "F#", "F#", "F#", "F#", "F#", "F#m", "F#", "F#", "F#", "F#", "F#", "F#", "F#", "F#", "F#", "F#", "F#", "F#", "F#", "F#", "F#", "F#", "F#", "F#", "F#", "F#", "F#", "F#", "F#", "F#", "F#", "F#", "F#", "F#", "F#", "F#", "F#", "F#", "F#", "F#", "F#", "F#", "F#", "F#", "F#", "F#", "F#", "F#", "F#", "F#", "F#"]
