
metadata:
    version:
        essentia: "1.2.2"
    audio_properties:
        analysis_sample_rate: 44100
        bitrate: 128
        channels: 2
        equal_loudness: 1
        length: 10.0571432114
        replay_gain: -6.14772415161
        downmix: "mix"
    tags:
        track: 15
        year: 0
        album: "Splitted by Mp3Splt v. 2.1"
        artist: "From 002.20 To 002.30"
        comment: "http://mp3splt.sf.net"
        genre: ""
        title: "10 Here and Now [-].mp3"

highlevel:
    ballroom:
        all:
            ChaChaCha: 0.0558760650456
            Jive: 0.645230531693
            Quickstep: 0.00738598126918
            Rumba-American: 0.000783142226283
            Rumba-International: 0.0144543219358
            Rumba-Misc: 0.00322289997712
            Samba: 0.232910454273
            Tango: 0.00309851625934
            VienneseWaltz: 0.0322901159525
            Waltz: 0.00474797189236
        probability: 0.645230531693
        value: "Jive"
    culture:
        all:
            non_western: 0.024812605232
            western: 0.975187420845
        probability: 0.975187420845
        value: "western"
    gender:
        all:
            female: 0.292638123035
            male: 0.707361876965
        probability: 0.707361876965
        value: "male"
    genre_dortmund:
        all:
            alternative: 0.103461623192
            blues: 0.0135499527678
            electronic: 0.0121763180941
            folkcountry: 0.0165165234357
            funksoulrnb: 0.00241668103263
            jazz: 0.056020963937
            pop: 0.0111999800429
            raphiphop: 0.000647974142339
            rock: 0.784009993076
        probability: 0.784009993076
        value: "rock"
    genre_electronica:
        all:
            ambient: 0.123552128673
            dnb: 0.283220618963
            house: 0.0481823384762
            techno: 0.122201308608
            trance: 0.42284360528
        probability: 0.42284360528
        value: "trance"
    genre_rosamerica:
        all:
            cla: 0.00346779730171
            dan: 0.0068006394431
            hip: 0.00154324504547
            jaz: 0.00113474077079
            pop: 0.00260599306785
            rhy: 0.00417211838067
            roc: 0.979742288589
            spe: 0.000533187994733
        probability: 0.979742288589
        value: "roc"
    genre_tzanetakis:
        all:
            blu: 0.0121394470334
            cla: 0.00912506971508
            cou: 0.122066676617
            dis: 0.0217372216284
            hip: 0.0171790011227
            jaz: 0.0190938021988
            met: 0.658538937569
            pop: 0.0162577703595
            reg: 0.00726431049407
            roc: 0.116597749293
        probability: 0.658538937569
        value: "met"
    live_studio:
        all:
            live: 0.00505808461457
            studio: 0.99494189024
        probability: 0.99494189024
        value: "studio"
    mood:
        all:
            Cluster1: 0.318920373917
            Cluster2: 0.0471040308475
            Cluster3: 0.0941379293799
            Cluster4: 0.0158850010484
            Cluster5: 0.523952662945
        probability: 0.523952662945
        value: "Cluster5"
    mood_acoustic:
        all:
            acoustic: 0.00853733997792
            not_acoustic: 0.991462647915
        probability: 0.991462647915
        value: "not_acoustic"
    mood_aggressive:
        all:
            aggressive: 0.990057528019
            not_aggressive: 0.00994244497269
        probability: 0.990057528019
        value: "aggressive"
    mood_electronic:
        all:
            electronic: 0.364499151707
            not_electronic: 0.635500848293
        probability: 0.635500848293
        value: "not_electronic"
    mood_happy:
        all:
            happy: 0.374853670597
            not_happy: 0.625146329403
        probability: 0.625146329403
        value: "not_happy"
    mood_party:
        all:
            not_party: 0.553063929081
            party: 0.446936100721
        probability: 0.553063929081
        value: "not_party"
    mood_relaxed:
        all:
            not_relaxed: 0.268913298845
            relaxed: 0.731086671352
        probability: 0.731086671352
        value: "relaxed"
    mood_sad:
        all:
            not_sad: 0.8987185359
            sad: 0.101281441748
        probability: 0.8987185359
        value: "not_sad"
    rhythm:
        all:
            fast: 0.933419942856
            medium: 0.0164586305618
            slow: 0.0501214191318
        probability: 0.933419942856
        value: "fast"
    speech_music:
        all:
            music: 0.999896407127
            speech: 0.000103593964013
        probability: 0.999896407127
        value: "music"
    timbre:
        all:
            bright: 0.871289551258
            dark: 0.128710433841
        probability: 0.871289551258
        value: "bright"
    voice_instrumental:
        all:
            instrumental: 0.995304346085
            voice: 0.00469563249499
        probability: 0.995304346085
        value: "instrumental"

lowlevel:
    average_loudness: 0.973509430885
    barkbands_kurtosis:
        dmean: 0.483879178762
        dmean2: 0.830958425999
        dvar: 0.544905304909
        dvar2: 1.41955459118
        max: 4.34570646286
        mean: -1.3461997509
        min: -1.8519064188
        var: 0.513658046722
    barkbands_skewness:
        dmean: 0.428339183331
        dmean2: 0.685639679432
        dvar: 0.151371508837
        dvar2: 0.394920200109
        max: 2.34490919113
        mean: 0.0317557826638
        min: -1.67201840878
        var: 0.382595390081
    barkbands_spread:
        dmean: 4.88181352615
        dmean2: 7.91952085495
        dvar: 18.4572677612
        dvar2: 53.0078430176
        max: 56.1818275452
        mean: 41.5680351257
        min: 14.4679517746
        var: 34.0421829224
    dissonance:
        dmean: 0.00882941484451
        dmean2: 0.0140915280208
        dvar: 0.000443520431872
        dvar2: 0.000459941104054
        max: 0.499908775091
        mean: 0.482241511345
        min: 0.0350991636515
        var: 0.00053465453675
    hfc:
        dmean: 2.66366887093
        dmean2: 4.2457447052
        dvar: 9.74074649811
        dvar2: 22.8166427612
        max: 28.7402858734
        mean: 9.32641792297
        min: 9.35048956308e-06
        var: 22.5881328583
    pitch:
        dmean: 787.200683594
        dmean2: 1517.36340332
        dvar: 1543772.875
        dvar2: 3394200.25
        max: 4009.09082031
        mean: 2175.09008789
        min: 93.630569458
        var: 2052540.75
    pitch_instantaneous_confidence:
        dmean: 0.0801815539598
        dmean2: 0.13140283525
        dvar: 0.00378215033561
        dvar2: 0.0102685810998
        max: 0.712503910065
        mean: 0.44139662385
        min: 0.172684848309
        var: 0.00937460642308
    pitch_salience:
        dmean: 0.0553485266864
        dmean2: 0.0896724164486
        dvar: 0.00211633020081
        dvar2: 0.00529884360731
        max: 0.979134142399
        mean: 0.613982081413
        min: 0.349903821945
        var: 0.00649641919881
    silence_rate_20dB:
        dmean: 0
        dmean2: 0
        dvar: 0
        dvar2: 0
        max: 1
        mean: 1
        min: 1
        var: 0
    silence_rate_30dB:
        dmean: 0
        dmean2: 0
        dvar: 0
        dvar2: 0
        max: 1
        mean: 1
        min: 1
        var: 0
    silence_rate_60dB:
        dmean: 0.055299539119
        dmean2: 0.110854506493
        dvar: 0.0522414334118
        dvar2: 0.121660299599
        max: 1
        mean: 0.0528735630214
        min: 0
        var: 0.0500780902803
    spectral_centroid:
        dmean: 300.229980469
        dmean2: 470.54095459
        dvar: 73770.96875
        dvar2: 179912.59375
        max: 2974.76660156
        mean: 1611.03686523
        min: 449.375244141
        var: 198347.6875
    spectral_complexity:
        dmean: 3.57967662811
        dmean2: 5.79166650772
        dvar: 13.9064779282
        dvar2: 30.7343578339
        max: 35
        mean: 16.9423961639
        min: 0
        var: 37.1787261963
    spectral_crest:
        dmean: 1.64317512512
        dmean2: 2.69917607307
        dvar: 2.18329524994
        dvar2: 5.9981713295
        max: 14.2969837189
        mean: 6.94439411163
        min: 3.38708305359
        var: 4.920358181
    spectral_decrease:
        dmean: 3.75762032601e-10
        dmean2: 6.46160958073e-10
        dvar: 3.40010677935e-19
        dvar2: 9.70178633768e-19
        max: -7.80089657032e-16
        mean: -1.3107558372e-09
        min: -4.10161193898e-09
        var: 3.12215961787e-19
    spectral_energy:
        dmean: 0.00158640404698
        dmean2: 0.00272802147083
        dvar: 5.67656024941e-06
        dvar2: 1.59255014296e-05
        max: 0.0177408140153
        mean: 0.00579302757978
        min: 3.79235753911e-09
        var: 5.76777074457e-06
    spectral_energyband_high:
        dmean: 0.000180028626346
        dmean2: 0.000290271302219
        dvar: 8.50134824759e-08
        dvar2: 2.08501958809e-07
        max: 0.0027239206247
        mean: 0.000320988619933
        min: 5.49379652881e-10
        var: 1.18668495475e-07
    spectral_energyband_low:
        dmean: 0.000678699754644
        dmean2: 0.00123070937116
        dvar: 2.28450426221e-06
        dvar2: 6.45999944027e-06
        max: 0.00917695648968
        mean: 0.000721943681128
        min: 1.3666921761e-10
        var: 1.45857893585e-06
    spectral_energyband_middle_high:
        dmean: 0.00070685747778
        dmean2: 0.00112526630983
        dvar: 5.28186603788e-07
        dvar2: 1.27786529447e-06
        max: 0.00745055638254
        mean: 0.00259795133024
        min: 2.47409914778e-09
        var: 1.63310608059e-06
    spectral_energyband_middle_low:
        dmean: 0.000710249762051
        dmean2: 0.00117913086433
        dvar: 5.90477952755e-07
        dvar2: 1.72400757492e-06
        max: 0.0069265444763
        mean: 0.00215212628245
        min: 6.09246042504e-10
        var: 9.28338579342e-07
    spectral_flatness_db:
        dmean: 0.01491453778
        dmean2: 0.0231803674251
        dvar: 0.000160259092809
        dvar2: 0.000403332844144
        max: 0.200955823064
        mean: 0.156080260873
        min: 0.0359863825142
        var: 0.000431332795415
    spectral_flux:
        dmean: 0.00890855584294
        dmean2: 0.0144102647901
        dvar: 0.000129519539769
        dvar2: 0.000228826116654
        max: 0.100339226425
        mean: 0.0420859307051
        min: 6.15821190877e-05
        var: 0.000216086598812
    spectral_kurtosis:
        dmean: 1.29617202282
        dmean2: 2.24801850319
        dvar: 1.73416352272
        dvar2: 5.4213809967
        max: 11.5698013306
        mean: 4.15476846695
        min: 1.50807619095
        var: 2.14671015739
    spectral_rms:
        dmean: 0.000309299590299
        dmean2: 0.000515086052474
        dvar: 1.71616932221e-07
        dvar2: 4.59526887653e-07
        max: 0.00416030175984
        mean: 0.00233020121232
        min: 1.92350239558e-06
        var: 2.21905082753e-07
    spectral_rolloff:
        dmean: 315.538391113
        dmean2: 535.787963867
        dvar: 162898.140625
        dvar2: 449954
        max: 4457.37304688
        mean: 3201.60375977
        min: 301.46484375
        var: 217570.1875
    spectral_skewness:
        dmean: 0.184843108058
        dmean2: 0.304441958666
        dvar: 0.031110631302
        dvar2: 0.0854046866298
        max: 2.94137215614
        mean: 1.26488769054
        min: 0.600008249283
        var: 0.0589370764792
    spectral_spread:
        dmean: 521262.96875
        dmean2: 699216.125
        dvar: 1.2705497088e+12
        dvar2: 1.28309015347e+12
        max: 23059650
        mean: 4066602
        min: 2481120.5
        var: 2.32776767898e+12
    spectral_strongpeak:
        dmean: 0.480393052101
        dmean2: 0.86699706316
        dvar: 0.761276841164
        dvar2: 1.94485867023
        max: 5.96894931793
        mean: 0.510904014111
        min: 2.57876763499e-05
        var: 0.736610472202
    zerocrossingrate:
        dmean: 0.00881725456566
        dmean2: 0.0107331452891
        dvar: 5.70417942072e-05
        dvar2: 7.53511703806e-05
        max: 0.14208984375
        mean: 0.0949583277106
        min: 0.0078125
        var: 0.000286192604108
    barkbands:
        dmean: [1.16911496661e-06, 0.000175070817932, 0.000552084355149, 0.000476076849736, 0.000393651163904, 6.74052134855e-05, 4.57802598248e-05, 9.14820629987e-05, 4.99139059684e-05, 3.41855047736e-05, 1.7763741198e-05, 1.28212477648e-05, 1.9901244741e-05, 2.42447149503e-05, 5.36807565368e-05, 0.000151932923472, 0.000292468932457, 0.000262241461314, 0.000300744635751, 0.000166331286891, 9.21778337215e-05, 1.75120567292e-05, 1.98021598408e-06, 1.06716777282e-06, 5.78833237341e-07, 5.17857685622e-08, 3.21944226833e-09]
        dmean2: [1.67302482623e-06, 0.000316920457408, 0.00100169237703, 0.000803087779786, 0.000639482168481, 0.000107036990812, 6.94997797837e-05, 0.000122016856039, 7.31673644623e-05, 5.01398280903e-05, 2.87148432108e-05, 2.19774974539e-05, 3.3338816138e-05, 4.11646942666e-05, 9.11044771783e-05, 0.000251623307122, 0.000472412793897, 0.000434705783846, 0.000505009200424, 0.00026710703969, 0.00015150209947, 2.83519766526e-05, 3.20566505252e-06, 1.73054297647e-06, 8.96733183708e-07, 8.10198415024e-08, 4.96424457097e-09]
        dvar: [2.55116175581e-12, 1.09614262556e-07, 1.45772935412e-06, 3.23084691445e-07, 1.5411212928e-07, 5.01388974783e-09, 4.24906954066e-09, 1.42577869511e-08, 3.64669361375e-09, 1.48776369002e-09, 2.63995658667e-10, 1.95835916927e-10, 4.76115313841e-10, 8.85795548022e-10, 4.78118478142e-09, 2.07282440101e-08, 9.09069584054e-08, 7.94730325993e-08, 1.14847964028e-07, 5.81957770862e-08, 2.20342251112e-08, 7.87344245357e-10, 1.05126211555e-11, 3.62168346528e-12, 1.16336768777e-12, 1.00810634187e-14, 1.50228789437e-15]
        dvar2: [4.77848620048e-12, 3.13661473683e-07, 4.09264112022e-06, 9.36623962389e-07, 3.84243463714e-07, 1.34951845254e-08, 9.89212356473e-09, 2.6732482894e-08, 7.08131464577e-09, 3.15039017096e-09, 6.74050204541e-10, 5.31931443337e-10, 1.26542698542e-09, 2.43109221643e-09, 1.26473063133e-08, 5.58551427332e-08, 2.50842532523e-07, 2.07982537859e-07, 2.96366465591e-07, 1.40211724897e-07, 5.5591186765e-08, 1.99764782494e-09, 2.46897988165e-11, 9.11448694296e-12, 2.64948631611e-12, 2.39175642995e-14, 3.76810695751e-15]
        max: [1.19841670312e-05, 0.0018765743589, 0.00790328253061, 0.00438808742911, 0.00321026518941, 0.000791031285189, 0.000851736636832, 0.00137792527676, 0.000732946326025, 0.000381959689548, 0.000122351542814, 0.000140151227242, 0.000287135277176, 0.000285352551145, 0.000612832256593, 0.00128959037829, 0.00321885780431, 0.00298288138583, 0.00298847816885, 0.00226225890219, 0.00124585151207, 0.000210346333915, 4.0522787458e-05, 1.96753717319e-05, 1.49402967509e-05, 7.03363866705e-07, 5.72442502289e-07]
        mean: [1.63834772593e-06, 0.000208732104511, 0.000511595862918, 0.000748386431951, 0.000900131999515, 0.000135736336233, 9.0052766609e-05, 0.000167233287357, 0.000103710655821, 6.2035760493e-05, 2.64762602455e-05, 2.07272732951e-05, 3.44012005371e-05, 4.19748248532e-05, 8.25943352538e-05, 0.000288869458018, 0.000634486030322, 0.000582160369959, 0.000675505958498, 0.000293579389108, 0.000149592495291, 2.69993415714e-05, 3.67941379409e-06, 1.70217560935e-06, 9.62933427218e-07, 6.66624941914e-08, 1.81308434932e-09]
        min: [3.68358538116e-11, 6.60522400664e-11, 5.19183238068e-11, 5.35025773685e-11, 1.31823871263e-10, 1.32774582995e-10, 1.15653500665e-10, 7.10894676459e-11, 8.51882661634e-11, 1.49180709452e-10, 1.33464253538e-10, 8.14818490458e-11, 1.96734659813e-11, 6.57238707902e-11, 3.40310668534e-10, 4.75283090662e-10, 4.51881920771e-10, 2.76072498195e-10, 2.73438521825e-10, 4.27287122351e-10, 1.36585048827e-10, 1.17084064666e-10, 2.90801254604e-11, 1.66615575503e-11, 2.30417594727e-11, 1.46729538242e-11, 5.41197241102e-13]
        var: [4.43943493078e-12, 7.95326116076e-08, 9.39093752095e-07, 5.28165571723e-07, 3.43732438068e-07, 1.58755657509e-08, 1.04448165672e-08, 3.88101533133e-08, 1.03004662577e-08, 3.72628372602e-09, 4.22091972485e-10, 3.01065505859e-10, 7.43061168151e-10, 1.32808719577e-09, 5.86192605567e-09, 3.51605038418e-08, 2.05659063113e-07, 2.16998273572e-07, 2.07745117109e-07, 8.53885069318e-08, 3.08235499347e-08, 1.0151948171e-09, 1.79160835473e-11, 4.76989368142e-12, 2.2528593574e-12, 1.19577614751e-14, 7.52807890471e-16]
    mfcc:
        mean: [-703.657775879, 114.165611267, -50.1680450439, 82.1809844971, 0.374062895775, -11.8994541168, -0.609453499317, 4.99271583557, 4.40522813797, -5.03918409348, -5.38261461258, -5.64408731461, -10.212053299]
        cov: [[2381.92700195, -130.631057739, 72.9097213745, 93.986289978, -24.4136695862, 33.2690887451, -4.44751834869, -66.5205383301, -44.102104187, -34.2561302185, 88.6757888794, 41.4629096985, -46.0764007568], [-130.631057739, 346.444152832, -121.890159607, 36.9659385681, 8.34246253967, -19.9709300995, -30.2946376801, 17.1927223206, 2.72559547424, -9.36269569397, -22.137134552, -11.7356872559, -5.9938416481], [72.9097213745, -121.890159607, 172.178024292, -6.13319301605, 32.9222488403, 36.8458442688, 33.1421661377, 2.26745057106, -1.22215557098, 12.6176452637, 9.93699169159, 9.26082324982, 11.630563736], [93.986289978, 36.9659385681, -6.13319301605, 100.225875854, 1.00146853924, 26.2115821838, 20.9390869141, -1.95030641556, 6.25142240524, -0.809528291225, -0.263262599707, -3.91014671326, -5.24302816391], [-24.4136695862, 8.34246253967, 32.9222488403, 1.00146853924, 91.1862716675, 17.2213859558, 11.3560581207, 12.6566829681, -16.351020813, 0.0557270534337, -2.91917991638, 0.0282963905483, 3.02966022491], [33.2690887451, -19.9709300995, 36.8458442688, 26.2115821838, 17.2213859558, 83.4224319458, 32.1063270569, -10.2791223526, 8.9159116745, 7.42719936371, 1.62751543522, -1.06557238102, 8.27784633636], [-4.44751834869, -30.2946376801, 33.1421661377, 20.9390869141, 11.3560581207, 32.1063270569, 53.9796333313, 16.9391746521, 9.27680778503, 11.3561630249, -2.43039941788, -2.84140872955, -1.11921060085], [-66.5205383301, 17.1927223206, 2.26745057106, -1.95030641556, 12.6566829681, -10.2791223526, 16.9391746521, 47.7670135498, 20.0971813202, 10.0592985153, -7.06308937073, -7.97851848602, -4.06166362762], [-44.102104187, 2.72559547424, -1.22215557098, 6.25142240524, -16.351020813, 8.9159116745, 9.27680778503, 20.0971813202, 57.6628723145, 28.987071991, -9.68560409546, -7.1090221405, 3.74127244949], [-34.2561302185, -9.36269569397, 12.6176452637, -0.809528291225, 0.0557270534337, 7.42719936371, 11.3561630249, 10.0592985153, 28.987071991, 46.1304969788, 8.0652256012, -1.30583572388, 3.32907414436], [88.6757888794, -22.137134552, 9.93699169159, -0.263262599707, -2.91917991638, 1.62751543522, -2.43039941788, -7.06308937073, -9.68560409546, 8.0652256012, 52.4380722046, 26.7611732483, -0.666528940201], [41.4629096985, -11.7356872559, 9.26082324982, -3.91014671326, 0.0282963905483, -1.06557238102, -2.84140872955, -7.97851848602, -7.1090221405, -1.30583572388, 26.7611732483, 42.6827201843, 14.889333725], [-46.0764007568, -5.9938416481, 11.630563736, -5.24302816391, 3.02966022491, 8.27784633636, -1.11921060085, -4.06166362762, 3.74127244949, 3.32907414436, -0.666528940201, 14.889333725, 39.7633590698]]
        icov: [[0.000516627042089, 0.000146477352246, -0.000223353854381, -0.000544969516341, 5.49265423615e-05, -3.93583650293e-05, 0.000248491531238, 0.000433123524999, -0.000151518717757, 0.000476456363685, -0.000695535796694, -0.000185947326827, 0.00070178124588], [0.000146477352246, 0.00474025774747, 0.00300985877402, -0.00232422002591, -0.000885496556293, -0.00136051734444, 0.0037986128591, -0.00342286145315, 0.00143092684448, -0.00104992138222, 0.00192723539658, -0.00121289305389, 0.000245164090302], [-0.000223353854381, 0.00300985877402, 0.00976109970361, 0.000527752272319, -0.00275290268473, -0.00223121396266, -0.00214660190977, -0.00116099987645, 0.00107269186992, -0.00172263255809, 0.000403443904361, -0.000980332610197, -0.0016782268649], [-0.000544969516341, -0.00232422002591, 0.000527752272319, 0.0136735150591, -0.000322628620779, -0.00142305716872, -0.00727029517293, 0.00386056769639, -0.00338768516667, 0.00284047285095, -0.00178400543518, 0.00166042009369, 0.000606549263466], [5.49265423615e-05, -0.000885496556293, -0.00275290268473, -0.000322628620779, 0.016209019348, -0.00569294113666, 0.00354935508221, -0.00973444711417, 0.0113383168355, -0.005141524598, 0.00403055455536, -0.00227184058167, 3.04528166453e-05], [-3.93583650293e-05, -0.00136051734444, -0.00223121396266, -0.00142305716872, -0.00569294113666, 0.0238239243627, -0.016125081107, 0.0159776508808, -0.0105762481689, 0.00512898154557, -0.00575742078945, 0.00628513749689, -0.00501765543595], [0.000248491531238, 0.0037986128591, -0.00214660190977, -0.00727029517293, 0.00354935508221, -0.016125081107, 0.0409363098443, -0.0219675302505, 0.0104758087546, -0.00979803688824, 0.00799338892102, -0.006464027334, 0.00491365324706], [0.000433123524999, -0.00342286145315, -0.00116099987645, 0.00386056769639, -0.00973444711417, 0.0159776508808, -0.0219675302505, 0.044375859201, -0.0214612297714, 0.00803100597113, -0.00690366700292, 0.00724285840988, 0.000683632912114], [-0.000151518717757, 0.00143092684448, 0.00107269186992, -0.00338768516667, 0.0113383168355, -0.0105762481689, 0.0104758087546, -0.0214612297714, 0.0429191328585, -0.0259197950363, 0.014048602432, -0.00578011386096, -0.000748080143239], [0.000476456363685, -0.00104992138222, -0.00172263255809, 0.00284047285095, -0.005141524598, 0.00512898154557, -0.00979803688824, 0.00803100597113, -0.0259197950363, 0.042020779103, -0.0170893967152, 0.00992035958916, -0.00393965328112], [-0.000695535796694, 0.00192723539658, 0.000403443904361, -0.00178400543518, 0.00403055455536, -0.00575742078945, 0.00799338892102, -0.00690366700292, 0.014048602432, -0.0170893967152, 0.0397842004895, -0.0266720168293, 0.0103057129309], [-0.000185947326827, -0.00121289305389, -0.000980332610197, 0.00166042009369, -0.00227184058167, 0.00628513749689, -0.006464027334, 0.00724285840988, -0.00578011386096, 0.00992035958916, -0.0266720168293, 0.0473972856998, -0.0189517084509], [0.00070178124588, 0.000245164090302, -0.0016782268649, 0.000606549263466, 3.04528166453e-05, -0.00501765543595, 0.00491365324706, 0.000683632912114, -0.000748080143239, -0.00393965328112, 0.0103057129309, -0.0189517084509, 0.0354895740747]]
    spectral_contrast:
        mean: [2.87637050178e-07, 3.56683671043e-07, -8.21495191872e-08, -2.71053494316e-07, 9.52781604724e-08, 2.71070661029e-07, 3.5805362586e-06, 1.71634599155e-06, -2.15606746679e-06, 3.0240430533e-06, 1.30251260089e-06, 9.84437974694e-07]
        var: [0.000376053329092, 0.000566224334762, 0.000689887499902, 0.00141740753315, 0.00284114526585, 0.00299202883616, 0.033829767257, 0.0528823621571, 0.0816998779774, 0.172576844692, 0.216828584671, 1.06977617741]

rhythm:
    beats_loudness:
        dmean: 0.000620073813479
        dmean2: 0.00105007074308
        dvar: 2.15595534314e-07
        dvar2: 5.38569224773e-07
        max: 0.00723313074559
        mean: 0.00425654882565
        min: 0.00312160281464
        var: 1.17975787362e-06
    beats_loudness_bass:
        dmean: 0.0825592055917
        dmean2: 0.151467874646
        dvar: 0.00455815764144
        dvar2: 0.0107796061784
        max: 0.523963749409
        mean: 0.412567913532
        min: 0.250398010015
        var: 0.00594707857817
    bpm: 124.19392395
    bpm_confidence: 0
    first_peak_bpm: 124
    first_peak_spread: 0
    first_peak_weight: 0.947368443012
    onset_rate: 3.77840924263
    second_peak_bpm: 63
    second_peak_spread: 0
    second_peak_weight: 0.0526315793395
    beats_position: [0.151171922684, 0.634797394276, 1.11842274666, 1.60204827785, 2.08567357063, 2.56929922104, 3.05292439461, 3.53654956818, 4.02017498016, 4.50380039215, 4.9874253273, 5.47105073929, 6.41873645782, 6.90141487122, 7.38409376144, 7.86677217484, 8.34945011139, 8.83212852478, 9.31480693817, 9.79748535156]
    bpm_estimates: [124.264427185, 123.639724731, 124.878120422, 125.83354187, 123.54083252, 123.143714905, 123.474525452, 123.732940674, 124.103500366, 124.418922424, 124.323799133, 124.669555664, 124.443405151, 123.655990601, 124.610740662, 123.701148987, 124.37853241, 124.207801819, 124.66342926]
    bpm_intervals: [0.483625471592, 0.483625352383, 0.483625531197, 0.483625292778, 0.483625650406, 0.483625173569, 0.483625173569, 0.483625411987, 0.483625411987, 0.48362493515, 0.483625411987, 0.947685718536, 0.482678413391, 0.482678890228, 0.482678413391, 0.482677936554, 0.482678413391, 0.482678413391, 0.482678413391]
    onset_times: [0.0464399084449, 0.406349211931, 0.626938760281, 0.847528338432, 1.10294783115, 1.39319729805, 1.98530614376, 2.33360552788, 2.56580495834, 2.80961441994, 3.04181408882, 3.29723358154, 3.52943301201, 3.94739222527, 4.27247142792, 4.49306106567, 4.74848079681, 4.96907043457, 5.23609972, 5.44507932663, 5.73532867432, 5.85142850876, 5.93269824982, 6.21133804321, 6.40870761871, 6.65251684189, 6.90793657303, 7.14013624191, 7.38394546509, 7.79029464722, 8.13859367371, 8.35918331146, 8.60299301147, 8.85841274261, 9.10222244263, 9.33442211151, 9.58984088898, 9.75238132477]
    rubato_start: []
    rubato_stop: []
    perceptual_tempo: "unknown"

sfx:
    inharmonicity:
        dmean: 0.0629165396094
        dmean2: 0.113742113113
        dvar: 0.00447696773335
        dvar2: 0.0131894191727
        max: 0.4559866786
        mean: 0.0647493898869
        min: 0
        var: 0.00421981886029
    oddtoevenharmonicenergyratio:
        dmean: 3.25961375237
        dmean2: 6.17048549652
        dvar: 135.023574829
        dvar2: 395.905517578
        max: 139.913543701
        mean: 2.0656979084
        min: 0
        var: 73.3510665894
    pitch_after_max_to_before_max_energy_ratio: 1.2820930481
    pitch_centroid: 200.276046753
    pitch_max_to_total: 0.391705065966
    pitch_min_to_total: 0.824884772301
    tristimulus:
        dmean: [0.206159412861, 0.331853687763, 0.161640435457]
        dmean2: [0.36398139596, 0.589484393597, 0.2921859622]
        dvar: [0.0375854372978, 0.0667440593243, 0.0224505346268]
        dvar2: [0.110028401017, 0.174990460277, 0.0603673607111]
        max: [1, 0.963575363159, 0.712609767914]
        mean: [0.304136574268, 0.414744764566, 0.153659597039]
        min: [0.0288075488061, 0, 0]
        var: [0.0452643334866, 0.0858394429088, 0.0256671570241]

tonal:
    chords_changes_rate: 0.0596330277622
    chords_number_rate: 0.0275229364634
    chords_strength:
        dmean: 0.00911812298
        dmean2: 0.00869531463832
        dvar: 5.86629284953e-05
        dvar2: 3.92083748011e-05
        max: 0.650034427643
        mean: 0.525421977043
        min: 0.337830156088
        var: 0.00702110026032
    key_strength: 0.763028144836
    tuning_diatonic_strength: 0.52392578125
    tuning_equal_tempered_deviation: 0.092119127512
    tuning_frequency: 441.272583008
    tuning_nontempered_energy_ratio: 0.716302394867
    hpcp:
        dmean: [0.184135302901, 0.181052580476, 0.149680301547, 0.14402616024, 0.142197474837, 0.144039168954, 0.140700444579, 0.112043678761, 0.103638663888, 0.102844871581, 0.104292519391, 0.117402255535, 0.164034411311, 0.152630791068, 0.112130083144, 0.138899251819, 0.159585639834, 0.191747814417, 0.181086242199, 0.148552447557, 0.202613085508, 0.168325290084, 0.149318128824, 0.0925131216645, 0.0646286532283, 0.0666345134377, 0.12494122982, 0.17264290154, 0.169217512012, 0.123833201826, 0.107763588428, 0.102024391294, 0.151482120156, 0.151059746742, 0.118716478348, 0.171802520752]
        dmean2: [0.324045300484, 0.316050887108, 0.247967451811, 0.252406001091, 0.257133513689, 0.24812707305, 0.236613377929, 0.196759834886, 0.185729324818, 0.191239863634, 0.190933898091, 0.197937220335, 0.277887612581, 0.2632817626, 0.187564536929, 0.24078951776, 0.278284817934, 0.333518713713, 0.306582123041, 0.271812796593, 0.355411887169, 0.285877376795, 0.255795300007, 0.160650640726, 0.112318858504, 0.115628391504, 0.202275648713, 0.284081995487, 0.295183300972, 0.211440831423, 0.187641307712, 0.166840493679, 0.250795096159, 0.251255959272, 0.207385838032, 0.292036801577]
        dvar: [0.0450259819627, 0.0406499616802, 0.0412297844887, 0.0453728325665, 0.0537248067558, 0.0334671549499, 0.0306163281202, 0.0244002453983, 0.0295837558806, 0.0276879146695, 0.030330453068, 0.017766546458, 0.0317147038877, 0.0224600490183, 0.0170330144465, 0.0376992411911, 0.0462135002017, 0.04474516958, 0.0381452292204, 0.0400809086859, 0.0479086451232, 0.0532282069325, 0.036154281348, 0.0253653377295, 0.0135602438822, 0.00954895280302, 0.0215909816325, 0.0377565324306, 0.0342562422156, 0.0251328125596, 0.0205463413149, 0.0159587208182, 0.0294067319483, 0.0242556408048, 0.0194917432964, 0.0327197983861]
        dvar2: [0.106405727565, 0.107996597886, 0.1128269732, 0.116756215692, 0.15104277432, 0.0938100293279, 0.0852608829737, 0.0620028227568, 0.0864555761218, 0.0778987407684, 0.0836671292782, 0.04571480304, 0.0704286471009, 0.0545677095652, 0.0488092750311, 0.100828818977, 0.128465503454, 0.110826425254, 0.0983914509416, 0.116951130331, 0.132056117058, 0.11739281565, 0.10604301095, 0.0706910192966, 0.0380050130188, 0.0271233357489, 0.0579376854002, 0.0910975784063, 0.097459949553, 0.0662595629692, 0.0566898100078, 0.0458571761847, 0.0738574191928, 0.0598453469574, 0.057425275445, 0.0929095372558]
        max: [1, 1, 1, 1, 1, 1, 1, 1, 1, 0.912672758102, 1, 0.966304957867, 1, 1, 0.901271879673, 1, 1, 1, 1, 1, 1, 1, 1, 1, 0.735745072365, 0.516113042831, 1, 1, 1, 1, 1, 1, 1, 1, 1, 1]
        mean: [0.403137564659, 0.296362787485, 0.166866064072, 0.147945508361, 0.131011947989, 0.185596063733, 0.255484759808, 0.181443423033, 0.0937119871378, 0.0869970247149, 0.0969368815422, 0.192174389958, 0.341543108225, 0.286859840155, 0.182361006737, 0.200472384691, 0.209707036614, 0.250746458769, 0.231525108218, 0.166921138763, 0.295902729034, 0.395178377628, 0.244024902582, 0.105211995542, 0.0795255452394, 0.0833464339375, 0.219495385885, 0.378116220236, 0.290535569191, 0.170806393027, 0.149859145284, 0.142803356051, 0.208622559905, 0.224336236715, 0.191739544272, 0.296672672033]
        min: [0, 0, 0, 0, 0, 0, 0, 0, 0, 0, 0, 0, 0, 0, 0, 0, 0, 0, 0, 0, 0, 0, 0, 0, 0, 0, 0, 0, 0, 0, 0, 0, 0, 0, 0, 0]
        var: [0.121091939509, 0.0741716995835, 0.039394557476, 0.0405371412635, 0.0359698496759, 0.0379174277186, 0.0788391306996, 0.0546662732959, 0.0242320746183, 0.0191222727299, 0.021153435111, 0.0303986500949, 0.0889796093106, 0.049521163106, 0.022401470691, 0.0610921159387, 0.0632358789444, 0.0546940900385, 0.0484473481774, 0.036453243345, 0.0837220847607, 0.14490032196, 0.0599780827761, 0.0231207404286, 0.0133113032207, 0.0107750697061, 0.0440060012043, 0.0986365377903, 0.0612615309656, 0.0352037101984, 0.0305406246334, 0.0221116263419, 0.0398643426597, 0.0365676134825, 0.0240958649665, 0.0555407479405]
    chords_histogram: [27.0642204285, 5.50458717346, 0, 0, 18.3486232758, 0, 0, 0, 0, 0, 0, 0, 0, 0, 0, 0, 0, 0, 0, 0, 0, 1.83486235142, 19.7247714996, 27.5229358673]
    thpcp: [1, 0.735140562057, 0.413918405771, 0.366985172033, 0.324980735779, 0.460378974676, 0.633740901947, 0.450078189373, 0.232456594706, 0.215799853206, 0.240456089377, 0.476696819067, 0.847212314606, 0.711568117142, 0.452354282141, 0.497280329466, 0.52018725872, 0.621987342834, 0.574307978153, 0.414055049419, 0.733999371529, 0.980256915092, 0.605314254761, 0.260982871056, 0.19726651907, 0.206744402647, 0.544467687607, 0.937933504581, 0.720685899258, 0.423692584038, 0.371732026339, 0.354229837656, 0.517497181892, 0.556475639343, 0.475618153811, 0.735909283161]
    chords_key: "F#"
    chords_scale: "minor"
    key_key: "A"
    key_scale: "major"
    chords_progression: ["F#m", "F#m", "F#m", "F#m", "F#m", "F#m", "F#m", "F#m", "F#m", "F#m", "F#m", "F#m", "C#m", "C#m", "C#m", "C#m", "C#m", "C#m", "C#m", "C#m", "C#m", "C#m", "A", "C#m", "C#m", "A", "A", "A", "A", "A", "A", "A", "A", "A", "A", "A", "A", "A", "A", "A", "A", "A", "A", "A", "A", "A", "A", "A", "A", "A", "A", "A", "A", "A", "A", "A", "A", "A", "A", "A", "A", "A", "A", "A", "A", "A", "A", "A", "A", "A", "A", "D", "D", "D", "D", "D", "D", "D", "D", "D", "D", "D", "D", "D", "D", "D", "D", "D", "D", "D", "D", "D", "D", "D", "D", "D", "D", "D", "D", "D", "D", "D", "D", "D", "D", "D", "D", "D", "D", "D", "D", "D", "D", "D", "Bm", "Bm", "B", "B", "B", "B", "B", "B", "B", "B", "B", "B", "B", "B", "B", "B", "B", "B", "B", "B", "B", "B", "B", "B", "B", "B", "B", "B", "B", "B", "B", "B", "Bm", "B", "B", "B", "B", "B", "B", "B", "B", "Bm", "B", "B", "F#m", "F#m", "F#m", "F#m", "F#m", "F#m", "F#m", "F#m", "F#m", "F#m", "F#m", "F#m", "F#m", "F#m", "F#m", "F#m", "F#m", "F#m", "F#m", "F#m", "F#m", "F#m", "F#m", "F#m", "F#m", "F#m", "F#m", "F#m", "F#m", "F#m", "F#m", "F#m", "F#m", "F#m", "F#m", "F#m", "F#m", "F#m", "F#m", "F#m", "F#m", "F#m", "F#m", "F#m", "F#m", "F#m", "F#m", "F#m", "A", "A", "A", "A", "A", "A", "A", "A", "A", "A", "A", "A"]
