
metadata:
    version:
        essentia: "1.2.2"
    audio_properties:
        analysis_sample_rate: 44100
        bitrate: 128
        channels: 2
        equal_loudness: 1
        length: 9.97877597809
        replay_gain: -14.1250095367
        downmix: "mix"
    tags:
        track: 21
        year: 0
        album: "Splitted by Mp3Splt v. 2.1"
        artist: "From 003.20 To 003.30"
        comment: "http://mp3splt.sf.net"
        genre: ""
        title: "11 Vapors.mp3"

highlevel:
    ballroom:
        all:
            ChaChaCha: 0.144772067666
            Jive: 0.422932833433
            Quickstep: 0.102372430265
            Rumba-American: 0.00341819482855
            Rumba-International: 0.0124522810802
            Rumba-Misc: 0.00296972552314
            Samba: 0.304222822189
            Tango: 0.0016715953825
            VienneseWaltz: 0.00375534547493
            Waltz: 0.00143272185232
        probability: 0.422932833433
        value: "Jive"
    culture:
        all:
            non_western: 0.0723813027143
            western: 0.927618682384
        probability: 0.927618682384
        value: "western"
    gender:
        all:
            female: 0.258520036936
            male: 0.741479933262
        probability: 0.741479933262
        value: "male"
    genre_dortmund:
        all:
            alternative: 0.00177133432589
            blues: 0.00718316622078
            electronic: 0.0541747026145
            folkcountry: 0.00357148167677
            funksoulrnb: 0.00309305498376
            jazz: 0.00420056888834
            pop: 0.0123722981662
            raphiphop: 0.88663315773
            rock: 0.0270002447069
        probability: 0.88663315773
        value: "raphiphop"
    genre_electronica:
        all:
            ambient: 0.110867984593
            dnb: 0.683438420296
            house: 0.0609021037817
            techno: 0.107243955135
            trance: 0.0375475361943
        probability: 0.683438420296
        value: "dnb"
    genre_rosamerica:
        all:
            cla: 0.00357910757884
            dan: 0.0203182250261
            hip: 0.87323141098
            jaz: 0.00633549923077
            pop: 0.0365596152842
            rhy: 0.0196168962866
            roc: 0.0299794487655
            spe: 0.0103798070922
        probability: 0.87323141098
        value: "hip"
    genre_tzanetakis:
        all:
            blu: 0.00215554563329
            cla: 0.00191946991254
            cou: 0.00805898196995
            dis: 0.0371385850012
            hip: 0.240369096398
            jaz: 0.00326829194091
            met: 0.00306356465444
            pop: 0.306688755751
            reg: 0.384484261274
            roc: 0.0128534352407
        probability: 0.384484261274
        value: "reg"
    live_studio:
        all:
            live: 5.822900917e-08
            studio: 0.999999940395
        probability: 0.999999940395
        value: "studio"
    mood:
        all:
            Cluster1: 0.195307374001
            Cluster2: 0.402639001608
            Cluster3: 0.0244685541838
            Cluster4: 0.182512968779
            Cluster5: 0.195072099566
        probability: 0.402639001608
        value: "Cluster2"
    mood_acoustic:
        all:
            acoustic: 0.0403267592192
            not_acoustic: 0.95967322588
        probability: 0.95967322588
        value: "not_acoustic"
    mood_aggressive:
        all:
            aggressive: 0.813964247704
            not_aggressive: 0.186035737395
        probability: 0.813964247704
        value: "aggressive"
    mood_electronic:
        all:
            electronic: 0.892143964767
            not_electronic: 0.107856042683
        probability: 0.892143964767
        value: "electronic"
    mood_happy:
        all:
            happy: 0.566374480724
            not_happy: 0.433625549078
        probability: 0.566374480724
        value: "happy"
    mood_party:
        all:
            not_party: 0.113393001258
            party: 0.886606991291
        probability: 0.886606991291
        value: "party"
    mood_relaxed:
        all:
            not_relaxed: 0.259622305632
            relaxed: 0.740377724171
        probability: 0.740377724171
        value: "relaxed"
    mood_sad:
        all:
            not_sad: 0.851281166077
            sad: 0.148718833923
        probability: 0.851281166077
        value: "not_sad"
    rhythm:
        all:
            fast: 0.523318707943
            medium: 0.429771721363
            slow: 0.0469095371664
        probability: 0.523318707943
        value: "fast"
    speech_music:
        all:
            music: 0.642037630081
            speech: 0.357962369919
        probability: 0.642037630081
        value: "music"
    timbre:
        all:
            bright: 0.293810129166
            dark: 0.706189870834
        probability: 0.706189870834
        value: "dark"
    voice_instrumental:
        all:
            instrumental: 0.0581860430539
            voice: 0.94181394577
        probability: 0.94181394577
        value: "voice"

lowlevel:
    average_loudness: 0.985193610191
    barkbands_kurtosis:
        dmean: 2.62209939957
        dmean2: 4.33193778992
        dvar: 22.8681201935
        dvar2: 58.845916748
        max: 42.4624900818
        mean: 1.3247770071
        min: -1.82440805435
        var: 22.6316566467
    barkbands_skewness:
        dmean: 0.745214700699
        dmean2: 1.12896752357
        dvar: 0.584868431091
        dvar2: 1.48987209797
        max: 5.81216716766
        mean: 0.760082066059
        min: -2.72145080566
        var: 1.42453527451
    barkbands_spread:
        dmean: 8.88836956024
        dmean2: 13.7173471451
        dvar: 71.6293869019
        dvar2: 157.02015686
        max: 67.094909668
        mean: 27.5171146393
        min: 1.86696648598
        var: 164.084640503
    dissonance:
        dmean: 0.0261802878231
        dmean2: 0.0422809273005
        dvar: 0.000910406582989
        dvar2: 0.00215739104897
        max: 0.498467385769
        mean: 0.453734815121
        min: 0.256686687469
        var: 0.00178760883864
    hfc:
        dmean: 3.77706336975
        dmean2: 5.44721603394
        dvar: 59.3023490906
        dvar2: 141.246444702
        max: 63.950958252
        mean: 5.28840970993
        min: 0.0454230457544
        var: 73.419960022
    pitch:
        dmean: 779.601318359
        dmean2: 1487.58532715
        dvar: 1626341.75
        dvar2: 4054983.5
        max: 4900
        mean: 850.958068848
        min: 60.2459030151
        var: 1693311.375
    pitch_instantaneous_confidence:
        dmean: 0.125281855464
        dmean2: 0.191967949271
        dvar: 0.0117017962039
        dvar2: 0.023737045005
        max: 0.870605409145
        mean: 0.409728288651
        min: 0.121847391129
        var: 0.0285419728607
    pitch_salience:
        dmean: 0.08358335495
        dmean2: 0.136560767889
        dvar: 0.00518977409229
        dvar2: 0.0131157794967
        max: 0.905582726002
        mean: 0.633039474487
        min: 0.28347286582
        var: 0.00958079658449
    silence_rate_20dB:
        dmean: 0
        dmean2: 0
        dvar: 0
        dvar2: 0
        max: 1
        mean: 1
        min: 1
        var: 0
    silence_rate_30dB:
        dmean: 0
        dmean2: 0
        dvar: 0
        dvar2: 0
        max: 1
        mean: 1
        min: 1
        var: 0
    silence_rate_60dB:
        dmean: 0.234883725643
        dmean2: 0.470862478018
        dvar: 0.179713651538
        dvar2: 0.31908005476
        max: 1
        mean: 0.552204191685
        min: 0
        var: 0.247275188565
    spectral_centroid:
        dmean: 390.134368896
        dmean2: 566.729064941
        dvar: 157064.03125
        dvar2: 338883.5
        max: 3750.79345703
        mean: 1215.46948242
        min: 164.846740723
        var: 512388.28125
    spectral_complexity:
        dmean: 4.56643342972
        dmean2: 6.23831796646
        dvar: 28.8936481476
        dvar2: 50.387046814
        max: 46
        mean: 9.61860466003
        min: 0
        var: 74.2359466553
    spectral_crest:
        dmean: 2.8326382637
        dmean2: 4.57305049896
        dvar: 7.60643100739
        dvar2: 18.4380531311
        max: 23.0793170929
        mean: 8.29843997955
        min: 2.58021855354
        var: 12.401922226
    spectral_decrease:
        dmean: 5.92206506056e-10
        dmean2: 9.02592278695e-10
        dvar: 9.35101833097e-19
        dvar2: 2.40026245028e-18
        max: -7.27467695458e-12
        mean: -9.10227337947e-10
        min: -7.46812034436e-09
        var: 1.01990976617e-18
    spectral_energy:
        dmean: 0.00255322409794
        dmean2: 0.0038535753265
        dvar: 1.84136351891e-05
        dvar2: 4.69000369776e-05
        max: 0.0339869149029
        mean: 0.00391508080065
        min: 3.15763172694e-05
        var: 2.03725539905e-05
    spectral_energyband_high:
        dmean: 0.000161853691679
        dmean2: 0.000241073270445
        dvar: 8.53446451288e-08
        dvar2: 1.80884086376e-07
        max: 0.00238064583391
        mean: 0.000207063596463
        min: 9.26059499307e-07
        var: 1.33512202183e-07
    spectral_energyband_low:
        dmean: 0.000167647696799
        dmean2: 0.000262259476585
        dvar: 1.42578443274e-07
        dvar2: 2.95476070278e-07
        max: 0.00367172341794
        mean: 0.00034829811193
        min: 1.94367444806e-07
        var: 2.04685676408e-07
    spectral_energyband_middle_high:
        dmean: 0.00119683344383
        dmean2: 0.0018063322641
        dvar: 7.48102002035e-06
        dvar2: 1.82500043593e-05
        max: 0.0223107803613
        mean: 0.00150329025928
        min: 9.40609152167e-06
        var: 8.33046851767e-06
    spectral_energyband_middle_low:
        dmean: 0.00138949824031
        dmean2: 0.00223294505849
        dvar: 3.68767746295e-06
        dvar2: 9.62914691627e-06
        max: 0.0118664391339
        mean: 0.00185640063137
        min: 1.66818899743e-05
        var: 3.99143073082e-06
    spectral_flatness_db:
        dmean: 0.0287106502801
        dmean2: 0.0418971851468
        dvar: 0.000663987826556
        dvar2: 0.0015043419553
        max: 0.287808120251
        mean: 0.168074756861
        min: 0.0774041414261
        var: 0.00159303285182
    spectral_flux:
        dmean: 0.0145399812609
        dmean2: 0.0207269173115
        dvar: 0.000253230100498
        dvar2: 0.000514090934303
        max: 0.152963578701
        mean: 0.0419478304684
        min: 0.00561928097159
        var: 0.000573886383791
    spectral_kurtosis:
        dmean: 2.35874080658
        dmean2: 3.55545330048
        dvar: 6.55091381073
        dvar2: 14.3233604431
        max: 20.5278301239
        mean: 4.97446584702
        min: -0.185659408569
        var: 14.6674108505
    spectral_rms:
        dmean: 0.000562414294109
        dmean2: 0.000772689410951
        dvar: 3.71425159074e-07
        dvar2: 8.719350717e-07
        max: 0.00575829530135
        mean: 0.00175817729905
        min: 0.000175516848685
        var: 7.28404302208e-07
    spectral_rolloff:
        dmean: 770.225524902
        dmean2: 1237.40356445
        dvar: 728117.5625
        dvar2: 1523016.25
        max: 5254.1015625
        mean: 2297.34375
        min: 150.732421875
        var: 1753269.875
    spectral_skewness:
        dmean: 0.340162754059
        dmean2: 0.506849706173
        dvar: 0.110471442342
        dvar2: 0.20274759829
        max: 3.33139610291
        mean: 1.62753129005
        min: -0.0109111694619
        var: 0.347444117069
    spectral_spread:
        dmean: 977811.375
        dmean2: 1337648.75
        dvar: 1.08398804992e+12
        dvar2: 1.68153317376e+12
        max: 16286052
        mean: 4660366.5
        min: 1769969.75
        var: 2.6836491305e+12
    spectral_strongpeak:
        dmean: 0.311082541943
        dmean2: 0.494344562292
        dvar: 0.219352558255
        dvar2: 0.50513792038
        max: 3.29119372368
        mean: 0.423452854156
        min: 0.00223872903734
        var: 0.286159545183
    zerocrossingrate:
        dmean: 0.0144424261525
        dmean2: 0.0156569443643
        dvar: 0.000143990429933
        dvar2: 0.00017837624182
        max: 0.17626953125
        mean: 0.0714571252465
        min: 0.01220703125
        var: 0.00112002610695
    barkbands:
        dmean: [5.27013867213e-07, 8.19241031422e-05, 0.000120528944535, 0.000182321076863, 0.000329047441483, 0.000500634720083, 0.000371422152966, 0.000339021586115, 8.01281348686e-05, 4.7916033509e-05, 3.27457091771e-05, 8.04501614766e-05, 0.000128264044179, 0.00012126857473, 0.000126346974866, 0.000174398592208, 0.000233989587286, 0.000242518726736, 0.000157309681526, 0.000120305528981, 6.39065401629e-05, 2.95660265692e-05, 8.92074422154e-06, 3.3934172734e-06, 1.2214607068e-06, 6.59975043504e-08, 2.01524419374e-09]
        dmean2: [6.58901797124e-07, 0.000133310037199, 0.000183876720257, 0.000310632196488, 0.000548166746739, 0.000820371729787, 0.000613728305325, 0.000561274471693, 0.000121504592244, 7.60080656619e-05, 5.05860916746e-05, 0.000127116916701, 0.000208222641959, 0.000205487114727, 0.000204600801226, 0.00027235187008, 0.00038674933603, 0.000380046549253, 0.000241618006839, 0.000189023208804, 9.96909075184e-05, 4.55046902061e-05, 1.37856377478e-05, 5.43671421838e-06, 1.88234469078e-06, 1.00827179494e-07, 2.14845674584e-09]
        dvar: [1.74048774525e-12, 3.20008233246e-08, 7.53297868528e-08, 1.90881053186e-07, 2.21430497049e-07, 6.94407674473e-07, 6.85966767833e-07, 5.20558160133e-07, 2.90328046049e-08, 1.25734915812e-08, 5.73272274096e-09, 3.55168019439e-08, 1.32130637098e-07, 1.0454170507e-07, 4.59557512045e-08, 2.1126028571e-07, 3.0980925203e-07, 3.90896587987e-07, 1.33105089617e-07, 4.7134939507e-08, 1.70852860748e-08, 3.65863428442e-09, 1.72868691584e-10, 3.49758104423e-11, 5.36095300097e-12, 2.09871928321e-14, 1.37251440004e-15]
        dvar2: [3.01078866699e-12, 7.93735495108e-08, 1.64323097351e-07, 4.99296618273e-07, 5.96500967731e-07, 1.73014325355e-06, 1.70337671079e-06, 1.40249619562e-06, 5.37964410796e-08, 3.23834363769e-08, 1.37785773902e-08, 8.47647427804e-08, 3.16504724651e-07, 2.71164054766e-07, 1.0981442955e-07, 5.4243099612e-07, 8.50159210586e-07, 9.34043043799e-07, 3.08320551312e-07, 8.93254323842e-08, 3.97974275756e-08, 8.59551985144e-09, 3.96782606771e-10, 8.54495640912e-11, 1.27306463982e-11, 4.81418731106e-14, 1.33181986676e-15]
        max: [1.51013700815e-05, 0.00190573185682, 0.00249282177538, 0.00458139879629, 0.00316339102574, 0.00645033270121, 0.00886329822242, 0.00495115481317, 0.00155822595116, 0.00108723063022, 0.000726288417354, 0.00145883241203, 0.00273977778852, 0.00262595014647, 0.00178060051985, 0.00460692774504, 0.00518256239593, 0.00628630910069, 0.00318521866575, 0.00206263875589, 0.00109715445433, 0.000627312751021, 9.0715555416e-05, 4.28316525358e-05, 1.88073536265e-05, 1.05113156224e-06, 7.80777440923e-07]
        mean: [8.98624705314e-07, 0.000191039973288, 0.000156390320626, 0.000199389382033, 0.000375554373022, 0.000465290970169, 0.000391306355596, 0.000315508048516, 9.95671798592e-05, 4.83410258312e-05, 3.22071937262e-05, 8.59510764712e-05, 0.000112213587272, 0.000102800731838, 0.000136697635753, 0.000193139465409, 0.000279337953543, 0.000251679011853, 0.000188768608496, 0.000153997956659, 8.18794142106e-05, 3.68293258362e-05, 1.08444837679e-05, 3.9095948523e-06, 1.47187290622e-06, 6.74170834714e-08, 2.02326511101e-09]
        min: [5.43849999757e-11, 9.43949487464e-08, 7.93915191366e-08, 7.00210307514e-07, 3.69113922716e-06, 3.11769053951e-06, 1.20421668726e-06, 5.31985790531e-07, 1.72919492059e-08, 1.69051531884e-07, 7.49981055037e-08, 5.22514255863e-07, 1.4260564285e-07, 7.78961677383e-08, 5.49246465198e-07, 5.83341488891e-07, 3.92432212948e-07, 6.56445536151e-07, 1.41865791647e-06, 4.61989088762e-07, 2.7454112228e-07, 1.02424571935e-07, 2.60833648014e-08, 1.30742883186e-08, 6.12961681412e-09, 2.76536848975e-10, 1.53764783024e-12]
        var: [3.9530323459e-12, 4.13660643517e-08, 9.35734192353e-08, 1.77682181857e-07, 2.19921915345e-07, 6.8325363145e-07, 6.63601383621e-07, 4.67555480554e-07, 4.80077702036e-08, 1.16917995285e-08, 5.77844438965e-09, 3.84998450897e-08, 1.17456487203e-07, 8.58152020555e-08, 6.23260092425e-08, 2.10336992268e-07, 3.32862668984e-07, 3.95755790805e-07, 1.42961226857e-07, 7.90525760408e-08, 2.34204069471e-08, 4.67841410057e-09, 2.6757437932e-10, 4.5159209705e-11, 7.49292728558e-12, 2.36143807145e-14, 1.41410922346e-15]
    mfcc:
        mean: [-747.108764648, 120.704116821, -34.4451408386, 57.9278106689, 1.60378932953, 0.30002951622, -12.8013868332, -4.19293260574, -6.82171678543, -5.02031946182, 1.68634545803, 2.40639948845, 6.07750225067]
        cov: [[4184.79248047, -1367.74926758, -352.355499268, -255.784851074, -326.734436035, -104.092666626, -138.58795166, -90.2265167236, -34.4490661621, 32.9822273254, -76.1043930054, 38.678150177, -220.821029663], [-1367.74926758, 1886.41625977, -258.885131836, -301.086975098, 26.0726928711, -207.990814209, -133.007263184, 39.7377929688, 62.5116195679, 53.3164100647, 180.856231689, -44.218963623, 73.3753662109], [-352.355499268, -258.885131836, 639.657409668, 193.782363892, -28.1837005615, 99.4170227051, 101.905509949, 42.4707336426, 23.8691978455, 1.79702997208, -58.8378410339, -18.188993454, 33.0569992065], [-255.784851074, -301.086975098, 193.782363892, 486.406097412, 96.5494537354, 45.29296875, 32.5225639343, 16.6166210175, -0.874172389507, -5.4832611084, -54.5213813782, 29.7867069244, 29.8692359924], [-326.734436035, 26.0726928711, -28.1837005615, 96.5494537354, 311.168151855, 105.224914551, -11.2441234589, -32.4680976868, -51.2367668152, -9.22223949432, 7.4977889061, -0.531256258488, 9.42089557648], [-104.092666626, -207.990814209, 99.4170227051, 45.29296875, 105.224914551, 207.964767456, 108.82649231, 0.156845271587, -20.3598175049, -3.65841436386, -21.7036895752, 1.73702716827, -5.17029428482], [-138.58795166, -133.007263184, 101.905509949, 32.5225639343, -11.2441234589, 108.82649231, 233.457748413, 71.7851028442, 35.1644630432, -9.35092639923, -35.6142234802, -1.72065091133, 6.50793027878], [-90.2265167236, 39.7377929688, 42.4707336426, 16.6166210175, -32.4680976868, 0.156845271587, 71.7851028442, 122.032455444, 62.7750473022, 8.41236591339, 3.94931268692, -1.90460300446, 24.2172584534], [-34.4490661621, 62.5116195679, 23.8691978455, -0.874172389507, -51.2367668152, -20.3598175049, 35.1644630432, 62.7750473022, 149.126068115, 62.7613830566, 20.2215309143, 8.5231590271, -2.17898535728], [32.9822273254, 53.3164100647, 1.79702997208, -5.4832611084, -9.22223949432, -3.65841436386, -9.35092639923, 8.41236591339, 62.7613830566, 105.476097107, 45.0036773682, 6.86971330643, -13.1269512177], [-76.1043930054, 180.856231689, -58.8378410339, -54.5213813782, 7.4977889061, -21.7036895752, -35.6142234802, 3.94931268692, 20.2215309143, 45.0036773682, 103.71837616, 22.3508586884, 4.79902601242], [38.678150177, -44.218963623, -18.188993454, 29.7867069244, -0.531256258488, 1.73702716827, -1.72065091133, -1.90460300446, 8.5231590271, 6.86971330643, 22.3508586884, 76.8322601318, 22.0811328888], [-220.821029663, 73.3753662109, 33.0569992065, 29.8692359924, 9.42089557648, -5.17029428482, 6.50793027878, 24.2172584534, -2.17898535728, -13.1269512177, 4.79902601242, 22.0811328888, 88.5064163208]]
        icov: [[0.000531425699592, 0.000477789202705, 0.000283950648736, 0.000357907061698, 0.000336234545102, 0.000226253498113, 0.000377735064831, -0.000299656763673, 0.000242167283432, -0.000435085647041, 0.000250775512541, -0.000341622973792, 0.000747652957216], [0.000477789202705, 0.00132227735594, 0.000331281102262, 0.00071998819476, -0.000182105170097, 0.0010778484866, 0.000229351979215, -0.000287392758764, -0.000126104030642, -0.000279066240182, -0.00105683156289, 0.00072313536657, -0.000294347584713], [0.000283950648736, 0.000331281102262, 0.00238167447969, -0.000676134426612, 0.00103554083034, -0.00111019623, 0.000127540595713, -0.000194644278963, -0.000107689527795, -0.000530678255018, 0.000429629319115, 0.00104660494253, -0.000724533863831], [0.000357907061698, 0.00071998819476, -0.000676134426612, 0.00339492736384, -0.00132827833295, 0.00122496043332, 0.000220183996134, -0.000792504113633, 0.00018673086015, -0.000966414401773, 0.00161536666565, -0.00170210073702, 1.48050949065e-05], [0.000336234545102, -0.000182105170097, 0.00103554083034, -0.00132827833295, 0.00567076448351, -0.00392128527164, 0.00163463584613, 0.000251689896686, 0.000929455040023, 1.31636252263e-05, -0.000568511139136, 0.000746886478737, -0.00010106008267], [0.000226253498113, 0.0010778484866, -0.00111019623, 0.00122496043332, -0.00392128527164, 0.0109064057469, -0.00489598466083, 0.00110613531433, 0.00136408675462, -0.00154411944095, -0.000331911607645, -0.000730623025447, 0.000788871780969], [0.000377735064831, 0.000229351979215, 0.000127540595713, 0.000220183996134, 0.00163463584613, -0.00489598466083, 0.00871186237782, -0.0044315205887, -0.000815639446955, 0.000626929744612, 0.00208684452809, -0.000733065593522, 0.00088495737873], [-0.000299656763673, -0.000287392758764, -0.000194644278963, -0.000792504113633, 0.000251689896686, 0.00110613531433, -0.0044315205887, 0.0146381640807, -0.00572460750118, 0.00246495660394, -0.00247980374843, 0.00281698978506, -0.00415454106405], [0.000242167283432, -0.000126104030642, -0.000107689527795, 0.00018673086015, 0.000929455040023, 0.00136408675462, -0.000815639446955, -0.00572460750118, 0.0130699677393, -0.00761818233877, 0.00175762933213, -0.00232290825807, 0.00196915771812], [-0.000435085647041, -0.000279066240182, -0.000530678255018, -0.000966414401773, 1.31636252263e-05, -0.00154411944095, 0.000626929744612, 0.00246495660394, -0.00761818233877, 0.0171825475991, -0.00718668149784, 0.00145934743341, 0.00124450563453], [0.000250775512541, -0.00105683156289, 0.000429629319115, 0.00161536666565, -0.000568511139136, -0.000331911607645, 0.00208684452809, -0.00247980374843, 0.00175762933213, -0.00718668149784, 0.0176156908274, -0.00621590437368, 0.000935405492783], [-0.000341622973792, 0.00072313536657, 0.00104660494253, -0.00170210073702, 0.000746886478737, -0.000730623025447, -0.000733065593522, 0.00281698978506, -0.00232290825807, 0.00145934743341, -0.00621590437368, 0.018296610564, -0.00617584958673], [0.000747652957216, -0.000294347584713, -0.000724533863831, 1.48050949065e-05, -0.00010106008267, 0.000788871780969, 0.00088495737873, -0.00415454106405, 0.00196915771812, 0.00124450563453, 0.000935405492783, -0.00617584958673, 0.0165253020823]]
    spectral_contrast:
        mean: [1.86186539963e-07, -3.03136829416e-07, -3.164200848e-07, 3.056817377e-07, 7.11097243311e-08, 7.43325401231e-08, 2.85464670924e-06, 4.61104309579e-06, 2.31404646911e-06, -1.18377599279e-07, -2.15463865061e-06, -1.00995214325e-06]
        var: [0.000534924736712, 0.000872236792929, 0.00208291271701, 0.00257392739877, 0.00354773271829, 0.00914972834289, 0.0988985970616, 0.149281963706, 0.175726443529, 0.423271149397, 0.796750605106, 2.21731138229]

rhythm:
    beats_loudness:
        dmean: 0.00743585079908
        dmean2: 0.0148829268292
        dvar: 4.56436055174e-06
        dvar2: 1.10004602902e-05
        max: 0.0163213107735
        mean: 0.0107669271529
        min: 0.00416640378535
        var: 1.6779960788e-05
    beats_loudness_bass:
        dmean: 0.513738811016
        dmean2: 1.02791333199
        dvar: 0.0211516432464
        dvar2: 0.0548883490264
        max: 0.690479040146
        mean: 0.249823540449
        min: 0.00247542769648
        var: 0.0755416676402
    bpm: 90.5461044312
    bpm_confidence: 0
    first_peak_bpm: 91
    first_peak_spread: 0
    first_peak_weight: 0.928571403027
    onset_rate: 5.91254901886
    second_peak_bpm: 86
    second_peak_spread: 0
    second_peak_weight: 0.0714285746217
    beats_position: [0.361754894257, 1.02422535419, 1.68669581413, 2.34916615486, 3.01163673401, 3.67410731316, 4.3365778923, 4.99904870987, 5.6615190506, 6.3572602272, 7.02014780045, 7.68303537369, 8.34592342377, 9.00881195068, 9.67169952393]
    bpm_estimates: [90.6538619995, 90.5665664673, 90.5679702759, 90.5260467529, 90.5584487915, 90.5250244141, 90.5211791992, 90.5225372314, 90.5040130615, 90.6772689819, 90.6482620239, 90.5918273926, 90.4453964233, 90.6189422607, 90.5291519165, 90.4837875366, 90.5093460083, 90.4815750122, 90.4446640015]
    bpm_intervals: [0.662470459938, 0.662470459938, 0.662470340729, 0.662470579147, 0.662470579147, 0.662470579147, 0.662470817566, 0.662470340729, 0.695741176605, 0.662887573242, 0.662887573242, 0.662888050079, 0.662888526917, 0.662887573242]
    onset_times: [0.0464399084449, 0.325079351664, 0.638548731804, 0.859138309956, 1.01006805897, 1.2190476656, 1.34675741196, 1.48607707024, 1.62539684772, 1.88081634045, 2.04335594177, 2.22911572456, 2.34521532059, 2.43809533119, 2.54258513451, 2.67029476166, 2.85605430603, 3.00698423386, 3.19274377823, 3.34367346764, 3.44816327095, 3.68036270142, 3.86612248421, 4.01705217361, 4.33052158356, 4.53950119019, 4.8994102478, 5.00390005112, 5.18966007233, 5.34058952332, 5.4334692955, 5.66566896439, 5.89786863327, 6.025578022, 6.11845827103, 6.21133804321, 6.35065746307, 6.48997735977, 6.57124710083, 6.67573690414, 6.93115663528, 7.01242637634, 7.45360565186, 7.56970500946, 7.67419481277, 7.8831744194, 8.01088428497, 8.23147392273, 8.33596324921, 8.68426322937, 8.85841274261, 8.96290206909, 9.12544250488, 9.24154186249, 9.34603214264, 9.57823085785, 9.682721138, 9.89170074463, 9.9613609314]
    rubato_start: []
    rubato_stop: []
    perceptual_tempo: "unknown"

sfx:
    inharmonicity:
        dmean: 0.0453433357179
        dmean2: 0.0804924145341
        dvar: 0.00237904419191
        dvar2: 0.0069062160328
        max: 0.289773881435
        mean: 0.0483933128417
        min: 0
        var: 0.00290093431249
    oddtoevenharmonicenergyratio:
        dmean: 2.27230405807
        dmean2: 4.22342920303
        dvar: 15.8450193405
        dvar2: 44.3114051819
        max: 29.0833778381
        mean: 1.51909267902
        min: 0
        var: 10.370059967
    pitch_after_max_to_before_max_energy_ratio: 0.824078917503
    pitch_centroid: 210.830856323
    pitch_max_to_total: 0.513953506947
    pitch_min_to_total: 0.397674411535
    tristimulus:
        dmean: [0.229646772146, 0.27076613903, 0.114229746163]
        dmean2: [0.392836689949, 0.472991704941, 0.196531653404]
        dvar: [0.033753708005, 0.0444049462676, 0.0144894020632]
        dvar2: [0.091462187469, 0.118810035288, 0.0388485454023]
        max: [1, 0.987316429615, 0.719891667366]
        mean: [0.399128645658, 0.444031298161, 0.104986332357]
        min: [0.00392408808693, 0, 0]
        var: [0.0575218051672, 0.065745100379, 0.017286228016]

tonal:
    chords_changes_rate: 0.143518522382
    chords_number_rate: 0.0462962947786
    chords_strength:
        dmean: 0.0137308416888
        dmean2: 0.0184913054109
        dvar: 0.000133071662276
        dvar2: 0.000203837786103
        max: 0.636404633522
        mean: 0.479690700769
        min: 0.355555772781
        var: 0.00358335021883
    key_strength: 0.767590999603
    tuning_diatonic_strength: 0.658562898636
    tuning_equal_tempered_deviation: 0.263671845198
    tuning_frequency: 441.017791748
    tuning_nontempered_energy_ratio: 0.88406175375
    hpcp:
        dmean: [0.133127361536, 0.124070636928, 0.136991381645, 0.153145238757, 0.177342295647, 0.180601537228, 0.181194826961, 0.189799830317, 0.170894250274, 0.143299743533, 0.188702434301, 0.219419166446, 0.20972071588, 0.213236004114, 0.17557451129, 0.176713526249, 0.182881578803, 0.187517404556, 0.152263149619, 0.133235543966, 0.162744402885, 0.162330523133, 0.179225742817, 0.176361992955, 0.212947532535, 0.237176477909, 0.234034851193, 0.23105995357, 0.168380066752, 0.139626964927, 0.14048884809, 0.175724104047, 0.173628717661, 0.168282300234, 0.171567603946, 0.152520269156]
        dmean2: [0.232039988041, 0.211731567979, 0.234072268009, 0.270532846451, 0.31869456172, 0.315565049648, 0.310057163239, 0.32961165905, 0.296925723553, 0.242711141706, 0.312319427729, 0.378926098347, 0.350122243166, 0.36821013689, 0.295539736748, 0.305394738913, 0.303608059883, 0.331552833319, 0.271103948355, 0.219577074051, 0.271614998579, 0.273810505867, 0.315486699343, 0.303240120411, 0.375909000635, 0.420635402203, 0.388976067305, 0.404730319977, 0.289826959372, 0.238490447402, 0.257007926702, 0.317573785782, 0.30076366663, 0.289412677288, 0.309575587511, 0.27497035265]
        dvar: [0.0336039327085, 0.0248438864946, 0.0300663933158, 0.0309531204402, 0.0455042459071, 0.0448410846293, 0.045948009938, 0.062090460211, 0.03998452425, 0.0264688394964, 0.0461316034198, 0.0557306706905, 0.0503500960767, 0.0670989751816, 0.0458797439933, 0.0413619279861, 0.0418657921255, 0.051192291081, 0.0378316603601, 0.0240619909018, 0.0491603389382, 0.03576727584, 0.0507553592324, 0.0455034561455, 0.0648742243648, 0.06197674945, 0.0582031905651, 0.0554845780134, 0.0428576804698, 0.0301207695156, 0.0388474948704, 0.0430641099811, 0.0411955118179, 0.0438329838216, 0.0434622019529, 0.0399942360818]
        dvar2: [0.084459155798, 0.0614669471979, 0.0756170600653, 0.0868264436722, 0.134978041053, 0.116779543459, 0.122040234506, 0.158532261848, 0.105675578117, 0.074820369482, 0.133690267801, 0.130657881498, 0.106060266495, 0.173297390342, 0.115521639585, 0.0941642522812, 0.104328028858, 0.132971003652, 0.115770846605, 0.0636654496193, 0.113827966154, 0.0917689576745, 0.139790385962, 0.118818186224, 0.175770893693, 0.173460289836, 0.139520317316, 0.142434671521, 0.116718277335, 0.0759723782539, 0.105825938284, 0.12149233371, 0.107370011508, 0.123773992062, 0.126214012504, 0.113755948842]
        max: [1, 0.907758831978, 1, 1, 1, 1, 1, 1, 1, 1, 1, 1, 1, 1, 1, 1, 1, 1, 1, 1, 1, 1, 1, 1, 1, 1, 1, 1, 1, 1, 1, 1, 1, 1, 1, 1]
        mean: [0.126012086868, 0.122897714376, 0.132837846875, 0.148024022579, 0.168942853808, 0.184002786875, 0.191736280918, 0.201823458076, 0.185817852616, 0.168992355466, 0.244906321168, 0.344062685966, 0.325990527868, 0.22482252121, 0.169795095921, 0.181047648191, 0.203385129571, 0.192570522428, 0.140558391809, 0.151752963662, 0.205806896091, 0.18709269166, 0.163797289133, 0.172663316131, 0.204745933414, 0.297760635614, 0.340966254473, 0.253056704998, 0.161595180631, 0.135318934917, 0.135707259178, 0.180565088987, 0.204377099872, 0.174951434135, 0.151833251119, 0.137405738235]
        min: [0.00051202630857, 0.000927351706196, 0.0017632531235, 0.00212322408333, 0.00112520647235, 0.00115145149175, 0.00153941952158, 0.00307568628341, 0.00206031929702, 0.00178205431439, 0.00439776433632, 0.00477257044986, 0.00371451862156, 0.00249088555574, 0.000765031552874, 0.00110321177635, 0.00274853897281, 0.00157807022333, 0.00137285783421, 0.00100721989293, 0.00137801899109, 0.00109346595127, 0.000848472118378, 0.000791013066191, 0.000669823610224, 0.000995677779429, 0.00133123958949, 0.00129523104988, 0.000895007047802, 0.000801047310233, 0.00105703342706, 0.0017278479645, 0.000987272942439, 0.00189488823526, 0.00290290336125, 0.000535936153028]
        var: [0.0316402837634, 0.0266198888421, 0.0332980789244, 0.0301552265882, 0.0425711683929, 0.0508434288204, 0.0581265278161, 0.0666188821197, 0.0514780916274, 0.0370042696595, 0.0626349076629, 0.107943028212, 0.105697952211, 0.074539937079, 0.0476918034256, 0.0498504154384, 0.0561788380146, 0.0605018176138, 0.0338778942823, 0.0362861827016, 0.0788299664855, 0.0465904064476, 0.0448182560503, 0.0449803806841, 0.062616288662, 0.0942609235644, 0.112204648554, 0.0709972530603, 0.0412151664495, 0.0326810218394, 0.0328330434859, 0.0432816334069, 0.0499110631645, 0.0422425679862, 0.0361857265234, 0.033290296793]
    chords_histogram: [34.7222213745, 0, 20.3703708649, 0, 0, 0, 0, 5.55555534363, 1.38888883591, 2.31481480598, 0, 0, 0, 0, 2.31481480598, 1.85185182095, 1.85185182095, 0, 0, 0, 0, 12.0370368958, 16.6666660309, 0.925925910473]
    thpcp: [1, 0.947474241257, 0.653434753418, 0.493500471115, 0.526205420494, 0.591128110886, 0.559696018696, 0.408525526524, 0.441061973572, 0.598166882992, 0.54377502203, 0.476068168879, 0.501836776733, 0.595083236694, 0.865425527096, 0.991000413895, 0.73549592495, 0.469667851925, 0.393297314644, 0.394425958395, 0.524802863598, 0.594011247158, 0.50848710537, 0.441295325756, 0.399362504482, 0.366247475147, 0.357195705175, 0.386086165905, 0.430224001408, 0.491023480892, 0.534794390202, 0.557271361351, 0.586589217186, 0.540069758892, 0.491167336702, 0.711807250977]
    chords_key: "F"
    chords_scale: "minor"
    key_key: "F"
    key_scale: "minor"
    chords_progression: ["Fm", "Fm", "Fm", "Fm", "Fm", "Fm", "Fm", "Fm", "Fm", "Fm", "Fm", "Fm", "Fm", "Fm", "Fm", "Fm", "Fm", "Fm", "Fm", "Fm", "Fm", "Fm", "F#m", "C#", "F#m", "F#m", "A", "A", "A", "F#m", "A", "C#m", "C#m", "C#m", "C#m", "Cm", "Cm", "Cm", "C", "C", "C", "C", "Cm", "Cm", "Cm", "C", "A#m", "F", "F", "A#m", "A#m", "A#m", "A#m", "A#m", "A#m", "A#m", "A#m", "C#", "A#m", "Fm", "A#m", "A#m", "A#m", "A#m", "A#m", "A#m", "A#m", "A#m", "A#m", "A#m", "A#m", "A#m", "A#m", "A#m", "A#m", "A#m", "A#m", "A#m", "A#m", "A#m", "A#m", "A#m", "F", "F", "Cm", "Cm", "Cm", "Cm", "Cm", "Cm", "Cm", "Cm", "Cm", "Cm", "Cm", "Cm", "Cm", "Cm", "Cm", "Cm", "Cm", "Cm", "Cm", "Cm", "Fm", "Fm", "Fm", "Fm", "Fm", "Fm", "Fm", "Fm", "Fm", "Fm", "Fm", "Fm", "Fm", "Fm", "Fm", "Fm", "Fm", "Fm", "Fm", "Fm", "Fm", "Fm", "Fm", "Fm", "Fm", "Fm", "Fm", "F", "F", "F", "F", "F", "F", "F", "F#", "F#", "F#", "F#", "F#", "F#m", "F#", "Cm", "Cm", "Cm", "Cm", "Cm", "Cm", "Cm", "Cm", "Cm", "Cm", "Cm", "Cm", "Cm", "Cm", "Cm", "Cm", "Cm", "Cm", "Fm", "Fm", "Fm", "Fm", "Fm", "Fm", "Fm", "Fm", "Fm", "Fm", "Fm", "Fm", "Fm", "Fm", "Fm", "Fm", "Fm", "Fm", "Fm", "Fm", "Fm", "Fm", "Fm", "Fm", "Fm", "F", "F#", "F#", "F#", "F#", "F#", "F#", "F#", "F#", "F#", "F#", "F#", "F#", "F#", "F#", "F#", "F#", "F#", "F#", "F#", "F#", "A#m", "A#m", "A#m", "A#m", "Am", "Am", "Am"]
