
metadata:
    version:
        essentia: "1.2.2"
    audio_properties:
        analysis_sample_rate: 44100
        bitrate: 128
        channels: 2
        equal_loudness: 1
        length: 10.0310201645
        replay_gain: -11.4401397705
        downmix: "mix"
    tags:
        track: 11
        year: 0
        album: "Splitted by Mp3Splt v. 2.1"
        artist: "From 001.40 To 001.50"
        comment: "http://mp3splt.sf.net"
        genre: ""
        title: "14 Fame.mp3"

highlevel:
    ballroom:
        all:
            ChaChaCha: 0.295259237289
            Jive: 0.351140350103
            Quickstep: 0.123792029917
            Rumba-American: 0.00221824320033
            Rumba-International: 0.00287838676013
            Rumba-Misc: 0.0012952106772
            Samba: 0.211531326175
            Tango: 0.00261509791017
            VienneseWaltz: 0.00588665623218
            Waltz: 0.00338348001242
        probability: 0.351140350103
        value: "Jive"
    culture:
        all:
            non_western: 0.200283497572
            western: 0.799716472626
        probability: 0.799716472626
        value: "western"
    gender:
        all:
            female: 0.119735322893
            male: 0.880264699459
        probability: 0.880264699459
        value: "male"
    genre_dortmund:
        all:
            alternative: 0.0190230756998
            blues: 0.13355115056
            electronic: 0.0159894842654
            folkcountry: 0.0416659601033
            funksoulrnb: 0.192091807723
            jazz: 0.164981991053
            pop: 0.028762422502
            raphiphop: 0.253520309925
            rock: 0.150413796306
        probability: 0.253520309925
        value: "raphiphop"
    genre_electronica:
        all:
            ambient: 0.371292203665
            dnb: 0.468517661095
            house: 0.0751449689269
            techno: 0.0319099389017
            trance: 0.0531352385879
        probability: 0.468517661095
        value: "dnb"
    genre_rosamerica:
        all:
            cla: 0.0243614427745
            dan: 0.0174129735678
            hip: 0.514899909496
            jaz: 0.0749641060829
            pop: 0.204069063067
            rhy: 0.109530761838
            roc: 0.0353649482131
            spe: 0.0193968042731
        probability: 0.514899909496
        value: "hip"
    genre_tzanetakis:
        all:
            blu: 0.00873379316181
            cla: 0.00703171314672
            cou: 0.0294774007052
            dis: 0.23644195497
            hip: 0.316897153854
            jaz: 0.0122508918867
            met: 0.0227610040456
            pop: 0.141761153936
            reg: 0.143973425031
            roc: 0.0806715041399
        probability: 0.316897153854
        value: "hip"
    live_studio:
        all:
            live: 0.455651849508
            studio: 0.544348120689
        probability: 0.544348120689
        value: "studio"
    mood:
        all:
            Cluster1: 0.136376649141
            Cluster2: 0.389238506556
            Cluster3: 0.0274905115366
            Cluster4: 0.227153673768
            Cluster5: 0.219740658998
        probability: 0.389238506556
        value: "Cluster2"
    mood_acoustic:
        all:
            acoustic: 0.00394043279812
            not_acoustic: 0.996059596539
        probability: 0.996059596539
        value: "not_acoustic"
    mood_aggressive:
        all:
            aggressive: 0.552367448807
            not_aggressive: 0.447632551193
        probability: 0.552367448807
        value: "aggressive"
    mood_electronic:
        all:
            electronic: 0.222601667047
            not_electronic: 0.777398347855
        probability: 0.777398347855
        value: "not_electronic"
    mood_happy:
        all:
            happy: 0.613418221474
            not_happy: 0.386581808329
        probability: 0.613418221474
        value: "happy"
    mood_party:
        all:
            not_party: 0.0986360833049
            party: 0.901363909245
        probability: 0.901363909245
        value: "party"
    mood_relaxed:
        all:
            not_relaxed: 0.923575103283
            relaxed: 0.0764248743653
        probability: 0.923575103283
        value: "not_relaxed"
    mood_sad:
        all:
            not_sad: 0.978343904018
            sad: 0.0216560736299
        probability: 0.978343904018
        value: "not_sad"
    rhythm:
        all:
            fast: 0.65669208765
            medium: 0.299134492874
            slow: 0.0441734306514
        probability: 0.65669208765
        value: "fast"
    speech_music:
        all:
            music: 0.96297365427
            speech: 0.0370263457298
        probability: 0.96297365427
        value: "music"
    timbre:
        all:
            bright: 0.834375619888
            dark: 0.165624365211
        probability: 0.834375619888
        value: "bright"
    voice_instrumental:
        all:
            instrumental: 0.00147518794984
            voice: 0.998524785042
        probability: 0.998524785042
        value: "voice"

lowlevel:
    average_loudness: 0.924461722374
    barkbands_kurtosis:
        dmean: 1.93424904346
        dmean2: 2.98655939102
        dvar: 11.5961923599
        dvar2: 24.9961776733
        max: 41.9883384705
        mean: 1.18506145477
        min: -1.88459575176
        var: 26.4993305206
    barkbands_skewness:
        dmean: 0.595489501953
        dmean2: 0.82938760519
        dvar: 0.326048016548
        dvar2: 0.70416867733
        max: 5.05539321899
        mean: -0.356102138758
        min: -3.65055561066
        var: 1.93259584904
    barkbands_spread:
        dmean: 6.04917430878
        dmean2: 9.13223552704
        dvar: 36.6592445374
        dvar2: 83.6455230713
        max: 57.1768074036
        mean: 26.1030387878
        min: 3.06029057503
        var: 163.888336182
    dissonance:
        dmean: 0.016554525122
        dmean2: 0.0283057875931
        dvar: 0.000316504476359
        dvar2: 0.000861338572577
        max: 0.498036682606
        mean: 0.471212506294
        min: 0.370502620935
        var: 0.00055550102843
    hfc:
        dmean: 2.54385995865
        dmean2: 3.51500558853
        dvar: 12.9511499405
        dvar2: 25.8486671448
        max: 41.0603599548
        mean: 7.67614936829
        min: 0.0160328932106
        var: 53.574798584
    pitch:
        dmean: 702.379882812
        dmean2: 1346.39294434
        dvar: 1461357.375
        dvar2: 3239131.25
        max: 4410
        mean: 1500.74523926
        min: 87.8486022949
        var: 2595118.5
    pitch_instantaneous_confidence:
        dmean: 0.0983119010925
        dmean2: 0.156145900488
        dvar: 0.00748645188287
        dvar2: 0.0160892680287
        max: 0.977486848831
        mean: 0.505516111851
        min: 0.170023441315
        var: 0.0292555149645
    pitch_salience:
        dmean: 0.0706839337945
        dmean2: 0.111922226846
        dvar: 0.00400432152674
        dvar2: 0.00937012769282
        max: 0.857265651226
        mean: 0.603755712509
        min: 0.209650069475
        var: 0.0133373811841
    silence_rate_20dB:
        dmean: 0
        dmean2: 0
        dvar: 0
        dvar2: 0
        max: 1
        mean: 1
        min: 1
        var: 0
    silence_rate_30dB:
        dmean: 0
        dmean2: 0
        dvar: 0
        dvar2: 0
        max: 1
        mean: 1
        min: 1
        var: 0
    silence_rate_60dB:
        dmean: 0.0974477976561
        dmean2: 0.195348843932
        dvar: 0.0879517868161
        dvar2: 0.166490450501
        max: 1
        mean: 0.555555582047
        min: 0
        var: 0.24691426754
    spectral_centroid:
        dmean: 331.818572998
        dmean2: 466.09866333
        dvar: 93276.0859375
        dvar2: 191704.078125
        max: 4257.83398438
        mean: 2145.75073242
        min: 191.791213989
        var: 571560.0625
    spectral_complexity:
        dmean: 3.12820506096
        dmean2: 4.54439258575
        dvar: 18.0884780884
        dvar2: 29.4489078522
        max: 39
        mean: 9.60232543945
        min: 0
        var: 71.797706604
    spectral_crest:
        dmean: 2.6211745739
        dmean2: 4.22340917587
        dvar: 6.26093816757
        dvar2: 16.3025512695
        max: 24.4392356873
        mean: 8.59230136871
        min: 3.133882761
        var: 14.0632972717
    spectral_decrease:
        dmean: 2.1822700591e-10
        dmean2: 3.14357984088e-10
        dvar: 8.72804793214e-20
        dvar2: 1.76071584312e-19
        max: -1.33158176326e-12
        mean: -7.10152547878e-10
        min: -3.07241831976e-09
        var: 4.18409848266e-19
    spectral_energy:
        dmean: 0.00102629628964
        dmean2: 0.00147571007255
        dvar: 1.97219628717e-06
        dvar2: 3.91203639083e-06
        max: 0.0143509935588
        mean: 0.00337652885355
        min: 6.4799323809e-06
        var: 9.34958552534e-06
    spectral_energyband_high:
        dmean: 0.000170460916706
        dmean2: 0.000235588799114
        dvar: 1.0443761056e-07
        dvar2: 2.10826485159e-07
        max: 0.00301846838556
        mean: 0.000347973051248
        min: 7.65654476709e-07
        var: 2.10577326243e-07
    spectral_energyband_low:
        dmean: 3.67093416571e-05
        dmean2: 5.78126091568e-05
        dvar: 1.37493945118e-08
        dvar2: 3.54003830694e-08
        max: 0.000948661298025
        mean: 5.48617099412e-05
        min: 5.47779288596e-09
        var: 1.8018338821e-08
    spectral_energyband_middle_high:
        dmean: 0.000706835940946
        dmean2: 0.000993337132968
        dvar: 8.56579163155e-07
        dvar2: 1.88557885394e-06
        max: 0.0117510855198
        mean: 0.00208484963514
        min: 3.62966488865e-06
        var: 4.61439367427e-06
    spectral_energyband_middle_low:
        dmean: 0.000460235518403
        dmean2: 0.000667120795697
        dvar: 5.14004057095e-07
        dvar2: 1.1345381381e-06
        max: 0.00681512942538
        mean: 0.000888845650479
        min: 9.98741825242e-07
        var: 1.33649416512e-06
    spectral_flatness_db:
        dmean: 0.0232125669718
        dmean2: 0.0327594690025
        dvar: 0.000438896677224
        dvar2: 0.000951402646024
        max: 0.33591735363
        mean: 0.184001669288
        min: 0.092066757381
        var: 0.0022746308241
    spectral_flux:
        dmean: 0.0079957395792
        dmean2: 0.0127325272188
        dvar: 0.000102569298178
        dvar2: 0.000224539777264
        max: 0.0909458473325
        mean: 0.0330976136029
        min: 0.0014815335162
        var: 0.000358612043783
    spectral_kurtosis:
        dmean: 1.23812460899
        dmean2: 2.05257558823
        dvar: 1.86157524586
        dvar2: 5.10330247879
        max: 13.5171051025
        mean: 3.86819863319
        min: 0.285114049911
        var: 5.10798358917
    spectral_rms:
        dmean: 0.00027946443879
        dmean2: 0.000387050677091
        dvar: 1.15003579992e-07
        dvar2: 1.9805742113e-07
        max: 0.00374178704806
        mean: 0.00159150804393
        min: 7.95102823758e-05
        var: 7.61274634442e-07
    spectral_rolloff:
        dmean: 359.689361572
        dmean2: 546.077758789
        dvar: 223445.203125
        dvar2: 428044.0625
        max: 5340.234375
        mean: 3517.12353516
        min: 193.798828125
        var: 944323.5
    spectral_skewness:
        dmean: 0.180783838034
        dmean2: 0.290963351727
        dvar: 0.0294470712543
        dvar2: 0.078090749681
        max: 2.75236105919
        mean: 1.32219064236
        min: 0.482550054789
        var: 0.133950412273
    spectral_spread:
        dmean: 629871.9375
        dmean2: 827463.3125
        dvar: 452254138368
        dvar2: 758805495808
        max: 10096129
        mean: 4707672
        min: 2136048
        var: 2.52866881126e+12
    spectral_strongpeak:
        dmean: 0.696212649345
        dmean2: 1.14794611931
        dvar: 1.11742734909
        dvar2: 2.82105827332
        max: 11.1546564102
        mean: 1.15419328213
        min: 0.00734824547544
        var: 2.34670710564
    zerocrossingrate:
        dmean: 0.0106921074912
        dmean2: 0.0115521866828
        dvar: 8.89515577001e-05
        dvar2: 9.73261048784e-05
        max: 0.17822265625
        mean: 0.111895896494
        min: 0.01416015625
        var: 0.00104443053715
    barkbands:
        dmean: [3.83272293902e-08, 1.25436436065e-05, 3.09030911012e-05, 4.23680648964e-05, 9.50253161136e-05, 8.82097156136e-05, 8.93949982128e-05, 8.74185425346e-05, 0.000205517193535, 2.41473389906e-05, 4.43493772764e-05, 5.03329756611e-05, 5.59657528356e-05, 6.45368127152e-05, 8.49834032124e-05, 0.000115252179967, 0.000200109512662, 0.00025490639382, 0.000212446582736, 0.000203118790523, 8.70177827892e-05, 2.45223818638e-05, 4.8497267926e-06, 2.61116360889e-06, 1.7566585484e-06, 1.79778936626e-07, 2.67247934893e-09]
        dmean2: [5.95255400526e-08, 1.89028196473e-05, 5.34073442395e-05, 6.67634958518e-05, 0.000152328822878, 0.000139246229082, 0.000145380327012, 0.000122908764752, 0.000284207431832, 3.81343343179e-05, 6.95695707691e-05, 7.86980817793e-05, 8.53482633829e-05, 0.000109668435471, 0.000142209159094, 0.000177033653017, 0.000299353559967, 0.000400454213377, 0.000317052385071, 0.000290602823952, 0.000125254257, 3.4863849578e-05, 7.02991837898e-06, 3.72818544747e-06, 2.3850677735e-06, 2.70514703971e-07, 4.60545868108e-09]
        dvar: [1.49110900764e-14, 1.56857593581e-09, 1.13125295798e-08, 1.28905588426e-08, 2.49910261374e-08, 4.09697769044e-08, 7.41318686437e-08, 1.10901311245e-07, 2.58639630601e-07, 3.05625613706e-09, 1.72652381281e-08, 2.54311469661e-08, 3.23050244333e-08, 2.5766292211e-08, 6.45615614303e-08, 5.1085841335e-08, 1.24746847519e-07, 2.03574956004e-07, 8.71371312883e-08, 1.32589704549e-07, 2.49191653978e-08, 1.88935977974e-09, 8.26015644773e-11, 3.29867556881e-11, 1.50600244081e-11, 2.93094731428e-13, 1.5742078208e-16]
        dvar2: [3.48822702765e-14, 3.77130460194e-09, 3.21875326392e-08, 3.51666713527e-08, 6.51713065736e-08, 9.25622956061e-08, 1.88032643678e-07, 1.70093557017e-07, 5.69123244532e-07, 6.3446954357e-09, 4.02920221632e-08, 6.3203543732e-08, 7.73678507926e-08, 6.46198401455e-08, 1.73765641875e-07, 1.0894935798e-07, 2.52889066132e-07, 5.73332499698e-07, 2.03828861345e-07, 3.00627988281e-07, 5.09286230965e-08, 3.46351969327e-09, 1.89111629134e-10, 7.50144391048e-11, 2.933121801e-11, 7.16844552467e-13, 4.37527960292e-16]
        max: [1.16285116292e-06, 0.000412202614825, 0.000797351473011, 0.00132929952815, 0.00109351775609, 0.00237330584787, 0.003550715046, 0.00651546381414, 0.00554934097454, 0.00061842717696, 0.00182936317287, 0.0023389395792, 0.00204434827901, 0.00195670011453, 0.00250983610749, 0.003322502831, 0.00446033990011, 0.00396071374416, 0.00297675188631, 0.00552403926849, 0.00148404366337, 0.000351770577254, 9.4186856586e-05, 5.58558931516e-05, 4.48740684078e-05, 5.19269860888e-06, 1.68213460938e-07]
        mean: [4.06124733843e-08, 1.66722093127e-05, 3.81510435545e-05, 6.54160830891e-05, 0.000185680910363, 0.000121235752886, 0.000112914305646, 0.000115910595923, 0.000282713590423, 3.510175884e-05, 6.19345883024e-05, 5.85162670177e-05, 7.21449832781e-05, 8.53341625771e-05, 0.00010994389595, 0.00019786786288, 0.000390337663703, 0.000414422218455, 0.000392928312067, 0.000386958563467, 0.00016496713215, 5.12532315042e-05, 9.06147306523e-06, 4.03223839385e-06, 2.76726086668e-06, 2.22277691364e-07, 2.09711270571e-09]
        min: [4.12052553536e-12, 1.61332469606e-09, 1.62362034928e-09, 4.09777811683e-09, 3.30003501858e-07, 3.83688423256e-08, 1.33500899224e-08, 1.57386015331e-08, 5.12199918035e-08, 1.26950645551e-08, 2.90433828098e-08, 6.04291727768e-08, 8.87648994308e-08, 6.28812841796e-08, 3.93318266845e-08, 7.9195018543e-08, 1.24736203588e-07, 3.93887262362e-07, 5.43637099781e-07, 1.03258105355e-06, 1.74591193058e-07, 4.81324846646e-08, 5.26837684589e-09, 2.05680894538e-09, 1.18994392118e-09, 1.48046644388e-10, 1.49841554095e-12]
        var: [1.44669923963e-14, 1.99800465062e-09, 1.07576436648e-08, 1.88201507711e-08, 4.93357923403e-08, 5.93634368329e-08, 1.15759902997e-07, 2.30010286373e-07, 5.73712725327e-07, 5.85322279534e-09, 3.06053138388e-08, 2.82097118998e-08, 4.65913743142e-08, 4.06514431006e-08, 7.87934695268e-08, 1.42305921713e-07, 3.81058896437e-07, 4.00906799314e-07, 2.14254257003e-07, 3.58288360758e-07, 5.15785991695e-08, 4.56581883412e-09, 1.71010816619e-10, 5.38383643223e-11, 3.2142750267e-11, 3.48974077717e-13, 1.02618570955e-16]
    mfcc:
        mean: [-771.496337891, 71.6834793091, -66.0249786377, 49.5718040466, -25.6122837067, -16.3750934601, -11.5298013687, -11.7176322937, -11.5891590118, -17.1923389435, -9.68307495117, -10.6051540375, -7.54863548279]
        cov: [[8274.77148438, -1515.7512207, -35.5181388855, -313.790161133, -149.628356934, -204.764694214, -422.000335693, 127.48374939, 321.86706543, 235.67855835, 256.891113281, 96.19115448, -92.4004135132], [-1515.7512207, 1503.88977051, 199.245483398, 425.821960449, 145.281997681, 111.547157288, 250.645675659, 123.410316467, -25.3363132477, 40.0763664246, -29.2303657532, -68.5845108032, 5.33179330826], [-35.5181388855, 199.245483398, 1104.57800293, 330.161254883, 197.975967407, 162.73651123, 311.125579834, 12.1474428177, 13.8942747116, 12.5433664322, -101.397834778, 5.82498836517, 27.2998561859], [-313.790161133, 425.821960449, 330.161254883, 617.697631836, 317.983184814, 154.6015625, 193.578445435, 104.4114151, 45.5742607117, 38.5944747925, -74.557472229, -32.5139732361, 33.8459777832], [-149.628356934, 145.281997681, 197.975967407, 317.983184814, 417.065307617, 147.383178711, 87.108291626, 51.7692184448, 73.3537979126, 18.153377533, -62.2974815369, 18.1437263489, 18.6379985809], [-204.764694214, 111.547157288, 162.73651123, 154.6015625, 147.383178711, 251.865844727, 189.804138184, 76.9396209717, 13.658539772, 1.56512081623, -23.1877479553, 23.2937412262, 10.0055551529], [-422.000335693, 250.645675659, 311.125579834, 193.578445435, 87.108291626, 189.804138184, 430.835845947, 133.050979614, -19.8345508575, 7.60479402542, -15.2853345871, 22.6368350983, 20.6884250641], [127.48374939, 123.410316467, 12.1474428177, 104.4114151, 51.7692184448, 76.9396209717, 133.050979614, 181.159469604, 49.6870613098, 35.2239456177, 32.6152153015, 11.8056192398, 5.00353813171], [321.86706543, -25.3363132477, 13.8942747116, 45.5742607117, 73.3537979126, 13.658539772, -19.8345508575, 49.6870613098, 124.745162964, 58.6422271729, 6.66145420074, 4.85717439651, -8.62985134125], [235.67855835, 40.0763664246, 12.5433664322, 38.5944747925, 18.153377533, 1.56512081623, 7.60479402542, 35.2239456177, 58.6422271729, 130.314224243, 62.787815094, -3.17496490479, -18.8359031677], [256.891113281, -29.2303657532, -101.397834778, -74.557472229, -62.2974815369, -23.1877479553, -15.2853345871, 32.6152153015, 6.66145420074, 62.787815094, 134.967041016, 33.2087249756, -5.95582437515], [96.19115448, -68.5845108032, 5.82498836517, -32.5139732361, 18.1437263489, 23.2937412262, 22.6368350983, 11.8056192398, 4.85717439651, -3.17496490479, 33.2087249756, 85.5384674072, 26.9647350311], [-92.4004135132, 5.33179330826, 27.2998561859, 33.8459777832, 18.6379985809, 10.0055551529, 20.6884250641, 5.00353813171, -8.62985134125, -18.8359031677, -5.95582437515, 26.9647350311, 69.3397216797]]
        icov: [[0.000195131040527, 0.000195957807591, -0.000110088512884, -7.96104650362e-05, 9.77653980954e-05, 6.04326087341e-05, 0.000214955172851, -0.000301140942611, -0.000269555923296, -6.67565109325e-05, -0.00022230479226, -0.000108138563519, 0.000221033813432], [0.000195957807591, 0.00111512595322, -5.37358464499e-05, -0.000656503951177, 0.00012785360741, 0.000168824393768, -8.82603417267e-05, -0.000549003889319, 0.000215962674702, -0.000257038802374, -0.000318676378811, 0.000470391067211, 0.000270970078418], [-0.000110088512884, -5.37358464499e-05, 0.00149593246169, -0.000464707496576, -5.55518745387e-05, -1.12755342343e-05, -0.00127180234995, 0.00125109869987, -0.000264191359747, -0.000359737430699, 0.000838675303385, -0.000298392405966, -0.000141491094837], [-7.96104650362e-05, -0.000656503951177, -0.000464707496576, 0.00426915846765, -0.00252742902376, -0.000109227010398, -0.000263508467469, -0.00120718427934, 0.000823672104161, -0.0012941978639, 0.00102399615571, 0.00219228607602, -0.00210928334855], [9.77653980954e-05, 0.00012785360741, -5.55518745387e-05, -0.00252742902376, 0.00545480195433, -0.00189904728904, 0.00081280869199, 0.000486294797156, -0.00232862378471, 9.59364842856e-05, 0.00127997121308, -0.00247264746577, 0.000713965797331], [6.04326087341e-05, 0.000168824393768, -1.12755342343e-05, -0.000109227010398, -0.00189904728904, 0.0074490881525, -0.0025483216159, -0.000963806873187, 0.000152463573613, 0.000308981369017, 0.000406250765081, -0.001268710359, 0.00102191988844], [0.000214955172851, -8.82603417267e-05, -0.00127180234995, -0.000263508467469, 0.00081280869199, -0.0025483216159, 0.00602916209027, -0.0039739953354, 0.00251543824561, -0.00102070474532, 0.000752014981117, -0.00138715072535, 0.000199519825401], [-0.000301140942611, -0.000549003889319, 0.00125109869987, -0.00120718427934, 0.000486294797156, -0.000963806873187, -0.0039739953354, 0.0115315690637, -0.00521894032136, 0.00187214196194, -0.00329442857765, 0.00082168309018, -0.000643940235022], [-0.000269555923296, 0.000215962674702, -0.000264191359747, 0.000823672104161, -0.00232862378471, 0.000152463573613, 0.00251543824561, -0.00521894032136, 0.0156310498714, -0.0073266485706, 0.00440152268857, -0.00173132354394, 0.000562634842936], [-6.67565109325e-05, -0.000257038802374, -0.000359737430699, -0.0012941978639, 9.59364842856e-05, 0.000308981369017, -0.00102070474532, 0.00187214196194, -0.0073266485706, 0.0159052778035, -0.00910079665482, 0.00315364147536, 0.00220391247422], [-0.00022230479226, -0.000318676378811, 0.000838675303385, 0.00102399615571, 0.00127997121308, 0.000406250765081, 0.000752014981117, -0.00329442857765, 0.00440152268857, -0.00910079665482, 0.0162455979735, -0.00690422207117, 0.000664818566293], [-0.000108138563519, 0.000470391067211, -0.000298392405966, 0.00219228607602, -0.00247264746577, -0.001268710359, -0.00138715072535, 0.00082168309018, -0.00173132354394, 0.00315364147536, -0.00690422207117, 0.0194041617215, -0.00742829451337], [0.000221033813432, 0.000270970078418, -0.000141491094837, -0.00210928334855, 0.000713965797331, 0.00102191988844, 0.000199519825401, -0.000643940235022, 0.000562634842936, 0.00220391247422, 0.000664818566293, -0.00742829451337, 0.0190428290516]]
    spectral_contrast:
        mean: [-1.16638403824e-07, -2.19501899323e-07, -1.69723790577e-07, 1.14461712997e-07, -3.30216664679e-07, 6.80835796629e-07, 1.68286089774e-06, 8.80554637206e-07, -3.92032234231e-06, 1.12555744636e-06, -3.2380569337e-06, 2.122063961e-06]
        var: [0.000724078272469, 0.00160524854437, 0.00267590931617, 0.00339730083942, 0.00610260805115, 0.0144176548347, 0.0791207924485, 0.132244542241, 0.297455698252, 0.542737424374, 1.40381062031, 3.81041026115]

rhythm:
    beats_loudness:
        dmean: 0.0041591366753
        dmean2: 0.00714487908408
        dvar: 2.74102853837e-06
        dvar2: 1.25968090288e-05
        max: 0.0114955771714
        mean: 0.00621583126485
        min: 0.00151356181595
        var: 8.70652456797e-06
    beats_loudness_bass:
        dmean: 0.14179264009
        dmean2: 0.287809431553
        dvar: 0.0223651900887
        dvar2: 0.0806626528502
        max: 0.460590392351
        mean: 0.0753927901387
        min: 0.00123585725669
        var: 0.0159643106163
    bpm: 96.4521713257
    bpm_confidence: 0
    first_peak_bpm: 96
    first_peak_spread: 0
    first_peak_weight: 1
    onset_rate: 3.5888671875
    second_peak_bpm: 0
    second_peak_spread: 0
    second_peak_weight: 0
    beats_position: [0.14132656157, 0.764834105968, 1.38834166527, 2.01184916496, 2.63535666466, 3.25886392593, 3.88237166405, 4.50587940216, 5.12938690186, 5.75289440155, 6.38266849518, 7.00346660614, 7.62426519394, 8.24506282806, 8.86586093903, 9.48665904999]
    bpm_estimates: [96.621887207, 96.2462539673, 96.6168899536, 95.623046875, 96.4638442993, 95.5412979126, 95.8458175659, 96.3777084351, 96.5263061523, 96.4506072998, 96.3767852783, 96.5649719238, 96.7181777954, 97.2023620605, 97.324798584, 97.1149215698, 97.4193267822, 96.6679153442, 96.1648635864, 95.8326034546, 95.7951583862]
    bpm_intervals: [0.623507559299, 0.623507559299, 0.623507499695, 0.623507499695, 0.623507261276, 0.623507738113, 0.623507738113, 0.623507499695, 0.623507499695, 0.629774093628, 0.620798110962, 0.620798587799, 0.620797634125, 0.620798110962, 0.620798110962]
    onset_times: [0.0812698379159, 0.441179126501, 0.615328788757, 0.731428563595, 1.25387752056, 1.369977355, 1.64861679077, 1.88081634045, 2.03174614906, 2.36843538284, 2.60063481331, 2.92571425438, 3.07664394379, 3.25079369545, 3.3785033226, 3.52943301201, 3.87773251534, 4.19120168686, 4.60916090012, 5.10838985443, 5.38702964783, 5.49151945114, 5.70049905777, 6.22294807434, 6.3622674942, 6.66412687302, 6.97759628296, 7.18657588959, 7.60453510284, 7.94122457504, 8.23147392273, 8.53333377838, 8.74231338501, 8.84680271149, 9.06739234924, 9.4853515625]
    rubato_start: []
    rubato_stop: []
    perceptual_tempo: "unknown"

sfx:
    inharmonicity:
        dmean: 0.0739699155092
        dmean2: 0.130108386278
        dvar: 0.00615829089656
        dvar2: 0.0166712477803
        max: 0.43941026926
        mean: 0.0811121016741
        min: 2.986029358e-05
        var: 0.00659294705838
    oddtoevenharmonicenergyratio:
        dmean: 24.1602115631
        dmean2: 47.4102935791
        dvar: 26156.0332031
        dvar2: 78172.921875
        max: 2180.10791016
        mean: 13.3451070786
        min: 0.000391764653614
        var: 13242.2568359
    pitch_after_max_to_before_max_energy_ratio: 3.47186207771
    pitch_centroid: 263.471954346
    pitch_max_to_total: 0.432558149099
    pitch_min_to_total: 0.706976771355
    tristimulus:
        dmean: [0.172271728516, 0.289479583502, 0.169780209661]
        dmean2: [0.296539604664, 0.504094660282, 0.288250148296]
        dvar: [0.033420432359, 0.0623956471682, 0.029222227633]
        dvar2: [0.0903167799115, 0.164856612682, 0.0845466256142]
        max: [0.963211417198, 0.996114075184, 0.859242975712]
        mean: [0.256075739861, 0.494086295366, 0.175329133868]
        min: [0.00120012741536, 0, 0]
        var: [0.0513045676053, 0.0854917690158, 0.0355200134218]

tonal:
    chords_changes_rate: 0.171296298504
    chords_number_rate: 0.037037037313
    chords_strength:
        dmean: 0.0154308248311
        dmean2: 0.0180085431784
        dvar: 0.000125406426378
        dvar2: 0.000201469272724
        max: 0.724582016468
        mean: 0.440184235573
        min: 0.245834082365
        var: 0.0120155559853
    key_strength: 0.584773421288
    tuning_diatonic_strength: 0.504159927368
    tuning_equal_tempered_deviation: 0.210792720318
    tuning_frequency: 445.369720459
    tuning_nontempered_energy_ratio: 0.85628592968
    hpcp:
        dmean: [0.153131186962, 0.176933348179, 0.201898798347, 0.186310365796, 0.179460644722, 0.174023106694, 0.167038083076, 0.172097355127, 0.192337423563, 0.184166714549, 0.170629844069, 0.157602101564, 0.138593524694, 0.151865452528, 0.181626185775, 0.170507863164, 0.130195870996, 0.152385145426, 0.200032860041, 0.187271401286, 0.168473854661, 0.189036235213, 0.198277071118, 0.188558533788, 0.183345884085, 0.172200918198, 0.156907990575, 0.122582048178, 0.1163373366, 0.146755978465, 0.152286350727, 0.146380826831, 0.142178714275, 0.14386831224, 0.161808922887, 0.147723957896]
        dmean2: [0.251080393791, 0.297378659248, 0.335077166557, 0.310196399689, 0.305158674717, 0.298200726509, 0.278513878584, 0.282337516546, 0.320733934641, 0.308500796556, 0.295156776905, 0.266617923975, 0.229629084468, 0.251828014851, 0.295976519585, 0.277433991432, 0.213349178433, 0.243872657418, 0.333032697439, 0.318672895432, 0.277152061462, 0.305693149567, 0.323394566774, 0.309968799353, 0.305235117674, 0.289811134338, 0.270540505648, 0.211495369673, 0.197188869119, 0.2522149086, 0.262080818415, 0.247868925333, 0.232634648681, 0.23754248023, 0.260799497366, 0.243153706193]
        dvar: [0.0320802740753, 0.0410301610827, 0.0482404828072, 0.0441508255899, 0.0453798063099, 0.0475578010082, 0.0355930291116, 0.0369975455105, 0.0402464829385, 0.0415743850172, 0.0419154912233, 0.0376088954508, 0.0327060818672, 0.0351478941739, 0.0473140105605, 0.0419948883355, 0.0264863707125, 0.0304358880967, 0.0566149242222, 0.0488081984222, 0.0422090739012, 0.0522065125406, 0.0493750758469, 0.0425678566098, 0.0496028885245, 0.0405511073768, 0.041779588908, 0.0304879788309, 0.0290622971952, 0.0451604574919, 0.0396845899522, 0.0329284518957, 0.0349393449724, 0.0308683346957, 0.0366936288774, 0.0286097750068]
        dvar2: [0.082535803318, 0.10407371074, 0.113856315613, 0.110046222806, 0.107295364141, 0.116151191294, 0.0954351574183, 0.092375010252, 0.0993733108044, 0.0949248373508, 0.106709398329, 0.106951214373, 0.0888396576047, 0.0904794931412, 0.111031666398, 0.0987408161163, 0.0750303193927, 0.0688062384725, 0.135446578264, 0.12322036922, 0.101857818663, 0.122169420123, 0.123533979058, 0.102966114879, 0.101054146886, 0.0921187475324, 0.102885663509, 0.0702798888087, 0.0791005939245, 0.122069187462, 0.101828724146, 0.092549726367, 0.0863496139646, 0.075737722218, 0.0987378060818, 0.0745082572103]
        max: [1, 1, 1, 1, 1, 1, 1, 1, 1, 1, 1, 0.984753668308, 1, 1, 1, 1, 0.891715228558, 1, 1, 1, 1, 1, 1, 1, 1, 1, 1, 1, 1, 1, 1, 1, 1, 1, 1, 1]
        mean: [0.217333003879, 0.24009861052, 0.278970301151, 0.265767067671, 0.236847996712, 0.211788371205, 0.196144878864, 0.238138392568, 0.282027512789, 0.262082904577, 0.208464249969, 0.181199148297, 0.169253066182, 0.188052460551, 0.247259110212, 0.243468016386, 0.184296682477, 0.240914255381, 0.323415577412, 0.270824193954, 0.219584003091, 0.227337166667, 0.22381773591, 0.242880985141, 0.256557822227, 0.220777332783, 0.185667544603, 0.149172902107, 0.133181557059, 0.163695678115, 0.183354064822, 0.205951586366, 0.251764833927, 0.26418581605, 0.236964762211, 0.218569666147]
        min: [0.00245321099646, 0.00382123491727, 0.00316506624222, 0.00149543886073, 0.00161772011779, 0.00304279080592, 0.00245112506673, 0.00313687464222, 0.00354753923602, 0.00245167803951, 0.00120181718376, 0.000309662078507, 0.000386309955502, 0.000447130412795, 0.000631807663012, 0.000699428317603, 0.000828734308016, 0.000420748256147, 0.000310894654831, 0.00146411382593, 0.000970755121671, 0.000900011102203, 0.0010269159684, 0.00290078367107, 0.00389749486931, 0.00107331736945, 0.000234939914662, 0.000238998181885, 0.000560678425245, 0.00126998033375, 0.00100897310767, 0.00155613326933, 0.000996424583718, 0.000703908735886, 0.00072251947131, 0.00693325931206]
        var: [0.0440665446222, 0.0538895986974, 0.0885107964277, 0.0662823244929, 0.0665247067809, 0.0586492344737, 0.0467180423439, 0.0651195496321, 0.0758649632335, 0.0644497722387, 0.0478827059269, 0.0411988459527, 0.0413898080587, 0.0487774796784, 0.0733821243048, 0.0623731836677, 0.0335712917149, 0.0644153282046, 0.113880716264, 0.0737243294716, 0.0645117163658, 0.072923541069, 0.0693681761622, 0.0750997513533, 0.0876497924328, 0.059665247798, 0.0585092455149, 0.0447521060705, 0.0321535989642, 0.0461752153933, 0.0504545159638, 0.0507614463568, 0.0821941718459, 0.079389154911, 0.062754675746, 0.044141355902]
    chords_histogram: [1.85185182095, 0, 22.2222213745, 0.925925910473, 0, 1.38888883591, 0, 0, 3.24074077606, 12.9629631042, 0, 0, 0.925925910473, 0, 0.462962955236, 6.48148155212, 0, 0.925925910473, 0, 0, 0, 4.62962961197, 43.9814796448, 0]
    thpcp: [1, 0.837387621403, 0.678953111172, 0.702925860882, 0.692043781281, 0.750987291336, 0.793276011944, 0.682642877102, 0.574083507061, 0.461242169142, 0.411796987057, 0.506146550179, 0.566930234432, 0.636801719666, 0.778456091881, 0.816861748695, 0.732694327831, 0.675816774368, 0.671993017197, 0.742384195328, 0.862575352192, 0.821750998497, 0.732333302498, 0.654848992825, 0.606479406357, 0.736323177814, 0.872028231621, 0.810359537601, 0.644570827484, 0.560267210007, 0.523329973221, 0.581457674503, 0.764524459839, 0.752802371979, 0.569844782352, 0.744906187057]
    chords_key: "G#"
    chords_scale: "major"
    key_key: "D#"
    key_scale: "major"
    chords_progression: ["G#m", "G#", "G#", "G#", "G#", "G#m", "G#m", "G#m", "G#", "G#m", "G#m", "G#", "G#", "G#", "G#m", "G#m", "G#m", "G#m", "G#", "G#", "G#", "G#m", "G#", "G#m", "G#", "G#", "G#m", "G#m", "G#", "G#", "G#", "G#", "G#", "G#", "G#", "G#", "G#", "G#", "G#", "G#", "G#", "G#", "G#", "G#", "G#", "Am", "Am", "Am", "D#", "D#", "D#", "A#", "A#", "A#", "D#", "D#m", "D#m", "A#", "A#", "A#", "A#", "A#", "A#", "A#", "A#", "A#", "A#", "A#", "A#", "A#", "A#", "A#", "A#", "A#", "A#", "A#", "A#", "A#", "A#", "A#", "A#", "A#", "A#", "A#", "A#", "A#", "A#", "A#", "A#", "A#", "A#", "Fm", "Fm", "Fm", "A#", "A#", "A#", "A", "A", "Fm", "Fm", "A#", "A#", "A#", "A#", "A#", "A#", "A#", "A#", "Fm", "Dm", "G#", "Dm", "G#", "G#", "G#", "G#", "G#", "G#", "G#", "G#", "G#", "G#", "G#", "G#", "G#", "G#", "G#", "G#", "G#", "G#", "G#", "G#", "G#", "G#", "G#", "G#", "G#", "G#", "G#", "G#", "G#", "G#", "G#", "G#", "G#", "G", "G", "G", "G", "G", "G", "Bm", "E", "Bm", "Bm", "Bm", "Bm", "Bm", "Bm", "Bm", "Bm", "Bm", "Bm", "Bm", "Bm", "Bm", "Bm", "Bm", "Bm", "Bm", "Bm", "Bm", "Bm", "Bm", "Bm", "Bm", "Bm", "Bm", "Bm", "Bm", "G", "G#", "G#", "G#", "G#", "G#", "G#", "G#", "G#", "G#", "G#", "G#", "G#", "G#", "G#", "G#", "G#", "G#", "G#", "G#", "G#", "G#", "G#", "G#", "G#", "G#", "G#", "G#", "G#", "Fm", "Fm", "Fm", "Fm", "G#", "G#"]
