
metadata:
    version:
        essentia: "1.2.2"
    audio_properties:
        analysis_sample_rate: 44100
        bitrate: 128
        channels: 2
        equal_loudness: 1
        length: 2.4816327095
        replay_gain: -6.5387878418
        downmix: "mix"
    tags:
        track: 21
        year: 0
        album: "Splitted by Mp3Splt v. 2.1"
        artist: "From 003.20 To 003.30"
        comment: "http://mp3splt.sf.net"
        genre: ""
        title: "02 Stronger.mp3"

highlevel:
    ballroom:
        all:
            ChaChaCha: 0.069461748004
            Jive: 0.0454481802881
            Quickstep: 0.13756403327
            Rumba-American: 0.00272740446962
            Rumba-International: 0.00261198473163
            Rumba-Misc: 0.00344559899531
            Samba: 0.0414676181972
            Tango: 0.653958678246
            VienneseWaltz: 0.0120273577049
            Waltz: 0.0312874279916
        probability: 0.653958678246
        value: "Tango"
    culture:
        all:
            non_western: 0.843307197094
            western: 0.156692773104
        probability: 0.843307197094
        value: "non_western"
    gender:
        all:
            female: 0.73984515667
            male: 0.260154813528
        probability: 0.73984515667
        value: "female"
    genre_dortmund:
        all:
            alternative: 0.0683902204037
            blues: 0.000589049130213
            electronic: 0.857243418694
            folkcountry: 0.0047906730324
            funksoulrnb: 0.000888961134478
            jazz: 0.00772027019411
            pop: 0.00850912090391
            raphiphop: 0.000110874083475
            rock: 0.0517573952675
        probability: 0.857243418694
        value: "electronic"
    genre_electronica:
        all:
            ambient: 0.933263778687
            dnb: 0.0181727744639
            house: 0.00258852518164
            techno: 0.00334281101823
            trance: 0.042632099241
        probability: 0.933263778687
        value: "ambient"
    genre_rosamerica:
        all:
            cla: 0.525359094143
            dan: 0.025603864342
            hip: 0.0273120198399
            jaz: 0.0112339388579
            pop: 0.0191334746778
            rhy: 0.0302619077265
            roc: 0.356661945581
            spe: 0.0044337422587
        probability: 0.525359094143
        value: "cla"
    genre_tzanetakis:
        all:
            blu: 0.0450939536095
            cla: 0.515395522118
            cou: 0.0237713921815
            dis: 0.05485156551
            hip: 0.0154133727774
            jaz: 0.0604075677693
            met: 0.0335124358535
            pop: 0.0896180123091
            reg: 0.0532339327037
            roc: 0.108702234924
        probability: 0.515395522118
        value: "cla"
    live_studio:
        all:
            live: 0.905801594257
            studio: 0.0941984057426
        probability: 0.905801594257
        value: "live"
    mood:
        all:
            Cluster1: 0.404041111469
            Cluster2: 0.0552964918315
            Cluster3: 0.0489512644708
            Cluster4: 0.0421545021236
            Cluster5: 0.449556618929
        probability: 0.449556618929
        value: "Cluster5"
    mood_acoustic:
        all:
            acoustic: 0.234586209059
            not_acoustic: 0.765413820744
        probability: 0.765413820744
        value: "not_acoustic"
    mood_aggressive:
        all:
            aggressive: 0.344678372145
            not_aggressive: 0.655321598053
        probability: 0.655321598053
        value: "not_aggressive"
    mood_electronic:
        all:
            electronic: 0.792070388794
            not_electronic: 0.207929596305
        probability: 0.792070388794
        value: "electronic"
    mood_happy:
        all:
            happy: 0.157067418098
            not_happy: 0.842932581902
        probability: 0.842932581902
        value: "not_happy"
    mood_party:
        all:
            not_party: 0.560019314289
            party: 0.439980655909
        probability: 0.560019314289
        value: "not_party"
    mood_relaxed:
        all:
            not_relaxed: 0.433185130358
            relaxed: 0.566814899445
        probability: 0.566814899445
        value: "relaxed"
    mood_sad:
        all:
            not_sad: 0.40356490016
            sad: 0.596435129642
        probability: 0.596435129642
        value: "sad"
    rhythm:
        all:
            fast: 0.59103423357
            medium: 0.390191078186
            slow: 0.0187746640295
        probability: 0.59103423357
        value: "fast"
    speech_music:
        all:
            music: 0.0593212433159
            speech: 0.940678775311
        probability: 0.940678775311
        value: "speech"
    timbre:
        all:
            bright: 0.249924644828
            dark: 0.750075340271
        probability: 0.750075340271
        value: "dark"
    voice_instrumental:
        all:
            instrumental: 0.918137788773
            voice: 0.0818621814251
        probability: 0.918137788773
        value: "instrumental"

lowlevel:
    average_loudness: 0.673521280289
    barkbands_kurtosis:
        dmean: 0.792308986187
        dmean2: 1.37166881561
        dvar: 1.22100841999
        dvar2: 3.25988793373
        max: 6.42284202576
        mean: 0.651555836201
        min: -0.694360971451
        var: 1.69067800045
    barkbands_skewness:
        dmean: 0.310084819794
        dmean2: 0.494384139776
        dvar: 0.0968282595277
        dvar2: 0.259304851294
        max: 2.2209842205
        mean: 0.543500840664
        min: -0.0684707388282
        var: 0.200939178467
    barkbands_spread:
        dmean: 2.19953846931
        dmean2: 3.62470173836
        dvar: 3.04731106758
        dvar2: 6.99663305283
        max: 21.7026767731
        mean: 12.8687562943
        min: 5.13146591187
        var: 11.4899349213
    dissonance:
        dmean: 0.0200940743089
        dmean2: 0.0318201333284
        dvar: 0.000449360988569
        dvar2: 0.000879824918229
        max: 0.499392002821
        mean: 0.473664224148
        min: 0.387613266706
        var: 0.000651201407891
    hfc:
        dmean: 0.48562720418
        dmean2: 0.687350034714
        dvar: 1.32366073132
        dvar2: 2.2560710907
        max: 17.8209152222
        mean: 2.05822300911
        min: 0.00507635762915
        var: 15.5855979919
    pitch:
        dmean: 351.990112305
        dmean2: 620.847717285
        dvar: 90232.671875
        dvar2: 221120.140625
        max: 1075.60974121
        mean: 477.93572998
        min: 51.2790679932
        var: 108379.929688
    pitch_instantaneous_confidence:
        dmean: 0.0887863710523
        dmean2: 0.149691864848
        dvar: 0.00641133775935
        dvar2: 0.0128322448581
        max: 0.803988754749
        mean: 0.34532648325
        min: 0.164644062519
        var: 0.0227156635374
    pitch_salience:
        dmean: 0.0578863061965
        dmean2: 0.104190513492
        dvar: 0.00364267639816
        dvar2: 0.00926443375647
        max: 0.822174012661
        mean: 0.707848548889
        min: 0.365321308374
        var: 0.00768622709438
    silence_rate_20dB:
        dmean: 0
        dmean2: 0
        dvar: 0
        dvar2: 0
        max: 1
        mean: 1
        min: 1
        var: 0
    silence_rate_30dB:
        dmean: 0
        dmean2: 0
        dvar: 0
        dvar2: 0
        max: 1
        mean: 1
        min: 1
        var: 0
    silence_rate_60dB:
        dmean: 0.0253164563328
        dmean2: 0.0512820519507
        dvar: 0.0246754847467
        dvar2: 0.0486521236598
        max: 1
        mean: 0.912500023842
        min: 0
        var: 0.0798436254263
    spectral_centroid:
        dmean: 97.3824234009
        dmean2: 146.113952637
        dvar: 6250.76953125
        dvar2: 16139.5791016
        max: 1586.37341309
        mean: 1342.41186523
        min: 1024.82409668
        var: 25067.6953125
    spectral_complexity:
        dmean: 1.15999996662
        dmean2: 1.32653057575
        dvar: 4.45439863205
        dvar2: 3.11786842346
        max: 36
        mean: 4.15686273575
        min: 0
        var: 47.7009086609
    spectral_crest:
        dmean: 2.51267290115
        dmean2: 3.99805307388
        dvar: 5.51961135864
        dvar2: 15.6715736389
        max: 20.8756408691
        mean: 7.45259141922
        min: 3.43003869057
        var: 12.2908229828
    spectral_decrease:
        dmean: 1.28625804452e-10
        dmean2: 1.93600233067e-10
        dvar: 9.54486939999e-20
        dvar2: 2.19528564693e-19
        max: -1.06455447756e-12
        mean: -3.97841065647e-10
        min: -3.79240105985e-09
        var: 6.64749844003e-19
    spectral_energy:
        dmean: 0.00052540958859
        dmean2: 0.000792556791566
        dvar: 1.59784076459e-06
        dvar2: 3.60873718819e-06
        max: 0.0158473197371
        mean: 0.00168823031709
        min: 4.47831371275e-06
        var: 1.17872705232e-05
    spectral_energyband_high:
        dmean: 1.14360127554e-05
        dmean2: 1.41799418998e-05
        dvar: 9.70542535228e-10
        dvar2: 1.14967413367e-09
        max: 0.000465089338832
        mean: 4.66735764348e-05
        min: 1.1124272703e-07
        var: 7.37963734565e-09
    spectral_energyband_low:
        dmean: 7.10734911991e-06
        dmean2: 7.46826844988e-06
        dvar: 6.20161477727e-10
        dvar2: 1.03570862997e-09
        max: 0.000214050684008
        mean: 9.58398049988e-06
        min: 1.09633591094e-09
        var: 1.27004828876e-09
    spectral_energyband_middle_high:
        dmean: 0.000450378109235
        dmean2: 0.000705159211066
        dvar: 9.48749004692e-07
        dvar2: 2.71716430689e-06
        max: 0.0108178127557
        mean: 0.00125082547311
        min: 3.01943009617e-06
        var: 5.81991480431e-06
    spectral_energyband_middle_low:
        dmean: 0.000122280180221
        dmean2: 0.000168129918166
        dvar: 1.64692195881e-07
        dvar2: 1.82717300845e-07
        max: 0.00467245141044
        mean: 0.000381142715923
        min: 1.06081438389e-06
        var: 9.55573796091e-07
    spectral_flatness_db:
        dmean: 0.0131828840822
        dmean2: 0.0223152060062
        dvar: 0.000212288912735
        dvar2: 0.000590104202274
        max: 0.253141194582
        mean: 0.168113574386
        min: 0.121426902711
        var: 0.000717915594578
    spectral_flux:
        dmean: 0.0037302877754
        dmean2: 0.00462725246325
        dvar: 7.04956692061e-05
        dvar2: 7.70374317653e-05
        max: 0.118305563927
        mean: 0.0171645190567
        min: 0.00116438313853
        var: 0.000480516493553
    spectral_kurtosis:
        dmean: 1.26247692108
        dmean2: 2.16193270683
        dvar: 1.07002460957
        dvar2: 3.42149949074
        max: 9.51934623718
        mean: 5.53748178482
        min: 3.8252158165
        var: 1.50630962849
    spectral_rms:
        dmean: 0.000129042891786
        dmean2: 0.000196888504433
        dvar: 4.82874398244e-08
        dvar2: 1.22545046111e-07
        max: 0.00393202248961
        mean: 0.000860331230797
        min: 6.60990626784e-05
        var: 9.06884338292e-07
    spectral_rolloff:
        dmean: 194.229492188
        dmean2: 330.908203125
        dvar: 30519.1503906
        dvar2: 70681.5703125
        max: 2670.1171875
        mean: 1995.40991211
        min: 1248.92578125
        var: 113422.507812
    spectral_skewness:
        dmean: 0.147218689322
        dmean2: 0.250296443701
        dvar: 0.0168917477131
        dvar2: 0.0460172593594
        max: 2.40167951584
        mean: 1.90292930603
        min: 1.61985504627
        var: 0.0285964477807
    spectral_spread:
        dmean: 242264.078125
        dmean2: 387439.78125
        dvar: 26838319104
        dvar2: 84718092288
        max: 4329817.5
        mean: 3705815.75
        min: 3129234.25
        var: 78294016000
    spectral_strongpeak:
        dmean: 0.195000946522
        dmean2: 0.325653284788
        dvar: 0.0860473066568
        dvar2: 0.267059862614
        max: 2.12718701363
        mean: 0.34295502305
        min: 0.0124968513846
        var: 0.195244848728
    zerocrossingrate:
        dmean: 0.00382812507451
        dmean2: 0.00571986613795
        dvar: 7.60421789892e-06
        dvar2: 1.19598544188e-05
        max: 0.08154296875
        mean: 0.065573297441
        min: 0.05322265625
        var: 3.95802417188e-05
    barkbands:
        dmean: [4.53334116912e-08, 1.6692168856e-06, 5.62312834518e-06, 9.73294754658e-06, 4.93441366416e-05, 3.42751482094e-05, 2.09410682146e-05, 3.22316882375e-05, 3.28426976921e-05, 0.00033910953789, 5.57778766961e-05, 4.15874928876e-05, 2.63029523921e-05, 9.39184319577e-05, 2.13748080569e-05, 3.31710507453e-05, 1.15972597996e-05, 7.89098248788e-06, 1.49422612594e-05, 6.97048153597e-06, 6.07516494711e-06, 3.49546917278e-06, 2.16985256429e-07, 1.17501187447e-07, 7.10263776682e-08, 5.68186386829e-09, 9.43690611765e-11]
        dmean2: [6.73909354987e-08, 2.38124425778e-06, 6.15261387793e-06, 1.75406021299e-05, 2.86177328235e-05, 4.87769430038e-05, 3.25874389091e-05, 3.95404931623e-05, 4.26570877607e-05, 0.000576803926378, 9.06643253984e-05, 5.6237771787e-05, 3.47203240381e-05, 0.000152776847244, 3.46767119481e-05, 3.21488296322e-05, 1.55046454893e-05, 9.25514268602e-06, 1.79331073014e-05, 1.13243731903e-05, 8.64221419761e-06, 4.38447341367e-06, 2.1585833565e-07, 1.49930301063e-07, 1.1924004184e-07, 9.41077349381e-09, 1.66682764813e-10]
        dvar: [7.7605302623e-15, 2.51154444464e-11, 4.25947943583e-10, 2.49264076047e-09, 3.05075325002e-08, 1.70295386681e-08, 4.96324581434e-09, 1.01206083514e-08, 5.0293658127e-09, 7.46335445001e-07, 1.33468267549e-08, 6.4231526764e-09, 2.4718158631e-09, 4.9966626392e-08, 1.5856490565e-09, 1.23584724676e-08, 7.46242734273e-10, 3.06165537367e-10, 4.23444435071e-09, 5.62988322628e-10, 2.13909473468e-10, 1.66765518061e-10, 3.20786068065e-13, 7.13871710768e-14, 3.03865378768e-14, 1.61327456851e-16, 6.08752779686e-20]
        dvar2: [1.92751935561e-14, 5.846112483e-11, 6.72126132528e-10, 5.3017257251e-09, 1.2329706145e-08, 3.52896663003e-08, 1.34454731793e-08, 1.6798612279e-08, 5.32877741932e-09, 2.28080079978e-06, 2.95851094734e-08, 1.18180052411e-08, 4.02154887169e-09, 1.10336308978e-07, 3.87338872088e-09, 1.01044399514e-08, 9.9193786518e-10, 2.73167183318e-10, 4.10991862765e-09, 8.48541292786e-10, 4.37894304151e-10, 1.71424124895e-10, 1.58117740906e-13, 7.6148411036e-14, 8.20377362505e-14, 4.11075809563e-16, 1.82835000741e-19]
        max: [4.59881420056e-07, 3.37712735927e-05, 0.000180209390237, 0.000383160979254, 0.00235579814762, 0.00102455541492, 0.000549888587557, 0.000773988082074, 0.000805279414635, 0.00527885556221, 0.00114528345875, 0.000940454774536, 0.000551185104996, 0.00204634689726, 0.000267278781394, 0.00129210366867, 0.000348721368937, 0.000250083627179, 0.000660913821775, 0.000256506406004, 0.00018423095753, 0.000145271871588, 8.33741796669e-06, 4.03288504458e-06, 1.63079903359e-06, 1.19485321193e-07, 1.26455690364e-09]
        mean: [7.51058308879e-08, 1.54112490236e-06, 7.97393295215e-06, 2.28720400628e-05, 0.000120104872622, 6.23035739409e-05, 3.52005408786e-05, 4.88985424454e-05, 6.963807391e-05, 0.000541493238416, 0.000124075930216, 0.000110816996312, 5.67559764022e-05, 0.000214757994399, 4.68033504148e-05, 7.40459799999e-05, 3.28671449097e-05, 2.63763558905e-05, 3.27370107698e-05, 2.55996055785e-05, 2.16130956687e-05, 1.03844304249e-05, 6.86960731855e-07, 4.08638868521e-07, 1.8461727791e-07, 1.65698246235e-08, 7.77416395148e-11]
        min: [1.57644188502e-12, 6.47811179699e-11, 1.01309893807e-09, 1.4987023178e-08, 2.64222649093e-07, 1.22873373698e-07, 2.21228280139e-08, 7.9444248513e-08, 1.84769660905e-07, 5.40929534054e-07, 2.48003402703e-07, 2.49582114975e-07, 1.9847290389e-07, 3.75424804133e-07, 1.168956274e-07, 1.46820568148e-07, 7.83176119512e-08, 7.25047897276e-08, 5.2818823093e-08, 5.18408462824e-08, 4.79698520905e-08, 1.81200636717e-08, 9.82468550959e-10, 7.85247755708e-10, 3.25234672527e-10, 2.63258703032e-11, 3.40491252814e-14]
        var: [1.56299313634e-14, 2.44282441497e-11, 9.60335255762e-10, 6.58695187283e-09, 1.6452725049e-07, 3.55573916977e-08, 7.4674435524e-09, 1.62486255562e-08, 2.01113863341e-08, 1.54114229645e-06, 4.71098324795e-08, 3.32590843755e-08, 9.51738421406e-09, 1.83214822869e-07, 4.26727675418e-09, 3.96149957282e-08, 4.72399053209e-09, 2.01066141514e-09, 9.43292555178e-09, 3.23008575442e-09, 1.31711441753e-09, 5.38809830086e-10, 1.97553106686e-12, 5.82083047127e-13, 1.09705735436e-13, 9.37195581083e-16, 4.60226426095e-20]
    mfcc:
        mean: [-872.252319336, 114.083450317, -85.4306182861, -0.638487577438, -41.3560523987, -0.767460465431, -6.7959690094, -16.1281147003, -0.166889414191, -18.5491580963, -12.5079860687, -17.7724304199, -15.5346717834]
        cov: [[17428.9667969, 398.374603271, 887.934814453, 442.554321289, 519.842529297, 353.753601074, 280.659790039, 227.847091675, 144.831344604, 349.112854004, 254.556640625, 86.5817184448, 197.556991577], [398.374603271, 138.593902588, 81.7344512939, 57.1194534302, 28.4908351898, 7.16900444031, -4.48502063751, 14.4119949341, 28.2338066101, 29.7731742859, 10.4248657227, 3.13180732727, -3.68533182144], [887.934814453, 81.7344512939, 106.687614441, 75.7888259888, 56.0290489197, 22.3650150299, 14.4350318909, 13.1605758667, 19.693353653, 18.8411197662, 13.5042991638, 16.8056335449, 24.7170333862], [442.554321289, 57.1194534302, 75.7888259888, 110.955490112, 74.3647842407, 20.3954219818, 13.4114961624, 1.10376012325, 8.46251487732, -11.6068019867, -7.00908470154, 25.5012969971, 49.8042678833], [519.842529297, 28.4908351898, 56.0290489197, 74.3647842407, 73.7592163086, 30.2369289398, 21.3542938232, 10.884062767, 11.2343454361, -8.81744480133, -0.0034861182794, 24.158788681, 37.6056098938], [353.753601074, 7.16900444031, 22.3650150299, 20.3954219818, 30.2369289398, 46.5588035583, 25.7144775391, 19.8476696014, 16.8878974915, 2.00211906433, -0.153476506472, -10.21879673, 4.27283525467], [280.659790039, -4.48502063751, 14.4350318909, 13.4114961624, 21.3542938232, 25.7144775391, 27.9429569244, 19.2772140503, 10.6185474396, -0.602128922939, -0.948576569557, 0.530457019806, 5.55289268494], [227.847091675, 14.4119949341, 13.1605758667, 1.10376012325, 10.884062767, 19.8476696014, 19.2772140503, 36.7833938599, 24.561208725, 13.3617868423, 2.90299963951, -8.1520242691, -4.12531089783], [144.831344604, 28.2338066101, 19.693353653, 8.46251487732, 11.2343454361, 16.8878974915, 10.6185474396, 24.561208725, 32.1885147095, 18.0095596313, 7.08049058914, -1.64950990677, 2.41477656364], [349.112854004, 29.7731742859, 18.8411197662, -11.6068019867, -8.81744480133, 2.00211906433, -0.602128922939, 13.3617868423, 18.0095596313, 46.0366973877, 22.636516571, -1.04481220245, -7.77839517593], [254.556640625, 10.4248657227, 13.5042991638, -7.00908470154, -0.0034861182794, -0.153476506472, -0.948576569557, 2.90299963951, 7.08049058914, 22.636516571, 28.1088199615, 14.1668844223, 5.07077884674], [86.5817184448, 3.13180732727, 16.8056335449, 25.5012969971, 24.158788681, -10.21879673, 0.530457019806, -8.1520242691, -1.64950990677, -1.04481220245, 14.1668844223, 44.7399673462, 33.6970863342], [197.556991577, -3.68533182144, 24.7170333862, 49.8042678833, 37.6056098938, 4.27283525467, 5.55289268494, -4.12531089783, 2.41477656364, -7.77839517593, 5.07077884674, 33.6970863342, 62.9400978088]]
        icov: [[0.000185600016266, 0.000281196756987, -0.00158634968102, 0.000881445128471, -0.00133988866583, 0.000259267777437, -0.00101047195494, -0.000169267324964, 0.00138097035233, -0.00125325866975, -0.000609833048657, 0.00108381663449, -0.000518589513376], [0.000281196756987, 0.027287947014, -0.0162576772273, -0.0170398894697, 0.00801634322852, -0.00390879996121, 0.0218499265611, -0.00797835364938, -0.0107507351786, -0.00683016190305, 0.00127269455697, -0.00733163626865, 0.016999438405], [-0.00158634968102, -0.0162576772273, 0.0516077838838, -0.0213594269007, -0.000755206856411, 0.00467292638496, -0.00939213857055, 0.00684429844841, -0.00830231979489, 0.00370762310922, -0.0128286695108, 0.00125406263396, 0.00321228243411], [0.000881445128471, -0.0170398894697, -0.0213594269007, 0.0753106698394, -0.0534179806709, 0.0148638179526, -0.0186157822609, 0.019450660795, 0.00715772109106, -0.00394958863035, 0.0226483363658, 0.01920905523, -0.0340165905654], [-0.00133988866583, 0.00801634322852, -0.000755206856411, -0.0534179806709, 0.105076536536, -0.0533112771809, 0.027929764241, -0.0287754852325, 0.000632594688796, 0.0194490142167, 0.00930387713015, -0.0555799081922, 0.015114990063], [0.000259267777437, -0.00390879996121, 0.00467292638496, 0.0148638179526, -0.0533112771809, 0.0992064997554, -0.0751986131072, 0.0337752848864, -0.0298120938241, 0.0037449025549, -0.0315168276429, 0.0658987909555, -0.0118089728057], [-0.00101047195494, 0.0218499265611, -0.00939213857055, -0.0186157822609, 0.027929764241, -0.0751986131072, 0.151779770851, -0.0703702718019, 0.0151343215257, 0.00564561085775, 0.0295163989067, -0.0573257245123, 0.0217147301883], [-0.000169267324964, -0.00797835364938, 0.00684429844841, 0.019450660795, -0.0287754852325, 0.0337752848864, -0.0703702718019, 0.104365520179, -0.0600925646722, -0.00422429526225, -0.00443618325517, 0.0340636447072, -0.00616230722517], [0.00138097035233, -0.0107507351786, -0.00830231979489, 0.00715772109106, 0.000632594688796, -0.0298120938241, 0.0151343215257, -0.0600925646722, 0.108177423477, -0.0265709105879, 0.00487573910505, -0.00864694826305, -0.014193075709], [-0.00125325866975, -0.00683016190305, 0.00370762310922, -0.00394958863035, 0.0194490142167, 0.0037449025549, 0.00564561085775, -0.00422429526225, -0.0265709105879, 0.0681364536285, -0.0389476008713, 0.00395146710798, 0.00301573984325], [-0.000609833048657, 0.00127269455697, -0.0128286695108, 0.0226483363658, 0.00930387713015, -0.0315168276429, 0.0295163989067, -0.00443618325517, 0.00487573910505, -0.0389476008713, 0.112069711089, -0.0554136484861, -0.0015708549181], [0.00108381663449, -0.00733163626865, 0.00125406263396, 0.01920905523, -0.0555799081922, 0.0658987909555, -0.0573257245123, 0.0340636447072, -0.00864694826305, 0.00395146710798, -0.0554136484861, 0.104244679213, -0.0340255461633], [-0.000518589513376, 0.016999438405, 0.00321228243411, -0.0340165905654, 0.015114990063, -0.0118089728057, 0.0217147301883, -0.00616230722517, -0.014193075709, 0.00301573984325, -0.0015708549181, -0.0340255461633, 0.0528785213828]]
    spectral_contrast:
        mean: [-1.45870686197e-07, 6.66534774041e-08, -2.51018832387e-07, -7.15840098309e-09, 3.38344023021e-07, -1.28102513486e-07, -1.09392055947e-06, -1.13015084935e-06, 1.44921102674e-06, -7.95897335593e-07, -1.22364826893e-06, 1.30896478368e-06]
        var: [3.87493455491e-05, 7.73271385697e-05, 0.000199179208721, 0.000637181976344, 0.000920638791285, 0.00182433612645, 0.00858510844409, 0.0278835557401, 0.0595443621278, 0.148135781288, 0.226864024997, 9.76844787598]

rhythm:
    beats_loudness:
        dmean: 0.0050603155978
        dmean2: 0.00704963086173
        dvar: 4.23184865213e-05
        dvar2: 4.13412926719e-05
        max: 0.0151920141652
        mean: 0.00407672533765
        min: 1.10673508971e-05
        var: 4.13068191847e-05
    beats_loudness_bass:
        dmean: 0.00752271572128
        dmean2: 0.00960479211062
        dvar: 7.86419041106e-05
        dvar2: 7.7132419392e-05
        max: 0.0254921838641
        mean: 0.00940571352839
        min: 0.00292403739877
        var: 8.70758231031e-05
    bpm: 182.670257568
    bpm_confidence: 0
    first_peak_bpm: 183
    first_peak_spread: 0
    first_peak_weight: 1
    onset_rate: 0.402960509062
    second_peak_bpm: 0
    second_peak_spread: 0
    second_peak_weight: 0
    beats_position: [0.0559217147529, 0.384382426739, 0.712843120098, 1.04130387306]
    bpm_estimates: [182.670257568]
    bpm_intervals: [0.328460723162, 0.328460693359, 0.328460752964]
    onset_times: [0.0464399084449]
    rubato_start: []
    rubato_stop: []
    perceptual_tempo: "unknown"

sfx:
    inharmonicity:
        dmean: 0.0580506846309
        dmean2: 0.106109552085
        dvar: 0.00265316478908
        dvar2: 0.00760059757158
        max: 0.248828783631
        mean: 0.0606893599033
        min: 0.00715058343485
        var: 0.00253969081677
    oddtoevenharmonicenergyratio:
        dmean: 3.38163781166
        dmean2: 6.63262367249
        dvar: 30.8515338898
        dvar2: 86.4583435059
        max: 22.6901054382
        mean: 2.49726033211
        min: 0.142519131303
        var: 17.798324585
    pitch_after_max_to_before_max_energy_ratio: 0.47799038887
    pitch_centroid: 26.349571228
    pitch_max_to_total: 0.784313738346
    pitch_min_to_total: 0.803921580315
    tristimulus:
        dmean: [0.12410992384, 0.207876250148, 0.0942968353629]
        dmean2: [0.215422675014, 0.361391961575, 0.172743856907]
        dvar: [0.0120966555551, 0.0488571487367, 0.00592477666214]
        dvar2: [0.0394605919719, 0.129097476602, 0.0149118378758]
        max: [0.506352841854, 0.965422332287, 0.274974614382]
        mean: [0.18711014092, 0.657518267632, 0.105014041066]
        min: [0.00162103876937, 0, 0]
        var: [0.016149463132, 0.0525788329542, 0.00716381426901]

tonal:
    chords_changes_rate: 0.111111111939
    chords_number_rate: 0.074074074626
    chords_strength:
        dmean: 0.00317107024603
        dmean2: 0.00537530891597
        dvar: 3.12236225e-05
        dvar2: 6.29099813523e-05
        max: 0.564788162708
        mean: 0.557844817638
        min: 0.530267894268
        var: 9.47093649302e-05
    key_strength: 0.568231463432
    tuning_diatonic_strength: 0.490232646465
    tuning_equal_tempered_deviation: 0.137674629688
    tuning_frequency: 437.971466064
    tuning_nontempered_energy_ratio: 0.769159436226
    hpcp:
        dmean: [0.184841066599, 0.0755047276616, 0.0963124334812, 0.122444950044, 0.111441105604, 0.227613538504, 0.264421522617, 0.183160454035, 0.208337649703, 0.180213466287, 0.106703825295, 0.127385348082, 0.118397936225, 0.208264365792, 0.155542850494, 0.0891326144338, 0.0848511829972, 0.117935888469, 0.20191192627, 0.160451263189, 0.081130489707, 0.0962711200118, 0.157564401627, 0.12344609201, 0.0995865315199, 0.0969266742468, 0.11038800329, 0.0771313980222, 0.051656153053, 0.116196744144, 0.14657188952, 0.224227756262, 0.236970826983, 0.201780378819, 0.331016272306, 0.2312091887]
        dmean2: [0.312098920345, 0.0984023958445, 0.116886876523, 0.184590116143, 0.138605505228, 0.308885663748, 0.413842320442, 0.30569255352, 0.317501187325, 0.296522080898, 0.185781896114, 0.222616612911, 0.18549387157, 0.34077462554, 0.26291462779, 0.146284624934, 0.129191815853, 0.161919549108, 0.303010642529, 0.257560491562, 0.110690958798, 0.122765034437, 0.233673304319, 0.196953594685, 0.164894506335, 0.131446480751, 0.168842792511, 0.11250847578, 0.0726281180978, 0.15074416995, 0.208700433373, 0.422696650028, 0.359050929546, 0.343500167131, 0.498348772526, 0.371049642563]
        dvar: [0.0344993621111, 0.00532437954098, 0.0118041532114, 0.0360671840608, 0.0141665684059, 0.0401290096343, 0.0745488554239, 0.0220352280885, 0.0262862239033, 0.0199016854167, 0.0141058070585, 0.0296585261822, 0.0152839161456, 0.0448232479393, 0.0263294372708, 0.005943457596, 0.00520212156698, 0.0140831517056, 0.0324473530054, 0.0189278721809, 0.00692849839106, 0.0123678585514, 0.0298180114478, 0.0231669768691, 0.02055490762, 0.0071434979327, 0.0116046480834, 0.00661820638925, 0.00218533887528, 0.0158768184483, 0.0186108723283, 0.0400515124202, 0.021171271801, 0.0435428284109, 0.0516216978431, 0.0530278123915]
        dvar2: [0.0902552306652, 0.0109793599695, 0.0172901358455, 0.0735449790955, 0.0181283578277, 0.0911845117807, 0.148996680975, 0.0365985482931, 0.0685008615255, 0.0448923297226, 0.0172217991203, 0.0461324267089, 0.0260977596045, 0.0827887505293, 0.0412153825164, 0.0117564965039, 0.00823188107461, 0.0143875172362, 0.0448186695576, 0.0317628495395, 0.0150846745819, 0.0172504708171, 0.0462662801147, 0.0327176563442, 0.0317078791559, 0.00800924934447, 0.0201889723539, 0.0172082334757, 0.00288269738667, 0.0181467253715, 0.0233305189759, 0.0886498764157, 0.0698706880212, 0.103108294308, 0.124730959535, 0.132973536849]
        max: [0.767140090466, 0.411652207375, 0.651009559631, 0.802275538445, 0.734231173992, 1, 1, 0.763159036636, 0.779446840286, 0.762231826782, 0.485120534897, 0.695776700974, 0.623508751392, 1, 0.720880270004, 0.394382029772, 0.425757139921, 0.692980527878, 1, 0.694332897663, 0.473986119032, 0.642223238945, 0.930658817291, 0.703566014767, 0.627600848675, 0.441498547792, 0.505431234837, 0.406252712011, 0.321175724268, 0.792226731777, 0.839079320431, 0.90370965004, 1, 1, 1, 1]
        mean: [0.22245465219, 0.126074284315, 0.164247006178, 0.223886549473, 0.211353182793, 0.447655320168, 0.499899148941, 0.311109185219, 0.35576146841, 0.277740120888, 0.179129675031, 0.176666930318, 0.224012434483, 0.380386710167, 0.280684202909, 0.155554562807, 0.17268063128, 0.24338337779, 0.358962863684, 0.256354629993, 0.127935767174, 0.174198493361, 0.223599404097, 0.169572621584, 0.127288326621, 0.148176208138, 0.170542135835, 0.138069793582, 0.126024603844, 0.221800684929, 0.251996666193, 0.260684728622, 0.560964763165, 0.816800415516, 0.537835717201, 0.267258197069]
        min: [0.00929247401655, 0.0137915816158, 0.0225708521903, 0.0226612072438, 0.0179697461426, 0.0345286913216, 0.0618350021541, 0.0631286278367, 0.0195418708026, 0.0109102884308, 0.0142017193139, 0.0179461985826, 0.0188879482448, 0.0268066134304, 0.0233050137758, 0.0228032562882, 0.0298567246646, 0.0497375801206, 0.055218283087, 0.0416744984686, 0.017717635259, 0.014487573877, 0.0155771691352, 0.00950250308961, 0.00878068245947, 0.0106231682003, 0.0136636402458, 0.0108662033454, 0.0173092968762, 0.0345199070871, 0.0315235480666, 0.0294339526445, 0.179895266891, 0.33994448185, 0.112611114979, 0.00674822600558]
        var: [0.0417885072529, 0.0105328932405, 0.0324686691165, 0.0646122097969, 0.0417414419353, 0.101651474833, 0.113751992583, 0.0390136241913, 0.0579921454191, 0.0417575389147, 0.0235836021602, 0.0416421443224, 0.0364642590284, 0.103481970727, 0.0548982694745, 0.013491849415, 0.0138218225911, 0.0338741019368, 0.0695162415504, 0.0342782437801, 0.0134642282501, 0.0326485782862, 0.062774553895, 0.0378252342343, 0.0267939213663, 0.0155316907912, 0.0180432256311, 0.01024473086, 0.008444766514, 0.0412408076227, 0.0446063950658, 0.0465740486979, 0.0600215345621, 0.0553493313491, 0.0906523764133, 0.0680663511157]
    chords_histogram: [74.0740737915, 0, 0, 0, 0, 0, 0, 25.9259262085, 0, 0, 0, 0, 0, 0, 0, 0, 0, 0, 0, 0, 0, 0, 0, 0]
    thpcp: [1, 0.658466517925, 0.327201336622, 0.272348850965, 0.154351398349, 0.201085850596, 0.274101912975, 0.258757442236, 0.548059642315, 0.612021148205, 0.380887657404, 0.435554951429, 0.340034246445, 0.219306543469, 0.216291427612, 0.274256020784, 0.465703368187, 0.343638658524, 0.190443783998, 0.211411044002, 0.297971665859, 0.439474403858, 0.313852220774, 0.156630396843, 0.213269352913, 0.27375036478, 0.207605943084, 0.155837729573, 0.181410551071, 0.20879290998, 0.169037371874, 0.154290571809, 0.271548211575, 0.308516830206, 0.319153517485, 0.686783134937]
    chords_key: "G#"
    chords_scale: "minor"
    key_key: "G#"
    key_scale: "minor"
    chords_progression: ["G#", "G#", "G#", "G#", "G#", "G#", "G#m", "G#m", "G#m", "G#m", "G#m", "G#m", "G#m", "G#m", "G#m", "G#m", "G#m", "G#m", "G#m", "G#m", "G#m", "G#m", "G#", "G#m", "G#m", "G#m", "G#m"]
