
metadata:
    version:
        essentia: "1.2.2"
    audio_properties:
        analysis_sample_rate: 44100
        bitrate: 128
        channels: 2
        equal_loudness: 1
        length: 10.0571432114
        replay_gain: -7.37669181824
        downmix: "mix"
    tags:
        track: 34
        year: 0
        album: "Splitted by Mp3Splt v. 2.1"
        artist: "From 005.30 To 005.40"
        comment: "http://mp3splt.sf.net"
        genre: ""
        title: "01 Europa Endlos.mp3"

highlevel:
    ballroom:
        all:
            ChaChaCha: 0.30494120717
            Jive: 0.0569361336529
            Quickstep: 0.0218272283673
            Rumba-American: 0.00793281011283
            Rumba-International: 0.0533044077456
            Rumba-Misc: 0.137161359191
            Samba: 0.395974367857
            Tango: 0.00761159323156
            VienneseWaltz: 0.00565287284553
            Waltz: 0.00865801051259
        probability: 0.395974367857
        value: "Samba"
    culture:
        all:
            non_western: 0.23345144093
            western: 0.766548573971
        probability: 0.766548573971
        value: "western"
    gender:
        all:
            female: 0.725892841816
            male: 0.274107128382
        probability: 0.725892841816
        value: "female"
    genre_dortmund:
        all:
            alternative: 0.102500200272
            blues: 0.00409703794867
            electronic: 0.415248125792
            folkcountry: 0.0643172562122
            funksoulrnb: 0.020479336381
            jazz: 0.160624995828
            pop: 0.0725882649422
            raphiphop: 0.107298567891
            rock: 0.0528462231159
        probability: 0.415248125792
        value: "electronic"
    genre_electronica:
        all:
            ambient: 0.232832223177
            dnb: 0.0198800563812
            house: 0.290623784065
            techno: 0.0227191355079
            trance: 0.433944821358
        probability: 0.433944821358
        value: "trance"
    genre_rosamerica:
        all:
            cla: 0.0945705845952
            dan: 0.384194999933
            hip: 0.0353388041258
            jaz: 0.0642078965902
            pop: 0.0769086033106
            rhy: 0.310865551233
            roc: 0.027274703607
            spe: 0.00663884636015
        probability: 0.384194999933
        value: "dan"
    genre_tzanetakis:
        all:
            blu: 0.0305909607559
            cla: 0.0723257213831
            cou: 0.031594440341
            dis: 0.0754341632128
            hip: 0.0393968708813
            jaz: 0.0349559299648
            met: 0.0173361171037
            pop: 0.474972099066
            reg: 0.122724294662
            roc: 0.100669384003
        probability: 0.474972099066
        value: "pop"
    live_studio:
        all:
            live: 0.302561968565
            studio: 0.697438001633
        probability: 0.697438001633
        value: "studio"
    mood:
        all:
            Cluster1: 0.40054410696
            Cluster2: 0.187392041087
            Cluster3: 0.327194780111
            Cluster4: 0.0657060071826
            Cluster5: 0.0191630739719
        probability: 0.40054410696
        value: "Cluster1"
    mood_acoustic:
        all:
            acoustic: 0.212585583329
            not_acoustic: 0.787414431572
        probability: 0.787414431572
        value: "not_acoustic"
    mood_aggressive:
        all:
            aggressive: 1.07900086732e-05
            not_aggressive: 0.999989211559
        probability: 0.999989211559
        value: "not_aggressive"
    mood_electronic:
        all:
            electronic: 0.869608044624
            not_electronic: 0.130391940475
        probability: 0.869608044624
        value: "electronic"
    mood_happy:
        all:
            happy: 0.20358273387
            not_happy: 0.796417295933
        probability: 0.796417295933
        value: "not_happy"
    mood_party:
        all:
            not_party: 0.739750564098
            party: 0.260249406099
        probability: 0.739750564098
        value: "not_party"
    mood_relaxed:
        all:
            not_relaxed: 0.291398614645
            relaxed: 0.708601355553
        probability: 0.708601355553
        value: "relaxed"
    mood_sad:
        all:
            not_sad: 0.143091931939
            sad: 0.856908082962
        probability: 0.856908082962
        value: "sad"
    rhythm:
        all:
            fast: 0.943737626076
            medium: 0.0367224998772
            slow: 0.019539874047
        probability: 0.943737626076
        value: "fast"
    speech_music:
        all:
            music: 0.999694645405
            speech: 0.000305367459077
        probability: 0.999694645405
        value: "music"
    timbre:
        all:
            bright: 0.373150378466
            dark: 0.626849591732
        probability: 0.626849591732
        value: "dark"
    voice_instrumental:
        all:
            instrumental: 0.984185695648
            voice: 0.015814319253
        probability: 0.984185695648
        value: "instrumental"

lowlevel:
    average_loudness: 0.977127969265
    barkbands_kurtosis:
        dmean: 2.28678178787
        dmean2: 3.39568257332
        dvar: 8.13700199127
        dvar2: 21.9817295074
        max: 18.3819293976
        mean: 1.71011292934
        min: -1.64604818821
        var: 10.6332597733
    barkbands_skewness:
        dmean: 0.577779054642
        dmean2: 0.818459033966
        dvar: 0.295884102583
        dvar2: 0.803807795048
        max: 4.00786733627
        mean: 1.2079526186
        min: -0.619533240795
        var: 0.636952221394
    barkbands_spread:
        dmean: 7.35385560989
        dmean2: 10.4238042831
        dvar: 43.8430252075
        dvar2: 90.5755081177
        max: 54.7785377502
        mean: 23.1521873474
        min: 3.34112262726
        var: 115.974082947
    dissonance:
        dmean: 0.0362390987575
        dmean2: 0.0585051700473
        dvar: 0.00115019653458
        dvar2: 0.00264814007096
        max: 0.489118874073
        mean: 0.415745615959
        min: 0.0179632846266
        var: 0.00225524720736
    hfc:
        dmean: 1.25140678883
        dmean2: 1.83950209618
        dvar: 8.00410366058
        dvar2: 19.8799324036
        max: 23.8936824799
        mean: 1.75770103931
        min: 0.000130085725687
        var: 7.89014816284
    pitch:
        dmean: 134.11668396
        dmean2: 260.555084229
        dvar: 135685.296875
        dvar2: 375588.25
        max: 2594.11767578
        mean: 287.407592773
        min: 92.0668029785
        var: 90481.859375
    pitch_instantaneous_confidence:
        dmean: 0.104608789086
        dmean2: 0.159411385655
        dvar: 0.0101309996098
        dvar2: 0.0223287250847
        max: 0.900508522987
        mean: 0.60660469532
        min: 0.169345796108
        var: 0.021291743964
    pitch_salience:
        dmean: 0.0682459846139
        dmean2: 0.111825600266
        dvar: 0.00405301852152
        dvar2: 0.0111529901624
        max: 0.878509700298
        mean: 0.529125928879
        min: 0.282198220491
        var: 0.00766332214698
    silence_rate_20dB:
        dmean: 0
        dmean2: 0
        dvar: 0
        dvar2: 0
        max: 1
        mean: 1
        min: 1
        var: 0
    silence_rate_30dB:
        dmean: 0
        dmean2: 0
        dvar: 0
        dvar2: 0
        max: 1
        mean: 1
        min: 1
        var: 0
    silence_rate_60dB:
        dmean: 0.0877598151565
        dmean2: 0.175925925374
        dvar: 0.0800580978394
        dvar2: 0.149605363607
        max: 1
        mean: 0.87788015604
        min: 0
        var: 0.107206210494
    spectral_centroid:
        dmean: 310.82119751
        dmean2: 437.560333252
        dvar: 109405.78125
        dvar2: 250822.765625
        max: 2947.11523438
        mean: 1102.99816895
        min: 244.821014404
        var: 206606.125
    spectral_complexity:
        dmean: 2.1832947731
        dmean2: 3.22558140755
        dvar: 9.03601264954
        dvar2: 20.8118247986
        max: 24
        mean: 5.01620388031
        min: 0
        var: 14.9974298477
    spectral_crest:
        dmean: 2.86540055275
        dmean2: 4.42672157288
        dvar: 5.35917186737
        dvar2: 13.1351194382
        max: 21.6650753021
        mean: 10.0624923706
        min: 2.93490743637
        var: 13.7831039429
    spectral_decrease:
        dmean: 4.62597682382e-10
        dmean2: 7.81561204644e-10
        dvar: 1.50625877573e-18
        dvar2: 4.16017130117e-18
        max: -1.77021110715e-14
        mean: -4.99592256453e-10
        min: -8.90451268276e-09
        var: 1.05744877333e-18
    spectral_energy:
        dmean: 0.00185357872397
        dmean2: 0.00310555868782
        dvar: 2.35539955611e-05
        dvar2: 6.47591223242e-05
        max: 0.0354378186166
        mean: 0.00204500509426
        min: 7.86109950468e-08
        var: 1.68606784428e-05
    spectral_energyband_high:
        dmean: 7.48220772948e-05
        dmean2: 0.000107773099444
        dvar: 3.33104743788e-08
        dvar2: 7.92413601403e-08
        max: 0.00162997527514
        mean: 9.38009325182e-05
        min: 6.8355863192e-09
        var: 3.55676554875e-08
    spectral_energyband_low:
        dmean: 0.000419694581069
        dmean2: 0.000769239850342
        dvar: 2.96289886137e-06
        dvar2: 8.52150515129e-06
        max: 0.0121432486922
        mean: 0.000333501695422
        min: 1.38739304489e-08
        var: 1.75852301254e-06
    spectral_energyband_middle_high:
        dmean: 0.000261609326117
        dmean2: 0.000399283948354
        dvar: 2.65093291318e-07
        dvar2: 6.35273352145e-07
        max: 0.00490753073245
        mean: 0.000433422013884
        min: 3.31327356662e-08
        var: 2.99761779843e-07
    spectral_energyband_middle_low:
        dmean: 0.00117678497918
        dmean2: 0.00200659432448
        dvar: 1.25636779558e-05
        dvar2: 3.50926347892e-05
        max: 0.0305201802403
        mean: 0.00118427025154
        min: 2.1654550153e-08
        var: 8.34769980429e-06
    spectral_flatness_db:
        dmean: 0.0290055833757
        dmean2: 0.0423749536276
        dvar: 0.000790410151239
        dvar2: 0.00178728229366
        max: 0.311832308769
        mean: 0.173618018627
        min: 0.0250108446926
        var: 0.0021634681616
    spectral_flux:
        dmean: 0.012965622358
        dmean2: 0.0197508204728
        dvar: 0.000547078961972
        dvar2: 0.00105348986108
        max: 0.171641841531
        mean: 0.0242971535772
        min: 0.00387758552097
        var: 0.000760669354349
    spectral_kurtosis:
        dmean: 2.14997053146
        dmean2: 3.45400834084
        dvar: 12.4128408432
        dvar2: 25.8902931213
        max: 26.7782249451
        mean: 3.79989123344
        min: -0.981588125229
        var: 30.459608078
    spectral_rms:
        dmean: 0.000424049678259
        dmean2: 0.00061737903161
        dvar: 5.9846337308e-07
        dvar2: 1.52768564021e-06
        max: 0.00587992183864
        mean: 0.00115324929357
        min: 8.75749083207e-06
        var: 6.6514229502e-07
    spectral_rolloff:
        dmean: 886.558105469
        dmean2: 1446.58032227
        dvar: 911160
        dvar2: 1661792.5
        max: 7041.35742188
        mean: 1963.15991211
        min: 236.865234375
        var: 1569392.75
    spectral_skewness:
        dmean: 0.292415261269
        dmean2: 0.44591408968
        dvar: 0.137701034546
        dvar2: 0.269489258528
        max: 3.63321900368
        mean: 1.45985770226
        min: 0.336173504591
        var: 0.463243335485
    spectral_spread:
        dmean: 1074538.875
        dmean2: 1220249.5
        dvar: 1.75944210842e+12
        dvar2: 2.48096043827e+12
        max: 31111886
        mean: 7266229.5
        min: 1781588
        var: 1.31740488172e+13
    spectral_strongpeak:
        dmean: 0.175998613238
        dmean2: 0.298808902502
        dvar: 0.0836656913161
        dvar2: 0.234188333154
        max: 2.55335068703
        mean: 0.325416356325
        min: 0
        var: 0.0673299431801
    zerocrossingrate:
        dmean: 0.0123339165002
        dmean2: 0.0140874814242
        dvar: 0.000116721610539
        dvar2: 0.000157160189701
        max: 0.1669921875
        mean: 0.0712472423911
        min: 0.00439453125
        var: 0.000624895154033
    barkbands:
        dmean: [3.59122395821e-07, 0.000102407444501, 0.000329603644786, 0.00053552252939, 0.000484207150294, 8.44344249344e-05, 5.12154656462e-05, 4.36982954852e-05, 5.39018765267e-05, 1.83638185263e-05, 7.39008683013e-05, 2.51641158684e-05, 6.84907445248e-06, 9.38701759878e-06, 2.34833751165e-05, 3.25080800394e-05, 6.95046401233e-05, 3.94267226511e-05, 3.60995836672e-05, 4.51737978437e-05, 4.07903025916e-05, 1.10379887701e-05, 4.88361501993e-06, 3.96162704419e-06, 3.80146434509e-06, 1.99764343733e-07, 2.11175299469e-09]
        dmean2: [5.54911196105e-07, 0.000189481928828, 0.000591170391999, 0.000986221479252, 0.000812869169749, 0.00014404283138, 7.05160273355e-05, 6.26272012596e-05, 7.6880423876e-05, 2.96486196021e-05, 0.000120461823826, 4.0686376451e-05, 1.04786604425e-05, 1.36779726745e-05, 3.2337007724e-05, 5.55184960831e-05, 0.000110147797386, 6.30452050245e-05, 5.67167589907e-05, 7.11212414899e-05, 6.04510423727e-05, 1.70826097019e-05, 7.53803124098e-06, 6.32815545032e-06, 6.15971521256e-06, 3.32363441657e-07, 3.276668048e-09]
        dvar: [1.84494476987e-12, 2.28262578617e-07, 1.62741491749e-06, 3.88093167203e-06, 2.27056102631e-06, 6.08648349498e-08, 9.28714349868e-09, 2.74981704074e-09, 8.56728910037e-09, 6.29480800818e-10, 7.68841701415e-09, 1.09706155271e-09, 1.07552577955e-10, 2.5688132177e-10, 1.97347294062e-09, 1.18403473692e-08, 5.37537623302e-08, 7.88764165094e-09, 4.0623966413e-09, 9.76085345883e-09, 8.04034971935e-09, 9.13256303914e-10, 4.19982937316e-11, 1.24057486506e-10, 1.9640031268e-10, 6.22248400809e-13, 5.10089275946e-16]
        dvar2: [3.52385286749e-12, 6.56155293655e-07, 4.70336726721e-06, 1.07615251181e-05, 6.43122621113e-06, 1.75270699287e-07, 1.62965552164e-08, 5.47705125697e-09, 1.61462523351e-08, 1.62911639734e-09, 2.10530632927e-08, 2.95913116233e-09, 2.37796282665e-10, 5.4926385662e-10, 3.6229890199e-09, 2.83681558244e-08, 1.37405407941e-07, 2.02290824092e-08, 9.21109499785e-09, 2.40374760097e-08, 1.84911765899e-08, 2.11866746369e-09, 8.49107242851e-11, 3.05350689178e-10, 4.89412399496e-10, 1.61134560556e-12, 1.27866431415e-15]
        max: [1.0209481843e-05, 0.00350137101486, 0.00907201878726, 0.0158299207687, 0.013354908675, 0.00179212563671, 0.00163007853553, 0.000583965331316, 0.000934354262426, 0.000206311116926, 0.000633313611615, 0.000263337802608, 0.000113829228212, 0.000168266124092, 0.000444683857495, 0.000978858210146, 0.00242126989178, 0.000800695561338, 0.000477868627058, 0.000778688059654, 0.000829834141769, 0.000289455405436, 4.04190577683e-05, 0.000101573823486, 9.5331153716e-05, 5.53871677766e-06, 3.31595742864e-07]
        mean: [3.43184922258e-07, 6.21826329734e-05, 0.000270987336989, 0.000335302029271, 0.000500188732985, 8.91779272933e-05, 8.52003213367e-05, 8.28818010632e-05, 9.04081898625e-05, 2.71074331977e-05, 0.000121580247651, 3.57026037818e-05, 9.01871590031e-06, 1.07921705421e-05, 3.23076310451e-05, 2.58832278632e-05, 6.82579193381e-05, 3.96927098336e-05, 3.48282082996e-05, 4.63133765152e-05, 4.10816246585e-05, 1.31004035211e-05, 1.27399061967e-05, 6.10350070929e-06, 3.66081917491e-06, 1.62203804166e-07, 1.24637355992e-09]
        min: [1.66933064594e-11, 1.49987977593e-09, 3.47342243856e-09, 2.17276663328e-09, 2.20367368797e-09, 2.20139950713e-09, 2.69688094079e-09, 3.14123216327e-09, 8.1230400184e-09, 4.20124290912e-09, 1.78810055651e-09, 8.53081161267e-09, 2.87009016553e-09, 5.12453057766e-09, 2.2478379158e-09, 1.82323112163e-09, 2.27375318573e-09, 2.75802741756e-10, 4.16444878582e-09, 1.29273070026e-09, 7.46349038128e-10, 1.02186070716e-09, 1.87111881544e-09, 5.52848156143e-10, 4.20779827648e-10, 2.92005655766e-11, 4.17325475934e-14]
        var: [2.1481375706e-12, 1.31301135298e-07, 9.75224793365e-07, 2.4257944915e-06, 1.57124179623e-06, 4.09627531894e-08, 2.4141513677e-08, 6.71433042498e-09, 1.96881835279e-08, 1.17127019195e-09, 1.72930008091e-08, 1.5318529778e-09, 1.43471692859e-10, 3.36925348732e-10, 4.10244282989e-09, 1.0039922671e-08, 4.55845743375e-08, 6.65225430296e-09, 4.16011491922e-09, 9.88537252056e-09, 8.68072103088e-09, 9.19276155198e-10, 1.33904914934e-10, 1.13150613879e-10, 1.56980581312e-10, 4.60497308688e-13, 2.57307221794e-16]
    mfcc:
        mean: [-800.717163086, 110.326118469, -20.3544559479, 21.5627365112, -29.2298088074, -12.7014045715, -6.78424263, 4.02131319046, -11.0921592712, -13.1284170151, -14.9939136505, -3.7283217907, -6.30844020844]
        cov: [[5868.16259766, -1949.52404785, 1888.03149414, 397.754211426, 932.08605957, 388.082641602, -91.9303741455, -95.4736404419, 95.281867981, 252.406799316, -133.640228271, -75.0752334595, -29.8747081757], [-1949.52404785, 1954.69616699, -1181.3918457, 520.585449219, -320.100067139, -81.9704208374, 236.902816772, -37.890953064, 108.498641968, -146.823074341, 112.201873779, 64.9081268311, 63.9487838745], [1888.03149414, -1181.3918457, 1447.62854004, -217.484573364, 435.68347168, 171.563232422, -182.401977539, 79.2131958008, -75.3100967407, 183.90145874, -85.2698364258, -42.9812812805, -25.1841945648], [397.754211426, 520.585449219, -217.484573364, 663.266357422, 96.9296951294, 129.748168945, 182.074539185, -71.2979431152, 174.386245728, 22.8891811371, 73.1193008423, 33.7040634155, 34.1481323242], [932.08605957, -320.100067139, 435.68347168, 96.9296951294, 307.805389404, 118.172943115, -35.9359931946, -9.12703895569, 51.655330658, 39.6888580322, -32.3871955872, -15.8725748062, -14.3265895844], [388.082641602, -81.9704208374, 171.563232422, 129.748168945, 118.172943115, 147.180953979, 61.0426979065, -9.87529754639, 36.2196731567, 41.4023628235, -14.5192470551, -5.02123641968, 20.8067989349], [-91.9303741455, 236.902816772, -182.401977539, 182.074539185, -35.9359931946, 61.0426979065, 151.333602905, 3.45948195457, 22.1037483215, 6.08903360367, 27.7712173462, 9.82031059265, 40.9050292969], [-95.4736404419, -37.890953064, 79.2131958008, -71.2979431152, -9.12703895569, -9.87529754639, 3.45948195457, 99.9635772705, -10.6000852585, 13.0306940079, 13.6520729065, 12.2990980148, -3.12416362762], [95.281867981, 108.498641968, -75.3100967407, 174.386245728, 51.655330658, 36.2196731567, 22.1037483215, -10.6000852585, 188.227661133, 25.8544063568, -5.78814935684, -4.56215667725, -13.0362110138], [252.406799316, -146.823074341, 183.90145874, 22.8891811371, 39.6888580322, 41.4023628235, 6.08903360367, 13.0306940079, 25.8544063568, 197.875183105, 51.0217285156, -16.2803611755, 53.014339447], [-133.640228271, 112.201873779, -85.2698364258, 73.1193008423, -32.3871955872, -14.5192470551, 27.7712173462, 13.6520729065, -5.78814935684, 51.0217285156, 127.227752686, 51.0948791504, 0.889348864555], [-75.0752334595, 64.9081268311, -42.9812812805, 33.7040634155, -15.8725748062, -5.02123641968, 9.82031059265, 12.2990980148, -4.56215667725, -16.2803611755, 51.0948791504, 84.0654983521, 10.0518627167], [-29.8747081757, 63.9487838745, -25.1841945648, 34.1481323242, -14.3265895844, 20.8067989349, 40.9050292969, -3.12416362762, -13.0362110138, 53.014339447, 0.889348864555, 10.0518627167, 108.043479919]]
        icov: [[0.000629222544376, 0.000544211070519, -0.000400546618039, -0.00084774766583, -0.000865912006702, 0.000876235135365, -0.000640797719825, 0.000549312157091, 0.00020910310559, -0.000158088194439, 0.000504521944094, -0.000179711831152, 0.000116741255624], [0.000544211070519, 0.00187489716336, 0.00056354701519, -0.00196863943711, -0.00027126565692, 0.000696919101756, 0.000119975076814, -0.000657318159938, 0.000501742819324, 0.00038583931746, 0.000277052604361, 0.000192366860574, -0.000589242088608], [-0.000400546618039, 0.00056354701519, 0.00381496292539, -0.000434507121099, -0.00187095522415, -0.00288790953346, 0.00386608368717, -0.00358937866986, 0.00272373831831, -0.00278815417551, 0.00226943916641, -0.00102290615905, 0.00109604815952], [-0.00084774766583, -0.00196863943711, -0.000434507121099, 0.00701723014936, -0.00100583920721, -0.00105593877379, -0.00494860252365, 0.00370545592159, -0.00413929019123, 0.00112300156616, -0.00373368710279, -0.00018680850917, -0.000340048485668], [-0.000865912006702, -0.00027126565692, -0.00187095522415, -0.00100583920721, 0.0112859318033, -0.00629115151241, 0.00500720273703, -0.000584648107179, -0.00230008549988, 0.00325315655209, -0.00257939402945, 0.00238804891706, -0.00147635105532], [0.000876235135365, 0.000696919101756, -0.00288790953346, -0.00105593877379, -0.00629115151241, 0.0213448554277, -0.0136926751584, 0.00468388944864, -0.00103486038279, -0.00253840140067, 0.00458089401945, -0.00328936963342, 0.0012540667085], [-0.000640797719825, 0.000119975076814, 0.00386608368717, -0.00494860252365, 0.00500720273703, -0.0136926751584, 0.0241435207427, -0.00897475052625, 0.00392651790753, 0.000948579341639, -0.0016434690915, 0.0038157410454, -0.0042154728435], [0.000549312157091, -0.000657318159938, -0.00358937866986, 0.00370545592159, -0.000584648107179, 0.00468388944864, -0.00897475052625, 0.0166325867176, -0.00368322292343, 0.000708371750079, -0.00236578308977, -0.00226723705418, 0.000870785152074], [0.00020910310559, 0.000501742819324, 0.00272373831831, -0.00413929019123, -0.00230008549988, -0.00103486038279, 0.00392651790753, -0.00368322292343, 0.0112294964492, -0.00570454727858, 0.00663284352049, -0.00261104153469, 0.00434754090384], [-0.000158088194439, 0.00038583931746, -0.00278815417551, 0.00112300156616, 0.00325315655209, -0.00253840140067, 0.000948579341639, 0.000708371750079, -0.00570454727858, 0.0152621492743, -0.0129302330315, 0.00959328748286, -0.00965849962085], [0.000504521944094, 0.000277052604361, 0.00226943916641, -0.00373368710279, -0.00257939402945, 0.00458089401945, -0.0016434690915, -0.00236578308977, 0.00663284352049, -0.0129302330315, 0.0234527681023, -0.0142915798351, 0.0092956032604], [-0.000179711831152, 0.000192366860574, -0.00102290615905, -0.00018680850917, 0.00238804891706, -0.00328936963342, 0.0038157410454, -0.00226723705418, -0.00261104153469, 0.00959328748286, -0.0142915798351, 0.0226274523884, -0.00791276339442], [0.000116741255624, -0.000589242088608, 0.00109604815952, -0.000340048485668, -0.00147635105532, 0.0012540667085, -0.0042154728435, 0.000870785152074, 0.00434754090384, -0.00965849962085, 0.0092956032604, -0.00791276339442, 0.01710681431]]
    spectral_contrast:
        mean: [-3.33335862024e-07, -1.24521278622e-07, 3.92699064378e-07, -2.43782295684e-07, 2.08478283525e-07, -4.10195866607e-07, -2.73187964694e-07, -2.09940799323e-06, -4.96141410622e-06, -1.35269431212e-06, -3.54895996679e-06, 9.55881887421e-07]
        var: [0.000223092472879, 0.00074472441338, 0.00126112787984, 0.00245395419188, 0.00421186164021, 0.00643241405487, 0.0472430214286, 0.0756107494235, 0.154880419374, 0.472088783979, 1.81080091, 3.48673200607]

rhythm:
    beats_loudness:
        dmean: 0.00194797245786
        dmean2: 0.00365281477571
        dvar: 1.47100229242e-06
        dvar2: 4.70816212328e-06
        max: 0.00688548618928
        mean: 0.00456721847877
        min: 0.0016086230753
        var: 2.32148136092e-06
    beats_loudness_bass:
        dmean: 0.230190619826
        dmean2: 0.393062621355
        dvar: 0.0181443728507
        dvar2: 0.0610851757228
        max: 0.69494998455
        mean: 0.380344063044
        min: 0.170791581273
        var: 0.0275016501546
    bpm: 110.890052795
    bpm_confidence: 0
    first_peak_bpm: 111
    first_peak_spread: 0
    first_peak_weight: 0.941176474094
    onset_rate: 3.77840924263
    second_peak_bpm: 103
    second_peak_spread: 0
    second_peak_weight: 0.0588235296309
    beats_position: [0.394099026918, 0.936015248299, 1.47793149948, 2.01984786987, 2.56176400185, 3.10368061066, 3.64559650421, 4.1875128746, 4.72942876816, 5.27134466171, 5.8132610321, 6.39366006851, 6.93405151367, 7.47444438934, 8.01483726501, 8.55522918701, 9.09562015533, 9.63601303101]
    bpm_estimates: [110.848419189, 110.746734619, 110.71295166, 110.885261536, 110.51776123, 110.533744812, 110.794311523, 110.657501221, 110.768478394, 111.055122375, 110.992362976, 111.004325867, 111.085868835, 111.092163086, 110.74181366, 111.021400452, 110.985023499, 111.009376526, 111.138290405, 111.210449219]
    bpm_intervals: [0.541916251183, 0.541916251183, 0.541916370392, 0.541916131973, 0.54191660881, 0.541915893555, 0.541916370392, 0.541915893555, 0.541915893555, 0.541916370392, 0.580399036407, 0.54039144516, 0.540392875671, 0.540392875671, 0.540391921997, 0.540390968323, 0.540392875671]
    onset_times: [0.104489795864, 0.383129239082, 0.650158703327, 0.9287981987, 1.19582772255, 1.47446715832, 1.74149656296, 2.02013611794, 2.28716564178, 2.56580495834, 2.83283448219, 3.11147403717, 3.3785033226, 3.65714287758, 3.92417240143, 4.20281171799, 4.46984148026, 4.74848079681, 5.01551008224, 5.28253984451, 5.56117916107, 5.8282084465, 6.1068482399, 6.37387752533, 6.64090681076, 6.93115663528, 7.19818592072, 7.34911584854, 7.46521520615, 7.73224496841, 8.01088428497, 8.27791404724, 8.55655288696, 8.82358264923, 9.10222244263, 9.36925125122, 9.64789104462, 9.91492080688]
    rubato_start: []
    rubato_stop: []
    perceptual_tempo: "unknown"

sfx:
    inharmonicity:
        dmean: 0.0378795973957
        dmean2: 0.067076176405
        dvar: 0.00234310911037
        dvar2: 0.00646356446669
        max: 0.346035867929
        mean: 0.0383029431105
        min: 0.000110688248242
        var: 0.00199471134692
    oddtoevenharmonicenergyratio:
        dmean: 2.3078649044
        dmean2: 4.21301221848
        dvar: 53.9271812439
        dvar2: 159.753219604
        max: 89.3588943481
        mean: 1.94051766396
        min: 0.000109387423436
        var: 30.4004402161
    pitch_after_max_to_before_max_energy_ratio: 5.40637254715
    pitch_centroid: 215.392349243
    pitch_max_to_total: 0.0324074067175
    pitch_min_to_total: 0.157407402992
    tristimulus:
        dmean: [0.185831949115, 0.186093866825, 0.0820061862469]
        dmean2: [0.31632605195, 0.316240638494, 0.139492943883]
        dvar: [0.0321478247643, 0.0316195227206, 0.00706336647272]
        dvar2: [0.0859297290444, 0.0852738767862, 0.0183052327484]
        max: [0.956626057625, 0.950751543045, 0.49313172698]
        mean: [0.341911911964, 0.546818196774, 0.10033030808]
        min: [0.00745445955545, 0, 0]
        var: [0.0429013222456, 0.0454461090267, 0.00839257147163]

tonal:
    chords_changes_rate: 0.0368663594127
    chords_number_rate: 0.0138248847798
    chords_strength:
        dmean: 0.00772682158276
        dmean2: 0.00755445007235
        dvar: 3.99134733016e-05
        dvar2: 3.85847015423e-05
        max: 0.639787018299
        mean: 0.518471777439
        min: 0.300229758024
        var: 0.0111584803089
    key_strength: 0.689796030521
    tuning_diatonic_strength: 0.58485263586
    tuning_equal_tempered_deviation: 0.138250187039
    tuning_frequency: 435.952270508
    tuning_nontempered_energy_ratio: 0.738497138023
    hpcp:
        dmean: [0.0361902415752, 0.0273293852806, 0.0772671625018, 0.133461609483, 0.135437741876, 0.247979179025, 0.271247327328, 0.239788755774, 0.0792073905468, 0.0617024935782, 0.0545329377055, 0.0868471339345, 0.164059847593, 0.137139052153, 0.0370307229459, 0.0143638961017, 0.0258960742503, 0.0771451145411, 0.164082720876, 0.177042320371, 0.113685034215, 0.0718045309186, 0.0461744368076, 0.0391786843538, 0.039185449481, 0.0524432659149, 0.0994926095009, 0.150532379746, 0.105772189796, 0.0365844629705, 0.0319324843585, 0.0331119038165, 0.042938478291, 0.0823728218675, 0.0826701670885, 0.0555871538818]
        dmean2: [0.0620241872966, 0.0503218397498, 0.134456679225, 0.230942770839, 0.227458462119, 0.4370701015, 0.479091852903, 0.374500691891, 0.14242143929, 0.110956840217, 0.100821323693, 0.137058243155, 0.270922243595, 0.223595067859, 0.0657961666584, 0.0252603329718, 0.0464777611196, 0.127647832036, 0.264755874872, 0.296762675047, 0.202347621322, 0.13348543644, 0.0854220017791, 0.0732829794288, 0.073503524065, 0.101068779826, 0.181713119149, 0.249510377645, 0.177971914411, 0.0678319558501, 0.0578916743398, 0.0600323714316, 0.0770078673959, 0.138498008251, 0.139138489962, 0.0949696525931]
        dvar: [0.00588340079412, 0.00797425117344, 0.0323167815804, 0.0468204021454, 0.0281225200742, 0.0553461126983, 0.113184116781, 0.0366590693593, 0.0169018711895, 0.0226468723267, 0.0208557024598, 0.0207180883735, 0.0588758550584, 0.0397483855486, 0.00420295074582, 0.000871896801982, 0.00194066669792, 0.0109165534377, 0.0369593948126, 0.0470104776323, 0.0387730337679, 0.0302581880242, 0.0206725522876, 0.0118810422719, 0.0146526377648, 0.025597056374, 0.0330747738481, 0.0371850691736, 0.0197239480913, 0.015509031713, 0.00705360854045, 0.00748860929161, 0.00720396125689, 0.0292794387788, 0.0206703301519, 0.0130923818797]
        dvar2: [0.0161202400923, 0.0218137521297, 0.0913604646921, 0.114784620702, 0.0632802546024, 0.14033049345, 0.191863268614, 0.0848929286003, 0.0494620837271, 0.0645507499576, 0.0598545372486, 0.0542800799012, 0.123626343906, 0.085504680872, 0.0104176579043, 0.00239147408865, 0.00493351137266, 0.0285164788365, 0.0786859095097, 0.109390243888, 0.109638214111, 0.0819557905197, 0.0602163933218, 0.0347198359668, 0.0425080880523, 0.0739759877324, 0.0939551740885, 0.091154769063, 0.0481601804495, 0.0454935356975, 0.0192014295608, 0.0201540328562, 0.0200897268951, 0.0677885338664, 0.0447826832533, 0.0365762040019]
        max: [0.6194409132, 0.654392361641, 1, 1, 1, 1, 1, 1, 1, 0.912616789341, 1, 1, 1, 1, 0.474756479263, 0.273055583239, 0.298981040716, 0.870754182339, 1, 1, 1, 1, 1, 0.925560593605, 1, 1, 1, 1, 0.88629591465, 1, 0.626671612263, 0.645594537258, 0.59235304594, 1, 1, 1]
        mean: [0.0336995311081, 0.0208545699716, 0.062967479229, 0.136825963855, 0.141979828477, 0.350081384182, 0.6845484972, 0.452269107103, 0.0856269598007, 0.0516064986587, 0.0434215441346, 0.102379463613, 0.239151418209, 0.182504579425, 0.0366415716708, 0.0119008505717, 0.0227274578065, 0.0992798432708, 0.278574109077, 0.26968434453, 0.107587046921, 0.051022388041, 0.031601306051, 0.0283784456551, 0.0269879288971, 0.0316214710474, 0.0851962417364, 0.170852348208, 0.126637011766, 0.0312155056745, 0.0228680800647, 0.0220965016633, 0.03256104514, 0.0829103812575, 0.0869073942304, 0.0542008653283]
        min: [0.000452730077086, 0.000295307487249, 0.000314963544952, 0.000361380400136, 0.000581346626859, 0.00479834480211, 0.00706175155938, 0.00488734105602, 0.00230258214287, 0.000284607900539, 0.00030408645398, 0.000588157912716, 0.00120490253903, 0.000981449265964, 0.000420307827881, 0.000210239988519, 0.000326337845763, 0.00207419181243, 0.00351233081892, 0.00227293628268, 0.000584493973292, 0.000233165119425, 0.000614709046204, 0.000611023628153, 0.000279916683212, 0.000101714969787, 0.00129248318262, 0.00247443281114, 0.00220543448813, 0.00106840534136, 9.85739388852e-05, 0.000141104668728, 0.000191919301869, 0.000136687755003, 0.000470904022222, 0.000932831957471]
        var: [0.00485467119142, 0.00517513416708, 0.023113919422, 0.0577008388937, 0.0437214225531, 0.064887188375, 0.153467163444, 0.0834018364549, 0.012759257108, 0.0174393989146, 0.0146217057481, 0.0251000709832, 0.11616808176, 0.071692802012, 0.0044021923095, 0.000612042378634, 0.00154181162361, 0.016145080328, 0.0940023511648, 0.097142226994, 0.0296893455088, 0.0201349705458, 0.0117277987301, 0.00662359921262, 0.00812115892768, 0.0141086438671, 0.0219739172608, 0.0417392663658, 0.0215843748301, 0.00881891325116, 0.00464555015787, 0.00504632713273, 0.00543206371367, 0.0313645936549, 0.0255398843437, 0.0102516766638]
    chords_histogram: [61.2903213501, 0, 6.91244220734, 0, 0, 0, 0, 0, 0, 0, 0, 0, 0, 0, 0, 0, 0, 0, 0, 0, 0, 0, 0, 31.7972354889]
    thpcp: [1, 0.660682320595, 0.125085309148, 0.0753876417875, 0.0634309276938, 0.149557650089, 0.34935644269, 0.266605764627, 0.0535266250372, 0.0173849631101, 0.0332006551325, 0.14502966404, 0.406945765018, 0.39395943284, 0.157164976001, 0.0745343640447, 0.0461637228727, 0.0414557121694, 0.0394244231284, 0.0461931787431, 0.124456107616, 0.249583989382, 0.184993490577, 0.0456001386046, 0.0334060788155, 0.0322789438069, 0.0475657247007, 0.121116884053, 0.126955792308, 0.0791775360703, 0.0492288433015, 0.0304647069424, 0.0919839590788, 0.199877679348, 0.207406535745, 0.511404812336]
    chords_key: "B"
    chords_scale: "major"
    key_key: "B"
    key_scale: "major"
    chords_progression: ["B", "B", "B", "B", "B", "B", "B", "B", "B", "B", "G#m", "G#m", "G#m", "G#m", "G#m", "G#m", "G#m", "G#m", "G#m", "G#m", "G#m", "G#m", "G#m", "G#m", "G#m", "G#m", "G#m", "G#m", "G#m", "G#m", "G#m", "G#m", "G#m", "G#m", "G#m", "G#m", "G#m", "G#m", "G#m", "G#m", "G#m", "G#m", "G#m", "G#m", "G#m", "G#m", "G#m", "G#m", "G#m", "G#m", "G#m", "F#", "F#", "F#", "F#", "F#", "F#", "B", "B", "B", "B", "B", "B", "B", "B", "B", "B", "B", "B", "B", "B", "B", "B", "B", "B", "B", "B", "B", "B", "B", "B", "B", "B", "B", "B", "B", "B", "B", "B", "B", "B", "B", "B", "B", "B", "B", "B", "B", "B", "B", "B", "B", "B", "B", "B", "B", "B", "B", "B", "B", "B", "B", "G#m", "G#m", "G#m", "G#m", "G#m", "G#m", "G#m", "G#m", "G#m", "G#m", "G#m", "G#m", "G#m", "G#m", "G#m", "G#m", "G#m", "G#m", "G#m", "G#m", "G#m", "G#m", "G#m", "B", "B", "B", "B", "B", "B", "B", "B", "B", "F#", "F#", "F#", "F#", "F#", "F#", "F#", "F#", "F#", "B", "B", "B", "B", "B", "B", "B", "B", "B", "B", "B", "B", "B", "B", "B", "B", "B", "B", "B", "B", "B", "B", "B", "B", "B", "B", "B", "B", "B", "B", "B", "B", "B", "B", "B", "B", "B", "B", "B", "B", "B", "B", "B", "B", "B", "B", "B", "B", "B", "B", "B", "B", "B", "B", "B", "B", "B", "B", "B", "G#m", "G#m", "G#m", "G#m", "G#m"]
