
metadata:
    version:
        essentia: "1.2.2"
    audio_properties:
        analysis_sample_rate: 44100
        bitrate: 128
        channels: 2
        equal_loudness: 1
        length: 10.0048980713
        replay_gain: -5.69143867493
        downmix: "mix"
    tags:
        track: 10
        year: 0
        album: "Splitted by Mp3Splt v. 2.1"
        artist: "From 001.30 To 001.40"
        comment: "http://mp3splt.sf.net"
        genre: ""
        title: "09 Blown a Wish.mp3"

highlevel:
    ballroom:
        all:
            ChaChaCha: 0.0255352761596
            Jive: 0.0777987614274
            Quickstep: 0.082348562777
            Rumba-American: 0.0129427108914
            Rumba-International: 0.289668142796
            Rumba-Misc: 0.147504091263
            Samba: 0.0429604761302
            Tango: 0.0171225424856
            VienneseWaltz: 0.182332068682
            Waltz: 0.121787361801
        probability: 0.289668142796
        value: "Rumba-International"
    culture:
        all:
            non_western: 0.0769948065281
            western: 0.92300516367
        probability: 0.92300516367
        value: "western"
    gender:
        all:
            female: 0.638765931129
            male: 0.361234068871
        probability: 0.638765931129
        value: "female"
    genre_dortmund:
        all:
            alternative: 0.312305450439
            blues: 0.0117078227922
            electronic: 0.047048471868
            folkcountry: 0.0592166148126
            funksoulrnb: 0.00585750862956
            jazz: 0.0835768654943
            pop: 0.118290796876
            raphiphop: 0.000603662105277
            rock: 0.36139279604
        probability: 0.36139279604
        value: "rock"
    genre_electronica:
        all:
            ambient: 0.586621940136
            dnb: 0.0628594830632
            house: 0.00879633519799
            techno: 0.00918947532773
            trance: 0.332532733679
        probability: 0.586621940136
        value: "ambient"
    genre_rosamerica:
        all:
            cla: 0.0645702332258
            dan: 0.0174607019871
            hip: 0.00259811989963
            jaz: 0.0197670049965
            pop: 0.0377629548311
            rhy: 0.0278760977089
            roc: 0.828166604042
            spe: 0.0017982868012
        probability: 0.828166604042
        value: "roc"
    genre_tzanetakis:
        all:
            blu: 0.0833252668381
            cla: 0.181022509933
            cou: 0.0814370661974
            dis: 0.0245608333498
            hip: 0.0119361523539
            jaz: 0.113291010261
            met: 0.122366555035
            pop: 0.0587234385312
            reg: 0.0188825689256
            roc: 0.304454594851
        probability: 0.304454594851
        value: "roc"
    live_studio:
        all:
            live: 0.611646950245
            studio: 0.388353019953
        probability: 0.611646950245
        value: "live"
    mood:
        all:
            Cluster1: 0.326858341694
            Cluster2: 0.23474124074
            Cluster3: 0.183856874704
            Cluster4: 0.0886659622192
            Cluster5: 0.165877580643
        probability: 0.326858341694
        value: "Cluster1"
    mood_acoustic:
        all:
            acoustic: 0.150798216462
            not_acoustic: 0.849201798439
        probability: 0.849201798439
        value: "not_acoustic"
    mood_aggressive:
        all:
            aggressive: 0.174397319555
            not_aggressive: 0.825602650642
        probability: 0.825602650642
        value: "not_aggressive"
    mood_electronic:
        all:
            electronic: 0.472381412983
            not_electronic: 0.527618587017
        probability: 0.527618587017
        value: "not_electronic"
    mood_happy:
        all:
            happy: 0.517359614372
            not_happy: 0.482640385628
        probability: 0.517359614372
        value: "happy"
    mood_party:
        all:
            not_party: 0.924609720707
            party: 0.0753902941942
        probability: 0.924609720707
        value: "not_party"
    mood_relaxed:
        all:
            not_relaxed: 0.259623497725
            relaxed: 0.740376472473
        probability: 0.740376472473
        value: "relaxed"
    mood_sad:
        all:
            not_sad: 0.090944327414
            sad: 0.909055650234
        probability: 0.909055650234
        value: "sad"
    rhythm:
        all:
            fast: 0.11066570878
            medium: 0.585279941559
            slow: 0.304054349661
        probability: 0.585279941559
        value: "medium"
    speech_music:
        all:
            music: 0.907968521118
            speech: 0.0920314714313
        probability: 0.907968521118
        value: "music"
    timbre:
        all:
            bright: 0.373081386089
            dark: 0.626918613911
        probability: 0.626918613911
        value: "dark"
    voice_instrumental:
        all:
            instrumental: 0.973399162292
            voice: 0.0266008526087
        probability: 0.973399162292
        value: "instrumental"

lowlevel:
    average_loudness: 0.98241341114
    barkbands_kurtosis:
        dmean: 0.953014135361
        dmean2: 1.44947814941
        dvar: 1.21315085888
        dvar2: 2.65476346016
        max: 8.78824615479
        mean: -0.132632359862
        min: -1.76016294956
        var: 3.1902551651
    barkbands_skewness:
        dmean: 0.425079584122
        dmean2: 0.610356807709
        dvar: 0.112877346575
        dvar2: 0.244747728109
        max: 3.16447591782
        mean: 0.967912375927
        min: -0.929335713387
        var: 0.518359482288
    barkbands_spread:
        dmean: 4.63842868805
        dmean2: 6.85583591461
        dvar: 13.3273706436
        dvar2: 29.8766345978
        max: 46.302696228
        mean: 30.6131916046
        min: 11.9611673355
        var: 48.2385444641
    dissonance:
        dmean: 0.0121867991984
        dmean2: 0.0202142708004
        dvar: 8.31339857541e-05
        dvar2: 0.000212644226849
        max: 0.495266884565
        mean: 0.460709124804
        min: 0.395649492741
        var: 0.000216553205973
    hfc:
        dmean: 1.04178798199
        dmean2: 1.6797888279
        dvar: 0.734012424946
        dvar2: 1.82597637177
        max: 13.7767934799
        mean: 6.24053621292
        min: 2.33628296852
        var: 2.86734437943
    pitch:
        dmean: 193.18170166
        dmean2: 371.208984375
        dvar: 377040.53125
        dvar2: 951579.25
        max: 4009.09082031
        mean: 362.237457275
        min: 80.4744491577
        var: 324633.125
    pitch_instantaneous_confidence:
        dmean: 0.0717944502831
        dmean2: 0.118281967938
        dvar: 0.00340837123804
        dvar2: 0.0086235832423
        max: 0.805414736271
        mean: 0.437228411436
        min: 0.203166663647
        var: 0.0128570180386
    pitch_salience:
        dmean: 0.0644640624523
        dmean2: 0.104728728533
        dvar: 0.00289884791709
        dvar2: 0.00713722873479
        max: 0.738461196423
        mean: 0.552598297596
        min: 0.212193012238
        var: 0.00829938147217
    silence_rate_20dB:
        dmean: 0
        dmean2: 0
        dvar: 0
        dvar2: 0
        max: 1
        mean: 1
        min: 1
        var: 0
    silence_rate_30dB:
        dmean: 0
        dmean2: 0
        dvar: 0
        dvar2: 0
        max: 1
        mean: 1
        min: 1
        var: 0
    silence_rate_60dB:
        dmean: 0.0441860482097
        dmean2: 0.0885780900717
        dvar: 0.0422338433564
        dvar2: 0.0853943526745
        max: 1
        mean: 0.0603248253465
        min: 0
        var: 0.0566858835518
    spectral_centroid:
        dmean: 218.366241455
        dmean2: 316.245544434
        dvar: 33106.7578125
        dvar2: 77264.625
        max: 2566.09594727
        mean: 1138.58410645
        min: 458.68258667
        var: 137022.53125
    spectral_complexity:
        dmean: 2.25
        dmean2: 3.69320845604
        dvar: 3.30899524689
        dvar2: 8.07684803009
        max: 23
        mean: 13.1351985931
        min: 3
        var: 10.3173866272
    spectral_crest:
        dmean: 2.65965342522
        dmean2: 3.92600774765
        dvar: 4.88344335556
        dvar2: 11.5853652954
        max: 23.4057025909
        mean: 10.3943395615
        min: 3.478495121
        var: 18.8883171082
    spectral_decrease:
        dmean: 3.37629840752e-10
        dmean2: 4.78863004805e-10
        dvar: 9.31377064648e-20
        dvar2: 2.07556249775e-19
        max: -5.08782960207e-10
        mean: -1.431153418e-09
        min: -3.81096754154e-09
        var: 3.43640217216e-19
    spectral_energy:
        dmean: 0.00132368132472
        dmean2: 0.00189373630565
        dvar: 1.40582153563e-06
        dvar2: 3.14857948069e-06
        max: 0.0151661569253
        mean: 0.00596753973514
        min: 0.0021757397335
        var: 5.21352922078e-06
    spectral_energyband_high:
        dmean: 7.99588451628e-05
        dmean2: 0.000130633212393
        dvar: 7.65749064158e-09
        dvar2: 1.70284835121e-08
        max: 0.00138990045525
        mean: 0.00028768388438
        min: 4.45355508418e-05
        var: 2.35615189581e-08
    spectral_energyband_low:
        dmean: 0.000116499541036
        dmean2: 0.00018937731511
        dvar: 2.78709340051e-08
        dvar2: 7.31359222073e-08
        max: 0.00201227678917
        mean: 0.000196424414753
        min: 5.16856562172e-06
        var: 5.06052693083e-08
    spectral_energyband_middle_high:
        dmean: 0.000333822943503
        dmean2: 0.000549435964786
        dvar: 8.34015452256e-08
        dvar2: 2.17768317157e-07
        max: 0.00367077789269
        mean: 0.00148098252248
        min: 0.000579605693929
        var: 2.35082367794e-07
    spectral_energyband_middle_low:
        dmean: 0.00126901385374
        dmean2: 0.00173932174221
        dvar: 1.41886573601e-06
        dvar2: 3.11071789838e-06
        max: 0.0134324766695
        mean: 0.00400244118646
        min: 0.000406494480558
        var: 5.15379906574e-06
    spectral_flatness_db:
        dmean: 0.0168150253594
        dmean2: 0.0239078290761
        dvar: 0.000196619395865
        dvar2: 0.000447435246315
        max: 0.252190649509
        mean: 0.162023231387
        min: 0.101004354656
        var: 0.00071304832818
    spectral_flux:
        dmean: 0.00600505806506
        dmean2: 0.00984495785087
        dvar: 2.57846986642e-05
        dvar2: 6.69216969982e-05
        max: 0.0694914385676
        mean: 0.0365896858275
        min: 0.0200593136251
        var: 5.8272966271e-05
    spectral_kurtosis:
        dmean: 0.65247631073
        dmean2: 1.08684706688
        dvar: 0.32377666235
        dvar2: 0.78905248642
        max: 7.29934406281
        mean: 3.54892849922
        min: 0.55610203743
        var: 1.0719884634
    spectral_rms:
        dmean: 0.000264122529188
        dmean2: 0.000374836381525
        dvar: 4.49344703668e-08
        dvar2: 9.79253016453e-08
        max: 0.00384658947587
        mean: 0.00237095053308
        min: 0.00145693949889
        var: 2.00575598797e-07
    spectral_rolloff:
        dmean: 485.00012207
        dmean2: 775.95111084
        dvar: 269666.96875
        dvar2: 595370.625
        max: 4995.703125
        mean: 2513.76318359
        min: 258.3984375
        var: 663040.5
    spectral_skewness:
        dmean: 0.114664062858
        dmean2: 0.18727633357
        dvar: 0.00906481500715
        dvar2: 0.0204670168459
        max: 2.37431907654
        mean: 1.54444336891
        min: 0.868659555912
        var: 0.0310722403228
    spectral_spread:
        dmean: 572638.75
        dmean2: 806425.1875
        dvar: 529022648320
        dvar2: 765724262400
        max: 17027810
        mean: 5715138.5
        min: 3572419
        var: 1.27271580467e+12
    spectral_strongpeak:
        dmean: 0.212825119495
        dmean2: 0.346010953188
        dvar: 0.0819761008024
        dvar2: 0.230539605021
        max: 2.41095852852
        mean: 0.51599407196
        min: 0.0616338737309
        var: 0.092978939414
    zerocrossingrate:
        dmean: 0.00839889422059
        dmean2: 0.00969930086285
        dvar: 4.46158701379e-05
        dvar2: 5.88833354414e-05
        max: 0.1337890625
        mean: 0.0739990770817
        min: 0.02392578125
        var: 0.000342730607372
    barkbands:
        dmean: [6.67791653086e-08, 1.26714712678e-05, 0.000109583612357, 0.000137377224746, 0.00085638219025, 0.00062556413468, 0.00022951347637, 4.05255959777e-05, 7.18099909136e-05, 2.50607390626e-05, 7.82407150837e-05, 2.5583034585e-05, 3.50041445927e-05, 2.33714472415e-05, 2.69433367066e-05, 0.000113135414722, 0.000188289719517, 0.00011710965191, 9.95965747279e-05, 7.11293905624e-05, 5.35310973646e-05, 8.53215806274e-06, 3.73206989934e-06, 2.04449156627e-06, 1.39257201681e-06, 1.92563589962e-07, 3.16884785079e-09]
        dmean2: [9.2111768879e-08, 2.08913224924e-05, 0.000178637346835, 0.000243355854764, 0.001211058232, 0.000858613988385, 0.000338757497957, 6.59607394482e-05, 0.000114631831821, 4.13404304709e-05, 0.000128980085719, 4.09957719967e-05, 5.89193150518e-05, 3.95405295421e-05, 4.3442552851e-05, 0.000192262945347, 0.000330217240844, 0.000195909058675, 0.000164928147569, 0.000119531956443, 8.97627105587e-05, 1.3730577848e-05, 6.26135579296e-06, 3.32773197442e-06, 2.14885994865e-06, 2.90089076316e-07, 3.7042573453e-09]
        dvar: [8.09989553728e-14, 5.3894066987e-10, 2.48689264737e-08, 2.95494242408e-08, 1.13576288641e-06, 5.94874279614e-07, 6.51818226061e-08, 2.10821182733e-09, 6.53002274476e-09, 2.44920816961e-09, 8.2551991909e-09, 2.9948832303e-09, 2.01431449298e-09, 1.48678513945e-09, 1.00528319003e-09, 1.39793074894e-08, 3.95496932981e-08, 1.20884280363e-08, 9.11217856725e-09, 4.55301085722e-09, 3.10293279959e-09, 1.94164850864e-10, 5.93606067079e-11, 8.84887475794e-12, 1.0978785589e-11, 7.26356027734e-14, 2.41911212131e-15]
        dvar2: [9.97550363168e-14, 1.4090972833e-09, 6.46207709565e-08, 9.61574286862e-08, 2.29958345699e-06, 1.23722634271e-06, 1.30949544541e-07, 5.14105824578e-09, 1.70334519822e-08, 6.25564045009e-09, 2.19954401359e-08, 7.50020134888e-09, 5.30977661839e-09, 4.07326128382e-09, 2.43347919593e-09, 3.9637196636e-08, 1.16688688934e-07, 3.20031361412e-08, 2.29262315798e-08, 1.36737279277e-08, 7.22224013927e-09, 4.24617507822e-10, 1.46069503715e-10, 2.07041103012e-11, 2.49116161727e-11, 1.61388656887e-13, 2.41982617009e-15]
        max: [5.32616741111e-06, 0.000168398750247, 0.00195654900745, 0.00111712748185, 0.0125511558726, 0.00910323113203, 0.0024205185473, 0.000408886757214, 0.000688703323249, 0.000778954359703, 0.000771827471908, 0.000984558020718, 0.000535455706995, 0.000589747389313, 0.000399399054004, 0.00133551098406, 0.00183611246757, 0.0009431312792, 0.000944950501435, 0.000657441385556, 0.000842449604534, 0.000208298675716, 0.000113253030577, 3.36517223332e-05, 4.33879868069e-05, 3.04086825054e-06, 1.02152478121e-06]
        mean: [7.31941653953e-08, 1.93368978216e-05, 0.000177023539436, 0.000200690454221, 0.00180810445454, 0.00141702487599, 0.000387746840715, 6.63153841742e-05, 0.000119580035971, 3.79477460228e-05, 0.000112365705718, 4.07248735428e-05, 5.91108000663e-05, 4.2590607336e-05, 5.24401184521e-05, 0.000203710747883, 0.000374369265046, 0.000242551031988, 0.000233868151554, 0.000200043621589, 0.000135424139444, 2.05279502552e-05, 8.06046318758e-06, 4.50765264759e-06, 3.15267539008e-06, 2.46989685593e-07, 3.23247184575e-09]
        min: [1.36590905253e-10, 2.32404211431e-08, 3.03189722217e-06, 2.54291694546e-06, 3.80021665478e-05, 1.2486479136e-05, 6.27271401754e-06, 2.39624660026e-06, 4.87214038003e-06, 1.44759496834e-06, 2.58756131188e-06, 2.05996661862e-06, 6.57891632727e-06, 7.74655018176e-06, 6.33767149338e-06, 2.40464432864e-05, 2.02309856832e-05, 3.7705169234e-05, 3.18867678288e-05, 4.40389776486e-05, 1.56628157129e-05, 2.34485901274e-06, 3.3865009641e-07, 2.35197120446e-07, 1.59801885502e-07, 1.77650782973e-08, 4.05081307039e-12]
        var: [8.59267016806e-14, 9.08056740911e-10, 4.5809937177e-08, 5.05127388806e-08, 3.85150951843e-06, 2.16020498556e-06, 1.63491350236e-07, 4.45361925117e-09, 1.18778542557e-08, 3.69460972927e-09, 1.3352238426e-08, 4.56077264843e-09, 2.79516809698e-09, 1.63606872494e-09, 2.03433092594e-09, 1.87893256509e-08, 6.31396943618e-08, 1.99242986554e-08, 2.55042653663e-08, 9.37926181166e-09, 7.66374608219e-09, 3.85585563478e-10, 8.21778339821e-11, 1.54311893125e-11, 1.91561905227e-11, 9.57623059626e-14, 2.42435589053e-15]
    mfcc:
        mean: [-694.907409668, 104.15599823, -36.8539009094, 52.2592430115, -8.72253704071, -21.0479850769, -12.9707546234, -15.968875885, -12.4950914383, -20.2702884674, -21.3357372284, -3.15098786354, -9.12996578217]
        cov: [[269.723602295, -63.1955070496, 81.719291687, -48.8582878113, -22.5188922882, 16.9877681732, 21.9046535492, 43.0318260193, -0.981947541237, 48.4324760437, 23.8089237213, -7.44971227646, 14.5921583176], [-63.1955070496, 202.301971436, -21.7150268555, 40.6883544922, 34.6693840027, 6.20416355133, 35.5108108521, -2.29879188538, -2.24202609062, 9.41240119934, 9.69256496429, 28.546257019, 4.18908452988], [81.719291687, -21.7150268555, 174.220596313, -6.7371468544, 32.0816307068, 23.3886299133, 20.4027080536, 22.8045635223, -8.38798427582, 35.7865180969, 21.2734966278, 1.09901368618, 14.7940635681], [-48.8582878113, 40.6883544922, -6.7371468544, 79.8911056519, 19.9865703583, -6.43940544128, -2.33447098732, -11.3401174545, 7.12321233749, -8.99006080627, 6.99637269974, 12.6217975616, 3.22458648682], [-22.5188922882, 34.6693840027, 32.0816307068, 19.9865703583, 75.6220397949, 30.6480407715, 21.7130680084, 4.90245199203, -1.31225156784, 9.18671035767, 11.4206066132, 11.3049268723, 6.84722900391], [16.9877681732, 6.20416355133, 23.3886299133, -6.43940544128, 30.6480407715, 62.8412437439, 26.9728164673, 19.6234607697, -1.39821207523, 9.5459651947, 6.95730781555, -0.475208073854, 0.754671692848], [21.9046535492, 35.5108108521, 20.4027080536, -2.33447098732, 21.7130680084, 26.9728164673, 75.2036895752, 29.2116451263, 7.60772609711, 22.8103885651, 7.59358453751, 4.78772783279, 1.71498155594], [43.0318260193, -2.29879188538, 22.8045635223, -11.3401174545, 4.90245199203, 19.6234607697, 29.2116451263, 69.7091369629, 22.4957237244, 23.3166999817, 5.41359710693, 2.62030816078, 3.25520086288], [-0.981947541237, -2.24202609062, -8.38798427582, 7.12321233749, -1.31225156784, -1.39821207523, 7.60772609711, 22.4957237244, 64.6020812988, 16.8226642609, 8.1179561615, 4.55790710449, 6.45679235458], [48.4324760437, 9.41240119934, 35.7865180969, -8.99006080627, 9.18671035767, 9.5459651947, 22.8103885651, 23.3166999817, 16.8226642609, 77.5429229736, 33.533164978, 9.64572048187, 12.3092699051], [23.8089237213, 9.69256496429, 21.2734966278, 6.99637269974, 11.4206066132, 6.95730781555, 7.59358453751, 5.41359710693, 8.1179561615, 33.533164978, 59.376537323, 31.0351676941, 20.7894687653], [-7.44971227646, 28.546257019, 1.09901368618, 12.6217975616, 11.3049268723, -0.475208073854, 4.78772783279, 2.62030816078, 4.55790710449, 9.64572048187, 31.0351676941, 59.031463623, 25.3017959595], [14.5921583176, 4.18908452988, 14.7940635681, 3.22458648682, 6.84722900391, 0.754671692848, 1.71498155594, 3.25520086288, 6.45679235458, 12.3092699051, 20.7894687653, 25.3017959595, 48.1428604126]]
        icov: [[0.00611204607412, 0.00107430445496, -0.00200538081117, 0.00163516483735, 0.00284524424933, -0.000672121590469, -0.000941866717767, -0.00213941722177, 0.00127869972493, -0.00167779088952, -0.00162560318131, 0.00114733772352, -0.00129877578001], [0.00107430445496, 0.00724508520216, 0.00118084740825, -0.00252737849951, -0.00164452206809, 0.000690958055202, -0.00356552167796, 0.000331083254423, 0.00148214574438, -0.00183811562601, 0.00107419351116, -0.00283779460005, 0.000476807908854], [-0.00200538081117, 0.00118084740825, 0.00845501571894, -0.000770955055486, -0.00407827785239, 0.000146368984133, -0.000264423928456, -0.00120934215374, 0.00225817691535, -0.00210262136534, -0.000633726245724, 0.00117898825556, -0.00148374692071], [0.00163516483735, -0.00252737849951, -0.000770955055486, 0.0170841813087, -0.00393911497667, 0.00282529578544, 0.000778145215008, 0.00127378606703, -0.0030320212245, 0.0030842248816, -0.00301525904797, -0.000383051024983, 0.000340485828929], [0.00284524424933, -0.00164452206809, -0.00407827785239, -0.00393911497667, 0.0225958786905, -0.0097693707794, -0.00218722876161, 0.0012610363774, 0.000466282101115, -0.000938707846217, -0.000373138958821, -0.00138180959038, -0.00120536074974], [-0.000672121590469, 0.000690958055202, 0.000146368984133, 0.00282529578544, -0.0097693707794, 0.0246755350381, -0.00505973910913, -0.00445917155594, 0.00181160855573, 0.0021129429806, -0.00319721829146, 0.00257425475866, 0.000638323253952], [-0.000941866717767, -0.00356552167796, -0.000264423928456, 0.000778145215008, -0.00218722876161, -0.00505973910913, 0.020704837516, -0.00543459039181, -0.000440937554231, -0.00294440821745, 0.00130994198844, -0.000221526992391, 0.00100788788404], [-0.00213941722177, 0.000331083254423, -0.00120934215374, 0.00127378606703, 0.0012610363774, -0.00445917155594, -0.00543459039181, 0.0227476358414, -0.00734543614089, -0.0026149393525, 0.00360281113535, -0.00288239261135, 0.00106481544208], [0.00127869972493, 0.00148214574438, 0.00225817691535, -0.0030320212245, 0.000466282101115, 0.00181160855573, -0.000440937554231, -0.00734543614089, 0.0201714895666, -0.00402857968584, -0.00093017477775, 0.000937714648899, -0.00235618581064], [-0.00167779088952, -0.00183811562601, -0.00210262136534, 0.0030842248816, -0.000938707846217, 0.0021129429806, -0.00294440821745, -0.0026149393525, -0.00402857968584, 0.0227634720504, -0.012221143581, 0.00385614531115, -0.00053897977341], [-0.00162560318131, 0.00107419351116, -0.000633726245724, -0.00301525904797, -0.000373138958821, -0.00319721829146, 0.00130994198844, 0.00360281113535, -0.00093017477775, -0.012221143581, 0.0335392281413, -0.0145839098841, -0.00296017620713], [0.00114733772352, -0.00283779460005, 0.00117898825556, -0.000383051024983, -0.00138180959038, 0.00257425475866, -0.000221526992391, -0.00288239261135, 0.000937714648899, 0.00385614531115, -0.0145839098841, 0.0306220687926, -0.010986099951], [-0.00129877578001, 0.000476807908854, -0.00148374692071, 0.000340485828929, -0.00120536074974, 0.000638323253952, 0.00100788788404, 0.00106481544208, -0.00235618581064, -0.00053897977341, -0.00296017620713, -0.010986099951, 0.0291162729263]]
    spectral_contrast:
        mean: [1.46423886349e-07, 3.72233785129e-07, 7.98202037799e-08, -4.17197782099e-07, -3.79232801606e-07, -1.85459100521e-07, 6.12931557953e-07, 8.72673126651e-07, -2.75233833236e-06, 4.69245924251e-06, -3.03528668155e-06, -3.52709434992e-06]
        var: [0.000230228513828, 0.000322279258398, 0.000653702882119, 0.00170532986522, 0.00330330384895, 0.00413783825934, 0.025029392913, 0.0440286323428, 0.0837756693363, 0.13068549335, 0.175114631653, 0.540649533272]

rhythm:
    beats_loudness:
        dmean: 0.00377715867944
        dmean2: 0.00693796761334
        dvar: 9.81888842944e-06
        dvar2: 2.80583044514e-05
        max: 0.0152339618653
        mean: 0.00688150338829
        min: 0.00263359979726
        var: 1.03514657894e-05
    beats_loudness_bass:
        dmean: 0.0539724603295
        dmean2: 0.0915324389935
        dvar: 0.00250163767487
        dvar2: 0.00625045504421
        max: 0.197495505214
        mean: 0.05512586236
        min: 0.0025336178951
        var: 0.00280796922743
    bpm: 101.927139282
    bpm_confidence: 0
    first_peak_bpm: 104
    first_peak_spread: 0.333333313465
    first_peak_weight: 0.625
    onset_rate: 2.99853157997
    second_peak_bpm: 78
    second_peak_spread: 0
    second_peak_weight: 0.0625
    beats_position: [0.0658962801099, 0.644967198372, 1.22403824329, 1.80310916901, 2.38218021393, 2.96125125885, 3.54032206535, 4.11939287186, 4.69846391678, 5.2775349617, 5.85660600662, 6.62724208832, 7.2233247757, 7.8194065094, 8.41548919678, 9.01157093048, 9.60765266418]
    bpm_estimates: [102.582275391, 104.322471619, 103.954307556, 100.464279175, 100.422607422, 100.901405334, 100.842597961]
    bpm_intervals: [0.579070925713, 0.579071044922, 0.579070925713, 0.579071044922, 0.579071044922, 0.579070806503, 0.579070806503, 0.579071044922, 0.579071044922, 0.579071044922, 0.770636081696, 0.596082687378, 0.596081733704, 0.596082687378, 0.596081733704, 0.596081733704]
    onset_times: [0.0464399084449, 0.522448956966, 0.603718817234, 1.06811785698, 1.67183673382, 1.79954648018, 1.84598636627, 2.11301589012, 2.43809533119, 2.73995471001, 3.08825397491, 3.33206343651, 4.26086187363, 4.56272125244, 4.85297060013, 5.01551008224, 6.00235843658, 6.15328788757, 6.3622674942, 6.51319742203, 6.61768722534, 6.86149644852, 6.96598625183, 7.10530614853, 7.84834480286, 8.13859367371, 8.37079334259, 8.54494285583, 9.07900238037, 9.82204055786]
    rubato_start: []
    rubato_stop: []
    perceptual_tempo: "unknown"

sfx:
    inharmonicity:
        dmean: 0.0308111719787
        dmean2: 0.0546078830957
        dvar: 0.00166730000637
        dvar2: 0.00448075681925
        max: 0.329300880432
        mean: 0.0313904285431
        min: 8.56748229126e-05
        var: 0.00158551090863
    oddtoevenharmonicenergyratio:
        dmean: 3.43504405022
        dmean2: 6.40138483047
        dvar: 92.4859695435
        dvar2: 261.27230835
        max: 122.193771362
        mean: 2.46220707893
        min: 0.00110651552677
        var: 71.4786911011
    pitch_after_max_to_before_max_energy_ratio: 0.215314760804
    pitch_centroid: 236.886108398
    pitch_max_to_total: 0.920745909214
    pitch_min_to_total: 0.561771571636
    tristimulus:
        dmean: [0.216199487448, 0.220210149884, 0.0888668820262]
        dmean2: [0.382452756166, 0.388352274895, 0.151688188314]
        dvar: [0.0365113727748, 0.0385394394398, 0.0072560813278]
        dvar2: [0.0908473134041, 0.101857550442, 0.0186558365822]
        max: [0.93236887455, 0.976368844509, 0.665973544121]
        mean: [0.450839817524, 0.413422554731, 0.116991624236]
        min: [0.00157683494035, 0, 0]
        var: [0.0511972568929, 0.0500730089843, 0.00955887883902]

tonal:
    chords_changes_rate: 0.0462962947786
    chords_number_rate: 0.0324074067175
    chords_strength:
        dmean: 0.00736332731321
        dmean2: 0.00707691162825
        dvar: 3.65323539882e-05
        dvar2: 4.08691485063e-05
        max: 0.619391024113
        mean: 0.494722366333
        min: 0.343253344297
        var: 0.00364562915638
    key_strength: 0.73531293869
    tuning_diatonic_strength: 0.674526512623
    tuning_equal_tempered_deviation: 0.0660802647471
    tuning_frequency: 437.465789795
    tuning_nontempered_energy_ratio: 0.7658816576
    hpcp:
        dmean: [0.0416236519814, 0.0254934281111, 0.0322133675218, 0.0684762448072, 0.127549305558, 0.179529324174, 0.207456350327, 0.16726835072, 0.0627330169082, 0.0350305959582, 0.0387832224369, 0.0765837207437, 0.104055866599, 0.0978995859623, 0.0829806104302, 0.0688241645694, 0.0867923274636, 0.0979695990682, 0.081493653357, 0.0937356129289, 0.182930931449, 0.131489157677, 0.135643392801, 0.0722832009196, 0.0266697891057, 0.0224154293537, 0.043830126524, 0.0514688193798, 0.033604003489, 0.0308645404875, 0.0438586995006, 0.0432171300054, 0.0368019491434, 0.0439715348184, 0.0429123230278, 0.0420598126948]
        dmean2: [0.0669788941741, 0.0390228703618, 0.0555555745959, 0.12263584137, 0.227778956294, 0.297225177288, 0.339596688747, 0.277485340834, 0.111051686108, 0.0593242160976, 0.0659447908401, 0.124673709273, 0.169340401888, 0.160658538342, 0.137769952416, 0.124309301376, 0.152190595865, 0.169664025307, 0.137164592743, 0.158969223499, 0.303303718567, 0.216436088085, 0.217794120312, 0.122132636607, 0.0480834506452, 0.0383171997964, 0.0732494071126, 0.082605086267, 0.0549358092248, 0.0479742027819, 0.06232958287, 0.0637052282691, 0.058072000742, 0.0737436786294, 0.0744929686189, 0.0690993592143]
        dvar: [0.00717683043331, 0.00155489554163, 0.00420154444873, 0.0132959401235, 0.0353505387902, 0.0323826819658, 0.0459026023746, 0.0427758470178, 0.0146869812161, 0.00471229618415, 0.00464794412255, 0.0127564352006, 0.0249723494053, 0.0213386099786, 0.014615252614, 0.0169711261988, 0.0207040160894, 0.0238434132189, 0.0126628894359, 0.0147290015593, 0.0511964522302, 0.028131686151, 0.0261653345078, 0.0106198247522, 0.00331312394701, 0.0013497750042, 0.00289534125477, 0.00350501132198, 0.00217612599954, 0.00495145330206, 0.00877975486219, 0.00447489274666, 0.0029287871439, 0.0120838284492, 0.0130579434335, 0.00624694721773]
        dvar2: [0.0184745136648, 0.00325636519119, 0.0102458614856, 0.0356557741761, 0.0910922437906, 0.0737326070666, 0.101314693689, 0.0991198047996, 0.0438456721604, 0.0123406909406, 0.0134502770379, 0.0323216877878, 0.0578388720751, 0.0497849546373, 0.0353691838682, 0.0428820773959, 0.0571539439261, 0.0680319443345, 0.0307750254869, 0.0379837974906, 0.13435998559, 0.0684228166938, 0.0650073364377, 0.0290445238352, 0.0096001336351, 0.00376286241226, 0.00747274281457, 0.00742383766919, 0.00540509354323, 0.0126224253327, 0.0178092122078, 0.00806631520391, 0.00694228662178, 0.0273062027991, 0.0359915047884, 0.0158251337707]
        max: [1, 0.412903219461, 0.553692162037, 0.641537249088, 1, 1, 1, 1, 1, 0.778606891632, 0.573441147804, 0.80795788765, 1, 1, 1, 1, 1, 1, 1, 1, 1, 1, 1, 0.676730811596, 0.495999157429, 0.298178613186, 0.441542118788, 0.665112614632, 0.352606326342, 0.587650239468, 1, 0.936051547527, 0.451661795378, 1, 1, 0.861515283585]
        mean: [0.0652746409178, 0.0420939140022, 0.0385082960129, 0.0687077566981, 0.181932747364, 0.394574970007, 0.45758253336, 0.241671681404, 0.0691388249397, 0.0483547374606, 0.0484248138964, 0.107745982707, 0.187768295407, 0.155158013105, 0.154268294573, 0.203822314739, 0.15031927824, 0.122070483863, 0.114398956299, 0.131425604224, 0.358724206686, 0.459383159876, 0.25234028697, 0.083669193089, 0.0278506278992, 0.0266620628536, 0.0631929263473, 0.0845597460866, 0.0527512840927, 0.0388899408281, 0.0653829649091, 0.0681162178516, 0.0590155124664, 0.0637614056468, 0.0548213757575, 0.0610283054411]
        min: [0.0017135462258, 0.00130193901714, 0.00144897040445, 0.00166647834703, 0.00171659863554, 0.00740063609555, 0.0103029096499, 0.00376100791618, 0.00274570728652, 0.00441571464762, 0.00304793706164, 0.00680572260171, 0.00757194589823, 0.00459412066266, 0.00352240935899, 0.00363154360093, 0.00497144181281, 0.00838573370129, 0.00482989987358, 0.00472215889022, 0.00222939183004, 0.00209725322202, 0.00354185001925, 0.0021283228416, 0.000786838412751, 0.00100695772562, 0.00281052617356, 0.00818207487464, 0.00350753497332, 0.00118792126887, 0.00192635320127, 0.00181682675611, 0.00202650343999, 0.0022836686112, 0.00312792486511, 0.00233361055143]
        var: [0.009467381984, 0.00287933740765, 0.00476141367108, 0.0124427275732, 0.0653530731797, 0.110011130571, 0.119089610875, 0.0688198357821, 0.0109879635274, 0.00429709302261, 0.00354143534787, 0.0212426614016, 0.0632117986679, 0.0375731214881, 0.0423727072775, 0.108527801931, 0.0516635514796, 0.0280457492918, 0.0249892026186, 0.025949427858, 0.12255204469, 0.161996424198, 0.0724297091365, 0.0114339767024, 0.00212238240056, 0.00128094805405, 0.00450285570696, 0.00669792620465, 0.00277602626011, 0.00543263042346, 0.0175429005176, 0.0118775255978, 0.00464888010174, 0.0174465868622, 0.0139051899314, 0.00755582237616]
    chords_histogram: [61.1111106873, 0, 3.70370364189, 0, 0, 0, 0, 0, 0, 0, 4.16666650772, 0, 8.79629611969, 0, 0, 0, 0, 4.16666650772, 16.2037029266, 0, 0, 0, 0, 1.85185182095]
    thpcp: [1, 0.549302458763, 0.18213377893, 0.060626141727, 0.0580388344824, 0.137560382485, 0.184072375298, 0.114830687642, 0.0846568718553, 0.142327740788, 0.148277565837, 0.12846685946, 0.138797879219, 0.119336932898, 0.132848367095, 0.142091929913, 0.0916313827038, 0.0838260948658, 0.149565249681, 0.396037042141, 0.858923435211, 0.996080338955, 0.526078641415, 0.150503605604, 0.105260141194, 0.105412691832, 0.234544917941, 0.40874004364, 0.337752938271, 0.335816174746, 0.443686962128, 0.327219814062, 0.265726953745, 0.249027311802, 0.286091476679, 0.780882358551]
    chords_key: "E"
    chords_scale: "major"
    key_key: "E"
    key_scale: "major"
    chords_progression: ["E", "E", "E", "E", "C#m", "C#m", "C#m", "C#m", "E", "E", "E", "E", "E", "E", "E", "E", "E", "E", "E", "E", "E", "E", "E", "E", "E", "E", "E", "E", "E", "E", "E", "E", "E", "D#", "D#", "D#", "D#", "D#", "D#", "D#", "D#", "D#", "A#", "A#", "A#", "A#", "E", "E", "E", "E", "A#", "A#", "A#", "A#", "A#", "A#", "A#", "A#", "A#", "A#", "A#", "A#", "A#", "A#", "A#", "B", "B", "B", "B", "B", "B", "B", "B", "E", "E", "E", "E", "E", "E", "E", "E", "E", "E", "E", "E", "E", "E", "E", "E", "E", "E", "E", "E", "E", "E", "E", "E", "E", "E", "E", "E", "E", "E", "E", "E", "E", "E", "E", "E", "E", "E", "E", "E", "E", "E", "E", "E", "E", "E", "E", "E", "E", "E", "E", "E", "E", "E", "E", "E", "E", "E", "E", "E", "E", "E", "E", "E", "E", "E", "E", "E", "E", "E", "E", "E", "E", "E", "E", "E", "E", "E", "E", "E", "E", "E", "E", "E", "E", "E", "E", "E", "E", "E", "E", "E", "E", "E", "E", "E", "E", "E", "E", "Em", "Em", "Em", "Em", "Em", "Em", "Em", "Em", "Em", "G", "G", "G", "G", "G", "G", "G", "G", "G", "G", "G", "G", "G", "G", "G", "G", "G", "G", "G", "G", "G", "G", "G", "G", "G", "G", "G", "G", "G", "G", "G", "G", "G", "G", "G"]
