
metadata:
    version:
        essentia: "1.2.2"
    audio_properties:
        analysis_sample_rate: 44100
        bitrate: 128
        channels: 2
        equal_loudness: 1
        length: 10.0571432114
        replay_gain: -7.28115081787
        downmix: "mix"
    tags:
        track: 28
        year: 0
        album: "Splitted by Mp3Splt v. 2.1"
        artist: "From 004.30 To 004.40"
        comment: "http://mp3splt.sf.net"
        genre: ""
        title: "05 Peace, Pt. 1.mp3"

highlevel:
    ballroom:
        all:
            ChaChaCha: 0.000101135046862
            Jive: 4.67643440061e-05
            Quickstep: 0.000888036156539
            Rumba-American: 0.00338001083583
            Rumba-International: 0.00418956857175
            Rumba-Misc: 0.0155677553266
            Samba: 0.000178541944479
            Tango: 0.0426163375378
            VienneseWaltz: 0.21784889698
            Waltz: 0.715182960033
        probability: 0.715182960033
        value: "Waltz"
    culture:
        all:
            non_western: 0.0136462999508
            western: 0.986353695393
        probability: 0.986353695393
        value: "western"
    gender:
        all:
            female: 0.963263750076
            male: 0.0367362350225
        probability: 0.963263750076
        value: "female"
    genre_dortmund:
        all:
            alternative: 0.0422952249646
            blues: 0.0299450159073
            electronic: 0.482834547758
            folkcountry: 0.160938575864
            funksoulrnb: 0.0572017021477
            jazz: 0.122329860926
            pop: 0.0665298551321
            raphiphop: 0.00600133091211
            rock: 0.0319238826632
        probability: 0.482834547758
        value: "electronic"
    genre_electronica:
        all:
            ambient: 0.99586892128
            dnb: 0.000221281079575
            house: 0.00276811700314
            techno: 0.000340687780408
            trance: 0.000800987298135
        probability: 0.99586892128
        value: "ambient"
    genre_rosamerica:
        all:
            cla: 0.926454544067
            dan: 0.00270918849856
            hip: 0.000979698495939
            jaz: 0.0311013758183
            pop: 0.013075472787
            rhy: 0.0218579489738
            roc: 0.00177797779907
            spe: 0.00204377248883
        probability: 0.926454544067
        value: "cla"
    genre_tzanetakis:
        all:
            blu: 0.00599422445521
            cla: 0.857788920403
            cou: 0.00837739370763
            dis: 0.00781140802428
            hip: 0.00281340046786
            jaz: 0.0232629626989
            met: 0.00282860803418
            pop: 0.0649266764522
            reg: 0.013916769065
            roc: 0.0122796185315
        probability: 0.857788920403
        value: "cla"
    live_studio:
        all:
            live: 0.0430629365146
            studio: 0.956937074661
        probability: 0.956937074661
        value: "studio"
    mood:
        all:
            Cluster1: 0.0282436069101
            Cluster2: 0.159720674157
            Cluster3: 0.499911725521
            Cluster4: 0.30146998167
            Cluster5: 0.0106540163979
        probability: 0.499911725521
        value: "Cluster3"
    mood_acoustic:
        all:
            acoustic: 0.861760079861
            not_acoustic: 0.138239920139
        probability: 0.861760079861
        value: "acoustic"
    mood_aggressive:
        all:
            aggressive: 3.25847260285e-08
            not_aggressive: 0.999999940395
        probability: 0.999999940395
        value: "not_aggressive"
    mood_electronic:
        all:
            electronic: 0.70265173912
            not_electronic: 0.29734826088
        probability: 0.70265173912
        value: "electronic"
    mood_happy:
        all:
            happy: 0.124167308211
            not_happy: 0.875832676888
        probability: 0.875832676888
        value: "not_happy"
    mood_party:
        all:
            not_party: 0.981400251389
            party: 0.0185997448862
        probability: 0.981400251389
        value: "not_party"
    mood_relaxed:
        all:
            not_relaxed: 0.0136055098847
            relaxed: 0.98639446497
        probability: 0.98639446497
        value: "relaxed"
    mood_sad:
        all:
            not_sad: 0.0587697476149
            sad: 0.941230237484
        probability: 0.941230237484
        value: "sad"
    rhythm:
        all:
            fast: 0.0531094931066
            medium: 0.590081870556
            slow: 0.356808632612
        probability: 0.590081870556
        value: "medium"
    speech_music:
        all:
            music: 0.411427736282
            speech: 0.588572263718
        probability: 0.588572263718
        value: "speech"
    timbre:
        all:
            bright: 0.484307855368
            dark: 0.51569211483
        probability: 0.51569211483
        value: "dark"
    voice_instrumental:
        all:
            instrumental: 0.60522967577
            voice: 0.39477032423
        probability: 0.60522967577
        value: "instrumental"

lowlevel:
    average_loudness: 0.935314774513
    barkbands_kurtosis:
        dmean: 2.89179420471
        dmean2: 4.46814918518
        dvar: 33.3046913147
        dvar2: 66.2741928101
        max: 82.6498641968
        mean: 6.11390304565
        min: -1.45617210865
        var: 93.5726165771
    barkbands_skewness:
        dmean: 0.415120214224
        dmean2: 0.61293387413
        dvar: 0.264740407467
        dvar2: 0.572614252567
        max: 7.6247625351
        mean: 1.3768569231
        min: -1.40674471855
        var: 1.66320264339
    barkbands_spread:
        dmean: 1.11395859718
        dmean2: 1.64490652084
        dvar: 1.34519314766
        dvar2: 3.42054581642
        max: 17.2095680237
        mean: 6.45414304733
        min: 0.509115278721
        var: 13.1660394669
    dissonance:
        dmean: 0.0483608320355
        dmean2: 0.0826615616679
        dvar: 0.0022565361578
        dvar2: 0.00545986369252
        max: 0.487911731005
        mean: 0.34001609683
        min: 0
        var: 0.00419594766572
    hfc:
        dmean: 0.531690597534
        dmean2: 0.694278001785
        dvar: 0.598125457764
        dvar2: 1.01037096977
        max: 13.4012260437
        mean: 2.64819431305
        min: 0.00017428107094
        var: 6.13497829437
    pitch:
        dmean: 62.4469604492
        dmean2: 120.655403137
        dvar: 22154.8359375
        dvar2: 47433.1679688
        max: 1520.68969727
        mean: 327.51953125
        min: 77.3684234619
        var: 26070.6289062
    pitch_instantaneous_confidence:
        dmean: 0.0540461540222
        dmean2: 0.0802543312311
        dvar: 0.00398978451267
        dvar2: 0.00995751842856
        max: 0.982244133949
        mean: 0.695401251316
        min: 0.254481911659
        var: 0.0244427453727
    pitch_salience:
        dmean: 0.0430953428149
        dmean2: 0.0633691623807
        dvar: 0.0016352541279
        dvar2: 0.00386093603447
        max: 0.950946509838
        mean: 0.458529472351
        min: 0.211142480373
        var: 0.0132487583905
    silence_rate_20dB:
        dmean: 0
        dmean2: 0
        dvar: 0
        dvar2: 0
        max: 1
        mean: 1
        min: 1
        var: 0
    silence_rate_30dB:
        dmean: 0
        dmean2: 0
        dvar: 0
        dvar2: 0
        max: 1
        mean: 1
        min: 1
        var: 0
    silence_rate_60dB:
        dmean: 0.0461893752217
        dmean2: 0.0925925895572
        dvar: 0.0440559908748
        dvar2: 0.0932782962918
        max: 1
        mean: 0.562211990356
        min: 0
        var: 0.246130123734
    spectral_centroid:
        dmean: 56.5774765015
        dmean2: 74.3264083862
        dvar: 3810.26733398
        dvar2: 8666.94726562
        max: 1613.30603027
        mean: 745.836975098
        min: 348.330963135
        var: 79046
    spectral_complexity:
        dmean: 0.865429222584
        dmean2: 1.32790696621
        dvar: 0.728989601135
        dvar2: 1.18317496777
        max: 12
        mean: 5.49537038803
        min: 0
        var: 7.74997854233
    spectral_crest:
        dmean: 1.99580693245
        dmean2: 3.02232813835
        dvar: 3.63254261017
        dvar2: 9.67650318146
        max: 24.7317047119
        mean: 13.6473617554
        min: 4.72687292099
        var: 15.5594978333
    spectral_decrease:
        dmean: 1.75486097875e-10
        dmean2: 2.540330446e-10
        dvar: 6.95413972148e-20
        dvar2: 1.48700901625e-19
        max: -5.93944652575e-14
        mean: -8.06102240514e-10
        min: -3.4734062293e-09
        var: 5.20415305714e-19
    spectral_energy:
        dmean: 0.000708544335794
        dmean2: 0.00101917108987
        dvar: 1.11592703433e-06
        dvar2: 2.34317440118e-06
        max: 0.0143098756671
        mean: 0.00328261544928
        min: 2.39976401417e-07
        var: 8.56061797094e-06
    spectral_energyband_high:
        dmean: 5.50796767129e-06
        dmean2: 7.55597920943e-06
        dvar: 1.43523151697e-10
        dvar2: 3.44065248514e-10
        max: 0.000191196653759
        mean: 1.47109221871e-05
        min: 2.58182519808e-09
        var: 7.5646161557e-10
    spectral_energyband_low:
        dmean: 1.50869666982e-07
        dmean2: 2.35584096231e-07
        dvar: 6.91258194348e-13
        dvar2: 1.73030491844e-12
        max: 1.2221601537e-05
        mean: 1.80285795182e-07
        min: 1.35928157619e-09
        var: 3.96142428756e-13
    spectral_energyband_middle_high:
        dmean: 0.000368626991985
        dmean2: 0.00048110235366
        dvar: 4.55521899312e-07
        dvar2: 8.93595483831e-07
        max: 0.0105808349326
        mean: 0.0015113967238
        min: 7.64464758163e-08
        var: 3.26086023961e-06
    spectral_energyband_middle_low:
        dmean: 0.000496229564305
        dmean2: 0.000735888781492
        dvar: 7.01048691099e-07
        dvar2: 1.85822057119e-06
        max: 0.0132593130693
        mean: 0.00175632489845
        min: 1.42429456673e-07
        var: 3.68258247363e-06
    spectral_flatness_db:
        dmean: 0.0185638405383
        dmean2: 0.0292979478836
        dvar: 0.000313760654535
        dvar2: 0.00082813645713
        max: 0.468435555696
        mean: 0.34301841259
        min: 0.103664524853
        var: 0.00217859935947
    spectral_flux:
        dmean: 0.00530973821878
        dmean2: 0.00840811803937
        dvar: 5.09669844178e-05
        dvar2: 0.000125316495541
        max: 0.0841416195035
        mean: 0.0173781123012
        min: 0.00287373131141
        var: 0.000182326242793
    spectral_kurtosis:
        dmean: 10.090798378
        dmean2: 17.5372543335
        dvar: 89.6261291504
        dvar2: 253.383102417
        max: 105.142074585
        mean: 30.1618270874
        min: 1.68521881104
        var: 428.012573242
    spectral_rms:
        dmean: 0.00018292828463
        dmean2: 0.000253967387835
        dvar: 5.2636597303e-08
        dvar2: 1.02574070127e-07
        max: 0.00373642263003
        mean: 0.00160407705698
        min: 1.53010896611e-05
        var: 6.29487487913e-07
    spectral_rolloff:
        dmean: 71.3443450928
        dmean2: 121.587272644
        dvar: 16665.21875
        dvar2: 37622.9804688
        max: 1571.92382812
        mean: 956.035095215
        min: 344.53125
        var: 108693.289062
    spectral_skewness:
        dmean: 0.694927752018
        dmean2: 1.21138203144
        dvar: 0.380956619978
        dvar2: 1.10254061222
        max: 8.0661611557
        mean: 3.99588608742
        min: 1.3540276289
        var: 1.95680749416
    spectral_spread:
        dmean: 358727.0625
        dmean2: 578866.9375
        dvar: 341633859584
        dvar2: 610863415296
        max: 15980562
        mean: 2284151.25
        min: 786954.3125
        var: 1.67381526118e+12
    spectral_strongpeak:
        dmean: 0.256416112185
        dmean2: 0.397062182426
        dvar: 0.107684932649
        dvar2: 0.258969336748
        max: 3.37494492531
        mean: 1.02190446854
        min: 0.00019536986656
        var: 0.847422897816
    zerocrossingrate:
        dmean: 0.0026543920394
        dmean2: 0.00288313045166
        dvar: 8.3341374193e-06
        dvar2: 9.08046604309e-06
        max: 0.0712890625
        mean: 0.0380158610642
        min: 0.001953125
        var: 0.000183302530786
    barkbands:
        dmean: [1.84784720858e-08, 5.83749333316e-08, 9.66505453448e-08, 7.02541740338e-07, 3.04678305838e-05, 0.000202234776225, 0.000280433159787, 5.12351398356e-05, 6.13115917076e-05, 0.000164771874552, 0.00018834034563, 8.68119168445e-05, 4.50099723821e-05, 3.06478395942e-05, 4.09014273828e-06, 1.62236392498e-06, 2.91277046927e-06, 5.44873910258e-06, 6.75531646266e-06, 7.0173146014e-06, 2.07794073503e-06, 6.93093113568e-07, 1.90514057863e-07, 1.26745689499e-07, 1.59421595924e-08, 6.82565948207e-10, 4.25533885906e-10]
        dmean2: [2.816189415e-08, 8.93862548423e-08, 1.58301972419e-07, 1.15675572943e-06, 3.5552035115e-05, 0.000294123543426, 0.000430723564932, 5.12654842169e-05, 7.08321604179e-05, 0.000196952736587, 0.000273673329502, 0.000117490926641, 4.92008839501e-05, 4.36237169197e-05, 5.90932222622e-06, 1.75900800059e-06, 2.86871886601e-06, 5.95753954258e-06, 7.26943517293e-06, 8.53649908095e-06, 2.3105847049e-06, 1.11782537715e-06, 3.18607106919e-07, 2.11692125163e-07, 2.74788423127e-08, 1.10977016465e-09, 6.8560246369e-10]
        dvar: [6.4243200332e-14, 1.40142834403e-13, 1.15182968957e-13, 5.48666711023e-12, 7.62498331142e-09, 2.04598109121e-07, 3.51361848061e-07, 2.9150430958e-09, 2.26947705073e-08, 1.54884773451e-07, 2.96589433901e-07, 3.6451790919e-08, 1.50066998827e-08, 7.60271490208e-09, 1.10154975419e-10, 4.41356708125e-11, 4.71048443307e-11, 3.00464902958e-10, 2.71376088268e-10, 2.36019537248e-10, 3.44483573611e-11, 5.72138777327e-12, 5.07481535093e-13, 1.49260080207e-13, 4.86916974432e-15, 1.74143588121e-17, 1.81604972313e-17]
        dvar2: [1.61034746193e-13, 3.50257393618e-13, 2.87872346403e-13, 1.18965549217e-11, 1.82304731311e-08, 5.83984217428e-07, 8.39158758481e-07, 3.33913208195e-09, 3.37880265988e-08, 2.00510157811e-07, 6.85765428443e-07, 8.52700026144e-08, 1.58058135469e-08, 1.63690376809e-08, 2.4939172949e-10, 5.88801160606e-11, 5.61584077852e-11, 4.39834169086e-10, 3.29980737179e-10, 2.7307375805e-10, 4.83163786758e-11, 1.59774207753e-11, 1.44677575042e-12, 4.27523983012e-13, 1.42592287668e-14, 4.36552641558e-17, 4.55575049407e-17]
        max: [3.73531383957e-06, 5.47643003301e-06, 4.83344410895e-06, 4.27058184869e-05, 0.00157292350195, 0.00779882166535, 0.0117679992691, 0.000977483345196, 0.00258259987459, 0.0065702800639, 0.00633666245267, 0.00296578882262, 0.00283803790808, 0.00294654048048, 0.000172829415533, 0.000152834050823, 0.000141315729707, 0.000333395117195, 0.000354623072781, 0.000440387695562, 0.000189949205378, 2.71788030659e-05, 9.04974967852e-06, 3.9817787183e-06, 9.24869027585e-07, 6.10287855807e-08, 6.28004670489e-08]
        mean: [9.93081261669e-09, 5.78905350324e-08, 1.17116236709e-07, 2.26663223657e-06, 8.8320033683e-05, 0.000599683786277, 0.000643659033813, 0.000127078325022, 0.000147029859363, 0.000529987795744, 0.000423208548455, 0.000342249724781, 0.000145805985085, 0.000142976510688, 9.50157937041e-06, 3.0274557048e-06, 9.70044766291e-06, 1.37081233333e-05, 2.2318061383e-05, 2.36706546275e-05, 5.95993242314e-06, 1.56753526426e-06, 4.06716054613e-07, 2.66123265646e-07, 3.85685474669e-08, 1.16125586924e-09, 2.58113946883e-10]
        min: [8.56732133153e-12, 3.33263971974e-10, 8.73675576329e-10, 2.86310142261e-10, 1.28913999475e-08, 2.86202084254e-08, 4.20085584096e-08, 3.5044671165e-08, 1.87302831023e-08, 1.50698582502e-08, 2.81702927651e-08, 2.11249986393e-08, 5.86788306833e-09, 1.50002621435e-09, 1.17288168067e-09, 2.99072877574e-10, 4.80859740914e-10, 7.95703392065e-10, 2.74094591468e-09, 1.83616155613e-09, 4.71069516728e-10, 2.74543998646e-10, 1.4337928067e-10, 1.79720030524e-10, 7.77672926056e-11, 2.48941041392e-11, 3.8472023012e-14]
        var: [3.22040706819e-14, 7.95634513676e-14, 7.94606690017e-14, 3.7456496238e-11, 1.22559660198e-08, 4.21561310304e-07, 2.1672103685e-06, 2.01790886223e-08, 7.91513343756e-08, 1.20506808798e-06, 1.261724492e-06, 4.03754370382e-07, 1.52942391196e-07, 2.64689276719e-07, 6.0453003714e-10, 1.33609359687e-10, 5.40383682246e-10, 1.32503774619e-09, 2.7217990084e-09, 4.43667191874e-09, 3.93461319081e-10, 1.25533975576e-11, 9.39832738543e-13, 4.04841958568e-13, 9.30626544116e-15, 1.29195437359e-17, 9.11201400555e-18]
    mfcc:
        mean: [-898.69342041, 178.667190552, -63.5573196411, -10.845574379, -75.8644104004, -38.8181304932, -13.9362306595, -26.328294754, -36.6301422119, -25.10987854, -12.1978378296, -1.53084540367, -0.976261675358]
        cov: [[7068.49414062, -2442.59106445, 253.80506897, -451.142822266, -629.747619629, -9.91336250305, -5.67073774338, 212.409698486, -338.955871582, 453.093719482, -541.416870117, -486.783111572, 26.8275852203], [-2442.59106445, 1359.38024902, -192.414154053, 67.4131851196, 242.072219849, -54.0888519287, -29.1255683899, -110.145828247, 140.652648926, -171.943481445, 162.449966431, 56.8356437683, -102.626831055], [253.80506897, -192.414154053, 613.226928711, 137.602172852, 68.8540115356, -75.0266342163, -112.103530884, 55.8499717712, 123.273956299, 5.38037967682, -142.64730835, -67.7354736328, 77.3042221069], [-451.142822266, 67.4131851196, 137.602172852, 282.203369141, 57.651927948, -26.3464241028, 3.72041416168, -1.53982830048, 29.8914451599, -111.08656311, -95.0860519409, 106.933670044, 176.932449341], [-629.747619629, 242.072219849, 68.8540115356, 57.651927948, 185.297973633, 1.03764498234, -42.0445632935, -9.63404369354, 34.451259613, -25.5993423462, 51.2479820251, 18.7819843292, -18.1983680725], [-9.91336250305, -54.0888519287, -75.0266342163, -26.3464241028, 1.03764498234, 203.763122559, 74.3329315186, -48.4695129395, -35.7225761414, -21.9056339264, 64.8672637939, 51.732219696, -103.93044281], [-5.67073774338, -29.1255683899, -112.103530884, 3.72041416168, -42.0445632935, 74.3329315186, 143.887115479, 7.93832588196, -27.309047699, -13.1205692291, -14.9898929596, 31.9181098938, 10.3922042847], [212.409698486, -110.145828247, 55.8499717712, -1.53982830048, -9.63404369354, -48.4695129395, 7.93832588196, 119.09702301, 47.9755401611, 28.7328929901, -50.7101364136, -25.1750946045, 76.6820526123], [-338.955871582, 140.652648926, 123.273956299, 29.8914451599, 34.451259613, -35.7225761414, -27.309047699, 47.9755401611, 205.8515625, 5.72165679932, -36.1097259521, -7.3141913414, 48.0961151123], [453.093719482, -171.943481445, 5.38037967682, -111.08656311, -25.5993423462, -21.9056339264, -13.1205692291, 28.7328929901, 5.72165679932, 255.173095703, 91.57056427, -117.220970154, -98.8359375], [-541.416870117, 162.449966431, -142.64730835, -95.0860519409, 51.2479820251, 64.8672637939, -14.9898929596, -50.7101364136, -36.1097259521, 91.57056427, 334.093933105, 36.988079071, -191.170333862], [-486.783111572, 56.8356437683, -67.7354736328, 106.933670044, 18.7819843292, 51.732219696, 31.9181098938, -25.1750946045, -7.3141913414, -117.220970154, 36.988079071, 217.885116577, 97.6845016479], [26.8275852203, -102.626831055, 77.3042221069, 176.932449341, -18.1983680725, -103.93044281, 10.3922042847, 76.6820526123, 48.0961151123, -98.8359375, -191.170333862, 97.6845016479, 386.99822998]]
        icov: [[0.000747943297029, 0.000859646010213, 1.01838459159e-05, 0.000624116626568, 0.000817728694528, -0.000392612797441, 0.000722443393897, -0.00028663611738, 0.000721691292711, -0.000472715910291, 0.00107086263597, 0.000604218977969, 2.52066856774e-05], [0.000859646010213, 0.00320883421227, 0.00119970180094, 0.000172019557795, -0.00141448760405, 0.00166917406023, -0.000331317802193, 0.00165994255804, -0.00155527587049, 0.00155465921853, 0.000178845177288, 0.00174531561788, 0.000772930914536], [1.01838459159e-05, 0.00119970180094, 0.00367357349023, -0.00221031112596, -0.0015193882864, 0.000265808106633, 0.00189888454042, -8.88312570169e-05, -0.00218194443733, 0.000584623776376, 0.00058626185637, 0.001452428638, 0.000904179119971], [0.000624116626568, 0.000172019557795, -0.00221031112596, 0.00871240161359, -0.000999075826257, 0.000188135614735, -0.00119187484961, 0.00165862950962, 0.00146375840995, -0.00030856221565, 0.00183088250924, -0.00248511601239, -0.00256148399785], [0.000817728694528, -0.00141448760405, -0.0015193882864, -0.000999075826257, 0.0108609730378, -0.00325517449528, 0.00385696208104, -0.0030297297053, 0.00235086120665, -0.00145581888501, 0.000242023117607, 0.00048159173457, -0.000204200172448], [-0.000392612797441, 0.00166917406023, 0.000265808106633, 0.000188135614735, -0.00325517449528, 0.01159929391, -0.0067498665303, 0.00399964209646, -0.00248057558201, 0.00262341485359, -0.00141844479367, -0.00237076100893, 0.00355748762377], [0.000722443393897, -0.000331317802193, 0.00189888454042, -0.00119187484961, 0.00385696208104, -0.0067498665303, 0.0138305509463, -0.0045958282426, 0.00224933563732, -0.00229346239939, 0.00304252211936, 0.000118701653264, -0.00045671701082], [-0.00028663611738, 0.00165994255804, -8.88312570169e-05, 0.00165862950962, -0.0030297297053, 0.00399964209646, -0.0045958282426, 0.0151276793331, -0.00434174062684, 0.000678845564835, -0.00129661825486, 0.00137721281499, -0.00249809492379], [0.000721691292711, -0.00155527587049, -0.00218194443733, 0.00146375840995, 0.00235086120665, -0.00248057558201, 0.00224933563732, -0.00434174062684, 0.00936449691653, -0.0029393392615, 0.00239116069861, -0.00108836928848, -0.000910151633434], [-0.000472715910291, 0.00155465921853, 0.000584623776376, -0.00030856221565, -0.00145581888501, 0.00262341485359, -0.00229346239939, 0.000678845564835, -0.0029393392615, 0.00958960875869, -0.00496403081343, 0.00458533829078, 0.000237332307734], [0.00107086263597, 0.000178845177288, 0.00058626185637, 0.00183088250924, 0.000242023117607, -0.00141844479367, 0.00304252211936, -0.00129661825486, 0.00239116069861, -0.00496403081343, 0.00933464616537, -0.00413142470643, 0.00291373371147], [0.000604218977969, 0.00174531561788, 0.001452428638, -0.00248511601239, 0.00048159173457, -0.00237076100893, 0.000118701653264, 0.00137721281499, -0.00108836928848, 0.00458533829078, -0.00413142470643, 0.0125283114612, -0.00351999304257], [2.52066856774e-05, 0.000772930914536, 0.000904179119971, -0.00256148399785, -0.000204200172448, 0.00355748762377, -0.00045671701082, -0.00249809492379, -0.000910151633434, 0.000237332307734, 0.00291373371147, -0.00351999304257, 0.00773228425533]]
    spectral_contrast:
        mean: [5.78161632347e-07, 2.93228623605e-07, -1.59980515946e-07, 2.71187332146e-07, -2.2779460096e-07, -1.71432347429e-07, 5.95770507061e-06, -3.94535845771e-06, -5.61442629987e-06, 1.95039638129e-06, -9.02210103959e-07, -7.50908156988e-06]
        var: [0.000718539347872, 0.00105175666977, 0.00244123628363, 0.00457869190723, 0.00641356501728, 0.00949091464281, 0.0430837012827, 0.101512670517, 0.197163879871, 0.294590741396, 0.498181134462, 4.71930646896]

rhythm:
    beats_loudness:
        dmean: 0.00408830167726
        dmean2: 0.00727427471429
        dvar: 9.4127117336e-06
        dvar2: 2.62392150034e-05
        max: 0.011636919342
        mean: 0.0045555960387
        min: 0.00051413255278
        var: 1.42125154525e-05
    beats_loudness_bass:
        dmean: 0.00055775459623
        dmean2: 0.00102953868918
        dvar: 1.25985343402e-06
        dvar2: 2.11002725337e-06
        max: 0.00393970729783
        mean: 0.000519944122061
        min: 8.77734055393e-06
        var: 1.40607994581e-06
    bpm: 82.1585845947
    bpm_confidence: 0
    first_peak_bpm: 82
    first_peak_spread: 0
    first_peak_weight: 0.466666668653
    onset_rate: 3.57954549789
    second_peak_bpm: 125
    second_peak_spread: 0
    second_peak_weight: 0.466666668653
    beats_position: [0.445896118879, 1.17619097233, 1.90648591518, 2.63678097725, 3.3670759201, 4.09737062454, 4.82766532898, 5.55796003342, 6.11951255798, 6.59974622726, 7.07997989655, 7.56021404266, 8.04044723511, 8.52068138123, 9.00091552734, 9.48114967346]
    bpm_estimates: [82.1654129028, 82.1461181641, 82.1542358398, 82.1685943604]
    bpm_intervals: [0.730294823647, 0.730294942856, 0.730295062065, 0.730294942856, 0.730294704437, 0.730294704437, 0.730294704437, 0.561552524567, 0.480233669281, 0.480233669281, 0.480234146118, 0.480233192444, 0.480234146118, 0.480234146118, 0.480234146118]
    onset_times: [0.0696598663926, 0.232199549675, 0.441179126501, 0.661768734455, 0.835918366909, 0.986848056316, 1.02167797089, 1.10294783115, 1.34675741196, 2.18267583847, 2.61224484444, 2.96054410934, 3.11147403717, 3.14630389214, 3.19274377823, 3.22757363319, 4.35374164581, 4.46984148026, 4.56272125244, 4.69043064117, 4.80653047562, 5.32897949219, 5.42185926437, 5.8282084465, 6.3042178154, 6.62929725647, 7.32589578629, 7.53487539291, 7.72063493729, 8.03410434723, 8.20825386047, 8.38240337372, 8.47528362274, 8.80036258698, 9.19510173798, 9.41569137573]
    rubato_start: [6.59974622726]
    rubato_stop: [9.48114967346]
    perceptual_tempo: "unknown"

sfx:
    inharmonicity:
        dmean: 0.0582750327885
        dmean2: 0.106560908258
        dvar: 0.00676258932799
        dvar2: 0.0182253681123
        max: 0.451639920473
        mean: 0.0476543009281
        min: 0
        var: 0.00603789277375
    oddtoevenharmonicenergyratio:
        dmean: 38.3687133789
        dmean2: 74.4958724976
        dvar: 41711.7851562
        dvar2: 124425.601562
        max: 2725.76586914
        mean: 21.4352931976
        min: 0
        var: 21722.6621094
    pitch_after_max_to_before_max_energy_ratio: 8.7188243866
    pitch_centroid: 210.296401978
    pitch_max_to_total: 0.0902777761221
    pitch_min_to_total: 0.817129611969
    tristimulus:
        dmean: [0.266488552094, 0.284481048584, 0.0433396995068]
        dmean2: [0.486421585083, 0.525244116783, 0.0818026587367]
        dvar: [0.0755638480186, 0.0858057588339, 0.00865106470883]
        dvar2: [0.189708903432, 0.217188477516, 0.0250785015523]
        max: [1, 0.991448819637, 0.973276376724]
        mean: [0.383179068565, 0.559392809868, 0.0350729115307]
        min: [0.000502531940583, 0, 0]
        var: [0.100192353129, 0.10299281776, 0.00576378684491]

tonal:
    chords_changes_rate: 0.0414746552706
    chords_number_rate: 0.0322580635548
    chords_strength:
        dmean: 0.00754769844934
        dmean2: 0.00585164362565
        dvar: 3.29016693286e-05
        dvar2: 3.52810056938e-05
        max: 0.755464375019
        mean: 0.577996790409
        min: 0.422825813293
        var: 0.00970060471445
    key_strength: 0.707570970058
    tuning_diatonic_strength: 0.558603227139
    tuning_equal_tempered_deviation: 0.0578092560172
    tuning_frequency: 441.272583008
    tuning_nontempered_energy_ratio: 0.687295079231
    hpcp:
        dmean: [0.0548073388636, 0.0687102675438, 0.0697633251548, 0.0567752867937, 0.0448213629425, 0.0263515785336, 0.0122215291485, 0.0161876268685, 0.0760578736663, 0.112639084458, 0.0763875842094, 0.0165135115385, 0.0211402699351, 0.0419423244894, 0.0908193215728, 0.0783971771598, 0.0903415307403, 0.113751016557, 0.141114503145, 0.0812167823315, 0.010457531549, 0.00638424418867, 0.0157701801509, 0.0646474957466, 0.0830314829946, 0.045650664717, 0.0157297756523, 0.022991206497, 0.0587320849299, 0.149565190077, 0.137242630124, 0.100994691253, 0.0449262708426, 0.0440717451274, 0.0406906530261, 0.0407563894987]
        dmean2: [0.0887191519141, 0.112707428634, 0.108038522303, 0.0967234820127, 0.0600821599364, 0.0492345318198, 0.0228230301291, 0.0267985165119, 0.123553402722, 0.182708367705, 0.113482296467, 0.0225152410567, 0.0303988661617, 0.0635998994112, 0.126330971718, 0.115087248385, 0.13358040154, 0.168031468987, 0.208767041564, 0.116384476423, 0.0151936607435, 0.0106758540496, 0.0258628670126, 0.092151068151, 0.120429292321, 0.0720983073115, 0.0278245899826, 0.0363173559308, 0.0980740487576, 0.235399276018, 0.208790495992, 0.159320235252, 0.0847161859274, 0.0806935429573, 0.0695191919804, 0.068751513958]
        dvar: [0.0249105934054, 0.0313492044806, 0.0290722269565, 0.0211757272482, 0.013126719743, 0.0141692142934, 0.00269797327928, 0.0020867229905, 0.0199841242284, 0.0386037044227, 0.0184884257615, 0.00308751431294, 0.00368267763406, 0.00704849883914, 0.0199662800878, 0.0211604870856, 0.0142948636785, 0.0243565309793, 0.0388897247612, 0.0131876608357, 0.000564207381103, 0.000760544382501, 0.00178218400106, 0.0173243451864, 0.0219466295093, 0.00656495476142, 0.00109816587064, 0.00439132330939, 0.0122999791056, 0.0392330959439, 0.0416759289801, 0.0193600729108, 0.0265958216041, 0.0193990897387, 0.0201805308461, 0.0181095674634]
        dvar2: [0.0525289662182, 0.073287807405, 0.0715327933431, 0.0600295886397, 0.0296693090349, 0.039009951055, 0.00791908893734, 0.00550154550001, 0.0527466721833, 0.0955283939838, 0.037393078208, 0.00627642823383, 0.00734858354554, 0.014805923216, 0.0388379432261, 0.0396898984909, 0.0292499307543, 0.0479174815118, 0.0780455470085, 0.0249590985477, 0.00104341760743, 0.00150865619071, 0.00421737926081, 0.0414028204978, 0.0449637509882, 0.0141747053713, 0.00284637883306, 0.0115313604474, 0.0347084775567, 0.0965551808476, 0.0817922726274, 0.0498578324914, 0.0792524293065, 0.0584220848978, 0.0529954172671, 0.045268677175]
        max: [1, 1, 1, 1, 1, 1, 0.359540998936, 0.287164032459, 1, 1, 0.794868886471, 0.796768605709, 0.703093826771, 0.731665492058, 1, 1, 1, 1, 1, 1, 0.358457565308, 0.241427853703, 0.361097455025, 1, 1, 0.886469841003, 0.22955955565, 0.503723740578, 1, 1, 1, 1, 1, 1, 1, 1]
        mean: [0.0746719613671, 0.0751558914781, 0.112345434725, 0.140143170953, 0.0799143835902, 0.0215604193509, 0.00969395413995, 0.0133288651705, 0.108758591115, 0.189811527729, 0.100570611656, 0.0183862764388, 0.0260470733047, 0.0540436245501, 0.202538684011, 0.274419307709, 0.141828671098, 0.181228026748, 0.291149556637, 0.158980622888, 0.0187871847302, 0.00614567380399, 0.0148377809674, 0.098545409739, 0.151697024703, 0.0687608197331, 0.0180735122412, 0.0323058627546, 0.0989349633455, 0.374846577644, 0.459131449461, 0.178096845746, 0.031595107168, 0.0323010012507, 0.0315748527646, 0.0540906526148]
        min: [2.28472072195e-05, 1.12290535981e-05, 5.84251120017e-06, 6.13158863416e-06, 3.07252266794e-05, 3.09866118187e-05, 7.74300224293e-06, 6.41717997496e-06, 0.000175396649865, 0.000340201542713, 0.000169644641574, 2.81123288914e-06, 2.56898442785e-06, 7.63779462432e-06, 0.00021530649974, 0.000204726631637, 0.000181422685273, 3.44962609233e-05, 1.75185432454e-05, 9.34545005293e-06, 8.40314078232e-06, 3.23643257616e-06, 8.4168077592e-06, 3.08937815134e-05, 2.83770150418e-05, 2.69111187663e-05, 1.22938781715e-05, 1.09352531581e-05, 2.89232939394e-05, 0.000529036391526, 0.000318131089443, 0.000291459087748, 2.91583592116e-06, 2.46368449552e-06, 5.22150548932e-06, 1.68871865753e-05]
        var: [0.0374407544732, 0.0387589484453, 0.0644251033664, 0.0927366539836, 0.0396156385541, 0.00944269634783, 0.00160650035832, 0.00146325968672, 0.0319113768637, 0.0874219238758, 0.0315875671804, 0.00427135825157, 0.00705548329279, 0.0153523767367, 0.085030041635, 0.139687687159, 0.0399393923581, 0.057154532522, 0.119126044214, 0.0536168813705, 0.00285978033207, 0.000809625489637, 0.00184508180246, 0.0322986617684, 0.0684923753142, 0.0152455484495, 0.00155991094653, 0.00737158162519, 0.0338516421616, 0.131898224354, 0.158765673637, 0.0473194085062, 0.0161901153624, 0.0131310010329, 0.0149463545531, 0.0265274774283]
    chords_histogram: [15.2073736191, 0, 20.2764968872, 0, 0, 0, 0, 2.30414748192, 0.460829496384, 3.22580647469, 0, 0, 0, 0, 0, 0, 7.37327194214, 0, 0, 0, 0, 0, 41.9354820251, 9.21658992767]
    thpcp: [1, 0.387899458408, 0.0688149482012, 0.0703524053097, 0.0687708333135, 0.117810823023, 0.16263744235, 0.163691446185, 0.244691222906, 0.305235385895, 0.174055561423, 0.046959143132, 0.021113678813, 0.0290306080133, 0.236878976226, 0.413414359093, 0.219045355916, 0.0400457791984, 0.0567311905324, 0.117708392441, 0.441134423018, 0.597692251205, 0.308906465769, 0.394719272852, 0.634131133556, 0.346263855696, 0.0409189686179, 0.013385434635, 0.0323170647025, 0.214634418488, 0.330399990082, 0.149762824178, 0.0393645688891, 0.0703629925847, 0.215482875705, 0.816425383091]
    chords_key: "C"
    chords_scale: "minor"
    key_key: "G"
    key_scale: "minor"
    chords_progression: ["Cm", "Cm", "Cm", "Cm", "Cm", "Cm", "Cm", "Cm", "Cm", "Cm", "Cm", "Cm", "Cm", "Cm", "Cm", "Cm", "Cm", "Cm", "Cm", "Cm", "Cm", "Cm", "Cm", "Cm", "Cm", "Cm", "Cm", "Bm", "G", "G", "G", "G", "G", "Gm", "Gm", "Gm", "Gm", "Gm", "Gm", "Gm", "Gm", "Gm", "Gm", "Gm", "Gm", "Gm", "Gm", "Gm", "Gm", "Gm", "Gm", "Dm", "Dm", "Dm", "Dm", "Dm", "Dm", "Dm", "Dm", "Dm", "Dm", "Dm", "Dm", "Dm", "Dm", "Dm", "Dm", "Dm", "Dm", "Dm", "Dm", "Dm", "Dm", "Dm", "Dm", "Dm", "Dm", "Dm", "Dm", "Dm", "Dm", "Dm", "Dm", "Dm", "Dm", "Dm", "Dm", "Dm", "Dm", "Dm", "Dm", "Dm", "Dm", "Dm", "Dm", "Gm", "Gm", "Gm", "Gm", "Gm", "Gm", "Gm", "Gm", "Gm", "Gm", "Gm", "Gm", "Gm", "Gm", "Gm", "Cm", "Cm", "Cm", "Cm", "Cm", "Cm", "Cm", "Cm", "Cm", "Cm", "Cm", "Cm", "Cm", "Cm", "Cm", "Cm", "Cm", "Cm", "Cm", "Cm", "Cm", "Cm", "Cm", "Cm", "Cm", "Cm", "Cm", "Cm", "Cm", "Cm", "Cm", "Cm", "Cm", "Cm", "Cm", "Cm", "Cm", "Cm", "Cm", "Cm", "Cm", "Cm", "Cm", "Cm", "Cm", "Cm", "Cm", "Cm", "Cm", "Cm", "Cm", "Cm", "Cm", "Cm", "Cm", "Cm", "Cm", "Cm", "Cm", "Cm", "Cm", "Cm", "Cm", "Cm", "D", "D", "D", "D", "D", "D", "D", "D#", "D#", "D#", "D#", "D#", "D#", "D#", "D#", "D#", "D#", "D#", "D#", "D#", "D#", "D#", "D#", "D#", "D#", "D#", "D#", "D#m", "D#m", "D#m", "D#m", "D#m", "D#m", "D#m", "D#m", "D#m", "D#m", "D#m", "D#m", "D#m", "D#m", "D#m", "D#m"]
