
metadata:
    version:
        essentia: "1.2.2"
    audio_properties:
        analysis_sample_rate: 44100
        bitrate: 128
        channels: 2
        equal_loudness: 1
        length: 10.0048980713
        replay_gain: -10.5447292328
        downmix: "mix"
    tags:
        track: 4
        year: 0
        album: "Splitted by Mp3Splt v. 2.1"
        artist: "From 000.30 To 000.40"
        comment: "http://mp3splt.sf.net"
        genre: ""
        title: "03 Gangsters.mp3"

highlevel:
    ballroom:
        all:
            ChaChaCha: 0.0701459720731
            Jive: 0.240016415715
            Quickstep: 0.128962308168
            Rumba-American: 0.0422749854624
            Rumba-International: 0.0827129408717
            Rumba-Misc: 0.032118562609
            Samba: 0.21682497859
            Tango: 0.0484709255397
            VienneseWaltz: 0.100251495838
            Waltz: 0.0382214039564
        probability: 0.240016415715
        value: "Jive"
    culture:
        all:
            non_western: 0.0576023645699
            western: 0.942397654057
        probability: 0.942397654057
        value: "western"
    gender:
        all:
            female: 0.636562347412
            male: 0.363437622786
        probability: 0.636562347412
        value: "female"
    genre_dortmund:
        all:
            alternative: 0.10408642143
            blues: 0.0549688972533
            electronic: 0.0257701799273
            folkcountry: 0.147185131907
            funksoulrnb: 0.0515399165452
            jazz: 0.0202761255205
            pop: 0.120102837682
            raphiphop: 0.00587890669703
            rock: 0.470191568136
        probability: 0.470191568136
        value: "rock"
    genre_electronica:
        all:
            ambient: 0.411449015141
            dnb: 0.187485203147
            house: 0.010543871671
            techno: 0.00625129882246
            trance: 0.384270638227
        probability: 0.411449015141
        value: "ambient"
    genre_rosamerica:
        all:
            cla: 0.0135568678379
            dan: 0.0100583350286
            hip: 0.00432739313692
            jaz: 0.011071914807
            pop: 0.607712090015
            rhy: 0.251853197813
            roc: 0.100477226079
            spe: 0.000943016668316
        probability: 0.607712090015
        value: "pop"
    genre_tzanetakis:
        all:
            blu: 0.0131945507601
            cla: 0.0257658883929
            cou: 0.141579404473
            dis: 0.0835964679718
            hip: 0.00480985641479
            jaz: 0.0238649901003
            met: 0.00791345536709
            pop: 0.631990373135
            reg: 0.0363837257028
            roc: 0.0309013035148
        probability: 0.631990373135
        value: "pop"
    live_studio:
        all:
            live: 0.363338261843
            studio: 0.636661708355
        probability: 0.636661708355
        value: "studio"
    mood:
        all:
            Cluster1: 0.0647900626063
            Cluster2: 0.380727946758
            Cluster3: 0.332769960165
            Cluster4: 0.139897748828
            Cluster5: 0.0818142667413
        probability: 0.380727946758
        value: "Cluster2"
    mood_acoustic:
        all:
            acoustic: 0.0352023951709
            not_acoustic: 0.964797616005
        probability: 0.964797616005
        value: "not_acoustic"
    mood_aggressive:
        all:
            aggressive: 0.141940906644
            not_aggressive: 0.858059108257
        probability: 0.858059108257
        value: "not_aggressive"
    mood_electronic:
        all:
            electronic: 0.0676258355379
            not_electronic: 0.932374179363
        probability: 0.932374179363
        value: "not_electronic"
    mood_happy:
        all:
            happy: 0.895287036896
            not_happy: 0.104712985456
        probability: 0.895287036896
        value: "happy"
    mood_party:
        all:
            not_party: 0.636949896812
            party: 0.363050103188
        probability: 0.636949896812
        value: "not_party"
    mood_relaxed:
        all:
            not_relaxed: 0.259623497725
            relaxed: 0.740376472473
        probability: 0.740376472473
        value: "relaxed"
    mood_sad:
        all:
            not_sad: 6.88903231336e-12
            sad: 1
        probability: 1
        value: "sad"
    rhythm:
        all:
            fast: 0.450206547976
            medium: 0.489175200462
            slow: 0.0606182441115
        probability: 0.489175200462
        value: "medium"
    speech_music:
        all:
            music: 3.00000096379e-14
            speech: 1
        probability: 1
        value: "speech"
    timbre:
        all:
            bright: 0.267751008272
            dark: 0.73224902153
        probability: 0.73224902153
        value: "dark"
    voice_instrumental:
        all:
            instrumental: 0.0436282120645
            voice: 0.95637178421
        probability: 0.95637178421
        value: "voice"

lowlevel:
    average_loudness: 0.975839734077
    barkbands_kurtosis:
        dmean: 0.572656810284
        dmean2: 0.885096132755
        dvar: 0.965157568455
        dvar2: 1.84680330753
        max: 14.9666996002
        mean: -0.256132125854
        min: -1.7712187767
        var: 3.19181323051
    barkbands_skewness:
        dmean: 0.333190143108
        dmean2: 0.510470032692
        dvar: 0.120467863977
        dvar2: 0.251317054033
        max: 1.81863307953
        mean: 0.187140226364
        min: -3.47644257545
        var: 0.407015234232
    barkbands_spread:
        dmean: 3.89678406715
        dmean2: 5.66728115082
        dvar: 14.8995628357
        dvar2: 29.2449417114
        max: 57.5905838013
        mean: 24.8554782867
        min: 2.93664050102
        var: 92.7399368286
    dissonance:
        dmean: 0.0245273988694
        dmean2: 0.041015394032
        dvar: 0.000590136100072
        dvar2: 0.00139671401121
        max: 0.499175459146
        mean: 0.445276647806
        min: 0.187576383352
        var: 0.00149322487414
    hfc:
        dmean: 1.49111366272
        dmean2: 1.98771190643
        dvar: 8.20779323578
        dvar2: 15.1914262772
        max: 51.8926200867
        mean: 5.69814586639
        min: 0.0571837052703
        var: 30.769071579
    pitch:
        dmean: 126.301681519
        dmean2: 247.519897461
        dvar: 289356.90625
        dvar2: 806361.6875
        max: 4410
        mean: 358.802581787
        min: 77.9151916504
        var: 366094.5
    pitch_instantaneous_confidence:
        dmean: 0.081515930593
        dmean2: 0.122565984726
        dvar: 0.00755713135004
        dvar2: 0.0138379223645
        max: 0.917106688023
        mean: 0.56129270792
        min: 0.16448366642
        var: 0.0431015156209
    pitch_salience:
        dmean: 0.051636017859
        dmean2: 0.0804671645164
        dvar: 0.00189296575263
        dvar2: 0.00411216216162
        max: 0.795349359512
        mean: 0.616985023022
        min: 0.191860333085
        var: 0.00660028215498
    silence_rate_20dB:
        dmean: 0
        dmean2: 0
        dvar: 0
        dvar2: 0
        max: 1
        mean: 1
        min: 1
        var: 0
    silence_rate_30dB:
        dmean: 0
        dmean2: 0
        dvar: 0
        dvar2: 0
        max: 1
        mean: 1
        min: 1
        var: 0
    silence_rate_60dB:
        dmean: 0.090487241745
        dmean2: 0.181395351887
        dvar: 0.0822993442416
        dvar2: 0.148491427302
        max: 1
        mean: 0.483796298504
        min: 0
        var: 0.249737992883
    spectral_centroid:
        dmean: 205.913299561
        dmean2: 305.390869141
        dvar: 55772.609375
        dvar2: 119384
        max: 3818.43994141
        mean: 1318.7713623
        min: 587.071472168
        var: 204829.5
    spectral_complexity:
        dmean: 2.08837199211
        dmean2: 3.09790205956
        dvar: 4.1735906601
        dvar2: 8.6337480545
        max: 27
        mean: 10.9466362
        min: 0
        var: 21.6514511108
    spectral_crest:
        dmean: 1.7636449337
        dmean2: 2.83310461044
        dvar: 2.61044645309
        dvar2: 6.22103452682
        max: 23.5247974396
        mean: 7.03049039841
        min: 3.00972366333
        var: 8.16579055786
    spectral_decrease:
        dmean: 2.50603870988e-10
        dmean2: 3.60696805757e-10
        dvar: 1.2018611183e-19
        dvar2: 2.37860722374e-19
        max: -1.21445778781e-11
        mean: -9.62088742007e-10
        min: -3.87561049919e-09
        var: 4.93444668251e-19
    spectral_energy:
        dmean: 0.00106370681897
        dmean2: 0.00151368381921
        dvar: 2.15833415496e-06
        dvar2: 4.18674471803e-06
        max: 0.0158472862095
        mean: 0.00414798082784
        min: 5.10231620865e-05
        var: 9.32823149924e-06
    spectral_energyband_high:
        dmean: 9.8907003121e-05
        dmean2: 0.000144881370943
        dvar: 1.46816674373e-07
        dvar2: 3.15101061688e-07
        max: 0.00708639575168
        mean: 0.000158166905749
        min: 2.64733273525e-07
        var: 1.73817880977e-07
    spectral_energyband_low:
        dmean: 0.000103483194835
        dmean2: 0.000170176455867
        dvar: 6.4145346812e-08
        dvar2: 1.66839342342e-07
        max: 0.00265420181677
        mean: 0.000266200106125
        min: 7.41786038816e-07
        var: 7.35524352535e-08
    spectral_energyband_middle_high:
        dmean: 0.000573676836211
        dmean2: 0.000764668628108
        dvar: 7.60455804993e-07
        dvar2: 1.08977826585e-06
        max: 0.0116653172299
        mean: 0.00225551868789
        min: 3.89158049074e-05
        var: 4.58187696495e-06
    spectral_energyband_middle_low:
        dmean: 0.00063157704426
        dmean2: 0.000987990642898
        dvar: 1.09460142994e-06
        dvar2: 2.36030246015e-06
        max: 0.0132573340088
        mean: 0.00146807206329
        min: 9.69955453911e-06
        var: 1.84434350103e-06
    spectral_flatness_db:
        dmean: 0.0160217583179
        dmean2: 0.0224627442658
        dvar: 0.000219538604142
        dvar2: 0.00037151077413
        max: 0.281437069178
        mean: 0.154238566756
        min: 0.0725756436586
        var: 0.0010407154914
    spectral_flux:
        dmean: 0.00961418263614
        dmean2: 0.0143533619121
        dvar: 0.000106006169517
        dvar2: 0.000235335319303
        max: 0.0913667157292
        mean: 0.0327018015087
        min: 0.00714304996654
        var: 0.000301945896354
    spectral_kurtosis:
        dmean: 1.79425549507
        dmean2: 2.78258633614
        dvar: 4.68833732605
        dvar2: 10.7055025101
        max: 29.7518539429
        mean: 6.30556726456
        min: -0.719859838486
        var: 12.4801893234
    spectral_rms:
        dmean: 0.000249430740951
        dmean2: 0.000344430969562
        dvar: 8.9771965861e-08
        dvar2: 1.54048422019e-07
        max: 0.00393201829866
        mean: 0.00187713117339
        min: 0.000223111390369
        var: 5.23188475654e-07
    spectral_rolloff:
        dmean: 388.949249268
        dmean2: 631.991455078
        dvar: 204144.8125
        dvar2: 441030.03125
        max: 5103.36914062
        mean: 2425.30957031
        min: 775.1953125
        var: 711193.6875
    spectral_skewness:
        dmean: 0.222056344151
        dmean2: 0.332349956036
        dvar: 0.0511495284736
        dvar2: 0.113836862147
        max: 4.23812103271
        mean: 1.91612231731
        min: 0.489074200392
        var: 0.21882198751
    spectral_spread:
        dmean: 656933.125
        dmean2: 805090.4375
        dvar: 1.30281845555e+12
        dvar2: 1.47332503962e+12
        max: 22685670
        mean: 4447467.5
        min: 2263221.25
        var: 3.32554305536e+12
    spectral_strongpeak:
        dmean: 0.52350795269
        dmean2: 0.843677997589
        dvar: 0.438574701548
        dvar2: 0.9218288064
        max: 7.51001739502
        mean: 1.03214228153
        min: 0.0240762289613
        var: 1.33801591396
    zerocrossingrate:
        dmean: 0.00748887192458
        dmean2: 0.00839411281049
        dvar: 4.88182122353e-05
        dvar2: 5.17075714015e-05
        max: 0.17626953125
        mean: 0.0754581466317
        min: 0.01953125
        var: 0.000449863960966
    barkbands:
        dmean: [5.88011687341e-07, 4.40130461357e-05, 7.37825394026e-05, 0.000102016922028, 0.000176172048668, 0.000103275269794, 9.12770992727e-05, 0.000138509640237, 0.000232003148994, 0.000146034028148, 0.00010303704039, 8.70432631928e-05, 0.000137453418574, 0.000134161891765, 8.58665298438e-05, 6.08037807979e-05, 0.000107254483737, 8.37941261125e-05, 6.25729371677e-05, 0.000105906605313, 3.56311211362e-05, 8.31063243822e-06, 2.86982276521e-06, 1.77730282758e-06, 8.95302378012e-07, 5.20468041998e-08, 5.12014430853e-09]
        dmean2: [8.99705582924e-07, 7.39687311579e-05, 0.00012644015078, 0.000178147034603, 0.000291117554298, 0.000170743078343, 0.000158809198183, 0.000209246427403, 0.00037115055602, 0.000172604733962, 0.000149104685988, 0.000112533016363, 0.000188764752238, 0.000169175691553, 0.000122195167933, 8.3846396592e-05, 0.000170306462678, 0.000124602360302, 8.85117915459e-05, 0.000150218344061, 5.34943428647e-05, 1.18944026326e-05, 4.38556890003e-06, 2.49001595876e-06, 1.18320792808e-06, 7.03131703972e-08, 5.29984278685e-09]
        dvar: [3.57836676956e-12, 1.11542499681e-08, 3.90900360969e-08, 4.78233985746e-08, 9.72356133389e-08, 4.11411704704e-08, 4.80911133138e-08, 9.2700410903e-08, 2.03362361617e-07, 3.3658892562e-07, 3.76502384825e-08, 3.05324689975e-08, 1.04678484547e-07, 9.37507138588e-08, 3.16943520318e-08, 2.13724735687e-08, 1.88862809836e-08, 3.15523962513e-08, 1.34425981457e-08, 1.67038294308e-07, 1.75942940217e-08, 3.66423918985e-10, 4.99578399482e-11, 1.81023460111e-11, 4.01301865002e-12, 2.13511578074e-14, 1.02775030646e-14]
        dvar2: [7.71465790556e-12, 2.82156786824e-08, 1.11160474603e-07, 1.3181227132e-07, 2.57235626577e-07, 1.10581794388e-07, 1.45484989389e-07, 1.78595115585e-07, 4.90257093588e-07, 3.22774582173e-07, 6.89742947202e-08, 4.06388949159e-08, 2.03796886922e-07, 1.32818556153e-07, 5.20877705412e-08, 3.18814699085e-08, 4.82142361591e-08, 5.58170221154e-08, 2.28940564284e-08, 3.72508708324e-07, 3.21966524552e-08, 7.20684179001e-10, 1.23751606185e-10, 3.72813897809e-11, 6.89047733801e-12, 3.53679962379e-14, 1.02794791925e-14]
        max: [1.60328290804e-05, 0.000939015648328, 0.00219664396718, 0.00182237185072, 0.002795483917, 0.00238702725619, 0.00289808446541, 0.00451910495758, 0.00510087795556, 0.0124761201441, 0.00396605860442, 0.00249605905265, 0.0039794803597, 0.00429272372276, 0.00302366376854, 0.00349003635347, 0.00158959347755, 0.00440926617011, 0.00166455970611, 0.00735459337011, 0.00232569361106, 0.000306775182253, 9.01186649571e-05, 5.981225695e-05, 3.66323656635e-05, 1.97412964553e-06, 2.10779785448e-06]
        mean: [6.38437427369e-07, 0.000121153963846, 0.000144433535752, 0.000125567996292, 0.000247907446465, 0.000182286574272, 0.000160153635079, 0.000250234501436, 0.000434765621321, 0.000322477135342, 0.000248426775215, 0.000180904695299, 0.000272004544968, 0.000267003284534, 0.000199610876734, 0.000146916456288, 0.000235415369389, 0.000200756010599, 0.000136654969538, 0.000192062012502, 5.89088340348e-05, 1.18158832265e-05, 3.68438441001e-06, 2.75577690445e-06, 1.37569645631e-06, 6.53837375353e-08, 5.11861442121e-09]
        min: [5.53170634299e-11, 1.14407221474e-08, 2.91338011493e-07, 2.61763398157e-06, 3.29236308971e-06, 9.60253032645e-07, 8.17720319901e-07, 4.79895618355e-07, 5.27513861925e-07, 2.98400891552e-06, 1.54058909629e-06, 1.58262287187e-06, 2.16242506212e-06, 1.98424390874e-06, 3.38369147812e-07, 4.43951080342e-07, 2.79935676417e-07, 8.7775049451e-07, 6.6519567099e-07, 4.4030437607e-07, 7.8780189483e-08, 4.08222575743e-08, 2.60218122605e-08, 2.93683761754e-08, 1.12543450115e-08, 3.43900380395e-10, 5.71947545748e-14]
        var: [4.09401939433e-12, 1.80457035981e-08, 4.69775329748e-08, 3.92929138116e-08, 9.67010862496e-08, 4.39263629914e-08, 6.7575776086e-08, 1.83419587074e-07, 4.11236271702e-07, 1.45567821619e-06, 2.15384702074e-07, 1.47099370906e-07, 3.57393304284e-07, 3.52541832171e-07, 1.52258408548e-07, 1.4276992033e-07, 6.55731824395e-08, 2.19781895794e-07, 4.75448516113e-08, 2.101714216e-07, 2.53788652316e-08, 5.88402049306e-10, 6.14199593962e-11, 4.08178144062e-11, 8.97849589815e-12, 2.52946027025e-14, 1.02821185472e-14]
    mfcc:
        mean: [-727.549499512, 133.969406128, -55.6480178833, 31.932308197, -9.88377285004, -11.1289930344, 2.98095989227, -4.60441684723, 1.51000022888, -2.24155640602, -4.68549966812, -4.3949508667, -6.30915403366]
        cov: [[1592.81335449, -364.246337891, 82.9817199707, 92.3519134521, -67.8916778564, 157.074996948, 157.922027588, 60.3597640991, 107.862564087, 154.863052368, 76.8596572876, 157.698242188, 82.1061477661], [-364.246337891, 948.963134766, -350.342956543, 22.3395938873, 107.778282166, 4.25484848022, 184.711212158, 52.6760215759, -15.4664573669, 28.4555797577, 93.5823135376, 12.6416110992, -7.52873420715], [82.9817199707, -350.342956543, 497.509124756, -53.5390930176, 6.98666238785, 86.9696044922, -60.0425682068, 48.3554649353, 12.7186346054, -40.448513031, 15.4591197968, 52.1333389282, 36.9568634033], [92.3519134521, 22.3395938873, -53.5390930176, 282.412597656, 93.9160614014, -12.8391628265, 30.7531814575, 26.7804279327, 59.9576263428, 86.5972290039, 6.91138076782, 36.0701255798, 36.9208183289], [-67.8916778564, 107.778282166, 6.98666238785, 93.9160614014, 178.170181274, 26.3108940125, 48.4441184998, 37.5790138245, 39.5475730896, 39.1946525574, 39.8356056213, 19.5394935608, 16.3534431458], [157.074996948, 4.25484848022, 86.9696044922, -12.8391628265, 26.3108940125, 160.915145874, 88.6648178101, 24.5852508545, 35.0826721191, 31.2013721466, 49.2868461609, 52.6749458313, 13.7780752182], [157.922027588, 184.711212158, -60.0425682068, 30.7531814575, 48.4441184998, 88.6648178101, 236.062316895, 53.5456924438, 23.5757827759, 68.4069366455, 76.8552856445, 64.1461410522, 32.6769142151], [60.3597640991, 52.6760215759, 48.3554649353, 26.7804279327, 37.5790138245, 24.5852508545, 53.5456924438, 110.065948486, 25.7818622589, 9.26358127594, 32.4312705994, 25.6643161774, 38.6456604004], [107.862564087, -15.4664573669, 12.7186346054, 59.9576263428, 39.5475730896, 35.0826721191, 23.5757827759, 25.7818622589, 135.786468506, 45.5429420471, -3.30896043777, 31.9270915985, 6.51409864426], [154.863052368, 28.4555797577, -40.448513031, 86.5972290039, 39.1946525574, 31.2013721466, 68.4069366455, 9.26358127594, 45.5429420471, 134.872360229, 32.988658905, 37.2054214478, 19.8793144226], [76.8596572876, 93.5823135376, 15.4591197968, 6.91138076782, 39.8356056213, 49.2868461609, 76.8552856445, 32.4312705994, -3.30896043777, 32.988658905, 120.554069519, 59.42029953, 21.4464111328], [157.698242188, 12.6416110992, 52.1333389282, 36.0701255798, 19.5394935608, 52.6749458313, 64.1461410522, 25.6643161774, 31.9270915985, 37.2054214478, 59.42029953, 106.691581726, 25.5337619781], [82.1061477661, -7.52873420715, 36.9568634033, 36.9208183289, 16.3534431458, 13.7780752182, 32.6769142151, 38.6456604004, 6.51409864426, 19.8793144226, 21.4464111328, 25.5337619781, 82.8848266602]]
        icov: [[0.00110162026249, 0.000657508440781, 0.000459529896034, -0.000100417069916, 0.0007294548559, -0.000631809991319, -0.000348322180798, -0.000526157615241, -0.000263694062596, -0.000615626689978, -0.000229013807257, -0.00087755615823, -0.000349982758053], [0.000657508440781, 0.00240501598455, 0.00183418381494, 0.000354251475073, -0.000703811820131, -0.000432958913734, -0.000912241579499, -0.00130210467614, 0.000203736781259, 0.000255877937889, -0.000928393797949, -0.000739888579119, 0.000159864488523], [0.000459529896034, 0.00183418381494, 0.00463930191472, 0.000991878798231, -0.00107562087942, -0.00259560253471, 0.0016515700845, -0.00244822003879, 0.000511973514222, 0.000796387146693, -0.000106941835838, -0.0025355189573, -0.00108741992153], [-0.000100417069916, 0.000354251475073, 0.000991878798231, 0.00621221680194, -0.0030404436402, 0.00130043085665, 0.000651138660032, -0.000628982612398, -0.000624170526862, -0.00268968380988, 0.00162933021784, -0.00217619910836, -0.00171457370743], [0.0007294548559, -0.000703811820131, -0.00107562087942, -0.0030404436402, 0.00929565075785, -0.000751944025978, -0.000610764545854, -0.000880524225067, -0.00181230483577, -0.000539361557458, -0.00266372063197, 0.00193566374946, 0.000354427145794], [-0.000631809991319, -0.000432958913734, -0.00259560253471, 0.00130043085665, -0.000751944025978, 0.0113123962656, -0.00379709806293, 0.00164692266844, -0.0020668739453, -0.000366150750779, -0.00126629159786, -0.00050991383614, 0.000896583253052], [-0.000348322180798, -0.000912241579499, 0.0016515700845, 0.000651138660032, -0.000610764545854, -0.00379709806293, 0.00918994098902, -0.00259094801731, 0.00104049022775, -0.00214484124444, -0.000858864863403, -0.00213817949407, -0.0011140255956], [-0.000526157615241, -0.00130210467614, -0.00244822003879, -0.000628982612398, -0.000880524225067, 0.00164692266844, -0.00259094801731, 0.0145352948457, -0.00270701642148, 0.00223880284466, -0.00172580836806, 0.00182270864025, -0.00452019227669], [-0.000263694062596, 0.000203736781259, 0.000511973514222, -0.000624170526862, -0.00181230483577, -0.0020668739453, 0.00104049022775, -0.00270701642148, 0.0107882479206, -0.00245042750612, 0.00370515277609, -0.00312197674066, 0.0016254944494], [-0.000615626689978, 0.000255877937889, 0.000796387146693, -0.00268968380988, -0.000539361557458, -0.000366150750779, -0.00214484124444, 0.00223880284466, -0.00245042750612, 0.0126429982483, -0.00209596636705, 0.000136112561449, -0.000894225551747], [-0.000229013807257, -0.000928393797949, -0.000106941835838, 0.00162933021784, -0.00266372063197, -0.00126629159786, -0.000858864863403, -0.00172580836806, 0.00370515277609, -0.00209596636705, 0.0157001819462, -0.00704691605642, -0.000336245779181], [-0.00087755615823, -0.000739888579119, -0.0025355189573, -0.00217619910836, 0.00193566374946, -0.00050991383614, -0.00213817949407, 0.00182270864025, -0.00312197674066, 0.000136112561449, -0.00704691605642, 0.018546352163, -0.00107934896369], [-0.000349982758053, 0.000159864488523, -0.00108741992153, -0.00171457370743, 0.000354427145794, 0.000896583253052, -0.0011140255956, -0.00452019227669, 0.0016254944494, -0.000894225551747, -0.000336245779181, -0.00107934896369, 0.0165087990463]]
    spectral_contrast:
        mean: [3.1721150151e-08, -9.17320335247e-08, 6.12537974121e-07, -2.60597460056e-07, 2.98334384752e-07, 5.42786040114e-07, 2.59107332568e-06, 4.45278510597e-06, 5.63920775676e-06, -3.67992993233e-06, 1.07011771888e-06, -1.31526087443e-06]
        var: [0.000577497878112, 0.0012339920504, 0.00181606144179, 0.0021530285012, 0.00273945904337, 0.00776418298483, 0.0492526702583, 0.0746798217297, 0.0983858034015, 0.275207161903, 0.882393479347, 1.05790555477]

rhythm:
    beats_loudness:
        dmean: 0.00373030267656
        dmean2: 0.0060971272178
        dvar: 9.09267146199e-06
        dvar2: 2.37584736169e-05
        max: 0.0143757667392
        mean: 0.00561488093808
        min: 0.000862445740495
        var: 1.17657255032e-05
    beats_loudness_bass:
        dmean: 0.0897831618786
        dmean2: 0.163510262966
        dvar: 0.00868281628937
        dvar2: 0.0221521556377
        max: 0.32519236207
        mean: 0.0996813476086
        min: 0.00611376855522
        var: 0.00794005021453
    bpm: 148.773010254
    bpm_confidence: 0
    first_peak_bpm: 149
    first_peak_spread: 0
    first_peak_weight: 0.956521749496
    onset_rate: 3.99804162979
    second_peak_bpm: 86
    second_peak_spread: 0
    second_peak_weight: 0.0434782616794
    beats_position: [0.222758203745, 0.625371336937, 1.02798449993, 1.43059766293, 1.83321094513, 2.23582410812, 2.63843727112, 3.04105043411, 3.44366359711, 3.84627652168, 4.24888944626, 4.65150260925, 5.05411577225, 5.4567284584, 6.15240430832, 6.55639457703, 6.96038532257, 7.36437559128, 7.76836585999, 8.17235565186, 8.5763463974, 8.98033618927, 9.38432693481, 9.78831672668]
    bpm_estimates: [148.631027222, 149.608612061, 148.924850464, 148.944671631, 148.768661499, 148.608963013, 148.507965088, 148.189315796]
    bpm_intervals: [0.402613133192, 0.402613162994, 0.402613162994, 0.402613282204, 0.402613162994, 0.402613162994, 0.402613162994, 0.402613162994, 0.402612924576, 0.402612924576, 0.402613162994, 0.402613162994, 0.402612686157, 0.695675849915, 0.403990268707, 0.403990745544, 0.403990268707, 0.403990268707, 0.40398979187, 0.403990745544, 0.40398979187, 0.403990745544, 0.40398979187]
    onset_times: [0.0464399084449, 0.522448956966, 0.626938760281, 0.835918366909, 1.02167797089, 1.19582772255, 1.4164172411, 1.64861679077, 2.00852608681, 2.26394557953, 2.29877543449, 2.40326523781, 2.67029476166, 3.05342411995, 3.28562355042, 3.48299312592, 3.86612248421, 4.051882267, 4.31891155243, 4.49306106567, 4.74848079681, 4.92263031006, 5.10838985443, 5.50312948227, 5.92108821869, 6.1648979187, 6.57124710083, 6.7570066452, 7.16335582733, 7.39555549622, 7.97605419159, 8.18503379822, 8.38240337372, 8.75392246246, 9.0093421936, 9.19510173798, 9.31120204926, 9.43891143799, 9.58984088898, 9.82204055786]
    rubato_start: []
    rubato_stop: []
    perceptual_tempo: "unknown"

sfx:
    inharmonicity:
        dmean: 0.0420292653143
        dmean2: 0.0738101452589
        dvar: 0.00290803378448
        dvar2: 0.00844751298428
        max: 0.330113202333
        mean: 0.0467949770391
        min: 0.000835729413666
        var: 0.00257878005505
    oddtoevenharmonicenergyratio:
        dmean: 3.23682928085
        dmean2: 6.03106069565
        dvar: 342.836761475
        dvar2: 1023.69195557
        max: 263.821777344
        mean: 2.46094226837
        min: 0.00697912462056
        var: 176.868453979
    pitch_after_max_to_before_max_energy_ratio: 7.28747367859
    pitch_centroid: 205.250289917
    pitch_max_to_total: 0.241299301386
    pitch_min_to_total: 0.0626450106502
    tristimulus:
        dmean: [0.161721616983, 0.194521069527, 0.0945809707046]
        dmean2: [0.277585983276, 0.334515184164, 0.163863062859]
        dvar: [0.0261263363063, 0.0327971875668, 0.0084237260744]
        dvar2: [0.070909537375, 0.0915172621608, 0.0218113288283]
        max: [0.919185519218, 0.94875138998, 0.747887253761]
        mean: [0.31746467948, 0.543682813644, 0.118238128722]
        min: [0.00091835425701, 0, 0]
        var: [0.034717079252, 0.047238599509, 0.0126870907843]

tonal:
    chords_changes_rate: 0.0230414755642
    chords_number_rate: 0.0138248847798
    chords_strength:
        dmean: 0.0076501192525
        dmean2: 0.00664360681549
        dvar: 4.36310037912e-05
        dvar2: 4.97039582115e-05
        max: 0.727845788002
        mean: 0.593029260635
        min: 0.417139410973
        var: 0.00781554076821
    key_strength: 0.739673733711
    tuning_diatonic_strength: 0.640747249126
    tuning_equal_tempered_deviation: 0.0554651506245
    tuning_frequency: 440.763122559
    tuning_nontempered_energy_ratio: 0.661239504814
    hpcp:
        dmean: [0.0519028194249, 0.0633414834738, 0.0896139740944, 0.142401471734, 0.143906250596, 0.137962535024, 0.164784356952, 0.138536334038, 0.094102486968, 0.0619970485568, 0.0711000487208, 0.121721066535, 0.125538244843, 0.111737854779, 0.0920015648007, 0.0744990929961, 0.0856468379498, 0.130326613784, 0.169303536415, 0.138256534934, 0.135969698429, 0.150121003389, 0.131823703647, 0.0748514011502, 0.073387272656, 0.0817480608821, 0.110208310187, 0.12356352061, 0.0854500383139, 0.0811248719692, 0.0840822383761, 0.0741119235754, 0.111815586686, 0.121789745986, 0.0987542495131, 0.0645370110869]
        dmean2: [0.0851976647973, 0.106899961829, 0.146731823683, 0.221442639828, 0.235681295395, 0.220072969794, 0.267971426249, 0.209900677204, 0.152783870697, 0.108038984239, 0.118315704167, 0.21311827004, 0.217882290483, 0.184118628502, 0.152872607112, 0.127426713705, 0.135699823499, 0.224985390902, 0.291037559509, 0.226568996906, 0.224943891168, 0.24326838553, 0.212484225631, 0.122892349958, 0.117382928729, 0.132508888841, 0.189885392785, 0.209953978658, 0.148239165545, 0.140211611986, 0.139712706208, 0.115998990834, 0.182795852423, 0.199457898736, 0.144691079855, 0.0958264693618]
        dvar: [0.00669664191082, 0.0119635900483, 0.017491620034, 0.0224014632404, 0.0286997891963, 0.0249581169337, 0.0385233424604, 0.022736184299, 0.0229552555829, 0.0153113389388, 0.0154822692275, 0.0448494665325, 0.0369164869189, 0.0367703735828, 0.0257987938821, 0.0169254262, 0.0243918132037, 0.0238537676632, 0.042396273464, 0.0249815490097, 0.0281576048583, 0.0379966236651, 0.0263030305505, 0.011372121051, 0.0144436974078, 0.0190122481436, 0.0275116302073, 0.0297116860747, 0.0126631548628, 0.0241786856204, 0.0271455999464, 0.0149403167889, 0.0258844420314, 0.0290058460087, 0.0163434296846, 0.0113499574363]
        dvar2: [0.0154033815488, 0.0307052340358, 0.04499989748, 0.0464214235544, 0.0634068995714, 0.0608502998948, 0.0647029429674, 0.0451865568757, 0.0626320168376, 0.0382141172886, 0.0369527302682, 0.126474425197, 0.099973641336, 0.0809972956777, 0.0718327984214, 0.0397182740271, 0.0552139915526, 0.0606278069317, 0.0917783454061, 0.0604641325772, 0.0618333369493, 0.0799576938152, 0.060057811439, 0.0262824371457, 0.0280083119869, 0.0459582544863, 0.0670088753104, 0.0724059343338, 0.0315266996622, 0.0495854578912, 0.0594479814172, 0.0313439331949, 0.0614020712674, 0.0683700442314, 0.0305899176747, 0.0250251814723]
        max: [0.777821540833, 1, 1, 1, 1, 1, 1, 1, 1, 1, 1, 1, 1, 1, 1, 0.884085416794, 1, 1, 1, 1, 1, 1, 1, 1, 1, 1, 1, 1, 0.814303815365, 1, 1, 1, 1, 1, 1, 0.762255311012]
        mean: [0.0634643733501, 0.0650425329804, 0.150300264359, 0.297218978405, 0.266954064369, 0.268874019384, 0.392376244068, 0.274755090475, 0.104959778488, 0.0684044510126, 0.0751582086086, 0.128752529621, 0.184636861086, 0.156700879335, 0.100108705461, 0.0844246819615, 0.101690247655, 0.262846589088, 0.388526558876, 0.255104601383, 0.227071776986, 0.346569597721, 0.256365895271, 0.113657444715, 0.0964216291904, 0.0973340943456, 0.175790548325, 0.237817242742, 0.142127975821, 0.0930773839355, 0.107768729329, 0.0945030674338, 0.160522580147, 0.232331186533, 0.169206172228, 0.0860360562801]
        min: [0.00115087116137, 0.00109861628152, 0.000922329491004, 0.00143750372808, 0.00234568002634, 0.00385487265885, 0.00480082398281, 0.00293822190724, 0.00163938326295, 0.00241392897442, 0.00069683388574, 0.00334272463806, 0.00262733176351, 0.00240311329253, 0.000737095309887, 0.000724258541595, 0.000237133484916, 0.00046886166092, 0.00637223664671, 0.0052620950155, 0.00174048542976, 0.00129988847766, 0.00029199256096, 0.000290452793706, 0.000794200226665, 0.00132995005697, 0.00309129222296, 0.00514998333529, 0.000654425530229, 0.000751978659537, 0.000797463289928, 0.0011177508859, 0.00055106729269, 0.00105671770871, 0.00235389149748, 0.00255336519331]
        var: [0.00818648934364, 0.0109413610771, 0.0250473544002, 0.0622633323073, 0.0587642416358, 0.0521378442645, 0.101583339274, 0.0589270181954, 0.0264590214938, 0.0162516441196, 0.0172970052809, 0.0433738715947, 0.0614545345306, 0.0559624433517, 0.0286524519324, 0.0223548300564, 0.0355011187494, 0.0724829211831, 0.124139234424, 0.0608350709081, 0.0605605654418, 0.138834163547, 0.084453381598, 0.0301396194845, 0.0286381896585, 0.028830556199, 0.0437674298882, 0.0678614228964, 0.0230350475758, 0.0287392362952, 0.0347954854369, 0.0221456550062, 0.0368062630296, 0.0649132654071, 0.0365049093962, 0.0148730967194]
    chords_histogram: [38.7096786499, 0, 48.8479270935, 0, 0, 0, 0, 0, 0, 0, 0, 0, 0, 0, 0, 0, 0, 0, 0, 0, 0, 0, 0, 12.4423961639]
    thpcp: [1, 0.700233757496, 0.267497777939, 0.174333825707, 0.191546276212, 0.328135371208, 0.470560759306, 0.399363815784, 0.25513446331, 0.215162575245, 0.259165138006, 0.669884026051, 0.990188777447, 0.650153040886, 0.578709304333, 0.883258342743, 0.653367519379, 0.289664447308, 0.245737686753, 0.248063161969, 0.448015272617, 0.606094896793, 0.36222371459, 0.237214624882, 0.274656623602, 0.240848079324, 0.40910372138, 0.592113256454, 0.431234508753, 0.219269275665, 0.161743670702, 0.165765732527, 0.383051395416, 0.757484614849, 0.680352270603, 0.685245394707]
    chords_key: "B"
    chords_scale: "major"
    key_key: "E"
    key_scale: "major"
    chords_progression: ["C#m", "C#m", "C#m", "C#m", "C#m", "C#m", "C#m", "C#m", "C#m", "C#m", "C#m", "C#m", "C#m", "C#m", "C#m", "C#m", "C#m", "C#m", "C#m", "C#m", "C#m", "C#m", "C#m", "E", "E", "E", "E", "E", "E", "E", "E", "E", "E", "E", "E", "E", "E", "E", "E", "C#m", "C#m", "C#m", "C#m", "E", "E", "E", "E", "E", "E", "E", "E", "E", "E", "E", "E", "E", "E", "E", "E", "E", "E", "E", "E", "E", "E", "E", "E", "E", "E", "E", "E", "E", "E", "E", "E", "E", "E", "E", "E", "E", "E", "E", "E", "E", "E", "E", "E", "E", "E", "E", "E", "E", "E", "E", "E", "E", "E", "E", "E", "E", "E", "E", "E", "E", "E", "E", "E", "E", "E", "E", "B", "B", "B", "B", "B", "B", "B", "B", "B", "B", "B", "B", "B", "B", "B", "B", "B", "B", "B", "B", "B", "B", "B", "B", "B", "B", "B", "B", "B", "B", "B", "B", "B", "B", "B", "B", "B", "B", "B", "B", "B", "B", "B", "B", "B", "B", "B", "B", "B", "B", "B", "B", "B", "B", "B", "B", "B", "B", "B", "B", "B", "B", "B", "B", "B", "B", "B", "B", "B", "B", "B", "B", "B", "B", "B", "B", "B", "B", "B", "B", "B", "B", "B", "B", "B", "B", "B", "B", "B", "B", "B", "B", "B", "B", "B", "B", "B", "B", "B", "B", "B", "B", "B", "B", "B", "B", "E"]
