
metadata:
    version:
        essentia: "1.2.2"
    audio_properties:
        analysis_sample_rate: 44100
        bitrate: 128
        channels: 2
        equal_loudness: 1
        length: 9.92653083801
        replay_gain: -10.7851676941
        downmix: "mix"
    tags:
        track: 20
        year: 0
        album: "Splitted by Mp3Splt v. 2.1"
        artist: "From 003.10 To 003.20"
        comment: "http://mp3splt.sf.net"
        genre: ""
        title: "08 Modern Love.mp3"

highlevel:
    ballroom:
        all:
            ChaChaCha: 0.115244947374
            Jive: 0.71638250351
            Quickstep: 0.0150292767212
            Rumba-American: 0.000500920461491
            Rumba-International: 0.000532704405487
            Rumba-Misc: 0.000482275965624
            Samba: 0.147489666939
            Tango: 0.000282377877738
            VienneseWaltz: 0.00372669287026
            Waltz: 0.000328629539581
        probability: 0.71638250351
        value: "Jive"
    culture:
        all:
            non_western: 0.0964711382985
            western: 0.903528869152
        probability: 0.903528869152
        value: "western"
    gender:
        all:
            female: 0.0609359033406
            male: 0.939064085484
        probability: 0.939064085484
        value: "male"
    genre_dortmund:
        all:
            alternative: 0.0693625062704
            blues: 0.0235080365092
            electronic: 0.026719160378
            folkcountry: 0.0210505556315
            funksoulrnb: 0.0490116551518
            jazz: 0.00732600037009
            pop: 0.0636127367616
            raphiphop: 0.0138913085684
            rock: 0.72551804781
        probability: 0.72551804781
        value: "rock"
    genre_electronica:
        all:
            ambient: 0.0768967419863
            dnb: 0.340009540319
            house: 0.00666326051578
            techno: 0.0178027115762
            trance: 0.558627724648
        probability: 0.558627724648
        value: "trance"
    genre_rosamerica:
        all:
            cla: 0.00856839772314
            dan: 0.0190119966865
            hip: 0.0188096594065
            jaz: 0.00320494757034
            pop: 0.144530981779
            rhy: 0.0121175041422
            roc: 0.792954802513
            spe: 0.000801738118753
        probability: 0.792954802513
        value: "roc"
    genre_tzanetakis:
        all:
            blu: 0.00200739479624
            cla: 0.00474682450294
            cou: 0.0288257710636
            dis: 0.410158813
            hip: 0.0170065592974
            jaz: 0.011960557662
            met: 0.0607057549059
            pop: 0.0318714901805
            reg: 0.00661565642804
            roc: 0.426101177931
        probability: 0.426101177931
        value: "roc"
    live_studio:
        all:
            live: 0.0273369140923
            studio: 0.972663104534
        probability: 0.972663104534
        value: "studio"
    mood:
        all:
            Cluster1: 0.36890104413
            Cluster2: 0.177061200142
            Cluster3: 0.080015219748
            Cluster4: 0.110615476966
            Cluster5: 0.263407051563
        probability: 0.36890104413
        value: "Cluster1"
    mood_acoustic:
        all:
            acoustic: 0.00340496259741
            not_acoustic: 0.996595025063
        probability: 0.996595025063
        value: "not_acoustic"
    mood_aggressive:
        all:
            aggressive: 0.96802008152
            not_aggressive: 0.0319799333811
        probability: 0.96802008152
        value: "aggressive"
    mood_electronic:
        all:
            electronic: 0.165407329798
            not_electronic: 0.834592700005
        probability: 0.834592700005
        value: "not_electronic"
    mood_happy:
        all:
            happy: 0.885003983974
            not_happy: 0.114996023476
        probability: 0.885003983974
        value: "happy"
    mood_party:
        all:
            not_party: 0.193588957191
            party: 0.806411027908
        probability: 0.806411027908
        value: "party"
    mood_relaxed:
        all:
            not_relaxed: 0.990920901299
            relaxed: 0.00907909683883
        probability: 0.990920901299
        value: "not_relaxed"
    mood_sad:
        all:
            not_sad: 0.994067370892
            sad: 0.00593265099451
        probability: 0.994067370892
        value: "not_sad"
    rhythm:
        all:
            fast: 0.98951536417
            medium: 0.00717790657654
            slow: 0.00330671924166
        probability: 0.98951536417
        value: "fast"
    speech_music:
        all:
            music: 0.999985873699
            speech: 1.41429463838e-05
        probability: 0.999985873699
        value: "music"
    timbre:
        all:
            bright: 0.47044044733
            dark: 0.52955955267
        probability: 0.52955955267
        value: "dark"
    voice_instrumental:
        all:
            instrumental: 0.0793176963925
            voice: 0.920682311058
        probability: 0.920682311058
        value: "voice"

lowlevel:
    average_loudness: 0.978712975979
    barkbands_kurtosis:
        dmean: 0.639908313751
        dmean2: 0.993441283703
        dvar: 0.470311999321
        dvar2: 1.13691329956
        max: 6.52118015289
        mean: -0.483517229557
        min: -1.85334670544
        var: 1.35979557037
    barkbands_skewness:
        dmean: 0.332236379385
        dmean2: 0.513373851776
        dvar: 0.0924362614751
        dvar2: 0.243419930339
        max: 1.83275210857
        mean: -0.5174010396
        min: -2.41236996651
        var: 0.302705794573
    barkbands_spread:
        dmean: 6.67612218857
        dmean2: 10.0986537933
        dvar: 36.3144683838
        dvar2: 79.9969940186
        max: 59.344291687
        mean: 31.4128665924
        min: 8.08154964447
        var: 130.303314209
    dissonance:
        dmean: 0.0169999487698
        dmean2: 0.0288605112582
        dvar: 0.000329932925524
        dvar2: 0.000887104717549
        max: 0.498944938183
        mean: 0.471770524979
        min: 0.354420930147
        var: 0.000444382545538
    hfc:
        dmean: 4.11913728714
        dmean2: 6.36102437973
        dvar: 36.9891891479
        dvar2: 93.9601516724
        max: 58.8094978333
        mean: 11.2176170349
        min: 0.0518504492939
        var: 50.1363563538
    pitch:
        dmean: 726.618286133
        dmean2: 1386.57800293
        dvar: 1434251.875
        dvar2: 3160251.25
        max: 4410
        mean: 1048.77441406
        min: 98.4375
        var: 1854718.75
    pitch_instantaneous_confidence:
        dmean: 0.0962628424168
        dmean2: 0.151116102934
        dvar: 0.00583176873624
        dvar2: 0.0142725864425
        max: 0.817633867264
        mean: 0.3894508183
        min: 0.167562305927
        var: 0.0137508902699
    pitch_salience:
        dmean: 0.0603285133839
        dmean2: 0.100061252713
        dvar: 0.00260554044507
        dvar2: 0.0070380247198
        max: 0.867791473866
        mean: 0.632283568382
        min: 0.405731588602
        var: 0.00489044655114
    silence_rate_20dB:
        dmean: 0
        dmean2: 0
        dvar: 0
        dvar2: 0
        max: 1
        mean: 1
        min: 1
        var: 0
    silence_rate_30dB:
        dmean: 0
        dmean2: 0
        dvar: 0
        dvar2: 0
        max: 1
        mean: 1
        min: 1
        var: 0
    silence_rate_60dB:
        dmean: 0.149532705545
        dmean2: 0.297423899174
        dvar: 0.127173140645
        dvar2: 0.251118600368
        max: 1
        mean: 0.237762242556
        min: 0
        var: 0.181231319904
    spectral_centroid:
        dmean: 269.922241211
        dmean2: 423.734375
        dvar: 68178.671875
        dvar2: 170495.796875
        max: 3214.49584961
        mean: 2105.91040039
        min: 586.105041504
        var: 191482.125
    spectral_complexity:
        dmean: 5.06791591644
        dmean2: 7.60563373566
        dvar: 27.3185787201
        dvar2: 51.5956535339
        max: 41
        mean: 18.3855133057
        min: 0
        var: 68.5826797485
    spectral_crest:
        dmean: 2.01731657982
        dmean2: 3.40862345695
        dvar: 3.75257778168
        dvar2: 9.55498027802
        max: 16.5391311646
        mean: 6.35223150253
        min: 2.88409328461
        var: 6.17750835419
    spectral_decrease:
        dmean: 3.54628576504e-10
        dmean2: 5.40833211549e-10
        dvar: 1.67628616423e-19
        dvar2: 3.99885552038e-19
        max: -6.38785942544e-12
        mean: -1.10237685647e-09
        min: -3.43404571446e-09
        var: 2.96046726311e-19
    spectral_energy:
        dmean: 0.00169188226573
        dmean2: 0.00258496985771
        dvar: 4.24822474088e-06
        dvar2: 1.02492522274e-05
        max: 0.0182950589806
        mean: 0.00517809204757
        min: 2.88122009806e-05
        var: 7.01030558048e-06
    spectral_energyband_high:
        dmean: 0.000353198847733
        dmean2: 0.000557692779694
        dvar: 4.02151016488e-07
        dvar2: 1.02203739516e-06
        max: 0.00500762555748
        mean: 0.000654727162328
        min: 4.06895378546e-06
        var: 4.9509458222e-07
    spectral_energyband_low:
        dmean: 0.000181324096047
        dmean2: 0.000312064745231
        dvar: 1.18449861475e-07
        dvar2: 3.18439589364e-07
        max: 0.00256113521755
        mean: 0.000237724045292
        min: 4.87559248086e-07
        var: 1.0031001807e-07
    spectral_energyband_middle_high:
        dmean: 0.00106487073936
        dmean2: 0.00163068796974
        dvar: 1.20096854062e-06
        dvar2: 2.92141839964e-06
        max: 0.0102614397183
        mean: 0.00328401615843
        min: 9.33479441301e-06
        var: 3.49908236785e-06
    spectral_energyband_middle_low:
        dmean: 0.00047345366329
        dmean2: 0.000727662991267
        dvar: 3.50140936689e-07
        dvar2: 7.65929939917e-07
        max: 0.00405304227024
        mean: 0.00100162473973
        min: 1.28367928482e-05
        var: 5.13658903856e-07
    spectral_flatness_db:
        dmean: 0.0137505102903
        dmean2: 0.0202208030969
        dvar: 0.000123942780192
        dvar2: 0.000266817311058
        max: 0.215085819364
        mean: 0.134955048561
        min: 0.081869378686
        var: 0.000480262970086
    spectral_flux:
        dmean: 0.00992876570672
        dmean2: 0.0150252394378
        dvar: 0.000131802880787
        dvar2: 0.000300865416648
        max: 0.110651485622
        mean: 0.0458431951702
        min: 0.00536770001054
        var: 0.00023596988467
    spectral_kurtosis:
        dmean: 0.988556265831
        dmean2: 1.66960477829
        dvar: 1.22121822834
        dvar2: 3.43497633934
        max: 10.1356468201
        mean: 3.13348984718
        min: -0.624543905258
        var: 2.73657035828
    spectral_rms:
        dmean: 0.00036376886419
        dmean2: 0.000541222747415
        dvar: 1.72384844177e-07
        dvar2: 3.88882369862e-07
        max: 0.00422478839755
        mean: 0.00217039999552
        min: 0.000167658770806
        var: 3.41162859741e-07
    spectral_rolloff:
        dmean: 357.693206787
        dmean2: 568.3046875
        dvar: 133354.359375
        dvar2: 280566.5
        max: 5490.96679688
        mean: 3695.15722656
        min: 1076.66015625
        var: 410198.03125
    spectral_skewness:
        dmean: 0.172878786922
        dmean2: 0.280592411757
        dvar: 0.0296502485871
        dvar2: 0.0756309479475
        max: 2.33360242844
        mean: 1.26280939579
        min: 0.459247589111
        var: 0.0882654562593
    spectral_spread:
        dmean: 510435.03125
        dmean2: 654566.5625
        dvar: 459040751616
        dvar2: 579377233920
        max: 14739483
        mean: 4974535
        min: 2719922.25
        var: 2.1518319616e+12
    spectral_strongpeak:
        dmean: 0.700567662716
        dmean2: 1.15878605843
        dvar: 0.704339385033
        dvar2: 1.74873197079
        max: 5.64489650726
        mean: 1.07239532471
        min: 0.00380759453401
        var: 1.12841403484
    zerocrossingrate:
        dmean: 0.0088656777516
        dmean2: 0.0100395670161
        dvar: 6.37289413135e-05
        dvar2: 6.8665103754e-05
        max: 0.16552734375
        mean: 0.111596226692
        min: 0.03173828125
        var: 0.000399066018872
    barkbands:
        dmean: [2.40692628495e-07, 3.38845384249e-05, 0.000164411292644, 0.000249812903348, 0.000140240736073, 6.80371595081e-05, 3.63180042768e-05, 8.06819371064e-05, 0.000100330202258, 0.000119607575471, 0.000117313255032, 0.000126640050439, 0.000210862068343, 0.000218806133489, 0.000118123010907, 0.000123348363559, 0.000206679003895, 0.000260033441009, 0.000311935931677, 0.000280100881355, 0.000161385469255, 8.53234814713e-05, 1.54970985022e-05, 5.10659538122e-06, 2.35198035625e-06, 1.486910719e-07, 1.24421339898e-09]
        dmean2: [3.74361405875e-07, 5.75460981054e-05, 0.000286613008939, 0.000379515899112, 0.000228154167417, 0.000114108486741, 6.17202094872e-05, 0.000129147287225, 0.000162836484378, 0.000187630022992, 0.000194548265426, 0.000189193742699, 0.000341662787832, 0.000321470492054, 0.000201553542865, 0.000202155235456, 0.000327110668877, 0.000423070800025, 0.00049551326083, 0.000476712215459, 0.000262338697212, 0.000134812464239, 2.32794882322e-05, 8.16652391222e-06, 3.39779330716e-06, 2.10970611647e-07, 2.08617856323e-09]
        dvar: [2.69501679003e-13, 3.21697246619e-09, 9.97772957589e-08, 1.46546838664e-07, 5.28181622883e-08, 1.11959224114e-08, 4.01187838506e-09, 2.06140828851e-08, 2.63012136514e-08, 6.93537600682e-08, 6.6678431665e-08, 8.4256832622e-08, 1.40849437003e-07, 1.38152401519e-07, 5.43113465312e-08, 4.12480822831e-08, 5.64189974739e-08, 9.4995371569e-08, 1.38358032586e-07, 2.22390909244e-07, 8.68210037197e-08, 2.54506051789e-08, 8.51746395636e-10, 1.08896766604e-10, 2.44596426446e-11, 7.49782180787e-14, 8.08824945365e-17]
        dvar2: [5.79485298722e-13, 9.02441144035e-09, 2.68863772135e-07, 3.12455796347e-07, 1.29970132434e-07, 3.12823793536e-08, 1.10071374237e-08, 5.26613064267e-08, 6.80653542418e-08, 1.46899779452e-07, 1.91537736782e-07, 2.06400414982e-07, 3.93935124521e-07, 2.73745683899e-07, 1.38706440111e-07, 1.12457016144e-07, 1.40637013146e-07, 2.4448104341e-07, 3.37170888542e-07, 6.02628858815e-07, 2.22983260301e-07, 6.49650431228e-08, 1.86593385187e-09, 2.91937085617e-10, 5.17132031641e-11, 1.45343386306e-13, 1.62128630905e-16]
        max: [3.62982996194e-06, 0.000463577162009, 0.00240414519794, 0.00319896498695, 0.00199170922861, 0.000908825139049, 0.000416106166085, 0.00173825921956, 0.00168335286435, 0.00379499210976, 0.00242817075923, 0.00302436831407, 0.00317554874346, 0.00538993114606, 0.00218867487274, 0.00282292044722, 0.00280097615905, 0.00246340828016, 0.00316629256122, 0.00439484650269, 0.0026146422606, 0.00141823734157, 0.000241814559558, 8.68043207447e-05, 7.69158577896e-05, 2.96381358567e-06, 1.84901580269e-07]
        mean: [2.32352647345e-07, 5.99050654273e-05, 0.000177592519321, 0.000342628016369, 0.000198736379389, 0.000111175468192, 4.35730544268e-05, 0.000118660151202, 0.000156807145686, 0.000178754344233, 0.000161013551406, 0.000195103639271, 0.000323260435835, 0.000360599107808, 0.000166169760632, 0.000259320891928, 0.000409191910876, 0.000459368719021, 0.000544461770914, 0.000471442064736, 0.000266976596322, 0.00013315094111, 2.67540017376e-05, 8.57134273247e-06, 4.39755467596e-06, 2.49153174536e-07, 1.9032313503e-09]
        min: [1.25177479493e-10, 5.33772777089e-08, 1.66022346093e-07, 1.26819691104e-06, 2.94541428048e-06, 4.37599879888e-07, 1.71899458223e-07, 5.88902864251e-08, 1.07817228923e-07, 6.27571807854e-08, 1.10657609298e-07, 2.17196770791e-07, 3.47701472947e-07, 9.81182637361e-08, 2.1919191795e-07, 1.00840634332e-06, 4.72381714189e-07, 2.18831360144e-06, 1.12073894343e-06, 4.18522449763e-06, 2.00154840968e-06, 1.08731831006e-06, 1.92714281866e-07, 4.16850411966e-08, 2.48490277244e-08, 6.30353380604e-10, 5.98629707003e-13]
        var: [2.8081419026e-13, 3.55346463365e-09, 8.42671212808e-08, 2.06516560297e-07, 6.64485995117e-08, 1.26547110568e-08, 3.31584359969e-09, 2.61121488876e-08, 4.62571101423e-08, 1.29802117499e-07, 9.80969900866e-08, 1.75996291318e-07, 2.68018965244e-07, 3.94608122178e-07, 6.16676487653e-08, 1.64561470228e-07, 1.71979678498e-07, 1.3820380218e-07, 2.03450341019e-07, 2.14892082795e-07, 1.03000118656e-07, 3.21648485624e-08, 1.57564894465e-09, 1.45991677081e-10, 4.73450931238e-11, 1.84408396756e-13, 1.5936400801e-16]
    mfcc:
        mean: [-682.635559082, 82.5233078003, -55.9626655579, 48.3781585693, -12.3788423538, 4.74826288223, 2.11003184319, -0.372665911913, -2.51121997833, -4.66870594025, -0.57184523344, -6.93256568909, -8.57160949707]
        cov: [[1364.17004395, -386.873565674, 87.4187316895, -112.255516052, -91.4790039062, 52.3945350647, 41.9935951233, -25.2497577667, -37.8571624756, -12.1814203262, 10.2297048569, -14.6252794266, 5.01036405563], [-386.873565674, 727.441589355, -299.492950439, 55.9617576599, 29.7803554535, 5.28563499451, 136.666168213, 122.268508911, 63.7758789062, 26.3159618378, 67.5066986084, 58.1423110962, 38.6371498108], [87.4187316895, -299.492950439, 404.843048096, 93.4479141235, 38.2547721863, 35.1886978149, -52.2124137878, -13.8445320129, -19.3689250946, -6.3262925148, -30.419670105, -25.0962638855, -0.933180093765], [-112.255516052, 55.9617576599, 93.4479141235, 305.27557373, 117.301986694, 10.7034568787, -31.5926856995, 54.4085617065, 56.1619873047, 14.0584440231, -13.043296814, 12.2245807648, 21.6137905121], [-91.4790039062, 29.7803554535, 38.2547721863, 117.301986694, 187.349731445, 16.7617607117, -30.6567897797, -6.44536209106, 42.6110343933, 29.56681633, -6.35272312164, 9.08329486847, 12.4556484222], [52.3945350647, 5.28563499451, 35.1886978149, 10.7034568787, 16.7617607117, 134.847412109, 68.2817077637, 35.4090843201, -4.98368549347, -23.7285346985, 12.3828802109, 1.26749825478, 0.955647289753], [41.9935951233, 136.666168213, -52.2124137878, -31.5926856995, -30.6567897797, 68.2817077637, 155.163040161, 67.3237533569, -1.18026888371, -7.14609622955, 34.0967330933, 22.6987514496, 15.0078163147], [-25.2497577667, 122.268508911, -13.8445320129, 54.4085617065, -6.44536209106, 35.4090843201, 67.3237533569, 119.014862061, 49.1772117615, -4.73630905151, 12.1356678009, 18.5804634094, 24.7524738312], [-37.8571624756, 63.7758789062, -19.3689250946, 56.1619873047, 42.6110343933, -4.98368549347, -1.18026888371, 49.1772117615, 100.53011322, 28.0363140106, -1.45761787891, 11.8034305573, 20.1606121063], [-12.1814203262, 26.3159618378, -6.3262925148, 14.0584440231, 29.56681633, -23.7285346985, -7.14609622955, -4.73630905151, 28.0363140106, 65.4935836792, 20.722858429, 7.4595246315, 5.07803106308], [10.2297048569, 67.5066986084, -30.419670105, -13.043296814, -6.35272312164, 12.3828802109, 34.0967330933, 12.1356678009, -1.45761787891, 20.722858429, 66.750289917, 19.5038585663, -4.81971311569], [-14.6252794266, 58.1423110962, -25.0962638855, 12.2245807648, 9.08329486847, 1.26749825478, 22.6987514496, 18.5804634094, 11.8034305573, 7.4595246315, 19.5038585663, 48.3241729736, 24.2990608215], [5.01036405563, 38.6371498108, -0.933180093765, 21.6137905121, 12.4556484222, 0.955647289753, 15.0078163147, 24.7524738312, 20.1606121063, 5.07803106308, -4.81971311569, 24.2990608215, 60.0262680054]]
        icov: [[0.00100249063689, 0.000835951184854, 0.000272907782346, 4.60126466351e-06, 0.000259247288341, -0.000167623380548, -0.000651950889733, -5.08264328403e-08, -0.000110735163616, -0.00012742842955, -0.000579166633543, 0.000294938130537, -0.000625197018962], [0.000835951184854, 0.00377652072348, 0.00233378005214, -0.000806567200925, -0.00067528442014, 0.000785557960626, -0.00212130649015, -0.00185711123049, 0.000236947453232, -0.000180174087291, -0.00190684967674, 0.000211073187529, -0.00105301174335], [0.000272907782346, 0.00233378005214, 0.0046914787963, -0.00152828602586, -0.000361844256986, -0.00103583047166, 0.000138580289786, -0.00150386453606, 0.00160763296299, -0.00105811923277, -0.00026604856248, 0.00117304339074, -0.00117132533342], [4.60126466351e-06, -0.000806567200925, -0.00152828602586, 0.00594645086676, -0.00299473688938, 7.09931773599e-05, 0.00224394444376, -0.00345681631006, -0.000102361867903, 0.000179717331775, 0.000694732414559, -0.000916108430829, 0.000284384441329], [0.000259247288341, -0.00067528442014, -0.000361844256986, -0.00299473688938, 0.00945671834052, -0.00334719219245, 0.00107845081948, 0.00426904764026, -0.00296797486953, -0.00308766472153, 0.00138200435322, -0.00149178015999, -0.000480427144794], [-0.000167623380548, 0.000785557960626, -0.00103583047166, 7.09931773599e-05, -0.00334719219245, 0.0128443641588, -0.00617221975699, -0.00140882912092, -9.07600260689e-05, 0.0055810874328, -0.00287664518692, 0.00225366232917, 0.000495945569128], [-0.000651950889733, -0.00212130649015, 0.000138580289786, 0.00224394444376, 0.00107845081948, -0.00617221975699, 0.0154985627159, -0.00671501411125, 0.0035655843094, -0.00202327826992, -0.00130081293173, -0.00255390419625, -0.000714452937245], [-5.08264328403e-08, -0.00185711123049, -0.00150386453606, -0.00345681631006, 0.00426904764026, -0.00140882912092, -0.00671501411125, 0.0212765205652, -0.0103686228395, 0.00470566004515, -0.00116236368194, 0.000117503564979, -0.00259796530008], [-0.000110735163616, 0.000236947453232, 0.00160763296299, -0.000102361867903, -0.00296797486953, -9.07600260689e-05, 0.0035655843094, -0.0103686228395, 0.0191203523427, -0.00804907642305, 0.00332372705452, -0.000720077194273, -0.00126250099856], [-0.00012742842955, -0.000180174087291, -0.00105811923277, 0.000179717331775, -0.00308766472153, 0.0055810874328, -0.00202327826992, 0.00470566004515, -0.00804907642305, 0.0252967849374, -0.0102806510404, 0.00241261068732, -0.00207602186128], [-0.000579166633543, -0.00190684967674, -0.00026604856248, 0.000694732414559, 0.00138200435322, -0.00287664518692, -0.00130081293173, -0.00116236368194, 0.00332372705452, -0.0102806510404, 0.0255114641041, -0.0107297832146, 0.00773029448465], [0.000294938130537, 0.000211073187529, 0.00117304339074, -0.000916108430829, -0.00149178015999, 0.00225366232917, -0.00255390419625, 0.000117503564979, -0.000720077194273, 0.00241261068732, -0.0107297832146, 0.0336056314409, -0.0133762145415], [-0.000625197018962, -0.00105301174335, -0.00117132533342, 0.000284384441329, -0.000480427144794, 0.000495945569128, -0.000714452937245, -0.00259796530008, -0.00126250099856, -0.00207602186128, 0.00773029448465, -0.0133762145415, 0.0252455938607]]
    spectral_contrast:
        mean: [-3.22385574236e-07, 2.81085334564e-07, 9.89160326981e-08, -4.77899050111e-07, -5.08449886638e-07, 1.32752631998e-07, 3.84923453112e-07, -1.70772352703e-06, -5.86298028793e-07, 1.66140989677e-06, 2.44629723056e-06, -2.18253262574e-06]
        var: [0.000535603147, 0.000776462897193, 0.00184092833661, 0.00234010955319, 0.00294573628344, 0.00592971174046, 0.0394298173487, 0.0648289993405, 0.111106522381, 0.269464969635, 0.577932655811, 0.854836583138]

rhythm:
    beats_loudness:
        dmean: 0.0013437482994
        dmean2: 0.00216861325316
        dvar: 8.1843955968e-07
        dvar2: 2.29607553592e-06
        max: 0.00989807769656
        mean: 0.00787409674376
        min: 0.00571163743734
        var: 1.4735746845e-06
    beats_loudness_bass:
        dmean: 0.0642574131489
        dmean2: 0.127398982644
        dvar: 0.00316154956818
        dvar2: 0.00692477542907
        max: 0.252116322517
        mean: 0.13888348639
        min: 0.0529235377908
        var: 0.00336139393039
    bpm: 94.0739898682
    bpm_confidence: 0
    first_peak_bpm: 94
    first_peak_spread: 0
    first_peak_weight: 0.928571403027
    onset_rate: 4.43256568909
    second_peak_bpm: 88
    second_peak_spread: 0
    second_peak_weight: 0.0714285746217
    beats_position: [0.589717566967, 1.22857737541, 1.86743724346, 2.50629711151, 3.14515686035, 3.78401660919, 4.42287635803, 5.06173658371, 5.70059633255, 6.37970066071, 7.01657152176, 7.65344142914, 8.29031276703, 8.92718219757, 9.56405353546]
    bpm_estimates: [93.9088668823, 93.8886795044, 93.9470291138, 94.1568832397, 93.8274002075, 93.7885818481, 93.8943710327, 93.9760818481, 93.8688430786, 94.2542037964, 93.9666213989, 94.0654754639, 94.9188766479, 95.5829086304, 93.7858734131, 94.0362319946, 93.9428100586, 94.4809570312, 93.1152954102]
    bpm_intervals: [0.638859808445, 0.63885986805, 0.63885986805, 0.63885974884, 0.63885974884, 0.63885974884, 0.638860225677, 0.63885974884, 0.679104328156, 0.636870861053, 0.636869907379, 0.636871337891, 0.636869430542, 0.636871337891]
    onset_times: [0.0464399084449, 0.267029464245, 0.592108845711, 0.766258478165, 0.905578255653, 1.06811785698, 1.23065757751, 1.54412698746, 1.72988665104, 1.86920630932, 2.0549659729, 2.21750569344, 2.50775504112, 2.69351482391, 2.83283448219, 3.14630389214, 3.32045340538, 3.66875290871, 3.80807256699, 3.98222231865, 4.13315200806, 4.45823144913, 4.76009082794, 5.0967798233, 5.27092981339, 5.42185926437, 5.72371864319, 6.04879808426, 6.37387752533, 6.68734693527, 7.01242637634, 7.22140598297, 7.33750581741, 7.66258525848, 7.84834480286, 7.98766422272, 8.28952407837, 8.498503685, 8.64943313599, 8.92807292938, 9.0906124115, 9.25315189362, 9.57823085785, 9.86848068237]
    rubato_start: []
    rubato_stop: []
    perceptual_tempo: "unknown"

sfx:
    inharmonicity:
        dmean: 0.0699710026383
        dmean2: 0.125200629234
        dvar: 0.00467380136251
        dvar2: 0.0129275806248
        max: 0.40936923027
        mean: 0.0812708809972
        min: 8.91647432582e-05
        var: 0.00501478184015
    oddtoevenharmonicenergyratio:
        dmean: 3.02385210991
        dmean2: 5.57491493225
        dvar: 46.5676689148
        dvar2: 130.231445312
        max: 54.0312080383
        mean: 2.2106180191
        min: 0.00803508795798
        var: 31.1903820038
    pitch_after_max_to_before_max_energy_ratio: 0.618194758892
    pitch_centroid: 213.90625
    pitch_max_to_total: 0.579439222813
    pitch_min_to_total: 0.254672884941
    tristimulus:
        dmean: [0.156977191567, 0.25638705492, 0.182171210647]
        dmean2: [0.279781937599, 0.453845709562, 0.322444677353]
        dvar: [0.0224038977176, 0.0449527651072, 0.0241039469838]
        dvar2: [0.0609303675592, 0.126267269254, 0.0668219253421]
        max: [0.917526781559, 0.973832368851, 0.682773590088]
        mean: [0.232017874718, 0.486369878054, 0.194263085723]
        min: [0.00775161292404, 0, 0]
        var: [0.0296466909349, 0.0678398236632, 0.0301843453199]

tonal:
    chords_changes_rate: 0.0697674453259
    chords_number_rate: 0.037209302187
    chords_strength:
        dmean: 0.0129558304325
        dmean2: 0.0125139188021
        dvar: 0.000102759244328
        dvar2: 0.000108368076326
        max: 0.702409982681
        mean: 0.553579866886
        min: 0.305899113417
        var: 0.00785978604108
    key_strength: 0.656400799751
    tuning_diatonic_strength: 0.589327573776
    tuning_equal_tempered_deviation: 0.0811274200678
    tuning_frequency: 440
    tuning_nontempered_energy_ratio: 0.798237919807
    hpcp:
        dmean: [0.157324999571, 0.145457446575, 0.11047154665, 0.118506520987, 0.133182153106, 0.140587091446, 0.160728424788, 0.172737538815, 0.192395702004, 0.201163500547, 0.175852075219, 0.128999054432, 0.11089450866, 0.0981876552105, 0.125460505486, 0.167448252439, 0.207051768899, 0.166993573308, 0.149699702859, 0.152537658811, 0.187774851918, 0.225368231535, 0.228718340397, 0.187554582953, 0.150455713272, 0.120486907661, 0.111161500216, 0.137446671724, 0.123122088611, 0.116062857211, 0.168291002512, 0.160602241755, 0.147281393409, 0.143835768104, 0.125772371888, 0.125856757164]
        dmean2: [0.260306328535, 0.249107167125, 0.181593894958, 0.197194442153, 0.226543232799, 0.236802011728, 0.274596661329, 0.285967856646, 0.322957277298, 0.342741191387, 0.302459329367, 0.216920956969, 0.190717577934, 0.167409926653, 0.21042573452, 0.277461022139, 0.348676145077, 0.27776581049, 0.265634804964, 0.276747763157, 0.318034797907, 0.365779489279, 0.384460419416, 0.318541765213, 0.247213065624, 0.198648437858, 0.189301565289, 0.228692680597, 0.207843601704, 0.196205198765, 0.283798098564, 0.269379496574, 0.252249628305, 0.234200835228, 0.200215861201, 0.196467131376]
        dvar: [0.0310110114515, 0.0237970165908, 0.0181587878615, 0.0229614879936, 0.0208269171417, 0.0250855963677, 0.039385959506, 0.0434318110347, 0.0365828499198, 0.0478349030018, 0.0302966814488, 0.0223292093724, 0.0234363786876, 0.01522962749, 0.0242068208754, 0.0356939360499, 0.0465070642531, 0.0310004465282, 0.0333601385355, 0.042127430439, 0.0453687123954, 0.0469300672412, 0.0468577854335, 0.0500837750733, 0.0326229669154, 0.0226919278502, 0.0184840410948, 0.0246133953333, 0.0181393083185, 0.0135298157111, 0.0313247814775, 0.0295948721468, 0.0311917215586, 0.0302129909396, 0.0223841052502, 0.0188104063272]
        dvar2: [0.0723326280713, 0.0594210363925, 0.0463344417512, 0.0582465603948, 0.0547760650516, 0.067134976387, 0.103651665151, 0.118568241596, 0.0990206748247, 0.107868544757, 0.0719717666507, 0.0612724050879, 0.0571746006608, 0.0363268814981, 0.0692445486784, 0.0893879234791, 0.133822530508, 0.0806178599596, 0.093075864017, 0.122656516731, 0.101444654167, 0.108780406415, 0.126398473978, 0.126585707068, 0.0829170122743, 0.0563154220581, 0.0487803258002, 0.0671340450644, 0.0461562685668, 0.0374892987311, 0.0812954232097, 0.0756820589304, 0.084975682199, 0.0775005593896, 0.053057231009, 0.0404565893114]
        max: [1, 1, 1, 1, 0.888508319855, 1, 1, 1, 1, 1, 1, 1, 1, 0.896236777306, 1, 1, 1, 1, 1, 1, 1, 1, 1, 1, 1, 1, 1, 1, 1, 0.762140274048, 1, 1, 1, 1, 1, 1]
        mean: [0.25335931778, 0.230296418071, 0.167174950242, 0.167173996568, 0.180778726935, 0.196588680148, 0.249912366271, 0.267455041409, 0.313206404448, 0.380130797625, 0.301300555468, 0.193555057049, 0.1699578017, 0.157675787807, 0.2063998878, 0.322664022446, 0.318414121866, 0.226768612862, 0.179516375065, 0.17258605361, 0.262838304043, 0.393271207809, 0.366621732712, 0.290447205305, 0.281699150801, 0.211265966296, 0.16880735755, 0.21594811976, 0.192169904709, 0.186209499836, 0.287035286427, 0.28335377574, 0.222944423556, 0.2496599406, 0.226190060377, 0.20327617228]
        min: [0.0109108388424, 0.00964758079499, 0.00994974281639, 0.0126377586275, 0.0137766879052, 0.0121535565704, 0.00945173762739, 0.0121256485581, 0.0168527066708, 0.0133884679526, 0.00484295329079, 0.010024599731, 0.00388494599611, 0.00405453937128, 0.0137541582808, 0.00874422863126, 0.0226475559175, 0.0165783558041, 0.007921657525, 0.0100373085588, 0.00774467270821, 0.0148690948263, 0.0133354468271, 0.00981820560992, 0.0034241785761, 0.00216973898932, 0.00408363295719, 0.0105973063037, 0.00888701528311, 0.0103330640122, 0.0139573020861, 0.0101197222248, 0.00530381454155, 0.00228237989359, 0.00455934973434, 0.00876560527831]
        var: [0.0519728846848, 0.0393038019538, 0.0234287977219, 0.0271047297865, 0.0249350797385, 0.0347899720073, 0.0656328946352, 0.0617077760398, 0.0632502287626, 0.0959455445409, 0.0617467463017, 0.03578857705, 0.0343320555985, 0.0258312821388, 0.0374565161765, 0.0867643579841, 0.0780271962285, 0.0436773747206, 0.0319761447608, 0.0367915406823, 0.0671398714185, 0.0896352007985, 0.0770256593823, 0.0751671269536, 0.0915193781257, 0.0546714961529, 0.0294105093926, 0.0474219433963, 0.0333303697407, 0.0193134043366, 0.0599378123879, 0.0584133006632, 0.0402580425143, 0.069198153913, 0.0482601113617, 0.0299117546529]
    chords_histogram: [31.6279067993, 15.3488368988, 0.465116292238, 0.930232584476, 20.4651165009, 0, 0, 0, 1.86046516895, 0, 0, 0, 0, 0, 0, 18.6046504974, 0, 2.32558131218, 0, 0, 0, 0, 6.04651165009, 2.32558131218]
    thpcp: [1, 0.932236373425, 0.738541722298, 0.716297447681, 0.537201702595, 0.429239034653, 0.549107372761, 0.488644719124, 0.473488777876, 0.729866027832, 0.720504760742, 0.566897392273, 0.634828925133, 0.575150310993, 0.516885459423, 0.644235610962, 0.585591852665, 0.425088196993, 0.425085783005, 0.459679543972, 0.499880671501, 0.635470807552, 0.680077850819, 0.796413242817, 0.966586887836, 0.766139388084, 0.492166876793, 0.432164371014, 0.400933980942, 0.524828374386, 0.82046186924, 0.809655308723, 0.576621472836, 0.456469655037, 0.4388474226, 0.668338537216]
    chords_key: "C"
    chords_scale: "major"
    key_key: "C"
    key_scale: "major"
    chords_progression: ["Em", "Em", "Em", "Em", "Em", "Em", "Em", "Em", "Em", "Em", "Em", "Em", "C", "C", "C", "C", "C", "C", "C", "C", "C", "C", "C", "C", "C", "C", "C", "Am", "Am", "Am", "Am", "E", "E", "E", "Fm", "Fm", "Fm", "Fm", "Fm", "Fm", "Fm", "Fm", "Fm", "Fm", "Fm", "Fm", "Fm", "Fm", "Fm", "Fm", "Fm", "Fm", "Fm", "Fm", "Fm", "Fm", "Fm", "Fm", "Fm", "Fm", "Fm", "Fm", "Fm", "Fm", "Fm", "Fm", "Fm", "Fm", "Fm", "Fm", "Fm", "Fm", "Fm", "Fm", "F", "F", "F", "F", "F", "F", "F", "F", "F", "F", "F", "F", "F", "C", "C", "C", "C", "C", "C", "C", "C", "C", "C", "C", "C", "C", "C", "C", "C", "C", "C", "C", "C", "C", "C", "C", "C", "C", "C", "C", "C", "C", "C", "C", "C", "C", "C", "C", "C", "C", "C", "C", "C", "C", "Cm", "Cm", "Cm", "Cm", "Cm", "C", "C", "C", "C", "C", "C", "C", "C", "C", "C", "C", "C", "Am", "D", "D", "D", "D", "D", "D", "D", "D", "D", "D", "D", "D", "D", "D", "D", "D", "D", "D", "D", "D", "D", "D", "D", "D", "D", "D", "D", "D", "D", "D", "D", "D", "D", "D", "D", "D", "D", "D", "D", "D", "D", "D", "D", "D", "Bm", "Bm", "G", "Em", "Em", "Em", "Em", "Em", "Em", "Em", "Em", "E", "Em", "Em", "Em", "Em", "Em", "Em", "Em", "Em", "Em", "Em", "Em", "Em", "Em"]
