
metadata:
    version:
        essentia: "1.2.2"
    audio_properties:
        analysis_sample_rate: 44100
        bitrate: 128
        channels: 2
        equal_loudness: 1
        length: 10.0310201645
        replay_gain: -16.1880207062
        downmix: "mix"
    tags:
        track: 25
        year: 0
        album: "Splitted by Mp3Splt v. 2.1"
        artist: "From 004.00 To 004.10"
        comment: "http://mp3splt.sf.net"
        genre: ""
        title: "05 The Twelve Steps.mp3"

highlevel:
    ballroom:
        all:
            ChaChaCha: 0.034328661859
            Jive: 0.702204287052
            Quickstep: 0.0223560016602
            Rumba-American: 0.00145335029811
            Rumba-International: 0.0027986378409
            Rumba-Misc: 0.00754026463255
            Samba: 0.023502189666
            Tango: 0.00539715075865
            VienneseWaltz: 0.192744299769
            Waltz: 0.00767514156178
        probability: 0.702204287052
        value: "Jive"
    culture:
        all:
            non_western: 0.0546706132591
            western: 0.945329368114
        probability: 0.945329368114
        value: "western"
    gender:
        all:
            female: 0.428115516901
            male: 0.571884453297
        probability: 0.571884453297
        value: "male"
    genre_dortmund:
        all:
            alternative: 0.18802253902
            blues: 0.00131759862415
            electronic: 0.0533162914217
            folkcountry: 0.0494656339288
            funksoulrnb: 0.0105040986091
            jazz: 0.00186610128731
            pop: 0.0632382631302
            raphiphop: 0.00133761402685
            rock: 0.630931854248
        probability: 0.630931854248
        value: "rock"
    genre_electronica:
        all:
            ambient: 0.271980017424
            dnb: 0.140706151724
            house: 0.00835985038429
            techno: 0.0199185945094
            trance: 0.559035360813
        probability: 0.559035360813
        value: "trance"
    genre_rosamerica:
        all:
            cla: 0.029516318813
            dan: 0.00843891594559
            hip: 0.00322307855822
            jaz: 0.00191912183072
            pop: 0.00813773460686
            rhy: 0.00175384932663
            roc: 0.94589215517
            spe: 0.00111882877536
        probability: 0.94589215517
        value: "roc"
    genre_tzanetakis:
        all:
            blu: 0.0325933434069
            cla: 0.146467059851
            cou: 0.094799041748
            dis: 0.0318987332284
            hip: 0.0152370147407
            jaz: 0.0379290506244
            met: 0.271888285875
            pop: 0.0281752813607
            reg: 0.0169594176114
            roc: 0.324052751064
        probability: 0.324052751064
        value: "roc"
    live_studio:
        all:
            live: 0.385611057281
            studio: 0.614388942719
        probability: 0.614388942719
        value: "studio"
    mood:
        all:
            Cluster1: 0.536738693714
            Cluster2: 0.0334104299545
            Cluster3: 0.00431999284774
            Cluster4: 0.0582991838455
            Cluster5: 0.367231726646
        probability: 0.536738693714
        value: "Cluster1"
    mood_acoustic:
        all:
            acoustic: 0.0303512923419
            not_acoustic: 0.969648718834
        probability: 0.969648718834
        value: "not_acoustic"
    mood_aggressive:
        all:
            aggressive: 0.9977902174
            not_aggressive: 0.00220977677964
        probability: 0.9977902174
        value: "aggressive"
    mood_electronic:
        all:
            electronic: 0.223823904991
            not_electronic: 0.776176095009
        probability: 0.776176095009
        value: "not_electronic"
    mood_happy:
        all:
            happy: 0.245989486575
            not_happy: 0.754010498524
        probability: 0.754010498524
        value: "not_happy"
    mood_party:
        all:
            not_party: 0.427774637938
            party: 0.572225391865
        probability: 0.572225391865
        value: "party"
    mood_relaxed:
        all:
            not_relaxed: 0.890625834465
            relaxed: 0.109374195337
        probability: 0.890625834465
        value: "not_relaxed"
    mood_sad:
        all:
            not_sad: 0.995082914829
            sad: 0.00491709215567
        probability: 0.995082914829
        value: "not_sad"
    rhythm:
        all:
            fast: 0.47331687808
            medium: 0.361135989428
            slow: 0.165547132492
        probability: 0.47331687808
        value: "fast"
    speech_music:
        all:
            music: 0.999715030193
            speech: 0.00028498240863
        probability: 0.999715030193
        value: "music"
    timbre:
        all:
            bright: 0.731962144375
            dark: 0.268037855625
        probability: 0.731962144375
        value: "bright"
    voice_instrumental:
        all:
            instrumental: 0.553016066551
            voice: 0.446983963251
        probability: 0.553016066551
        value: "instrumental"

lowlevel:
    average_loudness: 0.986118495464
    barkbands_kurtosis:
        dmean: 0.371596723795
        dmean2: 0.604449629784
        dvar: 0.128348961473
        dvar2: 0.372323870659
        max: 1.44622850418
        mean: -0.91531509161
        min: -1.70137465
        var: 0.281525820494
    barkbands_skewness:
        dmean: 0.241021215916
        dmean2: 0.389595150948
        dvar: 0.0390949957073
        dvar2: 0.105844639242
        max: 0.43789729476
        mean: -0.51335811615
        min: -1.53527104855
        var: 0.116625159979
    barkbands_spread:
        dmean: 3.39308547974
        dmean2: 5.5756483078
        dvar: 7.44227790833
        dvar2: 21.8558979034
        max: 43.3242263794
        mean: 28.5416564941
        min: 18.6857872009
        var: 20.1717224121
    dissonance:
        dmean: 0.0106127653271
        dmean2: 0.0183719564229
        dvar: 7.61164628784e-05
        dvar2: 0.000206653014175
        max: 0.498831003904
        mean: 0.479484438896
        min: 0.42931163311
        var: 0.000117728923215
    hfc:
        dmean: 2.20438480377
        dmean2: 3.39513969421
        dvar: 4.02999210358
        dvar2: 8.52636051178
        max: 30.5347251892
        mean: 15.07700634
        min: 7.48569154739
        var: 14.4281826019
    pitch:
        dmean: 742.340332031
        dmean2: 1430.62817383
        dvar: 1564036.625
        dvar2: 4069881.5
        max: 4410
        mean: 722.096557617
        min: 90.368850708
        var: 1327009.625
    pitch_instantaneous_confidence:
        dmean: 0.0552159547806
        dmean2: 0.0902705788612
        dvar: 0.00183597079013
        dvar2: 0.00478308508173
        max: 0.509526014328
        mean: 0.289631932974
        min: 0.121494650841
        var: 0.00475254189223
    pitch_salience:
        dmean: 0.0361649021506
        dmean2: 0.0584358945489
        dvar: 0.000662915175781
        dvar2: 0.00195805705152
        max: 0.80171585083
        mean: 0.702142357826
        min: 0.542659759521
        var: 0.00165890099015
    silence_rate_20dB:
        dmean: 0
        dmean2: 0
        dvar: 0
        dvar2: 0
        max: 1
        mean: 1
        min: 1
        var: 0
    silence_rate_30dB:
        dmean: 0
        dmean2: 0
        dvar: 0
        dvar2: 0
        max: 1
        mean: 1
        min: 1
        var: 0
    silence_rate_60dB:
        dmean: 0.00232018553652
        dmean2: 0.00465116277337
        dvar: 0.00231478363276
        dvar2: 0.00462947320193
        max: 1
        mean: 0.00462962966412
        min: 0
        var: 0.00460822042078
    spectral_centroid:
        dmean: 180.051742554
        dmean2: 280.890808105
        dvar: 22709.3222656
        dvar2: 52815.3046875
        max: 3065.48657227
        mean: 2123.23461914
        min: 1396.25952148
        var: 90388.9609375
    spectral_complexity:
        dmean: 3.74592065811
        dmean2: 6.39252328873
        dvar: 9.59278869629
        dvar2: 22.070230484
        max: 47
        mean: 30.7302322388
        min: 17
        var: 25.8249073029
    spectral_crest:
        dmean: 0.909938156605
        dmean2: 1.49420011044
        dvar: 0.669037699699
        dvar2: 1.78428411484
        max: 12.2005929947
        mean: 4.50027084351
        min: 2.52729392052
        var: 1.44364798069
    spectral_decrease:
        dmean: 1.98217775527e-10
        dmean2: 3.16916298759e-10
        dvar: 2.44311008936e-20
        dvar2: 5.78025475622e-20
        max: -8.3381013205e-10
        mean: -1.51161272388e-09
        min: -2.55871923649e-09
        var: 7.0817924308e-20
    spectral_energy:
        dmean: 0.000898840429727
        dmean2: 0.00142467278056
        dvar: 5.34591038104e-07
        dvar2: 1.2340505009e-06
        max: 0.0124267833307
        mean: 0.00707270251587
        min: 0.00382813788019
        var: 1.60320576015e-06
    spectral_energyband_high:
        dmean: 0.000222336151637
        dmean2: 0.000333735457389
        dvar: 5.05704740306e-08
        dvar2: 1.11271901915e-07
        max: 0.00315339118242
        mean: 0.000811102800071
        min: 0.000159598494065
        var: 2.11117225035e-07
    spectral_energyband_low:
        dmean: 5.19039604114e-05
        dmean2: 8.93618198461e-05
        dvar: 2.13570761076e-09
        dvar2: 5.84340043019e-09
        max: 0.000345095730154
        mean: 9.31703179958e-05
        min: 7.63364459999e-06
        var: 3.10502490386e-09
    spectral_energyband_middle_high:
        dmean: 0.000702869845554
        dmean2: 0.00112439715303
        dvar: 3.36106182885e-07
        dvar2: 7.70574501985e-07
        max: 0.00912004057318
        mean: 0.00440214388072
        min: 0.00159937108401
        var: 1.10998894343e-06
    spectral_energyband_middle_low:
        dmean: 0.000516576634254
        dmean2: 0.000843178306241
        dvar: 1.97090002985e-07
        dvar2: 5.46025319181e-07
        max: 0.00425829272717
        mean: 0.00176627398469
        min: 0.000539498229045
        var: 4.7575505846e-07
    spectral_flatness_db:
        dmean: 0.00877815485001
        dmean2: 0.0136620216072
        dvar: 4.69098449685e-05
        dvar2: 0.000117353956739
        max: 0.168640449643
        mean: 0.133847996593
        min: 0.0913080871105
        var: 0.000153523185872
    spectral_flux:
        dmean: 0.00498204445466
        dmean2: 0.00810633320361
        dvar: 1.85490462172e-05
        dvar2: 4.20278993261e-05
        max: 0.0835634842515
        mean: 0.0509711243212
        min: 0.0348379760981
        var: 4.97913024446e-05
    spectral_kurtosis:
        dmean: 0.829425394535
        dmean2: 1.39517211914
        dvar: 0.731981813908
        dvar2: 1.47264456749
        max: 14.5442237854
        mean: 3.49528408051
        min: 0.181616544724
        var: 1.75768303871
    spectral_rms:
        dmean: 0.00016665457224
        dmean2: 0.000264110596618
        dvar: 1.81648456277e-08
        dvar2: 4.16986694063e-08
        max: 0.00348190916702
        mean: 0.00261632818729
        min: 0.00193255499471
        var: 5.50250973674e-08
    spectral_rolloff:
        dmean: 214.428497314
        dmean2: 332.607391357
        dvar: 32087.0820312
        dvar2: 74862.265625
        max: 5318.70117188
        mean: 3736.76220703
        min: 2928.515625
        var: 158372.15625
    spectral_skewness:
        dmean: 0.126694440842
        dmean2: 0.194847598672
        dvar: 0.0166113190353
        dvar2: 0.0301908981055
        max: 2.8706073761
        mean: 1.24955272675
        min: 0.528422892094
        var: 0.0550576746464
    spectral_spread:
        dmean: 235609
        dmean2: 354045.65625
        dvar: 55077625856
        dvar2: 88819679232
        max: 6930126
        mean: 3936367.75
        min: 2661078
        var: 323432316928
    spectral_strongpeak:
        dmean: 0.684136390686
        dmean2: 1.18908727169
        dvar: 0.662849366665
        dvar2: 1.73686373234
        max: 6.69113826752
        mean: 0.938521206379
        min: 0.0381507128477
        var: 0.952225804329
    zerocrossingrate:
        dmean: 0.00594132440165
        dmean2: 0.00743488082662
        dvar: 2.9617220207e-05
        dvar2: 3.52207753167e-05
        max: 0.16015625
        mean: 0.114361144602
        min: 0.0615234375
        var: 0.0001893130393
    barkbands:
        dmean: [7.1158737569e-08, 2.65322014457e-05, 3.36220946338e-05, 7.4210933235e-05, 0.000206538257771, 0.000229593744734, 0.000171692940057, 0.000213825478568, 8.69963769219e-05, 0.000137252092827, 7.20731623005e-05, 0.000182672622032, 0.000118733201816, 0.000133632827783, 0.000200729526114, 0.000182661373401, 0.000273800193099, 0.000300817453535, 0.000236245075939, 0.000256929808529, 0.000117367620987, 3.19681566907e-05, 5.13525719725e-06, 1.65707297128e-06, 5.81079746098e-07, 2.29647518779e-08, 5.97593807772e-10]
        dmean2: [1.03279454322e-07, 4.51624109701e-05, 5.76736092626e-05, 0.000128268642584, 0.000331346644089, 0.000368998356862, 0.000285560410703, 0.000361444836017, 0.000142157950904, 0.000227962504141, 0.000114978807687, 0.000291462230962, 0.000192162944586, 0.000218825356569, 0.000343633000739, 0.000301238673273, 0.000468938873382, 0.000512245227583, 0.000404548743973, 0.000408963474911, 0.000184557793546, 4.56424495496e-05, 7.58341138862e-06, 2.3547966066e-06, 8.84651399247e-07, 3.33943965813e-08, 8.24455892445e-10]
        dvar: [2.84347632246e-13, 4.73639183429e-10, 1.41039091517e-09, 6.80627554317e-09, 4.0033611981e-08, 5.21865892722e-08, 3.26775229098e-08, 6.62971260112e-08, 1.09752491539e-08, 2.65063100358e-08, 8.48688497257e-09, 2.84189667354e-08, 1.25325199107e-08, 1.67785003669e-08, 4.99821872779e-08, 3.32910836676e-08, 6.21822877633e-08, 7.30793132675e-08, 4.70876493353e-08, 8.19301604338e-08, 1.89760616109e-08, 2.41320030625e-09, 8.85365045167e-11, 1.46674703633e-11, 8.33249485035e-13, 5.91855907444e-16, 3.65257812213e-17]
        dvar2: [2.86478143725e-13, 1.40595890485e-09, 3.95281762877e-09, 1.95200442477e-08, 9.96166846789e-08, 1.35042967031e-07, 8.81827091348e-08, 1.62045964203e-07, 2.65542858813e-08, 7.31218676719e-08, 2.13888764478e-08, 7.16284631608e-08, 3.30509237756e-08, 4.31159534742e-08, 1.36615838642e-07, 8.8066727244e-08, 1.66641925148e-07, 2.03016043088e-07, 1.28953658418e-07, 1.82543317351e-07, 4.54932980176e-08, 4.22230028718e-09, 1.69672303985e-10, 2.35387282582e-11, 1.70772011983e-12, 1.19649248327e-15, 3.66664482475e-17]
        max: [1.10937889986e-05, 0.000166858488228, 0.000273317593383, 0.000580700987484, 0.00161793816369, 0.00208704313263, 0.00148305855691, 0.00262275477871, 0.00101522926707, 0.00140888558235, 0.000941681559198, 0.0013714407105, 0.000942732614931, 0.00163361662999, 0.00242431112565, 0.00195611664094, 0.00202187732793, 0.00245734467171, 0.00289325485937, 0.00377898407169, 0.00186767824925, 0.000766917015426, 0.000129395499243, 7.17312213965e-05, 1.57964423124e-05, 2.35036168306e-07, 1.25534000972e-07]
        mean: [8.54414352602e-08, 4.3354841182e-05, 4.9744543503e-05, 0.000106725718069, 0.000437902926933, 0.000434410467278, 0.000264520029305, 0.000331381277647, 0.000153526823851, 0.000239144355874, 0.000137128139613, 0.000336230383255, 0.000217807086301, 0.000279785512248, 0.000386343861464, 0.000388684653444, 0.000612420262769, 0.000757540983614, 0.000707430939656, 0.000740364775993, 0.000334746728186, 9.25111744436e-05, 1.44844407259e-05, 4.67465451948e-06, 1.70210250872e-06, 5.52971961554e-08, 6.81773137945e-10]
        min: [3.34988009554e-10, 1.01473165159e-06, 1.10950827548e-06, 2.92074628305e-06, 1.52923148562e-05, 3.18692691508e-05, 2.18411350943e-05, 1.10703913379e-05, 1.27093135234e-05, 1.66586833075e-05, 3.86138344766e-06, 1.31211627377e-05, 1.63491476997e-05, 2.59270927927e-05, 4.96832362842e-05, 4.31144471804e-05, 8.36782855913e-05, 0.000190347767784, 0.000187518744497, 0.000164790457347, 6.67355270707e-05, 8.67405196914e-06, 8.58353018884e-07, 3.90045300946e-07, 1.486633181e-07, 2.09451678224e-09, 7.42608069221e-13]
        var: [2.84836905581e-13, 7.33020699695e-10, 1.54704626887e-09, 9.76210667858e-09, 9.30028107859e-08, 1.14098135384e-07, 4.78731614351e-08, 1.27180669551e-07, 2.06369570321e-08, 4.35394547083e-08, 2.13294342188e-08, 5.95424189953e-08, 2.38953941079e-08, 3.8561250193e-08, 7.53897992922e-08, 7.64085399396e-08, 1.07476438416e-07, 1.44148046388e-07, 8.96994620803e-08, 2.20075975221e-07, 6.25832257128e-08, 1.13510685296e-08, 3.5155944822e-10, 4.67559602146e-11, 2.53932964066e-12, 1.79886822228e-15, 3.64760908275e-17]
    mfcc:
        mean: [-653.531311035, 97.7469863892, -68.8690872192, 47.7661552429, -19.3359413147, -4.7468047142, -4.44475984573, -11.0709791183, -6.51496315002, -6.72472524643, -3.61518287659, -2.36671447754, -3.16649913788]
        cov: [[143.534698486, -120.808876038, 57.1323661804, -22.8082637787, -27.4044418335, 31.451593399, -10.358710289, 20.7483043671, 8.51244068146, -19.4619293213, 5.9398856163, 13.356798172, 5.01814079285], [-120.808876038, 240.50201416, -83.7543716431, 30.0881462097, 26.8549079895, -55.5005836487, 29.8859767914, -24.7271080017, -13.8233556747, 14.3647661209, -18.6115188599, -9.6676530838, -3.08990883827], [57.1323661804, -83.7543716431, 114.891098022, -2.55766606331, -8.40666007996, 25.5624198914, -25.2555618286, 9.80595874786, -0.939132273197, -5.81429624557, 5.92517566681, 1.95846748352, -4.12689161301], [-22.8082637787, 30.0881462097, -2.55766606331, 66.1195755005, 25.1071853638, -3.89947867393, -3.10305523872, -11.5427236557, -7.60013246536, -1.35825335979, -8.03698062897, 1.68718552589, 0.54561239481], [-27.4044418335, 26.8549079895, -8.40666007996, 25.1071853638, 67.7445755005, -5.17872858047, 3.90289354324, -8.68956375122, -4.35367965698, 4.6476559639, -3.17119932175, -5.8470044136, -0.349732220173], [31.451593399, -55.5005836487, 25.5624198914, -3.89947867393, -5.17872858047, 75.0488433838, 17.0634822845, 16.9727516174, 0.306288152933, -13.2601108551, -1.10268139839, -8.7308473587, -7.93049669266], [-10.358710289, 29.8859767914, -25.2555618286, -3.10305523872, 3.90289354324, 17.0634822845, 73.8031921387, 16.3053951263, 4.73655796051, -1.08492100239, -8.19722366333, -5.78061389923, -8.99953269958], [20.7483043671, -24.7271080017, 9.80595874786, -11.5427236557, -8.68956375122, 16.9727516174, 16.3053951263, 49.8581237793, 14.2897796631, -7.17827224731, 1.76590621471, -2.37220692635, -0.440454721451], [8.51244068146, -13.8233556747, -0.939132273197, -7.60013246536, -4.35367965698, 0.306288152933, 4.73655796051, 14.2897796631, 42.3524551392, 18.035200119, 6.59314584732, 3.56934785843, -3.69608569145], [-19.4619293213, 14.3647661209, -5.81429624557, -1.35825335979, 4.6476559639, -13.2601108551, -1.08492100239, -7.17827224731, 18.035200119, 54.3246841431, 21.0499534607, 3.62008666992, 0.926545739174], [5.9398856163, -18.6115188599, 5.92517566681, -8.03698062897, -3.17119932175, -1.10268139839, -8.19722366333, 1.76590621471, 6.59314584732, 21.0499534607, 48.4588508606, 15.673491478, 7.1627831459], [13.356798172, -9.6676530838, 1.95846748352, 1.68718552589, -5.8470044136, -8.7308473587, -5.78061389923, -2.37220692635, 3.56934785843, 3.62008666992, 15.673491478, 44.3458213806, 18.3865528107], [5.01814079285, -3.08990883827, -4.12689161301, 0.54561239481, -0.349732220173, -7.93049669266, -8.99953269958, -0.440454721451, -3.69608569145, 0.926545739174, 7.1627831459, 18.3865528107, 37.3010597229]]
        icov: [[0.0141904884949, 0.00529627269134, -0.00303219002672, 0.00140161986928, 0.00212030136026, -0.00015067087952, -0.00118191307411, -0.00065559608629, -0.00187427073251, 0.00365864182822, 0.000620024045929, -0.00288748834282, -0.00110370642506], [0.00529627269134, 0.00983677245677, 0.00251726713032, -0.00196473812684, 0.000212388928048, 0.00472044665366, -0.00355490716174, 0.000519605586305, 0.00213567446917, -0.00084438349586, 0.00199380493723, 6.98422445566e-05, 0.000378931144951], [-0.00303219002672, 0.00251726713032, 0.0136864790693, -0.00152344512753, -0.000381782127079, -0.00221783481538, 0.00444316584617, -0.00252780900337, 0.00304860202596, -0.00229659071192, 0.000512554135639, -0.000757083296776, 0.00335388630629], [0.00140161986928, -0.00196473812684, -0.00152344512753, 0.0197169817984, -0.00632921606302, -0.00203189463355, 0.0017620541621, 0.00185111933388, 0.000821743451525, 0.000419975171098, 0.00318421167322, -0.00388052943163, 0.000519719091244], [0.00212030136026, 0.000212388928048, -0.000381782127079, -0.00632921606302, 0.0184239763767, 0.000421590928454, -0.00164206768386, 0.00145596347284, 0.000108144777187, -0.000737102120183, -0.000728854851332, 0.00304017425515, -0.00166350975633], [-0.00015067087952, 0.00472044665366, -0.00221783481538, -0.00203189463355, 0.000421590928454, 0.0206979904324, -0.00690536899492, -0.00199528411031, 0.00125665380619, 0.00302403979003, -0.00184619124047, 0.00415238691494, 0.00126766192261], [-0.00118191307411, -0.00355490716174, 0.00444316584617, 0.0017620541621, -0.00164206768386, -0.00690536899492, 0.0202592592686, -0.00701996451244, 0.000625440152362, -0.00233774306253, 0.0031237588264, -0.00285524246283, 0.00457942206413], [-0.00065559608629, 0.000519605586305, -0.00252780900337, 0.00185111933388, 0.00145596347284, -0.00199528411031, -0.00701996451244, 0.0296089611948, -0.0119892684743, 0.00780906109139, -0.00382417486981, 0.00448428373784, -0.00478816358373], [-0.00187427073251, 0.00213567446917, 0.00304860202596, 0.000821743451525, 0.000108144777187, 0.00125665380619, 0.000625440152362, -0.0119892684743, 0.0358398146927, -0.0153262065724, 0.00386711605825, -0.00525939418003, 0.00681372638792], [0.00365864182822, -0.00084438349586, -0.00229659071192, 0.000419975171098, -0.000737102120183, 0.00302403979003, -0.00233774306253, 0.00780906109139, -0.0153262065724, 0.0316542647779, -0.0136492615566, 0.00380346830934, -0.00221688998863], [0.000620024045929, 0.00199380493723, 0.000512554135639, 0.00318421167322, -0.000728854851332, -0.00184619124047, 0.0031237588264, -0.00382417486981, 0.00386711605825, -0.0136492615566, 0.0311145652086, -0.0104765156284, 0.000312566902721], [-0.00288748834282, 6.98422445566e-05, -0.000757083296776, -0.00388052943163, 0.00304017425515, 0.00415238691494, -0.00285524246283, 0.00448428373784, -0.00525939418003, 0.00380346830934, -0.0104765156284, 0.034780703485, -0.0151054151356], [-0.00110370642506, 0.000378931144951, 0.00335388630629, 0.000519719091244, -0.00166350975633, 0.00126766192261, 0.00457942206413, -0.00478816358373, 0.00681372638792, -0.00221688998863, 0.000312566902721, -0.0151054151356, 0.0367704816163]]
    spectral_contrast:
        mean: [-9.23178902212e-08, -4.52059651934e-08, 2.94471202977e-08, -3.37112794568e-07, -2.52193501638e-07, -6.56768690988e-07, -1.24499206322e-06, -3.54765461452e-06, 2.62392131845e-06, -3.6215712953e-06, 5.45465672985e-06, -4.77253024656e-07]
        var: [0.000340839818818, 0.000588110939134, 0.000829050084576, 0.00135265663266, 0.00212938082404, 0.00245266431011, 0.0249400679022, 0.0427367798984, 0.073209784925, 0.0998800769448, 0.141002014279, 0.165525302291]

rhythm:
    beats_loudness:
        dmean: 0.00162347930018
        dmean2: 0.00243852124549
        dvar: 2.35182073993e-06
        dvar2: 6.46943135507e-06
        max: 0.012803341262
        mean: 0.00768276909366
        min: 0.00531790591776
        var: 2.68610847343e-06
    beats_loudness_bass:
        dmean: 0.012234352529
        dmean2: 0.0221081320196
        dvar: 0.00011687479855
        dvar2: 0.00034504418727
        max: 0.0572544485331
        mean: 0.0180233716965
        min: 0.0049086548388
        var: 0.000152161577716
    bpm: 110.212532043
    bpm_confidence: 0
    first_peak_bpm: 110
    first_peak_spread: 0
    first_peak_weight: 0.555555582047
    onset_rate: 1.89412438869
    second_peak_bpm: 133
    second_peak_spread: 0
    second_peak_weight: 0.388888895512
    beats_position: [0.315223395824, 0.859644591808, 1.4040658474, 1.94848704338, 2.49290823936, 3.03732943535, 3.58175086975, 4.12617206573, 4.67059326172, 5.21501398087, 5.75943517685, 6.43353796005, 6.88347625732, 7.33341550827, 7.78335428238, 8.23329353333, 8.68323230743, 9.13317203522, 9.58311080933]
    bpm_estimates: [109.57434845, 109.968521118, 111.094734192]
    bpm_intervals: [0.544421195984, 0.544421255589, 0.544421195984, 0.544421195984, 0.544421195984, 0.544421434402, 0.544421195984, 0.544421195984, 0.544420719147, 0.544421195984, 0.674102783203, 0.449938297272, 0.449939250946, 0.449938774109, 0.449939250946, 0.449938774109, 0.449939727783, 0.449938774109]
    onset_times: [0.0464399084449, 0.441179126501, 1.40480720997, 1.96208620071, 2.40326523781, 2.69351482391, 3.07664394379, 3.54104304314, 4.08671188354, 4.63238096237, 5.30575942993, 5.9675283432, 6.45514726639, 6.74539661407, 7.05886602402, 7.12852621078, 7.59292507172, 7.75546503067, 7.98766422272]
    rubato_start: [6.88347625732]
    rubato_stop: [9.58311080933]
    perceptual_tempo: "unknown"

sfx:
    inharmonicity:
        dmean: 0.0637025758624
        dmean2: 0.110042713583
        dvar: 0.00318920239806
        dvar2: 0.00921979174018
        max: 0.382065445185
        mean: 0.0860204622149
        min: 0
        var: 0.00394693017006
    oddtoevenharmonicenergyratio:
        dmean: 1.39415550232
        dmean2: 2.50944900513
        dvar: 4.06534767151
        dvar2: 11.3847284317
        max: 15.1854925156
        mean: 1.26956498623
        min: 0
        var: 3.20618081093
    pitch_after_max_to_before_max_energy_ratio: 4.04516744614
    pitch_centroid: 234.173690796
    pitch_max_to_total: 0.265116274357
    pitch_min_to_total: 0.353488385677
    tristimulus:
        dmean: [0.141981482506, 0.229122579098, 0.15302221477]
        dmean2: [0.248066946864, 0.406675547361, 0.262220472097]
        dvar: [0.0157308895141, 0.0424006767571, 0.0161135941744]
        dvar2: [0.0420970618725, 0.129935070872, 0.0444219261408]
        max: [1, 0.973370194435, 0.619882881641]
        mean: [0.242915987968, 0.507103025913, 0.188393324614]
        min: [0.0200584996492, 0, 0]
        var: [0.0197114609182, 0.0480600371957, 0.0222714617848]

tonal:
    chords_changes_rate: 0.0231481473893
    chords_number_rate: 0.00925925932825
    chords_strength:
        dmean: 0.00578994862735
        dmean2: 0.00790179055184
        dvar: 2.43209706241e-05
        dvar2: 3.12251031573e-05
        max: 0.611292898655
        mean: 0.555131196976
        min: 0.474454283714
        var: 0.000881372368895
    key_strength: 0.820931851864
    tuning_diatonic_strength: 0.68007349968
    tuning_equal_tempered_deviation: 0.0523785986006
    tuning_frequency: 438.984558105
    tuning_nontempered_energy_ratio: 0.702952980995
    hpcp:
        dmean: [0.194779336452, 0.142643615603, 0.10270896554, 0.126013860106, 0.132740303874, 0.153828024864, 0.154379591346, 0.13157966733, 0.148224234581, 0.156285554171, 0.142066836357, 0.117820218205, 0.131951630116, 0.157037958503, 0.195815265179, 0.234480291605, 0.189536392689, 0.135850384831, 0.098400592804, 0.0800754353404, 0.102640599012, 0.13867893815, 0.132960468531, 0.151591405272, 0.180090889335, 0.150673404336, 0.166418522596, 0.172011137009, 0.161165997386, 0.213443875313, 0.220615580678, 0.22004018724, 0.15180028975, 0.121259257197, 0.112956121564, 0.144665643573]
        dmean2: [0.322867304087, 0.239756017923, 0.166873678565, 0.208848893642, 0.216249406338, 0.257422178984, 0.262236207724, 0.218311920762, 0.24933706224, 0.25980681181, 0.232614949346, 0.196791142225, 0.218724966049, 0.246672019362, 0.319555193186, 0.391495585442, 0.308588802814, 0.222834169865, 0.165874898434, 0.132320329547, 0.163554891944, 0.228857949376, 0.222312763333, 0.248329266906, 0.286526232958, 0.248772636056, 0.277870327234, 0.279999613762, 0.273625910282, 0.369709134102, 0.381660848856, 0.380160868168, 0.256252288818, 0.198853299022, 0.184222266078, 0.227604210377]
        dvar: [0.0301499236375, 0.0166046358645, 0.0107328146696, 0.0157018136233, 0.017162187025, 0.0203279647976, 0.0199425667524, 0.0179437324405, 0.026070304215, 0.0222804062068, 0.0221913941205, 0.0150707252324, 0.0237548649311, 0.0247370321304, 0.0278519634157, 0.0382696948946, 0.0262757819146, 0.025327809155, 0.0172730386257, 0.00845151767135, 0.0132964644581, 0.017570162192, 0.0174579713494, 0.0170097891241, 0.0251611191779, 0.0193216074258, 0.0234173238277, 0.0258466433734, 0.0256544649601, 0.0252335630357, 0.0428156964481, 0.0264065284282, 0.0232106652111, 0.0165680926293, 0.0151848914102, 0.0167863108218]
        dvar2: [0.0694525241852, 0.0433479472995, 0.0289702881128, 0.0386218838394, 0.0386712513864, 0.0510092973709, 0.0549631267786, 0.0471265017986, 0.0663257688284, 0.0545219965279, 0.0645290315151, 0.0387514196336, 0.0594364181161, 0.0613938309252, 0.0677269473672, 0.0862125977874, 0.0608952790499, 0.0713973417878, 0.0433626249433, 0.0220465175807, 0.0371629707515, 0.0429269261658, 0.0448420345783, 0.0436105579138, 0.065640360117, 0.049217261374, 0.0623055323958, 0.0703174173832, 0.0669377297163, 0.061400461942, 0.102009482682, 0.0795400217175, 0.070580907166, 0.0438343547285, 0.0392465665936, 0.0388607978821]
        max: [1, 1, 0.844476699829, 1, 1, 1, 0.928857326508, 1, 1, 1, 1, 0.884477853775, 1, 1, 1, 1, 1, 1, 0.971456289291, 0.678130805492, 1, 1, 0.924957036972, 0.939322710037, 1, 1, 0.911306977272, 1, 1, 1, 1, 1, 1, 1, 1, 1]
        mean: [0.465032577515, 0.339757531881, 0.213523373008, 0.255173146725, 0.280437588692, 0.326734393835, 0.337813317776, 0.284561246634, 0.301883369684, 0.340095460415, 0.282995849848, 0.228352576494, 0.240651875734, 0.2749774158, 0.448529750109, 0.647890627384, 0.48998272419, 0.241719305515, 0.171914234757, 0.144995287061, 0.199023544788, 0.264029860497, 0.236891746521, 0.272593557835, 0.340076982975, 0.283825755119, 0.294319421053, 0.314247965813, 0.274905622005, 0.507373690605, 0.775620996952, 0.551809668541, 0.242471948266, 0.19533573091, 0.20563994348, 0.328241616488]
        min: [0.0827052518725, 0.0535313747823, 0.0181211810559, 0.0287371091545, 0.0237513296306, 0.0524175092578, 0.0491479150951, 0.0445863939822, 0.0310583226383, 0.0360027998686, 0.0309178829193, 0.0194491352886, 0.0252381786704, 0.0257627610117, 0.0646188631654, 0.10362368077, 0.0645265728235, 0.0306577328593, 0.0237538404763, 0.0203612018377, 0.0168238021433, 0.0205546729267, 0.0256100185215, 0.0375584587455, 0.0343446843326, 0.0286991167814, 0.0163899473846, 0.0333642661572, 0.0448801554739, 0.0669439733028, 0.142492890358, 0.123136781156, 0.0336095653474, 0.0327563397586, 0.0225378423929, 0.0671421661973]
        var: [0.0649345517159, 0.0342580117285, 0.0206550620496, 0.0284833312035, 0.0329703055322, 0.0377421528101, 0.0325912386179, 0.0261510293931, 0.0381992422044, 0.0418968498707, 0.0339331664145, 0.0251910351217, 0.0363744311035, 0.0462295971811, 0.0486057139933, 0.0664911940694, 0.0516894757748, 0.0325495414436, 0.0200123805553, 0.0115094026551, 0.0268380809575, 0.039436288178, 0.0265135392547, 0.0307542812079, 0.0480512231588, 0.0338370539248, 0.038734510541, 0.0401861220598, 0.0334001965821, 0.0484178066254, 0.0653069913387, 0.039994366467, 0.0268420297652, 0.0248038042337, 0.0239997897297, 0.0336762517691]
    chords_histogram: [80.092590332, 0, 0, 0, 0, 0, 0, 0, 0, 0, 0, 0, 0, 0, 0, 0, 0, 19.9074077606, 0, 0, 0, 0, 0, 0]
    thpcp: [1, 0.711442410946, 0.312616527081, 0.251844316721, 0.265129417181, 0.423198461533, 0.59956163168, 0.438045829535, 0.275293439627, 0.328992068768, 0.361565232277, 0.421255230904, 0.435539156199, 0.366881817579, 0.389215052128, 0.438481509686, 0.364863574505, 0.294412583113, 0.310269922018, 0.354525506496, 0.578284680843, 0.835318565369, 0.631729602814, 0.311646163464, 0.22164721787, 0.186940893531, 0.256598979235, 0.340410917997, 0.30542203784, 0.351452022791, 0.438457667828, 0.365933567286, 0.37946292758, 0.405156612396, 0.354432940483, 0.654151558876]
    chords_key: "G"
    chords_scale: "major"
    key_key: "G"
    key_scale: "major"
    chords_progression: ["Gm", "Gm", "Gm", "Gm", "Gm", "Gm", "Gm", "Gm", "Gm", "Gm", "Gm", "Gm", "Gm", "Gm", "Gm", "Gm", "Gm", "Gm", "Gm", "Gm", "Gm", "Gm", "Gm", "G", "G", "G", "G", "G", "G", "G", "G", "G", "G", "G", "G", "G", "G", "G", "G", "G", "G", "G", "G", "G", "G", "G", "G", "G", "G", "G", "G", "G", "G", "G", "G", "G", "G", "G", "G", "G", "G", "G", "G", "G", "G", "G", "G", "G", "G", "G", "G", "G", "G", "G", "G", "G", "G", "G", "G", "G", "G", "G", "G", "G", "G", "G", "G", "G", "G", "G", "G", "G", "G", "G", "G", "G", "G", "G", "G", "G", "G", "G", "G", "G", "G", "G", "G", "G", "G", "G", "G", "G", "G", "G", "G", "G", "G", "G", "G", "G", "G", "G", "G", "G", "G", "G", "G", "G", "G", "G", "G", "G", "G", "G", "G", "G", "G", "G", "G", "G", "G", "G", "G", "G", "G", "G", "G", "G", "G", "G", "G", "G", "G", "G", "G", "G", "G", "G", "G", "G", "G", "G", "G", "G", "G", "G", "G", "Gm", "G", "Gm", "Gm", "Gm", "Gm", "Gm", "Gm", "Gm", "Gm", "Gm", "Gm", "Gm", "Gm", "Gm", "Gm", "Gm", "Gm", "Gm", "Gm", "Gm", "G", "G", "G", "G", "G", "G", "G", "G", "G", "G", "G", "G", "G", "G", "G", "G", "G", "G", "G", "G", "G", "G", "G", "G", "G", "G", "G", "G"]
