
metadata:
    version:
        essentia: "1.2.2"
    audio_properties:
        analysis_sample_rate: 44100
        bitrate: 128
        channels: 2
        equal_loudness: 1
        length: 10.0832653046
        replay_gain: -4.63690376282
        downmix: "mix"
    tags:
        track: 24
        year: 0
        album: "Splitted by Mp3Splt v. 2.1"
        artist: "From 003.50 To 004.00"
        comment: "http://mp3splt.sf.net"
        genre: ""
        title: "01 Hold on to What-.mp3"

highlevel:
    ballroom:
        all:
            ChaChaCha: 0.0191970486194
            Jive: 0.0133969448507
            Quickstep: 0.0462508201599
            Rumba-American: 0.0266611464322
            Rumba-International: 0.613476276398
            Rumba-Misc: 0.131060570478
            Samba: 0.0162866860628
            Tango: 0.0125985071063
            VienneseWaltz: 0.0408119149506
            Waltz: 0.0802600607276
        probability: 0.613476276398
        value: "Rumba-International"
    culture:
        all:
            non_western: 0.568252384663
            western: 0.431747615337
        probability: 0.568252384663
        value: "non_western"
    gender:
        all:
            female: 0.613624691963
            male: 0.386375337839
        probability: 0.613624691963
        value: "female"
    genre_dortmund:
        all:
            alternative: 0.0884246751666
            blues: 0.0461987704039
            electronic: 0.0278483703732
            folkcountry: 0.284567981958
            funksoulrnb: 0.0297816265374
            jazz: 0.198855519295
            pop: 0.0688782557845
            raphiphop: 0.00421706959605
            rock: 0.251227736473
        probability: 0.284567981958
        value: "folkcountry"
    genre_electronica:
        all:
            ambient: 0.9015879035
            dnb: 0.0231127273291
            house: 0.0382077470422
            techno: 0.00481829652563
            trance: 0.0322733186185
        probability: 0.9015879035
        value: "ambient"
    genre_rosamerica:
        all:
            cla: 0.0182908307761
            dan: 0.0292584188282
            hip: 0.00383777357638
            jaz: 0.0275746043772
            pop: 0.515240073204
            rhy: 0.376583814621
            roc: 0.0263255368918
            spe: 0.00288892281242
        probability: 0.515240073204
        value: "pop"
    genre_tzanetakis:
        all:
            blu: 0.0113632455468
            cla: 0.0169436596334
            cou: 0.119235016406
            dis: 0.0411105006933
            hip: 0.0162105187774
            jaz: 0.0169876683503
            met: 0.00569346128032
            pop: 0.612870573997
            reg: 0.0699083358049
            roc: 0.0896770432591
        probability: 0.612870573997
        value: "pop"
    live_studio:
        all:
            live: 0.0375338830054
            studio: 0.96246612072
        probability: 0.96246612072
        value: "studio"
    mood:
        all:
            Cluster1: 0.200157687068
            Cluster2: 0.0962811931968
            Cluster3: 0.574583590031
            Cluster4: 0.0715297758579
            Cluster5: 0.0574477426708
        probability: 0.574583590031
        value: "Cluster3"
    mood_acoustic:
        all:
            acoustic: 0.663965582848
            not_acoustic: 0.33603438735
        probability: 0.663965582848
        value: "acoustic"
    mood_aggressive:
        all:
            aggressive: 0.023329095915
            not_aggressive: 0.976670920849
        probability: 0.976670920849
        value: "not_aggressive"
    mood_electronic:
        all:
            electronic: 0.29479137063
            not_electronic: 0.705208659172
        probability: 0.705208659172
        value: "not_electronic"
    mood_happy:
        all:
            happy: 0.0850243195891
            not_happy: 0.914975702763
        probability: 0.914975702763
        value: "not_happy"
    mood_party:
        all:
            not_party: 0.952560424805
            party: 0.04743957147
        probability: 0.952560424805
        value: "not_party"
    mood_relaxed:
        all:
            not_relaxed: 0.0138176362962
            relaxed: 0.986182391644
        probability: 0.986182391644
        value: "relaxed"
    mood_sad:
        all:
            not_sad: 0.173504918814
            sad: 0.826495110989
        probability: 0.826495110989
        value: "sad"
    rhythm:
        all:
            fast: 0.0209659393877
            medium: 0.398178040981
            slow: 0.580856025219
        probability: 0.580856025219
        value: "slow"
    speech_music:
        all:
            music: 0.993786931038
            speech: 0.00621307501569
        probability: 0.993786931038
        value: "music"
    timbre:
        all:
            bright: 0.982806921005
            dark: 0.01719308272
        probability: 0.982806921005
        value: "bright"
    voice_instrumental:
        all:
            instrumental: 0.0822181552649
            voice: 0.917781829834
        probability: 0.917781829834
        value: "voice"

lowlevel:
    average_loudness: 0.88618439436
    barkbands_kurtosis:
        dmean: 5.36232614517
        dmean2: 8.38161373138
        dvar: 93.5752487183
        dvar2: 227.59387207
        max: 96.2595214844
        mean: 17.7350711823
        min: -1.87505364418
        var: 553.69543457
    barkbands_skewness:
        dmean: 0.58105558157
        dmean2: 0.874072849751
        dvar: 0.520813524723
        dvar2: 1.25704097748
        max: 7.67504262924
        mean: 2.32511544228
        min: -1.13590466976
        var: 4.53409004211
    barkbands_spread:
        dmean: 3.52466607094
        dmean2: 5.38234472275
        dvar: 41.2543640137
        dvar2: 86.1779632568
        max: 74.1421585083
        mean: 13.1060934067
        min: 0.879733383656
        var: 185.46270752
    dissonance:
        dmean: 0.0294137075543
        dmean2: 0.0483540035784
        dvar: 0.00110343936831
        dvar2: 0.00215434539132
        max: 0.497575461864
        mean: 0.404031902552
        min: 0.0617182478309
        var: 0.0049265618436
    hfc:
        dmean: 0.922108590603
        dmean2: 1.32280528545
        dvar: 4.96129751205
        dvar2: 10.681930542
        max: 35.8222541809
        mean: 2.94354486465
        min: 0.0017672390677
        var: 17.8930130005
    pitch:
        dmean: 359.359588623
        dmean2: 695.352294922
        dvar: 1033074.375
        dvar2: 2750089.75
        max: 4900
        mean: 411.572845459
        min: 57.7981643677
        var: 781733.75
    pitch_instantaneous_confidence:
        dmean: 0.0700213015079
        dmean2: 0.112187638879
        dvar: 0.0055347615853
        dvar2: 0.0141106247902
        max: 0.885771751404
        mean: 0.521586179733
        min: 0.184022009373
        var: 0.0226586647332
    pitch_salience:
        dmean: 0.0495189018548
        dmean2: 0.0804269686341
        dvar: 0.00171597278677
        dvar2: 0.00450921896845
        max: 0.869834721088
        mean: 0.614349842072
        min: 0.346286267042
        var: 0.0113129075617
    silence_rate_20dB:
        dmean: 0
        dmean2: 0
        dvar: 0
        dvar2: 0
        max: 1
        mean: 1
        min: 1
        var: 0
    silence_rate_30dB:
        dmean: 0
        dmean2: 0
        dvar: 0
        dvar2: 0
        max: 1
        mean: 1
        min: 1
        var: 0
    silence_rate_60dB:
        dmean: 0.055299539119
        dmean2: 0.110854506493
        dvar: 0.0522412769496
        dvar2: 0.107802890241
        max: 1
        mean: 0.618390798569
        min: 0
        var: 0.23598228395
    spectral_centroid:
        dmean: 124.95349884
        dmean2: 191.836746216
        dvar: 59259.5
        dvar2: 124345.734375
        max: 3762.57446289
        mean: 622.156311035
        min: 165.511489868
        var: 248119.484375
    spectral_complexity:
        dmean: 1.10416662693
        dmean2: 1.76102089882
        dvar: 2.90351271629
        dvar2: 6.01014947891
        max: 28
        mean: 6.90993070602
        min: 0
        var: 20.0126724243
    spectral_crest:
        dmean: 1.67079377174
        dmean2: 2.73495125771
        dvar: 2.58908081055
        dvar2: 6.77858829498
        max: 21.8139266968
        mean: 11.3016014099
        min: 2.94639444351
        var: 15.1218223572
    spectral_decrease:
        dmean: 2.02284203277e-10
        dmean2: 2.98099933627e-10
        dvar: 1.00325796128e-19
        dvar2: 2.21412675333e-19
        max: -2.15650780111e-13
        mean: -8.32706736897e-10
        min: -5.20211118626e-09
        var: 4.67804499105e-19
    spectral_energy:
        dmean: 0.000836146995425
        dmean2: 0.00122102932073
        dvar: 1.76382025074e-06
        dvar2: 3.8256280277e-06
        max: 0.0211604107171
        mean: 0.00340981525369
        min: 9.7420900147e-07
        var: 8.48107356433e-06
    spectral_energyband_high:
        dmean: 5.81361782679e-05
        dmean2: 8.73111275723e-05
        dvar: 4.6187441427e-08
        dvar2: 8.91385028012e-08
        max: 0.00321210268885
        mean: 8.56998667587e-05
        min: 1.23853451939e-08
        var: 7.9698033062e-08
    spectral_energyband_low:
        dmean: 0.000142544551636
        dmean2: 0.000242230686126
        dvar: 1.11025073579e-07
        dvar2: 3.03528310042e-07
        max: 0.00304230954498
        mean: 0.000296268583043
        min: 2.14631199924e-07
        var: 1.0288844976e-07
    spectral_energyband_middle_high:
        dmean: 0.000305537192617
        dmean2: 0.000450657651527
        dvar: 4.6854069069e-07
        dvar2: 9.70250880528e-07
        max: 0.0100501244888
        mean: 0.000982020050287
        min: 8.17013656729e-08
        var: 2.66083407041e-06
    spectral_energyband_middle_low:
        dmean: 0.000564846443012
        dmean2: 0.000887027068529
        dvar: 8.25511676794e-07
        dvar2: 2.17170872929e-06
        max: 0.0131683535874
        mean: 0.00204581790604
        min: 4.19383781036e-07
        var: 2.16750800064e-06
    spectral_flatness_db:
        dmean: 0.021322524175
        dmean2: 0.0299715828151
        dvar: 0.000782797171269
        dvar2: 0.00144306616858
        max: 0.496843606234
        mean: 0.251103073359
        min: 0.0785836055875
        var: 0.00970712397248
    spectral_flux:
        dmean: 0.00587306544185
        dmean2: 0.00901140831411
        dvar: 5.86890892009e-05
        dvar2: 0.000120764125313
        max: 0.104580357671
        mean: 0.0214167460799
        min: 0.000962818332482
        var: 0.000279118015897
    spectral_kurtosis:
        dmean: 5.74766302109
        dmean2: 8.14838314056
        dvar: 123.649795532
        dvar2: 249.438858032
        max: 163.351119995
        mean: 17.9877128601
        min: -0.382693529129
        var: 781.433227539
    spectral_rms:
        dmean: 0.000201692892006
        dmean2: 0.00029433061718
        dvar: 6.0382305378e-08
        dvar2: 1.26086732166e-07
        max: 0.00454360013828
        mean: 0.00169268331956
        min: 3.08293347189e-05
        var: 4.61470165192e-07
    spectral_rolloff:
        dmean: 257.002563477
        dmean2: 451.547393799
        dvar: 436484.46875
        dvar2: 908512.125
        max: 5534.03320312
        mean: 1106.99963379
        min: 193.798828125
        var: 1443576.875
    spectral_skewness:
        dmean: 0.468662202358
        dmean2: 0.62585246563
        dvar: 0.512916266918
        dvar2: 0.911344826221
        max: 11.2828130722
        mean: 3.07631492615
        min: 0.336773246527
        var: 4.10844707489
    spectral_spread:
        dmean: 863428.25
        dmean2: 1062986.75
        dvar: 1.17309099213e+12
        dvar2: 1.78505436365e+12
        max: 18201506
        mean: 4800862
        min: 583177.125
        var: 5.40715882906e+12
    spectral_strongpeak:
        dmean: 0.234195262194
        dmean2: 0.387144297361
        dvar: 0.259099721909
        dvar2: 0.556564986706
        max: 8.69864749908
        mean: 0.596465051174
        min: 0.000289180286927
        var: 0.956896781921
    zerocrossingrate:
        dmean: 0.00644373008981
        dmean2: 0.00728343427181
        dvar: 9.55199066084e-05
        dvar2: 0.000100979472336
        max: 0.18798828125
        mean: 0.0405217036605
        min: 0.0048828125
        var: 0.000853343575727
    barkbands:
        dmean: [3.71084780681e-07, 6.65313200443e-05, 8.69840878295e-05, 0.000148971565068, 0.000315901299473, 0.000136316069984, 4.81459610455e-05, 0.000119384312711, 9.19256272027e-05, 0.000100045646832, 6.65022598696e-05, 8.3899256424e-05, 2.32076963584e-05, 1.21826542454e-05, 5.97095686317e-06, 1.04999744508e-05, 2.52541158261e-05, 5.16380241606e-05, 8.15720413812e-05, 3.51463277184e-05, 2.82639284706e-05, 1.18452553579e-05, 3.82980124414e-06, 1.18491198009e-06, 9.94523247755e-07, 3.53257689767e-08, 3.96185084739e-10]
        dmean2: [6.38469657588e-07, 0.000114210473839, 0.000152123175212, 0.000260366126895, 0.000518679327797, 0.00021258291963, 6.99508600519e-05, 0.000167911144672, 0.000136357994052, 0.000137786875712, 0.000102087135019, 0.000129090811242, 3.54707626684e-05, 1.93199048226e-05, 8.92507523531e-06, 1.72749205376e-05, 3.74500486942e-05, 8.76034027897e-05, 0.000126350598293, 5.65277478017e-05, 4.37314956798e-05, 1.69484701473e-05, 4.85634018332e-06, 1.72740715243e-06, 1.37120912314e-06, 4.87037929986e-08, 6.27369600714e-10]
        dvar: [2.43123533458e-12, 4.89754334865e-08, 3.32314726847e-08, 1.69497539559e-07, 2.36649185581e-07, 6.7490432798e-08, 9.29786736492e-09, 9.0640163819e-08, 5.26612815577e-08, 1.00035840944e-07, 4.02067286132e-08, 7.10628498268e-08, 2.69066946501e-09, 1.72581082758e-09, 1.79424211599e-10, 3.96009391945e-10, 4.70668171104e-09, 1.13952092207e-08, 1.22563534433e-07, 1.32813973153e-08, 1.16600062938e-08, 2.20389506644e-09, 1.76390291262e-10, 2.37436806327e-11, 5.52197220241e-12, 4.75498800897e-15, 2.42132308907e-18]
        dvar2: [6.14886223535e-12, 1.37549704959e-07, 9.45694083043e-08, 4.95069173212e-07, 6.37524863123e-07, 1.95860678787e-07, 1.94489668814e-08, 1.71188929698e-07, 1.13625063136e-07, 1.53781172685e-07, 9.81321051086e-08, 1.43945911191e-07, 4.92180962652e-09, 3.39071526412e-09, 3.00624636296e-10, 1.01560015953e-09, 1.09224282951e-08, 2.81068643915e-08, 2.88532334025e-07, 2.78355241079e-08, 2.6228780925e-08, 4.56374671387e-09, 2.75349520962e-10, 3.51170204027e-11, 9.49199659844e-12, 9.10430991664e-15, 5.93438520677e-18]
        max: [1.32199538712e-05, 0.00228211493231, 0.00143555365503, 0.00568031938747, 0.00471812533215, 0.00253952783532, 0.00119701493531, 0.0056865401566, 0.0028416684363, 0.00574472919106, 0.00303615629673, 0.00418823072687, 0.000855867634527, 0.00057664263295, 0.000180027185706, 0.000195457236259, 0.000975998991635, 0.00100043334533, 0.00627824943513, 0.00142520642839, 0.00165139406454, 0.000701870420016, 0.000238333814195, 9.78664465947e-05, 3.36070334015e-05, 7.77989953349e-07, 2.11848441012e-08]
        mean: [3.31217819394e-07, 8.35748141981e-05, 0.000212372702663, 0.000286726921331, 0.000836792751215, 0.00031514748116, 9.06061250134e-05, 0.000269627897069, 0.000241971458308, 0.000278021791019, 0.000113433190563, 0.00014709039533, 5.12828664796e-05, 1.80487841135e-05, 1.06818388304e-05, 2.17314736801e-05, 5.04726158397e-05, 9.36716169235e-05, 0.000180296803592, 4.68622674816e-05, 3.62863138434e-05, 1.58238326549e-05, 5.25005225427e-06, 1.93373966795e-06, 1.71684882844e-06, 6.0905023247e-08, 3.47664258493e-10]
        min: [4.47297546224e-11, 9.09331205889e-08, 1.09369381107e-07, 1.27418914531e-07, 2.24464216103e-07, 5.33893569354e-08, 6.32412699986e-09, 1.43513578799e-09, 5.28316856929e-09, 3.71868358329e-09, 4.28918278672e-09, 7.10650382985e-09, 5.26145926827e-09, 2.44083997458e-09, 1.96848692902e-09, 2.56850052338e-09, 7.38890559848e-10, 3.8989380613e-09, 7.62000063048e-09, 5.924800206e-09, 5.05977615362e-09, 1.40532752102e-09, 3.01050046003e-10, 2.7745780673e-10, 2.20180235155e-10, 8.33702724912e-12, 8.24990791827e-13]
        var: [1.86530261723e-12, 3.20925934716e-08, 4.98182259889e-08, 1.16889715684e-07, 3.88032418641e-07, 1.74447265522e-07, 2.56722749725e-08, 4.39078746695e-07, 2.51010391139e-07, 8.09683228908e-07, 9.67852500366e-08, 1.77159265036e-07, 8.49177972384e-09, 3.10479353338e-09, 4.54012771822e-10, 1.1549504686e-09, 1.36554163532e-08, 2.85870989103e-08, 3.16736219474e-07, 1.79891372909e-08, 1.66011435709e-08, 3.65626351417e-09, 3.79262898864e-10, 4.9305566574e-11, 1.27195840666e-11, 1.06907280879e-14, 1.42722859584e-18]
    mfcc:
        mean: [-828.98626709, 157.107498169, 5.82202243805, 56.3396263123, -8.32263469696, -10.5376825333, 7.91157722473, -3.50414252281, -8.96967792511, -18.3859996796, -4.67482376099, -10.2697782516, -9.10306072235]
        cov: [[15159.9306641, -4184.33251953, -3785.19824219, -2235.50561523, -1295.43847656, -598.288085938, 51.6456947327, 579.678710938, 201.723358154, 77.8940887451, 539.69329834, 198.388442993, 265.211212158], [-4184.33251953, 2220.78222656, 654.254272461, 225.614318848, 221.529586792, 7.14849615097, 91.0473709106, -164.020004272, -62.5125312805, -58.7063903809, -112.109214783, -66.52003479, -15.2088623047], [-3785.19824219, 654.254272461, 1393.30175781, 686.433227539, 345.284393311, 232.121887207, -72.9675750732, -165.696289062, -48.9756546021, -1.19055557251, -191.350311279, -8.41898441315, -63.4137229919], [-2235.50561523, 225.614318848, 686.433227539, 737.843811035, 296.46194458, 161.575653076, -85.1198577881, -101.38973999, -45.9793205261, -3.61625218391, -106.067001343, -15.0583620071, -75.0111694336], [-1295.43847656, 221.529586792, 345.284393311, 296.46194458, 288.272125244, 64.6275482178, -11.0547561646, -60.6038551331, -10.0528974533, 10.2376642227, -47.6579818726, -19.617231369, -67.1693649292], [-598.288085938, 7.14849615097, 232.121887207, 161.575653076, 64.6275482178, 165.496231079, -18.3337917328, -28.3635959625, -7.3195066452, 0.911717236042, -36.2901725769, -23.0277633667, -15.1387281418], [51.6456947327, 91.0473709106, -72.9675750732, -85.1198577881, -11.0547561646, -18.3337917328, 148.793212891, 27.085401535, 3.276876688, -4.17030572891, 47.5856132507, 11.3261947632, 3.52517104149], [579.678710938, -164.020004272, -165.696289062, -101.38973999, -60.6038551331, -28.3635959625, 27.085401535, 99.2296066284, 22.2413253784, 7.20028877258, 39.0604095459, 8.22113418579, 9.76068496704], [201.723358154, -62.5125312805, -48.9756546021, -45.9793205261, -10.0528974533, -7.3195066452, 3.276876688, 22.2413253784, 70.9848937988, 34.2375564575, 11.3167648315, -0.36941114068, -5.50998735428], [77.8940887451, -58.7063903809, -1.19055557251, -3.61625218391, 10.2376642227, 0.911717236042, -4.17030572891, 7.20028877258, 34.2375564575, 79.3354415894, 14.1592283249, 7.91785335541, 1.3977792263], [539.69329834, -112.109214783, -191.350311279, -106.067001343, -47.6579818726, -36.2901725769, 47.5856132507, 39.0604095459, 11.3167648315, 14.1592283249, 96.3442077637, -1.29422199726, 12.0458335876], [198.388442993, -66.52003479, -8.41898441315, -15.0583620071, -19.617231369, -23.0277633667, 11.3261947632, 8.22113418579, -0.36941114068, 7.91785335541, -1.29422199726, 94.1909790039, 17.541469574], [265.211212158, -15.2088623047, -63.4137229919, -75.0111694336, -67.1693649292, -15.1387281418, 3.52517104149, 9.76068496704, -5.50998735428, 1.3977792263, 12.0458335876, 17.541469574, 69.6725540161]]
        icov: [[0.000944464060012, 0.00120473396964, 0.00138180190697, 0.000930741080083, 0.000583707296755, 0.000238335764152, 0.000208158380701, 0.000153359404067, -8.44641108415e-05, 3.07971677103e-05, 0.000134690970299, -0.000659793731757, -0.0003543884377], [0.00120473396964, 0.00223058694974, 0.00144945713691, 0.00129307503812, 0.000477139226859, 0.000917164550629, -0.000529559096321, 0.000905587337911, -4.35200636275e-05, 0.000292469543638, 0.0006999753532, -0.000161829637364, -0.000917920842767], [0.00138180190697, 0.00144945713691, 0.00397947942838, 0.000346576736774, 0.000356606207788, -0.000852950732224, 7.70276237745e-05, 0.00080058950698, -0.000142063581734, -0.00042823588592, 0.0018921752926, -0.00146622827742, -0.000866577436682], [0.000930741080083, 0.00129307503812, 0.000346576736774, 0.00457639805973, -0.00156770087779, -0.000929952773731, 0.00152250262909, 0.000123910998809, 0.00127838179469, 0.000121197415865, -0.000167844613316, -0.00114988943096, 0.000591231975704], [0.000583707296755, 0.000477139226859, 0.000356606207788, -0.00156770087779, 0.00813576392829, 0.000501029018778, -0.000985996797681, 0.00143364886753, -0.000134310786962, -0.00156099372543, 9.23825864447e-05, 2.69019456027e-05, 0.00431831832975], [0.000238335764152, 0.000917164550629, -0.000852950732224, -0.000929952773731, 0.000501029018778, 0.00928879342973, -0.00109755562153, 0.000432156812167, -0.000267089140834, -0.000246205192525, 0.00134146714117, 0.00259407935664, -0.000889464165084], [0.000208158380701, -0.000529559096321, 7.70276237745e-05, 0.00152250262909, -0.000985996797681, -0.00109755562153, 0.00993746239692, -0.00194442819338, 8.54284953675e-05, 0.00145567173604, -0.0053423657082, -0.00242280727252, 0.000893056974746], [0.000153359404067, 0.000905587337911, 0.00080058950698, 0.000123910998809, 0.00143364886753, 0.000432156812167, -0.00194442819338, 0.0152713702992, -0.00348297972232, 0.000787724857219, -0.00216238177381, -0.00041479661013, 9.80297045317e-05], [-8.44641108415e-05, -4.35200636275e-05, -0.000142063581734, 0.00127838179469, -0.000134310786962, -0.000267089140834, 8.54284953675e-05, -0.00348297972232, 0.0202956218272, -0.00866645388305, 0.00124719284941, 0.000763734045904, 0.00322616496123], [3.07971677103e-05, 0.000292469543638, -0.00042823588592, 0.000121197415865, -0.00156099372543, -0.000246205192525, 0.00145567173604, 0.000787724857219, -0.00866645388305, 0.0176218096167, -0.0037958836183, -0.00169948092662, -0.00200983579271], [0.000134690970299, 0.0006999753532, 0.0018921752926, -0.000167844613316, 9.23825864447e-05, 0.00134146714117, -0.0053423657082, -0.00216238177381, 0.00124719284941, -0.0037958836183, 0.0187138039619, 0.0023971197661, -0.00152883958071], [-0.000659793731757, -0.000161829637364, -0.00146622827742, -0.00114988943096, 2.69019456027e-05, 0.00259407935664, -0.00242280727252, -0.00041479661013, 0.000763734045904, -0.00169948092662, 0.0023971197661, 0.0132801150903, -0.00298951147124], [-0.0003543884377, -0.000917920842767, -0.000866577436682, 0.000591231975704, 0.00431831832975, -0.000889464165084, 0.000893056974746, 9.80297045317e-05, 0.00322616496123, -0.00200983579271, -0.00152883958071, -0.00298951147124, 0.0205727163702]]
    spectral_contrast:
        mean: [7.4445580367e-08, -4.41528626993e-08, -1.22078532172e-07, -2.16669079123e-07, 5.98330643697e-07, -1.30514212771e-08, 1.16318531695e-07, -7.39070060263e-07, 8.21800767881e-07, -2.15485238186e-06, -2.90562320515e-06, 2.83789700006e-06]
        var: [0.0007069921121, 0.000793690269347, 0.00165037368424, 0.0025878965389, 0.00407212972641, 0.00684536481276, 0.0650790631771, 0.108767189085, 0.166155338287, 0.238702088594, 0.514789879322, 7.27513980865]

rhythm:
    beats_loudness:
        dmean: 0.00205113179982
        dmean2: 0.00349734723568
        dvar: 3.36715584126e-06
        dvar2: 1.02817393781e-05
        max: 0.0111039793119
        mean: 0.0043390346691
        min: 0.00115852698218
        var: 1.04523251139e-05
    beats_loudness_bass:
        dmean: 0.110325075686
        dmean2: 0.188679099083
        dvar: 0.0114610120654
        dvar2: 0.017370082438
        max: 0.479927182198
        mean: 0.208459213376
        min: 0.0100717591122
        var: 0.0263173468411
    bpm: 124.573646545
    bpm_confidence: 0
    first_peak_bpm: 124
    first_peak_spread: 0
    first_peak_weight: 0.947368383408
    onset_rate: 4.46284008026
    second_peak_bpm: 114
    second_peak_spread: 0
    second_peak_weight: 0.0526315793395
    beats_position: [0.350152820349, 0.832593619823, 1.3150343895, 1.79747521877, 2.27991604805, 2.76235675812, 3.2447977066, 3.72723841667, 4.20967912674, 4.69212007523, 5.17456102371, 5.6570019722, 6.18110370636, 6.66195583344, 7.14280796051, 7.62366008759, 8.10451221466, 8.58536434174, 9.06621551514, 9.54706859589]
    bpm_estimates: [124.663597107, 124.291786194, 123.875694275, 124.378211975, 124.161483765, 124.389678955, 124.197486877, 124.989067078, 124.779037476, 124.438491821, 124.875747681, 124.851753235, 124.833023071, 124.773101807, 125.207366943, 124.47278595]
    bpm_intervals: [0.482440799475, 0.482440769672, 0.482440829277, 0.482440829277, 0.482440710068, 0.482440948486, 0.482440710068, 0.482440710068, 0.482440948486, 0.482440948486, 0.482440948486, 0.524101734161, 0.480852127075, 0.480852127075, 0.480852127075, 0.480852127075, 0.480852127075, 0.480851173401, 0.48085308075]
    onset_times: [0.0464399084449, 0.31346938014, 0.719818592072, 0.952018141747, 1.25387752056, 1.30031740665, 1.53251695633, 2.0549659729, 2.26394557953, 2.51936507225, 2.73995471001, 3.14630389214, 3.25079369545, 3.42494320869, 3.49460315704, 3.73841261864, 3.94739222527, 4.19120168686, 4.46984148026, 4.7020406723, 5.49151945114, 5.68888902664, 5.89786863327, 6.13006782532, 6.33904743195, 6.52480745316, 6.64090681076, 7.04725646973, 7.12852621078, 7.31428575516, 7.34911584854, 7.38394546509, 7.6277551651, 7.80190467834, 8.0224943161, 8.103764534, 8.38240337372, 8.59138298035, 9.0093421936, 9.05578231812, 9.0906124115, 9.31120204926, 9.5666217804, 9.78721046448, 10.0310201645]
    rubato_start: []
    rubato_stop: []
    perceptual_tempo: "unknown"

sfx:
    inharmonicity:
        dmean: 0.0289048664272
        dmean2: 0.0540984794497
        dvar: 0.00214238278568
        dvar2: 0.00613706884906
        max: 0.439412981272
        mean: 0.0246510058641
        min: 0
        var: 0.00154783856124
    oddtoevenharmonicenergyratio:
        dmean: 5.43215990067
        dmean2: 10.6538152695
        dvar: 1728.42138672
        dvar2: 5173.66601562
        max: 558.226379395
        mean: 3.12806558609
        min: 0
        var: 870.432373047
    pitch_after_max_to_before_max_energy_ratio: 1.21737134457
    pitch_centroid: 190.999435425
    pitch_max_to_total: 0.41108545661
    pitch_min_to_total: 0.852194011211
    tristimulus:
        dmean: [0.221318364143, 0.224261641502, 0.0477867685258]
        dmean2: [0.398794829845, 0.403733491898, 0.0823073834181]
        dvar: [0.0536912195385, 0.0557523071766, 0.00534597458318]
        dvar2: [0.155109867454, 0.162556216121, 0.0127873905003]
        max: [1, 0.981558084488, 0.638154566288]
        mean: [0.488836586475, 0.435086607933, 0.0532944537699]
        min: [0.00256111868657, 0, 0]
        var: [0.0706391185522, 0.0733560547233, 0.00613387813792]

tonal:
    chords_changes_rate: 0.0275229364634
    chords_number_rate: 0.0229357797652
    chords_strength:
        dmean: 0.00760173425078
        dmean2: 0.00543207349256
        dvar: 4.84871161461e-05
        dvar2: 3.33808930009e-05
        max: 0.731891691685
        mean: 0.517525970936
        min: 0.325150847435
        var: 0.0124216014519
    key_strength: 0.882218599319
    tuning_diatonic_strength: 0.650578200817
    tuning_equal_tempered_deviation: 0.0558498464525
    tuning_frequency: 441.782684326
    tuning_nontempered_energy_ratio: 0.635438024998
    hpcp:
        dmean: [0.0911787599325, 0.115108445287, 0.148564532399, 0.0994127616286, 0.105899780989, 0.0365074947476, 0.015343782492, 0.0232880692929, 0.0575694739819, 0.0622613653541, 0.063611254096, 0.03385380283, 0.0224648304284, 0.045552752912, 0.075767852366, 0.0777633339167, 0.0743817538023, 0.0659252032638, 0.0455795936286, 0.0492041893303, 0.0520971007645, 0.0482622981071, 0.0592731311917, 0.120202422142, 0.138811692595, 0.0884707719088, 0.030218353495, 0.0198923032731, 0.0271711759269, 0.0408163331449, 0.0431555882096, 0.0363343171775, 0.0332572571933, 0.0347132720053, 0.0575359277427, 0.109603151679]
        dmean2: [0.156427890062, 0.208974674344, 0.266958355904, 0.166517987847, 0.172761753201, 0.0623575933278, 0.0248195398599, 0.0404904671013, 0.0976407453418, 0.0913939625025, 0.0993041843176, 0.0586791448295, 0.0393241643906, 0.0816823095083, 0.134712532163, 0.12955661118, 0.123792223632, 0.113673008978, 0.0662272647023, 0.0776074379683, 0.0882167890668, 0.0806819275022, 0.0961812213063, 0.188832074404, 0.229440107942, 0.145757779479, 0.0531458891928, 0.0357856191695, 0.0492907501757, 0.0743140503764, 0.0713739097118, 0.0588003434241, 0.0565197132528, 0.0654158517718, 0.106178708375, 0.187444582582]
        dvar: [0.0320549979806, 0.0356382876635, 0.0394757427275, 0.0364882871509, 0.0219574421644, 0.00486799096689, 0.0029876511544, 0.00749981123954, 0.01901566796, 0.0197370741516, 0.0169055387378, 0.0128158628941, 0.00498938560486, 0.0127873532474, 0.0232901312411, 0.0248270723969, 0.021447552368, 0.0231377799064, 0.0115362536162, 0.0109644690529, 0.0199976358563, 0.0198138635606, 0.0147716747597, 0.0164295490831, 0.0310114510357, 0.0138282943517, 0.00468343961984, 0.00262396479957, 0.00771245686337, 0.0184454228729, 0.0126068880782, 0.00647553103045, 0.00747659662738, 0.0104392291978, 0.0220920685679, 0.0440563075244]
        dvar2: [0.0787828117609, 0.10361174494, 0.116027988493, 0.0758886933327, 0.0481889545918, 0.0122865494341, 0.0058197346516, 0.019882734865, 0.0467153005302, 0.0369803719223, 0.0371881425381, 0.0359273813665, 0.0135112535208, 0.0366356223822, 0.0658414214849, 0.0569333396852, 0.0534200519323, 0.0690296962857, 0.0229793582112, 0.0264204293489, 0.0516207627952, 0.0488727800548, 0.0392200872302, 0.0367413647473, 0.0731573179364, 0.0359344184399, 0.0120958453044, 0.00746666966006, 0.0220297891647, 0.0531844049692, 0.0339958630502, 0.0168735478073, 0.0175798200071, 0.0333820655942, 0.0725721046329, 0.117265000939]
        max: [1, 1, 1, 1, 1, 0.544794678688, 0.572791397572, 0.689156472683, 1, 1, 1, 1, 0.604724943638, 0.859988212585, 1, 1, 0.991728365421, 1, 1, 0.898495614529, 1, 1, 0.996438086033, 1, 1, 1, 0.610342741013, 0.330178171396, 0.636925399303, 1, 0.902097046375, 1, 1, 0.872880101204, 1, 1]
        mean: [0.191657587886, 0.136597499251, 0.250487595797, 0.442012786865, 0.274682432413, 0.0366378687322, 0.0147922877222, 0.0208314359188, 0.166244506836, 0.332323938608, 0.200106084347, 0.0324043817818, 0.0247416906059, 0.0463112555444, 0.128833159804, 0.163059219718, 0.100662313402, 0.0977747663856, 0.116863422096, 0.0675848051906, 0.0594951286912, 0.0832878351212, 0.0723579004407, 0.29705324769, 0.504557728767, 0.25897192955, 0.0296047776937, 0.020064195618, 0.0233349390328, 0.0418103933334, 0.0561268627644, 0.0656620785594, 0.0696109682322, 0.0457714125514, 0.0490448102355, 0.145044758916]
        min: [6.93549418429e-06, 0, 0, 0, 0, 0, 0, 0, 0, 0, 0, 0, 0, 0, 3.80355522793e-05, 1.21712737382e-05, 0.00033288935083, 7.73235933593e-06, 9.02524789126e-06, 1.92394527403e-05, 2.3785747544e-05, 2.15416166611e-05, 1.02429576145e-05, 0, 0, 0, 0, 0, 7.68322115619e-06, 2.05974356504e-05, 3.0511399018e-05, 1.66577192431e-05, 0, 3.15287870762e-05, 5.26879011886e-06, 5.26621442987e-06]
        var: [0.0962587669492, 0.0508193783462, 0.0677851065993, 0.187754645944, 0.0859209150076, 0.00445350445807, 0.0027492500376, 0.0055888495408, 0.0497547350824, 0.172514483333, 0.062973074615, 0.010855034925, 0.00509886350483, 0.0123605076224, 0.0526657886803, 0.0748188048601, 0.0312853939831, 0.0390790626407, 0.0689283981919, 0.024323310703, 0.0295845605433, 0.0519181378186, 0.0214284956455, 0.0443774871528, 0.110762886703, 0.03363802284, 0.00386305502616, 0.00211106217466, 0.00532660027966, 0.013626488857, 0.0173405129462, 0.0193324014544, 0.0358895547688, 0.0143675906584, 0.0160757210106, 0.0687994137406]
    chords_histogram: [42.2018356323, 5.9633026123, 18.8073387146, 0, 0, 0, 0, 0, 0, 0, 0, 0, 0, 0, 0, 0, 0, 0, 0, 26.1467895508, 0, 0, 5.9633026123, 0.917431175709]
    thpcp: [1, 0.513265192509, 0.0586747080088, 0.0397659055889, 0.0462483018637, 0.0828654319048, 0.111239723861, 0.130137890577, 0.137964323163, 0.0907159075141, 0.0972035676241, 0.287469118834, 0.37985265255, 0.270727187395, 0.496449828148, 0.876040041447, 0.544402360916, 0.0726138278842, 0.0293173342943, 0.0412865281105, 0.329485595226, 0.658644020557, 0.396596997976, 0.0642233416438, 0.0490363910794, 0.0917858406901, 0.255338788033, 0.323172569275, 0.199506044388, 0.19378310442, 0.231615558267, 0.133948609233, 0.117915406823, 0.165070965886, 0.143408566713, 0.588739871979]
    chords_key: "A#"
    chords_scale: "major"
    key_key: "A#"
    key_scale: "major"
    chords_progression: ["A#", "A#", "A#", "A#", "A#", "A#", "A#", "A#", "A#", "A#", "A#", "A#", "A#", "A#", "A#", "A#", "A#", "A#", "A#", "A#", "A#", "A#", "A#", "A#", "A#", "A#", "A#", "A#", "A#", "A#", "A#", "A#", "A#", "A#", "A#", "A#", "A#", "A#", "A#", "A#", "A#", "A#", "A#", "A#", "A#", "A#", "A#", "A#", "A#", "A#", "A#", "A#", "A#", "A#", "A#", "A#", "A#", "A#", "A#", "A#", "A#", "A#", "A#", "A#", "A#", "A#", "A#", "A#", "A#", "A#", "A#", "D#", "D#", "D#", "D#", "D#", "D#", "D#", "D#", "D#", "D#", "D#", "D#", "D#", "Dm", "Dm", "Dm", "Dm", "Dm", "Dm", "Dm", "Dm", "Dm", "Dm", "Dm", "Dm", "Dm", "F", "F", "F", "F", "F", "F", "F", "F", "F", "F", "F", "F", "F", "F", "F", "F", "F", "F", "F", "F", "F", "F", "F", "F", "F", "F", "F", "F", "F", "F", "F", "F", "F", "F", "F", "F", "F", "F", "F", "F", "F", "Fm", "Fm", "Fm", "Fm", "Fm", "Fm", "Fm", "Fm", "Fm", "Fm", "Fm", "Fm", "Fm", "Fm", "Fm", "Fm", "Fm", "Fm", "Fm", "Fm", "Fm", "Fm", "Fm", "Fm", "Fm", "Fm", "Fm", "Fm", "Fm", "Fm", "Fm", "Fm", "Fm", "Fm", "Fm", "Fm", "Fm", "Fm", "Fm", "Fm", "Fm", "Fm", "Fm", "Fm", "Fm", "Fm", "Fm", "Fm", "Fm", "Fm", "Fm", "Fm", "Fm", "Fm", "Fm", "Fm", "Fm", "A#", "A#", "A#", "A#", "A#", "A#", "A#", "A#", "A#", "A#", "A#", "A#", "A#", "A#", "A#", "A#", "A#", "A#", "A#", "A#", "A#", "Gm", "Gm"]
