
metadata:
    version:
        essentia: "1.2.2"
    audio_properties:
        analysis_sample_rate: 44100
        bitrate: 128
        channels: 2
        equal_loudness: 1
        length: 10.0048980713
        replay_gain: -5.50415039062
        downmix: "mix"
    tags:
        track: 20
        year: 0
        album: "Splitted by Mp3Splt v. 2.1"
        artist: "From 003.10 To 003.20"
        comment: "http://mp3splt.sf.net"
        genre: ""
        title: "08 The Gloaming. (Softly Open"

highlevel:
    ballroom:
        all:
            ChaChaCha: 0.357067167759
            Jive: 0.0403155311942
            Quickstep: 0.0149606624618
            Rumba-American: 0.013788129203
            Rumba-International: 0.24950286746
            Rumba-Misc: 0.0493742451072
            Samba: 0.242056131363
            Tango: 0.00946113094687
            VienneseWaltz: 0.0130687616765
            Waltz: 0.0104053551331
        probability: 0.357067167759
        value: "ChaChaCha"
    culture:
        all:
            non_western: 0.977600574493
            western: 0.0223994385451
        probability: 0.977600574493
        value: "non_western"
    gender:
        all:
            female: 0.770824074745
            male: 0.229175910354
        probability: 0.770824074745
        value: "female"
    genre_dortmund:
        all:
            alternative: 0.0169856902212
            blues: 0.000404342776164
            electronic: 0.933663666248
            folkcountry: 0.00230725668371
            funksoulrnb: 0.000497783767059
            jazz: 0.00274131982587
            pop: 0.0110991923138
            raphiphop: 0.00692226504907
            rock: 0.0253784637898
        probability: 0.933663666248
        value: "electronic"
    genre_electronica:
        all:
            ambient: 0.221411600709
            dnb: 0.157000824809
            house: 0.0795621499419
            techno: 0.41406789422
            trance: 0.12795753777
        probability: 0.41406789422
        value: "techno"
    genre_rosamerica:
        all:
            cla: 0.0035371936392
            dan: 0.652767717838
            hip: 0.0183817856014
            jaz: 0.00739898532629
            pop: 0.0093970829621
            rhy: 0.277700304985
            roc: 0.0290371868759
            spe: 0.00177975534461
        probability: 0.652767717838
        value: "dan"
    genre_tzanetakis:
        all:
            blu: 0.0209465026855
            cla: 0.0220756456256
            cou: 0.0278520807624
            dis: 0.0343132540584
            hip: 0.0847858786583
            jaz: 0.0311617422849
            met: 0.0328601785004
            pop: 0.268797069788
            reg: 0.337564259768
            roc: 0.139643386006
        probability: 0.337564259768
        value: "reg"
    live_studio:
        all:
            live: 0.189647972584
            studio: 0.810352027416
        probability: 0.810352027416
        value: "studio"
    mood:
        all:
            Cluster1: 0.0862166360021
            Cluster2: 0.00780582427979
            Cluster3: 0.690289020538
            Cluster4: 0.0273713748902
            Cluster5: 0.188317149878
        probability: 0.690289020538
        value: "Cluster3"
    mood_acoustic:
        all:
            acoustic: 0.118707679212
            not_acoustic: 0.88129234314
        probability: 0.88129234314
        value: "not_acoustic"
    mood_aggressive:
        all:
            aggressive: 0.00351167074405
            not_aggressive: 0.996488332748
        probability: 0.996488332748
        value: "not_aggressive"
    mood_electronic:
        all:
            electronic: 0.876294791698
            not_electronic: 0.123705238104
        probability: 0.876294791698
        value: "electronic"
    mood_happy:
        all:
            happy: 0.102368280292
            not_happy: 0.897631704807
        probability: 0.897631704807
        value: "not_happy"
    mood_party:
        all:
            not_party: 0.71245354414
            party: 0.28754645586
        probability: 0.71245354414
        value: "not_party"
    mood_relaxed:
        all:
            not_relaxed: 0.258488088846
            relaxed: 0.741511881351
        probability: 0.741511881351
        value: "relaxed"
    mood_sad:
        all:
            not_sad: 0.265226006508
            sad: 0.734773993492
        probability: 0.734773993492
        value: "sad"
    rhythm:
        all:
            fast: 0.771805584431
            medium: 0.185910522938
            slow: 0.0422839187086
        probability: 0.771805584431
        value: "fast"
    speech_music:
        all:
            music: 0.999999880791
            speech: 1.00000008274e-07
        probability: 0.999999880791
        value: "music"
    timbre:
        all:
            bright: 0.150597915053
            dark: 0.849402070045
        probability: 0.849402070045
        value: "dark"
    voice_instrumental:
        all:
            instrumental: 0.804885208607
            voice: 0.195114806294
        probability: 0.804885208607
        value: "instrumental"

lowlevel:
    average_loudness: 0.98169708252
    barkbands_kurtosis:
        dmean: 6.80398988724
        dmean2: 10.7395000458
        dvar: 98.810874939
        dvar2: 229.917831421
        max: 76.6363296509
        mean: 7.49302625656
        min: -1.921413064
        var: 167.856704712
    barkbands_skewness:
        dmean: 1.17178320885
        dmean2: 1.81923305988
        dvar: 1.14294457436
        dvar2: 2.8731238842
        max: 7.82288980484
        mean: 2.15247583389
        min: -2.03364562988
        var: 2.72798228264
    barkbands_spread:
        dmean: 15.8312826157
        dmean2: 25.870092392
        dvar: 308.920501709
        dvar2: 759.118469238
        max: 92.840133667
        mean: 29.5221195221
        min: 1.78148388863
        var: 416.438323975
    dissonance:
        dmean: 0.0273471232504
        dmean2: 0.0471088960767
        dvar: 0.0007876449381
        dvar2: 0.00201131752692
        max: 0.499962955713
        mean: 0.466828495264
        min: 0.285754531622
        var: 0.000874470744748
    hfc:
        dmean: 3.99230599403
        dmean2: 7.15924739838
        dvar: 57.6599006653
        dvar2: 158.269699097
        max: 49.9990615845
        mean: 3.25512003899
        min: 0.0201857127249
        var: 38.4771003723
    pitch:
        dmean: 1197.70605469
        dmean2: 2300.83325195
        dvar: 2373231
        dvar2: 4907821
        max: 4410
        mean: 1484.39257812
        min: 54.3773117065
        var: 2882988.5
    pitch_instantaneous_confidence:
        dmean: 0.16272264719
        dmean2: 0.282865166664
        dvar: 0.0182912424207
        dvar2: 0.0494314171374
        max: 0.8345053792
        mean: 0.362776398659
        min: 0.0816510915756
        var: 0.0256039369851
    pitch_salience:
        dmean: 0.126025259495
        dmean2: 0.198224827647
        dvar: 0.00842801760882
        dvar2: 0.0245416462421
        max: 0.87331610918
        mean: 0.52023100853
        min: 0.226504966617
        var: 0.0170172471553
    silence_rate_20dB:
        dmean: 0
        dmean2: 0
        dvar: 0
        dvar2: 0
        max: 1
        mean: 1
        min: 1
        var: 0
    silence_rate_30dB:
        dmean: 0
        dmean2: 0
        dvar: 0
        dvar2: 0
        max: 1
        mean: 1
        min: 1
        var: 0
    silence_rate_60dB:
        dmean: 0.283062636852
        dmean2: 0.567441880703
        dvar: 0.202938020229
        dvar2: 0.324520945549
        max: 1
        mean: 0.615740716457
        min: 0
        var: 0.236602976918
    spectral_centroid:
        dmean: 540.046569824
        dmean2: 894.068054199
        dvar: 495145.21875
        dvar2: 1251800.625
        max: 3675.84716797
        mean: 798.574035645
        min: 92.5818099976
        var: 538839.1875
    spectral_complexity:
        dmean: 3.1441860199
        dmean2: 5.24708604813
        dvar: 13.6815195084
        dvar2: 32.6849365234
        max: 24
        mean: 4.81438493729
        min: 0
        var: 15.8309926987
    spectral_crest:
        dmean: 4.46523714066
        dmean2: 7.238052845
        dvar: 11.7950353622
        dvar2: 29.413898468
        max: 24.3150634766
        mean: 14.0009021759
        min: 3.58643841743
        var: 25.9985160828
    spectral_decrease:
        dmean: 6.57403076421e-10
        dmean2: 1.16305209907e-09
        dvar: 9.03971407732e-19
        dvar2: 2.32749475141e-18
        max: -4.00411865123e-12
        mean: -8.48457748504e-10
        min: -6.39190433915e-09
        var: 8.18102770619e-19
    spectral_energy:
        dmean: 0.0028123985976
        dmean2: 0.00497142970562
        dvar: 1.69576105691e-05
        dvar2: 4.40112307842e-05
        max: 0.0286595821381
        mean: 0.00349752488546
        min: 1.69433351402e-05
        var: 1.48561011883e-05
    spectral_energyband_high:
        dmean: 0.000224844086915
        dmean2: 0.000394166185288
        dvar: 1.47940014017e-07
        dvar2: 3.98406257318e-07
        max: 0.00231831218116
        mean: 0.000186781602679
        min: 2.37002069525e-07
        var: 1.05763362512e-07
    spectral_energyband_low:
        dmean: 0.000414792564698
        dmean2: 0.000719130854122
        dvar: 3.6416716398e-07
        dvar2: 8.57785664721e-07
        max: 0.00585698103532
        mean: 0.00125638255849
        min: 5.16208942258e-08
        var: 8.74006786944e-07
    spectral_energyband_middle_high:
        dmean: 0.000805876916274
        dmean2: 0.0014707982773
        dvar: 3.46356728187e-06
        dvar2: 9.73123314907e-06
        max: 0.0114510525018
        mean: 0.000625394808594
        min: 6.56165320834e-06
        var: 2.13647103919e-06
    spectral_energyband_middle_low:
        dmean: 0.00169351580553
        dmean2: 0.00296560511924
        dvar: 5.34096989213e-06
        dvar2: 1.39025432873e-05
        max: 0.012869537808
        mean: 0.00142864370719
        min: 7.76730485086e-06
        var: 4.52975837106e-06
    spectral_flatness_db:
        dmean: 0.0338517837226
        dmean2: 0.051919836551
        dvar: 0.0008682263433
        dvar2: 0.00193955621216
        max: 0.319974690676
        mean: 0.159948185086
        min: 0.0513240359724
        var: 0.00245676818304
    spectral_flux:
        dmean: 0.0200381781906
        dmean2: 0.033080291003
        dvar: 0.000474305445096
        dvar2: 0.000830215984024
        max: 0.148789674044
        mean: 0.0375929251313
        min: 0.00411622831598
        var: 0.0006742750993
    spectral_kurtosis:
        dmean: 1.56013131142
        dmean2: 2.53593182564
        dvar: 2.01657819748
        dvar2: 4.11326789856
        max: 10.9438238144
        mean: 3.22506451607
        min: -1.20337402821
        var: 5.49561166763
    spectral_rms:
        dmean: 0.000643903273158
        dmean2: 0.00109171739314
        dvar: 5.01445242662e-07
        dvar2: 1.25676729112e-06
        max: 0.00528777530417
        mean: 0.00167556479573
        min: 0.000128569372464
        var: 6.04701142493e-07
    spectral_rolloff:
        dmean: 1288.83813477
        dmean2: 2181.72973633
        dvar: 3069602.25
        dvar2: 7578425.5
        max: 8764.01367188
        mean: 1570.82568359
        min: 86.1328125
        var: 3224775.5
    spectral_skewness:
        dmean: 0.371489316225
        dmean2: 0.60286450386
        dvar: 0.113507010043
        dvar2: 0.242320790887
        max: 3.06160879135
        mean: 1.54457068443
        min: 0.176947876811
        var: 0.263946473598
    spectral_spread:
        dmean: 1579116
        dmean2: 2449409.75
        dvar: 3.91553010893e+12
        dvar2: 6.80653225984e+12
        max: 18588846
        mean: 7506833
        min: 3800965.75
        var: 6.80982269133e+12
    spectral_strongpeak:
        dmean: 0.139737412333
        dmean2: 0.262752473354
        dvar: 0.106965042651
        dvar2: 0.305178105831
        max: 2.28975486755
        mean: 0.158377975225
        min: 0
        var: 0.0687312707305
    zerocrossingrate:
        dmean: 0.0186489373446
        dmean2: 0.0247555170208
        dvar: 0.000326404464431
        dvar2: 0.00052642490482
        max: 0.17236328125
        mean: 0.0555485077202
        min: 0.005859375
        var: 0.00104118045419
    barkbands:
        dmean: [6.33774425296e-06, 0.000274046673439, 0.000212130908039, 0.00029222673038, 0.000943721737713, 0.000221037669689, 0.00011690511019, 7.27713195374e-05, 0.000128279818455, 3.59865516657e-05, 2.8011847462e-05, 3.59718760592e-05, 2.39235159825e-05, 2.35075931414e-05, 2.56398307101e-05, 4.36265472672e-05, 6.0421989474e-05, 7.81945709605e-05, 0.000455122877611, 9.43326231209e-05, 5.68686518818e-05, 7.22590993973e-05, 1.00635897979e-05, 1.61198204296e-05, 2.57365700236e-05, 1.58600300892e-06, 6.27055518621e-09]
        dmean2: [1.11821609607e-05, 0.000450947030913, 0.000383338861866, 0.000524926872458, 0.00165900739376, 0.000407242798246, 0.000213887731661, 0.000136164526339, 0.000232996186242, 6.7436201789e-05, 5.18666493008e-05, 6.4177562308e-05, 4.32288834418e-05, 4.20167853008e-05, 4.50759725936e-05, 7.95261439634e-05, 0.000106360086647, 0.000136106318678, 0.000871031254064, 0.000162665281096, 9.44954299484e-05, 0.000135237147333, 1.78670234163e-05, 2.93907014566e-05, 4.72587016702e-05, 2.91043170364e-06, 1.14879501467e-08]
        dvar: [8.52945006291e-11, 1.47958402863e-07, 1.37166964009e-07, 2.22610395895e-07, 1.60520869485e-06, 1.63065692504e-07, 6.67851267622e-08, 1.99453822347e-08, 3.66242716154e-08, 5.53024026573e-09, 3.408043181e-09, 2.80059531121e-09, 1.71780700775e-09, 8.95200080731e-10, 1.2189141918e-09, 1.08144444511e-08, 1.85490449667e-08, 1.75934413704e-08, 2.1649905193e-06, 4.39771277172e-08, 5.21355847383e-09, 5.34009956255e-08, 4.40847774952e-10, 1.5661983932e-09, 4.44298242641e-09, 1.70055306642e-11, 2.76509617527e-16]
        dvar2: [2.42973002829e-10, 3.2495043456e-07, 3.66754591141e-07, 5.79478182772e-07, 4.01461511501e-06, 4.40712653926e-07, 1.85322122093e-07, 5.58655663951e-08, 9.75239373702e-08, 1.60504818325e-08, 9.57372936483e-09, 7.57405871354e-09, 4.82388218259e-09, 2.34565300516e-09, 3.18678838873e-09, 3.05660812217e-08, 5.19472607152e-08, 4.55407054289e-08, 6.24658878223e-06, 1.22356780707e-07, 1.27982628939e-08, 1.54838787125e-07, 1.2082114198e-09, 4.26246149487e-09, 1.21944063736e-08, 4.65508395719e-11, 7.6418269592e-16]
        max: [9.28150329855e-05, 0.00425933254883, 0.00215408625081, 0.00323442672379, 0.00584368174896, 0.00271753803827, 0.00220570107922, 0.000985193182714, 0.000971450586803, 0.000588780269027, 0.000529114797246, 0.000329095957568, 0.000431370426668, 0.000196929424419, 0.000233804254094, 0.000978909665719, 0.00110860913992, 0.000813172548078, 0.00884797982872, 0.00204295641743, 0.000385391351301, 0.0020507001318, 0.000135559530463, 0.000204856449272, 0.000356107426342, 2.25021740334e-05, 1.43291273957e-07]
        mean: [1.7438966097e-05, 0.00107229698915, 0.00016697117826, 0.000264337169938, 0.000778459594585, 0.000145177502418, 8.15515159047e-05, 5.3444342484e-05, 9.85806473182e-05, 2.60988363152e-05, 1.93238156498e-05, 2.84576326521e-05, 2.63469046331e-05, 2.16589451156e-05, 2.16924563574e-05, 3.55325501005e-05, 5.14025596203e-05, 7.92908540461e-05, 0.000280360487523, 9.01972307474e-05, 5.53337922611e-05, 4.79299960716e-05, 7.77179957367e-06, 1.07188780021e-05, 1.61411990121e-05, 1.00706961348e-06, 4.2472816375e-09]
        min: [4.14069944998e-10, 2.80943019959e-08, 2.31127472716e-08, 2.42207647716e-07, 3.66422887055e-06, 4.47555009941e-07, 3.49007109435e-07, 3.79056558586e-07, 4.83831854581e-07, 2.00235561465e-08, 1.46955059677e-07, 1.16046585674e-07, 1.07330905053e-07, 2.03399892484e-07, 2.57921453084e-08, 4.46040324675e-08, 4.25364191869e-07, 4.27794162761e-07, 5.69223516322e-07, 3.70673006955e-07, 4.86362594643e-08, 5.42330269582e-08, 2.61895536369e-08, 6.90124535296e-09, 1.05199067235e-08, 5.56305557176e-10, 9.13370160754e-12]
        var: [1.47616363577e-10, 5.69179007925e-07, 1.08871503812e-07, 1.86386486689e-07, 1.42633848554e-06, 1.13711394079e-07, 4.25029966777e-08, 1.27215695755e-08, 2.68677098347e-08, 3.41909700552e-09, 2.11326200983e-09, 2.04035432994e-09, 2.6195343672e-09, 8.87398876603e-10, 1.03865138712e-09, 6.98107927022e-09, 1.21360450578e-08, 1.60964805929e-08, 1.19037679269e-06, 3.02400202656e-08, 5.30986943303e-09, 2.91654718154e-08, 2.88347568045e-10, 1.00517016932e-09, 2.78575029711e-09, 1.07179647102e-11, 1.68596640665e-16]
    mfcc:
        mean: [-762.437988281, 106.190742493, -0.613877356052, 64.6782608032, 4.73870706558, 6.62410831451, 14.0158376694, 4.29692649841, 8.07064437866, 1.30348646641, 5.00368404388, -0.28865557909, -2.0572206974]
        cov: [[4535.22851562, -587.420532227, -471.62487793, -339.486846924, -227.355911255, -346.892852783, -215.786605835, -213.630249023, -221.377639771, -171.515213013, -108.279724121, -141.121322632, -78.0666885376], [-587.420532227, 1067.25280762, -136.827346802, 22.0733776093, -125.058647156, 4.62055778503, -53.4024810791, -43.6320495605, -73.6409683228, -34.3822746277, -20.3224239349, -1.14281153679, -45.215133667], [-471.62487793, -136.827346802, 363.689025879, 81.5028610229, 109.57611084, 60.7534828186, 54.4795150757, 46.180847168, 62.6022377014, 23.1819152832, -27.9531154633, -6.2620844841, 56.8748664856], [-339.486846924, 22.0733776093, 81.5028610229, 180.080154419, 17.9006080627, 83.7089233398, 28.1327266693, 33.9225273132, 39.2582855225, 13.1681156158, -17.2726230621, -14.4861869812, 23.2453174591], [-227.355911255, -125.058647156, 109.57611084, 17.9006080627, 127.907546997, 16.6128730774, 47.7459602356, 28.3762950897, 30.4616031647, 23.399471283, -4.74260187149, 5.4087395668, 19.7599658966], [-346.892852783, 4.62055778503, 60.7534828186, 83.7089233398, 16.6128730774, 108.175064087, 30.0484104156, 35.4571075439, 42.2979888916, 19.0653057098, -2.96565032005, 0.945610821247, 4.50380563736], [-215.786605835, -53.4024810791, 54.4795150757, 28.1327266693, 47.7459602356, 30.0484104156, 49.4596214294, 29.8789043427, 25.3700466156, 17.2974853516, 4.0525393486, 2.86171555519, 11.1121921539], [-213.630249023, -43.6320495605, 46.180847168, 33.9225273132, 28.3762950897, 35.4571075439, 29.8789043427, 44.7394790649, 35.1973190308, 19.5404567719, 0.536501824856, 0.0300880260766, 3.25275540352], [-221.377639771, -73.6409683228, 62.6022377014, 39.2582855225, 30.4616031647, 42.2979888916, 25.3700466156, 35.1973190308, 64.2941207886, 29.5654315948, 1.16757035255, -0.895105957985, 11.283041954], [-171.515213013, -34.3822746277, 23.1819152832, 13.1681156158, 23.399471283, 19.0653057098, 17.2974853516, 19.5404567719, 29.5654315948, 36.7352828979, 10.266825676, 7.23145151138, 8.1310005188], [-108.279724121, -20.3224239349, -27.9531154633, -17.2726230621, -4.74260187149, -2.96565032005, 4.0525393486, 0.536501824856, 1.16757035255, 10.266825676, 53.809261322, 30.4015254974, -2.78194975853], [-141.121322632, -1.14281153679, -6.2620844841, -14.4861869812, 5.4087395668, 0.945610821247, 2.86171555519, 0.0300880260766, -0.895105957985, 7.23145151138, 30.4015254974, 45.4748802185, 12.5044193268], [-78.0666885376, -45.215133667, 56.8748664856, 23.2453174591, 19.7599658966, 4.50380563736, 11.1121921539, 3.25275540352, 11.283041954, 8.1310005188, -2.78194975853, 12.5044193268, 46.1538848877]]
        icov: [[0.000636159616988, 0.000596897385549, 0.000520867644809, 0.000368760462152, 0.000435757392552, 0.000589384057093, 0.00069225137122, 0.000884067034349, 0.000439931696746, 0.000845880538691, 0.000950847927015, 0.00136615219526, -0.000209235251532], [0.000596897385549, 0.00178781175055, 0.000457175745396, -0.000248340104008, 0.00143190065864, 0.000309105525957, 0.000422040466219, 0.00139050511643, 0.00176232948434, -3.8811005652e-05, 0.0022216020152, -0.000102259975392, 0.00121757632587], [0.000520867644809, 0.000457175745396, 0.0056363902986, 0.000318000995321, -0.00297808786854, -0.000949381908868, 0.00104120385367, -0.000762463838328, -0.00184625387192, 0.00322285760194, 0.00143695506267, 0.00278721214272, -0.00539116328582], [0.000368760462152, -0.000248340104008, 0.000318000995321, 0.011064321734, 8.74199176906e-05, -0.00714022992179, 0.0011744000949, -0.00289522274397, -4.26249825978e-05, 0.00249991076998, -0.000894730561413, 0.00700292317197, -0.00738453771919], [0.000435757392552, 0.00143190065864, -0.00297808786854, 8.74199176906e-05, 0.017094405368, 0.00380821991712, -0.013613909483, 0.00315309432335, 0.000507213175297, -0.00495893228799, 0.00637511676177, -0.00468710623682, 0.00353466928937], [0.000589384057093, 0.000309105525957, -0.000949381908868, -0.00714022992179, 0.00380821991712, 0.0210320372134, -0.00627087568864, -0.000799440254923, -0.006406779401, -0.000341003062204, 0.00467102462426, -0.0063411872834, 0.00757504021749], [0.00069225137122, 0.000422040466219, 0.00104120385367, 0.0011744000949, -0.013613909483, -0.00627087568864, 0.0521598048508, -0.0233342256397, 0.00565037596971, 0.000452777458122, -0.00901329144835, 0.00981617718935, -0.0094272531569], [0.000884067034349, 0.00139050511643, -0.000762463838328, -0.00289522274397, 0.00315309432335, -0.000799440254923, -0.0233342256397, 0.0602629110217, -0.017464954406, -0.00543166743591, 0.00714661227539, -0.00482372799888, 0.0123184639961], [0.000439931696746, 0.00176232948434, -0.00184625387192, -4.26249825978e-05, 0.000507213175297, -0.006406779401, 0.00565037596971, -0.017464954406, 0.0418569967151, -0.0193622037768, -0.00101927551441, 0.00643985299394, -0.00358202960342], [0.000845880538691, -3.8811005652e-05, 0.00322285760194, 0.00249991076998, -0.00495893228799, -0.000341003062204, 0.000452777458122, -0.00543166743591, -0.0193622037768, 0.0530817955732, -0.00806596223265, 0.00302210194059, -0.00733074080199], [0.000950847927015, 0.0022216020152, 0.00143695506267, -0.000894730561413, 0.00637511676177, 0.00467102462426, -0.00901329144835, 0.00714661227539, -0.00101927551441, -0.00806596223265, 0.0403605438769, -0.0264522172511, 0.0122154075652], [0.00136615219526, -0.000102259975392, 0.00278721214272, 0.00700292317197, -0.00468710623682, -0.0063411872834, 0.00981617718935, -0.00482372799888, 0.00643985299394, 0.00302210194059, -0.0264522172511, 0.0523019731045, -0.0220202673227], [-0.000209235251532, 0.00121757632587, -0.00539116328582, -0.00738453771919, 0.00353466928937, 0.00757504021749, -0.0094272531569, 0.0123184639961, -0.00358202960342, -0.00733074080199, 0.0122154075652, -0.0220202673227, 0.0408866778016]]
    spectral_contrast:
        mean: [-3.16746906037e-07, -4.14561725393e-07, -1.57836481662e-07, 4.99067880355e-08, 4.02884523965e-07, 2.39818803038e-07, -3.97701978727e-06, -4.52359159908e-07, -2.39040900851e-07, -2.73268619821e-06, 5.72868384552e-06, -1.25570807086e-07]
        var: [0.000326973065967, 0.000641680147965, 0.000787817814853, 0.00134367612191, 0.00248834188096, 0.00416124379262, 0.0380485020578, 0.0736959576607, 0.139652952552, 0.231100037694, 0.628866076469, 2.80371570587]

rhythm:
    beats_loudness:
        dmean: 0.00111336738337
        dmean2: 0.00209301081486
        dvar: 5.20936566772e-07
        dvar2: 1.88145099855e-06
        max: 0.00346727413125
        mean: 0.00272489781491
        min: 0.000846173439641
        var: 5.84861481912e-07
    beats_loudness_bass:
        dmean: 0.26103284955
        dmean2: 0.51684230566
        dvar: 0.0248843934387
        dvar2: 0.0535408258438
        max: 0.697797954082
        mean: 0.439212679863
        min: 0.211795657873
        var: 0.0380016416311
    bpm: 66.8047103882
    bpm_confidence: 0
    first_peak_bpm: 133
    first_peak_spread: 0
    first_peak_weight: 0.571428596973
    onset_rate: 8.39588737488
    second_peak_bpm: 67
    second_peak_spread: 0.16666662693
    second_peak_weight: 0.357142865658
    beats_position: [0.62669801712, 1.52483856678, 2.42297911644, 3.32111954689, 4.21926021576, 5.11740064621, 6.03747367859, 6.48847341537, 6.93947315216, 7.39047336578, 7.84147357941, 8.29247283936, 8.74347305298, 9.19447231293, 9.64547348022]
    bpm_estimates: [66.7276229858, 66.7935180664, 66.8226547241, 66.8055877686, 66.880859375, 66.8301696777, 66.7964782715, 66.7807693481]
    bpm_intervals: [0.89814054966, 0.89814054966, 0.89814043045, 0.898140668869, 0.89814043045, 0.920073032379, 0.450999736786, 0.450999736786, 0.451000213623, 0.451000213623, 0.450999259949, 0.451000213623, 0.450999259949, 0.451001167297]
    onset_times: [0.0580498874187, 0.208979591727, 0.290249437094, 0.359909296036, 0.452789127827, 0.557278931141, 0.754648506641, 0.789478480816, 0.952018141747, 1.03328800201, 1.18421769142, 1.28870749474, 1.40480720997, 1.53251695633, 1.63700675964, 1.74149656296, 1.89242625237, 1.98530614376, 2.10140585899, 2.20589566231, 2.31038546562, 2.42648530006, 2.54258513451, 2.62385487556, 2.75156474113, 2.84444451332, 2.9837641716, 3.09986400604, 3.20435380936, 3.33206343651, 3.44816327095, 3.54104304314, 3.69197273254, 3.79646253586, 3.90095233917, 4.00544214249, 4.12154197693, 4.22603178024, 4.34213161469, 4.42340135574, 4.55111122131, 4.6439909935, 4.7833108902, 4.8994102478, 5.01551008224, 5.13160991669, 5.24770975113, 5.35219955444, 5.50312948227, 5.59600925446, 5.70049905777, 5.80498886108, 5.92108821869, 6.025578022, 6.14167785645, 6.22294807434, 6.3622674942, 6.44353723526, 6.59446716309, 6.6989569664, 6.81505680084, 6.94276666641, 7.04725646973, 7.1517457962, 7.30267572403, 7.39555549622, 7.51165533066, 7.60453510284, 7.72063493729, 7.83673477173, 7.94122457504, 8.04571437836, 8.16181373596, 8.24308395386, 8.34757328033, 8.54494285583, 8.63782310486, 8.95129299164, 9.11383247375, 9.29959201813, 9.52018165588, 9.64789104462, 9.83365058899, 9.9613609314]
    rubato_start: [6.48847341537]
    rubato_stop: [6.93947315216]
    perceptual_tempo: "unknown"

sfx:
    inharmonicity:
        dmean: 0.0323129445314
        dmean2: 0.058015987277
        dvar: 0.00165773474146
        dvar2: 0.00461494876072
        max: 0.289869576693
        mean: 0.0299450214952
        min: 0
        var: 0.00152681255713
    oddtoevenharmonicenergyratio:
        dmean: 1.39406144619
        dmean2: 2.63616538048
        dvar: 25.7246761322
        dvar2: 76.7514190674
        max: 67.3818054199
        mean: 0.892948329449
        min: 0
        var: 13.5582485199
    pitch_after_max_to_before_max_energy_ratio: 1.74666059017
    pitch_centroid: 219.49671936
    pitch_max_to_total: 0.422273784876
    pitch_min_to_total: 0.338747113943
    tristimulus:
        dmean: [0.263201624155, 0.252686172724, 0.117748275399]
        dmean2: [0.458064973354, 0.434757709503, 0.209567636251]
        dvar: [0.0422089658678, 0.0412848852575, 0.0175467599183]
        dvar2: [0.10864032805, 0.12495226413, 0.0499829128385]
        max: [1, 0.965964078903, 0.746147096157]
        mean: [0.518114626408, 0.314329147339, 0.101997882128]
        min: [0.0237930305302, 0, 0]
        var: [0.073491871357, 0.0565471500158, 0.0178890861571]

tonal:
    chords_changes_rate: 0.0138248847798
    chords_number_rate: 0.00921658985317
    chords_strength:
        dmean: 0.00796287693083
        dmean2: 0.0102205201983
        dvar: 4.04615821026e-05
        dvar2: 7.34409768484e-05
        max: 0.698260128498
        mean: 0.613769471645
        min: 0.531755387783
        var: 0.00102885009255
    key_strength: 0.590715646744
    tuning_diatonic_strength: 0.668440878391
    tuning_equal_tempered_deviation: 0.328323423862
    tuning_frequency: 453.416503906
    tuning_nontempered_energy_ratio: 0.947724878788
    hpcp:
        dmean: [0.155871391296, 0.0770618319511, 0.0624644570053, 0.0635764822364, 0.1100891307, 0.202844724059, 0.176631331444, 0.201002687216, 0.114760316908, 0.0634272918105, 0.0627743378282, 0.0627118051052, 0.050983350724, 0.0446403883398, 0.0475932657719, 0.0589978173375, 0.0517932586372, 0.0440331213176, 0.0806021094322, 0.0958645045757, 0.0931146815419, 0.0870631411672, 0.0712717175484, 0.0520517528057, 0.0466780103743, 0.0634479671717, 0.0987618118525, 0.130334943533, 0.111329525709, 0.0781412795186, 0.0904994979501, 0.120156608522, 0.136500656605, 0.211471572518, 0.217904180288, 0.247044965625]
        dmean2: [0.283816486597, 0.144780009985, 0.112675495446, 0.114577747881, 0.202405154705, 0.367462307215, 0.316024422646, 0.37103125453, 0.210238739848, 0.11473685503, 0.11423239857, 0.116638332605, 0.0929178968072, 0.0838848128915, 0.0905235111713, 0.112802736461, 0.0954094007611, 0.0803875848651, 0.150261387229, 0.163598388433, 0.162243336439, 0.163226649165, 0.131875738502, 0.0933897942305, 0.0858119353652, 0.116026766598, 0.16123470664, 0.216289147735, 0.192490115762, 0.145541131496, 0.172123581171, 0.226056858897, 0.251983761787, 0.355003237724, 0.404803335667, 0.432369083166]
        dvar: [0.0429613776505, 0.0189982969314, 0.0165484081954, 0.0176554452628, 0.0368487201631, 0.0752644017339, 0.0699062868953, 0.0627374202013, 0.0294359102845, 0.0118252718821, 0.0140849109739, 0.0148546565324, 0.0119386427104, 0.00938640162349, 0.00709783332422, 0.0211710892618, 0.0139492647722, 0.00315820239484, 0.01760853827, 0.0227783806622, 0.0116840293631, 0.0218467470258, 0.017697211355, 0.0118738338351, 0.00896609667689, 0.0106976991519, 0.0183852501214, 0.0395836383104, 0.024090193212, 0.0143594127148, 0.0218315050006, 0.0418149903417, 0.0450810492039, 0.0416960380971, 0.0868566706777, 0.0601865462959]
        dvar2: [0.119994901121, 0.0550545044243, 0.0443649031222, 0.0462823323905, 0.100937031209, 0.185259565711, 0.156167373061, 0.189340427518, 0.076014816761, 0.0304840933532, 0.0380073189735, 0.0418828874826, 0.0340290628374, 0.0269918553531, 0.0201164707541, 0.0613493397832, 0.0398307107389, 0.0086245816201, 0.0510059408844, 0.0644497647882, 0.030734827742, 0.0684797540307, 0.0541410185397, 0.0315111316741, 0.0252385176718, 0.029465649277, 0.0433493293822, 0.0928144603968, 0.0703302547336, 0.0399227067828, 0.06519959867, 0.127330332994, 0.125305980444, 0.107635840774, 0.220944643021, 0.144200921059]
        max: [1, 1, 1, 0.946434020996, 1, 1, 1, 1, 1, 1, 1, 1, 1, 0.834288179874, 0.604942798615, 1, 0.998471736908, 0.352525800467, 0.779158592224, 1, 1, 1, 1, 1, 0.913204729557, 0.600116252899, 0.762755215168, 1, 0.794237971306, 0.692471086979, 1, 0.967940926552, 1, 1, 1, 1]
        mean: [0.134232521057, 0.0581262372434, 0.0507109314203, 0.0496306084096, 0.0880895406008, 0.24426214397, 0.315509319305, 0.198388129473, 0.0944112837315, 0.0578546226025, 0.0556169971824, 0.0521426163614, 0.0418285690248, 0.0394457317889, 0.0429341308773, 0.0500511340797, 0.0453471615911, 0.0378236696124, 0.0684088617563, 0.117095306516, 0.123029693961, 0.104859657586, 0.0776169598103, 0.0491885393858, 0.0406200401485, 0.0518848896027, 0.101832456887, 0.131367370486, 0.0998488590121, 0.0644148364663, 0.0641717985272, 0.0843214914203, 0.102975510061, 0.286793470383, 0.574056148529, 0.443590193987]
        min: [0.00068971310975, 0.000722705502994, 0.000490309321322, 0.000344597036019, 0.00177315517794, 0.00205674977042, 0.000709346437361, 0.000700481410604, 0.000362494436558, 0.000392652407754, 0.000686489685904, 0.000945284904446, 0.000515352003276, 0.000588921131566, 0.0007382974145, 0.000532075006049, 0.000609714072198, 0.000217234352021, 0.000998240546323, 0.00149072473869, 0.00144146231469, 0.000299510458717, 0.000324076070683, 0.000365924031939, 0, 0.000746571808122, 0.00073925696779, 0.00219257967547, 0.00225063203834, 0.000610419549048, 0.000390981353121, 0.000374150986318, 0.000700402772054, 0.000752321677282, 0.000638483965304, 0.00111990014557]
        var: [0.0381566956639, 0.0125773502514, 0.0119023714215, 0.012851305306, 0.0259589776397, 0.111331894994, 0.159748673439, 0.0697812885046, 0.0257523152977, 0.0127247786149, 0.0112955495715, 0.00949172955006, 0.00761372037232, 0.00633511738852, 0.00527098868042, 0.012823487632, 0.0098142568022, 0.00313739851117, 0.0123427566141, 0.0212362036109, 0.023684060201, 0.0410937331617, 0.029437802732, 0.0122315641493, 0.00660552922636, 0.00751813128591, 0.0237849336118, 0.0470105931163, 0.023074908182, 0.0118134981021, 0.0139345573261, 0.0278577338904, 0.0351341962814, 0.0695816501975, 0.188376411796, 0.132608577609]
    chords_histogram: [83.4101409912, 0, 0, 0, 0, 0, 0, 0, 0, 0, 0, 0, 0, 0, 0, 0, 0, 0, 0, 0, 0, 0, 0, 16.5898609161]
    thpcp: [1, 0.772729635239, 0.233831688762, 0.101255320013, 0.0883379280567, 0.0864560157061, 0.153451085091, 0.425502181053, 0.549614012241, 0.345590114594, 0.164463505149, 0.100782163441, 0.0968842431903, 0.090831913054, 0.0728649422526, 0.0687140673399, 0.0747908204794, 0.0871885716915, 0.0789942964911, 0.0658884495497, 0.119167543948, 0.203978836536, 0.214316487312, 0.182664468884, 0.135207951069, 0.0856859385967, 0.0707596987486, 0.0903829559684, 0.177391111851, 0.228840634227, 0.173935696483, 0.112209990621, 0.111786626279, 0.146887183189, 0.179382294416, 0.499591320753]
    chords_key: "G#"
    chords_scale: "minor"
    key_key: "G#"
    key_scale: "minor"
    chords_progression: ["E", "E", "E", "E", "E", "E", "E", "E", "E", "E", "E", "E", "E", "E", "E", "E", "E", "E", "E", "E", "E", "E", "E", "E", "E", "E", "E", "E", "G#m", "G#m", "G#m", "E", "E", "E", "E", "E", "E", "E", "E", "G#m", "G#m", "G#m", "G#m", "G#m", "G#m", "G#m", "G#m", "G#m", "G#m", "G#m", "G#m", "G#m", "G#m", "G#m", "G#m", "G#m", "G#m", "G#m", "G#m", "G#m", "G#m", "G#m", "G#m", "G#m", "G#m", "G#m", "G#m", "G#m", "G#m", "G#m", "G#m", "G#m", "G#m", "G#m", "G#m", "G#m", "G#m", "G#m", "G#m", "G#m", "G#m", "G#m", "G#m", "G#m", "G#m", "G#m", "G#m", "G#m", "G#m", "G#m", "G#m", "G#m", "G#m", "G#m", "G#m", "G#m", "G#m", "G#m", "G#m", "G#m", "G#m", "G#m", "G#m", "G#m", "G#m", "G#m", "G#m", "G#m", "G#m", "G#m", "G#m", "G#m", "G#m", "G#m", "G#m", "G#m", "G#m", "G#m", "G#m", "G#m", "G#m", "G#m", "G#m", "G#m", "G#m", "G#m", "G#m", "G#m", "G#m", "G#m", "G#m", "G#m", "G#m", "G#m", "G#m", "G#m", "G#m", "G#m", "G#m", "G#m", "G#m", "G#m", "G#m", "G#m", "G#m", "G#m", "G#m", "G#m", "G#m", "G#m", "G#m", "G#m", "G#m", "G#m", "G#m", "G#m", "G#m", "G#m", "G#m", "G#m", "G#m", "G#m", "G#m", "G#m", "G#m", "G#m", "G#m", "G#m", "G#m", "G#m", "G#m", "G#m", "G#m", "G#m", "G#m", "G#m", "G#m", "G#m", "G#m", "G#m", "G#m", "G#m", "G#m", "G#m", "G#m", "G#m", "G#m", "G#m", "G#m", "G#m", "G#m", "G#m", "G#m", "G#m", "G#m", "G#m", "G#m", "G#m", "G#m", "G#m", "G#m", "G#m", "G#m", "G#m", "G#m", "G#m", "G#m", "G#m", "G#m", "G#m", "G#m", "G#m", "G#m", "G#m", "G#m", "G#m", "G#m"]
