
metadata:
    version:
        essentia: "1.2.2"
    audio_properties:
        analysis_sample_rate: 44100
        bitrate: 128
        channels: 2
        equal_loudness: 1
        length: 9.92653083801
        replay_gain: -8.16056060791
        downmix: "mix"
    tags:
        track: 10
        year: 0
        album: "Splitted by Mp3Splt v. 2.1"
        artist: "From 001.30 To 001.40"
        comment: "http://mp3splt.sf.net"
        genre: ""
        title: "10 Ice Cream.mp3"

highlevel:
    ballroom:
        all:
            ChaChaCha: 0.0211289897561
            Jive: 0.0701949968934
            Quickstep: 0.219507604837
            Rumba-American: 0.00676264241338
            Rumba-International: 0.345579206944
            Rumba-Misc: 0.214266866446
            Samba: 0.0756930410862
            Tango: 0.00284764356911
            VienneseWaltz: 0.0197882354259
            Waltz: 0.0242307875305
        probability: 0.345579206944
        value: "Rumba-International"
    culture:
        all:
            non_western: 0.0345752350986
            western: 0.965424776077
        probability: 0.965424776077
        value: "western"
    gender:
        all:
            female: 0.5
            male: 0.5
        probability: 0.5
        value: "female"
    genre_dortmund:
        all:
            alternative: 0.179898425937
            blues: 0.00540719181299
            electronic: 0.0117504000664
            folkcountry: 0.428802013397
            funksoulrnb: 0.0133046740666
            jazz: 0.134393572807
            pop: 0.185676425695
            raphiphop: 0.00146178225987
            rock: 0.0393055081367
        probability: 0.428802013397
        value: "folkcountry"
    genre_electronica:
        all:
            ambient: 0.63386875391
            dnb: 0.178082033992
            house: 0.0867618620396
            techno: 0.0260638613254
            trance: 0.0752234980464
        probability: 0.63386875391
        value: "ambient"
    genre_rosamerica:
        all:
            cla: 0.0267316959798
            dan: 0.0240646917373
            hip: 0.017283950001
            jaz: 0.0488988347352
            pop: 0.406390428543
            rhy: 0.430003106594
            roc: 0.0209335200489
            spe: 0.0256937630475
        probability: 0.430003106594
        value: "rhy"
    genre_tzanetakis:
        all:
            blu: 0.00225471495651
            cla: 0.00236858567223
            cou: 0.0598487891257
            dis: 0.0249704290181
            hip: 0.00724394340068
            jaz: 0.0106825064868
            met: 0.00600112695247
            pop: 0.504016697407
            reg: 0.0131573658437
            roc: 0.369455844164
        probability: 0.504016697407
        value: "pop"
    live_studio:
        all:
            live: 0.817458987236
            studio: 0.182541042566
        probability: 0.817458987236
        value: "live"
    mood:
        all:
            Cluster1: 0.0415756888688
            Cluster2: 0.16808219254
            Cluster3: 0.707719743252
            Cluster4: 0.036390222609
            Cluster5: 0.0462321229279
        probability: 0.707719743252
        value: "Cluster3"
    mood_acoustic:
        all:
            acoustic: 0.891254425049
            not_acoustic: 0.108745574951
        probability: 0.891254425049
        value: "acoustic"
    mood_aggressive:
        all:
            aggressive: 2.15265276893e-06
            not_aggressive: 0.999997854233
        probability: 0.999997854233
        value: "not_aggressive"
    mood_electronic:
        all:
            electronic: 0.0542350076139
            not_electronic: 0.945765018463
        probability: 0.945765018463
        value: "not_electronic"
    mood_happy:
        all:
            happy: 0.366513222456
            not_happy: 0.633486807346
        probability: 0.633486807346
        value: "not_happy"
    mood_party:
        all:
            not_party: 0.8668795228
            party: 0.133120492101
        probability: 0.8668795228
        value: "not_party"
    mood_relaxed:
        all:
            not_relaxed: 0.245975121856
            relaxed: 0.754024863243
        probability: 0.754024863243
        value: "relaxed"
    mood_sad:
        all:
            not_sad: 0.127823963761
            sad: 0.87217605114
        probability: 0.87217605114
        value: "sad"
    rhythm:
        all:
            fast: 0.292482227087
            medium: 0.521489858627
            slow: 0.186027929187
        probability: 0.521489858627
        value: "medium"
    speech_music:
        all:
            music: 0.994746565819
            speech: 0.00525343697518
        probability: 0.994746565819
        value: "music"
    timbre:
        all:
            bright: 0.955919981003
            dark: 0.0440799966455
        probability: 0.955919981003
        value: "bright"
    voice_instrumental:
        all:
            instrumental: 0.00628016144037
            voice: 0.993719816208
        probability: 0.993719816208
        value: "voice"

lowlevel:
    average_loudness: 0.956633150578
    barkbands_kurtosis:
        dmean: 2.86813092232
        dmean2: 4.44147062302
        dvar: 21.604598999
        dvar2: 56.7127990723
        max: 42.8114738464
        mean: 5.32177782059
        min: -1.87630414963
        var: 52.3753623962
    barkbands_skewness:
        dmean: 0.530284047127
        dmean2: 0.728606462479
        dvar: 0.508125543594
        dvar2: 0.954940199852
        max: 6.12663841248
        mean: 1.87840652466
        min: -4.40548229218
        var: 1.9395378828
    barkbands_spread:
        dmean: 5.34789848328
        dmean2: 8.18302822113
        dvar: 54.9629096985
        dvar2: 124.803596497
        max: 72.0065155029
        mean: 22.3830013275
        min: 3.34514975548
        var: 205.786941528
    dissonance:
        dmean: 0.0222448706627
        dmean2: 0.0362818315625
        dvar: 0.000442668999312
        dvar2: 0.00101731624454
        max: 0.497979223728
        mean: 0.439214468002
        min: 0.289555132389
        var: 0.00136179593392
    hfc:
        dmean: 1.38704741001
        dmean2: 1.81649076939
        dvar: 24.5399570465
        dvar2: 49.8800048828
        max: 96.8100662231
        mean: 3.53845882416
        min: 0.0412625707686
        var: 33.1620559692
    pitch:
        dmean: 420.160552979
        dmean2: 801.887268066
        dvar: 1200379.75
        dvar2: 2915408
        max: 5512.5
        mean: 684.582641602
        min: 68.3720932007
        var: 1631124.75
    pitch_instantaneous_confidence:
        dmean: 0.0745459571481
        dmean2: 0.113950058818
        dvar: 0.00511279562488
        dvar2: 0.0121821509674
        max: 0.862630784512
        mean: 0.499047577381
        min: 0.141731917858
        var: 0.0271087400615
    pitch_salience:
        dmean: 0.0505759268999
        dmean2: 0.0810765549541
        dvar: 0.00270230602473
        dvar2: 0.00652694609016
        max: 0.831640720367
        mean: 0.608310043812
        min: 0.346006035805
        var: 0.0072492021136
    silence_rate_20dB:
        dmean: 0
        dmean2: 0
        dvar: 0
        dvar2: 0
        max: 1
        mean: 1
        min: 1
        var: 0
    silence_rate_30dB:
        dmean: 0
        dmean2: 0
        dvar: 0
        dvar2: 0
        max: 1
        mean: 1
        min: 1
        var: 0
    silence_rate_60dB:
        dmean: 0.0841121524572
        dmean2: 0.168618261814
        dvar: 0.0770370736718
        dvar2: 0.163604915142
        max: 1
        mean: 0.445221453905
        min: 0
        var: 0.246998220682
    spectral_centroid:
        dmean: 229.273193359
        dmean2: 324.96963501
        dvar: 169587.421875
        dvar2: 253440.359375
        max: 5021.33642578
        mean: 1063.86987305
        min: 301.594268799
        var: 685350
    spectral_complexity:
        dmean: 1.70023417473
        dmean2: 2.47417831421
        dvar: 5.46517515182
        dvar2: 10.21646595
        max: 25
        mean: 6.75233650208
        min: 0
        var: 20.7377204895
    spectral_crest:
        dmean: 1.99970698357
        dmean2: 3.18701410294
        dvar: 4.2091088295
        dvar2: 10.2575130463
        max: 23.1812362671
        mean: 10.6704149246
        min: 3.19629669189
        var: 12.6168746948
    spectral_decrease:
        dmean: 2.30987923233e-10
        dmean2: 3.1534413969e-10
        dvar: 1.37941117163e-19
        dvar2: 2.37732121638e-19
        max: -8.09531434942e-12
        mean: -9.81709713521e-10
        min: -7.03234626087e-09
        var: 6.88757417114e-19
    spectral_energy:
        dmean: 0.000982816331089
        dmean2: 0.00132906786166
        dvar: 2.91031551569e-06
        dvar2: 5.31714749741e-06
        max: 0.0277721043676
        mean: 0.00402614939958
        min: 3.42961502611e-05
        var: 1.15487719086e-05
    spectral_energyband_high:
        dmean: 0.000128173443954
        dmean2: 0.00017315459263
        dvar: 2.20871996248e-07
        dvar2: 4.51301133353e-07
        max: 0.00838050432503
        mean: 0.00022215131321
        min: 2.63117021859e-06
        var: 3.280126748e-07
    spectral_energyband_low:
        dmean: 2.68823732767e-05
        dmean2: 4.40660514869e-05
        dvar: 6.45098996443e-09
        dvar2: 1.6158358207e-08
        max: 0.000976404407993
        mean: 3.77178803319e-05
        min: 1.63551064247e-07
        var: 7.24807014407e-09
    spectral_energyband_middle_high:
        dmean: 0.000244799477514
        dmean2: 0.000337734061759
        dvar: 6.87889155415e-07
        dvar2: 1.40721101616e-06
        max: 0.0159048810601
        mean: 0.000591536110733
        min: 7.48404590922e-06
        var: 9.51160529894e-07
    spectral_energyband_middle_low:
        dmean: 0.000726474390831
        dmean2: 0.00101583776996
        dvar: 1.33800654112e-06
        dvar2: 2.19780577027e-06
        max: 0.0255156047642
        mean: 0.0031747345347
        min: 2.34923736571e-05
        var: 8.07227934274e-06
    spectral_flatness_db:
        dmean: 0.018684707582
        dmean2: 0.0287615004927
        dvar: 0.000357955112122
        dvar2: 0.000750485225581
        max: 0.312125742435
        mean: 0.185545891523
        min: 0.0747019797564
        var: 0.0021137103904
    spectral_flux:
        dmean: 0.00648198742419
        dmean2: 0.00943576358259
        dvar: 7.7980243077e-05
        dvar2: 0.000163896940649
        max: 0.102382771671
        mean: 0.023686401546
        min: 0.00399021198973
        var: 0.000208447381738
    spectral_kurtosis:
        dmean: 0.878344416618
        dmean2: 1.45249986649
        dvar: 1.29646945
        dvar2: 3.05830812454
        max: 12.9529838562
        mean: 2.26656341553
        min: -1.18050408363
        var: 5.85810756683
    spectral_rms:
        dmean: 0.000233871192904
        dmean2: 0.000308135437081
        dvar: 9.09009685301e-08
        dvar2: 1.48405504774e-07
        max: 0.00520526058972
        mean: 0.00180240138434
        min: 0.000182919815416
        var: 6.79299603235e-07
    spectral_rolloff:
        dmean: 515.939208984
        dmean2: 839.642578125
        dvar: 782374.0625
        dvar2: 1438460.5
        max: 6976.7578125
        mean: 1854.32043457
        min: 258.3984375
        var: 2695060.75
    spectral_skewness:
        dmean: 0.186981618404
        dmean2: 0.279522806406
        dvar: 0.0496545247734
        dvar2: 0.102955140173
        max: 3.19380831718
        mean: 1.40490019321
        min: -0.104929730296
        var: 0.33657759428
    spectral_spread:
        dmean: 894123.1875
        dmean2: 1221915.25
        dvar: 1.47793300685e+12
        dvar2: 2.52987834368e+12
        max: 18319898
        mean: 7404182.5
        min: 3247875
        var: 5.92139884954e+12
    spectral_strongpeak:
        dmean: 0.144558057189
        dmean2: 0.242657214403
        dvar: 0.0720620155334
        dvar2: 0.161665871739
        max: 3.84459662437
        mean: 0.413898140192
        min: 0.0107720335945
        var: 0.125856742263
    zerocrossingrate:
        dmean: 0.0113539686427
        dmean2: 0.012625394389
        dvar: 0.000188826699741
        dvar2: 0.000185026510735
        max: 0.24560546875
        mean: 0.0704231634736
        min: 0.01953125
        var: 0.00181573745795
    barkbands:
        dmean: [2.85193209493e-07, 8.71380962053e-06, 2.10101115954e-05, 6.18509657215e-05, 0.000320413004374, 0.00032485628617, 0.000242453359533, 7.52717387513e-05, 0.000103838130599, 5.47953968635e-05, 1.55365287355e-05, 2.1910707801e-05, 1.82868716365e-05, 1.39100320666e-05, 1.80630959221e-05, 1.17437757581e-05, 1.7078644305e-05, 3.84125996788e-05, 4.73915206385e-05, 0.000138248055009, 3.63328435924e-05, 2.62852063315e-05, 6.60192972646e-06, 5.59999671168e-06, 5.15126657774e-06, 1.39320988524e-07, 2.51629855841e-10]
        dmean2: [4.32477634149e-07, 1.42979024531e-05, 3.66167805623e-05, 0.000101080426248, 0.000488107994897, 0.000454315915704, 0.000393621972762, 0.00010868087702, 0.000142831428093, 7.85592128523e-05, 2.4928325729e-05, 3.40466758644e-05, 2.76725131698e-05, 2.21468035306e-05, 2.65770613623e-05, 1.74764154508e-05, 2.77441977232e-05, 5.94133744016e-05, 7.37537266104e-05, 0.000199315865757, 5.67818497075e-05, 3.17490448651e-05, 9.53033941187e-06, 8.01410988061e-06, 7.26786220184e-06, 1.9992556588e-07, 4.58201809828e-10]
        dvar: [1.49584175341e-12, 6.50270337577e-10, 3.85431997429e-09, 1.06974447078e-08, 2.62116316208e-07, 3.08814236405e-07, 3.06421270579e-07, 2.26759411248e-08, 4.65457219434e-08, 9.53724832442e-09, 1.08846598401e-09, 2.59082399978e-09, 2.40671593765e-09, 9.08963293522e-10, 1.24533050538e-09, 6.35727748222e-10, 1.53264212432e-09, 5.34417177178e-09, 3.78946900526e-08, 8.33217256968e-07, 1.45807854679e-08, 1.57799053824e-08, 3.68793773298e-10, 1.27239108139e-10, 1.05757833047e-10, 1.08920068331e-13, 2.04028316707e-18]
        dvar2: [3.55471554969e-12, 1.42579115181e-09, 1.05649924365e-08, 2.78218159622e-08, 5.48067532691e-07, 5.86803196256e-07, 8.35404080135e-07, 5.07218871348e-08, 9.74457137204e-08, 1.84631403499e-08, 3.08044412201e-09, 6.81594425345e-09, 5.2658659655e-09, 2.2776089903e-09, 2.56136667431e-09, 1.56112966998e-09, 3.38454930748e-09, 1.01370423167e-08, 9.20407359217e-08, 1.80361519142e-06, 3.33818661602e-08, 2.21703970738e-08, 5.25584131772e-10, 2.375059871e-10, 2.06524852775e-10, 2.19570794381e-13, 4.19770586223e-18]
        max: [1.08652002382e-05, 0.000275858561508, 0.000693272100762, 0.00131580652669, 0.00768146384507, 0.00902806036174, 0.0083884941414, 0.00170045648701, 0.00369905750267, 0.00152045511641, 0.000411449262174, 0.000671365531161, 0.000601723790169, 0.000278241815977, 0.000381787889637, 0.000244458438829, 0.000636950018816, 0.000993409194052, 0.00338058033958, 0.0176461581141, 0.00146650907118, 0.00305280997418, 0.000436910748249, 0.000152933498612, 0.000111860994366, 2.54269684774e-06, 2.88580803698e-08]
        mean: [2.34879436789e-07, 1.25792066683e-05, 2.49144868576e-05, 0.000131237902679, 0.00116970855743, 0.00082312093582, 0.00061660213396, 0.000145924597746, 0.000282383407466, 0.000159051254741, 2.58006257354e-05, 3.6052930227e-05, 3.08746602968e-05, 2.72102115559e-05, 3.1396997656e-05, 2.21570044232e-05, 3.1877807487e-05, 7.81156559242e-05, 6.81226010784e-05, 0.000179019421921, 5.83673609071e-05, 3.91284484067e-05, 1.26142485897e-05, 1.05847748273e-05, 8.91797208169e-06, 1.54185585188e-07, 3.0304617149e-10]
        min: [2.69908696088e-11, 1.27443344766e-08, 1.25762070979e-07, 2.34589421666e-07, 4.5793017307e-06, 1.62874869147e-06, 1.30088972128e-06, 5.05669603967e-08, 5.97215944254e-07, 8.6404384092e-08, 6.06254388913e-08, 6.00414935548e-08, 9.27398602357e-08, 2.1539527495e-08, 3.2163345054e-07, 6.44315463205e-08, 7.96949791493e-07, 2.7409768677e-07, 7.78615230956e-07, 1.91298272512e-06, 7.08329309873e-07, 7.62004290777e-08, 4.15511145491e-08, 9.25314083133e-08, 6.43963531388e-08, 2.10543388279e-12, 1.56896400711e-13]
        var: [1.38141614033e-12, 1.01330233093e-09, 3.3738212224e-09, 4.69293546246e-08, 1.12134330266e-06, 1.09607992727e-06, 9.72030079538e-07, 5.96000795383e-08, 1.94402488773e-07, 5.71647085224e-08, 1.91719795595e-09, 4.37323643965e-09, 3.79518816374e-09, 1.96081417769e-09, 2.86363888158e-09, 1.2971453911e-09, 2.70099032029e-09, 1.40883207322e-08, 3.98901711662e-08, 8.68372410423e-07, 1.79536598921e-08, 4.4617141981e-08, 1.49698642371e-09, 3.5638281215e-10, 2.306192598e-10, 1.58398034272e-13, 3.96572181867e-18]
    mfcc:
        mean: [-749.667419434, 97.3304595947, 1.17051196098, 29.7168598175, -21.1075954437, -28.0567111969, -9.55139541626, -19.4912109375, -17.2200183868, -11.5077152252, -15.071562767, -12.2897472382, -9.80626964569]
        cov: [[2758.45166016, 417.61706543, -531.507446289, -257.958831787, -255.18270874, -128.84262085, 80.5331497192, -190.374298096, 20.3583183289, 50.7393608093, -111.849998474, -44.4965324402, -154.140182495], [417.61706543, 1298.15600586, -243.466781616, -203.470153809, -192.570800781, -147.701416016, 100.998161316, -67.3686523438, -89.6310577393, 26.9175701141, -83.029045105, -4.52240800858, -132.042999268], [-531.507446289, -243.466781616, 597.862548828, 71.881942749, 70.4069061279, 79.6355361938, -12.8763971329, 95.2324829102, -7.58400201797, -42.1183280945, 76.3323745728, 12.756521225, 46.2367897034], [-257.958831787, -203.470153809, 71.881942749, 274.995758057, 62.1610565186, 40.0763549805, 14.5755119324, 23.7073955536, 74.9394683838, 28.77759552, 23.84948349, 15.3660154343, -9.64200019836], [-255.18270874, -192.570800781, 70.4069061279, 62.1610565186, 277.246002197, 109.445365906, -38.4322547913, 36.4203529358, 24.2232265472, 1.7879781723, 44.0522956848, 29.4833488464, 23.5999450684], [-128.84262085, -147.701416016, 79.6355361938, 40.0763549805, 109.445365906, 193.339645386, 24.5553035736, 13.6490821838, -2.72614693642, -16.0225982666, 46.3054695129, 14.5767002106, -2.56216287613], [80.5331497192, 100.998161316, -12.8763971329, 14.5755119324, -38.4322547913, 24.5553035736, 125.314186096, 28.9183254242, 12.5959682465, 32.2531585693, 15.5909328461, 4.25686407089, -26.033115387], [-190.374298096, -67.3686523438, 95.2324829102, 23.7073955536, 36.4203529358, 13.6490821838, 28.9183254242, 102.938873291, 31.3522434235, 14.2994375229, 36.8907470703, 14.0304098129, 41.6613235474], [20.3583183289, -89.6310577393, -7.58400201797, 74.9394683838, 24.2232265472, -2.72614693642, 12.5959682465, 31.3522434235, 108.406333923, 49.1903038025, 10.6625366211, 9.06015110016, -7.1880402565], [50.7393608093, 26.9175701141, -42.1183280945, 28.77759552, 1.7879781723, -16.0225982666, 32.2531585693, 14.2994375229, 49.1903038025, 75.4885787964, 16.1042118073, 2.19524097443, -13.2888774872], [-111.849998474, -83.029045105, 76.3323745728, 23.84948349, 44.0522956848, 46.3054695129, 15.5909328461, 36.8907470703, 10.6625366211, 16.1042118073, 72.8650512695, 27.9739627838, 10.11003685], [-44.4965324402, -4.52240800858, 12.756521225, 15.3660154343, 29.4833488464, 14.5767002106, 4.25686407089, 14.0304098129, 9.06015110016, 2.19524097443, 27.9739627838, 46.6047973633, 11.6166324615], [-154.140182495, -132.042999268, 46.2367897034, -9.64200019836, 23.5999450684, -2.56216287613, -26.033115387, 41.6613235474, -7.1880402565, -13.2888774872, 10.11003685, 11.6166324615, 97.279083252]]
        icov: [[0.00057934463257, 7.63343559811e-05, 0.00024738884531, 0.000624857319053, 0.00018475097022, 9.90658954834e-05, -0.000510577578098, 0.000836447288748, -0.000683079066221, 5.58869396627e-05, 9.11207025638e-05, -8.72231030371e-05, 0.000386980187614], [7.63343559811e-05, 0.00152868393343, 0.000130551372422, 0.000833638012409, 0.000236749503529, 0.000634676369373, -0.000752376217861, -0.000846262730192, 0.00170666479971, -0.00130538432859, 0.00205094530247, -0.00219725444913, 0.00233388831839], [0.00024738884531, 0.000130551372422, 0.00266847503372, -0.000373872637283, 0.000288429902866, -0.00021284428658, 0.000460393290268, -0.0019285029266, 0.000224845760386, 0.00193347362801, -0.00228859507479, 0.00117474305443, 0.000515657186043], [0.000624857319053, 0.000833638012409, -0.000373872637283, 0.00600101891905, -0.000362285674782, 4.76420827908e-05, -0.00151780375745, 0.00143767066766, -0.00338676129468, -0.000502573384438, 0.00114806438796, -0.00171645230148, 0.00172815518454], [0.00018475097022, 0.000236749503529, 0.000288429902866, -0.000362285674782, 0.006385254208, -0.00379829690792, 0.00377182243392, -0.0026049236767, 0.000446786085377, -0.00221236632206, 0.000840502616484, -0.00288460031152, 0.000904883723706], [9.90658954834e-05, 0.000634676369373, -0.00021284428658, 4.76420827908e-05, -0.00379829690792, 0.00983764883131, -0.00484988233075, 0.00301267229952, -0.000510409066919, 0.00473587820306, -0.00513492478058, 0.00186009705067, 0.000637576798908], [-0.000510577578098, -0.000752376217861, 0.000460393290268, -0.00151780375745, 0.00377182243392, -0.00484988233075, 0.0151976654306, -0.0084288707003, 0.00344253890216, -0.00634472165257, 0.00133346079383, -0.00205609854311, 0.00392916565761], [0.000836447288748, -0.000846262730192, -0.0019285029266, 0.00143767066766, -0.0026049236767, 0.00301267229952, -0.0084288707003, 0.0240000467747, -0.00919258687645, 0.00372400507331, -0.00851832237095, 0.00433510355651, -0.0103898914531], [-0.000683079066221, 0.00170666479971, 0.000224845760386, -0.00338676129468, 0.000446786085377, -0.000510409066919, 0.00344253890216, -0.00919258687645, 0.0212664082646, -0.0128340898082, 0.00711755547673, -0.00623729405925, 0.00535126496106], [5.58869396627e-05, -0.00130538432859, 0.00193347362801, -0.000502573384438, -0.00221236632206, 0.00473587820306, -0.00634472165257, 0.00372400507331, -0.0128340898082, 0.0285059548914, -0.0127790328115, 0.00826016999781, -0.00199599540792], [9.11207025638e-05, 0.00205094530247, -0.00228859507479, 0.00114806438796, 0.000840502616484, -0.00513492478058, 0.00133346079383, -0.00851832237095, 0.00711755547673, -0.0127790328115, 0.0328829847276, -0.0177850835025, 0.0052822092548], [-8.72231030371e-05, -0.00219725444913, 0.00117474305443, -0.00171645230148, -0.00288460031152, 0.00186009705067, -0.00205609854311, 0.00433510355651, -0.00623729405925, 0.00826016999781, -0.0177850835025, 0.0348112359643, -0.00714830495417], [0.000386980187614, 0.00233388831839, 0.000515657186043, 0.00172815518454, 0.000904883723706, 0.000637576798908, 0.00392916565761, -0.0103898914531, 0.00535126496106, -0.00199599540792, 0.0052822092548, -0.00714830495417, 0.0197128020227]]
    spectral_contrast:
        mean: [-3.00425512023e-07, 7.04149494268e-09, 1.94655115138e-07, 2.31420600016e-07, -5.3163720537e-08, -6.06212665843e-07, 1.28818456346e-07, 1.70123905718e-06, -2.28851195061e-06, 4.96333996125e-07, 4.67033032692e-06, 2.38140046349e-06]
        var: [0.000378396915039, 0.000743317359593, 0.00141950754914, 0.00167011888698, 0.00347047788091, 0.0111944675446, 0.0785100907087, 0.134516701102, 0.220106378198, 0.438175678253, 0.608507514, 1.50572764874]

rhythm:
    beats_loudness:
        dmean: 0.00212492723949
        dmean2: 0.00296204304323
        dvar: 2.73191199085e-06
        dvar2: 4.54966220786e-06
        max: 0.00806331634521
        mean: 0.00437833089381
        min: 0.000172834392288
        var: 5.59302588954e-06
    beats_loudness_bass:
        dmean: 0.0521540418267
        dmean2: 0.099836781621
        dvar: 0.00327883847058
        dvar2: 0.0117185115814
        max: 0.216583922505
        mean: 0.0339378677309
        min: 0.000854317622725
        var: 0.0025996658951
    bpm: 130.585586548
    bpm_confidence: 0
    first_peak_bpm: 130
    first_peak_spread: 0
    first_peak_weight: 0.952381014824
    onset_rate: 3.62664484978
    second_peak_bpm: 165
    second_peak_spread: 0
    second_peak_weight: 0.047619048506
    beats_position: [0.0798727571964, 0.542395532131, 1.00491833687, 1.46744120121, 1.92996394634, 2.39248681068, 2.85500979424, 3.31753253937, 3.7800552845, 4.24257802963, 4.70510053635, 5.16762304306, 5.63014602661, 5.99341678619, 6.45069360733, 6.9079709053, 7.36524868011, 7.82252597809, 8.27980327606, 8.73708057404, 9.19435882568, 9.65163612366]
    bpm_estimates: [129.550140381, 131.937713623, 127.750061035, 130.411514282, 132.379058838, 131.107543945, 130.963088989]
    bpm_intervals: [0.462522774935, 0.462522804737, 0.462522864342, 0.462522745132, 0.462522864342, 0.462522983551, 0.462522745132, 0.462522745132, 0.462522745132, 0.462522506714, 0.462522506714, 0.462522983551, 0.363270759583, 0.457276821136, 0.457277297974, 0.457277774811, 0.457277297974, 0.457277297974, 0.457277297974, 0.457278251648, 0.457277297974]
    onset_times: [0.0464399084449, 0.150929704309, 0.603718817234, 1.04489791393, 1.33514738083, 1.52090704441, 1.97369611263, 2.26394557953, 2.50775504112, 2.71673464775, 2.91410422325, 3.27401351929, 3.40172338486, 3.84290242195, 4.29569149017, 4.74848079681, 5.13160991669, 5.21287965775, 5.46829938889, 5.67727899551, 5.89786863327, 6.14167785645, 6.60607719421, 7.04725646973, 7.37233543396, 7.53487539291, 7.87156438828, 7.97605419159, 8.26630401611, 8.45206356049, 8.64943313599, 8.91646289825, 9.17188167572, 9.35764217377, 9.63628101349, 9.83365058899]
    rubato_start: []
    rubato_stop: []
    perceptual_tempo: "unknown"

sfx:
    inharmonicity:
        dmean: 0.0388453118503
        dmean2: 0.0704868733883
        dvar: 0.00338918785565
        dvar2: 0.00944319553673
        max: 0.408424973488
        mean: 0.03712426126
        min: 4.44058350695e-05
        var: 0.0038887555711
    oddtoevenharmonicenergyratio:
        dmean: 4.48210048676
        dmean2: 8.48244094849
        dvar: 212.338394165
        dvar2: 548.287475586
        max: 134.695755005
        mean: 3.04559588432
        min: 0.000142443925142
        var: 151.909362793
    pitch_after_max_to_before_max_energy_ratio: 3.94181251526
    pitch_centroid: 211.303482056
    pitch_max_to_total: 0.233644858003
    pitch_min_to_total: 0.0630841106176
    tristimulus:
        dmean: [0.202136591077, 0.220642194152, 0.0912836119533]
        dmean2: [0.352353662252, 0.383289575577, 0.163953304291]
        dvar: [0.0502600446343, 0.05358530581, 0.0177983939648]
        dvar2: [0.122252188623, 0.131497770548, 0.0519349910319]
        max: [0.967557609081, 0.953507304192, 0.852473199368]
        mean: [0.438869953156, 0.441719412804, 0.0863092169166]
        min: [0.00346888648346, 0, 0]
        var: [0.064661256969, 0.0639890730381, 0.0136532112956]

tonal:
    chords_changes_rate: 0.0558139532804
    chords_number_rate: 0.0232558138669
    chords_strength:
        dmean: 0.00936816539615
        dmean2: 0.00823727995157
        dvar: 6.41027727397e-05
        dvar2: 6.73626273056e-05
        max: 0.650766670704
        mean: 0.519407570362
        min: 0.312923192978
        var: 0.00772966211662
    key_strength: 0.809087574482
    tuning_diatonic_strength: 0.617428421974
    tuning_equal_tempered_deviation: 0.126715272665
    tuning_frequency: 440.763122559
    tuning_nontempered_energy_ratio: 0.723680913448
    hpcp:
        dmean: [0.110719121993, 0.0928023681045, 0.072965465486, 0.0512221604586, 0.0574465468526, 0.0705384239554, 0.073882624507, 0.0627970099449, 0.0427960418165, 0.0412938557565, 0.0431286543608, 0.0630732402205, 0.0652946606278, 0.0551210157573, 0.0834355428815, 0.0896196961403, 0.0767273232341, 0.0537515357137, 0.0721311345696, 0.0837464183569, 0.0932093113661, 0.128577113152, 0.122474089265, 0.0649512037635, 0.0506674833596, 0.0516007468104, 0.0896200612187, 0.121391035616, 0.106928631663, 0.0645754262805, 0.0754972323775, 0.0954184606671, 0.135311886668, 0.137391477823, 0.142892584205, 0.11849501729]
        dmean2: [0.178475648165, 0.140075877309, 0.122852176428, 0.0876783058047, 0.0931537151337, 0.110097758472, 0.118943110108, 0.105722844601, 0.0699546262622, 0.067977629602, 0.0716969370842, 0.104653559625, 0.111527256668, 0.0906088203192, 0.138773962855, 0.147430494428, 0.131259575486, 0.0868358463049, 0.111458621919, 0.139869049191, 0.146148711443, 0.214180797338, 0.205354139209, 0.104103252292, 0.0776733532548, 0.0822106823325, 0.150080293417, 0.201517000794, 0.182072132826, 0.114598818123, 0.134933009744, 0.16070087254, 0.226969599724, 0.22801142931, 0.229719534516, 0.1855558604]
        dvar: [0.0360718071461, 0.0253080744296, 0.0275917649269, 0.0161988753825, 0.0184263437986, 0.0223335791379, 0.0244766455144, 0.0171998254955, 0.00595443230122, 0.00724936602637, 0.00906360708177, 0.0160375852138, 0.0177577547729, 0.00875462405384, 0.0175785329193, 0.0263351052999, 0.0182327739894, 0.0104429265484, 0.015640117228, 0.0229608677328, 0.0189595483243, 0.0453848391771, 0.0335033945739, 0.0202839188278, 0.0161368902773, 0.0176676213741, 0.0263954941183, 0.0390824154019, 0.0349046587944, 0.0257511232048, 0.0331145785749, 0.0346961282194, 0.0564302094281, 0.0504329912364, 0.0519948638976, 0.036065608263]
        dvar2: [0.0954079180956, 0.0588130950928, 0.0734686926007, 0.042913723737, 0.0423182062805, 0.0469220913947, 0.0597779899836, 0.0528605058789, 0.0181399844587, 0.0202637650073, 0.0253720823675, 0.0442615374923, 0.0462257005274, 0.0243085250258, 0.0459387749434, 0.0556175708771, 0.047328453511, 0.0289037507027, 0.0400402396917, 0.0602393113077, 0.044554296881, 0.107039146125, 0.0850040540099, 0.0466621927917, 0.0361936017871, 0.0412209928036, 0.0621758848429, 0.0944349691272, 0.0967417359352, 0.0597078166902, 0.0900788009167, 0.0841991826892, 0.124642252922, 0.114493452013, 0.122377738357, 0.0760303139687]
        max: [1, 1, 1, 0.974379122257, 1, 1, 1, 1, 0.483631044626, 0.680432856083, 0.792234361172, 1, 1, 0.881037771702, 0.863347828388, 1, 1, 0.84448248148, 0.88379919529, 0.898996114731, 1, 1, 1, 1, 1, 1, 1, 1, 1, 1, 1, 1, 1, 1, 1, 1]
        mean: [0.260874271393, 0.147590175271, 0.0731981247663, 0.0556685253978, 0.0667852014303, 0.10611692071, 0.132148146629, 0.0894399657845, 0.0523029193282, 0.0515673942864, 0.0517570748925, 0.109224595129, 0.151165813208, 0.0982661396265, 0.153697431087, 0.219536945224, 0.123295150697, 0.0728362128139, 0.0936884060502, 0.0963441058993, 0.179444998503, 0.316958397627, 0.221865564585, 0.0719707533717, 0.0637772753835, 0.070256575942, 0.154648020864, 0.222173988819, 0.154230475426, 0.0853624045849, 0.0716965794563, 0.107030697167, 0.230870887637, 0.263164460659, 0.199668079615, 0.251606404781]
        min: [0.00278365146369, 0.00232877884991, 0.000718150404282, 0.000822616508231, 0.000646796135698, 0.00189901387785, 0.00177366519347, 0.00102472316939, 0.000314570206683, 0.000202556402655, 0.000160138632054, 0.000420895725256, 0.00093836610904, 0.00152809848078, 0.00234221015126, 0.00158441474196, 0.00141404813621, 0.000295098434435, 0.000199740825337, 0.000560435291845, 0.000581295404118, 0.000968418549746, 0.000960914243478, 8.68626593729e-05, 0.000146746140672, 0.00010109689174, 0.000475242355606, 0.00115693511907, 0.00183839397505, 0.000221695401706, 0.000160742391017, 0.00010283751908, 0.000267739756964, 0.000212929109694, 0.000467951933388, 0.000935181160457]
        var: [0.105412431061, 0.0459919013083, 0.0262942444533, 0.0152713358402, 0.0225285124034, 0.0314639173448, 0.040265198797, 0.0187630169094, 0.00672185467556, 0.00736830476671, 0.00828435271978, 0.0255522932857, 0.0647448375821, 0.0212395936251, 0.0458895713091, 0.10040140897, 0.0277273934335, 0.0132845770568, 0.0267900843173, 0.026074571535, 0.0423177182674, 0.135603964329, 0.0738920047879, 0.030055616051, 0.028746176511, 0.0272796545178, 0.0557080879807, 0.0865033939481, 0.0460189916193, 0.0406862124801, 0.0302351582795, 0.043936688453, 0.119636684656, 0.118629448116, 0.0843400135636, 0.0980746224523]
    chords_histogram: [13.9534883499, 28.8372097015, 18.6046504974, 0.930232584476, 0, 0, 0, 0, 0.930232584476, 0, 0, 0, 0, 0, 0, 0, 0, 0, 0, 0, 0, 0, 32.0930213928, 4.65116262436]
    thpcp: [1, 0.699983239174, 0.227066874504, 0.201216548681, 0.221658661962, 0.487912684679, 0.700956285, 0.486595332623, 0.269317388535, 0.226201862097, 0.337680578232, 0.728394925594, 0.830280780792, 0.629950404167, 0.793815255165, 0.823055267334, 0.465645253658, 0.230939224362, 0.175633534789, 0.2107065171, 0.334797620773, 0.41692584753, 0.28218203783, 0.165015086532, 0.162694513798, 0.163292959332, 0.344602316618, 0.476926356554, 0.310028523207, 0.48491358757, 0.692636489868, 0.388994753361, 0.229797393084, 0.295585811138, 0.303964525461, 0.566146850586]
    chords_key: "D"
    chords_scale: "major"
    key_key: "A"
    key_scale: "major"
    chords_progression: ["E", "E", "E", "E", "E", "E", "E", "E", "E", "E", "E", "E", "E", "E", "E", "E", "E", "E", "E", "E", "E", "E", "E", "E", "E", "E", "E", "E", "E", "C#m", "C#m", "C#m", "C#m", "C#m", "C#m", "C#m", "C#m", "C#m", "C#m", "C#m", "C#m", "C#m", "C#m", "C#m", "C#m", "C#m", "C#m", "C#m", "C#m", "C#m", "C#m", "C#m", "C#m", "C#m", "C#m", "A", "A", "A", "A", "A", "A", "A", "A", "A", "A", "F#m", "F#m", "F#m", "F#m", "F#m", "F#m", "F#m", "F#m", "F#m", "F#m", "C#", "C#", "D", "D", "D", "D", "D", "D", "D", "D", "D", "D", "D", "D", "D", "D", "D", "D", "D", "D", "D", "D", "D", "D", "D", "D", "D", "D", "D", "D", "D", "D", "D", "D", "D", "D", "D", "D", "D", "D", "D", "D", "D", "D", "D", "D", "D", "D", "D", "D", "D", "A", "A", "A", "A", "A", "A", "A", "A", "A", "A", "A", "A", "A", "A", "A", "A", "A", "A", "A", "A", "C#m", "C#m", "C#m", "C#m", "C#m", "C#m", "C#m", "C#m", "C#m", "C#m", "C#m", "C#m", "C#m", "C#m", "C#m", "C#m", "C#m", "C#m", "C#m", "C#m", "C#m", "C#m", "E", "E", "E", "C#m", "C#m", "C#m", "C#m", "C#m", "C#m", "C#m", "C#m", "C#m", "C#m", "C#m", "C#m", "C#m", "C#m", "G#m", "G#m", "E", "E", "E", "E", "E", "E", "E", "E", "D", "D", "D", "D", "D", "D", "D", "D", "D", "D", "D", "D", "D", "D", "D", "D", "D", "D", "D", "D"]
