
metadata:
    version:
        essentia: "1.2.2"
    audio_properties:
        analysis_sample_rate: 44100
        bitrate: 128
        channels: 2
        equal_loudness: 1
        length: 10.0310201645
        replay_gain: -13.7061252594
        downmix: "mix"
    tags:
        track: 18
        year: 0
        album: "Splitted by Mp3Splt v. 2.1"
        artist: "From 002.50 To 003.00"
        comment: "http://mp3splt.sf.net"
        genre: ""
        title: "01 Blown It Again.mp3"

highlevel:
    ballroom:
        all:
            ChaChaCha: 0.440379500389
            Jive: 0.168656095862
            Quickstep: 0.01762291044
            Rumba-American: 0.000949097739067
            Rumba-International: 0.00157116667833
            Rumba-Misc: 0.00132400973234
            Samba: 0.367882400751
            Tango: 0.00041402268107
            VienneseWaltz: 0.000703054771293
            Waltz: 0.000497720378917
        probability: 0.440379500389
        value: "ChaChaCha"
    culture:
        all:
            non_western: 0.282097905874
            western: 0.717902064323
        probability: 0.717902064323
        value: "western"
    gender:
        all:
            female: 0.981738507748
            male: 0.018261520192
        probability: 0.981738507748
        value: "female"
    genre_dortmund:
        all:
            alternative: 0.0261668544263
            blues: 0.00263867224567
            electronic: 0.0945808440447
            folkcountry: 0.0103568863124
            funksoulrnb: 0.0184132270515
            jazz: 0.00740921869874
            pop: 0.0664135366678
            raphiphop: 0.723999381065
            rock: 0.0500213615596
        probability: 0.723999381065
        value: "raphiphop"
    genre_electronica:
        all:
            ambient: 0.0849504470825
            dnb: 0.669453561306
            house: 0.152388304472
            techno: 0.0510358922184
            trance: 0.042171806097
        probability: 0.669453561306
        value: "dnb"
    genre_rosamerica:
        all:
            cla: 0.00508256675676
            dan: 0.429786682129
            hip: 0.0533481426537
            jaz: 0.0026152622886
            pop: 0.410992830992
            rhy: 0.0739615783095
            roc: 0.0218364838511
            spe: 0.00237646047026
        probability: 0.429786682129
        value: "dan"
    genre_tzanetakis:
        all:
            blu: 0.000164306620718
            cla: 0.000417433097027
            cou: 0.00281557999551
            dis: 0.0863604545593
            hip: 0.0118984812871
            jaz: 0.000420818338171
            met: 0.00209083245136
            pop: 0.871532976627
            reg: 0.0212002638727
            roc: 0.00309883547015
        probability: 0.871532976627
        value: "pop"
    live_studio:
        all:
            live: 0.0104708978906
            studio: 0.989529073238
        probability: 0.989529073238
        value: "studio"
    mood:
        all:
            Cluster1: 0.475218445063
            Cluster2: 0.217739388347
            Cluster3: 0.117990098894
            Cluster4: 0.12250738591
            Cluster5: 0.0665446594357
        probability: 0.475218445063
        value: "Cluster1"
    mood_acoustic:
        all:
            acoustic: 0.00364812300541
            not_acoustic: 0.996351897717
        probability: 0.996351897717
        value: "not_acoustic"
    mood_aggressive:
        all:
            aggressive: 0.25501319766
            not_aggressive: 0.744986772537
        probability: 0.744986772537
        value: "not_aggressive"
    mood_electronic:
        all:
            electronic: 0.913012266159
            not_electronic: 0.0869877561927
        probability: 0.913012266159
        value: "electronic"
    mood_happy:
        all:
            happy: 0.761369049549
            not_happy: 0.238630965352
        probability: 0.761369049549
        value: "happy"
    mood_party:
        all:
            not_party: 0.0800996422768
            party: 0.919900357723
        probability: 0.919900357723
        value: "party"
    mood_relaxed:
        all:
            not_relaxed: 0.260907411575
            relaxed: 0.739092588425
        probability: 0.739092588425
        value: "relaxed"
    mood_sad:
        all:
            not_sad: 0.830567359924
            sad: 0.169432625175
        probability: 0.830567359924
        value: "not_sad"
    rhythm:
        all:
            fast: 0.910534799099
            medium: 0.0819994583726
            slow: 0.00746575370431
        probability: 0.910534799099
        value: "fast"
    speech_music:
        all:
            music: 0.996749281883
            speech: 0.00325074000284
        probability: 0.996749281883
        value: "music"
    timbre:
        all:
            bright: 0.950645506382
            dark: 0.0493545047939
        probability: 0.950645506382
        value: "bright"
    voice_instrumental:
        all:
            instrumental: 0.0191901866347
            voice: 0.980809807777
        probability: 0.980809807777
        value: "voice"

lowlevel:
    average_loudness: 0.969853281975
    barkbands_kurtosis:
        dmean: 0.819924712181
        dmean2: 1.3082575798
        dvar: 1.84750854969
        dvar2: 4.98739480972
        max: 10.2389726639
        mean: -0.368376910686
        min: -1.85506248474
        var: 2.19384479523
    barkbands_skewness:
        dmean: 0.43754607439
        dmean2: 0.6459877491
        dvar: 0.213899970055
        dvar2: 0.461879342794
        max: 3.21631884575
        mean: 0.019441626966
        min: -2.69754433632
        var: 0.681768774986
    barkbands_spread:
        dmean: 5.67285680771
        dmean2: 8.46303081512
        dvar: 28.8696422577
        dvar2: 68.9961700439
        max: 67.3615188599
        mean: 28.7027835846
        min: 8.03747367859
        var: 121.503921509
    dissonance:
        dmean: 0.0199244413525
        dmean2: 0.0336732119322
        dvar: 0.000359570345609
        dvar2: 0.000933689472731
        max: 0.499179124832
        mean: 0.465226709843
        min: 0.354069024324
        var: 0.000635332136881
    hfc:
        dmean: 3.0699968338
        dmean2: 4.36823034286
        dvar: 29.3533611298
        dvar2: 63.647354126
        max: 46.8253288269
        mean: 5.67527532578
        min: 0.324341952801
        var: 44.0916557312
    pitch:
        dmean: 675.437194824
        dmean2: 1278.28625488
        dvar: 1101265.25
        dvar2: 2561601
        max: 4900
        mean: 885.306640625
        min: 65.0442504883
        var: 1229286.25
    pitch_instantaneous_confidence:
        dmean: 0.100666351616
        dmean2: 0.157439604402
        dvar: 0.0061082271859
        dvar2: 0.0164440609515
        max: 0.817578494549
        mean: 0.401215881109
        min: 0.123458385468
        var: 0.0168401822448
    pitch_salience:
        dmean: 0.0669952780008
        dmean2: 0.105052493513
        dvar: 0.00346335326321
        dvar2: 0.00773923099041
        max: 0.820551931858
        mean: 0.602020025253
        min: 0.274778455496
        var: 0.00934215728194
    silence_rate_20dB:
        dmean: 0
        dmean2: 0
        dvar: 0
        dvar2: 0
        max: 1
        mean: 1
        min: 1
        var: 0
    silence_rate_30dB:
        dmean: 0
        dmean2: 0
        dvar: 0
        dvar2: 0
        max: 1
        mean: 1
        min: 1
        var: 0
    silence_rate_60dB:
        dmean: 0.164733171463
        dmean2: 0.330232560635
        dvar: 0.1375965029
        dvar2: 0.253737300634
        max: 1
        mean: 0.636574089527
        min: 0
        var: 0.231348574162
    spectral_centroid:
        dmean: 319.273040771
        dmean2: 434.619445801
        dvar: 145163.03125
        dvar2: 228157.6875
        max: 5679.45458984
        mean: 1695.9666748
        min: 424.231811523
        var: 572431.6875
    spectral_complexity:
        dmean: 4.42424249649
        dmean2: 6.39018678665
        dvar: 39.4237518311
        dvar2: 68.8875045776
        max: 51
        mean: 10.5139532089
        min: 0
        var: 83.0172348022
    spectral_crest:
        dmean: 2.18617200851
        dmean2: 3.4474875927
        dvar: 4.28222846985
        dvar2: 11.6059169769
        max: 18.4690723419
        mean: 6.98224306107
        min: 2.59216451645
        var: 9.05437374115
    spectral_decrease:
        dmean: 4.12841150155e-10
        dmean2: 6.16641904205e-10
        dvar: 4.97450238669e-19
        dvar2: 1.22006834586e-18
        max: -2.86111290909e-11
        mean: -7.51270490262e-10
        min: -5.19046006175e-09
        var: 5.99209894227e-19
    spectral_energy:
        dmean: 0.00182595651131
        dmean2: 0.00270434981212
        dvar: 9.34267973207e-06
        dvar2: 2.24848608923e-05
        max: 0.0238372050226
        mean: 0.00335023412481
        min: 0.000187824203749
        var: 1.18139741971e-05
    spectral_energyband_high:
        dmean: 0.0001983740367
        dmean2: 0.000294227385893
        dvar: 1.78851522037e-07
        dvar2: 4.29475335295e-07
        max: 0.00325995520689
        mean: 0.000238798398641
        min: 2.20500669457e-06
        var: 1.97064622398e-07
    spectral_energyband_low:
        dmean: 0.000176639950951
        dmean2: 0.00026731719845
        dvar: 3.46520494077e-07
        dvar2: 7.88821864717e-07
        max: 0.00694372225553
        mean: 0.000316078774631
        min: 2.14720574654e-09
        var: 4.20841530513e-07
    spectral_energyband_middle_high:
        dmean: 0.000886087189429
        dmean2: 0.00124890892766
        dvar: 2.07791913454e-06
        dvar2: 4.46455214842e-06
        max: 0.0151201309636
        mean: 0.00189563748427
        min: 7.44233839214e-05
        var: 3.99460668632e-06
    spectral_energyband_middle_low:
        dmean: 0.000759452639613
        dmean2: 0.00125715613831
        dvar: 2.86129647975e-06
        dvar2: 7.51656352804e-06
        max: 0.0112410951406
        mean: 0.000899685372133
        min: 5.51917673874e-06
        var: 2.41542784352e-06
    spectral_flatness_db:
        dmean: 0.0206439327449
        dmean2: 0.0314999260008
        dvar: 0.000378396973247
        dvar2: 0.000910758040845
        max: 0.290553420782
        mean: 0.143364667892
        min: 0.0750883743167
        var: 0.00128772808239
    spectral_flux:
        dmean: 0.0116670429707
        dmean2: 0.0171670671552
        dvar: 0.000258985121036
        dvar2: 0.000529838958755
        max: 0.133675009012
        mean: 0.0368472337723
        min: 0.0094405412674
        var: 0.00048098192201
    spectral_kurtosis:
        dmean: 1.30053031445
        dmean2: 1.95203435421
        dvar: 2.35451507568
        dvar2: 5.77810716629
        max: 18.1331100464
        mean: 3.77129292488
        min: -1.17344200611
        var: 5.27545261383
    spectral_rms:
        dmean: 0.000421128672315
        dmean2: 0.000587718910538
        dvar: 3.03973507698e-07
        dvar2: 6.75540150041e-07
        max: 0.00482242787257
        mean: 0.00163849070668
        min: 0.000428069062764
        var: 5.83869621096e-07
    spectral_rolloff:
        dmean: 575.674072266
        dmean2: 870.283569336
        dvar: 576801
        dvar2: 1206082.75
        max: 9883.74023438
        mean: 3100.93164062
        min: 236.865234375
        var: 1358000.625
    spectral_skewness:
        dmean: 0.218295231462
        dmean2: 0.325076013803
        dvar: 0.0585893243551
        dvar2: 0.127051785588
        max: 2.91258144379
        mean: 1.59175002575
        min: 0.049611646682
        var: 0.172486096621
    spectral_spread:
        dmean: 1091074.25
        dmean2: 1564919.5
        dvar: 1.75361700659e+12
        dvar2: 3.76596568474e+12
        max: 13344319
        mean: 5911295
        min: 2714473.75
        var: 4.20178952192e+12
    spectral_strongpeak:
        dmean: 0.359017312527
        dmean2: 0.602028906345
        dvar: 0.220536291599
        dvar2: 0.534707844257
        max: 3.37907910347
        mean: 0.566277205944
        min: 0.0146424286067
        var: 0.360748171806
    zerocrossingrate:
        dmean: 0.0120226452127
        dmean2: 0.012907509692
        dvar: 0.00019626073481
        dvar2: 0.000197247383767
        max: 0.27587890625
        mean: 0.0963140428066
        min: 0.0244140625
        var: 0.00112487864681
    barkbands:
        dmean: [6.53007589335e-07, 5.99134546064e-05, 0.000141581040225, 0.000195017506485, 0.000283671863144, 0.000192223873455, 9.97966053546e-05, 7.92899736552e-05, 7.12825931259e-05, 0.000177593596163, 6.20915088803e-05, 7.64640935813e-05, 8.43198795337e-05, 0.000103335631138, 0.000131555905682, 9.05305423657e-05, 0.000149451632751, 0.000198086825549, 0.000191531638848, 0.000114705850137, 8.75477780937e-05, 2.68567036983e-05, 1.30636935864e-05, 9.5455425253e-06, 8.5008705355e-06, 4.54973019259e-07, 2.67837951817e-09]
        dmean2: [1.03790944195e-06, 9.66885781963e-05, 0.000221612819587, 0.000343732885085, 0.000501894915942, 0.000303738721414, 0.000170606130268, 0.000128757717903, 0.000118209667562, 0.000274653517408, 0.00010351932724, 0.000122036755783, 0.000135049645905, 0.000174057335244, 0.000204072639463, 0.000142078439239, 0.000239381668507, 0.000313347525662, 0.000284468347672, 0.000176308531081, 0.000132455024868, 3.88146363548e-05, 2.16024473048e-05, 1.48457420437e-05, 1.31439392135e-05, 7.36170420623e-07, 3.33306804379e-09]
        dvar: [2.29982005662e-12, 2.12164419366e-08, 2.86114897108e-07, 5.71347186451e-07, 8.58842895468e-07, 3.18741712135e-07, 4.10454248367e-08, 3.2694693175e-08, 1.59573705361e-08, 1.20583322882e-07, 1.60491921974e-08, 1.81559247636e-08, 2.3625117862e-08, 4.20012042923e-08, 5.22396312874e-08, 2.87912040875e-08, 8.11454654581e-08, 9.04601407115e-08, 1.42180297757e-07, 6.80480098936e-08, 3.97794792661e-08, 2.25707696977e-09, 8.02915012255e-10, 2.6996363478e-10, 3.71563696477e-10, 1.07899756838e-12, 1.01791782096e-15]
        dvar2: [5.94938334708e-12, 5.02501258381e-08, 7.138992828e-07, 1.6082400407e-06, 2.35039533436e-06, 7.67098242704e-07, 1.10568585399e-07, 7.21216437682e-08, 4.23554880058e-08, 3.05284970636e-07, 3.81880660427e-08, 4.38367386835e-08, 5.17710141423e-08, 1.13859655926e-07, 1.13127271106e-07, 7.29875182515e-08, 1.84652378721e-07, 2.03985777603e-07, 3.2020790286e-07, 1.60090394274e-07, 9.61484118989e-08, 4.82387108036e-09, 2.19429185933e-09, 6.76733002969e-10, 8.96376750603e-10, 2.75926395447e-12, 9.99921335443e-16]
        max: [1.67287143995e-05, 0.00122912088409, 0.00604520086199, 0.00672472408041, 0.00931937620044, 0.00731847900897, 0.00129048200324, 0.00219208328053, 0.00136923126411, 0.00399977620691, 0.000904001528397, 0.00131093373057, 0.00165748840664, 0.0017858525971, 0.00271554710343, 0.00182163121644, 0.00326116080396, 0.00231541949324, 0.00412137666717, 0.00209533493035, 0.00196420308203, 0.000418174633523, 0.00021092921088, 0.000141347423778, 0.000299841951346, 8.38017331262e-06, 6.69645260132e-07]
        mean: [1.01633509075e-06, 0.00013986605336, 0.000175231150934, 0.000173024178366, 0.000226011456107, 0.000218010187382, 0.000101628043922, 8.07223259471e-05, 8.78493592609e-05, 0.000300160056213, 6.64581384626e-05, 0.000103288155515, 0.000103434962512, 0.000130702683236, 0.000201713555725, 0.0001293966925, 0.000231529484154, 0.000301639054669, 0.000266372808255, 0.000144392703078, 0.000100119214039, 3.4992415749e-05, 1.3014072465e-05, 1.09209895527e-05, 8.33964531921e-06, 3.98195339812e-07, 2.59241184075e-09]
        min: [3.8344917519e-11, 3.55638712923e-10, 1.26097499109e-09, 5.96222946569e-08, 3.78504381615e-07, 1.12756708859e-07, 1.57217073138e-07, 4.98860437403e-08, 6.71808919606e-08, 2.56588947423e-07, 2.21350063612e-07, 4.51443256111e-08, 2.44330209398e-07, 6.11398490946e-07, 8.2505056298e-07, 7.05310185367e-07, 4.94646883453e-07, 4.85433611175e-06, 9.16587760003e-06, 2.74113745036e-06, 2.32497612274e-07, 3.45498847309e-08, 6.61532428836e-09, 5.29250954173e-09, 1.73037550955e-09, 1.73242420409e-10, 3.92583860385e-13]
        var: [5.24653671202e-12, 4.14328269471e-08, 2.59464286501e-07, 3.57524612582e-07, 4.88846069402e-07, 4.0834788706e-07, 3.67553951719e-08, 4.07794544799e-08, 1.8368154997e-08, 2.35233741819e-07, 1.82078245814e-08, 2.60056829404e-08, 3.84958731559e-08, 4.88432654322e-08, 1.14615701818e-07, 3.95709882639e-08, 1.43636000871e-07, 1.39539807265e-07, 1.87993805412e-07, 7.36437115734e-08, 4.26965200973e-08, 3.3614060424e-09, 7.12736814013e-10, 3.52767010048e-10, 4.29901947374e-10, 9.18014037184e-13, 1.04189202974e-15]
    mfcc:
        mean: [-731.613098145, 88.9901733398, -48.828704834, 31.2169971466, -3.2527410984, -10.2824344635, 3.27163314819, 1.05778610706, -1.70379805565, -3.25577163696, -4.15106058121, -6.51687765121, -7.31039190292]
        cov: [[3343.97607422, -600.87121582, 155.158752441, -120.269622803, -179.995254517, 185.860855103, -93.484992981, 58.1983566284, 101.532699585, -56.0068893433, 78.7024612427, 24.0157356262, -11.958486557], [-600.87121582, 1388.8737793, 36.1501045227, 259.995788574, 77.3837661743, -31.1809597015, 263.149078369, 176.857315063, 77.0445785522, 67.9536590576, 61.3527450562, 38.3233222961, 53.4927444458], [155.158752441, 36.1501045227, 714.715026855, 332.422454834, 185.995773315, 186.784927368, 142.767868042, 58.7609672546, 146.132278442, 57.4284934998, 58.2377662659, -0.774288833141, 39.5859069824], [-120.269622803, 259.995788574, 332.422454834, 478.266693115, 211.823348999, 127.923240662, 135.212539673, 81.9655380249, 132.146636963, 75.2338638306, 53.0048789978, 24.5091915131, 56.7849655151], [-179.995254517, 77.3837661743, 185.995773315, 211.823348999, 306.577514648, 98.9481887817, 78.9349517822, 11.8079462051, 69.471206665, 55.8744621277, 18.7825603485, 9.96421527863, 12.6104850769], [185.860855103, -31.1809597015, 186.784927368, 127.923240662, 98.9481887817, 304.368988037, 206.089004517, 122.143211365, 101.645645142, 37.6698188782, 43.8997840881, 15.7413415909, 8.96398830414], [-93.484992981, 263.149078369, 142.767868042, 135.212539673, 78.9349517822, 206.089004517, 350.401519775, 201.456893921, 112.120918274, 67.018661499, 52.9593162537, 27.5598564148, 33.4572525024], [58.1983566284, 176.857315063, 58.7609672546, 81.9655380249, 11.8079462051, 122.143211365, 201.456893921, 260.135498047, 120.858390808, 54.9183616638, 44.6055793762, 26.0163002014, 35.6343078613], [101.532699585, 77.0445785522, 146.132278442, 132.146636963, 69.471206665, 101.645645142, 112.120918274, 120.858390808, 212.940475464, 65.9647903442, 36.6218299866, 2.41802763939, 13.0893754959], [-56.0068893433, 67.9536590576, 57.4284934998, 75.2338638306, 55.8744621277, 37.6698188782, 67.018661499, 54.9183616638, 65.9647903442, 102.45450592, 48.8802757263, 8.82415962219, 8.0607881546], [78.7024612427, 61.3527450562, 58.2377662659, 53.0048789978, 18.7825603485, 43.8997840881, 52.9593162537, 44.6055793762, 36.6218299866, 48.8802757263, 109.746109009, 38.9527893066, 9.68716812134], [24.0157356262, 38.3233222961, -0.774288833141, 24.5091915131, 9.96421527863, 15.7413415909, 27.5598564148, 26.0163002014, 2.41802763939, 8.82415962219, 38.9527893066, 84.0165634155, 28.2492485046], [-11.958486557, 53.4927444458, 39.5859069824, 56.7849655151, 12.6104850769, 8.96398830414, 33.4572525024, 35.6343078613, 13.0893754959, 8.0607881546, 9.68716812134, 28.2492485046, 82.4524230957]]
        icov: [[0.000396687712055, 0.000100390614534, -0.000109239568701, 9.26784196054e-05, 0.000263843976427, -0.000378220982384, 0.000381680700229, -0.000168789891177, -0.000254097394645, 0.000328451278619, -0.000372473790776, -6.65596089675e-05, -2.53480993706e-05], [0.000100390614534, 0.00118194462266, 0.000202923663892, -0.000725519552361, 3.11337607855e-05, 0.00118318898603, -0.00123170914594, -0.000280148960883, 1.85140379472e-05, 0.000390285771573, -0.000466632045573, 3.96525101678e-05, 0.000137611437822], [-0.000109239568701, 0.000202923663892, 0.00249109463766, -0.00135895295534, -0.000328581780195, -0.00044751164387, -0.000520529982168, 0.000715894741006, -0.000691258173902, 0.00048827775754, -0.000779854715802, 0.000955302617513, -0.000580517109483], [9.26784196054e-05, -0.000725519552361, -0.00135895295534, 0.00486823450774, -0.00182520248927, -0.000772208208218, 0.000770469079725, -2.19786397793e-05, -0.00095702521503, -0.000618520774879, -0.000201676390134, -0.000205013129744, -0.00184987741522], [0.000263843976427, 3.11337607855e-05, -0.000328581780195, -0.00182520248927, 0.00561621645465, -0.00127988343593, -9.32475159061e-05, 0.00137329276185, -0.000362655613571, -0.00188387709204, 0.00110842986032, -0.000878329155967, 0.000569797528442], [-0.000378220982384, 0.00118318898603, -0.00044751164387, -0.000772208208218, -0.00127988343593, 0.00826867390424, -0.00492395740002, -0.000521812471561, -0.000549866934307, 0.00168383785058, -0.000961006677244, -4.99877787661e-05, 0.00149725202937], [0.000381680700229, -0.00123170914594, -0.000520529982168, 0.000770469079725, -9.32475159061e-05, -0.00492395740002, 0.00922384299338, -0.00396365998313, 0.00041785967187, -0.00158114044461, 0.00021516509878, -0.000343157269526, -0.000725948950276], [-0.000168789891177, -0.000280148960883, 0.000715894741006, -2.19786397793e-05, 0.00137329276185, -0.000521812471561, -0.00396365998313, 0.00917410850525, -0.0032063620165, -0.000854531885125, -0.000124317244627, -0.000542141438928, -0.00188820587937], [-0.000254097394645, 1.85140379472e-05, -0.000691258173902, -0.00095702521503, -0.000362655613571, -0.000549866934307, 0.00041785967187, -0.0032063620165, 0.00870336405933, -0.00320805166848, 0.000513638544362, 0.000906540488359, 0.000834555132315], [0.000328451278619, 0.000390285771573, 0.00048827775754, -0.000618520774879, -0.00188387709204, 0.00168383785058, -0.00158114044461, -0.000854531885125, -0.00320805166848, 0.0169193856418, -0.00686487276107, 0.00208582589403, 4.90468228236e-05], [-0.000372473790776, -0.000466632045573, -0.000779854715802, -0.000201676390134, 0.00110842986032, -0.000961006677244, 0.00021516509878, -0.000124317244627, 0.000513638544362, -0.00686487276107, 0.0153735969216, -0.0066093634814, 0.0017112219939], [-6.65596089675e-05, 3.96525101678e-05, 0.000955302617513, -0.000205013129744, -0.000878329155967, -4.99877787661e-05, -0.000343157269526, -0.000542141438928, 0.000906540488359, 0.00208582589403, -0.0066093634814, 0.0169382467866, -0.00521408487111], [-2.53480993706e-05, 0.000137611437822, -0.000580517109483, -0.00184987741522, 0.000569797528442, 0.00149725202937, -0.000725948950276, -0.00188820587937, 0.000834555132315, 4.90468228236e-05, 0.0017112219939, -0.00521408487111, 0.0158967487514]]
    spectral_contrast:
        mean: [-2.0671679124e-07, 1.18282301287e-07, 4.34975305552e-07, 4.29352695619e-07, 2.50439143201e-07, 1.1522409693e-07, 4.528566933e-06, 3.7005474951e-06, 2.85485452878e-06, 2.42050305133e-06, -3.83341046017e-07, -6.04363378898e-07]
        var: [0.000663216516841, 0.000808012555353, 0.00225808145478, 0.00345394131728, 0.00548231089488, 0.00690541788936, 0.0643352344632, 0.132332667708, 0.243612512946, 0.561886966228, 1.2885402441, 2.2859916687]

rhythm:
    beats_loudness:
        dmean: 0.00431495718658
        dmean2: 0.00818537268788
        dvar: 7.68200243328e-06
        dvar2: 1.79434537131e-05
        max: 0.0143250338733
        mean: 0.00734573183581
        min: 0.00283852592111
        var: 1.06170700747e-05
    beats_loudness_bass:
        dmean: 0.451867043972
        dmean2: 0.917476296425
        dvar: 0.0470516160131
        dvar2: 0.133829087019
        max: 0.748140156269
        mean: 0.269032508135
        min: 0.00249625230208
        var: 0.0772378370166
    bpm: 105.55229187
    bpm_confidence: 0
    first_peak_bpm: 106
    first_peak_spread: 0
    first_peak_weight: 0.9375
    onset_rate: 5.18391942978
    second_peak_bpm: 101
    second_peak_spread: 0
    second_peak_weight: 0.0625
    beats_position: [0.300969928503, 0.869583129883, 1.43819642067, 2.00680971146, 2.57542276382, 3.14403629303, 3.7126493454, 4.2812628746, 4.84987592697, 5.41848897934, 6.01145601273, 6.57972145081, 7.14798736572, 7.7162528038, 8.28451824188, 8.85278320312, 9.42104816437]
    bpm_estimates: [105.587432861, 105.484924316, 105.578575134, 105.538421631, 105.535072327, 105.560333252, 105.394309998, 105.422676086, 105.717552185, 105.422683716, 105.477516174, 105.745239258, 105.482147217, 105.775764465, 105.510246277, 105.837989807, 105.560089111, 105.613594055, 105.547042847, 105.499954224, 105.429512024, 105.429412842]
    bpm_intervals: [0.568613171577, 0.568613290787, 0.568613290787, 0.568613052368, 0.568613529205, 0.568613052368, 0.568613529205, 0.568613052368, 0.568613052368, 0.592967033386, 0.56826543808, 0.568265914917, 0.56826543808, 0.56826543808, 0.568264961243, 0.568264961243]
    onset_times: [0.0696598663926, 0.139319732785, 0.290249437094, 0.441179126501, 0.580498874187, 0.824308395386, 1.02167797089, 1.14938771725, 1.30031740665, 1.40480720997, 1.60217690468, 1.71827661991, 1.98530614376, 2.29877543449, 2.56580495834, 2.77478456497, 3.03020405769, 3.14630389214, 3.33206343651, 3.44816327095, 3.5758728981, 3.72680282593, 4.00544214249, 4.2492518425, 4.57433128357, 4.86458063126, 5.05034017563, 5.15482997894, 5.4334692955, 5.66566896439, 5.86303853989, 6.00235843658, 6.24616765976, 6.29260778427, 6.39709758759, 6.58285713196, 6.87310647964, 7.04725646973, 7.1517457962, 7.44199562073, 7.61614513397, 7.73224496841, 7.98766422272, 8.15020370483, 8.3011341095, 8.57977294922, 8.74231338501, 8.85841274261, 9.12544250488, 9.38086128235, 9.61306095123, 10.0078001022]
    rubato_start: []
    rubato_stop: []
    perceptual_tempo: "unknown"

sfx:
    inharmonicity:
        dmean: 0.0601323992014
        dmean2: 0.10539213568
        dvar: 0.00409538066015
        dvar2: 0.0108956210315
        max: 0.476093173027
        mean: 0.067873455584
        min: 0
        var: 0.0047716088593
    oddtoevenharmonicenergyratio:
        dmean: 10.1540603638
        dmean2: 19.9963760376
        dvar: 5131.13769531
        dvar2: 15668.3398438
        max: 998.970336914
        mean: 5.67644548416
        min: 0
        var: 2586.06494141
    pitch_after_max_to_before_max_energy_ratio: 1.0273989439
    pitch_centroid: 231.081466675
    pitch_max_to_total: 0.565116286278
    pitch_min_to_total: 0.395348846912
    tristimulus:
        dmean: [0.208630681038, 0.286025851965, 0.150301039219]
        dmean2: [0.370131701231, 0.498274058104, 0.265313953161]
        dvar: [0.0398310981691, 0.0600054375827, 0.0182891730219]
        dvar2: [0.109143786132, 0.172880813479, 0.0528818406165]
        max: [1, 0.997942268848, 0.659017264843]
        mean: [0.290764600039, 0.481818467379, 0.139160096645]
        min: [0.00137651816476, 0, 0]
        var: [0.0512373410165, 0.0780185610056, 0.0219318252057]

tonal:
    chords_changes_rate: 0.0138888889924
    chords_number_rate: 0.00925925932825
    chords_strength:
        dmean: 0.00971430819482
        dmean2: 0.00872790720314
        dvar: 5.48928328499e-05
        dvar2: 4.9185629905e-05
        max: 0.750180125237
        mean: 0.629797816277
        min: 0.502433776855
        var: 0.00247514969669
    key_strength: 0.576320767403
    tuning_diatonic_strength: 0.461027920246
    tuning_equal_tempered_deviation: 0.0747057199478
    tuning_frequency: 440.763122559
    tuning_nontempered_energy_ratio: 0.73991972208
    hpcp:
        dmean: [0.257293105125, 0.195227831602, 0.147433921695, 0.148271203041, 0.153657898307, 0.150857806206, 0.122624129057, 0.0964574590325, 0.10507556051, 0.106010757387, 0.108474776149, 0.129169821739, 0.144526511431, 0.148649036884, 0.137002378702, 0.114951983094, 0.114727109671, 0.124807655811, 0.131050825119, 0.159974634647, 0.190431386232, 0.178301081061, 0.141219213605, 0.117616295815, 0.119928464293, 0.137925669551, 0.164790719748, 0.193633005023, 0.197202205658, 0.163547307253, 0.16410574317, 0.1717415452, 0.178845182061, 0.211491554976, 0.185412913561, 0.195582434535]
        dmean2: [0.408863395452, 0.324045866728, 0.24791200459, 0.243242189288, 0.2574005723, 0.255169928074, 0.204123526812, 0.158341422677, 0.181479334831, 0.184386014938, 0.192080572248, 0.222276434302, 0.238013595343, 0.249221354723, 0.231046885252, 0.199261650443, 0.201312750578, 0.220071941614, 0.231669947505, 0.275877118111, 0.318551152945, 0.290939599276, 0.227119460702, 0.197718381882, 0.199989780784, 0.237174078822, 0.272455126047, 0.313540101051, 0.326592445374, 0.278873831034, 0.282461374998, 0.299278050661, 0.310797870159, 0.368925184011, 0.322882652283, 0.327826023102]
        dvar: [0.0574574321508, 0.0357673354447, 0.0317237488925, 0.0313880927861, 0.0263922847807, 0.0299336295575, 0.0291927345097, 0.016558913514, 0.0256412085146, 0.018869118765, 0.0194550268352, 0.0276071764529, 0.0213544629514, 0.0298259444535, 0.0304079856724, 0.0225481390953, 0.0278827697039, 0.0296695046127, 0.0282915253192, 0.0396250337362, 0.051213003695, 0.0394423119724, 0.0229211803526, 0.0216293223202, 0.0297521930188, 0.0312137398869, 0.0347736850381, 0.0496080815792, 0.043427541852, 0.0321940816939, 0.0430324785411, 0.0396499782801, 0.0384824052453, 0.0567847527564, 0.0436772815883, 0.0433715879917]
        dvar2: [0.133188813925, 0.0864752754569, 0.0843957290053, 0.0769143849611, 0.0679311230779, 0.0851671695709, 0.0684342086315, 0.0365440435708, 0.0694139301777, 0.0536387339234, 0.0519699193537, 0.0724206790328, 0.0463381782174, 0.0739789158106, 0.073987044394, 0.0596439577639, 0.0801544934511, 0.0851517245173, 0.0803895667195, 0.108619645238, 0.127017632127, 0.0861946120858, 0.0498555414379, 0.0533474758267, 0.082917585969, 0.0904502943158, 0.0982255041599, 0.0914705693722, 0.105075232685, 0.0916254967451, 0.126763030887, 0.105451054871, 0.101467356086, 0.141875326633, 0.105959936976, 0.100463099778]
        max: [1, 1, 1, 1, 1, 1, 1, 1, 1, 0.968061864376, 0.717410802841, 1, 1, 1, 1, 1, 0.799912691116, 1, 1, 1, 1, 1, 1, 0.949242055416, 1, 1, 1, 1, 1, 0.952794373035, 1, 0.985224962234, 1, 1, 1, 1]
        mean: [0.467282682657, 0.318411886692, 0.186661466956, 0.206760063767, 0.196305692196, 0.185548692942, 0.183869168162, 0.138171002269, 0.109987832606, 0.11197219789, 0.121821828187, 0.209545508027, 0.29144987464, 0.232708767056, 0.155307903886, 0.122397169471, 0.108627811074, 0.122049339116, 0.135590583086, 0.160970047116, 0.243442937732, 0.286879986525, 0.214393332601, 0.14361859858, 0.132035180926, 0.14307180047, 0.253443419933, 0.466593056917, 0.423956632614, 0.213779002428, 0.157178148627, 0.17581179738, 0.229675665498, 0.25478091836, 0.224264025688, 0.342224508524]
        min: [0.0128878401592, 0.0113285956904, 0.00520942406729, 0.00444513559341, 0.0053892689757, 0.00640883669257, 0.00242211343721, 0.0021749380976, 0.000920948514249, 0.00242539052851, 0.00610925257206, 0.00972668174654, 0.0139217097312, 0.00296650337987, 0.00172383396421, 0.00135917926673, 0.000810809549876, 0.00159170094412, 0.00305464235134, 0.00113585044164, 0.00702678458765, 0.00631796894595, 0.00714449491352, 0.00365081499331, 0.00351145653985, 0.00423083966598, 0.00711544323713, 0.0147032672539, 0.0148428715765, 0.00587046751752, 0.00288394279778, 0.0055011161603, 0.00685076741502, 0.00568195665255, 0.00883780606091, 0.0113794086501]
        var: [0.11850348115, 0.0653981640935, 0.042873904109, 0.0609308481216, 0.0442690402269, 0.0425271689892, 0.0645555183291, 0.0351629555225, 0.0229784715921, 0.0173467434943, 0.018226608634, 0.0430152639747, 0.0785008892417, 0.0469432994723, 0.0339640453458, 0.0213191341609, 0.0220283735543, 0.0242545623332, 0.0255030151457, 0.0403173416853, 0.070829257369, 0.0803976431489, 0.0403879620135, 0.0263408813626, 0.0270955897868, 0.0286332145333, 0.0486346445978, 0.132525384426, 0.10896050185, 0.045890763402, 0.0398878902197, 0.0420780107379, 0.0594184473157, 0.0636261850595, 0.0541214235127, 0.0684836059809]
    chords_histogram: [0, 0, 0, 0, 0, 0, 0, 0, 0, 0, 0, 0, 0, 0, 0, 0, 0, 0, 0, 0, 0, 0, 19.9074077606, 80.092590332]
    thpcp: [1, 0.681411683559, 0.399461567402, 0.442473202944, 0.42010051012, 0.397080183029, 0.393485933542, 0.295690387487, 0.235377505422, 0.239624112844, 0.260702639818, 0.448434144258, 0.62371212244, 0.498004257679, 0.332363933325, 0.261933892965, 0.232467010617, 0.261189520359, 0.290168225765, 0.34448108077, 0.520975708961, 0.613932430744, 0.458808630705, 0.307348430157, 0.282559543848, 0.30617827177, 0.542377114296, 0.998524188995, 0.907280862331, 0.457493960857, 0.336366295815, 0.376242905855, 0.491513311863, 0.545239388943, 0.479932248592, 0.732371449471]
    chords_key: "F#"
    chords_scale: "minor"
    key_key: "A"
    key_scale: "major"
    chords_progression: ["D", "D", "F#m", "F#m", "F#m", "F#m", "F#m", "F#m", "F#m", "F#m", "F#m", "F#m", "F#m", "F#m", "F#m", "F#m", "D", "D", "D", "D", "D", "D", "D", "D", "D", "D", "D", "D", "D", "D", "D", "D", "D", "D", "D", "D", "D", "D", "D", "D", "D", "D", "D", "D", "D", "D", "D", "D", "D", "D", "D", "D", "D", "D", "D", "D", "D", "F#m", "F#m", "F#m", "F#m", "F#m", "F#m", "F#m", "F#m", "F#m", "F#m", "F#m", "F#m", "F#m", "F#m", "F#m", "F#m", "F#m", "F#m", "F#m", "F#m", "F#m", "F#m", "F#m", "F#m", "F#m", "F#m", "F#m", "F#m", "F#m", "F#m", "F#m", "F#m", "F#m", "F#m", "F#m", "F#m", "F#m", "F#m", "F#m", "F#m", "F#m", "F#m", "F#m", "F#m", "F#m", "F#m", "F#m", "F#m", "F#m", "F#m", "F#m", "F#m", "F#m", "F#m", "F#m", "F#m", "F#m", "F#m", "F#m", "F#m", "F#m", "F#m", "F#m", "F#m", "F#m", "F#m", "F#m", "F#m", "F#m", "F#m", "F#m", "F#m", "F#m", "F#m", "F#m", "F#m", "F#m", "F#m", "F#m", "F#m", "F#m", "F#m", "F#m", "F#m", "F#m", "F#m", "F#m", "F#m", "F#m", "F#m", "F#m", "F#m", "F#m", "F#m", "F#m", "F#m", "F#m", "F#m", "F#m", "F#m", "F#m", "F#m", "F#m", "F#m", "F#m", "F#m", "F#m", "F#m", "F#m", "F#m", "F#m", "F#m", "F#m", "F#m", "F#m", "F#m", "F#m", "F#m", "F#m", "F#m", "F#m", "F#m", "F#m", "F#m", "F#m", "F#m", "F#m", "F#m", "F#m", "F#m", "F#m", "F#m", "F#m", "F#m", "F#m", "F#m", "F#m", "F#m", "F#m", "F#m", "F#m", "F#m", "F#m", "F#m", "F#m", "F#m", "F#m", "F#m", "F#m", "F#m", "F#m", "F#m", "F#m", "F#m", "F#m", "F#m", "F#m", "F#m", "F#m"]
