
metadata:
    version:
        essentia: "1.2.2"
    audio_properties:
        analysis_sample_rate: 44100
        bitrate: 128
        channels: 2
        equal_loudness: 1
        length: 10.0310201645
        replay_gain: -13.7013568878
        downmix: "mix"
    tags:
        track: 13
        year: 0
        album: "Splitted by Mp3Splt v. 2.1"
        artist: "From 002.00 To 002.10"
        comment: "http://mp3splt.sf.net"
        genre: ""
        title: "01 Chico - Death of a Rockstar"

highlevel:
    ballroom:
        all:
            ChaChaCha: 0.232578217983
            Jive: 0.188992083073
            Quickstep: 0.0174731351435
            Rumba-American: 0.000937648292165
            Rumba-International: 0.00256963539869
            Rumba-Misc: 0.00129247806035
            Samba: 0.553489387035
            Tango: 0.000400222867029
            VienneseWaltz: 0.00144512671977
            Waltz: 0.000822054804303
        probability: 0.553489387035
        value: "Samba"
    culture:
        all:
            non_western: 0.328488975763
            western: 0.671510994434
        probability: 0.671510994434
        value: "western"
    gender:
        all:
            female: 0.446294814348
            male: 0.553705155849
        probability: 0.553705155849
        value: "male"
    genre_dortmund:
        all:
            alternative: 0.0401138365269
            blues: 0.0248752981424
            electronic: 0.406129568815
            folkcountry: 0.00962281692773
            funksoulrnb: 0.049846932292
            jazz: 0.0320152044296
            pop: 0.0347500815988
            raphiphop: 0.0139276199043
            rock: 0.388718664646
        probability: 0.406129568815
        value: "electronic"
    genre_electronica:
        all:
            ambient: 0.0775618180633
            dnb: 0.828524529934
            house: 0.0201587751508
            techno: 0.0445883236825
            trance: 0.0291665773839
        probability: 0.828524529934
        value: "dnb"
    genre_rosamerica:
        all:
            cla: 0.0126721188426
            dan: 0.0214573908597
            hip: 0.119115620852
            jaz: 0.0097924740985
            pop: 0.0784309431911
            rhy: 0.0185315366834
            roc: 0.737399578094
            spe: 0.00260035763495
        probability: 0.737399578094
        value: "roc"
    genre_tzanetakis:
        all:
            blu: 0.00469185598195
            cla: 0.00477145053446
            cou: 0.0245424956083
            dis: 0.418287605047
            hip: 0.0409119203687
            jaz: 0.0158595815301
            met: 0.0372459702194
            pop: 0.328523337841
            reg: 0.0297851022333
            roc: 0.0953807011247
        probability: 0.418287605047
        value: "dis"
    live_studio:
        all:
            live: 0.148189887404
            studio: 0.851810097694
        probability: 0.851810097694
        value: "studio"
    mood:
        all:
            Cluster1: 0.519833743572
            Cluster2: 0.132728800178
            Cluster3: 0.0208893381059
            Cluster4: 0.0631432235241
            Cluster5: 0.263404905796
        probability: 0.519833743572
        value: "Cluster1"
    mood_acoustic:
        all:
            acoustic: 0.0125861745328
            not_acoustic: 0.987413823605
        probability: 0.987413823605
        value: "not_acoustic"
    mood_aggressive:
        all:
            aggressive: 0.811640143394
            not_aggressive: 0.188359826803
        probability: 0.811640143394
        value: "aggressive"
    mood_electronic:
        all:
            electronic: 0.583896934986
            not_electronic: 0.416103065014
        probability: 0.583896934986
        value: "electronic"
    mood_happy:
        all:
            happy: 0.177657186985
            not_happy: 0.822342813015
        probability: 0.822342813015
        value: "not_happy"
    mood_party:
        all:
            not_party: 0.1073230654
            party: 0.892676949501
        probability: 0.892676949501
        value: "party"
    mood_relaxed:
        all:
            not_relaxed: 0.963670909405
            relaxed: 0.0363291054964
        probability: 0.963670909405
        value: "not_relaxed"
    mood_sad:
        all:
            not_sad: 0.951175749302
            sad: 0.0488242357969
        probability: 0.951175749302
        value: "not_sad"
    rhythm:
        all:
            fast: 0.633754611015
            medium: 0.349307239056
            slow: 0.0169381368905
        probability: 0.633754611015
        value: "fast"
    speech_music:
        all:
            music: 0.999935030937
            speech: 6.49843350402e-05
        probability: 0.999935030937
        value: "music"
    timbre:
        all:
            bright: 0.298138231039
            dark: 0.701861798763
        probability: 0.701861798763
        value: "dark"
    voice_instrumental:
        all:
            instrumental: 0.140384271741
            voice: 0.85961574316
        probability: 0.85961574316
        value: "voice"

lowlevel:
    average_loudness: 0.849234700203
    barkbands_kurtosis:
        dmean: 0.866883575916
        dmean2: 1.42219340801
        dvar: 4.07021045685
        dvar2: 11.1952362061
        max: 28.0755977631
        mean: -0.34662681818
        min: -1.85344254971
        var: 3.69732117653
    barkbands_skewness:
        dmean: 0.417469292879
        dmean2: 0.67878472805
        dvar: 0.216766640544
        dvar2: 0.557099640369
        max: 4.44599866867
        mean: -0.13432110846
        min: -2.46700692177
        var: 0.703380525112
    barkbands_spread:
        dmean: 5.56138467789
        dmean2: 8.80082511902
        dvar: 32.4622116089
        dvar2: 86.3211593628
        max: 65.9616470337
        mean: 31.1979751587
        min: 3.63199114799
        var: 110.181854248
    dissonance:
        dmean: 0.0176944229752
        dmean2: 0.0299734678119
        dvar: 0.000272913515801
        dvar2: 0.000759020680562
        max: 0.499445706606
        mean: 0.472652465105
        min: 0.393215030432
        var: 0.000445246696472
    hfc:
        dmean: 2.72589325905
        dmean2: 4.28416156769
        dvar: 40.7830886841
        dvar2: 110.791618347
        max: 70.3192672729
        mean: 6.59807443619
        min: 0.15871797502
        var: 56.8809623718
    pitch:
        dmean: 601.091125488
        dmean2: 1146.61669922
        dvar: 1121578.125
        dvar2: 2732215.25
        max: 4410
        mean: 1225.23913574
        min: 74.4932403564
        var: 2252939.25
    pitch_instantaneous_confidence:
        dmean: 0.0815303847194
        dmean2: 0.13302756846
        dvar: 0.00520093319938
        dvar2: 0.0122917154804
        max: 0.872640490532
        mean: 0.412190467119
        min: 0.171877563
        var: 0.0154417557642
    pitch_salience:
        dmean: 0.0531242415309
        dmean2: 0.0851078182459
        dvar: 0.00213842047378
        dvar2: 0.00542790535837
        max: 0.825573086739
        mean: 0.602673709393
        min: 0.314811557531
        var: 0.0093569336459
    silence_rate_20dB:
        dmean: 0
        dmean2: 0
        dvar: 0
        dvar2: 0
        max: 1
        mean: 1
        min: 1
        var: 0
    silence_rate_30dB:
        dmean: 0
        dmean2: 0
        dvar: 0
        dvar2: 0
        max: 1
        mean: 1
        min: 1
        var: 0
    silence_rate_60dB:
        dmean: 0.125
        dmean2: 0.250580042601
        dvar: 0.109375
        dvar2: 0.224912360311
        max: 1
        mean: 0.598152399063
        min: 0
        var: 0.240366905928
    spectral_centroid:
        dmean: 270.224487305
        dmean2: 436.996002197
        dvar: 94205.8828125
        dvar2: 224207.609375
        max: 3644.33422852
        mean: 1784.80175781
        min: 226.431304932
        var: 492359.59375
    spectral_complexity:
        dmean: 3.61020874977
        dmean2: 5.60697650909
        dvar: 24.7714805603
        dvar2: 56.8245849609
        max: 48
        mean: 11.2476854324
        min: 0
        var: 82.1955947876
    spectral_crest:
        dmean: 1.86953413486
        dmean2: 3.09157156944
        dvar: 3.71606111526
        dvar2: 8.86381053925
        max: 21.7574310303
        mean: 7.17153120041
        min: 2.93752384186
        var: 9.6594285965
    spectral_decrease:
        dmean: 2.88012724781e-10
        dmean2: 4.40690095527e-10
        dvar: 2.74018803201e-19
        dvar2: 6.55916072049e-19
        max: -1.27252956436e-11
        mean: -7.37085281699e-10
        min: -5.05205743906e-09
        var: 5.13355525981e-19
    spectral_energy:
        dmean: 0.00131844298448
        dmean2: 0.00202527316287
        dvar: 6.28548286841e-06
        dvar2: 1.54293957166e-05
        max: 0.0254458189011
        mean: 0.00338039291091
        min: 6.8174842454e-05
        var: 1.11845401989e-05
    spectral_energyband_high:
        dmean: 0.000177444890141
        dmean2: 0.000277405051747
        dvar: 1.29209382749e-07
        dvar2: 3.09031804591e-07
        max: 0.00461079366505
        mean: 0.000405549420975
        min: 2.47741354542e-06
        var: 2.81540252445e-07
    spectral_energyband_low:
        dmean: 9.16281496757e-05
        dmean2: 0.000158819428179
        dvar: 5.14332718637e-08
        dvar2: 1.38038501518e-07
        max: 0.00213260971941
        mean: 0.000174984539626
        min: 2.0111970116e-06
        var: 5.52592744896e-08
    spectral_energyband_middle_high:
        dmean: 0.000898150086869
        dmean2: 0.00139058346394
        dvar: 4.09959375247e-06
        dvar2: 1.08728963824e-05
        max: 0.0212587248534
        mean: 0.00194343796466
        min: 4.67848403787e-05
        var: 6.2702579271e-06
    spectral_energyband_middle_low:
        dmean: 0.000446118676336
        dmean2: 0.000735135225113
        dvar: 5.89799128647e-07
        dvar2: 1.49680943196e-06
        max: 0.00554349506274
        mean: 0.000856139406096
        min: 1.89151057839e-06
        var: 7.07819481249e-07
    spectral_flatness_db:
        dmean: 0.0143318744376
        dmean2: 0.0218281876296
        dvar: 0.000183310665307
        dvar2: 0.000378956552595
        max: 0.286759704351
        mean: 0.136027038097
        min: 0.0795346051455
        var: 0.000784784206189
    spectral_flux:
        dmean: 0.00827510748059
        dmean2: 0.0126394573599
        dvar: 0.000168943122844
        dvar2: 0.000300294777844
        max: 0.147555068135
        mean: 0.033738207072
        min: 0.00580905936658
        var: 0.000488869438414
    spectral_kurtosis:
        dmean: 1.1036349535
        dmean2: 1.78598463535
        dvar: 1.97351419926
        dvar2: 4.41144943237
        max: 19.3217525482
        mean: 3.77180361748
        min: 0.121284723282
        var: 5.34485864639
    spectral_rms:
        dmean: 0.000291950564133
        dmean2: 0.000430319574662
        dvar: 1.87938425711e-07
        dvar2: 4.31299753245e-07
        max: 0.00498248822987
        mean: 0.00165090756491
        min: 0.000257899286225
        var: 5.72450289837e-07
    spectral_rolloff:
        dmean: 339.435180664
        dmean2: 549.196716309
        dvar: 167832.0625
        dvar2: 343857.125
        max: 4866.50390625
        mean: 3222.60327148
        min: 172.265625
        var: 1062146
    spectral_skewness:
        dmean: 0.169644474983
        dmean2: 0.263552963734
        dvar: 0.0372513011098
        dvar2: 0.081416465342
        max: 3.65069937706
        mean: 1.39123928547
        min: 0.648623287678
        var: 0.191428467631
    spectral_spread:
        dmean: 507314.71875
        dmean2: 736362.125
        dvar: 324163731456
        dvar2: 642975334400
        max: 10136631
        mean: 4617798.5
        min: 2649357.25
        var: 909471776768
    spectral_strongpeak:
        dmean: 0.614305019379
        dmean2: 1.04655814171
        dvar: 0.683300733566
        dvar2: 1.615016222
        max: 5.8631567955
        mean: 0.807196438313
        min: 0.00835684221238
        var: 0.97034496069
    zerocrossingrate:
        dmean: 0.00842879898846
        dmean2: 0.0103720026091
        dvar: 7.13172266842e-05
        dvar2: 8.97944410099e-05
        max: 0.18017578125
        mean: 0.100692182779
        min: 0.02099609375
        var: 0.000931305403356
    barkbands:
        dmean: [1.23929623896e-06, 2.69355823548e-05, 7.82526112744e-05, 0.000114335773105, 0.000212696526432, 4.39296381956e-05, 4.31454827776e-05, 4.34066241723e-05, 0.000154592169565, 5.94248012931e-05, 0.000126552462461, 5.63523317396e-05, 0.000115504779387, 0.000134991583764, 0.000176555549842, 0.000104632243165, 0.0001591090695, 0.000147603233927, 0.000257796637015, 0.00013081151701, 0.000103022772237, 2.87190214294e-05, 4.23544179284e-06, 1.39662461152e-06, 7.27911924514e-07, 3.66633976512e-08, 2.70562461324e-10]
        dmean2: [1.91192702914e-06, 4.20240066887e-05, 0.000138177230838, 0.000178683723789, 0.000387904728996, 7.3083290772e-05, 7.28189043002e-05, 7.56275112508e-05, 0.00024821277475, 9.13920885068e-05, 0.000180989707587, 9.39003148233e-05, 0.000171445703018, 0.000203048577532, 0.000298327388009, 0.000171069797943, 0.00026016269112, 0.000259410531726, 0.000459817179944, 0.000211148391827, 0.000157587070134, 4.62020871055e-05, 6.93293031873e-06, 2.03448939828e-06, 1.1463773717e-06, 6.01427316838e-08, 4.55152360246e-10]
        dvar: [3.55357475217e-12, 3.01936253777e-09, 4.06961682131e-08, 3.92401418026e-08, 2.83645988475e-07, 7.76844011341e-09, 2.0474343998e-08, 1.18534542182e-08, 1.05707975706e-07, 1.97658955869e-08, 1.52695562861e-07, 3.03431697546e-08, 1.30189050651e-07, 1.01157773713e-07, 4.22452728799e-07, 1.04164733727e-07, 1.10273397524e-07, 1.05057992528e-07, 9.9687929378e-07, 5.50028502744e-08, 4.72158063758e-08, 3.46301987086e-09, 6.56177959191e-11, 6.62236628382e-12, 2.44874238074e-12, 6.09737725872e-15, 2.40238789087e-19]
        dvar2: [7.39630058588e-12, 6.86027989971e-09, 1.11587240781e-07, 1.10284233301e-07, 8.13010217371e-07, 1.73917928947e-08, 5.24188799034e-08, 3.39668169147e-08, 2.49552186915e-07, 4.77094310725e-08, 2.74040360182e-07, 8.21517147642e-08, 1.5553683852e-07, 2.29971405474e-07, 1.16074443213e-06, 2.42254003524e-07, 2.88713891905e-07, 2.73906408665e-07, 2.9082459605e-06, 1.38599645538e-07, 1.12602371871e-07, 9.50877598882e-09, 1.51317722241e-10, 1.31234962134e-11, 5.12500068425e-12, 1.48743898329e-14, 6.09194119317e-19]
        max: [3.52393617504e-05, 0.000593572331127, 0.00187550717965, 0.00211992510594, 0.00456355372444, 0.00104126171209, 0.0018706843257, 0.000881791231222, 0.00393001129851, 0.00158360612113, 0.00612856587395, 0.0017608681228, 0.00801965501159, 0.00372043065727, 0.00993293710053, 0.00594735471532, 0.00223340606317, 0.0029184112791, 0.0114670516923, 0.00175708893221, 0.00308079179376, 0.000650899950415, 6.45164036541e-05, 3.38809659297e-05, 1.69683426066e-05, 7.49759180962e-07, 4.47070824805e-09]
        mean: [5.98703354626e-06, 8.47579503898e-05, 8.45243630465e-05, 0.000163181495736, 0.000230147052207, 5.49031974515e-05, 4.66521087219e-05, 4.14702371927e-05, 0.000299214909319, 8.28254633234e-05, 0.000185600772966, 6.53986353427e-05, 0.000196199325728, 0.000198254303541, 0.000210417420021, 0.000171304403921, 0.000217791472096, 0.000222768663662, 0.00030799920205, 0.000238674474531, 0.000202882074518, 5.69231851841e-05, 8.13381211628e-06, 2.99252405966e-06, 1.32844809286e-06, 6.49374598538e-08, 2.68743555187e-10]
        min: [2.33882269107e-09, 5.43074577308e-07, 5.04315323724e-07, 2.96226147611e-07, 4.66945976996e-07, 2.68958331162e-07, 5.91472542055e-08, 1.16497204772e-07, 1.83247252039e-07, 4.21283232299e-07, 2.72292481895e-07, 1.61026378009e-07, 1.46547063196e-06, 1.55000043378e-06, 4.41525543238e-07, 1.34478636937e-06, 6.4654648213e-07, 1.79178346116e-06, 2.33515106629e-06, 1.60556874107e-06, 9.0739490588e-07, 4.45586778142e-07, 4.42812364554e-08, 1.01595851731e-08, 6.9174515005e-09, 8.28044743884e-10, 9.44488424645e-14]
        var: [4.23884989609e-11, 1.697179286e-08, 3.44384005757e-08, 3.56284814984e-08, 1.80366967584e-07, 1.03463140277e-08, 1.81165820123e-08, 9.53891277078e-09, 1.8892120579e-07, 2.97474525013e-08, 3.65121678669e-07, 3.04532115081e-08, 3.75426878918e-07, 1.75540463943e-07, 3.5202805293e-07, 1.19121942532e-07, 1.60368003321e-07, 1.19481669003e-07, 6.42515431082e-07, 9.00531489378e-08, 9.08109640818e-08, 5.47294165543e-09, 1.18055801246e-10, 1.71819954098e-11, 4.17167168865e-12, 9.48316827219e-15, 2.38867142685e-19]
    mfcc:
        mean: [-732.232543945, 99.5542373657, -54.3023910522, 49.3698539734, -13.49314785, 12.4842414856, 4.52493333817, 2.10813331604, 5.00345039368, 0.573036015034, -4.32553958893, -10.8542709351, -12.8571596146]
        cov: [[3463.15722656, -1031.61047363, -251.002548218, -235.049499512, -151.58807373, -246.464508057, -286.240905762, -279.120117188, -167.838165283, -139.957733154, 21.4370269775, 97.9936676025, -13.5144538879], [-1031.61047363, 928.569519043, -165.381668091, -92.3996505737, 44.4142532349, 43.9682197571, 23.0321426392, 149.443740845, 120.138450623, 30.7207546234, -2.10575246811, -61.765712738, -60.882484436], [-251.002548218, -165.381668091, 326.633422852, 157.616577148, 64.0162811279, 2.77112054825, 52.7150154114, 7.45019817352, -11.825220108, 26.6858215332, 6.94104576111, 10.4049777985, 48.0117950439], [-235.049499512, -92.3996505737, 157.616577148, 261.538787842, 35.3075408936, 23.0269737244, 53.0567054749, -11.1765575409, -8.2325258255, 36.3045501709, -0.490681290627, 8.94725608826, 53.6058959961], [-151.58807373, 44.4142532349, 64.0162811279, 35.3075408936, 133.762481689, -11.3470401764, -18.0808544159, 28.6262168884, 26.1076908112, 20.1374263763, 18.9705715179, 2.96188282967, -7.46708726883], [-246.464508057, 43.9682197571, 2.77112054825, 23.0269737244, -11.3470401764, 128.850769043, 72.5550460815, 13.8205966949, 13.9258155823, 24.7870941162, -9.3228559494, -2.16721796989, 16.4955177307], [-286.240905762, 23.0321426392, 52.7150154114, 53.0567054749, -18.0808544159, 72.5550460815, 187.433456421, 55.0119094849, -13.1972980499, -5.39375925064, -3.50880408287, 28.6797332764, 41.9225502014], [-279.120117188, 149.443740845, 7.45019817352, -11.1765575409, 28.6262168884, 13.8205966949, 55.0119094849, 135.74760437, 48.3791313171, -6.67874622345, 6.10808467865, 1.78813016415, 16.3203887939], [-167.838165283, 120.138450623, -11.825220108, -8.2325258255, 26.1076908112, 13.9258155823, -13.1972980499, 48.3791313171, 111.981063843, 68.3478622437, -13.494641304, -21.6401786804, 4.24457359314], [-139.957733154, 30.7207546234, 26.6858215332, 36.3045501709, 20.1374263763, 24.7870941162, -5.39375925064, -6.67874622345, 68.3478622437, 136.792221069, -3.17767906189, -22.8078746796, 10.0493402481], [21.4370269775, -2.10575246811, 6.94104576111, -0.490681290627, 18.9705715179, -9.3228559494, -3.50880408287, 6.10808467865, -13.494641304, -3.17767906189, 73.3040542603, 28.4112071991, -6.86936998367], [97.9936676025, -61.765712738, 10.4049777985, 8.94725608826, 2.96188282967, -2.16721796989, 28.6797332764, 1.78813016415, -21.6401786804, -22.8078746796, 28.4112071991, 68.808921814, 22.9097003937], [-13.5144538879, -60.882484436, 48.0117950439, 53.6058959961, -7.46708726883, 16.4955177307, 41.9225502014, 16.3203887939, 4.24457359314, 10.0493402481, -6.86936998367, 22.9097003937, 77.8973464966]]
        icov: [[0.000797991233412, 0.000890689028893, 0.000762285955716, 0.000447701168014, 0.000162559052114, 0.000822792353574, 0.000475198292406, 0.000470788188977, -0.000181542534847, 0.000240451292484, -7.51199113438e-05, -0.000539850443602, -0.000325349916238], [0.000890689028893, 0.00280182831921, 0.00179667840712, 0.000372477865312, -0.00033207947854, 0.000618998601567, 6.11167852185e-05, -0.000964882201515, -0.00122114573605, 0.000373856426449, -0.000484631658765, 0.000642217404675, 0.000773704145104], [0.000762285955716, 0.00179667840712, 0.00621896004304, -0.00177420361433, -0.00225842790678, 0.00151956628542, -0.000868280418217, -0.000226012256462, 0.000467107543955, -0.000318114645779, -0.000486597447889, 0.0010506589897, -0.00143556948751], [0.000447701168014, 0.000372477865312, -0.00177420361433, 0.00659424997866, -0.00115069176536, 0.000253592676017, -0.000804661540315, 0.00182175065856, 0.000644341751467, -0.000839221407659, -0.000214307292481, 0.00056486815447, -0.00330009032041], [0.000162559052114, -0.00033207947854, -0.00225842790678, -0.00115069176536, 0.010788041167, 0.000230485544307, 0.00253158202395, -0.00244486401789, -0.00123378029093, -0.000710102380253, -0.00129468028899, -0.00253409822471, 0.00287754158489], [0.000822792353574, 0.000618998601567, 0.00151956628542, 0.000253592676017, 0.000230485544307, 0.0118941664696, -0.00455845054239, 0.00210949825123, -0.00141917855944, -0.000986605067737, -7.04721605871e-05, 0.000935137330089, -0.00104650575668], [0.000475198292406, 6.11167852185e-05, -0.000868280418217, -0.000804661540315, 0.00253158202395, -0.00455845054239, 0.0113649191335, -0.00528185581788, 0.0042564952746, -0.00132422649767, 0.00223133363761, -0.00492757000029, -0.000997774652205], [0.000470788188977, -0.000964882201515, -0.000226012256462, 0.00182175065856, -0.00244486401789, 0.00210949825123, -0.00528185581788, 0.0160306636244, -0.00874355249107, 0.00577427493408, -0.00342189054936, 0.00219237431884, -0.00419893953949], [-0.000181542534847, -0.00122114573605, 0.000467107543955, 0.000644341751467, -0.00123378029093, -0.00141917855944, 0.0042564952746, -0.00874355249107, 0.0219142902642, -0.01089916192, 0.0048545463942, -0.000892346608452, -0.00109132076614], [0.000240451292484, 0.000373856426449, -0.000318114645779, -0.000839221407659, -0.000710102380253, -0.000986605067737, -0.00132422649767, 0.00577427493408, -0.01089916192, 0.0144709069282, -0.00369594013318, 0.00413367757574, -0.00206336705014], [-7.51199113438e-05, -0.000484631658765, -0.000486597447889, -0.000214307292481, -0.00129468028899, -7.04721605871e-05, 0.00223133363761, -0.00342189054936, 0.0048545463942, -0.00369594013318, 0.0195299014449, -0.0102447159588, 0.00440998235717], [-0.000539850443602, 0.000642217404675, 0.0010506589897, 0.00056486815447, -0.00253409822471, 0.000935137330089, -0.00492757000029, 0.00219237431884, -0.000892346608452, 0.00413367757574, -0.0102447159588, 0.0257061365992, -0.00782465655357], [-0.000325349916238, 0.000773704145104, -0.00143556948751, -0.00330009032041, 0.00287754158489, -0.00104650575668, -0.000997774652205, -0.00419893953949, -0.00109132076614, -0.00206336705014, 0.00440998235717, -0.00782465655357, 0.0214714091271]]
    spectral_contrast:
        mean: [-7.5769992236e-07, 2.7033362926e-07, -1.07757472279e-07, 9.1394653623e-08, 3.86895550264e-07, -4.48104145789e-07, 2.78182596958e-06, 6.52615668173e-08, -2.68669305115e-06, 1.17967522328e-06, -1.99372016141e-06, -3.51115500052e-06]
        var: [0.000493077677675, 0.000639286881778, 0.00142414879519, 0.00215505459346, 0.00321817002259, 0.0040614749305, 0.0560613386333, 0.088729172945, 0.136895090342, 0.244472056627, 0.313469529152, 1.93440580368]

rhythm:
    beats_loudness:
        dmean: 0.0016140548978
        dmean2: 0.00248020933941
        dvar: 2.26621023103e-06
        dvar2: 2.94416872748e-06
        max: 0.0120898354799
        mean: 0.00360080343671
        min: 0.000710317108314
        var: 9.52506525209e-06
    beats_loudness_bass:
        dmean: 0.144776150584
        dmean2: 0.235951453447
        dvar: 0.0289209149778
        dvar2: 0.0427431575954
        max: 0.723135352135
        mean: 0.164677888155
        min: 0.00983992777765
        var: 0.0320986509323
    bpm: 109.180587769
    bpm_confidence: 0
    first_peak_bpm: 158
    first_peak_spread: 0
    first_peak_weight: 0.5
    onset_rate: 3.5888671875
    second_peak_bpm: 109
    second_peak_spread: 0.100000023842
    second_peak_weight: 0.449999988079
    beats_position: [0.483256310225, 1.03280675411, 1.5823571682, 2.13190746307, 2.68145799637, 3.23100829124, 3.78055858612, 4.33010911942, 4.87965965271, 5.42920970917, 5.96433019638, 6.34396934509, 6.72360801697, 7.10324764252, 7.48288679123, 7.8625254631, 8.24216365814, 8.62180328369, 9.00144290924, 9.38108158112, 9.76071929932]
    bpm_estimates: [109.481338501, 109.087341309, 109.598503113, 109.088592529, 108.993652344, 109.225486755, 109.02898407, 108.878639221, 109.242790222]
    bpm_intervals: [0.549550414085, 0.549550414085, 0.549550294876, 0.549550533295, 0.549550294876, 0.549550294876, 0.549550533295, 0.549550533295, 0.549550056458, 0.535120487213, 0.379639148712, 0.379638671875, 0.379639625549, 0.379639148712, 0.379638671875, 0.379638195038, 0.379639625549, 0.379639625549, 0.379638671875, 0.379637718201]
    onset_times: [0.0348299331963, 0.476009070873, 0.661768734455, 1.01006805897, 1.33514738083, 1.50929701328, 1.5673469305, 1.74149656296, 1.95047616959, 2.06657600403, 2.13623571396, 2.29877543449, 2.50775504112, 2.60063481331, 2.7863945961, 2.86766433716, 3.05342411995, 3.35528349876, 3.58748292923, 3.88934230804, 4.07510185242, 4.14476203918, 4.34213161469, 4.53950119019, 4.77170085907, 5.01551008224, 5.1780500412, 5.59600925446, 5.7701587677, 6.22294807434, 6.52480745316, 6.61768722534, 6.88471651077, 7.46521520615, 7.77868461609, 9.682721138]
    rubato_start: [6.34396934509]
    rubato_stop: [6.72360801697]
    perceptual_tempo: "unknown"

sfx:
    inharmonicity:
        dmean: 0.0551514737308
        dmean2: 0.0971680209041
        dvar: 0.00392381148413
        dvar2: 0.0109700812027
        max: 0.4310374856
        mean: 0.0655502304435
        min: 0
        var: 0.00423082802445
    oddtoevenharmonicenergyratio:
        dmean: 2.77172684669
        dmean2: 5.17497968674
        dvar: 45.5946388245
        dvar2: 132.902954102
        max: 55.67137146
        mean: 1.88654637337
        min: 0
        var: 27.2433834076
    pitch_after_max_to_before_max_energy_ratio: 2.89403510094
    pitch_centroid: 163.840042114
    pitch_max_to_total: 0.252314805984
    pitch_min_to_total: 0.175925925374
    tristimulus:
        dmean: [0.192064106464, 0.2682980299, 0.150905564427]
        dmean2: [0.33261474967, 0.474330216646, 0.260143041611]
        dvar: [0.0296237114817, 0.0434767864645, 0.0215122364461]
        dvar2: [0.079249702394, 0.130131155252, 0.0568677894771]
        max: [1, 0.963636994362, 0.881794154644]
        mean: [0.328216820955, 0.476272255182, 0.150539427996]
        min: [0.0167684126645, 0, 0]
        var: [0.0557739473879, 0.0641481503844, 0.0279751997441]

tonal:
    chords_changes_rate: 0.10599078238
    chords_number_rate: 0.0414746552706
    chords_strength:
        dmean: 0.00885391328484
        dmean2: 0.0095998775214
        dvar: 5.02653019794e-05
        dvar2: 7.59002141422e-05
        max: 0.540583372116
        mean: 0.398354798555
        min: 0.243990361691
        var: 0.00556984683499
    key_strength: 0.519551694393
    tuning_diatonic_strength: 0.367718309164
    tuning_equal_tempered_deviation: 0.0825357437134
    tuning_frequency: 440.254241943
    tuning_nontempered_energy_ratio: 0.703248977661
    hpcp:
        dmean: [0.150297835469, 0.141595885158, 0.123536080122, 0.150533542037, 0.148631036282, 0.115013800561, 0.12304482609, 0.138878047466, 0.140489920974, 0.128154024482, 0.103127285838, 0.131828606129, 0.162339299917, 0.0950050055981, 0.0789320096374, 0.0925086438656, 0.10881382972, 0.146593943238, 0.158683329821, 0.219736963511, 0.227347657084, 0.143909260631, 0.135268241167, 0.144619688392, 0.123800456524, 0.113104119897, 0.15009868145, 0.12722466886, 0.102378435433, 0.103971630335, 0.181024998426, 0.166385769844, 0.189935341477, 0.205634236336, 0.20127299428, 0.159080252051]
        dmean2: [0.248182043433, 0.238235503435, 0.212545618415, 0.251660346985, 0.253569573164, 0.202834308147, 0.215084895492, 0.243038117886, 0.232736483216, 0.21711269021, 0.173132747412, 0.223570853472, 0.268202275038, 0.14635142684, 0.137437626719, 0.15652371943, 0.190238386393, 0.260001510382, 0.274656325579, 0.39219519496, 0.40853112936, 0.257056593895, 0.243016570807, 0.254542142153, 0.21611058712, 0.19140394032, 0.26149058342, 0.224491462111, 0.17157766223, 0.177107468247, 0.299865692854, 0.28046476841, 0.316863775253, 0.338972359896, 0.32347676158, 0.2638233006]
        dvar: [0.0407970100641, 0.0340536646545, 0.0246493648738, 0.0339907817543, 0.036723267287, 0.0231495629996, 0.0295729208738, 0.0318046882749, 0.0309991966933, 0.0287055037916, 0.0150859002024, 0.0235271528363, 0.035907741636, 0.0115444492549, 0.014861411415, 0.0161624457687, 0.0252852663398, 0.0323948152363, 0.0345308333635, 0.0413498543203, 0.0540833063424, 0.0271832626313, 0.0382755585015, 0.0333174541593, 0.0310834851116, 0.0207385551184, 0.0313570946455, 0.0280678644776, 0.0135029954836, 0.0165843870491, 0.0435325391591, 0.0313404724002, 0.0340001061559, 0.0435331985354, 0.035125464201, 0.0259281769395]
        dvar2: [0.0830154120922, 0.0857411473989, 0.0620745755732, 0.0917786508799, 0.0983126387, 0.0636771544814, 0.0779616981745, 0.0940915197134, 0.0861352458596, 0.0843197405338, 0.0425184927881, 0.061136174947, 0.0883133411407, 0.0263714995235, 0.0394333377481, 0.0461419522762, 0.073802344501, 0.0895564258099, 0.0866199731827, 0.117982901633, 0.155301064253, 0.0731621384621, 0.10484726727, 0.0862276852131, 0.0912074744701, 0.0539173223078, 0.0834263637662, 0.0678796172142, 0.0353747271001, 0.0399396382272, 0.101654343307, 0.076777279377, 0.0964443013072, 0.0996799468994, 0.0870091170073, 0.0645751580596]
        max: [1, 1, 1, 1, 1, 0.993777632713, 1, 1, 1, 1, 0.776035487652, 1, 1, 0.787331461906, 0.989111423492, 0.959910392761, 1, 1, 1, 1, 1, 1, 1, 1, 1, 0.900758564472, 1, 1, 1, 0.741069495678, 1, 1, 1, 1, 1, 1]
        mean: [0.246491581202, 0.206250041723, 0.193597435951, 0.231927648187, 0.217600151896, 0.19121773541, 0.20286603272, 0.221721559763, 0.257292091846, 0.235467761755, 0.182143300772, 0.261034607887, 0.324304014444, 0.202994734049, 0.122810527682, 0.156154900789, 0.152872130275, 0.173567831516, 0.241981446743, 0.290202468634, 0.253442198038, 0.172430351377, 0.158054679632, 0.202767878771, 0.200416371226, 0.173465549946, 0.374116033316, 0.524377584457, 0.296141058207, 0.167637482285, 0.251564741135, 0.237009271979, 0.310452193022, 0.44484397769, 0.351105839014, 0.244180694222]
        min: [0.00188058789354, 0.00229390710592, 0.00232102232985, 0.00433875992894, 0.00413482449949, 0.00251879123971, 0.00274838949554, 0.00282449787483, 0.0052407248877, 0.0056339269504, 0.00282058888115, 0.00086930708494, 0.00120156409685, 0.00117475329898, 0.00140416726936, 0.00211668643169, 0.00190819846466, 0.00131389882881, 0.00312565709464, 0.00681950617582, 0.00333920540288, 0.00332826306112, 0.00568303419277, 0.00249904952943, 0.004428723827, 0.00606728112325, 0.00972115062177, 0.00741650955752, 0.00551066733897, 0.0029584208969, 0.00231863441877, 0.00305735692382, 0.00238518510014, 0.00817728508264, 0.00725841289386, 0.00483909994364]
        var: [0.0786272138357, 0.0460980795324, 0.0326193869114, 0.0477500297129, 0.0457449704409, 0.0340904258192, 0.0492710471153, 0.0492710657418, 0.0626773685217, 0.0498386323452, 0.026436643675, 0.0438573136926, 0.0624388679862, 0.0241249557585, 0.0178328212351, 0.0303342677653, 0.0314220674336, 0.034028403461, 0.0598973408341, 0.0681496560574, 0.0652455836535, 0.0340278372169, 0.0322993434966, 0.0506896711886, 0.0556015409529, 0.0304607525468, 0.0629630312324, 0.137703448534, 0.0344924852252, 0.0253450851887, 0.0702963247895, 0.0501983836293, 0.0656272619963, 0.116561986506, 0.0711893737316, 0.0460012331605]
    chords_histogram: [0, 0, 5.5299539566, 0.921658992767, 4.60829496384, 0, 0, 0, 0, 0, 0, 0, 0, 0, 5.5299539566, 0, 9.21658992767, 19.354839325, 0, 20.7373275757, 0.460829496384, 12.9032258987, 5.99078321457, 14.7465438843]
    thpcp: [1, 0.564747750759, 0.319688498974, 0.479739695787, 0.451982080936, 0.5920394063, 0.848327577114, 0.669566810131, 0.465658158064, 0.470065057278, 0.393323540688, 0.369194716215, 0.44229131937, 0.414968460798, 0.364656567574, 0.386870145798, 0.42282807827, 0.490661889315, 0.449042379856, 0.347351431847, 0.49779894948, 0.618455171585, 0.387115567923, 0.234202474356, 0.297790944576, 0.291530638933, 0.330997794867, 0.461464136839, 0.553422689438, 0.483320057392, 0.328828603029, 0.301413863897, 0.386682957411, 0.382198572159, 0.330802768469, 0.713447809219]
    chords_key: "C#"
    chords_scale: "minor"
    key_key: "F#"
    key_scale: "major"
    chords_progression: ["E", "G", "G", "G", "G", "G", "G", "G", "G", "G", "G", "G", "G", "G#m", "G#m", "G#m", "G#m", "G#m", "G#m", "G#m", "G#m", "G#m", "G#m", "G#m", "G#m", "G#m", "G#m", "G#m", "G#m", "G#m", "G#m", "G#m", "G#m", "G#m", "G#m", "G#m", "G#m", "G#m", "G#m", "G#m", "G#m", "G#", "G#", "G#", "G#", "G#", "G#", "G#", "G#", "G#", "G#", "C#m", "C#m", "C#", "C#", "C#", "C#", "C#", "C#", "C#", "C#", "C#", "C#", "C#", "C#m", "C#m", "C#m", "C#m", "C#m", "C#m", "C#m", "C#m", "C#m", "C#m", "C#m", "C#m", "C#m", "C#m", "C#m", "C#m", "C#m", "C#m", "C#m", "C#m", "C#m", "C#m", "C#m", "C#m", "C#m", "C#m", "C#m", "C#m", "C#m", "C#m", "C#m", "C#m", "C#", "Fm", "F#m", "F#m", "F#m", "F#m", "F#m", "Fm", "F#m", "F#m", "F#m", "F#m", "F#m", "F#m", "F#m", "F#m", "F#m", "D", "D", "D", "D", "D", "D", "D", "D", "D", "D", "D", "D", "D", "D", "D", "D", "D#m", "D#m", "D#m", "D#m", "D#m", "D#m", "D#m", "D#m", "D#m", "D#m", "D#m", "D#m", "D#m", "D#m", "D#m", "B", "D", "D", "D", "D", "D#m", "D#m", "D#m", "D#m", "D#m", "D#m", "D#m", "D#m", "D#m", "D#m", "B", "B", "B", "B", "B", "B", "B", "B", "B", "B", "B", "B", "C#m", "C#m", "C#m", "C#m", "C#m", "C#m", "C#m", "F#m", "F#m", "F#m", "F#m", "F#m", "F#m", "F#m", "C#m", "C#m", "C#m", "C#m", "D#m", "D#m", "F#m", "F#m", "F#m", "F#m", "F#m", "F#m", "F#m", "F#m", "F#m", "F#m", "F#m", "F#m", "F#m", "F#m", "F#m", "F#m", "F#m", "F#m", "F#m", "F#m", "F#m", "D#m", "D#m", "D#m", "D#m", "D#m"]
