
metadata:
    version:
        essentia: "1.2.2"
    audio_properties:
        analysis_sample_rate: 44100
        bitrate: 128
        channels: 2
        equal_loudness: 1
        length: 10.0048980713
        replay_gain: -15.8559417725
        downmix: "mix"
    tags:
        track: 20
        year: 0
        album: "Splitted by Mp3Splt v. 2.1"
        artist: "From 003.10 To 003.20"
        comment: "http://mp3splt.sf.net"
        genre: ""
        title: "10 Spur of the Moment.mp3"

highlevel:
    ballroom:
        all:
            ChaChaCha: 0.333607286215
            Jive: 0.0489572286606
            Quickstep: 0.0846539288759
            Rumba-American: 0.0389785207808
            Rumba-International: 0.168565258384
            Rumba-Misc: 0.114914424717
            Samba: 0.118413358927
            Tango: 0.0226251278073
            VienneseWaltz: 0.0408927090466
            Waltz: 0.028392162174
        probability: 0.333607286215
        value: "ChaChaCha"
    culture:
        all:
            non_western: 0.198792815208
            western: 0.801207184792
        probability: 0.801207184792
        value: "western"
    gender:
        all:
            female: 0.919247210026
            male: 0.0807527750731
        probability: 0.919247210026
        value: "female"
    genre_dortmund:
        all:
            alternative: 0.00899753905833
            blues: 0.069007627666
            electronic: 0.0333064273
            folkcountry: 0.0286844205111
            funksoulrnb: 0.0600635707378
            jazz: 0.0427374467254
            pop: 0.130584210157
            raphiphop: 0.598180770874
            rock: 0.0284379627556
        probability: 0.598180770874
        value: "raphiphop"
    genre_electronica:
        all:
            ambient: 0.751452445984
            dnb: 0.0616307593882
            house: 0.141482546926
            techno: 0.0202241856605
            trance: 0.0252100974321
        probability: 0.751452445984
        value: "ambient"
    genre_rosamerica:
        all:
            cla: 0.0103921722621
            dan: 0.0541937611997
            hip: 0.0130860526115
            jaz: 0.0570030920208
            pop: 0.13993164897
            rhy: 0.70727288723
            roc: 0.0106193935499
            spe: 0.00750100705773
        probability: 0.70727288723
        value: "rhy"
    genre_tzanetakis:
        all:
            blu: 0.00116245320532
            cla: 0.00238670920953
            cou: 0.0107830381021
            dis: 0.0675582885742
            hip: 0.0159549340606
            jaz: 0.00604406557977
            met: 0.000792553357314
            pop: 0.622019588947
            reg: 0.265963375568
            roc: 0.00733495689929
        probability: 0.622019588947
        value: "pop"
    live_studio:
        all:
            live: 0.0197839699686
            studio: 0.980216026306
        probability: 0.980216026306
        value: "studio"
    mood:
        all:
            Cluster1: 0.12527756393
            Cluster2: 0.459725528955
            Cluster3: 0.0698956772685
            Cluster4: 0.327551841736
            Cluster5: 0.0175493806601
        probability: 0.459725528955
        value: "Cluster2"
    mood_acoustic:
        all:
            acoustic: 0.725114047527
            not_acoustic: 0.274885982275
        probability: 0.725114047527
        value: "acoustic"
    mood_aggressive:
        all:
            aggressive: 0.0381888411939
            not_aggressive: 0.961811184883
        probability: 0.961811184883
        value: "not_aggressive"
    mood_electronic:
        all:
            electronic: 0.567410707474
            not_electronic: 0.432589322329
        probability: 0.567410707474
        value: "electronic"
    mood_happy:
        all:
            happy: 0.547309219837
            not_happy: 0.452690780163
        probability: 0.547309219837
        value: "happy"
    mood_party:
        all:
            not_party: 0.508957326412
            party: 0.49104270339
        probability: 0.508957326412
        value: "not_party"
    mood_relaxed:
        all:
            not_relaxed: 0.281872093678
            relaxed: 0.718127906322
        probability: 0.718127906322
        value: "relaxed"
    mood_sad:
        all:
            not_sad: 0.351934492588
            sad: 0.648065507412
        probability: 0.648065507412
        value: "sad"
    rhythm:
        all:
            fast: 0.684215664864
            medium: 0.115957669914
            slow: 0.199826657772
        probability: 0.684215664864
        value: "fast"
    speech_music:
        all:
            music: 0.936130642891
            speech: 0.0638693794608
        probability: 0.936130642891
        value: "music"
    timbre:
        all:
            bright: 0.988051652908
            dark: 0.0119483247399
        probability: 0.988051652908
        value: "bright"
    voice_instrumental:
        all:
            instrumental: 0.00299535924569
            voice: 0.997004628181
        probability: 0.997004628181
        value: "voice"

lowlevel:
    average_loudness: 0.955575823784
    barkbands_kurtosis:
        dmean: 3.10078263283
        dmean2: 4.88432216644
        dvar: 21.6686115265
        dvar2: 49.7572212219
        max: 41.27135849
        mean: 3.10723948479
        min: -1.73960578442
        var: 45.8432388306
    barkbands_skewness:
        dmean: 0.698852419853
        dmean2: 1.05909001827
        dvar: 0.479311943054
        dvar2: 1.06403720379
        max: 6.12906312943
        mean: 1.25794482231
        min: -1.34443700314
        var: 1.70510327816
    barkbands_spread:
        dmean: 5.48344707489
        dmean2: 8.46235084534
        dvar: 28.5021896362
        dvar2: 60.0780067444
        max: 56.9345588684
        mean: 18.1285209656
        min: 2.26767683029
        var: 89.3057861328
    dissonance:
        dmean: 0.0357909277081
        dmean2: 0.0591665692627
        dvar: 0.000960148405284
        dvar2: 0.0026995728258
        max: 0.499525219202
        mean: 0.41773506999
        min: 0.213411211967
        var: 0.00265853549354
    hfc:
        dmean: 1.76853477955
        dmean2: 2.49883794785
        dvar: 7.04228401184
        dvar2: 10.7754039764
        max: 25.5921058655
        mean: 3.97507381439
        min: 0.117844499648
        var: 22.0570640564
    pitch:
        dmean: 187.460159302
        dmean2: 357.275695801
        dvar: 330610.46875
        dvar2: 859832.75
        max: 4009.09082031
        mean: 451.373260498
        min: 88.0239486694
        var: 269920.125
    pitch_instantaneous_confidence:
        dmean: 0.108258523047
        dmean2: 0.169896095991
        dvar: 0.0116709591821
        dvar2: 0.025246668607
        max: 0.942864894867
        mean: 0.620292305946
        min: 0.15174472332
        var: 0.0441746972501
    pitch_salience:
        dmean: 0.0826446563005
        dmean2: 0.135028094053
        dvar: 0.00498708058149
        dvar2: 0.0114121027291
        max: 0.892077624798
        mean: 0.524480462074
        min: 0.0892210453749
        var: 0.0201279632747
    silence_rate_20dB:
        dmean: 0
        dmean2: 0
        dvar: 0
        dvar2: 0
        max: 1
        mean: 1
        min: 1
        var: 0
    silence_rate_30dB:
        dmean: 0
        dmean2: 0
        dvar: 0
        dvar2: 0
        max: 1
        mean: 1
        min: 1
        var: 0
    silence_rate_60dB:
        dmean: 0.158139541745
        dmean2: 0.314685314894
        dvar: 0.13313151896
        dvar2: 0.252955406904
        max: 1
        mean: 0.554524362087
        min: 0
        var: 0.247026726604
    spectral_centroid:
        dmean: 235.121780396
        dmean2: 363.782409668
        dvar: 72555.1953125
        dvar2: 130607.65625
        max: 2787.08007812
        mean: 1084.4083252
        min: 265.722320557
        var: 242919.15625
    spectral_complexity:
        dmean: 2.73364496231
        dmean2: 4.09367704391
        dvar: 20.3308601379
        dvar2: 29.4619922638
        max: 43
        mean: 7.5547785759
        min: 0
        var: 63.351978302
    spectral_crest:
        dmean: 3.29028868675
        dmean2: 5.24783754349
        dvar: 7.87712049484
        dvar2: 20.6341781616
        max: 25.6512050629
        mean: 11.2706155777
        min: 3.164696455
        var: 20.8084602356
    spectral_decrease:
        dmean: 3.82123860332e-10
        dmean2: 5.83196657633e-10
        dvar: 2.09394852557e-19
        dvar2: 4.73304991685e-19
        max: -1.83224373174e-11
        mean: -8.4337870021e-10
        min: -3.06910030723e-09
        var: 5.10705239298e-19
    spectral_energy:
        dmean: 0.00158838648349
        dmean2: 0.00239872210659
        dvar: 3.51340327143e-06
        dvar2: 7.60879038353e-06
        max: 0.0125328768045
        mean: 0.00354365818202
        min: 7.98419205239e-05
        var: 9.17766647035e-06
    spectral_energyband_high:
        dmean: 5.08306184202e-05
        dmean2: 7.77908862801e-05
        dvar: 8.69296368222e-09
        dvar2: 1.85771291683e-08
        max: 0.00093253958039
        mean: 9.1243746283e-05
        min: 1.39276176014e-06
        var: 1.75364736066e-08
    spectral_energyband_low:
        dmean: 0.000120817232528
        dmean2: 0.000198223133339
        dvar: 2.15296594774e-07
        dvar2: 5.50068932625e-07
        max: 0.003635130357
        mean: 0.000122020523122
        min: 4.51726989148e-10
        var: 1.82998476816e-07
    spectral_energyband_middle_high:
        dmean: 0.000777985842433
        dmean2: 0.00111666799057
        dvar: 1.51519861902e-06
        dvar2: 2.95054542221e-06
        max: 0.0103454962373
        mean: 0.00139646872412
        min: 1.85469398275e-05
        var: 3.8514967855e-06
    spectral_energyband_middle_low:
        dmean: 0.00103307783138
        dmean2: 0.00165705662221
        dvar: 2.1932380605e-06
        dvar2: 5.35257004231e-06
        max: 0.0112092709169
        mean: 0.00193391006906
        min: 4.02181867685e-05
        var: 4.31964281233e-06
    spectral_flatness_db:
        dmean: 0.0294712688774
        dmean2: 0.0447129160166
        dvar: 0.000778128276579
        dvar2: 0.00164347596001
        max: 0.42912954092
        mean: 0.196710452437
        min: 0.0864766463637
        var: 0.00443333387375
    spectral_flux:
        dmean: 0.011509090662
        dmean2: 0.0180054865777
        dvar: 0.000173777792952
        dvar2: 0.000319113431033
        max: 0.102314129472
        mean: 0.0343375243247
        min: 0.00462025823072
        var: 0.000438201357611
    spectral_kurtosis:
        dmean: 1.7958753109
        dmean2: 2.85577559471
        dvar: 4.34367227554
        dvar2: 10.5886125565
        max: 21.3477859497
        mean: 5.28271389008
        min: -0.996469974518
        var: 9.57640266418
    spectral_rms:
        dmean: 0.000399481446948
        dmean2: 0.000594668847043
        dvar: 1.86036245964e-07
        dvar2: 3.78224996211e-07
        max: 0.00349674094468
        mean: 0.00169006024953
        min: 0.000279095955193
        var: 6.009200888e-07
    spectral_rolloff:
        dmean: 510.306182861
        dmean2: 823.454772949
        dvar: 417588.4375
        dvar2: 778754.75
        max: 5167.96875
        mean: 1849.69628906
        min: 172.265625
        var: 1171307.125
    spectral_skewness:
        dmean: 0.259686380625
        dmean2: 0.40589171648
        dvar: 0.0784899666905
        dvar2: 0.167399868369
        max: 3.83720159531
        mean: 1.92189025879
        min: 0.255574166775
        var: 0.216047346592
    spectral_spread:
        dmean: 1109563.25
        dmean2: 1623788.375
        dvar: 2.10589437133e+12
        dvar2: 3.85484980224e+12
        max: 17225126
        mean: 5816740.5
        min: 2301468.5
        var: 4.6290394153e+12
    spectral_strongpeak:
        dmean: 0.323011428118
        dmean2: 0.525023281574
        dvar: 0.172308534384
        dvar2: 0.472348958254
        max: 3.87021923065
        mean: 0.661530017853
        min: 0.00975870061666
        var: 0.334061473608
    zerocrossingrate:
        dmean: 0.00971314590424
        dmean2: 0.0112544829026
        dvar: 9.92907444015e-05
        dvar2: 0.000104710990854
        max: 0.14599609375
        mean: 0.0602327361703
        min: 0.01904296875
        var: 0.000648428860586
    barkbands:
        dmean: [4.73373148679e-07, 4.30452710134e-05, 0.000102369129308, 0.000138500006869, 0.000104805825686, 0.000356579083018, 0.000237856627791, 0.000217947599594, 0.000230423218454, 0.000216802218347, 0.000105925435491, 0.000131453009089, 8.84631663212e-05, 0.000144079036545, 8.90975061338e-05, 0.000108712149085, 7.09752202965e-05, 9.77915915428e-05, 7.77037275839e-05, 4.76726527268e-05, 2.31722224271e-05, 6.11136374573e-06, 1.57796250733e-06, 1.88911587884e-06, 1.288588237e-06, 1.10173459689e-07, 1.75996628382e-09]
        dmean2: [7.58650344324e-07, 7.47878293623e-05, 0.000189050959307, 0.000262718764134, 0.00018403143622, 0.000556764309295, 0.000369058689103, 0.000335191434715, 0.000383503851481, 0.000341393635608, 0.000172108557308, 0.000195239277673, 0.000128938685521, 0.000228782024351, 0.000145458529005, 0.000188682359294, 0.000106228617369, 0.000143846904393, 0.000108531407022, 7.28481099941e-05, 3.71157766494e-05, 8.08798085927e-06, 2.06382674151e-06, 2.70606983577e-06, 1.88177875771e-06, 1.52803735887e-07, 2.14122852782e-09]
        dvar: [1.12048228768e-12, 2.69153517252e-08, 2.08620662079e-07, 3.9756648107e-07, 7.33825515908e-08, 6.55069641198e-07, 2.68751250587e-07, 2.63576282578e-07, 6.12062422078e-07, 2.78294606915e-07, 9.96915403562e-08, 1.43998803992e-07, 3.36712204785e-08, 2.3103575586e-07, 3.19747073263e-08, 6.77710758623e-08, 1.23043513156e-08, 5.63773880913e-08, 2.45532731924e-08, 6.81139855629e-09, 2.79628231681e-09, 1.12049168555e-10, 8.3824223604e-12, 1.22084850909e-11, 7.44264892771e-12, 3.69857376876e-14, 6.06042862277e-16]
        dvar2: [2.66868124821e-12, 7.23793363022e-08, 6.02509942382e-07, 1.16363014513e-06, 2.062559048e-07, 1.61516868502e-06, 6.43930093247e-07, 6.32658668565e-07, 1.4835187585e-06, 7.93683625488e-07, 2.52942982115e-07, 3.13190781753e-07, 7.21092021649e-08, 6.26201426712e-07, 7.61507124025e-08, 1.9494062542e-07, 2.84484418245e-08, 1.29826290163e-07, 3.86338392389e-08, 1.35881279562e-08, 7.16206249862e-09, 1.91161100838e-10, 1.06537920846e-11, 2.01236926428e-11, 1.47793045163e-11, 7.27864559531e-14, 6.05921313049e-16]
        max: [7.81537437433e-06, 0.00118559855036, 0.00325414445251, 0.00454356428236, 0.00268865120597, 0.00874189846218, 0.00545127131045, 0.00543451588601, 0.0103784045205, 0.00453348085284, 0.00254900171421, 0.00753221474588, 0.00157432071865, 0.00697414437309, 0.00124339724425, 0.00172320683487, 0.000961127749179, 0.00262430962175, 0.00169844157062, 0.0007359876181, 0.000533972575795, 9.93137582554e-05, 3.24128668581e-05, 4.6046821808e-05, 4.16007387685e-05, 2.32066827266e-06, 5.10937411491e-07]
        mean: [5.89837384268e-07, 4.3662461394e-05, 7.77843451942e-05, 9.61808327702e-05, 0.000140307558468, 0.000651029928122, 0.000371739384718, 0.000271398574114, 0.000312057964038, 0.000270588963758, 0.000112303321657, 0.000177257956238, 0.000117474126455, 0.000164500481333, 0.00010614497296, 0.00011800890934, 0.000103710706753, 0.000132868168293, 0.000138008996146, 8.594441897e-05, 3.33767056873e-05, 1.03931961348e-05, 2.94789947475e-06, 3.22423124999e-06, 1.98916973204e-06, 1.63829085409e-07, 1.92144433697e-09]
        min: [2.65849907193e-12, 1.11313888662e-10, 2.15450990382e-10, 7.00829172473e-10, 3.37512574333e-07, 2.4426865366e-06, 3.66595173773e-07, 6.31762375747e-08, 1.0340852441e-07, 4.26607940085e-08, 1.38199123256e-08, 9.76133929242e-09, 9.90507658116e-08, 1.26686376944e-08, 4.66348959449e-10, 7.43849248863e-09, 1.7834420305e-06, 5.00486869726e-08, 3.24548876662e-09, 3.03121100842e-06, 3.34056636575e-07, 6.03845080605e-08, 6.35539976201e-08, 1.88252382571e-08, 2.23687446343e-09, 7.02592775625e-11, 1.32408678206e-13]
        var: [1.6491050062e-12, 2.16447499923e-08, 1.23427469134e-07, 2.13500783275e-07, 5.39690887535e-08, 1.53051428242e-06, 4.98518488712e-07, 4.3568604724e-07, 9.81104562925e-07, 3.68463219047e-07, 1.08637635776e-07, 2.56404462107e-07, 5.57113004618e-08, 2.91583774015e-07, 4.91322644791e-08, 7.651844669e-08, 2.5888692079e-08, 9.69916840177e-08, 6.99648055047e-08, 1.6726421137e-08, 3.88221810255e-09, 2.63550847812e-10, 2.7755454185e-11, 2.89417725896e-11, 1.42445352388e-11, 7.5712494e-14, 6.06636791192e-16]
    mfcc:
        mean: [-774.108093262, 105.650054932, -43.2026481628, 27.7563972473, -22.2206535339, -22.498210907, -9.92685985565, -19.4301338196, -15.5046806335, -11.8153820038, -6.69163560867, 0.658474326134, -5.2447013855]
        cov: [[3913.33642578, -495.924621582, -675.280822754, -326.317901611, 464.519104004, 183.258148193, 375.127105713, 258.190887451, 447.369781494, 392.275115967, 143.31312561, -80.0282211304, 136.309692383], [-495.924621582, 1032.26196289, 520.549255371, 356.697113037, 109.393005371, 234.97517395, 214.998260498, 247.397354126, 181.329605103, 91.0301361084, 113.757011414, 122.657684326, 50.1028137207], [-675.280822754, 520.549255371, 1424.24353027, 593.611877441, 297.145324707, 301.625488281, 317.926330566, 382.024291992, 223.350296021, 16.306137085, 139.393585205, 214.27796936, 125.168579102], [-326.317901611, 356.697113037, 593.611877441, 579.194091797, 302.762664795, 252.906921387, 178.24798584, 218.049606323, 153.504684448, 54.2544403076, 83.2778167725, 106.362602234, 79.531791687], [464.519104004, 109.393005371, 297.145324707, 302.762664795, 505.73828125, 245.769439697, 258.851959229, 200.770492554, 231.818206787, 115.405464172, 11.3836936951, 26.2811031342, 74.2911148071], [183.258148193, 234.97517395, 301.625488281, 252.906921387, 245.769439697, 401.378173828, 276.288696289, 174.496780396, 123.646430969, 63.0573310852, 89.1164093018, 59.2309608459, 60.8492202759], [375.127105713, 214.998260498, 317.926330566, 178.24798584, 258.851959229, 276.288696289, 419.681915283, 230.217147827, 168.198379517, 95.0640335083, 41.2191772461, 80.4913864136, 86.0276107788], [258.190887451, 247.397354126, 382.024291992, 218.049606323, 200.770492554, 174.496780396, 230.217147827, 334.347320557, 235.132339478, 84.1140289307, 62.2303276062, 31.870092392, 63.2810134888], [447.369781494, 181.329605103, 223.350296021, 153.504684448, 231.818206787, 123.646430969, 168.198379517, 235.132339478, 306.506744385, 147.658355713, 42.1602516174, -22.2691459656, 40.832447052], [392.275115967, 91.0301361084, 16.306137085, 54.2544403076, 115.405464172, 63.0573310852, 95.0640335083, 84.1140289307, 147.658355713, 213.876922607, 79.5682067871, 10.1192350388, 22.9320831299], [143.31312561, 113.757011414, 139.393585205, 83.2778167725, 11.3836936951, 89.1164093018, 41.2191772461, 62.2303276062, 42.1602516174, 79.5682067871, 194.934448242, 98.4145889282, 10.6785774231], [-80.0282211304, 122.657684326, 214.27796936, 106.362602234, 26.2811031342, 59.2309608459, 80.4913864136, 31.870092392, -22.2691459656, 10.1192350388, 98.4145889282, 199.331878662, 77.7509307861], [136.309692383, 50.1028137207, 125.168579102, 79.531791687, 74.2911148071, 60.8492202759, 86.0276107788, 63.2810134888, 40.832447052, 22.9320831299, 10.6785774231, 77.7509307861, 118.798126221]]
        icov: [[0.000768854341004, 0.000362341175787, 0.000516735133715, 0.000711005239282, -0.000678808020893, 6.48282511975e-05, -0.000444869947387, -0.00032717094291, -0.000722069642507, -7.95735613792e-05, -0.00117901130579, 0.000362356018741, -0.00103535607923], [0.000362341175787, 0.00176503509283, 0.000161450632731, -0.000447004189482, 0.000690124346875, -0.000550601049326, -0.000326640263665, -0.000457724061562, -0.00114572036546, -0.000416121707531, 3.41338745784e-05, -0.000849066127557, 0.00032655231189], [0.000516735133715, 0.000161450632731, 0.00202695187181, -0.00073647510726, -0.000231988611631, 0.000234436869505, -0.000659521843772, -0.00106885365676, -0.00100128573831, 0.000921405327972, -0.000961335434113, -0.000781326554716, -0.000467585399747], [0.000711005239282, -0.000447004189482, -0.00073647510726, 0.00560300750658, -0.00296655483544, -0.00129988242406, 0.00153361319099, -0.00138070399407, 0.000446757097961, -0.000414258101955, -0.0010145213455, -0.000168632395798, -0.00132853165269], [-0.000678808020893, 0.000690124346875, -0.000231988611631, -0.00296655483544, 0.00634096842259, -0.0015891045332, -0.000925884116441, 0.00132412381936, -0.0028236976359, -0.000640414888039, 0.00317286141217, -0.00140857254155, 0.00126283662394], [6.48282511975e-05, -0.000550601049326, 0.000234436869505, -0.00129988242406, -0.0015891045332, 0.00707187550142, -0.00410610390827, 0.000679764372762, 0.00104185787495, 0.00165567616932, -0.00428317580372, 0.00325922691263, -0.00166190520395], [-0.000444869947387, -0.000326640263665, -0.000659521843772, 0.00153361319099, -0.000925884116441, -0.00410610390827, 0.00802334584296, -0.00338420877233, 0.00121518236119, -0.00217686383985, 0.00401693861932, -0.00355463335291, 0.000959048513323], [-0.00032717094291, -0.000457724061562, -0.00106885365676, -0.00138070399407, 0.00132412381936, 0.000679764372762, -0.00338420877233, 0.0112646091729, -0.00654173223302, 0.00270005129278, -0.00197020196356, 0.00189180707093, -0.00144077499863], [-0.000722069642507, -0.00114572036546, -0.00100128573831, 0.000446757097961, -0.0028236976359, 0.00104185787495, 0.00121518236119, -0.00654173223302, 0.0143275801092, -0.00512904347852, 0.000375299277948, 0.00374846835621, -0.000517099280842], [-7.95735613792e-05, -0.000416121707531, 0.000921405327972, -0.000414258101955, -0.000640414888039, 0.00165567616932, -0.00217686383985, 0.00270005129278, -0.00512904347852, 0.0103092538193, -0.00506280129775, 0.00147158524487, -0.00147127511445], [-0.00117901130579, 3.41338745784e-05, -0.000961335434113, -0.0010145213455, 0.00317286141217, -0.00428317580372, 0.00401693861932, -0.00197020196356, 0.000375299277948, -0.00506280129775, 0.0148356687278, -0.00906026735902, 0.00682530924678], [0.000362356018741, -0.000849066127557, -0.000781326554716, -0.000168632395798, -0.00140857254155, 0.00325922691263, -0.00355463335291, 0.00189180707093, 0.00374846835621, 0.00147158524487, -0.00906026735902, 0.0153504600748, -0.00914834439754], [-0.00103535607923, 0.00032655231189, -0.000467585399747, -0.00132853165269, 0.00126283662394, -0.00166190520395, 0.000959048513323, -0.00144077499863, -0.000517099280842, -0.00147127511445, 0.00682530924678, -0.00914834439754, 0.0168200805783]]
    spectral_contrast:
        mean: [-2.02034044605e-07, 1.82356862943e-09, -2.08972281257e-07, -6.76474485317e-07, 5.50544072553e-08, -4.77601336257e-09, 1.33387970891e-06, 5.54364874006e-07, -2.13329758481e-06, -1.45461729062e-06, -2.80183508039e-06, 1.27823476248e-08]
        var: [0.000579560524784, 0.000844395370223, 0.00205961521715, 0.00444286130369, 0.00750391650945, 0.0109786475077, 0.0827073678374, 0.168324381113, 0.305114746094, 0.626427292824, 2.86143064499, 4.66722869873]

rhythm:
    beats_loudness:
        dmean: 0.00592119805515
        dmean2: 0.0118418959901
        dvar: 2.52146742241e-06
        dvar2: 6.98201483829e-06
        max: 0.0113680595532
        mean: 0.00592886749655
        min: 0.00194117950741
        var: 1.040947609e-05
    beats_loudness_bass:
        dmean: 0.583717644215
        dmean2: 1.16728913784
        dvar: 0.0436638742685
        dvar2: 0.141732990742
        max: 0.790701627731
        mean: 0.277325630188
        min: 4.39353098045e-05
        var: 0.105403982103
    bpm: 100.496032715
    bpm_confidence: 0
    first_peak_bpm: 101
    first_peak_spread: 0.0625
    first_peak_weight: 0.9375
    onset_rate: 4.39784622192
    second_peak_bpm: 0
    second_peak_spread: 0
    second_peak_weight: 0
    beats_position: [0.173714444041, 0.770703554153, 1.36769258976, 1.96468174458, 2.56167078018, 3.158659935, 3.75564908981, 4.35263824463, 4.94962739944, 5.54661607742, 6.16341114044, 6.76051282883, 7.3576130867, 7.95471477509, 8.55181503296, 9.14891719818, 9.74601745605]
    bpm_estimates: [100.513221741, 100.43737793, 100.565444946, 100.599113464, 100.529792786, 100.504615784, 100.482154846, 100.493255615, 100.501304626, 100.417572021, 100.652900696, 100.374755859, 100.48941803, 100.521888733, 100.437072754, 100.556785583, 100.519950867, 100.332099915]
    bpm_intervals: [0.596989095211, 0.596989035606, 0.596989154816, 0.596989035606, 0.596989154816, 0.596989154816, 0.596989154816, 0.596989154816, 0.596988677979, 0.616795063019, 0.597101688385, 0.597100257874, 0.597101688385, 0.597100257874, 0.597102165222, 0.597100257874]
    onset_times: [0.0580498874187, 0.150929704309, 0.371519267559, 0.476009070873, 0.615328788757, 0.754648506641, 1.09133791924, 1.25387752056, 1.369977355, 1.66022670269, 1.81115651131, 1.96208620071, 2.55419492722, 2.86766433716, 3.06503391266, 3.26240372658, 3.65714287758, 3.75002264977, 4.02866220474, 4.22603178024, 4.35374164581, 4.66721105576, 4.81814050674, 4.95746040344, 5.24770975113, 5.44507932663, 5.54956912994, 5.87464857101, 6.1648979187, 6.44353723526, 6.61768722534, 7.0936961174, 7.14013624191, 7.33750581741, 7.70902490616, 7.83673477173, 8.23147392273, 8.35918331146, 8.55655288696, 8.80036258698, 8.84680271149, 9.02095222473, 9.16027164459, 9.70594120026]
    rubato_start: []
    rubato_stop: []
    perceptual_tempo: "unknown"

sfx:
    inharmonicity:
        dmean: 0.0497706755996
        dmean2: 0.0886763334274
        dvar: 0.00461922679096
        dvar2: 0.0124075533822
        max: 0.437083393335
        mean: 0.0434184297919
        min: 0
        var: 0.00427723862231
    oddtoevenharmonicenergyratio:
        dmean: 45.5594749451
        dmean2: 90.2167358398
        dvar: 168840.828125
        dvar2: 506843.34375
        max: 5204.89355469
        mean: 24.0589199066
        min: 0
        var: 84843.2265625
    pitch_after_max_to_before_max_energy_ratio: 1.59151017666
    pitch_centroid: 210.324752808
    pitch_max_to_total: 0.193473190069
    pitch_min_to_total: 0.43356642127
    tristimulus:
        dmean: [0.252408057451, 0.269912242889, 0.0845703706145]
        dmean2: [0.449321210384, 0.480381131172, 0.151083275676]
        dvar: [0.0557088926435, 0.0567516647279, 0.00917555205524]
        dvar2: [0.149019137025, 0.154962912202, 0.0259486716241]
        max: [1, 0.999079048634, 0.762613296509]
        mean: [0.370292812586, 0.521541714668, 0.0889732986689]
        min: [0.000211583217606, 0, 0]
        var: [0.0801477134228, 0.0773045942187, 0.0108586447313]

tonal:
    chords_changes_rate: 0.0231481473893
    chords_number_rate: 0.00925925932825
    chords_strength:
        dmean: 0.0126102687791
        dmean2: 0.0109286606312
        dvar: 7.03666592017e-05
        dvar2: 7.35958165023e-05
        max: 0.673350512981
        mean: 0.516486048698
        min: 0.313803046942
        var: 0.00674824230373
    key_strength: 0.780974268913
    tuning_diatonic_strength: 0.647219002247
    tuning_equal_tempered_deviation: 0.29443025589
    tuning_frequency: 447.691040039
    tuning_nontempered_energy_ratio: 0.974802732468
    hpcp:
        dmean: [0.132263615727, 0.0898749828339, 0.0731831863523, 0.0774486958981, 0.0705674812198, 0.0810575559735, 0.0892924293876, 0.126423552632, 0.152502477169, 0.121544390917, 0.0891073867679, 0.0987797826529, 0.0990185216069, 0.10490847379, 0.120184123516, 0.113624349236, 0.091722458601, 0.0854411870241, 0.0847700759768, 0.11505843699, 0.156644508243, 0.118823587894, 0.118597589433, 0.130443885922, 0.142003417015, 0.130301266909, 0.106973148882, 0.138895094395, 0.205155909061, 0.258149683475, 0.226026639342, 0.132971584797, 0.0888842940331, 0.0807999297976, 0.11384331435, 0.133848026395]
        dmean2: [0.231935709715, 0.150201097131, 0.11702927202, 0.125961408019, 0.117478333414, 0.134402513504, 0.150954172015, 0.198424011469, 0.244469761848, 0.202119886875, 0.148871317506, 0.165359169245, 0.167331978679, 0.17328441143, 0.19388538599, 0.184871464968, 0.156629741192, 0.144756540656, 0.144503340125, 0.184258446097, 0.261233836412, 0.189012154937, 0.200761049986, 0.213056951761, 0.232894822955, 0.226233020425, 0.193465664983, 0.242829844356, 0.341377317905, 0.434856444597, 0.387012958527, 0.219361767173, 0.155899599195, 0.132480442524, 0.184804618359, 0.225862041116]
        dvar: [0.0371607653797, 0.0218140315264, 0.0170380957425, 0.0188525822014, 0.0139768933877, 0.0179657656699, 0.0199005771428, 0.0336531400681, 0.0525401942432, 0.0339858643711, 0.0221447832882, 0.0290672685951, 0.0289684887975, 0.0276305358857, 0.0388102829456, 0.041819639504, 0.0259787850082, 0.0320145227015, 0.0324086286128, 0.021010030061, 0.046894300729, 0.0254187379032, 0.0310085304081, 0.038765180856, 0.0424626730382, 0.0405810810626, 0.040414005518, 0.0462977290154, 0.0588407218456, 0.0739288404584, 0.0645123943686, 0.0367011800408, 0.03045967035, 0.0200877971947, 0.0290959086269, 0.0432588681579]
        dvar2: [0.0942531004548, 0.0508888028562, 0.0405222065747, 0.0511606670916, 0.0351902581751, 0.0453331880271, 0.0466918125749, 0.0726770162582, 0.105026960373, 0.0772658586502, 0.0662596747279, 0.0818305760622, 0.0797035396099, 0.0732569396496, 0.0896352082491, 0.0996047854424, 0.0671312212944, 0.0857179239392, 0.0829747542739, 0.0486625656486, 0.100936897099, 0.0567549988627, 0.0828131139278, 0.0869101956487, 0.0930177569389, 0.105298601091, 0.112909413874, 0.126678436995, 0.143446356058, 0.157618358731, 0.143862366676, 0.084485091269, 0.0788246169686, 0.0523904636502, 0.0736343413591, 0.093114502728]
        max: [1, 1, 1, 1, 0.718127369881, 1, 0.953276634216, 1, 1, 1, 1, 1, 1, 1, 1, 1, 0.861686646938, 1, 1, 1, 1, 1, 1, 1, 1, 1, 1, 1, 1, 1, 1, 1, 1, 1, 1, 1]
        mean: [0.170565143228, 0.0928065180779, 0.0826352536678, 0.0765815451741, 0.0743872970343, 0.0915676876903, 0.0963061228395, 0.160891637206, 0.236647129059, 0.163970530033, 0.0903336405754, 0.102221906185, 0.0999951064587, 0.123632222414, 0.160937488079, 0.137057095766, 0.0893731415272, 0.0749332606792, 0.0801873654127, 0.153884828091, 0.253717005253, 0.193429380655, 0.143620401621, 0.198922947049, 0.168372690678, 0.105583757162, 0.0839487090707, 0.117853656411, 0.278358519077, 0.401650458574, 0.284828454256, 0.130140185356, 0.0822971239686, 0.0775592252612, 0.15257139504, 0.226395383477]
        min: [8.75669356901e-05, 2.00084068638e-05, 5.52874334971e-05, 0.000117879266327, 0.000438451155787, 0.000478899193695, 0.000223127877689, 0.000189430284081, 0.000119276599435, 0.000229019104154, 7.35754147172e-05, 1.50678424689e-05, 0.000130704705953, 4.85416603624e-05, 0.00028740579728, 0.000187215788173, 1.04449072751e-05, 9.71323152044e-06, 5.89132469031e-05, 0.000813103513792, 0.001109222183, 0.000976581475697, 0.000579215062317, 0.000319681828842, 0.000196430220967, 4.67372155981e-05, 5.54158486921e-06, 6.5867138801e-06, 9.64932769421e-05, 0.000292058335617, 0.000296134239761, 7.59535541874e-05, 8.05282325018e-05, 0.000115721828479, 5.68038412894e-05, 9.55941650318e-05]
        var: [0.0596753023565, 0.0258187782019, 0.0228803791106, 0.0199761036783, 0.0167856048793, 0.020542178303, 0.0238186139613, 0.0520118698478, 0.111113213003, 0.0567474775016, 0.0227672085166, 0.0298702083528, 0.0283951722085, 0.0356395430863, 0.0617584735155, 0.0556227117777, 0.0284674372524, 0.0284098610282, 0.0316186100245, 0.036148570478, 0.0999950543046, 0.0609488934278, 0.0381032936275, 0.0801336318254, 0.0623283907771, 0.0380394645035, 0.0292948521674, 0.0415830761194, 0.0974482819438, 0.141931936145, 0.0999234244227, 0.0448078475893, 0.024571640417, 0.0192686356604, 0.0471338927746, 0.100583903491]
    chords_histogram: [78.240737915, 0, 0, 0, 0, 0, 0, 0, 0, 0, 0, 0, 0, 0, 0, 0, 0, 0.925925910473, 0, 0, 0, 0, 20.8333339691, 0]
    thpcp: [1, 0.709145128727, 0.324013531208, 0.204897373915, 0.193101301789, 0.379861116409, 0.563662707806, 0.424660652876, 0.231062889099, 0.205739229918, 0.190667137504, 0.185204058886, 0.227978542447, 0.239775955677, 0.400576263666, 0.589186728001, 0.408241868019, 0.224906101823, 0.254504650831, 0.248960524797, 0.307810485363, 0.400690406561, 0.341234743595, 0.222514718771, 0.186563357711, 0.199644654989, 0.383131206036, 0.631686091423, 0.481586366892, 0.357575595379, 0.495263844728, 0.419202029705, 0.262874722481, 0.209009364247, 0.293423444033, 0.693036735058]
    chords_key: "B"
    chords_scale: "major"
    key_key: "B"
    key_scale: "major"
    chords_progression: ["B", "B", "B", "B", "B", "B", "B", "B", "B", "B", "B", "B", "B", "B", "B", "B", "B", "B", "B", "B", "B", "B", "B", "B", "B", "B", "B", "B", "B", "B", "B", "B", "B", "B", "B", "B", "B", "B", "B", "B", "B", "B", "B", "B", "B", "B", "B", "B", "B", "E", "E", "B", "B", "B", "B", "B", "B", "B", "B", "B", "B", "B", "B", "B", "B", "B", "B", "B", "B", "B", "B", "B", "B", "B", "B", "B", "B", "B", "B", "B", "B", "B", "B", "B", "B", "B", "B", "B", "B", "B", "B", "B", "B", "B", "B", "B", "B", "B", "B", "B", "B", "B", "B", "B", "B", "B", "B", "B", "B", "B", "B", "B", "B", "B", "B", "B", "B", "B", "B", "B", "B", "B", "B", "B", "B", "B", "B", "B", "B", "B", "B", "B", "B", "B", "B", "B", "B", "B", "B", "B", "B", "B", "B", "B", "B", "B", "B", "B", "B", "B", "B", "B", "B", "B", "B", "B", "B", "B", "B", "B", "B", "B", "Bm", "Bm", "B", "B", "B", "B", "B", "B", "B", "B", "B", "E", "E", "E", "E", "E", "E", "E", "E", "E", "E", "E", "E", "E", "E", "E", "E", "E", "E", "E", "E", "E", "E", "E", "E", "E", "E", "E", "E", "E", "E", "E", "E", "E", "E", "E", "E", "E", "E", "E", "E", "E", "E", "E"]
