
metadata:
    version:
        essentia: "1.2.2"
    audio_properties:
        analysis_sample_rate: 44100
        bitrate: 128
        channels: 2
        equal_loudness: 1
        length: 10.0571432114
        replay_gain: -11.0914096832
        downmix: "mix"
    tags:
        track: 11
        year: 0
        album: "Splitted by Mp3Splt v. 2.1"
        artist: "From 001.40 To 001.50"
        comment: "http://mp3splt.sf.net"
        genre: ""
        title: "04 Caledonia Mission.mp3"

highlevel:
    ballroom:
        all:
            ChaChaCha: 0.315988093615
            Jive: 0.140573844314
            Quickstep: 0.343428790569
            Rumba-American: 0.00375389843248
            Rumba-International: 0.00445841858163
            Rumba-Misc: 0.00270913611166
            Samba: 0.0554523579776
            Tango: 0.0987489894032
            VienneseWaltz: 0.0211164411157
            Waltz: 0.0137700345367
        probability: 0.343428790569
        value: "Quickstep"
    culture:
        all:
            non_western: 0.0539571084082
            western: 0.946042895317
        probability: 0.946042895317
        value: "western"
    gender:
        all:
            female: 0.0126614151523
            male: 0.987338602543
        probability: 0.987338602543
        value: "male"
    genre_dortmund:
        all:
            alternative: 0.0629134699702
            blues: 0.125121533871
            electronic: 0.0175830479711
            folkcountry: 0.201534286141
            funksoulrnb: 0.0524464547634
            jazz: 0.019114965573
            pop: 0.0421581789851
            raphiphop: 0.014962291345
            rock: 0.464165776968
        probability: 0.464165776968
        value: "rock"
    genre_electronica:
        all:
            ambient: 0.517790019512
            dnb: 0.225585073233
            house: 0.152244910598
            techno: 0.0450604520738
            trance: 0.0593195147812
        probability: 0.517790019512
        value: "ambient"
    genre_rosamerica:
        all:
            cla: 0.0713137611747
            dan: 0.011406426318
            hip: 0.0194052346051
            jaz: 0.020081197843
            pop: 0.524033844471
            rhy: 0.195377290249
            roc: 0.142507687211
            spe: 0.0158745739609
        probability: 0.524033844471
        value: "pop"
    genre_tzanetakis:
        all:
            blu: 0.00949904602021
            cla: 0.0189172960818
            cou: 0.163588985801
            dis: 0.23131993413
            hip: 0.00970586203039
            jaz: 0.00746086798608
            met: 0.00680165179074
            pop: 0.216487810016
            reg: 0.168998986483
            roc: 0.167219549417
        probability: 0.23131993413
        value: "dis"
    live_studio:
        all:
            live: 0.026100192219
            studio: 0.973899781704
        probability: 0.973899781704
        value: "studio"
    mood:
        all:
            Cluster1: 0.245168909431
            Cluster2: 0.181157529354
            Cluster3: 0.114125207067
            Cluster4: 0.202614441514
            Cluster5: 0.256933927536
        probability: 0.256933927536
        value: "Cluster5"
    mood_acoustic:
        all:
            acoustic: 0.226552963257
            not_acoustic: 0.773447036743
        probability: 0.773447036743
        value: "not_acoustic"
    mood_aggressive:
        all:
            aggressive: 0.0847860649228
            not_aggressive: 0.915213942528
        probability: 0.915213942528
        value: "not_aggressive"
    mood_electronic:
        all:
            electronic: 0.272282809019
            not_electronic: 0.727717220783
        probability: 0.727717220783
        value: "not_electronic"
    mood_happy:
        all:
            happy: 0.926647782326
            not_happy: 0.0733522176743
        probability: 0.926647782326
        value: "happy"
    mood_party:
        all:
            not_party: 0.258481800556
            party: 0.741518199444
        probability: 0.741518199444
        value: "party"
    mood_relaxed:
        all:
            not_relaxed: 0.775372326374
            relaxed: 0.224627673626
        probability: 0.775372326374
        value: "not_relaxed"
    mood_sad:
        all:
            not_sad: 0.725027024746
            sad: 0.274972975254
        probability: 0.725027024746
        value: "not_sad"
    rhythm:
        all:
            fast: 0.709965109825
            medium: 0.20852406323
            slow: 0.0815108120441
        probability: 0.709965109825
        value: "fast"
    speech_music:
        all:
            music: 0.952063977718
            speech: 0.0479359924793
        probability: 0.952063977718
        value: "music"
    timbre:
        all:
            bright: 0.554350018501
            dark: 0.445650011301
        probability: 0.554350018501
        value: "bright"
    voice_instrumental:
        all:
            instrumental: 3.83511796826e-05
            voice: 0.999961674213
        probability: 0.999961674213
        value: "voice"

lowlevel:
    average_loudness: 0.873210787773
    barkbands_kurtosis:
        dmean: 1.18481779099
        dmean2: 1.83393871784
        dvar: 7.48750066757
        dvar2: 19.8597736359
        max: 30.7161521912
        mean: 0.179763808846
        min: -1.7489811182
        var: 14.2453184128
    barkbands_skewness:
        dmean: 0.479566067457
        dmean2: 0.71721893549
        dvar: 0.269727826118
        dvar2: 0.621963918209
        max: 5.21257162094
        mean: 0.29493367672
        min: -3.10684227943
        var: 1.03200161457
    barkbands_spread:
        dmean: 4.8947095871
        dmean2: 7.62477445602
        dvar: 27.7853755951
        dvar2: 64.6744155884
        max: 50.8779678345
        mean: 23.3183116913
        min: 4.21901607513
        var: 64.4865341187
    dissonance:
        dmean: 0.0223655439913
        dmean2: 0.0348965488374
        dvar: 0.000874349148944
        dvar2: 0.00152419880033
        max: 0.499257922173
        mean: 0.453811615705
        min: 0.0215020198375
        var: 0.00146181310993
    hfc:
        dmean: 1.80025148392
        dmean2: 2.39828014374
        dvar: 7.87587594986
        dvar2: 12.8017635345
        max: 47.89478302
        mean: 5.86775112152
        min: 0.000908013724256
        var: 58.9463768005
    pitch:
        dmean: 389.675231934
        dmean2: 742.711730957
        dvar: 806357.75
        dvar2: 2137585.25
        max: 4410
        mean: 537.057861328
        min: 82.8947372437
        var: 773222.6875
    pitch_instantaneous_confidence:
        dmean: 0.0959882289171
        dmean2: 0.15030233562
        dvar: 0.00688386941329
        dvar2: 0.0169096011668
        max: 0.876745402813
        mean: 0.452685594559
        min: 0.155671238899
        var: 0.0191965010017
    pitch_salience:
        dmean: 0.0652391389012
        dmean2: 0.103130027652
        dvar: 0.00338250491768
        dvar2: 0.00866246968508
        max: 0.972208738327
        mean: 0.607643187046
        min: 0.318465918303
        var: 0.00925592053682
    silence_rate_20dB:
        dmean: 0
        dmean2: 0
        dvar: 0
        dvar2: 0
        max: 1
        mean: 1
        min: 1
        var: 0
    silence_rate_30dB:
        dmean: 0
        dmean2: 0
        dvar: 0
        dvar2: 0
        max: 1
        mean: 1
        min: 1
        var: 0
    silence_rate_60dB:
        dmean: 0.0833333358169
        dmean2: 0.167053371668
        dvar: 0.0763890817761
        dvar2: 0.143787637353
        max: 1
        mean: 0.572748243809
        min: 0
        var: 0.244706586003
    spectral_centroid:
        dmean: 282.147033691
        dmean2: 418.539398193
        dvar: 99093.296875
        dvar2: 191390
        max: 4056.12890625
        mean: 1466.11413574
        min: 228.806549072
        var: 401215.75
    spectral_complexity:
        dmean: 2.68298363686
        dmean2: 3.96495318413
        dvar: 11.9414787292
        dvar2: 22.2627696991
        max: 37
        mean: 10.1116275787
        min: 0
        var: 74.4106521606
    spectral_crest:
        dmean: 2.3151204586
        dmean2: 3.74776506424
        dvar: 4.82853078842
        dvar2: 11.8145923615
        max: 20.7843437195
        mean: 7.52512264252
        min: 2.76987051964
        var: 10.3511648178
    spectral_decrease:
        dmean: 1.96557936594e-10
        dmean2: 2.75077849388e-10
        dvar: 7.42123762739e-20
        dvar2: 1.49185900883e-19
        max: -8.28921553251e-14
        mean: -7.43588413066e-10
        min: -3.54891960264e-09
        var: 5.1958517827e-19
    spectral_energy:
        dmean: 0.000891848583706
        dmean2: 0.0012308267178
        dvar: 1.49577465436e-06
        dvar2: 2.89807326226e-06
        max: 0.0172875262797
        mean: 0.00333869783208
        min: 3.95214271975e-07
        var: 1.11872277557e-05
    spectral_energyband_high:
        dmean: 9.82394994935e-05
        dmean2: 0.000137755676406
        dvar: 4.66953906653e-08
        dvar2: 9.32530497266e-08
        max: 0.00425941962749
        mean: 0.000184000877198
        min: 3.2140334838e-08
        var: 1.39359045193e-07
    spectral_energyband_low:
        dmean: 2.50796711043e-05
        dmean2: 4.25663929491e-05
        dvar: 4.08817690811e-09
        dvar2: 1.08189119885e-08
        max: 0.000749610073399
        mean: 4.01306242566e-05
        min: 3.44071593439e-09
        var: 5.16889375746e-09
    spectral_energyband_middle_high:
        dmean: 0.000612927484326
        dmean2: 0.000864721892867
        dvar: 7.55215751269e-07
        dvar2: 1.4461485307e-06
        max: 0.0138348955661
        mean: 0.00199530599639
        min: 2.73732865708e-07
        var: 6.09184326095e-06
    spectral_energyband_middle_low:
        dmean: 0.000415692280512
        dmean2: 0.000622785591986
        dvar: 4.10665251138e-07
        dvar2: 9.00687950889e-07
        max: 0.00602450780571
        mean: 0.00111925764941
        min: 8.56059898524e-08
        var: 1.3242112118e-06
    spectral_flatness_db:
        dmean: 0.019626326859
        dmean2: 0.0285403244197
        dvar: 0.000314741599141
        dvar2: 0.000746813660953
        max: 0.286748200655
        mean: 0.173725605011
        min: 0.0759491249919
        var: 0.00132872723043
    spectral_flux:
        dmean: 0.00822695624083
        dmean2: 0.0126104634255
        dvar: 0.000102712721855
        dvar2: 0.000238665146753
        max: 0.104759432375
        mean: 0.0312873981893
        min: 0.00116295949556
        var: 0.000501022906974
    spectral_kurtosis:
        dmean: 2.44539475441
        dmean2: 3.9322104454
        dvar: 7.16921901703
        dvar2: 19.2500782013
        max: 23.4411773682
        mean: 5.8971657753
        min: -0.328299760818
        var: 13.9549131393
    spectral_rms:
        dmean: 0.000248842639849
        dmean2: 0.000336355151376
        dvar: 1.04821445746e-07
        dvar2: 1.88859061723e-07
        max: 0.00410680891946
        mean: 0.00151101709343
        min: 1.96360615519e-05
        var: 9.74094973571e-07
    spectral_rolloff:
        dmean: 482.865539551
        dmean2: 764.679992676
        dvar: 321467.53125
        dvar2: 679277.5625
        max: 5857.03125
        mean: 2674.2734375
        min: 215.33203125
        var: 970974.5625
    spectral_skewness:
        dmean: 0.303667515516
        dmean2: 0.475043207407
        dvar: 0.0941789373755
        dvar2: 0.228826373816
        max: 3.54435610771
        mean: 1.65191113949
        min: 0.416916310787
        var: 0.237943232059
    spectral_spread:
        dmean: 570069.75
        dmean2: 813808.875
        dvar: 615675068416
        dvar2: 996452728832
        max: 17493028
        mean: 3674974.25
        min: 1628585
        var: 1.8170010665e+12
    spectral_strongpeak:
        dmean: 0.490578323603
        dmean2: 0.776909708977
        dvar: 0.767845034599
        dvar2: 1.74946987629
        max: 11.3183202744
        mean: 0.840114712715
        min: 0.000836403400172
        var: 1.6828482151
    zerocrossingrate:
        dmean: 0.00973717030138
        dmean2: 0.0103965112939
        dvar: 9.28173758439e-05
        dvar2: 0.000104106737126
        max: 0.193359375
        mean: 0.0808253064752
        min: 0.009765625
        var: 0.000770270242356
    barkbands:
        dmean: [1.76503405669e-07, 8.34445199871e-06, 2.12732556975e-05, 5.81935528317e-05, 0.000124167883769, 8.57604172779e-05, 9.55456271186e-05, 0.000127072053147, 0.000155092333443, 0.000127633364173, 5.33106758667e-05, 7.16366484994e-05, 0.000119276432088, 0.000128216881421, 0.000100428500446, 7.50950930524e-05, 9.1974507086e-05, 0.00010018706962, 0.00019012116536, 0.000112950023322, 4.13162160839e-05, 1.88558169611e-05, 4.7935600378e-06, 1.2848258848e-06, 6.42262136807e-07, 9.88944748315e-09, 1.4297715234e-09]
        dmean2: [2.35764261447e-07, 1.26769145936e-05, 3.61120110028e-05, 9.08431393327e-05, 0.000201338363695, 0.000136830101837, 0.000151863088831, 0.000206074182643, 0.000216786327655, 0.000195691085537, 8.20102650323e-05, 0.000116982286272, 0.000172861793544, 0.0002052684722, 0.000161282834597, 0.000111368070066, 0.000137757277116, 0.000143664423376, 0.000277196493698, 0.0001634707005, 6.11424911767e-05, 2.76057235169e-05, 6.9467355388e-06, 1.91347544387e-06, 8.20692548587e-07, 1.41848044422e-08, 2.2017463408e-09]
        dvar: [3.56454313765e-13, 5.92272564326e-10, 3.18793946796e-09, 2.58597587788e-08, 6.03556671308e-08, 2.31612808932e-08, 2.46607001486e-08, 5.32337161019e-08, 8.17710343881e-08, 1.79134687528e-07, 1.12158868859e-08, 1.77620158581e-08, 4.57659723452e-08, 1.13953689151e-07, 6.79307134988e-08, 2.69105218109e-08, 2.36907791162e-08, 3.00263245379e-08, 2.41556335823e-07, 6.47551914312e-08, 7.01390323599e-09, 4.41186509548e-09, 5.22301701888e-10, 6.54006709899e-12, 5.73062647682e-12, 1.16759860125e-15, 3.54247998555e-16]
        dvar2: [6.58826834234e-13, 1.18686038775e-09, 8.84881057317e-09, 5.83188324299e-08, 1.61869579074e-07, 5.7979629986e-08, 6.26997760378e-08, 1.37094019692e-07, 1.7320624579e-07, 4.56137428273e-07, 2.75255604976e-08, 4.54570674435e-08, 9.67090798554e-08, 2.86815861728e-07, 1.63699311884e-07, 4.8160931243e-08, 4.41782219696e-08, 6.49039719747e-08, 4.73967673997e-07, 1.54504206762e-07, 1.54392552076e-08, 8.03461741583e-09, 9.42291800143e-10, 1.43816911505e-11, 9.03877406949e-12, 2.31957050342e-15, 8.88014148248e-16]
        max: [8.07066135167e-06, 0.000365895975847, 0.000638146069832, 0.00154374365229, 0.00270969630219, 0.00145089870784, 0.00134949747007, 0.00218266365118, 0.00272601097822, 0.00674182223156, 0.00114929710981, 0.00131848454475, 0.0022887007799, 0.00476896902546, 0.00385437905788, 0.00203999457881, 0.00208829133771, 0.00192455656361, 0.00764255831018, 0.00342015456408, 0.000881322484929, 0.00143043417484, 0.000438636081526, 2.48056567216e-05, 3.76421994588e-05, 4.82691348225e-07, 2.76760033557e-07]
        mean: [2.02475462174e-07, 1.24474318e-05, 2.74834728771e-05, 7.31864492991e-05, 0.000207506658626, 0.000147796221427, 0.000152599081048, 0.000210542493733, 0.000292234792141, 0.000208683617529, 9.4359202194e-05, 0.000125613703858, 0.000225142459385, 0.000197731234948, 0.000179334630957, 0.000117678166134, 0.000171252118889, 0.000178213231266, 0.000391334237065, 0.000209630612517, 6.9413545134e-05, 3.57478093065e-05, 7.70909809944e-06, 1.7650601194e-06, 1.07504979496e-06, 1.44931373569e-08, 7.6288630968e-10]
        min: [5.87919123107e-12, 1.2527483495e-09, 2.04622807587e-09, 3.3259410781e-09, 1.38829197027e-08, 1.87174755695e-08, 1.8479319408e-08, 1.52771129081e-08, 1.45182097455e-08, 7.09210823402e-09, 3.69077457485e-09, 3.004927418e-09, 1.0858211219e-08, 1.57916328902e-08, 3.87299046167e-08, 4.02046822501e-08, 5.54518457818e-08, 7.24875004465e-09, 2.04515515634e-08, 4.91810219216e-08, 5.09202191523e-09, 1.17748244488e-09, 5.85396064956e-10, 5.47257517081e-10, 7.09379999186e-10, 5.59184122617e-11, 1.15151269596e-13]
        var: [5.33247653933e-13, 9.73592761966e-10, 2.74275890888e-09, 3.10145047422e-08, 7.86758036497e-08, 4.58833646633e-08, 3.85085421328e-08, 1.16095087321e-07, 2.22238369929e-07, 3.65851946071e-07, 2.64408122064e-08, 3.32446887796e-08, 1.44116853562e-07, 2.23088576945e-07, 1.27589018462e-07, 5.74008964804e-08, 6.13301267549e-08, 6.90655141966e-08, 9.07289518182e-07, 1.7486422621e-07, 1.69983014331e-08, 1.34105597738e-08, 1.71785896619e-09, 1.21031639572e-11, 1.41700271308e-11, 2.14640181713e-15, 1.7760353904e-16]
    mfcc:
        mean: [-795.360412598, 131.567626953, -70.9301986694, 41.5210037231, -21.4315242767, -9.84999847412, -6.24161577225, -12.0772809982, -8.66648769379, -7.18410491943, -2.5673019886, -5.7521276474, -7.77475070953]
        cov: [[16671.5820312, -2000.02355957, -748.1875, -1086.8927002, -1446.34631348, -329.583984375, -150.660949707, -181.529556274, 287.239135742, 73.549407959, 320.257080078, -324.119110107, 155.290100098], [-2000.02355957, 1690.52380371, -360.105621338, 283.989685059, 200.140380859, 13.6160411835, 74.8525619507, 19.2168655396, 0.14101319015, 0.251607835293, 12.2854862213, 94.6501235962, -9.33346271515], [-748.1875, -360.105621338, 741.012268066, 2.7663128376, 150.496459961, 109.214042664, 28.8634433746, 49.1180610657, 20.1470775604, -28.4298019409, -53.4016799927, 3.67317533493, -46.2660255432], [-1086.8927002, 283.989685059, 2.7663128376, 370.000152588, 169.908035278, 44.4854125977, -35.7312088013, 21.2819194794, -25.2645454407, -9.64351940155, -48.2514572144, 43.3199806213, 9.51090717316], [-1446.34631348, 200.140380859, 150.496459961, 169.908035278, 293.118927002, 69.8856430054, 28.0932369232, 33.24036026, -5.50792837143, 13.1569690704, -28.1259803772, 67.7362747192, -7.43558692932], [-329.583984375, 13.6160411835, 109.214042664, 44.4854125977, 69.8856430054, 178.788208008, 59.9001808167, 21.8064670563, 17.7364883423, 16.3030128479, 17.8757076263, 30.1103610992, 5.68343544006], [-150.660949707, 74.8525619507, 28.8634433746, -35.7312088013, 28.0932369232, 59.9001808167, 155.909713745, 35.1600723267, -2.79196667671, 40.5756607056, 45.7966384888, 8.50549411774, 2.66016960144], [-181.529556274, 19.2168655396, 49.1180610657, 21.2819194794, 33.24036026, 21.8064670563, 35.1600723267, 102.337692261, 15.1988840103, -1.26844787598, 11.6739931107, 12.2450714111, -0.0747056081891], [287.239135742, 0.14101319015, 20.1470775604, -25.2645454407, -5.50792837143, 17.7364883423, -2.79196667671, 15.1988840103, 113.697616577, 24.2003955841, 6.64965009689, -4.25750303268, 1.54491984844], [73.549407959, 0.251607835293, -28.4298019409, -9.64351940155, 13.1569690704, 16.3030128479, 40.5756607056, -1.26844787598, 24.2003955841, 96.5970458984, 25.8789615631, 2.65968418121, 3.72072029114], [320.257080078, 12.2854862213, -53.4016799927, -48.2514572144, -28.1259803772, 17.8757076263, 45.7966384888, 11.6739931107, 6.64965009689, 25.8789615631, 114.787757874, 4.34465360641, 3.88324308395], [-324.119110107, 94.6501235962, 3.67317533493, 43.3199806213, 67.7362747192, 30.1103610992, 8.50549411774, 12.2450714111, -4.25750303268, 2.65968418121, 4.34465360641, 101.948432922, 27.4241886139], [155.290100098, -9.33346271515, -46.2660255432, 9.51090717316, -7.43558692932, 5.68343544006, 2.66016960144, -0.0747056081891, 1.54491984844, 3.72072029114, 3.88324308395, 27.4241886139, 90.4140472412]]
        icov: [[0.000131513210363, 0.000104979750176, 5.66352427995e-05, 2.95265708701e-05, 0.000480846385472, 4.94537198392e-05, 1.45451704157e-05, 7.99472836661e-05, -0.000312469230266, -1.8088858269e-05, -0.000216218890273, -5.61660226595e-06, -0.000136020011269], [0.000104979750176, 0.00104802718852, 0.000692897709087, -0.000579280895181, -0.000153942819452, 0.000277215818642, -0.000926190870814, 0.000295515550533, -0.00079022574937, 0.000669477740303, -0.000169404855114, -0.000532416743226, 0.000495509942994], [5.66352427995e-05, 0.000692897709087, 0.0023743303027, 0.000342345883837, -0.00128289591521, -0.000933669856749, -0.000529374461621, -0.00044775873539, -0.000655706680845, 0.00113109592348, 0.000846882699989, 0.000170321378391, 0.000998231349513], [2.95265708701e-05, -0.000579280895181, 0.000342345883837, 0.00490457331762, -0.00225880299695, -0.00138202123344, 0.00241212616675, -0.00123483338393, 0.00137302477378, -0.000534585386049, 0.00107121851761, 0.000650140165817, -0.000866803224199], [0.000480846385472, -0.000153942819452, -0.00128289591521, -0.00225880299695, 0.00880704913288, -0.000220248941332, -0.000677600619383, -0.000145351441461, -0.000816072453745, -0.0016088251723, 0.000118043644761, -0.00317608681507, 0.000535760307685], [4.94537198392e-05, 0.000277215818642, -0.000933669856749, -0.00138202123344, -0.000220248941332, 0.0081684673205, -0.00318849016912, 0.000792765873484, -0.00179906748235, 0.000384199927794, -0.00123209203593, -0.00152810453437, -0.000294481258607], [1.45451704157e-05, -0.000926190870814, -0.000529374461621, 0.00241212616675, -0.000677600619383, -0.00318849016912, 0.0114210769534, -0.00346054765396, 0.00290490617044, -0.0042524151504, -0.00227424525656, 0.00136098347139, -0.00102918047924], [7.99472836661e-05, 0.000295515550533, -0.00044775873539, -0.00123483338393, -0.000145351441461, 0.000792765873484, -0.00346054765396, 0.0120794381946, -0.00266023445874, 0.0022177612409, -0.00130429002456, -0.000929019181058, 0.000135972470162], [-0.000312469230266, -0.00079022574937, -0.000655706680845, 0.00137302477378, -0.000816072453745, -0.00179906748235, 0.00290490617044, -0.00266023445874, 0.0114712473005, -0.00369223207235, 0.000565112219192, 0.00100037513766, -0.000438322720584], [-1.8088858269e-05, 0.000669477740303, 0.00113109592348, -0.000534585386049, -0.0016088251723, 0.000384199927794, -0.0042524151504, 0.0022177612409, -0.00369223207235, 0.0139692844823, -0.00164809147827, 3.44067229889e-05, 0.000254271610174], [-0.000216218890273, -0.000169404855114, 0.000846882699989, 0.00107121851761, 0.000118043644761, -0.00123209203593, -0.00227424525656, -0.00130429002456, 0.000565112219192, -0.00164809147827, 0.0117918718606, -0.00100381986704, 0.000683733436745], [-5.61660226595e-06, -0.000532416743226, 0.000170321378391, 0.000650140165817, -0.00317608681507, -0.00152810453437, 0.00136098347139, -0.000929019181058, 0.00100037513766, 3.44067229889e-05, -0.00100381986704, 0.0138305993751, -0.00440296484157], [-0.000136020011269, 0.000495509942994, 0.000998231349513, -0.000866803224199, 0.000535760307685, -0.000294481258607, -0.00102918047924, 0.000135972470162, -0.000438322720584, 0.000254271610174, 0.000683733436745, -0.00440296484157, 0.0133431116119]]
    spectral_contrast:
        mean: [1.66667760482e-07, -2.15962870698e-07, -2.05601367043e-07, -1.49087412638e-07, 2.91646927053e-07, -2.93137020435e-07, -2.89533022624e-06, -6.69408677823e-07, -3.34007791025e-06, 5.01787917528e-06, 2.24557027195e-07, -8.08405332009e-07]
        var: [0.000714741880074, 0.00106721196789, 0.00161288923118, 0.00177339313086, 0.00446430966258, 0.0078624971211, 0.0515162944794, 0.0929597690701, 0.167197838426, 0.540600657463, 1.04419505596, 7.37140512466]

rhythm:
    beats_loudness:
        dmean: 0.00302889151499
        dmean2: 0.00567555287853
        dvar: 4.50393690699e-06
        dvar2: 1.08271506178e-05
        max: 0.0103184292093
        mean: 0.00361251365393
        min: 1.19251699289e-05
        var: 8.85993904376e-06
    beats_loudness_bass:
        dmean: 0.0402116365731
        dmean2: 0.0655573830009
        dvar: 0.00223539932631
        dvar2: 0.00469620898366
        max: 0.207684874535
        mean: 0.0346182361245
        min: 0.000573168508708
        var: 0.00270531955175
    bpm: 124.020523071
    bpm_confidence: 0
    first_peak_bpm: 126
    first_peak_spread: 0.368421077728
    first_peak_weight: 0.600000023842
    onset_rate: 3.38068199158
    second_peak_bpm: 92
    second_peak_spread: 0
    second_peak_weight: 0.0500000007451
    beats_position: [0.079422429204, 0.554647922516, 1.02987337112, 1.50509881973, 1.98032438755, 2.45554995537, 2.93077540398, 3.40600085258, 3.88122630119, 4.35645151138, 4.83167695999, 5.3069024086, 5.78212738037, 6.43657302856, 6.9254527092, 7.41433238983, 7.9032125473, 8.39209270477, 8.88097190857, 9.36985206604, 9.85873126984]
    bpm_estimates: [126.943786621, 126.265708923, 126.425300598, 124.19228363, 122.765037537, 122.647865295, 122.941696167, 122.756530762, 122.77406311, 122.49294281]
    bpm_intervals: [0.475225508213, 0.475225448608, 0.475225448608, 0.475225567818, 0.475225567818, 0.475225448608, 0.475225448608, 0.475225448608, 0.47522521019, 0.475225448608, 0.475225448608, 0.475224971771, 0.654445648193, 0.488879680634, 0.488879680634, 0.488880157471, 0.488880157471, 0.488879203796, 0.488880157471, 0.488879203796]
    onset_times: [0.0696598663926, 0.46439909935, 0.99845802784, 1.04489791393, 1.17260766029, 1.27709746361, 1.43963718414, 1.77632653713, 2.21750569344, 2.53097510338, 2.70512461662, 2.83283448219, 2.91410422325, 3.16952371597, 3.97061228752, 4.19120168686, 4.446621418, 4.63238096237, 4.95746040344, 5.00390005112, 5.05034017563, 5.08517026901, 5.58439922333, 5.94430828094, 6.08362817764, 6.53641700745, 6.87310647964, 7.54648542404, 8.04571437836, 8.54494285583, 8.85841274261, 9.53179168701, 9.85687065125, 10.0078001022]
    rubato_start: []
    rubato_stop: []
    perceptual_tempo: "unknown"

sfx:
    inharmonicity:
        dmean: 0.0556668266654
        dmean2: 0.0975683480501
        dvar: 0.00486600445583
        dvar2: 0.0138067230582
        max: 0.400478333235
        mean: 0.0574170574546
        min: 0.000544319686014
        var: 0.00460617570207
    oddtoevenharmonicenergyratio:
        dmean: 2.48387479782
        dmean2: 4.60521411896
        dvar: 43.189414978
        dvar2: 123.979400635
        max: 66.3735733032
        mean: 1.86042201519
        min: 0.00111055059824
        var: 25.96849823
    pitch_after_max_to_before_max_energy_ratio: 2.42366814613
    pitch_centroid: 227.38494873
    pitch_max_to_total: 0.351162791252
    pitch_min_to_total: 0.727907001972
    tristimulus:
        dmean: [0.165202438831, 0.214491710067, 0.113378748298]
        dmean2: [0.268079251051, 0.367014616728, 0.203968256712]
        dvar: [0.0233618840575, 0.0423342175782, 0.0149088772014]
        dvar2: [0.0617117732763, 0.120138242841, 0.0394953712821]
        max: [0.913998246193, 0.987984001637, 0.799659252167]
        mean: [0.32940736413, 0.497370511293, 0.125640675426]
        min: [0.00248370831832, 0, 0]
        var: [0.0440971814096, 0.0552114211023, 0.0161525569856]

tonal:
    chords_changes_rate: 0.0460829511285
    chords_number_rate: 0.0276497695595
    chords_strength:
        dmean: 0.0136662200093
        dmean2: 0.0136600276455
        dvar: 0.000127309496747
        dvar2: 0.000123061530758
        max: 0.689198374748
        mean: 0.56655305624
        min: 0.378714382648
        var: 0.00499082636088
    key_strength: 0.737044155598
    tuning_diatonic_strength: 0.614559471607
    tuning_equal_tempered_deviation: 0.213653072715
    tuning_frequency: 441.782684326
    tuning_nontempered_energy_ratio: 0.910390138626
    hpcp:
        dmean: [0.161446094513, 0.129710868001, 0.15258397162, 0.189287006855, 0.198323026299, 0.194798842072, 0.197122588754, 0.140642732382, 0.151835516095, 0.142159223557, 0.105979882181, 0.0892931744456, 0.0922279432416, 0.139265045524, 0.216893747449, 0.201783671975, 0.114054404199, 0.0801576450467, 0.103099375963, 0.128362223506, 0.147225826979, 0.133868321776, 0.141197547317, 0.139203295112, 0.159813150764, 0.176913678646, 0.169182375073, 0.176988914609, 0.179870411754, 0.172549635172, 0.166883677244, 0.098859898746, 0.094588175416, 0.106648355722, 0.122161574662, 0.16079236567]
        dmean2: [0.263939619064, 0.206413552165, 0.251922756433, 0.326037824154, 0.336469560862, 0.317124187946, 0.321981281042, 0.228283554316, 0.239865660667, 0.229309394956, 0.179106369615, 0.143580049276, 0.146780967712, 0.234125062823, 0.359009832144, 0.320666968822, 0.195176452398, 0.13779297471, 0.174522042274, 0.214493334293, 0.219163119793, 0.21644705534, 0.233589529991, 0.218820974231, 0.261354595423, 0.292758017778, 0.272207796574, 0.301720768213, 0.303689777851, 0.283864140511, 0.271626681089, 0.160381764174, 0.157199636102, 0.17815567553, 0.204012215137, 0.268395632505]
        dvar: [0.0350599549711, 0.0257937703282, 0.0375022962689, 0.0517211593688, 0.0473964996636, 0.0436488837004, 0.0523145236075, 0.023616572842, 0.0318938605487, 0.0385408811271, 0.0259402990341, 0.0151452310383, 0.0118415188044, 0.0267631541938, 0.0460548810661, 0.0379737094045, 0.022380515933, 0.0157403256744, 0.0235685370862, 0.036446865648, 0.0233779828995, 0.0266194082797, 0.0379275120795, 0.0284075513482, 0.0302751455456, 0.0396742075682, 0.0419993922114, 0.0362574718893, 0.0379390530288, 0.0434026643634, 0.0386194288731, 0.0152987027541, 0.0224925428629, 0.0246768277138, 0.0274169091135, 0.0410964973271]
        dvar2: [0.078438423574, 0.0561001859605, 0.0962971672416, 0.130460113287, 0.129790216684, 0.102920666337, 0.119968138635, 0.0637570917606, 0.0673185288906, 0.0898965075612, 0.0694649070501, 0.0357926115394, 0.0264026615769, 0.0617219954729, 0.0929792448878, 0.0818316489458, 0.0636499449611, 0.0423726513982, 0.0584681667387, 0.0933722406626, 0.0621817819774, 0.0592785328627, 0.0834313854575, 0.057236649096, 0.0628735795617, 0.104440584779, 0.0893160328269, 0.0929232239723, 0.110743775964, 0.0982794985175, 0.091749407351, 0.0326608121395, 0.0530083850026, 0.0570509694517, 0.06796515733, 0.103243775666]
        max: [1, 1, 1, 1, 1, 1, 1, 1, 1, 1, 1, 1, 0.82214474678, 1, 1, 1, 1, 0.872667491436, 1, 1, 0.976717591286, 1, 1, 1, 1, 1, 1, 1, 1, 1, 1, 0.90452837944, 1, 1, 1, 1]
        mean: [0.253854423761, 0.178546920419, 0.195110097528, 0.235329970717, 0.234040111303, 0.298787981272, 0.281035482883, 0.184640914202, 0.207352757454, 0.192067041993, 0.116653829813, 0.0978145897388, 0.114209897816, 0.206425487995, 0.392768889666, 0.345859766006, 0.136406540871, 0.0918993204832, 0.117807075381, 0.167899757624, 0.213643938303, 0.199574127793, 0.190462067723, 0.215607151389, 0.23122985661, 0.250797510147, 0.28430724144, 0.247462719679, 0.244729951024, 0.317722260952, 0.249320954084, 0.131515130401, 0.114919476211, 0.126020953059, 0.16866967082, 0.258550941944]
        min: [0.00119436206296, 0.000463193660835, 0.000551916833501, 0.000889975053724, 0.000572270655539, 0.00226485868916, 0.00229141162708, 0.00193024252076, 0.000950793444645, 0.00174735696055, 0.0010489783017, 0.000223084265599, 0.000183074866072, 0.0019192006439, 0.00627985130996, 0.00432133581489, 0.00187631079461, 0.000473747291835, 0.000673464790452, 0.00183693901636, 0.00482830870897, 0.00448611518368, 0.000637522723991, 0.000656581076328, 0.00107313727494, 0.0013990320731, 0.00167266582139, 0.00138344080187, 0.000896208570339, 0.00281383213587, 0.00321378419176, 0.00187156465836, 0.000190509046661, 0.000348434812622, 0.000811307865661, 0.00127086159773]
        var: [0.0704268142581, 0.0440696179867, 0.0483924001455, 0.0763550400734, 0.0630517676473, 0.101139985025, 0.101449474692, 0.0321592465043, 0.0600322186947, 0.0526160933077, 0.0223461370915, 0.0186324939132, 0.0177416391671, 0.040470007807, 0.0996493399143, 0.0849890187383, 0.0218166038394, 0.0155196543783, 0.0251307506114, 0.0457057021558, 0.0491822771728, 0.0487886406481, 0.0615283623338, 0.058206949383, 0.0628468617797, 0.0667762383819, 0.0936787799001, 0.0615613646805, 0.0676007792354, 0.113362833858, 0.0708050504327, 0.0259256120771, 0.0355292409658, 0.0376993492246, 0.0476654097438, 0.0823917761445]
    chords_histogram: [25.8064517975, 29.4930877686, 23.041475296, 0, 0, 0, 0, 0, 0, 0, 0, 0, 0, 0, 0, 0, 0, 0, 0, 4.14746522903, 0, 0, 14.7465438843, 2.7649769783]
    thpcp: [1, 0.880568146706, 0.347294658422, 0.233978107572, 0.299939930439, 0.427477240562, 0.543943107128, 0.508121013641, 0.484921485186, 0.548941493034, 0.588717341423, 0.638537108898, 0.723853766918, 0.630046665668, 0.623088955879, 0.80892932415, 0.634777784348, 0.334841012955, 0.292588025331, 0.320852696896, 0.429437458515, 0.658277571201, 0.646320104599, 0.454585194588, 0.496755480766, 0.599156320095, 0.595872342587, 0.760722100735, 0.715523779392, 0.470100671053, 0.527925610542, 0.489007771015, 0.297003746033, 0.249038532376, 0.290781438351, 0.525564789772]
    chords_key: "A#"
    chords_scale: "minor"
    key_key: "F#"
    key_scale: "major"
    chords_progression: ["C#m", "C#m", "C#m", "C#m", "C#m", "C#m", "C#m", "C#m", "F#", "F#", "F#", "F#", "F#", "F#", "F#", "D#m", "D#m", "D#m", "D#m", "D#m", "D#m", "F#", "F#", "F#", "F#", "F#", "F#", "F#", "F#", "F#", "F#", "F#", "F#", "F#", "F#", "F#", "F#", "F#", "F#", "F#", "F#", "F#", "F#", "F#", "F#", "F#", "C#", "C#", "C#", "C#", "C#", "C#", "C#", "C#", "C#", "C#", "C#", "C#", "C#", "C#", "C#m", "C#", "C#", "C#", "C#", "C#", "C#", "C#", "C#", "C#", "C#", "C#", "C#", "C#", "C#", "C#", "C#", "C#", "C#", "B", "B", "B", "B", "B", "B", "B", "B", "B", "B", "B", "B", "B", "B", "B", "B", "B", "B", "B", "B", "B", "B", "B", "B", "B", "B", "B", "B", "B", "B", "B", "B", "C#", "C#", "C#", "C#", "C#", "C#", "C#", "C#", "C#", "C#", "C#", "C#", "C#", "C#", "C#", "C#", "C#", "C#", "A#m", "A#m", "A#m", "A#m", "A#m", "A#m", "A#m", "A#m", "A#m", "A#m", "A#m", "A#m", "A#m", "A#m", "A#m", "A#m", "A#m", "A#m", "A#m", "A#m", "A#m", "A#m", "A#m", "A#m", "A#m", "A#m", "A#m", "A#m", "A#m", "A#m", "A#m", "A#m", "A#m", "A#m", "A#m", "A#m", "A#m", "A#m", "A#m", "A#m", "A#m", "A#m", "A#m", "A#m", "A#m", "A#m", "A#m", "A#m", "A#m", "A#m", "A#m", "A#m", "A#m", "A#m", "A#m", "A#m", "A#m", "A#m", "A#m", "A#m", "A#m", "A#m", "A#m", "A#m", "F#", "F#", "F#", "F#", "F#", "F#", "F#", "F#", "F#", "F#", "F#", "F#", "F#", "F#", "F#", "F#", "F#", "F#", "F#", "F#", "F#", "F#", "F#", "F#"]
