
metadata:
    version:
        essentia: "1.2.2"
    audio_properties:
        analysis_sample_rate: 44100
        bitrate: 128
        channels: 2
        equal_loudness: 1
        length: 9.92653083801
        replay_gain: -10.7223911285
        downmix: "mix"
    tags:
        track: 4
        year: 0
        album: "Splitted by Mp3Splt v. 2.1"
        artist: "From 000.30 To 000.40"
        comment: "http://mp3splt.sf.net"
        genre: ""
        title: "05 The Piccolo Snare.mp3"

highlevel:
    ballroom:
        all:
            ChaChaCha: 0.00616278545931
            Jive: 0.019065303728
            Quickstep: 0.0286248605698
            Rumba-American: 0.0126665988937
            Rumba-International: 0.507614672184
            Rumba-Misc: 0.0960373282433
            Samba: 0.0217839758843
            Tango: 0.0266050603241
            VienneseWaltz: 0.177668884397
            Waltz: 0.103770516813
        probability: 0.507614672184
        value: "Rumba-International"
    culture:
        all:
            non_western: 0.20963229239
            western: 0.790367722511
        probability: 0.790367722511
        value: "western"
    gender:
        all:
            female: 0.161217078567
            male: 0.838782906532
        probability: 0.838782906532
        value: "male"
    genre_dortmund:
        all:
            alternative: 0.177789404988
            blues: 0.0456110201776
            electronic: 0.0518072806299
            folkcountry: 0.210713878274
            funksoulrnb: 0.0245900694281
            jazz: 0.0847275555134
            pop: 0.112932875752
            raphiphop: 0.0039121620357
            rock: 0.287915766239
        probability: 0.287915766239
        value: "rock"
    genre_electronica:
        all:
            ambient: 0.686820209026
            dnb: 0.0755508765578
            house: 0.0500257909298
            techno: 0.0122951585799
            trance: 0.175307959318
        probability: 0.686820209026
        value: "ambient"
    genre_rosamerica:
        all:
            cla: 0.0527357421815
            dan: 0.0855485349894
            hip: 0.0179109796882
            jaz: 0.150090456009
            pop: 0.251587122679
            rhy: 0.0471430793405
            roc: 0.38496607542
            spe: 0.0100179892033
        probability: 0.38496607542
        value: "roc"
    genre_tzanetakis:
        all:
            blu: 0.00671709422022
            cla: 0.0138871576637
            cou: 0.119784668088
            dis: 0.02744814381
            hip: 0.00428935606033
            jaz: 0.112024135888
            met: 0.0110894879326
            pop: 0.129187747836
            reg: 0.0497690699995
            roc: 0.525803148746
        probability: 0.525803148746
        value: "roc"
    live_studio:
        all:
            live: 0.0860463753343
            studio: 0.913953602314
        probability: 0.913953602314
        value: "studio"
    mood:
        all:
            Cluster1: 0.184681788087
            Cluster2: 0.10496545583
            Cluster3: 0.534701943398
            Cluster4: 0.0618126243353
            Cluster5: 0.113838203251
        probability: 0.534701943398
        value: "Cluster3"
    mood_acoustic:
        all:
            acoustic: 0.568606972694
            not_acoustic: 0.431393027306
        probability: 0.568606972694
        value: "acoustic"
    mood_aggressive:
        all:
            aggressive: 0.0514030717313
            not_aggressive: 0.948596954346
        probability: 0.948596954346
        value: "not_aggressive"
    mood_electronic:
        all:
            electronic: 0.257971346378
            not_electronic: 0.742028653622
        probability: 0.742028653622
        value: "not_electronic"
    mood_happy:
        all:
            happy: 0.459775179625
            not_happy: 0.540224850178
        probability: 0.540224850178
        value: "not_happy"
    mood_party:
        all:
            not_party: 0.957398355007
            party: 0.0426016487181
        probability: 0.957398355007
        value: "not_party"
    mood_relaxed:
        all:
            not_relaxed: 0.00925598666072
            relaxed: 0.990743994713
        probability: 0.990743994713
        value: "relaxed"
    mood_sad:
        all:
            not_sad: 0.159595638514
            sad: 0.840404391289
        probability: 0.840404391289
        value: "sad"
    rhythm:
        all:
            fast: 0.0368499048054
            medium: 0.245247647166
            slow: 0.717902421951
        probability: 0.717902421951
        value: "slow"
    speech_music:
        all:
            music: 0.995777308941
            speech: 0.004222671967
        probability: 0.995777308941
        value: "music"
    timbre:
        all:
            bright: 0.173366472125
            dark: 0.826633512974
        probability: 0.826633512974
        value: "dark"
    voice_instrumental:
        all:
            instrumental: 0.923772871494
            voice: 0.076227106154
        probability: 0.923772871494
        value: "instrumental"

lowlevel:
    average_loudness: 0.975696325302
    barkbands_kurtosis:
        dmean: 2.23206305504
        dmean2: 3.45912122726
        dvar: 6.23092126846
        dvar2: 16.2117004395
        max: 31.6569633484
        mean: 4.97258758545
        min: -1.70047235489
        var: 25.3034992218
    barkbands_skewness:
        dmean: 0.41262358427
        dmean2: 0.631535232067
        dvar: 0.152154356241
        dvar2: 0.360768437386
        max: 4.75252723694
        mean: 1.89256536961
        min: -1.04601824284
        var: 0.716480970383
    barkbands_spread:
        dmean: 3.75999808311
        dmean2: 5.85085678101
        dvar: 20.1878356934
        dvar2: 45.1583633423
        max: 56.3338012695
        mean: 15.159825325
        min: 3.19666647911
        var: 68.965927124
    dissonance:
        dmean: 0.0251799412072
        dmean2: 0.0424733124673
        dvar: 0.000451012630947
        dvar2: 0.00111870211549
        max: 0.497950285673
        mean: 0.442719995975
        min: 0.317063093185
        var: 0.000943858351093
    hfc:
        dmean: 0.661343753338
        dmean2: 0.908329486847
        dvar: 1.36986064911
        dvar2: 2.55118918419
        max: 20.5045757294
        mean: 2.73184418678
        min: 0.047906499356
        var: 4.0164308548
    pitch:
        dmean: 98.8741378784
        dmean2: 185.778701782
        dvar: 112675.460938
        dvar2: 208503.578125
        max: 4009.09082031
        mean: 263.806121826
        min: 72.4137954712
        var: 184662.3125
    pitch_instantaneous_confidence:
        dmean: 0.0889873728156
        dmean2: 0.142705544829
        dvar: 0.00527299754322
        dvar2: 0.0128465769812
        max: 0.833169877529
        mean: 0.438554316759
        min: 0.140381634235
        var: 0.017056774348
    pitch_salience:
        dmean: 0.0625074878335
        dmean2: 0.102180294693
        dvar: 0.00237528467551
        dvar2: 0.0061339228414
        max: 0.846567332745
        mean: 0.610317528248
        min: 0.321897864342
        var: 0.00749332318082
    silence_rate_20dB:
        dmean: 0
        dmean2: 0
        dvar: 0
        dvar2: 0
        max: 1
        mean: 1
        min: 1
        var: 0
    silence_rate_30dB:
        dmean: 0
        dmean2: 0
        dvar: 0
        dvar2: 0
        max: 1
        mean: 1
        min: 1
        var: 0
    silence_rate_60dB:
        dmean: 0.112412177026
        dmean2: 0.225352108479
        dvar: 0.0997757464647
        dvar2: 0.202737763524
        max: 1
        mean: 0.324766367674
        min: 0
        var: 0.219293355942
    spectral_centroid:
        dmean: 120.339515686
        dmean2: 180.408843994
        dvar: 33089.2578125
        dvar2: 58955.34375
        max: 2906.82446289
        mean: 613.880310059
        min: 233.688278198
        var: 112226.828125
    spectral_complexity:
        dmean: 1.64470589161
        dmean2: 2.77358484268
        dvar: 2.48317694664
        dvar2: 5.67987108231
        max: 23
        mean: 7.99061012268
        min: 0
        var: 8.57736968994
    spectral_crest:
        dmean: 2.39722394943
        dmean2: 3.90670275688
        dvar: 4.89311027527
        dvar2: 12.753071785
        max: 20.5695133209
        mean: 9.42561721802
        min: 3.69411754608
        var: 10.9559803009
    spectral_decrease:
        dmean: 3.2914054815e-10
        dmean2: 5.09371211876e-10
        dvar: 1.40795743306e-19
        dvar2: 3.04579042631e-19
        max: -2.56559253009e-11
        mean: -1.17225429364e-09
        min: -4.40152359005e-09
        var: 4.52984369359e-19
    spectral_energy:
        dmean: 0.00128959282301
        dmean2: 0.00198919489048
        dvar: 2.12698773794e-06
        dvar2: 4.57655823993e-06
        max: 0.0173729937524
        mean: 0.00467214314267
        min: 0.000101176621683
        var: 7.02031684341e-06
    spectral_energyband_high:
        dmean: 2.85592450382e-05
        dmean2: 4.00185854232e-05
        dvar: 4.52897230829e-09
        dvar2: 7.6202137933e-09
        max: 0.00106740987394
        mean: 5.67933493585e-05
        min: 4.11815875623e-07
        var: 9.12492303939e-09
    spectral_energyband_low:
        dmean: 0.000400467804866
        dmean2: 0.000620021426585
        dvar: 3.74687942895e-07
        dvar2: 9.31583429065e-07
        max: 0.00489563588053
        mean: 0.000760303577408
        min: 2.06845129469e-06
        var: 6.68579161811e-07
    spectral_energyband_middle_high:
        dmean: 0.000162438751431
        dmean2: 0.000242011505179
        dvar: 6.95602793144e-08
        dvar2: 1.49760467139e-07
        max: 0.00449830386788
        mean: 0.000588011345826
        min: 7.33326987756e-06
        var: 2.62291734998e-07
    spectral_energyband_middle_low:
        dmean: 0.00104744359851
        dmean2: 0.0016056066379
        dvar: 1.37881431783e-06
        dvar2: 3.09352662953e-06
        max: 0.0109370313585
        mean: 0.00326703023165
        min: 7.40069735912e-05
        var: 4.10120946981e-06
    spectral_flatness_db:
        dmean: 0.0194857828319
        dmean2: 0.0292032640427
        dvar: 0.000306599453324
        dvar2: 0.000607683847193
        max: 0.303424149752
        mean: 0.192907348275
        min: 0.106760032475
        var: 0.00121920288075
    spectral_flux:
        dmean: 0.00749004306272
        dmean2: 0.0120469136164
        dvar: 6.59959478071e-05
        dvar2: 0.000168514627148
        max: 0.0950717702508
        mean: 0.0301148910075
        min: 0.00968827027828
        var: 0.000139965719427
    spectral_kurtosis:
        dmean: 2.55202889442
        dmean2: 3.88791227341
        dvar: 8.37265014648
        dvar2: 19.6283721924
        max: 42.1521377563
        mean: 7.69092750549
        min: 0.285264730453
        var: 26.2899780273
    spectral_rms:
        dmean: 0.000291651114821
        dmean2: 0.000441436626716
        dvar: 7.8472915277e-08
        dvar2: 1.55955191872e-07
        max: 0.00411694822833
        mean: 0.00205178675242
        min: 0.00031417972059
        var: 3.48357446001e-07
    spectral_rolloff:
        dmean: 306.328735352
        dmean2: 522.738525391
        dvar: 265912.25
        dvar2: 605523.1875
        max: 4155.90820312
        mean: 988.35369873
        min: 301.46484375
        var: 708301.875
    spectral_skewness:
        dmean: 0.279982000589
        dmean2: 0.410014182329
        dvar: 0.0745742022991
        dvar2: 0.15427826345
        max: 4.96179676056
        mean: 2.17655181885
        min: 0.757704496384
        var: 0.37518081069
    spectral_spread:
        dmean: 653179.1875
        dmean2: 809616.25
        dvar: 1.18918335693e+12
        dvar2: 1.12331928371e+12
        max: 26385984
        mean: 4135184.75
        min: 1596918.375
        var: 2.81933643776e+12
    spectral_strongpeak:
        dmean: 0.226958855987
        dmean2: 0.396035909653
        dvar: 0.110450521111
        dvar2: 0.300973087549
        max: 3.5242292881
        mean: 0.417200654745
        min: 0.00382348103449
        var: 0.144935324788
    zerocrossingrate:
        dmean: 0.00644875923172
        dmean2: 0.00723324203864
        dvar: 5.14310522703e-05
        dvar2: 5.32833582838e-05
        max: 0.14990234375
        mean: 0.0425389260054
        min: 0.0048828125
        var: 0.000377712625777
    barkbands:
        dmean: [2.57584673591e-07, 6.74641632941e-05, 0.000360966310836, 0.000198083609575, 0.000452496984508, 0.000377250573365, 0.000389697001083, 0.000108087537228, 7.35881112632e-05, 3.87433974538e-05, 1.99910991796e-05, 1.31386241264e-05, 4.02155819756e-05, 1.8436308892e-05, 2.22823073273e-05, 3.39445687132e-05, 2.82290893665e-05, 1.50500727614e-05, 5.21225410921e-05, 2.38900011027e-05, 1.27094335767e-05, 5.2168311413e-06, 1.81906705166e-06, 1.25905853565e-06, 5.25058908352e-07, 2.7284924542e-08, 4.02680055966e-10]
        dmean2: [4.34430944551e-07, 0.000102838552266, 0.000573277298827, 0.00034203537507, 0.000680511060636, 0.000557309074793, 0.000618582766037, 0.000153201603098, 0.000117928633699, 6.09451926721e-05, 3.34173273586e-05, 2.19108351303e-05, 6.46573753329e-05, 2.87595084956e-05, 3.84335835406e-05, 5.13546074217e-05, 4.66598903586e-05, 2.53018315561e-05, 7.71441191318e-05, 3.51811249857e-05, 1.88561498362e-05, 7.96457334218e-06, 2.42430564867e-06, 1.66125914802e-06, 6.96248889653e-07, 4.01171469377e-08, 7.66715357869e-10]
        dvar: [2.96211758464e-13, 8.66265992272e-09, 3.34487992859e-07, 7.07777019215e-08, 4.26446263191e-07, 2.5898427225e-07, 4.43746387191e-07, 2.63061998851e-08, 9.98684246412e-09, 2.39722930395e-09, 6.59366394817e-10, 3.66980112965e-10, 4.71559591375e-09, 9.33480737153e-10, 1.39423206313e-09, 3.00911318085e-09, 1.28930588428e-09, 5.87124460161e-10, 4.05238615997e-08, 2.07533323859e-09, 5.8595173158e-10, 2.42815545448e-10, 2.997849885e-11, 4.68471164639e-11, 2.32230662651e-12, 2.81657809665e-15, 2.30110148602e-17]
        dvar2: [8.27500611436e-13, 1.8108794464e-08, 8.33121532651e-07, 2.06430769367e-07, 9.12306859391e-07, 6.00417649821e-07, 1.20290189898e-06, 5.83278243482e-08, 2.86288059925e-08, 6.4285896606e-09, 1.70852987313e-09, 1.01966024513e-09, 1.23770513838e-08, 2.1486212809e-09, 3.70883301848e-09, 5.64544855308e-09, 3.41529493575e-09, 1.54845281042e-09, 8.51657375733e-08, 3.00179925361e-09, 1.147759221e-09, 4.61734261936e-10, 5.00663017988e-11, 8.67598215493e-11, 3.82583071126e-12, 6.0966284816e-15, 4.58030353075e-17]
        max: [5.24984488948e-06, 0.00116313830949, 0.00480709690601, 0.00251511740498, 0.00779759464785, 0.0075110909529, 0.00629531685263, 0.00171818642411, 0.00108142930549, 0.00044825108489, 0.000415238318965, 0.000211230813875, 0.000673726957757, 0.000419706862886, 0.000396673043724, 0.00116829085164, 0.000450748280855, 0.000242181646172, 0.00300335651264, 0.000786613789387, 0.000339905032888, 0.000202253664611, 9.64762657532e-05, 0.000119965414342, 2.30119949265e-05, 4.90072181947e-07, 9.93727695686e-08]
        mean: [3.61844769259e-07, 0.000129282430862, 0.000630665919743, 0.000301572697936, 0.00108673155773, 0.000836894207168, 0.00065332534723, 0.000227268552408, 0.000149166487972, 6.7517212301e-05, 4.46178419224e-05, 2.51350429608e-05, 7.1673966886e-05, 3.74337105313e-05, 3.66650274373e-05, 0.000104351063783, 6.57990458421e-05, 3.08781491185e-05, 8.5457424575e-05, 4.93988009111e-05, 2.40984954871e-05, 8.54232166603e-06, 3.06178390019e-06, 1.49941433847e-06, 7.1309722216e-07, 3.31167413492e-08, 6.26672602699e-10]
        min: [6.50275722158e-10, 2.95714329468e-07, 1.15180091598e-06, 2.00463114197e-06, 1.68636379385e-05, 3.26282952301e-06, 5.94679295318e-06, 1.12099633043e-06, 2.06976733352e-06, 1.58825741892e-06, 1.11500457933e-06, 3.91304439518e-07, 2.47697215627e-07, 3.95259064589e-07, 2.82184231537e-07, 3.0788257277e-07, 6.94466564255e-07, 4.40192337692e-07, 7.08610116362e-07, 4.38840288552e-07, 1.77493944875e-07, 5.97880429609e-08, 9.27155596742e-09, 2.82239298599e-09, 1.98738026036e-09, 8.61351545645e-11, 8.70765929522e-14]
        var: [3.1881265748e-13, 2.86794890059e-08, 5.76194281621e-07, 9.3283482272e-08, 1.34553920361e-06, 6.10698236869e-07, 8.63340119395e-07, 7.91089860286e-08, 3.2236286529e-08, 4.79039385937e-09, 4.42969261272e-09, 8.49464720787e-10, 9.98178162348e-09, 2.47981946089e-09, 2.01143901535e-09, 3.88665206685e-08, 5.53643619838e-09, 1.10230469197e-09, 5.39301794333e-08, 5.47921708005e-09, 1.17897480667e-09, 3.77236936133e-10, 5.43746991877e-11, 6.13831763197e-11, 3.96964449159e-12, 3.88642941343e-15, 4.60160144629e-17]
    mfcc:
        mean: [-751.754211426, 160.489471436, -23.8080177307, 50.6447143555, -11.7120428085, -5.66454601288, -9.63232517242, -12.4960365295, -6.61695766449, -4.50970506668, -6.89487266541, -3.77546954155, 1.99053168297]
        cov: [[2011.70458984, -991.524291992, 115.702056885, -26.6202735901, -3.69859528542, -87.4435958862, -76.2814178467, -84.9029769897, -98.5084686279, 14.9923791885, -42.7547607422, -18.5601196289, -67.1447753906], [-991.524291992, 1035.13366699, -177.111083984, 5.06113386154, 17.1303958893, 21.7495098114, 79.2191696167, 42.5921592712, 111.88949585, -7.19361782074, -2.06265616417, 21.8349475861, 47.2909507751], [115.702056885, -177.111083984, 325.560943604, -31.7889022827, 34.5354118347, 38.8709220886, 27.0801467896, -14.7947826385, -61.9937210083, -25.7177276611, 28.8157119751, 3.08980703354, -1.59657824039], [-26.6202735901, 5.06113386154, -31.7889022827, 132.129745483, 30.8408184052, -16.2418365479, -9.91687202454, -4.8294672966, 29.5968704224, 14.9657649994, -45.0288543701, -21.9634170532, 18.4449386597], [-3.69859528542, 17.1303958893, 34.5354118347, 30.8408184052, 82.0808486938, -7.88001298904, -3.8054432869, -3.53945994377, 16.2532024384, -1.63005208969, -17.4271469116, -15.9015979767, 6.85603904724], [-87.4435958862, 21.7495098114, 38.8709220886, -16.2418365479, -7.88001298904, 91.2746047974, 24.8075580597, 27.2395610809, -4.65860939026, 4.01711702347, 35.6679954529, 15.2658452988, -3.52491307259], [-76.2814178467, 79.2191696167, 27.0801467896, -9.91687202454, -3.8054432869, 24.8075580597, 88.7532424927, 10.4749698639, 8.44175052643, 4.08351516724, 5.35758161545, 10.0595808029, 16.0536804199], [-84.9029769897, 42.5921592712, -14.7947826385, -4.8294672966, -3.53945994377, 27.2395610809, 10.4749698639, 69.6501464844, 24.7382946014, 9.03454589844, 19.842918396, 3.61261367798, -5.29774713516], [-98.5084686279, 111.88949585, -61.9937210083, 29.5968704224, 16.2532024384, -4.65860939026, 8.44175052643, 24.7382946014, 102.955993652, 24.9921550751, -2.98652935028, -2.9482448101, 9.37371730804], [14.9923791885, -7.19361782074, -25.7177276611, 14.9657649994, -1.63005208969, 4.01711702347, 4.08351516724, 9.03454589844, 24.9921550751, 57.44713974, 20.0914955139, 9.71384048462, 7.77018785477], [-42.7547607422, -2.06265616417, 28.8157119751, -45.0288543701, -17.4271469116, 35.6679954529, 5.35758161545, 19.842918396, -2.98652935028, 20.0914955139, 96.3059997559, 42.6751899719, 1.83415782452], [-18.5601196289, 21.8349475861, 3.08980703354, -21.9634170532, -15.9015979767, 15.2658452988, 10.0595808029, 3.61261367798, -2.9482448101, 9.71384048462, 42.6751899719, 77.5904388428, 36.9155693054], [-67.1447753906, 47.2909507751, -1.59657824039, 18.4449386597, 6.85603904724, -3.52491307259, 16.0536804199, -5.29774713516, 9.37371730804, 7.77018785477, 1.83415782452, 36.9155693054, 77.6884994507]]
        icov: [[0.00107491214294, 0.00103600299917, 0.00012761967082, 0.000458579161204, -0.000379321019864, 0.000591838150285, -0.000292067765258, 0.000526714778971, -0.000119058175187, -0.000503418152221, 0.000741732132155, -0.000811919220723, 0.000781738897786], [0.00103600299917, 0.00238944310695, 0.00103350356221, 0.000691900902893, -0.0010029055411, 0.000179123890121, -0.00151250802446, 0.00044073475874, -0.0012191318674, 0.000805553398095, 0.000411345332395, -0.000788796925917, 0.00016872039123], [0.00012761967082, 0.00103350356221, 0.00508638424799, 0.000518872460816, -0.00332157174125, -0.00151140941307, -0.00228226860054, 0.000984553946182, 0.00181047164369, 0.0021170808468, -0.00199576537125, 0.000680880970322, -0.00048078794498], [0.000458579161204, 0.000691900902893, 0.000518872460816, 0.0118269361556, -0.00279943575151, -0.00102670618799, 0.00147876760457, 0.000369055574993, -0.0017392548034, -0.0040411776863, 0.00543617503718, 0.00162949087098, -0.00319067877717], [-0.000379321019864, -0.0010029055411, -0.00332157174125, -0.00279943575151, 0.0164775978774, 0.000627830449957, 0.00206163153052, 5.47711533727e-05, -0.00301179941744, 0.000334351323545, 0.000679570017383, 0.00296734343283, -0.0020650064107], [0.000591838150285, 0.000179123890121, -0.00151140941307, -0.00102670618799, 0.000627830449957, 0.0162547044456, -0.00341338128783, -0.00476371776313, 0.00146133755334, -2.26466581807e-05, -0.00384206697345, -0.00146194500849, 0.00228911614977], [-0.000292067765258, -0.00151250802446, -0.00228226860054, 0.00147876760457, 0.00206163153052, -0.00341338128783, 0.0149483373389, -0.00095723074628, -0.000999430660158, -0.00223009428009, 0.00252976547927, 0.000404405262088, -0.00312901102006], [0.000526714778971, 0.00044073475874, 0.000984553946182, 0.000369055574993, 5.47711533727e-05, -0.00476371776313, -0.00095723074628, 0.0193850249052, -0.00453645177186, 0.00013463544019, -0.0025199574884, 0.000616212608293, 0.00171886908356], [-0.000119058175187, -0.0012191318674, 0.00181047164369, -0.0017392548034, -0.00301179941744, 0.00146133755334, -0.000999430660158, -0.00453645177186, 0.0154788680375, -0.00494568049908, -0.000361677171895, 0.000793692306615, -0.000422964134486], [-0.000503418152221, 0.000805553398095, 0.0021170808468, -0.0040411776863, 0.000334351323545, -2.26466581807e-05, -0.00223009428009, 0.00013463544019, -0.00494568049908, 0.0248918458819, -0.00819370523095, 0.00070474925451, -0.00151731830556], [0.000741732132155, 0.000411345332395, -0.00199576537125, 0.00543617503718, 0.000679570017383, -0.00384206697345, 0.00252976547927, -0.0025199574884, -0.000361677171895, -0.00819370523095, 0.0219967570156, -0.0103313997388, 0.00338313705288], [-0.000811919220723, -0.000788796925917, 0.000680880970322, 0.00162949087098, 0.00296734343283, -0.00146194500849, 0.000404405262088, 0.000616212608293, 0.000793692306615, 0.00070474925451, -0.0103313997388, 0.0261146910489, -0.0132955610752], [0.000781738897786, 0.00016872039123, -0.00048078794498, -0.00319067877717, -0.0020650064107, 0.00228911614977, -0.00312901102006, 0.00171886908356, -0.000422964134486, -0.00151731830556, 0.00338313705288, -0.0132955610752, 0.021683037281]]
    spectral_contrast:
        mean: [-1.89167792541e-07, -4.40498091336e-08, -2.00741553158e-07, -7.80373966336e-07, 8.80427748484e-08, 2.88718752017e-07, -3.1125937312e-06, 5.18021715834e-06, 3.10727682518e-06, -1.53069208864e-06, 3.54129952029e-07, -6.51817344988e-06]
        var: [0.000497924571391, 0.000714755966328, 0.000847496965434, 0.00178332731593, 0.00305947451852, 0.00535430805758, 0.0410951822996, 0.0853719487786, 0.108025185764, 0.219909250736, 0.300193279982, 1.19991755486]

rhythm:
    beats_loudness:
        dmean: 0.0042857429944
        dmean2: 0.00794673059136
        dvar: 5.92867309024e-06
        dvar2: 1.38741588671e-05
        max: 0.0131312431768
        mean: 0.00674526719376
        min: 0.00289053493179
        var: 9.26090433495e-06
    beats_loudness_bass:
        dmean: 0.176430359483
        dmean2: 0.280454784632
        dvar: 0.0186795443296
        dvar2: 0.0691108480096
        max: 0.610961794853
        mean: 0.22173333168
        min: 0.0308457110077
        var: 0.0234194099903
    bpm: 105.78062439
    bpm_confidence: 0
    first_peak_bpm: 105
    first_peak_spread: 0
    first_peak_weight: 0.9375
    onset_rate: 4.02960538864
    second_peak_bpm: 94
    second_peak_spread: 0
    second_peak_weight: 0.0625
    beats_position: [0.337991893291, 0.90775758028, 1.47752332687, 2.04728889465, 2.61705470085, 3.18682026863, 3.75658607483, 4.32635211945, 4.89611768723, 5.46588373184, 6.10491418839, 6.66857624054, 7.23223781586, 7.79589986801, 8.35956096649, 8.92322349548, 9.4868850708]
    bpm_estimates: [105.132644653, 105.388504028, 105.513381958, 106.403923035, 103.596839905, 106.283126831, 105.296562195, 105.262359619, 104.553840637, 105.689308167, 105.608970642, 106.666252136, 106.145439148, 105.721435547, 107.073577881, 107.15688324, 106.777420044]
    bpm_intervals: [0.569765686989, 0.569765746593, 0.56976556778, 0.569765806198, 0.56976556778, 0.569765806198, 0.569766044617, 0.56976556778, 0.569766044617, 0.639030456543, 0.563662052155, 0.563661575317, 0.563662052155, 0.56366109848, 0.563662528992, 0.563661575317]
    onset_times: [0.0580498874187, 0.348299324512, 0.580498874187, 0.882358253002, 1.23065757751, 1.47446715832, 1.74149656296, 1.82276642323, 1.99691605568, 2.06657600403, 2.32199549675, 2.51936507225, 2.63546490669, 2.87927436829, 3.20435380936, 3.28562355042, 3.62231302261, 3.77324271202, 3.94739222527, 4.01705217361, 4.051882267, 4.33052158356, 4.5046710968, 4.6439909935, 4.88780021667, 5.0387301445, 5.32897949219, 5.51473903656, 6.07201814651, 6.3042178154, 6.51319742203, 6.65251684189, 6.90793657303, 7.19818592072, 7.77868461609, 8.34757328033, 8.85841274261, 9.2067117691, 9.46213150024, 9.63628101349]
    rubato_start: []
    rubato_stop: []
    perceptual_tempo: "unknown"

sfx:
    inharmonicity:
        dmean: 0.0228933729231
        dmean2: 0.0425524115562
        dvar: 0.00131333956961
        dvar2: 0.00378723163158
        max: 0.369240403175
        mean: 0.0207811743021
        min: 0
        var: 0.00095338007668
    oddtoevenharmonicenergyratio:
        dmean: 2.81691002846
        dmean2: 5.36114454269
        dvar: 73.46068573
        dvar2: 212.456314087
        max: 96.9124755859
        mean: 1.72246837616
        min: 0
        var: 41.9157066345
    pitch_after_max_to_before_max_energy_ratio: 1.0916697979
    pitch_centroid: 206.583282471
    pitch_max_to_total: 0.629107952118
    pitch_min_to_total: 0.75352114439
    tristimulus:
        dmean: [0.225025564432, 0.21212670207, 0.0551187954843]
        dmean2: [0.397290974855, 0.378477841616, 0.0931165143847]
        dvar: [0.0365015491843, 0.0337619036436, 0.00391695369035]
        dvar2: [0.099365003407, 0.0918612480164, 0.0112591134384]
        max: [1, 0.922027230263, 0.528969824314]
        mean: [0.512756824493, 0.40317645669, 0.0743256509304]
        min: [0.0152388093993, 0, 0]
        var: [0.0559913255274, 0.0495310798287, 0.00522245746106]

tonal:
    chords_changes_rate: 0.0373831763864
    chords_number_rate: 0.0280373822898
    chords_strength:
        dmean: 0.00948286056519
        dmean2: 0.00870093610138
        dvar: 5.31432851858e-05
        dvar2: 5.7743051002e-05
        max: 0.682217478752
        mean: 0.512409090996
        min: 0.262382119894
        var: 0.00733371684328
    key_strength: 0.601654589176
    tuning_diatonic_strength: 0.507484376431
    tuning_equal_tempered_deviation: 0.0693354606628
    tuning_frequency: 437.213165283
    tuning_nontempered_energy_ratio: 0.752690196037
    hpcp:
        dmean: [0.144282132387, 0.135848358274, 0.0909581705928, 0.0607544966042, 0.0534072555602, 0.072048805654, 0.0913822427392, 0.109549678862, 0.131987035275, 0.108021855354, 0.104548342526, 0.0535544715822, 0.0352857783437, 0.0423717983067, 0.101668156683, 0.138796880841, 0.121876828372, 0.0585876144469, 0.044704400003, 0.0478733144701, 0.0740493237972, 0.0834918767214, 0.0995782390237, 0.119647532701, 0.125168085098, 0.0922439619899, 0.0518277026713, 0.0570564866066, 0.0697405189276, 0.107764542103, 0.131901040673, 0.103725649416, 0.0713235363364, 0.0704373046756, 0.0913967341185, 0.158892408013]
        dmean2: [0.23502933979, 0.221791416407, 0.158048316836, 0.106576658785, 0.0921625196934, 0.119261465967, 0.153061971068, 0.190046340227, 0.21103285253, 0.168815076351, 0.171179428697, 0.0918533056974, 0.0629946440458, 0.0692290067673, 0.16647323966, 0.229064583778, 0.208513349295, 0.0957664698362, 0.0732445046306, 0.0804025605321, 0.127799406648, 0.141766443849, 0.176536470652, 0.202470704913, 0.20433871448, 0.153952494264, 0.0935707986355, 0.0996090173721, 0.112820610404, 0.183216094971, 0.212473258376, 0.165717825294, 0.12576392293, 0.12225870043, 0.164946466684, 0.274043083191]
        dvar: [0.0399312525988, 0.033950842917, 0.0231284238398, 0.0221348069608, 0.019202331081, 0.0284049678594, 0.0300673879683, 0.0394978150725, 0.0352653190494, 0.0334914438426, 0.0267865825444, 0.014567784965, 0.00790720060468, 0.00686716102064, 0.0190232396126, 0.0332440584898, 0.0249982103705, 0.00585320917889, 0.00724205141887, 0.0111364880577, 0.0228835903108, 0.0150701701641, 0.0256370026618, 0.0261097215116, 0.0283816047013, 0.0210451316088, 0.0103155365214, 0.0146147701889, 0.0187518764287, 0.0293989852071, 0.0396074317396, 0.0232878550887, 0.0185515563935, 0.0279607996345, 0.0259617026895, 0.0485685914755]
        dvar2: [0.0901701673865, 0.0821541398764, 0.0611027739942, 0.0572508946061, 0.0517277121544, 0.0790114104748, 0.0731196627021, 0.0885617807508, 0.0954243764281, 0.0747977346182, 0.0694549903274, 0.032927185297, 0.0187582541257, 0.0150298802182, 0.0466175042093, 0.0757451578975, 0.0600487068295, 0.0133322458714, 0.0154824620113, 0.0217504762113, 0.0607534237206, 0.0402179770172, 0.0710877999663, 0.0728427618742, 0.0608541294932, 0.0550729632378, 0.0316761769354, 0.0412353537977, 0.044261470437, 0.0738797336817, 0.0996866971254, 0.0520179793239, 0.0490692816675, 0.0789109021425, 0.0683325305581, 0.13113489747]
        max: [1, 1, 1, 1, 0.918046414852, 1, 1, 1, 1, 1, 1, 1, 0.733707726002, 0.790158987045, 1, 1, 1, 0.801683366299, 1, 1, 0.952616333961, 0.705403745174, 1, 1, 1, 1, 0.817613601685, 0.994543492794, 1, 1, 1, 1, 0.992649435997, 1, 1, 1]
        mean: [0.365869551897, 0.259759128094, 0.109948478639, 0.0705407932401, 0.0538501739502, 0.0750813707709, 0.138810619712, 0.1540543437, 0.22135964036, 0.317973703146, 0.202725470066, 0.0545829385519, 0.0307693518698, 0.049509588629, 0.191486924887, 0.377802163363, 0.285962671041, 0.0988005548716, 0.0648691281676, 0.0651685968041, 0.0846658498049, 0.107393972576, 0.102419160306, 0.153586894274, 0.208360865712, 0.127754151821, 0.0509085357189, 0.0660923793912, 0.0913133099675, 0.159649223089, 0.213636949658, 0.147004410625, 0.0756410881877, 0.0632408410311, 0.0882314443588, 0.232834607363]
        min: [0.00522699952126, 0.00405423436314, 0.00121226964984, 0.000430957443314, 0.000457290268969, 0.000670207780786, 0.00117481290363, 0.000726999598555, 0.000962806458119, 0.00142072082963, 0.00225664931349, 0.00141112180427, 0.00087843061192, 0.000670043402351, 0.000862031476572, 0.00244769128039, 0.00289550726302, 0.00144163530786, 0.000330097158439, 0.000480926391901, 0.00128596974537, 0.00242745387368, 0.00227428902872, 0.000383487262297, 0.000582647044212, 0.000443986733444, 0.000639070291072, 0.00092042243341, 0.00111880199984, 0.000602625950705, 0.000593822274823, 0.000110561602924, 0.000108014486614, 0.000158610433573, 0.000501395377796, 0.0027258975897]
        var: [0.141421079636, 0.080793172121, 0.0294755510986, 0.0324220433831, 0.0183689463884, 0.0268644578755, 0.0572188459337, 0.0677448362112, 0.0763799250126, 0.154512554407, 0.0689111799002, 0.0131478402764, 0.00600430229679, 0.00949105340987, 0.048419740051, 0.133152291179, 0.0906621962786, 0.0172477699816, 0.0221401359886, 0.0229812953621, 0.0222914461046, 0.0190453547984, 0.0215298030525, 0.0381614379585, 0.0695505291224, 0.0307684186846, 0.00743073504418, 0.0162777304649, 0.0314107090235, 0.0639098584652, 0.0893517360091, 0.0495229288936, 0.0232109948993, 0.0246531777084, 0.0288530606776, 0.0882098004222]
    chords_histogram: [0, 0, 4.67289733887, 0.934579432011, 8.87850475311, 0, 0, 0, 0, 0, 0, 0, 0, 0, 0, 0, 0, 17.2897205353, 0, 0, 0, 36.4485969543, 20.5607471466, 11.2149534225]
    thpcp: [1, 0.756911158562, 0.261514008045, 0.171701312065, 0.172493979335, 0.224101021886, 0.284259825945, 0.271092057228, 0.40652731061, 0.551507890224, 0.338150918484, 0.134749189019, 0.174939125776, 0.241696104407, 0.422573596239, 0.565473079681, 0.389104217291, 0.200213491917, 0.167391419411, 0.233538746834, 0.616287112236, 0.968415737152, 0.687553286552, 0.291021317244, 0.186713576317, 0.142535373569, 0.198731973767, 0.36741617322, 0.407764583826, 0.585914194584, 0.841640770435, 0.536591589451, 0.144474923611, 0.0814430266619, 0.131046339869, 0.506844460964]
    chords_key: "D"
    chords_scale: "minor"
    key_key: "C"
    key_scale: "major"
    chords_progression: ["Cm", "Cm", "Cm", "Cm", "Cm", "Cm", "Cm", "Cm", "Cm", "Cm", "Cm", "Cm", "Cm", "Cm", "Cm", "Cm", "Cm", "Cm", "Cm", "Cm", "Cm", "Cm", "Cm", "Cm", "Cm", "Cm", "Cm", "Cm", "Cm", "Cm", "Cm", "Cm", "Cm", "Cm", "Cm", "Cm", "Cm", "G", "G", "G", "G", "G", "G", "G", "G", "G", "G", "D", "D", "D", "D", "D", "D", "D", "D", "D", "D", "D", "D", "D", "D", "D", "D", "D", "D", "D", "Dm", "Dm", "Dm", "Dm", "Dm", "Dm", "Dm", "Dm", "Dm", "Dm", "Dm", "Dm", "Dm", "Dm", "Dm", "Am", "Am", "Am", "Am", "Am", "Am", "Am", "Am", "Am", "Am", "Am", "Am", "Am", "Am", "Am", "Am", "Am", "Am", "Am", "Am", "Am", "Am", "Am", "F", "F", "F", "F", "F", "F", "F", "F", "F", "F", "F", "F", "F", "F", "F", "F", "F", "F", "F", "F", "F", "F", "F", "F", "F", "F", "F", "F", "F", "F", "F", "F", "F", "F", "F", "F", "F", "F", "F", "F", "F", "F", "F", "F", "Dm", "Dm", "Dm", "Dm", "Dm", "Dm", "Dm", "Dm", "Dm", "Dm", "Dm", "Dm", "Dm", "Dm", "Dm", "Dm", "Dm", "Dm", "Dm", "Dm", "Dm", "Dm", "Dm", "Dm", "Dm", "Dm", "Dm", "Dm", "Dm", "Dm", "Dm", "Dm", "Dm", "Dm", "Dm", "Dm", "Dm", "Dm", "Dm", "Dm", "Dm", "Dm", "Dm", "Dm", "Dm", "Dm", "Dm", "Dm", "Dm", "Dm", "Dm", "Dm", "Dm", "Dm", "Dm", "Dm", "Dm", "Dm", "Dm", "Dm", "Dm", "Dm", "Dm", "Bm", "Bm", "Am"]
