
metadata:
    version:
        essentia: "1.2.2"
    audio_properties:
        analysis_sample_rate: 44100
        bitrate: 128
        channels: 2
        equal_loudness: 1
        length: 10.0310201645
        replay_gain: -1.53061103821
        downmix: "mix"
    tags:
        track: 5
        year: 0
        album: "Splitted by Mp3Splt v. 2.1"
        artist: "From 000.40 To 000.50"
        comment: "http://mp3splt.sf.net"
        genre: ""
        title: "08 Tea for Two.mp3"

highlevel:
    ballroom:
        all:
            ChaChaCha: 0.0222980324179
            Jive: 0.0524310804904
            Quickstep: 0.162125438452
            Rumba-American: 0.0244985949248
            Rumba-International: 0.394343495369
            Rumba-Misc: 0.106497660279
            Samba: 0.0710696429014
            Tango: 0.0188507270068
            VienneseWaltz: 0.048618324101
            Waltz: 0.0992669984698
        probability: 0.394343495369
        value: "Rumba-International"
    culture:
        all:
            non_western: 0.0950037166476
            western: 0.904996275902
        probability: 0.904996275902
        value: "western"
    gender:
        all:
            female: 0.962923288345
            male: 0.0370767265558
        probability: 0.962923288345
        value: "female"
    genre_dortmund:
        all:
            alternative: 0.0181136354804
            blues: 0.0183109231293
            electronic: 0.0455645620823
            folkcountry: 0.0585667043924
            funksoulrnb: 0.00994735956192
            jazz: 0.772879898548
            pop: 0.0349356941879
            raphiphop: 0.00176712044049
            rock: 0.0399140752852
        probability: 0.772879898548
        value: "jazz"
    genre_electronica:
        all:
            ambient: 0.697310745716
            dnb: 0.0772053971887
            house: 0.0288200136274
            techno: 0.00848640687764
            trance: 0.18817743659
        probability: 0.697310745716
        value: "ambient"
    genre_rosamerica:
        all:
            cla: 0.0131925363094
            dan: 0.0136914402246
            hip: 0.00493781082332
            jaz: 0.839993417263
            pop: 0.0278261620551
            rhy: 0.0770983546972
            roc: 0.0215006731451
            spe: 0.00175959372427
        probability: 0.839993417263
        value: "jaz"
    genre_tzanetakis:
        all:
            blu: 0.00666165305302
            cla: 0.0124828787521
            cou: 0.0280348416418
            dis: 0.00937296263874
            hip: 0.00511101307347
            jaz: 0.613849520683
            met: 0.00225853500888
            pop: 0.228564679623
            reg: 0.0714637413621
            roc: 0.0222001820803
        probability: 0.613849520683
        value: "jaz"
    live_studio:
        all:
            live: 0.0979022234678
            studio: 0.902097761631
        probability: 0.902097761631
        value: "studio"
    mood:
        all:
            Cluster1: 0.218282341957
            Cluster2: 0.345416724682
            Cluster3: 0.259845048189
            Cluster4: 0.11528339982
            Cluster5: 0.0611724890769
        probability: 0.345416724682
        value: "Cluster2"
    mood_acoustic:
        all:
            acoustic: 0.99053633213
            not_acoustic: 0.00946365855634
        probability: 0.99053633213
        value: "acoustic"
    mood_aggressive:
        all:
            aggressive: 0.00565879652277
            not_aggressive: 0.99434119463
        probability: 0.99434119463
        value: "not_aggressive"
    mood_electronic:
        all:
            electronic: 0.0914127230644
            not_electronic: 0.908587276936
        probability: 0.908587276936
        value: "not_electronic"
    mood_happy:
        all:
            happy: 0.0329675711691
            not_happy: 0.967032432556
        probability: 0.967032432556
        value: "not_happy"
    mood_party:
        all:
            not_party: 0.88849657774
            party: 0.11150342226
        probability: 0.88849657774
        value: "not_party"
    mood_relaxed:
        all:
            not_relaxed: 0.133933395147
            relaxed: 0.86606657505
        probability: 0.86606657505
        value: "relaxed"
    mood_sad:
        all:
            not_sad: 0.16589666903
            sad: 0.834103345871
        probability: 0.834103345871
        value: "sad"
    rhythm:
        all:
            fast: 0.693276226521
            medium: 0.185503065586
            slow: 0.121220700443
        probability: 0.693276226521
        value: "fast"
    speech_music:
        all:
            music: 0.99713075161
            speech: 0.00286925956607
        probability: 0.99713075161
        value: "music"
    timbre:
        all:
            bright: 0.41469758749
            dark: 0.58530241251
        probability: 0.58530241251
        value: "dark"
    voice_instrumental:
        all:
            instrumental: 0.842818379402
            voice: 0.157181635499
        probability: 0.842818379402
        value: "instrumental"

lowlevel:
    average_loudness: 0.960736751556
    barkbands_kurtosis:
        dmean: 4.48207712173
        dmean2: 6.64204025269
        dvar: 26.6604309082
        dvar2: 56.4421920776
        max: 49.7485084534
        mean: 5.77736282349
        min: -1.86183357239
        var: 54.2802429199
    barkbands_skewness:
        dmean: 0.866446554661
        dmean2: 1.28428113461
        dvar: 0.612800240517
        dvar2: 1.26441979408
        max: 6.64357185364
        mean: 2.05617952347
        min: -1.62810373306
        var: 1.7526422739
    barkbands_spread:
        dmean: 9.0209980011
        dmean2: 13.8748912811
        dvar: 103.202980042
        dvar2: 216.306106567
        max: 63.4702949524
        mean: 19.9835529327
        min: 3.22352814674
        var: 193.411026001
    dissonance:
        dmean: 0.0295609794557
        dmean2: 0.0453179813921
        dvar: 0.000814343453385
        dvar2: 0.0016672759084
        max: 0.499229937792
        mean: 0.431887060404
        min: 0.269358813763
        var: 0.00190195092
    hfc:
        dmean: 1.33486759663
        dmean2: 1.86172795296
        dvar: 4.61952590942
        dvar2: 8.9243927002
        max: 23.8387756348
        mean: 2.18716430664
        min: 0.0861384049058
        var: 10.2718677521
    pitch:
        dmean: 624.924682617
        dmean2: 1215.5390625
        dvar: 1880869.375
        dvar2: 4342078
        max: 4410
        mean: 749.926635742
        min: 58.256275177
        var: 1753629.875
    pitch_instantaneous_confidence:
        dmean: 0.120483219624
        dmean2: 0.185442075133
        dvar: 0.0125901317224
        dvar2: 0.022805351764
        max: 0.932058930397
        mean: 0.57493275404
        min: 0.197332441807
        var: 0.0366584509611
    pitch_salience:
        dmean: 0.0854179486632
        dmean2: 0.134400129318
        dvar: 0.00558277452365
        dvar2: 0.0138284629211
        max: 0.808279871941
        mean: 0.509582042694
        min: 0.178237751126
        var: 0.0147921619937
    silence_rate_20dB:
        dmean: 0
        dmean2: 0
        dvar: 0
        dvar2: 0
        max: 1
        mean: 1
        min: 1
        var: 0
    silence_rate_30dB:
        dmean: 0
        dmean2: 0
        dvar: 0
        dvar2: 0
        max: 1
        mean: 1
        min: 1
        var: 0
    silence_rate_60dB:
        dmean: 0.143518522382
        dmean2: 0.28770300746
        dvar: 0.122921414673
        dvar2: 0.223490849137
        max: 1
        mean: 0.704387962818
        min: 0
        var: 0.208225890994
    spectral_centroid:
        dmean: 306.968322754
        dmean2: 483.119293213
        dvar: 175953.75
        dvar2: 422486.1875
        max: 3496.43798828
        mean: 755.989501953
        min: 191.734710693
        var: 234614.6875
    spectral_complexity:
        dmean: 2.03712296486
        dmean2: 2.86744189262
        dvar: 6.71789646149
        dvar2: 12.4219484329
        max: 28
        mean: 5.01388883591
        min: 0
        var: 19.2034931183
    spectral_crest:
        dmean: 3.13494992256
        dmean2: 4.91465234756
        dvar: 7.63617515564
        dvar2: 18.0206279755
        max: 25.5248565674
        mean: 12.7959604263
        min: 3.83871603012
        var: 23.1653366089
    spectral_decrease:
        dmean: 3.1311742088e-10
        dmean2: 3.89435095283e-10
        dvar: 1.5194819299e-19
        dvar2: 2.70815753074e-19
        max: -1.38199946279e-11
        mean: -6.94401480761e-10
        min: -5.16475839873e-09
        var: 5.27169132018e-19
    spectral_energy:
        dmean: 0.0012883777963
        dmean2: 0.00160968513228
        dvar: 2.60711931332e-06
        dvar2: 4.6085692702e-06
        max: 0.0210749898106
        mean: 0.00281921168789
        min: 5.99727027293e-05
        var: 8.90885348781e-06
    spectral_energyband_high:
        dmean: 8.46738112159e-05
        dmean2: 0.000142418517498
        dvar: 3.33727214752e-08
        dvar2: 8.37206428628e-08
        max: 0.00128180102911
        mean: 8.59167557792e-05
        min: 1.34776871619e-06
        var: 3.09032515133e-08
    spectral_energyband_low:
        dmean: 0.000164654280525
        dmean2: 0.000245450646617
        dvar: 1.02324143825e-07
        dvar2: 2.09208209867e-07
        max: 0.00406657718122
        mean: 0.000241572022787
        min: 4.70062161639e-07
        var: 2.26914224299e-07
    spectral_energyband_middle_high:
        dmean: 0.000426625600085
        dmean2: 0.000531856727321
        dvar: 7.6456331044e-07
        dvar2: 1.21815844523e-06
        max: 0.0102768195793
        mean: 0.000662562611979
        min: 1.373041232e-05
        var: 1.98393195205e-06
    spectral_energyband_middle_low:
        dmean: 0.000793403363787
        dmean2: 0.00104405416641
        dvar: 1.13578073524e-06
        dvar2: 2.37971403294e-06
        max: 0.0138598838821
        mean: 0.00182915909681
        min: 1.75494860741e-05
        var: 3.75344393433e-06
    spectral_flatness_db:
        dmean: 0.0277137439698
        dmean2: 0.0418352037668
        dvar: 0.000525747193024
        dvar2: 0.00111349031795
        max: 0.298895448446
        mean: 0.197458684444
        min: 0.103972956538
        var: 0.00143286387902
    spectral_flux:
        dmean: 0.0103008206934
        dmean2: 0.0163544286042
        dvar: 0.000121540680993
        dvar2: 0.000284587353235
        max: 0.0902275815606
        mean: 0.0244443882257
        min: 0.00466769514605
        var: 0.000211360980757
    spectral_kurtosis:
        dmean: 1.70440375805
        dmean2: 2.397813797
        dvar: 3.0059440136
        dvar2: 6.10224819183
        max: 17.677942276
        mean: 3.98197460175
        min: 0.19020318985
        var: 8.44581222534
    spectral_rms:
        dmean: 0.000368799519492
        dmean2: 0.00045861932449
        dvar: 1.18680254957e-07
        dvar2: 1.92991919334e-07
        max: 0.00453442009166
        mean: 0.00147908355575
        min: 0.000241888308665
        var: 5.62764057577e-07
    spectral_rolloff:
        dmean: 783.838012695
        dmean2: 1348.58056641
        dvar: 1251988.5
        dvar2: 2636759
        max: 4823.4375
        mean: 1340.44226074
        min: 150.732421875
        var: 1628993.375
    spectral_skewness:
        dmean: 0.315475136042
        dmean2: 0.425115615129
        dvar: 0.0659687072039
        dvar2: 0.129284635186
        max: 3.23652124405
        mean: 1.65071046352
        min: 0.772523462772
        var: 0.252668917179
    spectral_spread:
        dmean: 937339.625
        dmean2: 1217205.875
        dvar: 697007144960
        dvar2: 1.20475523482e+12
        max: 13800572
        mean: 6030626.5
        min: 2534054
        var: 2.38578853478e+12
    spectral_strongpeak:
        dmean: 0.167444780469
        dmean2: 0.242296263576
        dvar: 0.0907085612416
        dvar2: 0.164022877812
        max: 4.26465463638
        mean: 0.383531838655
        min: 0.0201629549265
        var: 0.215372353792
    zerocrossingrate:
        dmean: 0.0127179706469
        dmean2: 0.0152196129784
        dvar: 0.000140472897328
        dvar2: 0.000207782679354
        max: 0.13916015625
        mean: 0.0502240210772
        min: 0.00732421875
        var: 0.000523706781678
    barkbands:
        dmean: [1.98150722497e-08, 2.39922301262e-05, 0.000146641992615, 0.000115404749522, 0.000414184556575, 0.000232719816267, 0.000113934103865, 9.37193326536e-05, 3.53386058123e-05, 9.84279613476e-05, 1.89839101949e-05, 1.65049823408e-05, 3.68252003682e-05, 9.93900393951e-05, 7.2554750659e-05, 5.58763458685e-05, 2.87778930215e-05, 2.56265229837e-05, 3.14578392135e-05, 4.71332023153e-05, 4.10126231145e-05, 1.33542298499e-05, 2.17585875362e-06, 1.63171785061e-06, 1.20723495911e-06, 6.91409027809e-08, 4.01946337325e-10]
        dmean2: [2.7626526844e-08, 3.65162704838e-05, 0.000219878435018, 0.000175228269654, 0.000605911714956, 0.000305204332108, 0.000156688794959, 0.000115177994303, 4.94045489177e-05, 0.000114321104775, 2.61548575509e-05, 2.21795162361e-05, 5.05067728227e-05, 0.00014064332936, 9.67884334386e-05, 7.69999678596e-05, 4.3769574404e-05, 4.07527368225e-05, 5.16966574651e-05, 7.75154767325e-05, 6.94118862157e-05, 2.33808987105e-05, 3.84443546864e-06, 2.88835326501e-06, 2.12368627217e-06, 1.22551341519e-07, 5.06037323156e-10]
        dvar: [3.4517656474e-14, 2.1760542257e-09, 8.96420147001e-08, 2.55056118448e-08, 6.21251388111e-07, 1.60962855489e-07, 1.34644679406e-07, 6.21473432716e-08, 8.96312535303e-09, 7.64227863215e-08, 1.47048195842e-09, 1.31223265587e-09, 7.94900589796e-09, 8.64273701495e-08, 4.15990832892e-08, 2.78291363287e-08, 4.4552104228e-09, 2.28342500463e-09, 4.44194059313e-09, 9.77662484303e-09, 7.6097190771e-09, 1.16796594618e-09, 2.88219274835e-11, 1.52520478885e-11, 9.10183213521e-12, 2.84194918981e-14, 3.12469693236e-17]
        dvar2: [3.80853728004e-14, 5.12893194582e-09, 1.88902134823e-07, 5.87129669327e-08, 1.43961608501e-06, 3.237227304e-07, 2.57240401424e-07, 8.32486364288e-08, 1.94334592862e-08, 1.08142884869e-07, 2.51573295529e-09, 2.27454410862e-09, 1.45795153728e-08, 1.70131215782e-07, 7.03792366608e-08, 4.81798778651e-08, 1.01010408926e-08, 5.35073940711e-09, 1.0778039794e-08, 2.23576659408e-08, 1.996610699e-08, 3.17833293018e-09, 7.872501262e-11, 4.11794175148e-11, 2.49627610249e-11, 7.77424728326e-14, 3.14470080655e-17]
        max: [4.13298221247e-06, 0.000416889990447, 0.0037475368008, 0.00177365273703, 0.00907128863037, 0.00622954778373, 0.00679553532973, 0.00314867519774, 0.0014071589103, 0.00382695905864, 0.000531446014065, 0.000489727593958, 0.000882017076947, 0.0031376988627, 0.00333035038784, 0.00307245971635, 0.000938552548178, 0.000466823170427, 0.000470203056466, 0.00101060199086, 0.000599326449446, 0.000264372967649, 4.38492570538e-05, 2.66622937488e-05, 1.76734938577e-05, 1.06778816189e-06, 1.16263400685e-07]
        mean: [2.11946264983e-08, 3.66500789823e-05, 0.000204904368729, 0.000186733785085, 0.000690302578732, 0.000522776972502, 0.000190096063307, 0.00014449461014, 5.8012399677e-05, 0.000183170719538, 2.82111723209e-05, 2.32267120737e-05, 5.10665158799e-05, 0.000124518817756, 9.72134803305e-05, 7.48090169509e-05, 3.32479539793e-05, 2.98420054605e-05, 3.36565135513e-05, 5.04767995153e-05, 3.97059848183e-05, 1.16566206998e-05, 1.95039797291e-06, 1.44143587022e-06, 9.73956389316e-07, 5.4379668768e-08, 3.91025822832e-10]
        min: [1.18174203062e-11, 2.82658945139e-08, 1.76451095513e-07, 2.36145808685e-07, 3.40098495144e-06, 6.45406430522e-07, 7.35926874995e-08, 1.35378812161e-07, 1.24161516624e-07, 1.26705273829e-07, 6.22753475454e-08, 1.0125631178e-07, 3.62571981327e-08, 1.79297472869e-07, 2.31077166291e-07, 7.82401343713e-07, 8.40988718664e-07, 1.01513637674e-06, 4.87804243221e-07, 1.23292409171e-06, 3.9627744286e-07, 6.13618951206e-08, 7.46307904365e-09, 9.73747216193e-09, 4.1257908201e-09, 2.36072050797e-10, 4.35360211423e-12]
        var: [4.02828303754e-14, 5.100802003e-09, 1.9137858942e-07, 6.34609733652e-08, 1.21760251659e-06, 5.32295587163e-07, 3.99113559979e-07, 1.54426018639e-07, 1.25057812994e-08, 2.72460368933e-07, 2.96747382222e-09, 2.63094790398e-09, 1.7117365303e-08, 1.32658612984e-07, 9.36413613317e-08, 6.67945556643e-08, 5.93207571953e-09, 2.92030133409e-09, 4.17584233858e-09, 1.14801208539e-08, 6.28104945832e-09, 7.76007147429e-10, 1.90272086281e-11, 1.03607920854e-11, 5.95791428346e-12, 1.86636340741e-14, 3.11981822111e-17]
    mfcc:
        mean: [-790.027404785, 114.513626099, -15.8277053833, 52.4138755798, -8.58346271515, -0.447199463844, -7.98298883438, -19.7961196899, -2.35091900826, -9.16553688049, -12.9256296158, -12.9082098007, -11.4886188507]
        cov: [[3024.85595703, 568.163452148, -863.439575195, -617.163330078, -83.9593963623, 42.2182350159, -77.8666992188, -131.450958252, 35.0205688477, 101.073112488, -8.0146188736, 87.7197723389, -26.05519104], [568.163452148, 1101.86035156, -376.342956543, -473.96182251, -76.6099700928, 26.3433074951, -101.470718384, -110.078567505, 3.46212482452, 105.01360321, 16.9744567871, 17.3211193085, -15.5847616196], [-863.439575195, -376.342956543, 694.178344727, 441.598632812, 7.29862499237, -99.5744171143, 46.6740455627, 118.081481934, 11.7105398178, -52.105796814, 68.8045578003, 9.47129917145, 76.9932022095], [-617.163330078, -473.96182251, 441.598632812, 491.337432861, 130.439682007, 6.04971218109, 100.250549316, 121.025482178, 38.6061859131, -19.9024429321, 47.5633239746, 34.3750457764, 61.113067627], [-83.9593963623, -76.6099700928, 7.29862499237, 130.439682007, 174.878143311, 135.801391602, 60.1950721741, 17.6809883118, 25.892578125, 37.8379325867, 17.1491680145, 19.5314693451, 12.6494674683], [42.2182350159, 26.3433074951, -99.5744171143, 6.04971218109, 135.801391602, 168.694351196, 59.6381187439, -8.42786026001, 19.8407478333, 49.8367805481, 1.14935624599, 1.03789591789, -8.63942146301], [-77.8666992188, -101.470718384, 46.6740455627, 100.250549316, 60.1950721741, 59.6381187439, 99.6386032104, 67.3867340088, 29.4399204254, 8.99051856995, 1.2965939045, 0.260722339153, 4.39340400696], [-131.450958252, -110.078567505, 118.081481934, 121.025482178, 17.6809883118, -8.42786026001, 67.3867340088, 99.5381393433, 42.2015304565, -3.72484397888, 10.6098165512, 6.60864448547, 16.7948513031], [35.0205688477, 3.46212482452, 11.7105398178, 38.6061859131, 25.892578125, 19.8407478333, 29.4399204254, 42.2015304565, 68.3540649414, 47.5438766479, 14.868273735, 19.3212757111, 16.8673419952], [101.073112488, 105.01360321, -52.105796814, -19.9024429321, 37.8379325867, 49.8367805481, 8.99051856995, -3.72484397888, 47.5438766479, 90.8142471313, 37.8695869446, 23.8177452087, 16.6208496094], [-8.0146188736, 16.9744567871, 68.8045578003, 47.5633239746, 17.1491680145, 1.14935624599, 1.2965939045, 10.6098165512, 14.868273735, 37.8695869446, 76.2712173462, 41.9184799194, 39.340713501], [87.7197723389, 17.3211193085, 9.47129917145, 34.3750457764, 19.5314693451, 1.03789591789, 0.260722339153, 6.60864448547, 19.3212757111, 23.8177452087, 41.9184799194, 73.8151092529, 44.3012924194], [-26.05519104, -15.5847616196, 76.9932022095, 61.113067627, 12.6494674683, -8.63942146301, 4.39340400696, 16.7948513031, 16.8673419952, 16.6208496094, 39.340713501, 44.3012924194, 67.4373931885]]
        icov: [[0.000597069622017, 5.58848623768e-05, 0.000630478083622, 0.000444147386588, -0.000155659028678, 0.000514302286319, -0.000502713955939, 0.000385090417694, -0.000702039862517, 0.000310236791847, -0.000447376136435, -0.000626242428552, -7.52707055653e-05], [5.58848623768e-05, 0.00202155439183, -0.000854500802234, 0.00328229973093, -0.00173383229412, 0.000900541606825, 0.000235424173297, -0.000814419239759, 0.000760156020988, -0.00224858382717, 0.000338688405463, -0.0011189521756, 1.95022785192e-05], [0.000630478083622, -0.000854500802234, 0.00729871774092, -0.00749920634553, 0.00562778906897, -0.00193906819914, 0.00255719735287, -0.00137893063948, -0.000626447494142, 0.00301951891743, -0.00494061410427, 0.00470360741019, -0.00341335870326], [0.000444147386588, 0.00328229973093, -0.00749920634553, 0.0187183618546, -0.0180020369589, 0.0124057745561, -0.00793408975005, 0.000213162100408, -0.000839182117488, -0.00220486358739, 0.00201177294366, -0.00526468828321, 0.000997065799311], [-0.000155659028678, -0.00173383229412, 0.00562778906897, -0.0180020369589, 0.0399078242481, -0.0334322676063, 0.0126506881788, -0.00534815853462, 0.0011101628188, 0.00226710620336, -0.00176549784373, -0.000722591765225, -0.00116499443538], [0.000514302286319, 0.000900541606825, -0.00193906819914, 0.0124057745561, -0.0334322676063, 0.0429359674454, -0.0253651887178, 0.0159912575036, -0.00237510027364, -0.00632294872776, 0.000827754149213, 0.00205899309367, 0.00113675929606], [-0.000502713955939, 0.000235424173297, 0.00255719735287, -0.00793408975005, 0.0126506881788, -0.0253651887178, 0.0433971993625, -0.0321999564767, 0.0097182970494, -0.00360168237239, 0.00362266367301, 0.00030142464675, -0.000154261055286], [0.000385090417694, -0.000814419239759, -0.00137893063948, 0.000213162100408, -0.00534815853462, 0.0159912575036, -0.0321999564767, 0.0491154082119, -0.0299737695605, 0.0166565440595, -0.00868643727154, 0.00411126669496, 1.77718447958e-05], [-0.000702039862517, 0.000760156020988, -0.000626447494142, -0.000839182117488, 0.0011101628188, -0.00237510027364, 0.0097182970494, -0.0299737695605, 0.0529149025679, -0.0342115536332, 0.0163205973804, -0.00757420575246, -0.00164904154371], [0.000310236791847, -0.00224858382717, 0.00301951891743, -0.00220486358739, 0.00226710620336, -0.00632294872776, -0.00360168237239, 0.0166565440595, -0.0342115536332, 0.0434103384614, -0.0214856471866, 0.0064732497558, -0.000858470099047], [-0.000447376136435, 0.000338688405463, -0.00494061410427, 0.00201177294366, -0.00176549784373, 0.000827754149213, 0.00362266367301, -0.00868643727154, 0.0163205973804, -0.0214856471866, 0.0345966555178, -0.0130177922547, -0.00432997150347], [-0.000626242428552, -0.0011189521756, 0.00470360741019, -0.00526468828321, -0.000722591765225, 0.00205899309367, 0.00030142464675, 0.00411126669496, -0.00757420575246, 0.0064732497558, -0.0130177922547, 0.0326731428504, -0.0153145156801], [-7.52707055653e-05, 1.95022785192e-05, -0.00341335870326, 0.000997065799311, -0.00116499443538, 0.00113675929606, -0.000154261055286, 1.77718447958e-05, -0.00164904154371, -0.000858470099047, -0.00432997150347, -0.0153145156801, 0.0313777178526]]
    spectral_contrast:
        mean: [-8.87817748207e-08, -9.75732845632e-08, -4.37411159737e-07, 3.95225697503e-07, 2.18257163453e-08, 2.01441622494e-07, 2.7718920137e-07, 3.26880422108e-06, -6.83797736656e-07, 2.97002225125e-06, 1.40774579904e-06, 6.03773003149e-07]
        var: [0.00012628940749, 0.000532083155122, 0.00150077336002, 0.0033302907832, 0.00617008889094, 0.0161409452558, 0.0220029018819, 0.0729505941272, 0.17820520699, 0.323246598244, 0.343675971031, 1.54755890369]

rhythm:
    beats_loudness:
        dmean: 0.00319845229387
        dmean2: 0.00542308622971
        dvar: 1.28254896481e-05
        dvar2: 3.92625770473e-05
        max: 0.0154975038022
        mean: 0.00446730107069
        min: 0.00131810049061
        var: 1.24840862554e-05
    beats_loudness_bass:
        dmean: 0.2061162889
        dmean2: 0.316769480705
        dvar: 0.0286250263453
        dvar2: 0.0880910903215
        max: 0.781141102314
        mean: 0.235326319933
        min: 0.00130998808891
        var: 0.0552954263985
    bpm: 121.242431641
    bpm_confidence: 0
    first_peak_bpm: 121
    first_peak_spread: 0.0526316165924
    first_peak_weight: 0.947368383408
    onset_rate: 4.88484716415
    second_peak_bpm: 0
    second_peak_spread: 0
    second_peak_weight: 0
    beats_position: [0.0461630448699, 0.543764233589, 1.04136526585, 1.53896641731, 2.03656768799, 2.53416872025, 3.03176999092, 3.52937150002, 4.02697277069, 4.52457380295, 5.02217531204, 5.51977682114, 6.02213144302, 6.51333236694, 7.00453281403, 7.49573326111, 7.98693418503, 8.47813510895, 8.96933555603, 9.46053600311]
    bpm_estimates: [120.326072693, 120.273666382, 120.840904236, 122.461212158, 120.80897522, 120.186035156, 120.313575745, 120.257865906, 120.307388306, 120.293067932, 120.330528259, 122.567359924, 122.065116882, 122.584327698, 121.325126648, 122.036468506, 122.174468994, 122.054504395, 122.399513245]
    bpm_intervals: [0.497601181269, 0.497601032257, 0.497601151466, 0.497601270676, 0.497601032257, 0.497601270676, 0.497601509094, 0.497601270676, 0.497601032257, 0.497601509094, 0.497601509094, 0.502354621887, 0.49120092392, 0.491200447083, 0.491200447083, 0.49120092392, 0.49120092392, 0.491200447083, 0.491200447083]
    onset_times: [0.0348299331963, 0.255419492722, 0.487619042397, 0.754648506641, 0.986848056316, 1.24226760864, 1.48607707024, 1.64861679077, 1.89242625237, 2.15945577621, 2.24072551727, 2.48453521729, 2.65868473053, 2.76317453384, 2.99537420273, 3.25079369545, 3.49460315704, 3.65714287758, 3.99383211136, 4.15637207031, 4.27247142792, 4.446621418, 4.49306106567, 4.65560102463, 4.79492044449, 4.96907043457, 5.25931978226, 5.49151945114, 5.65405893326, 5.75854873657, 5.92108821869, 6.25777769089, 6.48997735977, 6.76861667633, 6.9543762207, 7.25623559952, 7.32589578629, 7.47682523727, 7.63936519623, 7.74385499954, 7.97605419159, 8.15020370483, 8.37079334259, 8.76553249359, 8.96290206909, 9.22993183136, 9.36925125122, 9.75238132477, 9.94975090027]
    rubato_start: []
    rubato_stop: []
    perceptual_tempo: "unknown"

sfx:
    inharmonicity:
        dmean: 0.03013632074
        dmean2: 0.0548922605813
        dvar: 0.00229744426906
        dvar2: 0.00639045424759
        max: 0.334990531206
        mean: 0.0238408558071
        min: 3.84047598345e-05
        var: 0.00183043233119
    oddtoevenharmonicenergyratio:
        dmean: 2.08755636215
        dmean2: 3.89690589905
        dvar: 45.6733398438
        dvar2: 131.707611084
        max: 55.8889770508
        mean: 1.4194521904
        min: 0.000120789147331
        var: 26.0274772644
    pitch_after_max_to_before_max_energy_ratio: 3.7148578167
    pitch_centroid: 224.430145264
    pitch_max_to_total: 0.261574059725
    pitch_min_to_total: 0.0671296268702
    tristimulus:
        dmean: [0.218795761466, 0.203339472413, 0.083254262805]
        dmean2: [0.380737870932, 0.352649152279, 0.142857283354]
        dvar: [0.0470320470631, 0.0413180999458, 0.0137995369732]
        dvar2: [0.116979338229, 0.114727437496, 0.0354811735451]
        max: [0.968650341034, 0.983606815338, 0.674752235413]
        mean: [0.51900780201, 0.374025583267, 0.0914702937007]
        min: [0.0124550256878, 0, 0]
        var: [0.0662823542953, 0.0568871237338, 0.0132822012529]

tonal:
    chords_changes_rate: 0.092165902257
    chords_number_rate: 0.0230414755642
    chords_strength:
        dmean: 0.0120814274997
        dmean2: 0.0123053239658
        dvar: 9.45991268964e-05
        dvar2: 0.000107811960333
        max: 0.63581854105
        mean: 0.512040138245
        min: 0.349714547396
        var: 0.00451060105115
    key_strength: 0.774371802807
    tuning_diatonic_strength: 0.587689399719
    tuning_equal_tempered_deviation: 0.150047272444
    tuning_frequency: 437.718536377
    tuning_nontempered_energy_ratio: 0.762347817421
    hpcp:
        dmean: [0.0771906003356, 0.0657626464963, 0.0743051990867, 0.107039786875, 0.13028433919, 0.121185675263, 0.0689012482762, 0.0623687803745, 0.10443906486, 0.116834275424, 0.122966684401, 0.106888875365, 0.0859792903066, 0.0658684074879, 0.0557600185275, 0.0620854906738, 0.0834852606058, 0.13839790225, 0.15628798306, 0.134719103575, 0.0785128474236, 0.039985563606, 0.0366241075099, 0.0699392557144, 0.10561491549, 0.100420825183, 0.0855547785759, 0.0491434521973, 0.0403931811452, 0.0774407014251, 0.121883548796, 0.102706037462, 0.109519824386, 0.106402397156, 0.0909267291427, 0.0782897919416]
        dmean2: [0.138180196285, 0.115494176745, 0.12215847522, 0.184224069118, 0.226168245077, 0.220468774438, 0.124106071889, 0.107315674424, 0.178420931101, 0.19997420907, 0.203408375382, 0.179286301136, 0.138418868184, 0.120533660054, 0.0997832193971, 0.10655041039, 0.142654627562, 0.236060708761, 0.250490814447, 0.221171483397, 0.13373182714, 0.0700264126062, 0.0595856159925, 0.118027634919, 0.180116266012, 0.1721611619, 0.147905915976, 0.0841037482023, 0.0767649114132, 0.140530765057, 0.222538709641, 0.171023845673, 0.181138962507, 0.180787324905, 0.144605562091, 0.136126339436]
        dvar: [0.0289502032101, 0.018346035853, 0.0197978876531, 0.0288259219378, 0.0516521222889, 0.0476992316544, 0.0252478104085, 0.0165622476488, 0.0360542126, 0.0538233108819, 0.0344550162554, 0.0365174040198, 0.0280990004539, 0.0251413471997, 0.0179164949805, 0.0204237960279, 0.0325692743063, 0.0402769371867, 0.0550611168146, 0.0419993214309, 0.0302459336817, 0.0135112702847, 0.0112633481622, 0.0201965738088, 0.0408892147243, 0.0386861264706, 0.0357344821095, 0.0117945959792, 0.0124557502568, 0.0264056678861, 0.0543068163097, 0.038086310029, 0.0312088411301, 0.041640561074, 0.0325257591903, 0.0228321161121]
        dvar2: [0.0801057145, 0.0479978099465, 0.0470441654325, 0.0640665963292, 0.130805164576, 0.139220297337, 0.0596109889448, 0.0398141816258, 0.0905587673187, 0.0985054820776, 0.0809409841895, 0.087891317904, 0.0582748763263, 0.0692698433995, 0.0503169931471, 0.0472044274211, 0.0831851884723, 0.100866191089, 0.105151973665, 0.0927670523524, 0.0864614024758, 0.0331641174853, 0.0247609820217, 0.053338740021, 0.103942096233, 0.0852819904685, 0.0894853547215, 0.0279504731297, 0.0396411567926, 0.0871566832066, 0.14073510468, 0.0749873146415, 0.0806408524513, 0.0836286395788, 0.0668810456991, 0.0616567842662]
        max: [1, 1, 1, 1, 1, 1, 1, 1, 1, 1, 1, 1, 1, 1, 1, 1, 1, 1, 1, 1, 1, 1, 1, 1, 1, 1, 1, 1, 1, 1, 1, 1, 1, 1, 1, 1]
        mean: [0.0901486724615, 0.0746115520597, 0.0726307928562, 0.126700311899, 0.152290850878, 0.104080475867, 0.0623790994287, 0.0618182420731, 0.112233318388, 0.173392504454, 0.160271778703, 0.137173876166, 0.11533088237, 0.0653891339898, 0.0459742024541, 0.059811912477, 0.0736013427377, 0.164114117622, 0.290291517973, 0.209904894233, 0.0635297074914, 0.0326581895351, 0.0364470407367, 0.0737940147519, 0.121081665158, 0.127305403352, 0.0982654243708, 0.0510440766811, 0.0282550845295, 0.0700912922621, 0.154910475016, 0.157009124756, 0.113493308425, 0.118807688355, 0.0930007174611, 0.0764292404056]
        min: [0.00070292968303, 0.000759160553571, 0.000792540842667, 0.000294756086078, 0.000416318362113, 0.000490589824039, 0.00047956572962, 0.000631358590908, 0.00108391360845, 0.000799065921456, 0.00115421682131, 0.00135780160781, 0.000995838548988, 0.000462875759695, 0.000688986503519, 0.000855912687257, 0.000597991631366, 0.000969749060459, 0.000513755832799, 0.000280367006781, 0.000135971029522, 0.00011052544869, 8.73956159921e-05, 0.00019782189338, 0.00059551052982, 0.000540161971003, 0.000401931931265, 0.00023867249547, 0.000363916333299, 0.00101785664447, 0.000616144679952, 0.000399441807531, 0.000309906463372, 0.000261379143922, 0.000378429656848, 0.000598514452577]
        var: [0.0428151190281, 0.0253383852541, 0.0207582954317, 0.0439710952342, 0.0736798420548, 0.0399914570153, 0.0256022661924, 0.019006498158, 0.0445457808673, 0.0972167104483, 0.0667377337813, 0.0682485699654, 0.0589029863477, 0.0298746153712, 0.0128544699401, 0.0216460265219, 0.0289697926491, 0.0516074821353, 0.145151928067, 0.0902560204268, 0.0256929975003, 0.0131184300408, 0.0150430705398, 0.0246169269085, 0.0536141246557, 0.0591038614511, 0.0549988374114, 0.0178268048912, 0.00718573620543, 0.0217573605478, 0.0816217064857, 0.0807378739119, 0.0395419038832, 0.0596662424505, 0.0423046797514, 0.0218384657055]
    chords_histogram: [27.1889400482, 45.6221199036, 3.22580647469, 0, 0, 0, 15.2073736191, 0, 8.29493045807, 0, 0, 0, 0, 0, 0, 0, 0, 0, 0, 0, 0, 0, 0, 0.460829496384]
    thpcp: [1, 0.723083138466, 0.218847960234, 0.112501353025, 0.125553235412, 0.254206568003, 0.41710370779, 0.438543319702, 0.338506013155, 0.175837293267, 0.097333483398, 0.241451397538, 0.53363764286, 0.540867090225, 0.390963226557, 0.409270256758, 0.320370078087, 0.263284444809, 0.310545325279, 0.257022857666, 0.250199496746, 0.43645888567, 0.524613499641, 0.358537763357, 0.214884340763, 0.212952286005, 0.386622786522, 0.59730476141, 0.552106320858, 0.472538352013, 0.397293329239, 0.225253343582, 0.158372536302, 0.206040859222, 0.253542870283, 0.5653424263]
    chords_key: "C"
    chords_scale: "minor"
    key_key: "G#"
    key_scale: "major"
    chords_progression: ["F", "F", "F", "F", "F", "F", "F", "F", "F", "F", "F", "F", "F", "F", "F", "F", "F", "F", "F", "F", "F", "F", "F", "F", "F", "F", "F", "F", "F", "G#", "G#", "G#", "G#", "G#", "G#", "G#", "G#", "Cm", "G#", "G#", "Cm", "Cm", "Cm", "Cm", "Cm", "Cm", "Cm", "Cm", "Cm", "Cm", "Cm", "Cm", "Cm", "D#", "Cm", "Cm", "Cm", "D#", "D#", "D#", "D#", "D#", "D#", "Cm", "G#", "G#", "G#", "Cm", "Cm", "Cm", "Cm", "Cm", "Cm", "Cm", "Cm", "Cm", "G#", "G#", "G#", "G#", "G#", "G#", "G#", "G#", "G#", "G#", "G#", "G#", "G#", "G#", "G#", "G#", "G#", "G#", "G#", "G#", "G#", "G#", "G#", "G#", "G#", "G#", "G#", "Cm", "Cm", "Cm", "Cm", "Cm", "Cm", "Cm", "Cm", "Cm", "Cm", "Cm", "Cm", "Cm", "Cm", "Cm", "Cm", "Cm", "Cm", "Cm", "Cm", "Cm", "Cm", "Cm", "Cm", "Cm", "Cm", "Cm", "Cm", "Cm", "Cm", "Cm", "Cm", "Cm", "Cm", "Cm", "Cm", "Cm", "Cm", "Cm", "Cm", "Cm", "Cm", "Cm", "Cm", "Cm", "G#", "G#", "G#", "G#", "G#", "G#", "G#", "G#", "G#", "G#", "G#", "G#", "Cm", "Cm", "G#", "G#", "G#", "G#", "G#", "G#", "G#", "Cm", "Cm", "Cm", "Cm", "Cm", "Cm", "Cm", "Cm", "Cm", "Cm", "Cm", "Cm", "Cm", "Cm", "Cm", "Cm", "Cm", "Cm", "Cm", "Cm", "Cm", "Cm", "Cm", "Cm", "Cm", "C", "C", "C", "C", "C", "C", "C", "C", "Fm", "C", "C", "C", "C", "C", "C", "C", "C", "C", "C", "F", "F", "F", "F"]
