
metadata:
    version:
        essentia: "1.2.2"
    audio_properties:
        analysis_sample_rate: 44100
        bitrate: 128
        channels: 2
        equal_loudness: 1
        length: 9.97877597809
        replay_gain: 0.265031814575
        downmix: "mix"
    tags:
        track: 6
        year: 0
        album: "Splitted by Mp3Splt v. 2.1"
        artist: "From 000.50 To 001.00"
        comment: "http://mp3splt.sf.net"
        genre: ""
        title: "04 Korben Dallas.mp3"

highlevel:
    ballroom:
        all:
            ChaChaCha: 0.115003235638
            Jive: 0.0278356596828
            Quickstep: 0.00573030859232
            Rumba-American: 0.00119877338875
            Rumba-International: 0.0433212220669
            Rumba-Misc: 0.00289212772623
            Samba: 0.800815820694
            Tango: 0.0012519370066
            VienneseWaltz: 0.00106684130151
            Waltz: 0.000884076405782
        probability: 0.800815820694
        value: "Samba"
    culture:
        all:
            non_western: 0.251334547997
            western: 0.748665452003
        probability: 0.748665452003
        value: "western"
    gender:
        all:
            female: 0.772396206856
            male: 0.227603793144
        probability: 0.772396206856
        value: "female"
    genre_dortmund:
        all:
            alternative: 0.00435285968706
            blues: 0.0180791355669
            electronic: 0.305712133646
            folkcountry: 0.000989104504697
            funksoulrnb: 0.0176754780114
            jazz: 0.0500567220151
            pop: 0.00461539300159
            raphiphop: 0.510841727257
            rock: 0.0876774713397
        probability: 0.510841727257
        value: "raphiphop"
    genre_electronica:
        all:
            ambient: 0.0344777703285
            dnb: 0.418214529753
            house: 0.0362296290696
            techno: 0.507216393948
            trance: 0.00386167713441
        probability: 0.507216393948
        value: "techno"
    genre_rosamerica:
        all:
            cla: 0.00105659698602
            dan: 0.00286741764285
            hip: 0.980432450771
            jaz: 0.000677314470522
            pop: 0.00129646877758
            rhy: 0.0020829772111
            roc: 0.0101345488802
            spe: 0.00145223480649
        probability: 0.980432450771
        value: "hip"
    genre_tzanetakis:
        all:
            blu: 0.000337756791851
            cla: 0.000889298971742
            cou: 0.000215135965846
            dis: 0.0148849636316
            hip: 0.878184497356
            jaz: 0.000362798775313
            met: 0.00486893113703
            pop: 0.020543826744
            reg: 0.0782865434885
            roc: 0.00142626708839
        probability: 0.878184497356
        value: "hip"
    live_studio:
        all:
            live: 0.060061275959
            studio: 0.939938724041
        probability: 0.939938724041
        value: "studio"
    mood:
        all:
            Cluster1: 0.0682281330228
            Cluster2: 0.00931228138506
            Cluster3: 0.00192226527724
            Cluster4: 0.0077311899513
            Cluster5: 0.912806153297
        probability: 0.912806153297
        value: "Cluster5"
    mood_acoustic:
        all:
            acoustic: 0.00916436128318
            not_acoustic: 0.990835666656
        probability: 0.990835666656
        value: "not_acoustic"
    mood_aggressive:
        all:
            aggressive: 0.962831139565
            not_aggressive: 0.0371688529849
        probability: 0.962831139565
        value: "aggressive"
    mood_electronic:
        all:
            electronic: 0.962546050549
            not_electronic: 0.0374539606273
        probability: 0.962546050549
        value: "electronic"
    mood_happy:
        all:
            happy: 0.0835072994232
            not_happy: 0.916492700577
        probability: 0.916492700577
        value: "not_happy"
    mood_party:
        all:
            not_party: 0.0489129200578
            party: 0.95108705759
        probability: 0.95108705759
        value: "party"
    mood_relaxed:
        all:
            not_relaxed: 0.855985283852
            relaxed: 0.144014716148
        probability: 0.855985283852
        value: "not_relaxed"
    mood_sad:
        all:
            not_sad: 0.994789242744
            sad: 0.00521075818688
        probability: 0.994789242744
        value: "not_sad"
    rhythm:
        all:
            fast: 0.0486176982522
            medium: 0.823629677296
            slow: 0.127752646804
        probability: 0.823629677296
        value: "medium"
    speech_music:
        all:
            music: 0.999745309353
            speech: 0.000254708837019
        probability: 0.999745309353
        value: "music"
    timbre:
        all:
            bright: 0.000502218317706
            dark: 0.999497771263
        probability: 0.999497771263
        value: "dark"
    voice_instrumental:
        all:
            instrumental: 0.772439777851
            voice: 0.227560207248
        probability: 0.772439777851
        value: "instrumental"

lowlevel:
    average_loudness: 0.976845562458
    barkbands_kurtosis:
        dmean: 6.81121206284
        dmean2: 11.4934577942
        dvar: 185.303161621
        dvar2: 518.387084961
        max: 129.830841064
        mean: 7.40092468262
        min: -1.87683665752
        var: 282.289886475
    barkbands_skewness:
        dmean: 0.997981309891
        dmean2: 1.59770572186
        dvar: 1.27145576477
        dvar2: 3.04420423508
        max: 9.01922416687
        mean: 1.42539167404
        min: -2.85214829445
        var: 4.9153752327
    barkbands_spread:
        dmean: 10.2688627243
        dmean2: 17.3568305969
        dvar: 90.315826416
        dvar2: 217.276062012
        max: 65.8460540771
        mean: 27.4025154114
        min: 0.712886452675
        var: 264.807189941
    dissonance:
        dmean: 0.014975332655
        dmean2: 0.0242532659322
        dvar: 0.00033697168692
        dvar2: 0.000716048001777
        max: 0.499610632658
        mean: 0.471563190222
        min: 0.149484530091
        var: 0.0016658360837
    hfc:
        dmean: 2.81187129021
        dmean2: 4.17976236343
        dvar: 64.2314224243
        dvar2: 151.862701416
        max: 84.5910491943
        mean: 4.40149831772
        min: 0.0152504695579
        var: 87.5081253052
    pitch:
        dmean: 1055.734375
        dmean2: 2036.57214355
        dvar: 2227530.5
        dvar2: 5210383.5
        max: 4410
        mean: 2040.79626465
        min: 44.1883773804
        var: 3067179.25
    pitch_instantaneous_confidence:
        dmean: 0.0856973081827
        dmean2: 0.139747515321
        dvar: 0.00550843030214
        dvar2: 0.0130753228441
        max: 0.933866202831
        mean: 0.367317706347
        min: 0.151677906513
        var: 0.0197354499251
    pitch_salience:
        dmean: 0.0847364887595
        dmean2: 0.145009830594
        dvar: 0.00570454681292
        dvar2: 0.0145288128406
        max: 0.81574267149
        mean: 0.585296392441
        min: 0.223619550467
        var: 0.0183044038713
    silence_rate_20dB:
        dmean: 0
        dmean2: 0
        dvar: 0
        dvar2: 0
        max: 1
        mean: 1
        min: 1
        var: 0
    silence_rate_30dB:
        dmean: 0
        dmean2: 0
        dvar: 0
        dvar2: 0
        max: 1
        mean: 1
        min: 1
        var: 0
    silence_rate_60dB:
        dmean: 0.149184152484
        dmean2: 0.299065411091
        dvar: 0.126928150654
        dvar2: 0.24700820446
        max: 1
        mean: 0.746511638165
        min: 0
        var: 0.189231485128
    spectral_centroid:
        dmean: 322.975982666
        dmean2: 512.09777832
        dvar: 137766.015625
        dvar2: 255645.5625
        max: 3756.96435547
        mean: 1190.38391113
        min: 95.2519073486
        var: 907682.375
    spectral_complexity:
        dmean: 3.24355983734
        dmean2: 4.73004674911
        dvar: 35.9218978882
        dvar2: 56.6571731567
        max: 54
        mean: 7.46962594986
        min: 0
        var: 123.090187073
    spectral_crest:
        dmean: 2.77837753296
        dmean2: 4.78195047379
        dvar: 6.08490943909
        dvar2: 16.4448509216
        max: 22.7883968353
        mean: 9.3678817749
        min: 2.80450558662
        var: 18.6257534027
    spectral_decrease:
        dmean: 3.92123306048e-10
        dmean2: 5.82985992814e-10
        dvar: 3.63815772741e-19
        dvar2: 8.21243006719e-19
        max: -7.53246683777e-12
        mean: -6.38739616754e-10
        min: -6.02059335719e-09
        var: 5.53669517302e-19
    spectral_energy:
        dmean: 0.00171822775155
        dmean2: 0.00254232692532
        dvar: 8.59630563355e-06
        dvar2: 1.95487173187e-05
        max: 0.0301205236465
        mean: 0.00280998111703
        min: 2.9812563298e-05
        var: 1.26996992549e-05
    spectral_energyband_high:
        dmean: 0.000222935414058
        dmean2: 0.000333633477567
        dvar: 5.38694564511e-07
        dvar2: 1.34670199259e-06
        max: 0.00795463379472
        mean: 0.000320510822348
        min: 9.51548457806e-08
        var: 6.341267067e-07
    spectral_energyband_low:
        dmean: 0.000597234989982
        dmean2: 0.000984075828455
        dvar: 7.98251846845e-07
        dvar2: 2.03293893719e-06
        max: 0.0114829456434
        mean: 0.000802686030511
        min: 4.90883451221e-07
        var: 1.15534146516e-06
    spectral_energyband_middle_high:
        dmean: 0.000675268121995
        dmean2: 0.00102024583612
        dvar: 3.74848991669e-06
        dvar2: 8.59508509166e-06
        max: 0.0203195475042
        mean: 0.00103763781954
        min: 4.88539399157e-07
        var: 5.20775574842e-06
    spectral_energyband_middle_low:
        dmean: 0.00046753193601
        dmean2: 0.000710683176294
        dvar: 5.11599921538e-07
        dvar2: 1.22181950246e-06
        max: 0.00616907607764
        mean: 0.000648434448522
        min: 8.53314759297e-06
        var: 6.6542378363e-07
    spectral_flatness_db:
        dmean: 0.0327410176396
        dmean2: 0.0539456121624
        dvar: 0.00138086359948
        dvar2: 0.00317984214053
        max: 0.451203465462
        mean: 0.187901303172
        min: 0.0809806585312
        var: 0.00448865909129
    spectral_flux:
        dmean: 0.0108955753967
        dmean2: 0.0163109879941
        dvar: 0.00018908608763
        dvar2: 0.000336930708727
        max: 0.145125865936
        mean: 0.0333253927529
        min: 0.00552567467093
        var: 0.00043936498696
    spectral_kurtosis:
        dmean: 2.22321653366
        dmean2: 3.6206305027
        dvar: 17.4861316681
        dvar2: 43.6285438538
        max: 68.8728179932
        mean: 4.67535066605
        min: -0.392664432526
        var: 54.4579200745
    spectral_rms:
        dmean: 0.000453415967058
        dmean2: 0.000632940267678
        dvar: 2.71915752137e-07
        dvar2: 5.56519466954e-07
        max: 0.0054208743386
        mean: 0.00145073607564
        min: 0.000170544502907
        var: 6.36808749732e-07
    spectral_rolloff:
        dmean: 607.770324707
        dmean2: 1070.64465332
        dvar: 885428
        dvar2: 1982908.875
        max: 4866.50390625
        mean: 2156.23828125
        min: 86.1328125
        var: 2980051.5
    spectral_skewness:
        dmean: 0.329807788134
        dmean2: 0.515039980412
        dvar: 0.1511169523
        dvar2: 0.344037801027
        max: 6.81203269958
        mean: 1.44497621059
        min: 0.170537933707
        var: 0.679736316204
    spectral_spread:
        dmean: 792989.25
        dmean2: 1174573.5
        dvar: 1.4175797248e+12
        dvar2: 2.93473353728e+12
        max: 19052682
        mean: 4446187
        min: 985304.0625
        var: 1.91313818419e+12
    spectral_strongpeak:
        dmean: 0.294054985046
        dmean2: 0.521767556667
        dvar: 0.403890997171
        dvar2: 1.11849033833
        max: 4.95107984543
        mean: 0.287422269583
        min: 0.00495786685497
        var: 0.359644621611
    zerocrossingrate:
        dmean: 0.0115300696343
        dmean2: 0.013345208019
        dvar: 0.000118947551528
        dvar2: 0.000112623274617
        max: 0.1806640625
        mean: 0.0734452605247
        min: 0.00537109375
        var: 0.00191742298193
    barkbands:
        dmean: [7.05434149495e-06, 0.000304986228002, 0.000365555431927, 0.000210555081139, 0.000145455938764, 0.000109739157779, 3.16077384923e-05, 4.09067142755e-05, 6.22264124104e-05, 3.91937173845e-05, 3.75790586986e-05, 3.70985690097e-05, 4.4977725338e-05, 5.1257899031e-05, 5.70714837522e-05, 0.00010444803047, 0.000104974446003, 0.000121127188322, 0.000167641395819, 0.000201608068892, 7.25631398382e-05, 1.93292562471e-05, 3.02170860778e-06, 1.15940099477e-06, 7.28107352188e-07, 2.14331556947e-08, 1.79569678571e-10]
        dmean2: [1.2445876564e-05, 0.00050754455151, 0.000612897099927, 0.000360771722626, 0.000238530250499, 0.00018553591508, 5.42807720194e-05, 6.58394710626e-05, 0.000103191501694, 6.34027965134e-05, 6.36898475932e-05, 6.06157409493e-05, 7.31994368834e-05, 7.53482381697e-05, 9.42538463278e-05, 0.000175700406544, 0.00018729781732, 0.000193130297703, 0.000268469331786, 0.000330219190801, 0.000101191326394, 3.18509773933e-05, 4.69150927529e-06, 1.67631856129e-06, 1.01256682683e-06, 3.2604660305e-08, 2.95222124524e-10]
        dvar: [1.13173408145e-10, 1.85688620036e-07, 3.90200767697e-07, 1.23475729197e-07, 5.03978370148e-08, 8.61630056193e-08, 5.23645482531e-09, 9.56933376983e-09, 4.49008616954e-08, 8.50871462177e-09, 1.06612727535e-08, 1.10165014888e-08, 1.29201715993e-08, 2.57439900508e-08, 4.17199750302e-08, 1.70014786249e-07, 1.37607088391e-07, 1.04967426751e-07, 1.69204440681e-07, 4.70660637575e-07, 3.4759569445e-08, 3.14746606556e-09, 5.27352363167e-11, 8.91881533904e-12, 3.41895760834e-12, 4.4234461844e-15, 3.73470960893e-19]
        dvar2: [3.18501780505e-10, 4.6505013529e-07, 1.0799502661e-06, 3.35006177465e-07, 1.30650946062e-07, 2.13959452822e-07, 1.43061527069e-08, 2.44210660583e-08, 8.08758926496e-08, 1.9598260792e-08, 2.70463953456e-08, 2.58292818245e-08, 2.66146908956e-08, 5.19068059646e-08, 1.11082087528e-07, 4.57348647842e-07, 3.88373223359e-07, 2.46561114636e-07, 3.93845340341e-07, 1.24958569359e-06, 5.72905172191e-08, 7.70958763496e-09, 1.1589493254e-10, 1.72404920201e-11, 5.56762882326e-12, 9.12882897936e-15, 5.16952003887e-19]
        max: [8.98987418623e-05, 0.00407754722983, 0.00742940278724, 0.00323957600631, 0.00168931740336, 0.00227226107381, 0.000552486570086, 0.000919565092772, 0.00363753689453, 0.000797888205852, 0.000926452805288, 0.00112922361586, 0.00154491886497, 0.00188490946312, 0.00213670590892, 0.00553588243201, 0.00395428342745, 0.00269393436611, 0.00441232230514, 0.00770292570814, 0.00192499510013, 0.000613332609646, 7.9806886788e-05, 2.8078291507e-05, 1.86434372154e-05, 6.69239796025e-07, 1.12536735486e-08]
        mean: [7.93669823906e-06, 0.000418879964855, 0.000376581941964, 0.000213834035094, 0.000172520391061, 0.000101247613202, 3.24340617226e-05, 4.24887293775e-05, 7.55532892072e-05, 4.58974209323e-05, 4.54334222013e-05, 4.29308529419e-05, 6.49333669571e-05, 6.43084931653e-05, 6.40170765109e-05, 9.94101719698e-05, 0.000113447938929, 0.000161754709552, 0.000236763517023, 0.000263517838903, 0.000127235980472, 3.20318758895e-05, 4.30970612797e-06, 1.48904121033e-06, 1.00286717952e-06, 2.08130686019e-08, 1.67366467907e-10]
        min: [9.37108501908e-10, 1.01283305298e-07, 1.26156347591e-08, 6.98576172908e-07, 1.60640831837e-06, 1.48566471125e-07, 5.07780768544e-08, 1.91135320904e-08, 1.25541923524e-08, 8.27238544332e-09, 1.36908093751e-08, 1.17210694484e-08, 4.46335635118e-09, 1.69658651572e-08, 1.45981919886e-08, 2.35445121177e-08, 2.60255319517e-08, 9.16575260135e-08, 1.43471467595e-07, 9.14668660812e-08, 4.35684519573e-08, 5.90775606213e-09, 9.77721903439e-10, 5.16681419871e-10, 4.151795574e-10, 7.71356719817e-13, 8.19428617842e-14]
        var: [1.3370281271e-10, 3.14237581733e-07, 3.78841860993e-07, 1.10664636566e-07, 5.21975884737e-08, 7.40706909141e-08, 5.17727860583e-09, 9.2964853593e-09, 8.63244835614e-08, 9.77741088093e-09, 1.27374679693e-08, 1.38130191729e-08, 2.459215942e-08, 3.76502917732e-08, 3.68380419502e-08, 1.27014203599e-07, 9.97979512363e-08, 1.27068943812e-07, 2.47485786531e-07, 4.44914093123e-07, 8.74110668292e-08, 5.33918598222e-09, 8.15098405438e-11, 1.37593591035e-11, 6.52399618703e-12, 5.12068770768e-15, 3.90573928184e-19]
    mfcc:
        mean: [-795.650939941, 116.70211792, -31.9169826508, 78.1921920776, -3.5556602478, 9.5326757431, 12.7206659317, 1.04885303974, 3.25797700882, -0.924586832523, -1.60367977619, -4.18479728699, -4.00864315033]
        cov: [[9258.58398438, -2203.07104492, -1588.66552734, -1146.85546875, -823.612365723, -214.39364624, -338.914154053, -296.20489502, -100.009681702, -50.579334259, 26.4303207397, -18.203546524, 50.9302101135], [-2203.07104492, 1195.57397461, 479.444549561, 273.994598389, 135.635299683, 61.7474746704, 166.584838867, 134.021865845, 106.335121155, 37.7435264587, 31.9676475525, 8.21827411652, -32.6302909851], [-1588.66552734, 479.444549561, 764.390441895, 328.870880127, 331.052734375, 62.9995880127, 103.423538208, 98.7530899048, 43.0493736267, 45.8404655457, -2.54584217072, 6.32308769226, -8.96872234344], [-1146.85546875, 273.994598389, 328.870880127, 538.326660156, 269.204193115, 119.652626038, 33.1300468445, 45.36460495, 24.5947647095, 5.06806325912, -16.2884979248, 3.12630820274, 23.4329357147], [-823.612365723, 135.635299683, 331.052734375, 269.204193115, 410.186279297, 87.6980514526, 65.9916915894, 20.5977573395, -28.2866611481, 24.9660701752, -33.4484863281, 21.1485443115, 12.916475296], [-214.39364624, 61.7474746704, 62.9995880127, 119.652626038, 87.6980514526, 180.733718872, 87.9365158081, 32.6113891602, 4.84195280075, 26.5941162109, 28.5780677795, 26.5916404724, 30.9383068085], [-338.914154053, 166.584838867, 103.423538208, 33.1300468445, 65.9916915894, 87.9365158081, 136.105361938, 70.6624679565, 38.0170516968, 26.6265964508, 31.6138362885, 17.8107872009, 4.97254705429], [-296.20489502, 134.021865845, 98.7530899048, 45.36460495, 20.5977573395, 32.6113891602, 70.6624679565, 118.478569031, 62.0661277771, 34.3432807922, 20.274641037, 6.40057516098, -4.04760837555], [-100.009681702, 106.335121155, 43.0493736267, 24.5947647095, -28.2866611481, 4.84195280075, 38.0170516968, 62.0661277771, 94.4640579224, 20.3327713013, 28.2617511749, 3.0219783783, -2.19221711159], [-50.579334259, 37.7435264587, 45.8404655457, 5.06806325912, 24.9660701752, 26.5941162109, 26.6265964508, 34.3432807922, 20.3327713013, 81.8533172607, 19.0036048889, 7.08290958405, 0.408836513758], [26.4303207397, 31.9676475525, -2.54584217072, -16.2884979248, -33.4484863281, 28.5780677795, 31.6138362885, 20.274641037, 28.2617511749, 19.0036048889, 65.4273757935, 28.1870193481, 17.0946502686], [-18.203546524, 8.21827411652, 6.32308769226, 3.12630820274, 21.1485443115, 26.5916404724, 17.8107872009, 6.40057516098, 3.0219783783, 7.08290958405, 28.1870193481, 51.3277359009, 31.7314872742], [50.9302101135, -32.6302909851, -8.96872234344, 23.4329357147, 12.916475296, 30.9383068085, 4.97254705429, -4.04760837555, -2.19221711159, 0.408836513758, 17.0946502686, 31.7314872742, 51.7962913513]]
        icov: [[0.000266301765805, 0.000351970549673, 0.000183300027857, 0.000267201510724, 7.12599721737e-05, -0.000121198638226, 9.19882004382e-05, 0.000210510886973, -0.000383831706131, -0.000122913639643, -4.12666413467e-05, 0.000127431339934, -0.000146741906065], [0.000351970549673, 0.00194664194714, -0.000463511212729, -0.000428606785135, 0.000847127637826, 0.000501299276948, -0.00176367338281, 0.000589827133808, -0.000903632724658, -0.000242019625148, 0.00022213345801, -0.000923040148336, 0.00115444918629], [0.000183300027857, -0.000463511212729, 0.00307806232013, -0.000405323575251, -0.00193574978039, 0.000815285020508, -6.96698552929e-05, -0.000926451350097, -0.000192757855984, -0.000429068139056, -0.00105552375317, 0.0010136780329, -0.000103262354969], [0.000267201510724, -0.000428606785135, -0.000405323575251, 0.00492733251303, -0.0025018658489, -0.00360151543282, 0.00452072126791, -0.00104834290687, -0.00243160850368, 0.0016223792918, -0.000317329366226, 0.00293987174518, -0.00238491524942], [7.12599721737e-05, 0.000847127637826, -0.00193574978039, -0.0025018658489, 0.00690957158804, 0.000412387744291, -0.00412798905745, 0.00177577207796, 0.00231886212714, -0.00207609450445, 0.00507631339133, -0.00504506705329, 0.0013558473438], [-0.000121198638226, 0.000501299276948, 0.000815285020508, -0.00360151543282, 0.000412387744291, 0.0128218522295, -0.00956705398858, 0.00102104875259, 0.00356206367724, -0.00255502597429, -0.00191150151659, -0.00017697995645, -0.00364747201093], [9.19882004382e-05, -0.00176367338281, -6.96698552929e-05, 0.00452072126791, -0.00412798905745, -0.00956705398858, 0.0220107473433, -0.00784907117486, -0.00266525265761, 0.00277118058875, -0.00492284074426, 0.00182583602145, 0.0011301439954], [0.000210510886973, 0.000589827133808, -0.000926451350097, -0.00104834290687, 0.00177577207796, 0.00102104875259, -0.00784907117486, 0.0188537053764, -0.00842767488211, -0.00423442898318, 0.00323578878306, -0.00255590700544, 0.00182718760334], [-0.000383831706131, -0.000903632724658, -0.000192757855984, -0.00243160850368, 0.00231886212714, 0.00356206367724, -0.00266525265761, -0.00842767488211, 0.0209503527731, -0.00101422879379, -0.00588939664885, 0.00180632434785, -0.000501939794049], [-0.000122913639643, -0.000242019625148, -0.000429068139056, 0.0016223792918, -0.00207609450445, -0.00255502597429, 0.00277118058875, -0.00423442898318, -0.00101422879379, 0.015896692872, -0.00445562368259, 0.00133175915107, 0.00109329225961], [-4.12666413467e-05, 0.00022213345801, -0.00105552375317, -0.000317329366226, 0.00507631339133, -0.00191150151659, -0.00492284074426, 0.00323578878306, -0.00588939664885, -0.00445562368259, 0.030352152884, -0.0153521914035, -8.36883191369e-05], [0.000127431339934, -0.000923040148336, 0.0010136780329, 0.00293987174518, -0.00504506705329, -0.00017697995645, 0.00182583602145, -0.00255590700544, 0.00180632434785, 0.00133175915107, -0.0153521914035, 0.0430315136909, -0.022101778537], [-0.000146741906065, 0.00115444918629, -0.000103262354969, -0.00238491524942, 0.0013558473438, -0.00364747201093, 0.0011301439954, 0.00182718760334, -0.000501939794049, 0.00109329225961, -8.36883191369e-05, -0.022101778537, 0.0366516299546]]
    spectral_contrast:
        mean: [-1.21089342997e-07, 2.62693902187e-07, 1.93950100424e-07, -3.71684734546e-07, 3.81356471735e-07, -3.33396087626e-07, 2.35499283008e-06, -2.66591518994e-06, -6.5147321493e-07, 7.75695980337e-07, -2.72886222774e-06, -2.45660271503e-06]
        var: [0.000353511539288, 0.000757119618356, 0.00211115716957, 0.00246535707265, 0.00458248285577, 0.00496692908928, 0.0442879386246, 0.127211332321, 0.168699622154, 0.305741280317, 0.533755064011, 4.81912994385]

rhythm:
    beats_loudness:
        dmean: 0.00768237560987
        dmean2: 0.015443325974
        dvar: 1.72692070919e-05
        dvar2: 5.43931491848e-05
        max: 0.0154835414141
        mean: 0.00717606116086
        min: 0.00142081070226
        var: 2.32651873375e-05
    beats_loudness_bass:
        dmean: 0.513298094273
        dmean2: 1.00293064117
        dvar: 0.022389318794
        dvar2: 0.0485679544508
        max: 0.955844402313
        mean: 0.349838495255
        min: 0.00429680990055
        var: 0.0870441496372
    bpm: 99.3411712646
    bpm_confidence: 0
    first_peak_bpm: 99
    first_peak_spread: 0
    first_peak_weight: 0.933333337307
    onset_rate: 4.00850772858
    second_peak_bpm: 93
    second_peak_spread: 0
    second_peak_weight: 0.0666666701436
    beats_position: [0.44303932786, 1.04693377018, 1.65082836151, 2.25472283363, 2.85861754417, 3.4625120163, 4.06640672684, 4.67030096054, 5.27419567108, 5.87809038162, 6.52548122406, 7.12956190109, 7.7336435318, 8.33772373199, 8.94180583954, 9.54588603973]
    bpm_estimates: [99.4719772339, 99.3332138062, 99.4101638794, 99.3849182129, 99.4973526001, 99.301109314, 99.1973190308, 99.1206283569, 99.3899688721, 99.4817810059, 99.3192214966, 99.6026687622, 99.177444458, 99.2457809448, 100.036254883, 99.3025131226, 98.6477661133, 99.0565567017, 99.5665054321, 99.4706497192, 99.1508102417]
    bpm_intervals: [0.603894472122, 0.603894591331, 0.603894472122, 0.603894710541, 0.603894472122, 0.603894710541, 0.603894233704, 0.603894710541, 0.603894710541, 0.647390842438, 0.604080677032, 0.604081630707, 0.604080200195, 0.604082107544, 0.604080200195]
    onset_times: [0.127709746361, 0.301859408617, 0.429569154978, 0.766258478165, 1.04489791393, 1.20743763447, 1.33514738083, 1.64861679077, 1.97369611263, 2.2523355484, 2.54258513451, 2.71673464775, 2.85605430603, 3.32045340538, 3.48299312592, 3.63392281532, 3.76163268089, 3.93578219414, 4.07510185242, 4.67882108688, 4.99229001999, 5.28253984451, 5.630838871, 5.9094786644, 6.19972801208, 6.5015873909, 6.82666683197, 7.10530614853, 7.27945566177, 7.4303855896, 7.58131504059, 7.70902490616, 8.18503379822, 8.34757328033, 8.48689365387, 8.62621307373, 8.78875255585, 8.92807292938, 9.53179168701, 9.84526062012]
    rubato_start: []
    rubato_stop: []
    perceptual_tempo: "unknown"

sfx:
    inharmonicity:
        dmean: 0.0505302920938
        dmean2: 0.0914696082473
        dvar: 0.00299738440663
        dvar2: 0.00841335114092
        max: 0.29953417182
        mean: 0.0524160563946
        min: 5.18456226928e-06
        var: 0.00347309280187
    oddtoevenharmonicenergyratio:
        dmean: 10.7918729782
        dmean2: 21.2045173645
        dvar: 3138.171875
        dvar2: 9444.52832031
        max: 451.026580811
        mean: 5.86118793488
        min: 1.62707765412e-05
        var: 1630.50219727
    pitch_after_max_to_before_max_energy_ratio: 62.4927444458
    pitch_centroid: 222.271072388
    pitch_max_to_total: 0.00700934557244
    pitch_min_to_total: 0.504672884941
    tristimulus:
        dmean: [0.255432099104, 0.282810002565, 0.154032245278]
        dmean2: [0.454988718033, 0.507821440697, 0.275573015213]
        dvar: [0.0593582317233, 0.0529671572149, 0.0230386164039]
        dvar2: [0.156860589981, 0.143634214997, 0.0635877922177]
        max: [0.99041301012, 0.964477598667, 0.67978811264]
        mean: [0.418267756701, 0.386276364326, 0.143874451518]
        min: [0.0216225385666, 0, 0]
        var: [0.0941940844059, 0.0785807967186, 0.0274013131857]

tonal:
    chords_changes_rate: 0.162790700793
    chords_number_rate: 0.037209302187
    chords_strength:
        dmean: 0.0176674649119
        dmean2: 0.0228469222784
        dvar: 0.000195457978407
        dvar2: 0.000363881030353
        max: 0.650024950504
        mean: 0.420401245356
        min: 0.278895169497
        var: 0.0079539436847
    key_strength: 0.616042912006
    tuning_diatonic_strength: 0.595500528812
    tuning_equal_tempered_deviation: 0.250957638025
    tuning_frequency: 451.326080322
    tuning_nontempered_energy_ratio: 0.908018529415
    hpcp:
        dmean: [0.206188589334, 0.232052266598, 0.27667593956, 0.281289190054, 0.260141521692, 0.235275790095, 0.236841902137, 0.208964273334, 0.172293052077, 0.162175506353, 0.174138844013, 0.188646897674, 0.213197693229, 0.213928282261, 0.190540373325, 0.189432427287, 0.188639223576, 0.191544830799, 0.140297949314, 0.151133149862, 0.17817248404, 0.257005304098, 0.331422418356, 0.288984745741, 0.229591816664, 0.220932081342, 0.200398936868, 0.197493702173, 0.193546101451, 0.133278772235, 0.108244709671, 0.126088932157, 0.141063541174, 0.169486969709, 0.187740489841, 0.193757638335]
        dmean2: [0.369773089886, 0.413879513741, 0.4905782938, 0.506061255932, 0.451321512461, 0.404870450497, 0.413308411837, 0.360157430172, 0.30594560504, 0.286739170551, 0.297393769026, 0.32124081254, 0.377241969109, 0.385121405125, 0.343683093786, 0.334791332483, 0.318692207336, 0.345950573683, 0.237644702196, 0.263034671545, 0.312415897846, 0.457671940327, 0.596095621586, 0.518024802208, 0.393513560295, 0.395544499159, 0.348153293133, 0.343324661255, 0.352794378996, 0.242915868759, 0.184119462967, 0.219169974327, 0.231208860874, 0.286626726389, 0.324832499027, 0.342439711094]
        dvar: [0.0524055249989, 0.054111905396, 0.0713265687227, 0.0682353973389, 0.0615158751607, 0.0616249665618, 0.0643051490188, 0.0642359778285, 0.0467632636428, 0.046520140022, 0.0535606816411, 0.0441236980259, 0.0593424215913, 0.0473291948438, 0.0495390817523, 0.0451937243342, 0.0488761402667, 0.065211750567, 0.028800316155, 0.0417677871883, 0.0454903841019, 0.0608522407711, 0.100510239601, 0.075845502317, 0.0621256455779, 0.0565266236663, 0.0476306714118, 0.0522591806948, 0.0606509447098, 0.029733357951, 0.0269984677434, 0.0352346748114, 0.0346551351249, 0.0384347811341, 0.0468932501972, 0.0407816506922]
        dvar2: [0.141967400908, 0.146907433867, 0.179264873266, 0.183290094137, 0.164940387011, 0.152464255691, 0.157510638237, 0.152667462826, 0.109277419746, 0.110842399299, 0.140805825591, 0.110774934292, 0.165065482259, 0.137740969658, 0.139949902892, 0.111589834094, 0.124588280916, 0.182289019227, 0.0732269957662, 0.0938018262386, 0.118248783052, 0.16110688448, 0.277491539717, 0.217417865992, 0.177680596709, 0.155401527882, 0.121368005872, 0.127372488379, 0.173646107316, 0.0786555558443, 0.0687348768115, 0.0909510850906, 0.084582388401, 0.0915730521083, 0.113415934145, 0.0930963084102]
        max: [1, 1, 1, 1, 1, 1, 1, 1, 1, 1, 1, 1, 1, 1, 1, 1, 1, 1, 1, 1, 1, 1, 1, 1, 1, 1, 1, 1, 1, 0.820073127747, 1, 1, 0.979921281338, 1, 1, 1]
        mean: [0.252194315195, 0.260524690151, 0.302064806223, 0.310084462166, 0.297080874443, 0.294870316982, 0.302748173475, 0.283698171377, 0.242829486728, 0.223944529891, 0.217514485121, 0.233634740114, 0.250845462084, 0.224044859409, 0.192375898361, 0.193043157458, 0.216791749001, 0.20130777359, 0.163782760501, 0.177647382021, 0.201691105962, 0.273225903511, 0.358104646206, 0.338202118874, 0.26032319665, 0.226320162416, 0.246119245887, 0.255455434322, 0.211680099368, 0.152861595154, 0.139522239566, 0.162502735853, 0.184536457062, 0.216155290604, 0.255770206451, 0.268452197313]
        min: [0.0010388714727, 0.00089816225227, 0.00121537316591, 0.000886273162905, 0.000600701256189, 0.00144783454016, 0.000195565182366, 0.000118777177704, 0.000123224235722, 0.000228786375374, 0.000194836233277, 0.000575318292249, 0.00117261975538, 8.37135376059e-05, 7.5966505392e-05, 9.0588524472e-05, 0.000194291002117, 0.000762010517064, 0.000672676775139, 0.000174363944097, 0.000300137005979, 0.000224676245125, 0.000512750877533, 0.00114007038064, 0.000444851117209, 0.000720273412298, 0.0010173615301, 0.000599932682235, 0.000125880877022, 0.000159794653882, 0.00020697931177, 0.000216870350414, 0.000184603180969, 0.000456093141111, 0.000504360999912, 0.000445688754553]
        var: [0.0709169581532, 0.0736761242151, 0.0881690531969, 0.0767289027572, 0.0800352022052, 0.0877979025245, 0.104948937893, 0.1061315611, 0.0854438319802, 0.0776557177305, 0.0733752176166, 0.0723978728056, 0.0786115974188, 0.0590126924217, 0.0486839264631, 0.0532828532159, 0.0646941661835, 0.0612690187991, 0.0409440286458, 0.0584930889308, 0.063197337091, 0.0792558118701, 0.119464688003, 0.091040328145, 0.0738842710853, 0.0608119480312, 0.0740889310837, 0.0812105461955, 0.0639956444502, 0.034824911505, 0.038741055876, 0.051470104605, 0.0581297241151, 0.0704537183046, 0.092608101666, 0.0851409286261]
    chords_histogram: [28.3720932007, 0, 0.465116292238, 0, 0, 0, 3.25581383705, 9.76744174957, 0, 33.4883728027, 0, 0.930232584476, 0, 6.5116276741, 5.11627912521, 0, 6.04651165009, 0, 0, 0, 0, 0, 0, 6.04651165009]
    thpcp: [1, 0.944422602654, 0.726947247982, 0.631994485855, 0.687283039093, 0.713354170322, 0.591112434864, 0.426862925291, 0.389613032341, 0.453785598278, 0.515314340591, 0.603609263897, 0.714233160019, 0.749647319317, 0.704247534275, 0.727509915829, 0.843509852886, 0.86590462923, 0.829592347145, 0.823419392109, 0.845418155193, 0.792221426964, 0.678096413612, 0.625360608101, 0.607404828072, 0.652420282364, 0.700480878353, 0.625640749931, 0.537205815315, 0.539069116116, 0.605386614799, 0.562147915363, 0.457360059023, 0.496076732874, 0.563218355179, 0.762977838516]
    chords_key: "E"
    chords_scale: "major"
    key_key: "A"
    key_scale: "minor"
    chords_progression: ["A", "A", "A", "A", "A", "A", "A", "A", "A", "A", "A", "A", "A", "A", "A", "A", "Am", "Am", "A", "Am", "A", "A", "Am", "Am", "A", "A", "E", "E", "E", "E", "Am", "Am", "Am", "Am", "Am", "Am", "Am", "Am", "Am", "Am", "Am", "B", "B", "E", "E", "E", "E", "E", "E", "F#m", "E", "E", "E", "E", "E", "E", "E", "E", "E", "E", "E", "E", "E", "E", "F#m", "F#m", "F#m", "F#m", "F#m", "F#m", "Fm", "Fm", "Fm", "Fm", "Fm", "Fm", "Fm", "Fm", "Fm", "Fm", "Fm", "Fm", "Fm", "F#", "F#", "F#", "F#", "F#", "F#", "A#m", "A#m", "A#m", "A#m", "A#m", "A#m", "A#m", "A#m", "A#m", "A#m", "F#", "F#", "F#", "A#m", "Am", "Am", "Am", "Am", "Am", "Am", "F#", "F#", "F#", "F#", "F#", "Am", "Am", "Am", "Am", "Am", "Am", "Am", "Am", "E", "E", "Am", "E", "Am", "Am", "Am", "Am", "Am", "Am", "E", "E", "E", "E", "E", "E", "E", "E", "E", "Am", "E", "E", "E", "E", "E", "E", "E", "E", "E", "E", "E", "E", "E", "E", "E", "E", "E", "E", "E", "E", "E", "E", "E", "E", "Am", "Am", "Am", "Am", "Am", "Am", "Am", "Am", "Am", "Am", "Am", "Am", "Am", "Am", "Am", "Am", "Am", "E", "E", "E", "E", "E", "E", "E", "E", "E", "E", "Am", "Am", "Am", "Am", "Am", "Am", "F", "F", "F", "F", "F", "F", "F", "F", "F", "F", "F", "F", "Em", "E", "E", "F"]
