
metadata:
    version:
        essentia: "1.2.2"
    audio_properties:
        analysis_sample_rate: 44100
        bitrate: 128
        channels: 2
        equal_loudness: 1
        length: 10.0048980713
        replay_gain: -10.8778133392
        downmix: "mix"
    tags:
        track: 7
        year: 0
        album: "Splitted by Mp3Splt v. 2.1"
        artist: "From 001.00 To 001.10"
        comment: "http://mp3splt.sf.net"
        genre: ""
        title: "10 The One.mp3"

highlevel:
    ballroom:
        all:
            ChaChaCha: 0.0546860545874
            Jive: 0.214782118797
            Quickstep: 0.0125105855986
            Rumba-American: 0.00168463320006
            Rumba-International: 0.065585449338
            Rumba-Misc: 0.00895497854799
            Samba: 0.641103923321
            Tango: 9.41379839787e-05
            VienneseWaltz: 0.000357640732545
            Waltz: 0.000240467416006
        probability: 0.641103923321
        value: "Samba"
    culture:
        all:
            non_western: 0.191115424037
            western: 0.808884561062
        probability: 0.808884561062
        value: "western"
    gender:
        all:
            female: 0.0842578783631
            male: 0.915742099285
        probability: 0.915742099285
        value: "male"
    genre_dortmund:
        all:
            alternative: 0.0343254134059
            blues: 0.00859896000475
            electronic: 0.138188198209
            folkcountry: 0.0213260557503
            funksoulrnb: 0.0244527440518
            jazz: 0.16590115428
            pop: 0.0397741496563
            raphiphop: 0.30960804224
            rock: 0.257825255394
        probability: 0.30960804224
        value: "raphiphop"
    genre_electronica:
        all:
            ambient: 0.0165931154042
            dnb: 0.891809344292
            house: 0.0232373550534
            techno: 0.0508140996099
            trance: 0.0175461079925
        probability: 0.891809344292
        value: "dnb"
    genre_rosamerica:
        all:
            cla: 0.00295826653019
            dan: 0.519450306892
            hip: 0.241296768188
            jaz: 0.00815131980926
            pop: 0.0538760088384
            rhy: 0.125831827521
            roc: 0.0301952846348
            spe: 0.0182402469218
        probability: 0.519450306892
        value: "dan"
    genre_tzanetakis:
        all:
            blu: 0.000989970285445
            cla: 0.00103324011434
            cou: 0.00360250263475
            dis: 0.0272113978863
            hip: 0.695344090462
            jaz: 0.00179572147317
            met: 0.00986707489938
            pop: 0.152531072497
            reg: 0.0612059682608
            roc: 0.0464189909399
        probability: 0.695344090462
        value: "hip"
    live_studio:
        all:
            live: 0.721413612366
            studio: 0.278586387634
        probability: 0.721413612366
        value: "live"
    mood:
        all:
            Cluster1: 0.227388128638
            Cluster2: 0.125823736191
            Cluster3: 0.0873130187392
            Cluster4: 0.0298070590943
            Cluster5: 0.529668092728
        probability: 0.529668092728
        value: "Cluster5"
    mood_acoustic:
        all:
            acoustic: 0.152908504009
            not_acoustic: 0.847091495991
        probability: 0.847091495991
        value: "not_acoustic"
    mood_aggressive:
        all:
            aggressive: 0.275760769844
            not_aggressive: 0.724239230156
        probability: 0.724239230156
        value: "not_aggressive"
    mood_electronic:
        all:
            electronic: 0.926251828671
            not_electronic: 0.0737481564283
        probability: 0.926251828671
        value: "electronic"
    mood_happy:
        all:
            happy: 0.402772903442
            not_happy: 0.597227096558
        probability: 0.597227096558
        value: "not_happy"
    mood_party:
        all:
            not_party: 0.262629240751
            party: 0.737370789051
        probability: 0.737370789051
        value: "party"
    mood_relaxed:
        all:
            not_relaxed: 0.827914237976
            relaxed: 0.172085791826
        probability: 0.827914237976
        value: "not_relaxed"
    mood_sad:
        all:
            not_sad: 0.806603908539
            sad: 0.193396061659
        probability: 0.806603908539
        value: "not_sad"
    rhythm:
        all:
            fast: 0.179650828242
            medium: 0.772268235683
            slow: 0.0480809211731
        probability: 0.772268235683
        value: "medium"
    speech_music:
        all:
            music: 0.999862849712
            speech: 0.000137138660648
        probability: 0.999862849712
        value: "music"
    timbre:
        all:
            bright: 0.000659696233924
            dark: 0.999340295792
        probability: 0.999340295792
        value: "dark"
    voice_instrumental:
        all:
            instrumental: 0.0190551243722
            voice: 0.980944871902
        probability: 0.980944871902
        value: "voice"

lowlevel:
    average_loudness: 0.978507816792
    barkbands_kurtosis:
        dmean: 4.91659116745
        dmean2: 7.52667331696
        dvar: 38.0301895142
        dvar2: 74.9762039185
        max: 56.8245353699
        mean: 6.93182182312
        min: -1.85320329666
        var: 101.042976379
    barkbands_skewness:
        dmean: 0.86282902956
        dmean2: 1.31399416924
        dvar: 0.627375602722
        dvar2: 1.28401482105
        max: 6.21504878998
        mean: 1.86903607845
        min: -1.62477064133
        var: 2.25198817253
    barkbands_spread:
        dmean: 10.5074033737
        dmean2: 16.3856906891
        dvar: 124.457450867
        dvar2: 258.06640625
        max: 76.5998535156
        mean: 26.5835285187
        min: 1.44701266289
        var: 381.852844238
    dissonance:
        dmean: 0.0229325722903
        dmean2: 0.036828558892
        dvar: 0.000669550558086
        dvar2: 0.00167413207237
        max: 0.499303281307
        mean: 0.45438632369
        min: 0.243087783456
        var: 0.00135674944613
    hfc:
        dmean: 2.53555393219
        dmean2: 3.51899600029
        dvar: 20.0285491943
        dvar2: 36.7636985779
        max: 35.8931922913
        mean: 4.39200019836
        min: 0.00470853410661
        var: 38.9147605896
    pitch:
        dmean: 895.991638184
        dmean2: 1725.60864258
        dvar: 2327148
        dvar2: 5456559
        max: 4900
        mean: 1479.39831543
        min: 54.176902771
        var: 3411068.5
    pitch_instantaneous_confidence:
        dmean: 0.0929173827171
        dmean2: 0.154718726873
        dvar: 0.00616150582209
        dvar2: 0.0143234878778
        max: 0.845816493034
        mean: 0.367434710264
        min: 0.154507696629
        var: 0.0136705096811
    pitch_salience:
        dmean: 0.0783505737782
        dmean2: 0.134353205562
        dvar: 0.00551845971495
        dvar2: 0.0151330381632
        max: 0.83278542757
        mean: 0.673006653786
        min: 0.335343956947
        var: 0.00876173190773
    silence_rate_20dB:
        dmean: 0
        dmean2: 0
        dvar: 0
        dvar2: 0
        max: 1
        mean: 1
        min: 1
        var: 0
    silence_rate_30dB:
        dmean: 0
        dmean2: 0
        dvar: 0
        dvar2: 0
        max: 1
        mean: 1
        min: 1
        var: 0
    silence_rate_60dB:
        dmean: 0.176334112883
        dmean2: 0.353488385677
        dvar: 0.145240217447
        dvar2: 0.27504581213
        max: 1
        mean: 0.509259283543
        min: 0
        var: 0.249915093184
    spectral_centroid:
        dmean: 399.423583984
        dmean2: 620.02734375
        dvar: 248652.6875
        dvar2: 477959.15625
        max: 4266.9609375
        mean: 991.452392578
        min: 177.442382812
        var: 715416.9375
    spectral_complexity:
        dmean: 2.96279072762
        dmean2: 4.09090900421
        dvar: 24.4032688141
        dvar2: 41.5372009277
        max: 44
        mean: 7.96519708633
        min: 0
        var: 54.2656059265
    spectral_crest:
        dmean: 2.8590092659
        dmean2: 4.74379920959
        dvar: 5.84413194656
        dvar2: 17.0003910065
        max: 21.5763664246
        mean: 9.19216060638
        min: 3.19233202934
        var: 10.7103595734
    spectral_decrease:
        dmean: 4.6077536231e-10
        dmean2: 7.40597194682e-10
        dvar: 4.76622399531e-19
        dvar2: 1.15010023977e-18
        max: -3.89309071092e-12
        mean: -9.6916841219e-10
        min: -7.07771352637e-09
        var: 6.62749411089e-19
    spectral_energy:
        dmean: 0.00191659049597
        dmean2: 0.00303117465228
        dvar: 7.93392973719e-06
        dvar2: 1.86032648344e-05
        max: 0.0274533648044
        mean: 0.00405623298138
        min: 1.51204922076e-05
        var: 1.14896593004e-05
    spectral_energyband_high:
        dmean: 0.000248895754339
        dmean2: 0.000354176561814
        dvar: 2.29648378536e-07
        dvar2: 4.3478124212e-07
        max: 0.00375355407596
        mean: 0.00038370891707
        min: 1.28256543164e-08
        var: 4.5961994033e-07
    spectral_energyband_low:
        dmean: 0.000428558443673
        dmean2: 0.000707358820364
        dvar: 4.75532061728e-07
        dvar2: 1.26814245505e-06
        max: 0.00758848153055
        mean: 0.000711071712431
        min: 5.26397059275e-07
        var: 6.0388890688e-07
    spectral_energyband_middle_high:
        dmean: 0.000372430484276
        dmean2: 0.000509584497195
        dvar: 5.57591476991e-07
        dvar2: 1.01983869172e-06
        max: 0.00703342678025
        mean: 0.000593495438807
        min: 7.49747243844e-07
        var: 1.00516990642e-06
    spectral_energyband_middle_low:
        dmean: 0.0013798562577
        dmean2: 0.00225406838581
        dvar: 5.72414046474e-06
        dvar2: 1.4497477423e-05
        max: 0.0235699191689
        mean: 0.00236793607473
        min: 5.00122359881e-06
        var: 6.27625013294e-06
    spectral_flatness_db:
        dmean: 0.0326799489558
        dmean2: 0.0513164959848
        dvar: 0.000856695754919
        dvar2: 0.00195126933977
        max: 0.334191858768
        mean: 0.180015280843
        min: 0.0906559750438
        var: 0.00245720217936
    spectral_flux:
        dmean: 0.0132756838575
        dmean2: 0.020379666239
        dvar: 0.000267815688858
        dvar2: 0.000611060997471
        max: 0.143127158284
        mean: 0.03732515499
        min: 0.00238252710551
        var: 0.000450616469607
    spectral_kurtosis:
        dmean: 2.11882519722
        dmean2: 3.28881883621
        dvar: 8.74528598785
        dvar2: 19.3133563995
        max: 24.1303901672
        mean: 3.19795393944
        min: -0.934862852097
        var: 20.1021766663
    spectral_rms:
        dmean: 0.000444851117209
        dmean2: 0.00068833946716
        dvar: 2.71759660109e-07
        dvar2: 5.63781213714e-07
        max: 0.00517530413345
        mean: 0.00183949293569
        min: 0.000121456570923
        var: 5.73562886075e-07
    spectral_rolloff:
        dmean: 900.287963867
        dmean2: 1567.80786133
        dvar: 1732052.5
        dvar2: 3773096.5
        max: 6180.02929688
        mean: 1934.94067383
        min: 193.798828125
        var: 3562641.25
    spectral_skewness:
        dmean: 0.404622495174
        dmean2: 0.591093659401
        dvar: 0.207954630256
        dvar2: 0.410376697779
        max: 3.90730261803
        mean: 1.40463852882
        min: 0.0371842645109
        var: 0.651947677135
    spectral_spread:
        dmean: 1400377.875
        dmean2: 2163459.5
        dvar: 2.52092874752e+12
        dvar2: 4.94062482227e+12
        max: 26009100
        mean: 6654444
        min: 2068572.375
        var: 6.25725564518e+12
    spectral_strongpeak:
        dmean: 0.130947142839
        dmean2: 0.227325960994
        dvar: 0.0602064542472
        dvar2: 0.13535451889
        max: 3.43963384628
        mean: 0.223676726222
        min: 0.00141356594395
        var: 0.0674249008298
    zerocrossingrate:
        dmean: 0.0176405794919
        dmean2: 0.0193627979606
        dvar: 0.000268397154287
        dvar2: 0.000291650387226
        max: 0.21484375
        mean: 0.0649119541049
        min: 0.00439453125
        var: 0.00185494369362
    barkbands:
        dmean: [6.50672973279e-07, 0.00017667170323, 0.000327461428242, 0.000446944322903, 0.000764653377701, 0.000295800738968, 0.000142411096022, 9.45436258917e-05, 5.64421425224e-05, 3.82850557799e-05, 2.02512946998e-05, 2.4437382308e-05, 1.38759887705e-05, 2.09216177609e-05, 1.5833933503e-05, 2.84649122477e-05, 4.12301342294e-05, 6.75588089507e-05, 0.000119366435683, 0.000141317636007, 9.48597808019e-05, 7.07796643837e-05, 2.19665071199e-05, 1.05493081719e-05, 4.48202354164e-06, 8.82138166958e-08, 5.83512627106e-10]
        dmean2: [1.04328125872e-06, 0.00029624463059, 0.000549354415853, 0.000776829139795, 0.00128852773923, 0.000472032930702, 0.000216828062548, 0.000148266437463, 9.31912218221e-05, 6.09660273767e-05, 3.36908706231e-05, 3.92911097151e-05, 2.3838965717e-05, 3.33917269018e-05, 2.52362187894e-05, 4.13399284298e-05, 6.21760264039e-05, 9.94078509393e-05, 0.000180154951522, 0.000211067235796, 0.000149711311678, 9.98188406811e-05, 3.08424569084e-05, 1.51133253894e-05, 7.2865968832e-06, 1.52844464196e-07, 7.47462758355e-10]
        dvar: [1.41273863268e-12, 5.28407788636e-08, 3.61860315934e-07, 1.47791934069e-06, 1.33077412556e-06, 3.26947969143e-07, 6.25046112646e-08, 2.97374409541e-08, 1.06768087704e-08, 8.09237743482e-09, 2.22730367483e-09, 5.34141619823e-09, 9.12240394335e-10, 7.3469195172e-09, 1.35984357108e-09, 4.6879815585e-09, 7.4636528069e-09, 1.87695388121e-08, 7.80401023803e-08, 1.16498696912e-07, 4.62586342564e-08, 1.37898528152e-08, 1.43058687119e-09, 2.1388329996e-10, 3.8043082573e-11, 1.44485762059e-14, 6.12454914923e-17]
        dvar2: [3.6535024138e-12, 1.39800420129e-07, 9.86297209238e-07, 4.03834337703e-06, 3.540405487e-06, 8.49056505103e-07, 1.57169736781e-07, 7.60805534128e-08, 2.85410095557e-08, 1.66174061178e-08, 5.3490647467e-09, 1.38946365524e-08, 2.39747577346e-09, 1.87519706429e-08, 2.76683231881e-09, 9.86739934206e-09, 1.3907308194e-08, 3.1467862982e-08, 1.82612680533e-07, 2.11033082564e-07, 1.08912352914e-07, 2.35302621832e-08, 2.38009256748e-09, 4.4255801801e-10, 8.93055351892e-11, 3.46942357384e-14, 6.1297233294e-17]
        max: [1.07434225356e-05, 0.0018009217456, 0.00578754581511, 0.0130596701056, 0.0079310843721, 0.00512327905744, 0.00200786301866, 0.00164270272944, 0.00121134414803, 0.00154952181038, 0.000455790141132, 0.000860916217789, 0.000269525131444, 0.00104958761949, 0.000379109202186, 0.000661179539748, 0.000818437489215, 0.00137194548734, 0.00269318604842, 0.00284605426714, 0.00165911950171, 0.00129834329709, 0.000470905622933, 0.000126088663819, 2.9704591725e-05, 6.27269514553e-07, 1.62773176271e-07]
        mean: [1.27628561586e-06, 0.000294885947369, 0.000414931797422, 0.000440116331447, 0.00106017745566, 0.000441612093709, 0.000213498467929, 0.000129051346448, 7.69764010329e-05, 4.50146071671e-05, 2.4027112886e-05, 2.58440832113e-05, 1.61505395226e-05, 2.16146709136e-05, 2.2341740987e-05, 3.44231266354e-05, 5.74036348553e-05, 9.64006976574e-05, 0.000163087446708, 0.000186897072126, 0.000135354348458, 0.000105709426862, 3.12805568683e-05, 1.35236005008e-05, 4.56310908703e-06, 7.19857808917e-08, 5.56534651697e-10]
        min: [2.36472980086e-10, 1.52631145056e-07, 3.73605672621e-07, 1.67599921497e-07, 1.87076511793e-06, 4.39127347818e-07, 2.58150521404e-07, 1.75596881036e-07, 2.80017701471e-07, 2.18069672542e-07, 5.44198428543e-08, 2.72777196386e-08, 8.81187531832e-08, 3.58084761842e-08, 1.78619323776e-08, 1.29718991104e-08, 3.15069748069e-08, 1.34948024311e-07, 3.79148907825e-08, 1.6292242222e-08, 3.44566819521e-09, 1.1992156157e-09, 2.72395661582e-10, 2.00196548228e-09, 3.0408597862e-10, 1.7535627464e-11, 1.13198635036e-14]
        var: [2.70530646496e-12, 9.20133302884e-08, 3.95391879238e-07, 1.12596251256e-06, 1.41151929256e-06, 3.65947755654e-07, 9.13309960993e-08, 4.16007210902e-08, 1.38170008768e-08, 1.18131380233e-08, 2.55905652224e-09, 5.27833199371e-09, 9.07140362827e-10, 6.07269257102e-09, 2.06154826543e-09, 6.06899464017e-09, 1.30644739471e-08, 3.50819000516e-08, 1.04859267935e-07, 1.82146379757e-07, 7.00689710698e-08, 3.69789461274e-08, 3.59620511148e-09, 3.79947323603e-10, 4.42247141685e-11, 1.37137107497e-14, 6.12793992799e-17]
    mfcc:
        mean: [-752.776733398, 111.244804382, 15.1527853012, 60.8465499878, -8.49468135834, -4.27694511414, -3.91309022903, -2.68060970306, -5.87562131882, -5.14516401291, -2.93660640717, -4.41309738159, -4.31584739685]
        cov: [[5344.41113281, -1840.01269531, -423.540405273, -43.2391624451, -506.862731934, 42.7970695496, -219.806793213, -4.50303268433, -57.6018180847, -0.641601324081, -81.2590179443, -7.21942996979, 146.087493896], [-1840.01269531, 2307.50195312, -481.947021484, -176.893844604, 178.295913696, -282.660766602, 53.5010223389, -3.01890611649, 35.2647247314, -17.4471874237, 35.7073326111, 43.7412414551, -51.7309494019], [-423.540405273, -481.947021484, 1129.46618652, 33.6011924744, -21.9960575104, 157.693435669, 16.4081058502, -1.04800403118, 27.9741134644, 12.0640478134, -22.042881012, -12.2743854523, 7.56774568558], [-43.2391624451, -176.893844604, 33.6011924744, 297.61831665, 9.50413894653, 46.8606300354, -1.03918075562, 23.5437908173, -27.5314044952, 5.27012348175, -8.14395618439, -8.46069526672, 1.56691336632], [-506.862731934, 178.295913696, -21.9960575104, 9.50413894653, 197.597732544, -0.571211099625, 34.6304702759, -7.78200817108, 10.1871147156, -4.34248113632, 10.0586719513, 2.23428964615, -16.3296470642], [42.7970695496, -282.660766602, 157.693435669, 46.8606300354, -0.571211099625, 160.769821167, 0.376159459352, 8.29216003418, -2.93959784508, 4.23899793625, -7.98218727112, -6.4544916153, 0.777963340282], [-219.806793213, 53.5010223389, 16.4081058502, -1.03918075562, 34.6304702759, 0.376159459352, 77.2197341919, 0.507606744766, 12.7115459442, -2.10720252991, 5.909075737, 1.38950324059, -2.93955254555], [-4.50303268433, -3.01890611649, -1.04800403118, 23.5437908173, -7.78200817108, 8.29216003418, 0.507606744766, 69.4280548096, 4.653632164, 8.00767040253, 5.59106445312, 2.06067609787, 4.65289640427], [-57.6018180847, 35.2647247314, 27.9741134644, -27.5314044952, 10.1871147156, -2.93959784508, 12.7115459442, 4.653632164, 54.8941764832, 10.1951990128, 10.3796014786, 5.47449588776, 5.31354427338], [-0.641601324081, -17.4471874237, 12.0640478134, 5.27012348175, -4.34248113632, 4.23899793625, -2.10720252991, 8.00767040253, 10.1951990128, 44.936542511, 12.475186348, 1.74914014339, 1.40409457684], [-81.2590179443, 35.7073326111, -22.042881012, -8.14395618439, 10.0586719513, -7.98218727112, 5.909075737, 5.59106445312, 10.3796014786, 12.475186348, 42.255355835, 10.629073143, 1.33415353298], [-7.21942996979, 43.7412414551, -12.2743854523, -8.46069526672, 2.23428964615, -6.4544916153, 1.38950324059, 2.06067609787, 5.47449588776, 1.74914014339, 10.629073143, 32.3080177307, 9.65482711792], [146.087493896, -51.7309494019, 7.56774568558, 1.56691336632, -16.3296470642, 0.777963340282, -2.93955254555, 4.65289640427, 5.31354427338, 1.40409457684, 1.33415353298, 9.65482711792, 35.4807243347]]
        icov: [[0.000481704657432, 0.000399905955419, 0.000341200327966, 0.000226296600886, 0.00067121849861, 0.000204613083042, 0.00064320967067, 5.40291075595e-05, -8.30944773043e-05, -2.33299851971e-05, 0.000695661932696, -0.000166365658515, -0.00109994609375], [0.000399905955419, 0.00101151445415, 0.000414771377109, 0.000408020947361, 7.62182025937e-05, 0.00114164780825, 0.000338951213052, -0.000214778308873, -0.000307153066387, 0.000110877364932, 0.000677957839798, -0.000992969959043, 7.43538985262e-05], [0.000341200327966, 0.000414771377109, 0.00133414124139, 0.000184997654287, 0.000538047985174, -0.000690301181749, 0.000179581838893, 0.000183098105481, -0.00076466507744, -0.000206000855542, 0.00102736079134, -0.000104621358332, -0.00072670483496], [0.000226296600886, 0.000408020947361, 0.000184997654287, 0.00405620317906, -0.000265975832008, -0.000522899266798, 4.39219402324e-05, -0.00137206993531, 0.00209317775443, -0.000766197568737, 0.000765698263422, 0.000329395668814, -0.000884395965841], [0.00067121849861, 7.62182025937e-05, 0.000538047985174, -0.000265975832008, 0.00717327091843, -0.000585026864428, -0.00124891416635, 0.00100347411353, -0.00102122849785, 0.000721547694411, -0.000196704568225, -0.000412639317801, 0.000567704846617], [0.000204613083042, 0.00114164780825, -0.000690301181749, -0.000522899266798, -0.000585026864428, 0.00909378100187, 8.61980297486e-05, -0.0010123832617, 6.45851760055e-05, -0.000377012038371, 0.00116590294056, -0.000589912291616, 0.000785571814049], [0.00064320967067, 0.000338951213052, 0.000179581838893, 4.39219402324e-05, -0.00124891416635, 8.61980297486e-05, 0.0156160201877, -8.52106022649e-05, -0.00308937299997, 0.00157789024524, -0.000512296101078, 0.000132086774101, -0.00108258926775], [5.40291075595e-05, -0.000214778308873, 0.000183098105481, -0.00137206993531, 0.00100347411353, -0.0010123832617, -8.52106022649e-05, 0.0156334377825, -0.00135680299718, -0.00179946713615, -0.00147273414768, 9.25517160795e-05, -0.00178263895214], [-8.30944773043e-05, -0.000307153066387, -0.00076466507744, 0.00209317775443, -0.00102122849785, 6.45851760055e-05, -0.00308937299997, -0.00135680299718, 0.0225642640144, -0.00431081093848, -0.00304198730737, -0.000579178333282, -0.00352110154927], [-2.33299851971e-05, 0.000110877364932, -0.000206000855542, -0.000766197568737, 0.000721547694411, -0.000377012038371, 0.00157789024524, -0.00179946713615, -0.00431081093848, 0.025942966342, -0.0075147501193, 0.00109237071592, 0.000646801025141], [0.000695661932696, 0.000677957839798, 0.00102736079134, 0.000765698263422, -0.000196704568225, 0.00116590294056, -0.000512296101078, -0.00147273414768, -0.00304198730737, -0.0075147501193, 0.030887644738, -0.00903542991728, -4.40089715994e-05], [-0.000166365658515, -0.000992969959043, -0.000104621358332, 0.000329395668814, -0.000412639317801, -0.000589912291616, 0.000132086774101, 9.25517160795e-05, -0.000579178333282, 0.00109237071592, -0.00903542991728, 0.0385125465691, -0.0110297361389], [-0.00109994609375, 7.43538985262e-05, -0.00072670483496, -0.000884395965841, 0.000567704846617, 0.000785571814049, -0.00108258926775, -0.00178263895214, -0.00352110154927, 0.000646801025141, -4.40089715994e-05, -0.0110297361389, 0.0369085408747]]
    spectral_contrast:
        mean: [3.5413594901e-07, -4.70004579256e-07, -2.60831910737e-07, -2.0094094566e-07, -2.74264778e-07, -1.35458819273e-07, -2.04502021006e-06, -3.73946534182e-07, 3.56645978172e-06, 2.73545225582e-07, -1.15053558147e-06, 1.95270899894e-07]
        var: [0.000544546521269, 0.000886577647179, 0.0013402128825, 0.00166929885745, 0.00259033753537, 0.00541616138071, 0.0624260604382, 0.0837074667215, 0.185617119074, 0.413149595261, 0.855234086514, 2.58801555634]

rhythm:
    beats_loudness:
        dmean: 0.00194794044364
        dmean2: 0.00333312875591
        dvar: 2.77684239336e-06
        dvar2: 3.61187994713e-06
        max: 0.0108229899779
        mean: 0.00687522627413
        min: 0.00168050965294
        var: 7.21205606169e-06
    beats_loudness_bass:
        dmean: 0.0832245349884
        dmean2: 0.14106439054
        dvar: 0.00462992908433
        dvar2: 0.0122650461271
        max: 0.299182534218
        mean: 0.114061698318
        min: 0.0318226106465
        var: 0.00701434863731
    bpm: 89.2635879517
    bpm_confidence: 0
    first_peak_bpm: 89
    first_peak_spread: 0.0714285969734
    first_peak_weight: 0.928571403027
    onset_rate: 5.39735603333
    second_peak_bpm: 0
    second_peak_spread: 0
    second_peak_weight: 0
    beats_position: [0.251457750797, 0.923689067364, 1.59592032433, 2.26815152168, 2.94038271904, 3.6126139164, 4.28484535217, 4.95707702637, 5.62930822372, 6.31826400757, 6.99039793015, 7.66253232956, 8.33466625214, 9.00680065155, 9.67893409729]
    bpm_estimates: [89.7278823853, 89.103187561, 89.1826782227, 89.1225814819, 89.141784668, 89.4425430298, 89.275177002, 89.396522522, 89.1765365601, 89.304725647, 89.218460083, 89.1925048828, 89.2243652344, 89.1811141968]
    bpm_intervals: [0.672231316566, 0.672231256962, 0.672231197357, 0.672231197357, 0.672231197357, 0.672231435776, 0.672231674194, 0.672231197357, 0.688955783844, 0.672133922577, 0.672134399414, 0.672133922577, 0.672134399414, 0.67213344574]
    onset_times: [0.0580498874187, 0.243809521198, 0.545668959618, 0.580498874187, 0.754648506641, 0.917188227177, 1.11455786228, 1.19582772255, 1.42802715302, 1.60217690468, 1.95047616959, 2.13623571396, 2.29877543449, 2.5890250206, 2.94893431664, 3.11147403717, 3.25079369545, 3.42494320869, 3.59909296036, 3.79646253586, 3.97061228752, 4.04027223587, 4.27247142792, 4.5046710968, 4.63238096237, 4.96907043457, 5.30575942993, 5.47990942001, 5.64244890213, 5.8282084465, 5.97913837433, 6.15328788757, 6.31582784653, 6.59446716309, 6.67573690414, 6.81505680084, 6.98920631409, 7.18657588959, 7.32589578629, 7.50004529953, 7.66258525848, 7.84834480286, 8.01088428497, 8.17342376709, 8.33596324921, 8.67265319824, 8.84680271149, 8.97451210022, 9.0093421936, 9.19510173798, 9.287981987, 9.35764217377, 9.50857162476, 9.682721138]
    rubato_start: []
    rubato_stop: []
    perceptual_tempo: "unknown"

sfx:
    inharmonicity:
        dmean: 0.0301547851413
        dmean2: 0.0541078299284
        dvar: 0.00173520902172
        dvar2: 0.00448701158166
        max: 0.27756947279
        mean: 0.0302702132612
        min: 0
        var: 0.0018692642916
    oddtoevenharmonicenergyratio:
        dmean: 2.81511163712
        dmean2: 5.43445014954
        dvar: 233.814910889
        dvar2: 695.892089844
        max: 193.243713379
        mean: 1.59898686409
        min: 0
        var: 121.321464539
    pitch_after_max_to_before_max_energy_ratio: 5.13774871826
    pitch_centroid: 222.43536377
    pitch_max_to_total: 0.259860783815
    pitch_min_to_total: 0.888631105423
    tristimulus:
        dmean: [0.231827542186, 0.219724446535, 0.117467522621]
        dmean2: [0.411424070597, 0.375254780054, 0.205465495586]
        dvar: [0.0454790145159, 0.0413458682597, 0.0173592660576]
        dvar2: [0.113294243813, 0.117626592517, 0.048228982836]
        max: [1, 0.950193047523, 0.675021767616]
        mean: [0.556304514408, 0.302797526121, 0.121534638107]
        min: [0.026165286079, 0, 0]
        var: [0.0822290927172, 0.0574480630457, 0.0218476615846]

tonal:
    chords_changes_rate: 0.179723501205
    chords_number_rate: 0.0506912432611
    chords_strength:
        dmean: 0.0184010416269
        dmean2: 0.0230647381395
        dvar: 0.000213947991142
        dvar2: 0.000322595791658
        max: 0.725649237633
        mean: 0.428424865007
        min: 0.238661602139
        var: 0.0104193948209
    key_strength: 0.366229623556
    tuning_diatonic_strength: 0.277010053396
    tuning_equal_tempered_deviation: 0.205608069897
    tuning_frequency: 431.941772461
    tuning_nontempered_energy_ratio: 0.873162150383
    hpcp:
        dmean: [0.191406235099, 0.176597669721, 0.164311304688, 0.161565110087, 0.13032963872, 0.160866647959, 0.178217887878, 0.182757303119, 0.234671145678, 0.228633761406, 0.199981883168, 0.175947740674, 0.147182673216, 0.196419224143, 0.204093173146, 0.180140584707, 0.154629155993, 0.138417541981, 0.156463444233, 0.146781757474, 0.163656517863, 0.184691056609, 0.166783943772, 0.142327606678, 0.180537685752, 0.215611338615, 0.235008999705, 0.173148334026, 0.155040085316, 0.160794809461, 0.142979562283, 0.153092965484, 0.17976257205, 0.188160970807, 0.182515755296, 0.171966165304]
        dmean2: [0.341050326824, 0.30125823617, 0.281991243362, 0.280404090881, 0.210593804717, 0.288582473993, 0.310060203075, 0.315698951483, 0.425270974636, 0.402158617973, 0.330854803324, 0.296831011772, 0.248144552112, 0.332018822432, 0.333798408508, 0.317228704691, 0.260199934244, 0.232180640101, 0.272233992815, 0.25786921382, 0.29069057107, 0.327646046877, 0.299776554108, 0.249427348375, 0.320445537567, 0.380535215139, 0.423344492912, 0.31699052453, 0.275136977434, 0.280393391848, 0.246370851994, 0.270535111427, 0.318295300007, 0.313100993633, 0.315390259027, 0.285208106041]
        dvar: [0.0634426400065, 0.0416495278478, 0.049895785749, 0.0460870265961, 0.0271121431142, 0.047812435776, 0.0500085540116, 0.0523876175284, 0.0600605048239, 0.0550607740879, 0.0449076965451, 0.042086482048, 0.0284783728421, 0.0537943355739, 0.0533532202244, 0.0488002449274, 0.0369561240077, 0.0377925559878, 0.0434228405356, 0.0415544547141, 0.0451053678989, 0.0638651549816, 0.0581436641514, 0.0419856272638, 0.0564004257321, 0.0713472664356, 0.0835309401155, 0.0467690750957, 0.0492603816092, 0.043044231832, 0.0425376966596, 0.0499530099332, 0.057654954493, 0.0506366975605, 0.0583073534071, 0.0359602048993]
        dvar2: [0.160697773099, 0.114063337445, 0.115540869534, 0.128108143806, 0.0589934363961, 0.129854232073, 0.138095736504, 0.123702503741, 0.166103839874, 0.147239789367, 0.111907541752, 0.113947302103, 0.0665332078934, 0.135018378496, 0.120907515287, 0.125558301806, 0.0930550768971, 0.0961586013436, 0.120981678367, 0.10534427315, 0.112437345088, 0.165611848235, 0.156468868256, 0.109743893147, 0.156297490001, 0.191499516368, 0.236258521676, 0.133274137974, 0.125684916973, 0.116370916367, 0.105576664209, 0.130206897855, 0.152012392879, 0.12219902128, 0.143888711929, 0.0907506197691]
        max: [1, 1, 1, 1, 1, 1, 1, 1, 1, 1, 1, 1, 1, 1, 1, 1, 1, 1, 1, 1, 1, 1, 1, 1, 1, 1, 1, 1, 1, 1, 1, 1, 1, 1, 1, 1]
        mean: [0.215646192431, 0.186573013663, 0.185121819377, 0.178496047854, 0.145280152559, 0.1428180933, 0.174027085304, 0.206623330712, 0.2207377702, 0.248969569802, 0.240879178047, 0.190868288279, 0.167847037315, 0.194597661495, 0.216571778059, 0.196698203683, 0.161248639226, 0.148042544723, 0.140454232693, 0.125774234533, 0.151557520032, 0.18349018693, 0.150624141097, 0.124870397151, 0.165309041739, 0.197297990322, 0.174229577184, 0.144844889641, 0.141357377172, 0.139377683401, 0.143080160022, 0.143384173512, 0.155020281672, 0.20144341886, 0.198974445462, 0.193796873093]
        min: [0.000401736993808, 0.000606636574958, 0, 0, 0, 0, 0.000324660853948, 0.00121786154341, 0.00120517041069, 0.000486554141389, 0.00116857280955, 0.00156189955305, 0.000578541541472, 0.00054012099281, 0.000676303927321, 0.000635902106296, 0.00137244048528, 0.000890524941497, 0.000547226751223, 0.000624614011031, 0, 0, 0.00057743745856, 0.000816408544779, 0.00131620035972, 0.00076442793943, 0.000725718331523, 0.000587672984693, 0.000764590338804, 0.0010414654389, 0.000645858119242, 0.000233211336308, 0.00125798315275, 0.000739095907193, 0.000830590026453, 0.000440022413386]
        var: [0.0789757445455, 0.0555224791169, 0.0696568563581, 0.0642630532384, 0.0409945175052, 0.0428682714701, 0.0650484934449, 0.0828414857388, 0.065326705575, 0.0820019394159, 0.0746013075113, 0.0578733049333, 0.0452816784382, 0.0645842850208, 0.0778945833445, 0.0670888349414, 0.0457737445831, 0.0430765934289, 0.0416312627494, 0.0379757583141, 0.0459744036198, 0.0723929032683, 0.0533514432609, 0.0403062552214, 0.0672813206911, 0.081961132586, 0.0686448737979, 0.038666356355, 0.0423305630684, 0.0379162617028, 0.0512346401811, 0.0554797500372, 0.0505827367306, 0.0679786130786, 0.0656777322292, 0.0476910248399]
    chords_histogram: [5.0691242218, 17.9723510742, 9.67741966248, 0, 0, 0, 1.84331798553, 0, 6.45161294937, 0, 5.5299539566, 0, 0, 0, 0.460829496384, 0, 0, 13.8248844147, 5.5299539566, 6.45161294937, 0, 0, 8.29493045807, 18.8940086365]
    thpcp: [1, 0.967504501343, 0.766632974148, 0.674166858196, 0.781612217426, 0.869872510433, 0.79004919529, 0.647664070129, 0.594621062279, 0.564142167568, 0.505179166794, 0.60873913765, 0.736998438835, 0.604990184307, 0.501548826694, 0.663972854614, 0.792458236217, 0.699802696705, 0.581777453423, 0.567769706249, 0.559818148613, 0.574689328671, 0.575910449028, 0.62264752388, 0.809108614922, 0.799191832542, 0.778395831585, 0.866154789925, 0.749380767345, 0.743551969528, 0.716939210892, 0.583525717258, 0.573636770248, 0.698989391327, 0.829913973808, 0.88660544157]
    chords_key: "D"
    chords_scale: "minor"
    key_key: "F"
    key_scale: "major"
    chords_progression: ["Fm", "Fm", "Fm", "Fm", "Fm", "Fm", "Fm", "Fm", "Fm", "Fm", "Fm", "Fm", "Fm", "Fm", "Fm", "Fm", "Fm", "Fm", "Fm", "Fm", "Fm", "Fm", "Fm", "Fm", "Fm", "E", "E", "E", "E", "E", "E", "E", "E", "E", "Am", "E", "E", "E", "Am", "Am", "Am", "A", "A", "A", "A", "A", "A", "A", "A", "A", "A", "A", "A", "A", "D", "D", "D", "Dm", "Dm", "Dm", "Dm", "Dm", "Dm", "Dm", "Dm", "Dm", "Dm", "Dm", "Dm", "Dm", "D", "Dm", "Dm", "Dm", "Dm", "Dm", "Dm", "Dm", "Dm", "Dm", "Dm", "Dm", "Dm", "Dm", "Dm", "Dm", "Dm", "Dm", "Dm", "A#", "A#", "Dm", "A#", "A#", "A#", "A#", "A#", "Dm", "Dm", "Dm", "Dm", "Dm", "Dm", "Dm", "G#", "G#", "Dm", "G#", "Dm", "A#", "A#", "A#", "A#", "A#", "A#", "A#", "A#", "G#", "F#", "A#", "A#", "A#", "F", "F", "F", "F", "F", "F", "F", "F", "F", "G#", "G#", "G#", "G#", "G#", "G#", "G#", "G#", "Fm", "Fm", "Fm", "Fm", "Fm", "Am", "Am", "Am", "Am", "Am", "Am", "Am", "Am", "Am", "Am", "Am", "Am", "Am", "Am", "Am", "Am", "Am", "Am", "Am", "Am", "Am", "Am", "A", "Am", "Am", "F", "F", "Am", "Am", "Am", "Am", "Am", "Am", "Am", "Am", "Am", "Am", "Cm", "Cm", "Cm", "Cm", "C", "Cm", "Cm", "Cm", "C", "Cm", "Cm", "Cm", "Am", "C", "Cm", "C", "C", "C", "C", "C", "C", "C", "C", "C", "C", "C", "C", "C", "C", "C", "C", "C", "C", "Cm", "Cm", "Cm"]
