
metadata:
    version:
        essentia: "1.2.2"
    audio_properties:
        analysis_sample_rate: 44100
        bitrate: 128
        channels: 2
        equal_loudness: 1
        length: 10.0310201645
        replay_gain: -11.9575214386
        downmix: "mix"
    tags:
        track: 8
        year: 0
        album: "Splitted by Mp3Splt v. 2.1"
        artist: "From 001.10 To 001.20"
        comment: "http://mp3splt.sf.net"
        genre: ""
        title: "08 The League of Bald-Headed M"

highlevel:
    ballroom:
        all:
            ChaChaCha: 0.0524589307606
            Jive: 0.850142896175
            Quickstep: 0.0150273740292
            Rumba-American: 0.000271875644103
            Rumba-International: 0.00219648610801
            Rumba-Misc: 0.000617409183178
            Samba: 0.0669343546033
            Tango: 0.000761826348025
            VienneseWaltz: 0.0104326559231
            Waltz: 0.00115621532314
        probability: 0.850142896175
        value: "Jive"
    culture:
        all:
            non_western: 0.0848128274083
            western: 0.915187180042
        probability: 0.915187180042
        value: "western"
    gender:
        all:
            female: 0.0672923997045
            male: 0.932707607746
        probability: 0.932707607746
        value: "male"
    genre_dortmund:
        all:
            alternative: 0.133365944028
            blues: 0.0171710271388
            electronic: 0.0150400735438
            folkcountry: 0.126994028687
            funksoulrnb: 0.00579323945567
            jazz: 0.0150106688961
            pop: 0.0754988119006
            raphiphop: 0.00461297621951
            rock: 0.60651320219
        probability: 0.60651320219
        value: "rock"
    genre_electronica:
        all:
            ambient: 0.151350364089
            dnb: 0.233301907778
            house: 0.0412038937211
            techno: 0.027739778161
            trance: 0.546404063702
        probability: 0.546404063702
        value: "trance"
    genre_rosamerica:
        all:
            cla: 0.00734049873427
            dan: 0.0680112838745
            hip: 0.0064081903547
            jaz: 0.00216201017611
            pop: 0.0112066240981
            rhy: 0.00686451094225
            roc: 0.8958517313
            spe: 0.00215513980947
        probability: 0.8958517313
        value: "roc"
    genre_tzanetakis:
        all:
            blu: 0.00308217504062
            cla: 0.00437155179679
            cou: 0.0989171788096
            dis: 0.0193520672619
            hip: 0.0076569179073
            jaz: 0.016426242888
            met: 0.453751295805
            pop: 0.0345044024289
            reg: 0.00412533152848
            roc: 0.357812851667
        probability: 0.453751295805
        value: "met"
    live_studio:
        all:
            live: 0.0281293671578
            studio: 0.971870660782
        probability: 0.971870660782
        value: "studio"
    mood:
        all:
            Cluster1: 0.433241635561
            Cluster2: 0.134929299355
            Cluster3: 0.0979686230421
            Cluster4: 0.0408433526754
            Cluster5: 0.293017089367
        probability: 0.433241635561
        value: "Cluster1"
    mood_acoustic:
        all:
            acoustic: 0.021222198382
            not_acoustic: 0.978777825832
        probability: 0.978777825832
        value: "not_acoustic"
    mood_aggressive:
        all:
            aggressive: 0.902928769588
            not_aggressive: 0.0970712602139
        probability: 0.902928769588
        value: "aggressive"
    mood_electronic:
        all:
            electronic: 0.34172731638
            not_electronic: 0.65827268362
        probability: 0.65827268362
        value: "not_electronic"
    mood_happy:
        all:
            happy: 0.631305813789
            not_happy: 0.368694216013
        probability: 0.631305813789
        value: "happy"
    mood_party:
        all:
            not_party: 0.337669879198
            party: 0.662330091
        probability: 0.662330091
        value: "party"
    mood_relaxed:
        all:
            not_relaxed: 0.952835738659
            relaxed: 0.0471642389894
        probability: 0.952835738659
        value: "not_relaxed"
    mood_sad:
        all:
            not_sad: 0.974727630615
            sad: 0.0252723731101
        probability: 0.974727630615
        value: "not_sad"
    rhythm:
        all:
            fast: 0.983727514744
            medium: 0.0113955130801
            slow: 0.00487696565688
        probability: 0.983727514744
        value: "fast"
    speech_music:
        all:
            music: 0.993096411228
            speech: 0.00690357526764
        probability: 0.993096411228
        value: "music"
    timbre:
        all:
            bright: 0.480018883944
            dark: 0.519981145859
        probability: 0.519981145859
        value: "dark"
    voice_instrumental:
        all:
            instrumental: 0.0298137292266
            voice: 0.970186293125
        probability: 0.970186293125
        value: "voice"

lowlevel:
    average_loudness: 0.979189634323
    barkbands_kurtosis:
        dmean: 0.462643802166
        dmean2: 0.767662703991
        dvar: 0.440089344978
        dvar2: 1.00440967083
        max: 4.91055345535
        mean: -1.18171453476
        min: -1.83137559891
        var: 0.831731975079
    barkbands_skewness:
        dmean: 0.393525481224
        dmean2: 0.621208131313
        dvar: 0.119644545019
        dvar2: 0.277297347784
        max: 2.40816831589
        mean: 0.112725496292
        min: -1.99049091339
        var: 0.481416881084
    barkbands_spread:
        dmean: 4.61906003952
        dmean2: 7.35538911819
        dvar: 18.4026069641
        dvar2: 41.9877891541
        max: 55.5676651001
        mean: 39.4683265686
        min: 14.2840909958
        var: 54.0228118896
    dissonance:
        dmean: 0.011555807665
        dmean2: 0.0194641221315
        dvar: 0.000117706549645
        dvar2: 0.000287982431473
        max: 0.499940693378
        mean: 0.475328922272
        min: 0.38903465867
        var: 0.000279009953374
    hfc:
        dmean: 3.81912684441
        dmean2: 6.06024646759
        dvar: 42.2900428772
        dvar2: 114.253677368
        max: 59.3614616394
        mean: 9.93119812012
        min: 1.62122762203
        var: 63.9976119995
    pitch:
        dmean: 612.091796875
        dmean2: 1189.77404785
        dvar: 1429244.25
        dvar2: 3378574.75
        max: 4900
        mean: 3108.94116211
        min: 99.1011199951
        var: 2164686.5
    pitch_instantaneous_confidence:
        dmean: 0.0828124508262
        dmean2: 0.137315914035
        dvar: 0.00394172035158
        dvar2: 0.0101824253798
        max: 0.722058475018
        mean: 0.442908734083
        min: 0.198901176453
        var: 0.0125832883641
    pitch_salience:
        dmean: 0.046832356602
        dmean2: 0.0757390856743
        dvar: 0.00164333335124
        dvar2: 0.00449878443033
        max: 0.831122457981
        mean: 0.70985108614
        min: 0.426685810089
        var: 0.00470139412209
    silence_rate_20dB:
        dmean: 0
        dmean2: 0
        dvar: 0
        dvar2: 0
        max: 1
        mean: 1
        min: 1
        var: 0
    silence_rate_30dB:
        dmean: 0
        dmean2: 0
        dvar: 0
        dvar2: 0
        max: 1
        mean: 1
        min: 1
        var: 0
    silence_rate_60dB:
        dmean: 0.120649650693
        dmean2: 0.241860464215
        dvar: 0.106093600392
        dvar2: 0.22057326138
        max: 1
        mean: 0.224537029862
        min: 0
        var: 0.174119383097
    spectral_centroid:
        dmean: 306.647735596
        dmean2: 474.110351562
        dvar: 69566.2890625
        dvar2: 155207.328125
        max: 3982.9519043
        mean: 1824.82336426
        min: 609.287109375
        var: 347095.75
    spectral_complexity:
        dmean: 4.0699300766
        dmean2: 6.50700950623
        dvar: 21.169921875
        dvar2: 46.6051177979
        max: 43
        mean: 16.2581386566
        min: 3
        var: 54.5635223389
    spectral_crest:
        dmean: 1.64816617966
        dmean2: 2.80900192261
        dvar: 2.334025383
        dvar2: 6.07842159271
        max: 16.7895507812
        mean: 6.88699483871
        min: 3.19907069206
        var: 4.21795034409
    spectral_decrease:
        dmean: 3.24439669575e-10
        dmean2: 5.22812848569e-10
        dvar: 2.17125966905e-19
        dvar2: 5.41231460925e-19
        max: -2.6752086657e-10
        mean: -1.09464171061e-09
        min: -4.20085033426e-09
        var: 3.01180881277e-19
    spectral_energy:
        dmean: 0.00152343430091
        dmean2: 0.0024550780654
        dvar: 5.36882498636e-06
        dvar2: 1.36819817271e-05
        max: 0.0204005800188
        mean: 0.00503221573308
        min: 0.00119542179164
        var: 7.35993762646e-06
    spectral_energyband_high:
        dmean: 0.000372018606868
        dmean2: 0.00059350481024
        dvar: 3.28373374714e-07
        dvar2: 8.35944263144e-07
        max: 0.00579181499779
        mean: 0.000754396023694
        min: 8.37750631035e-05
        var: 5.82428356211e-07
    spectral_energyband_low:
        dmean: 0.000125540784211
        dmean2: 0.000206734155654
        dvar: 2.77413239047e-08
        dvar2: 6.98151794154e-08
        max: 0.00136462273076
        mean: 0.000195874730707
        min: 3.37697224495e-06
        var: 3.13718686584e-08
    spectral_energyband_middle_high:
        dmean: 0.000765513104852
        dmean2: 0.00124803534709
        dvar: 1.70617181539e-06
        dvar2: 4.72511965199e-06
        max: 0.0103238131851
        mean: 0.00197914731689
        min: 0.000300192972645
        var: 2.40779922933e-06
    spectral_energyband_middle_low:
        dmean: 0.00073770864401
        dmean2: 0.00117099797353
        dvar: 6.91953516707e-07
        dvar2: 1.55838358751e-06
        max: 0.00763014517725
        mean: 0.00210279389285
        min: 0.000609674782027
        var: 1.17882848372e-06
    spectral_flatness_db:
        dmean: 0.0157338324934
        dmean2: 0.0237494520843
        dvar: 0.000191429629922
        dvar2: 0.000399257842219
        max: 0.22709402442
        mean: 0.156350269914
        min: 0.0995950326324
        var: 0.000561938504688
    spectral_flux:
        dmean: 0.00824181642383
        dmean2: 0.0120863411576
        dvar: 0.000102385958598
        dvar2: 0.000222255417611
        max: 0.115203455091
        mean: 0.0437288694084
        min: 0.0149390697479
        var: 0.00026027977583
    spectral_kurtosis:
        dmean: 1.15603852272
        dmean2: 1.945566535
        dvar: 1.01354384422
        dvar2: 2.70808649063
        max: 7.64577960968
        mean: 2.89966249466
        min: -0.0659520626068
        var: 2.16530942917
    spectral_rms:
        dmean: 0.000307943642838
        dmean2: 0.00048753482406
        dvar: 1.49010901396e-07
        dvar2: 3.56391410605e-07
        max: 0.00446127867326
        mean: 0.00215084012598
        min: 0.00107993755955
        var: 2.83368223108e-07
    spectral_rolloff:
        dmean: 308.441680908
        dmean2: 495.263580322
        dvar: 188858.78125
        dvar2: 365812.125
        max: 6050.83007812
        mean: 3768.61035156
        min: 516.796875
        var: 495359.84375
    spectral_skewness:
        dmean: 0.216753780842
        dmean2: 0.331641286612
        dvar: 0.0442260690033
        dvar2: 0.0922510996461
        max: 2.02496051788
        mean: 0.983559608459
        min: 0.280197143555
        var: 0.111659318209
    spectral_spread:
        dmean: 487812.25
        dmean2: 670819.6875
        dvar: 314374848512
        dvar2: 678471073792
        max: 8150879
        mean: 4093653.25
        min: 2450919.25
        var: 1.04199225344e+12
    spectral_strongpeak:
        dmean: 0.340278685093
        dmean2: 0.60150372982
        dvar: 0.378558129072
        dvar2: 1.05129146576
        max: 4.33965158463
        mean: 0.498516768217
        min: 0.018377000466
        var: 0.447106570005
    zerocrossingrate:
        dmean: 0.0092170201242
        dmean2: 0.0108003709465
        dvar: 6.36919066892e-05
        dvar2: 7.46288278606e-05
        max: 0.189453125
        mean: 0.106413520873
        min: 0.0478515625
        var: 0.000577998813242
    barkbands:
        dmean: [1.7154907539e-07, 4.33799868915e-05, 9.68730673776e-05, 0.000132946661324, 0.000334183831001, 0.000286858732579, 0.000190824866877, 0.000183447511517, 8.36225153762e-05, 7.68991740188e-05, 3.24119755533e-05, 2.22191574721e-05, 3.44745276379e-05, 2.89199197141e-05, 3.14834760502e-05, 5.2798390243e-05, 0.000131331180455, 0.000254179671174, 0.000290910655167, 0.000378240947612, 0.000121637043776, 4.32704109699e-05, 8.43075576995e-06, 2.95258837468e-06, 1.30084993089e-06, 8.67501981361e-08, 5.79540637702e-10]
        dmean2: [2.63195090611e-07, 7.59105241741e-05, 0.000158352893777, 0.000218570232391, 0.000561262422707, 0.000474717788165, 0.000314226053888, 0.000282614695607, 0.000128972955281, 0.000115448136057, 5.29819153599e-05, 3.57984608854e-05, 5.64826295886e-05, 4.66959281766e-05, 5.27257252543e-05, 8.97943245945e-05, 0.000220792702748, 0.000437016686192, 0.000471084815217, 0.000619223341346, 0.000201173272217, 5.71630444028e-05, 1.24529733512e-05, 4.00585258831e-06, 1.81847474323e-06, 1.40267331972e-07, 9.97695814853e-10]
        dvar: [5.74096027878e-14, 4.89981433205e-09, 1.46467691309e-08, 1.99748022567e-08, 1.40252083725e-07, 1.06970489355e-07, 1.17898771634e-07, 2.34976440083e-07, 5.02767179e-08, 2.13568576157e-08, 3.04568703591e-09, 1.7450609846e-09, 2.61537391744e-09, 4.10162170894e-09, 2.3595050358e-09, 6.08732575458e-09, 3.78504552145e-08, 1.76371472094e-07, 2.50143955327e-07, 2.2527935073e-07, 7.05105875909e-08, 1.0513507398e-08, 5.31254040759e-10, 5.34735380975e-11, 1.06867535654e-11, 2.18280847905e-14, 8.51480542312e-19]
        dvar2: [1.06140051988e-13, 1.35770665821e-08, 3.60813032785e-08, 4.98512271463e-08, 3.43094143318e-07, 2.99275683346e-07, 2.49347777981e-07, 5.44207068742e-07, 1.22411805137e-07, 3.48842483788e-08, 7.80588393923e-09, 3.66489261161e-09, 6.13308070996e-09, 7.99414046071e-09, 6.53746878854e-09, 1.67171645415e-08, 9.96258364694e-08, 4.79658069708e-07, 6.73086162806e-07, 5.94108598762e-07, 1.88948050095e-07, 1.73328871256e-08, 1.0047623844e-09, 9.82093295576e-11, 1.64309989226e-11, 5.34472436469e-14, 2.2278236235e-18]
        max: [2.96220036944e-06, 0.000775870517828, 0.000995993148535, 0.00115438515786, 0.00383393210359, 0.00295803090557, 0.00509820878506, 0.00445264345035, 0.00288688577712, 0.00187380798161, 0.000637002871372, 0.000577972503379, 0.000659490004182, 0.000858074752614, 0.000548666052055, 0.000607521273196, 0.00159452203661, 0.00312480097637, 0.00373218953609, 0.0045252237469, 0.00219142553397, 0.00218140590005, 0.000455380330095, 9.45414722082e-05, 7.40897594369e-05, 8.18211958631e-07, 6.30078078601e-09]
        mean: [3.90039360809e-07, 5.57679450139e-05, 0.00013972412853, 0.000212820799788, 0.000634338473901, 0.000578864768613, 0.000270211719908, 0.00023926475842, 0.000128489511553, 0.000132185450639, 4.82756804558e-05, 3.60689082299e-05, 5.96868194407e-05, 4.89414815092e-05, 4.94195664942e-05, 8.40313005028e-05, 0.000215581661905, 0.000378747849027, 0.000602497195359, 0.000819439999759, 0.00018659743364, 8.95931807463e-05, 1.44779323819e-05, 4.52976019005e-06, 2.18400191443e-06, 8.96952556673e-08, 4.99700281154e-10]
        min: [3.30832028439e-10, 2.23573306357e-06, 1.00647014278e-06, 4.9033283176e-06, 4.92948893225e-05, 6.29596615909e-05, 3.27641919284e-06, 2.22095650315e-06, 2.57930832959e-06, 3.98050997319e-06, 1.77314313987e-06, 2.02424439522e-06, 3.25200107909e-06, 4.07348898079e-06, 6.20146647634e-06, 1.02780450106e-05, 9.48428260017e-06, 3.57868775609e-05, 4.03168523917e-05, 9.66413572314e-05, 1.33255844048e-05, 1.89206650703e-06, 1.01144365772e-07, 1.2420749762e-08, 4.35984892633e-09, 3.84330067771e-11, 4.31165655479e-13]
        var: [9.7191054033e-14, 4.24506518826e-09, 1.72984027103e-08, 2.8688191378e-08, 1.83943939192e-07, 1.55159241899e-07, 1.69782339299e-07, 3.18983325087e-07, 7.60160645541e-08, 6.42845066068e-08, 6.13989392662e-09, 3.18782134023e-09, 4.77792161391e-09, 6.51277964892e-09, 2.9522075895e-09, 6.1083889058e-09, 4.52959270092e-08, 1.78604850021e-07, 4.48115173413e-07, 4.0775748289e-07, 7.63435750173e-08, 6.6309425506e-08, 2.41856534799e-09, 1.6282054871e-10, 4.84756991492e-11, 2.4782625496e-14, 7.33375591054e-19]
    mfcc:
        mean: [-707.00567627, 118.00630188, -50.7906723022, 80.5237197876, -25.6002883911, -11.4877443314, -0.409758388996, -14.4331159592, -7.1974401474, -10.6014957428, -4.78146362305, -7.74432134628, -3.82207751274]
        cov: [[1377.32458496, -1007.38165283, 441.303283691, -252.397872925, 91.5087966919, -93.5070495605, -79.6178817749, 143.885482788, -65.5942306519, 91.0938339233, 29.7236099243, 28.8762359619, -40.897190094], [-1007.38165283, 1107.0526123, -547.990356445, 196.003295898, -127.499305725, -13.7706232071, 98.9759979248, -66.4167404175, 84.1899108887, -58.909034729, -30.770236969, 14.9443340302, 26.7455272675], [441.303283691, -547.990356445, 434.694610596, -127.403991699, 80.8424606323, 4.12753343582, -47.2541847229, 40.0078773499, -40.5292701721, 42.4965324402, 7.67489290237, -11.5118656158, -15.0343732834], [-252.397872925, 196.003295898, -127.403991699, 202.186157227, 9.14402961731, 61.9211654663, -0.557583868504, -65.8341217041, 27.2245349884, -45.9858665466, 0.920830667019, -9.37601280212, 24.9731616974], [91.5087966919, -127.499305725, 80.8424606323, 9.14402961731, 113.528961182, 39.3261680603, -2.59722948074, -24.8454551697, 2.75168991089, 5.35586500168, 3.67279696465, 4.00654172897, 2.70692396164], [-93.5070495605, -13.7706232071, 4.12753343582, 61.9211654663, 39.3261680603, 108.146324158, -3.78342556953, -48.0789260864, 4.5573592186, -14.4162788391, 10.1964673996, -7.68521404266, 10.9911222458], [-79.6178817749, 98.9759979248, -47.2541847229, -0.557583868504, -2.59722948074, -3.78342556953, 69.6756057739, 21.6403884888, 5.96516370773, -3.06806540489, -2.63465118408, -3.74650979042, 2.61833620071], [143.885482788, -66.4167404175, 40.0078773499, -65.8341217041, -24.8454551697, -48.0789260864, 21.6403884888, 93.732460022, -10.038105011, 21.5211181641, -6.99201440811, -5.02537536621, -10.2239160538], [-65.5942306519, 84.1899108887, -40.5292701721, 27.2245349884, 2.75168991089, 4.5573592186, 5.96516370773, -10.038105011, 55.1206626892, 4.6187877655, -0.168732345104, -2.32169365883, 0.847319304943], [91.0938339233, -58.909034729, 42.4965324402, -45.9858665466, 5.35586500168, -14.4162788391, -3.06806540489, 21.5211181641, 4.6187877655, 62.721282959, 15.8233423233, 7.37412166595, -11.1660251617], [29.7236099243, -30.770236969, 7.67489290237, 0.920830667019, 3.67279696465, 10.1964673996, -2.63465118408, -6.99201440811, -0.168732345104, 15.8233423233, 49.3468093872, 11.2932157516, 2.96882629395], [28.8762359619, 14.9443340302, -11.5118656158, -9.37601280212, 4.00654172897, -7.68521404266, -3.74650979042, -5.02537536621, -2.32169365883, 7.37412166595, 11.2932157516, 47.0160484314, 6.29936313629], [-40.897190094, 26.7455272675, -15.0343732834, 24.9731616974, 2.70692396164, 10.9911222458, 2.61833620071, -10.2239160538, 0.847319304943, -11.1660251617, 2.96882629395, 6.29936313629, 40.8689079285]]
        icov: [[0.00377985159867, 0.00400825357065, 0.00157727277838, -7.93792059994e-06, -0.00100904644933, 0.00254429737106, 0.000571209471673, -0.00283482251689, -0.00129250064492, -0.000539346481673, -2.46009294642e-05, -0.00303777679801, 0.000730727158953], [0.00400825357065, 0.00750220892951, 0.00437564542517, -0.00102997908834, 0.000922299164813, 0.00344395055436, -0.00256354594603, -0.000924103776924, -0.00326532335021, -0.00122399954125, 0.00188560120296, -0.00429426366463, 0.000544427079149], [0.00157727277838, 0.00437564542517, 0.00743702286854, 0.00156967167277, -0.00228762230836, 0.000690627726726, 0.00111153454054, -0.0015930973459, -0.000336496421369, -0.00141003145836, 0.00092203298118, 4.58865797555e-05, -0.000464748445665], [-7.93792059994e-06, -0.00102997908834, 0.00156967167277, 0.0103221582249, -0.00162769085728, -0.00340205756947, 0.00241328193806, 0.00163217575755, -0.00217986060306, 0.00421619974077, -0.00170538690872, 0.00275243492797, -0.00289067300037], [-0.00100904644933, 0.000922299164813, -0.00228762230836, -0.00162769085728, 0.0148678272963, -0.0034028859809, -0.0053543811664, 0.00571224279702, -0.00228127813898, -0.00182679761201, 0.00288901827298, -0.00271745398641, -6.42708016585e-07], [0.00254429737106, 0.00344395055436, 0.000690627726726, -0.00340205756947, -0.0034028859809, 0.0170724205673, -0.00199402309954, 0.00400704657659, -0.000276727980236, -0.000295211502817, -0.00230532605201, 0.0008568452904, -0.000650192785542], [0.000571209471673, -0.00256354594603, 0.00111153454054, 0.00241328193806, -0.0053543811664, -0.00199402309954, 0.0223064627498, -0.00978589337319, 0.000379872391932, 0.00236207689159, -0.00281147938222, 0.00258505204692, -0.00135950720869], [-0.00283482251689, -0.000924103776924, -0.0015930973459, 0.00163217575755, 0.00571224279702, 0.00400704657659, -0.00978589337319, 0.0234834421426, 0.00130989972968, -0.00411964766681, 0.00338656897657, 0.00386855076067, -0.000764762808103], [-0.00129250064492, -0.00326532335021, -0.000336496421369, -0.00217986060306, -0.00228127813898, -0.000276727980236, 0.000379872391932, 0.00130989972968, 0.0233184564859, -0.00499086920172, 0.000133717985591, 0.00351176247932, 0.000182569565368], [-0.000539346481673, -0.00122399954125, -0.00141003145836, 0.00421619974077, -0.00182679761201, -0.000295211502817, 0.00236207689159, -0.00411964766681, -0.00499086920172, 0.0245775002986, -0.00833453424275, -0.00154350022785, 0.0038465121761], [-2.46009294642e-05, 0.00188560120296, 0.00092203298118, -0.00170538690872, 0.00288901827298, -0.00230532605201, -0.00281147938222, 0.00338656897657, 0.000133717985591, -0.00833453424275, 0.0260602217168, -0.00590380048379, -0.00168436777312], [-0.00303777679801, -0.00429426366463, 4.58865797555e-05, 0.00275243492797, -0.00271745398641, 0.0008568452904, 0.00258505204692, 0.00386855076067, 0.00351176247932, -0.00154350022785, -0.00590380048379, 0.0286382175982, -0.00562274362892], [0.000730727158953, 0.000544427079149, -0.000464748445665, -0.00289067300037, -6.42708016585e-07, -0.000650192785542, -0.00135950720869, -0.000764762808103, 0.000182569565368, 0.0038465121761, -0.00168436777312, -0.00562274362892, 0.028545672074]]
    spectral_contrast:
        mean: [-6.46944320337e-09, -9.61774659913e-08, -2.68628070899e-07, 2.81631940879e-07, 7.97472043956e-09, -5.45318584955e-07, 3.46095066561e-06, -1.4700515294e-06, 9.1510457878e-07, 6.85106869014e-08, 3.04579725707e-06, 2.79490336652e-06]
        var: [0.000418964133132, 0.000733448541723, 0.00100398005452, 0.00149860756937, 0.00225060177036, 0.00346868042834, 0.0342856906354, 0.0764238685369, 0.0922491550446, 0.157396361232, 0.206864073873, 1.4974668026]

rhythm:
    beats_loudness:
        dmean: 0.00306861498393
        dmean2: 0.00595331797376
        dvar: 3.56797022505e-06
        dvar2: 9.4597471616e-06
        max: 0.0105763738975
        mean: 0.00667293788865
        min: 0.00247072125785
        var: 4.6603336159e-06
    beats_loudness_bass:
        dmean: 0.10112580657
        dmean2: 0.201102405787
        dvar: 0.00403969502077
        dvar2: 0.0100419912487
        max: 0.276173442602
        mean: 0.103323459625
        min: 0.0249581504613
        var: 0.0047198147513
    bpm: 130.668518066
    bpm_confidence: 0
    first_peak_bpm: 131
    first_peak_spread: 0
    first_peak_weight: 0.952380955219
    onset_rate: 4.18701171875
    second_peak_bpm: 122
    second_peak_spread: 0
    second_peak_weight: 0.047619048506
    beats_position: [0.10188794136, 0.560460090637, 1.01903223991, 1.4776045084, 1.93617665768, 2.39474868774, 2.85332083702, 3.3118929863, 3.77046513557, 4.22903728485, 4.68760919571, 5.1461815834, 5.60475349426, 6.0964307785, 6.55609893799, 7.01576805115, 7.47543621063, 7.93510532379, 8.39477443695, 8.85444259644, 9.31411075592, 9.77377986908]
    bpm_estimates: [130.89201355, 130.809463501, 130.841217041, 130.464706421, 130.920440674, 130.731430054, 130.766052246, 131.304885864, 130.720703125, 130.713638306, 130.734802246, 129.285720825, 130.218322754, 130.700668335, 130.713317871, 130.860412598, 130.75617981, 130.599090576]
    bpm_intervals: [0.458572149277, 0.458572149277, 0.458572268486, 0.458572149277, 0.458572030067, 0.458572149277, 0.458572149277, 0.458572149277, 0.458572149277, 0.458571910858, 0.458572387695, 0.458571910858, 0.491677284241, 0.459668159485, 0.459669113159, 0.459668159485, 0.459669113159, 0.459669113159, 0.459668159485, 0.459668159485, 0.459669113159]
    onset_times: [0.0580498874187, 0.325079351664, 0.557278931141, 0.812698423862, 1.01006805897, 1.30031740665, 1.47446715832, 1.66022670269, 1.71827661991, 1.93886625767, 2.06657600403, 2.35682535172, 2.5890250206, 2.85605430603, 3.09986400604, 3.33206343651, 3.55265307426, 3.77324271202, 4.00544214249, 4.62077093124, 4.71365070343, 4.94585037231, 5.1780500412, 5.24770975113, 5.630838871, 6.08362817764, 6.33904743195, 6.51319742203, 6.78022670746, 7.22140598297, 7.47682523727, 7.90639448166, 8.18503379822, 8.39401340485, 8.63782310486, 9.05578231812, 9.0906124115, 9.19510173798, 9.32281208038, 9.55501174927, 9.78721046448, 10.0194101334]
    rubato_start: []
    rubato_stop: []
    perceptual_tempo: "unknown"

sfx:
    inharmonicity:
        dmean: 0.0586537569761
        dmean2: 0.0997787564993
        dvar: 0.00303451507352
        dvar2: 0.00884046405554
        max: 0.363966137171
        mean: 0.0774690434337
        min: 0
        var: 0.00383583712392
    oddtoevenharmonicenergyratio:
        dmean: 3.22271418571
        dmean2: 5.19367218018
        dvar: 321.287322998
        dvar2: 696.850952148
        max: 338.088043213
        mean: 2.56697297096
        min: 0
        var: 317.704498291
    pitch_after_max_to_before_max_energy_ratio: 0.993305265903
    pitch_centroid: 217.522918701
    pitch_max_to_total: 0.523255825043
    pitch_min_to_total: 0.225581392646
    tristimulus:
        dmean: [0.146303877234, 0.267436444759, 0.214723616838]
        dmean2: [0.254340827465, 0.464545994997, 0.37619560957]
        dvar: [0.0180002432317, 0.046465292573, 0.0311333537102]
        dvar2: [0.0462143085897, 0.122070863843, 0.0793604999781]
        max: [1, 0.961891770363, 0.781952023506]
        mean: [0.231383338571, 0.454993963242, 0.244064360857]
        min: [0.0172878857702, 0, 0]
        var: [0.0269809514284, 0.0644531771541, 0.0469106175005]

tonal:
    chords_changes_rate: 0.0277777779847
    chords_number_rate: 0.00925925932825
    chords_strength:
        dmean: 0.00832238513976
        dmean2: 0.00999627634883
        dvar: 4.86642238684e-05
        dvar2: 5.7612774981e-05
        max: 0.731184720993
        mean: 0.640930831432
        min: 0.486214548349
        var: 0.00291148736142
    key_strength: 0.591752946377
    tuning_diatonic_strength: 0.611737668514
    tuning_equal_tempered_deviation: 0.162949278951
    tuning_frequency: 445.369720459
    tuning_nontempered_energy_ratio: 0.81939291954
    hpcp:
        dmean: [0.173277795315, 0.174538880587, 0.124223321676, 0.120706662536, 0.159151569009, 0.186054423451, 0.192968398333, 0.195883885026, 0.17906409502, 0.12571631372, 0.12195187062, 0.106454536319, 0.0848205089569, 0.0923022180796, 0.150680795312, 0.187384173274, 0.177594348788, 0.12431717664, 0.100146695971, 0.127798110247, 0.163613334298, 0.166555076838, 0.137139037251, 0.122792676091, 0.118205919862, 0.113952167332, 0.112251512706, 0.118611633778, 0.14427998662, 0.193498879671, 0.194163352251, 0.194235831499, 0.180724009871, 0.174906373024, 0.17551022768, 0.187220573425]
        dmean2: [0.26531124115, 0.294856965542, 0.22059468925, 0.199836790562, 0.273800253868, 0.303631335497, 0.308888614178, 0.306364297867, 0.301214426756, 0.205466777086, 0.201749265194, 0.176108062267, 0.143354311585, 0.154709324241, 0.236683949828, 0.327961713076, 0.298432946205, 0.204452171922, 0.171476840973, 0.218983456492, 0.25194644928, 0.26651391387, 0.22276969254, 0.201491519809, 0.197497233748, 0.19187797606, 0.186517566442, 0.198225274682, 0.240100473166, 0.312346160412, 0.31705352664, 0.336348593235, 0.299285769463, 0.284233659506, 0.291083872318, 0.315288424492]
        dvar: [0.0336545221508, 0.0391259156168, 0.0252327527851, 0.0159341841936, 0.0308465287089, 0.0357082113624, 0.0290337782353, 0.0286332201213, 0.0383645296097, 0.0177767165005, 0.0241757947952, 0.0255435425788, 0.0156658608466, 0.013465304859, 0.0242570657283, 0.0499656163156, 0.0412360429764, 0.0210240725428, 0.0247889496386, 0.019953623414, 0.0273280963302, 0.0302138403058, 0.0218234993517, 0.0265151672065, 0.0279933661222, 0.030878148973, 0.0222909953445, 0.0215695984662, 0.0233909934759, 0.0408707335591, 0.0338156074286, 0.0391884855926, 0.044906180352, 0.0287866685539, 0.0377520024776, 0.0380103550851]
        dvar2: [0.0843719020486, 0.108193568885, 0.0677472427487, 0.0419003218412, 0.0852220579982, 0.0962938889861, 0.0674809888005, 0.0698379874229, 0.0982266291976, 0.0492884851992, 0.0627398341894, 0.063371501863, 0.0354064591229, 0.0369754433632, 0.0611306168139, 0.1176558882, 0.117081820965, 0.0639213994145, 0.0752650052309, 0.0573957562447, 0.0623996183276, 0.0581226870418, 0.0469128079712, 0.0643770247698, 0.077403716743, 0.0844224691391, 0.0523090884089, 0.0522058568895, 0.0512725673616, 0.101169265807, 0.0794672593474, 0.105800658464, 0.120834931731, 0.0718673542142, 0.0971770808101, 0.0895036160946]
        max: [1, 1, 1, 0.904580175877, 1, 1, 1, 1, 1, 1, 1, 1, 1, 1, 1, 1, 1, 1, 1, 0.869690239429, 1, 1, 1, 1, 1, 1, 0.991884529591, 0.929117918015, 1, 1, 1, 1, 1, 1, 1, 1]
        mean: [0.361318171024, 0.256709396839, 0.171902596951, 0.174158960581, 0.246937811375, 0.408687770367, 0.474013507366, 0.388653934002, 0.285789132118, 0.200834661722, 0.1647220999, 0.144398331642, 0.11170142889, 0.124095872045, 0.271107405424, 0.378895550966, 0.278724759817, 0.159737810493, 0.127498582006, 0.167730525136, 0.370714515448, 0.452066779137, 0.271864831448, 0.159484952688, 0.144965425134, 0.140231505036, 0.147203311324, 0.150667771697, 0.207950785756, 0.336520403624, 0.356364607811, 0.291120260954, 0.283161014318, 0.259801954031, 0.245532542467, 0.327675759792]
        min: [0.0100865345448, 0.00840392056853, 0.00737446220592, 0.00821817480028, 0.010225453414, 0.0150207616389, 0.0210528727621, 0.0248056054115, 0.0221971366554, 0.0188077334315, 0.0180012322962, 0.0120250862092, 0.00429424736649, 0.0113214394078, 0.00988294463605, 0.0105429375544, 0.0131072318181, 0.0112719209865, 0.0100891301408, 0.00968128535897, 0.0206998791546, 0.0144107472152, 0.0104099996388, 0.0116676343605, 0.00797994341701, 0.00257546966895, 0.00346726085991, 0.00542627833784, 0.00470409123227, 0.00917291454971, 0.0156036112458, 0.0195708684623, 0.0178633946925, 0.0102324578911, 0.00571963284165, 0.00677292980254]
        var: [0.0877261608839, 0.0559873990715, 0.0276766102761, 0.0223669074476, 0.0346154272556, 0.0697109103203, 0.0877825319767, 0.0562782771885, 0.0448837764561, 0.0234461911023, 0.0255216974765, 0.0242972485721, 0.0172394644469, 0.0130106564611, 0.0503688119352, 0.117836847901, 0.0727292373776, 0.0226965881884, 0.019889049232, 0.0225405171514, 0.0808397680521, 0.114467442036, 0.037777453661, 0.0284427572042, 0.0270269010216, 0.0281205251813, 0.0240944791585, 0.0232908800244, 0.0375477410853, 0.0831404328346, 0.0774258747697, 0.0556118935347, 0.0654887259007, 0.0492953024805, 0.0541810691357, 0.0722937434912]
    chords_histogram: [87.9629592896, 12.0370368958, 0, 0, 0, 0, 0, 0, 0, 0, 0, 0, 0, 0, 0, 0, 0, 0, 0, 0, 0, 0, 0, 0]
    thpcp: [1, 0.819921672344, 0.602913498878, 0.423689752817, 0.347505062819, 0.304629147053, 0.23565030098, 0.261798173189, 0.571940243244, 0.799334943295, 0.588010191917, 0.336989998817, 0.268976688385, 0.353851795197, 0.782075822353, 0.953700184822, 0.573538124561, 0.336456567049, 0.30582550168, 0.295838624239, 0.310546666384, 0.317855447531, 0.438702225685, 0.709938406944, 0.751802623272, 0.614160239697, 0.597369074821, 0.548089742661, 0.517986357212, 0.691279351711, 0.762252926826, 0.541565597057, 0.362653374672, 0.367413491011, 0.520950973034, 0.862185895443]
    chords_key: "E"
    chords_scale: "minor"
    key_key: "E"
    key_scale: "minor"
    chords_progression: ["G", "Em", "G", "G", "G", "G", "G", "G", "G", "Em", "Em", "Em", "Em", "Em", "Em", "Em", "Em", "Em", "Em", "Em", "Em", "Em", "Em", "Em", "Em", "Em", "Em", "Em", "Em", "Em", "Em", "Em", "Em", "Em", "Em", "Em", "Em", "Em", "Em", "Em", "Em", "Em", "Em", "Em", "Em", "Em", "Em", "Em", "Em", "Em", "Em", "Em", "Em", "Em", "Em", "Em", "Em", "Em", "Em", "Em", "Em", "Em", "Em", "Em", "Em", "Em", "Em", "Em", "Em", "Em", "Em", "Em", "Em", "Em", "Em", "Em", "Em", "Em", "Em", "Em", "Em", "Em", "Em", "Em", "Em", "Em", "Em", "Em", "Em", "Em", "Em", "Em", "Em", "Em", "Em", "Em", "Em", "Em", "Em", "Em", "Em", "Em", "Em", "Em", "Em", "Em", "Em", "Em", "Em", "Em", "Em", "Em", "Em", "Em", "Em", "Em", "Em", "Em", "Em", "Em", "Em", "Em", "Em", "Em", "Em", "Em", "Em", "Em", "Em", "Em", "Em", "Em", "Em", "Em", "Em", "Em", "Em", "Em", "Em", "Em", "Em", "Em", "Em", "Em", "Em", "Em", "Em", "Em", "Em", "Em", "Em", "Em", "Em", "Em", "Em", "Em", "Em", "Em", "Em", "Em", "Em", "Em", "Em", "Em", "Em", "Em", "Em", "Em", "Em", "Em", "Em", "Em", "Em", "Em", "Em", "Em", "Em", "Em", "G", "G", "G", "G", "G", "G", "G", "G", "G", "G", "G", "G", "G", "Em", "Em", "Em", "Em", "Em", "Em", "Em", "Em", "Em", "Em", "Em", "Em", "Em", "Em", "Em", "Em", "Em", "Em", "Em", "Em", "G", "G", "G", "G", "G"]
