
metadata:
    version:
        essentia: "1.2.2"
    audio_properties:
        analysis_sample_rate: 44100
        bitrate: 128
        channels: 2
        equal_loudness: 1
        length: 10.0571432114
        replay_gain: 1.45141792297
        downmix: "mix"
    tags:
        track: 29
        year: 0
        album: "Splitted by Mp3Splt v. 2.1"
        artist: "From 004.40 To 004.50"
        comment: "http://mp3splt.sf.net"
        genre: ""
        title: "01 harlem.mp3"

highlevel:
    ballroom:
        all:
            ChaChaCha: 0.0684482082725
            Jive: 0.114912219346
            Quickstep: 0.1240818277
            Rumba-American: 0.0107525661588
            Rumba-International: 0.074950709939
            Rumba-Misc: 0.0317099839449
            Samba: 0.0676281526685
            Tango: 0.148735851049
            VienneseWaltz: 0.195405483246
            Waltz: 0.163374990225
        probability: 0.195405483246
        value: "VienneseWaltz"
    culture:
        all:
            non_western: 0.394821107388
            western: 0.605178892612
        probability: 0.605178892612
        value: "western"
    gender:
        all:
            female: 0.345846712589
            male: 0.654153287411
        probability: 0.654153287411
        value: "male"
    genre_dortmund:
        all:
            alternative: 0.0458718985319
            blues: 0.0859639793634
            electronic: 0.0321277342737
            folkcountry: 0.22507083416
            funksoulrnb: 0.0239080674946
            jazz: 0.393954783678
            pop: 0.0777695327997
            raphiphop: 0.00697674183175
            rock: 0.108356431127
        probability: 0.393954783678
        value: "jazz"
    genre_electronica:
        all:
            ambient: 0.403359651566
            dnb: 0.484417915344
            house: 0.0436797887087
            techno: 0.025363015011
            trance: 0.0431796200573
        probability: 0.484417915344
        value: "dnb"
    genre_rosamerica:
        all:
            cla: 0.245190173388
            dan: 0.0262474268675
            hip: 0.051513645798
            jaz: 0.067654363811
            pop: 0.126566976309
            rhy: 0.308552473783
            roc: 0.161498129368
            spe: 0.0127768004313
        probability: 0.308552473783
        value: "rhy"
    genre_tzanetakis:
        all:
            blu: 0.0262994337827
            cla: 0.0211738906801
            cou: 0.175577998161
            dis: 0.18953563273
            hip: 0.0262180846184
            jaz: 0.0514134727418
            met: 0.0296102426946
            pop: 0.0437184423208
            reg: 0.0365637727082
            roc: 0.399889022112
        probability: 0.399889022112
        value: "roc"
    live_studio:
        all:
            live: 0.29553848505
            studio: 0.70446151495
        probability: 0.70446151495
        value: "studio"
    mood:
        all:
            Cluster1: 0.125612318516
            Cluster2: 0.125504225492
            Cluster3: 0.370793223381
            Cluster4: 0.122213706374
            Cluster5: 0.255876511335
        probability: 0.370793223381
        value: "Cluster3"
    mood_acoustic:
        all:
            acoustic: 0.603053987026
            not_acoustic: 0.396946012974
        probability: 0.603053987026
        value: "acoustic"
    mood_aggressive:
        all:
            aggressive: 0.477274566889
            not_aggressive: 0.522725462914
        probability: 0.522725462914
        value: "not_aggressive"
    mood_electronic:
        all:
            electronic: 0.171657085419
            not_electronic: 0.828342914581
        probability: 0.828342914581
        value: "not_electronic"
    mood_happy:
        all:
            happy: 0.53868085146
            not_happy: 0.461319178343
        probability: 0.53868085146
        value: "happy"
    mood_party:
        all:
            not_party: 0.716333687305
            party: 0.283666312695
        probability: 0.716333687305
        value: "not_party"
    mood_relaxed:
        all:
            not_relaxed: 0.32579177618
            relaxed: 0.67420822382
        probability: 0.67420822382
        value: "relaxed"
    mood_sad:
        all:
            not_sad: 0.410954415798
            sad: 0.589045584202
        probability: 0.589045584202
        value: "sad"
    rhythm:
        all:
            fast: 0.958163917065
            medium: 0.0353133827448
            slow: 0.00652268063277
        probability: 0.958163917065
        value: "fast"
    speech_music:
        all:
            music: 0.924023628235
            speech: 0.0759763941169
        probability: 0.924023628235
        value: "music"
    timbre:
        all:
            bright: 0.0357770174742
            dark: 0.964222967625
        probability: 0.964222967625
        value: "dark"
    voice_instrumental:
        all:
            instrumental: 0.843964517117
            voice: 0.156035482883
        probability: 0.843964517117
        value: "instrumental"

lowlevel:
    average_loudness: 0.980300605297
    barkbands_kurtosis:
        dmean: 1.29615533352
        dmean2: 2.01526975632
        dvar: 6.68951654434
        dvar2: 13.5530204773
        max: 36.2536354065
        mean: 0.486552655697
        min: -1.77505218983
        var: 18.1776561737
    barkbands_skewness:
        dmean: 0.529881834984
        dmean2: 0.788014173508
        dvar: 0.315253615379
        dvar2: 0.620389521122
        max: 5.83097934723
        mean: 0.611494421959
        min: -1.88504171371
        var: 1.28231525421
    barkbands_spread:
        dmean: 5.08177137375
        dmean2: 8.03534793854
        dvar: 20.624332428
        dvar2: 48.5246124268
        max: 46.1801948547
        mean: 24.9367599487
        min: 4.057949543
        var: 72.1064758301
    dissonance:
        dmean: 0.0208317302167
        dmean2: 0.0343673788011
        dvar: 0.000646756670903
        dvar2: 0.00123976380564
        max: 0.499493271112
        mean: 0.465949475765
        min: 0.0468426346779
        var: 0.000945334497374
    hfc:
        dmean: 1.20968091488
        dmean2: 1.81672787666
        dvar: 5.10695791245
        dvar2: 8.54563331604
        max: 39.4278259277
        mean: 3.3171145916
        min: 0.000376384443371
        var: 15.9368515015
    pitch:
        dmean: 362.824981689
        dmean2: 672.227478027
        dvar: 540375
        dvar2: 1366058.625
        max: 4009.09082031
        mean: 539.339477539
        min: 81.8181838989
        var: 619692.0625
    pitch_instantaneous_confidence:
        dmean: 0.090423874557
        dmean2: 0.146358415484
        dvar: 0.00592185882851
        dvar2: 0.0144383795559
        max: 0.833983063698
        mean: 0.412301242352
        min: 0.153179883957
        var: 0.0162944868207
    pitch_salience:
        dmean: 0.0746597126126
        dmean2: 0.115028046072
        dvar: 0.00404720054939
        dvar2: 0.00971741788089
        max: 0.976910531521
        mean: 0.567443013191
        min: 0.27516874671
        var: 0.013006400317
    silence_rate_20dB:
        dmean: 0
        dmean2: 0
        dvar: 0
        dvar2: 0
        max: 1
        mean: 1
        min: 1
        var: 0
    silence_rate_30dB:
        dmean: 0
        dmean2: 0
        dvar: 0
        dvar2: 0
        max: 1
        mean: 1
        min: 1
        var: 0
    silence_rate_60dB:
        dmean: 0.110854506493
        dmean2: 0.222222223878
        dvar: 0.0985655412078
        dvar2: 0.186728447676
        max: 1
        mean: 0.677419364452
        min: 0
        var: 0.218522116542
    spectral_centroid:
        dmean: 291.897888184
        dmean2: 444.648986816
        dvar: 94801.8203125
        dvar2: 190224.15625
        max: 3389.5300293
        mean: 1312.57275391
        min: 229.888717651
        var: 337638.84375
    spectral_complexity:
        dmean: 2.10208821297
        dmean2: 3.30930233002
        dvar: 4.14271450043
        dvar2: 7.89734792709
        max: 29
        mean: 6.11342573166
        min: 0
        var: 16.2394676208
    spectral_crest:
        dmean: 2.41500306129
        dmean2: 3.81660604477
        dvar: 5.08239555359
        dvar2: 11.5833110809
        max: 22.1902141571
        mean: 8.88265800476
        min: 2.9937889576
        var: 16.3421859741
    spectral_decrease:
        dmean: 2.71180633504e-10
        dmean2: 3.96247368251e-10
        dvar: 1.87365856697e-19
        dvar2: 3.97899698183e-19
        max: -2.95778145357e-14
        mean: -7.0692052212e-10
        min: -3.87933773993e-09
        var: 4.64201196959e-19
    spectral_energy:
        dmean: 0.001114799059
        dmean2: 0.00163098832127
        dvar: 3.03485080622e-06
        dvar2: 6.32134378975e-06
        max: 0.0171437487006
        mean: 0.00296894949861
        min: 1.45772588667e-07
        var: 7.90940157458e-06
    spectral_energyband_high:
        dmean: 5.5302400142e-05
        dmean2: 8.81389059941e-05
        dvar: 3.32885790044e-08
        dvar2: 7.01637432599e-08
        max: 0.00278506637551
        mean: 8.10820274637e-05
        min: 7.20726722747e-09
        var: 3.86548961728e-08
    spectral_energyband_low:
        dmean: 0.000128966130433
        dmean2: 0.000218177156057
        dvar: 2.15580371332e-07
        dvar2: 5.88435682403e-07
        max: 0.00480016041547
        mean: 0.00013012526324
        min: 2.44235992541e-10
        var: 1.7257028162e-07
    spectral_energyband_middle_high:
        dmean: 0.000429410370998
        dmean2: 0.000653079652693
        dvar: 6.79588595176e-07
        dvar2: 1.23582174183e-06
        max: 0.0116090914235
        mean: 0.00108403328341
        min: 1.23322791978e-07
        var: 1.82136625426e-06
    spectral_energyband_middle_low:
        dmean: 0.000728687446099
        dmean2: 0.00105052569415
        dvar: 1.23938002616e-06
        dvar2: 2.43138106271e-06
        max: 0.0108665721491
        mean: 0.00167371309362
        min: 1.47481289403e-08
        var: 3.72791805603e-06
    spectral_flatness_db:
        dmean: 0.0181445851922
        dmean2: 0.0284468624741
        dvar: 0.00038569260505
        dvar2: 0.000800902082119
        max: 0.300351887941
        mean: 0.180411398411
        min: 0.0895775407553
        var: 0.00109171925578
    spectral_flux:
        dmean: 0.00895265862346
        dmean2: 0.0140128703788
        dvar: 0.000147343540448
        dvar2: 0.000351108785253
        max: 0.104574784636
        mean: 0.0299883987755
        min: 0.011563369073
        var: 0.000246383220656
    spectral_kurtosis:
        dmean: 1.67883169651
        dmean2: 2.80346846581
        dvar: 2.33047509193
        dvar2: 6.36690950394
        max: 16.4097118378
        mean: 5.44486761093
        min: 0.5427339077
        var: 4.03833866119
    spectral_rms:
        dmean: 0.000291583477519
        dmean2: 0.000417539733462
        dvar: 1.3901532725e-07
        dvar2: 2.67156735845e-07
        max: 0.00408969540149
        mean: 0.00155634223484
        min: 1.19254837045e-05
        var: 4.74339088896e-07
    spectral_rolloff:
        dmean: 535.482055664
        dmean2: 874.948974609
        dvar: 374807.03125
        dvar2: 739228.375
        max: 5318.70117188
        mean: 2479.30883789
        min: 172.265625
        var: 1068013.125
    spectral_skewness:
        dmean: 0.217492729425
        dmean2: 0.351329952478
        dvar: 0.0404503382742
        dvar2: 0.111583307385
        max: 2.92012190819
        mean: 1.62156116962
        min: 0.369113624096
        var: 0.087105602026
    spectral_spread:
        dmean: 420026.34375
        dmean2: 545739.625
        dvar: 702993661952
        dvar2: 485460574208
        max: 26026934
        mean: 3702937.5
        min: 2353590.25
        var: 1.66532349952e+12
    spectral_strongpeak:
        dmean: 0.340109884739
        dmean2: 0.577183187008
        dvar: 0.363338947296
        dvar2: 0.846683084965
        max: 5.54626083374
        mean: 0.55515474081
        min: 0.000168501326698
        var: 0.632051408291
    zerocrossingrate:
        dmean: 0.00987098459154
        dmean2: 0.0113917151466
        dvar: 8.98837679415e-05
        dvar2: 0.000104547725641
        max: 0.14404296875
        mean: 0.0765573009849
        min: 0.00634765625
        var: 0.000647158245556
    barkbands:
        dmean: [3.97693478149e-09, 7.45408169678e-06, 0.000123178324429, 0.000313511030981, 0.00024309247965, 0.000126737912069, 8.15970197436e-05, 0.00010522872617, 9.79092874331e-05, 0.000136921458761, 3.81135287171e-05, 3.52419083356e-05, 5.77137579967e-05, 2.44621387537e-05, 8.939205145e-05, 5.93637378188e-05, 9.18313671718e-05, 8.43539673951e-05, 5.1239028835e-05, 8.54123936733e-05, 1.77768197318e-05, 8.0700892795e-06, 6.90115712132e-07, 2.27572215294e-07, 8.94141436447e-08, 5.20569276574e-09, 2.25886154226e-09]
        dmean2: [6.67550592581e-09, 1.35892569233e-05, 0.000208394121728, 0.00047359598102, 0.000335781369358, 0.000212968239794, 0.000138032468385, 0.000171859690454, 0.000160588839208, 0.000225213676458, 6.53836978017e-05, 6.05134300713e-05, 9.32236143854e-05, 3.91665344068e-05, 0.000142408825923, 9.0675384854e-05, 0.000142010132549, 0.000127936815261, 7.72126877564e-05, 0.000141026583151, 2.76518276223e-05, 1.42350345413e-05, 1.07924472559e-06, 3.07500386043e-07, 1.19618206895e-07, 7.61445395625e-09, 3.43591444185e-09]
        dvar: [4.35520320153e-17, 1.04080100094e-09, 1.89418145169e-07, 5.85910527207e-07, 1.54170464839e-07, 6.97936783922e-08, 3.7629398264e-08, 8.91390925517e-08, 5.03531438767e-08, 2.85218305862e-07, 1.7911231609e-08, 1.11859899121e-08, 4.95886576246e-09, 1.94937155307e-09, 1.20174505014e-07, 1.33151649706e-08, 6.71090703008e-08, 3.60853178449e-08, 1.00944754777e-08, 4.60018618753e-08, 3.68728136912e-09, 1.24435395321e-09, 9.20363503291e-13, 1.92302472774e-13, 1.60205490773e-14, 9.35995653034e-16, 9.55514044996e-16]
        dvar2: [1.03013883879e-16, 3.00032132472e-09, 5.12725250701e-07, 1.09951577087e-06, 2.82860526113e-07, 2.00389123961e-07, 1.00038946016e-07, 2.24342997512e-07, 1.16368042313e-07, 7.16198996997e-07, 4.16642471635e-08, 3.1547237711e-08, 1.3498303808e-08, 4.57577842283e-09, 2.02836005769e-07, 2.61675072721e-08, 1.06761554264e-07, 7.7379993968e-08, 2.07789252471e-08, 9.64867936659e-08, 7.11040781809e-09, 3.57062579504e-09, 2.16461549206e-12, 3.45246888803e-13, 2.96628363148e-14, 2.28639836386e-15, 2.39525734418e-15]
        max: [6.83352965325e-08, 0.000334503478371, 0.00446564890444, 0.00867566466331, 0.00546648306772, 0.00276469485834, 0.0023222793825, 0.00331317307428, 0.00271469634026, 0.00642978679389, 0.00193594326265, 0.00103652337566, 0.000536340929102, 0.000758863578085, 0.00505361054093, 0.00150734419003, 0.00570717314258, 0.00284185679629, 0.00179640308488, 0.00303455465473, 0.00108382618055, 0.000539586471859, 1.05148183138e-05, 6.59448596707e-06, 1.52706286372e-06, 4.38409102799e-07, 4.55431006685e-07]
        mean: [4.80255080149e-09, 5.97640973865e-06, 0.000124145284644, 0.000654150557239, 0.000416706490796, 0.000210652127862, 9.90464031929e-05, 0.000148010309204, 0.000122352139442, 0.000143230703543, 4.49000835943e-05, 4.27719714935e-05, 8.20569184725e-05, 3.63758554158e-05, 0.00013367421343, 0.00011933814676, 0.000172321058926, 0.000132757122628, 0.000108734006062, 0.000134227520903, 2.55562717939e-05, 1.01391615317e-05, 1.25735198253e-06, 4.01000761485e-07, 1.59481331252e-07, 7.36371230659e-09, 1.19711085489e-09]
        min: [9.53981511842e-12, 8.05178285157e-11, 1.57786173016e-10, 2.82345258285e-10, 1.18632292878e-09, 9.68929825262e-10, 4.24130841559e-10, 2.39210629083e-09, 8.32529511996e-09, 5.26784038613e-09, 1.14137721496e-09, 3.37600480904e-09, 3.24517523964e-09, 2.74929212729e-09, 9.43620737104e-09, 2.0501474296e-08, 2.36582842206e-08, 4.24262580623e-08, 9.57066781382e-09, 3.64321417479e-09, 1.83012249799e-09, 1.24213039854e-09, 1.07609088307e-09, 6.76168676605e-10, 6.42720932031e-10, 6.20699214249e-10, 8.80334759083e-13]
        var: [5.46050807493e-17, 6.08046502037e-10, 1.56268001206e-07, 1.81897098628e-06, 4.86305054892e-07, 2.05517224572e-07, 4.05283593352e-08, 1.07525821136e-07, 5.80247636606e-08, 2.55669476701e-07, 1.81714128189e-08, 8.07192090946e-09, 7.00265667675e-09, 2.53828691399e-09, 1.82141647542e-07, 5.10117459385e-08, 2.71427580856e-07, 7.97060835112e-08, 3.03915292932e-08, 5.81222678875e-08, 4.81056439128e-09, 7.30217553091e-10, 1.3425842469e-12, 3.2488351202e-13, 3.11060381554e-14, 5.46363673671e-16, 4.78761497694e-16]
    mfcc:
        mean: [-761.663635254, 122.091781616, -69.6621780396, 43.3308601379, -22.9105968475, -11.0312452316, -9.77607917786, -10.0891199112, -8.76185894012, -9.35544967651, -10.6543502808, -11.9875202179, -10.523812294]
        cov: [[1374.7824707, 215.758132935, 162.492706299, 164.114227295, 38.4107284546, -12.8493518829, 3.77000617981, -58.3302192688, -5.19573497772, 8.8045129776, -25.0206928253, 3.14705657959, 17.4773101807], [215.758132935, 441.913635254, 174.841690063, 107.884078979, 79.5517425537, 58.5469169617, 54.0849647522, 1.90060985088, -6.86892414093, -24.057636261, -49.5875587463, -51.2579879761, -26.7813663483], [162.492706299, 174.841690063, 395.005462646, 148.102401733, 103.386039734, 92.0961608887, 76.7901077271, -4.6033911705, -41.1259613037, -83.2992477417, -91.5573806763, -32.2473449707, -62.9070625305], [164.114227295, 107.884078979, 148.102401733, 289.038696289, 151.793563843, 84.2273178101, 60.3933296204, -8.14081382751, -24.6276531219, -49.7492446899, -41.6253585815, -3.60722327232, -39.2143554688], [38.4107284546, 79.5517425537, 103.386039734, 151.793563843, 188.881286621, 90.308265686, 47.0976867676, 14.5326929092, -6.75011634827, -14.7364931107, -29.7587051392, 2.24900555611, -21.2485332489], [-12.8493518829, 58.5469169617, 92.0961608887, 84.2273178101, 90.308265686, 179.534591675, 91.1182479858, 42.036403656, -6.10086011887, -39.4339561462, -28.0961017609, 0.936381459236, -23.1840286255], [3.77000617981, 54.0849647522, 76.7901077271, 60.3933296204, 47.0976867676, 91.1182479858, 121.905105591, 63.430267334, 3.89915585518, -19.1814231873, -16.5914154053, 0.333178877831, -27.6596508026], [-58.3302192688, 1.90060985088, -4.6033911705, -8.14081382751, 14.5326929092, 42.036403656, 63.430267334, 108.772171021, 53.89793396, 23.8800296783, 22.0139160156, 11.6606626511, -6.40874147415], [-5.19573497772, -6.86892414093, -41.1259613037, -24.6276531219, -6.75011634827, -6.10086011887, 3.89915585518, 53.89793396, 101.998931885, 65.0224609375, 31.8260612488, 1.06476330757, 7.31547689438], [8.8045129776, -24.057636261, -83.2992477417, -49.7492446899, -14.7364931107, -39.4339561462, -19.1814231873, 23.8800296783, 65.0224609375, 124.235466003, 64.2008972168, 0.192437425256, 26.4644775391], [-25.0206928253, -49.5875587463, -91.5573806763, -41.6253585815, -29.7587051392, -28.0961017609, -16.5914154053, 22.0139160156, 31.8260612488, 64.2008972168, 93.5491409302, 32.2637634277, 24.9236030579], [3.14705657959, -51.2579879761, -32.2473449707, -3.60722327232, 2.24900555611, 0.936381459236, 0.333178877831, 11.6606626511, 1.06476330757, 0.192437425256, 32.2637634277, 70.8109664917, 30.3396015167], [17.4773101807, -26.7813663483, -62.9070625305, -39.2143554688, -21.2485332489, -23.1840286255, -27.6596508026, -6.40874147415, 7.31547689438, 26.4644775391, 24.9236030579, 30.3396015167, 73.0003967285]]
        icov: [[0.000923912914004, -0.000365449406672, -0.000304755172692, -0.000641806400381, 0.000500457594171, 0.000180261864443, -0.00011903714767, 0.000578370934818, -0.000209090212593, -0.000553430698346, 0.000268312578555, -0.000535631668754, -0.000401468336349], [-0.000365449406672, 0.00327687431127, -0.000931732531171, -0.000143782672239, -0.000739813782275, 8.46680850373e-05, -0.000873133365531, 8.42336885398e-05, -0.000339853169862, 0.000487364915898, -0.000568651477806, 0.00274223042652, -0.00119053327944], [-0.000304755172692, -0.000931732531171, 0.0046925926581, -0.00046447024215, -0.00068601075327, -0.000294582452625, -0.00110971042886, 0.000300641870126, 0.000250995275564, 0.000618239166215, 0.00237058685161, -0.000503891147673, 0.00198888685554], [-0.000641806400381, -0.000143782672239, -0.00046447024215, 0.00783588550985, -0.00561727536842, 0.000526863557752, -0.00264979247004, 0.00282989814878, -0.00134923739824, 0.00271209375933, -0.00177720212378, 4.05831779062e-05, 0.00142856722232], [0.000500457594171, -0.000739813782275, -0.00068601075327, -0.00561727536842, 0.0122905587777, -0.00420681200922, 0.00289272866212, -0.00208749901503, 0.00191974220797, -0.00522056035697, 0.00409618485719, -0.00341743021272, 0.000876349397004], [0.000180261864443, 8.46680850373e-05, -0.000294582452625, 0.000526863557752, -0.00420681200922, 0.0114873368293, -0.00710759451613, 0.000267075607553, -0.0012714889599, 0.00361775560305, -0.00121531938203, 0.00110440899152, -0.00145696627442], [-0.00011903714767, -0.000873133365531, -0.00110971042886, -0.00264979247004, 0.00289272866212, -0.00710759451613, 0.0221957881004, -0.0130789093673, 0.0055173439905, -0.0032812806312, 0.0032430626452, -0.0023433319293, 0.0036782338284], [0.000578370934818, 8.42336885398e-05, 0.000300641870126, 0.00282989814878, -0.00208749901503, 0.000267075607553, -0.0130789093673, 0.023878570646, -0.011916522868, 0.0028646721039, -0.00427739974111, -0.00161907752044, 0.000578560691793], [-0.000209090212593, -0.000339853169862, 0.000250995275564, -0.00134923739824, 0.00191974220797, -0.0012714889599, 0.0055173439905, -0.011916522868, 0.0213473569602, -0.0106846867129, 0.00335016497411, -0.000771751161665, 0.00152737332974], [-0.000553430698346, 0.000487364915898, 0.000618239166215, 0.00271209375933, -0.00522056035697, 0.00361775560305, -0.0032812806312, 0.0028646721039, -0.0106846867129, 0.0230108834803, -0.0137767214328, 0.00916384812444, -0.00543771311641], [0.000268312578555, -0.000568651477806, 0.00237058685161, -0.00177720212378, 0.00409618485719, -0.00121531938203, 0.0032430626452, -0.00427739974111, 0.00335016497411, -0.0137767214328, 0.0261574629694, -0.012191561982, 0.00326987169683], [-0.000535631668754, 0.00274223042652, -0.000503891147673, 4.05831779062e-05, -0.00341743021272, 0.00110440899152, -0.0023433319293, -0.00161907752044, -0.000771751161665, 0.00916384812444, -0.012191561982, 0.0265612713993, -0.0110736247152], [-0.000401468336349, -0.00119053327944, 0.00198888685554, 0.00142856722232, 0.000876349397004, -0.00145696627442, 0.0036782338284, 0.000578560691793, 0.00152737332974, -0.00543771311641, 0.00326987169683, -0.0110736247152, 0.0223801843822]]
    spectral_contrast:
        mean: [-4.87236945901e-07, -2.10496153841e-08, 7.76511726031e-08, -3.87982083794e-07, 2.40677895391e-08, 1.70501024854e-07, -1.70668306509e-06, 1.22658627788e-06, -2.45869159698e-06, 1.36345624924e-06, -2.27491068472e-06, 3.76613047592e-06]
        var: [0.000478429894429, 0.000645558116958, 0.0015412257053, 0.0026866372209, 0.00496617564932, 0.00987989082932, 0.0450153164566, 0.0844772681594, 0.113358229399, 0.197508215904, 0.343104034662, 0.845056414604]

rhythm:
    beats_loudness:
        dmean: 0.00410023517907
        dmean2: 0.00741024594754
        dvar: 8.71478823683e-06
        dvar2: 2.73213045148e-05
        max: 0.0130937052891
        mean: 0.0040426380001
        min: 0.000940916012041
        var: 9.95465870801e-06
    beats_loudness_bass:
        dmean: 0.23028729856
        dmean2: 0.356464773417
        dvar: 0.0520672984421
        dvar2: 0.133711099625
        max: 0.772447049618
        mean: 0.180223464966
        min: 0.0010661786655
        var: 0.0553130544722
    bpm: 121.129333496
    bpm_confidence: 0
    first_peak_bpm: 91
    first_peak_spread: 0
    first_peak_weight: 0.5
    onset_rate: 4.27556848526
    second_peak_bpm: 121
    second_peak_spread: 0
    second_peak_weight: 0.4375
    beats_position: [0.103457480669, 0.763517796993, 1.42357814312, 2.08363842964, 2.74369859695, 3.40375876427, 4.06381893158, 4.72387933731, 5.3839392662, 6.26089048386, 6.75623941422, 7.25158882141, 7.74693727493, 8.24228572845, 8.73763465881, 9.2329826355, 9.72833251953]
    bpm_estimates: [121.13243103, 121.720085144, 121.019615173, 120.153121948, 121.621383667]
    bpm_intervals: [0.660060286522, 0.660060346127, 0.660060286522, 0.660060167313, 0.660060167313, 0.660060167313, 0.660060405731, 0.660059928894, 0.876951217651, 0.495348930359, 0.495349407196, 0.495348453522, 0.495348453522, 0.495348930359, 0.495347976685, 0.495349884033]
    onset_times: [0.0580498874187, 0.394739240408, 0.754648506641, 0.882358253002, 1.14938771725, 1.42802715302, 1.71827661991, 1.98530614376, 2.08979582787, 2.42648530006, 2.60063481331, 2.75156474113, 3.06503391266, 3.11147403717, 3.20435380936, 3.39011335373, 3.50621318817, 3.76163268089, 4.07510185242, 4.43501138687, 4.76009082794, 5.0967798233, 5.75854873657, 5.94430828094, 6.09523820877, 6.25777769089, 6.46675729752, 6.78022670746, 7.07047605515, 7.41877555847, 7.77868461609, 7.91800451279, 8.09215450287, 8.25469398499, 8.44045352936, 8.59138298035, 8.74231338501, 9.0906124115, 9.21832180023, 9.39247131348, 9.58984088898, 9.62467098236, 9.7639913559]
    rubato_start: [6.75623941422]
    rubato_stop: [9.72833251953]
    perceptual_tempo: "unknown"

sfx:
    inharmonicity:
        dmean: 0.0451144166291
        dmean2: 0.0810293406248
        dvar: 0.00416170153767
        dvar2: 0.012301097624
        max: 0.440865933895
        mean: 0.0452542863786
        min: 0
        var: 0.00361028779298
    oddtoevenharmonicenergyratio:
        dmean: 5.43805170059
        dmean2: 10.5256843567
        dvar: 834.514160156
        dvar2: 2444.27148438
        max: 377.457458496
        mean: 3.08304166794
        min: 0
        var: 452.593902588
    pitch_after_max_to_before_max_energy_ratio: 1.7098531723
    pitch_centroid: 200.312561035
    pitch_max_to_total: 0.375
    pitch_min_to_total: 0.64814811945
    tristimulus:
        dmean: [0.204922676086, 0.244414746761, 0.105443581939]
        dmean2: [0.344351023436, 0.434170722961, 0.18551440537]
        dvar: [0.0365778617561, 0.0522922053933, 0.0130918975919]
        dvar2: [0.0952907502651, 0.136109918356, 0.0366728641093]
        max: [1, 0.996468663216, 0.683721482754]
        mean: [0.441492825747, 0.402747005224, 0.09997369349]
        min: [0.00163068366237, 0, 0]
        var: [0.0682844817638, 0.0729288458824, 0.0135314427316]

tonal:
    chords_changes_rate: 0.0829493105412
    chords_number_rate: 0.0276497695595
    chords_strength:
        dmean: 0.00986673589796
        dmean2: 0.0104886628687
        dvar: 7.51585757826e-05
        dvar2: 8.45240647322e-05
        max: 0.607233345509
        mean: 0.489228487015
        min: 0.333370178938
        var: 0.00362228602171
    key_strength: 0.67332482338
    tuning_diatonic_strength: 0.5636754632
    tuning_equal_tempered_deviation: 0.310145884752
    tuning_frequency: 431.193908691
    tuning_nontempered_energy_ratio: 0.94789236784
    hpcp:
        dmean: [0.116583578289, 0.125526919961, 0.113180354238, 0.0900617018342, 0.113286219537, 0.175148710608, 0.200892731547, 0.228213101625, 0.179765969515, 0.0877841636539, 0.0808693245053, 0.0965130925179, 0.12261968106, 0.171399399638, 0.175935640931, 0.178827852011, 0.203199774027, 0.201823621988, 0.143524199724, 0.128852009773, 0.146488174796, 0.224954590201, 0.239630252123, 0.191706910729, 0.130634516478, 0.141510814428, 0.12532517314, 0.115065321326, 0.109107129276, 0.0973249748349, 0.107788041234, 0.110165119171, 0.0930463895202, 0.118648134172, 0.137772455812, 0.11096714437]
        dmean2: [0.201906085014, 0.216639637947, 0.19289034605, 0.145280644298, 0.194633305073, 0.313994109631, 0.336432218552, 0.381782084703, 0.311598211527, 0.145973876119, 0.136810258031, 0.158369541168, 0.207228004932, 0.301473885775, 0.311842799187, 0.307262271643, 0.351394295692, 0.358182758093, 0.249841347337, 0.22699059546, 0.257129132748, 0.394523024559, 0.395779639482, 0.30523276329, 0.226511672139, 0.245345428586, 0.216184556484, 0.200296074152, 0.180492937565, 0.168415933847, 0.18729133904, 0.186625152826, 0.159326300025, 0.21315997839, 0.239309817553, 0.183321520686]
        dvar: [0.027510933578, 0.0316751785576, 0.0228832196444, 0.0139873567969, 0.018233532086, 0.0422547608614, 0.0436780266464, 0.0527987405658, 0.042073328048, 0.0160845238715, 0.0154758561403, 0.0194594766945, 0.0244003608823, 0.0494979768991, 0.0509079433978, 0.0576067008078, 0.0618300139904, 0.0705181732774, 0.0362759381533, 0.0426627658308, 0.0341541841626, 0.0631095319986, 0.0616453588009, 0.0439685359597, 0.0338991992176, 0.0423180647194, 0.031919978559, 0.0332645364106, 0.025621028617, 0.0192664097995, 0.0262885056436, 0.0296391006559, 0.0134425377473, 0.0357081703842, 0.039161991328, 0.0248235631734]
        dvar2: [0.0681014955044, 0.0879311785102, 0.0610165223479, 0.0267418753356, 0.0444004870951, 0.12563072145, 0.114798441529, 0.139724835753, 0.1107660532, 0.0417339093983, 0.0436163470149, 0.0557170882821, 0.0619663149118, 0.129594683647, 0.128885120153, 0.143103405833, 0.141022130847, 0.180001854897, 0.0951500684023, 0.105205796659, 0.0879853516817, 0.130307331681, 0.140790119767, 0.107412450016, 0.0807776153088, 0.107127740979, 0.0906276851892, 0.0803183764219, 0.058263015002, 0.0514973849058, 0.0584094151855, 0.0771340280771, 0.0343831926584, 0.101495310664, 0.10172405839, 0.0609375275671]
        max: [1, 1, 1, 1, 1, 1, 1, 1, 1, 1, 0.995743989944, 1, 1, 1, 1, 1, 1, 1, 1, 1, 1, 1, 1, 1, 1, 1, 1, 1, 1, 0.892579555511, 1, 1, 0.673585653305, 1, 1, 1]
        mean: [0.147758379579, 0.164539366961, 0.155159264803, 0.142912566662, 0.142684578896, 0.177190303802, 0.273523360491, 0.316878259182, 0.210902646184, 0.100708939135, 0.0912124812603, 0.108890004456, 0.151636824012, 0.192645639181, 0.191244095564, 0.217152655125, 0.250992685556, 0.203623920679, 0.147765412927, 0.134080290794, 0.188695788383, 0.378548175097, 0.479376137257, 0.299243628979, 0.149123579264, 0.138900309801, 0.122602574527, 0.167947247624, 0.190653651953, 0.135342210531, 0.128694474697, 0.136621311307, 0.110387414694, 0.122224032879, 0.149241298437, 0.144205570221]
        min: [0.00100837135687, 0.000907472276594, 0.00129671569448, 0.00200457824394, 0.00375661812723, 0.00215468066745, 0.00500600691885, 0.013918553479, 0.00173955224454, 0.000788302626461, 0.000626646215096, 0.00129282916896, 0.000979279400781, 0.00103271426633, 0.00107261596713, 0.0014061605325, 0.00124359468464, 0.00103926355951, 0.00133718468715, 0.00147160049528, 0.00259640533477, 0.00371013209224, 0.00276481616311, 0.00230321800336, 0.00145470921416, 0.00143498159014, 0.00137093104422, 0.00128797185607, 0.00127950217575, 0.00169741222635, 0.00150687550195, 0.00147203123197, 0.000902808678802, 0.0012207061518, 0.00160578952637, 0.00119535566773]
        var: [0.0408315435052, 0.0371638163924, 0.0332503803074, 0.0307167768478, 0.0273836720735, 0.039577845484, 0.0696796104312, 0.0835276767612, 0.0501210875809, 0.0183974504471, 0.016330588609, 0.0201325081289, 0.0354223921895, 0.0734768286347, 0.0545004755259, 0.07458075881, 0.0819537490606, 0.0649540498853, 0.0392525009811, 0.0429562628269, 0.046383138746, 0.113916292787, 0.127621695399, 0.0802559927106, 0.040693923831, 0.0424096621573, 0.0271674767137, 0.0507629998028, 0.077108643949, 0.0274068098515, 0.0380292013288, 0.0335165187716, 0.016307938844, 0.0296880453825, 0.0437796488404, 0.0358267538249]
    chords_histogram: [18.8940086365, 0, 0, 0, 0, 0, 0, 0, 0, 0, 0, 0, 0, 0, 0, 0, 0, 49.3087539673, 10.5990781784, 4.14746522903, 0, 0, 2.30414748192, 14.7465438843]
    thpcp: [1, 0.624235570431, 0.311078429222, 0.289752244949, 0.255754441023, 0.350345462561, 0.397712022066, 0.282329887152, 0.26846241951, 0.28499814868, 0.230273067951, 0.254964768887, 0.311324000359, 0.300819247961, 0.308230578899, 0.343236446381, 0.323669135571, 0.298121988773, 0.297646403313, 0.369626879692, 0.570581912994, 0.661022186279, 0.4399523139, 0.210083335638, 0.190273299813, 0.227149412036, 0.31632116437, 0.401867389679, 0.398943722248, 0.452990114689, 0.523581922054, 0.424768567085, 0.308245241642, 0.279697477818, 0.393627822399, 0.789668381214]
    chords_key: "E"
    chords_scale: "minor"
    key_key: "E"
    key_scale: "major"
    chords_progression: ["Em", "Em", "Em", "Em", "Em", "Em", "Em", "Em", "Em", "Em", "Em", "Em", "Em", "Em", "Em", "Em", "Em", "Em", "Em", "Em", "Em", "Em", "Em", "Em", "Em", "Em", "Em", "Em", "Em", "Em", "Em", "Em", "Em", "Em", "Em", "Em", "E", "Em", "Em", "Em", "Em", "Em", "Em", "Em", "Em", "Em", "Em", "Em", "Em", "Em", "Em", "Em", "Em", "Em", "Em", "Em", "Em", "Em", "Em", "Em", "Em", "Em", "Em", "A", "A", "A", "Em", "Em", "Em", "Em", "Em", "Em", "Em", "Em", "Em", "Em", "Em", "Em", "Em", "Em", "Em", "E", "E", "Em", "Em", "Em", "Em", "Em", "E", "A", "E", "E", "E", "E", "E", "E", "E", "E", "E", "E", "E", "E", "E", "E", "E", "E", "E", "E", "E", "E", "E", "E", "E", "E", "E", "E", "Em", "Em", "Em", "Em", "Em", "Em", "Em", "Em", "Em", "Em", "Em", "Em", "Em", "Em", "Em", "Em", "Em", "Em", "Em", "Em", "Em", "Em", "Em", "Em", "Em", "G", "G", "G", "G", "G", "G", "G", "G", "G", "G", "G", "Bm", "Bm", "G", "Bm", "Bm", "Bm", "Bm", "Bm", "Bm", "Bm", "G", "G", "G", "G", "G", "G", "G", "G", "G", "G", "G", "E", "E", "E", "E", "E", "E", "E", "E", "E", "E", "E", "C#m", "C#m", "C#m", "C#m", "C#m", "C#m", "C#m", "C#m", "C#m", "C#m", "C#m", "C#m", "C#m", "C#m", "C#m", "C#m", "C#m", "C#m", "C#m", "C#m", "C#m", "C#m", "C#m", "C#m", "C#m", "C#m", "C#m", "C#m", "C#m", "C#m", "C#m", "C#m", "A"]
