
metadata:
    version:
        essentia: "1.2.2"
    audio_properties:
        analysis_sample_rate: 44100
        bitrate: 128
        channels: 2
        equal_loudness: 1
        length: 9.97877597809
        replay_gain: -12.3560657501
        downmix: "mix"
    tags:
        track: 14
        year: 0
        album: "Splitted by Mp3Splt v. 2.1"
        artist: "From 002.10 To 002.20"
        comment: "http://mp3splt.sf.net"
        genre: ""
        title: "11 Schoorille-While Dandy Was"

highlevel:
    ballroom:
        all:
            ChaChaCha: 0.287171959877
            Jive: 0.0477034784853
            Quickstep: 0.0222502276301
            Rumba-American: 0.0189401041716
            Rumba-International: 0.189057826996
            Rumba-Misc: 0.147928386927
            Samba: 0.231409415603
            Tango: 0.0122837778181
            VienneseWaltz: 0.0178836509585
            Waltz: 0.0253711659461
        probability: 0.287171959877
        value: "ChaChaCha"
    culture:
        all:
            non_western: 0.588055312634
            western: 0.411944717169
        probability: 0.588055312634
        value: "non_western"
    gender:
        all:
            female: 0.765693306923
            male: 0.234306678176
        probability: 0.765693306923
        value: "female"
    genre_dortmund:
        all:
            alternative: 0.00873635523021
            blues: 0.0333623178303
            electronic: 0.210132077336
            folkcountry: 0.0148476762697
            funksoulrnb: 0.0351347252727
            jazz: 0.187574788928
            pop: 0.0238695610315
            raphiphop: 0.457688421011
            rock: 0.0286540798843
        probability: 0.457688421011
        value: "raphiphop"
    genre_electronica:
        all:
            ambient: 0.0743327066302
            dnb: 0.0610027052462
            house: 0.413923859596
            techno: 0.443845957518
            trance: 0.00689477054402
        probability: 0.443845957518
        value: "techno"
    genre_rosamerica:
        all:
            cla: 0.0140925422311
            dan: 0.111082211137
            hip: 0.331688761711
            jaz: 0.024752901867
            pop: 0.0150617137551
            rhy: 0.435478717089
            roc: 0.00602828292176
            spe: 0.0618148706853
        probability: 0.435478717089
        value: "rhy"
    genre_tzanetakis:
        all:
            blu: 0.00436795363203
            cla: 0.00240442110226
            cou: 0.00256212917157
            dis: 0.00490798754618
            hip: 0.89517468214
            jaz: 0.00144311063923
            met: 0.00374813517556
            pop: 0.0408681221306
            reg: 0.0336361601949
            roc: 0.0108873145655
        probability: 0.89517468214
        value: "hip"
    live_studio:
        all:
            live: 0.482446610928
            studio: 0.517553389072
        probability: 0.517553389072
        value: "studio"
    mood:
        all:
            Cluster1: 0.224073916674
            Cluster2: 0.132574409246
            Cluster3: 0.135027438402
            Cluster4: 0.121485844254
            Cluster5: 0.386838376522
        probability: 0.386838376522
        value: "Cluster5"
    mood_acoustic:
        all:
            acoustic: 0.639222085476
            not_acoustic: 0.360777884722
        probability: 0.639222085476
        value: "acoustic"
    mood_aggressive:
        all:
            aggressive: 0.103903375566
            not_aggressive: 0.896096646786
        probability: 0.896096646786
        value: "not_aggressive"
    mood_electronic:
        all:
            electronic: 0.90123039484
            not_electronic: 0.0987695977092
        probability: 0.90123039484
        value: "electronic"
    mood_happy:
        all:
            happy: 0.0510432645679
            not_happy: 0.948956727982
        probability: 0.948956727982
        value: "not_happy"
    mood_party:
        all:
            not_party: 0.445891976357
            party: 0.554108023643
        probability: 0.554108023643
        value: "party"
    mood_relaxed:
        all:
            not_relaxed: 0.184069618583
            relaxed: 0.815930366516
        probability: 0.815930366516
        value: "relaxed"
    mood_sad:
        all:
            not_sad: 0.548205435276
            sad: 0.451794564724
        probability: 0.548205435276
        value: "not_sad"
    rhythm:
        all:
            fast: 0.0363890826702
            medium: 0.870040774345
            slow: 0.0935701355338
        probability: 0.870040774345
        value: "medium"
    speech_music:
        all:
            music: 0.953748822212
            speech: 0.0462511777878
        probability: 0.953748822212
        value: "music"
    timbre:
        all:
            bright: 0.124586932361
            dark: 0.875413060188
        probability: 0.875413060188
        value: "dark"
    voice_instrumental:
        all:
            instrumental: 0.516437709332
            voice: 0.483562290668
        probability: 0.516437709332
        value: "instrumental"

lowlevel:
    average_loudness: 0.947750389576
    barkbands_kurtosis:
        dmean: 8.46496772766
        dmean2: 12.9761772156
        dvar: 272.635070801
        dvar2: 626.51184082
        max: 211.174362183
        mean: 12.6128873825
        min: -1.91121816635
        var: 813.645751953
    barkbands_skewness:
        dmean: 1.03593564034
        dmean2: 1.53348135948
        dvar: 0.939335823059
        dvar2: 1.84250426292
        max: 9.85133647919
        mean: 2.05755519867
        min: -2.64159536362
        var: 4.39736461639
    barkbands_spread:
        dmean: 8.50119876862
        dmean2: 13.5886287689
        dvar: 80.6816558838
        dvar2: 177.068023682
        max: 57.3778762817
        mean: 20.0612049103
        min: 0.301976263523
        var: 225.532943726
    dissonance:
        dmean: 0.0307194665074
        dmean2: 0.0526966936886
        dvar: 0.00106005475391
        dvar2: 0.00249864486977
        max: 0.499709129333
        mean: 0.442539393902
        min: 0.214878231287
        var: 0.00209440477192
    hfc:
        dmean: 1.01133871078
        dmean2: 1.6390863657
        dvar: 2.3994603157
        dvar2: 6.3365187645
        max: 14.3425626755
        mean: 1.68462216854
        min: 0.0148716298863
        var: 6.22449064255
    pitch:
        dmean: 696.313903809
        dmean2: 1348.12744141
        dvar: 1592288.25
        dvar2: 3752562
        max: 4900
        mean: 951.861694336
        min: 55.6116027832
        var: 1879875.25
    pitch_instantaneous_confidence:
        dmean: 0.135360956192
        dmean2: 0.218831881881
        dvar: 0.0155070507899
        dvar2: 0.0386786721647
        max: 0.918498575687
        mean: 0.501961708069
        min: 0.0332418680191
        var: 0.0359258018434
    pitch_salience:
        dmean: 0.116851016879
        dmean2: 0.188337534666
        dvar: 0.0114357676357
        dvar2: 0.0279421024024
        max: 0.964617371559
        mean: 0.540468633175
        min: 0.0258651971817
        var: 0.033064045012
    silence_rate_20dB:
        dmean: 0
        dmean2: 0
        dvar: 0
        dvar2: 0
        max: 1
        mean: 1
        min: 1
        var: 0
    silence_rate_30dB:
        dmean: 0
        dmean2: 0
        dvar: 0
        dvar2: 0
        max: 1
        mean: 1
        min: 1
        var: 0
    silence_rate_60dB:
        dmean: 0.135198131204
        dmean2: 0.27102804184
        dvar: 0.116919875145
        dvar2: 0.225608974695
        max: 1
        mean: 0.737209320068
        min: 0
        var: 0.193731889129
    spectral_centroid:
        dmean: 321.841583252
        dmean2: 492.782745361
        dvar: 152252.03125
        dvar2: 310108.5
        max: 3167.45898438
        mean: 833.335327148
        min: 147.565811157
        var: 425885.125
    spectral_complexity:
        dmean: 1.49414515495
        dmean2: 2.38967132568
        dvar: 3.59890151024
        dvar2: 8.08289813995
        max: 23
        mean: 3.70794391632
        min: 0
        var: 14.9964561462
    spectral_crest:
        dmean: 2.81120944023
        dmean2: 4.58824491501
        dvar: 7.662733078
        dvar2: 19.2090854645
        max: 24.7316532135
        mean: 10.5033769608
        min: 2.02071046829
        var: 18.1719169617
    spectral_decrease:
        dmean: 4.60786520051e-10
        dmean2: 7.41240901991e-10
        dvar: 6.56648643879e-19
        dvar2: 1.68021930464e-18
        max: -2.6485660453e-12
        mean: -7.06266600758e-10
        min: -7.46540340657e-09
        var: 1.37682010591e-18
    spectral_energy:
        dmean: 0.00180978130084
        dmean2: 0.00291635491885
        dvar: 9.80276763585e-06
        dvar2: 2.51150177064e-05
        max: 0.0290705207735
        mean: 0.00281841401011
        min: 1.23489389807e-05
        var: 2.0766256057e-05
    spectral_energyband_high:
        dmean: 5.20179819432e-05
        dmean2: 9.54869756242e-05
        dvar: 2.43142377343e-08
        dvar2: 7.05122573663e-08
        max: 0.00152863911353
        mean: 5.88628972764e-05
        min: 1.67336438039e-07
        var: 2.51056402334e-08
    spectral_energyband_low:
        dmean: 0.000443641765742
        dmean2: 0.000799504457973
        dvar: 1.18436719276e-06
        dvar2: 3.30550801664e-06
        max: 0.0058229919523
        mean: 0.000343909370713
        min: 8.35159852386e-08
        var: 8.08195807167e-07
    spectral_energyband_middle_high:
        dmean: 0.00021693589224
        dmean2: 0.000360574253136
        dvar: 1.55206194563e-07
        dvar2: 3.50805066773e-07
        max: 0.00412385119125
        mean: 0.000346652785083
        min: 9.81381390375e-07
        var: 4.26955324428e-07
    spectral_energyband_middle_low:
        dmean: 0.00132665550336
        dmean2: 0.00209235120565
        dvar: 5.93351387579e-06
        dvar2: 1.40949214256e-05
        max: 0.0283538233489
        mean: 0.0020687119104
        min: 2.35610741584e-06
        var: 1.69014274434e-05
    spectral_flatness_db:
        dmean: 0.0392462536693
        dmean2: 0.061054341495
        dvar: 0.00136412668508
        dvar2: 0.00326456245966
        max: 0.548472702503
        mean: 0.213201716542
        min: 0.0605128146708
        var: 0.00561473751441
    spectral_flux:
        dmean: 0.0139847975224
        dmean2: 0.0226029865444
        dvar: 0.000381057034247
        dvar2: 0.000682900892571
        max: 0.129077583551
        mean: 0.0289594940841
        min: 0.00266581354663
        var: 0.000617935613263
    spectral_kurtosis:
        dmean: 3.87997436523
        dmean2: 5.95783090591
        dvar: 24.4726085663
        dvar2: 52.5121078491
        max: 74.9118652344
        mean: 7.74882984161
        min: -0.0961620807648
        var: 72.8359603882
    spectral_rms:
        dmean: 0.000478984991787
        dmean2: 0.000745883735362
        dvar: 3.86918173945e-07
        dvar2: 1.01488615201e-06
        max: 0.00532555021346
        mean: 0.00132549135014
        min: 0.000109762222564
        var: 9.9274348031e-07
    spectral_rolloff:
        dmean: 694.861083984
        dmean2: 1238.76477051
        dvar: 976240.125
        dvar2: 1978753.75
        max: 5038.76953125
        mean: 1489.26281738
        min: 64.599609375
        var: 1897374.375
    spectral_skewness:
        dmean: 0.469925165176
        dmean2: 0.715054154396
        dvar: 0.237885117531
        dvar2: 0.516198575497
        max: 7.30407953262
        mean: 2.00219297409
        min: 0.439174443483
        var: 0.94297015667
    spectral_spread:
        dmean: 758291.5625
        dmean2: 1155809.25
        dvar: 517626822656
        dvar2: 1.23192357683e+12
        max: 11801497
        mean: 4066441.25
        min: 1509185.375
        var: 1.55799204659e+12
    spectral_strongpeak:
        dmean: 0.169926613569
        dmean2: 0.273465573788
        dvar: 0.0971985831857
        dvar2: 0.211479783058
        max: 3.32408595085
        mean: 0.290136486292
        min: 0
        var: 0.184200108051
    zerocrossingrate:
        dmean: 0.0119886193424
        dmean2: 0.0132856052369
        dvar: 0.000122912024381
        dvar2: 0.000155659537995
        max: 0.1533203125
        mean: 0.0525529794395
        min: 0.00830078125
        var: 0.00108583504334
    barkbands:
        dmean: [3.99202281187e-06, 0.000162669603014, 0.000294251309242, 0.000389912369428, 0.000601432169788, 0.000267722964054, 0.000182225194294, 5.28774289705e-05, 4.49909603049e-05, 3.00829160551e-05, 1.60875333677e-05, 1.32374661916e-05, 1.24089310702e-05, 2.57385891018e-05, 2.42431233346e-05, 4.10454267694e-05, 3.45374464814e-05, 3.56018281309e-05, 5.45209150005e-05, 4.11719011026e-05, 2.28761091421e-05, 5.77661830903e-06, 1.22517587897e-06, 5.09194705955e-07, 1.97075976871e-07, 9.97941906888e-09, 5.32366428718e-10]
        dmean2: [5.43899886907e-06, 0.000298852479318, 0.000539073895197, 0.000660642981529, 0.000909332302399, 0.000420189695433, 0.000287896225927, 8.82514359546e-05, 7.25752106518e-05, 5.24446550116e-05, 2.76079790638e-05, 2.16388598346e-05, 2.06867352972e-05, 4.30658910773e-05, 4.18643830926e-05, 7.23654447938e-05, 6.13319061813e-05, 6.14395248704e-05, 8.95529155969e-05, 7.52838677727e-05, 4.19639472966e-05, 1.06728111859e-05, 1.98145926333e-06, 8.37855168356e-07, 3.2485067436e-07, 1.84845188045e-08, 6.40893949022e-10]
        dvar: [4.89863080655e-11, 1.74901117589e-07, 5.47088745861e-07, 6.46786531888e-07, 1.83502504569e-06, 4.7115136681e-07, 1.53164350536e-07, 2.68887152544e-08, 1.05816049256e-08, 8.98106655711e-09, 1.55955215408e-09, 7.28282933959e-10, 7.10766334677e-10, 6.73682354346e-09, 6.51531495421e-09, 1.33241710998e-08, 6.39601038799e-09, 7.68908225979e-09, 1.70561431645e-08, 1.49243053471e-08, 5.79335202033e-09, 4.83372897264e-10, 9.04115064065e-12, 1.52416013838e-12, 9.74567581041e-14, 9.4208042009e-16, 6.40148723308e-17]
        dvar2: [1.02682140568e-10, 4.96096674851e-07, 1.51190272391e-06, 1.6644672769e-06, 3.90156674257e-06, 9.43994905356e-07, 3.20237376172e-07, 6.56601244486e-08, 2.21255529453e-08, 2.37617143739e-08, 4.12119094406e-09, 1.42784795099e-09, 1.54569934629e-09, 1.69961626995e-08, 1.76398309293e-08, 3.27938387557e-08, 1.61668314291e-08, 2.12460573579e-08, 4.09172784543e-08, 4.35432880863e-08, 1.71471299382e-08, 1.40326827935e-09, 2.31550768143e-11, 4.30063753706e-12, 2.42484146911e-13, 2.64695360797e-15, 6.22195926165e-17]
        max: [3.90414643334e-05, 0.0022729143966, 0.00482631102204, 0.0101126572117, 0.0183676667511, 0.0157886296511, 0.00428686244413, 0.00246847327799, 0.00118871789891, 0.00149544840679, 0.000401224882808, 0.000328083289787, 0.000282161083305, 0.00101374043152, 0.00110441504512, 0.00113633438013, 0.00122708175331, 0.000873016833793, 0.00176362809725, 0.00131778803188, 0.000717277172953, 0.000252268684562, 2.51187793765e-05, 1.1438583897e-05, 2.574388418e-06, 2.49949323461e-07, 1.68191021999e-07]
        mean: [4.80689868709e-06, 0.000119225573144, 0.000220156463911, 0.000525743525941, 0.000922495790292, 0.000309616560116, 0.000196791137569, 5.67040588066e-05, 5.17105327162e-05, 3.08824382955e-05, 1.80191345862e-05, 1.62940323207e-05, 1.46461525219e-05, 2.71931930911e-05, 2.66513379756e-05, 4.1401872295e-05, 3.91275534639e-05, 4.0113034629e-05, 7.99724075478e-05, 4.80466260342e-05, 2.18684526772e-05, 4.85210011902e-06, 1.40673114402e-06, 4.89133412884e-07, 1.94933235775e-07, 6.75729205923e-09, 5.15583686855e-10]
        min: [1.84659301738e-11, 1.87765869519e-09, 4.25962092265e-08, 1.29316068964e-08, 5.12154940679e-07, 1.81172524094e-07, 1.99837995041e-08, 2.9549061864e-08, 7.23943784919e-08, 5.9874750491e-08, 3.03202583041e-08, 2.10815471746e-08, 2.18082032433e-08, 1.05660200589e-08, 4.21700114828e-08, 3.1454511884e-08, 3.611582855e-08, 9.55199084274e-08, 1.80326210852e-07, 4.43657519611e-08, 8.36134432802e-08, 1.69761253943e-08, 6.21323481553e-09, 1.91217353063e-09, 1.29815325156e-10, 7.42130662479e-12, 3.19622969855e-15]
        var: [7.33572785849e-11, 1.09118190039e-07, 3.85867082286e-07, 1.70084263118e-06, 5.73839861318e-06, 1.37915549203e-06, 2.28773600952e-07, 3.83749778621e-08, 1.9049871014e-08, 8.4022486746e-09, 1.83466875026e-09, 1.46910805743e-09, 1.1867635763e-09, 8.78487860234e-09, 8.2173263749e-09, 1.55820281122e-08, 1.24325536532e-08, 1.17337206618e-08, 3.82896807594e-08, 1.71101426361e-08, 4.20749923791e-09, 2.85070744788e-10, 8.40541178326e-12, 1.27134327371e-12, 1.21924700696e-13, 5.70240897179e-16, 6.59403701258e-17]
    mfcc:
        mean: [-839.532043457, 135.659103394, -19.3456535339, 61.7242622375, -6.45273637772, -4.62022447586, 2.50881719589, -5.76856136322, -12.1736946106, -1.15136957169, -11.570684433, -7.72554016113, -4.21068716049]
        cov: [[5743.00537109, -32.2734031677, -1035.13806152, -131.078659058, -284.596191406, -127.245903015, -383.797851562, -268.283813477, 149.506958008, -160.300582886, 108.093894958, 157.992843628, -8.39363384247], [-32.2734031677, 1318.69824219, 223.848358154, -38.5671005249, -39.6703872681, -5.36516427994, -20.9414367676, 55.3711090088, 57.7637901306, 93.2753601074, -7.18484306335, 85.4254226685, 48.4203414917], [-1035.13806152, 223.848358154, 1062.80102539, 122.805465698, 81.0484848022, -111.514808655, 64.5178604126, 107.351196289, -59.9044761658, 59.9391326904, -33.5314178467, -56.7009658813, 15.5435905457], [-131.078659058, -38.5671005249, 122.805465698, 470.956604004, 83.8292617798, 35.921710968, 18.4378890991, 8.5824213028, -11.7599725723, -23.3712406158, -16.5392036438, -24.9508056641, -23.1297550201], [-284.596191406, -39.6703872681, 81.0484848022, 83.8292617798, 433.101135254, 86.9079437256, 60.9546470642, 41.2871170044, -4.29668426514, 7.32346868515, -42.9066390991, -17.0283679962, 8.09766960144], [-127.245903015, -5.36516427994, -111.514808655, 35.921710968, 86.9079437256, 288.104095459, 83.0070724487, 40.8694381714, -8.80931091309, -2.82537388802, -31.4534854889, -14.5806026459, -13.0953969955], [-383.797851562, -20.9414367676, 64.5178604126, 18.4378890991, 60.9546470642, 83.0070724487, 265.08996582, 77.3974914551, 5.93250989914, 31.0048904419, -9.06540775299, -47.3145675659, -4.6031999588], [-268.283813477, 55.3711090088, 107.351196289, 8.5824213028, 41.2871170044, 40.8694381714, 77.3974914551, 173.52571106, 31.7018451691, 56.3653526306, 4.70330858231, 7.34426450729, 11.0533380508], [149.506958008, 57.7637901306, -59.9044761658, -11.7599725723, -4.29668426514, -8.80931091309, 5.93250989914, 31.7018451691, 138.258178711, 40.2302932739, 41.2725715637, 21.3628120422, 18.2933368683], [-160.300582886, 93.2753601074, 59.9391326904, -23.3712406158, 7.32346868515, -2.82537388802, 31.0048904419, 56.3653526306, 40.2302932739, 164.874343872, 46.2038879395, 60.7041740417, 35.9090232849], [108.093894958, -7.18484306335, -33.5314178467, -16.5392036438, -42.9066390991, -31.4534854889, -9.06540775299, 4.70330858231, 41.2725715637, 46.2038879395, 97.3769378662, 61.4725914001, 39.0450515747], [157.992843628, 85.4254226685, -56.7009658813, -24.9508056641, -17.0283679962, -14.5806026459, -47.3145675659, 7.34426450729, 21.3628120422, 60.7041740417, 61.4725914001, 137.516204834, 48.6401519775], [-8.39363384247, 48.4203414917, 15.5435905457, -23.1297550201, 8.09766960144, -13.0953969955, -4.6031999588, 11.0533380508, 18.2933368683, 35.9090232849, 39.0450515747, 48.6401519775, 83.4011535645]]
        icov: [[0.000250436278293, -2.56870334852e-05, 0.00018810146139, -8.00865745987e-06, 4.91088139825e-05, 7.7047625382e-05, 0.000181804047315, 0.000138755203807, -0.000238063468714, 0.000237108106376, -9.45203282754e-05, -0.000189435770153, 0.000106673578557], [-2.56870334852e-05, 0.000923021812923, -0.000283852947177, 6.85011327732e-05, 0.000206959841307, -0.000145510013681, 2.39015189436e-05, 2.15201980609e-05, -0.000555396138225, -0.000255753577221, 0.00102991668973, -0.000785116862971, -0.000303382083075], [0.00018810146139, -0.000283852947177, 0.0015318171354, -0.000371344620362, -0.000180832968908, 0.000902449246496, 6.77543794154e-05, -0.000773896521423, 0.00082981470041, -0.000411581946537, -5.4961994465e-05, 0.000895549193956, -0.000440544070443], [-8.00865745987e-06, 6.85011327732e-05, -0.000371344620362, 0.00235200650059, -0.00039007110172, -0.000357827986591, 3.25381406583e-05, 0.000101677658677, -0.000127778796013, 0.000402089004638, -0.000379414617782, -8.81642263266e-05, 0.000734875036869], [4.91088139825e-05, 0.000206959841307, -0.000180832968908, -0.00039007110172, 0.00282071740367, -0.000641370890662, -0.000276362756267, -0.000100999670394, -0.000468892802019, -0.00010860383918, 0.00178680394311, -0.00047055009054, -0.000978608615696], [7.7047625382e-05, -0.000145510013681, 0.000902449246496, -0.000357827986591, -0.000641370890662, 0.00470398692414, -0.00117574539036, -0.000948927539866, 0.00053729530191, 4.59478615085e-05, 0.00121978018433, -0.000335965014528, 0.000173804961378], [0.000181804047315, 2.39015189436e-05, 6.77543794154e-05, 3.25381406583e-05, -0.000276362756267, -0.00117574539036, 0.00546768028289, -0.00165620876942, 0.000166378362337, -0.000936722848564, -0.00130958715454, 0.0026691253297, -0.000212418453884], [0.000138755203807, 2.15201980609e-05, -0.000773896521423, 0.000101677658677, -0.000100999670394, -0.000948927539866, -0.00165620876942, 0.00830990076065, -0.00206730235368, -0.00150943710469, 0.000898541358765, -0.00106620695442, 0.000146472550114], [-0.000238063468714, -0.000555396138225, 0.00082981470041, -0.000127778796013, -0.000468892802019, 0.00053729530191, 0.000166378362337, -0.00206730235368, 0.00995588023216, -0.00153220817447, -0.0041940798983, 0.00222844560631, -0.000338725192705], [0.000237108106376, -0.000255753577221, -0.000411581946537, 0.000402089004638, -0.00010860383918, 4.59478615085e-05, -0.000936722848564, -0.00150943710469, -0.00153220817447, 0.00962552335113, -0.00200625392608, -0.00345993204974, -0.000324490945786], [-9.45203282754e-05, 0.00102991668973, -5.4961994465e-05, -0.000379414617782, 0.00178680394311, 0.00121978018433, -0.00130958715454, 0.000898541358765, -0.0041940798983, -0.00200625392608, 0.0201462209225, -0.00658223358914, -0.00468485662714], [-0.000189435770153, -0.000785116862971, 0.000895549193956, -8.81642263266e-05, -0.00047055009054, -0.000335965014528, 0.0026691253297, -0.00106620695442, 0.00222844560631, -0.00345993204974, -0.00658223358914, 0.0147471576929, -0.00399124622345], [0.000106673578557, -0.000303382083075, -0.000440544070443, 0.000734875036869, -0.000978608615696, 0.000173804961378, -0.000212418453884, 0.000146472550114, -0.000338725192705, -0.000324490945786, -0.00468485662714, -0.00399124622345, 0.0172891840339]]
    spectral_contrast:
        mean: [-2.30619846775e-07, -1.68021031755e-07, 2.32369330888e-07, 2.71702475629e-07, 5.23977732314e-08, 3.68351145141e-08, 9.9928297459e-07, 2.19868729801e-06, -1.01773537153e-06, -2.49970457844e-06, 2.29025272347e-06, -4.94384312333e-06]
        var: [0.000877925893292, 0.00107288686559, 0.00198830803856, 0.00302657997236, 0.00621793186292, 0.0121994530782, 0.0896902903914, 0.176828801632, 0.340567201376, 0.494039416313, 1.2389138937, 3.52102470398]

rhythm:
    beats_loudness:
        dmean: 0.00265986518934
        dmean2: 0.00495773041621
        dvar: 3.97703297494e-06
        dvar2: 1.34893007271e-05
        max: 0.00971047859639
        mean: 0.00306680402718
        min: 0.000317062280374
        var: 4.28330577051e-06
    beats_loudness_bass:
        dmean: 0.237615406513
        dmean2: 0.392268896103
        dvar: 0.0329913198948
        dvar2: 0.109756007791
        max: 0.838333427906
        mean: 0.32477620244
        min: 0.0846639499068
        var: 0.042709313333
    bpm: 130.816543579
    bpm_confidence: 0
    first_peak_bpm: 131
    first_peak_spread: 0
    first_peak_weight: 0.952380955219
    onset_rate: 6.41361284256
    second_peak_bpm: 121
    second_peak_spread: 0
    second_peak_weight: 0.047619048506
    beats_position: [0.195264458656, 0.653668224812, 1.11207199097, 1.57047581673, 2.02887964249, 2.48728346825, 2.94568729401, 3.40409111977, 3.86249494553, 4.3208990097, 4.77930259705, 5.23770666122, 5.69611024857, 6.19059181213, 6.64954280853, 7.10849332809, 7.56744480133, 8.02639484406, 8.48534584045, 8.94429683685, 9.40324783325, 9.86219882965]
    bpm_estimates: [130.919570923, 130.820587158, 130.93661499, 130.714752197, 130.934692383, 131.259307861, 130.725189209, 130.802597046, 130.18006897, 130.675491333, 131.020263672, 130.864242554, 130.563659668, 131.031646729, 130.799240112]
    bpm_intervals: [0.458403766155, 0.458403766155, 0.45840382576, 0.45840382576, 0.45840382576, 0.45840382576, 0.45840382576, 0.45840382576, 0.458404064178, 0.458403587341, 0.458404064178, 0.458403587341, 0.494481563568, 0.458950996399, 0.458950519562, 0.458951473236, 0.458950042725, 0.458950996399, 0.458950996399, 0.458950996399, 0.458950996399]
    onset_times: [0.0580498874187, 0.371519267559, 0.650158703327, 0.766258478165, 0.859138309956, 1.01006805897, 1.369977355, 1.5673469305, 1.68344676495, 1.81115651131, 1.92725622654, 2.03174614906, 2.14784574509, 2.27555561066, 2.38004541397, 2.49614500999, 2.60063481331, 2.72834467888, 2.82122445107, 2.96054410934, 3.06503391266, 3.20435380936, 3.29723358154, 3.41333341599, 3.52943301201, 3.65714287758, 3.76163268089, 3.86612248421, 4.21442174911, 4.33052158356, 4.57433128357, 4.67882108688, 4.79492044449, 5.0387301445, 5.16644001007, 5.24770975113, 5.3754196167, 5.49151945114, 5.72371864319, 5.8282084465, 5.94430828094, 6.06040811539, 6.17650794983, 6.29260778427, 6.40870761871, 6.7570066452, 6.88471651077, 6.97759628296, 7.10530614853, 7.20979595184, 7.34911584854, 7.80190467834, 7.90639448166, 8.0224943161, 8.25469398499, 8.35918331146, 8.93968296051, 9.18349170685, 9.29959201813, 9.4040813446, 9.52018165588, 9.75238132477, 9.86848068237, 9.97297096252]
    rubato_start: []
    rubato_stop: []
    perceptual_tempo: "unknown"

sfx:
    inharmonicity:
        dmean: 0.0389140434563
        dmean2: 0.0699339434505
        dvar: 0.00251289946027
        dvar2: 0.00689603202045
        max: 0.317566901445
        mean: 0.0331305041909
        min: 0
        var: 0.00249054445885
    oddtoevenharmonicenergyratio:
        dmean: 40.0123786926
        dmean2: 79.3872146606
        dvar: 146553.453125
        dvar2: 439069.46875
        max: 5534.00390625
        mean: 21.2960300446
        min: 0
        var: 73575.2890625
    pitch_after_max_to_before_max_energy_ratio: 1.25230550766
    pitch_centroid: 208.09677124
    pitch_max_to_total: 0.324766367674
    pitch_min_to_total: 0.52336448431
    tristimulus:
        dmean: [0.280071616173, 0.278527796268, 0.106870420277]
        dmean2: [0.497277021408, 0.495015323162, 0.190872654319]
        dvar: [0.0665661469102, 0.0659476220608, 0.023111321032]
        dvar2: [0.166373163462, 0.166455239058, 0.0688544809818]
        max: [1, 0.986994504929, 0.858715355396]
        mean: [0.51420712471, 0.345292270184, 0.0899544283748]
        min: [0.000676654686686, 0, 0]
        var: [0.0982777103782, 0.0850042775273, 0.0196465440094]

tonal:
    chords_changes_rate: 0.0744186043739
    chords_number_rate: 0.0279069766402
    chords_strength:
        dmean: 0.0111854970455
        dmean2: 0.0135357324034
        dvar: 6.96129573043e-05
        dvar2: 0.00010505085811
        max: 0.618425488472
        mean: 0.491638123989
        min: 0.287571877241
        var: 0.00539779663086
    key_strength: 0.553614854813
    tuning_diatonic_strength: 0.338366627693
    tuning_equal_tempered_deviation: 0.264289140701
    tuning_frequency: 441.782684326
    tuning_nontempered_energy_ratio: 0.952040791512
    hpcp:
        dmean: [0.13661301136, 0.175021484494, 0.220375999808, 0.201757714152, 0.126651644707, 0.104576215148, 0.100613191724, 0.128874033689, 0.15344132483, 0.156000345945, 0.182852059603, 0.190944924951, 0.209984898567, 0.16114269197, 0.134167730808, 0.151628658175, 0.156149029732, 0.144434556365, 0.111877575517, 0.120363101363, 0.129202827811, 0.0938664749265, 0.133752286434, 0.198121443391, 0.176596686244, 0.216291755438, 0.278081715107, 0.239153578877, 0.181329607964, 0.167755573988, 0.13180103898, 0.135341957211, 0.149915143847, 0.122285753489, 0.129546105862, 0.152984142303]
        dmean2: [0.23712874949, 0.294803291559, 0.37539306283, 0.356521457434, 0.2207942307, 0.184603601694, 0.174867078662, 0.219639912248, 0.258813679218, 0.262735396624, 0.332549840212, 0.334087997675, 0.369962066412, 0.281335622072, 0.242604017258, 0.276401877403, 0.283414363861, 0.257421344519, 0.195852130651, 0.21463111043, 0.238610461354, 0.1713065207, 0.249755650759, 0.368218511343, 0.316177904606, 0.378900080919, 0.477528244257, 0.417463541031, 0.313892811537, 0.306694090366, 0.233870342374, 0.227363854647, 0.253750056028, 0.210283979774, 0.233048781753, 0.263721317053]
        dvar: [0.0336823798716, 0.0422873310745, 0.0606152974069, 0.0576708577573, 0.033908393234, 0.0344595983624, 0.0247411932796, 0.0316101573408, 0.0419177263975, 0.041914511472, 0.0654361173511, 0.0577927827835, 0.0696737989783, 0.0502322465181, 0.0520946457982, 0.0619208216667, 0.0550591535866, 0.0361740142107, 0.025444611907, 0.0387504585087, 0.0491536445916, 0.0224907174706, 0.038231279701, 0.0781859308481, 0.0608637742698, 0.0615744441748, 0.0848766341805, 0.0706460922956, 0.0445067025721, 0.0625932216644, 0.0371640920639, 0.0392841883004, 0.0478865802288, 0.0328669808805, 0.0306176133454, 0.051570545882]
        dvar2: [0.0816265642643, 0.103996515274, 0.144266232848, 0.164565786719, 0.085323818028, 0.0830128565431, 0.0635731369257, 0.082477375865, 0.0982921794057, 0.105214655399, 0.19137956202, 0.155299216509, 0.194472879171, 0.133819624782, 0.136133491993, 0.15990871191, 0.144247576594, 0.0941927284002, 0.0661230012774, 0.0953637063503, 0.133151113987, 0.0626952424645, 0.108703747392, 0.206961631775, 0.160652130842, 0.160683304071, 0.215100780129, 0.180908501148, 0.116705358028, 0.168315067887, 0.0909317657351, 0.098354101181, 0.113750062883, 0.0899360105395, 0.0775388330221, 0.120070934296]
        max: [1, 1, 1, 1, 0.951654076576, 1, 1, 1, 1, 1, 1, 1, 1, 1, 1, 1, 1, 1, 1, 1, 1, 1, 1, 1, 1, 1, 1, 1, 1, 1, 0.981883168221, 1, 1, 1, 0.948497772217, 1]
        mean: [0.156141594052, 0.198593243957, 0.275184690952, 0.199977442622, 0.107021287084, 0.0873496234417, 0.0910709351301, 0.135159686208, 0.172477900982, 0.154632717371, 0.149376630783, 0.17498472333, 0.184070333838, 0.150915578008, 0.126616835594, 0.133688658476, 0.150574743748, 0.152371168137, 0.119793787599, 0.111430436373, 0.106596767902, 0.0771981552243, 0.0919309929013, 0.148014202714, 0.164386540651, 0.220415249467, 0.352372139692, 0.322238653898, 0.184994399548, 0.141214206815, 0.120042525232, 0.140094563365, 0.173679098487, 0.128614485264, 0.118491627276, 0.16792987287]
        min: [6.5858119342e-05, 4.86968019686e-05, 5.70817028347e-05, 7.54457578296e-05, 0.000109017397335, 6.88392974553e-05, 4.07606348745e-05, 1.68618480529e-05, 2.75561251328e-05, 2.37197673414e-05, 2.96933740174e-05, 0.000193127241801, 0.000164705765201, 5.67942406633e-05, 1.57791109814e-05, 1.66971130966e-05, 8.46546936373e-06, 1.57140839292e-05, 1.66408790392e-05, 1.60033978318e-05, 2.8557908081e-05, 2.39731816691e-05, 1.09704060378e-05, 1.02933372546e-05, 1.40635402204e-05, 0.000141557844472, 0.000463594333269, 0.000208110242966, 0.000465169578092, 2.36638315982e-05, 2.43807935476e-05, 3.36499870173e-05, 5.24261340615e-05, 5.9401114413e-05, 5.42643138033e-05, 8.25872193673e-05]
        var: [0.0460118874907, 0.0584029443562, 0.103603586555, 0.065619289875, 0.0342047400773, 0.0337632074952, 0.0235520619899, 0.0374871753156, 0.0576685704291, 0.048226505518, 0.0560181699693, 0.0591096952558, 0.0702956840396, 0.0537198707461, 0.0555187538266, 0.0609775856137, 0.0545019060373, 0.0497862882912, 0.033787433058, 0.0434770137072, 0.0396207496524, 0.0170344300568, 0.0257217250764, 0.0595530718565, 0.0631960853934, 0.0678361877799, 0.130150616169, 0.125713199377, 0.0534427016973, 0.0503444895148, 0.0352421700954, 0.0474155507982, 0.0727626755834, 0.0424086637795, 0.0317891053855, 0.0684469491243]
    chords_histogram: [30.6976737976, 0, 0, 2.79069757462, 1.86046516895, 0, 0, 0, 0, 0, 0, 0, 0, 0, 0, 0, 4.18604660034, 11.1627902985, 0, 0, 0, 0, 0, 49.3023262024]
    thpcp: [1, 0.914483904839, 0.524997234344, 0.400753051043, 0.340669751167, 0.397575587034, 0.492885440588, 0.364996194839, 0.336268424988, 0.476569652557, 0.443115592003, 0.563589513302, 0.780949056149, 0.567517757416, 0.303716659546, 0.247890263796, 0.258451014757, 0.383570849895, 0.489476561546, 0.43883356452, 0.423917263746, 0.496590673923, 0.522374808788, 0.428284645081, 0.359327048063, 0.379396229982, 0.427317380905, 0.432415485382, 0.339963853359, 0.316229403019, 0.302511900663, 0.219081327319, 0.260891765356, 0.420050799847, 0.466514021158, 0.625518381596]
    chords_key: "D"
    chords_scale: "minor"
    key_key: "F"
    key_scale: "major"
    chords_progression: ["G", "G", "G", "G", "Em", "Em", "Em", "Em", "Em", "Em", "Fm", "Fm", "Fm", "Fm", "Fm", "Fm", "Fm", "Fm", "Fm", "Fm", "Fm", "Fm", "Fm", "Fm", "Fm", "Fm", "Fm", "F", "F", "C#", "C#", "C#", "C#", "C#", "C#", "C#", "C#", "C#", "Fm", "Fm", "Fm", "Fm", "Fm", "Fm", "Fm", "F", "F", "F", "F", "F", "Dm", "Dm", "Dm", "Dm", "Dm", "F", "F", "Dm", "F", "Dm", "Dm", "Dm", "Dm", "F", "Dm", "Dm", "Dm", "F", "F", "F", "F", "F", "F", "F", "F", "F", "F", "F", "F", "F", "F", "F", "F", "F", "F", "F", "F", "F", "F", "F", "F", "F", "F", "F", "F", "F", "F", "F", "F", "Dm", "Dm", "Dm", "Dm", "Dm", "Dm", "Dm", "Dm", "Dm", "Dm", "Dm", "Dm", "Dm", "Dm", "Dm", "Dm", "Dm", "Dm", "Dm", "Dm", "Dm", "Dm", "Dm", "Dm", "Dm", "Dm", "Dm", "Dm", "Dm", "Dm", "Dm", "Dm", "Dm", "Dm", "Dm", "Dm", "Dm", "Dm", "Dm", "Dm", "Dm", "Dm", "Dm", "Dm", "Dm", "Dm", "Dm", "Dm", "Dm", "Dm", "Dm", "Dm", "Dm", "Dm", "Dm", "Dm", "Dm", "Dm", "Dm", "Dm", "Dm", "Dm", "Dm", "Dm", "Dm", "Dm", "Dm", "Dm", "Dm", "Dm", "Dm", "Dm", "Dm", "Dm", "Dm", "Dm", "Dm", "Dm", "Dm", "Dm", "Dm", "Dm", "Dm", "Dm", "Dm", "Dm", "Dm", "Dm", "Dm", "Dm", "Dm", "Dm", "Dm", "F", "F", "F", "F", "F", "F", "F", "F", "F", "F", "F", "F", "F", "F", "F", "F", "F", "F", "F", "F", "F", "F", "F"]
