
metadata:
    version:
        essentia: "1.2.2"
    audio_properties:
        analysis_sample_rate: 44100
        bitrate: 128
        channels: 2
        equal_loudness: 1
        length: 10.0310201645
        replay_gain: -0.869319915771
        downmix: "mix"
    tags:
        track: 50
        year: 0
        album: "Splitted by Mp3Splt v. 2.1"
        artist: "From 008.10 To 008.20"
        comment: "http://mp3splt.sf.net"
        genre: ""
        title: "02 My One and Only Love.mp3"

highlevel:
    ballroom:
        all:
            ChaChaCha: 0.0312390290201
            Jive: 0.0852196067572
            Quickstep: 0.406636446714
            Rumba-American: 0.0535109974444
            Rumba-International: 0.0751072615385
            Rumba-Misc: 0.0214459076524
            Samba: 0.0758810043335
            Tango: 0.193606451154
            VienneseWaltz: 0.0295466948301
            Waltz: 0.0278065912426
        probability: 0.406636446714
        value: "Quickstep"
    culture:
        all:
            non_western: 0.0454566925764
            western: 0.954543292522
        probability: 0.954543292522
        value: "western"
    gender:
        all:
            female: 0.774678170681
            male: 0.22532184422
        probability: 0.774678170681
        value: "female"
    genre_dortmund:
        all:
            alternative: 0.00227550207637
            blues: 0.0313591361046
            electronic: 0.00584347452968
            folkcountry: 0.0109996953979
            funksoulrnb: 0.00519851502031
            jazz: 0.92546671629
            pop: 0.0141672454774
            raphiphop: 0.00125389371533
            rock: 0.0034358324483
        probability: 0.92546671629
        value: "jazz"
    genre_electronica:
        all:
            ambient: 0.924834012985
            dnb: 0.0257428009063
            house: 0.0150197092444
            techno: 0.00439685303718
            trance: 0.0300066284835
        probability: 0.924834012985
        value: "ambient"
    genre_rosamerica:
        all:
            cla: 0.0033501079306
            dan: 0.00640968233347
            hip: 0.00271677970886
            jaz: 0.936249732971
            pop: 0.00331488554366
            rhy: 0.0457856655121
            roc: 0.00121466687415
            spe: 0.000958485063165
        probability: 0.936249732971
        value: "jaz"
    genre_tzanetakis:
        all:
            blu: 0.00967498030514
            cla: 0.0139593062922
            cou: 0.0323557518423
            dis: 0.0210822541267
            hip: 0.00710928952321
            jaz: 0.558642804623
            met: 0.00311379972845
            pop: 0.139783337712
            reg: 0.207445979118
            roc: 0.00683250837028
        probability: 0.558642804623
        value: "jaz"
    live_studio:
        all:
            live: 0.0145445978269
            studio: 0.985455393791
        probability: 0.985455393791
        value: "studio"
    mood:
        all:
            Cluster1: 0.0625530779362
            Cluster2: 0.367003828287
            Cluster3: 0.230220317841
            Cluster4: 0.295413315296
            Cluster5: 0.0448094494641
        probability: 0.367003828287
        value: "Cluster2"
    mood_acoustic:
        all:
            acoustic: 0.434528082609
            not_acoustic: 0.565471887589
        probability: 0.565471887589
        value: "not_acoustic"
    mood_aggressive:
        all:
            aggressive: 0.0272988993675
            not_aggressive: 0.972701072693
        probability: 0.972701072693
        value: "not_aggressive"
    mood_electronic:
        all:
            electronic: 0.332082211971
            not_electronic: 0.667917788029
        probability: 0.667917788029
        value: "not_electronic"
    mood_happy:
        all:
            happy: 0.115150973201
            not_happy: 0.884849011898
        probability: 0.884849011898
        value: "not_happy"
    mood_party:
        all:
            not_party: 0.832129359245
            party: 0.167870655656
        probability: 0.832129359245
        value: "not_party"
    mood_relaxed:
        all:
            not_relaxed: 0.259623497725
            relaxed: 0.740376472473
        probability: 0.740376472473
        value: "relaxed"
    mood_sad:
        all:
            not_sad: 1.1872828054e-08
            sad: 1
        probability: 1
        value: "sad"
    rhythm:
        all:
            fast: 0.212059363723
            medium: 0.236493080854
            slow: 0.551447570324
        probability: 0.551447570324
        value: "slow"
    speech_music:
        all:
            music: 3.00000096379e-14
            speech: 1
        probability: 1
        value: "speech"
    timbre:
        all:
            bright: 0.278575092554
            dark: 0.721424937248
        probability: 0.721424937248
        value: "dark"
    voice_instrumental:
        all:
            instrumental: 0.970482230186
            voice: 0.0295177958906
        probability: 0.970482230186
        value: "instrumental"

lowlevel:
    average_loudness: 0.865742981434
    barkbands_kurtosis:
        dmean: 1.39238452911
        dmean2: 2.27220988274
        dvar: 7.86338710785
        dvar2: 19.1096305847
        max: 38.21875
        mean: 2.31731700897
        min: -1.73291277885
        var: 23.404718399
    barkbands_skewness:
        dmean: 0.326447486877
        dmean2: 0.51637673378
        dvar: 0.200709581375
        dvar2: 0.425676256418
        max: 5.04562520981
        mean: 0.876509010792
        min: -2.98191428185
        var: 1.42933154106
    barkbands_spread:
        dmean: 3.23476743698
        dmean2: 4.819272995
        dvar: 19.1170139313
        dvar2: 41.0113677979
        max: 53.6544876099
        mean: 18.6591472626
        min: 3.9122633934
        var: 72.5201568604
    dissonance:
        dmean: 0.029207861051
        dmean2: 0.0493201836944
        dvar: 0.000585868721828
        dvar2: 0.00147816515528
        max: 0.499084949493
        mean: 0.421554774046
        min: 0.316002488136
        var: 0.00154759245925
    hfc:
        dmean: 1.49432563782
        dmean2: 2.13838195801
        dvar: 21.856388092
        dvar2: 50.658115387
        max: 61.7710914612
        mean: 4.37589168549
        min: 0.00752074690536
        var: 63.7385101318
    pitch:
        dmean: 85.0341033936
        dmean2: 165.724624634
        dvar: 194094.265625
        dvar2: 422086.09375
        max: 4410
        mean: 322.482910156
        min: 60.6602478027
        var: 182517.484375
    pitch_instantaneous_confidence:
        dmean: 0.0637997686863
        dmean2: 0.0966117456555
        dvar: 0.00773931341246
        dvar2: 0.0171521548182
        max: 0.980213224888
        mean: 0.663905501366
        min: 0.16240209341
        var: 0.0748913884163
    pitch_salience:
        dmean: 0.0491294153035
        dmean2: 0.0766498595476
        dvar: 0.00276652141474
        dvar2: 0.00617213267833
        max: 0.90245527029
        mean: 0.618928849697
        min: 0.229547813535
        var: 0.0123489610851
    silence_rate_20dB:
        dmean: 0
        dmean2: 0
        dvar: 0
        dvar2: 0
        max: 1
        mean: 1
        min: 1
        var: 0
    silence_rate_30dB:
        dmean: 0
        dmean2: 0
        dvar: 0
        dvar2: 0
        max: 1
        mean: 1
        min: 1
        var: 0
    silence_rate_60dB:
        dmean: 0.0696055665612
        dmean2: 0.139534890652
        dvar: 0.0647605359554
        dvar2: 0.124716162682
        max: 1
        mean: 0.768518507481
        min: 0
        var: 0.177897438407
    spectral_centroid:
        dmean: 141.093215942
        dmean2: 203.827850342
        dvar: 50613.9453125
        dvar2: 100942.84375
        max: 3054.89306641
        mean: 1144.52709961
        min: 184.007171631
        var: 501569.375
    spectral_complexity:
        dmean: 1.05594408512
        dmean2: 1.69158875942
        dvar: 3.24162507057
        dvar2: 6.49835252762
        max: 17
        mean: 5.41860485077
        min: 0
        var: 20.3084793091
    spectral_crest:
        dmean: 1.57675933838
        dmean2: 2.52542424202
        dvar: 2.9677131176
        dvar2: 7.05007219315
        max: 22.368314743
        mean: 9.09374523163
        min: 3.34990620613
        var: 11.2750806808
    spectral_decrease:
        dmean: 1.48314430182e-10
        dmean2: 2.12067793881e-10
        dvar: 1.37113716831e-19
        dvar2: 2.86856517061e-19
        max: -3.24333528784e-12
        mean: -5.29738863886e-10
        min: -4.55908688579e-09
        var: 5.18959467836e-19
    spectral_energy:
        dmean: 0.000690194778144
        dmean2: 0.00098768947646
        dvar: 3.28375881509e-06
        dvar2: 7.06656010152e-06
        max: 0.022809823975
        mean: 0.0023962627165
        min: 1.30375483423e-05
        var: 1.17182198665e-05
    spectral_energyband_high:
        dmean: 5.139163477e-05
        dmean2: 7.60609691497e-05
        dvar: 2.72785936062e-08
        dvar2: 5.8354888921e-08
        max: 0.00218127877451
        mean: 0.000107502637547
        min: 2.146793463e-07
        var: 6.61508536837e-08
    spectral_energyband_low:
        dmean: 4.42431337433e-05
        dmean2: 6.35536198388e-05
        dvar: 9.3455403416e-09
        dvar2: 1.85844672984e-08
        max: 0.00105456472374
        mean: 0.000112595182145
        min: 6.69724968816e-08
        var: 2.95042976717e-08
    spectral_energyband_middle_high:
        dmean: 0.000518284738064
        dmean2: 0.000735292967875
        dvar: 2.5001791073e-06
        dvar2: 5.7135634961e-06
        max: 0.0203329194337
        mean: 0.00159723742399
        min: 7.98117355316e-07
        var: 7.91371166997e-06
    spectral_energyband_middle_low:
        dmean: 0.000178819798748
        dmean2: 0.000247925665462
        dvar: 1.29198937771e-07
        dvar2: 1.77190187856e-07
        max: 0.00533920666203
        mean: 0.000578927109018
        min: 7.22615277482e-06
        var: 6.75210003465e-07
    spectral_flatness_db:
        dmean: 0.0156910195947
        dmean2: 0.0238363090903
        dvar: 0.000330502924044
        dvar2: 0.000607791764196
        max: 0.323427587748
        mean: 0.208184063435
        min: 0.0546935424209
        var: 0.00192692922428
    spectral_flux:
        dmean: 0.00661190412939
        dmean2: 0.0103922504932
        dvar: 0.000141778757097
        dvar2: 0.000295940233627
        max: 0.149109169841
        mean: 0.0173857528716
        min: 0.00141217990313
        var: 0.000460288196336
    spectral_kurtosis:
        dmean: 2.03687214851
        dmean2: 3.43043470383
        dvar: 3.7091524601
        dvar2: 10.3727798462
        max: 22.985956192
        mean: 6.31415891647
        min: 0.721928596497
        var: 10.7851791382
    spectral_rms:
        dmean: 0.000188947626157
        dmean2: 0.000262355490122
        dvar: 1.37825480806e-07
        dvar2: 2.32424582691e-07
        max: 0.00471736025065
        mean: 0.00122240034398
        min: 0.000112781024654
        var: 8.4355309582e-07
    spectral_rolloff:
        dmean: 297.499389648
        dmean2: 502.659210205
        dvar: 330965.65625
        dvar2: 844215
        max: 4694.23828125
        mean: 2064.93432617
        min: 193.798828125
        var: 1831952.625
    spectral_skewness:
        dmean: 0.227399915457
        dmean2: 0.37004300952
        dvar: 0.0408173203468
        dvar2: 0.0980110764503
        max: 3.34852695465
        mean: 1.84484863281
        min: 0.844440698624
        var: 0.316476464272
    spectral_spread:
        dmean: 392750.65625
        dmean2: 570836.0625
        dvar: 1.10835807027e+12
        dvar2: 1.21804567347e+12
        max: 23727536
        mean: 4279365.5
        min: 2033445.25
        var: 3.82230541107e+12
    spectral_strongpeak:
        dmean: 0.308177858591
        dmean2: 0.451410233974
        dvar: 0.531070828438
        dvar2: 1.16588401794
        max: 6.3753657341
        mean: 0.762048602104
        min: 0.00251784315333
        var: 1.24799907207
    zerocrossingrate:
        dmean: 0.00611205212772
        dmean2: 0.00701504992321
        dvar: 4.04728743888e-05
        dvar2: 3.8983343984e-05
        max: 0.1494140625
        mean: 0.0640818029642
        min: 0.00927734375
        var: 0.000949149485677
    barkbands:
        dmean: [3.56087532793e-08, 2.74727790384e-05, 2.3062202672e-05, 2.34421768255e-05, 2.86356225843e-05, 5.44203794561e-05, 3.75731287932e-05, 5.65370464756e-05, 4.37562121078e-05, 1.70085058926e-05, 3.77757423848e-05, 7.09873856977e-05, 2.95153931802e-05, 4.62097377749e-05, 5.35391991434e-05, 5.16811487614e-05, 8.55937614688e-05, 0.000163961361977, 9.15942946449e-05, 9.85054648481e-05, 1.37142960739e-05, 4.74894341096e-06, 6.34819741663e-07, 8.550136954e-08, 3.53961304711e-08, 5.74624037242e-09, 4.36881197885e-09]
        dmean2: [5.00907972878e-08, 3.71811220248e-05, 3.63824692613e-05, 4.01939068979e-05, 4.45048281108e-05, 7.71073100623e-05, 5.55906663067e-05, 7.50360122765e-05, 6.14004238741e-05, 2.11922342714e-05, 5.10624740855e-05, 7.16363283573e-05, 4.21623335569e-05, 6.22855004622e-05, 7.43524215068e-05, 8.2892132923e-05, 0.000129819498397, 0.000247180956649, 0.000140842123074, 0.000149091880303, 2.04438802029e-05, 7.7671784311e-06, 9.77426566351e-07, 1.21942903775e-07, 5.0677464003e-08, 6.43525321919e-09, 4.45545023098e-09]
        dvar: [7.52415809508e-15, 4.2259502564e-09, 3.33140781628e-09, 3.04661984529e-09, 5.58277379881e-09, 1.66089080267e-08, 7.08215930345e-09, 6.39062278651e-08, 2.81759575671e-08, 2.2898778429e-09, 2.48410145787e-08, 3.24992619483e-08, 1.14341007773e-08, 2.05144683463e-08, 8.1224754922e-08, 9.9620393712e-08, 1.34738229463e-07, 4.02402719146e-07, 5.87276645092e-08, 8.65260645355e-08, 2.1859605237e-09, 2.67500965823e-10, 4.13106051103e-12, 4.06770293447e-14, 1.29269916305e-14, 7.38051062458e-15, 7.82583650254e-15]
        dvar2: [1.2028381153e-14, 8.20468404328e-09, 7.35349425796e-09, 8.24290502521e-09, 1.07860378407e-08, 2.6159437283e-08, 1.27486918799e-08, 7.42258094988e-08, 5.95409410664e-08, 3.70571817676e-09, 3.2685772311e-08, 2.60389345641e-08, 2.15280202553e-08, 3.38649073228e-08, 1.41413138977e-07, 2.29281369002e-07, 2.96904914876e-07, 1.14725332878e-06, 1.32357058646e-07, 1.55539439106e-07, 4.96978191933e-09, 6.92054358264e-10, 8.92919679168e-12, 6.42562514156e-14, 1.9843124065e-14, 7.39688123036e-15, 7.83896127806e-15]
        max: [1.09459972464e-06, 0.000813091057353, 0.000727188366, 0.000599810795393, 0.00145535857882, 0.00225503486581, 0.00144124962389, 0.00525580020621, 0.00260046124458, 0.00101145228837, 0.00301741855219, 0.00551012437791, 0.00153725454584, 0.00161605060566, 0.00453150318936, 0.00485637318343, 0.00471126893535, 0.00831527914852, 0.0028024893254, 0.00387931615114, 0.000587197719142, 0.00020145457529, 2.55176801147e-05, 2.18490549742e-06, 1.86696604487e-06, 1.78469201728e-06, 1.83508257123e-06]
        mean: [7.16057968475e-08, 7.754645776e-05, 3.49780711986e-05, 3.63594517694e-05, 5.9456389863e-05, 0.00014796142932, 9.07775975065e-05, 0.00012973525736, 0.0001124799237, 5.39152788406e-05, 0.000148195249494, 0.000269665761152, 5.82557113376e-05, 7.88198667578e-05, 8.50558571983e-05, 8.74318357091e-05, 0.000147695769556, 0.0003049482184, 0.000196289838641, 0.000240854729782, 2.31591711781e-05, 1.11163535621e-05, 1.20688275729e-06, 1.97788978085e-07, 7.65533982872e-08, 8.21418755237e-09, 4.34561009399e-09]
        min: [8.25902931115e-13, 4.68150034294e-08, 1.96106118011e-08, 3.12273273906e-09, 2.69993478241e-07, 2.10767211684e-07, 4.13535872212e-07, 4.50094113091e-08, 6.09948500596e-08, 3.3725847004e-08, 2.9299398463e-08, 1.80810744155e-09, 1.30123867237e-08, 1.66386442402e-08, 3.40467565252e-08, 2.99557640915e-08, 5.6884164934e-08, 4.94117102789e-08, 1.04669680923e-07, 1.5782363505e-07, 6.90239687628e-08, 3.66765959825e-08, 6.0160902926e-09, 3.25029847481e-09, 1.48550238777e-09, 4.27625365673e-11, 2.61593589672e-14]
        var: [2.56413288632e-14, 1.6645985923e-08, 5.19218001926e-09, 7.38750838281e-09, 2.56143319888e-08, 8.66893614671e-08, 2.71428337584e-08, 2.81167586991e-07, 9.36760145009e-08, 1.84643962342e-08, 2.19163567294e-07, 4.68285605848e-07, 2.74447469195e-08, 4.7611884213e-08, 1.76647034777e-07, 1.80363997515e-07, 2.22317055432e-07, 5.82669997584e-07, 1.57790239541e-07, 2.60093798943e-07, 4.09364853127e-09, 6.21599438588e-10, 8.44238567943e-12, 1.20809205738e-13, 2.42360232767e-14, 7.38774767409e-15, 7.8126033068e-15]
    mfcc:
        mean: [-841.953491211, 129.801269531, -47.2577667236, 54.5904655457, -20.2802600861, -5.06969690323, 1.6669549942, 0.671831786633, -8.87003612518, -6.69158172607, 3.16293907166, -0.4208779037, 7.2328953743]
        cov: [[7874.59033203, -1293.50390625, -3416.69628906, 230.907745361, -303.812530518, -83.1440963745, -203.967788696, 52.47290802, -624.477661133, -68.1710968018, 89.0378952026, -15.6033267975, 372.867095947], [-1293.50390625, 1521.78015137, 1033.38549805, -192.929031372, 29.9251918793, 0.391938686371, 171.939468384, 143.983795166, 249.080230713, 32.1182289124, 53.9797363281, 60.4332847595, -123.034446716], [-3416.69628906, 1033.38549805, 2631.06494141, -117.538467407, 357.6612854, 65.6314239502, 126.943054199, 39.3030967712, 391.766601562, 157.111984253, -4.59641456604, 52.8594207764, -176.9818573], [230.907745361, -192.929031372, -117.538467407, 258.549102783, 49.8073997498, 50.7901191711, 0.982819437981, 15.5605630875, -20.2962169647, -26.1039505005, 11.894077301, -10.0624170303, 43.0229949951], [-303.812530518, 29.9251918793, 357.6612854, 49.8073997498, 197.863342285, 58.1689605713, 9.93613529205, 8.24924278259, 69.109413147, 65.8256072998, 38.7042999268, 31.4149723053, 26.3163566589], [-83.1440963745, 0.391938686371, 65.6314239502, 50.7901191711, 58.1689605713, 140.08416748, 79.5871658325, 38.8095970154, 39.9182701111, -2.75975084305, -1.57237672806, 14.6679315567, 31.0806102753], [-203.967788696, 171.939468384, 126.943054199, 0.982819437981, 9.93613529205, 79.5871658325, 143.507049561, 74.9510803223, 46.0944633484, -30.7494544983, 1.12296140194, 17.6565418243, -5.04711818695], [52.47290802, 143.983795166, 39.3030967712, 15.5605630875, 8.24924278259, 38.8095970154, 74.9510803223, 102.786079407, 32.6036186218, -20.4823112488, 16.8661975861, 18.5630683899, 15.0317754745], [-624.477661133, 249.080230713, 391.766601562, -20.2962169647, 69.109413147, 39.9182701111, 46.0944633484, 32.6036186218, 150.287109375, 46.1658706665, 17.5461368561, 37.1035118103, -3.41897749901], [-68.1710968018, 32.1182289124, 157.111984253, -26.1039505005, 65.8256072998, -2.75975084305, -30.7494544983, -20.4823112488, 46.1658706665, 108.857536316, 48.0858230591, 24.6839733124, 13.2932710648], [89.0378952026, 53.9797363281, -4.59641456604, 11.894077301, 38.7042999268, -1.57237672806, 1.12296140194, 16.8661975861, 17.5461368561, 48.0858230591, 83.1094589233, 40.4021148682, 19.4886665344], [-15.6033267975, 60.4332847595, 52.8594207764, -10.0624170303, 31.4149723053, 14.6679315567, 17.6565418243, 18.5630683899, 37.1035118103, 24.6839733124, 40.4021148682, 64.8501358032, 25.8070659637], [372.867095947, -123.034446716, -176.9818573, 43.0229949951, 26.3163566589, 31.0806102753, -5.04711818695, 15.0317754745, -3.41897749901, 13.2932710648, 19.4886665344, 25.8070659637, 102.097747803]]
        icov: [[0.000442104152171, -0.000170527797309, 0.000518666580319, -0.000177346912096, -0.00029468809953, 0.000128668718389, 0.000152685330249, -0.000924009247683, 0.0013671311317, -0.0011527382303, 0.000729046063498, -0.000448766310001, -0.000495751504786], [-0.000170527797309, 0.00158147036564, -0.000617414712906, 0.000775253283791, 0.000842911016662, 0.000437814363977, -0.000576153281145, -0.000888044887688, -0.00198745913804, 0.00111952703446, -0.00188804266509, 0.000543993897736, 0.000893898250069], [0.000518666580319, -0.000617414712906, 0.00181349052582, -0.000293562392471, -0.00234729680233, 0.000743354670703, -0.000341273727827, -0.000824316462968, 0.000186572899111, -0.00218318216503, 0.00267061544582, -0.000912486459129, 0.00112368923146], [-0.000177346912096, 0.000775253283791, -0.000293562392471, 0.00597655819729, -0.00144214404281, -0.00189634517301, 0.00136716512498, -0.000428317405749, -0.00133127381559, 0.00440411828458, -0.00413480447605, 0.00335571006872, -0.001042733551], [-0.00029468809953, 0.000842911016662, -0.00234729680233, -0.00144214404281, 0.012184808962, -0.00403432548046, 0.00172915693838, 0.000280695880065, -0.000802586553618, -0.00183901679702, -0.00421285070479, -4.50408988399e-05, -0.00220956723206], [0.000128668718389, 0.000437814363977, 0.000743354670703, -0.00189634517301, -0.00403432548046, 0.0157524589449, -0.00983909331262, 0.000652010901831, -0.00164628576022, -0.00229462306015, 0.00453859940171, -0.000317449274007, -0.00273497705348], [0.000152685330249, -0.000576153281145, -0.000341273727827, 0.00136716512498, 0.00172915693838, -0.00983909331262, 0.0194849334657, -0.00865897256881, -0.000344198255334, 0.00474706524983, -0.00188701879233, -0.00182810996193, 0.00256066746078], [-0.000924009247683, -0.000888044887688, -0.000824316462968, -0.000428317405749, 0.000280695880065, 0.000652010901831, -0.00865897256881, 0.0218069441617, -0.00467538367957, 0.00686675217003, -0.00614965381101, 0.00224784156308, -0.00329849612899], [0.0013671311317, -0.00198745913804, 0.000186572899111, -0.00133127381559, -0.000802586553618, -0.00164628576022, -0.000344198255334, -0.00467538367957, 0.0207616630942, -0.00939811486751, 0.00655224267393, -0.00733226398006, -0.00260253367014], [-0.0011527382303, 0.00111952703446, -0.00218318216503, 0.00440411828458, -0.00183901679702, -0.00229462306015, 0.00474706524983, 0.00686675217003, -0.00939811486751, 0.0261865518987, -0.0163678396493, 0.00557521963492, -0.00169424887281], [0.000729046063498, -0.00188804266509, 0.00267061544582, -0.00413480447605, -0.00421285070479, 0.00453859940171, -0.00188701879233, -0.00614965381101, 0.00655224267393, -0.0163678396493, 0.0317849442363, -0.0158028658479, 0.00222820579074], [-0.000448766310001, 0.000543993897736, -0.000912486459129, 0.00335571006872, -4.50408988399e-05, -0.000317449274007, -0.00182810996193, 0.00224784156308, -0.00733226398006, 0.00557521963492, -0.0158028658479, 0.03060423024, -0.00670514674857], [-0.000495751504786, 0.000893898250069, 0.00112368923146, -0.001042733551, -0.00220956723206, -0.00273497705348, 0.00256066746078, -0.00329849612899, -0.00260253367014, -0.00169424887281, 0.00222820579074, -0.00670514674857, 0.0184868145734]]
    spectral_contrast:
        mean: [2.81389361589e-07, -2.00771495429e-07, -2.14853956848e-09, 1.09644822999e-07, 1.63185035262e-07, 1.14109968763e-06, -5.01857243762e-07, 1.95967595573e-06, 5.32456624569e-06, -9.38703863085e-07, -1.2799750948e-06, 5.69099620407e-06]
        var: [0.000284442299744, 0.00111657951493, 0.00224674446508, 0.00354739720933, 0.00396325206384, 0.0180890839547, 0.0452580936253, 0.100040905178, 0.210466742516, 0.286345928907, 0.856033921242, 2.00222945213]

rhythm:
    beats_loudness:
        dmean: 0.00196395604871
        dmean2: 0.0029368288815
        dvar: 9.45194733504e-06
        dvar2: 2.22087310249e-05
        max: 0.0160350799561
        mean: 0.00273387716152
        min: 2.29210108955e-05
        var: 1.22535420815e-05
    beats_loudness_bass:
        dmean: 0.145774707198
        dmean2: 0.253274708986
        dvar: 0.0274663772434
        dvar2: 0.0626028627157
        max: 0.747050106525
        mean: 0.200782805681
        min: 0.00015950659872
        var: 0.0520320571959
    bpm: 166.121246338
    bpm_confidence: 0
    first_peak_bpm: 166
    first_peak_spread: 0
    first_peak_weight: 0.517241358757
    onset_rate: 2.99072289467
    second_peak_bpm: 211
    second_peak_spread: 0
    second_peak_weight: 0.448275864124
    beats_position: [0.229091882706, 0.59027493, 0.951457977295, 1.31264102459, 1.67382407188, 2.03500699997, 2.39619016647, 2.75737309456, 3.11855602264, 3.47973918915, 3.84092211723, 4.20210504532, 4.56328821182, 4.92447137833, 5.28565454483, 5.6468372345, 6.03554534912, 6.32018899918, 6.60483264923, 6.88947677612, 7.17412042618, 7.45876407623, 7.74340820312, 8.02805233002, 8.31269645691, 8.59733963013, 8.88198375702, 9.16662788391, 9.4512720108, 9.73591518402]
    bpm_estimates: [165.826278687, 166.416229248]
    bpm_intervals: [0.361183047295, 0.361183047295, 0.361183047295, 0.361183047295, 0.361182928085, 0.361183166504, 0.361182928085, 0.361182928085, 0.361183166504, 0.361182928085, 0.361182928085, 0.361183166504, 0.361183166504, 0.361183166504, 0.361182689667, 0.388708114624, 0.284643650055, 0.284643650055, 0.284644126892, 0.284643650055, 0.284643650055, 0.284644126892, 0.284644126892, 0.284644126892, 0.284643173218, 0.284644126892, 0.284644126892, 0.284644126892, 0.284643173218]
    onset_times: [0.0580498874187, 0.162539675832, 1.71827661991, 2.0549659729, 2.41487526894, 2.83283448219, 4.09832191467, 4.41179132462, 4.67882108688, 4.79492044449, 5.15482997894, 5.49151945114, 5.65405893326, 5.78176879883, 5.9094786644, 6.025578022, 6.1648979187, 6.3042178154, 6.48997735977, 6.74539661407, 6.88471651077, 7.01242637634, 7.41877555847, 8.75392246246, 8.90485286713, 9.0093421936, 9.43891143799, 9.78721046448, 9.82204055786, 10.0310201645]
    rubato_start: [6.32018899918]
    rubato_stop: [6.60483264923]
    perceptual_tempo: "unknown"

sfx:
    inharmonicity:
        dmean: 0.0300354231149
        dmean2: 0.054018355906
        dvar: 0.00196355092339
        dvar2: 0.0057977149263
        max: 0.301010489464
        mean: 0.0316351093352
        min: 3.48634566762e-05
        var: 0.00223483308218
    oddtoevenharmonicenergyratio:
        dmean: 1.17263352871
        dmean2: 2.05781078339
        dvar: 7.78977775574
        dvar2: 21.7223587036
        max: 23.6061191559
        mean: 1.22129392624
        min: 6.61065278109e-05
        var: 6.29183721542
    pitch_after_max_to_before_max_energy_ratio: 0.386144548655
    pitch_centroid: 205.361282349
    pitch_max_to_total: 0.886046528816
    pitch_min_to_total: 0.467441856861
    tristimulus:
        dmean: [0.14985999465, 0.157023027539, 0.073113784194]
        dmean2: [0.259702593088, 0.275056511164, 0.131488770247]
        dvar: [0.0264538917691, 0.0271017476916, 0.00842577684671]
        dvar2: [0.0666257888079, 0.0726966038346, 0.0215845350176]
        max: [0.983748435974, 0.959475636482, 0.570504844189]
        mean: [0.426692187786, 0.48293787241, 0.083529509604]
        min: [0.00241922400892, 0, 0]
        var: [0.070868588984, 0.0634360313416, 0.0106146801263]

tonal:
    chords_changes_rate: 0.0925925895572
    chords_number_rate: 0.050925925374
    chords_strength:
        dmean: 0.0110419904813
        dmean2: 0.0104781575501
        dvar: 8.23283844511e-05
        dvar2: 9.7149706562e-05
        max: 0.766051828861
        mean: 0.50327539444
        min: 0.337443828583
        var: 0.0135714598
    key_strength: 0.7193775177
    tuning_diatonic_strength: 0.584024369717
    tuning_equal_tempered_deviation: 0.178039208055
    tuning_frequency: 442.548919678
    tuning_nontempered_energy_ratio: 0.892114758492
    hpcp:
        dmean: [0.0676166340709, 0.0712416097522, 0.0935116186738, 0.107826747, 0.0909937545657, 0.0634075552225, 0.0565499104559, 0.0899645611644, 0.10605700314, 0.0929174721241, 0.0709492713213, 0.0628456398845, 0.0672459676862, 0.0468416623771, 0.0490786805749, 0.0844136029482, 0.125547066331, 0.124276734889, 0.133040502667, 0.0645075887442, 0.0438307411969, 0.0411463901401, 0.0624153837562, 0.0911052599549, 0.103412866592, 0.0928994566202, 0.0828215405345, 0.0676890909672, 0.0633957460523, 0.0744885057211, 0.0656788498163, 0.0515532642603, 0.0644840449095, 0.0776575282216, 0.0930490642786, 0.0747399181128]
        dmean2: [0.116486147046, 0.122550904751, 0.15632776916, 0.175525963306, 0.148809045553, 0.102846413851, 0.100620038807, 0.152673780918, 0.176696762443, 0.14577126503, 0.104933179915, 0.108328156173, 0.105247452855, 0.0791155919433, 0.081773199141, 0.140771433711, 0.200140625238, 0.192722842097, 0.21073359251, 0.10388289392, 0.0723605528474, 0.0682024881244, 0.100632756948, 0.14456474781, 0.168917506933, 0.143258720636, 0.128568783402, 0.1151907444, 0.10664370656, 0.113022439182, 0.102876119316, 0.0836877003312, 0.0963167846203, 0.125621557236, 0.156953170896, 0.123878329992]
        dvar: [0.0216072257608, 0.0152025520802, 0.0242980439216, 0.0342612452805, 0.0268985945731, 0.0154365403578, 0.0140958903357, 0.029567334801, 0.0353616699576, 0.0243162382394, 0.0164102595299, 0.0210990663618, 0.031005371362, 0.0177439767867, 0.0143756307662, 0.0294390525669, 0.0348768383265, 0.0412943251431, 0.0364523977041, 0.0158364344388, 0.0178928971291, 0.00959596037865, 0.0196127649397, 0.019443443045, 0.0237385053188, 0.0208269022405, 0.0246242396533, 0.0241442210972, 0.0208517871797, 0.0218361187726, 0.0170002002269, 0.00811579544097, 0.00972719304264, 0.0193123929203, 0.0401679575443, 0.0254587121308]
        dvar2: [0.0615371726453, 0.0449899248779, 0.0608868636191, 0.0786299631, 0.0585467070341, 0.0353921577334, 0.0348072238266, 0.0835106894374, 0.0830506682396, 0.0542792603374, 0.0386518575251, 0.0485080704093, 0.0659935027361, 0.038840405643, 0.0347066931427, 0.0689091831446, 0.084882363677, 0.0748822614551, 0.0757209807634, 0.0305345263332, 0.0309722777456, 0.0224705319852, 0.0435250140727, 0.0403373651206, 0.0576055534184, 0.044883325696, 0.0590011551976, 0.054334204644, 0.0535276196897, 0.0504364222288, 0.0351375974715, 0.019043289125, 0.0202287416905, 0.0397269167006, 0.107019871473, 0.059617664665]
        max: [1, 0.862221360207, 1, 1, 1, 1, 1, 1, 1, 1, 1, 1, 1, 1, 1, 1, 1, 1, 1, 1, 1, 0.829346835613, 1, 1, 1, 1, 1, 1, 1, 1, 1, 0.870304822922, 1, 1, 1, 1]
        mean: [0.0887290984392, 0.0877267420292, 0.186364248395, 0.240001499653, 0.159399151802, 0.0895539745688, 0.0680143162608, 0.107926271856, 0.217636048794, 0.241973996162, 0.13672234118, 0.0987638086081, 0.0978639125824, 0.053729839623, 0.0831777453423, 0.13605222106, 0.21492780745, 0.358031094074, 0.271567523479, 0.0881596952677, 0.0730538964272, 0.0616537034512, 0.0819723978639, 0.196080610156, 0.235187530518, 0.16815379262, 0.11407636106, 0.0778706744313, 0.0853200554848, 0.125027894974, 0.103032194078, 0.0812121704221, 0.152671262622, 0.162932097912, 0.108488000929, 0.103353731334]
        min: [8.24624294182e-05, 0.000906152301468, 0.000392518035369, 0.000777980312705, 0.000277317070868, 0.000110607907118, 0.000198526118766, 0.000221797454287, 0.00134128052741, 0.000776238681283, 8.65843321662e-05, 0.000119330979942, 0.000289213145152, 0.000291745236609, 0.000138268223964, 0.000146510574268, 0.000488587655127, 0.00034688989399, 0.000258407293586, 0.000109452310426, 9.0513334726e-05, 0.000118850432045, 5.55101469217e-05, 0.000145917860209, 0.000900355866179, 0.000247670017416, 0.000165154851857, 0.000142095144838, 0.000158604700118, 0.000176105633727, 0.000356821343303, 0.000475594017189, 0.000377406802727, 0.000202755545615, 3.76934622182e-05, 5.41641966265e-05]
        var: [0.0278638377786, 0.0162860844284, 0.042532030493, 0.091308452189, 0.0655125975609, 0.0323166996241, 0.0209423229098, 0.0317457318306, 0.0813346207142, 0.113948173821, 0.0467899516225, 0.0524452365935, 0.0571685805917, 0.0204538814723, 0.0342829562724, 0.0694602206349, 0.0684944540262, 0.15140594542, 0.104006849229, 0.0250402092934, 0.0384131893516, 0.0200855415314, 0.0294606946409, 0.0743247494102, 0.080464117229, 0.0396295748651, 0.0324519351125, 0.0330811664462, 0.0305395759642, 0.0441782437265, 0.029325639829, 0.0128704197705, 0.0417389795184, 0.056878414005, 0.0463604927063, 0.0368931367993]
    chords_histogram: [0, 1.85185182095, 10.1851854324, 0, 6.48148155212, 0, 0, 1.38888883591, 20.8333339691, 10.1851854324, 9.25925922394, 0, 0, 0, 0, 0, 0, 3.70370364189, 6.94444465637, 0.925925910473, 0, 19.9074077606, 8.33333301544, 0]
    thpcp: [1, 0.758502602577, 0.246234744787, 0.204043447971, 0.172202095389, 0.228953287005, 0.547663629055, 0.656891345978, 0.469662547112, 0.318621367216, 0.217496961355, 0.238303482533, 0.349209606647, 0.287774443626, 0.22682993114, 0.426418989897, 0.455078065395, 0.303012788296, 0.288672506809, 0.247825115919, 0.245025485754, 0.520525336266, 0.670337021351, 0.445210367441, 0.250129044056, 0.189967617393, 0.301443845034, 0.607869148254, 0.675846338272, 0.381872802973, 0.275852590799, 0.273339152336, 0.150070309639, 0.232319891453, 0.38000112772, 0.600304841995]
    chords_key: "G"
    chords_scale: "major"
    key_key: "D#"
    key_scale: "major"
    chords_progression: ["G", "G", "G", "G", "G", "G", "G", "G", "G", "G", "G", "G", "G", "G", "G", "G", "G", "G", "G", "G", "G", "G", "G", "G", "G", "G", "G", "G", "G", "G", "G", "G", "G", "G", "G", "G", "G", "G", "G", "G", "G", "G", "G", "G", "G", "G#", "G#", "G#", "G#", "G#", "G#", "G#", "G#", "G#", "Em", "Em", "Em", "Fm", "Fm", "Fm", "Fm", "Fm", "Fm", "Fm", "Fm", "Fm", "Fm", "Fm", "Fm", "Fm", "Fm", "Fm", "Fm", "Fm", "Fm", "Fm", "Fm", "Fm", "Fm", "Fm", "Fm", "Fm", "Fm", "Fm", "Fm", "Fm", "Fm", "Fm", "Fm", "Fm", "Fm", "Fm", "Fm", "Fm", "Fm", "Fm", "Fm", "Fm", "Fm", "Fm", "G#", "G#", "A#m", "G#", "G#", "G#", "G#", "G#", "G#", "G#", "D#m", "D#m", "D#m", "A#m", "F#", "F#", "D#m", "D#m", "D#m", "D#m", "D#m", "F#", "F#", "F#", "F#", "F#", "F#", "F#", "F#", "F#", "F#", "F#", "F#", "F#", "F", "F", "F", "F", "F", "F", "F", "F", "F", "F", "F", "F", "F", "F", "A#", "A#", "A#", "A#", "A#", "A#", "A#", "A#", "A#", "D", "D", "D", "D", "D", "D", "D", "D", "D", "D", "D", "D", "D", "D", "D", "D", "D", "D", "D", "D", "Gm", "Gm", "Gm", "Gm", "A#", "A#", "A#", "A#", "A#", "Bm", "A#", "Bm", "Bm", "Bm", "Bm", "Bm", "Bm", "Bm", "Bm", "Bm", "Bm", "Bm", "Bm", "Bm", "Bm", "Bm", "Bm", "Bm", "Bm", "Bm", "Bm", "Bm", "A#", "A#", "A#", "A#", "A#", "A#", "A#"]
