
metadata:
    version:
        essentia: "1.2.2"
    audio_properties:
        analysis_sample_rate: 44100
        bitrate: 128
        channels: 2
        equal_loudness: 1
        length: 10.0310201645
        replay_gain: -4.66123199463
        downmix: "mix"
    tags:
        track: 12
        year: 0
        album: "Splitted by Mp3Splt v. 2.1"
        artist: "From 001.50 To 002.00"
        comment: "http://mp3splt.sf.net"
        genre: ""
        title: "05 Welcome Christmas (Reprise)"

highlevel:
    ballroom:
        all:
            ChaChaCha: 0.000717450107913
            Jive: 0.000798692344688
            Quickstep: 0.00590222794563
            Rumba-American: 0.00431048031896
            Rumba-International: 0.151791810989
            Rumba-Misc: 0.0808027759194
            Samba: 0.000822346250061
            Tango: 0.00451384065673
            VienneseWaltz: 0.106480270624
            Waltz: 0.6438601017
        probability: 0.6438601017
        value: "Waltz"
    culture:
        all:
            non_western: 0.150345385075
            western: 0.849654614925
        probability: 0.849654614925
        value: "western"
    gender:
        all:
            female: 0.70578956604
            male: 0.294210404158
        probability: 0.70578956604
        value: "female"
    genre_dortmund:
        all:
            alternative: 0.0966368913651
            blues: 0.0267560370266
            electronic: 0.0595724210143
            folkcountry: 0.188141644001
            funksoulrnb: 0.0345780216157
            jazz: 0.381488204002
            pop: 0.0861622095108
            raphiphop: 0.00252148509026
            rock: 0.124143093824
        probability: 0.381488204002
        value: "jazz"
    genre_electronica:
        all:
            ambient: 0.973037540913
            dnb: 0.00151853566058
            house: 0.0102576967329
            techno: 0.00163285143208
            trance: 0.0135533884168
        probability: 0.973037540913
        value: "ambient"
    genre_rosamerica:
        all:
            cla: 0.49848395586
            dan: 0.00667689880356
            hip: 0.00934238079935
            jaz: 0.244573950768
            pop: 0.0555334612727
            rhy: 0.0797618180513
            roc: 0.0837897434831
            spe: 0.0218377877027
        probability: 0.49848395586
        value: "cla"
    genre_tzanetakis:
        all:
            blu: 0.0577362477779
            cla: 0.3827483356
            cou: 0.124687716365
            dis: 0.00742635130882
            hip: 0.00538428407162
            jaz: 0.339227169752
            met: 0.00848465785384
            pop: 0.0198723394424
            reg: 0.0131160067394
            roc: 0.0413168855011
        probability: 0.3827483356
        value: "cla"
    live_studio:
        all:
            live: 0.565187811852
            studio: 0.434812158346
        probability: 0.565187811852
        value: "live"
    mood:
        all:
            Cluster1: 0.03876471892
            Cluster2: 0.0709414258599
            Cluster3: 0.809539675713
            Cluster4: 0.0466351062059
            Cluster5: 0.0341191068292
        probability: 0.809539675713
        value: "Cluster3"
    mood_acoustic:
        all:
            acoustic: 0.95087569952
            not_acoustic: 0.0491243302822
        probability: 0.95087569952
        value: "acoustic"
    mood_aggressive:
        all:
            aggressive: 0.0120745114982
            not_aggressive: 0.987925469875
        probability: 0.987925469875
        value: "not_aggressive"
    mood_electronic:
        all:
            electronic: 0.0670789778233
            not_electronic: 0.932921051979
        probability: 0.932921051979
        value: "not_electronic"
    mood_happy:
        all:
            happy: 0.146072968841
            not_happy: 0.853927016258
        probability: 0.853927016258
        value: "not_happy"
    mood_party:
        all:
            not_party: 0.954347491264
            party: 0.0456525199115
        probability: 0.954347491264
        value: "not_party"
    mood_relaxed:
        all:
            not_relaxed: 0.146339565516
            relaxed: 0.853660464287
        probability: 0.853660464287
        value: "relaxed"
    mood_sad:
        all:
            not_sad: 0.07584772259
            sad: 0.924152255058
        probability: 0.924152255058
        value: "sad"
    rhythm:
        all:
            fast: 0.0524885244668
            medium: 0.544014155865
            slow: 0.403497308493
        probability: 0.544014155865
        value: "medium"
    speech_music:
        all:
            music: 0.847104251385
            speech: 0.152895733714
        probability: 0.847104251385
        value: "music"
    timbre:
        all:
            bright: 0.256042480469
            dark: 0.743957519531
        probability: 0.743957519531
        value: "dark"
    voice_instrumental:
        all:
            instrumental: 0.410204023123
            voice: 0.589795947075
        probability: 0.589795947075
        value: "voice"

lowlevel:
    average_loudness: 0.959821403027
    barkbands_kurtosis:
        dmean: 8.58772373199
        dmean2: 13.1965875626
        dvar: 138.215057373
        dvar2: 332.543426514
        max: 137.318832397
        mean: 23.3289337158
        min: -1.75614333153
        var: 508.827972412
    barkbands_skewness:
        dmean: 0.69834291935
        dmean2: 1.07743740082
        dvar: 0.413769155741
        dvar2: 0.994662046432
        max: 9.90860080719
        mean: 3.44246482849
        min: -0.462848097086
        var: 3.08639025688
    barkbands_spread:
        dmean: 1.56736862659
        dmean2: 2.49026846886
        dvar: 5.23750782013
        dvar2: 13.3590974808
        max: 36.0441474915
        mean: 6.27249193192
        min: 0.639420390129
        var: 51.5879554749
    dissonance:
        dmean: 0.0380490534008
        dmean2: 0.0642400756478
        dvar: 0.00102273502853
        dvar2: 0.00277693546377
        max: 0.499138534069
        mean: 0.395386755466
        min: 0.229793384671
        var: 0.00265049492009
    hfc:
        dmean: 0.664808452129
        dmean2: 0.998265206814
        dvar: 1.45414745808
        dvar2: 2.92149686813
        max: 26.3088970184
        mean: 2.30181097984
        min: 4.79173468193e-06
        var: 6.98303508759
    pitch:
        dmean: 101.643501282
        dmean2: 189.086715698
        dvar: 111086.15625
        dvar2: 357217.03125
        max: 3392.30761719
        mean: 265.030059814
        min: 61.8513336182
        var: 66632.1171875
    pitch_instantaneous_confidence:
        dmean: 0.0946725085378
        dmean2: 0.154457613826
        dvar: 0.00594251416624
        dvar2: 0.0142132379115
        max: 0.893207550049
        mean: 0.562926709652
        min: 0.18006503582
        var: 0.0204774402082
    pitch_salience:
        dmean: 0.0746342763305
        dmean2: 0.11609967798
        dvar: 0.00352391367778
        dvar2: 0.00866156164557
        max: 0.953709840775
        mean: 0.549727141857
        min: 0.206895694137
        var: 0.0119304498658
    silence_rate_20dB:
        dmean: 0
        dmean2: 0
        dvar: 0
        dvar2: 0
        max: 1
        mean: 1
        min: 1
        var: 0
    silence_rate_30dB:
        dmean: 0
        dmean2: 0
        dvar: 0
        dvar2: 0
        max: 1
        mean: 1
        min: 1
        var: 0
    silence_rate_60dB:
        dmean: 0.148148149252
        dmean2: 0.296983748674
        dvar: 0.12620061636
        dvar2: 0.278389334679
        max: 1
        mean: 0.341801375151
        min: 0
        var: 0.22497369349
    spectral_centroid:
        dmean: 56.6593933105
        dmean2: 86.1630477905
        dvar: 6086.20117188
        dvar2: 14549.2011719
        max: 2074.92504883
        mean: 488.798278809
        min: 266.504150391
        var: 57063.296875
    spectral_complexity:
        dmean: 1.19489562511
        dmean2: 1.90232563019
        dvar: 2.22187542915
        dvar2: 3.92534947395
        max: 29
        mean: 6.40046310425
        min: 0
        var: 16.865064621
    spectral_crest:
        dmean: 2.7721953392
        dmean2: 4.46549081802
        dvar: 5.0311331749
        dvar2: 12.4001951218
        max: 24.6849403381
        mean: 14.3744268417
        min: 3.66569924355
        var: 21.7412872314
    spectral_decrease:
        dmean: 3.6757755173e-10
        dmean2: 5.71078906386e-10
        dvar: 1.37399055368e-19
        dvar2: 3.38435338308e-19
        max: -6.51383688911e-16
        mean: -1.11836839789e-09
        min: -4.17290069166e-09
        var: 4.24854128075e-19
    spectral_energy:
        dmean: 0.00144194799941
        dmean2: 0.00223742472008
        dvar: 2.18616855818e-06
        dvar2: 5.35318304173e-06
        max: 0.0181357581168
        mean: 0.00442976271734
        min: 2.89309887158e-09
        var: 6.9842603807e-06
    spectral_energyband_high:
        dmean: 6.47330170978e-06
        dmean2: 9.76646333584e-06
        dvar: 7.83403286686e-10
        dvar2: 1.64451807727e-09
        max: 0.000493206724059
        mean: 1.53671335283e-05
        min: 3.2644101311e-10
        var: 1.94923588381e-09
    spectral_energyband_low:
        dmean: 1.33799803734e-05
        dmean2: 1.72179825313e-05
        dvar: 3.09957975952e-10
        dvar2: 6.15695994188e-10
        max: 0.000166219077073
        mean: 3.7233443436e-05
        min: 9.37255828504e-11
        var: 1.18133791638e-09
    spectral_energyband_middle_high:
        dmean: 0.000114185881102
        dmean2: 0.000160280251293
        dvar: 1.55538657509e-07
        dvar2: 3.1101200193e-07
        max: 0.00805202871561
        mean: 0.00038606824819
        min: 8.69114336055e-10
        var: 7.80319794558e-07
    spectral_energyband_middle_low:
        dmean: 0.00142705230974
        dmean2: 0.00221929536201
        dvar: 1.84505051948e-06
        dvar2: 4.67249356007e-06
        max: 0.0132255349308
        mean: 0.00399108417332
        min: 1.58783164395e-09
        var: 5.02101647726e-06
    spectral_flatness_db:
        dmean: 0.0234815850854
        dmean2: 0.0370660610497
        dvar: 0.0004171760811
        dvar2: 0.000955495866947
        max: 0.397999942303
        mean: 0.289149552584
        min: 0.0397724285722
        var: 0.00290520163253
    spectral_flux:
        dmean: 0.00888303294778
        dmean2: 0.0151713145897
        dvar: 6.26751716482e-05
        dvar2: 0.000173513035406
        max: 0.0985314026475
        mean: 0.0292178634554
        min: 5.37875348527e-05
        var: 0.000161467323778
    spectral_kurtosis:
        dmean: 5.70457839966
        dmean2: 9.72266960144
        dvar: 28.0526542664
        dvar2: 76.4348373413
        max: 50.8534202576
        mean: 18.4884815216
        min: 0.774085521698
        var: 89.3371658325
    spectral_rms:
        dmean: 0.000335646560416
        dmean2: 0.000508637924213
        dvar: 8.46228616069e-08
        dvar2: 1.84398928127e-07
        max: 0.00420635519549
        mean: 0.00199402589351
        min: 1.6800403273e-06
        var: 3.45575216443e-07
    spectral_rolloff:
        dmean: 132.696121216
        dmean2: 231.306106567
        dvar: 112935.492188
        dvar2: 279021.625
        max: 3789.84375
        mean: 710.246826172
        min: 236.865234375
        var: 421875
    spectral_skewness:
        dmean: 0.435885995626
        dmean2: 0.723162651062
        dvar: 0.133073881269
        dvar2: 0.367178052664
        max: 5.78287506104
        mean: 3.27919816971
        min: 0.946641266346
        var: 0.8914732337
    spectral_spread:
        dmean: 354988.3125
        dmean2: 516267.3125
        dvar: 2.10548123238e+12
        dvar2: 2.20785357619e+12
        max: 26056742
        mean: 2600888
        min: 1490894.875
        var: 2.51392294912e+12
    spectral_strongpeak:
        dmean: 0.225106716156
        dmean2: 0.366698980331
        dvar: 0.046431619674
        dvar2: 0.114728756249
        max: 1.60252678394
        mean: 0.526869893074
        min: 1.58604943863e-05
        var: 0.0938740894198
    zerocrossingrate:
        dmean: 0.00331147597171
        dmean2: 0.00430823024362
        dvar: 2.24963423534e-05
        dvar2: 3.53084942617e-05
        max: 0.12158203125
        mean: 0.0280332211405
        min: 0.00634765625
        var: 0.000261766312178
    barkbands:
        dmean: [2.80167480327e-08, 1.84836153494e-06, 1.20621871247e-05, 3.03748656734e-05, 0.00058461620938, 0.000746091071051, 0.000410423643189, 0.000158167924383, 0.000144669989822, 3.16682308039e-05, 2.72197157756e-05, 1.71379742824e-05, 1.20850836538e-05, 1.84325763257e-05, 1.02642779893e-05, 2.99260627799e-05, 2.23203496716e-05, 2.70058608294e-05, 1.59186274686e-05, 1.61137213581e-05, 2.65137191491e-06, 5.61221668249e-07, 1.56797639761e-07, 3.78250355482e-08, 8.85743478563e-09, 1.66815383729e-09, 1.25295718245e-09]
        dmean2: [3.05936573852e-08, 2.30701789405e-06, 1.59274532052e-05, 5.12868609803e-05, 0.000876552774571, 0.00111014023423, 0.000631135131698, 0.000250569515629, 0.000222904724069, 4.72524152428e-05, 4.23089368269e-05, 2.73099994956e-05, 1.82102558028e-05, 2.84768029815e-05, 1.6466683519e-05, 4.85632954224e-05, 3.21046609315e-05, 3.76612333639e-05, 2.30741970881e-05, 2.51070687227e-05, 3.94018343286e-06, 8.6439132474e-07, 2.40130646034e-07, 6.31625525216e-08, 1.41158000844e-08, 2.12604356342e-09, 1.40408118465e-09]
        dvar: [2.61858107897e-13, 1.71726868836e-11, 2.74638506381e-10, 2.77829248496e-09, 4.29133592661e-07, 1.01083583104e-06, 4.59449722712e-07, 1.12192374502e-07, 1.49575370756e-07, 4.51161330517e-09, 4.61298244048e-09, 4.20168921877e-09, 1.15097609221e-09, 4.62730209705e-09, 1.89912374715e-09, 2.28223981935e-08, 1.18063887555e-08, 6.07826855514e-09, 4.29713775674e-09, 1.07705044883e-08, 9.99776303412e-11, 3.34890665546e-12, 3.7927346268e-13, 4.55851651457e-14, 1.36667357847e-15, 4.28230185509e-16, 4.94191155741e-16]
        dvar2: [2.62125960044e-13, 2.36985032293e-11, 5.54049361945e-10, 7.9595814384e-09, 9.95656478153e-07, 2.55448662756e-06, 1.18579862374e-06, 3.02548528452e-07, 4.07632711585e-07, 9.83520997977e-09, 1.21402718989e-08, 1.16567600017e-08, 2.1587849286e-09, 1.17852829717e-08, 4.76577444175e-09, 6.96794231203e-08, 2.45831337509e-08, 1.05753015234e-08, 6.40090647153e-09, 2.63939039513e-08, 2.42229097891e-10, 7.79242989579e-12, 8.6323521031e-13, 1.21917395884e-13, 2.7207513535e-15, 4.38005819223e-16, 4.9514607951e-16]
        max: [1.06466686702e-05, 8.271720435e-05, 0.000162110765814, 0.000652237969916, 0.0068797711283, 0.00866584759206, 0.00615512253717, 0.00324683473445, 0.00562193151563, 0.00115131679922, 0.000870912219398, 0.000842674926389, 0.000610818504356, 0.000900588929653, 0.000551162927877, 0.00219878577627, 0.00255370279774, 0.00136266381014, 0.00121755420696, 0.00193177175242, 0.000171587438672, 2.85875557893e-05, 9.37543154578e-06, 3.16911314258e-06, 5.26820883806e-07, 4.29259557677e-07, 4.62250682176e-07]
        mean: [2.92392154932e-08, 5.51408720639e-06, 3.17034391628e-05, 5.41295921721e-05, 0.00123275711667, 0.00148054666352, 0.000715593167115, 0.000223053371883, 0.000274787773378, 6.46374610369e-05, 4.05022037739e-05, 2.32718430198e-05, 2.15652653424e-05, 2.71830485872e-05, 1.7143358491e-05, 4.09219574067e-05, 4.58800423075e-05, 5.92913675064e-05, 3.87353356928e-05, 2.46426134254e-05, 6.035872957e-06, 1.37877475481e-06, 3.71252440345e-07, 6.42663025019e-08, 2.46821851846e-08, 2.47642240048e-09, 1.21450527413e-09]
        min: [2.4859288239e-11, 4.4507744712e-11, 3.66045908862e-11, 4.14874731791e-11, 1.4185926045e-10, 2.35847646968e-10, 3.20885040761e-10, 4.12664596938e-10, 4.22408080736e-10, 2.5126192793e-11, 3.7923920948e-11, 9.37476624108e-11, 1.43982867296e-10, 9.77235584121e-11, 3.02877445346e-11, 9.70902455655e-11, 8.04094707485e-11, 3.41716620278e-11, 1.06083829221e-10, 2.28782381928e-10, 1.10138224929e-10, 4.49423068205e-11, 3.08474634725e-11, 1.58303474496e-11, 1.18188653309e-11, 1.01438059341e-11, 5.77355979865e-13]
        var: [2.61574697449e-13, 1.50638237995e-10, 9.8118602132e-10, 5.3964401836e-09, 1.13052203687e-06, 2.85535315925e-06, 1.07688049411e-06, 1.65208319913e-07, 3.10014684146e-07, 2.38263151431e-08, 5.46167022719e-09, 4.8824233545e-09, 2.86069878896e-09, 6.14537221111e-09, 3.49871620564e-09, 3.25476747776e-08, 3.56175462457e-08, 2.60819401632e-08, 1.68728213623e-08, 1.28553798717e-08, 2.30211585905e-10, 1.09154690495e-11, 8.05008403687e-13, 5.79366673452e-14, 1.98187074933e-15, 4.28939178555e-16, 4.93212991505e-16]
    mfcc:
        mean: [-827.755310059, 189.871780396, -31.5786514282, 44.18957901, -30.2560653687, -27.4127159119, -25.4619541168, -12.0518846512, -22.7736053467, -18.3085289001, -11.1373653412, -15.2494678497, -7.49211072922]
        cov: [[3009.52172852, -415.99597168, -686.097839355, 228.466812134, -51.7778434753, -20.6234855652, 51.7630500793, 160.633880615, 220.893981934, 260.494354248, 110.412963867, 109.584388733, -97.2154083252], [-415.99597168, 376.814300537, 145.757629395, -48.2859420776, 7.64128541946, -64.148727417, -25.6167545319, -52.5767364502, -89.7308197021, -104.903663635, -47.9118728638, -26.5852603912, 32.4733886719], [-686.097839355, 145.757629395, 327.483001709, -64.2299423218, 20.1208992004, 16.3029975891, -26.5521469116, -24.6031017303, -61.1361198425, -102.648773193, -40.9621505737, -72.663848877, 15.8354473114], [228.466812134, -48.2859420776, -64.2299423218, 145.147018433, 41.9673233032, -3.54070973396, -2.35156750679, -5.49492359161, 26.4192810059, 43.1828956604, -55.7669944763, 6.46004629135, -1.82281279564], [-51.7778434753, 7.64128541946, 20.1208992004, 41.9673233032, 72.5256500244, 19.7757606506, -5.5616440773, -20.4149417877, -9.53488540649, 1.05795609951, -34.6700782776, -9.81015014648, 3.93170046806], [-20.6234855652, -64.148727417, 16.3029975891, -3.54070973396, 19.7757606506, 105.307868958, 33.0817604065, 14.1763496399, 9.49662017822, 5.36604118347, 20.0016880035, -16.203453064, -18.3112201691], [51.7630500793, -25.6167545319, -26.5521469116, -2.35156750679, -5.5616440773, 33.0817604065, 59.8880653381, 29.2687225342, 10.1114854813, 6.96521091461, 9.07086658478, 4.17703914642, -11.0497074127], [160.633880615, -52.5767364502, -24.6031017303, -5.49492359161, -20.4149417877, 14.1763496399, 29.2687225342, 102.131958008, 44.8896751404, 9.24310874939, 24.8741416931, -22.6562156677, -23.0526065826], [220.893981934, -89.7308197021, -61.1361198425, 26.4192810059, -9.53488540649, 9.49662017822, 10.1114854813, 44.8896751404, 101.362266541, 62.6171684265, 32.5885467529, 10.0286836624, -20.7626934052], [260.494354248, -104.903663635, -102.648773193, 43.1828956604, 1.05795609951, 5.36604118347, 6.96521091461, 9.24310874939, 62.6171684265, 104.032852173, 27.9595680237, 34.6412696838, -6.04936647415], [110.412963867, -47.9118728638, -40.9621505737, -55.7669944763, -34.6700782776, 20.0016880035, 9.07086658478, 24.8741416931, 32.5885467529, 27.9595680237, 118.936981201, 33.750743866, -15.2403554916], [109.584388733, -26.5852603912, -72.663848877, 6.46004629135, -9.81015014648, -16.203453064, 4.17703914642, -22.6562156677, 10.0286836624, 34.6412696838, 33.750743866, 93.5434570312, 29.5718421936], [-97.2154083252, 32.4733886719, 15.8354473114, -1.82281279564, 3.93170046806, -18.3112201691, -11.0497074127, -23.0526065826, -20.7626934052, -6.04936647415, -15.2403554916, 29.5718421936, 68.0628967285]]
        icov: [[0.000775045424234, 4.67309509986e-05, 0.00130566419102, -0.000817894237116, 0.000278865889413, 1.85543940461e-05, 0.000441274693003, -0.000766257522628, -8.72867676662e-05, -6.84273254592e-05, -0.000338716781698, 2.01629482035e-05, 0.000442716816906], [4.67309509986e-05, 0.00489626824856, -0.000948113913182, 0.000263150432147, -0.00115386256948, 0.0036260462366, -0.00182576035149, 0.00160196563229, 0.000745109398849, 0.00297674350441, -0.000666485226247, 0.0008657030412, -0.000786811171565], [0.00130566419102, -0.000948113913182, 0.00821376219392, 0.000588164257351, -0.000617519079242, -0.00207681278698, 0.00281197833829, -0.00041827102541, -0.00153512763791, 0.0033530339133, 0.000111857429147, 0.00318811647594, -0.00131661305204], [-0.000817894237116, 0.000263150432147, 0.000588164257351, 0.0151818655431, -0.0059095271863, -0.000223662224016, 0.00119528104551, -0.00010722175648, -0.002332580043, -0.00349325756542, 0.00872912909836, -0.00233246549033, 0.00136087310966], [0.000278865889413, -0.00115386256948, -0.000617519079242, -0.0059095271863, 0.0220996867865, -0.0067834071815, 0.00316817197017, 0.00176609202754, 0.00125506974291, -0.00197077449411, 0.0033180329483, 0.000155068628374, -0.000171543841134], [1.85543940461e-05, 0.0036260462366, -0.00207681278698, -0.000223662224016, -0.0067834071815, 0.0181357376277, -0.0110661508515, 0.00292142876424, 0.000117062183563, 0.00120994902682, -0.00580137735233, 0.00465676980093, 5.85574816796e-05], [0.000441274693003, -0.00182576035149, 0.00281197833829, 0.00119528104551, 0.00316817197017, -0.0110661508515, 0.0280739758164, -0.0095476815477, 0.00219716504216, -0.00137242220808, 0.00516707776114, -0.00685427524149, 0.00372618320398], [-0.000766257522628, 0.00160196563229, -0.00041827102541, -0.00010722175648, 0.00176609202754, 0.00292142876424, -0.0095476815477, 0.0197024997324, -0.00818335730582, 0.00500198220834, -0.00371636147611, 0.00802701245993, -0.00232874485664], [-8.72867676662e-05, 0.000745109398849, -0.00153512763791, -0.002332580043, 0.00125506974291, 0.000117062183563, 0.00219716504216, -0.00818335730582, 0.0223614536226, -0.011368223466, -0.00209305691533, -0.00108001276385, 0.00317011959851], [-6.84273254592e-05, 0.00297674350441, 0.0033530339133, -0.00349325756542, -0.00197077449411, 0.00120994902682, -0.00137242220808, 0.00500198220834, -0.011368223466, 0.0252299904823, -0.00371343712322, -0.00108347798232, -0.00206715613604], [-0.000338716781698, -0.000666485226247, 0.000111857429147, 0.00872912909836, 0.0033180329483, -0.00580137735233, 0.00516707776114, -0.00371636147611, -0.00209305691533, -0.00371343712322, 0.0196767020971, -0.0092846089974, 0.00534099107608], [2.01629482035e-05, 0.0008657030412, 0.00318811647594, -0.00233246549033, 0.000155068628374, 0.00465676980093, -0.00685427524149, 0.00802701245993, -0.00108001276385, -0.00108347798232, -0.0092846089974, 0.0240617897362, -0.0112976720557], [0.000442716816906, -0.000786811171565, -0.00131661305204, 0.00136087310966, -0.000171543841134, 5.85574816796e-05, 0.00372618320398, -0.00232874485664, 0.00317011959851, -0.00206715613604, 0.00534099107608, -0.0112976720557, 0.0227724984288]]
    spectral_contrast:
        mean: [6.3295438224e-08, 3.21375267731e-07, -1.32799698349e-07, -1.89851832033e-07, -1.65137294061e-07, 2.09547579288e-07, -5.09398944359e-07, -4.24407147648e-07, -1.78331026746e-06, -2.32678871726e-06, -1.52543736931e-06, 6.41301824089e-07]
        var: [0.000304423330817, 0.00042021588888, 0.00103415828198, 0.00224745483138, 0.0037930267863, 0.00589639786631, 0.0324572250247, 0.0643392875791, 0.11702028662, 0.164247497916, 0.216031163931, 1.48564708233]

rhythm:
    beats_loudness:
        dmean: 0.00228436943144
        dmean2: 0.00369709776714
        dvar: 1.93319920072e-06
        dvar2: 5.54462167202e-06
        max: 0.00956471916288
        mean: 0.0046188691631
        min: 0.00165384483989
        var: 5.75337844566e-06
    beats_loudness_bass:
        dmean: 0.0146994348615
        dmean2: 0.0270348824561
        dvar: 0.00025407114299
        dvar2: 0.000735220150091
        max: 0.0572930313647
        mean: 0.0170358903706
        min: 0.00105966406409
        var: 0.000213919047383
    bpm: 130.64680481
    bpm_confidence: 0
    first_peak_bpm: 130
    first_peak_spread: 0.421052634716
    first_peak_weight: 0.550000011921
    onset_rate: 4.88484716415
    second_peak_bpm: 85
    second_peak_spread: 0
    second_peak_weight: 0.0500000007451
    beats_position: [0.180090665817, 0.641596794128, 1.10310304165, 1.56460916996, 2.02611541748, 2.48762154579, 2.9491276741, 3.41063380241, 3.87213993073, 4.33364629745, 4.79515218735, 5.25665855408, 5.96211385727, 6.41804409027, 6.87397432327, 7.32990503311, 7.78583526611, 8.24176597595, 8.69769573212, 9.15362644196, 9.60955619812]
    bpm_estimates: [130.506958008, 129.507659912, 130.016540527, 131.041168213, 132.161697388]
    bpm_intervals: [0.461506128311, 0.46150624752, 0.461506128311, 0.46150624752, 0.461506128311, 0.461506128311, 0.461506128311, 0.461506128311, 0.46150636673, 0.461505889893, 0.46150636673, 0.705455303192, 0.455930233002, 0.455930233002, 0.455930709839, 0.455930233002, 0.455930709839, 0.455929756165, 0.455930709839, 0.455929756165]
    onset_times: [0.0464399084449, 0.417959183455, 0.952018141747, 1.46285712719, 2.06657600403, 2.28716564178, 2.46131515503, 2.65868473053, 2.83283448219, 2.96054410934, 3.07664394379, 3.25079369545, 3.47138333321, 3.64553284645, 3.77324271202, 3.9125623703, 4.051882267, 4.14476203918, 4.21442174911, 4.33052158356, 4.48145103455, 4.69043064117, 4.7833108902, 4.9806804657, 5.18966007233, 5.29414987564, 5.4334692955, 5.5727891922, 5.75854873657, 5.85142850876, 5.92108821869, 6.07201814651, 6.29260778427, 6.54802703857, 7.07047605515, 7.17496585846, 7.4303855896, 8.0224943161, 8.13859367371, 8.35918331146, 8.52172374725, 8.67265319824, 8.87002277374, 9.07900238037, 9.24154186249, 9.41569137573, 9.5666217804, 9.64789104462, 10.0194101334]
    rubato_start: []
    rubato_stop: []
    perceptual_tempo: "unknown"

sfx:
    inharmonicity:
        dmean: 0.0262889303267
        dmean2: 0.0473356880248
        dvar: 0.00225360691547
        dvar2: 0.00610566698015
        max: 0.300624340773
        mean: 0.0217784717679
        min: 1.60018475981e-06
        var: 0.00178119970951
    oddtoevenharmonicenergyratio:
        dmean: 22.68592453
        dmean2: 44.7259979248
        dvar: 15660.5634766
        dvar2: 46571.1640625
        max: 1373.43005371
        mean: 12.0513734818
        min: 6.38132814856e-06
        var: 7987.24951172
    pitch_after_max_to_before_max_energy_ratio: 4.90894889832
    pitch_centroid: 186.074829102
    pitch_max_to_total: 0.00231481483206
    pitch_min_to_total: 0.650462985039
    tristimulus:
        dmean: [0.250261247158, 0.249335572124, 0.0358426533639]
        dmean2: [0.444221317768, 0.441020816565, 0.0616428405046]
        dvar: [0.0646841675043, 0.0627072975039, 0.00206888327375]
        dvar2: [0.168051183224, 0.166730493307, 0.00522533338517]
        max: [0.995745480061, 0.9830493927, 0.377657353878]
        mean: [0.584210515022, 0.371868133545, 0.0356433913112]
        min: [0.00403752876446, 0, 0]
        var: [0.0936857759953, 0.0879355296493, 0.00249561551027]

tonal:
    chords_changes_rate: 0.0462962947786
    chords_number_rate: 0.0231481473893
    chords_strength:
        dmean: 0.0100628528744
        dmean2: 0.00956082157791
        dvar: 5.86725582252e-05
        dvar2: 7.1581780503e-05
        max: 0.679273545742
        mean: 0.551897823811
        min: 0.423103749752
        var: 0.00306523172185
    key_strength: 0.798302590847
    tuning_diatonic_strength: 0.556587517262
    tuning_equal_tempered_deviation: 0.044072508812
    tuning_frequency: 442.03793335
    tuning_nontempered_energy_ratio: 0.703298568726
    hpcp:
        dmean: [0.0354029685259, 0.0983101502061, 0.152957767248, 0.158118441701, 0.195286944509, 0.175560161471, 0.213134467602, 0.155826002359, 0.0437300130725, 0.0280157774687, 0.0291450284421, 0.0499395690858, 0.0851481035352, 0.0913742855191, 0.0617472082376, 0.0533587783575, 0.0920535847545, 0.147628158331, 0.187589809299, 0.197149723768, 0.182781860232, 0.129664987326, 0.0632338225842, 0.0246294736862, 0.0321761853993, 0.0475951321423, 0.122183553874, 0.166655600071, 0.156082510948, 0.0911530777812, 0.0630813315511, 0.09522742033, 0.132194235921, 0.130151629448, 0.0955201983452, 0.0416427776217]
        dmean2: [0.0640132650733, 0.177114978433, 0.283165603876, 0.26777073741, 0.339460670948, 0.29135748744, 0.370887905359, 0.265901058912, 0.0807339772582, 0.0534931458533, 0.0505834743381, 0.0908108353615, 0.148861765862, 0.145960822701, 0.105157017708, 0.0992502570152, 0.169801741838, 0.261625260115, 0.321885466576, 0.33185595274, 0.325411826372, 0.238984182477, 0.106702946126, 0.0462800450623, 0.0559151768684, 0.0843885466456, 0.203764781356, 0.281580537558, 0.270480126143, 0.156756326556, 0.111572384834, 0.168201655149, 0.219330862164, 0.222003906965, 0.159054622054, 0.0765064656734]
        dvar: [0.00648719910532, 0.049805123359, 0.0702116638422, 0.0601333007216, 0.0753022134304, 0.0341091640294, 0.0649452060461, 0.0368979722261, 0.0127085978165, 0.0110850911587, 0.00900758430362, 0.0200439803302, 0.0302985738963, 0.0277171097696, 0.0173118133098, 0.0166829694062, 0.0290833376348, 0.0514007583261, 0.0607761852443, 0.0565095767379, 0.0537568517029, 0.0488120056689, 0.0130480695516, 0.00561928376555, 0.00674039311707, 0.0067748860456, 0.0290029030293, 0.0424361862242, 0.0408811122179, 0.0203517451882, 0.0218400303274, 0.0278427284211, 0.0467376671731, 0.0415742397308, 0.0222804360092, 0.00725118909031]
        dvar2: [0.0192235857248, 0.153269395232, 0.197073563933, 0.162819340825, 0.20820581913, 0.0878645852208, 0.159610599279, 0.0995527729392, 0.0382928699255, 0.0324688442051, 0.0231945030391, 0.0574761964381, 0.0836313292384, 0.0633937045932, 0.0467877797782, 0.0477190762758, 0.0829677581787, 0.135072469711, 0.158475443721, 0.145162954926, 0.15340334177, 0.126271903515, 0.0296259224415, 0.0158567745239, 0.0176935661584, 0.0182408224791, 0.0829158946872, 0.100869178772, 0.101648047566, 0.0526145994663, 0.0541050620377, 0.0814709812403, 0.118579901755, 0.0957388281822, 0.0565418899059, 0.0211498383433]
        max: [0.536919772625, 1, 1, 1, 1, 1, 1, 1, 0.779476583004, 0.90555536747, 0.978519380093, 1, 1, 1, 1, 1, 1, 1, 1, 1, 1, 1, 0.806582927704, 0.651104867458, 0.734881818295, 0.552759468555, 1, 1, 1, 0.877365350723, 1, 1, 1, 1, 1, 0.522010982037]
        mean: [0.0279225967824, 0.0814132764935, 0.17826063931, 0.236905157566, 0.197043433785, 0.253759711981, 0.34589856863, 0.192074239254, 0.0345194227993, 0.0205097347498, 0.0254441611469, 0.0582062266767, 0.122025951743, 0.119335755706, 0.0591122359037, 0.0400220155716, 0.0774001181126, 0.186271250248, 0.278195172548, 0.237490534782, 0.189123466611, 0.160002306104, 0.0686617791653, 0.0218696724623, 0.0313005037606, 0.0455466732383, 0.137553945184, 0.249141767621, 0.200513288379, 0.0880811288953, 0.0534697584808, 0.0890482962132, 0.200930863619, 0.226934447885, 0.111568041146, 0.0323320105672]
        min: [3.52175484295e-05, 6.61055164528e-05, 0.000328084628563, 0.000378060736693, 0.000269218056928, 0.00193370098714, 0.000661788217258, 0.000259696709691, 0.000223456198, 0.000107061881863, 8.83596512722e-05, 0.000207586184843, 0.000838426931296, 0.000346663407981, 5.74410914851e-05, 7.11791726644e-05, 6.39845093247e-05, 5.84996196267e-05, 0.000138097690069, 0.000577012135182, 0.000126079612528, 0.0001152691475, 0.000118252370157, 0.000259100983385, 0.000109355190943, 8.41952351038e-05, 0.000310271367198, 0.00037008599611, 0.000192586885532, 0.000215699139517, 4.82052455482e-05, 0.000137837356306, 0.000155740563059, 0.000122049015772, 0.000257854058873, 4.676367098e-05]
        var: [0.00520665897056, 0.0433890335262, 0.0863113701344, 0.115607388318, 0.0837469995022, 0.0739043056965, 0.1211245507, 0.0501650795341, 0.0084864385426, 0.00640598591417, 0.00818557012826, 0.0226561818272, 0.0539740473032, 0.052136618644, 0.0182988177985, 0.0107196727768, 0.0285575035959, 0.075076520443, 0.118077002466, 0.0860556662083, 0.0616133734584, 0.0746997520328, 0.021046416834, 0.00383303733543, 0.00636265566573, 0.00736765749753, 0.0383288674057, 0.0796963572502, 0.0647929683328, 0.0247526168823, 0.0192726105452, 0.0298841968179, 0.0958268269897, 0.0997766554356, 0.0321496613324, 0.00540931150317]
    chords_histogram: [27.3148155212, 17.5925922394, 7.40740728378, 0, 0, 0, 0, 0, 0, 0, 0, 0, 0, 0, 0, 0, 0, 0, 0, 0, 0, 2.31481480598, 0, 45.3703689575]
    thpcp: [1, 0.5552906394, 0.0997963771224, 0.0592940710485, 0.0735596045852, 0.168275415897, 0.352779567242, 0.345002174377, 0.17089471221, 0.115704484284, 0.223765358329, 0.538514077663, 0.804268062115, 0.686590135098, 0.546759903431, 0.462570011616, 0.198502644897, 0.0632256790996, 0.0904904082417, 0.131676390767, 0.397671341896, 0.720274090767, 0.579688131809, 0.254644393921, 0.154582187533, 0.25744047761, 0.58089530468, 0.656072258949, 0.322545528412, 0.0934725180268, 0.0807248130441, 0.235367491841, 0.515355229378, 0.684897780418, 0.569656670094, 0.733624637127]
    chords_key: "G#"
    chords_scale: "minor"
    key_key: "B"
    key_scale: "major"
    chords_progression: ["D#m", "D#m", "D#m", "D#m", "D#m", "D#m", "D#m", "D#m", "D#m", "F#", "F#", "F#", "F#", "F#", "F#", "F#", "F#", "F#", "F#", "F#", "F#", "F#", "F#", "F#", "F#", "D#m", "D#m", "D#m", "D#m", "D#m", "D#m", "D#m", "D#m", "D#m", "D#m", "D#m", "D#m", "D#m", "D#m", "D#m", "D#m", "D#m", "D#m", "D#m", "D#m", "D#m", "D#m", "D#m", "D#m", "D#m", "B", "B", "B", "B", "B", "B", "B", "B", "B", "B", "B", "B", "B", "B", "B", "B", "B", "B", "B", "B", "B", "B", "B", "B", "B", "B", "B", "B", "B", "B", "B", "G#m", "G#m", "G#m", "G#m", "G#m", "G#m", "G#m", "G#m", "G#m", "G#m", "G#m", "G#m", "G#m", "G#m", "G#m", "G#m", "G#m", "G#m", "G#m", "G#m", "G#m", "G#m", "G#m", "G#m", "G#m", "G#m", "G#m", "G#m", "G#m", "G#m", "G#m", "C#m", "C#m", "C#m", "C#m", "C#m", "G#m", "G#m", "G#m", "G#m", "G#m", "G#m", "G#m", "G#m", "G#m", "G#m", "G#m", "G#m", "G#m", "G#m", "G#m", "G#m", "G#m", "G#m", "G#m", "G#m", "G#m", "G#m", "G#m", "G#m", "G#m", "G#m", "G#m", "G#m", "G#m", "G#m", "G#m", "G#m", "G#m", "G#m", "G#m", "G#m", "G#m", "G#m", "G#m", "G#m", "B", "G#m", "G#m", "G#m", "G#m", "G#m", "G#m", "G#m", "G#m", "G#m", "G#m", "G#m", "G#m", "G#m", "G#m", "G#m", "G#m", "G#m", "G#m", "G#m", "G#m", "G#m", "G#m", "G#m", "G#m", "G#m", "G#m", "G#m", "B", "B", "B", "B", "B", "B", "B", "B", "B", "B", "B", "B", "B", "B", "B", "B", "B", "B", "B", "B", "B", "B", "B", "B", "B", "B", "B", "D#m", "D#m", "D#m", "D#m"]
