
metadata:
    version:
        essentia: "1.2.2"
    audio_properties:
        analysis_sample_rate: 44100
        bitrate: 128
        channels: 2
        equal_loudness: 1
        length: 10.0310201645
        replay_gain: -9.36199951172
        downmix: "mix"
    tags:
        track: 1
        year: 0
        album: "Splitted by Mp3Splt v. 2.1"
        artist: "From 000.00 To 000.10"
        comment: "http://mp3splt.sf.net"
        genre: ""
        title: "08 My Evening News.mp3"

highlevel:
    ballroom:
        all:
            ChaChaCha: 0.0133878709748
            Jive: 0.0696563944221
            Quickstep: 0.0211880076677
            Rumba-American: 0.171962171793
            Rumba-International: 0.0379372648895
            Rumba-Misc: 0.0748010724783
            Samba: 0.0332087688148
            Tango: 0.0059065176174
            VienneseWaltz: 0.0281380806118
            Waltz: 0.543813824654
        probability: 0.543813824654
        value: "Waltz"
    culture:
        all:
            non_western: 0.0914129465818
            western: 0.908587038517
        probability: 0.908587038517
        value: "western"
    gender:
        all:
            female: 0.515222489834
            male: 0.484777510166
        probability: 0.515222489834
        value: "female"
    genre_dortmund:
        all:
            alternative: 0.121736012399
            blues: 0.0211096145213
            electronic: 0.0363634899259
            folkcountry: 0.237610727549
            funksoulrnb: 0.0539101622999
            jazz: 0.0231858957559
            pop: 0.321674585342
            raphiphop: 0.0095131918788
            rock: 0.17489631474
        probability: 0.321674585342
        value: "pop"
    genre_electronica:
        all:
            ambient: 0.698932230473
            dnb: 0.010320968926
            house: 0.257099598646
            techno: 0.0109985154122
            trance: 0.0226487144828
        probability: 0.698932230473
        value: "ambient"
    genre_rosamerica:
        all:
            cla: 0.0128798093647
            dan: 0.00934993848205
            hip: 0.00824196450412
            jaz: 0.0339248664677
            pop: 0.324917048216
            rhy: 0.549846291542
            roc: 0.0109287584201
            spe: 0.0499113500118
        probability: 0.549846291542
        value: "rhy"
    genre_tzanetakis:
        all:
            blu: 0.0499252863228
            cla: 0.0160009041429
            cou: 0.0538702048361
            dis: 0.0202572885901
            hip: 0.026492074132
            jaz: 0.00727967917919
            met: 0.00467257294804
            pop: 0.598822414875
            reg: 0.128216311336
            roc: 0.0944632664323
        probability: 0.598822414875
        value: "pop"
    live_studio:
        all:
            live: 0.0736970677972
            studio: 0.926302909851
        probability: 0.926302909851
        value: "studio"
    mood:
        all:
            Cluster1: 0.00031413033139
            Cluster2: 0.00861745793372
            Cluster3: 0.981259942055
            Cluster4: 0.00216559623368
            Cluster5: 0.00764285679907
        probability: 0.981259942055
        value: "Cluster3"
    mood_acoustic:
        all:
            acoustic: 0.742073357105
            not_acoustic: 0.257926642895
        probability: 0.742073357105
        value: "acoustic"
    mood_aggressive:
        all:
            aggressive: 3.49594813542e-07
            not_aggressive: 0.999999642372
        probability: 0.999999642372
        value: "not_aggressive"
    mood_electronic:
        all:
            electronic: 0.133025094867
            not_electronic: 0.866974890232
        probability: 0.866974890232
        value: "not_electronic"
    mood_happy:
        all:
            happy: 0.131487190723
            not_happy: 0.868512809277
        probability: 0.868512809277
        value: "not_happy"
    mood_party:
        all:
            not_party: 0.823255360126
            party: 0.176744624972
        probability: 0.823255360126
        value: "not_party"
    mood_relaxed:
        all:
            not_relaxed: 0.216350764036
            relaxed: 0.783649206161
        probability: 0.783649206161
        value: "relaxed"
    mood_sad:
        all:
            not_sad: 0.0945627763867
            sad: 0.905437231064
        probability: 0.905437231064
        value: "sad"
    rhythm:
        all:
            fast: 0.0631573051214
            medium: 0.164011582732
            slow: 0.772831141949
        probability: 0.772831141949
        value: "slow"
    speech_music:
        all:
            music: 0.99873560667
            speech: 0.00126439880114
        probability: 0.99873560667
        value: "music"
    timbre:
        all:
            bright: 0.0730341225863
            dark: 0.926965892315
        probability: 0.926965892315
        value: "dark"
    voice_instrumental:
        all:
            instrumental: 0.000189964615856
            voice: 0.999810039997
        probability: 0.999810039997
        value: "voice"

lowlevel:
    average_loudness: 0.948402583599
    barkbands_kurtosis:
        dmean: 7.56884241104
        dmean2: 11.7305212021
        dvar: 209.984741211
        dvar2: 522.88848877
        max: 132.965133667
        mean: 12.1055688858
        min: -1.87319612503
        var: 379.53036499
    barkbands_skewness:
        dmean: 0.871107339859
        dmean2: 1.18809962273
        dvar: 1.24624943733
        dvar2: 2.54454398155
        max: 10.0809020996
        mean: 1.7569167614
        min: -6.57520914078
        var: 4.78838777542
    barkbands_spread:
        dmean: 5.01692295074
        dmean2: 7.73741340637
        dvar: 66.7326583862
        dvar2: 181.416885376
        max: 63.4014511108
        mean: 12.4074726105
        min: 0.23102734983
        var: 126.83152771
    dissonance:
        dmean: 0.0402427725494
        dmean2: 0.0591927655041
        dvar: 0.00152726238593
        dvar2: 0.00323689030483
        max: 0.499999970198
        mean: 0.389471828938
        min: 0.117561534047
        var: 0.00603549648076
    hfc:
        dmean: 1.36726939678
        dmean2: 1.95949101448
        dvar: 8.91193771362
        dvar2: 15.2310476303
        max: 39.1903533936
        mean: 3.51091170311
        min: 0.000140681950143
        var: 30.3384609222
    pitch:
        dmean: 241.97328186
        dmean2: 454.312103271
        dvar: 775438.5625
        dvar2: 1676971.75
        max: 6300
        mean: 570.501037598
        min: 77.9151916504
        var: 1488179.75
    pitch_instantaneous_confidence:
        dmean: 0.0870535373688
        dmean2: 0.11991648376
        dvar: 0.00725092878565
        dvar2: 0.015721719712
        max: 0.947235047817
        mean: 0.598330914974
        min: 0.129705309868
        var: 0.046305000782
    pitch_salience:
        dmean: 0.0638010427356
        dmean2: 0.0871750116348
        dvar: 0.00417137658224
        dvar2: 0.00891291163862
        max: 0.875709593296
        mean: 0.590952932835
        min: 0.14678606391
        var: 0.0170926209539
    silence_rate_20dB:
        dmean: 0
        dmean2: 0
        dvar: 0
        dvar2: 0
        max: 1
        mean: 1
        min: 1
        var: 0
    silence_rate_30dB:
        dmean: 0
        dmean2: 0
        dvar: 0
        dvar2: 0
        max: 1
        mean: 1
        min: 1
        var: 0
    silence_rate_60dB:
        dmean: 0.111627906561
        dmean2: 0.223776221275
        dvar: 0.0991673246026
        dvar2: 0.215658992529
        max: 1
        mean: 0.624129951
        min: 0
        var: 0.234592735767
    spectral_centroid:
        dmean: 224.721405029
        dmean2: 310.254425049
        dvar: 276514.28125
        dvar2: 392496.125
        max: 6622.25927734
        mean: 892.364074707
        min: 158.035461426
        var: 1180308.125
    spectral_complexity:
        dmean: 1.75175642967
        dmean2: 2.55399060249
        dvar: 5.58708333969
        dvar2: 11.2893562317
        max: 29
        mean: 5.17523384094
        min: 0
        var: 22.0230388641
    spectral_crest:
        dmean: 2.59984660149
        dmean2: 3.39822554588
        dvar: 5.56759548187
        dvar2: 11.252161026
        max: 25.3235473633
        mean: 13.1356096268
        min: 3.35086107254
        var: 30.2461891174
    spectral_decrease:
        dmean: 2.32691435564e-10
        dmean2: 3.35337285717e-10
        dvar: 1.20554478621e-19
        dvar2: 2.65794120521e-19
        max: -5.73925333799e-14
        mean: -7.48804906969e-10
        min: -4.04058964065e-09
        var: 5.26429994442e-19
    spectral_energy:
        dmean: 0.000975910807028
        dmean2: 0.00140155630652
        dvar: 2.07845346267e-06
        dvar2: 4.55304461866e-06
        max: 0.016710544005
        mean: 0.00314461160451
        min: 2.29371664773e-07
        var: 9.12716132007e-06
    spectral_energyband_high:
        dmean: 0.000102400852484
        dmean2: 0.000158247828949
        dvar: 1.90576415093e-07
        dvar2: 3.28744533817e-07
        max: 0.00600086105987
        mean: 0.000185481156223
        min: 5.42072053911e-10
        var: 5.019087439e-07
    spectral_energyband_low:
        dmean: 7.18333740224e-06
        dmean2: 9.90001808532e-06
        dvar: 1.52101845008e-10
        dvar2: 4.06650879636e-10
        max: 0.000172265747096
        mean: 1.6273725123e-05
        min: 4.61561455722e-10
        var: 2.14674347743e-10
    spectral_energyband_middle_high:
        dmean: 0.000371472793631
        dmean2: 0.000471989478683
        dvar: 5.94753885252e-07
        dvar2: 9.75238776846e-07
        max: 0.0150842312723
        mean: 0.000940502388403
        min: 6.55703535912e-09
        var: 3.53641371476e-06
    spectral_energyband_middle_low:
        dmean: 0.000706844730303
        dmean2: 0.00101875851396
        dvar: 1.37152255775e-06
        dvar2: 2.91281958198e-06
        max: 0.0142977787182
        mean: 0.00200235820375
        min: 1.93364016354e-07
        var: 4.14273472416e-06
    spectral_flatness_db:
        dmean: 0.0350078493357
        dmean2: 0.0461416170001
        dvar: 0.00222941068932
        dvar2: 0.00347464438528
        max: 0.664274334908
        mean: 0.292717337608
        min: 0.109839878976
        var: 0.0148668270558
    spectral_flux:
        dmean: 0.00895905680954
        dmean2: 0.0137581722811
        dvar: 0.000110582535854
        dvar2: 0.000265735376161
        max: 0.112273074687
        mean: 0.0252031292766
        min: 0.000478927628137
        var: 0.000382230442483
    spectral_kurtosis:
        dmean: 15.490401268
        dmean2: 22.1599617004
        dvar: 1208.46240234
        dvar2: 2175.00048828
        max: 446.046264648
        mean: 32.7457923889
        min: -0.748414516449
        var: 5016.75683594
    spectral_rms:
        dmean: 0.000267157622147
        dmean2: 0.000362690625479
        dvar: 1.05369473147e-07
        dvar2: 2.06513874446e-07
        max: 0.00403769360855
        mean: 0.00153240864165
        min: 1.49591851368e-05
        var: 7.19635522728e-07
    spectral_rolloff:
        dmean: 454.919921875
        dmean2: 751.993774414
        dvar: 781176.375
        dvar2: 1464041.375
        max: 8311.81640625
        mean: 1340.4420166
        min: 215.33203125
        var: 2519502.25
    spectral_skewness:
        dmean: 0.937734484673
        dmean2: 1.31552255154
        dvar: 2.44317603111
        dvar2: 4.42136526108
        max: 18.1684398651
        mean: 3.30712366104
        min: -0.243110015988
        var: 11.8372373581
    spectral_spread:
        dmean: 629738.9375
        dmean2: 893422.9375
        dvar: 762360496128
        dvar2: 1.36585216e+12
        max: 14581952
        mean: 3856591.5
        min: 213387.15625
        var: 3.87393152614e+12
    spectral_strongpeak:
        dmean: 0.258266717196
        dmean2: 0.429180890322
        dvar: 0.281711280346
        dvar2: 0.793607532978
        max: 4.85759210587
        mean: 0.588530361652
        min: 0.00230772281066
        var: 0.557970762253
    zerocrossingrate:
        dmean: 0.0107696317136
        dmean2: 0.0111880591139
        dvar: 0.000341739709256
        dvar2: 0.00030413895729
        max: 0.306640625
        mean: 0.0496016182005
        min: 0.00732421875
        var: 0.00246859923936
    barkbands:
        dmean: [2.82419887476e-09, 5.4431427543e-07, 6.87898955221e-06, 3.92739384552e-05, 0.00029122075648, 0.000137526600156, 0.000206432247069, 0.000237598389504, 0.000108327847556, 0.000138254923513, 0.000100926132291, 2.90338302875e-05, 2.34061517403e-05, 3.71058486053e-05, 4.10268476116e-05, 3.33581519953e-05, 2.6638394047e-05, 6.44741303404e-05, 5.20049397892e-05, 4.91668797622e-05, 1.7058389858e-05, 4.30176878581e-05, 3.50330847141e-05, 5.94504263063e-06, 2.23957522394e-06, 5.31805142145e-08, 2.43297160196e-10]
        dmean2: [4.72824179809e-09, 9.14722306788e-07, 9.3914095487e-06, 5.75250305701e-05, 0.000411321147112, 0.000181463168701, 0.000312074989779, 0.000358255783794, 0.000144130812259, 0.00017155749083, 0.000118085547001, 3.82822472602e-05, 3.29987924488e-05, 4.66939563921e-05, 6.26286346233e-05, 5.24487222719e-05, 4.56235829915e-05, 9.69669126789e-05, 8.16840838525e-05, 7.8313445556e-05, 2.81080701825e-05, 7.35585563234e-05, 4.44054458058e-05, 8.28036445455e-06, 3.13722807732e-06, 7.52597912879e-08, 3.62568142176e-10]
        dvar: [8.74532202759e-17, 6.02221939851e-13, 1.48781348353e-10, 1.84855757368e-08, 1.48864174321e-07, 1.39434519042e-07, 4.31062488815e-07, 5.15493354669e-07, 8.12737042111e-08, 3.99032813903e-07, 1.66160376125e-07, 5.64168711747e-09, 4.46760317629e-09, 1.39534481747e-08, 1.6294562144e-08, 5.74314773516e-09, 2.87285173428e-09, 1.82262418491e-08, 1.00299750727e-08, 1.41916363106e-08, 2.46571629781e-09, 6.06817991411e-08, 3.19936184212e-08, 1.19028864543e-09, 1.44822764891e-10, 6.56266558566e-14, 3.62133675116e-18]
        dvar2: [1.97112772458e-16, 1.79303978349e-12, 3.932717485e-10, 4.48089423344e-08, 3.77415062758e-07, 2.88597334475e-07, 1.02712920125e-06, 1.06276365841e-06, 1.06334660188e-07, 6.10849667737e-07, 1.59205313821e-07, 7.03840230543e-09, 8.82776785005e-09, 1.84124875346e-08, 3.75719260148e-08, 1.13285070213e-08, 7.79765407799e-09, 3.76946438507e-08, 2.05742125559e-08, 3.16192974026e-08, 5.49123058136e-09, 1.46393873024e-07, 5.03679089547e-08, 2.32830554836e-09, 2.62497718007e-10, 1.08488460999e-13, 3.71637856277e-18]
        max: [1.02761525511e-07, 4.87617262479e-06, 0.000169762468431, 0.00178414024413, 0.00387327303179, 0.00569340633228, 0.00989967677742, 0.0113767962903, 0.00538968341425, 0.012706682086, 0.00775244552642, 0.0014035954373, 0.000932011986151, 0.00229008449242, 0.00189512886573, 0.000985659891739, 0.000489838246722, 0.00262256036513, 0.00120261625852, 0.00215379637666, 0.000506948155817, 0.00365844345652, 0.0029100975953, 0.000714881520253, 0.000252678495599, 5.06781543663e-06, 3.92068315591e-08]
        mean: [2.65275601485e-09, 9.06578350168e-07, 1.53650416905e-05, 8.5123712779e-05, 0.000772062863689, 0.000252211844781, 0.000319920247421, 0.000333608040819, 0.000220057059778, 0.000185179102118, 0.000245982635533, 7.2160102718e-05, 3.5358403693e-05, 6.74110342516e-05, 5.66164890188e-05, 4.61331255792e-05, 3.18886814057e-05, 9.72510533757e-05, 8.328678814e-05, 7.26262878743e-05, 2.26308347919e-05, 5.83120054216e-05, 5.59217332921e-05, 1.04197188193e-05, 4.06915933127e-06, 1.09608116361e-07, 2.53051274379e-10]
        min: [8.92003322334e-13, 4.62787447253e-11, 4.12317513465e-10, 1.48723411364e-09, 1.93463645104e-08, 2.23531255727e-08, 8.38773439593e-10, 7.29503291108e-10, 1.93466673237e-10, 4.99914276642e-10, 1.42379927293e-10, 8.79504455376e-11, 3.12666455227e-11, 5.31507234058e-11, 3.34571897964e-10, 6.02321137411e-10, 3.49900608487e-10, 2.34377739439e-10, 2.46134668203e-10, 4.3492376367e-10, 1.47844236853e-10, 7.28285487472e-12, 1.49421642594e-12, 2.32456198387e-13, 2.36474414269e-13, 3.36719652269e-14, 2.00295615224e-15]
        var: [8.71482288579e-17, 7.06244904138e-13, 2.09056494338e-10, 3.56611344898e-08, 5.63744492865e-07, 2.12527595522e-07, 7.24316009837e-07, 7.63962020756e-07, 3.57544251983e-07, 6.83432176629e-07, 8.88056604254e-07, 4.11920417775e-08, 1.09216582445e-08, 4.94480794089e-08, 2.68348827603e-08, 1.29670896243e-08, 4.28809876496e-09, 4.85280686746e-08, 2.65146500311e-08, 3.59114480375e-08, 3.76904374377e-09, 9.21584799585e-08, 8.81380941564e-08, 3.52657258951e-09, 5.05682329344e-10, 3.01465585351e-13, 3.68946417359e-18]
    mfcc:
        mean: [-873.632324219, 154.379104614, -24.1328868866, 51.013710022, -19.4220809937, -22.8659687042, -17.2120437622, -11.0970344543, -20.0944862366, -7.18856287003, -20.3244247437, -22.1477069855, -10.0498313904]
        cov: [[29086.1445312, -8950.26367188, -4221.71777344, -5106.15771484, -2061.21142578, -774.10369873, -134.900115967, 799.383117676, -879.253967285, 517.699829102, 317.192443848, -217.136611938, -3.76294779778], [-8950.26367188, 5383.66210938, 176.886871338, 1246.30200195, -5.05863285065, -263.272491455, -74.3244400024, -566.527404785, 276.557373047, -166.41835022, -100.681770325, 199.061676025, 13.8965759277], [-4221.71777344, 176.886871338, 2108.38989258, 712.616394043, 718.674682617, 77.8102874756, -15.3091430664, 4.92344379425, -90.6843643188, -32.1008682251, -39.5766334534, -111.964645386, -2.90825343132], [-5106.15771484, 1246.30200195, 712.616394043, 1751.67297363, 444.075256348, 194.90524292, -249.441360474, -138.010101318, 163.38899231, -118.390357971, -69.5194168091, 33.009563446, 61.3299713135], [-2061.21142578, -5.05863285065, 718.674682617, 444.075256348, 720.926208496, 120.450515747, 66.0424575806, -23.8187046051, -3.18792462349, -10.345741272, -61.9548416138, -87.5222244263, -35.5644493103], [-774.10369873, -263.272491455, 77.8102874756, 194.90524292, 120.450515747, 566.049621582, 150.494415283, 18.6835746765, 88.4729156494, -59.3985099792, 18.3586521149, -22.3277759552, -38.877532959], [-134.900115967, -74.3244400024, -15.3091430664, -249.441360474, 66.0424575806, 150.494415283, 489.444335938, -8.74052810669, -61.2131385803, 13.4286251068, -45.9987602234, -9.91186141968, -52.1399841309], [799.383117676, -566.527404785, 4.92344379425, -138.010101318, -23.8187046051, 18.6835746765, -8.74052810669, 272.504455566, 3.12057137489, -5.63811540604, 6.31668806076, -14.9874897003, 17.6754894257], [-879.253967285, 276.557373047, -90.6843643188, 163.38899231, -3.18792462349, 88.4729156494, -61.2131385803, 3.12057137489, 268.028167725, -66.0809402466, -4.19297266006, 41.8654785156, 5.19800853729], [517.699829102, -166.41835022, -32.1008682251, -118.390357971, -10.345741272, -59.3985099792, 13.4286251068, -5.63811540604, -66.0809402466, 163.36000061, 2.4784078598, -17.5073394775, -15.2695846558], [317.192443848, -100.681770325, -39.5766334534, -69.5194168091, -61.9548416138, 18.3586521149, -45.9987602234, 6.31668806076, -4.19297266006, 2.4784078598, 166.621170044, -4.09918403625, -11.5432519913], [-217.136611938, 199.061676025, -111.964645386, 33.009563446, -87.5222244263, -22.3277759552, -9.91186141968, -14.9874897003, 41.8654785156, -17.5073394775, -4.09918403625, 106.772468567, 17.4707984924], [-3.76294779778, 13.8965759277, -2.90825343132, 61.3299713135, -35.5644493103, -38.877532959, -52.1399841309, 17.6754894257, 5.19800853729, -15.2695846558, -11.5432519913, 17.4707984924, 78.0640258789]]
        icov: [[0.000476094079204, 0.000644139305223, 0.00063526397571, 0.000568514049519, 0.000353984854883, 0.000370630179532, 0.000487171375426, 0.00025755923707, 0.000723647302948, 0.000149314655573, 0.00011326072854, 0.000452701322502, -5.32101148565e-06], [0.000644139305223, 0.00122177693993, 0.000825427821837, 0.000505841220729, 0.000648928573355, 0.000836102641188, 0.000442573364126, 0.000908078742214, 0.000684709113557, 0.000408641528338, 0.000192323394003, 0.000385661900509, 0.000225391617278], [0.00063526397571, 0.000825427821837, 0.0016491310671, 0.000580998836085, -0.000217768581933, 0.000533268030267, 0.000680582306813, 0.00013050736743, 0.00136144470889, 0.000331468851073, 7.75810531195e-06, 0.000860494270455, -0.00013719497656], [0.000568514049519, 0.000505841220729, 0.000580998836085, 0.00193216267508, -0.000199855407118, -0.000248431024374, 0.00139221455902, 0.00044499890646, 0.00083501933841, 0.000282086839434, 0.000444749748567, 8.37851694087e-05, -0.000898040365428], [0.000353984854883, 0.000648928573355, -0.000217768581933, -0.000199855407118, 0.00304647674784, 0.000381492922315, -0.000196726177819, 0.000455749890534, 0.000124800571939, 4.79155241919e-05, 0.000724893645383, 0.00177205575164, 0.00110542785842], [0.000370630179532, 0.000836102641188, 0.000533268030267, -0.000248431024374, 0.000381492922315, 0.0031143615488, -0.000894032651559, 0.000324475695379, -0.000509219767991, 0.000840644235723, -0.000568079121877, 0.000901200925, 0.00105093279853], [0.000487171375426, 0.000442573364126, 0.000680582306813, 0.00139221455902, -0.000196726177819, -0.000894032651559, 0.00370162725449, 0.000226161559112, 0.00174333818723, 0.0001579032687, 0.00121956912335, -0.000285611546133, 0.000921624072362], [0.00025755923707, 0.000908078742214, 0.00013050736743, 0.00044499890646, 0.000455749890534, 0.000324475695379, 0.000226161559112, 0.00515370955691, -0.000330401497195, 0.000571512908209, 0.000195107611944, 0.000422162411269, -0.00107245729305], [0.000723647302948, 0.000684709113557, 0.00136144470889, 0.00083501933841, 0.000124800571939, -0.000509219767991, 0.00174333818723, -0.000330401497195, 0.0064201047644, 0.00148735730909, 0.000455337489257, -0.000857461418491, 0.000472826242913], [0.000149314655573, 0.000408641528338, 0.000331468851073, 0.000282086839434, 4.79155241919e-05, 0.000840644235723, 0.0001579032687, 0.000571512908209, 0.00148735730909, 0.00743621075526, 0.000143004959682, 0.000524488044903, 0.00140100903809], [0.00011326072854, 0.000192323394003, 7.75810531195e-06, 0.000444749748567, 0.000724893645383, -0.000568079121877, 0.00121956912335, 0.000195107611944, 0.000455337489257, 0.000143004959682, 0.00686317216605, 0.000237890883, 0.00139908504207], [0.000452701322502, 0.000385661900509, 0.000860494270455, 8.37851694087e-05, 0.00177205575164, 0.000901200925, -0.000285611546133, 0.000422162411269, -0.000857461418491, 0.000524488044903, 0.000237890883, 0.0128417611122, -0.00178995286115], [-5.32101148565e-06, 0.000225391617278, -0.00013719497656, -0.000898040365428, 0.00110542785842, 0.00105093279853, 0.000921624072362, -0.00107245729305, 0.000472826242913, 0.00140100903809, 0.00139908504207, -0.00178995286115, 0.0162054654211]]
    spectral_contrast:
        mean: [-2.8261723628e-08, -5.29852911768e-07, 4.46338532356e-07, -1.73661192093e-07, -7.17379506909e-08, -3.91816968204e-07, 2.68864994268e-07, 3.12450879392e-06, 2.01249235943e-06, 4.91515493195e-06, 2.76312084679e-06, 5.87857766732e-06]
        var: [0.000834042264614, 0.00126456131693, 0.0017655704869, 0.00290815229528, 0.00564870564267, 0.0212148558348, 0.134297847748, 0.264758676291, 0.375746995211, 0.479366123676, 2.38232278824, 12.6426954269]

rhythm:
    beats_loudness:
        dmean: 0.00470156315714
        dmean2: 0.00819991715252
        dvar: 1.97288391064e-05
        dvar2: 5.46349510842e-05
        max: 0.017655370757
        mean: 0.00524493632838
        min: 0.000277989922324
        var: 1.88477297343e-05
    beats_loudness_bass:
        dmean: 0.0579944103956
        dmean2: 0.111733093858
        dvar: 0.00610171677545
        dvar2: 0.0163948610425
        max: 0.24738317728
        mean: 0.0353382788599
        min: 0.000503432180267
        var: 0.00410891557112
    bpm: 102.118049622
    bpm_confidence: 0
    first_peak_bpm: 129
    first_peak_spread: 0
    first_peak_weight: 0.611111104488
    onset_rate: 4.08732128143
    second_peak_bpm: 102
    second_peak_spread: 0
    second_peak_weight: 0.333333343267
    beats_position: [0.525506317616, 0.991265654564, 1.45702505112, 1.92278432846, 2.3885436058, 2.85430288315, 3.32006239891, 3.78582167625, 4.25158071518, 4.71733999252, 5.18309926987, 5.64885854721, 5.95779275894, 6.54535484314, 7.13291740417, 7.72047948837, 8.30804157257, 8.89560317993, 9.48316574097]
    bpm_estimates: [102.270553589, 102.450691223, 101.632896423]
    bpm_intervals: [0.465759336948, 0.465759396553, 0.465759277344, 0.465759277344, 0.465759277344, 0.465759515762, 0.465759277344, 0.465759038925, 0.465759277344, 0.465759277344, 0.465759277344, 0.308934211731, 0.587562084198, 0.587562561035, 0.587562084198, 0.587562084198, 0.587561607361, 0.587562561035]
    onset_times: [0.174149662256, 0.557278931141, 0.905578255653, 1.28870749474, 1.47446715832, 1.69505667686, 1.84598636627, 2.08979582787, 2.29877543449, 2.43809533119, 2.64707493782, 2.77478456497, 3.01859402657, 3.1811337471, 3.34367346764, 3.55265307426, 3.9125623703, 4.07510185242, 4.2492518425, 4.3073015213, 4.42340135574, 4.48145103455, 4.99229001999, 5.0967798233, 5.41024923325, 5.83981847763, 5.95591831207, 6.59446716309, 6.64090681076, 6.98920631409, 7.37233543396, 7.60453510284, 7.72063493729, 7.85995483398, 7.94122457504, 8.103764534, 8.32435417175, 8.893242836, 9.13705253601, 9.26476192474, 9.64789104462]
    rubato_start: [6.54535484314]
    rubato_stop: [9.48316574097]
    perceptual_tempo: "unknown"

sfx:
    inharmonicity:
        dmean: 0.0285544805229
        dmean2: 0.0499749034643
        dvar: 0.00238452199847
        dvar2: 0.00663361605257
        max: 0.293754637241
        mean: 0.0273570287973
        min: 1.71238298208e-06
        var: 0.00228665745817
    oddtoevenharmonicenergyratio:
        dmean: 3.68442773819
        dmean2: 7.13792610168
        dvar: 276.408050537
        dvar2: 817.896728516
        max: 170.828811646
        mean: 2.18508505821
        min: 2.18463947022e-06
        var: 142.971176147
    pitch_after_max_to_before_max_energy_ratio: 17.8415870667
    pitch_centroid: 236.266983032
    pitch_max_to_total: 0.142523363233
    pitch_min_to_total: 0.0140186911449
    tristimulus:
        dmean: [0.19636516273, 0.200677394867, 0.0652741938829]
        dmean2: [0.338661938906, 0.347153812647, 0.111251369119]
        dvar: [0.0453314185143, 0.0465765744448, 0.00963651761413]
        dvar2: [0.118321560323, 0.13517563045, 0.0248967353255]
        max: [0.994083344936, 0.95565611124, 0.840592086315]
        mean: [0.529656112194, 0.378946214914, 0.0729395225644]
        min: [0.00579381641001, 0, 0]
        var: [0.0937255695462, 0.0751797631383, 0.0133326407522]

tonal:
    chords_changes_rate: 0.0887850448489
    chords_number_rate: 0.0327102802694
    chords_strength:
        dmean: 0.0124369170517
        dmean2: 0.0143357915804
        dvar: 0.000128630577819
        dvar2: 0.000152386899572
        max: 0.658571958542
        mean: 0.49795538187
        min: 0.33951073885
        var: 0.004775703419
    key_strength: 0.590483784676
    tuning_diatonic_strength: 0.429644733667
    tuning_equal_tempered_deviation: 0.138422980905
    tuning_frequency: 443.828887939
    tuning_nontempered_energy_ratio: 0.773815155029
    hpcp:
        dmean: [0.0639192387462, 0.0940661355853, 0.140468731523, 0.183566898108, 0.164293438196, 0.204838052392, 0.20171071589, 0.143177419901, 0.12173037231, 0.0988564491272, 0.104186840355, 0.0970587730408, 0.114060170949, 0.109280608594, 0.0895876437426, 0.0742310732603, 0.0899576619267, 0.11022040993, 0.0973099693656, 0.0653161481023, 0.0570995807648, 0.0492060482502, 0.0504298619926, 0.0767315998673, 0.0987717285752, 0.113333553076, 0.112758144736, 0.0952956229448, 0.110257335007, 0.107800997794, 0.0766663402319, 0.0783658400178, 0.0694610700011, 0.0926140323281, 0.0915807187557, 0.0589447394013]
        dmean2: [0.110247403383, 0.165169715881, 0.227662444115, 0.310318619013, 0.274843931198, 0.364100575447, 0.355459034443, 0.238203287125, 0.214876815677, 0.164085716009, 0.180526033044, 0.16690325737, 0.197489202023, 0.188754767179, 0.157418832183, 0.116996154189, 0.144331485033, 0.178373008966, 0.155398741364, 0.104240842164, 0.0924591943622, 0.0767552778125, 0.0887594148517, 0.135974049568, 0.163672983646, 0.194253519177, 0.195458590984, 0.154667153955, 0.18707588315, 0.185960695148, 0.125648006797, 0.127036362886, 0.11018756777, 0.154950022697, 0.155803531408, 0.0997496470809]
        dvar: [0.0195317231119, 0.0324408449233, 0.0422342047095, 0.0720197111368, 0.0411839596927, 0.0783917680383, 0.0867148935795, 0.0482131429017, 0.0492026545107, 0.0302587952465, 0.0442740395665, 0.0314436554909, 0.040832746774, 0.0395750515163, 0.0348912924528, 0.0191511847079, 0.0287733338773, 0.0304153431207, 0.0219448748976, 0.0155514804646, 0.0151875894517, 0.00968178361654, 0.0115035623312, 0.0271730870008, 0.0301315803081, 0.0375145822763, 0.0392883643508, 0.0274613592774, 0.040795840323, 0.0440395735204, 0.0186068434268, 0.0282577387989, 0.0159934945405, 0.0317127928138, 0.0364416725934, 0.0133294500411]
        dvar2: [0.0474288910627, 0.0807403624058, 0.109968721867, 0.179046601057, 0.0980656668544, 0.200689658523, 0.210990071297, 0.103408508003, 0.11437407881, 0.0753646939993, 0.125782981515, 0.0668767094612, 0.0964116975665, 0.0972841456532, 0.102403216064, 0.0447059124708, 0.0708456039429, 0.0869898200035, 0.054208599031, 0.0402345582843, 0.0337577797472, 0.01940584369, 0.0294067319483, 0.0762658938766, 0.0802030488849, 0.0979651808739, 0.0904706940055, 0.0575758107007, 0.100728929043, 0.121931426227, 0.0422867499292, 0.0743776708841, 0.0358305461705, 0.0796867981553, 0.0983456745744, 0.0342184379697]
        max: [0.788307487965, 1, 1, 1, 1, 1, 1, 1, 1, 1, 1, 1, 1, 1, 1, 1, 1, 1, 1, 1, 1, 1, 0.666825830936, 1, 1, 1, 1, 1, 1, 1, 1, 1, 1, 1, 1, 0.650060474873]
        mean: [0.0551186949015, 0.082745462656, 0.275621414185, 0.413924872875, 0.281245857477, 0.294289708138, 0.316931992769, 0.172148108482, 0.0984583199024, 0.0802683159709, 0.093118108809, 0.125559642911, 0.135142818093, 0.104014627635, 0.0756145119667, 0.0784009248018, 0.0969829633832, 0.144945681095, 0.127334311604, 0.0665198713541, 0.0681022554636, 0.0576632320881, 0.0397294797003, 0.0638421103358, 0.0878561139107, 0.102124117315, 0.135589316487, 0.13189047575, 0.0992782264948, 0.106569886208, 0.106874600053, 0.0813421681523, 0.0805685892701, 0.0914444774389, 0.0738222077489, 0.0496958754957]
        min: [1.50184447989e-07, 8.98445723578e-05, 4.31836378993e-05, 3.31647679559e-05, 0.000266610033577, 8.55671032696e-07, 1.53327846419e-06, 1.02321848772e-06, 7.84869200743e-08, 4.57733278836e-07, 1.08333175319e-07, 0, 2.11331244171e-10, 9.14226490067e-08, 1.40141983138e-05, 1.3845759895e-05, 6.68735083309e-05, 3.79176071874e-06, 0.000152398846694, 0.000207306700759, 0, 0, 0, 5.73447869101e-06, 8.77126785781e-06, 0.000284407375148, 3.87378264577e-07, 1.26134762013e-06, 0.00011870569142, 2.00874837901e-05, 3.01609688904e-05, 6.25302345725e-05, 9.67277742348e-07, 1.86769580068e-06, 0, 2.60974701405e-07]
        var: [0.0169081557542, 0.0298722852021, 0.0873444750905, 0.172159254551, 0.0637745559216, 0.129930138588, 0.153213217854, 0.0640145167708, 0.0436391681433, 0.0273076649755, 0.042302351445, 0.052878472954, 0.0566859766841, 0.0403320677578, 0.0272710993886, 0.0237710792571, 0.0322610586882, 0.0380697213113, 0.0306276455522, 0.0147144701332, 0.0204188581556, 0.0147054130211, 0.00849695596844, 0.0188292022794, 0.025602882728, 0.0331825651228, 0.0629943087697, 0.0548833571374, 0.0358778871596, 0.0385211072862, 0.0410916656256, 0.0266973860562, 0.0258201994002, 0.0359976142645, 0.0279861390591, 0.0115454560146]
    chords_histogram: [0, 7.47663545609, 7.94392538071, 0, 0, 0, 0, 0, 37.3831787109, 9.34579467773, 0, 0, 0, 0, 0, 0, 7.0093460083, 0, 0, 0, 0, 0.467289716005, 4.67289733887, 25.7009353638]
    thpcp: [1, 0.679461121559, 0.710973739624, 0.765675187111, 0.415892153978, 0.237865194678, 0.193920016289, 0.224963784218, 0.303339213133, 0.326491177082, 0.25128865242, 0.182676896453, 0.189408585429, 0.234300881624, 0.350173890591, 0.307626634836, 0.160705178976, 0.164528056979, 0.139308452606, 0.0959823429585, 0.154235988855, 0.212251350284, 0.246721386909, 0.327569872141, 0.318633854389, 0.239846006036, 0.257461905479, 0.258198052645, 0.196514323354, 0.194645434618, 0.220920473337, 0.17834687233, 0.120060130954, 0.133161112666, 0.199904546142, 0.66587305069]
    chords_key: "G"
    chords_scale: "minor"
    key_key: "D#"
    key_scale: "minor"
    chords_progression: ["Gm", "Gm", "Gm", "Gm", "Gm", "Gm", "Gm", "Gm", "Gm", "Gm", "Gm", "Gm", "Gm", "Gm", "Gm", "Gm", "Gm", "Gm", "Gm", "Gm", "Gm", "Gm", "Gm", "Gm", "Gm", "Gm", "Gm", "Gm", "Gm", "Gm", "Gm", "Gm", "Gm", "Gm", "Gm", "Gm", "Gm", "Gm", "A#", "A#", "A#m", "A#m", "A#m", "A#m", "A#m", "F#", "F#", "F#", "F#", "F#", "F#", "F#", "F#", "F#", "F#", "F#", "F#", "F#", "A#m", "A#m", "A#m", "A#m", "A#m", "A#m", "B", "G#m", "G#m", "G#m", "G#m", "G#m", "G#m", "G#m", "G#m", "G#m", "G#m", "B", "B", "B", "B", "B", "B", "B", "B", "B", "B", "B", "B", "B", "B", "B", "B", "B", "B", "B", "B", "B", "B", "B", "B", "B", "B", "B", "B", "B", "B", "B", "B", "B", "B", "B", "B", "B", "B", "B", "B", "B", "B", "B", "Bm", "Bm", "Bm", "Bm", "Bm", "Bm", "F#", "Bm", "F#", "F#", "Bm", "Bm", "Bm", "Bm", "Gm", "Gm", "Gm", "Gm", "Gm", "Gm", "Gm", "Gm", "Gm", "Gm", "Gm", "Gm", "Gm", "Gm", "Gm", "Gm", "Gm", "Gm", "Gm", "Gm", "Gm", "Gm", "Gm", "Gm", "Gm", "Gm", "Gm", "Gm", "Gm", "Gm", "Gm", "Gm", "Gm", "Gm", "Gm", "Gm", "Gm", "Gm", "Gm", "Gm", "Gm", "Gm", "A#", "A#", "A#", "A#", "A#", "A#", "A#", "A#", "A#", "A#", "A#", "A#", "A#", "A#", "A#", "A#", "A#", "A#", "Bm", "A#m", "A#m", "A#m", "A#m", "A#m", "A#m", "Bm", "Bm", "Bm", "B", "B", "B", "B", "B", "B", "B", "B", "B", "B", "B", "E"]
