
metadata:
    version:
        essentia: "1.2.2"
    audio_properties:
        analysis_sample_rate: 44100
        bitrate: 128
        channels: 2
        equal_loudness: 1
        length: 10.0832653046
        replay_gain: -10.8186473846
        downmix: "mix"
    tags:
        track: 25
        year: 0
        album: "Splitted by Mp3Splt v. 2.1"
        artist: "From 004.00 To 004.10"
        comment: "http://mp3splt.sf.net"
        genre: ""
        title: "02 Melt Into the Walls.mp3"

highlevel:
    ballroom:
        all:
            ChaChaCha: 0.0201386027038
            Jive: 0.00309275486507
            Quickstep: 0.00820288341492
            Rumba-American: 0.00239599798806
            Rumba-International: 0.0172011274844
            Rumba-Misc: 0.0334022380412
            Samba: 0.00576270325109
            Tango: 0.595077037811
            VienneseWaltz: 0.0185028351843
            Waltz: 0.296223819256
        probability: 0.595077037811
        value: "Tango"
    culture:
        all:
            non_western: 0.220500051975
            western: 0.779499948025
        probability: 0.779499948025
        value: "western"
    gender:
        all:
            female: 0.659087538719
            male: 0.340912431479
        probability: 0.659087538719
        value: "female"
    genre_dortmund:
        all:
            alternative: 0.307946711779
            blues: 0.00764372339472
            electronic: 0.13569355011
            folkcountry: 0.270885229111
            funksoulrnb: 0.00278812111355
            jazz: 0.0150694260374
            pop: 0.0613201931119
            raphiphop: 0.00324246054515
            rock: 0.195410594344
        probability: 0.307946711779
        value: "alternative"
    genre_electronica:
        all:
            ambient: 0.952199339867
            dnb: 0.00617917021737
            house: 0.0199662838131
            techno: 0.00735775288194
            trance: 0.0142974518239
        probability: 0.952199339867
        value: "ambient"
    genre_rosamerica:
        all:
            cla: 0.671299159527
            dan: 0.0157443918288
            hip: 0.00475935591385
            jaz: 0.0259756203741
            pop: 0.0260017849505
            rhy: 0.0159045178443
            roc: 0.236692890525
            spe: 0.00362230581231
        probability: 0.671299159527
        value: "cla"
    genre_tzanetakis:
        all:
            blu: 0.0396180339158
            cla: 0.389029234648
            cou: 0.165916085243
            dis: 0.02467947267
            hip: 0.00687018036842
            jaz: 0.043869715184
            met: 0.013765534386
            pop: 0.0188317075372
            reg: 0.0245271008462
            roc: 0.272892922163
        probability: 0.389029234648
        value: "cla"
    live_studio:
        all:
            live: 0.0421385057271
            studio: 0.957861483097
        probability: 0.957861483097
        value: "studio"
    mood:
        all:
            Cluster1: 0.034240372479
            Cluster2: 0.0165871754289
            Cluster3: 0.92888712883
            Cluster4: 0.0074990009889
            Cluster5: 0.0127862999216
        probability: 0.92888712883
        value: "Cluster3"
    mood_acoustic:
        all:
            acoustic: 0.20966590941
            not_acoustic: 0.790334105492
        probability: 0.790334105492
        value: "not_acoustic"
    mood_aggressive:
        all:
            aggressive: 0.0124293621629
            not_aggressive: 0.987570643425
        probability: 0.987570643425
        value: "not_aggressive"
    mood_electronic:
        all:
            electronic: 0.26097407937
            not_electronic: 0.739025950432
        probability: 0.739025950432
        value: "not_electronic"
    mood_happy:
        all:
            happy: 0.0740480795503
            not_happy: 0.925951898098
        probability: 0.925951898098
        value: "not_happy"
    mood_party:
        all:
            not_party: 0.98493373394
            party: 0.0150662371889
        probability: 0.98493373394
        value: "not_party"
    mood_relaxed:
        all:
            not_relaxed: 0.0318204052746
            relaxed: 0.968179583549
        probability: 0.968179583549
        value: "relaxed"
    mood_sad:
        all:
            not_sad: 0.0768678039312
            sad: 0.923132181168
        probability: 0.923132181168
        value: "sad"
    rhythm:
        all:
            fast: 0.113356076181
            medium: 0.181982770562
            slow: 0.704661130905
        probability: 0.704661130905
        value: "slow"
    speech_music:
        all:
            music: 0.976396799088
            speech: 0.0236032214016
        probability: 0.976396799088
        value: "music"
    timbre:
        all:
            bright: 0.68505012989
            dark: 0.31494987011
        probability: 0.68505012989
        value: "bright"
    voice_instrumental:
        all:
            instrumental: 0.995423614979
            voice: 0.00457639899105
        probability: 0.995423614979
        value: "instrumental"

lowlevel:
    average_loudness: 0.242129787803
    barkbands_kurtosis:
        dmean: 0.913541018963
        dmean2: 1.38454651833
        dvar: 1.03869128227
        dvar2: 2.5335252285
        max: 19.8970336914
        mean: 2.64773917198
        min: -1.7441021204
        var: 10.9968414307
    barkbands_skewness:
        dmean: 0.225441098213
        dmean2: 0.33462959528
        dvar: 0.0418441705406
        dvar2: 0.112333230674
        max: 2.67112898827
        mean: 0.829518079758
        min: -0.364377617836
        var: 0.316684007645
    barkbands_spread:
        dmean: 1.32457876205
        dmean2: 2.04446125031
        dvar: 3.72238898277
        dvar2: 9.20238208771
        max: 37.6151809692
        mean: 11.9690227509
        min: 1.14952099323
        var: 132.159759521
    dissonance:
        dmean: 0.0428365878761
        dmean2: 0.0709823817015
        dvar: 0.00182661251165
        dvar2: 0.00493985088542
        max: 0.499175459146
        mean: 0.400724589825
        min: 0.148302406073
        var: 0.00507136574015
    hfc:
        dmean: 0.480762660503
        dmean2: 0.681713759899
        dvar: 1.61613667011
        dvar2: 3.05654621124
        max: 16.8145027161
        mean: 2.18032765388
        min: 0.000796376611106
        var: 10.7482128143
    pitch:
        dmean: 79.0601272583
        dmean2: 151.799911499
        dvar: 93841.703125
        dvar2: 275197.90625
        max: 2756.25
        mean: 235.322158813
        min: 55.125
        var: 130775.625
    pitch_instantaneous_confidence:
        dmean: 0.0504666902125
        dmean2: 0.0793900117278
        dvar: 0.00240107532591
        dvar2: 0.0055992314592
        max: 0.804903686047
        mean: 0.478040605783
        min: 0.174818634987
        var: 0.0127320410684
    pitch_salience:
        dmean: 0.0386250093579
        dmean2: 0.0574691481888
        dvar: 0.00116125587374
        dvar2: 0.00275177089497
        max: 0.782540917397
        mean: 0.589698791504
        min: 0.318474918604
        var: 0.00494376430288
    silence_rate_20dB:
        dmean: 0
        dmean2: 0
        dvar: 0
        dvar2: 0
        max: 1
        mean: 1
        min: 1
        var: 0
    silence_rate_30dB:
        dmean: 0
        dmean2: 0
        dvar: 0
        dvar2: 0
        max: 1
        mean: 1
        min: 1
        var: 0
    silence_rate_60dB:
        dmean: 0.0230414755642
        dmean2: 0.0461893752217
        dvar: 0.0225107464939
        dvar2: 0.0532944016159
        max: 1
        mean: 0.712643682957
        min: 0
        var: 0.204782247543
    spectral_centroid:
        dmean: 52.5372581482
        dmean2: 81.3497848511
        dvar: 7356.86669922
        dvar2: 18206.2988281
        max: 1566.82080078
        mean: 570.336181641
        min: 202.501693726
        var: 122715.273438
    spectral_complexity:
        dmean: 1.02314817905
        dmean2: 1.61252903938
        dvar: 3.74947786331
        dvar2: 8.13529777527
        max: 26
        mean: 6.33256340027
        min: 0
        var: 39.5060768127
    spectral_crest:
        dmean: 1.1691519022
        dmean2: 1.7070492506
        dvar: 1.20337820053
        dvar2: 2.90729904175
        max: 18.2550907135
        mean: 9.56353187561
        min: 3.71702647209
        var: 8.32033538818
    spectral_decrease:
        dmean: 1.19703191803e-10
        dmean2: 1.61716279257e-10
        dvar: 7.15861295279e-20
        dvar2: 1.48647328756e-19
        max: -9.96438717128e-13
        mean: -5.86771908839e-10
        min: -3.38419847701e-09
        var: 5.53749753821e-19
    spectral_energy:
        dmean: 0.000489760132041
        dmean2: 0.000657828466501
        dvar: 1.21434425182e-06
        dvar2: 2.46836020779e-06
        max: 0.014220639132
        mean: 0.00241237343289
        min: 3.83301949114e-06
        var: 9.55519499257e-06
    spectral_energyband_high:
        dmean: 1.28475421661e-05
        dmean2: 2.0764196961e-05
        dvar: 1.52148882382e-09
        dvar2: 3.76744546671e-09
        max: 0.000459606671939
        mean: 3.09488277708e-05
        min: 2.87200679905e-10
        var: 3.98923427625e-09
    spectral_energyband_low:
        dmean: 9.2999995104e-05
        dmean2: 0.000153245360707
        dvar: 9.48277687485e-08
        dvar2: 2.41440460513e-07
        max: 0.00459057232365
        mean: 0.000258189305896
        min: 3.21463176078e-07
        var: 1.58062789524e-07
    spectral_energyband_middle_high:
        dmean: 0.000161234929692
        dmean2: 0.000242703245021
        dvar: 1.96542643494e-07
        dvar2: 4.18194986196e-07
        max: 0.00623018713668
        mean: 0.000631437113043
        min: 1.45266474405e-08
        var: 1.06390632482e-06
    spectral_energyband_middle_low:
        dmean: 0.00034623889951
        dmean2: 0.000494202540722
        dvar: 5.00908072354e-07
        dvar2: 1.00482066046e-06
        max: 0.00929662212729
        mean: 0.00149179738946
        min: 1.64959044469e-06
        var: 3.80083406526e-06
    spectral_flatness_db:
        dmean: 0.0112897763029
        dmean2: 0.0178040843457
        dvar: 8.40762077132e-05
        dvar2: 0.000215760010178
        max: 0.419640302658
        mean: 0.276328325272
        min: 0.110549382865
        var: 0.00871671363711
    spectral_flux:
        dmean: 0.00357107655145
        dmean2: 0.00564002105966
        dvar: 5.74043951929e-05
        dvar2: 0.000124859783682
        max: 0.0875377431512
        mean: 0.014028429985
        min: 0.000270620104857
        var: 0.000247020681854
    spectral_kurtosis:
        dmean: 10.069226265
        dmean2: 16.9844360352
        dvar: 163.229949951
        dvar2: 483.950683594
        max: 129.98550415
        mean: 40.3583679199
        min: 3.07978200912
        var: 1095.96789551
    spectral_rms:
        dmean: 0.000108686188469
        dmean2: 0.000145485377288
        dvar: 5.13186613205e-08
        dvar2: 9.47337781554e-08
        max: 0.00372475432232
        mean: 0.0011979182018
        min: 6.1151709815e-05
        var: 9.18525074667e-07
    spectral_rolloff:
        dmean: 110.357421875
        dmean2: 190.501052856
        dvar: 57012.1484375
        dvar2: 151226.328125
        max: 3143.84765625
        mean: 1078.29907227
        min: 279.931640625
        var: 771667.125
    spectral_skewness:
        dmean: 0.569664120674
        dmean2: 0.964714646339
        dvar: 0.376067757607
        dvar2: 1.1218868494
        max: 9.22085857391
        mean: 4.59250879288
        min: 1.2584155798
        var: 5.39306211472
    spectral_spread:
        dmean: 238386.828125
        dmean2: 382197.6875
        dvar: 38773329920
        dvar2: 91944509440
        max: 5108187
        mean: 2244340
        min: 652299.75
        var: 1.38544270541e+12
    spectral_strongpeak:
        dmean: 0.146282881498
        dmean2: 0.258460879326
        dvar: 0.23207886517
        dvar2: 0.64302521944
        max: 5.24482250214
        mean: 0.350576519966
        min: 0.00218711351044
        var: 0.412256747484
    zerocrossingrate:
        dmean: 0.00274545163848
        dmean2: 0.00349274044856
        dvar: 1.09978782348e-05
        dvar2: 1.74924589373e-05
        max: 0.09130859375
        mean: 0.0338661968708
        min: 0.0078125
        var: 0.000535795232281
    barkbands:
        dmean: [1.35721677452e-07, 3.24275060848e-05, 7.08967781975e-05, 5.70367010368e-05, 0.000170927974978, 7.84184812801e-05, 0.000161617237609, 6.72939131618e-05, 3.57640710718e-05, 1.39168514579e-05, 7.79537276685e-06, 9.36189189815e-06, 9.88063766272e-06, 1.53180244524e-05, 4.59492985101e-05, 4.77122521261e-05, 6.66789055686e-05, 3.52012502844e-05, 2.05435717362e-05, 1.32918339659e-05, 5.19693958267e-06, 1.90957211998e-06, 4.47174528517e-07, 1.03613444935e-07, 4.94381495741e-08, 5.95710680784e-09, 1.50997506165e-10]
        dmean2: [2.3905417379e-07, 5.52607816644e-05, 0.000115808521514, 0.000101375037048, 0.000286037509795, 0.000118007323181, 0.000201121787541, 9.20813108678e-05, 5.56518498342e-05, 2.1058242055e-05, 1.17501685963e-05, 1.57221002155e-05, 1.62812229973e-05, 2.66518636636e-05, 7.29452585801e-05, 7.41285548429e-05, 0.000105378487206, 6.10056958976e-05, 3.24962056766e-05, 2.18479672185e-05, 9.02620104171e-06, 2.99165549222e-06, 6.303318969e-07, 1.65885822412e-07, 6.77613201105e-08, 7.99579868982e-09, 2.63748523022e-10]
        dvar: [4.55656020727e-13, 2.26116796398e-08, 4.76535930716e-08, 3.39071490885e-08, 1.31897081701e-07, 2.74211497953e-08, 1.37095298669e-07, 2.1792869731e-08, 4.12193212895e-09, 5.3830323532e-10, 3.07738001748e-10, 5.62705215756e-10, 8.70599092817e-10, 1.75809955483e-09, 1.26149402035e-08, 2.28956924531e-08, 3.3330088911e-08, 8.11450640015e-09, 3.40486483452e-09, 1.33606503638e-09, 3.20037329971e-10, 3.28389641868e-11, 1.1682688237e-12, 5.42207371937e-14, 1.19847386274e-14, 2.46716980613e-16, 1.24776124124e-19]
        dvar2: [1.30262001272e-12, 6.3363522429e-08, 1.20378601309e-07, 9.69020987895e-08, 3.66268864127e-07, 6.00380118954e-08, 1.70935507526e-07, 4.1206281054e-08, 9.44045552842e-09, 1.2072461919e-09, 7.08100467151e-10, 1.71853142827e-09, 2.56384691255e-09, 4.75566031e-09, 2.61365222798e-08, 5.0961958209e-08, 7.89566314552e-08, 2.3047885378e-08, 7.19489134937e-09, 3.2129059413e-09, 7.91981535908e-10, 7.83783732361e-11, 2.21910142172e-12, 1.3210533199e-13, 2.10570696622e-14, 4.69153391215e-16, 3.91802110448e-19]
        max: [7.25008567315e-06, 0.00184133287985, 0.00353914522566, 0.00200173771009, 0.00379573833197, 0.00215648743324, 0.00655430462211, 0.00184526410885, 0.000648017623462, 0.000295959762298, 0.000179132301128, 0.000304440094624, 0.000396750401706, 0.00036025128793, 0.00119752448518, 0.00254227290861, 0.0022362372838, 0.00102389685344, 0.000747800804675, 0.000400157470722, 0.000193490064703, 9.01537714526e-05, 1.9169288862e-05, 2.92495997201e-06, 1.52291488575e-06, 1.61739635018e-07, 2.51923570893e-09]
        mean: [1.27724817389e-07, 4.82205978187e-05, 0.000209845326026, 6.865789328e-05, 0.000304552580928, 0.000299047067529, 0.000592524185777, 0.000140903241117, 8.32985606394e-05, 3.30643742927e-05, 1.58336788445e-05, 1.47303853737e-05, 1.58838793141e-05, 2.42089608946e-05, 0.000108018990431, 0.000133906432893, 0.000169240258401, 6.83721955284e-05, 3.76980569854e-05, 2.95498794003e-05, 9.10557446332e-06, 4.10821303376e-06, 1.03522177142e-06, 3.10471591547e-07, 1.21277011544e-07, 1.01574313405e-08, 1.59394719645e-10]
        min: [1.47983480938e-12, 7.76198945118e-08, 2.33759266166e-07, 3.73135833343e-07, 2.05435313205e-07, 8.17954202148e-08, 3.28713127828e-07, 4.84304578663e-08, 1.19076837279e-08, 2.7286990445e-09, 3.64273916587e-10, 5.89507165305e-10, 2.98187530223e-10, 1.49912221525e-10, 2.95853147536e-10, 2.39524761136e-10, 3.91162435776e-10, 1.49339707267e-09, 8.19787848716e-10, 2.97556368434e-10, 1.18259582682e-10, 1.41785168675e-11, 1.57228895702e-12, 1.57219926639e-13, 8.79018469883e-14, 1.33046327997e-14, 6.37590869095e-16]
        var: [3.20958808576e-13, 1.78034351705e-08, 9.33054593588e-08, 3.08839105401e-08, 2.25658752129e-07, 1.50685607991e-07, 1.50421135459e-06, 7.11702483613e-08, 1.36881901369e-08, 2.33275665451e-09, 8.75053585148e-10, 6.96036450698e-10, 9.03050856316e-10, 2.70572830807e-09, 4.45310952557e-08, 8.44364862473e-08, 1.25730565514e-07, 1.58954538421e-08, 6.95213264734e-09, 3.61655483339e-09, 5.25491039571e-10, 8.00947017043e-11, 4.58258561306e-12, 3.06457143733e-13, 5.57226926276e-14, 5.6769704548e-16, 1.32171157574e-19]
    mfcc:
        mean: [-939.869628906, 217.002670288, -16.721906662, 48.9011917114, -6.63415718079, -19.1273117065, -15.6678285599, -6.61669301987, -6.12774658203, -7.81685638428, 0.85600489378, 2.34539961815, -2.18232941628]
        cov: [[42614.4492188, -10620.7265625, -4773.05957031, -1397.16650391, 1899.29870605, 529.018798828, -1451.86437988, 527.136230469, 1187.2677002, 709.421203613, -758.991699219, -554.531005859, 670.488586426], [-10620.7265625, 3057.03417969, 1419.14221191, 36.8081741333, -391.940795898, -224.830108643, 385.33392334, -123.912826538, -343.13092041, -248.412246704, 273.542907715, 173.389862061, -192.007507324], [-4773.05957031, 1419.14221191, 938.95513916, -182.262069702, -188.769226074, -110.837043762, 193.036224365, -103.739295959, -209.174026489, -138.556472778, 157.150131226, 68.8161315918, -88.5326690674], [-1397.16650391, 36.8081741333, -182.262069702, 514.851318359, -104.917961121, 60.5734100342, 26.4740467072, 16.656867981, 49.8129081726, 52.4972190857, -66.1790237427, 6.93167638779, -1.28223323822], [1899.29870605, -391.940795898, -188.769226074, -104.917961121, 170.673324585, 5.72766542435, -71.6136627197, 28.3721847534, 56.297744751, 11.8134384155, -22.5264892578, -13.5866327286, 34.0040931702], [529.018798828, -224.830108643, -110.837043762, 60.5734100342, 5.72766542435, 81.1779251099, -17.9993000031, 1.33904588223, 23.0558261871, 33.0337905884, -25.9890975952, -22.9806156158, 15.8137702942], [-1451.86437988, 385.33392334, 193.036224365, 26.4740467072, -71.6136627197, -17.9993000031, 134.859115601, -17.5324630737, -46.3712310791, -42.3135108948, 36.4735565186, 25.4853630066, -43.9566078186], [527.136230469, -123.912826538, -103.739295959, 16.656867981, 28.3721847534, 1.33904588223, -17.5324630737, 64.6754150391, 36.3847236633, 11.2401371002, -13.011387825, 1.4719209671, 10.6903438568], [1187.2677002, -343.13092041, -209.174026489, 49.8129081726, 56.297744751, 23.0558261871, -46.3712310791, 36.3847236633, 92.629737854, 43.4966697693, -43.518196106, -23.1170749664, 18.8767967224], [709.421203613, -248.412246704, -138.556472778, 52.4972190857, 11.8134384155, 33.0337905884, -42.3135108948, 11.2401371002, 43.4966697693, 75.4333496094, -27.6871070862, -13.5335388184, 16.8170433044], [-758.991699219, 273.542907715, 157.150131226, -66.1790237427, -22.5264892578, -25.9890975952, 36.4735565186, -13.011387825, -43.518196106, -27.6871070862, 80.7633666992, 22.7312278748, -21.162651062], [-554.531005859, 173.389862061, 68.8161315918, 6.93167638779, -13.5866327286, -22.9806156158, 25.4853630066, 1.4719209671, -23.1170749664, -13.5335388184, 22.7312278748, 47.5479316711, -7.07612991333], [670.488586426, -192.007507324, -88.5326690674, -1.28223323822, 34.0040931702, 15.8137702942, -43.9566078186, 10.6903438568, 18.8767967224, 16.8170433044, -21.162651062, -7.07612991333, 50.4046974182]]
        icov: [[0.000727545178961, 0.00204999255948, 0.000599329126999, 0.00169337331317, -0.00153716898058, 0.000495398999192, 1.98575453396e-05, -0.000610290619079, -0.000555855338462, 1.72119653143e-05, -0.000396298273699, -0.000335909659043, 0.000244170834776], [0.00204999255948, 0.00791850220412, -0.00076653965516, 0.0032505330164, -0.00408253539354, 0.0032221430447, -0.000183134936378, -0.00268041202798, -0.000489515485242, 0.00112145789899, -0.00254733092152, -0.00213031913154, 0.00222381646745], [0.000599329126999, -0.00076653965516, 0.00689125852659, 0.00405224319547, 0.000611773866694, -0.000116533708933, -0.00143006490543, 0.00259467423894, 0.000825470255222, 0.000129806328914, -0.00071476289304, 0.000592661148403, -0.00142811611295], [0.00169337331317, 0.0032505330164, 0.00405224319547, 0.00878015160561, -8.1836427853e-05, -0.00184669159353, -0.000729928549845, -0.000313927652314, -0.00441045174375, -0.000589170085732, 0.00205624988303, -0.00312844198197, -0.0004651977506], [-0.00153716898058, -0.00408253539354, 0.000611773866694, -8.1836427853e-05, 0.0168817155063, -0.00165067706257, 0.00231336243451, 0.00202720495872, -0.00582061242312, 0.00481005571783, 0.000181045732461, -0.00320062646642, -0.00311334431171], [0.000495398999192, 0.0032221430447, -0.000116533708933, -0.00184669159353, -0.00165067706257, 0.0215156935155, -0.00324206030928, 0.000326866516843, 0.00410350924358, -0.00517135299742, -0.00183268170804, 0.00712047703564, -0.0026819051709], [1.98575453396e-05, -0.000183134936378, -0.00143006490543, -0.000729928549845, 0.00231336243451, -0.00324206030928, 0.0155826406553, -0.00063824019162, -0.00159560667817, 0.00528954295442, -0.000406364677474, -0.00408115098253, 0.00777813280001], [-0.000610290619079, -0.00268041202798, 0.00259467423894, -0.000313927652314, 0.00202720495872, 0.000326866516843, -0.00063824019162, 0.0235081035644, -0.00887340214103, 0.00227696029469, -0.000730291940272, -0.00445300387219, -0.00292388559319], [-0.000555855338462, -0.000489515485242, 0.000825470255222, -0.00441045174375, -0.00582061242312, 0.00410350924358, -0.00159560667817, -0.00887340214103, 0.032828155905, -0.00922524370253, 0.0032069622539, 0.00849628821015, 0.00331961968914], [1.72119653143e-05, 0.00112145789899, 0.000129806328914, -0.000589170085732, 0.00481005571783, -0.00517135299742, 0.00528954295442, 0.00227696029469, -0.00922524370253, 0.0254088565707, -0.00161198200658, -0.00443815160543, 0.000441088312073], [-0.000396298273699, -0.00254733092152, -0.00071476289304, 0.00205624988303, 0.000181045732461, -0.00183268170804, -0.000406364677474, -0.000730291940272, 0.0032069622539, -0.00161198200658, 0.0231860224158, -0.00472536077723, 0.00302641536109], [-0.000335909659043, -0.00213031913154, 0.000592661148403, -0.00312844198197, -0.00320062646642, 0.00712047703564, -0.00408115098253, -0.00445300387219, 0.00849628821015, -0.00443815160543, -0.00472536077723, 0.0338176563382, -0.00431231502444], [0.000244170834776, 0.00222381646745, -0.00142811611295, -0.0004651977506, -0.00311334431171, -0.0026819051709, 0.00777813280001, -0.00292388559319, 0.00331961968914, 0.000441088312073, 0.00302641536109, -0.00431231502444, 0.0321622863412]]
    spectral_contrast:
        mean: [-3.42829935107e-07, 2.06998805652e-07, 3.06454609245e-07, 1.52409967313e-07, 3.62549030797e-08, 2.17013209181e-07, 4.31755125874e-07, 9.34815545861e-07, -2.60773754235e-06, 3.94932385461e-07, -1.75647869582e-07, 6.60744348124e-08]
        var: [0.000283908389974, 0.000585650443099, 0.000743641052395, 0.000800561218057, 0.00118635501713, 0.00229002418928, 0.0342976264656, 0.0633703693748, 0.104622408748, 0.172236904502, 0.455921620131, 19.6211395264]

rhythm:
    beats_loudness:
        dmean: 0.000937084492762
        dmean2: 0.00133863452356
        dvar: 2.16739886127e-06
        dvar2: 5.06321384819e-06
        max: 0.0110259475186
        mean: 0.00217335158959
        min: 4.94570031151e-06
        var: 8.52372704685e-06
    beats_loudness_bass:
        dmean: 0.100413285196
        dmean2: 0.169033527374
        dvar: 0.00667795538902
        dvar2: 0.018551344052
        max: 0.574360132217
        mean: 0.218229517341
        min: 0.0355595014989
        var: 0.0188281964511
    bpm: 128.188583374
    bpm_confidence: 0
    first_peak_bpm: 128
    first_peak_spread: 0
    first_peak_weight: 0.5
    onset_rate: 1.19009065628
    second_peak_bpm: 183
    second_peak_spread: 0
    second_peak_weight: 0.458333343267
    beats_position: [0.138512849808, 0.606590628624, 1.07466840744, 1.54274618626, 2.01082420349, 2.4789018631, 2.94697976112, 3.41505765915, 3.88313555717, 4.3512134552, 4.81929111481, 5.28736925125, 5.75544691086, 6.27260398865, 6.60007858276, 6.92755222321, 7.25502586365, 7.58249998093, 7.90997362137, 8.23744773865, 8.56492233276, 8.89239597321, 9.21986961365, 9.54734325409, 9.87481689453]
    bpm_estimates: [127.3699646, 127.72354126, 128.461547852, 129.647674561, 127.470787048, 128.458007812]
    bpm_intervals: [0.468077778816, 0.468077778816, 0.468077778816, 0.468078017235, 0.468077659607, 0.468077898026, 0.468077898026, 0.468077898026, 0.468077898026, 0.468077659607, 0.468078136444, 0.468077659607, 0.517157077789, 0.327474594116, 0.327473640442, 0.327473640442, 0.327474117279, 0.327473640442, 0.327474117279, 0.327474594116, 0.327473640442, 0.327473640442, 0.327473640442, 0.327473640442]
    onset_times: [0.0464399084449, 0.301859408617, 0.441179126501, 0.766258478165, 1.06811785698, 1.53251695633, 1.8575963974, 1.99691605568, 2.18267583847, 2.34521532059, 2.64707493782, 2.80961441994]
    rubato_start: [6.60007858276]
    rubato_stop: [9.87481689453]
    perceptual_tempo: "unknown"

sfx:
    inharmonicity:
        dmean: 0.0211191792041
        dmean2: 0.0372683927417
        dvar: 0.00102465553209
        dvar2: 0.00283302972093
        max: 0.22656391561
        mean: 0.0225527677685
        min: 1.19819032989e-05
        var: 0.000907193345483
    oddtoevenharmonicenergyratio:
        dmean: 2.94900941849
        dmean2: 5.72297525406
        dvar: 418.486450195
        dvar2: 1252.62023926
        max: 298.690155029
        mean: 1.89240813255
        min: 5.13621343998e-05
        var: 211.647506714
    pitch_after_max_to_before_max_energy_ratio: 0.201215744019
    pitch_centroid: 167.893432617
    pitch_max_to_total: 0.344110846519
    pitch_min_to_total: 0.882217109203
    tristimulus:
        dmean: [0.16547049582, 0.167700260878, 0.0427016094327]
        dmean2: [0.295039862394, 0.302489608526, 0.0764352232218]
        dvar: [0.0329394415021, 0.0337803438306, 0.00449236435816]
        dvar2: [0.0979899987578, 0.0946430042386, 0.0138755040243]
        max: [0.980205655098, 0.934651196003, 0.487306982279]
        mean: [0.476184844971, 0.462861061096, 0.0459085591137]
        min: [0.00905195996165, 0, 0]
        var: [0.0442377477884, 0.0428557060659, 0.00448008067906]

tonal:
    chords_changes_rate: 0.0138248847798
    chords_number_rate: 0.0138248847798
    chords_strength:
        dmean: 0.00474394625053
        dmean2: 0.00344242528081
        dvar: 2.15301897697e-05
        dvar2: 1.372294264e-05
        max: 0.710408270359
        mean: 0.618133842945
        min: 0.385187536478
        var: 0.00838709715754
    key_strength: 0.836851418018
    tuning_diatonic_strength: 0.591771841049
    tuning_equal_tempered_deviation: 0.0476269945502
    tuning_frequency: 439.491973877
    tuning_nontempered_energy_ratio: 0.598222732544
    hpcp:
        dmean: [0.078494541347, 0.0858260691166, 0.0396223030984, 0.0198652166873, 0.0237620715052, 0.0434083491564, 0.0397997759283, 0.052167519927, 0.0151065029204, 0.011701808311, 0.0186237376183, 0.0738278478384, 0.0968999862671, 0.0637942478061, 0.0454372242093, 0.032343827188, 0.0340278074145, 0.024732908234, 0.0213651098311, 0.0216909814626, 0.0440652891994, 0.060274053365, 0.0442120023072, 0.0132901482284, 0.0101662278175, 0.0191560108215, 0.0358344726264, 0.0469503365457, 0.038843922317, 0.0218114126474, 0.0182997565717, 0.020601188764, 0.0195174776018, 0.0210504066199, 0.0380321480334, 0.100764267147]
        dmean2: [0.116507925093, 0.138922303915, 0.0736364871264, 0.0347076095641, 0.0415715165436, 0.0701018720865, 0.060767237097, 0.083423525095, 0.0247148107737, 0.0184747297317, 0.02812294662, 0.116018511355, 0.138471722603, 0.0980449169874, 0.0806132405996, 0.0560754388571, 0.0560088939965, 0.0465694665909, 0.0379595346749, 0.0389538817108, 0.070032171905, 0.0871878042817, 0.068365521729, 0.0218827296048, 0.0174713302404, 0.0338925272226, 0.0585849434137, 0.0739120021462, 0.0564132407308, 0.0379814095795, 0.0331431552768, 0.038749538362, 0.0338736101985, 0.0357527323067, 0.0708126649261, 0.166489377618]
        dvar: [0.0122393425554, 0.0150987431407, 0.0125782918185, 0.00632030423731, 0.00942428223789, 0.0125318067148, 0.0119448481128, 0.0140282614157, 0.000964049948379, 0.000986809260212, 0.00390082993545, 0.00862658768892, 0.0101655339822, 0.0061079855077, 0.0156803932041, 0.00911479163915, 0.00926817581058, 0.00722815468907, 0.0074918512255, 0.00673338957131, 0.00468403100967, 0.00883410964161, 0.00357012054883, 0.000971646280959, 0.000766818586271, 0.00549889262766, 0.008859324269, 0.0193333737552, 0.0124758016318, 0.00692158285528, 0.00364116881974, 0.00956669263542, 0.00378891266882, 0.00295776873827, 0.00997199863195, 0.0142778139561]
        dvar2: [0.0278248675168, 0.0389562174678, 0.0405099950731, 0.0175767596811, 0.0258872490376, 0.0280679501593, 0.0214430987835, 0.0341244190931, 0.00266280840151, 0.0023037113715, 0.0047209225595, 0.0160580854863, 0.0231324303895, 0.0140822334215, 0.0447451882064, 0.0217664483935, 0.027166865766, 0.0235275682062, 0.0220607593656, 0.0195105914026, 0.0123754655942, 0.0205376334488, 0.00901917926967, 0.00266198907048, 0.00217730342411, 0.0151767851785, 0.0229844134301, 0.043463870883, 0.0286035146564, 0.0196827203035, 0.0104798926041, 0.0281377211213, 0.0107707725838, 0.00820355676115, 0.0314454846084, 0.0442753769457]
        max: [1, 1, 1, 0.85231500864, 1, 1, 1, 0.948418796062, 0.263098567724, 0.306343197823, 0.84014248848, 1, 0.909167051315, 0.855647087097, 1, 1, 1, 0.644434273243, 0.812415122986, 0.755523324013, 0.646387159824, 1, 0.579149246216, 0.402733713388, 0.274402141571, 0.810946643353, 0.824427604675, 1, 0.920196354389, 0.830484688282, 0.413378715515, 0.800139784813, 0.570369303226, 0.511267244816, 0.766100764275, 1]
        mean: [0.716254293919, 0.409688055515, 0.0477142035961, 0.0171421989799, 0.0188936814666, 0.0889848023653, 0.177095130086, 0.115026712418, 0.024672517553, 0.016889648512, 0.0228624809533, 0.155159592628, 0.295275777578, 0.188792750239, 0.0984417200089, 0.11364607513, 0.0716374516487, 0.0356381423771, 0.0233434401453, 0.0228435210884, 0.31395354867, 0.602072775364, 0.31698307395, 0.0240461044014, 0.0139351552352, 0.0191230978817, 0.0533226020634, 0.0810176283121, 0.0528217032552, 0.0229905843735, 0.0177158135921, 0.0177553426474, 0.0265796612948, 0.0297106578946, 0.0397178679705, 0.370692640543]
        min: [0.036041252315, 0.0122616132721, 8.89289822226e-06, 0, 0, 0.000239411849179, 0.00074256589869, 0.000505766423885, 1.00529505289e-05, 3.10067389364e-06, 4.97473156429e-05, 0.00272095482796, 0.00720731308684, 0.00303789018653, 2.41039597171e-08, 0.000343553634593, 0.000434000394307, 0.000663201906718, 0.000612708507106, 0.000237734930124, 0.00340071250685, 0.00766189442948, 0.00805574841797, 2.50924695138e-05, 9.36295182328e-05, 7.69617618062e-05, 5.65528061998e-05, 3.27090674546e-05, 3.10770701617e-07, 0, 9.32335969992e-05, 2.6004117899e-05, 0.000355884985765, 7.59878639656e-06, 1.518445697e-05, 0.0172946080565]
        var: [0.0970155447721, 0.0520449317992, 0.0136510357261, 0.00489896675572, 0.0064241415821, 0.0351533778012, 0.0980133712292, 0.0413345173001, 0.00196959311143, 0.00121627736371, 0.00423036050051, 0.0167460497469, 0.0480427406728, 0.0202156677842, 0.0427611358464, 0.0587225183845, 0.0284496489912, 0.00648834230378, 0.00568404933438, 0.00458335271105, 0.0419861450791, 0.155724540353, 0.0369543991983, 0.00195045478176, 0.000767019810155, 0.00423538126051, 0.0164476428181, 0.0396400690079, 0.0172740537673, 0.00458595063537, 0.00235863705166, 0.00550920562819, 0.00368465669453, 0.00391539465636, 0.00739716133103, 0.0396899543703]
    chords_histogram: [73.2718887329, 0, 0.921658992767, 0, 0, 0, 0, 0, 0, 0, 0, 0, 0, 0, 0, 0, 0, 0, 0, 0, 0, 10.5990781784, 15.2073736191, 0]
    thpcp: [1, 0.571986854076, 0.0666162893176, 0.0239331182092, 0.0263784546405, 0.124236322939, 0.247251749039, 0.160594791174, 0.0344465896487, 0.0235805194825, 0.0319195017219, 0.216626405716, 0.412249922752, 0.263583421707, 0.137439623475, 0.158667221665, 0.100016787648, 0.049756269902, 0.032590996474, 0.0318930335343, 0.438326925039, 0.840585231781, 0.442556619644, 0.0335720218718, 0.0194555968046, 0.0266987551004, 0.0744464695454, 0.113112941384, 0.0737471356988, 0.0320983529091, 0.0247339718044, 0.0247891601175, 0.0371092520654, 0.0414806008339, 0.0554521866143, 0.517543315887]
    chords_key: "A"
    chords_scale: "major"
    key_key: "A"
    key_scale: "major"
    chords_progression: ["E", "E", "Bm", "Bm", "Bm", "Bm", "Bm", "Bm", "Bm", "Bm", "Bm", "Bm", "Bm", "Bm", "Bm", "Bm", "Bm", "Bm", "Bm", "Bm", "Bm", "Bm", "Bm", "Bm", "Bm", "D", "D", "D", "D", "D", "D", "D", "D", "D", "D", "D", "D", "D", "D", "D", "D", "D", "D", "D", "D", "D", "D", "D", "D", "D", "D", "D", "D", "D", "D", "D", "D", "D", "A", "A", "A", "A", "A", "A", "A", "A", "A", "A", "A", "A", "A", "A", "A", "A", "A", "A", "A", "A", "A", "A", "A", "A", "A", "A", "A", "A", "A", "A", "A", "A", "A", "A", "A", "A", "A", "A", "A", "A", "A", "A", "A", "A", "A", "A", "A", "A", "A", "A", "A", "A", "A", "A", "A", "A", "A", "A", "A", "A", "A", "A", "A", "A", "A", "A", "A", "A", "A", "A", "A", "A", "A", "A", "A", "A", "A", "A", "A", "A", "A", "A", "A", "A", "A", "A", "A", "A", "A", "A", "A", "A", "A", "A", "A", "A", "A", "A", "A", "A", "A", "A", "A", "A", "A", "A", "A", "A", "A", "A", "A", "A", "A", "A", "A", "A", "A", "A", "A", "A", "A", "A", "A", "A", "A", "A", "A", "A", "A", "A", "A", "A", "A", "A", "A", "A", "A", "A", "A", "A", "A", "A", "A", "A", "A", "A", "A", "A", "A", "A", "A", "A", "A", "A", "A", "A", "A", "A", "A"]
