
metadata:
    version:
        essentia: "1.2.2"
    audio_properties:
        analysis_sample_rate: 44100
        bitrate: 128
        channels: 2
        equal_loudness: 1
        length: 10.0048980713
        replay_gain: -6.24726676941
        downmix: "mix"
    tags:
        track: 14
        year: 0
        album: "Splitted by Mp3Splt v. 2.1"
        artist: "From 002.10 To 002.20"
        comment: "http://mp3splt.sf.net"
        genre: ""
        title: "08 Jazz Thieves.mp3"

highlevel:
    ballroom:
        all:
            ChaChaCha: 0.11849078536
            Jive: 0.0305751878768
            Quickstep: 0.0150156049058
            Rumba-American: 0.0289705153555
            Rumba-International: 0.316330879927
            Rumba-Misc: 0.117650806904
            Samba: 0.0662978664041
            Tango: 0.122908227146
            VienneseWaltz: 0.0930207073689
            Waltz: 0.0907394215465
        probability: 0.316330879927
        value: "Rumba-International"
    culture:
        all:
            non_western: 0.626508355141
            western: 0.373491644859
        probability: 0.626508355141
        value: "non_western"
    gender:
        all:
            female: 0.726963460445
            male: 0.273036539555
        probability: 0.726963460445
        value: "female"
    genre_dortmund:
        all:
            alternative: 0.0308062471449
            blues: 0.0101922722533
            electronic: 0.72299104929
            folkcountry: 0.054572340101
            funksoulrnb: 0.0064489422366
            jazz: 0.0910251066089
            pop: 0.0284276884049
            raphiphop: 0.00788339786232
            rock: 0.0476529300213
        probability: 0.72299104929
        value: "electronic"
    genre_electronica:
        all:
            ambient: 0.464926898479
            dnb: 0.0355985723436
            house: 0.239149048924
            techno: 0.144193664193
            trance: 0.116131819785
        probability: 0.464926898479
        value: "ambient"
    genre_rosamerica:
        all:
            cla: 0.0618700310588
            dan: 0.126790449023
            hip: 0.0443800911307
            jaz: 0.133756756783
            pop: 0.0709765329957
            rhy: 0.0722832977772
            roc: 0.472058415413
            spe: 0.0178844258189
        probability: 0.472058415413
        value: "roc"
    genre_tzanetakis:
        all:
            blu: 0.14897634089
            cla: 0.121105089784
            cou: 0.0434522889555
            dis: 0.0278166066855
            hip: 0.0353815481067
            jaz: 0.0974818244576
            met: 0.0250806156546
            pop: 0.103310860693
            reg: 0.26052570343
            roc: 0.136869117618
        probability: 0.26052570343
        value: "reg"
    live_studio:
        all:
            live: 0.0176349543035
            studio: 0.982365071774
        probability: 0.982365071774
        value: "studio"
    mood:
        all:
            Cluster1: 0.0581526197493
            Cluster2: 0.00848089717329
            Cluster3: 0.803792357445
            Cluster4: 0.0150869069621
            Cluster5: 0.114487208426
        probability: 0.803792357445
        value: "Cluster3"
    mood_acoustic:
        all:
            acoustic: 0.177044466138
            not_acoustic: 0.822955548763
        probability: 0.822955548763
        value: "not_acoustic"
    mood_aggressive:
        all:
            aggressive: 0.0570662803948
            not_aggressive: 0.942933738232
        probability: 0.942933738232
        value: "not_aggressive"
    mood_electronic:
        all:
            electronic: 0.954946041107
            not_electronic: 0.045053947717
        probability: 0.954946041107
        value: "electronic"
    mood_happy:
        all:
            happy: 0.0278299562633
            not_happy: 0.972170054913
        probability: 0.972170054913
        value: "not_happy"
    mood_party:
        all:
            not_party: 0.971802175045
            party: 0.0281978230923
        probability: 0.971802175045
        value: "not_party"
    mood_relaxed:
        all:
            not_relaxed: 0.259623497725
            relaxed: 0.740376472473
        probability: 0.740376472473
        value: "relaxed"
    mood_sad:
        all:
            not_sad: 0.0263932626694
            sad: 0.97360676527
        probability: 0.97360676527
        value: "sad"
    rhythm:
        all:
            fast: 0.171810314059
            medium: 0.628560006618
            slow: 0.199629664421
        probability: 0.628560006618
        value: "medium"
    speech_music:
        all:
            music: 0.0038709633518
            speech: 0.99612903595
        probability: 0.99612903595
        value: "speech"
    timbre:
        all:
            bright: 0.0432391129434
            dark: 0.956760883331
        probability: 0.956760883331
        value: "dark"
    voice_instrumental:
        all:
            instrumental: 0.996810555458
            voice: 0.00318944407627
        probability: 0.996810555458
        value: "instrumental"

lowlevel:
    average_loudness: 0.97416138649
    barkbands_kurtosis:
        dmean: 3.61470389366
        dmean2: 5.84704828262
        dvar: 20.6934528351
        dvar2: 53.6191902161
        max: 57.6368293762
        mean: 9.91557312012
        min: -1.70782053471
        var: 78.2564544678
    barkbands_skewness:
        dmean: 0.507475376129
        dmean2: 0.786736428738
        dvar: 0.211402490735
        dvar2: 0.498672425747
        max: 6.07287454605
        mean: 2.20348334312
        min: -2.91094923019
        var: 1.69271159172
    barkbands_spread:
        dmean: 1.91601538658
        dmean2: 3.07131266594
        dvar: 7.89819049835
        dvar2: 19.6734161377
        max: 46.8373832703
        mean: 9.24528980255
        min: 1.14588272572
        var: 102.05039978
    dissonance:
        dmean: 0.0326000489295
        dmean2: 0.0542308203876
        dvar: 0.000960531062447
        dvar2: 0.00248533859849
        max: 0.499817222357
        mean: 0.432414054871
        min: 0.111254788935
        var: 0.00241452385671
    hfc:
        dmean: 0.428574591875
        dmean2: 0.708357036114
        dvar: 0.667688548565
        dvar2: 1.7993875742
        max: 11.5644340515
        mean: 1.65161824226
        min: 0.000369369896362
        var: 3.57432675362
    pitch:
        dmean: 61.8040237427
        dmean2: 107.136940002
        dvar: 63363.390625
        dvar2: 154582.15625
        max: 3392.30761719
        mean: 191.402816772
        min: 65.820892334
        var: 65907.203125
    pitch_instantaneous_confidence:
        dmean: 0.0813745036721
        dmean2: 0.133570551872
        dvar: 0.00426960969344
        dvar2: 0.0107036214322
        max: 0.891055762768
        mean: 0.454596579075
        min: 0.145362138748
        var: 0.0171652715653
    pitch_salience:
        dmean: 0.0570990145206
        dmean2: 0.0919992253184
        dvar: 0.00245476001874
        dvar2: 0.0057443859987
        max: 0.793572664261
        mean: 0.515325963497
        min: 0.302359163761
        var: 0.00840272009373
    silence_rate_20dB:
        dmean: 0
        dmean2: 0
        dvar: 0
        dvar2: 0
        max: 1
        mean: 1
        min: 1
        var: 0
    silence_rate_30dB:
        dmean: 0
        dmean2: 0
        dvar: 0
        dvar2: 0
        max: 1
        mean: 1
        min: 1
        var: 0
    silence_rate_60dB:
        dmean: 0.0719257518649
        dmean2: 0.1441860497
        dvar: 0.066752359271
        dvar2: 0.146652549505
        max: 1
        mean: 0.317129641771
        min: 0
        var: 0.216557979584
    spectral_centroid:
        dmean: 54.2631645203
        dmean2: 86.5084381104
        dvar: 6813.24902344
        dvar2: 15252.9511719
        max: 1976.63195801
        mean: 361.84387207
        min: 140.894622803
        var: 102203.953125
    spectral_complexity:
        dmean: 1.13720929623
        dmean2: 1.93240094185
        dvar: 1.89512872696
        dvar2: 3.77398872375
        max: 22
        mean: 5.85614871979
        min: 0
        var: 11.1301279068
    spectral_crest:
        dmean: 1.51152026653
        dmean2: 2.42906665802
        dvar: 1.84130203724
        dvar2: 4.63634729385
        max: 18.7529029846
        mean: 10.382891655
        min: 3.38715624809
        var: 9.84460735321
    spectral_decrease:
        dmean: 2.54883170125e-10
        dmean2: 4.30933511097e-10
        dvar: 1.61638975758e-19
        dvar2: 4.20231894511e-19
        max: -2.3998064278e-13
        mean: -1.18707366159e-09
        min: -4.99509189567e-09
        var: 4.5008261977e-19
    spectral_energy:
        dmean: 0.000993313500658
        dmean2: 0.00168010126799
        dvar: 2.41905058829e-06
        dvar2: 6.27891449767e-06
        max: 0.0191456172615
        mean: 0.00463009718806
        min: 9.39241431297e-07
        var: 6.78445803715e-06
    spectral_energyband_high:
        dmean: 6.59430907035e-06
        dmean2: 1.06936195152e-05
        dvar: 2.11482303891e-10
        dvar2: 5.77506598098e-10
        max: 0.00024733445025
        mean: 1.39872390719e-05
        min: 5.46615364083e-10
        var: 7.2886302549e-10
    spectral_energyband_low:
        dmean: 0.000468767015263
        dmean2: 0.000782163406257
        dvar: 5.6513022173e-07
        dvar2: 1.33432297389e-06
        max: 0.00918763317168
        mean: 0.00217056251131
        min: 1.40961674333e-07
        var: 2.78249740404e-06
    spectral_energyband_middle_high:
        dmean: 0.000146707272506
        dmean2: 0.000238781576627
        dvar: 1.38781118153e-07
        dvar2: 3.87027625948e-07
        max: 0.00567097123712
        mean: 0.000418580020778
        min: 1.00606214914e-07
        var: 7.40375639907e-07
    spectral_energyband_middle_low:
        dmean: 0.000627510773484
        dmean2: 0.00103100878187
        dvar: 7.72216083078e-07
        dvar2: 1.95592701857e-06
        max: 0.00979532580823
        mean: 0.0020268696826
        min: 6.80222285609e-07
        var: 1.62609842391e-06
    spectral_flatness_db:
        dmean: 0.0235503707081
        dmean2: 0.036783542484
        dvar: 0.000711072818376
        dvar2: 0.00136712181848
        max: 0.58076196909
        mean: 0.322321951389
        min: 0.114129416645
        var: 0.00789611320943
    spectral_flux:
        dmean: 0.00642047775909
        dmean2: 0.00973941758275
        dvar: 8.65116453497e-05
        dvar2: 0.000203220362891
        max: 0.11676415056
        mean: 0.023280447349
        min: 0.000969144690316
        var: 0.000151782325702
    spectral_kurtosis:
        dmean: 18.5927715302
        dmean2: 29.9106712341
        dvar: 644.792724609
        dvar2: 1156.12915039
        max: 366.160705566
        mean: 56.1252365112
        min: 0.16698718071
        var: 5400.24951172
    spectral_rms:
        dmean: 0.000225384865189
        dmean2: 0.000369885616237
        dvar: 9.9154654265e-08
        dvar2: 2.18207887315e-07
        max: 0.0043218806386
        mean: 0.00203366950154
        min: 3.02709941025e-05
        var: 3.81357835977e-07
    spectral_rolloff:
        dmean: 100.905578613
        dmean2: 184.964645386
        dvar: 36711.0820312
        dvar2: 94179.5546875
        max: 3208.44726562
        mean: 588.591308594
        min: 129.19921875
        var: 482191.75
    spectral_skewness:
        dmean: 1.05972599983
        dmean2: 1.73517084122
        dvar: 1.55017018318
        dvar2: 3.18566060066
        max: 16.6188106537
        mean: 4.69242286682
        min: 0.588351607323
        var: 12.8485765457
    spectral_spread:
        dmean: 345239
        dmean2: 547826.0625
        dvar: 577980465152
        dvar2: 717430521856
        max: 17136340
        mean: 1698352.25
        min: 295835.25
        var: 1.04278595994e+12
    spectral_strongpeak:
        dmean: 0.131546378136
        dmean2: 0.22206401825
        dvar: 0.0933781713247
        dvar2: 0.220630943775
        max: 3.56790542603
        mean: 0.3141887784
        min: 0.000985214253888
        var: 0.139606252313
    zerocrossingrate:
        dmean: 0.00299214199185
        dmean2: 0.0037047911901
        dvar: 9.59328826866e-06
        dvar2: 1.43161860251e-05
        max: 0.08740234375
        mean: 0.0229356233031
        min: 0.005859375
        var: 0.000363422819646
    barkbands:
        dmean: [2.32116485677e-06, 0.000156211332069, 0.000403122539865, 0.000340130296536, 0.000292994925985, 0.000147647224367, 0.000131823762786, 2.29199249588e-05, 1.74876386154e-05, 3.3551506931e-05, 9.06649802346e-06, 1.78935315489e-05, 9.15166310733e-06, 3.43600622728e-05, 3.82281759812e-05, 4.35390174971e-05, 3.67163665942e-05, 2.00217691599e-05, 2.47556545219e-05, 7.53754375182e-06, 3.28617852574e-06, 1.70707437519e-07, 2.08978132576e-08, 5.47067191548e-09, 3.41627459655e-09, 2.8951065989e-09, 3.04728731138e-09]
        dmean2: [3.91631192542e-06, 0.000248285272392, 0.000672123744152, 0.000593801494688, 0.000462090800283, 0.000239556393353, 0.000224997624173, 3.75970303139e-05, 2.89741547022e-05, 5.43578207726e-05, 1.47533228301e-05, 2.91265823762e-05, 1.52083839566e-05, 5.56440136279e-05, 6.41176011413e-05, 6.97124996805e-05, 6.31970324321e-05, 3.29912181769e-05, 4.04734819313e-05, 1.24527869048e-05, 5.5776854424e-06, 2.72172826499e-07, 3.40273764721e-08, 7.30122939885e-09, 3.86398602004e-09, 3.03898728404e-09, 3.19608317589e-09]
        dvar: [7.59034154973e-12, 3.88909668914e-08, 4.88085504458e-07, 3.19050570852e-07, 1.55460966766e-07, 3.52563489514e-08, 3.51902471607e-08, 1.60769053625e-09, 1.20977405871e-09, 6.16387829666e-09, 4.24551310774e-10, 1.34543753916e-09, 5.28796728627e-10, 1.73461529585e-08, 2.27673098152e-08, 3.12088843657e-08, 1.64649733847e-08, 3.22819460052e-09, 5.81703885061e-09, 2.57099924683e-10, 5.38714177434e-11, 1.70449076945e-13, 5.90582118122e-15, 4.02462537987e-15, 3.47246789496e-15, 3.18987525738e-15, 3.54947737767e-15]
        dvar2: [2.00474029738e-11, 1.17217084039e-07, 1.16139949569e-06, 8.6927633447e-07, 3.82013666922e-07, 7.15958137221e-08, 8.6013230316e-08, 4.40251257672e-09, 3.31073901627e-09, 1.59146420486e-08, 1.25319044031e-09, 3.41834627271e-09, 1.44869927166e-09, 4.49832739946e-08, 6.51439364674e-08, 8.49749426379e-08, 4.9715758621e-08, 9.23884435622e-09, 1.49158410068e-08, 6.92879809083e-10, 1.4863306419e-10, 4.83503211426e-13, 8.0290710468e-15, 4.05060769201e-15, 3.46941349415e-15, 3.18940113069e-15, 3.54908371911e-15]
        max: [2.99562398141e-05, 0.00188986747526, 0.00903898105025, 0.00687180925161, 0.00582229252905, 0.0020514423959, 0.00248125847429, 0.000452847540146, 0.000389617111068, 0.000920613878407, 0.000268419709755, 0.000419602991315, 0.000381143006962, 0.00179150921758, 0.00201370427385, 0.00279227038845, 0.00159080734011, 0.000716960115824, 0.000943838385865, 0.00018443519366, 9.96806920739e-05, 7.36310039429e-06, 1.55180771344e-06, 1.32410025344e-06, 1.22618769183e-06, 1.17420597689e-06, 1.23858364987e-06]
        mean: [4.52655058325e-06, 0.000547491945326, 0.00161864515394, 0.000793616753072, 0.000565294001717, 0.000371195957996, 0.000213395818719, 4.63723517896e-05, 2.95709633065e-05, 5.71221717109e-05, 1.3699684132e-05, 2.99778203043e-05, 1.91828203242e-05, 5.2116214647e-05, 5.64926995139e-05, 5.79203078814e-05, 5.42883026355e-05, 3.32716226694e-05, 4.52914791822e-05, 1.43979750646e-05, 5.82374013902e-06, 3.57830288067e-07, 3.23852376027e-08, 6.54888188123e-09, 3.51166140611e-09, 2.88123325198e-09, 3.01379365908e-09]
        min: [5.69394323358e-11, 2.31148522545e-08, 1.17789888066e-07, 2.20904865955e-07, 1.6833004679e-07, 1.07673493233e-07, 6.56857537251e-08, 1.23366241667e-08, 8.52718784472e-08, 2.30451409067e-08, 2.7606510411e-09, 4.05569711148e-09, 1.92368498908e-09, 1.29136157323e-09, 5.38546429674e-10, 5.26528431966e-10, 4.05563166384e-10, 6.77121858583e-10, 4.69356609134e-10, 7.03045843764e-10, 2.58288418431e-10, 3.67276140056e-11, 3.39487188361e-11, 1.42697615876e-11, 1.33250546014e-11, 2.52072277981e-12, 6.14728808222e-14]
        var: [2.3602278118e-11, 1.0530143868e-07, 2.3077861897e-06, 6.65878530981e-07, 5.05275124851e-07, 9.14808353514e-08, 6.61329409013e-08, 3.17916293291e-09, 1.93137927873e-09, 1.47545806684e-08, 5.55481549647e-10, 3.28679305994e-09, 2.6716409085e-09, 3.63754004695e-08, 3.5275686372e-08, 4.52625421588e-08, 2.32171242232e-08, 7.05726943551e-09, 1.45257414985e-08, 8.537727747e-10, 1.39893874262e-10, 5.76737225685e-13, 7.99080463934e-15, 4.08053802472e-15, 3.4774564955e-15, 3.19074028978e-15, 3.55035109215e-15]
    mfcc:
        mean: [-885.486022949, 252.284072876, -42.0866317749, 87.3135147095, -1.29914772511, 1.81861960888, -0.39078694582, -3.6709792614, -0.63855946064, -2.57534241676, -5.61338043213, 1.03151762486, 0.661134600639]
        cov: [[8018.5546875, -2113.88964844, -3749.77392578, 644.391357422, -778.940795898, 685.617370605, 304.468048096, 437.057098389, -75.6531829834, -40.3003044128, -172.941711426, 42.3806533813, -113.139083862], [-2113.88964844, 1399.77270508, 729.26574707, -365.858551025, 536.782470703, -260.327209473, -30.3296928406, -54.6967468262, 104.372528076, -20.5705890656, 135.317703247, 1.68694102764, 39.2693634033], [-3749.77392578, 729.26574707, 2757.01025391, -46.1815299988, -14.5061502457, -276.867340088, -169.078308105, -208.925231934, 41.3686714172, 138.093978882, 123.978843689, 51.7810440063, 105.513526917], [644.391357422, -365.858551025, -46.1815299988, 413.183074951, -143.676483154, 87.6633377075, 17.6601524353, 6.08217811584, -9.65554141998, 23.8584346771, 0.812073349953, 38.5616188049, 37.5294075012], [-778.940795898, 536.782470703, -14.5061502457, -143.676483154, 595.744873047, -51.9568901062, -25.1660442352, -67.2177581787, -16.6898365021, -61.3426628113, 25.9821987152, -23.156665802, 17.5644493103], [685.617370605, -260.327209473, -276.867340088, 87.6633377075, -51.9568901062, 206.430664062, 46.9298706055, -14.6287908554, -46.9172134399, -6.0724029541, -11.1592473984, 17.5715751648, 5.23141527176], [304.468048096, -30.3296928406, -169.078308105, 17.6601524353, -25.1660442352, 46.9298706055, 77.375579834, 43.3620605469, 1.93452143669, -7.22394323349, 11.7006940842, 8.09019088745, -0.230612441897], [437.057098389, -54.6967468262, -208.925231934, 6.08217811584, -67.2177581787, -14.6287908554, 43.3620605469, 117.018386841, 41.396572113, -3.59153842926, -1.07308149338, 1.85761344433, -18.6173229218], [-75.6531829834, 104.372528076, 41.3686714172, -9.65554141998, -16.6898365021, -46.9172134399, 1.93452143669, 41.396572113, 75.9094238281, 20.6171264648, 21.5227451324, 0.350790888071, -4.27785396576], [-40.3003044128, -20.5705890656, 138.093978882, 23.8584346771, -61.3426628113, -6.0724029541, -7.22394323349, -3.59153842926, 20.6171264648, 63.9317054749, 21.6791038513, 6.3073592186, 2.89265847206], [-172.941711426, 135.317703247, 123.978843689, 0.812073349953, 25.9821987152, -11.1592473984, 11.7006940842, -1.07308149338, 21.5227451324, 21.6791038513, 66.6184844971, 26.9553089142, 16.0808753967], [42.3806533813, 1.68694102764, 51.7810440063, 38.5616188049, -23.156665802, 17.5715751648, 8.09019088745, 1.85761344433, 0.350790888071, 6.3073592186, 26.9553089142, 50.7238235474, 27.3086204529], [-113.139083862, 39.2693634033, 105.513526917, 37.5294075012, 17.5644493103, 5.23141527176, -0.230612441897, -18.6173229218, -4.27785396576, 2.89265847206, 16.0808753967, 27.3086204529, 48.8459815979]]
        icov: [[0.00104950042441, 6.59213692416e-05, 0.00122301874217, -0.000735516601708, 0.000691118766554, -0.00139638711698, 0.000953892536927, -0.00222834735177, 0.00105817406438, -0.00145564530976, 2.67957566393e-05, -0.000609192356933, -0.000132005050546], [6.59213692416e-05, 0.00310409581289, -0.000428185943747, 0.00157470977865, -0.00187325384468, 0.00162650540005, -0.00191196275409, 0.00130005506799, -0.00348040717654, 0.00185520958621, -0.00322049949318, -5.49937285541e-05, -0.00096557859797], [0.00122301874217, -0.000428185943747, 0.00217892113142, -0.00105047051329, 0.00135189783759, -0.00103463686537, 0.00185744173359, -0.00172460335307, 0.00179643684532, -0.00276328530163, -0.00020499250968, -0.000743359501939, -0.000942420912907], [-0.000735516601708, 0.00157470977865, -0.00105047051329, 0.00456973258406, -0.000897813763004, 0.000741058029234, -0.00125683948863, 0.00189623702317, -0.00264307297766, 0.00119688268751, -0.00118944060523, -0.000244921800913, -0.00302504585125], [0.000691118766554, -0.00187325384468, 0.00135189783759, -0.000897813763004, 0.00426540803164, -0.00153237034101, 0.00241602142341, -0.000875306781381, 0.002788126003, 0.000675627146848, -0.000863122579176, 0.00206535914913, -0.00148193037603], [-0.00139638711698, 0.00162650540005, -0.00103463686537, 0.000741058029234, -0.00153237034101, 0.0120601216331, -0.00817965902388, 0.0080638024956, -0.000229585610214, 0.00119433947839, -0.000242678725044, -0.00280582346022, 0.00097554497188], [0.000953892536927, -0.00191196275409, 0.00185744173359, -0.00125683948863, 0.00241602142341, -0.00817965902388, 0.0266179349273, -0.0135379536077, 0.00630794186145, 0.000415615999373, -0.00729918573052, 0.00436063064262, -0.00383415189572], [-0.00222834735177, 0.00130005506799, -0.00172460335307, 0.00189623702317, -0.000875306781381, 0.0080638024956, -0.0135379536077, 0.0258142277598, -0.01364446152, 0.00568967172876, 0.00236278260127, -0.00474069453776, 0.00562864542007], [0.00105817406438, -0.00348040717654, 0.00179643684532, -0.00264307297766, 0.002788126003, -0.000229585610214, 0.00630794186145, -0.01364446152, 0.0289121028036, -0.00917679443955, -0.00353893847205, 0.00325043778867, -0.000326114095515], [-0.00145564530976, 0.00185520958621, -0.00276328530163, 0.00119688268751, 0.000675627146848, 0.00119433947839, 0.000415615999373, 0.00568967172876, -0.00917679443955, 0.0280519071966, -0.0106221502647, 0.00469339406118, 0.00039412433398], [2.67957566393e-05, -0.00322049949318, -0.00020499250968, -0.00118944060523, -0.000863122579176, -0.000242678725044, -0.00729918573052, 0.00236278260127, -0.00353893847205, -0.0106221502647, 0.0341503731906, -0.0168249737471, 0.00369300553575], [-0.000609192356933, -5.49937285541e-05, -0.000743359501939, -0.000244921800913, 0.00206535914913, -0.00280582346022, 0.00436063064262, -0.00474069453776, 0.00325043778867, 0.00469339406118, -0.0168249737471, 0.0413193851709, -0.019356271252], [-0.000132005050546, -0.00096557859797, -0.000942420912907, -0.00302504585125, -0.00148193037603, 0.00097554497188, -0.00383415189572, 0.00562864542007, -0.000326114095515, 0.00039412433398, 0.00369300553575, -0.019356271252, 0.0374125391245]]
    spectral_contrast:
        mean: [1.79920291998e-07, 2.26940187531e-07, -1.62408824167e-08, -3.50592159748e-07, -6.33385752735e-08, -1.06175093606e-07, -2.20993547373e-06, -2.12972508962e-06, -4.93709023885e-07, -9.23249672269e-07, -3.63505364476e-06, 3.81137823524e-07]
        var: [0.000737269467209, 0.0009180738125, 0.00126880570315, 0.00166068773251, 0.0038744516205, 0.00738823320717, 0.0881192833185, 0.110838919878, 0.289431422949, 0.343900501728, 0.486806720495, 3.28325295448]

rhythm:
    beats_loudness:
        dmean: 0.00278010196052
        dmean2: 0.00450632255524
        dvar: 4.26561291533e-06
        dvar2: 1.42653479998e-05
        max: 0.0107125155628
        mean: 0.00468066614121
        min: 0.00146255071741
        var: 5.36112247573e-06
    beats_loudness_bass:
        dmean: 0.205207943916
        dmean2: 0.317123353481
        dvar: 0.0153305903077
        dvar2: 0.0445693098009
        max: 0.862920463085
        mean: 0.557286143303
        min: 0.157397300005
        var: 0.0467583537102
    bpm: 148.817169189
    bpm_confidence: 0
    first_peak_bpm: 149
    first_peak_spread: 0
    first_peak_weight: 0.956521749496
    onset_rate: 3.69818854332
    second_peak_bpm: 87
    second_peak_spread: 0
    second_peak_weight: 0.0434782616794
    beats_position: [0.0605262629688, 0.46386629343, 0.867206275463, 1.2705463171, 1.67388641834, 2.07722640038, 2.48056650162, 2.88390660286, 3.2872467041, 3.69058656693, 4.09392690659, 4.49726676941, 4.90060663223, 5.30394697189, 5.99187612534, 6.39474391937, 6.79761171341, 7.20047950745, 7.60334730148, 8.00621604919, 8.40908336639, 8.81195163727, 9.21481800079, 9.61768722534]
    bpm_estimates: [148.676101685, 149.551452637, 148.431015015, 148.585479736, 148.647506714, 148.660934448, 148.650726318, 148.49621582, 149.655075073]
    bpm_intervals: [0.403340041637, 0.403339982033, 0.403340041637, 0.403340101242, 0.403339982033, 0.403340101242, 0.403340101242, 0.403340101242, 0.403339862823, 0.403340339661, 0.403339862823, 0.403339862823, 0.403340339661, 0.687929153442, 0.402867794037, 0.402867794037, 0.402867794037, 0.402867794037, 0.402868747711, 0.4028673172, 0.402868270874, 0.402866363525, 0.402869224548]
    onset_times: [0.0464399084449, 0.870748281479, 1.03328800201, 1.13777780533, 1.2190476656, 1.67183673382, 2.07818603516, 2.48453521729, 2.64707493782, 2.87927436829, 3.29723358154, 3.7151927948, 4.09832191467, 4.29569149017, 4.38857126236, 4.49306106567, 4.6439909935, 4.91102027893, 5.05034017563, 5.31736946106, 5.72371864319, 5.95591831207, 5.99074840546, 6.14167785645, 6.3622674942, 6.53641700745, 6.97759628296, 7.51165533066, 7.75546503067, 8.16181373596, 8.56816291809, 8.83519268036, 8.98612213135, 9.16027164459, 9.52018165588, 9.75238132477, 9.90331077576]
    rubato_start: []
    rubato_stop: []
    perceptual_tempo: "unknown"

sfx:
    inharmonicity:
        dmean: 0.0186541061848
        dmean2: 0.0335248038173
        dvar: 0.000728416722268
        dvar2: 0.00206385855563
        max: 0.270066827536
        mean: 0.0170334856957
        min: 1.82563530871e-06
        var: 0.000655062263831
    oddtoevenharmonicenergyratio:
        dmean: 1.8071089983
        dmean2: 3.2391936779
        dvar: 7.10380411148
        dvar2: 18.8735561371
        max: 16.7067890167
        mean: 2.03297567368
        min: 8.46811144584e-06
        var: 7.87243795395
    pitch_after_max_to_before_max_energy_ratio: 0.626124441624
    pitch_centroid: 260.010528564
    pitch_max_to_total: 0.993039429188
    pitch_min_to_total: 0.0255220420659
    tristimulus:
        dmean: [0.225815415382, 0.221733525395, 0.0324371233582]
        dmean2: [0.411256015301, 0.40267509222, 0.0573997534811]
        dvar: [0.0513637959957, 0.050159227103, 0.00366158760153]
        dvar2: [0.125528424978, 0.119631201029, 0.0105149243027]
        max: [0.994334459305, 0.951328992844, 0.488777905703]
        mean: [0.548309028149, 0.408904522657, 0.0391179025173]
        min: [0.0486710295081, 0, 0]
        var: [0.0769697129726, 0.0737812817097, 0.00485085649416]

tonal:
    chords_changes_rate: 0.0322580635548
    chords_number_rate: 0.0184331797063
    chords_strength:
        dmean: 0.00846076197922
        dmean2: 0.00814767647535
        dvar: 4.72319297842e-05
        dvar2: 6.17975529167e-05
        max: 0.756478726864
        mean: 0.506690740585
        min: 0.274665296078
        var: 0.00737032853067
    key_strength: 0.667870640755
    tuning_diatonic_strength: 0.576950311661
    tuning_equal_tempered_deviation: 0.246109113097
    tuning_frequency: 437.465789795
    tuning_nontempered_energy_ratio: 0.908180952072
    hpcp:
        dmean: [0.0153603320941, 0.0136318858713, 0.011751787737, 0.01610981673, 0.020956132561, 0.0218742508441, 0.0490321442485, 0.0697808265686, 0.0851410776377, 0.0866138935089, 0.112024031579, 0.0824754238129, 0.0981453359127, 0.133621275425, 0.0894345641136, 0.0844803228974, 0.0924690067768, 0.0448121763766, 0.0178372170776, 0.0202270746231, 0.0230282898992, 0.0199129190296, 0.0205732155591, 0.032280061394, 0.045673109591, 0.0330007448792, 0.011701611802, 0.0103413844481, 0.0189296118915, 0.0784526541829, 0.108521044254, 0.139960035682, 0.104689314961, 0.0737182348967, 0.0556296557188, 0.0261500515044]
        dmean2: [0.0266521833837, 0.0226580575109, 0.0200957972556, 0.0304745938629, 0.0397792607546, 0.0380258634686, 0.0753204077482, 0.107892371714, 0.131293788552, 0.147972851992, 0.193155914545, 0.146036922932, 0.160512506962, 0.233421042562, 0.152370005846, 0.130907401443, 0.157444521785, 0.0737149193883, 0.0300311595201, 0.0354594700038, 0.0405434593558, 0.0337311960757, 0.0335013158619, 0.0521890334785, 0.0802605375648, 0.0625304877758, 0.0217717215419, 0.0178421195596, 0.0336327850819, 0.133214920759, 0.182130709291, 0.228560209274, 0.180543795228, 0.135061830282, 0.103633567691, 0.0490753576159]
        dvar: [0.00273940316401, 0.000511224207003, 0.0004486173857, 0.00467684073374, 0.00960461050272, 0.0018552520778, 0.00878054089844, 0.0174076985568, 0.01787157543, 0.0524093061686, 0.0377426631749, 0.0190127156675, 0.0457401201129, 0.0591332614422, 0.0231856442988, 0.0261926483363, 0.0340017415583, 0.00716685550287, 0.00179691042285, 0.0022773547098, 0.00482126744464, 0.00401703128591, 0.00487269368023, 0.00571392849088, 0.00607271259651, 0.00723171234131, 0.000886768393684, 0.000684467959218, 0.00133619224653, 0.0114964460954, 0.0354395247996, 0.0333694703877, 0.0183289851993, 0.0248699467629, 0.0290881358087, 0.00749981217086]
        dvar2: [0.00801681447774, 0.00128738733474, 0.00119012210052, 0.0138789480552, 0.0284340251237, 0.00516934785992, 0.0212024953216, 0.0374696552753, 0.0444409996271, 0.0927952453494, 0.0929492786527, 0.0525100193918, 0.0818954706192, 0.12169393152, 0.0530747286975, 0.0582227446139, 0.0650262907147, 0.0169361010194, 0.00401132646948, 0.00562119018286, 0.0133730880916, 0.0110894348472, 0.00594970025122, 0.00968480762094, 0.01656486094, 0.0210708919913, 0.00250322837383, 0.00128418183886, 0.00316483248025, 0.0267858151346, 0.0657540038228, 0.0606031119823, 0.0427941791713, 0.0661663264036, 0.0777236819267, 0.0218787528574]
        max: [0.519963681698, 0.182946890593, 0.169105693698, 0.689826309681, 1, 0.353800415993, 1, 1, 1, 1, 1, 1, 1, 1, 1, 0.991844832897, 1, 0.522073984146, 0.428305834532, 0.441605478525, 0.70762938261, 0.623708128929, 1, 0.94505572319, 0.555233478546, 0.792090892792, 0.266867488623, 0.255712866783, 0.25387558341, 0.693041920662, 1, 1, 0.964915752411, 1, 1, 0.721111238003]
        mean: [0.0185541752726, 0.0230974014848, 0.0159675050527, 0.0126311723143, 0.0141892060637, 0.029020678252, 0.0814621448517, 0.0947118699551, 0.159901544452, 0.286976188421, 0.192673251033, 0.107096202672, 0.268000811338, 0.254312366247, 0.11132260412, 0.156212031841, 0.155391514301, 0.0577134825289, 0.0201761703938, 0.019630478695, 0.0214801207185, 0.0222316812724, 0.0230829119682, 0.0409767180681, 0.0546145997941, 0.0321889854968, 0.00982495956123, 0.0101377116516, 0.0151682412252, 0.131594702601, 0.400864988565, 0.412093490362, 0.164061710238, 0.0664244294167, 0.0513501726091, 0.0210368577391]
        min: [0, 0, 0, 0, 2.44168336394e-06, 1.31397268888e-06, 1.40776387525e-06, 1.80385472959e-06, 1.70915291164e-06, 0, 0, 0, 0, 1.7477836991e-06, 3.91945759475e-05, 1.099988026e-06, 1.46418722125e-06, 2.13498205994e-05, 7.74941952386e-07, 7.01337228293e-07, 3.25394576066e-05, 8.25592735509e-07, 1.80112911039e-05, 2.65873995886e-06, 5.15036617799e-07, 0, 9.38911171033e-07, 8.20502862098e-07, 5.80050198096e-07, 2.01945522349e-06, 9.37810341384e-07, 1.55523127887e-06, 0, 0, 0, 0]
        var: [0.00184125103988, 0.00122018123511, 0.00059304095339, 0.00249975454062, 0.00504903960973, 0.0021738728974, 0.02210146375, 0.0360303632915, 0.0494757704437, 0.184712454677, 0.0785769447684, 0.0249238871038, 0.166092664003, 0.142984569073, 0.0282231755555, 0.0539977438748, 0.0598789528012, 0.0102377366275, 0.0019324393943, 0.00210504885763, 0.00310246297158, 0.0026479025837, 0.00487825786695, 0.00633830530569, 0.00704429903999, 0.00513368332759, 0.000575154903345, 0.000646340777166, 0.00107387651224, 0.0291432756931, 0.16051876545, 0.14112983644, 0.0362428128719, 0.0203742291778, 0.0233902074397, 0.00450762594119]
    chords_histogram: [51.612903595, 0, 0, 0, 0, 0, 0, 10.5990781784, 0, 36.4055290222, 0, 0, 0, 0, 1.38248848915, 0, 0, 0, 0, 0, 0, 0, 0, 0]
    thpcp: [1, 0.398117691278, 0.161187767982, 0.124608062208, 0.0510487519205, 0.045024190098, 0.0560489371419, 0.0387472882867, 0.030651230365, 0.0344320088625, 0.0704225599766, 0.197678789496, 0.229831025004, 0.388022482395, 0.696386098862, 0.467547416687, 0.259883254766, 0.650339841843, 0.617123007774, 0.270139187574, 0.379069387913, 0.377078294754, 0.140049487352, 0.0489601790905, 0.0476359836757, 0.0521243885159, 0.053948149085, 0.0560137741268, 0.09943549335, 0.132529631257, 0.0781108811498, 0.0238415785134, 0.0246005132794, 0.0368077680469, 0.319332152605, 0.972752511501]
    chords_key: "C"
    chords_scale: "minor"
    key_key: "C"
    key_scale: "minor"
    chords_progression: ["Cm", "Cm", "Cm", "Cm", "Cm", "Cm", "Cm", "Cm", "Cm", "Cm", "Cm", "Cm", "Cm", "Cm", "Cm", "Cm", "Cm", "Cm", "Cm", "Cm", "Cm", "Cm", "Cm", "Cm", "Cm", "Cm", "Cm", "Cm", "Cm", "Cm", "Cm", "Cm", "Cm", "Cm", "Cm", "Cm", "Cm", "Cm", "Cm", "Cm", "Cm", "Cm", "Cm", "Cm", "Cm", "Cm", "Cm", "Cm", "Cm", "Cm", "Cm", "Cm", "Cm", "Cm", "Cm", "Cm", "Cm", "Cm", "Cm", "Cm", "Cm", "Cm", "Cm", "Cm", "Cm", "Cm", "Cm", "Cm", "Cm", "Cm", "Cm", "Cm", "Cm", "Cm", "Cm", "Cm", "Cm", "Cm", "Cm", "Cm", "Cm", "Cm", "Cm", "Cm", "Cm", "Cm", "Cm", "Cm", "Cm", "Cm", "Cm", "Cm", "Cm", "Cm", "Cm", "Cm", "Cm", "Cm", "Cm", "Cm", "Cm", "C#m", "C#m", "C#m", "Cm", "Cm", "Cm", "Cm", "Cm", "Cm", "Cm", "Cm", "Cm", "Cm", "Cm", "G", "G", "G", "G", "G", "G", "G", "G", "G", "G", "G", "G", "G", "G", "G", "G", "G", "G", "G", "G", "G", "G", "G", "G", "G", "G", "G", "G", "G", "G", "G", "G", "G", "G", "G", "G", "G", "G", "C", "G", "G", "C", "C", "C", "C", "C", "C", "C", "C", "C", "C", "C", "C", "C", "C", "C", "C", "C", "C", "C", "C", "C", "C", "G", "G", "G", "G", "G", "G", "G", "G", "G", "G", "G", "G", "G", "G", "G", "G", "G", "G", "G", "G", "G", "G", "G", "G", "G", "G", "G", "G", "G", "G", "G", "G", "G", "G", "G", "G", "G", "G", "G"]
