
metadata:
    version:
        essentia: "1.2.2"
    audio_properties:
        analysis_sample_rate: 44100
        bitrate: 128
        channels: 2
        equal_loudness: 1
        length: 10.0048980713
        replay_gain: -13.6500511169
        downmix: "mix"
    tags:
        track: 10
        year: 0
        album: "Splitted by Mp3Splt v. 2.1"
        artist: "From 001.30 To 001.40"
        comment: "http://mp3splt.sf.net"
        genre: ""
        title: "08 M.O.R. [Live].mp3"

highlevel:
    ballroom:
        all:
            ChaChaCha: 0.0192122962326
            Jive: 0.90940529108
            Quickstep: 0.00881650112569
            Rumba-American: 0.000232407342992
            Rumba-International: 0.000627023982815
            Rumba-Misc: 0.000718903087545
            Samba: 0.0461854301393
            Tango: 0.000655445503071
            VienneseWaltz: 0.0134951751679
            Waltz: 0.000651520327665
        probability: 0.90940529108
        value: "Jive"
    culture:
        all:
            non_western: 0.14271903038
            western: 0.85728096962
        probability: 0.85728096962
        value: "western"
    gender:
        all:
            female: 0.0417902544141
            male: 0.958209753036
        probability: 0.958209753036
        value: "male"
    genre_dortmund:
        all:
            alternative: 0.0866509974003
            blues: 0.00874990504235
            electronic: 0.0251917485148
            folkcountry: 0.0365032739937
            funksoulrnb: 0.0207532215863
            jazz: 0.00803890358657
            pop: 0.0354145281017
            raphiphop: 0.00434897840023
            rock: 0.774348437786
        probability: 0.774348437786
        value: "rock"
    genre_electronica:
        all:
            ambient: 0.139667481184
            dnb: 0.136188700795
            house: 0.00585244223475
            techno: 0.0121409883723
            trance: 0.70615041256
        probability: 0.70615041256
        value: "trance"
    genre_rosamerica:
        all:
            cla: 0.00341818714514
            dan: 0.0112141082063
            hip: 0.00470520183444
            jaz: 0.000633386487607
            pop: 0.00269218860194
            rhy: 0.00163325853646
            roc: 0.974638223648
            spe: 0.00106541602872
        probability: 0.974638223648
        value: "roc"
    genre_tzanetakis:
        all:
            blu: 0.006163880229
            cla: 0.00842808187008
            cou: 0.0673756673932
            dis: 0.0153749492019
            hip: 0.0173902176321
            jaz: 0.0180411860347
            met: 0.566001474857
            pop: 0.0304377600551
            reg: 0.0044770874083
            roc: 0.266309678555
        probability: 0.566001474857
        value: "met"
    live_studio:
        all:
            live: 0.119307950139
            studio: 0.880692064762
        probability: 0.880692064762
        value: "studio"
    mood:
        all:
            Cluster1: 0.483934700489
            Cluster2: 0.0284414347261
            Cluster3: 0.00423051184043
            Cluster4: 0.0215972401202
            Cluster5: 0.461796104908
        probability: 0.483934700489
        value: "Cluster1"
    mood_acoustic:
        all:
            acoustic: 0.00960249546915
            not_acoustic: 0.990397512913
        probability: 0.990397512913
        value: "not_acoustic"
    mood_aggressive:
        all:
            aggressive: 0.997833609581
            not_aggressive: 0.00216638599522
        probability: 0.997833609581
        value: "aggressive"
    mood_electronic:
        all:
            electronic: 0.0404743738472
            not_electronic: 0.959525644779
        probability: 0.959525644779
        value: "not_electronic"
    mood_happy:
        all:
            happy: 0.221336200833
            not_happy: 0.778663814068
        probability: 0.778663814068
        value: "not_happy"
    mood_party:
        all:
            not_party: 0.244033411145
            party: 0.755966603756
        probability: 0.755966603756
        value: "party"
    mood_relaxed:
        all:
            not_relaxed: 0.941945433617
            relaxed: 0.0580545626581
        probability: 0.941945433617
        value: "not_relaxed"
    mood_sad:
        all:
            not_sad: 0.996820092201
            sad: 0.00317993294448
        probability: 0.996820092201
        value: "not_sad"
    rhythm:
        all:
            fast: 0.807238280773
            medium: 0.159192785621
            slow: 0.0335689410567
        probability: 0.807238280773
        value: "fast"
    speech_music:
        all:
            music: 0.997837901115
            speech: 0.00216210703366
        probability: 0.997837901115
        value: "music"
    timbre:
        all:
            bright: 0.371258318424
            dark: 0.628741681576
        probability: 0.628741681576
        value: "dark"
    voice_instrumental:
        all:
            instrumental: 0.701216220856
            voice: 0.298783749342
        probability: 0.701216220856
        value: "instrumental"

lowlevel:
    average_loudness: 0.979442536831
    barkbands_kurtosis:
        dmean: 0.398352175951
        dmean2: 0.667120933533
        dvar: 0.216320767999
        dvar2: 0.482538700104
        max: 2.09884691238
        mean: -1.08373022079
        min: -1.77656114101
        var: 0.369820266962
    barkbands_skewness:
        dmean: 0.340606898069
        dmean2: 0.544576346874
        dvar: 0.105806469917
        dvar2: 0.244911715388
        max: 1.3638433218
        mean: -0.352933198214
        min: -1.80523395538
        var: 0.224968791008
    barkbands_spread:
        dmean: 5.44049692154
        dmean2: 9.05392837524
        dvar: 20.2043762207
        dvar2: 48.4685974121
        max: 55.0013122559
        mean: 34.9088096619
        min: 18.2763328552
        var: 52.2039642334
    dissonance:
        dmean: 0.0138594061136
        dmean2: 0.0233374666423
        dvar: 0.000146992475493
        dvar2: 0.000402350589866
        max: 0.499999850988
        mean: 0.474483937025
        min: 0.403752893209
        var: 0.000228626697208
    hfc:
        dmean: 2.83151841164
        dmean2: 4.48445749283
        dvar: 10.777050972
        dvar2: 23.7284851074
        max: 41.5607681274
        mean: 12.6088676453
        min: 4.77778720856
        var: 32.7967834473
    pitch:
        dmean: 1185.63342285
        dmean2: 2331.58862305
        dvar: 2674280.25
        dvar2: 6400088.5
        max: 4410
        mean: 1813.04089355
        min: 105.250595093
        var: 3168045.75
    pitch_instantaneous_confidence:
        dmean: 0.0824608951807
        dmean2: 0.137635365129
        dvar: 0.00411681924015
        dvar2: 0.0112401563674
        max: 0.741576254368
        mean: 0.360691964626
        min: 0.153053045273
        var: 0.0120882149786
    pitch_salience:
        dmean: 0.048889040947
        dmean2: 0.0808758363128
        dvar: 0.00149693968706
        dvar2: 0.00431969482452
        max: 0.819119930267
        mean: 0.689251482487
        min: 0.462929755449
        var: 0.00340215256438
    silence_rate_20dB:
        dmean: 0
        dmean2: 0
        dvar: 0
        dvar2: 0
        max: 1
        mean: 1
        min: 1
        var: 0
    silence_rate_30dB:
        dmean: 0
        dmean2: 0
        dvar: 0
        dvar2: 0
        max: 1
        mean: 1
        min: 1
        var: 0
    silence_rate_60dB:
        dmean: 0.0255813952535
        dmean2: 0.0512820519507
        dvar: 0.0249269548804
        dvar2: 0.0579762905836
        max: 1
        mean: 0.0371229685843
        min: 0
        var: 0.0357448086143
    spectral_centroid:
        dmean: 283.639007568
        dmean2: 449.792144775
        dvar: 73708.6171875
        dvar2: 163498.453125
        max: 3640.04711914
        mean: 2148.04614258
        min: 965.734741211
        var: 159823.875
    spectral_complexity:
        dmean: 4.03037405014
        dmean2: 6.53864145279
        dvar: 13.2864532471
        dvar2: 29.7239131927
        max: 42
        mean: 22.9743595123
        min: 8
        var: 34.8082084656
    spectral_crest:
        dmean: 1.58128726482
        dmean2: 2.65104651451
        dvar: 2.29722285271
        dvar2: 6.42568445206
        max: 16.8665714264
        mean: 5.77591180801
        min: 2.81014990807
        var: 4.00914669037
    spectral_decrease:
        dmean: 2.79589906782e-10
        dmean2: 4.4613274186e-10
        dvar: 9.75294862178e-20
        dvar2: 2.39841458049e-19
        max: -4.74449979304e-10
        mean: -1.24058940898e-09
        min: -2.96126345667e-09
        var: 1.99659763927e-19
    spectral_energy:
        dmean: 0.00125546450727
        dmean2: 0.00199910416268
        dvar: 1.86835063687e-06
        dvar2: 4.50280731457e-06
        max: 0.013956730254
        mean: 0.00582593306899
        min: 0.00236197048798
        var: 4.48603668701e-06
    spectral_energyband_high:
        dmean: 0.000270608259598
        dmean2: 0.000428638013545
        dvar: 1.01675375674e-07
        dvar2: 2.231483478e-07
        max: 0.00385473179631
        mean: 0.000877951504663
        min: 0.000163192904438
        var: 2.39623460629e-07
    spectral_energyband_low:
        dmean: 0.000210225683986
        dmean2: 0.0003709323355
        dvar: 8.08980686884e-08
        dvar2: 2.12473992178e-07
        max: 0.00177242280915
        mean: 0.000242346475716
        min: 8.99147380551e-06
        var: 7.30205371724e-08
    spectral_energyband_middle_high:
        dmean: 0.000705633952748
        dmean2: 0.00112065055873
        dvar: 5.70701047309e-07
        dvar2: 1.38388963933e-06
        max: 0.00884708948433
        mean: 0.00312348129228
        min: 0.000866560905706
        var: 2.41182237914e-06
    spectral_energyband_middle_low:
        dmean: 0.000712282489985
        dmean2: 0.00118945073336
        dvar: 1.01720365819e-06
        dvar2: 2.58359000327e-06
        max: 0.00872568972409
        mean: 0.00158215221018
        min: 0.000386206171243
        var: 1.13246858291e-06
    spectral_flatness_db:
        dmean: 0.0111843729392
        dmean2: 0.0176931023598
        dvar: 6.95080307196e-05
        dvar2: 0.000191362763871
        max: 0.190875127912
        mean: 0.129322454333
        min: 0.0956179276109
        var: 0.000281580694718
    spectral_flux:
        dmean: 0.00724591175094
        dmean2: 0.011008946225
        dvar: 4.62026946479e-05
        dvar2: 0.000106548010081
        max: 0.0896438658237
        mean: 0.0489129945636
        min: 0.0251339487731
        var: 0.000156297130161
    spectral_kurtosis:
        dmean: 0.61820679903
        dmean2: 1.01544845104
        dvar: 0.366561233997
        dvar2: 0.717702031136
        max: 9.80142879486
        mean: 2.79472231865
        min: 0.402514696121
        var: 1.10323524475
    spectral_rms:
        dmean: 0.000250031327596
        dmean2: 0.000392535352148
        dvar: 6.29876311109e-08
        dvar2: 1.46009043078e-07
        max: 0.00369003019296
        mean: 0.00234783720225
        min: 0.00151801237371
        var: 1.71501156387e-07
    spectral_rolloff:
        dmean: 221.369125366
        dmean2: 356.079101562
        dvar: 59682.7070312
        dvar2: 150375.421875
        max: 4995.703125
        mean: 3965.97387695
        min: 2433.25195312
        var: 109701.867188
    spectral_skewness:
        dmean: 0.113286569715
        dmean2: 0.171048745513
        dvar: 0.0114761246368
        dvar2: 0.0207069292665
        max: 2.27057027817
        mean: 1.14324772358
        min: 0.339631229639
        var: 0.0583722256124
    spectral_spread:
        dmean: 337462.40625
        dmean2: 494412.09375
        dvar: 95375114240
        dvar2: 175984689152
        max: 7970435
        mean: 4671261
        min: 2998548.25
        var: 458484187136
    spectral_strongpeak:
        dmean: 0.64664632082
        dmean2: 1.1096817255
        dvar: 0.715140938759
        dvar2: 1.77194106579
        max: 6.40539121628
        mean: 0.8986992836
        min: 0.0313596539199
        var: 1.06795907021
    zerocrossingrate:
        dmean: 0.00758547196165
        dmean2: 0.00903834868222
        dvar: 4.89807789563e-05
        dvar2: 6.8773246312e-05
        max: 0.1806640625
        mean: 0.118810549378
        min: 0.0556640625
        var: 0.00020067942387
    barkbands:
        dmean: [1.39732392768e-07, 7.59925897e-05, 0.000149402068928, 0.000100064258731, 0.000344962754752, 0.000160254057846, 0.000121606411994, 0.000220949877985, 0.000145577505464, 0.000184311560588, 7.89815967437e-05, 8.72992968652e-05, 8.83180400706e-05, 7.62859272072e-05, 7.68321988289e-05, 0.000107500578451, 0.000168487837072, 0.000147914674017, 0.000313386670314, 0.000313813477987, 0.000127609338961, 4.43363169325e-05, 6.99245038049e-06, 2.49112304118e-06, 9.46681211644e-07, 6.57248833136e-08, 8.17935885689e-10]
        dmean2: [2.40707294097e-07, 0.000135008987854, 0.000257260777289, 0.00017224700423, 0.000585304049309, 0.000263982976321, 0.000203411051189, 0.00037684669951, 0.000245781906415, 0.000285739661194, 0.000120617172797, 0.000142277873238, 0.000143875164213, 0.000119461146824, 0.000124147292809, 0.000181525756489, 0.00027678909828, 0.000246660027187, 0.000520947214682, 0.000511330144946, 0.00020159262931, 6.74089606036e-05, 1.07985106297e-05, 3.72369254364e-06, 1.37184088089e-06, 9.65426210087e-08, 1.04320652117e-09]
        dvar: [3.73456385987e-14, 1.36746143298e-08, 3.74469451003e-08, 1.20091918632e-08, 3.4446983932e-07, 4.23084607348e-08, 2.81771299626e-08, 1.3001795196e-07, 1.23470400126e-07, 7.2862363254e-08, 3.6839793438e-08, 2.24475407151e-08, 2.28716157125e-08, 7.27682847312e-09, 1.58660888872e-08, 1.51738905885e-08, 3.36160219661e-08, 4.04551521171e-08, 1.96618998416e-07, 9.12643614015e-08, 2.71218461023e-08, 6.11439832099e-09, 3.65650093537e-10, 3.34943080216e-11, 1.75305397369e-12, 1.13288344295e-14, 1.00675900891e-16]
        dvar2: [1.01843033518e-13, 3.71005057787e-08, 9.74934124542e-08, 3.09734922155e-08, 9.14974748412e-07, 9.73208500454e-08, 6.53773994941e-08, 3.77318684741e-07, 3.51454815473e-07, 1.66167907878e-07, 7.39263867899e-08, 4.50654198403e-08, 5.36381214999e-08, 1.64573901174e-08, 3.89797918388e-08, 4.08937204099e-08, 7.88284424402e-08, 9.99268863211e-08, 5.09435949425e-07, 2.24984859187e-07, 6.00598468736e-08, 1.44562726234e-08, 7.26804505469e-10, 5.09133291082e-11, 3.37913486255e-12, 2.39026717663e-14, 1.00964388401e-16]
        max: [1.55348664066e-06, 0.000649120600428, 0.00140339788049, 0.000690122426022, 0.00546242529526, 0.00174440199044, 0.00184385152534, 0.00298245297745, 0.00474495301023, 0.00384618807584, 0.00319312699139, 0.00208911695518, 0.00221293559298, 0.00100029469468, 0.00185466022231, 0.00142929900903, 0.00216699251905, 0.00219780881889, 0.0048843906261, 0.00372794526629, 0.00164880265947, 0.00110441446304, 0.000305677589495, 0.000115309507237, 1.7082076738e-05, 1.46922070599e-06, 2.08638383015e-07]
        mean: [1.53714651674e-07, 7.11458342266e-05, 0.000171053005033, 0.000129374282551, 0.000474762142403, 0.000250445213169, 0.000213695107959, 0.000280479725916, 0.000190807986655, 0.000316014076816, 0.000146796548506, 0.000161258605658, 0.000173317181179, 0.000131087639602, 0.000147472776007, 0.000215051069972, 0.000385715073207, 0.000289978372166, 0.000765784061514, 0.00084073637845, 0.000344831118127, 0.000104487975477, 1.34247802634e-05, 5.53539666726e-06, 2.38939696828e-06, 1.40215234978e-07, 8.75069572359e-10]
        min: [4.825920219e-10, 1.59101193731e-06, 2.82557857645e-06, 8.05781610325e-08, 2.36563646467e-05, 1.26163931782e-05, 1.16977362268e-05, 7.27600217942e-06, 4.27776240031e-06, 1.07572877823e-05, 1.28638089336e-06, 3.78554818781e-06, 4.858412467e-06, 8.36720028019e-06, 1.11559047582e-05, 3.60211452062e-05, 6.70913141221e-05, 5.48878088011e-05, 0.000139998242958, 0.000245746370638, 4.71508610644e-05, 8.79646358953e-06, 7.07998651706e-07, 6.17354373844e-07, 1.0804845374e-07, 6.84969192477e-09, 3.46311060341e-13]
        var: [4.09015337333e-14, 1.03586481615e-08, 3.88023515541e-08, 1.64468421104e-08, 3.03002366309e-07, 6.11966726183e-08, 4.13823180168e-08, 1.37949768941e-07, 9.864397299e-08, 2.00382032745e-07, 1.14632150883e-07, 4.94075855784e-08, 7.23165811678e-08, 1.62295243911e-08, 3.14284385183e-08, 2.28129888313e-08, 6.04969017104e-08, 6.10219501596e-08, 6.27404801889e-07, 1.97339204533e-07, 6.33662153859e-08, 1.25451498079e-08, 5.67092928172e-10, 6.46257145021e-11, 5.18947211592e-12, 2.62258544417e-14, 1.01045233726e-16]
    mfcc:
        mean: [-666.415039062, 92.2197799683, -51.1873092651, 55.0503768921, -25.0432186127, -4.90900087357, 0.585071146488, -9.10223197937, -0.0697840452194, -5.45172452927, -5.75891447067, -3.64804673195, -3.44926691055]
        cov: [[297.989746094, -82.2790298462, 5.56867933273, -49.8243141174, -53.8909759521, 21.3574695587, -12.4739465714, 12.5480728149, -34.7935562134, 3.41398715973, 13.8381252289, -27.5118713379, -25.5223236084], [-82.2790298462, 222.968185425, -41.1308517456, 19.6278858185, 17.0962429047, -14.5369777679, 31.646856308, -10.0388593674, 16.532875061, 4.96537971497, 6.48512887955, 0.716632902622, 0.79041993618], [5.56867933273, -41.1308517456, 152.487472534, 33.2252998352, 23.8206958771, 8.75479030609, -33.0525436401, -7.28595638275, 7.51624393463, 4.29570579529, 2.38559889793, 19.0468826294, 12.8626012802], [-49.8243141174, 19.6278858185, 33.2252998352, 127.123786926, 49.7463912964, 1.25777196884, -26.5373916626, -7.40384435654, 11.0535516739, 8.97409057617, 1.93183195591, 4.93448781967, 6.9955406189], [-53.8909759521, 17.0962429047, 23.8206958771, 49.7463912964, 125.214698792, -2.44260787964, -10.5947885513, -15.1638698578, 29.6780719757, 23.0463027954, 8.63317203522, 5.48728466034, 12.5054578781], [21.3574695587, -14.5369777679, 8.75479030609, 1.25777196884, -2.44260787964, 80.6083450317, 41.4356117249, 21.1245937347, -4.76628494263, -2.45498919487, 11.6305246353, 16.8587799072, -0.499553978443], [-12.4739465714, 31.646856308, -33.0525436401, -26.5373916626, -10.5947885513, 41.4356117249, 114.361244202, 43.9165306091, 3.47428846359, -22.4228420258, 1.32153248787, 8.43010616302, 6.11198759079], [12.5480728149, -10.0388593674, -7.28595638275, -7.40384435654, -15.1638698578, 21.1245937347, 43.9165306091, 63.340259552, 2.83385968208, -5.68049526215, 0.608756661415, 2.56196117401, -1.69173252583], [-34.7935562134, 16.532875061, 7.51624393463, 11.0535516739, 29.6780719757, -4.76628494263, 3.47428846359, 2.83385968208, 58.1803207397, 22.3196640015, 6.77330684662, 3.12098240852, 4.75454139709], [3.41398715973, 4.96537971497, 4.29570579529, 8.97409057617, 23.0463027954, -2.45498919487, -22.4228420258, -5.68049526215, 22.3196640015, 59.689289093, 24.5698013306, 1.53631138802, -3.74254059792], [13.8381252289, 6.48512887955, 2.38559889793, 1.93183195591, 8.63317203522, 11.6305246353, 1.32153248787, 0.608756661415, 6.77330684662, 24.5698013306, 49.9044647217, 19.3029670715, 2.08873486519], [-27.5118713379, 0.716632902622, 19.0468826294, 4.93448781967, 5.48728466034, 16.8587799072, 8.43010616302, 2.56196117401, 3.12098240852, 1.53631138802, 19.3029670715, 50.5730476379, 16.4216442108], [-25.5223236084, 0.79041993618, 12.8626012802, 6.9955406189, 12.5054578781, -0.499553978443, 6.11198759079, -1.69173252583, 4.75454139709, -3.74254059792, 2.08873486519, 16.4216442108, 42.0702629089]]
        icov: [[0.00517185498029, 0.00122832797933, -0.000715527741704, 0.00144031899981, 0.00108747649938, -0.00157843064517, 0.000908443820663, -0.00081234035315, 0.00205439166166, -0.000289153627818, -0.00317976134829, 0.00402064668015, 0.00091766071273], [0.00122832797933, 0.00600136816502, 0.00106509984471, -0.00136309955269, 0.000318203587085, 0.00179632147774, -0.00326857948676, 0.0023912389297, -0.000445850368124, -0.000748032063711, -0.00127525243443, 0.000334646640113, 0.000947730382904], [-0.000715527741704, 0.00106509984471, 0.00861395522952, -0.00146161683369, -0.000930124777369, -0.00154373759869, 0.00295531516895, -0.000384897139156, -0.00160339463037, 0.00101784593426, 0.00118863768876, -0.0032452668529, -0.00155187537894], [0.00144031899981, -0.00136309955269, -0.00146161683369, 0.0110776079819, -0.00355079304427, -0.00246839504689, 0.0043162656948, -0.00237015099265, 0.000408789608628, 0.00113682274241, -0.000538470107131, 0.00121699948795, -0.000585325411521], [0.00108747649938, 0.000318203587085, -0.000930124777369, -0.00355079304427, 0.0117743657902, -0.000238142485614, -0.00150811800268, 0.00304618827067, -0.00344308605418, -0.00290736509487, -0.000700105098076, 0.00140538450796, -0.00201595923863], [-0.00157843064517, 0.00179632147774, -0.00154373759869, -0.00246839504689, -0.000238142485614, 0.0194462295622, -0.00892530661076, -0.000198400768568, 0.00247523002326, -0.00220171548426, -0.00102939794306, -0.00579087622464, 0.00331741850823], [0.000908443820663, -0.00326857948676, 0.00295531516895, 0.0043162656948, -0.00150811800268, -0.00892530661076, 0.0206354930997, -0.010803940706, -0.00302171870135, 0.00801877211779, -0.00201425724663, 0.00105404690839, -0.00335541507229], [-0.00081234035315, 0.0023912389297, -0.000384897139156, -0.00237015099265, 0.00304618827067, -0.000198400768568, -0.010803940706, 0.0242555215955, -0.00217057485133, -0.00219875015318, 0.00106433138717, -0.000594820245169, 0.00184022344183], [0.00205439166166, -0.000445850368124, -0.00160339463037, 0.000408789608628, -0.00344308605418, 0.00247523002326, -0.00302171870135, -0.00217057485133, 0.0245036352426, -0.00951323937625, 0.000848534051329, 0.00056116329506, -0.000795214553364], [-0.000289153627818, -0.000748032063711, 0.00101784593426, 0.00113682274241, -0.00290736509487, -0.00220171548426, 0.00801877211779, -0.00219875015318, -0.00951323937625, 0.0297228936106, -0.0138737056404, 0.00352823873982, 0.00195395783521], [-0.00317976134829, -0.00127525243443, 0.00118863768876, -0.000538470107131, -0.000700105098076, -0.00102939794306, -0.00201425724663, 0.00106433138717, 0.000848534051329, -0.0138737056404, 0.0336016714573, -0.0141464686021, 0.000875905621797], [0.00402064668015, 0.000334646640113, -0.0032452668529, 0.00121699948795, 0.00140538450796, -0.00579087622464, 0.00105404690839, -0.000594820245169, 0.00056116329506, 0.00352823873982, -0.0141464686021, 0.0329905003309, -0.00936550367624], [0.00091766071273, 0.000947730382904, -0.00155187537894, -0.000585325411521, -0.00201595923863, 0.00331741850823, -0.00335541507229, 0.00184022344183, -0.000795214553364, 0.00195395783521, 0.000875905621797, -0.00936550367624, 0.0299564991146]]
    spectral_contrast:
        mean: [-1.49719326714e-07, -1.83094982731e-07, -1.82437190688e-07, -2.74299452485e-07, -1.47726424871e-07, -5.08862498805e-08, -2.02672296723e-07, -2.24246846869e-07, 1.16652825e-06, -2.83434680171e-08, 3.05539811052e-06, -4.40296304305e-07]
        var: [0.00039887893945, 0.000797224696726, 0.00105345260818, 0.00196021585725, 0.00244906917214, 0.0033356086351, 0.0286571960896, 0.0528773292899, 0.111231826246, 0.117753900588, 0.209148734808, 0.239812642336]

rhythm:
    beats_loudness:
        dmean: 0.00205665035173
        dmean2: 0.00323916855268
        dvar: 1.61908769769e-06
        dvar2: 3.68536666429e-06
        max: 0.01092553325
        mean: 0.00625982647762
        min: 0.00358761963435
        var: 3.83810538551e-06
    beats_loudness_bass:
        dmean: 0.043896291405
        dmean2: 0.0780317112803
        dvar: 0.00232975091785
        dvar2: 0.00582256354392
        max: 0.176330238581
        mean: 0.0480450689793
        min: 0.0113262720406
        var: 0.00201568799093
    bpm: 119.467536926
    bpm_confidence: 0
    first_peak_bpm: 119
    first_peak_spread: 0
    first_peak_weight: 0.555555582047
    onset_rate: 3.1984333992
    second_peak_bpm: 125
    second_peak_spread: 0
    second_peak_weight: 0.388888895512
    beats_position: [0.29536819458, 0.79761326313, 1.29985845089, 1.80210351944, 2.30434846878, 2.80659365654, 3.3088388443, 3.81108403206, 4.31332921982, 4.815574646, 5.31782007217, 6.11863946915, 6.59674310684, 7.07484674454, 7.55295038223, 8.03105449677, 8.50915813446, 8.98726177216, 9.46536540985]
    bpm_estimates: [118.968643188, 120.441596985, 118.992378235]
    bpm_intervals: [0.50224506855, 0.502245187759, 0.50224506855, 0.502244949341, 0.502245187759, 0.502245187759, 0.502245187759, 0.502245187759, 0.502245426178, 0.502245426178, 0.800819396973, 0.478103637695, 0.478103637695, 0.478103637695, 0.478104114532, 0.478103637695, 0.478103637695, 0.478103637695]
    onset_times: [0.0580498874187, 0.301859408617, 0.673378705978, 0.859138309956, 1.03328800201, 1.2190476656, 1.25387752056, 1.71827661991, 2.32199549675, 2.64707493782, 3.21596360207, 3.42494320869, 3.45977330208, 3.80807256699, 3.95900225639, 4.29569149017, 4.7020406723, 4.87619066238, 5.0387301445, 5.74693870544, 6.52480745316, 6.8963265419, 7.07047605515, 7.2910656929, 7.4303855896, 8.0224943161, 8.45206356049, 8.82358264923, 9.2067117691, 9.39247131348, 9.6014509201, 9.98458003998]
    rubato_start: []
    rubato_stop: []
    perceptual_tempo: "unknown"

sfx:
    inharmonicity:
        dmean: 0.062816388905
        dmean2: 0.108116060495
        dvar: 0.0036334937904
        dvar2: 0.0110145919025
        max: 0.353823363781
        mean: 0.075220040977
        min: 0
        var: 0.00386870931834
    oddtoevenharmonicenergyratio:
        dmean: 1.59670031071
        dmean2: 2.95981860161
        dvar: 13.0745668411
        dvar2: 36.8053474426
        max: 37.0299987793
        mean: 1.26219761372
        min: 0
        var: 9.1059217453
    pitch_after_max_to_before_max_energy_ratio: 3.24137854576
    pitch_centroid: 236.078689575
    pitch_max_to_total: 0.265734255314
    pitch_min_to_total: 0.477855473757
    tristimulus:
        dmean: [0.16896237433, 0.260514438152, 0.192268818617]
        dmean2: [0.295683801174, 0.457026064396, 0.333588957787]
        dvar: [0.0224358793348, 0.0453383810818, 0.0220449864864]
        dvar2: [0.0655267834663, 0.135628029704, 0.064933411777]
        max: [1, 0.955642819405, 0.731922745705]
        mean: [0.25949344039, 0.458930015564, 0.223807618022]
        min: [0.00455487845466, 0, 0]
        var: [0.0262694079429, 0.0544761568308, 0.0313846506178]

tonal:
    chords_changes_rate: 0.0462962947786
    chords_number_rate: 0.0277777779847
    chords_strength:
        dmean: 0.0117990514264
        dmean2: 0.0117511050776
        dvar: 9.30430469452e-05
        dvar2: 0.000100407363789
        max: 0.770428061485
        mean: 0.556357860565
        min: 0.322616368532
        var: 0.0104247294366
    key_strength: 0.577190756798
    tuning_diatonic_strength: 0.706782758236
    tuning_equal_tempered_deviation: 0.110005617142
    tuning_frequency: 439.238189697
    tuning_nontempered_energy_ratio: 0.809969186783
    hpcp:
        dmean: [0.247968509793, 0.230667963624, 0.195235237479, 0.179690942168, 0.197554349899, 0.201444864273, 0.222530931234, 0.198550492525, 0.165727630258, 0.154414534569, 0.141474917531, 0.159205168486, 0.182989999652, 0.184603750706, 0.192357957363, 0.201484188437, 0.197652667761, 0.184954315424, 0.154592633247, 0.131619855762, 0.137757211924, 0.180467799306, 0.154738426208, 0.111716911197, 0.100187435746, 0.0985788628459, 0.117729872465, 0.125356286764, 0.104413643479, 0.135317444801, 0.168565273285, 0.169007375836, 0.15307469666, 0.181997835636, 0.214050978422, 0.219971984625]
        dmean2: [0.421642482281, 0.38595148921, 0.322018444538, 0.295411765575, 0.335247993469, 0.34466958046, 0.381626546383, 0.329711675644, 0.278057694435, 0.247012153268, 0.238555446267, 0.272273600101, 0.298017710447, 0.309285491705, 0.324396431446, 0.345335632563, 0.339689105749, 0.309555739164, 0.267381459475, 0.223907098174, 0.238494545221, 0.303425908089, 0.255714923143, 0.188261240721, 0.176925271749, 0.16525734961, 0.19155164063, 0.206482186913, 0.170865133405, 0.220541536808, 0.278804570436, 0.302490055561, 0.272277772427, 0.303070545197, 0.369893908501, 0.380689829588]
        dvar: [0.0484034866095, 0.0382224470377, 0.0316904038191, 0.0276795141399, 0.038802895695, 0.0380579940975, 0.0456040129066, 0.0302378367633, 0.0221689399332, 0.0226264540106, 0.02180852741, 0.0216738767922, 0.02584387362, 0.0298798140138, 0.0376566536725, 0.0354780703783, 0.0421042479575, 0.0362640209496, 0.0263704694808, 0.0224154740572, 0.0211961232126, 0.029978249222, 0.0234566293657, 0.0190949011594, 0.0135229276493, 0.01585624367, 0.0197489019483, 0.0186871103942, 0.0137859834358, 0.0209211353213, 0.0276154670864, 0.0331924036145, 0.0273838862777, 0.0351196452975, 0.0455263368785, 0.0321098603308]
        dvar2: [0.114957720041, 0.0937279388309, 0.0894265025854, 0.0702992603183, 0.0997943133116, 0.100958704948, 0.114327549934, 0.0801189020276, 0.0569202415645, 0.0649210736156, 0.0610105395317, 0.0591597557068, 0.0714566037059, 0.0678857266903, 0.0938623175025, 0.0994703024626, 0.117632471025, 0.107809901237, 0.0690411701798, 0.0541760995984, 0.0492961369455, 0.0762874335051, 0.0576414652169, 0.0512409061193, 0.0308918710798, 0.0415403135121, 0.0483534745872, 0.0451935268939, 0.0334464758635, 0.0522502996027, 0.0708085298538, 0.0976848900318, 0.0701499059796, 0.0878503248096, 0.112703152001, 0.0849413573742]
        max: [1, 1, 1, 1, 1, 1, 1, 1, 1, 1, 1, 1, 1, 1, 1, 1, 1, 1, 1, 1, 1, 1, 1, 1, 0.912698805332, 1, 1, 1, 1, 1, 1, 1, 1, 1, 1, 1]
        mean: [0.543951272964, 0.487174987793, 0.344866603613, 0.3208745718, 0.316455215216, 0.367688030005, 0.418898999691, 0.378515303135, 0.333913207054, 0.310714781284, 0.262095779181, 0.281979203224, 0.351908862591, 0.355374008417, 0.364802330732, 0.380929917097, 0.3427079916, 0.302248448133, 0.252400159836, 0.22212305665, 0.270441442728, 0.336179703474, 0.273233652115, 0.171798110008, 0.151636317372, 0.150937646627, 0.172619715333, 0.188582509756, 0.1682728827, 0.216117992997, 0.306419610977, 0.293362498283, 0.255088359118, 0.305481165648, 0.364788234234, 0.424418509007]
        min: [0.0655944943428, 0.059662874788, 0.059620834887, 0.034412138164, 0.0268596932292, 0.0474844798446, 0.0213696323335, 0.0368671193719, 0.0273021645844, 0.0226129628718, 0.0195927880704, 0.0434849075973, 0.0496513657272, 0.0368900820613, 0.0428523980081, 0.0155333429575, 0.0186899676919, 0.0333207212389, 0.0367781482637, 0.0281987339258, 0.0277689788491, 0.0343509986997, 0.0116339707747, 0.0123239010572, 0.0135569004342, 0.00937087088823, 0.00611003069207, 0.00427820719779, 0.0118293454871, 0.0265923198313, 0.0228096321225, 0.0245093852282, 0.022273639217, 0.0355603396893, 0.0317708179355, 0.0503675155342]
        var: [0.102095663548, 0.0772633478045, 0.0481072366238, 0.0456238314509, 0.0503274910152, 0.0620176717639, 0.0820574462414, 0.057253126055, 0.0465137958527, 0.0425231866539, 0.0328423343599, 0.0326096601784, 0.0429920516908, 0.0566656365991, 0.0641706585884, 0.0637675523758, 0.0599408298731, 0.0458529889584, 0.0322317890823, 0.0354782529175, 0.0517956577241, 0.05969600752, 0.0411485135555, 0.0232859384269, 0.019260847941, 0.0189212467521, 0.0294474270195, 0.0349471308291, 0.0228099897504, 0.0337906740606, 0.0651030242443, 0.0599351711571, 0.0487125888467, 0.0592196956277, 0.0780920982361, 0.0634313672781]
    chords_histogram: [6.94444465637, 0, 56.944442749, 2.77777767181, 0, 0, 0, 0, 0, 0, 0, 0, 0, 0, 0, 0, 0, 0, 0, 1.38888883591, 0, 2.31481480598, 29.6296291351, 0]
    thpcp: [1, 0.895622491837, 0.634002745152, 0.589895784855, 0.581771254539, 0.675957679749, 0.770103931427, 0.695862531662, 0.61386603117, 0.571218013763, 0.481836885214, 0.518390536308, 0.646949231625, 0.65331953764, 0.67065256834, 0.700301527977, 0.630034387112, 0.555653512478, 0.464012444019, 0.408351033926, 0.497179538012, 0.618032753468, 0.502312719822, 0.315833628178, 0.278768211603, 0.277483761311, 0.317344069481, 0.346690088511, 0.309352874756, 0.397311300039, 0.563321828842, 0.53931760788, 0.468954443932, 0.561596572399, 0.670626699924, 0.780250966549]
    chords_key: "A"
    chords_scale: "major"
    key_key: "D"
    key_scale: "major"
    chords_progression: ["C#m", "C#m", "C#m", "C#m", "C#m", "C#m", "A", "A", "A", "A", "A", "A", "A", "A", "A", "A", "A", "A", "A", "A", "A", "A", "A", "A", "A", "A", "A", "A", "A", "A", "A", "A", "A", "A", "A", "A", "A", "A", "A", "A", "A", "A", "A", "A", "A", "A", "A", "A", "A", "A", "A", "A", "A", "A", "A", "A", "A", "A", "A", "A", "A", "A", "A", "D", "D", "A", "A", "A", "A", "A", "A", "A", "A", "A", "D", "D", "D", "D", "D", "D", "D", "D", "D", "D", "D", "D", "D", "G", "G", "G", "G", "G", "G", "G", "G", "G", "G", "G", "G", "G", "G", "G", "G", "G", "G", "G", "G", "G", "G", "G", "G", "G", "G", "G", "G", "G", "G", "G", "G", "G", "G", "G", "G", "G", "G", "G", "G", "G", "G", "G", "G", "G", "G", "G", "G", "G", "G", "G", "G", "G", "G", "G", "G", "G", "G", "G", "G", "G", "G", "Em", "G", "G", "Em", "Em", "Em", "Em", "Am", "Am", "Am", "A", "A", "A", "A", "A", "A", "A", "A", "A", "A", "A", "A", "A", "A", "A", "A", "A", "A", "A", "A", "A", "A", "A", "A", "A", "A", "A", "A", "A", "A", "A", "A", "A", "A", "A", "A", "A", "A", "A", "A", "A", "A", "A", "A", "A", "A", "A", "A", "A", "A", "A", "A", "A", "A", "A", "A", "A"]
