
metadata:
    version:
        essentia: "1.2.2"
    audio_properties:
        analysis_sample_rate: 44100
        bitrate: 128
        channels: 2
        equal_loudness: 1
        length: 10.0832653046
        replay_gain: -10.8497886658
        downmix: "mix"
    tags:
        track: 2
        year: 0
        album: "Splitted by Mp3Splt v. 2.1"
        artist: "From 000.10 To 000.20"
        comment: "http://mp3splt.sf.net"
        genre: ""
        title: "08 Yesterday, When I Was Mad ["

highlevel:
    ballroom:
        all:
            ChaChaCha: 0.808911859989
            Jive: 0.0792590528727
            Quickstep: 0.00262648728676
            Rumba-American: 0.000210072365007
            Rumba-International: 0.0002778058697
            Rumba-Misc: 0.000172167594428
            Samba: 0.108202576637
            Tango: 0.000120813478134
            VienneseWaltz: 0.000100928336906
            Waltz: 0.000118219293654
        probability: 0.808911859989
        value: "ChaChaCha"
    culture:
        all:
            non_western: 0.950472414494
            western: 0.0495276078582
        probability: 0.950472414494
        value: "non_western"
    gender:
        all:
            female: 0.604278385639
            male: 0.395721614361
        probability: 0.604278385639
        value: "female"
    genre_dortmund:
        all:
            alternative: 0.00288645480759
            blues: 0.00289276312105
            electronic: 0.698651790619
            folkcountry: 0.00100636424031
            funksoulrnb: 0.0111673679203
            jazz: 0.0395705960691
            pop: 0.00546539528295
            raphiphop: 0.223647296429
            rock: 0.014711977914
        probability: 0.698651790619
        value: "electronic"
    genre_electronica:
        all:
            ambient: 0.222002446651
            dnb: 0.199866250157
            house: 0.244392693043
            techno: 0.291167795658
            trance: 0.0425708144903
        probability: 0.291167795658
        value: "techno"
    genre_rosamerica:
        all:
            cla: 0.0038762614131
            dan: 0.0834882706404
            hip: 0.858612656593
            jaz: 0.00487541686743
            pop: 0.0260366052389
            rhy: 0.0144875785336
            roc: 0.00357694504783
            spe: 0.00504628894851
        probability: 0.858612656593
        value: "hip"
    genre_tzanetakis:
        all:
            blu: 0.00977171864361
            cla: 0.0129834441468
            cou: 0.00668655242771
            dis: 0.0281776208431
            hip: 0.224653050303
            jaz: 0.0100489985198
            met: 0.0277115609497
            pop: 0.465624421835
            reg: 0.183344349265
            roc: 0.030998269096
        probability: 0.465624421835
        value: "pop"
    live_studio:
        all:
            live: 0.0127371512353
            studio: 0.987262845039
        probability: 0.987262845039
        value: "studio"
    mood:
        all:
            Cluster1: 0.227089375257
            Cluster2: 0.147048458457
            Cluster3: 0.0200719796121
            Cluster4: 0.192336961627
            Cluster5: 0.413453221321
        probability: 0.413453221321
        value: "Cluster5"
    mood_acoustic:
        all:
            acoustic: 0.0200530514121
            not_acoustic: 0.97994697094
        probability: 0.97994697094
        value: "not_acoustic"
    mood_aggressive:
        all:
            aggressive: 0.526016294956
            not_aggressive: 0.473983705044
        probability: 0.526016294956
        value: "aggressive"
    mood_electronic:
        all:
            electronic: 0.967225909233
            not_electronic: 0.0327740684152
        probability: 0.967225909233
        value: "electronic"
    mood_happy:
        all:
            happy: 0.0885266885161
            not_happy: 0.911473333836
        probability: 0.911473333836
        value: "not_happy"
    mood_party:
        all:
            not_party: 0.0346349179745
            party: 0.965365111828
        probability: 0.965365111828
        value: "party"
    mood_relaxed:
        all:
            not_relaxed: 0.549800515175
            relaxed: 0.450199455023
        probability: 0.549800515175
        value: "not_relaxed"
    mood_sad:
        all:
            not_sad: 0.996327161789
            sad: 0.00367284473032
        probability: 0.996327161789
        value: "not_sad"
    rhythm:
        all:
            fast: 0.1409817487
            medium: 0.803339004517
            slow: 0.0556792765856
        probability: 0.803339004517
        value: "medium"
    speech_music:
        all:
            music: 0.0851677954197
            speech: 0.914832234383
        probability: 0.914832234383
        value: "speech"
    timbre:
        all:
            bright: 0.542257487774
            dark: 0.457742512226
        probability: 0.542257487774
        value: "bright"
    voice_instrumental:
        all:
            instrumental: 0.311008125544
            voice: 0.688991904259
        probability: 0.688991904259
        value: "voice"

lowlevel:
    average_loudness: 0.980259299278
    barkbands_kurtosis:
        dmean: 3.88783621788
        dmean2: 5.96228790283
        dvar: 17.2903766632
        dvar2: 41.7945823669
        max: 40.653755188
        mean: 4.03287124634
        min: -1.93494868279
        var: 38.0803222656
    barkbands_skewness:
        dmean: 0.926590681076
        dmean2: 1.31560814381
        dvar: 0.734124183655
        dvar2: 1.56861889362
        max: 5.01639413834
        mean: -1.2563586235
        min: -5.01117372513
        var: 2.84166622162
    barkbands_spread:
        dmean: 9.58943080902
        dmean2: 15.0661201477
        dvar: 83.5736846924
        dvar2: 216.006744385
        max: 74.7744369507
        mean: 25.6722011566
        min: 2.49357485771
        var: 214.810745239
    dissonance:
        dmean: 0.0172075424343
        dmean2: 0.0271897632629
        dvar: 0.000678697775584
        dvar2: 0.00159932125825
        max: 0.499990522861
        mean: 0.476963192225
        min: 0.259385317564
        var: 0.000949832960032
    hfc:
        dmean: 4.39813899994
        dmean2: 7.20034217834
        dvar: 96.2717971802
        dvar2: 267.656646729
        max: 64.5471420288
        mean: 5.45060777664
        min: 0.00494998414069
        var: 81.4460296631
    pitch:
        dmean: 868.465820312
        dmean2: 1605.69348145
        dvar: 1600545
        dvar2: 3483414.5
        max: 5512.5
        mean: 3144.95605469
        min: 110.804023743
        var: 2362669.5
    pitch_instantaneous_confidence:
        dmean: 0.103160046041
        dmean2: 0.15658095479
        dvar: 0.00696947798133
        dvar2: 0.0134151084349
        max: 0.946903467178
        mean: 0.528324723244
        min: 0.182927668095
        var: 0.0213913712651
    pitch_salience:
        dmean: 0.0887793153524
        dmean2: 0.14126868546
        dvar: 0.00727710127831
        dvar2: 0.017329191789
        max: 0.911466419697
        mean: 0.665259540081
        min: 0.277585148811
        var: 0.0151331014931
    silence_rate_20dB:
        dmean: 0
        dmean2: 0
        dvar: 0
        dvar2: 0
        max: 1
        mean: 1
        min: 1
        var: 0
    silence_rate_30dB:
        dmean: 0
        dmean2: 0
        dvar: 0
        dvar2: 0
        max: 1
        mean: 1
        min: 1
        var: 0
    silence_rate_60dB:
        dmean: 0.148491874337
        dmean2: 0.297674417496
        dvar: 0.126441553235
        dvar2: 0.223017722368
        max: 1
        mean: 0.821759283543
        min: 0
        var: 0.14647051692
    spectral_centroid:
        dmean: 573.390136719
        dmean2: 815.25402832
        dvar: 433436.8125
        dvar2: 822828.4375
        max: 6267.17626953
        mean: 3035.90576172
        min: 321.835449219
        var: 1327543.5
    spectral_complexity:
        dmean: 3.61971831322
        dmean2: 5.29176473618
        dvar: 39.8366508484
        dvar2: 90.3948898315
        max: 40
        mean: 4.66744709015
        min: 0
        var: 56.3765106201
    spectral_crest:
        dmean: 3.06274151802
        dmean2: 4.83076906204
        dvar: 8.98624229431
        dvar2: 19.6030521393
        max: 23.7011451721
        mean: 9.9428062439
        min: 3.65374088287
        var: 18.3879909515
    spectral_decrease:
        dmean: 4.2785242016e-10
        dmean2: 7.41806227555e-10
        dvar: 1.23640516295e-18
        dvar2: 3.46171177925e-18
        max: -3.38878122612e-13
        mean: -4.06586875279e-10
        min: -7.81305509179e-09
        var: 8.12595091908e-19
    spectral_energy:
        dmean: 0.00200215587392
        dmean2: 0.00344149116427
        dvar: 2.31208305195e-05
        dvar2: 6.44272950012e-05
        max: 0.031003979966
        mean: 0.00202893954702
        min: 1.88271269508e-06
        var: 1.60260060511e-05
    spectral_energyband_high:
        dmean: 0.000346028304193
        dmean2: 0.000514259038027
        dvar: 3.15784632221e-07
        dvar2: 7.10147219252e-07
        max: 0.00364790251479
        mean: 0.000570440199226
        min: 8.24335089078e-08
        var: 5.92419780787e-07
    spectral_energyband_low:
        dmean: 2.58819600276e-05
        dmean2: 4.24361569458e-05
        dvar: 6.82255052453e-09
        dvar2: 1.24587202777e-08
        max: 0.000921794096939
        mean: 3.6827124859e-05
        min: 3.59121909987e-09
        var: 9.47018374831e-09
    spectral_energyband_middle_high:
        dmean: 0.000915093871299
        dmean2: 0.00160091277212
        dvar: 6.35129572402e-06
        dvar2: 1.77873207576e-05
        max: 0.0154042327777
        mean: 0.000836550723761
        min: 6.23162463853e-07
        var: 4.30064665125e-06
    spectral_energyband_middle_low:
        dmean: 0.000815747771412
        dmean2: 0.00148693297524
        dvar: 1.22280252981e-05
        dvar2: 3.48253270204e-05
        max: 0.028092103079
        mean: 0.00058505841298
        min: 3.52064368769e-08
        var: 7.05698403181e-06
    spectral_flatness_db:
        dmean: 0.029159642756
        dmean2: 0.0421194508672
        dvar: 0.000615335593466
        dvar2: 0.00127551308833
        max: 0.36249896884
        mean: 0.173431381583
        min: 0.066961504519
        var: 0.00238511851057
    spectral_flux:
        dmean: 0.0141669167206
        dmean2: 0.0231383219361
        dvar: 0.000610840099398
        dvar2: 0.00116443482693
        max: 0.161917090416
        mean: 0.0302270203829
        min: 0.00141524290666
        var: 0.000892984913662
    spectral_kurtosis:
        dmean: 1.49341833591
        dmean2: 2.20047688484
        dvar: 3.5297267437
        dvar2: 7.28547430038
        max: 20.5475482941
        mean: 2.94457411766
        min: -1.16972529888
        var: 8.83497333527
    spectral_rms:
        dmean: 0.000487519835588
        dmean2: 0.000749626429752
        dvar: 7.04705598764e-07
        dvar2: 1.79961148206e-06
        max: 0.00549979880452
        mean: 0.00107492145617
        min: 4.28578205174e-05
        var: 8.23997197585e-07
    spectral_rolloff:
        dmean: 747.798278809
        dmean2: 1170.29101562
        dvar: 1092916.125
        dvar2: 2538065.25
        max: 9453.07617188
        mean: 4360.34667969
        min: 258.3984375
        var: 2128320.75
    spectral_skewness:
        dmean: 0.270120710135
        dmean2: 0.398325830698
        dvar: 0.068271920085
        dvar2: 0.137866914272
        max: 3.46305060387
        mean: 1.06208717823
        min: -0.158307522535
        var: 0.267161548138
    spectral_spread:
        dmean: 1228253.25
        dmean2: 1753019.75
        dvar: 1.86907007386e+12
        dvar2: 3.46692281958e+12
        max: 21108696
        mean: 5739715
        min: 2146618.25
        var: 4.58044945203e+12
    spectral_strongpeak:
        dmean: 0.671784937382
        dmean2: 1.11352074146
        dvar: 0.916720449924
        dvar2: 1.99891459942
        max: 8.04522609711
        mean: 0.861523807049
        min: 0.00291016907431
        var: 1.39619326591
    zerocrossingrate:
        dmean: 0.019638992846
        dmean2: 0.0199724268168
        dvar: 0.000376611395041
        dvar2: 0.000428398983786
        max: 0.27294921875
        mean: 0.150502696633
        min: 0.021484375
        var: 0.00228994502686
    barkbands:
        dmean: [6.29559735899e-07, 1.10694463729e-05, 2.1413414288e-05, 0.000153906526975, 0.00057176023256, 9.52758273343e-05, 1.7035379642e-05, 2.07372941077e-05, 2.50080975093e-05, 1.10293949547e-05, 1.52511847773e-05, 3.5245790059e-05, 1.30559938043e-05, 8.1235448306e-06, 4.73730506201e-05, 4.34544490417e-05, 9.46252257563e-05, 0.000219474939513, 0.000280359468888, 0.000362565246178, 0.000166311321664, 4.96143657074e-05, 1.65116689459e-05, 3.72669296667e-06, 6.40703092358e-06, 1.33704122618e-06, 1.74980407941e-09]
        dmean2: [9.07853745957e-07, 1.71672108991e-05, 3.43045139743e-05, 0.000290529627819, 0.00107020954601, 0.000171716426848, 3.05787580146e-05, 3.32206691382e-05, 4.11681794503e-05, 1.99940077437e-05, 2.56571238424e-05, 6.09657654422e-05, 2.347177724e-05, 1.3637966731e-05, 8.38218693389e-05, 7.33853667043e-05, 0.000164744138601, 0.000396907678805, 0.000502847135067, 0.000567684939597, 0.00027402487467, 7.32790140319e-05, 2.23131391976e-05, 5.23611970493e-06, 9.90829994407e-06, 2.39293149207e-06, 2.65846589187e-09]
        dvar: [2.26943529073e-12, 5.73709024732e-10, 6.65060806426e-09, 4.8668727004e-07, 7.38497647035e-06, 1.0241294035e-07, 3.68626085212e-09, 1.9423860298e-09, 3.01295344229e-09, 1.50248535835e-09, 1.2196653687e-09, 1.11788329704e-08, 1.12107512162e-09, 2.99700958495e-10, 1.64376707801e-08, 8.86672335554e-09, 5.91349724743e-08, 4.54578497511e-07, 5.19443517533e-07, 5.33723039098e-07, 1.33825665216e-07, 6.7561285455e-09, 7.09272029997e-10, 1.3207011873e-10, 2.39641723132e-10, 1.06759445034e-11, 5.00572754905e-16]
        dvar2: [5.41699801335e-12, 1.32012434317e-09, 1.32917836737e-08, 1.38573250297e-06, 2.14207630052e-05, 2.96124454735e-07, 1.07149515927e-08, 4.78317829788e-09, 7.76114994494e-09, 4.41346648117e-09, 3.11471515246e-09, 2.95946325224e-08, 3.06842129483e-09, 7.21068316167e-10, 4.45378987024e-08, 2.29306191812e-08, 1.64177464512e-07, 1.307751063e-06, 1.47549769736e-06, 1.36300286613e-06, 3.49791264398e-07, 1.50876555693e-08, 1.56052915035e-09, 2.68893934896e-10, 4.27257978997e-10, 2.96078682405e-11, 1.25688572065e-15]
        max: [1.08294516394e-05, 0.000213656021515, 0.000914569129236, 0.0072163073346, 0.0234187841415, 0.00276066083461, 0.000554188562091, 0.000355154828867, 0.000420015858253, 0.00037886435166, 0.000195959859411, 0.000598709331825, 0.000179737136932, 0.000104107093648, 0.000732556451112, 0.000580380146857, 0.00157698965631, 0.00415485166013, 0.0046727671288, 0.00516297016293, 0.0022457910236, 0.000789107696619, 0.000174417393282, 0.000122185243526, 0.000135980837513, 1.59081919264e-05, 3.30559629447e-07]
        mean: [1.40537338211e-06, 1.63917520695e-05, 1.90939135791e-05, 9.38405355555e-05, 0.000368683016859, 6.32045848761e-05, 1.43339148053e-05, 1.84908039955e-05, 2.46935887844e-05, 9.48997967498e-06, 1.28805268105e-05, 2.51798610407e-05, 9.32675538934e-06, 7.66324592405e-06, 3.49514339177e-05, 4.01628531108e-05, 7.7683966083e-05, 0.000165585050127, 0.000250325072557, 0.000458737718873, 0.000219175912207, 6.29291171208e-05, 2.16692151298e-05, 4.81284178022e-06, 7.30224064682e-06, 9.25715426092e-07, 1.02208619346e-09]
        min: [1.10930518243e-11, 5.53878554133e-10, 2.47863241043e-09, 3.08899905654e-10, 1.8346903996e-09, 5.93395194093e-11, 5.08908359897e-10, 5.14013942521e-10, 9.10386099839e-10, 9.27564525188e-10, 8.70169158951e-10, 4.07079481235e-09, 2.12032724711e-09, 9.27325993771e-10, 6.65850485859e-09, 1.86790405365e-08, 2.72937974444e-08, 5.72047795799e-08, 4.83941313689e-08, 5.32621733385e-08, 3.52607330001e-08, 5.73460923192e-09, 1.50801227061e-09, 9.62045887398e-10, 8.21374523952e-10, 1.09962518258e-10, 8.61383311684e-14]
        var: [3.79366286649e-12, 9.53957912664e-10, 7.18179871129e-09, 2.79132819969e-07, 4.06055642088e-06, 5.77846073213e-08, 2.09991846134e-09, 1.98098892845e-09, 2.99784086444e-09, 8.14325773479e-10, 9.98087057447e-10, 7.96814880744e-09, 7.23118120938e-10, 2.67535910092e-10, 1.09599662679e-08, 7.42294492539e-09, 3.90759424818e-08, 2.74768012787e-07, 3.46820030472e-07, 6.88114653258e-07, 1.31995761876e-07, 1.01476143044e-08, 1.14296394571e-09, 1.87418427999e-10, 3.68107405668e-10, 6.94447537669e-12, 2.55116582834e-16]
    mfcc:
        mean: [-825.431396484, 39.600643158, -37.5568237305, 63.621131897, -21.0389404297, -3.85510635376, 3.70501875877, 3.02916502953, 5.44200706482, -3.37326431274, -6.57265138626, -6.63511896133, 0.471909880638]
        cov: [[10659.2548828, -925.743164062, 795.951965332, 1216.00646973, 450.104400635, 569.630187988, -138.375839233, -811.822937012, -784.042785645, -348.799957275, -446.004211426, -346.674194336, -152.582351685], [-925.743164062, 2160.83398438, -678.959960938, -256.550689697, -268.569519043, -511.405212402, -121.984634399, -51.5182189941, -22.2505645752, 68.0652999878, 16.5221271515, 26.7538719177, -2.40621566772], [795.951965332, -678.959960938, 961.812194824, 141.025695801, 232.10848999, 195.814163208, 86.278213501, 21.3349342346, 63.7557373047, 66.464515686, 44.0405387878, -39.6103820801, -48.8120956421], [1216.00646973, -256.550689697, 141.025695801, 785.107177734, 362.341217041, 222.485717773, 120.988708496, -200.651107788, -140.490814209, -73.2136383057, -239.676849365, -61.2909088135, 33.1492233276], [450.104400635, -268.569519043, 232.10848999, 362.341217041, 472.669677734, 239.514816284, 132.350372314, -67.9216308594, -50.3930244446, -46.9200744629, -88.3896179199, -36.1805419922, 17.9362106323], [569.630187988, -511.405212402, 195.814163208, 222.485717773, 239.514816284, 456.467956543, 173.20324707, 44.4289016724, -86.3359527588, -1.74775874615, 6.14860582352, -20.5981941223, 11.2213039398], [-138.375839233, -121.984634399, 86.278213501, 120.988708496, 132.350372314, 173.20324707, 242.030914307, 90.2587585449, 33.9499511719, 51.9444580078, 6.59030151367, -1.52399241924, 35.9698104858], [-811.822937012, -51.5182189941, 21.3349342346, -200.651107788, -67.9216308594, 44.4289016724, 90.2587585449, 258.86505127, 146.749847412, 109.887138367, 135.792129517, 48.2958068848, 12.3741312027], [-784.042785645, -22.2505645752, 63.7557373047, -140.490814209, -50.3930244446, -86.3359527588, 33.9499511719, 146.749847412, 307.757110596, 175.681716919, 111.440910339, 115.093704224, 25.4832382202], [-348.799957275, 68.0652999878, 66.464515686, -73.2136383057, -46.9200744629, -1.74775874615, 51.9444580078, 109.887138367, 175.681716919, 234.149719238, 155.080841064, 91.731338501, 23.1597251892], [-446.004211426, 16.5221271515, 44.0405387878, -239.676849365, -88.3896179199, 6.14860582352, 6.59030151367, 135.792129517, 111.440910339, 155.080841064, 246.359863281, 85.3388900757, 7.84568834305], [-346.674194336, 26.7538719177, -39.6103820801, -61.2909088135, -36.1805419922, -20.5981941223, -1.52399241924, 48.2958068848, 115.093704224, 91.731338501, 85.3388900757, 131.438598633, 49.807762146], [-152.582351685, -2.40621566772, -48.8120956421, 33.1492233276, 17.9362106323, 11.2213039398, 35.9698104858, 12.3741312027, 25.4832382202, 23.1597251892, 7.84568834305, 49.807762146, 76.7911071777]]
        icov: [[0.000170875733602, 8.6308691607e-06, -0.000120305900055, -0.000153503890033, 0.000151826665387, -0.000204049050808, 0.000119397664093, 0.000398110772949, 0.000185217271792, -0.000114848669909, -3.25035252899e-05, 0.000101752091723, 0.000114361573651], [8.6308691607e-06, 0.000936971220654, 0.000516787578817, 0.000212400555029, -0.000428424886195, 0.00130951497704, -0.000482156232465, -8.97562349564e-05, 0.00117835146375, -0.00127896200866, 0.000333505391609, -0.000401957397116, 0.00065366725903], [-0.000120305900055, 0.000516787578817, 0.00182888912968, 9.96040907921e-05, -0.000866591348313, 0.000371525122318, -0.000246291601798, 4.72670799354e-05, -0.000415674730903, -0.000735142501071, -0.000463575852336, 0.000744610384572, 0.00107660552021], [-0.000153503890033, 0.000212400555029, 9.96040907921e-05, 0.00399543251842, -0.00173283531331, -0.000313831231324, -0.000872967764735, 0.00127829227131, 0.00112739333417, -0.00284592155367, 0.00386610464193, -0.000810025958344, -0.000691684545018], [0.000151826665387, -0.000428424886195, -0.000866591348313, -0.00173283531331, 0.00498125981539, -0.0022277822718, -0.00079911906505, 0.00171810341999, -0.00206371303648, 0.00247548590414, -0.00126129295677, 0.00102027750108, -0.000849688192829], [-0.000204049050808, 0.00130951497704, 0.000371525122318, -0.000313831231324, -0.0022277822718, 0.00711603835225, -0.00288923014887, -0.00271945423447, 0.00453157490119, -0.00166689173784, -0.000345996348187, -0.00274502369575, 0.00209400779568], [0.000119397664093, -0.000482156232465, -0.000246291601798, -0.000872967764735, -0.00079911906505, -0.00288923014887, 0.0092265130952, -0.00308196991682, -0.000982171623036, -0.00152141961735, 0.00105732120574, 0.00335247791372, -0.00427160644904], [0.000398110772949, -8.97562349564e-05, 4.72670799354e-05, 0.00127829227131, 0.00171810341999, -0.00271945423447, -0.00308196991682, 0.0112763019279, -0.00445608608425, 0.00102766114287, -0.00312972068787, 0.00297130271792, -0.000549535790924], [0.000185217271792, 0.00117835146375, -0.000415674730903, 0.00112739333417, -0.00206371303648, 0.00453157490119, -0.000982171623036, -0.00445608608425, 0.0129430536181, -0.00774434488267, 0.00466653797776, -0.00777667528018, 0.00325975753367], [-0.000114848669909, -0.00127896200866, -0.000735142501071, -0.00284592155367, 0.00247548590414, -0.00166689173784, -0.00152141961735, 0.00102766114287, -0.00774434488267, 0.0157802477479, -0.00883596763015, 0.000210929574678, -0.000717913324479], [-3.25035252899e-05, 0.000333505391609, -0.000463575852336, 0.00386610464193, -0.00126129295677, -0.000345996348187, 0.00105732120574, -0.00312972068787, 0.00466653797776, -0.00883596763015, 0.014425936155, -0.00563461147249, 0.00163357332349], [0.000101752091723, -0.000401957397116, 0.000744610384572, -0.000810025958344, 0.00102027750108, -0.00274502369575, 0.00335247791372, 0.00297130271792, -0.00777667528018, 0.000210929574678, -0.00563461147249, 0.0213237591088, -0.0116118639708], [0.000114361573651, 0.00065366725903, 0.00107660552021, -0.000691684545018, -0.000849688192829, 0.00209400779568, -0.00427160644904, -0.000549535790924, 0.00325975753367, -0.000717913324479, 0.00163357332349, -0.0116118639708, 0.0227343533188]]
    spectral_contrast:
        mean: [-5.77114640521e-08, 5.03045043843e-07, 9.48509537579e-08, -4.10932443629e-07, -4.20264228751e-07, 3.81462740506e-07, -1.75240450062e-06, -8.16876763565e-07, -4.67624268197e-08, -6.65743391437e-06, -4.60030605609e-06, -2.43332124228e-06]
        var: [0.000778263842221, 0.000886327587068, 0.00175290624611, 0.0020080874674, 0.00680966302752, 0.00867054332048, 0.0896235778928, 0.210900872946, 0.355373203754, 0.674628138542, 1.1042432785, 5.67339420319]

rhythm:
    beats_loudness:
        dmean: 0.00214593904093
        dmean2: 0.00436532404274
        dvar: 3.95950280563e-07
        dvar2: 8.56016413309e-07
        max: 0.00405788654462
        mean: 0.00261881481856
        min: 0.000999577343464
        var: 1.28443298308e-06
    beats_loudness_bass:
        dmean: 0.119996421039
        dmean2: 0.217790842056
        dvar: 0.0134844258428
        dvar2: 0.0336877144873
        max: 0.351962298155
        mean: 0.0748584568501
        min: 0.000746306206565
        var: 0.0109935216606
    bpm: 112.117912292
    bpm_confidence: 0
    first_peak_bpm: 109
    first_peak_spread: 0
    first_peak_weight: 0.647058844566
    onset_rate: 4.56201410294
    second_peak_bpm: 114
    second_peak_spread: 0
    second_peak_weight: 0.352941185236
    beats_position: [0.247317925096, 0.79778522253, 1.34825253487, 1.89871990681, 2.44918727875, 2.99965453148, 3.55012178421, 4.10058927536, 4.65105628967, 5.20152378082, 5.75199127197, 6.30546760559, 6.83289670944, 7.36032581329, 7.88775587082, 8.41518497467, 8.94261455536, 9.47004413605]
    bpm_estimates: [109.014289856, 109.200050354, 109.37664032, 109.390182495, 113.696632385, 113.610122681, 113.958824158, 113.789726257, 113.746032715, 113.700813293, 113.813728333]
    bpm_intervals: [0.550467312336, 0.550467312336, 0.550467371941, 0.550467371941, 0.550467252731, 0.550467252731, 0.55046749115, 0.550467014313, 0.55046749115, 0.55046749115, 0.553476333618, 0.527429103851, 0.527429103851, 0.527430057526, 0.527429103851, 0.527429580688, 0.527429580688]
    onset_times: [0.0464399084449, 0.220589563251, 0.49922901392, 0.801088452339, 0.952018141747, 1.06811785698, 1.30031740665, 1.34675741196, 1.63700675964, 1.764716506, 2.19428563118, 2.46131515503, 2.71673464775, 3.03020405769, 3.22757363319, 3.28562355042, 3.5758728981, 3.85451245308, 4.00544214249, 4.28408145905, 4.41179132462, 4.67882108688, 4.95746040344, 5.23609972, 5.38702964783, 5.50312948227, 5.73532867432, 6.06040811539, 6.18811798096, 6.40870761871, 6.58285713196, 6.8382768631, 7.10530614853, 7.2910656929, 7.38394546509, 7.63936519623, 7.90639448166, 8.17342376709, 8.32435417175, 8.59138298035, 8.70748329163, 8.97451210022, 9.24154186249, 9.50857162476, 9.78721046448, 10.0194101334]
    rubato_start: []
    rubato_stop: []
    perceptual_tempo: "unknown"

sfx:
    inharmonicity:
        dmean: 0.0784820616245
        dmean2: 0.139676526189
        dvar: 0.00559233222157
        dvar2: 0.0159192848951
        max: 0.436044335365
        mean: 0.0839831978083
        min: 0
        var: 0.006053972058
    oddtoevenharmonicenergyratio:
        dmean: 55.0162811279
        dmean2: 108.056533813
        dvar: 224446.546875
        dvar2: 671969.5
        max: 6863.71826172
        mean: 29.1182937622
        min: 0
        var: 113064.15625
    pitch_after_max_to_before_max_energy_ratio: 4.3181271553
    pitch_centroid: 222.733108521
    pitch_max_to_total: 0.196721315384
    pitch_min_to_total: 0.786885261536
    tristimulus:
        dmean: [0.208167642355, 0.354019492865, 0.252889424562]
        dmean2: [0.374929308891, 0.634887039661, 0.459432452917]
        dvar: [0.053257457912, 0.0723626688123, 0.0534176006913]
        dvar2: [0.139126315713, 0.200904116035, 0.135243475437]
        max: [1, 0.991293668747, 0.922440826893]
        mean: [0.207548454404, 0.463237553835, 0.239425987005]
        min: [0.00160117656924, 0, 0]
        var: [0.0607085488737, 0.0988044887781, 0.0647928416729]

tonal:
    chords_changes_rate: 0.142857149243
    chords_number_rate: 0.0506912432611
    chords_strength:
        dmean: 0.0171853452921
        dmean2: 0.0240607801825
        dvar: 0.000182842282811
        dvar2: 0.000352861476131
        max: 0.548493146896
        mean: 0.397132515907
        min: 0.267252713442
        var: 0.00285858823918
    key_strength: 0.191012889147
    tuning_diatonic_strength: 0.321669012308
    tuning_equal_tempered_deviation: 0.25341501832
    tuning_frequency: 456.306610107
    tuning_nontempered_energy_ratio: 0.896966874599
    hpcp:
        dmean: [0.230359956622, 0.238567009568, 0.244571328163, 0.240701809525, 0.239186674356, 0.237525820732, 0.255522251129, 0.235337853432, 0.259914278984, 0.234981253743, 0.192412480712, 0.199681580067, 0.247210636735, 0.226816341281, 0.206664085388, 0.250838458538, 0.242861002684, 0.174726366997, 0.146921411157, 0.144097536802, 0.123183496296, 0.120436035097, 0.121883779764, 0.128016158938, 0.157055035233, 0.184821978211, 0.18203009665, 0.160880982876, 0.155188068748, 0.183955833316, 0.177328571677, 0.18572922051, 0.205140814185, 0.247159734368, 0.281328350306, 0.273577362299]
        dmean2: [0.385086387396, 0.38905480504, 0.405073553324, 0.420572906733, 0.402858585119, 0.366178721189, 0.406814068556, 0.379003733397, 0.426484584808, 0.387664675713, 0.308086127043, 0.331687957048, 0.418871432543, 0.381707698107, 0.34803506732, 0.433888286352, 0.428364425898, 0.310979872942, 0.254576563835, 0.243937149644, 0.216257363558, 0.203604981303, 0.208098843694, 0.21396060288, 0.269082844257, 0.320896834135, 0.305230259895, 0.272855788469, 0.27251958847, 0.33249899745, 0.296668112278, 0.318823695183, 0.35841307044, 0.435202687979, 0.481597334146, 0.46074578166]
        dvar: [0.0420169755816, 0.05678980425, 0.0560427717865, 0.0462316535413, 0.0482258796692, 0.0401577651501, 0.0498242378235, 0.0471143573523, 0.0518520399928, 0.0515978299081, 0.0402498729527, 0.0359052009881, 0.0549711696804, 0.0417586527765, 0.0367992781103, 0.0590738914907, 0.0595260448754, 0.0474660210311, 0.033952396363, 0.0287938956171, 0.0234084762633, 0.0270306095481, 0.0227219313383, 0.0200718734413, 0.0352506637573, 0.032418012619, 0.0348761379719, 0.0311606768519, 0.0249681901187, 0.0387719944119, 0.0310090053827, 0.0456790588796, 0.0425504632294, 0.0568758994341, 0.0590156279504, 0.0617039427161]
        dvar2: [0.103909686208, 0.110511519015, 0.102705009282, 0.113201797009, 0.124852441251, 0.101544067264, 0.106592774391, 0.108480773866, 0.117116704583, 0.106573708355, 0.0918564125896, 0.0878764539957, 0.153279721737, 0.109688326716, 0.101553343236, 0.159125000238, 0.152234792709, 0.134002268314, 0.0874891579151, 0.0757935345173, 0.0632639750838, 0.0802704021335, 0.0569344907999, 0.0511841103435, 0.0997590348125, 0.0883950144053, 0.092501424253, 0.0794452726841, 0.0686716139317, 0.106072276831, 0.0741878151894, 0.12222212553, 0.112212628126, 0.158219888806, 0.170866221189, 0.183332666755]
        max: [1, 1, 1, 1, 1, 1, 1, 1, 1, 1, 1, 1, 1, 1, 1, 1, 1, 1, 1, 1, 0.936861395836, 1, 1, 1, 1, 1, 0.996622920036, 1, 1, 1, 1, 1, 1, 1, 1, 1]
        mean: [0.326001107693, 0.342252463102, 0.37075817585, 0.37804454565, 0.362526446581, 0.335579514503, 0.342575699091, 0.360801458359, 0.369959294796, 0.333970606327, 0.273551642895, 0.289477109909, 0.349085330963, 0.315468788147, 0.265762776136, 0.303178012371, 0.288702517748, 0.18975931406, 0.157081022859, 0.162524700165, 0.144987478852, 0.133587256074, 0.134998843074, 0.143430307508, 0.161526024342, 0.194777131081, 0.204702824354, 0.180666536093, 0.16610147059, 0.1888307482, 0.222118154168, 0.231724590063, 0.24973936379, 0.30937308073, 0.389018476009, 0.385750174522]
        min: [0, 0.00245348946191, 0.00283734221011, 0.00279088784009, 0.00293786893599, 0.00411982834339, 0.00187008094508, 0.00341046485119, 0.00255327159539, 0.00147488736548, 0.00240750727244, 0.00189051486086, 0.00178203184623, 0.0038738262374, 0.00316143292002, 0.00446940585971, 0.00392892723903, 0, 0.00415934901685, 0.00274745374918, 0.00437638536096, 0.00390959251672, 0, 0.000957683951128, 0.00110769283492, 0.00175407051574, 0.00150698656216, 0, 0.00152950116899, 0.00165703741368, 0.00209680316038, 0.00271361833438, 0.00111046119127, 0.00126703153364, 0.00170507852454, 0.0035149960313]
        var: [0.0661473795772, 0.0921376720071, 0.102020561695, 0.0866705626249, 0.0898905619979, 0.0647510737181, 0.0871535539627, 0.0821121484041, 0.0938207581639, 0.0917054191232, 0.0665125921369, 0.0580905787647, 0.0817386806011, 0.06143681705, 0.0522624738514, 0.0804078057408, 0.0770500525832, 0.0443260520697, 0.0348518304527, 0.0296024791896, 0.0223957598209, 0.0233821626753, 0.0264133475721, 0.0256586428732, 0.0334678851068, 0.0362437963486, 0.0460964329541, 0.0397495403886, 0.0294868424535, 0.0436520017684, 0.0450988151133, 0.0471855886281, 0.0474231243134, 0.0630996078253, 0.0858768522739, 0.0958737134933]
    chords_histogram: [0, 9.67741966248, 0, 0, 0, 19.354839325, 0, 5.5299539566, 5.0691242218, 1.38248848915, 0, 0, 0, 0, 0, 1.38248848915, 1.84331798553, 20.2764968872, 18.8940086365, 14.2857141495, 0, 0, 0, 2.30414748192]
    thpcp: [1, 0.99159860611, 0.838009297848, 0.879784584045, 0.953060567379, 0.971790730953, 0.931900322437, 0.862631320953, 0.880615472794, 0.927466154099, 0.951007008553, 0.858495473862, 0.703184187412, 0.744121730328, 0.897348999977, 0.810935258865, 0.683162331581, 0.779340922832, 0.742130577564, 0.487789988518, 0.403788089752, 0.417781442404, 0.372700750828, 0.343395650387, 0.347024232149, 0.368697941303, 0.415214270353, 0.500688612461, 0.526203334332, 0.464416325092, 0.426975786686, 0.485403031111, 0.570970714092, 0.595664739609, 0.641973018646, 0.7952657938]
    chords_key: "C#"
    chords_scale: "minor"
    key_key: "C#"
    key_scale: "major"
    chords_progression: ["A", "A", "A", "A", "A#m", "A#m", "A#m", "A#m", "A#m", "F", "F", "F", "Am", "Am", "Am", "F", "F", "F", "F", "F", "F", "F", "F#m", "F#m", "Fm", "F", "F#m", "Fm", "Fm", "Fm", "Fm", "Fm", "Fm", "Fm", "Fm", "Fm", "Fm", "Fm", "Fm", "Fm", "G#m", "Fm", "Fm", "Fm", "Fm", "Fm", "Fm", "Fm", "G#m", "G#m", "G#m", "G#m", "G#m", "G#m", "G#m", "G#m", "G#m", "G#m", "G#m", "G#m", "G#m", "Dm", "Dm", "Dm", "Gm", "Gm", "Gm", "Gm", "Gm", "Gm", "Gm", "Gm", "Dm", "Dm", "Dm", "Dm", "Dm", "Dm", "Gm", "Gm", "Gm", "Gm", "Gm", "Gm", "Gm", "Gm", "Gm", "Gm", "Gm", "Gm", "Gm", "Gm", "Gm", "Gm", "Gm", "Gm", "Gm", "Gm", "Gm", "Gm", "Gm", "Gm", "Gm", "Gm", "Gm", "Gm", "Gm", "Gm", "Gm", "Gm", "Gm", "Gm", "G#m", "E", "E", "E", "E", "E", "E", "E", "E", "E", "E", "E", "E", "E", "E", "E", "E", "E", "E", "E", "E", "E", "E", "E", "E", "E", "E", "E", "E", "C#m", "C#m", "C#m", "C#m", "E", "C#m", "C#m", "C#m", "C#m", "C#m", "C#m", "C#m", "C#m", "C#m", "C#m", "C#m", "C#m", "C#m", "C#m", "C#m", "C#m", "C#m", "C#m", "C#m", "C#m", "C#m", "Dm", "Dm", "Dm", "C#m", "C#m", "C#m", "C#m", "C#m", "C#m", "C#m", "C#m", "C#m", "C#m", "C#m", "C#m", "C#m", "C#m", "C#m", "C#m", "C#m", "C#m", "C#m", "G#m", "G#m", "G#m", "E", "G#m", "G#m", "G#m", "G#m", "G#m", "G#m", "G#m", "G#m", "E", "G#m", "G#m", "E", "E", "E", "E", "G#m", "G#m", "G#m", "E", "E", "E", "E", "E", "E"]
