
metadata:
    version:
        essentia: "1.2.2"
    audio_properties:
        analysis_sample_rate: 44100
        bitrate: 128
        channels: 2
        equal_loudness: 1
        length: 10.0310201645
        replay_gain: -12.4673118591
        downmix: "mix"
    tags:
        track: 28
        year: 0
        album: "Splitted by Mp3Splt v. 2.1"
        artist: "From 004.30 To 004.40"
        comment: "http://mp3splt.sf.net"
        genre: ""
        title: "04 Deadbeat.mp3"

highlevel:
    ballroom:
        all:
            ChaChaCha: 0.749511539936
            Jive: 0.123105831444
            Quickstep: 0.0458607748151
            Rumba-American: 0.00236265431158
            Rumba-International: 0.00937861669809
            Rumba-Misc: 0.0036884045694
            Samba: 0.0321442037821
            Tango: 0.0209224615246
            VienneseWaltz: 0.00320390774868
            Waltz: 0.00982160307467
        probability: 0.749511539936
        value: "ChaChaCha"
    culture:
        all:
            non_western: 0.130411118269
            western: 0.869588911533
        probability: 0.869588911533
        value: "western"
    gender:
        all:
            female: 0.367694318295
            male: 0.632305681705
        probability: 0.632305681705
        value: "male"
    genre_dortmund:
        all:
            alternative: 0.0706041827798
            blues: 0.0196551699191
            electronic: 0.358807235956
            folkcountry: 0.0345564782619
            funksoulrnb: 0.0681081339717
            jazz: 0.0697225034237
            pop: 0.025186130777
            raphiphop: 0.0193334314972
            rock: 0.3340267241
        probability: 0.358807235956
        value: "electronic"
    genre_electronica:
        all:
            ambient: 0.4968290627
            dnb: 0.328669130802
            house: 0.0738970115781
            techno: 0.078721165657
            trance: 0.0218836162239
        probability: 0.4968290627
        value: "ambient"
    genre_rosamerica:
        all:
            cla: 0.362679928541
            dan: 0.0433729328215
            hip: 0.13682821393
            jaz: 0.0169139131904
            pop: 0.0512201189995
            rhy: 0.0211971104145
            roc: 0.326224595308
            spe: 0.0415632016957
        probability: 0.362679928541
        value: "cla"
    genre_tzanetakis:
        all:
            blu: 0.0321948267519
            cla: 0.15593264997
            cou: 0.0241261105984
            dis: 0.148923277855
            hip: 0.0641265511513
            jaz: 0.0274834372103
            met: 0.0487892217934
            pop: 0.0974523946643
            reg: 0.224131047726
            roc: 0.176840484142
        probability: 0.224131047726
        value: "reg"
    live_studio:
        all:
            live: 0.444388568401
            studio: 0.555611431599
        probability: 0.555611431599
        value: "studio"
    mood:
        all:
            Cluster1: 0.144212573767
            Cluster2: 0.0514914616942
            Cluster3: 0.0235566012561
            Cluster4: 0.0334561727941
            Cluster5: 0.747283160686
        probability: 0.747283160686
        value: "Cluster5"
    mood_acoustic:
        all:
            acoustic: 0.134817168117
            not_acoustic: 0.865182816982
        probability: 0.865182816982
        value: "not_acoustic"
    mood_aggressive:
        all:
            aggressive: 0.927105247974
            not_aggressive: 0.0728947371244
        probability: 0.927105247974
        value: "aggressive"
    mood_electronic:
        all:
            electronic: 0.826916873455
            not_electronic: 0.173083111644
        probability: 0.826916873455
        value: "electronic"
    mood_happy:
        all:
            happy: 0.0828037559986
            not_happy: 0.917196273804
        probability: 0.917196273804
        value: "not_happy"
    mood_party:
        all:
            not_party: 0.173648878932
            party: 0.826351106167
        probability: 0.826351106167
        value: "party"
    mood_relaxed:
        all:
            not_relaxed: 0.417687445879
            relaxed: 0.582312583923
        probability: 0.582312583923
        value: "relaxed"
    mood_sad:
        all:
            not_sad: 0.980873584747
            sad: 0.0191264022142
        probability: 0.980873584747
        value: "not_sad"
    rhythm:
        all:
            fast: 0.571067869663
            medium: 0.406286507845
            slow: 0.0226456485689
        probability: 0.571067869663
        value: "fast"
    speech_music:
        all:
            music: 0.199990689754
            speech: 0.800009310246
        probability: 0.800009310246
        value: "speech"
    timbre:
        all:
            bright: 0.147640377283
            dark: 0.852359592915
        probability: 0.852359592915
        value: "dark"
    voice_instrumental:
        all:
            instrumental: 0.951974034309
            voice: 0.0480259843171
        probability: 0.951974034309
        value: "instrumental"

lowlevel:
    average_loudness: 0.121818862855
    barkbands_kurtosis:
        dmean: 1.73190331459
        dmean2: 2.92549872398
        dvar: 4.38926696777
        dvar2: 12.46870327
        max: 29.8648033142
        mean: 2.57472610474
        min: -1.85252344608
        var: 25.8826980591
    barkbands_skewness:
        dmean: 0.439425945282
        dmean2: 0.731851756573
        dvar: 0.114010117948
        dvar2: 0.347707182169
        max: 4.5647354126
        mean: 0.321491062641
        min: -3.26466393471
        var: 1.83425819874
    barkbands_spread:
        dmean: 2.77488636971
        dmean2: 4.54864120483
        dvar: 12.6149740219
        dvar2: 32.747505188
        max: 47.4103775024
        mean: 15.9868049622
        min: 1.29506623745
        var: 205.855712891
    dissonance:
        dmean: 0.0379215814173
        dmean2: 0.0642179474235
        dvar: 0.00184411637019
        dvar2: 0.00540931802243
        max: 0.499982506037
        mean: 0.43960416317
        min: 0.193452060223
        var: 0.00365892308764
    hfc:
        dmean: 1.57462489605
        dmean2: 2.46105027199
        dvar: 13.077755928
        dvar2: 30.2141571045
        max: 45.4023780823
        mean: 5.8252158165
        min: 0.00122437416576
        var: 75.7615737915
    pitch:
        dmean: 711.09197998
        dmean2: 1360.50366211
        dvar: 1428136
        dvar2: 3954029
        max: 4410
        mean: 1393.69628906
        min: 55.8227844238
        var: 2598446.25
    pitch_instantaneous_confidence:
        dmean: 0.0798940435052
        dmean2: 0.135605588555
        dvar: 0.00454917550087
        dvar2: 0.0127524938434
        max: 0.753746747971
        mean: 0.376448631287
        min: 0.175775110722
        var: 0.015352406539
    pitch_salience:
        dmean: 0.0621117204428
        dmean2: 0.104626826942
        dvar: 0.00327401119284
        dvar2: 0.00903058983386
        max: 0.888529539108
        mean: 0.715974926949
        min: 0.356624782085
        var: 0.00490549113601
    silence_rate_20dB:
        dmean: 0
        dmean2: 0
        dvar: 0
        dvar2: 0
        max: 1
        mean: 1
        min: 1
        var: 0
    silence_rate_30dB:
        dmean: 0
        dmean2: 0
        dvar: 0
        dvar2: 0
        max: 1
        mean: 1
        min: 1
        var: 0
    silence_rate_60dB:
        dmean: 0.00930232554674
        dmean2: 0.0186480190605
        dvar: 0.00921580474824
        dvar2: 0.0183001626283
        max: 1
        mean: 0.651972174644
        min: 0
        var: 0.226905092597
    spectral_centroid:
        dmean: 132.234893799
        dmean2: 217.053359985
        dvar: 22974.8007812
        dvar2: 57015.7070312
        max: 3638.21655273
        mean: 1377.16711426
        min: 301.798126221
        var: 1070056.75
    spectral_complexity:
        dmean: 1.75352108479
        dmean2: 2.59999990463
        dvar: 10.0730886459
        dvar2: 21.2139701843
        max: 44
        mean: 10.4496488571
        min: 0
        var: 202.350540161
    spectral_crest:
        dmean: 2.08521795273
        dmean2: 3.49691915512
        dvar: 3.7266805172
        dvar2: 11.0466356277
        max: 21.6473560333
        mean: 8.21879673004
        min: 2.83548378944
        var: 10.1994504929
    spectral_decrease:
        dmean: 1.12832874988e-10
        dmean2: 1.71514455416e-10
        dvar: 5.64171363585e-20
        dvar2: 1.31537485526e-19
        max: -7.58847140941e-13
        mean: -5.02182961881e-10
        min: -3.18917381392e-09
        var: 5.05852635933e-19
    spectral_energy:
        dmean: 0.000552627723664
        dmean2: 0.000849863223266
        dvar: 1.44849605022e-06
        dvar2: 3.3487563087e-06
        max: 0.0157996807247
        mean: 0.00242371927015
        min: 2.97634574054e-06
        var: 1.19540845844e-05
    spectral_energyband_high:
        dmean: 0.00011144628661
        dmean2: 0.000176648245542
        dvar: 9.41911508789e-08
        dvar2: 2.01496078489e-07
        max: 0.00503475312144
        mean: 0.0003127126256
        min: 6.85383361176e-10
        var: 2.9524949241e-07
    spectral_energyband_low:
        dmean: 2.29374563787e-05
        dmean2: 3.73038492398e-05
        dvar: 3.20415649568e-09
        dvar2: 8.4187155025e-09
        max: 0.000549718970433
        mean: 3.27584566548e-05
        min: 4.04100664042e-09
        var: 5.12217956938e-09
    spectral_energyband_middle_high:
        dmean: 0.000402971287258
        dmean2: 0.000629484246019
        dvar: 8.21747732971e-07
        dvar2: 2.09033464671e-06
        max: 0.0125866364688
        mean: 0.00156010012142
        min: 2.74013043366e-08
        var: 5.37433288628e-06
    spectral_energyband_middle_low:
        dmean: 0.000176955800271
        dmean2: 0.000273683137493
        dvar: 1.13692841808e-07
        dvar2: 2.88039927909e-07
        max: 0.00369792524725
        mean: 0.000518144632224
        min: 2.85311512016e-06
        var: 5.76253398776e-07
    spectral_flatness_db:
        dmean: 0.0165816508234
        dmean2: 0.028091583401
        dvar: 0.000164541634149
        dvar2: 0.00047617033124
        max: 0.434837698936
        mean: 0.254249155521
        min: 0.0960897803307
        var: 0.0115344207734
    spectral_flux:
        dmean: 0.00257395277731
        dmean2: 0.00381241738796
        dvar: 1.85790431715e-05
        dvar2: 3.77527685487e-05
        max: 0.0839504003525
        mean: 0.0208935197443
        min: 0.000711003202014
        var: 0.000551530858502
    spectral_kurtosis:
        dmean: 7.60969114304
        dmean2: 13.1302595139
        dvar: 130.031723022
        dvar2: 401.933074951
        max: 136.017318726
        mean: 34.2522659302
        min: 0.097270488739
        var: 1579.71850586
    spectral_rms:
        dmean: 0.000117046794912
        dmean2: 0.000179290407686
        dvar: 4.1236233983e-08
        dvar2: 9.0196920155e-08
        max: 0.00392610765994
        mean: 0.00103161809966
        min: 5.38864733244e-05
        var: 1.30036573864e-06
    spectral_rolloff:
        dmean: 150.732315063
        dmean2: 262.65423584
        dvar: 100337.539062
        dvar2: 306641.96875
        max: 5167.96875
        mean: 2185.39086914
        min: 322.998046875
        var: 2883775
    spectral_skewness:
        dmean: 0.416379064322
        dmean2: 0.719710350037
        dvar: 0.255282133818
        dvar2: 0.783123254776
        max: 9.75116729736
        mean: 3.76686167717
        min: 0.386993080378
        var: 9.21841239929
    spectral_spread:
        dmean: 252287.40625
        dmean2: 428647.03125
        dvar: 43680669696
        dvar2: 123507064832
        max: 5982305
        mean: 2909759.5
        min: 693125.5625
        var: 2.50375962624e+12
    spectral_strongpeak:
        dmean: 0.360615462065
        dmean2: 0.624386787415
        dvar: 0.458895713091
        dvar2: 1.22125160694
        max: 5.15334606171
        mean: 0.426185905933
        min: 0.002390938811
        var: 0.640605390072
    zerocrossingrate:
        dmean: 0.00381799251772
        dmean2: 0.00482536759228
        dvar: 1.72137188201e-05
        dvar2: 2.50379252975e-05
        max: 0.18017578125
        mean: 0.0727298930287
        min: 0.01416015625
        var: 0.00289009651169
    barkbands:
        dmean: [2.27442896517e-07, 1.33870653372e-05, 1.67319831235e-05, 2.22684175242e-05, 9.15372438612e-05, 8.48477575346e-05, 4.21294535045e-05, 2.83241370198e-05, 3.1107403629e-05, 2.85928254016e-05, 2.86798222078e-05, 2.81078464468e-05, 2.96518392133e-05, 1.66799345607e-05, 4.88425830554e-05, 6.6757449531e-05, 0.000135725160362, 0.00019027441158, 0.000136201226269, 0.000127718740259, 4.74245207442e-05, 1.72882755578e-05, 2.48423066296e-06, 7.0147069664e-07, 3.30100164092e-07, 1.4840210838e-08, 1.14329497258e-10]
        dmean2: [2.3165027585e-07, 1.94986896531e-05, 3.01534637401e-05, 3.85106359317e-05, 0.00015210948186, 0.000137371287565, 6.64979961584e-05, 4.5974542445e-05, 4.61464696855e-05, 4.3165851821e-05, 4.31308835687e-05, 4.68856851512e-05, 5.0343292969e-05, 2.64019781753e-05, 7.96413150965e-05, 0.00011592386727, 0.000216573549551, 0.000334626121912, 0.000217238193727, 0.000201957809622, 7.79684414738e-05, 2.9437669582e-05, 3.86702231481e-06, 1.07238577129e-06, 4.54960172647e-07, 2.30093046838e-08, 2.07286438014e-10]
        dvar: [2.89354965769e-13, 1.24596033491e-09, 2.17772178068e-09, 2.4050141878e-09, 4.17289136578e-08, 3.84951199806e-08, 1.32200153047e-08, 6.63127019962e-09, 3.87216347875e-09, 3.65664587498e-09, 4.13939504895e-09, 1.21186252144e-08, 4.88491913586e-09, 1.30900323914e-09, 1.23907479832e-08, 2.02863024157e-08, 7.93188092985e-08, 3.022367423e-07, 6.54977085901e-08, 1.0031808273e-07, 1.23202905655e-08, 2.07903760874e-09, 5.48728389116e-11, 1.97793083995e-12, 5.23147768595e-13, 1.10176730647e-15, 1.00237617382e-19]
        dvar2: [2.90900767017e-13, 2.63359178909e-09, 6.52187770456e-09, 5.99665739287e-09, 1.09387471525e-07, 1.01496766547e-07, 3.25784377253e-08, 1.29824551109e-08, 8.62893489995e-09, 8.22435808345e-09, 1.02107806654e-08, 3.96658990098e-08, 1.15802976097e-08, 3.26151683439e-09, 3.12449905948e-08, 5.97878226927e-08, 1.90882744278e-07, 8.81352548276e-07, 1.60247751069e-07, 2.37785144463e-07, 2.75314686604e-08, 4.71608574415e-09, 1.21935031516e-10, 4.89791540659e-12, 9.96222418795e-13, 2.52560936201e-15, 3.22494766572e-19]
        max: [4.4964758672e-06, 0.000338730635121, 0.000484875054099, 0.000526361807715, 0.00147166312672, 0.00210254569538, 0.00150821649004, 0.00150828587357, 0.000860570347868, 0.000784372794442, 0.000641626480501, 0.0014097110834, 0.000878681952599, 0.000527629279532, 0.000980290700682, 0.00173916749191, 0.00301780365407, 0.0074816821143, 0.0028540766798, 0.00479231914505, 0.00206845672801, 0.000642130733468, 0.000147425962496, 2.0052139007e-05, 1.23732834254e-05, 3.36882607144e-07, 3.73845532309e-09]
        mean: [3.44631104099e-07, 1.61663629115e-05, 1.62506039487e-05, 3.40358274116e-05, 0.000113982488983, 0.000167324818904, 7.99745466793e-05, 4.72505380458e-05, 6.41180813545e-05, 5.85495945415e-05, 4.81341448904e-05, 4.0817529225e-05, 5.41280060133e-05, 3.40901133313e-05, 9.10619201022e-05, 0.000132720160764, 0.00028326138272, 0.000342709943652, 0.000323905172991, 0.000307693844661, 0.000119376178191, 3.84747618227e-05, 6.09667131357e-06, 2.13858902498e-06, 1.08188953618e-06, 3.1803242706e-08, 1.06416174483e-10]
        min: [9.9903960972e-13, 6.36083685723e-10, 2.90494206467e-09, 1.12442211098e-09, 2.12689812429e-07, 4.42913773213e-07, 1.33079893772e-07, 1.66477548191e-07, 1.42639706269e-07, 1.96865279634e-08, 1.35383992905e-09, 6.56032866919e-11, 5.19573065128e-11, 1.73206421428e-10, 1.97570027005e-09, 3.19605869548e-10, 1.15929314759e-10, 1.7296927779e-10, 2.89150203781e-10, 2.67477484606e-10, 1.83899978579e-10, 1.10266060172e-10, 3.1142099316e-11, 1.91499351099e-11, 1.40664884254e-11, 2.78707124653e-13, 1.92049711366e-14]
        var: [8.68778519177e-13, 1.85211479486e-09, 1.80648118686e-09, 5.8971592054e-09, 5.13715541217e-08, 1.00441504003e-07, 2.93937159057e-08, 1.31152058103e-08, 1.23577281741e-08, 1.15331939554e-08, 8.46152836687e-09, 1.06066488925e-08, 9.75841896178e-09, 3.81750053791e-09, 2.58340548953e-08, 5.62952671146e-08, 2.25019277877e-07, 4.66923353315e-07, 2.70411931069e-07, 2.66683997552e-07, 4.5142055427e-08, 4.98614616262e-09, 1.53880672094e-10, 1.06787452145e-11, 3.30993565889e-12, 3.19559950604e-15, 8.49944946128e-20]
    mfcc:
        mean: [-962.580627441, 156.554992676, -20.0312767029, 40.9655151367, -40.2698097229, -29.8792419434, -24.349899292, -17.6368923187, -0.597473263741, -3.56332612038, -13.7526578903, -17.2730903625, -7.1348285675]
        cov: [[63606.0898438, -18537.3613281, -9025.26074219, 3047.81201172, 3001.97509766, 3391.33398438, 3767.61645508, 1889.07946777, -1761.13500977, -1487.65637207, 927.425598145, 2580.53662109, 1007.74133301], [-18537.3613281, 6554.11621094, 2452.86376953, -1213.75939941, -593.13861084, -945.81036377, -1157.12512207, -442.877655029, 605.781921387, 389.571594238, -246.201324463, -781.980712891, -339.821075439], [-9025.26074219, 2452.86376953, 1433.61206055, -394.201324463, -380.094177246, -465.177093506, -536.012268066, -248.616210938, 291.140167236, 246.889068604, -101.536262512, -367.540466309, -128.815933228], [3047.81201172, -1213.75939941, -394.201324463, 420.980621338, 1.37586629391, 166.810974121, 254.452362061, 46.5072174072, -141.138916016, -48.8057746887, 28.7749290466, 159.912139893, 87.0033493042], [3001.97509766, -593.13861084, -380.094177246, 1.37586629391, 381.79989624, 189.168457031, 135.003250122, 167.227813721, 8.77724552155, -65.1548156738, 91.0797958374, 102.166816711, 32.5867424011], [3391.33398438, -945.81036377, -465.177093506, 166.810974121, 189.168457031, 232.454483032, 222.626296997, 122.116729736, -75.1838989258, -65.7166671753, 61.1132621765, 143.632003784, 55.8444099426], [3767.61645508, -1157.12512207, -536.012268066, 254.452362061, 135.003250122, 222.626296997, 293.893829346, 116.188438416, -123.44026947, -79.9440765381, 51.3326721191, 167.67098999, 73.1668777466], [1889.07946777, -442.877655029, -248.616210938, 46.5072174072, 167.227813721, 122.116729736, 116.188438416, 119.393173218, -3.12749290466, -35.5024185181, 47.7458305359, 73.4281387329, 28.6287727356], [-1761.13500977, 605.781921387, 291.140167236, -141.138916016, 8.77724552155, -75.1838989258, -123.44026947, -3.12749290466, 134.272262573, 73.2967605591, -2.23098659515, -82.9630279541, -25.5869121552], [-1487.65637207, 389.571594238, 246.889068604, -48.8057746887, -65.1548156738, -65.7166671753, -79.9440765381, -35.5024185181, 73.2967605591, 90.1229934692, -1.57085633278, -58.4173126221, -9.35303783417], [927.425598145, -246.201324463, -101.536262512, 28.7749290466, 91.0797958374, 61.1132621765, 51.3326721191, 47.7458305359, -2.23098659515, -1.57085633278, 61.1658630371, 50.7524147034, 21.3001213074], [2580.53662109, -781.980712891, -367.540466309, 159.912139893, 102.166816711, 143.632003784, 167.67098999, 73.4281387329, -82.9630279541, -58.4173126221, 50.7524147034, 143.839157104, 60.0033836365], [1007.74133301, -339.821075439, -128.815933228, 87.0033493042, 32.5867424011, 55.8444099426, 73.1668777466, 28.6287727356, -25.5869121552, -9.35303783417, 21.3001213074, 60.0033836365, 53.8067359924]]
        icov: [[0.00119898980483, 0.00141970010009, 0.00358286336996, -0.000121548007883, -0.00218008039519, -0.00170476129279, -4.46606209152e-05, -0.000884596433025, 0.000245155242737, 0.000266329414444, -0.000498075678479, -2.99209295918e-05, -0.000701003533322], [0.00141970010009, 0.00248276558705, 0.00374963227659, 0.000933372240979, -0.00241648335941, -0.00149012694601, 0.000129789172206, -0.000936419935897, -0.000451671716291, 0.000245044066105, 1.99546548174e-06, 0.000109203792817, -0.000404703227105], [0.00358286336996, 0.00374963227659, 0.0159325376153, -0.00233618542552, -0.00512639433146, -0.00325301545672, 0.0022064151708, -0.000815189268906, -0.00376326777041, -0.000818464322947, -0.00499869557098, 0.00445645814762, -0.00250960118137], [-0.000121548007883, 0.000933372240979, -0.00233618542552, 0.00942676607519, 0.00149235106073, -8.87751230039e-05, -0.00596374738961, 0.00178505131043, 0.00215405412018, -0.0026063148398, 0.00290236179717, -0.00390757201239, -0.00253634387627], [-0.00218008039519, -0.00241648335941, -0.00512639433146, 0.00149235106073, 0.0156435128301, -0.00274558807723, 0.00322624458931, -0.00506381737068, -0.00625466508791, 0.0070097069256, -0.00847173947841, 0.00404327781871, -0.000345330918208], [-0.00170476129279, -0.00149012694601, -0.00325301545672, -8.87751230039e-05, -0.00274558807723, 0.0310765597969, -0.0121770491824, -0.000828249147162, -0.00273733283393, -0.00493271416053, 0.00182514660992, -0.00701801199466, 0.00622606743127], [-4.46606209152e-05, 0.000129789172206, 0.0022064151708, -0.00596374738961, 0.00322624458931, -0.0121770491824, 0.0319368764758, -0.0167795307934, 0.0124066919088, -0.00529780844226, 0.0023526661098, 0.000904679880477, -0.00419567618519], [-0.000884596433025, -0.000936419935897, -0.000815189268906, 0.00178505131043, -0.00506381737068, -0.000828249147162, -0.0167795307934, 0.0464315339923, -0.0249094367027, 0.0112823173404, -0.00657469267026, -0.00133096193895, 0.00205701286905], [0.000245155242737, -0.000451671716291, -0.00376326777041, 0.00215405412018, -0.00625466508791, -0.00273733283393, 0.0124066919088, -0.0249094367027, 0.0472856424749, -0.0248181670904, 0.00885829050094, 0.0029471362941, -0.00554615119472], [0.000266329414444, 0.000245044066105, -0.000818464322947, -0.0026063148398, 0.0070097069256, -0.00493271416053, -0.00529780844226, 0.0112823173404, -0.0248181670904, 0.0423555336893, -0.0188936758786, 0.0105414586142, -0.00782578159124], [-0.000498075678479, 1.99546548174e-06, -0.00499869557098, 0.00290236179717, -0.00847173947841, 0.00182514660992, 0.0023526661098, -0.00657469267026, 0.00885829050094, -0.0188936758786, 0.0452653504908, -0.0226505957544, 0.00448477361351], [-2.99209295918e-05, 0.000109203792817, 0.00445645814762, -0.00390757201239, 0.00404327781871, -0.00701801199466, 0.000904679880477, -0.00133096193895, 0.0029471362941, 0.0105414586142, -0.0226505957544, 0.0505824238062, -0.0216568727046], [-0.000701003533322, -0.000404703227105, -0.00250960118137, -0.00253634387627, -0.000345330918208, 0.00622606743127, -0.00419567618519, 0.00205701286905, -0.00554615119472, -0.00782578159124, 0.00448477361351, -0.0216568727046, 0.0439872443676]]
    spectral_contrast:
        mean: [-1.288235012e-07, 1.55607210672e-07, -9.30886390194e-09, -4.39592980683e-07, -7.8399477843e-07, 1.25342495494e-07, 1.2512439298e-06, -1.96290511667e-06, -8.01242777015e-07, 6.23238429398e-06, -6.77789967085e-06, -5.99675786361e-06]
        var: [0.000239027329371, 0.000379307457479, 0.000607423193287, 0.000996309681796, 0.00174356228672, 0.00220069778152, 0.0371861457825, 0.0858194231987, 0.0989865958691, 0.361597567797, 0.578113257885, 29.9465141296]

rhythm:
    beats_loudness:
        dmean: 0.00122616963927
        dmean2: 0.00210556341335
        dvar: 3.40510678143e-06
        dvar2: 8.73969111126e-06
        max: 0.0116485785693
        mean: 0.00299351220019
        min: 4.14305577578e-06
        var: 1.64661796589e-05
    beats_loudness_bass:
        dmean: 0.0207519307733
        dmean2: 0.0356919951737
        dvar: 0.000498633191455
        dvar2: 0.00137173291296
        max: 0.0787416547537
        mean: 0.0201020818204
        min: 0.00155374372844
        var: 0.000425848469604
    bpm: 146.970733643
    bpm_confidence: 0
    first_peak_bpm: 147
    first_peak_spread: 0
    first_peak_weight: 0.590909063816
    onset_rate: 1.49536144733
    second_peak_bpm: 140
    second_peak_spread: 0
    second_peak_weight: 0.363636374474
    beats_position: [0.285311609507, 0.693564295769, 1.10181701183, 1.51006960869, 1.91832232475, 2.32657504082, 2.73482775688, 3.14308023453, 3.55133295059, 3.95958542824, 4.36783790588, 4.77609062195, 5.18434286118, 5.59259557724, 6.17736959457, 6.60695934296, 7.03654909134, 7.46613931656, 7.89572906494, 8.32531833649, 8.75490856171, 9.18449783325, 9.61408901215]
    bpm_estimates: [147.261322021, 145.39402771, 147.198410034, 147.29776001, 147.459075928, 147.093597412, 147.091003418]
    bpm_intervals: [0.408252686262, 0.408252716064, 0.408252596855, 0.408252716064, 0.408252716064, 0.408252716064, 0.408252477646, 0.408252716064, 0.408252477646, 0.408252477646, 0.408252716064, 0.408252239227, 0.408252716064, 0.584774017334, 0.429589748383, 0.429589748383, 0.42959022522, 0.429589748383, 0.429589271545, 0.42959022522, 0.429589271545, 0.429591178894]
    onset_times: [0.0464399084449, 0.255419492722, 0.290249437094, 0.696598649025, 1.03328800201, 1.33514738083, 1.50929701328, 1.71827661991, 2.12462592125, 2.34521532059, 2.55419492722, 2.76317453384, 2.9837641716, 3.1811337471, 3.39011335373]
    rubato_start: []
    rubato_stop: []
    perceptual_tempo: "unknown"

sfx:
    inharmonicity:
        dmean: 0.0521583147347
        dmean2: 0.0923878848553
        dvar: 0.0048471945338
        dvar2: 0.013393342495
        max: 0.424070984125
        mean: 0.0555547662079
        min: 0
        var: 0.00573253305629
    oddtoevenharmonicenergyratio:
        dmean: 42.3315391541
        dmean2: 84.0680847168
        dvar: 75416.3203125
        dvar2: 224302.828125
        max: 3495.32421875
        mean: 21.8470497131
        min: 0
        var: 38519.0976562
    pitch_after_max_to_before_max_energy_ratio: 0.542311728001
    pitch_centroid: 137.29624939
    pitch_max_to_total: 0.39110070467
    pitch_min_to_total: 0.934426248074
    tristimulus:
        dmean: [0.24536922574, 0.310329556465, 0.113491341472]
        dmean2: [0.427592515945, 0.538347005844, 0.206748053432]
        dvar: [0.0537169389427, 0.067629866302, 0.0264386665076]
        dvar2: [0.140057504177, 0.168032765388, 0.0699812397361]
        max: [1, 0.98966217041, 0.848800718784]
        mean: [0.42202436924, 0.410587131977, 0.117584750056]
        min: [0.00805290229619, 0, 0]
        var: [0.107471287251, 0.0980003923178, 0.0343272909522]

tonal:
    chords_changes_rate: 0.0416666679084
    chords_number_rate: 0.0324074067175
    chords_strength:
        dmean: 0.0106418468058
        dmean2: 0.0126974191517
        dvar: 6.67874992359e-05
        dvar2: 0.000113272326416
        max: 0.636966943741
        mean: 0.485529541969
        min: 0.279003441334
        var: 0.00794027000666
    key_strength: 0.404573023319
    tuning_diatonic_strength: 0.446227133274
    tuning_equal_tempered_deviation: 0.180226892233
    tuning_frequency: 439.745910645
    tuning_nontempered_energy_ratio: 0.832311213017
    hpcp:
        dmean: [0.16103297472, 0.229137212038, 0.226564243436, 0.186572402716, 0.165899500251, 0.146467119455, 0.162805765867, 0.159069597721, 0.195351019502, 0.205832585692, 0.20372633636, 0.250006020069, 0.23119585216, 0.208536118269, 0.145851388574, 0.153619617224, 0.178011924028, 0.16388271749, 0.16973374784, 0.180249467492, 0.191529452801, 0.194926872849, 0.202181965113, 0.126783490181, 0.166490584612, 0.223814159632, 0.188273578882, 0.163435891271, 0.126977741718, 0.211971625686, 0.265988528728, 0.226261764765, 0.214355126023, 0.167393788695, 0.14621655643, 0.117526732385]
        dmean2: [0.274406969547, 0.382668673992, 0.398398816586, 0.319082826376, 0.290989995003, 0.247606948018, 0.283785372972, 0.277675420046, 0.338660985231, 0.364386111498, 0.349092006683, 0.442287862301, 0.400635331869, 0.356484532356, 0.264893740416, 0.270390152931, 0.310397326946, 0.288284152746, 0.290384411812, 0.309325635433, 0.318351715803, 0.326477438211, 0.337261945009, 0.214357808232, 0.279526412487, 0.376740813255, 0.319994837046, 0.273196518421, 0.20129275322, 0.367544084787, 0.454795300961, 0.386093556881, 0.389834970236, 0.29870313406, 0.263928622007, 0.195695757866]
        dvar: [0.0270830634981, 0.0398450866342, 0.0505940429866, 0.0295560453087, 0.0339338481426, 0.0222872048616, 0.0295936651528, 0.0307388417423, 0.0409286096692, 0.0467557199299, 0.0479311607778, 0.0613862723112, 0.0589678697288, 0.0478055924177, 0.0282064452767, 0.0219152010977, 0.0330881178379, 0.0318156480789, 0.0331772938371, 0.0312818437815, 0.0350937917829, 0.0343402028084, 0.0364335514605, 0.0204539019614, 0.022982398048, 0.0515282377601, 0.0340635739267, 0.0315791293979, 0.0163310952485, 0.0409853681922, 0.0511075258255, 0.0482688136399, 0.0420294553041, 0.0373561196029, 0.0245416965336, 0.0181109122932]
        dvar2: [0.0716522336006, 0.113851971924, 0.12919446826, 0.0823759734631, 0.106603182852, 0.0606513731182, 0.0845277532935, 0.0831626206636, 0.110156968236, 0.125776782632, 0.116383008659, 0.169440641999, 0.13847926259, 0.139767616987, 0.0730319097638, 0.0531281270087, 0.0899810194969, 0.0819241553545, 0.0790996104479, 0.0788717195392, 0.0838484242558, 0.0892357230186, 0.101596027613, 0.053783968091, 0.059767421335, 0.139956578612, 0.0965249687433, 0.0866216421127, 0.0426521226764, 0.128195598722, 0.132485181093, 0.129631593823, 0.130198001862, 0.107339993119, 0.0751842781901, 0.0509048253298]
        max: [1, 1, 1, 1, 1, 1, 1, 1, 1, 1, 1, 1, 1, 1, 1, 1, 1, 1, 1, 1, 1, 1, 1, 0.909613311291, 1, 1, 1, 1, 0.987337350845, 1, 1, 1, 1, 1, 1, 1]
        mean: [0.254667639732, 0.355225920677, 0.368194073439, 0.301898986101, 0.245065033436, 0.266720116138, 0.321476489305, 0.295124173164, 0.297286182642, 0.30915504694, 0.2881513834, 0.348209321499, 0.390841335058, 0.286042183638, 0.199601441622, 0.250894844532, 0.291498929262, 0.266268610954, 0.227885216475, 0.221947982907, 0.301050573587, 0.38170927763, 0.304624706507, 0.192650049925, 0.216169923544, 0.275295585394, 0.252250760794, 0.217267423868, 0.212630540133, 0.288926184177, 0.386477351189, 0.325189650059, 0.232445776463, 0.213438048959, 0.200243458152, 0.194597169757]
        min: [0.00280928285792, 0.00126350019127, 0.000999050214887, 0.00217606127262, 0.00145540060475, 0.000956490170211, 0.000182248419151, 0.000468921323773, 0.000226485339226, 0.000123649355373, 0, 4.62216848973e-05, 0.00319109112024, 0.000239689674345, 0, 0, 4.2799692892e-05, 3.1802360354e-06, 4.79123536934e-06, 0, 0, 0.000222731134272, 0, 0, 0, 0, 0, 0.00117855973076, 0, 0.000718606752343, 0, 0.00594390602782, 0.00257359398529, 0.000654623727314, 1.07014311652e-05, 0.000137756636832]
        var: [0.0484745688736, 0.0648330524564, 0.0809109583497, 0.0658233314753, 0.0529506206512, 0.0554296188056, 0.0887681171298, 0.0632461234927, 0.0618988312781, 0.0712796375155, 0.0703517049551, 0.075417034328, 0.100240945816, 0.0645996183157, 0.0327530764043, 0.0496513098478, 0.0565829053521, 0.0487088933587, 0.0477044321597, 0.0480423048139, 0.0803433433175, 0.108925819397, 0.0774497464299, 0.0391509123147, 0.0391045585275, 0.0624795593321, 0.0505430698395, 0.0384858548641, 0.0350743569434, 0.0612381994724, 0.0913224741817, 0.0733136832714, 0.0480272434652, 0.0474067628384, 0.0412114672363, 0.0387574136257]
    chords_histogram: [29.1666660309, 32.4074058533, 7.87037038803, 1.38888883591, 0, 0, 0.462962955236, 0, 0, 0, 0, 0, 0, 3.24074077606, 0, 0, 0, 0, 0, 0, 0, 6.48148155212, 18.9814815521, 0]
    thpcp: [1, 0.731862664223, 0.510696828365, 0.641935288906, 0.745824217796, 0.681270360947, 0.58306324482, 0.567872345448, 0.770262897015, 0.976634860039, 0.77940762043, 0.49291113019, 0.553088665009, 0.704366624355, 0.645404517651, 0.555896759033, 0.544032871723, 0.739241600037, 0.988834381104, 0.832024693489, 0.594731807709, 0.546098947525, 0.512339532375, 0.49789300561, 0.651588320732, 0.908874988556, 0.942055106163, 0.772433638573, 0.627019226551, 0.682425558567, 0.822524309158, 0.755099713802, 0.760631382465, 0.790998876095, 0.737259209156, 0.890922427177]
    chords_key: "E"
    chords_scale: "minor"
    key_key: "C"
    key_scale: "major"
    chords_progression: ["Em", "Em", "Em", "Em", "Em", "Em", "Em", "Em", "Em", "Em", "Em", "Em", "Em", "Em", "Em", "Em", "Em", "Em", "Em", "Em", "Em", "Em", "Em", "Em", "Em", "Em", "Em", "Em", "Em", "Em", "Em", "Em", "Em", "Em", "Em", "Em", "Em", "Em", "Em", "Em", "Em", "Em", "Em", "Em", "Em", "Em", "Em", "Em", "Em", "Em", "Em", "Em", "Em", "Em", "Em", "Em", "Em", "Em", "Em", "Em", "Em", "Em", "Em", "Em", "Em", "Em", "Em", "Em", "Em", "Em", "C", "C", "C", "C", "C", "C", "C", "C", "C", "C", "C", "C", "C", "C", "C", "C", "C", "C", "C", "C", "C", "C", "C", "C", "C", "C", "C", "C", "C", "C", "C", "C", "C", "C", "C", "C", "C", "C", "C", "C", "C", "C", "C", "C", "C", "C", "C", "C", "C", "C", "C", "C", "C", "C", "C", "C", "C", "C", "C", "C", "C", "C", "C", "F", "F", "F", "F", "F", "F", "F", "F", "F", "A", "A#m", "A#m", "A#m", "A#m", "A#m", "A#m", "A#m", "F", "F", "F", "F", "F", "F", "F", "F", "F", "F", "F", "F", "F", "F", "F", "F", "F", "F", "F", "F", "F", "F", "F", "F", "F", "F", "F", "F", "F", "F", "F", "F", "Dm", "Dm", "Dm", "Dm", "Dm", "Dm", "Dm", "Dm", "Dm", "Dm", "Bm", "Bm", "Bm", "Dm", "Dm", "Dm", "Dm", "G", "G", "G", "G", "G", "G", "G", "G", "G", "G", "G", "G", "G", "G", "G", "G", "G"]
