
metadata:
    version:
        essentia: "1.2.2"
    audio_properties:
        analysis_sample_rate: 44100
        bitrate: 128
        channels: 2
        equal_loudness: 1
        length: 10.0571432114
        replay_gain: -10.6892776489
        downmix: "mix"
    tags:
        track: 35
        year: 0
        album: "Splitted by Mp3Splt v. 2.1"
        artist: "From 005.40 To 005.50"
        comment: "http://mp3splt.sf.net"
        genre: ""
        title: "01 Natural One.mp3"

highlevel:
    ballroom:
        all:
            ChaChaCha: 0.158594697714
            Jive: 0.0922743603587
            Quickstep: 0.00192587298807
            Rumba-American: 0.000420618482167
            Rumba-International: 0.000618652673438
            Rumba-Misc: 0.000548908603378
            Samba: 0.744604825974
            Tango: 0.000355884170858
            VienneseWaltz: 0.000323848187691
            Waltz: 0.000332303898176
        probability: 0.744604825974
        value: "Samba"
    culture:
        all:
            non_western: 0.377686142921
            western: 0.622313857079
        probability: 0.622313857079
        value: "western"
    gender:
        all:
            female: 0.763422131538
            male: 0.23657785356
        probability: 0.763422131538
        value: "female"
    genre_dortmund:
        all:
            alternative: 0.00154413259588
            blues: 6.95719354553e-05
            electronic: 0.738700687885
            folkcountry: 0.000371247209841
            funksoulrnb: 0.000767082383391
            jazz: 0.00700472528115
            pop: 0.00196691672318
            raphiphop: 0.247133135796
            rock: 0.00244247284718
        probability: 0.738700687885
        value: "electronic"
    genre_electronica:
        all:
            ambient: 0.049739792943
            dnb: 0.112184181809
            house: 0.175270453095
            techno: 0.58559513092
            trance: 0.0772104337811
        probability: 0.58559513092
        value: "techno"
    genre_rosamerica:
        all:
            cla: 0.00369363534264
            dan: 0.673717975616
            hip: 0.29451367259
            jaz: 0.00236088549718
            pop: 0.00186069251504
            rhy: 0.0123263653368
            roc: 0.00412162020802
            spe: 0.0074051222764
        probability: 0.673717975616
        value: "dan"
    genre_tzanetakis:
        all:
            blu: 0.00934192817658
            cla: 0.0240121595562
            cou: 0.00585069414228
            dis: 0.051041316241
            hip: 0.24962836504
            jaz: 0.0194540377706
            met: 0.0344768576324
            pop: 0.464572787285
            reg: 0.115375712514
            roc: 0.0262461584061
        probability: 0.464572787285
        value: "pop"
    live_studio:
        all:
            live: 0.128072410822
            studio: 0.87192761898
        probability: 0.87192761898
        value: "studio"
    mood:
        all:
            Cluster1: 0.16802239418
            Cluster2: 0.150551721454
            Cluster3: 0.00681396434084
            Cluster4: 0.0402474105358
            Cluster5: 0.634364485741
        probability: 0.634364485741
        value: "Cluster5"
    mood_acoustic:
        all:
            acoustic: 0.0285372566432
            not_acoustic: 0.971462726593
        probability: 0.971462726593
        value: "not_acoustic"
    mood_aggressive:
        all:
            aggressive: 0.871084392071
            not_aggressive: 0.12891562283
        probability: 0.871084392071
        value: "aggressive"
    mood_electronic:
        all:
            electronic: 0.976678669453
            not_electronic: 0.0233213081956
        probability: 0.976678669453
        value: "electronic"
    mood_happy:
        all:
            happy: 0.0741915404797
            not_happy: 0.925808489323
        probability: 0.925808489323
        value: "not_happy"
    mood_party:
        all:
            not_party: 0.0256554502994
            party: 0.974344551563
        probability: 0.974344551563
        value: "party"
    mood_relaxed:
        all:
            not_relaxed: 0.909565210342
            relaxed: 0.0904347896576
        probability: 0.909565210342
        value: "not_relaxed"
    mood_sad:
        all:
            not_sad: 0.995900094509
            sad: 0.00409992039204
        probability: 0.995900094509
        value: "not_sad"
    rhythm:
        all:
            fast: 0.0459925122559
            medium: 0.951586902142
            slow: 0.00242055836134
        probability: 0.951586902142
        value: "medium"
    speech_music:
        all:
            music: 0.204661622643
            speech: 0.795338392258
        probability: 0.795338392258
        value: "speech"
    timbre:
        all:
            bright: 0.355246424675
            dark: 0.644753575325
        probability: 0.644753575325
        value: "dark"
    voice_instrumental:
        all:
            instrumental: 0.329901367426
            voice: 0.670098662376
        probability: 0.670098662376
        value: "voice"

lowlevel:
    average_loudness: 0.976838171482
    barkbands_kurtosis:
        dmean: 3.15433979034
        dmean2: 5.10280370712
        dvar: 31.0559101105
        dvar2: 67.8545455933
        max: 74.8306732178
        mean: 2.16765356064
        min: -1.86853539944
        var: 44.43384552
    barkbands_skewness:
        dmean: 0.936423897743
        dmean2: 1.37853491306
        dvar: 0.934424638748
        dvar2: 1.7873083353
        max: 7.83137893677
        mean: -0.206256940961
        min: -2.9665415287
        var: 3.06899142265
    barkbands_spread:
        dmean: 12.3689804077
        dmean2: 19.9935741425
        dvar: 133.719039917
        dvar2: 297.437713623
        max: 87.3098907471
        mean: 34.3742218018
        min: 3.02441310883
        var: 331.331298828
    dissonance:
        dmean: 0.0136849554256
        dmean2: 0.0229576155543
        dvar: 0.000558674393687
        dvar2: 0.000689548498485
        max: 0.499961644411
        mean: 0.481683731079
        min: 0.0368583910167
        var: 0.000650951114949
    hfc:
        dmean: 4.8886051178
        dmean2: 7.3817896843
        dvar: 49.4263305664
        dvar2: 114.21068573
        max: 47.4258155823
        mean: 4.52435064316
        min: 4.01983197662e-05
        var: 54.2138977051
    pitch:
        dmean: 1281.78369141
        dmean2: 2404.9597168
        dvar: 2741424.5
        dvar2: 6521663.5
        max: 5512.5
        mean: 2960.09130859
        min: 76.8292694092
        var: 3717994.25
    pitch_instantaneous_confidence:
        dmean: 0.0955849811435
        dmean2: 0.156686231494
        dvar: 0.00569861056283
        dvar2: 0.0136565640569
        max: 0.762876033783
        mean: 0.35634085536
        min: 0.117722570896
        var: 0.0127277979627
    pitch_salience:
        dmean: 0.0937061682343
        dmean2: 0.150540009141
        dvar: 0.00706817209721
        dvar2: 0.0149152176455
        max: 0.891740977764
        mean: 0.652303338051
        min: 0.155300095677
        var: 0.0205725450069
    silence_rate_20dB:
        dmean: 0
        dmean2: 0
        dvar: 0
        dvar2: 0
        max: 1
        mean: 1
        min: 1
        var: 0
    silence_rate_30dB:
        dmean: 0
        dmean2: 0
        dvar: 0
        dvar2: 0
        max: 1
        mean: 1
        min: 1
        var: 0
    silence_rate_60dB:
        dmean: 0.188940092921
        dmean2: 0.378752887249
        dvar: 0.15324139595
        dvar2: 0.25839471817
        max: 1
        mean: 0.781609177589
        min: 0
        var: 0.17069581151
    spectral_centroid:
        dmean: 695.718505859
        dmean2: 1107.16186523
        dvar: 604966.25
        dvar2: 1238582.625
        max: 5075.74511719
        mean: 2827.76123047
        min: 145.484970093
        var: 1774516.75
    spectral_complexity:
        dmean: 4.1755194664
        dmean2: 6.5625
        dvar: 39.8537406921
        dvar2: 80.7646102905
        max: 39
        mean: 3.66820287704
        min: 0
        var: 46.3875350952
    spectral_crest:
        dmean: 2.44414401054
        dmean2: 3.92630267143
        dvar: 6.04200267792
        dvar2: 11.921833992
        max: 21.7932949066
        mean: 8.18094062805
        min: 2.99821043015
        var: 17.3010845184
    spectral_decrease:
        dmean: 5.5167387325e-10
        dmean2: 8.47268144533e-10
        dvar: 7.44550697732e-19
        dvar2: 1.62879937962e-18
        max: -7.71293886913e-15
        mean: -4.92198115598e-10
        min: -4.6174015722e-09
        var: 8.2472915941e-19
    spectral_energy:
        dmean: 0.00250479695387
        dmean2: 0.0038073125761
        dvar: 1.36823555295e-05
        dvar2: 3.03113811242e-05
        max: 0.0217287838459
        mean: 0.00226804055274
        min: 3.27565459202e-08
        var: 1.52408620124e-05
    spectral_energyband_high:
        dmean: 0.00061260786606
        dmean2: 0.000917775498237
        dvar: 8.21781270588e-07
        dvar2: 1.88950207303e-06
        max: 0.00624960940331
        mean: 0.000563730485737
        min: 5.14836262511e-09
        var: 9.07201808786e-07
    spectral_energyband_low:
        dmean: 0.000429788109614
        dmean2: 0.000704333942849
        dvar: 1.38014195272e-06
        dvar2: 3.40324936587e-06
        max: 0.00840056780726
        mean: 0.00034233299084
        min: 6.13653738935e-10
        var: 1.19500350593e-06
    spectral_energyband_middle_high:
        dmean: 0.000545272196177
        dmean2: 0.000860223313794
        dvar: 8.23299103558e-07
        dvar2: 2.04574553209e-06
        max: 0.0062228506431
        mean: 0.00047522954992
        min: 3.4194393983e-09
        var: 7.67943447499e-07
    spectral_energyband_middle_low:
        dmean: 0.0012673267629
        dmean2: 0.0021755527705
        dvar: 7.079995612e-06
        dvar2: 1.78504415089e-05
        max: 0.0142264785245
        mean: 0.000886729860213
        min: 1.1781486009e-08
        var: 5.49671949557e-06
    spectral_flatness_db:
        dmean: 0.0238304883242
        dmean2: 0.0328837223351
        dvar: 0.000529124052264
        dvar2: 0.000933035975322
        max: 0.311173915863
        mean: 0.142441540956
        min: 0.0569034926593
        var: 0.00168718979694
    spectral_flux:
        dmean: 0.0202705804259
        dmean2: 0.0278143081814
        dvar: 0.000474928034237
        dvar2: 0.000782465271186
        max: 0.132531180978
        mean: 0.0355556160212
        min: 0.000540204113349
        var: 0.000950942805503
    spectral_kurtosis:
        dmean: 0.437012314796
        dmean2: 0.703422665596
        dvar: 0.206870630383
        dvar2: 0.510334908962
        max: 3.88510131836
        mean: 0.302107900381
        min: -1.09692525864
        var: 0.48993268609
    spectral_rms:
        dmean: 0.000732159300242
        dmean2: 0.000961220124736
        dvar: 5.682671258e-07
        dvar2: 1.14267311346e-06
        max: 0.00460421713069
        mean: 0.00110428826883
        min: 5.6531057453e-06
        var: 9.93269054561e-07
    spectral_rolloff:
        dmean: 889.971862793
        dmean2: 1408.58068848
        dvar: 1519703.5
        dvar2: 2567231.5
        max: 8376.41601562
        mean: 4609.79199219
        min: 107.666015625
        var: 4020030.25
    spectral_skewness:
        dmean: 0.172047942877
        dmean2: 0.263455986977
        dvar: 0.0293930321932
        dvar2: 0.0626137033105
        max: 1.92167580128
        mean: 0.650772511959
        min: -0.0489927940071
        var: 0.0856196582317
    spectral_spread:
        dmean: 830499.75
        dmean2: 1258331.125
        dvar: 765137518592
        dvar2: 1.35194581402e+12
        max: 26280604
        mean: 7839019
        min: 5190645.5
        var: 2.54162239488e+12
    spectral_strongpeak:
        dmean: 0.314987570047
        dmean2: 0.494234770536
        dvar: 0.172913357615
        dvar2: 0.409618228674
        max: 2.81721687317
        mean: 0.328912854195
        min: 0
        var: 0.205422893167
    zerocrossingrate:
        dmean: 0.0205269828439
        dmean2: 0.0203382708132
        dvar: 0.000394050497562
        dvar2: 0.000428349711001
        max: 0.2548828125
        mean: 0.154618650675
        min: 0.00537109375
        var: 0.00298333028331
    barkbands:
        dmean: [2.20468265866e-07, 6.79191070958e-05, 0.000402760400902, 0.000501501315739, 0.000622236519121, 9.6304465842e-05, 0.000104097736767, 7.33228589525e-05, 1.1405182704e-05, 1.4386757357e-05, 1.78473819687e-05, 1.06330344352e-05, 1.64072116604e-05, 1.34581705424e-05, 2.8841657695e-05, 6.06312969467e-05, 6.06070243521e-05, 0.000102546051494, 0.000149629515363, 0.000292546465062, 0.000242486727075, 0.000118068368465, 3.41995946656e-05, 2.35653897107e-05, 5.74917703489e-06, 1.93515532487e-07, 1.27166666086e-09]
        dmean2: [2.78202719528e-07, 0.000100121200376, 0.000694124901202, 0.000923030485865, 0.00113570154645, 0.000174712607986, 0.000194738997379, 0.000133198482217, 1.93636988115e-05, 2.42836376856e-05, 3.20210783684e-05, 1.79511225724e-05, 2.82470155071e-05, 2.14895462705e-05, 4.82235191157e-05, 0.000100909324829, 9.93373614619e-05, 0.000169791092048, 0.000245943374466, 0.000462032854557, 0.000367416476365, 0.000176597444806, 5.18428823852e-05, 3.50560367224e-05, 8.96445089893e-06, 3.19788682646e-07, 2.07462047541e-09]
        dvar: [1.30639683099e-12, 4.10861566991e-08, 1.38475525091e-06, 2.41512861976e-06, 2.62094317804e-06, 8.89999256515e-08, 1.40531355441e-07, 7.15598318379e-08, 5.79168601966e-10, 1.19554244282e-09, 3.38763550545e-09, 3.53428120103e-10, 1.39851663583e-09, 5.97908167421e-10, 3.94154664463e-09, 1.39886084938e-08, 1.42637359701e-08, 3.52230813405e-08, 6.60108696593e-08, 3.58666227385e-07, 1.1458937621e-07, 2.34553887424e-08, 2.17207452025e-09, 7.21360193801e-10, 4.71898388421e-11, 6.92952707476e-14, 1.47738163171e-17]
        dvar2: [3.12999474429e-12, 9.62586526043e-08, 3.6231208469e-06, 6.67224639983e-06, 7.34455761631e-06, 2.49216327575e-07, 4.03865982435e-07, 2.02100579827e-07, 1.55734669605e-09, 3.22982773859e-09, 9.66202673425e-09, 9.23514431594e-10, 3.64826902022e-09, 1.34802458085e-09, 1.03583444044e-08, 3.74489026456e-08, 3.62486751726e-08, 8.96285783369e-08, 1.66440884186e-07, 8.82862252638e-07, 2.54293013313e-07, 5.1714412308e-08, 4.52496884407e-09, 1.50065304627e-09, 1.11589126828e-10, 1.66232384303e-13, 3.70714325667e-17]
        max: [1.66324825841e-05, 0.00173822685611, 0.00763151980937, 0.00932131614536, 0.0114813605323, 0.00240375450812, 0.00390030955896, 0.00314643932506, 0.000195447602891, 0.000295978010399, 0.000581365427934, 0.00014790010755, 0.000323002052028, 0.000223878698307, 0.000556401675567, 0.0010846570367, 0.00090676092077, 0.00120469077956, 0.00218298938125, 0.0038680783473, 0.00188462075312, 0.000979096395895, 0.00026012599119, 0.000193864048924, 4.91360406158e-05, 1.3276738855e-06, 5.26285184321e-08]
        mean: [4.08099879223e-07, 7.00108648743e-05, 0.000271933298791, 0.00031001426396, 0.0003853731032, 6.43120583845e-05, 6.53185052215e-05, 4.94838386658e-05, 1.08700760393e-05, 1.21585662782e-05, 1.33867997647e-05, 1.00860897874e-05, 1.44495234053e-05, 1.39733856486e-05, 2.38001011894e-05, 4.94819396408e-05, 5.09425008204e-05, 7.9009871115e-05, 0.000122279350762, 0.000244477414526, 0.000222215880058, 0.000113404581498, 3.63205144822e-05, 2.86938920908e-05, 5.48626076124e-06, 1.50066128413e-07, 9.58694235109e-10]
        min: [1.03672398357e-12, 6.92159385363e-11, 4.25784490998e-10, 1.97156113657e-09, 2.78405964949e-09, 2.61056110062e-09, 2.69123723307e-09, 1.12949505304e-09, 4.53917292642e-10, 1.04089992181e-09, 3.17222553781e-10, 4.9522441703e-10, 2.4129551135e-10, 1.92523469389e-10, 2.76986905634e-10, 1.17095055874e-10, 1.8755913489e-10, 1.27326815758e-10, 2.04401287562e-10, 8.69762206701e-10, 3.01892955079e-09, 8.78365269408e-10, 2.49840204081e-10, 2.59407079151e-10, 9.23766063643e-11, 6.955931664e-11, 8.40913547562e-13]
        var: [1.3437002162e-12, 4.4540968247e-08, 9.93087951429e-07, 1.49507934566e-06, 1.58935051786e-06, 5.44097105148e-08, 7.89840655102e-08, 4.3882145917e-08, 4.79231321293e-10, 8.6929058396e-10, 2.05007810727e-09, 3.41774081258e-10, 1.1021221713e-09, 7.03836267046e-10, 3.04067060419e-09, 1.10261817454e-08, 1.19462528758e-08, 2.96452977722e-08, 5.82419161788e-08, 3.26589713495e-07, 1.27764465674e-07, 2.95493567393e-08, 2.72319922168e-09, 1.06118258625e-09, 5.31013705229e-11, 6.42470492497e-14, 8.35345133353e-18]
    mfcc:
        mean: [-795.641967773, 25.1754264832, -7.56775712967, 38.1247673035, -16.1199054718, 0.349443495274, -12.2051410675, -10.3279485703, -4.64725637436, -4.24250173569, -13.8331661224, 0.0621024109423, -6.22216272354]
        cov: [[8285.09472656, -292.121582031, -552.05279541, 240.157272339, -169.630630493, -308.890289307, -139.907806396, -183.536422729, -250.523223877, -236.748916626, 53.2793235779, -218.103302002, -42.4154663086], [-292.121582031, 1272.00402832, 793.61907959, 459.753936768, 397.598022461, 327.950561523, 343.755981445, 258.711212158, 269.566223145, 120.33921814, 19.2789707184, 45.9211273193, -21.2407016754], [-552.05279541, 793.61907959, 928.675354004, 509.810089111, 399.177246094, 379.593078613, 324.440490723, 284.192871094, 240.817977905, 144.932449341, 62.4730033875, 77.3635253906, 7.75083637238], [240.157272339, 459.753936768, 509.810089111, 656.221374512, 245.750137329, 138.078094482, 186.625534058, 178.930053711, 148.209259033, 49.0207176208, 86.4933242798, 58.1080589294, 64.9345703125], [-169.630630493, 397.598022461, 399.177246094, 245.750137329, 361.640167236, 255.793930054, 228.588821411, 186.218612671, 171.20513916, 107.655143738, 44.8208770752, 46.1876564026, 3.08016419411], [-308.890289307, 327.950561523, 379.593078613, 138.078094482, 255.793930054, 326.92678833, 219.445526123, 167.359481812, 159.043991089, 108.617141724, 24.0610294342, 46.6317710876, -0.319013446569], [-139.907806396, 343.755981445, 324.440490723, 186.625534058, 228.588821411, 219.445526123, 242.72845459, 170.334854126, 147.946334839, 89.2597503662, 39.5122947693, 51.6923713684, 12.4075832367], [-183.536422729, 258.711212158, 284.192871094, 178.930053711, 186.218612671, 167.359481812, 170.334854126, 188.19190979, 140.598495483, 83.3874206543, 48.7228317261, 46.4456825256, 32.5235176086], [-250.523223877, 269.566223145, 240.817977905, 148.209259033, 171.20513916, 159.043991089, 147.946334839, 140.598495483, 168.566467285, 99.1085281372, 26.2566490173, 44.4492988586, 22.9791202545], [-236.748916626, 120.33921814, 144.932449341, 49.0207176208, 107.655143738, 108.617141724, 89.2597503662, 83.3874206543, 99.1085281372, 115.621231079, 39.7458648682, 39.0863761902, 18.3374671936], [53.2793235779, 19.2789707184, 62.4730033875, 86.4933242798, 44.8208770752, 24.0610294342, 39.5122947693, 48.7228317261, 26.2566490173, 39.7458648682, 89.6696929932, 45.3562011719, 37.6960830688], [-218.103302002, 45.9211273193, 77.3635253906, 58.1080589294, 46.1876564026, 46.6317710876, 51.6923713684, 46.4456825256, 44.4492988586, 39.0863761902, 45.3562011719, 86.9885406494, 52.9686050415], [-42.4154663086, -21.2407016754, 7.75083637238, 64.9345703125, 3.08016419411, -0.319013446569, 12.4075832367, 32.5235176086, 22.9791202545, 18.3374671936, 37.6960830688, 52.9686050415, 83.8310775757]]
        icov: [[0.00016178828082, -4.14172318415e-05, 0.00023597064137, -0.000206735348911, -1.69993982126e-05, -7.5940239185e-05, -0.000198966852622, 9.42996557569e-05, 0.000178361588041, 0.000131870605401, -0.000345135020325, 0.000539980945177, -6.08460868534e-05], [-4.14172318415e-05, 0.00219128699973, -0.00175693002529, 0.000208059267607, -0.000345203734469, 0.0011821819935, -0.00164065998979, 0.00133939646184, -0.00256011704914, 0.00115834595636, 0.000328375579556, 0.000386255356716, 0.000332580355462], [0.00023597064137, -0.00175693002529, 0.00590100418776, -0.00311843305826, 0.000181337876711, -0.00368777336553, 0.0014921259135, -0.00372968870215, 0.00400862889364, -0.00256156409159, 0.00110224308446, -0.00191327487119, 0.00292435428128], [-0.000206735348911, 0.000208059267607, -0.00311843305826, 0.00484002102166, -0.00149352115113, 0.00264254864305, -0.000985527411103, 0.00161677971482, -0.00369744189084, 0.00380522548221, -0.00285246968269, 0.00191600690596, -0.00367585918866], [-1.69993982126e-05, -0.000345203734469, 0.000181337876711, -0.00149352115113, 0.00963663496077, -0.00328976870514, -0.00235354341567, -0.00182784209028, -0.000926529173739, -0.0013453863794, -0.000664229330141, -0.000244581868174, 0.00273640500382], [-7.5940239185e-05, 0.0011821819935, -0.00368777336553, 0.00264254864305, -0.00328976870514, 0.0125802289695, -0.0060422164388, 0.0011285104556, -0.00301947863773, -0.00065751146758, 0.0014986655442, 0.000106786574179, -0.000589467934333], [-0.000198966852622, -0.00164065998979, 0.0014921259135, -0.000985527411103, -0.00235354341567, -0.0060422164388, 0.0201717093587, -0.00930192414671, 0.000185680764844, -0.000244719267357, 0.000495422456879, -0.00556982355192, 0.00409494293854], [9.42996557569e-05, 0.00133939646184, -0.00372968870215, 0.00161677971482, -0.00182784209028, 0.0011285104556, -0.00930192414671, 0.0265162605792, -0.0135131645948, 0.00446376111358, -0.00726470025256, 0.00688809761778, -0.0077174291946], [0.000178361588041, -0.00256011704914, 0.00400862889364, -0.00369744189084, -0.000926529173739, -0.00301947863773, 0.000185680764844, -0.0135131645948, 0.0319711565971, -0.0164739731699, 0.00971652660519, -0.00430192565545, 0.000361494749086], [0.000131870605401, 0.00115834595636, -0.00256156409159, 0.00380522548221, -0.0013453863794, -0.00065751146758, -0.000244719267357, 0.00446376111358, -0.0164739731699, 0.0255606807768, -0.0103506436571, 0.00141369900666, -0.00131346518174], [-0.000345135020325, 0.000328375579556, 0.00110224308446, -0.00285246968269, -0.000664229330141, 0.0014986655442, 0.000495422456879, -0.00726470025256, 0.00971652660519, -0.0103506436571, 0.0235374160111, -0.00942058488727, -0.000239513872657], [0.000539980945177, 0.000386255356716, -0.00191327487119, 0.00191600690596, -0.000244581868174, 0.000106786574179, -0.00556982355192, 0.00688809761778, -0.00430192565545, 0.00141369900666, -0.00942058488727, 0.0289755407721, -0.0159767884761], [-6.08460868534e-05, 0.000332580355462, 0.00292435428128, -0.00367585918866, 0.00273640500382, -0.000589467934333, 0.00409494293854, -0.0077174291946, 0.000361494749086, -0.00131346518174, -0.000239513872657, -0.0159767884761, 0.0272352006286]]
    spectral_contrast:
        mean: [-3.10430834816e-07, -2.90057613483e-07, -5.06188825966e-07, 2.64770278591e-07, -6.53985878785e-08, -9.03254147033e-08, -1.04754474251e-06, 3.52494862454e-06, -4.5977294576e-06, 3.98829229198e-07, -3.54112012246e-06, -1.9996396361e-07]
        var: [0.000300269632135, 0.000602858548518, 0.00072850775905, 0.00107878621202, 0.00220764777623, 0.0088636893779, 0.0580722279847, 0.0691495463252, 0.17543412745, 0.25699788332, 1.98211765289, 4.01800584793]

rhythm:
    beats_loudness:
        dmean: 0.0033261408098
        dmean2: 0.00634911330417
        dvar: 7.9092951637e-06
        dvar2: 2.02660121431e-05
        max: 0.0121141597629
        mean: 0.00429123174399
        min: 0.000687867053784
        var: 8.82611675479e-06
    beats_loudness_bass:
        dmean: 0.487702667713
        dmean2: 0.970692873001
        dvar: 0.120595470071
        dvar2: 0.345886141062
        max: 0.907785236835
        mean: 0.337010025978
        min: 5.57476923859e-05
        var: 0.139759078622
    bpm: 105.586181641
    bpm_confidence: 0
    first_peak_bpm: 106
    first_peak_spread: 0
    first_peak_weight: 0.526315808296
    onset_rate: 6.96022748947
    second_peak_bpm: 141
    second_peak_spread: 0
    second_peak_weight: 0.421052634716
    beats_position: [0.103420011699, 0.671676278114, 1.23993253708, 1.80818879604, 2.37644505501, 2.94470119476, 3.51295781136, 4.08121395111, 4.64946985245, 5.21772575378, 5.78598213196, 6.39636659622, 6.82161283493, 7.24685907364, 7.67210435867, 8.09735107422, 8.52259635925, 8.94784259796, 9.373087883, 9.7983341217]
    bpm_estimates: [105.633773804, 105.58782959, 105.634887695, 105.602867126, 105.569259644, 105.540023804, 105.558311462, 105.582672119, 105.627212524, 105.533798218, 105.577346802]
    bpm_intervals: [0.568256258965, 0.568256258965, 0.568256258965, 0.568256258965, 0.568256139755, 0.568256616592, 0.568256139755, 0.568255901337, 0.568255901337, 0.568256378174, 0.610384464264, 0.425246238708, 0.425246238708, 0.425245285034, 0.425246715546, 0.425245285034, 0.425246238708, 0.425245285034, 0.425246238708]
    onset_times: [0.0812698379159, 0.220589563251, 0.371519267559, 0.510838985443, 0.661768734455, 0.812698423862, 0.940408170223, 1.07972788811, 1.23065757751, 1.369977355, 1.52090704441, 1.66022670269, 1.79954648018, 1.95047616959, 2.07818603516, 2.22911572456, 2.36843538284, 2.49614500999, 2.65868473053, 2.80961441994, 2.94893431664, 3.08825397491, 3.22757363319, 3.36689352989, 3.5178232193, 3.65714287758, 3.80807256699, 3.94739222527, 4.08671188354, 4.23764181137, 4.36535167694, 4.51628112793, 4.65560102463, 4.79492044449, 4.94585037231, 5.0967798233, 5.23609972, 5.3754196167, 5.51473903656, 5.65405893326, 5.80498886108, 5.94430828094, 6.09523820877, 6.23455762863, 6.37387752533, 6.52480745316, 6.66412687302, 6.80344676971, 6.94276666641, 7.08208608627, 7.2330160141, 7.37233543396, 7.51165533066, 7.66258525848, 7.81351470947, 7.94122457504, 8.09215450287, 8.23147392273, 8.37079334259, 8.52172374725, 8.66104316711, 8.80036258698, 8.93968296051, 9.0906124115, 9.22993183136, 9.36925125122, 9.52018165588, 9.65950107574, 9.79882049561, 9.94975090027]
    rubato_start: [6.82161283493]
    rubato_stop: [7.24685907364]
    perceptual_tempo: "unknown"

sfx:
    inharmonicity:
        dmean: 0.06717107445
        dmean2: 0.112443871796
        dvar: 0.00415900023654
        dvar2: 0.0117678465322
        max: 0.385941982269
        mean: 0.0865463837981
        min: 0
        var: 0.0060761179775
    oddtoevenharmonicenergyratio:
        dmean: 2.59238886833
        dmean2: 4.94740629196
        dvar: 187.208770752
        dvar2: 559.683532715
        max: 152.800598145
        mean: 1.71195602417
        min: 0
        var: 95.1861343384
    pitch_after_max_to_before_max_energy_ratio: 45.431224823
    pitch_centroid: 208.482589722
    pitch_max_to_total: 0.0184331797063
    pitch_min_to_total: 0.313364058733
    tristimulus:
        dmean: [0.185228973627, 0.28440746665, 0.220179602504]
        dmean2: [0.315005540848, 0.495174765587, 0.380771905184]
        dvar: [0.0369041264057, 0.0470966286957, 0.0354171507061]
        dvar2: [0.0996436998248, 0.144442737103, 0.0944503471255]
        max: [1, 0.968541562557, 0.800687968731]
        mean: [0.270680397749, 0.43377494812, 0.246078297496]
        min: [0.0014694982674, 0, 0]
        var: [0.0636453703046, 0.0732480734587, 0.0503304824233]

tonal:
    chords_changes_rate: 0.0230414755642
    chords_number_rate: 0.0138248847798
    chords_strength:
        dmean: 0.0108325304464
        dmean2: 0.0147068686783
        dvar: 6.78196447552e-05
        dvar2: 0.000132204440888
        max: 0.530383467674
        mean: 0.436953037977
        min: 0.310245215893
        var: 0.00220032851212
    key_strength: 0.233346149325
    tuning_diatonic_strength: 0.317079216242
    tuning_equal_tempered_deviation: 0.262565404177
    tuning_frequency: 453.678466797
    tuning_nontempered_energy_ratio: 0.900418102741
    hpcp:
        dmean: [0.259435206652, 0.239485144615, 0.227467983961, 0.26732006669, 0.277044385672, 0.279754847288, 0.245175346732, 0.253126353025, 0.257230788469, 0.263289302588, 0.260593533516, 0.221286326647, 0.281940251589, 0.296210676432, 0.253135532141, 0.225988954306, 0.210382372141, 0.139384299517, 0.118076846004, 0.112946599722, 0.120561473072, 0.134458214045, 0.1411806494, 0.13407355547, 0.136940807104, 0.13049171865, 0.101798072457, 0.134747058153, 0.174292653799, 0.157557502389, 0.166841298342, 0.160509288311, 0.175082117319, 0.211723461747, 0.239958062768, 0.248804762959]
        dmean2: [0.455049604177, 0.416060060263, 0.399375140667, 0.464253604412, 0.474135905504, 0.480535119772, 0.411093473434, 0.413898438215, 0.424499005079, 0.443467378616, 0.440389692783, 0.36946824193, 0.472189754248, 0.502738535404, 0.414839327335, 0.360754549503, 0.362324893475, 0.238662362099, 0.199908822775, 0.200654044747, 0.21127986908, 0.235520228744, 0.236552298069, 0.220288440585, 0.23477473855, 0.225095078349, 0.177227124572, 0.232878997922, 0.302317559719, 0.267832130194, 0.283065259457, 0.269132822752, 0.30055937171, 0.359630256891, 0.410440802574, 0.440871834755]
        dvar: [0.0500802025199, 0.055041462183, 0.0491575784981, 0.0598840489984, 0.0608685053885, 0.0582316480577, 0.0484902299941, 0.0502617806196, 0.0474603846669, 0.0568048320711, 0.0601965934038, 0.0479331240058, 0.0550274774432, 0.0632228925824, 0.0519300997257, 0.0355280786753, 0.0465601459146, 0.0289409309626, 0.0294077955186, 0.0225343443453, 0.0216076858342, 0.0321252197027, 0.0330560170114, 0.0230497680604, 0.028259685263, 0.0245334766805, 0.0177522804588, 0.0324875786901, 0.0481582917273, 0.0291221104562, 0.0407709591091, 0.0318914689124, 0.0364142805338, 0.054608348757, 0.0568363592029, 0.0624429471791]
        dvar2: [0.136669158936, 0.151309788227, 0.138803333044, 0.163705483079, 0.155270755291, 0.15560695529, 0.125293463469, 0.131990239024, 0.12018982321, 0.139210045338, 0.148788690567, 0.108420938253, 0.125851199031, 0.160563483834, 0.11378352344, 0.0810500308871, 0.109216697514, 0.0761482268572, 0.0850206688046, 0.062206082046, 0.0640847459435, 0.0902252942324, 0.0892061293125, 0.0653379932046, 0.0688200071454, 0.0599197000265, 0.0515231564641, 0.0914517939091, 0.129179909825, 0.0749635621905, 0.109679140151, 0.0796664506197, 0.0873759612441, 0.137229025364, 0.147569581866, 0.173849970102]
        max: [1, 1, 1, 1, 1, 1, 1, 1, 1, 1, 1, 1, 1, 1, 1, 1, 1, 1, 1, 1, 1, 0.979652881622, 1, 0.857605993748, 1, 1, 1, 1, 1, 1, 1, 1, 1, 1, 1, 1]
        mean: [0.306112498045, 0.295328736305, 0.291936665773, 0.363992333412, 0.411931365728, 0.384744077921, 0.365512490273, 0.381593823433, 0.373257994652, 0.359726190567, 0.361527889967, 0.369887501001, 0.458992004395, 0.481414437294, 0.404021441936, 0.352573335171, 0.270206332207, 0.172822028399, 0.136225059628, 0.131932020187, 0.127313181758, 0.142261683941, 0.156680494547, 0.163319453597, 0.165360584855, 0.151092857122, 0.119288921356, 0.144353508949, 0.187812000513, 0.180640995502, 0.185142889619, 0.205208048224, 0.240837723017, 0.280199557543, 0.273386001587, 0.274455070496]
        min: [0.00136793009005, 0.00152417307254, 0.00547370966524, 0.00266866968013, 0.00205894489773, 0.00243278802373, 0.00187452835962, 0.00203008251265, 0.00265269400552, 0.00214439374395, 0.00858043413609, 0.00890774652362, 0.00680604251102, 0.00725884223357, 0.00392435025424, 0.00195939559489, 0.00240356824361, 0.0014545971062, 0.000703158788383, 0.000648057553917, 0.000598776852712, 0.000651524867862, 0.000458596186945, 0.00097905471921, 0.00176743080374, 0.00134578358848, 0.00140397867654, 0.000609327107668, 0.000962327176239, 0.000762305979151, 0.000871956406627, 0.00077116076136, 0.0011854164768, 0.00114057550672, 0.00137530162465, 0.00163416704163]
        var: [0.0678629428148, 0.0663976743817, 0.0559262558818, 0.0753411203623, 0.0983628928661, 0.0920378044248, 0.0838660150766, 0.0917909145355, 0.0874890014529, 0.0866575315595, 0.0889687538147, 0.0801360756159, 0.103488236666, 0.106920957565, 0.0919605270028, 0.0766806080937, 0.058967936784, 0.0287215895951, 0.0277751758695, 0.0208444204181, 0.0209800191224, 0.0293627362698, 0.0345106907189, 0.0275956410915, 0.0308495443314, 0.0265989471227, 0.0159339234233, 0.0299332570285, 0.0459137782454, 0.0314825288951, 0.0379487350583, 0.0379858985543, 0.0445714332163, 0.0718777254224, 0.0626466497779, 0.0600946545601]
    chords_histogram: [19.8156681061, 23.9631328583, 0, 0, 0, 0, 0, 56.2211990356, 0, 0, 0, 0, 0, 0, 0, 0, 0, 0, 0, 0, 0, 0, 0, 0]
    thpcp: [1, 0.839238345623, 0.732369661331, 0.56127589941, 0.358988046646, 0.282968372107, 0.274050831795, 0.264456510544, 0.295507729053, 0.325458645821, 0.339249193668, 0.343489050865, 0.313851952553, 0.247788414359, 0.299852877855, 0.390125393867, 0.375229686499, 0.38458108902, 0.42626067996, 0.500271081924, 0.582033991814, 0.567880749702, 0.570101439953, 0.635860681534, 0.613460481167, 0.606414437294, 0.75608932972, 0.855668902397, 0.799195110798, 0.75924706459, 0.792651414871, 0.77533608675, 0.747227668762, 0.750970184803, 0.76833486557, 0.953423857689]
    chords_key: "F#"
    chords_scale: "major"
    key_key: "F#"
    key_scale: "minor"
    chords_progression: ["A", "A", "A", "A", "A", "A", "A", "A", "A", "A", "A", "A", "A", "A", "A", "A", "A", "A", "A", "A", "A", "F#m", "F#m", "F#m", "F#m", "F#m", "F#m", "F#m", "F#m", "F#m", "F#m", "F#m", "F#m", "F#m", "F#m", "F#m", "F#m", "F#m", "F#m", "F#m", "F#m", "F#m", "F#m", "F#m", "F#m", "F#m", "F#m", "F#m", "F#", "F#", "F#", "F#", "F#m", "F#m", "F#m", "F#m", "F#m", "F#m", "F#m", "F#m", "F#m", "F#m", "F#m", "F#m", "F#m", "F#m", "F#m", "F#m", "F#", "F#", "F#", "F#", "F#", "F#", "F#", "F#", "F#", "F#", "F#", "F#", "F#", "F#", "F#", "F#", "F#", "F#", "F#", "F#", "F#", "F#", "F#", "F#", "F#", "F#", "F#", "F#", "F#", "F#", "F#", "F#", "F#", "F#", "F#", "F#", "F#", "F#", "F#", "F#", "F#", "F#", "F#", "F#", "F#", "F#", "F#", "F#", "F#", "F#", "F#", "F#", "F#", "F#", "F#", "F#", "F#", "F#", "F#", "F#", "F#", "F#", "F#", "F#", "F#", "F#", "F#", "F#", "F#", "F#", "F#", "F#", "F#", "F#", "F#", "F#", "F#", "F#", "F#", "F#", "F#", "F#", "F#", "F#", "F#", "F#", "F#", "F#", "F#", "F#", "F#", "F#", "F#", "F#", "F#", "F#", "F#", "F#", "F#", "F#", "F#", "F#", "F#", "F#", "F#", "F#", "F#", "F#", "F#", "F#", "F#", "F#", "F#", "F#", "F#", "F#", "F#", "F#", "A", "A", "A", "A", "A", "A", "A", "A", "A", "A", "A", "A", "A", "A", "A", "A", "A", "A", "A", "A", "A", "A", "A", "A", "A", "A", "A", "A", "A", "A", "A"]
