
metadata:
    version:
        essentia: "1.2.2"
    audio_properties:
        analysis_sample_rate: 44100
        bitrate: 128
        channels: 2
        equal_loudness: 1
        length: 10.0310201645
        replay_gain: -15.327205658
        downmix: "mix"
    tags:
        track: 2
        year: 0
        album: "Splitted by Mp3Splt v. 2.1"
        artist: "From 000.10 To 000.20"
        comment: "http://mp3splt.sf.net"
        genre: ""
        title: "01 Pony Boy.mp3"

highlevel:
    ballroom:
        all:
            ChaChaCha: 0.0207928288728
            Jive: 0.950564563274
            Quickstep: 0.00671675335616
            Rumba-American: 0.000431692315033
            Rumba-International: 0.000377339922125
            Rumba-Misc: 0.000248260155786
            Samba: 0.0145402392372
            Tango: 0.000424461759394
            VienneseWaltz: 0.00513053452596
            Waltz: 0.000773310661316
        probability: 0.950564563274
        value: "Jive"
    culture:
        all:
            non_western: 0.0374515987933
            western: 0.96254837513
        probability: 0.96254837513
        value: "western"
    gender:
        all:
            female: 0.00807670690119
            male: 0.99192327261
        probability: 0.99192327261
        value: "male"
    genre_dortmund:
        all:
            alternative: 0.0861815735698
            blues: 0.0304038748145
            electronic: 0.0332426279783
            folkcountry: 0.0292737018317
            funksoulrnb: 0.030369060114
            jazz: 0.0089186122641
            pop: 0.0262535531074
            raphiphop: 0.00840749032795
            rock: 0.746949493885
        probability: 0.746949493885
        value: "rock"
    genre_electronica:
        all:
            ambient: 0.161431446671
            dnb: 0.35453993082
            house: 0.0247003231198
            techno: 0.0799687430263
            trance: 0.379359543324
        probability: 0.379359543324
        value: "trance"
    genre_rosamerica:
        all:
            cla: 0.00297493115067
            dan: 0.00214116624556
            hip: 0.0065889316611
            jaz: 0.000931831717025
            pop: 0.00217881076969
            rhy: 0.00104103703052
            roc: 0.982877314091
            spe: 0.00126599147916
        probability: 0.982877314091
        value: "roc"
    genre_tzanetakis:
        all:
            blu: 0.00165026215836
            cla: 0.00166222115513
            cou: 0.021622331813
            dis: 0.06547960639
            hip: 0.0219071805477
            jaz: 0.00408048415557
            met: 0.352602869272
            pop: 0.0510462746024
            reg: 0.00589197408408
            roc: 0.474056780338
        probability: 0.474056780338
        value: "roc"
    live_studio:
        all:
            live: 0.0375374816358
            studio: 0.962462544441
        probability: 0.962462544441
        value: "studio"
    mood:
        all:
            Cluster1: 0.50978410244
            Cluster2: 0.0812932550907
            Cluster3: 0.0058202445507
            Cluster4: 0.0528008937836
            Cluster5: 0.350301504135
        probability: 0.50978410244
        value: "Cluster1"
    mood_acoustic:
        all:
            acoustic: 0.00431495485827
            not_acoustic: 0.995685040951
        probability: 0.995685040951
        value: "not_acoustic"
    mood_aggressive:
        all:
            aggressive: 0.994175672531
            not_aggressive: 0.00582430837676
        probability: 0.994175672531
        value: "aggressive"
    mood_electronic:
        all:
            electronic: 0.121868401766
            not_electronic: 0.878131628036
        probability: 0.878131628036
        value: "not_electronic"
    mood_happy:
        all:
            happy: 0.592450559139
            not_happy: 0.407549470663
        probability: 0.592450559139
        value: "happy"
    mood_party:
        all:
            not_party: 0.10409475863
            party: 0.895905256271
        probability: 0.895905256271
        value: "party"
    mood_relaxed:
        all:
            not_relaxed: 0.974891424179
            relaxed: 0.0251085590571
        probability: 0.974891424179
        value: "not_relaxed"
    mood_sad:
        all:
            not_sad: 0.998325824738
            sad: 0.0016742029693
        probability: 0.998325824738
        value: "not_sad"
    rhythm:
        all:
            fast: 0.871527552605
            medium: 0.0338533446193
            slow: 0.0946191027761
        probability: 0.871527552605
        value: "fast"
    speech_music:
        all:
            music: 0.999961316586
            speech: 3.86714491469e-05
        probability: 0.999961316586
        value: "music"
    timbre:
        all:
            bright: 0.283633470535
            dark: 0.716366529465
        probability: 0.716366529465
        value: "dark"
    voice_instrumental:
        all:
            instrumental: 0.393460392952
            voice: 0.606539607048
        probability: 0.606539607048
        value: "voice"

lowlevel:
    average_loudness: 0.975576817989
    barkbands_kurtosis:
        dmean: 1.22235131264
        dmean2: 1.95845115185
        dvar: 1.85181760788
        dvar2: 4.43413972855
        max: 12.6230344772
        mean: 0.432428687811
        min: -1.85107278824
        var: 3.33540892601
    barkbands_skewness:
        dmean: 0.468809902668
        dmean2: 0.709888577461
        dvar: 0.23354421556
        dvar2: 0.504071772099
        max: 3.26737713814
        mean: -0.819495618343
        min: -2.60366439819
        var: 0.702916741371
    barkbands_spread:
        dmean: 6.77377557755
        dmean2: 10.6569013596
        dvar: 41.347858429
        dvar2: 97.8753890991
        max: 71.6591110229
        mean: 27.1198883057
        min: 8.09366512299
        var: 103.572128296
    dissonance:
        dmean: 0.010309564881
        dmean2: 0.0173771176487
        dvar: 0.000116536466521
        dvar2: 0.000304249901092
        max: 0.499855786562
        mean: 0.484018534422
        min: 0.392733454704
        var: 0.000192315637833
    hfc:
        dmean: 3.25470376015
        dmean2: 5.37826681137
        dvar: 15.6691160202
        dvar2: 37.8902435303
        max: 39.8459320068
        mean: 11.3800649643
        min: 0.211646452546
        var: 32.3422050476
    pitch:
        dmean: 796.465820312
        dmean2: 1503.1262207
        dvar: 1383639.375
        dvar2: 3453229.75
        max: 4900
        mean: 1050.74951172
        min: 66.315788269
        var: 1791440.125
    pitch_instantaneous_confidence:
        dmean: 0.0909703150392
        dmean2: 0.14430129528
        dvar: 0.00773983309045
        dvar2: 0.0182015206665
        max: 0.930149555206
        mean: 0.385811626911
        min: 0.141941189766
        var: 0.0271624326706
    pitch_salience:
        dmean: 0.0505150072277
        dmean2: 0.0842802375555
        dvar: 0.00262610986829
        dvar2: 0.00686313770711
        max: 0.829521715641
        mean: 0.678158760071
        min: 0.320117712021
        var: 0.00566598167643
    silence_rate_20dB:
        dmean: 0
        dmean2: 0
        dvar: 0
        dvar2: 0
        max: 1
        mean: 1
        min: 1
        var: 0
    silence_rate_30dB:
        dmean: 0
        dmean2: 0
        dvar: 0
        dvar2: 0
        max: 1
        mean: 1
        min: 1
        var: 0
    silence_rate_60dB:
        dmean: 0.0974477976561
        dmean2: 0.193023249507
        dvar: 0.0879518985748
        dvar2: 0.192974552512
        max: 1
        mean: 0.148148149252
        min: 0
        var: 0.126201063395
    spectral_centroid:
        dmean: 304.193908691
        dmean2: 464.697540283
        dvar: 126457.242188
        dvar2: 299957.71875
        max: 5632.50097656
        mean: 2162.89599609
        min: 285.92868042
        var: 297187.75
    spectral_complexity:
        dmean: 4.61305379868
        dmean2: 7.35747671127
        dvar: 23.0670814514
        dvar2: 51.6736373901
        max: 44
        mean: 20.562789917
        min: 1
        var: 94.8227539062
    spectral_crest:
        dmean: 1.74055039883
        dmean2: 2.84583187103
        dvar: 2.94929385185
        dvar2: 7.35004472733
        max: 19.2473335266
        mean: 6.16998529434
        min: 2.64474368095
        var: 6.80601119995
    spectral_decrease:
        dmean: 3.38951672285e-10
        dmean2: 5.43992073609e-10
        dvar: 1.70172959364e-19
        dvar2: 3.9870405378e-19
        max: -9.8591447506e-11
        mean: -1.09357178868e-09
        min: -3.36592176353e-09
        var: 2.787099771e-19
    spectral_energy:
        dmean: 0.00153802009299
        dmean2: 0.00246195844375
        dvar: 3.50446703123e-06
        dvar2: 8.31499437481e-06
        max: 0.0163178946823
        mean: 0.00515959784389
        min: 0.000447742233519
        var: 6.0655793277e-06
    spectral_energyband_high:
        dmean: 0.00016949341807
        dmean2: 0.000278745428659
        dvar: 5.15109732646e-08
        dvar2: 1.3335785809e-07
        max: 0.00223958492279
        mean: 0.000480966933537
        min: 9.47366743276e-07
        var: 1.21900271211e-07
    spectral_energyband_low:
        dmean: 0.000123174162582
        dmean2: 0.000213701510802
        dvar: 3.8297638838e-08
        dvar2: 1.06510753994e-07
        max: 0.00149569218047
        mean: 0.000220978326979
        min: 4.89902868139e-06
        var: 3.54528033597e-08
    spectral_energyband_middle_high:
        dmean: 0.00102367973886
        dmean2: 0.00165966665372
        dvar: 1.465281116e-06
        dvar2: 3.53524114871e-06
        max: 0.0120545644313
        mean: 0.00351255945861
        min: 3.30838884111e-05
        var: 3.40573137692e-06
    spectral_energyband_middle_low:
        dmean: 0.000667876738589
        dmean2: 0.00109813956078
        dvar: 8.07301830719e-07
        dvar2: 1.88440640159e-06
        max: 0.0061092148535
        mean: 0.000945070758462
        min: 0.000121760815091
        var: 8.76772560332e-07
    spectral_flatness_db:
        dmean: 0.015108470805
        dmean2: 0.0237965714186
        dvar: 0.000195215296117
        dvar2: 0.000414743321016
        max: 0.275909930468
        mean: 0.150697514415
        min: 0.0803497433662
        var: 0.000829724420328
    spectral_flux:
        dmean: 0.0102610299364
        dmean2: 0.0147423055023
        dvar: 0.000112243971671
        dvar2: 0.000202641793294
        max: 0.104860626161
        mean: 0.0450894720852
        min: 0.00724130822346
        var: 0.000244905066211
    spectral_kurtosis:
        dmean: 1.40945744514
        dmean2: 2.32762932777
        dvar: 3.20911073685
        dvar2: 9.81305980682
        max: 23.3163375854
        mean: 4.0094332695
        min: -0.636541843414
        var: 5.69233512878
    spectral_rms:
        dmean: 0.000328963447828
        dmean2: 0.000516124418937
        dvar: 1.34552365694e-07
        dvar2: 3.01995783047e-07
        max: 0.00398997450247
        mean: 0.00217619049363
        min: 0.000660924881231
        var: 2.97949185324e-07
    spectral_rolloff:
        dmean: 329.472839355
        dmean2: 539.537536621
        dvar: 234308.359375
        dvar2: 486653.78125
        max: 8010.3515625
        mean: 3517.92553711
        min: 279.931640625
        var: 583700.875
    spectral_skewness:
        dmean: 0.179290041327
        dmean2: 0.297985583544
        dvar: 0.0494043529034
        dvar2: 0.139660835266
        max: 2.93329811096
        mean: 1.24008691311
        min: -0.181851476431
        var: 0.0963079482317
    spectral_spread:
        dmean: 455409.125
        dmean2: 673593.625
        dvar: 495708897280
        dvar2: 923735621632
        max: 11143065
        mean: 3797027.75
        min: 1610873.25
        var: 1.41722058752e+12
    spectral_strongpeak:
        dmean: 0.864713728428
        dmean2: 1.44872367382
        dvar: 1.06667840481
        dvar2: 2.71926569939
        max: 10.6983423233
        mean: 1.48001003265
        min: 0.0232726875693
        var: 1.79081976414
    zerocrossingrate:
        dmean: 0.0082507012412
        dmean2: 0.00998010393232
        dvar: 8.27504627523e-05
        dvar2: 0.00011922007252
        max: 0.220703125
        mean: 0.113202899694
        min: 0.01953125
        var: 0.000552635407075
    barkbands:
        dmean: [5.11061045927e-07, 4.11962391809e-05, 9.90231565083e-05, 0.000143270401168, 0.000260324421106, 0.000109080610855, 9.8015574622e-05, 0.000133572510094, 0.000106532679638, 7.59236281738e-05, 4.93396364618e-05, 5.79291699978e-05, 5.82418433623e-05, 0.000167544203578, 0.000174747154233, 0.000204038384254, 0.000256037514191, 0.000344124884577, 0.00032043439569, 0.000171662977664, 7.87011231296e-05, 3.24380816892e-05, 9.20258207771e-06, 3.83883343602e-06, 1.21242533169e-06, 6.85749483864e-08, 2.64436722519e-10]
        dmean2: [7.78160881509e-07, 6.81381352479e-05, 0.000175061504706, 0.000247516203672, 0.000438627408585, 0.000189949772903, 0.000164147393662, 0.000227555909078, 0.000185104261618, 0.000124915852211, 8.1063786638e-05, 9.66110892477e-05, 9.74473005044e-05, 0.000270500429906, 0.000288311362965, 0.000335688411724, 0.000426863785833, 0.000572863151319, 0.000525010051206, 0.000283548026346, 0.000132549976115, 5.49555006728e-05, 1.59383453138e-05, 6.79803088133e-06, 2.0852085072e-06, 1.13155074644e-07, 4.39576208766e-10]
        dvar: [1.19203616162e-12, 3.63371621681e-09, 2.52593022054e-08, 4.59187141644e-08, 1.37852111948e-07, 4.2243986087e-08, 3.2408834727e-08, 7.36741867513e-08, 7.62194289905e-08, 2.46186768749e-08, 7.43747552434e-09, 6.8931607089e-09, 9.49732381628e-09, 5.09230311252e-08, 4.34638494085e-08, 5.16766647252e-08, 9.27487704416e-08, 2.23185494974e-07, 1.74458008928e-07, 5.07255855098e-08, 7.8269986048e-09, 2.56788168507e-09, 1.18576681807e-09, 5.25674115348e-10, 4.23708568231e-11, 2.07653067918e-13, 1.03026007038e-18]
        dvar2: [2.79601645656e-12, 9.00990837494e-09, 7.00370534901e-08, 1.14247491467e-07, 3.53483642357e-07, 1.1379238174e-07, 7.14209278385e-08, 2.00146715201e-07, 2.06451304052e-07, 6.12914803355e-08, 1.83848900548e-08, 1.73146066373e-08, 2.54365204455e-08, 1.36629950021e-07, 1.16553273699e-07, 1.28251912201e-07, 2.33192338328e-07, 5.62601201182e-07, 4.18798776991e-07, 1.31330864406e-07, 2.11405097872e-08, 6.86813050876e-09, 3.27051097315e-09, 1.5219342453e-09, 1.21312487833e-10, 5.50520295583e-13, 1.21591662296e-18]
        max: [1.20396289276e-05, 0.000548595096916, 0.00110807642341, 0.00148677802645, 0.00232807570137, 0.00197489676066, 0.00243229954503, 0.00197694404051, 0.00357857020572, 0.00174242886715, 0.00125475996174, 0.000967467029113, 0.00128781842068, 0.00200344901532, 0.00252130022272, 0.00204128562473, 0.00262997183017, 0.00459240563214, 0.0039223106578, 0.00200287555344, 0.000716862967238, 0.000417838688008, 0.000385672494303, 0.000318368343869, 8.27912663226e-05, 5.90865784034e-06, 2.0318317695e-08]
        mean: [5.08710058966e-07, 6.48271307e-05, 0.000155669971718, 0.000124057565699, 0.000312599149765, 0.000114807320642, 0.00012534702546, 0.000135317503009, 0.000110474291432, 9.68301101238e-05, 6.9038644142e-05, 9.71158806351e-05, 0.000102334859548, 0.000321456172969, 0.000388116022805, 0.000455540925032, 0.000478446367197, 0.000717220129445, 0.00061615096638, 0.000392599205952, 0.000198185793124, 6.40492726234e-05, 1.31877186504e-05, 4.26303904533e-06, 1.38759583024e-06, 7.21693496075e-08, 2.70630379218e-10]
        min: [9.34119115392e-10, 3.7970073663e-07, 2.48424134952e-06, 1.06149525436e-06, 1.01590103441e-05, 6.38286655885e-06, 2.84593329525e-06, 1.37201755024e-06, 2.57685587712e-06, 1.23978747979e-06, 5.39211384876e-07, 6.71656721352e-07, 3.18031027291e-07, 2.85838808622e-07, 7.73282238242e-07, 1.3050346297e-06, 2.90878278975e-06, 4.73114732813e-06, 1.36377673243e-06, 9.05596436951e-07, 5.3015122603e-07, 8.21572783138e-08, 1.53554680082e-08, 4.29944702063e-09, 1.66330704765e-09, 6.28977911421e-11, 7.66434658794e-13]
        var: [1.35164579182e-12, 5.33614441522e-09, 2.10857500349e-08, 3.91872561067e-08, 1.24107970123e-07, 3.34743432973e-08, 4.29428439475e-08, 5.60528263804e-08, 5.59092399044e-08, 2.74656599686e-08, 1.37876323691e-08, 1.54940895669e-08, 1.43253995333e-08, 9.76066161229e-08, 9.27544334672e-08, 1.48599440308e-07, 1.56433472398e-07, 4.31060954043e-07, 2.69826585964e-07, 8.92983607059e-08, 2.15339852616e-08, 3.94832389006e-09, 9.02840913142e-10, 3.25020038661e-10, 2.65747944483e-11, 1.66352771402e-13, 1.01838796064e-18]
    mfcc:
        mean: [-694.33795166, 97.8641357422, -68.419593811, 61.1320228577, -5.78679037094, 3.46135735512, -6.02928495407, -3.57516145706, -1.39653027058, -0.394803255796, -1.50799846649, -5.4831366539, -7.9411406517]
        cov: [[2070.30322266, -760.424987793, -296.706420898, -263.284118652, -163.855041504, 70.193901062, -34.4954071045, -117.921653748, 14.5540008545, 9.46772003174, -36.4389915466, -18.4881572723, -6.14429569244], [-760.424987793, 962.456970215, -241.695343018, 81.4488601685, 64.2483673096, -165.85496521, 10.2913722992, 42.7122497559, -9.72165393829, -20.8410396576, 43.2378807068, 2.37509846687, -39.9113731384], [-296.706420898, -241.695343018, 632.841918945, 62.3579139709, -56.5642967224, 17.8501720428, -35.7171478271, 21.4209918976, -38.3386993408, -8.67094135284, -25.1972045898, 13.4333190918, 45.5209236145], [-263.284118652, 81.4488601685, 62.3579139709, 184.859771729, 39.5324172974, -7.76288986206, -5.27632188797, -5.08619451523, 2.88114333153, -1.54172062874, 16.9721660614, 12.6759996414, 6.60438871384], [-163.855041504, 64.2483673096, -56.5642967224, 39.5324172974, 141.455825806, 10.6790933609, -0.951772689819, 17.5988063812, 18.5342178345, -5.58945274353, 4.33898591995, 3.4498565197, -8.27916240692], [70.193901062, -165.85496521, 17.8501720428, -7.76288986206, 10.6790933609, 178.966049194, 48.5068016052, -3.79415035248, 19.243932724, 13.1370077133, -13.3133249283, 1.98587322235, 19.5723934174], [-34.4954071045, 10.2913722992, -35.7171478271, -5.27632188797, -0.951772689819, 48.5068016052, 89.9860076904, 22.9419746399, 4.48316812515, 5.78280544281, -2.21633243561, -2.9407119751, 5.21268796921], [-117.921653748, 42.7122497559, 21.4209918976, -5.08619451523, 17.5988063812, -3.79415035248, 22.9419746399, 75.6253433228, 22.4321098328, -5.10079145432, -2.6382317543, 8.49300098419, 9.11166858673], [14.5540008545, -9.72165393829, -38.3386993408, 2.88114333153, 18.5342178345, 19.243932724, 4.48316812515, 22.4321098328, 67.8691253662, 14.4040679932, -8.29900932312, 2.28831148148, -0.144738093019], [9.46772003174, -20.8410396576, -8.67094135284, -1.54172062874, -5.58945274353, 13.1370077133, 5.78280544281, -5.10079145432, 14.4040679932, 56.8147315979, 21.8750839233, 3.5278608799, 5.17834615707], [-36.4389915466, 43.2378807068, -25.1972045898, 16.9721660614, 4.33898591995, -13.3133249283, -2.21633243561, -2.6382317543, -8.29900932312, 21.8750839233, 64.2723999023, 24.0279903412, -3.27840995789], [-18.4881572723, 2.37509846687, 13.4333190918, 12.6759996414, 3.4498565197, 1.98587322235, -2.9407119751, 8.49300098419, 2.28831148148, 3.5278608799, 24.0279903412, 54.1014480591, 22.9779415131], [-6.14429569244, -39.9113731384, 45.5209236145, 6.60438871384, -8.27916240692, 19.5723934174, 5.21268796921, 9.11166858673, -0.144738093019, 5.17834615707, -3.27840995789, 22.9779415131, 54.4173545837]]
        icov: [[0.00130368198734, 0.00116968445946, 0.00104477978311, 0.000838368374389, 0.00109163566958, 0.000380910321837, 0.000361939892173, 0.000995756010525, -0.000422264449298, 0.000576406600885, 5.55128935957e-05, -0.000296387996059, -7.04385020072e-05], [0.00116968445946, 0.0026792967692, 0.00158900674433, -0.000111324006866, 0.000732277345378, 0.00172786333133, -0.000196685869014, -0.000218292683712, 0.000244326482061, 0.000741039693821, -0.000308372807922, -0.000238627253566, 0.000339086021995], [0.00104477978311, 0.00158900674433, 0.00334515003487, -0.000857999315485, 0.00194257346448, -9.10751168703e-06, 0.00194242130965, -0.00176972651388, 0.00210626027547, -0.000263522524619, 0.00144099351019, -0.000510315760039, -0.000668686989229], [0.000838368374389, -0.000111324006866, -0.000857999315485, 0.0077244322747, -0.00158607889898, 0.000492327730171, -0.000759146700148, 0.00374631630257, -0.00257409107871, 0.00177267484833, -0.00243444810621, -0.000169799546711, -0.00143018981908], [0.00109163566958, 0.000732277345378, 0.00194257346448, -0.00158607889898, 0.00989324878901, -0.0014215556439, 0.00229578115977, -0.00218216865323, -0.000944088737015, 0.00132683420088, 6.2236598751e-05, -0.000600176863372, 0.0015181802446], [0.000380910321837, 0.00172786333133, -9.10751168703e-06, 0.000492327730171, -0.0014215556439, 0.0093292966485, -0.00563162239268, 0.00326765328646, -0.00269470526837, -0.000198808862478, 0.000649826601148, -0.000398499832954, -0.00210213055834], [0.000361939892173, -0.000196685869014, 0.00194242130965, -0.000759146700148, 0.00229578115977, -0.00563162239268, 0.0169396679848, -0.00728136347607, 0.00377914798446, -0.00209245271981, 0.00087375898147, 0.00156823627185, -6.5153457399e-05], [0.000995756010525, -0.000218292683712, -0.00176972651388, 0.00374631630257, -0.00218216865323, 0.00326765328646, -0.00728136347607, 0.0223523881286, -0.00996546074748, 0.00515334866941, -0.00219849846326, -0.00136255647521, -0.00364843383431], [-0.000422264449298, 0.000244326482061, 0.00210626027547, -0.00257409107871, -0.000944088737015, -0.00269470526837, 0.00377914798446, -0.00996546074748, 0.0233962163329, -0.00955518335104, 0.00822891760617, -0.00382147892378, 0.00389508367516], [0.000576406600885, 0.000741039693821, -0.000263522524619, 0.00177267484833, 0.00132683420088, -0.000198808862478, -0.00209245271981, 0.00515334866941, -0.00955518335104, 0.026366064325, -0.0134016424417, 0.00581880565733, -0.00557399494573], [5.55128935957e-05, -0.000308372807922, 0.00144099351019, -0.00243444810621, 6.2236598751e-05, 0.000649826601148, 0.00087375898147, -0.00219849846326, 0.00822891760617, -0.0134016424417, 0.0288214944303, -0.0152301602066, 0.00839485786855], [-0.000296387996059, -0.000238627253566, -0.000510315760039, -0.000169799546711, -0.000600176863372, -0.000398499832954, 0.00156823627185, -0.00136255647521, -0.00382147892378, 0.00581880565733, -0.0152301602066, 0.0315969362855, -0.0144544085488], [-7.04385020072e-05, 0.000339086021995, -0.000668686989229, -0.00143018981908, 0.0015181802446, -0.00210213055834, -6.5153457399e-05, -0.00364843383431, 0.00389508367516, -0.00557399494573, 0.00839485786855, -0.0144544085488, 0.028104333207]]
    spectral_contrast:
        mean: [-8.0979582151e-08, 2.45888656991e-07, -8.23705022412e-07, 1.09506210322e-07, -4.6055851044e-07, 3.03221305842e-08, 3.77023638976e-06, -9.82229153124e-07, 1.75875288733e-06, -5.12184101353e-07, 1.07593314169e-06, -6.64522474381e-07]
        var: [0.000451144471299, 0.000912047107704, 0.00152097188402, 0.00216409238055, 0.00305898068473, 0.00326189724728, 0.047435104847, 0.0759446322918, 0.176876246929, 0.25670337677, 0.405105799437, 1.35943591595]

rhythm:
    beats_loudness:
        dmean: 0.00382897560485
        dmean2: 0.00683297542855
        dvar: 3.51051426151e-06
        dvar2: 1.40571255542e-05
        max: 0.011736263521
        mean: 0.0062896842137
        min: 0.0019151797751
        var: 5.95875826548e-06
    beats_loudness_bass:
        dmean: 0.0756135135889
        dmean2: 0.149326980114
        dvar: 0.00950303580612
        dvar2: 0.0249558612704
        max: 0.371569216251
        mean: 0.0574943721294
        min: 0.00625645881519
        var: 0.00663247145712
    bpm: 117.053009033
    bpm_confidence: 0
    first_peak_bpm: 117
    first_peak_spread: 0
    first_peak_weight: 0.5
    onset_rate: 3.48917627335
    second_peak_bpm: 156
    second_peak_spread: 0
    second_peak_weight: 0.449999988079
    beats_position: [0.403728067875, 0.916317760944, 1.42890751362, 1.94149708748, 2.45408678055, 2.96667647362, 3.47926616669, 3.99185585976, 4.50444555283, 5.01703500748, 5.52962446213, 6.25623369217, 6.64171695709, 7.02719926834, 7.41268205643, 7.79816436768, 8.18364810944, 8.56912994385, 8.95461273193, 9.34009552002, 9.72557830811]
    bpm_estimates: [116.794219971, 117.106719971, 117.258079529]
    bpm_intervals: [0.512589693069, 0.512589752674, 0.51258957386, 0.512589693069, 0.512589693069, 0.512589693069, 0.512589693069, 0.512589693069, 0.512589454651, 0.512589454651, 0.726609230042, 0.385483264923, 0.385482311249, 0.385482788086, 0.385482311249, 0.38548374176, 0.385481834412, 0.385482788086, 0.385482788086, 0.385482788086]
    onset_times: [0.0580498874187, 0.243809521198, 0.394739240408, 1.18421769142, 1.42802715302, 1.78793644905, 1.95047616959, 2.17106580734, 2.68190479279, 3.06503391266, 3.29723358154, 3.42494320869, 3.49460315704, 3.85451245308, 4.12154197693, 4.23764181137, 4.6439909935, 4.86458063126, 5.0387301445, 5.18966007233, 5.4334692955, 5.74693870544, 6.08362817764, 6.61768722534, 6.8382768631, 7.41877555847, 7.67419481277, 8.0224943161, 8.19664382935, 8.42884349823, 8.85841274261, 8.95129299164, 9.21832180023, 9.34603214264, 9.72916126251]
    rubato_start: [6.64171695709]
    rubato_stop: [9.72557830811]
    perceptual_tempo: "unknown"

sfx:
    inharmonicity:
        dmean: 0.0681136846542
        dmean2: 0.119513839483
        dvar: 0.00407957937568
        dvar2: 0.0113071808591
        max: 0.417476892471
        mean: 0.0914600044489
        min: 0
        var: 0.00510812317953
    oddtoevenharmonicenergyratio:
        dmean: 3.81498670578
        dmean2: 7.33552074432
        dvar: 292.204681396
        dvar2: 866.958007812
        max: 179.016403198
        mean: 2.38513302803
        min: 0
        var: 151.657287598
    pitch_after_max_to_before_max_energy_ratio: 8.58418941498
    pitch_centroid: 233.851745605
    pitch_max_to_total: 0.258139520884
    pitch_min_to_total: 0.453488379717
    tristimulus:
        dmean: [0.158293917775, 0.253865748644, 0.175034463406]
        dmean2: [0.276031821966, 0.437266141176, 0.315485805273]
        dvar: [0.0221060216427, 0.042460706085, 0.0234507825226]
        dvar2: [0.0629840940237, 0.123431660235, 0.064023911953]
        max: [1, 0.968618094921, 0.717015445232]
        mean: [0.259107917547, 0.462570160627, 0.208053588867]
        min: [0.00802561081946, 0, 0]
        var: [0.026388110593, 0.0536205396056, 0.0319481007755]

tonal:
    chords_changes_rate: 0.111111111939
    chords_number_rate: 0.037037037313
    chords_strength:
        dmean: 0.0124381072819
        dmean2: 0.0127732660621
        dvar: 9.54956340138e-05
        dvar2: 0.000129320716951
        max: 0.65157109499
        mean: 0.467044651508
        min: 0.281828910112
        var: 0.0105496263131
    key_strength: 0.49607872963
    tuning_diatonic_strength: 0.414957940578
    tuning_equal_tempered_deviation: 0.189342781901
    tuning_frequency: 443.572570801
    tuning_nontempered_energy_ratio: 0.794907033443
    hpcp:
        dmean: [0.191496193409, 0.159484401345, 0.152450546622, 0.155007809401, 0.130127370358, 0.171700358391, 0.199112996459, 0.162633314729, 0.173089742661, 0.180510804057, 0.161045074463, 0.177273377776, 0.177310630679, 0.140000164509, 0.127255916595, 0.130712240934, 0.138052999973, 0.153447568417, 0.16247574985, 0.138555824757, 0.145360693336, 0.159659743309, 0.155150592327, 0.149760484695, 0.128746658564, 0.171917587519, 0.187930494547, 0.189381495118, 0.218702569604, 0.210378110409, 0.186239212751, 0.16259637475, 0.192344918847, 0.192390933633, 0.186095669866, 0.206364706159]
        dmean2: [0.317906081676, 0.260261029005, 0.255702763796, 0.261650174856, 0.221249252558, 0.277785539627, 0.332541763783, 0.288542836905, 0.298136621714, 0.308643132448, 0.285523295403, 0.296856850386, 0.296695560217, 0.238566726446, 0.21736818552, 0.219887852669, 0.237656161189, 0.262015610933, 0.265990078449, 0.231904983521, 0.25600412488, 0.269346565008, 0.25479927659, 0.237016230822, 0.207150235772, 0.291787534952, 0.31970474124, 0.319875478745, 0.380813270807, 0.360671967268, 0.299782276154, 0.26754617691, 0.32405641675, 0.32592061162, 0.323557019234, 0.332397341728]
        dvar: [0.036892786622, 0.0263474620879, 0.0340473242104, 0.0317173413932, 0.0160539988428, 0.0246914271265, 0.0333622172475, 0.0315014384687, 0.0330656133592, 0.0420594364405, 0.0268667731434, 0.0286094080657, 0.0308660753071, 0.0230592750013, 0.0230288058519, 0.016280464828, 0.032668620348, 0.0301860496402, 0.0301648136228, 0.0184065233916, 0.0222077015787, 0.0248510744423, 0.0264980010688, 0.0279193595052, 0.012617171742, 0.0351792573929, 0.0365101993084, 0.0403343997896, 0.0577471964061, 0.0446797758341, 0.0345791950822, 0.0244347676635, 0.0352550595999, 0.031442862004, 0.0251191090792, 0.0357213430107]
        dvar2: [0.0846474990249, 0.0743468850851, 0.0774686932564, 0.0731738805771, 0.040334161371, 0.0606617033482, 0.0768295302987, 0.0814159959555, 0.0806901603937, 0.109189726412, 0.0650773197412, 0.0692844986916, 0.0784171521664, 0.0656147822738, 0.0675006732345, 0.0464928634465, 0.0925432518125, 0.071343973279, 0.0750418305397, 0.0465262681246, 0.0516217164695, 0.0542232133448, 0.0609357468784, 0.0638999268413, 0.0317532084882, 0.101330757141, 0.102434076369, 0.0983749032021, 0.150796607137, 0.113798625767, 0.0805199891329, 0.0684675648808, 0.0749403089285, 0.0658720433712, 0.0676411092281, 0.087663769722]
        max: [1, 0.940704643726, 1, 1, 0.812022924423, 1, 1, 1, 1, 1, 0.944254696369, 1, 1, 0.963568508625, 1, 0.947740077972, 1, 1, 1, 0.920046389103, 1, 1, 1, 1, 0.742127597332, 1, 1, 1, 1, 1, 1, 1, 1, 1, 1, 1]
        mean: [0.384797036648, 0.256301045418, 0.230440557003, 0.228427544236, 0.21969820559, 0.365476340055, 0.47624194622, 0.353200644255, 0.289492338896, 0.282342851162, 0.271578431129, 0.345844686031, 0.362989217043, 0.25889107585, 0.21778100729, 0.224966406822, 0.202733978629, 0.252602756023, 0.273543775082, 0.218467831612, 0.25995221734, 0.308439522982, 0.299330294132, 0.267164736986, 0.216645985842, 0.222983136773, 0.275357931852, 0.332125723362, 0.322715699673, 0.335058838129, 0.340426236391, 0.298569440842, 0.378129035234, 0.391433775425, 0.358812391758, 0.438370138407]
        min: [0.0129262562841, 0.012166458182, 0.00327952415682, 0.00444166921079, 0.00851406808943, 0.00288477004506, 0.00210585584864, 0.00205483357422, 0.00217397324741, 0.00708850100636, 0.00875774677843, 0.0156246088445, 0.0127004766837, 0.0116961449385, 0.00279943761416, 0.00664034532383, 0.0013772433158, 0.00259886868298, 0.00368951098062, 0.00317701813765, 0.0135004669428, 0.0045220721513, 0.00416370946914, 0.00158535048831, 0.00217450340278, 0.0036184117198, 0.00322022149339, 0.00330243143253, 0.00520482752472, 0.00304292188957, 0.00480032619089, 0.00356046902016, 0.00264975707978, 0.00330667616799, 0.0146321896464, 0.01318399515]
        var: [0.0721003636718, 0.0402245074511, 0.0433154627681, 0.0407861247659, 0.0245046466589, 0.0607532039285, 0.100326739252, 0.0535031147301, 0.0556549988687, 0.0574575848877, 0.0369386710227, 0.059735506773, 0.0881060138345, 0.0434265136719, 0.0300811026245, 0.0313432663679, 0.0342696607113, 0.049869928509, 0.0613923966885, 0.0293333679438, 0.0390182957053, 0.048660453409, 0.0526060014963, 0.066197283566, 0.025860901922, 0.0392603874207, 0.048473380506, 0.0720259547234, 0.0741765424609, 0.0699013993144, 0.0671361088753, 0.0368730090559, 0.0795492008328, 0.081936404109, 0.0508863888681, 0.0840714499354]
    chords_histogram: [43.9814796448, 4.62962961197, 0, 0, 0, 0, 0, 4.62962961197, 0, 0, 0, 0, 0, 0, 0, 10.1851854324, 0, 24.5370368958, 6.94444465637, 1.85185182095, 0, 3.24074077606, 0, 0]
    thpcp: [1, 0.741641163826, 0.60786819458, 0.592855930328, 0.570253074169, 0.726195335388, 0.762194991112, 0.543612480164, 0.457290679216, 0.472378402948, 0.425695329905, 0.53040844202, 0.574379861355, 0.458732873201, 0.545840680599, 0.647652983665, 0.628525674343, 0.560985326767, 0.454907387495, 0.46821397543, 0.578189134598, 0.697388648987, 0.677629709244, 0.703547537327, 0.71481782198, 0.626928091049, 0.793985128403, 0.821922063828, 0.753424584866, 0.920477807522, 0.807986438274, 0.538174033165, 0.48387286067, 0.479645997286, 0.461316376925, 0.767417371273]
    chords_key: "E"
    chords_scale: "major"
    key_key: "E"
    key_scale: "major"
    chords_progression: ["G#m", "G#m", "G#m", "G#m", "E", "G#m", "G#m", "G#m", "Em", "Em", "Em", "Em", "Em", "Em", "Em", "Em", "Em", "Em", "Em", "Em", "Em", "Em", "Em", "Em", "Em", "Em", "Em", "Em", "Em", "Em", "Em", "Em", "Em", "Em", "Em", "Em", "Em", "E", "E", "Em", "Em", "Em", "Em", "Em", "Em", "Em", "Em", "Em", "Em", "Em", "Em", "Em", "Em", "Em", "Em", "Em", "G#m", "Am", "Am", "Am", "Am", "G#m", "G#m", "Am", "Am", "Am", "Am", "Am", "Am", "Am", "Am", "Am", "Am", "E", "E", "E", "E", "E", "E", "E", "E", "E", "E", "E", "E", "E", "E", "E", "E", "E", "E", "E", "E", "E", "E", "E", "E", "E", "E", "E", "E", "E", "E", "E", "E", "E", "E", "E", "E", "E", "E", "E", "E", "E", "E", "E", "E", "E", "E", "E", "E", "E", "E", "E", "E", "E", "E", "E", "E", "E", "E", "E", "E", "E", "E", "E", "E", "E", "E", "E", "E", "E", "E", "E", "E", "Em", "Em", "Em", "Em", "Em", "Em", "Em", "E", "E", "E", "E", "Bm", "Bm", "Bm", "Bm", "G", "G", "G", "G", "G", "G", "G", "G", "F#m", "F#m", "F#m", "F#m", "F#m", "F#m", "F#m", "G", "G", "G", "G", "G", "G", "G", "Fm", "Fm", "Fm", "Fm", "Fm", "Fm", "Fm", "Fm", "Fm", "Fm", "E", "E", "E", "E", "E", "E", "E", "E", "Am", "Am", "Am", "Am", "E", "Am", "Am", "E", "Am", "Am", "E", "E", "E", "E", "E", "E"]
