
metadata:
    version:
        essentia: "1.2.2"
    audio_properties:
        analysis_sample_rate: 44100
        bitrate: 128
        channels: 2
        equal_loudness: 1
        length: 10.0310201645
        replay_gain: 10.0760860443
        downmix: "mix"
    tags:
        track: 24
        year: 0
        album: "Splitted by Mp3Splt v. 2.1"
        artist: "From 003.50 To 004.00"
        comment: "http://mp3splt.sf.net"
        genre: ""
        title: "03 Solitude.mp3"

highlevel:
    ballroom:
        all:
            ChaChaCha: 0.0130776874721
            Jive: 0.00523672718555
            Quickstep: 0.00104964175262
            Rumba-American: 0.0194859690964
            Rumba-International: 0.873103439808
            Rumba-Misc: 0.0502867363393
            Samba: 0.00908145215362
            Tango: 0.00277495174669
            VienneseWaltz: 0.00887477677315
            Waltz: 0.0170286055654
        probability: 0.873103439808
        value: "Rumba-International"
    culture:
        all:
            non_western: 0.252730458975
            western: 0.747269570827
        probability: 0.747269570827
        value: "western"
    gender:
        all:
            female: 0.712282299995
            male: 0.287717700005
        probability: 0.712282299995
        value: "female"
    genre_dortmund:
        all:
            alternative: 0.0337163992226
            blues: 0.00183915777598
            electronic: 0.216931477189
            folkcountry: 0.0175586100668
            funksoulrnb: 0.000857224455103
            jazz: 0.71167165041
            pop: 0.00735254213214
            raphiphop: 0.000523750088178
            rock: 0.00954919494689
        probability: 0.71167165041
        value: "jazz"
    genre_electronica:
        all:
            ambient: 0.768625915051
            dnb: 0.00469420477748
            house: 0.0293647926301
            techno: 0.184981673956
            trance: 0.0123334182426
        probability: 0.768625915051
        value: "ambient"
    genre_rosamerica:
        all:
            cla: 0.026872323826
            dan: 0.117992267013
            hip: 0.0219538286328
            jaz: 0.715320706367
            pop: 0.0128510585055
            rhy: 0.0553024783731
            roc: 0.0442005805671
            spe: 0.00550677441061
        probability: 0.715320706367
        value: "jaz"
    genre_tzanetakis:
        all:
            blu: 0.257319062948
            cla: 0.131313055754
            cou: 0.030214658007
            dis: 0.0334712825716
            hip: 0.0811902955174
            jaz: 0.13183285296
            met: 0.0386490635574
            pop: 0.079362526536
            reg: 0.156374618411
            roc: 0.06027257815
        probability: 0.257319062948
        value: "blu"
    live_studio:
        all:
            live: 0.564671933651
            studio: 0.435328096151
        probability: 0.564671933651
        value: "live"
    mood:
        all:
            Cluster1: 0.0900765657425
            Cluster2: 0.0164151899517
            Cluster3: 0.740936219692
            Cluster4: 0.00936616584659
            Cluster5: 0.143205866218
        probability: 0.740936219692
        value: "Cluster3"
    mood_acoustic:
        all:
            acoustic: 0.257206559181
            not_acoustic: 0.742793440819
        probability: 0.742793440819
        value: "not_acoustic"
    mood_aggressive:
        all:
            aggressive: 0.0653811991215
            not_aggressive: 0.934618830681
        probability: 0.934618830681
        value: "not_aggressive"
    mood_electronic:
        all:
            electronic: 0.837844073772
            not_electronic: 0.162155926228
        probability: 0.837844073772
        value: "electronic"
    mood_happy:
        all:
            happy: 0.010677411221
            not_happy: 0.989322602749
        probability: 0.989322602749
        value: "not_happy"
    mood_party:
        all:
            not_party: 0.967200160027
            party: 0.0327998511493
        probability: 0.967200160027
        value: "not_party"
    mood_relaxed:
        all:
            not_relaxed: 0.163436442614
            relaxed: 0.836563587189
        probability: 0.836563587189
        value: "relaxed"
    mood_sad:
        all:
            not_sad: 0.124373793602
            sad: 0.875626206398
        probability: 0.875626206398
        value: "sad"
    rhythm:
        all:
            fast: 0.195977330208
            medium: 0.187003806233
            slow: 0.61701887846
        probability: 0.61701887846
        value: "slow"
    speech_music:
        all:
            music: 0.975762188435
            speech: 0.0242377948016
        probability: 0.975762188435
        value: "music"
    timbre:
        all:
            bright: 0.0942369550467
            dark: 0.905763030052
        probability: 0.905763030052
        value: "dark"
    voice_instrumental:
        all:
            instrumental: 0.999996781349
            voice: 3.24538268615e-06
        probability: 0.999996781349
        value: "instrumental"

lowlevel:
    average_loudness: 0.949664711952
    barkbands_kurtosis:
        dmean: 22.9675922394
        dmean2: 32.7631454468
        dvar: 723.779418945
        dvar2: 1366.7286377
        max: 273.272949219
        mean: 55.6338691711
        min: -1.80762636662
        var: 2454.07373047
    barkbands_skewness:
        dmean: 1.38503265381
        dmean2: 1.99765586853
        dvar: 1.76327562332
        dvar2: 3.55560445786
        max: 13.8888397217
        mean: 5.37002658844
        min: -0.244681924582
        var: 6.98643445969
    barkbands_spread:
        dmean: 5.42652750015
        dmean2: 8.40240764618
        dvar: 96.8878326416
        dvar2: 215.717224121
        max: 64.9867019653
        mean: 7.73050737381
        min: 0.422745108604
        var: 146.235214233
    dissonance:
        dmean: 0.0244192685932
        dmean2: 0.0378064550459
        dvar: 0.000620227074251
        dvar2: 0.00127033807803
        max: 0.499919742346
        mean: 0.435274869204
        min: 0.269394904375
        var: 0.00205683056265
    hfc:
        dmean: 0.246147632599
        dmean2: 0.376242607832
        dvar: 0.169485867023
        dvar2: 0.415000349283
        max: 3.46379208565
        mean: 0.548779070377
        min: 0.000993122346699
        var: 0.33978381753
    pitch:
        dmean: 394.346862793
        dmean2: 778.184936523
        dvar: 1297292.375
        dvar2: 3404402
        max: 4410
        mean: 479.681884766
        min: 43.277721405
        var: 1207977.75
    pitch_instantaneous_confidence:
        dmean: 0.0950276851654
        dmean2: 0.145901024342
        dvar: 0.0107155740261
        dvar2: 0.024895908311
        max: 0.857318460941
        mean: 0.559793770313
        min: 0.103267848492
        var: 0.031043374911
    pitch_salience:
        dmean: 0.0845200642943
        dmean2: 0.131123065948
        dvar: 0.00753475446254
        dvar2: 0.0186536069959
        max: 0.764364659786
        mean: 0.384380608797
        min: 0.0777669921517
        var: 0.0259178448468
    silence_rate_20dB:
        dmean: 0
        dmean2: 0
        dvar: 0
        dvar2: 0
        max: 1
        mean: 1
        min: 1
        var: 0
    silence_rate_30dB:
        dmean: 0
        dmean2: 0
        dvar: 0
        dvar2: 0
        max: 1
        mean: 1
        min: 1
        var: 0
    silence_rate_60dB:
        dmean: 0.106481485069
        dmean2: 0.211136892438
        dvar: 0.0951430797577
        dvar2: 0.171198472381
        max: 1
        mean: 0.67205542326
        min: 0
        var: 0.220396056771
    spectral_centroid:
        dmean: 124.804168701
        dmean2: 195.910308838
        dvar: 77242.25
        dvar2: 192473.5
        max: 2458.66821289
        mean: 279.578338623
        min: 110.900672913
        var: 84181.5078125
    spectral_complexity:
        dmean: 0.617169380188
        dmean2: 1.02093029022
        dvar: 0.825595736504
        dvar2: 1.60188353062
        max: 9
        mean: 2.2824075222
        min: 0
        var: 2.17025566101
    spectral_crest:
        dmean: 2.39329504967
        dmean2: 3.78345346451
        dvar: 5.93315124512
        dvar2: 14.3994894028
        max: 24.3218231201
        mean: 15.0152635574
        min: 4.41071176529
        var: 18.2481803894
    spectral_decrease:
        dmean: 3.02080804815e-10
        dmean2: 4.28029001132e-10
        dvar: 2.70942492654e-19
        dvar2: 5.74045250536e-19
        max: -1.35157618604e-12
        mean: -7.83439202401e-10
        min: -5.64870505926e-09
        var: 8.05042209133e-19
    spectral_energy:
        dmean: 0.00115837575868
        dmean2: 0.00164086802397
        dvar: 3.96272253056e-06
        dvar2: 8.40902157506e-06
        max: 0.021631134674
        mean: 0.00300665595569
        min: 5.19122386322e-06
        var: 1.17845293062e-05
    spectral_energyband_high:
        dmean: 1.05270883068e-05
        dmean2: 1.75358636625e-05
        dvar: 1.27889687729e-09
        dvar2: 3.41295680606e-09
        max: 0.000285901944153
        mean: 1.03792253867e-05
        min: 1.92195717119e-08
        var: 9.15991615891e-10
    spectral_energyband_low:
        dmean: 0.00060779589694
        dmean2: 0.000863493653014
        dvar: 1.10951134502e-06
        dvar2: 2.32924458032e-06
        max: 0.0104688443244
        mean: 0.00135967263486
        min: 1.62869037013e-06
        var: 2.87927537101e-06
    spectral_energyband_middle_high:
        dmean: 2.07019820664e-05
        dmean2: 3.31514129357e-05
        dvar: 2.13003992222e-09
        dvar2: 5.32510435747e-09
        max: 0.000300852145301
        mean: 2.34220988204e-05
        min: 4.28285282794e-08
        var: 1.92238669428e-09
    spectral_energyband_middle_low:
        dmean: 0.000664154184051
        dmean2: 0.000992543296888
        dvar: 2.03358217732e-06
        dvar2: 4.54317978438e-06
        max: 0.0131735475734
        mean: 0.00161304150242
        min: 2.56733119386e-06
        var: 5.73812212679e-06
    spectral_flatness_db:
        dmean: 0.0404141657054
        dmean2: 0.0568673051894
        dvar: 0.00184509239625
        dvar2: 0.00321117299609
        max: 0.442495286465
        mean: 0.297783106565
        min: 0.0961410477757
        var: 0.00637865392491
    spectral_flux:
        dmean: 0.01014564652
        dmean2: 0.0167093519121
        dvar: 0.000212240091059
        dvar2: 0.000551842327695
        max: 0.106583744287
        mean: 0.0174651313573
        min: 0.00227842573076
        var: 0.000250783225056
    spectral_kurtosis:
        dmean: 3.69057631493
        dmean2: 5.5386724472
        dvar: 21.1351776123
        dvar2: 42.0029067993
        max: 70.6833190918
        mean: 9.55400371552
        min: 0.21447634697
        var: 87.9634094238
    spectral_rms:
        dmean: 0.000343997002346
        dmean2: 0.000462787866127
        dvar: 2.16000444198e-07
        dvar2: 4.02428128154e-07
        max: 0.00459385942668
        mean: 0.00147546594962
        min: 7.11660613888e-05
        var: 7.56323004225e-07
    spectral_rolloff:
        dmean: 273.886108398
        dmean2: 495.213012695
        dvar: 700793.5625
        dvar2: 1760368.625
        max: 4780.37109375
        mean: 386.501312256
        min: 107.666015625
        var: 635666.5
    spectral_skewness:
        dmean: 0.479583710432
        dmean2: 0.659595787525
        dvar: 0.244525805116
        dvar2: 0.420101135969
        max: 7.14879894257
        mean: 2.50324368477
        min: 0.765558183193
        var: 1.19302856922
    spectral_spread:
        dmean: 956835.1875
        dmean2: 1406339.75
        dvar: 1.2951748608e+12
        dvar2: 2.19242784358e+12
        max: 14658481
        mean: 5384023
        min: 1235698
        var: 3.28200644198e+12
    spectral_strongpeak:
        dmean: 0.0643735900521
        dmean2: 0.0914874523878
        dvar: 0.00712656415999
        dvar2: 0.0135068753734
        max: 0.797444880009
        mean: 0.221849471331
        min: 0.00301943346858
        var: 0.0278256703168
    zerocrossingrate:
        dmean: 0.00780796818435
        dmean2: 0.0091160973534
        dvar: 0.000107693253085
        dvar2: 0.000132846224005
        max: 0.10205078125
        mean: 0.0215024594218
        min: 0.00439453125
        var: 0.000393214955693
    barkbands:
        dmean: [4.22936324185e-07, 0.000191265105968, 0.000454614928458, 0.000530149205588, 0.000130278203869, 3.71295682271e-05, 1.91989383893e-05, 7.99667577667e-06, 4.03175636166e-06, 2.53877783507e-06, 1.46875891005e-06, 1.2630709989e-06, 1.92145398614e-06, 1.40451845709e-06, 1.38663324378e-06, 1.19912624541e-06, 1.36425160235e-06, 2.62317053057e-06, 3.93720802094e-06, 7.88636589277e-06, 4.36185473518e-06, 1.93962364392e-06, 3.93858670122e-07, 2.46997643671e-07, 3.18753080819e-07, 1.22667946911e-08, 5.40257893977e-10]
        dmean2: [4.33068578332e-07, 0.00028034785646, 0.000648212153465, 0.000788638950326, 0.000201732953428, 5.55933875148e-05, 2.90015887003e-05, 1.21415723697e-05, 6.63535183776e-06, 4.16525972469e-06, 2.30187561101e-06, 2.02927139981e-06, 3.12213774123e-06, 2.3283516839e-06, 2.39245741795e-06, 2.03273179977e-06, 2.23030156121e-06, 4.28177918366e-06, 6.42822942609e-06, 1.3707933249e-05, 7.30469719201e-06, 3.28387977788e-06, 6.53122015137e-07, 4.32703700426e-07, 5.64734421005e-07, 2.14200621684e-08, 6.65401511668e-10]
        dvar: [3.69774488806e-11, 1.1385797194e-07, 6.60073681047e-07, 1.54929273322e-06, 7.2357885017e-08, 1.06579989279e-08, 2.80471579295e-09, 3.24436782995e-10, 1.40897002399e-10, 6.27299601152e-11, 1.39044288236e-11, 1.54740838199e-11, 2.15484297073e-11, 9.90327177902e-12, 1.08672975133e-11, 1.3401180339e-11, 1.46489764763e-11, 5.00819628824e-11, 1.31664554259e-10, 7.03413383096e-10, 2.07573624955e-10, 5.33844080053e-11, 2.00704058408e-12, 9.29248756935e-13, 1.73726755637e-12, 2.45303684964e-15, 6.49727739499e-17]
        dvar2: [3.67273850221e-11, 2.36385744756e-07, 1.41088571581e-06, 3.47889067598e-06, 1.56773523941e-07, 2.5314331964e-08, 6.43788622412e-09, 7.23790805068e-10, 3.67217367625e-10, 1.54371668226e-10, 3.24597883294e-11, 3.44849183931e-11, 4.96564872554e-11, 2.39656211543e-11, 2.90018668803e-11, 3.36896621711e-11, 3.80184911331e-11, 1.26109178655e-10, 3.40129147069e-10, 1.94342764104e-09, 5.59105650666e-10, 1.42769615574e-10, 5.26382626723e-12, 2.51950457025e-12, 4.71955027143e-12, 6.68564587575e-15, 6.52949045502e-17]
        max: [0.000126880797325, 0.00329181132838, 0.00725983642042, 0.0116717377678, 0.00331852631643, 0.00153655814938, 0.000737900554668, 0.000227972705034, 0.000145862490172, 0.000108619009552, 5.43711757928e-05, 5.23671005794e-05, 4.85177661176e-05, 3.47596105712e-05, 2.89312956738e-05, 4.55672343378e-05, 2.74972044281e-05, 6.06542707828e-05, 8.83383982e-05, 0.000185119250091, 0.000125740785734, 6.95003982401e-05, 1.68720143847e-05, 8.6168956841e-06, 1.48876370076e-05, 4.67807012683e-07, 1.67676688534e-07]
        mean: [5.94052721681e-07, 0.000332460418576, 0.00102676043753, 0.00131034862716, 0.000197210742044, 5.67229326407e-05, 3.22252890328e-05, 1.18935931823e-05, 4.30445243182e-06, 3.41281383953e-06, 1.54313306666e-06, 1.25931478578e-06, 1.76220794401e-06, 1.31733781927e-06, 1.20988158869e-06, 1.25268581996e-06, 1.43225202009e-06, 2.88129422188e-06, 4.05561331718e-06, 7.02881743564e-06, 4.25966709372e-06, 1.86273166491e-06, 3.84680532761e-07, 2.0992020211e-07, 2.54791729049e-07, 1.00882138199e-08, 5.0928938844e-10]
        min: [3.70218328216e-10, 1.47388107052e-07, 9.23630636862e-07, 1.34748904657e-06, 9.1788035661e-07, 1.25884028535e-07, 1.44767886567e-08, 1.39957974099e-08, 2.08575245964e-09, 7.00416791233e-09, 6.49142606335e-09, 1.86082782516e-09, 2.97449925801e-10, 2.7483737508e-09, 1.81511361497e-09, 5.12697484467e-09, 4.26720836444e-09, 4.40634462251e-09, 7.19851867004e-09, 6.27025453781e-09, 9.15477116337e-09, 4.10707956533e-09, 7.67289898285e-10, 3.32784105828e-10, 2.94174046234e-10, 1.61230646889e-11, 9.17057228766e-14]
        var: [3.82936737875e-11, 3.00444042978e-07, 1.78482935098e-06, 4.70823397336e-06, 1.29915804337e-07, 1.62590225727e-08, 5.25552268371e-09, 6.48151032845e-10, 1.32241287365e-10, 6.66348087819e-11, 1.52655787317e-11, 1.55520041289e-11, 2.08782643951e-11, 8.9555038732e-12, 7.97122784446e-12, 1.09097583398e-11, 1.16652408219e-11, 4.22707147063e-11, 1.037721159e-10, 4.64723676208e-10, 1.44952688741e-10, 3.75169374733e-11, 1.48882566432e-12, 6.20426399058e-13, 1.14271623847e-12, 1.57954788707e-15, 6.48770856966e-17]
    mfcc:
        mean: [-896.530334473, 138.344070435, 27.6898193359, 80.7120285034, 3.74263429642, 12.6552820206, 10.9728412628, -3.43127036095, 2.32088518143, -3.91591620445, 1.14111697674, -6.70255947113, -4.0834312439]
        cov: [[2051.98876953, 135.306732178, -132.950073242, -240.954376221, -98.8324203491, -8.3906288147, 16.8738670349, -54.6927490234, -18.1041584015, 15.3514308929, 28.1497192383, -3.67550086975, 4.575735569], [135.306732178, 1423.58325195, 399.789306641, -166.589141846, -182.406265259, -86.2172851562, -22.3235168457, -8.02651023865, -30.8777999878, 23.0385704041, 26.5053901672, -1.0825201273, -15.4188785553], [-132.950073242, 399.789306641, 397.193878174, 155.522109985, -20.2913742065, -57.8273391724, -22.9971523285, 32.3508796692, 42.3419837952, 17.9325828552, 9.95378875732, 24.2406597137, 31.1163272858], [-240.954376221, -166.589141846, 155.522109985, 266.861938477, 96.4739685059, 9.8640794754, 1.98266243935, 33.0010681152, 45.1150894165, 1.75970244408, -1.0439748764, 23.4608364105, 35.2176856995], [-98.8324203491, -182.406265259, -20.2913742065, 96.4739685059, 124.951644897, 63.5610046387, 25.5899715424, 4.45045137405, 5.3110704422, -3.41891646385, -1.89970874786, 13.3860473633, 21.0616970062], [-8.3906288147, -86.2172851562, -57.8273391724, 9.8640794754, 63.5610046387, 98.4761123657, 52.4167175293, 5.67737293243, -9.36766624451, -5.53094768524, 0.1128231287, 3.66334629059, 2.8560397625], [16.8738670349, -22.3235168457, -22.9971523285, 1.98266243935, 25.5899715424, 52.4167175293, 61.7518844604, 23.7693634033, 3.44883775711, 0.0623372718692, 0.793723523617, -0.907100319862, 1.09451854229], [-54.6927490234, -8.02651023865, 32.3508796692, 33.0010681152, 4.45045137405, 5.67737293243, 23.7693634033, 53.9407310486, 31.976184845, 11.5704584122, 6.49220752716, 3.46595406532, 6.28395366669], [-18.1041584015, -30.8777999878, 42.3419837952, 45.1150894165, 5.3110704422, -9.36766624451, 3.44883775711, 31.976184845, 57.0593223572, 26.6577358246, 12.4742078781, 11.361948967, 12.491891861], [15.3514308929, 23.0385704041, 17.9325828552, 1.75970244408, -3.41891646385, -5.53094768524, 0.0623372718692, 11.5704584122, 26.6577358246, 48.2253112793, 29.1900787354, 16.659986496, 12.4126987457], [28.1497192383, 26.5053901672, 9.95378875732, -1.0439748764, -1.89970874786, 0.1128231287, 0.793723523617, 6.49220752716, 12.4742078781, 29.1900787354, 45.3024749756, 25.1961479187, 11.2286024094], [-3.67550086975, -1.0825201273, 24.2406597137, 23.4608364105, 13.3860473633, 3.66334629059, -0.907100319862, 3.46595406532, 11.361948967, 16.659986496, 25.1961479187, 47.0051651001, 30.0354690552], [4.575735569, -15.4188785553, 31.1163272858, 35.2176856995, 21.0616970062, 2.8560397625, 1.09451854229, 6.28395366669, 12.491891861, 12.4126987457, 11.2286024094, 30.0354690552, 52.7109565735]]
        icov: [[0.000591161893681, 3.18324127875e-05, -3.42476523656e-05, 0.000511479214765, 0.000244953174843, 0.000141695432831, -0.000748435559217, 0.00106261589099, -0.00069678860018, 0.000325118540786, -0.000573658908252, 0.00036562141031, -0.000577779661398], [3.18324127875e-05, 0.0020914201159, -0.00346113159321, 0.00286637223326, 0.000407977786381, -0.000269554147962, -0.000727636739612, 0.000199943911866, 0.00153855327517, -0.000419832620537, -0.000805517891422, 0.000281877553789, 0.000325166911352], [-3.42476523656e-05, -0.00346113159321, 0.0100904488936, -0.00825075991452, 0.00245744432323, 0.00159846083261, 0.000913223950192, -0.00107288232539, -0.00190744816791, -0.000303397449898, 0.00166569871362, -0.00123571581207, -0.00154029519763], [0.000511479214765, 0.00286637223326, -0.00825075991452, 0.0145434644073, -0.0085281226784, 0.00165737024508, 0.000137947776238, -0.00117829395458, -0.00323858694173, 0.00358767667785, -0.00134808220901, -4.35750589531e-05, -0.000362204678822], [0.000244953174843, 0.000407977786381, 0.00245744432323, -0.0085281226784, 0.0225814078003, -0.0128477104008, 0.0016116379993, 0.00322511838749, 0.000449274317361, -0.00137537717819, 0.00127914512996, -0.000123989273561, -0.00438381172717], [0.000141695432831, -0.000269554147962, 0.00159846083261, 0.00165737024508, -0.0128477104008, 0.0310261696577, -0.0223927441984, 0.00406319415197, 0.00274024438113, 0.000780568167102, -0.00127404520754, -0.00292448955588, 0.00239555072039], [-0.000748435559217, -0.000727636739612, 0.000913223950192, 0.000137947776238, 0.0016116379993, -0.0223927441984, 0.0422819815576, -0.0197669323534, 0.0029889291618, -0.000599738734309, 0.00146006618161, 0.00220548338257, -0.000866091344506], [0.00106261589099, 0.000199943911866, -0.00107288232539, -0.00117829395458, 0.00322511838749, 0.00406319415197, -0.0197669323534, 0.0407470352948, -0.0203960984945, 0.00424240203574, -0.00466408161446, 0.00372554431669, -0.00186389870942], [-0.00069678860018, 0.00153855327517, -0.00190744816791, -0.00323858694173, 0.000449274317361, 0.00274024438113, 0.0029889291618, -0.0203960984945, 0.0425347015262, -0.0207091905177, 0.00573904905468, -0.00289868516847, 0.00106746831443], [0.000325118540786, -0.000419832620537, -0.000303397449898, 0.00358767667785, -0.00137537717819, 0.000780568167102, -0.000599738734309, 0.00424240203574, -0.0207091905177, 0.0468798726797, -0.0259027853608, 0.00402563996613, -0.00526271853596], [-0.000573658908252, -0.000805517891422, 0.00166569871362, -0.00134808220901, 0.00127914512996, -0.00127404520754, 0.00146006618161, -0.00466408161446, 0.00573904905468, -0.0259027853608, 0.0496785826981, -0.0237876418978, 0.00752676604316], [0.00036562141031, 0.000281877553789, -0.00123571581207, -4.35750589531e-05, -0.000123989273561, -0.00292448955588, 0.00220548338257, 0.00372554431669, -0.00289868516847, 0.00402563996613, -0.0237876418978, 0.0481461584568, -0.0221007540822], [-0.000577779661398, 0.000325166911352, -0.00154029519763, -0.000362204678822, -0.00438381172717, 0.00239555072039, -0.000866091344506, -0.00186389870942, 0.00106746831443, -0.00526271853596, 0.00752676604316, -0.0221007540822, 0.0341062359512]]
    spectral_contrast:
        mean: [-2.33958147078e-07, 1.02229897436e-07, -2.26697274286e-08, 1.07097783086e-07, -7.54457545327e-08, -1.45182838196e-07, 2.35465950027e-06, 6.11982386545e-07, 1.5355094547e-06, -1.56820919983e-06, 1.95315601559e-06, 1.14794136152e-06]
        var: [8.97470235941e-05, 0.000192971594515, 0.000519075198099, 0.00103793782182, 0.00206058542244, 0.00837513897568, 0.0218988042325, 0.060598898679, 0.117193847895, 0.23530960083, 0.650088965893, 1.35851144791]

rhythm:
    beats_loudness:
        dmean: 0.00499571021646
        dmean2: 0.0108240349218
        dvar: 2.4371454856e-05
        dvar2: 7.09858795744e-05
        max: 0.0152845215052
        mean: 0.00559040019289
        min: 0.000107703301182
        var: 1.78838618012e-05
    beats_loudness_bass:
        dmean: 0.111059427261
        dmean2: 0.178034976125
        dvar: 0.00492317788303
        dvar2: 0.0120352096856
        max: 0.984381556511
        mean: 0.858345687389
        min: 0.692069530487
        var: 0.00862119998783
    bpm: 75.2004699707
    bpm_confidence: 0
    first_peak_bpm: 74
    first_peak_spread: 0.399999976158
    first_peak_weight: 0.54545456171
    onset_rate: 4.58577489853
    second_peak_bpm: 48
    second_peak_spread: 0
    second_peak_weight: 0.0909090936184
    beats_position: [0.189975321293, 0.996332168579, 1.80268895626, 2.60904574394, 3.41540241241, 4.22175931931, 5.0281162262, 6.27918863297, 7.06331205368, 7.8474354744, 8.63155841827, 9.41568183899]
    bpm_estimates: [74.5384521484, 74.441947937, 74.2259368896, 74.2415084839, 74.6281356812, 74.442276001, 74.4446563721, 74.4055862427, 74.327041626, 74.3937301636, 76.4495315552, 76.6265945435, 76.083190918, 76.6976089478, 76.2683181763, 76.9929962158]
    bpm_intervals: [0.806356847286, 0.806356787682, 0.806356787682, 0.806356668472, 0.806356906891, 0.806356906891, 1.25107240677, 0.784123420715, 0.784123420715, 0.784122943878, 0.784123420715]
    onset_times: [0.0580498874187, 0.18575963378, 0.348299324512, 0.603718817234, 0.743038535118, 1.13777780533, 1.55573701859, 1.74149656296, 1.79954648018, 1.95047616959, 2.06657600403, 2.3916554451, 2.47292518616, 2.62385487556, 2.73995471001, 2.86766433716, 2.94893431664, 3.1811337471, 3.42494320869, 3.56426310539, 4.00544214249, 4.37696123123, 4.59755086899, 4.7833108902, 4.99229001999, 5.16644001007, 5.45668935776, 5.65405893326, 5.86303853989, 5.99074840546, 6.38548755646, 6.65251684189, 6.78022670746, 6.91954660416, 7.02403640747, 7.0936961174, 7.53487539291, 7.91800451279, 8.33596324921, 8.48689365387, 8.63782310486, 8.83519268036, 9.13705253601, 9.27637195587, 9.63628101349, 9.94975090027]
    rubato_start: []
    rubato_stop: []
    perceptual_tempo: "unknown"

sfx:
    inharmonicity:
        dmean: 0.016370376572
        dmean2: 0.0300976708531
        dvar: 0.000863959256094
        dvar2: 0.00248767435551
        max: 0.191420167685
        mean: 0.0113997384906
        min: 1.05232493297e-05
        var: 0.000610703253187
    oddtoevenharmonicenergyratio:
        dmean: 2.58872437477
        dmean2: 4.9673948288
        dvar: 35.3238563538
        dvar2: 101.945549011
        max: 39.7072219849
        mean: 1.80674958229
        min: 2.70791770163e-05
        var: 24.1568164825
    pitch_after_max_to_before_max_energy_ratio: 3.7420899868
    pitch_centroid: 232.637176514
    pitch_max_to_total: 0.381944447756
    pitch_min_to_total: 0.391203701496
    tristimulus:
        dmean: [0.241560533643, 0.23287679255, 0.0453470088542]
        dmean2: [0.446530789137, 0.436578840017, 0.081179857254]
        dvar: [0.0759616047144, 0.0724388062954, 0.00920255016536]
        dvar2: [0.193797394633, 0.191173031926, 0.0264560226351]
        max: [0.989692807198, 0.953780651093, 0.606520235538]
        mean: [0.684971511364, 0.259791851044, 0.0430321842432]
        min: [0.0205426476896, 0, 0]
        var: [0.0802261009812, 0.0682611316442, 0.00637920154259]

tonal:
    chords_changes_rate: 0.10599078238
    chords_number_rate: 0.0506912432611
    chords_strength:
        dmean: 0.0128131201491
        dmean2: 0.0142084993422
        dvar: 0.000135920097819
        dvar2: 0.000235357641941
        max: 0.641340613365
        mean: 0.469780147076
        min: 0.239973053336
        var: 0.0131003148854
    key_strength: 0.610679864883
    tuning_diatonic_strength: 0.30031734705
    tuning_equal_tempered_deviation: 0.157435268164
    tuning_frequency: 434.193115234
    tuning_nontempered_energy_ratio: 0.852508485317
    hpcp:
        dmean: [0.0597165971994, 0.086536064744, 0.0702298730612, 0.07598939538, 0.0720109120011, 0.058458738029, 0.0472409278154, 0.05587637797, 0.0560034327209, 0.0637158229947, 0.0642054304481, 0.0427792407572, 0.0750617459416, 0.0992842391133, 0.117983490229, 0.098980717361, 0.11469963938, 0.0927116423845, 0.0556067787111, 0.0644245743752, 0.0947778597474, 0.091447763145, 0.0906051173806, 0.0631639435887, 0.0547101423144, 0.0536285303533, 0.0630350485444, 0.0791302397847, 0.096199400723, 0.083911664784, 0.0747746601701, 0.0705152451992, 0.064143396914, 0.0466264747083, 0.0605428032577, 0.0680770725012]
        dmean2: [0.100180730224, 0.164613977075, 0.134147018194, 0.134647294879, 0.127110660076, 0.0974274948239, 0.0829874426126, 0.0972488671541, 0.0990673601627, 0.114893049002, 0.119288079441, 0.0751186832786, 0.13715967536, 0.181988805532, 0.201719611883, 0.169722080231, 0.198192372918, 0.166687935591, 0.103082567453, 0.11468385905, 0.161046296358, 0.15581227839, 0.141761615872, 0.108374729753, 0.0887678563595, 0.103287488222, 0.114537544549, 0.137586712837, 0.176127284765, 0.147279456258, 0.130223169923, 0.112702764571, 0.120010606945, 0.0866207554936, 0.113251380622, 0.127606108785]
        dvar: [0.0271176602691, 0.0493327379227, 0.0321298874915, 0.0365547053516, 0.0445586517453, 0.0205337051302, 0.01825032942, 0.0269762258977, 0.0227499138564, 0.0381110273302, 0.0313586033881, 0.0100102163851, 0.0431195981801, 0.0479886457324, 0.0467682555318, 0.0430008806288, 0.0479532033205, 0.0397267118096, 0.0285325497389, 0.0336945392191, 0.0484562925994, 0.0456594452262, 0.0422229841352, 0.0289201810956, 0.0304670892656, 0.0291677620262, 0.0249452162534, 0.0336738489568, 0.0462500378489, 0.0377025641501, 0.0325265601277, 0.0304194446653, 0.0334194712341, 0.020205007866, 0.0308047812432, 0.0308183468878]
        dvar2: [0.0592923350632, 0.128322705626, 0.0918777361512, 0.0974088907242, 0.0967053771019, 0.0513496771455, 0.0423548258841, 0.0709066540003, 0.0553931817412, 0.085385851562, 0.0891989246011, 0.0247224606574, 0.109837308526, 0.130118176341, 0.118185885251, 0.0894741863012, 0.122424043715, 0.118447653949, 0.0774636641145, 0.0844315290451, 0.122485898435, 0.100700616837, 0.0974217429757, 0.0665398463607, 0.0662400573492, 0.0874758884311, 0.0698658004403, 0.0774011835456, 0.122469805181, 0.103478580713, 0.0820263326168, 0.0762377977371, 0.0907403379679, 0.0547387897968, 0.083381831646, 0.100018799305]
        max: [1, 1, 1, 1, 1, 0.876191318035, 1, 1, 1, 1, 1, 0.716897189617, 1, 1, 1, 1, 1, 1, 1, 1, 1, 1, 1, 1, 1, 1, 1, 1, 1, 1, 1, 1, 1, 1, 1, 1]
        mean: [0.088836170733, 0.0841244012117, 0.0441443696618, 0.0641195699573, 0.0802641510963, 0.0462199561298, 0.0370810739696, 0.047854244709, 0.0657563656569, 0.0793374180794, 0.0540364347398, 0.0455965586007, 0.0918234437704, 0.108993560076, 0.189715787768, 0.280381530523, 0.191472277045, 0.0796873494983, 0.0496025830507, 0.0588830523193, 0.0981443524361, 0.126896947622, 0.096954241395, 0.0639964714646, 0.0538049302995, 0.0404389277101, 0.0453029945493, 0.0730397775769, 0.0732684060931, 0.0679735615849, 0.0792292878032, 0.0679306611419, 0.0421017855406, 0.0350097157061, 0.0425260551274, 0.0535808987916]
        min: [0, 0, 1.96731070901e-05, 2.12284503505e-05, 3.43026295013e-05, 3.69595472876e-05, 2.3847551347e-05, 2.29111865337e-05, 5.2004797908e-05, 4.48045502708e-05, 3.90348795918e-05, 0, 2.57379015238e-05, 2.21348673222e-05, 0.000102648271422, 4.79594964418e-05, 0, 0, 0, 0, 0, 0, 0, 0, 0, 0, 0, 0, 3.62308783224e-05, 1.01718433143e-05, 1.30887874548e-05, 2.49521108344e-05, 0, 0, 0, 0]
        var: [0.0573338568211, 0.0565273575485, 0.0195150952786, 0.0359021276236, 0.0587763376534, 0.0188967715949, 0.018546467647, 0.0272480044514, 0.0338860750198, 0.0576385036111, 0.0258095171303, 0.0127313761041, 0.0662869364023, 0.0641718581319, 0.0928369313478, 0.16314470768, 0.090295240283, 0.0366901755333, 0.0308125428855, 0.0381817892194, 0.059565436095, 0.0879377350211, 0.0577626861632, 0.0394594147801, 0.0381141640246, 0.0241094175726, 0.0188711378723, 0.0411015599966, 0.0406472608447, 0.0316133201122, 0.0475137196481, 0.0408258512616, 0.0232877098024, 0.0164001490921, 0.0235817879438, 0.0217785835266]
    chords_histogram: [16.129032135, 13.8248844147, 0, 11.0599079132, 6.91244220734, 8.75576019287, 0, 0, 5.99078321457, 0, 0, 0, 0, 0, 0.460829496384, 0.921658992767, 0, 10.5990781784, 5.0691242218, 0, 2.30414748192, 5.5299539566, 12.4423961639, 0]
    thpcp: [1, 0.682899057865, 0.284210413694, 0.176911026239, 0.210010454059, 0.350038588047, 0.452586680651, 0.345793962479, 0.228247821331, 0.191898986697, 0.144228219986, 0.161576241255, 0.260501384735, 0.261316806078, 0.242432385683, 0.282576709986, 0.242279365659, 0.150158911943, 0.124864555895, 0.15167209506, 0.191099956632, 0.316840320826, 0.300035446882, 0.157443925738, 0.228686854243, 0.286267608404, 0.164846643806, 0.132252201438, 0.170675456524, 0.234524592757, 0.282962352037, 0.192724660039, 0.162623256445, 0.327494621277, 0.388733029366, 0.676634371281]
    chords_key: "G"
    chords_scale: "major"
    key_key: "G"
    key_scale: "major"
    chords_progression: ["Cm", "Cm", "Bm", "Bm", "Bm", "Bm", "Bm", "Bm", "Bm", "Bm", "Bm", "Bm", "Bm", "Bm", "Bm", "Bm", "G", "G", "G", "G", "G", "G", "G", "G", "G", "G#", "G", "G", "G", "G", "G", "C#m", "C#m", "C#m", "C#m", "C#m", "C#m", "C#m", "C#m", "C#m", "C#m", "C#m", "C#m", "C#m", "C#m", "C#m", "C#m", "C#m", "C#m", "C#m", "A", "A", "A", "A", "A", "A", "A", "A", "A", "A", "A", "A", "F#m", "F#m", "F#m", "F#m", "A", "F#m", "F#m", "F#m", "F#m", "F#m", "F#m", "F#m", "F#m", "F#m", "F#m", "F#m", "F#m", "F#m", "A", "A", "F", "F", "F", "F", "F", "Am", "Am", "Am", "Am", "Am", "Am", "Am", "Am", "Am", "Am", "Am", "Am", "C", "C", "C", "C", "C", "C", "C", "C", "C", "B", "C", "C", "C", "C", "C", "C", "C", "C", "C", "C", "C", "C", "C", "C", "C", "C", "F#m", "F#m", "F#m", "C", "C", "F#m", "F#m", "F#m", "F#m", "B", "B", "B", "B", "B", "B", "B", "B", "B", "B", "B", "B", "Bm", "Bm", "Bm", "Bm", "Bm", "Bm", "Bm", "Bm", "Bm", "Bm", "Bm", "Bm", "Bm", "Bm", "Bm", "Bm", "G", "G", "G", "G", "G", "G", "G", "G", "G", "G", "G", "G", "G", "G", "G", "G", "G", "G", "G", "G", "G", "Gm", "Gm", "Gm", "Gm", "Gm", "Gm", "Gm", "Gm", "Gm", "Gm", "Gm", "Gm", "Gm", "Gm", "Gm", "Gm", "Gm", "Gm", "Gm", "Gm", "Gm", "Gm", "Gm", "A#", "A#", "A#", "A#", "A#", "A#", "A#", "A#", "A#", "A#", "A#"]
