
metadata:
    version:
        essentia: "1.2.2"
    audio_properties:
        analysis_sample_rate: 44100
        bitrate: 128
        channels: 2
        equal_loudness: 1
        length: 10.0310201645
        replay_gain: -11.3971233368
        downmix: "mix"
    tags:
        track: 16
        year: 0
        album: "Splitted by Mp3Splt v. 2.1"
        artist: "From 002.30 To 002.40"
        comment: "http://mp3splt.sf.net"
        genre: ""
        title: "11 Poor Little Rich Girl.mp3"

highlevel:
    ballroom:
        all:
            ChaChaCha: 0.046734046191
            Jive: 0.360057711601
            Quickstep: 0.055730547756
            Rumba-American: 0.00486136600375
            Rumba-International: 0.0367089882493
            Rumba-Misc: 0.0132617438212
            Samba: 0.157568365335
            Tango: 0.0140335131437
            VienneseWaltz: 0.286483258009
            Waltz: 0.0245604664087
        probability: 0.360057711601
        value: "Jive"
    culture:
        all:
            non_western: 0.396211594343
            western: 0.603788375854
        probability: 0.603788375854
        value: "western"
    gender:
        all:
            female: 0.672450184822
            male: 0.327549785376
        probability: 0.672450184822
        value: "female"
    genre_dortmund:
        all:
            alternative: 0.0678954720497
            blues: 0.076573587954
            electronic: 0.0530044175684
            folkcountry: 0.151256665587
            funksoulrnb: 0.0270059332252
            jazz: 0.0345908217132
            pop: 0.1011794433
            raphiphop: 0.227034464478
            rock: 0.261459201574
        probability: 0.261459201574
        value: "rock"
    genre_electronica:
        all:
            ambient: 0.219692498446
            dnb: 0.59586751461
            house: 0.0468883402646
            techno: 0.0205598771572
            trance: 0.116991795599
        probability: 0.59586751461
        value: "dnb"
    genre_rosamerica:
        all:
            cla: 0.0102955028415
            dan: 0.0913078859448
            hip: 0.0115803964436
            jaz: 0.0054810764268
            pop: 0.418407529593
            rhy: 0.00747364712879
            roc: 0.453659236431
            spe: 0.00179472379386
        probability: 0.453659236431
        value: "roc"
    genre_tzanetakis:
        all:
            blu: 0.00223417440429
            cla: 0.0029329340905
            cou: 0.117260023952
            dis: 0.0974973887205
            hip: 0.0135814659297
            jaz: 0.00383636937477
            met: 0.0121560003608
            pop: 0.638297915459
            reg: 0.0366478636861
            roc: 0.0755558535457
        probability: 0.638297915459
        value: "pop"
    live_studio:
        all:
            live: 0.00377080193721
            studio: 0.996229171753
        probability: 0.996229171753
        value: "studio"
    mood:
        all:
            Cluster1: 0.350362688303
            Cluster2: 0.137437283993
            Cluster3: 0.214549586177
            Cluster4: 0.10785934329
            Cluster5: 0.189791113138
        probability: 0.350362688303
        value: "Cluster1"
    mood_acoustic:
        all:
            acoustic: 0.012194740586
            not_acoustic: 0.987805247307
        probability: 0.987805247307
        value: "not_acoustic"
    mood_aggressive:
        all:
            aggressive: 0.486315280199
            not_aggressive: 0.513684749603
        probability: 0.513684749603
        value: "not_aggressive"
    mood_electronic:
        all:
            electronic: 0.5
            not_electronic: 0.5
        probability: 0.5
        value: "electronic"
    mood_happy:
        all:
            happy: 0.949978768826
            not_happy: 0.050021212548
        probability: 0.949978768826
        value: "happy"
    mood_party:
        all:
            not_party: 0.628705143929
            party: 0.371294826269
        probability: 0.628705143929
        value: "not_party"
    mood_relaxed:
        all:
            not_relaxed: 0.259623497725
            relaxed: 0.740376472473
        probability: 0.740376472473
        value: "relaxed"
    mood_sad:
        all:
            not_sad: 0.590136945248
            sad: 0.409863084555
        probability: 0.590136945248
        value: "not_sad"
    rhythm:
        all:
            fast: 0.545356869698
            medium: 0.434151232243
            slow: 0.0204918887466
        probability: 0.545356869698
        value: "fast"
    speech_music:
        all:
            music: 0.980475664139
            speech: 0.0195243172348
        probability: 0.980475664139
        value: "music"
    timbre:
        all:
            bright: 0.221388831735
            dark: 0.778611183167
        probability: 0.778611183167
        value: "dark"
    voice_instrumental:
        all:
            instrumental: 0.305659770966
            voice: 0.694340229034
        probability: 0.694340229034
        value: "voice"

lowlevel:
    average_loudness: 0.974548637867
    barkbands_kurtosis:
        dmean: 0.5485689044
        dmean2: 0.874791622162
        dvar: 0.587142348289
        dvar2: 1.29808008671
        max: 6.00730609894
        mean: -0.775268256664
        min: -1.78482329845
        var: 1.29232132435
    barkbands_skewness:
        dmean: 0.383280098438
        dmean2: 0.587354421616
        dvar: 0.109915874898
        dvar2: 0.27793058753
        max: 2.55216789246
        mean: 0.209901213646
        min: -1.66236639023
        var: 0.49926584959
    barkbands_spread:
        dmean: 4.98706960678
        dmean2: 7.76243686676
        dvar: 23.8052921295
        dvar2: 55.2119369507
        max: 57.6740760803
        mean: 30.7726287842
        min: 10.9994812012
        var: 87.7847366333
    dissonance:
        dmean: 0.01773705706
        dmean2: 0.0299827381968
        dvar: 0.000287097820546
        dvar2: 0.000755608081818
        max: 0.498580425978
        mean: 0.465798974037
        min: 0.346918702126
        var: 0.000450330262538
    hfc:
        dmean: 1.85530376434
        dmean2: 2.93621563911
        dvar: 5.03843927383
        dvar2: 12.1243877411
        max: 21.2595062256
        mean: 7.04058933258
        min: 0.12882296741
        var: 17.6423625946
    pitch:
        dmean: 652.188781738
        dmean2: 1249.60803223
        dvar: 1331761.5
        dvar2: 3284590.5
        max: 4410
        mean: 920.524108887
        min: 86.6404724121
        var: 1655331.5
    pitch_instantaneous_confidence:
        dmean: 0.0890660509467
        dmean2: 0.143229499459
        dvar: 0.00536812562495
        dvar2: 0.0141886714846
        max: 0.83621096611
        mean: 0.429283022881
        min: 0.16637724638
        var: 0.0159063115716
    pitch_salience:
        dmean: 0.0634815171361
        dmean2: 0.103418894112
        dvar: 0.00294155371375
        dvar2: 0.00793583970517
        max: 0.809524595737
        mean: 0.561889946461
        min: 0.359054386616
        var: 0.00669115688652
    silence_rate_20dB:
        dmean: 0
        dmean2: 0
        dvar: 0
        dvar2: 0
        max: 1
        mean: 1
        min: 1
        var: 0
    silence_rate_30dB:
        dmean: 0
        dmean2: 0
        dvar: 0
        dvar2: 0
        max: 1
        mean: 1
        min: 1
        var: 0
    silence_rate_60dB:
        dmean: 0.087962962687
        dmean2: 0.174013927579
        dvar: 0.0802255570889
        dvar2: 0.166935130954
        max: 1
        mean: 0.235565826297
        min: 0
        var: 0.180074095726
    spectral_centroid:
        dmean: 226.307189941
        dmean2: 358.57635498
        dvar: 48555.5898438
        dvar2: 121280.726562
        max: 2970.59130859
        mean: 1372.15600586
        min: 425.598449707
        var: 280850.3125
    spectral_complexity:
        dmean: 2.89559173584
        dmean2: 4.43953466415
        dvar: 8.97982120514
        dvar2: 19.9765720367
        max: 41
        mean: 14.5162038803
        min: 0
        var: 37.4858131409
    spectral_crest:
        dmean: 2.01530051231
        dmean2: 3.24604272842
        dvar: 3.49487113953
        dvar2: 9.35090446472
        max: 18.1436805725
        mean: 6.89465141296
        min: 2.80265665054
        var: 7.17016839981
    spectral_decrease:
        dmean: 3.20381249308e-10
        dmean2: 5.02021091364e-10
        dvar: 1.58099637938e-19
        dvar2: 3.64294891262e-19
        max: -1.2829728599e-11
        mean: -1.16684573115e-09
        min: -4.1062042655e-09
        var: 3.5350434602e-19
    spectral_energy:
        dmean: 0.0013345949119
        dmean2: 0.00209042918868
        dvar: 2.6368888939e-06
        dvar2: 6.01994497629e-06
        max: 0.0163698699325
        mean: 0.00504254316911
        min: 6.01069732511e-05
        var: 6.32372166365e-06
    spectral_energyband_high:
        dmean: 0.000138964154758
        dmean2: 0.000212346509215
        dvar: 6.50879172781e-08
        dvar2: 1.59380093123e-07
        max: 0.00195565470494
        mean: 0.000288895855192
        min: 2.16837815969e-06
        var: 1.46113720234e-07
    spectral_energyband_low:
        dmean: 0.000355538155418
        dmean2: 0.000594046083279
        dvar: 2.96230581398e-07
        dvar2: 7.69074631535e-07
        max: 0.00484881224111
        mean: 0.000553605612367
        min: 4.53577240478e-06
        var: 3.2342029499e-07
    spectral_energyband_middle_high:
        dmean: 0.000633800867945
        dmean2: 0.00103904609568
        dvar: 4.05508330914e-07
        dvar2: 1.10344171844e-06
        max: 0.00665012188256
        mean: 0.00223536998965
        min: 2.55578743236e-05
        var: 1.61888078765e-06
    spectral_energyband_middle_low:
        dmean: 0.00078128214227
        dmean2: 0.00121307431255
        dvar: 1.44213629483e-06
        dvar2: 3.5519406083e-06
        max: 0.0126137016341
        mean: 0.00196466199122
        min: 1.79222206498e-05
        var: 2.57864098785e-06
    spectral_flatness_db:
        dmean: 0.017420552671
        dmean2: 0.0257367305458
        dvar: 0.000244134353125
        dvar2: 0.000515709223691
        max: 0.245359763503
        mean: 0.16224424541
        min: 0.0981065705419
        var: 0.000735879759304
    spectral_flux:
        dmean: 0.00835257768631
        dmean2: 0.0129412952811
        dvar: 8.71601077961e-05
        dvar2: 0.00017826842668
        max: 0.0977653264999
        mean: 0.0400760658085
        min: 0.00775286881253
        var: 0.000217509848881
    spectral_kurtosis:
        dmean: 1.82440423965
        dmean2: 3.0599963665
        dvar: 4.1109161377
        dvar2: 10.1698274612
        max: 19.8659553528
        mean: 6.01104831696
        min: 0.742426156998
        var: 9.93360710144
    spectral_rms:
        dmean: 0.000284836947685
        dmean2: 0.0004378145386
        dvar: 9.42120976788e-08
        dvar2: 1.95684194182e-07
        max: 0.00399632379413
        mean: 0.00215174420737
        min: 0.000242158930632
        var: 2.89551422838e-07
    spectral_rolloff:
        dmean: 364.615325928
        dmean2: 620.857177734
        dvar: 248289.671875
        dvar2: 509360.65625
        max: 4694.23828125
        mean: 2710.44360352
        min: 409.130859375
        var: 925973.125
    spectral_skewness:
        dmean: 0.233127623796
        dmean2: 0.372366726398
        dvar: 0.0645779073238
        dvar2: 0.133052676916
        max: 3.47516870499
        mean: 1.69928646088
        min: 0.222909927368
        var: 0.288926482201
    spectral_spread:
        dmean: 608188.75
        dmean2: 796821.3125
        dvar: 882355732480
        dvar2: 1.21421797786e+12
        max: 20017356
        mean: 3964457
        min: 1825026.125
        var: 1.78986562355e+12
    spectral_strongpeak:
        dmean: 0.63807362318
        dmean2: 1.12586116791
        dvar: 0.69097328186
        dvar2: 1.88392794132
        max: 5.21363353729
        mean: 0.818431019783
        min: 0.00813094247133
        var: 0.823242068291
    zerocrossingrate:
        dmean: 0.00724151683971
        dmean2: 0.00814294163138
        dvar: 4.35474175902e-05
        dvar2: 4.86474127683e-05
        max: 0.14990234375
        mean: 0.0815949589014
        min: 0.02783203125
        var: 0.000601166393608
    barkbands:
        dmean: [2.21736854655e-07, 0.000116645423986, 0.000279567670077, 0.000368220789824, 0.000280730222585, 0.000175489854882, 0.000159826915478, 0.000151037063915, 7.5100135291e-05, 0.000150576452143, 9.83429126791e-05, 7.02599281794e-05, 5.25648574694e-05, 5.54648904654e-05, 0.000165358069353, 0.000202749695745, 9.88302563201e-05, 0.000115220682346, 0.000169236693182, 0.000140464588185, 5.71681011934e-05, 9.55334417085e-06, 2.91982291856e-06, 8.22373408482e-07, 6.63123330469e-07, 6.42649382598e-08, 2.62253041505e-09]
        dmean2: [3.26820440932e-07, 0.000196024411707, 0.000473018328194, 0.000652719812933, 0.00048240297474, 0.000232486185268, 0.000262208515778, 0.000206940079806, 0.000124451136799, 0.00026015410549, 0.000162416414241, 0.000107945437776, 8.53736928548e-05, 8.59788779053e-05, 0.000282986322418, 0.000338835525326, 0.000165130550158, 0.000195450600586, 0.000278064369923, 0.000219014109462, 8.46192997415e-05, 1.41071841426e-05, 4.49892058896e-06, 1.21618631965e-06, 9.31353213218e-07, 9.35639619115e-08, 2.83897105824e-09]
        dvar: [5.03035330404e-13, 2.63636561471e-08, 2.17589686713e-07, 7.19011779893e-07, 2.09331247447e-07, 6.35570955865e-08, 9.41163946777e-08, 6.25014919819e-08, 3.68537556028e-08, 6.10695778391e-08, 2.89091950378e-08, 2.06489794152e-08, 6.0225930909e-09, 1.3585648162e-08, 7.29005762423e-08, 1.49718331954e-07, 2.05738253101e-08, 2.37074022635e-08, 5.65371038874e-08, 5.22317051832e-08, 1.00673274162e-08, 3.64996921576e-10, 5.01005868736e-11, 2.31879077571e-12, 1.07824534891e-12, 1.41381496422e-14, 2.26056301194e-15]
        dvar2: [6.58262452793e-13, 6.82724277112e-08, 5.73447607621e-07, 1.83220276995e-06, 5.83804990129e-07, 1.13329065243e-07, 2.63836824388e-07, 1.20823315797e-07, 9.80831842412e-08, 1.88633990206e-07, 6.82915910488e-08, 4.54555646456e-08, 1.50715262492e-08, 2.73992810662e-08, 2.01106487907e-07, 4.32121623817e-07, 4.93719838346e-08, 7.00118647501e-08, 1.44780656797e-07, 1.30421042854e-07, 2.10656256883e-08, 7.85085052524e-10, 1.21821969179e-10, 4.74142166501e-12, 2.2376993921e-12, 3.21180731208e-14, 2.26259610277e-15]
        max: [1.26058448586e-05, 0.00105979735963, 0.00391285168007, 0.0110003696755, 0.00364518235438, 0.00359575659968, 0.00362083222717, 0.00338281434961, 0.00200438033789, 0.00192972051445, 0.00183501141146, 0.0022591422312, 0.000646645552479, 0.00167120853439, 0.00284539489076, 0.00381470285356, 0.00156917073764, 0.00125532026868, 0.00253732036799, 0.0018014392117, 0.00100963481236, 0.000201035538339, 5.65408408875e-05, 1.43106699397e-05, 7.45490706322e-06, 9.21645437302e-07, 9.89083105196e-07]
        mean: [2.70676196124e-07, 0.000179099602974, 0.000374252529582, 0.000472642888781, 0.000457883463241, 0.00041556020733, 0.000246300885919, 0.00026972242631, 8.00692141638e-05, 0.000211333113839, 0.000159165152581, 9.58514719969e-05, 7.72395796957e-05, 7.79491238063e-05, 0.000330373528413, 0.000399965094402, 0.000198098146939, 0.000215060834307, 0.000358404358849, 0.000292184762657, 0.000111462504719, 1.40493930303e-05, 3.4560862332e-06, 1.16411536055e-06, 9.17889224183e-07, 7.02147673337e-08, 2.62192578759e-09]
        min: [6.80865711034e-11, 1.09602547127e-06, 2.76001264865e-06, 7.73634496909e-07, 8.71938391356e-06, 3.42696830558e-06, 4.08184405387e-06, 2.88762180389e-07, 2.92264189738e-07, 1.05365211311e-06, 5.50982861114e-07, 5.98540054852e-07, 3.16723458127e-07, 2.08416153669e-07, 1.67815278473e-06, 4.48733601388e-07, 5.71062798826e-07, 1.01484931747e-06, 1.52591667302e-06, 1.84573661954e-06, 8.95397363365e-07, 2.18147306441e-07, 2.99579845375e-08, 1.11432649774e-08, 8.84368045462e-09, 7.01586844176e-10, 9.24781085043e-13]
        var: [6.00053698136e-13, 3.23125917134e-08, 2.11598248256e-07, 9.03716625089e-07, 2.56168107171e-07, 3.32105855705e-07, 1.02389471124e-07, 1.6894988164e-07, 3.80841598258e-08, 7.67542687186e-08, 6.36534167597e-08, 3.59798839611e-08, 8.67094218648e-09, 2.00153991159e-08, 1.90434946035e-07, 2.87818124889e-07, 5.0407525265e-08, 4.58395525982e-08, 1.20020914096e-07, 1.09001412341e-07, 2.75138827277e-08, 5.43747213921e-10, 5.21184380375e-11, 3.16954795743e-12, 1.6237922465e-12, 1.47040565894e-14, 2.25799480804e-15]
    mfcc:
        mean: [-717.65435791, 136.284164429, -52.9710960388, 57.3204421997, -5.09279727936, -5.13789892197, 5.72371435165, -10.0924034119, 0.697326004505, -0.570598840714, -6.911236763, -7.0397939682, 4.81516456604]
        cov: [[1712.85803223, -706.968505859, -52.367275238, 302.719421387, -124.565284729, -226.647857666, -153.801055908, 30.8037757874, 101.604789734, 71.1196289062, -110.26978302, -90.3864822388, -10.0158262253], [-706.968505859, 615.798217773, -20.5158042908, -187.81388855, 130.699920654, 64.1526870728, 61.7856369019, 38.8826179504, -34.8254966736, -46.7427711487, 3.75691986084, 34.1242103577, 43.06980896], [-52.367275238, -20.5158042908, 523.174682617, -111.388168335, -116.26864624, 208.200836182, 89.4879379272, -7.80587816238, -69.297454834, -43.8979530334, 66.4488296509, -38.7683029175, -105.93686676], [302.719421387, -187.81388855, -111.388168335, 333.279785156, -7.59089612961, -99.5928497314, -38.9658966064, -3.51799964905, 75.8788223267, 16.6532745361, -55.3377799988, -17.0723838806, 7.32959461212], [-124.565284729, 130.699920654, -116.26864624, -7.59089612961, 270.688568115, -69.9801712036, -71.7481994629, 18.3453903198, -8.09129714966, 11.287446022, -37.2302589417, 16.4791049957, 56.9438514709], [-226.647857666, 64.1526870728, 208.200836182, -99.5928497314, -69.9801712036, 305.289916992, 131.799621582, -70.2970352173, -61.7429351807, -37.6650123596, 59.0389442444, -20.6009578705, -64.0662689209], [-153.801055908, 61.7856369019, 89.4879379272, -38.9658966064, -71.7481994629, 131.799621582, 158.917633057, 4.80762386322, -44.9391479492, -47.2748298645, 20.6609592438, 15.6109476089, -11.0426559448], [30.8037757874, 38.8826179504, -7.80587816238, -3.51799964905, 18.3453903198, -70.2970352173, 4.80762386322, 135.249603271, 23.7851352692, -28.821144104, -21.5886764526, 33.3158187866, 35.9205703735], [101.604789734, -34.8254966736, -69.297454834, 75.8788223267, -8.09129714966, -61.7429351807, -44.9391479492, 23.7851352692, 124.539176941, 55.9781112671, -18.1229095459, -10.3858652115, 6.29568433762], [71.1196289062, -46.7427711487, -43.8979530334, 16.6532745361, 11.287446022, -37.6650123596, -47.2748298645, -28.821144104, 55.9781112671, 121.370811462, 30.6034660339, -23.8170013428, -22.9877376556], [-110.26978302, 3.75691986084, 66.4488296509, -55.3377799988, -37.2302589417, 59.0389442444, 20.6609592438, -21.5886764526, -18.1229095459, 30.6034660339, 114.061958313, 40.5986404419, -37.9892539978], [-90.3864822388, 34.1242103577, -38.7683029175, -17.0723838806, 16.4791049957, -20.6009578705, 15.6109476089, 33.3158187866, -10.3858652115, -23.8170013428, 40.5986404419, 105.064422607, 37.9691429138], [-10.0158262253, 43.06980896, -105.93686676, 7.32959461212, 56.9438514709, -64.0662689209, -11.0426559448, 35.9205703735, 6.29568433762, -22.9877376556, -37.9892539978, 37.9691429138, 107.881950378]]
        icov: [[0.00140465446748, 0.0013861216139, -0.000116687864647, -0.000243267801125, 0.000361587939551, 0.000171937761479, 0.000583627203014, -0.000744707300328, 0.000228759570746, -0.000558337604161, 0.00103025743738, 0.000373359624064, -0.00020301778568], [0.0013861216139, 0.00398918241262, 0.000239826593315, 0.00128834566567, -0.00128809537273, 0.000147707483848, -0.000953209993895, -0.000856143946294, -0.00100698776077, 0.000670031062327, 0.000497457978781, 0.000794163555838, -0.00026362913195], [-0.000116687864647, 0.000239826593315, 0.00365287810564, 0.000496988650411, 0.000453143758932, -0.00190743873827, 0.000434668821981, -0.00189346191473, 0.000810788827948, 0.0011376059847, -0.00138772139326, 0.00152127165347, 0.00192069448531], [-0.000243267801125, 0.00128834566567, 0.000496988650411, 0.00512568419799, -0.000887337024324, 0.00145749433432, -0.00185265834443, 0.0016438155435, -0.00336158531718, 0.0018294879701, 0.000927810149733, -0.000126727623865, 0.00115711917169], [0.000361587939551, -0.00128809537273, 0.000453143758932, -0.000887337024324, 0.00661760522053, -0.00149234291166, 0.00435296772048, -0.00149391172454, 0.00349577679299, -0.00318558979779, 0.00306598539464, -0.00174423889257, -0.00157244328875], [0.000171937761479, 0.000147707483848, -0.00190743873827, 0.00145749433432, -0.00149234291166, 0.0100414799526, -0.00703175412491, 0.00527296587825, -0.00270542316139, 0.00370238092728, -0.00351705215871, 0.0027819853276, 0.000989546417259], [0.000583627203014, -0.000953209993895, 0.000434668821981, -0.00185265834443, 0.00435296772048, -0.00703175412491, 0.0151341222227, -0.00441658683121, 0.00469649257138, -0.00165706372354, 0.00272526685148, -0.0027864149306, -0.00115320656914], [-0.000744707300328, -0.000856143946294, -0.00189346191473, 0.0016438155435, -0.00149391172454, 0.00527296587825, -0.00441658683121, 0.0135159352794, -0.00550638185814, 0.00440933182836, -3.55871634383e-05, -0.002464302117, -0.000615125522017], [0.000228759570746, -0.00100698776077, 0.000810788827948, -0.00336158531718, 0.00349577679299, -0.00270542316139, 0.00469649257138, -0.00550638185814, 0.0165564157069, -0.00965091399848, 0.00455105118454, -0.001904605655, -0.000439565163106], [-0.000558337604161, 0.000670031062327, 0.0011376059847, 0.0018294879701, -0.00318558979779, 0.00370238092728, -0.00165706372354, 0.00440933182836, -0.00965091399848, 0.0198663715273, -0.011447259225, 0.00771677400917, 0.000965295766946], [0.00103025743738, 0.000497457978781, -0.00138772139326, 0.000927810149733, 0.00306598539464, -0.00351705215871, 0.00272526685148, -3.55871634383e-05, 0.00455105118454, -0.011447259225, 0.0246387273073, -0.015166672878, 0.00636450387537], [0.000373359624064, 0.000794163555838, 0.00152127165347, -0.000126727623865, -0.00174423889257, 0.0027819853276, -0.0027864149306, -0.002464302117, -0.001904605655, 0.00771677400917, -0.015166672878, 0.0221007559448, -0.00703554134816], [-0.00020301778568, -0.00026362913195, 0.00192069448531, 0.00115711917169, -0.00157244328875, 0.000989546417259, -0.00115320656914, -0.000615125522017, -0.000439565163106, 0.000965295766946, 0.00636450387537, -0.00703554134816, 0.0176163334399]]
    spectral_contrast:
        mean: [-1.64688870541e-07, -9.68920446098e-08, 2.44230733415e-07, 2.18097639504e-07, 7.17463350952e-08, 2.47628321404e-07, -3.76421621695e-06, 4.59366248151e-07, 1.38670486649e-06, 3.59656087312e-06, 1.07729874799e-06, -1.71377155311e-06]
        var: [0.0013802961912, 0.00144103332423, 0.00193428201601, 0.00288550904952, 0.00362116098404, 0.00446324329823, 0.0855264216661, 0.100851766765, 0.170577585697, 0.216062054038, 0.325330913067, 1.18190896511]

rhythm:
    beats_loudness:
        dmean: 0.002415884519
        dmean2: 0.00415315153077
        dvar: 2.70177088169e-06
        dvar2: 5.15585179528e-06
        max: 0.0134646045044
        mean: 0.00608079973608
        min: 0.0021135546267
        var: 6.73490285408e-06
    beats_loudness_bass:
        dmean: 0.107637964189
        dmean2: 0.177437990904
        dvar: 0.00758364098147
        dvar2: 0.0181169081479
        max: 0.613188683987
        mean: 0.217357814312
        min: 0.0261988248676
        var: 0.0284612383693
    bpm: 140.527236938
    bpm_confidence: 0
    first_peak_bpm: 94
    first_peak_spread: 0
    first_peak_weight: 0.470588237047
    onset_rate: 3.88793945312
    second_peak_bpm: 141
    second_peak_spread: 0
    second_peak_weight: 0.470588237047
    beats_position: [0.358886897564, 0.994971454144, 1.63105595112, 2.26714062691, 2.90322494507, 3.53930974007, 4.17539405823, 4.81147861481, 5.44756317139, 6.43253755569, 6.85950803757, 7.28647947311, 7.71344995499, 8.1404209137, 8.56739234924, 8.99436187744, 9.42133331299, 9.84830379486]
    bpm_estimates: [140.648117065, 141.440048218, 139.948654175, 140.480178833, 140.943618774, 139.702896118]
    bpm_intervals: [0.63608455658, 0.636084496975, 0.636084675789, 0.636084318161, 0.636084794998, 0.636084318161, 0.63608455658, 0.63608455658, 0.984974384308, 0.426970481873, 0.426971435547, 0.426970481873, 0.42697095871, 0.426971435547, 0.426969528198, 0.426971435547, 0.426970481873]
    onset_times: [0.0348299331963, 0.243809521198, 0.452789127827, 0.893968224525, 1.07972788811, 1.30031740665, 1.95047616959, 2.18267583847, 2.5890250206, 2.70512461662, 3.00698423386, 3.26240372658, 3.47138333321, 3.66875290871, 3.86612248421, 4.31891155243, 4.72526073456, 5.14321994781, 5.3754196167, 5.59600925446, 5.81659841537, 6.025578022, 6.11845827103, 6.43192720413, 6.68734693527, 6.88471651077, 7.08208608627, 7.30267572403, 7.54648542404, 7.74385499954, 7.9644446373, 8.15020370483, 8.42884349823, 8.59138298035, 8.78875255585, 9.02095222473, 9.43891143799, 9.57823085785, 9.85687065125]
    rubato_start: [6.85950803757]
    rubato_stop: [9.84830379486]
    perceptual_tempo: "unknown"

sfx:
    inharmonicity:
        dmean: 0.0429423749447
        dmean2: 0.0758846104145
        dvar: 0.00195886497386
        dvar2: 0.00558981392533
        max: 0.259390294552
        mean: 0.0487927347422
        min: 3.16064033541e-05
        var: 0.00237761088647
    oddtoevenharmonicenergyratio:
        dmean: 3.55074977875
        dmean2: 6.73834371567
        dvar: 404.24697876
        dvar2: 1197.97302246
        max: 229.356445312
        mean: 2.28658819199
        min: 0.000586515117902
        var: 209.654556274
    pitch_after_max_to_before_max_energy_ratio: 2.96918463707
    pitch_centroid: 246.48878479
    pitch_max_to_total: 0.293981492519
    pitch_min_to_total: 0.719907402992
    tristimulus:
        dmean: [0.184878706932, 0.214779734612, 0.130246698856]
        dmean2: [0.31082880497, 0.365376234055, 0.226378649473]
        dvar: [0.0265021231025, 0.0314106047153, 0.0155607610941]
        dvar2: [0.0711439326406, 0.0864439606667, 0.0443013161421]
        max: [0.955875873566, 0.949542164803, 0.804723322392]
        mean: [0.361404150724, 0.47949180007, 0.140590324998]
        min: [0.014897509478, 0, 0]
        var: [0.0470428913832, 0.0477319173515, 0.0210764091462]

tonal:
    chords_changes_rate: 0.0230414755642
    chords_number_rate: 0.0230414755642
    chords_strength:
        dmean: 0.00802686624229
        dmean2: 0.0079490672797
        dvar: 3.66185267922e-05
        dvar2: 4.38740353275e-05
        max: 0.827322244644
        mean: 0.627865493298
        min: 0.445702016354
        var: 0.00923457741737
    key_strength: 0.791786134243
    tuning_diatonic_strength: 0.668883979321
    tuning_equal_tempered_deviation: 0.0735693350434
    tuning_frequency: 439.491973877
    tuning_nontempered_energy_ratio: 0.722107291222
    hpcp:
        dmean: [0.180738136172, 0.152661144733, 0.119209490716, 0.114766180515, 0.119087077677, 0.116644226015, 0.0949211418629, 0.120550096035, 0.178568914533, 0.148276239634, 0.158896759152, 0.163699150085, 0.129739373922, 0.0785157829523, 0.0986968502402, 0.127462491393, 0.120125025511, 0.102375805378, 0.0750145092607, 0.0878846645355, 0.115076541901, 0.128206118941, 0.130974531174, 0.170370653272, 0.150127664208, 0.133275151253, 0.0967121049762, 0.0684855431318, 0.089324682951, 0.143291950226, 0.18790692091, 0.13041113317, 0.107014961541, 0.102497130632, 0.125512138009, 0.189829260111]
        dmean2: [0.305937975645, 0.247396484017, 0.206873834133, 0.198913648725, 0.204252883792, 0.191678091884, 0.162299335003, 0.205781668425, 0.311967760324, 0.256824791431, 0.275732219219, 0.280130922794, 0.221064195037, 0.139405116439, 0.169900029898, 0.214073851705, 0.201726227999, 0.178377479315, 0.137242302299, 0.165460377932, 0.203695058823, 0.225159779191, 0.235526561737, 0.290624499321, 0.244748294353, 0.221689552069, 0.174075558782, 0.12663269043, 0.158343911171, 0.241373106837, 0.321727544069, 0.219990372658, 0.190010905266, 0.17906345427, 0.220871835947, 0.337857663631]
        dvar: [0.0338062047958, 0.024949003011, 0.0241616014391, 0.0239376761019, 0.0262956283987, 0.0220406167209, 0.0162813421339, 0.0204667784274, 0.0414270944893, 0.0403081253171, 0.0325763784349, 0.0322900526226, 0.0220317933708, 0.00974583998322, 0.0163166299462, 0.0278271362185, 0.0231030192226, 0.0250597801059, 0.0198870040476, 0.0244098026305, 0.0280831735581, 0.0302442293614, 0.0334883295, 0.0443883277476, 0.0385166406631, 0.0288879405707, 0.0189072713256, 0.0138555271551, 0.0157626010478, 0.0271475147456, 0.0455026067793, 0.023440182209, 0.0252177994698, 0.0248024147004, 0.0267271716148, 0.0411043427885]
        dvar2: [0.0817077457905, 0.0659745559096, 0.0599512942135, 0.0622177273035, 0.0651917532086, 0.0553924553096, 0.0417493656278, 0.0538867637515, 0.113980516791, 0.103427946568, 0.0924149379134, 0.0825275629759, 0.0600343234837, 0.0208630990237, 0.0412409976125, 0.0686608105898, 0.0574694573879, 0.0695425644517, 0.0576481558383, 0.0741936638951, 0.0737209543586, 0.0793627277017, 0.0931824967265, 0.129161119461, 0.0954556167126, 0.0784756615758, 0.0545288324356, 0.0393566228449, 0.0433851592243, 0.0727694556117, 0.126770958304, 0.0635957121849, 0.0740473791957, 0.0665767416358, 0.0673157125711, 0.0972386822104]
        max: [1, 1, 1, 1, 1, 1, 0.934516251087, 1, 1, 1, 1, 1, 1, 1, 0.975532889366, 1, 1, 1, 0.957190752029, 0.998438894749, 1, 1, 0.973754286766, 1, 1, 1, 0.830573320389, 0.7099198699, 0.841085255146, 1, 1, 1, 1, 1, 1, 1]
        mean: [0.37927672267, 0.278604328632, 0.203035101295, 0.197349727154, 0.171416535974, 0.151948258281, 0.139668419957, 0.157434090972, 0.300742715597, 0.3932929039, 0.300646185875, 0.249900311232, 0.20314951241, 0.118481278419, 0.16523142159, 0.240070775151, 0.198406621814, 0.120874620974, 0.0772076919675, 0.0785069540143, 0.12648512423, 0.148632153869, 0.14209677279, 0.270912498236, 0.393063902855, 0.253786534071, 0.0957646891475, 0.069791905582, 0.106038071215, 0.243349403143, 0.340013980865, 0.233674690127, 0.126616463065, 0.12573339045, 0.162068352103, 0.298584848642]
        min: [0.0130228288472, 0.00609498145059, 0.00286063575186, 0.00274140574038, 0.00461062649265, 0.00325305899605, 0.000992299057543, 0.00142634182703, 0.00432397471741, 0.00320821651258, 0.0108959246427, 0.0068020732142, 0.00232937955298, 0.00181862676982, 0.00096793047851, 0.00155687774532, 0.00409119809046, 0.00431055529043, 0.00298175727949, 0.0026050824672, 0.00346617447212, 0.00212248624302, 0.00247453222983, 0.00747471814975, 0.00198078737594, 0.00359666324221, 0.0024833441712, 0.00124953105114, 0.00209193560295, 0.00383164267987, 0.00570794846863, 0.0036159651354, 0.00143217470031, 0.00160223909188, 0.00650296919048, 0.0076878904365]
        var: [0.099124841392, 0.0649698078632, 0.0599430240691, 0.0618133582175, 0.0514935962856, 0.0320363380015, 0.0226498730481, 0.0314352363348, 0.0805183127522, 0.136985003948, 0.0664865300059, 0.0645225346088, 0.0529682040215, 0.0195362623781, 0.0385624393821, 0.0793203338981, 0.0436128713191, 0.024169921875, 0.0143204005435, 0.0169971510768, 0.0317841991782, 0.0347479246557, 0.0327667221427, 0.0654373541474, 0.14055532217, 0.0695250853896, 0.0184776484966, 0.0111774904653, 0.0175792593509, 0.0549699291587, 0.106001764536, 0.0565156936646, 0.0239382106811, 0.0264269150794, 0.0378026999533, 0.0749111995101]
    chords_histogram: [59.9078330994, 0, 0, 0, 8.29493045807, 0, 0, 0, 0, 0, 2.7649769783, 0, 0, 0, 0, 0, 0, 0, 0, 0, 0, 23.5023040771, 0, 5.5299539566]
    thpcp: [1, 0.764433264732, 0.635405063629, 0.516534924507, 0.301254540682, 0.420123070478, 0.610412180424, 0.504475474358, 0.307339936495, 0.196310922503, 0.199614465237, 0.321605414152, 0.377917200327, 0.361300110817, 0.68883138895, 0.999417722225, 0.64528632164, 0.243494570255, 0.177455291152, 0.269616037607, 0.618748545647, 0.864531159401, 0.594149291515, 0.321939349174, 0.319694012403, 0.412080526352, 0.759192049503, 0.964361965656, 0.708388924599, 0.516243994236, 0.501788198948, 0.435849547386, 0.386348843575, 0.355125695467, 0.400297313929, 0.76467871666]
    chords_key: "F"
    chords_scale: "major"
    key_key: "F"
    key_scale: "major"
    chords_progression: ["Gm", "Gm", "Gm", "Gm", "Gm", "Gm", "Gm", "Gm", "Gm", "Gm", "Gm", "Gm", "Gm", "Gm", "Gm", "Gm", "Gm", "Gm", "Gm", "Gm", "Gm", "Gm", "Gm", "Gm", "Gm", "Gm", "Gm", "Gm", "Gm", "Gm", "Gm", "Gm", "Gm", "Gm", "Gm", "G", "G", "G", "G", "G", "G", "G", "G", "G", "G", "G", "G", "G", "G", "G", "G", "G", "G", "Gm", "Gm", "Gm", "Gm", "Gm", "Gm", "Gm", "Gm", "Gm", "Gm", "Gm", "Gm", "Gm", "Gm", "Gm", "Gm", "Dm", "Dm", "Dm", "Dm", "Dm", "Dm", "Dm", "Dm", "Dm", "Dm", "Dm", "Dm", "F", "F", "F", "F", "F", "F", "F", "F", "F", "F", "F", "F", "F", "F", "F", "F", "F", "F", "F", "F", "F", "F", "F", "F", "F", "F", "F", "F", "F", "F", "F", "F", "F", "F", "F", "F", "F", "F", "F", "F", "F", "F", "F", "F", "F", "F", "F", "F", "F", "F", "F", "F", "F", "F", "F", "F", "F", "F", "F", "F", "F", "F", "F", "F", "F", "F", "F", "F", "F", "F", "F", "F", "F", "F", "F", "F", "F", "F", "F", "F", "F", "F", "F", "F", "F", "F", "F", "F", "F", "F", "F", "F", "F", "F", "F", "F", "F", "F", "F", "F", "F", "F", "F", "F", "F", "F", "F", "F", "F", "F", "F", "F", "F", "F", "F", "F", "F", "F", "F", "F", "F", "F", "F", "F", "F", "F", "F", "F", "F", "F", "E", "E", "E", "E", "E", "E"]
