
metadata:
    version:
        essentia: "1.2.2"
    audio_properties:
        analysis_sample_rate: 44100
        bitrate: 128
        channels: 2
        equal_loudness: 1
        length: 10.0310201645
        replay_gain: -14.9386291504
        downmix: "mix"
    tags:
        track: 26
        year: 0
        album: "Splitted by Mp3Splt v. 2.1"
        artist: "From 004.10 To 004.20"
        comment: "http://mp3splt.sf.net"
        genre: ""
        title: "04 One Day.mp3"

highlevel:
    ballroom:
        all:
            ChaChaCha: 0.0927645340562
            Jive: 0.498051285744
            Quickstep: 0.136842593551
            Rumba-American: 0.0049955281429
            Rumba-International: 0.0190328285098
            Rumba-Misc: 0.0126873152331
            Samba: 0.100986197591
            Tango: 0.0115706929937
            VienneseWaltz: 0.105955779552
            Waltz: 0.0171132385731
        probability: 0.498051285744
        value: "Jive"
    culture:
        all:
            non_western: 0.0411369539797
            western: 0.958863019943
        probability: 0.958863019943
        value: "western"
    gender:
        all:
            female: 0.342687338591
            male: 0.657312631607
        probability: 0.657312631607
        value: "male"
    genre_dortmund:
        all:
            alternative: 0.261613488197
            blues: 0.00230746134184
            electronic: 0.087582834065
            folkcountry: 0.0757069885731
            funksoulrnb: 0.0106676807627
            jazz: 0.0125129595399
            pop: 0.106012046337
            raphiphop: 0.00180409359746
            rock: 0.441792428493
        probability: 0.441792428493
        value: "rock"
    genre_electronica:
        all:
            ambient: 0.289721131325
            dnb: 0.329455852509
            house: 0.00248800683767
            techno: 0.00318820937537
            trance: 0.375146776438
        probability: 0.375146776438
        value: "trance"
    genre_rosamerica:
        all:
            cla: 0.0217306409031
            dan: 0.0234930515289
            hip: 0.0037922039628
            jaz: 0.0054986756295
            pop: 0.135795503855
            rhy: 0.00693487888202
            roc: 0.801294326782
            spe: 0.00146072579082
        probability: 0.801294326782
        value: "roc"
    genre_tzanetakis:
        all:
            blu: 0.00559321977198
            cla: 0.0239171944559
            cou: 0.149106919765
            dis: 0.0441109836102
            hip: 0.00789289921522
            jaz: 0.0943056195974
            met: 0.0412996783853
            pop: 0.344988942146
            reg: 0.00975699629635
            roc: 0.279027551413
        probability: 0.344988942146
        value: "pop"
    live_studio:
        all:
            live: 0.604875087738
            studio: 0.39512488246
        probability: 0.604875087738
        value: "live"
    mood:
        all:
            Cluster1: 0.38000190258
            Cluster2: 0.209549188614
            Cluster3: 0.0983904972672
            Cluster4: 0.0696219727397
            Cluster5: 0.242436438799
        probability: 0.38000190258
        value: "Cluster1"
    mood_acoustic:
        all:
            acoustic: 0.0348797552288
            not_acoustic: 0.965120255947
        probability: 0.965120255947
        value: "not_acoustic"
    mood_aggressive:
        all:
            aggressive: 0.740348815918
            not_aggressive: 0.259651213884
        probability: 0.740348815918
        value: "aggressive"
    mood_electronic:
        all:
            electronic: 0.34797847271
            not_electronic: 0.65202152729
        probability: 0.65202152729
        value: "not_electronic"
    mood_happy:
        all:
            happy: 0.749024450779
            not_happy: 0.250975519419
        probability: 0.749024450779
        value: "happy"
    mood_party:
        all:
            not_party: 0.448487758636
            party: 0.551512241364
        probability: 0.551512241364
        value: "party"
    mood_relaxed:
        all:
            not_relaxed: 0.288429766893
            relaxed: 0.711570203304
        probability: 0.711570203304
        value: "relaxed"
    mood_sad:
        all:
            not_sad: 0.654963433743
            sad: 0.345036536455
        probability: 0.654963433743
        value: "not_sad"
    rhythm:
        all:
            fast: 0.808782935143
            medium: 0.166502758861
            slow: 0.0247143227607
        probability: 0.808782935143
        value: "fast"
    speech_music:
        all:
            music: 0.992161750793
            speech: 0.00783826038241
        probability: 0.992161750793
        value: "music"
    timbre:
        all:
            bright: 0.551437616348
            dark: 0.448562383652
        probability: 0.551437616348
        value: "bright"
    voice_instrumental:
        all:
            instrumental: 0.0108144721016
            voice: 0.989185512066
        probability: 0.989185512066
        value: "voice"

lowlevel:
    average_loudness: 0.967481136322
    barkbands_kurtosis:
        dmean: 0.487189918756
        dmean2: 0.805199742317
        dvar: 0.295581221581
        dvar2: 0.720319509506
        max: 4.57371902466
        mean: -0.635515749454
        min: -1.69924616814
        var: 0.810094058514
    barkbands_skewness:
        dmean: 0.304715752602
        dmean2: 0.497103095055
        dvar: 0.0670733228326
        dvar2: 0.171755984426
        max: 2.39380264282
        mean: 0.532971799374
        min: -1.01700735092
        var: 0.242704957724
    barkbands_spread:
        dmean: 3.81878900528
        dmean2: 6.04884052277
        dvar: 11.6331748962
        dvar2: 27.5393600464
        max: 45.1654853821
        mean: 27.5119419098
        min: 11.6893615723
        var: 39.3546676636
    dissonance:
        dmean: 0.0201472509652
        dmean2: 0.0348942130804
        dvar: 0.000327712972648
        dvar2: 0.000867087393999
        max: 0.497703939676
        mean: 0.46042278409
        min: 0.293803840876
        var: 0.000529089185875
    hfc:
        dmean: 1.50704538822
        dmean2: 2.28915095329
        dvar: 9.30839633942
        dvar2: 22.4584770203
        max: 34.3426704407
        mean: 6.18509483337
        min: 2.55481381828e-06
        var: 15.4923171997
    pitch:
        dmean: 256.505523682
        dmean2: 488.719909668
        dvar: 494228.71875
        dvar2: 1320053.625
        max: 4009.09082031
        mean: 436.56817627
        min: 92.4528274536
        var: 519931
    pitch_instantaneous_confidence:
        dmean: 0.0767893269658
        dmean2: 0.119758561254
        dvar: 0.00339712086134
        dvar2: 0.00886651594192
        max: 0.794780373573
        mean: 0.376149505377
        min: 0.163149058819
        var: 0.0109685072675
    pitch_salience:
        dmean: 0.0520395152271
        dmean2: 0.0815433859825
        dvar: 0.00177187263034
        dvar2: 0.00423720898107
        max: 0.961853504181
        mean: 0.64278447628
        min: 0.296146452427
        var: 0.00446831109002
    silence_rate_20dB:
        dmean: 0
        dmean2: 0
        dvar: 0
        dvar2: 0
        max: 1
        mean: 1
        min: 1
        var: 0
    silence_rate_30dB:
        dmean: 0
        dmean2: 0
        dvar: 0
        dvar2: 0
        max: 1
        mean: 1
        min: 1
        var: 0
    silence_rate_60dB:
        dmean: 0.087962962687
        dmean2: 0.174013927579
        dvar: 0.0802256688476
        dvar2: 0.157654464245
        max: 1
        mean: 0.26096996665
        min: 0
        var: 0.192865356803
    spectral_centroid:
        dmean: 208.3855896
        dmean2: 341.487121582
        dvar: 35369.875
        dvar2: 89629.7578125
        max: 2632.14135742
        mean: 1383.21264648
        min: 642.150939941
        var: 117058.390625
    spectral_complexity:
        dmean: 3.06496524811
        dmean2: 4.92325592041
        dvar: 11.7684164047
        dvar2: 25.8708705902
        max: 41
        mean: 15.2083330154
        min: 0
        var: 31.595451355
    spectral_crest:
        dmean: 1.95180642605
        dmean2: 3.13506388664
        dvar: 3.56925654411
        dvar2: 8.55435562134
        max: 22.0174331665
        mean: 6.50239992142
        min: 2.81269884109
        var: 7.03203630447
    spectral_decrease:
        dmean: 2.75907935388e-10
        dmean2: 4.3678091699e-10
        dvar: 1.25632346531e-19
        dvar2: 3.08364686403e-19
        max: -5.98116380896e-16
        mean: -1.04375463827e-09
        min: -3.49908080288e-09
        var: 2.63212153787e-19
    spectral_energy:
        dmean: 0.00115348142572
        dmean2: 0.00180901703425
        dvar: 2.466048727e-06
        dvar2: 6.02823729423e-06
        max: 0.0162374507636
        mean: 0.00450037280098
        min: 2.48915665857e-09
        var: 5.01466365677e-06
    spectral_energyband_high:
        dmean: 0.000110189677798
        dmean2: 0.000168944490724
        dvar: 6.53182397059e-08
        dvar2: 1.5961646227e-07
        max: 0.00295686512254
        mean: 0.000261393666733
        min: 4.8316458473e-11
        var: 9.09604764843e-08
    spectral_energyband_low:
        dmean: 7.14885245543e-05
        dmean2: 0.000122311554151
        dvar: 4.31502940046e-08
        dvar2: 1.21464054814e-07
        max: 0.00214766990393
        mean: 0.000108329048089
        min: 8.69793403968e-11
        var: 3.35247705152e-08
    spectral_energyband_middle_high:
        dmean: 0.000476954854093
        dmean2: 0.000773552281316
        dvar: 4.69211812515e-07
        dvar2: 1.14495344405e-06
        max: 0.00737444777042
        mean: 0.00186763878446
        min: 7.66992691581e-10
        var: 1.04875675788e-06
    spectral_energyband_middle_low:
        dmean: 0.000861293112393
        dmean2: 0.00138530624099
        dvar: 9.03802856556e-07
        dvar2: 2.24368341151e-06
        max: 0.00976641103625
        mean: 0.00226299930364
        min: 1.57310886539e-09
        var: 1.82966323337e-06
    spectral_flatness_db:
        dmean: 0.0134934857488
        dmean2: 0.0204620212317
        dvar: 0.000125806851429
        dvar2: 0.000285297050141
        max: 0.221575781703
        mean: 0.123308263719
        min: 0.0773623809218
        var: 0.000418843672378
    spectral_flux:
        dmean: 0.00716002145782
        dmean2: 0.0108677409589
        dvar: 6.14355303696e-05
        dvar2: 0.000138195668114
        max: 0.0963304713368
        mean: 0.0377378240228
        min: 4.98914487252e-05
        var: 0.000159486604389
    spectral_kurtosis:
        dmean: 0.640316903591
        dmean2: 1.06878757477
        dvar: 0.38281160593
        dvar2: 0.812239170074
        max: 8.29720115662
        mean: 3.04926609993
        min: 0.604997873306
        var: 1.01623606682
    spectral_rms:
        dmean: 0.000254238926573
        dmean2: 0.000389715278288
        dvar: 8.56550244066e-08
        dvar2: 1.93310057739e-07
        max: 0.00398012762889
        mean: 0.00203674542718
        min: 1.55834698035e-06
        var: 2.42280094653e-07
    spectral_rolloff:
        dmean: 399.138671875
        dmean2: 651.754516602
        dvar: 165882.0625
        dvar2: 385850.125
        max: 4888.03710938
        mean: 2827.57788086
        min: 581.396484375
        var: 484783.4375
    spectral_skewness:
        dmean: 0.115485191345
        dmean2: 0.183457106352
        dvar: 0.0137284137309
        dvar2: 0.0284982770681
        max: 2.63363313675
        mean: 1.51299524307
        min: 0.88301551342
        var: 0.0457532070577
    spectral_spread:
        dmean: 529479.125
        dmean2: 749446
        dvar: 440352407552
        dvar2: 703766200320
        max: 12560177
        mean: 5687404
        min: 3964337
        var: 860832071680
    spectral_strongpeak:
        dmean: 0.319307684898
        dmean2: 0.545503139496
        dvar: 0.161982312799
        dvar2: 0.438646525145
        max: 2.96482157707
        mean: 0.543193876743
        min: 2.80530348391e-05
        var: 0.189507320523
    zerocrossingrate:
        dmean: 0.00696395570412
        dmean2: 0.00856876838952
        dvar: 3.18802558468e-05
        dvar2: 5.06547803525e-05
        max: 0.12841796875
        mean: 0.0845585539937
        min: 0.033203125
        var: 0.000255704420852
    barkbands:
        dmean: [2.87339645411e-07, 2.97248770948e-05, 5.21136062162e-05, 0.00010123494576, 0.000305721361656, 0.000379670324037, 0.000103872436739, 0.00027921560104, 0.000218401357415, 0.000173334687133, 0.000138703995617, 0.000103071623016, 5.09669444e-05, 5.61003034818e-05, 4.27871746069e-05, 8.18016633275e-05, 7.60997572797e-05, 0.000134046960738, 0.000128336730995, 7.65382501413e-05, 5.73292672925e-05, 2.88196006295e-05, 4.21455297328e-06, 2.42799956141e-06, 3.9463043322e-06, 1.07955258954e-07, 1.78838388543e-09]
        dmean2: [4.95970255088e-07, 4.64188196929e-05, 9.45936699281e-05, 0.000182128205779, 0.000521783193108, 0.000622711260803, 0.000171505933395, 0.000424802012276, 0.000355500815203, 0.000287919479888, 0.000234938794165, 0.000172549262061, 8.48628260428e-05, 9.23166953726e-05, 6.97246141499e-05, 0.000134030895424, 0.000126742670545, 0.00022550210997, 0.000210460246308, 0.000121817822219, 9.02877072804e-05, 4.64839467895e-05, 6.22280958851e-06, 3.70367820324e-06, 6.47298611511e-06, 1.52987894353e-07, 2.17337192687e-09]
        dvar: [3.98293540076e-13, 1.05663806593e-08, 1.62060516118e-08, 1.83423658484e-08, 2.39917341105e-07, 2.78351109273e-07, 3.26167750586e-08, 2.84102981141e-07, 6.99750444255e-08, 3.72344430843e-08, 4.46258106024e-08, 3.94639094736e-08, 4.70959671262e-09, 5.28616883599e-09, 4.38722169704e-09, 9.12771902506e-09, 1.01042409995e-08, 4.64732998751e-08, 4.69493066646e-08, 2.26828653638e-08, 1.53286610072e-08, 3.33551053444e-09, 4.82275365477e-11, 2.27956577226e-11, 1.00700753292e-10, 4.79931104081e-14, 6.0100312212e-16]
        dvar2: [1.09477520365e-12, 2.68652300406e-08, 4.90351830251e-08, 5.65135351849e-08, 6.50294225579e-07, 7.15770795523e-07, 8.83006237018e-08, 5.83972848744e-07, 1.73051347474e-07, 1.04685867086e-07, 1.32254967866e-07, 1.00017501836e-07, 1.25828627517e-08, 1.49916612457e-08, 1.1510815412e-08, 2.41451996175e-08, 2.66729305309e-08, 1.29586638309e-07, 1.17669166855e-07, 5.43353451121e-08, 3.92546049e-08, 8.32103541626e-09, 1.02902936172e-10, 5.80998964217e-11, 2.77906309076e-10, 1.16645110454e-13, 6.04463834045e-16]
        max: [4.77143612443e-06, 0.000990684842691, 0.00126911804546, 0.0010923454538, 0.00403852853924, 0.00473690126091, 0.00166150089353, 0.00915300473571, 0.00234202062711, 0.00185752217658, 0.00221211579628, 0.00250896671787, 0.000725971767679, 0.00103519158438, 0.000912393443286, 0.00099976954516, 0.000936836237088, 0.00203607254662, 0.00207581976429, 0.00182676874101, 0.00128136470448, 0.00064134557033, 7.95849191491e-05, 4.71551247756e-05, 8.84345790837e-05, 2.2406586595e-06, 5.09784570113e-07]
        mean: [3.70281469486e-07, 4.23706114816e-05, 6.56025295029e-05, 0.000123512552818, 0.000464348908281, 0.0006067007198, 0.00015168749087, 0.000474400963867, 0.00040571129648, 0.000299404928228, 0.000215176274651, 0.000157773800311, 0.000101278892544, 0.000106068786408, 8.34286111058e-05, 0.000161240881425, 0.000146086124005, 0.000273350946372, 0.000263101916062, 0.000166447716765, 0.000111787318019, 5.98256774538e-05, 9.73188798525e-06, 5.22249729329e-06, 5.59793170396e-06, 1.46441436755e-07, 1.86502835398e-09]
        min: [2.72988177202e-11, 4.30056198986e-11, 3.0281863822e-11, 3.11446528289e-11, 8.87014836581e-11, 1.24759813591e-10, 1.80016002105e-10, 3.25974913729e-10, 7.36452010486e-10, 3.8101041766e-10, 1.04558722791e-10, 2.82237688082e-11, 1.80266097188e-11, 2.04641303903e-11, 4.17385050133e-12, 1.25492307518e-11, 2.95340106538e-11, 1.38446989983e-10, 1.03391496753e-10, 1.41082527605e-11, 2.1296074279e-11, 1.36605778772e-11, 6.78877743951e-12, 3.27253545443e-12, 1.04038381642e-12, 4.35830489537e-13, 4.25454024225e-13]
        var: [4.2455112776e-13, 9.93508741942e-09, 1.05494724068e-08, 2.06972234906e-08, 2.35127487258e-07, 4.98453402997e-07, 4.15762784201e-08, 7.0840007993e-07, 1.37640597586e-07, 7.21937709613e-08, 7.45934087831e-08, 5.98867231361e-08, 9.84350556621e-09, 1.0431579156e-08, 5.96048410628e-09, 2.20878213497e-08, 1.76811312258e-08, 5.15297458037e-08, 6.1773455684e-08, 3.7987248902e-08, 1.85622912596e-08, 4.93356600018e-09, 1.23760973691e-10, 3.8544094999e-11, 8.23815113349e-11, 5.39338810158e-14, 5.99798376571e-16]
    mfcc:
        mean: [-686.591125488, 105.506706238, -39.4526367188, 30.3243198395, -24.7385730743, -15.760345459, -4.44526147842, -4.15049648285, -1.12661969662, -12.5829296112, -1.23850309849, -12.3907299042, -6.7143778801]
        cov: [[2253.06152344, -205.156051636, 28.5842666626, -36.2514877319, -23.8753852844, 49.5556945801, 59.0097198486, -82.1812591553, 0.989382982254, -12.5178976059, -65.1045837402, -20.6758460999, 24.7088394165], [-205.156051636, 239.179534912, -2.04050159454, -9.94034957886, -7.13953399658, -4.31262683868, 23.6473960876, 30.5047302246, 9.01428794861, 15.4148378372, 29.4709396362, 12.7648773193, -0.987814307213], [28.5842666626, -2.04050159454, 126.684303284, -2.49770784378, 7.58156776428, 9.38760662079, 18.2800960541, 12.9959726334, 8.46758556366, 25.6856517792, -0.319270610809, 10.078622818, 14.7466068268], [-36.2514877319, -9.94034957886, -2.49770784378, 125.335517883, 68.8867874146, 20.0167064667, 13.3177890778, 14.96235466, 29.745470047, -8.34091186523, 5.99732112885, 10.9738016129, 9.57249546051], [-23.8753852844, -7.13953399658, 7.58156776428, 68.8867874146, 112.046340942, 11.8131170273, 1.02068531513, 12.3794612885, 35.4387969971, -6.85194206238, -0.115480080247, 4.79475641251, 8.53699684143], [49.5556945801, -4.31262683868, 9.38760662079, 20.0167064667, 11.8131170273, 71.5687942505, 49.6494827271, 17.1009216309, 12.2080068588, 22.6650657654, 12.835773468, 2.15048527718, 5.66907453537], [59.0097198486, 23.6473960876, 18.2800960541, 13.3177890778, 1.02068531513, 49.6494827271, 134.726715088, 43.6350326538, 27.0406398773, 32.0014152527, 36.5812759399, 22.3579864502, 17.2710189819], [-82.1812591553, 30.5047302246, 12.9959726334, 14.96235466, 12.3794612885, 17.1009216309, 43.6350326538, 74.0142288208, 38.034362793, 20.7198581696, 16.7107067108, 12.6714286804, 4.64356136322], [0.989382982254, 9.01428794861, 8.46758556366, 29.745470047, 35.4387969971, 12.2080068588, 27.0406398773, 38.034362793, 69.4851531982, 21.7453727722, 16.1332912445, 9.74558734894, 6.65269947052], [-12.5178976059, 15.4148378372, 25.6856517792, -8.34091186523, -6.85194206238, 22.6650657654, 32.0014152527, 20.7198581696, 21.7453727722, 60.1228065491, 29.1533718109, 3.00987839699, -0.311623483896], [-65.1045837402, 29.4709396362, -0.319270610809, 5.99732112885, -0.115480080247, 12.835773468, 36.5812759399, 16.7107067108, 16.1332912445, 29.1533718109, 62.9172935486, 30.9950428009, 7.80660533905], [-20.6758460999, 12.7648773193, 10.078622818, 10.9738016129, 4.79475641251, 2.15048527718, 22.3579864502, 12.6714286804, 9.74558734894, 3.00987839699, 30.9950428009, 71.3093719482, 36.6433067322], [24.7088394165, -0.987814307213, 14.7466068268, 9.57249546051, 8.53699684143, 5.66907453537, 17.2710189819, 4.64356136322, 6.65269947052, -0.311623483896, 7.80660533905, 36.6433067322, 50.0862693787]]
        icov: [[0.000564670830499, 0.000355813506758, -7.07182116457e-05, 0.000244447262958, 0.000157463626238, -0.00031827003113, -0.00058719451772, 0.00101746630389, -0.000672834343277, 8.98421567399e-05, 0.000714730471373, -7.08091101842e-05, -0.000149780913489], [0.000355813506758, 0.00495235295966, 0.000142987133586, 0.000589516828768, -3.08027483698e-05, 0.000873164506629, -0.000620078470092, -0.00145076203626, 0.000329396949382, -3.87180189136e-05, -0.00157133385073, 9.40286336117e-05, 0.00015424148296], [-7.07182116457e-05, 0.000142987133586, 0.00971101410687, 0.000392756599467, -0.00153418572154, 0.00089624064276, -0.000692964473274, -0.000968350737821, 0.00155585387256, -0.00635873526335, 0.00393630703911, -0.00158597133122, -0.00210717204027], [0.000244447262958, 0.000589516828768, 0.000392756599467, 0.0132853724062, -0.00674346694723, -0.00306041003205, -0.000293117569527, -8.98829530342e-05, -0.00242634722963, 0.00362118007615, -0.00115202658344, -0.000762285373639, -7.64465949032e-05], [0.000157463626238, -3.08027483698e-05, -0.00153418572154, -0.00674346694723, 0.0157380793244, -0.00182434823364, 0.00158350006677, 0.00121440005023, -0.00700477836654, 0.00361891579814, -0.000361761049135, 0.00126600940712, -0.00138930138201], [-0.00031827003113, 0.000873164506629, 0.00089624064276, -0.00306041003205, -0.00182434823364, 0.0219734720886, -0.00695790350437, -0.00109379412606, 0.00336121371947, -0.00740336440504, 0.00118920044042, 0.00191478454508, -0.00125894020312], [-0.00058719451772, -0.000620078470092, -0.000692964473274, -0.000293117569527, 0.00158350006677, -0.00695790350437, 0.0140915103257, -0.00585661362857, -0.000198134686798, 0.000370392604964, -0.00564932823181, 0.000777436362114, -0.00292063574307], [0.00101746630389, -0.00145076203626, -0.000968350737821, -8.98829530342e-05, 0.00121440005023, -0.00109379412606, -0.00585661362857, 0.0248504728079, -0.0116706462577, -0.00126272032503, 0.00361080793664, -0.0032708174549, 0.00277657900006], [-0.000672834343277, 0.000329396949382, 0.00155585387256, -0.00242634722963, -0.00700477836654, 0.00336121371947, -0.000198134686798, -0.0116706462577, 0.0277341753244, -0.00867868028581, -0.00109637109563, 0.000167490783497, -0.00138155568857], [8.98421567399e-05, -3.87180189136e-05, -0.00635873526335, 0.00362118007615, 0.00361891579814, -0.00740336440504, 0.000370392604964, -0.00126272032503, -0.00867868028581, 0.0335568524897, -0.015342165716, 0.00686005456373, 7.94392326497e-05], [0.000714730471373, -0.00157133385073, 0.00393630703911, -0.00115202658344, -0.000361761049135, 0.00118920044042, -0.00564932823181, 0.00361080793664, -0.00109637109563, -0.015342165716, 0.0341907963157, -0.0164018161595, 0.00693869078532], [-7.08091101842e-05, 9.40286336117e-05, -0.00158597133122, -0.000762285373639, 0.00126600940712, 0.00191478454508, 0.000777436362114, -0.0032708174549, 0.000167490783497, 0.00686005456373, -0.0164018161595, 0.0318643301725, -0.0204831212759], [-0.000149780913489, 0.00015424148296, -0.00210717204027, -7.64465949032e-05, -0.00138930138201, -0.00125894020312, -0.00292063574307, 0.00277657900006, -0.00138155568857, 7.94392326497e-05, 0.00693869078532, -0.0204831212759, 0.0358945243061]]
    spectral_contrast:
        mean: [-2.99441779816e-07, 2.01325207172e-07, 8.92086315929e-09, 1.85876459113e-07, -1.66249705558e-07, -2.38866988411e-07, 2.20895913117e-07, -3.98088673137e-07, 4.16749600163e-07, -2.5738995646e-07, -2.16752397364e-07, -1.9536387299e-06]
        var: [0.000282886670902, 0.000491990998853, 0.000834457867313, 0.00152256840374, 0.00238618301228, 0.00330562493764, 0.0322208553553, 0.0593467690051, 0.0884576886892, 0.156115427613, 0.451494067907, 1.21983969212]

rhythm:
    beats_loudness:
        dmean: 0.0041413414292
        dmean2: 0.00786331854761
        dvar: 3.41363943335e-06
        dvar2: 1.59341616381e-05
        max: 0.010312945582
        mean: 0.00664755050093
        min: 0.00327533320524
        var: 6.14682176092e-06
    beats_loudness_bass:
        dmean: 0.0728634521365
        dmean2: 0.1510207057
        dvar: 0.0036895677913
        dvar2: 0.0072794277221
        max: 0.164593204856
        mean: 0.0492618754506
        min: 0.00378767284565
        var: 0.00322521757334
    bpm: 113.267669678
    bpm_confidence: 0
    first_peak_bpm: 113
    first_peak_spread: 0
    first_peak_weight: 0.941176533699
    onset_rate: 3.38948559761
    second_peak_bpm: 105
    second_peak_spread: 0
    second_peak_weight: 0.0588235296309
    beats_position: [0.357706069946, 0.888639807701, 1.41957342625, 1.950507164, 2.48144102097, 3.01237440109, 3.54330801964, 4.07424163818, 4.60517549515, 5.13610887527, 5.6670422554, 6.23835802078, 6.7664270401, 7.29449510574, 7.82256412506, 8.35063362122, 8.87870121002, 9.40677070618]
    bpm_estimates: [113.002998352, 113.091041565, 113.009162903, 112.677497864, 113.001014709, 112.614997864, 113.206130981, 112.895080566, 113.199859619, 113.301544189, 113.097854614, 113.927108765, 113.773170471, 113.679916382, 113.637619019, 114.317054749, 113.838432312, 112.638664246, 113.176567078]
    bpm_intervals: [0.530933737755, 0.530933618546, 0.530933737755, 0.530933856964, 0.530933380127, 0.530933618546, 0.530933618546, 0.530933856964, 0.530933380127, 0.530933380127, 0.571315765381, 0.528069019318, 0.528068065643, 0.528069019318, 0.528069496155, 0.528067588806, 0.528069496155]
    onset_times: [0.0580498874187, 0.348299324512, 0.870748281479, 1.07972788811, 1.4164172411, 1.69505667686, 1.95047616959, 1.98530614376, 2.24072551727, 2.43809533119, 2.49614500999, 2.75156474113, 3.28562355042, 3.55265307426, 3.83129262924, 4.08671188354, 4.52789115906, 4.62077093124, 5.16644001007, 5.42185926437, 5.68888902664, 5.95591831207, 6.22294807434, 6.5015873909, 6.7570066452, 7.02403640747, 7.17496585846, 7.30267572403, 7.8251247406, 8.35918331146, 8.91646289825, 9.38086128235, 9.72916126251, 9.9613609314]
    rubato_start: []
    rubato_stop: []
    perceptual_tempo: "unknown"

sfx:
    inharmonicity:
        dmean: 0.0520981028676
        dmean2: 0.0940998643637
        dvar: 0.00344102620147
        dvar2: 0.00961436424404
        max: 0.335694760084
        mean: 0.0552156604826
        min: 0
        var: 0.00306916655973
    oddtoevenharmonicenergyratio:
        dmean: 2.49890303612
        dmean2: 4.43496847153
        dvar: 41.7955322266
        dvar2: 109.285575867
        max: 82.3099822998
        mean: 1.86876392365
        min: 0
        var: 31.1751327515
    pitch_after_max_to_before_max_energy_ratio: 5.71832990646
    pitch_centroid: 234.645462036
    pitch_max_to_total: 0.247685179114
    pitch_min_to_total: 0.907407402992
    tristimulus:
        dmean: [0.200080379844, 0.227156832814, 0.113150686026]
        dmean2: [0.355107992887, 0.402778416872, 0.202510714531]
        dvar: [0.0293238610029, 0.0392205193639, 0.0118284318596]
        dvar2: [0.0841230377555, 0.109705343843, 0.0318959653378]
        max: [1, 0.923574388027, 0.555601775646]
        mean: [0.343790441751, 0.483393996954, 0.131869539618]
        min: [0.00138984911609, 0, 0]
        var: [0.0387416109443, 0.0496090687811, 0.0141867566854]

tonal:
    chords_changes_rate: 0.0416666679084
    chords_number_rate: 0.0324074067175
    chords_strength:
        dmean: 0.00992878526449
        dmean2: 0.00828570593148
        dvar: 5.62311033718e-05
        dvar2: 4.64883632958e-05
        max: 0.767725646496
        mean: 0.568664371967
        min: 0.364261597395
        var: 0.00907445140183
    key_strength: 0.742451786995
    tuning_diatonic_strength: 0.644434571266
    tuning_equal_tempered_deviation: 0.180738657713
    tuning_frequency: 444.085327148
    tuning_nontempered_energy_ratio: 0.866157829762
    hpcp:
        dmean: [0.100351326168, 0.135336920619, 0.125366941094, 0.0840110033751, 0.0837364569306, 0.0842467471957, 0.101995944977, 0.109704710543, 0.0921796113253, 0.0978166535497, 0.114138498902, 0.157939136028, 0.20620405674, 0.198188200593, 0.129837349057, 0.0897726118565, 0.0750398114324, 0.0799983516335, 0.10168953985, 0.129557490349, 0.127436086535, 0.156403824687, 0.125189885497, 0.116191662848, 0.141810774803, 0.161441221833, 0.156512871385, 0.183118119836, 0.167144879699, 0.118251815438, 0.102694965899, 0.0952785238624, 0.101507529616, 0.171689555049, 0.171656802297, 0.110383018851]
        dmean2: [0.15602350235, 0.216617584229, 0.218519464135, 0.134316518903, 0.136192649603, 0.137999922037, 0.167145222425, 0.182485431433, 0.149998232722, 0.161167815328, 0.173916116357, 0.241171464324, 0.343406349421, 0.322178244591, 0.219479486346, 0.152696043253, 0.131964996457, 0.13732214272, 0.174599274993, 0.216128110886, 0.21657577157, 0.253583341837, 0.204174503684, 0.201442480087, 0.237440004945, 0.261382132769, 0.276876121759, 0.304482638836, 0.263984113932, 0.199812591076, 0.173659905791, 0.157412230968, 0.17039938271, 0.284830570221, 0.28966537118, 0.177075490355]
        dvar: [0.0134565345943, 0.0328750014305, 0.040037419647, 0.0107749747112, 0.0116798980162, 0.0162370000035, 0.0152685213834, 0.0218049455434, 0.0197833441198, 0.020207054913, 0.0250401347876, 0.0260160304606, 0.0360834859312, 0.030499111861, 0.0254948269576, 0.0243608783931, 0.0264561250806, 0.0166213735938, 0.0240152142942, 0.0266815256327, 0.0231458488852, 0.0366022139788, 0.0219574905932, 0.0216557662934, 0.0363665558398, 0.029281290248, 0.0368679016829, 0.0423213206232, 0.027310455218, 0.0227778945118, 0.014852816239, 0.0161141902208, 0.0195766407996, 0.0295305456966, 0.0316490270197, 0.0139911975712]
        dvar2: [0.0308725908399, 0.0781770721078, 0.106810845435, 0.0252843014896, 0.0288359634578, 0.0350030176342, 0.0310114566237, 0.0561454370618, 0.0483091473579, 0.0495470054448, 0.0593461915851, 0.0617309212685, 0.0866191312671, 0.0726795569062, 0.0564591251314, 0.0723034441471, 0.0754356011748, 0.0456575267017, 0.0589169710875, 0.0688725858927, 0.0572170130908, 0.0825666561723, 0.0505161993206, 0.0603209510446, 0.107195839286, 0.0778149813414, 0.089831456542, 0.10054770112, 0.0619992688298, 0.0627163946629, 0.0432845838368, 0.0411391854286, 0.045968644321, 0.0760367661715, 0.0786052942276, 0.0384003520012]
        max: [0.901094079018, 1, 1, 1, 0.99894452095, 1, 1, 1, 1, 1, 1, 1, 1, 1, 1, 1, 1, 1, 1, 1, 1, 1, 1, 1, 1, 1, 1, 1, 1, 1, 0.736492455006, 1, 1, 1, 1, 0.861077368259]
        mean: [0.155417844653, 0.175708666444, 0.150338739157, 0.13892878592, 0.141604021192, 0.151910021901, 0.182926058769, 0.163367733359, 0.12378629297, 0.125909730792, 0.141238689423, 0.258475035429, 0.485584974289, 0.431995630264, 0.185477420688, 0.0967944189906, 0.0899133309722, 0.13024006784, 0.215664952993, 0.236682400107, 0.216597288847, 0.244120895863, 0.199844062328, 0.150276377797, 0.210475251079, 0.249076649547, 0.30365678668, 0.364023983479, 0.28316962719, 0.182176038623, 0.148390769958, 0.136070325971, 0.172730341554, 0.34961399436, 0.38817730546, 0.209622696042]
        min: [0.00321058137342, 0.00399601040408, 0.00334172602743, 0.00579101312906, 0.00859677698463, 0.00718015618622, 0.00548157002777, 0.00485294917598, 0.00552975339815, 0.00369245302863, 0.00312153203413, 0.0196560230106, 0.0418549627066, 0.0391356535256, 0.00719596818089, 0.00269453320652, 0.00231650774367, 0.00262418668717, 0.00503640575334, 0.00360589940101, 0.00950212497264, 0.00290917768143, 0.00350588257425, 0.00669985031709, 0.00766209559515, 0.012451261282, 0.0099133560434, 0.00944446679205, 0.0155153581873, 0.0100003294647, 0.00541707361117, 0.00561146996915, 0.0122235352173, 0.0196487288922, 0.0154896900058, 0.0100116916001]
        var: [0.0242623798549, 0.0459732562304, 0.0338582247496, 0.017226697877, 0.0222793370485, 0.031868968159, 0.0346004664898, 0.0277055967599, 0.0250715613365, 0.0278804656118, 0.0333543792367, 0.0459701754153, 0.0948268547654, 0.0875260308385, 0.0392981544137, 0.0190725829452, 0.020478412509, 0.0326292663813, 0.0626470968127, 0.0612372681499, 0.0595864914358, 0.0820960476995, 0.0489427000284, 0.0305214785039, 0.0611708723009, 0.0552251376212, 0.0917354300618, 0.103074923158, 0.0562717169523, 0.0296927802265, 0.0174379181117, 0.0246042050421, 0.0421399585903, 0.0724668353796, 0.0985773056746, 0.0311017427593]
    chords_histogram: [29.1666660309, 0, 6.01851844788, 0, 11.1111106873, 0, 3.24074077606, 3.24074077606, 0, 45.3703689575, 0, 1.85185182095, 0, 0, 0, 0, 0, 0, 0, 0, 0, 0, 0, 0]
    thpcp: [1, 0.889639616013, 0.381966978312, 0.199335694313, 0.18516497314, 0.268212735653, 0.444134324789, 0.487417072058, 0.446054339409, 0.502735674381, 0.411553233862, 0.309474945068, 0.433446794748, 0.512941420078, 0.62534224987, 0.749660730362, 0.583151519299, 0.375168204308, 0.305591762066, 0.28021940589, 0.355715990067, 0.719985187054, 0.799401402473, 0.431691080332, 0.320063114166, 0.361849457026, 0.309603363276, 0.286106020212, 0.291615337133, 0.312839210033, 0.37671276927, 0.336434900761, 0.254922002554, 0.259294956923, 0.290862977505, 0.532296180725]
    chords_key: "C#"
    chords_scale: "major"
    key_key: "F#"
    key_scale: "minor"
    chords_progression: ["F#m", "F#m", "F#m", "F#m", "F#m", "F#m", "F#m", "F#m", "F#m", "F#m", "F#m", "F#m", "F#m", "F#m", "F#m", "F#m", "F#m", "F#m", "F#m", "F#m", "F#m", "F#m", "F#m", "F#m", "F#m", "F#m", "F#m", "F#m", "C#m", "C#m", "C#m", "C#m", "C#m", "C#m", "C#m", "C#m", "C#m", "C#m", "C#m", "D#m", "D#m", "D#m", "D#m", "D#m", "D#m", "D#m", "G#m", "G#m", "G#m", "G#m", "G#m", "G#m", "G#m", "G#m", "G#m", "G#m", "G#m", "G#m", "G#m", "G#m", "G#m", "G#m", "G#m", "G#m", "G#m", "G#m", "G#m", "G#m", "G#m", "G#m", "G#", "G#", "G#", "G#", "C#", "C#", "C#", "C#", "C#", "C#", "C#", "C#", "C#", "C#", "C#", "C#", "C#", "C#", "C#", "C#", "C#", "C#", "C#", "C#", "C#", "C#", "C#", "C#", "C#", "C#", "C#", "C#", "C#", "C#", "C#", "C#", "C#", "C#", "C#", "C#", "C#", "C#", "C#", "C#", "C#", "C#", "C#", "C#", "C#", "C#", "C#", "C#", "C#", "C#", "C#", "C#", "C#", "C#", "C#", "C#", "C#", "C#", "C#", "C#", "C#", "C#", "C#", "C#", "C#", "C#", "C#", "C#m", "C#m", "C#", "C#", "C#", "C#", "C#", "C#", "C#", "C#", "C#", "C#", "C#", "C#", "C#", "C#", "C#", "C#", "C#", "C#", "C#", "C#", "C#", "C#", "C#", "C#", "C#", "C#", "C#", "C#", "C#", "C#", "C#", "F#", "F#", "F#", "F#", "F#", "F#", "F#", "F#m", "F#m", "F#m", "F#m", "F#m", "F#m", "F#m", "F#m", "F#m", "F#m", "F#m", "F#m", "F#m", "F#m", "F#m", "F#m", "F#m", "F#m", "F#m", "F#m", "F#m", "F#m", "F#m", "F#m", "F#m", "F#m", "F#m", "F#m", "F#m", "F#m", "F#m", "F#m", "F#m", "F#m", "F#m"]
