
metadata:
    version:
        essentia: "1.2.2"
    audio_properties:
        analysis_sample_rate: 44100
        bitrate: 128
        channels: 2
        equal_loudness: 1
        length: 10.0310201645
        replay_gain: -13.6882648468
        downmix: "mix"
    tags:
        track: 15
        year: 0
        album: "Splitted by Mp3Splt v. 2.1"
        artist: "From 002.20 To 002.30"
        comment: "http://mp3splt.sf.net"
        genre: ""
        title: "08 Up Against the Wall.mp3"

highlevel:
    ballroom:
        all:
            ChaChaCha: 0.437276363373
            Jive: 0.204690337181
            Quickstep: 0.00934284925461
            Rumba-American: 0.000907638634089
            Rumba-International: 0.00074993353337
            Rumba-Misc: 0.000589584000409
            Samba: 0.345867365599
            Tango: 0.000172176063643
            VienneseWaltz: 0.000192262246856
            Waltz: 0.000211488862988
        probability: 0.437276363373
        value: "ChaChaCha"
    culture:
        all:
            non_western: 0.883625745773
            western: 0.116374231875
        probability: 0.883625745773
        value: "non_western"
    gender:
        all:
            female: 0.360075294971
            male: 0.639924705029
        probability: 0.639924705029
        value: "male"
    genre_dortmund:
        all:
            alternative: 0.00081872602459
            blues: 0.00120315968525
            electronic: 0.0339533761144
            folkcountry: 0.000393637456
            funksoulrnb: 0.037701241672
            jazz: 0.00268715457059
            pop: 0.00438161985949
            raphiphop: 0.910740196705
            rock: 0.00812090002
        probability: 0.910740196705
        value: "raphiphop"
    genre_electronica:
        all:
            ambient: 0.116768352687
            dnb: 0.592558205128
            house: 0.181050851941
            techno: 0.0447971522808
            trance: 0.0648254305124
        probability: 0.592558205128
        value: "dnb"
    genre_rosamerica:
        all:
            cla: 0.00548422941938
            dan: 0.366125822067
            hip: 0.484779208899
            jaz: 0.00262987683527
            pop: 0.090403623879
            rhy: 0.0387854129076
            roc: 0.00876586604863
            spe: 0.00302593782544
        probability: 0.484779208899
        value: "hip"
    genre_tzanetakis:
        all:
            blu: 0.000197841261979
            cla: 0.000342910381733
            cou: 0.000445810932433
            dis: 0.0181911867112
            hip: 0.0790463238955
            jaz: 0.000201191200176
            met: 0.00123445072677
            pop: 0.876619398594
            reg: 0.0230384655297
            roc: 0.000682448095176
        probability: 0.876619398594
        value: "pop"
    live_studio:
        all:
            live: 0.0148283308372
            studio: 0.985171675682
        probability: 0.985171675682
        value: "studio"
    mood:
        all:
            Cluster1: 0.291877061129
            Cluster2: 0.307280689478
            Cluster3: 0.0494644828141
            Cluster4: 0.168602928519
            Cluster5: 0.182774826884
        probability: 0.307280689478
        value: "Cluster2"
    mood_acoustic:
        all:
            acoustic: 5.8891550907e-06
            not_acoustic: 0.99999409914
        probability: 0.99999409914
        value: "not_acoustic"
    mood_aggressive:
        all:
            aggressive: 0.614193499088
            not_aggressive: 0.385806500912
        probability: 0.614193499088
        value: "aggressive"
    mood_electronic:
        all:
            electronic: 0.872075140476
            not_electronic: 0.127924874425
        probability: 0.872075140476
        value: "electronic"
    mood_happy:
        all:
            happy: 0.5
            not_happy: 0.5
        probability: 0.5
        value: "happy"
    mood_party:
        all:
            not_party: 0.0602023899555
            party: 0.939797580242
        probability: 0.939797580242
        value: "party"
    mood_relaxed:
        all:
            not_relaxed: 0.990818083286
            relaxed: 0.00918189994991
        probability: 0.990818083286
        value: "not_relaxed"
    mood_sad:
        all:
            not_sad: 0.986055672169
            sad: 0.0139443092048
        probability: 0.986055672169
        value: "not_sad"
    rhythm:
        all:
            fast: 0.956548571587
            medium: 0.0425582565367
            slow: 0.000893160351552
        probability: 0.956548571587
        value: "fast"
    speech_music:
        all:
            music: 0.977890312672
            speech: 0.0221097134054
        probability: 0.977890312672
        value: "music"
    timbre:
        all:
            bright: 0.0954681709409
            dark: 0.90453183651
        probability: 0.90453183651
        value: "dark"
    voice_instrumental:
        all:
            instrumental: 0.0231909491122
            voice: 0.976809024811
        probability: 0.976809024811
        value: "voice"

lowlevel:
    average_loudness: 0.958964765072
    barkbands_kurtosis:
        dmean: 1.8095266819
        dmean2: 3.02337741852
        dvar: 12.0333490372
        dvar2: 31.6959400177
        max: 45.994594574
        mean: 0.961804568768
        min: -1.81804716587
        var: 16.4827270508
    barkbands_skewness:
        dmean: 0.585216522217
        dmean2: 0.900120556355
        dvar: 0.414667338133
        dvar2: 0.885081350803
        max: 6.78408670425
        mean: -0.140123173594
        min: -3.41888666153
        var: 1.61387217045
    barkbands_spread:
        dmean: 7.36137342453
        dmean2: 11.4514503479
        dvar: 67.1920318604
        dvar2: 159.076461792
        max: 80.1709213257
        mean: 25.8740100861
        min: 2.06688976288
        var: 202.048477173
    dissonance:
        dmean: 0.0210090633482
        dmean2: 0.0348192229867
        dvar: 0.000646127620712
        dvar2: 0.00165045820177
        max: 0.499981939793
        mean: 0.465739935637
        min: 0.206147387624
        var: 0.00171188951936
    hfc:
        dmean: 4.00534963608
        dmean2: 6.5293469429
        dvar: 50.9983100891
        dvar2: 139.034896851
        max: 51.8027763367
        mean: 5.75914001465
        min: 0.00338158244267
        var: 52.7089157104
    pitch:
        dmean: 794.50579834
        dmean2: 1454.25439453
        dvar: 1379620.875
        dvar2: 3149761.25
        max: 5512.5
        mean: 1260.1282959
        min: 49.0545043945
        var: 2066238.75
    pitch_instantaneous_confidence:
        dmean: 0.112212017179
        dmean2: 0.177021741867
        dvar: 0.0104261040688
        dvar2: 0.0228503476828
        max: 0.98317271471
        mean: 0.438681930304
        min: 0.133496999741
        var: 0.0350959151983
    pitch_salience:
        dmean: 0.079608567059
        dmean2: 0.127945736051
        dvar: 0.00534110935405
        dvar2: 0.0136009389535
        max: 0.878545343876
        mean: 0.621000051498
        min: 0.0901272371411
        var: 0.0194698758423
    silence_rate_20dB:
        dmean: 0
        dmean2: 0
        dvar: 0
        dvar2: 0
        max: 1
        mean: 1
        min: 1
        var: 0
    silence_rate_30dB:
        dmean: 0
        dmean2: 0
        dvar: 0
        dvar2: 0
        max: 1
        mean: 1
        min: 1
        var: 0
    silence_rate_60dB:
        dmean: 0.162412986159
        dmean2: 0.325581401587
        dvar: 0.136035487056
        dvar2: 0.261438518763
        max: 1
        mean: 0.6875
        min: 0
        var: 0.21484375
    spectral_centroid:
        dmean: 376.418121338
        dmean2: 565.977050781
        dvar: 179363.875
        dvar2: 361152.34375
        max: 6151.43994141
        mean: 1997.65649414
        min: 268.215148926
        var: 737908.75
    spectral_complexity:
        dmean: 5.3799533844
        dmean2: 8.57710266113
        dvar: 57.6108627319
        dvar2: 150.174118042
        max: 45
        mean: 8.83953475952
        min: 0
        var: 81.2231445312
    spectral_crest:
        dmean: 2.66408729553
        dmean2: 4.46123504639
        dvar: 6.34917211533
        dvar2: 15.6862487793
        max: 26.0729885101
        mean: 8.57442569733
        min: 2.47308897972
        var: 20.0669879913
    spectral_decrease:
        dmean: 4.38174108108e-10
        dmean2: 7.28503424252e-10
        dvar: 6.14540135917e-19
        dvar2: 1.70786554187e-18
        max: -3.64915671465e-13
        mean: -6.34029717617e-10
        min: -5.72716007952e-09
        var: 5.84707815427e-19
    spectral_energy:
        dmean: 0.00200520525686
        dmean2: 0.00331649277359
        dvar: 1.23023583001e-05
        dvar2: 3.42120292771e-05
        max: 0.0227417480201
        mean: 0.00291534466669
        min: 1.68399412814e-06
        var: 1.19112928587e-05
    spectral_energyband_high:
        dmean: 0.0003022592864
        dmean2: 0.000476156710647
        dvar: 2.87310172098e-07
        dvar2: 7.26139489871e-07
        max: 0.00386884668842
        mean: 0.000352778763045
        min: 8.1586662759e-08
        var: 3.4446668451e-07
    spectral_energyband_low:
        dmean: 0.000152011416503
        dmean2: 0.000235673564021
        dvar: 2.96567861824e-07
        dvar2: 6.84068766077e-07
        max: 0.00550264772028
        mean: 0.000189637081348
        min: 3.01902142175e-10
        var: 3.2288227203e-07
    spectral_energyband_middle_high:
        dmean: 0.0011237753788
        dmean2: 0.00185452611186
        dvar: 4.61682020614e-06
        dvar2: 1.30920325319e-05
        max: 0.016255363822
        mean: 0.00162833579816
        min: 1.4551106915e-06
        var: 4.36222217104e-06
    spectral_energyband_middle_low:
        dmean: 0.000674344715662
        dmean2: 0.00118894886691
        dvar: 3.00887563753e-06
        dvar2: 8.51215281727e-06
        max: 0.0181017145514
        mean: 0.00074457511073
        min: 1.46975139614e-07
        var: 2.17201727537e-06
    spectral_flatness_db:
        dmean: 0.0246349684894
        dmean2: 0.0359076745808
        dvar: 0.000522309972439
        dvar2: 0.0010922976071
        max: 0.445111423731
        mean: 0.167409256101
        min: 0.0675045996904
        var: 0.00403408706188
    spectral_flux:
        dmean: 0.0129530131817
        dmean2: 0.0202581472695
        dvar: 0.000307400070596
        dvar2: 0.000611950526945
        max: 0.132759198546
        mean: 0.0377482175827
        min: 0.00129768799525
        var: 0.000609951268416
    spectral_kurtosis:
        dmean: 1.53118526936
        dmean2: 2.27612495422
        dvar: 3.96121358871
        dvar2: 7.9761967659
        max: 24.8534526825
        mean: 3.93481326103
        min: -0.768425703049
        var: 10.9983348846
    spectral_rms:
        dmean: 0.000488571880851
        dmean2: 0.000747041020077
        dvar: 4.25838862839e-07
        dvar2: 1.11132169422e-06
        max: 0.00471031526104
        mean: 0.0014687157236
        min: 4.05329628848e-05
        var: 6.87114095399e-07
    spectral_rolloff:
        dmean: 602.678466797
        dmean2: 962.051208496
        dvar: 499100.875
        dvar2: 1043413.25
        max: 8591.74804688
        mean: 3304.94555664
        min: 172.265625
        var: 1612267.125
    spectral_skewness:
        dmean: 0.236847490072
        dmean2: 0.343125253916
        dvar: 0.0562281347811
        dvar2: 0.10301618278
        max: 3.20928072929
        mean: 1.5313013792
        min: 0.168471857905
        var: 0.24411842227
    spectral_spread:
        dmean: 975953.125
        dmean2: 1467076.75
        dvar: 1.34102423962e+12
        dvar2: 2.89155606118e+12
        max: 13534649
        mean: 5857877.5
        min: 1285718.625
        var: 3.53074649498e+12
    spectral_strongpeak:
        dmean: 0.448630809784
        dmean2: 0.757949709892
        dvar: 0.410525590181
        dvar2: 0.98751783371
        max: 4.1086230278
        mean: 0.674207627773
        min: 0.00353368674405
        var: 0.585040986538
    zerocrossingrate:
        dmean: 0.0140668246895
        dmean2: 0.0153877045959
        dvar: 0.000192357867491
        dvar2: 0.000238826760324
        max: 0.27880859375
        mean: 0.10583666712
        min: 0.02099609375
        var: 0.00153842440341
    barkbands:
        dmean: [3.0612949331e-07, 5.13450904691e-05, 0.000133302033646, 0.000222445174586, 0.000216759755858, 0.00013866367226, 8.66976915859e-05, 0.000116912364319, 6.43887833576e-05, 9.7928190371e-05, 8.29786804388e-05, 6.81552919559e-05, 8.86726847966e-05, 0.000192451363546, 0.0001801395847, 0.000135638721986, 0.000159169590916, 0.000180699280463, 0.000181436087587, 0.000175887413207, 0.000141458513099, 5.80857995374e-05, 1.21984467114e-05, 6.54436735203e-06, 4.48156379207e-06, 2.94817397162e-07, 7.45807582359e-10]
        dmean2: [4.07203884834e-07, 8.10127676232e-05, 0.000227786280448, 0.000416541617597, 0.000409152591601, 0.000243480186327, 0.000140536692925, 0.000195926768356, 0.000102818805317, 0.0001470050629, 0.000144962177728, 0.000116241397336, 0.000154506662511, 0.000325238448568, 0.000285917252768, 0.00023756432347, 0.000268161500571, 0.000312651507556, 0.000302150379866, 0.00028425239725, 0.000232867882005, 9.15950877243e-05, 1.84637992788e-05, 9.85331917036e-06, 6.68750863042e-06, 4.46223054951e-07, 1.19775045437e-09]
        dvar: [1.16752993991e-12, 2.68254769509e-08, 3.14853991767e-07, 9.65085177995e-07, 5.01898568928e-07, 7.69041221815e-08, 3.13262518148e-08, 8.17320184865e-08, 2.12716440018e-08, 5.05707369314e-08, 4.42914505072e-08, 2.2374885944e-08, 3.75192037438e-08, 1.67781465166e-07, 1.89979360243e-07, 8.41764276061e-08, 8.94041747301e-08, 1.85280228493e-07, 1.7704994093e-07, 9.94766011786e-08, 7.20448127822e-08, 1.22717445095e-08, 5.00896657485e-10, 1.42292774785e-10, 8.60633925237e-11, 4.01149437019e-13, 5.04327263185e-18]
        dvar2: [1.52919300486e-12, 6.20664053486e-08, 8.05752847555e-07, 2.79053051599e-06, 1.52644952323e-06, 2.21336165396e-07, 7.99251793637e-08, 2.22333667921e-07, 4.75022794433e-08, 1.00716270879e-07, 1.17789426213e-07, 6.20405842255e-08, 1.061477235e-07, 4.67629803325e-07, 4.45057281695e-07, 2.4244164365e-07, 2.44719160492e-07, 5.18098147495e-07, 4.78175252283e-07, 2.39346348962e-07, 1.87198409662e-07, 3.0388243033e-08, 1.19372201013e-09, 3.34797023438e-10, 1.9845419752e-10, 9.2169045833e-13, 7.22505620964e-18]
        max: [1.82781059266e-05, 0.0015936474083, 0.00527027389035, 0.00959885679185, 0.00734480423853, 0.00166339881252, 0.00189601059537, 0.00283763301559, 0.00162965012714, 0.00325150601566, 0.00198384094983, 0.00132659915835, 0.00140989630017, 0.00283399713226, 0.0068542980589, 0.00244194711559, 0.0025510340929, 0.00473700184375, 0.00366671872325, 0.00353451771662, 0.00172389717773, 0.00117676507216, 0.000199268382858, 9.36131837079e-05, 8.81388477865e-05, 4.80565859107e-06, 3.9439001398e-08]
        mean: [6.22513596227e-07, 8.64579342306e-05, 0.000102576552308, 0.000131771666929, 0.000161464049597, 0.000119430253108, 9.33584524319e-05, 0.000111259396363, 9.32129842113e-05, 0.000137214767165, 8.14784507384e-05, 7.44708522689e-05, 8.06985262898e-05, 0.000176068948349, 0.000218537257751, 0.000148120248923, 0.000181006151251, 0.000222164511797, 0.000241699497565, 0.000206269396585, 0.000155152883963, 6.44814281259e-05, 1.39321873576e-05, 7.82481492934e-06, 5.74493105887e-06, 3.27467375882e-07, 8.54634973901e-10]
        min: [3.70006461451e-13, 8.77007216848e-11, 1.58925053673e-10, 3.51173590207e-10, 2.14632289719e-09, 4.91697660365e-09, 5.09712982932e-09, 2.60148667053e-08, 2.89446355772e-09, 7.78495579112e-09, 1.98948968411e-09, 6.81502188016e-09, 1.09656808078e-08, 6.64227783886e-09, 6.8190090019e-08, 7.14936874147e-08, 3.188571851e-09, 5.09989828146e-09, 1.82603780985e-08, 2.57369698886e-08, 2.35998820486e-09, 2.03251615538e-09, 7.43784756008e-11, 2.06727579499e-10, 1.83788151364e-10, 1.69242137665e-12, 5.18270356373e-14]
        var: [2.40899487858e-12, 3.93530221743e-08, 2.3399276472e-07, 5.54610664949e-07, 2.87260547793e-07, 6.76927385257e-08, 3.48463657929e-08, 6.91036845524e-08, 4.97233472174e-08, 1.35609496965e-07, 4.93289746828e-08, 2.30294681103e-08, 3.12772598932e-08, 1.55668971047e-07, 2.67613131655e-07, 7.03434821503e-08, 8.17389818053e-08, 1.48298411773e-07, 1.67086412262e-07, 1.36526125516e-07, 7.58719664873e-08, 1.44273695213e-08, 6.37551178517e-10, 1.81642256791e-10, 1.09392127301e-10, 4.60426672916e-13, 5.67081320356e-18]
    mfcc:
        mean: [-765.615112305, 67.8130264282, -59.1438598633, 27.9352626801, -17.1972675323, -13.0298089981, -8.14427947998, -8.10604190826, -2.42302465439, -6.31452560425, -1.77197611332, -10.3993492126, -4.9415307045]
        cov: [[8473.61230469, 38.525932312, 754.777099609, 723.28314209, 533.044433594, 498.92880249, 223.705108643, -52.7425193787, 48.0805549622, 82.6808547974, -26.7506904602, 390.647033691, 58.0398788452], [38.525932312, 1706.86621094, -259.006256104, 163.120422363, 332.215667725, 75.1007766724, 139.963806152, 20.6125736237, -70.8945922852, 67.1627578735, 43.2950935364, 82.2518157959, 114.781997681], [754.777099609, -259.006256104, 1291.28222656, 573.905273438, 220.021148682, 134.558380127, 92.5159225464, 67.7468643188, 133.474227905, -27.5297298431, 3.6129925251, 211.953964233, 72.4550552368], [723.28314209, 163.120422363, 573.905273438, 922.396484375, 492.993591309, 319.24230957, 163.475753784, 45.0469665527, 320.145080566, 97.405128479, 5.65850496292, 269.917755127, 78.6872253418], [533.044433594, 332.215667725, 220.021148682, 492.993591309, 593.551696777, 326.651123047, 159.006515503, 81.4130554199, 205.053649902, 151.563735962, 55.9490356445, 207.285003662, 82.7076263428], [498.92880249, 75.1007766724, 134.558380127, 319.24230957, 326.651123047, 383.675598145, 190.24369812, 55.5324211121, 196.81729126, 99.6228179932, 34.4917411804, 155.438095093, 13.4053134918], [223.705108643, 139.963806152, 92.5159225464, 163.475753784, 159.006515503, 190.24369812, 328.679290771, 174.083831787, 161.104507446, 83.6549301147, 90.8186721802, 74.4514770508, 22.5368728638], [-52.7425193787, 20.6125736237, 67.7468643188, 45.0469665527, 81.4130554199, 55.5324211121, 174.083831787, 260.581878662, 108.980369568, 79.5471725464, 81.8520431519, 8.89700698853, 21.3958759308], [48.0805549622, -70.8945922852, 133.474227905, 320.145080566, 205.053649902, 196.81729126, 161.104507446, 108.980369568, 387.483795166, 140.66619873, 71.9678878784, 119.674385071, -21.0938949585], [82.6808547974, 67.1627578735, -27.5297298431, 97.405128479, 151.563735962, 99.6228179932, 83.6549301147, 79.5471725464, 140.66619873, 170.657485962, 94.7232971191, 52.4180870056, -1.90492832661], [-26.7506904602, 43.2950935364, 3.6129925251, 5.65850496292, 55.9490356445, 34.4917411804, 90.8186721802, 81.8520431519, 71.9678878784, 94.7232971191, 160.7006073, 59.0331993103, 19.4267730713], [390.647033691, 82.2518157959, 211.953964233, 269.917755127, 207.285003662, 155.438095093, 74.4514770508, 8.89700698853, 119.674385071, 52.4180870056, 59.0331993103, 221.812713623, 84.0167617798], [58.0398788452, 114.781997681, 72.4550552368, 78.6872253418, 82.7076263428, 13.4053134918, 22.5368728638, 21.3958759308, -21.0938949585, -1.90492832661, 19.4267730713, 84.0167617798, 137.979507446]]
        icov: [[0.000145783269545, 2.49627773883e-05, -3.68561632058e-05, -5.1543029258e-05, -7.95903088147e-06, -6.87849315e-05, -0.000122112047393, 4.02039877372e-05, 0.000247999443673, -0.000175100256456, 0.000157726026373, -0.000272158009466, 0.000170831903233], [2.49627773883e-05, 0.000877032522112, 0.000330212846166, -0.000216147906031, -0.000721341581084, 0.000606719229836, -0.000754157896154, 0.000259180756984, 0.000634824275039, -0.000148375795106, 7.91003549239e-05, -0.000212975515751, -0.000120239747048], [-3.68561632058e-05, 0.000330212846166, 0.00140111416113, -0.000969063607045, -6.57599084661e-05, 0.000428107829066, -0.000127506311401, -0.00059468485415, 0.000450833555078, 0.000825675844681, -0.000183152020327, -0.000901160237845, 0.000323398679029], [-5.1543029258e-05, -0.000216147906031, -0.000969063607045, 0.00362755358219, -0.00172747496981, 0.000201809962164, -0.000265629059868, 0.000665569677949, -0.00203957990743, 0.000303852633806, 0.00146166782361, -0.00103400903754, -0.000286103109829], [-7.95903088147e-06, -0.000721341581084, -6.57599084661e-05, -0.00172747496981, 0.0060959183611, -0.00344184995629, 0.001296750037, -0.00103730359115, 0.000633808434941, -0.00295906397514, 0.000467276724521, -0.000433326757047, -0.00149337376934], [-6.87849315e-05, 0.000606719229836, 0.000428107829066, 0.000201809962164, -0.00344184995629, 0.00842817500234, -0.00404245220125, 0.00129971664865, -0.000338052574079, -0.000667782442179, 0.00229932065122, -0.00338678038679, 0.00256493873894], [-0.000122112047393, -0.000754157896154, -0.000127506311401, -0.000265629059868, 0.001296750037, -0.00404245220125, 0.0081642717123, -0.00395054602996, -0.00137057062238, 0.00181978847831, -0.00284873461351, 0.00135604816023, -0.000817327818368], [4.02039877372e-05, 0.000259180756984, -0.00059468485415, 0.000665569677949, -0.00103730359115, 0.00129971664865, -0.00395054602996, 0.00795892439783, -0.00126506038941, -0.00138210947625, -0.00119928922504, 0.00279523618519, -0.00213885586709], [0.000247999443673, 0.000634824275039, 0.000450833555078, -0.00203957990743, 0.000633808434941, -0.000338052574079, -0.00137057062238, -0.00126506038941, 0.00719811813906, -0.00374366226606, 0.000863425433636, -0.00283943722025, 0.00302306865342], [-0.000175100256456, -0.000148375795106, 0.000825675844681, 0.000303852633806, -0.00295906397514, -0.000667782442179, 0.00181978847831, -0.00138210947625, -0.00374366226606, 0.0153026711196, -0.00731776794419, 0.00191107415594, 0.000851492164657], [0.000157726026373, 7.91003549239e-05, -0.000183152020327, 0.00146166782361, 0.000467276724521, 0.00229932065122, -0.00284873461351, -0.00119928922504, 0.000863425433636, -0.00731776794419, 0.0136414114386, -0.00563109340146, 0.000817395048216], [-0.000272158009466, -0.000212975515751, -0.000901160237845, -0.00103400903754, -0.000433326757047, -0.00338678038679, 0.00135604816023, 0.00279523618519, -0.00283943722025, 0.00191107415594, -0.00563109340146, 0.0147421807051, -0.00730310799554], [0.000170831903233, -0.000120239747048, 0.000323398679029, -0.000286103109829, -0.00149337376934, 0.00256493873894, -0.000817327818368, -0.00213885586709, 0.00302306865342, 0.000851492164657, 0.000817395048216, -0.00730310799554, 0.0131858261302]]
    spectral_contrast:
        mean: [-3.4794859971e-07, -1.31208196308e-07, 2.99669267179e-08, 7.20107280472e-08, 1.94754704808e-07, -2.62572314114e-07, 1.18762250167e-06, 1.84275381798e-06, -7.12258156454e-07, 3.34004334945e-06, 1.06096263153e-06, -4.0253928546e-07]
        var: [0.000681191391777, 0.00150437129196, 0.00260982406326, 0.0034782353323, 0.00792884174734, 0.00983988773078, 0.0934480428696, 0.177485406399, 0.355976074934, 0.81386756897, 1.33566582203, 6.25843715668]

rhythm:
    beats_loudness:
        dmean: 0.00265616527759
        dmean2: 0.00402520084754
        dvar: 2.65886728812e-06
        dvar2: 8.06317348179e-06
        max: 0.00883176829666
        mean: 0.00416419003159
        min: 0.000126360799186
        var: 6.09452627032e-06
    beats_loudness_bass:
        dmean: 0.235015586019
        dmean2: 0.406999439001
        dvar: 0.0711530596018
        dvar2: 0.173522859812
        max: 0.711124300957
        mean: 0.16235114634
        min: 0.000186726465472
        var: 0.0642745867372
    bpm: 129.581329346
    bpm_confidence: 0
    first_peak_bpm: 130
    first_peak_spread: 0
    first_peak_weight: 0.949999988079
    onset_rate: 5.18391942978
    second_peak_bpm: 83
    second_peak_spread: 0
    second_peak_weight: 0.0500000007451
    beats_position: [0.146743908525, 0.609799206257, 1.07285451889, 1.53590989113, 1.99896502495, 2.46202015877, 2.92507553101, 3.38813066483, 3.85118579865, 4.31424093246, 4.77729606628, 5.2403512001, 5.96433448792, 6.42734622955, 6.89035749435, 7.35336923599, 7.81638145447, 8.27939319611, 8.74240493774, 9.20541667938, 9.66842842102]
    bpm_estimates: [129.753646851, 129.526031494, 129.813156128, 129.57383728, 129.493530273, 129.478805542, 129.466705322, 129.488616943, 129.821166992, 129.452636719, 130.086196899, 129.279907227, 130.046020508, 129.464202881, 129.470062256, 129.419708252, 129.334976196, 129.494567871]
    bpm_intervals: [0.463055312634, 0.463055312634, 0.463055372238, 0.46305513382, 0.46305513382, 0.463055372238, 0.46305513382, 0.46305513382, 0.46305513382, 0.46305513382, 0.46305513382, 0.723983287811, 0.463011741638, 0.463011264801, 0.463011741638, 0.463012218475, 0.463011741638, 0.463011741638, 0.463011741638, 0.463011741638]
    onset_times: [0.0580498874187, 0.139319732785, 0.348299324512, 0.615328788757, 0.754648506641, 0.859138309956, 1.01006805897, 1.30031740665, 1.53251695633, 1.78793644905, 1.84598636627, 1.91564631462, 2.02013611794, 2.22911572456, 2.47292518616, 2.61224484444, 2.71673464775, 2.85605430603, 2.93732428551, 3.16952371597, 3.40172338486, 3.55265307426, 3.65714287758, 3.78485250473, 3.87773251534, 4.09832191467, 4.34213161469, 4.42340135574, 4.6439909935, 5.01551008224, 5.18966007233, 5.47990942001, 5.65405893326, 5.68888902664, 5.92108821869, 6.42031764984, 6.79183673859, 7.10530614853, 7.2910656929, 7.51165533066, 7.61614513397, 7.81351470947, 8.05732440948, 8.3011341095, 8.51011371613, 8.74231338501, 8.97451210022, 9.35764217377, 9.46213150024, 9.67111110687, 9.83365058899, 9.91492080688]
    rubato_start: []
    rubato_stop: []
    perceptual_tempo: "unknown"

sfx:
    inharmonicity:
        dmean: 0.0652926564217
        dmean2: 0.117240741849
        dvar: 0.00545459939167
        dvar2: 0.015310629271
        max: 0.424883276224
        mean: 0.0701783820987
        min: 0
        var: 0.00529536278918
    oddtoevenharmonicenergyratio:
        dmean: 38.3983421326
        dmean2: 76.2426223755
        dvar: 129917.257812
        dvar2: 389300.75
        max: 5189.61376953
        mean: 20.1217250824
        min: 0
        var: 65165.03125
    pitch_after_max_to_before_max_energy_ratio: 0.473504036665
    pitch_centroid: 211.27885437
    pitch_max_to_total: 0.737209320068
    pitch_min_to_total: 0.951162815094
    tristimulus:
        dmean: [0.180146768689, 0.285298556089, 0.154793173075]
        dmean2: [0.324379265308, 0.496808946133, 0.273104995489]
        dvar: [0.0347852669656, 0.0580046288669, 0.0219348091632]
        dvar2: [0.0901712998748, 0.167482018471, 0.0606550909579]
        max: [1, 0.999217331409, 0.821362912655]
        mean: [0.258295893669, 0.503892660141, 0.158160477877]
        min: [0.000623889151029, 0, 0]
        var: [0.0476393848658, 0.0830721333623, 0.0279873069376]

tonal:
    chords_changes_rate: 0.0460829511285
    chords_number_rate: 0.0230414755642
    chords_strength:
        dmean: 0.0158959534019
        dmean2: 0.0207471866161
        dvar: 0.00021771620959
        dvar2: 0.000325114582665
        max: 0.716751515865
        mean: 0.538219094276
        min: 0.266026288271
        var: 0.00938081834465
    key_strength: 0.592907607555
    tuning_diatonic_strength: 0.550819098949
    tuning_equal_tempered_deviation: 0.132470414042
    tuning_frequency: 438.731048584
    tuning_nontempered_energy_ratio: 0.823146045208
    hpcp:
        dmean: [0.236741527915, 0.210598096251, 0.211476311088, 0.208243176341, 0.166035830975, 0.168646514416, 0.182091355324, 0.190876930952, 0.194540381432, 0.218465387821, 0.225024759769, 0.193722367287, 0.164859429002, 0.151110783219, 0.171528354287, 0.197940260172, 0.208455279469, 0.191058218479, 0.199171438813, 0.176316931844, 0.175382822752, 0.209022864699, 0.183644160628, 0.189117848873, 0.168391734362, 0.127842649817, 0.129766285419, 0.143758460879, 0.142845138907, 0.165693148971, 0.193167299032, 0.170665189624, 0.162167742848, 0.178601294756, 0.197871699929, 0.235129997134]
        dmean2: [0.37363421917, 0.33380395174, 0.351170659065, 0.338017016649, 0.274510115385, 0.273354440928, 0.31096637249, 0.323681473732, 0.329173982143, 0.349687039852, 0.361715048552, 0.326270192862, 0.270357042551, 0.243853002787, 0.283896267414, 0.330290436745, 0.352878630161, 0.315025955439, 0.335520714521, 0.297169268131, 0.308835268021, 0.356977492571, 0.306655853987, 0.326543033123, 0.285233587027, 0.207931697369, 0.225480794907, 0.240644559264, 0.240432530642, 0.27755895257, 0.338977336884, 0.282857507467, 0.278090178967, 0.296370685101, 0.333283931017, 0.387754917145]
        dvar: [0.0539668723941, 0.039035949856, 0.0477148033679, 0.0478719174862, 0.0332613922656, 0.0354135893285, 0.0404056720436, 0.0393223054707, 0.0427972115576, 0.0411823503673, 0.0555360801518, 0.0433104038239, 0.0328723378479, 0.0240792464465, 0.0289554074407, 0.0465371869504, 0.0548239164054, 0.0436477735639, 0.0586767606437, 0.0423555672169, 0.0432552807033, 0.0516679361463, 0.0400176309049, 0.0420613959432, 0.0430414937437, 0.020540272817, 0.0235687494278, 0.0349297448993, 0.0304062105715, 0.0380838364363, 0.0565936565399, 0.0355112552643, 0.0368635803461, 0.0342351123691, 0.0483516715467, 0.0516480356455]
        dvar2: [0.104744642973, 0.0899366661906, 0.124837957323, 0.118458025157, 0.0781684145331, 0.0930941849947, 0.0970766469836, 0.105891726911, 0.112655095756, 0.0964035466313, 0.131381511688, 0.111510753632, 0.080063611269, 0.054567899555, 0.0689456760883, 0.118358910084, 0.13038264215, 0.105518139899, 0.164990976453, 0.120253950357, 0.121823273599, 0.13011905551, 0.0946911275387, 0.11653406918, 0.116989679635, 0.0557315610349, 0.0656492486596, 0.0971148759127, 0.0838903263211, 0.0940661355853, 0.131734848022, 0.0936767309904, 0.0999374836683, 0.0951079279184, 0.119937516749, 0.124756492674]
        max: [1, 1, 1, 1, 1, 1, 1, 1, 1, 1, 1, 1, 1, 1, 1, 1, 1, 1, 1, 1, 1, 1, 1, 1, 1, 1, 0.748755633831, 1, 1, 1, 1, 1, 1, 1, 1, 1]
        mean: [0.414145320654, 0.356663942337, 0.270634174347, 0.25360634923, 0.22384417057, 0.21871355176, 0.249580740929, 0.264006435871, 0.283805340528, 0.313523113728, 0.281891733408, 0.234098896384, 0.215050458908, 0.204302534461, 0.233202248812, 0.291462659836, 0.292570501566, 0.260184079409, 0.230553001165, 0.194548711181, 0.21655407548, 0.274241685867, 0.256384015083, 0.22563546896, 0.217750877142, 0.185387551785, 0.178188800812, 0.174556851387, 0.166302248836, 0.213240921497, 0.258135527372, 0.23239992559, 0.209661573172, 0.219556987286, 0.244299098849, 0.326424360275]
        min: [0, 0, 0.000213342194911, 0.000230483026826, 0.00016704495647, 0.000178097761818, 0.000150907682837, 0.000146006277646, 0.00015038708807, 0.000316745281452, 0, 0.000190617327462, 0.000185251410585, 0.000197861081688, 0.000195341344806, 0, 0, 0, 0, 0, 0, 0, 0, 0, 0, 0, 0, 0, 0, 0, 0, 0, 0, 0, 0, 0]
        var: [0.126514658332, 0.0854356884956, 0.0584215186536, 0.0616710036993, 0.0459779761732, 0.0464866273105, 0.0604026652873, 0.0566591434181, 0.0609982050955, 0.0788904502988, 0.0835792422295, 0.0544003620744, 0.0464574433863, 0.0372561663389, 0.0483619906008, 0.0760399699211, 0.081043638289, 0.0612053796649, 0.0598458722234, 0.0486349128187, 0.0486035272479, 0.075187176466, 0.063703134656, 0.0501683875918, 0.0536949299276, 0.0302877146751, 0.0277800392359, 0.0356152281165, 0.0310526434332, 0.0472495518625, 0.0779807940125, 0.0543983206153, 0.0430909283459, 0.0458785966039, 0.0596942417324, 0.0791855156422]
    chords_histogram: [52.9953918457, 0, 0, 5.5299539566, 2.7649769783, 0, 0, 0, 0, 0, 0, 0, 0, 0, 0, 0, 0, 0, 0, 0, 12.4423961639, 0, 26.2672805786, 0]
    thpcp: [1, 0.86120480299, 0.65347635746, 0.612360775471, 0.540496706963, 0.528108239174, 0.602640509605, 0.63747292757, 0.685279607773, 0.757036447525, 0.680658996105, 0.565257847309, 0.519263267517, 0.493311226368, 0.563092827797, 0.703769028187, 0.706444084644, 0.62824344635, 0.556695878506, 0.469759523869, 0.52289390564, 0.662187099457, 0.619067728519, 0.544821977615, 0.525783717632, 0.447638899088, 0.430256694555, 0.42148694396, 0.401555299759, 0.514893949032, 0.623296976089, 0.561155498028, 0.506251215935, 0.530144810677, 0.5898873806, 0.788187980652]
    chords_key: "A"
    chords_scale: "minor"
    key_key: "A"
    key_scale: "minor"
    chords_progression: ["Bm", "Bm", "Bm", "Bm", "Bm", "Bm", "Am", "Am", "Am", "Am", "Am", "Am", "Am", "Am", "Am", "Am", "Am", "Am", "Am", "Am", "Am", "Am", "Am", "Am", "Am", "Am", "Am", "Am", "Am", "Am", "Am", "Am", "Am", "Dm", "Dm", "Dm", "Dm", "Am", "Am", "Am", "Am", "Dm", "Dm", "Dm", "Dm", "Dm", "Dm", "Dm", "Dm", "Dm", "Dm", "Dm", "Dm", "Dm", "Dm", "Dm", "Dm", "Dm", "Dm", "Dm", "Dm", "Dm", "Dm", "Dm", "Dm", "Dm", "Dm", "Dm", "Dm", "Dm", "Dm", "Dm", "Dm", "Dm", "Dm", "Dm", "Dm", "Dm", "Dm", "Dm", "Dm", "Dm", "Dm", "Dm", "Dm", "Dm", "Dm", "Dm", "Dm", "Dm", "Dm", "Dm", "Dm", "Am", "Am", "Am", "Am", "Am", "Am", "Am", "Am", "Am", "Am", "Am", "Am", "Am", "Am", "Am", "Am", "Am", "Dm", "Am", "G", "G", "G", "G", "G", "G", "G", "G", "G", "G", "G", "G", "Gm", "Gm", "Gm", "Gm", "Gm", "Gm", "Gm", "Gm", "Gm", "Gm", "Gm", "Gm", "Gm", "Gm", "Gm", "Gm", "Gm", "Gm", "Gm", "Gm", "Gm", "Gm", "Gm", "Gm", "Gm", "Gm", "Gm", "Am", "Am", "Am", "Am", "Am", "Am", "Am", "Am", "Am", "Am", "Am", "Am", "Am", "Am", "Am", "Am", "Am", "Am", "Am", "Am", "Am", "Am", "Am", "Am", "Am", "Am", "Am", "Am", "Am", "Am", "Am", "Am", "Am", "Am", "Am", "Am", "Am", "Am", "Am", "Am", "Am", "Am", "Am", "Am", "Am", "Am", "Am", "Am", "Am", "Am", "Am", "Am", "Am", "Am", "Am", "Am", "Am", "Am", "Am", "Am", "Am", "Am", "Am", "Am", "Am", "Am"]
