
metadata:
    version:
        essentia: "1.2.2"
    audio_properties:
        analysis_sample_rate: 44100
        bitrate: 128
        channels: 2
        equal_loudness: 1
        length: 10.0310201645
        replay_gain: -9.98886680603
        downmix: "mix"
    tags:
        track: 1
        year: 0
        album: "Splitted by Mp3Splt v. 2.1"
        artist: "From 000.00 To 000.10"
        comment: "http://mp3splt.sf.net"
        genre: ""
        title: "03 friends.mp3"

highlevel:
    ballroom:
        all:
            ChaChaCha: 0.571897268295
            Jive: 0.0952611640096
            Quickstep: 0.227103084326
            Rumba-American: 0.00510099949315
            Rumba-International: 0.0214667990804
            Rumba-Misc: 0.00879916921258
            Samba: 0.0596409887075
            Tango: 0.00395802082494
            VienneseWaltz: 0.00317977694795
            Waltz: 0.00359275843948
        probability: 0.571897268295
        value: "ChaChaCha"
    culture:
        all:
            non_western: 0.160780638456
            western: 0.839219391346
        probability: 0.839219391346
        value: "western"
    gender:
        all:
            female: 0.612475633621
            male: 0.387524396181
        probability: 0.612475633621
        value: "female"
    genre_dortmund:
        all:
            alternative: 0.00128455099184
            blues: 0.00024289918656
            electronic: 0.316815912724
            folkcountry: 0.000232688384131
            funksoulrnb: 0.00194637314416
            jazz: 0.00629975879565
            pop: 0.00260046636686
            raphiphop: 0.661459803581
            rock: 0.00911751762033
        probability: 0.661459803581
        value: "raphiphop"
    genre_electronica:
        all:
            ambient: 0.0959826111794
            dnb: 0.272978037596
            house: 0.0310169104487
            techno: 0.59130936861
            trance: 0.00871304888278
        probability: 0.59130936861
        value: "techno"
    genre_rosamerica:
        all:
            cla: 0.00122806464788
            dan: 0.00740145100281
            hip: 0.976647615433
            jaz: 0.00182529457379
            pop: 0.00227717729285
            rhy: 0.00225463230163
            roc: 0.00208664569072
            spe: 0.00627910392359
        probability: 0.976647615433
        value: "hip"
    genre_tzanetakis:
        all:
            blu: 0.00601800251752
            cla: 0.0212009400129
            cou: 0.00403199577704
            dis: 0.0763186141849
            hip: 0.53648686409
            jaz: 0.00858327094465
            met: 0.0148611692712
            pop: 0.101940110326
            reg: 0.21813634038
            roc: 0.012422692962
        probability: 0.53648686409
        value: "hip"
    live_studio:
        all:
            live: 0.124185040593
            studio: 0.875814974308
        probability: 0.875814974308
        value: "studio"
    mood:
        all:
            Cluster1: 0.129822090268
            Cluster2: 0.346817880869
            Cluster3: 0.0195696018636
            Cluster4: 0.116220019758
            Cluster5: 0.387570410967
        probability: 0.387570410967
        value: "Cluster5"
    mood_acoustic:
        all:
            acoustic: 0.0373693369329
            not_acoustic: 0.962630689144
        probability: 0.962630689144
        value: "not_acoustic"
    mood_aggressive:
        all:
            aggressive: 0.397398978472
            not_aggressive: 0.602600991726
        probability: 0.602600991726
        value: "not_aggressive"
    mood_electronic:
        all:
            electronic: 0.95135986805
            not_electronic: 0.0486401431262
        probability: 0.95135986805
        value: "electronic"
    mood_happy:
        all:
            happy: 0.0707257539034
            not_happy: 0.929274260998
        probability: 0.929274260998
        value: "not_happy"
    mood_party:
        all:
            not_party: 0.0459298118949
            party: 0.954070210457
        probability: 0.954070210457
        value: "party"
    mood_relaxed:
        all:
            not_relaxed: 0.407747745514
            relaxed: 0.592252254486
        probability: 0.592252254486
        value: "relaxed"
    mood_sad:
        all:
            not_sad: 0.999742388725
            sad: 0.000257614650764
        probability: 0.999742388725
        value: "not_sad"
    rhythm:
        all:
            fast: 0.00253694015555
            medium: 0.743580281734
            slow: 0.25388276577
        probability: 0.743580281734
        value: "medium"
    speech_music:
        all:
            music: 0.207086935639
            speech: 0.792913079262
        probability: 0.792913079262
        value: "speech"
    timbre:
        all:
            bright: 0.222689181566
            dark: 0.777310848236
        probability: 0.777310848236
        value: "dark"
    voice_instrumental:
        all:
            instrumental: 0.7624553442
            voice: 0.2375446558
        probability: 0.7624553442
        value: "instrumental"

lowlevel:
    average_loudness: 0.980723619461
    barkbands_kurtosis:
        dmean: 14.9245910645
        dmean2: 23.4172859192
        dvar: 612.856872559
        dvar2: 1383.07763672
        max: 207.742141724
        mean: 19.6954956055
        min: -1.93168544769
        var: 1074.921875
    barkbands_skewness:
        dmean: 1.35692548752
        dmean2: 2.12227702141
        dvar: 2.59309029579
        dvar2: 5.72871208191
        max: 11.484711647
        mean: 1.52235221863
        min: -4.67398834229
        var: 9.62020492554
    barkbands_spread:
        dmean: 10.0680055618
        dmean2: 17.1229667664
        dvar: 287.180725098
        dvar2: 612.082458496
        max: 107.122512817
        mean: 17.9515419006
        min: 0.824325025082
        var: 440.505371094
    dissonance:
        dmean: 0.0242811962962
        dmean2: 0.0422352068126
        dvar: 0.00112657714635
        dvar2: 0.0032634884119
        max: 0.499956816435
        mean: 0.46934056282
        min: 0.21442258358
        var: 0.00139578653034
    hfc:
        dmean: 3.35348415375
        dmean2: 5.19300746918
        dvar: 103.799430847
        dvar2: 244.827468872
        max: 78.8313293457
        mean: 3.03174996376
        min: 0.000508783385158
        var: 109.225013733
    pitch:
        dmean: 1028.87426758
        dmean2: 1978.93408203
        dvar: 2370073.5
        dvar2: 5314191
        max: 6300
        mean: 2095.34790039
        min: 48.1967201233
        var: 3394123.5
    pitch_instantaneous_confidence:
        dmean: 0.109422512352
        dmean2: 0.181251108646
        dvar: 0.00821917131543
        dvar2: 0.0217539761215
        max: 0.782867312431
        mean: 0.390785306692
        min: 0.0661733150482
        var: 0.0199511405081
    pitch_salience:
        dmean: 0.10389238596
        dmean2: 0.171548232436
        dvar: 0.0127050876617
        dvar2: 0.0314391069114
        max: 0.933913886547
        mean: 0.612952291965
        min: 0.145162850618
        var: 0.0219502430409
    silence_rate_20dB:
        dmean: 0
        dmean2: 0
        dvar: 0
        dvar2: 0
        max: 1
        mean: 1
        min: 1
        var: 0
    silence_rate_30dB:
        dmean: 0
        dmean2: 0
        dvar: 0
        dvar2: 0
        max: 1
        mean: 1
        min: 1
        var: 0
    silence_rate_60dB:
        dmean: 0.138095244765
        dmean2: 0.276849627495
        dvar: 0.119024559855
        dvar2: 0.200203582644
        max: 1
        mean: 0.809976220131
        min: 0
        var: 0.153915330768
    spectral_centroid:
        dmean: 535.586730957
        dmean2: 816.596069336
        dvar: 912188.875
        dvar2: 1718523.375
        max: 7500.30175781
        mean: 2043.91149902
        min: 84.1388320923
        var: 4039452.25
    spectral_complexity:
        dmean: 2.74876856804
        dmean2: 4.01975297928
        dvar: 49.9912338257
        dvar2: 87.4811019897
        max: 54
        mean: 3.1990172863
        min: 0
        var: 89.7811889648
    spectral_crest:
        dmean: 3.0038728714
        dmean2: 5.04885864258
        dvar: 8.21568775177
        dvar2: 20.0754585266
        max: 23.1207427979
        mean: 9.90251255035
        min: 3.36114120483
        var: 19.4728488922
    spectral_decrease:
        dmean: 5.15277487345e-10
        dmean2: 8.13721034998e-10
        dvar: 1.22956923897e-18
        dvar2: 3.00151191341e-18
        max: -3.20372905722e-13
        mean: -4.32891500424e-10
        min: -6.53180398658e-09
        var: 1.18271317959e-18
    spectral_energy:
        dmean: 0.00223954720423
        dmean2: 0.00351392105222
        dvar: 2.41216421273e-05
        dvar2: 5.80032174184e-05
        max: 0.0318027660251
        mean: 0.00190882058814
        min: 1.98806878871e-06
        var: 2.41585075855e-05
    spectral_energyband_high:
        dmean: 0.000184513366548
        dmean2: 0.000305151246721
        dvar: 3.59529593652e-07
        dvar2: 9.31312570174e-07
        max: 0.0051246965304
        mean: 0.000158930750331
        min: 5.36407718243e-09
        var: 3.01575823869e-07
    spectral_energyband_low:
        dmean: 0.000426488142693
        dmean2: 0.000708199047949
        dvar: 1.3940465351e-06
        dvar2: 3.42143835041e-06
        max: 0.0104588344693
        mean: 0.000336446624715
        min: 2.03345298933e-10
        var: 1.20256788705e-06
    spectral_energyband_middle_high:
        dmean: 0.000813351769466
        dmean2: 0.00119342666585
        dvar: 6.77967227602e-06
        dvar2: 1.49943734868e-05
        max: 0.0210731942207
        mean: 0.000774013635237
        min: 9.21570197931e-09
        var: 8.11006339063e-06
    spectral_energyband_middle_low:
        dmean: 0.000946675485466
        dmean2: 0.00168761087116
        dvar: 5.64790116186e-06
        dvar2: 1.54977187776e-05
        max: 0.0146713824943
        mean: 0.000639429257717
        min: 2.39690978177e-09
        var: 3.68464452549e-06
    spectral_flatness_db:
        dmean: 0.0444528833032
        dmean2: 0.0664615854621
        dvar: 0.00219621602446
        dvar2: 0.00444859173149
        max: 0.466405510902
        mean: 0.222514539957
        min: 0.0635616257787
        var: 0.0066592367366
    spectral_flux:
        dmean: 0.0154686011374
        dmean2: 0.0221478212625
        dvar: 0.000724492128938
        dvar2: 0.00137828569859
        max: 0.167463243008
        mean: 0.0246637593955
        min: 0.00141759577673
        var: 0.00119120429736
    spectral_kurtosis:
        dmean: 2.35577917099
        dmean2: 3.60426855087
        dvar: 9.98327732086
        dvar2: 19.638502121
        max: 43.3226547241
        mean: 4.12166213989
        min: -1.21490192413
        var: 25.0150299072
    spectral_rms:
        dmean: 0.000534292601515
        dmean2: 0.000747440382838
        dvar: 8.51632762533e-07
        dvar2: 1.84612554222e-06
        max: 0.00557019654661
        mean: 0.000791932048742
        min: 4.40406547568e-05
        var: 1.23510744743e-06
    spectral_rolloff:
        dmean: 968.569030762
        dmean2: 1630.46264648
        dvar: 3589269.5
        dvar2: 7109560.5
        max: 10572.8027344
        mean: 3052.26464844
        min: 86.1328125
        var: 8928669
    spectral_skewness:
        dmean: 0.448451459408
        dmean2: 0.658365905285
        dvar: 0.273080527782
        dvar2: 0.497905135155
        max: 6.07642793655
        mean: 1.54992747307
        min: -0.386628508568
        var: 0.942887365818
    spectral_spread:
        dmean: 1936982.75
        dmean2: 2905468.5
        dvar: 5.6720972841e+12
        dvar2: 1.14046900634e+13
        max: 19172522
        mean: 7402110
        min: 1542282.75
        var: 1.27149067469e+13
    spectral_strongpeak:
        dmean: 0.112871460617
        dmean2: 0.196542710066
        dvar: 0.0388870723546
        dvar2: 0.111175633967
        max: 1.82812869549
        mean: 0.188597306609
        min: 0.00161737867165
        var: 0.0874889567494
    zerocrossingrate:
        dmean: 0.0213737301528
        dmean2: 0.0247480235994
        dvar: 0.000984110985883
        dvar2: 0.00132689799648
        max: 0.32177734375
        mean: 0.106152586639
        min: 0.00390625
        var: 0.00770800141618
    barkbands:
        dmean: [2.09372075233e-07, 0.000119037023978, 0.000345242355252, 0.000487138895551, 0.000325684261043, 4.53081047453e-05, 3.14935568895e-05, 2.20039655687e-05, 6.15434037172e-05, 5.99160048296e-05, 3.64424922736e-05, 2.29608958762e-05, 2.2297801479e-05, 2.08476940315e-05, 4.87719044031e-05, 6.934247358e-05, 9.33633564273e-05, 0.000179122522241, 0.000217010747292, 0.000159417424584, 8.4289444203e-05, 2.40898880293e-05, 5.69804387851e-06, 4.01202714784e-06, 2.26754514188e-06, 2.53945785289e-07, 5.68586122629e-10]
        dmean2: [2.58190169689e-07, 0.000204347408726, 0.000586053007282, 0.000880597799551, 0.000597160775214, 8.39405256556e-05, 5.98383776378e-05, 4.04301790695e-05, 0.000106008184957, 0.000100525081507, 5.69492767681e-05, 3.18648635584e-05, 3.53905888915e-05, 3.45951375493e-05, 7.97784159658e-05, 0.000107665102405, 0.000156670459546, 0.000260475644609, 0.000344875705196, 0.000267788680503, 0.00014135868696, 3.8400045014e-05, 8.49756270327e-06, 6.23666619504e-06, 3.72958243133e-06, 4.46260315812e-07, 9.32102950379e-10]
        dvar: [1.86250212302e-13, 1.12132426011e-07, 1.00252930224e-06, 1.69931229266e-06, 8.0513393641e-07, 1.52050443347e-08, 7.86760256943e-09, 3.24747850833e-09, 6.89910208962e-08, 6.47328377568e-08, 2.31532180095e-08, 5.83337600446e-09, 5.64311619655e-09, 4.70645344919e-09, 3.14755048691e-08, 5.7467261172e-08, 9.14180233735e-08, 3.0048548183e-07, 5.80239202463e-07, 2.71300848453e-07, 8.72473506774e-08, 5.99446625671e-09, 2.74131994882e-10, 1.3232544227e-10, 1.67098002102e-11, 1.99022019026e-13, 1.06507062229e-18]
        dvar2: [3.08118385407e-13, 2.94671707479e-07, 2.58525165009e-06, 4.7680600801e-06, 2.27777013606e-06, 4.29980389072e-08, 2.25479883653e-08, 9.16397802087e-09, 1.75527731017e-07, 1.35554742542e-07, 5.67728974943e-08, 9.50244238851e-09, 1.06673274658e-08, 1.04183097704e-08, 8.3694160935e-08, 1.1113373688e-07, 2.23370250296e-07, 6.37264747638e-07, 1.43799672969e-06, 6.91744503456e-07, 2.28539931868e-07, 1.3907497376e-08, 6.21708906579e-10, 3.35438038457e-10, 4.03253749837e-11, 5.13764486683e-13, 2.54846219678e-18]
        max: [5.79412790103e-06, 0.00275310827419, 0.0087472377345, 0.00980621576309, 0.00529365846887, 0.000766262586694, 0.000487206241814, 0.000463556556497, 0.00198741140775, 0.00206726230681, 0.00126703071874, 0.000654127448797, 0.000585116620641, 0.000595640623942, 0.00146845611744, 0.00185850483831, 0.00244061555713, 0.00451237522066, 0.00679724710062, 0.00341357570142, 0.0026464483235, 0.000637529999949, 0.000166803205502, 0.000104555874714, 3.15272227454e-05, 2.07222456083e-06, 9.36502342341e-09]
        mean: [3.88575273291e-07, 9.98183095362e-05, 0.000236241874518, 0.000304871296976, 0.000203703792067, 2.893693636e-05, 2.03996878554e-05, 1.70574403455e-05, 4.6588065743e-05, 5.47308663954e-05, 3.36750672432e-05, 2.51198434853e-05, 2.19509347517e-05, 2.19132962229e-05, 4.13552625105e-05, 7.41045296309e-05, 8.83239263203e-05, 0.000172464599018, 0.000179503913387, 0.000133513283799, 6.90511151333e-05, 2.18359145947e-05, 6.3923939706e-06, 4.39513451056e-06, 2.28226531362e-06, 2.03242663588e-07, 5.40541611471e-10]
        min: [3.10305898815e-13, 9.9245209273e-11, 6.14781975328e-11, 3.26284069208e-11, 5.63417812405e-10, 1.08918818409e-10, 7.62836252499e-11, 9.61043605807e-11, 1.3199973059e-10, 1.96180280354e-10, 1.08025019485e-10, 1.92844726299e-10, 1.44181180883e-10, 4.21842560883e-10, 2.61403343416e-10, 7.99925625738e-10, 4.69049965535e-10, 1.74484171556e-09, 2.32933961009e-09, 1.82154968886e-09, 1.72174408064e-09, 8.66470561967e-10, 2.58486315685e-10, 2.49721382461e-10, 3.42348621674e-10, 3.98376262534e-11, 6.14984544409e-14]
        var: [4.64416265861e-13, 9.35687509696e-08, 7.64797391639e-07, 1.03771083104e-06, 4.77342780414e-07, 9.02165098182e-09, 4.54801885041e-09, 2.76299116919e-09, 5.36713784527e-08, 6.72636559784e-08, 2.26360565847e-08, 9.27314491861e-09, 7.26270288354e-09, 6.11989481314e-09, 2.72532716394e-08, 7.81990010523e-08, 9.79656107347e-08, 3.84150155242e-07, 5.31140301518e-07, 2.34773622765e-07, 6.88145860295e-08, 5.95409233028e-09, 3.32031374617e-10, 1.39002059862e-10, 1.93801936305e-11, 1.7301416376e-13, 1.31414980078e-18]
    mfcc:
        mean: [-950.278930664, 55.7559776306, -5.18835020065, 55.9880142212, 1.46454799175, -3.69937539101, 4.7425069809, 4.24724769592, 1.68237876892, -0.822054564953, -3.04667282104, -2.29857158661, -4.85514163971]
        cov: [[24804.9648438, -1113.34765625, -5523.95996094, -2455.21655273, -2338.62939453, -1559.78771973, -929.98236084, -692.265075684, -480.31427002, -492.72277832, -578.015136719, -369.320465088, -556.801818848], [-1113.34765625, 6679.49511719, 1342.8939209, 1743.83081055, 1277.75317383, 660.965270996, 365.77835083, -172.551269531, -105.984489441, -66.1250152588, 37.7623558044, 21.3359661102, 17.1782398224], [-5523.95996094, 1342.8939209, 4042.56347656, 1628.64025879, 1498.25195312, 1025.11328125, 396.608764648, 114.914604187, 119.770561218, 111.01133728, 175.680328369, 30.3934288025, 103.699325562], [-2455.21655273, 1743.83081055, 1628.64025879, 1516.77429199, 850.437133789, 512.444335938, 386.956085205, 29.4668617249, 149.590530396, 90.1673355103, 98.8889694214, 35.7316017151, 11.0152978897], [-2338.62939453, 1277.75317383, 1498.25195312, 850.437133789, 794.994934082, 461.392700195, 220.339157104, 52.4450416565, 37.1742668152, 35.2933769226, 72.7454299927, 21.7229251862, 47.4010314941], [-1559.78771973, 660.965270996, 1025.11328125, 512.444335938, 461.392700195, 377.984924316, 129.914932251, 39.8274688721, 28.3602199554, 12.7913894653, 39.0432815552, 4.68624448776, 37.4512710571], [-929.98236084, 365.77835083, 396.608764648, 386.956085205, 220.339157104, 129.914932251, 166.588607788, 52.6519622803, 73.371711731, 52.6608810425, 44.6634407043, 17.3634586334, 6.26973772049], [-692.265075684, -172.551269531, 114.914604187, 29.4668617249, 52.4450416565, 39.8274688721, 52.6519622803, 110.09438324, 49.2147102356, 44.8779296875, 21.8720684052, 8.81526470184, 20.0004329681], [-480.31427002, -105.984489441, 119.770561218, 149.590530396, 37.1742668152, 28.3602199554, 73.371711731, 49.2147102356, 94.9416046143, 57.8430175781, 31.9015331268, 21.6720848083, 7.30357313156], [-492.72277832, -66.1250152588, 111.01133728, 90.1673355103, 35.2933769226, 12.7913894653, 52.6608810425, 44.8779296875, 57.8430175781, 71.6269226074, 35.1545333862, 21.9182281494, 12.7311706543], [-578.015136719, 37.7623558044, 175.680328369, 98.8889694214, 72.7454299927, 39.0432815552, 44.6634407043, 21.8720684052, 31.9015331268, 35.1545333862, 61.5603218079, 32.3150062561, 25.4524269104], [-369.320465088, 21.3359661102, 30.3934288025, 35.7316017151, 21.7229251862, 4.68624448776, 17.3634586334, 8.81526470184, 21.6720848083, 21.9182281494, 32.3150062561, 61.2048072815, 35.8719787598], [-556.801818848, 17.1782398224, 103.699325562, 11.0152978897, 47.4010314941, 37.4512710571, 6.26973772049, 20.0004329681, 7.30357313156, 12.7311706543, 25.4524269104, 35.8719787598, 69.3571929932]]
        icov: [[8.42413137434e-05, -1.62762808031e-05, 4.66122401122e-05, -2.82478049485e-06, 7.00285818311e-05, 4.86085846205e-05, 0.000129897875013, 0.000234886741964, -7.58662208682e-05, 9.51286056079e-05, 0.000177589943632, 9.74198410404e-05, 0.000332465715474], [-1.62762808031e-05, 0.000369219953427, 0.000314469769364, -0.000297018123092, -0.000768996949773, -0.000265520589892, -0.0001806805667, 0.000552539597265, 0.000850113516208, -0.000340810947819, 6.17676487309e-05, -8.23426817078e-05, -0.000126229657326], [4.66122401122e-05, 0.000314469769364, 0.00146386621054, -0.000288626819383, -0.00197464763187, -0.00190993084107, 0.00104984780774, 0.00101128965616, 0.000116451716167, -0.00133885943796, -0.000849853560794, 0.000713873305358, 0.000323943415424], [-2.82478049485e-06, -0.000297018123092, -0.000288626819383, 0.00389304407872, -0.00172138563357, -0.000536016072147, -0.00472943205386, 0.00335902371444, -0.00370274716988, -2.27483978961e-05, 0.00104274379555, -0.000334939861204, 0.000973577029072], [7.00285818311e-05, -0.000768996949773, -0.00197464763187, -0.00172138563357, 0.0103346621618, -0.00257996772416, -0.0017513706116, -0.00353282969445, 0.00456097722054, 0.000932235212531, -0.00065469549736, -0.00121875747573, -0.00029521988472], [4.86085846205e-05, -0.000265520589892, -0.00190993084107, -0.000536016072147, -0.00257996772416, 0.0129924602807, -0.000636751356069, -0.002272735117, -0.00202475185506, 0.00557371089235, 0.00115135975648, 0.00226901448332, -0.00354865193367], [0.000129897875013, -0.0001806805667, 0.00104984780774, -0.00472943205386, -0.0017513706116, -0.000636751356069, 0.0248619131744, -0.00642160372809, -0.00617863843217, -0.00159747933503, -0.00531828543171, 0.0009622281068, 0.00381200551055], [0.000234886741964, 0.000552539597265, 0.00101128965616, 0.00335902371444, -0.00353282969445, -0.002272735117, -0.00642160372809, 0.0199982058257, -0.00546446628869, -0.00691565545276, 0.00275713670999, 0.00384237593971, -0.00299559859559], [-7.58662208682e-05, 0.000850113516208, 0.000116451716167, -0.00370274716988, 0.00456097722054, -0.00202475185506, -0.00617863843217, -0.00546446628869, 0.0332149453461, -0.0146838622168, -0.000197639514226, -0.00483845500275, 0.00147756794468], [9.51286056079e-05, -0.000340810947819, -0.00133885943796, -2.27483978961e-05, 0.000932235212531, 0.00557371089235, -0.00159747933503, -0.00691565545276, -0.0146838622168, 0.037115637213, -0.00897512212396, -0.00132453721017, 5.74375371798e-05], [0.000177589943632, 6.17676487309e-05, -0.000849853560794, 0.00104274379555, -0.00065469549736, 0.00115135975648, -0.00531828543171, 0.00275713670999, -0.000197639514226, -0.00897512212396, 0.033589374274, -0.0104359388351, -0.0032338090241], [9.74198410404e-05, -8.23426817078e-05, 0.000713873305358, -0.000334939861204, -0.00121875747573, 0.00226901448332, 0.0009622281068, 0.00384237593971, -0.00483845500275, -0.00132453721017, -0.0104359388351, 0.0319929607213, -0.0137635292485], [0.000332465715474, -0.000126229657326, 0.000323943415424, 0.000973577029072, -0.00029521988472, -0.00354865193367, 0.00381200551055, -0.00299559859559, 0.00147756794468, 5.74375371798e-05, -0.0032338090241, -0.0137635292485, 0.027255827561]]
    spectral_contrast:
        mean: [-1.95211612208e-07, -1.59986115023e-07, -6.19798612433e-08, 5.74307961188e-08, -2.19746368657e-07, -9.05968633447e-08, -1.4518197986e-06, -5.07664594807e-07, -2.20339484258e-06, 3.35660558903e-07, 8.07664889635e-07, -4.55045574199e-06]
        var: [0.000488757737912, 0.000513015431352, 0.000763794814702, 0.0014311070554, 0.00204166932963, 0.00771663477644, 0.0710254982114, 0.105241753161, 0.22457960248, 1.11291074753, 4.21934652328, 14.0987300873]

rhythm:
    beats_loudness:
        dmean: 0.0097603816539
        dmean2: 0.0193620324135
        dvar: 1.31892447826e-05
        dvar2: 3.00776446238e-05
        max: 0.0138063188642
        mean: 0.00778641505167
        min: 1.06260158645e-05
        var: 3.11192125082e-05
    beats_loudness_bass:
        dmean: 0.57255679369
        dmean2: 1.1542134285
        dvar: 0.0795494690537
        dvar2: 0.166058212519
        max: 0.953720986843
        mean: 0.328786849976
        min: 0.0226532164961
        var: 0.119623936713
    bpm: 96.4864730835
    bpm_confidence: 0
    first_peak_bpm: 96
    first_peak_spread: 0.0714285969734
    first_peak_weight: 0.928571403027
    onset_rate: 4.88484716415
    second_peak_bpm: 0
    second_peak_spread: 0
    second_peak_weight: 0
    beats_position: [0.706016123295, 1.327870965, 1.94972574711, 2.57158041, 3.19343543053, 3.81529021263, 4.43714475632, 5.05899953842, 5.68085432053, 6.33266496658, 6.95450735092, 7.57634973526, 8.19819259644, 8.82003498077, 9.44187736511]
    bpm_estimates: [96.5362472534, 96.4570007324, 96.549659729, 96.503692627, 96.484161377, 96.4858169556, 96.485786438, 96.4638977051, 96.468132019, 96.4211807251, 96.5676879883, 96.424446106, 96.5739440918, 96.5135421753, 96.461265564, 96.4769821167, 96.4560775757, 96.4746170044, 96.4387817383]
    bpm_intervals: [0.621854841709, 0.621854782104, 0.621854662895, 0.621855020523, 0.621854782104, 0.621854543686, 0.621854782104, 0.621854782104, 0.651810646057, 0.621842384338, 0.621842384338, 0.621842861176, 0.621842384338, 0.621842384338]
    onset_times: [0.417959183455, 0.696598649025, 0.859138309956, 1.03328800201, 1.32353746891, 1.63700675964, 1.79954648018, 1.96208620071, 2.11301589012, 2.26394557953, 2.42648530006, 2.57741498947, 2.89088439941, 3.05342411995, 3.19274377823, 3.36689352989, 3.5178232193, 3.81968259811, 4.13315200806, 4.29569149017, 4.45823144913, 4.60916090012, 4.76009082794, 4.93424034119, 5.07356023788, 5.39863967896, 5.54956912994, 5.70049905777, 6.18811798096, 6.32743787766, 6.64090681076, 6.79183673859, 6.9543762207, 7.10530614853, 7.26784563065, 7.4303855896, 7.56970500946, 7.89478445053, 8.04571437836, 8.19664382935, 8.35918331146, 8.51011371613, 8.82358264923, 9.13705253601, 9.29959201813, 9.46213150024, 9.61306095123, 9.7639913559, 9.93814086914]
    rubato_start: []
    rubato_stop: []
    perceptual_tempo: "unknown"

sfx:
    inharmonicity:
        dmean: 0.0576441548765
        dmean2: 0.101711034775
        dvar: 0.00559429451823
        dvar2: 0.0144726494327
        max: 0.408621966839
        mean: 0.0650843530893
        min: 0
        var: 0.00762791652232
    oddtoevenharmonicenergyratio:
        dmean: 8.45556259155
        dmean2: 16.2844543457
        dvar: 6603.67041016
        dvar2: 19739.6054688
        max: 1150.06188965
        mean: 4.80454540253
        min: 0
        var: 3345.81274414
    pitch_after_max_to_before_max_energy_ratio: 79.8268661499
    pitch_centroid: 191.472915649
    pitch_max_to_total: 0
    pitch_min_to_total: 0.953316926956
    tristimulus:
        dmean: [0.193243980408, 0.26683229208, 0.165555223823]
        dmean2: [0.339020341635, 0.476668834686, 0.299660146236]
        dvar: [0.0531611517072, 0.0687869042158, 0.0412938706577]
        dvar2: [0.114169716835, 0.170968741179, 0.110337942839]
        max: [1, 0.988278746605, 0.865038633347]
        mean: [0.429136395454, 0.311230421066, 0.155025213957]
        min: [0.00364972883835, 0, 0]
        var: [0.142636373639, 0.0998540371656, 0.0529560782015]

tonal:
    chords_changes_rate: 0.0886699482799
    chords_number_rate: 0.0443349741399
    chords_strength:
        dmean: 0.0146300541237
        dmean2: 0.0211616586894
        dvar: 0.000138927367516
        dvar2: 0.000287756847683
        max: 0.574125051498
        mean: 0.414671212435
        min: 0.219773158431
        var: 0.00516335712746
    key_strength: 0.541853487492
    tuning_diatonic_strength: 0.566694319248
    tuning_equal_tempered_deviation: 0.252761989832
    tuning_frequency: 444.855529785
    tuning_nontempered_energy_ratio: 0.904287755489
    hpcp:
        dmean: [0.150301530957, 0.155925765634, 0.12805737555, 0.131685703993, 0.138061895967, 0.14718413353, 0.130448937416, 0.136282235384, 0.172526240349, 0.16609326005, 0.155153289437, 0.177466630936, 0.177236065269, 0.211166903377, 0.284417450428, 0.217555731535, 0.184167429805, 0.266651332378, 0.247723698616, 0.18540340662, 0.167482450604, 0.140023887157, 0.170492231846, 0.214732572436, 0.225720286369, 0.292333066463, 0.26488173008, 0.20389509201, 0.226927042007, 0.218363419175, 0.211827248335, 0.261809200048, 0.269649624825, 0.209037408233, 0.220324680209, 0.172868356109]
        dmean2: [0.266283392906, 0.288314640522, 0.225626528263, 0.233613595366, 0.247953429818, 0.267982363701, 0.22827257216, 0.230151876807, 0.294614672661, 0.290205568075, 0.260446488857, 0.300963997841, 0.295082122087, 0.366902887821, 0.497472047806, 0.393771380186, 0.31430131197, 0.461308538914, 0.433669894934, 0.335928380489, 0.298543900251, 0.253559857607, 0.310860693455, 0.369071155787, 0.376865416765, 0.517405390739, 0.477233201265, 0.360139578581, 0.422022908926, 0.410537809134, 0.381777137518, 0.460131257772, 0.483383059502, 0.376326501369, 0.401152223349, 0.309571653605]
        dvar: [0.0405197516084, 0.0437948666513, 0.0239604152739, 0.0332345329225, 0.0324526429176, 0.0318453162909, 0.0253363344818, 0.0210591442883, 0.0379249714315, 0.0387676358223, 0.0367361567914, 0.0456763543189, 0.0452708825469, 0.0486707575619, 0.0804514735937, 0.0522828809917, 0.0416520796716, 0.0750230252743, 0.0774326920509, 0.056993804872, 0.0487114414573, 0.0319302901626, 0.0528679899871, 0.0628562048078, 0.0609059520066, 0.080652795732, 0.0624431967735, 0.054635245353, 0.0685334652662, 0.0616001747549, 0.0683619454503, 0.0706259682775, 0.0727318897843, 0.0572283044457, 0.0633165091276, 0.040127441287]
        dvar2: [0.110953144729, 0.130332425237, 0.0645732656121, 0.0843722000718, 0.08130428195, 0.0798780322075, 0.0636531785131, 0.0493717305362, 0.0929424166679, 0.0882312059402, 0.096636928618, 0.123426057398, 0.121965661645, 0.139129206538, 0.234284579754, 0.142165675759, 0.11069484055, 0.194441899657, 0.188958182931, 0.125929221511, 0.129511103034, 0.0893080383539, 0.139229923487, 0.163987189531, 0.140616759658, 0.205029353499, 0.158856377006, 0.14516364038, 0.180181831121, 0.162498384714, 0.182237803936, 0.171647921205, 0.190287306905, 0.1633541435, 0.196915984154, 0.115673936903]
        max: [1, 1, 0.902912974358, 1, 1, 1, 0.831455945969, 0.808580994606, 1, 1, 1, 1, 1, 1, 1, 1, 1, 1, 1, 1, 1, 1, 1, 1, 1, 1, 1, 1, 1, 1, 1, 1, 1, 1, 1, 1]
        mean: [0.185108065605, 0.197752729058, 0.199346527457, 0.230737701058, 0.234937131405, 0.204005777836, 0.183370262384, 0.198726370931, 0.258838564157, 0.260330528021, 0.239701837301, 0.253977656364, 0.249601066113, 0.267143309116, 0.288263231516, 0.228115826845, 0.247237563133, 0.351445347071, 0.320175170898, 0.235397607088, 0.188080653548, 0.152378216386, 0.166834846139, 0.229845702648, 0.289055496454, 0.324666410685, 0.327067285776, 0.297583937645, 0.278401643038, 0.242245242, 0.239318296313, 0.310476005077, 0.310821145773, 0.275092244148, 0.25821942091, 0.20445728302]
        min: [5.96791833232e-05, 3.8337220758e-05, 7.30491738068e-05, 7.60135080782e-05, 6.45495456411e-05, 7.557477511e-05, 3.91217872675e-05, 5.59730469831e-05, 0.000117687362945, 6.74329639878e-05, 3.52754432242e-05, 4.61761555925e-05, 4.11088985857e-05, 4.02768673666e-05, 5.56453851459e-05, 5.19602181157e-05, 9.45467036217e-05, 8.59167485032e-05, 6.92411194905e-05, 8.40234570205e-05, 6.12413059571e-05, 1.7257681975e-05, 2.65093349299e-05, 3.17577505484e-05, 2.49235417868e-05, 2.04832558666e-05, 2.34129638557e-05, 4.26396654802e-05, 3.17457597703e-05, 5.51337980141e-05, 0.000285968359094, 7.80932459747e-05, 0.000109303080535, 0.000105817278381, 2.81196662399e-05, 2.42890000663e-05]
        var: [0.0502657406032, 0.0531192459166, 0.0473091043532, 0.0697112977505, 0.073393702507, 0.0518442206085, 0.0395270138979, 0.0455252677202, 0.0806341469288, 0.0882061049342, 0.0740519091487, 0.082729563117, 0.0823042243719, 0.0659066587687, 0.0830728560686, 0.0499967560172, 0.0584674216807, 0.122973650694, 0.105851978064, 0.0698964074254, 0.0583607181907, 0.0350444577634, 0.04534355551, 0.0768438577652, 0.0915193110704, 0.0954009369016, 0.0893347412348, 0.0995908677578, 0.104979142547, 0.0796140283346, 0.0752458199859, 0.109972111881, 0.110574789345, 0.0773827880621, 0.0774263814092, 0.0515050403774]
    chords_histogram: [21.1822662354, 10.8374385834, 3.44827580452, 0, 0, 0, 3.44827580452, 13.7931032181, 18.226600647, 0, 0, 0, 10.8374385834, 0, 0, 0, 0, 0, 0, 0.985221683979, 0, 10.8374385834, 0, 6.40394067764]
    thpcp: [1, 0.911024093628, 0.669798612595, 0.535163283348, 0.433575838804, 0.474710643291, 0.654001295567, 0.822476387024, 0.923803389072, 0.930634856224, 0.846743166447, 0.792162001133, 0.68928283453, 0.680954515934, 0.883426129818, 0.884408175945, 0.782745420933, 0.734735608101, 0.581761240959, 0.526705145836, 0.562684178352, 0.567219138145, 0.65653938055, 0.668488383293, 0.580476522446, 0.52176040411, 0.565454542637, 0.736497342587, 0.740742564201, 0.682045817375, 0.722666144371, 0.710213005543, 0.760127604008, 0.820222079754, 0.649079084396, 0.703487932682]
    chords_key: "C#"
    chords_scale: "major"
    key_key: "C#"
    key_scale: "major"
    chords_progression: ["Fm", "Fm", "F", "F", "Fm", "Fm", "Fm", "Fm", "Fm", "Fm", "Fm", "Fm", "Fm", "Fm", "Fm", "Fm", "Fm", "Fm", "Fm", "Fm", "Fm", "Fm", "Fm", "A#m", "A#m", "A#m", "A#m", "A#m", "A#m", "D#m", "D#m", "D#m", "D#m", "D#m", "D#m", "D#m", "D#m", "G#", "G#", "G#", "G#", "G#", "G#", "G#", "G", "G", "G", "G", "G", "G", "G", "G", "G", "G", "G", "G", "C#", "C#", "C#", "C#", "C#", "C#", "C#", "C#", "C#", "C#", "C#", "C#", "G#m", "G#m", "C#", "C#", "C#", "C#", "C#", "C#", "C#", "C#", "C#", "C#", "C#", "C#", "C#", "C#", "C#", "C#", "C#", "C#", "C#", "C#", "C#", "C#", "C#", "C#", "C#", "C#", "C#", "C#", "C#", "C#", "C#", "Fm", "F", "F", "F", "F", "F", "F", "F", "F", "F", "F", "F", "F", "F", "F", "F", "F", "F", "F", "F", "F", "F", "F", "F", "F", "F", "F", "F", "F", "F", "F", "F", "F", "F", "F", "F", "Dm", "Dm", "Dm", "Dm", "Dm", "Dm", "Dm", "Dm", "Dm", "Dm", "Dm", "Dm", "Dm", "Dm", "Dm", "Dm", "Dm", "Dm", "Dm", "Dm", "Dm", "Dm", "Dm", "Dm", "Dm", "Dm", "D#m", "D#m", "D#m", "D#m", "D#m", "D#m", "D#m", "D#m", "D#m", "D#m", "D#m", "D#m", "D#m", "D#m", "Dm", "Dm", "G", "G", "G", "G", "G", "G", "G", "A#m", "A#m", "A#m", "A#m", "A#m", "A#m", "A#m", "A#", "A#", "A#", "A#", "A#", "A#", "A#", "G", "G", "G"]
