
metadata:
    version:
        essentia: "1.2.2"
    audio_properties:
        analysis_sample_rate: 44100
        bitrate: 128
        channels: 2
        equal_loudness: 1
        length: 9.90040779114
        replay_gain: -13.0824565887
        downmix: "mix"
    tags:
        track: 28
        year: 0
        album: "Splitted by Mp3Splt v. 2.1"
        artist: "From 004.30 To 004.40"
        comment: "http://mp3splt.sf.net"
        genre: ""
        title: "12 Atrocity Exhibition.mp3"

highlevel:
    ballroom:
        all:
            ChaChaCha: 0.02279657498
            Jive: 0.114470154047
            Quickstep: 0.0157053209841
            Rumba-American: 0.00768202543259
            Rumba-International: 0.0179160106927
            Rumba-Misc: 0.0164638049901
            Samba: 0.019676566124
            Tango: 0.0476044528186
            VienneseWaltz: 0.349506258965
            Waltz: 0.388178825378
        probability: 0.388178825378
        value: "Waltz"
    culture:
        all:
            non_western: 0.117642223835
            western: 0.882357776165
        probability: 0.882357776165
        value: "western"
    gender:
        all:
            female: 0.669440090656
            male: 0.330559909344
        probability: 0.669440090656
        value: "female"
    genre_dortmund:
        all:
            alternative: 0.161982595921
            blues: 0.0110640972853
            electronic: 0.0876790136099
            folkcountry: 0.00837996322662
            funksoulrnb: 0.00445641810074
            jazz: 0.0130698047578
            pop: 0.00839821714908
            raphiphop: 0.0006106372457
            rock: 0.704359233379
        probability: 0.704359233379
        value: "rock"
    genre_electronica:
        all:
            ambient: 0.757364988327
            dnb: 0.100973695517
            house: 0.00980054587126
            techno: 0.0526967681944
            trance: 0.0791639760137
        probability: 0.757364988327
        value: "ambient"
    genre_rosamerica:
        all:
            cla: 0.190936729312
            dan: 0.0156938042492
            hip: 0.021048720926
            jaz: 0.0067307758145
            pop: 0.00654198136181
            rhy: 0.00573622900993
            roc: 0.748287916183
            spe: 0.00502383196726
        probability: 0.748287916183
        value: "roc"
    genre_tzanetakis:
        all:
            blu: 0.0613208934665
            cla: 0.144176363945
            cou: 0.040705319494
            dis: 0.0218340810388
            hip: 0.0274635739625
            jaz: 0.046287599951
            met: 0.499686658382
            pop: 0.0130031164736
            reg: 0.0298518463969
            roc: 0.115670531988
        probability: 0.499686658382
        value: "met"
    live_studio:
        all:
            live: 0.621924519539
            studio: 0.378075480461
        probability: 0.621924519539
        value: "live"
    mood:
        all:
            Cluster1: 0.302996724844
            Cluster2: 0.00795063190162
            Cluster3: 0.0030871569179
            Cluster4: 0.00717809423804
            Cluster5: 0.678787410259
        probability: 0.678787410259
        value: "Cluster5"
    mood_acoustic:
        all:
            acoustic: 0.0878469347954
            not_acoustic: 0.912153065205
        probability: 0.912153065205
        value: "not_acoustic"
    mood_aggressive:
        all:
            aggressive: 0.999031841755
            not_aggressive: 0.00096818129532
        probability: 0.999031841755
        value: "aggressive"
    mood_electronic:
        all:
            electronic: 0.464147120714
            not_electronic: 0.535852849483
        probability: 0.535852849483
        value: "not_electronic"
    mood_happy:
        all:
            happy: 0.024488709867
            not_happy: 0.975511312485
        probability: 0.975511312485
        value: "not_happy"
    mood_party:
        all:
            not_party: 0.695716142654
            party: 0.304283857346
        probability: 0.695716142654
        value: "not_party"
    mood_relaxed:
        all:
            not_relaxed: 0.669176280499
            relaxed: 0.330823719501
        probability: 0.669176280499
        value: "not_relaxed"
    mood_sad:
        all:
            not_sad: 0.995621740818
            sad: 0.0043782372959
        probability: 0.995621740818
        value: "not_sad"
    rhythm:
        all:
            fast: 0.0725941210985
            medium: 0.0285928919911
            slow: 0.898813009262
        probability: 0.898813009262
        value: "slow"
    speech_music:
        all:
            music: 0.996704816818
            speech: 0.00329518062063
        probability: 0.996704816818
        value: "music"
    timbre:
        all:
            bright: 0.644518435001
            dark: 0.355481594801
        probability: 0.644518435001
        value: "bright"
    voice_instrumental:
        all:
            instrumental: 0.999986410141
            voice: 1.36045619001e-05
        probability: 0.999986410141
        value: "instrumental"

lowlevel:
    average_loudness: 0.981267154217
    barkbands_kurtosis:
        dmean: 2.36860775948
        dmean2: 3.75443482399
        dvar: 4.6211066246
        dvar2: 11.5601119995
        max: 13.0038528442
        mean: 2.51082873344
        min: -1.82582986355
        var: 9.00204658508
    barkbands_skewness:
        dmean: 0.537868618965
        dmean2: 0.815779983997
        dvar: 0.205696806312
        dvar2: 0.484774142504
        max: 0.467627227306
        mean: -1.71499454975
        min: -3.31363415718
        var: 0.466759800911
    barkbands_spread:
        dmean: 7.18138217926
        dmean2: 10.7850389481
        dvar: 36.7340164185
        dvar2: 88.4028778076
        max: 48.5984230042
        mean: 21.7504444122
        min: 6.30655431747
        var: 83.5360412598
    dissonance:
        dmean: 0.00573078356683
        dmean2: 0.00956999976188
        dvar: 0.000107490770461
        dvar2: 0.000148183447891
        max: 0.499944120646
        mean: 0.491592437029
        min: 0.285344570875
        var: 0.000131402644911
    hfc:
        dmean: 3.23846554756
        dmean2: 5.27747344971
        dvar: 7.62106084824
        dvar2: 21.6240463257
        max: 33.4223098755
        mean: 15.9123468399
        min: 0.0856798812747
        var: 19.5357894897
    pitch:
        dmean: 463.335205078
        dmean2: 871.679077148
        dvar: 753620.5
        dvar2: 1895116.25
        max: 3392.30761719
        mean: 2838.20166016
        min: 96.9230804443
        var: 693893.125
    pitch_instantaneous_confidence:
        dmean: 0.0732497125864
        dmean2: 0.125246092677
        dvar: 0.00329833710566
        dvar2: 0.00891222152859
        max: 0.696394205093
        mean: 0.49426689744
        min: 0.27547955513
        var: 0.00605159578845
    pitch_salience:
        dmean: 0.0520436353981
        dmean2: 0.0871483832598
        dvar: 0.00184864457697
        dvar2: 0.00463487347588
        max: 0.889051795006
        mean: 0.693796515465
        min: 0.467118293047
        var: 0.00371394795366
    silence_rate_20dB:
        dmean: 0
        dmean2: 0
        dvar: 0
        dvar2: 0
        max: 1
        mean: 1
        min: 1
        var: 0
    silence_rate_30dB:
        dmean: 0
        dmean2: 0
        dvar: 0
        dvar2: 0
        max: 1
        mean: 1
        min: 1
        var: 0
    silence_rate_60dB:
        dmean: 0.00469483574852
        dmean2: 0.0070588234812
        dvar: 0.00467280671
        dvar2: 0.00700899912044
        max: 1
        mean: 0.00702576106414
        min: 0
        var: 0.0069763911888
    spectral_centroid:
        dmean: 206.823577881
        dmean2: 320.374633789
        dvar: 43217.1289062
        dvar2: 102147.382812
        max: 2926.61230469
        mean: 2425.14794922
        min: 1215.56970215
        var: 75996.28125
    spectral_complexity:
        dmean: 3.33726406097
        dmean2: 5.51773071289
        dvar: 7.64805936813
        dvar2: 18.1456546783
        max: 37
        mean: 22.708234787
        min: 0
        var: 14.5689725876
    spectral_crest:
        dmean: 1.97881710529
        dmean2: 3.29748797417
        dvar: 2.47411131859
        dvar2: 6.74686670303
        max: 16.4074687958
        mean: 8.45848464966
        min: 3.98699307442
        var: 4.63896036148
    spectral_decrease:
        dmean: 2.6142238374e-10
        dmean2: 4.22887030949e-10
        dvar: 5.41376786219e-20
        dvar2: 1.40573735785e-19
        max: -6.14563608337e-12
        mean: -1.35748379204e-09
        min: -2.50131582114e-09
        var: 1.15803980363e-19
    spectral_energy:
        dmean: 0.00123362976592
        dmean2: 0.00199791463092
        dvar: 1.1366197441e-06
        dvar2: 3.04126047013e-06
        max: 0.0124609107152
        mean: 0.00656675640494
        min: 3.09665338136e-05
        var: 2.64318350673e-06
    spectral_energyband_high:
        dmean: 5.35555955139e-05
        dmean2: 9.15818745852e-05
        dvar: 2.52436072046e-09
        dvar2: 7.17659087712e-09
        max: 0.000504586845636
        mean: 0.000165929290233
        min: 2.8238143841e-06
        var: 4.20925427846e-09
    spectral_energyband_low:
        dmean: 0.000154891284183
        dmean2: 0.000270408898359
        dvar: 1.29306400254e-07
        dvar2: 3.59793460802e-07
        max: 0.00316069228575
        mean: 0.000167944919667
        min: 2.97979738662e-07
        var: 8.77949375422e-08
    spectral_energyband_middle_high:
        dmean: 0.00112847727723
        dmean2: 0.00184843991883
        dvar: 9.26956317926e-07
        dvar2: 2.51114647654e-06
        max: 0.0112749421969
        mean: 0.00542659545317
        min: 2.59402859228e-05
        var: 2.40489180214e-06
    spectral_energyband_middle_low:
        dmean: 0.000448797887657
        dmean2: 0.000713383546099
        dvar: 3.20400431519e-07
        dvar2: 8.26246889574e-07
        max: 0.00509910983965
        mean: 0.000806288502645
        min: 1.86714919437e-06
        var: 3.64441575584e-07
    spectral_flatness_db:
        dmean: 0.0206373427063
        dmean2: 0.0333515182137
        dvar: 0.000248407712206
        dvar2: 0.000669142522383
        max: 0.330769389868
        mean: 0.261592715979
        min: 0.1322632581
        var: 0.000545922026504
    spectral_flux:
        dmean: 0.00635881302878
        dmean2: 0.0101547865197
        dvar: 3.02106982417e-05
        dvar2: 7.66386801843e-05
        max: 0.0822867751122
        mean: 0.0502114333212
        min: 0.0332975871861
        var: 6.64434264763e-05
    spectral_kurtosis:
        dmean: 5.31404304504
        dmean2: 9.23554134369
        dvar: 15.3701457977
        dvar2: 50.0871810913
        max: 23.355506897
        mean: 6.91783237457
        min: -0.0657682418823
        var: 22.2543258667
    spectral_rms:
        dmean: 0.000237750806264
        dmean2: 0.000382152153179
        dvar: 4.54394104565e-08
        dvar2: 1.03505080062e-07
        max: 0.00348668708466
        mean: 0.00251051899977
        min: 0.000173813852598
        var: 1.03886165448e-07
    spectral_rolloff:
        dmean: 115.1823349
        dmean2: 195.071456909
        dvar: 10573.1181641
        dvar2: 28624.8085938
        max: 3682.17773438
        mean: 3384.56201172
        min: 2820.84960938
        var: 14449.7539062
    spectral_skewness:
        dmean: 0.4826169312
        dmean2: 0.846198379993
        dvar: 0.144939050078
        dvar2: 0.453643471003
        max: 3.3391315937
        mean: 0.534615397453
        min: -0.30826485157
        var: 0.205683499575
    spectral_spread:
        dmean: 184542.84375
        dmean2: 284149.1875
        dvar: 78974091264
        dvar2: 67959681024
        max: 8799465
        mean: 1766497.25
        min: 1285323.625
        var: 165444239360
    spectral_strongpeak:
        dmean: 1.16833734512
        dmean2: 1.99833679199
        dvar: 0.960514903069
        dvar2: 2.34084057808
        max: 8.62574863434
        mean: 1.84141147137
        min: 0.027023948729
        var: 1.91730201244
    zerocrossingrate:
        dmean: 0.00501064071432
        dmean2: 0.00632918719202
        dvar: 2.81423708657e-05
        dvar2: 3.10774739773e-05
        max: 0.140625
        mean: 0.120622701943
        min: 0.02392578125
        var: 9.17190482141e-05
    barkbands:
        dmean: [7.65783880752e-09, 3.3722648368e-05, 0.000129715001094, 0.000204476411454, 0.000157051326823, 0.000111250919872, 6.17927362327e-05, 2.85269907181e-05, 2.39200126089e-05, 2.99273015116e-05, 2.13138864638e-05, 3.68992550648e-05, 3.70903435396e-05, 0.000142895645695, 6.23476953479e-05, 0.000325575878378, 0.000615879078396, 0.000323810672853, 0.000670650508255, 0.00011965855083, 2.04477237276e-05, 1.77343451924e-06, 4.91994747165e-08, 2.7879794029e-09, 5.48984968596e-10, 4.51226028764e-10, 4.61194554768e-10]
        dmean2: [1.21547509835e-08, 5.87133181398e-05, 0.000226391479373, 0.000337323610438, 0.000255133374594, 0.000190358303371, 0.000106750674604, 4.80144663015e-05, 3.94979142584e-05, 4.89301746711e-05, 3.59371624654e-05, 6.03695661994e-05, 5.90735180594e-05, 0.000230791440117, 0.000105502273072, 0.000545065791812, 0.0010108561255, 0.000552083773073, 0.00117411871906, 0.000204841926461, 3.46461674781e-05, 3.00541569231e-06, 8.28863946367e-08, 4.54652804294e-09, 9.38661592897e-10, 7.79668885009e-10, 7.98322963291e-10]
        dvar: [2.65081925459e-16, 7.02752789294e-09, 8.87303315267e-08, 7.03864202478e-08, 5.95582889673e-08, 5.17359879382e-08, 3.33189476009e-08, 2.72478795083e-09, 1.06103259512e-09, 1.44933554047e-09, 7.22229609451e-10, 1.35532585155e-09, 1.66983538108e-09, 2.87647790032e-08, 4.83963402687e-09, 1.69944570416e-07, 3.82843211355e-07, 7.69971464365e-08, 4.54557408602e-07, 1.02352979425e-08, 2.96592361781e-10, 2.52527209213e-12, 1.08113972486e-14, 2.88719319529e-17, 9.638191865e-18, 7.25189656616e-18, 7.26039419259e-18]
        dvar2: [6.06789680639e-16, 1.96322478274e-08, 2.4947345878e-07, 1.77533024726e-07, 1.59858913662e-07, 1.42562456062e-07, 9.01460026626e-08, 7.58415197311e-09, 2.68620059529e-09, 3.6468601472e-09, 2.09126715944e-09, 3.23070104002e-09, 4.00238420184e-09, 7.06726552835e-08, 1.34717970113e-08, 4.58204397091e-07, 9.68511585597e-07, 2.14798944853e-07, 1.37640358844e-06, 2.82707297572e-08, 8.24063428606e-10, 6.64306847378e-12, 2.7153384318e-14, 7.00434903665e-17, 2.47651688087e-17, 1.86761781688e-17, 1.87029176093e-17]
        max: [1.26154262148e-07, 0.000620726612397, 0.00261557148769, 0.00231677899137, 0.00341156125069, 0.00195674458519, 0.0020368238911, 0.000558150466532, 0.000267238036031, 0.000286310940282, 0.000208808065508, 0.000309342081891, 0.000510948477313, 0.00184273836203, 0.000627196859568, 0.00533172441646, 0.0060028298758, 0.00230061006732, 0.00651934696361, 0.000881697167642, 0.000172618863871, 1.47337250382e-05, 7.98628718712e-07, 6.0745342978e-08, 4.87795972504e-08, 4.20490451347e-08, 4.20524379763e-08]
        mean: [8.44123615451e-09, 3.1561095966e-05, 0.000136375936563, 0.000246203242568, 0.000293000222882, 0.000125408681924, 5.67236020288e-05, 3.43200663337e-05, 3.94921189582e-05, 4.82538052893e-05, 3.37868223141e-05, 6.99997181073e-05, 6.64397230139e-05, 0.000266357907094, 0.000114188929729, 0.000637858640403, 0.00137496797834, 0.000778910354711, 0.00182775978465, 0.000313831493258, 6.69262662996e-05, 4.34150297224e-06, 3.97932780061e-08, 3.17858428467e-09, 7.06822989027e-10, 3.23356369458e-10, 3.24238441651e-10]
        min: [3.28001792393e-11, 7.59152669616e-08, 1.90500571762e-07, 4.3272538619e-07, 9.13419796689e-07, 1.23832180066e-07, 2.95023454555e-07, 4.40028635751e-08, 4.0561999981e-08, 2.78480456473e-07, 1.75617856257e-07, 1.39430923696e-07, 3.78333488982e-08, 7.0150628062e-07, 1.20753531974e-06, 2.42117880589e-06, 5.98195083512e-06, 7.80525624577e-06, 5.81053518545e-06, 2.9505472412e-06, 1.17598665383e-06, 5.83591912573e-08, 2.56998675813e-12, 1.0165719655e-10, 2.71391676493e-11, 1.58976423605e-12, 1.84931293911e-13]
        var: [2.93692819062e-16, 4.81096140703e-09, 5.88382462752e-08, 8.92599913982e-08, 9.36713462352e-08, 3.74160862293e-08, 2.28641567901e-08, 2.29858732048e-09, 1.25749866076e-09, 1.90781235254e-09, 9.18370546277e-10, 2.52549248181e-09, 3.10973136131e-09, 6.06968910688e-08, 7.12490244581e-09, 2.99159893302e-07, 6.29464409485e-07, 1.3294121004e-07, 6.59029183225e-07, 1.78786994098e-08, 6.07278838327e-10, 4.12515681336e-12, 9.64674727496e-15, 2.77672157012e-17, 5.67149976347e-18, 4.26516864504e-18, 4.2721719697e-18]
    mfcc:
        mean: [-771.717102051, 189.159606934, -162.839172363, 122.546829224, -19.977930069, -5.23476266861, 10.4968566895, -16.6745662689, 6.30204772949, -23.2534942627, -0.975568413734, -7.54028367996, -17.1368350983]
        cov: [[506.035339355, -55.3226737976, 169.124282837, -83.822265625, -76.9478149414, 105.815444946, -206.323806763, 155.26121521, -189.551071167, 134.544219971, -64.4838485718, 17.9484405518, 63.1806106567], [-55.3226737976, 300.179626465, -84.2627258301, 86.6683502197, -28.3047275543, -32.0468597412, 95.024772644, -95.8818359375, 118.561950684, -89.0618896484, 83.773109436, -25.2904682159, 5.24921512604], [169.124282837, -84.2627258301, 227.742111206, -59.9408073425, -4.77494478226, 71.844543457, -121.821563721, 132.3621521, -135.008499146, 103.26966095, -56.1366119385, 23.7425193787, 45.88463974], [-83.822265625, 86.6683502197, -59.9408073425, 104.046714783, 21.6232757568, 1.5163269043, 65.8649368286, -47.8439331055, 75.1385116577, -60.5030860901, 53.7381744385, -35.8289489746, 4.8779168129], [-76.9478149414, -28.3047275543, -4.77494478226, 21.6232757568, 96.7350387573, -9.67505550385, 66.5648880005, -22.7164173126, 37.2855072021, 5.84112930298, -11.109541893, 24.8634777069, -38.1163063049], [105.815444946, -32.0468597412, 71.844543457, 1.5163269043, -9.67505550385, 99.6293563843, -61.1358795166, 77.7083053589, -66.857460022, 34.7368545532, -0.991258025169, -20.997964859, 45.3839187622], [-206.323806763, 95.024772644, -121.821563721, 65.8649368286, 66.5648880005, -61.1358795166, 197.98097229, -106.295539856, 147.042495728, -78.2622528076, 40.7518005371, 0.30476051569, -61.6970481873], [155.26121521, -95.8818359375, 132.3621521, -47.8439331055, -22.7164173126, 77.7083053589, -106.295539856, 158.707382202, -104.482284546, 84.9838867188, -42.10521698, 7.56628799438, 48.3918495178], [-189.551071167, 118.561950684, -135.008499146, 75.1385116577, 37.2855072021, -66.857460022, 147.042495728, -104.482284546, 186.88911438, -81.4212646484, 68.1539916992, -20.0185813904, -34.4586029053], [134.544219971, -89.0618896484, 103.26966095, -60.5030860901, 5.84112930298, 34.7368545532, -78.2622528076, 84.9838867188, -81.4212646484, 124.790763855, -39.5131340027, 48.671710968, 0.724093735218], [-64.4838485718, 83.773109436, -56.1366119385, 53.7381744385, -11.109541893, -0.991258025169, 40.7518005371, -42.10521698, 68.1539916992, -39.5131340027, 100.238952637, -26.73802948, 21.2610549927], [17.9484405518, -25.2904682159, 23.7425193787, -35.8289489746, 24.8634777069, -20.997964859, 0.30476051569, 7.56628799438, -20.0185813904, 48.671710968, -26.73802948, 94.4703445435, -25.0926914215], [63.1806106567, 5.24921512604, 45.88463974, 4.8779168129, -38.1163063049, 45.3839187622, -61.6970481873, 48.3918495178, -34.4586029053, 0.724093735218, 21.2610549927, -25.0926914215, 87.6682357788]]
        icov: [[0.00508488807827, -0.00219230749644, 0.00088263762882, 0.000368614128092, 0.00109066837467, -0.0023190677166, 0.00238792574964, -0.000540319655556, 0.00152807217091, -0.00365631328896, 0.001928771846, 0.000323172018398, -0.000106721563498], [-0.00219230749644, 0.00839891377836, -0.00347287324257, -0.00404372019693, 0.00629118224606, -0.00087456300389, -0.003073659027, 0.00376177905127, -0.00397218717262, 0.00270605576225, -0.00169384491164, -0.00283002038486, 8.52910015965e-05], [0.00088263762882, -0.00347287324257, 0.013566846028, 0.0016519712517, -0.00624787155539, 0.00110535440035, 0.00168753135949, -0.00591974612325, 0.00587211549282, -0.00508731184527, 0.0016451398842, 0.00174579082523, -0.00400343257934], [0.000368614128092, -0.00404372019693, 0.0016519712517, 0.0240218341351, -0.00886423606426, -0.00524389790371, 0.00090010848362, -0.00056732428493, -0.00230298470706, 0.00519685028121, -0.00511229643598, 0.00386991538107, -0.00101811287459], [0.00109066837467, 0.00629118224606, -0.00624787155539, -0.00886423606426, 0.0270250327885, -0.00679989252239, -0.00814412347972, 0.00618275534362, -0.00547696324065, -0.00408077100292, 0.00527933612466, -0.00601386185735, 0.00360566726886], [-0.0023190677166, -0.00087456300389, 0.00110535440035, -0.00524389790371, -0.00679989252239, 0.0280282292515, -0.00253515923396, -0.00978886894882, 0.00998393446207, -0.00187356758397, -0.0054763131775, 0.0069108363241, -0.00516405841336], [0.00238792574964, -0.003073659027, 0.00168753135949, 0.00090010848362, -0.00814412347972, -0.00253515923396, 0.0214801318944, -0.00101338443346, -0.00831564236432, 0.00490360474214, -9.3880789791e-06, -0.00218743737787, 0.00704460311681], [-0.000540319655556, 0.00376177905127, -0.00591974612325, -0.00056732428493, 0.00618275534362, -0.00978886894882, -0.00101338443346, 0.0226124674082, -0.00387334870175, -0.00634897919372, 0.00500798318535, -0.000696660892572, -0.00502925319597], [0.00152807217091, -0.00397218717262, 0.00587211549282, -0.00230298470706, -0.00547696324065, 0.00998393446207, -0.00831564236432, -0.00387334870175, 0.024347467348, -0.00343730766326, -0.00599004980177, 0.0048284959048, -0.00263949832879], [-0.00365631328896, 0.00270605576225, -0.00508731184527, 0.00519685028121, -0.00408077100292, -0.00187356758397, 0.00490360474214, -0.00634897919372, -0.00343730766326, 0.0279206037521, -0.00616667978466, -0.00881136301905, 0.00838950555772], [0.001928771846, -0.00169384491164, 0.0016451398842, -0.00511229643598, 0.00527933612466, -0.0054763131775, -9.3880789791e-06, 0.00500798318535, -0.00599004980177, -0.00616667978466, 0.0221143625677, 8.84562032297e-05, -0.00714713754132], [0.000323172018398, -0.00283002038486, 0.00174579082523, 0.00386991538107, -0.00601386185735, 0.0069108363241, -0.00218743737787, -0.000696660892572, 0.0048284959048, -0.00881136301905, 8.84562032297e-05, 0.0192800983787, -0.00107205705717], [-0.000106721563498, 8.52910015965e-05, -0.00400343257934, -0.00101811287459, 0.00360566726886, -0.00516405841336, 0.00704460311681, -0.00502925319597, -0.00263949832879, 0.00838950555772, -0.00714713754132, -0.00107205705717, 0.025924898684]]
    spectral_contrast:
        mean: [9.03185650714e-08, 5.66857693229e-07, -2.98978648061e-07, -4.87075112687e-07, -5.79902803111e-07, -2.48586431439e-08, 3.83994165531e-06, 5.04479703523e-06, 2.06807089853e-06, -4.95349638641e-07, 2.33453852161e-06, -7.56207612085e-07]
        var: [0.000211554637644, 0.000392405781895, 0.000841044413392, 0.000936765398365, 0.00204550265335, 0.00287505658343, 0.0287993680686, 0.0503649264574, 0.0874211117625, 0.212342590094, 0.313435584307, 0.38101670146]

rhythm:
    beats_loudness:
        dmean: 0.000649516296107
        dmean2: 0.000901285733562
        dvar: 2.09690341535e-07
        dvar2: 5.33987815743e-07
        max: 0.00812023691833
        mean: 0.00684340158477
        min: 0.00500997109339
        var: 6.81865344632e-07
    beats_loudness_bass:
        dmean: 0.079475492239
        dmean2: 0.152357518673
        dvar: 0.00380325177684
        dvar2: 0.0136094512418
        max: 0.220432281494
        mean: 0.0856403261423
        min: 0.0162723958492
        var: 0.00379442470148
    bpm: 131.432952881
    bpm_confidence: 0
    first_peak_bpm: 132
    first_peak_spread: 0
    first_peak_weight: 0.950000047684
    onset_rate: 2.42414236069
    second_peak_bpm: 123
    second_peak_spread: 0
    second_peak_weight: 0.0500000007451
    beats_position: [0.4768204391, 0.931947290897, 1.38707411289, 1.84220087528, 2.29732775688, 2.75245451927, 3.20758152008, 3.66270828247, 4.11783504486, 4.57296180725, 5.02808856964, 5.48321580887, 5.93834257126, 6.42482757568, 6.88273382187, 7.34063959122, 7.7985458374, 8.25645256042, 8.71435832977, 9.17226409912, 9.63017082214]
    bpm_estimates: [132.428573608, 132.413208008, 131.173126221, 131.321182251, 131.026824951, 130.953842163, 130.653442383, 131.493423462]
    bpm_intervals: [0.455126851797, 0.455126821995, 0.45512676239, 0.455126881599, 0.45512676239, 0.455127000809, 0.45512676239, 0.45512676239, 0.45512676239, 0.45512676239, 0.455127239227, 0.45512676239, 0.486485004425, 0.457906246185, 0.457905769348, 0.457906246185, 0.457906723022, 0.457905769348, 0.457905769348, 0.457906723022]
    onset_times: [0.0464399084449, 0.696598649025, 1.17260766029, 1.38158726692, 1.63700675964, 2.07818603516, 2.50775504112, 2.65868473053, 3.42494320869, 3.61070299149, 3.87773251534, 4.00544214249, 4.33052158356, 4.79492044449, 5.10838985443, 5.27092981339, 5.74693870544, 6.15328788757, 6.29260778427, 7.44199562073, 8.39401340485, 8.56816291809, 8.73070335388, 9.42730140686]
    rubato_start: []
    rubato_stop: []
    perceptual_tempo: "unknown"

sfx:
    inharmonicity:
        dmean: 0.0742410570383
        dmean2: 0.132914915681
        dvar: 0.00512607069686
        dvar2: 0.0146228177473
        max: 0.337998509407
        mean: 0.0839889273047
        min: 0
        var: 0.00547307170928
    oddtoevenharmonicenergyratio:
        dmean: 3.93752741814
        dmean2: 7.36755514145
        dvar: 121.572319031
        dvar2: 359.516906738
        max: 103.970909119
        mean: 2.76784610748
        min: 0
        var: 68.5929946899
    pitch_after_max_to_before_max_energy_ratio: 16.4285564423
    pitch_centroid: 203.882217407
    pitch_max_to_total: 0.0517647042871
    pitch_min_to_total: 0.607058823109
    tristimulus:
        dmean: [0.122096203268, 0.382557123899, 0.198061168194]
        dmean2: [0.216945633292, 0.697949767113, 0.369234412909]
        dvar: [0.0174804404378, 0.0883527249098, 0.0392860770226]
        dvar2: [0.0511016994715, 0.242603540421, 0.0980582162738]
        max: [1, 0.985755622387, 0.737887859344]
        mean: [0.164558514953, 0.48053830862, 0.155569568276]
        min: [0.00800139922649, 0, 0]
        var: [0.0158782768995, 0.117601461709, 0.0433146245778]

tonal:
    chords_changes_rate: 0.0467289723456
    chords_number_rate: 0.0140186911449
    chords_strength:
        dmean: 0.00951028428972
        dmean2: 0.00933019258082
        dvar: 6.10415518167e-05
        dvar2: 6.10710922047e-05
        max: 0.735835134983
        mean: 0.532194554806
        min: 0.340625107288
        var: 0.00968099851161
    key_strength: 0.468610554934
    tuning_diatonic_strength: 0.619503080845
    tuning_equal_tempered_deviation: 0.137591972947
    tuning_frequency: 437.213165283
    tuning_nontempered_energy_ratio: 0.837008953094
    hpcp:
        dmean: [0.179090902209, 0.158494248986, 0.136325493455, 0.113254800439, 0.0880695879459, 0.0733699202538, 0.0685035735369, 0.0653913840652, 0.0581190288067, 0.0519469752908, 0.0652712136507, 0.0916419699788, 0.144715622067, 0.169411048293, 0.20126286149, 0.24057123065, 0.18587423861, 0.139470592141, 0.142327472568, 0.18308763206, 0.242423087358, 0.22197073698, 0.16644962132, 0.118668563664, 0.0974325984716, 0.110550999641, 0.120228864253, 0.10379871726, 0.101061604917, 0.123768649995, 0.17830260098, 0.220152050257, 0.225030958652, 0.234178587794, 0.202329844236, 0.181628718972]
        dmean2: [0.289011210203, 0.26567029953, 0.226323544979, 0.188938990235, 0.152470141649, 0.128426060081, 0.115028299391, 0.10669721663, 0.0973765552044, 0.0866911783814, 0.110671468079, 0.148416697979, 0.223946839571, 0.275973975658, 0.340044587851, 0.392963737249, 0.307635515928, 0.238593354821, 0.245648488402, 0.319050341845, 0.41136303544, 0.363754302263, 0.287061929703, 0.2012065202, 0.156097128987, 0.184085041285, 0.197042897344, 0.16604244709, 0.173059999943, 0.203237742186, 0.299510538578, 0.363514661789, 0.382329821587, 0.395660728216, 0.33719086647, 0.29399779439]
        dvar: [0.0265269298106, 0.0211430713534, 0.0155021576211, 0.0169024802744, 0.011246339418, 0.0105646895245, 0.0102999340743, 0.00553295109421, 0.00929432176054, 0.00366902630776, 0.00553277274594, 0.0101152407005, 0.0214614532888, 0.0246629416943, 0.0314093567431, 0.0369968377054, 0.0247594509274, 0.0247499253601, 0.0228773914278, 0.0245501343161, 0.036867056042, 0.0279982481152, 0.0249917432666, 0.0146314892918, 0.00901479460299, 0.0130050610751, 0.0158996768296, 0.0111683709547, 0.0083782998845, 0.0111664356664, 0.0246369205415, 0.0281733721495, 0.0293173715472, 0.0360239036381, 0.0289587322623, 0.0230092890561]
        dvar2: [0.0679168403149, 0.0551341436803, 0.0423784665763, 0.046652585268, 0.0318708233535, 0.0300537925214, 0.0289942547679, 0.0153593653813, 0.0261381287128, 0.0100643672049, 0.0151130678132, 0.0266082249582, 0.0499981939793, 0.0552497282624, 0.0666311085224, 0.0886766240001, 0.0571147054434, 0.0729566141963, 0.0669148936868, 0.0580914057791, 0.103140451014, 0.078581161797, 0.0724689364433, 0.0402611605823, 0.0233234278858, 0.0321200639009, 0.0401787348092, 0.0299107078463, 0.0212318710983, 0.0273508392274, 0.0585483424366, 0.0738231390715, 0.0754727572203, 0.0927824154496, 0.0747158452868, 0.0564160272479]
        max: [1, 1, 0.878529727459, 1, 0.960708320141, 0.878167510033, 0.778787732124, 0.720398426056, 1, 0.404077172279, 0.496359825134, 0.677588701248, 1, 1, 1, 1, 1, 1, 1, 1, 1, 1, 1, 0.804661810398, 0.812349021435, 1, 0.946964979172, 0.703457474709, 0.622459948063, 0.767020523548, 1, 1, 1, 1, 1, 1]
        mean: [0.393972367048, 0.348703950644, 0.265785098076, 0.210405111313, 0.156098291278, 0.124640338123, 0.119832575321, 0.125297561288, 0.114738427103, 0.0985487923026, 0.098688043654, 0.143876641989, 0.242135286331, 0.342987090349, 0.463686227798, 0.526219129562, 0.388407915831, 0.243086710572, 0.237075865269, 0.343488454819, 0.481150656939, 0.493765324354, 0.355353653431, 0.220051795244, 0.189658820629, 0.208782479167, 0.216890305281, 0.182916104794, 0.165412813425, 0.222861334682, 0.378956228495, 0.538672983646, 0.646040737629, 0.659380555153, 0.524106264114, 0.404305666685]
        min: [0.0225686505437, 0.0310619380325, 0.0373626425862, 0.025838771835, 0.0143284238875, 0.0193855594844, 0.0143964625895, 0.015372781083, 0.0188749916852, 0.0164267811924, 0.0108764981851, 0.0178766790777, 0.00535374740139, 0.0155814448372, 0.0295276623219, 0.0595021098852, 0.0299611594528, 0.023516792804, 0.0313319638371, 0.0376353524625, 0.0441288873553, 0, 0.0478458702564, 0.0314186103642, 0.0319066680968, 0.0271015539765, 0, 0, 0.0185235161334, 0.0206712819636, 0.0546025671065, 0.073116004467, 0.0383087545633, 0.060786973685, 0.0535345338285, 0.0469442419708]
        var: [0.0668726935983, 0.043744970113, 0.0210202578455, 0.0181874968112, 0.011277555488, 0.00879475753754, 0.00926168262959, 0.00720062619075, 0.00771699054167, 0.00460250070319, 0.00616020802408, 0.0133928107098, 0.0392734520137, 0.0530891008675, 0.066566683352, 0.0846730619669, 0.0572048202157, 0.0310975406319, 0.0276165045798, 0.0451141782105, 0.0695680454373, 0.0720566287637, 0.0417953841388, 0.0195127893239, 0.0141748739406, 0.0188075955957, 0.0218536052853, 0.0149494251236, 0.0114626893774, 0.0201342348009, 0.0474623814225, 0.0655191093683, 0.0645685642958, 0.0700010731816, 0.0590976849198, 0.0471876747906]
    chords_histogram: [0, 0, 0.467289716005, 3.27102804184, 0, 0.934579432011, 0, 0, 0, 0, 0, 0, 0.934579432011, 0, 12.6168222427, 81.7757034302, 0, 0, 0, 0, 0, 0, 0, 0]
    thpcp: [1, 0.79484641552, 0.613159835339, 0.597488582134, 0.528835654259, 0.403082996607, 0.319095104933, 0.236734747887, 0.189026415348, 0.181735083461, 0.190023139119, 0.174009412527, 0.149456620216, 0.149667814374, 0.218199700117, 0.367216289043, 0.520165622234, 0.703214883804, 0.798050701618, 0.589049696922, 0.368659198284, 0.359543293715, 0.520925998688, 0.729700982571, 0.74883210659, 0.538920402527, 0.333725035191, 0.287631809711, 0.316634267569, 0.328930407763, 0.277405977249, 0.250860929489, 0.337985903025, 0.57471549511, 0.816937923431, 0.979769170284]
    chords_key: "C#"
    chords_scale: "minor"
    key_key: "G#"
    key_scale: "major"
    chords_progression: ["Gm", "Gm", "Gm", "Gm", "Gm", "Gm", "Gm", "C#m", "C#m", "C#m", "C#m", "C#m", "C#m", "C#m", "C#m", "C#m", "C#m", "C#m", "C#m", "C#m", "C#m", "C#m", "C#m", "C#m", "C#m", "C#m", "C#m", "C#m", "C#m", "C#m", "C#m", "C#m", "C#m", "C#m", "C#m", "C#m", "C#m", "C#m", "C#m", "C#m", "C#m", "C#m", "C#m", "C#m", "C#m", "C#m", "C#m", "C#m", "C#m", "C#m", "C#m", "C#m", "C#m", "C#m", "C#m", "C#m", "C#m", "C#m", "C#m", "C#m", "C#m", "C#m", "C#m", "C#m", "C#m", "C#m", "C#m", "C#m", "C#m", "C#m", "C#m", "C#m", "C#m", "C#m", "C#m", "A", "C#m", "A", "A", "A", "A", "A", "A", "A", "A", "A", "A", "A", "A", "A", "A", "A", "A", "A", "A", "A", "A", "A", "A", "A", "A", "A", "A", "C#m", "C#m", "C#m", "C#m", "C#m", "D", "D", "C#m", "C#m", "C#m", "C#m", "C#m", "Dm", "Dm", "C#m", "C#m", "C#m", "C#m", "C#m", "C#m", "C#m", "C#m", "C#m", "C#m", "C#m", "C#m", "C#m", "C#m", "C#m", "C#m", "C#m", "C#m", "C#m", "C#m", "C#m", "C#m", "C#m", "C#m", "C#m", "C#m", "C#m", "C#m", "C#m", "C#m", "C#m", "C#m", "C#m", "C#m", "C#m", "C#m", "C#m", "C#m", "C#m", "C#m", "C#m", "C#m", "C#m", "C#m", "C#m", "C#m", "C#m", "C#m", "C#m", "C#m", "C#m", "C#m", "C#m", "C#m", "C#m", "C#m", "C#m", "C#m", "C#m", "C#m", "C#m", "C#m", "C#m", "C#m", "C#m", "C#m", "C#m", "C#m", "C#m", "C#m", "C#m", "C#m", "C#m", "C#m", "C#m", "C#m", "C#m", "C#m", "C#m", "C#m", "C#m", "C#m", "C#m", "C#m", "C#m", "C#m", "C#m", "C#m", "C#m", "C#m", "C#m", "C#m", "C#m", "C#m", "C#m", "C#m", "D#"]
