
metadata:
    version:
        essentia: "1.2.2"
    audio_properties:
        analysis_sample_rate: 44100
        bitrate: 128
        channels: 2
        equal_loudness: 1
        length: 10.1616325378
        replay_gain: -11.6010684967
        downmix: "mix"
    tags:
        track: 28
        year: 0
        album: "Splitted by Mp3Splt v. 2.1"
        artist: "From 004.30 To 004.40"
        comment: "http://mp3splt.sf.net"
        genre: ""
        title: "10 Hi-Fi.mp3"

highlevel:
    ballroom:
        all:
            ChaChaCha: 0.0251708235592
            Jive: 0.233941912651
            Quickstep: 0.116571739316
            Rumba-American: 0.00557453883812
            Rumba-International: 0.015148925595
            Rumba-Misc: 0.0102623589337
            Samba: 0.0219318270683
            Tango: 0.0173092205077
            VienneseWaltz: 0.483658760786
            Waltz: 0.0704298838973
        probability: 0.483658760786
        value: "VienneseWaltz"
    culture:
        all:
            non_western: 0.904358208179
            western: 0.0956418141723
        probability: 0.904358208179
        value: "non_western"
    gender:
        all:
            female: 0.23684976995
            male: 0.763150215149
        probability: 0.763150215149
        value: "male"
    genre_dortmund:
        all:
            alternative: 0.184597328305
            blues: 0.0384097844362
            electronic: 0.0913136824965
            folkcountry: 0.0732471197844
            funksoulrnb: 0.022590868175
            jazz: 0.00804190803319
            pop: 0.0392878167331
            raphiphop: 0.00121423555538
            rock: 0.541297256947
        probability: 0.541297256947
        value: "rock"
    genre_electronica:
        all:
            ambient: 0.471560269594
            dnb: 0.175170063972
            house: 0.127601623535
            techno: 0.0285383481532
            trance: 0.197129711509
        probability: 0.471560269594
        value: "ambient"
    genre_rosamerica:
        all:
            cla: 0.0587607435882
            dan: 0.00791804585606
            hip: 0.00467469729483
            jaz: 0.00418408634141
            pop: 0.0170136466622
            rhy: 0.0124195571989
            roc: 0.892404794693
            spe: 0.0026244437322
        probability: 0.892404794693
        value: "roc"
    genre_tzanetakis:
        all:
            blu: 0.00457785185426
            cla: 0.0430246181786
            cou: 0.156115531921
            dis: 0.0369038246572
            hip: 0.00180581095628
            jaz: 0.00548274768516
            met: 0.0243633240461
            pop: 0.0192952435464
            reg: 0.01020410005
            roc: 0.698226928711
        probability: 0.698226928711
        value: "roc"
    live_studio:
        all:
            live: 0.549114346504
            studio: 0.450885653496
        probability: 0.549114346504
        value: "live"
    mood:
        all:
            Cluster1: 0.567636847496
            Cluster2: 0.122774101794
            Cluster3: 0.0730406269431
            Cluster4: 0.092504888773
            Cluster5: 0.144043534994
        probability: 0.567636847496
        value: "Cluster1"
    mood_acoustic:
        all:
            acoustic: 0.127426043153
            not_acoustic: 0.872573971748
        probability: 0.872573971748
        value: "not_acoustic"
    mood_aggressive:
        all:
            aggressive: 0.48587757349
            not_aggressive: 0.51412242651
        probability: 0.51412242651
        value: "not_aggressive"
    mood_electronic:
        all:
            electronic: 0.168119296432
            not_electronic: 0.831880688667
        probability: 0.831880688667
        value: "not_electronic"
    mood_happy:
        all:
            happy: 0.758505702019
            not_happy: 0.241494327784
        probability: 0.758505702019
        value: "happy"
    mood_party:
        all:
            not_party: 0.594407379627
            party: 0.405592620373
        probability: 0.594407379627
        value: "not_party"
    mood_relaxed:
        all:
            not_relaxed: 0.738986134529
            relaxed: 0.261013865471
        probability: 0.738986134529
        value: "not_relaxed"
    mood_sad:
        all:
            not_sad: 0.690573513508
            sad: 0.309426486492
        probability: 0.690573513508
        value: "not_sad"
    rhythm:
        all:
            fast: 0.981037437916
            medium: 0.00631149020046
            slow: 0.0126510616392
        probability: 0.981037437916
        value: "fast"
    speech_music:
        all:
            music: 0.992183983326
            speech: 0.0078160315752
        probability: 0.992183983326
        value: "music"
    timbre:
        all:
            bright: 0.5
            dark: 0.5
        probability: 0.5
        value: "dark"
    voice_instrumental:
        all:
            instrumental: 0.0195081029087
            voice: 0.980491876602
        probability: 0.980491876602
        value: "voice"

lowlevel:
    average_loudness: 0.943082153797
    barkbands_kurtosis:
        dmean: 0.541809260845
        dmean2: 0.919788122177
        dvar: 0.601863741875
        dvar2: 1.45520877838
        max: 10.8572340012
        mean: -0.651945412159
        min: -1.84683680534
        var: 1.89763438702
    barkbands_skewness:
        dmean: 0.291867464781
        dmean2: 0.490974277258
        dvar: 0.0653839707375
        dvar2: 0.166332274675
        max: 3.37253284454
        mean: 0.354883342981
        min: -1.22658026218
        var: 0.481369078159
    barkbands_spread:
        dmean: 3.63232159615
        dmean2: 6.03186225891
        dvar: 10.585650444
        dvar2: 26.4025936127
        max: 41.6463165283
        mean: 24.7710437775
        min: 8.5246295929
        var: 46.2392501831
    dissonance:
        dmean: 0.0149839352816
        dmean2: 0.0259347613901
        dvar: 0.000287522765575
        dvar2: 0.000600282510277
        max: 0.499999940395
        mean: 0.474818736315
        min: 0.247496634722
        var: 0.000426379294368
    hfc:
        dmean: 1.4989156723
        dmean2: 2.49716520309
        dvar: 5.76612520218
        dvar2: 15.5976333618
        max: 24.6975784302
        mean: 6.78191137314
        min: 0.734024882317
        var: 21.6892910004
    pitch:
        dmean: 616.05859375
        dmean2: 1183.59082031
        dvar: 1100553.75
        dvar2: 3051864.75
        max: 3675
        mean: 952.295715332
        min: 73.0132446289
        var: 1444866.625
    pitch_instantaneous_confidence:
        dmean: 0.0763937681913
        dmean2: 0.124440960586
        dvar: 0.00408880366012
        dvar2: 0.0108465952799
        max: 0.75773704052
        mean: 0.394450336695
        min: 0.137755930424
        var: 0.0122642312199
    pitch_salience:
        dmean: 0.0523649193347
        dmean2: 0.0862202420831
        dvar: 0.00226477859542
        dvar2: 0.00542312907055
        max: 0.922473788261
        mean: 0.646765053272
        min: 0.314098209143
        var: 0.00547207985073
    silence_rate_20dB:
        dmean: 0
        dmean2: 0
        dvar: 0
        dvar2: 0
        max: 1
        mean: 1
        min: 1
        var: 0
    silence_rate_30dB:
        dmean: 0
        dmean2: 0
        dvar: 0
        dvar2: 0
        max: 1
        mean: 1
        min: 1
        var: 0
    silence_rate_60dB:
        dmean: 0.0686498880386
        dmean2: 0.137614682317
        dvar: 0.0639372617006
        dvar2: 0.132437795401
        max: 1
        mean: 0.326484024525
        min: 0
        var: 0.219891488552
    spectral_centroid:
        dmean: 170.124908447
        dmean2: 290.404266357
        dvar: 24327.9609375
        dvar2: 58622.6445312
        max: 2446.91235352
        mean: 1265.80114746
        min: 372.039672852
        var: 153255.765625
    spectral_complexity:
        dmean: 2.76781606674
        dmean2: 4.43778800964
        dvar: 10.0127639771
        dvar2: 21.333688736
        max: 38
        mean: 16.25
        min: 0
        var: 60.2930030823
    spectral_crest:
        dmean: 1.68547916412
        dmean2: 2.77412867546
        dvar: 2.60330367088
        dvar2: 6.13373708725
        max: 18.544801712
        mean: 7.08937931061
        min: 2.91962432861
        var: 9.4414730072
    spectral_decrease:
        dmean: 2.20057694289e-10
        dmean2: 3.61797869441e-10
        dvar: 8.82851547988e-20
        dvar2: 2.44979645521e-19
        max: -2.37124431202e-10
        mean: -1.15853704408e-09
        min: -3.25927751454e-09
        var: 3.214909312e-19
    spectral_energy:
        dmean: 0.000944469997194
        dmean2: 0.00154207076412
        dvar: 1.71751059952e-06
        dvar2: 4.7773373808e-06
        max: 0.0145414285362
        mean: 0.00498772552237
        min: 0.00113006134052
        var: 6.38777009954e-06
    spectral_energyband_high:
        dmean: 5.51671000721e-05
        dmean2: 9.54828719841e-05
        dvar: 2.14017319422e-08
        dvar2: 5.75668153147e-08
        max: 0.00138345919549
        mean: 9.59716635407e-05
        min: 2.00129784389e-06
        var: 2.83607004548e-08
    spectral_energyband_low:
        dmean: 7.35524081392e-05
        dmean2: 0.000123534089653
        dvar: 1.80167205599e-08
        dvar2: 4.34279279204e-08
        max: 0.00133231084328
        mean: 0.000120112767036
        min: 3.82475809602e-06
        var: 2.66630504342e-08
    spectral_energyband_middle_high:
        dmean: 0.00058644550154
        dmean2: 0.000971968809608
        dvar: 5.79250524879e-07
        dvar2: 1.58356124302e-06
        max: 0.00840576551855
        mean: 0.0027644385118
        min: 0.000313519267365
        var: 4.41317069999e-06
    spectral_energyband_middle_low:
        dmean: 0.000619094120339
        dmean2: 0.00104423763696
        dvar: 5.92015055645e-07
        dvar2: 1.66470783824e-06
        max: 0.0071622915566
        mean: 0.00200719363056
        min: 0.00025427134824
        var: 1.01883631487e-06
    spectral_flatness_db:
        dmean: 0.013870280236
        dmean2: 0.021961055696
        dvar: 0.000207562203286
        dvar2: 0.000459721632069
        max: 0.298340559006
        mean: 0.193833231926
        min: 0.0978586301208
        var: 0.000697380572092
    spectral_flux:
        dmean: 0.00642243726179
        dmean2: 0.00999260507524
        dvar: 6.591991405e-05
        dvar2: 0.00013233802747
        max: 0.0845934376121
        mean: 0.03683052212
        min: 0.0151118421927
        var: 0.000220407688175
    spectral_kurtosis:
        dmean: 3.56046080589
        dmean2: 6.3802652359
        dvar: 9.64077758789
        dvar2: 29.2410449982
        max: 22.6333217621
        mean: 7.13000774384
        min: 0.897079467773
        var: 16.5724105835
    spectral_rms:
        dmean: 0.000202810479095
        dmean2: 0.000327078538248
        dvar: 6.1676573182e-08
        dvar2: 1.68831036262e-07
        max: 0.00376653159037
        mean: 0.002136309864
        min: 0.0010499994969
        var: 3.02253084783e-07
    spectral_rolloff:
        dmean: 376.014038086
        dmean2: 680.875793457
        dvar: 233745.078125
        dvar2: 640161.625
        max: 4112.84179688
        mean: 2574.65063477
        min: 387.59765625
        var: 518417.65625
    spectral_skewness:
        dmean: 0.325597763062
        dmean2: 0.566077888012
        dvar: 0.0761241018772
        dvar2: 0.218098685145
        max: 3.24153661728
        mean: 1.63251197338
        min: 0.653124392033
        var: 0.202675759792
    spectral_spread:
        dmean: 383098.03125
        dmean2: 581110.4375
        dvar: 385627521024
        dvar2: 804240949248
        max: 11209178
        mean: 2602760.25
        min: 1536078.125
        var: 685414940672
    spectral_strongpeak:
        dmean: 0.432456225157
        dmean2: 0.772311449051
        dvar: 0.396873354912
        dvar2: 1.14903008938
        max: 4.40885639191
        mean: 0.674502789974
        min: 0.0135522754863
        var: 0.49652504921
    zerocrossingrate:
        dmean: 0.00581672042608
        dmean2: 0.00741309951991
        dvar: 2.76064911304e-05
        dvar2: 3.28163769154e-05
        max: 0.12890625
        mean: 0.0721189156175
        min: 0.02099609375
        var: 0.00030620911275
    barkbands:
        dmean: [8.34421740592e-08, 1.88742706086e-05, 6.58698190819e-05, 0.000149394094478, 0.00031986090471, 0.00024177476007, 0.000172414947883, 7.2769667895e-05, 8.09269913589e-05, 7.20405150787e-05, 0.000265483977273, 6.41108126729e-05, 0.000170483050169, 0.000158719325555, 9.91078850348e-05, 9.77129748208e-05, 0.000121871962619, 0.000211219696212, 0.000119682787044, 5.47839408682e-05, 2.3075937861e-05, 9.18254045246e-06, 1.09371512735e-06, 5.32321678293e-07, 5.50496508822e-07, 1.43924749896e-09, 8.92704077327e-10]
        dmean2: [1.39439123359e-07, 3.19917126035e-05, 0.000114666057925, 0.000259134510998, 0.000547580420971, 0.000409438624047, 0.000269177602604, 0.000118801988719, 0.000123279300169, 0.000117650874017, 0.000445347744972, 0.000107386113086, 0.00029299891321, 0.000270802062005, 0.000173290784005, 0.000158104652655, 0.000208724086406, 0.000362036254955, 0.000204117619433, 9.18609366636e-05, 4.0118196921e-05, 1.57592003234e-05, 1.77662934675e-06, 9.04946375613e-07, 9.53583366936e-07, 1.96289895449e-09, 9.7084640327e-10]
        dvar: [4.22163728129e-14, 1.28244892483e-09, 1.53124286584e-08, 5.61442377034e-08, 1.38768669444e-07, 2.14788798303e-07, 5.67598448242e-08, 1.36387345862e-08, 1.25945875951e-08, 1.16870015887e-08, 2.16528121655e-07, 1.0277762641e-08, 5.86810848802e-08, 6.56390284348e-08, 2.79804392989e-08, 2.34046932945e-08, 3.20961355271e-08, 4.88824873912e-08, 3.41520127733e-08, 1.64524234236e-08, 4.35796865261e-09, 9.74107128293e-10, 1.09201077e-11, 2.38320214258e-12, 1.82258787056e-12, 1.44570948163e-16, 1.63217028538e-16]
        dvar2: [1.10284109861e-13, 3.19842041741e-09, 3.89671832579e-08, 1.65324877344e-07, 3.84113491236e-07, 6.05766786066e-07, 1.31039044504e-07, 3.59412553053e-08, 2.69034909905e-08, 3.20582138613e-08, 6.13236750269e-07, 2.46199363119e-08, 1.70784886677e-07, 1.8528999135e-07, 8.28945729836e-08, 6.06060339692e-08, 8.77011459011e-08, 1.39608275163e-07, 9.241870913e-08, 4.49520776158e-08, 1.17377352282e-08, 2.59875965192e-09, 2.86397554977e-11, 6.30529786369e-12, 4.86043020068e-12, 1.11803677121e-16, 1.17277018738e-16]
        max: [2.57547003457e-06, 0.000299206731142, 0.00104253820609, 0.00179341551848, 0.0046951007098, 0.00419459212571, 0.00229791551828, 0.000968533218838, 0.00105961447116, 0.00100182951428, 0.00487162778154, 0.00113684474491, 0.0020006254781, 0.00287975859828, 0.00180099660065, 0.00193577678874, 0.00180488685146, 0.00204832945019, 0.00140060484409, 0.00139040267095, 0.000628794776276, 0.000324216933222, 2.84129528154e-05, 1.36092494358e-05, 1.0180391655e-05, 2.84911578774e-07, 3.05247596089e-07]
        mean: [1.26947625745e-07, 2.77448580164e-05, 9.22508406802e-05, 0.0002122935839, 0.000698036747053, 0.000455574772786, 0.000341064267559, 0.0001405045914, 0.000153337692609, 0.000111050161649, 0.000477400608361, 0.000121002391097, 0.000258994055912, 0.000328062538756, 0.000201523012947, 0.000187600497156, 0.000259161461145, 0.000524445611518, 0.000246529962169, 9.952137043e-05, 3.67220309272e-05, 1.22903893498e-05, 1.55921225087e-06, 5.0671678764e-07, 4.20674496127e-07, 1.57323654104e-09, 9.38230604319e-10]
        min: [1.45892867232e-10, 5.81404606237e-07, 5.33325476226e-07, 6.43343355478e-07, 9.13077883524e-07, 6.86578778186e-06, 8.66899972607e-06, 3.78519484912e-06, 1.75005538949e-06, 2.12193140214e-06, 5.53625432076e-06, 5.22168193129e-06, 3.41218833455e-06, 2.46094759859e-06, 2.84897896563e-06, 1.96727114599e-06, 1.08515159809e-05, 1.62296400958e-05, 7.31265481591e-06, 1.17326999316e-06, 7.40254392895e-07, 3.07585537485e-07, 7.03572595739e-08, 1.75822911785e-09, 9.58520818273e-10, 2.1543068978e-12, 6.82973426078e-13]
        var: [9.81005370253e-14, 1.79947245993e-09, 1.8960500725e-08, 7.34306908612e-08, 3.45306204963e-07, 3.12757862275e-07, 1.43294613508e-07, 2.55276511041e-08, 2.83904721954e-08, 1.73305423345e-08, 4.2904662223e-07, 2.49661908924e-08, 9.74026264089e-08, 1.46061040596e-07, 6.54798881783e-08, 5.60235307034e-08, 9.18602012234e-08, 1.06142429956e-07, 8.61899778215e-08, 2.20891038794e-08, 5.13261788626e-09, 9.43918498919e-10, 1.12483338616e-11, 2.09513244427e-12, 1.35737753502e-12, 1.91468197837e-16, 2.16839349236e-16]
    mfcc:
        mean: [-735.400939941, 165.629653931, -84.0262832642, 51.8797988892, -17.4082241058, -6.43349218369, -7.74525880814, -2.74085617065, -17.1057815552, -16.0457420349, 0.645191073418, -12.6604013443, -7.81174278259]
        cov: [[2226.1953125, -1174.63793945, -241.009124756, -399.767120361, -74.9626464844, 42.8825378418, 44.0990180969, -357.042633057, 89.0358352661, 110.147277832, -194.199508667, 60.4109268188, 57.3241424561], [-1174.63793945, 972.01940918, -74.6871490479, 207.607070923, -12.2254123688, 43.711555481, -34.0162811279, 215.329742432, -73.6088104248, -13.4909725189, 111.942115784, -35.9035797119, -26.967048645], [-241.009124756, -74.6871490479, 558.327819824, 1.36799812317, 94.7958679199, -168.692565918, 54.2950172424, 15.5289869308, 50.7370033264, -80.6250152588, 83.8301620483, -16.3861141205, -21.3213939667], [-399.767120361, 207.607070923, 1.36799812317, 263.347259521, 39.3099975586, 21.8993167877, -73.115020752, 68.0321578979, -50.93957901, -27.5215778351, 24.9522380829, -10.2598590851, -19.6376438141], [-74.9626464844, -12.2254123688, 94.7958679199, 39.3099975586, 177.147827148, -20.4319496155, 29.6723957062, -20.2222557068, 19.9336471558, -54.7597427368, 4.70141220093, -23.6838054657, -3.15847992897], [42.8825378418, 43.711555481, -168.692565918, 21.8993167877, -20.4319496155, 159.384216309, 0.901186406612, -8.92289543152, -26.1414031982, 13.0642986298, -62.6809654236, 9.65990257263, 11.1631126404], [44.0990180969, -34.0162811279, 54.2950172424, -73.115020752, 29.6723957062, 0.901186406612, 123.953384399, -7.43687438965, 19.7570304871, 12.9690532684, 12.7139053345, -10.7603063583, 4.94324159622], [-357.042633057, 215.329742432, 15.5289869308, 68.0321578979, -20.2222557068, -8.92289543152, -7.43687438965, 119.874504089, 3.78099060059, 11.0541410446, 47.1738243103, -4.57470989227, -10.7565631866], [89.0358352661, -73.6088104248, 50.7370033264, -50.93957901, 19.9336471558, -26.1414031982, 19.7570304871, 3.78099060059, 86.2818222046, 9.14323139191, 9.35570144653, 8.61735343933, 3.32524108887], [110.147277832, -13.4909725189, -80.6250152588, -27.5215778351, -54.7597427368, 13.0642986298, 12.9690532684, 11.0541410446, 9.14323139191, 94.9077148438, 12.2730617523, 10.4216518402, 4.51349687576], [-194.199508667, 111.942115784, 83.8301620483, 24.9522380829, 4.70141220093, -62.6809654236, 12.7139053345, 47.1738243103, 9.35570144653, 12.2730617523, 95.3230361938, 3.09175276756, -4.68025588989], [60.4109268188, -35.9035797119, -16.3861141205, -10.2598590851, -23.6838054657, 9.65990257263, -10.7603063583, -4.57470989227, 8.61735343933, 10.4216518402, 3.09175276756, 46.6519966125, 14.8984680176], [57.3241424561, -26.967048645, -21.3213939667, -19.6376438141, -3.15847992897, 11.1631126404, 4.94324159622, -10.7565631866, 3.32524108887, 4.51349687576, -4.68025588989, 14.8984680176, 41.491191864]]
        icov: [[0.0024180712644, 0.00201748567633, 0.000967492582276, 0.000916596793104, 0.000400733813876, -7.40964969737e-05, 0.000208685029065, 0.00313610048033, -0.000957596348599, -0.00150992628187, 0.000103333994048, 5.3035611927e-05, -2.6329067623e-05], [0.00201748567633, 0.00415595714003, 0.00134641339537, 0.000770235667005, 0.000112860398076, -0.00154756696429, 0.000537879823241, -0.000939984514844, 0.000689909909852, 5.3324358305e-05, -0.00290912948549, 0.00165855174419, 0.000102633690403], [0.000967492582276, 0.00134641339537, 0.00416423333809, -0.000379942503059, 0.000108021748019, 0.00275541073643, -0.00197315169498, 0.000750335457269, -0.00141211110167, 0.0026926996652, -0.00162852194626, -0.000263272057055, 0.000926070904825], [0.000916596793104, 0.000770235667005, -0.000379942503059, 0.00870688818395, -0.00359666161239, -0.00289966166019, 0.00546609377488, -0.00308059900999, 0.00418459717184, -0.00102602632251, -0.00210594548844, -5.00101559737e-05, 0.00177307485137], [0.000400733813876, 0.000112860398076, 0.000108021748019, -0.00359666161239, 0.0102498428896, 0.000446088932222, -0.00369959813543, 0.0046055233106, -0.00483051687479, 0.00462923757732, -0.000786251970567, 0.00389290158637, -0.00143506971654], [-7.40964969737e-05, -0.00154756696429, 0.00275541073643, -0.00289966166019, 0.000446088932222, 0.0146150048822, -0.00492680957541, 0.000456927984487, 0.000345126987668, -0.000522297981661, 0.0101600699127, -0.00492220791057, -0.00110999145545], [0.000208685029065, 0.000537879823241, -0.00197315169498, 0.00546609377488, -0.00369959813543, -0.00492680957541, 0.0140218250453, -0.00139419920743, 0.00128142314497, -0.00346727645956, -0.00399625999853, 0.00400394480675, -0.000967701838817], [0.00313610048033, -0.000939984514844, 0.000750335457269, -0.00308059900999, 0.0046055233106, 0.000456927984487, -0.00139419920743, 0.0233656279743, -0.00745767215267, -0.0030650079716, -0.00253579788841, 0.00101670401637, 0.000715042813681], [-0.000957596348599, 0.000689909909852, -0.00141211110167, 0.00418459717184, -0.00483051687479, 0.000345126987668, 0.00128142314497, -0.00745767215267, 0.018321081996, -0.00229453900829, 2.38548855123e-05, -0.00384295755066, 0.000643577426672], [-0.00150992628187, 5.3324358305e-05, 0.0026926996652, -0.00102602632251, 0.00462923757732, -0.000522297981661, -0.00346727645956, -0.0030650079716, -0.00229453900829, 0.0187781192362, -0.00602320721373, 0.000579997373279, 0.000383762002457], [0.000103333994048, -0.00290912948549, -0.00162852194626, -0.00210594548844, -0.000786251970567, 0.0101600699127, -0.00399625999853, -0.00253579788841, 2.38548855123e-05, -0.00602320721373, 0.0255803260952, -0.00720691820607, -0.000715206784662], [5.3035611927e-05, 0.00165855174419, -0.000263272057055, -5.00101559737e-05, 0.00389290158637, -0.00492220791057, 0.00400394480675, 0.00101670401637, -0.00384295755066, 0.000579997373279, -0.00720691820607, 0.030585443601, -0.00929759535939], [-2.6329067623e-05, 0.000102633690403, 0.000926070904825, 0.00177307485137, -0.00143506971654, -0.00110999145545, -0.000967701838817, 0.000715042813681, 0.000643577426672, 0.000383762002457, -0.000715206784662, -0.00929759535939, 0.0291742607951]]
    spectral_contrast:
        mean: [2.39794211154e-08, 1.03069211832e-07, 1.23840266042e-07, 1.3824586631e-07, 1.38314220521e-07, -4.25708407192e-07, -7.92769128566e-07, -7.25235395294e-07, -2.42055011768e-06, -2.11487122215e-06, 6.89007819688e-08, 1.75560285243e-06]
        var: [0.000478204194224, 0.00061225774698, 0.000993903144263, 0.00217923498712, 0.00327827804722, 0.00444937497377, 0.0390921644866, 0.0922811105847, 0.175235256553, 0.204508334398, 0.391409337521, 1.77647268772]

rhythm:
    beats_loudness:
        dmean: 0.00179146544542
        dmean2: 0.00345247564837
        dvar: 1.9018407329e-06
        dvar2: 3.94953804062e-06
        max: 0.0102975415066
        mean: 0.00605804054067
        min: 0.00268225534819
        var: 3.14063959195e-06
    beats_loudness_bass:
        dmean: 0.118903636932
        dmean2: 0.236993983388
        dvar: 0.00710135651752
        dvar2: 0.0179329756647
        max: 0.352912396193
        mean: 0.0898080542684
        min: 0.00928935594857
        var: 0.00763894477859
    bpm: 99.5488739014
    bpm_confidence: 0
    first_peak_bpm: 100
    first_peak_spread: 0.0666666030884
    first_peak_weight: 0.933333396912
    onset_rate: 2.85387206078
    second_peak_bpm: 0
    second_peak_spread: 0
    second_peak_weight: 0
    beats_position: [0.487853914499, 1.09032642841, 1.69279885292, 2.29527139664, 2.89774394035, 3.50021648407, 4.10268878937, 4.70516109467, 5.30763339996, 5.91010570526, 6.53231859207, 7.13545131683, 7.73858356476, 8.34171581268, 8.94484710693, 9.54797935486]
    bpm_estimates: [99.7928619385, 99.5071563721, 99.8430709839, 99.4147872925, 99.5900726318, 99.6178512573, 99.4874038696, 99.5567016602, 99.4808731079, 99.6068878174, 99.5005493164, 99.4979858398, 99.3429107666, 99.4712219238, 99.550239563, 99.5214080811]
    bpm_intervals: [0.602472543716, 0.602472424507, 0.602472543716, 0.602472543716, 0.602472543716, 0.602472305298, 0.602472305298, 0.602472305298, 0.602472305298, 0.62221288681, 0.603132724762, 0.603132247925, 0.603132247925, 0.60313129425, 0.603132247925]
    onset_times: [0.0580498874187, 0.162539675832, 0.476009070873, 0.777868509293, 1.07972788811, 1.59056687355, 1.68344676495, 2.89088439941, 3.49460315704, 3.99383211136, 4.1099319458, 4.41179132462, 4.446621418, 4.7020406723, 4.80653047562, 5.05034017563, 5.31736946106, 5.61922883987, 5.89786863327, 6.03718805313, 6.22294807434, 6.52480745316, 7.17496585846, 7.74385499954, 8.13859367371, 8.34757328033, 8.95129299164, 9.25315189362, 10.1587305069]
    rubato_start: []
    rubato_stop: []
    perceptual_tempo: "unknown"

sfx:
    inharmonicity:
        dmean: 0.0485226772726
        dmean2: 0.0843558311462
        dvar: 0.00292953243479
        dvar2: 0.00813950505108
        max: 0.343580782413
        mean: 0.0557238720357
        min: 0
        var: 0.00335865421221
    oddtoevenharmonicenergyratio:
        dmean: 2.28470683098
        dmean2: 4.2696685791
        dvar: 39.6920661926
        dvar2: 114.230682373
        max: 79.6044845581
        mean: 1.66159999371
        min: 0
        var: 23.6145000458
    pitch_after_max_to_before_max_energy_ratio: 3.78857803345
    pitch_centroid: 284.180236816
    pitch_max_to_total: 0.405963301659
    pitch_min_to_total: 0.935779809952
    tristimulus:
        dmean: [0.194541051984, 0.244601085782, 0.121639631689]
        dmean2: [0.330580562353, 0.431779652834, 0.217643529177]
        dvar: [0.0284219197929, 0.0449878685176, 0.0142615735531]
        dvar2: [0.0798242464662, 0.132892012596, 0.0419132933021]
        max: [1, 0.971525609493, 0.698135435581]
        mean: [0.328002512455, 0.495436817408, 0.125385522842]
        min: [0.0140802320093, 0, 0]
        var: [0.0462861657143, 0.0565531291068, 0.0163655932993]

tonal:
    chords_changes_rate: 0.0776255726814
    chords_number_rate: 0.0273972600698
    chords_strength:
        dmean: 0.00672420300543
        dmean2: 0.00588604714721
        dvar: 3.05663452309e-05
        dvar2: 2.25301118917e-05
        max: 0.630313515663
        mean: 0.533459365368
        min: 0.321805179119
        var: 0.00390859041363
    key_strength: 0.617901921272
    tuning_diatonic_strength: 0.568687677383
    tuning_equal_tempered_deviation: 0.206261560321
    tuning_frequency: 441.017791748
    tuning_nontempered_energy_ratio: 0.898531317711
    hpcp:
        dmean: [0.15841075778, 0.108151704073, 0.0836301296949, 0.0686634629965, 0.0987721160054, 0.153698250651, 0.143373280764, 0.11962518096, 0.066077388823, 0.0607520826161, 0.07296679914, 0.099719800055, 0.103879086673, 0.105075724423, 0.116604462266, 0.109816193581, 0.0865291953087, 0.111369773746, 0.0950679183006, 0.120342776179, 0.138084679842, 0.106642834842, 0.0841276571155, 0.0539708174765, 0.0547142997384, 0.108613863587, 0.202924624085, 0.198921129107, 0.135034263134, 0.118782840669, 0.094786375761, 0.0852096602321, 0.0862742885947, 0.0807309895754, 0.129153132439, 0.168919548392]
        dmean2: [0.266199469566, 0.18851570785, 0.141988903284, 0.112590543926, 0.163500651717, 0.253107577562, 0.220991075039, 0.196756824851, 0.106539167464, 0.0975986495614, 0.121892049909, 0.170705273747, 0.169924005866, 0.186561614275, 0.187707558274, 0.178836077452, 0.151022657752, 0.180185183883, 0.16261869669, 0.205103695393, 0.240040302277, 0.178149908781, 0.145042061806, 0.091790407896, 0.091888487339, 0.176226720214, 0.346444368362, 0.335916101933, 0.230031117797, 0.194194480777, 0.155922353268, 0.143803402781, 0.136368080974, 0.134766474366, 0.216029405594, 0.28931120038]
        dvar: [0.0278003681451, 0.0193425677717, 0.016918592155, 0.00745916413143, 0.0154232596979, 0.0261683184654, 0.0281010791659, 0.0176034774631, 0.00988743267953, 0.00769176566973, 0.0142459804192, 0.0195139627904, 0.0205482318997, 0.0242341328412, 0.0254812240601, 0.0218553133309, 0.0118834413588, 0.0234327018261, 0.0203109644353, 0.0229066219181, 0.0316616035998, 0.0210121776909, 0.0134442895651, 0.00545986043289, 0.00526059418917, 0.0119375502691, 0.0324088260531, 0.0314247198403, 0.0161889139563, 0.021844195202, 0.0190519262105, 0.0155359134078, 0.0139706600457, 0.00832732580602, 0.0155977578834, 0.0364214144647]
        dvar2: [0.074457809329, 0.0516040325165, 0.0386657677591, 0.0169197265059, 0.0405342131853, 0.0493512116373, 0.0517269000411, 0.0462364852428, 0.0208099354059, 0.0199175234884, 0.0369796082377, 0.0448054485023, 0.0499596074224, 0.0693635344505, 0.0681145042181, 0.0541041940451, 0.0315471589565, 0.0548389106989, 0.0445167347789, 0.0677208453417, 0.0867046639323, 0.0477853603661, 0.0387289039791, 0.0144065422937, 0.0143577540293, 0.0324944742024, 0.0869178324938, 0.0736962482333, 0.0438439287245, 0.0509898401797, 0.049251254648, 0.03944465518, 0.035109937191, 0.0210227631032, 0.0443491898477, 0.0873807221651]
        max: [1, 0.964236497879, 1, 0.49054557085, 0.831082940102, 1, 1, 0.942548811436, 1, 0.801291823387, 0.797099530697, 1, 1, 1, 1, 1, 0.66361695528, 1, 1, 0.969562590122, 1, 1, 1, 0.468431919813, 0.430565953255, 0.906424164772, 1, 1, 0.853257656097, 1, 0.907422244549, 0.691265404224, 0.812743067741, 0.705567240715, 1, 1]
        mean: [0.309750139713, 0.148676693439, 0.100050345063, 0.0829951614141, 0.150542423129, 0.470221489668, 0.564135432243, 0.260475099087, 0.104682654142, 0.0862176269293, 0.0946898981929, 0.153014138341, 0.158418491483, 0.13997605443, 0.195259645581, 0.184695452452, 0.13689814508, 0.16669100523, 0.151607066393, 0.157523497939, 0.268684566021, 0.268793612719, 0.140720233321, 0.0752767920494, 0.0775977447629, 0.224331110716, 0.564910411835, 0.523189246655, 0.288415372372, 0.238300636411, 0.144476771355, 0.126460075378, 0.145656198263, 0.143982633948, 0.256928771734, 0.402603507042]
        min: [0.0049491901882, 0.00394083047286, 0.00120324047748, 0.00177429534961, 0.0024937109556, 0.0106759695336, 0.00876188836992, 0.00573361944407, 0.0011890308233, 0.00110166426748, 0.00456045102328, 0.00311812246218, 0.00409682746977, 0.00292018521577, 0.0012160477927, 0.0022182224784, 0.00372146884911, 0.00457047345117, 0.00517007475719, 0.00346826878376, 0.00488731218502, 0.00625501712784, 0.00599341187626, 0.00317179155536, 0.00240304414183, 0.0099016148597, 0.0307158827782, 0.0366472005844, 0.009346623905, 0.00491470517591, 0.00948081351817, 0.000972389301751, 0.00316104362719, 0.00371498730965, 0.00910060852766, 0.00579919945449]
        var: [0.0727329328656, 0.0242748949677, 0.0172616243362, 0.00893530063331, 0.0213643945754, 0.0963913649321, 0.130286723375, 0.035804130137, 0.0243547819555, 0.0117749646306, 0.0169658381492, 0.0316736623645, 0.0354017540812, 0.0281317848712, 0.0511023141444, 0.0522744394839, 0.0167864449322, 0.0350449718535, 0.0289928764105, 0.0315113477409, 0.0862037539482, 0.0931346341968, 0.0192771200091, 0.00615908531472, 0.00617939513177, 0.0236616246402, 0.0850452333689, 0.0818118974566, 0.029920950532, 0.0379379577935, 0.0197821520269, 0.0181750841439, 0.0212750174105, 0.0164284911007, 0.0445928648114, 0.105176582932]
    chords_histogram: [8.21917819977, 2.28310513496, 0, 26.9406394958, 5.02283096313, 0, 0, 0, 0, 0, 2.28310513496, 0, 0, 0, 0, 0, 0, 54.3378982544, 0.91324198246, 0, 0, 0, 0, 0]
    thpcp: [1, 0.926145493984, 0.510550618172, 0.421837925911, 0.255751639605, 0.223858639598, 0.257839471102, 0.254876941442, 0.454813301563, 0.712685585022, 0.54831725359, 0.263186335564, 0.177108332515, 0.146917387843, 0.266489028931, 0.832382380962, 0.998628139496, 0.46109098196, 0.185308411717, 0.152621775866, 0.16761931777, 0.27086442709, 0.280431181192, 0.247784525156, 0.345647096634, 0.326946437359, 0.242336034775, 0.295075118542, 0.268373638391, 0.278846859932, 0.475623309612, 0.475816369057, 0.249101862311, 0.133254393935, 0.137362927198, 0.397109180689]
    chords_key: "B"
    chords_scale: "minor"
    key_key: "B"
    key_scale: "major"
    chords_progression: ["A#m", "A#m", "A#m", "A#m", "A#m", "A#m", "A#m", "A#m", "A#m", "A#m", "A#m", "A#m", "A#m", "A#m", "A#m", "A#m", "A#m", "A#m", "A#m", "A#m", "A#m", "A#m", "A#m", "A#m", "A#m", "A#m", "A#m", "A#m", "Bm", "Bm", "A#m", "Bm", "A#m", "A#m", "A#m", "A#m", "A#m", "A#m", "A#m", "A#m", "A#m", "A#m", "A#m", "A#m", "A#m", "A#m", "A#m", "A#m", "A#m", "A#m", "A#m", "A#m", "A#m", "A#m", "A#m", "A#m", "A#m", "A#m", "Bm", "A#m", "A#m", "Bm", "Bm", "Bm", "Bm", "Bm", "Bm", "Bm", "Bm", "Bm", "Bm", "Bm", "Bm", "Bm", "Bm", "Bm", "Bm", "Bm", "Bm", "Bm", "Bm", "Bm", "Bm", "Bm", "Bm", "Bm", "Bm", "Bm", "Bm", "Bm", "Bm", "Bm", "Bm", "Bm", "Bm", "Bm", "Bm", "Bm", "Bm", "Bm", "Bm", "Bm", "Bm", "Bm", "Bm", "Bm", "D#m", "D#m", "D#m", "D#m", "D#m", "A#m", "A#m", "Bm", "Bm", "Bm", "Bm", "Bm", "Bm", "Bm", "Bm", "Bm", "Bm", "Bm", "Bm", "Bm", "B", "B", "B", "Bm", "Bm", "Bm", "Bm", "Bm", "Bm", "Bm", "Bm", "Bm", "Bm", "Bm", "Bm", "Bm", "Bm", "Bm", "Bm", "Bm", "Bm", "Bm", "Bm", "Bm", "Bm", "Bm", "Bm", "Bm", "Bm", "Bm", "Bm", "Bm", "Bm", "Bm", "Bm", "C#", "C#", "C#", "C#", "C#", "C#", "C#", "C#", "C#", "C#", "C#", "A#", "A#", "A#", "A#", "A#", "B", "B", "B", "B", "B", "B", "B", "B", "B", "B", "B", "B", "B", "B", "B", "Bm", "Bm", "Bm", "Bm", "Bm", "Bm", "Bm", "Bm", "Bm", "Bm", "Bm", "Bm", "Bm", "Bm", "Bm", "Bm", "Bm", "Bm", "Bm", "Bm", "Bm", "Bm", "Bm", "Bm", "Bm", "D", "D"]
