
metadata:
    version:
        essentia: "1.2.2"
    audio_properties:
        analysis_sample_rate: 44100
        bitrate: 128
        channels: 2
        equal_loudness: 1
        length: 10.0048980713
        replay_gain: -8.97843933105
        downmix: "mix"
    tags:
        track: 14
        year: 0
        album: "Splitted by Mp3Splt v. 2.1"
        artist: "From 002.10 To 002.20"
        comment: "http://mp3splt.sf.net"
        genre: ""
        title: "02 Small Song IV.mp3"

highlevel:
    ballroom:
        all:
            ChaChaCha: 0.00167209922802
            Jive: 0.00646583922207
            Quickstep: 0.02400184609
            Rumba-American: 0.00715570570901
            Rumba-International: 0.693031251431
            Rumba-Misc: 0.087915353477
            Samba: 0.0125940507278
            Tango: 0.00156597385649
            VienneseWaltz: 0.0464487634599
            Waltz: 0.11914908886
        probability: 0.693031251431
        value: "Rumba-International"
    culture:
        all:
            non_western: 0.472822397947
            western: 0.527177631855
        probability: 0.527177631855
        value: "western"
    gender:
        all:
            female: 0.520277559757
            male: 0.479722440243
        probability: 0.520277559757
        value: "female"
    genre_dortmund:
        all:
            alternative: 0.169691696763
            blues: 0.00702050561085
            electronic: 0.489426255226
            folkcountry: 0.0911885201931
            funksoulrnb: 0.00876346416771
            jazz: 0.156187310815
            pop: 0.0509512200952
            raphiphop: 0.00113829923794
            rock: 0.0256327353418
        probability: 0.489426255226
        value: "electronic"
    genre_electronica:
        all:
            ambient: 0.834591329098
            dnb: 0.012733801268
            house: 0.112697102129
            techno: 0.0233190450817
            trance: 0.0166587159038
        probability: 0.834591329098
        value: "ambient"
    genre_rosamerica:
        all:
            cla: 0.122023820877
            dan: 0.0479658357799
            hip: 0.0169076211751
            jaz: 0.504654526711
            pop: 0.112935349345
            rhy: 0.0703460797668
            roc: 0.109595134854
            spe: 0.0155716212466
        probability: 0.504654526711
        value: "jaz"
    genre_tzanetakis:
        all:
            blu: 0.209404960275
            cla: 0.0872232541442
            cou: 0.0519006997347
            dis: 0.026948383078
            hip: 0.0193055886775
            jaz: 0.085595689714
            met: 0.0206161141396
            pop: 0.0888929441571
            reg: 0.0529648773372
            roc: 0.357147485018
        probability: 0.357147485018
        value: "roc"
    live_studio:
        all:
            live: 0.743367493153
            studio: 0.25663253665
        probability: 0.743367493153
        value: "live"
    mood:
        all:
            Cluster1: 0.198195770383
            Cluster2: 0.161656036973
            Cluster3: 0.552007555962
            Cluster4: 0.0628115832806
            Cluster5: 0.0253290608525
        probability: 0.552007555962
        value: "Cluster3"
    mood_acoustic:
        all:
            acoustic: 0.521880030632
            not_acoustic: 0.478119939566
        probability: 0.521880030632
        value: "acoustic"
    mood_aggressive:
        all:
            aggressive: 0.00533148180693
            not_aggressive: 0.994668543339
        probability: 0.994668543339
        value: "not_aggressive"
    mood_electronic:
        all:
            electronic: 0.767588198185
            not_electronic: 0.232411772013
        probability: 0.767588198185
        value: "electronic"
    mood_happy:
        all:
            happy: 0.0321200825274
            not_happy: 0.967879891396
        probability: 0.967879891396
        value: "not_happy"
    mood_party:
        all:
            not_party: 0.960370838642
            party: 0.0396291427314
        probability: 0.960370838642
        value: "not_party"
    mood_relaxed:
        all:
            not_relaxed: 0.0955168455839
            relaxed: 0.904483139515
        probability: 0.904483139515
        value: "relaxed"
    mood_sad:
        all:
            not_sad: 0.130822390318
            sad: 0.869177639484
        probability: 0.869177639484
        value: "sad"
    rhythm:
        all:
            fast: 0.0540903285146
            medium: 0.383923858404
            slow: 0.56198579073
        probability: 0.56198579073
        value: "slow"
    speech_music:
        all:
            music: 0.997569918633
            speech: 0.00243009161204
        probability: 0.997569918633
        value: "music"
    timbre:
        all:
            bright: 0.257939428091
            dark: 0.742060542107
        probability: 0.742060542107
        value: "dark"
    voice_instrumental:
        all:
            instrumental: 0.99129909277
            voice: 0.00870088487864
        probability: 0.99129909277
        value: "instrumental"

lowlevel:
    average_loudness: 0.90185624361
    barkbands_kurtosis:
        dmean: 7.05694293976
        dmean2: 10.7937917709
        dvar: 60.3251304626
        dvar2: 150.06652832
        max: 73.3687896729
        mean: 16.5863685608
        min: -1.90764594078
        var: 218.806625366
    barkbands_skewness:
        dmean: 0.733171403408
        dmean2: 1.09526407719
        dvar: 0.428567618132
        dvar2: 1.02270746231
        max: 6.84266090393
        mean: 3.13811540604
        min: -0.538472056389
        var: 2.11901736259
    barkbands_spread:
        dmean: 4.37402486801
        dmean2: 6.19715738297
        dvar: 34.8399162292
        dvar2: 53.6022911072
        max: 66.8102340698
        mean: 14.9760665894
        min: 1.12014555931
        var: 260.977081299
    dissonance:
        dmean: 0.0358177423477
        dmean2: 0.058758828789
        dvar: 0.00101758167148
        dvar2: 0.00284892437048
        max: 0.495509982109
        mean: 0.404482483864
        min: 0.22737929225
        var: 0.00285684340633
    hfc:
        dmean: 0.617559909821
        dmean2: 0.937240302563
        dvar: 0.463400930166
        dvar2: 1.01379668713
        max: 6.35335445404
        mean: 1.90065836906
        min: 0.136729195714
        var: 1.59148073196
    pitch:
        dmean: 519.482421875
        dmean2: 1009.9317627
        dvar: 1792718.625
        dvar2: 4146269.25
        max: 4900
        mean: 1225.41821289
        min: 54.2435417175
        var: 3597938.75
    pitch_instantaneous_confidence:
        dmean: 0.0972034335136
        dmean2: 0.159734755754
        dvar: 0.00598675664514
        dvar2: 0.0160749126226
        max: 0.869285941124
        mean: 0.515104174614
        min: 0.180109381676
        var: 0.0160191226751
    pitch_salience:
        dmean: 0.0693715289235
        dmean2: 0.116563759744
        dvar: 0.00445014610887
        dvar2: 0.0121174603701
        max: 0.798417627811
        mean: 0.58447510004
        min: 0.230484858155
        var: 0.00801301933825
    silence_rate_20dB:
        dmean: 0
        dmean2: 0
        dvar: 0
        dvar2: 0
        max: 1
        mean: 1
        min: 1
        var: 0
    silence_rate_30dB:
        dmean: 0
        dmean2: 0
        dvar: 0
        dvar2: 0
        max: 1
        mean: 1
        min: 1
        var: 0
    silence_rate_60dB:
        dmean: 0.0604651160538
        dmean2: 0.118881121278
        dvar: 0.0568091906607
        dvar2: 0.12805865705
        max: 1
        mean: 0.46171694994
        min: 0
        var: 0.248534888029
    spectral_centroid:
        dmean: 128.923049927
        dmean2: 179.525863647
        dvar: 42084.0273438
        dvar2: 69557.2421875
        max: 3086.34936523
        mean: 597.29486084
        min: 210.915054321
        var: 213026.4375
    spectral_complexity:
        dmean: 1.24766349792
        dmean2: 2.15925049782
        dvar: 1.51810193062
        dvar2: 4.19478559494
        max: 11
        mean: 4.90209770203
        min: 2
        var: 3.06267261505
    spectral_crest:
        dmean: 2.40263986588
        dmean2: 3.9595477581
        dvar: 4.43696737289
        dvar2: 11.8266038895
        max: 23.0392360687
        mean: 14.8060188293
        min: 6.86443805695
        var: 10.2899627686
    spectral_decrease:
        dmean: 3.24157228837e-10
        dmean2: 5.26063970163e-10
        dvar: 1.54318685831e-19
        dvar2: 4.27726978041e-19
        max: -8.98015897755e-11
        mean: -9.96178584067e-10
        min: -3.81135878413e-09
        var: 5.17945292706e-19
    spectral_energy:
        dmean: 0.00126819452271
        dmean2: 0.0020527751185
        dvar: 2.32625507124e-06
        dvar2: 6.46501030133e-06
        max: 0.014815424569
        mean: 0.00393220130354
        min: 0.000351500959368
        var: 7.74473119236e-06
    spectral_energyband_high:
        dmean: 4.82292562083e-05
        dmean2: 6.28900525044e-05
        dvar: 9.09114028502e-09
        dvar2: 1.41292400002e-08
        max: 0.00099040614441
        mean: 0.000120471835544
        min: 4.21234403802e-07
        var: 3.5402546672e-08
    spectral_energyband_low:
        dmean: 0.000117035422591
        dmean2: 0.000197175118956
        dvar: 2.31619381452e-08
        dvar2: 5.43616138771e-08
        max: 0.00165142456535
        mean: 0.000236973472056
        min: 2.77647882285e-06
        var: 9.21661467146e-08
    spectral_energyband_middle_high:
        dmean: 9.56315634539e-05
        dmean2: 0.000164798751939
        dvar: 2.19689635372e-08
        dvar2: 6.2212009766e-08
        max: 0.000966218824033
        mean: 0.000169046907104
        min: 8.10193523648e-06
        var: 2.63611301676e-08
    spectral_energyband_middle_low:
        dmean: 0.00120700406842
        dmean2: 0.00196494790725
        dvar: 2.15278078031e-06
        dvar2: 5.92019523538e-06
        max: 0.0144142247736
        mean: 0.00340570556
        min: 0.000283722125459
        var: 7.09177220415e-06
    spectral_flatness_db:
        dmean: 0.0223952792585
        dmean2: 0.0336240753531
        dvar: 0.000338154059136
        dvar2: 0.000756309542339
        max: 0.387983173132
        mean: 0.252964675426
        min: 0.151962429285
        var: 0.00218602456152
    spectral_flux:
        dmean: 0.00808944087476
        dmean2: 0.0134958038107
        dvar: 6.46799526294e-05
        dvar2: 0.00016028326354
        max: 0.0828072652221
        mean: 0.0262404438108
        min: 0.00270202918909
        var: 0.000209715770325
    spectral_kurtosis:
        dmean: 3.13424682617
        dmean2: 4.93148565292
        dvar: 21.3255348206
        dvar2: 57.4562225342
        max: 51.4755477905
        mean: 6.91689825058
        min: -0.792665719986
        var: 88.7637481689
    spectral_rms:
        dmean: 0.000285563670332
        dmean2: 0.000449704821222
        dvar: 8.31820514691e-08
        dvar2: 2.25205468496e-07
        max: 0.00380185130052
        mean: 0.00183391477913
        min: 0.000585600326303
        var: 4.73047833793e-07
    spectral_rolloff:
        dmean: 373.661224365
        dmean2: 650.332763672
        dvar: 810941.4375
        dvar2: 1607182.5
        max: 5060.30273438
        mean: 1041.02270508
        min: 236.865234375
        var: 2122620
    spectral_skewness:
        dmean: 0.357824802399
        dmean2: 0.500495433807
        dvar: 0.128593206406
        dvar2: 0.281782120466
        max: 5.58785009384
        mean: 1.83694183826
        min: -0.0381659679115
        var: 1.53257286549
    spectral_spread:
        dmean: 447018.3125
        dmean2: 683466.625
        dvar: 390675333120
        dvar2: 536592809984
        max: 13956750
        mean: 4303483.5
        min: 1331583.625
        var: 1.82046687232e+12
    spectral_strongpeak:
        dmean: 0.141931086779
        dmean2: 0.246512189507
        dvar: 0.0259147826582
        dvar2: 0.0686830356717
        max: 1.48196196556
        mean: 0.366593658924
        min: 0.0418049395084
        var: 0.0646689012647
    zerocrossingrate:
        dmean: 0.00789578165859
        dmean2: 0.00855121109635
        dvar: 8.69406212587e-05
        dvar2: 8.99673759704e-05
        max: 0.16748046875
        mean: 0.0441581532359
        min: 0.00830078125
        var: 0.00103047303855
    barkbands:
        dmean: [1.29000440552e-07, 5.32576850674e-05, 8.49613716127e-05, 0.000123484613141, 0.000853774196003, 0.000392832356738, 0.000144585952512, 1.76358989847e-05, 2.21824302571e-05, 1.1721563169e-05, 4.2294661398e-05, 1.87283858395e-05, 5.27171323483e-06, 5.40344490219e-06, 4.96972461406e-06, 6.78437754686e-06, 7.07255776433e-06, 6.43405292067e-06, 8.3169543359e-06, 1.26014856505e-05, 3.62298269465e-05, 1.16041446745e-05, 1.09471181986e-06, 1.00868057018e-07, 2.61463881657e-08, 5.65987756662e-10, 4.08029693366e-10]
        dmean2: [2.13366931234e-07, 8.97878780961e-05, 0.000141563024954, 0.000190300866961, 0.00140773807652, 0.000635606062133, 0.000235474042711, 3.13366290356e-05, 3.85320818168e-05, 1.92540665012e-05, 7.66667435528e-05, 3.31568990077e-05, 8.89284820005e-06, 9.25281437958e-06, 8.56321184983e-06, 1.13437081382e-05, 1.15467328214e-05, 1.01034202089e-05, 1.30174912556e-05, 1.81281084224e-05, 5.02516631968e-05, 1.76800058398e-05, 1.57840077009e-06, 1.38856023568e-07, 3.92941750249e-08, 7.81493592061e-10, 5.24205678865e-10]
        dvar: [8.0692769903e-14, 4.00254140942e-09, 1.67002589535e-08, 2.80664149699e-08, 1.10772407425e-06, 4.20812568791e-07, 1.80971966302e-07, 1.3064025417e-09, 1.41309819401e-09, 6.36202313054e-10, 7.37564764819e-09, 2.14169615376e-09, 6.37585401142e-11, 9.92065180005e-11, 1.36281819163e-10, 3.32474991982e-10, 5.28871335614e-10, 2.48197434827e-10, 2.90505924871e-10, 4.59584648116e-10, 5.59694113278e-09, 5.99710003879e-10, 3.52686239588e-12, 2.85216627063e-14, 1.45441613329e-15, 2.55477461883e-17, 2.97662035306e-17]
        dvar2: [2.00986769545e-13, 1.02086605835e-08, 4.22268975342e-08, 6.57517276181e-08, 3.13435157295e-06, 1.04527282474e-06, 4.32655838267e-07, 3.92496035673e-09, 4.1535757056e-09, 1.78569126152e-09, 2.28504148936e-08, 5.99183591632e-09, 1.75196357421e-10, 2.68171873596e-10, 3.70758479473e-10, 8.82890427434e-10, 1.36071576229e-09, 6.47806919218e-10, 7.39574956832e-10, 8.96390628391e-10, 1.00371018164e-08, 1.41313816204e-09, 7.17403914052e-12, 5.82466542988e-14, 2.88078234702e-15, 2.57380821016e-17, 2.97171814987e-17]
        max: [4.22220409746e-06, 0.000587826187257, 0.00158171728253, 0.00253210915253, 0.00937382224947, 0.00776006281376, 0.00578771578148, 0.000288256676868, 0.000275190541288, 0.00038512822357, 0.000522944494151, 0.000498107052408, 8.21697103675e-05, 9.35405041673e-05, 0.000121475095511, 0.000222337446758, 0.000255019578617, 0.000157820002642, 0.00021316386119, 0.000275033933576, 0.000720505660865, 0.000307591981255, 2.11502829188e-05, 1.5821319721e-06, 3.82155548095e-07, 1.04985659277e-07, 1.13442474969e-07]
        mean: [1.36700307962e-07, 7.33232300263e-05, 0.000163518285262, 0.000230469013331, 0.00177995313425, 0.0010056613246, 0.000328320486005, 2.42555561272e-05, 3.09514980472e-05, 2.25645781029e-05, 5.5692580645e-05, 2.2482512577e-05, 7.95782943896e-06, 8.79469462234e-06, 6.38916071694e-06, 7.99301960797e-06, 8.19943124952e-06, 1.07627292891e-05, 1.42130202221e-05, 2.63719248323e-05, 7.90743142716e-05, 2.2261057893e-05, 2.55869372268e-06, 2.27619011639e-07, 6.97287774187e-08, 9.68186752992e-10, 3.86413540054e-10]
        min: [7.47632900033e-10, 5.93448135078e-07, 3.14508469046e-07, 1.15746706797e-06, 0.000136316404678, 6.06643880019e-06, 1.78670575224e-06, 3.75766859406e-07, 1.31039911366e-07, 1.39465697657e-07, 1.02451804196e-06, 2.63950767021e-07, 1.73872507503e-07, 6.53729941291e-08, 4.11178611159e-08, 1.04570787585e-07, 7.95142227616e-08, 1.03216336811e-07, 7.80514000098e-08, 9.85107533324e-08, 1.84004775861e-07, 9.85531727338e-08, 1.24634897958e-08, 1.06841080427e-09, 3.96030319649e-10, 1.47887448815e-11, 1.01632417082e-14]
        var: [9.14579623514e-14, 6.69125599373e-09, 7.05133800238e-08, 8.50001313779e-08, 2.03813101507e-06, 1.74922479346e-06, 8.09950904568e-07, 1.03856934164e-09, 1.60075430689e-09, 1.48672996136e-09, 7.04304792265e-09, 1.90807503131e-09, 7.47297848602e-11, 1.58835763986e-10, 1.24045593242e-10, 2.55565513196e-10, 4.25727536557e-10, 2.59758187182e-10, 4.44761533158e-10, 1.65593561086e-09, 1.70993370574e-08, 1.36697464459e-09, 1.27233978561e-11, 8.56986736349e-14, 5.59018832947e-15, 2.6204368776e-17, 2.99039489549e-17]
    mfcc:
        mean: [-806.992980957, 151.070922852, 1.7594127655, 68.0007553101, -34.5376739502, 20.0800209045, -10.05560112, -11.5513973236, -13.4065093994, -27.4015388489, -15.1153497696, -4.35874938965, -3.4048602581]
        cov: [[2263.17016602, -802.274597168, -398.359039307, 33.5055160522, -65.7666549683, -196.334472656, -24.0186233521, -96.8672485352, 18.7489891052, 34.811504364, 38.8592529297, -58.8142738342, -55.9927520752], [-802.274597168, 1665.67480469, -177.006164551, -559.879089355, 399.774383545, -91.720199585, -103.734588623, -74.5854110718, 114.507362366, -78.6825561523, 22.4818649292, -42.4623031616, -25.5232048035], [-398.359039307, -177.006164551, 264.168151855, 138.409866333, -72.504447937, 86.6100540161, 46.4304733276, 29.8169288635, -31.2089424133, 22.3647441864, -3.22388577461, 24.6226673126, 14.3170204163], [33.5055160522, -559.879089355, 138.409866333, 414.842895508, -84.4439239502, 108.845596313, 50.1049880981, 123.094291687, -6.15678882599, 56.6840629578, -14.0474843979, 32.1471176147, -0.639512956142], [-65.7666549683, 399.774383545, -72.504447937, -84.4439239502, 225.017868042, -32.6152191162, -26.16796875, -7.14175605774, 56.4403648376, -15.4024600983, 21.1053657532, -1.11747944355, -15.9667844772], [-196.334472656, -91.720199585, 86.6100540161, 108.845596313, -32.6152191162, 133.058578491, 20.2663593292, 46.7708091736, -24.1943397522, 18.6458244324, -13.4909133911, 16.4140472412, 4.65658044815], [-24.0186233521, -103.734588623, 46.4304733276, 50.1049880981, -26.16796875, 20.2663593292, 69.1303939819, 25.5411777496, -13.1744699478, 6.82739067078, 4.92856645584, 14.52917099, 10.7869606018], [-96.8672485352, -74.5854110718, 29.8169288635, 123.094291687, -7.14175605774, 46.7708091736, 25.5411777496, 102.883476257, 22.9337368011, 24.0066890717, -12.9908485413, 12.7272834778, -3.06478619576], [18.7489891052, 114.507362366, -31.2089424133, -6.15678882599, 56.4403648376, -24.1943397522, -13.1744699478, 22.9337368011, 77.0640640259, 21.7496128082, 12.9714813232, -5.1396651268, -14.21022892], [34.811504364, -78.6825561523, 22.3647441864, 56.6840629578, -15.4024600983, 18.6458244324, 6.82739067078, 24.0066890717, 21.7496128082, 60.2518997192, 18.385017395, 3.14141178131, -0.566223502159], [38.8592529297, 22.4818649292, -3.22388577461, -14.0474843979, 21.1053657532, -13.4909133911, 4.92856645584, -12.9908485413, 12.9714813232, 18.385017395, 50.9120635986, 14.7539758682, 7.64244794846], [-58.8142738342, -42.4623031616, 24.6226673126, 32.1471176147, -1.11747944355, 16.4140472412, 14.52917099, 12.7272834778, -5.1396651268, 3.14141178131, 14.7539758682, 45.4260368347, 24.8923454285], [-55.9927520752, -25.5232048035, 14.3170204163, -0.639512956142, -15.9667844772, 4.65658044815, 10.7869606018, -3.06478619576, -14.21022892, -0.566223502159, 7.64244794846, 24.8923454285, 65.8128356934]]
        icov: [[0.00151259626728, 0.00142740528099, 0.00242178258486, 0.000331986229867, -0.000909289403353, 0.000528438307811, -0.000518900807947, 0.0012718392536, -0.000597550533712, -0.00069328409154, -0.000687047431711, 0.00115522311535, 0.000710997264832], [0.00142740528099, 0.004075136967, 0.00123167946003, 0.00439188349992, -0.00421298248693, -0.000918603385799, 0.000983013305813, -0.00146663433407, -0.00193890940864, 0.00045096204849, -0.000881756248418, 0.00208847946487, 0.000280725391349], [0.00242178258486, 0.00123167946003, 0.0101665286347, -0.00225440459326, 0.000636808457784, -0.00137415679637, -0.00385524518788, 0.00504970457405, -0.000604069093242, -0.00199051410891, -0.000747469486669, 0.000337448145729, 0.00123491790146], [0.000331986229867, 0.00439188349992, -0.00225440459326, 0.0112649630755, -0.00440111663193, -0.00269601610489, 0.00211640633643, -0.00841755326837, -0.000953136186581, -0.00105914950836, 8.39187487145e-05, -0.000173558146344, 0.000810694124084], [-0.000909289403353, -0.00421298248693, 0.000636808457784, -0.00440111663193, 0.0115400888026, 0.000179050053703, -0.000665183470119, 0.00215871096589, -0.00322897685692, 0.00308332731947, -0.00234489399008, -0.00295307138003, 0.00112641241867], [0.000528438307811, -0.000918603385799, -0.00137415679637, -0.00269601610489, 0.000179050053703, 0.0141056934372, 0.000508596247528, -0.00275577395223, 0.00663794251159, -0.00480453902856, 0.00265363347717, -0.00244561675936, 0.00120855332352], [-0.000518900807947, 0.000983013305813, -0.00385524518788, 0.00211640633643, -0.000665183470119, 0.000508596247528, 0.0208794511855, -0.00839761458337, 0.00394511176273, 0.00167917239014, -0.00452898908406, -0.00112045602873, -0.0013956661569], [0.0012718392536, -0.00146663433407, 0.00504970457405, -0.00841755326837, 0.00215871096589, -0.00275577395223, -0.00839761458337, 0.0264751780778, -0.0088544851169, -0.00390607328154, 0.00834826938808, -0.00440422445536, 0.00141189259011], [-0.000597550533712, -0.00193890940864, -0.000604069093242, -0.000953136186581, -0.00322897685692, 0.00663794251159, 0.00394511176273, -0.0088544851169, 0.0271099302918, -0.00993832759559, -0.00231118197553, 0.000309007038595, 0.00246936734766], [-0.00069328409154, 0.00045096204849, -0.00199051410891, -0.00105914950836, 0.00308332731947, -0.00480453902856, 0.00167917239014, -0.00390607328154, -0.00993832759559, 0.0303977616131, -0.0136926863343, 0.00599640700966, -0.00192366540432], [-0.000687047431711, -0.000881756248418, -0.000747469486669, 8.39187487145e-05, -0.00234489399008, 0.00265363347717, -0.00452898908406, 0.00834826938808, -0.00231118197553, -0.0136926863343, 0.0342885814607, -0.0138674890622, 0.000257894542301], [0.00115522311535, 0.00208847946487, 0.000337448145729, -0.000173558146344, -0.00295307138003, -0.00244561675936, -0.00112045602873, -0.00440422445536, 0.000309007038595, 0.00599640700966, -0.0138674890622, 0.0382853783667, -0.0115991486236], [0.000710997264832, 0.000280725391349, 0.00123491790146, 0.000810694124084, 0.00112641241867, 0.00120855332352, -0.0013956661569, 0.00141189259011, 0.00246936734766, -0.00192366540432, 0.000257894542301, -0.0115991486236, 0.0210037082434]]
    spectral_contrast:
        mean: [2.25592813763e-07, -4.7586894425e-07, 2.99968377249e-07, 2.06862154073e-07, 6.28175982342e-08, 5.04312254179e-07, -4.7103648626e-07, -1.10456164748e-06, -3.51792436959e-07, -6.30781073596e-07, -3.45852811279e-07, -2.08713504435e-06]
        var: [0.000376666372176, 0.00050893885782, 0.000875521101989, 0.00147006800398, 0.00231604231521, 0.00440651830286, 0.0536720044911, 0.0726989582181, 0.0977627336979, 0.29316920042, 0.725424766541, 1.67719388008]

rhythm:
    beats_loudness:
        dmean: 0.00188159907702
        dmean2: 0.00304039637558
        dvar: 3.02553985421e-06
        dvar2: 6.56034990243e-06
        max: 0.00887661986053
        mean: 0.00369908451103
        min: 0.000557842955459
        var: 5.9644544308e-06
    beats_loudness_bass:
        dmean: 0.0655197426677
        dmean2: 0.105717085302
        dvar: 0.00397349242121
        dvar2: 0.00942969787866
        max: 0.353600859642
        mean: 0.0978766158223
        min: 0.00790220033377
        var: 0.00844126660377
    bpm: 121.072547913
    bpm_confidence: 0
    first_peak_bpm: 196
    first_peak_spread: 0
    first_peak_weight: 0.5
    onset_rate: 3.59823775291
    second_peak_bpm: 121
    second_peak_spread: 0
    second_peak_weight: 0.5
    beats_position: [0.0999546721578, 0.595545828342, 1.09113693237, 1.58672809601, 2.08231925964, 2.57791042328, 3.07350158691, 3.56909251213, 4.06468343735, 4.56027460098, 5.05586528778, 5.55145645142, 6.04228448868, 6.3487610817, 6.65523815155, 6.96171474457, 7.26819133759, 7.57466888428, 7.88114547729, 8.18762207031, 8.494099617, 8.80057621002, 9.10705375671, 9.41353034973, 9.72000694275]
    bpm_estimates: [122.175765991, 120.496231079, 120.545646667]
    bpm_intervals: [0.495591163635, 0.495591104031, 0.495591163635, 0.495591163635, 0.495591163635, 0.495591163635, 0.495590925217, 0.495590925217, 0.495591163635, 0.495590686798, 0.495591163635, 0.490828037262, 0.306476593018, 0.306477069855, 0.306476593018, 0.306476593018, 0.306477546692, 0.306476593018, 0.306476593018, 0.306477546692, 0.306476593018, 0.306477546692, 0.306476593018, 0.306476593018]
    onset_times: [0.0580498874187, 0.429569154978, 0.673378705978, 0.917188227177, 1.42802715302, 1.93886625767, 2.22911572456, 2.54258513451, 2.62385487556, 2.90249443054, 3.29723358154, 3.40172338486, 3.54104304314, 3.65714287758, 3.76163268089, 3.80807256699, 4.40018129349, 4.45823144913, 4.59755086899, 5.02712011337, 5.28253984451, 5.38702964783, 5.79337882996, 6.3622674942, 6.51319742203, 6.61768722534, 6.81505680084, 7.1517457962, 7.46521520615, 7.99927425385, 8.51011371613, 8.99773216248, 9.32281208038, 9.57823085785, 9.70594120026, 9.90331077576]
    rubato_start: [6.3487610817]
    rubato_stop: [6.65523815155]
    perceptual_tempo: "unknown"

sfx:
    inharmonicity:
        dmean: 0.0277327280492
        dmean2: 0.0491082556546
        dvar: 0.0013325951295
        dvar2: 0.00373965105973
        max: 0.32227653265
        mean: 0.0268479846418
        min: 4.41914835392e-06
        var: 0.00135702558327
    oddtoevenharmonicenergyratio:
        dmean: 9.11858463287
        dmean2: 17.9218502045
        dvar: 2329.65795898
        dvar2: 6936.31396484
        max: 612.652404785
        mean: 5.05699062347
        min: 4.93713087053e-05
        var: 1194.16577148
    pitch_after_max_to_before_max_energy_ratio: 88.9510421753
    pitch_centroid: 261.626861572
    pitch_max_to_total: 0.0396270379424
    pitch_min_to_total: 0.958041965961
    tristimulus:
        dmean: [0.261407136917, 0.281212627888, 0.101703770459]
        dmean2: [0.477257192135, 0.502424895763, 0.174775362015]
        dvar: [0.0622977912426, 0.0622354522347, 0.0213225353509]
        dvar2: [0.157351225615, 0.172395601869, 0.0558070465922]
        max: [0.980758547783, 0.992329537868, 0.850841462612]
        mean: [0.510551154613, 0.370926678181, 0.104976944625]
        min: [0.00580238504335, 0, 0]
        var: [0.10370516777, 0.0832850635052, 0.0239749327302]

tonal:
    chords_changes_rate: 0.037037037313
    chords_number_rate: 0.0138888889924
    chords_strength:
        dmean: 0.00560782337561
        dmean2: 0.00540711218491
        dvar: 2.26010542974e-05
        dvar2: 3.06584624923e-05
        max: 0.562464356422
        mean: 0.443036884069
        min: 0.322521477938
        var: 0.00313260010444
    key_strength: 0.756018638611
    tuning_diatonic_strength: 0.553132236004
    tuning_equal_tempered_deviation: 0.0816374197602
    tuning_frequency: 438.984558105
    tuning_nontempered_energy_ratio: 0.661673426628
    hpcp:
        dmean: [0.0509585030377, 0.0389264449477, 0.0146084064618, 0.00731485290453, 0.00797442626208, 0.010249950923, 0.0137056419626, 0.0266888681799, 0.113361597061, 0.173558980227, 0.190439745784, 0.0834884122014, 0.0320919118822, 0.0620152465999, 0.164366349578, 0.169080033898, 0.134215652943, 0.0401923321187, 0.0131362974644, 0.0164716038853, 0.0356991589069, 0.0481742843986, 0.0363265313208, 0.0186376646161, 0.00916654616594, 0.00898759812117, 0.0218100436032, 0.0746718794107, 0.130399271846, 0.227845624089, 0.227440536022, 0.136904224753, 0.0662608891726, 0.0363864377141, 0.0378082767129, 0.0553706996143]
        dmean2: [0.0917434096336, 0.061427321285, 0.0260149631649, 0.0128331277519, 0.0135919414461, 0.0181967057288, 0.0238971095532, 0.0476846843958, 0.194279149175, 0.304498791695, 0.335511863232, 0.158298313618, 0.0577632859349, 0.111337207258, 0.268718719482, 0.276232421398, 0.223071202636, 0.0713575109839, 0.021803310141, 0.0300450865179, 0.0605509020388, 0.0834309160709, 0.0643699392676, 0.0345398634672, 0.0170161761343, 0.0149196898565, 0.0385765209794, 0.139213442802, 0.225748449564, 0.383970886469, 0.392231047153, 0.236730694771, 0.118191927671, 0.0690937042236, 0.070914208889, 0.0967049524188]
        dvar: [0.0194760095328, 0.00879174191505, 0.00138993014116, 0.000158149006893, 0.000316323596053, 0.000765600590967, 0.00132340600248, 0.00429082848132, 0.0206609368324, 0.0528243929148, 0.0538252294064, 0.0242180228233, 0.00523032899946, 0.020242087543, 0.0406291484833, 0.0512460879982, 0.0189258605242, 0.00516899814829, 0.000478787638713, 0.000865712121595, 0.00265883863904, 0.0103835137561, 0.0107970479876, 0.00321541074663, 0.000441514304839, 0.000743469398003, 0.001685388037, 0.0262782163918, 0.0339413546026, 0.0422293916345, 0.0506711527705, 0.0290822442621, 0.0216261539608, 0.0123736439273, 0.0102991182357, 0.0142006697133]
        dvar2: [0.0467352792621, 0.0174601785839, 0.00389324384741, 0.000449119601399, 0.000836153689306, 0.00157012126874, 0.00356874288991, 0.011555666104, 0.0472407154739, 0.127526342869, 0.16157373786, 0.0802068635821, 0.0166661124676, 0.0587800778449, 0.106222167611, 0.137737706304, 0.0453431271017, 0.0142170460895, 0.00124301458709, 0.00232174783014, 0.00736850453541, 0.0245538651943, 0.0249256026, 0.0093247955665, 0.00138755259104, 0.00175670150202, 0.00498503493145, 0.0739886388183, 0.0825165882707, 0.0939741507173, 0.125879913568, 0.0749967545271, 0.0580117553473, 0.0359003171325, 0.0310196336359, 0.0310466587543]
        max: [1, 1, 0.294744998217, 0.103904224932, 0.184773638844, 0.264725923538, 0.268904358149, 0.480689048767, 1, 1, 1, 1, 0.540045320988, 0.898973703384, 1, 1, 1, 0.642395436764, 0.161306574941, 0.216260954738, 0.427359133959, 0.976217985153, 1, 0.511801302433, 0.133152380586, 0.234788164496, 0.300944060087, 0.945287466049, 1, 1, 1, 1, 0.957993209362, 0.937796831131, 0.843454241753, 1]
        mean: [0.0922542884946, 0.0509466566145, 0.0133985290304, 0.00808651279658, 0.0080971037969, 0.0120183639228, 0.0129150273278, 0.0220536068082, 0.288925021887, 0.615077912807, 0.388514876366, 0.0605214126408, 0.0284094810486, 0.0551642104983, 0.266300946474, 0.427803605795, 0.232049062848, 0.0389044061303, 0.0143002355471, 0.0141947390512, 0.0366187281907, 0.0587940998375, 0.0433088727295, 0.0157050359994, 0.00667905434966, 0.00734598329291, 0.0205734279007, 0.0648878291249, 0.179670199752, 0.409373611212, 0.44777148962, 0.207602143288, 0.0504906624556, 0.0225485246629, 0.0267286151648, 0.0659767016768]
        min: [8.83390530362e-05, 0.000314633216476, 0.000363876053598, 0.000256672588876, 0.000105225939478, 9.19778758544e-05, 0.000137143942993, 0.000116567593068, 0.00280048977584, 0.00522830756381, 0.00319936871529, 0.000474865722936, 0.00017972002388, 0.000495644344483, 0.000356820703018, 0.0014728307724, 0.00252416124567, 0.000144838355482, 0.000125185630168, 0.000170989223989, 0.00053452962311, 0.00129991094582, 0.000511514663231, 3.19928476529e-05, 4.77704197692e-05, 0.000136782065965, 0.000149352490553, 0.000140382355312, 0.000360444420949, 0.00125494576059, 0.00228048441932, 0.0011040820973, 9.16420976864e-05, 7.76859524194e-05, 0.000253822334344, 0.000240802793996]
        var: [0.0521761402488, 0.0193405747414, 0.000932640628889, 0.000133829031256, 0.000265703623882, 0.000839752377942, 0.000925540691242, 0.00280219106935, 0.0421603471041, 0.141961365938, 0.0739090889692, 0.015982626006, 0.00339530548081, 0.0161372367293, 0.0692249685526, 0.147270783782, 0.0452541150153, 0.00385001348332, 0.00048232395784, 0.000695225317031, 0.00274470914155, 0.0153250470757, 0.0188190098852, 0.0027363433037, 0.000293026503641, 0.000577139959205, 0.00158430472948, 0.0217811968178, 0.0537083856761, 0.0969932377338, 0.110069036484, 0.0507290028036, 0.0167931169271, 0.00728253601119, 0.00609367527068, 0.025764644146]
    chords_histogram: [86.111114502, 0, 6.94444465637, 0, 0.462962955236, 0, 0, 0, 0, 0, 0, 0, 0, 0, 0, 0, 0, 5.55555534363, 0, 0, 0, 0, 0, 0.925925910473]
    thpcp: [1, 0.631651461124, 0.0983963385224, 0.0461884252727, 0.0896865427494, 0.43295481801, 0.695527493954, 0.377267748117, 0.0632511824369, 0.0232494696975, 0.0230779536068, 0.0595351047814, 0.0955880507827, 0.0704120099545, 0.0255334097892, 0.0108588756993, 0.0119431754574, 0.0334484912455, 0.105495303869, 0.292109668255, 0.665563821793, 0.727991521358, 0.337521702051, 0.082088239491, 0.0366596244276, 0.0434556566179, 0.107265599072, 0.149987965822, 0.0828296020627, 0.0217834655195, 0.0131471352652, 0.0131643544883, 0.0195395797491, 0.0209973845631, 0.0358549803495, 0.469737261534]
    chords_key: "C"
    chords_scale: "major"
    key_key: "C"
    key_scale: "major"
    chords_progression: ["C", "C", "C", "C", "C", "C", "C", "C", "C", "C", "C", "C", "C", "C", "C", "C", "C", "C", "C", "C", "C", "C", "C", "C", "C", "C", "C", "C", "C", "C", "C", "C", "C", "C", "C", "C", "C", "C", "C", "C", "C", "C", "C", "C", "C", "C", "C", "C", "C", "C", "C", "C", "C", "C", "C", "C", "C", "C", "C", "C", "Am", "Am", "C", "C", "C", "C", "C", "C", "C", "C", "C", "C", "C", "G", "G", "G", "G", "G", "G", "G", "G", "G", "G", "G", "D", "G", "G", "G", "G", "C", "C", "C", "C", "C", "C", "C", "C", "C", "C", "C", "C", "C", "C", "C", "C", "C", "C", "C", "C", "C", "C", "C", "C", "C", "C", "C", "C", "C", "C", "C", "C", "C", "C", "C", "C", "C", "C", "C", "C", "C", "C", "C", "C", "C", "C", "C", "C", "C", "C", "C", "C", "C", "C", "C", "C", "C", "C", "C", "C", "C", "C", "C", "C", "C", "C", "C", "C", "C", "C", "C", "C", "C", "C", "C", "C", "C", "C", "C", "C", "C", "C", "C", "C", "C", "C", "C", "C", "C", "C", "C", "C", "C", "C", "C", "Cm", "Cm", "Cm", "Cm", "Cm", "Cm", "Cm", "Cm", "Cm", "Cm", "Cm", "Cm", "C", "C", "C", "C", "C", "C", "C", "C", "C", "C", "C", "C", "C", "C", "C", "C", "C", "C", "C", "C"]
