
metadata:
    version:
        essentia: "1.2.2"
    audio_properties:
        analysis_sample_rate: 44100
        bitrate: 128
        channels: 2
        equal_loudness: 1
        length: 10.0310201645
        replay_gain: -7.43839263916
        downmix: "mix"
    tags:
        track: 5
        year: 0
        album: "Splitted by Mp3Splt v. 2.1"
        artist: "From 000.40 To 000.50"
        comment: "http://mp3splt.sf.net"
        genre: ""
        title: "05 Only Love Can Break Your He"

highlevel:
    ballroom:
        all:
            ChaChaCha: 0.364123374224
            Jive: 0.0326696000993
            Quickstep: 0.0281044151634
            Rumba-American: 0.000936430762522
            Rumba-International: 0.0143636213616
            Rumba-Misc: 0.00714558828622
            Samba: 0.551805019379
            Tango: 0.000286977097858
            VienneseWaltz: 0.000259730557445
            Waltz: 0.000305232213577
        probability: 0.551805019379
        value: "Samba"
    culture:
        all:
            non_western: 0.315375506878
            western: 0.684624493122
        probability: 0.684624493122
        value: "western"
    gender:
        all:
            female: 0.77336359024
            male: 0.226636379957
        probability: 0.77336359024
        value: "female"
    genre_dortmund:
        all:
            alternative: 0.00047691562213
            blues: 0.000177686859388
            electronic: 0.0881673842669
            folkcountry: 0.000183274489245
            funksoulrnb: 0.00111257622484
            jazz: 0.00776116224006
            pop: 0.0031472123228
            raphiphop: 0.898192107677
            rock: 0.000781681039371
        probability: 0.898192107677
        value: "raphiphop"
    genre_electronica:
        all:
            ambient: 0.0443492941558
            dnb: 0.0169782694429
            house: 0.177746236324
            techno: 0.754837691784
            trance: 0.00608848035336
        probability: 0.754837691784
        value: "techno"
    genre_rosamerica:
        all:
            cla: 0.000926999491639
            dan: 0.28857845068
            hip: 0.682040154934
            jaz: 0.00352546060458
            pop: 0.000998375588097
            rhy: 0.0192771628499
            roc: 0.001495848177
            spe: 0.00315754464827
        probability: 0.682040154934
        value: "hip"
    genre_tzanetakis:
        all:
            blu: 0.0157642159611
            cla: 0.0235825460404
            cou: 0.00843417085707
            dis: 0.0321284756064
            hip: 0.190615937114
            jaz: 0.0153011325747
            met: 0.0224817693233
            pop: 0.34508818388
            reg: 0.320627719164
            roc: 0.025975830853
        probability: 0.34508818388
        value: "pop"
    live_studio:
        all:
            live: 0.0445320941508
            studio: 0.955467879772
        probability: 0.955467879772
        value: "studio"
    mood:
        all:
            Cluster1: 0.282955527306
            Cluster2: 0.189947232604
            Cluster3: 0.0165707357228
            Cluster4: 0.0267784837633
            Cluster5: 0.483748048544
        probability: 0.483748048544
        value: "Cluster5"
    mood_acoustic:
        all:
            acoustic: 0.0361498296261
            not_acoustic: 0.963850200176
        probability: 0.963850200176
        value: "not_acoustic"
    mood_aggressive:
        all:
            aggressive: 0.00616312492639
            not_aggressive: 0.99383687973
        probability: 0.99383687973
        value: "not_aggressive"
    mood_electronic:
        all:
            electronic: 0.971886813641
            not_electronic: 0.0281131602824
        probability: 0.971886813641
        value: "electronic"
    mood_happy:
        all:
            happy: 0.103590406477
            not_happy: 0.896409571171
        probability: 0.896409571171
        value: "not_happy"
    mood_party:
        all:
            not_party: 0.0668291598558
            party: 0.933170855045
        probability: 0.933170855045
        value: "party"
    mood_relaxed:
        all:
            not_relaxed: 0.476819902658
            relaxed: 0.523180067539
        probability: 0.523180067539
        value: "relaxed"
    mood_sad:
        all:
            not_sad: 0.997708499432
            sad: 0.00229148985818
        probability: 0.997708499432
        value: "not_sad"
    rhythm:
        all:
            fast: 0.191494002938
            medium: 0.758786082268
            slow: 0.0497198887169
        probability: 0.758786082268
        value: "medium"
    speech_music:
        all:
            music: 0.540756821632
            speech: 0.459243148565
        probability: 0.540756821632
        value: "music"
    timbre:
        all:
            bright: 0.162625208497
            dark: 0.837374806404
        probability: 0.837374806404
        value: "dark"
    voice_instrumental:
        all:
            instrumental: 0.293840527534
            voice: 0.706159472466
        probability: 0.706159472466
        value: "voice"

lowlevel:
    average_loudness: 0.95989471674
    barkbands_kurtosis:
        dmean: 20.2941932678
        dmean2: 31.661687851
        dvar: 3366.27319336
        dvar2: 7264.45849609
        max: 594.152282715
        mean: 31.5749759674
        min: -1.9243966341
        var: 6367.67871094
    barkbands_skewness:
        dmean: 1.6008836031
        dmean2: 2.30126452446
        dvar: 4.6153793335
        dvar2: 9.55733203888
        max: 20.4982337952
        mean: 1.00038397312
        min: -5.11629390717
        var: 20.9964542389
    barkbands_spread:
        dmean: 12.8502845764
        dmean2: 21.001543045
        dvar: 225.593597412
        dvar2: 544.753112793
        max: 87.1944732666
        mean: 33.4455947876
        min: 0.273621857166
        var: 667.638061523
    dissonance:
        dmean: 0.0235115922987
        dmean2: 0.0426594801247
        dvar: 0.00144082738552
        dvar2: 0.00416340259835
        max: 0.499984532595
        mean: 0.472217291594
        min: 0.266993403435
        var: 0.00115139817353
    hfc:
        dmean: 5.1356306076
        dmean2: 8.29458808899
        dvar: 132.18157959
        dvar2: 339.84375
        max: 88.7585983276
        mean: 4.81031131744
        min: 0.00577822700143
        var: 115.536911011
    pitch:
        dmean: 1056.85925293
        dmean2: 1992.74926758
        dvar: 2611667.75
        dvar2: 6342357
        max: 6300
        mean: 2210.87304688
        min: 70.7865142822
        var: 3627706.75
    pitch_instantaneous_confidence:
        dmean: 0.108802653849
        dmean2: 0.182530656457
        dvar: 0.0133728301153
        dvar2: 0.0324082411826
        max: 0.904942750931
        mean: 0.48998144269
        min: 0.161670684814
        var: 0.0322429984808
    pitch_salience:
        dmean: 0.100899614394
        dmean2: 0.166499093175
        dvar: 0.015177805908
        dvar2: 0.0368773639202
        max: 0.884725928307
        mean: 0.516800284386
        min: 0.0756681039929
        var: 0.0442352816463
    silence_rate_20dB:
        dmean: 0
        dmean2: 0
        dvar: 0
        dvar2: 0
        max: 1
        mean: 1
        min: 1
        var: 0
    silence_rate_30dB:
        dmean: 0
        dmean2: 0
        dvar: 0
        dvar2: 0
        max: 1
        mean: 1
        min: 1
        var: 0
    silence_rate_60dB:
        dmean: 0.157772615552
        dmean2: 0.31627908349
        dvar: 0.132880151272
        dvar2: 0.239502042532
        max: 1
        mean: 0.810185194016
        min: 0
        var: 0.153785035014
    spectral_centroid:
        dmean: 627.105529785
        dmean2: 987.856018066
        dvar: 777113.3125
        dvar2: 1430414.75
        max: 7029.85595703
        mean: 2581.02807617
        min: 68.4158172607
        var: 3978297.5
    spectral_complexity:
        dmean: 3.37296032906
        dmean2: 5.0397195816
        dvar: 45.3620605469
        dvar2: 94.9304656982
        max: 39
        mean: 3.89302325249
        min: 0
        var: 55.2582626343
    spectral_crest:
        dmean: 2.88995027542
        dmean2: 4.89134788513
        dvar: 10.9280328751
        dvar2: 24.0416526794
        max: 25.4787006378
        mean: 11.4889469147
        min: 3.25625038147
        var: 30.840927124
    spectral_decrease:
        dmean: 4.80806172654e-10
        dmean2: 8.33911939502e-10
        dvar: 1.14175491797e-18
        dvar2: 3.04132701142e-18
        max: -5.98268667679e-13
        mean: -5.19603804428e-10
        min: -7.89021381564e-09
        var: 8.68304517092e-19
    spectral_energy:
        dmean: 0.00226456369273
        dmean2: 0.00386568484828
        dvar: 2.44465518335e-05
        dvar2: 6.43786770524e-05
        max: 0.0356157533824
        mean: 0.00239741476253
        min: 4.1710673031e-06
        var: 1.91470044228e-05
    spectral_energyband_high:
        dmean: 0.000522431218997
        dmean2: 0.000815804640297
        dvar: 1.50452638081e-06
        dvar2: 3.73583588953e-06
        max: 0.0108544761315
        mean: 0.000496708496939
        min: 9.40172455444e-08
        var: 1.44196872043e-06
    spectral_energyband_low:
        dmean: 0.000338641519193
        dmean2: 0.000585230474826
        dvar: 6.33653939985e-07
        dvar2: 1.83981137525e-06
        max: 0.00580042600632
        mean: 0.000716131995432
        min: 8.16149423599e-08
        var: 9.8969485407e-07
    spectral_energyband_middle_high:
        dmean: 0.000830485194456
        dmean2: 0.00142737489659
        dvar: 3.94141716242e-06
        dvar2: 1.08261074274e-05
        max: 0.0118200108409
        mean: 0.000699213007465
        min: 2.09175055943e-07
        var: 2.85911437459e-06
    spectral_energyband_middle_low:
        dmean: 0.000781617884059
        dmean2: 0.00144030933734
        dvar: 4.59514512841e-06
        dvar2: 1.27383855215e-05
        max: 0.0141148120165
        mean: 0.000485334487166
        min: 1.57135687573e-07
        var: 2.73420073427e-06
    spectral_flatness_db:
        dmean: 0.0350226052105
        dmean2: 0.0533575117588
        dvar: 0.00154022697825
        dvar2: 0.00330147030763
        max: 0.522766768932
        mean: 0.221113458276
        min: 0.0779418200254
        var: 0.00980646442622
    spectral_flux:
        dmean: 0.0173985809088
        dmean2: 0.0273142978549
        dvar: 0.000665948842652
        dvar2: 0.00119042617735
        max: 0.168627798557
        mean: 0.0295602139086
        min: 0.00136810564436
        var: 0.00107184727676
    spectral_kurtosis:
        dmean: 1.47977209091
        dmean2: 2.10217404366
        dvar: 10.5182561874
        dvar2: 16.637960434
        max: 35.807975769
        mean: 1.82425582409
        min: -1.24497234821
        var: 21.8727378845
    spectral_rms:
        dmean: 0.000551413220819
        dmean2: 0.000855372694787
        dvar: 7.2488302294e-07
        dvar2: 1.74882507054e-06
        max: 0.00589466514066
        mean: 0.00118081225082
        min: 6.379133265e-05
        var: 9.44626151522e-07
    spectral_rolloff:
        dmean: 843.30847168
        dmean2: 1501.33679199
        dvar: 2454695.5
        dvar2: 5616243.5
        max: 9388.4765625
        mean: 3990.55444336
        min: 64.599609375
        var: 7738943
    spectral_skewness:
        dmean: 0.303207606077
        dmean2: 0.433001875877
        dvar: 0.217203602195
        dvar2: 0.367330759764
        max: 5.32932758331
        mean: 0.836682200432
        min: -0.360347181559
        var: 0.765723764896
    spectral_spread:
        dmean: 1362542.875
        dmean2: 1864450
        dvar: 2.15074222899e+12
        dvar2: 3.42974896538e+12
        max: 15273133
        mean: 7645005
        min: 1807934.125
        var: 8.65910810214e+12
    spectral_strongpeak:
        dmean: 0.303701430559
        dmean2: 0.52181583643
        dvar: 0.409617364407
        dvar2: 0.955257117748
        max: 5.20335483551
        mean: 0.39008307457
        min: 0.00192746869288
        var: 0.462944746017
    zerocrossingrate:
        dmean: 0.0199353061616
        dmean2: 0.0224016141146
        dvar: 0.000601643405389
        dvar2: 0.00053475133609
        max: 0.328125
        mean: 0.136471197009
        min: 0.0029296875
        var: 0.00765904784203
    barkbands:
        dmean: [3.0815192531e-06, 0.00010969152936, 0.000263790483586, 0.000250739918556, 0.000287649512757, 0.000135214460897, 0.000102904712548, 2.11094666156e-05, 5.35937351742e-06, 6.55065196042e-06, 1.36303942782e-05, 5.64448009754e-06, 1.21579605548e-05, 1.85875942407e-05, 0.000170949540916, 3.86002466257e-05, 0.000141404758324, 0.000124111393234, 0.000208089346415, 0.000282818538835, 0.000213671868551, 0.000113664929813, 3.74937881134e-05, 1.40566498885e-05, 5.97616508458e-06, 1.79609727979e-07, 3.15892562108e-10]
        dmean2: [2.91545211439e-06, 0.000160350755323, 0.00047593988711, 0.000466645433335, 0.00052562757628, 0.000249040953349, 0.000195853746845, 4.01902470912e-05, 9.52614755079e-06, 1.19211708807e-05, 2.60799079115e-05, 9.98009818431e-06, 2.30492059927e-05, 3.54140975105e-05, 0.000332856812747, 6.88094005454e-05, 0.000264820904704, 0.000220456437091, 0.000316980585922, 0.000464599754196, 0.000327401532559, 0.000179317357833, 6.41687947791e-05, 2.29899869737e-05, 9.90244461718e-06, 3.02216136561e-07, 4.52580889432e-10]
        dvar: [2.75790883186e-11, 4.53129018751e-08, 5.72621445372e-07, 7.70603151068e-07, 9.31829845285e-07, 1.01795855301e-07, 7.38720160598e-08, 4.97169994063e-09, 2.31910726733e-10, 3.62457730496e-10, 2.27073471137e-09, 2.47251469299e-10, 2.00582439547e-09, 3.68103592052e-09, 4.01354128599e-07, 9.04076191688e-09, 1.20510492252e-07, 1.22144300008e-07, 1.68105458442e-07, 4.86739736516e-07, 2.93067671464e-07, 6.64047306032e-08, 6.02262417715e-09, 6.54732545957e-10, 1.23552792997e-10, 1.06217836718e-13, 3.96460098894e-18]
        dvar2: [3.02888547576e-11, 1.27612835854e-07, 1.63682625498e-06, 2.20325318878e-06, 2.59631156041e-06, 2.82199465573e-07, 2.07975048738e-07, 1.43249891948e-08, 6.47721043467e-10, 1.02433561633e-09, 6.57113696789e-09, 6.95787871763e-10, 5.78044057065e-09, 1.07264082061e-08, 1.17334775496e-06, 2.5401089232e-08, 3.39833150065e-07, 3.36232545806e-07, 3.85212928222e-07, 1.22906385513e-06, 7.12339158326e-07, 1.65602784818e-07, 1.61882223182e-08, 1.69830960406e-09, 3.16066783856e-10, 2.76386606744e-13, 4.25054946848e-18]
        max: [4.02025434596e-05, 0.00238970294595, 0.00481138238683, 0.00499311741441, 0.00721789896488, 0.00241296645254, 0.00159237580374, 0.000488755991682, 0.000114664333523, 0.000159802788403, 0.000335561402608, 0.000122267229017, 0.000375107250875, 0.000351822585799, 0.00428509619087, 0.000691088614985, 0.00215028226376, 0.0027001069393, 0.00437466800213, 0.00442734919488, 0.00515059102327, 0.00226609501988, 0.000528944539838, 0.000226024858421, 8.66993141244e-05, 2.47605635195e-06, 4.04220301675e-08]
        mean: [6.09588960288e-06, 0.000273925077636, 0.000436140195234, 0.000155735338922, 0.000171415536897, 8.16118554212e-05, 5.83698783885e-05, 1.25164924611e-05, 4.1477137529e-06, 4.62520802103e-06, 7.73387637309e-06, 5.05413117935e-06, 7.23735047359e-06, 1.19365913633e-05, 9.5635150501e-05, 2.99000876112e-05, 8.61350272316e-05, 9.0661989816e-05, 0.000248770113103, 0.000237271466176, 0.000212930623093, 0.000105917417386, 3.35636650561e-05, 1.41006021295e-05, 5.81117410547e-06, 1.74371550088e-07, 3.25164589698e-10]
        min: [4.8207127179e-10, 5.06747142026e-08, 3.10373793333e-09, 3.39049055498e-09, 2.84078671697e-09, 6.90745516341e-10, 5.74189007452e-09, 5.05228969772e-10, 3.45513867517e-10, 1.8493198084e-09, 1.10999476277e-09, 9.60356905111e-10, 3.63408025894e-10, 8.89372131496e-10, 2.93219004632e-09, 6.66746924338e-09, 6.09248971273e-08, 9.9930042019e-10, 1.75236536393e-08, 4.13102441144e-08, 1.87053021961e-08, 1.56290766995e-08, 4.34284652684e-09, 2.51004927954e-09, 1.68834113357e-09, 1.02407929359e-10, 7.05747445076e-14]
        var: [1.08635794804e-10, 1.07094741963e-07, 6.57963028061e-07, 4.18546505898e-07, 5.51299876861e-07, 6.27360847716e-08, 4.2944648726e-08, 2.77029355011e-09, 1.79814385604e-10, 2.41714259719e-10, 1.2528429405e-09, 2.08146638814e-10, 1.12249787243e-09, 2.0060948458e-09, 2.13096086554e-07, 6.46932818427e-09, 7.06405955953e-08, 8.17260357167e-08, 2.40651360173e-07, 4.20010479729e-07, 2.89650785135e-07, 6.38788790752e-08, 4.76939465699e-09, 6.22599971578e-10, 1.1378050585e-10, 9.75659304866e-14, 4.0422972367e-18]
    mfcc:
        mean: [-860.958435059, 24.992937088, 18.1212100983, 74.9015731812, 9.03088092804, 17.3283348083, 1.47968661785, 4.48588132858, 1.88321220875, 5.79807567596, 2.24860692024, 3.18124079704, 6.11986732483]
        cov: [[12544.6904297, -431.649078369, -2673.90527344, 201.680038452, -1124.98120117, -630.249511719, -290.434265137, -648.576782227, -467.753173828, -344.201507568, -128.066864014, -404.158813477, -250.322982788], [-431.649078369, 2424.41699219, 100.616416931, 538.460388184, 368.44519043, 310.512756348, 213.23600769, 91.2409362793, 93.0896987915, -23.3321208954, 28.4057121277, -172.367645264, -136.433670044], [-2673.90527344, 100.616416931, 2623.03027344, 138.620147705, 764.952880859, 210.514816284, 42.6022911072, 317.715057373, 113.954612732, -63.5187797546, -83.9657211304, 148.502075195, 28.9014339447], [201.680038452, 538.460388184, 138.620147705, 652.379150391, 232.629440308, 167.90397644, 174.38583374, 147.102767944, 68.231262207, -55.0398597717, 11.540230751, -38.9515914917, -72.4013137817], [-1124.98120117, 368.44519043, 764.952880859, 232.629440308, 547.222290039, 276.077575684, 188.307022095, 247.463653564, 147.350097656, 38.6903991699, 14.7919368744, 3.49697589874, -46.3468055725], [-630.249511719, 310.512756348, 210.514816284, 167.90397644, 276.077575684, 328.687103271, 247.427597046, 145.923660278, 115.045433044, 103.241516113, 45.7371826172, -53.7198371887, -37.7965621948], [-290.434265137, 213.23600769, 42.6022911072, 174.38583374, 188.307022095, 247.427597046, 284.054931641, 158.159423828, 103.113922119, 92.9768600464, 46.4167671204, -63.0723190308, -45.6105995178], [-648.576782227, 91.2409362793, 317.715057373, 147.102767944, 247.463653564, 145.923660278, 158.159423828, 240.503311157, 135.085922241, 22.5071868896, 15.7141962051, 11.1407670975, -41.8540992737], [-467.753173828, 93.0896987915, 113.954612732, 68.231262207, 147.350097656, 115.045433044, 103.113922119, 135.085922241, 148.15637207, 79.1673202515, 37.7120933533, 3.8049428463, -23.4380683899], [-344.201507568, -23.3321208954, -63.5187797546, -55.0398597717, 38.6903991699, 103.241516113, 92.9768600464, 22.5071868896, 79.1673202515, 150.277526855, 75.7062606812, -13.672958374, 15.0454177856], [-128.066864014, 28.4057121277, -83.9657211304, 11.540230751, 14.7919368744, 45.7371826172, 46.4167671204, 15.7141962051, 37.7120933533, 75.7062606812, 93.5571670532, 36.4171638489, 26.7071266174], [-404.158813477, -172.367645264, 148.502075195, -38.9515914917, 3.49697589874, -53.7198371887, -63.0723190308, 11.1407670975, 3.8049428463, -13.672958374, 36.4171638489, 130.950378418, 72.9812393188], [-250.322982788, -136.433670044, 28.9014339447, -72.4013137817, -46.3468055725, -37.7965621948, -45.6105995178, -41.8540992737, -23.4380683899, 15.0454177856, 26.7071266174, 72.9812393188, 100.220664978]]
        icov: [[0.000159566217917, 0.000105098864879, 5.72671597183e-05, -8.04797746241e-05, -1.6198893718e-05, 0.000245868519414, -0.000249356817221, 0.000555035192519, -0.00036950345384, 0.000898565514944, -0.000731013773475, 0.000715031521395, 0.000123320132843], [0.000105098864879, 0.000787830853369, 9.12653104024e-06, -0.000225496289204, -0.000471124891192, -0.000214363884879, -0.000158009424922, 0.00148747721687, -0.00161975098308, 0.00266706384718, -0.00230348180048, 0.00214221817441, -0.000305278343149], [5.72671597183e-05, 9.12653104024e-06, 0.000977581832558, -3.94576272811e-05, -0.00143600255251, 2.58281270362e-05, 0.000559060659725, -0.000627272238489, 0.0011145073222, -0.000965255429037, 0.00179915374611, -0.00117326609325, -3.63381404895e-05], [-8.04797746241e-05, -0.000225496289204, -3.94576272811e-05, 0.00303456606343, -0.000646791770123, -0.000157115064212, -0.00197529559955, 0.00103185023181, -0.00224004732445, 0.00487288227305, -0.00274503184482, 0.000775266787969, -0.00021923238819], [-1.6198893718e-05, -0.000471124891192, -0.00143600255251, -0.000646791770123, 0.0080418465659, -0.00479431450367, 0.00259606284089, -0.00466399127617, 0.000597380974796, -0.00113623240031, 5.20216490258e-05, -0.000525633920915, 0.00108876230661], [0.000245868519414, -0.000214363884879, 2.58281270362e-05, -0.000157115064212, -0.00479431450367, 0.01506885048, -0.010655824095, 0.00501336809248, -0.00257200701162, -0.00119557103608, -0.000122438534163, 0.00142136367504, -0.00051305355737], [-0.000249356817221, -0.000158009424922, 0.000559060659725, -0.00197529559955, 0.00259606284089, -0.010655824095, 0.0205204393715, -0.014456034638, 0.00899277161807, -0.0093730520457, 0.000327798188664, 0.0039006175939, -0.00136009964626], [0.000555035192519, 0.00148747721687, -0.000627272238489, 0.00103185023181, -0.00466399127617, 0.00501336809248, -0.014456034638, 0.0278466064483, -0.0216969773173, 0.0190731380135, -0.00732084177434, 0.000755924440455, 0.0025847107172], [-0.00036950345384, -0.00161975098308, 0.0011145073222, -0.00224004732445, 0.000597380974796, -0.00257200701162, 0.00899277161807, -0.0216969773173, 0.0354079194367, -0.0296641662717, 0.0140185141936, -0.0120441829786, 0.00703909806907], [0.000898565514944, 0.00266706384718, -0.000965255429037, 0.00487288227305, -0.00113623240031, -0.00119557103608, -0.0093730520457, 0.0190731380135, -0.0296641662717, 0.0504126735032, -0.0339003130794, 0.0234354436398, -0.0101404218003], [-0.000731013773475, -0.00230348180048, 0.00179915374611, -0.00274503184482, 5.20216490258e-05, -0.000122438534163, 0.000327798188664, -0.00732084177434, 0.0140185141936, -0.0339003130794, 0.0440346337855, -0.026827564463, 0.00577530311421], [0.000715031521395, 0.00214221817441, -0.00117326609325, 0.000775266787969, -0.000525633920915, 0.00142136367504, 0.0039006175939, 0.000755924440455, -0.0120441829786, 0.0234354436398, -0.026827564463, 0.0370100103319, -0.0181522388011], [0.000123320132843, -0.000305278343149, -3.63381404895e-05, -0.00021923238819, 0.00108876230661, -0.00051305355737, -0.00136009964626, 0.0025847107172, 0.00703909806907, -0.0101404218003, 0.00577530311421, -0.0181522388011, 0.0253410078585]]
    spectral_contrast:
        mean: [-1.2566356844e-08, -3.01168057604e-07, -3.57788138672e-07, 2.62069846713e-07, 2.20311932253e-07, 6.96196096328e-08, 2.68380313173e-06, 7.53582924062e-07, 4.54520062476e-07, -5.9992765955e-07, 2.47955313171e-06, 2.01103307518e-06]
        var: [0.000481993309222, 0.000970062217675, 0.00159335404169, 0.00402446975932, 0.00652299867943, 0.0128511181101, 0.103498235345, 0.153721943498, 0.31841930747, 0.940420091152, 1.30836701393, 7.69545936584]

rhythm:
    beats_loudness:
        dmean: 0.0040467819199
        dmean2: 0.007977087982
        dvar: 2.47554748967e-06
        dvar2: 7.6182536759e-06
        max: 0.0070657520555
        mean: 0.00447511579841
        min: 0.000815154169686
        var: 5.12480801262e-06
    beats_loudness_bass:
        dmean: 0.679475069046
        dmean2: 1.35258495808
        dvar: 0.0139649547637
        dvar2: 0.0425534360111
        max: 0.985191464424
        mean: 0.532131612301
        min: 0.14260995388
        var: 0.123217627406
    bpm: 101.419166565
    bpm_confidence: 0
    first_peak_bpm: 101
    first_peak_spread: 0.0625
    first_peak_weight: 0.9375
    onset_rate: 4.98453760147
    second_peak_bpm: 0
    second_peak_spread: 0
    second_peak_weight: 0
    beats_position: [0.0913106873631, 0.68300396204, 1.27469718456, 1.86639046669, 2.45808362961, 3.04977703094, 3.64147019386, 4.23316335678, 4.82485675812, 5.41655015945, 6.03555822372, 6.6270647049, 7.21857118607, 7.81007862091, 8.40158462524, 8.99309253693, 9.58459854126]
    bpm_estimates: [101.482681274, 101.369499207, 101.399291992, 101.35496521, 101.429016113, 101.435432434, 101.38155365, 101.436752319, 101.420227051, 101.370765686, 101.362762451, 101.440597534, 101.376121521, 101.412567139, 101.385185242, 101.699279785, 101.487976074, 101.437850952, 101.431762695, 101.329017639, 101.3592453]
    bpm_intervals: [0.591693282127, 0.591693222523, 0.591693282127, 0.591693162918, 0.591693401337, 0.591693162918, 0.591693162918, 0.591693401337, 0.591693401337, 0.61900806427, 0.591506481171, 0.591506481171, 0.591507434845, 0.591506004333, 0.591507911682, 0.591506004333]
    onset_times: [0.0696598663926, 0.383129239082, 0.673378705978, 0.882358253002, 0.975238084793, 1.11455786228, 1.26548755169, 1.5673469305, 1.71827661991, 1.8575963974, 2.00852608681, 2.15945577621, 2.31038546562, 2.4497051239, 2.76317453384, 3.05342411995, 3.34367346764, 3.49460315704, 3.64553284645, 3.93578219414, 4.09832191467, 4.23764181137, 4.38857126236, 4.55111122131, 4.82975053787, 5.14321994781, 5.4334692955, 5.61922883987, 5.72371864319, 5.87464857101, 6.025578022, 6.31582784653, 6.47836732864, 6.62929725647, 6.76861667633, 6.90793657303, 7.05886602402, 7.20979595184, 7.52326536179, 7.81351470947, 8.103764534, 8.25469398499, 8.40562343597, 8.6958732605, 8.84680271149, 8.99773216248, 9.14866256714, 9.31120204926, 9.58984088898, 9.90331077576]
    rubato_start: []
    rubato_stop: []
    perceptual_tempo: "unknown"

sfx:
    inharmonicity:
        dmean: 0.0660592839122
        dmean2: 0.116857737303
        dvar: 0.00560352578759
        dvar2: 0.0163063537329
        max: 0.426727086306
        mean: 0.0735621675849
        min: 0
        var: 0.00600469112396
    oddtoevenharmonicenergyratio:
        dmean: 63.8110466003
        dmean2: 124.24747467
        dvar: 276724.375
        dvar2: 807639.9375
        max: 7032.33105469
        mean: 34.0369415283
        min: 0
        var: 149704.96875
    pitch_after_max_to_before_max_energy_ratio: 13.8989915848
    pitch_centroid: 204.391021729
    pitch_max_to_total: 0.0418604649603
    pitch_min_to_total: 0.304651170969
    tristimulus:
        dmean: [0.198172524571, 0.301309287548, 0.204900279641]
        dmean2: [0.360112696886, 0.53201341629, 0.364228576422]
        dvar: [0.0633015558124, 0.0698791220784, 0.0508659258485]
        dvar2: [0.157336220145, 0.191365733743, 0.138729065657]
        max: [1, 0.996833980083, 0.913967907429]
        mean: [0.321877270937, 0.393069535494, 0.204458117485]
        min: [0.00197735545225, 0, 0]
        var: [0.119891002774, 0.103179045022, 0.0624549612403]

tonal:
    chords_changes_rate: 0.0555555559695
    chords_number_rate: 0.0185185186565
    chords_strength:
        dmean: 0.0107844946906
        dmean2: 0.0126546854153
        dvar: 8.43900779728e-05
        dvar2: 0.000125749778817
        max: 0.593564391136
        mean: 0.457140028477
        min: 0.309773981571
        var: 0.00566425314173
    key_strength: 0.505310595036
    tuning_diatonic_strength: 0.486519366503
    tuning_equal_tempered_deviation: 0.154987901449
    tuning_frequency: 452.892974854
    tuning_nontempered_energy_ratio: 0.812543332577
    hpcp:
        dmean: [0.173234879971, 0.165268331766, 0.136681169271, 0.126932904124, 0.173140451312, 0.196507647634, 0.156561747193, 0.145623296499, 0.141904637218, 0.148843437433, 0.123744927347, 0.123255066574, 0.165851950645, 0.153193384409, 0.135930299759, 0.146768838167, 0.1303999722, 0.133475169539, 0.113959014416, 0.0930823758245, 0.10866022855, 0.107855632901, 0.0604171194136, 0.0463212355971, 0.0606719627976, 0.0660487785935, 0.0954538658261, 0.149020209908, 0.148091778159, 0.203063488007, 0.248758748174, 0.196856603026, 0.193409830332, 0.223623126745, 0.237687960267, 0.201796278358]
        dmean2: [0.302726328373, 0.298569321632, 0.237893775105, 0.219092085958, 0.302281647921, 0.335386604071, 0.247000992298, 0.22878998518, 0.239936903119, 0.259455025196, 0.212639138103, 0.200864851475, 0.263858675957, 0.246002301574, 0.226426646113, 0.249044582248, 0.225260704756, 0.24186052382, 0.204438343644, 0.157688304782, 0.184517666698, 0.192996904254, 0.111587554216, 0.0856399610639, 0.113384000957, 0.122432656586, 0.169436424971, 0.273474633694, 0.254668265581, 0.344427376986, 0.432467639446, 0.326424390078, 0.336965173483, 0.372307211161, 0.387297540903, 0.349958539009]
        dvar: [0.0558504536748, 0.0515381731093, 0.0360010266304, 0.032059378922, 0.0554080344737, 0.06375772506, 0.0427367351949, 0.0387879870832, 0.0372091569006, 0.0378038920462, 0.0273039545864, 0.0201487727463, 0.0450336672366, 0.0352280586958, 0.0308602377772, 0.0463765598834, 0.0262445900589, 0.035617351532, 0.0375165082514, 0.0249603632838, 0.0311801023781, 0.0317600890994, 0.0135501772165, 0.00825856346637, 0.0203551985323, 0.0274208430201, 0.0318995527923, 0.0426904223859, 0.0460934527218, 0.0715437307954, 0.0891697704792, 0.0560394302011, 0.0490347631276, 0.0588769502938, 0.0636383146048, 0.0559198558331]
        dvar2: [0.139134064317, 0.13603168726, 0.0980440750718, 0.0830857828259, 0.155193686485, 0.16103605926, 0.0912352800369, 0.0859364718199, 0.0986224114895, 0.0914414152503, 0.0729003697634, 0.0506925657392, 0.0979177504778, 0.0742084011436, 0.0739583149552, 0.110122896731, 0.0668739154935, 0.0889422819018, 0.0850291401148, 0.062945947051, 0.0792420357466, 0.088497929275, 0.0386942587793, 0.0232418384403, 0.0588448308408, 0.0787442401052, 0.0850272029638, 0.118983842432, 0.115755394101, 0.189817756414, 0.218517586589, 0.1365519315, 0.116046093404, 0.125829696655, 0.154585272074, 0.155922353268]
        max: [1, 1, 1, 0.973599612713, 1, 1, 1, 1, 1, 1, 1, 0.786302924156, 1, 1, 1, 1, 0.918736875057, 1, 1, 1, 0.895443677902, 0.832682728767, 0.748952031136, 0.531927406788, 1, 1, 1, 0.990304291248, 1, 1, 1, 1, 1, 1, 1, 1]
        mean: [0.228358671069, 0.211092934012, 0.169835865498, 0.161273494363, 0.195029228926, 0.235453024507, 0.234467715025, 0.196783229709, 0.181607067585, 0.194177150726, 0.161414429545, 0.184632018209, 0.286900103092, 0.260982096195, 0.188447892666, 0.189744785428, 0.160808444023, 0.133810266852, 0.11774020642, 0.106835365295, 0.120998606086, 0.104785062373, 0.0606408156455, 0.0451726987958, 0.0510113202035, 0.0551941618323, 0.0953927412629, 0.150647699833, 0.180471003056, 0.244870632887, 0.274944335222, 0.234886109829, 0.317839205265, 0.483411103487, 0.414813250303, 0.246969133615]
        min: [1.31443437112e-06, 4.51404872592e-07, 6.38193205305e-06, 1.16453666124e-05, 9.85042061075e-06, 7.8249076978e-06, 9.1574365797e-06, 2.34490726143e-05, 1.87915120478e-05, 1.4538330106e-05, 9.3403223218e-06, 6.24547874395e-06, 4.58622753285e-06, 9.27648034121e-06, 7.91074853623e-06, 8.46271450428e-06, 3.17164303851e-05, 3.94074631913e-05, 2.64918235189e-05, 1.52438478835e-05, 1.7063426867e-06, 1.35811276891e-07, 7.68988741129e-07, 1.22969072436e-06, 1.74155672994e-06, 1.45434860315e-05, 3.22337291436e-06, 3.58881470675e-06, 1.97589497475e-06, 2.12804934563e-06, 2.94527831102e-06, 8.28964039101e-06, 0.000831325422041, 0.000149356215843, 0.000140044256113, 5.00575879414e-06]
        var: [0.0910537689924, 0.0783114731312, 0.0501200407743, 0.0506095439196, 0.0737601369619, 0.091357678175, 0.086132876575, 0.0727796182036, 0.0545324720442, 0.0598339475691, 0.0370302125812, 0.0349591039121, 0.101745173335, 0.077212780714, 0.0438702553511, 0.0655138343573, 0.0408607982099, 0.0385118573904, 0.0379894636571, 0.0284622069448, 0.0413742139935, 0.0344358868897, 0.0121750673279, 0.00667117815465, 0.0131161082536, 0.0167443286628, 0.0267047211528, 0.04180688411, 0.0620684139431, 0.107459656894, 0.116773940623, 0.0761524140835, 0.0653856396675, 0.144303664565, 0.113137736917, 0.0786347687244]
    chords_histogram: [32.8703689575, 0, 23.148147583, 0, 0, 15.2777776718, 0, 0, 0, 28.7037029266, 0, 0, 0, 0, 0, 0, 0, 0, 0, 0, 0, 0, 0, 0]
    thpcp: [1, 0.858096241951, 0.510888397694, 0.472390204668, 0.436673730612, 0.351328015327, 0.333615630865, 0.403443843126, 0.487065821886, 0.485027581453, 0.407072216272, 0.375678300858, 0.401681184769, 0.333907157183, 0.381935834885, 0.593490898609, 0.539876103401, 0.389829456806, 0.392512261868, 0.332653611898, 0.276804298162, 0.24356123805, 0.221003130078, 0.250301659107, 0.216761797667, 0.125443577766, 0.0934457182884, 0.105523683131, 0.114176444709, 0.197332546115, 0.311634749174, 0.373328208923, 0.506547391415, 0.568758845329, 0.485893070698, 0.65749257803]
    chords_key: "C#"
    chords_scale: "minor"
    key_key: "C#"
    key_scale: "minor"
    chords_progression: ["G#", "G#", "G#", "G#", "G#", "G#", "G#", "G#", "G#", "G#", "G#", "G#", "G#", "G#", "G#", "G#", "G#", "G#", "G#", "G#", "G#", "G#", "G#", "G#", "G#", "G#", "G#", "G#m", "G#m", "G#m", "G#m", "G#m", "G#m", "G#m", "G#m", "G#m", "G#m", "G#m", "G#m", "G#m", "G#m", "G#m", "G#m", "G#m", "G#m", "G#m", "G#m", "G#m", "G#m", "G#m", "G#m", "G#m", "G#m", "G#m", "G#m", "G#m", "G#m", "G#", "G#m", "G#m", "G#m", "G#m", "G#m", "G#m", "G#m", "G#m", "F#", "F#", "F#", "F#", "G#m", "G#m", "G#m", "G#m", "F#", "G#m", "G#m", "F#", "F#", "F#", "F#", "F#", "F#", "F#", "F#", "F#", "F#", "F#", "F#", "F#", "F#", "F#", "F#", "F#", "F#", "F#", "F#", "F#", "F#", "F#", "F#", "F#", "F#", "F#", "F#", "G#m", "G#m", "G#m", "G#m", "G#m", "G#m", "G#", "G#", "G#", "G#", "G#", "G#", "G#", "G#", "G#", "G#", "G#", "G#", "G#", "G#", "G#", "G#", "G#", "G#", "G#", "G#", "G#", "G#", "G#", "G#", "G#", "G#", "C#m", "C#m", "C#m", "C#m", "C#m", "C#m", "C#m", "C#m", "C#m", "C#m", "C#m", "C#m", "C#m", "C#m", "C#m", "C#m", "C#m", "C#m", "C#m", "C#m", "C#m", "C#m", "C#m", "C#m", "C#m", "C#m", "C#m", "C#m", "C#m", "C#m", "C#m", "C#m", "C#m", "C#m", "C#m", "C#m", "C#m", "C#m", "C#m", "C#m", "C#m", "C#m", "C#m", "C#m", "C#m", "C#m", "C#m", "C#m", "C#m", "C#m", "C#m", "C#m", "C#m", "C#m", "C#m", "C#m", "C#m", "C#m", "C#m", "C#m", "C#m", "C#m", "C#m", "C#m", "C#m", "C#m", "C#m", "C#m", "C#m", "C#m", "C#m", "G#", "G#", "G#", "G#", "G#", "G#", "G#", "G#"]
