
metadata:
    version:
        essentia: "1.2.2"
    audio_properties:
        analysis_sample_rate: 44100
        bitrate: 128
        channels: 2
        equal_loudness: 1
        length: 10.0048980713
        replay_gain: -12.5230007172
        downmix: "mix"
    tags:
        track: 20
        year: 0
        album: "Splitted by Mp3Splt v. 2.1"
        artist: "From 003.10 To 003.20"
        comment: "http://mp3splt.sf.net"
        genre: ""
        title: "02 Join Our Club.mp3"

highlevel:
    ballroom:
        all:
            ChaChaCha: 0.223459929228
            Jive: 0.174835905433
            Quickstep: 0.00179384183139
            Rumba-American: 0.000448511884315
            Rumba-International: 0.00098587339744
            Rumba-Misc: 0.000553938327357
            Samba: 0.597283065319
            Tango: 0.000176109766471
            VienneseWaltz: 0.000265671144007
            Waltz: 0.000197161178221
        probability: 0.597283065319
        value: "Samba"
    culture:
        all:
            non_western: 0.161331966519
            western: 0.838668048382
        probability: 0.838668048382
        value: "western"
    gender:
        all:
            female: 0.879497647285
            male: 0.120502375066
        probability: 0.879497647285
        value: "female"
    genre_dortmund:
        all:
            alternative: 0.0464431084692
            blues: 0.00581162841991
            electronic: 0.255883097649
            folkcountry: 0.0128231467679
            funksoulrnb: 0.00290998350829
            jazz: 0.0672427043319
            pop: 0.0573128499091
            raphiphop: 0.0357039235532
            rock: 0.515869557858
        probability: 0.515869557858
        value: "rock"
    genre_electronica:
        all:
            ambient: 0.0587691031396
            dnb: 0.404207736254
            house: 0.0198673065752
            techno: 0.05324902758
            trance: 0.463906824589
        probability: 0.463906824589
        value: "trance"
    genre_rosamerica:
        all:
            cla: 0.00759598333389
            dan: 0.683297157288
            hip: 0.0305522941053
            jaz: 0.00982614606619
            pop: 0.0371674336493
            rhy: 0.0507638528943
            roc: 0.178885370493
            spe: 0.00191174983047
        probability: 0.683297157288
        value: "dan"
    genre_tzanetakis:
        all:
            blu: 0.0119167864323
            cla: 0.0104848500341
            cou: 0.0322996936738
            dis: 0.115653380752
            hip: 0.138573259115
            jaz: 0.0331011600792
            met: 0.209016889334
            pop: 0.318640708923
            reg: 0.064384020865
            roc: 0.0659292563796
        probability: 0.318640708923
        value: "pop"
    live_studio:
        all:
            live: 0.00322489906102
            studio: 0.996775090694
        probability: 0.996775090694
        value: "studio"
    mood:
        all:
            Cluster1: 0.717084169388
            Cluster2: 0.0919425189495
            Cluster3: 0.0364405363798
            Cluster4: 0.0296336133033
            Cluster5: 0.124899186194
        probability: 0.717084169388
        value: "Cluster1"
    mood_acoustic:
        all:
            acoustic: 0.0254204645753
            not_acoustic: 0.974579513073
        probability: 0.974579513073
        value: "not_acoustic"
    mood_aggressive:
        all:
            aggressive: 0.687086641788
            not_aggressive: 0.312913328409
        probability: 0.687086641788
        value: "aggressive"
    mood_electronic:
        all:
            electronic: 0.931746423244
            not_electronic: 0.0682535544038
        probability: 0.931746423244
        value: "electronic"
    mood_happy:
        all:
            happy: 0.201216027141
            not_happy: 0.798783957958
        probability: 0.798783957958
        value: "not_happy"
    mood_party:
        all:
            not_party: 0.20145688951
            party: 0.798543095589
        probability: 0.798543095589
        value: "party"
    mood_relaxed:
        all:
            not_relaxed: 0.875753164291
            relaxed: 0.124246835709
        probability: 0.875753164291
        value: "not_relaxed"
    mood_sad:
        all:
            not_sad: 0.802490055561
            sad: 0.197509929538
        probability: 0.802490055561
        value: "not_sad"
    rhythm:
        all:
            fast: 0.862236976624
            medium: 0.102899909019
            slow: 0.0348631106317
        probability: 0.862236976624
        value: "fast"
    speech_music:
        all:
            music: 0.999894440174
            speech: 0.000105577848444
        probability: 0.999894440174
        value: "music"
    timbre:
        all:
            bright: 0.964089274406
            dark: 0.035910718143
        probability: 0.964089274406
        value: "bright"
    voice_instrumental:
        all:
            instrumental: 0.839600205421
            voice: 0.160399794579
        probability: 0.839600205421
        value: "instrumental"

lowlevel:
    average_loudness: 0.981942415237
    barkbands_kurtosis:
        dmean: 1.35023128986
        dmean2: 2.3374505043
        dvar: 6.5251121521
        dvar2: 17.5600280762
        max: 21.8250370026
        mean: -0.311316400766
        min: -1.87770795822
        var: 6.97616815567
    barkbands_skewness:
        dmean: 0.643001616001
        dmean2: 1.03986763954
        dvar: 0.36244648695
        dvar2: 0.834346055984
        max: 4.5921959877
        mean: 0.484716325998
        min: -1.85784971714
        var: 1.0058940649
    barkbands_spread:
        dmean: 8.0153503418
        dmean2: 13.3009500504
        dvar: 58.5380325317
        dvar2: 125.751983643
        max: 69.1771240234
        mean: 42.5914916992
        min: 7.48288822174
        var: 119.777015686
    dissonance:
        dmean: 0.0151982363313
        dmean2: 0.026865106076
        dvar: 0.000189279817278
        dvar2: 0.000546824536286
        max: 0.498133271933
        mean: 0.475250005722
        min: 0.385019600391
        var: 0.000231845027884
    hfc:
        dmean: 2.78971624374
        dmean2: 4.47140598297
        dvar: 20.037946701
        dvar2: 52.6034507751
        max: 36.3271331787
        mean: 4.38872289658
        min: 0.534141421318
        var: 19.1570396423
    pitch:
        dmean: 1270.34753418
        dmean2: 2454.14794922
        dvar: 2125091.5
        dvar2: 5020850.5
        max: 4410
        mean: 1329.34533691
        min: 88.7323913574
        var: 2261724
    pitch_instantaneous_confidence:
        dmean: 0.0977808907628
        dmean2: 0.163902357221
        dvar: 0.00664615631104
        dvar2: 0.018288962543
        max: 0.755966126919
        mean: 0.367745041847
        min: 0.170535504818
        var: 0.0113534359261
    pitch_salience:
        dmean: 0.0888800546527
        dmean2: 0.146022424102
        dvar: 0.00462111877277
        dvar2: 0.0135382954031
        max: 0.800816774368
        mean: 0.583392500877
        min: 0.263061136007
        var: 0.00861500576138
    silence_rate_20dB:
        dmean: 0
        dmean2: 0
        dvar: 0
        dvar2: 0
        max: 1
        mean: 1
        min: 1
        var: 0
    silence_rate_30dB:
        dmean: 0
        dmean2: 0
        dvar: 0
        dvar2: 0
        max: 1
        mean: 1
        min: 1
        var: 0
    silence_rate_60dB:
        dmean: 0.190697669983
        dmean2: 0.382284373045
        dvar: 0.154332265258
        dvar2: 0.278100281954
        max: 1
        mean: 0.716937363148
        min: 0
        var: 0.202938050032
    spectral_centroid:
        dmean: 419.005981445
        dmean2: 663.354919434
        dvar: 132604.390625
        dvar2: 305846.25
        max: 3365.52856445
        mean: 1523.56323242
        min: 299.292816162
        var: 386222.59375
    spectral_complexity:
        dmean: 3.69158887863
        dmean2: 5.85245895386
        dvar: 22.1712818146
        dvar2: 50.7346763611
        max: 37
        mean: 7.84382295609
        min: 1
        var: 30.369562149
    spectral_crest:
        dmean: 2.4980866909
        dmean2: 4.08427095413
        dvar: 5.21438932419
        dvar2: 13.8826227188
        max: 23.2751598358
        mean: 7.85225343704
        min: 2.94478440285
        var: 9.70964241028
    spectral_decrease:
        dmean: 4.83480422364e-10
        dmean2: 7.92901244662e-10
        dvar: 5.20840890139e-19
        dvar2: 1.09500504789e-18
        max: -9.72621913564e-11
        mean: -7.71212871342e-10
        min: -4.45515047076e-09
        var: 6.64928928606e-19
    spectral_energy:
        dmean: 0.00203464226797
        dmean2: 0.00333250267431
        dvar: 9.11687402549e-06
        dvar2: 1.93551222765e-05
        max: 0.0187712013721
        mean: 0.00330880330876
        min: 0.00042528155609
        var: 1.1411883861e-05
    spectral_energyband_high:
        dmean: 0.00019513440202
        dmean2: 0.000307855429128
        dvar: 6.60001475694e-08
        dvar2: 1.5654008223e-07
        max: 0.0018069781363
        mean: 0.000295408099191
        min: 2.15208510781e-05
        var: 8.283041808e-08
    spectral_energyband_low:
        dmean: 0.000389556458686
        dmean2: 0.000587920832913
        dvar: 4.26272549703e-07
        dvar2: 1.08127426302e-06
        max: 0.00602347590029
        mean: 0.00055356399389
        min: 1.08876456579e-05
        var: 4.86171188641e-07
    spectral_energyband_middle_high:
        dmean: 0.00059636530932
        dmean2: 0.00100487552118
        dvar: 1.28330862026e-06
        dvar2: 3.56804252988e-06
        max: 0.00893459189683
        mean: 0.000913133611903
        min: 8.38258565636e-05
        var: 1.02256433365e-06
    spectral_energyband_middle_low:
        dmean: 0.00138872954994
        dmean2: 0.00232316181064
        dvar: 5.75090689381e-06
        dvar2: 1.22338524307e-05
        max: 0.0163876861334
        mean: 0.00154667522293
        min: 3.63269791706e-05
        var: 6.27943745712e-06
    spectral_flatness_db:
        dmean: 0.0225551780313
        dmean2: 0.035079497844
        dvar: 0.000404342456022
        dvar2: 0.000918831967283
        max: 0.238002613187
        mean: 0.132507696748
        min: 0.0657575130463
        var: 0.000890619645361
    spectral_flux:
        dmean: 0.0142790423706
        dmean2: 0.02260642685
        dvar: 0.000321059051203
        dvar2: 0.000562081229873
        max: 0.121020175517
        mean: 0.0402044914663
        min: 0.0122765582055
        var: 0.000563288631383
    spectral_kurtosis:
        dmean: 0.737316548824
        dmean2: 1.10681152344
        dvar: 0.559318721294
        dvar2: 1.20188510418
        max: 6.70214939117
        mean: 2.06875753403
        min: -0.407136440277
        var: 1.12296020985
    spectral_rms:
        dmean: 0.000493097410072
        dmean2: 0.000791412545368
        dvar: 3.64402524156e-07
        dvar2: 7.86838029398e-07
        max: 0.00427941186354
        mean: 0.00164439657237
        min: 0.000644134182949
        var: 5.24062897966e-07
    spectral_rolloff:
        dmean: 658.070678711
        dmean2: 1095.97424316
        dvar: 573626.1875
        dvar2: 1173477
        max: 5555.56640625
        mean: 3225.31347656
        min: 172.265625
        var: 1232858.125
    spectral_skewness:
        dmean: 0.14876511693
        dmean2: 0.219759702682
        dvar: 0.0206152293831
        dvar2: 0.0384273566306
        max: 1.91085338593
        mean: 1.24977040291
        min: 0.562897741795
        var: 0.0528731197119
    spectral_spread:
        dmean: 1154026.125
        dmean2: 1734144.625
        dvar: 1.41374573773e+12
        dvar2: 3.1155397591e+12
        max: 16190965
        mean: 7588126
        min: 4053412
        var: 2.54937766298e+12
    spectral_strongpeak:
        dmean: 0.202661156654
        dmean2: 0.365942627192
        dvar: 0.123964034021
        dvar2: 0.332718104124
        max: 2.1192741394
        mean: 0.239222303033
        min: 0.0221359152347
        var: 0.107070751488
    zerocrossingrate:
        dmean: 0.0125663969666
        dmean2: 0.0142756514251
        dvar: 0.00010528924031
        dvar2: 0.000127833220176
        max: 0.1611328125
        mean: 0.0980853438377
        min: 0.03076171875
        var: 0.00065844663186
    barkbands:
        dmean: [2.56837608958e-07, 0.000151268701302, 0.000303037639242, 0.00054052536143, 0.000798507593572, 0.000299220322631, 6.82036261423e-05, 4.51550586149e-05, 5.66413800698e-05, 2.70354612439e-05, 1.39412395583e-05, 6.77599427945e-06, 2.76643822872e-05, 1.31268861878e-05, 7.12629407644e-05, 9.80459008133e-05, 0.000203172297915, 9.95777663775e-05, 0.000149566025357, 0.000126893151901, 8.51183212944e-05, 3.14760291076e-05, 1.10645842142e-05, 1.04897962956e-05, 6.27179770163e-06, 7.65562447214e-07, 3.111058966e-09]
        dmean2: [3.64785762486e-07, 0.000235508545302, 0.000486083532451, 0.000980535405688, 0.00135353743099, 0.000568264105823, 0.000120851116662, 8.03470102255e-05, 0.000101938479929, 4.78084039059e-05, 2.6004121537e-05, 1.18723719424e-05, 4.43475655629e-05, 2.026551374e-05, 0.000121526842122, 0.000163902746863, 0.000381396268494, 0.000164102981216, 0.000250503828283, 0.000200485417736, 0.00014503338025, 5.21920192114e-05, 1.74793294718e-05, 1.65483379533e-05, 1.06522329588e-05, 1.3629598925e-06, 5.46030864967e-09]
        dvar: [4.7867889123e-13, 5.12301738809e-08, 4.14189287312e-07, 1.85838814559e-06, 2.56158159573e-06, 3.61437884067e-07, 1.84199269171e-08, 9.52219281203e-09, 1.10349880345e-08, 2.23518115128e-09, 8.13796030563e-10, 1.98319333178e-10, 1.0311802523e-09, 3.65999341945e-10, 4.33529923072e-09, 3.64709329403e-08, 3.06464215782e-07, 2.96574746983e-08, 8.58785114133e-08, 3.05206526718e-08, 2.16332374237e-08, 1.27122501414e-09, 2.01473476791e-10, 2.12785497555e-10, 7.91750900953e-11, 1.0114784444e-12, 6.79282108692e-17]
        dvar2: [5.81618141236e-13, 1.10729885705e-07, 1.07795983695e-06, 5.22792561242e-06, 6.51791924611e-06, 1.01567491129e-06, 5.15468272511e-08, 2.63109463106e-08, 3.01995761731e-08, 5.96432636613e-09, 2.27398677666e-09, 5.26339860585e-10, 2.57263965686e-09, 7.82945319688e-10, 1.0207597434e-08, 1.07476324729e-07, 8.83916868588e-07, 7.01305964412e-08, 2.30127170653e-07, 6.47418332278e-08, 5.75417118398e-08, 2.74861222671e-09, 4.08640454808e-10, 5.45764267113e-10, 2.11611547729e-10, 2.63769540064e-12, 9.05502043416e-17]
        max: [1.30860807985e-05, 0.00172428798396, 0.00533224735409, 0.00819253176451, 0.0149900997058, 0.00474941637367, 0.00132315699011, 0.000924644235056, 0.000719088653568, 0.000334822922014, 0.000204291412956, 0.000150221210788, 0.000252165016718, 0.000182817937457, 0.000460300245322, 0.00133175763767, 0.00338527653366, 0.00141989451367, 0.00302180694416, 0.00122902810108, 0.00113100477029, 0.000296758924378, 0.000117702569696, 8.52152588777e-05, 6.22516890871e-05, 5.68386258237e-06, 1.55592914552e-07]
        mean: [2.87080865746e-07, 0.000211942897295, 0.000341356819263, 0.000430487853009, 0.000736116780899, 0.000217644294025, 7.55557994125e-05, 3.90706954931e-05, 4.41391493951e-05, 2.46415602305e-05, 1.06676643554e-05, 6.51520167594e-06, 4.05165556003e-05, 1.95210814127e-05, 0.000110905617476, 0.000109628832433, 0.000153340937686, 0.000124061407405, 0.000235900995904, 0.000190123857465, 0.000102377467556, 5.10197533004e-05, 1.51112799358e-05, 1.11605022539e-05, 6.06903131484e-06, 6.38713117951e-07, 2.42620079582e-09]
        min: [4.29664220869e-10, 2.42816440732e-06, 2.89729041469e-06, 4.86292663027e-07, 6.08942809777e-06, 2.09019503927e-07, 6.0165564264e-07, 1.27527158611e-07, 1.12547652975e-07, 4.90698596423e-07, 8.83015260911e-08, 5.10892448347e-08, 4.30803680729e-07, 5.20428557138e-07, 6.52390917821e-06, 1.2957840454e-06, 1.72324837422e-06, 1.02132901247e-06, 2.50602242886e-05, 9.27254404814e-06, 4.62413572677e-06, 2.057304755e-06, 6.96549591339e-07, 2.11631970615e-07, 1.5574384804e-07, 9.38940836193e-09, 1.25971750392e-11]
        var: [5.36431467822e-13, 6.65023733859e-08, 3.58017132385e-07, 1.26006420942e-06, 2.108330591e-06, 2.19994376494e-07, 1.38760185564e-08, 6.18555073828e-09, 7.69051045069e-09, 1.66140889934e-09, 5.25107568539e-10, 1.52764204064e-10, 1.96654714735e-09, 7.4775230452e-10, 6.6894916273e-09, 2.81838676841e-08, 1.78576641474e-07, 3.15371195825e-08, 7.18318986515e-08, 3.93446057956e-08, 2.00795753358e-08, 1.92962357204e-09, 3.31046495772e-10, 2.15947773552e-10, 6.67877489424e-11, 7.86347603785e-13, 6.47247256452e-17]
    mfcc:
        mean: [-725.600402832, 77.2445602417, -14.2944335938, 67.5536193848, 9.95080757141, 5.85315656662, -3.86672711372, -11.7199392319, -2.35550785065, 4.12277030945, -2.63041853905, -10.4135551453, -4.75018405914]
        cov: [[1771.98205566, -180.722869873, 162.893203735, -188.931762695, -204.713729858, -297.454559326, -133.979003906, 44.0921020508, 25.0618648529, -186.654098511, -113.517662048, 18.1471061707, -110.232597351], [-180.722869873, 358.836700439, 10.5366716385, 41.8541946411, -36.1471748352, -2.35371780396, 46.9388084412, 9.65401363373, 20.7506828308, -12.6735553741, -11.0838775635, -37.2604675293, -22.5687789917], [162.893203735, 10.5366716385, 265.804077148, -13.58207798, -14.0345611572, -56.2192344666, -24.3149604797, 39.4475021362, 44.7350006104, -5.63709592819, -17.4858531952, -35.5879325867, -27.9731941223], [-188.931762695, 41.8541946411, -13.58207798, 160.90965271, 65.2439041138, 59.112487793, 0.699666440487, -6.1858124733, -12.6988277435, 2.61898756027, 12.374628067, 11.2349119186, 16.1934432983], [-204.713729858, -36.1471748352, -14.0345611572, 65.2439041138, 128.133285522, 80.4069061279, 3.27714800835, -11.6259498596, -9.19797706604, 26.4912643433, 33.7128944397, 22.8416652679, 27.0316963196], [-297.454559326, -2.35371780396, -56.2192344666, 59.112487793, 80.4069061279, 159.123580933, 48.1986846924, -20.2111206055, -30.3863887787, 44.5838661194, 33.0227394104, 7.5509595871, 31.7618350983], [-133.979003906, 46.9388084412, -24.3149604797, 0.699666440487, 3.27714800835, 48.1986846924, 79.2899017334, 2.2693362236, -6.51894760132, 7.08887052536, 12.0633563995, -6.11882591248, 2.32406210899], [44.0921020508, 9.65401363373, 39.4475021362, -6.1858124733, -11.6259498596, -20.2111206055, 2.2693362236, 79.9579544067, 31.9530353546, -2.75489354134, -3.0931634903, -0.92972189188, -9.35527801514], [25.0618648529, 20.7506828308, 44.7350006104, -12.6988277435, -9.19797706604, -30.3863887787, -6.51894760132, 31.9530353546, 68.5643844604, 20.9971885681, 1.30088019371, -7.95059251785, -6.46702241898], [-186.654098511, -12.6735553741, -5.63709592819, 2.61898756027, 26.4912643433, 44.5838661194, 7.08887052536, -2.75489354134, 20.9971885681, 86.4174880981, 37.7875061035, -3.42565059662, 16.4719009399], [-113.517662048, -11.0838775635, -17.4858531952, 12.374628067, 33.7128944397, 33.0227394104, 12.0633563995, -3.0931634903, 1.30088019371, 37.7875061035, 64.6407699585, 27.6914157867, 14.0631475449], [18.1471061707, -37.2604675293, -35.5879325867, 11.2349119186, 22.8416652679, 7.5509595871, -6.11882591248, -0.92972189188, -7.95059251785, -3.42565059662, 27.6914157867, 62.2569923401, 25.3010120392], [-110.232597351, -22.5687789917, -27.9731941223, 16.1934432983, 27.0316963196, 31.7618350983, 2.32406210899, -9.35527801514, -6.46702241898, 16.4719009399, 14.0631475449, 25.3010120392, 60.8706359863]]
        icov: [[0.00137035991065, 0.000654057133943, -0.000519710185472, 0.000672793306876, 0.00120424153283, 0.000177653040737, 0.0011168634519, 0.000173582768184, -0.000632497423794, 0.00201090192422, 0.000516193336807, -0.00163171649911, 0.00161047792062], [0.000654057133943, 0.00410183286294, -7.93213839643e-05, -0.00155388214625, 0.00204295641743, 0.000298552011373, -0.001799148391, 0.000506329874042, -0.00210947310552, 0.00212169857696, -0.000700513191987, 0.00130164297298, 0.000988239655271], [-0.000519710185472, -7.93213839643e-05, 0.00523762917146, -0.000322765728924, -0.00147735443898, 0.00110158778261, 0.000540362729225, -0.00158293463755, -0.00176798796747, 0.000129281776026, -0.00109976937529, 0.00397978117689, -0.000283328117803], [0.000672793306876, -0.00155388214625, -0.000322765728924, 0.00964049808681, -0.0032160517294, -0.00266989064403, 0.00325365317985, -0.000452897278592, 0.000169136226759, 0.00270066014491, 0.000313523458317, -0.00133551924955, 0.000326591485646], [0.00120424153283, 0.00204295641743, -0.00147735443898, -0.0032160517294, 0.0169136691839, -0.00732355611399, 0.00388786825351, 0.00133216800168, -0.00323517504148, 0.00352233741432, -0.00386424921453, -0.00292788282968, 0.000294366298476], [0.000177653040737, 0.000298552011373, 0.00110158778261, -0.00266989064403, -0.00732355611399, 0.0179199576378, -0.00885596498847, -0.000540826120414, 0.00728086894378, -0.0076652886346, 0.00161953223869, 0.00163689628243, -0.00240104366094], [0.0011168634519, -0.001799148391, 0.000540362729225, 0.00325365317985, 0.00388786825351, -0.00885596498847, 0.0211761984974, -0.00189759605564, -0.00156456674449, 0.00608280766755, -0.00495029613376, 0.0019243118586, 0.00106410775334], [0.000173582768184, 0.000506329874042, -0.00158293463755, -0.000452897278592, 0.00133216800168, -0.000540826120414, -0.00189759605564, 0.016742406413, -0.00816440396011, 0.00226615602151, 0.000419879681431, -0.00276831979863, 0.00180435110815], [-0.000632497423794, -0.00210947310552, -0.00176798796747, 0.000169136226759, -0.00323517504148, 0.00728086894378, -0.00156456674449, -0.00816440396011, 0.0266965813935, -0.0122997732833, 0.00283419084735, -0.000337923003826, -0.000692134140991], [0.00201090192422, 0.00212169857696, 0.000129281776026, 0.00270066014491, 0.00352233741432, -0.0076652886346, 0.00608280766755, 0.00226615602151, -0.0122997732833, 0.0292414780706, -0.0154444091022, 0.00863342825323, -0.00291924015619], [0.000516193336807, -0.000700513191987, -0.00109976937529, 0.000313523458317, -0.00386424921453, 0.00161953223869, -0.00495029613376, 0.000419879681431, 0.00283419084735, -0.0154444091022, 0.0335943512619, -0.0181726552546, 0.00548331905156], [-0.00163171649911, 0.00130164297298, 0.00397978117689, -0.00133551924955, -0.00292788282968, 0.00163689628243, 0.0019243118586, -0.00276831979863, -0.000337923003826, 0.00863342825323, -0.0181726552546, 0.0346149802208, -0.012902402319], [0.00161047792062, 0.000988239655271, -0.000283328117803, 0.000326591485646, 0.000294366298476, -0.00240104366094, 0.00106410775334, 0.00180435110815, -0.000692134140991, -0.00291924015619, 0.00548331905156, -0.012902402319, 0.025665383786]]
    spectral_contrast:
        mean: [-1.46706099713e-07, 1.58511539894e-07, 9.14042104228e-08, -1.68271967027e-07, -8.52844017629e-09, 2.33937811345e-08, 2.07539486041e-07, -2.88089125888e-07, -1.95391908164e-06, -2.86491314228e-07, 1.82294343176e-06, 7.50268291938e-09]
        var: [0.000279647822026, 0.000479001551867, 0.00143582804594, 0.001602221746, 0.00211572321132, 0.00499232718721, 0.0576955899596, 0.0976466536522, 0.158276826143, 0.170705094934, 0.290461152792, 1.42779779434]

rhythm:
    beats_loudness:
        dmean: 0.00486945547163
        dmean2: 0.00892098993063
        dvar: 1.32683317133e-05
        dvar2: 3.3266718674e-05
        max: 0.0141112040728
        mean: 0.00918507389724
        min: 0.00260872906074
        var: 1.46186293932e-05
    beats_loudness_bass:
        dmean: 0.193557530642
        dmean2: 0.344176203012
        dvar: 0.0205250233412
        dvar2: 0.0639506354928
        max: 0.765717446804
        mean: 0.424557745457
        min: 0.178935214877
        var: 0.0269356928766
    bpm: 129.768463135
    bpm_confidence: 0
    first_peak_bpm: 130
    first_peak_spread: 0
    first_peak_weight: 0.949999988079
    onset_rate: 5.99706315994
    second_peak_bpm: 121
    second_peak_spread: 0
    second_peak_weight: 0.0500000007451
    beats_position: [0.32296577096, 0.785626411438, 1.24828696251, 1.71094751358, 2.17360830307, 2.63626861572, 3.09892916679, 3.56158971786, 4.02425003052, 4.48691082001, 4.94957113266, 5.41223192215, 5.8748922348, 6.37192296982, 6.83404302597, 7.29616355896, 7.75828361511, 8.22040367126, 8.68252468109, 9.14464473724, 9.60676574707]
    bpm_estimates: [129.892456055, 129.632675171, 129.962188721, 129.534835815, 129.766830444, 129.527236938, 129.782470703, 129.53187561, 129.533584595, 130.088653564, 129.654098511, 130.179748535, 130.170593262, 129.499328613, 129.950149536, 130.140380859, 129.771224976, 129.562927246, 129.542114258, 129.645843506]
    bpm_intervals: [0.462660640478, 0.462660551071, 0.462660551071, 0.46266078949, 0.462660312653, 0.462660551071, 0.462660551071, 0.462660312653, 0.46266078949, 0.462660312653, 0.46266078949, 0.462660312653, 0.497030735016, 0.462120056152, 0.46212053299, 0.462120056152, 0.462120056152, 0.462121009827, 0.462120056152, 0.462121009827]
    onset_times: [0.0580498874187, 0.232199549675, 0.336689352989, 0.557278931141, 0.777868509293, 1.02167797089, 1.16099774837, 1.25387752056, 1.48607707024, 1.70666670799, 1.95047616959, 2.0549659729, 2.19428563118, 2.41487526894, 2.64707493782, 2.87927436829, 3.00698423386, 3.13469386101, 3.25079369545, 3.34367346764, 3.5758728981, 3.80807256699, 3.93578219414, 4.051882267, 4.27247142792, 4.5046710968, 4.73687076569, 4.87619066238, 4.9806804657, 5.10838985443, 5.20126962662, 5.4334692955, 5.66566896439, 5.79337882996, 5.9094786644, 6.13006782532, 6.3622674942, 6.59446716309, 6.71056699753, 6.82666683197, 6.96598625183, 7.05886602402, 7.17496585846, 7.2910656929, 7.52326536179, 7.65097522736, 7.75546503067, 7.8831744194, 7.98766422272, 8.2198638916, 8.45206356049, 8.6958732605, 8.91646289825, 9.03256225586, 9.14866256714, 9.38086128235, 9.49696159363, 9.61306095123, 9.75238132477, 9.84526062012]
    rubato_start: []
    rubato_stop: []
    perceptual_tempo: "unknown"

sfx:
    inharmonicity:
        dmean: 0.0402693599463
        dmean2: 0.0700744912028
        dvar: 0.00190306350123
        dvar2: 0.00539419287816
        max: 0.259593486786
        mean: 0.0411552600563
        min: 0
        var: 0.0020139827393
    oddtoevenharmonicenergyratio:
        dmean: 4.96497631073
        dmean2: 9.68906879425
        dvar: 820.903381348
        dvar2: 2449.1730957
        max: 313.964080811
        mean: 2.77545595169
        min: 0
        var: 416.691436768
    pitch_after_max_to_before_max_energy_ratio: 31.764799118
    pitch_centroid: 223.769165039
    pitch_max_to_total: 0.048951048404
    pitch_min_to_total: 0.6550116539
    tristimulus:
        dmean: [0.237270504236, 0.266119718552, 0.153310954571]
        dmean2: [0.398817300797, 0.457131266594, 0.27010884881]
        dvar: [0.0339707024395, 0.0514008440077, 0.0212663039565]
        dvar2: [0.094947218895, 0.144111841917, 0.0564885921776]
        max: [1, 0.981102824211, 0.760720014572]
        mean: [0.422281056643, 0.348807662725, 0.132136255503]
        min: [0.01700495556, 0, 0]
        var: [0.0642435401678, 0.0718086883426, 0.0237172059715]

tonal:
    chords_changes_rate: 0.0277777779847
    chords_number_rate: 0.0185185186565
    chords_strength:
        dmean: 0.00765486108139
        dmean2: 0.00924416724592
        dvar: 3.59599143849e-05
        dvar2: 5.16422005603e-05
        max: 0.683788776398
        mean: 0.573577404022
        min: 0.447592318058
        var: 0.00346633070149
    key_strength: 0.771708011627
    tuning_diatonic_strength: 0.586413264275
    tuning_equal_tempered_deviation: 0.281441062689
    tuning_frequency: 456.570251465
    tuning_nontempered_energy_ratio: 0.976314246655
    hpcp:
        dmean: [0.153874546289, 0.112550497055, 0.0916239768267, 0.128636837006, 0.169883698225, 0.163969814777, 0.169709265232, 0.132981985807, 0.116803362966, 0.126704797149, 0.132255539298, 0.178189218044, 0.230667024851, 0.18165551126, 0.156014323235, 0.139414578676, 0.116372831166, 0.149943217635, 0.243875056505, 0.269901007414, 0.267982780933, 0.220243483782, 0.159750327468, 0.115051902831, 0.100203350186, 0.0862714275718, 0.0862218886614, 0.118682384491, 0.125309631228, 0.130942344666, 0.12501680851, 0.109704442322, 0.159689053893, 0.246305048466, 0.26616281271, 0.251435577869]
        dmean2: [0.277225077152, 0.199794009328, 0.163405448198, 0.226435437799, 0.292370170355, 0.273419708014, 0.295436620712, 0.225103840232, 0.201704055071, 0.221787467599, 0.237734362483, 0.338594675064, 0.428369492292, 0.333517223597, 0.282504320145, 0.256665199995, 0.208853825927, 0.2742190063, 0.417816668749, 0.473540723324, 0.471264570951, 0.396932035685, 0.290590047836, 0.204593807459, 0.186220347881, 0.161873534322, 0.149570658803, 0.202644407749, 0.218170806766, 0.230934813619, 0.231896728277, 0.195339739323, 0.281740218401, 0.431823551655, 0.459824919701, 0.438987225294]
        dvar: [0.0407585017383, 0.032327298075, 0.0196987204254, 0.018896734342, 0.0442364215851, 0.0292375143617, 0.0557970143855, 0.0310452263802, 0.0322782509029, 0.0371985174716, 0.037743922323, 0.0592756681144, 0.0801295116544, 0.0627818629146, 0.0382039174438, 0.038114707917, 0.0308233238757, 0.0427017360926, 0.0736608803272, 0.0781175121665, 0.0721215382218, 0.0720577687025, 0.0508775338531, 0.0373422205448, 0.0333276800811, 0.0252904817462, 0.0171028356999, 0.0385297462344, 0.0413239337504, 0.0381273031235, 0.0347174368799, 0.0245628263801, 0.0354787819088, 0.0481161996722, 0.0582292042673, 0.0411703847349]
        dvar2: [0.119119927287, 0.0896841958165, 0.0556907169521, 0.0505361929536, 0.116902254522, 0.0736230760813, 0.13847617805, 0.0864773765206, 0.0891362950206, 0.0891980230808, 0.107625767589, 0.17189233005, 0.235508680344, 0.172423481941, 0.112403228879, 0.0966684520245, 0.0797107294202, 0.118024460971, 0.183724299073, 0.188672766089, 0.207708075643, 0.202932789922, 0.141580507159, 0.101650863886, 0.100998051465, 0.073116235435, 0.0451469868422, 0.101235173643, 0.09013812989, 0.116521410644, 0.107702627778, 0.0717447549105, 0.0896907821298, 0.135008871555, 0.148619487882, 0.11963314563]
        max: [1, 1, 1, 0.642493486404, 1, 0.982069432735, 1, 1, 1, 1, 1, 1, 1, 1, 1, 1, 0.954687356949, 1, 1, 1, 1, 1, 1, 1, 1, 0.981688261032, 1, 1, 1, 1, 1, 0.861265838146, 1, 1, 1, 1]
        mean: [0.144510775805, 0.0949672311544, 0.0928517207503, 0.139661580324, 0.186095654964, 0.190525263548, 0.18389415741, 0.155491128564, 0.130867958069, 0.135638788342, 0.134847342968, 0.142606511712, 0.191823780537, 0.194117665291, 0.145624414086, 0.120291702449, 0.101335667074, 0.128303125501, 0.258610904217, 0.363372802734, 0.299581348896, 0.186573430896, 0.130752071738, 0.102004036307, 0.0855630859733, 0.078542932868, 0.0937532410026, 0.129814118147, 0.1440679878, 0.130319923162, 0.117040909827, 0.112170465291, 0.161776900291, 0.399694114923, 0.620859503746, 0.419762253761]
        min: [0.00548168784007, 0.00185906689148, 0.00308451568708, 0.00252767698839, 0.00440417788923, 0.00762926135212, 0.00680245226249, 0.0078798038885, 0.00254739751108, 0.00460873264819, 0.00718162627891, 0.00333381001838, 0.00237437942997, 0.00246508186683, 0.00221878313459, 0.00164755387232, 0.00108125025872, 0.00224627996795, 0.00611595623195, 0.00594221521169, 0.00360044999979, 0.000538037507795, 0.00172768905759, 0.00202716747299, 0.000170748389792, 0.00253914366476, 0.00360731594265, 0.00580579647794, 0.00451658619568, 0.00279898848385, 0.00333805265836, 0.00321638584137, 0.00469654006884, 0.0133958132938, 0.0248378645629, 0.0242386609316]
        var: [0.0310792252421, 0.0222633741796, 0.0144445020705, 0.0190334524959, 0.0442551076412, 0.0393947437406, 0.0523571409285, 0.028938241303, 0.0258752591908, 0.0324662141502, 0.0279013365507, 0.0398397445679, 0.0700039491057, 0.0770247876644, 0.0395962037146, 0.0354407355189, 0.0277535356581, 0.0354269742966, 0.0935404673219, 0.124465748668, 0.0885447561741, 0.057728048414, 0.0376522243023, 0.0282496679574, 0.0219157617539, 0.017247762531, 0.0141056338325, 0.0333650521934, 0.0498131066561, 0.0330399796367, 0.0249686930329, 0.0197926983237, 0.0378105677664, 0.0770314857364, 0.106309935451, 0.0680196806788]
    chords_histogram: [70.3703689575, 0, 0, 0, 0, 0, 0, 17.5925922394, 0, 0, 0, 0, 0, 0, 0, 0, 0, 0, 0, 0, 0, 0, 6.01851844788, 6.01851844788]
    thpcp: [1, 0.676098644733, 0.232759222388, 0.152960911393, 0.149553507566, 0.224948763847, 0.299738764763, 0.306873381138, 0.296192854643, 0.250444948673, 0.210785135627, 0.218469381332, 0.217194616795, 0.229692086577, 0.308964878321, 0.312659561634, 0.234552934766, 0.193750277162, 0.163218349218, 0.206654042006, 0.416536927223, 0.58527380228, 0.482526808977, 0.300508290529, 0.210598483682, 0.164294883609, 0.137813925743, 0.126506775618, 0.15100556612, 0.209087759256, 0.232046037912, 0.209902435541, 0.188514322042, 0.180669650435, 0.260569244623, 0.643775463104]
    chords_key: "G#"
    chords_scale: "minor"
    key_key: "G#"
    key_scale: "minor"
    chords_progression: ["E", "E", "E", "E", "E", "E", "E", "E", "E", "E", "E", "E", "E", "G#m", "G#m", "G#m", "G#m", "G#m", "G#m", "G#m", "G#m", "G#m", "G#m", "G#m", "G#m", "G#m", "G#m", "G#m", "G#m", "G#m", "G#m", "G#m", "G#m", "G#m", "G#m", "G#m", "G#m", "G#m", "G#m", "G#m", "G#m", "G#m", "G#m", "G#m", "G#m", "G#m", "G#m", "G#m", "G#m", "G#m", "G#m", "G#m", "G#m", "G#m", "G#m", "G#m", "G#m", "G#m", "G#m", "G#m", "G#m", "G#m", "G#m", "G#m", "G#m", "G#m", "G#m", "G#m", "G#m", "G#m", "G#m", "G#m", "G#m", "G#m", "G#m", "G#m", "G#m", "G#m", "G#m", "G#m", "G#m", "G#m", "G#m", "G#m", "G#m", "G#m", "C#m", "C#m", "C#m", "C#m", "C#m", "G#m", "G#m", "G#m", "G#m", "G#m", "G#m", "G#m", "G#m", "G#m", "G#m", "G#m", "G#m", "G#m", "G#m", "G#m", "G#m", "G#m", "G#m", "G#m", "G#m", "G#m", "G#m", "G#m", "G#m", "G#m", "G#m", "G#m", "G#m", "G#m", "G#m", "G#m", "G#m", "G#m", "G#m", "G#m", "G#m", "G#m", "G#m", "G#m", "G#m", "G#m", "G#m", "G#m", "G#m", "G#m", "G#m", "G#m", "G#m", "G#m", "G#m", "G#m", "G#m", "G#m", "G#m", "G#m", "G#m", "G#m", "G#m", "G#m", "G#m", "G#m", "G#m", "G#m", "G#m", "G#m", "G#m", "G#m", "G#m", "G#m", "G#m", "G#m", "G#m", "G#m", "G#m", "C#m", "C#m", "C#m", "C#m", "C#m", "C#m", "C#m", "C#m", "G#", "G#", "G#", "G#", "G#", "G#", "G#", "G#", "G#", "G#", "G#", "G#", "G#", "G#", "G#", "G#", "G#", "G#", "G#", "G#", "G#", "G#", "G#", "G#", "G#", "G#", "G#", "G#", "G#", "G#", "G#", "G#", "G#", "G#", "G#", "G#", "G#", "G#", "G#m", "G#m", "G#m", "G#m", "G#m"]
