
metadata:
    version:
        essentia: "1.2.2"
    audio_properties:
        analysis_sample_rate: 44100
        bitrate: 128
        channels: 2
        equal_loudness: 1
        length: 10.0048980713
        replay_gain: -10.9694194794
        downmix: "mix"
    tags:
        track: 11
        year: 0
        album: "Splitted by Mp3Splt v. 2.1"
        artist: "From 001.40 To 001.50"
        comment: "http://mp3splt.sf.net"
        genre: ""
        title: "03 Sweet Surrender.mp3"

highlevel:
    ballroom:
        all:
            ChaChaCha: 0.0549605078995
            Jive: 0.372516751289
            Quickstep: 0.0858160555363
            Rumba-American: 0.0181713942438
            Rumba-International: 0.175883173943
            Rumba-Misc: 0.0502852313221
            Samba: 0.0879159718752
            Tango: 0.00787936709821
            VienneseWaltz: 0.102217018604
            Waltz: 0.0443545170128
        probability: 0.372516751289
        value: "Jive"
    culture:
        all:
            non_western: 1.53289274749e-05
            western: 0.999984681606
        probability: 0.999984681606
        value: "western"
    gender:
        all:
            female: 0.250215053558
            male: 0.749784946442
        probability: 0.749784946442
        value: "male"
    genre_dortmund:
        all:
            alternative: 0.117882050574
            blues: 0.0211187843233
            electronic: 0.0257639754564
            folkcountry: 0.0503890886903
            funksoulrnb: 0.00513627612963
            jazz: 0.0893260613084
            pop: 0.142190366983
            raphiphop: 0.00119212409481
            rock: 0.547001242638
        probability: 0.547001242638
        value: "rock"
    genre_electronica:
        all:
            ambient: 0.45698544383
            dnb: 0.0972155556083
            house: 0.0126523813233
            techno: 0.00679804990068
            trance: 0.426348567009
        probability: 0.45698544383
        value: "ambient"
    genre_rosamerica:
        all:
            cla: 0.028580294922
            dan: 0.00579405156896
            hip: 0.00261891121045
            jaz: 0.0203207414597
            pop: 0.301714539528
            rhy: 0.0378998108208
            roc: 0.602056860924
            spe: 0.00101477373391
        probability: 0.602056860924
        value: "roc"
    genre_tzanetakis:
        all:
            blu: 0.0100320540369
            cla: 0.0409499555826
            cou: 0.4537076056
            dis: 0.0151101052761
            hip: 0.00248506246135
            jaz: 0.0861486569047
            met: 0.0124900024384
            pop: 0.0520683452487
            reg: 0.00794823467731
            roc: 0.319059997797
        probability: 0.4537076056
        value: "cou"
    live_studio:
        all:
            live: 0.0891307517886
            studio: 0.910869240761
        probability: 0.910869240761
        value: "studio"
    mood:
        all:
            Cluster1: 0.258890539408
            Cluster2: 0.288073062897
            Cluster3: 0.286865711212
            Cluster4: 0.0663127154112
            Cluster5: 0.0998579636216
        probability: 0.288073062897
        value: "Cluster2"
    mood_acoustic:
        all:
            acoustic: 0.185098290443
            not_acoustic: 0.814901709557
        probability: 0.814901709557
        value: "not_acoustic"
    mood_aggressive:
        all:
            aggressive: 0.117865040898
            not_aggressive: 0.882134974003
        probability: 0.882134974003
        value: "not_aggressive"
    mood_electronic:
        all:
            electronic: 0.056438870728
            not_electronic: 0.943561136723
        probability: 0.943561136723
        value: "not_electronic"
    mood_happy:
        all:
            happy: 0.732655823231
            not_happy: 0.267344146967
        probability: 0.732655823231
        value: "happy"
    mood_party:
        all:
            not_party: 0.906624257565
            party: 0.0933757275343
        probability: 0.906624257565
        value: "not_party"
    mood_relaxed:
        all:
            not_relaxed: 0.259408384562
            relaxed: 0.740591585636
        probability: 0.740591585636
        value: "relaxed"
    mood_sad:
        all:
            not_sad: 0.20979782939
            sad: 0.790202200413
        probability: 0.790202200413
        value: "sad"
    rhythm:
        all:
            fast: 0.730974376202
            medium: 0.131718173623
            slow: 0.137307435274
        probability: 0.730974376202
        value: "fast"
    speech_music:
        all:
            music: 0.999868392944
            speech: 0.000131588400109
        probability: 0.999868392944
        value: "music"
    timbre:
        all:
            bright: 0.999998450279
            dark: 1.55031011673e-06
        probability: 0.999998450279
        value: "bright"
    voice_instrumental:
        all:
            instrumental: 0.577961564064
            voice: 0.422038406134
        probability: 0.577961564064
        value: "instrumental"

lowlevel:
    average_loudness: 0.964585244656
    barkbands_kurtosis:
        dmean: 0.746417224407
        dmean2: 1.15583789349
        dvar: 1.39982497692
        dvar2: 2.88038372993
        max: 13.1797199249
        mean: -0.244409263134
        min: -1.78533637524
        var: 3.56802201271
    barkbands_skewness:
        dmean: 0.312554746866
        dmean2: 0.476304262877
        dvar: 0.0940485969186
        dvar2: 0.214676275849
        max: 3.51032185555
        mean: 0.730645895004
        min: -1.06155478954
        var: 0.493296891451
    barkbands_spread:
        dmean: 3.89336872101
        dmean2: 6.00985574722
        dvar: 16.7366104126
        dvar2: 37.1409988403
        max: 51.410118103
        mean: 28.6564674377
        min: 8.35361003876
        var: 73.5779647827
    dissonance:
        dmean: 0.0181657299399
        dmean2: 0.0293577723205
        dvar: 0.000324273831211
        dvar2: 0.000869651848916
        max: 0.494996577501
        mean: 0.454479902983
        min: 0.3347222507
        var: 0.000867667899001
    hfc:
        dmean: 1.29089570045
        dmean2: 1.92452085018
        dvar: 3.78238272667
        dvar2: 7.54372787476
        max: 21.8426799774
        mean: 5.86192464828
        min: 0.0205492638052
        var: 13.5195302963
    pitch:
        dmean: 437.17401123
        dmean2: 862.224243164
        dvar: 911291.625
        dvar2: 2400440.25
        max: 3675
        mean: 969.016235352
        min: 73.3777008057
        var: 1366543.5
    pitch_instantaneous_confidence:
        dmean: 0.0711220577359
        dmean2: 0.106412038207
        dvar: 0.00413895118982
        dvar2: 0.0084069147706
        max: 0.872733056545
        mean: 0.518304824829
        min: 0.192219257355
        var: 0.0230491999537
    pitch_salience:
        dmean: 0.0544670298696
        dmean2: 0.0856765210629
        dvar: 0.00271876808256
        dvar2: 0.00679103983566
        max: 0.786811828613
        mean: 0.548845231533
        min: 0.301681220531
        var: 0.00696290191263
    silence_rate_20dB:
        dmean: 0
        dmean2: 0
        dvar: 0
        dvar2: 0
        max: 1
        mean: 1
        min: 1
        var: 0
    silence_rate_30dB:
        dmean: 0
        dmean2: 0
        dvar: 0
        dvar2: 0
        max: 1
        mean: 1
        min: 1
        var: 0
    silence_rate_60dB:
        dmean: 0.048723898828
        dmean2: 0.0976744219661
        dvar: 0.04635001719
        dvar2: 0.0974366590381
        max: 1
        mean: 0.199074074626
        min: 0
        var: 0.159443646669
    spectral_centroid:
        dmean: 164.067398071
        dmean2: 251.121795654
        dvar: 26376.4375
        dvar2: 59886.1875
        max: 2623.32519531
        mean: 1101.90270996
        min: 395.960174561
        var: 100108.984375
    spectral_complexity:
        dmean: 2.47674417496
        dmean2: 3.88111877441
        dvar: 11.961060524
        dvar2: 22.7434501648
        max: 35
        mean: 12.1716938019
        min: 0
        var: 26.5598373413
    spectral_crest:
        dmean: 1.96792697906
        dmean2: 3.237023592
        dvar: 3.61795163155
        dvar2: 9.34349346161
        max: 22.4634170532
        mean: 8.91857624054
        min: 3.15422224998
        var: 12.2591190338
    spectral_decrease:
        dmean: 2.6016314103e-10
        dmean2: 4.07437944494e-10
        dvar: 9.94578057844e-20
        dvar2: 2.33869627617e-19
        max: -3.0476630334e-12
        mean: -1.25225729786e-09
        min: -3.88858412137e-09
        var: 3.4749575775e-19
    spectral_energy:
        dmean: 0.00107077835128
        dmean2: 0.00166649895255
        dvar: 1.79187611593e-06
        dvar2: 4.11751216234e-06
        max: 0.0163884945214
        mean: 0.0052580004558
        min: 1.33664725581e-05
        var: 6.31158945907e-06
    spectral_energyband_high:
        dmean: 6.13748561591e-05
        dmean2: 8.40350985527e-05
        dvar: 1.23556089804e-08
        dvar2: 2.14087716444e-08
        max: 0.000954781949986
        mean: 0.000122001569252
        min: 2.46228950118e-07
        var: 2.36364954276e-08
    spectral_energyband_low:
        dmean: 0.000139654337545
        dmean2: 0.000233865808696
        dvar: 4.43291483521e-08
        dvar2: 1.28545153188e-07
        max: 0.00171302282251
        mean: 0.000335240270942
        min: 1.1193615137e-06
        var: 6.48375930723e-08
    spectral_energyband_middle_high:
        dmean: 0.00041845429223
        dmean2: 0.0006388053298
        dvar: 2.34621808204e-07
        dvar2: 5.13763438903e-07
        max: 0.00719413114712
        mean: 0.00202505174093
        min: 7.17370448911e-06
        var: 2.08798951462e-06
    spectral_energyband_middle_low:
        dmean: 0.000789687270299
        dmean2: 0.00126709614415
        dvar: 8.98155121831e-07
        dvar2: 2.15933187064e-06
        max: 0.0103136664256
        mean: 0.00277570053004
        min: 4.82644873046e-06
        var: 2.6461939342e-06
    spectral_flatness_db:
        dmean: 0.0151557503268
        dmean2: 0.0213705506176
        dvar: 0.000205851247301
        dvar2: 0.00039008242311
        max: 0.240218192339
        mean: 0.157715246081
        min: 0.0827486217022
        var: 0.000769101781771
    spectral_flux:
        dmean: 0.00781437382102
        dmean2: 0.0114385709167
        dvar: 7.77370514697e-05
        dvar2: 0.000144618345075
        max: 0.0855993032455
        mean: 0.0308321006596
        min: 0.00365601875819
        var: 0.000216216751141
    spectral_kurtosis:
        dmean: 1.00483167171
        dmean2: 1.42382276058
        dvar: 0.808102190495
        dvar2: 1.70010900497
        max: 11.5992708206
        mean: 3.95309138298
        min: 0.793946266174
        var: 2.97539114952
    spectral_rms:
        dmean: 0.00022778857965
        dmean2: 0.000349565409124
        dvar: 6.34225827412e-08
        dvar2: 1.35192365747e-07
        max: 0.00399859668687
        mean: 0.00219245674089
        min: 0.000114194837806
        var: 3.22890628013e-07
    spectral_rolloff:
        dmean: 347.936401367
        dmean2: 562.071960449
        dvar: 231750.03125
        dvar2: 521276.15625
        max: 3832.91015625
        mean: 2356.6105957
        min: 301.46484375
        var: 543574
    spectral_skewness:
        dmean: 0.157575368881
        dmean2: 0.22434040904
        dvar: 0.0206989999861
        dvar2: 0.0391112789512
        max: 2.60736632347
        mean: 1.73908102512
        min: 1.08693957329
        var: 0.0733374208212
    spectral_spread:
        dmean: 668015.9375
        dmean2: 905268.3125
        dvar: 457496920064
        dvar2: 758624485376
        max: 14952445
        mean: 5913258.5
        min: 2599506
        var: 1.71000148787e+12
    spectral_strongpeak:
        dmean: 0.276405930519
        dmean2: 0.478455305099
        dvar: 0.225167587399
        dvar2: 0.57863008976
        max: 5.19627952576
        mean: 0.761575579643
        min: 0.00308833806776
        var: 0.837888240814
    zerocrossingrate:
        dmean: 0.00684956414625
        dmean2: 0.0082097267732
        dvar: 3.78152144549e-05
        dvar2: 4.94671585329e-05
        max: 0.126953125
        mean: 0.0696894004941
        min: 0.0263671875
        var: 0.000229194949497
    barkbands:
        dmean: [1.06537484612e-07, 3.97330550186e-05, 0.000110281551315, 0.000179810245754, 0.000503748771735, 0.000178926711669, 0.000201630406082, 0.000133652356453, 5.32692174602e-05, 8.62319429871e-05, 4.42296477559e-05, 1.01421346699e-05, 4.93471707159e-05, 7.59764952818e-05, 5.29622557224e-05, 7.35265493859e-05, 0.00014015888155, 0.000111449480755, 9.98055184027e-05, 5.52186975256e-05, 3.15904799209e-05, 1.08385056592e-05, 4.09536778534e-06, 3.27443081005e-06, 2.44457078225e-06, 1.17440308145e-07, 1.94356974959e-09]
        dmean2: [1.75660446189e-07, 6.81056189933e-05, 0.000179510694579, 0.000284415786155, 0.000869347597472, 0.000283535366179, 0.00028670244501, 0.000213558887481, 7.9407938756e-05, 0.000126465398353, 6.20913342573e-05, 1.59891824296e-05, 7.63068819651e-05, 0.000116014278319, 7.83763680374e-05, 0.00012339935347, 0.00021673469746, 0.000178248476004, 0.000158003211254, 9.02737592696e-05, 4.45013793069e-05, 1.50164760271e-05, 6.3743859755e-06, 5.01493332195e-06, 3.87093905374e-06, 1.76796618234e-07, 2.10498107833e-09]
        dvar: [5.19023470307e-14, 4.55503279539e-09, 2.52919054589e-08, 7.79990187993e-08, 4.90500269734e-07, 1.24201065432e-07, 1.00078842991e-07, 8.05170614626e-08, 1.8908629329e-08, 2.2101925623e-08, 1.73256022862e-08, 4.2845785253e-10, 1.11928804003e-08, 2.29560637166e-08, 5.67658275941e-09, 2.6095325012e-08, 2.69185402857e-08, 2.33756765056e-08, 3.09036245483e-08, 1.81685848588e-08, 3.26758420321e-09, 3.72806729931e-10, 6.85921944243e-11, 2.15504541295e-11, 1.90501989183e-11, 4.78080404854e-14, 1.23795209906e-15]
        dvar2: [1.29668763791e-13, 1.36085045455e-08, 6.89929606779e-08, 1.94385862073e-07, 1.32471029701e-06, 2.53486348356e-07, 2.1150270868e-07, 1.9736410195e-07, 3.00495273109e-08, 5.16350553426e-08, 3.03136253876e-08, 1.04631925346e-09, 2.52008724999e-08, 4.26537063447e-08, 1.0634747305e-08, 5.17846494574e-08, 5.50983685343e-08, 4.84941473644e-08, 7.0425379306e-08, 4.63261535799e-08, 6.53298037889e-09, 6.67515820396e-10, 1.64273303294e-10, 4.82468336116e-11, 4.70842774491e-11, 1.11497277882e-13, 1.23790572401e-15]
        max: [1.72247109731e-06, 0.000496178981848, 0.00123259145766, 0.00311156222597, 0.00542679103091, 0.0060722916387, 0.00466790283099, 0.00405508186668, 0.00269251875579, 0.00209900736809, 0.00336074782535, 0.000305676599964, 0.00188689178322, 0.00265807611868, 0.00138878228609, 0.0029166766908, 0.00176107755397, 0.00239145732485, 0.00153222121298, 0.00113088008948, 0.000509189732838, 0.000157635658979, 7.94163279352e-05, 4.43897333753e-05, 3.21509942296e-05, 2.12857889892e-06, 7.32606110887e-07]
        mean: [1.47708561826e-07, 8.96864949027e-05, 0.000245414266828, 0.000439883442596, 0.00107801763806, 0.000345814565662, 0.000462483585579, 0.000287361443043, 0.0001581251272, 0.000258766551269, 0.000204908224987, 1.74013257492e-05, 0.000124037149362, 0.000163163378602, 0.000121018492791, 0.000224951829296, 0.000333552918164, 0.000354352145223, 0.000182002069778, 7.63197458582e-05, 5.67871975363e-05, 1.55459802045e-05, 6.36579943603e-06, 7.26743564883e-06, 4.45785053671e-06, 1.6915122103e-07, 2.00431582442e-09]
        min: [4.55810285349e-11, 1.53845093109e-07, 9.63514594332e-07, 1.40630015721e-06, 1.48576918946e-06, 1.20457752928e-06, 8.40825862269e-08, 1.62240468171e-07, 2.10739301565e-07, 2.32674111089e-08, 1.72354273076e-08, 3.37338446066e-09, 1.27012773632e-08, 2.0667854983e-08, 1.5920968508e-06, 4.46228625606e-07, 2.72188140116e-06, 1.99949522539e-06, 1.69852938825e-07, 1.74623338012e-07, 1.78376609483e-07, 3.54190561325e-08, 8.5244433734e-09, 8.45940473226e-09, 7.69770203135e-09, 1.44518855216e-10, 2.02062151733e-12]
        var: [7.89043174331e-14, 6.30591090456e-09, 5.54587131774e-08, 2.51009595331e-07, 1.14543593099e-06, 3.31419528266e-07, 3.91279087353e-07, 2.70889586318e-07, 1.28013937228e-07, 1.93570528495e-07, 4.19727740564e-07, 5.77362047061e-10, 6.50398561675e-08, 9.11984088248e-08, 2.11998472111e-08, 2.6760673677e-07, 8.44089953489e-08, 1.80995570531e-07, 4.18534185087e-08, 1.77557186731e-08, 5.64677149484e-09, 5.88613713326e-10, 7.68063807e-11, 5.09890289713e-11, 2.29234253107e-11, 6.08731069566e-14, 1.24145680376e-15]
    mfcc:
        mean: [-707.203369141, 116.547714233, -28.7336673737, 43.9434394836, 11.671459198, -20.70403862, -8.02682685852, -4.97130870819, -1.95400059223, -4.80790948868, -1.55558538437, -4.02403974533, -15.5231590271]
        cov: [[1591.3828125, -317.350067139, -0.00263004750013, -268.533355713, -278.536468506, 88.9008483887, 46.1266136169, -71.163520813, -164.356872559, 22.7597923279, -46.1196632385, -47.1748542786, 23.840681076], [-317.350067139, 306.688140869, -83.2181015015, -20.3544692993, 108.764198303, -70.8052749634, 4.50229740143, 27.481803894, -5.22077178955, -0.225028589368, -6.5702881813, 28.1939029694, -5.03916072845], [-0.00263004750013, -83.2181015015, 223.713897705, 54.2167549133, -16.0570220947, 0.901673257351, -12.2245922089, -48.355255127, 1.11383152008, -26.583114624, -4.62003421783, 3.39729475975, -9.62745189667], [-268.533355713, -20.3544692993, 54.2167549133, 260.770233154, 54.1688804626, -4.41726112366, -52.9236183167, -10.964969635, 82.2578048706, -48.3272514343, 39.7036972046, -13.4773492813, -0.925357341766], [-278.536468506, 108.764198303, -16.0570220947, 54.1688804626, 162.83505249, -46.647731781, -29.0967617035, 21.498418808, 37.9276885986, -13.0457782745, 12.0623788834, 17.0936756134, -15.7337284088], [88.9008483887, -70.8052749634, 0.901673257351, -4.41726112366, -46.647731781, 110.882987976, 40.1755867004, 12.4545936584, -16.8658428192, 10.640586853, 6.6980843544, -26.2069168091, 11.7256813049], [46.1266136169, 4.50229740143, -12.2245922089, -52.9236183167, -29.0967617035, 40.1755867004, 98.8679428101, 17.3324451447, -40.6421432495, 17.8479747772, -19.0353431702, -0.482351094484, 7.53661441803], [-71.163520813, 27.481803894, -48.355255127, -10.964969635, 21.498418808, 12.4545936584, 17.3324451447, 71.8520278931, 19.2817764282, 20.9314365387, 7.05523490906, -1.13639843464, 1.4599378109], [-164.356872559, -5.22077178955, 1.11383152008, 82.2578048706, 37.9276885986, -16.8658428192, -40.6421432495, 19.2817764282, 102.46231842, 7.57578849792, 22.1140480042, 9.48051071167, -2.52929234505], [22.7597923279, -0.225028589368, -26.583114624, -48.3272514343, -13.0457782745, 10.640586853, 17.8479747772, 20.9314365387, 7.57578849792, 73.0849761963, 7.65501117706, 8.0956659317, -3.12325429916], [-46.1196632385, -6.5702881813, -4.62003421783, 39.7036972046, 12.0623788834, 6.6980843544, -19.0353431702, 7.05523490906, 22.1140480042, 7.65501117706, 61.011806488, 11.8209123611, 3.78165793419], [-47.1748542786, 28.1939029694, 3.39729475975, -13.4773492813, 17.0936756134, -26.2069168091, -0.482351094484, -1.13639843464, 9.48051071167, 8.0956659317, 11.8209123611, 65.0634078979, 20.7213096619], [23.840681076, -5.03916072845, -9.62745189667, -0.925357341766, -15.7337284088, 11.7256813049, 7.53661441803, 1.4599378109, -2.52929234505, -3.12325429916, 3.78165793419, 20.7213096619, 66.7054443359]]
        icov: [[0.00132062134799, 0.00116581015754, 0.00038936099736, 0.00100415886845, 0.000936713302508, 0.000173687119968, 0.000458577385871, 0.000551146862563, 0.00109669624362, 0.000110775945359, -9.86482773442e-05, 0.000404199265176, -0.00026045931736], [0.00116581015754, 0.00677138241008, 0.00202538631856, 0.000781213922892, -0.00246169464663, 0.00303114415146, -0.000946178101003, -0.000269193464192, 0.00261759199202, 7.59976101108e-05, 0.000307951704599, -0.000509421515744, -0.000359040655894], [0.00038936099736, 0.00202538631856, 0.006359572988, -0.00101825362071, -5.38640888408e-05, -1.75641125679e-05, -0.000403348385589, 0.00328720081598, 0.000631554925349, 0.000770027341787, 0.00112183217425, -0.00194004888181, 0.00148065027315], [0.00100415886845, 0.000781213922892, -0.00101825362071, 0.00894898269325, -0.000857551174704, -0.000515787687618, -0.000266432587523, 0.00232707732357, -0.00563912652433, 0.00513071240857, -0.00443027727306, 0.00377039494924, -0.00134878745303], [0.000936713302508, -0.00246169464663, -5.38640888408e-05, -0.000857551174704, 0.0114108743146, 0.00118776899762, 0.00175465247594, -0.00273847463541, -0.000577580358367, 0.00173643883318, -0.000330093636876, -0.00183621188626, 0.0024524636101], [0.000173687119968, 0.00303114415146, -1.75641125679e-05, -0.000515787687618, 0.00118776899762, 0.0163090154529, -0.00617987196892, -0.00224539777264, 0.0013686674647, -0.000981561955996, -0.00435724947602, 0.00671208417043, -0.00351418182254], [0.000458577385871, -0.000946178101003, -0.000403348385589, -0.000266432587523, 0.00175465247594, -0.00617987196892, 0.0179415643215, -0.00477172061801, 0.00664311926812, -0.00310295843519, 0.00558402575552, -0.00387590029277, 0.000274274556432], [0.000551146862563, -0.000269193464192, 0.00328720081598, 0.00232707732357, -0.00273847463541, -0.00224539777264, -0.00477172061801, 0.0220631621778, -0.00609814794734, -0.00225970917381, -0.00212958478369, 0.00287119136192, -0.00101377686951], [0.00109669624362, 0.00261759199202, 0.000631554925349, -0.00563912652433, -0.000577580358367, 0.0013686674647, 0.00664311926812, -0.00609814794734, 0.0208648536354, -0.00591044826433, 0.00141880987212, -0.00357459601946, 0.000369162007701], [0.000110775945359, 7.59976101108e-05, 0.000770027341787, 0.00513071240857, 0.00173643883318, -0.000981561955996, -0.00310295843519, -0.00225970917381, -0.00591044826433, 0.0205396600068, -0.00442410260439, -0.00156439200509, 0.00260497676209], [-9.86482773442e-05, 0.000307951704599, 0.00112183217425, -0.00443027727306, -0.000330093636876, -0.00435724947602, 0.00558402575552, -0.00212958478369, 0.00141880987212, -0.00442410260439, 0.0231904555112, -0.00702619506046, 0.000977304996923], [0.000404199265176, -0.000509421515744, -0.00194004888181, 0.00377039494924, -0.00183621188626, 0.00671208417043, -0.00387590029277, 0.00287119136192, -0.00357459601946, -0.00156439200509, -0.00702619506046, 0.0248925164342, -0.0091915903613], [-0.00026045931736, -0.000359040655894, 0.00148065027315, -0.00134878745303, 0.0024524636101, -0.00351418182254, 0.000274274556432, -0.00101377686951, 0.000369162007701, 0.00260497676209, 0.000977304996923, -0.0091915903613, 0.0193754527718]]
    spectral_contrast:
        mean: [1.35636000209e-07, -4.53175942994e-07, -2.29533199558e-07, 9.42818232375e-08, 5.63841297208e-07, 3.61914970881e-07, 2.02690375772e-06, 3.79133416573e-06, 2.52448489846e-06, -2.08955066228e-06, -1.80020549578e-06, -3.62883042726e-07]
        var: [0.000225239578867, 0.000624072679784, 0.00146839814261, 0.00219708844088, 0.00352799193934, 0.00747586879879, 0.0419209636748, 0.0601795092225, 0.115720734, 0.183428198099, 0.255344539881, 1.18608212471]

rhythm:
    beats_loudness:
        dmean: 0.0050929505378
        dmean2: 0.00994699448347
        dvar: 4.34223193224e-06
        dvar2: 1.1880767488e-05
        max: 0.011810887605
        mean: 0.00741958292201
        min: 0.00197016028687
        var: 9.04130229173e-06
    beats_loudness_bass:
        dmean: 0.0980378761888
        dmean2: 0.179300680757
        dvar: 0.00667185336351
        dvar2: 0.0142029933631
        max: 0.324850410223
        mean: 0.131747752428
        min: 0.0416425950825
        var: 0.00817590765655
    bpm: 113.646751404
    bpm_confidence: 0
    first_peak_bpm: 114
    first_peak_spread: 0
    first_peak_weight: 0.941176474094
    onset_rate: 3.59823775291
    second_peak_bpm: 105
    second_peak_spread: 0
    second_peak_weight: 0.0588235296309
    beats_position: [0.404481381178, 0.932860136032, 1.46123898029, 1.98961782455, 2.51799678802, 3.04637527466, 3.57475399971, 4.10313272476, 4.6315112114, 5.15989017487, 5.6882686615, 6.25848007202, 6.78605699539, 7.3136343956, 7.84121179581, 8.36878871918, 8.89636611938, 9.42394351959]
    bpm_estimates: [113.720527649, 113.70880127, 113.694351196, 113.535202026, 112.371505737, 113.504562378, 113.71811676, 113.81111908, 113.668251038, 113.83115387, 113.802825928, 113.646606445, 113.71736908, 114.727104187, 113.290542603, 114.119850159, 113.81943512, 113.633178711, 113.698814392, 113.511703491, 113.050758362]
    bpm_intervals: [0.528378725052, 0.528378844261, 0.528378844261, 0.52837896347, 0.528378486633, 0.528378725052, 0.528378725052, 0.528378486633, 0.52837896347, 0.528378486633, 0.570211410522, 0.52757692337, 0.527577400208, 0.527577400208, 0.52757692337, 0.527577400208, 0.527577400208]
    onset_times: [0.0464399084449, 0.139319732785, 0.383129239082, 0.661768734455, 0.9287981987, 1.19582772255, 1.45124721527, 1.70666670799, 2.00852608681, 2.27555561066, 2.51936507225, 3.03020405769, 3.35528349876, 3.5758728981, 4.1099319458, 4.63238096237, 4.91102027893, 5.16644001007, 5.4334692955, 5.66566896439, 5.97913837433, 6.52480745316, 6.76861667633, 7.07047605515, 7.27945566177, 7.58131504059, 7.8251247406, 8.103764534, 8.34757328033, 8.67265319824, 8.88163280487, 9.16027164459, 9.33442211151, 9.43891143799, 9.682721138, 9.94975090027]
    rubato_start: []
    rubato_stop: []
    perceptual_tempo: "unknown"

sfx:
    inharmonicity:
        dmean: 0.0314618200064
        dmean2: 0.056608967483
        dvar: 0.0021649110131
        dvar2: 0.00636583380401
        max: 0.350925713778
        mean: 0.0306108687073
        min: 0
        var: 0.00178907578811
    oddtoevenharmonicenergyratio:
        dmean: 13.4350013733
        dmean2: 25.7386035919
        dvar: 5877.30078125
        dvar2: 17411.8632812
        max: 903.097900391
        mean: 8.00649738312
        min: 0
        var: 3119.44775391
    pitch_after_max_to_before_max_energy_ratio: 7.63578701019
    pitch_centroid: 174.60925293
    pitch_max_to_total: 0.0371229685843
    pitch_min_to_total: 0.770301640034
    tristimulus:
        dmean: [0.203500136733, 0.216432183981, 0.0751808732748]
        dmean2: [0.360015720129, 0.385240644217, 0.130709350109]
        dvar: [0.0410439148545, 0.0508586615324, 0.00842848792672]
        dvar2: [0.116377912462, 0.154155135155, 0.0222393833101]
        max: [1, 0.995393872261, 0.557747960091]
        mean: [0.402770876884, 0.403678119183, 0.091432698071]
        min: [0.0024267914705, 0, 0]
        var: [0.0554850772023, 0.0693238228559, 0.00927309133112]

tonal:
    chords_changes_rate: 0.055299539119
    chords_number_rate: 0.0230414755642
    chords_strength:
        dmean: 0.00742888776585
        dmean2: 0.00599853601307
        dvar: 2.74200447166e-05
        dvar2: 2.63106030616e-05
        max: 0.644009768963
        mean: 0.497210711241
        min: 0.349649518728
        var: 0.00399353588
    key_strength: 0.849550485611
    tuning_diatonic_strength: 0.639086782932
    tuning_equal_tempered_deviation: 0.040763117373
    tuning_frequency: 439.745910645
    tuning_nontempered_energy_ratio: 0.605653166771
    hpcp:
        dmean: [0.170476362109, 0.177351072431, 0.138500824571, 0.0800630152225, 0.0828499123454, 0.0954149067402, 0.0989419594407, 0.0881099700928, 0.0595645345747, 0.0403850413859, 0.0549756363034, 0.0895437598228, 0.0809617415071, 0.091765537858, 0.0779120996594, 0.0914523601532, 0.0810512825847, 0.0536451302469, 0.0555086657405, 0.0753720328212, 0.146301105618, 0.162908867002, 0.128120288253, 0.057262506336, 0.0392055958509, 0.0316909402609, 0.0532596744597, 0.0781709551811, 0.0697370618582, 0.0511707141995, 0.046519305557, 0.0423647873104, 0.0520096234977, 0.06251719594, 0.0764104276896, 0.163816586137]
        dmean2: [0.295089334249, 0.297107636929, 0.24232801795, 0.149535536766, 0.151302814484, 0.160760119557, 0.170566543937, 0.143017113209, 0.107901975513, 0.0732255503535, 0.0978897213936, 0.14124520123, 0.134025484324, 0.141075700521, 0.125753507018, 0.133598431945, 0.131343379617, 0.0888022854924, 0.0943610444665, 0.135378837585, 0.230702713132, 0.254764616489, 0.201361596584, 0.0953265428543, 0.0626444593072, 0.053881444037, 0.0886069089174, 0.133013382554, 0.113361060619, 0.0897893533111, 0.0804954767227, 0.0723558142781, 0.084658972919, 0.10183301568, 0.134639903903, 0.274297654629]
        dvar: [0.0491948276758, 0.0466274693608, 0.0485417060554, 0.0262419730425, 0.0308296363801, 0.0231492165476, 0.0334696695209, 0.0183875057846, 0.0193452127278, 0.00868610292673, 0.0170521363616, 0.0233410261571, 0.0264492966235, 0.0188289713115, 0.0166952516884, 0.0240503381938, 0.0165847223252, 0.0062618185766, 0.0157403629273, 0.0259431209415, 0.0292079318315, 0.0281754340976, 0.0220579598099, 0.0117763299495, 0.00381201691926, 0.00457403482869, 0.00690301833674, 0.0176587477326, 0.0123587837443, 0.00836029462516, 0.0133885620162, 0.00689737219363, 0.00880965776742, 0.010633234866, 0.019993128255, 0.0413444675505]
        dvar2: [0.112671926618, 0.116366259754, 0.130752712488, 0.071216352284, 0.0760750547051, 0.0559596978128, 0.0638608559966, 0.0436180345714, 0.0594601780176, 0.0224037282169, 0.0421272814274, 0.0474466606975, 0.0502415187657, 0.0428962856531, 0.0431632809341, 0.0421813093126, 0.0337474308908, 0.0142798544839, 0.042134758085, 0.0661297887564, 0.0750045925379, 0.0615160800517, 0.0517375506461, 0.029098732397, 0.00840427540243, 0.0106780165806, 0.0174310337752, 0.0392332337797, 0.0285843126476, 0.0217467900366, 0.04344439134, 0.0183440893888, 0.0184695012867, 0.0255147386342, 0.0543053559959, 0.103439047933]
        max: [1, 1, 1, 0.774708509445, 1, 1, 1, 0.989891827106, 1, 0.758832395077, 1, 1, 1, 1, 1, 1, 1, 0.528216719627, 1, 1, 1, 1, 1, 1, 0.55668181181, 0.658930897713, 0.748606920242, 1, 1, 0.872124195099, 1, 0.525963008404, 0.925811171532, 1, 0.806665480137, 1]
        mean: [0.448114484549, 0.318759351969, 0.107024081051, 0.0547194071114, 0.0716775879264, 0.162273734808, 0.242320880294, 0.160346075892, 0.0517719164491, 0.0314611122012, 0.0451743640006, 0.17279741168, 0.260782510042, 0.164654389024, 0.160960450768, 0.252929568291, 0.176457613707, 0.0779258832335, 0.0669583380222, 0.0758868083358, 0.270083189011, 0.395273923874, 0.215156778693, 0.0977336615324, 0.0793918594718, 0.0499799586833, 0.0933748781681, 0.151242017746, 0.129309132695, 0.0741290077567, 0.0461412072182, 0.0442971475422, 0.0894713848829, 0.104363448918, 0.0806458368897, 0.246043741703]
        min: [0.0029527132865, 0.0017809595447, 0.000788179168012, 0.00035141519038, 0.000426440878073, 0.00155961257406, 0.00253399834037, 0.00131221266929, 0, 0, 0.000377049465897, 0.00153660774231, 0.00187190261204, 0.00258562271483, 0.00145350850653, 0.00124475301709, 0.0013502308866, 0.00309747154824, 0.00265293172561, 0.00155688030645, 0.00505443895236, 0.00599815975875, 0.00952162500471, 0.00094699615147, 0.000628317473456, 0.000567961775232, 0.00375676178373, 0.00424747401848, 0.00308502814732, 0.00142094190232, 0.000507410266437, 0, 0.00321815651841, 0.00166306120809, 0.0038557567168, 0.00254591368139]
        var: [0.147021442652, 0.0907972157001, 0.0384502857924, 0.0171042773873, 0.0259898900986, 0.0462923049927, 0.101997554302, 0.0540430806577, 0.0142328804359, 0.00657081929967, 0.0137942675501, 0.0591512136161, 0.122751452029, 0.0454073101282, 0.0372976437211, 0.126908525825, 0.058288551867, 0.0089984415099, 0.0133526334539, 0.0216401200742, 0.0698896497488, 0.0950389131904, 0.0401854962111, 0.0186523273587, 0.0109256235883, 0.0063806832768, 0.0142123885453, 0.0420254021883, 0.0300022717565, 0.0148628298193, 0.0107229771093, 0.00706414086744, 0.0164033398032, 0.0191663708538, 0.0153352543712, 0.0580644086003]
    chords_histogram: [56.2211990356, 0, 13.3640556335, 0, 0, 0, 0, 0, 0, 0, 0, 0, 0, 0, 0, 0.460829496384, 0, 0, 0, 8.29493045807, 0, 0, 16.129032135, 5.5299539566]
    thpcp: [1, 0.711334645748, 0.238832011819, 0.122110329568, 0.159953743219, 0.362125605345, 0.540756642818, 0.357823908329, 0.115532793105, 0.0702077522874, 0.10080987215, 0.385609954596, 0.581955075264, 0.367438226938, 0.359194934368, 0.564430713654, 0.393777966499, 0.173897266388, 0.149422392249, 0.169346928596, 0.60271024704, 0.882082462311, 0.480137974024, 0.218099758029, 0.177168697119, 0.111533902586, 0.208372816443, 0.337507545948, 0.288562715054, 0.165424257517, 0.102967455983, 0.0988522991538, 0.199661895633, 0.232894614339, 0.179967045784, 0.549064457417]
    chords_key: "A"
    chords_scale: "major"
    key_key: "A"
    key_scale: "major"
    chords_progression: ["A", "A", "A", "A", "A", "A", "A", "A", "A", "A", "A", "A", "A", "A", "A", "A", "A", "A", "A", "A", "A", "A", "A", "A", "A", "A", "A", "A", "A", "A", "A", "E", "E", "E", "E", "Em", "Em", "Em", "Em", "Em", "Em", "Em", "Em", "E", "E", "E", "E", "E", "E", "E", "E", "E", "E", "E", "E", "E", "E", "E", "E", "E", "E", "E", "E", "E", "E", "E", "Em", "Em", "Em", "Em", "Em", "Em", "Em", "Em", "Em", "Em", "E", "E", "A", "A", "A", "A", "A", "A", "A", "A", "A", "A", "A", "A", "A", "A", "A", "A", "A", "A", "A", "A", "A", "A", "A", "A", "A", "A", "A", "F#m", "F#m", "F#m", "F#m", "F#m", "F#m", "F#m", "F#m", "F#m", "F#m", "F#m", "F#m", "A", "A", "A", "A", "A", "A", "A", "A", "A", "A", "A", "A", "A", "A", "A", "A", "A", "A", "A", "A", "A", "A", "A", "A", "A", "A", "A", "A", "A", "A", "A", "A", "A", "A", "A", "D", "D", "D", "D", "D", "D", "D", "D", "D", "D", "D", "D", "D", "D", "D", "D", "D", "Dm", "D", "D", "D", "D", "D", "D", "D", "D", "D", "D", "D", "D", "D", "D", "D", "D", "D", "D", "A", "A", "A", "A", "A", "A", "A", "A", "A", "A", "A", "A", "A", "A", "A", "A", "A", "A", "A", "A", "A", "A", "A", "A", "A", "A", "A", "A", "A"]
