
metadata:
    version:
        essentia: "1.2.2"
    audio_properties:
        analysis_sample_rate: 44100
        bitrate: 128
        channels: 2
        equal_loudness: 1
        length: 10.0310201645
        replay_gain: -14.8293876648
        downmix: "mix"
    tags:
        track: 9
        year: 0
        album: "Splitted by Mp3Splt v. 2.1"
        artist: "From 001.20 To 001.30"
        comment: "http://mp3splt.sf.net"
        genre: ""
        title: "01 Ten Thousand Angels.mp3"

highlevel:
    ballroom:
        all:
            ChaChaCha: 0.0792562067509
            Jive: 0.125472322106
            Quickstep: 0.568382680416
            Rumba-American: 0.00426372746006
            Rumba-International: 0.037803914398
            Rumba-Misc: 0.0196291208267
            Samba: 0.117750048637
            Tango: 0.0217898972332
            VienneseWaltz: 0.0113520417362
            Waltz: 0.0143000176176
        probability: 0.568382680416
        value: "Quickstep"
    culture:
        all:
            non_western: 0.71729940176
            western: 0.28270059824
        probability: 0.71729940176
        value: "non_western"
    gender:
        all:
            female: 0.510673701763
            male: 0.489326298237
        probability: 0.510673701763
        value: "female"
    genre_dortmund:
        all:
            alternative: 0.0362168326974
            blues: 0.1250218153
            electronic: 0.0199773646891
            folkcountry: 0.199325069785
            funksoulrnb: 0.0156650431454
            jazz: 0.453747242689
            pop: 0.0636940225959
            raphiphop: 0.0164620280266
            rock: 0.0698905810714
        probability: 0.453747242689
        value: "jazz"
    genre_electronica:
        all:
            ambient: 0.53593736887
            dnb: 0.175046727061
            house: 0.133401438594
            techno: 0.0276490841061
            trance: 0.127965345979
        probability: 0.53593736887
        value: "ambient"
    genre_rosamerica:
        all:
            cla: 0.0537906102836
            dan: 0.0314275436103
            hip: 0.0124420039356
            jaz: 0.165158212185
            pop: 0.444196432829
            rhy: 0.269551187754
            roc: 0.0133678736165
            spe: 0.0100661329925
        probability: 0.444196432829
        value: "pop"
    genre_tzanetakis:
        all:
            blu: 0.00826094672084
            cla: 0.00463238591328
            cou: 0.0807592645288
            dis: 0.0302612315863
            hip: 0.00648343143985
            jaz: 0.0113077778369
            met: 0.00385863566771
            pop: 0.61058473587
            reg: 0.186113119125
            roc: 0.0577384606004
        probability: 0.61058473587
        value: "pop"
    live_studio:
        all:
            live: 0.593711137772
            studio: 0.406288892031
        probability: 0.593711137772
        value: "live"
    mood:
        all:
            Cluster1: 0.168497115374
            Cluster2: 0.372530370951
            Cluster3: 0.0988647416234
            Cluster4: 0.233764350414
            Cluster5: 0.126343414187
        probability: 0.372530370951
        value: "Cluster2"
    mood_acoustic:
        all:
            acoustic: 0.42546454072
            not_acoustic: 0.574535429478
        probability: 0.574535429478
        value: "not_acoustic"
    mood_aggressive:
        all:
            aggressive: 0.00602110940963
            not_aggressive: 0.993978917599
        probability: 0.993978917599
        value: "not_aggressive"
    mood_electronic:
        all:
            electronic: 0.288668781519
            not_electronic: 0.711331188679
        probability: 0.711331188679
        value: "not_electronic"
    mood_happy:
        all:
            happy: 0.317989677191
            not_happy: 0.682010352612
        probability: 0.682010352612
        value: "not_happy"
    mood_party:
        all:
            not_party: 0.782582163811
            party: 0.217417836189
        probability: 0.782582163811
        value: "not_party"
    mood_relaxed:
        all:
            not_relaxed: 0.054641880095
            relaxed: 0.945358097553
        probability: 0.945358097553
        value: "relaxed"
    mood_sad:
        all:
            not_sad: 0.364621043205
            sad: 0.635378956795
        probability: 0.635378956795
        value: "sad"
    rhythm:
        all:
            fast: 0.118091478944
            medium: 0.692437708378
            slow: 0.189470782876
        probability: 0.692437708378
        value: "medium"
    speech_music:
        all:
            music: 0.995377719402
            speech: 0.00462231040001
        probability: 0.995377719402
        value: "music"
    timbre:
        all:
            bright: 0.990364670753
            dark: 0.00963531527668
        probability: 0.990364670753
        value: "bright"
    voice_instrumental:
        all:
            instrumental: 0.0366671197116
            voice: 0.963332891464
        probability: 0.963332891464
        value: "voice"

lowlevel:
    average_loudness: 0.561988532543
    barkbands_kurtosis:
        dmean: 1.89405155182
        dmean2: 2.55357837677
        dvar: 35.7606201172
        dvar2: 39.8896408081
        max: 149.436019897
        mean: 2.25795936584
        min: -1.90120375156
        var: 160.854507446
    barkbands_skewness:
        dmean: 0.456242769957
        dmean2: 0.685913741589
        dvar: 0.289108067751
        dvar2: 0.482925832272
        max: 10.1557426453
        mean: 1.05244290829
        min: -2.04678297043
        var: 1.98789441586
    barkbands_spread:
        dmean: 5.32663583755
        dmean2: 8.50715827942
        dvar: 46.5678024292
        dvar2: 108.772499084
        max: 69.749420166
        mean: 29.199716568
        min: 0.760388433933
        var: 154.547714233
    dissonance:
        dmean: 0.0195770002902
        dmean2: 0.0311082582921
        dvar: 0.000390437722672
        dvar2: 0.00104396254756
        max: 0.495986670256
        mean: 0.448977589607
        min: 0.25132215023
        var: 0.00125430361368
    hfc:
        dmean: 1.46274197102
        dmean2: 2.15462732315
        dvar: 10.6873865128
        dvar2: 22.5725269318
        max: 37.6125526428
        mean: 3.97582197189
        min: 1.61534717336e-05
        var: 47.6836357117
    pitch:
        dmean: 423.527404785
        dmean2: 828.701538086
        dvar: 1261768.875
        dvar2: 2885875.25
        max: 4900
        mean: 870.297180176
        min: 77.9151916504
        var: 2080171
    pitch_instantaneous_confidence:
        dmean: 0.0729925483465
        dmean2: 0.120118767023
        dvar: 0.00527101382613
        dvar2: 0.0128581477329
        max: 0.927646279335
        mean: 0.488440871239
        min: 0.198602199554
        var: 0.0304000638425
    pitch_salience:
        dmean: 0.0539491251111
        dmean2: 0.0869333595037
        dvar: 0.00285342941061
        dvar2: 0.00652988022193
        max: 0.97976154089
        mean: 0.582205474377
        min: 0.188296407461
        var: 0.012188417837
    silence_rate_20dB:
        dmean: 0
        dmean2: 0
        dvar: 0
        dvar2: 0
        max: 1
        mean: 1
        min: 1
        var: 0
    silence_rate_30dB:
        dmean: 0
        dmean2: 0
        dvar: 0
        dvar2: 0
        max: 1
        mean: 1
        min: 1
        var: 0
    silence_rate_60dB:
        dmean: 0.0555555559695
        dmean2: 0.111368909478
        dvar: 0.0524689368904
        dvar2: 0.108245931566
        max: 1
        mean: 0.748267889023
        min: 0
        var: 0.188363671303
    spectral_centroid:
        dmean: 263.325073242
        dmean2: 402.074432373
        dvar: 130282.65625
        dvar2: 243709.234375
        max: 4423.04248047
        mean: 1275.84094238
        min: 261.602294922
        var: 634318.375
    spectral_complexity:
        dmean: 1.58700692654
        dmean2: 2.41860461235
        dvar: 8.20528125763
        dvar2: 16.880525589
        max: 29
        mean: 5.76388883591
        min: 0
        var: 34.2775497437
    spectral_crest:
        dmean: 2.12113046646
        dmean2: 3.45292258263
        dvar: 3.97326350212
        dvar2: 9.51683044434
        max: 24.8987388611
        mean: 9.11829662323
        min: 3.09922742844
        var: 16.1629142761
    spectral_decrease:
        dmean: 1.3595041759e-10
        dmean2: 2.0672619172e-10
        dvar: 6.21386671073e-20
        dvar2: 1.40399614266e-19
        max: -7.43365696571e-16
        mean: -5.1385479205e-10
        min: -2.61212051988e-09
        var: 3.49544709976e-19
    spectral_energy:
        dmean: 0.000632018141914
        dmean2: 0.0009480380686
        dvar: 1.43538966313e-06
        dvar2: 3.20772187479e-06
        max: 0.0132703194395
        mean: 0.00230002566241
        min: 4.27080548704e-09
        var: 7.83028826845e-06
    spectral_energyband_high:
        dmean: 0.000180190443643
        dmean2: 0.000280782114714
        dvar: 2.00416238272e-07
        dvar2: 4.5505299795e-07
        max: 0.00431689061224
        mean: 0.000353090086719
        min: 1.49178591702e-09
        var: 5.52939241061e-07
    spectral_energyband_low:
        dmean: 3.96185823774e-05
        dmean2: 6.94951231708e-05
        dvar: 1.51343595434e-08
        dvar2: 4.1925989791e-08
        max: 0.00108917907346
        mean: 6.72971145832e-05
        min: 6.91880840814e-12
        var: 1.20942384996e-08
    spectral_energyband_middle_high:
        dmean: 0.000235486659221
        dmean2: 0.00034149523708
        dvar: 2.60688352682e-07
        dvar2: 4.97861435633e-07
        max: 0.00658798916265
        mean: 0.000677597650792
        min: 2.74631273278e-09
        var: 1.3484137753e-06
    spectral_energyband_middle_low:
        dmean: 0.000334823620506
        dmean2: 0.000520482950378
        dvar: 3.43926217283e-07
        dvar2: 8.34866057176e-07
        max: 0.00623948825523
        mean: 0.00120204046834
        min: 1.45830934134e-11
        var: 1.82446603958e-06
    spectral_flatness_db:
        dmean: 0.0191645808518
        dmean2: 0.0291186906397
        dvar: 0.000324888766045
        dvar2: 0.000702436489519
        max: 0.447720170021
        mean: 0.169658049941
        min: 0.0675040185452
        var: 0.00315062259324
    spectral_flux:
        dmean: 0.00699491659179
        dmean2: 0.0109813502058
        dvar: 0.000119985947094
        dvar2: 0.000268669857178
        max: 0.0912520512938
        mean: 0.0216252282262
        min: 6.53513998259e-05
        var: 0.000344535219483
    spectral_kurtosis:
        dmean: 1.52419161797
        dmean2: 2.52620244026
        dvar: 4.51047325134
        dvar2: 12.2831735611
        max: 26.9224376678
        mean: 4.20492887497
        min: -0.228646278381
        var: 11.5920782089
    spectral_rms:
        dmean: 0.000188671678188
        dmean2: 0.000281534041278
        dvar: 9.65264419506e-08
        dvar2: 2.08191295314e-07
        max: 0.00359814590774
        mean: 0.00127095775679
        min: 2.04123489311e-06
        var: 6.28593113561e-07
    spectral_rolloff:
        dmean: 479.925354004
        dmean2: 785.61114502
        dvar: 478973.96875
        dvar2: 990671.75
        max: 5921.63085938
        mean: 2536.8815918
        min: 258.3984375
        var: 2175286.25
    spectral_skewness:
        dmean: 0.23095408082
        dmean2: 0.36800429225
        dvar: 0.0742394253612
        dvar2: 0.176191866398
        max: 3.61858415604
        mean: 1.49701750278
        min: 0.0583576112986
        var: 0.283229857683
    spectral_spread:
        dmean: 704385.5625
        dmean2: 1033729.3125
        dvar: 1.91390390682e+12
        dvar2: 2.6335224791e+12
        max: 23892544
        mean: 5205623.5
        min: 1846272.875
        var: 4.15793964646e+12
    spectral_strongpeak:
        dmean: 0.278761804104
        dmean2: 0.47906473279
        dvar: 0.671068072319
        dvar2: 1.8873770237
        max: 8.2302904129
        mean: 0.409618526697
        min: 5.44678587175e-05
        var: 0.748975217342
    zerocrossingrate:
        dmean: 0.0091878445819
        dmean2: 0.00993822701275
        dvar: 0.000119106778584
        dvar2: 0.000117709074402
        max: 0.21630859375
        mean: 0.0774615257978
        min: 0.01220703125
        var: 0.00133726687636
    barkbands:
        dmean: [5.54757093596e-08, 1.27578150568e-05, 3.01837808365e-05, 4.54137771158e-05, 0.000180380506208, 9.34666095418e-05, 5.55968363187e-05, 7.39455790608e-05, 7.67758538132e-05, 1.60950730788e-05, 1.4516097508e-05, 5.11174903295e-06, 8.04925821285e-06, 1.56491005328e-05, 2.5292592909e-05, 2.64113768935e-05, 3.08664639306e-05, 5.91536954744e-05, 0.000115285743959, 0.000128119747387, 9.15579730645e-05, 2.48793312494e-05, 4.31914486398e-06, 1.62137166626e-06, 7.08809011485e-07, 4.54445476805e-08, 3.83996723308e-10]
        dmean2: [9.15218194564e-08, 2.21449390665e-05, 5.13914201292e-05, 8.01727146609e-05, 0.000292126525892, 0.00013783139002, 8.8712782599e-05, 0.000105193263153, 0.000103974081867, 2.39119890466e-05, 1.99748574232e-05, 7.78813318902e-06, 1.29499258037e-05, 2.13455150515e-05, 3.91882858821e-05, 3.63261606253e-05, 4.82664217998e-05, 9.54601055128e-05, 0.000184576929314, 0.000208718207432, 0.000137255789014, 3.67388638551e-05, 5.94689527134e-06, 2.36613323068e-06, 9.76487399384e-07, 6.85365932895e-08, 6.64695631869e-10]
        dvar: [1.30006284397e-14, 1.93156157735e-09, 6.72206468266e-09, 1.23420562659e-08, 1.55483022013e-07, 5.04712893701e-08, 2.42199007516e-08, 6.38981560996e-08, 8.59707256495e-08, 2.01943439748e-09, 1.24304133653e-09, 7.97683516462e-11, 1.57350396601e-10, 2.65986876968e-09, 4.40248104638e-09, 4.09184686134e-09, 7.38824157409e-09, 2.38546267184e-08, 7.43008570225e-08, 8.88383482334e-08, 5.82097783308e-08, 8.38661584623e-09, 2.88137902427e-10, 7.22526760644e-11, 3.60215958624e-12, 1.5974290914e-14, 8.2861344447e-19]
        dvar2: [3.32664295687e-14, 5.46711165228e-09, 1.82243002911e-08, 3.72700981188e-08, 4.04763767392e-07, 8.06612519e-08, 5.81048738013e-08, 1.05904142345e-07, 1.50843760593e-07, 4.6825983091e-09, 1.59406665645e-09, 1.8467660734e-10, 4.19586226874e-10, 4.27813784398e-09, 9.441444071e-09, 6.83460532613e-09, 1.34213138381e-08, 5.47777609938e-08, 1.60750275313e-07, 2.23194959403e-07, 1.34344688263e-07, 1.59623549933e-08, 5.42920874924e-10, 1.7523607565e-10, 7.80390595895e-12, 3.6898750792e-14, 2.23810092902e-18]
        max: [1.11452220608e-06, 0.000384871207643, 0.000703241501469, 0.00185808958486, 0.00399282528087, 0.00383204384707, 0.00247902749106, 0.00448598479852, 0.00554101355374, 0.000677973672282, 0.000498786976095, 8.7707034254e-05, 0.00012053084356, 0.0010243630968, 0.000793086539488, 0.00134333362803, 0.00157865101937, 0.001993146725, 0.00333416811191, 0.00334701524116, 0.00248067406937, 0.00132626411505, 0.000291601405479, 0.000148932420416, 2.44263665081e-05, 1.48581125359e-06, 8.76594175026e-09]
        mean: [1.23253940387e-07, 2.16302269109e-05, 4.55454210169e-05, 9.08904839889e-05, 0.000409973639762, 0.000216271699173, 0.000126470404211, 0.000164116136148, 0.000187411249499, 2.94853125524e-05, 2.51212186413e-05, 9.23159768718e-06, 1.33758376251e-05, 2.19190587814e-05, 4.30248401244e-05, 5.93248078076e-05, 6.69904475217e-05, 0.000103815167677, 0.000235773564782, 0.000232517035329, 0.000154042238137, 3.38115096383e-05, 5.69708618059e-06, 2.28104204325e-06, 1.1236032833e-06, 5.96927947072e-08, 4.14507567159e-10]
        min: [1.9604678124e-12, 3.405190626e-12, 2.523751607e-12, 2.46183889246e-12, 4.06478973744e-12, 8.83227031009e-13, 1.19493694453e-12, 4.19806116952e-12, 1.73277202049e-12, 7.16804783932e-12, 3.71649898356e-11, 7.91626070251e-11, 1.03332800649e-10, 1.0641330872e-10, 1.06785559562e-10, 2.54619603179e-10, 1.50951959266e-10, 1.09121534031e-09, 6.56206977645e-10, 3.96934485281e-10, 8.26635537798e-10, 1.57591453775e-10, 1.14656402428e-10, 5.3958004731e-11, 4.1222927849e-11, 5.51999158188e-12, 3.04210663279e-14]
        var: [2.47317052634e-14, 1.41235034778e-09, 6.09304073862e-09, 2.11053379218e-08, 5.05807577156e-07, 2.13306449837e-07, 6.18738340563e-08, 2.76568584923e-07, 3.72827145156e-07, 4.46079928551e-09, 3.1194797856e-09, 1.78657713623e-10, 2.6478105819e-10, 5.73601255383e-09, 8.81237216532e-09, 2.37705197748e-08, 2.29273009467e-08, 5.42879341481e-08, 3.02166313304e-07, 2.79852770291e-07, 1.25419660435e-07, 1.26394263944e-08, 3.99003358131e-10, 6.9249508905e-11, 6.78015326175e-12, 2.13579272947e-14, 8.4425858348e-19]
    mfcc:
        mean: [-795.30078125, 115.344680786, -31.527551651, 60.1242027283, -15.8140707016, -11.7542009354, -6.40084123611, -13.6281042099, -3.24741625786, -5.77983808517, -7.10146713257, -9.20373630524, -9.32266616821]
        cov: [[6405.04394531, -1848.90710449, -72.3517074585, -75.5472488403, -751.432617188, -460.803314209, -189.965637207, -53.7148933411, 155.003463745, 234.032394409, -247.323364258, 131.053756714, 89.5494155884], [-1848.90710449, 1543.4230957, -272.034790039, 105.103790283, 296.680450439, 28.7240791321, 101.026176453, -8.49064445496, 12.8751945496, -23.3681659698, 35.6956596375, -29.4353160858, 8.43111419678], [-72.3517074585, -272.034790039, 490.978149414, -20.2553424835, 79.5108032227, 151.480194092, 9.49890041351, 13.1433620453, -49.9827270508, -75.3124465942, 65.1538238525, -14.1986894608, -18.6722869873], [-75.5472488403, 105.103790283, -20.2553424835, 288.038757324, 60.4534378052, -21.7605991364, 23.9291934967, 96.4016647339, 14.1088676453, 40.1022567749, 12.3521690369, 43.7214775085, 32.8128395081], [-751.432617188, 296.680450439, 79.5108032227, 60.4534378052, 244.406600952, 104.102638245, 48.6230201721, 42.9250068665, -5.82278442383, -44.660194397, 58.8826370239, -4.53433513641, 27.4989376068], [-460.803314209, 28.7240791321, 151.480194092, -21.7605991364, 104.102638245, 347.819702148, 135.48840332, 80.858505249, 7.8409910202, -46.7055397034, 79.1284332275, -39.2952613831, 16.0726127625], [-189.965637207, 101.026176453, 9.49890041351, 23.9291934967, 48.6230201721, 135.48840332, 194.54397583, 89.9543914795, 42.6487922668, 15.3443489075, 34.1440696716, -1.18784415722, 12.537774086], [-53.7148933411, -8.49064445496, 13.1433620453, 96.4016647339, 42.9250068665, 80.858505249, 89.9543914795, 150.163208008, 54.5683364868, 11.6664295197, 35.4355163574, 32.1258354187, 47.6080551147], [155.003463745, 12.8751945496, -49.9827270508, 14.1088676453, -5.82278442383, 7.8409910202, 42.6487922668, 54.5683364868, 114.21295929, 42.8962364197, -24.0703964233, 7.96002674103, 30.1586475372], [234.032394409, -23.3681659698, -75.3124465942, 40.1022567749, -44.660194397, -46.7055397034, 15.3443489075, 11.6664295197, 42.8962364197, 120.444831848, -7.66971302032, 12.5587768555, 1.61815524101], [-247.323364258, 35.6956596375, 65.1538238525, 12.3521690369, 58.8826370239, 79.1284332275, 34.1440696716, 35.4355163574, -24.0703964233, -7.66971302032, 104.065353394, 12.9493217468, 1.04141771793], [131.053756714, -29.4353160858, -14.1986894608, 43.7214775085, -4.53433513641, -39.2952613831, -1.18784415722, 32.1258354187, 7.96002674103, 12.5587768555, 12.9493217468, 96.1554412842, 28.7511844635], [89.5494155884, 8.43111419678, -18.6722869873, 32.8128395081, 27.4989376068, 16.0726127625, 12.537774086, 47.6080551147, 30.1586475372, 1.61815524101, 1.04141771793, 28.7511844635, 90.9957504272]]
        icov: [[0.000372048438294, 0.000320109102177, -7.15355781722e-05, -0.000132225628477, 0.000676006136928, 0.000241740955971, -0.000176858375198, 0.000374724419089, -0.000396856717998, -0.000159504750627, 0.000118645635666, -0.000137642171467, -0.000604966713581], [0.000320109102177, 0.00154166028369, 0.00094392860774, -0.000585780479014, -0.00113056832924, 0.000357136013918, -0.000945564999711, 0.00155732827261, -0.000745971919969, 0.000387799809687, -0.000298957398627, 0.000129989581183, -0.000256164377788], [-7.15355781722e-05, 0.00094392860774, 0.00352915469557, -0.000320082879625, -0.00176334020216, -0.00106901186518, 0.000153165863594, 0.00061866332544, 0.000196924011107, 0.00134802889079, -0.000972850306425, -7.54764405428e-05, 0.00114520511124], [-0.000132225628477, -0.000585780479014, -0.000320082879625, 0.00619546277449, -0.00163999258075, 0.000790424994193, 0.00128056271933, -0.00606516888365, 0.00301987142302, -0.00286706374027, 0.00191383669153, -0.000870460469741, 0.000540676293895], [0.000676006136928, -0.00113056832924, -0.00176334020216, -0.00163999258075, 0.00982194766402, -0.000373305374524, -0.000214680709178, 0.000826485513244, -0.00146582850721, 0.00171883322764, -0.00242813210934, 0.000459755858174, -0.00329827959649], [0.000241740955971, 0.000357136013918, -0.00106901186518, 0.000790424994193, -0.000373305374524, 0.00655735377222, -0.0033470063936, -0.00122070242651, -0.000414651469328, 0.0013123016106, -0.00258513959125, 0.00295399874449, -0.00151063932572], [-0.000176858375198, -0.000945564999711, 0.000153165863594, 0.00128056271933, -0.000214680709178, -0.0033470063936, 0.010319031775, -0.005871118512, -0.000195901797269, -0.00216518179514, 0.000758038542699, -0.000405758968554, 0.0023602489382], [0.000374724419089, 0.00155732827261, 0.00061866332544, -0.00606516888365, 0.000826485513244, -0.00122070242651, -0.005871118512, 0.0205902382731, -0.00815890729427, 0.00343586667441, -0.00524368183687, -0.00223183212802, -0.0047886474058], [-0.000396856717998, -0.000745971919969, 0.000196924011107, 0.00301987142302, -0.00146582850721, -0.000414651469328, -0.000195901797269, -0.00815890729427, 0.0168618317693, -0.00577465631068, 0.00625673960894, 0.000406578503316, -0.00146290287375], [-0.000159504750627, 0.000387799809687, 0.00134802889079, -0.00286706374027, 0.00171883322764, 0.0013123016106, -0.00216518179514, 0.00343586667441, -0.00577465631068, 0.0133451148868, -0.00384228723124, 0.000291975360597, 0.000809299701359], [0.000118645635666, -0.000298957398627, -0.000972850306425, 0.00191383669153, -0.00242813210934, -0.00258513959125, 0.000758038542699, -0.00524368183687, 0.00625673960894, -0.00384228723124, 0.0168321616948, -0.00348394247703, 0.00175339274574], [-0.000137642171467, 0.000129989581183, -7.54764405428e-05, -0.000870460469741, 0.000459755858174, 0.00295399874449, -0.000405758968554, -0.00223183212802, 0.000406578503316, 0.000291975360597, -0.00348394247703, 0.0144825112075, -0.00369130889885], [-0.000604966713581, -0.000256164377788, 0.00114520511124, 0.000540676293895, -0.00329827959649, -0.00151063932572, 0.0023602489382, -0.0047886474058, -0.00146290287375, 0.000809299701359, 0.00175339274574, -0.00369130889885, 0.016709074378]]
    spectral_contrast:
        mean: [4.75358262975e-07, -3.04206167812e-07, 9.92893376406e-08, -2.38614774162e-07, -1.15415012658e-07, -1.16346335233e-07, 1.00574209227e-06, 4.26023143518e-06, 4.6429536269e-06, 5.78730748657e-07, -1.49177185449e-06, -2.63019296654e-06]
        var: [0.000843711895868, 0.000894075958058, 0.00165336381178, 0.00299177877605, 0.00574664678425, 0.00956724677235, 0.067157946527, 0.106162890792, 0.160388067365, 0.363092988729, 0.896091103554, 4.18125629425]

rhythm:
    beats_loudness:
        dmean: 0.00252743228339
        dmean2: 0.00432257819921
        dvar: 6.1203381847e-06
        dvar2: 1.31361466629e-05
        max: 0.0111043648794
        mean: 0.00303248525597
        min: 0.000163148128195
        var: 8.81147116161e-06
    beats_loudness_bass:
        dmean: 0.144799202681
        dmean2: 0.301660329103
        dvar: 0.0201196037233
        dvar2: 0.0499598793685
        max: 0.493483632803
        mean: 0.113993003964
        min: 8.79637518665e-05
        var: 0.0184447988868
    bpm: 101.371589661
    bpm_confidence: 0
    first_peak_bpm: 102
    first_peak_spread: 0
    first_peak_weight: 0.933333396912
    onset_rate: 3.68855810165
    second_peak_bpm: 56
    second_peak_spread: 0
    second_peak_weight: 0.0666666701436
    beats_position: [0.0525081306696, 0.642535448074, 1.23256266117, 1.82258999348, 2.41261720657, 3.00264453888, 3.59267187119, 4.18269920349, 4.7727265358, 5.36275339127, 6.42692613602, 7.02005720139, 7.61318874359, 8.20631885529, 8.79945087433, 9.3925819397]
    bpm_estimates: [101.598075867, 101.454467773, 101.938339233, 101.594108582, 102.121894836, 101.438217163, 101.142906189, 101.020591736, 101.132080078, 100.785499573, 101.275840759, 100.761688232, 101.640319824, 101.256507874, 101.413284302]
    bpm_intervals: [0.590027332306, 0.590027213097, 0.590027332306, 0.590027213097, 0.590027332306, 0.590027332306, 0.590027332306, 0.590027332306, 0.590026855469, 1.06417274475, 0.593131065369, 0.593131542206, 0.593130111694, 0.593132019043, 0.593131065369]
    onset_times: [0.0464399084449, 0.46439909935, 0.743038535118, 0.824308395386, 0.917188227177, 1.64861679077, 1.98530614376, 2.07818603516, 2.22911572456, 2.70512461662, 2.84444451332, 3.11147403717, 3.26240372658, 3.43655323982, 3.86612248421, 4.051882267, 4.22603178024, 4.40018129349, 4.55111122131, 4.62077093124, 5.3754196167, 5.51473903656, 6.13006782532, 6.35065746307, 6.39709758759, 6.72217702866, 7.00081634521, 7.46521520615, 7.61614513397, 7.89478445053, 8.20825386047, 8.37079334259, 8.48689365387, 8.78875255585, 9.10222244263, 9.38086128235, 9.8800907135]
    rubato_start: []
    rubato_stop: []
    perceptual_tempo: "unknown"

sfx:
    inharmonicity:
        dmean: 0.0404688604176
        dmean2: 0.0718934088945
        dvar: 0.00332242506556
        dvar2: 0.00916688051075
        max: 0.414286613464
        mean: 0.0399981737137
        min: 0
        var: 0.00310345273465
    oddtoevenharmonicenergyratio:
        dmean: 1.90085422993
        dmean2: 3.60371351242
        dvar: 16.9138660431
        dvar2: 48.0071411133
        max: 42.4649810791
        mean: 1.79545748234
        min: 0
        var: 16.4868888855
    pitch_after_max_to_before_max_energy_ratio: 4.25175905228
    pitch_centroid: 209.763900757
    pitch_max_to_total: 0.203703701496
    pitch_min_to_total: 0.912037014961
    tristimulus:
        dmean: [0.187072396278, 0.211870327592, 0.111299745739]
        dmean2: [0.32633036375, 0.373294442892, 0.203529044986]
        dvar: [0.0343386270106, 0.0378940030932, 0.0184742640704]
        dvar2: [0.0898278728127, 0.103964038193, 0.0530559197068]
        max: [1, 0.982310593128, 0.819682657719]
        mean: [0.403926610947, 0.460831493139, 0.120116584003]
        min: [0.00337097956799, 0, 0]
        var: [0.0640582889318, 0.0592781081796, 0.0174259226769]

tonal:
    chords_changes_rate: 0.0460829511285
    chords_number_rate: 0.0276497695595
    chords_strength:
        dmean: 0.00887954235077
        dmean2: 0.00751168653369
        dvar: 5.89406263316e-05
        dvar2: 4.79814516439e-05
        max: 0.841716945171
        mean: 0.508246600628
        min: 0.343023657799
        var: 0.0152626698837
    key_strength: 0.820918440819
    tuning_diatonic_strength: 0.675630390644
    tuning_equal_tempered_deviation: 0.0440799146891
    tuning_frequency: 441.272583008
    tuning_nontempered_energy_ratio: 0.651446342468
    hpcp:
        dmean: [0.0912907123566, 0.098565928638, 0.133037984371, 0.16257840395, 0.163015827537, 0.102198019624, 0.0635277852416, 0.0687340348959, 0.104659035802, 0.12131870538, 0.107846453786, 0.0942407995462, 0.0690936222672, 0.0780636817217, 0.123663946986, 0.136872559786, 0.112411499023, 0.0905248224735, 0.0705217719078, 0.0422850064933, 0.0322533883154, 0.0309888795018, 0.0501258894801, 0.120978079736, 0.151025280356, 0.114146992564, 0.0649560019374, 0.0568689294159, 0.0595203340054, 0.126132547855, 0.141242519021, 0.117947608232, 0.0969110578299, 0.0668583661318, 0.0527096353471, 0.0691662952304]
        dmean2: [0.15555113554, 0.168532863259, 0.222194746137, 0.260620623827, 0.284915089607, 0.180394142866, 0.102408632636, 0.109836891294, 0.163487896323, 0.187510728836, 0.179434224963, 0.165937811136, 0.113685153425, 0.131366744637, 0.199898630381, 0.217128843069, 0.187748298049, 0.155920043588, 0.12167969346, 0.0733450427651, 0.0557597093284, 0.052520070225, 0.0858094915748, 0.197029829025, 0.253757864237, 0.186702981591, 0.106665112078, 0.0955027416348, 0.102485530078, 0.223502486944, 0.237655565143, 0.193605214357, 0.169740155339, 0.118060082197, 0.0878096371889, 0.109500080347]
        dvar: [0.0279926825315, 0.0387499965727, 0.0317103713751, 0.0467938818038, 0.0547602623701, 0.0268858447671, 0.0119650308043, 0.0138522610068, 0.0250093545765, 0.0264061614871, 0.0308580193669, 0.0335719622672, 0.0169970691204, 0.0223358999938, 0.0367022715509, 0.0365724340081, 0.0275950878859, 0.0178902689368, 0.0202021878213, 0.0134867262095, 0.00558270327747, 0.00331888929941, 0.00824519898742, 0.022949885577, 0.0478354357183, 0.0215892530978, 0.0215110164136, 0.0183938648552, 0.0129239568487, 0.0304739437997, 0.0375063605607, 0.0285353772342, 0.0388370603323, 0.0253257714212, 0.0160901416093, 0.0179052427411]
        dvar2: [0.0770117044449, 0.103727266192, 0.0848559513688, 0.112031921744, 0.142310634255, 0.0734885185957, 0.029732208699, 0.0394913814962, 0.0582778453827, 0.0562037527561, 0.0759916603565, 0.0902533829212, 0.0465593338013, 0.0594222806394, 0.0887037441134, 0.0690082088113, 0.0652222856879, 0.0511368699372, 0.0527321621776, 0.0295339785516, 0.0150950821117, 0.00921368226409, 0.0227992087603, 0.0515684597194, 0.0971601679921, 0.0518715940416, 0.0519172400236, 0.0485567748547, 0.0360474996269, 0.0886036381125, 0.0915776640177, 0.0778146311641, 0.108733661473, 0.0695930719376, 0.0420610234141, 0.0435381196439]
        max: [1, 1, 1, 1, 1, 1, 0.801668286324, 0.84670394659, 1, 1, 1, 1, 0.93647480011, 0.949922740459, 1, 1, 1, 1, 1, 1, 0.766721487045, 0.374441981316, 0.642948865891, 1, 1, 1, 1, 1, 1, 1, 1, 1, 1, 1, 1, 1]
        mean: [0.123328201473, 0.101511105895, 0.225118383765, 0.379083603621, 0.27319201827, 0.107117429376, 0.0769512057304, 0.0847815573215, 0.175051450729, 0.259815901518, 0.189177721739, 0.100420959294, 0.0725921466947, 0.0916401743889, 0.22066436708, 0.28763589263, 0.196286335588, 0.140658169985, 0.104138195515, 0.0484083034098, 0.0348353311419, 0.0385065488517, 0.0562024153769, 0.285648792982, 0.453379303217, 0.241844475269, 0.0735685750842, 0.0581119693816, 0.0601254478097, 0.208031207323, 0.319494515657, 0.215865924954, 0.107721708715, 0.0640715733171, 0.0635389015079, 0.112212508917]
        min: [0, 0, 0, 0, 0, 0, 0, 0, 0, 0, 0, 0, 0, 0, 0, 0, 0, 0, 0, 0, 0, 0, 0, 0, 0, 0, 0, 0, 0, 0, 0, 0, 0, 0, 0, 0]
        var: [0.025658480823, 0.0308264344931, 0.0537998490036, 0.129855960608, 0.0839544907212, 0.0237966831774, 0.0157784409821, 0.0181866753846, 0.047042068094, 0.0844735726714, 0.0536468476057, 0.0371408648789, 0.0180046278983, 0.0202303286642, 0.0644048526883, 0.0917934924364, 0.051342073828, 0.0416994318366, 0.0402449890971, 0.0186724569649, 0.00450136652216, 0.00343304057606, 0.00734005728737, 0.073209874332, 0.155825316906, 0.04688937217, 0.022085307166, 0.0159717481583, 0.0107797887176, 0.059414036572, 0.111964523792, 0.0517989955842, 0.0356929935515, 0.0185673628002, 0.014940764755, 0.0278612170368]
    chords_histogram: [69.5852508545, 0, 9.21658992767, 0, 0, 0, 0, 0, 0, 0, 0, 0, 0, 0, 0, 0, 0, 5.0691242218, 0, 1.38248848915, 0, 5.99078321457, 0, 8.75576019287]
    thpcp: [1, 0.533426344395, 0.162267163396, 0.12817516923, 0.132616221905, 0.458845853806, 0.704695880413, 0.476126551628, 0.237597316504, 0.14132001996, 0.140145123005, 0.247502490878, 0.272019922733, 0.223898857832, 0.496534317732, 0.836129069328, 0.602568328381, 0.236264482141, 0.1697281003, 0.186999171972, 0.386103749275, 0.57306522131, 0.417261481285, 0.221494361758, 0.160113498569, 0.202126950026, 0.48671028018, 0.634426593781, 0.432940661907, 0.310243904591, 0.229693308473, 0.106772191823, 0.0768348500133, 0.0849323049188, 0.123963348567, 0.630043745041]
    chords_key: "A#"
    chords_scale: "major"
    key_key: "A#"
    key_scale: "major"
    chords_progression: ["A#", "A#", "A#", "A#", "A#", "A#", "A#", "A#", "A#", "A#", "A#", "A#", "A#", "A#", "A#", "A#", "A#", "A#", "A#", "A#", "A#", "A#", "A#", "A#", "A#", "A#", "A#", "Gm", "Gm", "Gm", "Gm", "Gm", "Gm", "Gm", "A#", "A#", "A#", "A#", "Cm", "Cm", "Cm", "Cm", "Cm", "Cm", "Cm", "Cm", "Cm", "Cm", "Cm", "Cm", "Cm", "F", "F", "F", "F", "F", "F", "F", "F", "F", "F", "F", "F", "F", "F", "F", "F", "F", "F", "F", "F", "Fm", "Fm", "Fm", "A#", "A#", "A#", "A#", "A#", "A#", "A#", "A#", "A#", "A#", "A#", "A#", "A#", "A#", "A#", "A#", "A#", "A#", "A#", "A#", "A#", "A#", "A#", "A#", "A#", "A#", "A#", "A#", "A#", "A#", "A#", "A#", "A#", "A#", "A#", "A#", "A#", "A#", "A#", "A#", "A#", "A#", "A#", "A#", "A#", "A#", "A#", "A#", "A#", "A#", "A#", "A#", "A#", "A#", "A#", "A#", "A#", "A#", "A#", "A#", "A#", "A#", "A#", "A#", "A#", "A#", "A#", "A#", "A#", "A#", "A#m", "A#m", "A#m", "A#m", "A#m", "A#m", "A#m", "A#m", "A#m", "A#m", "A#m", "A#", "A#", "A#", "A#", "A#", "A#", "A#", "A#", "A#", "A#", "A#", "A#", "A#", "A#", "A#", "A#", "A#", "A#", "A#", "A#", "A#", "A#", "Gm", "Gm", "Gm", "Gm", "Gm", "Gm", "Gm", "Gm", "Gm", "Gm", "Gm", "Gm", "A#", "A#", "A#", "A#", "A#", "A#", "A#", "A#", "A#", "A#", "A#", "A#", "A#", "A#", "A#", "A#", "A#", "A#", "A#", "A#", "A#", "A#", "A#", "A#", "A#", "A#", "A#", "A#"]
