
metadata:
    version:
        essentia: "1.2.2"
    audio_properties:
        analysis_sample_rate: 44100
        bitrate: 128
        channels: 2
        equal_loudness: 1
        length: 10.0048980713
        replay_gain: -7.24032974243
        downmix: "mix"
    tags:
        track: 14
        year: 0
        album: "Splitted by Mp3Splt v. 2.1"
        artist: "From 002.10 To 002.20"
        comment: "http://mp3splt.sf.net"
        genre: ""
        title: "09 Brazil.mp3"

highlevel:
    ballroom:
        all:
            ChaChaCha: 0.0856905281544
            Jive: 0.231505215168
            Quickstep: 0.0826562792063
            Rumba-American: 0.0166211389005
            Rumba-International: 0.188958019018
            Rumba-Misc: 0.047501642257
            Samba: 0.158537909389
            Tango: 0.0340113155544
            VienneseWaltz: 0.116707831621
            Waltz: 0.0378101430833
        probability: 0.231505215168
        value: "Jive"
    culture:
        all:
            non_western: 2.64812069872e-06
            western: 0.999997377396
        probability: 0.999997377396
        value: "western"
    gender:
        all:
            female: 0.760538876057
            male: 0.239461109042
        probability: 0.760538876057
        value: "female"
    genre_dortmund:
        all:
            alternative: 0.48661673069
            blues: 0.00183236598969
            electronic: 0.029200900346
            folkcountry: 0.0664129853249
            funksoulrnb: 0.00345660722815
            jazz: 0.0120337158442
            pop: 0.0814145803452
            raphiphop: 0.00118081213441
            rock: 0.317851305008
        probability: 0.48661673069
        value: "alternative"
    genre_electronica:
        all:
            ambient: 0.238553106785
            dnb: 0.0413767322898
            house: 0.00642203586176
            techno: 0.00450866669416
            trance: 0.709139466286
        probability: 0.709139466286
        value: "trance"
    genre_rosamerica:
        all:
            cla: 0.0154340509325
            dan: 0.0798376947641
            hip: 0.00409422442317
            jaz: 0.0237059667706
            pop: 0.145990252495
            rhy: 0.015654405579
            roc: 0.7134334445
            spe: 0.00184997869655
        probability: 0.7134334445
        value: "roc"
    genre_tzanetakis:
        all:
            blu: 0.0349461510777
            cla: 0.0550744310021
            cou: 0.117517136037
            dis: 0.0313607156277
            hip: 0.0120256925002
            jaz: 0.178479865193
            met: 0.0584985278547
            pop: 0.291973829269
            reg: 0.0571497939527
            roc: 0.162973850965
        probability: 0.291973829269
        value: "pop"
    live_studio:
        all:
            live: 0.192062869668
            studio: 0.807937145233
        probability: 0.807937145233
        value: "studio"
    mood:
        all:
            Cluster1: 0.449328660965
            Cluster2: 0.0808443576097
            Cluster3: 0.348254650831
            Cluster4: 0.0424587205052
            Cluster5: 0.0791136175394
        probability: 0.449328660965
        value: "Cluster1"
    mood_acoustic:
        all:
            acoustic: 0.0422469824553
            not_acoustic: 0.957753002644
        probability: 0.957753002644
        value: "not_acoustic"
    mood_aggressive:
        all:
            aggressive: 0.190788239241
            not_aggressive: 0.809211790562
        probability: 0.809211790562
        value: "not_aggressive"
    mood_electronic:
        all:
            electronic: 0.755699217319
            not_electronic: 0.244300797582
        probability: 0.755699217319
        value: "electronic"
    mood_happy:
        all:
            happy: 0.690589606762
            not_happy: 0.309410393238
        probability: 0.690589606762
        value: "happy"
    mood_party:
        all:
            not_party: 0.594033360481
            party: 0.405966639519
        probability: 0.594033360481
        value: "not_party"
    mood_relaxed:
        all:
            not_relaxed: 0.259623497725
            relaxed: 0.740376472473
        probability: 0.740376472473
        value: "relaxed"
    mood_sad:
        all:
            not_sad: 3.57290967645e-11
            sad: 1
        probability: 1
        value: "sad"
    rhythm:
        all:
            fast: 0.141294121742
            medium: 0.11224925518
            slow: 0.746456623077
        probability: 0.746456623077
        value: "slow"
    speech_music:
        all:
            music: 3.00000096379e-14
            speech: 1
        probability: 1
        value: "speech"
    timbre:
        all:
            bright: 0.281387209892
            dark: 0.718612790108
        probability: 0.718612790108
        value: "dark"
    voice_instrumental:
        all:
            instrumental: 0.521144986153
            voice: 0.478855013847
        probability: 0.521144986153
        value: "instrumental"

lowlevel:
    average_loudness: 0.975032448769
    barkbands_kurtosis:
        dmean: 0.669731199741
        dmean2: 1.07454621792
        dvar: 0.458695441484
        dvar2: 0.964856266975
        max: 4.42756414413
        mean: 0.0481236800551
        min: -1.62378537655
        var: 1.4030226469
    barkbands_skewness:
        dmean: 0.297486037016
        dmean2: 0.465176016092
        dvar: 0.0797602161765
        dvar2: 0.176789358258
        max: 2.20198869705
        mean: 0.902550280094
        min: -0.753588438034
        var: 0.216695740819
    barkbands_spread:
        dmean: 4.58567428589
        dmean2: 7.10584449768
        dvar: 25.9304141998
        dvar2: 55.72108078
        max: 52.3424491882
        mean: 28.1541404724
        min: 9.03548717499
        var: 68.4142684937
    dissonance:
        dmean: 0.0203421395272
        dmean2: 0.0334622599185
        dvar: 0.000347464403603
        dvar2: 0.000905785534997
        max: 0.499073266983
        mean: 0.453574806452
        min: 0.302784591913
        var: 0.000742986507248
    hfc:
        dmean: 1.91804754734
        dmean2: 2.7388241291
        dvar: 8.62270832062
        dvar2: 20.0615711212
        max: 27.1565914154
        mean: 4.996737957
        min: 0.0367979966104
        var: 16.1615161896
    pitch:
        dmean: 170.116317749
        dmean2: 328.009063721
        dvar: 346765.03125
        dvar2: 1006162.9375
        max: 3675
        mean: 291.969116211
        min: 78.1914901733
        var: 220657
    pitch_instantaneous_confidence:
        dmean: 0.0701731070876
        dmean2: 0.103298634291
        dvar: 0.00403969082981
        dvar2: 0.00869534630328
        max: 0.737073004246
        mean: 0.403379052877
        min: 0.149212658405
        var: 0.0138799268752
    pitch_salience:
        dmean: 0.0503094419837
        dmean2: 0.0797396376729
        dvar: 0.0020348681137
        dvar2: 0.00452452944592
        max: 0.787172675133
        mean: 0.556776165962
        min: 0.388381958008
        var: 0.00543804466724
    silence_rate_20dB:
        dmean: 0
        dmean2: 0
        dvar: 0
        dvar2: 0
        max: 1
        mean: 1
        min: 1
        var: 0
    silence_rate_30dB:
        dmean: 0
        dmean2: 0
        dvar: 0
        dvar2: 0
        max: 1
        mean: 1
        min: 1
        var: 0
    silence_rate_60dB:
        dmean: 0.139211133122
        dmean2: 0.276744186878
        dvar: 0.119831465185
        dvar2: 0.237365812063
        max: 1
        mean: 0.305555552244
        min: 0
        var: 0.212191164494
    spectral_centroid:
        dmean: 193.608398438
        dmean2: 300.855499268
        dvar: 59853.9101562
        dvar2: 131493.1875
        max: 2568.47045898
        mean: 960.820678711
        min: 450.121917725
        var: 113035.21875
    spectral_complexity:
        dmean: 3.45581388474
        dmean2: 5.25641012192
        dvar: 20.2713451385
        dvar2: 42.2605895996
        max: 41
        mean: 13.2784223557
        min: 0
        var: 46.6788635254
    spectral_crest:
        dmean: 1.55096971989
        dmean2: 2.46920108795
        dvar: 1.85357224941
        dvar2: 4.41433429718
        max: 13.2972068787
        mean: 6.76265621185
        min: 2.69306516647
        var: 5.17196035385
    spectral_decrease:
        dmean: 3.00104080475e-10
        dmean2: 4.33145824763e-10
        dvar: 1.08207166542e-19
        dvar2: 2.41346823367e-19
        max: -1.22408871234e-11
        mean: -1.17445564385e-09
        min: -4.41786829342e-09
        var: 3.88374635881e-19
    spectral_energy:
        dmean: 0.00127648096532
        dmean2: 0.00184749625623
        dvar: 2.09880408875e-06
        dvar2: 4.59797138319e-06
        max: 0.0179095044732
        mean: 0.00488588307053
        min: 4.95376152685e-05
        var: 7.04190051692e-06
    spectral_energyband_high:
        dmean: 0.000122970392113
        dmean2: 0.000184466407518
        dvar: 4.58265283498e-08
        dvar2: 1.10333665759e-07
        max: 0.00181953771971
        mean: 0.00021178406314
        min: 6.66953440032e-07
        var: 6.21165199277e-08
    spectral_energyband_low:
        dmean: 0.000356023258064
        dmean2: 0.000605745823123
        dvar: 2.57599822362e-07
        dvar2: 7.36280753699e-07
        max: 0.00470906216651
        mean: 0.000707976636477
        min: 7.43411237636e-06
        var: 2.56584002045e-07
    spectral_energyband_middle_high:
        dmean: 0.000536355946679
        dmean2: 0.000786716584116
        dvar: 5.89471937928e-07
        dvar2: 1.30280693611e-06
        max: 0.00787923485041
        mean: 0.00144637469202
        min: 9.62002832239e-06
        var: 1.30972534862e-06
    spectral_energyband_middle_low:
        dmean: 0.000692543922924
        dmean2: 0.00103354838211
        dvar: 5.69456517496e-07
        dvar2: 1.26891177388e-06
        max: 0.01261544507
        mean: 0.00251973792911
        min: 3.18165511999e-05
        var: 2.49281902143e-06
    spectral_flatness_db:
        dmean: 0.0169294606894
        dmean2: 0.0248940512538
        dvar: 0.000308746413793
        dvar2: 0.000559283595067
        max: 0.22044891119
        mean: 0.145196735859
        min: 0.0489780195057
        var: 0.000891189149115
    spectral_flux:
        dmean: 0.0082666631788
        dmean2: 0.0118632884696
        dvar: 9.31232134462e-05
        dvar2: 0.000177358393557
        max: 0.0829956829548
        mean: 0.0303735602647
        min: 0.00703829620034
        var: 0.000217256267206
    spectral_kurtosis:
        dmean: 1.5542794466
        dmean2: 2.56554889679
        dvar: 2.02959942818
        dvar2: 5.65812063217
        max: 12.2790956497
        mean: 4.357670784
        min: 0.661110162735
        var: 4.02874183655
    spectral_rms:
        dmean: 0.000281148677459
        dmean2: 0.000398862728616
        dvar: 8.55598472072e-08
        dvar2: 1.80733479738e-07
        max: 0.00418003415689
        mean: 0.00210828706622
        min: 0.000219839435886
        var: 3.21840047945e-07
    spectral_rolloff:
        dmean: 514.493041992
        dmean2: 867.902770996
        dvar: 355737.78125
        dvar2: 699665.3125
        max: 5124.90234375
        mean: 2073.08349609
        min: 495.263671875
        var: 828465.4375
    spectral_skewness:
        dmean: 0.193227410316
        dmean2: 0.313102483749
        dvar: 0.0310387182981
        dvar2: 0.0810739770532
        max: 2.59048128128
        mean: 1.61687159538
        min: 0.8629732728
        var: 0.0751992985606
    spectral_spread:
        dmean: 818167.6875
        dmean2: 1195562.25
        dvar: 1.64688651878e+12
        dvar2: 3.34372090675e+12
        max: 20221020
        mean: 4587541
        min: 2518950.25
        var: 2.3144211415e+12
    spectral_strongpeak:
        dmean: 0.202203795314
        dmean2: 0.351438105106
        dvar: 0.100234560668
        dvar2: 0.279311150312
        max: 3.37999629974
        mean: 0.402196764946
        min: 0.0184734500945
        var: 0.144642442465
    zerocrossingrate:
        dmean: 0.00758879911155
        dmean2: 0.00924319867045
        dvar: 5.55486221856e-05
        dvar2: 5.4915130022e-05
        max: 0.11083984375
        mean: 0.0656324774027
        min: 0.02490234375
        var: 0.000245353556238
    barkbands:
        dmean: [4.91044716e-07, 0.000126759579871, 0.000249630043982, 0.000260043743765, 0.00029834752786, 9.91369670373e-05, 0.000230470512179, 0.000119631098642, 0.000102466008684, 3.52630158886e-05, 0.000127760344185, 8.10369092505e-05, 3.20443032251e-05, 2.57349074673e-05, 6.97804134688e-05, 6.72414971632e-05, 0.000103143516753, 8.41934233904e-05, 0.000111031629785, 0.000103681690234, 4.45135301561e-05, 1.92567513295e-05, 5.26309941051e-06, 3.21841412187e-06, 3.25982864524e-06, 2.03096760742e-07, 5.38498889924e-09]
        dmean2: [7.27318081317e-07, 0.000220070476644, 0.00041738076834, 0.000424581667176, 0.000474622444017, 0.000149524319568, 0.000360401871148, 0.00018374172214, 0.000150863124873, 5.58149949939e-05, 0.000173838401679, 0.000124087018776, 4.75155829918e-05, 3.95500683226e-05, 0.000111421621114, 0.000107012107037, 0.000167383317603, 0.000140335148899, 0.000180403396371, 0.000156709065777, 6.75943228998e-05, 3.0005343433e-05, 8.47721730679e-06, 5.33210277354e-06, 5.82784014114e-06, 3.69416113699e-07, 5.83701975643e-09]
        dvar: [8.73959433469e-13, 6.83360781295e-08, 8.79073382976e-08, 1.31733358444e-07, 1.42894307942e-07, 1.70761875751e-08, 1.27427156826e-07, 6.00297482833e-08, 6.18175448608e-08, 4.23431867347e-09, 2.89792811969e-08, 9.98209870318e-09, 2.24957030781e-09, 1.48158640911e-09, 6.92800616875e-09, 1.28399584298e-08, 1.92644993291e-08, 1.9084911429e-08, 4.01089970126e-08, 2.82403238572e-08, 7.2949961627e-09, 1.69676628303e-09, 1.6046128315e-10, 5.3614151313e-11, 7.69996219563e-11, 4.44793859947e-13, 1.00065397659e-14]
        dvar2: [2.01177507812e-12, 1.93891139588e-07, 2.5324615649e-07, 3.42582239909e-07, 3.3157456869e-07, 3.12687404858e-08, 3.14928314538e-07, 1.45000441876e-07, 1.26352460939e-07, 1.11241886813e-08, 6.17818542992e-08, 2.53119267768e-08, 5.1602366824e-09, 3.30239591229e-09, 1.76282544118e-08, 3.43711263895e-08, 4.18498693477e-08, 4.96794037019e-08, 9.89298385434e-08, 6.56501981666e-08, 1.74513701268e-08, 4.26243618179e-09, 4.3049799836e-10, 1.44311007588e-10, 2.16345524828e-10, 1.27210199839e-12, 1.0003765733e-14]
        max: [8.51092136145e-06, 0.00242423126474, 0.00267086434178, 0.00551548739895, 0.00430958345532, 0.00195125082973, 0.00325769558549, 0.00332283647731, 0.00284109264612, 0.000655533396639, 0.00169128703419, 0.00110833125655, 0.000431388762081, 0.000350187299773, 0.000731974665541, 0.00123473990243, 0.00167968450114, 0.00138513068669, 0.00228683883324, 0.00160703225993, 0.000699161784723, 0.000469447986688, 0.000128798303194, 4.98433764733e-05, 5.67064307688e-05, 5.94866924075e-06, 2.07973766919e-06]
        mean: [7.23850007489e-07, 0.000227720476687, 0.000479545997223, 0.000499960326124, 0.000639456149656, 0.000226065312745, 0.000568600662518, 0.000283696543192, 0.000294224126264, 7.02383185853e-05, 0.000260127591901, 0.00017541028501, 5.83868059039e-05, 4.61901072413e-05, 0.000113269197755, 0.000120839220472, 0.000193234285689, 0.000136891874718, 0.000200339767616, 0.000182060204679, 6.91475797794e-05, 2.82373130176e-05, 5.80036657993e-06, 3.17916897075e-06, 2.40122449213e-06, 1.34752923486e-07, 5.24771115451e-09]
        min: [6.31701091436e-09, 1.95740790332e-06, 5.47038735021e-06, 3.46272508978e-06, 4.39137329522e-06, 2.41481598096e-06, 4.7210678531e-06, 2.03847753255e-06, 3.9770947069e-07, 9.44461305608e-07, 1.04321134131e-06, 5.62272589377e-07, 8.36376088387e-08, 1.05047035959e-06, 4.25149664807e-07, 1.25232830328e-07, 1.35907214371e-06, 1.61582715918e-06, 1.11670965453e-06, 9.44283044646e-07, 1.72327304426e-07, 1.27856310428e-07, 5.72837155488e-09, 8.2530959844e-09, 1.62499524947e-09, 7.20057138914e-11, 1.78969686293e-13]
        var: [1.06189460437e-12, 5.79077337193e-08, 1.16068193279e-07, 2.47657538921e-07, 3.7189363411e-07, 6.12766655195e-08, 4.04920939445e-07, 1.85251323614e-07, 2.77747545852e-07, 6.44458486576e-09, 6.8691974775e-08, 2.26656489133e-08, 3.86539200647e-09, 2.56247689734e-09, 1.21933254604e-08, 1.80351520385e-08, 5.02405939073e-08, 2.69213575876e-08, 5.28332151362e-08, 4.25964401529e-08, 8.96144047857e-09, 1.76029257837e-09, 1.35601863072e-10, 4.22749717177e-11, 4.91027357663e-11, 2.56916368605e-13, 1.0009420525e-14]
    mfcc:
        mean: [-709.180297852, 137.165786743, -38.3281707764, 54.0662879944, -14.732293129, 0.905849516392, 4.45541143417, 0.256607353687, -0.00401834119111, -5.85476064682, -7.34168767929, 0.374754309654, 4.46125364304]
        cov: [[1806.28869629, -713.680725098, 47.4924583435, -163.726028442, 62.5268516541, -130.52961731, -57.0127906799, -54.2357788086, 6.5384054184, 11.4877338409, -0.0449812337756, -8.2428855896, 20.234413147], [-713.680725098, 653.331298828, -176.983551025, 130.944503784, -78.5414810181, -16.0771331787, -26.9742355347, 30.7418994904, 10.8019256592, -33.1202392578, -56.9207801819, 32.8727989197, 3.87084817886], [47.4924583435, -176.983551025, 170.698532104, -56.8715324402, 17.6093425751, 32.0046958923, 28.0545940399, -3.3915886879, -10.2487220764, 21.1923828125, 37.0519065857, -11.6293964386, -10.3223333359], [-163.726028442, 130.944503784, -56.8715324402, 94.8898010254, 9.48985385895, -4.04560279846, -11.3597698212, 6.83403491974, 3.94856381416, -6.26127147675, -22.9041671753, 2.16231441498, 3.1991918087], [62.5268516541, -78.5414810181, 17.6093425751, 9.48985385895, 84.1952667236, 5.2920331955, 1.2527244091, -2.07924079895, 0.530619621277, -6.03535079956, -4.92906856537, -11.9485740662, 16.4381370544], [-130.52961731, -16.0771331787, 32.0046958923, -4.04560279846, 5.2920331955, 84.4945373535, 47.1713523865, 9.88241958618, -15.2186002731, -5.26315021515, 7.80359458923, -7.60481929779, -6.33810520172], [-57.0127906799, -26.9742355347, 28.0545940399, -11.3597698212, 1.2527244091, 47.1713523865, 76.7969894409, 24.0635814667, -3.86282229424, -10.9877099991, -2.16538691521, -4.22183179855, -3.27904057503], [-54.2357788086, 30.7418994904, -3.3915886879, 6.83403491974, -2.07924079895, 9.88241958618, 24.0635814667, 41.9077453613, 13.1173582077, -7.71109485626, -11.0896577835, -0.447136372328, -0.101902015507], [6.5384054184, 10.8019256592, -10.2487220764, 3.94856381416, 0.530619621277, -15.2186002731, -3.86282229424, 13.1173582077, 47.5862007141, 26.388710022, 10.350818634, 2.4216439724, -9.19419670105], [11.4877338409, -33.1202392578, 21.1923828125, -6.26127147675, -6.03535079956, -5.26315021515, -10.9877099991, -7.71109485626, 26.388710022, 74.1280212402, 49.2819671631, 4.29845380783, -18.3715686798], [-0.0449812337756, -56.9207801819, 37.0519065857, -22.9041671753, -4.92906856537, 7.80359458923, -2.16538691521, -11.0896577835, 10.350818634, 49.2819671631, 77.365486145, 10.0292539597, -16.9051246643], [-8.2428855896, 32.8727989197, -11.6293964386, 2.16231441498, -11.9485740662, -7.60481929779, -4.22183179855, -0.447136372328, 2.4216439724, 4.29845380783, 10.0292539597, 48.9362945557, 12.3079376221], [20.234413147, 3.87084817886, -10.3223333359, 3.1991918087, 16.4381370544, -6.33810520172, -3.27904057503, -0.101902015507, -9.19419670105, -18.3715686798, -16.9051246643, 12.3079376221, 47.8615036011]]
        icov: [[0.00160849827807, 0.00213852501474, 0.00137136108242, 0.00105706218164, 0.000168806203874, 0.00206665112637, 0.000274281250313, 0.00010832715634, 4.6295546781e-05, -0.000171110441443, 0.00131261826027, -0.000811601872556, 0.000222399889026], [0.00213852501474, 0.00609156256542, 0.00340268714353, -0.00204592035152, 0.00328250834718, 0.00180753553286, 0.00149186491035, -0.00145649246406, -0.000373128656065, 0.000627395231277, 0.00206170510501, -0.00212664459832, 0.000129180029035], [0.00137136108242, 0.00340268714353, 0.0113037824631, 0.00405673403293, -0.00113977759611, 7.24677011021e-05, -0.000989259919152, -0.00160943600349, 0.00322291068733, -0.00237799319439, -0.000726340629626, 9.55416726356e-06, 0.00108894624282], [0.00105706218164, -0.00204592035152, 0.00405673403293, 0.01929602772, -0.00642319396138, 1.4968002688e-05, 0.00161876389757, -0.00135753757786, 0.00202803290449, -0.00433154590428, 0.00484198378399, -0.00107393658254, 0.0023330792319], [0.000168806203874, 0.00328250834718, -0.00113977759611, -0.00642319396138, 0.0181793849915, -0.00168406474404, 0.00119678606279, 0.0011451136088, -0.00459210760891, 0.00298207835294, -0.000925391970668, 0.00421467702836, -0.00768381729722], [0.00206665112637, 0.00180753553286, 7.24677011021e-05, 1.4968002688e-05, -0.00168406474404, 0.0238731037825, -0.0120473466814, -0.000283245753963, 0.0072213774547, -0.000712965440471, -0.00175133359153, 0.00092691212194, 0.00216516596265], [0.000274281250313, 0.00149186491035, -0.000989259919152, 0.00161876389757, 0.00119678606279, -0.0120473466814, 0.0258453432471, -0.0120579190552, -0.000649021123536, 0.00264720339328, 0.00108800001908, -0.00134831480682, 0.000802895985544], [0.00010832715634, -0.00145649246406, -0.00160943600349, -0.00135753757786, 0.0011451136088, -0.000283245753963, -0.0120579190552, 0.0388143509626, -0.0154673904181, 0.00507683586329, 0.00313867232762, 0.000235649844399, -0.001333171851], [4.6295546781e-05, -0.000373128656065, 0.00322291068733, 0.00202803290449, -0.00459210760891, 0.0072213774547, -0.000649021123536, -0.0154673904181, 0.0375874936581, -0.0157103352249, 0.00183406798169, -0.00143367587589, 0.00523286405951], [-0.000171110441443, 0.000627395231277, -0.00237799319439, -0.00433154590428, 0.00298207835294, -0.000712965440471, 0.00264720339328, 0.00507683586329, -0.0157103352249, 0.0325154699385, -0.0168795716017, 0.000910957460292, 0.00213860231452], [0.00131261826027, 0.00206170510501, -0.000726340629626, 0.00484198378399, -0.000925391970668, -0.00175133359153, 0.00108800001908, 0.00313867232762, 0.00183406798169, -0.0168795716017, 0.029513405636, -0.00791522860527, 0.0052981399931], [-0.000811601872556, -0.00212664459832, 9.55416726356e-06, -0.00107393658254, 0.00421467702836, 0.00092691212194, -0.00134831480682, 0.000235649844399, -0.00143367587589, 0.000910957460292, -0.00791522860527, 0.0270933695138, -0.0105164349079], [0.000222399889026, 0.000129180029035, 0.00108894624282, 0.0023330792319, -0.00768381729722, 0.00216516596265, 0.000802895985544, -0.001333171851, 0.00523286405951, 0.00213860231452, 0.0052981399931, -0.0105164349079, 0.0302478317171]]
    spectral_contrast:
        mean: [4.328597214e-08, 1.35830475756e-07, -3.82555320755e-08, 1.25601061995e-07, 6.43412079171e-08, 6.42029149844e-08, 3.96474615627e-06, -2.47545983711e-07, 7.27771336528e-08, -1.06299557956e-06, -1.53644450052e-07, -4.96198310884e-07]
        var: [0.000287996546831, 0.00042199390009, 0.000874517834745, 0.00153720367234, 0.00254880357534, 0.00400257017463, 0.0263511482626, 0.0667879059911, 0.0989879444242, 0.120235405862, 0.227231964469, 1.56890749931]

rhythm:
    beats_loudness:
        dmean: 0.00312791252509
        dmean2: 0.00596538698301
        dvar: 1.03767051769e-05
        dvar2: 2.98855647998e-05
        max: 0.0168599728495
        mean: 0.00684746308252
        min: 0.00434303469956
        var: 8.1624930317e-06
    beats_loudness_bass:
        dmean: 0.102721914649
        dmean2: 0.193436741829
        dvar: 0.00607157126069
        dvar2: 0.0166324153543
        max: 0.395120948553
        mean: 0.168352201581
        min: 0.0321007110178
        var: 0.00766914989799
    bpm: 130.67137146
    bpm_confidence: 0
    first_peak_bpm: 131
    first_peak_spread: 0
    first_peak_weight: 0.950000047684
    onset_rate: 4.49779701233
    second_peak_bpm: 123
    second_peak_spread: 0
    second_peak_weight: 0.0500000007451
    beats_position: [0.420532912016, 0.878781139851, 1.33702945709, 1.79527771473, 2.25352597237, 2.71177434921, 3.17002272606, 3.62827086449, 4.08651924133, 4.54476737976, 5.00301599503, 5.46126413345, 5.91951227188, 6.405397892, 6.86537981033, 7.32536125183, 7.78534269333, 8.24532413483, 8.70530605316, 9.1652879715, 9.62526893616]
    bpm_estimates: [130.725387573, 131.000778198, 131.050369263, 131.130599976, 130.935150146, 130.936599731, 130.755966187, 129.516113281, 130.201843262, 130.304473877, 131.30166626, 131.014831543, 130.283630371, 130.477844238, 130.435440063]
    bpm_intervals: [0.458248227835, 0.458248317242, 0.458248257637, 0.458248257637, 0.458248376846, 0.458248376846, 0.458248138428, 0.458248376846, 0.458248138428, 0.458248615265, 0.458248138428, 0.458248138428, 0.485885620117, 0.459981918335, 0.459981441498, 0.459981441498, 0.459981441498, 0.459981918335, 0.459981918335, 0.459980964661]
    onset_times: [0.0464399084449, 0.162539675832, 0.371519267559, 0.847528338432, 1.07972788811, 1.28870749474, 1.54412698746, 1.78793644905, 1.91564631462, 2.00852608681, 2.2523355484, 2.47292518616, 2.89088439941, 2.92571425438, 3.3785033226, 3.61070299149, 3.87773251534, 4.06349229813, 4.31891155243, 4.52789115906, 4.7833108902, 4.99229001999, 5.23609972, 5.47990942001, 5.70049905777, 5.94430828094, 6.17650794983, 6.33904743195, 6.51319742203, 6.62929725647, 6.87310647964, 7.08208608627, 7.31428575516, 7.58131504059, 7.77868461609, 8.0224943161, 8.15020370483, 8.25469398499, 8.51011371613, 8.71909332275, 8.97451210022, 9.21832180023, 9.42730140686, 9.65950107574, 9.89170074463]
    rubato_start: []
    rubato_stop: []
    perceptual_tempo: "unknown"

sfx:
    inharmonicity:
        dmean: 0.0281547103077
        dmean2: 0.0493083558977
        dvar: 0.00105030997656
        dvar2: 0.00296521559358
        max: 0.277069717646
        mean: 0.0311077162623
        min: 0.000203916890314
        var: 0.00112225487828
    oddtoevenharmonicenergyratio:
        dmean: 1.07148361206
        dmean2: 1.95983660221
        dvar: 5.00825119019
        dvar2: 14.1572036743
        max: 16.826877594
        mean: 0.838333427906
        min: 0.000358770921594
        var: 3.26624536514
    pitch_after_max_to_before_max_energy_ratio: 7.97806358337
    pitch_centroid: 218.401153564
    pitch_max_to_total: 0.0371229685843
    pitch_min_to_total: 0.540603220463
    tristimulus:
        dmean: [0.186893433332, 0.188557401299, 0.0934936851263]
        dmean2: [0.320655971766, 0.323722928762, 0.168356016278]
        dvar: [0.0250137727708, 0.026063002646, 0.00676552159712]
        dvar2: [0.0692231655121, 0.0775518640876, 0.018816139549]
        max: [0.936308443546, 0.910012304783, 0.504594445229]
        mean: [0.458090692759, 0.422196298838, 0.108712695539]
        min: [0.0109409773722, 0, 0]
        var: [0.0431644059718, 0.0406108945608, 0.00854910630733]

tonal:
    chords_changes_rate: 0.0460829511285
    chords_number_rate: 0.0184331797063
    chords_strength:
        dmean: 0.00974574685097
        dmean2: 0.00567548442632
        dvar: 6.32910014247e-05
        dvar2: 3.14137105306e-05
        max: 0.751237690449
        mean: 0.589341759682
        min: 0.401341319084
        var: 0.00669217389077
    key_strength: 0.695290148258
    tuning_diatonic_strength: 0.522529780865
    tuning_equal_tempered_deviation: 0.0180187728256
    tuning_frequency: 441.017791748
    tuning_nontempered_energy_ratio: 0.648001015186
    hpcp:
        dmean: [0.0520012937486, 0.0609535314143, 0.145336285233, 0.180092141032, 0.142657309771, 0.112822204828, 0.118669576943, 0.0676800683141, 0.055447652936, 0.0571255832911, 0.0498068071902, 0.0997814759612, 0.137024238706, 0.118552498519, 0.0712079256773, 0.0701566934586, 0.0595441907644, 0.105739228427, 0.140261828899, 0.115213774145, 0.0696815252304, 0.0454810336232, 0.0289458017796, 0.0393583849072, 0.056568454951, 0.0711937099695, 0.144114717841, 0.174215987325, 0.163830503821, 0.158725053072, 0.0825489535928, 0.0641725882888, 0.0991776958108, 0.118832603097, 0.0914300978184, 0.0528418309987]
        dmean2: [0.0931241735816, 0.106548547745, 0.244140565395, 0.30841332674, 0.230127826333, 0.178729385138, 0.186899483204, 0.108326606452, 0.0891320481896, 0.0921289548278, 0.0847024545074, 0.16506844759, 0.230403780937, 0.186529844999, 0.122070766985, 0.127292305231, 0.110383138061, 0.167792215943, 0.222256198525, 0.193732663989, 0.12173204124, 0.0801733508706, 0.052611310035, 0.0673784762621, 0.0952833592892, 0.123843848705, 0.238007619977, 0.288751542568, 0.281278043985, 0.290915310383, 0.152448698878, 0.116499550641, 0.16239528358, 0.188646271825, 0.149615556002, 0.0923986509442]
        dvar: [0.00810504239053, 0.0114951748401, 0.0259613543749, 0.044728834182, 0.0280877482146, 0.022743018344, 0.0297508109361, 0.00679690949619, 0.00766539946198, 0.013352916576, 0.00833631586283, 0.0205426421016, 0.0419325642288, 0.0246523376554, 0.0121622122824, 0.0178479552269, 0.013654734008, 0.0154316984117, 0.0417764671147, 0.0253902319819, 0.0153251970187, 0.0055743646808, 0.00411368953064, 0.00369180832058, 0.0084662605077, 0.0129216657951, 0.0279068090022, 0.039117384702, 0.0336000658572, 0.048449665308, 0.0180828738958, 0.0123831396922, 0.0189419668168, 0.0290543101728, 0.014150117524, 0.0120291188359]
        dvar2: [0.0225446466357, 0.0307012200356, 0.0671995803714, 0.106385357678, 0.0676314681768, 0.0471021980047, 0.0533728413284, 0.0136803789064, 0.0192051772028, 0.0343799889088, 0.0189738478512, 0.0553456544876, 0.0796857848763, 0.0540921241045, 0.032746847719, 0.0516529940069, 0.0406675636768, 0.033727068454, 0.0775095149875, 0.0667481124401, 0.0446028150618, 0.0153826642781, 0.0114871403202, 0.00916783325374, 0.0207457728684, 0.035982389003, 0.0730121955276, 0.0758935809135, 0.0797856301069, 0.144640848041, 0.0474355705082, 0.0345059707761, 0.0432528443635, 0.0583737939596, 0.0410268679261, 0.0329311750829]
        max: [0.668735206127, 1, 1, 1, 1, 1, 1, 0.644526302814, 0.666458129883, 1, 0.910078167915, 1, 1, 1, 0.91591411829, 0.826336503029, 0.738262176514, 1, 1, 1, 0.994520843029, 0.390697687864, 0.528629243374, 0.392109870911, 0.625842690468, 0.785919904709, 1, 1, 1, 1, 0.682657778263, 0.846898436546, 1, 1, 0.892393648624, 1]
        mean: [0.0611877776682, 0.0766816735268, 0.28312587738, 0.473895996809, 0.289513081312, 0.19776789844, 0.252641677856, 0.149126082659, 0.0918051302433, 0.0885980948806, 0.0668491497636, 0.164605915546, 0.322559505701, 0.23709885776, 0.0972750633955, 0.0807128697634, 0.0595268830657, 0.23444531858, 0.413685202599, 0.249860033393, 0.0847859308124, 0.0524608939886, 0.0261591244489, 0.0476548299193, 0.0718749538064, 0.0813657715917, 0.220305934548, 0.377114087343, 0.313361406326, 0.15950012207, 0.0694015845656, 0.0584561266005, 0.212894514203, 0.315437674522, 0.16525118053, 0.0574218966067]
        min: [0.00214054738171, 0.000784062140156, 0.00282090180553, 0.00495483027771, 0.00558148883283, 0.00124719284941, 0.00183617637958, 0.00452871154994, 0.00423665856943, 0.00153030606452, 0.00249524577521, 0.00309732253663, 0.00408104527742, 0.00343294302002, 0.00295090209693, 0.00166315876413, 0.00183221057523, 0.0038450001739, 0.0108298026025, 0.00877616927028, 0.000570089207031, 0.000735858746339, 0.000274392048595, 0.00183533097152, 0.00362810445949, 0.0027396180667, 0.00805814377964, 0.0124859325588, 0.00452643772587, 0.00274139852263, 3.38040445058e-05, 0.000933299947064, 0.00137095421087, 0.00184580252972, 0.00167529762257, 0.00239456747659]
        var: [0.0057805115357, 0.0095526278019, 0.0600595921278, 0.124921634793, 0.0631410330534, 0.0597600974143, 0.0994698554277, 0.0191451590508, 0.00999312940985, 0.0155981304124, 0.00840293616056, 0.0342335440218, 0.120523393154, 0.064897954464, 0.0130325881764, 0.0130492011085, 0.00864684116095, 0.0439298339188, 0.137862294912, 0.042115021497, 0.0121451662853, 0.00486597931013, 0.00263186497614, 0.00343167991377, 0.00768553232774, 0.0109916152433, 0.04970658198, 0.12590071559, 0.097151003778, 0.0458621941507, 0.0138242952526, 0.00889981072396, 0.0582533031702, 0.116924293339, 0.0313887856901, 0.00909038167447]
    chords_histogram: [1.38248848915, 40.0921669006, 26.2672805786, 0, 0, 0, 0, 0, 0, 0, 0, 0, 0, 0, 0, 0, 0, 0, 0, 0, 0, 0, 0, 32.25806427]
    thpcp: [1, 0.610921144485, 0.417323410511, 0.533116281033, 0.314681023359, 0.193724215031, 0.186956837773, 0.141062915325, 0.347346067429, 0.680654644966, 0.500318348408, 0.205266684294, 0.170317679644, 0.125611707568, 0.494718939066, 0.872945129871, 0.527246534824, 0.17891253531, 0.110701277852, 0.055200137198, 0.100559681654, 0.151668205857, 0.171695426106, 0.464882463217, 0.795773923397, 0.661245107651, 0.336571991444, 0.146448984742, 0.123352229595, 0.4492431283, 0.665626347065, 0.348707705736, 0.121169827878, 0.129116475582, 0.161811187863, 0.597443044186]
    chords_key: "D#"
    chords_scale: "minor"
    key_key: "B"
    key_scale: "major"
    chords_progression: ["F#", "F#", "F#", "F#", "F#", "F#", "F#", "F#", "F#", "F#", "F#", "F#", "F#", "F#", "F#", "F#", "F#", "F#", "F#", "F#", "F#", "F#", "F#", "F#", "F#", "F#", "F#", "F#", "F#", "F#", "F#", "F#", "F#", "F#", "F#", "F#", "F#", "F#", "F#", "F#", "F#", "F#", "D#m", "D#m", "D#m", "D#m", "B", "B", "B", "G#m", "G#m", "G#m", "G#m", "G#m", "G#m", "G#m", "G#m", "G#m", "G#m", "G#m", "G#m", "G#m", "G#m", "G#m", "G#m", "G#m", "G#m", "G#m", "G#m", "G#m", "G#m", "G#m", "G#m", "G#m", "G#m", "G#m", "G#m", "G#m", "G#m", "G#m", "G#m", "G#m", "G#m", "D#m", "D#m", "D#m", "D#m", "D#m", "D#m", "D#m", "D#m", "D#m", "D#m", "D#m", "D#m", "D#m", "D#m", "D#m", "D#m", "D#m", "D#m", "D#m", "D#m", "D#m", "D#m", "D#m", "D#m", "D#m", "D#m", "D#m", "F#", "F#", "F#", "F#", "F#", "F#", "D#m", "D#m", "D#m", "D#m", "D#m", "D#m", "D#m", "D#m", "D#m", "D#m", "G#m", "G#m", "G#m", "G#m", "G#m", "G#m", "G#m", "G#m", "G#m", "G#m", "G#m", "G#m", "G#m", "G#m", "G#m", "G#m", "G#m", "G#m", "G#m", "G#m", "G#m", "G#m", "G#m", "G#m", "G#m", "G#m", "G#m", "G#m", "G#m", "G#m", "G#m", "G#m", "G#m", "G#m", "G#m", "G#m", "D#m", "D#m", "D#m", "D#m", "D#m", "D#m", "D#m", "D#m", "D#m", "D#m", "D#m", "D#m", "D#m", "D#m", "D#m", "D#m", "D#m", "D#m", "D#m", "D#m", "D#m", "D#m", "D#m", "F#", "F#", "F#", "F#", "F#", "F#", "F#", "F#", "F#", "D#m", "D#m", "D#m", "D#m", "D#m", "D#m", "D#m", "D#m", "D#m", "D#m", "D#m", "D#m", "D#m", "D#m", "D#m", "D#m", "D#m", "D#m", "D#m", "D#m", "D#m", "D#m", "D#m"]
