
metadata:
    version:
        essentia: "1.2.2"
    audio_properties:
        analysis_sample_rate: 44100
        bitrate: 128
        channels: 2
        equal_loudness: 1
        length: 10.0310201645
        replay_gain: -10.0754451752
        downmix: "mix"
    tags:
        track: 18
        year: 0
        album: "Splitted by Mp3Splt v. 2.1"
        artist: "From 002.50 To 003.00"
        comment: "http://mp3splt.sf.net"
        genre: ""
        title: "04 Anywhere.mp3"

highlevel:
    ballroom:
        all:
            ChaChaCha: 0.00366234406829
            Jive: 0.00410082750022
            Quickstep: 0.0144467689097
            Rumba-American: 0.00621499260888
            Rumba-International: 0.0314716659486
            Rumba-Misc: 0.062827989459
            Samba: 0.00291792536154
            Tango: 0.046142026782
            VienneseWaltz: 0.337762594223
            Waltz: 0.490452855825
        probability: 0.490452855825
        value: "Waltz"
    culture:
        all:
            non_western: 0.0450017079711
            western: 0.954998314381
        probability: 0.954998314381
        value: "western"
    gender:
        all:
            female: 0.955986380577
            male: 0.0440136343241
        probability: 0.955986380577
        value: "female"
    genre_dortmund:
        all:
            alternative: 0.176106110215
            blues: 0.040088750422
            electronic: 0.0263088271022
            folkcountry: 0.43541687727
            funksoulrnb: 0.0435737594962
            jazz: 0.0452499911189
            pop: 0.148301646113
            raphiphop: 0.00261121592484
            rock: 0.08234282583
        probability: 0.43541687727
        value: "folkcountry"
    genre_electronica:
        all:
            ambient: 0.882740139961
            dnb: 0.0431850962341
            house: 0.0294155105948
            techno: 0.00255498453043
            trance: 0.0421042591333
        probability: 0.882740139961
        value: "ambient"
    genre_rosamerica:
        all:
            cla: 0.528254926205
            dan: 0.00952966045588
            hip: 0.00535521609709
            jaz: 0.038420047611
            pop: 0.259039700031
            rhy: 0.0877731814981
            roc: 0.0670648962259
            spe: 0.00456237141043
        probability: 0.528254926205
        value: "cla"
    genre_tzanetakis:
        all:
            blu: 0.0105677759275
            cla: 0.111603140831
            cou: 0.204692035913
            dis: 0.0438709929585
            hip: 0.00370392645709
            jaz: 0.0232423376292
            met: 0.00751992128789
            pop: 0.270511776209
            reg: 0.0139655256644
            roc: 0.310322552919
        probability: 0.310322552919
        value: "roc"
    live_studio:
        all:
            live: 0.0776410251856
            studio: 0.922358989716
        probability: 0.922358989716
        value: "studio"
    mood:
        all:
            Cluster1: 0.0760204046965
            Cluster2: 0.258015602827
            Cluster3: 0.44597068429
            Cluster4: 0.193079859018
            Cluster5: 0.0269134715199
        probability: 0.44597068429
        value: "Cluster3"
    mood_acoustic:
        all:
            acoustic: 0.937767148018
            not_acoustic: 0.062232863158
        probability: 0.937767148018
        value: "acoustic"
    mood_aggressive:
        all:
            aggressive: 1.0446210581e-05
            not_aggressive: 0.999989569187
        probability: 0.999989569187
        value: "not_aggressive"
    mood_electronic:
        all:
            electronic: 0.0787476822734
            not_electronic: 0.921252310276
        probability: 0.921252310276
        value: "not_electronic"
    mood_happy:
        all:
            happy: 0.434295862913
            not_happy: 0.565704166889
        probability: 0.565704166889
        value: "not_happy"
    mood_party:
        all:
            not_party: 0.982139885426
            party: 0.0178601294756
        probability: 0.982139885426
        value: "not_party"
    mood_relaxed:
        all:
            not_relaxed: 0.163968786597
            relaxed: 0.836031198502
        probability: 0.836031198502
        value: "relaxed"
    mood_sad:
        all:
            not_sad: 0.117430254817
            sad: 0.882569730282
        probability: 0.882569730282
        value: "sad"
    rhythm:
        all:
            fast: 0.728895485401
            medium: 0.125868961215
            slow: 0.145235583186
        probability: 0.728895485401
        value: "fast"
    speech_music:
        all:
            music: 0.997939169407
            speech: 0.00206081708893
        probability: 0.997939169407
        value: "music"
    timbre:
        all:
            bright: 0.97673201561
            dark: 0.0232679769397
        probability: 0.97673201561
        value: "bright"
    voice_instrumental:
        all:
            instrumental: 0.00553154060617
            voice: 0.994468450546
        probability: 0.994468450546
        value: "voice"

lowlevel:
    average_loudness: 0.975924313068
    barkbands_kurtosis:
        dmean: 1.13992321491
        dmean2: 1.88526976109
        dvar: 1.77302706242
        dvar2: 4.64573907852
        max: 11.1717786789
        mean: 0.478445231915
        min: -1.7820854187
        var: 3.8388235569
    barkbands_skewness:
        dmean: 0.433819234371
        dmean2: 0.699051201344
        dvar: 0.144750759006
        dvar2: 0.341460049152
        max: 3.18659329414
        mean: 0.917586386204
        min: -2.5005376339
        var: 0.515557050705
    barkbands_spread:
        dmean: 3.47804808617
        dmean2: 5.54891490936
        dvar: 13.4054250717
        dvar2: 29.8692798615
        max: 52.7563285828
        mean: 17.8389511108
        min: 4.7456946373
        var: 49.8267173767
    dissonance:
        dmean: 0.0334774143994
        dmean2: 0.0553133487701
        dvar: 0.000735115783755
        dvar2: 0.00193044298794
        max: 0.497219711542
        mean: 0.42356967926
        min: 0.216516405344
        var: 0.00157516589388
    hfc:
        dmean: 1.31629550457
        dmean2: 1.89037871361
        dvar: 6.81387519836
        dvar2: 12.2231283188
        max: 42.7340545654
        mean: 4.27877998352
        min: 0.0172442942858
        var: 19.4732074738
    pitch:
        dmean: 97.7922821045
        dmean2: 188.726715088
        dvar: 204114.296875
        dvar2: 508610.9375
        max: 4410
        mean: 322.145263672
        min: 97.566368103
        var: 220591.984375
    pitch_instantaneous_confidence:
        dmean: 0.077641800046
        dmean2: 0.12018468231
        dvar: 0.00515090208501
        dvar2: 0.0116673782468
        max: 0.886037945747
        mean: 0.579857707024
        min: 0.254280924797
        var: 0.0191544853151
    pitch_salience:
        dmean: 0.0604870244861
        dmean2: 0.0967972278595
        dvar: 0.00222122576088
        dvar2: 0.00549257639796
        max: 0.744282901287
        mean: 0.494739502668
        min: 0.289569228888
        var: 0.00711849937215
    silence_rate_20dB:
        dmean: 0
        dmean2: 0
        dvar: 0
        dvar2: 0
        max: 1
        mean: 1
        min: 1
        var: 0
    silence_rate_30dB:
        dmean: 0
        dmean2: 0
        dvar: 0
        dvar2: 0
        max: 1
        mean: 1
        min: 1
        var: 0
    silence_rate_60dB:
        dmean: 0.148148149252
        dmean2: 0.294663578272
        dvar: 0.126200854778
        dvar2: 0.268162727356
        max: 1
        mean: 0.394919157028
        min: 0
        var: 0.238957181573
    spectral_centroid:
        dmean: 176.258499146
        dmean2: 265.380157471
        dvar: 49367.4257812
        dvar2: 71138.4296875
        max: 3962.92333984
        mean: 945.590942383
        min: 300.157714844
        var: 216368.8125
    spectral_complexity:
        dmean: 1.90023207664
        dmean2: 2.96279072762
        dvar: 3.8299574852
        dvar2: 6.9893078804
        max: 26
        mean: 9.98148155212
        min: 0
        var: 20.5505619049
    spectral_crest:
        dmean: 2.3498404026
        dmean2: 3.88154697418
        dvar: 3.63937997818
        dvar2: 10.4402980804
        max: 20.1154155731
        mean: 10.01475811
        min: 3.73886370659
        var: 10.2910709381
    spectral_decrease:
        dmean: 2.73200850831e-10
        dmean2: 4.35655983511e-10
        dvar: 1.45911894169e-19
        dvar2: 3.21522803503e-19
        max: -3.45385027002e-12
        mean: -1.01701713717e-09
        min: -4.58065096964e-09
        var: 3.60750370638e-19
    spectral_energy:
        dmean: 0.00112655630801
        dmean2: 0.00178623129614
        dvar: 2.55624445344e-06
        dvar2: 5.49533797312e-06
        max: 0.0187760815024
        mean: 0.00422655465081
        min: 1.45997446452e-05
        var: 6.63093123876e-06
    spectral_energyband_high:
        dmean: 5.63789981243e-05
        dmean2: 7.63595089666e-05
        dvar: 6.8342536963e-08
        dvar2: 1.13245427258e-07
        max: 0.0052294395864
        mean: 8.44349269755e-05
        min: 2.77851313513e-07
        var: 1.07033251595e-07
    spectral_energyband_low:
        dmean: 1.61372827279e-05
        dmean2: 2.72508641501e-05
        dvar: 1.1125576016e-09
        dvar2: 3.04883696067e-09
        max: 0.000402365927584
        mean: 2.16393036681e-05
        min: 8.60516848888e-08
        var: 1.2965629681e-09
    spectral_energyband_middle_high:
        dmean: 0.000579610757995
        dmean2: 0.000886763446033
        dvar: 1.17218974083e-06
        dvar2: 2.5516092137e-06
        max: 0.0127877946943
        mean: 0.00161725783255
        min: 5.68890800423e-06
        var: 2.99160774375e-06
    spectral_energyband_middle_low:
        dmean: 0.000769581296481
        dmean2: 0.00124716525897
        dvar: 7.21400681414e-07
        dvar2: 1.66230802279e-06
        max: 0.0106113953516
        mean: 0.00250322185457
        min: 8.54673908179e-06
        var: 1.77257300038e-06
    spectral_flatness_db:
        dmean: 0.024667179212
        dmean2: 0.0368664450943
        dvar: 0.000414393929532
        dvar2: 0.000901594408788
        max: 0.324399620295
        mean: 0.234313651919
        min: 0.102287873626
        var: 0.00167622207664
    spectral_flux:
        dmean: 0.00786725524813
        dmean2: 0.0120414113626
        dvar: 8.73157623573e-05
        dvar2: 0.000173653796082
        max: 0.105888485909
        mean: 0.0296653416008
        min: 0.00382096110843
        var: 0.000212777857087
    spectral_kurtosis:
        dmean: 4.99011802673
        dmean2: 8.40746974945
        dvar: 25.157283783
        dvar2: 71.8320465088
        max: 37.964302063
        mean: 10.5265140533
        min: -0.623106241226
        var: 44.5799102783
    spectral_rms:
        dmean: 0.000259511376498
        dmean2: 0.000406493898481
        dvar: 8.23572037234e-08
        dvar2: 1.7645155026e-07
        max: 0.00427996832877
        mean: 0.0019577476196
        min: 0.000119346776046
        var: 2.90692838689e-07
    spectral_rolloff:
        dmean: 354.772888184
        dmean2: 588.607421875
        dvar: 236180.765625
        dvar2: 463933.09375
        max: 6632.2265625
        mean: 1742.04541016
        min: 279.931640625
        var: 796637.875
    spectral_skewness:
        dmean: 0.431513249874
        dmean2: 0.716344416142
        dvar: 0.144572868943
        dvar2: 0.404247909784
        max: 4.41474342346
        mean: 2.20679450035
        min: 0.191944748163
        var: 0.375998854637
    spectral_spread:
        dmean: 606056.8125
        dmean2: 871557.125
        dvar: 457926836224
        dvar2: 883443433472
        max: 11030450
        mean: 3115576
        min: 1394323.25
        var: 2.2414664663e+12
    spectral_strongpeak:
        dmean: 0.334190100431
        dmean2: 0.585617780685
        dvar: 0.271931290627
        dvar2: 0.649645030499
        max: 6.15578794479
        mean: 0.665811598301
        min: 0.00924970116466
        var: 0.470495164394
    zerocrossingrate:
        dmean: 0.00692090531811
        dmean2: 0.00813385751098
        dvar: 7.83019495429e-05
        dvar2: 7.69585894886e-05
        max: 0.19580078125
        mean: 0.0555318184197
        min: 0.01708984375
        var: 0.000511580030434
    barkbands:
        dmean: [1.00216750454e-08, 7.62521096931e-07, 1.57662598212e-05, 6.48967688903e-05, 0.000394819013309, 0.00023587832402, 5.24789829797e-05, 0.000154381632456, 0.000174215543666, 0.000231459125644, 0.000104315491626, 9.56363437581e-05, 0.000140074291267, 5.92554533796e-05, 9.25639615161e-05, 5.15518768225e-05, 9.09421141841e-05, 0.000102644960862, 6.45413310849e-05, 4.73632426292e-05, 2.32951624639e-05, 7.21783226254e-06, 3.5039413433e-06, 1.6188068912e-06, 9.07073399503e-07, 2.85005761214e-08, 4.90945117892e-10]
        dmean2: [1.14506315541e-08, 1.23763663851e-06, 2.66591050604e-05, 0.000112539288239, 0.000655369076412, 0.000386759929825, 8.78274076968e-05, 0.000228758188314, 0.000261625507846, 0.000346501212334, 0.000168976272107, 0.000155090223416, 0.000223491922952, 0.00010039062181, 0.000149620464072, 8.40508000692e-05, 0.00013223766291, 0.000161560281413, 0.00010332884267, 6.69028158882e-05, 3.38742065651e-05, 1.04028604255e-05, 4.93736206408e-06, 2.15434988604e-06, 1.18471075439e-06, 3.98321020612e-08, 6.39928665613e-10]
        dvar: [2.8511782914e-14, 2.51637382806e-12, 1.03892638936e-09, 1.18292140527e-08, 2.18038266553e-07, 1.54613289283e-07, 9.31881416477e-09, 1.30917086949e-07, 1.16919700588e-07, 4.49601401442e-07, 2.49745824021e-07, 1.23708275623e-07, 5.12753537407e-08, 2.38716957313e-08, 2.50931240231e-08, 7.58167661985e-09, 3.6647058721e-08, 8.96377017057e-08, 2.12786375187e-08, 3.00193079283e-08, 1.26486341401e-08, 7.99180555067e-10, 5.3002691125e-10, 7.05690297864e-11, 1.97291297882e-11, 9.38699530433e-15, 3.64615622272e-17]
        dvar2: [2.86703949156e-14, 6.16781885981e-12, 2.85971735181e-09, 3.56785427869e-08, 6.42784016236e-07, 3.97890403292e-07, 2.60788155515e-08, 2.79098969713e-07, 2.73876992196e-07, 1.06795801003e-06, 6.92183618867e-07, 3.44116926954e-07, 1.32066645619e-07, 6.28031742167e-08, 6.53070273415e-08, 1.93812610405e-08, 4.51702177884e-08, 2.0084733876e-07, 4.76491806012e-08, 4.64893297192e-08, 2.37197284036e-08, 1.58372137626e-09, 1.08285846956e-09, 1.1723158555e-10, 3.47779617604e-11, 1.64128151174e-14, 3.65979841626e-17]
        max: [3.52283723259e-06, 2.15047039092e-05, 0.000380859302823, 0.00111241335981, 0.00381596479565, 0.00521859992296, 0.00107083679177, 0.00420150021091, 0.00399492774159, 0.0113510442898, 0.00670531904325, 0.00413253856823, 0.00224418169819, 0.00142178183887, 0.00118693732657, 0.000913353986107, 0.00486630061641, 0.00459074229002, 0.0020306725055, 0.00346414744854, 0.00226654438302, 0.000461104442365, 0.000331834511599, 0.000149194645928, 6.663815293e-05, 1.90732691863e-06, 1.26051133975e-07]
        mean: [1.04076729457e-08, 9.76658157015e-07, 2.0656900233e-05, 0.000107691965241, 0.000891048053745, 0.000669889210258, 0.000111453999125, 0.000298482424114, 0.000331631075824, 0.000399599433877, 0.000157126341946, 0.000129204330733, 0.000218584798859, 9.0702851594e-05, 0.000125899445266, 7.76546585257e-05, 0.000177344467374, 0.000177993904799, 0.000118477262731, 7.28218874428e-05, 3.3501713915e-05, 8.6364998424e-06, 3.85859220842e-06, 2.1296500563e-06, 1.13963392323e-06, 4.13784384534e-08, 5.02126229485e-10]
        min: [1.71756584649e-11, 5.37180744331e-09, 4.87069584665e-08, 2.18302194099e-08, 3.15364968628e-06, 4.52048652733e-06, 2.69720544566e-07, 4.17073181325e-07, 4.11646823295e-08, 2.56317690628e-07, 3.65140920167e-07, 2.23652506293e-07, 3.73698370026e-08, 1.82829666073e-07, 3.23839600469e-07, 2.68973709971e-09, 1.00163936168e-06, 3.33701166255e-07, 1.2224043644e-07, 6.76589820614e-07, 2.06874858577e-07, 1.41384370878e-08, 3.5655340902e-09, 1.08808795307e-09, 5.28344756834e-10, 5.46561147036e-12, 3.57639943051e-14]
        var: [2.86305775908e-14, 3.14062686448e-12, 1.20465193376e-09, 2.5196701614e-08, 4.48547552878e-07, 5.35804304036e-07, 1.68989160443e-08, 2.66281631411e-07, 2.65657263299e-07, 7.34021170956e-07, 2.14330427184e-07, 1.04925945266e-07, 9.55711740858e-08, 4.09167313364e-08, 3.85729030938e-08, 1.08472368865e-08, 1.77577604177e-07, 1.74568299371e-07, 4.88440967672e-08, 5.33942703385e-08, 1.73752585653e-08, 1.05972541853e-09, 7.07542024969e-10, 1.392233967e-10, 3.58363581865e-11, 2.36046991279e-14, 3.66715966197e-17]
    mfcc:
        mean: [-773.651184082, 162.219894409, -74.9965667725, 38.5067596436, -32.8109397888, -21.7819423676, -19.6301612854, -18.4600353241, -16.5800132751, -18.4617824554, -14.2809324265, -15.9144239426, -19.5751590729]
        cov: [[2477.61474609, -1634.90979004, 171.367828369, -314.107849121, -0.176216572523, -320.901733398, -28.3700256348, 14.1038532257, 82.6620483398, 108.349121094, -179.769393921, -58.34923172, -8.09022426605], [-1634.90979004, 2027.52441406, -660.484863281, 171.44090271, -122.87122345, 266.657653809, 138.885070801, 88.5395050049, -7.14412927628, -135.397888184, 62.0407752991, -23.4453239441, 39.734249115], [171.367828369, -660.484863281, 796.600036621, -27.3358688354, 169.830078125, 15.3040361404, -48.1525268555, -35.3801803589, 11.5291519165, 57.0292243958, 58.0733337402, 54.2249069214, -24.2901382446], [-314.107849121, 171.44090271, -27.3358688354, 194.467727661, 20.2780056, 43.8368301392, -7.06185722351, -8.28821182251, -8.86479663849, -15.9682846069, 46.6666374207, 23.5690116882, -7.26396131516], [-0.176216572523, -122.87122345, 169.830078125, 20.2780056, 174.883071899, -0.487437725067, 13.0992679596, -11.963886261, 12.1036071777, 32.451877594, 30.7356548309, 20.7910385132, -13.41755867], [-320.901733398, 266.657653809, 15.3040361404, 43.8368301392, -0.487437725067, 206.579223633, 34.0140838623, 10.241727829, -5.06769561768, -14.1949186325, 54.6559867859, 18.9346523285, -0.255077540874], [-28.3700256348, 138.885070801, -48.1525268555, -7.06185722351, 13.0992679596, 34.0140838623, 154.932449341, 68.6136245728, 20.7934741974, 8.62632083893, -3.76624417305, -8.42481517792, 11.3694944382], [14.1038532257, 88.5395050049, -35.3801803589, -8.28821182251, -11.963886261, 10.241727829, 68.6136245728, 119.284210205, 38.3048820496, 7.3039393425, -28.5481204987, -6.51632976532, 20.2455654144], [82.6620483398, -7.14412927628, 11.5291519165, -8.86479663849, 12.1036071777, -5.06769561768, 20.7934741974, 38.3048820496, 98.0979003906, 37.0180969238, -13.8041009903, -35.4780654907, -10.7046394348], [108.349121094, -135.397888184, 57.0292243958, -15.9682846069, 32.451877594, -14.1949186325, 8.62632083893, 7.3039393425, 37.0180969238, 83.0114212036, 15.5168056488, -12.678399086, -19.1520500183], [-179.769393921, 62.0407752991, 58.0733337402, 46.6666374207, 30.7356548309, 54.6559867859, -3.76624417305, -28.5481204987, -13.8041009903, 15.5168056488, 107.263908386, 40.2152290344, -23.9876346588], [-58.34923172, -23.4453239441, 54.2249069214, 23.5690116882, 20.7910385132, 18.9346523285, -8.42481517792, -6.51632976532, -35.4780654907, -12.678399086, 40.2152290344, 97.1740875244, 18.1563301086], [-8.09022426605, 39.734249115, -24.2901382446, -7.26396131516, -13.41755867, -0.255077540874, 11.3694944382, 20.2455654144, -10.7046394348, -19.1520500183, -23.9876346588, 18.1563301086, 90.1951980591]]
        icov: [[0.00144540087786, 0.00135197781492, 0.000751225335989, 0.00107487419154, 4.96113607369e-05, 0.000220097470446, -0.000512808095664, -0.000193930289242, -0.00108536251355, 0.000500220048707, 0.000407809100579, -0.000105156839709, 4.61318340967e-05], [0.00135197781492, 0.00238083256409, 0.00155763188377, 0.000643444538582, -0.000140991221997, -0.000821407767944, -0.000764968339354, -0.000705564278178, -0.00136229360942, 0.00199277233332, -0.000717776129022, 0.000546618597582, -0.000264234666247], [0.000751225335989, 0.00155763188377, 0.00283426884562, 0.000895136734471, -0.00173228117637, -0.000984142185189, 0.000327464338625, -0.000553552177735, -0.00103026197758, 0.000865763809998, -0.000858316314407, -0.000314064032864, -6.44273095531e-05], [0.00107487419154, 0.000643444538582, 0.000895136734471, 0.00724710896611, -0.0011175457621, -0.000145205616718, 0.000559068925213, -0.000554209109396, -0.0012059896253, 0.00173175975215, -0.00204732920974, -0.000606059911661, 0.000327039335389], [4.96113607369e-05, -0.000140991221997, -0.00173228117637, -0.0011175457621, 0.0083489427343, 0.000866564398166, -0.00194668793119, 0.00163595762569, -0.000838416453917, -0.00212229788303, -7.94974330347e-05, -0.00139479292557, 0.000342145649483], [0.000220097470446, -0.000821407767944, -0.000984142185189, -0.000145205616718, 0.000866564398166, 0.00733479950577, -0.00120327144396, -0.00018031707441, -0.00020771981508, 0.000648043816909, -0.00279084057547, -1.54298104462e-05, -0.000179493406904], [-0.000512808095664, -0.000764968339354, 0.000327464338625, 0.000559068925213, -0.00194668793119, -0.00120327144396, 0.0100091090426, -0.00550967827439, 0.00118208187632, -0.000961272977293, -0.00102765497286, 0.00115654093679, -0.000463693257188], [-0.000193930289242, -0.000705564278178, -0.000553552177735, -0.000554209109396, 0.00163595762569, -0.00018031707441, -0.00550967827439, 0.0148465987295, -0.00481097633019, -0.00152642931789, 0.00450978148729, -0.00321108312346, -0.00134475005325], [-0.00108536251355, -0.00136229360942, -0.00103026197758, -0.0012059896253, -0.000838416453917, -0.00020771981508, 0.00118208187632, -0.00481097633019, 0.0171729400754, -0.0065977498889, 0.000665932660922, 0.00487695354968, 0.00076632091077], [0.000500220048707, 0.00199277233332, 0.000865763809998, 0.00173175975215, -0.00212229788303, 0.000648043816909, -0.000961272977293, -0.00152642931789, -0.0065977498889, 0.0203098095953, -0.00625419430435, 0.00265874247998, 0.00102054234594], [0.000407809100579, -0.000717776129022, -0.000858316314407, -0.00204732920974, -7.94974330347e-05, -0.00279084057547, -0.00102765497286, 0.00450978148729, 0.000665932660922, -0.00625419430435, 0.0191826540977, -0.00751603674144, 0.00441996473819], [-0.000105156839709, 0.000546618597582, -0.000314064032864, -0.000606059911661, -0.00139479292557, -1.54298104462e-05, 0.00115654093679, -0.00321108312346, 0.00487695354968, 0.00265874247998, -0.00751603674144, 0.0169048104435, -0.00427466072142], [4.61318340967e-05, -0.000264234666247, -6.44273095531e-05, 0.000327039335389, 0.000342145649483, -0.000179493406904, -0.000463693257188, -0.00134475005325, 0.00076632091077, 0.00102054234594, 0.00441996473819, -0.00427466072142, 0.0139709273353]]
    spectral_contrast:
        mean: [3.42002351772e-07, 2.45843295943e-07, -7.47300106241e-08, 6.71242119665e-08, 2.01872794037e-07, -1.12612418945e-07, -2.28884596254e-06, -9.18491025459e-07, 8.19977799438e-07, -1.70204373262e-06, 1.98585576072e-06, 7.5057698723e-08]
        var: [0.000817560532596, 0.00114191800822, 0.00191330676898, 0.00277511030436, 0.00324927596375, 0.00512366183102, 0.0706041008234, 0.10172932595, 0.177521035075, 0.390155941248, 0.67060559988, 2.50859045982]

rhythm:
    beats_loudness:
        dmean: 0.00250243232585
        dmean2: 0.00478235399351
        dvar: 4.59485909232e-06
        dvar2: 9.44746079767e-06
        max: 0.0111443735659
        mean: 0.00513378530741
        min: 0.00156755349599
        var: 7.63867046771e-06
    beats_loudness_bass:
        dmean: 0.0110165802762
        dmean2: 0.0196316856891
        dvar: 0.000134399568196
        dvar2: 0.000377813674277
        max: 0.0410163812339
        mean: 0.0100071653724
        min: 0.000852907716762
        var: 0.00011543740402
    bpm: 102.6065979
    bpm_confidence: 0
    first_peak_bpm: 102
    first_peak_spread: 0.399999976158
    first_peak_weight: 0.5625
    onset_rate: 4.38639307022
    second_peak_bpm: 115
    second_peak_spread: 0
    second_peak_weight: 0.0625
    beats_position: [0.190437942743, 0.778630495071, 1.3668230772, 1.95501554012, 2.54320812225, 3.13140058517, 3.71959328651, 4.30778598785, 4.89597845078, 5.48417139053, 6.00788402557, 6.57612705231, 7.14437150955, 7.71261453629, 8.28085803986, 8.84910106659, 9.417345047]
    bpm_estimates: [102.375717163, 101.996383667, 102.297164917, 102.199134827, 101.055541992, 102.12953949, 102.671409607, 102.52507782, 101.454551697, 101.394775391, 105.98576355, 105.194259644]
    bpm_intervals: [0.58819258213, 0.58819258213, 0.588192462921, 0.58819258213, 0.588192462921, 0.58819270134, 0.58819270134, 0.588192462921, 0.588192939758, 0.52371263504, 0.568243026733, 0.568244457245, 0.568243026733, 0.568243503571, 0.568243026733, 0.568243980408]
    onset_times: [0.0464399084449, 0.150929704309, 0.429569154978, 0.766258478165, 1.03328800201, 1.23065757751, 1.34675741196, 1.57895696163, 1.66022670269, 1.91564631462, 2.20589566231, 2.36843538284, 2.53097510338, 2.71673464775, 2.79800462723, 3.08825397491, 3.3785033226, 3.61070299149, 3.70358276367, 3.87773251534, 3.99383211136, 4.28408145905, 4.59755086899, 4.73687076569, 4.88780021667, 5.06195020676, 5.1780500412, 5.46829938889, 5.78176879883, 5.93269824982, 6.06040811539, 6.61768722534, 6.93115663528, 7.19818592072, 7.50004529953, 7.70902490616, 7.74385499954, 7.80190467834, 8.09215450287, 8.39401340485, 8.6146030426, 8.893242836, 9.04417228699, 10.0078001022]
    rubato_start: []
    rubato_stop: []
    perceptual_tempo: "unknown"

sfx:
    inharmonicity:
        dmean: 0.0387159250677
        dmean2: 0.0731393247843
        dvar: 0.0048207771033
        dvar2: 0.0134615190327
        max: 0.429348111153
        mean: 0.0323078781366
        min: 2.67208361038e-06
        var: 0.00317974365316
    oddtoevenharmonicenergyratio:
        dmean: 3.42554783821
        dmean2: 6.65717172623
        dvar: 525.981201172
        dvar2: 1569.88171387
        max: 328.721343994
        mean: 2.08436918259
        min: 8.77813072293e-05
        var: 267.413604736
    pitch_after_max_to_before_max_energy_ratio: 0.465082585812
    pitch_centroid: 241.890655518
    pitch_max_to_total: 0.888888895512
    pitch_min_to_total: 0.423611104488
    tristimulus:
        dmean: [0.216299921274, 0.211956948042, 0.069440163672]
        dmean2: [0.377763211727, 0.364426463842, 0.122504077852]
        dvar: [0.044741243124, 0.0381781235337, 0.00677147414535]
        dvar2: [0.121838606894, 0.104929767549, 0.018510106951]
        max: [0.972978115082, 0.991173863411, 0.538025617599]
        mean: [0.467339873314, 0.442143201828, 0.0732356458902]
        min: [0.000169009304955, 0, 0]
        var: [0.0646879896522, 0.0559765174985, 0.00846341624856]

tonal:
    chords_changes_rate: 0.055299539119
    chords_number_rate: 0.0276497695595
    chords_strength:
        dmean: 0.0105594377965
        dmean2: 0.00665233377367
        dvar: 8.24737508083e-05
        dvar2: 5.33051716047e-05
        max: 0.757937788963
        mean: 0.489181667566
        min: 0.264983832836
        var: 0.0186426006258
    key_strength: 0.665315210819
    tuning_diatonic_strength: 0.502771377563
    tuning_equal_tempered_deviation: 0.0290639940649
    tuning_frequency: 441.782684326
    tuning_nontempered_energy_ratio: 0.655789077282
    hpcp:
        dmean: [0.121011100709, 0.0908555611968, 0.0498341023922, 0.0471097193658, 0.0394983775914, 0.0341516062617, 0.0490012690425, 0.0495839565992, 0.0655648186803, 0.0974672138691, 0.0666143596172, 0.0364692993462, 0.0369389392436, 0.0530718713999, 0.11397934705, 0.14170846343, 0.0994789600372, 0.0516394600272, 0.0297781396657, 0.0261575803161, 0.068012572825, 0.0724705308676, 0.0914795249701, 0.095970980823, 0.121082767844, 0.0846198275685, 0.0544900968671, 0.0376167781651, 0.0617627874017, 0.139133438468, 0.135920733213, 0.146855115891, 0.117762625217, 0.0651368424296, 0.0720201656222, 0.104235239327]
        dmean2: [0.20498906076, 0.146697178483, 0.0842486470938, 0.0789509117603, 0.0645411834121, 0.0576765537262, 0.0841604992747, 0.0876955986023, 0.111265450716, 0.159683033824, 0.108773626387, 0.06557597965, 0.066807307303, 0.092866204679, 0.182609990239, 0.233492136002, 0.159717589617, 0.0883891358972, 0.0544807761908, 0.0444343909621, 0.114006727934, 0.122815102339, 0.153011962771, 0.159095883369, 0.187323853374, 0.134668543935, 0.0906065553427, 0.0644880831242, 0.114241398871, 0.215773582458, 0.230571657419, 0.242001056671, 0.203842937946, 0.111160621047, 0.132966518402, 0.182273924351]
        dvar: [0.0373066812754, 0.0215034093708, 0.00720118638128, 0.00680867163464, 0.00595241505653, 0.00422260956839, 0.0112076941878, 0.00892524886876, 0.013236310333, 0.0225541833788, 0.012904423289, 0.00967453047633, 0.0100121786818, 0.0149892233312, 0.0254556685686, 0.034982342273, 0.017511755228, 0.0135863320902, 0.00754096033052, 0.00888139009476, 0.0232899077237, 0.0184279754758, 0.0265262238681, 0.0195697788149, 0.0270859915763, 0.0153718814254, 0.0172709506005, 0.0059903380461, 0.017841020599, 0.0380051322281, 0.0394757315516, 0.0442148186266, 0.0491990484297, 0.0188966430724, 0.028674390167, 0.0283587574959]
        dvar2: [0.0852854549885, 0.0542722530663, 0.0173710621893, 0.0149597749114, 0.0112480288371, 0.00972133688629, 0.0270052887499, 0.0207354743034, 0.0345482863486, 0.0553584992886, 0.028477711603, 0.0278140604496, 0.0275441352278, 0.0368711948395, 0.0694308504462, 0.0891366526484, 0.0478666722775, 0.0363621078432, 0.0220200065523, 0.0219414308667, 0.0553418807685, 0.0472368225455, 0.0656541138887, 0.0448126234114, 0.0512648001313, 0.0325935147703, 0.0441896021366, 0.0150189800188, 0.0486670844257, 0.0967253744602, 0.09346485883, 0.10527266562, 0.12223546207, 0.0480113700032, 0.0852598324418, 0.0842006057501]
        max: [1, 1, 0.685426592827, 0.844536006451, 0.987909436226, 0.51058536768, 0.939665198326, 0.689804911613, 1, 1, 1, 1, 1, 1, 1, 1, 1, 1, 0.753541350365, 0.870286226273, 1, 1, 1, 1, 1, 1, 1, 0.636152923107, 0.813842177391, 1, 1, 1, 1, 1, 1, 1]
        mean: [0.221423715353, 0.144249945879, 0.0627521201968, 0.0826135650277, 0.0629606097937, 0.0408991500735, 0.0593647621572, 0.054621770978, 0.106404803693, 0.17235507071, 0.105245180428, 0.0350442565978, 0.0329561643302, 0.0499610416591, 0.209085226059, 0.318993657827, 0.173153325915, 0.0457261949778, 0.0239871460944, 0.0229617152363, 0.118242099881, 0.252530544996, 0.187372222543, 0.183460146189, 0.306619226933, 0.201366230845, 0.0645919814706, 0.038452193141, 0.0511413291097, 0.22395400703, 0.429871439934, 0.323296904564, 0.11164983362, 0.053647108376, 0.0514589995146, 0.134146600962]
        min: [0.000450399093097, 0.000472332641948, 0.000348603993189, 0.000351084483555, 9.56704461714e-05, 0.000381783698685, 0.000259304215433, 0.000357628217898, 0.00401283660904, 0.00545801920816, 0.00126772245858, 0.000141899858136, 0.000130896616611, 0.000169947161339, 0.000391431123717, 0.000291331962217, 0.000743925920688, 0.000217983630137, 0.00011544667359, 0.000101884535979, 0.000673001166433, 0.000580376014113, 0.00211196090095, 0.00222442718223, 0.00199796119705, 0.000951014517341, 0.000294549245154, 0.000203802424949, 0.000191975879716, 0.000577097700443, 0.00075194000965, 0.000266138318693, 0.000335098273354, 0.000333812262397, 0.000341685925378, 0.000366334657883]
        var: [0.0903435274959, 0.0456599853933, 0.00786962732673, 0.0188889335841, 0.0129424035549, 0.00447899475694, 0.0123537406325, 0.00899012107402, 0.0179417319596, 0.0381720773876, 0.0171742159873, 0.00784082803875, 0.00833268277347, 0.0145791620016, 0.0589587800205, 0.106452226639, 0.035454466939, 0.0120798991993, 0.00471428083256, 0.00715345982462, 0.0380085930228, 0.130042538047, 0.0731865987182, 0.0409668199718, 0.115800283849, 0.0659228041768, 0.0190098788589, 0.00546299992129, 0.012122893706, 0.0689466819167, 0.166760653257, 0.11625213176, 0.0471949651837, 0.0161602403969, 0.0172678362578, 0.0346986427903]
    chords_histogram: [24.4239635468, 0, 0, 0, 0, 0, 0, 0, 0, 0, 0, 0, 0, 0, 0, 0, 0, 3.22580647469, 0, 31.3364048004, 0, 32.25806427, 5.5299539566, 3.22580647469]
    thpcp: [1, 0.75207811594, 0.259728431702, 0.124798029661, 0.119707882404, 0.312062144279, 0.515092849731, 0.335565328598, 0.145978808403, 0.192182034254, 0.146463811398, 0.0951427444816, 0.138098880649, 0.127065360546, 0.247527033091, 0.40094563365, 0.244829431176, 0.0815226435661, 0.0766651630402, 0.116223216057, 0.486390143633, 0.742067575455, 0.402802586555, 0.106371790171, 0.0558007434011, 0.0534153059125, 0.275063872337, 0.58745598793, 0.435879677534, 0.426779091358, 0.713281214237, 0.468433618546, 0.15025883913, 0.0894504487514, 0.118968889117, 0.520979046822]
    chords_key: "D"
    chords_scale: "minor"
    key_key: "C"
    key_scale: "major"
    chords_progression: ["Dm", "Dm", "Dm", "Dm", "Dm", "Dm", "Dm", "Dm", "Dm", "Dm", "Dm", "Dm", "Dm", "Dm", "Dm", "Dm", "Dm", "Dm", "Dm", "Dm", "Dm", "Dm", "Dm", "Dm", "Dm", "Dm", "Dm", "Dm", "Dm", "Dm", "Dm", "Dm", "Dm", "Dm", "Dm", "Dm", "Am", "Am", "C", "C", "C", "C", "C", "C", "C", "C", "C", "C", "C", "C", "C", "C", "C", "C", "C", "C", "C", "C", "C", "C", "C", "Am", "Am", "Am", "Am", "Am", "F", "F", "F", "F", "F", "Dm", "Dm", "Dm", "Dm", "Dm", "Dm", "Dm", "Dm", "F", "F", "F", "F", "F", "F", "F", "C", "C", "C", "C", "C", "Gm", "Gm", "Gm", "Gm", "Gm", "Gm", "Gm", "Gm", "Gm", "Gm", "Gm", "Gm", "Gm", "Gm", "Gm", "Gm", "Gm", "Gm", "Gm", "Gm", "Gm", "Gm", "Gm", "Gm", "Gm", "Gm", "Gm", "Gm", "Gm", "Gm", "Gm", "Gm", "Gm", "Gm", "Gm", "Gm", "Gm", "Gm", "Gm", "Gm", "Gm", "Gm", "Gm", "Gm", "Gm", "Gm", "Gm", "Gm", "Gm", "Gm", "Gm", "Gm", "Gm", "Gm", "Gm", "Gm", "Gm", "Gm", "Gm", "Gm", "Gm", "Gm", "Gm", "Gm", "Gm", "Gm", "Gm", "Gm", "C", "C", "C", "C", "C", "C", "C", "C", "C", "Cm", "Cm", "Cm", "Cm", "Cm", "Cm", "Cm", "C", "C", "C", "C", "C", "C", "C", "C", "C", "C", "C", "C", "C", "C", "C", "C", "Dm", "Dm", "Dm", "Dm", "Dm", "Dm", "Dm", "Dm", "Dm", "Dm", "Dm", "Dm", "Dm", "Dm", "Dm", "Dm", "Dm", "Dm", "Dm", "Dm", "Dm", "Dm", "Dm", "Dm", "Dm", "Dm"]
