
metadata:
    version:
        essentia: "1.2.2"
    audio_properties:
        analysis_sample_rate: 44100
        bitrate: 128
        channels: 2
        equal_loudness: 1
        length: 10.0310201645
        replay_gain: -10.9230613708
        downmix: "mix"
    tags:
        track: 11
        year: 0
        album: "Splitted by Mp3Splt v. 2.1"
        artist: "From 001.40 To 001.50"
        comment: "http://mp3splt.sf.net"
        genre: ""
        title: "08 What Do You Think-.mp3"

highlevel:
    ballroom:
        all:
            ChaChaCha: 0.0756455808878
            Jive: 0.22417370975
            Quickstep: 0.141730666161
            Rumba-American: 0.00585966417566
            Rumba-International: 0.0121173076332
            Rumba-Misc: 0.010894626379
            Samba: 0.0792267993093
            Tango: 0.0758363008499
            VienneseWaltz: 0.319336801767
            Waltz: 0.0551785416901
        probability: 0.319336801767
        value: "VienneseWaltz"
    culture:
        all:
            non_western: 0.0286111216992
            western: 0.971388876438
        probability: 0.971388876438
        value: "western"
    gender:
        all:
            female: 0.298914253712
            male: 0.701085746288
        probability: 0.701085746288
        value: "male"
    genre_dortmund:
        all:
            alternative: 0.15588092804
            blues: 0.0186493955553
            electronic: 0.0311850681901
            folkcountry: 0.346105188131
            funksoulrnb: 0.0296493768692
            jazz: 0.071458928287
            pop: 0.129329442978
            raphiphop: 0.00146157806739
            rock: 0.216280117631
        probability: 0.346105188131
        value: "folkcountry"
    genre_electronica:
        all:
            ambient: 0.463333368301
            dnb: 0.125802069902
            house: 0.0285993870348
            techno: 0.0119555797428
            trance: 0.370309591293
        probability: 0.463333368301
        value: "ambient"
    genre_rosamerica:
        all:
            cla: 0.0593010932207
            dan: 0.013782302849
            hip: 0.00241232686676
            jaz: 0.00300181284547
            pop: 0.0210383012891
            rhy: 0.00985556375235
            roc: 0.889504671097
            spe: 0.00110395334195
        probability: 0.889504671097
        value: "roc"
    genre_tzanetakis:
        all:
            blu: 0.00540183018893
            cla: 0.0431305095553
            cou: 0.280713289976
            dis: 0.0354509055614
            hip: 0.00159431644715
            jaz: 0.0212078485638
            met: 0.0175691992044
            pop: 0.0237342175096
            reg: 0.00252635334618
            roc: 0.568671524525
        probability: 0.568671524525
        value: "roc"
    live_studio:
        all:
            live: 0.628234922886
            studio: 0.371765047312
        probability: 0.628234922886
        value: "live"
    mood:
        all:
            Cluster1: 0.402209162712
            Cluster2: 0.255559831858
            Cluster3: 0.145740240812
            Cluster4: 0.118851736188
            Cluster5: 0.0776390209794
        probability: 0.402209162712
        value: "Cluster1"
    mood_acoustic:
        all:
            acoustic: 0.14433375001
            not_acoustic: 0.855666279793
        probability: 0.855666279793
        value: "not_acoustic"
    mood_aggressive:
        all:
            aggressive: 0.109682224691
            not_aggressive: 0.890317797661
        probability: 0.890317797661
        value: "not_aggressive"
    mood_electronic:
        all:
            electronic: 0.185424745083
            not_electronic: 0.814575254917
        probability: 0.814575254917
        value: "not_electronic"
    mood_happy:
        all:
            happy: 0.87464672327
            not_happy: 0.125353291631
        probability: 0.87464672327
        value: "happy"
    mood_party:
        all:
            not_party: 0.640576541424
            party: 0.359423428774
        probability: 0.640576541424
        value: "not_party"
    mood_relaxed:
        all:
            not_relaxed: 0.909000635147
            relaxed: 0.0909993872046
        probability: 0.909000635147
        value: "not_relaxed"
    mood_sad:
        all:
            not_sad: 0.610629737377
            sad: 0.389370262623
        probability: 0.610629737377
        value: "not_sad"
    rhythm:
        all:
            fast: 0.954875528812
            medium: 0.0216766372323
            slow: 0.0234478432685
        probability: 0.954875528812
        value: "fast"
    speech_music:
        all:
            music: 0.998175084591
            speech: 0.00182494183537
        probability: 0.998175084591
        value: "music"
    timbre:
        all:
            bright: 0.96499556303
            dark: 0.035004414618
        probability: 0.96499556303
        value: "bright"
    voice_instrumental:
        all:
            instrumental: 0.0319186374545
            voice: 0.968081355095
        probability: 0.968081355095
        value: "voice"

lowlevel:
    average_loudness: 0.934343576431
    barkbands_kurtosis:
        dmean: 0.311372131109
        dmean2: 0.514854848385
        dvar: 0.119946785271
        dvar2: 0.291411101818
        max: 1.71745252609
        mean: -1.1457836628
        min: -1.786637187
        var: 0.202629208565
    barkbands_skewness:
        dmean: 0.318620949984
        dmean2: 0.512670576572
        dvar: 0.0611371435225
        dvar2: 0.163434416056
        max: 1.62753582001
        mean: -0.105140306056
        min: -1.4120721817
        var: 0.202116459608
    barkbands_spread:
        dmean: 4.79307079315
        dmean2: 7.48691749573
        dvar: 20.6099529266
        dvar2: 43.0027122498
        max: 55.5145645142
        mean: 29.6039066315
        min: 12.0847177505
        var: 51.244846344
    dissonance:
        dmean: 0.0163117516786
        dmean2: 0.0270815808326
        dvar: 0.000213310719118
        dvar2: 0.00055979390163
        max: 0.499649733305
        mean: 0.464138239622
        min: 0.375242710114
        var: 0.00038814599975
    hfc:
        dmean: 1.65899717808
        dmean2: 2.3041229248
        dvar: 2.90666031837
        dvar2: 5.98102855682
        max: 23.604391098
        mean: 7.55198812485
        min: 1.38498950005
        var: 16.7277393341
    pitch:
        dmean: 616.954956055
        dmean2: 1185.97387695
        dvar: 1436274.25
        dvar2: 3608964
        max: 4009.09082031
        mean: 665.626953125
        min: 98
        var: 1278885.625
    pitch_instantaneous_confidence:
        dmean: 0.0795184522867
        dmean2: 0.124755710363
        dvar: 0.00400678114966
        dvar2: 0.0087503856048
        max: 0.825274765491
        mean: 0.43754273653
        min: 0.195925652981
        var: 0.0130687998608
    pitch_salience:
        dmean: 0.0490644723177
        dmean2: 0.0807639658451
        dvar: 0.00181174150202
        dvar2: 0.00438167434186
        max: 0.765743553638
        mean: 0.609210968018
        min: 0.35978987813
        var: 0.00477602053434
    silence_rate_20dB:
        dmean: 0
        dmean2: 0
        dvar: 0
        dvar2: 0
        max: 1
        mean: 1
        min: 1
        var: 0
    silence_rate_30dB:
        dmean: 0
        dmean2: 0
        dvar: 0
        dvar2: 0
        max: 1
        mean: 1
        min: 1
        var: 0
    silence_rate_60dB:
        dmean: 0.134570762515
        dmean2: 0.269767433405
        dvar: 0.116460926831
        dvar2: 0.238853931427
        max: 1
        mean: 0.44675925374
        min: 0
        var: 0.247165426612
    spectral_centroid:
        dmean: 246.505004883
        dmean2: 388.217407227
        dvar: 36910.015625
        dvar2: 102608.179688
        max: 2932.82885742
        mean: 1893.21777344
        min: 948.239379883
        var: 110284.304688
    spectral_complexity:
        dmean: 2.91841483116
        dmean2: 4.3457942009
        dvar: 5.79521846771
        dvar2: 12.3477373123
        max: 31
        mean: 14.6488370895
        min: 3
        var: 21.8324966431
    spectral_crest:
        dmean: 1.58310592175
        dmean2: 2.65463519096
        dvar: 2.24983525276
        dvar2: 5.52888345718
        max: 16.8191394806
        mean: 6.10889625549
        min: 3.00008702278
        var: 5.38118743896
    spectral_decrease:
        dmean: 2.07494257887e-10
        dmean2: 3.1894997754e-10
        dvar: 7.46043112503e-20
        dvar2: 1.79500222101e-19
        max: -1.9459391043e-10
        mean: -8.96780039117e-10
        min: -3.45914852318e-09
        var: 2.73376988594e-19
    spectral_energy:
        dmean: 0.000897487916518
        dmean2: 0.00137213023845
        dvar: 1.33371099764e-06
        dvar2: 3.06714173348e-06
        max: 0.0148748373613
        mean: 0.00406963843852
        min: 0.000860062544234
        var: 5.35116441824e-06
    spectral_energyband_high:
        dmean: 0.000119027470646
        dmean2: 0.00017449844745
        dvar: 1.57700092984e-08
        dvar2: 3.13646140171e-08
        max: 0.00135668355506
        mean: 0.000314406323014
        min: 3.95508759539e-05
        var: 4.43301857445e-08
    spectral_energyband_low:
        dmean: 8.43207890284e-05
        dmean2: 0.000146484977449
        dvar: 3.56681049141e-08
        dvar2: 9.63546895605e-08
        max: 0.00123498996254
        mean: 7.24726123735e-05
        min: 3.44423540355e-07
        var: 2.55395384841e-08
    spectral_energyband_middle_high:
        dmean: 0.000541202549357
        dmean2: 0.000792454346083
        dvar: 3.92731408283e-07
        dvar2: 7.46655700823e-07
        max: 0.0106169451028
        mean: 0.00237768469378
        min: 0.000538496882655
        var: 2.36036498791e-06
    spectral_energyband_middle_low:
        dmean: 0.000486390053993
        dmean2: 0.000786974676885
        dvar: 6.18997717083e-07
        dvar2: 1.62132027981e-06
        max: 0.00871200673282
        mean: 0.00130507431459
        min: 0.00019061700732
        var: 1.24974746996e-06
    spectral_flatness_db:
        dmean: 0.0149522712454
        dmean2: 0.0211722198874
        dvar: 0.000167544319993
        dvar2: 0.000319418235449
        max: 0.245153337717
        mean: 0.16291411221
        min: 0.0948658064008
        var: 0.000652283895761
    spectral_flux:
        dmean: 0.00650909962133
        dmean2: 0.0103981653228
        dvar: 4.59753609903e-05
        dvar2: 0.000101650781289
        max: 0.0945945307612
        mean: 0.0355186164379
        min: 0.0185603275895
        var: 0.000131305700052
    spectral_kurtosis:
        dmean: 1.16222977638
        dmean2: 1.88429558277
        dvar: 1.32533419132
        dvar2: 2.9080016613
        max: 18.639465332
        mean: 3.72200322151
        min: 0.4075922966
        var: 3.22155213356
    spectral_rms:
        dmean: 0.000210839585634
        dmean2: 0.000318326521665
        dvar: 5.05332273804e-08
        dvar2: 1.05915177073e-07
        max: 0.00380946672522
        mean: 0.0019262470305
        min: 0.000916016055271
        var: 2.59951178805e-07
    spectral_rolloff:
        dmean: 233.602539062
        dmean2: 387.245300293
        dvar: 69012.6171875
        dvar2: 166589.59375
        max: 4371.24023438
        mean: 3615.02441406
        min: 1335.05859375
        var: 140025.53125
    spectral_skewness:
        dmean: 0.192044332623
        dmean2: 0.289223074913
        dvar: 0.0313069745898
        dvar2: 0.0604287348688
        max: 3.45854640007
        mean: 1.22161650658
        min: 0.345519632101
        var: 0.103790186346
    spectral_spread:
        dmean: 484766.125
        dmean2: 631220.1875
        dvar: 258313207808
        dvar2: 439456923648
        max: 8692842
        mean: 4081072.25
        min: 2291854.5
        var: 1.16864332595e+12
    spectral_strongpeak:
        dmean: 0.621766746044
        dmean2: 1.09869611263
        dvar: 0.684678673744
        dvar2: 1.89003813267
        max: 5.49723339081
        mean: 0.893956899643
        min: 0.0322354473174
        var: 0.743951678276
    zerocrossingrate:
        dmean: 0.00767819397151
        dmean2: 0.00948041398078
        dvar: 3.68040091416e-05
        dvar2: 5.883481208e-05
        max: 0.15185546875
        mean: 0.106043331325
        min: 0.04052734375
        var: 0.000227841970627
    barkbands:
        dmean: [4.05237301493e-08, 2.22234593821e-05, 6.61258673063e-05, 0.000105597398942, 0.00020079954993, 9.06195346033e-05, 8.15948151285e-05, 6.77997377352e-05, 0.000134705915116, 0.000239630593569, 0.000110820306872, 4.19985371991e-05, 8.36064355099e-05, 8.4813174908e-05, 7.6303644164e-05, 6.42977829557e-05, 0.0001185245128, 0.000116996343422, 0.000193473984837, 0.000181340554263, 4.85251148348e-05, 2.05821143027e-05, 4.80290100313e-06, 1.49899460666e-06, 6.12821679624e-07, 3.38637669017e-08, 2.78217671124e-10]
        dmean2: [5.90611968221e-08, 3.83387086913e-05, 0.000117491494166, 0.000175975830643, 0.000335906515829, 0.000144952558912, 0.000128323954414, 0.00010645785369, 0.000208882294828, 0.00039334705798, 0.00016508763656, 6.97643263265e-05, 0.000128672516439, 0.0001316126436, 0.000119640440971, 0.00010436217417, 0.000190129911061, 0.000193633197341, 0.000317595055094, 0.000297419319395, 7.16143840691e-05, 2.88176706817e-05, 6.8116660259e-06, 2.08565825233e-06, 8.3126036543e-07, 4.81279656128e-08, 4.46469167192e-10]
        dvar: [1.60441067577e-14, 2.19669837875e-09, 2.4261922249e-08, 3.61661989245e-08, 1.33931280288e-07, 1.52537200648e-08, 1.9648314975e-08, 4.02821811463e-08, 9.28529928501e-08, 3.78668033818e-07, 2.92007964475e-08, 1.38174716113e-08, 1.52381343099e-08, 1.22109913292e-08, 9.65513713425e-09, 3.48996849198e-08, 1.91756246437e-08, 1.94303702017e-08, 4.76406825101e-08, 3.7546797671e-08, 3.58983442972e-09, 1.40986877728e-09, 8.68183441805e-11, 7.12768255876e-12, 1.26871744447e-12, 3.6096482689e-15, 9.45244308178e-19]
        dvar2: [2.33467792896e-14, 5.96850702195e-09, 6.61546977199e-08, 9.1215405007e-08, 3.36031206416e-07, 3.86000245101e-08, 5.36433226728e-08, 9.29990733312e-08, 2.412157869e-07, 8.96564586128e-07, 6.45311715175e-08, 3.51786120234e-08, 3.23246496237e-08, 2.66377035985e-08, 2.15015063532e-08, 7.27709164039e-08, 5.05733339651e-08, 4.59843931822e-08, 1.25291791164e-07, 9.01532786202e-08, 8.14409162331e-09, 3.23481419429e-09, 1.52679077714e-10, 1.32911936665e-11, 2.38441623217e-12, 6.58782966397e-15, 1.11035896762e-18]
        max: [2.1795867724e-06, 0.000313606316922, 0.00102616427466, 0.00133892765734, 0.00293391686864, 0.00123531953432, 0.00259361299686, 0.0037560807541, 0.00347887631506, 0.00683017726988, 0.00198742444627, 0.00240388279781, 0.00128969899379, 0.00120252615307, 0.00124020618387, 0.00252865022048, 0.00175782211591, 0.00159544101916, 0.00261687091552, 0.00217211712152, 0.000810347264633, 0.00037815712858, 0.000107148618554, 3.03857541439e-05, 1.73382122739e-05, 9.17373199627e-07, 1.97637817223e-08]
        mean: [3.70490909063e-08, 2.14586270886e-05, 5.09799392603e-05, 9.24102714635e-05, 0.000327215646394, 0.00019105503452, 0.000165505087352, 0.000188056132174, 0.000232033693464, 0.000403151265346, 0.000182835647138, 0.000121971883345, 0.000128674902953, 0.000179761947948, 0.00015082511527, 0.000112664820335, 0.000229555778787, 0.000221526046516, 0.000474929111078, 0.000431810156442, 0.000118059382658, 3.3910262573e-05, 7.54911388867e-06, 2.42967030317e-06, 1.17971012514e-06, 5.67373881211e-08, 3.25997534523e-10]
        min: [1.79558885122e-11, 1.48470135741e-07, 5.24755918718e-08, 1.75643961597e-07, 3.51023527401e-06, 3.23559629578e-06, 4.29876354247e-06, 2.41098041442e-06, 6.91991181156e-06, 4.42994405603e-06, 3.91164849134e-06, 1.39549536016e-06, 2.90693856186e-06, 5.55240239919e-06, 9.89297495835e-06, 1.13262458399e-05, 2.09808495129e-05, 1.82279418368e-05, 4.48587452411e-05, 6.70318477205e-05, 8.36181970953e-06, 1.56443854848e-06, 5.96887943516e-08, 8.8555918154e-10, 2.02067962363e-09, 7.63205124099e-11, 6.52532877992e-13]
        var: [1.94645426892e-14, 1.73083347654e-09, 1.61558002532e-08, 3.15963113451e-08, 1.7289914922e-07, 3.21333537556e-08, 6.706225264e-08, 3.18096823548e-07, 1.11561845983e-07, 6.66210894451e-07, 6.5983563502e-08, 1.28965382373e-07, 2.74786433607e-08, 4.69555629934e-08, 3.23896678367e-08, 5.06536146361e-08, 4.46133405774e-08, 3.98174826444e-08, 1.53612319309e-07, 6.95255977234e-08, 8.29995183693e-09, 2.37508457346e-09, 1.89288640318e-10, 1.80660816168e-11, 3.78118413316e-12, 1.0301214905e-14, 9.88124110362e-19]
    mfcc:
        mean: [-711.651184082, 109.350952148, -73.9461898804, 49.1373176575, -33.202003479, -12.3360109329, 0.467777490616, -12.6319265366, -4.5876250267, -5.57312965393, -8.53936100006, -15.6296577454, -6.06640815735]
        cov: [[1046.90795898, -675.194152832, 427.396759033, -321.466644287, 107.81489563, 74.728187561, -85.1513900757, 22.4767532349, -158.610656738, -15.1279239655, -129.001281738, -52.4692497253, -142.911636353], [-675.194152832, 730.211853027, -400.662994385, 331.133453369, -99.0415878296, -35.9564590454, 101.043899536, 3.65847635269, 171.586685181, 16.0699577332, 130.977935791, 33.3401870728, 137.847824097], [427.396759033, -400.662994385, 454.122131348, -148.734405518, 140.952896118, 40.6713905334, -36.8690567017, 35.2255859375, -80.8824005127, 32.5227394104, -52.4685096741, 40.18019104, -75.7016830444], [-321.466644287, 331.133453369, -148.734405518, 301.175140381, -15.2605028152, -1.46094918251, 35.1973571777, 18.0939254761, 80.1945037842, 13.445482254, 62.6517410278, 15.1969823837, 49.973361969], [107.81489563, -99.0415878296, 140.952896118, -15.2605028152, 139.353103638, 29.6860637665, 20.0877628326, 20.5069332123, -3.39206671715, 35.1448631287, -6.89455270767, 30.0078125, -6.98004293442], [74.728187561, -35.9564590454, 40.6713905334, -1.46094918251, 29.6860637665, 137.382644653, 18.061712265, 35.6964988708, -25.1975460052, 22.5275325775, -22.5441913605, -6.93348169327, -15.9689311981], [-85.1513900757, 101.043899536, -36.8690567017, 35.1973571777, 20.0877628326, 18.061712265, 95.4210205078, 26.5312347412, 44.0452232361, 21.7073345184, 32.8011283875, 35.9771118164, 44.6000289917], [22.4767532349, 3.65847635269, 35.2255859375, 18.0939254761, 20.5069332123, 35.6964988708, 26.5312347412, 76.0466156006, 17.2329101562, 20.2278289795, -15.488992691, 9.5774679184, -5.10230875015], [-158.610656738, 171.586685181, -80.8824005127, 80.1945037842, -3.39206671715, -25.1975460052, 44.0452232361, 17.2329101562, 134.446762085, 33.6339149475, 48.5001182556, 0.425255507231, 55.6578025818], [-15.1279239655, 16.0699577332, 32.5227394104, 13.445482254, 35.1448631287, 22.5275325775, 21.7073345184, 20.2278289795, 33.6339149475, 67.7832565308, 19.1064376831, 23.9498996735, 7.7704076767], [-129.001281738, 130.977935791, -52.4685096741, 62.6517410278, -6.89455270767, -22.5441913605, 32.8011283875, -15.488992691, 48.5001182556, 19.1064376831, 90.6466522217, 45.0210456848, 57.7539978027], [-52.4692497253, 33.3401870728, 40.18019104, 15.1969823837, 30.0078125, -6.93348169327, 35.9771118164, 9.5774679184, 0.425255507231, 23.9498996735, 45.0210456848, 113.325942993, 47.441608429], [-142.911636353, 137.847824097, -75.7016830444, 49.973361969, -6.98004293442, -15.9689311981, 44.6000289917, -5.10230875015, 55.6578025818, 7.7704076767, 57.7539978027, 47.441608429, 102.20035553]]
        icov: [[0.00267095468007, 0.00168582226615, -0.000859225343447, 0.000620231730863, -0.000115559741971, -0.000678144628182, -7.29980893084e-05, -0.000727832259145, 6.71572706779e-05, 0.00077541009523, -0.00069482321851, 0.00106090423651, 0.000207677148865], [0.00168582226615, 0.00746938446537, 0.00267007155344, -0.00365311815403, 0.00125286530238, -0.000567293434869, -0.00186962389853, -0.000565233873203, -0.00231142365374, 0.000351434835466, -0.00196640868671, -0.000667478947435, -0.000515534251463], [-0.000859225343447, 0.00267007155344, 0.00720606558025, -0.000313279422699, -0.00380264944397, 4.94826781505e-05, 0.00177900947165, -0.00215567904525, -0.00057033658959, -0.000617400801275, -0.00127790973056, -0.00334265711717, 0.00218337122351], [0.000620231730863, -0.00365311815403, -0.000313279422699, 0.00782679393888, -0.00224415818229, -0.000848384981509, 0.00249539222568, -0.00235337321647, -0.000305275985738, 0.00146781175863, -0.00239559961483, 0.000401732890168, 0.00146509800106], [-0.000115559741971, 0.00125286530238, -0.00380264944397, -0.00224415818229, 0.0134293464944, -0.000749492028262, -0.00406153267249, 0.00226238579489, -0.000968062784523, -0.00390348071232, 0.00258665950969, -0.0010400810279, -0.00104027672205], [-0.000678144628182, -0.000567293434869, 4.94826781505e-05, -0.000848384981509, -0.000749492028262, 0.0109914997593, -0.00268871267326, -0.0038303330075, 0.00557201774791, -0.00520646059886, 0.00110925361514, 0.00345313805155, -0.001951696584], [-7.29980893084e-05, -0.00186962389853, 0.00177900947165, 0.00249539222568, -0.00406153267249, -0.00268871267326, 0.0194330569357, -0.00571237504482, -0.00258961995132, 0.00104925152846, -0.00261942180805, -0.00330782867968, -0.00259973970242], [-0.000727832259145, -0.000565233873203, -0.00215567904525, -0.00235337321647, 0.00226238579489, -0.0038303330075, -0.00571237504482, 0.0224758069962, -0.0055145942606, -0.00194815464783, 0.00924877822399, -0.00424140505493, 0.00236327107996], [6.71572706779e-05, -0.00231142365374, -0.00057033658959, -0.000305275985738, -0.000968062784523, 0.00557201774791, -0.00258961995132, -0.0055145942606, 0.0196507461369, -0.00910742394626, -0.00376391853206, 0.00938468240201, -0.00764094758779], [0.00077541009523, 0.000351434835466, -0.000617400801275, 0.00146781175863, -0.00390348071232, -0.00520646059886, 0.00104925152846, -0.00194815464783, -0.00910742394626, 0.0258866529912, -0.00489357626066, -0.00516006816179, 0.00595233635977], [-0.00069482321851, -0.00196640868671, -0.00127790973056, -0.00239559961483, 0.00258665950969, 0.00110925361514, -0.00261942180805, 0.00924877822399, -0.00376391853206, -0.00489357626066, 0.026876507327, -0.00674796849489, -0.00577343115583], [0.00106090423651, -0.000667478947435, -0.00334265711717, 0.000401732890168, -0.0010400810279, 0.00345313805155, -0.00330782867968, -0.00424140505493, 0.00938468240201, -0.00516006816179, -0.00674796849489, 0.0199364516884, -0.00874804612249], [0.000207677148865, -0.000515534251463, 0.00218337122351, 0.00146509800106, -0.00104027672205, -0.001951696584, -0.00259973970242, 0.00236327107996, -0.00764094758779, 0.00595233635977, -0.00577343115583, -0.00874804612249, 0.0235799476504]]
    spectral_contrast:
        mean: [-7.4614101564e-09, -2.45184736514e-07, -8.94762735015e-08, 6.38280850396e-09, -1.72125737663e-07, 3.70241878045e-07, 9.52288189637e-07, 8.74663541595e-08, -3.13496173021e-07, 4.5812407734e-07, -3.84304394174e-06, 1.77441643245e-06]
        var: [0.00038435231545, 0.000645559630357, 0.00099955778569, 0.00275088869967, 0.00355073879473, 0.00506041292101, 0.0353633761406, 0.0543766804039, 0.101332142949, 0.145755201578, 0.363132745028, 1.29525578022]

rhythm:
    beats_loudness:
        dmean: 0.00180841004476
        dmean2: 0.00291229761206
        dvar: 2.00799127015e-06
        dvar2: 3.20738308801e-06
        max: 0.00917686894536
        mean: 0.00450947647914
        min: 0.00140701467171
        var: 4.76968671137e-06
    beats_loudness_bass:
        dmean: 0.0269832015038
        dmean2: 0.0495771691203
        dvar: 0.000712711014785
        dvar2: 0.00172326760367
        max: 0.106685124338
        mean: 0.0220205578953
        min: 0.0010066491086
        var: 0.000663465471007
    bpm: 129.587768555
    bpm_confidence: 0
    first_peak_bpm: 130
    first_peak_spread: 0
    first_peak_weight: 0.631578922272
    onset_rate: 3.98763012886
    second_peak_bpm: 97
    second_peak_spread: 0
    second_peak_weight: 0.315789461136
    beats_position: [0.0679775103927, 0.530985295773, 0.993993103504, 1.45700097084, 1.92000877857, 2.3830165863, 2.84602427483, 3.30903196335, 3.77203965187, 4.23504734039, 4.69805526733, 5.16106271744, 5.62407064438, 5.94922161102, 6.56501197815, 7.1808013916, 7.79659128189, 8.41238117218, 9.02817058563, 9.64395999908]
    bpm_estimates: [129.573608398, 129.754882812, 129.901123047, 129.642852783, 129.243362427, 129.439483643, 129.755661011, 129.391174316]
    bpm_intervals: [0.463007777929, 0.463007807732, 0.463007867336, 0.463007807732, 0.463007807732, 0.463007688522, 0.463007688522, 0.463007688522, 0.463007688522, 0.463007926941, 0.463007450104, 0.463007926941, 0.325150966644, 0.615790367126, 0.615789413452, 0.615789890289, 0.615789890289, 0.615789413452, 0.615789413452]
    onset_times: [0.0580498874187, 0.220589563251, 0.383129239082, 0.53405892849, 0.708208620548, 0.99845802784, 1.17260766029, 1.30031740665, 1.45124721527, 1.6137868166, 1.764716506, 1.91564631462, 2.08979582787, 2.21750569344, 2.69351482391, 2.86766433716, 3.00698423386, 3.63392281532, 4.08671188354, 4.2492518425, 4.71365070343, 5.07356023788, 5.1780500412, 5.34058952332, 5.49151945114, 5.66566896439, 6.04879808426, 6.3622674942, 6.44353723526, 6.72217702866, 6.88471651077, 7.18657588959, 7.65097522736, 7.80190467834, 7.97605419159, 8.42884349823, 8.59138298035, 9.04417228699, 9.67111110687, 9.97297096252]
    rubato_start: [6.56501197815]
    rubato_stop: [9.64395999908]
    perceptual_tempo: "unknown"

sfx:
    inharmonicity:
        dmean: 0.0732970908284
        dmean2: 0.129675537348
        dvar: 0.0059881163761
        dvar2: 0.0160876624286
        max: 0.401057124138
        mean: 0.0841321200132
        min: 0
        var: 0.00654108449817
    oddtoevenharmonicenergyratio:
        dmean: 3.71282982826
        dmean2: 7.04635429382
        dvar: 286.215209961
        dvar2: 849.136962891
        max: 211.607055664
        mean: 2.65652704239
        min: 0
        var: 152.388900757
    pitch_after_max_to_before_max_energy_ratio: 6.0057759285
    pitch_centroid: 209.12663269
    pitch_max_to_total: 0.048837210983
    pitch_min_to_total: 0.893023252487
    tristimulus:
        dmean: [0.166737347841, 0.240268856287, 0.158564060926]
        dmean2: [0.295837461948, 0.425101488829, 0.280218243599]
        dvar: [0.024554386735, 0.0388608574867, 0.0172268729657]
        dvar2: [0.0653531253338, 0.110679402947, 0.0489812493324]
        max: [1, 0.945847511292, 0.623078227043]
        mean: [0.247678592801, 0.53946107626, 0.167234480381]
        min: [0.00242691440508, 0, 0]
        var: [0.0301497615874, 0.0517398305237, 0.0225723329931]

tonal:
    chords_changes_rate: 0.050925925374
    chords_number_rate: 0.0277777779847
    chords_strength:
        dmean: 0.00667868414894
        dmean2: 0.00630359537899
        dvar: 3.48549037881e-05
        dvar2: 2.85047372017e-05
        max: 0.645390272141
        mean: 0.526656866074
        min: 0.388437569141
        var: 0.00398844573647
    key_strength: 0.603858709335
    tuning_diatonic_strength: 0.528879642487
    tuning_equal_tempered_deviation: 0.0414481982589
    tuning_frequency: 441.272583008
    tuning_nontempered_energy_ratio: 0.627647221088
    hpcp:
        dmean: [0.189923793077, 0.170597434044, 0.110249459743, 0.0803135335445, 0.0773495286703, 0.165190845728, 0.219449475408, 0.14921194315, 0.0966601297259, 0.0525978319347, 0.0575194060802, 0.0891473069787, 0.100445568562, 0.0734257921576, 0.0957075804472, 0.105584040284, 0.0765638574958, 0.0842437297106, 0.0794875845313, 0.0567437782884, 0.136152625084, 0.17763055861, 0.125668153167, 0.0497135035694, 0.0283356457949, 0.0369256399572, 0.105012528598, 0.161859080195, 0.146171599627, 0.170026451349, 0.181595668197, 0.134413823485, 0.119904540479, 0.117851957679, 0.130626440048, 0.164632111788]
        dmean2: [0.311532199383, 0.293455034494, 0.187956348062, 0.136442989111, 0.132578790188, 0.266864657402, 0.368273973465, 0.232095509768, 0.16860127449, 0.0899810269475, 0.0997058302164, 0.151622071862, 0.167333334684, 0.11755297333, 0.164814725518, 0.183628082275, 0.125601932406, 0.146901041269, 0.136775761843, 0.100694552064, 0.2291059196, 0.302146434784, 0.216179803014, 0.0820301994681, 0.0481279082596, 0.0678460374475, 0.180467218161, 0.268996089697, 0.246635064483, 0.279148936272, 0.328193724155, 0.242259532213, 0.212064906955, 0.198614418507, 0.227851137519, 0.271294265985]
        dvar: [0.0367731377482, 0.0273709446192, 0.0113237742335, 0.00842027459294, 0.00478166854009, 0.0203823763877, 0.0387314520776, 0.0222301483154, 0.0255498811603, 0.00391967594624, 0.00673095276579, 0.0168696418405, 0.0194788239896, 0.0134658943862, 0.00869411788881, 0.0171685218811, 0.0104678655043, 0.0182231906801, 0.0168774370104, 0.00678821047768, 0.0229164063931, 0.041674412787, 0.0171126313508, 0.00368881272152, 0.0022375502158, 0.00569402053952, 0.0221321545541, 0.0354312956333, 0.0342108532786, 0.0331205353141, 0.0534324124455, 0.0303462147713, 0.0208330061287, 0.0237797759473, 0.0263773258775, 0.0272963438183]
        dvar2: [0.0790008455515, 0.0706800073385, 0.0285811200738, 0.0211886484176, 0.0138160604984, 0.0621944889426, 0.0910865664482, 0.0498528443277, 0.0680907815695, 0.0109479306266, 0.019800901413, 0.0490438826382, 0.0514959990978, 0.0296951569617, 0.023589245975, 0.045196801424, 0.0263743307441, 0.050426337868, 0.0465296059847, 0.0190123859793, 0.0612997040153, 0.112265624106, 0.0507523901761, 0.009860124439, 0.00595444673672, 0.0169121418148, 0.0589365549386, 0.0836391374469, 0.0851100832224, 0.077974691987, 0.144523367286, 0.0847501605749, 0.0513829663396, 0.0664563924074, 0.0691509991884, 0.0696991160512]
        max: [1, 1, 0.826495409012, 0.8134111166, 0.450125604868, 0.945449113846, 1, 1, 1, 0.355808436871, 0.72659778595, 1, 1, 1, 0.639819681644, 1, 0.951830983162, 1, 0.987897694111, 0.583574652672, 1, 1, 0.972492456436, 0.483879238367, 0.345012485981, 0.63132673502, 1, 1, 1, 1, 1, 1, 1, 1, 1, 1]
        mean: [0.537947058678, 0.363260060549, 0.191006630659, 0.139551356435, 0.128768101335, 0.339125663042, 0.494630932808, 0.306834965944, 0.129731997848, 0.0882981494069, 0.0954817458987, 0.140678539872, 0.177718743682, 0.152713432908, 0.172256961465, 0.209598764777, 0.141936823726, 0.114088453352, 0.103103257716, 0.0700246393681, 0.261905014515, 0.434611439705, 0.255095243454, 0.0711925849319, 0.037656776607, 0.0415617413819, 0.177022591233, 0.283523410559, 0.225848257542, 0.323380529881, 0.414928048849, 0.251996845007, 0.175973430276, 0.185195565224, 0.1742990762, 0.379674524069]
        min: [0.0194300096482, 0.0197105910629, 0.00793688651174, 0.00620632106438, 0.00411459757015, 0.0146996695548, 0.0248827617615, 0.0225330833346, 0.0123049961403, 0.00564083550125, 0.00698467995971, 0.0153775457293, 0.0167392715812, 0.00858654640615, 0.00409052055329, 0.0089186867699, 0.0081505086273, 0.00609316350892, 0.00508241215721, 0.0033219223842, 0.0032517677173, 0.00537298806012, 0.006800532341, 0.00166545901448, 0.00194584263954, 0.0056598871015, 0.00763921625912, 0.00891943369061, 0.00383336585946, 0.00336968689226, 0.00657149124891, 0.00649802107364, 0.011471494101, 0.0164339877665, 0.0103612914681, 0.032931547612]
        var: [0.109035626054, 0.0575912408531, 0.0234167799354, 0.0137203056365, 0.00782787054777, 0.0444350093603, 0.0829356312752, 0.0476503036916, 0.0247256550938, 0.00412118807435, 0.0057098842226, 0.0152639457956, 0.0463705025613, 0.0466205589473, 0.0146071920171, 0.0383604466915, 0.021143220365, 0.0188921689987, 0.0180939156562, 0.00622305367142, 0.0493174530566, 0.13303886354, 0.0485738292336, 0.00643459148705, 0.00210042973049, 0.00355528481305, 0.0328642502427, 0.0745187178254, 0.0489453077316, 0.0727963894606, 0.142123669386, 0.0512867234647, 0.0291200000793, 0.0317946225405, 0.0280440412462, 0.0580654852092]
    chords_histogram: [2.77777767181, 0, 31.4814815521, 0, 0, 0, 0, 0, 0, 0, 0, 0, 0, 0, 0, 0, 0, 0, 0, 10.1851854324, 0, 27.3148155212, 16.6666660309, 11.5740737915]
    thpcp: [1, 0.675271034241, 0.355065852404, 0.259414672852, 0.239369466901, 0.63040715456, 0.919478833675, 0.570381343365, 0.24116127193, 0.16413910687, 0.177492827177, 0.261510014534, 0.330364733934, 0.283881902695, 0.320211738348, 0.389627128839, 0.263849049807, 0.212081193924, 0.19166059792, 0.13017013669, 0.486860215664, 0.80790746212, 0.474201381207, 0.132341250777, 0.0700008943677, 0.0772599130869, 0.329070657492, 0.527047038078, 0.419833600521, 0.601138234138, 0.771317601204, 0.468441724777, 0.327120363712, 0.344263553619, 0.324007868767, 0.705784201622]
    chords_key: "A"
    chords_scale: "major"
    key_key: "D"
    key_scale: "major"
    chords_progression: ["D", "D", "D", "D", "D", "Bm", "Bm", "Bm", "Bm", "Bm", "Bm", "Bm", "Bm", "Bm", "Bm", "Bm", "Bm", "Bm", "Bm", "Bm", "Bm", "Bm", "Bm", "Bm", "Bm", "Bm", "Bm", "Bm", "Bm", "D", "Bm", "Em", "Em", "Em", "Em", "Em", "Em", "Em", "Em", "Em", "Em", "Em", "Em", "Em", "Em", "Em", "Em", "Em", "Em", "Em", "Em", "A", "A", "A", "A", "A", "A", "A", "A", "A", "A", "Am", "Am", "Am", "Am", "Am", "Am", "Am", "Am", "Am", "Am", "Am", "Am", "Am", "Am", "Am", "Am", "Am", "Am", "A", "A", "A", "A", "A", "A", "A", "A", "A", "Am", "Am", "Am", "Am", "A", "A", "A", "A", "A", "A", "A", "A", "A", "A", "A", "A", "A", "A", "A", "A", "A", "A", "A", "A", "A", "A", "A", "A", "A", "A", "A", "A", "A", "A", "A", "A", "A", "A", "A", "A", "A", "A", "A", "A", "A", "A", "A", "A", "A", "A", "A", "A", "A", "Em", "Em", "Em", "Em", "Em", "Em", "Em", "Em", "Em", "Em", "Em", "Em", "Em", "Em", "Em", "Em", "Em", "Em", "Em", "Em", "Em", "Em", "Em", "Em", "Em", "Em", "Em", "Em", "Em", "Em", "Em", "Em", "Em", "Em", "Em", "Em", "Em", "Em", "Em", "G", "G", "G", "G", "G", "G", "G", "G", "G", "G", "G", "G", "G", "G", "G", "G", "G", "G", "G", "G", "G", "G", "G", "G", "G", "G", "G", "G", "G", "G", "G", "G", "G", "G", "G", "G"]
