
metadata:
    version:
        essentia: "1.2.2"
    audio_properties:
        analysis_sample_rate: 44100
        bitrate: 128
        channels: 2
        equal_loudness: 1
        length: 10.0048980713
        replay_gain: -6.05027198792
        downmix: "mix"
    tags:
        track: 4
        year: 0
        album: "Splitted by Mp3Splt v. 2.1"
        artist: "From 000.30 To 000.40"
        comment: "http://mp3splt.sf.net"
        genre: ""
        title: "07 Lucky Man - Verve.mp3"

highlevel:
    ballroom:
        all:
            ChaChaCha: 0.00582206062973
            Jive: 0.00954346638173
            Quickstep: 0.0406725779176
            Rumba-American: 0.0107496790588
            Rumba-International: 0.169647812843
            Rumba-Misc: 0.085714712739
            Samba: 0.00753193208948
            Tango: 0.0293085202575
            VienneseWaltz: 0.356119602919
            Waltz: 0.284889638424
        probability: 0.356119602919
        value: "VienneseWaltz"
    culture:
        all:
            non_western: 0.0722130015492
            western: 0.927787005901
        probability: 0.927787005901
        value: "western"
    gender:
        all:
            female: 0.936555683613
            male: 0.0634443461895
        probability: 0.936555683613
        value: "female"
    genre_dortmund:
        all:
            alternative: 0.271193921566
            blues: 0.0124019868672
            electronic: 0.0973300486803
            folkcountry: 0.210349410772
            funksoulrnb: 0.0121450023726
            jazz: 0.116499826312
            pop: 0.144830733538
            raphiphop: 0.00331006967463
            rock: 0.131939008832
        probability: 0.271193921566
        value: "alternative"
    genre_electronica:
        all:
            ambient: 0.923594295979
            dnb: 0.0187559183687
            house: 0.0128997247666
            techno: 0.00317829893902
            trance: 0.0415717773139
        probability: 0.923594295979
        value: "ambient"
    genre_rosamerica:
        all:
            cla: 0.237640485168
            dan: 0.00646926509216
            hip: 0.00203673262149
            jaz: 0.0237918961793
            pop: 0.0608475245535
            rhy: 0.0120212705806
            roc: 0.654538631439
            spe: 0.00265421322547
        probability: 0.654538631439
        value: "roc"
    genre_tzanetakis:
        all:
            blu: 0.00827458873391
            cla: 0.182364106178
            cou: 0.317784637213
            dis: 0.0171766392887
            hip: 0.00143972726073
            jaz: 0.044406928122
            met: 0.0127820065245
            pop: 0.0273576434702
            reg: 0.00659756548703
            roc: 0.38181617856
        probability: 0.38181617856
        value: "roc"
    live_studio:
        all:
            live: 0.351858645678
            studio: 0.648141384125
        probability: 0.648141384125
        value: "studio"
    mood:
        all:
            Cluster1: 0.104770459235
            Cluster2: 0.300834983587
            Cluster3: 0.503863155842
            Cluster4: 0.052127096802
            Cluster5: 0.0384042970836
        probability: 0.503863155842
        value: "Cluster3"
    mood_acoustic:
        all:
            acoustic: 0.0697745680809
            not_acoustic: 0.930225431919
        probability: 0.930225431919
        value: "not_acoustic"
    mood_aggressive:
        all:
            aggressive: 0.0676449686289
            not_aggressive: 0.932355046272
        probability: 0.932355046272
        value: "not_aggressive"
    mood_electronic:
        all:
            electronic: 0.373187959194
            not_electronic: 0.626812040806
        probability: 0.626812040806
        value: "not_electronic"
    mood_happy:
        all:
            happy: 0.288318395615
            not_happy: 0.711681604385
        probability: 0.711681604385
        value: "not_happy"
    mood_party:
        all:
            not_party: 0.986009061337
            party: 0.0139909330755
        probability: 0.986009061337
        value: "not_party"
    mood_relaxed:
        all:
            not_relaxed: 0.0154022322968
            relaxed: 0.984597742558
        probability: 0.984597742558
        value: "relaxed"
    mood_sad:
        all:
            not_sad: 0.0933405905962
            sad: 0.906659424305
        probability: 0.906659424305
        value: "sad"
    rhythm:
        all:
            fast: 0.0227689985186
            medium: 0.0580162778497
            slow: 0.919214725494
        probability: 0.919214725494
        value: "slow"
    speech_music:
        all:
            music: 0.979093909264
            speech: 0.0209060870111
        probability: 0.979093909264
        value: "music"
    timbre:
        all:
            bright: 0.930881142616
            dark: 0.069118835032
        probability: 0.930881142616
        value: "bright"
    voice_instrumental:
        all:
            instrumental: 0.971699476242
            voice: 0.028300549835
        probability: 0.971699476242
        value: "instrumental"

lowlevel:
    average_loudness: 0.974712967873
    barkbands_kurtosis:
        dmean: 1.2493314743
        dmean2: 1.97665607929
        dvar: 1.78988873959
        dvar2: 4.38520765305
        max: 16.5777645111
        mean: 3.63133096695
        min: -1.77463781834
        var: 12.0819187164
    barkbands_skewness:
        dmean: 0.254569411278
        dmean2: 0.408581256866
        dvar: 0.0525612868369
        dvar2: 0.124538712204
        max: 3.86036586761
        mean: 1.68582201004
        min: -0.335787802935
        var: 0.623384892941
    barkbands_spread:
        dmean: 2.31290316582
        dmean2: 3.50349974632
        dvar: 5.29489421844
        dvar2: 10.2044773102
        max: 38.3067245483
        mean: 14.2318506241
        min: 4.58577871323
        var: 54.2228317261
    dissonance:
        dmean: 0.0222387872636
        dmean2: 0.037549354136
        dvar: 0.000344311265508
        dvar2: 0.000883294385858
        max: 0.49731439352
        mean: 0.444590628147
        min: 0.321547985077
        var: 0.000925841857679
    hfc:
        dmean: 0.660365343094
        dmean2: 0.962405264378
        dvar: 0.771471083164
        dvar2: 1.65673923492
        max: 12.8882761002
        mean: 3.85798501968
        min: 0.660706937313
        var: 6.97369527817
    pitch:
        dmean: 66.1531219482
        dmean2: 125.649108887
        dvar: 7893.23388672
        dvar2: 19594.03125
        max: 501.136352539
        mean: 239.517593384
        min: 55.1939926147
        var: 11667.3330078
    pitch_instantaneous_confidence:
        dmean: 0.0669336542487
        dmean2: 0.107679650187
        dvar: 0.00320136267692
        dvar2: 0.00806902814656
        max: 0.790314912796
        mean: 0.446693658829
        min: 0.202790498734
        var: 0.0143228210509
    pitch_salience:
        dmean: 0.04708789289
        dmean2: 0.0775496289134
        dvar: 0.00153950962704
        dvar2: 0.00403387239203
        max: 0.830053627491
        mean: 0.616267383099
        min: 0.416153997183
        var: 0.00579982623458
    silence_rate_20dB:
        dmean: 0
        dmean2: 0
        dvar: 0
        dvar2: 0
        max: 1
        mean: 1
        min: 1
        var: 0
    silence_rate_30dB:
        dmean: 0
        dmean2: 0
        dvar: 0
        dvar2: 0
        max: 1
        mean: 1
        min: 1
        var: 0
    silence_rate_60dB:
        dmean: 0.0649651959538
        dmean2: 0.130232557654
        dvar: 0.0607447363436
        dvar2: 0.127225279808
        max: 1
        mean: 0.138888895512
        min: 0
        var: 0.119599401951
    spectral_centroid:
        dmean: 68.3825912476
        dmean2: 108.307640076
        dvar: 6732.83886719
        dvar2: 14342.5292969
        max: 1550.73486328
        mean: 689.754516602
        min: 364.7081604
        var: 75107.1484375
    spectral_complexity:
        dmean: 1.71627902985
        dmean2: 2.67832159996
        dvar: 2.24973964691
        dvar2: 5.66342496872
        max: 23
        mean: 11.0928077698
        min: 5
        var: 12.6503124237
    spectral_crest:
        dmean: 1.45123541355
        dmean2: 2.26741981506
        dvar: 1.88983440399
        dvar2: 4.4221329689
        max: 18.8161888123
        mean: 9.00310230255
        min: 3.54609632492
        var: 10.1268806458
    spectral_decrease:
        dmean: 2.09138720231e-10
        dmean2: 3.0155594688e-10
        dvar: 4.83456856558e-20
        dvar2: 1.00912816482e-19
        max: -3.11514480877e-10
        mean: -1.32639832451e-09
        min: -3.6805758441e-09
        var: 3.04957374364e-19
    spectral_energy:
        dmean: 0.000840123859234
        dmean2: 0.00121112214401
        dvar: 7.80944958478e-07
        dvar2: 1.61405193921e-06
        max: 0.0146535523236
        mean: 0.00535606173798
        min: 0.0012356552761
        var: 5.07759705215e-06
    spectral_energyband_high:
        dmean: 1.60687195603e-05
        dmean2: 2.23956722039e-05
        dvar: 7.52807871596e-10
        dvar2: 1.26259736e-09
        max: 0.000406717794249
        mean: 4.1364441131e-05
        min: 3.85111025025e-06
        var: 3.5118181696e-09
    spectral_energyband_low:
        dmean: 9.89263862721e-05
        dmean2: 0.00015540298773
        dvar: 3.76074815733e-08
        dvar2: 9.1115730072e-08
        max: 0.00307160592638
        mean: 0.000283533387119
        min: 1.10377732199e-05
        var: 9.9413959731e-08
    spectral_energyband_middle_high:
        dmean: 0.000224677380174
        dmean2: 0.000338801619364
        dvar: 1.01260908991e-07
        dvar2: 2.48565640959e-07
        max: 0.00560658005998
        mean: 0.00101953046396
        min: 0.000138425079058
        var: 9.49627462887e-07
    spectral_energyband_middle_low:
        dmean: 0.000742419913877
        dmean2: 0.00109805201646
        dvar: 5.94886103045e-07
        dvar2: 1.36037886023e-06
        max: 0.0124413548037
        mean: 0.00401161285117
        min: 0.000993415364064
        var: 3.79312541554e-06
    spectral_flatness_db:
        dmean: 0.0168145503849
        dmean2: 0.0229694377631
        dvar: 0.000233362690778
        dvar2: 0.000398545584176
        max: 0.285638988018
        mean: 0.20673276484
        min: 0.123318187892
        var: 0.000925212400034
    spectral_flux:
        dmean: 0.00632524304092
        dmean2: 0.00964921712875
        dvar: 4.74900480185e-05
        dvar2: 0.000110614870209
        max: 0.0698910951614
        mean: 0.0259750243276
        min: 0.0103336758912
        var: 9.50593821472e-05
    spectral_kurtosis:
        dmean: 4.03378248215
        dmean2: 6.62675428391
        dvar: 11.327791214
        dvar2: 29.4835414886
        max: 27.1891498566
        mean: 11.161687851
        min: 2.05274105072
        var: 23.0405464172
    spectral_rms:
        dmean: 0.000178894712008
        dmean2: 0.000257000123383
        dvar: 3.37349383983e-08
        dvar2: 6.47182716307e-08
        max: 0.00378102483228
        mean: 0.00223827781156
        min: 0.00109796051402
        var: 2.15536871906e-07
    spectral_rolloff:
        dmean: 168.309448242
        dmean2: 283.144073486
        dvar: 75651.3828125
        dvar2: 170930.609375
        max: 3617.578125
        mean: 1091.34973145
        min: 366.064453125
        var: 492931.78125
    spectral_skewness:
        dmean: 0.348078787327
        dmean2: 0.579580366611
        dvar: 0.0799199268222
        dvar2: 0.208703801036
        max: 3.71973323822
        mean: 2.45986104012
        min: 1.13774120808
        var: 0.223183602095
    spectral_spread:
        dmean: 673308.625
        dmean2: 874953.5625
        dvar: 781165330432
        dvar2: 1.20624866918e+12
        max: 13354949
        mean: 3090985.5
        min: 1662455.5
        var: 1.42830102118e+12
    spectral_strongpeak:
        dmean: 0.273073226213
        dmean2: 0.457277953625
        dvar: 0.233904764056
        dvar2: 0.568450689316
        max: 4.82062864304
        mean: 0.621511101723
        min: 0.0239357408136
        var: 0.559736132622
    zerocrossingrate:
        dmean: 0.00462163891643
        dmean2: 0.00555547978729
        dvar: 1.83609827218e-05
        dvar2: 2.58030195255e-05
        max: 0.10302734375
        mean: 0.0445287562907
        min: 0.01904296875
        var: 0.000272357952781
    barkbands:
        dmean: [6.37962003225e-08, 1.95123120648e-05, 8.42335939524e-05, 0.00011807881674, 0.000196300257812, 0.000370209600078, 0.000243767804932, 0.000151692875079, 0.000259119697148, 8.09788471088e-05, 3.20838153129e-05, 4.33154236816e-05, 2.43035738094e-05, 1.59437367984e-05, 2.83323861368e-05, 5.5381020502e-05, 8.21968787932e-05, 2.69627325906e-05, 4.52565327578e-05, 2.13515377254e-05, 5.19830155099e-06, 2.67327732217e-06, 5.69150017782e-07, 4.2688517965e-07, 3.6813190718e-07, 1.96504856831e-08, 6.91336266012e-10]
        dmean2: [7.14075341079e-08, 3.49066976923e-05, 0.000127870764118, 0.000174666536623, 0.00033226548112, 0.000513499369845, 0.000385074177757, 0.000210536512895, 0.000402896723244, 0.000129013162223, 4.59453513031e-05, 6.24785316177e-05, 3.75646523025e-05, 2.56694256677e-05, 4.31558073615e-05, 9.13577459869e-05, 0.000131314227474, 4.55258887087e-05, 7.34857821953e-05, 3.24065877066e-05, 7.06137143425e-06, 3.77090850634e-06, 9.09333834898e-07, 6.21416575086e-07, 5.37535754574e-07, 3.01589295759e-08, 9.11974995521e-10]
        dvar: [1.05995182249e-12, 1.2676575345e-09, 2.81918701717e-08, 3.54099256583e-08, 4.14957774808e-08, 2.01176121095e-07, 1.51478360522e-07, 4.75442512027e-08, 1.49837930508e-07, 1.18671854565e-08, 1.67991065503e-09, 3.27195870398e-09, 8.59730786562e-10, 8.68726590664e-10, 1.07938469274e-09, 1.51291814632e-08, 4.12718677012e-08, 2.42428077613e-09, 4.65207961042e-09, 1.45668754836e-09, 7.77964082044e-11, 1.45099704821e-11, 1.48675874129e-12, 7.17506457894e-13, 7.12421116024e-13, 2.06267981008e-15, 6.6595543493e-17]
        dvar2: [1.06440583344e-12, 3.88470233759e-09, 6.48744702403e-08, 7.35047933631e-08, 1.16358464197e-07, 4.71356997878e-07, 3.76381137812e-07, 7.56314619821e-08, 3.48836977082e-07, 3.04633651638e-08, 3.17793769078e-09, 6.89324552994e-09, 1.79297754421e-09, 2.24695351214e-09, 2.31060170996e-09, 4.04122175723e-08, 1.01420901899e-07, 6.18175777234e-09, 1.10835483014e-08, 3.3625460194e-09, 1.19164123014e-10, 2.77236879287e-11, 3.68272773388e-12, 1.5323765477e-12, 1.58363328961e-12, 4.80127285382e-15, 6.70614314664e-17]
        max: [2.13770254049e-05, 0.000530699966475, 0.00254029920325, 0.00252596265636, 0.0021973720286, 0.00867272727191, 0.0058136577718, 0.00346929416992, 0.00458910223097, 0.00111589895096, 0.000583673885558, 0.000766635173932, 0.000258119369391, 0.000360470352462, 0.000496821012348, 0.00218338845298, 0.00320721650496, 0.000780359841883, 0.000658796401694, 0.000463113334263, 0.000212994462345, 3.86344436265e-05, 1.22318288049e-05, 9.97623646981e-06, 1.16186365631e-05, 5.24855067852e-07, 1.69786389392e-07]
        mean: [6.36265795606e-08, 3.39305952366e-05, 0.000249564414844, 0.000281887128949, 0.000787290104199, 0.00136989599559, 0.00066741759656, 0.000379656616133, 0.000512931146659, 0.000150822903379, 6.29330897937e-05, 0.000103208578366, 4.75102388009e-05, 3.68040491594e-05, 6.91776440362e-05, 0.000139727097121, 0.000236832362134, 6.07227229921e-05, 0.000100917342934, 4.36117406934e-05, 1.45287822306e-05, 5.09770370627e-06, 6.27692145372e-07, 4.78529102566e-07, 4.09871347529e-07, 1.90301427949e-08, 7.28822835416e-10]
        min: [3.12479625508e-11, 2.92459390039e-07, 7.91318689153e-06, 7.09613686922e-07, 2.30141085922e-05, 9.20449820114e-05, 1.59183018695e-05, 2.27329451263e-06, 1.85351882465e-06, 3.12154747917e-06, 1.99955320568e-06, 7.80886603025e-06, 3.56426244252e-06, 2.28105250244e-06, 3.0456769764e-06, 2.20112860916e-06, 2.25590201808e-06, 3.07518052978e-06, 4.19871184931e-06, 3.21603943121e-06, 1.03779007077e-06, 2.30309993299e-07, 1.75796655011e-10, 5.13904474531e-09, 1.19178000801e-09, 1.24328991546e-10, 1.70131408961e-11]
        var: [1.06009005827e-12, 2.30406205226e-09, 7.61845910802e-08, 1.06226778485e-07, 1.99721469585e-07, 1.89955801488e-06, 5.09341134602e-07, 1.93367384327e-07, 4.54094077895e-07, 2.31063381761e-08, 5.37535704837e-09, 8.68024052636e-09, 1.79537329448e-09, 2.35628183631e-09, 5.18653120452e-09, 8.27676132076e-08, 2.51642461535e-07, 8.22201506878e-09, 9.09377462222e-09, 4.05301614492e-09, 6.78489264772e-10, 3.49062931337e-11, 1.38002066372e-12, 1.02869167178e-12, 7.9733442071e-13, 1.93793917376e-15, 6.66400391925e-17]
    mfcc:
        mean: [-747.733520508, 178.364471436, -48.952960968, 43.8410301208, -20.1692237854, -22.6099014282, -7.92787218094, -16.3739681244, -5.38589668274, -11.3848237991, -8.19704055786, -6.77060222626, -1.83039224148]
        cov: [[1059.05957031, -582.852478027, 18.1133098602, -40.2287559509, 114.405639648, -73.5412979126, -51.6938171387, 4.09643363953, 58.225894928, 26.353597641, -10.7948503494, 64.6472930908, 4.44063425064], [-582.852478027, 589.100708008, -210.844787598, 106.89339447, -59.7268638611, 25.6796379089, -5.34710931778, -6.45447397232, 19.6902523041, -33.2241706848, -4.53842306137, 19.8380851746, 10.9115114212], [18.1133098602, -210.844787598, 455.382415771, -131.400146484, -11.3233280182, 46.4008522034, 57.7922592163, -2.62462282181, -104.285980225, 40.8196678162, 67.8623199463, -79.1384353638, 49.2748908997], [-40.2287559509, 106.89339447, -131.400146484, 135.762512207, 16.2097759247, 6.257417202, -1.5473626852, -11.1854915619, 50.0875053406, -8.86155986786, -9.19818019867, 31.7547988892, -12.2505102158], [114.405639648, -59.7268638611, -11.3233280182, 16.2097759247, 85.779548645, -13.913271904, -8.3760433197, 9.62882900238, 30.6697807312, -5.29593229294, -0.0502324923873, 22.7996406555, 8.85354995728], [-73.5412979126, 25.6796379089, 46.4008522034, 6.257417202, -13.913271904, 69.9139404297, 38.9273300171, -1.09322798252, -16.6326141357, 9.16254234314, 8.4970331192, -12.7588567734, 5.83180999756], [-51.6938171387, -5.34710931778, 57.7922592163, -1.5473626852, -8.3760433197, 38.9273300171, 87.7996444702, -2.08493161201, -12.3689508438, 2.02241492271, 0.628469824791, -13.6881189346, 6.65933942795], [4.09643363953, -6.45447397232, -2.62462282181, -11.1854915619, 9.62882900238, -1.09322798252, -2.08493161201, 66.8750839233, 12.0228786469, 5.18845844269, -2.50251173973, 6.6392827034, -2.3807888031], [58.225894928, 19.6902523041, -104.285980225, 50.0875053406, 30.6697807312, -16.6326141357, -12.3689508438, 12.0228786469, 131.856613159, 3.17815232277, 4.77123737335, 21.5169868469, -28.6113758087], [26.353597641, -33.2241706848, 40.8196678162, -8.86155986786, -5.29593229294, 9.16254234314, 2.02241492271, 5.18845844269, 3.17815232277, 66.2198257446, 13.351808548, 3.24671959877, 10.9985103607], [-10.7948503494, -4.53842306137, 67.8623199463, -9.19818019867, -0.0502324923873, 8.4970331192, 0.628469824791, -2.50251173973, 4.77123737335, 13.351808548, 66.9075546265, -4.94854068756, 9.07535362244], [64.6472930908, 19.8380851746, -79.1384353638, 31.7547988892, 22.7996406555, -12.7588567734, -13.6881189346, 6.6392827034, 21.5169868469, 3.24671959877, -4.94854068756, 85.1336517334, 14.5171890259], [4.44063425064, 10.9115114212, 49.2748908997, -12.2505102158, 8.85354995728, 5.83180999756, 6.65933942795, -2.3807888031, -28.6113758087, 10.9985103607, 9.07535362244, 14.5171890259, 71.2046127319]]
        icov: [[0.00317621044815, 0.00362766720355, 0.00105029542465, -0.000304539367789, -0.000548938580323, 0.000382728350814, 0.000968835724052, 0.000481111637782, -0.000907769368496, 0.000133603563881, -0.000226626798394, -0.00135185592808, -0.00165172026027], [0.00362766720355, 0.00703249685466, 0.0027576899156, -0.00182962534018, 0.00179733138066, -0.00079595122952, 0.00127652939409, -5.15464780619e-05, -0.000890780996997, 0.00143666076474, -0.00163325679023, -0.000778043235186, -0.00401951093227], [0.00105029542465, 0.0027576899156, 0.0070676212199, 0.00263758236542, -0.00110112945549, -0.00156342762057, -0.0020017803181, -1.72501786437e-05, 0.00253221765161, -0.00151132803876, -0.00540866423398, 0.00354447541758, -0.00325597985648], [-0.000304539367789, -0.00182962534018, 0.00263758236542, 0.0131918322295, -0.0029994121287, -0.00320414127782, -0.00120745378081, 0.00309386570007, -0.00204542977735, -0.000583772605751, -0.000532901613042, -0.0016307590995, 0.00126414385159], [-0.000548938580323, 0.00179733138066, -0.00110112945549, -0.0029994121287, 0.017297713086, 0.00111593294423, 0.000840352673549, -0.00224327831529, -0.00394463399425, 0.00367975211702, 0.000436043308582, -0.00248186755925, -0.00409400463104], [0.000382728350814, -0.00079595122952, -0.00156342762057, -0.00320414127782, 0.00111593294423, 0.0221206136048, -0.00814543385059, -0.000996767776087, 0.00186914647929, -0.00263607990928, -0.00123138178606, 0.000885278102942, 0.000541440211236], [0.000968835724052, 0.00127652939409, -0.0020017803181, -0.00120745378081, 0.000840352673549, -0.00814543385059, 0.01675449498, 0.000345543201547, -0.00179374404252, 0.00172204338014, 0.00293210032396, -0.000435362249846, -0.00134296377655], [0.000481111637782, -5.15464780619e-05, -1.72501786437e-05, 0.00309386570007, -0.00224327831529, -0.000996767776087, 0.000345543201547, 0.0164869278669, -0.00196048757061, -0.001404890907, 0.00139920169022, -0.00184726924635, 0.00102915451862], [-0.000907769368496, -0.000890780996997, 0.00253221765161, -0.00204542977735, -0.00394463399425, 0.00186914647929, -0.00179374404252, -0.00196048757061, 0.0131208635867, -0.00286528537981, -0.00426712399349, 0.000977458548732, 0.00458783796057], [0.000133603563881, 0.00143666076474, -0.00151132803876, -0.000583772605751, 0.00367975211702, -0.00263607990928, 0.00172204338014, -0.001404890907, -0.00286528537981, 0.0183720737696, -0.00135779182892, -0.00214219768532, -0.00311205466278], [-0.000226626798394, -0.00163325679023, -0.00540866423398, -0.000532901613042, 0.000436043308582, -0.00123138178606, 0.00293210032396, 0.00139920169022, -0.00426712399349, -0.00135779182892, 0.0208360869437, -0.00186622014735, -4.52284948551e-05], [-0.00135185592808, -0.000778043235186, 0.00354447541758, -0.0016307590995, -0.00248186755925, 0.000885278102942, -0.000435362249846, -0.00184726924635, 0.000977458548732, -0.00214219768532, -0.00186622014735, 0.018322583288, -0.00508892722428], [-0.00165172026027, -0.00401951093227, -0.00325597985648, 0.00126414385159, -0.00409400463104, 0.000541440211236, -0.00134296377655, 0.00102915451862, 0.00458783796057, -0.00311205466278, -4.52284948551e-05, -0.00508892722428, 0.0212258733809]]
    spectral_contrast:
        mean: [4.60812373149e-07, -1.30540740884e-07, -3.56452375172e-07, 3.04695902287e-07, -2.19541469448e-08, -1.06278818635e-07, 2.47504476647e-06, -2.97055180454e-07, 3.72805607185e-06, -1.77292704961e-07, 2.41016778091e-06, -1.14092415515e-06]
        var: [0.000382932135835, 0.000578853127081, 0.00124681869056, 0.00135161529761, 0.00224166712724, 0.00326347537339, 0.0332888923585, 0.0691234320402, 0.107140339911, 0.238687947392, 0.311379164457, 1.48989784718]

rhythm:
    beats_loudness:
        dmean: 0.00229586334899
        dmean2: 0.00390361621976
        dvar: 1.8148836034e-06
        dvar2: 6.01999045102e-06
        max: 0.00845590792596
        mean: 0.00581739051268
        min: 0.00279025686905
        var: 3.06995025312e-06
    beats_loudness_bass:
        dmean: 0.070218026638
        dmean2: 0.133881807327
        dvar: 0.0054200515151
        dvar2: 0.0130378017202
        max: 0.309335023165
        mean: 0.0958307608962
        min: 0.0232867561281
        var: 0.00600800756365
    bpm: 101.955978394
    bpm_confidence: 0
    first_peak_bpm: 102
    first_peak_spread: 0
    first_peak_weight: 0.5625
    onset_rate: 3.69818854332
    second_peak_bpm: 123
    second_peak_spread: 0
    second_peak_weight: 0.375
    beats_position: [0.588755965233, 1.17725038528, 1.76574468613, 2.35423898697, 2.94273352623, 3.53122806549, 4.11972236633, 4.70821714401, 5.29671144485, 5.88520622253, 6.56484413147, 7.05375576019, 7.54266691208, 8.03157901764, 8.52049064636, 9.00940132141, 9.49831295013]
    bpm_estimates: [102.186416626, 102.360351562, 101.927970886, 101.819030762, 101.486152649]
    bpm_intervals: [0.588494420052, 0.588494300842, 0.588494300842, 0.588494539261, 0.588494539261, 0.588494300842, 0.588494777679, 0.588494300842, 0.588494777679, 0.679637908936, 0.488911628723, 0.488911151886, 0.48891210556, 0.488911628723, 0.488910675049, 0.488911628723]
    onset_times: [0.0232199542224, 0.417959183455, 0.603718817234, 1.01006805897, 1.23065757751, 1.4164172411, 1.75310659409, 2.00852608681, 2.24072551727, 2.40326523781, 2.57741498947, 2.9837641716, 3.14630389214, 3.34367346764, 3.77324271202, 3.98222231865, 4.20281171799, 4.57433128357, 4.77170085907, 5.15482997894, 5.36380958557, 5.52634906769, 5.95591831207, 6.09523820877, 6.32743787766, 6.96598625183, 7.32589578629, 7.51165533066, 7.69741487503, 7.90639448166, 8.12698459625, 8.3011341095, 8.893242836, 9.29959201813, 9.39247131348, 9.4853515625, 9.90331077576]
    rubato_start: [7.05375576019]
    rubato_stop: [9.49831295013]
    perceptual_tempo: "unknown"

sfx:
    inharmonicity:
        dmean: 0.032023601234
        dmean2: 0.0572658143938
        dvar: 0.0019648540765
        dvar2: 0.00536128645763
        max: 0.361257135868
        mean: 0.0321759395301
        min: 0
        var: 0.00185467570554
    oddtoevenharmonicenergyratio:
        dmean: 2.29852104187
        dmean2: 4.39858627319
        dvar: 119.373001099
        dvar2: 357.70199585
        max: 147.760345459
        mean: 1.57511925697
        min: 0
        var: 61.2959747314
    pitch_after_max_to_before_max_energy_ratio: 2.91242218018
    pitch_centroid: 219.766067505
    pitch_max_to_total: 0.24361948669
    pitch_min_to_total: 0.357308596373
    tristimulus:
        dmean: [0.184405565262, 0.187241539359, 0.0669338479638]
        dmean2: [0.321739882231, 0.330832183361, 0.119286693633]
        dvar: [0.0345436409116, 0.0367862470448, 0.00552794709802]
        dvar2: [0.0948268398643, 0.105215638876, 0.0147409290075]
        max: [1, 0.93926346302, 0.465168267488]
        mean: [0.453972905874, 0.451387822628, 0.0794758871198]
        min: [0.0022310889326, 0, 0]
        var: [0.052609808743, 0.047242347151, 0.00712409056723]

tonal:
    chords_changes_rate: 0.0322580635548
    chords_number_rate: 0.0230414755642
    chords_strength:
        dmean: 0.00674187811092
        dmean2: 0.00397393479943
        dvar: 3.54617841367e-05
        dvar2: 1.65010678757e-05
        max: 0.663050532341
        mean: 0.496856659651
        min: 0.346183657646
        var: 0.00908929016441
    key_strength: 0.803770840168
    tuning_diatonic_strength: 0.587081670761
    tuning_equal_tempered_deviation: 0.0329375490546
    tuning_frequency: 439.238189697
    tuning_nontempered_energy_ratio: 0.618606090546
    hpcp:
        dmean: [0.139748737216, 0.123717814684, 0.0373843125999, 0.0131949726492, 0.00983270164579, 0.0297985896468, 0.0631439387798, 0.049588534981, 0.0183622185141, 0.0179093666375, 0.0168869104236, 0.0432070717216, 0.0904029384255, 0.0804984942079, 0.0712353214622, 0.0847460255027, 0.0902396589518, 0.0376888737082, 0.0282725449651, 0.0350065976381, 0.0993051528931, 0.15841062367, 0.119246773422, 0.0306528080255, 0.0106174070388, 0.00803434476256, 0.0376918949187, 0.0618576928973, 0.0430123545229, 0.0625392720103, 0.0747760757804, 0.0589148290455, 0.0225140061229, 0.0211454890668, 0.0270975865424, 0.0789975076914]
        dmean2: [0.206932559609, 0.186076670885, 0.0630151554942, 0.0224877353758, 0.017589841038, 0.0481413453817, 0.0982623025775, 0.0762234702706, 0.0305665601045, 0.0303385797888, 0.0278452783823, 0.0653801932931, 0.126527875662, 0.112319022417, 0.109365798533, 0.129031822085, 0.146252393723, 0.0673031285405, 0.0488514378667, 0.0641549453139, 0.160259529948, 0.256095916033, 0.180563166738, 0.0477824471891, 0.0173229333013, 0.0140354149044, 0.0590492896736, 0.098510324955, 0.0710525363684, 0.0928096696734, 0.11125561595, 0.0937049686909, 0.0375135987997, 0.0346484743059, 0.0465251654387, 0.12250944972]
        dvar: [0.0301503185183, 0.0164331123233, 0.00230333767831, 0.000494494801387, 0.00114454468712, 0.00162313878536, 0.0089729083702, 0.00794087070972, 0.00191562343389, 0.00737634301186, 0.00711954943836, 0.00396687723696, 0.0176799353212, 0.0123397251591, 0.00963382888585, 0.0183516498655, 0.0171318352222, 0.00527725601569, 0.00488653872162, 0.00600581476465, 0.0124187003821, 0.032498460263, 0.0126976668835, 0.00161949440371, 0.000453898886917, 0.000186515797395, 0.00590421352535, 0.0149453720078, 0.0096570327878, 0.0104033248499, 0.0221570450813, 0.00959243625402, 0.00219443906099, 0.00105936534237, 0.00533876707777, 0.00727221602574]
        dvar2: [0.0634871572256, 0.0375437773764, 0.00651966268197, 0.0013566656271, 0.00331259914674, 0.00433488283306, 0.0223940331489, 0.0170070212334, 0.0050382767804, 0.0157718770206, 0.0154378945008, 0.00851930677891, 0.0310292802751, 0.0250935573131, 0.0241092462093, 0.0363020822406, 0.0440142638981, 0.014166704379, 0.0109385522082, 0.0162183661014, 0.02924868837, 0.0680178254843, 0.0237019360065, 0.00291904900223, 0.00122217752505, 0.000518235086929, 0.0155748352408, 0.0365181528032, 0.0248848591, 0.0208318140358, 0.0416842848063, 0.0224748495966, 0.00610077008605, 0.00268866703846, 0.0154450284317, 0.0170958656818]
        max: [1, 1, 0.407451421022, 0.200057119131, 0.352010607719, 0.394265264273, 0.97180557251, 1, 0.391317695379, 1, 1, 0.59309887886, 1, 0.909434199333, 1, 1, 1, 0.527117669582, 0.609598040581, 0.695805311203, 0.82088136673, 1, 1, 0.369194805622, 0.175190389156, 0.0959195643663, 0.641482174397, 1, 1, 0.881903767586, 1, 0.75992667675, 0.457007586956, 0.258655309677, 0.742677390575, 0.627469182014]
        mean: [0.541560709476, 0.373020529747, 0.0565372034907, 0.0149866566062, 0.010404872708, 0.0505659803748, 0.117902845144, 0.0869770124555, 0.026010369882, 0.0234586875886, 0.0209144167602, 0.0967814102769, 0.237668901682, 0.180161863565, 0.195206299424, 0.385598748922, 0.251510560513, 0.0485294051468, 0.0340899042785, 0.0353909432888, 0.236301138997, 0.500409901142, 0.321854561567, 0.047737788409, 0.0123343598098, 0.00959414523095, 0.0751400962472, 0.135135427117, 0.0779431313276, 0.167070031166, 0.313853085041, 0.17084749043, 0.0312155112624, 0.0351461917162, 0.033498890698, 0.232534646988]
        min: [0.0236215833575, 0.013846882619, 0.00166329252534, 0.000311477924697, 0.00017690617824, 0.00236189272255, 0.00171280861832, 0.00374907348305, 0.000675197050441, 0.000375680741854, 0.00116027775221, 0.00239757052623, 0.00200397754088, 0.00157173129264, 0.00540694780648, 0.00191980379168, 0.000774227373768, 0.00112880265806, 0.000358281395165, 0.000215998821659, 0.00101877911948, 0.00310930819251, 0.00330990087241, 0.000997849740088, 4.526722023e-06, 0.000124668877106, 0.00151996850036, 0.00261188182048, 0.00230906624347, 0.000985321588814, 0.000326686888002, 0.000782475341111, 0.00110726233106, 0.000736663176212, 0.00155180250295, 0.0121675180271]
        var: [0.126155972481, 0.0611488297582, 0.00318050989881, 0.000439852417912, 0.000656410993543, 0.00249264831655, 0.0158408004791, 0.0124257300049, 0.00224465224892, 0.0073012271896, 0.00677209626883, 0.0115675907582, 0.0820961669087, 0.0495216026902, 0.0348296053708, 0.154699802399, 0.0729028582573, 0.00629274407402, 0.00800262484699, 0.00520822405815, 0.035443212837, 0.128277972341, 0.0551137253642, 0.00351268216036, 0.000522347923834, 0.000196148306713, 0.0183799844235, 0.0518276020885, 0.0150144472718, 0.0454803109169, 0.160043790936, 0.0462043769658, 0.00191705673933, 0.00165867514443, 0.00353525113314, 0.0272169094533]
    chords_histogram: [26.2672805786, 0, 47.0046081543, 0, 0, 0, 0, 0, 0, 0, 0, 0, 0, 0, 0, 0, 0, 6.91244220734, 0, 0, 0, 2.7649769783, 17.0506916046, 0]
    thpcp: [1, 0.688787996769, 0.104396797717, 0.0276730861515, 0.0192127544433, 0.093370847404, 0.217709377408, 0.160604357719, 0.0480285398662, 0.0433168187737, 0.0386187843978, 0.178708329797, 0.438859194517, 0.332671582699, 0.360451370478, 0.71201390028, 0.464418023825, 0.0896102786064, 0.0629475191236, 0.065349906683, 0.436333596706, 0.924014389515, 0.594309270382, 0.0881485417485, 0.0227755811065, 0.0177157334983, 0.138747319579, 0.249529600143, 0.143923163414, 0.308497339487, 0.579534471035, 0.315472453833, 0.0576399117708, 0.0648979693651, 0.0618562065065, 0.429378718138]
    chords_key: "A"
    chords_scale: "major"
    key_key: "D"
    key_scale: "major"
    chords_progression: ["Dm", "Dm", "Dm", "Dm", "Dm", "Dm", "Dm", "Dm", "Dm", "Dm", "D", "D", "D", "D", "D", "D", "D", "D", "D", "D", "D", "D", "D", "D", "D", "D", "D", "D", "D", "D", "D", "D", "D", "D", "D", "D", "D", "D", "D", "D", "D", "D", "D", "D", "D", "D", "D", "D", "A", "A", "A", "A", "A", "A", "A", "A", "A", "A", "A", "A", "A", "A", "A", "A", "A", "A", "A", "A", "A", "A", "A", "A", "A", "A", "A", "A", "A", "A", "A", "A", "A", "A", "A", "A", "A", "A", "A", "A", "A", "A", "A", "A", "A", "A", "A", "A", "A", "A", "A", "A", "A", "A", "Em", "Em", "Em", "Em", "Em", "Em", "G", "G", "G", "G", "G", "G", "G", "G", "G", "G", "G", "G", "G", "G", "G", "G", "G", "G", "G", "G", "G", "G", "G", "G", "G", "G", "G", "G", "G", "G", "G", "G", "G", "G", "G", "G", "G", "D", "D", "D", "D", "D", "D", "D", "D", "D", "D", "D", "D", "D", "D", "D", "D", "D", "D", "D", "Dm", "Dm", "Dm", "Dm", "Dm", "A", "A", "A", "A", "A", "A", "A", "A", "A", "A", "A", "A", "A", "A", "A", "A", "A", "A", "A", "A", "A", "A", "A", "A", "A", "A", "A", "A", "A", "A", "A", "A", "A", "A", "A", "A", "A", "A", "A", "A", "A", "A", "A", "A", "A", "A", "A", "A"]
