
metadata:
    version:
        essentia: "1.2.2"
    audio_properties:
        analysis_sample_rate: 44100
        bitrate: 128
        channels: 2
        equal_loudness: 1
        length: 10.0571432114
        replay_gain: -14.4922523499
        downmix: "mix"
    tags:
        track: 4
        year: 0
        album: "Splitted by Mp3Splt v. 2.1"
        artist: "From 000.30 To 000.40"
        comment: "http://mp3splt.sf.net"
        genre: ""
        title: "10 Pumping On Your Stereo - Su"

highlevel:
    ballroom:
        all:
            ChaChaCha: 0.0818247497082
            Jive: 0.770349085331
            Quickstep: 0.0228034611791
            Rumba-American: 0.000380441255402
            Rumba-International: 0.00117052730639
            Rumba-Misc: 0.000535629165825
            Samba: 0.114533007145
            Tango: 0.000715274945833
            VienneseWaltz: 0.0071456246078
            Waltz: 0.000542202440556
        probability: 0.770349085331
        value: "Jive"
    culture:
        all:
            non_western: 0.019199911505
            western: 0.98080009222
        probability: 0.98080009222
        value: "western"
    gender:
        all:
            female: 0.0611950233579
            male: 0.938804984093
        probability: 0.938804984093
        value: "male"
    genre_dortmund:
        all:
            alternative: 0.0741246715188
            blues: 0.0241413898766
            electronic: 0.0262054242194
            folkcountry: 0.0201485808939
            funksoulrnb: 0.0059293252416
            jazz: 0.00694248219952
            pop: 0.0804311186075
            raphiphop: 0.00678963400424
            rock: 0.755287349224
        probability: 0.755287349224
        value: "rock"
    genre_electronica:
        all:
            ambient: 0.0940464809537
            dnb: 0.29588714242
            house: 0.00722134904936
            techno: 0.0129199959338
            trance: 0.589925050735
        probability: 0.589925050735
        value: "trance"
    genre_rosamerica:
        all:
            cla: 0.00340410252102
            dan: 0.00290903798304
            hip: 0.00167491903994
            jaz: 0.000759280868806
            pop: 0.0161111485213
            rhy: 0.00193718320224
            roc: 0.972776174545
            spe: 0.000428128405474
        probability: 0.972776174545
        value: "roc"
    genre_tzanetakis:
        all:
            blu: 0.0023425067775
            cla: 0.00738352350891
            cou: 0.12174025178
            dis: 0.0439298003912
            hip: 0.00668844860047
            jaz: 0.0138006424531
            met: 0.208901256323
            pop: 0.0626337751746
            reg: 0.00470475805923
            roc: 0.527875006199
        probability: 0.527875006199
        value: "roc"
    live_studio:
        all:
            live: 0.0102709159255
            studio: 0.989729106426
        probability: 0.989729106426
        value: "studio"
    mood:
        all:
            Cluster1: 0.311137139797
            Cluster2: 0.124959550798
            Cluster3: 0.0457511022687
            Cluster4: 0.0588094331324
            Cluster5: 0.459342777729
        probability: 0.459342777729
        value: "Cluster5"
    mood_acoustic:
        all:
            acoustic: 0.00377257005312
            not_acoustic: 0.996227443218
        probability: 0.996227443218
        value: "not_acoustic"
    mood_aggressive:
        all:
            aggressive: 0.987803220749
            not_aggressive: 0.0121967671439
        probability: 0.987803220749
        value: "aggressive"
    mood_electronic:
        all:
            electronic: 0.140861034393
            not_electronic: 0.859138965607
        probability: 0.859138965607
        value: "not_electronic"
    mood_happy:
        all:
            happy: 0.627399623394
            not_happy: 0.372600346804
        probability: 0.627399623394
        value: "happy"
    mood_party:
        all:
            not_party: 0.322229921818
            party: 0.677770078182
        probability: 0.677770078182
        value: "party"
    mood_relaxed:
        all:
            not_relaxed: 0.992063224316
            relaxed: 0.00793680083007
        probability: 0.992063224316
        value: "not_relaxed"
    mood_sad:
        all:
            not_sad: 0.94821035862
            sad: 0.0517896600068
        probability: 0.94821035862
        value: "not_sad"
    rhythm:
        all:
            fast: 0.898914813995
            medium: 0.0926317647099
            slow: 0.0084533886984
        probability: 0.898914813995
        value: "fast"
    speech_music:
        all:
            music: 0.999976992607
            speech: 2.30235200434e-05
        probability: 0.999976992607
        value: "music"
    timbre:
        all:
            bright: 0.73657053709
            dark: 0.26342946291
        probability: 0.73657053709
        value: "bright"
    voice_instrumental:
        all:
            instrumental: 0.343951255083
            voice: 0.656048715115
        probability: 0.656048715115
        value: "voice"

lowlevel:
    average_loudness: 0.977773725986
    barkbands_kurtosis:
        dmean: 0.432187110186
        dmean2: 0.686310112476
        dvar: 0.351851969957
        dvar2: 0.800249397755
        max: 3.82370615005
        mean: -1.02183866501
        min: -1.77934098244
        var: 0.65954375267
    barkbands_skewness:
        dmean: 0.349413603544
        dmean2: 0.538114309311
        dvar: 0.0982219055295
        dvar2: 0.233303517103
        max: 1.7792365551
        mean: -0.147224515676
        min: -2.20868682861
        var: 0.396886765957
    barkbands_spread:
        dmean: 4.32826185226
        dmean2: 6.94864034653
        dvar: 17.6848373413
        dvar2: 44.5089988708
        max: 62.1207923889
        mean: 34.8465843201
        min: 14.1588411331
        var: 52.6296463013
    dissonance:
        dmean: 0.0113120768219
        dmean2: 0.0179573539644
        dvar: 0.000484993186546
        dvar2: 0.000571090320591
        max: 0.499267756939
        mean: 0.479373693466
        min: 0.0147365815938
        var: 0.000660359626636
    hfc:
        dmean: 2.40798401833
        dmean2: 3.39987230301
        dvar: 9.79903793335
        dvar2: 17.5025863647
        max: 47.1052742004
        mean: 9.17751502991
        min: 0.000494785897899
        var: 49.5362739563
    pitch:
        dmean: 721.208007812
        dmean2: 1367.62280273
        dvar: 1374114.5
        dvar2: 3307621.75
        max: 4410
        mean: 909.158874512
        min: 69.8890686035
        var: 1712488.5
    pitch_instantaneous_confidence:
        dmean: 0.0781992152333
        dmean2: 0.124128215015
        dvar: 0.00445534614846
        dvar2: 0.0113716935739
        max: 0.909887433052
        mean: 0.332238346338
        min: 0.141452431679
        var: 0.0170359574258
    pitch_salience:
        dmean: 0.0556377209723
        dmean2: 0.0942630022764
        dvar: 0.00222310004756
        dvar2: 0.00588958756998
        max: 0.949627995491
        mean: 0.669951558113
        min: 0.445904642344
        var: 0.00451710121706
    silence_rate_20dB:
        dmean: 0
        dmean2: 0
        dvar: 0
        dvar2: 0
        max: 1
        mean: 1
        min: 1
        var: 0
    silence_rate_30dB:
        dmean: 0
        dmean2: 0
        dvar: 0
        dvar2: 0
        max: 1
        mean: 1
        min: 1
        var: 0
    silence_rate_60dB:
        dmean: 0.096997693181
        dmean2: 0.194444447756
        dvar: 0.0875891372561
        dvar2: 0.17052449286
        max: 1
        mean: 0.301843315363
        min: 0
        var: 0.210734009743
    spectral_centroid:
        dmean: 261.931304932
        dmean2: 395.167297363
        dvar: 68483.75
        dvar2: 153107.40625
        max: 3640.4465332
        mean: 1749.15734863
        min: 611.954589844
        var: 315662.40625
    spectral_complexity:
        dmean: 4.11832952499
        dmean2: 6.11395359039
        dvar: 15.8073377609
        dvar2: 29.5474872589
        max: 43
        mean: 18.2245368958
        min: 0
        var: 78.9518890381
    spectral_crest:
        dmean: 1.58116292953
        dmean2: 2.55559682846
        dvar: 2.07501578331
        dvar2: 5.49947977066
        max: 20.9434318542
        mean: 5.81325960159
        min: 2.57299375534
        var: 5.37646198273
    spectral_decrease:
        dmean: 2.57850379937e-10
        dmean2: 3.83962722728e-10
        dvar: 8.95387664042e-20
        dvar2: 2.08771106676e-19
        max: -6.83707851077e-14
        mean: -1.05904873759e-09
        min: -3.30715566044e-09
        var: 2.97046296533e-19
    spectral_energy:
        dmean: 0.0011473443592
        dmean2: 0.00167671253439
        dvar: 1.73266630554e-06
        dvar2: 3.79084690394e-06
        max: 0.0157009735703
        mean: 0.0048295231536
        min: 3.02925940332e-07
        var: 6.87222836859e-06
    spectral_energyband_high:
        dmean: 0.000209409365198
        dmean2: 0.000310078932671
        dvar: 2.1538946271e-07
        dvar2: 4.1409032292e-07
        max: 0.00846236106008
        mean: 0.000485796888825
        min: 9.4511367621e-09
        var: 5.01562794852e-07
    spectral_energyband_low:
        dmean: 0.000201389470021
        dmean2: 0.000356996693881
        dvar: 1.7707553468e-07
        dvar2: 5.09484152644e-07
        max: 0.0025624842383
        mean: 0.000269919575658
        min: 9.50874756711e-09
        var: 1.26155896396e-07
    spectral_energyband_middle_high:
        dmean: 0.00067638955079
        dmean2: 0.000959639495704
        dvar: 6.58337512505e-07
        dvar2: 1.18013747397e-06
        max: 0.0089184558019
        mean: 0.00256391591392
        min: 1.79858375304e-07
        var: 3.41478789778e-06
    spectral_energyband_middle_low:
        dmean: 0.000542052264791
        dmean2: 0.000880790874362
        dvar: 6.21320339178e-07
        dvar2: 1.67435234744e-06
        max: 0.00677027786151
        mean: 0.00150987901725
        min: 1.03929103545e-07
        var: 7.85382951562e-07
    spectral_flatness_db:
        dmean: 0.0136529719457
        dmean2: 0.0201747752726
        dvar: 0.000141077893204
        dvar2: 0.000274428370176
        max: 0.250951677561
        mean: 0.132473096251
        min: 0.0822097584605
        var: 0.000568431220017
    spectral_flux:
        dmean: 0.00821310188621
        dmean2: 0.0118311038241
        dvar: 7.23376288079e-05
        dvar2: 0.000140934425872
        max: 0.103984482586
        mean: 0.0424660667777
        min: 0.00537922419608
        var: 0.000307309499476
    spectral_kurtosis:
        dmean: 0.97784692049
        dmean2: 1.53619968891
        dvar: 0.964451551437
        dvar2: 2.42917513847
        max: 15.2836475372
        mean: 4.36086940765
        min: -0.651010274887
        var: 3.31642818451
    spectral_rms:
        dmean: 0.000252659490798
        dmean2: 0.000360823789379
        dvar: 7.04747549207e-08
        dvar2: 1.39365539553e-07
        max: 0.0039138244465
        mean: 0.00209080381319
        min: 1.71912051883e-05
        var: 3.40263312637e-07
    spectral_rolloff:
        dmean: 320.899505615
        dmean2: 504.427612305
        dvar: 120995.304688
        dvar2: 252842.140625
        max: 5986.23046875
        mean: 3329.56982422
        min: 925.927734375
        var: 516434.9375
    spectral_skewness:
        dmean: 0.144585669041
        dmean2: 0.220463246107
        dvar: 0.0199636276811
        dvar2: 0.0429737530649
        max: 3.10608530045
        mean: 1.54324483871
        min: 0.368976414204
        var: 0.11748047173
    spectral_spread:
        dmean: 570305.5
        dmean2: 741075.375
        dvar: 387116990464
        dvar2: 552075853824
        max: 12602997
        mean: 4791531.5
        min: 2597595.5
        var: 1.64412719104e+12
    spectral_strongpeak:
        dmean: 0.425711393356
        dmean2: 0.757233083248
        dvar: 0.662527322769
        dvar2: 1.73115360737
        max: 5.24661064148
        mean: 0.520933628082
        min: 0.00012815943046
        var: 0.790886998177
    zerocrossingrate:
        dmean: 0.00842653308064
        dmean2: 0.00997342821211
        dvar: 6.58878780087e-05
        dvar2: 6.29131973255e-05
        max: 0.19091796875
        mean: 0.0987153202295
        min: 0.00439453125
        var: 0.000652592629194
    barkbands:
        dmean: [2.80755727999e-07, 6.82641839376e-05, 0.000151241110871, 0.000199756526854, 0.000220710397116, 0.000114485774247, 0.000133934838232, 0.000112232723041, 0.000114803449833, 7.81218186603e-05, 4.61280942545e-05, 7.54227439757e-05, 5.770358257e-05, 7.54749489715e-05, 0.000113078531285, 0.000156010064529, 0.000237174477661, 0.000175751119968, 0.000179969079909, 0.000251039629802, 7.0505477197e-05, 2.29963006859e-05, 7.59668364481e-06, 4.77430239698e-06, 2.33329205912e-06, 9.05308183974e-08, 7.4528400118e-10]
        dmean2: [4.71769595833e-07, 0.00011823035311, 0.000265969953034, 0.000348228757503, 0.00039193208795, 0.00018393805658, 0.000209510137211, 0.000184240620001, 0.000185631230124, 0.000122609228129, 7.82470815466e-05, 0.000126213257317, 9.61075784289e-05, 0.000118721596664, 0.000179305119673, 0.000261968874838, 0.000381311809178, 0.000271936383797, 0.000283030996798, 0.00036216629087, 0.000111727589683, 3.36346893164e-05, 1.07318282971e-05, 6.79315280649e-06, 3.28372084368e-06, 1.26479818618e-07, 1.13620346465e-09]
        dvar: [5.75164319384e-13, 1.89194206968e-08, 9.6921809245e-08, 5.64941977643e-08, 2.45798617016e-07, 3.27510356612e-08, 5.58738548762e-08, 5.10731368308e-08, 3.76820494807e-08, 1.72371983354e-08, 6.04974337293e-09, 8.03693822604e-09, 6.16043038804e-09, 1.69346332513e-08, 2.97640188052e-08, 3.65639536426e-08, 1.11572212802e-07, 9.20026366202e-08, 5.27565511277e-08, 3.11582198265e-07, 1.59226498653e-08, 3.70167296815e-09, 3.80424414193e-10, 1.67544145224e-10, 4.04304367763e-11, 2.04788951368e-14, 1.88638704129e-17]
        dvar2: [1.37962970041e-12, 5.1801393397e-08, 2.80511784467e-07, 1.67307220522e-07, 6.97687539741e-07, 7.36449905503e-08, 1.27005293393e-07, 1.31318898866e-07, 8.89231586143e-08, 3.88661760553e-08, 1.60316488973e-08, 2.15556870131e-08, 1.44312277683e-08, 4.31987494665e-08, 7.42043795299e-08, 8.81913493345e-08, 2.73702113418e-07, 2.0504533893e-07, 1.0606225942e-07, 6.24749588951e-07, 3.29539524557e-08, 6.69826283328e-09, 6.95308588483e-10, 3.13082976211e-10, 7.42615829941e-11, 4.80418893415e-14, 4.71780410962e-17]
        max: [4.34675894212e-06, 0.000862386950757, 0.00230317842215, 0.00206985743716, 0.00400590524077, 0.0017163384473, 0.00324359210208, 0.00212066597305, 0.00212329346687, 0.00219755596481, 0.00114213966299, 0.000743214040995, 0.00064472865779, 0.00190514640417, 0.00182940321974, 0.00210951338522, 0.00453612441197, 0.00313986628316, 0.00340732233599, 0.0105973510072, 0.00129113369621, 0.000679479679093, 0.000278259482002, 0.000187892292161, 9.74093709374e-05, 1.26589497995e-06, 6.41458228756e-08]
        mean: [2.11607201095e-07, 8.2385740825e-05, 0.000187336292583, 0.000455978908576, 0.000290193711407, 0.000180490620551, 0.000225286465138, 0.000147914208355, 0.000195701737539, 0.000136213493533, 7.52397245378e-05, 0.000124554717331, 0.000105554296169, 0.000124589336338, 0.000209419580642, 0.000288928626105, 0.000479568727314, 0.000343877676642, 0.000414434151025, 0.00055062235333, 0.000142128876178, 4.22247685492e-05, 1.36137832669e-05, 8.66689879331e-06, 4.24815607403e-06, 1.40225679957e-07, 7.74156794225e-10]
        min: [9.39439359637e-11, 3.35906591431e-09, 5.91071103173e-09, 9.40286071227e-09, 3.46873392232e-08, 3.45647350741e-08, 1.93481035637e-08, 5.23357090998e-09, 5.03127872697e-10, 2.34613928285e-09, 4.90016738297e-09, 1.63323470304e-08, 2.52906975362e-08, 8.43755021407e-09, 2.30316654637e-09, 4.06338536152e-08, 1.68387206401e-08, 2.75373182035e-08, 2.81404748392e-08, 1.08282289801e-08, 4.15111234275e-09, 8.93183027539e-10, 2.84503753889e-10, 1.94318838798e-10, 1.42748327048e-10, 1.27633362212e-10, 3.18151950097e-12]
        var: [4.61614904287e-13, 1.52248436081e-08, 7.38473175943e-08, 6.18792697082e-08, 1.73800742687e-07, 4.29987672135e-08, 1.24912276078e-07, 6.81657468249e-08, 5.03745489766e-08, 4.03517361747e-08, 7.2332935197e-09, 1.18696341644e-08, 1.23474253044e-08, 2.82022600828e-08, 6.79180445218e-08, 6.59171561779e-08, 2.4283502853e-07, 2.09221596492e-07, 1.53985837414e-07, 9.79313995231e-07, 3.19517567959e-08, 9.06980446302e-09, 1.07692155193e-09, 4.90680440723e-10, 1.1739381689e-10, 3.95063451083e-14, 9.8871724022e-18]
    mfcc:
        mean: [-690.026489258, 107.607467651, -52.6172409058, 48.6768302917, -3.9100356102, -8.08136367798, 2.87587141991, -3.79086112976, -0.263111650944, -2.76850795746, -7.50926876068, -1.66733980179, -4.13597631454]
        cov: [[1805.79150391, -505.438476562, -17.093006134, -72.7092819214, -135.3646698, 4.82624530792, -74.9906921387, -49.1149215698, 16.6822242737, 50.4842605591, -23.3525657654, -53.4691123962, -15.2973957062], [-505.438476562, 609.661560059, -210.38494873, 45.9250679016, 13.2513971329, -83.567855835, 50.5552749634, 9.17815876007, 36.1049804688, 26.2324924469, 8.29016685486, 46.8564414978, 2.1745891571], [-17.093006134, -210.38494873, 309.334503174, -37.2311019897, 23.6570262909, 64.5509033203, -36.955329895, 17.8120975494, -40.6019058228, -52.1559143066, 23.7523555756, -5.00561571121, 21.7345561981], [-72.7092819214, 45.9250679016, -37.2311019897, 111.40864563, 0.456616789103, -21.4888477325, 22.3382549286, -19.8586616516, 7.08685398102, 25.5802116394, -9.77021408081, 9.68221092224, 12.0605993271], [-135.3646698, 13.2513971329, 23.6570262909, 0.456616789103, 102.323982239, 28.9215927124, 12.7903690338, 21.7164516449, -9.65154075623, -23.2812976837, 6.59772157669, -9.31552219391, 1.35128927231], [4.82624530792, -83.567855835, 64.5509033203, -21.4888477325, 28.9215927124, 92.0277633667, -0.990549445152, 15.3488073349, -11.2500705719, -25.0117053986, 5.32089948654, -13.6980333328, -1.33040571213], [-74.9906921387, 50.5552749634, -36.955329895, 22.3382549286, 12.7903690338, -0.990549445152, 72.7310714722, 14.1018629074, 15.5250425339, 4.86633443832, -0.609560072422, 2.61641907692, -7.33464336395], [-49.1149215698, 9.17815876007, 17.8120975494, -19.8586616516, 21.7164516449, 15.3488073349, 14.1018629074, 76.8485412598, 21.7698554993, -17.2840633392, 7.86042881012, -6.17941951752, -7.8427939415], [16.6822242737, 36.1049804688, -40.6019058228, 7.08685398102, -9.65154075623, -11.2500705719, 15.5250425339, 21.7698554993, 63.9928855896, 22.3466930389, -6.02077007294, 5.85983085632, -4.67032623291], [50.4842605591, 26.2324924469, -52.1559143066, 25.5802116394, -23.2812976837, -25.0117053986, 4.86633443832, -17.2840633392, 22.3466930389, 60.4890937805, -1.04470431805, 10.2123537064, -0.626835286617], [-23.3525657654, 8.29016685486, 23.7523555756, -9.77021408081, 6.59772157669, 5.32089948654, -0.609560072422, 7.86042881012, -6.02077007294, -1.04470431805, 40.154800415, 12.9029893875, 2.24786710739], [-53.4691123962, 46.8564414978, -5.00561571121, 9.68221092224, -9.31552219391, -13.6980333328, 2.61641907692, -6.17941951752, 5.85983085632, 10.2123537064, 12.9029893875, 56.1688117981, 23.4505081177], [-15.2973957062, 2.1745891571, 21.7345561981, 12.0605993271, 1.35128927231, -1.33040571213, -7.33464336395, -7.8427939415, -4.67032623291, -0.626835286617, 2.24786710739, 23.4505081177, 48.6363830566]]
        icov: [[0.000950111076236, 0.000931973045226, 0.000625476590358, 0.00052609218983, 0.000803930568509, 0.000129894848214, 0.000354947260348, 0.000230569930864, -0.000421178265242, -0.00044258593698, -0.000328110560076, 0.0006415011012, -0.000421168835601], [0.000931973045226, 0.00355140864849, 0.00225209724158, 0.000153378510731, -7.75651860749e-05, 0.00168434227817, -0.000235791580053, -0.000252237339737, -0.000668833905365, 0.000571332755499, -0.00137059541885, -0.00106464815326, -0.000418295356212], [0.000625476590358, 0.00225209724158, 0.00630219234154, 0.00012681428052, 0.000376991461962, -0.00134119868744, 0.00172180519439, -0.00106846913695, 0.000945371808484, 0.00261157308705, -0.00308192614466, -6.34443931631e-05, -0.00241405633278], [0.00052609218983, 0.000153378510731, 0.00012681428052, 0.0123395128176, -0.000968719425146, 0.00142456847243, -0.00366395316087, 0.00251081981696, 0.000143881115946, -0.00452684191987, 0.00254149897955, 0.000565536727663, -0.00347439968027], [0.000803930568509, -7.75651860749e-05, 0.000376991461962, -0.000968719425146, 0.013385486789, -0.00310563133098, -0.00132900895551, -0.00235693831928, 0.0013747154735, 0.00234079943039, -0.00189661153127, 0.00294762011617, -0.0018806514563], [0.000129894848214, 0.00168434227817, -0.00134119868744, 0.00142456847243, -0.00310563133098, 0.0156481526792, -0.00148864823859, -0.000576273014303, -0.000280161184492, 0.00243825046346, -0.00109011447057, 0.00163184734993, -0.00032336008735], [0.000354947260348, -0.000235791580053, 0.00172180519439, -0.00366395316087, -0.00132900895551, -0.00148864823859, 0.0177978798747, -0.00266902870499, -0.00224290858023, 0.000607290712651, -0.000483456416987, -0.0014060055837, 0.00300386222079], [0.000230569930864, -0.000252237339737, -0.00106846913695, 0.00251081981696, -0.00235693831928, -0.000576273014303, -0.00266902870499, 0.02040912956, -0.0103232134134, 0.00621087383479, -0.0043036788702, 0.00221954635344, 0.00109440344386], [-0.000421178265242, -0.000668833905365, 0.000945371808484, 0.000143881115946, 0.0013747154735, -0.000280161184492, -0.00224290858023, -0.0103232134134, 0.0251692291349, -0.00960084516555, 0.00568109145388, -0.00325363478623, 0.000989881460555], [-0.00044258593698, 0.000571332755499, 0.00261157308705, -0.00452684191987, 0.00234079943039, 0.00243825046346, 0.000607290712651, 0.00621087383479, -0.00960084516555, 0.0282302051783, -0.00514477770776, -0.00179319025483, 0.00142980320379], [-0.000328110560076, -0.00137059541885, -0.00308192614466, 0.00254149897955, -0.00189661153127, -0.00109011447057, -0.000483456416987, -0.0043036788702, 0.00568109145388, -0.00514477770776, 0.0322868674994, -0.00945045240223, 0.00350470584817], [0.0006415011012, -0.00106464815326, -6.34443931631e-05, 0.000565536727663, 0.00294762011617, 0.00163184734993, -0.0014060055837, 0.00221954635344, -0.00325363478623, -0.00179319025483, -0.00945045240223, 0.0289058312774, -0.0135898906738], [-0.000421168835601, -0.000418295356212, -0.00241405633278, -0.00347439968027, -0.0018806514563, -0.00032336008735, 0.00300386222079, 0.00109440344386, 0.000989881460555, 0.00142980320379, 0.00350470584817, -0.0135898906738, 0.0295642092824]]
    spectral_contrast:
        mean: [2.63788507482e-07, -2.3880446065e-07, 1.74193971247e-07, -4.71870094998e-07, 3.95527536057e-07, 2.26690815452e-07, -8.68544560717e-08, -9.80165282272e-07, 2.35493530454e-06, -6.68896575462e-07, 2.54230371866e-06, -2.84556995211e-06]
        var: [0.000419174495619, 0.000716166570783, 0.00105146644637, 0.00169370451476, 0.0019031179836, 0.00286180060357, 0.0462311655283, 0.0777037665248, 0.132169350982, 0.203367933631, 0.272265315056, 0.965415596962]

rhythm:
    beats_loudness:
        dmean: 0.00280833686702
        dmean2: 0.00537433009595
        dvar: 3.2469947655e-06
        dvar2: 8.18507487566e-06
        max: 0.011244979687
        mean: 0.00701404642314
        min: 0.0034673945047
        var: 4.35911033492e-06
    beats_loudness_bass:
        dmean: 0.0984346866608
        dmean2: 0.190578073263
        dvar: 0.00576412538067
        dvar2: 0.0192834604532
        max: 0.299385547638
        mean: 0.100091226399
        min: 0.0140641769394
        var: 0.00509797362611
    bpm: 134.009170532
    bpm_confidence: 0
    first_peak_bpm: 134
    first_peak_spread: 0
    first_peak_weight: 0.952380955219
    onset_rate: 3.57954549789
    second_peak_bpm: 126
    second_peak_spread: 0
    second_peak_weight: 0.047619048506
    beats_position: [0.219539687037, 0.668812096119, 1.1180845499, 1.56735682487, 2.01662921906, 2.46590161324, 2.91517400742, 3.3644464016, 3.81371879578, 4.26299095154, 4.7122631073, 5.16153526306, 5.61080789566, 6.08699321747, 6.53352928162, 6.9800658226, 7.42660188675, 7.87313842773, 8.31967449188, 8.76621055603, 9.21274757385, 9.659283638]
    bpm_estimates: [132.578033447, 133.719177246, 133.165512085, 134.034973145, 134.916564941, 133.87197876, 130.551712036, 135.031082153, 134.187316895, 134.15486145, 134.896911621, 134.617141724, 133.210494995, 133.96635437, 135.674942017, 135.818161011, 135.8359375, 133.499633789, 133.092300415, 133.360168457]
    bpm_intervals: [0.44927239418, 0.449272453785, 0.449272274971, 0.44927239418, 0.44927239418, 0.44927239418, 0.44927239418, 0.44927239418, 0.449272155762, 0.449272155762, 0.449272155762, 0.449272632599, 0.476185321808, 0.446536064148, 0.446536540985, 0.446536064148, 0.446536540985, 0.446536064148, 0.446536064148, 0.446537017822, 0.446536064148]
    onset_times: [0.0580498874187, 0.232199549675, 0.661768734455, 0.96362811327, 1.05650794506, 1.59056687355, 2.2523355484, 2.32199549675, 2.40326523781, 2.80961441994, 2.91410422325, 3.15791392326, 3.35528349876, 3.80807256699, 4.2492518425, 4.48145103455, 4.71365070343, 4.93424034119, 5.1780500412, 5.39863967896, 6.07201814651, 6.33904743195, 6.52480745316, 6.76861667633, 6.97759628296, 7.22140598297, 7.41877555847, 7.72063493729, 7.81351470947, 8.31274414062, 8.53333377838, 8.57977294922, 8.76553249359, 9.02095222473, 9.42730140686, 9.65950107574]
    rubato_start: []
    rubato_stop: []
    perceptual_tempo: "unknown"

sfx:
    inharmonicity:
        dmean: 0.053951382637
        dmean2: 0.0947963371873
        dvar: 0.00279689906165
        dvar2: 0.00771473394707
        max: 0.357733011246
        mean: 0.0699764341116
        min: 0.00176340993494
        var: 0.00370597047731
    oddtoevenharmonicenergyratio:
        dmean: 1.8799033165
        dmean2: 3.44767212868
        dvar: 12.8346157074
        dvar2: 36.7173500061
        max: 28.473192215
        mean: 1.46880877018
        min: 0.00690569821745
        var: 8.84516048431
    pitch_after_max_to_before_max_energy_ratio: 2.07810950279
    pitch_centroid: 178.151565552
    pitch_max_to_total: 0.159722223878
    pitch_min_to_total: 0.416666656733
    tristimulus:
        dmean: [0.161555141211, 0.223293736577, 0.149613380432]
        dmean2: [0.274785816669, 0.390633702278, 0.261939287186]
        dvar: [0.0165718868375, 0.0357495211065, 0.0156298950315]
        dvar2: [0.0435882098973, 0.0981907770038, 0.0434226840734]
        max: [0.852104008198, 0.968116402626, 0.624249815941]
        mean: [0.307324379683, 0.45747962594, 0.180285140872]
        min: [0.0087680593133, 0, 0]
        var: [0.0297896657139, 0.0474926866591, 0.0223798640072]

tonal:
    chords_changes_rate: 0.0691244229674
    chords_number_rate: 0.0276497695595
    chords_strength:
        dmean: 0.0112825175747
        dmean2: 0.0119986599311
        dvar: 7.95927990112e-05
        dvar2: 0.000102274650999
        max: 0.630321681499
        mean: 0.458133518696
        min: 0.291562259197
        var: 0.00636636605486
    key_strength: 0.671219944954
    tuning_diatonic_strength: 0.508258283138
    tuning_equal_tempered_deviation: 0.086380943656
    tuning_frequency: 439.238189697
    tuning_nontempered_energy_ratio: 0.715086817741
    hpcp:
        dmean: [0.170182332397, 0.14334218204, 0.112811803818, 0.11539452523, 0.128363743424, 0.141650170088, 0.16210347414, 0.159725099802, 0.161180093884, 0.153304502368, 0.134799703956, 0.140551149845, 0.164404675364, 0.138912037015, 0.150537997484, 0.186715960503, 0.213052973151, 0.16839119792, 0.166016995907, 0.184985175729, 0.21200555563, 0.198423877358, 0.184700652957, 0.113198958337, 0.106962904334, 0.096470579505, 0.0919531732798, 0.117406651378, 0.106585308909, 0.0996848940849, 0.114565990865, 0.115930430591, 0.133229106665, 0.140905812383, 0.123533666134, 0.15749168396]
        dmean2: [0.289198189974, 0.241146430373, 0.187398061156, 0.194031894207, 0.217442750931, 0.243653684855, 0.276240825653, 0.27299323678, 0.28561013937, 0.270577162504, 0.224743843079, 0.244070544839, 0.281744062901, 0.238430559635, 0.260347396135, 0.320996910334, 0.367047786713, 0.303262323141, 0.285269379616, 0.313612908125, 0.375589519739, 0.349773555994, 0.321270644665, 0.195563867688, 0.184188470244, 0.16357730329, 0.157319009304, 0.200555741787, 0.183422029018, 0.170932278037, 0.188784718513, 0.19507484138, 0.219183817506, 0.228221997619, 0.211722314358, 0.271789938211]
        dvar: [0.0328761674464, 0.0242742877454, 0.0220718253404, 0.0243096929044, 0.0264426562935, 0.0307231191546, 0.0314383171499, 0.0293135810643, 0.0437572859228, 0.0417351797223, 0.0250658001751, 0.0313213989139, 0.0393313579261, 0.0269076023251, 0.0324667319655, 0.0515191704035, 0.0523102432489, 0.0351940207183, 0.0375139303505, 0.0431441627443, 0.0427393764257, 0.0558090731502, 0.0320461206138, 0.0210653692484, 0.0254863146693, 0.020058574155, 0.0143143059686, 0.023768261075, 0.0192773267627, 0.0210328102112, 0.0249263755977, 0.0222977437079, 0.0285646039993, 0.025639263913, 0.0232782438397, 0.0265015531331]
        dvar2: [0.092435926199, 0.0693863481283, 0.0549008920789, 0.0610008686781, 0.0701227784157, 0.0824656262994, 0.0796428471804, 0.0760377496481, 0.122998945415, 0.116075694561, 0.0721311718225, 0.0860901400447, 0.109022781253, 0.0699396654963, 0.0884239301085, 0.111785598099, 0.145221665502, 0.0915308818221, 0.0960607007146, 0.110206604004, 0.118597142398, 0.141681268811, 0.098231330514, 0.0545094273984, 0.0600255914032, 0.0475875996053, 0.0380382947624, 0.0663366243243, 0.0495542958379, 0.0553186237812, 0.0684452578425, 0.0578162111342, 0.0695600584149, 0.0665816515684, 0.0628211274743, 0.0695049837232]
        max: [1, 1, 1, 1, 1, 1, 1, 1, 1, 1, 0.940841853619, 1, 1, 1, 1, 1, 1, 1, 1, 1, 1, 1, 1, 0.929610490799, 0.981275260448, 1, 0.941019177437, 1, 1, 1, 1, 1, 1, 1, 1, 1]
        mean: [0.333822578192, 0.26257148385, 0.169454693794, 0.163375169039, 0.180015474558, 0.234870478511, 0.300307840109, 0.262802869081, 0.211642235518, 0.195224404335, 0.177188843489, 0.20937602222, 0.238030225039, 0.207545295358, 0.269884288311, 0.446929007769, 0.385769188404, 0.232809960842, 0.220229029655, 0.218436539173, 0.390472382307, 0.544908881187, 0.346705168486, 0.150158315897, 0.128895774484, 0.115798175335, 0.147760018706, 0.198180437088, 0.169935449958, 0.145640313625, 0.168944433331, 0.170158103108, 0.201342359185, 0.219069346786, 0.192029684782, 0.254575312138]
        min: [0.00645747734234, 0.0113655012101, 0.00892902351916, 0.0101840691641, 0.0116824926808, 0.0146120656282, 0.00767730828375, 0.0115008810535, 0.0148741034791, 0.0127839175984, 0.00807015877217, 0.0163834095001, 0.0114298891276, 0.0111120883375, 0.019091386348, 0.0237341783941, 0.0137473298237, 0.0162821505219, 0.00789873115718, 0.0111199170351, 0.0054798675701, 0.0144314151257, 0.0115288402885, 0.00611343747005, 0.00554393231869, 0.00421473011374, 0.0121855819598, 0.0144037418067, 0.0217673256993, 0.00657270243391, 0.00880971644074, 0.016948826611, 0.0132362311706, 0.0130396280438, 0.0212287530303, 0.00378248351626]
        var: [0.0690719783306, 0.0408201403916, 0.0272973496467, 0.0320473909378, 0.0339487232268, 0.0384667702019, 0.0562545619905, 0.0479747839272, 0.0473982393742, 0.0440249033272, 0.0294210575521, 0.0315234623849, 0.0428026355803, 0.0301136765629, 0.0481001511216, 0.146023198962, 0.111840702593, 0.0368445366621, 0.0427116900682, 0.047100238502, 0.0679358318448, 0.138971880078, 0.061505112797, 0.0231906548142, 0.0254591349512, 0.021135609597, 0.0202113576233, 0.0301586687565, 0.0210261065513, 0.0206926632673, 0.029950292781, 0.0253085941076, 0.0334251485765, 0.0336796380579, 0.0241644196212, 0.0437285937369]
    chords_histogram: [37.7880172729, 1.38248848915, 20.7373275757, 0, 0, 0, 0, 0, 0, 0, 0, 0, 0, 0, 0, 0, 0, 0, 0, 0.460829496384, 16.5898609161, 1.84331798553, 21.1981563568, 0]
    thpcp: [1, 0.636262655258, 0.27556592226, 0.236545562744, 0.21250924468, 0.271164625883, 0.363694638014, 0.31186029315, 0.267274618149, 0.310041636229, 0.312268912792, 0.369497299194, 0.402029305696, 0.352406978607, 0.467188775539, 0.612620890141, 0.481863111258, 0.310978025198, 0.299821078777, 0.330358862877, 0.431027084589, 0.551115691662, 0.482287734747, 0.388399302959, 0.358269810677, 0.325171500444, 0.384240418673, 0.436825752258, 0.380880743265, 0.495283335447, 0.820190370083, 0.707951724529, 0.427245676517, 0.404157519341, 0.4008679986, 0.716582894325]
    chords_key: "A"
    chords_scale: "major"
    key_key: "A"
    key_scale: "major"
    chords_progression: ["D", "D", "D", "D", "D", "D", "D", "D", "D", "D", "D", "D", "D", "D", "D", "D", "D", "D", "D", "D", "D", "D", "D", "D", "D", "D", "G", "G", "G", "G", "G", "G", "G", "G", "G", "G", "G", "Bm", "Bm", "Bm", "Bm", "E", "E", "E", "E", "E", "E", "E", "E", "E", "E", "E", "E", "E", "E", "E", "E", "E", "E", "E", "A", "A", "A", "A", "A", "A", "A", "A", "A", "A", "A", "A", "A", "A", "A", "A", "A", "A", "A", "A", "A", "A", "A", "A", "A", "A", "A", "A", "A", "A", "D", "D", "D", "D", "D", "D", "D", "D", "D", "D", "D", "G", "G", "G", "G", "G", "G", "G", "G", "G", "G", "G", "G", "G", "G", "E", "E", "E", "E", "E", "E", "E", "E", "E", "E", "E", "E", "E", "E", "E", "E", "E", "E", "E", "C#m", "C#m", "C#m", "A", "A", "A", "A", "A", "A", "A", "A", "A", "A", "A", "A", "A", "A", "A", "A", "A", "A", "A", "A", "A", "A", "A", "A", "A", "A", "A", "A", "A", "A", "A", "A", "A", "A", "A", "D", "D", "D", "D", "D", "D", "D", "D", "D", "G", "G", "G", "G", "G", "G", "G", "G", "G", "G", "G", "A", "A", "A", "A", "A", "A", "A", "A", "A", "A", "A", "A", "A", "Em", "A", "A", "A", "A", "E", "E", "E", "E", "E", "E", "E"]
