
metadata:
    version:
        essentia: "1.2.2"
    audio_properties:
        analysis_sample_rate: 44100
        bitrate: 128
        channels: 2
        equal_loudness: 1
        length: 9.97877597809
        replay_gain: -11.0166110992
        downmix: "mix"
    tags:
        track: 20
        year: 0
        album: "Splitted by Mp3Splt v. 2.1"
        artist: "From 003.10 To 003.20"
        comment: "http://mp3splt.sf.net"
        genre: ""
        title: "04 Deadbeat.mp3"

highlevel:
    ballroom:
        all:
            ChaChaCha: 0.30476000905
            Jive: 0.469255596399
            Quickstep: 0.0233686305583
            Rumba-American: 0.000235993866227
            Rumba-International: 0.000435426161857
            Rumba-Misc: 0.000177306734258
            Samba: 0.200140327215
            Tango: 0.000271030818112
            VienneseWaltz: 0.00112826761324
            Waltz: 0.000227410520893
        probability: 0.469255596399
        value: "Jive"
    culture:
        all:
            non_western: 0.527096986771
            western: 0.472903013229
        probability: 0.527096986771
        value: "non_western"
    gender:
        all:
            female: 0.0652596130967
            male: 0.934740364552
        probability: 0.934740364552
        value: "male"
    genre_dortmund:
        all:
            alternative: 0.0510197728872
            blues: 0.0230026785284
            electronic: 0.0780183970928
            folkcountry: 0.0277032908052
            funksoulrnb: 0.0195275004953
            jazz: 0.0504862368107
            pop: 0.0426590032876
            raphiphop: 0.0275799445808
            rock: 0.680003166199
        probability: 0.680003166199
        value: "rock"
    genre_electronica:
        all:
            ambient: 0.0708402469754
            dnb: 0.71843957901
            house: 0.00754735339433
            techno: 0.0195426102728
            trance: 0.183630228043
        probability: 0.71843957901
        value: "dnb"
    genre_rosamerica:
        all:
            cla: 0.0152166653425
            dan: 0.137462407351
            hip: 0.057676423341
            jaz: 0.00290136272088
            pop: 0.0588877946138
            rhy: 0.00612252578139
            roc: 0.720045804977
            spe: 0.001687047421
        probability: 0.720045804977
        value: "roc"
    genre_tzanetakis:
        all:
            blu: 0.0035459806677
            cla: 0.00370585964993
            cou: 0.0224767681211
            dis: 0.0555154383183
            hip: 0.0239237509668
            jaz: 0.0198969449848
            met: 0.286955922842
            pop: 0.0775791406631
            reg: 0.0159337390214
            roc: 0.490466475487
        probability: 0.490466475487
        value: "roc"
    live_studio:
        all:
            live: 0.0312553234398
            studio: 0.968744695187
        probability: 0.968744695187
        value: "studio"
    mood:
        all:
            Cluster1: 0.211992204189
            Cluster2: 0.0673825591803
            Cluster3: 0.0118163246661
            Cluster4: 0.0363197773695
            Cluster5: 0.67248916626
        probability: 0.67248916626
        value: "Cluster5"
    mood_acoustic:
        all:
            acoustic: 0.00343698379584
            not_acoustic: 0.996563017368
        probability: 0.996563017368
        value: "not_acoustic"
    mood_aggressive:
        all:
            aggressive: 0.89516556263
            not_aggressive: 0.10483442992
        probability: 0.89516556263
        value: "aggressive"
    mood_electronic:
        all:
            electronic: 0.65164911747
            not_electronic: 0.34835088253
        probability: 0.65164911747
        value: "electronic"
    mood_happy:
        all:
            happy: 0.542605817318
            not_happy: 0.457394182682
        probability: 0.542605817318
        value: "happy"
    mood_party:
        all:
            not_party: 0.179184272885
            party: 0.820815742016
        probability: 0.820815742016
        value: "party"
    mood_relaxed:
        all:
            not_relaxed: 0.97518903017
            relaxed: 0.0248109586537
        probability: 0.97518903017
        value: "not_relaxed"
    mood_sad:
        all:
            not_sad: 0.984124958515
            sad: 0.0158750619739
        probability: 0.984124958515
        value: "not_sad"
    rhythm:
        all:
            fast: 0.909518837929
            medium: 0.0833493620157
            slow: 0.00713177863508
        probability: 0.909518837929
        value: "fast"
    speech_music:
        all:
            music: 0.999535262585
            speech: 0.000464716460556
        probability: 0.999535262585
        value: "music"
    timbre:
        all:
            bright: 0.0365019924939
            dark: 0.96349799633
        probability: 0.96349799633
        value: "dark"
    voice_instrumental:
        all:
            instrumental: 0.712637007236
            voice: 0.287362962961
        probability: 0.712637007236
        value: "instrumental"

lowlevel:
    average_loudness: 0.971471905708
    barkbands_kurtosis:
        dmean: 0.666315734386
        dmean2: 1.15219867229
        dvar: 1.33272445202
        dvar2: 3.5156724453
        max: 9.82326412201
        mean: -0.854270160198
        min: -1.73785948753
        var: 1.17481935024
    barkbands_skewness:
        dmean: 0.504853546619
        dmean2: 0.848925232887
        dvar: 0.263487756252
        dvar2: 0.680025458336
        max: 2.1474583149
        mean: -0.02114556171
        min: -3.0757291317
        var: 0.506661057472
    barkbands_spread:
        dmean: 5.7713265419
        dmean2: 9.10724925995
        dvar: 27.0494747162
        dvar2: 64.0656661987
        max: 53.1238098145
        mean: 34.7638778687
        min: 10.0962963104
        var: 52.4450035095
    dissonance:
        dmean: 0.0131474761292
        dmean2: 0.0208185445517
        dvar: 0.00024235874298
        dvar2: 0.000414566136897
        max: 0.4993301332
        mean: 0.476219117641
        min: 0.265297740698
        var: 0.000398001837311
    hfc:
        dmean: 4.96359586716
        dmean2: 8.22821998596
        dvar: 83.7802200317
        dvar2: 217.639984131
        max: 64.8891601562
        mean: 7.90844345093
        min: 0.58174353838
        var: 84.243270874
    pitch:
        dmean: 1132.50695801
        dmean2: 2181.4765625
        dvar: 2000942.875
        dvar2: 5103476
        max: 4009.09082031
        mean: 1188.54223633
        min: 82.7392120361
        var: 2007993.5
    pitch_instantaneous_confidence:
        dmean: 0.0748459398746
        dmean2: 0.121030300856
        dvar: 0.0041757626459
        dvar2: 0.0105990907177
        max: 0.720267117023
        mean: 0.321868568659
        min: 0.136888086796
        var: 0.0108265690506
    pitch_salience:
        dmean: 0.0639946088195
        dmean2: 0.107864908874
        dvar: 0.00330414716154
        dvar2: 0.00812395475805
        max: 0.886340796947
        mean: 0.670464932919
        min: 0.463760674
        var: 0.00563521869481
    silence_rate_20dB:
        dmean: 0
        dmean2: 0
        dvar: 0
        dvar2: 0
        max: 1
        mean: 1
        min: 1
        var: 0
    silence_rate_30dB:
        dmean: 0
        dmean2: 0
        dvar: 0
        dvar2: 0
        max: 1
        mean: 1
        min: 1
        var: 0
    silence_rate_60dB:
        dmean: 0.162790700793
        dmean2: 0.324009329081
        dvar: 0.136289864779
        dvar2: 0.25166040659
        max: 1
        mean: 0.547563791275
        min: 0
        var: 0.247737288475
    spectral_centroid:
        dmean: 388.560791016
        dmean2: 642.696105957
        dvar: 151687.171875
        dvar2: 409116.40625
        max: 3088.07348633
        mean: 1722.43591309
        min: 466.228118896
        var: 311078.65625
    spectral_complexity:
        dmean: 5.61305379868
        dmean2: 8.271027565
        dvar: 40.1812400818
        dvar2: 81.4966125488
        max: 46
        mean: 14.5906972885
        min: 0
        var: 106.534790039
    spectral_crest:
        dmean: 1.66181075573
        dmean2: 2.77486395836
        dvar: 1.97053539753
        dvar2: 5.57626819611
        max: 12.3750486374
        mean: 5.87552785873
        min: 2.3471300602
        var: 3.96280145645
    spectral_decrease:
        dmean: 3.89574372761e-10
        dmean2: 6.0779153932e-10
        dvar: 3.87332465857e-19
        dvar2: 9.27206290753e-19
        max: -4.49561152194e-11
        mean: -8.51127279766e-10
        min: -4.51707071747e-09
        var: 4.75181761097e-19
    spectral_energy:
        dmean: 0.00190495583229
        dmean2: 0.00296402280219
        dvar: 9.83107292996e-06
        dvar2: 2.42303431151e-05
        max: 0.0217195041478
        mean: 0.00392967090011
        min: 0.000234842256759
        var: 1.16091696327e-05
    spectral_energyband_high:
        dmean: 0.000332152238116
        dmean2: 0.00057340139756
        dvar: 4.42624497055e-07
        dvar2: 1.19534206533e-06
        max: 0.00485920347273
        mean: 0.000459506409243
        min: 9.44039038586e-06
        var: 4.03034448482e-07
    spectral_energyband_low:
        dmean: 0.000154366905917
        dmean2: 0.000270197720965
        dvar: 3.86867675672e-08
        dvar2: 1.11081256193e-07
        max: 0.00155167444609
        mean: 0.000273123092484
        min: 2.86650873704e-07
        var: 4.95307794779e-08
    spectral_energyband_middle_high:
        dmean: 0.0012036197586
        dmean2: 0.00195616181009
        dvar: 4.47780757895e-06
        dvar2: 1.16093806355e-05
        max: 0.0161748807877
        mean: 0.00196914281696
        min: 0.000144814490341
        var: 4.67494965051e-06
    spectral_energyband_middle_low:
        dmean: 0.000566400645766
        dmean2: 0.000875499157701
        dvar: 8.59625174598e-07
        dvar2: 2.05085916605e-06
        max: 0.00809379480779
        mean: 0.00122788618319
        min: 2.34046183323e-05
        var: 9.87099156191e-07
    spectral_flatness_db:
        dmean: 0.0136123057455
        dmean2: 0.0205623228103
        dvar: 0.000138655537739
        dvar2: 0.000350477843313
        max: 0.238903447986
        mean: 0.127543404698
        min: 0.0607777349651
        var: 0.000462540920125
    spectral_flux:
        dmean: 0.0111582772806
        dmean2: 0.0167371444404
        dvar: 0.00025873168488
        dvar2: 0.000487505079946
        max: 0.135504037142
        mean: 0.0383941531181
        min: 0.0124231195077
        var: 0.000440533243818
    spectral_kurtosis:
        dmean: 1.0660380125
        dmean2: 1.84899365902
        dvar: 1.96332108974
        dvar2: 5.26151514053
        max: 15.4706687927
        mean: 3.17223477364
        min: 0.985533952713
        var: 2.17986011505
    spectral_rms:
        dmean: 0.000407139974413
        dmean2: 0.000617998011876
        dvar: 2.99555580341e-07
        dvar2: 7.00280054389e-07
        max: 0.00460323365405
        mean: 0.0018313358305
        min: 0.000478658941574
        var: 4.8003187203e-07
    spectral_rolloff:
        dmean: 413.547698975
        dmean2: 710.947631836
        dvar: 222788.328125
        dvar2: 512062.71875
        max: 4608.10546875
        mean: 3353.67163086
        min: 495.263671875
        var: 511812.84375
    spectral_skewness:
        dmean: 0.182924762368
        dmean2: 0.308044552803
        dvar: 0.0392422638834
        dvar2: 0.101754702628
        max: 2.51868057251
        mean: 1.31321763992
        min: 0.596437990665
        var: 0.058843370527
    spectral_spread:
        dmean: 469885.34375
        dmean2: 623167.375
        dvar: 221321396224
        dvar2: 393981493248
        max: 8617765
        mean: 4777916
        min: 2001317.375
        var: 1.25781409792e+12
    spectral_strongpeak:
        dmean: 0.385178655386
        dmean2: 0.683426916599
        dvar: 0.404518544674
        dvar2: 1.08713376522
        max: 4.51930046082
        mean: 0.475087106228
        min: 0.00802372395992
        var: 0.474630653858
    zerocrossingrate:
        dmean: 0.00893816445023
        dmean2: 0.0101660611108
        dvar: 5.88471448282e-05
        dvar2: 6.79432123434e-05
        max: 0.140625
        mean: 0.0978640541434
        min: 0.03515625
        var: 0.000443739554612
    barkbands:
        dmean: [1.05959622942e-06, 7.56253502914e-05, 0.000121530785691, 8.65367037477e-05, 0.000326508452417, 8.93812975846e-05, 0.000114576178021, 6.4670748543e-05, 0.000126667917357, 3.41150007444e-05, 4.76452587463e-05, 4.39784380433e-05, 5.47979070689e-05, 4.02645891882e-05, 6.46889529889e-05, 0.000117890944239, 0.000210280690226, 0.000427515798947, 0.000308591057546, 0.000319291779306, 0.000140507720062, 4.97618966619e-05, 6.5085391725e-06, 1.68576821125e-06, 1.31184663132e-06, 2.78222405115e-08, 2.50672704816e-10]
        dmean2: [1.11947997539e-06, 0.000119764568808, 0.0002137581032, 0.000155074856593, 0.000530610093847, 0.000146562466398, 0.000186957273399, 0.000108448570245, 0.00019360963779, 5.7514575019e-05, 8.0258527305e-05, 7.33541164664e-05, 9.17015422601e-05, 7.03421828803e-05, 0.000108116299089, 0.000196232766029, 0.00035948868026, 0.000731809937861, 0.000530383375008, 0.000560060783755, 0.000238799781073, 8.86310008354e-05, 1.10720666271e-05, 2.72338343166e-06, 2.07117932405e-06, 4.40598277862e-08, 4.09500461318e-10]
        dvar: [2.11331603259e-12, 1.14222000747e-08, 2.46593572228e-08, 1.12351816739e-08, 4.16602233599e-07, 2.65872941441e-08, 2.86728827348e-08, 9.53346734889e-09, 2.4305350621e-08, 2.30248442534e-09, 5.5952775746e-09, 5.47778356008e-09, 4.85159823427e-09, 2.81945466973e-09, 1.04922603938e-08, 4.67407339499e-08, 1.45382117012e-07, 6.68978998419e-07, 3.54292325255e-07, 4.24850696845e-07, 6.46566036266e-08, 9.35520372281e-09, 1.08126528564e-10, 8.48689955119e-12, 2.44925390733e-12, 1.21631676e-15, 1.57555035147e-18]
        dvar2: [2.65931612668e-12, 2.99639353329e-08, 7.35155438747e-08, 3.28863194454e-08, 1.05389847249e-06, 6.22483824486e-08, 7.35646068506e-08, 2.51806699936e-08, 6.01655116839e-08, 6.14572437385e-09, 1.50157166701e-08, 1.40764697676e-08, 1.26907222509e-08, 8.05233835166e-09, 2.84590555566e-08, 1.20093446299e-07, 3.91875232708e-07, 1.73224498212e-06, 9.33122521474e-07, 1.15056332106e-06, 1.75268297653e-07, 2.49761082927e-08, 2.82431050769e-10, 2.15774568352e-11, 6.10675746082e-12, 2.7159181835e-15, 1.80863930154e-18]
        max: [1.1556249774e-05, 0.000757765839808, 0.00112703430932, 0.000865386915393, 0.00558891845867, 0.00222888332792, 0.00165549316444, 0.00079545576591, 0.00142524507828, 0.000552605779376, 0.000745349214412, 0.0010284477612, 0.00062573706964, 0.000479598762468, 0.000790129299276, 0.00220294995233, 0.00367858121172, 0.00700145540759, 0.00546325836331, 0.00443184422329, 0.00185870833229, 0.000638418889139, 6.64380495436e-05, 2.39907949435e-05, 1.24438038256e-05, 2.76495654816e-07, 2.5680446214e-08]
        mean: [1.63101390172e-06, 0.000103197446151, 0.000168309707078, 0.000118941396067, 0.000366358435713, 0.000152812892338, 0.000187942612683, 0.000108354877739, 0.000281094369711, 5.73977995373e-05, 6.43411258352e-05, 7.17533985153e-05, 8.73391400091e-05, 6.84965634719e-05, 9.88058382063e-05, 0.000159128205269, 0.000271664786851, 0.000484797958052, 0.000411421206081, 0.000402330915676, 0.000194400097826, 5.29034186911e-05, 9.79493506748e-06, 3.62297441825e-06, 2.77567119156e-06, 5.6100354584e-08, 2.4298679735e-10]
        min: [6.67100041873e-10, 1.22276986758e-07, 1.56400844276e-07, 3.06884601287e-07, 1.72363570528e-06, 1.08964093215e-06, 1.97486679099e-06, 9.09670973215e-07, 2.00090084945e-06, 2.68903522738e-06, 1.16308433462e-06, 1.73939486103e-06, 1.92174297808e-06, 4.72622360803e-07, 2.48475271292e-06, 2.7635396691e-06, 4.63468404632e-06, 6.99956581229e-06, 9.41481812333e-06, 7.78077173891e-06, 3.4376671465e-06, 8.2029839632e-07, 8.30665456419e-08, 2.15690807437e-08, 1.02821413606e-08, 2.03315836389e-10, 3.83462440403e-13]
        var: [6.24877493499e-12, 1.4983314145e-08, 2.7911628564e-08, 1.47544989559e-08, 3.99326609113e-07, 3.616691302e-08, 4.35674856192e-08, 1.48781857945e-08, 7.73584858393e-08, 3.14814063707e-09, 6.07829342414e-09, 7.5058057547e-09, 6.93787871597e-09, 3.70276054262e-09, 1.21022472044e-08, 4.92622618253e-08, 1.4955033123e-07, 5.93736274368e-07, 3.18459939308e-07, 3.67469368712e-07, 6.21263538392e-08, 6.89545398558e-09, 1.23830140586e-10, 1.42033199438e-11, 7.36758137138e-12, 3.33087807926e-15, 1.59525524123e-18]
    mfcc:
        mean: [-703.662597656, 103.258613586, -46.3183670044, 53.9358711243, -14.0281009674, -5.34418678284, 2.30996441841, -3.74057555199, 1.37438118458, -0.915930390358, 2.59998011589, -1.31356525421, -4.49881982803]
        cov: [[2125.90405273, -947.165283203, 14.5816993713, -38.4037246704, -82.330619812, -141.261489868, -120.932785034, -19.2889595032, -72.1351242065, -159.673690796, -123.005966187, -56.2590827942, -62.4374961853], [-947.165283203, 694.016662598, -76.2757263184, 53.6403808594, -0.179372861981, 87.4475097656, 31.9312953949, -0.571814537048, 1.39639258385, 45.2427330017, 31.7446136475, 32.1655654907, 32.0572280884], [14.5816993713, -76.2757263184, 241.674255371, -96.8053817749, 23.7174701691, -8.79895305634, 30.2393627167, -36.4211082458, -39.5663757324, -2.50569272041, 10.4380435944, 1.92763519287, 2.29693675041], [-38.4037246704, 53.6403808594, -96.8053817749, 169.080657959, 23.7021808624, 29.4174079895, -18.8332366943, 41.2064743042, 54.2144813538, 20.9970912933, 2.70421028137, -9.46457481384, -14.1093206406], [-82.330619812, -0.179372861981, 23.7174701691, 23.7021808624, 111.000205994, 27.2221126556, 27.8050498962, 23.9143371582, 52.868183136, 39.8673744202, 16.6400623322, -3.10188889503, -3.33548736572], [-141.261489868, 87.4475097656, -8.79895305634, 29.4174079895, 27.2221126556, 69.0262908936, 21.8331680298, 18.2999820709, 13.3352270126, 13.1246337891, 11.0325860977, -1.41805684566, -1.90036427975], [-120.932785034, 31.9312953949, 30.2393627167, -18.8332366943, 27.8050498962, 21.8331680298, 62.9377746582, 23.6887817383, 22.8346996307, 23.0128879547, 10.9729862213, 0.150963321328, 3.23088741302], [-19.2889595032, -0.571814537048, -36.4211082458, 41.2064743042, 23.9143371582, 18.2999820709, 23.6887817383, 81.9664993286, 72.5274276733, 33.0713005066, -2.6836938858, -30.557559967, -21.1842212677], [-72.1351242065, 1.39639258385, -39.5663757324, 54.2144813538, 52.868183136, 13.3352270126, 22.8346996307, 72.5274276733, 133.240570068, 76.9202880859, 2.28286290169, -37.0662574768, -25.195148468], [-159.673690796, 45.2427330017, -2.50569272041, 20.9970912933, 39.8673744202, 13.1246337891, 23.0128879547, 33.0713005066, 76.9202880859, 84.1033630371, 27.1882457733, -18.4038276672, -12.5424251556], [-123.005966187, 31.7446136475, 10.4380435944, 2.70421028137, 16.6400623322, 11.0325860977, 10.9729862213, -2.6836938858, 2.28286290169, 27.1882457733, 65.5230789185, 30.2151737213, 15.0596656799], [-56.2590827942, 32.1655654907, 1.92763519287, -9.46457481384, -3.10188889503, -1.41805684566, 0.150963321328, -30.557559967, -37.0662574768, -18.4038276672, 30.2151737213, 70.0765304565, 40.0186882019], [-62.4374961853, 32.0572280884, 2.29693675041, -14.1093206406, -3.33548736572, -1.90036427975, 3.23088741302, -21.1842212677, -25.195148468, -12.5424251556, 15.0596656799, 40.0186882019, 52.188747406]]
        icov: [[0.0016543661477, 0.00209548766725, 0.000253588106716, -0.000149918167153, 0.000268941308605, -7.24588653611e-06, 0.00123836076818, -0.000504155003, 0.00036405530409, 0.00105475971941, 0.00132194010075, -0.000380866316846, 0.00071584089892], [0.00209548766725, 0.00478117540479, 0.00100402499083, -0.000568671210203, 0.00118047662545, -0.00259821931832, 0.000824807677418, -0.000120783792227, 0.00183508207556, -0.00155534478836, 0.00262743979692, -0.00120095117018, -7.22022305126e-05], [0.000253588106716, 0.00100402499083, 0.00680044479668, 0.00256070797332, -0.00221990793943, 8.73836979736e-05, -0.00286445650272, 0.00230644852854, 0.00255163176917, -0.00124567898456, -0.000578551203944, 0.00152796134353, 0.000982283148915], [-0.000149918167153, -0.000568671210203, 0.00256070797332, 0.0105026587844, -0.00178623641841, -0.00363794970326, 0.00563685456291, -0.00264050066471, -0.00281785312109, 0.00113343913108, -0.000851233722642, -0.00155532173812, 0.0015795318177], [0.000268941308605, 0.00118047662545, -0.00221990793943, -0.00178623641841, 0.0145595846698, -0.00465042330325, -0.00262879673392, 0.0023998816032, -0.005979353562, -0.00103453255724, -0.000392879825085, -0.00191514554899, -0.000443842640379], [-7.24588653611e-06, -0.00259821931832, 8.73836979736e-05, -0.00363794970326, -0.00465042330325, 0.0234405957162, -0.00650358293205, -0.00279451906681, 0.00326228607446, 0.00256291078404, -0.00315970904194, 0.00267516123131, 0.00147585594095], [0.00123836076818, 0.000824807677418, -0.00286445650272, 0.00563685456291, -0.00262879673392, -0.00650358293205, 0.0293641667813, -0.0114619378, 0.00100707786623, -0.00380872189999, 0.00248045823537, -0.00410890253261, -0.00224455283023], [-0.000504155003, -0.000120783792227, 0.00230644852854, -0.00264050066471, 0.0023998816032, -0.00279451906681, -0.0114619378, 0.0331114567816, -0.0181441009045, 0.00964324362576, -0.00548626109958, 0.00796439033002, 0.00189141067676], [0.00036405530409, 0.00183508207556, 0.00255163176917, -0.00281785312109, -0.005979353562, 0.00326228607446, 0.00100707786623, -0.0181441009045, 0.0366345532238, -0.0274942331016, 0.0103421369568, -0.00133820786141, -0.000136235947139], [0.00105475971941, -0.00155534478836, -0.00124567898456, 0.00113343913108, -0.00103453255724, 0.00256291078404, -0.00380872189999, 0.00964324362576, -0.0274942331016, 0.0460203774273, -0.0199047382921, 0.0110637089238, 0.00180248229299], [0.00132194010075, 0.00262743979692, -0.000578551203944, -0.000851233722642, -0.000392879825085, -0.00315970904194, 0.00248045823537, -0.00548626109958, 0.0103421369568, -0.0199047382921, 0.0320454798639, -0.0170093569905, 0.00124726782087], [-0.000380866316846, -0.00120095117018, 0.00152796134353, -0.00155532173812, -0.00191514554899, 0.00267516123131, -0.00410890253261, 0.00796439033002, -0.00133820786141, 0.0110637089238, -0.0170093569905, 0.0381325334311, -0.019062615931], [0.00071584089892, -7.22022305126e-05, 0.000982283148915, 0.0015795318177, -0.000443842640379, 0.00147585594095, -0.00224455283023, 0.00189141067676, -0.000136235947139, 0.00180248229299, 0.00124726782087, -0.019062615931, 0.0360027104616]]
    spectral_contrast:
        mean: [3.58292794544e-07, 2.91685893217e-07, 4.26099575179e-07, 3.53382780816e-08, 1.1550132939e-07, 1.12625053728e-09, 2.52252402788e-06, -1.30977741719e-06, -1.56392886197e-07, -5.05086973135e-06, 4.39424866272e-06, 3.44875246583e-07]
        var: [0.00026070541935, 0.000606708636042, 0.00082932371879, 0.00150485581253, 0.00251049664803, 0.00335917668417, 0.0449476018548, 0.0825984627008, 0.136515289545, 0.184375867248, 0.252238452435, 1.28431212902]

rhythm:
    beats_loudness:
        dmean: 0.00587133457884
        dmean2: 0.0112982327119
        dvar: 1.62958294823e-05
        dvar2: 5.35165017936e-05
        max: 0.0219286158681
        mean: 0.00713500799611
        min: 0.00173080957029
        var: 1.93379128177e-05
    beats_loudness_bass:
        dmean: 0.111059546471
        dmean2: 0.214236363769
        dvar: 0.00770806754008
        dvar2: 0.0227240994573
        max: 0.299228072166
        mean: 0.0796499028802
        min: 0.00429657567292
        var: 0.00700910808519
    bpm: 147.934066772
    bpm_confidence: 0
    first_peak_bpm: 148
    first_peak_spread: 0
    first_peak_weight: 0.958333313465
    onset_rate: 4.81020927429
    second_peak_bpm: 136
    second_peak_spread: 0
    second_peak_weight: 0.0416666679084
    beats_position: [0.0480248071253, 0.454101324081, 0.860177874565, 1.26625442505, 1.67233097553, 2.07840752602, 2.48448419571, 2.89056062698, 3.29663729668, 3.70271348953, 4.10878992081, 4.51486635208, 4.92094278336, 5.32701921463, 5.7330956459, 6.17499399185, 6.58044910431, 6.9859046936, 7.3913602829, 7.79681539536, 8.20227050781, 8.60772609711, 9.0131816864, 9.41863632202, 9.82409095764]
    bpm_estimates: [147.778564453, 147.794158936, 147.69354248, 148.011505127, 147.777709961, 148.080673218, 147.893722534, 148.238143921, 149.089630127, 147.703979492, 147.786743164, 147.77571106, 147.783157349, 147.66947937]
    bpm_intervals: [0.406076520681, 0.406076550484, 0.406076550484, 0.406076550484, 0.406076550484, 0.406076669693, 0.406076431274, 0.406076669693, 0.406076192856, 0.406076431274, 0.406076431274, 0.406076431274, 0.406076431274, 0.406076431274, 0.441898345947, 0.405455112457, 0.405455589294, 0.405455589294, 0.405455112457, 0.405455112457, 0.405455589294, 0.405455589294, 0.40545463562, 0.40545463562]
    onset_times: [0.0348299331963, 0.243809521198, 0.46439909935, 0.650158703327, 0.847528338432, 1.05650794506, 1.26548755169, 1.46285712719, 1.64861679077, 2.07818603516, 2.3916554451, 2.48453521729, 2.69351482391, 2.89088439941, 3.09986400604, 3.29723358154, 3.50621318817, 3.7151927948, 3.9125623703, 4.12154197693, 4.33052158356, 4.52789115906, 4.65560102463, 4.74848079681, 4.93424034119, 5.07356023788, 5.16644001007, 5.25931978226, 5.74693870544, 5.95591831207, 6.1648979187, 6.3622674942, 6.57124710083, 6.76861667633, 6.97759628296, 7.18657588959, 7.38394546509, 7.59292507172, 7.79029464722, 7.98766422272, 8.19664382935, 8.40562343597, 8.6146030426, 9.02095222473, 9.21832180023, 9.42730140686, 9.62467098236, 9.83365058899]
    rubato_start: []
    rubato_stop: []
    perceptual_tempo: "unknown"

sfx:
    inharmonicity:
        dmean: 0.0509262271225
        dmean2: 0.0895764827728
        dvar: 0.00278814625926
        dvar2: 0.0078814830631
        max: 0.340054094791
        mean: 0.0593859478831
        min: 0.00020641348965
        var: 0.00307224923745
    oddtoevenharmonicenergyratio:
        dmean: 3.57306551933
        dmean2: 6.01672887802
        dvar: 503.16696167
        dvar2: 1182.47644043
        max: 376.844146729
        mean: 2.66848516464
        min: 0.00218140566722
        var: 422.071807861
    pitch_after_max_to_before_max_energy_ratio: 4.99498748779
    pitch_centroid: 194.556152344
    pitch_max_to_total: 0.172093018889
    pitch_min_to_total: 0.918604671955
    tristimulus:
        dmean: [0.179688408971, 0.238816142082, 0.147060871124]
        dmean2: [0.307378381491, 0.411352843046, 0.259014338255]
        dvar: [0.0213038548827, 0.0358642600477, 0.0157315954566]
        dvar2: [0.0581618174911, 0.0996517539024, 0.0430511571467]
        max: [0.88442581892, 0.960808932781, 0.692605257034]
        mean: [0.339392870665, 0.454745620489, 0.15545527637]
        min: [0.0139185870066, 0, 0]
        var: [0.0370251722634, 0.0549764148891, 0.0211892034858]

tonal:
    chords_changes_rate: 0.0648148134351
    chords_number_rate: 0.0324074067175
    chords_strength:
        dmean: 0.0109749147668
        dmean2: 0.00993263162673
        dvar: 0.000100554039818
        dvar2: 8.12880389276e-05
        max: 0.700043678284
        mean: 0.550089716911
        min: 0.332867562771
        var: 0.0120367305353
    key_strength: 0.679130971432
    tuning_diatonic_strength: 0.587698400021
    tuning_equal_tempered_deviation: 0.131237193942
    tuning_frequency: 441.272583008
    tuning_nontempered_energy_ratio: 0.773194670677
    hpcp:
        dmean: [0.193078681827, 0.163274437189, 0.155733123422, 0.129397332668, 0.174120590091, 0.193138703704, 0.196708112955, 0.199106007814, 0.176492244005, 0.126480042934, 0.104647837579, 0.113768965006, 0.112168520689, 0.116364218295, 0.155198484659, 0.185371249914, 0.183659702539, 0.134636163712, 0.123207174242, 0.125344306231, 0.159654572606, 0.18690314889, 0.16441437602, 0.155945926905, 0.204480260611, 0.177722364664, 0.134003296494, 0.137110859156, 0.147801011801, 0.128854081035, 0.114221669734, 0.123551473022, 0.185473367572, 0.189459294081, 0.178660899401, 0.193905308843]
        dmean2: [0.324387699366, 0.279075503349, 0.271079868078, 0.221792861819, 0.307207584381, 0.325595647097, 0.337820023298, 0.335805803537, 0.30237185955, 0.213952377439, 0.175706520677, 0.194880113006, 0.19547098875, 0.205298617482, 0.270124405622, 0.308091074228, 0.311116248369, 0.229265585542, 0.21695971489, 0.221349686384, 0.273106276989, 0.324765086174, 0.279751241207, 0.250767707825, 0.335254013538, 0.296386420727, 0.220805779099, 0.229676827788, 0.252849400043, 0.224094688892, 0.194535017014, 0.215037479997, 0.30603569746, 0.314961373806, 0.310032188892, 0.342832684517]
        dvar: [0.0442896895111, 0.0301870796829, 0.0326404087245, 0.0177233312279, 0.0409328341484, 0.0237978007644, 0.0353121124208, 0.0284328088164, 0.0407551229, 0.0240077655762, 0.0167821515352, 0.0262335259467, 0.0198859833181, 0.02085291408, 0.0336461737752, 0.032026682049, 0.03539038077, 0.0286192782223, 0.0259953122586, 0.0212379358709, 0.0217811614275, 0.034746196121, 0.0218249149621, 0.0227101370692, 0.0458275452256, 0.033647544682, 0.0149237038568, 0.0152967134491, 0.0212864726782, 0.0226361509413, 0.0155191896483, 0.0166500154883, 0.0345750786364, 0.0310623738915, 0.0354450717568, 0.0444031022489]
        dvar2: [0.117985419929, 0.0876809433103, 0.100576899946, 0.0540057457983, 0.119400039315, 0.0705764442682, 0.0959341302514, 0.0759563818574, 0.108504258096, 0.0569647587836, 0.0431084893644, 0.0719475373626, 0.053183183074, 0.0577446855605, 0.0982954502106, 0.0901169255376, 0.105689533055, 0.0782117843628, 0.0671547204256, 0.0636251717806, 0.0596298463643, 0.093450807035, 0.0648556575179, 0.0558721646667, 0.0991936475039, 0.0785520672798, 0.0360850058496, 0.0347569286823, 0.053051751107, 0.0597073324025, 0.0349297821522, 0.045875325799, 0.0948030054569, 0.0741618350148, 0.0905718207359, 0.113312490284]
        max: [1, 1, 1, 0.862922370434, 1, 1, 1, 1, 1, 1, 0.730504930019, 1, 0.834984481335, 1, 1, 1, 1, 1, 1, 1, 1, 1, 1, 0.943632423878, 1, 1, 1, 1, 1, 1, 1, 1, 1, 1, 1, 1]
        mean: [0.286518514156, 0.278798818588, 0.240648269653, 0.199896752834, 0.236851081252, 0.392206192017, 0.589178621769, 0.50958532095, 0.290848165751, 0.191077396274, 0.161239936948, 0.166118517518, 0.164754807949, 0.170599624515, 0.243841201067, 0.328318357468, 0.28733715415, 0.219136580825, 0.200277388096, 0.188466846943, 0.333683758974, 0.506201446056, 0.365457713604, 0.238613262773, 0.280263572931, 0.251256644726, 0.224000617862, 0.258142232895, 0.246243581176, 0.201326578856, 0.19493752718, 0.208477333188, 0.300154149532, 0.342803001404, 0.279227048159, 0.274438351393]
        min: [0.0216479282826, 0.0190496817231, 0.0203569140285, 0.0072956266813, 0.0103047564626, 0.0329101197422, 0.0422961004078, 0.0416576713324, 0.030007334426, 0.00392623618245, 0.00546431029215, 0.00736753549427, 0.00700767803937, 0.00842044409364, 0.0175252463669, 0.0142126986757, 0.00836575124413, 0.0217752493918, 0.0108457971364, 0.00868074223399, 0.0375510975718, 0.0441603474319, 0.0265910439193, 0.0101198004559, 0.00422217044979, 0.00604928424582, 0.0103522259742, 0.01022949256, 0.0173401441425, 0.00951103121042, 0.0139379873872, 0.0122974542901, 0.01336705219, 0.0189399626106, 0.0204572491348, 0.0130696678534]
        var: [0.0644870996475, 0.0509133823216, 0.0430311150849, 0.0258516389877, 0.0403897725046, 0.0538795478642, 0.0994177982211, 0.080373339355, 0.0450676716864, 0.0358789898455, 0.0218026880175, 0.0259268637747, 0.0243114568293, 0.0213968753815, 0.0396560765803, 0.0722341611981, 0.062736697495, 0.0343623869121, 0.0400476939976, 0.034336976707, 0.0442086234689, 0.109647929668, 0.0595487914979, 0.0364929996431, 0.0742715895176, 0.0555693767965, 0.0350292362273, 0.0434085465968, 0.0342458598316, 0.0308561772108, 0.0375075340271, 0.021372096613, 0.052558735013, 0.0596181340516, 0.0507048629224, 0.0560202896595]
    chords_histogram: [48.148147583, 6.94444465637, 0, 0, 0, 0, 0, 0, 0, 0, 0, 0, 0, 14.3518514633, 0, 6.01851844788, 0, 20.3703708649, 0, 0, 0, 0, 2.77777767181, 1.38888883591]
    thpcp: [1, 0.86490803957, 0.493650227785, 0.324311494827, 0.273669034243, 0.281949341297, 0.279634743929, 0.28955501318, 0.413866341114, 0.557247579098, 0.48769107461, 0.371935725212, 0.339926421642, 0.319880664349, 0.56635415554, 0.859164655209, 0.62028336525, 0.404993087053, 0.475685238838, 0.4264523983, 0.380191355944, 0.438139170408, 0.417943835258, 0.341707199812, 0.330863207579, 0.35384401679, 0.50944507122, 0.581832051277, 0.473925977945, 0.465798228979, 0.486301600933, 0.473199129105, 0.408447057009, 0.3392803967, 0.402002155781, 0.665682971478]
    chords_key: "E"
    chords_scale: "major"
    key_key: "E"
    key_scale: "major"
    chords_progression: ["Dm", "Dm", "Dm", "Dm", "Dm", "Dm", "Dm", "Am", "Dm", "C#m", "C#m", "A", "A", "A", "C#m", "Am", "Am", "Am", "Am", "A", "A", "A", "Am", "Am", "Am", "Am", "Am", "Am", "Am", "Am", "E", "E", "E", "E", "E", "E", "E", "E", "E", "E", "E", "E", "E", "E", "E", "E", "E", "E", "E", "E", "E", "E", "E", "E", "E", "E", "E", "E", "E", "E", "E", "E", "E", "E", "E", "E", "E", "E", "E", "E", "E", "E", "E", "E", "E", "E", "E", "E", "E", "E", "E", "E", "E", "E", "E", "E", "E", "E", "E", "Dm", "Dm", "Dm", "Dm", "Dm", "Dm", "Dm", "Dm", "Dm", "Dm", "Dm", "Dm", "Dm", "Dm", "Dm", "Dm", "Dm", "Dm", "Dm", "Dm", "Dm", "Dm", "Dm", "G#m", "G#m", "G#m", "G#m", "G#m", "G#m", "G#m", "G#m", "G#m", "G#m", "G#m", "G#m", "G#m", "G#m", "G#m", "E", "E", "E", "E", "E", "E", "E", "E", "E", "E", "E", "E", "E", "E", "E", "E", "E", "E", "E", "E", "E", "E", "E", "Em", "Em", "Em", "Em", "Em", "Em", "Em", "Em", "Em", "Em", "Em", "Em", "Em", "Em", "Em", "Em", "Em", "Em", "Em", "Em", "Em", "Em", "Em", "Em", "Em", "Em", "Em", "Em", "Em", "Em", "Em", "Em", "Em", "Em", "Em", "Em", "Em", "Em", "Em", "Em", "Em", "Em", "Em", "Em", "E", "E", "E", "E", "E", "E", "E", "E", "E", "E", "E", "E", "E", "E", "E", "E", "E", "E", "E", "E", "E", "E"]
