
metadata:
    version:
        essentia: "1.2.2"
    audio_properties:
        analysis_sample_rate: 44100
        bitrate: 128
        channels: 2
        equal_loudness: 1
        length: 9.92653083801
        replay_gain: -11.9846820831
        downmix: "mix"
    tags:
        track: 4
        year: 0
        album: "Splitted by Mp3Splt v. 2.1"
        artist: "From 000.30 To 000.40"
        comment: "http://mp3splt.sf.net"
        genre: ""
        title: "12 Spottieottiedopaliscious.mp"

highlevel:
    ballroom:
        all:
            ChaChaCha: 0.211077392101
            Jive: 0.0689577385783
            Quickstep: 0.0129295131192
            Rumba-American: 0.00171344343107
            Rumba-International: 0.0097807655111
            Rumba-Misc: 0.00460821436718
            Samba: 0.686946570873
            Tango: 0.00182198837865
            VienneseWaltz: 0.00110866874456
            Waltz: 0.00105570058804
        probability: 0.686946570873
        value: "Samba"
    culture:
        all:
            non_western: 0.902592599392
            western: 0.0974073931575
        probability: 0.902592599392
        value: "non_western"
    gender:
        all:
            female: 0.934736251831
            male: 0.0652637481689
        probability: 0.934736251831
        value: "female"
    genre_dortmund:
        all:
            alternative: 0.00262501370162
            blues: 0.0022657206282
            electronic: 0.061614215374
            folkcountry: 0.00140514934901
            funksoulrnb: 0.00248444080353
            jazz: 0.00568617228419
            pop: 0.006103024818
            raphiphop: 0.894030570984
            rock: 0.0237857084721
        probability: 0.894030570984
        value: "raphiphop"
    genre_electronica:
        all:
            ambient: 0.134499847889
            dnb: 0.561037898064
            house: 0.0907617881894
            techno: 0.157411441207
            trance: 0.0562890321016
        probability: 0.561037898064
        value: "dnb"
    genre_rosamerica:
        all:
            cla: 0.001371996128
            dan: 0.0257311165333
            hip: 0.942947626114
            jaz: 0.00149543967564
            pop: 0.00841611251235
            rhy: 0.0125088784844
            roc: 0.00684709334746
            spe: 0.000681729754433
        probability: 0.942947626114
        value: "hip"
    genre_tzanetakis:
        all:
            blu: 0.00590640492737
            cla: 0.00393903069198
            cou: 0.00852525606751
            dis: 0.0194938704371
            hip: 0.260826945305
            jaz: 0.00555222155526
            met: 0.0071811536327
            pop: 0.37784409523
            reg: 0.302088439465
            roc: 0.00864258222282
        probability: 0.37784409523
        value: "pop"
    live_studio:
        all:
            live: 0.0120963342488
            studio: 0.987903654575
        probability: 0.987903654575
        value: "studio"
    mood:
        all:
            Cluster1: 0.359821021557
            Cluster2: 0.0863531455398
            Cluster3: 0.0376754589379
            Cluster4: 0.0511776059866
            Cluster5: 0.464972764254
        probability: 0.464972764254
        value: "Cluster5"
    mood_acoustic:
        all:
            acoustic: 0.014897656627
            not_acoustic: 0.98510235548
        probability: 0.98510235548
        value: "not_acoustic"
    mood_aggressive:
        all:
            aggressive: 0.232889309525
            not_aggressive: 0.767110705376
        probability: 0.767110705376
        value: "not_aggressive"
    mood_electronic:
        all:
            electronic: 0.878891527653
            not_electronic: 0.121108479798
        probability: 0.878891527653
        value: "electronic"
    mood_happy:
        all:
            happy: 0.141986936331
            not_happy: 0.858013093472
        probability: 0.858013093472
        value: "not_happy"
    mood_party:
        all:
            not_party: 0.199506089091
            party: 0.800493896008
        probability: 0.800493896008
        value: "party"
    mood_relaxed:
        all:
            not_relaxed: 0.939509570599
            relaxed: 0.0604904554784
        probability: 0.939509570599
        value: "not_relaxed"
    mood_sad:
        all:
            not_sad: 0.769899308681
            sad: 0.230100661516
        probability: 0.769899308681
        value: "not_sad"
    rhythm:
        all:
            fast: 0.263336956501
            medium: 0.723955333233
            slow: 0.0127077167854
        probability: 0.723955333233
        value: "medium"
    speech_music:
        all:
            music: 0.999957025051
            speech: 4.29985775554e-05
        probability: 0.999957025051
        value: "music"
    timbre:
        all:
            bright: 0.0389759838581
            dark: 0.96102398634
        probability: 0.96102398634
        value: "dark"
    voice_instrumental:
        all:
            instrumental: 0.056423727423
            voice: 0.943576276302
        probability: 0.943576276302
        value: "voice"

lowlevel:
    average_loudness: 0.974465072155
    barkbands_kurtosis:
        dmean: 2.76065945625
        dmean2: 4.31760263443
        dvar: 32.5434417725
        dvar2: 72.411529541
        max: 109.172065735
        mean: 2.04264545441
        min: -1.88837051392
        var: 80.3212280273
    barkbands_skewness:
        dmean: 0.72056388855
        dmean2: 1.07034361362
        dvar: 0.506191432476
        dvar2: 1.17312192917
        max: 9.5732421875
        mean: 0.59580540657
        min: -3.43519902229
        var: 2.3357963562
    barkbands_spread:
        dmean: 7.93939495087
        dmean2: 12.5000391006
        dvar: 62.964176178
        dvar2: 146.143875122
        max: 78.6873397827
        mean: 30.8413219452
        min: 1.20689070225
        var: 199.306869507
    dissonance:
        dmean: 0.0215091835707
        dmean2: 0.0361398607492
        dvar: 0.000761180068366
        dvar2: 0.0016910090344
        max: 0.498470544815
        mean: 0.461913406849
        min: 0.184190973639
        var: 0.00120740593411
    hfc:
        dmean: 2.63447785378
        dmean2: 4.34376478195
        dvar: 67.8001480103
        dvar2: 186.553161621
        max: 82.2794952393
        mean: 3.71139574051
        min: 0.0453228764236
        var: 52.49766922
    pitch:
        dmean: 707.464477539
        dmean2: 1340.2467041
        dvar: 1209219.375
        dvar2: 3189079
        max: 4900
        mean: 981.001098633
        min: 53.3252716064
        var: 1415938.25
    pitch_instantaneous_confidence:
        dmean: 0.121818423271
        dmean2: 0.190444588661
        dvar: 0.0107579538599
        dvar2: 0.0230886097997
        max: 0.951715111732
        mean: 0.436739146709
        min: 0.118167936802
        var: 0.0329271294177
    pitch_salience:
        dmean: 0.0870318934321
        dmean2: 0.138913840055
        dvar: 0.00529015995562
        dvar2: 0.0138576850295
        max: 0.844679057598
        mean: 0.564156591892
        min: 0.0774276405573
        var: 0.0157614164054
    silence_rate_20dB:
        dmean: 0
        dmean2: 0
        dvar: 0
        dvar2: 0
        max: 1
        mean: 1
        min: 1
        var: 0
    silence_rate_30dB:
        dmean: 0
        dmean2: 0
        dvar: 0
        dvar2: 0
        max: 1
        mean: 1
        min: 1
        var: 0
    silence_rate_60dB:
        dmean: 0.159250587225
        dmean2: 0.316901415586
        dvar: 0.133889570832
        dvar2: 0.249338164926
        max: 1
        mean: 0.75
        min: 0
        var: 0.1875
    spectral_centroid:
        dmean: 331.110290527
        dmean2: 502.686645508
        dvar: 128269.820312
        dvar2: 252963.734375
        max: 4074.24633789
        mean: 1281.12133789
        min: 170.506134033
        var: 495633.5
    spectral_complexity:
        dmean: 3.10823535919
        dmean2: 4.96698093414
        dvar: 28.8400535583
        dvar2: 65.1687011719
        max: 49
        mean: 6.75117349625
        min: 0
        var: 45.1587333679
    spectral_crest:
        dmean: 2.91828846931
        dmean2: 4.82874822617
        dvar: 7.62696409225
        dvar2: 20.1926307678
        max: 23.8169803619
        mean: 8.97116374969
        min: 2.48183321953
        var: 15.438495636
    spectral_decrease:
        dmean: 4.3357217816e-10
        dmean2: 7.21925186298e-10
        dvar: 9.11934055103e-19
        dvar2: 2.47007546001e-18
        max: -1.05906290682e-11
        mean: -6.28313179263e-10
        min: -6.88674450799e-09
        var: 7.36487547916e-19
    spectral_energy:
        dmean: 0.00186066608876
        dmean2: 0.00309412460774
        dvar: 1.82106196007e-05
        dvar2: 4.95605054311e-05
        max: 0.033455196768
        mean: 0.00270803342573
        min: 4.68899452244e-05
        var: 1.44807872857e-05
    spectral_energyband_high:
        dmean: 0.000162463256856
        dmean2: 0.000266044487944
        dvar: 3.98417000724e-07
        dvar2: 1.08749395622e-06
        max: 0.00715937279165
        mean: 0.000145615500514
        min: 1.91262344629e-07
        var: 2.80667507013e-07
    spectral_energyband_low:
        dmean: 0.000597976380959
        dmean2: 0.00103355094325
        dvar: 1.69530483163e-06
        dvar2: 4.67588233732e-06
        max: 0.00722665945068
        mean: 0.000665599887725
        min: 8.77612706063e-07
        var: 1.44508931044e-06
    spectral_energyband_middle_high:
        dmean: 0.000822291360237
        dmean2: 0.00138402916491
        dvar: 5.59196269023e-06
        dvar2: 1.55200705194e-05
        max: 0.0206536389887
        mean: 0.00118047208525
        min: 8.15031580714e-06
        var: 4.72574811283e-06
    spectral_energyband_middle_low:
        dmean: 0.000562464643735
        dmean2: 0.000942286336794
        dvar: 1.74631077243e-06
        dvar2: 4.47668480774e-06
        max: 0.00976270064712
        mean: 0.000716230773833
        min: 1.21557559396e-05
        var: 1.48806441302e-06
    spectral_flatness_db:
        dmean: 0.0260919518769
        dmean2: 0.0392079129815
        dvar: 0.000532965874299
        dvar2: 0.00117303838488
        max: 0.343819648027
        mean: 0.157798171043
        min: 0.0713577643037
        var: 0.00195550615899
    spectral_flux:
        dmean: 0.0120134036988
        dmean2: 0.0199279356748
        dvar: 0.000374076364096
        dvar2: 0.000746196717955
        max: 0.159344822168
        mean: 0.0323133431375
        min: 0.00446965778247
        var: 0.000594609824475
    spectral_kurtosis:
        dmean: 1.85643255711
        dmean2: 2.8755440712
        dvar: 5.81690502167
        dvar2: 12.7411880493
        max: 31.1995391846
        mean: 4.866147995
        min: 0.00164818763733
        var: 12.221572876
    spectral_rms:
        dmean: 0.00043509848183
        dmean2: 0.000684505212121
        dvar: 4.63786165028e-07
        dvar2: 1.11413112336e-06
        max: 0.00571307400241
        mean: 0.00141961860936
        min: 0.000213883817196
        var: 6.26667656434e-07
    spectral_rolloff:
        dmean: 588.742736816
        dmean2: 979.099914551
        dvar: 579087.9375
        dvar2: 1117412.625
        max: 5663.23242188
        mean: 2361.06958008
        min: 129.19921875
        var: 1666012.5
    spectral_skewness:
        dmean: 0.264984458685
        dmean2: 0.409627854824
        dvar: 0.0783149600029
        dvar2: 0.179571479559
        max: 4.22932386398
        mean: 1.6971102953
        min: 0.690695285797
        var: 0.187445864081
    spectral_spread:
        dmean: 1162864
        dmean2: 1524144
        dvar: 1.53239591322e+12
        dvar2: 3.12084607795e+12
        max: 16206905
        mean: 5528350.5
        min: 1649079.125
        var: 5.15514564608e+12
    spectral_strongpeak:
        dmean: 0.402824878693
        dmean2: 0.681248724461
        dvar: 0.506757855415
        dvar2: 1.19658827782
        max: 7.56474685669
        mean: 0.506936848164
        min: 0
        var: 0.985861420631
    zerocrossingrate:
        dmean: 0.0112683819607
        dmean2: 0.0131640164182
        dvar: 0.000112819863716
        dvar2: 0.000142211196362
        max: 0.1796875
        mean: 0.0770567432046
        min: 0.01123046875
        var: 0.000983254169114
    barkbands:
        dmean: [2.30887485486e-06, 0.000304763118038, 0.00033443691791, 0.000125764781842, 0.000188739941223, 6.04101987847e-05, 0.000102150086605, 5.1098435506e-05, 0.000132665925776, 0.000186985053006, 5.6704684539e-05, 7.26728394511e-05, 6.07886831858e-05, 6.18312697043e-05, 8.6852502136e-05, 0.000139198091347, 0.000105435610749, 8.78904174897e-05, 0.000188673278899, 9.63017519098e-05, 7.78454195824e-05, 2.43721897277e-05, 3.54672943104e-06, 2.87179068437e-06, 2.64838581643e-06, 2.73534396911e-07, 5.69501112935e-10]
        dmean2: [3.59603131983e-06, 0.000544968759641, 0.000595372810494, 0.00020084278367, 0.000321283208905, 0.000103083024442, 0.000168939906871, 9.15481359698e-05, 0.000229275668971, 0.000340832106303, 0.000101343670394, 0.000125012898934, 0.000104332335468, 0.000102386547951, 0.000132122120704, 0.00021310109878, 0.000163763732417, 0.000150605934323, 0.000328964611981, 0.000166170822922, 0.000128040512209, 3.7662077375e-05, 5.30458328285e-06, 4.42186274086e-06, 4.05036780649e-06, 4.30812292507e-07, 9.27780408055e-10]
        dvar: [2.52918536808e-11, 4.27815336934e-07, 6.03287048762e-07, 9.45870795022e-08, 1.79245077447e-07, 4.03627851142e-08, 5.21114458252e-08, 1.89440623188e-08, 1.69291894281e-07, 6.36944662347e-07, 4.85997411204e-08, 3.39522543413e-08, 3.34224523613e-08, 2.41808777446e-08, 3.56398182078e-08, 7.29656903786e-08, 5.13805353819e-08, 6.97514863646e-08, 3.86734313906e-07, 1.63740125458e-07, 9.20348739442e-08, 4.04011624155e-09, 8.11144276747e-11, 3.71723693493e-11, 3.02058864032e-11, 3.94842578771e-13, 2.93374741647e-18]
        dvar2: [6.26474774834e-11, 1.22030030525e-06, 1.60809463523e-06, 2.00588857524e-07, 4.34148631712e-07, 1.14600204881e-07, 1.20582924978e-07, 5.27637205039e-08, 4.46459068826e-07, 1.82045175734e-06, 1.37780119758e-07, 9.10024624545e-08, 8.64456026761e-08, 6.60377565964e-08, 7.56161426807e-08, 1.49909197944e-07, 1.28200767335e-07, 1.93270153659e-07, 1.08138533506e-06, 4.57756982541e-07, 2.46407466875e-07, 9.85887194105e-09, 1.78847242571e-10, 8.37212174587e-11, 7.05851557758e-11, 9.68466843179e-13, 6.1640535582e-18]
        max: [5.75939920964e-05, 0.00417200289667, 0.0047401371412, 0.00243182200938, 0.00307857361622, 0.00223655859008, 0.00350254983641, 0.00134222616907, 0.0030114594847, 0.00772096402943, 0.00221176911145, 0.00148972868919, 0.00145421200432, 0.00125873030629, 0.00153126486111, 0.0044745770283, 0.00222844723612, 0.00236975308508, 0.00615471042693, 0.00406861072406, 0.0035955440253, 0.000658247852698, 9.95889349724e-05, 4.5420940296e-05, 3.98638185288e-05, 5.24994356965e-06, 3.06847915965e-08]
        mean: [2.65701919488e-06, 0.000332119845552, 0.000330939743435, 0.000123914214782, 0.000212476254092, 6.38144483673e-05, 0.000135196591145, 4.08974701713e-05, 0.000120531520224, 0.000135304842843, 4.06314138672e-05, 6.05935347266e-05, 5.80762389291e-05, 6.66981432005e-05, 0.000110143017082, 0.000217414170038, 0.000155919755343, 8.61772714416e-05, 0.00021917365666, 9.20226666494e-05, 6.86209095875e-05, 2.41669986281e-05, 4.24652716902e-06, 3.37717870025e-06, 2.67386690211e-06, 2.47132220466e-07, 5.94824467459e-10]
        min: [1.82007429961e-11, 1.17420732693e-07, 4.21035991849e-07, 2.28516086054e-07, 1.40730242038e-06, 6.123623848e-07, 4.08632843119e-07, 1.82598427045e-07, 3.82899969509e-07, 1.89661619743e-07, 5.9398153951e-08, 1.63374721751e-07, 1.79407038559e-07, 1.66958059822e-07, 3.25295161474e-07, 7.00877308191e-07, 6.83662619849e-07, 2.62980222487e-07, 5.23272547071e-07, 3.07703288627e-07, 1.14054628853e-07, 6.2752031349e-10, 4.56822091266e-09, 1.33058508656e-09, 8.33402125089e-10, 7.57803195195e-11, 5.72734541e-14]
        var: [2.69711909057e-11, 3.28927654891e-07, 5.10140239385e-07, 1.05823552587e-07, 1.56341158686e-07, 2.74133089562e-08, 1.22821660398e-07, 1.23118768514e-08, 1.25420584141e-07, 3.86445691447e-07, 2.94293158731e-08, 2.74357816465e-08, 2.85060455241e-08, 2.17060538432e-08, 5.70959990398e-08, 2.03189046033e-07, 9.56765191518e-08, 5.06344832729e-08, 2.78603749848e-07, 1.07132770211e-07, 6.68440449658e-08, 4.02611233241e-09, 9.93723367482e-11, 4.45844680619e-11, 3.37145589224e-11, 3.6518496018e-13, 5.22824717402e-18]
    mfcc:
        mean: [-774.733276367, 115.635940552, -34.0903129578, 53.2400131226, 6.98644208908, -1.02199041843, 2.6289191246, 1.93416655064, 9.19287014008, 4.54282999039, -2.88908529282, -3.04422044754, -0.757059216499]
        cov: [[4774.34667969, -1207.58544922, -275.121398926, -201.274978638, -172.552566528, 63.7406311035, -21.8061904907, -75.5632247925, 116.890815735, 89.8747787476, 119.048324585, -182.482315063, -67.6554946899], [-1207.58544922, 1336.77600098, -340.516479492, 36.0717582703, 66.5789642334, -15.5360088348, 20.6263141632, 35.0956878662, -59.6119651794, 0.609643816948, -36.5134391785, 106.774330139, 12.8029251099], [-275.121398926, -340.516479492, 927.81237793, 142.790512085, -5.57568979263, 51.382610321, 15.284280777, -28.7531890869, 7.90845537186, -72.9541702271, 28.549331665, 15.6150150299, 59.8662452698], [-201.274978638, 36.0717582703, 142.790512085, 322.78213501, 177.836746216, -27.168132782, -24.0953979492, 11.6172866821, 61.6039886475, 60.3223342896, 16.7447013855, 21.7834320068, 29.8849315643], [-172.552566528, 66.5789642334, -5.57568979263, 177.836746216, 334.255523682, 23.1967926025, 0.81645154953, 28.7764911652, 56.4311637878, 98.1854248047, 11.5750980377, 29.5933208466, 12.6009473801], [63.7406311035, -15.5360088348, 51.382610321, -27.168132782, 23.1967926025, 181.392959595, 66.0261688232, 19.6090526581, 30.0735263824, -39.8236961365, 22.1774616241, 10.4781923294, 20.2263183594], [-21.8061904907, 20.6263141632, 15.284280777, -24.0953979492, 0.81645154953, 66.0261688232, 150.376495361, 65.029914856, 1.5032544136, -21.0098571777, 3.52022838593, 15.1541061401, 3.01430726051], [-75.5632247925, 35.0956878662, -28.7531890869, 11.6172866821, 28.7764911652, 19.6090526581, 65.029914856, 113.613517761, 36.2746353149, 12.8220787048, -8.76624584198, 18.95586586, 15.462521553], [116.890815735, -59.6119651794, 7.90845537186, 61.6039886475, 56.4311637878, 30.0735263824, 1.5032544136, 36.2746353149, 123.292877197, 31.4465274811, 0.371108323336, -6.92362880707, 7.4878320694], [89.8747787476, 0.609643816948, -72.9541702271, 60.3223342896, 98.1854248047, -39.8236961365, -21.0098571777, 12.8220787048, 31.4465274811, 179.103546143, 29.1781845093, 3.43718624115, -14.0525388718], [119.048324585, -36.5134391785, 28.549331665, 16.7447013855, 11.5750980377, 22.1774616241, 3.52022838593, -8.76624584198, 0.371108323336, 29.1781845093, 99.2022857666, 19.7599811554, -4.66461753845], [-182.482315063, 106.774330139, 15.6150150299, 21.7834320068, 29.5933208466, 10.4781923294, 15.1541061401, 18.95586586, -6.92362880707, 3.43718624115, 19.7599811554, 94.2297973633, 43.2785568237], [-67.6554946899, 12.8029251099, 59.8662452698, 29.8849315643, 12.6009473801, 20.2263183594, 3.01430726051, 15.462521553, 7.4878320694, -14.0525388718, -4.66461753845, 43.2785568237, 84.8898773193]]
        icov: [[0.000342155166436, 0.000302682659822, 0.000228766948567, 6.59320576233e-05, 0.000148590450408, -8.89637740329e-05, -0.000130069325678, 0.000284596288111, -0.000282379885903, -0.00015029887436, -0.000378366559744, 0.000351961905835, -0.00020578216936], [0.000302682659822, 0.00128989119548, 0.000631967559457, -0.000392595509766, 0.000138367598993, -0.000306090398226, -7.70719852881e-05, 9.87999883364e-05, 0.000394851027522, 2.11158226193e-06, 0.000286943482934, -0.00107885664329, 0.000307669251924], [0.000228766948567, 0.000631967559457, 0.00168367137667, -0.00101058825385, 0.000414255307987, -0.000414213485783, -0.000398416392272, 0.000665000465233, 0.000126132348669, 0.000482550996821, -0.000404694932513, -5.61603192182e-05, -0.000739212380722], [6.59320576233e-05, -0.000392595509766, -0.00101058825385, 0.00597855448723, -0.00283728796057, 0.00212531653233, 6.05021741649e-05, 0.00036071887007, -0.00235530873761, 2.77488506981e-05, -0.0012976169819, 0.000812094833236, -0.00170632137451], [0.000148590450408, 0.000138367598993, 0.000414255307987, -0.00283728796057, 0.00549699598923, -0.00197213911451, 0.000180321221706, -0.000194066509721, -0.000172452142579, -0.00241375039332, 0.00101447594352, -0.00129133102018, 0.000816866755486], [-8.89637740329e-05, -0.000306090398226, -0.000414213485783, 0.00212531653233, -0.00197213911451, 0.00909111369401, -0.0038406511303, 0.00153261632659, -0.00323843164369, 0.00251713721082, -0.00283808470704, 0.00108498404734, -0.00250373594463], [-0.000130069325678, -7.70719852881e-05, -0.000398416392272, 6.05021741649e-05, 0.000180321221706, -0.0038406511303, 0.0115985879675, -0.00719267129898, 0.00256338831969, 0.000534344755579, 0.000195802480448, -0.00113851740025, 0.00240778992884], [0.000284596288111, 9.87999883364e-05, 0.000665000465233, 0.00036071887007, -0.000194066509721, 0.00153261632659, -0.00719267129898, 0.0152606293559, -0.00482283672318, -0.000980837619863, 0.00118875689805, -0.00131292780861, -0.00224698358215], [-0.000282379885903, 0.000394851027522, 0.000126132348669, -0.00235530873761, -0.000172452142579, -0.00323843164369, 0.00256338831969, -0.00482283672318, 0.012389216572, -0.00137215759605, 0.00122067204211, 0.0011024158448, 0.00022535889002], [-0.00015029887436, 2.11158226193e-06, 0.000482550996821, 2.77488506981e-05, -0.00241375039332, 0.00251713721082, 0.000534344755579, -0.000980837619863, -0.00137215759605, 0.00863185338676, -0.00284443260171, 5.10302379553e-06, 0.000839089392684], [-0.000378366559744, 0.000286943482934, -0.000404694932513, -0.0012976169819, 0.00101447594352, -0.00283808470704, 0.000195802480448, 0.00118875689805, 0.00122067204211, -0.00284443260171, 0.0136372316629, -0.00526280794293, 0.00355344172567], [0.000351961905835, -0.00107885664329, -5.61603192182e-05, 0.000812094833236, -0.00129133102018, 0.00108498404734, -0.00113851740025, -0.00131292780861, 0.0011024158448, 5.10302379553e-06, -0.00526280794293, 0.0185983572155, -0.00945772230625], [-0.00020578216936, 0.000307669251924, -0.000739212380722, -0.00170632137451, 0.000816866755486, -0.00250373594463, 0.00240778992884, -0.00224698358215, 0.00022535889002, 0.000839089392684, 0.00355344172567, -0.00945772230625, 0.0186266731471]]
    spectral_contrast:
        mean: [3.21734773934e-07, -4.53593429484e-08, -1.60292415785e-07, 2.36529700715e-07, -3.9591265022e-07, -7.72691691964e-07, -1.49571280872e-06, 4.70222585136e-06, -2.1268783712e-06, 4.99643647345e-07, 6.95737298884e-07, 2.0464260615e-06]
        var: [0.000596277299337, 0.00106871780008, 0.0022611329332, 0.00378787540831, 0.00443053618073, 0.00552593311295, 0.0880126357079, 0.146542772651, 0.194919839501, 0.442051500082, 0.557730078697, 2.55312919617]

rhythm:
    beats_loudness:
        dmean: 0.00340358633548
        dmean2: 0.00581946084276
        dvar: 5.49070773559e-06
        dvar2: 1.30257794808e-05
        max: 0.00892054382712
        mean: 0.0055037830025
        min: 0.000376017851522
        var: 6.86831253915e-06
    beats_loudness_bass:
        dmean: 0.356486082077
        dmean2: 0.575017154217
        dvar: 0.0551620647311
        dvar2: 0.103757269681
        max: 0.772862613201
        mean: 0.392116457224
        min: 0.00590580236167
        var: 0.0826200395823
    bpm: 126.175842285
    bpm_confidence: 0
    first_peak_bpm: 126
    first_peak_spread: 0.0526316165924
    first_peak_weight: 0.947368383408
    onset_rate: 4.53330612183
    second_peak_bpm: 0
    second_peak_spread: 0
    second_peak_weight: 0
    beats_position: [0.341225355864, 0.818197011948, 1.29516863823, 1.77214038372, 2.24911212921, 2.72608375549, 3.20305538177, 3.68002724648, 4.15699911118, 4.63397073746, 5.11094236374, 5.58791399002, 6.08142757416, 6.55491828918, 7.02840900421, 7.50190019608, 7.9753909111, 8.44888210297, 8.92237186432, 9.39586353302]
    bpm_estimates: [125.806045532, 125.99029541, 125.574897766, 125.531394958, 125.856307983, 126.114341736, 126.137443542, 126.11894989, 125.567359924, 125.246131897, 126.541305542, 126.077720642, 127.07585144, 126.465873718, 127.937652588, 126.453536987, 126.494400024]
    bpm_intervals: [0.476971656084, 0.476971626282, 0.476971745491, 0.476971745491, 0.476971626282, 0.476971626282, 0.4769718647, 0.4769718647, 0.476971626282, 0.476971626282, 0.476971626282, 0.493513584137, 0.473490715027, 0.473490715027, 0.473491191864, 0.473490715027, 0.473491191864, 0.473489761353, 0.473491668701]
    onset_times: [0.0580498874187, 0.301859408617, 0.545668959618, 0.766258478165, 1.26548755169, 1.50929701328, 1.74149656296, 2.00852608681, 2.15945577621, 2.20589566231, 2.2523355484, 2.48453521729, 2.72834467888, 2.97215414047, 3.20435380936, 3.41333341599, 3.68036270142, 4.15637207031, 4.40018129349, 4.63238096237, 5.11999988556, 5.35219955444, 5.58439922333, 5.8282084465, 6.08362817764, 6.31582784653, 6.51319742203, 6.79183673859, 6.90793657303, 7.01242637634, 7.2330160141, 7.47682523727, 7.75546503067, 7.8831744194, 7.97605419159, 8.20825386047, 8.44045352936, 8.77714252472, 8.91646289825, 9.11383247375, 9.16027164459, 9.31120204926, 9.4040813446, 9.65950107574, 9.86848068237]
    rubato_start: []
    rubato_stop: []
    perceptual_tempo: "unknown"

sfx:
    inharmonicity:
        dmean: 0.0459712296724
        dmean2: 0.0839657783508
        dvar: 0.00331652536988
        dvar2: 0.00968056824058
        max: 0.429639399052
        mean: 0.0469440668821
        min: 2.74515095953e-05
        var: 0.00315359025262
    oddtoevenharmonicenergyratio:
        dmean: 5.13003396988
        dmean2: 9.52691078186
        dvar: 417.81628418
        dvar2: 1119.1472168
        max: 262.88684082
        mean: 3.49629473686
        min: 0.000106314582808
        var: 337.451599121
    pitch_after_max_to_before_max_energy_ratio: 2.73829841614
    pitch_centroid: 201.959060669
    pitch_max_to_total: 0.244131460786
    pitch_min_to_total: 0.169014081359
    tristimulus:
        dmean: [0.213002890348, 0.263720035553, 0.125322774053]
        dmean2: [0.360532999039, 0.460127979517, 0.223947152495]
        dvar: [0.0329564064741, 0.0474572628736, 0.0161806289107]
        dvar2: [0.0893382504582, 0.139974728227, 0.0482399612665]
        max: [0.989794373512, 0.966859817505, 0.699559509754]
        mean: [0.406551241875, 0.435855448246, 0.116159409285]
        min: [0.0204627793282, 0, 0]
        var: [0.0699773430824, 0.0744706243277, 0.0193535815924]

tonal:
    chords_changes_rate: 0.0654205605388
    chords_number_rate: 0.0373831763864
    chords_strength:
        dmean: 0.0122094759718
        dmean2: 0.013804005459
        dvar: 0.00011695682042
        dvar2: 0.000137798386277
        max: 0.73571228981
        mean: 0.543237864971
        min: 0.317521333694
        var: 0.00873358361423
    key_strength: 0.664157688618
    tuning_diatonic_strength: 0.645287752151
    tuning_equal_tempered_deviation: 0.298256725073
    tuning_frequency: 448.985931396
    tuning_nontempered_energy_ratio: 0.946518421173
    hpcp:
        dmean: [0.171280547976, 0.150572776794, 0.142139956355, 0.163048028946, 0.175958245993, 0.2075022012, 0.157648995519, 0.137567147613, 0.153027281165, 0.156753093004, 0.174565941095, 0.17743499577, 0.149338290095, 0.162136942148, 0.145278289914, 0.142079740763, 0.160863906145, 0.14908182621, 0.117456153035, 0.127247333527, 0.135615706444, 0.126453191042, 0.134619697928, 0.135903760791, 0.124936453998, 0.106310024858, 0.0840473920107, 0.0852992087603, 0.0937201753259, 0.115336984396, 0.150212645531, 0.21974901855, 0.276099324226, 0.24520714581, 0.223171383142, 0.177694529295]
        dmean2: [0.302523523569, 0.266152352095, 0.252156376839, 0.284937083721, 0.304643630981, 0.363002240658, 0.273722976446, 0.245288565755, 0.278345227242, 0.277555257082, 0.297936320305, 0.30411568284, 0.260256111622, 0.270892202854, 0.247543022037, 0.24577395618, 0.285346597433, 0.260903298855, 0.200605109334, 0.217393502593, 0.229198351502, 0.215727031231, 0.234620466828, 0.247832745314, 0.232512593269, 0.180989027023, 0.140933036804, 0.149090886116, 0.165915250778, 0.208893939853, 0.264642387629, 0.357353895903, 0.471159666777, 0.426166474819, 0.389564037323, 0.296640574932]
        dvar: [0.0444934032857, 0.0443495437503, 0.0394016504288, 0.0482510849833, 0.0480258688331, 0.0582659728825, 0.0388514250517, 0.0254522711039, 0.0412793643773, 0.0468496419489, 0.0445750206709, 0.0491275265813, 0.0358969159424, 0.0387922264636, 0.0363138951361, 0.0350869894028, 0.0521765686572, 0.0501922518015, 0.0264807343483, 0.0316837616265, 0.0300232842565, 0.0308882799, 0.0417551025748, 0.0538264364004, 0.0390757471323, 0.0284159872681, 0.0203453991562, 0.0319317169487, 0.0319885052741, 0.0356692299247, 0.0528667196631, 0.0483838953078, 0.0805031061172, 0.057676654309, 0.0606881156564, 0.0380014814436]
        dvar2: [0.123320400715, 0.120155647397, 0.0989222601056, 0.129176899791, 0.120128571987, 0.144633084536, 0.0952078551054, 0.0707522183657, 0.106520332396, 0.113103218377, 0.101312711835, 0.119491353631, 0.0918824374676, 0.0988970994949, 0.0926763415337, 0.102508425713, 0.150562986732, 0.138406217098, 0.064111739397, 0.0807702764869, 0.0701977238059, 0.0818297564983, 0.109090387821, 0.151912853122, 0.107289887965, 0.0692069530487, 0.0473735481501, 0.0884297117591, 0.0883423984051, 0.0937893986702, 0.144278660417, 0.119445964694, 0.176778450608, 0.163636758924, 0.14965364337, 0.0946454033256]
        max: [1, 1, 0.997866809368, 1, 1, 1, 1, 1, 1, 1, 1, 1, 1, 1, 1, 1, 1, 1, 1, 1, 1, 1, 1, 1, 0.99251139164, 1, 1, 1, 1, 1, 1, 1, 1, 1, 1, 1]
        mean: [0.194231197238, 0.170955628157, 0.158207848668, 0.168102920055, 0.202038004994, 0.236920773983, 0.192840278149, 0.138581037521, 0.147198498249, 0.177833139896, 0.239695683122, 0.235850557685, 0.191915184259, 0.196838542819, 0.168580174446, 0.143788099289, 0.172460928559, 0.183377563953, 0.153717428446, 0.148634567857, 0.146008059382, 0.126313835382, 0.119240619242, 0.104741856456, 0.098417930305, 0.102071620524, 0.089810423553, 0.0803811624646, 0.0799930170178, 0.098706535995, 0.138746425509, 0.307050794363, 0.439326763153, 0.359578758478, 0.294352889061, 0.247053846717]
        min: [0.0006990202819, 0.000777073903009, 0.000520989939105, 0.000596817175392, 0.000715531350579, 0.000715082744136, 0.00067454186501, 0.00107453274541, 0.00141961756162, 0.000841044238769, 0.000688046216965, 0.000929846893996, 0.000581023574341, 0.000460902578197, 0.000736115209293, 0.000688527827151, 0.000471899431432, 0.00086354801897, 0.00156044645701, 0.000960637349635, 0.000860382977407, 0.000835876329802, 0.000568209623452, 0.000519409193657, 0.000392998685129, 0.000849711650517, 0.000961678219028, 0.000417557545006, 0.000375834206352, 0.000345196691342, 0.000233418555581, 0.00441474746913, 0.0038441340439, 0.00939106196165, 0.0017417864874, 0.00104226113763]
        var: [0.0581492558122, 0.0494942478836, 0.0407274700701, 0.0502040795982, 0.0576317496598, 0.0823678225279, 0.0581551678479, 0.0268249493092, 0.0385011732578, 0.0553782843053, 0.0811385288835, 0.0822734758258, 0.0502345450222, 0.062924221158, 0.0417727008462, 0.0340733341873, 0.0518940910697, 0.0661496967077, 0.0450184755027, 0.0408444590867, 0.0402328111231, 0.0289648622274, 0.0374245271087, 0.0377756804228, 0.0283306799829, 0.0303005166352, 0.0226807147264, 0.0240690056235, 0.0237855501473, 0.0278448499739, 0.0419545657933, 0.0794726163149, 0.141871169209, 0.0851527526975, 0.107437871397, 0.0821621417999]
    chords_histogram: [54.6728973389, 1.40186917782, 9.34579467773, 0, 0, 0, 1.86915886402, 0, 0, 7.0093460083, 0, 0, 0, 6.07476615906, 0.934579432011, 0, 0, 0, 0, 0, 0, 0, 1.86915886402, 16.822429657]
    thpcp: [1, 0.81847679615, 0.670009016991, 0.562346458435, 0.44211101532, 0.389130920172, 0.360114306211, 0.382637560368, 0.459880948067, 0.53928142786, 0.438944995403, 0.315439552069, 0.335054695606, 0.404785573483, 0.545597732067, 0.536845386028, 0.436839282513, 0.448045879602, 0.383723884821, 0.32729190588, 0.392557293177, 0.417405843735, 0.349893152714, 0.338323503733, 0.33234500885, 0.287516832352, 0.271416693926, 0.238414466381, 0.224019885063, 0.232336446643, 0.204427391291, 0.182964414358, 0.18208090961, 0.224676817656, 0.315816015005, 0.698912084103]
    chords_key: "C"
    chords_scale: "minor"
    key_key: "C"
    key_scale: "minor"
    chords_progression: ["A", "A", "A", "A", "A", "A", "A", "A", "A", "A", "A", "Cm", "Cm", "A", "A", "Cm", "Cm", "Cm", "Cm", "Cm", "Cm", "Cm", "Cm", "Cm", "Cm", "Cm", "Cm", "Cm", "Cm", "Cm", "Cm", "Cm", "Cm", "Cm", "Cm", "Cm", "Cm", "Cm", "Cm", "Cm", "Cm", "Cm", "Cm", "Cm", "Cm", "Cm", "Cm", "Cm", "Cm", "Cm", "Cm", "Cm", "Cm", "Cm", "Cm", "Cm", "Cm", "Cm", "Cm", "Cm", "Cm", "Cm", "Cm", "Cm", "Cm", "Cm", "Cm", "Cm", "Cm", "Cm", "Cm", "Cm", "Cm", "Cm", "Cm", "Cm", "Cm", "Cm", "Cm", "Cm", "Cm", "Cm", "Cm", "Cm", "Cm", "Cm", "Cm", "Cm", "Cm", "Cm", "Cm", "Cm", "Cm", "Cm", "Cm", "Cm", "Cm", "Cm", "Cm", "Cm", "Cm", "Cm", "Cm", "Cm", "Cm", "Cm", "Cm", "Cm", "Cm", "Cm", "Cm", "Cm", "Cm", "Cm", "Cm", "Cm", "Cm", "Cm", "Cm", "Cm", "Cm", "Cm", "Cm", "Cm", "Cm", "Cm", "Cm", "Cm", "Cm", "Cm", "Fm", "Fm", "Fm", "C#m", "Fm", "G#", "G#", "G#", "C#m", "G#", "G#", "G#", "G#", "G#", "G#", "G#", "G#", "G#", "G#", "G#", "G#", "G#", "Am", "Am", "Am", "Am", "G#", "G#", "G#", "G#", "G#", "G#", "G#", "G#", "G#", "G#", "G#", "G#", "G#", "G#", "G#", "G#", "G#", "G#", "G#", "G#", "D#", "D#", "D#", "Gm", "Gm", "Gm", "Gm", "Gm", "Gm", "Gm", "Gm", "Gm", "Gm", "Gm", "Gm", "Gm", "Gm", "Gm", "Gm", "Gm", "Gm", "Gm", "Gm", "G", "G", "G", "G", "G", "G", "G", "G", "G", "G", "G", "G", "G", "G", "G"]
