
metadata:
    version:
        essentia: "1.2.2"
    audio_properties:
        analysis_sample_rate: 44100
        bitrate: 128
        channels: 2
        equal_loudness: 1
        length: 9.97877597809
        replay_gain: -11.6320285797
        downmix: "mix"
    tags:
        track: 7
        year: 0
        album: "Splitted by Mp3Splt v. 2.1"
        artist: "From 001.00 To 001.10"
        comment: "http://mp3splt.sf.net"
        genre: ""
        title: "05 Friends in Low Places.mp3"

highlevel:
    ballroom:
        all:
            ChaChaCha: 0.0515069440007
            Jive: 0.203459605575
            Quickstep: 0.299669146538
            Rumba-American: 0.00509767280892
            Rumba-International: 0.00954219233245
            Rumba-Misc: 0.00865322630852
            Samba: 0.0354900434613
            Tango: 0.100326776505
            VienneseWaltz: 0.247384086251
            Waltz: 0.0388703010976
        probability: 0.299669146538
        value: "Quickstep"
    culture:
        all:
            non_western: 0.301577836275
            western: 0.698422193527
        probability: 0.698422193527
        value: "western"
    gender:
        all:
            female: 0.108373574913
            male: 0.891626417637
        probability: 0.891626417637
        value: "male"
    genre_dortmund:
        all:
            alternative: 0.0638756230474
            blues: 0.0439747832716
            electronic: 0.0195712950081
            folkcountry: 0.565740466118
            funksoulrnb: 0.0285651572049
            jazz: 0.0140725998208
            pop: 0.145009353757
            raphiphop: 0.00647052470595
            rock: 0.11272021383
        probability: 0.565740466118
        value: "folkcountry"
    genre_electronica:
        all:
            ambient: 0.619197666645
            dnb: 0.202697306871
            house: 0.080565482378
            techno: 0.0131377242506
            trance: 0.0844018235803
        probability: 0.619197666645
        value: "ambient"
    genre_rosamerica:
        all:
            cla: 0.168865740299
            dan: 0.0156467407942
            hip: 0.021093359217
            jaz: 0.0102857537568
            pop: 0.199327543378
            rhy: 0.103922136128
            roc: 0.4733928442
            spe: 0.00746586592868
        probability: 0.4733928442
        value: "roc"
    genre_tzanetakis:
        all:
            blu: 0.00292816595174
            cla: 0.00596367288381
            cou: 0.798487722874
            dis: 0.0259851180017
            hip: 0.00148050987627
            jaz: 0.00180877209641
            met: 0.0050548245199
            pop: 0.0434480458498
            reg: 0.00690858298913
            roc: 0.107934579253
        probability: 0.798487722874
        value: "cou"
    live_studio:
        all:
            live: 0.0311383008957
            studio: 0.968861699104
        probability: 0.968861699104
        value: "studio"
    mood:
        all:
            Cluster1: 0.118383586407
            Cluster2: 0.206644490361
            Cluster3: 0.534224331379
            Cluster4: 0.077686034143
            Cluster5: 0.0630615353584
        probability: 0.534224331379
        value: "Cluster3"
    mood_acoustic:
        all:
            acoustic: 0.197752103209
            not_acoustic: 0.802247881889
        probability: 0.802247881889
        value: "not_acoustic"
    mood_aggressive:
        all:
            aggressive: 0.153279155493
            not_aggressive: 0.846720814705
        probability: 0.846720814705
        value: "not_aggressive"
    mood_electronic:
        all:
            electronic: 0.0289286673069
            not_electronic: 0.971071302891
        probability: 0.971071302891
        value: "not_electronic"
    mood_happy:
        all:
            happy: 0.941152393818
            not_happy: 0.0588475875556
        probability: 0.941152393818
        value: "happy"
    mood_party:
        all:
            not_party: 0.54052901268
            party: 0.45947098732
        probability: 0.54052901268
        value: "not_party"
    mood_relaxed:
        all:
            not_relaxed: 0.949853003025
            relaxed: 0.0501469895244
        probability: 0.949853003025
        value: "not_relaxed"
    mood_sad:
        all:
            not_sad: 0.583622574806
            sad: 0.416377425194
        probability: 0.583622574806
        value: "not_sad"
    rhythm:
        all:
            fast: 0.895945727825
            medium: 0.0968393906951
            slow: 0.00721487682313
        probability: 0.895945727825
        value: "fast"
    speech_music:
        all:
            music: 0.994861960411
            speech: 0.00513806380332
        probability: 0.994861960411
        value: "music"
    timbre:
        all:
            bright: 0.602806568146
            dark: 0.397193431854
        probability: 0.602806568146
        value: "bright"
    voice_instrumental:
        all:
            instrumental: 0.00021634263976
            voice: 0.999783635139
        probability: 0.999783635139
        value: "voice"

lowlevel:
    average_loudness: 0.948127746582
    barkbands_kurtosis:
        dmean: 0.574426710606
        dmean2: 0.914951503277
        dvar: 0.801217734814
        dvar2: 1.6857919693
        max: 10.7676239014
        mean: -0.494904309511
        min: -1.7560710907
        var: 2.12111878395
    barkbands_skewness:
        dmean: 0.309398382902
        dmean2: 0.460189759731
        dvar: 0.0920595452189
        dvar2: 0.181638583541
        max: 2.80919408798
        mean: 0.404956936836
        min: -1.6370074749
        var: 0.471200525761
    barkbands_spread:
        dmean: 3.76791572571
        dmean2: 5.66776800156
        dvar: 17.3726329803
        dvar2: 35.3576431274
        max: 52.9558181763
        mean: 24.8607559204
        min: 4.93061161041
        var: 73.1826248169
    dissonance:
        dmean: 0.0165663268417
        dmean2: 0.0270453151315
        dvar: 0.000229976998526
        dvar2: 0.000540856271982
        max: 0.497482270002
        mean: 0.455028742552
        min: 0.293901115656
        var: 0.000824742019176
    hfc:
        dmean: 1.81422901154
        dmean2: 2.46104288101
        dvar: 12.5138139725
        dvar2: 25.3150062561
        max: 44.7389183044
        mean: 6.12119579315
        min: 0.220411673188
        var: 39.1115379333
    pitch:
        dmean: 300.995147705
        dmean2: 585.132202148
        dvar: 657365.0625
        dvar2: 1711659.375
        max: 4009.09082031
        mean: 439.309844971
        min: 82.2761230469
        var: 645182.75
    pitch_instantaneous_confidence:
        dmean: 0.0725878924131
        dmean2: 0.110942624509
        dvar: 0.00434995442629
        dvar2: 0.00990069378167
        max: 0.787451028824
        mean: 0.467630118132
        min: 0.180490136147
        var: 0.0187982078642
    pitch_salience:
        dmean: 0.0482116006315
        dmean2: 0.0756789073348
        dvar: 0.00182438804768
        dvar2: 0.00453466270119
        max: 0.852588474751
        mean: 0.641892194748
        min: 0.328406751156
        var: 0.00758158136159
    silence_rate_20dB:
        dmean: 0
        dmean2: 0
        dvar: 0
        dvar2: 0
        max: 1
        mean: 1
        min: 1
        var: 0
    silence_rate_30dB:
        dmean: 0
        dmean2: 0
        dvar: 0
        dvar2: 0
        max: 1
        mean: 1
        min: 1
        var: 0
    silence_rate_60dB:
        dmean: 0.097902096808
        dmean2: 0.196261689067
        dvar: 0.088317245245
        dvar2: 0.185780480504
        max: 1
        mean: 0.546511650085
        min: 0
        var: 0.247836530209
    spectral_centroid:
        dmean: 201.50958252
        dmean2: 273.709442139
        dvar: 43045.1210938
        dvar2: 76763.703125
        max: 3156.30249023
        mean: 1403.62597656
        min: 446.928100586
        var: 227427.078125
    spectral_complexity:
        dmean: 2.63466048241
        dmean2: 3.84976530075
        dvar: 8.37238883972
        dvar2: 14.1934089661
        max: 45
        mean: 13.4953269958
        min: 1
        var: 63.9976005554
    spectral_crest:
        dmean: 1.65060985088
        dmean2: 2.60116243362
        dvar: 2.761749506
        dvar2: 6.64874219894
        max: 20.5136585236
        mean: 6.84924888611
        min: 2.96431159973
        var: 5.98920059204
    spectral_decrease:
        dmean: 2.13161377438e-10
        dmean2: 3.01529384794e-10
        dvar: 1.01405725654e-19
        dvar2: 1.81405464621e-19
        max: -7.15345005453e-11
        mean: -8.83317641254e-10
        min: -3.72258179837e-09
        var: 4.29447720511e-19
    spectral_energy:
        dmean: 0.000949929410126
        dmean2: 0.00133435172029
        dvar: 2.21619006879e-06
        dvar2: 3.96429823013e-06
        max: 0.0169979576021
        mean: 0.00388905312866
        min: 0.000293964956654
        var: 9.05049091671e-06
    spectral_energyband_high:
        dmean: 7.88664910942e-05
        dmean2: 0.000114456648589
        dvar: 3.54543665537e-08
        dvar2: 8.93791423096e-08
        max: 0.00292732520029
        mean: 0.000143170909723
        min: 5.96715494794e-07
        var: 4.69594034769e-08
    spectral_energyband_low:
        dmean: 4.04506026825e-05
        dmean2: 7.03128025634e-05
        dvar: 4.87376450309e-09
        dvar2: 1.34825572928e-08
        max: 0.000485561671667
        mean: 5.50804070372e-05
        min: 1.51360370637e-06
        var: 3.93176291524e-09
    spectral_energyband_middle_high:
        dmean: 0.000583920045756
        dmean2: 0.000810339639429
        dvar: 1.08255926534e-06
        dvar2: 1.8587188606e-06
        max: 0.0133407758549
        mean: 0.00209595542401
        min: 6.6552143835e-05
        var: 4.92050685352e-06
    spectral_energyband_middle_low:
        dmean: 0.000486778648337
        dmean2: 0.000773695239332
        dvar: 4.74462154898e-07
        dvar2: 1.0619345403e-06
        max: 0.00700027262792
        mean: 0.00159484834876
        min: 0.000100355580798
        var: 1.50374387431e-06
    spectral_flatness_db:
        dmean: 0.0150088947266
        dmean2: 0.0220419541001
        dvar: 0.000225972777116
        dvar2: 0.00040882412577
        max: 0.265155106783
        mean: 0.17420424521
        min: 0.0728658810258
        var: 0.00115476641804
    spectral_flux:
        dmean: 0.00759627390653
        dmean2: 0.0114561049268
        dvar: 8.17895852379e-05
        dvar2: 0.000155626941705
        max: 0.0962987318635
        mean: 0.0312774404883
        min: 0.00761110009626
        var: 0.000311130395858
    spectral_kurtosis:
        dmean: 2.3653588295
        dmean2: 3.9056429863
        dvar: 7.72081851959
        dvar2: 22.0210494995
        max: 31.1672592163
        mean: 6.90761041641
        min: -0.563288211823
        var: 18.572177887
    spectral_rms:
        dmean: 0.000227805605391
        dmean2: 0.000316902092891
        dvar: 8.9843709361e-08
        dvar2: 1.48096390262e-07
        max: 0.00407226895913
        mean: 0.00181789882481
        min: 0.000535532541107
        var: 4.89444801133e-07
    spectral_rolloff:
        dmean: 365.307556152
        dmean2: 569.922119141
        dvar: 238643.96875
        dvar2: 422134.875
        max: 5318.70117188
        mean: 2765.96020508
        min: 452.197265625
        var: 865452.6875
    spectral_skewness:
        dmean: 0.26568582654
        dmean2: 0.417460620403
        dvar: 0.0769755020738
        dvar2: 0.186343222857
        max: 3.70231389999
        mean: 1.75677907467
        min: 0.505853414536
        var: 0.264012634754
    spectral_spread:
        dmean: 446447.5
        dmean2: 618220.875
        dvar: 773216993280
        dvar2: 1.14623565005e+12
        max: 14293127
        mean: 3465149.25
        min: 1424307.375
        var: 2.27244454707e+12
    spectral_strongpeak:
        dmean: 0.367628246546
        dmean2: 0.614919602871
        dvar: 0.393916755915
        dvar2: 0.915008246899
        max: 6.76197719574
        mean: 0.765848100185
        min: 0.025741007179
        var: 0.702220678329
    zerocrossingrate:
        dmean: 0.00794057361782
        dmean2: 0.00846010260284
        dvar: 6.27317931503e-05
        dvar2: 5.99816557951e-05
        max: 0.1669921875
        mean: 0.0795202553272
        min: 0.021484375
        var: 0.000546288501937
    barkbands:
        dmean: [2.74884044416e-08, 1.26970762722e-05, 3.06559231831e-05, 6.65329280309e-05, 0.000133986541186, 0.000122733050375, 0.000136404298246, 0.00014121834829, 0.00019294564845, 8.86249981704e-05, 9.04796397663e-05, 4.87617217004e-05, 5.45166731172e-05, 6.98105868651e-05, 7.78663306846e-05, 8.91298550414e-05, 0.000154729335918, 0.000103836384369, 0.000133782901685, 0.000170445564436, 2.17759443331e-05, 5.58841111342e-06, 1.8450442667e-06, 1.08938195353e-06, 3.88579849186e-07, 1.31038619955e-08, 3.46191297851e-10]
        dmean2: [4.29485353948e-08, 2.2250414986e-05, 5.31156874786e-05, 0.000111301400466, 0.000216159794945, 0.000192437699297, 0.000209371428355, 0.00021785662102, 0.000282870110823, 0.000134552799864, 0.000142255958053, 6.97888899595e-05, 7.94795196271e-05, 0.000112016095954, 0.000124168873299, 0.000143098732224, 0.000224577481276, 0.000147234823089, 0.000186113175005, 0.000264002359472, 3.19660903187e-05, 7.81809740147e-06, 2.37074118559e-06, 1.56762462211e-06, 6.28814859738e-07, 1.81937824806e-08, 4.71053751561e-10]
        dvar: [1.11248112976e-14, 9.60440726949e-10, 1.87763404824e-09, 9.09431996376e-09, 3.12836405669e-08, 6.68835298256e-08, 7.78296467274e-08, 1.01797553498e-07, 1.78875467327e-07, 3.29190186221e-08, 8.04066146998e-08, 8.51373105348e-09, 1.81297252766e-08, 2.28675816061e-08, 2.06537595915e-08, 3.13138848185e-08, 1.29196862986e-07, 6.3269965267e-08, 6.29031760013e-08, 2.79107979395e-07, 1.75380421297e-09, 1.24783863797e-10, 3.64723286295e-11, 2.62778410143e-11, 4.388640059e-12, 1.66187292504e-15, 1.21041934605e-17]
        dvar2: [1.64311821798e-14, 2.62148236452e-09, 5.33511679279e-09, 2.58321239954e-08, 7.4197565425e-08, 1.90160264424e-07, 1.77707377702e-07, 2.29008421115e-07, 3.95368488171e-07, 7.02870295299e-08, 1.57535851031e-07, 1.50673908905e-08, 3.60536738242e-08, 6.03959122714e-08, 4.58581119744e-08, 6.54639791264e-08, 2.60356728177e-07, 1.18938096705e-07, 9.91686377461e-08, 7.42487145544e-07, 3.87815690672e-09, 2.30574559446e-10, 4.96544055872e-11, 4.31407930213e-11, 8.1549636835e-12, 2.69561438024e-15, 1.18178905341e-17]
        max: [1.77778986199e-06, 0.000202858180273, 0.000284473469947, 0.00104736350477, 0.00162705255207, 0.00503064971417, 0.00360824353993, 0.00382947945036, 0.00448176357895, 0.00291502079926, 0.00544935977086, 0.0015092411777, 0.00158718612511, 0.00153245509136, 0.00191098428331, 0.00220386288129, 0.00512251676992, 0.0032221802976, 0.00390913756564, 0.0078617958352, 0.000304539076751, 0.000100745870441, 9.5716692158e-05, 8.2548467617e-05, 3.72747017536e-05, 8.43307304876e-07, 7.31227345341e-08]
        mean: [3.438239915e-08, 1.37389251904e-05, 4.13101588492e-05, 0.000111101180664, 0.000257872365182, 0.000263646565145, 0.000314523902489, 0.000251002667937, 0.000361682992661, 0.000207136050449, 0.000213290782995, 0.00010578448564, 0.000105203267594, 0.000126730286865, 0.000165594989085, 0.00017997744726, 0.000312445394229, 0.000211252641748, 0.000284904323053, 0.000310008792439, 3.70647176169e-05, 9.1290266937e-06, 3.13278223985e-06, 1.78877974122e-06, 6.80467678649e-07, 2.0997340755e-08, 3.55130147511e-10]
        min: [2.74244307819e-11, 6.33095567082e-08, 2.02981723874e-07, 1.03979959931e-06, 7.67407072999e-06, 9.56862186285e-06, 7.39063898436e-06, 2.81928350887e-06, 2.15102409129e-06, 6.31574448562e-06, 1.17026934277e-06, 5.98550627728e-07, 2.02505788138e-07, 2.21668051381e-06, 1.34899482873e-06, 1.46516049426e-06, 2.5635943075e-06, 2.41632847064e-06, 1.75950822268e-06, 6.17394448454e-07, 2.75455619203e-07, 5.17748013351e-08, 1.02325268259e-08, 2.69616129422e-09, 1.59960988899e-09, 3.47144743507e-11, 3.29450198676e-13]
        var: [1.10619351949e-14, 6.80361267325e-10, 1.72440273172e-09, 1.44186573792e-08, 7.48846886722e-08, 1.43143225273e-07, 2.85700394898e-07, 2.61959627323e-07, 2.66206825472e-07, 9.53068663989e-08, 2.80306977629e-07, 3.81945746142e-08, 5.16244753612e-08, 5.61614932337e-08, 6.51947544839e-08, 6.96136837064e-08, 2.89916783913e-07, 1.60955934803e-07, 1.80325628207e-07, 3.63460770814e-07, 2.93153146202e-09, 2.44812697892e-10, 8.90699736189e-11, 5.7117310881e-11, 9.16408268714e-12, 3.5154783222e-15, 1.24814738466e-17]
    mfcc:
        mean: [-743.122131348, 142.325027466, -66.5994110107, 42.7842025757, -20.7339916229, -23.496547699, -8.86044788361, -6.28061103821, -3.36204004288, -2.03777217865, -12.8824682236, -10.0959320068, -3.6858997345]
        cov: [[2274.84179688, -989.586486816, -194.20892334, -45.5054016113, -16.6792831421, 86.0770797729, 197.057357788, -86.7591934204, -118.60018158, 134.389770508, 58.2945518494, -22.1535377502, 66.620552063], [-989.586486816, 1004.52966309, -305.555847168, -61.4820518494, 23.8850917816, -140.986801147, -3.08943414688, 94.4806137085, 15.2805814743, -57.2130317688, 9.94645690918, 38.1632041931, -31.3837051392], [-194.20892334, -305.555847168, 537.267333984, 89.6274719238, -66.7895278931, 92.6991271973, -72.8969039917, -14.9684343338, 62.7513389587, -37.6777267456, -45.3863258362, -12.4721384048, -19.3234729767], [-45.5054016113, -61.4820518494, 89.6274719238, 266.149475098, 14.8004322052, 3.28863453865, -109.53188324, -27.0401268005, 38.8344230652, -5.17995929718, -2.83441948891, -18.1152992249, -0.621029734612], [-16.6792831421, 23.8850917816, -66.7895278931, 14.8004322052, 145.675857544, 5.60324478149, -20.1745796204, -10.8234739304, 6.37011098862, 12.4113817215, 18.497209549, 10.8984584808, 28.2275772095], [86.0770797729, -140.986801147, 92.6991271973, 3.28863453865, 5.60324478149, 204.169692993, 41.4874687195, -3.90422081947, 8.36643123627, -69.1265792847, 1.99517059326, -6.11890411377, -34.4908828735], [197.057357788, -3.08943414688, -72.8969039917, -109.53188324, -20.1745796204, 41.4874687195, 245.298065186, 22.8249263763, -62.6848182678, 29.9794960022, -5.26956605911, 10.4011068344, 28.4060668945], [-86.7591934204, 94.4806137085, -14.9684343338, -27.0401268005, -10.8234739304, -3.90422081947, 22.8249263763, 90.1559143066, 18.7363948822, -8.81275463104, 6.05714607239, 14.474023819, -11.0901374817], [-118.60018158, 15.2805814743, 62.7513389587, 38.8344230652, 6.37011098862, 8.36643123627, -62.6848182678, 18.7363948822, 111.235702515, -15.0265703201, 11.5022516251, 1.35543334484, -36.3992004395], [134.389770508, -57.2130317688, -37.6777267456, -5.17995929718, 12.4113817215, -69.1265792847, 29.9794960022, -8.81275463104, -15.0265703201, 148.642868042, 11.656036377, 12.325176239, 59.5547485352], [58.2945518494, 9.94645690918, -45.3863258362, -2.83441948891, 18.497209549, 1.99517059326, -5.26956605911, 6.05714607239, 11.5022516251, 11.656036377, 85.7410888672, 24.1570167542, -13.3991823196], [-22.1535377502, 38.1632041931, -12.4721384048, -18.1152992249, 10.8984584808, -6.11890411377, 10.4011068344, 14.474023819, 1.35543334484, 12.325176239, 24.1570167542, 66.9718856812, 24.8171768188], [66.620552063, -31.3837051392, -19.3234729767, -0.621029734612, 28.2275772095, -34.4908828735, 28.4060668945, -11.0901374817, -36.3992004395, 59.5547485352, -13.3991823196, 24.8171768188, 117.26260376]]
        icov: [[0.00151236425154, 0.00198898185045, 0.00157844496425, -0.00020694709383, 0.000541413668543, 0.00017066692817, -0.000762967858464, -0.000128233630676, 0.000138149873237, 3.71932328562e-05, -0.000575043261051, -0.000127351973788, 9.9175649666e-06], [0.00198898185045, 0.00427048606798, 0.002905319212, -0.00032190309139, 0.000500006601214, 0.00146201718599, -0.00111178332008, -0.00135943619534, -0.000172635234776, 0.0012568506645, -0.000189377868082, -0.00113551341929, 0.000467177247629], [0.00157844496425, 0.002905319212, 0.00481440592557, -0.000696227478329, 0.00201063952409, -0.000812137499452, -6.55058538541e-05, -0.000335882039508, -0.0013832206605, 0.000319233571645, 0.00111338880379, -0.0010621069232, -0.000307792710373], [-0.00020694709383, -0.00032190309139, -0.000696227478329, 0.00503553403541, -0.000252769037616, -0.00049018493155, 0.00207509845495, 0.000765908102039, -0.000804206647445, -0.000291456206469, -0.000288318522507, 0.00140086584724, -0.00100124638993], [0.000541413668543, 0.000500006601214, 0.00201063952409, -0.000252769037616, 0.00896405894309, -0.00177457812242, 0.00100192113314, 0.000983534613624, -0.00142946408596, -0.000273889134405, -0.0015394105576, 1.57121958182e-05, -0.00315711833537], [0.00017066692817, 0.00146201718599, -0.000812137499452, -0.00049018493155, -0.00177457812242, 0.00865090824664, -0.00303813396022, 0.000154269175255, -0.000488847086672, 0.00445053074509, -0.000890230236109, -0.000582916778512, 0.00148974824697], [-0.000762967858464, -0.00111178332008, -6.55058538541e-05, 0.00207509845495, 0.00100192113314, -0.00303813396022, 0.00740366289392, -0.00179429946002, 0.00259206676856, -0.00221259961836, 0.000888791575562, 0.000116204064398, -0.000956589239649], [-0.000128233630676, -0.00135943619534, -0.000335882039508, 0.000765908102039, 0.000983534613624, 0.000154269175255, -0.00179429946002, 0.0142874149606, -0.00325658661313, 0.000405644503189, -0.000163781965966, -0.00220716744661, 0.000483755924506], [0.000138149873237, -0.000172635234776, -0.0013832206605, -0.000804206647445, -0.00142946408596, -0.000488847086672, 0.00259206676856, -0.00325658661313, 0.0135527709499, -0.00146908126771, -0.000832075602375, -0.0010210420005, 0.00398152973503], [3.71932328562e-05, 0.0012568506645, 0.000319233571645, -0.000291456206469, -0.000273889134405, 0.00445053074509, -0.00221259961836, 0.000405644503189, -0.00146908126771, 0.0115678450093, -0.00237970659509, 0.000360028352588, -0.00436350656673], [-0.000575043261051, -0.000189377868082, 0.00111338880379, -0.000288318522507, -0.0015394105576, -0.000890230236109, 0.000888791575562, -0.000163781965966, -0.000832075602375, -0.00237970659509, 0.0161992255598, -0.00698507810012, 0.00461553456262], [-0.000127351973788, -0.00113551341929, -0.0010621069232, 0.00140086584724, 1.57121958182e-05, -0.000582916778512, 0.000116204064398, -0.00220716744661, -0.0010210420005, 0.000360028352588, -0.00698507810012, 0.0210253056139, -0.00655897986144], [9.9175649666e-06, 0.000467177247629, -0.000307792710373, -0.00100124638993, -0.00315711833537, 0.00148974824697, -0.000956589239649, 0.000483755924506, 0.00398152973503, -0.00436350656673, 0.00461553456262, -0.00655897986144, 0.0154344327748]]
    spectral_contrast:
        mean: [-6.92912692557e-07, 5.71718921094e-08, -2.22681833861e-07, 7.238204347e-08, -2.04682066851e-07, 4.76802341609e-07, -2.79348023469e-06, -2.79046867036e-06, 5.38860194865e-06, 1.14307226795e-06, 3.52725805897e-06, -3.69437384506e-06]
        var: [0.000833048776258, 0.00113858480472, 0.00183711294085, 0.00230853445828, 0.0032759597525, 0.00545877311379, 0.064961053431, 0.105224080384, 0.126086339355, 0.261466145515, 0.531377732754, 1.62848091125]

rhythm:
    beats_loudness:
        dmean: 0.00373064936139
        dmean2: 0.00634292466566
        dvar: 1.32342011057e-05
        dvar2: 3.53699106199e-05
        max: 0.0168422311544
        mean: 0.00538150407374
        min: 0.00111991120502
        var: 1.71010397025e-05
    beats_loudness_bass:
        dmean: 0.0383301749825
        dmean2: 0.0626217126846
        dvar: 0.0034247841686
        dvar2: 0.00912811420858
        max: 0.248551115394
        mean: 0.0407371334732
        min: 0.00244904006831
        var: 0.00332068605348
    bpm: 109.259048462
    bpm_confidence: 0
    first_peak_bpm: 109
    first_peak_spread: 0
    first_peak_weight: 0.941176533699
    onset_rate: 3.30701875687
    second_peak_bpm: 84
    second_peak_spread: 0
    second_peak_weight: 0.0588235296309
    beats_position: [0.0424203723669, 0.594952404499, 1.14748442173, 1.70001649857, 2.25254845619, 2.80508065224, 3.35761260986, 3.91014456749, 4.46267652512, 5.01520824432, 5.56773996353, 6.28419113159, 6.83079910278, 7.37740755081, 7.924015522, 8.47062301636, 9.01723098755, 9.56383895874]
    bpm_estimates: [108.657279968, 108.653259277, 108.090911865, 108.018684387, 108.774505615, 108.990692139, 108.96005249, 109.102859497, 110.793991089, 108.615097046, 111.536895752, 108.469848633, 109.661582947, 109.050193787, 109.745506287, 111.023498535]
    bpm_intervals: [0.552532017231, 0.552532017231, 0.552532076836, 0.552531957626, 0.552532196045, 0.552531957626, 0.552531957626, 0.552531957626, 0.552531719208, 0.552531719208, 0.71645116806, 0.546607971191, 0.546608448029, 0.546607971191, 0.546607494354, 0.546607971191, 0.546607971191]
    onset_times: [0.0580498874187, 0.150929704309, 0.417959183455, 0.743038535118, 1.02167797089, 1.27709746361, 1.82276642323, 2.12462592125, 2.36843538284, 2.65868473053, 2.92571425438, 3.19274377823, 3.49460315704, 4.3073015213, 4.59755086899, 4.87619066238, 5.71210861206, 6.03718805313, 6.17650794983, 6.39709758759, 6.78022670746, 7.11691617966, 7.55809545517, 7.69741487503, 7.79029464722, 7.94122457504, 8.19664382935, 8.38240337372, 8.48689365387, 8.71909332275, 9.05578231812, 9.29959201813, 9.89170074463]
    rubato_start: []
    rubato_stop: []
    perceptual_tempo: "unknown"

sfx:
    inharmonicity:
        dmean: 0.0640537217259
        dmean2: 0.113303013146
        dvar: 0.00435851933435
        dvar2: 0.0123065793887
        max: 0.39141061902
        mean: 0.0730421766639
        min: 0
        var: 0.00513132987544
    oddtoevenharmonicenergyratio:
        dmean: 3.26030874252
        dmean2: 6.04557752609
        dvar: 83.4177474976
        dvar2: 234.203704834
        max: 97.3702392578
        mean: 2.33599472046
        min: 0
        var: 52.5305557251
    pitch_after_max_to_before_max_energy_ratio: 2.48801708221
    pitch_centroid: 224.622695923
    pitch_max_to_total: 0.425233632326
    pitch_min_to_total: 0.00467289704829
    tristimulus:
        dmean: [0.189821138978, 0.242063209414, 0.134498164058]
        dmean2: [0.339240431786, 0.427411973476, 0.246618390083]
        dvar: [0.0290523953736, 0.0396081320941, 0.0163311846554]
        dvar2: [0.0832119882107, 0.113477744162, 0.0472501330078]
        max: [1, 0.981883227825, 0.699762225151]
        mean: [0.312381774187, 0.505885064602, 0.128883644938]
        min: [0.00256619649008, 0, 0]
        var: [0.0407070666552, 0.0567447096109, 0.017841277644]

tonal:
    chords_changes_rate: 0.0325581394136
    chords_number_rate: 0.0186046510935
    chords_strength:
        dmean: 0.00661827856675
        dmean2: 0.00649697473273
        dvar: 2.6647665436e-05
        dvar2: 3.2183022995e-05
        max: 0.651210665703
        mean: 0.531085371971
        min: 0.411767870188
        var: 0.0035881830845
    key_strength: 0.824444055557
    tuning_diatonic_strength: 0.683766841888
    tuning_equal_tempered_deviation: 0.0583021305501
    tuning_frequency: 441.782684326
    tuning_nontempered_energy_ratio: 0.636962890625
    hpcp:
        dmean: [0.157240942121, 0.128723800182, 0.108077965677, 0.0741917639971, 0.093340344727, 0.129571259022, 0.191596075892, 0.14627623558, 0.0998755320907, 0.106578111649, 0.0985491722822, 0.119984678924, 0.137116849422, 0.105725213885, 0.0700837224722, 0.0551308952272, 0.0576165020466, 0.068485699594, 0.076758235693, 0.124811954796, 0.180300116539, 0.181841522455, 0.157477840781, 0.0952882692218, 0.0847603976727, 0.0875169634819, 0.110813044012, 0.138271138072, 0.131540000439, 0.120931200683, 0.100629478693, 0.0814736112952, 0.0899660140276, 0.100186139345, 0.127334028482, 0.155429571867]
        dmean2: [0.247458443046, 0.191565439105, 0.170902967453, 0.116619609296, 0.159003034234, 0.207566916943, 0.31361708045, 0.233457684517, 0.171132817864, 0.179100066423, 0.157371491194, 0.184032022953, 0.218359157443, 0.172779157758, 0.114965878427, 0.0912332311273, 0.0993960723281, 0.11697986722, 0.129872843623, 0.208990871906, 0.309985846281, 0.315263956785, 0.246435418725, 0.163228705525, 0.14764752984, 0.143978521228, 0.16786390543, 0.215329200029, 0.216862440109, 0.207475990057, 0.175150483847, 0.132537931204, 0.139273539186, 0.163788884878, 0.222286194563, 0.255406707525]
        dvar: [0.0350859686732, 0.0226201247424, 0.0204246193171, 0.00977078918368, 0.0154685666785, 0.0201329048723, 0.0378202572465, 0.0284506697208, 0.0233657024801, 0.0332471355796, 0.0245830491185, 0.0224342383444, 0.0339014567435, 0.0247171800584, 0.0130322109908, 0.00921114906669, 0.0132560385391, 0.0145949898288, 0.0113926548511, 0.0229388196021, 0.0326165929437, 0.0428230464458, 0.0248808041215, 0.0239216946065, 0.0297332052141, 0.0223391894251, 0.0267868023366, 0.0336604937911, 0.0329930000007, 0.0363755747676, 0.0252816192806, 0.0210689920932, 0.00998933892697, 0.0190046131611, 0.0291696079075, 0.0270699672401]
        dvar2: [0.0771653652191, 0.0556394979358, 0.0482291094959, 0.0220484994352, 0.0413814075291, 0.0523559674621, 0.0973147451878, 0.0785047933459, 0.0528420507908, 0.0910496264696, 0.0573264807463, 0.0542214438319, 0.0872058421373, 0.0657146647573, 0.0300184506923, 0.0220924280584, 0.0298135764897, 0.03743352741, 0.0289125926793, 0.0622220858932, 0.0889427289367, 0.104233309627, 0.063267454505, 0.0626269727945, 0.0798267126083, 0.0549031831324, 0.0639831721783, 0.0877228602767, 0.0884532555938, 0.0925704911351, 0.0723414868116, 0.0536576583982, 0.021913472563, 0.0519308038056, 0.0757573321462, 0.0634803026915]
        max: [1, 1, 1, 0.823939681053, 0.800019621849, 1, 1, 1, 1, 1, 1, 1, 1, 1, 0.958160042763, 0.793591320515, 1, 0.921564459801, 1, 0.792499959469, 1, 1, 1, 0.885853528976, 1, 1, 1, 1, 1, 1, 1, 1, 1, 1, 1, 1]
        mean: [0.401443243027, 0.259377151728, 0.145386204123, 0.1174460724, 0.123958036304, 0.263393700123, 0.381733447313, 0.269387841225, 0.149534717202, 0.139006897807, 0.141248911619, 0.203173473477, 0.243005022407, 0.158719941974, 0.0907163321972, 0.0714835599065, 0.0712588578463, 0.0916991829872, 0.105464436114, 0.154546871781, 0.444129258394, 0.610664069653, 0.332130581141, 0.110240891576, 0.0873823463917, 0.101064674556, 0.188573881984, 0.24896787107, 0.192269027233, 0.14609721303, 0.121792271733, 0.112159311771, 0.16166305542, 0.175469368696, 0.165109887719, 0.313901633024]
        min: [0.00657805427909, 0.00623374944553, 0.00324129220098, 0.00157426623628, 0.000992424087599, 0.00149667926598, 0.0124183660373, 0.0103145940229, 0.00112626038026, 0.0025915435981, 0.00440656160936, 0.00662902509794, 0.00409295642748, 0.00303986971267, 0.00174029136542, 0.00225505046546, 0.00142222293653, 0.00205978727899, 0.00211672228761, 0.00312922499143, 0.0285887252539, 0.0512697771192, 0.00998627394438, 0.00319934240542, 0.00199364149012, 0.0029695846606, 0.00181882735342, 0.00160365505144, 0.00697861658409, 0.00375528889708, 0.00132558052428, 0.00118270586245, 0.00200718012638, 0.00348205585033, 0.00542117701843, 0.00565546005964]
        var: [0.117011338472, 0.0588740594685, 0.0310712065548, 0.0172938853502, 0.0192402862012, 0.044502671808, 0.0790027678013, 0.053736820817, 0.0476400107145, 0.0490614064038, 0.045861389488, 0.0397730879486, 0.062023319304, 0.032770678401, 0.0160269420594, 0.0110306404531, 0.0164863746613, 0.0177405830473, 0.0164207816124, 0.0293208602816, 0.0710951238871, 0.110919773579, 0.0454197637737, 0.0258226525038, 0.0240543782711, 0.024891179055, 0.0507746003568, 0.0889690965414, 0.0492212921381, 0.0402611605823, 0.0275056548417, 0.0278459656984, 0.0290980376303, 0.0374862998724, 0.0357975438237, 0.062605895102]
    chords_histogram: [41.3953475952, 1.86046516895, 38.1395339966, 0, 0, 0, 0, 0, 0, 0, 0, 0, 0, 0, 0, 0, 0, 18.6046504974, 0, 0, 0, 0, 0, 0]
    thpcp: [1, 0.543884277344, 0.18052624166, 0.143093973398, 0.16549962759, 0.308801352978, 0.40770021081, 0.314852356911, 0.23924317956, 0.199442341924, 0.183667778969, 0.264733195305, 0.287341892719, 0.270377606153, 0.514033257961, 0.657388031483, 0.42474603653, 0.238078862429, 0.192325174809, 0.202988907695, 0.431323409081, 0.625111997128, 0.441139161587, 0.244872301817, 0.227632343769, 0.231303781271, 0.33270907402, 0.397935688496, 0.259913682938, 0.148553580046, 0.117058731616, 0.116690762341, 0.150163054466, 0.17270450294, 0.253080010414, 0.727289021015]
    chords_key: "A"
    chords_scale: "major"
    key_key: "A"
    key_scale: "major"
    chords_progression: ["C#m", "C#m", "C#m", "C#m", "A", "A", "E", "E", "E", "E", "E", "E", "E", "E", "E", "E", "E", "E", "E", "E", "E", "E", "E", "E", "E", "E", "E", "E", "E", "E", "E", "E", "E", "E", "E", "E", "E", "E", "E", "E", "E", "E", "E", "E", "E", "E", "E", "E", "E", "E", "E", "E", "E", "E", "E", "E", "E", "E", "E", "E", "E", "E", "E", "E", "E", "E", "E", "E", "E", "E", "E", "E", "E", "E", "E", "E", "E", "E", "E", "E", "E", "E", "E", "E", "E", "E", "E", "E", "Am", "Am", "Am", "Am", "A", "Am", "Am", "Am", "Am", "Am", "Am", "A", "A", "A", "A", "A", "A", "A", "A", "A", "A", "A", "A", "A", "A", "A", "A", "A", "A", "A", "A", "A", "A", "A", "A", "A", "A", "A", "A", "A", "A", "A", "A", "A", "A", "A", "A", "A", "A", "A", "A", "A", "A", "A", "A", "A", "A", "A", "A", "A", "A", "A", "A", "A", "A", "A", "A", "A", "A", "A", "A", "A", "A", "A", "A", "A", "A", "A", "A", "A", "A", "A", "A", "A", "A", "A", "A", "A", "A", "A", "A", "A", "A", "A", "A", "A", "A", "Am", "Am", "Am", "Am", "Am", "Am", "Am", "Am", "Am", "Am", "Am", "Am", "Am", "Am", "Am", "Am", "Am", "Am", "Am", "Am", "Am", "Am", "Am", "Am", "Am", "Am", "Am", "Am", "Am", "Am"]
