
metadata:
    version:
        essentia: "1.2.2"
    audio_properties:
        analysis_sample_rate: 44100
        bitrate: 128
        channels: 2
        equal_loudness: 1
        length: 10.0832653046
        replay_gain: -6.03370666504
        downmix: "mix"
    tags:
        track: 5
        year: 0
        album: "Splitted by Mp3Splt v. 2.1"
        artist: "From 000.40 To 000.50"
        comment: "http://mp3splt.sf.net"
        genre: ""
        title: "12 Two Doors Down.mp3"

highlevel:
    ballroom:
        all:
            ChaChaCha: 0.0423527024686
            Jive: 0.0367166846991
            Quickstep: 0.719368577003
            Rumba-American: 0.00597213860601
            Rumba-International: 0.0092898029834
            Rumba-Misc: 0.00838511064649
            Samba: 0.0432483255863
            Tango: 0.04707865417
            VienneseWaltz: 0.0721164420247
            Waltz: 0.0154715329409
        probability: 0.719368577003
        value: "Quickstep"
    culture:
        all:
            non_western: 0.696903824806
            western: 0.303096175194
        probability: 0.696903824806
        value: "non_western"
    gender:
        all:
            female: 0.610357880592
            male: 0.389642089605
        probability: 0.610357880592
        value: "female"
    genre_dortmund:
        all:
            alternative: 0.0828672200441
            blues: 0.168189704418
            electronic: 0.00536259496585
            folkcountry: 0.402215600014
            funksoulrnb: 0.0442611947656
            jazz: 0.0579227395356
            pop: 0.177750244737
            raphiphop: 0.0142469285056
            rock: 0.0471837930381
        probability: 0.402215600014
        value: "folkcountry"
    genre_electronica:
        all:
            ambient: 0.703501999378
            dnb: 0.0657807067037
            house: 0.14371304214
            techno: 0.020670035854
            trance: 0.0663342252374
        probability: 0.703501999378
        value: "ambient"
    genre_rosamerica:
        all:
            cla: 0.00458238366991
            dan: 0.000800109584816
            hip: 0.00144366140012
            jaz: 0.00742267863825
            pop: 0.0468491837382
            rhy: 0.934232652187
            roc: 0.00251509575173
            spe: 0.00215424085036
        probability: 0.934232652187
        value: "rhy"
    genre_tzanetakis:
        all:
            blu: 0.0124584492296
            cla: 0.00645674252883
            cou: 0.305576384068
            dis: 0.150783330202
            hip: 0.0058481306769
            jaz: 0.00481842737645
            met: 0.00398382451385
            pop: 0.419748276472
            reg: 0.0481147021055
            roc: 0.0422117449343
        probability: 0.419748276472
        value: "pop"
    live_studio:
        all:
            live: 0.0297912657261
            studio: 0.970208704472
        probability: 0.970208704472
        value: "studio"
    mood:
        all:
            Cluster1: 0.0566612705588
            Cluster2: 0.409825623035
            Cluster3: 0.386956691742
            Cluster4: 0.100984446704
            Cluster5: 0.0455719716847
        probability: 0.409825623035
        value: "Cluster2"
    mood_acoustic:
        all:
            acoustic: 0.600302159786
            not_acoustic: 0.399697840214
        probability: 0.600302159786
        value: "acoustic"
    mood_aggressive:
        all:
            aggressive: 9.36573655963e-07
            not_aggressive: 0.999999046326
        probability: 0.999999046326
        value: "not_aggressive"
    mood_electronic:
        all:
            electronic: 0.0297415461391
            not_electronic: 0.97025847435
        probability: 0.97025847435
        value: "not_electronic"
    mood_happy:
        all:
            happy: 0.846430599689
            not_happy: 0.153569385409
        probability: 0.846430599689
        value: "happy"
    mood_party:
        all:
            not_party: 0.714827656746
            party: 0.285172343254
        probability: 0.714827656746
        value: "not_party"
    mood_relaxed:
        all:
            not_relaxed: 0.746940791607
            relaxed: 0.253059238195
        probability: 0.746940791607
        value: "not_relaxed"
    mood_sad:
        all:
            not_sad: 0.311580866575
            sad: 0.688419163227
        probability: 0.688419163227
        value: "sad"
    rhythm:
        all:
            fast: 0.786460459232
            medium: 0.121727451682
            slow: 0.091812081635
        probability: 0.786460459232
        value: "fast"
    speech_music:
        all:
            music: 0.945750176907
            speech: 0.0542498528957
        probability: 0.945750176907
        value: "music"
    timbre:
        all:
            bright: 0.996166825294
            dark: 0.00383319659159
        probability: 0.996166825294
        value: "bright"
    voice_instrumental:
        all:
            instrumental: 0.00341784046032
            voice: 0.996582150459
        probability: 0.996582150459
        value: "voice"

lowlevel:
    average_loudness: 0.937697410583
    barkbands_kurtosis:
        dmean: 1.491735816
        dmean2: 2.34606480598
        dvar: 10.2968568802
        dvar2: 26.3306236267
        max: 63.6644668579
        mean: 1.48906123638
        min: -1.84807872772
        var: 63.8141212463
    barkbands_skewness:
        dmean: 0.479556024075
        dmean2: 0.663559556007
        dvar: 0.232630968094
        dvar2: 0.377780109644
        max: 6.87178468704
        mean: 0.526973545551
        min: -2.76485610008
        var: 1.68949484825
    barkbands_spread:
        dmean: 5.26390743256
        dmean2: 7.96790552139
        dvar: 29.6452789307
        dvar2: 60.3945884705
        max: 64.3929672241
        mean: 23.6581230164
        min: 1.56847989559
        var: 107.54284668
    dissonance:
        dmean: 0.0317128077149
        dmean2: 0.0519188009202
        dvar: 0.0008176236297
        dvar2: 0.00203816778958
        max: 0.496484965086
        mean: 0.423338294029
        min: 0.205239191651
        var: 0.00165267870761
    hfc:
        dmean: 2.27260613441
        dmean2: 3.08317327499
        dvar: 17.14336586
        dvar2: 27.810710907
        max: 61.7285346985
        mean: 5.78692436218
        min: 0.00065056985477
        var: 68.0849151611
    pitch:
        dmean: 393.233825684
        dmean2: 762.382019043
        dvar: 1026709.625
        dvar2: 2600530
        max: 4900
        mean: 623.212341309
        min: 82.8947372437
        var: 1119092.75
    pitch_instantaneous_confidence:
        dmean: 0.104683488607
        dmean2: 0.157663181424
        dvar: 0.00965468492359
        dvar2: 0.0223383698612
        max: 0.947367489338
        mean: 0.616642594337
        min: 0.213142633438
        var: 0.032579280436
    pitch_salience:
        dmean: 0.061532266438
        dmean2: 0.0949207544327
        dvar: 0.00328244478442
        dvar2: 0.0061417594552
        max: 0.928669154644
        mean: 0.588530421257
        min: 0.290444284678
        var: 0.0109562892467
    silence_rate_20dB:
        dmean: 0
        dmean2: 0
        dvar: 0
        dvar2: 0
        max: 1
        mean: 1
        min: 1
        var: 0
    silence_rate_30dB:
        dmean: 0
        dmean2: 0
        dvar: 0
        dvar2: 0
        max: 1
        mean: 1
        min: 1
        var: 0
    silence_rate_60dB:
        dmean: 0.0873563215137
        dmean2: 0.175115212798
        dvar: 0.0797249227762
        dvar2: 0.149058327079
        max: 1
        mean: 0.685779809952
        min: 0
        var: 0.215485215187
    spectral_centroid:
        dmean: 298.105041504
        dmean2: 413.180541992
        dvar: 128533.039062
        dvar2: 200869.078125
        max: 4239.20898438
        mean: 1532.75646973
        min: 258.631225586
        var: 652366.5
    spectral_complexity:
        dmean: 1.81105995178
        dmean2: 2.69745969772
        dvar: 4.09333276749
        dvar2: 7.38882875443
        max: 18
        mean: 7.0229883194
        min: 0
        var: 17.1535015106
    spectral_crest:
        dmean: 2.19262337685
        dmean2: 3.33953642845
        dvar: 3.86894154549
        dvar2: 9.60356140137
        max: 23.8562355042
        mean: 9.63422775269
        min: 3.6784555912
        var: 14.5484876633
    spectral_decrease:
        dmean: 2.00560346109e-10
        dmean2: 2.79086614929e-10
        dvar: 1.10327902536e-19
        dvar2: 1.94552259687e-19
        max: -1.03995960877e-13
        mean: -6.5155264517e-10
        min: -4.77937112109e-09
        var: 4.94713511612e-19
    spectral_energy:
        dmean: 0.000948118104134
        dmean2: 0.00131215911824
        dvar: 2.55185636888e-06
        dvar2: 4.36125719716e-06
        max: 0.0236373730004
        mean: 0.00298400036991
        min: 4.51513699318e-07
        var: 1.13324540507e-05
    spectral_energyband_high:
        dmean: 0.000169180173543
        dmean2: 0.000240358858719
        dvar: 9.81820704737e-08
        dvar2: 1.86409465641e-07
        max: 0.00325338006951
        mean: 0.000323536311043
        min: 1.07432089891e-08
        var: 2.83042851379e-07
    spectral_energyband_low:
        dmean: 1.24829784909e-05
        dmean2: 2.05222786462e-05
        dvar: 6.02120409088e-10
        dvar2: 1.46953382796e-09
        max: 0.00024955891422
        mean: 5.64262627449e-05
        min: 1.19030438839e-08
        var: 3.35234706661e-09
    spectral_energyband_middle_high:
        dmean: 0.000685106264427
        dmean2: 0.000928570225369
        dvar: 1.59491526119e-06
        dvar2: 2.62661524175e-06
        max: 0.0196679793298
        mean: 0.0018177437596
        min: 2.31637784509e-07
        var: 7.60308876124e-06
    spectral_energyband_middle_low:
        dmean: 0.000271556491498
        dmean2: 0.000405133905588
        dvar: 2.79430025785e-07
        dvar2: 7.00749126281e-07
        max: 0.0071393661201
        mean: 0.000786296615843
        min: 1.83653327213e-07
        var: 6.81818050907e-07
    spectral_flatness_db:
        dmean: 0.020676381886
        dmean2: 0.0299789346755
        dvar: 0.000360001809895
        dvar2: 0.000749166647438
        max: 0.362365752459
        mean: 0.202362194657
        min: 0.072888225317
        var: 0.00162998051383
    spectral_flux:
        dmean: 0.0117693087086
        dmean2: 0.0181375853717
        dvar: 0.000200177688384
        dvar2: 0.000465196208097
        max: 0.143204495311
        mean: 0.0315767712891
        min: 0.00312686152756
        var: 0.000560488784686
    spectral_kurtosis:
        dmean: 2.2563931942
        dmean2: 3.67163300514
        dvar: 7.77128601074
        dvar2: 18.4869842529
        max: 42.936164856
        mean: 5.03849458694
        min: -1.34773540497
        var: 20.9725437164
    spectral_rms:
        dmean: 0.000255321821896
        dmean2: 0.000341024220688
        dvar: 1.08999529402e-07
        dvar2: 1.63133847764e-07
        max: 0.00480217160657
        mean: 0.00150633428711
        min: 2.09881200135e-05
        var: 6.42177781174e-07
    spectral_rolloff:
        dmean: 509.800964355
        dmean2: 814.63104248
        dvar: 563259.875
        dvar2: 1021252.875
        max: 8247.21679688
        mean: 2785.84887695
        min: 258.3984375
        var: 2201761.5
    spectral_skewness:
        dmean: 0.307202130556
        dmean2: 0.482024312019
        dvar: 0.0838394090533
        dvar2: 0.182364195585
        max: 5.06428384781
        mean: 1.47666454315
        min: 0.0360457748175
        var: 0.426889955997
    spectral_spread:
        dmean: 669720.3125
        dmean2: 970842.4375
        dvar: 884761690112
        dvar2: 1.72579251814e+12
        max: 13012190
        mean: 4148669.5
        min: 1786486.625
        var: 2.51191702323e+12
    spectral_strongpeak:
        dmean: 0.568801522255
        dmean2: 0.903549611568
        dvar: 0.940222382545
        dvar2: 2.14160680771
        max: 8.3683681488
        mean: 0.977183043957
        min: 0.000313776166877
        var: 1.67281758785
    zerocrossingrate:
        dmean: 0.0116444956511
        dmean2: 0.0121314777061
        dvar: 0.000129152584122
        dvar2: 0.000150130174006
        max: 0.20361328125
        mean: 0.0806932449341
        min: 0.00927734375
        var: 0.00123787578195
    barkbands:
        dmean: [2.29240293415e-09, 3.20186177305e-06, 1.01483310573e-05, 1.97808731173e-05, 4.96073516842e-05, 8.11554200482e-05, 3.71219939552e-05, 4.36130249e-05, 0.000110325563583, 0.000206578231882, 0.000122298981296, 0.000113036920084, 7.82139904913e-05, 4.64073491457e-05, 6.10481583863e-05, 7.7848577348e-05, 4.39588366135e-05, 6.07169786235e-05, 0.000247753225267, 0.000207563207368, 9.10555390874e-05, 1.18359757835e-05, 2.28769954447e-06, 1.79746916729e-06, 3.37108843951e-07, 1.14514557836e-08, 2.33971064745e-10]
        dmean2: [3.68128105777e-09, 5.15568672199e-06, 1.67087328009e-05, 3.34384931193e-05, 7.07020735717e-05, 0.000109226435598, 5.37624691788e-05, 6.23351807008e-05, 0.000171186838998, 0.000322716659866, 0.000181561961654, 0.000146570644574, 0.000109805303509, 6.74912662362e-05, 8.9654007752e-05, 0.000128040555865, 6.09923190495e-05, 8.38787382236e-05, 0.000349814712536, 0.000272792967735, 0.000124441445223, 1.74892393261e-05, 3.41072336596e-06, 2.23198367166e-06, 5.29398278104e-07, 1.85467303737e-08, 4.13539980038e-10]
        dvar: [2.79966173696e-16, 2.29899606297e-11, 4.99543684196e-10, 2.84779111404e-09, 1.05160813391e-08, 2.45760372053e-08, 4.81768314131e-09, 3.91695529345e-08, 1.14587173528e-07, 3.62295907053e-07, 1.02445575578e-07, 1.17714819226e-07, 6.43579909365e-08, 3.02257241458e-08, 2.91703656785e-08, 1.11110693979e-07, 1.11489519838e-08, 3.56343292651e-08, 4.03371018365e-07, 1.50084176198e-07, 2.94092323827e-08, 7.80460973626e-10, 5.81679496237e-11, 4.21192594691e-11, 7.01067350874e-13, 7.56913459166e-16, 5.5159732647e-19]
        dvar2: [6.93893625555e-16, 5.41298152135e-11, 1.1583932702e-09, 5.80214809531e-09, 1.60065720678e-08, 4.2706648884e-08, 9.65808411024e-09, 7.68124763795e-08, 3.04397531181e-07, 8.7837747742e-07, 1.84791119295e-07, 1.17206191419e-07, 1.16088429536e-07, 5.89716506738e-08, 5.27483479118e-08, 3.15185587851e-07, 2.03045367186e-08, 6.06684693594e-08, 8.53101425946e-07, 2.50553057413e-07, 5.04810842017e-08, 1.6731478425e-09, 1.15801611356e-10, 5.47124810735e-11, 1.76972303999e-12, 2.05306217448e-15, 1.44560834225e-18]
        max: [2.51953309771e-07, 6.88052095938e-05, 0.000223161885515, 0.00112018035725, 0.0016862298362, 0.00190492416732, 0.000949799898081, 0.00341893755831, 0.00429582223296, 0.00701574329287, 0.00414129067212, 0.00734167546034, 0.00445336522534, 0.00269944639876, 0.00257414602675, 0.00462379958481, 0.00152087956667, 0.00385148543864, 0.00797643046826, 0.00472960341722, 0.0023603993468, 0.000266847957391, 0.000127974650241, 0.000153634129674, 1.31845699798e-05, 2.64318629206e-07, 9.63155155631e-09]
        mean: [2.08946260294e-09, 1.17269373732e-05, 4.46977683168e-05, 0.000104405167804, 0.000194210515474, 0.000163094664458, 6.63615428493e-05, 7.35143039492e-05, 0.0001597009541, 0.000303252221784, 0.000196990891709, 0.000182822797797, 0.00011917406664, 7.21591204638e-05, 9.4205053756e-05, 8.52662196849e-05, 6.73513059155e-05, 0.000100816869235, 0.000375435571186, 0.000385418563383, 0.000162714612088, 1.46080883496e-05, 2.62016510533e-06, 2.97329233945e-06, 4.68367119311e-07, 1.29574928565e-08, 1.81483994499e-10]
        min: [1.15601139772e-11, 6.12177508685e-09, 4.13739087435e-09, 3.53432616507e-09, 1.71220833067e-08, 2.66039812402e-08, 5.46959810777e-08, 3.28267262262e-08, 1.77683130431e-08, 2.66263420201e-08, 3.41849890617e-08, 1.36187541244e-08, 1.89643696302e-08, 1.72958047884e-09, 4.86653384257e-09, 7.25786897249e-09, 1.28953878686e-08, 1.27459385268e-08, 2.84414340967e-08, 8.31948732127e-09, 3.08696335161e-09, 2.3832233409e-10, 8.26134369247e-11, 8.00866595263e-11, 2.40412013214e-11, 5.89220989708e-12, 2.04942887747e-13]
        var: [1.46645662723e-16, 1.15535275791e-10, 3.511999358e-09, 3.58032075098e-08, 7.08857825771e-08, 7.63006511306e-08, 9.89959403341e-09, 8.90317508606e-08, 1.48614702766e-07, 5.59125226118e-07, 2.57643904433e-07, 4.23126181204e-07, 1.44406769209e-07, 6.82354510673e-08, 9.18701985597e-08, 7.61588552223e-08, 2.6625958327e-08, 9.40879090194e-08, 6.27009512755e-07, 5.46358762676e-07, 1.01159244537e-07, 1.11506515132e-09, 1.10431344624e-10, 1.49460194221e-10, 1.38560549753e-12, 8.08818473504e-16, 3.20284436578e-19]
    mfcc:
        mean: [-784.350097656, 125.359725952, -50.5127067566, 48.5657157898, -30.6998138428, -11.9352731705, 17.1841812134, -12.748957634, -1.68363678455, -6.25884199142, -20.5993022919, -7.23097276688, -9.38070583344]
        cov: [[4637.73193359, -1828.97216797, -607.67791748, -75.754737854, -322.415100098, -248.865753174, 187.006484985, -223.302108765, 173.900756836, 170.170059204, -200.791748047, 31.1259422302, -72.7982635498], [-1828.97216797, 1630.96484375, -68.6849594116, 72.6346206665, 197.973190308, 58.4512634277, -77.6216049194, 47.041519165, -43.8663101196, -76.8903121948, 33.4253997803, -116.31565094, 6.17858076096], [-607.67791748, -68.6849594116, 848.653991699, 24.3947525024, 60.4635391235, 37.2278823853, -235.721420288, 143.933944702, -57.5898666382, -18.5195465088, 43.529712677, -51.7340278625, 16.8606948853], [-75.754737854, 72.6346206665, 24.3947525024, 435.180145264, 115.405158997, -120.005104065, -27.3585834503, -12.8649845123, -17.7410449982, -69.0746688843, -67.0889053345, 29.6233463287, -54.5854301453], [-322.415100098, 197.973190308, 60.4635391235, 115.405158997, 225.312393188, 23.6309108734, -39.5417098999, -2.82980632782, -34.3142471313, -42.4692687988, -27.6892623901, -15.5503845215, 5.73403787613], [-248.865753174, 58.4512634277, 37.2278823853, -120.005104065, 23.6309108734, 304.696746826, 9.19530010223, -11.3526792526, -20.2021446228, 4.61498117447, 60.1642417908, -30.4658603668, 24.7351913452], [187.006484985, -77.6216049194, -235.721420288, -27.3585834503, -39.5417098999, 9.19530010223, 218.905578613, -46.4144592285, 19.4339084625, 24.7011966705, -11.4187202454, 35.3903388977, -23.9068222046], [-223.302108765, 47.041519165, 143.933944702, -12.8649845123, -2.82980632782, -11.3526792526, -46.4144592285, 174.119003296, 1.64516329765, 4.25590991974, 30.0377635956, 1.7007175684, 8.18231868744], [173.900756836, -43.8663101196, -57.5898666382, -17.7410449982, -34.3142471313, -20.2021446228, 19.4339084625, 1.64516329765, 142.09072876, 32.1405563354, -1.77609276772, -7.42570638657, -9.77216720581], [170.170059204, -76.8903121948, -18.5195465088, -69.0746688843, -42.4692687988, 4.61498117447, 24.7011966705, 4.25590991974, 32.1405563354, 152.830093384, 41.8268547058, -10.6309785843, -15.8367214203], [-200.791748047, 33.4253997803, 43.529712677, -67.0889053345, -27.6892623901, 60.1642417908, -11.4187202454, 30.0377635956, -1.77609276772, 41.8268547058, 152.421051025, 35.9017562866, 10.9272146225], [31.1259422302, -116.31565094, -51.7340278625, 29.6233463287, -15.5503845215, -30.4658603668, 35.3903388977, 1.7007175684, -7.42570638657, -10.6309785843, 35.9017562866, 147.097412109, -8.37821102142], [-72.7982635498, 6.17858076096, 16.8606948853, -54.5854301453, 5.73403787613, 24.7351913452, -23.9068222046, 8.18231868744, -9.77216720581, -15.8367214203, 10.9272146225, -8.37821102142, 104.957939148]]
        icov: [[0.000616540841293, 0.000704585341737, 0.000532263948116, 2.27717846428e-05, 0.000140905976878, 0.00023970696202, 0.000381237827241, 0.00020767452952, -0.00019046284433, -0.000299339881167, 0.000385664374335, 0.000468763289973, 0.000253316364251], [0.000704585341737, 0.00164541695267, 0.000965294369962, 9.0325529527e-06, -0.000545982969925, 0.000307459849864, 0.000682994257659, -0.000141576660099, -6.49549474474e-05, 0.000134845759021, -0.000258265325101, 0.00143212592229, 0.000520947272889], [0.000532263948116, 0.000965294369962, 0.00255397683941, -7.89237601566e-05, -0.000274559191894, -5.38523527212e-05, 0.00219721999019, -0.00112702453043, 0.000438043818576, -0.00013664830476, -0.000175943554495, 0.00109855155461, 0.000603227119427], [2.27717846428e-05, 9.0325529527e-06, -7.89237601566e-05, 0.00367020512931, -0.00174742413219, 0.00126097816974, 0.000279483443592, 0.000289984513074, -2.38529119088e-05, 0.00103867915459, 0.00056897290051, -0.000720414507668, 0.0018138079904], [0.000140905976878, -0.000545982969925, -0.000274559191894, -0.00174742413219, 0.00654231710359, -0.00111215317156, 0.000443637662102, 0.000385226885555, 0.000653986644465, -9.54735442065e-05, 0.00134447833989, -0.000207647448406, -0.000869171286467], [0.00023970696202, 0.000307459849864, -5.38523527212e-05, 0.00126097816974, -0.00111215317156, 0.00458402186632, -0.000655951036606, 0.000762751908042, 0.000307348032948, 0.000646716216579, -0.00190418155398, 0.00142864976078, 2.26713691518e-05], [0.000381237827241, 0.000682994257659, 0.00219721999019, 0.000279483443592, 0.000443637662102, -0.000655951036606, 0.00754363974556, 0.00025925328373, -6.65673360345e-05, -0.000969424203504, 0.00109130248893, -0.000985336024314, 0.00150025554467], [0.00020767452952, -0.000141576660099, -0.00112702453043, 0.000289984513074, 0.000385226885555, 0.000762751908042, 0.00025925328373, 0.00727851968259, -0.00064372230554, -0.000195111715584, -0.000721458927728, -0.000444651028374, -0.000274689722573], [-0.00019046284433, -6.49549474474e-05, 0.000438043818576, -2.38529119088e-05, 0.000653986644465, 0.000307348032948, -6.65673360345e-05, -0.00064372230554, 0.00796432979405, -0.00116849888582, -1.51689009726e-05, 0.000644383428153, 0.000334036216373], [-0.000299339881167, 0.000134845759021, -0.00013664830476, 0.00103867915459, -9.54735442065e-05, 0.000646716216579, -0.000969424203504, -0.000195111715584, -0.00116849888582, 0.00894361175597, -0.00323649006896, 0.00174682575744, 0.00171085086185], [0.000385664374335, -0.000258265325101, -0.000175943554495, 0.00056897290051, 0.00134447833989, -0.00190418155398, 0.00109130248893, -0.000721458927728, -1.51689009726e-05, -0.00323649006896, 0.010469969362, -0.00379273318686, -0.000595554651227], [0.000468763289973, 0.00143212592229, 0.00109855155461, -0.000720414507668, -0.000207647448406, 0.00142864976078, -0.000985336024314, -0.000444651028374, 0.000644383428153, 0.00174682575744, -0.00379273318686, 0.010002894327, 0.00069147994509], [0.000253316364251, 0.000520947272889, 0.000603227119427, 0.0018138079904, -0.000869171286467, 2.26713691518e-05, 0.00150025554467, -0.000274689722573, 0.000334036216373, 0.00171085086185, -0.000595554651227, 0.00069147994509, 0.0113307824358]]
    spectral_contrast:
        mean: [4.52738390777e-07, -1.02432636595e-07, 1.4133837567e-07, 1.99058959538e-07, 1.05164517095e-07, -7.28615390244e-08, 1.11683345949e-06, -6.51540403851e-08, -1.37625067964e-06, 1.36200043244e-07, 7.01553517501e-07, -1.75388379375e-08]
        var: [0.00115179934073, 0.00167940172832, 0.00335902394727, 0.00344964070246, 0.00541324168444, 0.0119567299262, 0.112942099571, 0.156885385513, 0.251341789961, 0.426249951124, 0.544028222561, 1.66951453686]

rhythm:
    beats_loudness:
        dmean: 0.00233667949215
        dmean2: 0.00317958975211
        dvar: 4.69624183097e-06
        dvar2: 1.21180701171e-05
        max: 0.0125219235197
        mean: 0.00282157328911
        min: 0.000280060747173
        var: 7.30664851289e-06
    beats_loudness_bass:
        dmean: 0.0552886947989
        dmean2: 0.0817892625928
        dvar: 0.00649376539513
        dvar2: 0.00926606729627
        max: 0.385860323906
        mean: 0.0810099318624
        min: 0.00920461397618
        var: 0.00820868462324
    bpm: 188.265075684
    bpm_confidence: 0
    first_peak_bpm: 188
    first_peak_spread: 0
    first_peak_weight: 0.692307710648
    onset_rate: 4.1653175354
    second_peak_bpm: 132
    second_peak_spread: 0
    second_peak_weight: 0.269230782986
    beats_position: [0.0390997193754, 0.357800811529, 0.67650192976, 0.995203018188, 1.31390404701, 1.63260519505, 1.95130634308, 2.2700073719, 2.58870840073, 2.90740966797, 3.22611069679, 3.54481172562, 3.86351299286, 4.18221378326, 4.50091505051, 4.81961631775, 5.13831710815, 5.4570183754, 5.77571964264, 6.39545822144, 6.85125207901, 7.30704641342, 7.76283979416, 8.21863460541, 8.67442893982, 9.13022232056, 9.58601570129]
    bpm_estimates: [188.676010132, 187.854141235]
    bpm_intervals: [0.318701088428, 0.318701118231, 0.318701088428, 0.318701028824, 0.318701148033, 0.318701148033, 0.318701028824, 0.318701028824, 0.318701267242, 0.318701028824, 0.318701028824, 0.318701267242, 0.318700790405, 0.318701267242, 0.318701267242, 0.318700790405, 0.318701267242, 0.318701267242, 0.619738578796, 0.455793857574, 0.455794334412, 0.455793380737, 0.455794811249, 0.455794334412, 0.455793380737, 0.455793380737]
    onset_times: [0.0696598663926, 0.301859408617, 0.441179126501, 0.568888902664, 0.754648506641, 1.10294783115, 1.45124721527, 1.92725622654, 2.06657600403, 2.11301589012, 2.28716564178, 2.69351482391, 3.04181408882, 3.30884361267, 3.36689352989, 3.55265307426, 3.72680282593, 4.04027223587, 4.19120168686, 4.41179132462, 4.5046710968, 4.60916090012, 5.0967798233, 5.20126962662, 5.25931978226, 5.42185926437, 5.54956912994, 5.86303853989, 6.22294807434, 6.54802703857, 6.6989569664, 7.04725646973, 7.20979595184, 7.51165533066, 7.8251247406, 8.0224943161, 8.47528362274, 8.6146030426, 9.04417228699, 9.11383247375, 9.67111110687, 9.92653083801]
    rubato_start: [6.85125207901]
    rubato_stop: [9.58601570129]
    perceptual_tempo: "unknown"

sfx:
    inharmonicity:
        dmean: 0.0317758508027
        dmean2: 0.0549748130143
        dvar: 0.00193904829212
        dvar2: 0.00509605184197
        max: 0.448687046766
        mean: 0.0364654399455
        min: 0.00010013928113
        var: 0.00218845764175
    oddtoevenharmonicenergyratio:
        dmean: 3.55973100662
        dmean2: 6.5113992691
        dvar: 191.166259766
        dvar2: 565.658203125
        max: 192.281311035
        mean: 3.29552435875
        min: 0.000870385265443
        var: 106.402412415
    pitch_after_max_to_before_max_energy_ratio: 3.74766469002
    pitch_centroid: 185.069458008
    pitch_max_to_total: 0.163218393922
    pitch_min_to_total: 0.928735613823
    tristimulus:
        dmean: [0.137288615108, 0.187305808067, 0.112005092204]
        dmean2: [0.235265865922, 0.329153567553, 0.198802247643]
        dvar: [0.0274246055633, 0.0395909771323, 0.0158615279943]
        dvar2: [0.0718128085136, 0.108590826392, 0.0395148321986]
        max: [0.941062092781, 0.996254920959, 0.844581007957]
        mean: [0.290941238403, 0.56968075037, 0.121543586254]
        min: [0.00374515308067, 0, 0]
        var: [0.0415995009243, 0.054685510695, 0.020103443414]

tonal:
    chords_changes_rate: 0.0319634713233
    chords_number_rate: 0.0136986300349
    chords_strength:
        dmean: 0.00651479046792
        dmean2: 0.00762951094657
        dvar: 2.68286858045e-05
        dvar2: 4.37794005848e-05
        max: 0.653054356575
        mean: 0.550640642643
        min: 0.472475796938
        var: 0.00144928204827
    key_strength: 0.832378149033
    tuning_diatonic_strength: 0.658147513866
    tuning_equal_tempered_deviation: 0.0537877157331
    tuning_frequency: 442.293365479
    tuning_nontempered_energy_ratio: 0.6140229702
    hpcp:
        dmean: [0.163004353642, 0.13919326663, 0.113787800074, 0.103421531618, 0.146192237735, 0.1671769768, 0.204879075289, 0.166089728475, 0.0807198435068, 0.0727474242449, 0.0832240507007, 0.1139299348, 0.143189817667, 0.122177444398, 0.0882428362966, 0.0617363341153, 0.0507941693068, 0.0728510245681, 0.0853387638927, 0.0671405568719, 0.142681196332, 0.18973146379, 0.141731888056, 0.0896853730083, 0.0429923869669, 0.0520015582442, 0.0799759998918, 0.108439601958, 0.0967165902257, 0.0694925859571, 0.073270611465, 0.0927816182375, 0.136255592108, 0.173448652029, 0.19386292994, 0.183379992843]
        dmean2: [0.271468490362, 0.234924405813, 0.193876802921, 0.179763898253, 0.254503190517, 0.278957098722, 0.346434831619, 0.278466790915, 0.134149432182, 0.121045447886, 0.142854675651, 0.20296305418, 0.253462821245, 0.202770516276, 0.15445445478, 0.100805819035, 0.0866007581353, 0.121659636497, 0.144422993064, 0.112264476717, 0.235433608294, 0.318453520536, 0.235623642802, 0.156351938844, 0.0760494917631, 0.094973526895, 0.138314202428, 0.18227365613, 0.164632037282, 0.121575333178, 0.13392919302, 0.170998856425, 0.231834694743, 0.293777793646, 0.344678282738, 0.321131259203]
        dvar: [0.0491889230907, 0.0371807515621, 0.0391594283283, 0.0197098981589, 0.0493099018931, 0.0351229757071, 0.0579802021384, 0.036951135844, 0.0224831905216, 0.018114797771, 0.0144039709121, 0.0342662855983, 0.0446161739528, 0.0350068099797, 0.0273656062782, 0.0141950976104, 0.0131313689053, 0.0163542423397, 0.0210690889508, 0.0100134983659, 0.0290237702429, 0.051037620753, 0.0304617714137, 0.0314214602113, 0.0101505555212, 0.0193924885243, 0.0203050971031, 0.0402741469443, 0.0334850177169, 0.0270741656423, 0.0289629772305, 0.0393094532192, 0.0360278561711, 0.0500065684319, 0.0668112263083, 0.0607307069004]
        dvar2: [0.126418203115, 0.103417694569, 0.104477286339, 0.0481683239341, 0.129498079419, 0.0905950441957, 0.118126302958, 0.0972395837307, 0.0492091998458, 0.0369102284312, 0.0383908189833, 0.0970092117786, 0.122531123459, 0.0981809124351, 0.0669926032424, 0.0327597111464, 0.0333571732044, 0.0382369123399, 0.0501871295273, 0.0274323243648, 0.0774205327034, 0.113804556429, 0.0764594301581, 0.0910398513079, 0.0220450162888, 0.055392280221, 0.0551414564252, 0.0967580676079, 0.0847689434886, 0.0715046301484, 0.0763453394175, 0.110158391297, 0.100140996277, 0.138366833329, 0.174077212811, 0.162168234587]
        max: [1, 1, 1, 1, 1, 1, 1, 1, 1, 1, 0.939473509789, 1, 1, 1, 1, 1, 0.941068828106, 1, 1, 0.627540230751, 0.957056522369, 1, 1, 1, 0.818912923336, 0.888778269291, 0.981174826622, 1, 1, 1, 1, 1, 1, 1, 1, 1]
        mean: [0.217478752136, 0.159714221954, 0.109550304711, 0.115526787937, 0.140974104404, 0.304675668478, 0.450578898191, 0.26913484931, 0.0849376916885, 0.0767355412245, 0.0847440287471, 0.153576597571, 0.207079902291, 0.151700004935, 0.0923920497298, 0.0639203190804, 0.0499259121716, 0.0787990838289, 0.101450063288, 0.0775305703282, 0.237836197019, 0.430709213018, 0.277069717646, 0.0789517238736, 0.0373703539371, 0.035667616874, 0.0785528793931, 0.1315305233, 0.110794082284, 0.0644327551126, 0.056459184736, 0.0721797198057, 0.162959232926, 0.255589276552, 0.226930439472, 0.206709578633]
        min: [0.000467120466055, 0.00121667899657, 0.000631443806924, 0.000408189400332, 0, 0, 0.000509637466166, 0.00256199832074, 0.000111760717118, 0.000342391227605, 0.00077788188355, 0, 0, 0, 0.000139049472637, 0.000681255944073, 0.000205457123229, 0, 0, 0.000644595187623, 0.000799503875896, 0.00124005693942, 0, 0, 0, 0, 0, 0, 0, 0, 0, 0, 0, 0, 0, 0.000476204993902]
        var: [0.0938013866544, 0.0548379719257, 0.0366051830351, 0.0243513789028, 0.0443980582058, 0.0580730214715, 0.12959498167, 0.0518416911364, 0.0211923923343, 0.0181391984224, 0.0152105120942, 0.047966979444, 0.0822772160172, 0.0477316938341, 0.029552642256, 0.0157349966466, 0.0116623463109, 0.0180901251733, 0.0310284681618, 0.0125222615898, 0.0517084337771, 0.136106565595, 0.0698531493545, 0.0286460649222, 0.0103454394266, 0.0123307714239, 0.0222248788923, 0.0489080175757, 0.0397067666054, 0.0268205907196, 0.0219061467797, 0.0275786239654, 0.0546881482005, 0.0995384454727, 0.0809845849872, 0.069390155375]
    chords_histogram: [78.53881073, 0, 0, 0, 0, 0, 0, 0, 0, 0, 0, 0, 0, 0, 0, 0, 0, 0, 0, 0, 0, 0, 8.21917819977, 13.2420091629]
    thpcp: [1, 0.597309052944, 0.188507914543, 0.170304343104, 0.18807810545, 0.340842843056, 0.459586322308, 0.336677998304, 0.205051884055, 0.141862660646, 0.110803931952, 0.174884095788, 0.225154936314, 0.172068804502, 0.527845859528, 0.955901861191, 0.614919424057, 0.175222858787, 0.0829385370016, 0.0791595354676, 0.174337685108, 0.291914522648, 0.245892748237, 0.14299993217, 0.125303655863, 0.160193294287, 0.361666381359, 0.567246437073, 0.503641963005, 0.458764433861, 0.48266518116, 0.354464501143, 0.243132352829, 0.256396353245, 0.31287330389, 0.676187157631]
    chords_key: "E"
    chords_scale: "major"
    key_key: "E"
    key_scale: "major"
    chords_progression: ["E", "E", "E", "E", "E", "E", "E", "E", "E", "E", "E", "E", "E", "E", "E", "E", "E", "E", "E", "E", "E", "E", "E", "E", "C#m", "C#m", "C#m", "C#m", "C#m", "C#m", "C#m", "C#m", "C#m", "C#m", "C#m", "C#m", "C#m", "C#m", "C#m", "C#m", "C#m", "C#m", "C#m", "C#m", "C#m", "C#m", "C#m", "C#m", "C#m", "C#m", "C#m", "C#m", "C#m", "A", "A", "A", "A", "A", "A", "A", "A", "E", "E", "E", "E", "E", "E", "E", "E", "E", "E", "E", "E", "E", "E", "E", "E", "E", "E", "E", "E", "E", "E", "E", "E", "E", "E", "E", "E", "E", "E", "E", "E", "E", "E", "E", "E", "E", "E", "E", "E", "E", "E", "E", "E", "E", "E", "E", "E", "E", "E", "E", "E", "E", "E", "E", "E", "E", "E", "E", "E", "E", "E", "E", "E", "E", "E", "E", "E", "E", "E", "E", "E", "E", "E", "E", "E", "A", "A", "A", "A", "A", "A", "E", "E", "E", "E", "E", "E", "E", "E", "E", "E", "E", "E", "E", "E", "E", "E", "E", "E", "E", "E", "E", "E", "E", "A", "A", "A", "A", "E", "E", "E", "E", "E", "E", "E", "E", "E", "E", "E", "E", "E", "E", "E", "E", "E", "E", "E", "E", "E", "E", "E", "E", "E", "E", "E", "E", "E", "E", "E", "E", "E", "E", "E", "E", "E", "E", "E", "E", "E", "E", "E", "E", "E", "E", "E", "E", "E"]
