
metadata:
    version:
        essentia: "1.2.2"
    audio_properties:
        analysis_sample_rate: 44100
        bitrate: 128
        channels: 2
        equal_loudness: 1
        length: 10.0832653046
        replay_gain: -5.6399974823
        downmix: "mix"
    tags:
        track: 15
        year: 0
        album: "Splitted by Mp3Splt v. 2.1"
        artist: "From 002.20 To 002.30"
        comment: "http://mp3splt.sf.net"
        genre: ""
        title: "07 Ruthless (Reprise).mp3"

highlevel:
    ballroom:
        all:
            ChaChaCha: 0.00387911405414
            Jive: 0.0100879753008
            Quickstep: 0.0532692372799
            Rumba-American: 0.021717377007
            Rumba-International: 0.0177225228399
            Rumba-Misc: 0.0147090293467
            Samba: 0.00543708214536
            Tango: 0.051241453737
            VienneseWaltz: 0.716765880585
            Waltz: 0.105170346797
        probability: 0.716765880585
        value: "VienneseWaltz"
    culture:
        all:
            non_western: 0.45196095109
            western: 0.548039019108
        probability: 0.548039019108
        value: "western"
    gender:
        all:
            female: 0.600676596165
            male: 0.399323374033
        probability: 0.600676596165
        value: "female"
    genre_dortmund:
        all:
            alternative: 0.068018309772
            blues: 0.0360168591142
            electronic: 0.148256719112
            folkcountry: 0.165529057384
            funksoulrnb: 0.06665122509
            jazz: 0.0232816636562
            pop: 0.0759138017893
            raphiphop: 0.0157819408923
            rock: 0.400550425053
        probability: 0.400550425053
        value: "rock"
    genre_electronica:
        all:
            ambient: 0.859679341316
            dnb: 0.06928139925
            house: 0.0278189573437
            techno: 0.00824889726937
            trance: 0.0349714159966
        probability: 0.859679341316
        value: "ambient"
    genre_rosamerica:
        all:
            cla: 0.607517123222
            dan: 0.012689191848
            hip: 0.0107938135043
            jaz: 0.0131178684533
            pop: 0.0714322924614
            rhy: 0.118685930967
            roc: 0.158249214292
            spe: 0.00751456664875
        probability: 0.607517123222
        value: "cla"
    genre_tzanetakis:
        all:
            blu: 0.0210896208882
            cla: 0.514931023121
            cou: 0.246985286474
            dis: 0.0490184016526
            hip: 0.0046569313854
            jaz: 0.0352656431496
            met: 0.00514098443091
            pop: 0.017915988341
            reg: 0.0494034588337
            roc: 0.0555926673114
        probability: 0.514931023121
        value: "cla"
    live_studio:
        all:
            live: 0.124614827335
            studio: 0.875385165215
        probability: 0.875385165215
        value: "studio"
    mood:
        all:
            Cluster1: 0.148246943951
            Cluster2: 0.139914646745
            Cluster3: 0.355333000422
            Cluster4: 0.210298001766
            Cluster5: 0.146207407117
        probability: 0.355333000422
        value: "Cluster3"
    mood_acoustic:
        all:
            acoustic: 0.409797370434
            not_acoustic: 0.590202629566
        probability: 0.590202629566
        value: "not_acoustic"
    mood_aggressive:
        all:
            aggressive: 0.603813827038
            not_aggressive: 0.39618614316
        probability: 0.603813827038
        value: "aggressive"
    mood_electronic:
        all:
            electronic: 0.486776351929
            not_electronic: 0.513223648071
        probability: 0.513223648071
        value: "not_electronic"
    mood_happy:
        all:
            happy: 0.624078452587
            not_happy: 0.375921547413
        probability: 0.624078452587
        value: "happy"
    mood_party:
        all:
            not_party: 0.881425142288
            party: 0.118574887514
        probability: 0.881425142288
        value: "not_party"
    mood_relaxed:
        all:
            not_relaxed: 0.377918720245
            relaxed: 0.622081279755
        probability: 0.622081279755
        value: "relaxed"
    mood_sad:
        all:
            not_sad: 0.380749762058
            sad: 0.619250237942
        probability: 0.619250237942
        value: "sad"
    rhythm:
        all:
            fast: 0.771099090576
            medium: 0.19269798696
            slow: 0.0362028889358
        probability: 0.771099090576
        value: "fast"
    speech_music:
        all:
            music: 0.909541070461
            speech: 0.0904589220881
        probability: 0.909541070461
        value: "music"
    timbre:
        all:
            bright: 0.0411852039397
            dark: 0.958814799786
        probability: 0.958814799786
        value: "dark"
    voice_instrumental:
        all:
            instrumental: 0.212481051683
            voice: 0.787518918514
        probability: 0.787518918514
        value: "voice"

lowlevel:
    average_loudness: 0.976144552231
    barkbands_kurtosis:
        dmean: 0.940603673458
        dmean2: 1.52286314964
        dvar: 1.31798744202
        dvar2: 3.50286006927
        max: 8.69437122345
        mean: -0.107996992767
        min: -1.61108636856
        var: 1.59815967083
    barkbands_skewness:
        dmean: 0.434845626354
        dmean2: 0.657755374908
        dvar: 0.171165406704
        dvar2: 0.343517124653
        max: 1.84973025322
        mean: 0.131906539202
        min: -1.93825364113
        var: 0.488186120987
    barkbands_spread:
        dmean: 3.56681656837
        dmean2: 5.7103729248
        dvar: 8.89850521088
        dvar2: 21.3406276703
        max: 25.465921402
        mean: 13.2044315338
        min: 3.85959124565
        var: 16.4394607544
    dissonance:
        dmean: 0.0415509827435
        dmean2: 0.0701562091708
        dvar: 0.0016701547429
        dvar2: 0.00391516415402
        max: 0.497908234596
        mean: 0.43218934536
        min: 0.0243267025799
        var: 0.00223940447904
    hfc:
        dmean: 2.53101801872
        dmean2: 4.04890012741
        dvar: 23.1741714478
        dvar2: 59.2466087341
        max: 52.9235038757
        mean: 3.98989653587
        min: 0.00351783330552
        var: 23.9226856232
    pitch:
        dmean: 148.215744019
        dmean2: 280.199188232
        dvar: 70972.3671875
        dvar2: 195792.421875
        max: 2004.54541016
        mean: 263.592071533
        min: 74.1176452637
        var: 47624.734375
    pitch_instantaneous_confidence:
        dmean: 0.112153068185
        dmean2: 0.184138208628
        dvar: 0.00815203320235
        dvar2: 0.0193988494575
        max: 0.844758689404
        mean: 0.430944651365
        min: 0.154981791973
        var: 0.0191045235842
    pitch_salience:
        dmean: 0.0692368969321
        dmean2: 0.111345954239
        dvar: 0.00332261645235
        dvar2: 0.00776573549956
        max: 0.925899744034
        mean: 0.627208888531
        min: 0.326101511717
        var: 0.00855730939656
    silence_rate_20dB:
        dmean: 0
        dmean2: 0
        dvar: 0
        dvar2: 0
        max: 1
        mean: 1
        min: 1
        var: 0
    silence_rate_30dB:
        dmean: 0
        dmean2: 0
        dvar: 0
        dvar2: 0
        max: 1
        mean: 1
        min: 1
        var: 0
    silence_rate_60dB:
        dmean: 0.28045976162
        dmean2: 0.562211990356
        dvar: 0.20180273056
        dvar2: 0.379771828651
        max: 1
        mean: 0.444954127073
        min: 0
        var: 0.246969118714
    spectral_centroid:
        dmean: 139.558609009
        dmean2: 207.799850464
        dvar: 23338.4257812
        dvar2: 41104.3476562
        max: 1958.8536377
        mean: 876.792114258
        min: 350.298736572
        var: 67354.1640625
    spectral_complexity:
        dmean: 2.98617506027
        dmean2: 4.76674365997
        dvar: 6.4237818718
        dvar2: 15.4767770767
        max: 27
        mean: 11.790804863
        min: 0
        var: 14.4137077332
    spectral_crest:
        dmean: 2.66071486473
        dmean2: 4.44780158997
        dvar: 5.1048746109
        dvar2: 12.8223991394
        max: 19.5475654602
        mean: 7.82441854477
        min: 3.08316087723
        var: 9.95168304443
    spectral_decrease:
        dmean: 4.90771145945e-10
        dmean2: 8.02125477151e-10
        dvar: 4.18099552139e-19
        dvar2: 1.06680770158e-18
        max: -7.06856773634e-13
        mean: -9.78822911613e-10
        min: -5.88656323686e-09
        var: 4.6647821839e-19
    spectral_energy:
        dmean: 0.00207432126626
        dmean2: 0.00338373659179
        dvar: 8.10063374956e-06
        dvar2: 2.0672861865e-05
        max: 0.0270175654441
        mean: 0.00405620038509
        min: 2.98691861644e-06
        var: 8.93131254998e-06
    spectral_energyband_high:
        dmean: 1.42948010762e-06
        dmean2: 2.27422947319e-06
        dvar: 1.00131110001e-11
        dvar2: 2.62330625972e-11
        max: 2.43016602326e-05
        mean: 1.48312506099e-06
        min: 1.66208458108e-09
        var: 8.38764214334e-12
    spectral_energyband_low:
        dmean: 5.7568817283e-05
        dmean2: 9.61878613452e-05
        dvar: 4.83875295387e-09
        dvar2: 1.27728512211e-08
        max: 0.000639436708298
        mean: 0.000115214039397
        min: 1.84102916023e-07
        var: 1.0138915485e-08
    spectral_energyband_middle_high:
        dmean: 0.00145597558003
        dmean2: 0.00233432953246
        dvar: 6.74553893987e-06
        dvar2: 1.6988184143e-05
        max: 0.0256629046053
        mean: 0.00214390945621
        min: 2.1089533675e-06
        var: 7.71596660343e-06
    spectral_energyband_middle_low:
        dmean: 0.000836235645693
        dmean2: 0.00135698146187
        dvar: 1.00043109796e-06
        dvar2: 2.63413926405e-06
        max: 0.011686376296
        mean: 0.00179558759555
        min: 6.40326163648e-07
        var: 1.24661471546e-06
    spectral_flatness_db:
        dmean: 0.0288794320077
        dmean2: 0.0446917116642
        dvar: 0.000504753319547
        dvar2: 0.00129296060186
        max: 0.334566354752
        mean: 0.247886523604
        min: 0.143931299448
        var: 0.00125876266975
    spectral_flux:
        dmean: 0.0114035876468
        dmean2: 0.018441464752
        dvar: 0.000193162020878
        dvar2: 0.000391122710425
        max: 0.143132567406
        mean: 0.0393648333848
        min: 0.00383778032847
        var: 0.000285083282506
    spectral_kurtosis:
        dmean: 13.8345088959
        dmean2: 22.7431659698
        dvar: 121.551361084
        dvar2: 330.525268555
        max: 87.5042724609
        mean: 32.6618499756
        min: 6.76737213135
        var: 232.281112671
    spectral_rms:
        dmean: 0.000470756873256
        dmean2: 0.000739929033443
        dvar: 2.51574988397e-07
        dvar2: 6.08906930211e-07
        max: 0.00513406284153
        mean: 0.00189662922639
        min: 5.39820975973e-05
        var: 3.60060710136e-07
    spectral_rolloff:
        dmean: 227.537261963
        dmean2: 370.042724609
        dvar: 52849.3085938
        dvar2: 111973.765625
        max: 2562.45117188
        mean: 1460.14941406
        min: 710.595703125
        var: 128317.726562
    spectral_skewness:
        dmean: 0.816814959049
        dmean2: 1.35946512222
        dvar: 0.392119497061
        dvar2: 1.16311728954
        max: 6.99637794495
        mean: 4.14330482483
        min: 1.84990644455
        var: 0.77310949564
    spectral_spread:
        dmean: 518433.5625
        dmean2: 778735.375
        dvar: 294480248832
        dvar2: 682142334976
        max: 5548997
        mean: 1696814.25
        min: 642031.25
        var: 482471575552
    spectral_strongpeak:
        dmean: 0.512496054173
        dmean2: 0.834818720818
        dvar: 0.473419904709
        dvar2: 1.01042485237
        max: 5.88978290558
        mean: 0.739348888397
        min: 0.003255357733
        var: 0.813598096371
    zerocrossingrate:
        dmean: 0.00463192164898
        dmean2: 0.00513202743605
        dvar: 1.74729048013e-05
        dvar2: 1.97123172256e-05
        max: 0.07958984375
        mean: 0.046579785645
        min: 0.00830078125
        var: 0.000108326392365
    barkbands:
        dmean: [7.39555474638e-08, 1.39922003655e-05, 5.02515904373e-05, 0.000187016179552, 0.000175822424353, 0.000164130266057, 0.00020372425206, 0.00015219807392, 0.000372113252524, 0.000251096556894, 0.000220671805437, 0.000251197488979, 0.000400091463234, 0.000218363929889, 0.000201605900656, 0.000206548982533, 0.000113709742436, 2.69263491646e-05, 8.49375282996e-06, 1.81455391157e-06, 3.70860732346e-07, 8.79072885596e-08, 1.71697976725e-07, 2.79155045746e-07, 3.33962653087e-08, 1.34386579642e-09, 2.20146512131e-10]
        dmean2: [1.15968070702e-07, 2.30332498177e-05, 8.45701870276e-05, 0.000319236627547, 0.00029863693635, 0.000279371830402, 0.000340984464856, 0.000250305223744, 0.000608208938502, 0.000423296034569, 0.000382112135412, 0.000410750508308, 0.000624940497801, 0.000365445477655, 0.000345705280779, 0.000343550811522, 0.000178080925252, 4.88288933411e-05, 1.42900289575e-05, 3.20349863614e-06, 6.04158060469e-07, 1.36935256023e-07, 2.83452152416e-07, 4.48965437272e-07, 5.06154762547e-08, 2.36991493097e-09, 4.06455591406e-10]
        dvar: [6.37840813695e-14, 5.56686086117e-10, 4.38683134263e-09, 8.25785662073e-08, 4.74819614737e-08, 1.22881203879e-07, 1.14226487824e-07, 5.14526554696e-08, 3.54661466417e-07, 1.22547476167e-07, 1.78313385391e-07, 1.23185643019e-07, 1.10091264105e-06, 2.1234417602e-07, 6.37940729575e-07, 4.92042715905e-07, 1.65012110642e-07, 1.70932157317e-08, 9.5775498643e-10, 4.05551842109e-11, 9.80204307478e-13, 2.88423934259e-14, 1.00445740863e-13, 2.8645109288e-13, 3.1295834522e-15, 7.677818481e-18, 2.18610911201e-19]
        dvar2: [1.52295317741e-13, 1.34219968473e-09, 1.19899024043e-08, 2.34514033082e-07, 1.25162642917e-07, 3.44942122865e-07, 3.05460702066e-07, 1.33448651241e-07, 8.61844625888e-07, 2.9964684245e-07, 4.61466612478e-07, 2.98941813526e-07, 2.40152485276e-06, 5.73615864141e-07, 1.78218579094e-06, 1.35408538426e-06, 3.63305360906e-07, 4.96904135616e-08, 2.45955233957e-09, 1.15781238763e-10, 2.62123981375e-12, 7.08438096055e-14, 2.61404233762e-13, 7.71843092912e-13, 7.33750930295e-15, 2.05610613957e-17, 6.06909498164e-19]
        max: [3.0926639738e-06, 0.000293504301226, 0.00058409140911, 0.00326303578913, 0.00205020466819, 0.00507325027138, 0.0036437890958, 0.00233943830244, 0.00653546862304, 0.00256925006397, 0.00336267752573, 0.00320618459955, 0.00981545541435, 0.00384045997635, 0.00832842197269, 0.00857967231423, 0.00562227983028, 0.00154028041288, 0.000353236246156, 4.98168592458e-05, 8.77276761457e-06, 1.55690133852e-06, 2.46157060246e-06, 3.97206440539e-06, 4.08583844091e-07, 1.71876592958e-08, 5.63838264966e-09]
        mean: [7.65025802707e-08, 5.37718369742e-05, 6.13734155195e-05, 0.000267273775535, 0.000328128022375, 0.000236824867898, 0.000308219867293, 0.000198803129024, 0.000411017157603, 0.000250327953836, 0.000220187677769, 0.000394433678593, 0.000487569806864, 0.000249849166721, 0.00019769447681, 0.000227644399274, 0.000130000596982, 2.23016540986e-05, 8.31453780847e-06, 1.42568376305e-06, 3.29210649852e-07, 8.78389840864e-08, 1.8872749763e-07, 3.19433070217e-07, 3.76716222661e-08, 9.44205602593e-10, 1.5840632972e-10]
        min: [5.11768821765e-11, 9.72735989535e-08, 4.46875141336e-08, 1.11734010488e-07, 2.24199780519e-07, 8.79330741554e-08, 5.03651094164e-08, 5.9454634993e-08, 2.98611944061e-08, 1.16238652481e-07, 9.70503819531e-08, 2.7351825338e-07, 3.94838650664e-07, 1.43602790104e-07, 2.9464469975e-08, 4.11300504766e-07, 1.54965917432e-07, 7.37867011935e-09, 2.70906430622e-09, 6.34210184369e-10, 2.19478463181e-10, 1.54133331098e-10, 4.36723213149e-10, 4.18876100472e-10, 6.4848348913e-11, 1.05701153396e-13, 1.31933631636e-14]
        var: [5.53694765005e-14, 4.63292115782e-09, 5.28888310924e-09, 1.59269006872e-07, 7.15974834975e-08, 9.58549861707e-08, 1.42453217222e-07, 6.8497811867e-08, 3.99729714218e-07, 1.21471714465e-07, 1.69172409414e-07, 1.60193962984e-07, 1.72935358478e-06, 2.13447478359e-07, 4.21868264766e-07, 3.55353535042e-07, 1.72173415081e-07, 9.59944390644e-09, 8.38793312585e-10, 2.47816663024e-11, 7.58357298399e-13, 2.88351123306e-14, 8.65698978432e-14, 2.41305917305e-13, 3.39478586809e-15, 5.32395900193e-18, 1.35946642535e-19]
    mfcc:
        mean: [-811.355102539, 227.295837402, -59.6410560608, -29.8756580353, 25.3560028076, -9.42764091492, -14.931388855, 1.00340306759, -12.7714500427, -0.292368531227, -18.4429740906, 4.34685373306, -5.93029880524]
        cov: [[1628.4597168, -493.664642334, -318.935699463, 278.279418945, -98.3295822144, -35.6534729004, 139.322998047, -75.6472167969, 59.1528511047, 89.4302215576, 86.0990219116, 10.2600336075, -31.1113872528], [-493.664642334, 706.283935547, -18.6045188904, -137.211120605, 20.5019054413, -42.4742736816, -6.20419931412, 81.2092208862, 33.513256073, 36.1840248108, -1.20635437965, 9.49726486206, 32.6851272583], [-318.935699463, -18.6045188904, 723.629943848, -158.799240112, -111.814300537, 123.527565002, -102.778060913, 67.7917480469, 140.704284668, -33.9949569702, -78.5309143066, 33.6365776062, 50.2729377747], [278.279418945, -137.211120605, -158.799240112, 304.889892578, -43.0743598938, -28.2788944244, 73.6024093628, -47.6728591919, 46.7096328735, 31.3215923309, 44.2768096924, 54.4500236511, 0.216554567218], [-98.3295822144, 20.5019054413, -111.814300537, -43.0743598938, 207.979431152, -11.5813531876, -23.960351944, 12.8170185089, -85.3685836792, 8.30660152435, 8.06146621704, -40.1800689697, -1.49067032337], [-35.6534729004, -42.4742736816, 123.527565002, -28.2788944244, -11.5813531876, 106.929870605, 14.4582061768, -3.20683670044, 30.8181209564, -2.96487879753, -17.9804916382, 7.41272544861, 12.2728004456], [139.322998047, -6.20419931412, -102.778060913, 73.6024093628, -23.960351944, 14.4582061768, 118.416519165, 11.2469682693, 18.3096866608, 32.5862693787, 15.8063421249, 7.51454877853, 5.46362400055], [-75.6472167969, 81.2092208862, 67.7917480469, -47.6728591919, 12.8170185089, -3.20683670044, 11.2469682693, 115.838851929, 57.0493392944, 20.6136245728, 5.96652889252, -4.41115760803, 13.8574266434], [59.1528511047, 33.513256073, 140.704284668, 46.7096328735, -85.3685836792, 30.8181209564, 18.3096866608, 57.0493392944, 184.785385132, 41.2987060547, 1.52808976173, 58.6329193115, 25.044675827], [89.4302215576, 36.1840248108, -33.9949569702, 31.3215923309, 8.30660152435, -2.96487879753, 32.5862693787, 20.6136245728, 41.2987060547, 87.1314163208, 29.7495994568, 20.2594394684, 17.4868392944], [86.0990219116, -1.20635437965, -78.5309143066, 44.2768096924, 8.06146621704, -17.9804916382, 15.8063421249, 5.96652889252, 1.52808976173, 29.7495994568, 69.8530883789, 23.172504425, 6.26274490356], [10.2600336075, 9.49726486206, 33.6365776062, 54.4500236511, -40.1800689697, 7.41272544861, 7.51454877853, -4.41115760803, 58.6329193115, 20.2594394684, 23.172504425, 88.9988327026, 29.623752594], [-31.1113872528, 32.6851272583, 50.2729377747, 0.216554567218, -1.49067032337, 12.2728004456, 5.46362400055, 13.8574266434, 25.044675827, 17.4868392944, 6.26274490356, 29.623752594, 61.0208625793]]
        icov: [[0.00118922675028, 0.000877364887856, 0.000435729831224, 0.000103707512608, 0.000476065528346, 0.00050920486683, -0.00063062942354, 0.000693556386977, -0.000977183575742, -0.000868291186634, -0.000756687717512, 0.000877411919646, -0.000113201298518], [0.000877364887856, 0.00254695420153, 0.000753357715439, 0.00135046325158, 0.000395892944653, 0.00133393669967, -0.000614893157035, -0.000140747462865, -0.00121788482647, -0.00111639907118, -1.03686415969e-05, -1.77085021278e-05, -0.00088453583885], [0.000435729831224, 0.000753357715439, 0.00401962874457, 0.000738184782676, 0.00218805880286, -0.00336585822515, 0.00372207397595, -0.00219759787433, -0.00121917494107, -0.000344954896718, 0.00219757040031, -0.000245785922743, -0.00210639974102], [0.000103707512608, 0.00135046325158, 0.000738184782676, 0.00704333465546, -0.000604355707765, 0.00306477746926, -0.00387920695357, 0.00385330663994, -0.00372474221513, 0.000647750857752, -0.00187571742572, -0.00196857005358, 2.87634738925e-05], [0.000476065528346, 0.000395892944653, 0.00218805880286, -0.000604355707765, 0.00878000259399, -0.00322809931822, 0.00448694778606, -0.00424036895856, 0.00428184587508, -0.00347894872539, 0.000834333361126, 0.00147851998918, -0.00190873502288], [0.00050920486683, 0.00133393669967, -0.00336585822515, 0.00306477746926, -0.00322809931822, 0.0169056449085, -0.00825899187475, 0.00627687387168, -0.00437081512064, 0.00138242007233, -0.00081690197112, 0.00028830638621, -0.000516086467542], [-0.00063062942354, -0.000614893157035, 0.00372207397595, -0.00387920695357, 0.00448694778606, -0.00825899187475, 0.0176835525781, -0.00695115793496, 0.00330502912402, -0.00428907573223, 0.00307768397033, 0.000658111704979, -0.00204167119227], [0.000693556386977, -0.000140747462865, -0.00219759787433, 0.00385330663994, -0.00424036895856, 0.00627687387168, -0.00695115793496, 0.018254050985, -0.00912769977003, 0.00129394128453, -0.00556268589571, 0.00501269195229, -0.00115029641893], [-0.000977183575742, -0.00121788482647, -0.00121917494107, -0.00372474221513, 0.00428184587508, -0.00437081512064, 0.00330502912402, -0.00912769977003, 0.0159720163792, -0.00515225064009, 0.004439458251, -0.00646977545694, 0.00153874699026], [-0.000868291186634, -0.00111639907118, -0.000344954896718, 0.000647750857752, -0.00347894872539, 0.00138242007233, -0.00428907573223, 0.00129394128453, -0.00515225064009, 0.019119437784, -0.0059811975807, 0.000183694210136, -0.00267542107031], [-0.000756687717512, -1.03686415969e-05, 0.00219757040031, -0.00187571742572, 0.000834333361126, -0.00081690197112, 0.00307768397033, -0.00556268589571, 0.004439458251, -0.0059811975807, 0.0232538226992, -0.00731880450621, 4.66875862912e-05], [0.000877411919646, -1.77085021278e-05, -0.000245785922743, -0.00196857005358, 0.00147851998918, 0.00028830638621, 0.000658111704979, 0.00501269195229, -0.00646977545694, 0.000183694210136, -0.00731880450621, 0.022022953257, -0.00789040885866], [-0.000113201298518, -0.00088453583885, -0.00210639974102, 2.87634738925e-05, -0.00190873502288, -0.000516086467542, -0.00204167119227, -0.00115029641893, 0.00153874699026, -0.00267542107031, 4.66875862912e-05, -0.00789040885866, 0.0230013132095]]
    spectral_contrast:
        mean: [-3.06432951902e-07, 3.51410477606e-07, -1.12529461305e-08, -1.69564939867e-09, 1.90255292409e-07, 3.63108765278e-09, -1.59192359206e-06, 1.05363199054e-06, -2.45762976192e-06, 2.14049191527e-06, 8.31861598272e-07, 3.4858439335e-07]
        var: [0.000178468922968, 0.00101044774055, 0.00191003549844, 0.00235294317827, 0.00274618924595, 0.00350669585168, 0.0839255824685, 0.105703964829, 0.230410113931, 0.262988835573, 0.482912361622, 1.15653836727]

rhythm:
    beats_loudness:
        dmean: 0.00195791805163
        dmean2: 0.00324756582268
        dvar: 6.43557041258e-06
        dvar2: 1.58438160724e-05
        max: 0.0132366148755
        mean: 0.00422423519194
        min: 0.00184073974378
        var: 7.31821137379e-06
    beats_loudness_bass:
        dmean: 0.108721271157
        dmean2: 0.212309598923
        dvar: 0.0306367110461
        dvar2: 0.103095188737
        max: 0.609899103642
        mean: 0.0937233790755
        min: 0.00638233637437
        var: 0.0175609793514
    bpm: 91.5496063232
    bpm_confidence: 0
    first_peak_bpm: 122
    first_peak_spread: 0
    first_peak_weight: 0.647058844566
    onset_rate: 5.9504532814
    second_peak_bpm: 92
    second_peak_spread: 0
    second_peak_weight: 0.29411765933
    beats_position: [0.39699780941, 0.887328863144, 1.37765979767, 1.8679908514, 2.35832190514, 2.84865283966, 3.33898377419, 3.82931470871, 4.31964540482, 4.80997657776, 5.30030727386, 5.79063844681, 6.15023088455, 6.80561304092, 7.46099567413, 8.11637783051, 8.77176094055, 9.42714309692]
    bpm_estimates: [91.4683456421, 91.5193634033, 91.6147155762, 91.5673141479, 91.5783157349]
    bpm_intervals: [0.490331053734, 0.490330934525, 0.490331053734, 0.490331053734, 0.490330934525, 0.490330934525, 0.490330934525, 0.490330696106, 0.490331172943, 0.490330696106, 0.490331172943, 0.359592437744, 0.655382156372, 0.655382633209, 0.655382156372, 0.655383110046, 0.655382156372]
    onset_times: [0.0464399084449, 0.232199549675, 0.348299324512, 0.684988677502, 0.766258478165, 0.859138309956, 0.952018141747, 1.03328800201, 1.19582772255, 1.69505667686, 1.86920630932, 2.03174614906, 2.35682535172, 2.67029476166, 2.76317453384, 2.85605430603, 2.93732428551, 3.01859402657, 3.27401351929, 3.35528349876, 3.52943301201, 3.70358276367, 3.86612248421, 4.19120168686, 4.34213161469, 4.5046710968, 4.66721105576, 4.841360569, 4.99229001999, 5.1780500412, 5.27092981339, 5.44507932663, 5.52634906769, 5.60761928558, 5.68888902664, 5.95591831207, 6.13006782532, 6.22294807434, 6.31582784653, 6.48997735977, 6.81505680084, 6.97759628296, 7.12852621078, 7.30267572403, 7.45360565186, 7.6277551651, 7.87156438828, 7.95283460617, 8.03410434723, 8.12698459625, 8.28952407837, 8.55655288696, 8.63782310486, 8.8119726181, 8.893242836, 8.96290206909, 9.24154186249, 9.47374153137, 9.7639913559, 9.93814086914]
    rubato_start: [6.80561304092]
    rubato_stop: [9.42714309692]
    perceptual_tempo: "unknown"

sfx:
    inharmonicity:
        dmean: 0.0367408320308
        dmean2: 0.0654428228736
        dvar: 0.00209325831383
        dvar2: 0.00548029737547
        max: 0.406607329845
        mean: 0.0363867282867
        min: 1.36430307975e-05
        var: 0.00204783235677
    oddtoevenharmonicenergyratio:
        dmean: 4.45613718033
        dmean2: 8.58226776123
        dvar: 849.506286621
        dvar2: 2551.68237305
        max: 413.070922852
        mean: 2.76944088936
        min: 2.21378868446e-05
        var: 440.962585449
    pitch_after_max_to_before_max_energy_ratio: 1.43217301369
    pitch_centroid: 220.278839111
    pitch_max_to_total: 0.443678170443
    pitch_min_to_total: 0.597701132298
    tristimulus:
        dmean: [0.222512200475, 0.235997438431, 0.0469434857368]
        dmean2: [0.376295894384, 0.405498027802, 0.0856171920896]
        dvar: [0.0322002731264, 0.0408068113029, 0.00570663111284]
        dvar2: [0.0938307270408, 0.121660105884, 0.0161123238504]
        max: [0.988751232624, 0.965908050537, 0.593253672123]
        mean: [0.456521034241, 0.487223505974, 0.0342466533184]
        min: [0.000764692784287, 0, 0]
        var: [0.0516307130456, 0.0549149550498, 0.00447305850685]

tonal:
    chords_changes_rate: 0.0273972600698
    chords_number_rate: 0.0228310506791
    chords_strength:
        dmean: 0.00931768491864
        dmean2: 0.00910386070609
        dvar: 6.74529655953e-05
        dvar2: 5.72838180233e-05
        max: 0.810978114605
        mean: 0.65462911129
        min: 0.330821603537
        var: 0.011618655175
    key_strength: 0.683007121086
    tuning_diatonic_strength: 0.644504547119
    tuning_equal_tempered_deviation: 0.148649036884
    tuning_frequency: 449.504882812
    tuning_nontempered_energy_ratio: 0.824894964695
    hpcp:
        dmean: [0.138748541474, 0.141592636704, 0.134752750397, 0.117954947054, 0.10444355011, 0.134596079588, 0.11806961149, 0.0952746868134, 0.0929536819458, 0.0952237397432, 0.106656290591, 0.114081226289, 0.091844946146, 0.123668402433, 0.203184753656, 0.225395292044, 0.275966525078, 0.19992390275, 0.13147290051, 0.0990647897124, 0.12322922051, 0.169248744845, 0.203683242202, 0.182890951633, 0.145319789648, 0.118168644607, 0.120692797005, 0.138347044587, 0.149460956454, 0.135353684425, 0.133296594024, 0.0922112837434, 0.0911602750421, 0.102774888277, 0.100969195366, 0.15302619338]
        dmean2: [0.244654297829, 0.249163731933, 0.236376285553, 0.208440944552, 0.173492997885, 0.226306736469, 0.193504303694, 0.158356890082, 0.161289200187, 0.155977651477, 0.173737645149, 0.190810739994, 0.158590391278, 0.218585669994, 0.350849866867, 0.381831169128, 0.473908662796, 0.334992200136, 0.233406424522, 0.173364490271, 0.223939970136, 0.302227377892, 0.360088646412, 0.331638991833, 0.254458099604, 0.208566457033, 0.207292228937, 0.242768406868, 0.270708441734, 0.241295561194, 0.216876968741, 0.155044749379, 0.161634683609, 0.182664051652, 0.176295384765, 0.266644775867]
        dvar: [0.0356105826795, 0.029793869704, 0.0276626646519, 0.0299394652247, 0.0178675223142, 0.0315355919302, 0.0219155624509, 0.0155210383236, 0.0119733801112, 0.0178884547204, 0.018028460443, 0.0194286908954, 0.0197889078408, 0.0269190631807, 0.0408230498433, 0.039998434484, 0.0491639748216, 0.0315889790654, 0.0322670564055, 0.0196438487619, 0.0314929522574, 0.0469870902598, 0.0494913719594, 0.0487280860543, 0.0322837792337, 0.0272147282958, 0.0268130265176, 0.0348355546594, 0.0357161276042, 0.0407148599625, 0.0285299755633, 0.0141995036975, 0.0179292559624, 0.0302165690809, 0.0176487956196, 0.0285492036492]
        dvar2: [0.0836390778422, 0.0799192264676, 0.0737997218966, 0.0731671229005, 0.0456565134227, 0.0791744440794, 0.0492685101926, 0.037302069366, 0.0309485755861, 0.0438730604947, 0.038349609822, 0.0474379658699, 0.0418560504913, 0.0721077769995, 0.126273155212, 0.0946662575006, 0.141273736954, 0.076929628849, 0.0923725515604, 0.0557506494224, 0.0996256545186, 0.125046208501, 0.143632531166, 0.121568769217, 0.0845138952136, 0.0712124109268, 0.0754551887512, 0.0956316143274, 0.110394142568, 0.103803262115, 0.0683087557554, 0.0303468778729, 0.0522618405521, 0.0855085030198, 0.0514165908098, 0.0809643492103]
        max: [1, 1, 1, 1, 0.93141156435, 1, 1, 1, 0.636229395866, 0.905159294605, 1, 1, 1, 1, 1, 1, 1, 1, 1, 1, 1, 1, 1, 1, 1, 1, 1, 1, 1, 1, 1, 1, 0.846553444862, 1, 0.910703599453, 1]
        mean: [0.312106996775, 0.227740451694, 0.157797262073, 0.149456202984, 0.133688002825, 0.185618445277, 0.204611107707, 0.141757115722, 0.107107080519, 0.120950557292, 0.161121547222, 0.168411552906, 0.126513466239, 0.15111117065, 0.292557984591, 0.417214423418, 0.474492490292, 0.376944810152, 0.183291688561, 0.102525293827, 0.155992627144, 0.272297114134, 0.276976674795, 0.22670994699, 0.196985378861, 0.149115383625, 0.158385276794, 0.202335372567, 0.17454354465, 0.170318871737, 0.176972463727, 0.119677990675, 0.0958578586578, 0.108926475048, 0.120763219893, 0.218653708696]
        min: [0.00186374993064, 0.000492921099067, 0, 0.000546124123503, 0, 0, 0, 0, 0.000206549171708, 0.00270079053007, 0.00964090973139, 0.00538473483175, 0.00420101033524, 0.00715065700933, 0.00795083213598, 0, 0.000102152240288, 0.0182642396539, 0.00627879239619, 0.00103414966725, 0.000218717643293, 0.00038519766531, 0.00144046114292, 0.0050456780009, 0, 0, 0, 0, 0.00109527655877, 0.00288063078187, 0.000822720990982, 0.00211878842674, 0, 0, 0, 0]
        var: [0.13189022243, 0.0696364417672, 0.044707197696, 0.0575484000146, 0.0290918834507, 0.0546749047935, 0.0662578195333, 0.030067095533, 0.0156879834831, 0.0216439627111, 0.023985221982, 0.0263315103948, 0.0245708134025, 0.026840813458, 0.0608516335487, 0.10244037956, 0.0956424921751, 0.0702823102474, 0.0491580702364, 0.0220138560981, 0.0432432703674, 0.107015408576, 0.0912803784013, 0.0749590024352, 0.0586487278342, 0.0311573911458, 0.0418025963008, 0.0678170919418, 0.0460224226117, 0.0566638223827, 0.0529938228428, 0.0245991759002, 0.0166686046869, 0.0273646451533, 0.0178979933262, 0.0541429743171]
    chords_histogram: [43.8356170654, 0, 0, 0, 20.0913238525, 0, 0, 0, 0, 0, 0, 0, 0, 0, 0, 23.2876720428, 0, 10.9589042664, 0, 0, 0, 1.82648396492, 0, 0]
    thpcp: [1, 0.79441678524, 0.386289954185, 0.216073587537, 0.328756779432, 0.573870241642, 0.583732485771, 0.477794587612, 0.415149629116, 0.314262896776, 0.33379933238, 0.42642480135, 0.367853134871, 0.358949571848, 0.372972100973, 0.252223163843, 0.202021867037, 0.22956417501, 0.25451028347, 0.460815966129, 0.65777015686, 0.479966402054, 0.332560092211, 0.314981162548, 0.281749457121, 0.391193628311, 0.431220948696, 0.298755228519, 0.225729763508, 0.254905104637, 0.33956605196, 0.354929864407, 0.266629010439, 0.318469047546, 0.616570293903, 0.879285633564]
    chords_key: "D"
    chords_scale: "major"
    key_key: "D"
    key_scale: "major"
    chords_progression: ["E", "E", "E", "E", "E", "E", "E", "E", "E", "E", "E", "E", "E", "E", "E", "E", "E", "E", "E", "E", "E", "E", "E", "E", "E", "E", "E", "E", "E", "E", "E", "E", "E", "E", "E", "E", "E", "E", "E", "E", "E", "E", "E", "E", "Em", "Em", "Em", "Em", "Gm", "Gm", "Gm", "Gm", "Gm", "Gm", "Gm", "Gm", "Gm", "Gm", "Gm", "Gm", "Gm", "Gm", "Gm", "Gm", "Gm", "Gm", "Gm", "Gm", "Gm", "Gm", "Gm", "Gm", "Gm", "Gm", "Gm", "Gm", "Gm", "Gm", "Gm", "Gm", "Gm", "Gm", "Gm", "Gm", "Gm", "Gm", "Gm", "Gm", "Gm", "Gm", "Gm", "Gm", "Gm", "Gm", "Gm", "Gm", "Gm", "Gm", "Gm", "Dm", "Dm", "Dm", "Dm", "Dm", "Dm", "Dm", "Dm", "Dm", "Dm", "Dm", "Dm", "Dm", "Dm", "D", "D", "D", "D", "D", "D", "D", "D", "D", "D", "D", "D", "D", "D", "D", "D", "D", "D", "D", "D", "D", "D", "D", "D", "D", "D", "D", "D", "D", "D", "D", "D", "D", "D", "D", "D", "D", "D", "Dm", "Dm", "Dm", "Dm", "Dm", "Dm", "Dm", "Dm", "Dm", "Dm", "D", "D", "D", "D", "D", "D", "D", "D", "D", "D", "D", "D", "D", "D", "D", "D", "D", "D", "D", "D", "D", "D", "D", "D", "D", "D", "D", "D", "D", "D", "D", "D", "D", "D", "D", "D", "D", "D", "D", "D", "D", "D", "D", "D", "D", "D", "D", "D", "D", "D", "D", "D", "D", "D", "D", "D", "D", "D"]
