
metadata:
    version:
        essentia: "1.2.2"
    audio_properties:
        analysis_sample_rate: 44100
        bitrate: 128
        channels: 2
        equal_loudness: 1
        length: 10.0310201645
        replay_gain: -12.6367664337
        downmix: "mix"
    tags:
        track: 7
        year: 0
        album: "Splitted by Mp3Splt v. 2.1"
        artist: "From 001.00 To 001.10"
        comment: "http://mp3splt.sf.net"
        genre: ""
        title: "07 Better Days Will Come.mp3"

highlevel:
    ballroom:
        all:
            ChaChaCha: 0.0945146381855
            Jive: 0.411733180285
            Quickstep: 0.0873047113419
            Rumba-American: 0.00517475651577
            Rumba-International: 0.0610303245485
            Rumba-Misc: 0.0186962131411
            Samba: 0.226797625422
            Tango: 0.0119599848986
            VienneseWaltz: 0.069871596992
            Waltz: 0.0129169570282
        probability: 0.411733180285
        value: "Jive"
    culture:
        all:
            non_western: 0.115657754242
            western: 0.884342253208
        probability: 0.884342253208
        value: "western"
    gender:
        all:
            female: 0.744815170765
            male: 0.255184829235
        probability: 0.744815170765
        value: "female"
    genre_dortmund:
        all:
            alternative: 0.181107729673
            blues: 0.0139914564788
            electronic: 0.102519594133
            folkcountry: 0.094103179872
            funksoulrnb: 0.00571001041681
            jazz: 0.0303630139679
            pop: 0.0775828361511
            raphiphop: 0.00100726238452
            rock: 0.493614912033
        probability: 0.493614912033
        value: "rock"
    genre_electronica:
        all:
            ambient: 0.142061308026
            dnb: 0.253599345684
            house: 0.00505865039304
            techno: 0.00945565383881
            trance: 0.589825034142
        probability: 0.589825034142
        value: "trance"
    genre_rosamerica:
        all:
            cla: 0.0249950550497
            dan: 0.190275594592
            hip: 0.00520082144067
            jaz: 0.0125766601413
            pop: 0.091129668057
            rhy: 0.00656821066514
            roc: 0.667506694794
            spe: 0.00174727686681
        probability: 0.667506694794
        value: "roc"
    genre_tzanetakis:
        all:
            blu: 0.00679709203541
            cla: 0.00968915876001
            cou: 0.128486871719
            dis: 0.0510870330036
            hip: 0.00491371797398
            jaz: 0.162992075086
            met: 0.0369970872998
            pop: 0.11429554224
            reg: 0.00820037629455
            roc: 0.476541042328
        probability: 0.476541042328
        value: "roc"
    live_studio:
        all:
            live: 0.31701028347
            studio: 0.68298971653
        probability: 0.68298971653
        value: "studio"
    mood:
        all:
            Cluster1: 0.262161880732
            Cluster2: 0.201391115785
            Cluster3: 0.185264796019
            Cluster4: 0.11275242269
            Cluster5: 0.238429799676
        probability: 0.262161880732
        value: "Cluster1"
    mood_acoustic:
        all:
            acoustic: 0.0332062505186
            not_acoustic: 0.966793775558
        probability: 0.966793775558
        value: "not_acoustic"
    mood_aggressive:
        all:
            aggressive: 0.163597986102
            not_aggressive: 0.836401998997
        probability: 0.836401998997
        value: "not_aggressive"
    mood_electronic:
        all:
            electronic: 0.236029133201
            not_electronic: 0.763970851898
        probability: 0.763970851898
        value: "not_electronic"
    mood_happy:
        all:
            happy: 0.77388805151
            not_happy: 0.226111918688
        probability: 0.77388805151
        value: "happy"
    mood_party:
        all:
            not_party: 0.820786416531
            party: 0.179213598371
        probability: 0.820786416531
        value: "not_party"
    mood_relaxed:
        all:
            not_relaxed: 0.79437661171
            relaxed: 0.205623358488
        probability: 0.79437661171
        value: "not_relaxed"
    mood_sad:
        all:
            not_sad: 0.507480740547
            sad: 0.49251922965
        probability: 0.507480740547
        value: "not_sad"
    rhythm:
        all:
            fast: 0.471933037043
            medium: 0.453532457352
            slow: 0.0745345056057
        probability: 0.471933037043
        value: "fast"
    speech_music:
        all:
            music: 0.99994134903
            speech: 5.86263886362e-05
        probability: 0.99994134903
        value: "music"
    timbre:
        all:
            bright: 0.942616701126
            dark: 0.0573832988739
        probability: 0.942616701126
        value: "bright"
    voice_instrumental:
        all:
            instrumental: 0.5979616642
            voice: 0.402038305998
        probability: 0.5979616642
        value: "instrumental"

lowlevel:
    average_loudness: 0.974182903767
    barkbands_kurtosis:
        dmean: 0.629615545273
        dmean2: 1.07146215439
        dvar: 0.722552239895
        dvar2: 2.05467772484
        max: 7.4016418457
        mean: -0.523978769779
        min: -1.81148266792
        var: 1.14644646645
    barkbands_skewness:
        dmean: 0.33573397994
        dmean2: 0.554110467434
        dvar: 0.105893321335
        dvar2: 0.297583758831
        max: 2.74101090431
        mean: 0.659569442272
        min: -1.98218595982
        var: 0.288088053465
    barkbands_spread:
        dmean: 4.54557561874
        dmean2: 7.44452667236
        dvar: 18.6431446075
        dvar2: 45.4072647095
        max: 51.3232269287
        mean: 31.4461669922
        min: 10.0678396225
        var: 76.1203613281
    dissonance:
        dmean: 0.0163557194173
        dmean2: 0.0272593684494
        dvar: 0.000224025323405
        dvar2: 0.000543365837075
        max: 0.498960584402
        mean: 0.460591942072
        min: 0.373804330826
        var: 0.000623962958343
    hfc:
        dmean: 1.45280790329
        dmean2: 2.22710108757
        dvar: 6.26573848724
        dvar2: 14.0847473145
        max: 27.3863582611
        mean: 5.15604257584
        min: 1.24368071556
        var: 11.8101291656
    pitch:
        dmean: 340.762115479
        dmean2: 652.909240723
        dvar: 696578.625
        dvar2: 1904054.25
        max: 4410
        mean: 478.828277588
        min: 65.0442504883
        var: 678539.1875
    pitch_instantaneous_confidence:
        dmean: 0.0795649141073
        dmean2: 0.130592733622
        dvar: 0.00563897239044
        dvar2: 0.0138436341658
        max: 0.817699491978
        mean: 0.394498437643
        min: 0.168375253677
        var: 0.0201580487192
    pitch_salience:
        dmean: 0.0556037016213
        dmean2: 0.0902277976274
        dvar: 0.00241795741022
        dvar2: 0.00643338868394
        max: 0.806151866913
        mean: 0.603093862534
        min: 0.235832065344
        var: 0.00627362262458
    silence_rate_20dB:
        dmean: 0
        dmean2: 0
        dvar: 0
        dvar2: 0
        max: 1
        mean: 1
        min: 1
        var: 0
    silence_rate_30dB:
        dmean: 0
        dmean2: 0
        dvar: 0
        dvar2: 0
        max: 1
        mean: 1
        min: 1
        var: 0
    silence_rate_60dB:
        dmean: 0.162412986159
        dmean2: 0.323255807161
        dvar: 0.136035457253
        dvar2: 0.279226720333
        max: 1
        mean: 0.337962955236
        min: 0
        var: 0.223744511604
    spectral_centroid:
        dmean: 205.121261597
        dmean2: 333.667297363
        dvar: 41021.671875
        dvar2: 99877.03125
        max: 3599.53637695
        mean: 1139.88098145
        min: 458.808105469
        var: 161846.984375
    spectral_complexity:
        dmean: 2.98834490776
        dmean2: 4.83644866943
        dvar: 12.6642055511
        dvar2: 26.8423976898
        max: 37
        mean: 12.2860469818
        min: 3
        var: 28.2740116119
    spectral_crest:
        dmean: 1.83634245396
        dmean2: 2.99748158455
        dvar: 2.91999125481
        dvar2: 7.9053645134
        max: 15.8124074936
        mean: 6.84637832642
        min: 2.87191271782
        var: 5.85872030258
    spectral_decrease:
        dmean: 3.37275485318e-10
        dmean2: 5.40288480622e-10
        dvar: 2.52144011902e-19
        dvar2: 6.45538108987e-19
        max: -3.19196641341e-10
        mean: -1.08615449967e-09
        min: -4.01236199821e-09
        var: 3.65495828264e-19
    spectral_energy:
        dmean: 0.0013822800247
        dmean2: 0.00218838476576
        dvar: 4.27210943599e-06
        dvar2: 1.08042240754e-05
        max: 0.0173283945769
        mean: 0.00456706387922
        min: 0.00133839482442
        var: 6.36034928903e-06
    spectral_energyband_high:
        dmean: 0.000108308740892
        dmean2: 0.000168991959072
        dvar: 4.52025403774e-08
        dvar2: 9.277318469e-08
        max: 0.0032592639327
        mean: 0.000233115075389
        min: 1.9594328478e-05
        var: 1.15604358086e-07
    spectral_energyband_low:
        dmean: 0.000344943982782
        dmean2: 0.000624267442618
        dvar: 5.33953823378e-07
        dvar2: 1.55589816586e-06
        max: 0.00522412126884
        mean: 0.000507122545969
        min: 2.41459601966e-05
        var: 3.34208721142e-07
    spectral_energyband_middle_high:
        dmean: 0.000409021915402
        dmean2: 0.000611525960267
        dvar: 3.98974890459e-07
        dvar2: 9.81691187008e-07
        max: 0.0079887798056
        mean: 0.00140525237657
        min: 0.000348040222889
        var: 6.58426927203e-07
    spectral_energyband_middle_low:
        dmean: 0.000891301722731
        dmean2: 0.00145010650158
        dvar: 1.92682182387e-06
        dvar2: 4.84555312141e-06
        max: 0.010904812254
        mean: 0.00242153578438
        min: 0.000317849306157
        var: 3.32520630764e-06
    spectral_flatness_db:
        dmean: 0.0140514075756
        dmean2: 0.0224093217403
        dvar: 0.000162181459018
        dvar2: 0.000425131147495
        max: 0.207078635693
        mean: 0.131700068712
        min: 0.0761192068458
        var: 0.000443694618298
    spectral_flux:
        dmean: 0.00903770886362
        dmean2: 0.0144280614331
        dvar: 0.00013355651754
        dvar2: 0.000271266995696
        max: 0.107027612627
        mean: 0.0351334735751
        min: 0.0146915307269
        var: 0.000244172260864
    spectral_kurtosis:
        dmean: 0.960844755173
        dmean2: 1.55598330498
        dvar: 0.705286324024
        dvar2: 1.90904247761
        max: 8.65260601044
        mean: 4.20441579819
        min: 0.000677347183228
        var: 2.09666180611
    spectral_rms:
        dmean: 0.000292890763376
        dmean2: 0.000461016345071
        dvar: 1.45025978782e-07
        dvar2: 3.58000477263e-07
        max: 0.00411166017875
        mean: 0.0020457173232
        min: 0.00114269461483
        var: 2.70713513828e-07
    spectral_rolloff:
        dmean: 427.200561523
        dmean2: 731.675598145
        dvar: 222233.09375
        dvar2: 557283.9375
        max: 4931.10351562
        mean: 2473.56274414
        min: 430.6640625
        var: 655784.3125
    spectral_skewness:
        dmean: 0.164487600327
        dmean2: 0.258543282747
        dvar: 0.024089096114
        dvar2: 0.0548141263425
        max: 2.31178927422
        mean: 1.68633747101
        min: 0.642251491547
        var: 0.105564020574
    spectral_spread:
        dmean: 493862.6875
        dmean2: 772787.9375
        dvar: 247723311104
        dvar2: 561726685184
        max: 9830498
        mean: 5274643
        min: 3026014
        var: 538521042944
    spectral_strongpeak:
        dmean: 0.265694975853
        dmean2: 0.446380585432
        dvar: 0.179106667638
        dvar2: 0.402957260609
        max: 4.60310983658
        mean: 0.470199793577
        min: 0.0220832563937
        var: 0.30211058259
    zerocrossingrate:
        dmean: 0.0070851999335
        dmean2: 0.00924882292747
        dvar: 4.65851080662e-05
        dvar2: 6.39916979708e-05
        max: 0.173828125
        mean: 0.0734522640705
        min: 0.03466796875
        var: 0.000401944475016
    barkbands:
        dmean: [1.00254646895e-06, 0.000139571871841, 0.000241425092099, 0.000271924451226, 0.000359934143489, 0.000330595619744, 0.000121409728308, 5.23614689882e-05, 0.000195143351448, 0.000134905072628, 6.02004583925e-05, 2.85450150841e-05, 4.25485741289e-05, 4.44013166998e-05, 5.88390539633e-05, 7.64075593906e-05, 0.000113323752885, 0.000111266606837, 8.85448826011e-05, 8.70812218636e-05, 5.69625553908e-05, 1.36003245643e-05, 3.92915262637e-06, 1.50418827616e-06, 1.23491383874e-06, 5.24421857051e-08, 6.08326056195e-10]
        dmean2: [1.62696949246e-06, 0.000252754078247, 0.000437567650806, 0.000447285478003, 0.000617256620899, 0.000537386280484, 0.000199632428121, 8.68132701726e-05, 0.000273888465017, 0.000202641953365, 9.67184751062e-05, 5.08186094521e-05, 6.70515946695e-05, 7.67038654885e-05, 9.88975953078e-05, 0.000125177466543, 0.000174922606675, 0.000187079844181, 0.000143388810102, 0.00014211035159, 9.27270739339e-05, 2.10255839193e-05, 6.05009836363e-06, 2.32992533711e-06, 2.00285489882e-06, 7.80676003842e-08, 9.63132795739e-10]
        dvar: [2.50534120359e-12, 6.35670645011e-08, 2.96653894338e-07, 2.08107294952e-07, 4.81244285311e-07, 3.59411103545e-07, 1.09129558723e-07, 9.32979027368e-09, 8.26165376111e-08, 5.83965054091e-08, 1.89265971784e-08, 2.29099250681e-09, 4.77829598111e-09, 4.11913214649e-09, 9.77289271731e-09, 6.83274148372e-09, 2.27714327394e-08, 3.58752991758e-08, 1.95060305686e-08, 2.550827638e-08, 1.37038504988e-08, 7.07703506908e-10, 8.80971684492e-11, 1.44296371726e-11, 2.06494925326e-11, 4.55336621543e-15, 2.07801376994e-18]
        dvar2: [6.30883106173e-12, 1.86363294574e-07, 8.63830393882e-07, 5.27011252416e-07, 1.32331933855e-06, 9.04236912902e-07, 2.96661113453e-07, 2.42898128278e-08, 1.56762297365e-07, 1.30521428332e-07, 5.04781496602e-08, 6.82659706541e-09, 9.91800330752e-09, 1.09089759448e-08, 2.59630859034e-08, 1.66746882968e-08, 5.84803530046e-08, 9.45044078549e-08, 4.68432439504e-08, 6.41705710791e-08, 2.71113567152e-08, 1.39547151612e-09, 1.48508011444e-10, 3.33821061071e-11, 5.87929219198e-11, 1.01398788454e-14, 2.97815750279e-18]
        max: [1.10751898319e-05, 0.00167549983598, 0.00441256165504, 0.00370886456221, 0.00732238451019, 0.00622400082648, 0.0044615981169, 0.00093146628933, 0.00324270920828, 0.00420614005998, 0.00187086244114, 0.000495279964525, 0.00101452786475, 0.000761739793234, 0.00134332210291, 0.000620245875325, 0.00225261831656, 0.00167284498457, 0.00121141399723, 0.00146396877244, 0.00177945254836, 0.000248335913057, 0.000124015903566, 6.22906372882e-05, 7.08360748831e-05, 7.73023600686e-07, 2.57279388904e-08]
        mean: [1.30400007947e-06, 0.00020002220117, 0.000305839290377, 0.00037666168646, 0.000633216230199, 0.000633075833321, 0.000204703159397, 8.38578707771e-05, 0.000408815860283, 0.000239672765019, 0.00011885092681, 4.34732428403e-05, 6.53290480841e-05, 7.7833487012e-05, 0.000105111415905, 0.000138930394314, 0.00024187922827, 0.00020304993086, 0.000188487130799, 0.000150428822963, 0.000108401902253, 2.60073338723e-05, 7.08211518941e-06, 2.80511790152e-06, 2.12615668715e-06, 1.02489522646e-07, 5.72308089808e-10]
        min: [2.0570126158e-10, 6.16127454123e-06, 3.6467533846e-06, 7.95424057287e-06, 2.34473354794e-05, 9.5347113529e-06, 3.19222772305e-06, 3.32454828822e-06, 3.72554154637e-06, 6.7862160904e-06, 6.12184464899e-07, 2.69973224931e-06, 1.27050827814e-06, 3.30680745719e-06, 1.21452103485e-05, 1.37782026286e-05, 2.72328816209e-05, 2.2754753445e-05, 1.1167527191e-05, 1.02100311778e-05, 7.88757097325e-06, 1.51860945152e-06, 6.09455355516e-07, 8.81203945369e-08, 2.644033259e-08, 4.71426941928e-09, 5.07041647167e-14]
        var: [3.80017458473e-12, 4.37702887268e-08, 1.85898073823e-07, 2.1673453432e-07, 5.09145479555e-07, 6.24517156211e-07, 1.1176222614e-07, 1.18509229097e-08, 3.79800411565e-07, 1.45862344425e-07, 5.5721795178e-08, 2.34995445325e-09, 1.37348177276e-08, 8.95410146029e-09, 1.37955362689e-08, 1.25317463073e-08, 3.65865169272e-08, 4.39527774176e-08, 4.22056984917e-08, 4.19874410795e-08, 3.02557978671e-08, 1.4821354144e-09, 1.48926038168e-10, 1.80770988456e-11, 1.44740382874e-11, 6.71683532294e-15, 2.07111735838e-18]
    mfcc:
        mean: [-699.802612305, 122.137588501, -32.6417388916, 50.855255127, -3.30443477631, -8.12809181213, -2.39230561256, -0.857573747635, 5.5130443573, -5.14826822281, -6.34349632263, -5.2367682457, -4.82277584076]
        cov: [[775.735046387, -236.318725586, 17.7122707367, 9.73692131042, -249.440032959, -9.08698272705, -36.9389877319, -52.6476173401, -67.2024612427, -19.7864608765, -15.2028284073, -56.6523284912, -55.3512573242], [-236.318725586, 344.54083252, -45.1570091248, -77.4154891968, 49.6555290222, -40.870426178, -13.4460344315, 18.7642936707, -16.5700912476, -0.283236443996, 6.36488389969, 5.4154791832, 0.933014571667], [17.7122707367, -45.1570091248, 97.3188476562, 13.2592134476, -7.34454536438, -0.809364259243, -1.55792427063, -2.98305726051, -5.90524196625, -3.59705638885, 5.23423671722, 3.48827123642, 0.770106315613], [9.73692131042, -77.4154891968, 13.2592134476, 109.992462158, 33.6334190369, 14.1146383286, 9.48568820953, 0.913452088833, 18.3258533478, -4.54958772659, -5.28703832626, 6.04537010193, 2.9274289608], [-249.440032959, 49.6555290222, -7.34454536438, 33.6334190369, 162.362609863, 3.20192456245, 7.80278730392, 14.9107370377, 35.5956115723, 1.91566109657, -0.222134977579, 32.0070877075, 33.4036636353], [-9.08698272705, -40.870426178, -0.809364259243, 14.1146383286, 3.20192456245, 69.4550476074, 43.2092247009, 4.10064554214, -5.61217451096, -8.60766601562, 2.77004480362, -1.96771800518, 2.41730570793], [-36.9389877319, -13.4460344315, -1.55792427063, 9.48568820953, 7.80278730392, 43.2092247009, 70.0634460449, 14.9162025452, 0.0134137971327, 1.0299962759, 8.72507286072, 1.14585292339, 2.42409825325], [-52.6476173401, 18.7642936707, -2.98305726051, 0.913452088833, 14.9107370377, 4.10064554214, 14.9162025452, 51.7341461182, 21.0650997162, 1.25159788132, 0.153518199921, -8.33227443695, -1.74410951138], [-67.2024612427, -16.5700912476, -5.90524196625, 18.3258533478, 35.5956115723, -5.61217451096, 0.0134137971327, 21.0650997162, 68.4885253906, 20.6409645081, -7.14688920975, -1.12536931038, 2.2919421196], [-19.7864608765, -0.283236443996, -3.59705638885, -4.54958772659, 1.91566109657, -8.60766601562, 1.0299962759, 1.25159788132, 20.6409645081, 49.2432022095, 13.4925336838, -3.89968037605, -3.26038956642], [-15.2028284073, 6.36488389969, 5.23423671722, -5.28703832626, -0.222134977579, 2.77004480362, 8.72507286072, 0.153518199921, -7.14688920975, 13.4925336838, 46.6839561462, 16.2354412079, -1.81842195988], [-56.6523284912, 5.4154791832, 3.48827123642, 6.04537010193, 32.0070877075, -1.96771800518, 1.14585292339, -8.33227443695, -1.12536931038, -3.89968037605, 16.2354412079, 54.2216491699, 27.6436328888], [-55.3512573242, 0.933014571667, 0.770106315613, 2.9274289608, 33.4036636353, 2.41730570793, 2.42409825325, -1.74410951138, 2.2919421196, -3.26038956642, -1.81842195988, 27.6436328888, 52.8341293335]]
        icov: [[0.00378648634069, 0.00203005946241, 0.000875002588145, -0.000991662032902, 0.00458861421794, 0.00129035569262, 0.000967721338384, 0.000944347120821, 0.00174246926326, 0.000850522832479, 0.00015413959045, 0.00111976917833, 0.000396193820052], [0.00203005946241, 0.00590381817892, 0.00217599002644, 0.00269828503951, -0.000262567511527, 0.00373214576393, -0.000124215977849, -0.00150429608766, 0.00355980661698, 0.000624981010333, -6.69445435051e-05, 0.00059691054048, 0.00136211107019], [0.000875002588145, 0.00217599002644, 0.0115559604019, -0.000846691953484, 0.000920969818253, 0.00186815380584, 0.000291776086669, -0.000515744613949, 0.00195981981233, 0.00105361104943, -0.00161567318719, 0.000130237312987, -8.51668737596e-05], [-0.000991662032902, 0.00269828503951, -0.000846691953484, 0.0132661536336, -0.00490360381082, -0.00032315790304, -0.00130156881642, 0.000204566298635, -0.00196442287415, 0.0015900018625, 0.000834149541333, -0.00105326343328, 0.00213535642251], [0.00458861421794, -0.000262567511527, 0.000920969818253, -0.00490360381082, 0.0161051359028, -0.000171658990439, 0.00132140133064, 0.000587505695876, -0.00303841335699, 0.00145954242907, 0.000511344405822, -0.00239033740945, -0.00365536240861], [0.00129035569262, 0.00373214576393, 0.00186815380584, -0.00032315790304, -0.000171658990439, 0.0277656745166, -0.0159548390657, 0.00204121228307, 0.0024240987841, 0.00550113571808, -0.00171873322688, 0.00416815979406, -0.00109149899799], [0.000967721338384, -0.000124215977849, 0.000291776086669, -0.00130156881642, 0.00132140133064, -0.0159548390657, 0.0263801794499, -0.0066420766525, 0.00212103617378, -0.00337092485279, -0.00205969787203, -0.00129547109827, -0.000144305013237], [0.000944347120821, -0.00150429608766, -0.000515744613949, 0.000204566298635, 0.000587505695876, 0.00204121228307, -0.0066420766525, 0.0276226326823, -0.010312882252, 0.00616162270308, -0.00443752110004, 0.00760205555707, -0.0015387852909], [0.00174246926326, 0.00355980661698, 0.00195981981233, -0.00196442287415, -0.00303841335699, 0.0024240987841, 0.00212103617378, -0.010312882252, 0.027091704309, -0.0119785005227, 0.00756837800145, -0.00211587292142, 0.00266834395006], [0.000850522832479, 0.000624981010333, 0.00105361104943, 0.0015900018625, 0.00145954242907, 0.00550113571808, -0.00337092485279, 0.00616162270308, -0.0119785005227, 0.0307673104107, -0.0130284028128, 0.00793538615108, -0.00222190073691], [0.00015413959045, -6.69445435051e-05, -0.00161567318719, 0.000834149541333, 0.000511344405822, -0.00171873322688, -0.00205969787203, -0.00443752110004, 0.00756837800145, -0.0130284028128, 0.0328867062926, -0.0155076161027, 0.00795676466078], [0.00111976917833, 0.00059691054048, 0.000130237312987, -0.00105326343328, -0.00239033740945, 0.00416815979406, -0.00129547109827, 0.00760205555707, -0.00211587292142, 0.00793538615108, -0.0155076161027, 0.0356125943363, -0.0157353337854], [0.000396193820052, 0.00136211107019, -8.51668737596e-05, 0.00213535642251, -0.00365536240861, -0.00109149899799, -0.000144305013237, -0.0015387852909, 0.00266834395006, -0.00222190073691, 0.00795676466078, -0.0157353337854, 0.0297718737274]]
    spectral_contrast:
        mean: [2.3913332825e-07, -5.53170934836e-07, -9.22659140201e-08, -1.49115578552e-07, 3.16615029305e-07, 3.05404483925e-07, -2.77889330391e-06, 2.85239411824e-06, -7.33830233912e-07, 5.39352754458e-07, -3.17536819239e-06, -8.95178573046e-07]
        var: [0.000328472320689, 0.000442227523308, 0.000796754495241, 0.00193466723431, 0.00235598348081, 0.00531506445259, 0.0337444022298, 0.0520446039736, 0.0907559320331, 0.135113343596, 0.160134196281, 0.55604994297]

rhythm:
    beats_loudness:
        dmean: 0.0054914210923
        dmean2: 0.0110267773271
        dvar: 6.48488548904e-06
        dvar2: 1.97868539544e-05
        max: 0.0115364557132
        mean: 0.00704289926216
        min: 0.0018763494445
        var: 1.12498737508e-05
    beats_loudness_bass:
        dmean: 0.0799661204219
        dmean2: 0.131471306086
        dvar: 0.00317254778929
        dvar2: 0.0082795470953
        max: 0.289391726255
        mean: 0.12047123909
        min: 0.0134541792795
        var: 0.00574096711352
    bpm: 132.760192871
    bpm_confidence: 0
    first_peak_bpm: 133
    first_peak_spread: 0
    first_peak_weight: 0.952380955219
    onset_rate: 3.98763012886
    second_peak_bpm: 120
    second_peak_spread: 0
    second_peak_weight: 0.047619048506
    beats_position: [0.247691944242, 0.7000451684, 1.15239834785, 1.60475158691, 2.05710482597, 2.50945830345, 2.96181154251, 3.41416478157, 3.86651825905, 4.31887149811, 4.77122497559, 5.22357797623, 5.6759314537, 6.1738781929, 6.62553834915, 7.07719802856, 7.52885818481, 7.98051834106, 8.43217849731, 8.88383865356, 9.33549880981, 9.78715896606]
    bpm_estimates: [132.475662231, 132.278793335, 132.863433838, 133.526748657, 132.563018799, 132.272384644, 132.506652832, 132.558837891, 132.878768921, 132.706237793, 133.005523682, 132.496734619, 132.706665039, 132.721176147, 133.029586792, 133.209625244, 133.123413086]
    bpm_intervals: [0.452353239059, 0.452353179455, 0.452353239059, 0.452353239059, 0.452353477478, 0.452353239059, 0.452353239059, 0.452353477478, 0.452353239059, 0.452353477478, 0.452353000641, 0.452353477478, 0.497946739197, 0.45166015625, 0.451659679413, 0.45166015625, 0.45166015625, 0.45166015625, 0.45166015625, 0.45166015625, 0.45166015625]
    onset_times: [0.0580498874187, 0.208979591727, 0.301859408617, 0.696598649025, 1.14938771725, 1.46285712719, 1.60217690468, 2.04335594177, 2.36843538284, 2.51936507225, 2.73995471001, 2.9837641716, 3.11147403717, 3.25079369545, 3.43655323982, 3.69197273254, 3.72680282593, 3.88934230804, 4.34213161469, 4.79492044449, 5.0967798233, 5.24770975113, 5.56117916107, 5.68888902664, 5.86303853989, 6.1648979187, 6.62929725647, 6.76861667633, 6.91954660416, 7.07047605515, 7.52326536179, 7.98766422272, 8.44045352936, 8.59138298035, 8.74231338501, 8.893242836, 9.2067117691, 9.34603214264, 9.69433116913, 9.81043052673]
    rubato_start: []
    rubato_stop: []
    perceptual_tempo: "unknown"

sfx:
    inharmonicity:
        dmean: 0.0255532823503
        dmean2: 0.0454580299556
        dvar: 0.000943565566558
        dvar2: 0.00264419824816
        max: 0.248481109738
        mean: 0.0285334661603
        min: 9.06768473214e-05
        var: 0.00100881268736
    oddtoevenharmonicenergyratio:
        dmean: 1.9180791378
        dmean2: 3.57502865791
        dvar: 29.9672641754
        dvar2: 87.5300598145
        max: 50.6366615295
        mean: 1.38838231564
        min: 0.000234588558669
        var: 17.0412464142
    pitch_after_max_to_before_max_energy_ratio: 18.0912132263
    pitch_centroid: 198.731109619
    pitch_max_to_total: 0.0279069766402
    pitch_min_to_total: 0.830232560635
    tristimulus:
        dmean: [0.182150349021, 0.20120844245, 0.0929356887937]
        dmean2: [0.324025958776, 0.35891866684, 0.159576117992]
        dvar: [0.0267070159316, 0.0320818945765, 0.00745527958497]
        dvar2: [0.0728306025267, 0.0894424840808, 0.0203993115574]
        max: [0.895259082317, 0.909073650837, 0.764093518257]
        mean: [0.414758235216, 0.446738779545, 0.110349051654]
        min: [0.0194295924157, 0, 0]
        var: [0.0385068543255, 0.0428290963173, 0.0111996391788]

tonal:
    chords_changes_rate: 0.0462962947786
    chords_number_rate: 0.0231481473893
    chords_strength:
        dmean: 0.0070066684857
        dmean2: 0.00660208659247
        dvar: 2.87940529233e-05
        dvar2: 2.97127844533e-05
        max: 0.696991682053
        mean: 0.550505578518
        min: 0.359013974667
        var: 0.00898127816617
    key_strength: 0.811540603638
    tuning_diatonic_strength: 0.587927520275
    tuning_equal_tempered_deviation: 0.0834309160709
    tuning_frequency: 438.984558105
    tuning_nontempered_energy_ratio: 0.670847058296
    hpcp:
        dmean: [0.111404456198, 0.0951444208622, 0.0575297027826, 0.0449639819562, 0.0508505962789, 0.100313939154, 0.132042899728, 0.133374080062, 0.151459187269, 0.201234668493, 0.145516142249, 0.092351578176, 0.130486816168, 0.0955808237195, 0.0579371787608, 0.110134266317, 0.0871002525091, 0.0462201088667, 0.0383976213634, 0.0496204942465, 0.122921742499, 0.171673819423, 0.179651007056, 0.158456295729, 0.142575711012, 0.131691262126, 0.112687326968, 0.0939333289862, 0.100733920932, 0.16778370738, 0.181518405676, 0.174005433917, 0.0822762176394, 0.0630133226514, 0.0581821575761, 0.0802533105016]
        dmean2: [0.183182924986, 0.158487647772, 0.0994952917099, 0.0800715759397, 0.0924592837691, 0.173367425799, 0.22253626585, 0.226737543941, 0.252574265003, 0.316548168659, 0.237792134285, 0.15304017067, 0.21188493073, 0.1556815207, 0.0946424305439, 0.168953880668, 0.136277914047, 0.0843772813678, 0.0675705298781, 0.0803218483925, 0.189416319132, 0.26556828618, 0.282696992159, 0.257998734713, 0.240860834718, 0.230149760842, 0.195415124297, 0.164073318243, 0.180168777704, 0.285536199808, 0.295118898153, 0.283066272736, 0.142355278134, 0.109999738634, 0.0958438888192, 0.130252227187]
        dvar: [0.0278617665172, 0.0182865038514, 0.0105238780379, 0.00970461498946, 0.00887956470251, 0.0254647973925, 0.0307334791869, 0.0277693457901, 0.026146415621, 0.0518974624574, 0.0256128553301, 0.0203018058091, 0.0376143753529, 0.0228052288294, 0.00638410402462, 0.020062059164, 0.0117179313675, 0.0123280193657, 0.00769905326888, 0.0132634304464, 0.0209691543132, 0.0353761911392, 0.0272625461221, 0.0337921455503, 0.0431689023972, 0.0445384010673, 0.0473715811968, 0.0272621847689, 0.0292599014938, 0.0395605452359, 0.0463954396546, 0.0346270725131, 0.0178349800408, 0.0132787451148, 0.0165771897882, 0.0191790629178]
        dvar2: [0.0718174353242, 0.0482272617519, 0.0302311368287, 0.0288655068725, 0.0255716051906, 0.0729196816683, 0.0818187892437, 0.0761345177889, 0.0767985135317, 0.120223373175, 0.0590275339782, 0.0502829365432, 0.0858655795455, 0.0545753911138, 0.0157290492207, 0.0451296307147, 0.0278003308922, 0.0354576073587, 0.0179069135338, 0.0329121947289, 0.0431707203388, 0.0771105661988, 0.0617999881506, 0.0835005491972, 0.108856379986, 0.108519494534, 0.105347812176, 0.0739229246974, 0.0822333842516, 0.103691421449, 0.0866694301367, 0.0871370881796, 0.0495739504695, 0.0372102409601, 0.0412516146898, 0.0501810088754]
        max: [1, 1, 0.967335760593, 1, 0.619946062565, 1, 1, 1, 0.933934628963, 1, 0.969762384892, 1, 1, 0.956961870193, 0.772810280323, 1, 0.795388221741, 1, 0.83258253336, 1, 1, 1, 1, 1, 1, 1, 1, 1, 1, 1, 1, 1, 1, 1, 1, 1]
        mean: [0.223406150937, 0.170910730958, 0.0869058966637, 0.064346909523, 0.0574605874717, 0.145437508821, 0.235101416707, 0.185764923692, 0.248559206724, 0.380327016115, 0.246261194348, 0.122520431876, 0.164738863707, 0.127102211118, 0.110403262079, 0.184603706002, 0.136437028646, 0.0526125729084, 0.042488925159, 0.0524925999343, 0.23274974525, 0.459970295429, 0.360604166985, 0.238272055984, 0.237120375037, 0.158515229821, 0.108926817775, 0.0935941785574, 0.0986086428165, 0.279187560081, 0.490952432156, 0.32504722476, 0.106961637735, 0.0838497579098, 0.0795606151223, 0.142692476511]
        min: [0.00568329496309, 0.00581066776067, 0.00532333459705, 0.00279043335468, 0.00134316610638, 0.00787164829671, 0.0125866271555, 0.00692785484716, 0.00787025131285, 0.00740940729156, 0.00293596182019, 0.00335777900182, 0.00551933981478, 0.00802652258426, 0.00798807200044, 0.00914650596678, 0.00481617916375, 0.00294822594151, 0.001403736067, 0.000953724957071, 0.00561849027872, 0.0189700108021, 0.017612690106, 0.00835860427469, 0.00216494454071, 0.00107325462159, 0.00173687806819, 0.00211553811096, 0.00270141055807, 0.00576043594629, 0.00726671656594, 0.00499143870547, 0.00427449308336, 0.00379090127535, 0.00275376322679, 0.00387650215998]
        var: [0.0787718892097, 0.0338651910424, 0.00811558309942, 0.00637853844091, 0.00636777607724, 0.0369557328522, 0.0575196295977, 0.03570535779, 0.0450527854264, 0.108442530036, 0.046811375767, 0.0231881830841, 0.0439249016345, 0.0256900209934, 0.0105046089739, 0.0364492461085, 0.0202877186239, 0.00801234040409, 0.00693087186664, 0.0119315730408, 0.0559672154486, 0.114434212446, 0.064362436533, 0.0651047900319, 0.0980463922024, 0.0627197995782, 0.0481501854956, 0.0234137605876, 0.0219355020672, 0.0667084604502, 0.142237469554, 0.0727300718427, 0.0176794119179, 0.0129055604339, 0.0203134398907, 0.04027319327]
    chords_histogram: [73.611114502, 2.77777767181, 0, 0, 0, 0, 0, 0, 0, 0, 0, 0, 0, 0, 0, 0, 0, 0, 0, 0, 0, 2.31481480598, 8.79629611969, 12.5]
    thpcp: [1, 0.662074804306, 0.217865586281, 0.170789986849, 0.162053614855, 0.290644198656, 0.455046415329, 0.348120748997, 0.177014902234, 0.13106547296, 0.117039009929, 0.296235442162, 0.47886800766, 0.378376632929, 0.506279587746, 0.774671852589, 0.501598894596, 0.24955663085, 0.335549533367, 0.258889049292, 0.224875673652, 0.376011401415, 0.277902752161, 0.107164300978, 0.0865438729525, 0.106919929385, 0.474077999592, 0.936893820763, 0.73449921608, 0.485326141119, 0.482980340719, 0.322872877121, 0.221868380904, 0.190637975931, 0.200851723552, 0.568665206432]
    chords_key: "C"
    chords_scale: "major"
    key_key: "C"
    key_scale: "major"
    chords_progression: ["Am", "Am", "Am", "Am", "Am", "C", "C", "C", "C", "C", "C", "C", "C", "C", "C", "C", "C", "C", "C", "C", "C", "C", "C", "C", "C", "C", "C", "C", "C", "C", "C", "C", "C", "C", "C", "C", "C", "C", "C", "C", "C", "C", "C", "C", "C", "C", "C", "C", "C", "C", "C", "C", "C", "C", "C", "C", "C", "C", "C", "C", "C", "C", "C", "C", "C", "C", "C", "C", "C", "C", "C", "C", "C", "C", "C", "C", "C", "C", "C", "C", "C", "C", "C", "C", "C", "C", "C", "C", "C", "Em", "Em", "Em", "Em", "Em", "Em", "C", "C", "C", "C", "C", "C", "C", "C", "Am", "C", "Am", "Am", "Am", "Am", "Am", "Am", "Am", "Am", "Am", "Am", "Am", "Am", "Am", "Am", "Am", "Am", "Am", "Am", "Am", "Am", "Am", "F", "F", "F", "F", "F", "F", "F", "F", "F", "F", "F", "F", "Dm", "Dm", "Dm", "Dm", "Dm", "F", "F", "F", "F", "F", "F", "F", "C", "C", "C", "C", "C", "C", "C", "C", "C", "C", "C", "C", "C", "C", "C", "C", "C", "C", "C", "C", "C", "C", "C", "C", "C", "C", "C", "C", "C", "C", "C", "C", "C", "C", "C", "C", "C", "C", "C", "C", "C", "C", "C", "C", "C", "C", "C", "C", "C", "C", "C", "C", "C", "C", "C", "C", "C", "C", "C", "C", "C", "C", "C", "C", "C", "C"]
