
metadata:
    version:
        essentia: "1.2.2"
    audio_properties:
        analysis_sample_rate: 44100
        bitrate: 128
        channels: 2
        equal_loudness: 1
        length: 10.0571432114
        replay_gain: -8.0090045929
        downmix: "mix"
    tags:
        track: 25
        year: 0
        album: "Splitted by Mp3Splt v. 2.1"
        artist: "From 004.00 To 004.10"
        comment: "http://mp3splt.sf.net"
        genre: ""
        title: "07 Shangri-La.mp3"

highlevel:
    ballroom:
        all:
            ChaChaCha: 0.0476552136242
            Jive: 0.0560339093208
            Quickstep: 0.158311471343
            Rumba-American: 0.0584967434406
            Rumba-International: 0.263287812471
            Rumba-Misc: 0.164979323745
            Samba: 0.139380604029
            Tango: 0.0187686216086
            VienneseWaltz: 0.0491797327995
            Waltz: 0.0439065769315
        probability: 0.263287812471
        value: "Rumba-International"
    culture:
        all:
            non_western: 0.35267663002
            western: 0.64732336998
        probability: 0.64732336998
        value: "western"
    gender:
        all:
            female: 0.76413077116
            male: 0.23586922884
        probability: 0.76413077116
        value: "female"
    genre_dortmund:
        all:
            alternative: 0.0133222267032
            blues: 0.00442693755031
            electronic: 0.009769837372
            folkcountry: 0.0203622989357
            funksoulrnb: 0.0302002448589
            jazz: 0.852882564068
            pop: 0.0212910398841
            raphiphop: 0.00124415243044
            rock: 0.0465007126331
        probability: 0.852882564068
        value: "jazz"
    genre_electronica:
        all:
            ambient: 0.932957172394
            dnb: 0.0296274330467
            house: 0.00933731533587
            techno: 0.00370127544738
            trance: 0.0243768058717
        probability: 0.932957172394
        value: "ambient"
    genre_rosamerica:
        all:
            cla: 0.0179273243994
            dan: 0.0240147747099
            hip: 0.0390310548246
            jaz: 0.700348675251
            pop: 0.0523369126022
            rhy: 0.0694363638759
            roc: 0.0885362178087
            spe: 0.00836870260537
        probability: 0.700348675251
        value: "jaz"
    genre_tzanetakis:
        all:
            blu: 0.0197760984302
            cla: 0.0121719958261
            cou: 0.0832015350461
            dis: 0.045482441783
            hip: 0.00652641616762
            jaz: 0.428504705429
            met: 0.00383764528669
            pop: 0.148286983371
            reg: 0.0284046344459
            roc: 0.223807528615
        probability: 0.428504705429
        value: "jaz"
    live_studio:
        all:
            live: 0.643222928047
            studio: 0.356777101755
        probability: 0.643222928047
        value: "live"
    mood:
        all:
            Cluster1: 0.187816128135
            Cluster2: 0.429562628269
            Cluster3: 0.180703550577
            Cluster4: 0.129418537021
            Cluster5: 0.0724991708994
        probability: 0.429562628269
        value: "Cluster2"
    mood_acoustic:
        all:
            acoustic: 0.950616359711
            not_acoustic: 0.0493836291134
        probability: 0.950616359711
        value: "acoustic"
    mood_aggressive:
        all:
            aggressive: 6.56169459035e-06
            not_aggressive: 0.999993443489
        probability: 0.999993443489
        value: "not_aggressive"
    mood_electronic:
        all:
            electronic: 0.0140715604648
            not_electronic: 0.985928416252
        probability: 0.985928416252
        value: "not_electronic"
    mood_happy:
        all:
            happy: 0.099814414978
            not_happy: 0.900185585022
        probability: 0.900185585022
        value: "not_happy"
    mood_party:
        all:
            not_party: 0.951692283154
            party: 0.0483076907694
        probability: 0.951692283154
        value: "not_party"
    mood_relaxed:
        all:
            not_relaxed: 0.1000912413
            relaxed: 0.899908781052
        probability: 0.899908781052
        value: "relaxed"
    mood_sad:
        all:
            not_sad: 0.0804931893945
            sad: 0.919506788254
        probability: 0.919506788254
        value: "sad"
    rhythm:
        all:
            fast: 0.596759855747
            medium: 0.295609623194
            slow: 0.107630513608
        probability: 0.596759855747
        value: "fast"
    speech_music:
        all:
            music: 0.898048102856
            speech: 0.101951919496
        probability: 0.898048102856
        value: "music"
    timbre:
        all:
            bright: 0.981546461582
            dark: 0.0184535644948
        probability: 0.981546461582
        value: "bright"
    voice_instrumental:
        all:
            instrumental: 0.862046182156
            voice: 0.137953832746
        probability: 0.862046182156
        value: "instrumental"

lowlevel:
    average_loudness: 0.964288234711
    barkbands_kurtosis:
        dmean: 3.58599424362
        dmean2: 5.47100639343
        dvar: 16.646024704
        dvar2: 41.0578765869
        max: 38.2263450623
        mean: 6.88069581985
        min: -1.48143315315
        var: 46.534866333
    barkbands_skewness:
        dmean: 0.587534964085
        dmean2: 0.91527146101
        dvar: 0.326844483614
        dvar2: 0.749046862125
        max: 4.88549137115
        mean: 2.02417421341
        min: -0.577353000641
        var: 1.03190386295
    barkbands_spread:
        dmean: 4.67696523666
        dmean2: 7.03687238693
        dvar: 28.5263137817
        dvar2: 61.1592330933
        max: 49.0940132141
        mean: 14.8356723785
        min: 2.25751042366
        var: 98.5034866333
    dissonance:
        dmean: 0.0355620272458
        dmean2: 0.0592309869826
        dvar: 0.00118695560377
        dvar2: 0.00281865336001
        max: 0.49877884984
        mean: 0.416032642126
        min: 0
        var: 0.0027951488737
    hfc:
        dmean: 0.891566336155
        dmean2: 1.07657158375
        dvar: 1.33901846409
        dvar2: 2.26518034935
        max: 11.0445785522
        mean: 2.24699211121
        min: 4.96271932207e-05
        var: 4.25144052505
    pitch:
        dmean: 201.906585693
        dmean2: 386.509155273
        dvar: 375427.71875
        dvar2: 1114285
        max: 4410
        mean: 350.824920654
        min: 82.8947372437
        var: 257584.703125
    pitch_instantaneous_confidence:
        dmean: 0.0984363928437
        dmean2: 0.149040788412
        dvar: 0.00950498785824
        dvar2: 0.0175316594541
        max: 0.955786526203
        mean: 0.505156457424
        min: 0.111937642097
        var: 0.0358361527324
    pitch_salience:
        dmean: 0.0787746682763
        dmean2: 0.128247722983
        dvar: 0.00468448735774
        dvar2: 0.00967907253653
        max: 0.919820487499
        mean: 0.566934585571
        min: 0.144077539444
        var: 0.0164865776896
    silence_rate_20dB:
        dmean: 0
        dmean2: 0
        dvar: 0
        dvar2: 0
        max: 1
        mean: 1
        min: 1
        var: 0
    silence_rate_30dB:
        dmean: 0
        dmean2: 0
        dvar: 0
        dvar2: 0
        max: 1
        mean: 1
        min: 1
        var: 0
    silence_rate_60dB:
        dmean: 0.152073726058
        dmean2: 0.304849892855
        dvar: 0.128946781158
        dvar2: 0.253486812115
        max: 1
        mean: 0.579310357571
        min: 0
        var: 0.243709802628
    spectral_centroid:
        dmean: 137.79498291
        dmean2: 210.573852539
        dvar: 25140.4824219
        dvar2: 55915.3828125
        max: 1735.94433594
        mean: 703.508422852
        min: 301.91305542
        var: 65138.0703125
    spectral_complexity:
        dmean: 1.59815239906
        dmean2: 2.37268519402
        dvar: 2.82697319984
        dvar2: 5.24306535721
        max: 20
        mean: 5.66359424591
        min: 0
        var: 8.619556427
    spectral_crest:
        dmean: 2.73497915268
        dmean2: 4.46868038177
        dvar: 6.4074344635
        dvar2: 16.5047588348
        max: 25.2114677429
        mean: 11.7248287201
        min: 4.19535017014
        var: 19.6202507019
    spectral_decrease:
        dmean: 3.71561142964e-10
        dmean2: 5.28729671156e-10
        dvar: 2.23460696981e-19
        dvar2: 5.19752734043e-19
        max: -1.28408492268e-14
        mean: -8.67630356449e-10
        min: -4.25873203369e-09
        var: 6.05920603742e-19
    spectral_energy:
        dmean: 0.0014747583773
        dmean2: 0.00207913527265
        dvar: 3.49032552549e-06
        dvar2: 7.97566099209e-06
        max: 0.0170334372669
        mean: 0.00347844487987
        min: 5.29656460913e-08
        var: 9.67640153249e-06
    spectral_energyband_high:
        dmean: 2.67634950433e-05
        dmean2: 3.83091319236e-05
        dvar: 1.86715332084e-09
        dvar2: 3.58617024965e-09
        max: 0.000346995075233
        mean: 4.82205687149e-05
        min: 2.40978037525e-09
        var: 3.12296477567e-09
    spectral_energyband_low:
        dmean: 0.00014163038577
        dmean2: 0.000200535665499
        dvar: 6.10711907711e-08
        dvar2: 1.10379360763e-07
        max: 0.00291192671284
        mean: 0.000199319736566
        min: 4.57775195528e-09
        var: 1.07132635208e-07
    spectral_energyband_middle_high:
        dmean: 0.000270448479569
        dmean2: 0.000342763960361
        dvar: 1.89934709738e-07
        dvar2: 3.3764769114e-07
        max: 0.00406920630485
        mean: 0.000488196470542
        min: 1.27372707937e-08
        var: 4.18762141408e-07
    spectral_energyband_middle_low:
        dmean: 0.00123627181165
        dmean2: 0.00188889121637
        dvar: 3.08689209305e-06
        dvar2: 7.43299415262e-06
        max: 0.0142551325262
        mean: 0.00274271215312
        min: 3.3093652263e-08
        var: 7.89660680311e-06
    spectral_flatness_db:
        dmean: 0.0229913499206
        dmean2: 0.0340942628682
        dvar: 0.000421273551183
        dvar2: 0.000937445089221
        max: 0.288728922606
        mean: 0.170079901814
        min: 0.0577383823693
        var: 0.00225388654508
    spectral_flux:
        dmean: 0.0111066279933
        dmean2: 0.0174312330782
        dvar: 0.000161076924996
        dvar2: 0.000339059537509
        max: 0.0915992110968
        mean: 0.0281694605947
        min: 0.00238915812224
        var: 0.000302119762637
    spectral_kurtosis:
        dmean: 1.44803416729
        dmean2: 2.23698067665
        dvar: 3.76856970787
        dvar2: 6.77142047882
        max: 29.7470550537
        mean: 4.74563026428
        min: 0.024090051651
        var: 16.6655597687
    spectral_rms:
        dmean: 0.000379979988793
        dmean2: 0.000521417590789
        dvar: 1.59478616979e-07
        dvar2: 3.34061638796e-07
        max: 0.0040765167214
        mean: 0.00166883005295
        min: 7.18844921721e-06
        var: 6.08614413977e-07
    spectral_rolloff:
        dmean: 350.896636963
        dmean2: 591.16607666
        dvar: 327481.5
        dvar2: 676308.5
        max: 4026.70898438
        mean: 1020.04833984
        min: 344.53125
        var: 589003.375
    spectral_skewness:
        dmean: 0.253243029118
        dmean2: 0.398559033871
        dvar: 0.0826833769679
        dvar2: 0.161922737956
        max: 4.32760715485
        mean: 1.95495295525
        min: 0.946834206581
        var: 0.320440709591
    spectral_spread:
        dmean: 914752.9375
        dmean2: 1437577
        dvar: 1.49304311808e+12
        dvar2: 2.40932749312e+12
        max: 27247410
        mean: 7473290
        min: 2047622.375
        var: 5.99233921024e+12
    spectral_strongpeak:
        dmean: 0.212051466107
        dmean2: 0.308595389128
        dvar: 0.0801488980651
        dvar2: 0.131354108453
        max: 3.15753531456
        mean: 0.539418041706
        min: 7.42937772884e-05
        var: 0.299002885818
    zerocrossingrate:
        dmean: 0.00733211264014
        dmean2: 0.00884218607098
        dvar: 5.05848474859e-05
        dvar2: 5.52710989723e-05
        max: 0.11767578125
        mean: 0.0486841164529
        min: 0.00341796875
        var: 0.000352431525243
    barkbands:
        dmean: [1.63823354882e-08, 4.12368826801e-05, 0.00010585659038, 7.91503844084e-05, 0.000532618025318, 0.000390154484194, 0.000247588235652, 0.000153878339916, 0.000275260303169, 9.13512340048e-05, 5.30734287167e-05, 4.0873830585e-05, 4.4892574806e-05, 1.18265161291e-05, 3.13842247124e-05, 1.05313793028e-05, 1.55405123223e-05, 1.93229152501e-05, 2.15984109673e-05, 1.91565068235e-05, 1.16641676868e-05, 5.33540332981e-06, 2.54391511589e-06, 1.47038429077e-06, 8.93819276371e-07, 1.30514621333e-07, 3.28872906685e-09]
        dmean2: [2.46254359126e-08, 6.28795605735e-05, 0.000149220024468, 0.000138051895192, 0.000932455353905, 0.000645843916573, 0.000343694118783, 0.000241908914177, 0.000304891291307, 0.000131798049551, 7.08248335286e-05, 5.50067052245e-05, 6.59969737171e-05, 1.77649217221e-05, 4.3810596253e-05, 1.53845012392e-05, 2.42013629759e-05, 2.95859481412e-05, 3.27937050315e-05, 2.82114851871e-05, 1.75785462488e-05, 8.15875046101e-06, 3.81588097298e-06, 2.15436830331e-06, 1.2960750837e-06, 1.89799592931e-07, 5.46612621832e-09]
        dvar: [8.35462106618e-16, 4.67562255579e-09, 3.905217838e-08, 1.80279702278e-08, 1.11838016892e-06, 5.0778220384e-07, 1.91082065726e-07, 6.38965573785e-08, 5.72208705307e-07, 4.89730922482e-08, 2.36043362634e-08, 1.59427688828e-08, 4.67628602507e-08, 4.40481762176e-10, 6.40077235659e-09, 2.94737567685e-10, 6.18325002311e-10, 1.39108891073e-09, 1.72475023152e-09, 1.20102239265e-09, 4.06305405987e-10, 7.74724173702e-11, 1.73389202301e-11, 7.86362034516e-12, 2.40738809096e-12, 6.27520835316e-14, 7.86608793171e-17]
        dvar2: [2.10402645285e-15, 1.02045376593e-08, 7.26120958916e-08, 4.86666245081e-08, 3.10891732624e-06, 1.18265541005e-06, 3.19831826801e-07, 1.34815280717e-07, 6.91579373324e-07, 1.00071993359e-07, 3.72174078223e-08, 2.28264287472e-08, 1.06538287525e-07, 9.74163416601e-10, 1.31666029191e-08, 5.82473069777e-10, 1.22961463234e-09, 3.21770454725e-09, 3.59566154629e-09, 2.69758571037e-09, 8.39503522254e-10, 1.56457638512e-10, 3.5772655671e-11, 1.63855127383e-11, 5.08087452319e-12, 1.27653679185e-13, 1.9307291499e-16]
        max: [3.54748692644e-07, 0.000686314422637, 0.00246024876833, 0.00102795811836, 0.00900469534099, 0.0106024676934, 0.00696123298258, 0.00334711442702, 0.0131378248334, 0.00221935659647, 0.00348396250047, 0.00190094392747, 0.00288742571138, 0.000204919779208, 0.000810846337117, 0.000163137388881, 0.000216476852074, 0.000368087901734, 0.000491241691634, 0.000373396789655, 0.000160570023581, 7.90576086729e-05, 3.65979649359e-05, 3.99729178753e-05, 1.3437209418e-05, 2.51742153523e-06, 9.99608786856e-08]
        mean: [3.46946613661e-08, 5.70658266952e-05, 0.000142219942063, 8.3866303612e-05, 0.000516192696523, 0.000720563926734, 0.000584956258535, 0.000310231698677, 0.000511645339429, 0.00011569452181, 8.52629964356e-05, 6.56897609588e-05, 5.18573142472e-05, 1.8381895643e-05, 4.97985674883e-05, 1.73032949533e-05, 2.29905253946e-05, 2.66656807071e-05, 3.23868080159e-05, 2.9156139135e-05, 1.75758377736e-05, 9.42375481827e-06, 4.3711725084e-06, 2.94669962386e-06, 1.8874708303e-06, 2.7619162779e-07, 4.26555324395e-09]
        min: [4.1810204604e-11, 1.68692548819e-09, 2.73465983192e-09, 4.10205691637e-09, 1.30151720512e-08, 8.94314222677e-09, 1.9624788461e-09, 4.25749574484e-10, 3.95437060874e-09, 4.16950118876e-09, 2.66035682372e-09, 1.57689505897e-09, 1.07781716885e-09, 4.70722294477e-10, 5.97443150507e-10, 2.12470943617e-10, 4.35041419555e-10, 8.68732030757e-10, 1.17820064816e-09, 4.84828788228e-10, 3.65553864956e-10, 6.32014995894e-10, 2.71423800102e-10, 3.3038435876e-10, 2.94860719174e-10, 1.09219376598e-10, 1.01531682367e-11]
        var: [2.54005085025e-15, 6.19961770809e-09, 6.87396308763e-08, 1.68372871201e-08, 9.88687816061e-07, 1.54405643116e-06, 1.06269737898e-06, 2.25930833153e-07, 2.27219152293e-06, 8.41896010684e-08, 8.10540825569e-08, 3.97521269235e-08, 5.25294083786e-08, 7.51809114963e-10, 1.17012231016e-08, 6.55350995693e-10, 9.31566934703e-10, 1.6537400338e-09, 2.25667595721e-09, 1.82841686236e-09, 6.26874940846e-10, 1.17004878009e-10, 2.80055492685e-11, 1.2827124779e-11, 4.77663178108e-12, 1.24879178721e-13, 7.18970763878e-17]
    mfcc:
        mean: [-767.326171875, 125.399253845, -0.270372658968, 30.7903251648, -18.2517814636, -14.1804151535, -10.2444667816, -8.30877590179, -6.16744613647, -0.825615465641, -0.689139664173, -5.38108110428, -5.97621822357]
        cov: [[2993.84155273, 8.2559967041, -260.298431396, -166.043014526, -59.6424446106, 50.3508377075, -33.4705696106, -104.847373962, -77.3155517578, -67.9286651611, -79.9457550049, -49.5096244812, 18.5764465332], [8.2559967041, 723.750061035, -215.043243408, -80.5492324829, -68.8745727539, -49.360912323, -119.88558197, -105.685066223, -21.6386985779, -7.13655090332, -42.9376945496, -26.0982837677, 4.43795871735], [-260.298431396, -215.043243408, 314.243835449, 103.201477051, 99.6128921509, 30.2676639557, 54.5843505859, 50.0885848999, 0.656137466431, 22.1870040894, 63.4172782898, 31.4478683472, 3.41937470436], [-166.043014526, -80.5492324829, 103.201477051, 204.136383057, 60.8444442749, 12.6713018417, 0.787580728531, 3.05602192879, -10.4006414413, -21.6350002289, 2.03432393074, -11.7973270416, -21.6887512207], [-59.6424446106, -68.8745727539, 99.6128921509, 60.8444442749, 120.769622803, 41.4911270142, 47.1729202271, 49.9510803223, 0.844288468361, 6.81763076782, 44.806930542, 11.7158088684, 1.81070494652], [50.3508377075, -49.360912323, 30.2676639557, 12.6713018417, 41.4911270142, 84.972869873, 79.0617294312, 49.0912246704, 7.77620267868, -7.31876325607, 15.6535930634, 5.89704465866, -4.69465827942], [-33.4705696106, -119.88558197, 54.5843505859, 0.787580728531, 47.1729202271, 79.0617294312, 166.901504517, 125.462539673, 25.9551010132, -0.533134996891, 24.0041904449, 1.76492524147, -5.4775891304], [-104.847373962, -105.685066223, 50.0885848999, 3.05602192879, 49.9510803223, 49.0912246704, 125.462539673, 148.203521729, 63.8248443604, 26.6166820526, 23.8076133728, -4.60452699661, -1.40146279335], [-77.3155517578, -21.6386985779, 0.656137466431, -10.4006414413, 0.844288468361, 7.77620267868, 25.9551010132, 63.8248443604, 117.821243286, 84.2235107422, 10.7134695053, -4.18442201614, -2.12716698647], [-67.9286651611, -7.13655090332, 22.1870040894, -21.6350002289, 6.81763076782, -7.31876325607, -0.533134996891, 26.6166820526, 84.2235107422, 132.30770874, 62.7610588074, 15.7288618088, -6.26685428619], [-79.9457550049, -42.9376945496, 63.4172782898, 2.03432393074, 44.806930542, 15.6535930634, 24.0041904449, 23.8076133728, 10.7134695053, 62.7610588074, 115.590713501, 55.1370925903, -5.47694540024], [-49.5096244812, -26.0982837677, 31.4478683472, -11.7973270416, 11.7158088684, 5.89704465866, 1.76492524147, -4.60452699661, -4.18442201614, 15.7288618088, 55.1370925903, 79.6615524292, 27.0975894928], [18.5764465332, 4.43795871735, 3.41937470436, -21.6887512207, 1.81070494652, -4.69465827942, -5.4775891304, -1.40146279335, -2.12716698647, -6.26685428619, -5.47694540024, 27.0975894928, 73.9509506226]]
        icov: [[0.000416733208112, 0.000174064538442, 0.000364324165275, 0.000312045245664, -0.000202923984034, -0.000588717870414, 1.83830343303e-05, 0.000476596178487, 0.000188506193808, -0.00010361407476, 5.01310496475e-05, 0.000383580016205, -0.000202667419217], [0.000174064538442, 0.00200095353648, 0.00129354523961, 0.000445316167315, -0.000517374370247, -0.00051165552577, 0.000862404704094, 0.000749812810682, 0.00012661490473, -0.000184290038305, -0.000207864359254, 0.00075998227112, -0.000340585946105], [0.000364324165275, 0.00129354523961, 0.00617994880304, -0.00166014407296, -0.00304995593615, 0.000458365801023, -0.000975445786025, 0.000582986569498, 0.0013340562582, -0.00160172185861, -0.000427719351137, -0.000609142240137, -0.000805053685326], [0.000312045245664, 0.000445316167315, -0.00166014407296, 0.00766439782456, -0.00344257010147, -0.000447708443971, 0.0011755839223, 0.00162809377071, -0.00191106332932, 0.00259487796575, 0.000259669439401, 0.00122068647761, 0.002130178269], [-0.000202923984034, -0.000517374370247, -0.00304995593615, -0.00344257010147, 0.0176750402898, -0.00673982826993, 0.00468910066411, -0.00746538257226, 0.00306238257326, 0.000509232922923, -0.00611819233745, 0.00303581496701, -0.00287569197826], [-0.000588717870414, -0.00051165552577, 0.000458365801023, -0.000447708443971, -0.00673982826993, 0.0270364917815, -0.0169041715562, 0.00871486961842, -0.00625789025798, 0.00424330076203, -0.000818916247226, -0.00209286413155, 0.00170635816175], [1.83830343303e-05, 0.000862404704094, -0.000975445786025, 0.0011755839223, 0.00468910066411, -0.0169041715562, 0.0309802237898, -0.0249600056559, 0.00899100862443, -0.00134012382478, 0.000294838799164, -0.000647986133117, 0.00137159531005], [0.000476596178487, 0.000749812810682, 0.000582986569498, 0.00162809377071, -0.00746538257226, 0.00871486961842, -0.0249600056559, 0.035928171128, -0.0188357289881, 0.00787116959691, -0.00573723576963, 0.00595686770976, -0.00262849219143], [0.000188506193808, 0.00012661490473, 0.0013340562582, -0.00191106332932, 0.00306238257326, -0.00625789025798, 0.00899100862443, -0.0188357289881, 0.0324712693691, -0.0234850812703, 0.0134352920577, -0.00522744702175, 0.00101396453101], [-0.00010361407476, -0.000184290038305, -0.00160172185861, 0.00259487796575, 0.000509232922923, 0.00424330076203, -0.00134012382478, 0.00787116959691, -0.0234850812703, 0.0298583824188, -0.019044034183, 0.00741116609424, -0.00109231786337], [5.01310496475e-05, -0.000207864359254, -0.000427719351137, 0.000259669439401, -0.00611819233745, -0.000818916247226, 0.000294838799164, -0.00573723576963, 0.0134352920577, -0.019044034183, 0.0309424437582, -0.0189138446003, 0.008101538755], [0.000383580016205, 0.00075998227112, -0.000609142240137, 0.00122068647761, 0.00303581496701, -0.00209286413155, -0.000647986133117, 0.00595686770976, -0.00522744702175, 0.00741116609424, -0.0189138446003, 0.0287441220134, -0.0113538103178], [-0.000202667419217, -0.000340585946105, -0.000805053685326, 0.002130178269, -0.00287569197826, 0.00170635816175, 0.00137159531005, -0.00262849219143, 0.00101396453101, -0.00109231786337, 0.008101538755, -0.0113538103178, 0.0191832724959]]
    spectral_contrast:
        mean: [3.74415293436e-07, 5.95994947616e-07, -1.22209257825e-07, -6.88320369591e-08, -1.79097199293e-07, 5.4880223388e-07, 1.49698303176e-06, -3.12718384521e-07, 8.88576153102e-07, 1.1295354625e-06, 1.70848338144e-07, -4.51347250419e-06]
        var: [0.00016176738427, 0.000609749869909, 0.00134587206412, 0.00386699498631, 0.00450855586678, 0.010454589501, 0.0774990767241, 0.124755628407, 0.131333708763, 0.256299704313, 0.340579748154, 1.78408432007]

rhythm:
    beats_loudness:
        dmean: 0.00334317144006
        dmean2: 0.00588425761089
        dvar: 1.2760532627e-05
        dvar2: 4.04551356041e-05
        max: 0.0125898709521
        mean: 0.00467291520908
        min: 0.00130790029652
        var: 1.31730403155e-05
    beats_loudness_bass:
        dmean: 0.0730848386884
        dmean2: 0.0869617089629
        dvar: 0.00588607322425
        dvar2: 0.00813240744174
        max: 0.463637202978
        mean: 0.10492413491
        min: 0.00478560244665
        var: 0.015853503719
    bpm: 94.9959411621
    bpm_confidence: 0
    first_peak_bpm: 126
    first_peak_spread: 0
    first_peak_weight: 0.666666686535
    onset_rate: 4.87215900421
    second_peak_bpm: 95
    second_peak_spread: 0
    second_peak_weight: 0.277777791023
    beats_position: [0.132155358791, 0.610073626041, 1.08799183369, 1.56591022015, 2.0438284874, 2.52174663544, 2.99966478348, 3.47758293152, 3.95550084114, 4.4334192276, 4.9113368988, 5.38925504684, 5.86717319489, 6.71989345551, 7.35150337219, 7.98311328888, 8.61472320557, 9.24633312225, 9.87794303894]
    bpm_estimates: [94.9434814453, 95.5199737549, 94.9432220459, 94.9253463745, 94.8609313965, 94.782661438]
    bpm_intervals: [0.47791826725, 0.477918207645, 0.477918386459, 0.47791826725, 0.477918148041, 0.477918148041, 0.477918148041, 0.477917909622, 0.477918386459, 0.477917671204, 0.477918148041, 0.477918148041, 0.85272026062, 0.631609916687, 0.631609916687, 0.631609916687, 0.631609916687, 0.631609916687]
    onset_times: [0.0464399084449, 0.139319732785, 0.267029464245, 0.441179126501, 0.615328788757, 0.777868509293, 0.96362811327, 1.07972788811, 1.2190476656, 1.54412698746, 2.04335594177, 2.20589566231, 2.35682535172, 2.48453521729, 2.69351482391, 2.82122445107, 2.97215414047, 3.13469386101, 3.48299312592, 3.66875290871, 3.99383211136, 4.13315200806, 4.33052158356, 4.6439909935, 4.96907043457, 5.08517026901, 5.30575942993, 5.41024923325, 5.60761928558, 5.75854873657, 6.06040811539, 6.25777769089, 6.40870761871, 6.57124710083, 6.68734693527, 6.88471651077, 7.02403640747, 7.32589578629, 7.4884352684, 7.83673477173, 7.9644446373, 8.12698459625, 8.44045352936, 8.6146030426, 8.91646289825, 9.22993183136, 9.4040813446, 9.75238132477, 9.86848068237]
    rubato_start: [7.35150337219]
    rubato_stop: [9.87794303894]
    perceptual_tempo: "unknown"

sfx:
    inharmonicity:
        dmean: 0.0240026880056
        dmean2: 0.0446819365025
        dvar: 0.00207594037056
        dvar2: 0.006205950398
        max: 0.412571251392
        mean: 0.0184516068548
        min: 0
        var: 0.0012658261694
    oddtoevenharmonicenergyratio:
        dmean: 4.96527719498
        dmean2: 9.58561038971
        dvar: 314.766784668
        dvar2: 910.827758789
        max: 156.350067139
        mean: 2.80543828011
        min: 0
        var: 173.98449707
    pitch_after_max_to_before_max_energy_ratio: 3.4213116169
    pitch_centroid: 219.328308105
    pitch_max_to_total: 0.193548381329
    pitch_min_to_total: 0.760368645191
    tristimulus:
        dmean: [0.260525017977, 0.272308200598, 0.0544923208654]
        dmean2: [0.462980300188, 0.480418205261, 0.096888050437]
        dvar: [0.0504391044378, 0.0524654351175, 0.00249767350033]
        dvar2: [0.138348549604, 0.148291751742, 0.00673266593367]
        max: [1, 0.958398997784, 0.34928381443]
        mean: [0.58582264185, 0.335653036833, 0.0491516143084]
        min: [0.000655817915685, 0, 0]
        var: [0.063673838973, 0.066946156323, 0.00288811582141]

tonal:
    chords_changes_rate: 0.0779816508293
    chords_number_rate: 0.0321100912988
    chords_strength:
        dmean: 0.0103891286999
        dmean2: 0.00973664596677
        dvar: 5.14021521667e-05
        dvar2: 6.51046284474e-05
        max: 0.541113972664
        mean: 0.416894197464
        min: 0.290680259466
        var: 0.00368755380623
    key_strength: 0.799625515938
    tuning_diatonic_strength: 0.546386957169
    tuning_equal_tempered_deviation: 0.0906794145703
    tuning_frequency: 443.316436768
    tuning_nontempered_energy_ratio: 0.656312227249
    hpcp:
        dmean: [0.202394500375, 0.128320336342, 0.0701825171709, 0.0694739893079, 0.0715321823955, 0.132392376661, 0.171162247658, 0.107336699963, 0.0989560633898, 0.0872148275375, 0.0609168298542, 0.0387312620878, 0.0304686315358, 0.0348328649998, 0.0919052660465, 0.133101329207, 0.0910916849971, 0.0498076155782, 0.0522069893777, 0.0706459581852, 0.150482177734, 0.163348093629, 0.134208619595, 0.109742984176, 0.117942743003, 0.0944567173719, 0.0835415199399, 0.0828178599477, 0.0872819796205, 0.0933563411236, 0.108309775591, 0.118598982692, 0.140021324158, 0.145406216383, 0.195304214954, 0.252020657063]
        dmean2: [0.339773535728, 0.22538600862, 0.130888745189, 0.126748770475, 0.12257065624, 0.197973832488, 0.262222260237, 0.162837773561, 0.153164416552, 0.142512634397, 0.10424092412, 0.0677000284195, 0.0516393706203, 0.0627265051007, 0.150940701365, 0.207051888108, 0.145540639758, 0.0854477584362, 0.0910617634654, 0.125210687518, 0.251040995121, 0.287610292435, 0.228926956654, 0.189050272107, 0.186466857791, 0.160744667053, 0.139131203294, 0.139009416103, 0.144432082772, 0.157105177641, 0.18452693522, 0.210010424256, 0.235245630145, 0.240716546774, 0.356817573309, 0.457644641399]
        dvar: [0.060823045671, 0.0382307171822, 0.0193081554025, 0.0180308781564, 0.0149491010234, 0.0266678482294, 0.0520849488676, 0.0195084493607, 0.0253925919533, 0.0193182285875, 0.0128278350458, 0.00848897360265, 0.00502904271707, 0.00398740684614, 0.0238033812493, 0.0481005162001, 0.0197574999183, 0.00575180631131, 0.00717960530892, 0.012646750547, 0.0306828916073, 0.0664066299796, 0.0269292704761, 0.0320445112884, 0.0350970327854, 0.0257745925337, 0.0257373936474, 0.0267916191369, 0.0194056555629, 0.0224847514182, 0.0286084320396, 0.0320672504604, 0.0434997938573, 0.0378370061517, 0.0665633678436, 0.100126646459]
        dvar2: [0.133222699165, 0.102839060128, 0.0569826774299, 0.0496536754072, 0.0375901013613, 0.057779930532, 0.106910996139, 0.03729756549, 0.0551793426275, 0.0432626865804, 0.0337304137647, 0.0164225567132, 0.0117434551939, 0.0112046534196, 0.0578082948923, 0.0976128876209, 0.0495336987078, 0.0157119631767, 0.0199665538967, 0.0341185629368, 0.0788979455829, 0.136206001043, 0.0688880383968, 0.0727940425277, 0.0653137788177, 0.0539313480258, 0.0674956440926, 0.0579695403576, 0.0478952899575, 0.051221229136, 0.0696912333369, 0.0940293744206, 0.120098121464, 0.0946399122477, 0.182681560516, 0.262888610363]
        max: [1, 1, 0.879638135433, 1, 1, 1, 1, 1, 1, 1, 1, 1, 0.630581796169, 0.344119608402, 1, 1, 1, 0.492547601461, 0.462382823229, 0.815960764885, 0.966006398201, 1, 1, 1, 1, 1, 1, 1, 0.837082445621, 0.859152138233, 1, 1, 1, 1, 1, 1]
        mean: [0.270504444838, 0.1456387043, 0.0558227412403, 0.0568151473999, 0.0715412423015, 0.221620500088, 0.307915657759, 0.182838201523, 0.112346149981, 0.0931511446834, 0.0539051368833, 0.0338787250221, 0.0297033004463, 0.0307450927794, 0.126894563437, 0.2024281919, 0.117139577866, 0.0457995980978, 0.0437645688653, 0.0584125556052, 0.234390065074, 0.368323028088, 0.204249560833, 0.126382052898, 0.185766354203, 0.128993481398, 0.0916696041822, 0.105640053749, 0.0884742215276, 0.0926364064217, 0.11225219816, 0.113142430782, 0.160782873631, 0.187659725547, 0.182311013341, 0.255328118801]
        min: [0.0011446014978, 0.000593632576056, 0.000291091273539, 0.000250549666816, 0.00060905108694, 0.00257636606693, 0.00325579172932, 0.00182547734585, 0.000505183648784, 0.000156509951921, 0.000190129256225, 0.000205925884075, 0.000150379550178, 0.000216751723201, 0.000429840234574, 0.000222867674893, 0.000281779823126, 0.000435539142927, 0.00045997131383, 0.000405623606639, 0.000249822740443, 0.000510288577061, 0.00037776841782, 0.000136795686558, 0.000113947840873, 0.00015027000336, 0.000145819300087, 0.000152092325152, 0.0005612175446, 0, 0, 0, 0.00027540960582, 0.000489525613375, 0.000743120210245, 0.00141893490218]
        var: [0.102766506374, 0.0439258776605, 0.0133517496288, 0.0126687539741, 0.0146085191518, 0.0587544776499, 0.11985835433, 0.0450385473669, 0.0389509759843, 0.0251855365932, 0.0108575131744, 0.00707550393417, 0.00409015826881, 0.0027277849149, 0.0397282987833, 0.097241692245, 0.0280240420252, 0.00521884532645, 0.00571773014963, 0.0104562398046, 0.0646533966064, 0.17292805016, 0.0512564964592, 0.044560931623, 0.0941576361656, 0.0437488853931, 0.0308127868921, 0.0486967638135, 0.0241695381701, 0.0280574094504, 0.0394594967365, 0.0292284414172, 0.0518884845078, 0.0773724988103, 0.0665486380458, 0.102069623768]
    chords_histogram: [17.8899078369, 1.83486235142, 0.458715587854, 17.8899078369, 16.0550460815, 0, 0, 0, 0, 30.7339458466, 0, 0, 0, 0, 0, 0, 2.75229358673, 0, 0, 0, 0, 0, 12.3853206635, 0]
    thpcp: [1, 0.554539203644, 0.343128293753, 0.504357159138, 0.350218355656, 0.248883709311, 0.28681358695, 0.240208223462, 0.251508593559, 0.304765611887, 0.307182610035, 0.436526805162, 0.509497702122, 0.494975864887, 0.693217933178, 0.734421730042, 0.395410269499, 0.151559188962, 0.154253587127, 0.194235056639, 0.601701438427, 0.835993528366, 0.496407181025, 0.305020719767, 0.252906113863, 0.146352887154, 0.0919810160995, 0.0806447044015, 0.0834731757641, 0.344519764185, 0.549594163895, 0.318034887314, 0.124346278608, 0.118821159005, 0.158590555191, 0.636370897293]
    chords_key: "E"
    chords_scale: "major"
    key_key: "A"
    key_scale: "minor"
    chords_progression: ["G", "G", "G", "G", "G", "G", "G", "G", "G", "Am", "Am", "Am", "Am", "Am", "Am", "Am", "Am", "Am", "Am", "Dm", "Dm", "Dm", "Dm", "Dm", "Dm", "Dm", "Dm", "Dm", "Dm", "Dm", "G", "G", "G", "G", "E", "Dm", "Dm", "Dm", "Dm", "Dm", "Dm", "Dm", "Dm", "Dm", "Dm", "Dm", "Dm", "Dm", "Dm", "Dm", "Dm", "E", "E", "E", "E", "Em", "G", "G", "G", "G", "G", "G", "G", "G", "G", "G", "G", "G", "G", "G", "G", "G", "G", "G", "G", "Bm", "Bm", "Bm", "Bm", "Bm", "Bm", "Bm", "Bm", "Bm", "Bm", "Bm", "Bm", "Bm", "Bm", "Bm", "Bm", "Bm", "Bm", "Bm", "Bm", "Bm", "Bm", "Bm", "Bm", "Bm", "Bm", "Bm", "Bm", "Bm", "Bm", "Bm", "Bm", "Bm", "Bm", "Bm", "E", "E", "E", "E", "E", "E", "E", "E", "E", "G", "G", "G", "G", "G", "G", "G", "E", "E", "E", "C", "C", "C", "C", "E", "E", "E", "E", "E", "E", "E", "Fm", "Fm", "Fm", "Fm", "Fm", "Fm", "E", "E", "E", "E", "E", "E", "E", "E", "E", "E", "E", "E", "E", "E", "E", "E", "E", "E", "E", "E", "E", "E", "E", "E", "E", "E", "E", "E", "E", "E", "E", "E", "E", "E", "E", "E", "E", "E", "E", "E", "E", "E", "E", "Am", "Am", "Am", "Am", "Am", "Am", "Am", "Am", "Am", "Am", "Am", "Am", "Am", "Am", "Am", "Am", "Am", "Am", "Am", "Am", "Am", "Am", "Am", "Am", "Am", "Am", "Am", "Am", "Am"]
