
metadata:
    version:
        essentia: "1.2.2"
    audio_properties:
        analysis_sample_rate: 44100
        bitrate: 128
        channels: 2
        equal_loudness: 1
        length: 10.0571432114
        replay_gain: -9.07174873352
        downmix: "mix"
    tags:
        track: 3
        year: 0
        album: "Splitted by Mp3Splt v. 2.1"
        artist: "From 000.20 To 000.30"
        comment: "http://mp3splt.sf.net"
        genre: ""
        title: "02 East Easy Rider.mp3"

highlevel:
    ballroom:
        all:
            ChaChaCha: 0.0989810526371
            Jive: 0.557299256325
            Quickstep: 0.183277234435
            Rumba-American: 0.00167441414669
            Rumba-International: 0.00540705630556
            Rumba-Misc: 0.00300750555471
            Samba: 0.116029940546
            Tango: 0.00565925240517
            VienneseWaltz: 0.0209749024361
            Waltz: 0.00768939219415
        probability: 0.557299256325
        value: "Jive"
    culture:
        all:
            non_western: 0.0356572717428
            western: 0.964342713356
        probability: 0.964342713356
        value: "western"
    gender:
        all:
            female: 0.0260258689523
            male: 0.973974108696
        probability: 0.973974108696
        value: "male"
    genre_dortmund:
        all:
            alternative: 0.0129518518224
            blues: 0.154210686684
            electronic: 0.00669995276257
            folkcountry: 0.104036092758
            funksoulrnb: 0.0568561293185
            jazz: 0.0270095542073
            pop: 0.0234078932554
            raphiphop: 0.0457039922476
            rock: 0.569123864174
        probability: 0.569123864174
        value: "rock"
    genre_electronica:
        all:
            ambient: 0.135135442019
            dnb: 0.587997972965
            house: 0.20058222115
            techno: 0.0368562377989
            trance: 0.0394281260669
        probability: 0.587997972965
        value: "dnb"
    genre_rosamerica:
        all:
            cla: 0.0278166383505
            dan: 0.0296243596822
            hip: 0.344614744186
            jaz: 0.0149103645235
            pop: 0.088737167418
            rhy: 0.0908213406801
            roc: 0.385678559542
            spe: 0.0177968386561
        probability: 0.385678559542
        value: "roc"
    genre_tzanetakis:
        all:
            blu: 0.0192216392606
            cla: 0.004976792261
            cou: 0.088728480041
            dis: 0.134100273252
            hip: 0.274474263191
            jaz: 0.00695350160822
            met: 0.0737921819091
            pop: 0.0693555772305
            reg: 0.17284142971
            roc: 0.155555844307
        probability: 0.274474263191
        value: "hip"
    live_studio:
        all:
            live: 0.337408453226
            studio: 0.662591516972
        probability: 0.662591516972
        value: "studio"
    mood:
        all:
            Cluster1: 0.389243930578
            Cluster2: 0.144586741924
            Cluster3: 0.0390211828053
            Cluster4: 0.150720655918
            Cluster5: 0.276427477598
        probability: 0.389243930578
        value: "Cluster1"
    mood_acoustic:
        all:
            acoustic: 0.0604063980281
            not_acoustic: 0.939593613148
        probability: 0.939593613148
        value: "not_acoustic"
    mood_aggressive:
        all:
            aggressive: 0.697992086411
            not_aggressive: 0.302007913589
        probability: 0.697992086411
        value: "aggressive"
    mood_electronic:
        all:
            electronic: 0.377307295799
            not_electronic: 0.622692704201
        probability: 0.622692704201
        value: "not_electronic"
    mood_happy:
        all:
            happy: 0.764008820057
            not_happy: 0.235991150141
        probability: 0.764008820057
        value: "happy"
    mood_party:
        all:
            not_party: 0.309294998646
            party: 0.690705001354
        probability: 0.690705001354
        value: "party"
    mood_relaxed:
        all:
            not_relaxed: 0.93898922205
            relaxed: 0.0610107630491
        probability: 0.93898922205
        value: "not_relaxed"
    mood_sad:
        all:
            not_sad: 0.867521643639
            sad: 0.132478356361
        probability: 0.867521643639
        value: "not_sad"
    rhythm:
        all:
            fast: 0.796103239059
            medium: 0.196702584624
            slow: 0.0071942107752
        probability: 0.796103239059
        value: "fast"
    speech_music:
        all:
            music: 0.985590934753
            speech: 0.0144090699032
        probability: 0.985590934753
        value: "music"
    timbre:
        all:
            bright: 0.00189694366418
            dark: 0.99810308218
        probability: 0.99810308218
        value: "dark"
    voice_instrumental:
        all:
            instrumental: 0.0104771712795
            voice: 0.989522814751
        probability: 0.989522814751
        value: "voice"

lowlevel:
    average_loudness: 0.9331818223
    barkbands_kurtosis:
        dmean: 1.15305566788
        dmean2: 1.81563711166
        dvar: 3.32090830803
        dvar2: 7.33072423935
        max: 18.0816783905
        mean: -0.21305193007
        min: -1.89484286308
        var: 6.271879673
    barkbands_skewness:
        dmean: 0.551260530949
        dmean2: 0.846783518791
        dvar: 0.264568537474
        dvar2: 0.628781497478
        max: 3.84386897087
        mean: 0.459980249405
        min: -2.63491296768
        var: 0.940585792065
    barkbands_spread:
        dmean: 6.54399442673
        dmean2: 10.5523643494
        dvar: 38.5843009949
        dvar2: 90.8911209106
        max: 58.9991035461
        mean: 31.8980369568
        min: 7.24944543839
        var: 123.911338806
    dissonance:
        dmean: 0.0182399339974
        dmean2: 0.0293731782585
        dvar: 0.000850327138323
        dvar2: 0.00134033709764
        max: 0.49725535512
        mean: 0.461800485849
        min: 0.0747823789716
        var: 0.00147281156387
    hfc:
        dmean: 2.25869083405
        dmean2: 3.12311339378
        dvar: 7.78322505951
        dvar2: 16.0626296997
        max: 27.0778999329
        mean: 5.55897808075
        min: 3.91460525861e-05
        var: 26.3265647888
    pitch:
        dmean: 726.028320312
        dmean2: 1398.12060547
        dvar: 1610750.25
        dvar2: 4108989
        max: 4009.09082031
        mean: 1118.80273438
        min: 80.7692337036
        var: 2179124.5
    pitch_instantaneous_confidence:
        dmean: 0.0933776199818
        dmean2: 0.148047581315
        dvar: 0.00619896873832
        dvar2: 0.0139824394137
        max: 0.786664128304
        mean: 0.421901881695
        min: 0.132839500904
        var: 0.0235204529017
    pitch_salience:
        dmean: 0.064418412745
        dmean2: 0.104464419186
        dvar: 0.00309726595879
        dvar2: 0.00888000335544
        max: 0.907785654068
        mean: 0.661520898342
        min: 0.390222042799
        var: 0.00593585334718
    silence_rate_20dB:
        dmean: 0
        dmean2: 0
        dvar: 0
        dvar2: 0
        max: 1
        mean: 1
        min: 1
        var: 0
    silence_rate_30dB:
        dmean: 0
        dmean2: 0
        dvar: 0
        dvar2: 0
        max: 1
        mean: 1
        min: 1
        var: 0
    silence_rate_60dB:
        dmean: 0.133640557528
        dmean2: 0.267898380756
        dvar: 0.115781061351
        dvar2: 0.209985733032
        max: 1
        mean: 0.50114941597
        min: 0
        var: 0.250000119209
    spectral_centroid:
        dmean: 316.765838623
        dmean2: 492.512084961
        dvar: 91319.2109375
        dvar2: 233141.9375
        max: 3506.92016602
        mean: 1387.72265625
        min: 303.280700684
        var: 304831.71875
    spectral_complexity:
        dmean: 3.72286367416
        dmean2: 5.45601844788
        dvar: 18.0987224579
        dvar2: 32.1138648987
        max: 39
        mean: 10.9216585159
        min: 0
        var: 67.1229019165
    spectral_crest:
        dmean: 2.51181149483
        dmean2: 4.17452669144
        dvar: 5.23990726471
        dvar2: 15.201789856
        max: 18.5939598083
        mean: 7.76227903366
        min: 2.54068732262
        var: 9.65627670288
    spectral_decrease:
        dmean: 3.19071991051e-10
        dmean2: 4.45563114182e-10
        dvar: 1.44775541878e-19
        dvar2: 2.89560234442e-19
        max: -1.14982029025e-14
        mean: -8.94802953955e-10
        min: -3.16941406453e-09
        var: 4.7482111035e-19
    spectral_energy:
        dmean: 0.00135977822356
        dmean2: 0.00187961105257
        dvar: 2.66318170361e-06
        dvar2: 5.15030114911e-06
        max: 0.0144181484357
        mean: 0.003881406039
        min: 4.69474947806e-08
        var: 9.08023957891e-06
    spectral_energyband_high:
        dmean: 9.7979005659e-05
        dmean2: 0.000135278693051
        dvar: 1.90716740178e-08
        dvar2: 4.00289543734e-08
        max: 0.00155742268544
        mean: 0.000160225623404
        min: 2.08016426306e-09
        var: 4.17980920986e-08
    spectral_energyband_low:
        dmean: 0.000199509770027
        dmean2: 0.000316835066769
        dvar: 1.14901610004e-07
        dvar2: 3.01988961837e-07
        max: 0.00269538466819
        mean: 0.000247284129728
        min: 9.02748720222e-09
        var: 1.25937560824e-07
    spectral_energyband_middle_high:
        dmean: 0.000720268522855
        dmean2: 0.00104101514444
        dvar: 8.58132466419e-07
        dvar2: 1.79870119155e-06
        max: 0.00985305663198
        mean: 0.0017681743484
        min: 7.11179959367e-09
        var: 3.38463519256e-06
    spectral_energyband_middle_low:
        dmean: 0.000773650943302
        dmean2: 0.00113923463505
        dvar: 1.1848410395e-06
        dvar2: 2.79941718873e-06
        max: 0.00949129555374
        mean: 0.00170571974013
        min: 2.76541189947e-08
        var: 2.34360481954e-06
    spectral_flatness_db:
        dmean: 0.0204772241414
        dmean2: 0.0305197369307
        dvar: 0.000322029547533
        dvar2: 0.000595261109993
        max: 0.275216698647
        mean: 0.171255886555
        min: 0.059439919889
        var: 0.00107373390347
    spectral_flux:
        dmean: 0.0103166783229
        dmean2: 0.0153304226696
        dvar: 0.000117320370919
        dvar2: 0.000229312456213
        max: 0.0976130664349
        mean: 0.0364216081798
        min: 0.00403172709048
        var: 0.000339257006999
    spectral_kurtosis:
        dmean: 1.82385408878
        dmean2: 3.13486647606
        dvar: 4.11486244202
        dvar2: 12.7657604218
        max: 17.4555015564
        mean: 3.73072338104
        min: 0.0484068393707
        var: 6.31829929352
    spectral_rms:
        dmean: 0.000349603185896
        dmean2: 0.000467647216283
        dvar: 1.36871477707e-07
        dvar2: 2.40735630541e-07
        max: 0.00375053146854
        mean: 0.00178092205897
        min: 6.76774970998e-06
        var: 6.15055341768e-07
    spectral_rolloff:
        dmean: 500.236480713
        dmean2: 826.784912109
        dvar: 390590
        dvar2: 933030.125
        max: 4780.37109375
        mean: 2777.33642578
        min: 258.3984375
        var: 968465.6875
    spectral_skewness:
        dmean: 0.249739348888
        dmean2: 0.396106153727
        dvar: 0.0575193241239
        dvar2: 0.176198616624
        max: 2.78050327301
        mean: 1.20201432705
        min: 0.337635278702
        var: 0.15739890933
    spectral_spread:
        dmean: 479372.5
        dmean2: 646191.6875
        dvar: 848631758848
        dvar2: 609918320640
        max: 30053472
        mean: 3703269.25
        min: 1615756.875
        var: 2.67064573952e+12
    spectral_strongpeak:
        dmean: 0.296926945448
        dmean2: 0.506618022919
        dvar: 0.239778503776
        dvar2: 0.647449076176
        max: 4.21578645706
        mean: 0.476146250963
        min: 0
        var: 0.393278211355
    zerocrossingrate:
        dmean: 0.0101512884721
        dmean2: 0.0115729440004
        dvar: 6.99473821442e-05
        dvar2: 8.55241014506e-05
        max: 0.16552734375
        mean: 0.0816239714622
        min: 0.00146484375
        var: 0.000670364999678
    barkbands:
        dmean: [3.00282664512e-07, 4.46588892373e-05, 0.000178654998308, 0.000144813035149, 0.000408556341426, 0.000204290976399, 0.000131471155328, 0.000124046637211, 0.000112520174298, 8.33110534586e-05, 2.84911766357e-05, 4.55178596894e-05, 5.45007933397e-05, 7.39809693187e-05, 8.54479367263e-05, 0.000104851736978, 0.000167587859323, 0.000184259159141, 0.000178965172381, 0.000111435132567, 4.38985880464e-05, 1.26743270812e-05, 2.3887844236e-06, 7.72343184963e-07, 1.17077021855e-07, 5.25755172731e-09, 7.84699527578e-10]
        dmean2: [4.24324355208e-07, 7.28976883693e-05, 0.00030046061147, 0.000232784906984, 0.000679656048305, 0.000321824278217, 0.000201251823455, 0.000177657580934, 0.000171934152604, 0.0001179079336, 4.41128468083e-05, 6.95693888701e-05, 8.19229244371e-05, 0.000115828785056, 0.000136614602525, 0.000155904708663, 0.000260142929619, 0.000276070204563, 0.000276318605756, 0.000172973741428, 6.24837193755e-05, 1.73741609615e-05, 3.19260743709e-06, 1.00703903172e-06, 1.91413874973e-07, 8.0675235381e-09, 1.17722953608e-09]
        dvar: [1.9877219174e-13, 7.57150253605e-09, 1.08026100065e-07, 3.90791079496e-08, 6.53215465718e-07, 9.87874742009e-08, 5.2831392594e-08, 1.17190843696e-07, 9.25308469846e-08, 7.07273244416e-08, 3.02678815345e-09, 1.63146918197e-08, 1.47509204851e-08, 1.92515514641e-08, 3.65097285737e-08, 2.206660632e-08, 7.70647972104e-08, 7.16692483138e-08, 7.21726038933e-08, 2.51588829769e-08, 4.59628202165e-09, 2.73542466456e-10, 9.50866295424e-12, 9.45400008279e-13, 4.43998611206e-14, 1.46512228564e-16, 4.02580532323e-17]
        dvar2: [4.76466414066e-13, 2.00073344558e-08, 2.99908123225e-07, 9.56773433813e-08, 1.70813746081e-06, 2.43725594373e-07, 9.75344107701e-08, 2.08578939009e-07, 2.00059844246e-07, 1.31295223582e-07, 6.19475004626e-09, 3.84455702829e-08, 2.68971191986e-08, 4.23694714868e-08, 8.90441640422e-08, 4.11211189544e-08, 1.85814130305e-07, 1.49336244704e-07, 1.68518965893e-07, 5.96679043952e-08, 1.0379877402e-08, 4.81953477127e-10, 1.52803134729e-11, 1.72655314525e-12, 1.14694874691e-13, 3.57163485959e-16, 1.01044174935e-16]
        max: [3.74774685952e-06, 0.000560192565899, 0.00244605354965, 0.00136092142202, 0.0064062657766, 0.00366291962564, 0.00247864727862, 0.00463246414438, 0.00312688061967, 0.00483554648235, 0.000809238932561, 0.00176034180913, 0.0012493012473, 0.00141983968206, 0.00269604311325, 0.00152419542428, 0.00296381185763, 0.00252270093188, 0.00260447361507, 0.00168344506528, 0.000694483402185, 0.000149044324644, 2.60170945694e-05, 9.11506049306e-06, 2.10203802453e-06, 1.47869855027e-07, 9.37888628982e-08]
        mean: [5.33699562766e-07, 4.71865969303e-05, 0.000199569301913, 0.000202257011551, 0.000601155217737, 0.000359015655704, 0.000209969774005, 0.00017830413708, 0.000143679790199, 0.000157849746756, 5.31615369255e-05, 6.57033524476e-05, 8.99244769244e-05, 0.000102666999737, 0.000123527977848, 0.00017114377988, 0.000305120251141, 0.000315865705488, 0.000294583907817, 0.000168601196492, 6.58229037072e-05, 2.08528108487e-05, 3.65152891391e-06, 1.1449150179e-06, 1.11632090238e-07, 5.66168578686e-09, 6.63960664227e-10]
        min: [1.86099732846e-10, 4.09171807547e-09, 3.8762850707e-09, 4.73506256427e-09, 1.23770913518e-08, 7.01461955188e-09, 1.44132239477e-09, 6.66154076345e-10, 1.33331989893e-09, 5.22878740306e-10, 9.27715571031e-10, 6.53146647878e-10, 1.32515021178e-09, 4.03599598187e-10, 3.08925274251e-10, 9.71300262442e-11, 7.23848481154e-10, 1.24556431835e-09, 7.03987979023e-10, 4.81969186783e-10, 7.79805664486e-10, 2.11667100514e-10, 2.73108646809e-10, 2.1712942555e-10, 3.83868501222e-13, 1.62478502874e-11, 1.33330434367e-12]
        var: [5.05481507346e-13, 6.94470214668e-09, 9.67566222698e-08, 5.71192089183e-08, 6.379547699e-07, 2.40592726186e-07, 1.29191377596e-07, 2.42722279609e-07, 1.20985745866e-07, 2.79463932884e-07, 1.13766160936e-08, 3.12368229061e-08, 3.88776086879e-08, 3.76778324096e-08, 5.61000881305e-08, 5.41591056447e-08, 2.27888477866e-07, 1.89003287687e-07, 1.7349985626e-07, 5.2862016986e-08, 8.21346723967e-09, 6.35696051354e-10, 2.02753265566e-11, 2.00223366532e-12, 4.84120698445e-14, 1.23318097423e-16, 2.03530188542e-17]
    mfcc:
        mean: [-748.104980469, 127.036598206, -57.2490768433, 70.8781509399, -17.0215129852, 1.42229926586, -19.8223075867, 1.44681441784, -14.6348638535, -0.975904405117, -13.595126152, -1.16402471066, -13.6793308258]
        cov: [[4466.84326172, -50.1258125305, -439.603912354, -283.471252441, 37.917427063, -224.681945801, 18.9930534363, -73.6776275635, 95.2543869019, -32.0897789001, 183.426528931, -101.106277466, -54.3182296753], [-50.1258125305, 961.221435547, -274.458862305, -162.316665649, -43.0170860291, -27.9899501801, -94.7807998657, 131.03112793, -89.3870620728, 21.6331787109, -2.8496222496, 102.789291382, -46.4938850403], [-439.603912354, -274.458862305, 566.549682617, 147.033340454, 65.1266021729, 25.6874370575, 107.213165283, -84.6963653564, 30.461730957, -26.4234218597, 19.5369415283, -35.3428115845, 69.5294723511], [-283.471252441, -162.316665649, 147.033340454, 382.210449219, 61.4046440125, 149.277740479, -48.5945739746, 22.8755226135, -11.1994972229, 99.7664031982, -49.8647842407, 31.1921806335, 1.87680089474], [37.917427063, -43.0170860291, 65.1266021729, 61.4046440125, 234.490493774, -37.5136108398, 11.9703025818, -72.7024917603, 48.2017173767, -15.6073732376, 70.7118759155, -36.8575630188, 25.8580970764], [-224.681945801, -27.9899501801, 25.6874370575, 149.277740479, -37.5136108398, 297.934875488, -42.9509506226, 106.021575928, -63.7112846375, 78.1087417603, -97.9039840698, 89.2817001343, -39.6595573425], [18.9930534363, -94.7807998657, 107.213165283, -48.5945739746, 11.9703025818, -42.9509506226, 217.037200928, 3.12834692001, 52.809009552, -63.9872894287, 48.8439750671, -55.4278488159, 31.9801464081], [-73.6776275635, 131.03112793, -84.6963653564, 22.8755226135, -72.7024917603, 106.021575928, 3.12834692001, 192.330215454, -40.6876182556, 58.972366333, -42.4879875183, 69.2551879883, -51.7208328247], [95.2543869019, -89.3870620728, 30.461730957, -11.1994972229, 48.2017173767, -63.7112846375, 52.809009552, -40.6876182556, 169.724655151, 8.05187892914, 46.5902290344, -43.8493881226, 48.7783584595], [-32.0897789001, 21.6331787109, -26.4234218597, 99.7664031982, -15.6073732376, 78.1087417603, -63.9872894287, 58.972366333, 8.05187892914, 131.847579956, -8.51729393005, 60.549861908, -14.119553566], [183.426528931, -2.8496222496, 19.5369415283, -49.8647842407, 70.7118759155, -97.9039840698, 48.8439750671, -42.4879875183, 46.5902290344, -8.51729393005, 134.331253052, -10.1017436981, 31.2523593903], [-101.106277466, 102.789291382, -35.3428115845, 31.1921806335, -36.8575630188, 89.2817001343, -55.4278488159, 69.2551879883, -43.8493881226, 60.549861908, -10.1017436981, 139.165390015, 11.7955284119], [-54.3182296753, -46.4938850403, 69.5294723511, 1.87680089474, 25.8580970764, -39.6595573425, 31.9801464081, -51.7208328247, 48.7783584595, -14.119553566, 31.2523593903, 11.7955284119, 104.145065308]]
        icov: [[0.000276099599432, 7.68663885538e-05, 0.000239994493313, 9.40999452723e-05, 2.88499759336e-05, -2.11998140003e-05, -4.6536915761e-06, 9.12017130759e-05, -4.99646303069e-05, -5.69729490962e-05, -0.000391224282794, 0.000124178259284, 0.000166897298186], [7.68663885538e-05, 0.00157916813623, 0.000352451548679, 0.000662336766254, -0.000518513901625, 0.000626592140179, 0.000458412221633, -0.00108713028021, 0.000523376977071, -6.04146298429e-05, 0.000100054312497, -0.00078593561193, -9.79464584816e-06], [0.000239994493313, 0.000352451548679, 0.0029694577679, -0.00100840185769, 1.89241436601e-05, -0.000418364652433, -0.00147240702063, 0.00123336317483, 0.000408888823586, 0.000174429515027, -0.000451520842034, 5.70496595174e-05, -0.000819975277409], [9.40999452723e-05, 0.000662336766254, -0.00100840185769, 0.0054788319394, -0.00214617652819, -0.00111810630187, 0.000459961622255, -0.000485649710754, 0.00103707727976, -0.00410347571597, 0.00175657984801, 0.000996500952169, -0.00103813060559], [2.88499759336e-05, -0.000518513901625, 1.89241436601e-05, -0.00214617652819, 0.00697088195011, -0.00129349599592, 0.00103124580346, 0.00145091500599, -0.00136376626324, 0.00228491821326, -0.00469100102782, 0.00147497153375, 0.000179293376277], [-2.11998140003e-05, 0.000626592140179, -0.000418364652433, -0.00111810630187, -0.00129349599592, 0.00805323384702, -0.00139274506364, -0.00137857918162, 0.000745311321225, -0.00174219335895, 0.00511274812743, -0.00452499929816, 0.0020920583047], [-4.6536915761e-06, 0.000458412221633, -0.00147240702063, 0.000459961622255, 0.00103124580346, -0.00139274506364, 0.0096050677821, -0.00496660126373, -0.00168976886198, 0.00484249601141, -0.00440493226051, 0.0039144884795, -0.00269900285639], [9.12017130759e-05, -0.00108713028021, 0.00123336317483, -0.000485649710754, 0.00145091500599, -0.00137857918162, -0.00496660126373, 0.012337019667, -0.000269046926405, -0.00338516826741, 0.00177466042805, -0.00447771092877, 0.00515596615151], [-4.99646303069e-05, 0.000523376977071, 0.000408888823586, 0.00103707727976, -0.00136376626324, 0.000745311321225, -0.00168976886198, -0.000269046926405, 0.00994518771768, -0.00495751667768, -0.000174249711563, 0.00375308631919, -0.00477930763736], [-5.69729490962e-05, -6.04146298429e-05, 0.000174429515027, -0.00410347571597, 0.00228491821326, -0.00174219335895, 0.00484249601141, -0.00338516826741, -0.00495751667768, 0.0176972821355, -0.00466432189569, -0.00346797774546, 0.00201564095914], [-0.000391224282794, 0.000100054312497, -0.000451520842034, 0.00175657984801, -0.00469100102782, 0.00511274812743, -0.00440493226051, 0.00177466042805, -0.000174249711563, -0.00466432189569, 0.0163207072765, -0.00491523323581, 0.000564444926567], [0.000124178259284, -0.00078593561193, 5.70496595174e-05, 0.000996500952169, 0.00147497153375, -0.00452499929816, 0.0039144884795, -0.00447771092877, 0.00375308631919, -0.00346797774546, -0.00491523323581, 0.0177943874151, -0.00862572249025], [0.000166897298186, -9.79464584816e-06, -0.000819975277409, -0.00103813060559, 0.000179293376277, 0.0020920583047, -0.00269900285639, 0.00515596615151, -0.00477930763736, 0.00201564095914, 0.000564444926567, -0.00862572249025, 0.0177116580307]]
    spectral_contrast:
        mean: [-1.40015984584e-07, -3.7293244759e-07, 2.08839423976e-07, -1.74916976903e-07, -3.69112740373e-07, -2.55105135238e-07, 1.2216205505e-06, -1.52884535964e-06, -4.81534107166e-06, 4.39481254944e-07, 1.74666331532e-06, 2.973090659e-06]
        var: [0.000769822159782, 0.000913671276066, 0.0021509018261, 0.00309073412791, 0.00394562166184, 0.00664454186335, 0.0676177889109, 0.0929657965899, 0.16210488975, 0.45362085104, 0.581622123718, 2.25335597992]

rhythm:
    beats_loudness:
        dmean: 0.00184662954416
        dmean2: 0.0033133898396
        dvar: 1.89650688753e-06
        dvar2: 2.98466238746e-06
        max: 0.0107411080971
        mean: 0.00580397527665
        min: 0.000805452349596
        var: 9.54452207225e-06
    beats_loudness_bass:
        dmean: 0.109354399145
        dmean2: 0.15619969368
        dvar: 0.0130555797368
        dvar2: 0.0152227468789
        max: 0.382772386074
        mean: 0.137122228742
        min: 0.00767364772037
        var: 0.0189028121531
    bpm: 92.8235168457
    bpm_confidence: 0
    first_peak_bpm: 93
    first_peak_spread: 0
    first_peak_weight: 0.928571403027
    onset_rate: 4.77272748947
    second_peak_bpm: 60
    second_peak_spread: 0
    second_peak_weight: 0.0714285746217
    beats_position: [0.527633488178, 1.1743657589, 1.82109797001, 2.46783018112, 3.11456227303, 3.76129460335, 4.40802669525, 5.05475902557, 6.05925512314, 6.70537137985, 7.35148715973, 7.99760341644, 8.64371967316, 9.2898349762, 9.93595123291]
    bpm_estimates: [92.8519592285, 92.5744857788, 92.8939285278, 92.7142486572, 93.5382995605, 92.3684082031, 92.4287490845, 92.6636581421, 92.9435653687, 92.9871368408, 92.623878479, 92.8996810913, 92.5689544678, 92.963508606, 93.0855331421, 92.8393859863, 93.2568969727, 92.606086731, 92.8872146606, 92.7749023438]
    bpm_intervals: [0.646732270718, 0.646732211113, 0.646732211113, 0.646732091904, 0.646732330322, 0.646732091904, 0.646732330322, 1.00449609756, 0.646116256714, 0.646115779877, 0.646116256714, 0.646116256714, 0.64611530304, 0.646116256714]
    onset_times: [0.0464399084449, 0.18575963378, 0.383129239082, 0.510838985443, 0.708208620548, 0.847528338432, 1.16099774837, 1.52090704441, 1.70666670799, 1.82276642323, 2.14784574509, 2.34521532059, 2.99537420273, 3.12308382988, 3.32045340538, 3.44816327095, 3.69197273254, 3.77324271202, 4.02866220474, 4.1099319458, 4.28408145905, 4.42340135574, 4.73687076569, 5.08517026901, 5.38702964783, 5.59600925446, 5.71210861206, 5.95591831207, 6.03718805313, 6.24616765976, 6.3622674942, 6.71056699753, 6.86149644852, 7.01242637634, 7.22140598297, 7.33750581741, 7.54648542404, 7.87156438828, 7.99927425385, 8.18503379822, 8.32435417175, 8.63782310486, 8.85841274261, 8.95129299164, 9.29959201813, 9.46213150024, 9.62467098236, 9.93814086914]
    rubato_start: []
    rubato_stop: []
    perceptual_tempo: "unknown"

sfx:
    inharmonicity:
        dmean: 0.0494429953396
        dmean2: 0.0859518945217
        dvar: 0.00348266679794
        dvar2: 0.00929047912359
        max: 0.452959060669
        mean: 0.0551091320813
        min: 0
        var: 0.00371951959096
    oddtoevenharmonicenergyratio:
        dmean: 3.87417912483
        dmean2: 7.39290046692
        dvar: 255.895477295
        dvar2: 760.761291504
        max: 194.8618927
        mean: 2.4258544445
        min: 0
        var: 134.899871826
    pitch_after_max_to_before_max_energy_ratio: 22.3470420837
    pitch_centroid: 229.258178711
    pitch_max_to_total: 0.0414746552706
    pitch_min_to_total: 0.188940092921
    tristimulus:
        dmean: [0.211168467999, 0.27733746171, 0.124615386128]
        dmean2: [0.364135503769, 0.48772162199, 0.220667630434]
        dvar: [0.0297898929566, 0.0488049797714, 0.0162945892662]
        dvar2: [0.0821466445923, 0.14455999434, 0.0439299792051]
        max: [1, 0.956094503403, 0.7463773489]
        mean: [0.371440589428, 0.424494951963, 0.123488157988]
        min: [0.00931617617607, 0, 0]
        var: [0.0470544882119, 0.0660141035914, 0.0187385510653]

tonal:
    chords_changes_rate: 0.114678896964
    chords_number_rate: 0.0321100912988
    chords_strength:
        dmean: 0.0126636540517
        dmean2: 0.0146646657959
        dvar: 9.43452396314e-05
        dvar2: 0.000198178822757
        max: 0.770711004734
        mean: 0.539727807045
        min: 0.304842472076
        var: 0.0160314068198
    key_strength: 0.720658183098
    tuning_diatonic_strength: 0.624934494495
    tuning_equal_tempered_deviation: 0.261764764786
    tuning_frequency: 432.441040039
    tuning_nontempered_energy_ratio: 0.941721141338
    hpcp:
        dmean: [0.168204024434, 0.163412421942, 0.15928453207, 0.18193307519, 0.229904383421, 0.237135633826, 0.224511861801, 0.172564223409, 0.157699614763, 0.179646149278, 0.171055108309, 0.158403262496, 0.148386508226, 0.123181425035, 0.1449906528, 0.206769570708, 0.215342983603, 0.155409514904, 0.154923677444, 0.148169368505, 0.125993549824, 0.103726491332, 0.121227495372, 0.149234339595, 0.19975887239, 0.220704689622, 0.190235644579, 0.142019495368, 0.100344374776, 0.0959313362837, 0.102464869618, 0.121296286583, 0.14679031074, 0.147367998958, 0.172537118196, 0.172572702169]
        dmean2: [0.288809657097, 0.274124503136, 0.278062313795, 0.304523020983, 0.397754490376, 0.402779042721, 0.396389126778, 0.294197201729, 0.270805507898, 0.315997511148, 0.305143296719, 0.267670869827, 0.245116233826, 0.202336981893, 0.246349066496, 0.357404708862, 0.363898605108, 0.256389051676, 0.253798753023, 0.254906117916, 0.215157702565, 0.1712744385, 0.209850281477, 0.250992268324, 0.32956391573, 0.369583666325, 0.310925036669, 0.227111637592, 0.165873602033, 0.162577137351, 0.175319984555, 0.204604998231, 0.233830615878, 0.241792142391, 0.287808358669, 0.287811428308]
        dvar: [0.0482244081795, 0.0377022884786, 0.0443240478635, 0.0340143740177, 0.0511487834156, 0.0464352555573, 0.0607629455626, 0.0511562712491, 0.0442527718842, 0.0601046979427, 0.0540483817458, 0.0385070070624, 0.0385549291968, 0.0316423550248, 0.0310286357999, 0.0463181547821, 0.0461904741824, 0.0261162724346, 0.0326881445944, 0.0354379415512, 0.0236972700804, 0.0228246562183, 0.0312520638108, 0.0308895092458, 0.0360713005066, 0.0456434860826, 0.0404396951199, 0.0282113160938, 0.0171532928944, 0.0190975405276, 0.0177453719079, 0.023985883221, 0.0276643764228, 0.030126677826, 0.043986979872, 0.0538797900081]
        dvar2: [0.119656026363, 0.0922548249364, 0.10816192627, 0.074018470943, 0.106353148818, 0.10465233773, 0.169818714261, 0.139269456267, 0.117501720786, 0.159059867263, 0.138347893953, 0.0963627994061, 0.0949809104204, 0.0794394090772, 0.0843469649553, 0.111931793392, 0.11471093446, 0.0660987272859, 0.076972424984, 0.0832995846868, 0.0665620192885, 0.0577718354762, 0.0740063339472, 0.0761256664991, 0.0782787427306, 0.108846046031, 0.101052574813, 0.0729035809636, 0.0419067367911, 0.0518095083535, 0.0508745200932, 0.0649369284511, 0.0738681405783, 0.0726705268025, 0.118768796325, 0.120589822531]
        max: [1, 1, 1, 1, 1, 1, 1, 1, 1, 1, 1, 1, 1, 1, 1, 1, 1, 1, 1, 1, 1, 1, 1, 1, 1, 1, 1, 1, 1, 0.974990963936, 1, 0.984011650085, 1, 1, 1, 1]
        mean: [0.204737007618, 0.178861200809, 0.179509177804, 0.296595335007, 0.43931505084, 0.38770416379, 0.25793966651, 0.179789409041, 0.16203789413, 0.182326853275, 0.191387355328, 0.184708356857, 0.164671182632, 0.136460155249, 0.147519126534, 0.245718345046, 0.291889876127, 0.2395491153, 0.214426010847, 0.197595387697, 0.160654783249, 0.138774901628, 0.142010465264, 0.175367072225, 0.288935989141, 0.337554931641, 0.26264333725, 0.191397085786, 0.1390619874, 0.116527743638, 0.12491606921, 0.153284996748, 0.183707684278, 0.198912799358, 0.222058743238, 0.236293777823]
        min: [0.00438679149374, 0.00199420610443, 0.00109336059541, 0.00344591704197, 0.00833502039313, 0.00664069969207, 0.00282803364098, 0.00312564964406, 0.00282051623799, 0.00250600487925, 0.00531935319304, 0.00561426253989, 0.00272258766927, 0.00292092654854, 0.00408284505829, 0.00506268860772, 0.00470168236643, 0.00225623487495, 0.00152867706493, 0.00218420894817, 0.00146794994362, 0.00366966868751, 0.00258168880828, 0.00392822641879, 0.00438745738938, 0.00779112940654, 0, 0, 0, 0, 0.00118273601402, 0.00220724800602, 0.00200806302018, 0.00345015292987, 0.00528978323564, 0.00607312144712]
        var: [0.0601879432797, 0.0467291809618, 0.0469244681299, 0.0656160488725, 0.116104386747, 0.0940767675638, 0.0775183066726, 0.0498937033117, 0.0441976599395, 0.0601431019604, 0.0574333295226, 0.0467563457787, 0.0442231856287, 0.033953987062, 0.0316178388894, 0.0603511892259, 0.0805084481835, 0.060767699033, 0.0618214607239, 0.0630464479327, 0.0418987125158, 0.0393683724105, 0.0372432135046, 0.0388912856579, 0.0710725411773, 0.0866267606616, 0.0627718791366, 0.0533315688372, 0.0343540050089, 0.022017788142, 0.0213999319822, 0.0325064100325, 0.0431272387505, 0.0471141710877, 0.0558544062078, 0.0844794809818]
    chords_histogram: [55.0458717346, 0, 0, 0, 0, 0, 0, 0, 0, 0, 0, 0, 0.917431175709, 5.50458717346, 2.29357790947, 0, 0, 11.9266052246, 0, 10.0917434692, 0.917431175709, 0, 5.50458717346, 7.79816532135]
    thpcp: [1, 0.88251966238, 0.587140500546, 0.40924936533, 0.368842124939, 0.415025293827, 0.435649424791, 0.42044621706, 0.374836206436, 0.310620248318, 0.335793465376, 0.559321463108, 0.664420366287, 0.545278668404, 0.488091647625, 0.449780613184, 0.3656937778, 0.315889239311, 0.323254257441, 0.39918294549, 0.657696545124, 0.768366396427, 0.597847342491, 0.435671597719, 0.316542744637, 0.265248686075, 0.28434279561, 0.348918139935, 0.41816842556, 0.452779382467, 0.505465805531, 0.537868618965, 0.466036856174, 0.407136529684, 0.408611476421, 0.675131261349]
    chords_key: "A#"
    chords_scale: "major"
    key_key: "A#"
    key_scale: "major"
    chords_progression: ["G#m", "G#m", "G#m", "G#m", "G#m", "G#m", "G#m", "G#m", "B", "B", "B", "B", "B", "G#m", "G#", "G#", "G#m", "G#m", "G#m", "Gm", "Gm", "Gm", "Gm", "Gm", "A#", "A#", "A#", "A#", "A#", "A#", "A#", "A#", "A#", "A#", "A#", "A#", "A#", "A#", "A#", "A#", "A#", "A#", "A#", "A#", "A#", "A#", "A#", "A#", "A#", "A#", "A#", "A#", "A#", "A#", "A#", "A#", "A#", "A#", "A#", "A#", "A#", "A#", "A#", "A#", "A#", "A#", "A#", "A#", "A#", "A#", "A#", "A#", "A#", "A#", "A#", "A#", "A#", "A#", "A#", "A#", "A#", "A#", "A#", "A#", "A#", "A#", "A#", "A#", "A#", "A#", "A#", "A#", "A#", "A#", "A#", "A#", "A#", "A#", "A#", "A#", "A#", "Gm", "Gm", "Gm", "Gm", "Gm", "Gm", "Gm", "Gm", "Gm", "Gm", "Gm", "Gm", "D#", "D#", "D#", "D#", "D#", "D#", "D#", "D#", "D#", "D#", "D#", "Fm", "D#", "E", "E", "Fm", "Fm", "Fm", "Fm", "Fm", "Fm", "Fm", "A#m", "Fm", "Fm", "Fm", "Fm", "Fm", "Fm", "Fm", "Fm", "Fm", "Fm", "Fm", "A#m", "A#m", "A#m", "A#m", "A#m", "A#m", "A#m", "A#m", "A#m", "A#", "A#m", "A#m", "A#m", "A#", "A#", "A#", "Fm", "Fm", "Fm", "A#", "A#", "A#", "A#", "A#", "A#", "A#", "A#", "A#", "A#", "A#", "A#", "A#", "A#", "A#", "A#", "A#", "A#", "A#", "A#", "A#", "A#", "A#", "A#", "A#", "A#", "A#", "A#", "A#", "A#", "A#", "A#", "A#m", "A#", "A#", "A#", "A#", "A#", "A#", "A#m", "A#m", "A#m", "A#", "A#m", "A#m", "A#m", "A#m", "A#m", "A#m", "A#m", "A#m", "A#m"]
