
metadata:
    version:
        essentia: "1.2.2"
    audio_properties:
        analysis_sample_rate: 44100
        bitrate: 128
        channels: 2
        equal_loudness: 1
        length: 9.95265293121
        replay_gain: -16.9870090485
        downmix: "mix"
    tags:
        track: 4
        year: 0
        album: "Splitted by Mp3Splt v. 2.1"
        artist: "From 000.30 To 000.40"
        comment: "http://mp3splt.sf.net"
        genre: ""
        title: "06 Style Wars.mp3"

highlevel:
    ballroom:
        all:
            ChaChaCha: 0.154054790735
            Jive: 0.25191628933
            Quickstep: 0.131483674049
            Rumba-American: 0.00511455489323
            Rumba-International: 0.0828870087862
            Rumba-Misc: 0.0204631667584
            Samba: 0.322398662567
            Tango: 0.00162239151541
            VienneseWaltz: 0.0208484809846
            Waltz: 0.00921096093953
        probability: 0.322398662567
        value: "Samba"
    culture:
        all:
            non_western: 0.696232259274
            western: 0.303767710924
        probability: 0.696232259274
        value: "non_western"
    gender:
        all:
            female: 0.208293154836
            male: 0.791706860065
        probability: 0.791706860065
        value: "male"
    genre_dortmund:
        all:
            alternative: 0.0552199520171
            blues: 0.0653703510761
            electronic: 0.045221939683
            folkcountry: 0.125842750072
            funksoulrnb: 0.0910277068615
            jazz: 0.172234222293
            pop: 0.153419166803
            raphiphop: 0.199372306466
            rock: 0.0922916084528
        probability: 0.199372306466
        value: "raphiphop"
    genre_electronica:
        all:
            ambient: 0.311612188816
            dnb: 0.119799554348
            house: 0.501383543015
            techno: 0.0428561083972
            trance: 0.0243486072868
        probability: 0.501383543015
        value: "house"
    genre_rosamerica:
        all:
            cla: 0.00869819428772
            dan: 0.0395339913666
            hip: 0.0307954046875
            jaz: 0.0266766119748
            pop: 0.374285846949
            rhy: 0.441784530878
            roc: 0.0389423444867
            spe: 0.0392830558121
        probability: 0.441784530878
        value: "rhy"
    genre_tzanetakis:
        all:
            blu: 0.00426289113238
            cla: 0.00216994713992
            cou: 0.0120137194172
            dis: 0.0423344634473
            hip: 0.199036493897
            jaz: 0.00244692806154
            met: 0.0100334752351
            pop: 0.493538200855
            reg: 0.0935684964061
            roc: 0.140595391393
        probability: 0.493538200855
        value: "pop"
    live_studio:
        all:
            live: 0.085442982614
            studio: 0.914557039738
        probability: 0.914557039738
        value: "studio"
    mood:
        all:
            Cluster1: 0.357248306274
            Cluster2: 0.241702452302
            Cluster3: 0.221841156483
            Cluster4: 0.125588178635
            Cluster5: 0.0536199137568
        probability: 0.357248306274
        value: "Cluster1"
    mood_acoustic:
        all:
            acoustic: 0.410251706839
            not_acoustic: 0.589748263359
        probability: 0.589748263359
        value: "not_acoustic"
    mood_aggressive:
        all:
            aggressive: 0.00607979251072
            not_aggressive: 0.993920207024
        probability: 0.993920207024
        value: "not_aggressive"
    mood_electronic:
        all:
            electronic: 0.612572610378
            not_electronic: 0.387427359819
        probability: 0.612572610378
        value: "electronic"
    mood_happy:
        all:
            happy: 0.489718258381
            not_happy: 0.510281741619
        probability: 0.510281741619
        value: "not_happy"
    mood_party:
        all:
            not_party: 0.452198386192
            party: 0.547801613808
        probability: 0.547801613808
        value: "party"
    mood_relaxed:
        all:
            not_relaxed: 0.259603053331
            relaxed: 0.740396976471
        probability: 0.740396976471
        value: "relaxed"
    mood_sad:
        all:
            not_sad: 0.376015812159
            sad: 0.623984158039
        probability: 0.623984158039
        value: "sad"
    rhythm:
        all:
            fast: 0.757137477398
            medium: 0.191259786487
            slow: 0.0516027621925
        probability: 0.757137477398
        value: "fast"
    speech_music:
        all:
            music: 0.643795251846
            speech: 0.356204748154
        probability: 0.643795251846
        value: "music"
    timbre:
        all:
            bright: 0.0691778510809
            dark: 0.930822134018
        probability: 0.930822134018
        value: "dark"
    voice_instrumental:
        all:
            instrumental: 0.000284267764073
            voice: 0.999715745449
        probability: 0.999715745449
        value: "voice"

lowlevel:
    average_loudness: 0.974054455757
    barkbands_kurtosis:
        dmean: 4.7381310463
        dmean2: 7.37967920303
        dvar: 118.092353821
        dvar2: 249.27432251
        max: 120.56413269
        mean: 4.3503241539
        min: -1.94459629059
        var: 199.225509644
    barkbands_skewness:
        dmean: 0.923836052418
        dmean2: 1.33396625519
        dvar: 1.06790935993
        dvar2: 1.87686884403
        max: 9.51538467407
        mean: 1.32756602764
        min: -2.24287652969
        var: 3.01443314552
    barkbands_spread:
        dmean: 9.40125179291
        dmean2: 14.4321470261
        dvar: 88.7399673462
        dvar2: 166.849227905
        max: 82.0587081909
        mean: 30.8449878693
        min: 0.787618994713
        var: 219.076034546
    dissonance:
        dmean: 0.0238893982023
        dmean2: 0.0363559536636
        dvar: 0.000551122415345
        dvar2: 0.00120358192362
        max: 0.498196721077
        mean: 0.446051895618
        min: 0.219937905669
        var: 0.00160893739667
    hfc:
        dmean: 2.17291736603
        dmean2: 3.04317426682
        dvar: 11.0557441711
        dvar2: 18.0739479065
        max: 27.0753421783
        mean: 4.13504266739
        min: 0.031291987747
        var: 22.0495586395
    pitch:
        dmean: 1157.3626709
        dmean2: 2256.35351562
        dvar: 2810021.5
        dvar2: 5946381
        max: 5512.5
        mean: 1871.66235352
        min: 78.60962677
        var: 3373249
    pitch_instantaneous_confidence:
        dmean: 0.103594705462
        dmean2: 0.154572337866
        dvar: 0.00714865745977
        dvar2: 0.0149115500972
        max: 0.923375546932
        mean: 0.524609982967
        min: 0.2164670825
        var: 0.0211356375366
    pitch_salience:
        dmean: 0.0776905342937
        dmean2: 0.120197758079
        dvar: 0.00455844821408
        dvar2: 0.0107620498165
        max: 0.818011045456
        mean: 0.575204074383
        min: 0.193496346474
        var: 0.0113616082817
    silence_rate_20dB:
        dmean: 0
        dmean2: 0
        dvar: 0
        dvar2: 0
        max: 1
        mean: 1
        min: 1
        var: 0
    silence_rate_30dB:
        dmean: 0
        dmean2: 0
        dvar: 0
        dvar2: 0
        max: 1
        mean: 1
        min: 1
        var: 0
    silence_rate_60dB:
        dmean: 0.144522145391
        dmean2: 0.289719611406
        dvar: 0.123635314405
        dvar2: 0.238493293524
        max: 1
        mean: 0.632558166981
        min: 0
        var: 0.23242802918
    spectral_centroid:
        dmean: 423.066436768
        dmean2: 622.510620117
        dvar: 211741.21875
        dvar2: 372105.625
        max: 3974.28564453
        mean: 1273.953125
        min: 240.92401123
        var: 543872.4375
    spectral_complexity:
        dmean: 3.23364496231
        dmean2: 4.59250593185
        dvar: 18.1604213715
        dvar2: 28.9861679077
        max: 40
        mean: 7.7599067688
        min: 0
        var: 41.9586524963
    spectral_crest:
        dmean: 2.97750282288
        dmean2: 4.68255567551
        dvar: 7.49970674515
        dvar2: 14.8246030807
        max: 24.2822685242
        mean: 10.5788421631
        min: 3.6432287693
        var: 20.0559272766
    spectral_decrease:
        dmean: 2.85424101021e-10
        dmean2: 4.34772690072e-10
        dvar: 1.88877400019e-19
        dvar2: 3.47873107205e-19
        max: -1.02554171752e-11
        mean: -7.08383129933e-10
        min: -3.85497678224e-09
        var: 3.69576465322e-19
    spectral_energy:
        dmean: 0.00123321241699
        dmean2: 0.0018531299429
        dvar: 3.58492252417e-06
        dvar2: 6.37895982436e-06
        max: 0.0164826903492
        mean: 0.00304866023362
        min: 5.15833489771e-05
        var: 7.06805349182e-06
    spectral_energyband_high:
        dmean: 0.000186962832231
        dmean2: 0.000280090345768
        dvar: 7.19813684213e-08
        dvar2: 1.35351882591e-07
        max: 0.00255609722808
        mean: 0.000263424270088
        min: 2.9299627613e-08
        var: 1.20129115544e-07
    spectral_energyband_low:
        dmean: 0.000107602645585
        dmean2: 0.000170735860593
        dvar: 6.96451465387e-08
        dvar2: 1.64444543316e-07
        max: 0.0017760116607
        mean: 0.000154829627718
        min: 2.14847624136e-08
        var: 9.4336883194e-08
    spectral_energyband_middle_high:
        dmean: 0.000467257137643
        dmean2: 0.000638539786451
        dvar: 5.96717654844e-07
        dvar2: 9.47392777562e-07
        max: 0.00613055797294
        mean: 0.000842986395583
        min: 5.36349375579e-07
        var: 1.23976451505e-06
    spectral_energyband_middle_low:
        dmean: 0.000871418102179
        dmean2: 0.0014348004479
        dvar: 1.46364629927e-06
        dvar2: 3.26123927152e-06
        max: 0.0108232349157
        mean: 0.00178741978016
        min: 1.72665859282e-05
        var: 2.56416228694e-06
    spectral_flatness_db:
        dmean: 0.0258168913424
        dmean2: 0.036402631551
        dvar: 0.00063143519219
        dvar2: 0.00100308610126
        max: 0.485784262419
        mean: 0.202349364758
        min: 0.0386069417
        var: 0.00316324247979
    spectral_flux:
        dmean: 0.0104838646948
        dmean2: 0.0160744935274
        dvar: 0.000123143559904
        dvar2: 0.000272227189271
        max: 0.0963901504874
        mean: 0.0341689698398
        min: 0.000547271338291
        var: 0.000312499236315
    spectral_kurtosis:
        dmean: 1.65544056892
        dmean2: 2.54333376884
        dvar: 14.539355278
        dvar2: 34.5119781494
        max: 61.8685760498
        mean: 3.75996613503
        min: -1.25354528427
        var: 23.2101612091
    spectral_rms:
        dmean: 0.000335032382281
        dmean2: 0.000472297921078
        dvar: 1.51187933284e-07
        dvar2: 2.48291911475e-07
        max: 0.00401007151231
        mean: 0.00158951198682
        min: 0.000224332834478
        var: 4.47753990329e-07
    spectral_rolloff:
        dmean: 899.714904785
        dmean2: 1533.34545898
        dvar: 1467909.25
        dvar2: 2651450.75
        max: 10099.0722656
        mean: 2586.2434082
        min: 172.265625
        var: 2665755.25
    spectral_skewness:
        dmean: 0.317029803991
        dmean2: 0.466653645039
        dvar: 0.19606693089
        dvar2: 0.425324171782
        max: 6.65513420105
        mean: 1.44019091129
        min: -0.0803438201547
        var: 0.423506647348
    spectral_spread:
        dmean: 983611.6875
        dmean2: 1275067.375
        dvar: 2.12358004736e+12
        dvar2: 2.28618325197e+12
        max: 30410786
        mean: 6043792.5
        min: 1641147
        var: 5.14493723443e+12
    spectral_strongpeak:
        dmean: 0.219505399466
        dmean2: 0.389477342367
        dvar: 0.19756937027
        dvar2: 0.573047339916
        max: 2.98222255707
        mean: 0.336127787828
        min: 0.00968559458852
        var: 0.155698463321
    zerocrossingrate:
        dmean: 0.0168114770204
        dmean2: 0.0181910488755
        dvar: 0.000212531696889
        dvar2: 0.000286357564619
        max: 0.22021484375
        mean: 0.0778199657798
        min: 0.009765625
        var: 0.00113046984188
    barkbands:
        dmean: [8.26254691333e-08, 6.40984799247e-05, 6.22611260042e-05, 0.000280700391158, 0.000543507572729, 0.000151918327902, 0.000114518115879, 6.28232955933e-05, 6.35696633253e-05, 2.84699071926e-05, 2.07338543987e-05, 2.93077446258e-05, 2.29563502216e-05, 2.54543901974e-05, 2.60440629063e-05, 3.85540770367e-05, 5.46079791093e-05, 0.000117381496239, 0.000162124357303, 0.000204620548175, 6.74150360283e-05, 2.2391695893e-05, 3.67992993233e-06, 1.323703259e-06, 1.12854377221e-06, 7.89826444247e-08, 1.94908356121e-09]
        dmean2: [9.85086217042e-08, 0.000111249930342, 9.42403494264e-05, 0.000469080725452, 0.000891473086085, 0.00022648369486, 0.000183919386473, 0.000101287674624, 9.7494747024e-05, 4.47666789114e-05, 3.19975588354e-05, 4.58950453321e-05, 3.57586250175e-05, 3.68734799849e-05, 3.97200346924e-05, 5.6837197917e-05, 7.75425360189e-05, 0.000178520524059, 0.000240239140112, 0.000293536431855, 9.81804041658e-05, 3.40807637258e-05, 5.45875536773e-06, 1.94358176486e-06, 1.59432420332e-06, 1.16459489163e-07, 1.86224047294e-09]
        dvar: [5.47597889613e-14, 2.75564584484e-08, 3.26762226166e-08, 3.18274999245e-07, 6.60417981635e-07, 4.41284413455e-08, 4.95351564211e-08, 1.43561287302e-08, 1.48629100138e-08, 2.76872746952e-09, 4.81881246017e-09, 2.69024424959e-09, 2.11442507947e-09, 3.04133362938e-09, 4.61663463014e-09, 1.32468338521e-08, 1.65728710755e-08, 4.66280631883e-08, 7.71018164869e-08, 8.74110526183e-08, 1.26043966375e-08, 2.07434669441e-09, 2.91263263508e-11, 4.17640227957e-12, 5.97805312197e-12, 1.51509240673e-14, 1.00803866393e-15]
        dvar2: [7.79661098595e-14, 8.0990638196e-08, 7.42159613765e-08, 8.99428755474e-07, 1.34554898068e-06, 1.01030749988e-07, 1.2923435122e-07, 3.35276695296e-08, 3.49321460646e-08, 6.24237772584e-09, 9.69443281207e-09, 5.57086465847e-09, 4.92880580794e-09, 6.96776680797e-09, 1.08377795627e-08, 2.36599024817e-08, 3.2591209731e-08, 9.90134267909e-08, 1.29125822923e-07, 1.67954297581e-07, 2.15160351758e-08, 5.0476560709e-09, 6.20644369231e-11, 8.53276043572e-12, 9.19026833801e-12, 3.09730133251e-14, 7.24834521509e-16]
        max: [2.3156142106e-06, 0.00107642891817, 0.00127204856835, 0.00353997619823, 0.00936894025654, 0.00191428663675, 0.00227616797201, 0.00126013346016, 0.00116718467325, 0.000590421142988, 0.00101204903331, 0.000611570372712, 0.000422091718065, 0.000488411227707, 0.000486237287987, 0.00105496216565, 0.00100969849154, 0.00187291926704, 0.00224623759277, 0.00226557953283, 0.000989161897451, 0.00036487847683, 4.1376635636e-05, 1.76874382305e-05, 4.04217571486e-05, 1.34338267799e-06, 7.52211064992e-07]
        mean: [1.00547133286e-07, 8.5061401478e-05, 6.9669149525e-05, 0.000269186653895, 0.000931161863264, 0.000274708057987, 0.000143463112181, 7.37228037906e-05, 8.72535529197e-05, 3.98961310566e-05, 2.26947231567e-05, 3.71513124264e-05, 2.49135100603e-05, 2.72567904176e-05, 2.7027203032e-05, 4.28218845627e-05, 6.6766551754e-05, 0.000168682294316, 0.000236308434978, 0.000302929780446, 8.58196799527e-05, 2.35404950217e-05, 4.65928087579e-06, 2.03062040782e-06, 1.72696252321e-06, 1.07965497875e-07, 2.20850560062e-09]
        min: [1.76138548191e-11, 4.73773065224e-09, 8.7329814491e-09, 1.19911987895e-07, 8.09205539554e-06, 2.04627532696e-08, 1.55118968337e-07, 9.20855214304e-09, 6.37135997295e-08, 6.76549660739e-08, 5.34924415874e-09, 5.50586598536e-09, 2.88028423334e-09, 2.34243802133e-09, 3.56574183513e-08, 9.112789634e-09, 8.20126011547e-09, 1.16484875079e-08, 2.14677964294e-08, 2.42894859781e-08, 1.14234346427e-08, 1.11014586412e-09, 3.8506367539e-10, 2.32996399951e-10, 2.51108356331e-10, 4.64304636405e-11, 1.71149403786e-13]
        var: [9.76654873511e-14, 2.93239637017e-08, 3.24622000392e-08, 2.6390702601e-07, 1.17796821542e-06, 1.32707882017e-07, 5.42960414407e-08, 1.92981275404e-08, 2.11405026818e-08, 5.70673952538e-09, 5.83844306234e-09, 5.03854113987e-09, 2.73266120843e-09, 3.90567400643e-09, 4.98722219078e-09, 1.71865774945e-08, 2.56565861889e-08, 9.19647860087e-08, 1.39495881513e-07, 1.67255080896e-07, 1.95734681796e-08, 2.12187400983e-09, 4.30413898966e-11, 6.97977136158e-12, 1.21160217276e-11, 2.38010464473e-14, 1.33846706369e-15]
    mfcc:
        mean: [-780.032836914, 102.350112915, -12.7482919693, 64.1140899658, -24.7045879364, -23.2945671082, 2.21687221527, -18.0623588562, -15.1706228256, -9.84692764282, -11.7036390305, -13.2365512848, -10.7592144012]
        cov: [[5039.30078125, -851.957336426, -902.429443359, 178.713470459, -42.056728363, 319.482025146, 235.132385254, 376.119537354, 147.583190918, 252.540328979, 269.013549805, 108.031433105, 110.779495239], [-851.957336426, 1151.58007812, -29.8537063599, -103.572494507, 125.702003479, 50.4445152283, 251.924102783, 20.511680603, 47.2384300232, 106.854537964, -8.45943164825, 84.6491622925, 161.055038452], [-902.429443359, -29.8537063599, 904.90020752, 131.803024292, 20.9565677643, 138.936279297, -27.8132686615, 38.1754150391, 46.3282165527, -61.447013855, 7.9984536171, -3.97261238098, -1.73827624321], [178.713470459, -103.572494507, 131.803024292, 526.496032715, 134.816925049, -59.8551483154, -41.538646698, 70.017074585, 51.082244873, -30.6134090424, -5.20721387863, 87.9072341919, -10.7661542892], [-42.056728363, 125.702003479, 20.9565677643, 134.816925049, 336.603607178, 122.549461365, 39.9512023926, 44.0029983521, 107.548789978, 76.3921203613, 0.403778374195, 41.1612472534, 26.7628765106], [319.482025146, 50.4445152283, 138.936279297, -59.8551483154, 122.549461365, 535.326782227, 121.342323303, 63.0865516663, 146.408737183, 108.258880615, 75.0767593384, 27.5959568024, 80.3265991211], [235.132385254, 251.924102783, -27.8132686615, -41.538646698, 39.9512023926, 121.342323303, 311.551574707, 112.496833801, 58.0717163086, 115.331756592, 41.9598999023, 49.8467979431, 98.8274230957], [376.119537354, 20.511680603, 38.1754150391, 70.017074585, 44.0029983521, 63.0865516663, 112.496833801, 247.203948975, 114.024841309, 44.6770858765, 14.0289907455, 29.5160884857, 63.8468284607], [147.583190918, 47.2384300232, 46.3282165527, 51.082244873, 107.548789978, 146.408737183, 58.0717163086, 114.024841309, 193.641204834, 91.5376663208, 14.3028926849, 29.3721027374, 49.6349067688], [252.540328979, 106.854537964, -61.447013855, -30.6134090424, 76.3921203613, 108.258880615, 115.331756592, 44.6770858765, 91.5376663208, 206.190856934, 69.633392334, 34.1320075989, 67.3945922852], [269.013549805, -8.45943164825, 7.9984536171, -5.20721387863, 0.403778374195, 75.0767593384, 41.9598999023, 14.0289907455, 14.3028926849, 69.633392334, 124.925880432, 44.2089195251, 20.8932037354], [108.031433105, 84.6491622925, -3.97261238098, 87.9072341919, 41.1612472534, 27.5959568024, 49.8467979431, 29.5160884857, 29.3721027374, 34.1320075989, 44.2089195251, 114.811103821, 71.0941848755], [110.779495239, 161.055038452, -1.73827624321, -10.7661542892, 26.7628765106, 80.3265991211, 98.8274230957, 63.8468284607, 49.6349067688, 67.3945922852, 20.8932037354, 71.0941848755, 173.453598022]]
        icov: [[0.000541879853699, 0.000462043448351, 0.000672156922519, -0.000360503705451, 0.000218888701056, -0.000393194932258, -0.00023492561013, -0.000684875820298, 0.000214653744479, -0.000134423418785, -0.000773762119934, 0.000177740381332, -0.000245317118242], [0.000462043448351, 0.0017012914177, 0.000462730327854, 0.00012644319213, -0.000370078225387, 5.86198666497e-06, -0.00121403101366, -4.02353689424e-05, 1.47389673657e-05, -6.53817769489e-05, -0.000138673451147, -0.00050067313714, -0.000858280283865], [0.000672156922519, 0.000462730327854, 0.00214671483263, -0.00092885887716, 0.00044294129475, -0.000941701175179, -0.000186806064448, -0.000866373011377, -3.07118825731e-05, 0.000570112315472, -0.00140756496694, 0.000875745492522, -0.000504105351865], [-0.000360503705451, 0.00012644319213, -0.00092885887716, 0.00353547278792, -0.00145420082845, 0.000968137988821, 0.000419457588578, -0.000367479631677, -0.000385076127714, 0.000465181015898, 0.00114524259698, -0.00353911798447, 0.00123736995738], [0.000218888701056, -0.000370078225387, 0.00044294129475, -0.00145420082845, 0.0047733024694, -0.0011409833096, 0.000298099446809, -4.91830905958e-05, -0.00114111904986, -0.0014721833868, 0.000981446588412, -0.000455559347756, 0.000725212797988], [-0.000393194932258, 5.86198666497e-06, -0.000941701175179, 0.000968137988821, -0.0011409833096, 0.00355131085962, -0.000891545787454, 0.00140570534859, -0.0025062628556, 0.000826954084914, -0.00128292141017, 0.00060734571889, -0.000880223233253], [-0.00023492561013, -0.00121403101366, -0.000186806064448, 0.000419457588578, 0.000298099446809, -0.000891545787454, 0.00641868729144, -0.0026755805593, 0.00196830555797, -0.0026275489945, 0.000798500957899, -0.00111906288657, -0.000183764379472], [-0.000684875820298, -4.02353689424e-05, -0.000866373011377, -0.000367479631677, -4.91830905958e-05, 0.00140570534859, -0.0026755805593, 0.0084782242775, -0.00518282456324, 0.00219116848893, -0.000226303076488, 0.00141150865238, -0.00171598652378], [0.000214653744479, 1.47389673657e-05, -3.07118825731e-05, -0.000385076127714, -0.00114111904986, -0.0025062628556, 0.00196830555797, -0.00518282456324, 0.0122839678079, -0.00490499753505, 0.00272928457707, -0.00156956154387, 0.000653265393339], [-0.000134423418785, -6.53817769489e-05, 0.000570112315472, 0.000465181015898, -0.0014721833868, 0.000826954084914, -0.0026275489945, 0.00219116848893, -0.00490499753505, 0.0108174551278, -0.00549930799752, 0.00238715577871, -0.00239963177592], [-0.000773762119934, -0.000138673451147, -0.00140756496694, 0.00114524259698, 0.000981446588412, -0.00128292141017, 0.000798500957899, -0.000226303076488, 0.00272928457707, -0.00549930799752, 0.0151300001889, -0.00736072612926, 0.00330118229613], [0.000177740381332, -0.00050067313714, 0.000875745492522, -0.00353911798447, -0.000455559347756, 0.00060734571889, -0.00111906288657, 0.00141150865238, -0.00156956154387, 0.00238715577871, -0.00736072612926, 0.0188103858382, -0.00725410645828], [-0.000245317118242, -0.000858280283865, -0.000504105351865, 0.00123736995738, 0.000725212797988, -0.000880223233253, -0.000183764379472, -0.00171598652378, 0.000653265393339, -0.00239963177592, 0.00330118229613, -0.00725410645828, 0.0111437281594]]
    spectral_contrast:
        mean: [-3.56030085413e-08, 2.10891371921e-07, 1.19643473795e-07, 4.57107880436e-08, 8.51682528946e-08, -2.21607010076e-07, -2.52590302807e-06, 4.85451323584e-07, 7.73401552578e-07, -2.10665598388e-06, -1.73301543782e-06, 4.91651462653e-07]
        var: [0.000920813938137, 0.00124952103943, 0.00175691279583, 0.00363003648818, 0.00554965669289, 0.00603736750782, 0.13661646843, 0.19935721159, 0.251741290092, 0.415917694569, 1.06190466881, 2.9464328289]

rhythm:
    beats_loudness:
        dmean: 0.00295310746878
        dmean2: 0.00558276614174
        dvar: 8.25975894259e-06
        dvar2: 2.96139860438e-05
        max: 0.0125205814838
        mean: 0.00413913279772
        min: 0.00162987993099
        var: 5.86477744946e-06
    beats_loudness_bass:
        dmean: 0.13298933208
        dmean2: 0.200154215097
        dvar: 0.0214593913406
        dvar2: 0.0377623774111
        max: 0.515712141991
        mean: 0.115951240063
        min: 0.00299864099361
        var: 0.0237487703562
    bpm: 112.636741638
    bpm_confidence: 0
    first_peak_bpm: 112
    first_peak_spread: 0
    first_peak_weight: 0.944444477558
    onset_rate: 4.82283496857
    second_peak_bpm: 155
    second_peak_spread: 0
    second_peak_weight: 0.0555555559695
    beats_position: [0.359628736973, 0.893203735352, 1.42677867413, 1.9603536129, 2.49392843246, 3.02750349045, 3.56107854843, 4.09465360641, 4.62822818756, 5.16180324554, 5.69537830353, 6.08183956146, 6.61347150803, 7.14510345459, 7.67673540115, 8.20836734772, 8.73999881744, 9.27163124084, 9.80326271057]
    bpm_estimates: [112.803436279, 112.169914246, 112.529251099, 112.685424805, 112.33731842, 112.172088623, 113.291557312, 113.365501404, 112.520942688, 112.547393799, 112.581253052]
    bpm_intervals: [0.533574998379, 0.533574938774, 0.533574938774, 0.533574819565, 0.533575057983, 0.533575057983, 0.533575057983, 0.533574581146, 0.533575057983, 0.533575057983, 0.386461257935, 0.531631946564, 0.531631946564, 0.531631946564, 0.531631946564, 0.531631469727, 0.531632423401, 0.531631469727]
    onset_times: [0.0348299331963, 0.208979591727, 0.371519267559, 0.545668959618, 0.882358253002, 1.09133791924, 1.25387752056, 1.45124721527, 1.62539684772, 1.92725622654, 2.33360552788, 2.53097510338, 2.69351482391, 3.04181408882, 3.21596360207, 3.39011335373, 3.5758728981, 3.75002264977, 3.97061228752, 4.12154197693, 4.21442174911, 4.46984148026, 4.7833108902, 5.20126962662, 5.38702964783, 5.52634906769, 5.73532867432, 5.89786863327, 6.07201814651, 6.26938772202, 6.46675729752, 6.60607719421, 6.81505680084, 6.96598625183, 7.26784563065, 7.33750581741, 7.6277551651, 7.95283460617, 8.08054447174, 8.33596324921, 8.59138298035, 8.76553249359, 8.96290206909, 9.12544250488, 9.27637195587, 9.46213150024, 9.64789104462, 9.82204055786]
    rubato_start: []
    rubato_stop: []
    perceptual_tempo: "unknown"

sfx:
    inharmonicity:
        dmean: 0.0456443093717
        dmean2: 0.0805007517338
        dvar: 0.00297167454846
        dvar2: 0.0083410134539
        max: 0.332412481308
        mean: 0.0438854172826
        min: 0
        var: 0.00279363198206
    oddtoevenharmonicenergyratio:
        dmean: 164.020217896
        dmean2: 228.734939575
        dvar: 4581228
        dvar2: 5573195
        max: 41887.8359375
        mean: 131.858795166
        min: 0
        var: 4333188
    pitch_after_max_to_before_max_energy_ratio: 0.187789157033
    pitch_centroid: 211.96395874
    pitch_max_to_total: 0.829836845398
    pitch_min_to_total: 0.440559446812
    tristimulus:
        dmean: [0.247100740671, 0.296705216169, 0.144600167871]
        dmean2: [0.431413769722, 0.521951973438, 0.254841476679]
        dvar: [0.0515355542302, 0.0651483386755, 0.0261313077062]
        dvar2: [0.131601840258, 0.179585888982, 0.0709322392941]
        max: [1, 0.996517896652, 0.837868511677]
        mean: [0.379783511162, 0.385268062353, 0.124307245016]
        min: [0.00191575440113, 0, 0]
        var: [0.0805008485913, 0.0862870439887, 0.0286224205047]

tonal:
    chords_changes_rate: 0.0694444477558
    chords_number_rate: 0.0231481473893
    chords_strength:
        dmean: 0.0118043674156
        dmean2: 0.0160576384515
        dvar: 0.00011612536764
        dvar2: 0.000192430670722
        max: 0.601642310619
        mean: 0.498976111412
        min: 0.331114500761
        var: 0.00514955306426
    key_strength: 0.647659420967
    tuning_diatonic_strength: 0.619612157345
    tuning_equal_tempered_deviation: 0.290670096874
    tuning_frequency: 431.193908691
    tuning_nontempered_energy_ratio: 0.938650965691
    hpcp:
        dmean: [0.15764066577, 0.163995787501, 0.177064031363, 0.15343695879, 0.123867407441, 0.130666434765, 0.158009707928, 0.169773250818, 0.154942408204, 0.141858026385, 0.139346525073, 0.127880886197, 0.143250152469, 0.202838674188, 0.215856194496, 0.127377271652, 0.0835697650909, 0.0766298100352, 0.088790781796, 0.0785046592355, 0.0855772569776, 0.101650133729, 0.108005188406, 0.10913117975, 0.109225846827, 0.110934183002, 0.131068319082, 0.237847328186, 0.27612477541, 0.260845571756, 0.281402617693, 0.260060161352, 0.207803338766, 0.223218202591, 0.252151876688, 0.192556485534]
        dmean2: [0.266557365656, 0.296386957169, 0.320191681385, 0.274408578873, 0.213020250201, 0.227017790079, 0.266721785069, 0.274511665106, 0.253206700087, 0.244174465537, 0.236834689975, 0.221569508314, 0.231625527143, 0.340204119682, 0.373875826597, 0.220820829272, 0.139270350337, 0.13707485795, 0.157289162278, 0.140491589904, 0.155358061194, 0.183632194996, 0.18634660542, 0.191171586514, 0.184287965298, 0.200886070728, 0.230599969625, 0.419553726912, 0.461181491613, 0.451534211636, 0.497944176197, 0.452219814062, 0.356257677078, 0.397018224001, 0.449566781521, 0.334019124508]
        dvar: [0.0501005835831, 0.0614298917353, 0.0622634254396, 0.0532649420202, 0.0297000966966, 0.0415584668517, 0.0469562076032, 0.0516965426505, 0.0457477346063, 0.0334858000278, 0.0384030230343, 0.033858448267, 0.027736293152, 0.0483039207757, 0.0557457320392, 0.0346789062023, 0.0252085123211, 0.0156957153231, 0.0236216522753, 0.0186783354729, 0.0226600542665, 0.0264626126736, 0.0295407678932, 0.0291577801108, 0.0354702845216, 0.0466428287327, 0.0353203862906, 0.0728309601545, 0.0721235796809, 0.0545313842595, 0.0999357327819, 0.083804346621, 0.0675157755613, 0.0809380114079, 0.0798352062702, 0.053873360157]
        dvar2: [0.12409710139, 0.144234105945, 0.169912010431, 0.150561347604, 0.0805113613605, 0.108857274055, 0.114910893142, 0.123478382826, 0.120587311685, 0.0822117328644, 0.0923081040382, 0.0901577547193, 0.0731723234057, 0.114648781717, 0.140665113926, 0.0752224102616, 0.0599076114595, 0.042940389365, 0.0683913752437, 0.0506621859968, 0.0623432435095, 0.0743449032307, 0.0799822509289, 0.0817891210318, 0.0899851843715, 0.125686362386, 0.0916443020105, 0.171765655279, 0.16816881299, 0.137017294765, 0.225233048201, 0.188289746642, 0.189122706652, 0.214871644974, 0.208162501454, 0.140274375677]
        max: [1, 1, 1, 1, 1, 1, 1, 1, 1, 1, 1, 1, 1, 1, 1, 1, 1, 0.672902524471, 1, 0.911137342453, 1, 1, 1, 1, 1, 1, 1, 1, 1, 1, 1, 1, 1, 1, 1, 1]
        mean: [0.161873355508, 0.167503848672, 0.154118478298, 0.129211112857, 0.112500712276, 0.115901909769, 0.154248908162, 0.180316731334, 0.152653336525, 0.13784340024, 0.135850608349, 0.119427643716, 0.175971373916, 0.274848908186, 0.23313356936, 0.122311070561, 0.0707233846188, 0.0598530955613, 0.0715276524425, 0.0678004696965, 0.0640830770135, 0.081879273057, 0.10197429359, 0.0926645174623, 0.0921561643481, 0.0930033400655, 0.11335837096, 0.279982119799, 0.394129037857, 0.319747984409, 0.266161978245, 0.228517889977, 0.169592022896, 0.183898940682, 0.21813686192, 0.187480390072]
        min: [0.000382327591069, 0.000171350795426, 0.000474332598969, 2.36708274315e-05, 1.86704201042e-05, 2.43947251874e-05, 9.44899948081e-05, 0.000325624801917, 0.000308129965561, 7.09802625352e-05, 2.69435040536e-05, 0.000181686351425, 0.00101875781547, 0.00110910052899, 0.000271577941021, 4.85398886667e-05, 4.99730049341e-05, 2.60355536739e-05, 2.31462145166e-05, 1.99741516553e-05, 4.73450963909e-05, 1.24567222315e-07, 0, 4.36395202996e-05, 1.31603583213e-05, 2.96013986372e-05, 0.000146728678374, 0.000222370654228, 0.00022181973327, 8.30370336189e-05, 0.000130532309413, 0.000117464682262, 4.44137076556e-05, 4.75993292639e-05, 0.000104754843051, 0.000934578652959]
        var: [0.0577188692987, 0.0715875178576, 0.0559340529144, 0.0427402220666, 0.0298979897052, 0.0366133190691, 0.0494425371289, 0.0647258684039, 0.04984023422, 0.0401168093085, 0.0446387827396, 0.03112545982, 0.0414866544306, 0.0887313857675, 0.0719038397074, 0.0366673469543, 0.0203705113381, 0.0112156942487, 0.0176843572408, 0.0145505117252, 0.0161900222301, 0.0205687638372, 0.0268511790782, 0.0220697261393, 0.0333765409887, 0.0398086495697, 0.0313615128398, 0.101633451879, 0.128356724977, 0.0795047581196, 0.108324512839, 0.093267954886, 0.0602173320949, 0.0689658299088, 0.07800334692, 0.0630508586764]
    chords_histogram: [55.555557251, 1.38888883591, 0, 0.462962955236, 0, 0, 0.462962955236, 29.6296291351, 0, 0, 0, 0, 0, 3.24074077606, 0, 0, 0, 0, 0, 0, 0, 0, 9.25925922394, 0]
    thpcp: [1, 0.811277389526, 0.675316870213, 0.579804778099, 0.430295675993, 0.466595768929, 0.553465604782, 0.475682765245, 0.410711556673, 0.424997478724, 0.391035586596, 0.327839612961, 0.285441309214, 0.294070959091, 0.391366511583, 0.457506835461, 0.38731816411, 0.349741816521, 0.344685614109, 0.303016602993, 0.446481615305, 0.697357654572, 0.5915158391, 0.3103325665, 0.179442211986, 0.151861667633, 0.181482821703, 0.172026067972, 0.162594154477, 0.207747370005, 0.258733272552, 0.235112130642, 0.233822315931, 0.235971808434, 0.28761741519, 0.710381865501]
    chords_key: "F#"
    chords_scale: "minor"
    key_key: "F#"
    key_scale: "minor"
    chords_progression: ["A", "A", "A", "F#", "F#", "F#", "F#", "F#", "F#", "F#", "F#", "F#", "F#", "F#m", "F#m", "F#m", "F#m", "F#m", "F#m", "F#m", "F#m", "F#m", "F#m", "F#m", "F#m", "F#m", "F#m", "F#m", "F#m", "F#m", "F#m", "D#", "D#", "D#", "D#", "D#", "D#", "D#", "D#m", "F#m", "F#m", "F#m", "F#m", "F#m", "F#m", "F#m", "F#m", "F#m", "F#m", "F#m", "F#m", "F#m", "F#m", "F#m", "F#m", "F#", "F#", "F#", "F#", "F#", "F#", "F#", "F#", "F#", "F#", "F#", "F#", "F#", "F#", "F#", "F#", "F#", "F#", "F#", "F#", "F#", "F#", "F#", "F#", "F#", "F#", "F#", "F#", "F#", "F#", "F#m", "F#m", "F#m", "F#m", "F#m", "F#m", "F#m", "F#m", "F#m", "F#m", "F#m", "F#m", "F#m", "F#m", "F#m", "F#m", "F#m", "F#m", "F#m", "F#m", "F#m", "F#m", "F#m", "F#m", "F#m", "F#m", "F#m", "F#m", "F#m", "F#m", "F#m", "F#m", "F#m", "F#m", "F#m", "F#m", "F#m", "F#m", "F#m", "F#", "F#", "F#", "F#", "F#", "F#", "F#", "F#", "F#", "F#", "F#", "F#", "F#", "F#", "F#", "F#", "F#", "F#", "F#", "F#", "F#", "F#", "F#m", "F#m", "F#m", "F#m", "F#m", "F#m", "F#m", "F#m", "F#m", "F#m", "F#m", "F#m", "F#m", "F#m", "F#m", "F#m", "F#m", "F#m", "F#m", "F#m", "F#m", "F#m", "F#m", "F#m", "F#m", "F#m", "F#m", "F#m", "F#m", "F#m", "F#m", "F#m", "F#m", "F#m", "F#m", "F#m", "F#m", "F#m", "F#m", "F#m", "F#m", "F#", "F#", "F#m", "F#m", "F#m", "F#m", "F#m", "Bm", "Bm", "Bm", "Bm", "Bm", "Bm", "Bm", "Bm", "Bm", "Bm", "F#m", "Bm", "Bm", "Bm", "Bm", "Bm", "Bm", "Bm", "Bm", "Bm", "Bm", "E"]
