
metadata:
    version:
        essentia: "1.2.2"
    audio_properties:
        analysis_sample_rate: 44100
        bitrate: 128
        channels: 2
        equal_loudness: 1
        length: 10.1093873978
        replay_gain: -9.97896385193
        downmix: "mix"
    tags:
        track: 6
        year: 0
        album: "Splitted by Mp3Splt v. 2.1"
        artist: "From 000.50 To 001.00"
        comment: "http://mp3splt.sf.net"
        genre: ""
        title: "11 Don't Be Afraid to Sing.mp3"

highlevel:
    ballroom:
        all:
            ChaChaCha: 0.356351315975
            Jive: 0.0134712057188
            Quickstep: 0.0116322329268
            Rumba-American: 0.0289422534406
            Rumba-International: 0.135067254305
            Rumba-Misc: 0.349544197321
            Samba: 0.0218710489571
            Tango: 0.010595834814
            VienneseWaltz: 0.0246417168528
            Waltz: 0.0478829406202
        probability: 0.356351315975
        value: "ChaChaCha"
    culture:
        all:
            non_western: 0.244667053223
            western: 0.755332946777
        probability: 0.755332946777
        value: "western"
    gender:
        all:
            female: 0.821109414101
            male: 0.178890585899
        probability: 0.821109414101
        value: "female"
    genre_dortmund:
        all:
            alternative: 0.294494718313
            blues: 0.00713042775169
            electronic: 0.0139235705137
            folkcountry: 0.395124942064
            funksoulrnb: 0.00666452106088
            jazz: 0.0898530557752
            pop: 0.0999962091446
            raphiphop: 0.0041795023717
            rock: 0.0886330530047
        probability: 0.395124942064
        value: "folkcountry"
    genre_electronica:
        all:
            ambient: 0.642800211906
            dnb: 0.0105127859861
            house: 0.305276960135
            techno: 0.0148345995694
            trance: 0.0265754237771
        probability: 0.642800211906
        value: "ambient"
    genre_rosamerica:
        all:
            cla: 0.0500597059727
            dan: 0.0823344960809
            hip: 0.0360983535647
            jaz: 0.14122018218
            pop: 0.159172743559
            rhy: 0.164596363902
            roc: 0.339566648006
            spe: 0.0269514992833
        probability: 0.339566648006
        value: "roc"
    genre_tzanetakis:
        all:
            blu: 0.0869890674949
            cla: 0.0424771867692
            cou: 0.212985992432
            dis: 0.0536494031549
            hip: 0.0231628809124
            jaz: 0.0348323695362
            met: 0.0180956758559
            pop: 0.118766583502
            reg: 0.097253754735
            roc: 0.311787068844
        probability: 0.311787068844
        value: "roc"
    live_studio:
        all:
            live: 0.0304433330894
            studio: 0.969556689262
        probability: 0.969556689262
        value: "studio"
    mood:
        all:
            Cluster1: 0.0559523627162
            Cluster2: 0.0254855677485
            Cluster3: 0.907057404518
            Cluster4: 0.00817714910954
            Cluster5: 0.00332749122754
        probability: 0.907057404518
        value: "Cluster3"
    mood_acoustic:
        all:
            acoustic: 0.781849563122
            not_acoustic: 0.218150451779
        probability: 0.781849563122
        value: "acoustic"
    mood_aggressive:
        all:
            aggressive: 0.00279400288127
            not_aggressive: 0.997205972672
        probability: 0.997205972672
        value: "not_aggressive"
    mood_electronic:
        all:
            electronic: 0.328148543835
            not_electronic: 0.671851456165
        probability: 0.671851456165
        value: "not_electronic"
    mood_happy:
        all:
            happy: 0.0355722382665
            not_happy: 0.964427769184
        probability: 0.964427769184
        value: "not_happy"
    mood_party:
        all:
            not_party: 0.97594666481
            party: 0.024053350091
        probability: 0.97594666481
        value: "not_party"
    mood_relaxed:
        all:
            not_relaxed: 0.0342224761844
            relaxed: 0.965777516365
        probability: 0.965777516365
        value: "relaxed"
    mood_sad:
        all:
            not_sad: 0.0643360540271
            sad: 0.935663938522
        probability: 0.935663938522
        value: "sad"
    rhythm:
        all:
            fast: 0.071551181376
            medium: 0.417741894722
            slow: 0.51070690155
        probability: 0.51070690155
        value: "slow"
    speech_music:
        all:
            music: 0.999999880791
            speech: 1.00000008274e-07
        probability: 0.999999880791
        value: "music"
    timbre:
        all:
            bright: 0.292797386646
            dark: 0.707202613354
        probability: 0.707202613354
        value: "dark"
    voice_instrumental:
        all:
            instrumental: 0.519552409649
            voice: 0.480447560549
        probability: 0.519552409649
        value: "instrumental"

lowlevel:
    average_loudness: 0.959787249565
    barkbands_kurtosis:
        dmean: 2.85913586617
        dmean2: 4.4290394783
        dvar: 46.3518257141
        dvar2: 119.956817627
        max: 86.987449646
        mean: 6.7427072525
        min: -1.91013252735
        var: 74.8808898926
    barkbands_skewness:
        dmean: 0.397369652987
        dmean2: 0.553308546543
        dvar: 0.276941210032
        dvar2: 0.568800389767
        max: 6.08442640305
        mean: 1.78305053711
        min: -0.885237932205
        var: 1.69060277939
    barkbands_spread:
        dmean: 2.38903212547
        dmean2: 3.39201545715
        dvar: 38.1261901855
        dvar2: 63.5173797607
        max: 77.1259460449
        mean: 7.73750782013
        min: 0.555717051029
        var: 130.663497925
    dissonance:
        dmean: 0.0435857586563
        dmean2: 0.0686694681644
        dvar: 0.00156811228953
        dvar2: 0.00410882337019
        max: 0.49133336544
        mean: 0.308707565069
        min: 0.120234079659
        var: 0.00857644155622
    hfc:
        dmean: 0.469251394272
        dmean2: 0.648059904575
        dvar: 1.07460606098
        dvar2: 1.84959423542
        max: 17.2738819122
        mean: 1.80548846722
        min: 0.00239750416949
        var: 4.84354305267
    pitch:
        dmean: 141.849884033
        dmean2: 276.803436279
        dvar: 484561.25
        dvar2: 1122432.5
        max: 4900
        mean: 361.312530518
        min: 55.471698761
        var: 819746.0625
    pitch_instantaneous_confidence:
        dmean: 0.0562719479203
        dmean2: 0.087670981884
        dvar: 0.0048037096858
        dvar2: 0.0106508601457
        max: 0.869400680065
        mean: 0.605794906616
        min: 0.220910131931
        var: 0.0251435860991
    pitch_salience:
        dmean: 0.0409828573465
        dmean2: 0.065045543015
        dvar: 0.00233008945361
        dvar2: 0.00501837814227
        max: 0.792062103748
        mean: 0.490849971771
        min: 0.201011568308
        var: 0.0193007141352
    silence_rate_20dB:
        dmean: 0
        dmean2: 0
        dvar: 0
        dvar2: 0
        max: 1
        mean: 1
        min: 1
        var: 0
    silence_rate_30dB:
        dmean: 0
        dmean2: 0
        dvar: 0
        dvar2: 0
        max: 1
        mean: 1
        min: 1
        var: 0
    silence_rate_60dB:
        dmean: 0.0781609192491
        dmean2: 0.156682029366
        dvar: 0.0720518529415
        dvar2: 0.150565341115
        max: 1
        mean: 0.502293586731
        min: 0
        var: 0.249994412065
    spectral_centroid:
        dmean: 67.841293335
        dmean2: 95.0887145996
        dvar: 38446.7460938
        dvar2: 57682.4921875
        max: 3451.28588867
        mean: 397.120422363
        min: 151.249023438
        var: 160609.828125
    spectral_complexity:
        dmean: 0.923787534237
        dmean2: 1.57638883591
        dvar: 1.65469968319
        dvar2: 3.33213067055
        max: 18
        mean: 5.37557601929
        min: 0
        var: 6.41423559189
    spectral_crest:
        dmean: 1.38762819767
        dmean2: 2.15909171104
        dvar: 3.23534083366
        dvar2: 6.65452051163
        max: 21.9594612122
        mean: 12.680896759
        min: 5.25200510025
        var: 25.5365695953
    spectral_decrease:
        dmean: 1.98307079091e-10
        dmean2: 2.92174534566e-10
        dvar: 1.14759341722e-19
        dvar2: 2.24146041968e-19
        max: -1.89145834412e-12
        mean: -1.0221730129e-09
        min: -4.32307034615e-09
        var: 4.76314481548e-19
    spectral_energy:
        dmean: 0.000783041643444
        dmean2: 0.00114839163143
        dvar: 1.74599335878e-06
        dvar2: 3.39689700013e-06
        max: 0.0169707015157
        mean: 0.0040216781199
        min: 7.35626827009e-06
        var: 7.43157761462e-06
    spectral_energyband_high:
        dmean: 3.11731673719e-05
        dmean2: 4.56936140836e-05
        dvar: 2.46802418502e-08
        dvar2: 3.89141270318e-08
        max: 0.00306669948623
        mean: 6.07118709013e-05
        min: 3.7941112474e-09
        var: 8.5447034337e-08
    spectral_energyband_low:
        dmean: 0.000122936646221
        dmean2: 0.000183241194463
        dvar: 5.34159845245e-08
        dvar2: 1.22913263567e-07
        max: 0.00279368576594
        mean: 0.00079168076627
        min: 3.28387932313e-06
        var: 2.06904601896e-07
    spectral_energyband_middle_high:
        dmean: 7.95535815996e-05
        dmean2: 0.000104236030893
        dvar: 3.61228096324e-08
        dvar2: 6.10198682693e-08
        max: 0.00264113908634
        mean: 0.000180669201654
        min: 1.90432416503e-07
        var: 1.11341265097e-07
    spectral_energyband_middle_low:
        dmean: 0.000683293910697
        dmean2: 0.00100888300221
        dvar: 1.51247218128e-06
        dvar2: 2.92972549687e-06
        max: 0.0152661772445
        mean: 0.00298859342001
        min: 2.98950135402e-06
        var: 6.75376531944e-06
    spectral_flatness_db:
        dmean: 0.0238917898387
        dmean2: 0.0321058146656
        dvar: 0.000875488389283
        dvar2: 0.00124787853565
        max: 0.572992503643
        mean: 0.373715788126
        min: 0.121657855809
        var: 0.0146140027791
    spectral_flux:
        dmean: 0.00718758488074
        dmean2: 0.0109454561025
        dvar: 9.29118614295e-05
        dvar2: 0.000174871704075
        max: 0.103991039097
        mean: 0.0190050657839
        min: 0.00171219080221
        var: 0.000328617839841
    spectral_kurtosis:
        dmean: 24.3604888916
        dmean2: 38.6906013489
        dvar: 1198.80200195
        dvar2: 2720.15527344
        max: 396.376190186
        mean: 98.2665252686
        min: -1.01769280434
        var: 11872.3115234
    spectral_rms:
        dmean: 0.000169838036527
        dmean2: 0.000248850439675
        dvar: 6.42056363631e-08
        dvar2: 1.16130514982e-07
        max: 0.0040690023452
        mean: 0.00188356812578
        min: 8.47162737045e-05
        var: 3.75757622351e-07
    spectral_rolloff:
        dmean: 118.556854248
        dmean2: 205.811264038
        dvar: 261947.84375
        dvar2: 556276.0625
        max: 5792.43164062
        mean: 565.916564941
        min: 150.732421875
        var: 627252.5625
    spectral_skewness:
        dmean: 0.941801130772
        dmean2: 1.4141497612
        dvar: 1.50075006485
        dvar2: 3.08047389984
        max: 17.012468338
        mean: 6.81927204132
        min: 0.0957126915455
        var: 24.0243797302
    spectral_spread:
        dmean: 758244.5625
        dmean2: 973821.5625
        dvar: 2.06143081677e+12
        dvar2: 1.81831768474e+12
        max: 28546378
        mean: 3425065.25
        min: 227213.125
        var: 1.4303659819e+13
    spectral_strongpeak:
        dmean: 0.114384822547
        dmean2: 0.193391412497
        dvar: 0.0452726632357
        dvar2: 0.111516810954
        max: 1.584831357
        mean: 0.399247229099
        min: 0
        var: 0.107057362795
    zerocrossingrate:
        dmean: 0.00490423804149
        dmean2: 0.00550559721887
        dvar: 9.26882421481e-05
        dvar2: 8.12057551229e-05
        max: 0.1796875
        mean: 0.025758523494
        min: 0.001953125
        var: 0.000667810905725
    barkbands:
        dmean: [1.23430424992e-07, 2.24797331612e-05, 0.000112509223982, 0.00025408048532, 0.000228235439863, 0.000199379021069, 0.000195117725525, 0.000156225665705, 8.89665680006e-05, 3.49764995917e-05, 1.07803598439e-05, 1.35048894663e-05, 3.08989433506e-06, 2.83574604509e-06, 1.58519276283e-06, 1.79247183496e-06, 6.47168099022e-06, 1.6627873265e-05, 9.58441887633e-06, 2.30401874433e-05, 1.44694731716e-05, 7.00292093825e-06, 1.55566067406e-06, 2.11697965824e-06, 1.5134160094e-06, 3.84235754325e-08, 4.43950765039e-10]
        dmean2: [1.87124243212e-07, 4.08693485952e-05, 0.000167213496752, 0.000405635539209, 0.000356380449375, 0.000299061852274, 0.000285734480713, 0.00020656005654, 0.000124815371237, 4.48479222541e-05, 1.54474946612e-05, 1.90108803508e-05, 4.03734566135e-06, 3.95443976231e-06, 2.1761750304e-06, 2.94774031318e-06, 9.67915184447e-06, 2.55448740063e-05, 1.33393905344e-05, 3.25279252138e-05, 2.33283426496e-05, 1.01538998933e-05, 2.18429568122e-06, 3.29313775183e-06, 2.14271153709e-06, 5.99269611712e-08, 7.22876702941e-10]
        dvar: [1.86804803397e-12, 6.1884390945e-09, 3.68162247355e-08, 2.46954641625e-07, 2.22622219326e-07, 2.08271501378e-07, 3.07264173216e-07, 1.48326321892e-07, 6.48054552244e-08, 9.18724119003e-09, 1.34623001635e-09, 5.23654231088e-09, 2.33504965363e-10, 1.26747889961e-10, 4.41729708367e-11, 2.50931844747e-11, 3.15548559504e-10, 1.09396391945e-09, 1.15142551049e-09, 1.17702185776e-08, 5.86539483649e-09, 1.67165037368e-09, 6.03152944256e-11, 1.11894188359e-10, 5.45787963435e-11, 1.74681910646e-14, 1.20690755076e-17]
        dvar2: [4.74102051021e-12, 1.66446092464e-08, 8.023619813e-08, 7.68081633851e-07, 5.66316259665e-07, 4.32235140124e-07, 6.29834516985e-07, 2.49472350333e-07, 1.42385587765e-07, 1.31891555455e-08, 2.82673218166e-09, 1.17946923339e-08, 4.04161010215e-10, 2.86188961418e-10, 7.06502703562e-11, 6.84026099651e-11, 7.46522399453e-10, 2.39980413319e-09, 2.30134244994e-09, 2.17794724477e-08, 1.20305738704e-08, 3.11775472106e-09, 1.10193021374e-10, 2.36071356907e-10, 1.240339359e-10, 3.75031020236e-14, 3.10036227135e-17]
        max: [2.07960656553e-05, 0.000841147790197, 0.0019513333682, 0.00497055100277, 0.00499092787504, 0.00507446378469, 0.00839656963944, 0.00480139255524, 0.00309169804677, 0.0012386663584, 0.000442411401309, 0.00135537376627, 0.000290891242912, 0.000158750888659, 0.000116245770187, 6.01004212513e-05, 0.000253343372606, 0.000342094223015, 0.000648570130579, 0.00236056884751, 0.00135258620139, 0.000649180496112, 0.000132991641294, 0.000174905580934, 0.000125561244204, 1.67750602031e-06, 5.47365104353e-08]
        mean: [8.42403835577e-08, 7.86762975622e-05, 0.000712946872227, 0.000722503755242, 0.000569843221456, 0.000534445687663, 0.000526054296643, 0.000405340077123, 0.000224286777666, 7.08315856173e-05, 1.39021849463e-05, 1.73183125298e-05, 4.74867374578e-06, 3.9244432628e-06, 2.57752731159e-06, 2.43909858e-06, 1.1007111425e-05, 2.82614728349e-05, 1.50037813e-05, 3.59717741958e-05, 2.17700962821e-05, 1.02670592241e-05, 2.90744878839e-06, 4.11002474721e-06, 2.3824843538e-06, 7.92851011511e-08, 3.81334852584e-10]
        min: [1.54601483525e-12, 7.91758765217e-08, 6.2580318172e-07, 1.11739012709e-07, 1.26347811147e-06, 2.33782515124e-07, 3.47100552744e-08, 1.21811225995e-07, 3.33429511556e-07, 4.43471641631e-08, 1.29005277572e-08, 9.13592046459e-09, 1.232998037e-09, 6.55726917209e-10, 9.17212861218e-10, 1.06617425999e-09, 1.50489820605e-09, 3.46364403825e-09, 2.4876285476e-09, 2.4986399616e-09, 1.17325793525e-09, 4.13382411635e-10, 8.30553889553e-11, 5.88458240469e-11, 2.94734618655e-11, 1.77872224328e-12, 2.30503702063e-12]
        var: [1.00534305273e-12, 1.09666302706e-08, 1.96697470756e-07, 5.90081526752e-07, 4.72052988698e-07, 4.77849880554e-07, 1.10679297904e-06, 4.38252044432e-07, 2.62225000824e-07, 2.92756521247e-08, 2.29962271447e-09, 6.70725208707e-09, 4.27532897973e-10, 2.25864840719e-10, 1.36300110087e-10, 3.24269708307e-11, 6.18112172557e-10, 2.57866616948e-09, 1.94410154641e-09, 3.29201697014e-08, 1.26906689601e-08, 3.38515881992e-09, 1.88923723887e-10, 2.67383393204e-10, 8.12169775877e-11, 6.63997936495e-14, 7.23656311914e-18]
    mfcc:
        mean: [-921.256530762, 220.74041748, 38.7962188721, 55.3690681458, -18.8735313416, -39.8863945007, 1.07969748974, 0.220960021019, -4.98170089722, -10.0328102112, -2.90738463402, -1.69175982475, -8.47882270813]
        cov: [[17200.8691406, -9210.64941406, -2018.5958252, -508.247650146, 821.289428711, -1060.71057129, 331.266387939, -369.815917969, -471.887115479, 23.6259593964, -39.3754844666, -250.926727295, -481.81451416], [-9210.64941406, 7219.27783203, 595.461547852, -354.56451416, -817.547424316, 200.031509399, -86.0582504272, 382.215393066, 332.037139893, 99.1107635498, 396.856140137, 279.274505615, 348.893585205], [-2018.5958252, 595.461547852, 671.616760254, 204.045257568, -115.338348389, 222.339904785, 1.1159414053, 62.0971832275, 61.3017196655, -18.8717803955, -14.2074012756, 57.7591552734, 110.885925293], [-508.247650146, -354.56451416, 204.045257568, 476.615905762, 192.129867554, 15.3859157562, -142.023101807, -35.1061286926, 143.726425171, -5.59505414963, -151.27722168, 72.2859954834, 5.13706493378], [821.289428711, -817.547424316, -115.338348389, 192.129867554, 403.139068604, -88.2357406616, -115.250068665, -36.5721092224, 16.5566940308, 6.88824272156, -125.369224548, 59.1079559326, -55.9254608154], [-1060.71057129, 200.031509399, 222.339904785, 15.3859157562, -88.2357406616, 479.243103027, 11.2914924622, -64.4994659424, -83.9933395386, 7.63979291916, 9.15207290649, -73.6830062866, 22.0268650055], [331.266387939, -86.0582504272, 1.1159414053, -142.023101807, -115.250068665, 11.2914924622, 188.066192627, 55.7651252747, -88.427947998, -30.7161750793, 59.2701835632, -52.1259651184, 26.6249866486], [-369.815917969, 382.215393066, 62.0971832275, -35.1061286926, -36.5721092224, -64.4994659424, 55.7651252747, 182.945205688, 49.4593811035, 23.3718738556, 41.232219696, 36.328289032, 61.0530052185], [-471.887115479, 332.037139893, 61.3017196655, 143.726425171, 16.5566940308, -83.9933395386, -88.427947998, 49.4593811035, 260.039306641, 53.501663208, -39.018196106, 74.817527771, 45.8900032043], [23.6259593964, 99.1107635498, -18.8717803955, -5.59505414963, 6.88824272156, 7.63979291916, -30.7161750793, 23.3718738556, 53.501663208, 129.998184204, 43.9675674438, 35.5135192871, 2.4519033432], [-39.3754844666, 396.856140137, -14.2074012756, -151.27722168, -125.369224548, 9.15207290649, 59.2701835632, 41.232219696, -39.018196106, 43.9675674438, 167.156341553, 9.93772983551, 24.4759693146], [-250.926727295, 279.274505615, 57.7591552734, 72.2859954834, 59.1079559326, -73.6830062866, -52.1259651184, 36.328289032, 74.817527771, 35.5135192871, 9.93772983551, 163.136184692, 49.0439834595], [-481.81451416, 348.893585205, 110.885925293, 5.13706493378, -55.9254608154, 22.0268650055, 26.6249866486, 61.0530052185, 45.8900032043, 2.4519033432, 24.4759693146, 49.0439834595, 104.164985657]]
        icov: [[0.00104523310438, 0.00150864943862, 0.00148203759454, 0.00118369667325, 0.000580869382247, 0.000792885199189, -4.62028910988e-05, 6.57299751765e-05, -0.000660929421429, 9.27807777771e-05, -0.0017874102341, -0.0014037770452, -0.000367030501366], [0.00150864943862, 0.00249695405364, 0.00208459771238, 0.00199555209838, 0.00144024146721, 0.000934781681281, 0.000796380976681, -0.000492094783112, -0.00116390397307, 0.000505927833728, -0.00287702889182, -0.00250710127875, -0.000684898637701], [0.00148203759454, 0.00208459771238, 0.00523024378344, -0.00016458396567, 0.00208903383464, -0.000214311774471, -0.000214892628719, -0.00103657180443, -0.000529332610313, 0.000790857418906, -0.00230030971579, -0.00304747908376, -0.00166733143851], [0.00118369667325, 0.00199555209838, -0.00016458396567, 0.00686085782945, -0.000646136177238, 0.000658096862026, 0.00158339459449, 0.000458217837149, -0.00291607924737, 0.000749944942072, -0.000181070994586, -0.00243417266756, -7.56387380534e-05], [0.000580869382247, 0.00144024146721, 0.00208903383464, -0.000646136177238, 0.00690935039893, 0.0002205017081, 0.00302479113452, -0.00230971095152, 0.00142830889672, -0.000224140749197, 0.00148816744331, -0.00387545186095, 0.000765461067203], [0.000792885199189, 0.000934781681281, -0.000214311774471, 0.000658096862026, 0.0002205017081, 0.0044528292492, 0.000115248309157, 0.00204246281646, 0.00123052904382, -0.0020142220892, -0.00101617630571, 0.00154460244812, -0.00230078562163], [-4.62028910988e-05, 0.000796380976681, -0.000214892628719, 0.00158339459449, 0.00302479113452, 0.000115248309157, 0.0131580820307, -0.00464220810682, 0.00284788757563, 0.00211067590863, -0.00121240713634, 0.00149351137225, -0.00349585083313], [6.57299751765e-05, -0.000492094783112, -0.00103657180443, 0.000458217837149, -0.00230971095152, 0.00204246281646, -0.00464220810682, 0.0103999068961, -0.00140916148666, -0.00222856039181, -0.000583267072216, 0.00123195082415, -0.00331757334061], [-0.000660929421429, -0.00116390397307, -0.000529332610313, -0.00291607924737, 0.00142830889672, 0.00123052904382, 0.00284788757563, -0.00140916148666, 0.00892406795174, -0.00357557996176, 0.00367374205962, 0.00110445765313, -0.00307735218666], [9.27807777771e-05, 0.000505927833728, 0.000790857418906, 0.000749944942072, -0.000224140749197, -0.0020142220892, 0.00211067590863, -0.00222856039181, -0.00357557996176, 0.0122508797795, -0.00497304508463, -0.00248540681787, 0.00255360128358], [-0.0017874102341, -0.00287702889182, -0.00230030971579, -0.000181070994586, 0.00148816744331, -0.00101617630571, -0.00121240713634, -0.000583267072216, 0.00367374205962, -0.00497304508463, 0.0159085579216, 0.000195275511942, 0.000160609881277], [-0.0014037770452, -0.00250710127875, -0.00304747908376, -0.00243417266756, -0.00387545186095, 0.00154460244812, 0.00149351137225, 0.00123195082415, 0.00110445765313, -0.00248540681787, 0.000195275511942, 0.0143999159336, -0.00549664720893], [-0.000367030501366, -0.000684898637701, -0.00166733143851, -7.56387380534e-05, 0.000765461067203, -0.00230078562163, -0.00349585083313, -0.00331757334061, -0.00307735218666, 0.00255360128358, 0.000160609881277, -0.00549664720893, 0.0195565316826]]
    spectral_contrast:
        mean: [-2.46590190045e-07, 8.6797548704e-08, -8.35237528918e-07, 9.82395143012e-09, -1.00497004496e-07, -1.12891746085e-06, 3.55815018338e-06, 4.1198618419e-06, 2.43500085162e-06, -2.90222442345e-06, 3.64879315384e-06, 7.20172420188e-06]
        var: [0.000440366129624, 0.000848352094181, 0.0011613239767, 0.00151860131882, 0.0021444412414, 0.00766692729667, 0.10015053302, 0.174776151776, 0.197686970234, 0.482302576303, 1.192278862, 8.02445602417]

rhythm:
    beats_loudness:
        dmean: 0.00462849764153
        dmean2: 0.00900314562023
        dvar: 1.95395969058e-05
        dvar2: 4.99397065141e-05
        max: 0.0151296081021
        mean: 0.00540903443471
        min: 0.00149902096018
        var: 1.59496139531e-05
    beats_loudness_bass:
        dmean: 0.252067357302
        dmean2: 0.488605558872
        dvar: 0.0538416169584
        dvar2: 0.0693266764283
        max: 0.856794536114
        mean: 0.372057020664
        min: 0.0905418246984
        var: 0.0750820487738
    bpm: 76.847618103
    bpm_confidence: 0
    first_peak_bpm: 77
    first_peak_spread: 0
    first_peak_weight: 0.5
    onset_rate: 2.9675385952
    second_peak_bpm: 98
    second_peak_spread: 0
    second_peak_weight: 0.428571432829
    beats_position: [0.0547331310809, 0.835532307625, 1.61633145809, 2.39713072777, 3.17793011665, 3.95872926712, 4.73952865601, 5.52032804489, 6.1858830452, 6.79805040359, 7.41021823883, 8.02238559723, 8.63455295563, 9.24672222137, 9.8588886261]
    bpm_estimates: [76.106086731, 77.5973968506, 77.1571884155, 76.7065811157, 76.6708297729]
    bpm_intervals: [0.780799150467, 0.780799150467, 0.780799269676, 0.780799388885, 0.780799150467, 0.780799388885, 0.780799388885, 0.665555000305, 0.612167358398, 0.612167835236, 0.612167358398, 0.612167358398, 0.612169265747, 0.612166404724]
    onset_times: [0.0696598663926, 0.684988677502, 1.09133791924, 1.33514738083, 1.67183673382, 1.82276642323, 1.90403628349, 2.10140585899, 2.64707493782, 3.04181408882, 3.49460315704, 3.62231302261, 3.75002264977, 4.04027223587, 4.20281171799, 4.51628112793, 4.76009082794, 4.96907043457, 5.21287965775, 5.51473903656, 5.78176879883, 6.00235843658, 6.17650794983, 6.51319742203, 8.52172374725, 9.04417228699, 9.33442211151, 9.4853515625, 9.52018165588, 9.67111110687]
    rubato_start: [6.79805040359]
    rubato_stop: [9.8588886261]
    perceptual_tempo: "unknown"

sfx:
    inharmonicity:
        dmean: 0.01602890715
        dmean2: 0.0289663169533
        dvar: 0.00140310265124
        dvar2: 0.00405912939459
        max: 0.292353391647
        mean: 0.0141813578084
        min: 6.46650414637e-06
        var: 0.00093514303444
    oddtoevenharmonicenergyratio:
        dmean: 1.87256002426
        dmean2: 3.57876682281
        dvar: 217.584915161
        dvar2: 642.690002441
        max: 218.474807739
        mean: 1.27139234543
        min: 2.44067523454e-05
        var: 114.218566895
    pitch_after_max_to_before_max_energy_ratio: 15.9692745209
    pitch_centroid: 187.293045044
    pitch_max_to_total: 0.124423965812
    pitch_min_to_total: 0.96543776989
    tristimulus:
        dmean: [0.129991695285, 0.126391246915, 0.0282253101468]
        dmean2: [0.228548586369, 0.220537409186, 0.0498910471797]
        dvar: [0.0340647660196, 0.0305074024945, 0.00752573600039]
        dvar2: [0.0844570174813, 0.0790223255754, 0.0190708432347]
        max: [0.989503145218, 0.996803343296, 0.880711436272]
        mean: [0.56624776125, 0.393647015095, 0.0314713008702]
        min: [0.000787032884546, 0, 0]
        var: [0.0569289959967, 0.0496049076319, 0.00849950965494]

tonal:
    chords_changes_rate: 0.041284404695
    chords_number_rate: 0.0229357797652
    chords_strength:
        dmean: 0.00977362133563
        dmean2: 0.00583931105211
        dvar: 9.41495381994e-05
        dvar2: 5.70192169107e-05
        max: 0.734596431255
        mean: 0.569808781147
        min: 0.304173618555
        var: 0.0108634568751
    key_strength: 0.805247783661
    tuning_diatonic_strength: 0.598797619343
    tuning_equal_tempered_deviation: 0.0534927546978
    tuning_frequency: 440.254241943
    tuning_nontempered_energy_ratio: 0.64856505394
    hpcp:
        dmean: [0.1137874946, 0.0919004678726, 0.0439646616578, 0.0243289042264, 0.0126724122092, 0.0182937420905, 0.0263255722821, 0.025229498744, 0.0171859487891, 0.0181232448667, 0.0158435702324, 0.036036029458, 0.082702152431, 0.104434788227, 0.0666139051318, 0.0574662573636, 0.0733333602548, 0.0261745285243, 0.0119774574414, 0.0398338325322, 0.0852163136005, 0.0812983065844, 0.062476914376, 0.0366421453655, 0.0297732483596, 0.0310004726052, 0.0360278114676, 0.0293074399233, 0.0460900105536, 0.0460046045482, 0.0488968975842, 0.0418530330062, 0.032780457288, 0.0485573746264, 0.0545664057136, 0.0999392494559]
        dmean2: [0.185485377908, 0.160555869341, 0.0790229141712, 0.0420319773257, 0.022332765162, 0.0278605017811, 0.0392159298062, 0.0423382110894, 0.0312766097486, 0.0334941260517, 0.028820021078, 0.0526884719729, 0.126058280468, 0.172930136323, 0.109426163137, 0.100778073072, 0.129005685449, 0.0483032204211, 0.0206725578755, 0.0716316327453, 0.14145553112, 0.134680628777, 0.0998770073056, 0.0696474686265, 0.0563557930291, 0.0557481199503, 0.0639421269298, 0.0506971813738, 0.0840762034059, 0.0765370875597, 0.0779511108994, 0.0730729997158, 0.0614717155695, 0.0871490463614, 0.0905020236969, 0.171510130167]
        dvar: [0.0543749816716, 0.0349088981748, 0.017461637035, 0.00964571256191, 0.00211378699169, 0.00158340658527, 0.00501839676872, 0.00561077427119, 0.00468208640814, 0.00945518352091, 0.0032944928389, 0.00644302554429, 0.0233965609223, 0.0371997021139, 0.0205304715782, 0.0256960354745, 0.0294523611665, 0.00471808342263, 0.00126697693486, 0.0131373545155, 0.0329116880894, 0.035156134516, 0.0146964108571, 0.0169759821147, 0.0176076870412, 0.0137515515089, 0.0205203276128, 0.00956888496876, 0.0229437761009, 0.0119276968762, 0.0195978898555, 0.0175501480699, 0.0130738234147, 0.0302284434438, 0.017393425107, 0.0340958312154]
        dvar2: [0.115763582289, 0.0921854525805, 0.0466605946422, 0.0240698475391, 0.00585630349815, 0.00300444057211, 0.010318826884, 0.0154057191685, 0.0132783604786, 0.0274043213576, 0.00898997951299, 0.0140615114942, 0.047306086868, 0.0952298939228, 0.0543505288661, 0.0553243011236, 0.0738835260272, 0.0135930944234, 0.0029361275956, 0.0340008474886, 0.0793163627386, 0.0724288597703, 0.033759817481, 0.0504507385194, 0.0518241859972, 0.0347947478294, 0.0517617054284, 0.0241654478014, 0.0628687292337, 0.0288431756198, 0.0388729535043, 0.0468658842146, 0.0370169207454, 0.0786525532603, 0.0398667119443, 0.0824210643768]
        max: [1, 1, 1, 1, 0.42917701602, 0.592522978783, 1, 0.672371387482, 0.590701639652, 1, 0.434474378824, 0.70009803772, 1, 1, 1, 1, 1, 0.504444241524, 0.402574241161, 0.834683835506, 1, 1, 1, 0.96589165926, 1, 0.932088792324, 1, 1, 1, 1, 1, 1, 0.835911333561, 1, 1, 1]
        mean: [0.298352628946, 0.154657363892, 0.0347283519804, 0.0179163701832, 0.00954400096089, 0.137368142605, 0.259468227625, 0.130763947964, 0.0115958722308, 0.01128056366, 0.0121402172372, 0.0638506188989, 0.168862625957, 0.149308055639, 0.136237800121, 0.231395915151, 0.151433065534, 0.0226633623242, 0.010952912271, 0.0364480055869, 0.173875167966, 0.2621281147, 0.130450278521, 0.0244536548853, 0.0188813693821, 0.0269612297416, 0.0441897585988, 0.0530659481883, 0.0418953076005, 0.0795660912991, 0.134061574936, 0.076157733798, 0.0204302351922, 0.0320847220719, 0.0522583089769, 0.199287518859]
        min: [3.03456135953e-06, 3.12508927891e-06, 4.58848899143e-06, 3.79077647494e-07, 4.23739237476e-07, 1.51116546476e-05, 3.35483455274e-05, 2.22186099563e-05, 3.05805974676e-06, 4.27613883858e-07, 4.54751017287e-07, 3.18467925808e-07, 1.0703214457e-06, 1.09571885787e-06, 0.000157926944667, 1.52436791723e-06, 1.43440877309e-06, 9.77770014288e-07, 8.58695273109e-07, 6.09841890764e-07, 1.03739614588e-06, 2.72651533351e-07, 7.84033363743e-06, 1.55049008299e-06, 6.7517618163e-07, 1.16122714644e-06, 3.19183573083e-06, 8.59129522723e-06, 4.61513218397e-06, 7.81926883064e-06, 1.05009928575e-06, 9.00306645235e-07, 1.30114290187e-06, 1.02648323264e-06, 7.73703959567e-07, 6.77749858369e-06]
        var: [0.17218606174, 0.0567683130503, 0.0144420303404, 0.00763333495706, 0.00144154136069, 0.0456981658936, 0.161935895681, 0.0377177372575, 0.00283652730286, 0.0053302901797, 0.00238162907772, 0.0141429714859, 0.0750291123986, 0.0580865927041, 0.0526463575661, 0.137887015939, 0.0671187788248, 0.00364564964548, 0.0017062536208, 0.0138155948371, 0.0758523121476, 0.141887590289, 0.0371273979545, 0.00936004240066, 0.00937700271606, 0.0123070459813, 0.0265976395458, 0.0236232746392, 0.0170449800789, 0.0285411719233, 0.091592989862, 0.0307541787624, 0.00740536348894, 0.0195942260325, 0.0186688136309, 0.0813596174121]
    chords_histogram: [0, 0, 46.7889900208, 1.83486235142, 0, 0, 0, 0, 0, 0, 0, 0, 0, 0, 0, 2.29357790947, 0, 0.458715587854, 0, 0, 0, 0, 26.6055049896, 22.0183486938]
    thpcp: [1, 0.518371045589, 0.116400353611, 0.0600509867072, 0.0319889970124, 0.460422098637, 0.869669675827, 0.438286572695, 0.0388663299382, 0.0378094986081, 0.0406908355653, 0.214010581374, 0.565983355045, 0.500441551208, 0.456633478403, 0.77557861805, 0.507564067841, 0.075961664319, 0.0367112979293, 0.122164182365, 0.582784116268, 0.87858492136, 0.437235236168, 0.0819622576237, 0.0632854104042, 0.0903669893742, 0.148112520576, 0.177863180637, 0.14042212069, 0.266684740782, 0.449339359999, 0.255260795355, 0.0684768036008, 0.107539601624, 0.175156190991, 0.667959630489]
    chords_key: "A"
    chords_scale: "major"
    key_key: "D"
    key_scale: "major"
    chords_progression: ["G", "G", "G", "G", "G", "G", "G", "G", "G", "G", "G", "G", "G", "G", "G", "G", "G", "G", "G", "G", "G", "G", "G", "G", "G", "G", "G", "G", "G", "G", "G", "G", "G", "G", "G", "G", "G", "G", "G", "G", "G", "G", "G", "G", "G", "G", "G", "G", "G", "G", "G", "G", "Gm", "Dm", "Gm", "Gm", "Gm", "Gm", "C#m", "C#m", "C#m", "C#m", "A", "A", "A", "A", "A", "A", "A", "A", "A", "A", "A", "A", "A", "A", "A", "A", "A", "A", "A", "A", "A", "A", "A", "A", "A", "A", "A", "A", "A", "A", "A", "A", "A", "A", "A", "A", "A", "A", "A", "A", "A", "A", "A", "A", "A", "A", "A", "A", "A", "A", "A", "A", "A", "A", "A", "A", "A", "A", "A", "A", "A", "A", "A", "A", "A", "A", "A", "A", "A", "A", "A", "Bm", "Bm", "Bm", "Bm", "Bm", "Bm", "Bm", "Bm", "Bm", "Bm", "Bm", "Bm", "Bm", "Bm", "Bm", "Bm", "Bm", "Bm", "Bm", "Bm", "Bm", "Bm", "Bm", "Bm", "Bm", "Bm", "Bm", "G", "G", "G", "G", "G", "G", "Bm", "Bm", "Bm", "Bm", "Bm", "Bm", "Bm", "Bm", "Bm", "Bm", "Bm", "Bm", "Bm", "Bm", "Bm", "Bm", "Bm", "Bm", "Bm", "Bm", "Bm", "A", "A", "A", "A", "A", "A", "A", "A", "A", "A", "A", "A", "A", "A", "A", "A", "A", "A", "A", "A", "A", "A", "A", "A", "A", "A", "A", "A", "A", "A", "A"]
