
metadata:
    version:
        essentia: "1.2.2"
    audio_properties:
        analysis_sample_rate: 44100
        bitrate: 128
        channels: 2
        equal_loudness: 1
        length: 10.0310201645
        replay_gain: -11.3584842682
        downmix: "mix"
    tags:
        track: 9
        year: 0
        album: "Splitted by Mp3Splt v. 2.1"
        artist: "From 001.20 To 001.30"
        comment: "http://mp3splt.sf.net"
        genre: ""
        title: "03 These Things Take Time.mp3"

highlevel:
    ballroom:
        all:
            ChaChaCha: 0.0419764257967
            Jive: 0.635691583157
            Quickstep: 0.0476420521736
            Rumba-American: 0.00305744167417
            Rumba-International: 0.0145061621442
            Rumba-Misc: 0.00472241314128
            Samba: 0.0934408828616
            Tango: 0.0133606819436
            VienneseWaltz: 0.128472536802
            Waltz: 0.0171298291534
        probability: 0.635691583157
        value: "Jive"
    culture:
        all:
            non_western: 0.0065259039402
            western: 0.993474125862
        probability: 0.993474125862
        value: "western"
    gender:
        all:
            female: 0.272029191256
            male: 0.727970838547
        probability: 0.727970838547
        value: "male"
    genre_dortmund:
        all:
            alternative: 0.178161561489
            blues: 0.0469759292901
            electronic: 0.0283077973872
            folkcountry: 0.0798749774694
            funksoulrnb: 0.0161809567362
            jazz: 0.0658098906279
            pop: 0.0362844951451
            raphiphop: 0.00186386331916
            rock: 0.546540558338
        probability: 0.546540558338
        value: "rock"
    genre_electronica:
        all:
            ambient: 0.150662481785
            dnb: 0.177537962794
            house: 0.0297002140433
            techno: 0.0144668454304
            trance: 0.627632498741
        probability: 0.627632498741
        value: "trance"
    genre_rosamerica:
        all:
            cla: 0.0618812926114
            dan: 0.0171364676207
            hip: 0.00924043543637
            jaz: 0.0382986664772
            pop: 0.0692997574806
            rhy: 0.0268988870084
            roc: 0.774171233177
            spe: 0.00307328347117
        probability: 0.774171233177
        value: "roc"
    genre_tzanetakis:
        all:
            blu: 0.022154442966
            cla: 0.0192753560841
            cou: 0.324694305658
            dis: 0.0236732941121
            hip: 0.0047601996921
            jaz: 0.0396234020591
            met: 0.184229120612
            pop: 0.0209728833288
            reg: 0.00567982159555
            roc: 0.354937195778
        probability: 0.354937195778
        value: "roc"
    live_studio:
        all:
            live: 0.228628635406
            studio: 0.771371364594
        probability: 0.771371364594
        value: "studio"
    mood:
        all:
            Cluster1: 0.256028085947
            Cluster2: 0.329833567142
            Cluster3: 0.0335564464331
            Cluster4: 0.110921040177
            Cluster5: 0.2696608603
        probability: 0.329833567142
        value: "Cluster2"
    mood_acoustic:
        all:
            acoustic: 0.0103425337002
            not_acoustic: 0.989657461643
        probability: 0.989657461643
        value: "not_acoustic"
    mood_aggressive:
        all:
            aggressive: 0.920312047005
            not_aggressive: 0.0796879529953
        probability: 0.920312047005
        value: "aggressive"
    mood_electronic:
        all:
            electronic: 0.257086962461
            not_electronic: 0.742913067341
        probability: 0.742913067341
        value: "not_electronic"
    mood_happy:
        all:
            happy: 0.801641881466
            not_happy: 0.198358118534
        probability: 0.801641881466
        value: "happy"
    mood_party:
        all:
            not_party: 0.354218155146
            party: 0.645781815052
        probability: 0.645781815052
        value: "party"
    mood_relaxed:
        all:
            not_relaxed: 0.750493586063
            relaxed: 0.249506443739
        probability: 0.750493586063
        value: "not_relaxed"
    mood_sad:
        all:
            not_sad: 0.944263458252
            sad: 0.0557365342975
        probability: 0.944263458252
        value: "not_sad"
    rhythm:
        all:
            fast: 0.769880414009
            medium: 0.0893548801541
            slow: 0.140764698386
        probability: 0.769880414009
        value: "fast"
    speech_music:
        all:
            music: 0.999997258186
            speech: 2.73558816843e-06
        probability: 0.999997258186
        value: "music"
    timbre:
        all:
            bright: 0.879271268845
            dark: 0.120728708804
        probability: 0.879271268845
        value: "bright"
    voice_instrumental:
        all:
            instrumental: 0.895097792149
            voice: 0.104902222753
        probability: 0.895097792149
        value: "instrumental"

lowlevel:
    average_loudness: 0.977587401867
    barkbands_kurtosis:
        dmean: 0.755458176136
        dmean2: 1.24358665943
        dvar: 1.05559945107
        dvar2: 2.81826043129
        max: 7.90149688721
        mean: -0.695974588394
        min: -1.8319478035
        var: 1.89232110977
    barkbands_skewness:
        dmean: 0.418785065413
        dmean2: 0.65639936924
        dvar: 0.125466585159
        dvar2: 0.348535507917
        max: 0.914376080036
        mean: -0.607011079788
        min: -2.837870121
        var: 0.417047888041
    barkbands_spread:
        dmean: 6.52909088135
        dmean2: 10.6001281738
        dvar: 44.945350647
        dvar2: 109.339935303
        max: 57.9160690308
        mean: 32.6309585571
        min: 9.92043972015
        var: 87.5645065308
    dissonance:
        dmean: 0.0101009523496
        dmean2: 0.0174439717084
        dvar: 8.05938398116e-05
        dvar2: 0.000202005379833
        max: 0.499311417341
        mean: 0.477454572916
        min: 0.41172131896
        var: 0.000209906735108
    hfc:
        dmean: 2.68060493469
        dmean2: 3.78966140747
        dvar: 6.81176185608
        dvar2: 11.0732526779
        max: 32.4629631042
        mean: 10.8009719849
        min: 2.23264098167
        var: 35.5920181274
    pitch:
        dmean: 801.393310547
        dmean2: 1537.01647949
        dvar: 1620025.625
        dvar2: 3862339.5
        max: 4410
        mean: 1249.2878418
        min: 95.2483825684
        var: 2167162
    pitch_instantaneous_confidence:
        dmean: 0.0834155380726
        dmean2: 0.131058439612
        dvar: 0.00495540723205
        dvar2: 0.0116845136508
        max: 0.881321132183
        mean: 0.505913615227
        min: 0.201359570026
        var: 0.0243915244937
    pitch_salience:
        dmean: 0.0594935081899
        dmean2: 0.094893746078
        dvar: 0.00260829203762
        dvar2: 0.007371136453
        max: 0.788456559181
        mean: 0.605884969234
        min: 0.378746390343
        var: 0.00521403318271
    silence_rate_20dB:
        dmean: 0
        dmean2: 0
        dvar: 0
        dvar2: 0
        max: 1
        mean: 1
        min: 1
        var: 0
    silence_rate_30dB:
        dmean: 0
        dmean2: 0
        dvar: 0
        dvar2: 0
        max: 1
        mean: 1
        min: 1
        var: 0
    silence_rate_60dB:
        dmean: 0.111368909478
        dmean2: 0.220930233598
        dvar: 0.0989656969905
        dvar2: 0.200027376413
        max: 1
        mean: 0.222222223878
        min: 0
        var: 0.172839254141
    spectral_centroid:
        dmean: 261.364227295
        dmean2: 413.403869629
        dvar: 60671.1328125
        dvar2: 158688.078125
        max: 3365.82763672
        mean: 2116.56738281
        min: 1126.23754883
        var: 199741.859375
    spectral_complexity:
        dmean: 3.04895114899
        dmean2: 4.32243013382
        dvar: 8.89973545074
        dvar2: 15.1110181808
        max: 34
        mean: 15.1488370895
        min: 4
        var: 34.8522911072
    spectral_crest:
        dmean: 1.88129901886
        dmean2: 3.03880143166
        dvar: 2.46020007133
        dvar2: 6.78249359131
        max: 16.0892372131
        mean: 7.15624284744
        min: 3.06051802635
        var: 5.5640296936
    spectral_decrease:
        dmean: 2.52611098706e-10
        dmean2: 3.81075559996e-10
        dvar: 7.91719379693e-20
        dvar2: 1.54695944814e-19
        max: -2.79570894213e-10
        mean: -1.06664188593e-09
        min: -2.72510658483e-09
        var: 2.27527711409e-19
    spectral_energy:
        dmean: 0.0011445870623
        dmean2: 0.00171477824915
        dvar: 1.53939629399e-06
        dvar2: 2.70719101536e-06
        max: 0.0124609665945
        mean: 0.00500543229282
        min: 0.00125767232385
        var: 5.21463607583e-06
    spectral_energyband_high:
        dmean: 0.000184398435522
        dmean2: 0.00025805120822
        dvar: 6.26899279155e-08
        dvar2: 1.10782437446e-07
        max: 0.00232199253514
        mean: 0.000444816396339
        min: 1.65379969985e-05
        var: 2.34120420828e-07
    spectral_energyband_low:
        dmean: 0.000157912756549
        dmean2: 0.000272650911938
        dvar: 6.18521625029e-08
        dvar2: 1.61146232358e-07
        max: 0.00169486622326
        mean: 0.00015209169942
        min: 3.86452143175e-07
        var: 4.95940142287e-08
    spectral_energyband_middle_high:
        dmean: 0.000750638660975
        dmean2: 0.00112782639917
        dvar: 4.77773710372e-07
        dvar2: 8.99128167475e-07
        max: 0.00950334593654
        mean: 0.00299502094276
        min: 0.000627379864454
        var: 2.7106939342e-06
    spectral_energyband_middle_low:
        dmean: 0.000549165823031
        dmean2: 0.000872057746165
        dvar: 5.94614334659e-07
        dvar2: 1.50997652781e-06
        max: 0.00686125643551
        mean: 0.0014134979574
        min: 0.000243164191488
        var: 8.29896578125e-07
    spectral_flatness_db:
        dmean: 0.0144244078547
        dmean2: 0.0215895362198
        dvar: 0.000180094662937
        dvar2: 0.000381637364626
        max: 0.245775580406
        mean: 0.154262945056
        min: 0.0964423492551
        var: 0.000700654112734
    spectral_flux:
        dmean: 0.00778158893809
        dmean2: 0.0114654358476
        dvar: 5.95429664827e-05
        dvar2: 0.000126973158331
        max: 0.0833231583238
        mean: 0.0389986895025
        min: 0.0169609654695
        var: 0.000150322070112
    spectral_kurtosis:
        dmean: 0.873079717159
        dmean2: 1.41983425617
        dvar: 0.810356676579
        dvar2: 2.06662631035
        max: 8.9120759964
        mean: 3.27080011368
        min: 0.662081480026
        var: 2.70252466202
    spectral_rms:
        dmean: 0.00024916176335
        dmean2: 0.000371418602299
        dvar: 6.33348378187e-08
        dvar2: 1.10724670321e-07
        max: 0.00348669476807
        mean: 0.00215334072709
        min: 0.00110769912135
        var: 2.46470818865e-07
    spectral_rolloff:
        dmean: 244.795806885
        dmean2: 413.658874512
        dvar: 72234.15625
        dvar2: 168743.421875
        max: 5081.8359375
        mean: 3511.86401367
        min: 2519.38476562
        var: 247856.375
    spectral_skewness:
        dmean: 0.140321493149
        dmean2: 0.229267150164
        dvar: 0.0194184873253
        dvar2: 0.0470738783479
        max: 1.98630690575
        mean: 1.26606273651
        min: 0.516675770283
        var: 0.0898825600743
    spectral_spread:
        dmean: 416407.6875
        dmean2: 610930.25
        dvar: 173472710656
        dvar2: 327365754880
        max: 7957625
        mean: 4725637
        min: 2573688.25
        var: 891525332992
    spectral_strongpeak:
        dmean: 0.96870392561
        dmean2: 1.65609872341
        dvar: 1.19162416458
        dvar2: 2.54246616364
        max: 7.84273481369
        mean: 1.81312894821
        min: 0.0156673230231
        var: 3.14797306061
    zerocrossingrate:
        dmean: 0.00687918858603
        dmean2: 0.008544921875
        dvar: 4.35448091594e-05
        dvar2: 5.53782847419e-05
        max: 0.16357421875
        mean: 0.114541694522
        min: 0.0595703125
        var: 0.000358239252819
    barkbands:
        dmean: [1.98313671262e-07, 5.20880021213e-05, 0.000120695804071, 0.000276476552244, 0.000235676125158, 0.00011499763059, 2.87316834147e-05, 0.000119344942505, 6.79301228956e-05, 4.18818090111e-05, 1.52914108185e-05, 3.23278618453e-05, 4.96054926771e-05, 3.41290760844e-05, 2.32013971981e-05, 0.000238692344283, 0.000295830104733, 0.000283495988697, 0.000275426136795, 0.00016974179016, 8.74294928508e-05, 3.4463188058e-05, 8.86423367774e-06, 2.75145566775e-06, 1.08020515199e-06, 5.75247049994e-08, 2.33075447831e-10]
        dmean2: [2.40024633058e-07, 8.88502036105e-05, 0.000216673870455, 0.000461628602352, 0.000391223962652, 0.000177413996425, 4.28757593909e-05, 0.000175989363925, 0.000101480429294, 6.60138466628e-05, 2.49435342994e-05, 5.1681905461e-05, 7.80946429586e-05, 5.63436333323e-05, 3.79583179893e-05, 0.00037294140202, 0.000462674419396, 0.000423488934757, 0.000437590875663, 0.000252263213042, 0.000129765205202, 4.89252561238e-05, 1.19029737107e-05, 3.63884237231e-06, 1.4707442233e-06, 7.91792515997e-08, 4.08137051933e-10]
        dvar: [1.66516011591e-13, 1.12995612866e-08, 3.50861419918e-08, 3.8107225464e-07, 6.80330387581e-08, 1.68777471998e-08, 2.71378919336e-09, 4.07520950318e-08, 1.4615124222e-08, 5.76240966055e-09, 3.29491711692e-10, 1.47633405501e-09, 3.66204622182e-09, 1.6900323363e-09, 6.82294387655e-10, 8.10012679153e-08, 1.48853217752e-07, 1.20734441111e-07, 7.50249924408e-08, 4.46589503156e-08, 1.35920075195e-08, 2.65013300194e-09, 1.94996629954e-10, 1.70604554789e-11, 2.76401557892e-12, 9.45515096339e-15, 1.93896318386e-19]
        dvar2: [1.95223245664e-13, 2.97848821162e-08, 9.46951530523e-08, 1.02297212834e-06, 1.74969386535e-07, 3.59310163844e-08, 4.71443062366e-09, 8.90351117278e-08, 3.27328883998e-08, 1.30664119524e-08, 8.06388289476e-10, 3.73503272755e-09, 9.84561410178e-09, 3.88954468633e-09, 1.50519352538e-09, 1.85959805776e-07, 3.78211097996e-07, 2.41147489533e-07, 1.74525027319e-07, 8.61553104414e-08, 2.66904063295e-08, 4.86952922429e-09, 3.37590927435e-10, 3.10650984103e-11, 4.34049020684e-12, 1.81932512675e-14, 3.81868369225e-19]
        max: [6.55161647956e-06, 0.00091690570116, 0.00115018826909, 0.00469405017793, 0.0018967424985, 0.00264450814575, 0.000648876535706, 0.00297878310084, 0.00147137441672, 0.000943528837524, 0.000232129561482, 0.000425654317951, 0.000735256297048, 0.00041563124978, 0.000442128046416, 0.00250263162889, 0.00419234531, 0.00460931612179, 0.00319016398862, 0.00237530469894, 0.00106504384894, 0.000468342244858, 0.00019415767747, 4.11463151977e-05, 1.99094065465e-05, 1.60856677667e-06, 7.03328240093e-09]
        mean: [2.39507642164e-07, 4.37813323515e-05, 0.000108080152131, 0.0002485611476, 0.000460313953226, 0.000239032218815, 4.42635646323e-05, 0.000283837493043, 0.000124295140267, 8.80628067534e-05, 2.68186140602e-05, 6.07854890404e-05, 9.26756183617e-05, 6.60192235955e-05, 4.59747461719e-05, 0.000409837870393, 0.000642608792987, 0.000702131597791, 0.000644669402391, 0.000386434694519, 0.000185290235095, 7.32354455977e-05, 1.98377038032e-05, 6.21744811724e-06, 2.32296383729e-06, 1.08228377371e-07, 2.29147090192e-10]
        min: [7.91662221888e-11, 3.48183242238e-08, 1.14395305673e-07, 2.30371506404e-06, 1.4436964193e-05, 6.63154696667e-06, 4.38965287231e-07, 3.25615042129e-06, 2.53502662417e-06, 3.55770180249e-06, 1.07960715923e-06, 3.22736195812e-06, 1.10822588795e-06, 1.71671081262e-06, 2.0487780148e-06, 1.49914676513e-05, 1.25834267237e-05, 3.13814380206e-05, 4.87936922582e-05, 1.28792098621e-05, 5.81608901484e-06, 2.41947486757e-06, 6.76765580465e-07, 1.64322216278e-07, 2.51715057686e-08, 6.3643695869e-10, 2.00654176976e-13]
        var: [2.40124353778e-13, 8.53449755311e-09, 2.56489727235e-08, 3.00349682902e-07, 1.22046031947e-07, 8.51677910418e-08, 5.30366195406e-09, 1.70708602809e-07, 3.84782588014e-08, 1.61723274772e-08, 7.09440617364e-10, 3.49887985251e-09, 9.48487155483e-09, 4.56710447239e-09, 1.86645210398e-09, 1.65245594985e-07, 4.52359955716e-07, 5.28651867171e-07, 2.43095882979e-07, 1.6638723821e-07, 4.0275583757e-08, 7.88451437472e-09, 5.7310428625e-10, 4.85182137522e-11, 7.85127084874e-12, 1.94899790886e-14, 1.81504416102e-19]
    mfcc:
        mean: [-694.304138184, 83.221496582, -51.1385574341, 57.4132499695, -11.0559425354, -12.9000387192, -9.60439682007, 3.25823044777, -10.968621254, -13.5997438431, -5.2690820694, -3.49319863319, -10.882437706]
        cov: [[792.256103516, -328.936340332, 179.023757935, 79.7478790283, -61.1694450378, 92.2863235474, 22.3403606415, -48.1583595276, 30.4247093201, 57.5550727844, 38.6254043579, 14.6274461746, -13.3929615021], [-328.936340332, 536.907104492, -214.176681519, -66.5562820435, 61.6235427856, -132.366271973, -27.7487545013, 93.0960159302, 2.36970591545, 30.3921871185, 67.922416687, 47.7899246216, -7.68641138077], [179.023757935, -214.176681519, 259.015930176, 86.7043457031, -5.00080347061, 122.383155823, 48.0283355713, -35.3260688782, 42.5888404846, -2.65013337135, -39.3102416992, 2.44791245461, 33.1832237244], [79.7478790283, -66.5562820435, 86.7043457031, 195.197113037, 71.5033187866, 57.7613983154, 36.0661888123, 4.07199001312, 26.8674468994, 3.64486217499, -2.21891140938, 9.89022254944, 33.157749176], [-61.1694450378, 61.6235427856, -5.00080347061, 71.5033187866, 143.717727661, 21.7315750122, 4.95458221436, 16.970539093, 16.4456825256, -7.45092153549, 3.27037501335, 10.3262996674, 22.419046402], [92.2863235474, -132.366271973, 122.383155823, 57.7613983154, 21.7315750122, 158.698013306, 67.3189163208, -11.6210784912, 28.6824626923, 2.42869901657, -26.5113525391, 1.32841348648, 28.1742305756], [22.3403606415, -27.7487545013, 48.0283355713, 36.0661888123, 4.95458221436, 67.3189163208, 107.590881348, 41.4368247986, 31.2488212585, 15.4475927353, 6.1436882019, 4.84334468842, 2.4590010643], [-48.1583595276, 93.0960159302, -35.3260688782, 4.07199001312, 16.970539093, -11.6210784912, 41.4368247986, 100.969093323, 33.9441108704, 12.2385654449, 26.4433383942, 24.7477874756, -6.50047588348], [30.4247093201, 2.36970591545, 42.5888404846, 26.8674468994, 16.4456825256, 28.6824626923, 31.2488212585, 33.9441108704, 83.344078064, 23.4519481659, 11.6419525146, 22.850566864, 13.9091501236], [57.5550727844, 30.3921871185, -2.65013337135, 3.64486217499, -7.45092153549, 2.42869901657, 15.4475927353, 12.2385654449, 23.4519481659, 75.8544845581, 45.0927085876, 12.203207016, 2.21023797989], [38.6254043579, 67.922416687, -39.3102416992, -2.21891140938, 3.27037501335, -26.5113525391, 6.1436882019, 26.4433383942, 11.6419525146, 45.0927085876, 89.6988449097, 34.3908309937, -8.51131153107], [14.6274461746, 47.7899246216, 2.44791245461, 9.89022254944, 10.3262996674, 1.32841348648, 4.84334468842, 24.7477874756, 22.850566864, 12.203207016, 34.3908309937, 64.7679443359, 16.6532363892], [-13.3929615021, -7.68641138077, 33.1832237244, 33.157749176, 22.419046402, 28.1742305756, 2.4590010643, -6.50047588348, 13.9091501236, 2.21023797989, -8.51131153107, 16.6532363892, 65.7058639526]]
        icov: [[0.00227068411186, 0.0012918059947, -0.000609871232882, -0.0006148442626, 0.00053231511265, -0.000368735578377, 0.000837260624394, 4.78431611555e-05, -4.52228960057e-05, -0.00151180673856, -0.00119908852503, -0.000908510119189, 0.0013174804626], [0.0012918059947, 0.00470963865519, 0.00157531863078, 0.000655660114717, -0.00175041460898, 0.00176698109135, 0.000122495068354, -0.00188214587979, 0.000214028113987, -0.00235777511261, -0.00016284128651, -0.00251508736983, -1.30453590828e-05], [-0.000609871232882, 0.00157531863078, 0.00937741715461, -0.002008295618, 0.00125790620223, -0.00318535487168, -0.00102126679849, 0.00234190258197, -0.00340753025375, 0.000204376177862, 0.00253036711365, -0.00197094376199, -0.000914068892598], [-0.0006148442626, 0.000655660114717, -0.002008295618, 0.00858238339424, -0.00459806900471, 0.00105133210309, -0.00198474014178, -0.000432225438999, 0.000368022767361, -9.02071551536e-05, -0.000463013158878, 0.000195691201952, -0.00240024691448], [0.00053231511265, -0.00175041460898, 0.00125790620223, -0.00459806900471, 0.0112424138933, -0.00351650826633, 0.00248624454252, -0.000542963796761, -0.00175349810161, 0.0027457610704, -0.00175754306838, 0.00147231691517, -0.00120802514721], [-0.000368735578377, 0.00176698109135, -0.00318535487168, 0.00105133210309, -0.00351650826633, 0.0155758792534, -0.00881570298225, 0.00274745211937, -7.55657601985e-05, -0.00166512629949, 0.00343165057711, -0.00222671288066, -0.00258666486479], [0.000837260624394, 0.000122495068354, -0.00102126679849, -0.00198474014178, 0.00248624454252, -0.00881570298225, 0.0195087548345, -0.00899530574679, -0.000698428368196, -0.00148440571502, -0.00249895663001, 0.00313986139372, 0.00209237309173], [4.78431611555e-05, -0.00188214587979, 0.00234190258197, -0.000432225438999, -0.000542963796761, 0.00274745211937, -0.00899530574679, 0.0197231061757, -0.0063492031768, 0.00212213443592, -0.000425000151154, -0.00401774793863, 0.00235596601851], [-4.52228960057e-05, 0.000214028113987, -0.00340753025375, 0.000368022767361, -0.00175349810161, -7.55657601985e-05, -0.000698428368196, -0.0063492031768, 0.0194469280541, -0.00581295229495, 0.00214505847543, -0.00394713692367, -0.00106318597682], [-0.00151180673856, -0.00235777511261, 0.000204376177862, -9.02071551536e-05, 0.0027457610704, -0.00166512629949, -0.00148440571502, 0.00212213443592, -0.00581295229495, 0.0239135064185, -0.0124760856852, 0.00600485829636, -0.0033109576907], [-0.00119908852503, -0.00016284128651, 0.00253036711365, -0.000463013158878, -0.00175754306838, 0.00343165057711, -0.00249895663001, -0.000425000151154, 0.00214505847543, -0.0124760856852, 0.0252216216177, -0.0119351325557, 0.0041296640411], [-0.000908510119189, -0.00251508736983, -0.00197094376199, 0.000195691201952, 0.00147231691517, -0.00222671288066, 0.00313986139372, -0.00401774793863, -0.00394713692367, 0.00600485829636, -0.0119351325557, 0.0271691642702, -0.00744386017323], [0.0013174804626, -1.30453590828e-05, -0.000914068892598, -0.00240024691448, -0.00120802514721, -0.00258666486479, 0.00209237309173, 0.00235596601851, -0.00106318597682, -0.0033109576907, 0.0041296640411, -0.00744386017323, 0.02159338817]]
    spectral_contrast:
        mean: [2.93864758305e-07, 3.9862770862e-09, -2.02746761602e-07, -2.13155914253e-07, 4.58396982594e-07, -2.80211139625e-07, -3.77491460313e-06, 1.60281047101e-06, -6.52185690342e-07, 5.226495432e-07, -8.99475651295e-07, 3.66360637827e-07]
        var: [0.000406164908782, 0.000848128809594, 0.00122076121625, 0.00216972152703, 0.00330427195877, 0.00451471377164, 0.0403738059103, 0.0637173876166, 0.0770930722356, 0.169603317976, 0.494912624359, 0.744141101837]

rhythm:
    beats_loudness:
        dmean: 0.00344692124054
        dmean2: 0.00643791072071
        dvar: 2.64721529675e-06
        dvar2: 9.09959362616e-06
        max: 0.00993108283728
        mean: 0.0059883967042
        min: 0.00227217492647
        var: 5.09817982675e-06
    beats_loudness_bass:
        dmean: 0.0693566799164
        dmean2: 0.127839908004
        dvar: 0.00282997940667
        dvar2: 0.00868024304509
        max: 0.191990807652
        mean: 0.0790394693613
        min: 0.0138758197427
        var: 0.00282848952338
    bpm: 150.84034729
    bpm_confidence: 0
    first_peak_bpm: 101
    first_peak_spread: 0
    first_peak_weight: 0.473684221506
    onset_rate: 3.5888671875
    second_peak_bpm: 151
    second_peak_spread: 0
    second_peak_weight: 0.473684221506
    beats_position: [0.245860859752, 0.837204694748, 1.42854857445, 2.01989245415, 2.61123633385, 3.20257997513, 3.79392385483, 4.38526773453, 4.97661161423, 5.56795549393, 6.22347784042, 6.62125492096, 7.01903104782, 7.41680812836, 7.81458473206, 8.21236133575, 8.61013793945, 9.00791549683, 9.40569114685, 9.80346775055]
    bpm_estimates: [149.644577026, 151.237457275, 151.024642944, 151.022445679, 151.037734985, 151.075180054]
    bpm_intervals: [0.591343820095, 0.5913438797, 0.5913438797, 0.5913438797, 0.591343641281, 0.5913438797, 0.5913438797, 0.5913438797, 0.5913438797, 0.655522346497, 0.397777080536, 0.397776126862, 0.397777080536, 0.397776603699, 0.397776603699, 0.397776603699, 0.397777557373, 0.397775650024, 0.397776603699]
    onset_times: [0.0580498874187, 0.255419492722, 0.429569154978, 0.638548731804, 1.03328800201, 1.24226760864, 1.62539684772, 1.82276642323, 2.0549659729, 2.22911572456, 2.63546490669, 2.84444451332, 3.03020405769, 3.42494320869, 3.83129262924, 4.04027223587, 4.22603178024, 4.446621418, 4.51628112793, 4.80653047562, 5.36380958557, 5.7701587677, 6.19972801208, 6.38548755646, 6.60607719421, 6.81505680084, 6.94276666641, 7.18657588959, 7.40716552734, 7.80190467834, 8.0224943161, 8.20825386047, 8.8119726181, 8.99773216248, 9.41569137573, 9.82204055786]
    rubato_start: [6.62125492096]
    rubato_stop: [9.80346775055]
    perceptual_tempo: "unknown"

sfx:
    inharmonicity:
        dmean: 0.0591517835855
        dmean2: 0.104829788208
        dvar: 0.00337724387646
        dvar2: 0.00962211750448
        max: 0.389803767204
        mean: 0.0707224234939
        min: 0
        var: 0.00438861828297
    oddtoevenharmonicenergyratio:
        dmean: 6.05609893799
        dmean2: 11.7169027328
        dvar: 539.639648438
        dvar2: 1600.0949707
        max: 295.579925537
        mean: 3.66380000114
        min: 0
        var: 280.930206299
    pitch_after_max_to_before_max_energy_ratio: 17.3642196655
    pitch_centroid: 175.116531372
    pitch_max_to_total: 0.0255813952535
    pitch_min_to_total: 0.867441833019
    tristimulus:
        dmean: [0.184480130672, 0.277417182922, 0.154304891825]
        dmean2: [0.324356943369, 0.491188764572, 0.272252261639]
        dvar: [0.0296143237501, 0.0570456273854, 0.0214695092291]
        dvar2: [0.0820803493261, 0.15674944222, 0.059165995568]
        max: [1, 0.965986192226, 0.709620475769]
        mean: [0.287047356367, 0.445980936289, 0.171850010753]
        min: [0.00132538226899, 0, 0]
        var: [0.0395928658545, 0.0695418193936, 0.0286936983466]

tonal:
    chords_changes_rate: 0.0787037014961
    chords_number_rate: 0.0416666679084
    chords_strength:
        dmean: 0.0095147266984
        dmean2: 0.00881080236286
        dvar: 5.59818618058e-05
        dvar2: 8.09907869552e-05
        max: 0.581822514534
        mean: 0.472337514162
        min: 0.353838503361
        var: 0.00338437082246
    key_strength: 0.62268525362
    tuning_diatonic_strength: 0.518262803555
    tuning_equal_tempered_deviation: 0.14834061265
    tuning_frequency: 454.727905273
    tuning_nontempered_energy_ratio: 0.782835543156
    hpcp:
        dmean: [0.107325792313, 0.0992517843843, 0.0839840099216, 0.0781068727374, 0.0973943695426, 0.132397428155, 0.140514180064, 0.106036357582, 0.0692554041743, 0.0832089856267, 0.120580144227, 0.19219237566, 0.17557772994, 0.177785158157, 0.125267982483, 0.107214689255, 0.120652347803, 0.129421383142, 0.161153316498, 0.179607123137, 0.185518503189, 0.173425078392, 0.119195580482, 0.08268994838, 0.103462770581, 0.13007517159, 0.142040893435, 0.172362938523, 0.147812217474, 0.134800553322, 0.130761474371, 0.0952966213226, 0.096920773387, 0.101496331394, 0.0901732221246, 0.0940683111548]
        dmean2: [0.174177914858, 0.151953220367, 0.129986718297, 0.127657726407, 0.162202015519, 0.210329398513, 0.227292850614, 0.174626395106, 0.110462553799, 0.138461187482, 0.195054456592, 0.328080832958, 0.292778909206, 0.304625958204, 0.206747800112, 0.175957113504, 0.206780493259, 0.21690684557, 0.277282387018, 0.310021698475, 0.317261815071, 0.29456448555, 0.197626531124, 0.143766850233, 0.178466588259, 0.218729317188, 0.229096353054, 0.280815184116, 0.243960574269, 0.211617231369, 0.215421244502, 0.158157110214, 0.156094878912, 0.161153778434, 0.147832393646, 0.157103791833]
        dvar: [0.01666181162, 0.0117565561086, 0.0114454012364, 0.0108192013577, 0.013503161259, 0.0247792825103, 0.0312687531114, 0.0182329118252, 0.00758220115677, 0.0180039964616, 0.0233925636858, 0.0373275727034, 0.0383760258555, 0.0302389971912, 0.0247692670673, 0.0194006320089, 0.0262710750103, 0.0253270976245, 0.0416232459247, 0.0492033697665, 0.0488013774157, 0.039196267724, 0.0153687791899, 0.0107313022017, 0.0138032184914, 0.0307946316898, 0.024915099144, 0.0342541225255, 0.0198832340539, 0.0192567296326, 0.0181548334658, 0.0124111333862, 0.0098870517686, 0.0128264967352, 0.0124832848087, 0.0177177861333]
        dvar2: [0.0420627519488, 0.0278346724808, 0.024603035301, 0.0267073847353, 0.0324617177248, 0.0587083362043, 0.065342001617, 0.0419816039503, 0.0185326393694, 0.0473605357111, 0.0513459593058, 0.0858524739742, 0.0838060751557, 0.0751705914736, 0.0560780018568, 0.0420121066272, 0.0719562768936, 0.0569729544222, 0.0969000011683, 0.140013545752, 0.124193675816, 0.0971648991108, 0.0395879670978, 0.0310116633773, 0.0346461646259, 0.0657627359033, 0.0493668615818, 0.071284212172, 0.0518297255039, 0.0434353686869, 0.0450622625649, 0.0316351503134, 0.0225486531854, 0.0274112336338, 0.0308354627341, 0.0427787788212]
        max: [1, 1, 1, 0.853900611401, 0.761663198471, 1, 1, 1, 0.716402113438, 0.81180524826, 1, 1, 1, 1, 1, 1, 1, 1, 1, 1, 1, 1, 0.83936715126, 0.636473596096, 0.821958780289, 1, 1, 1, 1, 1, 1, 0.822692155838, 1, 0.896597146988, 0.919129312038, 1]
        mean: [0.159736528993, 0.153874590993, 0.14628341794, 0.123551927507, 0.139729753137, 0.236570730805, 0.266336113214, 0.164788156748, 0.0977560356259, 0.096146337688, 0.175125047565, 0.464852064848, 0.565806686878, 0.336482793093, 0.252014219761, 0.228744640946, 0.180193498731, 0.209196180105, 0.256855487823, 0.244948759675, 0.261900275946, 0.269085437059, 0.170847639441, 0.122172772884, 0.149562716484, 0.220974102616, 0.305114418268, 0.322320759296, 0.254933655262, 0.216893598437, 0.192295894027, 0.152795761824, 0.178944811225, 0.187640681863, 0.142713055015, 0.145110189915]
        min: [0.00594219006598, 0.0086235627532, 0.00665166368708, 0.0037561065983, 0.00677109649405, 0.00906306039542, 0.00637427484617, 0.00181370170321, 0.00170922174584, 0.00178363989107, 0.00529434159398, 0.00717871356755, 0.0135772237554, 0.0209559481591, 0.00444865087047, 0.00265929591842, 0.0020124821458, 0.0138877267018, 0.00985222589225, 0.00747021567076, 0.0047563733533, 0.000740164716262, 0.00639255950227, 0.00165527965873, 0.00956993550062, 0.00995165202767, 0.00727295782417, 0.0145049933344, 0.0195879656821, 0.00916240271181, 0.0073540629819, 0.00298965466209, 0.0109110577032, 0.0170338917524, 0.00736676855013, 0.00270550441928]
        var: [0.0294176116586, 0.027513762936, 0.0250902604312, 0.0166061259806, 0.0200982764363, 0.0505465269089, 0.07091319561, 0.0345674678683, 0.0109909484163, 0.0166607052088, 0.0344110578299, 0.100107036531, 0.124144487083, 0.0517335012555, 0.0827166065574, 0.0752389431, 0.0399561822414, 0.0472634285688, 0.0774695053697, 0.0556604899466, 0.0694491788745, 0.0713903978467, 0.0237510874867, 0.0151443621144, 0.0183202549815, 0.0818372666836, 0.0755073130131, 0.0852098912001, 0.0397627539933, 0.0405074320734, 0.0330483615398, 0.0207168925554, 0.0251249987632, 0.0243019219488, 0.0165729001164, 0.0287299826741]
    chords_histogram: [30.5555553436, 15.2777776718, 1.85185182095, 0, 0, 0, 0, 0, 0, 0, 0, 0, 0, 0, 0, 7.87037038803, 1.38888883591, 19.4444446564, 4.16666650772, 0, 3.24074077606, 0, 16.2037029266, 0]
    thpcp: [1, 0.594695687294, 0.44540694356, 0.404280543327, 0.318471848965, 0.369730830193, 0.453963339329, 0.432919532061, 0.462879419327, 0.475578397512, 0.301954090595, 0.215926706791, 0.264335364103, 0.390547007322, 0.539255559444, 0.569665849209, 0.450566709042, 0.38333517313, 0.339861482382, 0.270049422979, 0.316264927387, 0.331633895636, 0.252229362726, 0.256466031075, 0.282316446304, 0.271956115961, 0.258539557457, 0.218364208937, 0.246956706047, 0.418112277985, 0.470719277859, 0.291244626045, 0.172772854567, 0.169927895069, 0.309513926506, 0.821574032307]
    chords_key: "F#"
    chords_scale: "major"
    key_key: "F#"
    key_scale: "major"
    chords_progression: ["E", "E", "E", "E", "E", "E", "E", "B", "B", "B", "B", "B", "B", "B", "B", "B", "B", "B", "B", "B", "B", "B", "B", "B", "B", "B", "B", "B", "B", "B", "B", "B", "B", "B", "B", "Bm", "B", "B", "B", "B", "B", "B", "B", "Bm", "Bm", "Bm", "Bm", "Bm", "Bm", "Bm", "Bm", "Bm", "Bm", "F#", "F#", "Bm", "Bm", "Bm", "Bm", "Bm", "Bm", "A#m", "A#m", "A#m", "A#m", "A#m", "A#m", "A#m", "A#m", "A#m", "A#m", "A#m", "A#m", "A#m", "A#m", "A#m", "A#m", "A#m", "A#m", "A#m", "A#m", "A#m", "A#m", "A#m", "A#m", "A#m", "A#m", "A#m", "A#m", "A#m", "A#m", "A#m", "A#m", "A#m", "C#", "C#", "C#", "C#", "D", "D", "D", "F#m", "F#m", "F#m", "F#m", "F#m", "F#m", "F#m", "F#m", "F#m", "F#", "F#", "F#", "F#", "F#", "F#", "F#", "F#", "F#", "F#", "F#", "F#", "F#", "F#", "F#", "F#", "F#", "F#", "F#", "F#", "F#", "F#", "F#", "F#", "F#", "F#", "F#", "F#", "F#", "F#", "F#", "F#", "F#", "F#", "F#", "F#", "F#", "F#", "F#", "F#", "F#", "F#", "F#", "F#", "F#", "F#", "F#", "F#", "F#", "F#", "F#", "F#", "F#", "F#", "F#", "F#", "F#", "F#", "F#", "F#", "F#m", "F#m", "F#m", "F#m", "F#m", "F#m", "F#m", "F#m", "F#m", "F#m", "F#m", "F#m", "F#m", "F#m", "F#m", "F#m", "F#m", "A", "A", "A", "A", "A", "A", "A", "F#m", "F#m", "F#m", "F#m", "F#m", "F#m", "F#m", "F#m", "F#m", "F#m", "F#m", "F#m", "F#m", "A", "A", "F#m", "F#m", "F#m", "F#", "F#", "F#", "F#"]
