
metadata:
    version:
        essentia: "1.2.2"
    audio_properties:
        analysis_sample_rate: 44100
        bitrate: 128
        channels: 2
        equal_loudness: 1
        length: 10.0571432114
        replay_gain: -10.0331573486
        downmix: "mix"
    tags:
        track: 6
        year: 0
        album: "Splitted by Mp3Splt v. 2.1"
        artist: "From 000.50 To 001.00"
        comment: "http://mp3splt.sf.net"
        genre: ""
        title: "01 Side Streets.mp3"

highlevel:
    ballroom:
        all:
            ChaChaCha: 0.0236752424389
            Jive: 0.0805487334728
            Quickstep: 0.027996564284
            Rumba-American: 0.114239901304
            Rumba-International: 0.155159071088
            Rumba-Misc: 0.432874321938
            Samba: 0.0356196649373
            Tango: 0.00754108605906
            VienneseWaltz: 0.0208277273923
            Waltz: 0.101517669857
        probability: 0.432874321938
        value: "Rumba-Misc"
    culture:
        all:
            non_western: 0.181526914239
            western: 0.818473100662
        probability: 0.818473100662
        value: "western"
    gender:
        all:
            female: 0.73597496748
            male: 0.26402503252
        probability: 0.73597496748
        value: "female"
    genre_dortmund:
        all:
            alternative: 0.104333512485
            blues: 0.0273068845272
            electronic: 0.202528432012
            folkcountry: 0.0934431925416
            funksoulrnb: 0.0412652231753
            jazz: 0.0577479787171
            pop: 0.276834487915
            raphiphop: 0.0235825441778
            rock: 0.172957748175
        probability: 0.276834487915
        value: "pop"
    genre_electronica:
        all:
            ambient: 0.414314776659
            dnb: 0.220400571823
            house: 0.174099862576
            techno: 0.030391426757
            trance: 0.160793349147
        probability: 0.414314776659
        value: "ambient"
    genre_rosamerica:
        all:
            cla: 0.0306903552264
            dan: 0.321473360062
            hip: 0.0298091433942
            jaz: 0.0493526421487
            pop: 0.258189946413
            rhy: 0.248553320765
            roc: 0.0362897105515
            spe: 0.0256415139884
        probability: 0.321473360062
        value: "dan"
    genre_tzanetakis:
        all:
            blu: 0.00155300786719
            cla: 0.00244381674565
            cou: 0.0167121514678
            dis: 0.0277670342475
            hip: 0.00849020387977
            jaz: 0.00232229754329
            met: 0.00468503916636
            pop: 0.84046202898
            reg: 0.0337542742491
            roc: 0.0618101134896
        probability: 0.84046202898
        value: "pop"
    live_studio:
        all:
            live: 0.852071523666
            studio: 0.147928506136
        probability: 0.852071523666
        value: "live"
    mood:
        all:
            Cluster1: 0.00114499754272
            Cluster2: 0.00679549761117
            Cluster3: 0.985314905643
            Cluster4: 0.00458462676033
            Cluster5: 0.00215996755287
        probability: 0.985314905643
        value: "Cluster3"
    mood_acoustic:
        all:
            acoustic: 0.628391623497
            not_acoustic: 0.371608406305
        probability: 0.628391623497
        value: "acoustic"
    mood_aggressive:
        all:
            aggressive: 2.13832413465e-06
            not_aggressive: 0.999997854233
        probability: 0.999997854233
        value: "not_aggressive"
    mood_electronic:
        all:
            electronic: 0.22397916019
            not_electronic: 0.776020824909
        probability: 0.776020824909
        value: "not_electronic"
    mood_happy:
        all:
            happy: 0.135949984193
            not_happy: 0.864050030708
        probability: 0.864050030708
        value: "not_happy"
    mood_party:
        all:
            not_party: 0.822613418102
            party: 0.177386566997
        probability: 0.822613418102
        value: "not_party"
    mood_relaxed:
        all:
            not_relaxed: 0.133465662599
            relaxed: 0.866534352303
        probability: 0.866534352303
        value: "relaxed"
    mood_sad:
        all:
            not_sad: 0.261112987995
            sad: 0.738887012005
        probability: 0.738887012005
        value: "sad"
    rhythm:
        all:
            fast: 0.141930744052
            medium: 0.595990180969
            slow: 0.26207908988
        probability: 0.595990180969
        value: "medium"
    speech_music:
        all:
            music: 0.999998509884
            speech: 1.51256210756e-06
        probability: 0.999998509884
        value: "music"
    timbre:
        all:
            bright: 0.861367702484
            dark: 0.138632312417
        probability: 0.861367702484
        value: "bright"
    voice_instrumental:
        all:
            instrumental: 0.5967643857
            voice: 0.4032356143
        probability: 0.5967643857
        value: "instrumental"

lowlevel:
    average_loudness: 0.962107598782
    barkbands_kurtosis:
        dmean: 4.08322095871
        dmean2: 6.48248004913
        dvar: 55.2335243225
        dvar2: 109.645545959
        max: 68.8295440674
        mean: 5.9308385849
        min: -1.85517191887
        var: 115.547996521
    barkbands_skewness:
        dmean: 0.717780530453
        dmean2: 1.09914803505
        dvar: 0.6322889328
        dvar2: 1.2533904314
        max: 7.83062553406
        mean: 1.60600459576
        min: -2.60794639587
        var: 3.68373775482
    barkbands_spread:
        dmean: 6.14608621597
        dmean2: 9.43047618866
        dvar: 47.9799537659
        dvar2: 102.549812317
        max: 74.0086746216
        mean: 22.2698173523
        min: 1.31870114803
        var: 157.665664673
    dissonance:
        dmean: 0.0212703924626
        dmean2: 0.0339807718992
        dvar: 0.000690669869073
        dvar2: 0.00114047282841
        max: 0.496718645096
        mean: 0.451415300369
        min: 0.000555447360966
        var: 0.00127207371406
    hfc:
        dmean: 1.3071873188
        dmean2: 1.88225126266
        dvar: 4.82588434219
        dvar2: 10.6454114914
        max: 34.6839065552
        mean: 3.68565940857
        min: 3.844433013e-05
        var: 17.3617916107
    pitch:
        dmean: 331.101135254
        dmean2: 609.306640625
        dvar: 825192.9375
        dvar2: 1932718.625
        max: 5512.5
        mean: 702.094421387
        min: 57.5718002319
        var: 1532795.875
    pitch_instantaneous_confidence:
        dmean: 0.0947881788015
        dmean2: 0.154218420386
        dvar: 0.00816094502807
        dvar2: 0.0188748314977
        max: 0.865857958794
        mean: 0.498977541924
        min: 0.150197327137
        var: 0.0230832323432
    pitch_salience:
        dmean: 0.0791318044066
        dmean2: 0.125090062618
        dvar: 0.00581129034981
        dvar2: 0.0138253346086
        max: 0.971225857735
        mean: 0.515629410744
        min: 0.111210919917
        var: 0.0187257751822
    silence_rate_20dB:
        dmean: 0
        dmean2: 0
        dvar: 0
        dvar2: 0
        max: 1
        mean: 1
        min: 1
        var: 0
    silence_rate_30dB:
        dmean: 0
        dmean2: 0
        dvar: 0
        dvar2: 0
        max: 1
        mean: 1
        min: 1
        var: 0
    silence_rate_60dB:
        dmean: 0.110599078238
        dmean2: 0.221709012985
        dvar: 0.0983672365546
        dvar2: 0.204887121916
        max: 1
        mean: 0.436781615019
        min: 0
        var: 0.246004015207
    spectral_centroid:
        dmean: 287.818908691
        dmean2: 422.559906006
        dvar: 196648.828125
        dvar2: 331201.25
        max: 6150.43164062
        mean: 1150.46557617
        min: 219.8646698
        var: 1264973.25
    spectral_complexity:
        dmean: 1.85219395161
        dmean2: 2.9699075222
        dvar: 5.50702810287
        dvar2: 12.2143669128
        max: 20
        mean: 6.32718896866
        min: 0
        var: 15.7731132507
    spectral_crest:
        dmean: 2.69291162491
        dmean2: 4.23905420303
        dvar: 6.68870830536
        dvar2: 15.4765176773
        max: 25.4893169403
        mean: 12.9068565369
        min: 3.28358387947
        var: 27.6562976837
    spectral_decrease:
        dmean: 3.16036891101e-10
        dmean2: 4.60395804813e-10
        dvar: 2.26858961733e-19
        dvar2: 5.47352907651e-19
        max: -5.03715162436e-15
        mean: -9.91328574784e-10
        min: -5.0549653352e-09
        var: 6.49832779029e-19
    spectral_energy:
        dmean: 0.00127343961503
        dmean2: 0.00187260040548
        dvar: 3.67378470401e-06
        dvar2: 8.90555475053e-06
        max: 0.0209788680077
        mean: 0.00407580239698
        min: 2.24983995878e-08
        var: 1.00374236354e-05
    spectral_energyband_high:
        dmean: 0.00011209143122
        dmean2: 0.000158417125931
        dvar: 6.37957739968e-08
        dvar2: 9.19336926586e-08
        max: 0.00529115414247
        mean: 0.000248187774559
        min: 1.6656713786e-09
        var: 3.49898328977e-07
    spectral_energyband_low:
        dmean: 3.84172781196e-05
        dmean2: 5.76361562707e-05
        dvar: 5.58285284669e-09
        dvar2: 1.0530079031e-08
        max: 0.000794579274952
        mean: 9.72201960394e-05
        min: 8.97138890954e-11
        var: 1.66939777557e-08
    spectral_energyband_middle_high:
        dmean: 0.000263928843196
        dmean2: 0.000413876376115
        dvar: 2.72467218565e-07
        dvar2: 7.82974268532e-07
        max: 0.0061881840229
        mean: 0.000604800996371
        min: 1.59186281934e-08
        var: 3.73058838932e-07
    spectral_energyband_middle_low:
        dmean: 0.00108933320735
        dmean2: 0.00157541583758
        dvar: 2.59989406004e-06
        dvar2: 6.20048967903e-06
        max: 0.014477125369
        mean: 0.00312558514997
        min: 4.81440043387e-09
        var: 8.41490145831e-06
    spectral_flatness_db:
        dmean: 0.0255648866296
        dmean2: 0.0396434292197
        dvar: 0.000651224108879
        dvar2: 0.00140008132439
        max: 0.337420195341
        mean: 0.186996236444
        min: 0.0709052160382
        var: 0.00249182921834
    spectral_flux:
        dmean: 0.00896073225886
        dmean2: 0.0146702956408
        dvar: 0.000142782009789
        dvar2: 0.000329356465954
        max: 0.129094511271
        mean: 0.0280499365181
        min: 0.0037602155935
        var: 0.000241523972363
    spectral_kurtosis:
        dmean: 1.93635630608
        dmean2: 3.20467019081
        dvar: 14.5861654282
        dvar2: 40.1470603943
        max: 33.2820281982
        mean: 4.57589912415
        min: -1.18379747868
        var: 38.1231651306
    spectral_rms:
        dmean: 0.000313432188705
        dmean2: 0.00045040337136
        dvar: 1.6196710817e-07
        dvar2: 3.35796300988e-07
        max: 0.00452406750992
        mean: 0.00182082364336
        min: 4.68504595119e-06
        var: 6.60996761326e-07
    spectral_rolloff:
        dmean: 580.749633789
        dmean2: 951.796569824
        dvar: 837493.0625
        dvar2: 1622244.5
        max: 8656.34765625
        mean: 1969.84143066
        min: 193.798828125
        var: 3517276
    spectral_skewness:
        dmean: 0.274531245232
        dmean2: 0.401624947786
        dvar: 0.114454567432
        dvar2: 0.259559392929
        max: 4.07776641846
        mean: 1.62040042877
        min: -0.227572754025
        var: 0.554330766201
    spectral_spread:
        dmean: 765013.375
        dmean2: 1130565.375
        dvar: 896929497088
        dvar2: 1.66647195238e+12
        max: 16895866
        mean: 6426255.5
        min: 1129658.75
        var: 5.13248906445e+12
    spectral_strongpeak:
        dmean: 0.225847482681
        dmean2: 0.376092940569
        dvar: 0.0935089066625
        dvar2: 0.247353449464
        max: 2.89745497704
        mean: 0.456467032433
        min: 0.000128701649373
        var: 0.124383538961
    zerocrossingrate:
        dmean: 0.0123400967568
        dmean2: 0.0134322559461
        dvar: 0.000233400249272
        dvar2: 0.00019099425117
        max: 0.29931640625
        mean: 0.0671712979674
        min: 0.0068359375
        var: 0.00275051407516
    barkbands:
        dmean: [2.90002162728e-07, 1.27657849589e-05, 2.918395694e-05, 0.000114317095722, 0.000827750074677, 0.00023001235968, 4.2977353587e-05, 9.47518783505e-05, 6.8501693022e-05, 3.03614542645e-05, 2.53716243606e-05, 1.26217528305e-05, 2.42504502239e-05, 4.9393671361e-05, 3.70177949662e-05, 6.90601154929e-05, 5.45139700989e-05, 3.89024753531e-05, 5.7699624449e-05, 3.49378387909e-05, 5.17364278494e-05, 3.10001050821e-05, 2.03402178158e-05, 1.1359954442e-05, 7.30170086172e-06, 1.51471752474e-07, 3.38880978834e-10]
        dmean2: [4.71744129982e-07, 1.92291754502e-05, 4.4574826461e-05, 0.000181153664016, 0.00117176165804, 0.000350298621925, 6.46311600576e-05, 0.000153643544763, 0.000110341221443, 4.94177547807e-05, 4.21303157054e-05, 2.18147288251e-05, 3.89111446566e-05, 7.95791347628e-05, 6.20064674877e-05, 0.000111320710857, 9.24539126572e-05, 6.90260640113e-05, 9.44379207795e-05, 5.67217066418e-05, 8.11274294392e-05, 4.90143866045e-05, 3.09919378196e-05, 1.68216301972e-05, 1.01140531115e-05, 2.14897099227e-07, 5.77043968164e-10]
        dvar: [4.34407636815e-13, 4.9420506576e-10, 3.57687168773e-09, 6.42317701249e-08, 1.38117445658e-06, 1.54973420763e-07, 7.87171305916e-09, 1.35947473723e-07, 1.04771352483e-07, 7.9581079504e-09, 5.04270669666e-09, 2.9390869738e-09, 1.65558677878e-09, 8.72963390464e-09, 6.26720053631e-09, 8.85375772697e-09, 1.03684261177e-08, 1.60736046695e-08, 9.78701120147e-09, 4.02339450645e-09, 1.1507176545e-08, 1.52170649415e-08, 5.88199844387e-09, 1.23396670659e-09, 6.95194901645e-10, 2.73211358051e-13, 5.84649550892e-19]
        dvar2: [1.11906783753e-12, 1.13643139343e-09, 6.97605440081e-09, 1.44079209008e-07, 3.15135412166e-06, 3.3002430655e-07, 1.83970456646e-08, 3.78517142963e-07, 2.87844756031e-07, 2.06441299611e-08, 1.36268729634e-08, 8.1523152673e-09, 3.76192765827e-09, 2.23047162962e-08, 1.76084284931e-08, 2.68879922771e-08, 3.15879482571e-08, 5.41201821136e-08, 2.38578667933e-08, 9.88327375495e-09, 2.33538504091e-08, 2.95592723631e-08, 1.2384878012e-08, 2.3634829649e-09, 1.12249776141e-09, 4.0011443052e-13, 1.36589346361e-18]
        max: [5.7284810282e-06, 0.000233663333347, 0.00062346161576, 0.00235725450329, 0.0113498494029, 0.00539573747665, 0.000888014503289, 0.00493324268609, 0.00426273792982, 0.00100159540307, 0.000826021307148, 0.000693766283803, 0.00047130996245, 0.000769811274949, 0.000882764405105, 0.000817574094981, 0.00108168681618, 0.00129744876176, 0.00169323349837, 0.000649112218525, 0.00148230534978, 0.00253946147859, 0.00109177432023, 0.000561554043088, 0.000564578222111, 1.06602528831e-05, 6.748634096e-09]
        mean: [5.7724423641e-07, 3.20021354128e-05, 6.46536209388e-05, 0.000249895296292, 0.00205441145226, 0.000521994952578, 7.77874229243e-05, 0.000133002540679, 7.34438217478e-05, 4.96637985634e-05, 3.22420091834e-05, 1.55228972289e-05, 4.59853145003e-05, 7.49202590669e-05, 5.89535702602e-05, 0.000102006175439, 6.89566004439e-05, 4.34068024333e-05, 9.89750697045e-05, 6.23043742962e-05, 8.42620065669e-05, 5.28067866981e-05, 4.07325387641e-05, 2.28638637054e-05, 1.41168557093e-05, 3.18186152981e-07, 3.43812367465e-10]
        min: [1.04082888142e-11, 2.87004170429e-11, 5.56739099267e-11, 1.25795193706e-10, 8.39220914983e-10, 1.41737621639e-09, 1.0222297453e-09, 3.35130839746e-10, 8.76184513832e-10, 1.19355114681e-09, 6.29598151392e-10, 1.48027456959e-09, 1.64341007469e-09, 5.01175101419e-09, 4.39808633956e-09, 9.67031121846e-10, 1.98452365652e-10, 1.98467062229e-10, 3.06079162016e-10, 4.56016308048e-10, 3.2116106996e-10, 5.3399340505e-10, 1.5392837005e-10, 1.06846385906e-10, 1.44437004024e-10, 2.78958349476e-11, 1.07509063907e-14]
        var: [4.97505845114e-13, 1.22129684144e-09, 1.07239230829e-08, 2.57679829474e-07, 4.80351582155e-06, 8.37552192934e-07, 1.56534998297e-08, 1.05633425562e-07, 6.98141846556e-08, 1.16379750281e-08, 5.22060439323e-09, 2.4406703325e-09, 3.35903904691e-09, 1.70103042763e-08, 7.21763449008e-09, 1.7452949308e-08, 9.40721101017e-09, 1.042888087e-08, 2.12925499454e-08, 8.2203062135e-09, 2.47533797904e-08, 4.11210336893e-08, 2.59578190054e-08, 5.48083933793e-09, 2.7140347747e-09, 1.29095735837e-12, 6.8743408323e-19]
    mfcc:
        mean: [-764.264526367, 110.110458374, -15.1840028763, 40.7806816101, 3.28408455849, -3.44801330566, -8.64175128937, -21.3538684845, -7.75453519821, -10.5186023712, -10.1562070847, -10.272942543, -14.5539674759]
        cov: [[5358.78808594, -1615.76013184, 830.167297363, 84.696975708, -349.105224609, -292.458129883, 195.304382324, -202.237121582, -110.801765442, 143.770706177, -88.2264633179, -126.621528625, -136.712356567], [-1615.76013184, 2366.56469727, -979.528381348, -322.638366699, 284.534179688, -126.609710693, -89.2036056519, -108.835243225, -67.4363632202, -62.6783370972, -4.51654005051, 33.8503112793, 11.3036575317], [830.167297363, -979.528381348, 1207.59484863, 372.262939453, -331.948394775, -52.1784477234, 99.5478668213, -29.5759544373, -25.6621379852, 63.0508155823, 36.9480018616, -80.6512756348, -102.810806274], [84.696975708, -322.638366699, 372.262939453, 567.843811035, -137.60256958, -18.0846405029, 56.3998908997, 62.003780365, 68.0289154053, 12.5597410202, 73.4680175781, -32.4900283813, -54.797088623], [-349.105224609, 284.534179688, -331.948394775, -137.60256958, 325.678771973, 28.5374412537, -66.7959899902, 49.0738487244, 44.0638275146, -42.3784217834, -38.4262962341, 44.6904678345, 34.5478782654], [-292.458129883, -126.609710693, -52.1784477234, -18.0846405029, 28.5374412537, 261.305725098, 51.4451980591, 82.6634140015, 30.654209137, 6.13884878159, 33.9475059509, 36.5293579102, 71.524520874], [195.304382324, -89.2036056519, 99.5478668213, 56.3998908997, -66.7959899902, 51.4451980591, 227.658782959, -35.9291763306, -39.4715499878, 47.54895401, 13.3538751602, -70.4559860229, -41.7905044556], [-202.237121582, -108.835243225, -29.5759544373, 62.003780365, 49.0738487244, 82.6634140015, -35.9291763306, 172.717666626, 72.6875305176, -11.2702798843, 27.0902004242, 46.0941963196, 48.7827644348], [-110.801765442, -67.4363632202, -25.6621379852, 68.0289154053, 44.0638275146, 30.654209137, -39.4715499878, 72.6875305176, 126.907669067, 5.00429296494, 19.3001022339, 34.8896446228, 18.097864151], [143.770706177, -62.6783370972, 63.0508155823, 12.5597410202, -42.3784217834, 6.13884878159, 47.54895401, -11.2702798843, 5.00429296494, 97.0697021484, 13.1583118439, -14.206120491, 5.87365198135], [-88.2264633179, -4.51654005051, 36.9480018616, 73.4680175781, -38.4262962341, 33.9475059509, 13.3538751602, 27.0902004242, 19.3001022339, 13.1583118439, 96.0412902832, 11.0058889389, -1.36886501312], [-126.621528625, 33.8503112793, -80.6512756348, -32.4900283813, 44.6904678345, 36.5293579102, -70.4559860229, 46.0941963196, 34.8896446228, -14.206120491, 11.0058889389, 103.528076172, 56.3211975098], [-136.712356567, 11.3036575317, -102.810806274, -54.797088623, 34.5478782654, 71.524520874, -41.7905044556, 48.7827644348, 18.097864151, 5.87365198135, -1.36886501312, 56.3211975098, 103.85684967]]
        icov: [[0.000306308735162, 0.000246986222919, 2.09787849599e-05, 8.61114385771e-05, 4.19632924604e-05, 0.000466321071144, -0.000255642284174, 0.000172948624822, 9.26649081521e-05, -0.000229243436479, 9.13048133953e-05, -0.000178710761247, 1.82561161637e-05], [0.000246986222919, 0.00095021573361, 0.000614025688265, 3.74023220502e-05, -0.000238764085225, 0.000769544800278, -0.000180936462129, 0.000538671796676, 0.000495079322718, -0.000154228706378, -0.00053580495296, -0.000247721007327, 0.00012262861128], [2.09787849599e-05, 0.000614025688265, 0.00188249186613, -0.000681572011672, 0.000876370060723, 0.000115390153951, 0.00020885244885, 0.000111918860057, 0.00065979687497, -0.00062686210731, 8.64093526616e-05, -0.000193263069377, 0.00115160620771], [8.61114385771e-05, 3.74023220502e-05, -0.000681572011672, 0.00303283263929, 0.0006257983041, 0.000809258082882, -0.000838346139062, -0.00106009864248, -0.00174284691457, 0.000782003393397, -0.00140309578273, 0.000480221759062, 0.000410432781791], [4.19632924604e-05, -0.000238764085225, 0.000876370060723, 0.0006257983041, 0.00527799315751, -0.00038869358832, 0.000210810059798, -0.0011682723416, -0.0015817580279, 0.00088656693697, 0.00203609257005, -0.000566042144783, 0.000983791425824], [0.000466321071144, 0.000769544800278, 0.000115390153951, 0.000809258082882, -0.00038869358832, 0.0076723783277, -0.00365778105333, -0.00150129839312, -0.000464217941044, 0.00106804689858, -0.00216605956666, -0.000739824376069, -0.00445676315576], [-0.000255642284174, -0.000180936462129, 0.00020885244885, -0.000838346139062, 0.000210810059798, -0.00365778105333, 0.00826488155872, 0.000512977712788, 0.00198498973623, -0.00319803669117, 7.4132316513e-05, 0.00355425965972, 0.00288972421549], [0.000172948624822, 0.000538671796676, 0.000111918860057, -0.00106009864248, -0.0011682723416, -0.00150129839312, 0.000512977712788, 0.0105532556772, -0.00335702672601, 0.00118244439363, -0.00149828416761, -0.000540868844837, -0.0028158549685], [9.26649081521e-05, 0.000495079322718, 0.00065979687497, -0.00174284691457, -0.0015817580279, -0.000464217941044, 0.00198498973623, -0.00335702672601, 0.0130246281624, -0.00312479794957, -0.000498664740007, -0.00235038343817, 0.00219823257066], [-0.000229243436479, -0.000154228706378, -0.00062686210731, 0.000782003393397, 0.00088656693697, 0.00106804689858, -0.00319803669117, 0.00118244439363, -0.00312479794957, 0.0138310473412, -0.00201429100707, 0.00170856446493, -0.004556435626], [9.13048133953e-05, -0.00053580495296, 8.64093526616e-05, -0.00140309578273, 0.00203609257005, -0.00216605956666, 7.4132316513e-05, -0.00149828416761, -0.000498664740007, -0.00201429100707, 0.0142299747095, -0.00269328150898, 0.00292068580166], [-0.000178710761247, -0.000247721007327, -0.000193263069377, 0.000480221759062, -0.000566042144783, -0.000739824376069, 0.00355425965972, -0.000540868844837, -0.00235038343817, 0.00170856446493, -0.00269328150898, 0.0179188530892, -0.00720407627523], [1.82561161637e-05, 0.00012262861128, 0.00115160620771, 0.000410432781791, 0.000983791425824, -0.00445676315576, 0.00288972421549, -0.0028158549685, 0.00219823257066, -0.004556435626, 0.00292068580166, -0.00720407627523, 0.020043220371]]
    spectral_contrast:
        mean: [2.04753632715e-07, -2.46650273539e-07, 3.15877146662e-09, 6.02226677415e-08, 2.36066668435e-07, 4.07481536513e-07, 3.42324983649e-06, 4.40991982487e-07, 5.26416158664e-07, -2.35671819837e-07, -5.55394444746e-06, -4.9595460041e-06]
        var: [0.000497634289786, 0.00114970665891, 0.00132011307869, 0.00411022733897, 0.00446398044005, 0.0127249807119, 0.0990051031113, 0.195929676294, 0.299433320761, 0.535721302032, 0.975484073162, 2.738925457]

rhythm:
    beats_loudness:
        dmean: 0.00266840076074
        dmean2: 0.00379142723978
        dvar: 3.46368437931e-06
        dvar2: 7.46108707972e-06
        max: 0.0133120380342
        mean: 0.00515157682821
        min: 0.000936152879149
        var: 1.05288690975e-05
    beats_loudness_bass:
        dmean: 0.0582628250122
        dmean2: 0.103895410895
        dvar: 0.00363753177226
        dvar2: 0.00909853726625
        max: 0.204270616174
        mean: 0.057041876018
        min: 0.00402063224465
        var: 0.00389031530358
    bpm: 124.870826721
    bpm_confidence: 0
    first_peak_bpm: 123
    first_peak_spread: 0.449999988079
    first_peak_weight: 0.550000011921
    onset_rate: 4.375
    second_peak_bpm: 0
    second_peak_spread: 0
    second_peak_weight: 0
    beats_position: [0.215343981981, 0.701434910297, 1.18752586842, 1.67361676693, 2.15970754623, 2.64579844475, 3.13188958168, 3.61798048019, 4.10407114029, 4.59016227722, 5.07625293732, 5.56234407425, 6.06174945831, 6.54104948044, 7.02034902573, 7.49964857101, 7.9789481163, 8.45824813843, 8.93754768372, 9.41684818268, 9.89614772797]
    bpm_estimates: [123.870651245, 122.999809265, 124.926551819, 124.659217834, 127.354660034, 126.498970032, 124.5181427, 124.677139282, 124.573867798, 124.705734253, 124.794387817]
    bpm_intervals: [0.486090928316, 0.486090958118, 0.486090898514, 0.486090779305, 0.486090898514, 0.486091136932, 0.486090898514, 0.486090660095, 0.486091136932, 0.486090660095, 0.486091136932, 0.499405384064, 0.479300022125, 0.479299545288, 0.479299545288, 0.479299545288, 0.479300022125, 0.479299545288, 0.479300498962, 0.479299545288]
    onset_times: [0.0464399084449, 0.150929704309, 0.592108845711, 0.696598649025, 0.789478480816, 1.14938771725, 1.369977355, 1.66022670269, 1.78793644905, 1.92725622654, 2.2523355484, 2.56580495834, 3.09986400604, 3.29723358154, 3.44816327095, 3.55265307426, 3.76163268089, 3.80807256699, 4.051882267, 4.29569149017, 4.55111122131, 4.7833108902, 4.87619066238, 5.50312948227, 5.7701587677, 6.00235843658, 6.23455762863, 6.72217702866, 6.96598625183, 7.2330160141, 7.4884352684, 7.53487539291, 7.60453510284, 7.90639448166, 8.18503379822, 8.39401340485, 8.66104316711, 8.90485286713, 9.17188167572, 9.32281208038, 9.35764217377, 9.70594120026, 9.85687065125, 9.98458003998]
    rubato_start: []
    rubato_stop: []
    perceptual_tempo: "unknown"

sfx:
    inharmonicity:
        dmean: 0.034462403506
        dmean2: 0.0630374923348
        dvar: 0.00321255484596
        dvar2: 0.00892038457096
        max: 0.382091075182
        mean: 0.0326098464429
        min: 0
        var: 0.00283756153658
    oddtoevenharmonicenergyratio:
        dmean: 5.38292598724
        dmean2: 10.1752920151
        dvar: 1008.5020752
        dvar2: 2954.86206055
        max: 418.920898438
        mean: 3.32854580879
        min: 0
        var: 547.458129883
    pitch_after_max_to_before_max_energy_ratio: 28.709104538
    pitch_centroid: 213.755752563
    pitch_max_to_total: 0.0138248847798
    pitch_min_to_total: 0.527649760246
    tristimulus:
        dmean: [0.196518778801, 0.221305266023, 0.0863259583712]
        dmean2: [0.339371114969, 0.381432712078, 0.150973021984]
        dvar: [0.0410992130637, 0.0441417954862, 0.0127116777003]
        dvar2: [0.106518648565, 0.123138472438, 0.0354529097676]
        max: [1, 0.972681820393, 0.688271641731]
        mean: [0.512335658073, 0.366197705269, 0.0985749363899]
        min: [0.0152372531593, 0, 0]
        var: [0.0841747969389, 0.0669239163399, 0.0161181446165]

tonal:
    chords_changes_rate: 0.110091745853
    chords_number_rate: 0.0229357797652
    chords_strength:
        dmean: 0.0114985750988
        dmean2: 0.00985422730446
        dvar: 9.29219750105e-05
        dvar2: 7.80973641668e-05
        max: 0.723953545094
        mean: 0.563868165016
        min: 0.321856290102
        var: 0.0108984960243
    key_strength: 0.85527151823
    tuning_diatonic_strength: 0.688335597515
    tuning_equal_tempered_deviation: 0.0543346814811
    tuning_frequency: 438.224517822
    tuning_nontempered_energy_ratio: 0.710603475571
    hpcp:
        dmean: [0.196615293622, 0.174395576119, 0.160157099366, 0.118908159435, 0.0670123025775, 0.0510917007923, 0.0558689087629, 0.0912796929479, 0.134202435613, 0.175586774945, 0.15409976244, 0.062181185931, 0.0568345449865, 0.0587455555797, 0.0731607526541, 0.0787206143141, 0.0824105069041, 0.0538520179689, 0.0426305420697, 0.0541180633008, 0.0815253332257, 0.128535211086, 0.122752316296, 0.123828418553, 0.149488285184, 0.115828126669, 0.0653634518385, 0.0546545907855, 0.0633500143886, 0.0898640602827, 0.106211684644, 0.0887162089348, 0.0514928288758, 0.0556346550584, 0.0784678980708, 0.149396046996]
        dmean2: [0.337205737829, 0.284094452858, 0.286378145218, 0.204881072044, 0.111164912581, 0.0889382511377, 0.100658096373, 0.161785319448, 0.217958256602, 0.313941121101, 0.258768349886, 0.104755409062, 0.102239243686, 0.105687506497, 0.123870499432, 0.136674046516, 0.138418063521, 0.0954665765166, 0.0757868811488, 0.0963841304183, 0.138858348131, 0.219627559185, 0.212181121111, 0.210404202342, 0.250283032656, 0.205243676901, 0.121767051518, 0.103310830891, 0.115415006876, 0.148470580578, 0.176869854331, 0.157409489155, 0.0890504643321, 0.092045918107, 0.134895727038, 0.251819908619]
        dvar: [0.0590973570943, 0.0445149466395, 0.0534667037427, 0.0505942218006, 0.0164061207324, 0.0162531416863, 0.0151774780825, 0.0339665487409, 0.0321042984724, 0.0615373104811, 0.0385592281818, 0.00972579512745, 0.0187947899103, 0.0193719249219, 0.0230886843055, 0.0208971835673, 0.0213054101914, 0.0122891878709, 0.0122269419953, 0.0242390502244, 0.0163631550968, 0.0324183665216, 0.0286384988576, 0.0371818803251, 0.0492850579321, 0.0352258123457, 0.0330611653626, 0.0307462438941, 0.027049086988, 0.0298238620162, 0.037246439606, 0.0271499976516, 0.0117021696642, 0.0161027926952, 0.0247755087912, 0.0471146851778]
        dvar2: [0.13684438169, 0.0971807986498, 0.128248348832, 0.128025710583, 0.0340924710035, 0.0407479070127, 0.0401036813855, 0.0982415825129, 0.0828688517213, 0.13932697475, 0.0975729972124, 0.025047717616, 0.0523466840386, 0.0552037768066, 0.0550411306322, 0.0514410249889, 0.0498312525451, 0.0311974361539, 0.0257728938013, 0.0580768659711, 0.0445237644017, 0.0860813185573, 0.0744867175817, 0.0936425253749, 0.127929016948, 0.0927828624845, 0.0970425307751, 0.0916204750538, 0.0758726000786, 0.0722635388374, 0.0744521617889, 0.0701139643788, 0.0270786006004, 0.039833124727, 0.0627077594399, 0.112316742539]
        max: [1, 1, 1, 1, 1, 1, 1, 1, 1, 1, 1, 0.769210875034, 0.934783697128, 1, 1, 1, 1, 0.767001211643, 0.815648019314, 1, 0.919832527637, 1, 1, 1, 1, 1, 1, 1, 1, 1, 1, 1, 1, 1, 1, 1]
        mean: [0.326217085123, 0.265400856733, 0.1627497226, 0.144701331854, 0.0931239724159, 0.0552540533245, 0.0621088668704, 0.0937590524554, 0.259675651789, 0.411271125078, 0.260179549456, 0.073578864336, 0.0518732778728, 0.0506135448813, 0.0897682085633, 0.136834219098, 0.102964647114, 0.0512395948172, 0.045450527221, 0.0510086305439, 0.106064841151, 0.193204715848, 0.165670290589, 0.16898162663, 0.233616471291, 0.148463577032, 0.0509846881032, 0.0373664200306, 0.0552950128913, 0.133085921407, 0.185317263007, 0.11555635184, 0.0511425323784, 0.0546839646995, 0.0774667784572, 0.194665595889]
        min: [0.00215498567559, 0.000901946856175, 0, 0.000392811722122, 0.000366471940652, 0.000318649574183, 0.000393055001041, 0.00041914373287, 0.000732482702006, 0.000476521323435, 0.000289485207759, 0.000353189709131, 0.000387606938602, 0.000301267427858, 0.000148742110468, 0.000235138839344, 0.000225387775572, 0.000281520769931, 0.000186762947123, 0.000109982749564, 0.000148455030285, 0.000295986101264, 0.000323708431097, 0.000317489582812, 0.000209945588722, 0.000257538573351, 0, 0.000187370038475, 0.000136822360219, 0.000396480900235, 0.000570766918827, 0.000398771197069, 0.000302367901895, 0.000243783943006, 0.00017031331663, 0.00108419079334]
        var: [0.12086495012, 0.0901572555304, 0.0592700205743, 0.0697071328759, 0.032055888325, 0.0141809098423, 0.0150640066713, 0.0303987823427, 0.0832353234291, 0.166102543473, 0.0921410992742, 0.0139477038756, 0.0148068396375, 0.0136612039059, 0.0312517993152, 0.0603707171977, 0.0324399210513, 0.0120679158717, 0.0135409329087, 0.0206492077559, 0.0222386159003, 0.057784460485, 0.0408612824976, 0.054022219032, 0.0907507762313, 0.0456108041108, 0.0189030468464, 0.0174861736596, 0.0216426830739, 0.0485846064985, 0.0835032910109, 0.0364072173834, 0.011288578622, 0.0144595140591, 0.0230423249304, 0.0673474743962]
    chords_histogram: [52.7522926331, 0.917431175709, 10.0917434692, 0, 0, 0, 8.71559619904, 0, 0, 0, 0, 0, 0, 0, 0, 0, 0, 0, 0, 0, 0, 0, 4.58715581894, 22.9357795715]
    thpcp: [1, 0.63262295723, 0.178905978799, 0.126129150391, 0.1230661273, 0.218270152807, 0.332710504532, 0.250357091427, 0.124588362873, 0.110512323678, 0.12402677536, 0.257895171642, 0.469774574041, 0.402824997902, 0.410876452923, 0.568035185337, 0.360987126827, 0.123968556523, 0.0908559262753, 0.13444904983, 0.323596566916, 0.45059633255, 0.280973643064, 0.124352350831, 0.132963299751, 0.18835939467, 0.473326683044, 0.793192267418, 0.645318508148, 0.395723670721, 0.351839274168, 0.226429641247, 0.13434946537, 0.151016846299, 0.22797383368, 0.631397724152]
    chords_key: "F"
    chords_scale: "major"
    key_key: "F"
    key_scale: "major"
    chords_progression: ["C", "C", "C", "C", "C", "C", "C", "C", "F", "F", "C", "F", "F", "F", "C", "C", "C", "C", "C", "C", "F", "F", "F", "F", "F", "F", "F", "F", "F", "F", "F", "F", "F", "F", "F", "F", "F", "F", "F", "F", "F", "F", "F", "F", "F", "F", "F", "F", "F", "F", "F", "F", "F", "F", "F", "F", "F", "F", "F", "F", "F", "F", "F", "F", "F", "F", "F", "F", "F", "F", "F", "F", "F", "F", "F", "F", "F", "F", "F", "F", "F", "F", "F", "F", "F", "F", "F", "F", "F", "F", "F", "F", "F", "F", "F", "F", "F", "F", "F", "Dm", "Dm", "Dm", "Dm", "Dm", "Dm", "Dm", "Dm", "Dm", "Dm", "Dm", "Dm", "Dm", "A#", "A#", "A#", "A#", "A#", "A#", "A#", "A#", "A#", "A#", "D", "D", "D", "Dm", "D", "D", "Dm", "Dm", "D", "D", "D", "D", "Dm", "Dm", "Dm", "D", "D", "D", "D", "D", "D", "D", "D", "F", "F", "F", "D", "F", "F", "F", "F", "F", "F", "F", "F", "F", "F", "F", "F", "F", "F", "F", "F", "F", "F", "F", "F", "F", "F", "F", "Dm", "Dm", "Dm", "Dm", "Dm", "Dm", "Dm", "Dm", "Dm", "Dm", "Dm", "Dm", "Dm", "Dm", "Dm", "Dm", "Dm", "Dm", "Dm", "Dm", "Dm", "Dm", "Dm", "Dm", "F", "F", "F", "F", "F", "Dm", "Dm", "Dm", "D", "Dm", "Dm", "Dm", "Dm", "Am", "Am", "C", "C", "C", "C", "C", "C", "C"]
