
metadata:
    version:
        essentia: "1.2.2"
    audio_properties:
        analysis_sample_rate: 44100
        bitrate: 128
        channels: 2
        equal_loudness: 1
        length: 10.0571432114
        replay_gain: -16.3250694275
        downmix: "mix"
    tags:
        track: 24
        year: 0
        album: "Splitted by Mp3Splt v. 2.1"
        artist: "From 003.50 To 004.00"
        comment: "http://mp3splt.sf.net"
        genre: ""
        title: "05 The Twelve Steps.mp3"

highlevel:
    ballroom:
        all:
            ChaChaCha: 0.0544410422444
            Jive: 0.247080355883
            Quickstep: 0.0578972771764
            Rumba-American: 0.0302327387035
            Rumba-International: 0.077271476388
            Rumba-Misc: 0.0685854777694
            Samba: 0.104943990707
            Tango: 0.0313628837466
            VienneseWaltz: 0.173727780581
            Waltz: 0.154456958175
        probability: 0.247080355883
        value: "Jive"
    culture:
        all:
            non_western: 0.0492401272058
            western: 0.950759887695
        probability: 0.950759887695
        value: "western"
    gender:
        all:
            female: 0.350986599922
            male: 0.649013400078
        probability: 0.649013400078
        value: "male"
    genre_dortmund:
        all:
            alternative: 0.158825114369
            blues: 0.00236923969351
            electronic: 0.0609194599092
            folkcountry: 0.0653426423669
            funksoulrnb: 0.0171724110842
            jazz: 0.00400869455189
            pop: 0.0542634092271
            raphiphop: 0.00144147058018
            rock: 0.635657548904
        probability: 0.635657548904
        value: "rock"
    genre_electronica:
        all:
            ambient: 0.343231886625
            dnb: 0.177252411842
            house: 0.00600752886385
            techno: 0.018014524132
            trance: 0.455493658781
        probability: 0.455493658781
        value: "trance"
    genre_rosamerica:
        all:
            cla: 0.0413492284715
            dan: 0.00770961446688
            hip: 0.00365402782336
            jaz: 0.00398108689114
            pop: 0.0103449635208
            rhy: 0.00213075545616
            roc: 0.929502725601
            spe: 0.0013275987003
        probability: 0.929502725601
        value: "roc"
    genre_tzanetakis:
        all:
            blu: 0.0303019601852
            cla: 0.15626180172
            cou: 0.119872055948
            dis: 0.0348193868995
            hip: 0.0143125653267
            jaz: 0.0376097075641
            met: 0.158790528774
            pop: 0.033484749496
            reg: 0.0167263448238
            roc: 0.39782088995
        probability: 0.39782088995
        value: "roc"
    live_studio:
        all:
            live: 0.0984140411019
            studio: 0.901585936546
        probability: 0.901585936546
        value: "studio"
    mood:
        all:
            Cluster1: 0.597769618034
            Cluster2: 0.061411794275
            Cluster3: 0.00952588487417
            Cluster4: 0.128346979618
            Cluster5: 0.202945753932
        probability: 0.597769618034
        value: "Cluster1"
    mood_acoustic:
        all:
            acoustic: 0.028732214123
            not_acoustic: 0.9712677598
        probability: 0.9712677598
        value: "not_acoustic"
    mood_aggressive:
        all:
            aggressive: 0.994926333427
            not_aggressive: 0.00507369078696
        probability: 0.994926333427
        value: "aggressive"
    mood_electronic:
        all:
            electronic: 0.27920499444
            not_electronic: 0.720794975758
        probability: 0.720794975758
        value: "not_electronic"
    mood_happy:
        all:
            happy: 0.306312888861
            not_happy: 0.693687081337
        probability: 0.693687081337
        value: "not_happy"
    mood_party:
        all:
            not_party: 0.408213615417
            party: 0.591786384583
        probability: 0.591786384583
        value: "party"
    mood_relaxed:
        all:
            not_relaxed: 0.259623497725
            relaxed: 0.740376472473
        probability: 0.740376472473
        value: "relaxed"
    mood_sad:
        all:
            not_sad: 3.00000096379e-14
            sad: 1
        probability: 1
        value: "sad"
    rhythm:
        all:
            fast: 0.599492609501
            medium: 0.300988763571
            slow: 0.0995186418295
        probability: 0.599492609501
        value: "fast"
    speech_music:
        all:
            music: 3.00000096379e-14
            speech: 1
        probability: 1
        value: "speech"
    timbre:
        all:
            bright: 0.267708957195
            dark: 0.732291042805
        probability: 0.732291042805
        value: "dark"
    voice_instrumental:
        all:
            instrumental: 0.569955527782
            voice: 0.430044442415
        probability: 0.569955527782
        value: "instrumental"

lowlevel:
    average_loudness: 0.985771775246
    barkbands_kurtosis:
        dmean: 0.44829621911
        dmean2: 0.740016877651
        dvar: 0.232624843717
        dvar2: 0.528974115849
        max: 3.64260435104
        mean: -0.847356617451
        min: -1.68414032459
        var: 0.451769560575
    barkbands_skewness:
        dmean: 0.255626499653
        dmean2: 0.41884252429
        dvar: 0.0419504456222
        dvar2: 0.10709875077
        max: 0.355866849422
        mean: -0.545417129993
        min: -2.06659269333
        var: 0.122909829021
    barkbands_spread:
        dmean: 3.38011717796
        dmean2: 5.50659990311
        dvar: 7.8170542717
        dvar2: 18.2079563141
        max: 40.9656867981
        mean: 27.5698127747
        min: 13.7672262192
        var: 20.862077713
    dissonance:
        dmean: 0.0114700943232
        dmean2: 0.0182756315917
        dvar: 0.000489832600579
        dvar2: 0.000627103843726
        max: 0.499783545732
        mean: 0.478169977665
        min: 0.05535081774
        var: 0.000589087838307
    hfc:
        dmean: 2.47789144516
        dmean2: 3.70948624611
        dvar: 7.68450927734
        dvar2: 14.9936647415
        max: 37.7753143311
        mean: 14.6582527161
        min: 7.61934643378e-06
        var: 21.3709487915
    pitch:
        dmean: 769.543884277
        dmean2: 1477.34094238
        dvar: 1505760.375
        dvar2: 3695867.75
        max: 4410
        mean: 883.567321777
        min: 95.8695678711
        var: 1593443.5
    pitch_instantaneous_confidence:
        dmean: 0.0635455027223
        dmean2: 0.104942642152
        dvar: 0.00269284821115
        dvar2: 0.00707148434594
        max: 0.560711324215
        mean: 0.299819111824
        min: 0.139387249947
        var: 0.00494168139994
    pitch_salience:
        dmean: 0.0415112003684
        dmean2: 0.0683838427067
        dvar: 0.00120965740643
        dvar2: 0.00266433227807
        max: 0.965606689453
        mean: 0.695413291454
        min: 0.562418699265
        var: 0.00247387494892
    silence_rate_20dB:
        dmean: 0
        dmean2: 0
        dvar: 0
        dvar2: 0
        max: 1
        mean: 1
        min: 1
        var: 0
    silence_rate_30dB:
        dmean: 0
        dmean2: 0
        dvar: 0
        dvar2: 0
        max: 1
        mean: 1
        min: 1
        var: 0
    silence_rate_60dB:
        dmean: 0.00921658985317
        dmean2: 0.0184757504612
        dvar: 0.00913158804178
        dvar2: 0.0227533727884
        max: 1
        mean: 0.0137931033969
        min: 0
        var: 0.0136028621346
    spectral_centroid:
        dmean: 182.633239746
        dmean2: 291.609405518
        dvar: 21463.6757812
        dvar2: 53387.8007812
        max: 3272.28076172
        mean: 2087.27856445
        min: 1354.36083984
        var: 70803.1953125
    spectral_complexity:
        dmean: 4.01385688782
        dmean2: 6.53240728378
        dvar: 10.0229063034
        dvar2: 23.6933917999
        max: 48
        mean: 29.8986167908
        min: 0
        var: 30.4044818878
    spectral_crest:
        dmean: 1.19806587696
        dmean2: 2.00577330589
        dvar: 0.979820907116
        dvar2: 2.40291118622
        max: 12.0891561508
        mean: 4.74368476868
        min: 2.56265592575
        var: 1.64516866207
    spectral_decrease:
        dmean: 2.12912271147e-10
        dmean2: 3.2449515297e-10
        dvar: 3.72066679632e-20
        dvar2: 6.93198614446e-20
        max: -7.85268628229e-16
        mean: -1.49308954089e-09
        min: -2.65065280836e-09
        var: 1.11226530874e-19
    spectral_energy:
        dmean: 0.000986078870483
        dmean2: 0.00149246130604
        dvar: 8.83982863797e-07
        dvar2: 1.60421348028e-06
        max: 0.013270361349
        mean: 0.0069648087956
        min: 3.65489127852e-09
        var: 2.63389188149e-06
    spectral_energyband_high:
        dmean: 0.000213924446143
        dmean2: 0.000336071825586
        dvar: 8.47687360306e-08
        dvar2: 2.02387056447e-07
        max: 0.00438080821186
        mean: 0.000683629361447
        min: 3.4694611073e-10
        var: 1.73252232116e-07
    spectral_energyband_low:
        dmean: 5.17978296557e-05
        dmean2: 8.50990836625e-05
        dvar: 2.09192529965e-09
        dvar2: 5.55248202971e-09
        max: 0.000421682314482
        mean: 9.65664003161e-05
        min: 2.39177844197e-10
        var: 3.61336471855e-09
    spectral_energyband_middle_high:
        dmean: 0.000779688765761
        dmean2: 0.00122286146507
        dvar: 5.85802524711e-07
        dvar2: 1.18371531244e-06
        max: 0.01142143365
        mean: 0.00444018328562
        min: 2.73620948121e-09
        var: 1.51055178321e-06
    spectral_energyband_middle_low:
        dmean: 0.000536235806067
        dmean2: 0.000854697020259
        dvar: 2.05648717611e-07
        dvar2: 5.13470240548e-07
        max: 0.0041639613919
        mean: 0.00174443237484
        min: 2.82180001587e-10
        var: 5.32274839316e-07
    spectral_flatness_db:
        dmean: 0.00960989110172
        dmean2: 0.0157253406942
        dvar: 6.81288220221e-05
        dvar2: 0.000162553784321
        max: 0.175311461091
        mean: 0.136262625456
        min: 0.0564188882709
        var: 0.000164178476552
    spectral_flux:
        dmean: 0.0055787647143
        dmean2: 0.00871797092259
        dvar: 2.88983173959e-05
        dvar2: 5.38678177691e-05
        max: 0.0837264060974
        mean: 0.0507872328162
        min: 6.04556953476e-05
        var: 7.22276672604e-05
    spectral_kurtosis:
        dmean: 1.04154884815
        dmean2: 1.79912436008
        dvar: 0.936568021774
        dvar2: 2.17066311836
        max: 14.6218013763
        mean: 4.03056812286
        min: 1.38972473145
        var: 1.66747295856
    spectral_rms:
        dmean: 0.000187785131857
        dmean2: 0.000277092447504
        dvar: 3.79667000061e-08
        dvar2: 5.39106217445e-08
        max: 0.00359815149568
        mean: 0.00258508464321
        min: 1.88831870673e-06
        var: 1.12278797815e-07
    spectral_rolloff:
        dmean: 200.015060425
        dmean2: 324.543243408
        dvar: 32330.0332031
        dvar2: 71358.0234375
        max: 5146.43554688
        mean: 3610.7824707
        min: 2648.58398438
        var: 98710.03125
    spectral_skewness:
        dmean: 0.141192600131
        dmean2: 0.230250060558
        dvar: 0.0209133699536
        dvar2: 0.0420569330454
        max: 3.04097795486
        mean: 1.33412992954
        min: 0.571637809277
        var: 0.046851400286
    spectral_spread:
        dmean: 297716.59375
        dmean2: 400994.96875
        dvar: 642407727104
        dvar2: 473090686976
        max: 26056210
        mean: 3868936.5
        min: 2814485
        var: 1.64511626035e+12
    spectral_strongpeak:
        dmean: 0.709878385067
        dmean2: 1.258431077
        dvar: 0.702464282513
        dvar2: 1.90792608261
        max: 7.20881557465
        mean: 0.974800229073
        min: 0
        var: 0.778403282166
    zerocrossingrate:
        dmean: 0.00554362731054
        dmean2: 0.00696026859805
        dvar: 3.0550017982e-05
        dvar2: 3.71491260012e-05
        max: 0.15576171875
        mean: 0.111738778651
        min: 0.0087890625
        var: 0.000136330418172
    barkbands:
        dmean: [4.90392615404e-08, 2.64362206508e-05, 3.29962203978e-05, 6.6872809839e-05, 0.00021030951757, 0.000225696887355, 0.000164572367794, 0.000267080729827, 7.16174690751e-05, 8.69720388437e-05, 7.93820363469e-05, 0.000135097230668, 0.000150240870425, 0.000134948568302, 0.000240499706706, 0.000160535404575, 0.000281397835352, 0.000323943735566, 0.000250939658144, 0.000256088766037, 0.000107203763037, 2.24289815378e-05, 3.14606518259e-06, 1.09320353658e-06, 5.69284566154e-07, 3.74291069249e-08, 1.56325370426e-08]
        dmean2: [8.45767047508e-08, 4.30820982729e-05, 5.62962341064e-05, 0.000114856149594, 0.000347393885022, 0.000381606601877, 0.000270862365142, 0.000427855964517, 0.000116989009257, 0.000135542170028, 0.000120969947602, 0.000222647111514, 0.000237441636273, 0.000218647095608, 0.000398859876441, 0.000270485237706, 0.000449079845566, 0.000516828440595, 0.000415361166233, 0.00039725197712, 0.000173370732227, 3.52882379957e-05, 4.672119303e-06, 1.73034356976e-06, 8.6225583118e-07, 5.58075754498e-08, 2.36478854276e-08]
        dvar: [2.80155808491e-15, 5.15429254833e-10, 1.38697631158e-09, 6.87520662623e-09, 3.87409286873e-08, 5.11941244952e-08, 2.71050009104e-08, 1.20512041235e-07, 7.48497086533e-09, 7.4017036944e-09, 1.08135465027e-08, 1.94671265774e-08, 2.66988742226e-08, 1.77858296979e-08, 5.38802602534e-08, 3.3733329019e-08, 6.58500027839e-08, 1.41189133274e-07, 5.80798413807e-08, 1.12608027791e-07, 2.81640613053e-08, 2.33477615019e-09, 2.15825812083e-11, 2.73672642707e-12, 6.87952190874e-13, 4.86334910332e-14, 4.97486336252e-14]
        dvar2: [7.94386461451e-15, 1.50901136031e-09, 3.56039731031e-09, 1.79427637192e-08, 1.05587815824e-07, 1.40354416089e-07, 6.80193394942e-08, 3.22825457033e-07, 1.81910291275e-08, 1.94113312091e-08, 2.03015808609e-08, 4.66632634755e-08, 6.33360244251e-08, 4.71154422144e-08, 1.48017861079e-07, 9.10243826979e-08, 1.78421387886e-07, 3.12454119467e-07, 1.46891125041e-07, 2.25575860213e-07, 6.61639063537e-08, 5.9753451076e-09, 4.92849754063e-11, 7.10920948846e-12, 1.59528640298e-12, 1.21875342392e-13, 1.24743070691e-13]
        max: [4.10699385611e-07, 0.000152268912643, 0.000346112326952, 0.000817123102024, 0.00174300372601, 0.0016735419631, 0.00182973220944, 0.00298677850515, 0.00114561361261, 0.000864279107191, 0.0017753043212, 0.00121958879754, 0.00142311316449, 0.00132802140433, 0.00184902222827, 0.00223520956933, 0.00222160783596, 0.00594175979495, 0.00220855814405, 0.00422512041405, 0.00240237638354, 0.000869235838763, 7.26054786355e-05, 2.06376244023e-05, 7.71823579271e-06, 3.25929840983e-06, 3.29204635818e-06]
        mean: [6.01696115154e-08, 4.37327616964e-05, 5.27749070898e-05, 9.33591581997e-05, 0.000403035490308, 0.000397205847548, 0.000271744356724, 0.00043223213288, 0.000121652330563, 0.00015478709247, 0.000158186172484, 0.00022815594275, 0.000325716886437, 0.000254051643424, 0.000460953859147, 0.000338525656844, 0.000641720544081, 0.000826452916954, 0.000703322293703, 0.00070101430174, 0.000283939065412, 5.85013112868e-05, 9.01195107872e-06, 3.13211648972e-06, 1.47959269725e-06, 6.03238419217e-08, 8.06818434285e-09]
        min: [7.29851248882e-11, 1.27954369322e-10, 6.18568044009e-11, 4.5542465632e-11, 7.485707193e-11, 4.43229064562e-11, 2.12195695043e-11, 4.2651234107e-12, 7.08696157314e-11, 1.85282234e-10, 2.79285511384e-10, 4.13513723263e-10, 2.37785124924e-10, 8.47008296834e-11, 1.37363065367e-10, 1.22150456416e-10, 3.09140352206e-10, 3.02509045591e-10, 5.58194268585e-10, 3.34707817018e-10, 1.0896504532e-10, 2.31394625683e-11, 4.94256024997e-12, 1.45686631162e-12, 6.08589133949e-13, 3.1348984823e-13, 2.19933961451e-13]
        var: [2.8670881536e-15, 8.43368763714e-10, 1.76490377868e-09, 9.70199476313e-09, 8.42200904572e-08, 1.02251448197e-07, 4.03083575407e-08, 2.0515473409e-07, 1.11866720331e-08, 1.70136473798e-08, 4.50734525259e-08, 3.57804950113e-08, 7.53124922426e-08, 3.02694687093e-08, 1.08108388019e-07, 5.39131619348e-08, 1.18755366429e-07, 3.00790304664e-07, 1.10548512566e-07, 2.3240360747e-07, 5.96262310637e-08, 3.18680104527e-09, 5.1858826261e-11, 4.72231368592e-12, 1.40459627436e-12, 2.5518742867e-14, 2.49067581745e-14]
    mfcc:
        mean: [-661.105651855, 100.739250183, -71.9478759766, 48.7209472656, -16.9195728302, -6.40796756744, -4.63683986664, -12.7770786285, -7.19302940369, -4.88741636276, -0.969920635223, -0.41956564784, -2.57248282433]
        cov: [[2130.34521484, -31.992980957, 21.0233020782, 20.5094833374, -43.689655304, -44.3896141052, -94.4301223755, -93.1167755127, -24.0017414093, 4.66464710236, 31.646686554, 12.4933605194, -17.6610336304], [-31.992980957, 153.959884644, -27.9870452881, 13.0748434067, 11.8604984283, -7.56169033051, 4.50278043747, 8.55506229401, 1.83967578411, 9.99364376068, 1.3394973278, 3.65163111687, -5.54821205139], [21.0233020782, -27.9870452881, 84.4945983887, 2.14601182938, 2.18571972847, 4.12704229355, -6.10025835037, -1.86100721359, -1.03326368332, -8.93082904816, -6.64981365204, -8.45534896851, -1.17511844635], [20.5094833374, 13.0748434067, 2.14601182938, 56.8488273621, 17.1991081238, 3.95494198799, -4.96719551086, -7.20299625397, -8.35789966583, -2.53540635109, -3.35609292984, 4.46491527557, -1.02743732929], [-43.689655304, 11.8604984283, 2.18571972847, 17.1991081238, 69.7474441528, 12.1855735779, 2.25915575027, -5.15944194794, -8.29584503174, 7.77768945694, 1.71192288399, -4.15486860275, 3.58787631989], [-44.3896141052, -7.56169033051, 4.12704229355, 3.95494198799, 12.1855735779, 59.2924003601, 13.6861629486, 0.902145862579, -3.46224737167, 1.08676314354, 5.38007688522, 0.691051483154, 2.11518931389], [-94.4301223755, 4.50278043747, -6.10025835037, -4.96719551086, 2.25915575027, 13.6861629486, 74.5413208008, 33.8881607056, 4.72499322891, 3.52967357635, -6.93028831482, 1.61297345161, -1.27383863926], [-93.1167755127, 8.55506229401, -1.86100721359, -7.20299625397, -5.15944194794, 0.902145862579, 33.8881607056, 60.2384033203, 15.1906089783, 1.74445438385, -5.52907562256, -1.51543724537, 3.97567749023], [-24.0017414093, 1.83967578411, -1.03326368332, -8.35789966583, -8.29584503174, -3.46224737167, 4.72499322891, 15.1906089783, 38.6325912476, 19.1246871948, 4.26334953308, -1.48461151123, -0.819409787655], [4.66464710236, 9.99364376068, -8.93082904816, -2.53540635109, 7.77768945694, 1.08676314354, 3.52967357635, 1.74445438385, 19.1246871948, 52.6214447021, 22.9317779541, 2.069678545, -0.02231891267], [31.646686554, 1.3394973278, -6.64981365204, -3.35609292984, 1.71192288399, 5.38007688522, -6.93028831482, -5.52907562256, 4.26334953308, 22.9317779541, 45.3196029663, 16.1400413513, 2.59859991074], [12.4933605194, 3.65163111687, -8.45534896851, 4.46491527557, -4.15486860275, 0.691051483154, 1.61297345161, -1.51543724537, -1.48461151123, 2.069678545, 16.1400413513, 42.2195510864, 15.7031230927], [-17.6610336304, -5.54821205139, -1.17511844635, -1.02743732929, 3.58787631989, 2.11518931389, -1.27383863926, 3.97567749023, -0.819409787655, -0.02231891267, 2.59859991074, 15.7031230927, 38.3287887573]]
        icov: [[0.000535397906788, 7.02409815858e-05, -0.00013722993026, -0.000228208024055, 0.000401044380851, 0.000310825649649, 0.000301193125779, 0.000546953233425, 0.000253210426308, -0.00016829642118, -0.000274665333563, -7.79554247856e-05, 0.000201000002562], [7.02409815858e-05, 0.00744173349813, 0.00229745940305, -0.0015365605941, -0.00120888988022, 0.00105200416874, 0.000434722780483, -0.00156888726633, 0.000387959385989, -0.00130970042665, 0.000661806494463, -0.00108795275446, 0.00177950784564], [-0.00013722993026, 0.00229745940305, 0.0132381776348, -0.000854622863699, -0.000840448134113, -0.000933237082791, 0.00116661947686, -0.000611171650235, -0.00114709569607, 0.00198205886409, 0.000499331450555, 0.00213943445124, -4.91078026243e-05], [-0.000228208024055, -0.0015365605941, -0.000854622863699, 0.0208952408284, -0.00494484975934, -0.00133037613705, 0.001753399265, 0.000368742155842, 0.00266503915191, -0.000740861170925, 0.00407671555877, -0.0051077734679, 0.0026354403235], [0.000401044380851, -0.00120888988022, -0.000840448134113, -0.00494484975934, 0.0181174371392, -0.00253298645839, -0.000847349350806, 0.0014498422388, 0.00476805167273, -0.00447118515149, -0.00052452244563, 0.00411385204643, -0.0034337490797], [0.000310825649649, 0.00105200416874, -0.000933237082791, -0.00133037613705, -0.00253298645839, 0.0194176416844, -0.00471392506734, 0.00177404342685, 0.000742096628528, 0.00139376078732, -0.00446425564587, 0.00158585584722, -0.00127428851556], [0.000301193125779, 0.000434722780483, 0.00116661947686, 0.001753399265, -0.000847349350806, -0.00471392506734, 0.020862037316, -0.0116839548573, 0.00332697946578, -0.00408659456298, 0.00561395473778, -0.00466566067189, 0.00412883516401], [0.000546953233425, -0.00156888726633, -0.000611171650235, 0.000368742155842, 0.0014498422388, 0.00177404342685, -0.0116839548573, 0.0270894709975, -0.00999094359577, 0.00367166474462, -0.000822188332677, 0.00289774895646, -0.00475863646716], [0.000253210426308, 0.000387959385989, -0.00114709569607, 0.00266503915191, 0.00476805167273, 0.000742096628528, 0.00332697946578, -0.00999094359577, 0.0389633737504, -0.0164899099618, 0.00361050385982, -0.000458673108369, 0.00163521606009], [-0.00016829642118, -0.00130970042665, 0.00198205886409, -0.000740861170925, -0.00447118515149, 0.00139376078732, -0.00408659456298, 0.00367166474462, -0.0164899099618, 0.0335560813546, -0.0170369967818, 0.00542126456276, -0.00180024863221], [-0.000274665333563, 0.000661806494463, 0.000499331450555, 0.00407671555877, -0.00052452244563, -0.00446425564587, 0.00561395473778, -0.000822188332677, 0.00361050385982, -0.0170369967818, 0.0374971069396, -0.0156055754051, 0.00457973079756], [-7.79554247856e-05, -0.00108795275446, 0.00213943445124, -0.0051077734679, 0.00411385204643, 0.00158585584722, -0.00466566067189, 0.00289774895646, -0.000458673108369, 0.00542126456276, -0.0156055754051, 0.0367727763951, -0.0152072273195], [0.000201000002562, 0.00177950784564, -4.91078026243e-05, 0.0026354403235, -0.0034337490797, -0.00127428851556, 0.00412883516401, -0.00475863646716, 0.00163521606009, -0.00180024863221, 0.00457973079756, -0.0152072273195, 0.033485699445]]
    spectral_contrast:
        mean: [-3.64803760533e-08, 1.7313158196e-07, 4.77884384509e-07, -4.50039117084e-08, 1.12548399045e-07, 3.17937207228e-07, 7.07221488483e-07, -1.21159484934e-06, -5.57351484076e-07, 1.80681729489e-06, -5.8360018329e-07, 1.29427223783e-06]
        var: [0.00034563994268, 0.00058080710005, 0.000943333550822, 0.00148537289351, 0.00208767596632, 0.00294674304314, 0.0272997133434, 0.0559490807354, 0.0853973180056, 0.10712736845, 0.135660007596, 0.933820605278]

rhythm:
    beats_loudness:
        dmean: 0.00232495949604
        dmean2: 0.00399284251034
        dvar: 3.20094932249e-06
        dvar2: 9.82116580417e-06
        max: 0.0110023608431
        mean: 0.00746305147186
        min: 0.00471137929708
        var: 3.09401980303e-06
    beats_loudness_bass:
        dmean: 0.00985198840499
        dmean2: 0.0172111168504
        dvar: 4.34823705291e-05
        dvar2: 0.000122047757031
        max: 0.0300810243934
        mean: 0.017617277801
        min: 0.00509202806279
        var: 5.04692652612e-05
    bpm: 109.782966614
    bpm_confidence: 0
    first_peak_bpm: 110
    first_peak_spread: 0
    first_peak_weight: 0.526315808296
    onset_rate: 2.38636374474
    second_peak_bpm: 123
    second_peak_spread: 0
    second_peak_weight: 0.421052634716
    beats_position: [0.20953348279, 0.756103217602, 1.30267298222, 1.84924280643, 2.39581251144, 2.94238233566, 3.48895192146, 4.03552150726, 4.58209085464, 5.12866067886, 5.67523002625, 6.02521085739, 6.51311063766, 7.00101041794, 7.48891019821, 7.97680950165, 8.46470928192, 8.95260906219, 9.44050884247, 9.92840862274]
    bpm_estimates: [109.619262695, 108.767776489, 110.961875916]
    bpm_intervals: [0.546569705009, 0.546569764614, 0.546569824219, 0.546569705009, 0.546569824219, 0.5465695858, 0.5465695858, 0.546569347382, 0.546569824219, 0.546569347382, 0.349980831146, 0.487899780273, 0.487899780273, 0.487899780273, 0.487899303436, 0.487899780273, 0.487899780273, 0.487899780273, 0.487899780273]
    onset_times: [0.0464399084449, 0.49922901392, 0.754648506641, 1.1261677742, 1.35836732388, 1.82276642323, 2.11301589012, 3.12308382988, 3.44816327095, 4.051882267, 4.49306106567, 4.82975053787, 5.15482997894, 5.78176879883, 6.14167785645, 6.61768722534, 7.01242637634, 7.04725646973, 7.46521520615, 7.8251247406, 8.44045352936, 8.82358264923, 9.34603214264, 9.65950107574]
    rubato_start: [6.51311063766]
    rubato_stop: [9.92840862274]
    perceptual_tempo: "unknown"

sfx:
    inharmonicity:
        dmean: 0.0670260488987
        dmean2: 0.117423012853
        dvar: 0.00333733018488
        dvar2: 0.00938071962446
        max: 0.331581324339
        mean: 0.087624900043
        min: 0.000717481249012
        var: 0.00418294919655
    oddtoevenharmonicenergyratio:
        dmean: 1.74893462658
        dmean2: 3.20839500427
        dvar: 9.96479415894
        dvar2: 28.9463329315
        max: 28.7593841553
        mean: 1.44313001633
        min: 0.0263552386314
        var: 6.3049530983
    pitch_after_max_to_before_max_energy_ratio: 0.845676600933
    pitch_centroid: 244.137405396
    pitch_max_to_total: 0.654377877712
    pitch_min_to_total: 0.788018405437
    tristimulus:
        dmean: [0.149723425508, 0.22867128253, 0.170960947871]
        dmean2: [0.261859446764, 0.397933125496, 0.293352246284]
        dvar: [0.0145228141919, 0.0392508618534, 0.0162750817835]
        dvar2: [0.0403992347419, 0.122709937394, 0.0457677990198]
        max: [0.832047760487, 0.966335654259, 0.604778110981]
        mean: [0.237007766962, 0.503141880035, 0.203299373388]
        min: [0.0154226934537, 0, 0]
        var: [0.02032106556, 0.0453438870609, 0.024998433888]

tonal:
    chords_changes_rate: 0.0599078349769
    chords_number_rate: 0.00921658985317
    chords_strength:
        dmean: 0.00682673044503
        dmean2: 0.00743421167135
        dvar: 2.98793893307e-05
        dvar2: 3.11568510369e-05
        max: 0.682297110558
        mean: 0.537007629871
        min: 0.431199491024
        var: 0.00312237069011
    key_strength: 0.781114935875
    tuning_diatonic_strength: 0.616031825542
    tuning_equal_tempered_deviation: 0.0353779308498
    tuning_frequency: 440
    tuning_nontempered_energy_ratio: 0.701950907707
    hpcp:
        dmean: [0.170522332191, 0.148371681571, 0.117561012506, 0.137598350644, 0.144381716847, 0.174934491515, 0.181907445192, 0.130370035768, 0.142449021339, 0.148848310113, 0.131583034992, 0.124173246324, 0.134398907423, 0.163967132568, 0.188218519092, 0.2228705585, 0.175956174731, 0.109298691154, 0.0930641666055, 0.0967707931995, 0.134901404381, 0.151484236121, 0.111594595015, 0.13792309165, 0.162463963032, 0.108126036823, 0.135011538863, 0.171681001782, 0.165585979819, 0.219397604465, 0.189555704594, 0.213896781206, 0.140376925468, 0.113080501556, 0.116468273103, 0.128262266517]
        dmean2: [0.281441122293, 0.250755012035, 0.194298535585, 0.229657709599, 0.233441501856, 0.295391380787, 0.302123099566, 0.220939606428, 0.230716720223, 0.239418894053, 0.207500979304, 0.207532033324, 0.226571455598, 0.272000432014, 0.305540144444, 0.351625800133, 0.300407707691, 0.18243137002, 0.158188506961, 0.146313413978, 0.223594129086, 0.269088447094, 0.184991762042, 0.227228179574, 0.270254194736, 0.174599274993, 0.231526166201, 0.285277634859, 0.276907652617, 0.385496735573, 0.329347997904, 0.369850486517, 0.238968744874, 0.192301109433, 0.193427577615, 0.212567985058]
        dvar: [0.0247279535979, 0.0186818744987, 0.0156709179282, 0.0208752062172, 0.0164685994387, 0.0272188447416, 0.0296939276159, 0.0171192027628, 0.0190660506487, 0.0214719288051, 0.0217183511704, 0.0286525283009, 0.0204265285283, 0.030855152756, 0.0260390490294, 0.0288913007826, 0.0226021241397, 0.0158912148327, 0.0146131860092, 0.0115923797712, 0.0225391425192, 0.0238280612975, 0.0100529072806, 0.0175548996776, 0.0244702920318, 0.0106206024066, 0.0194320585579, 0.0244561545551, 0.0193953346461, 0.0317800976336, 0.039244633168, 0.0269535016268, 0.0177317522466, 0.0103623643517, 0.0129245594144, 0.0164375156164]
        dvar2: [0.0642874389887, 0.0514447018504, 0.0467840507627, 0.0593426115811, 0.044106118381, 0.069181099534, 0.0835657790303, 0.0410952866077, 0.0531686320901, 0.0521644875407, 0.0499472357333, 0.076015971601, 0.0526152662933, 0.07778532058, 0.0651235282421, 0.0709061771631, 0.0578360073268, 0.0378943234682, 0.0308282822371, 0.0260766036808, 0.0592949651182, 0.0629965513945, 0.0277634393424, 0.0415467135608, 0.0521998517215, 0.0314631611109, 0.0532081462443, 0.0710145309567, 0.0553461313248, 0.0828190967441, 0.101871065795, 0.079034216702, 0.0491703785956, 0.0265860315412, 0.0356234535575, 0.0399163365364]
        max: [1, 0.943981230259, 0.846493899822, 1, 1, 1, 1, 0.952472448349, 1, 1, 1, 1, 1, 1, 1, 1, 1, 1, 1, 0.950627088547, 1, 1, 0.784565329552, 1, 1, 1, 1, 1, 1, 1, 1, 1, 0.909985303879, 0.824940443039, 1, 0.984966337681]
        mean: [0.420994907618, 0.323443323374, 0.226186782122, 0.26623415947, 0.286007881165, 0.342358380556, 0.335781157017, 0.250371664762, 0.284880161285, 0.327056229115, 0.262286394835, 0.210711821914, 0.217533409595, 0.267057001591, 0.428450942039, 0.559765636921, 0.387015044689, 0.187423110008, 0.160744816065, 0.16940100491, 0.234623581171, 0.268163502216, 0.215033635497, 0.290777564049, 0.367041617632, 0.259013324976, 0.264259964228, 0.312528759241, 0.296472817659, 0.562219619751, 0.779643774033, 0.504033505917, 0.231044173241, 0.191267877817, 0.194247841835, 0.300422400236]
        min: [0.0689662769437, 0.0646766275167, 0.0395902097225, 0.053067240864, 0.0490523464978, 0.0607644021511, 0.0519829951227, 0.0556135289371, 0.0558893792331, 0.0629760622978, 0.0337813384831, 0.0210691131651, 0.0211719851941, 0.0319484621286, 0.0786953940988, 0.135925531387, 0.085679166019, 0.0167790912092, 0.0147876664996, 0.0209771804512, 0.0282851364464, 0.0241969563067, 0.0334647893906, 0.0371972359717, 0.0409034304321, 0.0315049253404, 0.032343454659, 0.0283168572932, 0.0535201504827, 0.0940179303288, 0.137210577726, 0.0937129482627, 0.0306416656822, 0.0269942451268, 0.0263425596058, 0.0621047951281]
        var: [0.0612162277102, 0.0381649769843, 0.0222835689783, 0.0303978193551, 0.029398849234, 0.0453663654625, 0.0428143963218, 0.0250276625156, 0.0293587297201, 0.0405707284808, 0.0334505029023, 0.0286455806345, 0.0270598679781, 0.0440757982433, 0.0550986006856, 0.071885637939, 0.0398750789464, 0.0205004028976, 0.0189950261265, 0.0212208554149, 0.0361829176545, 0.0317112542689, 0.0168942715973, 0.0320514068007, 0.0589304193854, 0.0248975902796, 0.0333128497005, 0.0429326370358, 0.0300220940262, 0.0464729964733, 0.0630885064602, 0.0444343201816, 0.0217688474804, 0.0174475461245, 0.0225801207125, 0.0319460369647]
    chords_histogram: [60.3686637878, 0, 0, 0, 0, 0, 0, 0, 0, 0, 0, 0, 0, 0, 0, 0, 0, 39.6313362122, 0, 0, 0, 0, 0, 0]
    thpcp: [1, 0.646492063999, 0.296345829964, 0.245327264071, 0.249149486423, 0.385332912207, 0.539983689785, 0.414860397577, 0.290115535259, 0.341481804848, 0.366844296455, 0.439121544361, 0.430685371161, 0.32113596797, 0.365397840738, 0.419494450092, 0.336418241262, 0.270266801119, 0.279016405344, 0.34253719449, 0.549547076225, 0.717976152897, 0.496399849653, 0.240395829082, 0.206177264452, 0.217280000448, 0.30093690753, 0.343956440687, 0.27581012249, 0.372962087393, 0.470781177282, 0.332220077515, 0.338949620724, 0.400860965252, 0.38026702404, 0.721123695374]
    chords_key: "G"
    chords_scale: "major"
    key_key: "G"
    key_scale: "major"
    chords_progression: ["G", "G", "G", "G", "G", "G", "G", "G", "G", "G", "G", "G", "G", "G", "G", "G", "G", "G", "G", "Gm", "Gm", "Gm", "Gm", "Gm", "Gm", "Gm", "Gm", "Gm", "Gm", "Gm", "Gm", "Gm", "Gm", "Gm", "Gm", "Gm", "Gm", "Gm", "Gm", "Gm", "Gm", "Gm", "Gm", "Gm", "Gm", "Gm", "Gm", "Gm", "Gm", "Gm", "Gm", "Gm", "Gm", "Gm", "Gm", "Gm", "Gm", "Gm", "Gm", "Gm", "Gm", "Gm", "Gm", "G", "G", "G", "Gm", "Gm", "Gm", "Gm", "Gm", "Gm", "Gm", "Gm", "G", "G", "G", "G", "G", "G", "G", "Gm", "G", "G", "G", "G", "G", "G", "G", "G", "G", "G", "G", "G", "G", "G", "G", "G", "G", "G", "G", "G", "G", "G", "G", "G", "G", "G", "G", "G", "G", "G", "G", "G", "G", "G", "G", "G", "G", "G", "G", "G", "G", "G", "G", "G", "G", "G", "G", "G", "G", "Gm", "Gm", "Gm", "Gm", "Gm", "Gm", "Gm", "Gm", "Gm", "Gm", "Gm", "Gm", "Gm", "G", "G", "G", "Gm", "G", "G", "G", "G", "G", "G", "G", "G", "G", "G", "G", "G", "G", "G", "G", "G", "G", "G", "G", "G", "G", "G", "G", "G", "G", "G", "G", "G", "G", "G", "G", "G", "G", "G", "G", "G", "G", "G", "G", "G", "G", "G", "G", "G", "G", "G", "G", "G", "G", "Gm", "G", "Gm", "Gm", "Gm", "Gm", "Gm", "Gm", "Gm", "Gm", "Gm", "Gm", "Gm", "Gm", "Gm", "Gm", "Gm", "Gm", "Gm", "Gm"]
