
metadata:
    version:
        essentia: "1.2.2"
    audio_properties:
        analysis_sample_rate: 44100
        bitrate: 128
        channels: 2
        equal_loudness: 1
        length: 9.95265293121
        replay_gain: -13.6464271545
        downmix: "mix"
    tags:
        track: 14
        year: 0
        album: "Splitted by Mp3Splt v. 2.1"
        artist: "From 002.10 To 002.20"
        comment: "http://mp3splt.sf.net"
        genre: ""
        title: "03 Beckon.mp3"

highlevel:
    ballroom:
        all:
            ChaChaCha: 0.0178171638399
            Jive: 0.0183369535953
            Quickstep: 0.174318432808
            Rumba-American: 0.0355948954821
            Rumba-International: 0.0898443236947
            Rumba-Misc: 0.222167998552
            Samba: 0.0188749376684
            Tango: 0.0997539311647
            VienneseWaltz: 0.129181072116
            Waltz: 0.194110274315
        probability: 0.222167998552
        value: "Rumba-Misc"
    culture:
        all:
            non_western: 0.0260832887143
            western: 0.973916709423
        probability: 0.973916709423
        value: "western"
    gender:
        all:
            female: 0.924000322819
            male: 0.0759996920824
        probability: 0.924000322819
        value: "female"
    genre_dortmund:
        all:
            alternative: 0.133634597063
            blues: 0.0186940804124
            electronic: 0.0142874531448
            folkcountry: 0.240280807018
            funksoulrnb: 0.0112766567618
            jazz: 0.369041532278
            pop: 0.104667536914
            raphiphop: 0.000770980201196
            rock: 0.107346355915
        probability: 0.369041532278
        value: "jazz"
    genre_electronica:
        all:
            ambient: 0.931242465973
            dnb: 0.0142778698355
            house: 0.0258722845465
            techno: 0.00332517968491
            trance: 0.0252821948379
        probability: 0.931242465973
        value: "ambient"
    genre_rosamerica:
        all:
            cla: 0.276827603579
            dan: 0.00742146326229
            hip: 0.00569827575237
            jaz: 0.417528480291
            pop: 0.107512891293
            rhy: 0.0837962850928
            roc: 0.0945313945413
            spe: 0.00668359315023
        probability: 0.417528480291
        value: "jaz"
    genre_tzanetakis:
        all:
            blu: 0.00891832169145
            cla: 0.132028609514
            cou: 0.615098536015
            dis: 0.0195617582649
            hip: 0.000920536753256
            jaz: 0.116065941751
            met: 0.00213648239151
            pop: 0.0371585860848
            reg: 0.0110081071034
            roc: 0.0571031160653
        probability: 0.615098536015
        value: "cou"
    live_studio:
        all:
            live: 0.233552232385
            studio: 0.766447782516
        probability: 0.766447782516
        value: "studio"
    mood:
        all:
            Cluster1: 0.0633698627353
            Cluster2: 0.338196545839
            Cluster3: 0.46883559227
            Cluster4: 0.0947536975145
            Cluster5: 0.0348442904651
        probability: 0.46883559227
        value: "Cluster3"
    mood_acoustic:
        all:
            acoustic: 0.948321402073
            not_acoustic: 0.0516785942018
        probability: 0.948321402073
        value: "acoustic"
    mood_aggressive:
        all:
            aggressive: 0.00316908350214
            not_aggressive: 0.996830940247
        probability: 0.996830940247
        value: "not_aggressive"
    mood_electronic:
        all:
            electronic: 0.0358479693532
            not_electronic: 0.964152038097
        probability: 0.964152038097
        value: "not_electronic"
    mood_happy:
        all:
            happy: 0.272697269917
            not_happy: 0.727302730083
        probability: 0.727302730083
        value: "not_happy"
    mood_party:
        all:
            not_party: 0.975747227669
            party: 0.0242527425289
        probability: 0.975747227669
        value: "not_party"
    mood_relaxed:
        all:
            not_relaxed: 0.111092112958
            relaxed: 0.888907909393
        probability: 0.888907909393
        value: "relaxed"
    mood_sad:
        all:
            not_sad: 0.0576925799251
            sad: 0.942307412624
        probability: 0.942307412624
        value: "sad"
    rhythm:
        all:
            fast: 0.504558503628
            medium: 0.15991987288
            slow: 0.335521638393
        probability: 0.504558503628
        value: "fast"
    speech_music:
        all:
            music: 0.599831879139
            speech: 0.400168120861
        probability: 0.599831879139
        value: "music"
    timbre:
        all:
            bright: 0.98808825016
            dark: 0.0119117265567
        probability: 0.98808825016
        value: "bright"
    voice_instrumental:
        all:
            instrumental: 0.521973073483
            voice: 0.47802695632
        probability: 0.521973073483
        value: "instrumental"

lowlevel:
    average_loudness: 0.972893595695
    barkbands_kurtosis:
        dmean: 1.56103527546
        dmean2: 2.3035197258
        dvar: 3.17715287209
        dvar2: 6.40116119385
        max: 16.3990135193
        mean: 3.09019970894
        min: -1.37303745747
        var: 9.51179790497
    barkbands_skewness:
        dmean: 0.305532962084
        dmean2: 0.435865044594
        dvar: 0.0879045799375
        dvar2: 0.175624802709
        max: 3.67019939423
        mean: 1.42562747002
        min: 0.0370530337095
        var: 0.382082074881
    barkbands_spread:
        dmean: 2.56873130798
        dmean2: 3.75923609734
        dvar: 7.75706195831
        dvar2: 13.8801183701
        max: 32.1248817444
        mean: 12.37180233
        min: 2.52609825134
        var: 34.2642326355
    dissonance:
        dmean: 0.0309374500066
        dmean2: 0.0487056300044
        dvar: 0.000806016498245
        dvar2: 0.00211649318226
        max: 0.499316483736
        mean: 0.419787943363
        min: 0.187923133373
        var: 0.00193682918325
    hfc:
        dmean: 0.600949287415
        dmean2: 0.756295979023
        dvar: 1.17263662815
        dvar2: 1.69572412968
        max: 16.9196529388
        mean: 2.27011728287
        min: 0.132516875863
        var: 8.52028465271
    pitch:
        dmean: 48.2335205078
        dmean2: 91.4308624268
        dvar: 8133.76953125
        dvar2: 21247.5820312
        max: 773.684204102
        mean: 232.784194946
        min: 61.764705658
        var: 12540.1630859
    pitch_instantaneous_confidence:
        dmean: 0.0750845074654
        dmean2: 0.110379375517
        dvar: 0.00559777906165
        dvar2: 0.0114465188235
        max: 0.963900089264
        mean: 0.557361483574
        min: 0.19133234024
        var: 0.0362445488572
    pitch_salience:
        dmean: 0.0563779734075
        dmean2: 0.0837365463376
        dvar: 0.00254514976405
        dvar2: 0.00530079938471
        max: 0.825113236904
        mean: 0.590131640434
        min: 0.24080683291
        var: 0.0136975664645
    silence_rate_20dB:
        dmean: 0
        dmean2: 0
        dvar: 0
        dvar2: 0
        max: 1
        mean: 1
        min: 1
        var: 0
    silence_rate_30dB:
        dmean: 0
        dmean2: 0
        dvar: 0
        dvar2: 0
        max: 1
        mean: 1
        min: 1
        var: 0
    silence_rate_60dB:
        dmean: 0.0654205605388
        dmean2: 0.131147533655
        dvar: 0.0611408166587
        dvar2: 0.132683768868
        max: 1
        mean: 0.766899764538
        min: 0
        var: 0.178764909506
    spectral_centroid:
        dmean: 82.1808776855
        dmean2: 113.005439758
        dvar: 8242.68945312
        dvar2: 14778.4638672
        max: 1736.07836914
        mean: 741.831542969
        min: 351.955047607
        var: 55370.5898438
    spectral_complexity:
        dmean: 1.27464783192
        dmean2: 2.03294110298
        dvar: 1.64992058277
        dvar2: 3.25067877769
        max: 15
        mean: 6.55737686157
        min: 0
        var: 6.70103883743
    spectral_crest:
        dmean: 2.12304711342
        dmean2: 3.25971460342
        dvar: 3.17062354088
        dvar2: 7.34735679626
        max: 22.8556060791
        mean: 10.2804193497
        min: 3.24428224564
        var: 20.1152076721
    spectral_decrease:
        dmean: 1.78909428938e-10
        dmean2: 2.45715281455e-10
        dvar: 7.89273316149e-20
        dvar2: 1.30380492494e-19
        max: -4.69884131604e-11
        mean: -6.63788801702e-10
        min: -4.18229273436e-09
        var: 4.23386451175e-19
    spectral_energy:
        dmean: 0.000726228114218
        dmean2: 0.000991731300019
        dvar: 1.32652735374e-06
        dvar2: 2.16152170651e-06
        max: 0.0171383395791
        mean: 0.00271119875833
        min: 0.000189364640391
        var: 7.34523973733e-06
    spectral_energyband_high:
        dmean: 1.88267258636e-05
        dmean2: 2.53602447629e-05
        dvar: 2.44766718005e-09
        dvar2: 4.55802728894e-09
        max: 0.000990951200947
        mean: 4.00571188948e-05
        min: 1.39474281013e-07
        var: 7.60190488336e-09
    spectral_energyband_low:
        dmean: 2.71451572189e-05
        dmean2: 4.58270696981e-05
        dvar: 1.44094580712e-09
        dvar2: 3.664969217e-09
        max: 0.000403842655942
        mean: 6.40779253445e-05
        min: 1.97998957674e-07
        var: 4.43854242249e-09
    spectral_energyband_middle_high:
        dmean: 0.000167454738403
        dmean2: 0.000208613360883
        dvar: 1.39224880513e-07
        dvar2: 1.90321657101e-07
        max: 0.00765807926655
        mean: 0.000598967715632
        min: 2.77280651062e-05
        var: 1.10173834855e-06
    spectral_energyband_middle_low:
        dmean: 0.000631048867945
        dmean2: 0.000879432889633
        dvar: 9.58527834882e-07
        dvar2: 1.77521542355e-06
        max: 0.0134216202423
        mean: 0.00200809119269
        min: 0.000111859393655
        var: 3.94738935938e-06
    spectral_flatness_db:
        dmean: 0.0197608042508
        dmean2: 0.0290008820593
        dvar: 0.0004211847845
        dvar2: 0.000748319667764
        max: 0.35214394331
        mean: 0.198239520192
        min: 0.0715454295278
        var: 0.00218879780732
    spectral_flux:
        dmean: 0.00617979187518
        dmean2: 0.00926456507295
        dvar: 4.33227869507e-05
        dvar2: 8.47133851494e-05
        max: 0.0788569301367
        mean: 0.0208840500563
        min: 0.00345499743707
        var: 0.000144207006088
    spectral_kurtosis:
        dmean: 3.98960399628
        dmean2: 6.53137397766
        dvar: 17.3396434784
        dvar2: 46.3146858215
        max: 48.7992630005
        mean: 10.8977489471
        min: 0.788476228714
        var: 53.0473747253
    spectral_rms:
        dmean: 0.000201544957235
        dmean2: 0.00027464015875
        dvar: 5.79329650918e-08
        dvar2: 9.33918897772e-08
        max: 0.00408904999495
        mean: 0.001485100016
        min: 0.000429820880527
        var: 4.39550206011e-07
    spectral_rolloff:
        dmean: 230.091766357
        dmean2: 364.442779541
        dvar: 94265.921875
        dvar2: 178988.421875
        max: 3531.4453125
        mean: 1117.20507812
        min: 322.998046875
        var: 303385.0625
    spectral_skewness:
        dmean: 0.354897111654
        dmean2: 0.551495015621
        dvar: 0.107403874397
        dvar2: 0.26850861311
        max: 4.84917831421
        mean: 2.49167442322
        min: 1.12033200264
        var: 0.459182709455
    spectral_spread:
        dmean: 572045.125
        dmean2: 745505.75
        dvar: 922451181568
        dvar2: 1.01411435315e+12
        max: 21883898
        mean: 3473890.5
        min: 1356997.375
        var: 2.36748328141e+12
    spectral_strongpeak:
        dmean: 0.209919527173
        dmean2: 0.313659727573
        dvar: 0.0698928534985
        dvar2: 0.145319461823
        max: 3.61502385139
        mean: 0.626798331738
        min: 0.00911771599203
        var: 0.442956417799
    zerocrossingrate:
        dmean: 0.00537911709398
        dmean2: 0.00638556992635
        dvar: 2.50669163506e-05
        dvar2: 3.02597982227e-05
        max: 0.0966796875
        mean: 0.044019639492
        min: 0.0205078125
        var: 0.000172437052242
    barkbands:
        dmean: [9.91762263425e-08, 7.23480889064e-06, 2.28970166063e-05, 3.78372969863e-05, 0.000131694760057, 9.30525566218e-05, 9.20805396163e-05, 7.56514200475e-05, 0.000369890098227, 0.000145642945427, 2.10538528336e-05, 3.02057978843e-05, 3.15572106047e-05, 4.43169119535e-05, 2.01427355933e-05, 1.68797178048e-05, 9.09743994271e-06, 2.39089331444e-05, 1.8005783204e-05, 1.44245032061e-05, 7.84956046118e-06, 1.55615896347e-06, 5.56389124995e-07, 5.98719395839e-07, 1.6076185716e-07, 8.59981064139e-09, 1.09765307954e-09]
        dmean2: [1.71508474978e-07, 1.19772921607e-05, 3.91873763874e-05, 6.70673834975e-05, 0.000206260039704, 0.000144352699863, 0.000138691990287, 0.000116483453894, 0.000490154372528, 0.000198243695195, 3.03510205413e-05, 4.70841441711e-05, 3.52223105438e-05, 6.53675378999e-05, 3.04562672682e-05, 2.29968391068e-05, 1.4735824152e-05, 3.40294282068e-05, 2.71114167845e-05, 2.07084431167e-05, 1.06851730379e-05, 2.4184087124e-06, 7.62685999689e-07, 7.95207881765e-07, 2.41758186803e-07, 1.19296474921e-08, 1.08696396328e-09]
        dvar: [6.65812145543e-14, 1.08164845136e-10, 1.04178177196e-09, 6.8190617597e-09, 2.47407125897e-08, 1.64788769297e-08, 4.77263313314e-08, 2.49725697898e-08, 6.55745964195e-07, 3.64507712902e-07, 1.81825099421e-09, 1.9600132628e-09, 1.26466561667e-08, 3.2218729018e-08, 1.35653954736e-09, 2.75621814261e-09, 2.09996520173e-10, 5.34208144387e-09, 1.12072862102e-09, 2.24726526277e-09, 2.79235828904e-10, 1.3837028745e-11, 2.32505247694e-12, 2.29493117218e-12, 1.81420918327e-13, 6.20263010214e-16, 2.86066690271e-16]
        dvar2: [1.68135890952e-13, 2.63465388395e-10, 2.66464605936e-09, 1.94231262185e-08, 6.14282456013e-08, 3.21607522835e-08, 1.0593382882e-07, 6.47361844131e-08, 1.10990151825e-06, 5.60599914934e-07, 3.22707505163e-09, 4.29317781325e-09, 9.39300193181e-09, 5.65316575774e-08, 3.1362841213e-09, 3.50584095088e-09, 5.6191268305e-10, 1.06027062685e-08, 2.36528463482e-09, 5.23034104916e-09, 5.32217714344e-10, 3.26234907144e-11, 4.68352223323e-12, 4.47628869735e-12, 4.36371398e-13, 9.46894743604e-16, 2.05501429425e-16]
        max: [1.99635042009e-06, 0.000167913269252, 0.000310276373057, 0.000924676016439, 0.00135877472349, 0.00164891860913, 0.00418585445732, 0.00159867724869, 0.0105568328872, 0.0114612858742, 0.000861169304699, 0.000384803977795, 0.00332849565893, 0.00333236600272, 0.000319648737786, 0.001483808388, 0.000181783369044, 0.00128853798378, 0.000456277339254, 0.000837120634969, 0.000382557278499, 4.20005962951e-05, 2.33048795053e-05, 2.11901369767e-05, 5.76716229261e-06, 4.12954534568e-07, 3.99961237463e-07]
        mean: [1.50901414031e-07, 1.43135248436e-05, 4.96197244502e-05, 6.21636063443e-05, 0.000315175275318, 0.000209579215152, 0.000179456721526, 0.000132393586682, 0.000937050324865, 0.000302445754642, 4.4336058636e-05, 5.72330827708e-05, 7.5174117228e-05, 0.000101618599729, 3.42992061633e-05, 4.54415094282e-05, 1.95981428988e-05, 4.50994812127e-05, 3.65494670405e-05, 2.90995794785e-05, 1.58992243087e-05, 2.54151336776e-06, 7.83241659974e-07, 9.56185999712e-07, 2.10873849937e-07, 1.0603360856e-08, 1.2217735712e-09]
        min: [2.41118652822e-11, 3.27429781066e-08, 1.59042500059e-07, 4.95116751154e-07, 6.52586095384e-06, 7.28798113414e-06, 3.85429029848e-06, 7.73177634983e-06, 5.72737417315e-06, 1.59170781444e-06, 1.70031015045e-07, 6.6859843173e-07, 8.83644815985e-07, 1.56754197178e-06, 1.19547701161e-06, 5.51577727492e-07, 4.90055811042e-07, 5.32070089321e-07, 5.40881615052e-07, 2.25666852316e-07, 8.5588276022e-08, 7.47404804713e-09, 1.48790912924e-09, 1.03037522958e-09, 5.87176751665e-10, 1.47845331897e-13, 1.58121630481e-13]
        var: [6.44591259709e-14, 3.32864319441e-10, 3.49715612025e-09, 6.82264067464e-09, 5.86586565987e-08, 5.51769403501e-08, 7.95087657934e-08, 3.30047704722e-08, 3.21938500747e-06, 1.35718698857e-06, 6.22133677908e-09, 4.60226745602e-09, 9.04967052406e-08, 1.72115193209e-07, 2.04540051563e-09, 2.39555379977e-08, 5.25395726925e-10, 1.14746860902e-08, 4.32404467787e-09, 4.62546889679e-09, 1.17883347528e-09, 2.03821612366e-11, 3.50619294882e-12, 5.49964457655e-12, 2.17984132264e-13, 9.71897991536e-16, 3.80209584858e-16]
    mfcc:
        mean: [-793.348937988, 166.046142578, -43.3081512451, 27.4518165588, -22.5284786224, -14.4185152054, -5.72686100006, -11.3704614639, -6.63826608658, 0.728830218315, -6.89088726044, -4.92112159729, -13.5957317352]
        cov: [[2183.89501953, -1232.56311035, -26.991027832, -103.022651672, -169.149902344, -85.8710861206, 51.5301628113, 72.5531158447, 53.5429420471, 69.1553268433, -37.2104949951, 49.6055831909, -151.817199707], [-1232.56311035, 1126.08850098, -128.577087402, 40.1916313171, 100.792823792, 33.4142570496, 33.5951423645, -10.6473245621, -31.6216125488, 11.4170598984, 30.1706600189, -34.5673751831, 51.2905807495], [-26.991027832, -128.577087402, 489.132202148, -2.60374164581, 96.036239624, 77.8454284668, -66.1049728394, 25.5919246674, -20.9879703522, -87.477432251, 31.7439785004, -0.754600226879, 94.9597473145], [-103.022651672, 40.1916313171, -2.60374164581, 133.544052124, 30.2868366241, 6.84250307083, -16.9112415314, -32.5492095947, 4.40054988861, -22.2063159943, -8.9127073288, 4.56088399887, 7.85566234589], [-169.149902344, 100.792823792, 96.036239624, 30.2868366241, 174.213546753, -1.03631579876, -34.2957992554, -17.2630939484, -9.7440738678, -42.0067863464, -10.6791410446, 23.0556850433, 41.1574363708], [-85.8710861206, 33.4142570496, 77.8454284668, 6.84250307083, -1.03631579876, 115.055458069, 0.531588613987, 36.6422805786, -11.3814277649, -10.6464595795, 11.4611654282, -30.277551651, 23.5184879303], [51.5301628113, 33.5951423645, -66.1049728394, -16.9112415314, -34.2957992554, 0.531588613987, 141.786682129, -5.09516048431, -7.85721635818, 25.3106536865, 28.2978420258, 18.6767959595, -51.6969108582], [72.5531158447, -10.6473245621, 25.5919246674, -32.5492095947, -17.2630939484, 36.6422805786, -5.09516048431, 104.208770752, 8.51659965515, 15.6344327927, 3.76645874977, -19.3857879639, 21.3854312897], [53.5429420471, -31.6216125488, -20.9879703522, 4.40054988861, -9.7440738678, -11.3814277649, -7.85721635818, 8.51659965515, 78.3878936768, 14.7415180206, -1.08820414543, -25.5294876099, -12.0939416885], [69.1553268433, 11.4170598984, -87.477432251, -22.2063159943, -42.0067863464, -10.6464595795, 25.3106536865, 15.6344327927, 14.7415180206, 81.3315658569, 2.92730283737, -7.05015945435, -40.6192054749], [-37.2104949951, 30.1706600189, 31.7439785004, -8.9127073288, -10.6791410446, 11.4611654282, 28.2978420258, 3.76645874977, -1.08820414543, 2.92730283737, 74.843963623, 8.59593105316, 3.56654834747], [49.6055831909, -34.5673751831, -0.754600226879, 4.56088399887, 23.0556850433, -30.277551651, 18.6767959595, -19.3857879639, -25.5294876099, -7.05015945435, 8.59593105316, 88.8512573242, 10.7502937317], [-151.817199707, 51.2905807495, 94.9597473145, 7.85566234589, 41.1574363708, 23.5184879303, -51.6969108582, 21.3854312897, -12.0939416885, -40.6192054749, 3.56654834747, 10.7502937317, 120.713996887]]
        icov: [[0.0015940759331, 0.0016839337768, 0.000158293536515, 0.000207305449294, -4.89948397444e-05, 0.000652353861369, -0.000529776443727, -0.00137526122853, -9.36970172916e-05, -0.000438201706856, 0.000250909128226, -0.000396152056055, 0.000928693742026], [0.0016839337768, 0.00303449551575, 0.000898002530448, -1.42325516208e-05, -0.00127582158893, 0.00043418223504, -0.0010873436695, -0.0012004050659, 0.000693939742632, -0.00101257918868, -0.000592147232965, 0.000884340319317, -0.000112073219498], [0.000158293536515, 0.000898002530448, 0.00384238618426, 0.000724878220353, -0.00190388900228, -0.00189960305579, 0.000754539680202, -0.000317810568959, 0.000398679752834, 0.00218420475721, -0.00216335849836, 0.000500509340782, -0.00105934322346], [0.000207305449294, -1.42325516208e-05, 0.000724878220353, 0.00921877659857, -0.00085464247968, -0.00221536960453, 0.00095916033024, 0.00280534150079, -0.00179303612094, 0.00189169729128, 0.000633909949102, -0.00117082323413, 0.000275842874544], [-4.89948397444e-05, -0.00127582158893, -0.00190388900228, -0.00085464247968, 0.0088406894356, 0.000669817673042, 0.00102463643998, 0.000531743688043, -0.00101133028511, 0.00202777213417, 0.00218445132487, -0.00294901384041, 1.27495795823e-05], [0.000652353861369, 0.00043418223504, -0.00189960305579, -0.00221536960453, 0.000669817673042, 0.0138320242986, -0.00218528555706, -0.00459559401497, 0.00321608386002, -0.000121792676509, -0.000752732681576, 0.00499622989446, -0.000911991868634], [-0.000529776443727, -0.0010873436695, 0.000754539680202, 0.00095916033024, 0.00102463643998, -0.00218528555706, 0.0109673468396, 0.000320633786032, 0.000372739043087, 0.000426688580774, -0.00353749701753, -0.00347136612982, 0.0044508036226], [-0.00137526122853, -0.0012004050659, -0.000317810568959, 0.00280534150079, 0.000531743688043, -0.00459559401497, 0.000320633786032, 0.0148663260043, -0.00155699974857, -0.00329462462105, 0.000330103823217, 0.00140995415859, -0.00433436315507], [-9.36970172916e-05, 0.000693939742632, 0.000398679752834, -0.00179303612094, -0.00101133028511, 0.00321608386002, 0.000372739043087, -0.00155699974857, 0.0162251703441, -0.00241597369313, -0.00176258967258, 0.0060141319409, -0.000126857921714], [-0.000438201706856, -0.00101257918868, 0.00218420475721, 0.00189169729128, 0.00202777213417, -0.000121792676509, 0.000426688580774, -0.00329462462105, -0.00241597369313, 0.019953513518, -0.00110428908374, -0.00118243030738, 0.0047466433607], [0.000250909128226, -0.000592147232965, -0.00216335849836, 0.000633909949102, 0.00218445132487, -0.000752732681576, -0.00353749701753, 0.000330103823217, -0.00176258967258, -0.00110428908374, 0.0168130472302, -0.00255766441114, -0.00076101499144], [-0.000396152056055, 0.000884340319317, 0.000500509340782, -0.00117082323413, -0.00294901384041, 0.00499622989446, -0.00347136612982, 0.00140995415859, 0.0060141319409, -0.00118243030738, -0.00255766441114, 0.0177791267633, -0.00419898796827], [0.000928693742026, -0.000112073219498, -0.00105934322346, 0.000275842874544, 1.27495795823e-05, -0.000911991868634, 0.0044508036226, -0.00433436315507, -0.000126857921714, 0.0047466433607, -0.00076101499144, -0.00419898796827, 0.0151432501152]]
    spectral_contrast:
        mean: [-1.88593915595e-07, 1.23711041411e-08, -2.54706918668e-07, 1.04526236555e-07, 1.92214514527e-07, -1.00291447325e-06, -4.71609519082e-06, -1.78967479769e-06, 1.44049215578e-06, -3.70009433937e-06, 1.27054215682e-06, 1.13821135983e-06]
        var: [0.000343769032042, 0.000831970479339, 0.00172520545311, 0.00228701159358, 0.00344321550801, 0.00961612351239, 0.0402493439615, 0.0793349668384, 0.109794527292, 0.209720268846, 0.379337310791, 1.42120373249]

rhythm:
    beats_loudness:
        dmean: 0.00257889553905
        dmean2: 0.00427310308442
        dvar: 1.0267347534e-05
        dvar2: 2.10012931348e-05
        max: 0.0119346007705
        mean: 0.00308885844424
        min: 0.000720715150237
        var: 9.88463307294e-06
    beats_loudness_bass:
        dmean: 0.0552302934229
        dmean2: 0.0825403556228
        dvar: 0.00281158508733
        dvar2: 0.00567946955562
        max: 0.212022930384
        mean: 0.0546495616436
        min: 0.0024508938659
        var: 0.00275753741153
    bpm: 125.997047424
    bpm_confidence: 0
    first_peak_bpm: 126
    first_peak_spread: 0
    first_peak_weight: 0.944444477558
    onset_rate: 3.31569862366
    second_peak_bpm: 76
    second_peak_spread: 0
    second_peak_weight: 0.0555555559695
    beats_position: [0.49577242136, 0.973547875881, 1.4513232708, 1.92909872532, 2.40687417984, 2.88464975357, 3.36242508888, 3.84020042419, 4.31797552109, 4.79575109482, 5.27352619171, 6.06736183167, 6.54123973846, 7.01511764526, 7.48899507523, 7.96287250519, 8.43675041199, 8.91062927246, 9.38450622559]
    bpm_estimates: [125.923370361, 124.711212158, 126.120780945, 126.574150085, 126.655715942]
    bpm_intervals: [0.477775454521, 0.477775394917, 0.477775454521, 0.477775454521, 0.47777557373, 0.477775335312, 0.477775335312, 0.477775096893, 0.47777557373, 0.477775096893, 0.793835639954, 0.473877906799, 0.473877906799, 0.473877429962, 0.473877429962, 0.473877906799, 0.473878860474, 0.473876953125]
    onset_times: [0.0580498874187, 0.150929704309, 0.487619042397, 0.650158703327, 0.743038535118, 1.30031740665, 1.764716506, 1.97369611263, 2.11301589012, 2.26394557953, 2.73995471001, 3.06503391266, 3.25079369545, 3.39011335373, 3.87773251534, 4.29569149017, 4.57433128357, 4.99229001999, 5.27092981339, 5.46829938889, 5.64244890213, 5.71210861206, 5.94430828094, 6.37387752533, 6.45514726639, 6.8963265419, 7.24462604523, 7.54648542404, 7.85995483398, 8.2198638916, 8.52172374725, 8.98612213135, 9.42730140686]
    rubato_start: []
    rubato_stop: []
    perceptual_tempo: "unknown"

sfx:
    inharmonicity:
        dmean: 0.0385737232864
        dmean2: 0.0681601464748
        dvar: 0.00199714396149
        dvar2: 0.0058097098954
        max: 0.299322217703
        mean: 0.0367980003357
        min: 0.000160666080774
        var: 0.00196449225768
    oddtoevenharmonicenergyratio:
        dmean: 3.10288381577
        dmean2: 5.61222648621
        dvar: 59.8008728027
        dvar2: 168.874465942
        max: 78.6079864502
        mean: 2.68369293213
        min: 0.000305462715914
        var: 55.7925415039
    pitch_after_max_to_before_max_energy_ratio: 5.83759689331
    pitch_centroid: 202.195877075
    pitch_max_to_total: 0.07259953022
    pitch_min_to_total: 0.377049177885
    tristimulus:
        dmean: [0.205429404974, 0.217203989625, 0.0521827153862]
        dmean2: [0.363106608391, 0.391944050789, 0.0901993066072]
        dvar: [0.0367908813059, 0.0463646426797, 0.0032740465831]
        dvar2: [0.0991979464889, 0.117976628244, 0.00919240247458]
        max: [0.944919168949, 0.974658250809, 0.345233559608]
        mean: [0.379026204348, 0.539417564869, 0.0627121329308]
        min: [0.00178401963785, 0, 0]
        var: [0.0644422248006, 0.072332367301, 0.00381937925704]

tonal:
    chords_changes_rate: 0.0418604649603
    chords_number_rate: 0.0325581394136
    chords_strength:
        dmean: 0.0103918388486
        dmean2: 0.00750478403643
        dvar: 7.91302809375e-05
        dvar2: 4.63160140498e-05
        max: 0.715744078159
        mean: 0.499632656574
        min: 0.306380242109
        var: 0.00699594197795
    key_strength: 0.837909936905
    tuning_diatonic_strength: 0.633706331253
    tuning_equal_tempered_deviation: 0.077250726521
    tuning_frequency: 440.763122559
    tuning_nontempered_energy_ratio: 0.666619539261
    hpcp:
        dmean: [0.14186245203, 0.0933831855655, 0.0229568779469, 0.0185046233237, 0.0453606545925, 0.0950744748116, 0.103891469538, 0.0866765156388, 0.0563364885747, 0.0283980481327, 0.0305252950639, 0.073438115418, 0.0751208811998, 0.071671821177, 0.106701135635, 0.120944552124, 0.0886273086071, 0.0359329581261, 0.0386411435902, 0.0576521828771, 0.137166395783, 0.150639384985, 0.133235782385, 0.0944897904992, 0.0386695675552, 0.0572282224894, 0.100332066417, 0.111904263496, 0.117244184017, 0.125209122896, 0.101788558066, 0.0726277157664, 0.0692223832011, 0.0722116157413, 0.104114957154, 0.139371991158]
        dmean2: [0.232021391392, 0.159084036946, 0.0411192700267, 0.0319753214717, 0.0815762430429, 0.163396969438, 0.178904220462, 0.151805862784, 0.104128561914, 0.0511799566448, 0.0535196438432, 0.124599173665, 0.123952262104, 0.117941074073, 0.175853207707, 0.208101063967, 0.152967482805, 0.055373609066, 0.0675256326795, 0.100051529706, 0.221565783024, 0.239299848676, 0.220795929432, 0.157125368714, 0.0656600594521, 0.108906641603, 0.16613432765, 0.184651643038, 0.199699148536, 0.211031362414, 0.175029069185, 0.122823402286, 0.120777562261, 0.131665527821, 0.185956850648, 0.223135575652]
        dvar: [0.0343930795789, 0.0188382156193, 0.00524638593197, 0.00186050287448, 0.018759034574, 0.0279894825071, 0.0406895056367, 0.0192264728248, 0.0167907215655, 0.00751594780013, 0.00228956597857, 0.0133250234649, 0.0213741101325, 0.0172471106052, 0.0228303242475, 0.0445141382515, 0.020522037521, 0.00618483312428, 0.00982313975692, 0.0117013640702, 0.0454935356975, 0.0515014789999, 0.0469022169709, 0.0418884605169, 0.0084319896996, 0.0234694387764, 0.0291384663433, 0.0318895690143, 0.0361588187516, 0.0383080765605, 0.0282738506794, 0.0138553660363, 0.0210717320442, 0.024570632726, 0.0277812629938, 0.0323927477002]
        dvar2: [0.0852969288826, 0.0475948639214, 0.0155299752951, 0.00480838818476, 0.0548971556127, 0.0715692341328, 0.0974228158593, 0.046875923872, 0.0479971505702, 0.0219160895795, 0.00623154919595, 0.035375803709, 0.0439472459257, 0.0376602709293, 0.04993262887, 0.102826006711, 0.0588413737714, 0.00984459649771, 0.0272534098476, 0.0299584995955, 0.109485462308, 0.107681043446, 0.0995163545012, 0.100108109415, 0.0224252324551, 0.0674649551511, 0.0709791556001, 0.0709521621466, 0.0902472138405, 0.0960612222552, 0.0656842440367, 0.0386687517166, 0.0572115518153, 0.0682056546211, 0.0759941861033, 0.0743022784591]
        max: [1, 0.945225596428, 0.720613121986, 0.402910023928, 1, 1, 1, 1, 1, 0.859011411667, 0.262063771486, 0.849192619324, 1, 1, 0.965804994106, 1, 1, 1, 0.853763103485, 0.587017714977, 1, 1, 1, 1, 0.84119361639, 1, 1, 1, 1, 1, 1, 1, 1, 1, 1, 1]
        mean: [0.296887844801, 0.124237045646, 0.0195659473538, 0.0176019333303, 0.0384963043034, 0.155145213008, 0.238232120872, 0.140016406775, 0.0438864603639, 0.0246434230357, 0.0331648923457, 0.115770332515, 0.170338898897, 0.111905254424, 0.206658497453, 0.312344014645, 0.166477292776, 0.0510382279754, 0.0400760211051, 0.0554703362286, 0.17887429893, 0.261033266783, 0.186764806509, 0.0963960140944, 0.0454732477665, 0.0539197996259, 0.140249550343, 0.19316214323, 0.157443970442, 0.189215347171, 0.195216849446, 0.097285464406, 0.0733338743448, 0.0859515815973, 0.105787433684, 0.251792341471]
        min: [0.000772370549385, 0.000277287675999, 4.84767479065e-05, 0, 0.000312012794893, 0.000783457770012, 0.00117304350715, 0.00049965037033, 9.15484706638e-05, 0.000221232301556, 0.000314013042953, 0.000484374875668, 0.000453223474324, 0.000587453716435, 0.000278635125142, 0.000362144142855, 0.000495890213642, 0.000167789883562, 0.000127954044729, 5.76649654249e-05, 0.000245114177233, 0.000304258865071, 0.000681875564624, 0.000138710456667, 0.00012179557234, 7.61077608331e-05, 0.000274503749097, 0.000248297641519, 0.000624854641501, 0.000228602613788, 0.00018837818061, 0.000452793115983, 0.000272414239589, 7.59101894801e-05, 0.000124185389723, 0.00169874657877]
        var: [0.10132907331, 0.025068487972, 0.00292782858014, 0.00148023711517, 0.0106947598979, 0.0480261035264, 0.1152985394, 0.0406010299921, 0.0106259034947, 0.0043091326952, 0.00217729946598, 0.0286313761026, 0.0821473747492, 0.0397070683539, 0.0610333904624, 0.149005144835, 0.0440265350044, 0.0218612551689, 0.00913872383535, 0.00979090668261, 0.0666249990463, 0.115162611008, 0.0814657062292, 0.0426965430379, 0.00935152731836, 0.0244070924819, 0.0487829111516, 0.074064925313, 0.054920271039, 0.0715821832418, 0.0929864421487, 0.0268867556006, 0.0180851146579, 0.0260541625321, 0.0276356004179, 0.0823151692748]
    chords_histogram: [16.7441864014, 0, 27.9069766998, 0, 1.86046516895, 0, 10.6976747513, 0, 0, 0, 0, 0, 0, 0, 0, 0, 0, 0, 0, 0, 0, 15.3488368988, 23.2558135986, 4.18604660034]
    thpcp: [1, 0.532993376255, 0.163403898478, 0.128307312727, 0.177593722939, 0.572683632374, 0.83572357893, 0.597945868969, 0.308621287346, 0.145587056875, 0.172629520297, 0.449022680521, 0.618427574635, 0.50407230854, 0.605791509151, 0.62500590086, 0.311468958855, 0.234785586596, 0.275182425976, 0.338688850403, 0.806137859821, 0.950515568256, 0.397757083178, 0.0626422986388, 0.0563543178141, 0.123249694705, 0.496712625027, 0.762723505497, 0.448276251554, 0.140506803989, 0.0788983330131, 0.106180652976, 0.370650082827, 0.545356690884, 0.358275651932, 0.661637425423]
    chords_key: "A"
    chords_scale: "major"
    key_key: "D"
    key_scale: "major"
    chords_progression: ["G", "G", "G", "G", "G", "G", "A", "A", "A", "A", "A", "A", "A", "A", "A", "A", "A", "A", "A", "A", "A", "A", "A", "A", "A", "A", "A", "A", "A", "A", "A", "A", "A", "A", "A", "A", "A", "A", "A", "A", "A", "A", "A", "A", "A", "A", "A", "A", "A", "A", "A", "A", "A", "A", "A", "A", "A", "A", "A", "A", "A", "A", "A", "A", "A", "A", "E", "B", "B", "B", "B", "B", "Bm", "Bm", "Bm", "Bm", "Bm", "Bm", "Bm", "Bm", "Bm", "B", "B", "B", "B", "B", "B", "B", "B", "B", "B", "B", "B", "B", "B", "B", "B", "B", "B", "E", "E", "E", "Em", "Em", "Em", "Em", "Em", "Em", "Em", "Em", "Em", "Em", "Em", "Em", "Em", "Em", "Em", "Em", "Em", "Em", "Em", "Em", "Em", "Em", "Em", "Em", "Em", "Em", "Em", "Em", "Em", "Em", "Em", "Em", "Em", "G", "G", "G", "G", "G", "G", "G", "G", "G", "G", "G", "G", "G", "G", "G", "G", "G", "G", "G", "G", "G", "G", "G", "G", "G", "G", "G", "G", "G", "G", "G", "G", "G", "G", "G", "G", "G", "G", "G", "G", "G", "G", "G", "G", "D", "D", "D", "D", "D", "D", "D", "D", "D", "D", "D", "D", "D", "D", "D", "D", "D", "D", "D", "D", "D", "D", "D", "D", "D", "D", "D", "D", "D", "D", "D", "D", "D", "D", "D", "D"]
