
metadata:
    version:
        essentia: "1.2.2"
    audio_properties:
        analysis_sample_rate: 44100
        bitrate: 128
        channels: 2
        equal_loudness: 1
        length: 10.0048980713
        replay_gain: -10.1641407013
        downmix: "mix"
    tags:
        track: 4
        year: 0
        album: "Splitted by Mp3Splt v. 2.1"
        artist: "From 000.30 To 000.40"
        comment: "http://mp3splt.sf.net"
        genre: ""
        title: "05 Broken Face.mp3"

highlevel:
    ballroom:
        all:
            ChaChaCha: 0.0468887723982
            Jive: 0.758565247059
            Quickstep: 0.0178085267544
            Rumba-American: 0.00172239495441
            Rumba-International: 0.00407081376761
            Rumba-Misc: 0.00459225056693
            Samba: 0.046899612993
            Tango: 0.00624197348952
            VienneseWaltz: 0.106954067945
            Waltz: 0.00625633262098
        probability: 0.758565247059
        value: "Jive"
    culture:
        all:
            non_western: 0.0284465197474
            western: 0.971553504467
        probability: 0.971553504467
        value: "western"
    gender:
        all:
            female: 0.092221185565
            male: 0.907778799534
        probability: 0.907778799534
        value: "male"
    genre_dortmund:
        all:
            alternative: 0.090820170939
            blues: 0.00832823198289
            electronic: 0.0216771624982
            folkcountry: 0.0241065397859
            funksoulrnb: 0.0463217683136
            jazz: 0.0160321295261
            pop: 0.0655656978488
            raphiphop: 0.00202338956296
            rock: 0.725124895573
        probability: 0.725124895573
        value: "rock"
    genre_electronica:
        all:
            ambient: 0.258903563023
            dnb: 0.240862026811
            house: 0.0205445755273
            techno: 0.0402617454529
            trance: 0.439428091049
        probability: 0.439428091049
        value: "trance"
    genre_rosamerica:
        all:
            cla: 0.00792001653463
            dan: 0.00183736043982
            hip: 0.00151208671741
            jaz: 0.000974329304881
            pop: 0.00228422298096
            rhy: 0.00136599759571
            roc: 0.983403027058
            spe: 0.000702940451447
        probability: 0.983403027058
        value: "roc"
    genre_tzanetakis:
        all:
            blu: 0.00702348304912
            cla: 0.0134289143607
            cou: 0.0528021082282
            dis: 0.0378441475332
            hip: 0.0115269869566
            jaz: 0.0114167043939
            met: 0.46204289794
            pop: 0.0162232536823
            reg: 0.00541256275028
            roc: 0.382278949022
        probability: 0.46204289794
        value: "met"
    live_studio:
        all:
            live: 0.0206833705306
            studio: 0.979316651821
        probability: 0.979316651821
        value: "studio"
    mood:
        all:
            Cluster1: 0.341425269842
            Cluster2: 0.048996835947
            Cluster3: 0.00721112079918
            Cluster4: 0.0206654127687
            Cluster5: 0.581701338291
        probability: 0.581701338291
        value: "Cluster5"
    mood_acoustic:
        all:
            acoustic: 0.0130501706153
            not_acoustic: 0.986949801445
        probability: 0.986949801445
        value: "not_acoustic"
    mood_aggressive:
        all:
            aggressive: 0.998242139816
            not_aggressive: 0.00175786321051
        probability: 0.998242139816
        value: "aggressive"
    mood_electronic:
        all:
            electronic: 0.0523264594376
            not_electronic: 0.947673559189
        probability: 0.947673559189
        value: "not_electronic"
    mood_happy:
        all:
            happy: 0.190451949835
            not_happy: 0.809548020363
        probability: 0.809548020363
        value: "not_happy"
    mood_party:
        all:
            not_party: 0.335357695818
            party: 0.66464227438
        probability: 0.66464227438
        value: "party"
    mood_relaxed:
        all:
            not_relaxed: 0.287167698145
            relaxed: 0.712832331657
        probability: 0.712832331657
        value: "relaxed"
    mood_sad:
        all:
            not_sad: 0.998226702213
            sad: 0.00177328498103
        probability: 0.998226702213
        value: "not_sad"
    rhythm:
        all:
            fast: 0.634818673134
            medium: 0.0817825198174
            slow: 0.283398807049
        probability: 0.634818673134
        value: "fast"
    speech_music:
        all:
            music: 0.999722182751
            speech: 0.000277808023384
        probability: 0.999722182751
        value: "music"
    timbre:
        all:
            bright: 0.748136401176
            dark: 0.251863628626
        probability: 0.748136401176
        value: "bright"
    voice_instrumental:
        all:
            instrumental: 0.968029439449
            voice: 0.0319705456495
        probability: 0.968029439449
        value: "instrumental"

lowlevel:
    average_loudness: 0.97624951601
    barkbands_kurtosis:
        dmean: 0.737120389938
        dmean2: 1.19259238243
        dvar: 0.583979308605
        dvar2: 1.28479659557
        max: 7.58752250671
        mean: -0.133098363876
        min: -1.8114374876
        var: 1.70212042332
    barkbands_skewness:
        dmean: 0.295611560345
        dmean2: 0.468535780907
        dvar: 0.061582505703
        dvar2: 0.134190678596
        max: 0.300323069096
        mean: -0.959745883942
        min: -2.68363118172
        var: 0.229483172297
    barkbands_spread:
        dmean: 5.23078346252
        dmean2: 8.61162471771
        dvar: 21.897228241
        dvar2: 50.9453582764
        max: 53.0034828186
        mean: 29.2017002106
        min: 9.64921188354
        var: 62.5313110352
    dissonance:
        dmean: 0.00977460108697
        dmean2: 0.0166823174804
        dvar: 9.23617481021e-05
        dvar2: 0.000265572249191
        max: 0.49982458353
        mean: 0.482870280743
        min: 0.418734073639
        var: 0.000144392193761
    hfc:
        dmean: 2.77264237404
        dmean2: 4.24626111984
        dvar: 5.95408964157
        dvar2: 12.5809812546
        max: 32.0152435303
        mean: 14.7488241196
        min: 2.92953157425
        var: 29.229511261
    pitch:
        dmean: 1000.69702148
        dmean2: 1927.02966309
        dvar: 2023330.75
        dvar2: 4865205.5
        max: 4009.09082031
        mean: 1690.77575684
        min: 99.1011199951
        var: 2685058.75
    pitch_instantaneous_confidence:
        dmean: 0.0776605755091
        dmean2: 0.132819071412
        dvar: 0.00342487008311
        dvar2: 0.00910964421928
        max: 0.82906883955
        mean: 0.408355355263
        min: 0.191256344318
        var: 0.0134417582303
    pitch_salience:
        dmean: 0.0495005622506
        dmean2: 0.0830721333623
        dvar: 0.00138684071135
        dvar2: 0.00420020520687
        max: 0.799028992653
        mean: 0.665270328522
        min: 0.505621671677
        var: 0.00327674904838
    silence_rate_20dB:
        dmean: 0
        dmean2: 0
        dvar: 0
        dvar2: 0
        max: 1
        mean: 1
        min: 1
        var: 0
    silence_rate_30dB:
        dmean: 0
        dmean2: 0
        dvar: 0
        dvar2: 0
        max: 1
        mean: 1
        min: 1
        var: 0
    silence_rate_60dB:
        dmean: 0.0325581394136
        dmean2: 0.062937065959
        dvar: 0.0314981266856
        dvar2: 0.0589759983122
        max: 1
        mean: 0.0951276123524
        min: 0
        var: 0.0860783010721
    spectral_centroid:
        dmean: 192.512893677
        dmean2: 307.039672852
        dvar: 27619.0371094
        dvar2: 60127.7382812
        max: 3315.61254883
        mean: 2400.3293457
        min: 1569.28820801
        var: 99460.625
    spectral_complexity:
        dmean: 3.49299073219
        dmean2: 5.14051532745
        dvar: 9.84340190887
        dvar2: 20.3502998352
        max: 44
        mean: 24.6573429108
        min: 5
        var: 71.2975006104
    spectral_crest:
        dmean: 1.38696587086
        dmean2: 2.36415266991
        dvar: 1.4436044693
        dvar2: 4.16677093506
        max: 12.9323196411
        mean: 6.06116056442
        min: 3.36807990074
        var: 2.57581996918
    spectral_decrease:
        dmean: 2.13700362961e-10
        dmean2: 3.3295999291e-10
        dvar: 3.81751219771e-20
        dvar2: 8.09445989467e-20
        max: -3.12995379614e-10
        mean: -1.26469534845e-09
        min: -2.52676191081e-09
        var: 1.7913080841e-19
    spectral_energy:
        dmean: 0.00102679035626
        dmean2: 0.00158827111591
        dvar: 8.5899688429e-07
        dvar2: 1.80915913006e-06
        max: 0.0124404514208
        mean: 0.00611101090908
        min: 0.00145449955016
        var: 4.1870239329e-06
    spectral_energyband_high:
        dmean: 0.000236359570408
        dmean2: 0.000369129294995
        dvar: 5.67070941315e-08
        dvar2: 1.32633871885e-07
        max: 0.00257477536798
        mean: 0.000888916780241
        min: 8.32586083561e-05
        var: 2.54274397093e-07
    spectral_energyband_low:
        dmean: 0.000102065001556
        dmean2: 0.000176147528691
        dvar: 3.26837081843e-08
        dvar2: 8.74625669667e-08
        max: 0.00130544113927
        mean: 0.000130436455947
        min: 3.58247120857e-06
        var: 2.79234129152e-08
    spectral_energyband_middle_high:
        dmean: 0.00084279384464
        dmean2: 0.00134262489155
        dvar: 5.16144325502e-07
        dvar2: 1.15649925192e-06
        max: 0.00883655436337
        mean: 0.00390617153607
        min: 0.000791840546299
        var: 2.13892781176e-06
    spectral_energyband_middle_low:
        dmean: 0.000369581073755
        dmean2: 0.000589149363805
        dvar: 1.59343059636e-07
        dvar2: 3.63983872376e-07
        max: 0.00409815181047
        mean: 0.00118549028412
        min: 0.000109206172056
        var: 4.13927665477e-07
    spectral_flatness_db:
        dmean: 0.010819950141
        dmean2: 0.0167706906796
        dvar: 8.09154080343e-05
        dvar2: 0.000189469545148
        max: 0.205449059606
        mean: 0.149051606655
        min: 0.0986692607403
        var: 0.000371758884285
    spectral_flux:
        dmean: 0.00612282194197
        dmean2: 0.00930669903755
        dvar: 2.78705629171e-05
        dvar2: 5.92403266637e-05
        max: 0.0936612188816
        mean: 0.0476845689118
        min: 0.0216044522822
        var: 0.000112450012239
    spectral_kurtosis:
        dmean: 0.850673854351
        dmean2: 1.44922852516
        dvar: 0.581407546997
        dvar2: 1.70588600636
        max: 10.4336032867
        mean: 3.91015076637
        min: 1.02883958817
        var: 1.20685064793
    spectral_rms:
        dmean: 0.000206072159926
        dmean2: 0.000318973063258
        dvar: 3.41378090241e-08
        dvar2: 7.00335149872e-08
        max: 0.00348382350057
        mean: 0.00240424578078
        min: 0.00119122792967
        var: 1.81565923185e-07
    spectral_rolloff:
        dmean: 185.547683716
        dmean2: 312.155700684
        dvar: 27239.140625
        dvar2: 73622.578125
        max: 4414.30664062
        mean: 3870.10302734
        min: 2906.98242188
        var: 104334.25
    spectral_skewness:
        dmean: 0.140201643109
        dmean2: 0.233447745442
        dvar: 0.0174279194325
        dvar2: 0.0417084246874
        max: 2.84895038605
        mean: 1.27016878128
        min: 0.533292233944
        var: 0.0410062223673
    spectral_spread:
        dmean: 382565.96875
        dmean2: 552590.25
        dvar: 218616332288
        dvar2: 324014145536
        max: 10034212
        mean: 4198537
        min: 2571852.75
        var: 818666602496
    spectral_strongpeak:
        dmean: 0.909204661846
        dmean2: 1.56460726261
        dvar: 0.642877161503
        dvar2: 1.62212252617
        max: 4.58355474472
        mean: 1.44521641731
        min: 0.0422704182565
        var: 1.20370471478
    zerocrossingrate:
        dmean: 0.00577723421156
        dmean2: 0.00747516285628
        dvar: 2.88652991003e-05
        dvar2: 4.16786861024e-05
        max: 0.15771484375
        mean: 0.124726839364
        min: 0.064453125
        var: 0.000145751968375
    barkbands:
        dmean: [9.58552135444e-08, 2.43393096753e-05, 8.44030437293e-05, 0.000153336193762, 0.00015286062262, 0.000129574487801, 5.32328849658e-05, 3.64316838386e-05, 0.000155562069267, 6.03879707342e-05, 0.00010363398178, 4.4762971811e-05, 8.96875935723e-05, 0.000130837026518, 0.000127297767904, 0.000186721154023, 0.000337416422553, 0.000245511357207, 0.000420678290538, 0.000286850350676, 0.000112440422527, 1.44844889292e-05, 2.94919095722e-06, 1.74943443199e-06, 1.33100343191e-06, 6.67593340609e-08, 1.7746005776e-09]
        dmean2: [1.69833626273e-07, 4.03071535402e-05, 0.000147495200508, 0.000260867003817, 0.000255156686762, 0.000212225844734, 8.42772933538e-05, 5.80574487685e-05, 0.00025077193277, 9.97106762952e-05, 0.000158507129527, 7.17910515959e-05, 0.000143391298479, 0.000214189276448, 0.000206808515941, 0.000303374137729, 0.000561931694392, 0.000402999459766, 0.000706118240487, 0.000480873946799, 0.00017723235942, 2.23995011766e-05, 4.50158677268e-06, 2.66036659013e-06, 1.90467369521e-06, 9.3245972721e-08, 2.12450190773e-09]
        dvar: [3.06869194769e-14, 2.0925816635e-09, 2.02015026929e-08, 4.68846330648e-08, 3.1698096592e-08, 1.97552818548e-08, 6.4999721161e-09, 3.98052968364e-09, 8.49231156508e-08, 1.0630953895e-08, 4.43544045936e-08, 1.20990009123e-08, 4.82460542628e-08, 3.03999101448e-08, 3.31672396214e-08, 3.7450472945e-08, 1.04239120446e-07, 5.81014703016e-08, 1.58313653742e-07, 7.51046798086e-08, 1.33726265616e-08, 2.29980423594e-10, 1.38015519152e-11, 5.73323203149e-12, 6.64948781801e-12, 1.35087990802e-14, 7.28897632678e-16]
        dvar2: [8.70115137168e-14, 5.16010656426e-09, 5.53879857534e-08, 1.1861487792e-07, 9.30939023647e-08, 5.09431750118e-08, 1.60149120632e-08, 9.33092270117e-09, 2.16063739344e-07, 2.73717777333e-08, 1.08318246816e-07, 2.8121363016e-08, 1.03896134362e-07, 6.83485836817e-08, 7.77760078563e-08, 1.04096287146e-07, 2.93605268098e-07, 1.50765998796e-07, 4.12622597423e-07, 1.90519926946e-07, 3.36761480924e-08, 4.74352557234e-10, 2.92515525691e-11, 1.28051328221e-11, 1.22429505769e-11, 2.32934551774e-14, 7.28146790909e-16]
        max: [9.9239082374e-07, 0.000332788389642, 0.00101582868956, 0.00204497994855, 0.00172505632509, 0.00130603043362, 0.000861836539116, 0.000737586175092, 0.00266335066408, 0.00138826970942, 0.00280220084824, 0.00123921781778, 0.00273942481726, 0.00145076063927, 0.00254424172454, 0.00259199086577, 0.00258653075434, 0.00184254837222, 0.00382840703242, 0.00259557319805, 0.00114849105012, 0.000173663924215, 4.78888214275e-05, 2.85021305899e-05, 4.81444185425e-05, 1.6462606709e-06, 5.60437342756e-07]
        mean: [8.4506211806e-08, 2.67660980171e-05, 0.000103589467471, 0.000219298410229, 0.000341778271832, 0.000245720439125, 9.06304703676e-05, 6.13223819528e-05, 0.000220455229282, 9.41230464377e-05, 0.000160341631272, 6.71171437716e-05, 0.000141041702591, 0.000207552293432, 0.000205154239666, 0.000413729285356, 0.000688525906298, 0.00056430127006, 0.000989265972748, 0.000875407073181, 0.00033300355426, 4.49226427008e-05, 8.4878593043e-06, 4.88421801492e-06, 3.37648793902e-06, 1.3535387211e-07, 1.83119197583e-09]
        min: [1.14366162374e-10, 4.93884385833e-07, 2.4219016268e-06, 7.81128733252e-07, 1.84347809409e-05, 9.91046726995e-06, 4.4092769258e-07, 2.5284430194e-07, 3.51770540874e-06, 1.6892822714e-06, 2.39760106524e-06, 1.94037329493e-06, 3.36520474775e-06, 5.30869920112e-06, 9.31056820264e-06, 1.7091011614e-05, 5.19863860973e-05, 4.78610309074e-05, 0.000108647545858, 8.4958235675e-05, 3.23828535329e-05, 4.22995162808e-06, 7.55638552619e-07, 1.97739197461e-07, 1.13842475002e-07, 4.10585254684e-09, 3.17217145563e-13]
        var: [2.67459038722e-14, 1.97461536011e-09, 1.71652683179e-08, 6.90890402666e-08, 6.4513805853e-08, 3.92035879315e-08, 9.67920321671e-09, 7.21273218929e-09, 1.09400389192e-07, 1.69430407482e-08, 1.07251658221e-07, 1.41442715318e-08, 8.30056308132e-08, 6.10749495422e-08, 6.98183058034e-08, 9.31394552595e-08, 1.88427748071e-07, 1.17332326965e-07, 2.83003089407e-07, 2.71798512586e-07, 4.46496351003e-08, 8.8789053887e-10, 4.54483881085e-11, 2.17460181806e-11, 1.77042217692e-11, 3.9228555571e-14, 7.29495637938e-16]
    mfcc:
        mean: [-676.665649414, 83.2967147827, -65.0685653687, 61.4079208374, -10.0189685822, -11.8211088181, -0.776504099369, -12.4874820709, -0.45316952467, -8.05178356171, -12.7538337708, -11.0761880875, -7.04117965698]
        cov: [[733.320922852, -62.3570251465, 130.388412476, -171.860244751, -102.818786621, -14.8543348312, 87.2376785278, 21.9561920166, -5.77324008942, 78.837348938, 69.0140304565, 76.1916427612, -46.9400024414], [-62.3570251465, 187.14805603, -79.1887512207, 12.1596565247, -14.0102405548, 33.1666526794, 45.5784034729, 17.9870967865, 10.4728088379, -3.17091536522, -5.37353801727, 18.8236198425, -2.74034428596], [130.388412476, -79.1887512207, 237.697662354, -1.53599095345, 13.245098114, -26.5545215607, -9.07114601135, 3.40668439865, -12.7252511978, 11.6633300781, 19.537651062, 17.4098014832, 9.25594425201], [-171.860244751, 12.1596565247, -1.53599095345, 164.733932495, 45.7317771912, 7.97651100159, -11.2348241806, -1.57031536102, 21.900604248, 2.01976466179, -23.6176948547, -15.4961910248, 34.9604568481], [-102.818786621, -14.0102405548, 13.245098114, 45.7317771912, 91.4814834595, 14.9792461395, -27.7349414825, 4.93183946609, 10.6950054169, -10.5815448761, -7.549264431, -16.508014679, 8.23034763336], [-14.8543348312, 33.1666526794, -26.5545215607, 7.97651100159, 14.9792461395, 62.7906150818, 32.5910301208, 5.33967494965, -8.06848621368, 0.512858211994, 0.960645258427, 2.5639705658, 2.18896532059], [87.2376785278, 45.5784034729, -9.07114601135, -11.2348241806, -27.7349414825, 32.5910301208, 98.2619400024, 21.7019081116, -7.9383392334, 3.80899810791, -0.426889747381, 24.8670787811, -3.16631603241], [21.9561920166, 17.9870967865, 3.40668439865, -1.57031536102, 4.93183946609, 5.33967494965, 21.7019081116, 56.6934127808, 15.370970726, -3.04558396339, 5.11969661713, 12.552854538, -7.51437807083], [-5.77324008942, 10.4728088379, -12.7252511978, 21.900604248, 10.6950054169, -8.06848621368, -7.9383392334, 15.370970726, 56.6775970459, 26.1302871704, 3.9336669445, 2.77246618271, 3.97779154778], [78.837348938, -3.17091536522, 11.6633300781, 2.01976466179, -10.5815448761, 0.512858211994, 3.80899810791, -3.04558396339, 26.1302871704, 69.6407775879, 28.7927703857, 12.4598369598, -4.33833789825], [69.0140304565, -5.37353801727, 19.537651062, -23.6176948547, -7.549264431, 0.960645258427, -0.426889747381, 5.11969661713, 3.9336669445, 28.7927703857, 57.3651390076, 24.5250778198, -7.05553245544], [76.1916427612, 18.8236198425, 17.4098014832, -15.4961910248, -16.508014679, 2.5639705658, 24.8670787811, 12.552854538, 2.77246618271, 12.4598369598, 24.5250778198, 53.9527931213, 12.3047170639], [-46.9400024414, -2.74034428596, 9.25594425201, 34.9604568481, 8.23034763336, 2.18896532059, -3.16631603241, -7.51437807083, 3.97779154778, -4.33833789825, -7.05553245544, 12.3047170639, 59.215045929]]
        icov: [[0.00337894167751, 0.0013173246989, -0.00136059592478, 0.00243166438304, 0.00147057382856, 8.52452430991e-05, -0.00231944769621, -0.000138093033456, -0.000468499580165, -0.00269050966017, 0.00030250029522, -0.00238875066862, 0.0015341656981], [0.0013173246989, 0.00832940544933, 0.00160567299463, -0.000204237730941, 0.00172482803464, -0.00266507291235, -0.00242258026265, -0.000511918740813, -0.0020017111674, 0.000271013763268, 0.000987723935395, -0.00434971833602, 0.00213946332224], [-0.00136059592478, 0.00160567299463, 0.00636432180181, -0.00127562601119, -0.00257806666195, 0.00292976340279, -1.67680609593e-05, -0.00121825933456, 0.00321687548421, -0.000655436422676, -0.000781938375439, -0.00106038642116, -0.00128833379131], [0.00243166438304, -0.000204237730941, -0.00127562601119, 0.0108895953745, -0.00270981062204, 0.000394845526898, -0.00219783675857, -0.00017394288443, -0.0020044313278, -0.00402043713257, 0.00278841750696, 0.00109113904182, -0.00414361525327], [0.00147057382856, 0.00172482803464, -0.00257806666195, -0.00270981062204, 0.0188664123416, -0.00917401630431, 0.00549804931507, -0.00246485276148, -0.0047850580886, 0.00338943884708, -0.000643530336674, 0.00110266066622, 0.00121042446699], [8.52452430991e-05, -0.00266507291235, 0.00292976340279, 0.000394845526898, -0.00917401630431, 0.0270464792848, -0.0102398442104, -0.000194788604858, 0.00728908274323, -0.0039475094527, -0.00318891229108, 0.00329519971274, -0.0028873460833], [-0.00231944769621, -0.00242258026265, -1.67680609593e-05, -0.00219783675857, 0.00549804931507, -0.0102398442104, 0.0211216844618, -0.00604482274503, 0.00317154801451, -0.000442459451733, 0.00574473571032, -0.00554637191817, 0.000917690107599], [-0.000138093033456, -0.000511918740813, -0.00121825933456, -0.00017394288443, -0.00246485276148, -0.000194788604858, -0.00604482274503, 0.0258857235312, -0.0111793708056, 0.00794512685388, -0.00287185725756, -0.0044481488876, 0.00538662448525], [-0.000468499580165, -0.0020017111674, 0.00321687548421, -0.0020044313278, -0.0047850580886, 0.00728908274323, 0.00317154801451, -0.0111793708056, 0.0318725034595, -0.015208392404, 0.0037293524947, 4.249894846e-05, -0.0034566312097], [-0.00269050966017, 0.000271013763268, -0.000655436422676, -0.00402043713257, 0.00338943884708, -0.0039475094527, -0.000442459451733, 0.00794512685388, -0.015208392404, 0.0292569585145, -0.0123193124309, 0.00141505955253, 0.00241848570295], [0.00030250029522, 0.000987723935395, -0.000781938375439, 0.00278841750696, -0.000643530336674, -0.00318891229108, 0.00574473571032, -0.00287185725756, 0.0037293524947, -0.0123193124309, 0.031497374177, -0.0144366491586, 0.00451127439737], [-0.00238875066862, -0.00434971833602, -0.00106038642116, 0.00109113904182, 0.00110266066622, 0.00329519971274, -0.00554637191817, -0.0044481488876, 4.249894846e-05, 0.00141505955253, -0.0144366491586, 0.0370582528412, -0.0130293592811], [0.0015341656981, 0.00213946332224, -0.00128833379131, -0.00414361525327, 0.00121042446699, -0.0028873460833, 0.000917690107599, 0.00538662448525, -0.0034566312097, 0.00241848570295, 0.00451127439737, -0.0130293592811, 0.0251760166138]]
    spectral_contrast:
        mean: [9.17428693015e-08, -1.26260424338e-08, -1.81141146527e-08, 1.05662778083e-07, -3.37742278589e-07, -1.44079294273e-07, -7.23262076008e-07, 1.86316617601e-06, -2.73339060186e-06, 5.30147872269e-06, -2.06184836316e-07, -2.91882133752e-06]
        var: [0.000220504633035, 0.000440461881226, 0.00111149530858, 0.00164397247136, 0.00254006381147, 0.00289069255814, 0.0385515354574, 0.0565689206123, 0.116123154759, 0.165562346578, 0.270783096552, 0.595578014851]

rhythm:
    beats_loudness:
        dmean: 0.00143463164568
        dmean2: 0.00224398868158
        dvar: 1.29100737922e-06
        dvar2: 2.11178212339e-06
        max: 0.0088688666001
        mean: 0.00688088405877
        min: 0.00422893371433
        var: 2.26786437452e-06
    beats_loudness_bass:
        dmean: 0.0366493687034
        dmean2: 0.0648851171136
        dvar: 0.000681281206198
        dvar2: 0.00120679324027
        max: 0.12287081033
        mean: 0.0536756850779
        min: 0.0204188022763
        var: 0.000974771450274
    bpm: 93.1345062256
    bpm_confidence: 0
    first_peak_bpm: 92
    first_peak_spread: 0.428571462631
    first_peak_weight: 0.533333361149
    onset_rate: 2.89858031273
    second_peak_bpm: 79
    second_peak_spread: 0
    second_peak_weight: 0.0666666701436
    beats_position: [0.101678311825, 0.751611471176, 1.40154457092, 2.05147767067, 2.70141100883, 3.35134410858, 4.00127696991, 4.65121030807, 5.3011431694, 6.06151580811, 6.6987953186, 7.3360748291, 7.9733543396, 8.6106338501, 9.2479133606, 9.88519287109]
    bpm_estimates: [93.2260437012, 91.5881729126, 92.8357849121, 92.2630233765, 91.6947174072, 94.1394195557, 94.5097732544, 93.9022979736, 94.0513916016]
    bpm_intervals: [0.649933159351, 0.649933099747, 0.649933099747, 0.649933338165, 0.649933099747, 0.649932861328, 0.649933338165, 0.649932861328, 0.760372638702, 0.637279510498, 0.637279510498, 0.637279510498, 0.637279510498, 0.637279510498, 0.637279510498]
    onset_times: [0.0464399084449, 0.197369620204, 0.336689352989, 0.708208620548, 0.824308395386, 0.986848056316, 1.14938771725, 1.64861679077, 1.83437645435, 2.15945577621, 2.35682535172, 2.48453521729, 2.67029476166, 2.97215414047, 3.30884361267, 3.47138333321, 3.61070299149, 3.97061228752, 4.45823144913, 5.41024923325, 6.06040811539, 6.98920631409, 7.07047605515, 7.24462604523, 7.97605419159, 8.62621307373, 8.95129299164, 9.26476192474, 9.45052146912]
    rubato_start: []
    rubato_stop: []
    perceptual_tempo: "unknown"

sfx:
    inharmonicity:
        dmean: 0.0674468353391
        dmean2: 0.11852350086
        dvar: 0.00389595143497
        dvar2: 0.0110415527597
        max: 0.334354400635
        mean: 0.079357162118
        min: 0
        var: 0.00475170323625
    oddtoevenharmonicenergyratio:
        dmean: 3.9486284256
        dmean2: 7.60626173019
        dvar: 587.336608887
        dvar2: 1753.5892334
        max: 354.607299805
        mean: 2.47831225395
        min: 0
        var: 299.054992676
    pitch_after_max_to_before_max_energy_ratio: 23.0954608917
    pitch_centroid: 181.600997925
    pitch_max_to_total: 0.0466200448573
    pitch_min_to_total: 0.3449883461
    tristimulus:
        dmean: [0.161163657904, 0.292698889971, 0.193929463625]
        dmean2: [0.277680575848, 0.521486699581, 0.355051130056]
        dvar: [0.0232262145728, 0.056167639792, 0.02886573039]
        dvar2: [0.0663526281714, 0.160619288683, 0.0730510652065]
        max: [1, 0.991454303265, 0.626613378525]
        mean: [0.258498638868, 0.455653309822, 0.180081084371]
        min: [0.00854574888945, 0, 0]
        var: [0.0277871731669, 0.0746537223458, 0.0364378653467]

tonal:
    chords_changes_rate: 0.0416666679084
    chords_number_rate: 0.0185185186565
    chords_strength:
        dmean: 0.00839945953339
        dmean2: 0.00813003629446
        dvar: 4.85469681735e-05
        dvar2: 5.16621512361e-05
        max: 0.656757056713
        mean: 0.533218383789
        min: 0.362479478121
        var: 0.00411583576351
    key_strength: 0.725680172443
    tuning_diatonic_strength: 0.715661585331
    tuning_equal_tempered_deviation: 0.146993175149
    tuning_frequency: 436.456176758
    tuning_nontempered_energy_ratio: 0.835227668285
    hpcp:
        dmean: [0.210999637842, 0.181908965111, 0.140468209982, 0.113007165492, 0.0999749675393, 0.112135708332, 0.163553759456, 0.194115638733, 0.16280387342, 0.150164470077, 0.145335271955, 0.165787547827, 0.167875394225, 0.117739498615, 0.144994497299, 0.220225423574, 0.170390322804, 0.111622236669, 0.112569980323, 0.0905730649829, 0.121668718755, 0.170204788446, 0.198296278715, 0.191149398685, 0.139403551817, 0.100634895265, 0.113652482629, 0.13784198463, 0.141384691, 0.103335544467, 0.102197222412, 0.118784472346, 0.157811552286, 0.216003105044, 0.197513923049, 0.197189167142]
        dmean2: [0.372202992439, 0.312312424183, 0.246069833636, 0.193552747369, 0.173876091838, 0.192118450999, 0.271444380283, 0.330591291189, 0.262017011642, 0.246739760041, 0.24918654561, 0.283748567104, 0.290036350489, 0.196538463235, 0.242164552212, 0.376519292593, 0.286800265312, 0.195198908448, 0.191062673926, 0.15148344636, 0.20967027545, 0.286292999983, 0.322910517454, 0.319029450417, 0.222055152059, 0.16219983995, 0.192627489567, 0.235869750381, 0.234322592616, 0.169066771865, 0.172129228711, 0.199326083064, 0.271355509758, 0.377523571253, 0.330327957869, 0.345388203859]
        dvar: [0.0349534451962, 0.0232901815325, 0.0183703806251, 0.0127466907725, 0.00917850527912, 0.0148697672412, 0.0195860061795, 0.0316832773387, 0.0159484576434, 0.0212561562657, 0.0214713569731, 0.0204666741192, 0.025737432763, 0.0128016415983, 0.0165767651051, 0.0390185415745, 0.0237910207361, 0.0144574213773, 0.02301004529, 0.0162249002606, 0.0216686781496, 0.0307395160198, 0.0248199198395, 0.0379159115255, 0.0206748265773, 0.0197038892657, 0.0242654997855, 0.0265049505979, 0.0228286795318, 0.0095981946215, 0.010531861335, 0.0168561972678, 0.0209170188755, 0.0405873395503, 0.0268491916358, 0.0263918340206]
        dvar2: [0.0964300483465, 0.0631259381771, 0.0530779659748, 0.0363103859127, 0.0230704285204, 0.0398252606392, 0.0509717874229, 0.0713382437825, 0.0435064584017, 0.0553330406547, 0.0604992769659, 0.0565498173237, 0.0724595636129, 0.0337057262659, 0.0490428581834, 0.100942835212, 0.0652616843581, 0.0377735607326, 0.0591429956257, 0.03526699543, 0.0560338385403, 0.0734495744109, 0.0659277290106, 0.0900010690093, 0.0445461794734, 0.0479610078037, 0.06536141783, 0.0602370128036, 0.0506907552481, 0.0224556718022, 0.0266529023647, 0.0447557903826, 0.0539219677448, 0.10276325047, 0.0781111121178, 0.0747835636139]
        max: [1, 1, 0.908423900604, 0.821183502674, 0.678434550762, 1, 1, 1, 1, 1, 1, 0.95044952631, 1, 1, 0.931569159031, 1, 1, 1, 1, 1, 1, 1, 1, 1, 1, 1, 1, 1, 1, 0.833229899406, 0.717633366585, 1, 1, 1, 1, 1]
        mean: [0.522989392281, 0.447705060244, 0.270926237106, 0.224796026945, 0.199675649405, 0.242951393127, 0.398851364851, 0.481230229139, 0.37454649806, 0.298280507326, 0.298404097557, 0.320684403181, 0.319356173277, 0.249668478966, 0.313036739826, 0.455082327127, 0.358301222324, 0.215038985014, 0.194280728698, 0.158965021372, 0.227564245462, 0.482765316963, 0.531832396984, 0.337294459343, 0.213638588786, 0.153063699603, 0.153801724315, 0.217187002301, 0.233740255237, 0.202478095889, 0.185737296939, 0.184870362282, 0.291466832161, 0.503308236599, 0.482942551374, 0.39572301507]
        min: [0.0719090923667, 0.0546674057841, 0.0249776300043, 0.0248457118869, 0.0259029176086, 0.0165654122829, 0.0387523509562, 0.0510975047946, 0.0452379584312, 0.0283337347209, 0.0214282050729, 0.0226422324777, 0.0223201923072, 0.0362707860768, 0.0501207634807, 0.0549462549388, 0.0457589887083, 0.030036887154, 0.013940423727, 0.00665247440338, 0.0140668936074, 0.0358646474779, 0.0518745332956, 0.0324700921774, 0.00566591415554, 0.00605456065387, 0.0104526588693, 0.0170539878309, 0.0246581602842, 0.0284268036485, 0.0178252421319, 0.0109559278935, 0.0240778923035, 0.0754413828254, 0.0356289707124, 0.0354361273348]
        var: [0.0825251713395, 0.0684968009591, 0.0251302924007, 0.0182651877403, 0.0159199610353, 0.0284252595156, 0.0615710057318, 0.0836299806833, 0.0435851477087, 0.0343942083418, 0.0337783508003, 0.0391200296581, 0.0419654361904, 0.0209854859859, 0.0277288090438, 0.078933224082, 0.052455868572, 0.026257570833, 0.041843034327, 0.0323729217052, 0.0550056286156, 0.094907194376, 0.0769707784057, 0.053961828351, 0.0540793463588, 0.0371420830488, 0.0259895902127, 0.0404147580266, 0.0382016859949, 0.018822196871, 0.016487557441, 0.0222904719412, 0.0327341221273, 0.0770037770271, 0.0610624030232, 0.0475242994726]
    chords_histogram: [48.6111106873, 0, 34.7222213745, 0, 0, 0, 0, 0, 0, 0, 0, 0, 0, 0, 0, 12.9629631042, 0, 3.70370364189, 0, 0, 0, 0, 0, 0]
    thpcp: [1, 0.634211957455, 0.401702851057, 0.28780439496, 0.289192080498, 0.408374905586, 0.439499855042, 0.380717873573, 0.349240273237, 0.347610205412, 0.548042654991, 0.946366250515, 0.908072829247, 0.744074642658, 0.983372569084, 0.841816067696, 0.509420335293, 0.422682076693, 0.375448465347, 0.456819474697, 0.749956905842, 0.90485316515, 0.704256653786, 0.560854315758, 0.561086714268, 0.602980196476, 0.60048276186, 0.469449549913, 0.588600337505, 0.855687499046, 0.673710763454, 0.404336005449, 0.36530444026, 0.298900604248, 0.427887141705, 0.907739579678]
    chords_key: "A"
    chords_scale: "major"
    key_key: "A"
    key_scale: "major"
    chords_progression: ["E", "E", "E", "E", "E", "E", "E", "E", "E", "E", "E", "E", "E", "E", "E", "E", "E", "E", "E", "E", "E", "E", "E", "E", "E", "E", "E", "E", "E", "E", "E", "E", "E", "E", "Am", "Am", "Am", "Am", "Am", "Am", "Am", "Am", "A", "A", "A", "A", "A", "A", "A", "A", "A", "A", "A", "A", "A", "A", "A", "A", "Dm", "Dm", "E", "E", "E", "E", "E", "E", "E", "E", "E", "E", "E", "E", "E", "E", "E", "E", "E", "E", "E", "E", "E", "E", "E", "E", "E", "E", "E", "E", "E", "E", "E", "E", "E", "E", "E", "E", "E", "E", "E", "E", "A", "A", "A", "A", "A", "A", "A", "A", "A", "A", "A", "A", "A", "A", "A", "Dm", "Dm", "Dm", "Dm", "Dm", "Dm", "Dm", "Dm", "Dm", "Dm", "Dm", "Dm", "Dm", "Dm", "Dm", "Dm", "Dm", "Dm", "Dm", "Dm", "Dm", "Dm", "Dm", "Dm", "Dm", "Dm", "A", "A", "A", "A", "A", "A", "A", "A", "A", "A", "A", "A", "A", "A", "A", "A", "A", "A", "A", "A", "A", "A", "A", "A", "A", "A", "A", "A", "A", "A", "A", "A", "A", "A", "A", "A", "A", "A", "A", "A", "A", "A", "A", "A", "A", "A", "A", "A", "A", "A", "A", "A", "A", "A", "A", "A", "A", "A", "A", "A", "A", "A", "A", "A", "E", "A", "A", "A", "A", "A", "A", "A", "A", "A", "A"]
