
metadata:
    version:
        essentia: "1.2.2"
    audio_properties:
        analysis_sample_rate: 44100
        bitrate: 128
        channels: 2
        equal_loudness: 1
        length: 10.0571432114
        replay_gain: -12.2090892792
        downmix: "mix"
    tags:
        track: 15
        year: 0
        album: "Splitted by Mp3Splt v. 2.1"
        artist: "From 002.20 To 002.30"
        comment: "http://mp3splt.sf.net"
        genre: ""
        title: "13 Time Will Crawl.mp3"

highlevel:
    ballroom:
        all:
            ChaChaCha: 0.138550952077
            Jive: 0.416665405035
            Quickstep: 0.185422897339
            Rumba-American: 0.00147779658437
            Rumba-International: 0.00459803408012
            Rumba-Misc: 0.00139410677366
            Samba: 0.189013332129
            Tango: 0.0354122556746
            VienneseWaltz: 0.0238504782319
            Waltz: 0.00361473602243
        probability: 0.416665405035
        value: "Jive"
    culture:
        all:
            non_western: 0.231106549501
            western: 0.768893480301
        probability: 0.768893480301
        value: "western"
    gender:
        all:
            female: 0.258085221052
            male: 0.741914749146
        probability: 0.741914749146
        value: "male"
    genre_dortmund:
        all:
            alternative: 0.132364466786
            blues: 0.0178332291543
            electronic: 0.0187890734524
            folkcountry: 0.155158892274
            funksoulrnb: 0.0233006794006
            jazz: 0.191987499595
            pop: 0.108487568796
            raphiphop: 0.00157886336092
            rock: 0.350499719381
        probability: 0.350499719381
        value: "rock"
    genre_electronica:
        all:
            ambient: 0.341574847698
            dnb: 0.163631141186
            house: 0.121668130159
            techno: 0.0429114513099
            trance: 0.330214440823
        probability: 0.341574847698
        value: "ambient"
    genre_rosamerica:
        all:
            cla: 0.056873049587
            dan: 0.0294614769518
            hip: 0.0124200461432
            jaz: 0.112374186516
            pop: 0.355961292982
            rhy: 0.0421681068838
            roc: 0.386584669352
            spe: 0.00415716785938
        probability: 0.386584669352
        value: "roc"
    genre_tzanetakis:
        all:
            blu: 0.0218124762177
            cla: 0.053353164345
            cou: 0.132256388664
            dis: 0.0995507240295
            hip: 0.00734440144151
            jaz: 0.160794228315
            met: 0.0362564101815
            pop: 0.0382829122245
            reg: 0.039827413857
            roc: 0.410521894693
        probability: 0.410521894693
        value: "roc"
    live_studio:
        all:
            live: 0.0211870074272
            studio: 0.978812992573
        probability: 0.978812992573
        value: "studio"
    mood:
        all:
            Cluster1: 0.3330552876
            Cluster2: 0.337419301271
            Cluster3: 0.0260751377791
            Cluster4: 0.168712168932
            Cluster5: 0.134738117456
        probability: 0.337419301271
        value: "Cluster2"
    mood_acoustic:
        all:
            acoustic: 0.0346424616873
            not_acoustic: 0.965357542038
        probability: 0.965357542038
        value: "not_acoustic"
    mood_aggressive:
        all:
            aggressive: 0.426842361689
            not_aggressive: 0.573157668114
        probability: 0.573157668114
        value: "not_aggressive"
    mood_electronic:
        all:
            electronic: 0.5
            not_electronic: 0.5
        probability: 0.5
        value: "electronic"
    mood_happy:
        all:
            happy: 0.92349332571
            not_happy: 0.0765066966414
        probability: 0.92349332571
        value: "happy"
    mood_party:
        all:
            not_party: 0.265127837658
            party: 0.734872162342
        probability: 0.734872162342
        value: "party"
    mood_relaxed:
        all:
            not_relaxed: 0.691737473011
            relaxed: 0.308262526989
        probability: 0.691737473011
        value: "not_relaxed"
    mood_sad:
        all:
            not_sad: 0.93922495842
            sad: 0.0607750341296
        probability: 0.93922495842
        value: "not_sad"
    rhythm:
        all:
            fast: 0.886465728283
            medium: 0.0437593385577
            slow: 0.0697749480605
        probability: 0.886465728283
        value: "fast"
    speech_music:
        all:
            music: 0.99999409914
            speech: 5.92119386056e-06
        probability: 0.99999409914
        value: "music"
    timbre:
        all:
            bright: 0.74110108614
            dark: 0.258898943663
        probability: 0.74110108614
        value: "bright"
    voice_instrumental:
        all:
            instrumental: 0.772512078285
            voice: 0.227487951517
        probability: 0.772512078285
        value: "instrumental"

lowlevel:
    average_loudness: 0.927780926228
    barkbands_kurtosis:
        dmean: 1.1075874567
        dmean2: 1.71810531616
        dvar: 4.0150179863
        dvar2: 6.92843198776
        max: 44.6005592346
        mean: 0.645674407482
        min: -1.80304121971
        var: 13.2593650818
    barkbands_skewness:
        dmean: 0.360342413187
        dmean2: 0.577584803104
        dvar: 0.104845203459
        dvar2: 0.229024499655
        max: 0.540538191795
        mean: -1.01145672798
        min: -6.23442459106
        var: 0.568622589111
    barkbands_spread:
        dmean: 5.39265012741
        dmean2: 8.87649726868
        dvar: 26.2659816742
        dvar2: 70.9131698608
        max: 60.1061058044
        mean: 27.7268981934
        min: 3.5818631649
        var: 104.82850647
    dissonance:
        dmean: 0.0143469562754
        dmean2: 0.024060536176
        dvar: 0.000592263764702
        dvar2: 0.000847183982842
        max: 0.499943912029
        mean: 0.477397382259
        min: 0.00877756346017
        var: 0.000752417370677
    hfc:
        dmean: 4.0639257431
        dmean2: 6.27101755142
        dvar: 46.5834465027
        dvar2: 114.732528687
        max: 76.4582061768
        mean: 10.954621315
        min: 1.39554085763e-05
        var: 117.896896362
    pitch:
        dmean: 627.112609863
        dmean2: 1212.52270508
        dvar: 1436266.125
        dvar2: 3623949.25
        max: 4009.09082031
        mean: 1207.27587891
        min: 98.4375
        var: 1919548.875
    pitch_instantaneous_confidence:
        dmean: 0.0835404247046
        dmean2: 0.131503045559
        dvar: 0.00547734368593
        dvar2: 0.0122362356633
        max: 0.978469610214
        mean: 0.539879024029
        min: 0.221634268761
        var: 0.0312294755131
    pitch_salience:
        dmean: 0.0596659220755
        dmean2: 0.0983411371708
        dvar: 0.00333242840134
        dvar2: 0.00855943281204
        max: 0.982291817665
        mean: 0.643205046654
        min: 0.428950488567
        var: 0.00555365905166
    silence_rate_20dB:
        dmean: 0
        dmean2: 0
        dvar: 0
        dvar2: 0
        max: 1
        mean: 1
        min: 1
        var: 0
    silence_rate_30dB:
        dmean: 0
        dmean2: 0
        dvar: 0
        dvar2: 0
        max: 1
        mean: 1
        min: 1
        var: 0
    silence_rate_60dB:
        dmean: 0.092165902257
        dmean2: 0.184757500887
        dvar: 0.0836717188358
        dvar2: 0.173716112971
        max: 1
        mean: 0.450574725866
        min: 0
        var: 0.247556835413
    spectral_centroid:
        dmean: 235.427398682
        dmean2: 393.714080811
        dvar: 43699.1914062
        dvar2: 111859.59375
        max: 3679.93334961
        mean: 2455.44262695
        min: 1141.49145508
        var: 217817
    spectral_complexity:
        dmean: 3.81986141205
        dmean2: 6.32407426834
        dvar: 25.9721355438
        dvar2: 59.9366188049
        max: 50
        mean: 13.963133812
        min: 0
        var: 62.1091499329
    spectral_crest:
        dmean: 1.62589752674
        dmean2: 2.68699216843
        dvar: 1.98353695869
        dvar2: 5.04284620285
        max: 22.1004676819
        mean: 6.65152025223
        min: 2.87364506721
        var: 6.92099571228
    spectral_decrease:
        dmean: 2.69045702384e-10
        dmean2: 4.19698970022e-10
        dvar: 1.97587741116e-19
        dvar2: 5.12914225124e-19
        max: -7.37363462288e-16
        mean: -8.17312106882e-10
        min: -3.99640320836e-09
        var: 3.7070422269e-19
    spectral_energy:
        dmean: 0.00137223023921
        dmean2: 0.00212158076465
        dvar: 5.21885749549e-06
        dvar2: 1.34225883812e-05
        max: 0.0210803970695
        mean: 0.00407834118232
        min: 4.04878131022e-09
        var: 1.062645606e-05
    spectral_energyband_high:
        dmean: 0.000329035508912
        dmean2: 0.000526301853824
        dvar: 2.74508323628e-07
        dvar2: 6.44332374122e-07
        max: 0.00641959579661
        mean: 0.000720816198736
        min: 1.53187962315e-09
        var: 6.61992032747e-07
    spectral_energyband_low:
        dmean: 8.11179925222e-05
        dmean2: 0.000141121592605
        dvar: 3.22041842082e-08
        dvar2: 8.80574049233e-08
        max: 0.00165997666772
        mean: 0.000104813771031
        min: 6.17207188136e-11
        var: 2.5858266639e-08
    spectral_energyband_middle_high:
        dmean: 0.00105645577423
        dmean2: 0.00164491683245
        dvar: 2.74493186225e-06
        dvar2: 6.67168114887e-06
        max: 0.018528483808
        mean: 0.00275544938631
        min: 2.0570674053e-09
        var: 6.04542492511e-06
    spectral_energyband_middle_low:
        dmean: 0.00020953360945
        dmean2: 0.000353134731995
        dvar: 1.3083862882e-07
        dvar2: 3.72280510419e-07
        max: 0.00342150684446
        mean: 0.000497257977258
        min: 3.84403758824e-10
        var: 1.12816799458e-07
    spectral_flatness_db:
        dmean: 0.0144220143557
        dmean2: 0.0214865133166
        dvar: 0.000190488397493
        dvar2: 0.000382967089536
        max: 0.310596078634
        mean: 0.146112039685
        min: 0.0624316968024
        var: 0.000983519363217
    spectral_flux:
        dmean: 0.00784922111779
        dmean2: 0.0123418550938
        dvar: 0.000129921390908
        dvar2: 0.000269254756859
        max: 0.111522741616
        mean: 0.0356526561081
        min: 6.36300319456e-05
        var: 0.000262727553491
    spectral_kurtosis:
        dmean: 0.838220059872
        dmean2: 1.44060337543
        dvar: 0.979906022549
        dvar2: 2.72634720802
        max: 13.834274292
        mean: 3.44657325745
        min: 0.57939863205
        var: 1.67064189911
    spectral_rms:
        dmean: 0.000300776504446
        dmean2: 0.000457923510112
        dvar: 1.70943621924e-07
        dvar2: 4.1842582732e-07
        max: 0.00453500170261
        mean: 0.0018720079679
        min: 1.98746829483e-06
        var: 4.7445320206e-07
    spectral_rolloff:
        dmean: 217.420669556
        dmean2: 373.092590332
        dvar: 45097.7773438
        dvar2: 102620.109375
        max: 4629.63867188
        mean: 3912.73974609
        min: 2670.1171875
        var: 139041.40625
    spectral_skewness:
        dmean: 0.13462460041
        dmean2: 0.219950765371
        dvar: 0.0169928502291
        dvar2: 0.0391989760101
        max: 2.94676280022
        mean: 1.19794249535
        min: 0.487547636032
        var: 0.0622568130493
    spectral_spread:
        dmean: 424727.53125
        dmean2: 587425.3125
        dvar: 678131138560
        dvar2: 898291400704
        max: 16811454
        mean: 4386114
        min: 2665872.5
        var: 1.31836844442e+12
    spectral_strongpeak:
        dmean: 1.10911786556
        dmean2: 1.80730962753
        dvar: 1.32359433174
        dvar2: 3.01426148415
        max: 13.5609807968
        mean: 2.07305860519
        min: 0
        var: 5.20950984955
    zerocrossingrate:
        dmean: 0.00643110368401
        dmean2: 0.00795943662524
        dvar: 4.51756714028e-05
        dvar2: 5.1580627769e-05
        max: 0.16943359375
        mean: 0.126815870404
        min: 0.005859375
        var: 0.000352470349753
    barkbands:
        dmean: [8.44372181064e-08, 3.83002115996e-05, 5.33840211574e-05, 6.02020409133e-05, 7.73322462919e-05, 3.00568281091e-05, 3.9788425056e-05, 6.89714797772e-05, 2.31939993682e-05, 3.16960868076e-05, 4.84988267999e-05, 8.06975294836e-05, 7.03180849086e-05, 8.51605072967e-05, 9.48110027821e-05, 0.000149094485096, 0.000182686955668, 0.000345038832165, 0.000235997678828, 0.000493743398692, 0.000183552692761, 2.61537497863e-05, 5.9289031924e-06, 2.05464471037e-06, 1.03496051906e-06, 1.24951014868e-07, 4.45315812003e-10]
        dmean2: [1.37976172709e-07, 6.49832581985e-05, 9.47082226048e-05, 0.000107104548078, 0.000133966590511, 5.20501052961e-05, 6.18423509877e-05, 0.000117238625535, 3.7828409404e-05, 5.30476245331e-05, 7.97920874902e-05, 0.000127298975713, 0.000113455243991, 0.000140655189171, 0.000157284361194, 0.00025115540484, 0.000311594718369, 0.000590081093833, 0.000403966318117, 0.000745153811295, 0.000284929992631, 4.26550141128e-05, 1.00361712612e-05, 3.09297888634e-06, 1.49943923589e-06, 1.96718517032e-07, 7.29369842301e-10]
        dvar: [8.42707048349e-14, 6.54584386695e-09, 1.3197257509e-08, 6.45678666089e-09, 1.86287163473e-08, 2.11162465291e-09, 4.9945594327e-09, 1.78744983259e-08, 9.52434575652e-10, 3.12242720568e-09, 9.47050704525e-09, 2.03353671679e-08, 1.55543258273e-08, 1.72922618447e-08, 2.40505038107e-08, 9.02014392068e-08, 7.93293466472e-08, 2.37078907617e-07, 1.07507382552e-07, 9.52954735567e-07, 1.35410473945e-07, 1.72274439159e-09, 1.13464231066e-10, 2.035692101e-11, 4.58530305739e-12, 1.44728386177e-13, 1.34646206044e-18]
        dvar2: [2.16111823532e-13, 1.7808535091e-08, 3.78330611284e-08, 1.92336528926e-08, 5.28029495683e-08, 5.83312909086e-09, 1.2380392711e-08, 5.03513142291e-08, 2.40566122578e-09, 8.39253466722e-09, 2.47811122733e-08, 4.79868234038e-08, 3.82002518506e-08, 4.08960296738e-08, 5.30502397567e-08, 2.40959224129e-07, 2.04506818591e-07, 6.33639842818e-07, 2.77975289009e-07, 1.80451115739e-06, 2.77698205764e-07, 4.02079969319e-09, 3.06738634492e-10, 4.82957285275e-11, 1.05423907451e-11, 3.75732322859e-13, 3.41897011623e-18]
        max: [4.07522293244e-06, 0.000656005402561, 0.00100391963497, 0.000492747523822, 0.00126251752954, 0.00037962506758, 0.000767287216149, 0.00114153546747, 0.000370526657207, 0.000481555704027, 0.000955723458901, 0.0016553621972, 0.00122233398724, 0.00105510174762, 0.0021435173694, 0.00463690748438, 0.00324260885827, 0.00447086570784, 0.00260819122195, 0.0170068182051, 0.00577733572572, 0.000361865910236, 8.00060370238e-05, 4.10459833802e-05, 2.08166511584e-05, 3.59796695193e-06, 1.50179371161e-08]
        mean: [1.12136582686e-07, 4.20866526838e-05, 6.26207111054e-05, 7.97904576757e-05, 0.000143452736665, 4.96423599543e-05, 7.36250003683e-05, 0.000105923863885, 3.99994896725e-05, 4.72402716696e-05, 6.90843226039e-05, 0.000148206250742, 0.000101851779618, 0.000144634672324, 0.000157742819283, 0.000260767701548, 0.000294290337479, 0.000531781814061, 0.000430068583228, 0.000876827631146, 0.000346897373674, 5.59558611712e-05, 9.81524044619e-06, 3.83876431442e-06, 1.93421033146e-06, 1.52068196257e-07, 4.67373750812e-10]
        min: [2.28942073632e-11, 3.19371959434e-11, 1.83925340236e-11, 1.61846439029e-11, 3.78727882389e-11, 4.21848875276e-11, 5.02734763541e-11, 7.56254711631e-11, 1.44866965646e-10, 8.8991029823e-11, 5.12046932633e-11, 6.16953640953e-11, 6.71209546277e-11, 4.05911380896e-11, 1.02557885795e-10, 6.71354985493e-11, 1.02510734276e-11, 1.18124898751e-10, 7.14665604473e-10, 1.19742349369e-09, 6.64549248963e-10, 1.42948042292e-10, 1.82908566765e-11, 1.02453497075e-11, 6.5571185634e-12, 6.54953175028e-12, 6.32794259158e-14]
        var: [5.32944016338e-14, 6.08690653436e-09, 9.06371333542e-09, 6.3458109878e-09, 1.64462363728e-08, 2.31079910762e-09, 1.37459377214e-08, 2.35761525857e-08, 1.46718626137e-09, 5.07010966544e-09, 1.49252201709e-08, 5.25697529952e-08, 2.83352772357e-08, 4.02916704445e-08, 5.11408480008e-08, 2.13914987057e-07, 1.45374585259e-07, 3.18200079619e-07, 1.56803963591e-07, 2.61049922301e-06, 3.51778879804e-07, 3.66225427761e-09, 1.53323395646e-10, 3.14012704727e-11, 7.66490690363e-12, 1.32530962658e-13, 9.35975335824e-19]
    mfcc:
        mean: [-712.750671387, 81.9633407593, -63.4372253418, 59.4491996765, -15.0313100815, 1.3145185709, 4.33994579315, -7.45459842682, -4.35931825638, -2.84583592415, -2.86531352997, -2.2143228054, -3.99772953987]
        cov: [[3474.28637695, -624.185852051, -36.3798751831, -159.741851807, -36.9066390991, 15.9617519379, -27.6422462463, -31.8672733307, -59.8212623596, -61.6388397217, -60.4635505676, -12.2727680206, -18.1312599182], [-624.185852051, 451.923614502, -30.7297649384, 78.4463043213, 23.2851791382, -3.4516646862, 13.9571647644, 26.0714607239, 35.4486999512, 2.12131428719, 45.8569259644, 47.8417472839, 26.1250114441], [-36.3798751831, -30.7297649384, 195.918869019, -2.37128949165, 33.2930793762, -7.27722358704, 26.9242782593, 3.07559204102, 5.36837673187, 4.8012213707, -2.57737612724, -17.7749404907, -10.8612117767], [-159.741851807, 78.4463043213, -2.37128949165, 163.519485474, 17.7711048126, 8.49897670746, -20.4745063782, 1.30646169186, 4.39460802078, 39.3877372742, 11.5327358246, 9.13961029053, -5.54236030579], [-36.9066390991, 23.2851791382, 33.2930793762, 17.7711048126, 99.2913970947, 29.7707824707, 13.1962575912, 14.4463949203, 21.2934360504, 19.4991340637, 22.3645915985, 14.8470182419, 12.4738111496], [15.9617519379, -3.4516646862, -7.27722358704, 8.49897670746, 29.7707824707, 83.7669143677, 20.2075424194, 12.526515007, 9.87680912018, 14.3927087784, 17.4820289612, 30.2177829742, 16.2082195282], [-27.6422462463, 13.9571647644, 26.9242782593, -20.4745063782, 13.1962575912, 20.2075424194, 76.215675354, 20.9407176971, 2.74235439301, -8.0227689743, 6.90758800507, 2.42441701889, 2.91772508621], [-31.8672733307, 26.0714607239, 3.07559204102, 1.30646169186, 14.4463949203, 12.526515007, 20.9407176971, 63.1528625488, 20.2001209259, 1.44975805283, 7.20585012436, 7.22994709015, 12.9701395035], [-59.8212623596, 35.4486999512, 5.36837673187, 4.39460802078, 21.2934360504, 9.87680912018, 2.74235439301, 20.2001209259, 63.1403465271, 29.3706588745, 10.1888084412, 15.8983469009, 15.3000745773], [-61.6388397217, 2.12131428719, 4.8012213707, 39.3877372742, 19.4991340637, 14.3927087784, -8.0227689743, 1.44975805283, 29.3706588745, 76.8947219849, 27.0031051636, 16.0358142853, 11.4650964737], [-60.4635505676, 45.8569259644, -2.57737612724, 11.5327358246, 22.3645915985, 17.4820289612, 6.90758800507, 7.20585012436, 10.1888084412, 27.0031051636, 64.281288147, 38.5192565918, 18.7506561279], [-12.2727680206, 47.8417472839, -17.7749404907, 9.13961029053, 14.8470182419, 30.2177829742, 2.42441701889, 7.22994709015, 15.8983469009, 16.0358142853, 38.5192565918, 74.8406448364, 35.1957931519], [-18.1312599182, 26.1250114441, -10.8612117767, -5.54236030579, 12.4738111496, 16.2082195282, 2.91772508621, 12.9701395035, 15.3000745773, 11.4650964737, 18.7506561279, 35.1957931519, 51.739730835]]
        icov: [[0.000404137477744, 0.000596270663664, 0.000135987094836, 6.49244393571e-05, -8.55219986988e-05, 4.13890484197e-05, 6.4412219217e-05, -3.58561628673e-05, -2.41821762756e-05, 0.000354878575308, 4.86217431899e-05, -0.00042749629938, 9.07519715838e-05], [0.000596270663664, 0.00403765263036, 0.000768366269767, -0.00195283547509, -0.000298892206047, 0.00147229561117, -0.000990073895082, -0.0001192406271, -0.00225137057714, 0.00294832699001, -0.00198089401238, -0.001478527789, -0.00044503211393], [0.000135987094836, 0.000768366269767, 0.00619039870799, -0.000241607718635, -0.00244282139465, 0.00169012905098, -0.00255235563964, 0.000469723716378, -0.00055598304607, -0.00019954641175, 4.27272752859e-05, 0.000645837048069, 0.000772765604779], [6.49244393571e-05, -0.00195283547509, -0.000241607718635, 0.00901449564844, -0.00114413094707, -0.00105336192064, 0.00274224230088, -0.00148367031943, 0.00344629352912, -0.00598357524723, 0.00217851158231, -0.00121819786727, 0.00309279118665], [-8.55219986988e-05, -0.000298892206047, -0.00244282139465, -0.00114413094707, 0.0138407843187, -0.00423681782559, -6.00244893576e-05, -0.000589362287428, -0.0030961483717, 0.000267585477559, -0.00372203346342, 0.00199280050583, -0.00152332196012], [4.13890484197e-05, 0.00147229561117, 0.00169012905098, -0.00105336192064, -0.00423681782559, 0.017447264865, -0.00480647711083, -0.00104782974813, 0.00059911061544, -0.00147661997471, 0.00119638931938, -0.00672954879701, -0.000103171078081], [6.4412219217e-05, -0.000990073895082, -0.00255235563964, 0.00274224230088, -6.00244893576e-05, -0.00480647711083, 0.0178122352809, -0.00504916906357, 0.00128736894112, 0.00138637900818, -0.00179399573244, 0.0014213223476, 0.00105727266055], [-3.58561628673e-05, -0.0001192406271, 0.000469723716378, -0.00148367031943, -0.000589362287428, -0.00104782974813, -0.00504916906357, 0.0208184998482, -0.00693128211424, 0.00345441536047, -0.00165709620342, 0.00273404619657, -0.00445149745792], [-2.41821762756e-05, -0.00225137057714, -0.00055598304607, 0.00344629352912, -0.0030961483717, 0.00059911061544, 0.00128736894112, -0.00693128211424, 0.0256479810923, -0.0116730071604, 0.00575880846009, -0.00351713062264, -0.00108780537266], [0.000354878575308, 0.00294832699001, -0.00019954641175, -0.00598357524723, 0.000267585477559, -0.00147661997471, 0.00138637900818, 0.00345441536047, -0.0116730071604, 0.0244516395032, -0.0102453222498, 0.00284245866351, -0.0027803289704], [4.86217431899e-05, -0.00198089401238, 4.27272752859e-05, 0.00217851158231, -0.00372203346342, 0.00119638931938, -0.00179399573244, -0.00165709620342, 0.00575880846009, -0.0102453222498, 0.0287411417812, -0.012907449156, 0.00123039737809], [-0.00042749629938, -0.001478527789, 0.000645837048069, -0.00121819786727, 0.00199280050583, -0.00672954879701, 0.0014213223476, 0.00273404619657, -0.00351713062264, 0.00284245866351, -0.012907449156, 0.0297762565315, -0.0137033173814], [9.07519715838e-05, -0.00044503211393, 0.000772765604779, 0.00309279118665, -0.00152332196012, -0.000103171078081, 0.00105727266055, -0.00445149745792, -0.00108780537266, -0.0027803289704, 0.00123039737809, -0.0137033173814, 0.0313469097018]]
    spectral_contrast:
        mean: [2.82143535202e-08, 2.23156902734e-07, -1.01200861025e-08, 4.53558385516e-07, -2.56959197031e-07, -1.12479732195e-07, -2.27500208894e-06, -8.59735223457e-07, -2.27156874644e-06, -1.84637065104e-06, 3.6334113247e-06, -1.17121749099e-06]
        var: [0.000307782873278, 0.000819508510176, 0.001467325259, 0.00193387025502, 0.00257870485075, 0.00613995082676, 0.0318673178554, 0.0645070895553, 0.0853721126914, 0.171846553683, 0.329762995243, 2.03382301331]

rhythm:
    beats_loudness:
        dmean: 0.00364470970817
        dmean2: 0.00729894498363
        dvar: 5.07287677465e-06
        dvar2: 1.3858127204e-05
        max: 0.0110467681661
        mean: 0.00560704665259
        min: 0.00166209321469
        var: 7.28607756173e-06
    beats_loudness_bass:
        dmean: 0.0848646610975
        dmean2: 0.172431528568
        dvar: 0.00662540178746
        dvar2: 0.0184907857329
        max: 0.304232597351
        mean: 0.0635410994291
        min: 0.00638885609806
        var: 0.00487782433629
    bpm: 125.789779663
    bpm_confidence: 0
    first_peak_bpm: 126
    first_peak_spread: 0
    first_peak_weight: 0.949999988079
    onset_rate: 3.18181800842
    second_peak_bpm: 119
    second_peak_spread: 0
    second_peak_weight: 0.0500000007451
    beats_position: [0.248869419098, 0.72608178854, 1.20329415798, 1.68050658703, 2.15771889687, 2.63493132591, 3.11214351654, 3.58935570717, 4.0665678978, 4.54378032684, 5.02099275589, 5.49820518494, 6.00234127045, 6.47918558121, 6.95603084564, 7.43287611008, 7.90972089767, 8.38656616211, 8.86341094971, 9.34025669098, 9.8171005249]
    bpm_estimates: [125.682929993, 125.806175232, 125.262069702, 126.036170959, 126.055007935, 125.604927063, 125.667518616, 125.843383789, 125.793418884, 125.950683594, 125.93031311, 125.25692749, 125.986633301, 125.716506958, 125.789237976, 125.765640259, 126.072463989, 125.996170044]
    bpm_intervals: [0.477212369442, 0.477212369442, 0.477212429047, 0.477212309837, 0.477212429047, 0.477212190628, 0.477212190628, 0.477212190628, 0.477212429047, 0.477212429047, 0.477212429047, 0.50413608551, 0.47684431076, 0.476845264435, 0.476845264435, 0.476844787598, 0.476845264435, 0.476844787598, 0.476845741272, 0.476843833923]
    onset_times: [0.0464399084449, 0.568888902664, 0.719818592072, 0.9287981987, 1.46285712719, 1.68344676495, 2.17106580734, 2.40326523781, 2.47292518616, 2.63546490669, 2.90249443054, 3.13469386101, 3.59909296036, 4.08671188354, 4.56272125244, 5.0387301445, 5.30575942993, 5.51473903656, 6.01396846771, 6.24616765976, 6.47836732864, 6.9543762207, 7.19818592072, 7.44199562073, 7.6858048439, 7.91800451279, 8.39401340485, 8.88163280487, 9.16027164459, 9.35764217377, 9.6014509201, 9.84526062012]
    rubato_start: []
    rubato_stop: []
    perceptual_tempo: "unknown"

sfx:
    inharmonicity:
        dmean: 0.0695286393166
        dmean2: 0.123030938208
        dvar: 0.00463977223262
        dvar2: 0.0125549985096
        max: 0.388680875301
        mean: 0.0843763053417
        min: 0
        var: 0.00555965537205
    oddtoevenharmonicenergyratio:
        dmean: 4.00087118149
        dmean2: 7.37078046799
        dvar: 254.71105957
        dvar2: 739.765563965
        max: 182.506530762
        mean: 2.78148174286
        min: 0
        var: 144.923156738
    pitch_after_max_to_before_max_energy_ratio: 91.1879882812
    pitch_centroid: 227.811828613
    pitch_max_to_total: 0
    pitch_min_to_total: 0.993087530136
    tristimulus:
        dmean: [0.11736407876, 0.243522807956, 0.182509303093]
        dmean2: [0.204160317779, 0.427016466856, 0.325165301561]
        dvar: [0.0186102557927, 0.0544604286551, 0.0286506060511]
        dvar2: [0.0519984252751, 0.139586001635, 0.0668681338429]
        max: [1, 0.973274171352, 0.815697431564]
        mean: [0.200521543622, 0.500034093857, 0.219806417823]
        min: [0.00807040464133, 0, 0]
        var: [0.0215074717999, 0.0658901184797, 0.0384574234486]

tonal:
    chords_changes_rate: 0.0366972461343
    chords_number_rate: 0.0275229364634
    chords_strength:
        dmean: 0.00629934575409
        dmean2: 0.00516057573259
        dvar: 2.70749678748e-05
        dvar2: 2.04207226489e-05
        max: 0.646452128887
        mean: 0.543151915073
        min: 0.408492058516
        var: 0.00414627185091
    key_strength: 0.640396893024
    tuning_diatonic_strength: 0.477023720741
    tuning_equal_tempered_deviation: 0.0715245679021
    tuning_frequency: 443.316436768
    tuning_nontempered_energy_ratio: 0.656792461872
    hpcp:
        dmean: [0.129548370838, 0.112640462816, 0.142513975501, 0.141951709986, 0.0943929851055, 0.129116773605, 0.159375876188, 0.123598061502, 0.117985263467, 0.101702257991, 0.0941308289766, 0.114197187126, 0.135507851839, 0.0978771224618, 0.100598163903, 0.116316832602, 0.104929737747, 0.0732286497951, 0.0703332424164, 0.0631740316749, 0.079590447247, 0.0888040661812, 0.0671179518104, 0.0741913169622, 0.0838815569878, 0.0810901075602, 0.146770164371, 0.165181294084, 0.13735024631, 0.104311078787, 0.0869749039412, 0.0745712146163, 0.0749413743615, 0.0959468781948, 0.110238336027, 0.123768977821]
        dmean2: [0.21814315021, 0.189955353737, 0.239653661847, 0.23414118588, 0.153298586607, 0.208801910281, 0.25316131115, 0.203238680959, 0.191466018558, 0.161103367805, 0.151141539216, 0.183646306396, 0.21802893281, 0.151006788015, 0.156794831157, 0.184299185872, 0.1613599509, 0.119747504592, 0.119138523936, 0.109864391387, 0.136891484261, 0.149591520429, 0.111401796341, 0.120251141489, 0.136201575398, 0.137428358197, 0.248984456062, 0.280577987432, 0.233788996935, 0.175619721413, 0.135484114289, 0.126937881112, 0.125256672502, 0.154327332973, 0.174897313118, 0.20925334096]
        dvar: [0.0216053444892, 0.0161671657115, 0.0297602657229, 0.0328815504909, 0.00841377396137, 0.0193430576473, 0.0216359198093, 0.0176623985171, 0.0196486115456, 0.017751686275, 0.0177860911936, 0.0190592836589, 0.0258010216057, 0.0112306633964, 0.0137811843306, 0.0226198453456, 0.0121784899384, 0.00659082550555, 0.0127699989825, 0.0131772886962, 0.0120044006035, 0.0143822133541, 0.00759454024956, 0.0107884090394, 0.0163828581572, 0.0172755736858, 0.0222935751081, 0.0309442393482, 0.0218262895942, 0.016643287614, 0.0134055921808, 0.0142061458901, 0.0143273584545, 0.0200371257961, 0.0192807186395, 0.0228065717965]
        dvar2: [0.0619967468083, 0.0437958501279, 0.0742495954037, 0.0806491374969, 0.0211691148579, 0.0494675412774, 0.052847225219, 0.0422338023782, 0.0507429204881, 0.0416282229125, 0.0418879501522, 0.0490729808807, 0.0696492120624, 0.0258228071034, 0.0275888238102, 0.0474417954683, 0.0256682597101, 0.0162059720606, 0.0337655283511, 0.0346432365477, 0.0325279943645, 0.0379798077047, 0.019742557779, 0.0243981331587, 0.0356534160674, 0.0503367744386, 0.0567845255136, 0.0710055083036, 0.061130091548, 0.0427618063986, 0.0245424900204, 0.0402185358107, 0.0379709526896, 0.0404449142516, 0.0526622198522, 0.0615003034472]
        max: [1, 1, 1, 1, 0.578590869904, 0.979989051819, 1, 1, 1, 1, 1, 1, 1, 0.832414925098, 1, 1, 1, 0.718042194843, 0.835501253605, 0.877427816391, 0.918942689896, 0.997126996517, 0.540433824062, 0.865429997444, 1, 1, 1, 1, 1, 0.993342220783, 1, 1, 0.831509947777, 1, 1, 1]
        mean: [0.407979995012, 0.2415728122, 0.228682070971, 0.242703691125, 0.163865759969, 0.294568270445, 0.398961782455, 0.292311131954, 0.216728329659, 0.174003183842, 0.147244766355, 0.228178948164, 0.300954699516, 0.215401425958, 0.298047989607, 0.462488412857, 0.292285591364, 0.130224511027, 0.112066060305, 0.0835148245096, 0.121642611921, 0.148784473538, 0.102693192661, 0.105670541525, 0.115940079093, 0.111611016095, 0.342049002647, 0.506538271904, 0.298149645329, 0.179016113281, 0.181996166706, 0.120277248323, 0.118510603905, 0.166003614664, 0.182236731052, 0.327166438103]
        min: [0, 0, 0, 0, 0, 0, 0, 0, 0, 0, 0, 0, 0, 0, 0, 0, 0, 0, 0, 0, 0, 0, 0, 0, 0, 0, 0, 0, 0, 0, 0, 0, 0, 0, 0, 0]
        var: [0.111376054585, 0.0296642314643, 0.0657164007425, 0.0771411731839, 0.0185607727617, 0.0531918630004, 0.0840263217688, 0.0509080030024, 0.0467459745705, 0.0390104278922, 0.0323284454644, 0.0419244617224, 0.0707009136677, 0.0402805656195, 0.0594797618687, 0.142279207706, 0.0527401119471, 0.0137491803616, 0.0202185828239, 0.0152006149292, 0.0214446764439, 0.0306399539113, 0.0108685288578, 0.0198794491589, 0.0297749377787, 0.0169158820063, 0.0676793977618, 0.133363887668, 0.0480353944004, 0.0398660749197, 0.0600220635533, 0.0220803469419, 0.0198311805725, 0.0542748533189, 0.0381782464683, 0.0840988308191]
    chords_histogram: [13.3027524948, 4.1284403801, 5.04587173462, 0, 0, 0, 0, 0, 9.17431163788, 0, 0, 0, 0, 0, 0, 0, 0, 0, 0, 0, 0, 0, 17.4311923981, 50.9174308777]
    thpcp: [1, 0.588602423668, 0.353410840034, 0.359293997288, 0.237449482083, 0.2339617908, 0.327721774578, 0.359768927097, 0.645886898041, 0.805427789688, 0.476909309626, 0.451460599899, 0.4791418612, 0.323501229286, 0.581532120705, 0.787624180317, 0.577076077461, 0.427861720324, 0.343514382839, 0.290688335896, 0.450467348099, 0.5941401124, 0.42524215579, 0.588401734829, 0.913037478924, 0.577025651932, 0.25708720088, 0.221239075065, 0.164873674512, 0.240144953132, 0.293727993965, 0.202735304832, 0.208613142371, 0.228887110949, 0.220340743661, 0.67526781559]
    chords_key: "B"
    chords_scale: "minor"
    key_key: "D"
    key_scale: "major"
    chords_progression: ["F#", "F#", "F#", "F#", "F#", "F#", "F#", "F#", "F#", "F#", "F#", "F#", "F#", "F#", "F#", "F#", "F#", "F#", "F#", "F#", "Bm", "Bm", "Bm", "Bm", "Bm", "Bm", "Bm", "Bm", "Bm", "Bm", "Bm", "Bm", "Bm", "Bm", "Bm", "Bm", "Bm", "Bm", "Bm", "Bm", "Bm", "Bm", "Bm", "Bm", "Bm", "Bm", "G", "G", "G", "G", "G", "G", "G", "G", "G", "G", "G", "G", "G", "G", "G", "G", "G", "G", "G", "G", "G", "G", "G", "G", "G", "G", "G", "G", "G", "G", "G", "G", "G", "G", "G", "G", "G", "G", "Bm", "Bm", "Bm", "Bm", "Bm", "Bm", "Bm", "Bm", "Bm", "Bm", "Bm", "Bm", "Bm", "Bm", "Bm", "Bm", "Bm", "Bm", "Bm", "Bm", "Bm", "Bm", "Bm", "Bm", "Bm", "Bm", "Bm", "Bm", "Bm", "Bm", "Bm", "Bm", "Bm", "Bm", "Bm", "Bm", "Bm", "Bm", "D", "D", "D", "D", "D", "D", "D", "D", "D", "D", "D", "D", "D", "D", "D", "D", "D", "D", "D", "D", "D", "A", "A", "A", "A", "A", "A", "A", "A", "A", "A", "A", "F#m", "F#m", "F#m", "F#m", "F#m", "F#m", "F#m", "F#m", "F#m", "D", "D", "D", "D", "D", "D", "D", "D", "Bm", "Bm", "Bm", "Bm", "Bm", "Bm", "Bm", "Bm", "Bm", "Bm", "Bm", "Bm", "Bm", "Bm", "Bm", "Bm", "Bm", "Bm", "Bm", "Bm", "Bm", "Bm", "Bm", "Bm", "Bm", "Bm", "Bm", "Bm", "Bm", "Bm", "Bm", "Bm", "Bm", "Bm", "Bm", "Bm", "Bm", "Bm", "Bm", "Bm", "Bm", "Bm", "Bm", "Bm", "Bm", "Bm", "Bm"]
