
metadata:
    version:
        essentia: "1.2.2"
    audio_properties:
        analysis_sample_rate: 44100
        bitrate: 128
        channels: 2
        equal_loudness: 1
        length: 10.0310201645
        replay_gain: -13.6156368256
        downmix: "mix"
    tags:
        track: 31
        year: 0
        album: "Splitted by Mp3Splt v. 2.1"
        artist: "From 005.00 To 005.10"
        comment: "http://mp3splt.sf.net"
        genre: ""
        title: "01 Take California.mp3"

highlevel:
    ballroom:
        all:
            ChaChaCha: 0.127802580595
            Jive: 0.369929134846
            Quickstep: 0.0332444310188
            Rumba-American: 0.0164481829852
            Rumba-International: 0.0982946231961
            Rumba-Misc: 0.0218422468752
            Samba: 0.288729608059
            Tango: 0.0127106299624
            VienneseWaltz: 0.0157938115299
            Waltz: 0.0152047323063
        probability: 0.369929134846
        value: "Jive"
    culture:
        all:
            non_western: 0.0781674161553
            western: 0.921832561493
        probability: 0.921832561493
        value: "western"
    gender:
        all:
            female: 0.64224511385
            male: 0.35775488615
        probability: 0.64224511385
        value: "female"
    genre_dortmund:
        all:
            alternative: 0.0236996021122
            blues: 0.00741164758801
            electronic: 0.226054981351
            folkcountry: 0.00768536934629
            funksoulrnb: 0.0110091343522
            jazz: 0.0443381667137
            pop: 0.0341947823763
            raphiphop: 0.0570504590869
            rock: 0.58855587244
        probability: 0.58855587244
        value: "rock"
    genre_electronica:
        all:
            ambient: 0.0410932861269
            dnb: 0.606184780598
            house: 0.0204027034342
            techno: 0.314607620239
            trance: 0.0177115947008
        probability: 0.606184780598
        value: "dnb"
    genre_rosamerica:
        all:
            cla: 0.00742092123255
            dan: 0.397833257914
            hip: 0.221365615726
            jaz: 0.00973876286298
            pop: 0.0846184194088
            rhy: 0.0820114612579
            roc: 0.18986864388
            spe: 0.00714292144403
        probability: 0.397833257914
        value: "dan"
    genre_tzanetakis:
        all:
            blu: 0.00469989376143
            cla: 0.00291146780364
            cou: 0.00646432070062
            dis: 0.155348435044
            hip: 0.220618218184
            jaz: 0.00944306701422
            met: 0.0267362892628
            pop: 0.467398583889
            reg: 0.0416805185378
            roc: 0.064699202776
        probability: 0.467398583889
        value: "pop"
    live_studio:
        all:
            live: 0.00527863670141
            studio: 0.994721353054
        probability: 0.994721353054
        value: "studio"
    mood:
        all:
            Cluster1: 0.256392627954
            Cluster2: 0.12793906033
            Cluster3: 0.0352244451642
            Cluster4: 0.0726981163025
            Cluster5: 0.507745742798
        probability: 0.507745742798
        value: "Cluster5"
    mood_acoustic:
        all:
            acoustic: 0.016916571185
            not_acoustic: 0.983083426952
        probability: 0.983083426952
        value: "not_acoustic"
    mood_aggressive:
        all:
            aggressive: 0.860486090183
            not_aggressive: 0.139513880014
        probability: 0.860486090183
        value: "aggressive"
    mood_electronic:
        all:
            electronic: 0.883186399937
            not_electronic: 0.116813607514
        probability: 0.883186399937
        value: "electronic"
    mood_happy:
        all:
            happy: 0.188900560141
            not_happy: 0.811099410057
        probability: 0.811099410057
        value: "not_happy"
    mood_party:
        all:
            not_party: 0.106411270797
            party: 0.893588721752
        probability: 0.893588721752
        value: "party"
    mood_relaxed:
        all:
            not_relaxed: 0.259623497725
            relaxed: 0.740376472473
        probability: 0.740376472473
        value: "relaxed"
    mood_sad:
        all:
            not_sad: 3.00000096379e-14
            sad: 1
        probability: 1
        value: "sad"
    rhythm:
        all:
            fast: 0.721422731876
            medium: 0.203433394432
            slow: 0.0751438736916
        probability: 0.721422731876
        value: "fast"
    speech_music:
        all:
            music: 3.00000096379e-14
            speech: 1
        probability: 1
        value: "speech"
    timbre:
        all:
            bright: 0.267683327198
            dark: 0.732316672802
        probability: 0.732316672802
        value: "dark"
    voice_instrumental:
        all:
            instrumental: 0.737981081009
            voice: 0.262018918991
        probability: 0.737981081009
        value: "instrumental"

lowlevel:
    average_loudness: 0.985906481743
    barkbands_kurtosis:
        dmean: 2.87549090385
        dmean2: 4.91315126419
        dvar: 18.676076889
        dvar2: 45.4877357483
        max: 29.3998565674
        mean: 1.27811360359
        min: -1.82668101788
        var: 21.0182933807
    barkbands_skewness:
        dmean: 0.85394179821
        dmean2: 1.35435009003
        dvar: 0.657583653927
        dvar2: 1.4831700325
        max: 5.15564250946
        mean: 1.03901565075
        min: -1.01156365871
        var: 1.21189320087
    barkbands_spread:
        dmean: 11.3107385635
        dmean2: 18.5028629303
        dvar: 87.3407211304
        dvar2: 181.534133911
        max: 64.8902053833
        mean: 34.0533866882
        min: 5.90202665329
        var: 205.650665283
    dissonance:
        dmean: 0.0207635592669
        dmean2: 0.0366093330085
        dvar: 0.000432031782111
        dvar2: 0.00119808944874
        max: 0.499252557755
        mean: 0.468692839146
        min: 0.341651082039
        var: 0.000591415970121
    hfc:
        dmean: 4.8003115654
        dmean2: 6.91566753387
        dvar: 48.5337791443
        dvar2: 100.482696533
        max: 51.4429130554
        mean: 5.66532230377
        min: 0.0530068576336
        var: 70.5489959717
    pitch:
        dmean: 1411.92822266
        dmean2: 2667.93286133
        dvar: 2108842.25
        dvar2: 4883548.5
        max: 4410
        mean: 1381.40490723
        min: 60.8275871277
        var: 2292811
    pitch_instantaneous_confidence:
        dmean: 0.119718357921
        dmean2: 0.199686527252
        dvar: 0.00872343126684
        dvar2: 0.0253977086395
        max: 0.851993441582
        mean: 0.348794341087
        min: 0.13758289814
        var: 0.01552602835
    pitch_salience:
        dmean: 0.0986642614007
        dmean2: 0.163014292717
        dvar: 0.00651548011228
        dvar2: 0.0172569155693
        max: 0.856244206429
        mean: 0.635741174221
        min: 0.280852615833
        var: 0.0103606330231
    silence_rate_20dB:
        dmean: 0
        dmean2: 0
        dvar: 0
        dvar2: 0
        max: 1
        mean: 1
        min: 1
        var: 0
    silence_rate_30dB:
        dmean: 0
        dmean2: 0
        dvar: 0
        dvar2: 0
        max: 1
        mean: 1
        min: 1
        var: 0
    silence_rate_60dB:
        dmean: 0.298611104488
        dmean2: 0.598607897758
        dvar: 0.209443107247
        dvar2: 0.286679923534
        max: 1
        mean: 0.528868377209
        min: 0
        var: 0.249165907502
    spectral_centroid:
        dmean: 446.551330566
        dmean2: 675.134460449
        dvar: 143953.625
        dvar2: 297689.40625
        max: 2898.53051758
        mean: 1111.31738281
        min: 176.741210938
        var: 370143.4375
    spectral_complexity:
        dmean: 6.07424592972
        dmean2: 9.00930213928
        dvar: 59.2474975586
        dvar2: 105.078971863
        max: 53
        mean: 9.78009223938
        min: 0
        var: 102.768753052
    spectral_crest:
        dmean: 2.6587638855
        dmean2: 4.33426094055
        dvar: 4.75139141083
        dvar2: 12.2505779266
        max: 18.4926719666
        mean: 7.70969629288
        min: 2.48823451996
        var: 9.39958286285
    spectral_decrease:
        dmean: 7.58524965061e-10
        dmean2: 1.15374376719e-09
        dvar: 7.93124862951e-19
        dvar2: 1.83783774319e-18
        max: -8.25903581636e-12
        mean: -9.77626646304e-10
        min: -5.42849010188e-09
        var: 9.77972122704e-19
    spectral_energy:
        dmean: 0.00327319838107
        dmean2: 0.00493193371221
        dvar: 1.52581169459e-05
        dvar2: 3.48093235516e-05
        max: 0.0246807616204
        mean: 0.00420365063474
        min: 3.59792793461e-05
        var: 1.93816122191e-05
    spectral_energyband_high:
        dmean: 0.000294085068163
        dmean2: 0.00041785146459
        dvar: 1.90034413095e-07
        dvar2: 3.28992427967e-07
        max: 0.00380096468143
        mean: 0.00034305427107
        min: 2.43830027102e-06
        var: 3.36882607144e-07
    spectral_energyband_low:
        dmean: 0.000421672390075
        dmean2: 0.000670897774398
        dvar: 2.82386707795e-07
        dvar2: 5.60280682294e-07
        max: 0.0037191004958
        mean: 0.0007089470746
        min: 1.44007844938e-05
        var: 4.27311164231e-07
    spectral_energyband_middle_high:
        dmean: 0.00146201997995
        dmean2: 0.00233645131811
        dvar: 5.0826183724e-06
        dvar2: 1.19727646961e-05
        max: 0.0152244977653
        mean: 0.0014886733843
        min: 1.00433808257e-05
        var: 5.41097233508e-06
    spectral_energyband_middle_low:
        dmean: 0.00147636968177
        dmean2: 0.00245906505734
        dvar: 3.55577344635e-06
        dvar2: 8.64094909048e-06
        max: 0.00961325038224
        mean: 0.00166288437322
        min: 6.97682207829e-06
        var: 3.37133405992e-06
    spectral_flatness_db:
        dmean: 0.0271335430443
        dmean2: 0.0415659882128
        dvar: 0.000575431156904
        dvar2: 0.00115376536269
        max: 0.261819750071
        mean: 0.13982373476
        min: 0.054378323257
        var: 0.00124702474568
    spectral_flux:
        dmean: 0.0191604103893
        dmean2: 0.0274816770107
        dvar: 0.000378468335839
        dvar2: 0.000694268965162
        max: 0.130218937993
        mean: 0.0458504967391
        min: 0.00599827291444
        var: 0.000680881086737
    spectral_kurtosis:
        dmean: 1.49694442749
        dmean2: 2.49463605881
        dvar: 2.30257940292
        dvar2: 5.70335483551
        max: 11.5310544968
        mean: 2.96727347374
        min: 0.213985443115
        var: 3.66776394844
    spectral_rms:
        dmean: 0.000729699793737
        dmean2: 0.0010266151512
        dvar: 4.68848554647e-07
        dvar2: 1.03736647361e-06
        max: 0.00490701477975
        mean: 0.00181281217374
        min: 0.000187354569789
        var: 8.14831935259e-07
    spectral_rolloff:
        dmean: 995.073242188
        dmean2: 1643.4855957
        dvar: 963334.75
        dvar2: 1872998.75
        max: 4974.16992188
        mean: 2300.51367188
        min: 150.732421875
        var: 1870191.875
    spectral_skewness:
        dmean: 0.32110118866
        dmean2: 0.510811150074
        dvar: 0.0705575793982
        dvar2: 0.175194874406
        max: 2.72768211365
        mean: 1.44454598427
        min: 0.753440797329
        var: 0.159145459533
    spectral_spread:
        dmean: 1012734.375
        dmean2: 1672423
        dvar: 1.0149192663e+12
        dvar2: 2.01160196096e+12
        max: 15933046
        mean: 6241972
        min: 2988906.75
        var: 1.55081270886e+12
    spectral_strongpeak:
        dmean: 0.324143916368
        dmean2: 0.58941423893
        dvar: 0.382634341717
        dvar2: 1.01391303539
        max: 3.03051662445
        mean: 0.285339862108
        min: 0.00487193511799
        var: 0.291227132082
    zerocrossingrate:
        dmean: 0.0154244760051
        dmean2: 0.0177200678736
        dvar: 0.000147322993143
        dvar2: 0.000172902655322
        max: 0.15087890625
        mean: 0.0737655088305
        min: 0.01171875
        var: 0.000766455137637
    barkbands:
        dmean: [1.14775605198e-06, 0.00018381200789, 0.000339076417731, 0.00053919054335, 0.000592488329858, 0.000301101739751, 0.000136291593662, 7.10179374437e-05, 0.000118350901175, 0.000364111707313, 4.06374238082e-05, 1.90475129784e-05, 3.29616268573e-05, 0.000365719693946, 0.000100002238469, 5.81091044296e-05, 0.000208608413232, 0.000220482907025, 0.000219643115997, 0.000204318435863, 0.000114262373245, 4.93950356031e-05, 1.40686934174e-05, 6.32706269243e-06, 5.43088708582e-06, 2.210452692e-07, 7.23952142678e-09]
        dmean2: [1.72079569438e-06, 0.000298419385217, 0.000549459015019, 0.000956214498729, 0.00101659237407, 0.000520954316016, 0.000236994979787, 0.000118414791359, 0.000217073305976, 0.000670186302159, 7.20094612916e-05, 3.19763094012e-05, 5.48741809325e-05, 0.000681839766912, 0.000172185929841, 9.36236756388e-05, 0.000327790970914, 0.000357066193828, 0.000334790762281, 0.000303155917209, 0.000169840772287, 7.26317084627e-05, 2.02666506084e-05, 8.84530254552e-06, 8.76320245879e-06, 3.37639193049e-07, 7.80538744749e-09]
        dvar: [2.59774732107e-12, 6.34268317867e-08, 2.09303664178e-07, 7.84531437148e-07, 7.65030165439e-07, 2.6147574772e-07, 6.0455711548e-08, 1.3944504218e-08, 3.14788870526e-08, 4.27194123631e-07, 4.2696175484e-09, 1.42220379917e-09, 4.00634814213e-09, 9.98292307486e-07, 5.67200153512e-08, 1.07859010612e-08, 6.2407487178e-08, 1.51173381369e-07, 1.82371991286e-07, 1.15444187543e-07, 3.30899396772e-08, 4.5337213983e-09, 3.60466712035e-10, 7.66469457347e-11, 8.56710882791e-11, 1.18299508102e-13, 1.77739970636e-14]
        dvar2: [3.56069600888e-12, 1.60034332453e-07, 4.63792474648e-07, 2.09559129871e-06, 2.03144441002e-06, 7.08564073193e-07, 1.66092874565e-07, 3.46676465313e-08, 9.31295787154e-08, 1.35202674301e-06, 1.11790985358e-08, 3.39819705708e-09, 1.01449035839e-08, 2.8042534268e-06, 1.46925046351e-07, 2.55568135543e-08, 1.49832018792e-07, 3.53331216729e-07, 4.21833021846e-07, 2.36410329535e-07, 5.44584572992e-08, 7.72279484806e-09, 6.03923300257e-10, 1.20432344652e-10, 2.1424796659e-10, 2.30265296847e-13, 1.7804600364e-14]
        max: [3.16678924719e-05, 0.0018387674354, 0.00344095169567, 0.00619262363762, 0.00530016375706, 0.00424699485302, 0.00185968657024, 0.000998021569103, 0.0010059622582, 0.00496529182419, 0.000349730602466, 0.000262294342974, 0.000414340815041, 0.00792078487575, 0.00188505917322, 0.000888359209057, 0.00186247949023, 0.00383245432749, 0.00351742468774, 0.00292781949975, 0.00136614509393, 0.00056250882335, 0.000157938586199, 7.90568083175e-05, 6.22700899839e-05, 3.47811760548e-06, 2.77276876659e-06]
        mean: [3.60003036803e-06, 0.000269826647127, 0.000435611465946, 0.000454195338534, 0.000599403807428, 0.000280840613414, 0.000134435424116, 6.63357495796e-05, 9.2036127171e-05, 0.000282774184598, 3.04143977701e-05, 1.58008879225e-05, 2.85609748971e-05, 0.000226075499086, 7.35554858693e-05, 6.07275251241e-05, 0.000253533566138, 0.000208556084544, 0.000245897041168, 0.00021746152197, 0.000139709503856, 5.55530423298e-05, 1.60383424372e-05, 7.20443904356e-06, 5.27282054463e-06, 2.23777973929e-07, 7.19061654664e-09]
        min: [7.91043461845e-08, 6.69977634971e-06, 7.57069938118e-06, 2.30042064686e-06, 3.58742772733e-06, 5.93548918459e-07, 2.1632354219e-07, 2.69798107411e-07, 7.27498727926e-09, 4.7271168313e-08, 7.79085382874e-08, 1.11423137383e-08, 2.28990497675e-08, 8.68316902825e-08, 3.28368123803e-08, 4.80544713355e-07, 1.60937736382e-06, 1.66935978996e-06, 1.21296670841e-06, 2.02221053769e-06, 8.98929329196e-07, 3.75258451868e-07, 7.08005742922e-08, 5.18015816908e-08, 3.2864349464e-08, 5.69673697104e-10, 7.74068173925e-14]
        var: [8.50842660216e-12, 7.09490919348e-08, 2.62127343831e-07, 5.80830601393e-07, 5.83772020946e-07, 2.01998801685e-07, 4.69168739414e-08, 1.28968622448e-08, 2.31781118742e-08, 3.99510668103e-07, 3.3280527223e-09, 1.25498889059e-09, 3.18532733523e-09, 5.84150257055e-07, 4.22153867419e-08, 1.27272139494e-08, 8.89730458198e-08, 1.67481658764e-07, 2.17388162582e-07, 1.63746705084e-07, 5.86545567671e-08, 8.20007617364e-09, 6.54467369188e-10, 1.44655121215e-10, 8.37234170881e-11, 1.62230634742e-13, 1.7747628928e-14]
    mfcc:
        mean: [-733.579711914, 104.412651062, -8.32225227356, 66.4822845459, -0.153920933604, -3.32383227348, -1.16611051559, 1.42615807056, 3.14251661301, -0.923950612545, -0.29586571455, -6.35629653931, -11.8722066879]
        cov: [[5376.77197266, -1194.97290039, -539.078369141, -473.364929199, -277.554748535, -27.9202156067, -153.454605103, -304.905273438, -230.621337891, -67.9086608887, -63.2580490112, -195.432678223, -135.46232605], [-1194.97290039, 767.219787598, 19.264005661, -94.6196060181, 13.6642951965, -4.28445100784, 87.5209274292, 92.5512466431, 77.4013442993, 47.4376182556, -7.6445941925, -54.0586357117, -36.6118850708], [-539.078369141, 19.264005661, 234.314025879, 90.2152099609, 19.7081871033, 7.88827943802, 2.96458697319, 18.8222522736, 24.8512992859, -3.66275691986, -1.52718782425, 14.9779968262, 29.9774799347], [-473.364929199, -94.6196060181, 90.2152099609, 235.316802979, 83.1293945312, -9.55784225464, -29.1291751862, 14.0257844925, -10.6642780304, -33.2222862244, 27.7313365936, 97.2981796265, 68.6172637939], [-277.554748535, 13.6642951965, 19.7081871033, 83.1293945312, 112.155639648, -3.1198182106, -10.0131645203, -4.22139644623, -15.1322650909, -20.6662368774, 21.8341293335, 47.9560623169, 32.7215080261], [-27.9202156067, -4.28445100784, 7.88827943802, -9.55784225464, -3.1198182106, 91.1410293579, 25.2850112915, 0.506621360779, -6.1370177269, 20.3788547516, -7.31220722198, -26.3632774353, -25.4098339081], [-153.454605103, 87.5209274292, 2.96458697319, -29.1291751862, -10.0131645203, 25.2850112915, 57.2238578796, 34.1455116272, 24.1318798065, 16.0236301422, -12.1368398666, -22.6487960815, -16.2978725433], [-304.905273438, 92.5512466431, 18.8222522736, 14.0257844925, -4.22139644623, 0.506621360779, 34.1455116272, 87.1527938843, 46.6108436584, 9.49276161194, -8.11238288879, -1.37945532799, -14.2389984131], [-230.621337891, 77.4013442993, 24.8512992859, -10.6642780304, -15.1322650909, -6.1370177269, 24.1318798065, 46.6108436584, 70.9572525024, 19.6941890717, -11.1923780441, -12.871673584, -4.81150436401], [-67.9086608887, 47.4376182556, -3.66275691986, -33.2222862244, -20.6662368774, 20.3788547516, 16.0236301422, 9.49276161194, 19.6941890717, 52.4961357117, 6.59846496582, -16.4328670502, -16.0234241486], [-63.2580490112, -7.6445941925, -1.52718782425, 27.7313365936, 21.8341293335, -7.31220722198, -12.1368398666, -8.11238288879, -11.1923780441, 6.59846496582, 49.8435897827, 36.8846969604, 10.1297302246], [-195.432678223, -54.0586357117, 14.9779968262, 97.2981796265, 47.9560623169, -26.3632774353, -22.6487960815, -1.37945532799, -12.871673584, -16.4328670502, 36.8846969604, 108.286613464, 69.3691101074], [-135.46232605, -36.6118850708, 29.9774799347, 68.6172637939, 32.7215080261, -25.4098339081, -16.2978725433, -14.2389984131, -4.81150436401, -16.0234241486, 10.1297302246, 69.3691101074, 95.1929092407]]
        icov: [[0.000879998551682, 0.00133847212419, 0.00111319578718, 0.00145461410284, 0.00070617365418, 0.000428269791882, 0.00038762317854, 0.000428223400377, 0.000935628719162, 0.000802151102107, -0.00023276534921, 0.00115539354738, -0.000264909293037], [0.00133847212419, 0.00401044543833, 0.00137511838693, 0.00320114032365, -0.000401105819037, 0.00165761332028, -0.00128415774088, -0.000748495629523, 0.00116134237032, 0.000252521102084, -0.00104912940878, 0.0027003812138, -0.000799823726993], [0.00111319578718, 0.00137511838693, 0.00715848896652, -0.00125833868515, 0.00156102108303, -0.000366627646144, 0.00053974671755, 0.000977355055511, -0.00103873084299, 0.00136546569411, -0.000819697801489, 0.00400867406279, -0.00228675478138], [0.00145461410284, 0.00320114032365, -0.00125833868515, 0.0135400174186, -0.00323787843809, -0.00147779239342, 0.00444339541718, -0.00401628063992, 0.00211194576696, 0.00372389797121, -0.000493003171869, -0.00377895170823, -0.00164420169313], [0.00070617365418, -0.000401105819037, 0.00156102108303, -0.00323787843809, 0.0152032002807, -0.00137961714063, -0.000603297317866, 0.00229325215332, 0.0013466438977, 0.0051097702235, -0.00365793821402, -0.000667066953611, -0.000857937848195], [0.000428269791882, 0.00165761332028, -0.000366627646144, -0.00147779239342, -0.00137961714063, 0.017398443073, -0.00908458977938, 0.00207209587097, 0.00558570725843, -0.00744928140193, 0.00258627999574, 0.00256406283006, 0.00318535068072], [0.00038762317854, -0.00128415774088, 0.00053974671755, 0.00444339541718, -0.000603297317866, -0.00908458977938, 0.0344060994685, -0.0109585979953, -0.00156073784456, -0.000730578729417, 0.00216313940473, 0.00219032354653, -0.00330948992632], [0.000428223400377, -0.000748495629523, 0.000977355055511, -0.00401628063992, 0.00229325215332, 0.00207209587097, -0.0109585979953, 0.0268690418452, -0.0126452436671, 0.00223532365635, 0.00384603696875, -0.00697134248912, 0.00922445394099], [0.000935628719162, 0.00116134237032, -0.00103873084299, 0.00211194576696, 0.0013466438977, 0.00558570725843, -0.00156073784456, -0.0126452436671, 0.0296683907509, -0.00884887110442, 0.00326782278717, 0.00455424701795, -0.00420416286215], [0.000802151102107, 0.000252521102084, 0.00136546569411, 0.00372389797121, 0.0051097702235, -0.00744928140193, -0.000730578729417, 0.00223532365635, -0.00884887110442, 0.0323061905801, -0.0118804955855, 0.00224138586782, -0.000789661891758], [-0.00023276534921, -0.00104912940878, -0.000819697801489, -0.000493003171869, -0.00365793821402, 0.00258627999574, 0.00216313940473, 0.00384603696875, 0.00326782278717, -0.0118804955855, 0.036571867764, -0.018034517765, 0.01018794626], [0.00115539354738, 0.0027003812138, 0.00400867406279, -0.00377895170823, -0.000667066953611, 0.00256406283006, 0.00219032354653, -0.00697134248912, 0.00455424701795, 0.00224138586782, -0.018034517765, 0.0363697372377, -0.0195865612477], [-0.000264909293037, -0.000799823726993, -0.00228675478138, -0.00164420169313, -0.000857937848195, 0.00318535068072, -0.00330948992632, 0.00922445394099, -0.00420416286215, -0.000789661891758, 0.01018794626, -0.0195865612477, 0.0265276562423]]
    spectral_contrast:
        mean: [1.77822244041e-07, -2.19152383352e-07, 2.91874783898e-07, 4.56348061562e-07, 4.3754912582e-08, -1.54289111265e-07, 6.96698293723e-07, 7.47127657519e-08, -2.86440331365e-06, -2.41829980041e-06, 5.55206224817e-06, 7.26404005036e-06]
        var: [0.000344268977642, 0.000682532496285, 0.00148347520735, 0.0017526083393, 0.00301909912378, 0.004192518536, 0.0373934581876, 0.0739462152123, 0.123081378639, 0.138342827559, 0.308856338263, 2.85328388214]

rhythm:
    beats_loudness:
        dmean: 0.00760328676552
        dmean2: 0.0150981079787
        dvar: 1.04291611933e-05
        dvar2: 3.00181345665e-05
        max: 0.0177287179977
        mean: 0.00873918272555
        min: 0.00389222241938
        var: 1.98719681066e-05
    beats_loudness_bass:
        dmean: 0.478994131088
        dmean2: 0.952359080315
        dvar: 0.0244392994791
        dvar2: 0.060466427356
        max: 0.676739454269
        mean: 0.295942544937
        min: 0.0216939430684
        var: 0.0706532746553
    bpm: 120.70526123
    bpm_confidence: 0
    first_peak_bpm: 121
    first_peak_spread: 0
    first_peak_weight: 0.947368443012
    onset_rate: 6.97835254669
    second_peak_bpm: 110
    second_peak_spread: 0
    second_peak_weight: 0.0526315793395
    beats_position: [0.359149605036, 0.856393814087, 1.35363805294, 1.85088217258, 2.34812641144, 2.84537053108, 3.34261465073, 3.83985900879, 4.33710289001, 4.83434724808, 5.33159160614, 5.82883548737, 6.37315130234, 6.87004995346, 7.3669500351, 7.86384916306, 8.36074924469, 8.85764789581, 9.35454750061, 9.85144710541]
    bpm_estimates: [120.775894165, 120.697067261, 120.727523804, 120.523223877, 120.35131073, 120.459960938, 120.8309021, 120.985473633, 120.647155762, 120.715774536, 120.603866577, 120.866638184, 120.756286621, 120.829750061, 120.501342773, 120.458099365, 120.438392639, 120.983268738, 121.102401733, 121.021400452, 120.534843445]
    bpm_intervals: [0.497244209051, 0.497244238853, 0.497244119644, 0.497244238853, 0.497244119644, 0.497244119644, 0.497244358063, 0.497243881226, 0.497244358063, 0.497244358063, 0.497243881226, 0.544315814972, 0.496898651123, 0.496900081635, 0.49689912796, 0.496900081635, 0.496898651123, 0.496899604797, 0.496899604797]
    onset_times: [0.0464399084449, 0.232199549675, 0.348299324512, 0.603718817234, 0.743038535118, 0.859138309956, 0.99845802784, 1.10294783115, 1.23065757751, 1.34675741196, 1.60217690468, 1.72988665104, 1.8575963974, 1.98530614376, 2.12462592125, 2.22911572456, 2.35682535172, 2.60063481331, 2.73995471001, 2.85605430603, 2.99537420273, 3.09986400604, 3.22757363319, 3.34367346764, 3.59909296036, 3.73841261864, 3.86612248421, 3.98222231865, 4.12154197693, 4.23764181137, 4.35374164581, 4.59755086899, 4.76009082794, 4.86458063126, 5.00390005112, 5.10838985443, 5.23609972, 5.35219955444, 5.60761928558, 5.73532867432, 5.86303853989, 5.99074840546, 6.13006782532, 6.23455762863, 6.3622674942, 6.60607719421, 6.74539661407, 6.86149644852, 7.00081634521, 7.10530614853, 7.2330160141, 7.34911584854, 7.60453510284, 7.74385499954, 7.87156438828, 7.98766422272, 8.12698459625, 8.23147392273, 8.35918331146, 8.6146030426, 8.75392246246, 8.87002277374, 9.0093421936, 9.11383247375, 9.24154186249, 9.35764217377, 9.61306095123, 9.74077129364, 9.86848068237, 9.99619007111]
    rubato_start: []
    rubato_stop: []
    perceptual_tempo: "unknown"

sfx:
    inharmonicity:
        dmean: 0.0346164815128
        dmean2: 0.0581608563662
        dvar: 0.00139394518919
        dvar2: 0.00363182392903
        max: 0.332255333662
        mean: 0.0339519456029
        min: 0
        var: 0.001685172203
    oddtoevenharmonicenergyratio:
        dmean: 3.67217040062
        dmean2: 7.12777996063
        dvar: 512.415527344
        dvar2: 1529.91149902
        max: 284.109649658
        mean: 2.05874586105
        min: 0
        var: 260.277557373
    pitch_after_max_to_before_max_energy_ratio: 57.3704414368
    pitch_centroid: 214.214782715
    pitch_max_to_total: 0.0115740736946
    pitch_min_to_total: 0.127314820886
    tristimulus:
        dmean: [0.275849550962, 0.292049318552, 0.131876066327]
        dmean2: [0.4854375422, 0.51216340065, 0.237500935793]
        dvar: [0.0442769229412, 0.0459565557539, 0.0214420501143]
        dvar2: [0.118998475373, 0.127204731107, 0.0600611902773]
        max: [1, 0.965195000172, 0.707158267498]
        mean: [0.48795953393, 0.345086932182, 0.108502596617]
        min: [0.0140020651743, 0, 0]
        var: [0.0685814768076, 0.066456541419, 0.0211875718087]

tonal:
    chords_changes_rate: 0.0414746552706
    chords_number_rate: 0.0138248847798
    chords_strength:
        dmean: 0.0108714718372
        dmean2: 0.0148160681129
        dvar: 7.27270817151e-05
        dvar2: 0.000121586097521
        max: 0.467059284449
        mean: 0.391681700945
        min: 0.309077620506
        var: 0.0011472045444
    key_strength: 0.420714914799
    tuning_diatonic_strength: 0.389756023884
    tuning_equal_tempered_deviation: 0.230147197843
    tuning_frequency: 431.193908691
    tuning_nontempered_energy_ratio: 0.912575542927
    hpcp:
        dmean: [0.195569619536, 0.197719737887, 0.17669095099, 0.161090150476, 0.134474381804, 0.160586670041, 0.208045497537, 0.200520038605, 0.190786927938, 0.193271130323, 0.194856241345, 0.168742120266, 0.164900526404, 0.162828147411, 0.135259598494, 0.109789960086, 0.105230607092, 0.144395709038, 0.182601749897, 0.171862855554, 0.142114028335, 0.203861355782, 0.277721762657, 0.219181954861, 0.248710557818, 0.295693188906, 0.301294326782, 0.316848486662, 0.293607026339, 0.230543330312, 0.216881260276, 0.218690007925, 0.249444931746, 0.270476341248, 0.220810636878, 0.179508820176]
        dmean2: [0.339052826166, 0.336816608906, 0.309939563274, 0.284823685884, 0.227575182915, 0.282448351383, 0.368291020393, 0.341806054115, 0.336837828159, 0.348633915186, 0.352982014418, 0.305368810892, 0.294192314148, 0.283926635981, 0.239233136177, 0.191790163517, 0.182972580194, 0.262188673019, 0.336477577686, 0.306519120932, 0.263378292322, 0.366785764694, 0.484176307917, 0.383970469236, 0.444148302078, 0.522224545479, 0.536046743393, 0.558324038982, 0.51982909441, 0.399358361959, 0.38544896245, 0.392309635878, 0.451368808746, 0.48422896862, 0.380779743195, 0.30934342742]
        dvar: [0.0409490615129, 0.0425656028092, 0.0346504859626, 0.0354126952589, 0.0187934078276, 0.0316037610173, 0.0579213947058, 0.0504361130297, 0.042335215956, 0.0424358099699, 0.0537381879985, 0.0398177355528, 0.0370542220771, 0.0367459580302, 0.0270428080112, 0.0274544004351, 0.024187926203, 0.0423561818898, 0.0606522224844, 0.0486829355359, 0.0327072180808, 0.0401315838099, 0.0630189031363, 0.0420017950237, 0.0688393190503, 0.0762657299638, 0.0721817612648, 0.0684310793877, 0.0767504200339, 0.0480962954462, 0.0438000708818, 0.048058398068, 0.053589053452, 0.0722262784839, 0.045963421464, 0.0371767431498]
        dvar2: [0.104170791805, 0.112612806261, 0.0927609652281, 0.0936140790582, 0.0481487438083, 0.0867861583829, 0.13663764298, 0.113423250616, 0.120733879507, 0.121231257915, 0.152169033885, 0.109056085348, 0.103835679591, 0.0946476608515, 0.0740097239614, 0.0773124545813, 0.0728422254324, 0.130548074841, 0.175453990698, 0.140917032957, 0.0950912982225, 0.113965258002, 0.189851403236, 0.113369181752, 0.187458768487, 0.197222843766, 0.190375700593, 0.178224205971, 0.178482413292, 0.132613167167, 0.117003560066, 0.132234916091, 0.152866944671, 0.192576915026, 0.125190004706, 0.100323803723]
        max: [1, 1, 0.972675025463, 1, 0.69393324852, 1, 1, 1, 1, 1, 1, 1, 1, 1, 1, 1, 1, 1, 1, 1, 1, 1, 1, 1, 1, 1, 1, 1, 1, 1, 1, 1, 1, 1, 1, 1]
        mean: [0.225143790245, 0.220317229629, 0.186710372567, 0.1713244766, 0.142764523625, 0.152796387672, 0.25988098979, 0.294550836086, 0.216931089759, 0.182841569185, 0.171430721879, 0.146370694041, 0.165053427219, 0.178609326482, 0.131002530456, 0.0935340449214, 0.0972354635596, 0.129713460803, 0.172156468034, 0.161434948444, 0.132911905646, 0.223107486963, 0.320762097836, 0.256434738636, 0.241024896502, 0.297075003386, 0.29586994648, 0.351473540068, 0.355729460716, 0.253539294004, 0.213970378041, 0.214854687452, 0.247720986605, 0.275984972715, 0.223166659474, 0.195502743125]
        min: [0.00427981093526, 0.0039407145232, 0.00470481952652, 0.00434778211638, 0.00240346905775, 0.00330675579607, 0.003764731111, 0.0048090191558, 0.00522459857166, 0.00371032394469, 0.00276722898707, 0.00272632134147, 0.00358908204362, 0.00212263711728, 0.00343902641907, 0.00210250308737, 0.00299702608027, 0.00305252987891, 0.0025784233585, 0.00336488918401, 0.00261186505668, 0.00870465580374, 0.00857841409743, 0.00437774928287, 0.00215403432958, 0.00159875070676, 0.00324390106834, 0.00421884516254, 0.00103489169851, 0.00681964261457, 0.001873889938, 0.00458548637107, 0.00669402908534, 0.00672669382766, 0.00577517738566, 0.00441786693409]
        var: [0.0547876209021, 0.055612783879, 0.0350618325174, 0.0376115851104, 0.0227083563805, 0.0335725322366, 0.102045364678, 0.113461896777, 0.0535043142736, 0.0418260022998, 0.0429911091924, 0.0331952869892, 0.0357335135341, 0.0411444790661, 0.0241453312337, 0.020733628422, 0.0209958739579, 0.0330697633326, 0.0519611239433, 0.0450363233685, 0.0274812374264, 0.0445589199662, 0.0907817333937, 0.0615184493363, 0.0732613801956, 0.0963963866234, 0.0855566337705, 0.0985260084271, 0.113607682288, 0.0589212588966, 0.0494028739631, 0.0457606092095, 0.0594057962298, 0.0897087678313, 0.0575623586774, 0.0386982709169]
    chords_histogram: [42.8571434021, 0, 0, 0, 0, 0, 0, 55.7603683472, 0, 0, 0, 0, 0, 0, 1.38248848915, 0, 0, 0, 0, 0, 0, 0, 0, 0]
    thpcp: [1, 0.712730646133, 0.601497471333, 0.603983402252, 0.69637465477, 0.775828242302, 0.627349376678, 0.549582660198, 0.63290733099, 0.619339287281, 0.524866223335, 0.481614530087, 0.401328921318, 0.429529756308, 0.730557978153, 0.82801926136, 0.60982042551, 0.513990521431, 0.481913208961, 0.41146633029, 0.463985830545, 0.502093136311, 0.368264496326, 0.262935906649, 0.273341059685, 0.364640772343, 0.483953356743, 0.453813821077, 0.373631983995, 0.627183020115, 0.901702344418, 0.720870137215, 0.677551150322, 0.835114955902, 0.831727445126, 0.988036096096]
    chords_key: "E"
    chords_scale: "major"
    key_key: "E"
    key_scale: "minor"
    chords_progression: ["E", "E", "E", "E", "E", "E", "Fm", "Fm", "Fm", "E", "E", "E", "E", "E", "E", "E", "E", "E", "E", "E", "E", "E", "E", "E", "E", "E", "E", "E", "E", "E", "E", "E", "E", "E", "E", "E", "E", "E", "E", "E", "E", "E", "E", "E", "E", "E", "E", "E", "E", "E", "E", "E", "E", "E", "E", "E", "E", "E", "E", "E", "E", "E", "E", "E", "E", "E", "E", "E", "E", "E", "E", "E", "E", "E", "E", "E", "E", "E", "E", "E", "E", "E", "E", "E", "E", "E", "E", "E", "E", "E", "E", "E", "E", "E", "E", "E", "E", "E", "E", "E", "E", "E", "E", "E", "E", "E", "E", "E", "E", "E", "E", "E", "E", "Em", "Em", "Em", "Em", "E", "E", "E", "E", "E", "E", "E", "E", "Em", "Em", "Em", "Em", "Em", "Em", "Em", "Em", "Em", "Em", "Em", "Em", "Em", "Em", "Em", "Em", "Em", "Em", "Em", "Em", "Em", "Em", "Em", "Em", "Em", "Em", "Em", "Em", "Em", "Em", "Em", "Em", "Em", "Em", "Em", "Em", "Em", "Em", "Em", "Em", "Em", "Em", "Em", "Em", "Em", "Em", "Em", "Em", "Em", "Em", "Em", "Em", "Em", "Em", "Em", "Em", "Em", "Em", "Em", "Em", "Em", "Em", "Em", "Em", "Em", "Em", "Em", "Em", "Em", "Em", "Em", "Em", "Em", "Em", "Em", "Em", "E", "Em", "E", "E", "Em", "Em", "Em", "Em", "Em", "Em", "Em", "Em", "Em", "Em", "Em", "Em"]
