
metadata:
    version:
        essentia: "1.2.2"
    audio_properties:
        analysis_sample_rate: 44100
        bitrate: 128
        channels: 2
        equal_loudness: 1
        length: 10.0571432114
        replay_gain: -13.3605041504
        downmix: "mix"
    tags:
        track: 14
        year: 0
        album: "Splitted by Mp3Splt v. 2.1"
        artist: "From 002.10 To 002.20"
        comment: "http://mp3splt.sf.net"
        genre: ""
        title: "02 Track 2.mp3"

highlevel:
    ballroom:
        all:
            ChaChaCha: 0.326500684023
            Jive: 0.373695939779
            Quickstep: 0.0298881884664
            Rumba-American: 0.000687831779942
            Rumba-International: 0.000608375587035
            Rumba-Misc: 0.0009266025736
            Samba: 0.265262544155
            Tango: 0.000566981965676
            VienneseWaltz: 0.00111797149293
            Waltz: 0.000744891585782
        probability: 0.373695939779
        value: "Jive"
    culture:
        all:
            non_western: 0.444552958012
            western: 0.555447041988
        probability: 0.555447041988
        value: "western"
    gender:
        all:
            female: 0.45537725091
            male: 0.544622778893
        probability: 0.544622778893
        value: "male"
    genre_dortmund:
        all:
            alternative: 0.044794484973
            blues: 0.0142266247422
            electronic: 0.123174495995
            folkcountry: 0.0279793459922
            funksoulrnb: 0.0863147750497
            jazz: 0.0108420429751
            pop: 0.0367250926793
            raphiphop: 0.294944018126
            rock: 0.360999107361
        probability: 0.360999107361
        value: "rock"
    genre_electronica:
        all:
            ambient: 0.27449798584
            dnb: 0.454245299101
            house: 0.131855875254
            techno: 0.0515927523375
            trance: 0.0878080800176
        probability: 0.454245299101
        value: "dnb"
    genre_rosamerica:
        all:
            cla: 0.0399354025722
            dan: 0.454712152481
            hip: 0.163490310311
            jaz: 0.00840907078236
            pop: 0.174303099513
            rhy: 0.0268001351506
            roc: 0.121034599841
            spe: 0.0113152302802
        probability: 0.454712152481
        value: "dan"
    genre_tzanetakis:
        all:
            blu: 0.00345299625769
            cla: 0.00504845939577
            cou: 0.00621804827824
            dis: 0.149842813611
            hip: 0.268334716558
            jaz: 0.00351966079324
            met: 0.0526691824198
            pop: 0.413790106773
            reg: 0.0597466789186
            roc: 0.0373773574829
        probability: 0.413790106773
        value: "pop"
    live_studio:
        all:
            live: 0.0142477191985
            studio: 0.985752284527
        probability: 0.985752284527
        value: "studio"
    mood:
        all:
            Cluster1: 0.453520715237
            Cluster2: 0.0730370059609
            Cluster3: 0.0180528201163
            Cluster4: 0.0934068709612
            Cluster5: 0.361982584
        probability: 0.453520715237
        value: "Cluster1"
    mood_acoustic:
        all:
            acoustic: 0.00492064608261
            not_acoustic: 0.995079338551
        probability: 0.995079338551
        value: "not_acoustic"
    mood_aggressive:
        all:
            aggressive: 0.670904815197
            not_aggressive: 0.329095214605
        probability: 0.670904815197
        value: "aggressive"
    mood_electronic:
        all:
            electronic: 0.93148368597
            not_electronic: 0.0685163065791
        probability: 0.93148368597
        value: "electronic"
    mood_happy:
        all:
            happy: 0.294746339321
            not_happy: 0.705253660679
        probability: 0.705253660679
        value: "not_happy"
    mood_party:
        all:
            not_party: 0.148755848408
            party: 0.851244151592
        probability: 0.851244151592
        value: "party"
    mood_relaxed:
        all:
            not_relaxed: 0.683856070042
            relaxed: 0.316143900156
        probability: 0.683856070042
        value: "not_relaxed"
    mood_sad:
        all:
            not_sad: 0.95671159029
            sad: 0.0432884246111
        probability: 0.95671159029
        value: "not_sad"
    rhythm:
        all:
            fast: 0.723683893681
            medium: 0.270782649517
            slow: 0.00553344935179
        probability: 0.723683893681
        value: "fast"
    speech_music:
        all:
            music: 0.904184579849
            speech: 0.0958154350519
        probability: 0.904184579849
        value: "music"
    timbre:
        all:
            bright: 0.121547020972
            dark: 0.878452956676
        probability: 0.878452956676
        value: "dark"
    voice_instrumental:
        all:
            instrumental: 0.00925169698894
            voice: 0.990748286247
        probability: 0.990748286247
        value: "voice"

lowlevel:
    average_loudness: 0.892733812332
    barkbands_kurtosis:
        dmean: 0.875989794731
        dmean2: 1.46519064903
        dvar: 1.33124780655
        dvar2: 2.72055387497
        max: 11.5229539871
        mean: 0.0671771019697
        min: -1.7913993597
        var: 5.01804685593
    barkbands_skewness:
        dmean: 0.47944945097
        dmean2: 0.738643407822
        dvar: 0.191597267985
        dvar2: 0.377467215061
        max: 2.31854939461
        mean: 0.0353818759322
        min: -1.90482473373
        var: 0.535067141056
    barkbands_spread:
        dmean: 5.55129718781
        dmean2: 8.84168815613
        dvar: 40.1893920898
        dvar2: 85.3791809082
        max: 59.2384376526
        mean: 25.3328990936
        min: 2.12251806259
        var: 172.278808594
    dissonance:
        dmean: 0.0186900906265
        dmean2: 0.030552841723
        dvar: 0.000814038794488
        dvar2: 0.00143351533916
        max: 0.499893188477
        mean: 0.469309538603
        min: 0
        var: 0.00130254530814
    hfc:
        dmean: 3.85422348976
        dmean2: 5.36995458603
        dvar: 46.0451316833
        dvar2: 95.366859436
        max: 65.3780212402
        mean: 5.64743518829
        min: 0.000143971541547
        var: 67.4358520508
    pitch:
        dmean: 790.880371094
        dmean2: 1533.06140137
        dvar: 1744213.5
        dvar2: 3952426
        max: 4410
        mean: 1339.36022949
        min: 69.4488220215
        var: 1903112.25
    pitch_instantaneous_confidence:
        dmean: 0.119219809771
        dmean2: 0.185180768371
        dvar: 0.00946858245879
        dvar2: 0.0228627230972
        max: 0.872389018536
        mean: 0.424467295408
        min: 0.134580492973
        var: 0.0251568499953
    pitch_salience:
        dmean: 0.0591840967536
        dmean2: 0.0966951027513
        dvar: 0.00284966686741
        dvar2: 0.0068749813363
        max: 0.958553493023
        mean: 0.712663948536
        min: 0.37446641922
        var: 0.00611732201651
    silence_rate_20dB:
        dmean: 0
        dmean2: 0
        dvar: 0
        dvar2: 0
        max: 1
        mean: 1
        min: 1
        var: 0
    silence_rate_30dB:
        dmean: 0
        dmean2: 0
        dvar: 0
        dvar2: 0
        max: 1
        mean: 1
        min: 1
        var: 0
    silence_rate_60dB:
        dmean: 0.165094345808
        dmean2: 0.330969274044
        dvar: 0.137838065624
        dvar2: 0.254526227713
        max: 1
        mean: 0.684705853462
        min: 0
        var: 0.215883865952
    spectral_centroid:
        dmean: 340.960205078
        dmean2: 505.738067627
        dvar: 115782.007812
        dvar2: 198885.015625
        max: 3100.15869141
        mean: 1790.42590332
        min: 540.51574707
        var: 290632.34375
    spectral_complexity:
        dmean: 5.12106513977
        dmean2: 7.4368929863
        dvar: 44.9393005371
        dvar2: 84.0275039673
        max: 55
        mean: 9.86714935303
        min: 0
        var: 102.631942749
    spectral_crest:
        dmean: 2.10911345482
        dmean2: 3.48457050323
        dvar: 3.53835010529
        dvar2: 8.68422794342
        max: 18.2958965302
        mean: 7.14773225784
        min: 2.70548868179
        var: 7.85037660599
    spectral_decrease:
        dmean: 3.42371964113e-10
        dmean2: 4.90847140711e-10
        dvar: 3.59508617442e-19
        dvar2: 8.12264426458e-19
        max: -1.41011944417e-14
        mean: -6.08507855215e-10
        min: -4.99793717523e-09
        var: 5.12274556017e-19
    spectral_energy:
        dmean: 0.00163509557024
        dmean2: 0.00231194822118
        dvar: 8.02347858553e-06
        dvar2: 1.78201844392e-05
        max: 0.0242280159146
        mean: 0.00280888844281
        min: 6.62798242956e-08
        var: 1.15960774565e-05
    spectral_energyband_high:
        dmean: 0.000277002633084
        dmean2: 0.000395945768105
        dvar: 2.61130452373e-07
        dvar2: 5.07807271788e-07
        max: 0.00432297727093
        mean: 0.00030681231874
        min: 2.03808014909e-09
        var: 3.63465062492e-07
    spectral_energyband_low:
        dmean: 9.15111450013e-05
        dmean2: 0.000155974412337
        dvar: 5.3835968572e-08
        dvar2: 1.46468210005e-07
        max: 0.00224662991241
        mean: 0.000122942103189
        min: 1.00118878466e-10
        var: 5.74407295062e-08
    spectral_energyband_middle_high:
        dmean: 0.000922865408938
        dmean2: 0.00130335392896
        dvar: 2.47598381975e-06
        dvar2: 5.42558063898e-06
        max: 0.0149117745459
        mean: 0.0015692244051
        min: 3.52203635146e-08
        var: 3.94624748878e-06
    spectral_energyband_middle_low:
        dmean: 0.00051662226906
        dmean2: 0.000834983889945
        dvar: 1.2790120536e-06
        dvar2: 3.11013400278e-06
        max: 0.0127847269177
        mean: 0.000809903023764
        min: 1.63778981488e-08
        var: 1.35497532483e-06
    spectral_flatness_db:
        dmean: 0.0187367536128
        dmean2: 0.0283665079623
        dvar: 0.000301552878227
        dvar2: 0.000600619940087
        max: 0.324890106916
        mean: 0.17565228045
        min: 0.0599355958402
        var: 0.0043521374464
    spectral_flux:
        dmean: 0.01085108798
        dmean2: 0.0152846844867
        dvar: 0.000159726681886
        dvar2: 0.000312988500809
        max: 0.115791119635
        mean: 0.0344443768263
        min: 0.00101687514689
        var: 0.000491986691486
    spectral_kurtosis:
        dmean: 2.79019665718
        dmean2: 4.77657318115
        dvar: 12.4803199768
        dvar2: 37.7359962463
        max: 39.4019126892
        mean: 6.32637834549
        min: -0.245668649673
        var: 51.7300834656
    spectral_rms:
        dmean: 0.000402734440286
        dmean2: 0.000532835489139
        dvar: 2.46533289783e-07
        dvar2: 4.93870800256e-07
        max: 0.00486179906875
        mean: 0.0014177482808
        min: 8.04134560894e-06
        var: 7.3036608228e-07
    spectral_rolloff:
        dmean: 533.897766113
        dmean2: 830.543640137
        dvar: 486249.25
        dvar2: 937854.8125
        max: 5598.6328125
        mean: 3173.02563477
        min: 430.6640625
        var: 771311.625
    spectral_skewness:
        dmean: 0.325161546469
        dmean2: 0.513968288898
        dvar: 0.0952863171697
        dvar2: 0.262497127056
        max: 4.28658056259
        mean: 1.51783370972
        min: 0.527552068233
        var: 0.46992495656
    spectral_spread:
        dmean: 732887.9375
        dmean2: 986411.4375
        dvar: 1.08789157069e+12
        dvar2: 1.87043466445e+12
        max: 17198382
        mean: 4148434.5
        min: 1068749.375
        var: 5.64125499392e+12
    spectral_strongpeak:
        dmean: 0.377858370543
        dmean2: 0.665882349014
        dvar: 0.396864444017
        dvar2: 1.06039226055
        max: 4.60241317749
        mean: 0.47145408392
        min: 0.00042092447984
        var: 0.418616980314
    zerocrossingrate:
        dmean: 0.0116880107671
        dmean2: 0.0135640269145
        dvar: 0.000125911654322
        dvar2: 0.000162906333571
        max: 0.17431640625
        mean: 0.0956960469484
        min: 0.00927734375
        var: 0.000468334677862
    barkbands:
        dmean: [4.66058338588e-07, 4.41497759311e-05, 6.56193224131e-05, 0.000101091769466, 0.000287455768557, 6.58851713524e-05, 6.29221394775e-05, 4.76525819977e-05, 0.00010895752348, 7.83876457717e-05, 9.27007131395e-05, 5.16828877153e-05, 4.36214177171e-05, 7.40702234907e-05, 6.97291106917e-05, 8.74334800756e-05, 0.000113206799142, 0.000202276700293, 0.00026758457534, 0.000232097954722, 9.20773163671e-05, 5.64558213227e-05, 1.08015974547e-05, 6.05648483543e-06, 3.04647392113e-06, 1.78792177508e-07, 5.56289458942e-10]
        dmean2: [6.84133567574e-07, 7.62001145631e-05, 0.000117314310046, 0.000186518969713, 0.000479689246276, 0.000107381405542, 0.000104835060483, 7.74733052822e-05, 0.000173785185325, 0.000118800562632, 0.000142032178701, 7.86481687101e-05, 7.03053810867e-05, 0.000116761955724, 0.000108334461402, 0.000139078023494, 0.000173595777596, 0.000311133597279, 0.000407601037296, 0.000336378958309, 0.000132034445414, 8.34563325043e-05, 1.54976660269e-05, 8.43642192194e-06, 4.28883777204e-06, 2.69243344064e-07, 8.82907080779e-10]
        dvar: [1.09450155102e-12, 1.35363125153e-08, 3.37050600763e-08, 1.31428762984e-07, 7.20526941222e-07, 1.45467007329e-08, 8.94887364211e-09, 7.82759279616e-09, 3.25612852237e-08, 1.30106245777e-08, 2.86499535207e-08, 1.35176909666e-08, 5.92855187165e-09, 1.85551520815e-08, 1.35407089985e-08, 2.99814963967e-08, 5.36477067214e-08, 1.95508448542e-07, 2.66363997525e-07, 1.55464064733e-07, 4.28037374434e-08, 1.0374077597e-08, 5.47411060925e-10, 1.57824267544e-10, 4.83700718368e-11, 2.27450193012e-13, 1.54881744572e-17]
        dvar2: [1.8709886071e-12, 3.64466608005e-08, 9.49933891548e-08, 3.76828154458e-07, 1.77416598035e-06, 3.50399211868e-08, 2.33008030648e-08, 1.63984861246e-08, 7.51274384925e-08, 2.84074825885e-08, 6.79600375975e-08, 3.19876676258e-08, 1.40399301074e-08, 4.63660825289e-08, 2.85184587057e-08, 7.16884187568e-08, 1.14251314187e-07, 4.68345803029e-07, 5.69564292618e-07, 3.17273475048e-07, 8.73949446145e-08, 2.19015703351e-08, 1.05045405707e-09, 2.99272107096e-10, 8.9716463425e-11, 5.20650850992e-13, 3.87548344488e-17]
        max: [1.27715511553e-05, 0.0012242149096, 0.00167572870851, 0.00421917578205, 0.00948167871684, 0.00100950652268, 0.00108166201971, 0.000844980124384, 0.00163376459386, 0.000950480927713, 0.00177524832543, 0.00177092186641, 0.0006566173397, 0.00167907390278, 0.00096616987139, 0.00170383707155, 0.00197053980082, 0.00436867401004, 0.00631646485999, 0.00339718349278, 0.00206129415892, 0.000739733106457, 0.000171614388819, 8.91989548109e-05, 5.52546989638e-05, 4.70614986625e-06, 5.6300585527e-08]
        mean: [9.01385362795e-07, 5.78419530939e-05, 6.42056838842e-05, 8.90269875526e-05, 0.000315032288199, 9.45419305936e-05, 8.25969036669e-05, 6.71659290674e-05, 0.000152122447616, 0.000111642082629, 0.000144941528561, 7.82805655035e-05, 5.65722330066e-05, 9.90382104646e-05, 9.45384454099e-05, 9.32797847781e-05, 0.000134031055495, 0.000238156804699, 0.000372035516193, 0.000289744290058, 9.55839495873e-05, 5.56073828193e-05, 1.19601218103e-05, 6.58264298181e-06, 3.28716691911e-06, 1.71108368363e-07, 4.0521194733e-10]
        min: [5.7277438543e-14, 4.55460218152e-11, 4.84496401332e-11, 1.87273044294e-10, 2.50903453569e-09, 1.95456384411e-09, 2.35112773694e-09, 1.55882318165e-09, 1.98485916592e-09, 5.91984850029e-10, 1.61572422108e-09, 5.26513588284e-09, 3.21269033599e-09, 7.04336589052e-10, 1.78777448401e-09, 6.12182571302e-09, 4.75425521174e-09, 5.88255621992e-09, 2.54515830633e-09, 6.6221508277e-09, 5.72730141091e-10, 1.23713664313e-10, 5.45244127625e-11, 2.04356306183e-11, 7.27376232162e-12, 3.16313815418e-11, 5.29154573891e-13]
        var: [3.40725516378e-12, 1.57469415285e-08, 2.4463009396e-08, 8.34870235167e-08, 6.50069637231e-07, 1.85311179735e-08, 1.33287985093e-08, 1.68938996126e-08, 5.48584040416e-08, 2.7385560486e-08, 6.43728981231e-08, 2.14852082792e-08, 7.90362086889e-09, 3.86899756677e-08, 2.17808402425e-08, 3.20986828228e-08, 6.88177976826e-08, 1.98557572162e-07, 4.22347653739e-07, 2.26727379982e-07, 5.38334532507e-08, 1.31550343951e-08, 7.66726682144e-10, 2.31631908099e-10, 7.23945417502e-11, 2.45140116973e-13, 7.99202799977e-18]
    mfcc:
        mean: [-787.48815918, 111.684387207, -77.8295516968, 44.4794044495, -19.5873622894, -4.19293880463, -0.962058842182, -0.766205132008, -12.9773302078, 1.69984841347, -9.73633384705, -9.33464050293, -9.87138462067]
        cov: [[16799.0136719, -1778.83789062, 5193.54052734, 785.535339355, -1005.9487915, -580.428710938, 742.447021484, 333.519897461, 1188.73779297, -761.71295166, 227.604431152, 72.856086731, 494.847381592], [-1778.83789062, 1244.49108887, -657.942321777, 41.2965164185, -120.724960327, -236.543457031, 69.133644104, -182.925170898, -68.5779190063, -32.6045303345, 2.14435243607, -4.67202758789, -41.1108894348], [5193.54052734, -657.942321777, 3098.17456055, 200.725784302, -117.917228699, -253.039627075, 343.976104736, 67.4527206421, 643.558654785, -446.784301758, 218.300842285, 28.1407222748, 358.08102417], [785.535339355, 41.2965164185, 200.725784302, 308.116699219, -5.86990690231, -97.8755569458, -33.9854621887, -12.928768158, 44.2693557739, 2.63600683212, -21.2664432526, 6.47516727448, 22.271900177], [-1005.9487915, -120.724960327, -117.917228699, -5.86990690231, 376.471466064, 162.322494507, -94.1269073486, 2.87845945358, -55.4803924561, 49.4244270325, 28.1962127686, -11.3050022125, 16.3811855316], [-580.428710938, -236.543457031, -253.039627075, -97.8755569458, 162.322494507, 448.417938232, -127.507064819, 121.07118988, -120.681625366, 81.9754638672, -13.1545124054, 38.0931358337, -50.2686691284], [742.447021484, 69.133644104, 343.976104736, -33.9854621887, -94.1269073486, -127.507064819, 225.106140137, -3.33990812302, 113.410140991, -102.534690857, 38.7847862244, -22.5543785095, 45.120426178], [333.519897461, -182.925170898, 67.4527206421, -12.928768158, 2.87845945358, 121.07118988, -3.33990812302, 168.633056641, -3.84464120865, 39.004573822, -1.40047979355, 13.9290790558, -9.69556522369], [1188.73779297, -68.5779190063, 643.558654785, 44.2693557739, -55.4803924561, -120.681625366, 113.410140991, -3.84464120865, 234.714614868, -108.073753357, 65.138961792, -24.6792831421, 80.2193450928], [-761.71295166, -32.6045303345, -446.784301758, 2.63600683212, 49.4244270325, 81.9754638672, -102.534690857, 39.004573822, -108.073753357, 203.088302612, -22.0075473785, 25.58934021, -66.4539794922], [227.604431152, 2.14435243607, 218.300842285, -21.2664432526, 28.1962127686, -13.1545124054, 38.7847862244, -1.40047979355, 65.138961792, -22.0075473785, 106.241516113, 7.6410908699, 45.8031349182], [72.856086731, -4.67202758789, 28.1407222748, 6.47516727448, -11.3050022125, 38.0931358337, -22.5543785095, 13.9290790558, -24.6792831421, 25.58934021, 7.6410908699, 106.497161865, 14.288151741], [494.847381592, -41.1108894348, 358.08102417, 22.271900177, 16.3811855316, -50.2686691284, 45.120426178, -9.69556522369, 80.2193450928, -66.4539794922, 45.8031349182, 14.288151741, 102.951065063]]
        icov: [[0.000267022260232, 0.00035989281605, -0.000166015815921, -0.000685438921209, 0.000665200583171, -0.000122118930449, -0.000359595112968, -0.000122289799037, -0.000214315354242, 0.000338281446602, -0.000263998197624, -0.000151339976583, 9.0372741397e-05], [0.00035989281605, 0.00192751374561, 0.000431190885138, -0.00154008902609, 0.00115622603334, 0.000168613521964, -0.00114656705409, 0.000659211946186, -0.000360292615369, 0.00141940743197, -0.00140677019954, -0.000808572571259, 0.000271246011835], [-0.000166015815921, 0.000431190885138, 0.00157788489014, -0.00031387063791, -0.000289685849566, 6.03006592428e-05, -0.000147382976138, -0.000292977521894, -0.00205325800925, 0.00144236546475, -0.000589367002249, -0.000900239974726, -0.00141946470831], [-0.000685438921209, -0.00154008902609, -0.00031387063791, 0.00641055451706, -0.00223018275574, 0.0016124517424, 0.00281576882116, -0.000306090281811, 2.35035622609e-05, -0.00206117704511, 0.00290543748997, 0.000265236390987, -0.000414421956521], [0.000665200583171, 0.00115622603334, -0.000289685849566, -0.00223018275574, 0.00581165729091, -0.00198243558407, -0.00019879800675, 0.000901892548427, 0.00028598550125, 0.00015901667939, -0.00226744590327, 0.00147064309567, -0.00228177173994], [-0.000122118930449, 0.000168613521964, 6.03006592428e-05, 0.0016124517424, -0.00198243558407, 0.0050742989406, 0.00194368022494, -0.0030355504714, 0.00111606076825, 0.0010454977164, -0.000320544932038, -0.00146463362034, 0.00190222146921], [-0.000359595112968, -0.00114656705409, -0.000147382976138, 0.00281576882116, -0.00019879800675, 0.00194368022494, 0.00907799229026, -0.00193049304653, -0.0011833421886, 0.00151731050573, -0.000386568921385, 0.000919122656342, -5.97831458435e-05], [-0.000122289799037, 0.000659211946186, -0.000292977521894, -0.000306090281811, 0.000901892548427, -0.0030355504714, -0.00193049304653, 0.00972867943347, 6.60312143737e-05, -0.00280337268487, 0.000359018071322, 0.000371916918084, 5.30694990175e-07], [-0.000214315354242, -0.000360292615369, -0.00205325800925, 2.35035622609e-05, 0.00028598550125, 0.00111606076825, -0.0011833421886, 6.60312143737e-05, 0.0133650423959, -0.000436444475781, -0.00300911394879, 0.00356983067468, -0.000805391813628], [0.000338281446602, 0.00141940743197, 0.00144236546475, -0.00206117704511, 0.00015901667939, 0.0010454977164, 0.00151731050573, -0.00280337268487, -0.000436444475781, 0.0114413155243, -0.00330259860493, -0.00318537699059, 0.0035628748592], [-0.000263998197624, -0.00140677019954, -0.000589367002249, 0.00290543748997, -0.00226744590327, -0.000320544932038, -0.000386568921385, 0.000359018071322, -0.00300911394879, -0.00330259860493, 0.0154545959085, -0.000627530913334, -0.00403972994536], [-0.000151339976583, -0.000808572571259, -0.000900239974726, 0.000265236390987, 0.00147064309567, -0.00146463362034, 0.000919122656342, 0.000371916918084, 0.00356983067468, -0.00318537699059, -0.000627530913334, 0.0127015365288, -0.00415993528441], [9.0372741397e-05, 0.000271246011835, -0.00141946470831, -0.000414421956521, -0.00228177173994, 0.00190222146921, -5.97831458435e-05, 5.30694990175e-07, -0.000805391813628, 0.0035628748592, -0.00403972994536, -0.00415993528441, 0.0210341867059]]
    spectral_contrast:
        mean: [-4.65296864149e-07, 1.73972850348e-07, 1.14143254848e-07, 1.18111501024e-07, 2.85785546339e-07, -5.88559885273e-07, -5.4448987612e-06, 5.50911045138e-06, -7.16407498658e-07, -2.72943202617e-06, -9.75558123173e-07, -5.50666300114e-06]
        var: [0.000613290758338, 0.00106691929977, 0.00134995777626, 0.00238907057792, 0.00366672431119, 0.00672863656655, 0.116891048849, 0.157307505608, 0.322060376406, 0.411410272121, 0.820306539536, 10.3624095917]

rhythm:
    beats_loudness:
        dmean: 0.00302000809461
        dmean2: 0.0056039756164
        dvar: 6.42769828119e-06
        dvar2: 1.40477413879e-05
        max: 0.0112350322306
        mean: 0.00464426912367
        min: 6.53714369037e-06
        var: 1.19179048852e-05
    beats_loudness_bass:
        dmean: 0.0748039335012
        dmean2: 0.140334784985
        dvar: 0.00761761283502
        dvar2: 0.0234517846256
        max: 0.286884576082
        mean: 0.0600054003298
        min: 9.7148513305e-05
        var: 0.0075049707666
    bpm: 117.386512756
    bpm_confidence: 0
    first_peak_bpm: 119
    first_peak_spread: 0.411764681339
    first_peak_weight: 0.555555582047
    onset_rate: 4.97159099579
    second_peak_bpm: 110
    second_peak_spread: 0
    second_peak_weight: 0.0555555559695
    beats_position: [0.458023309708, 0.963664710522, 1.46930611134, 1.97494757175, 2.48058891296, 2.98623013496, 3.49187135696, 3.99751257896, 4.50315380096, 5.00879526138, 5.5144367218, 6.05757284164, 6.5800538063, 7.10253477097, 7.62501525879, 8.14749526978, 8.66997623444, 9.1924571991, 9.71493816376]
    bpm_estimates: [118.677711487, 118.634819031, 118.694595337, 118.289016724, 118.884239197, 118.61831665, 118.720069885, 118.616531372, 118.617652893, 118.860748291, 114.897399902, 114.768188477, 114.752708435, 114.986480713, 114.779464722]
    bpm_intervals: [0.505641400814, 0.505641400814, 0.505641460419, 0.505641341209, 0.505641222, 0.505641222, 0.505641222, 0.505641222, 0.505641460419, 0.505641460419, 0.543136119843, 0.522480964661, 0.522480964661, 0.522480487823, 0.522480010986, 0.522480964661, 0.522480964661, 0.522480964661]
    onset_times: [0.0580498874187, 0.197369620204, 0.336689352989, 0.46439909935, 0.708208620548, 0.870748281479, 0.96362811327, 1.2190476656, 1.35836732388, 1.49768710136, 1.62539684772, 1.74149656296, 1.89242625237, 1.98530614376, 2.14784574509, 2.22911572456, 2.38004541397, 2.50775504112, 2.64707493782, 2.76317453384, 2.89088439941, 2.99537420273, 3.16952371597, 3.25079369545, 3.39011335373, 3.52943301201, 3.65714287758, 3.78485250473, 3.9125623703, 4.01705217361, 4.1679816246, 4.27247142792, 4.41179132462, 4.55111122131, 6.59446716309, 6.76861667633, 6.86149644852, 7.01242637634, 7.10530614853, 7.36072540283, 7.6277551651, 7.87156438828, 8.12698459625, 8.54494285583, 8.64943313599, 8.90485286713, 9.13705253601, 9.4040813446, 9.64789104462, 9.92653083801]
    rubato_start: []
    rubato_stop: []
    perceptual_tempo: "unknown"

sfx:
    inharmonicity:
        dmean: 0.0601319856942
        dmean2: 0.104978255928
        dvar: 0.00392397725955
        dvar2: 0.0107516106218
        max: 0.362932950258
        mean: 0.0684823691845
        min: 0.000504287483636
        var: 0.00456801522523
    oddtoevenharmonicenergyratio:
        dmean: 3.86656284332
        dmean2: 7.08249998093
        dvar: 105.75138092
        dvar2: 290.577911377
        max: 124.451057434
        mean: 2.96339726448
        min: 0.00385952554643
        var: 92.0544128418
    pitch_after_max_to_before_max_energy_ratio: 6.20116138458
    pitch_centroid: 179.773178101
    pitch_max_to_total: 0.113526567817
    pitch_min_to_total: 0.763285040855
    tristimulus:
        dmean: [0.187234118581, 0.256348371506, 0.15970480442]
        dmean2: [0.328510284424, 0.444872140884, 0.280017584562]
        dvar: [0.0322373956442, 0.050922062248, 0.0189774762839]
        dvar2: [0.0831573978066, 0.147522896528, 0.0504814274609]
        max: [0.845995366573, 0.986547827721, 0.739203512669]
        mean: [0.269244760275, 0.503790557384, 0.172775119543]
        min: [0.00465156929567, 0, 0]
        var: [0.0426528081298, 0.0647117197514, 0.0252900440246]

tonal:
    chords_changes_rate: 0.0143540669233
    chords_number_rate: 0.0191387552768
    chords_strength:
        dmean: 0.00993373524398
        dmean2: 0.0109499720857
        dvar: 6.73395261401e-05
        dvar2: 8.67605704116e-05
        max: 0.755911052227
        mean: 0.55455994606
        min: 0.297005861998
        var: 0.0154256476089
    key_strength: 0.520550608635
    tuning_diatonic_strength: 0.629391908646
    tuning_equal_tempered_deviation: 0.146044418216
    tuning_frequency: 438.224517822
    tuning_nontempered_energy_ratio: 0.826969921589
    hpcp:
        dmean: [0.249571725726, 0.262047469616, 0.27374407649, 0.26611545682, 0.234324276447, 0.183841377497, 0.174009874463, 0.154588297009, 0.139300212264, 0.143031924963, 0.133597299457, 0.117679066956, 0.116203829646, 0.127132296562, 0.148118942976, 0.146067678928, 0.127974167466, 0.108643420041, 0.10802641511, 0.124742761254, 0.133105009794, 0.117884628475, 0.151586279273, 0.205276653171, 0.214709356427, 0.203458547592, 0.179272785783, 0.139612212777, 0.123688906431, 0.175616666675, 0.201159089804, 0.204470291734, 0.220552206039, 0.219108179212, 0.19809409976, 0.228290811181]
        dmean2: [0.433458268642, 0.462954461575, 0.470555096865, 0.448666363955, 0.392923355103, 0.319986194372, 0.289668470621, 0.265209555626, 0.240823611617, 0.237472951412, 0.220814540982, 0.198737934232, 0.195105046034, 0.226566299796, 0.25910243392, 0.253747582436, 0.220263570547, 0.173151805997, 0.178220763803, 0.211685776711, 0.23672246933, 0.204541936517, 0.26136597991, 0.351327717304, 0.373307466507, 0.348708480597, 0.318429470062, 0.243048682809, 0.208795771003, 0.307459145784, 0.351078540087, 0.356758624315, 0.382427543402, 0.377601891756, 0.327274233103, 0.391911149025]
        dvar: [0.0475558303297, 0.0491741895676, 0.05051734671, 0.0517262034118, 0.0413217283785, 0.0310456119478, 0.0293820407242, 0.0248597878963, 0.0222443416715, 0.0260140690953, 0.0236020609736, 0.0230000279844, 0.0305153932422, 0.0237976592034, 0.0312424823642, 0.0282838735729, 0.0209582746029, 0.0197166129947, 0.0213389508426, 0.0223961155862, 0.0356709957123, 0.0238111652434, 0.0329638011754, 0.0449850782752, 0.0445134565234, 0.0352533683181, 0.0385362431407, 0.0288296807557, 0.0141613781452, 0.0388150811195, 0.042056042701, 0.0432596467435, 0.0390957519412, 0.0360189937055, 0.0331549234688, 0.0436375401914]
        dvar2: [0.124760366976, 0.113557100296, 0.145824685693, 0.139145597816, 0.125041365623, 0.0873389020562, 0.0858246013522, 0.0728785693645, 0.0641952678561, 0.0630046650767, 0.0623030364513, 0.0646483376622, 0.0683001428843, 0.0601582974195, 0.087560929358, 0.0765425115824, 0.0554641187191, 0.0344302654266, 0.0429364442825, 0.0564594902098, 0.094464443624, 0.0691504850984, 0.0922585949302, 0.111867517233, 0.100960724056, 0.0932193994522, 0.104549139738, 0.0836980044842, 0.0374306924641, 0.0974283739924, 0.110883913934, 0.115473225713, 0.10109295696, 0.0963810607791, 0.0905637517571, 0.113931514323]
        max: [1, 1, 1, 1, 1, 1, 1, 1, 0.998867869377, 1, 1, 1, 1, 1, 1, 1, 1, 1, 1, 1, 1, 1, 1, 1, 1, 1, 1, 1, 0.652567923069, 1, 1, 1, 1, 1, 1, 1]
        mean: [0.361045241356, 0.400921225548, 0.483710378408, 0.561409473419, 0.447766572237, 0.284073978662, 0.248634338379, 0.223434537649, 0.205466002226, 0.212693288922, 0.188788965344, 0.157596737146, 0.167172387242, 0.169841125607, 0.215183109045, 0.240871176124, 0.177361488342, 0.152088880539, 0.153786331415, 0.150160461664, 0.146318420768, 0.143934369087, 0.183258846402, 0.292062044144, 0.366610884666, 0.300084859133, 0.217242375016, 0.175439730287, 0.170006513596, 0.222030222416, 0.275908499956, 0.326529800892, 0.397765606642, 0.395810902119, 0.341650575399, 0.338693767786]
        min: [0.00889321882278, 0.0103394314647, 0.0119020221755, 0.0190075356513, 0.0177331976593, 0.0149161266163, 0.01336936187, 0.0191769003868, 0.0220794212073, 0.0223050955683, 0.0124412849545, 0.00401254650205, 0.00427588773891, 0.00720650097355, 0.00864762160927, 0.00777794932947, 0.00166568346322, 0.00729488441721, 0.00621799379587, 0.00849769171327, 0.00249885185622, 0.00741258915514, 0.00790983531624, 0.0162508562207, 0.0211904998869, 0.013003738597, 0.0119265243411, 0.00431156577542, 0.00466909911484, 0.00428728898987, 0.00262698833831, 0.0118890451267, 0.0209825988859, 0.0213062036783, 0.0149977440014, 0.00993783585727]
        var: [0.0827073007822, 0.0877579376101, 0.0781119242311, 0.100582137704, 0.0748134627938, 0.0416386984289, 0.036804176867, 0.0270005390048, 0.0228307563812, 0.034035358578, 0.0283673703671, 0.0239449180663, 0.0478812120855, 0.0346139073372, 0.0440065525472, 0.0484818220139, 0.0252776928246, 0.0316646248102, 0.0343256890774, 0.0252249520272, 0.0294954124838, 0.0211073197424, 0.0326850004494, 0.0599853470922, 0.0768795087934, 0.0515481680632, 0.0385975465178, 0.0255884993821, 0.0179510004818, 0.0430578477681, 0.0597968660295, 0.0762440338731, 0.0840947553515, 0.074022591114, 0.0652101412416, 0.0751769468188]
    chords_histogram: [43.0622024536, 0, 0, 0, 0, 0, 0, 0, 0, 0, 0, 0, 0, 0, 0, 0, 0, 33.9712905884, 0, 0, 0, 0, 3.82775115967, 19.1387557983]
    thpcp: [1, 0.797575712204, 0.506001412868, 0.44287520647, 0.397988528013, 0.365982413292, 0.378855884075, 0.336276769638, 0.280716210604, 0.29777264595, 0.302526295185, 0.383290827274, 0.429047226906, 0.315921783447, 0.270905435085, 0.273928999901, 0.267470479012, 0.260626912117, 0.2563803792, 0.326426357031, 0.520229995251, 0.653018712997, 0.534520447254, 0.386958867311, 0.312498688698, 0.302820891142, 0.395487129688, 0.49145680666, 0.581625044346, 0.708512485027, 0.705030679703, 0.608558595181, 0.603291869164, 0.64310503006, 0.714133322239, 0.861599981785]
    chords_key: "A#"
    chords_scale: "major"
    key_key: "A#"
    key_scale: "major"
    chords_progression: ["A#", "A#", "A#", "A#", "A#", "A#", "A#", "A#", "A#", "A#", "A#", "A#", "A#", "A#", "A#", "A#", "A#", "A#", "A#", "A#", "A#", "A#", "A#", "A#", "A#", "A#", "A#", "A#", "A#", "A#", "A#", "A#", "A#", "A#", "A#", "A#", "A#", "A#", "A#", "A#", "A#", "A#", "A#", "A#", "A#", "A#", "A#", "A#", "A#", "A#", "A#", "A#", "A#", "A#", "A#", "A#", "A#", "A#", "A#", "A#", "A#", "A#", "A#", "A#", "A#", "A#", "A#", "A#", "A#", "A#", "A#", "A#", "A#", "A#", "A#", "A#", "A#", "A#", "A#", "A#", "A#", "A#", "A#", "A#", "A#", "A#", "A#", "A#", "A#", "A#", "Gm", "Gm", "Gm", "Gm", "Gm", "Gm", "Gm", "Gm", "Gm", "Gm", "Gm", "Gm", "Gm", "Gm", "Gm", "Gm", "Gm", "Gm", "Gm", "Gm", "Gm", "Gm", "Gm", "Gm", "Gm", "Gm", "Gm", "Gm", "Gm", "Gm", "Gm", "Gm", "Gm", "Gm", "Gm", "Gm", "Gm", "Gm", "Gm", "Gm", "D#", "D#", "D#", "D#", "D#", "D#", "D#", "D#", "A#m", "A#m", "A#m", "A#m", "A#m", "A#m", "A#m", "A#m", "A#m", "A#m", "A#m", "A#m", "A#m", "A#m", "A#m", "A#m", "A#m", "A#m", "A#m", "A#m", "A#m", "A#m", "A#m", "A#m", "A#m", "A#m", "A#m", "A#m", "A#m", "A#m", "A#m", "A#m", "A#m", "A#m", "A#m", "A#m", "A#m", "A#m", "A#m", "A#m", "A#m", "A#m", "A#m", "A#m", "A#m", "A#m", "A#m", "A#m", "A#m", "A#m", "A#m", "A#m", "A#m", "A#m", "A#m", "A#m", "A#m", "A#m", "A#m", "A#m", "A#m", "A#m", "A#m", "A#m", "A#m", "A#m", "A#m", "A#m", "A#m", "A#m", "A#m"]
