
metadata:
    version:
        essentia: "1.2.2"
    audio_properties:
        analysis_sample_rate: 44100
        bitrate: 128
        channels: 2
        equal_loudness: 1
        length: 10.0310201645
        replay_gain: -13.8909912109
        downmix: "mix"
    tags:
        track: 16
        year: 0
        album: "Splitted by Mp3Splt v. 2.1"
        artist: "From 002.30 To 002.40"
        comment: "http://mp3splt.sf.net"
        genre: ""
        title: "20 Cracking Up.mp3"

highlevel:
    ballroom:
        all:
            ChaChaCha: 0.0422888733447
            Jive: 0.187437102199
            Quickstep: 0.0210235211998
            Rumba-American: 0.0156820248812
            Rumba-International: 0.166230365634
            Rumba-Misc: 0.0856710970402
            Samba: 0.466433823109
            Tango: 0.00260817375965
            VienneseWaltz: 0.00530719244853
            Waltz: 0.00731784710661
        probability: 0.466433823109
        value: "Samba"
    culture:
        all:
            non_western: 0.145875439048
            western: 0.854124546051
        probability: 0.854124546051
        value: "western"
    gender:
        all:
            female: 0.176201745868
            male: 0.823798239231
        probability: 0.823798239231
        value: "male"
    genre_dortmund:
        all:
            alternative: 0.29397046566
            blues: 0.00358522543684
            electronic: 0.0221931524575
            folkcountry: 0.0710033029318
            funksoulrnb: 0.00564608164132
            jazz: 0.00894360709935
            pop: 0.0622160993516
            raphiphop: 0.00173142272979
            rock: 0.530710637569
        probability: 0.530710637569
        value: "rock"
    genre_electronica:
        all:
            ambient: 0.169334709644
            dnb: 0.107907891273
            house: 0.0386878028512
            techno: 0.0221217907965
            trance: 0.661947786808
        probability: 0.661947786808
        value: "trance"
    genre_rosamerica:
        all:
            cla: 0.0110782012343
            dan: 0.473834007978
            hip: 0.00744530232623
            jaz: 0.0104560824111
            pop: 0.0445295311511
            rhy: 0.214712098241
            roc: 0.234053060412
            spe: 0.00389171508141
        probability: 0.473834007978
        value: "dan"
    genre_tzanetakis:
        all:
            blu: 0.00561551610008
            cla: 0.00325827603228
            cou: 0.0350415557623
            dis: 0.111069649458
            hip: 0.0167105477303
            jaz: 0.00765577144921
            met: 0.0365538038313
            pop: 0.329490095377
            reg: 0.0365781523287
            roc: 0.41802662611
        probability: 0.41802662611
        value: "roc"
    live_studio:
        all:
            live: 0.938683629036
            studio: 0.0613163895905
        probability: 0.938683629036
        value: "live"
    mood:
        all:
            Cluster1: 0.483144372702
            Cluster2: 0.0890679657459
            Cluster3: 0.322199970484
            Cluster4: 0.028417699039
            Cluster5: 0.0771699696779
        probability: 0.483144372702
        value: "Cluster1"
    mood_acoustic:
        all:
            acoustic: 0.416978389025
            not_acoustic: 0.583021640778
        probability: 0.583021640778
        value: "not_acoustic"
    mood_aggressive:
        all:
            aggressive: 0.0128517532721
            not_aggressive: 0.987148225307
        probability: 0.987148225307
        value: "not_aggressive"
    mood_electronic:
        all:
            electronic: 0.104026407003
            not_electronic: 0.895973622799
        probability: 0.895973622799
        value: "not_electronic"
    mood_happy:
        all:
            happy: 0.516833782196
            not_happy: 0.483166188002
        probability: 0.516833782196
        value: "happy"
    mood_party:
        all:
            not_party: 0.840167582035
            party: 0.159832432866
        probability: 0.840167582035
        value: "not_party"
    mood_relaxed:
        all:
            not_relaxed: 0.269655019045
            relaxed: 0.730345010757
        probability: 0.730345010757
        value: "relaxed"
    mood_sad:
        all:
            not_sad: 0.182802274823
            sad: 0.817197740078
        probability: 0.817197740078
        value: "sad"
    rhythm:
        all:
            fast: 0.593935787678
            medium: 0.226339310408
            slow: 0.179724887013
        probability: 0.593935787678
        value: "fast"
    speech_music:
        all:
            music: 0.999534010887
            speech: 0.0004659750266
        probability: 0.999534010887
        value: "music"
    timbre:
        all:
            bright: 0.316360861063
            dark: 0.683639168739
        probability: 0.683639168739
        value: "dark"
    voice_instrumental:
        all:
            instrumental: 0.00392148643732
            voice: 0.996078491211
        probability: 0.996078491211
        value: "voice"

lowlevel:
    average_loudness: 0.969424128532
    barkbands_kurtosis:
        dmean: 3.88495492935
        dmean2: 6.14895200729
        dvar: 37.6276397705
        dvar2: 80.9883117676
        max: 58.0964813232
        mean: 5.38928318024
        min: -1.80377018452
        var: 88.0308532715
    barkbands_skewness:
        dmean: 0.681466042995
        dmean2: 1.10907840729
        dvar: 0.522869229317
        dvar2: 1.26931989193
        max: 6.82359743118
        mean: 1.92550611496
        min: -0.479495346546
        var: 1.81414175034
    barkbands_spread:
        dmean: 7.75270700455
        dmean2: 12.3494462967
        dvar: 66.6105880737
        dvar2: 157.750473022
        max: 73.7216262817
        mean: 24.4142417908
        min: 2.54380631447
        var: 201.28515625
    dissonance:
        dmean: 0.0193486716598
        dmean2: 0.0320172049105
        dvar: 0.000267349329079
        dvar2: 0.000701563316397
        max: 0.499402433634
        mean: 0.455813318491
        min: 0.354682594538
        var: 0.000934933370445
    hfc:
        dmean: 1.61957383156
        dmean2: 2.31994128227
        dvar: 5.89314508438
        dvar2: 13.1543283463
        max: 23.658164978
        mean: 3.73529481888
        min: 0.258813768625
        var: 12.0310754776
    pitch:
        dmean: 611.132629395
        dmean2: 1195.33752441
        dvar: 1795447.75
        dvar2: 4569926.5
        max: 4900
        mean: 696.88861084
        min: 53.6496353149
        var: 1751389.875
    pitch_instantaneous_confidence:
        dmean: 0.080926887691
        dmean2: 0.135558977723
        dvar: 0.00559239694849
        dvar2: 0.0124551067129
        max: 0.681483328342
        mean: 0.381093114614
        min: 0.128029346466
        var: 0.0165161956102
    pitch_salience:
        dmean: 0.0755131244659
        dmean2: 0.125179737806
        dvar: 0.00475931912661
        dvar2: 0.0123617500067
        max: 0.85827678442
        mean: 0.612150669098
        min: 0.235406622291
        var: 0.00875735469162
    silence_rate_20dB:
        dmean: 0
        dmean2: 0
        dvar: 0
        dvar2: 0
        max: 1
        mean: 1
        min: 1
        var: 0
    silence_rate_30dB:
        dmean: 0
        dmean2: 0
        dvar: 0
        dvar2: 0
        max: 1
        mean: 1
        min: 1
        var: 0
    silence_rate_60dB:
        dmean: 0.139211133122
        dmean2: 0.276744186878
        dvar: 0.11983140558
        dvar2: 0.255970716476
        max: 1
        mean: 0.319444447756
        min: 0
        var: 0.217399895191
    spectral_centroid:
        dmean: 261.124969482
        dmean2: 414.453308105
        dvar: 98875.4375
        dvar2: 237630.984375
        max: 3266.48754883
        mean: 798.985290527
        min: 174.077484131
        var: 263198.9375
    spectral_complexity:
        dmean: 2.70396280289
        dmean2: 4.27102804184
        dvar: 13.2899799347
        dvar2: 29.0338611603
        max: 35
        mean: 8.40232563019
        min: 1
        var: 31.5383110046
    spectral_crest:
        dmean: 3.22659373283
        dmean2: 5.54417228699
        dvar: 7.7599439621
        dvar2: 22.0259284973
        max: 20.7680225372
        mean: 10.3801727295
        min: 2.80727744102
        var: 14.2404642105
    spectral_decrease:
        dmean: 4.12363448943e-10
        dmean2: 6.66397437232e-10
        dvar: 3.22948630235e-19
        dvar2: 8.2578598604e-19
        max: -1.63311544843e-10
        mean: -1.112863246e-09
        min: -4.84483431151e-09
        var: 4.57926980314e-19
    spectral_energy:
        dmean: 0.00165195157751
        dmean2: 0.00263640587218
        dvar: 5.26100166098e-06
        dvar2: 1.32707646117e-05
        max: 0.019508652389
        mean: 0.004539007321
        min: 0.000645331165288
        var: 7.73380543251e-06
    spectral_energyband_high:
        dmean: 0.000155431422172
        dmean2: 0.000227283089771
        dvar: 6.79576714901e-08
        dvar2: 1.6387865287e-07
        max: 0.00266948947683
        mean: 0.000231492842431
        min: 4.54886503576e-06
        var: 1.20025688943e-07
    spectral_energyband_low:
        dmean: 0.000505923642777
        dmean2: 0.000855677644722
        dvar: 3.84282941468e-07
        dvar2: 1.0012919347e-06
        max: 0.00583564629778
        mean: 0.000983064295724
        min: 4.21597615059e-05
        var: 7.04407568719e-07
    spectral_energyband_middle_high:
        dmean: 0.000288701354293
        dmean2: 0.00043649278814
        dvar: 2.01339517503e-07
        dvar2: 3.97941477104e-07
        max: 0.004349084571
        mean: 0.000736174348276
        min: 1.52198908836e-05
        var: 5.17937507993e-07
    spectral_energyband_middle_low:
        dmean: 0.00137161358725
        dmean2: 0.00225774943829
        dvar: 4.29101737609e-06
        dvar2: 1.12293682832e-05
        max: 0.0167118087411
        mean: 0.00258823111653
        min: 0.000257581385085
        var: 4.5259671424e-06
    spectral_flatness_db:
        dmean: 0.0243286564946
        dmean2: 0.0397712029517
        dvar: 0.000500970345456
        dvar2: 0.00123046408407
        max: 0.290251672268
        mean: 0.167008504272
        min: 0.0884833782911
        var: 0.00143329252023
    spectral_flux:
        dmean: 0.0102676386014
        dmean2: 0.0147754112259
        dvar: 0.000139007184771
        dvar2: 0.000253857142525
        max: 0.120607748628
        mean: 0.0354185923934
        min: 0.00812201946974
        var: 0.000318766804412
    spectral_kurtosis:
        dmean: 1.13742446899
        dmean2: 1.63021433353
        dvar: 1.22239530087
        dvar2: 2.50193953514
        max: 10.5362377167
        mean: 2.78989267349
        min: -1.00286090374
        var: 3.86995315552
    spectral_rms:
        dmean: 0.000357876735507
        dmean2: 0.000559305713978
        dvar: 1.68344286067e-07
        dvar2: 4.07154487903e-07
        max: 0.00436266325414
        mean: 0.00201711105183
        min: 0.00079346797429
        var: 3.59561170171e-07
    spectral_rolloff:
        dmean: 765.406982422
        dmean2: 1316.99645996
        dvar: 1067534.125
        dvar2: 2565345.5
        max: 7170.55664062
        mean: 1554.1965332
        min: 150.732421875
        var: 2137385.75
    spectral_skewness:
        dmean: 0.242336675525
        dmean2: 0.347079575062
        dvar: 0.0533620752394
        dvar2: 0.10800678283
        max: 2.77698874474
        mean: 1.48367667198
        min: 0.170517668128
        var: 0.207080543041
    spectral_spread:
        dmean: 837064.375
        dmean2: 1162070.875
        dvar: 753504354304
        dvar2: 1.07893653504e+12
        max: 14056470
        mean: 6388130
        min: 2857759.75
        var: 2.32492734874e+12
    spectral_strongpeak:
        dmean: 0.12268782407
        dmean2: 0.206252574921
        dvar: 0.0207315441221
        dvar2: 0.053060323
        max: 1.18390703201
        mean: 0.266386061907
        min: 0.0267283078283
        var: 0.0340930223465
    zerocrossingrate:
        dmean: 0.00994659680873
        dmean2: 0.0120073836297
        dvar: 8.91797244549e-05
        dvar2: 9.04015687411e-05
        max: 0.19775390625
        mean: 0.0571811422706
        min: 0.01416015625
        var: 0.000788129284047
    barkbands:
        dmean: [1.43207614656e-07, 6.63380124024e-05, 0.000457122805528, 0.000322699022945, 0.00104136252776, 0.000171329476871, 0.000103941958514, 7.77076711529e-05, 0.000100759796624, 8.8353335741e-05, 3.77061478503e-05, 2.85417499981e-05, 2.45023929892e-05, 2.91988508252e-05, 2.31855938182e-05, 3.6932513467e-05, 5.38090534974e-05, 5.68369541725e-05, 5.01890317537e-05, 8.64346657181e-05, 6.36729455437e-05, 3.43359060935e-05, 1.37063425427e-05, 7.74362797529e-06, 3.04034460896e-06, 9.9588952196e-08, 8.56565651741e-10]
        dmean2: [1.92282371358e-07, 0.000115627728519, 0.000773076724727, 0.000535897503141, 0.00180519849528, 0.000292599201202, 0.000168214828591, 0.000129811145598, 0.000163614779012, 0.000130980595713, 6.14482996752e-05, 4.65808043373e-05, 4.20969772676e-05, 4.52623971796e-05, 3.61756392522e-05, 6.20447171968e-05, 9.00688100955e-05, 9.3135953648e-05, 7.48807433411e-05, 0.000135856040288, 0.000101202836959, 5.49089090782e-05, 2.02592182177e-05, 1.06012494143e-05, 4.34187268183e-06, 1.36952436947e-07, 1.02413078018e-09]
        dvar: [2.87485551857e-12, 1.12853264511e-08, 3.38831398494e-07, 2.51609975521e-07, 2.93402808893e-06, 7.49541513301e-08, 3.99473556456e-08, 2.29667946883e-08, 2.34939783184e-08, 1.94333473758e-08, 5.14477660474e-09, 1.55066648411e-09, 2.21900120501e-09, 2.58666599251e-09, 1.3675113264e-09, 4.88339946259e-09, 8.68288374534e-09, 6.31968255504e-09, 8.33280022761e-09, 2.13287751905e-08, 1.45676821717e-08, 4.26606039383e-09, 1.08315267866e-09, 5.11103825929e-10, 6.16757686589e-11, 5.52936196179e-14, 1.73521171106e-16]
        dvar2: [2.87858083724e-12, 3.17733075406e-08, 8.86036673364e-07, 6.24533868177e-07, 8.0940008047e-06, 1.99781268861e-07, 1.05823360741e-07, 5.92077000761e-08, 5.75266376757e-08, 4.5419067618e-08, 1.08232960372e-08, 3.7681329168e-09, 6.11142914053e-09, 6.4036198566e-09, 3.06667979899e-09, 1.14677272123e-08, 2.21438529735e-08, 1.55128088153e-08, 1.45174796629e-08, 5.05183201938e-08, 3.76824829118e-08, 1.10198001835e-08, 1.5794016095e-09, 6.86296908192e-10, 1.30044697233e-10, 1.05470645238e-13, 1.73851275728e-16]
        max: [3.52688221028e-05, 0.00105591025203, 0.00558707490563, 0.00414298987016, 0.0143589852378, 0.0021452170331, 0.00193399447016, 0.00139988970477, 0.00220378208905, 0.00155955541413, 0.00106623745523, 0.000345948996255, 0.000689006294124, 0.000730111030862, 0.000389136752347, 0.000650584872346, 0.000930505688302, 0.00101066718344, 0.00150501041207, 0.00142917048652, 0.000924776890315, 0.000972805719357, 0.000643049541395, 0.00060498242965, 0.000155753295985, 4.55872714156e-06, 2.73355965419e-07]
        mean: [1.47277248175e-07, 0.000113822803542, 0.000869141425937, 0.000416618888266, 0.00141739321407, 0.000234369930695, 0.000145383644849, 9.9220116681e-05, 0.000202736729989, 0.00017689660308, 6.00508028583e-05, 4.96919201396e-05, 4.42108321295e-05, 4.44954748673e-05, 3.47698114638e-05, 5.88246330153e-05, 8.59607607708e-05, 9.44717176026e-05, 9.29540619836e-05, 0.000125036807731, 8.31440120237e-05, 4.75585147797e-05, 2.43447284447e-05, 1.30503913169e-05, 4.57297164758e-06, 1.41991037594e-07, 8.81874573366e-10]
        min: [6.35834926377e-11, 1.26252325572e-06, 7.86606960901e-06, 2.61153377323e-06, 3.56754353561e-05, 6.07230595051e-06, 2.89519471153e-06, 9.22638491829e-07, 2.18070886149e-06, 7.68544282437e-07, 5.63246999263e-07, 7.40999041682e-07, 1.61180381042e-07, 6.76408149047e-07, 4.46353141115e-07, 5.83216149153e-07, 1.30966611778e-06, 1.4395237713e-06, 1.0849763612e-06, 1.41961527333e-06, 8.89570401341e-07, 7.63547802762e-07, 2.4122243758e-07, 1.24535489476e-07, 3.04350997737e-08, 2.5745081067e-10, 3.27094715246e-13]
        var: [2.88357055248e-12, 1.25452492838e-08, 6.48470177111e-07, 3.35561708198e-07, 2.65564813162e-06, 7.50690105633e-08, 4.88191389536e-08, 3.02905895921e-08, 7.39549506079e-08, 6.25489917638e-08, 1.11022853133e-08, 3.73766484429e-09, 6.16799589181e-09, 3.79373776838e-09, 2.4882971239e-09, 6.62997790002e-09, 1.22372059153e-08, 1.24571348792e-08, 1.92954665579e-08, 2.88599562026e-08, 1.54022945509e-08, 7.78060016415e-09, 4.65593341659e-09, 2.73615508029e-09, 1.56934965023e-10, 1.82791824212e-13, 1.7317126709e-16]
    mfcc:
        mean: [-723.748046875, 115.064353943, -5.08210659027, 50.9217987061, -10.977098465, 1.23111259937, -3.70138382912, 3.01064991951, -2.61350703239, -5.25429868698, -7.62566804886, -8.26917648315, -10.8724050522]
        cov: [[2847.10546875, -671.15802002, -442.385162354, -391.434814453, -161.969223022, -4.72198486328, -79.7645721436, 28.7153987885, -42.8685150146, 20.5957813263, -97.0611877441, -138.485214233, 8.22719860077], [-671.15802002, 671.756652832, -186.322952271, -60.187297821, 5.51293039322, -45.3806266785, 52.2879524231, 54.663482666, 32.8788719177, -5.59630918503, 44.8443412781, -4.57167387009, 33.4598922729], [-442.385162354, -186.322952271, 458.860687256, 193.282028198, 44.1261367798, 33.9382743835, -17.8477725983, -68.7960128784, -13.6595516205, 5.85539054871, -26.3156604767, 28.5826053619, -27.463394165], [-391.434814453, -60.187297821, 193.282028198, 338.731719971, 65.6343917847, -7.75112295151, -4.1793627739, -99.5280151367, 10.13555336, -11.6864004135, -40.7089195251, 10.053185463, -26.3442192078], [-161.969223022, 5.51293039322, 44.1261367798, 65.6343917847, 87.5115814209, 18.9745197296, -5.05992078781, -6.81782722473, 12.1263694763, 5.16845369339, 9.24353981018, 13.8783063889, 3.76524829865], [-4.72198486328, -45.3806266785, 33.9382743835, -7.75112295151, 18.9745197296, 67.1180496216, 22.5901584625, 5.1186876297, 5.20516586304, 6.3709230423, -1.5823135376, 2.63130784035, 1.6034091711], [-79.7645721436, 52.2879524231, -17.8477725983, -4.1793627739, -5.05992078781, 22.5901584625, 78.8701400757, 9.72343730927, 16.6373291016, 9.08178138733, -4.02973604202, -5.90392303467, -9.20907402039], [28.7153987885, 54.663482666, -68.7960128784, -99.5280151367, -6.81782722473, 5.1186876297, 9.72343730927, 107.256950378, 11.7797603607, 6.05936670303, 34.9969558716, -0.920056343079, 18.4033031464], [-42.8685150146, 32.8788719177, -13.6595516205, 10.13555336, 12.1263694763, 5.20516586304, 16.6373291016, 11.7797603607, 52.2261161804, 12.7684955597, -8.6219367981, -9.85856723785, -2.23443388939], [20.5957813263, -5.59630918503, 5.85539054871, -11.6864004135, 5.16845369339, 6.3709230423, 9.08178138733, 6.05936670303, 12.7684955597, 63.8122406006, 11.0006580353, -1.84821069241, 7.87180042267], [-97.0611877441, 44.8443412781, -26.3156604767, -40.7089195251, 9.24353981018, -1.5823135376, -4.02973604202, 34.9969558716, -8.6219367981, 11.0006580353, 82.7086868286, 38.2575378418, 15.3858146667], [-138.485214233, -4.57167387009, 28.5826053619, 10.053185463, 13.8783063889, 2.63130784035, -5.90392303467, -0.920056343079, -9.85856723785, -1.84821069241, 38.2575378418, 57.9795837402, 16.0369224548], [8.22719860077, 33.4598922729, -27.463394165, -26.3442192078, 3.76524829865, 1.6034091711, -9.20907402039, 18.4033031464, -2.23443388939, 7.87180042267, 15.3858146667, 16.0369224548, 41.5674667358]]
        icov: [[0.0012676990591, 0.00171171268448, 0.0013544105459, 0.000956850126386, 0.000459736387711, 0.000315713637974, 0.000377060438041, 0.000662140315399, 0.000245691218879, -0.000257807114394, 0.000341896520695, 0.00244909524918, -0.00140031403862], [0.00171171268448, 0.00451320596039, 0.00217981426977, 0.00140186492354, -0.00026040856028, 0.00268053566106, -0.00174975488335, 0.00110445509199, -0.000701271230355, 0.000779759255238, -0.00109562452417, 0.00469429092482, -0.00419040536508], [0.0013544105459, 0.00217981426977, 0.00513002416119, -0.000885465065949, 0.000637949618977, -0.0018050406361, 0.00165150186513, 0.000188132748008, 0.00144515780266, -0.0017043123953, 0.00174589361995, -7.28066224838e-05, 0.000882206193637], [0.000956850126386, 0.00140186492354, -0.000885465065949, 0.00710240984336, -0.00383104081266, 0.00345549569465, -0.00131487997714, 0.00466277822852, -0.00164120120462, 0.00118791137356, 0.00115592265502, 0.00154046015814, -0.000878841034137], [0.000459736387711, -0.00026040856028, 0.000637949618977, -0.00383104081266, 0.017479814589, -0.00687536783516, 0.00436333892867, -0.000866036396474, -0.00342274340801, -0.00110319000669, -0.00210671708919, -0.00106395967305, -0.000640736543573], [0.000315713637974, 0.00268053566106, -0.0018050406361, 0.00345549569465, -0.00687536783516, 0.0230205841362, -0.00923526193947, 0.000677938805893, -0.000545244722161, 0.0011777151376, 0.000270923221251, 0.0020727631636, -0.00498646497726], [0.000377060438041, -0.00174975488335, 0.00165150186513, -0.00131487997714, 0.00436333892867, -0.00923526193947, 0.019463064149, -0.00204959744588, -0.00264843041077, -0.00357954856008, 0.00252600503154, -0.00279114232399, 0.00744939036667], [0.000662140315399, 0.00110445509199, 0.000188132748008, 0.00466277822852, -0.000866036396474, 0.000677938805893, -0.00204959744588, 0.0172507148236, -0.00498448684812, 0.00273768906482, -0.00772475963458, 0.00719421589747, -0.00668260781094], [0.000245691218879, -0.000701271230355, 0.00144515780266, -0.00164120120462, -0.00342274340801, -0.000545244722161, -0.00264843041077, -0.00498448684812, 0.0258252900094, -0.00580818625167, 0.00541085517034, 0.000494426582009, 0.00267625995912], [-0.000257807114394, 0.000779759255238, -0.0017043123953, 0.00118791137356, -0.00110319000669, 0.0011777151376, -0.00357954856008, 0.00273768906482, -0.00580818625167, 0.0197037179023, -0.00650972453877, 0.00577597646043, -0.00676288176328], [0.000341896520695, -0.00109562452417, 0.00174589361995, 0.00115592265502, -0.00210671708919, 0.000270923221251, 0.00252600503154, -0.00772475963458, 0.00541085517034, -0.00650972453877, 0.0266072005033, -0.0180717892945, 0.0055077620782], [0.00244909524918, 0.00469429092482, -7.28066224838e-05, 0.00154046015814, -0.00106395967305, 0.0020727631636, -0.00279114232399, 0.00719421589747, 0.000494426582009, 0.00577597646043, -0.0180717892945, 0.0401151962578, -0.0169770568609], [-0.00140031403862, -0.00419040536508, 0.000882206193637, -0.000878841034137, -0.000640736543573, -0.00498646497726, 0.00744939036667, -0.00668260781094, 0.00267625995912, -0.00676288176328, 0.0055077620782, -0.0169770568609, 0.0385285317898]]
    spectral_contrast:
        mean: [-2.73037784382e-07, 2.05425394029e-07, 3.52776339696e-07, 4.15595110326e-07, -3.04156969833e-07, 6.62581882693e-08, -1.49725053689e-06, -1.35877797902e-07, 1.54972070732e-07, 1.7965949155e-06, -1.88489298125e-06, 8.89148850547e-07]
        var: [0.000306654517772, 0.000521750596818, 0.000960838515311, 0.00209233514033, 0.00280651426874, 0.00407771021128, 0.0552594028413, 0.0882048681378, 0.128703311086, 0.240893185139, 0.350008845329, 1.42087614536]

rhythm:
    beats_loudness:
        dmean: 0.0031539821066
        dmean2: 0.00564937433228
        dvar: 5.65779191675e-06
        dvar2: 1.5988953237e-05
        max: 0.014641335234
        mean: 0.00748866563663
        min: 0.00115204928443
        var: 9.21293212741e-06
    beats_loudness_bass:
        dmean: 0.16812095046
        dmean2: 0.31271931529
        dvar: 0.0106381699443
        dvar2: 0.0352042764425
        max: 0.461886942387
        mean: 0.209392517805
        min: 0.0524028278887
        var: 0.0135100083426
    bpm: 125.744628906
    bpm_confidence: 0
    first_peak_bpm: 126
    first_peak_spread: 0
    first_peak_weight: 0.947368443012
    onset_rate: 4.58577489853
    second_peak_bpm: 117
    second_peak_spread: 0
    second_peak_weight: 0.0526315793395
    beats_position: [0.421862691641, 0.898719787598, 1.37557685375, 1.85243403912, 2.32929110527, 2.80614829063, 3.28300523758, 3.75986242294, 4.23671960831, 4.71357679367, 5.19043445587, 5.66729164124, 6.17803192139, 6.65543699265, 7.1328420639, 7.61024713516, 8.08765220642, 8.56505680084, 9.04246234894, 9.51986694336]
    bpm_estimates: [125.695533752, 125.778404236, 125.966247559, 126.216781616, 125.653549194, 125.633262634, 125.683929443, 125.903617859, 125.885704041, 125.855674744, 125.664207458, 125.957839966, 125.810112, 125.792274475, 125.587142944, 125.409950256, 125.53414917, 125.600860596, 125.684143066, 125.57938385]
    bpm_intervals: [0.476857095957, 0.476857066154, 0.476857185364, 0.476857066154, 0.476857185364, 0.476856946945, 0.476857185364, 0.476857185364, 0.476857185364, 0.476857662201, 0.476857185364, 0.510740280151, 0.477405071259, 0.477405071259, 0.477405071259, 0.477405071259, 0.477404594421, 0.477405548096, 0.477404594421]
    onset_times: [0.0580498874187, 0.174149662256, 0.394739240408, 0.661768734455, 0.789478480816, 0.882358253002, 1.14938771725, 1.369977355, 1.60217690468, 1.84598636627, 2.08979582787, 2.32199549675, 2.55419492722, 2.70512461662, 2.80961441994, 3.05342411995, 3.29723358154, 3.50621318817, 3.77324271202, 4.01705217361, 4.2492518425, 4.56272125244, 5.18966007233, 5.56117916107, 5.67727899551, 5.93269824982, 6.17650794983, 6.42031764984, 6.58285713196, 6.88471651077, 7.12852621078, 7.37233543396, 7.51165533066, 7.61614513397, 7.85995483398, 8.09215450287, 8.33596324921, 8.47528362274, 8.56816291809, 8.8119726181, 8.95129299164, 9.05578231812, 9.287981987, 9.53179168701, 9.77560043335, 10.0078001022]
    rubato_start: []
    rubato_stop: []
    perceptual_tempo: "unknown"

sfx:
    inharmonicity:
        dmean: 0.0202585626394
        dmean2: 0.0357822403312
        dvar: 0.000757789821364
        dvar2: 0.00216197315603
        max: 0.239333093166
        mean: 0.0215982738882
        min: 0.000107400999696
        var: 0.00067613250576
    oddtoevenharmonicenergyratio:
        dmean: 3.23153018951
        dmean2: 6.28511047363
        dvar: 725.860229492
        dvar2: 2172.15649414
        max: 392.295379639
        mean: 2.01380348206
        min: 0.000601851614192
        var: 366.702972412
    pitch_after_max_to_before_max_energy_ratio: 4.85709953308
    pitch_centroid: 277.001556396
    pitch_max_to_total: 0.565116286278
    pitch_min_to_total: 0.946511626244
    tristimulus:
        dmean: [0.200047329068, 0.18499211967, 0.0778886079788]
        dmean2: [0.343799412251, 0.321012020111, 0.138097345829]
        dvar: [0.0298830829561, 0.0287481080741, 0.0081953573972]
        dvar2: [0.0812484249473, 0.0787352621555, 0.0242357011884]
        max: [0.975860536098, 0.938956022263, 0.564732015133]
        mean: [0.501600801945, 0.377314627171, 0.092375099659]
        min: [0.00159723090474, 0, 0]
        var: [0.051976788789, 0.0499054603279, 0.00801744684577]

tonal:
    chords_changes_rate: 0.0555555559695
    chords_number_rate: 0.0231481473893
    chords_strength:
        dmean: 0.0114017603919
        dmean2: 0.0102741923183
        dvar: 0.000108981541416
        dvar2: 8.54643221828e-05
        max: 0.794308006763
        mean: 0.552692115307
        min: 0.274503797293
        var: 0.0235032793134
    key_strength: 0.602143704891
    tuning_diatonic_strength: 0.589109361172
    tuning_equal_tempered_deviation: 0.131575390697
    tuning_frequency: 441.782684326
    tuning_nontempered_energy_ratio: 0.812407433987
    hpcp:
        dmean: [0.162174776196, 0.187529027462, 0.137279853225, 0.0968590304255, 0.134592652321, 0.182311922312, 0.168252006173, 0.181338116527, 0.124040842056, 0.0750903487206, 0.0591153688729, 0.0683479383588, 0.0752874836326, 0.0664464011788, 0.0560025796294, 0.0447897166014, 0.0511523522437, 0.0800249353051, 0.100941620767, 0.121186882257, 0.111769229174, 0.115121938288, 0.0706776976585, 0.0352411270142, 0.0332214161754, 0.0456929840147, 0.0879788771272, 0.114262275398, 0.122592709959, 0.115014687181, 0.116036176682, 0.104380868375, 0.110361158848, 0.11576988548, 0.159788802266, 0.215636000037]
        dmean2: [0.296933919191, 0.332443922758, 0.249473497272, 0.174046814442, 0.247897103429, 0.327888160944, 0.285889357328, 0.331366270781, 0.219505518675, 0.132765680552, 0.104484029114, 0.119652457535, 0.128941744566, 0.116439469159, 0.0989073812962, 0.0816730335355, 0.0936050564051, 0.144176870584, 0.180406332016, 0.216561660171, 0.193769350648, 0.198010325432, 0.122689299285, 0.0634450018406, 0.0598247237504, 0.0785972774029, 0.146409928799, 0.191425561905, 0.200946182013, 0.190337195992, 0.19667044282, 0.193317696452, 0.197615519166, 0.206161871552, 0.298591911793, 0.393163353205]
        dvar: [0.0685850307345, 0.0524973087013, 0.0424038544297, 0.02579199709, 0.0476334244013, 0.0684345662594, 0.0558813177049, 0.0648465827107, 0.0380639731884, 0.0246507972479, 0.0107025615871, 0.0144876344129, 0.0177284106612, 0.0129471365362, 0.0103388587013, 0.00663192057982, 0.0131021244451, 0.0240383502096, 0.0305456928909, 0.0319495052099, 0.0273572839797, 0.027784705162, 0.0134439077228, 0.00244364119135, 0.00227681454271, 0.00634549185634, 0.0216390993446, 0.036701913923, 0.0292839854956, 0.0241181198508, 0.026107231155, 0.035965770483, 0.0380045250058, 0.0438166595995, 0.0597343742847, 0.0618592463434]
        dvar2: [0.171932026744, 0.153272747993, 0.123660296202, 0.0711878985167, 0.137617394328, 0.205916538835, 0.148778021336, 0.206950306892, 0.104532420635, 0.0665159970522, 0.0250386763364, 0.03271824494, 0.0390688031912, 0.0334333442152, 0.0267809834331, 0.0186869725585, 0.0374323055148, 0.0705671906471, 0.0944386348128, 0.0944046452641, 0.0731629952788, 0.0673633888364, 0.037030801177, 0.00686184270307, 0.00701273838058, 0.01491165068, 0.0525823496282, 0.094018034637, 0.0700870379806, 0.0550197698176, 0.0652780011296, 0.0872245877981, 0.090462975204, 0.116340599954, 0.167865395546, 0.174722120166]
        max: [1, 1, 1, 1, 1, 1, 1, 1, 1, 1, 0.848853111267, 1, 1, 0.774747550488, 1, 0.60283768177, 0.734424471855, 1, 1, 1, 1, 1, 1, 0.298790633678, 0.312814384699, 0.686661422253, 1, 1, 1, 1, 0.97102367878, 1, 1, 1, 1, 1]
        mean: [0.421145439148, 0.264941245317, 0.112415991724, 0.0827535167336, 0.110441014171, 0.211831197143, 0.277381837368, 0.224254831672, 0.124618448317, 0.0624413229525, 0.053035069257, 0.0758017003536, 0.0941524207592, 0.0795229002833, 0.0555618777871, 0.0430869050324, 0.0485206618905, 0.0737551376224, 0.093752451241, 0.116753607988, 0.178362250328, 0.171449825168, 0.0809302404523, 0.0372281782329, 0.0357178635895, 0.0510157868266, 0.131603553891, 0.207805320621, 0.176524445415, 0.133968651295, 0.108505159616, 0.0845388919115, 0.0877076089382, 0.0880445986986, 0.119648903608, 0.300831615925]
        min: [0.000739368435461, 0.000648191664368, 0.000809672405012, 0.00144551764242, 0.00162138650194, 0.00168284995016, 0.00384910381399, 0.00175613793544, 0.000626794877462, 0.00116899667773, 0.00141252647154, 0.000939388351981, 0.00133108359296, 0.00124928215519, 0.000811572710518, 0.00110868259799, 0.00114746566396, 0.00183688604739, 0.00136777339503, 0.00105795438867, 0.000891594914719, 0.000944694620557, 0.000869893468916, 0.00073702208465, 0.00117737252731, 0.000985835678875, 0.00130865862593, 0.00130275182892, 0.00314522604458, 0.000869523559231, 0.000505063857418, 0.00034793218947, 0.000387144915294, 0.000732964312192, 0.00201744656079, 0.00231186649762]
        var: [0.182110801339, 0.0857859775424, 0.0327705144882, 0.0210949555039, 0.037222713232, 0.0980200842023, 0.123353734612, 0.0951779857278, 0.0450410917401, 0.0173842459917, 0.00900958385319, 0.0153812384233, 0.0272879842669, 0.0191377401352, 0.0112110506743, 0.00479402625933, 0.00865122303367, 0.0161093305796, 0.0229682642967, 0.0263629220426, 0.0653527081013, 0.0564835704863, 0.012495062314, 0.00237144646235, 0.00270708743483, 0.00773377111182, 0.0470259860158, 0.104728274047, 0.060050830245, 0.0389089547098, 0.028767099604, 0.0301466006786, 0.0323801226914, 0.0309219677001, 0.0416831895709, 0.100119769573]
    chords_histogram: [0.925925910473, 0, 0, 4.16666650772, 45.3703689575, 0, 0, 0, 0, 0, 0, 0, 0, 0, 0, 0, 0, 37.0370368958, 0, 0, 0, 0, 2.31481480598, 10.1851854324]
    thpcp: [1, 0.629096806049, 0.266929149628, 0.196496292949, 0.262239605188, 0.502988219261, 0.658636689186, 0.532487869263, 0.295903593302, 0.148265466094, 0.125930532813, 0.179989367723, 0.223562717438, 0.188825264573, 0.13193038106, 0.10230884701, 0.115211173892, 0.175129845738, 0.22261300683, 0.277228713036, 0.423516988754, 0.407103598118, 0.19216696918, 0.0883974358439, 0.0848112329841, 0.121135793626, 0.312489569187, 0.493428885937, 0.419153183699, 0.318105429411, 0.257642954588, 0.200735628605, 0.208259671926, 0.20905983448, 0.284103512764, 0.714317619801]
    chords_key: "B"
    chords_scale: "major"
    key_key: "A"
    key_scale: "major"
    chords_progression: ["Am", "Am", "Am", "Am", "Am", "Am", "Am", "Am", "Am", "Am", "Am", "Am", "Am", "Am", "Am", "Am", "Am", "Am", "Am", "Am", "Am", "Am", "Am", "Am", "Am", "Am", "Am", "Am", "Am", "Am", "Am", "Am", "Am", "Am", "A", "A", "Am", "Am", "Am", "Am", "Am", "Am", "Am", "D", "Am", "Am", "D", "D", "D", "D", "B", "B", "B", "B", "B", "B", "B", "B", "B", "B", "B", "B", "B", "B", "B", "B", "B", "B", "B", "B", "B", "G#m", "B", "B", "B", "B", "B", "B", "B", "B", "B", "B", "B", "B", "B", "B", "B", "B", "B", "B", "B", "B", "B", "B", "F#m", "F#m", "F#m", "F#m", "F#m", "F#m", "F#m", "F#m", "F#m", "F#m", "F#m", "F#m", "F#m", "F#m", "F#m", "F#m", "F#m", "F#m", "F#m", "F#m", "F#m", "F#m", "B", "B", "B", "B", "B", "B", "B", "B", "B", "B", "B", "B", "B", "B", "B", "B", "B", "B", "B", "B", "B", "B", "B", "B", "B", "B", "B", "B", "B", "B", "B", "B", "B", "B", "B", "B", "B", "B", "B", "B", "B", "B", "B", "B", "B", "B", "B", "B", "B", "B", "B", "B", "B", "B", "B", "G#m", "G#m", "G#m", "G#m", "G#m", "G#m", "G#m", "G#m", "Am", "Am", "Am", "Am", "Am", "Am", "Am", "Am", "Am", "Am", "Am", "Am", "Am", "Am", "Am", "Am", "Am", "Am", "Am", "Am", "Am", "Am", "Am", "Am", "Am", "Am", "Am", "Am", "Am", "Am", "Am", "Am", "Am", "Am", "Am", "Am", "Am"]
