
metadata:
    version:
        essentia: "1.2.2"
    audio_properties:
        analysis_sample_rate: 44100
        bitrate: 128
        channels: 2
        equal_loudness: 1
        length: 10.0048980713
        replay_gain: -13.5569725037
        downmix: "mix"
    tags:
        track: 31
        year: 0
        album: "Splitted by Mp3Splt v. 2.1"
        artist: "From 005.00 To 005.10"
        comment: "http://mp3splt.sf.net"
        genre: ""
        title: "12 Cop Shoot Cop.mp3"

highlevel:
    ballroom:
        all:
            ChaChaCha: 0.0775759890676
            Jive: 0.32097017765
            Quickstep: 0.164908289909
            Rumba-American: 0.0071602165699
            Rumba-International: 0.0517463199794
            Rumba-Misc: 0.00750415865332
            Samba: 0.0403829142451
            Tango: 0.137243315578
            VienneseWaltz: 0.150815859437
            Waltz: 0.0416927449405
        probability: 0.32097017765
        value: "Jive"
    culture:
        all:
            non_western: 0.00259620300494
            western: 0.997403800488
        probability: 0.997403800488
        value: "western"
    gender:
        all:
            female: 0.477177292109
            male: 0.522822678089
        probability: 0.522822678089
        value: "male"
    genre_dortmund:
        all:
            alternative: 0.140375629067
            blues: 0.0621071867645
            electronic: 0.0967528000474
            folkcountry: 0.167644917965
            funksoulrnb: 0.0114567046985
            jazz: 0.031195493415
            pop: 0.0348051451147
            raphiphop: 0.00157282873988
            rock: 0.454089283943
        probability: 0.454089283943
        value: "rock"
    genre_electronica:
        all:
            ambient: 0.671259760857
            dnb: 0.140797451138
            house: 0.026631468907
            techno: 0.0199210941792
            trance: 0.14139020443
        probability: 0.671259760857
        value: "ambient"
    genre_rosamerica:
        all:
            cla: 0.415530920029
            dan: 0.0167953912169
            hip: 0.00681389449164
            jaz: 0.0163938160986
            pop: 0.026206491515
            rhy: 0.00696487911046
            roc: 0.507680296898
            spe: 0.00361432926729
        probability: 0.507680296898
        value: "roc"
    genre_tzanetakis:
        all:
            blu: 0.0165636707097
            cla: 0.0913426652551
            cou: 0.156232535839
            dis: 0.014384360984
            hip: 0.00364851811901
            jaz: 0.0285669080913
            met: 0.0897149518132
            pop: 0.00912811327726
            reg: 0.0250479821116
            roc: 0.565370321274
        probability: 0.565370321274
        value: "roc"
    live_studio:
        all:
            live: 0.0693338736892
            studio: 0.930666148663
        probability: 0.930666148663
        value: "studio"
    mood:
        all:
            Cluster1: 0.134786993265
            Cluster2: 0.0660009384155
            Cluster3: 0.676645219326
            Cluster4: 0.0544555708766
            Cluster5: 0.0681112483144
        probability: 0.676645219326
        value: "Cluster3"
    mood_acoustic:
        all:
            acoustic: 0.0745481401682
            not_acoustic: 0.925451874733
        probability: 0.925451874733
        value: "not_acoustic"
    mood_aggressive:
        all:
            aggressive: 0.395974040031
            not_aggressive: 0.604025959969
        probability: 0.604025959969
        value: "not_aggressive"
    mood_electronic:
        all:
            electronic: 0.326206862926
            not_electronic: 0.673793137074
        probability: 0.673793137074
        value: "not_electronic"
    mood_happy:
        all:
            happy: 0.433405011892
            not_happy: 0.566594958305
        probability: 0.566594958305
        value: "not_happy"
    mood_party:
        all:
            not_party: 0.790233969688
            party: 0.20976601541
        probability: 0.790233969688
        value: "not_party"
    mood_relaxed:
        all:
            not_relaxed: 0.61419403553
            relaxed: 0.38580596447
        probability: 0.61419403553
        value: "not_relaxed"
    mood_sad:
        all:
            not_sad: 0.63767439127
            sad: 0.36232560873
        probability: 0.63767439127
        value: "not_sad"
    rhythm:
        all:
            fast: 0.538168847561
            medium: 0.159248799086
            slow: 0.302582353354
        probability: 0.538168847561
        value: "fast"
    speech_music:
        all:
            music: 0.999639987946
            speech: 0.000360017991625
        probability: 0.999639987946
        value: "music"
    timbre:
        all:
            bright: 0.106663800776
            dark: 0.893336176872
        probability: 0.893336176872
        value: "dark"
    voice_instrumental:
        all:
            instrumental: 0.984090268612
            voice: 0.015909710899
        probability: 0.984090268612
        value: "instrumental"

lowlevel:
    average_loudness: 0.921664178371
    barkbands_kurtosis:
        dmean: 1.03302323818
        dmean2: 1.58344316483
        dvar: 2.62403273582
        dvar2: 6.05390787125
        max: 27.7794799805
        mean: 1.34677529335
        min: -1.84056293964
        var: 25.6847858429
    barkbands_skewness:
        dmean: 0.345515817404
        dmean2: 0.526595115662
        dvar: 0.067761823535
        dvar2: 0.171523764729
        max: 5.02588033676
        mean: 0.384411394596
        min: -1.95757079124
        var: 2.26373243332
    barkbands_spread:
        dmean: 3.23506140709
        dmean2: 5.17164516449
        dvar: 9.54011154175
        dvar2: 23.6141548157
        max: 41.360786438
        mean: 25.3194046021
        min: 2.94040441513
        var: 125.641143799
    dissonance:
        dmean: 0.0128192957491
        dmean2: 0.0210124477744
        dvar: 0.000158829134307
        dvar2: 0.000384298036806
        max: 0.499688059092
        mean: 0.469159930944
        min: 0.363648682833
        var: 0.000766829587519
    hfc:
        dmean: 1.755823493
        dmean2: 2.76542234421
        dvar: 4.22648715973
        dvar2: 10.5419569016
        max: 32.4606132507
        mean: 8.97588634491
        min: 7.47522381062e-06
        var: 40.5119361877
    pitch:
        dmean: 668.499145508
        dmean2: 1294.01855469
        dvar: 1145983.125
        dvar2: 2933996
        max: 4009.09082031
        mean: 1482.99511719
        min: 88.1999969482
        var: 1773071.5
    pitch_instantaneous_confidence:
        dmean: 0.07914634794
        dmean2: 0.130037859082
        dvar: 0.00459630368277
        dvar2: 0.0123027274385
        max: 0.876860797405
        mean: 0.463484853506
        min: 0.192778170109
        var: 0.0217919852585
    pitch_salience:
        dmean: 0.0509256348014
        dmean2: 0.0811828747392
        dvar: 0.00197267765179
        dvar2: 0.00500476872548
        max: 0.981467723846
        mean: 0.6037530303
        min: 0.208057522774
        var: 0.0121259205043
    silence_rate_20dB:
        dmean: 0
        dmean2: 0
        dvar: 0
        dvar2: 0
        max: 1
        mean: 1
        min: 1
        var: 0
    silence_rate_30dB:
        dmean: 0
        dmean2: 0
        dvar: 0
        dvar2: 0
        max: 1
        mean: 1
        min: 1
        var: 0
    silence_rate_60dB:
        dmean: 0.00928074214607
        dmean2: 0.0186046510935
        dvar: 0.00919459667057
        dvar2: 0.0182585678995
        max: 1
        mean: 0.354166656733
        min: 0
        var: 0.228732332587
    spectral_centroid:
        dmean: 152.127258301
        dmean2: 235.810913086
        dvar: 21767.9511719
        dvar2: 54701.3828125
        max: 2692.94702148
        mean: 1512.03918457
        min: 468.698822021
        var: 403937.5
    spectral_complexity:
        dmean: 2.46279072762
        dmean2: 4.32167816162
        dvar: 7.06256866455
        dvar2: 19.6913986206
        max: 35
        mean: 16.4083518982
        min: 0
        var: 91.2718582153
    spectral_crest:
        dmean: 1.72628390789
        dmean2: 2.81231212616
        dvar: 2.3865237236
        dvar2: 6.63713359833
        max: 24.5402965546
        mean: 10.2125587463
        min: 3.45004248619
        var: 22.4661617279
    spectral_decrease:
        dmean: 1.92131047183e-10
        dmean2: 3.08190140075e-10
        dvar: 4.21047307187e-20
        dvar2: 1.13939980551e-19
        max: -5.55829796252e-16
        mean: -1.12766396221e-09
        min: -2.93572766097e-09
        var: 4.19240621944e-19
    spectral_energy:
        dmean: 0.000854493002407
        dmean2: 0.0013710539788
        dvar: 8.66342588779e-07
        dvar2: 2.30685236602e-06
        max: 0.0140243796632
        mean: 0.00507020065561
        min: 2.77584844e-09
        var: 8.87667101779e-06
    spectral_energyband_high:
        dmean: 5.64088004467e-05
        dmean2: 9.64618520811e-05
        dvar: 6.46164011187e-09
        dvar2: 1.98462437595e-08
        max: 0.00119221420027
        mean: 0.00020729273092
        min: 9.22718845775e-11
        var: 4.14833820628e-08
    spectral_energyband_low:
        dmean: 5.40477813047e-05
        dmean2: 9.40427562455e-05
        dvar: 7.8058111086e-09
        dvar2: 2.22884786183e-08
        max: 0.000682718411554
        mean: 7.05223283148e-05
        min: 2.16706843442e-11
        var: 9.06203823092e-09
    spectral_energyband_middle_high:
        dmean: 0.000655231706332
        dmean2: 0.00104806234594
        dvar: 5.97844632466e-07
        dvar2: 1.52620623339e-06
        max: 0.0111712124199
        mean: 0.00282279262319
        min: 2.45867903814e-09
        var: 4.37626567873e-06
    spectral_energyband_middle_low:
        dmean: 0.000460716080852
        dmean2: 0.000735232722946
        dvar: 2.65748298034e-07
        dvar2: 6.98284338796e-07
        max: 0.00620165606961
        mean: 0.00196959497407
        min: 2.01325955906e-10
        var: 1.46922911881e-06
    spectral_flatness_db:
        dmean: 0.0124579099938
        dmean2: 0.0202006306499
        dvar: 8.19156266516e-05
        dvar2: 0.000215591135202
        max: 0.307960420847
        mean: 0.18697977066
        min: 0.117415271699
        var: 0.00158683897462
    spectral_flux:
        dmean: 0.00478876102716
        dmean2: 0.0077465986833
        dvar: 2.59994976659e-05
        dvar2: 6.81690216879e-05
        max: 0.0770718231797
        mean: 0.035074904561
        min: 5.26863223058e-05
        var: 0.000311898096697
    spectral_kurtosis:
        dmean: 2.41725087166
        dmean2: 4.45248365402
        dvar: 7.49219226837
        dvar2: 24.3773517609
        max: 26.3560619354
        mean: 6.59907674789
        min: 1.51889514923
        var: 16.3932228088
    spectral_rms:
        dmean: 0.000175190871232
        dmean2: 0.000275890721241
        dvar: 3.17507868886e-08
        dvar2: 7.28604732103e-08
        max: 0.00369896227494
        mean: 0.00209129834548
        min: 1.64564426086e-06
        var: 5.73006843752e-07
    spectral_rolloff:
        dmean: 181.930267334
        dmean2: 312.607879639
        dvar: 37284.46875
        dvar2: 96089.734375
        max: 4371.24023438
        mean: 2501.44750977
        min: 452.197265625
        var: 1222369.125
    spectral_skewness:
        dmean: 0.232088580728
        dmean2: 0.416242808104
        dvar: 0.0530987419188
        dvar2: 0.160231560469
        max: 3.76844096184
        mean: 1.60126614571
        min: 0.861537516117
        var: 0.290345042944
    spectral_spread:
        dmean: 252613.828125
        dmean2: 399252.28125
        dvar: 529392926720
        dvar2: 567403282432
        max: 17061126
        mean: 3132269
        min: 1952746.75
        var: 765366239232
    spectral_strongpeak:
        dmean: 0.687515258789
        dmean2: 1.21321153641
        dvar: 1.20167052746
        dvar2: 3.25651669502
        max: 9.94226455688
        mean: 1.01380395889
        min: 7.8870478319e-05
        var: 1.77213454247
    zerocrossingrate:
        dmean: 0.00464207865298
        dmean2: 0.00610522273928
        dvar: 1.8301387172e-05
        dvar2: 3.13263481075e-05
        max: 0.13134765625
        mean: 0.0825127363205
        min: 0.01025390625
        var: 0.00106462847907
    barkbands:
        dmean: [1.17950953893e-07, 1.76213616214e-05, 4.41777629021e-05, 5.18655215274e-05, 0.000328072695993, 0.000103430851595, 0.000111732726509, 8.06022362667e-05, 5.80556261411e-05, 4.33839886682e-05, 1.8389268007e-05, 1.58055609063e-05, 3.71880378225e-05, 3.19160863e-05, 0.000101989120594, 0.00011365320097, 0.000554955913685, 0.000205173884751, 0.000141433833051, 7.4641793617e-05, 2.91154137813e-05, 6.05697323408e-06, 1.27793100546e-06, 3.12643635425e-07, 1.16667798977e-07, 6.73628663961e-09, 3.54876905639e-10]
        dmean2: [1.98436779897e-07, 3.17213889502e-05, 7.82114075264e-05, 8.96976707736e-05, 0.000527938769665, 0.000172120562638, 0.000174617161974, 0.000131868087919, 9.21586615732e-05, 6.97522555129e-05, 3.09526258206e-05, 2.67671621259e-05, 6.25433749519e-05, 5.42782108823e-05, 0.000168747938005, 0.000192931547645, 0.000909722351935, 0.000358047982445, 0.000235491766944, 0.000128010637127, 5.21527981618e-05, 9.9248782135e-06, 2.08241317523e-06, 5.08834261836e-07, 1.88602342632e-07, 1.07820392614e-08, 5.53321721775e-10]
        dvar: [4.81174412923e-14, 9.69789026861e-10, 5.23656895624e-09, 8.87495499313e-09, 1.78617696633e-07, 2.76122023024e-08, 1.74381007412e-08, 8.41569747223e-09, 6.22609253043e-09, 2.71249311901e-09, 4.26221113958e-10, 3.9341302438e-10, 2.09869854828e-09, 1.50629797524e-09, 2.05027941291e-08, 2.12578044056e-08, 5.01468718994e-07, 9.85453141311e-08, 2.83254735223e-08, 1.02514201572e-08, 1.86298110272e-09, 1.47200279743e-10, 6.29448750067e-12, 3.83324963568e-13, 3.82133120448e-14, 1.42614302054e-16, 5.9349299052e-18]
        dvar2: [1.26245707139e-13, 2.81057133122e-09, 1.5013769783e-08, 2.4467240678e-08, 4.58878133713e-07, 6.82159964072e-08, 4.17825667398e-08, 2.16921520746e-08, 1.53858437102e-08, 6.48564046912e-09, 1.19859888681e-09, 9.75799552272e-10, 5.49926548743e-09, 4.33158842128e-09, 5.86154165205e-08, 6.19751077124e-08, 1.30242074192e-06, 2.9095471632e-07, 7.48695683228e-08, 2.88956858441e-08, 5.7339311077e-09, 4.27243129764e-10, 1.91273611533e-11, 1.07890367647e-12, 9.22353691904e-14, 3.53793194802e-16, 6.09840933197e-18]
        max: [1.71494264123e-06, 0.000265837472398, 0.000617073033936, 0.000853554927744, 0.00537557480857, 0.00216411263682, 0.00234975689091, 0.000976647716016, 0.000888011534698, 0.000512394995894, 0.00016571728338, 0.000166868718225, 0.000366111664334, 0.000340730621247, 0.00154525635298, 0.000971089233644, 0.0079813785851, 0.00312779773958, 0.00152039632667, 0.00119464995805, 0.000582940410823, 0.000244742404902, 4.59162693005e-05, 1.13442411021e-05, 3.63018739336e-06, 2.11714066722e-07, 5.04288060199e-08]
        mean: [1.41487745964e-07, 2.0330067855e-05, 5.005267667e-05, 6.85816703481e-05, 0.00100565259345, 0.000209833713598, 0.00039700983325, 0.000154201537953, 0.000107108884549, 9.81415869319e-05, 3.42066705343e-05, 3.23113054037e-05, 6.29825444776e-05, 6.51137161185e-05, 0.000186351098819, 0.000199542191694, 0.00115314626601, 0.000454162625829, 0.000431752530858, 0.000228842021897, 8.60241270857e-05, 1.89305847016e-05, 4.31666649092e-06, 1.08368999463e-06, 3.67246201449e-07, 1.69229679159e-08, 3.31772803674e-10]
        min: [3.8040516917e-12, 9.59714165777e-12, 1.00874491052e-11, 1.20812995025e-11, 3.68543459639e-11, 4.54346352208e-11, 4.76194535193e-11, 3.63698793304e-11, 1.93914242302e-11, 3.10468283027e-11, 4.62794073897e-11, 6.37830205319e-11, 4.25886964583e-11, 5.02903690913e-11, 6.69559824251e-11, 1.1521628096e-10, 5.49525924765e-10, 4.9107423683e-10, 8.46283654266e-10, 2.17303092187e-10, 2.65357492923e-11, 1.71187402361e-12, 2.1035000998e-12, 2.76431893868e-12, 5.4672618429e-13, 2.96919742482e-13, 2.40733404348e-13]
        var: [7.28926535559e-14, 9.75311165163e-10, 5.37637134812e-09, 1.38779636671e-08, 1.22209371511e-06, 7.51374216179e-08, 2.49443303346e-07, 1.99351912755e-08, 1.2895588597e-08, 9.29407395489e-09, 8.18171197459e-10, 1.06922104504e-09, 3.83917519997e-09, 3.23061177809e-09, 3.26699982622e-08, 3.67325334594e-08, 1.38681639328e-06, 1.81728424309e-07, 1.29221120915e-07, 4.36596003794e-08, 8.38810620962e-09, 5.42113798296e-10, 3.28909434411e-11, 2.15296227027e-12, 2.1001199369e-13, 4.57270313059e-16, 5.93495099831e-18]
    mfcc:
        mean: [-736.284362793, 130.914749146, -70.6132125854, 58.4388542175, -15.1489219666, -17.4535751343, -19.9491329193, -10.1359930038, -8.85185623169, -9.76757049561, -6.84492540359, -3.95899653435, -7.64727640152]
        cov: [[7503.92919922, -2282.84545898, -178.132034302, 667.277954102, 394.563659668, 59.2378120422, 182.001205444, 462.22946167, 283.864990234, -56.6613540649, -254.111694336, -410.417266846, -377.069519043], [-2282.84545898, 1104.4510498, 31.6814517975, -245.493148804, -172.457733154, -18.2014980316, -123.932418823, -197.735107422, -99.8120880127, 18.945810318, 105.483100891, 162.765716553, 147.508850098], [-178.132034302, 31.6814517975, 133.136413574, 1.90237212181, -7.10831737518, 3.49980068207, 16.8714256287, -11.497592926, -7.14654064178, -0.0518645867705, 10.1062469482, 14.772110939, 19.6585025787], [667.277954102, -245.493148804, 1.90237212181, 139.653869629, 94.4010238647, 10.8326692581, 41.2805519104, 72.4549407959, 44.047416687, -6.5054397583, -31.0965023041, -44.3336257935, -46.2635269165], [394.563659668, -172.457733154, -7.10831737518, 94.4010238647, 114.130508423, 28.271566391, 48.4821853638, 60.9809875488, 36.7379951477, 1.38095760345, -18.9237365723, -31.563205719, -35.7148246765], [59.2378120422, -18.2014980316, 3.49980068207, 10.8326692581, 28.271566391, 54.3561859131, 27.2616195679, 7.70599985123, 3.50158500671, 5.49986839294, 2.92190361023, -3.49789118767, -2.74651956558], [182.001205444, -123.932418823, 16.8714256287, 41.2805519104, 48.4821853638, 27.2616195679, 72.9670410156, 48.5304107666, 20.8698196411, 1.42340481281, -7.48186254501, -12.8888692856, -15.8090581894], [462.22946167, -197.735107422, -11.497592926, 72.4549407959, 60.9809875488, 7.70599985123, 48.5304107666, 88.3680953979, 41.3438682556, -4.05464792252, -22.9108104706, -31.0294494629, -35.7294464111], [283.864990234, -99.8120880127, -7.14654064178, 44.047416687, 36.7379951477, 3.50158500671, 20.8698196411, 41.3438682556, 52.8896408081, 14.0660533905, -7.77360248566, -14.2790517807, -16.9651279449], [-56.6613540649, 18.945810318, -0.0518645867705, -6.5054397583, 1.38095760345, 5.49986839294, 1.42340481281, -4.05464792252, 14.0660533905, 35.730556488, 16.8224334717, 8.53560638428, 6.79135322571], [-254.111694336, 105.483100891, 10.1062469482, -31.0965023041, -18.9237365723, 2.92190361023, -7.48186254501, -22.9108104706, -7.77360248566, 16.8224334717, 41.4934234619, 34.9736595154, 23.3108444214], [-410.417266846, 162.765716553, 14.772110939, -44.3336257935, -31.563205719, -3.49789118767, -12.8888692856, -31.0294494629, -14.2790517807, 8.53560638428, 34.9736595154, 65.9314804077, 44.302696228], [-377.069519043, 147.508850098, 19.6585025787, -46.2635269165, -35.7148246765, -2.74651956558, -15.8090581894, -35.7294464111, -16.9651279449, 6.79135322571, 23.3108444214, 44.302696228, 60.8888130188]]
        icov: [[0.000516197527759, 0.000794139283244, 0.000331218907377, -0.00129300274421, 0.000886533933226, -0.000917249650229, 0.00100928673055, -0.000312250194838, -0.000849111122079, 0.000539388973266, -0.000382603204343, 0.000562683853786, 0.000181217124918], [0.000794139283244, 0.00348538346589, 0.000345401727827, -8.64702669787e-05, 0.000562584551517, -0.00187388353515, 0.00317517458461, 0.00122550525703, -0.00131697999313, 0.00147092435509, -0.00163854076527, -0.001593052526, -0.000658587319776], [0.000331218907377, 0.000345401727827, 0.00940824765712, -0.00420741876587, 0.00273431418464, 0.000397426076233, -0.00477896304801, 0.00325326016173, -0.000222567483434, 0.00126600358635, -0.00183036597446, 0.000895891804248, -0.00288431951776], [-0.00129300274421, -8.64702669787e-05, -0.00420741876587, 0.0278163086623, -0.0171497873962, 0.00445052748546, 0.00186203350313, -0.00378770357929, -0.00310149765573, 0.00240293331444, 0.00275734812021, -0.0012481494341, 0.00181815621909], [0.000886533933226, 0.000562584551517, 0.00273431418464, -0.0171497873962, 0.0284947752953, -0.00933746807277, -0.00409019365907, -0.00303856399842, -0.00297125242651, -0.00107244495302, -0.000746993697248, 0.00120605132543, 0.00236178073101], [-0.000917249650229, -0.00187388353515, 0.000397426076233, 0.00445052748546, -0.00933746807277, 0.0287351720035, -0.0131196677685, 0.00607524020597, 0.00339939026162, -0.00305644399486, -0.00233898311853, 0.00265575572848, -0.00165846734308], [0.00100928673055, 0.00317517458461, -0.00477896304801, 0.00186203350313, -0.00409019365907, -0.0131196677685, 0.0347771979868, -0.0170063450933, 0.000867539958563, -5.78243998461e-05, -0.00138377631083, -0.00206671841443, -0.000143232711707], [-0.000312250194838, 0.00122550525703, 0.00325326016173, -0.00378770357929, -0.00303856399842, 0.00607524020597, -0.0170063450933, 0.0390237867832, -0.0156243685633, 0.00760966027156, 0.00166857219301, -0.0022266570013, 0.00392371043563], [-0.000849111122079, -0.00131697999313, -0.000222567483434, -0.00310149765573, -0.00297125242651, 0.00339939026162, 0.000867539958563, -0.0156243685633, 0.043056294322, -0.0222570691258, 0.00568828871474, -0.00307330791838, -0.000347629684256], [0.000539388973266, 0.00147092435509, 0.00126600358635, 0.00240293331444, -0.00107244495302, -0.00305644399486, -5.78243998461e-05, 0.00760966027156, -0.0222570691258, 0.0484220460057, -0.0231994856149, 0.00728027056903, -0.00314031355083], [-0.000382603204343, -0.00163854076527, -0.00183036597446, 0.00275734812021, -0.000746993697248, -0.00233898311853, -0.00138377631083, 0.00166857219301, 0.00568828871474, -0.0231994856149, 0.0588147006929, -0.0266240928322, 0.00538971740752], [0.000562683853786, -0.001593052526, 0.000895891804248, -0.0012481494341, 0.00120605132543, 0.00265575572848, -0.00206671841443, -0.0022266570013, -0.00307330791838, 0.00728027056903, -0.0266240928322, 0.0473406426609, -0.0208302196115], [0.000181217124918, -0.000658587319776, -0.00288431951776, 0.00181815621909, 0.00236178073101, -0.00165846734308, -0.000143232711707, 0.00392371043563, -0.000347629684256, -0.00314031355083, 0.00538971740752, -0.0208302196115, 0.0383755750954]]
    spectral_contrast:
        mean: [3.53427189737e-08, -1.44167003668e-07, 1.88166055182e-07, 9.38150819252e-08, -2.25436238566e-07, 2.2818483103e-08, -2.12903364627e-06, 2.03775968544e-07, -5.21091180872e-07, 2.15212867261e-06, 2.90500042865e-06, -6.0301645135e-06]
        var: [0.000237400992773, 0.000396294431994, 0.000676061375998, 0.000935641641263, 0.00305899744853, 0.00312193622813, 0.0342481285334, 0.0461933389306, 0.106494799256, 0.228176787496, 0.281162261963, 3.81053614616]

rhythm:
    beats_loudness:
        dmean: 0.00150512403343
        dmean2: 0.00228743487969
        dvar: 1.90550213119e-06
        dvar2: 4.2007313823e-06
        max: 0.0101972352713
        mean: 0.0047924737446
        min: 0.000596023339313
        var: 8.28397060104e-06
    beats_loudness_bass:
        dmean: 0.0219767466187
        dmean2: 0.0386931635439
        dvar: 0.000295648467727
        dvar2: 0.000849072879646
        max: 0.072267793119
        mean: 0.022098461166
        min: 0.00204879837111
        var: 0.00036217525485
    bpm: 107.637023926
    bpm_confidence: 0
    first_peak_bpm: 108
    first_peak_spread: 0
    first_peak_weight: 0.555555582047
    onset_rate: 2.19892311096
    second_peak_bpm: 139
    second_peak_spread: 0
    second_peak_weight: 0.388888895512
    beats_position: [0.319418936968, 0.876857161522, 1.43429541588, 1.99173355103, 2.54917192459, 3.10661029816, 3.66404867172, 4.22148704529, 4.77892541885, 5.33636379242, 5.89380216599, 6.54850625992, 6.9810423851, 7.41357898712, 7.8461151123, 8.27865219116, 8.71118927002, 9.1437253952, 9.57626152039]
    bpm_estimates: [108.295578003, 107.451087952, 107.688423157, 106.953369141, 107.796684265]
    bpm_intervals: [0.557438254356, 0.557438254356, 0.557438135147, 0.557438373566, 0.557438373566, 0.557438373566, 0.557438373566, 0.557438373566, 0.557438373566, 0.557438373566, 0.654704093933, 0.432536125183, 0.43253660202, 0.432536125183, 0.432537078857, 0.432537078857, 0.432536125183, 0.432536125183]
    onset_times: [0.0464399084449, 0.232199549675, 3.20435380936, 3.63392281532, 4.051882267, 4.43501138687, 4.53950119019, 5.38702964783, 5.5727891922, 6.08362817764, 6.61768722534, 7.53487539291, 7.6277551651, 7.70902490616, 7.81351470947, 7.91800451279, 8.0224943161, 8.12698459625, 8.24308395386, 8.34757328033, 8.46367359161, 9.62467098236]
    rubato_start: [6.9810423851]
    rubato_stop: [9.57626152039]
    perceptual_tempo: "unknown"

sfx:
    inharmonicity:
        dmean: 0.0613080263138
        dmean2: 0.107813492417
        dvar: 0.00439596828073
        dvar2: 0.0130599020049
        max: 0.420715987682
        mean: 0.0611761659384
        min: 0
        var: 0.00459625339136
    oddtoevenharmonicenergyratio:
        dmean: 6.83895015717
        dmean2: 12.9859037399
        dvar: 237.531173706
        dvar2: 683.616943359
        max: 112.353538513
        mean: 4.37192487717
        min: 0
        var: 143.446228027
    pitch_after_max_to_before_max_energy_ratio: 0.11069110781
    pitch_centroid: 142.739135742
    pitch_max_to_total: 0.563805103302
    pitch_min_to_total: 0.665893256664
    tristimulus:
        dmean: [0.220806196332, 0.306829452515, 0.125617176294]
        dmean2: [0.400937885046, 0.546748399734, 0.231738299131]
        dvar: [0.0478376708925, 0.0714229419827, 0.0223927069455]
        dvar2: [0.131451591849, 0.188724458218, 0.063691213727]
        max: [1, 0.992258191109, 0.711567938328]
        mean: [0.296898186207, 0.425442129374, 0.111169748008]
        min: [0.00774179492146, 0, 0]
        var: [0.0508356429636, 0.0962881669402, 0.0209699347615]

tonal:
    chords_changes_rate: 0.0231481473893
    chords_number_rate: 0.0138888889924
    chords_strength:
        dmean: 0.00599855137989
        dmean2: 0.00490520056337
        dvar: 2.19498688239e-05
        dvar2: 1.94005770027e-05
        max: 0.783849656582
        mean: 0.635638773441
        min: 0.428363800049
        var: 0.0131399510428
    key_strength: 0.738328695297
    tuning_diatonic_strength: 0.582610726357
    tuning_equal_tempered_deviation: 0.0128018623218
    tuning_frequency: 440.508575439
    tuning_nontempered_energy_ratio: 0.636479735374
    hpcp:
        dmean: [0.105653241277, 0.125820428133, 0.0600763261318, 0.0389309450984, 0.0299468971789, 0.0350231230259, 0.0459306612611, 0.0499942786992, 0.105091147125, 0.101630076766, 0.0761518105865, 0.0575334280729, 0.0539911463857, 0.0420709885657, 0.0638411492109, 0.0922805964947, 0.0699734613299, 0.0560002438724, 0.0656245276332, 0.0863007009029, 0.122180983424, 0.132406979799, 0.105906181037, 0.0664880275726, 0.0611984916031, 0.0576947554946, 0.0591264814138, 0.0632246658206, 0.0572547130287, 0.0652761980891, 0.0794082358479, 0.0656660944223, 0.0584847778082, 0.0509439408779, 0.0835873112082, 0.14821434021]
        dmean2: [0.161016836762, 0.215406313539, 0.105759307742, 0.0634055286646, 0.0491731651127, 0.0577537827194, 0.0734988600016, 0.0834490805864, 0.155577421188, 0.164678409696, 0.119656808674, 0.0920633748174, 0.0877929925919, 0.0646275058389, 0.0945094376802, 0.134770974517, 0.109999477863, 0.0867773965001, 0.106072686613, 0.138363212347, 0.20001102984, 0.215691968799, 0.159111842513, 0.105329349637, 0.101108968258, 0.0983770340681, 0.0922777056694, 0.101572111249, 0.0918980538845, 0.107273548841, 0.127557381988, 0.107120007277, 0.101515077055, 0.0835663154721, 0.139574110508, 0.248504072428]
        dvar: [0.0272998735309, 0.0204411670566, 0.00768685434014, 0.00251291762106, 0.00171557522845, 0.00230656261556, 0.00354412710294, 0.00409730384126, 0.0224727168679, 0.0237285476178, 0.0119474381208, 0.00716852769256, 0.00493023730814, 0.00443368824199, 0.0100887846202, 0.0150435129181, 0.00858417525887, 0.00494063086808, 0.00671343738213, 0.0130887227133, 0.0202486496419, 0.0347155928612, 0.0149053120986, 0.0076012108475, 0.0114641720429, 0.0122230015695, 0.0091466140002, 0.0106482412666, 0.00708908541128, 0.00649277726188, 0.00921522919089, 0.00592309748754, 0.0131359454244, 0.00794624630362, 0.0170322377235, 0.0276157557964]
        dvar2: [0.0530890710652, 0.0529812909663, 0.0214572083205, 0.00664962641895, 0.00456468295306, 0.00588832609355, 0.00789203308523, 0.00973702128977, 0.0476803854108, 0.0459886267781, 0.0224415995181, 0.0162163563073, 0.0115058347583, 0.0112778907642, 0.0183076318353, 0.0297806411982, 0.0198587086052, 0.0134262423962, 0.0185634717345, 0.0369575172663, 0.0522990189493, 0.0766300857067, 0.0329718142748, 0.0209544319659, 0.0289157982916, 0.0340399295092, 0.0216051656753, 0.0232043359429, 0.0149574913085, 0.0154468500987, 0.0235907845199, 0.0174005739391, 0.0440287403762, 0.0185598861426, 0.051392570138, 0.0676194876432]
        max: [1, 1, 0.641110360622, 0.372700124979, 0.318168610334, 0.338609963655, 0.374576210976, 0.492644160986, 1, 1, 1, 0.783057689667, 0.570979893208, 0.587925553322, 0.979685544968, 1, 0.864643990993, 0.500486731529, 0.607399761677, 0.821787536144, 1, 1, 1, 0.729721486568, 0.89952480793, 0.865650653839, 0.894461512566, 1, 0.79487401247, 0.78885614872, 0.835464119911, 0.514752686024, 0.909741580486, 1, 1, 1]
        mean: [0.660751998425, 0.37960588932, 0.0950801298022, 0.0692056417465, 0.0565299987793, 0.0748503878713, 0.0952469781041, 0.091817073524, 0.217176303267, 0.312402755022, 0.188092216849, 0.105218328536, 0.102385267615, 0.0757393836975, 0.131523296237, 0.206171452999, 0.15678422153, 0.101977095008, 0.11572252959, 0.163043811917, 0.337682455778, 0.45858541131, 0.281867235899, 0.117276772857, 0.100978054106, 0.0833021625876, 0.117334216833, 0.150182753801, 0.113466925919, 0.130188405514, 0.160642519593, 0.121132530272, 0.09190300107, 0.0920442640781, 0.122436821461, 0.412859946489]
        min: [0.0557497516274, 0.0317821539938, 0.00142990215681, 0.00107568886597, 0.000691383203957, 0.00170517328661, 0.00202111760154, 0.00178145989776, 0.0014963921858, 0.00102303305175, 0.00250459904782, 0.00192544027232, 0.0016927937977, 0.00167393893935, 0.00358577468432, 0.00311785773374, 0.00192883855198, 0.00133426918183, 0.000606816203799, 0.0006737477961, 0.00736893666908, 0.0174361523241, 0.0110762827098, 0.00191179709509, 0.00119712296873, 0.00128394993953, 0.00110621645581, 0.00137876311783, 0.0012819658732, 0.0022436035797, 0.00195374875329, 0.00115177372936, 0.0012348794844, 0.00128509500064, 0.00129791034851, 0.0504793524742]
        var: [0.129310712218, 0.0494643598795, 0.0100014545023, 0.00438740523532, 0.00284456927329, 0.00450383871794, 0.0077141947113, 0.00789745058864, 0.073108792305, 0.128916367888, 0.0568205602467, 0.0139222526923, 0.0103615401313, 0.00813319161534, 0.0306606441736, 0.0553793609142, 0.0235708132386, 0.0103499665856, 0.0143875852227, 0.0299953147769, 0.0746280476451, 0.136402741075, 0.0642333626747, 0.0160326175392, 0.0166132859886, 0.0125446235761, 0.0226504635066, 0.0496046990156, 0.0168226994574, 0.0126588633284, 0.0192067157477, 0.0114258518443, 0.011680835858, 0.0151142962277, 0.0210629142821, 0.0518267452717]
    chords_histogram: [71.759262085, 0, 0, 0, 0, 20.3703708649, 0, 0, 0, 0, 0, 0, 0, 0, 0, 0, 0, 0, 0, 0, 0, 0, 7.87037038803, 0]
    thpcp: [1, 0.574505865574, 0.143896847963, 0.104737699032, 0.0855540335178, 0.11328060925, 0.144149363041, 0.138958454132, 0.328680515289, 0.472798794508, 0.28466385603, 0.159240275621, 0.154952645302, 0.114626035094, 0.199050918221, 0.312025457621, 0.237281501293, 0.154334902763, 0.175137609243, 0.246754929423, 0.511057794094, 0.694035589695, 0.426585525274, 0.177489846945, 0.152822926641, 0.126071751118, 0.177576780319, 0.227290660143, 0.171723917127, 0.19703066349, 0.243120744824, 0.183325260878, 0.139088496566, 0.139302283525, 0.1852992028, 0.624833464622]
    chords_key: "A"
    chords_scale: "minor"
    key_key: "A"
    key_scale: "minor"
    chords_progression: ["Am", "Am", "Am", "Am", "Am", "Am", "Am", "Am", "Am", "Am", "Am", "Am", "Am", "Am", "Am", "Am", "Am", "Am", "Am", "Am", "Am", "Am", "Am", "Am", "Am", "Am", "Am", "Am", "Am", "Am", "Am", "Am", "Am", "Am", "Am", "Am", "Am", "Am", "Am", "Am", "Am", "Am", "Am", "Am", "Am", "Am", "Am", "Am", "Am", "Am", "Am", "Am", "Am", "Am", "Am", "Am", "Am", "Am", "Am", "Am", "Am", "Am", "Am", "Am", "Am", "Am", "Am", "Am", "Am", "Am", "Am", "Am", "Am", "Am", "Am", "Am", "Am", "Am", "Am", "Am", "Am", "Am", "Am", "Am", "Am", "Am", "Am", "Am", "Am", "Am", "Am", "Am", "Am", "Am", "Am", "Am", "Am", "Am", "Am", "Am", "Am", "Am", "Am", "Am", "Am", "Am", "Am", "Am", "Am", "Am", "Am", "Am", "Am", "Am", "Am", "Am", "Am", "Am", "Am", "Am", "Am", "Am", "Am", "Am", "Am", "Am", "Am", "Am", "Am", "Am", "Am", "Am", "Am", "Am", "Am", "Am", "Am", "Am", "Am", "Am", "Am", "Am", "Am", "Am", "Am", "Am", "Am", "Am", "Am", "Am", "Am", "Am", "Am", "Am", "Am", "D", "D", "D", "D", "D", "D", "D", "D", "D", "Dm", "Dm", "Dm", "D", "D", "D", "D", "D", "Dm", "Dm", "Dm", "Dm", "Dm", "Dm", "Dm", "Dm", "Dm", "Dm", "Dm", "Dm", "Dm", "Dm", "D", "D", "D", "D", "D", "D", "D", "D", "D", "D", "D", "D", "D", "D", "D", "D", "D", "D", "D", "D", "D", "D", "D", "D", "D", "D", "D", "D", "D", "D"]
