
metadata:
    version:
        essentia: "1.2.2"
    audio_properties:
        analysis_sample_rate: 44100
        bitrate: 128
        channels: 2
        equal_loudness: 1
        length: 10.0832653046
        replay_gain: -8.25435638428
        downmix: "mix"
    tags:
        track: 16
        year: 0
        album: "Splitted by Mp3Splt v. 2.1"
        artist: "From 002.30 To 002.40"
        comment: "http://mp3splt.sf.net"
        genre: ""
        title: "12 Real World.mp3"

highlevel:
    ballroom:
        all:
            ChaChaCha: 0.0922275111079
            Jive: 0.628200054169
            Quickstep: 0.0203542169183
            Rumba-American: 0.0031736032106
            Rumba-International: 0.0689181163907
            Rumba-Misc: 0.0100084189326
            Samba: 0.132123202085
            Tango: 0.00177056412213
            VienneseWaltz: 0.037376768887
            Waltz: 0.005847516004
        probability: 0.628200054169
        value: "Jive"
    culture:
        all:
            non_western: 0.00454118615016
            western: 0.995458841324
        probability: 0.995458841324
        value: "western"
    gender:
        all:
            female: 0.705196797848
            male: 0.294803231955
        probability: 0.705196797848
        value: "female"
    genre_dortmund:
        all:
            alternative: 0.271480470896
            blues: 0.00892211031169
            electronic: 0.0110528934747
            folkcountry: 0.018094971776
            funksoulrnb: 0.00209375051782
            jazz: 0.0945851951838
            pop: 0.0591441951692
            raphiphop: 0.000734937610105
            rock: 0.533891499043
        probability: 0.533891499043
        value: "rock"
    genre_electronica:
        all:
            ambient: 0.120037801564
            dnb: 0.103432580829
            house: 0.00808116048574
            techno: 0.0127792656422
            trance: 0.755669176579
        probability: 0.755669176579
        value: "trance"
    genre_rosamerica:
        all:
            cla: 0.00635157013312
            dan: 0.00692094070837
            hip: 0.00116758979857
            jaz: 0.00615150108933
            pop: 0.0056682638824
            rhy: 0.00687364349142
            roc: 0.966379821301
            spe: 0.000486645876663
        probability: 0.966379821301
        value: "roc"
    genre_tzanetakis:
        all:
            blu: 0.00991608947515
            cla: 0.0338962525129
            cou: 0.0865277275443
            dis: 0.0608230531216
            hip: 0.0178156755865
            jaz: 0.126802548766
            met: 0.413879692554
            pop: 0.0684692114592
            reg: 0.0212337914854
            roc: 0.160635963082
        probability: 0.413879692554
        value: "met"
    live_studio:
        all:
            live: 0.0556155145168
            studio: 0.944384455681
        probability: 0.944384455681
        value: "studio"
    mood:
        all:
            Cluster1: 0.516973972321
            Cluster2: 0.0450653806329
            Cluster3: 0.107029147446
            Cluster4: 0.0133802806959
            Cluster5: 0.317551195621
        probability: 0.516973972321
        value: "Cluster1"
    mood_acoustic:
        all:
            acoustic: 0.0314661748707
            not_acoustic: 0.968533813953
        probability: 0.968533813953
        value: "not_acoustic"
    mood_aggressive:
        all:
            aggressive: 0.988382101059
            not_aggressive: 0.0116179268807
        probability: 0.988382101059
        value: "aggressive"
    mood_electronic:
        all:
            electronic: 0.738064408302
            not_electronic: 0.261935561895
        probability: 0.738064408302
        value: "electronic"
    mood_happy:
        all:
            happy: 0.396051675081
            not_happy: 0.603948354721
        probability: 0.603948354721
        value: "not_happy"
    mood_party:
        all:
            not_party: 0.730042278767
            party: 0.269957751036
        probability: 0.730042278767
        value: "not_party"
    mood_relaxed:
        all:
            not_relaxed: 0.258328199387
            relaxed: 0.741671800613
        probability: 0.741671800613
        value: "relaxed"
    mood_sad:
        all:
            not_sad: 0.487326800823
            sad: 0.512673199177
        probability: 0.512673199177
        value: "sad"
    rhythm:
        all:
            fast: 0.775246202946
            medium: 0.15904687345
            slow: 0.0657069385052
        probability: 0.775246202946
        value: "fast"
    speech_music:
        all:
            music: 0.998751461506
            speech: 0.00124851579312
        probability: 0.998751461506
        value: "music"
    timbre:
        all:
            bright: 0.211081460118
            dark: 0.788918554783
        probability: 0.788918554783
        value: "dark"
    voice_instrumental:
        all:
            instrumental: 0.934976935387
            voice: 0.0650230497122
        probability: 0.934976935387
        value: "instrumental"

lowlevel:
    average_loudness: 0.982594907284
    barkbands_kurtosis:
        dmean: 0.721596300602
        dmean2: 1.20914947987
        dvar: 1.1009734869
        dvar2: 2.85624599457
        max: 5.5191783905
        mean: -0.806997597218
        min: -1.78900790215
        var: 1.41240668297
    barkbands_skewness:
        dmean: 0.433674663305
        dmean2: 0.698556244373
        dvar: 0.171046718955
        dvar2: 0.428012818098
        max: 2.5663819313
        mean: 0.58235257864
        min: -1.01143670082
        var: 0.440085947514
    barkbands_spread:
        dmean: 4.80856180191
        dmean2: 7.68882656097
        dvar: 18.5648326874
        dvar2: 51.5302276611
        max: 55.7691879272
        mean: 36.9586868286
        min: 15.0368280411
        var: 48.71717453
    dissonance:
        dmean: 0.0126972198486
        dmean2: 0.0212070886046
        dvar: 0.000182451098226
        dvar2: 0.000318209145917
        max: 0.5
        mean: 0.473480373621
        min: 0.268485337496
        var: 0.000314790289849
    hfc:
        dmean: 1.5775167942
        dmean2: 2.57540297508
        dvar: 3.52668023109
        dvar2: 9.23798942566
        max: 19.6619319916
        mean: 6.24190330505
        min: 3.59617865797e-06
        var: 6.97925138474
    pitch:
        dmean: 806.745849609
        dmean2: 1575.78881836
        dvar: 1774483
        dvar2: 4688187
        max: 4410
        mean: 1018.45721436
        min: 73.9932861328
        var: 2111776.75
    pitch_instantaneous_confidence:
        dmean: 0.0690812021494
        dmean2: 0.112704843283
        dvar: 0.00335399480537
        dvar2: 0.00880029983819
        max: 0.67144215107
        mean: 0.322742283344
        min: 0.128026425838
        var: 0.00933744478971
    pitch_salience:
        dmean: 0.0772979855537
        dmean2: 0.123805895448
        dvar: 0.00583059247583
        dvar2: 0.0146386548877
        max: 0.965123176575
        mean: 0.597754299641
        min: 0.2412327528
        var: 0.0157833639532
    silence_rate_20dB:
        dmean: 0
        dmean2: 0
        dvar: 0
        dvar2: 0
        max: 1
        mean: 1
        min: 1
        var: 0
    silence_rate_30dB:
        dmean: 0
        dmean2: 0
        dvar: 0
        dvar2: 0
        max: 1
        mean: 1
        min: 1
        var: 0
    silence_rate_60dB:
        dmean: 0.101149424911
        dmean2: 0.202764973044
        dvar: 0.090918071568
        dvar2: 0.2031262815
        max: 1
        mean: 0.116972476244
        min: 0
        var: 0.103290311992
    spectral_centroid:
        dmean: 264.260986328
        dmean2: 426.834320068
        dvar: 54711.0976562
        dvar2: 134366.625
        max: 2788.55615234
        mean: 1274.23754883
        min: 433.39239502
        var: 190554.53125
    spectral_complexity:
        dmean: 3.64055299759
        dmean2: 6.07621240616
        dvar: 10.8661851883
        dvar2: 24.9479808807
        max: 30
        mean: 14.5632181168
        min: 0
        var: 28.0942802429
    spectral_crest:
        dmean: 2.33848714828
        dmean2: 3.81892609596
        dvar: 5.57953119278
        dvar2: 13.8292427063
        max: 18.2392616272
        mean: 8.05069351196
        min: 2.61546444893
        var: 13.9186449051
    spectral_decrease:
        dmean: 3.96140092951e-10
        dmean2: 6.38058161861e-10
        dvar: 2.17046350771e-19
        dvar2: 5.27588977877e-19
        max: -3.86745582247e-16
        mean: -1.23288368403e-09
        min: -3.69607700001e-09
        var: 3.04958123996e-19
    spectral_energy:
        dmean: 0.00159348908346
        dmean2: 0.0025669708848
        dvar: 3.44328850588e-06
        dvar2: 8.36854724184e-06
        max: 0.0145206674933
        mean: 0.00521934591234
        min: 1.78585257693e-09
        var: 4.88420755573e-06
    spectral_energyband_high:
        dmean: 8.13268488855e-05
        dmean2: 0.00012870640785
        dvar: 8.89757068023e-09
        dvar2: 2.34964776524e-08
        max: 0.0010428049136
        mean: 0.000245168921538
        min: 3.42060435532e-10
        var: 2.392240539e-08
    spectral_energyband_low:
        dmean: 0.000268318515737
        dmean2: 0.000452498818049
        dvar: 1.26873430872e-07
        dvar2: 3.5464688608e-07
        max: 0.00279388995841
        mean: 0.000528449425474
        min: 1.19176224445e-10
        var: 1.62369246937e-07
    spectral_energyband_middle_high:
        dmean: 0.000485944590764
        dmean2: 0.000811527075712
        dvar: 3.01185849594e-07
        dvar2: 7.50345407141e-07
        max: 0.00595741113648
        mean: 0.00174676685128
        min: 4.25424584449e-10
        var: 6.48672653369e-07
    spectral_energyband_middle_low:
        dmean: 0.00117776787374
        dmean2: 0.00185014423914
        dvar: 2.15725413e-06
        dvar2: 5.42627731193e-06
        max: 0.0119550507516
        mean: 0.00269896280952
        min: 8.79123274178e-10
        var: 3.00180249724e-06
    spectral_flatness_db:
        dmean: 0.0160879511386
        dmean2: 0.0249862167984
        dvar: 0.000185762401088
        dvar2: 0.000466775236418
        max: 0.226938307285
        mean: 0.149477690458
        min: 0.0302466843277
        var: 0.0005895011127
    spectral_flux:
        dmean: 0.00882651377469
        dmean2: 0.0137339923531
        dvar: 9.4011600595e-05
        dvar2: 0.000189904152649
        max: 0.0873835906386
        mean: 0.0385986864567
        min: 4.22593475378e-05
        var: 0.000168541708263
    spectral_kurtosis:
        dmean: 0.906591534615
        dmean2: 1.49808812141
        dvar: 0.780292510986
        dvar2: 1.88283419609
        max: 9.51495075226
        mean: 3.38630390167
        min: 0.623531579971
        var: 1.82924115658
    spectral_rms:
        dmean: 0.000333166535711
        dmean2: 0.000525140378159
        dvar: 1.25896846725e-07
        dvar2: 2.90181901619e-07
        max: 0.00376384169795
        mean: 0.00220771529712
        min: 1.31996034725e-06
        var: 2.18038110233e-07
    spectral_rolloff:
        dmean: 488.615112305
        dmean2: 816.471069336
        dvar: 289144
        dvar2: 767578.875
        max: 4414.30664062
        mean: 2840.00805664
        min: 366.064453125
        var: 610487.75
    spectral_skewness:
        dmean: 0.132512941957
        dmean2: 0.218415945768
        dvar: 0.016470760107
        dvar2: 0.0407054275274
        max: 2.58434915543
        mean: 1.39818525314
        min: 0.754411280155
        var: 0.0518758036196
    spectral_spread:
        dmean: 565622.9375
        dmean2: 733026.9375
        dvar: 2.22109158605e+12
        dvar2: 2.07731359744e+12
        max: 32332246
        mean: 5007051
        min: 2588553.5
        var: 3.47807573606e+12
    spectral_strongpeak:
        dmean: 0.220097333193
        dmean2: 0.39915266633
        dvar: 0.351304501295
        dvar2: 1.13115775585
        max: 5.16258430481
        mean: 0.332553237677
        min: 0
        var: 0.212519332767
    zerocrossingrate:
        dmean: 0.00937634985894
        dmean2: 0.0120243486017
        dvar: 6.53674651403e-05
        dvar2: 9.14577176445e-05
        max: 0.1318359375
        mean: 0.0796223953366
        min: 0.01611328125
        var: 0.000422949524364
    barkbands:
        dmean: [1.9695745479e-08, 4.59417315142e-05, 0.000253251608228, 0.000871757918503, 0.000294339726679, 0.000261311826762, 7.76287633926e-05, 5.73705183342e-05, 9.24585619941e-05, 7.39419992897e-05, 3.33818206855e-05, 3.51101662091e-05, 4.16351795138e-05, 1.54363078764e-05, 0.00010440404003, 9.27381115616e-05, 0.000178640664672, 9.64759019553e-05, 0.000138612333103, 0.00013775244588, 3.58770121238e-05, 1.37817160066e-05, 3.14199724016e-06, 1.4219251625e-06, 7.91370041497e-07, 3.49628663798e-08, 3.154561945e-09]
        dmean2: [2.90653812129e-08, 8.00674824859e-05, 0.000426101207267, 0.00134792749304, 0.000512049067765, 0.00045138981659, 0.000127137594973, 9.39506717259e-05, 0.000141380631248, 0.000115278948215, 5.17625558132e-05, 5.99843224336e-05, 7.03850746504e-05, 2.65347734967e-05, 0.0001742743043, 0.000154285575263, 0.000295546953566, 0.000161396848853, 0.000232538033742, 0.000232937614783, 5.94795092184e-05, 2.28646840696e-05, 4.73068166684e-06, 1.96107839656e-06, 1.09437326046e-06, 4.84241375887e-08, 4.84160977976e-09]
        dvar: [9.36129166602e-16, 5.33239452594e-09, 1.06151325951e-07, 1.36482060498e-06, 1.80069164912e-07, 1.9556229347e-07, 6.68786404034e-09, 3.96723409679e-09, 1.13475300267e-08, 1.08571827084e-08, 1.87006166108e-09, 2.41296826964e-09, 5.02636821054e-09, 5.3153664803e-10, 1.27417862927e-08, 9.97597382479e-09, 3.52722473451e-08, 9.24539111935e-09, 2.27294290056e-08, 4.34891589407e-08, 1.75446657202e-09, 3.15423798192e-10, 1.35899954484e-11, 2.36898803525e-12, 9.56241704743e-13, 3.84037834967e-15, 1.76834877816e-15]
        dvar2: [2.01102519985e-15, 1.50743542093e-08, 2.95543202355e-07, 3.39222469847e-06, 4.88352100092e-07, 5.4752882761e-07, 1.74198468983e-08, 9.44224787247e-09, 2.65622777107e-08, 2.33559767082e-08, 4.16891765553e-09, 6.85725431993e-09, 1.23602843516e-08, 1.44719247697e-09, 3.27503073549e-08, 2.53732981292e-08, 1.02282200487e-07, 2.47273881371e-08, 6.39491872789e-08, 1.27334899958e-07, 4.24406110255e-09, 8.54987636245e-10, 3.14664475032e-11, 4.00559143146e-12, 1.48483742662e-12, 8.06905523708e-15, 4.44414766963e-15]
        max: [2.02938863936e-07, 0.000518977933098, 0.00247330288403, 0.00826105941087, 0.00343699473888, 0.00342300464399, 0.00071956589818, 0.00052311620675, 0.00116655626334, 0.00159157346934, 0.000474874221254, 0.000437845883425, 0.000864844769239, 0.000190397477127, 0.000758078182116, 0.000765297561884, 0.00169761746656, 0.000798984139692, 0.00125389895402, 0.00291016022675, 0.000560436979868, 0.000187554003787, 5.01694594277e-05, 1.27987941596e-05, 8.56735823618e-06, 7.57290820275e-07, 6.26475070931e-07]
        mean: [2.13157420603e-08, 8.21215653559e-05, 0.000446307531092, 0.0014529885957, 0.00041923331446, 0.000394524366129, 0.000146809237776, 0.000108421321784, 0.000167227335623, 0.000150371430209, 5.51459161215e-05, 5.5619457271e-05, 6.19462880422e-05, 2.24410014198e-05, 0.000175384047907, 0.0001749573712, 0.000378663389711, 0.000193434854737, 0.000314267206704, 0.000285197340418, 9.21306709643e-05, 2.85154837911e-05, 7.94266452431e-06, 3.6560791159e-06, 1.9459705527e-06, 7.49163646674e-08, 1.75293146665e-09]
        min: [2.99007207882e-11, 5.65503061045e-11, 4.73878852825e-11, 5.17217345342e-11, 1.40002939797e-10, 1.61754998285e-10, 1.72596978376e-10, 1.66366947996e-10, 1.70610664485e-10, 8.61488103077e-11, 6.07000491537e-11, 2.98428677603e-11, 3.1112896981e-11, 4.17657228247e-11, 9.04692813719e-12, 6.23117616533e-12, 1.48213871731e-11, 3.56524983147e-11, 5.60524300586e-11, 1.39253733544e-10, 6.97743529621e-11, 1.25947294261e-10, 2.14071000509e-11, 1.30550709132e-11, 1.53228714439e-11, 1.42322161001e-11, 2.21982520798e-13]
        var: [1.25933459878e-15, 4.57648274832e-09, 1.49989517695e-07, 2.27414625442e-06, 1.59940157118e-07, 2.15766263523e-07, 1.52709045409e-08, 6.96292223878e-09, 2.68907189849e-08, 3.72742761101e-08, 3.46614537072e-09, 2.34867347793e-09, 8.53799519973e-09, 4.94400964612e-10, 2.12299706703e-08, 1.60652824377e-08, 7.25236688481e-08, 1.31963178163e-08, 3.63843888351e-08, 6.905892036e-08, 4.61295224241e-09, 6.69380828544e-10, 4.65260989457e-11, 7.51233190238e-12, 2.74628258502e-12, 6.06797378051e-15, 8.99594729763e-16]
    mfcc:
        mean: [-693.222412109, 110.802505493, -38.1819496155, 59.4552726746, -4.90231752396, -9.42382335663, -1.5749052763, -0.0702589452267, 2.35201144218, -4.76947641373, -13.1127719879, -8.15459823608, -3.69527816772]
        cov: [[2180.2734375, -108.858604431, -17.9420413971, -32.9268798828, 30.9032096863, -3.18800759315, -76.5669937134, -4.12593173981, -56.2085151672, -29.9655914307, -39.23046875, -11.7894115448, -16.0766792297], [-108.858604431, 372.821289062, -157.896347046, 62.2824516296, 14.4788036346, -22.5683250427, 9.3122625351, -0.684612631798, 16.1445922852, -7.78000688553, -12.1910867691, 7.25692367554, 3.01321768761], [-17.9420413971, -157.896347046, 204.809616089, -33.5353660583, -4.38598585129, 19.6041908264, 4.39038133621, -4.76722049713, -28.6337814331, -11.2001247406, 8.21044158936, -5.00583696365, -10.3797369003], [-32.9268798828, 62.2824516296, -33.5353660583, 105.434944153, 6.97358083725, 7.85288906097, 12.1871566772, -8.0654964447, 3.57297563553, 10.4954824448, -5.08231925964, -4.0192489624, 8.02673530579], [30.9032096863, 14.4788036346, -4.38598585129, 6.97358083725, 69.7498092651, 11.4377450943, 1.40190088749, -2.80936956406, 11.9129047394, 0.741271615028, -0.73634570837, -4.81093454361, -11.3278226852], [-3.18800759315, -22.5683250427, 19.6041908264, 7.85288906097, 11.4377450943, 41.1195907593, 12.2269020081, -1.43017911911, -10.2804403305, -6.9468126297, -1.6585201025, -5.13794517517, -4.24623727798], [-76.5669937134, 9.3122625351, 4.39038133621, 12.1871566772, 1.40190088749, 12.2269020081, 50.507396698, 28.1748542786, 11.8509902954, -1.00376534462, -9.06915664673, -5.36094903946, -1.21065413952], [-4.12593173981, -0.684612631798, -4.76722049713, -8.0654964447, -2.80936956406, -1.43017911911, 28.1748542786, 65.048286438, 29.837228775, 1.69165372849, -11.6894130707, -5.53977251053, -6.66594791412], [-56.2085151672, 16.1445922852, -28.6337814331, 3.57297563553, 11.9129047394, -10.2804403305, 11.8509902954, 29.837228775, 61.7032814026, 25.6171550751, -3.03679418564, -6.70647144318, -4.21108818054], [-29.9655914307, -7.78000688553, -11.2001247406, 10.4954824448, 0.741271615028, -6.9468126297, -1.00376534462, 1.69165372849, 25.6171550751, 43.358341217, 12.8628206253, -1.22318291664, 0.19573071599], [-39.23046875, -12.1910867691, 8.21044158936, -5.08231925964, -0.73634570837, -1.6585201025, -9.06915664673, -11.6894130707, -3.03679418564, 12.8628206253, 37.0767974854, 18.6027832031, 2.95749878883], [-11.7894115448, 7.25692367554, -5.00583696365, -4.0192489624, -4.81093454361, -5.13794517517, -5.36094903946, -5.53977251053, -6.70647144318, -1.22318291664, 18.6027832031, 47.9762039185, 22.4262428284], [-16.0766792297, 3.01321768761, -10.3797369003, 8.02673530579, -11.3278226852, -4.24623727798, -1.21065413952, -6.66594791412, -4.21108818054, 0.19573071599, 2.95749878883, 22.4262428284, 37.6804847717]]
        icov: [[0.000554203172214, 0.000268354517175, 0.00028137199115, -3.85808270948e-05, -0.00046269397717, 7.73985666456e-05, 0.00107022933662, -0.000680143246427, 0.000928714522161, -0.000236256848439, 0.000894067343324, -0.00021329401352, 0.000246199546382], [0.000268354517175, 0.00484743155539, 0.00340031622909, -0.00207499181852, -0.000904849322978, 0.00262488867156, -0.00125765264966, 0.000657874217723, 0.000181088966201, 0.00250045931898, 0.000540675013326, -0.00142433180008, 0.00201783259399], [0.00028137199115, 0.00340031622909, 0.00835667643696, 0.000564271002077, -0.000480237649754, -0.000319916231092, -0.00187171378639, 3.64477164112e-05, 0.00319309090264, 0.00120785378385, -0.00121979403775, 0.000122902973089, 0.00216897996143], [-3.85808270948e-05, -0.00207499181852, 0.000564271002077, 0.012698603794, -0.000700454518665, -0.00317275035195, -0.00341486022808, 0.00267655379139, 0.00123776309192, -0.00525129865855, 0.00197527534328, 0.00198158947751, -0.00377330137417], [-0.00046269397717, -0.000904849322978, -0.000480237649754, -0.000700454518665, 0.0181257706136, -0.00627660518512, 1.30553216877e-05, 0.0044780485332, -0.00814212113619, 0.00292590260506, -0.000418366253143, -0.0019983605016, 0.0057233478874], [7.73985666456e-05, 0.00262488867156, -0.000319916231092, -0.00317275035195, -0.00627660518512, 0.0337826795876, -0.00982785597444, 0.00135422369931, 0.00639853673056, 0.00328983459622, -0.00190383114386, 0.00226648314856, 0.00175321381539], [0.00107022933662, -0.00125765264966, -0.00187171378639, -0.00341486022808, 1.30553216877e-05, -0.00982785597444, 0.0340711884201, -0.0149620762095, -5.43980640941e-05, -0.000416954309912, 0.00382958748378, 0.000722240365576, -0.00262110540643], [-0.000680143246427, 0.000657874217723, 3.64477164112e-05, 0.00267655379139, 0.0044780485332, 0.00135422369931, -0.0149620762095, 0.030327796936, -0.0153721617535, 0.00526103144512, 0.00438678776845, -0.00403882842511, 0.0057945814915], [0.000928714522161, 0.000181088966201, 0.00319309090264, 0.00123776309192, -0.00814212113619, 0.00639853673056, -5.43980640941e-05, -0.0153721617535, 0.0374847911298, -0.0206828359514, 0.00521858269349, 0.00167671998497, -0.000561083841603], [-0.000236256848439, 0.00250045931898, 0.00120785378385, -0.00525129865855, 0.00292590260506, 0.00328983459622, -0.000416954309912, 0.00526103144512, -0.0206828359514, 0.0430944189429, -0.0184898860753, 0.00663494737819, -0.00171471899375], [0.000894067343324, 0.000540675013326, -0.00121979403775, 0.00197527534328, -0.000418366253143, -0.00190383114386, 0.00382958748378, 0.00438678776845, 0.00521858269349, -0.0184898860753, 0.0481019504368, -0.0223706588149, 0.0103583252057], [-0.00021329401352, -0.00142433180008, 0.000122902973089, 0.00198158947751, -0.0019983605016, 0.00226648314856, 0.000722240365576, -0.00403882842511, 0.00167671998497, 0.00663494737819, -0.0223706588149, 0.0411242172122, -0.0239690896124], [0.000246199546382, 0.00201783259399, 0.00216897996143, -0.00377330137417, 0.0057233478874, 0.00175321381539, -0.00262110540643, 0.0057945814915, -0.000561083841603, -0.00171471899375, 0.0103583252057, -0.0239690896124, 0.0441417917609]]
    spectral_contrast:
        mean: [-1.92815878819e-08, 1.67980616084e-07, -2.06879931852e-07, -5.04241590704e-08, -3.76194378759e-07, -9.29695431751e-08, -8.06032915079e-07, -5.80323160193e-07, -2.26480528909e-06, -1.04068340079e-06, -5.32468163783e-07, 3.97364283344e-06]
        var: [0.000244647701038, 0.000493455270771, 0.00106166140176, 0.00193780916743, 0.00273328321055, 0.00345592806116, 0.03384571895, 0.0590268857777, 0.0854294225574, 0.215959057212, 0.349310785532, 0.97056555748]

rhythm:
    beats_loudness:
        dmean: 0.00267714564689
        dmean2: 0.00489920377731
        dvar: 5.04447552885e-06
        dvar2: 1.22455912788e-05
        max: 0.0102838054299
        mean: 0.00667588040233
        min: 0.00287943077274
        var: 7.14833095117e-06
    beats_loudness_bass:
        dmean: 0.189680397511
        dmean2: 0.306257635355
        dvar: 0.0166150983423
        dvar2: 0.0589782968163
        max: 0.716037750244
        mean: 0.425802826881
        min: 0.208857610822
        var: 0.019706569612
    bpm: 77.8563079834
    bpm_confidence: 0
    first_peak_bpm: 152
    first_peak_spread: 0
    first_peak_weight: 0.529411792755
    onset_rate: 3.8677945137
    second_peak_bpm: 78
    second_peak_spread: 0
    second_peak_weight: 0.411764711142
    beats_position: [0.256092250347, 1.02674305439, 1.79739367962, 2.56804442406, 3.3386952877, 4.10934638977, 4.87999725342, 5.65064811707, 6.02776432037, 6.4233341217, 6.81890296936, 7.21447181702, 7.61004114151, 8.00560951233, 8.40117931366, 8.79674816132, 9.19231700897, 9.58788585663]
    bpm_estimates: [77.9530029297, 77.8498306274, 77.791809082, 77.8172683716, 77.8696517944]
    bpm_intervals: [0.770650804043, 0.770650625229, 0.770650744438, 0.770650863647, 0.770651102066, 0.770650863647, 0.770650863647, 0.377116203308, 0.395569801331, 0.395568847656, 0.395568847656, 0.395569324493, 0.395568370819, 0.395569801331, 0.395568847656, 0.395568847656, 0.395568847656]
    onset_times: [0.0464399084449, 0.255419492722, 0.824308395386, 1.02167797089, 1.23065757751, 1.33514738083, 1.47446715832, 1.79954648018, 2.02013611794, 2.21750569344, 2.57741498947, 2.77478456497, 2.87927436829, 3.00698423386, 3.35528349876, 3.54104304314, 4.1099319458, 4.42340135574, 4.56272125244, 4.87619066238, 5.13160991669, 5.44507932663, 5.630838871, 5.83981847763, 6.01396846771, 6.42031764984, 7.02403640747, 7.22140598297, 7.44199562073, 7.60453510284, 7.83673477173, 8.01088428497, 8.23147392273, 8.498503685, 8.60299301147, 8.71909332275, 9.04417228699, 9.16027164459, 9.5666217804]
    rubato_start: [6.02776432037]
    rubato_stop: [6.4233341217]
    perceptual_tempo: "unknown"

sfx:
    inharmonicity:
        dmean: 0.0333714783192
        dmean2: 0.0594686605036
        dvar: 0.00115869950969
        dvar2: 0.0032112300396
        max: 0.247043296695
        mean: 0.0389157272875
        min: 0
        var: 0.0013842987828
    oddtoevenharmonicenergyratio:
        dmean: 3.24955844879
        dmean2: 6.09712219238
        dvar: 39.2586097717
        dvar2: 119.118179321
        max: 37.1546287537
        mean: 2.46394824982
        min: 0
        var: 32.8243751526
    pitch_after_max_to_before_max_energy_ratio: 70.4351119995
    pitch_centroid: 237.604553223
    pitch_max_to_total: 0
    pitch_min_to_total: 0.797701120377
    tristimulus:
        dmean: [0.214046478271, 0.243693813682, 0.120398975909]
        dmean2: [0.380490899086, 0.429639458656, 0.210648775101]
        dvar: [0.033455401659, 0.0416192039847, 0.0136985657737]
        dvar2: [0.0893576517701, 0.119080767035, 0.0403593964875]
        max: [1, 0.961325883865, 0.686062157154]
        mean: [0.381480395794, 0.430170744658, 0.151084959507]
        min: [0.00756088178605, 0, 0]
        var: [0.0525756590068, 0.0525338537991, 0.0156076969579]

tonal:
    chords_changes_rate: 0.0596330277622
    chords_number_rate: 0.0275229364634
    chords_strength:
        dmean: 0.0105161527172
        dmean2: 0.00896457303315
        dvar: 6.47182023386e-05
        dvar2: 6.6868342401e-05
        max: 0.617484807968
        mean: 0.495101183653
        min: 0.301762491465
        var: 0.00639972882345
    key_strength: 0.398114740849
    tuning_diatonic_strength: 0.33896484971
    tuning_equal_tempered_deviation: 0.0942964479327
    tuning_frequency: 446.399932861
    tuning_nontempered_energy_ratio: 0.761709868908
    hpcp:
        dmean: [0.142282471061, 0.11139293015, 0.116399735212, 0.096407212317, 0.0617815069854, 0.0853312090039, 0.116838082671, 0.124836713076, 0.114886604249, 0.086043804884, 0.0855812057853, 0.101002305746, 0.107862874866, 0.110426686704, 0.156678512692, 0.194776445627, 0.257681012154, 0.233476102352, 0.185192912817, 0.223767623305, 0.195765286684, 0.159701198339, 0.167726427317, 0.132663816214, 0.0728796496987, 0.0655288398266, 0.0738487094641, 0.0777034685016, 0.061215300113, 0.0629097744823, 0.0677133873105, 0.0685715079308, 0.101598232985, 0.118751652539, 0.112379856408, 0.124225139618]
        dmean2: [0.245442047715, 0.195906713605, 0.205183282495, 0.163178130984, 0.106527261436, 0.13490575552, 0.190705806017, 0.223393917084, 0.209221437573, 0.153752699494, 0.151982799172, 0.181864961982, 0.195447981358, 0.204730883241, 0.285315275192, 0.361140608788, 0.47410389781, 0.398123145103, 0.326394855976, 0.405709654093, 0.363266587257, 0.279731601477, 0.303478091955, 0.246298491955, 0.134597808123, 0.121496848762, 0.128398492932, 0.132974714041, 0.10551161319, 0.113274142146, 0.122676223516, 0.115665666759, 0.168659746647, 0.199723020196, 0.201159864664, 0.209760800004]
        dvar: [0.0400482341647, 0.0195770952851, 0.0248055327684, 0.0175850149244, 0.00763161061332, 0.0132418368012, 0.0265243928879, 0.0311968754977, 0.0307941455394, 0.024534245953, 0.0215566009283, 0.0236966572702, 0.0287878848612, 0.0361583009362, 0.0375432930887, 0.0654153674841, 0.0769371017814, 0.0571182146668, 0.0473599098623, 0.0654125511646, 0.0632274448872, 0.0470071434975, 0.0549361817539, 0.0518186241388, 0.0137289240956, 0.0136580625549, 0.0128129115328, 0.0150527181104, 0.0113331153989, 0.0120621072128, 0.013330353424, 0.00874157436192, 0.0195008888841, 0.0289471317083, 0.019356392324, 0.0283181704581]
        dvar2: [0.0888336747885, 0.0532730259001, 0.0674816146493, 0.0474326349795, 0.0202737785876, 0.033169798553, 0.0618624761701, 0.0904955565929, 0.0849080458283, 0.0695093274117, 0.0608316399157, 0.0670560747385, 0.0804696679115, 0.102179676294, 0.102919533849, 0.178787097335, 0.210342496634, 0.172847092152, 0.11667060107, 0.204516395926, 0.189769744873, 0.114102773368, 0.147490277886, 0.148801922798, 0.0392662994564, 0.0420738644898, 0.0362477228045, 0.040388006717, 0.0324678234756, 0.0338623672724, 0.03785417974, 0.0248239301145, 0.0505695566535, 0.06997795403, 0.0520382896066, 0.0630142688751]
        max: [1, 0.756462395191, 0.985377371311, 0.939448714256, 0.735943496227, 1, 1, 1, 1, 1, 1, 0.980734825134, 1, 1, 1, 1, 1, 1, 1, 1, 1, 1, 1, 1, 0.63641834259, 0.913734376431, 0.916632771492, 1, 0.828829705715, 0.727568030357, 0.711369156837, 0.695549726486, 1, 1, 0.910620927811, 1]
        mean: [0.221232697368, 0.153879076242, 0.153325602412, 0.137088522315, 0.0886934772134, 0.128967911005, 0.187376230955, 0.152881041169, 0.114431925118, 0.0982114896178, 0.100151032209, 0.118174500763, 0.106454342604, 0.0992472842336, 0.204234957695, 0.360431671143, 0.342652291059, 0.329439580441, 0.383761167526, 0.275849997997, 0.243435293436, 0.300521701574, 0.209388017654, 0.0980202555656, 0.0634820461273, 0.0682020708919, 0.0878792107105, 0.0885527059436, 0.0718945637345, 0.0673085823655, 0.0689795389771, 0.0845827311277, 0.150633469224, 0.174281135201, 0.155148759484, 0.217514231801]
        min: [0.0094722378999, 0.00602171104401, 0.0165246464312, 0.00905425846577, 0.00619154563174, 0.00500807724893, 0.00429625157267, 0.00584156438708, 0.00548466481268, 0.00549527816474, 0.00516247702762, 0.00633063958958, 0, 0, 0.00797932315618, 0.0140925673768, 0.0128032919019, 0.0113800372928, 0.00718866055831, 0.00518217822537, 0.00583165604621, 0.00395686738193, 0.00273003662005, 0, 0, 0.00371072790585, 0.00860393606126, 0.00402205390856, 0.00396872870624, 0.00291077024303, 0.00310265575536, 0.0040023708716, 0.00729016168043, 0.00529616000131, 0.00861206371337, 0.0103404270485]
        var: [0.0718212798238, 0.0216414406896, 0.0263073220849, 0.022335793823, 0.0100708361715, 0.0282541457564, 0.0675976797938, 0.0350348204374, 0.023231100291, 0.0174166858196, 0.0155864115804, 0.0184698998928, 0.0214839875698, 0.0241667255759, 0.0486467182636, 0.146801605821, 0.111506514251, 0.0841850787401, 0.139002859592, 0.0838822349906, 0.0746074095368, 0.126976296306, 0.0745287016034, 0.03523138538, 0.00949172116816, 0.0088720805943, 0.012522961013, 0.0140231214464, 0.00825212709606, 0.00834700837731, 0.00948897562921, 0.0103439148515, 0.0345044545829, 0.0551646724343, 0.0268637407571, 0.0751169472933]
    chords_histogram: [25.6880741119, 0, 0, 0, 0, 0, 0, 22.0183486938, 0, 0, 0, 0, 0.458715587854, 0, 0, 0, 0, 2.75229358673, 0, 27.9816513062, 0, 9.17431163788, 0, 11.9266052246]
    thpcp: [1, 0.718806445599, 0.634340584278, 0.783095657825, 0.545620620251, 0.255419939756, 0.16542071104, 0.177720099688, 0.22899453342, 0.230749517679, 0.187341943383, 0.175391852856, 0.17974601686, 0.220404610038, 0.392518788576, 0.454139590263, 0.40428468585, 0.566795825958, 0.576485395432, 0.400976151228, 0.399533927441, 0.357223540545, 0.231116339564, 0.336062937975, 0.488262623549, 0.398375481367, 0.298185259104, 0.255918264389, 0.260972291231, 0.30793762207, 0.27739739418, 0.258617311716, 0.532192885876, 0.939208269119, 0.892879009247, 0.858449518681]
    chords_key: "D"
    chords_scale: "major"
    key_key: "G#"
    key_scale: "minor"
    chords_progression: ["G#m", "G#m", "G#m", "G#m", "G#m", "G#m", "G#m", "G#m", "G#m", "G#m", "G#m", "G#m", "G#m", "G#m", "G#m", "G#m", "G#m", "G#m", "G#m", "G#m", "G#m", "G#m", "G#m", "G#m", "G#m", "G#m", "G#m", "G#m", "G#m", "G#m", "G#m", "G#m", "G#", "G#", "G#", "G#", "G#", "G#", "G#", "G#", "G#", "G#", "G#", "G#", "G#", "G#", "G#", "G#", "G#", "G#", "G#", "G#", "G#", "G#", "G#", "G#", "G#", "G#", "G#", "G#", "G#m", "G#m", "G#m", "G#", "G#m", "G#", "A", "A", "A", "A", "A", "A", "A", "A", "A", "A", "A", "A", "A", "A", "A", "A", "A", "A", "A", "A", "E", "E", "E", "E", "G#m", "G#m", "G#m", "G#m", "G#m", "G#m", "G#m", "G#m", "G#m", "G#m", "G#m", "G#m", "G#m", "G#m", "G#m", "G#m", "G#m", "G#m", "G#m", "G#m", "G#", "G#", "G#", "G#", "G#", "G#", "G#", "G#", "G#", "G#", "G#", "G#", "G#", "G#", "G#", "G#", "G#", "G#", "Dm", "D", "D", "D", "D", "D", "D", "D", "D", "D", "D", "D", "D", "D", "D", "D", "D", "D", "D", "D", "D", "D", "D", "D", "D", "D", "D", "D", "D", "D", "D", "D", "D", "D", "D", "D", "D", "D", "D", "D", "D", "D", "D", "D", "D", "D", "D", "D", "D", "D", "D", "D", "D", "D", "D", "D", "D", "D", "D", "D", "D", "D", "G", "G", "G", "G", "G", "G", "E", "E", "E", "E", "E", "E", "E", "E", "E", "E", "E", "E", "E", "E", "E", "E", "E", "E", "E", "E", "E", "E"]
