
metadata:
    version:
        essentia: "1.2.2"
    audio_properties:
        analysis_sample_rate: 44100
        bitrate: 128
        channels: 2
        equal_loudness: 1
        length: 8.48979568481
        replay_gain: 5.58603858948
        downmix: "mix"
    tags:
        track: 18
        year: 0
        album: "Splitted by Mp3Splt v. 2.1"
        artist: "From 002.50 To 003.00"
        comment: "http://mp3splt.sf.net"
        genre: ""
        title: "01 Side Streets.mp3"

highlevel:
    ballroom:
        all:
            ChaChaCha: 0.000545557239093
            Jive: 0.000499051180668
            Quickstep: 0.0014324861113
            Rumba-American: 0.00188240641728
            Rumba-International: 0.0107427602634
            Rumba-Misc: 0.0376431420445
            Samba: 0.000549875781871
            Tango: 0.0185221303254
            VienneseWaltz: 0.0286451149732
            Waltz: 0.899537503719
        probability: 0.899537503719
        value: "Waltz"
    culture:
        all:
            non_western: 0.805610537529
            western: 0.194389462471
        probability: 0.805610537529
        value: "non_western"
    gender:
        all:
            female: 0.73732817173
            male: 0.262671798468
        probability: 0.73732817173
        value: "female"
    genre_dortmund:
        all:
            alternative: 0.0698590353131
            blues: 0.000509987701662
            electronic: 0.864900290966
            folkcountry: 0.0124146575108
            funksoulrnb: 0.000390308210626
            jazz: 0.0263591799885
            pop: 0.0114410752431
            raphiphop: 0.00049603235675
            rock: 0.013629404828
        probability: 0.864900290966
        value: "electronic"
    genre_electronica:
        all:
            ambient: 0.998739421368
            dnb: 7.02787365299e-05
            house: 0.000238378415816
            techno: 0.00064205203671
            trance: 0.000309840543196
        probability: 0.998739421368
        value: "ambient"
    genre_rosamerica:
        all:
            cla: 0.420607566833
            dan: 0.00614301254973
            hip: 0.0079721705988
            jaz: 0.499667525291
            pop: 0.00573299592361
            rhy: 0.0169202014804
            roc: 0.0356808640063
            spe: 0.00727563584223
        probability: 0.499667525291
        value: "jaz"
    genre_tzanetakis:
        all:
            blu: 0.0762860625982
            cla: 0.623349308968
            cou: 0.0288188140839
            dis: 0.0243292059749
            hip: 0.0239430069923
            jaz: 0.0782143697143
            met: 0.0216023679823
            pop: 0.0278927758336
            reg: 0.0643322244287
            roc: 0.0312318317592
        probability: 0.623349308968
        value: "cla"
    live_studio:
        all:
            live: 0.342430979013
            studio: 0.657569050789
        probability: 0.657569050789
        value: "studio"
    mood:
        all:
            Cluster1: 0.106220677495
            Cluster2: 0.0243302509189
            Cluster3: 0.846262156963
            Cluster4: 0.0143356639892
            Cluster5: 0.00885125435889
        probability: 0.846262156963
        value: "Cluster3"
    mood_acoustic:
        all:
            acoustic: 0.252789020538
            not_acoustic: 0.747210979462
        probability: 0.747210979462
        value: "not_acoustic"
    mood_aggressive:
        all:
            aggressive: 5.40245173397e-06
            not_aggressive: 0.999994575977
        probability: 0.999994575977
        value: "not_aggressive"
    mood_electronic:
        all:
            electronic: 0.598342299461
            not_electronic: 0.401657730341
        probability: 0.598342299461
        value: "electronic"
    mood_happy:
        all:
            happy: 0.0376059412956
            not_happy: 0.962394058704
        probability: 0.962394058704
        value: "not_happy"
    mood_party:
        all:
            not_party: 0.990976452827
            party: 0.00902356859297
        probability: 0.990976452827
        value: "not_party"
    mood_relaxed:
        all:
            not_relaxed: 0.0311712250113
            relaxed: 0.96882879734
        probability: 0.96882879734
        value: "relaxed"
    mood_sad:
        all:
            not_sad: 0.0452609434724
            sad: 0.954739034176
        probability: 0.954739034176
        value: "sad"
    rhythm:
        all:
            fast: 0.024128517136
            medium: 0.150655120611
            slow: 0.82521635294
        probability: 0.82521635294
        value: "slow"
    speech_music:
        all:
            music: 0.838401019573
            speech: 0.161598980427
        probability: 0.838401019573
        value: "music"
    timbre:
        all:
            bright: 0.258878171444
            dark: 0.741121828556
        probability: 0.741121828556
        value: "dark"
    voice_instrumental:
        all:
            instrumental: 0.999995470047
            voice: 4.5249280447e-06
        probability: 0.999995470047
        value: "instrumental"

lowlevel:
    average_loudness: 0.010251969099
    barkbands_kurtosis:
        dmean: 17.5766029358
        dmean2: 22.4547958374
        dvar: 420.104766846
        dvar2: 922.416564941
        max: 211.545501709
        mean: 39.4399452209
        min: 3.39376449585
        var: 1218.68908691
    barkbands_skewness:
        dmean: 1.00861561298
        dmean2: 1.60398340225
        dvar: 1.27490472794
        dvar2: 3.28245162964
        max: 10.2601737976
        mean: 0.661056399345
        min: -1.99468111992
        var: 4.83583068848
    barkbands_spread:
        dmean: 0.457507163286
        dmean2: 0.552425205708
        dvar: 0.303018957376
        dvar2: 0.57959485054
        max: 6.91545009613
        mean: 1.24472844601
        min: 0.26790162921
        var: 0.828324317932
    dissonance:
        dmean: 0.0382069610059
        dmean2: 0.0601911693811
        dvar: 0.0013521569781
        dvar2: 0.00298561039381
        max: 0.492112159729
        mean: 0.402038782835
        min: 0.231642186642
        var: 0.00266997423023
    hfc:
        dmean: 0.2926646173
        dmean2: 0.315613865852
        dvar: 0.152733191848
        dvar2: 0.223184555769
        max: 6.515188694
        mean: 1.14533889294
        min: 0.00177315797191
        var: 1.94192945957
    pitch:
        dmean: 61.6048240662
        dmean2: 99.7159576416
        dvar: 10990.7158203
        dvar2: 24022.0039062
        max: 588
        mean: 467.810211182
        min: 145.065795898
        var: 12760.9814453
    pitch_instantaneous_confidence:
        dmean: 0.0651426017284
        dmean2: 0.0961075872183
        dvar: 0.00289037264884
        dvar2: 0.0077508604154
        max: 0.892927885056
        mean: 0.731782495975
        min: 0.460465610027
        var: 0.00726835057139
    pitch_salience:
        dmean: 0.0642168819904
        dmean2: 0.0976833403111
        dvar: 0.00295482273214
        dvar2: 0.0075309779495
        max: 0.634940683842
        mean: 0.488464564085
        min: 0.267509579659
        var: 0.00657456088811
    silence_rate_20dB:
        dmean: 0
        dmean2: 0
        dvar: 0
        dvar2: 0
        max: 1
        mean: 1
        min: 1
        var: 0
    silence_rate_30dB:
        dmean: 0
        dmean2: 0
        dvar: 0
        dvar2: 0
        max: 1
        mean: 1
        min: 1
        var: 0
    silence_rate_60dB:
        dmean: 0.046875
        dmean2: 0.0941176488996
        dvar: 0.044677734375
        dvar2: 0.108788587153
        max: 1
        mean: 0.844357967377
        min: 0
        var: 0.131417691708
    spectral_centroid:
        dmean: 20.5834789276
        dmean2: 26.5438175201
        dvar: 339.51763916
        dvar2: 701.091186523
        max: 563.959655762
        mean: 476.613647461
        min: 424.195617676
        var: 996.456848145
    spectral_complexity:
        dmean: 0.427586197853
        dmean2: 0.736111104488
        dvar: 0.382687538862
        dvar2: 0.638696432114
        max: 8
        mean: 3
        min: 0
        var: 3.36986303329
    spectral_crest:
        dmean: 2.9818444252
        dmean2: 4.36240053177
        dvar: 5.15102767944
        dvar2: 13.7985162735
        max: 24.5353069305
        mean: 17.638168335
        min: 10.9264554977
        var: 11.7891788483
    spectral_decrease:
        dmean: 1.6036341699e-10
        dmean2: 1.65474717262e-10
        dvar: 4.28294443329e-20
        dvar2: 5.94556938658e-20
        max: -8.08310666664e-13
        mean: -6.32053520633e-10
        min: -3.54725337992e-09
        var: 6.02337877714e-19
    spectral_energy:
        dmean: 0.000631640083157
        dmean2: 0.000652156071737
        dvar: 6.66151379392e-07
        dvar2: 9.2789144901e-07
        max: 0.0139790717512
        mean: 0.00248939800076
        min: 3.21158108818e-06
        var: 9.33586852625e-06
    spectral_energyband_high:
        dmean: 3.25185141037e-08
        dmean2: 5.5983345959e-08
        dvar: 9.14851063693e-16
        dvar2: 2.33055779129e-15
        max: 4.07182653817e-07
        mean: 1.80722167897e-07
        min: 2.52057699157e-08
        var: 7.71676322289e-15
    spectral_energyband_low:
        dmean: 7.07543267708e-06
        dmean2: 9.17532088351e-06
        dvar: 9.80653752647e-11
        dvar2: 1.55466584051e-10
        max: 0.000114960457722
        mean: 2.07959092222e-05
        min: 1.40599354381e-08
        var: 6.41611319629e-10
    spectral_energyband_middle_high:
        dmean: 1.12535042263e-06
        dmean2: 1.78021014108e-06
        dvar: 8.20598537038e-12
        dvar2: 2.03738293597e-11
        max: 6.99468509993e-05
        mean: 6.39487643639e-06
        min: 5.4711723152e-08
        var: 1.83380519103e-10
    spectral_energyband_middle_low:
        dmean: 0.000631258066278
        dmean2: 0.000652733957395
        dvar: 6.66982600706e-07
        dvar2: 9.30134888222e-07
        max: 0.0138678569347
        mean: 0.00246203155257
        min: 2.90960679195e-06
        var: 9.14960673981e-06
    spectral_flatness_db:
        dmean: 0.0249106138945
        dmean2: 0.0302029680461
        dvar: 0.0003423068556
        dvar2: 0.000549821997993
        max: 0.473242580891
        mean: 0.394660025835
        min: 0.201984062791
        var: 0.00302663887851
    spectral_flux:
        dmean: 0.00498128868639
        dmean2: 0.00794721767306
        dvar: 4.22987359343e-05
        dvar2: 7.25351783331e-05
        max: 0.101742334664
        mean: 0.0141943953931
        min: 0.000646672560833
        var: 0.000143197947182
    spectral_kurtosis:
        dmean: 10.2380132675
        dmean2: 17.1065216064
        dvar: 72.265083313
        dvar2: 198.453186035
        max: 119.497360229
        mean: 43.8307418823
        min: 3.59788274765
        var: 763.09552002
    spectral_rms:
        dmean: 0.000187711571925
        dmean2: 0.000191443599761
        dvar: 2.87901986695e-08
        dvar2: 3.80994045202e-08
        max: 0.00369298225269
        mean: 0.00126817426644
        min: 5.59754407732e-05
        var: 8.20413106339e-07
    spectral_rolloff:
        dmean: 26.285358429
        dmean2: 40.673828125
        dvar: 949.544494629
        dvar2: 1514.11181641
        max: 602.9296875
        mean: 553.963745117
        min: 452.197265625
        var: 1642.06103516
    spectral_skewness:
        dmean: 0.616562783718
        dmean2: 1.01604676247
        dvar: 0.228690043092
        dvar2: 0.620577156544
        max: 8.99652099609
        mean: 5.3160533905
        min: 1.85124957561
        var: 3.01211810112
    spectral_spread:
        dmean: 395626.75
        dmean2: 670711.9375
        dvar: 113746501632
        dvar2: 256901939200
        max: 7059918
        mean: 2438377.75
        min: 973325.3125
        var: 1.59759610675e+12
    spectral_strongpeak:
        dmean: 0.14255695045
        dmean2: 0.191013783216
        dvar: 0.0253008920699
        dvar2: 0.0471443086863
        max: 1.65887534618
        mean: 0.519403219223
        min: 0.0180393327028
        var: 0.14646333456
    zerocrossingrate:
        dmean: 0.00154903018847
        dmean2: 0.0019192165928
        dvar: 2.46095578404e-06
        dvar2: 3.9758042476e-06
        max: 0.03466796875
        mean: 0.0225813351572
        min: 0.0185546875
        var: 8.21257890493e-06
    barkbands:
        dmean: [1.10508002749e-08, 6.26263908998e-06, 1.09081815935e-06, 2.00362114811e-06, 7.24428828107e-05, 6.65788320475e-06, 0.000562255037948, 0.00026908289874, 1.00147508419e-05, 9.4243226556e-08, 4.69448266927e-08, 3.85001825975e-08, 8.60774775902e-08, 1.31571198381e-07, 8.25605411592e-07, 2.95401548556e-07, 2.10746904372e-07, 3.83622662525e-08, 3.55431026833e-08, 3.74446216256e-08, 2.26151986027e-08, 8.42710079496e-09, 1.84060933162e-09, 8.1482054437e-10, 5.17829723545e-10, 1.1738202077e-10, 1.06247087517e-10]
        dmean2: [2.13414974581e-08, 8.38369760459e-06, 1.57288855007e-06, 2.21285654334e-06, 6.48657951388e-05, 7.93513390818e-06, 0.00055646779947, 0.000364880426787, 1.33528819788e-05, 1.4701629425e-07, 7.23159914173e-08, 6.50207070407e-08, 1.3702066326e-07, 2.06946140224e-07, 1.34783465455e-06, 3.40477697591e-07, 2.8973084909e-07, 6.8125146413e-08, 6.05281371691e-08, 6.44809858841e-08, 4.00148145729e-08, 1.41605669413e-08, 3.16647374987e-09, 1.36199918011e-09, 8.6382012654e-10, 2.09680869889e-10, 1.90116158927e-10]
        dvar: [1.29836068891e-16, 6.80300121791e-11, 4.31435356191e-12, 1.5442157969e-11, 1.78795733774e-08, 1.84703030648e-10, 5.42753696209e-07, 1.54757117343e-07, 3.42282452381e-10, 2.2767005566e-14, 6.15473875343e-15, 3.16768659405e-15, 2.64021169158e-14, 6.10236619808e-14, 4.18720136688e-12, 5.91168336072e-13, 3.66101869957e-13, 1.57101360661e-15, 1.23841881421e-15, 1.51869735778e-15, 4.36117756314e-16, 5.63733910669e-17, 2.66709581985e-18, 4.79871203086e-19, 1.93401031069e-19, 2.65969763923e-20, 2.97425843187e-20]
        dvar2: [4.52576268223e-16, 1.17133483468e-10, 6.42584423172e-12, 1.50491268752e-11, 1.57307411541e-08, 2.68340294429e-10, 5.09081758082e-07, 2.64971333763e-07, 6.27944862774e-10, 5.58468879865e-14, 1.27116758553e-14, 7.33230259142e-15, 7.40017449445e-14, 1.34019829739e-13, 1.27854194246e-11, 7.53003833332e-13, 4.56684765959e-13, 5.0727515721e-15, 3.87072372852e-15, 4.65414916011e-15, 1.24393077524e-15, 1.43089209605e-16, 7.49423484303e-18, 1.34762735113e-18, 5.21472028946e-19, 7.29585901851e-20, 8.15412934364e-20]
        max: [6.19127433765e-08, 8.65572801558e-05, 2.83476765617e-05, 6.84394617565e-05, 0.00221519824117, 0.000207010292797, 0.00914995651692, 0.00564242852852, 0.000176819681656, 1.61833054335e-06, 1.02903766219e-06, 7.45904912947e-07, 1.6629842321e-06, 2.6152947612e-06, 2.35865245486e-05, 2.49438489845e-05, 1.89228703675e-05, 3.51326860937e-07, 3.3031511748e-07, 3.29939581434e-07, 2.24905534196e-07, 9.13531579272e-08, 1.80238650671e-08, 8.91084361854e-09, 5.42125411229e-09, 1.44840017757e-09, 1.33207112007e-09]
        mean: [2.05302157497e-08, 1.745012014e-05, 3.3258172607e-06, 7.40433642932e-06, 0.00025397099671, 1.75839941221e-05, 0.00129322218709, 0.000877710757777, 1.21189614219e-05, 1.85881773973e-07, 9.09414623607e-08, 9.16163713782e-08, 1.71172729324e-07, 2.24088381628e-07, 2.28299427363e-06, 1.85307953871e-06, 1.23030372379e-06, 1.10798168862e-07, 1.16109930559e-07, 1.14387745498e-07, 7.77133095653e-08, 3.09327283787e-08, 7.90431808895e-09, 4.18734558139e-09, 2.80818990284e-09, 2.4179266922e-10, 9.95636142975e-11]
        min: [5.50211987083e-10, 1.23537633456e-08, 1.16629805813e-09, 5.21777177021e-10, 2.67466973014e-08, 1.19630811923e-08, 1.14014437713e-06, 3.02364526306e-07, 2.11766182368e-09, 1.17432719104e-09, 2.41710607085e-09, 2.6113853302e-09, 3.47030915115e-09, 3.02309577371e-09, 2.73315547972e-09, 3.57652929495e-09, 2.18480522562e-09, 6.70747946074e-09, 1.45710998822e-08, 1.3394830134e-08, 1.08400639576e-08, 4.1123242589e-09, 9.68841784577e-10, 7.24768189908e-10, 7.8929440761e-10, 4.81279634201e-11, 3.88140379754e-14]
        var: [1.91470341889e-16, 3.94815097282e-10, 3.66031267796e-11, 2.08625006159e-10, 1.99900114239e-07, 1.19965293255e-09, 3.148462838e-06, 1.35993184358e-06, 6.00786032035e-10, 8.41591675364e-14, 1.80795625053e-14, 1.37660167282e-14, 6.17599030185e-14, 1.7196992799e-13, 2.40910468657e-11, 2.34740889921e-11, 1.0891250575e-11, 5.80622323563e-15, 4.59995810973e-15, 4.30222433471e-15, 1.71189434986e-15, 2.57024074562e-16, 1.27007759706e-17, 2.98680505571e-18, 9.84576022522e-19, 3.92477167376e-20, 3.57687534087e-20]
    mfcc:
        mean: [-1003.30877686, 192.983398438, 20.2425422668, 53.3140335083, -17.9458446503, -30.5338191986, -43.4176826477, -33.1082992554, 1.81665849686, 16.8927078247, 23.1099300385, 19.7890892029, 11.4897356033]
        cov: [[4475.38574219, 2120.33300781, -64.5625, 94.537651062, 528.809020996, 45.8642158508, -756.657958984, -317.195068359, 254.792907715, 90.1960906982, -392.815856934, -343.234680176, -158.492507935], [2120.33300781, 1038.68359375, -2.58072376251, 57.1454620361, 247.608078003, 13.961520195, -355.994110107, -155.406112671, 109.596107483, 33.9382247925, -187.204421997, -161.123382568, -72.9530029297], [-64.5625, -2.58072376251, 118.585449219, 47.4706001282, -66.9571456909, -31.1139888763, 44.8890533447, 17.3736724854, -33.406867981, -5.90150547028, 46.8399620056, 25.6455593109, -11.8818254471], [94.537651062, 57.1454620361, 47.4706001282, 44.5389480591, 4.49435710907, -3.54965138435, -0.623730480671, -2.907507658, -3.17928934097, -0.307062715292, 2.59474349022, -3.70755147934, -9.88262748718], [528.809020996, 247.608078003, -66.9571456909, 4.49435710907, 140.17640686, 44.8358802795, -108.379051208, -47.8261566162, 53.1981620789, 8.79798793793, -86.4030151367, -65.3141021729, -14.2074136734], [45.8642158508, 13.961520195, -31.1139888763, -3.54965138435, 44.8358802795, 39.7988166809, -4.35337686539, -3.43298459053, 16.840429306, -0.197686776519, -24.7020263672, -18.9759025574, -3.17656588554], [-756.657958984, -355.994110107, 44.8890533447, -0.623730480671, -108.379051208, -4.35337686539, 167.388015747, 73.3227996826, -46.6066322327, -13.3852920532, 78.5537719727, 59.5199012756, 11.8430585861], [-317.195068359, -155.406112671, 17.3736724854, -2.907507658, -47.8261566162, -3.43298459053, 73.3227996826, 58.5294380188, -4.74679946899, -0.218652322888, 35.7597084045, 23.9153614044, -6.49573516846], [254.792907715, 109.596107483, -33.406867981, -3.17928934097, 53.1981620789, 16.840429306, -46.6066322327, -4.74679946899, 51.519443512, 19.7266349792, -37.0172767639, -35.7574539185, -21.7091255188], [90.1960906982, 33.9382247925, -5.90150547028, -0.307062715292, 8.79798793793, -0.197686776519, -13.3852920532, -0.218652322888, 19.7266349792, 27.9745616913, -2.83189606667, -16.886133194, -15.6704626083], [-392.815856934, -187.204421997, 46.8399620056, 2.59474349022, -86.4030151367, -24.7020263672, 78.5537719727, 35.7597084045, -37.0172767639, -2.83189606667, 77.919418335, 50.984210968, 4.18214321136], [-343.234680176, -161.123382568, 25.6455593109, -3.70755147934, -65.3141021729, -18.9759025574, 59.5199012756, 23.9153614044, -35.7574539185, -16.886133194, 50.984210968, 60.744808197, 24.4579563141], [-158.492507935, -72.9530029297, -11.8818254471, -9.88262748718, -14.2074136734, -3.17656588554, 11.8430585861, -6.49573516846, -21.7091255188, -15.6704626083, 4.18214321136, 24.4579563141, 41.6276359558]]
        icov: [[0.0120314657688, -0.0235241483897, 0.00844447128475, -0.00559675740078, 0.00929963774979, -0.0105632925406, 0.00971070304513, -0.00306454813108, -0.000926096923649, -0.00571949314326, -0.0015881647123, -0.00217902031727, 0.00359442317858], [-0.0235241483897, 0.0544651113451, -0.0264869146049, 0.0122025199234, -0.020510578528, 0.0198479946703, -0.00486878119409, 0.00774882500991, 0.00168586347718, 0.0108776567504, 0.0113388560712, 0.00388538744301, -0.000117204348498], [0.00844447128475, -0.0264869146049, 0.0562207661569, -0.0447423495352, 0.0306252930313, -0.00577413849533, -0.00433511799201, -0.00546198990196, 0.0100333411247, 0.000693622743711, -0.0094615733251, -0.000867735827342, 0.00850448478013], [-0.00559675740078, 0.0122025199234, -0.0447423495352, 0.0701696798205, -0.036409959197, 0.0144006023183, -0.0136393867433, 0.00717085087672, -0.00560350343585, 0.00121434836183, -0.003088735044, 0.0016466100933, -0.00548677612096], [0.00929963774979, -0.020510578528, 0.0306252930313, -0.036409959197, 0.0733516216278, -0.0500257350504, 0.0278998278081, -0.00257981754839, -0.00307199475355, 3.08385424432e-05, 0.0165930464864, 0.000640925427433, 0.00880293548107], [-0.0105632925406, 0.0198479946703, -0.00577413849533, 0.0144006023183, -0.0500257350504, 0.0860639214516, -0.0423873998225, 0.0125788161531, -0.0113322027028, 0.0153646031395, -0.00467541906983, 0.00969075970352, -0.00549806840718], [0.00971070304513, -0.00486878119409, -0.00433511799201, -0.0136393867433, 0.0278998278081, -0.0423873998225, 0.0706564262509, -0.0302012711763, 0.0190777163953, -0.00880750175565, 0.00994273461401, -0.0021643973887, 0.0123439012095], [-0.00306454813108, 0.00774882500991, -0.00546198990196, 0.00717085087672, -0.00257981754839, 0.0125788161531, -0.0302012711763, 0.0626002624631, -0.0340323410928, 0.0125104291365, -0.00279565528035, -0.00686548044905, 0.0117713836953], [-0.000926096923649, 0.00168586347718, 0.0100333411247, -0.00560350343585, -0.00307199475355, -0.0113322027028, 0.0190777163953, -0.0340323410928, 0.0819511860609, -0.0363879129291, 0.0246609598398, -0.00790921226144, 0.0195202287287], [-0.00571949314326, 0.0108776567504, 0.000693622743711, 0.00121434836183, 3.08385424432e-05, 0.0153646031395, -0.00880750175565, 0.0125104291365, -0.0363879129291, 0.0771114528179, -0.0287851747125, 0.029397983104, -0.000914973730687], [-0.0015881647123, 0.0113388560712, -0.0094615733251, -0.003088735044, 0.0165930464864, -0.00467541906983, 0.00994273461401, -0.00279565528035, 0.0246609598398, -0.0287851747125, 0.0837858617306, -0.0440020300448, 0.031892567873], [-0.00217902031727, 0.00388538744301, -0.000867735827342, 0.0016466100933, 0.000640925427433, 0.00969075970352, -0.0021643973887, -0.00686548044905, -0.00790921226144, 0.029397983104, -0.0440020300448, 0.0781657919288, -0.0354042202234], [0.00359442317858, -0.000117204348498, 0.00850448478013, -0.00548677612096, 0.00880293548107, -0.00549806840718, 0.0123439012095, 0.0117713836953, 0.0195202287287, -0.000914973730687, 0.031892567873, -0.0354042202234, 0.0669700428843]]
    spectral_contrast:
        mean: [-1.95067428876e-07, 2.1860883237e-07, 2.15097237799e-08, -1.95513948142e-07, -2.87281125111e-07, 4.27540840064e-07, 1.10778910312e-06, -2.55258925108e-07, 1.81692098522e-06, 6.56875840832e-07, -3.38878930961e-06, 3.85388943869e-07]
        var: [5.07566364831e-05, 8.74408360687e-05, 0.000359389057849, 0.000768049503677, 0.00131019076798, 0.00225548865274, 0.00609675515443, 0.0156173985451, 0.0404343381524, 0.0709078758955, 0.0864403992891, 3.08981442451]

rhythm:
    beats_loudness:
        dmean: 0.000953537120949
        dmean2: 0.000723287055735
        dvar: 6.84797669237e-07
        dvar2: 3.55961020659e-07
        max: 0.00764916557819
        mean: 0.00257116067223
        min: 2.08681685763e-05
        var: 5.89452383792e-06
    beats_loudness_bass:
        dmean: 0.00565163604915
        dmean2: 0.00642803963274
        dvar: 4.89977264806e-06
        dvar2: 3.10536270263e-05
        max: 0.0225866362453
        mean: 0.0111179705709
        min: 0.00321286800317
        var: 3.34745418513e-05
    bpm: 146.183425903
    bpm_confidence: 0
    first_peak_bpm: 147
    first_peak_spread: 0
    first_peak_weight: 1
    onset_rate: 1.64903843403
    second_peak_bpm: 0
    second_peak_spread: 0
    second_peak_weight: 0
    beats_position: [0.0676620230079, 0.475015044212, 0.882368087769, 1.28972113132, 1.69707405567, 2.10442709923, 2.51178002357, 2.91913294792, 3.32648587227]
    bpm_estimates: [147.788803101, 145.669113159, 145.565216064, 145.710571289]
    bpm_intervals: [0.407353013754, 0.407353043556, 0.407353043556, 0.407352924347, 0.407353043556, 0.407352924347, 0.407352924347, 0.407352924347]
    onset_times: [0.0464399084449, 0.243809521198, 0.441179126501, 0.638548731804, 0.789478480816, 0.986848056316, 1.2190476656, 1.39319729805, 1.64861679077, 1.84598636627, 2.04335594177, 2.24072551727, 2.46131515503, 2.64707493782]
    rubato_start: []
    rubato_stop: []
    perceptual_tempo: "unknown"

sfx:
    inharmonicity:
        dmean: 0.0244285240769
        dmean2: 0.0441123917699
        dvar: 0.00126149249263
        dvar2: 0.00343654211611
        max: 0.166365131736
        mean: 0.0179528798908
        min: 2.72055876849e-06
        var: 0.0010280739516
    oddtoevenharmonicenergyratio:
        dmean: 54.5940589905
        dmean2: 97.7250061035
        dvar: 19438.8886719
        dvar2: 43580.5585938
        max: 1084.62036133
        mean: 45.1205177307
        min: 9.32292005018e-06
        var: 18124.546875
    pitch_after_max_to_before_max_energy_ratio: 2.01316356659
    pitch_centroid: 75.1966323853
    pitch_max_to_total: 0.369863003492
    pitch_min_to_total: 0.356164395809
    tristimulus:
        dmean: [0.292596042156, 0.290703564882, 0.0105508007109]
        dmean2: [0.56464111805, 0.563153982162, 0.0177987087518]
        dvar: [0.132334426045, 0.133229926229, 0.000253364996752]
        dvar2: [0.241025656462, 0.242823198438, 0.000678842363413]
        max: [0.986709117889, 0.959839105606, 0.10138644278]
        mean: [0.529014050961, 0.45512881875, 0.0158570054919]
        min: [0.0266189370304, 0.0092927403748, 0]
        var: [0.164912685752, 0.164381846786, 0.00024539680453]

tonal:
    chords_changes_rate: 0.0410958901048
    chords_number_rate: 0.0273972600698
    chords_strength:
        dmean: 0.00457478780299
        dmean2: 0.00548769207671
        dvar: 6.28149928161e-06
        dvar2: 1.76908888534e-05
        max: 0.495301693678
        mean: 0.472973614931
        min: 0.447613954544
        var: 0.000204394265893
    key_strength: 0.5838072896
    tuning_diatonic_strength: 0.432887554169
    tuning_equal_tempered_deviation: 0.10019877553
    tuning_frequency: 442.03793335
    tuning_nontempered_energy_ratio: 0.703566193581
    hpcp:
        dmean: [0.212147057056, 0.184183493257, 0.00177743611857, 0.000367658270989, 0.000504474621266, 0.000678189855535, 0.00110509176739, 0.0423742942512, 0.212280839682, 0.314274609089, 0.148697584867, 0.00129798497073, 0.00103534338996, 0.0500533394516, 0.222664251924, 0.377620249987, 0.22193557024, 0.00958795566112, 0.000724893005099, 0.000815547478851, 0.000650962116197, 0.000414983835071, 0.000340215978213, 0.000322929117829, 0.00034717656672, 0.00149309216067, 0.0049773263745, 0.00424571149051, 0.0007600763347, 0.000338538986398, 0.000245910952799, 0.00045132249943, 0.0019084084779, 0.00976678356528, 0.154178217053, 0.30555549264]
        dmean2: [0.362422525883, 0.283257454634, 0.00346465222538, 0.000667786051054, 0.000927099667024, 0.00109147839248, 0.00188823777717, 0.0770144686103, 0.314556241035, 0.449681550264, 0.244139254093, 0.00252439128235, 0.00203307531774, 0.0897907838225, 0.365393698215, 0.606265425682, 0.366745084524, 0.0175223685801, 0.00124432239681, 0.00148357939906, 0.0011384061072, 0.000578580715228, 0.00052586721722, 0.000483543582959, 0.000530428893398, 0.00224504619837, 0.00688771437854, 0.00566944153979, 0.00105620967224, 0.000596063095145, 0.000437772687292, 0.00086190237198, 0.00375284999609, 0.0194616876543, 0.275508016348, 0.542544782162]
        dvar: [0.0512094907463, 0.0158817991614, 1.24247853819e-05, 2.59487279664e-07, 5.24434312865e-07, 1.29629074763e-06, 4.40338590124e-06, 0.00265329703689, 0.0258155316114, 0.0486913174391, 0.0194231644273, 1.17517529361e-05, 5.55152746529e-06, 0.00468934467062, 0.0364494249225, 0.0891670286655, 0.0394938662648, 0.000198156820261, 1.53751375365e-06, 2.94637607112e-06, 1.59370802066e-06, 5.43320311408e-07, 1.61290444112e-07, 2.09919932104e-07, 4.23855652798e-07, 3.05844969262e-06, 6.12285439274e-05, 4.98548906762e-05, 1.12865041046e-06, 1.16147316476e-06, 2.75170066288e-07, 1.79220944574e-06, 2.15399450099e-05, 0.000846888870001, 0.0261992495507, 0.0504591017962]
        dvar2: [0.102586194873, 0.0466921702027, 3.49438632838e-05, 6.92148830694e-07, 1.4096791574e-06, 2.34189019466e-06, 9.52231948759e-06, 0.00640582479537, 0.0624787583947, 0.115920200944, 0.0454828888178, 3.39994621754e-05, 1.67212656379e-05, 0.0123100066558, 0.0760883688927, 0.183415085077, 0.0951586216688, 0.000529045180883, 4.13089401263e-06, 8.36287927086e-06, 4.1959929149e-06, 4.03209384103e-07, 2.51565694498e-07, 4.48692844657e-07, 5.36873301371e-07, 4.91137279823e-06, 0.000104225298855, 8.79261933733e-05, 2.44133502747e-06, 3.41214922628e-06, 7.99361316695e-07, 5.20280809724e-06, 6.13352603978e-05, 0.00247906753793, 0.0604302361608, 0.14587007463]
        max: [1, 0.5621265769, 0.0179783124477, 0.00283141271211, 0.00370206264779, 0.00789528619498, 0.0120320469141, 0.254225552082, 0.99900072813, 1, 0.638802587986, 0.0170645397156, 0.013793357648, 0.308789759874, 1, 1, 0.787864983082, 0.0756058469415, 0.00650668470189, 0.008669545874, 0.00623140949756, 0.00895168911666, 0.00402045529336, 0.00459799589589, 0.00737027497962, 0.0104513773695, 0.0515271611512, 0.047946292907, 0.00687120296061, 0.00706064887345, 0.00352518400177, 0.00762730743736, 0.0188168678433, 0.161799490452, 0.610700368881, 1]
        mean: [0.846773028374, 0.298973858356, 0.00108169962186, 0.000345860695234, 0.000422608543886, 0.00065849639941, 0.000911068404093, 0.031697973609, 0.272424429655, 0.372385859489, 0.131839156151, 0.000763349409681, 0.00064100389136, 0.034062512219, 0.264153987169, 0.409017503262, 0.185108780861, 0.00702022528276, 0.000631228205748, 0.00063100020634, 0.000611676950939, 0.000592077209149, 0.000452893349575, 0.000394217349822, 0.000410569657106, 0.00177621492185, 0.00604417687282, 0.00516986008734, 0.000857872015331, 0.000301550782751, 0.000263194175204, 0.00037593417801, 0.00111413793638, 0.00506332749501, 0.102195307612, 0.646707057953]
        min: [0.150619551539, 0.00183356413618, 6.97642690284e-06, 9.59579028859e-06, 9.75186685537e-06, 1.20886033983e-05, 9.84042708296e-06, 6.93639594829e-05, 0.0135158617049, 0.0131028527394, 0.000395374867367, 1.31459928525e-05, 1.41247910506e-05, 4.28712446592e-05, 0.0121032176539, 0.021880671382, 0.00735061010346, 5.57909988856e-05, 6.08343043496e-06, 7.42390830055e-06, 4.79530644952e-05, 4.52513777418e-05, 1.87008226931e-05, 7.57827774578e-06, 9.65846902545e-06, 4.10260399804e-05, 9.71073677647e-05, 4.67711615784e-05, 2.32997044805e-05, 1.87268251466e-05, 1.71888204932e-05, 1.24056587083e-05, 1.31270562633e-05, 8.0153986346e-06, 8.78445207491e-05, 0.0478901751339]
        var: [0.0533450059593, 0.0242988113314, 7.07607887307e-06, 3.22199895209e-07, 4.84425754621e-07, 1.66009533586e-06, 4.4314342631e-06, 0.00241581699811, 0.0436439067125, 0.0837843194604, 0.02016409114, 6.40156213194e-06, 3.14886301567e-06, 0.00338299269788, 0.0497052893043, 0.120756864548, 0.0414078906178, 0.000138383024023, 1.16442424769e-06, 1.74574165612e-06, 1.14257215955e-06, 1.26039287807e-06, 3.9353923853e-07, 4.77313960801e-07, 9.14934901175e-07, 4.18692343374e-06, 7.97558532213e-05, 6.21453946223e-05, 1.17395143207e-06, 6.80367918449e-07, 1.97195248575e-07, 1.0912574453e-06, 1.21595003293e-05, 0.000443274795543, 0.0237390547991, 0.0586956292391]
    chords_histogram: [83.5616455078, 16.4383563995, 0, 0, 0, 0, 0, 0, 0, 0, 0, 0, 0, 0, 0, 0, 0, 0, 0, 0, 0, 0, 0, 0]
    thpcp: [1, 0.353074371815, 0.00127743755002, 0.000408445572248, 0.000499081274029, 0.00077765394235, 0.00107592984568, 0.037433847785, 0.321720719337, 0.439770579338, 0.155695974827, 0.000901480554603, 0.0007569961017, 0.0402262620628, 0.311953723431, 0.483030855656, 0.218604952097, 0.00829056277871, 0.000745451485272, 0.000745182216633, 0.000722362368833, 0.000699215976056, 0.000534846214578, 0.000465552555397, 0.000484863878228, 0.00209762807935, 0.00713789509609, 0.00610536709428, 0.001013107365, 0.000356117612682, 0.000310820207233, 0.000443960976554, 0.00131574564148, 0.00597955705598, 0.120687961578, 0.763731300831]
    chords_key: "D"
    chords_scale: "minor"
    key_key: "D"
    key_scale: "minor"
    chords_progression: ["Dm", "Dm", "Dm", "Dm", "Dm", "Dm", "Dm", "Dm", "Dm", "Dm", "Dm", "Dm", "Dm", "Dm", "Dm", "Dm", "Dm", "Dm", "Dm", "Dm", "Dm", "Dm", "Dm", "Dm", "Dm", "Dm", "Dm", "Dm", "Dm", "Dm", "Dm", "Dm", "Dm", "Dm", "Dm", "Dm", "Dm", "Dm", "Dm", "Dm", "Dm", "Dm", "Dm", "Dm", "Dm", "Dm", "Dm", "Dm", "Dm", "Dm", "Dm", "Dm", "Dm", "Dm", "Dm", "Dm", "Dm", "Dm", "Dm", "Dm", "F", "F", "F", "F", "F", "F", "Dm", "F", "F", "F", "F", "F", "F"]
