
metadata:
    version:
        essentia: "1.2.2"
    audio_properties:
        analysis_sample_rate: 44100
        bitrate: 128
        channels: 2
        equal_loudness: 1
        length: 9.97877597809
        replay_gain: -14.3982124329
        downmix: "mix"
    tags:
        track: 13
        year: 0
        album: "Splitted by Mp3Splt v. 2.1"
        artist: "From 002.00 To 002.10"
        comment: "http://mp3splt.sf.net"
        genre: ""
        title: "04 Are You Receiving Me-.mp3"

highlevel:
    ballroom:
        all:
            ChaChaCha: 0.0616127811372
            Jive: 0.762588441372
            Quickstep: 0.05616267398
            Rumba-American: 0.00336505938321
            Rumba-International: 0.00258550606668
            Rumba-Misc: 0.00183116632979
            Samba: 0.0812826603651
            Tango: 0.00318357278593
            VienneseWaltz: 0.0227743200958
            Waltz: 0.00461383210495
        probability: 0.762588441372
        value: "Jive"
    culture:
        all:
            non_western: 0.24379055202
            western: 0.756209433079
        probability: 0.756209433079
        value: "western"
    gender:
        all:
            female: 0.00682602636516
            male: 0.993173956871
        probability: 0.993173956871
        value: "male"
    genre_dortmund:
        all:
            alternative: 0.0514349639416
            blues: 0.0547890812159
            electronic: 0.015834344551
            folkcountry: 0.0150649454445
            funksoulrnb: 0.029437193647
            jazz: 0.00772849563509
            pop: 0.0176447220147
            raphiphop: 0.0764198824763
            rock: 0.731646358967
        probability: 0.731646358967
        value: "rock"
    genre_electronica:
        all:
            ambient: 0.203918844461
            dnb: 0.627726376057
            house: 0.0346887372434
            techno: 0.039008628577
            trance: 0.0946574136615
        probability: 0.627726376057
        value: "dnb"
    genre_rosamerica:
        all:
            cla: 0.0120516251773
            dan: 0.0263592749834
            hip: 0.130804076791
            jaz: 0.00498176785186
            pop: 0.0561926886439
            rhy: 0.00728859798983
            roc: 0.758477389812
            spe: 0.00384460063651
        probability: 0.758477389812
        value: "roc"
    genre_tzanetakis:
        all:
            blu: 0.0033154792618
            cla: 0.00316379754804
            cou: 0.0915138199925
            dis: 0.441390186548
            hip: 0.056304641068
            jaz: 0.00414688652381
            met: 0.0359135456383
            pop: 0.0682938545942
            reg: 0.0596192255616
            roc: 0.236338570714
        probability: 0.441390186548
        value: "dis"
    live_studio:
        all:
            live: 0.0965085476637
            studio: 0.903491437435
        probability: 0.903491437435
        value: "studio"
    mood:
        all:
            Cluster1: 0.457399815321
            Cluster2: 0.111640043557
            Cluster3: 0.0520770773292
            Cluster4: 0.080549120903
            Cluster5: 0.29833394289
        probability: 0.457399815321
        value: "Cluster1"
    mood_acoustic:
        all:
            acoustic: 0.00353291793726
            not_acoustic: 0.99646705389
        probability: 0.99646705389
        value: "not_acoustic"
    mood_aggressive:
        all:
            aggressive: 0.965145885944
            not_aggressive: 0.0348540842533
        probability: 0.965145885944
        value: "aggressive"
    mood_electronic:
        all:
            electronic: 0.241885378957
            not_electronic: 0.758114635944
        probability: 0.758114635944
        value: "not_electronic"
    mood_happy:
        all:
            happy: 0.570846796036
            not_happy: 0.429153233767
        probability: 0.570846796036
        value: "happy"
    mood_party:
        all:
            not_party: 0.222136944532
            party: 0.777863025665
        probability: 0.777863025665
        value: "party"
    mood_relaxed:
        all:
            not_relaxed: 0.971989691257
            relaxed: 0.0280102882534
        probability: 0.971989691257
        value: "not_relaxed"
    mood_sad:
        all:
            not_sad: 0.986761212349
            sad: 0.0132387792692
        probability: 0.986761212349
        value: "not_sad"
    rhythm:
        all:
            fast: 0.970899999142
            medium: 0.0210780967027
            slow: 0.00802190229297
        probability: 0.970899999142
        value: "fast"
    speech_music:
        all:
            music: 0.999991714954
            speech: 8.27734947961e-06
        probability: 0.999991714954
        value: "music"
    timbre:
        all:
            bright: 0.00293265748769
            dark: 0.997067332268
        probability: 0.997067332268
        value: "dark"
    voice_instrumental:
        all:
            instrumental: 0.0105674080551
            voice: 0.989432573318
        probability: 0.989432573318
        value: "voice"

lowlevel:
    average_loudness: 0.981647491455
    barkbands_kurtosis:
        dmean: 1.05049455166
        dmean2: 1.72789561749
        dvar: 2.06959176064
        dvar2: 5.16298961639
        max: 13.6269111633
        mean: -0.254172712564
        min: -1.87433969975
        var: 4.21061897278
    barkbands_skewness:
        dmean: 0.473513990641
        dmean2: 0.725529551506
        dvar: 0.158766075969
        dvar2: 0.379003256559
        max: 3.26465058327
        mean: -0.563938438892
        min: -3.095713377
        var: 0.632086336613
    barkbands_spread:
        dmean: 6.92942094803
        dmean2: 10.9526863098
        dvar: 34.3133659363
        dvar2: 87.0796508789
        max: 62.4439086914
        mean: 31.7391300201
        min: 3.69224691391
        var: 127.276069641
    dissonance:
        dmean: 0.013413887471
        dmean2: 0.0221290271729
        dvar: 0.000197390865651
        dvar2: 0.000575580168515
        max: 0.498835355043
        mean: 0.478829473257
        min: 0.370983749628
        var: 0.000303883600282
    hfc:
        dmean: 2.412504673
        dmean2: 3.64138484001
        dvar: 7.41363334656
        dvar2: 14.5250387192
        max: 34.1090812683
        mean: 8.22256755829
        min: 0.143191963434
        var: 39.1690216064
    pitch:
        dmean: 742.713317871
        dmean2: 1387.89819336
        dvar: 1168889.625
        dvar2: 2524948.5
        max: 4410
        mean: 1273.00366211
        min: 94.4325485229
        var: 1843327.75
    pitch_instantaneous_confidence:
        dmean: 0.0956028029323
        dmean2: 0.148591682315
        dvar: 0.00588179240003
        dvar2: 0.0131828347221
        max: 0.854740560055
        mean: 0.414555847645
        min: 0.137789309025
        var: 0.0241442061961
    pitch_salience:
        dmean: 0.0689869448543
        dmean2: 0.111107580364
        dvar: 0.00317510822788
        dvar2: 0.00823307223618
        max: 0.843294501305
        mean: 0.613624155521
        min: 0.303274571896
        var: 0.00815980881453
    silence_rate_20dB:
        dmean: 0
        dmean2: 0
        dvar: 0
        dvar2: 0
        max: 1
        mean: 1
        min: 1
        var: 0
    silence_rate_30dB:
        dmean: 0
        dmean2: 0
        dvar: 0
        dvar2: 0
        max: 1
        mean: 1
        min: 1
        var: 0
    silence_rate_60dB:
        dmean: 0.153846159577
        dmean2: 0.308411210775
        dvar: 0.130177944899
        dvar2: 0.241330012679
        max: 1
        mean: 0.360465109348
        min: 0
        var: 0.230530232191
    spectral_centroid:
        dmean: 265.912384033
        dmean2: 414.138641357
        dvar: 57062.0078125
        dvar2: 123020.992188
        max: 3671.0769043
        mean: 1817.58996582
        min: 393.252655029
        var: 268561.6875
    spectral_complexity:
        dmean: 3.62529277802
        dmean2: 5.42722988129
        dvar: 9.62539196014
        dvar2: 18.5921573639
        max: 37
        mean: 14.5327100754
        min: 0
        var: 54.0480117798
    spectral_crest:
        dmean: 2.20131206512
        dmean2: 3.64025592804
        dvar: 4.33322048187
        dvar2: 10.3910064697
        max: 20.2944583893
        mean: 7.25283050537
        min: 3.10601758957
        var: 10.3678541183
    spectral_decrease:
        dmean: 2.51166726306e-10
        dmean2: 3.81568249219e-10
        dvar: 6.4609565457e-20
        dvar2: 1.49027831838e-19
        max: -2.92365923138e-11
        mean: -9.1722840434e-10
        min: -2.57794674496e-09
        var: 2.4178018846e-19
    spectral_energy:
        dmean: 0.00113746279385
        dmean2: 0.00171635590959
        dvar: 1.31167428208e-06
        dvar2: 2.94474307339e-06
        max: 0.0125072067603
        mean: 0.00420764181763
        min: 0.0001285852195
        var: 5.58770534553e-06
    spectral_energyband_high:
        dmean: 0.000124229278299
        dmean2: 0.000180523071322
        dvar: 7.02229741023e-08
        dvar2: 1.45150451658e-07
        max: 0.00344059756026
        mean: 0.000291639735224
        min: 1.18230786939e-06
        var: 2.09948950669e-07
    spectral_energyband_low:
        dmean: 0.000229974713875
        dmean2: 0.000396210758481
        dvar: 6.55327525578e-08
        dvar2: 1.69342982304e-07
        max: 0.00179822626524
        mean: 0.00039664155338
        min: 4.39793439e-06
        var: 9.4854712529e-08
    spectral_energyband_middle_high:
        dmean: 0.000857557170093
        dmean2: 0.00128486193717
        dvar: 8.06992090929e-07
        dvar2: 1.73811099557e-06
        max: 0.0118857873604
        mean: 0.00268174265511
        min: 2.7693946322e-05
        var: 3.68896348846e-06
    spectral_energyband_middle_low:
        dmean: 0.000435426161857
        dmean2: 0.000688069034368
        dvar: 4.49891587095e-07
        dvar2: 1.11245412882e-06
        max: 0.00692944554612
        mean: 0.000837620755192
        min: 2.56439507211e-05
        var: 5.98592919232e-07
    spectral_flatness_db:
        dmean: 0.018227852881
        dmean2: 0.0269351378083
        dvar: 0.000292955548503
        dvar2: 0.000562543980777
        max: 0.286095052958
        mean: 0.169587567449
        min: 0.0861523449421
        var: 0.00147631810978
    spectral_flux:
        dmean: 0.00741228275001
        dmean2: 0.0112922927365
        dvar: 4.93309235026e-05
        dvar2: 9.94546498987e-05
        max: 0.0771747455001
        mean: 0.0399913303554
        min: 0.00583574641496
        var: 0.000172326763277
    spectral_kurtosis:
        dmean: 2.33146429062
        dmean2: 3.63221669197
        dvar: 5.88866615295
        dvar2: 16.2388877869
        max: 22.3166313171
        mean: 5.81370687485
        min: -0.511807918549
        var: 22.0840682983
    spectral_rms:
        dmean: 0.00028028342058
        dmean2: 0.000410608656239
        dvar: 6.85061110062e-08
        dvar2: 1.38930587923e-07
        max: 0.00349315791391
        mean: 0.00194421852939
        min: 0.000354187795892
        var: 3.25033994386e-07
    spectral_rolloff:
        dmean: 310.995941162
        dmean2: 507.799285889
        dvar: 161559.640625
        dvar2: 415895.4375
        max: 4888.03710938
        mean: 3117.98828125
        min: 215.33203125
        var: 563988.5625
    spectral_skewness:
        dmean: 0.263300120831
        dmean2: 0.417861580849
        dvar: 0.0616870373487
        dvar2: 0.159621670842
        max: 3.03358125687
        mean: 1.47265934944
        min: 0.330203980207
        var: 0.308342695236
    spectral_spread:
        dmean: 615627.1875
        dmean2: 755683.875
        dvar: 685250052096
        dvar2: 879115108352
        max: 12484926
        mean: 3862832.25
        min: 1252449.25
        var: 3.35883324621e+12
    spectral_strongpeak:
        dmean: 0.792897760868
        dmean2: 1.34402263165
        dvar: 0.838995039463
        dvar2: 2.05572772026
        max: 6.94692420959
        mean: 1.04978573322
        min: 0.0248247329146
        var: 1.60848248005
    zerocrossingrate:
        dmean: 0.00776904635131
        dmean2: 0.00885324925184
        dvar: 4.86701028422e-05
        dvar2: 4.94425803481e-05
        max: 0.1650390625
        mean: 0.099286518991
        min: 0.0263671875
        var: 0.000589335977565
    barkbands:
        dmean: [3.06776222203e-08, 6.07085385127e-05, 0.000200285299798, 9.99074181891e-05, 0.000165041070431, 0.00014251403627, 8.84263572516e-05, 8.7066393462e-05, 6.952581316e-05, 3.34527103405e-05, 2.61787790805e-05, 4.92216240673e-05, 7.00484961271e-05, 0.000195961576537, 0.000264295027591, 0.000147134662257, 0.00024998743902, 0.00017036923964, 0.000191822575289, 0.000120650271128, 5.73745346628e-05, 1.87985606317e-05, 6.49466664981e-06, 3.35571394317e-06, 1.90990840565e-06, 8.82361064214e-08, 3.16780046639e-10]
        dmean2: [5.01585404322e-08, 0.000104635015305, 0.000343352003256, 0.000168510930962, 0.000265044160187, 0.000230479388847, 0.000147973842104, 0.000135706723086, 0.000112971392809, 5.1599676226e-05, 4.10593311244e-05, 7.76045490056e-05, 0.000113692178275, 0.000309851311613, 0.0004197373637, 0.000241404253757, 0.000397987285396, 0.000283299770672, 0.000290617259452, 0.000190981227206, 8.85834961082e-05, 2.90304287773e-05, 9.77766012511e-06, 4.56543921246e-06, 2.60664432972e-06, 1.33754795684e-07, 4.75923800369e-10]
        dvar: [3.82782235677e-15, 1.12223927928e-08, 4.65242884218e-08, 1.15285665458e-08, 8.46444834224e-08, 1.0677021578e-07, 2.41014159741e-08, 2.50148346481e-08, 1.5629517236e-08, 1.50700891766e-08, 2.59966781435e-09, 1.66689417824e-08, 1.58203565803e-08, 1.98250532435e-07, 3.22973619404e-07, 8.62161471105e-08, 1.46484694596e-07, 5.72886413863e-08, 1.16353000124e-07, 6.11076131918e-08, 1.54148409592e-08, 1.70923764031e-09, 1.90746224371e-10, 5.73686306793e-11, 3.00769791017e-11, 1.02799767396e-13, 3.50101836798e-18]
        dvar2: [8.97680096489e-15, 3.06883123358e-08, 1.24909163901e-07, 3.08439389585e-08, 2.07310137057e-07, 2.62087837655e-07, 6.34053236581e-08, 5.40503677371e-08, 3.23725579676e-08, 3.29108260644e-08, 6.59716814511e-09, 2.92385493594e-08, 3.36889520725e-08, 5.04342096974e-07, 7.50026629248e-07, 2.14855987224e-07, 3.98997485718e-07, 1.5191128e-07, 2.45771161644e-07, 1.61782011787e-07, 3.18846566927e-08, 3.61585095199e-09, 4.14804912641e-10, 9.47930900441e-11, 6.05551719879e-11, 1.87739607931e-13, 3.56527954823e-18]
        max: [3.16622021046e-07, 0.000887036032509, 0.00158267910592, 0.000830040604342, 0.00235081347637, 0.00287739303894, 0.0013793844264, 0.00189997476991, 0.00123995065223, 0.00222885352559, 0.000521403911989, 0.00266319001094, 0.00176475849003, 0.00595992896706, 0.00822427403182, 0.00423946045339, 0.00556305097416, 0.00210093590431, 0.00487399613485, 0.00318562379107, 0.00190750858746, 0.000477358000353, 0.000185536700883, 0.000130535976496, 7.70269471104e-05, 4.59701550426e-06, 3.88303149634e-08]
        mean: [2.63586290572e-08, 9.51875626924e-05, 0.00030142837204, 0.00013588546426, 0.000192300896742, 0.000153817862156, 0.00012795063958, 0.000130716041895, 8.94780969247e-05, 4.47311103926e-05, 3.49635556631e-05, 7.17753355275e-05, 0.000116728602734, 0.000285440968582, 0.00048681741464, 0.000247372343438, 0.000487637327751, 0.000332904164679, 0.000427789520472, 0.000266249087872, 0.000114194357593, 4.02953846788e-05, 1.28473193399e-05, 7.41092708267e-06, 3.56629493581e-06, 1.30614083105e-07, 3.40581535196e-10]
        min: [5.79841522019e-11, 3.10404203674e-07, 1.90805417333e-06, 2.78842071566e-06, 3.08396147375e-06, 8.32848627397e-07, 4.41713780219e-07, 9.03935870156e-07, 3.12178059403e-07, 1.40674345062e-07, 1.5595699665e-07, 4.22673934963e-07, 2.99961783412e-07, 2.86614522338e-07, 5.06134824718e-07, 1.43610577652e-06, 1.92823767975e-06, 3.62905302609e-06, 4.25932557846e-06, 1.41067630466e-06, 2.57379895174e-07, 4.36033253948e-08, 1.3602837079e-08, 5.7495705974e-09, 1.08402964383e-09, 3.58033047654e-11, 2.08394635099e-13]
        var: [3.43718198469e-15, 1.19508092311e-08, 6.89322945391e-08, 1.48920600296e-08, 8.7350443323e-08, 9.81474101991e-08, 4.13901588558e-08, 4.62614018204e-08, 2.29472671975e-08, 2.72507634236e-08, 3.5754323946e-09, 3.52792923763e-08, 3.28694476082e-08, 2.76194555227e-07, 9.71613189904e-07, 9.96277904619e-08, 2.57605734078e-07, 1.27772224801e-07, 3.85098616107e-07, 1.33728150331e-07, 4.30783657634e-08, 5.64939117709e-09, 7.29826976631e-10, 2.60299032329e-10, 8.36457778042e-11, 1.88160197059e-13, 3.69852924593e-18]
    mfcc:
        mean: [-724.106628418, 115.22428894, -66.8942947388, 57.2797698975, 9.92061519623, 0.0852527692914, -4.54423427582, -7.7906665802, -4.1206278801, 1.32980573177, 2.6809732914, 0.337868958712, -3.48123788834]
        cov: [[2766.92480469, -1629.69763184, 769.717956543, -123.971977234, -275.13949585, -28.8599395752, -131.17250061, 7.77602529526, -70.7543029785, -29.3541698456, -52.514125824, -19.8229980469, -55.0320281982], [-1629.69763184, 1691.80065918, -803.625671387, -14.8081550598, 151.748825073, -43.0214920044, 97.4509963989, 13.8033838272, 14.236240387, 57.2523612976, 73.0737838745, -14.0707330704, 44.0465736389], [769.717956543, -803.625671387, 776.419433594, -63.4067306519, -88.4741668701, 9.43300628662, -32.0834236145, -16.4277610779, -46.1938171387, -63.8056221008, -33.9332962036, 19.8650150299, -0.115180969238], [-123.971977234, -14.8081550598, -63.4067306519, 402.17565918, -7.2017698288, 72.7452087402, 102.434715271, 2.04289388657, 45.9213371277, 16.2492084503, -30.3737239838, 47.0307044983, 19.6664905548], [-275.13949585, 151.748825073, -88.4741668701, -7.2017698288, 273.388092041, 13.4731903076, -35.1489601135, -42.1905784607, 27.5836162567, 27.3024158478, 58.2622909546, -22.8090324402, 22.4259624481], [-28.8599395752, -43.0214920044, 9.43300628662, 72.7452087402, 13.4731903076, 144.713531494, 60.2498931885, -15.2688989639, 38.3933792114, -16.6305160522, -21.9500370026, 27.0869560242, -9.94771003723], [-131.17250061, 97.4509963989, -32.0834236145, 102.434715271, -35.1489601135, 60.2498931885, 188.526443481, 33.1762313843, 5.90281963348, -10.5151519775, -28.3052501678, 43.2850265503, 16.7421035767], [7.77602529526, 13.8033838272, -16.4277610779, 2.04289388657, -42.1905784607, -15.2688989639, 33.1762313843, 97.6550521851, 6.94884347916, 5.22853040695, -26.5296993256, -2.92590212822, -2.44599223137], [-70.7543029785, 14.236240387, -46.1938171387, 45.9213371277, 27.5836162567, 38.3933792114, 5.90281963348, 6.94884347916, 92.9959869385, 10.0905542374, 3.91111850739, 8.80485916138, -0.803792715073], [-29.3541698456, 57.2523612976, -63.8056221008, 16.2492084503, 27.3024158478, -16.6305160522, -10.5151519775, 5.22853040695, 10.0905542374, 92.8060531616, 36.7317276001, -10.8942966461, 1.64090692997], [-52.514125824, 73.0737838745, -33.9332962036, -30.3737239838, 58.2622909546, -21.9500370026, -28.3052501678, -26.5296993256, 3.91111850739, 36.7317276001, 102.204246521, 3.28564071655, 6.25891876221], [-19.8229980469, -14.0707330704, 19.8650150299, 47.0307044983, -22.8090324402, 27.0869560242, 43.2850265503, -2.92590212822, 8.80485916138, -10.8942966461, 3.28564071655, 75.1086273193, 21.7788238525], [-55.0320281982, 44.0465736389, -0.115180969238, 19.6664905548, 22.4259624481, -9.94771003723, 16.7421035767, -2.44599223137, -0.803792715073, 1.64090692997, 6.25891876221, 21.7788238525, 65.4247131348]]
        icov: [[0.000967686297372, 0.000951244845055, 8.48794588819e-05, 0.00026370192063, 0.00059097551275, 1.18784455481e-05, 1.65844503499e-05, -4.01713041356e-05, 0.000329909496941, -0.000292832613923, -0.000324377469951, 0.000402143545216, -0.000203514355235], [0.000951244845055, 0.00229996279813, 0.00146414572373, 0.000620625040028, 0.000272522651358, 0.000376203737687, -0.000886327878106, 5.44572903891e-05, 0.000580173451453, -9.29780162551e-06, -0.000776341184974, 0.000577176630031, -0.000850137730595], [8.48794588819e-05, 0.00146414572373, 0.00289182760753, 0.000549273448996, 0.000157215908985, -5.53107674932e-05, -0.000395464681787, 0.000218192944885, 0.000913857133128, 0.000931817863602, -0.000340187863912, -0.000191615894437, -0.000943101302255], [0.00026370192063, 0.000620625040028, 0.000549273448996, 0.00355168781243, 0.00010477892647, -0.000441529118689, -0.00153472996317, 0.000814579310827, -0.00100382836536, -0.00132456002757, 0.00115086825099, -0.000998080708086, -0.000699503172655], [0.00059097551275, 0.000272522651358, 0.000157215908985, 0.00010477892647, 0.00567979551852, -0.00148369499948, 0.000727235048544, 0.00130649865605, -0.000947133463342, -0.000284074165393, -0.00261135632172, 0.00297997100279, -0.0027740097139], [1.18784455481e-05, 0.000376203737687, -5.53107674932e-05, -0.000441529118689, -0.00148369499948, 0.0115992277861, -0.00371658010408, 0.00332039757632, -0.00413200631738, 0.000815346487798, 0.00247340835631, -0.0026039336808, 0.00379573414102], [1.65844503499e-05, -0.000886327878106, -0.000395464681787, -0.00153472996317, 0.000727235048544, -0.00371658010408, 0.00927570275962, -0.00344224250875, 0.00191306322813, 0.00017507483426, 0.000554430123884, -0.00285205151886, -0.0013299358543], [-4.01713041356e-05, 5.44572903891e-05, 0.000218192944885, 0.000814579310827, 0.00130649865605, 0.00332039757632, -0.00344224250875, 0.013855304569, -0.00292159896344, -0.00202864827588, 0.00364738469943, 0.000895776436664, 0.000508827273734], [0.000329909496941, 0.000580173451453, 0.000913857133128, -0.00100382836536, -0.000947133463342, -0.00413200631738, 0.00191306322813, -0.00292159896344, 0.0141878472641, -0.00079874455696, -0.00103288819082, -0.00115504767746, -3.44741238223e-05], [-0.000292832613923, -9.29780162551e-06, 0.000931817863602, -0.00132456002757, -0.000284074165393, 0.000815346487798, 0.00017507483426, -0.00202864827588, -0.00079874455696, 0.0145373996347, -0.00561871472746, 0.00251131388359, -0.000412435940234], [-0.000324377469951, -0.000776341184974, -0.000340187863912, 0.00115086825099, -0.00261135632172, 0.00247340835631, 0.000554430123884, 0.00364738469943, -0.00103288819082, -0.00561871472746, 0.0156456939876, -0.00447672372684, 0.00129063753411], [0.000402143545216, 0.000577176630031, -0.000191615894437, -0.000998080708086, 0.00297997100279, -0.0026039336808, -0.00285205151886, 0.000895776436664, -0.00115504767746, 0.00251131388359, -0.00447672372684, 0.0204073730856, -0.00684687867761], [-0.000203514355235, -0.000850137730595, -0.000943101302255, -0.000699503172655, -0.0027740097139, 0.00379573414102, -0.0013299358543, 0.000508827273734, -3.44741238223e-05, -0.000412435940234, 0.00129063753411, -0.00684687867761, 0.0199475269765]]
    spectral_contrast:
        mean: [4.33848356352e-07, -2.92935766311e-07, -1.79510251996e-07, -5.49915526449e-08, -2.70135757319e-07, -7.99370738491e-08, 1.44527336943e-06, -1.12636064387e-06, 5.54267501229e-07, -8.67540052241e-07, -3.65120217793e-06, 1.25615400748e-07]
        var: [0.000814172497485, 0.00105899188202, 0.002287624171, 0.00257755024359, 0.00311972945929, 0.00396578758955, 0.111302278936, 0.115193970501, 0.200085148215, 0.290886253119, 0.513293027878, 2.66598391533]

rhythm:
    beats_loudness:
        dmean: 0.00222191866487
        dmean2: 0.00383186736144
        dvar: 3.5293298879e-06
        dvar2: 1.19598780657e-05
        max: 0.0108114583418
        mean: 0.00546181946993
        min: 0.00323005393147
        var: 3.69642998521e-06
    beats_loudness_bass:
        dmean: 0.0995722040534
        dmean2: 0.181406021118
        dvar: 0.00491263251752
        dvar2: 0.0121906800196
        max: 0.278966724873
        mean: 0.146331936121
        min: 0.0292994510382
        var: 0.00609892001376
    bpm: 85.5617675781
    bpm_confidence: 0
    first_peak_bpm: 114
    first_peak_spread: 0.0909090638161
    first_peak_weight: 0.625
    onset_rate: 3.50744438171
    second_peak_bpm: 86
    second_peak_spread: 0
    second_peak_weight: 0.3125
    beats_position: [0.359716713428, 0.887492358685, 1.41526806355, 1.9430437088, 2.47081923485, 2.99859476089, 3.52637028694, 4.05414581299, 4.58192157745, 5.10969734192, 5.63747310638, 6.149518013, 6.85076570511, 7.55201387405, 8.25326251984, 8.95450973511, 9.65575790405]
    bpm_estimates: [85.5617752075, 85.4860839844, 85.4820175171, 85.5818557739, 85.6328125, 85.5579605103, 85.6298675537]
    bpm_intervals: [0.527775645256, 0.527775704861, 0.527775645256, 0.527775526047, 0.527775526047, 0.527775526047, 0.527775526047, 0.527775764465, 0.527775764465, 0.527775764465, 0.512044906616, 0.701247692108, 0.701248168945, 0.701248645782, 0.701247215271, 0.701248168945]
    onset_times: [0.0580498874187, 0.150929704309, 0.53405892849, 0.859138309956, 1.02167797089, 1.23065757751, 1.369977355, 1.764716506, 1.91564631462, 2.28716564178, 2.63546490669, 2.79800462723, 2.97215414047, 3.85451245308, 4.21442174911, 4.56272125244, 4.93424034119, 5.29414987564, 5.46829938889, 5.78176879883, 6.14167785645, 6.43192720413, 6.6989569664, 6.8382768631, 7.18657588959, 7.33750581741, 7.55809545517, 8.03410434723, 8.23147392273, 8.57977294922, 8.93968296051, 9.11383247375, 9.33442211151, 9.65950107574, 9.8800907135]
    rubato_start: [6.85076570511]
    rubato_stop: [7.55201387405]
    perceptual_tempo: "unknown"

sfx:
    inharmonicity:
        dmean: 0.061382997781
        dmean2: 0.107948347926
        dvar: 0.00318965199403
        dvar2: 0.00871191825718
        max: 0.355462402105
        mean: 0.0692578181624
        min: 0
        var: 0.0041638687253
    oddtoevenharmonicenergyratio:
        dmean: 5.61930036545
        dmean2: 10.7778596878
        dvar: 388.947845459
        dvar2: 1143.61755371
        max: 160.567993164
        mean: 3.42640066147
        min: 0
        var: 207.471557617
    pitch_after_max_to_before_max_energy_ratio: 3.33632731438
    pitch_centroid: 159.580459595
    pitch_max_to_total: 0.0957943946123
    pitch_min_to_total: 0.121495328844
    tristimulus:
        dmean: [0.18489381671, 0.269800662994, 0.164494082332]
        dmean2: [0.309473186731, 0.467281579971, 0.285817891359]
        dvar: [0.0244534667581, 0.0478387139738, 0.0207195524126]
        dvar2: [0.0650591254234, 0.129984736443, 0.056050427258]
        max: [1, 0.966297268867, 0.741849124432]
        mean: [0.295765221119, 0.464150637388, 0.155542269349]
        min: [0.00306297675706, 0, 0]
        var: [0.041678532958, 0.0694799795747, 0.0265199821442]

tonal:
    chords_changes_rate: 0.102325581014
    chords_number_rate: 0.0418604649603
    chords_strength:
        dmean: 0.0140892667696
        dmean2: 0.0172185841948
        dvar: 0.000110460787255
        dvar2: 0.000158616385306
        max: 0.707067787647
        mean: 0.519884705544
        min: 0.281248003244
        var: 0.00977923627943
    key_strength: 0.660660684109
    tuning_diatonic_strength: 0.581904411316
    tuning_equal_tempered_deviation: 0.196918934584
    tuning_frequency: 441.272583008
    tuning_nontempered_energy_ratio: 0.833917200565
    hpcp:
        dmean: [0.249659061432, 0.203236088157, 0.192685693502, 0.181780070066, 0.16501455009, 0.141742780805, 0.148257225752, 0.168330132961, 0.208441540599, 0.209801197052, 0.191445633769, 0.188932061195, 0.159670263529, 0.129522576928, 0.122604370117, 0.138831183314, 0.139532566071, 0.136461347342, 0.16569557786, 0.178150653839, 0.171021953225, 0.212240710855, 0.2085031569, 0.181017383933, 0.184608459473, 0.176029235125, 0.170659482479, 0.150991871953, 0.136024534702, 0.138679012656, 0.175229996443, 0.193738728762, 0.182837098837, 0.189873069525, 0.196532219648, 0.225991100073]
        dmean2: [0.437213391066, 0.355669766665, 0.320349812508, 0.310201644897, 0.270264625549, 0.234079137444, 0.246673300862, 0.290710687637, 0.364560395479, 0.339374929667, 0.318525373936, 0.337381869555, 0.276511281729, 0.216990873218, 0.202737748623, 0.223343536258, 0.227637439966, 0.231988042593, 0.283557772636, 0.304078042507, 0.294421613216, 0.374975264072, 0.370596975088, 0.319251835346, 0.312060385942, 0.294344812632, 0.295716881752, 0.264588743448, 0.23435048759, 0.230833917856, 0.295982390642, 0.326999098063, 0.29555118084, 0.31495642662, 0.324296236038, 0.381422221661]
        dvar: [0.0543175600469, 0.0452703982592, 0.0435497872531, 0.0410696603358, 0.0291470419616, 0.0271718800068, 0.0322744362056, 0.0391667596996, 0.0479938909411, 0.0429640449584, 0.0419599078596, 0.0509892404079, 0.0413781628013, 0.0256965272129, 0.0197114907205, 0.0289303455502, 0.024200854823, 0.0241646803916, 0.0427912063897, 0.0401086434722, 0.0306930635124, 0.0482279211283, 0.0490070022643, 0.0365865714848, 0.0398859158158, 0.0383624993265, 0.0416306108236, 0.0370095856488, 0.0265751313418, 0.0289882235229, 0.0312297493219, 0.0388371869922, 0.0471687167883, 0.0503664687276, 0.046462610364, 0.0500854328275]
        dvar2: [0.153143137693, 0.113294161856, 0.110267594457, 0.0942440405488, 0.072402343154, 0.0642981827259, 0.0701862052083, 0.100629508495, 0.128234088421, 0.115935705602, 0.103302516043, 0.154064327478, 0.113656774163, 0.0670100077987, 0.051216326654, 0.06174659729, 0.0504973344505, 0.0673127397895, 0.115517638624, 0.0960969999433, 0.0730997771025, 0.119969807565, 0.124611116946, 0.0883541926742, 0.096500582993, 0.10244936496, 0.101467609406, 0.0959533080459, 0.0694844946265, 0.0771732628345, 0.0707849115133, 0.0954181775451, 0.1230609864, 0.117023862898, 0.114426955581, 0.139289230108]
        max: [1, 1, 1, 1, 1, 1, 1, 1, 1, 1, 1, 1, 1, 1, 0.836086571217, 1, 1, 1, 1, 1, 1, 1, 1, 1, 1, 1, 1, 1, 1, 1, 1, 1, 1, 1, 1, 1]
        mean: [0.361526727676, 0.317686498165, 0.273721754551, 0.265854656696, 0.227097421885, 0.208709746599, 0.21534076333, 0.2131434232, 0.25785946846, 0.330272227526, 0.3016448915, 0.227705910802, 0.188104763627, 0.161760628223, 0.165204524994, 0.212152436376, 0.215567648411, 0.190894976258, 0.219751134515, 0.249889656901, 0.283787846565, 0.315486222506, 0.278197705746, 0.25701585412, 0.282451868057, 0.261160850525, 0.217663481832, 0.182589650154, 0.163388490677, 0.190791219473, 0.2792570889, 0.281938105822, 0.229581519961, 0.252705425024, 0.284526020288, 0.324915796518]
        min: [0.0101304827258, 0.00766338501126, 0.00709305796772, 0.00442129094154, 0.00618243310601, 0.00322204362601, 0.00360216759145, 0.00164305046201, 0.00313591910526, 0.00622217403725, 0.00172835821286, 0.00543059501797, 0.00249727885239, 0.00337294489145, 0.00493915844709, 0.00116583507042, 0.0029108398594, 0.00203341012821, 0.0020777087193, 0.00228915945627, 0.00438900152221, 0.00460567232221, 0.0041107754223, 0.00432063266635, 0.00366059271619, 0.00259372964501, 0.00229910225607, 0.00367015390657, 0.00232954812236, 0.00300687761046, 0.0028479937464, 0.00225384486839, 0.00472396798432, 0.00509997271001, 0.010896156542, 0.0114311985672]
        var: [0.0867299214005, 0.0824912041426, 0.0653198733926, 0.0648223981261, 0.0426713116467, 0.039865501225, 0.0534454844892, 0.0552405640483, 0.0666544958949, 0.0944150090218, 0.0763961821795, 0.0528492443264, 0.0419132374227, 0.0289428494871, 0.0256779100746, 0.0452570579946, 0.0397805683315, 0.0300393141806, 0.0504544228315, 0.0527720823884, 0.0491146184504, 0.0594670772552, 0.0535496212542, 0.0500752329826, 0.076878041029, 0.0688014104962, 0.0523053668439, 0.0396123453975, 0.0303320754319, 0.0356117598712, 0.0674757435918, 0.0636913329363, 0.0586542487144, 0.0739057734609, 0.0731642693281, 0.0725259482861]
    chords_histogram: [13.9534883499, 9.76744174957, 0.930232584476, 0, 0, 3.72093033791, 0, 0.465116292238, 0, 0, 7.44186067581, 0, 0, 0, 0, 0, 4.65116262436, 0, 10.2325582504, 0, 0, 1.39534878731, 16.2790699005, 31.1627902985]
    thpcp: [1, 0.878735840321, 0.757127285004, 0.735366523266, 0.628162205219, 0.577301025391, 0.595642745495, 0.589564800262, 0.713251471519, 0.913548588753, 0.834363996983, 0.629845321178, 0.520306646824, 0.447437524796, 0.456963509321, 0.586823642254, 0.5962703228, 0.528024494648, 0.607842028141, 0.69120657444, 0.784970581532, 0.872649788857, 0.769508004189, 0.710918009281, 0.781275212765, 0.722383260727, 0.602067470551, 0.505051612854, 0.451940268278, 0.527737498283, 0.772438287735, 0.779854118824, 0.63503330946, 0.698995113373, 0.787012398243, 0.898732423782]
    chords_key: "F"
    chords_scale: "major"
    key_key: "A"
    key_scale: "minor"
    chords_progression: ["G#m", "G#m", "G#m", "G#m", "G#m", "G#m", "G#m", "G#m", "G#m", "G#m", "G#m", "G#m", "G#m", "G#m", "G#m", "G#m", "Am", "Am", "Am", "Am", "Am", "Am", "Am", "Am", "Am", "F", "F", "F", "F", "F", "F", "F", "F", "F", "F", "F", "F", "F", "F", "F", "F", "F", "F", "F", "F", "F", "F", "F", "F", "F", "F", "F", "F", "F", "F", "F", "F", "F", "F", "F", "F", "F", "F", "Cm", "Cm", "Cm", "Cm", "Cm", "Cm", "Cm", "Cm", "Cm", "Cm", "Cm", "Cm", "Cm", "Cm", "Cm", "Cm", "Cm", "Cm", "Cm", "Cm", "Cm", "Cm", "F", "F", "F", "F", "F", "F", "F", "F", "F", "F", "F", "F", "F", "F", "F", "F", "F", "F", "F", "F", "F", "F", "F", "F", "F", "F", "F", "F", "Fm", "Fm", "F", "Fm", "Fm", "Fm", "Fm", "Fm", "Fm", "C", "Fm", "Fm", "Em", "C", "Em", "C", "C", "C", "C", "C", "C", "C", "C", "C", "C", "C", "C", "C", "C", "C", "C", "C", "C", "C", "Am", "Am", "Am", "Am", "Am", "Am", "Am", "Am", "Am", "Am", "Am", "Am", "Am", "Am", "Am", "Am", "Am", "Am", "Am", "Dm", "Dm", "Dm", "Dm", "Dm", "Dm", "Dm", "Dm", "Dm", "Dm", "Am", "Am", "A", "Dm", "Dm", "Dm", "Dm", "Dm", "Dm", "Dm", "Dm", "Dm", "Dm", "Dm", "Dm", "Dm", "Dm", "Dm", "Dm", "Dm", "Dm", "Dm", "Dm", "Dm", "Dm", "Dm", "D", "Dm", "Dm", "D", "D", "D", "D", "D", "D", "D", "A#", "A#", "A#"]
