
metadata:
    version:
        essentia: "1.2.2"
    audio_properties:
        analysis_sample_rate: 44100
        bitrate: 128
        channels: 2
        equal_loudness: 1
        length: 9.95265293121
        replay_gain: -14.0246143341
        downmix: "mix"
    tags:
        track: 40
        year: 0
        album: "Splitted by Mp3Splt v. 2.1"
        artist: "From 006.30 To 006.40"
        comment: "http://mp3splt.sf.net"
        genre: ""
        title: "04.mp3"

highlevel:
    ballroom:
        all:
            ChaChaCha: 0.0373269170523
            Jive: 0.900267899036
            Quickstep: 0.00947141367942
            Rumba-American: 0.000297812512144
            Rumba-International: 0.00177232013084
            Rumba-Misc: 0.000941983133089
            Samba: 0.0411929525435
            Tango: 0.000379236851586
            VienneseWaltz: 0.00743365706876
            Waltz: 0.000915802840609
        probability: 0.900267899036
        value: "Jive"
    culture:
        all:
            non_western: 0.229006230831
            western: 0.770993769169
        probability: 0.770993769169
        value: "western"
    gender:
        all:
            female: 0.136594548821
            male: 0.86340546608
        probability: 0.86340546608
        value: "male"
    genre_dortmund:
        all:
            alternative: 0.0839015468955
            blues: 0.0069197146222
            electronic: 0.0225523132831
            folkcountry: 0.019120387733
            funksoulrnb: 0.008375053294
            jazz: 0.00873433053493
            pop: 0.0440006069839
            raphiphop: 0.00217632041313
            rock: 0.804219722748
        probability: 0.804219722748
        value: "rock"
    genre_electronica:
        all:
            ambient: 0.0812724754214
            dnb: 0.035597294569
            house: 0.00426275888458
            techno: 0.00569594558328
            trance: 0.873171508312
        probability: 0.873171508312
        value: "trance"
    genre_rosamerica:
        all:
            cla: 0.00192612083629
            dan: 0.00618310738355
            hip: 0.000469900871394
            jaz: 0.000832065939903
            pop: 0.00299601932056
            rhy: 0.0043501756154
            roc: 0.982840240002
            spe: 0.000402390549425
        probability: 0.982840240002
        value: "roc"
    genre_tzanetakis:
        all:
            blu: 0.0106779085472
            cla: 0.0121578676626
            cou: 0.255348652601
            dis: 0.0308748930693
            hip: 0.00921012461185
            jaz: 0.0464187376201
            met: 0.183628812432
            pop: 0.0433752946556
            reg: 0.00845047924668
            roc: 0.399857223034
        probability: 0.399857223034
        value: "roc"
    live_studio:
        all:
            live: 0.669622719288
            studio: 0.330377280712
        probability: 0.669622719288
        value: "live"
    mood:
        all:
            Cluster1: 0.407748311758
            Cluster2: 0.137660801411
            Cluster3: 0.0482462011278
            Cluster4: 0.0433081462979
            Cluster5: 0.363036513329
        probability: 0.407748311758
        value: "Cluster1"
    mood_acoustic:
        all:
            acoustic: 0.00459842244163
            not_acoustic: 0.99540156126
        probability: 0.99540156126
        value: "not_acoustic"
    mood_aggressive:
        all:
            aggressive: 0.963593363762
            not_aggressive: 0.0364066623151
        probability: 0.963593363762
        value: "aggressive"
    mood_electronic:
        all:
            electronic: 0.462843745947
            not_electronic: 0.537156224251
        probability: 0.537156224251
        value: "not_electronic"
    mood_happy:
        all:
            happy: 0.728776037693
            not_happy: 0.271223962307
        probability: 0.728776037693
        value: "happy"
    mood_party:
        all:
            not_party: 0.494137853384
            party: 0.505862116814
        probability: 0.505862116814
        value: "party"
    mood_relaxed:
        all:
            not_relaxed: 0.90603852272
            relaxed: 0.0939614698291
        probability: 0.90603852272
        value: "not_relaxed"
    mood_sad:
        all:
            not_sad: 0.892929315567
            sad: 0.107070706785
        probability: 0.892929315567
        value: "not_sad"
    rhythm:
        all:
            fast: 0.937125325203
            medium: 0.0406945124269
            slow: 0.022180179134
        probability: 0.937125325203
        value: "fast"
    speech_music:
        all:
            music: 0.999867498875
            speech: 0.000132496745209
        probability: 0.999867498875
        value: "music"
    timbre:
        all:
            bright: 0.314843088388
            dark: 0.685156941414
        probability: 0.685156941414
        value: "dark"
    voice_instrumental:
        all:
            instrumental: 0.215138196945
            voice: 0.784861803055
        probability: 0.784861803055
        value: "voice"

lowlevel:
    average_loudness: 0.979039549828
    barkbands_kurtosis:
        dmean: 0.304809510708
        dmean2: 0.509827017784
        dvar: 0.137068197131
        dvar2: 0.33046066761
        max: 1.52679443359
        mean: -1.28567373753
        min: -1.83858346939
        var: 0.252389460802
    barkbands_skewness:
        dmean: 0.314217180014
        dmean2: 0.511342406273
        dvar: 0.0745280534029
        dvar2: 0.195551648736
        max: 1.38726627827
        mean: -0.0640739575028
        min: -1.51672446728
        var: 0.257456213236
    barkbands_spread:
        dmean: 4.19030857086
        dmean2: 6.7770485878
        dvar: 15.3645925522
        dvar2: 38.6861991882
        max: 62.6255569458
        mean: 38.1741027832
        min: 18.4692745209
        var: 48.4247283936
    dissonance:
        dmean: 0.0112840142101
        dmean2: 0.0196269117296
        dvar: 0.00015051549417
        dvar2: 0.000361236190656
        max: 0.498460441828
        mean: 0.47718551755
        min: 0.367279440165
        var: 0.00024755296181
    hfc:
        dmean: 3.11191964149
        dmean2: 5.27150344849
        dvar: 27.4429645538
        dvar2: 73.0240631104
        max: 44.2953948975
        mean: 9.59055423737
        min: 4.96338134326e-06
        var: 30.5539417267
    pitch:
        dmean: 1012.31018066
        dmean2: 1949.89282227
        dvar: 2077120
        dvar2: 4603472.5
        max: 4410
        mean: 1145.70849609
        min: 82.7392120361
        var: 2090086.75
    pitch_instantaneous_confidence:
        dmean: 0.0694897025824
        dmean2: 0.114790886641
        dvar: 0.00271476642229
        dvar2: 0.00697526056319
        max: 0.584306061268
        mean: 0.359893679619
        min: 0.176344573498
        var: 0.00733269192278
    pitch_salience:
        dmean: 0.0507144257426
        dmean2: 0.0824030265212
        dvar: 0.00190996972378
        dvar2: 0.00468543916941
        max: 0.967539727688
        mean: 0.65766453743
        min: 0.395591408014
        var: 0.00511940382421
    silence_rate_20dB:
        dmean: 0
        dmean2: 0
        dvar: 0
        dvar2: 0
        max: 1
        mean: 1
        min: 1
        var: 0
    silence_rate_30dB:
        dmean: 0
        dmean2: 0
        dvar: 0
        dvar2: 0
        max: 1
        mean: 1
        min: 1
        var: 0
    silence_rate_60dB:
        dmean: 0.0606060624123
        dmean2: 0.119158878922
        dvar: 0.0569332502782
        dvar2: 0.128324225545
        max: 1
        mean: 0.076744183898
        min: 0
        var: 0.07085467875
    spectral_centroid:
        dmean: 255.572723389
        dmean2: 423.0519104
        dvar: 61210.0078125
        dvar2: 156101.046875
        max: 3133.4230957
        mean: 1826.1529541
        min: 861.843994141
        var: 149532.71875
    spectral_complexity:
        dmean: 4.1144862175
        dmean2: 6.88056182861
        dvar: 18.353761673
        dvar2: 43.5571556091
        max: 43
        mean: 18.6247081757
        min: 0
        var: 41.9174232483
    spectral_crest:
        dmean: 1.53575730324
        dmean2: 2.53676581383
        dvar: 1.98503232002
        dvar2: 4.94351196289
        max: 15.5844459534
        mean: 6.09319639206
        min: 2.41567778587
        var: 5.6434879303
    spectral_decrease:
        dmean: 2.65015731582e-10
        dmean2: 4.42431702385e-10
        dvar: 1.45969176427e-19
        dvar2: 3.94406204263e-19
        max: -4.88631707931e-16
        mean: -1.14028109177e-09
        min: -4.27776836176e-09
        var: 2.32120166471e-19
    spectral_energy:
        dmean: 0.00124797143508
        dmean2: 0.00208676815964
        dvar: 3.58081751983e-06
        dvar2: 9.64636546996e-06
        max: 0.0201630145311
        mean: 0.00517357746139
        min: 2.29439822697e-09
        var: 5.11455937158e-06
    spectral_energyband_high:
        dmean: 0.000330554932589
        dmean2: 0.000560811371543
        dvar: 4.0785391775e-07
        dvar2: 1.08990968783e-06
        max: 0.00478686671704
        mean: 0.00054023345001
        min: 2.51101139881e-10
        var: 3.90996461874e-07
    spectral_energyband_low:
        dmean: 0.000147043043398
        dmean2: 0.000256346713286
        dvar: 6.74478286555e-08
        dvar2: 1.9514945393e-07
        max: 0.0017625692999
        mean: 0.000253814680036
        min: 7.90024642927e-11
        var: 6.04427512485e-08
    spectral_energyband_middle_high:
        dmean: 0.000612756004557
        dmean2: 0.00101690762676
        dvar: 5.33149716375e-07
        dvar2: 1.39042049341e-06
        max: 0.00748504837975
        mean: 0.00234174542129
        min: 1.7031335231e-09
        var: 1.1840758134e-06
    spectral_energyband_middle_low:
        dmean: 0.000636886223219
        dmean2: 0.00103013182525
        dvar: 6.19622539944e-07
        dvar2: 1.62553999417e-06
        max: 0.00912699382752
        mean: 0.00203776825219
        min: 2.42839637288e-10
        var: 1.53974201567e-06
    spectral_flatness_db:
        dmean: 0.0126124788076
        dmean2: 0.0198195390403
        dvar: 0.000110662185762
        dvar2: 0.000271655764664
        max: 0.197250127792
        mean: 0.127161592245
        min: 0.0538055710495
        var: 0.000358156248694
    spectral_flux:
        dmean: 0.00723747862503
        dmean2: 0.0116720544174
        dvar: 6.91655077389e-05
        dvar2: 0.000132353961817
        max: 0.0997909829021
        mean: 0.0415210798383
        min: 4.78998772451e-05
        var: 0.000164364450029
    spectral_kurtosis:
        dmean: 0.720947384834
        dmean2: 1.16120660305
        dvar: 0.395700782537
        dvar2: 1.03712391853
        max: 6.4429693222
        mean: 2.5678858757
        min: 0.267465591431
        var: 0.946614325047
    spectral_rms:
        dmean: 0.000252124358667
        dmean2: 0.000410905980971
        dvar: 1.02020152326e-07
        dvar2: 2.57625458744e-07
        max: 0.00443522632122
        mean: 0.00220148987137
        min: 1.49614083966e-06
        var: 2.00834122666e-07
    spectral_rolloff:
        dmean: 304.835632324
        dmean2: 517.250427246
        dvar: 90225.0859375
        dvar2: 206419.453125
        max: 4866.50390625
        mean: 3534.90795898
        min: 2239.453125
        var: 192505.421875
    spectral_skewness:
        dmean: 0.153797239065
        dmean2: 0.25208491087
        dvar: 0.0280582029372
        dvar2: 0.0728753656149
        max: 1.79261445999
        mean: 1.23246657848
        min: 0.338735878468
        var: 0.0450235456228
    spectral_spread:
        dmean: 643873.8125
        dmean2: 887073.75
        dvar: 863999098880
        dvar2: 1.18964499251e+12
        max: 22214384
        mean: 5409565
        min: 3418993.25
        var: 1.75019681382e+12
    spectral_strongpeak:
        dmean: 0.428234815598
        dmean2: 0.730602264404
        dvar: 0.470615059137
        dvar2: 1.14762914181
        max: 4.82536315918
        mean: 0.652909934521
        min: 4.70992999908e-05
        var: 0.606810152531
    zerocrossingrate:
        dmean: 0.00711772590876
        dmean2: 0.00825847126544
        dvar: 3.89304368582e-05
        dvar2: 4.79940354126e-05
        max: 0.14501953125
        mean: 0.105515412986
        min: 0.02978515625
        var: 0.000245027185883
    barkbands:
        dmean: [7.12155610927e-07, 6.81156525388e-05, 9.66373627307e-05, 0.000128059808048, 0.000322851759847, 0.000229430079344, 0.000143472119817, 9.61477053352e-05, 0.000140061820275, 3.68650144082e-05, 3.39204561897e-05, 5.28483506059e-05, 3.38305690093e-05, 7.2849499702e-05, 5.32048579771e-05, 0.000128399580717, 0.000195354732568, 0.000152380860527, 0.000257015490206, 0.000243822709308, 0.000170644096215, 5.68973773625e-05, 9.5916338978e-06, 2.83036229121e-06, 4.93506558996e-06, 1.43113766171e-07, 3.20426518652e-10]
        dmean2: [1.18224284051e-06, 0.000117539333587, 0.000169392384123, 0.000220364978304, 0.000527716591023, 0.000378103752155, 0.000220311107114, 0.000150469699292, 0.000204439696972, 6.13233132754e-05, 5.51604207431e-05, 8.631349192e-05, 5.726893869e-05, 0.000116824390716, 9.08361107577e-05, 0.00020898184448, 0.000306407077005, 0.000247663760092, 0.000439403462224, 0.000421585602453, 0.000296905403957, 9.27942091948e-05, 1.49697907545e-05, 4.21609865953e-06, 7.56627832743e-06, 2.17473001385e-07, 5.74750580462e-10]
        dvar: [1.30004069576e-12, 1.80976300612e-08, 2.28234338095e-08, 2.01123686594e-08, 1.30645005925e-07, 1.26319619653e-07, 5.16858449373e-08, 2.68134972004e-08, 6.28556833249e-08, 7.52357198763e-09, 2.48956588678e-09, 1.19466356807e-08, 4.85732742916e-09, 8.3958076047e-09, 8.49387848945e-09, 1.81606925054e-08, 3.56173117666e-08, 3.74864015384e-08, 9.13482054443e-08, 1.4181605934e-07, 1.21054455349e-07, 1.06242845632e-08, 1.87443935373e-10, 1.74686428517e-11, 9.19130466182e-11, 6.59514557224e-14, 1.23098886185e-19]
        dvar2: [3.69531098429e-12, 4.95791852018e-08, 6.85566448055e-08, 5.94434190759e-08, 3.4385732306e-07, 3.27120915244e-07, 1.23810664832e-07, 5.26176364701e-08, 1.18499386303e-07, 1.84118551516e-08, 6.05852967794e-09, 2.58184282842e-08, 1.32005384401e-08, 2.10501944764e-08, 2.35801191906e-08, 4.54137492056e-08, 8.24930523891e-08, 9.18322271559e-08, 2.57737497122e-07, 3.727809883e-07, 3.35243214522e-07, 2.66029189788e-08, 3.7761360705e-10, 3.65358854282e-11, 2.17612344811e-10, 1.54209083654e-13, 3.47182049502e-19]
        max: [6.10445204074e-06, 0.000996492104605, 0.00120443990454, 0.00131612992845, 0.00341645302251, 0.00340781453997, 0.00293033197522, 0.00204640254378, 0.00400092406198, 0.00105086760595, 0.000623390485998, 0.00140475202352, 0.000964623759501, 0.00117502093781, 0.00111803784966, 0.00206690491177, 0.0021415350493, 0.00164266524371, 0.00303421961144, 0.00261133327149, 0.00259927054867, 0.00114888022654, 0.00010721135186, 4.66572746518e-05, 8.45707618282e-05, 2.00210843104e-06, 1.9203050261e-09]
        mean: [6.87495116836e-07, 9.72311245278e-05, 0.000155911664478, 0.000185467724805, 0.000753974425606, 0.000320367602399, 0.000266321294475, 0.000177600421011, 0.000322545267409, 7.0674053859e-05, 6.18834383204e-05, 9.74116555881e-05, 5.60028711334e-05, 0.000139770447277, 9.78718599072e-05, 0.000271837518085, 0.000453548855148, 0.000303066772176, 0.000575825863052, 0.000413002533605, 0.000226039992413, 9.181418136e-05, 2.22169237531e-05, 5.77579248784e-06, 6.54516588838e-06, 1.8370681687e-07, 2.92414148451e-10]
        min: [3.28237090286e-11, 4.23181212295e-11, 2.04242976698e-11, 1.47477134671e-11, 2.32827750135e-11, 1.85842452538e-11, 2.62580790444e-11, 4.87980246489e-11, 9.86592196828e-11, 7.31481264449e-11, 6.3829316832e-11, 8.59506632533e-11, 3.96694864457e-11, 1.93669760784e-10, 4.51748638497e-10, 6.36813490829e-10, 7.20381462815e-11, 2.24735161036e-11, 3.62970070666e-11, 1.10234300854e-10, 8.46866743398e-11, 4.27073654219e-11, 8.43865081979e-12, 8.28261591257e-12, 2.69551811427e-11, 5.44932198324e-12, 1.80248272363e-13]
        var: [1.53655538813e-12, 1.61628648243e-08, 2.27539658226e-08, 3.01753750875e-08, 3.16620031526e-07, 1.48946156742e-07, 1.24782076227e-07, 6.80155736177e-08, 4.11244116094e-07, 2.10626147634e-08, 7.74855113406e-09, 2.81656298284e-08, 5.52086865113e-09, 1.56145709695e-08, 1.88748501273e-08, 6.05996248737e-08, 8.32254656302e-08, 5.80955337171e-08, 1.19989735481e-07, 1.43486971638e-07, 9.4621277924e-08, 1.18598366683e-08, 3.70233704805e-10, 3.46951668784e-11, 9.87228770954e-11, 7.58943485856e-14, 1.2942516351e-19]
    mfcc:
        mean: [-675.836303711, 89.4833297729, -38.2622451782, 58.1740112305, -9.31013965607, -7.01729679108, -10.4068593979, -6.59939479828, -6.11927652359, -8.05418968201, 0.401507049799, -5.58566427231, -2.80544376373]
        cov: [[2030.92285156, -152.349807739, 65.9179763794, -34.039478302, -142.726531982, -28.1583747864, 6.5489730835, 17.7749671936, -55.6039886475, -36.0489234924, -14.6884059906, -6.59685373306, -33.4833908081], [-152.349807739, 215.30140686, -61.5452766418, 43.7077140808, 3.1782977581, -3.40299940109, 6.88423299789, 22.8911914825, -13.917142868, 10.5879487991, 7.35044240952, 20.2410030365, -1.17470943928], [65.9179763794, -61.5452766418, 144.149917603, -1.55858957767, 3.35417485237, 6.08653211594, 10.0453891754, -7.80539131165, 10.1195259094, -8.18734931946, 10.2858572006, 12.2065668106, 11.139708519], [-34.039478302, 43.7077140808, -1.55858957767, 222.172698975, 71.8221664429, 43.0714492798, -15.8550195694, -24.2118682861, 14.04322052, 17.5251293182, 7.3916888237, 4.67252349854, 13.5443487167], [-142.726531982, 3.1782977581, 3.35417485237, 71.8221664429, 142.507125854, 22.2955970764, -21.2835636139, -9.03964710236, 10.9984235764, 16.8521614075, 8.3340473175, -10.1386957169, 11.3255777359], [-28.1583747864, -3.40299940109, 6.08653211594, 43.0714492798, 22.2955970764, 81.1083831787, 39.944934845, 9.08429145813, 9.24951457977, 9.31341743469, 2.79581022263, 6.68886947632, 3.49695587158], [6.5489730835, 6.88423299789, 10.0453891754, -15.8550195694, -21.2835636139, 39.944934845, 97.4739151001, 37.9427566528, 5.29214715958, -7.77049303055, 1.5062328577, 15.4254550934, 5.72746419907], [17.7749671936, 22.8911914825, -7.80539131165, -24.2118682861, -9.03964710236, 9.08429145813, 37.9427566528, 67.688369751, 14.9489822388, 3.72201013565, -5.1946554184, 12.1648073196, 0.099788017571], [-55.6039886475, -13.917142868, 10.1195259094, 14.04322052, 10.9984235764, 9.24951457977, 5.29214715958, 14.9489822388, 61.5324630737, 30.1834201813, 6.48228597641, -0.150339886546, 3.29376482964], [-36.0489234924, 10.5879487991, -8.18734931946, 17.5251293182, 16.8521614075, 9.31341743469, -7.77049303055, 3.72201013565, 30.1834201813, 63.1113052368, 20.5144634247, 5.20437383652, -10.2399225235], [-14.6884059906, 7.35044240952, 10.2858572006, 7.3916888237, 8.3340473175, 2.79581022263, 1.5062328577, -5.1946554184, 6.48228597641, 20.5144634247, 53.2245254517, 18.7337017059, 0.0158967040479], [-6.59685373306, 20.2410030365, 12.2065668106, 4.67252349854, -10.1386957169, 6.68886947632, 15.4254550934, 12.1648073196, -0.150339886546, 5.20437383652, 18.7337017059, 50.0047035217, 18.1402854919], [-33.4833908081, -1.17470943928, 11.139708519, 13.5443487167, 11.3255777359, 3.49695587158, 5.72746419907, 0.099788017571, 3.29376482964, -10.2399225235, 0.0158967040479, 18.1402854919, 55.3750953674]]
        icov: [[0.00062344816979, 0.000599009159487, -0.000217415290535, -0.000431762251537, 0.000731234322302, 0.00019693125796, 0.000148559702211, -0.000805494142696, 0.000965404440649, -0.0002179487783, -0.000121983925055, 0.000204547657631, 0.000198422960239], [0.000599009159487, 0.00714777084067, 0.00235156924464, -0.002403390361, 0.000729132734705, 0.00196513347328, -0.000488456222229, -0.00340688135475, 0.0034814667888, -0.00141595827881, -0.000599572609644, -0.00215199147351, 0.000648279790767], [-0.000217415290535, 0.00235156924464, 0.00887574441731, -7.00806631357e-05, -0.000819730921648, 0.000316224410199, -0.00118154927623, 0.00162440375425, -0.00235124165192, 0.00240100361407, -0.00131436856464, -0.00315727829002, 3.55257179763e-05], [-0.000431762251537, -0.002403390361, -7.00806631357e-05, 0.00733064301312, -0.00290981959552, -0.00407010968775, 0.00136710342485, 0.0038078147918, -0.00279867672361, 0.000498016364872, 0.000797128712293, -0.00124268094078, -0.000721662654541], [0.000731234322302, 0.000729132734705, -0.000819730921648, -0.00290981959552, 0.0106999315321, -0.00247805635445, 0.00322900037281, -0.00296273129061, 0.00190129736438, -0.00193059805315, -0.00240627140738, 0.00470932899043, -0.00303843477741], [0.00019693125796, 0.00196513347328, 0.000316224410199, -0.00407010968775, -0.00247805635445, 0.0206164009869, -0.0104081947356, 0.00096808251692, 0.00096428085817, -0.00347828352824, 0.0017118541291, -0.00144271366298, 0.00114390801173], [0.000148559702211, -0.000488456222229, -0.00118154927623, 0.00136710342485, 0.00322900037281, -0.0104081947356, 0.0196110662073, -0.00895416550338, -0.000300177023746, 0.00410679681227, -0.00261046038941, -0.000501153990626, -0.0010903965449], [-0.000805494142696, -0.00340688135475, 0.00162440375425, 0.0038078147918, -0.00296273129061, 0.00096808251692, -0.00895416550338, 0.0257787629962, -0.00878581404686, 0.000557174091227, 0.00587416021153, -0.0069087841548, 0.00249420385808], [0.000965404440649, 0.0034814667888, -0.00235124165192, -0.00279867672361, 0.00190129736438, 0.00096428085817, -0.000300177023746, -0.00878581404686, 0.0278357286006, -0.0140998354182, -0.000435677182395, 0.00543440645561, -0.00463090045378], [-0.0002179487783, -0.00141595827881, 0.00240100361407, 0.000498016364872, -0.00193059805315, -0.00347828352824, 0.00410679681227, 0.000557174091227, -0.0140998354182, 0.0283375103027, -0.00778875499964, -0.00395720358938, 0.00679949484766], [-0.000121983925055, -0.000599572609644, -0.00131436856464, 0.000797128712293, -0.00240627140738, 0.0017118541291, -0.00261046038941, 0.00587416021153, -0.000435677182395, -0.00778875499964, 0.0269030388445, -0.011176854372, 0.00286572962068], [0.000204547657631, -0.00215199147351, -0.00315727829002, -0.00124268094078, 0.00470932899043, -0.00144271366298, -0.000501153990626, -0.0069087841548, 0.00543440645561, -0.00395720358938, -0.011176854372, 0.0336911231279, -0.0118793034926], [0.000198422960239, 0.000648279790767, 3.55257179763e-05, -0.000721662654541, -0.00303843477741, 0.00114390801173, -0.0010903965449, 0.00249420385808, -0.00463090045378, 0.00679949484766, 0.00286572962068, -0.0118793034926, 0.0244427584112]]
    spectral_contrast:
        mean: [-2.7720849971e-07, -8.69929124292e-08, -3.89097465359e-07, -4.3255047899e-07, -7.51049782366e-08, -5.00699854911e-07, -1.92478546523e-06, 1.102755391e-06, 5.13655891154e-07, -7.90282570051e-07, -3.65630739907e-06, 1.76118521722e-06]
        var: [0.000391606590711, 0.000490844657179, 0.00126303092111, 0.00197452120483, 0.00248183123767, 0.00368343875743, 0.0368462093174, 0.0658253729343, 0.104033105075, 0.135939389467, 0.318602263927, 0.920420706272]

rhythm:
    beats_loudness:
        dmean: 0.00189406028949
        dmean2: 0.00370374880731
        dvar: 3.45222633769e-06
        dvar2: 1.01351324702e-05
        max: 0.00981659535319
        mean: 0.00501642655581
        min: 0.00255293678492
        var: 3.32357012667e-06
    beats_loudness_bass:
        dmean: 0.0655544474721
        dmean2: 0.118413224816
        dvar: 0.00165993673727
        dvar2: 0.0042793112807
        max: 0.198467031121
        mean: 0.087932035327
        min: 0.00882855243981
        var: 0.00331808440387
    bpm: 83.8207626343
    bpm_confidence: 0
    first_peak_bpm: 163
    first_peak_spread: 0
    first_peak_weight: 0.5
    onset_rate: 3.61712598801
    second_peak_bpm: 84
    second_peak_spread: 0
    second_peak_weight: 0.444444447756
    beats_position: [0.118681706488, 0.834495544434, 1.55030930042, 2.26612305641, 2.98193693161, 3.69775080681, 4.41356468201, 5.12937831879, 5.8451924324, 6.41150093079, 6.77912521362, 7.1467499733, 7.51437473297, 7.88199949265, 8.24962425232, 8.61724853516, 8.98487377167, 9.3524980545, 9.72012329102]
    bpm_estimates: [83.8880767822, 83.9356460571, 83.8038482666, 83.7867279053, 83.6895141602]
    bpm_intervals: [0.715813815594, 0.715813755989, 0.715813755989, 0.715813875198, 0.715813875198, 0.715813875198, 0.71581363678, 0.715814113617, 0.566308498383, 0.367624282837, 0.367624759674, 0.367624759674, 0.367624759674, 0.367624759674, 0.367624282837, 0.367625236511, 0.367624282837, 0.367625236511]
    onset_times: [0.0580498874187, 0.220589563251, 0.568888902664, 0.708208620548, 0.905578255653, 1.07972788811, 1.25387752056, 1.43963718414, 2.00852608681, 2.19428563118, 2.90249443054, 3.08825397491, 3.27401351929, 3.43655323982, 3.55265307426, 3.63392281532, 3.78485250473, 3.99383211136, 4.34213161469, 4.51628112793, 4.7020406723, 5.07356023788, 5.79337882996, 6.13006782532, 6.1648979187, 6.48997735977, 6.53641700745, 7.27945566177, 7.6858048439, 8.05732440948, 8.40562343597, 8.75392246246, 9.16027164459, 9.31120204926, 9.50857162476, 9.86848068237]
    rubato_start: [6.77912521362]
    rubato_stop: [9.72012329102]
    perceptual_tempo: "unknown"

sfx:
    inharmonicity:
        dmean: 0.0530325062573
        dmean2: 0.09442358464
        dvar: 0.00303864106536
        dvar2: 0.00912691093981
        max: 0.329819977283
        mean: 0.0602564252913
        min: 0.000454550085124
        var: 0.00294150691479
    oddtoevenharmonicenergyratio:
        dmean: 1.73181605339
        dmean2: 3.19439291954
        dvar: 10.8611001968
        dvar2: 29.7506904602
        max: 27.7739276886
        mean: 1.3126065731
        min: 0.00427495455369
        var: 7.68242549896
    pitch_after_max_to_before_max_energy_ratio: 0.902935147285
    pitch_centroid: 221.328536987
    pitch_max_to_total: 0.524475514889
    pitch_min_to_total: 0.515151500702
    tristimulus:
        dmean: [0.181452855468, 0.259986460209, 0.156127288938]
        dmean2: [0.322327017784, 0.441161453724, 0.267335057259]
        dvar: [0.0217635110021, 0.0421122536063, 0.0163715686649]
        dvar2: [0.0596546828747, 0.128427177668, 0.0489651784301]
        max: [0.78401273489, 0.973951458931, 0.672607421875]
        mean: [0.331344664097, 0.432703256607, 0.176303058863]
        min: [0.0130999647081, 0, 0]
        var: [0.0289981458336, 0.0541743114591, 0.0219924747944]

tonal:
    chords_changes_rate: 0.0511627905071
    chords_number_rate: 0.0139534883201
    chords_strength:
        dmean: 0.00565176969394
        dmean2: 0.00688294647262
        dvar: 1.96891305677e-05
        dvar2: 2.90763000521e-05
        max: 0.573563337326
        mean: 0.493669062853
        min: 0.431180536747
        var: 0.00139783881605
    key_strength: 0.745772361755
    tuning_diatonic_strength: 0.618759334087
    tuning_equal_tempered_deviation: 0.0997872725129
    tuning_frequency: 441.782684326
    tuning_nontempered_energy_ratio: 0.676551222801
    hpcp:
        dmean: [0.093998119235, 0.0944316461682, 0.104579217732, 0.0932275056839, 0.08484390378, 0.163492903113, 0.142897471786, 0.173191964626, 0.110749557614, 0.0778272300959, 0.076015420258, 0.124235667288, 0.169866710901, 0.128904134035, 0.159047335386, 0.143385544419, 0.127214923501, 0.166505292058, 0.180121347308, 0.156387597322, 0.15966796875, 0.205411121249, 0.172847136855, 0.110874861479, 0.0808114632964, 0.0704420506954, 0.0750147849321, 0.119779467583, 0.117082931101, 0.094466842711, 0.118007846177, 0.137744322419, 0.131908088923, 0.104537822306, 0.0928517282009, 0.105779908597]
        dmean2: [0.147953286767, 0.158440992236, 0.178833276033, 0.156078234315, 0.140736848116, 0.277294039726, 0.245368361473, 0.274568736553, 0.18815292418, 0.132185906172, 0.12900005281, 0.205561205745, 0.281197428703, 0.213843584061, 0.273339092731, 0.243309661746, 0.206215649843, 0.283549934626, 0.293992727995, 0.256848007441, 0.253279834986, 0.325579583645, 0.274016946554, 0.182878211141, 0.13526442647, 0.119697168469, 0.120406530797, 0.192846670747, 0.188737884164, 0.159577131271, 0.180775657296, 0.224482700229, 0.21940729022, 0.17279741168, 0.157758384943, 0.179489701986]
        dvar: [0.0101297888905, 0.0155858825892, 0.0185392629355, 0.0104992007837, 0.00894771423191, 0.0185695141554, 0.0382964201272, 0.0181587282568, 0.0173879060894, 0.0148470858112, 0.0101384967566, 0.0258184801787, 0.0379424318671, 0.025001225993, 0.0430275984108, 0.0294668804854, 0.0233282577246, 0.0361277572811, 0.0302066933364, 0.0212925691158, 0.0237115751952, 0.0369090475142, 0.0264817737043, 0.0158533081412, 0.0145306149498, 0.0175411775708, 0.0131753440946, 0.0146310348064, 0.0131007656455, 0.0161341968924, 0.0198612175882, 0.0205147247761, 0.0186651814729, 0.0148184513673, 0.0110396295786, 0.0170135851949]
        dvar2: [0.0254115518183, 0.0379390642047, 0.0473635531962, 0.0264822524041, 0.023526057601, 0.046226773411, 0.0839723423123, 0.0519872866571, 0.0434312075377, 0.0399107187986, 0.0228176265955, 0.0579574853182, 0.0913831889629, 0.0597968176007, 0.120544977486, 0.0798973664641, 0.058223169297, 0.0844735726714, 0.0713625475764, 0.0547140724957, 0.0632246807218, 0.0854011178017, 0.0616192184389, 0.0409001335502, 0.0307717844844, 0.0424513928592, 0.0306335613132, 0.0383085347712, 0.0323674827814, 0.038352292031, 0.0448921248317, 0.0562805086374, 0.0457095168531, 0.0367776416242, 0.0270747989416, 0.0502810589969]
        max: [1, 1, 0.930418848991, 0.833367347717, 0.723496079445, 1, 1, 1, 1, 1, 0.736666142941, 1, 1, 1, 1, 1, 1, 1, 1, 1, 1, 1, 1, 0.934297204018, 1, 1, 1, 0.8128708601, 0.869674146175, 1, 1, 0.971204638481, 1, 0.805909991264, 0.702340722084, 1]
        mean: [0.174139380455, 0.160730883479, 0.167626827955, 0.145991459489, 0.12527397275, 0.415500491858, 0.808389782906, 0.555760324001, 0.16077439487, 0.10906033963, 0.120855748653, 0.185435786843, 0.23277977109, 0.201257556677, 0.191852927208, 0.197502851486, 0.187590166926, 0.249464482069, 0.272052049637, 0.240585252643, 0.308973759413, 0.386390894651, 0.299201846123, 0.16640175879, 0.114250726998, 0.0916825607419, 0.113324798644, 0.2138864398, 0.212078899145, 0.158499822021, 0.204773664474, 0.235174506903, 0.224799335003, 0.186016723514, 0.153610259295, 0.173006027937]
        min: [0.00923072732985, 0.0182374045253, 0.0120245916769, 0.00765625061467, 0.00725866062567, 0.053389787674, 0.0644349381328, 0.0724138244987, 0.0129693048075, 0.00632653106004, 0.00586832361296, 0.0169209744781, 0.0230916831642, 0.0203935522586, 0.013244186528, 0.0105844587088, 0.0125948973, 0.0157028734684, 0.0132575063035, 0.0201014466584, 0.0204962212592, 0.0380872376263, 0.024760497734, 0.0121055459604, 0.00422669108957, 0.00478844484314, 0.00865109451115, 0.0185612086207, 0.0224446821958, 0.0153457606211, 0.00905330851674, 0.0130922831595, 0.0193866658956, 0.00913153123111, 0.00874325726181, 0.00599234597757]
        var: [0.0261449087411, 0.0275431275368, 0.0256117861718, 0.0151354176924, 0.0118232769892, 0.0361923128366, 0.0750317499042, 0.0488821156323, 0.0216873250902, 0.0154710924253, 0.0166155435145, 0.0390874445438, 0.0521634705365, 0.0322823598981, 0.038815330714, 0.0352035611868, 0.0360310040414, 0.0549425929785, 0.0522989407182, 0.035204231739, 0.058644849807, 0.0773370862007, 0.051404748112, 0.0222581904382, 0.0211574975401, 0.0225816424936, 0.0152552062646, 0.0249496009201, 0.0235529411584, 0.0252959989011, 0.045478630811, 0.0398862734437, 0.0284825414419, 0.0212006568909, 0.016187844798, 0.0243325456977]
    chords_histogram: [49.3023262024, 0, 16.2790699005, 0, 0, 0, 0, 0, 0, 0, 0, 0, 0, 0, 0, 0, 0, 34.4186058044, 0, 0, 0, 0, 0, 0]
    thpcp: [1, 0.687490522861, 0.198882266879, 0.134910583496, 0.149501830339, 0.229389071465, 0.287954866886, 0.248961031437, 0.237327247858, 0.244316369295, 0.232054099441, 0.308594316244, 0.336535722017, 0.297610461712, 0.382208883762, 0.477975964546, 0.370120763779, 0.20584346354, 0.141331240535, 0.113413803279, 0.140185832977, 0.264583289623, 0.262347340584, 0.196068555117, 0.25331056118, 0.290917217731, 0.278082847595, 0.230107709765, 0.190020039678, 0.214013129473, 0.215415120125, 0.198828443885, 0.207358911633, 0.180595383048, 0.154967293143, 0.513985335827]
    chords_key: "E"
    chords_scale: "major"
    key_key: "E"
    key_scale: "major"
    chords_progression: ["Em", "Em", "Em", "Em", "Em", "Em", "Em", "Em", "Em", "Em", "Em", "Em", "Em", "Em", "Em", "Em", "Em", "Em", "Em", "Em", "Em", "Em", "E", "E", "E", "E", "E", "E", "E", "E", "E", "E", "E", "Em", "Em", "E", "E", "E", "E", "E", "E", "E", "E", "E", "E", "E", "E", "E", "E", "E", "E", "E", "E", "E", "E", "E", "E", "E", "B", "B", "E", "B", "B", "B", "B", "B", "E", "E", "E", "E", "E", "E", "E", "E", "E", "E", "E", "E", "E", "E", "E", "E", "E", "E", "E", "E", "E", "E", "E", "E", "E", "E", "E", "E", "E", "E", "E", "E", "E", "E", "E", "E", "E", "E", "E", "E", "E", "E", "E", "E", "E", "E", "E", "E", "E", "E", "E", "E", "E", "E", "E", "E", "E", "E", "E", "E", "E", "E", "E", "E", "E", "E", "E", "E", "E", "E", "E", "Em", "Em", "Em", "Em", "Em", "Em", "Em", "Em", "Em", "Em", "Em", "Em", "Em", "Em", "Em", "Em", "Em", "Em", "Em", "Em", "Em", "Em", "Em", "Em", "Em", "Em", "Em", "Em", "Em", "Em", "Em", "Em", "Em", "Em", "Em", "Em", "Em", "Em", "Em", "Em", "Em", "Em", "Em", "Em", "Em", "B", "B", "B", "B", "B", "B", "B", "B", "B", "B", "B", "Em", "Em", "Em", "Em", "Em", "B", "B", "B", "B", "B", "B", "B", "B", "B", "B", "B", "B", "B", "B", "B", "B", "B"]
