
metadata:
    version:
        essentia: "1.2.2"
    audio_properties:
        analysis_sample_rate: 44100
        bitrate: 128
        channels: 2
        equal_loudness: 1
        length: 10.0048980713
        replay_gain: 3.20632362366
        downmix: "mix"
    tags:
        track: 2
        year: 0
        album: "Splitted by Mp3Splt v. 2.1"
        artist: "From 000.10 To 000.20"
        comment: "http://mp3splt.sf.net"
        genre: ""
        title: "01 Take California.mp3"

highlevel:
    ballroom:
        all:
            ChaChaCha: 0.000681877834722
            Jive: 0.000297198450426
            Quickstep: 8.94645636436e-05
            Rumba-American: 0.00572003144771
            Rumba-International: 0.899284541607
            Rumba-Misc: 0.0867475867271
            Samba: 0.000407164829085
            Tango: 0.00011269107199
            VienneseWaltz: 0.00190041784663
            Waltz: 0.00475901504979
        probability: 0.899284541607
        value: "Rumba-International"
    culture:
        all:
            non_western: 0.796686768532
            western: 0.203313201666
        probability: 0.796686768532
        value: "non_western"
    gender:
        all:
            female: 0.718146562576
            male: 0.281853467226
        probability: 0.718146562576
        value: "female"
    genre_dortmund:
        all:
            alternative: 0.314014911652
            blues: 0.00287700374611
            electronic: 0.411672830582
            folkcountry: 0.014992245473
            funksoulrnb: 0.00366469821893
            jazz: 0.064980186522
            pop: 0.0204982291907
            raphiphop: 0.0011085185688
            rock: 0.166191384196
        probability: 0.411672830582
        value: "electronic"
    genre_electronica:
        all:
            ambient: 0.976872742176
            dnb: 0.00271741091274
            house: 0.00605507940054
            techno: 0.00981883052737
            trance: 0.00453595072031
        probability: 0.976872742176
        value: "ambient"
    genre_rosamerica:
        all:
            cla: 0.107043489814
            dan: 0.0481941476464
            hip: 0.041121955961
            jaz: 0.194976314902
            pop: 0.0526989139616
            rhy: 0.226149648428
            roc: 0.304770678282
            spe: 0.0250448398292
        probability: 0.304770678282
        value: "roc"
    genre_tzanetakis:
        all:
            blu: 0.263159513474
            cla: 0.244522929192
            cou: 0.0493543893099
            dis: 0.0314953923225
            hip: 0.0452564097941
            jaz: 0.124412536621
            met: 0.0336322970688
            pop: 0.0493048094213
            reg: 0.0848334953189
            roc: 0.0740282163024
        probability: 0.263159513474
        value: "blu"
    live_studio:
        all:
            live: 0.566336274147
            studio: 0.433663725853
        probability: 0.566336274147
        value: "live"
    mood:
        all:
            Cluster1: 0.478905618191
            Cluster2: 0.0221142936498
            Cluster3: 0.3462882936
            Cluster4: 0.0306245088577
            Cluster5: 0.122067295015
        probability: 0.478905618191
        value: "Cluster1"
    mood_acoustic:
        all:
            acoustic: 0.295908212662
            not_acoustic: 0.704091787338
        probability: 0.704091787338
        value: "not_acoustic"
    mood_aggressive:
        all:
            aggressive: 0.0399338938296
            not_aggressive: 0.960066080093
        probability: 0.960066080093
        value: "not_aggressive"
    mood_electronic:
        all:
            electronic: 0.727366507053
            not_electronic: 0.272633492947
        probability: 0.727366507053
        value: "electronic"
    mood_happy:
        all:
            happy: 0.0426034070551
            not_happy: 0.957396566868
        probability: 0.957396566868
        value: "not_happy"
    mood_party:
        all:
            not_party: 0.980828523636
            party: 0.0191714931279
        probability: 0.980828523636
        value: "not_party"
    mood_relaxed:
        all:
            not_relaxed: 0.17414316535
            relaxed: 0.825856804848
        probability: 0.825856804848
        value: "relaxed"
    mood_sad:
        all:
            not_sad: 0.0841756463051
            sad: 0.915824353695
        probability: 0.915824353695
        value: "sad"
    rhythm:
        all:
            fast: 0.055088698864
            medium: 0.745307385921
            slow: 0.199603930116
        probability: 0.745307385921
        value: "medium"
    speech_music:
        all:
            music: 0.999908924103
            speech: 9.10765302251e-05
        probability: 0.999908924103
        value: "music"
    timbre:
        all:
            bright: 0.140641286969
            dark: 0.859358727932
        probability: 0.859358727932
        value: "dark"
    voice_instrumental:
        all:
            instrumental: 0.999998629093
            voice: 1.37567280944e-06
        probability: 0.999998629093
        value: "instrumental"

lowlevel:
    average_loudness: 0.98667293787
    barkbands_kurtosis:
        dmean: 5.20349121094
        dmean2: 8.89586734772
        dvar: 41.2993621826
        dvar2: 121.056922913
        max: 45.5276756287
        mean: 9.6167383194
        min: -1.83597517014
        var: 51.4307861328
    barkbands_skewness:
        dmean: 0.750183463097
        dmean2: 1.30994653702
        dvar: 1.00298500061
        dvar2: 2.79138445854
        max: 4.39862298965
        mean: 0.842552065849
        min: -2.05601549149
        var: 0.977268517017
    barkbands_spread:
        dmean: 2.8365111351
        dmean2: 5.27951002121
        dvar: 54.2130851746
        dvar2: 150.621337891
        max: 35.5267753601
        mean: 3.41178607941
        min: 0.840986013412
        var: 33.7466964722
    dissonance:
        dmean: 0.0508448220789
        dmean2: 0.0888393744826
        dvar: 0.00353226764128
        dvar2: 0.00940432958305
        max: 0.500000119209
        mean: 0.412151366472
        min: 0.183023273945
        var: 0.00626324722543
    hfc:
        dmean: 0.51946669817
        dmean2: 0.964872837067
        dvar: 2.05891871452
        dvar2: 6.12945175171
        max: 14.6714382172
        mean: 1.44222259521
        min: 0.0234391689301
        var: 1.32494354248
    pitch:
        dmean: 132.162384033
        dmean2: 259.273101807
        dvar: 210009.75
        dvar2: 591782
        max: 2205
        mean: 236.292709351
        min: 60.3283157349
        var: 123632.5
    pitch_instantaneous_confidence:
        dmean: 0.0616179704666
        dmean2: 0.104066647589
        dvar: 0.00534799182788
        dvar2: 0.0135658383369
        max: 0.756894230843
        mean: 0.515453517437
        min: 0.192519843578
        var: 0.0160316266119
    pitch_salience:
        dmean: 0.0368716754019
        dmean2: 0.0591932870448
        dvar: 0.00170521007385
        dvar2: 0.00417204387486
        max: 0.742893576622
        mean: 0.588611364365
        min: 0.406902402639
        var: 0.00655157584697
    silence_rate_20dB:
        dmean: 0
        dmean2: 0
        dvar: 0
        dvar2: 0
        max: 1
        mean: 1
        min: 1
        var: 0
    silence_rate_30dB:
        dmean: 0
        dmean2: 0
        dvar: 0
        dvar2: 0
        max: 1
        mean: 1
        min: 1
        var: 0
    silence_rate_60dB:
        dmean: 0.0534883737564
        dmean2: 0.107226103544
        dvar: 0.0506273806095
        dvar2: 0.137686774135
        max: 1
        mean: 0.0348027832806
        min: 0
        var: 0.0335914976895
    spectral_centroid:
        dmean: 84.8392486572
        dmean2: 162.145706177
        dvar: 62682.015625
        dvar2: 180249.71875
        max: 1715.44641113
        mean: 243.715301514
        min: 146.735870361
        var: 35457.625
    spectral_complexity:
        dmean: 0.735981285572
        dmean2: 1.28805625439
        dvar: 1.43262851238
        dvar2: 3.23083782196
        max: 11
        mean: 4.99300718307
        min: 1
        var: 4.95332860947
    spectral_crest:
        dmean: 1.64740586281
        dmean2: 2.632335186
        dvar: 3.06586313248
        dvar2: 7.27839756012
        max: 20.0782432556
        mean: 13.2308168411
        min: 4.51866865158
        var: 12.0361499786
    spectral_decrease:
        dmean: 2.72803807322e-10
        dmean2: 4.53312581916e-10
        dvar: 1.29721694835e-19
        dvar2: 3.58191539112e-19
        max: -3.06411632178e-11
        mean: -1.57269153256e-09
        min: -3.5730061132e-09
        var: 3.21907959476e-19
    spectral_energy:
        dmean: 0.00106148037594
        dmean2: 0.00176924199332
        dvar: 2.01658008336e-06
        dvar2: 5.63809180676e-06
        max: 0.0148160951212
        mean: 0.00606650859118
        min: 0.000117772782687
        var: 4.82850691697e-06
    spectral_energyband_high:
        dmean: 7.43301427519e-07
        dmean2: 1.39072471939e-06
        dvar: 4.29178957997e-12
        dvar2: 1.22271984204e-11
        max: 1.37101515065e-05
        mean: 5.59439797598e-07
        min: 7.21775350598e-08
        var: 2.49202806828e-12
    spectral_energyband_low:
        dmean: 0.00031093263533
        dmean2: 0.000516201602295
        dvar: 2.00260160454e-07
        dvar2: 5.36273546459e-07
        max: 0.00341620622203
        mean: 0.00144458189607
        min: 1.97553308681e-05
        var: 4.03150181683e-07
    spectral_energyband_middle_high:
        dmean: 0.000214265601244
        dmean2: 0.000412297842558
        dvar: 5.43685757748e-07
        dvar2: 1.58591240051e-06
        max: 0.00653240410611
        mean: 0.000138042523758
        min: 1.52878362769e-06
        var: 2.94779312071e-07
    spectral_energyband_middle_low:
        dmean: 0.000892593059689
        dmean2: 0.00144553137943
        dvar: 1.26104305309e-06
        dvar2: 3.2248340176e-06
        max: 0.0101624466479
        mean: 0.00448316894472
        min: 3.99117270717e-05
        var: 4.32740444012e-06
    spectral_flatness_db:
        dmean: 0.0308371577412
        dmean2: 0.0478583015501
        dvar: 0.00161127676256
        dvar2: 0.00369509984739
        max: 0.467011630535
        mean: 0.389606207609
        min: 0.21289268136
        var: 0.00237408699468
    spectral_flux:
        dmean: 0.00961748789996
        dmean2: 0.013524341397
        dvar: 0.000182101852261
        dvar2: 0.000273794168606
        max: 0.0909669324756
        mean: 0.0202844887972
        min: 0.00312055950053
        var: 0.000335716031259
    spectral_kurtosis:
        dmean: 23.8359165192
        dmean2: 38.562538147
        dvar: 471.369262695
        dvar2: 1093.54638672
        max: 168.630111694
        mean: 81.4454650879
        min: 4.46717119217
        var: 1187.53149414
    spectral_rms:
        dmean: 0.000238457956584
        dmean2: 0.000404124555644
        dvar: 1.23612224456e-07
        dvar2: 3.4343551647e-07
        max: 0.00380193721503
        mean: 0.00238814228214
        min: 0.00033896943205
        var: 2.15320099528e-07
    spectral_rolloff:
        dmean: 168.894622803
        dmean2: 335.050354004
        dvar: 258653.625
        dvar2: 738363.0625
        max: 2217.91992188
        mean: 351.357910156
        min: 193.798828125
        var: 146819.25
    spectral_skewness:
        dmean: 1.40486335754
        dmean2: 2.2540102005
        dvar: 1.93203747272
        dvar2: 4.56889724731
        max: 11.0883703232
        mean: 7.08516216278
        min: 1.12328469753
        var: 3.68361163139
    spectral_spread:
        dmean: 381775.375
        dmean2: 614898.75
        dvar: 1.19753080832e+12
        dvar2: 1.38155943526e+12
        max: 23002770
        mean: 1264534.875
        min: 571786.4375
        var: 1.27365755699e+12
    spectral_strongpeak:
        dmean: 0.0821723565459
        dmean2: 0.142142519355
        dvar: 0.0167030468583
        dvar2: 0.0413527563214
        max: 1.23960578442
        mean: 0.257292538881
        min: 0.0413838103414
        var: 0.0248247180134
    zerocrossingrate:
        dmean: 0.00239919498563
        dmean2: 0.00390167604201
        dvar: 2.06698878173e-05
        dvar2: 3.3715779864e-05
        max: 0.041015625
        mean: 0.0117312697694
        min: 0.00390625
        var: 2.89596664516e-05
    barkbands:
        dmean: [1.8452757331e-06, 0.000133563909912, 0.000236955616856, 0.000315567100188, 0.000697046576533, 6.59449433442e-05, 5.57898783882e-05, 1.13119458547e-05, 1.86371962627e-05, 8.32951718621e-06, 2.03602166948e-06, 6.27274221188e-06, 8.17756063043e-06, 3.26292138197e-05, 5.74695077376e-05, 7.9034078226e-05, 1.61674852279e-05, 8.63498553372e-06, 2.21197819883e-06, 1.08740766791e-06, 4.37533486775e-07, 9.28907226694e-08, 2.29637842075e-09, 1.7188347412e-09, 1.53418611148e-09, 1.16993459365e-09, 1.23351884262e-09]
        dmean2: [2.5562353585e-06, 0.00021180017211, 0.00039269568515, 0.000534945575055, 0.00114406261127, 9.74850481725e-05, 7.47032099753e-05, 1.30972894112e-05, 2.02281989914e-05, 9.46797172219e-06, 3.63792787539e-06, 1.21939119708e-05, 1.59577448358e-05, 6.38677665847e-05, 0.000112065165013, 0.000153761255206, 3.10642717523e-05, 1.66936424648e-05, 4.19461321144e-06, 2.08792766898e-06, 8.30920498629e-07, 1.73981149487e-07, 3.09552228295e-09, 2.21637819209e-09, 1.93812277338e-09, 1.34632960336e-09, 1.42199418907e-09]
        dvar: [4.28577919681e-12, 1.80163510777e-08, 1.53553628479e-07, 2.484346453e-07, 5.73462159537e-07, 1.53313610696e-08, 9.9476578086e-09, 3.9670469687e-10, 9.78592096246e-10, 2.29702618038e-10, 3.99345660707e-11, 5.18133924654e-10, 1.26919930121e-09, 2.18047908618e-08, 5.57782620092e-08, 8.05064033216e-08, 4.93398522039e-09, 1.23844423605e-09, 5.42733670506e-11, 1.37207198728e-11, 1.77386068074e-12, 9.32870927316e-14, 5.10383672835e-16, 4.40005240495e-16, 4.03336443054e-16, 3.8616745579e-16, 4.34910575545e-16]
        dvar2: [6.43110955115e-12, 4.44312142633e-08, 3.98625559228e-07, 7.37441155252e-07, 1.32024638333e-06, 3.19774997593e-08, 1.72265117726e-08, 5.76862668744e-10, 1.24564047965e-09, 2.79486878085e-10, 1.15962885128e-10, 1.5157759492e-09, 3.72120334546e-09, 6.41966906301e-08, 1.63457016811e-07, 2.33696468399e-07, 1.45341747526e-08, 3.63140228998e-09, 1.59050397852e-10, 4.00760154229e-11, 5.0908578568e-12, 2.66345295428e-13, 5.11745066539e-16, 4.41196142349e-16, 4.02947734341e-16, 3.85505843649e-16, 4.34265798184e-16]
        max: [2.21039845201e-05, 0.00120576424524, 0.00259108701721, 0.00465724244714, 0.00758109427989, 0.00115582649596, 0.000976703828201, 0.000233790517086, 0.000367914588423, 0.00016317954578, 4.92984909215e-05, 0.000212276267121, 0.000382790196454, 0.00156949018128, 0.00201755552553, 0.00228637410328, 0.000796445528977, 0.00035999546526, 6.7031083745e-05, 2.90737043542e-05, 8.15326347947e-06, 2.52636436926e-06, 4.73305874493e-07, 4.37639471329e-07, 4.20515078758e-07, 4.08089135817e-07, 4.32920671756e-07]
        mean: [9.26961820369e-06, 0.000590732612181, 0.000844746013172, 0.000980421667919, 0.0029452778399, 0.000277349550743, 0.000197724672034, 3.23859603668e-05, 4.83963158331e-05, 2.06267650356e-05, 2.2912906843e-06, 3.63416052096e-06, 4.61781519334e-06, 1.81196755875e-05, 3.12582124025e-05, 4.26732658525e-05, 9.21804712561e-06, 5.07540835315e-06, 1.59373723818e-06, 7.35275875741e-07, 2.91198375635e-07, 6.51832863241e-08, 5.27824051133e-09, 3.90976984121e-09, 3.59216612011e-09, 1.31537158943e-09, 1.23081023151e-09]
        min: [5.84875294862e-08, 8.02778595244e-06, 8.67748349265e-06, 5.54932421437e-06, 3.33841962856e-05, 2.48088269927e-07, 4.47702660722e-07, 1.26597768713e-07, 1.03689586695e-07, 3.04110443494e-08, 9.197869133e-09, 9.12158171218e-09, 1.97087697273e-08, 4.48572876621e-08, 2.35339818744e-08, 2.78409224563e-08, 3.42384005592e-08, 5.8734045183e-08, 6.2079713814e-08, 3.99473769619e-08, 1.7215208814e-08, 4.96062391164e-09, 1.5007731724e-09, 1.49770063018e-09, 1.0390420746e-09, 9.46367567645e-11, 1.76108988503e-11]
        var: [3.45662630463e-11, 4.610660298e-08, 4.13036019609e-07, 2.39573125782e-07, 2.52223389907e-06, 1.07446069819e-07, 7.13169754363e-08, 2.45185338699e-09, 6.40814867836e-09, 1.42294187544e-09, 2.73044156729e-11, 2.76448669512e-10, 6.69738264847e-10, 1.13837996807e-08, 2.94638020648e-08, 4.34065583477e-08, 2.58714849544e-09, 6.56429632873e-10, 2.93641846949e-11, 7.38125966598e-12, 1.00453673157e-12, 5.33993456278e-14, 5.13686942511e-16, 4.39987055756e-16, 4.06451909644e-16, 3.86660931892e-16, 4.35477028829e-16]
    mfcc:
        mean: [-927.061828613, 250.94758606, 13.641254425, 81.4851226807, 19.6442565918, -7.8945684433, -5.24810361862, -7.82648181915, 4.25341415405, -1.35724174976, -4.41979598999, -12.7561206818, -10.4780979156]
        cov: [[1462.91894531, 58.0267677307, -1024.0579834, -229.184448242, -27.4290752411, 162.959320068, -135.251342773, -81.4235153198, 171.583496094, -85.9501953125, -54.2967834473, -58.5046768188, 42.1342926025], [58.0267677307, 488.815460205, 340.595428467, -157.16545105, -251.816040039, -290.558624268, -90.2186279297, 42.4871635437, 37.072101593, 106.08114624, -0.634149849415, -94.2126235962, -42.9559593201], [-1024.0579834, 340.595428467, 1159.97241211, 71.6916503906, -229.618423462, -404.81930542, 22.6344032288, 88.1732711792, -124.118873596, 153.088607788, 40.3513336182, -20.6509399414, -52.8339881897], [-229.184448242, -157.16545105, 71.6916503906, 196.165817261, 110.12953949, 30.375787735, 34.601348877, -29.0880661011, -80.234336853, -48.2267799377, 14.8895215988, 70.7538833618, 26.8656864166], [-27.4290752411, -251.816040039, -229.618423462, 110.12953949, 243.41734314, 184.3072052, 6.53403806686, -53.8344726562, -28.0972766876, -58.6183662415, 21.1999092102, 71.4567184448, 21.271194458], [162.959320068, -290.558624268, -404.81930542, 30.375787735, 184.3072052, 277.664916992, 40.0834197998, -54.4891624451, 12.5572986603, -77.5436325073, -1.39317154884, 55.4982795715, 29.5248336792], [-135.251342773, -90.2186279297, 22.6344032288, 34.601348877, 6.53403806686, 40.0834197998, 113.118522644, 46.1638793945, -47.7638168335, -50.7560768127, -18.9965324402, 14.3493614197, 3.4185397625], [-81.4235153198, 42.4871635437, 88.1732711792, -29.0880661011, -53.8344726562, -54.4891624451, 46.1638793945, 90.2523651123, 4.78948926926, -7.22144079208, -23.8312492371, -36.1316413879, -23.9182720184], [171.583496094, 37.072101593, -124.118873596, -80.234336853, -28.0972766876, 12.5572986603, -47.7638168335, 4.78948926926, 114.683677673, 57.6980476379, -19.2865619659, -54.2301177979, -19.8374061584], [-85.9501953125, 106.08114624, 153.088607788, -48.2267799377, -58.6183662415, -77.5436325073, -50.7560768127, -7.22144079208, 57.6980476379, 138.768173218, 33.58644104, -52.011089325, -36.0807914734], [-54.2967834473, -0.634149849415, 40.3513336182, 14.8895215988, 21.1999092102, -1.39317154884, -18.9965324402, -23.8312492371, -19.2865619659, 33.58644104, 69.0348434448, 25.3485412598, -17.232416153], [-58.5046768188, -94.2126235962, -20.6509399414, 70.7538833618, 71.4567184448, 55.4982795715, 14.3493614197, -36.1316413879, -54.2301177979, -52.011089325, 25.3485412598, 101.754386902, 35.4051895142], [42.1342926025, -42.9559593201, -52.8339881897, 26.8656864166, 21.271194458, 29.5248336792, 3.4185397625, -23.9182720184, -19.8374061584, -36.0807914734, -17.232416153, 35.4051895142, 69.6770095825]]
        icov: [[0.00680033164099, -0.00224224105477, 0.00836889166385, 0.000550177879632, 0.00504203187302, 0.00213027466089, 0.00447274884209, 0.00114815670531, 0.00258050346747, 0.000352517730789, 0.00107883557212, -0.000406601815484, -0.000237406697124], [-0.00224224105477, 0.0122337695211, -0.00331956916489, 0.00731109594926, -0.000395020790165, 0.00956780742854, 0.00128589908127, 0.00344487535767, -0.000446733116405, 0.00245977751911, -0.000982092460617, 0.00130052049644, 0.000990552245639], [0.00836889166385, -0.00331956916489, 0.0140782864764, -0.00111663446296, 0.00737727060914, 0.00447441078722, 0.00588924763724, -0.00179378257599, 0.00956646818668, -0.00684424396604, 0.00515930633992, -0.00387933570892, 0.00137227866799], [0.000550177879632, 0.00731109594926, -0.00111663446296, 0.0179973039776, -0.00786856282502, 0.013165416196, -0.00497486721724, 0.00956049188972, -0.000679458375089, 0.00498353783041, -0.000697004492395, -0.000596074620262, -0.000744346296415], [0.00504203187302, -0.000395020790165, 0.00737727060914, -0.00786856282502, 0.0218341350555, -0.0114965727553, 0.0156414303929, -0.00741820316762, 0.0105928154662, -0.00498141814023, 0.00355638074689, -0.0033095034305, 0.00322499405593], [0.00213027466089, 0.00956780742854, 0.00447441078722, 0.013165416196, -0.0114965727553, 0.0339755006135, -0.0153575604782, 0.0186847131699, -0.0113003691658, 0.00894290488213, -0.0050352611579, 0.000243455695454, -0.000748040096369], [0.00447274884209, 0.00128589908127, 0.00588924763724, -0.00497486721724, 0.0156414303929, -0.0153575604782, 0.0372863672674, -0.0224206075072, 0.0229259431362, -0.00873793754727, 0.0114147635177, -0.0036752729211, 0.00337161682546], [0.00114815670531, 0.00344487535767, -0.00179378257599, 0.00956049188972, -0.00741820316762, 0.0186847131699, -0.0224206075072, 0.0385938212276, -0.0182514227927, 0.0175686702132, -0.00622206507251, 0.00842594634742, 0.00315944617614], [0.00258050346747, -0.000446733116405, 0.00956646818668, -0.000679458375089, 0.0105928154662, -0.0113003691658, 0.0229259431362, -0.0182514227927, 0.0456500090659, -0.0283831153065, 0.0236444380134, -0.0060287755914, 0.00705495849252], [0.000352517730789, 0.00245977751911, -0.00684424396604, 0.00498353783041, -0.00498141814023, 0.00894290488213, -0.00873793754727, 0.0175686702132, -0.0283831153065, 0.0379045940936, -0.0244224462658, 0.0154221327975, -0.00394650362432], [0.00107883557212, -0.000982092460617, 0.00515930633992, -0.000697004492395, 0.00355638074689, -0.0050352611579, 0.0114147635177, -0.00622206507251, 0.0236444380134, -0.0244224462658, 0.0406249836087, -0.0172636248171, 0.0141796423122], [-0.000406601815484, 0.00130052049644, -0.00387933570892, -0.000596074620262, -0.0033095034305, 0.000243455695454, -0.0036752729211, 0.00842594634742, -0.0060287755914, 0.0154221327975, -0.0172636248171, 0.0286632422358, -0.0102489553392], [-0.000237406697124, 0.000990552245639, 0.00137227866799, -0.000744346296415, 0.00322499405593, -0.000748040096369, 0.00337161682546, 0.00315944617614, 0.00705495849252, -0.00394650362432, 0.0141796423122, -0.0102489553392, 0.0253649950027]]
    spectral_contrast:
        mean: [1.62905475776e-08, -1.14980345245e-07, -5.54295411348e-07, 3.72459567188e-07, -2.67569618018e-07, 2.13444366182e-07, 4.17204728365e-06, 1.65809285591e-06, 4.69640144729e-06, -1.9897393031e-06, 9.10568644485e-07, -3.00385181617e-06]
        var: [0.000179884300451, 0.000446425256087, 0.000803776085377, 0.000940793484915, 0.00192764494568, 0.00353384832852, 0.0495423786342, 0.0587290301919, 0.0675897821784, 0.228661581874, 0.61890566349, 1.16561937332]

rhythm:
    beats_loudness:
        dmean: 0.00273308739997
        dmean2: 0.00510953133926
        dvar: 2.41304610427e-06
        dvar2: 7.61192404752e-06
        max: 0.00999220553786
        mean: 0.00612815096974
        min: 0.00243882578798
        var: 3.27863540406e-06
    beats_loudness_bass:
        dmean: 0.112639643252
        dmean2: 0.187161505222
        dvar: 0.00921222288162
        dvar2: 0.0215041190386
        max: 0.584200978279
        mean: 0.318337112665
        min: 0.152895525098
        var: 0.00874085817486
    bpm: 99.060218811
    bpm_confidence: 0
    first_peak_bpm: 167
    first_peak_spread: 0
    first_peak_weight: 0.727272748947
    onset_rate: 4.29789495468
    second_peak_bpm: 99
    second_peak_spread: 0
    second_peak_weight: 0.227272734046
    beats_position: [0.0442764125764, 0.404435932636, 0.764595448971, 1.12475502491, 1.48491454124, 1.84507405758, 2.20523357391, 2.56539320946, 2.925552845, 3.28571248055, 3.64587187767, 4.00603151321, 4.36619091034, 4.72635030746, 5.08650970459, 5.44666910172, 5.80682849884, 6.57324409485, 7.17893600464, 7.78462934494, 8.39032268524, 8.99601554871, 9.60170841217]
    bpm_estimates: [99.1433410645, 99.1266708374, 99.1026611328, 99.0875701904, 98.8408203125]
    bpm_intervals: [0.360159516335, 0.360159516335, 0.360159575939, 0.360159516335, 0.360159516335, 0.360159516335, 0.360159635544, 0.360159635544, 0.360159635544, 0.360159397125, 0.360159635544, 0.360159397125, 0.360159397125, 0.360159397125, 0.360159397125, 0.360159397125, 0.766415596008, 0.60569190979, 0.605693340302, 0.605693340302, 0.605692863464, 0.605692863464]
    onset_times: [0.0696598663926, 0.139319732785, 0.208979591727, 0.301859408617, 0.46439909935, 0.545668959618, 0.696598649025, 0.917188227177, 1.50929701328, 1.92725622654, 2.61224484444, 2.65868473053, 2.76317453384, 2.91410422325, 3.14630389214, 3.42494320869, 3.5178232193, 3.76163268089, 4.52789115906, 4.67882108688, 4.7833108902, 4.87619066238, 5.15482997894, 5.51473903656, 5.70049905777, 5.95591831207, 6.46675729752, 6.61768722534, 6.66412687302, 6.81505680084, 6.90793657303, 7.40716552734, 7.54648542404, 7.80190467834, 7.89478445053, 7.98766422272, 8.70748329163, 8.88163280487, 9.14866256714, 9.34603214264, 9.52018165588, 9.682721138, 9.86848068237]
    rubato_start: [7.17893600464]
    rubato_stop: [9.60170841217]
    perceptual_tempo: "unknown"

sfx:
    inharmonicity:
        dmean: 0.0119828423485
        dmean2: 0.0221735369414
        dvar: 0.000537868239917
        dvar2: 0.001624749857
        max: 0.233292907476
        mean: 0.00782037805766
        min: 0
        var: 0.000371676665964
    oddtoevenharmonicenergyratio:
        dmean: 5.29215240479
        dmean2: 10.3940601349
        dvar: 989.768249512
        dvar2: 2917.28515625
        max: 315.307403564
        mean: 2.92280697823
        min: 0
        var: 520.240844727
    pitch_after_max_to_before_max_energy_ratio: 2.22459292412
    pitch_centroid: 210.890151978
    pitch_max_to_total: 0.26107224822
    pitch_min_to_total: 0.226107224822
    tristimulus:
        dmean: [0.216518431902, 0.220545083284, 0.00821059104055]
        dmean2: [0.413465559483, 0.424277126789, 0.014613725245]
        dvar: [0.0818396955729, 0.082756832242, 0.000169618666405]
        dvar2: [0.246170908213, 0.255612760782, 0.000488227116875]
        max: [1, 0.96056252718, 0.172788992524]
        mean: [0.770383656025, 0.210718750954, 0.00866663176566]
        min: [0.039437469095, 0, 0]
        var: [0.0724558383226, 0.0690618529916, 0.000134351867018]

tonal:
    chords_changes_rate: 0.0185185186565
    chords_number_rate: 0.0138888889924
    chords_strength:
        dmean: 0.0102592809126
        dmean2: 0.0132244750857
        dvar: 9.13270778256e-05
        dvar2: 0.000149693689309
        max: 0.568131923676
        mean: 0.420302540064
        min: 0.221624493599
        var: 0.00301266182214
    key_strength: 0.417589634657
    tuning_diatonic_strength: 0.265256345272
    tuning_equal_tempered_deviation: 0.18233628571
    tuning_frequency: 434.695007324
    tuning_nontempered_energy_ratio: 0.840641379356
    hpcp:
        dmean: [0.118293195963, 0.097444690764, 0.118622712791, 0.10633597523, 0.10242266953, 0.0550943426788, 0.0939767733216, 0.0993083417416, 0.0872885137796, 0.0684739202261, 0.0501686111093, 0.0439176596701, 0.030706230551, 0.0216941367835, 0.0164887532592, 0.0121234469116, 0.021267414093, 0.0279859900475, 0.0270225238055, 0.016872594133, 0.0166102778167, 0.0169521197677, 0.00800422858447, 0.0300804730505, 0.0981670990586, 0.125976860523, 0.148491591215, 0.179471716285, 0.134865105152, 0.096067674458, 0.0759900808334, 0.0777691975236, 0.0631718710065, 0.0547327697277, 0.0794003754854, 0.116660088301]
        dmean2: [0.196516394615, 0.175808534026, 0.217635318637, 0.185217469931, 0.188416689634, 0.0999761894345, 0.154300883412, 0.179154321551, 0.152476981282, 0.129178628325, 0.0963149815798, 0.0847965106368, 0.0537903830409, 0.0377050675452, 0.0286279711872, 0.0238489564508, 0.0416329018772, 0.0523978881538, 0.0441695190966, 0.024215394631, 0.0312190819532, 0.0319223366678, 0.015150912106, 0.0498991757631, 0.161824703217, 0.220099136233, 0.278439819813, 0.306981414557, 0.220312297344, 0.166033536196, 0.15105587244, 0.154508411884, 0.123001143336, 0.10378729552, 0.153472021222, 0.210144460201]
        dvar: [0.0680767223239, 0.033745598048, 0.0376153029501, 0.0356129705906, 0.0277856141329, 0.00821751356125, 0.0364347361028, 0.0698745697737, 0.0280851814896, 0.0269442312419, 0.0172328669578, 0.0132252173498, 0.00476523209363, 0.00274682091549, 0.00272866967134, 0.00157518626656, 0.00673171924427, 0.011630342342, 0.00413161143661, 0.000835033948533, 0.00412139343098, 0.00555248744786, 0.000944297818933, 0.00355494744144, 0.0410390906036, 0.0538563877344, 0.0446748286486, 0.0555420480669, 0.0517757609487, 0.0265579912812, 0.0428448915482, 0.053107496351, 0.037132512778, 0.0307548604906, 0.0446696206927, 0.0494459867477]
        dvar2: [0.112509921193, 0.0746744126081, 0.102768220007, 0.0635294392705, 0.0656295791268, 0.0229448284954, 0.0627194419503, 0.114990383387, 0.0740913450718, 0.0776665732265, 0.0492870844901, 0.0380955971777, 0.0136148510501, 0.00722098397091, 0.00733489124104, 0.00415799580514, 0.01981385611, 0.0344900488853, 0.0102779315785, 0.0011794710299, 0.0122449789196, 0.0165649671108, 0.00282056513242, 0.00880744960159, 0.0780143886805, 0.122991524637, 0.122888050973, 0.118062518537, 0.0850701108575, 0.071719199419, 0.123375482857, 0.154327720404, 0.107449948788, 0.0814866572618, 0.124930150807, 0.125076889992]
        max: [1, 0.887190997601, 1, 1, 1, 0.637882649899, 1, 1, 1, 0.874531388283, 0.850120007992, 0.662025213242, 0.508114993572, 0.372130513191, 0.579388737679, 0.234127566218, 0.675710678101, 0.846707642078, 0.619373977184, 0.183736339211, 0.613218665123, 0.73529291153, 0.260191380978, 0.443542897701, 1, 1, 1, 1, 1, 1, 1, 1, 1, 1, 1, 1]
        mean: [0.367854326963, 0.19086997211, 0.110415764153, 0.208460718393, 0.141788244247, 0.049945756793, 0.216027364135, 0.287653326988, 0.126403480768, 0.0552336536348, 0.0440673194826, 0.0265181064606, 0.0360647328198, 0.0399033501744, 0.0182073730975, 0.00723517499864, 0.0122006675228, 0.0298430938274, 0.0555212944746, 0.0403219461441, 0.0148229878396, 0.0126123493537, 0.00600153487176, 0.0473821796477, 0.196442425251, 0.19951441884, 0.140882357955, 0.409649223089, 0.437717586756, 0.139252826571, 0.039577703923, 0.0423609279096, 0.0362735241652, 0.0320993773639, 0.0457899607718, 0.227202326059]
        min: [0.000109706226795, 7.80419868533e-05, 1.73960543179e-05, 1.12090319817e-05, 3.54190415237e-05, 4.14956193708e-05, 2.2227413865e-05, 9.78434854915e-06, 0.000122322511743, 6.12061485299e-05, 2.15148138523e-05, 4.20285177825e-05, 3.72496506316e-05, 3.89442611777e-05, 1.03148677226e-05, 1.26381191876e-05, 1.32909162858e-05, 0.000342887011357, 7.44801873225e-05, 4.20788092015e-05, 5.70663942199e-05, 2.209610102e-05, 4.12183071603e-05, 1.76173034561e-05, 2.86254471575e-05, 8.27313670015e-06, 9.05722845346e-05, 2.02361861739e-05, 2.83198587567e-05, 4.68802791147e-05, 2.14501887967e-05, 3.42156818078e-05, 2.02716546482e-05, 8.24829839985e-05, 9.02459796635e-05, 0.000309575756546]
        var: [0.188844293356, 0.0584619008005, 0.03862933442, 0.096571162343, 0.0505748279393, 0.00683272955939, 0.110588133335, 0.194670185447, 0.0342235527933, 0.0152625665069, 0.00988095346838, 0.00730529101565, 0.00402701972052, 0.00364526780322, 0.00216705817729, 0.00103725166991, 0.00350438361056, 0.00654549803585, 0.00672960653901, 0.00324614229612, 0.00230896426365, 0.00307129672728, 0.000506554439198, 0.00538179092109, 0.0884925276041, 0.0844653248787, 0.0307016409934, 0.127713248134, 0.151420891285, 0.0277033280581, 0.0229838602245, 0.0279388949275, 0.0198362339288, 0.0182783454657, 0.0250164587051, 0.0691426843405]
    chords_histogram: [92.592590332, 3.24074077606, 0, 0, 0, 0, 0, 0, 0, 0, 0, 3.24074077606, 0, 0, 0, 0, 0, 0, 0, 0, 0, 0, 0, 0.925925910473]
    thpcp: [1, 0.318133950233, 0.0904183536768, 0.0967768505216, 0.0828697010875, 0.0733335316181, 0.104610741138, 0.51906144619, 0.840391933918, 0.43605735898, 0.252253443003, 0.476244777441, 0.32392629981, 0.11410497874, 0.493531376123, 0.657166481018, 0.288778632879, 0.126185595989, 0.100675232708, 0.0605826862156, 0.0823927000165, 0.0911623165011, 0.0415961667895, 0.0165293216705, 0.027873378247, 0.0681788772345, 0.126842737198, 0.0921186357737, 0.033864274621, 0.0288138967007, 0.0137109747157, 0.108248285949, 0.448788046837, 0.455806255341, 0.321856737137, 0.935875654221]
    chords_key: "B"
    chords_scale: "major"
    key_key: "B"
    key_scale: "major"
    chords_progression: ["Dm", "Dm", "Dm", "Dm", "Dm", "Dm", "Dm", "D#m", "D#m", "D#m", "D#m", "D#m", "D#m", "D#m", "B", "B", "B", "B", "B", "B", "B", "B", "B", "B", "B", "B", "B", "B", "B", "B", "B", "B", "B", "B", "B", "B", "B", "B", "B", "B", "B", "B", "B", "B", "B", "B", "B", "B", "B", "B", "B", "B", "B", "B", "B", "B", "B", "B", "B", "B", "B", "B", "B", "B", "B", "B", "B", "B", "B", "B", "B", "B", "B", "B", "B", "B", "B", "B", "B", "B", "B", "B", "B", "B", "B", "B", "B", "B", "B", "B", "B", "B", "B", "B", "B", "B", "B", "B", "B", "B", "B", "B", "B", "B", "B", "B", "B", "B", "B", "B", "B", "B", "B", "B", "B", "B", "B", "B", "B", "B", "B", "B", "B", "B", "B", "B", "B", "B", "B", "B", "B", "B", "B", "B", "B", "B", "B", "B", "B", "B", "B", "B", "B", "B", "B", "B", "B", "B", "B", "B", "B", "B", "B", "B", "B", "B", "B", "B", "B", "B", "B", "B", "B", "B", "B", "B", "B", "B", "B", "B", "B", "B", "B", "B", "B", "B", "B", "B", "B", "B", "B", "B", "B", "B", "B", "B", "B", "B", "B", "B", "B", "B", "B", "B", "B", "B", "B", "B", "B", "B", "B", "B", "B", "B", "B", "B", "B", "B", "G#m", "G#m", "B", "B", "B", "B", "B", "B"]
