
metadata:
    version:
        essentia: "1.2.2"
    audio_properties:
        analysis_sample_rate: 44100
        bitrate: 128
        channels: 2
        equal_loudness: 1
        length: 10.0310201645
        replay_gain: -11.1819934845
        downmix: "mix"
    tags:
        track: 16
        year: 0
        album: "Splitted by Mp3Splt v. 2.1"
        artist: "From 002.30 To 002.40"
        comment: "http://mp3splt.sf.net"
        genre: ""
        title: "12 Easy-Lucky-Free.mp3"

highlevel:
    ballroom:
        all:
            ChaChaCha: 0.0500806905329
            Jive: 0.356032967567
            Quickstep: 0.153348073363
            Rumba-American: 0.00421881908551
            Rumba-International: 0.0323479287326
            Rumba-Misc: 0.0104792332277
            Samba: 0.173099651933
            Tango: 0.0153429536149
            VienneseWaltz: 0.190767407417
            Waltz: 0.01428227406
        probability: 0.356032967567
        value: "Jive"
    culture:
        all:
            non_western: 0.211331084371
            western: 0.788668930531
        probability: 0.788668930531
        value: "western"
    gender:
        all:
            female: 0.146366864443
            male: 0.853633105755
        probability: 0.853633105755
        value: "male"
    genre_dortmund:
        all:
            alternative: 0.040011279285
            blues: 0.115407347679
            electronic: 0.0182220079005
            folkcountry: 0.125698521733
            funksoulrnb: 0.0529038496315
            jazz: 0.00906291324645
            pop: 0.0425028316677
            raphiphop: 0.0874063149095
            rock: 0.50878494978
        probability: 0.50878494978
        value: "rock"
    genre_electronica:
        all:
            ambient: 0.292904436588
            dnb: 0.486988455057
            house: 0.0664617940784
            techno: 0.0365115813911
            trance: 0.11713372916
        probability: 0.486988455057
        value: "dnb"
    genre_rosamerica:
        all:
            cla: 0.0136899622157
            dan: 0.027865735814
            hip: 0.171669304371
            jaz: 0.0101479524747
            pop: 0.190583974123
            rhy: 0.107125274837
            roc: 0.46413615346
            spe: 0.0147816240788
        probability: 0.46413615346
        value: "roc"
    genre_tzanetakis:
        all:
            blu: 0.010359656997
            cla: 0.00386645179242
            cou: 0.122582137585
            dis: 0.0473761186004
            hip: 0.0628879368305
            jaz: 0.00521363224834
            met: 0.0327892228961
            pop: 0.464387059212
            reg: 0.19059510529
            roc: 0.0599426925182
        probability: 0.464387059212
        value: "pop"
    live_studio:
        all:
            live: 0.0915354415774
            studio: 0.908464550972
        probability: 0.908464550972
        value: "studio"
    mood:
        all:
            Cluster1: 0.239972278476
            Cluster2: 0.146249905229
            Cluster3: 0.171175345778
            Cluster4: 0.0769933015108
            Cluster5: 0.365609169006
        probability: 0.365609169006
        value: "Cluster5"
    mood_acoustic:
        all:
            acoustic: 0.0515832155943
            not_acoustic: 0.948416769505
        probability: 0.948416769505
        value: "not_acoustic"
    mood_aggressive:
        all:
            aggressive: 0.919422745705
            not_aggressive: 0.0805772393942
        probability: 0.919422745705
        value: "aggressive"
    mood_electronic:
        all:
            electronic: 0.5
            not_electronic: 0.5
        probability: 0.5
        value: "electronic"
    mood_happy:
        all:
            happy: 0.860355854034
            not_happy: 0.139644131064
        probability: 0.860355854034
        value: "happy"
    mood_party:
        all:
            not_party: 0.362668573856
            party: 0.637331426144
        probability: 0.637331426144
        value: "party"
    mood_relaxed:
        all:
            not_relaxed: 0.873681843281
            relaxed: 0.126318186522
        probability: 0.873681843281
        value: "not_relaxed"
    mood_sad:
        all:
            not_sad: 0.852734208107
            sad: 0.147265791893
        probability: 0.852734208107
        value: "not_sad"
    rhythm:
        all:
            fast: 0.508260726929
            medium: 0.46290537715
            slow: 0.0288338623941
        probability: 0.508260726929
        value: "fast"
    speech_music:
        all:
            music: 0.996059179306
            speech: 0.00394081138074
        probability: 0.996059179306
        value: "music"
    timbre:
        all:
            bright: 0.000760723371059
            dark: 0.999239265919
        probability: 0.999239265919
        value: "dark"
    voice_instrumental:
        all:
            instrumental: 0.00389424082823
            voice: 0.996105730534
        probability: 0.996105730534
        value: "voice"

lowlevel:
    average_loudness: 0.978779673576
    barkbands_kurtosis:
        dmean: 0.983712375164
        dmean2: 1.59219706059
        dvar: 1.72313416004
        dvar2: 4.16125249863
        max: 13.0005836487
        mean: -0.0466999150813
        min: -1.85063505173
        var: 3.5195248127
    barkbands_skewness:
        dmean: 0.444571256638
        dmean2: 0.689978480339
        dvar: 0.193742409348
        dvar2: 0.414299935102
        max: 3.05215835571
        mean: 0.640055954456
        min: -3.65524625778
        var: 0.712213218212
    barkbands_spread:
        dmean: 5.70186901093
        dmean2: 8.66322135925
        dvar: 28.507768631
        dvar2: 65.7404327393
        max: 60.1570854187
        mean: 28.6740570068
        min: 6.15599822998
        var: 97.1406402588
    dissonance:
        dmean: 0.0210745315999
        dmean2: 0.0354426428676
        dvar: 0.000444144476205
        dvar2: 0.00126329634804
        max: 0.498674154282
        mean: 0.459306448698
        min: 0.305703938007
        var: 0.00100778369233
    hfc:
        dmean: 2.08095479012
        dmean2: 3.04241466522
        dvar: 12.325340271
        dvar2: 24.765625
        max: 44.8002853394
        mean: 5.56350517273
        min: 0.52809458971
        var: 33.6668739319
    pitch:
        dmean: 595.948730469
        dmean2: 1149.90454102
        dvar: 1311053.125
        dvar2: 2868701
        max: 4410
        mean: 869.259765625
        min: 78.3303756714
        var: 1737663.25
    pitch_instantaneous_confidence:
        dmean: 0.0947809964418
        dmean2: 0.158573955297
        dvar: 0.00777215091512
        dvar2: 0.0187327321619
        max: 0.820035338402
        mean: 0.409747630358
        min: 0.141211152077
        var: 0.0250095054507
    pitch_salience:
        dmean: 0.0649638473988
        dmean2: 0.106450133026
        dvar: 0.00294319819659
        dvar2: 0.00791879370809
        max: 0.83809787035
        mean: 0.661215722561
        min: 0.311532586813
        var: 0.00646995659918
    silence_rate_20dB:
        dmean: 0
        dmean2: 0
        dvar: 0
        dvar2: 0
        max: 1
        mean: 1
        min: 1
        var: 0
    silence_rate_30dB:
        dmean: 0
        dmean2: 0
        dvar: 0
        dvar2: 0
        max: 1
        mean: 1
        min: 1
        var: 0
    silence_rate_60dB:
        dmean: 0.111368909478
        dmean2: 0.223255813122
        dvar: 0.0989657640457
        dvar2: 0.187366008759
        max: 1
        mean: 0.430555552244
        min: 0
        var: 0.245177581906
    spectral_centroid:
        dmean: 268.185943604
        dmean2: 409.323730469
        dvar: 108090.039062
        dvar2: 224248.671875
        max: 3473.85107422
        mean: 1164.96765137
        min: 402.389953613
        var: 320624.78125
    spectral_complexity:
        dmean: 2.79720282555
        dmean2: 4.22897195816
        dvar: 6.97752714157
        dvar2: 13.6765317917
        max: 32
        mean: 11.3790693283
        min: 1
        var: 35.6260147095
    spectral_crest:
        dmean: 2.32879400253
        dmean2: 3.96611237526
        dvar: 4.1594171524
        dvar2: 10.6752481461
        max: 21.5159988403
        mean: 7.57175731659
        min: 3.11487865448
        var: 8.75217533112
    spectral_decrease:
        dmean: 2.67677685573e-10
        dmean2: 3.98020560954e-10
        dvar: 6.92066863347e-20
        dvar2: 1.30435112264e-19
        max: -1.45042616806e-10
        mean: -1.00866637265e-09
        min: -3.6696032879e-09
        var: 3.63751356051e-19
    spectral_energy:
        dmean: 0.00115609297063
        dmean2: 0.00171033688821
        dvar: 1.46216405028e-06
        dvar2: 2.74279591395e-06
        max: 0.0147151648998
        mean: 0.00431156577542
        min: 0.000613649666775
        var: 7.1304721132e-06
    spectral_energyband_high:
        dmean: 0.000117804913316
        dmean2: 0.000187555473531
        dvar: 9.64020969718e-08
        dvar2: 2.56980911217e-07
        max: 0.00329767772928
        mean: 0.000157359740115
        min: 1.36419930641e-06
        var: 1.10385940388e-07
    spectral_energyband_low:
        dmean: 0.000251046440098
        dmean2: 0.000436464091763
        dvar: 9.30348278416e-08
        dvar2: 2.45383944275e-07
        max: 0.00285158725455
        mean: 0.000421225529863
        min: 1.24873404275e-05
        var: 1.77415699909e-07
    spectral_energyband_middle_high:
        dmean: 0.000595586490817
        dmean2: 0.000862473272718
        dvar: 8.03399814231e-07
        dvar2: 1.59661033194e-06
        max: 0.0120103722438
        mean: 0.00164243893232
        min: 0.000156291222083
        var: 2.55115241998e-06
    spectral_energyband_middle_low:
        dmean: 0.000727086851839
        dmean2: 0.00116999470629
        dvar: 6.70448059736e-07
        dvar2: 1.44421528603e-06
        max: 0.0117459027097
        mean: 0.00209051999263
        min: 0.00024324352853
        var: 2.40146937358e-06
    spectral_flatness_db:
        dmean: 0.017612747848
        dmean2: 0.0279803425074
        dvar: 0.000241451954935
        dvar2: 0.000574706646148
        max: 0.249305471778
        mean: 0.173459008336
        min: 0.0863131433725
        var: 0.000951390829869
    spectral_flux:
        dmean: 0.00891539268196
        dmean2: 0.0144424261525
        dvar: 8.06237294455e-05
        dvar2: 0.000176790228579
        max: 0.0922375172377
        mean: 0.0398614704609
        min: 0.0153152300045
        var: 0.000272868928732
    spectral_kurtosis:
        dmean: 2.64104032516
        dmean2: 4.35875511169
        dvar: 8.16934108734
        dvar2: 19.6749649048
        max: 35.4526367188
        mean: 6.84413909912
        min: 0.148330688477
        var: 20.9849128723
    spectral_rms:
        dmean: 0.000274671649095
        dmean2: 0.000406056613429
        dvar: 6.52318377092e-08
        dvar2: 1.18601960253e-07
        max: 0.00378896528855
        mean: 0.00195570965298
        min: 0.000773745821789
        var: 3.81598823651e-07
    spectral_rolloff:
        dmean: 547.314453125
        dmean2: 888.747802734
        dvar: 408284.15625
        dvar2: 780806
        max: 4521.97265625
        mean: 2410.9675293
        min: 279.931640625
        var: 1061943.75
    spectral_skewness:
        dmean: 0.300401628017
        dmean2: 0.471411436796
        dvar: 0.080259360373
        dvar2: 0.186996802688
        max: 3.99698710442
        mean: 1.68383932114
        min: 0.360755205154
        var: 0.27286413312
    spectral_spread:
        dmean: 447628.78125
        dmean2: 636668.9375
        dvar: 490470342656
        dvar2: 695651008512
        max: 12129825
        mean: 3365445
        min: 1607132.5
        var: 1.95652839014e+12
    spectral_strongpeak:
        dmean: 0.401560395956
        dmean2: 0.697490274906
        dvar: 0.716152727604
        dvar2: 1.93025672436
        max: 8.89563560486
        mean: 0.520245671272
        min: 0.0192383695394
        var: 0.704225897789
    zerocrossingrate:
        dmean: 0.00987716671079
        dmean2: 0.0110593419522
        dvar: 8.79734652699e-05
        dvar2: 0.000105618062662
        max: 0.166015625
        mean: 0.0708280354738
        min: 0.0244140625
        var: 0.000611054827459
    barkbands:
        dmean: [8.8921308361e-07, 0.000116054317914, 0.000187870537047, 0.000192450082977, 0.000264617352514, 0.000293788238196, 0.000201549191843, 0.000220033631194, 0.000174200948095, 8.30831340863e-05, 7.49965183786e-05, 0.000109595690446, 4.54840846942e-05, 6.01181782258e-05, 5.28907730768e-05, 9.97133611236e-05, 8.46071052365e-05, 6.70915687806e-05, 0.000205567630474, 0.000243218994001, 3.05701651087e-05, 3.89882734453e-06, 6.93898471127e-07, 6.18573892552e-07, 2.72144291102e-07, 9.95212179333e-09, 4.86686246859e-10]
        dmean2: [1.26513816667e-06, 0.000204276890145, 0.000330034265062, 0.000338644487783, 0.00042485925951, 0.000487241370138, 0.000321446394082, 0.000337851030054, 0.000284178473521, 0.000138763847644, 0.000119376571092, 0.000166653320775, 7.6884884038e-05, 9.08800575417e-05, 8.79526342032e-05, 0.000152321270434, 0.00013024918735, 0.000106274375867, 0.000321664323565, 0.000370509020286, 5.26277835888e-05, 6.02271893513e-06, 1.01891657778e-06, 8.96755466329e-07, 3.85133347436e-07, 1.54995944968e-08, 6.32756680385e-10]
        dvar: [8.88331454837e-13, 1.96310363521e-08, 6.10096364539e-08, 4.08753138004e-08, 1.24445818983e-07, 1.77668781021e-07, 1.81028838142e-07, 4.60956414372e-07, 2.63405041778e-07, 6.8838254208e-08, 2.08520702927e-08, 7.03336624497e-08, 2.96585564996e-08, 2.87359966933e-08, 9.00415297878e-09, 3.22891615667e-08, 1.6519329904e-08, 1.15142340107e-08, 2.6713121315e-07, 2.75917045656e-07, 1.22681038661e-08, 7.62951091193e-11, 1.48997773754e-12, 1.52674379215e-12, 4.78590637173e-13, 5.80087284614e-16, 4.13678252119e-17]
        dvar2: [1.80128817678e-12, 5.80941055262e-08, 1.57316605964e-07, 1.22215240594e-07, 2.71601606983e-07, 4.24981607239e-07, 3.99833595566e-07, 1.03773493265e-06, 7.31120053388e-07, 1.51008435978e-07, 4.43834196062e-08, 1.59157693247e-07, 8.16135568016e-08, 5.1584958527e-08, 2.08413410974e-08, 7.68323928924e-08, 3.61364378421e-08, 2.62269246321e-08, 5.70107260955e-07, 6.2687990976e-07, 3.45760930998e-08, 1.65345528935e-10, 3.16647207586e-12, 2.54133519784e-12, 7.24333028453e-13, 1.15638684965e-15, 4.16382702588e-17]
        max: [8.67384369485e-06, 0.00120546715334, 0.00219587190077, 0.00141703058034, 0.0042527038604, 0.00448253471404, 0.00428093923256, 0.0107324970886, 0.00495357392356, 0.00261911889538, 0.00220223097131, 0.00248079025187, 0.00221184128895, 0.00206474796869, 0.00108303653542, 0.00253336899914, 0.00162513135001, 0.00124199478887, 0.00790643692017, 0.00533929979429, 0.00123723375145, 0.00014372485748, 1.52969041665e-05, 1.56552614499e-05, 9.33656156121e-06, 2.2472835326e-07, 1.33474514996e-07]
        mean: [1.43934346397e-06, 0.000187291909242, 0.000232518388657, 0.000253080186667, 0.000503425253555, 0.000487978744786, 0.000286915746983, 0.000299096223898, 0.00023034674814, 0.000111535926408, 0.00012174553558, 0.00014365586685, 4.99338093505e-05, 8.50011638249e-05, 8.30461867736e-05, 0.000205609496334, 0.000154128239956, 0.000144145335071, 0.000339155027177, 0.000345713633578, 3.62977370969e-05, 6.58322733216e-06, 1.18797709092e-06, 1.24289101677e-06, 4.79559332689e-07, 1.37338354023e-08, 4.62178184613e-10]
        min: [1.03248432026e-09, 1.46803688494e-06, 2.02691785489e-06, 2.37252561419e-06, 1.39258327181e-05, 1.36076450872e-05, 2.50386710832e-06, 6.00641260462e-06, 4.92724211654e-06, 4.11827750213e-06, 1.42903252254e-06, 2.08424785342e-06, 1.28668841626e-06, 2.26381439461e-06, 8.27840449347e-06, 3.99247483074e-06, 6.01624515184e-06, 6.48552031635e-06, 3.82884172723e-06, 3.95714869228e-06, 5.07449868792e-08, 2.20332196932e-08, 1.70558711599e-09, 1.02124642076e-09, 5.22917043e-10, 3.73524648711e-11, 2.14582109134e-13]
        var: [2.55081372691e-12, 3.97690484988e-08, 8.48945305165e-08, 5.74651295437e-08, 2.63810051138e-07, 3.62459843473e-07, 3.04243940263e-07, 8.44588896598e-07, 3.08647940983e-07, 8.61393161244e-08, 4.70091769955e-08, 1.08402979038e-07, 2.49496334703e-08, 5.99823621883e-08, 1.1801527755e-08, 1.00793947411e-07, 3.9024595111e-08, 2.7162958105e-08, 5.18822105278e-07, 4.75988855442e-07, 9.7607104621e-09, 2.3786475567e-10, 4.46049187169e-12, 6.59891889396e-12, 1.56639404138e-12, 9.16948740787e-16, 4.12929025008e-17]
    mfcc:
        mean: [-743.775268555, 160.874313354, -55.909576416, 61.0700111389, -6.55464601517, -14.8534450531, 2.49283528328, -1.93995285034, -1.96106398106, -0.107736170292, -13.6817550659, -4.28681993484, 4.42305421829]
        cov: [[1489.38562012, -917.270996094, 257.150054932, -57.9951858521, -50.455821991, -65.5270233154, 61.1589889526, -90.3608474731, -98.535736084, 189.28213501, 11.5629024506, 40.1264801025, 45.0537986755], [-917.270996094, 1374.4987793, -493.576568604, -1.09765648842, -46.8249855042, -14.4338121414, -50.3951683044, 107.813575745, -13.6121969223, -102.299263, -0.538158237934, -37.5069389343, 47.9567451477], [257.150054932, -493.576568604, 491.014709473, -63.6323890686, -6.65734958649, 18.8130264282, 21.9903202057, -32.2420043945, 22.4748477936, -2.69314432144, -8.98981761932, 44.7228355408, -45.1469841003], [-57.9951858521, -1.09765648842, -63.6323890686, 303.466461182, 38.0776977539, 4.9739074707, -20.439907074, 60.3761253357, -11.0605630875, -13.3135356903, 5.03175497055, -30.6274433136, 2.04373669624], [-50.455821991, -46.8249855042, -6.65734958649, 38.0776977539, 232.49659729, -32.5962524414, -54.4130249023, -1.72725009918, -7.88755607605, -1.71262395382, 1.91918992996, 2.58176970482, 1.44713997841], [-65.5270233154, -14.4338121414, 18.8130264282, 4.9739074707, -32.5962524414, 189.227294922, 5.27852344513, 1.58275699615, 49.984172821, -66.6898880005, 49.9326286316, -9.70044612885, -65.3019332886], [61.1589889526, -50.3951683044, 21.9903202057, -20.439907074, -54.4130249023, 5.27852344513, 151.566864014, 9.23379421234, 5.1846909523, 16.2647533417, -3.31508851051, -4.31642723083, -18.5529441833], [-90.3608474731, 107.813575745, -32.2420043945, 60.3761253357, -1.72725009918, 1.58275699615, 9.23379421234, 127.321487427, 0.115936376154, -30.470035553, -5.92390060425, -21.0591468811, 8.66380596161], [-98.535736084, -13.6121969223, 22.4748477936, -11.0605630875, -7.88755607605, 49.984172821, 5.1846909523, 0.115936376154, 104.919868469, -14.3392658234, 22.9070835114, -5.86144971848, -30.920917511], [189.28213501, -102.299263, -2.69314432144, -13.3135356903, -1.71262395382, -66.6898880005, 16.2647533417, -30.470035553, -14.3392658234, 158.395614624, 10.2147006989, 23.7680912018, 22.4650096893], [11.5629024506, -0.538158237934, -8.98981761932, 5.03175497055, 1.91918992996, 49.9326286316, -3.31508851051, -5.92390060425, 22.9070835114, 10.2147006989, 96.2268600464, 5.92157125473, -24.6612892151], [40.1264801025, -37.5069389343, 44.7228355408, -30.6274433136, 2.58176970482, -9.70044612885, -4.31642723083, -21.0591468811, -5.86144971848, 23.7680912018, 5.92157125473, 51.257610321, 7.27041292191], [45.0537986755, 47.9567451477, -45.1469841003, 2.04373669624, 1.44713997841, -65.3019332886, -18.5529441833, 8.66380596161, -30.920917511, 22.4650096893, -24.6612892151, 7.27041292191, 90.8451080322]]
        icov: [[0.00162239663769, 0.00113737478387, 0.000144845354953, 0.000356902135536, 0.000529613695107, -0.000161992647918, -0.000113303649414, -6.56712581986e-05, 0.00156089640222, -0.000980538316071, -0.000655334501062, 0.000394362374209, -0.000918535282835], [0.00113737478387, 0.00222003157251, 0.00159610551782, 0.000688274449203, 0.000799507542979, 0.000391552079236, 0.000322507490637, -0.00101304368582, 0.000982282334007, 0.000372949085431, -0.000628012698144, -0.00053198391106, -0.000412884750403], [0.000144845354953, 0.00159610551782, 0.00404657283798, 0.000694215123076, 0.000499217305332, 0.000637035700493, 0.000184104676009, -0.000886182766408, -0.000369048299035, 0.00125835346989, 0.000510921701789, -0.00322806532495, 0.00161331356503], [0.000356902135536, 0.000688274449203, 0.000694215123076, 0.00418831687421, -0.000337495235726, -0.000186809294974, 0.000592794385739, -0.00200891145505, 0.000914590549655, -0.000278694409644, -0.00047612801427, 0.00161388842389, 1.59863611771e-05], [0.000529613695107, 0.000799507542979, 0.000499217305332, -0.000337495235726, 0.00531692011282, 0.00157120788936, 0.00181857531425, -0.000182474264875, 0.000477335735923, 0.000404527090723, -0.000756885041483, -0.000532886188012, 0.000904120795894], [-0.000161992647918, 0.000391552079236, 0.000637035700493, -0.000186809294974, 0.00157120788936, 0.0101330336183, 0.000390693108784, 3.97612056986e-05, -0.00221901200712, 0.00418173149228, -0.00382851809263, -0.000792610633653, 0.00476403953508], [-0.000113303649414, 0.000322507490637, 0.000184104676009, 0.000592794385739, 0.00181857531425, 0.000390693108784, 0.0079495171085, -0.0014003602555, -3.02192784147e-05, -0.000972553330939, 0.000615490251221, 0.000642189523205, 0.00231892615557], [-6.56712581986e-05, -0.00101304368582, -0.000886182766408, -0.00200891145505, -0.000182474264875, 3.97612056986e-05, -0.0014003602555, 0.0103372950107, -0.000372463808162, 0.00119846290909, -4.8383113608e-05, 0.00267992238514, -0.00171897071414], [0.00156089640222, 0.000982282334007, -0.000369048299035, 0.000914590549655, 0.000477335735923, -0.00221901200712, -3.02192784147e-05, -0.000372463808162, 0.0130547126755, -0.00128078926355, -0.00198207166977, 0.00194009311963, 0.000996847171336], [-0.000980538316071, 0.000372949085431, 0.00125835346989, -0.000278694409644, 0.000404527090723, 0.00418173149228, -0.000972553330939, 0.00119846290909, -0.00128078926355, 0.0103858038783, -0.00238562468439, -0.0037656663917, 0.000257138221059], [-0.000655334501062, -0.000628012698144, 0.000510921701789, -0.00047612801427, -0.000756885041483, -0.00382851809263, 0.000615490251221, -4.8383113608e-05, -0.00198207166977, -0.00238562468439, 0.0140001606196, -0.0023837054614, 0.00221811141819], [0.000394362374209, -0.00053198391106, -0.00322806532495, 0.00161388842389, -0.000532886188012, -0.000792610633653, 0.000642189523205, 0.00267992238514, 0.00194009311963, -0.0037656663917, -0.0023837054614, 0.026350511238, -0.00340537773445], [-0.000918535282835, -0.000412884750403, 0.00161331356503, 1.59863611771e-05, 0.000904120795894, 0.00476403953508, 0.00231892615557, -0.00171897071414, 0.000996847171336, 0.000257138221059, 0.00221811141819, -0.00340537773445, 0.0176806747913]]
    spectral_contrast:
        mean: [-2.36096767026e-07, 5.85274506193e-07, -2.26636274192e-08, 3.3964252566e-07, 7.05867762463e-07, 1.41452744629e-07, -1.24442021843e-06, -5.39331949767e-06, -1.11100280265e-06, 2.31598687606e-06, 2.78228935713e-06, -3.7426173094e-06]
        var: [0.000889011716936, 0.00125175726134, 0.00170424848329, 0.00273736310191, 0.00290631968528, 0.00528758950531, 0.0823714509606, 0.106784410775, 0.153915196657, 0.184768617153, 0.328644156456, 1.19932293892]

rhythm:
    beats_loudness:
        dmean: 0.00335148978047
        dmean2: 0.00636378768831
        dvar: 5.9415974647e-06
        dvar2: 1.40309221024e-05
        max: 0.00947809405625
        mean: 0.00413947971538
        min: 0.000977855292149
        var: 6.77390744386e-06
    beats_loudness_bass:
        dmean: 0.0928769782186
        dmean2: 0.166646629572
        dvar: 0.00675266422331
        dvar2: 0.0171932075173
        max: 0.34369418025
        mean: 0.132378637791
        min: 0.0390461869538
        var: 0.00689682038501
    bpm: 132.330169678
    bpm_confidence: 0
    first_peak_bpm: 144
    first_peak_spread: 0
    first_peak_weight: 0.619047641754
    onset_rate: 4.48608398438
    second_peak_bpm: 132
    second_peak_spread: 0
    second_peak_weight: 0.333333343267
    beats_position: [0.323471784592, 0.741148769855, 1.15882575512, 1.57650256157, 1.99417960644, 2.41185641289, 2.82953357697, 3.24721050262, 3.66488718987, 4.08256435394, 4.50024175644, 4.9179186821, 5.33559608459, 5.75327301025, 6.4624876976, 6.91589975357, 7.36931180954, 7.82272386551, 8.27613544464, 8.72954750061, 9.18295955658, 9.63637161255]
    bpm_estimates: [132.484619141, 132.175720215]
    bpm_intervals: [0.417676985264, 0.417676985264, 0.41767680645, 0.417677044868, 0.41767680645, 0.417677164078, 0.417676925659, 0.417676687241, 0.417677164078, 0.417677402496, 0.417676925659, 0.417677402496, 0.417676925659, 0.709214687347, 0.453412055969, 0.453412055969, 0.453412055969, 0.453411579132, 0.453412055969, 0.453412055969, 0.453412055969]
    onset_times: [0.0580498874187, 0.371519267559, 0.580498874187, 0.743038535118, 1.10294783115, 1.46285712719, 1.57895696163, 1.97369611263, 2.11301589012, 2.26394557953, 2.38004541397, 2.67029476166, 2.82122445107, 3.11147403717, 3.49460315704, 3.58748292923, 3.7151927948, 3.78485250473, 3.99383211136, 4.56272125244, 4.80653047562, 4.95746040344, 5.38702964783, 5.60761928558, 5.74693870544, 5.92108821869, 6.14167785645, 6.33904743195, 6.42031764984, 7.05886602402, 7.2910656929, 7.44199562073, 7.67419481277, 8.11537456512, 8.35918331146, 8.498503685, 8.63782310486, 8.73070335388, 8.85841274261, 8.99773216248, 9.21832180023, 9.49696159363, 9.58984088898, 9.74077129364, 9.83365058899]
    rubato_start: []
    rubato_stop: []
    perceptual_tempo: "unknown"

sfx:
    inharmonicity:
        dmean: 0.0476189740002
        dmean2: 0.0822109654546
        dvar: 0.0026760851033
        dvar2: 0.00760741252452
        max: 0.303966313601
        mean: 0.0479978658259
        min: 4.8044767027e-05
        var: 0.00304931448773
    oddtoevenharmonicenergyratio:
        dmean: 2.2812962532
        dmean2: 4.32951927185
        dvar: 98.4730758667
        dvar2: 292.429748535
        max: 133.735275269
        mean: 1.43325269222
        min: 0.000804914045148
        var: 51.2207489014
    pitch_after_max_to_before_max_energy_ratio: 5.53325414658
    pitch_centroid: 235.783660889
    pitch_max_to_total: 0.276744186878
    pitch_min_to_total: 0.567441880703
    tristimulus:
        dmean: [0.232431784272, 0.261206388474, 0.126344993711]
        dmean2: [0.393397331238, 0.455728054047, 0.220835104585]
        dvar: [0.0303486511111, 0.0394621416926, 0.0146428011358]
        dvar2: [0.089575946331, 0.120261341333, 0.0377208814025]
        max: [0.932683765888, 0.985285818577, 0.85293751955]
        mean: [0.439975500107, 0.40303209424, 0.113252326846]
        min: [0.014714229852, 0, 0]
        var: [0.0559759885073, 0.0563867799938, 0.0193754248321]

tonal:
    chords_changes_rate: 0.0555555559695
    chords_number_rate: 0.0324074067175
    chords_strength:
        dmean: 0.0102191399783
        dmean2: 0.0102946944535
        dvar: 7.24037963664e-05
        dvar2: 7.82601273386e-05
        max: 0.74188119173
        mean: 0.565563440323
        min: 0.313581287861
        var: 0.00847404077649
    key_strength: 0.732890486717
    tuning_diatonic_strength: 0.501796901226
    tuning_equal_tempered_deviation: 0.219429954886
    tuning_frequency: 445.112548828
    tuning_nontempered_energy_ratio: 0.946144938469
    hpcp:
        dmean: [0.124956361949, 0.161047935486, 0.189724415541, 0.197290450335, 0.175940513611, 0.206392973661, 0.191413983703, 0.156975507736, 0.15504039824, 0.174199089408, 0.171337515116, 0.18558396399, 0.215012773871, 0.166040256619, 0.141763940454, 0.14539206028, 0.169170230627, 0.198756247759, 0.216298907995, 0.175747275352, 0.155462652445, 0.131824180484, 0.169630527496, 0.136358067393, 0.118431985378, 0.184336319566, 0.22542463243, 0.189304172993, 0.122282408178, 0.102613396943, 0.104801215231, 0.131050020456, 0.154927492142, 0.158632785082, 0.152132540941, 0.13511967659]
        dmean2: [0.205538794398, 0.261647641659, 0.309719502926, 0.329417943954, 0.297090083361, 0.338078469038, 0.305187225342, 0.256847828627, 0.272760361433, 0.309022516012, 0.309488922358, 0.313629925251, 0.382942974567, 0.285611212254, 0.258207976818, 0.26533678174, 0.298203617334, 0.340552568436, 0.373619675636, 0.315221935511, 0.276637166739, 0.233588635921, 0.298383951187, 0.239453777671, 0.200179293752, 0.319958329201, 0.38261321187, 0.315128326416, 0.221586033702, 0.187968567014, 0.182918220758, 0.228948310018, 0.259884566069, 0.25897654891, 0.262641787529, 0.241359695792]
        dvar: [0.024718914181, 0.0377531088889, 0.0350214168429, 0.0380143411458, 0.0336272381246, 0.0428825616837, 0.0413258783519, 0.0273318514228, 0.0317418538034, 0.0544977709651, 0.0470232777297, 0.036387424916, 0.0557287894189, 0.0397255048156, 0.0411198027432, 0.0341990217566, 0.0374485179782, 0.0432661138475, 0.0510081835091, 0.0527659244835, 0.0481184571981, 0.0381420366466, 0.0549631156027, 0.0376462489367, 0.0255351066589, 0.0472513437271, 0.0598302707076, 0.035889942199, 0.0417046919465, 0.0331931486726, 0.0243741050363, 0.0386445783079, 0.0291708279401, 0.033045835793, 0.034250497818, 0.0371398031712]
        dvar2: [0.0491041988134, 0.0960531979799, 0.0926769375801, 0.105222158134, 0.0874180421233, 0.107656061649, 0.0868250653148, 0.0744818225503, 0.0892337039113, 0.155113935471, 0.131506815553, 0.0802559554577, 0.150450006127, 0.0991589948535, 0.111558899283, 0.0960175469518, 0.0998060554266, 0.102322936058, 0.126531586051, 0.133902236819, 0.12452916801, 0.106752261519, 0.167015701532, 0.0962984934449, 0.067035831511, 0.122837163508, 0.140283167362, 0.0947580859065, 0.128109663725, 0.1003754884, 0.0639447942376, 0.0954213663936, 0.070891931653, 0.0824920013547, 0.0949897915125, 0.0969310626388]
        max: [1, 1, 1, 1, 1, 1, 1, 1, 1, 1, 1, 1, 1, 1, 1, 1, 1, 1, 1, 1, 1, 1, 1, 1, 1, 1, 1, 1, 1, 1, 0.977401793003, 1, 1, 1, 1, 1]
        mean: [0.15626218915, 0.211397364736, 0.302066922188, 0.278137594461, 0.237693190575, 0.30227714777, 0.287488460541, 0.202821835876, 0.175999030471, 0.175246834755, 0.21155923605, 0.313591510057, 0.307674735785, 0.196522802114, 0.15309779346, 0.148232713342, 0.228704452515, 0.391903042793, 0.339181274176, 0.185799404979, 0.14888381958, 0.138623535633, 0.158355906606, 0.163301214576, 0.14699652791, 0.238059923053, 0.359922945499, 0.264007419348, 0.128919303417, 0.107729136944, 0.110053241253, 0.139472678304, 0.195720389485, 0.21340303123, 0.187866210938, 0.16591873765]
        min: [0.00382550153881, 0.00527109159157, 0.00900894589722, 0.00839037261903, 0.00554297072813, 0.00647646421567, 0.0108050461859, 0.00725843803957, 0.00431497534737, 0.00365713844076, 0.00306013971567, 0.00901894085109, 0.00535439513624, 0.0030803445261, 0.00173196033575, 0.00431825267151, 0.00674366019666, 0.00362877896987, 0.00152649602387, 0.00814567413181, 0.00404906691983, 0.00417652213946, 0.00511815957725, 0.0027012177743, 0.00478216493502, 0.00462994398549, 0.00686333980411, 0.00476136151701, 0.00234655640088, 0.00122735230252, 0.0013520923676, 0.00197899132036, 0.00244328798726, 0.00471286987886, 0.00402254937217, 0.00394906895235]
        var: [0.0421942956746, 0.0569959543645, 0.0705232098699, 0.0560924932361, 0.0427896752954, 0.0700430870056, 0.0716950595379, 0.0413228981197, 0.0323549844325, 0.0441247038543, 0.0477979816496, 0.084593527019, 0.0899015292525, 0.0460746325552, 0.0394252389669, 0.0322546288371, 0.0458100289106, 0.107186064124, 0.0886750146747, 0.0597439371049, 0.0474603623152, 0.0352846942842, 0.047292843461, 0.0430138893425, 0.0313656181097, 0.0646653398871, 0.108534418046, 0.0567675381899, 0.0320566929877, 0.0262571368366, 0.0243734754622, 0.0389412716031, 0.0471383072436, 0.0516264513135, 0.046413872391, 0.0501522943377]
    chords_histogram: [45.3703689575, 6.01851844788, 28.7037029266, 2.31481480598, 0, 0, 0, 0, 0, 1.85185182095, 0, 0, 0, 0, 0, 0, 0, 0, 0, 6.01851844788, 0, 0, 0, 9.72222232819]
    thpcp: [1, 0.865472435951, 0.474095344543, 0.37989962101, 0.353718966246, 0.40406909585, 0.416687786579, 0.37508392334, 0.607445955276, 0.918397963047, 0.673654913902, 0.328957140446, 0.27488720417, 0.280817508698, 0.35588568449, 0.499410241842, 0.544530153275, 0.479369103909, 0.423366814852, 0.398726642132, 0.539412438869, 0.770769536495, 0.709710240364, 0.606510221958, 0.771305918694, 0.7335703969, 0.517530620098, 0.449088186026, 0.447168856859, 0.539825439453, 0.800176262856, 0.785078704357, 0.501457691193, 0.39065220952, 0.378238230944, 0.583574056625]
    chords_key: "A#"
    chords_scale: "major"
    key_key: "A#"
    key_scale: "major"
    chords_progression: ["F", "F", "F", "F", "F", "F", "F", "F", "F", "F", "F", "F", "F", "F", "F", "F", "F", "F", "F", "F", "F", "F", "F", "Dm", "Dm", "Dm", "Dm", "Dm", "Dm", "Dm", "Dm", "Dm", "Dm", "Dm", "A#", "A#", "A#", "A#", "A#", "A#", "A#", "A#", "A#", "A#", "A#", "A#", "A#", "A#", "A#", "A#", "A#", "A#", "A#", "A#", "A#", "A#", "A#", "A#", "A#", "A#", "A#", "A#", "A#", "A#", "A#", "A#", "A#", "A#", "A#", "A#", "A#", "A#", "A#", "A#", "A#", "A#", "A#", "A#", "A#", "A#", "A#", "A#", "A#", "A#", "A#", "A#", "A#", "A#", "A#", "A#", "A#", "A#", "A#", "A#", "A#", "A#", "A#", "A#", "A#", "A#", "A#", "A#", "A#", "A#", "A#", "A#", "A#", "A#", "A#", "A#", "A#", "A#", "A#", "A#", "A#", "A#", "A#", "A#", "Dm", "A#", "A#", "A#", "A#", "A#", "Dm", "A#", "A#", "A#", "A#", "A#", "A#", "A#", "Gm", "Gm", "Gm", "Gm", "Gm", "Gm", "Gm", "Gm", "Gm", "Gm", "Gm", "Gm", "Gm", "Gm", "Gm", "Gm", "Gm", "Gm", "Gm", "Gm", "Gm", "A#", "A#", "F#m", "F#m", "F#m", "F#m", "Fm", "Fm", "Fm", "Fm", "Fm", "Fm", "Fm", "Fm", "Fm", "Fm", "Fm", "Fm", "Fm", "F", "F", "F", "F", "F", "F", "F", "F", "F", "F", "F", "F", "F", "F", "F", "F", "F", "F", "F", "F", "F", "F", "F", "F", "F", "F", "F", "F", "F", "F", "F", "F", "F", "F", "F", "F", "F", "F", "F", "Am", "Am", "Am", "Am", "Am"]
