
metadata:
    version:
        essentia: "1.2.2"
    audio_properties:
        analysis_sample_rate: 44100
        bitrate: 128
        channels: 2
        equal_loudness: 1
        length: 10.0310201645
        replay_gain: -12.4749889374
        downmix: "mix"
    tags:
        track: 5
        year: 0
        album: "Splitted by Mp3Splt v. 2.1"
        artist: "From 000.40 To 000.50"
        comment: "http://mp3splt.sf.net"
        genre: ""
        title: "12 So Alone.mp3"

highlevel:
    ballroom:
        all:
            ChaChaCha: 0.0256515946239
            Jive: 0.890361011028
            Quickstep: 0.0157374422997
            Rumba-American: 0.000856378115714
            Rumba-International: 0.000514856830705
            Rumba-Misc: 0.000354888383299
            Samba: 0.0598094649613
            Tango: 0.000489626370836
            VienneseWaltz: 0.0052981977351
            Waltz: 0.000926517648622
        probability: 0.890361011028
        value: "Jive"
    culture:
        all:
            non_western: 0.0290723796934
            western: 0.970927596092
        probability: 0.970927596092
        value: "western"
    gender:
        all:
            female: 0.087549418211
            male: 0.912450551987
        probability: 0.912450551987
        value: "male"
    genre_dortmund:
        all:
            alternative: 0.0796660333872
            blues: 0.00501570431516
            electronic: 0.00847279187292
            folkcountry: 0.0153398513794
            funksoulrnb: 0.013352682814
            jazz: 0.0162195507437
            pop: 0.0216772966087
            raphiphop: 0.000279838277493
            rock: 0.839976251125
        probability: 0.839976251125
        value: "rock"
    genre_electronica:
        all:
            ambient: 0.125802725554
            dnb: 0.520938694477
            house: 0.00181136699393
            techno: 0.0122725693509
            trance: 0.33917465806
        probability: 0.520938694477
        value: "dnb"
    genre_rosamerica:
        all:
            cla: 0.00454781716689
            dan: 0.00179070362356
            hip: 0.00230745715089
            jaz: 0.00201875180937
            pop: 0.00216369354166
            rhy: 0.00117408530787
            roc: 0.985248625278
            spe: 0.000748875143472
        probability: 0.985248625278
        value: "roc"
    genre_tzanetakis:
        all:
            blu: 0.00813879445195
            cla: 0.0111390640959
            cou: 0.131839424372
            dis: 0.0231337603182
            hip: 0.00900374352932
            jaz: 0.0749492198229
            met: 0.304453015327
            pop: 0.0264937933534
            reg: 0.00341326487251
            roc: 0.407435923815
        probability: 0.407435923815
        value: "roc"
    live_studio:
        all:
            live: 0.373387932777
            studio: 0.626612067223
        probability: 0.626612067223
        value: "studio"
    mood:
        all:
            Cluster1: 0.340633928776
            Cluster2: 0.108666270971
            Cluster3: 0.0112696355209
            Cluster4: 0.081016138196
            Cluster5: 0.458414047956
        probability: 0.458414047956
        value: "Cluster5"
    mood_acoustic:
        all:
            acoustic: 0.00923053734004
            not_acoustic: 0.990769445896
        probability: 0.990769445896
        value: "not_acoustic"
    mood_aggressive:
        all:
            aggressive: 0.993563055992
            not_aggressive: 0.0064369305037
        probability: 0.993563055992
        value: "aggressive"
    mood_electronic:
        all:
            electronic: 0.0580375790596
            not_electronic: 0.94196242094
        probability: 0.94196242094
        value: "not_electronic"
    mood_happy:
        all:
            happy: 0.299199581146
            not_happy: 0.700800418854
        probability: 0.700800418854
        value: "not_happy"
    mood_party:
        all:
            not_party: 0.205060303211
            party: 0.794939696789
        probability: 0.794939696789
        value: "party"
    mood_relaxed:
        all:
            not_relaxed: 0.302713930607
            relaxed: 0.697286069393
        probability: 0.697286069393
        value: "relaxed"
    mood_sad:
        all:
            not_sad: 0.979698061943
            sad: 0.0203019250184
        probability: 0.979698061943
        value: "not_sad"
    rhythm:
        all:
            fast: 0.959261834621
            medium: 0.0230743214488
            slow: 0.017663827166
        probability: 0.959261834621
        value: "fast"
    speech_music:
        all:
            music: 0.990442454815
            speech: 0.00955754052848
        probability: 0.990442454815
        value: "music"
    timbre:
        all:
            bright: 0.406527549028
            dark: 0.593472480774
        probability: 0.593472480774
        value: "dark"
    voice_instrumental:
        all:
            instrumental: 0.508060336113
            voice: 0.491939693689
        probability: 0.508060336113
        value: "instrumental"

lowlevel:
    average_loudness: 0.979574918747
    barkbands_kurtosis:
        dmean: 0.510489583015
        dmean2: 0.835485577583
        dvar: 0.310020238161
        dvar2: 0.758737444878
        max: 2.59890317917
        mean: -0.848499655724
        min: -1.73744189739
        var: 0.579866886139
    barkbands_skewness:
        dmean: 0.374339669943
        dmean2: 0.594857931137
        dvar: 0.111880838871
        dvar2: 0.28435331583
        max: 1.78267288208
        mean: -0.45960265398
        min: -1.78011441231
        var: 0.267699301243
    barkbands_spread:
        dmean: 5.44754981995
        dmean2: 8.46730327606
        dvar: 22.3859062195
        dvar2: 56.3020172119
        max: 52.6059265137
        mean: 30.8314685822
        min: 11.6337146759
        var: 63.7178039551
    dissonance:
        dmean: 0.0120248384774
        dmean2: 0.0201494693756
        dvar: 0.000160057621542
        dvar2: 0.000435326976003
        max: 0.5
        mean: 0.48062852025
        min: 0.399619281292
        var: 0.000282851222437
    hfc:
        dmean: 2.23141479492
        dmean2: 3.21181416512
        dvar: 4.62992334366
        dvar2: 10.7262191772
        max: 26.3824634552
        mean: 9.99750423431
        min: 3.81750798225
        var: 17.420129776
    pitch:
        dmean: 951.56036377
        dmean2: 1824.43054199
        dvar: 1677959.875
        dvar2: 3807931.5
        max: 4009.09082031
        mean: 1645.92346191
        min: 61.764705658
        var: 2089035.125
    pitch_instantaneous_confidence:
        dmean: 0.0868902653456
        dmean2: 0.136031091213
        dvar: 0.00521373748779
        dvar2: 0.0113990837708
        max: 0.816759228706
        mean: 0.398722529411
        min: 0.154493033886
        var: 0.0217462144792
    pitch_salience:
        dmean: 0.0620064176619
        dmean2: 0.102240741253
        dvar: 0.003120879177
        dvar2: 0.0076766400598
        max: 0.817688941956
        mean: 0.674165546894
        min: 0.275669962168
        var: 0.00778315449134
    silence_rate_20dB:
        dmean: 0
        dmean2: 0
        dvar: 0
        dvar2: 0
        max: 1
        mean: 1
        min: 1
        var: 0
    silence_rate_30dB:
        dmean: 0
        dmean2: 0
        dvar: 0
        dvar2: 0
        max: 1
        mean: 1
        min: 1
        var: 0
    silence_rate_60dB:
        dmean: 0.162412986159
        dmean2: 0.323255807161
        dvar: 0.136035472155
        dvar2: 0.242017135024
        max: 1
        mean: 0.293981492519
        min: 0
        var: 0.207556590438
    spectral_centroid:
        dmean: 247.706253052
        dmean2: 406.773651123
        dvar: 50828.2226562
        dvar2: 128292.179688
        max: 2859.3605957
        mean: 2098.51171875
        min: 1055.1809082
        var: 98945.640625
    spectral_complexity:
        dmean: 3.74825167656
        dmean2: 5.83878517151
        dvar: 8.84105968475
        dvar2: 22.5604610443
        max: 33
        mean: 18.0953483582
        min: 7
        var: 20.7653255463
    spectral_crest:
        dmean: 1.77539157867
        dmean2: 3.01187896729
        dvar: 3.63125777245
        dvar2: 9.49467754364
        max: 21.3450317383
        mean: 6.12838745117
        min: 2.97014546394
        var: 6.31977272034
    spectral_decrease:
        dmean: 2.87719237324e-10
        dmean2: 4.30893570824e-10
        dvar: 9.84588559478e-20
        dvar2: 2.14426294955e-19
        max: -3.91882803985e-10
        mean: -1.06978792491e-09
        min: -4.2299093117e-09
        var: 3.1644528456e-19
    spectral_energy:
        dmean: 0.00125223840587
        dmean2: 0.00184881873429
        dvar: 1.74843091827e-06
        dvar2: 3.79828270525e-06
        max: 0.0178610105067
        mean: 0.00494443206117
        min: 0.00187178561464
        var: 6.03766557106e-06
    spectral_energyband_high:
        dmean: 0.000118647185445
        dmean2: 0.000184445714694
        dvar: 1.91154274631e-08
        dvar2: 3.97858919143e-08
        max: 0.0011840473162
        mean: 0.000384723040042
        min: 0.000100949277112
        var: 3.93593992953e-08
    spectral_energyband_low:
        dmean: 8.46367838676e-05
        dmean2: 0.000150431806105
        dvar: 2.23949854217e-08
        dvar2: 6.356471971e-08
        max: 0.00099899340421
        mean: 0.000136959948577
        min: 5.72217641093e-06
        var: 1.63942335263e-08
    spectral_energyband_middle_high:
        dmean: 0.000755353248678
        dmean2: 0.00109295058064
        dvar: 5.12273686581e-07
        dvar2: 1.21281004795e-06
        max: 0.00875324197114
        mean: 0.00282454513945
        min: 0.000872469274327
        var: 1.91117214854e-06
    spectral_energyband_middle_low:
        dmean: 0.000827884417959
        dmean2: 0.00132624036632
        dvar: 1.41264013109e-06
        dvar2: 3.35551976605e-06
        max: 0.0134258717299
        mean: 0.00159820192493
        min: 0.000205920659937
        var: 2.57400893133e-06
    spectral_flatness_db:
        dmean: 0.01336214412
        dmean2: 0.0204935856164
        dvar: 0.000131824752316
        dvar2: 0.000321744941175
        max: 0.22892460227
        mean: 0.129253610969
        min: 0.0861026123166
        var: 0.00048422664986
    spectral_flux:
        dmean: 0.00853007100523
        dmean2: 0.0125689720735
        dvar: 5.82912362006e-05
        dvar2: 0.000135905313073
        max: 0.0951525345445
        mean: 0.0439001359046
        min: 0.018130781129
        var: 0.000173761422047
    spectral_kurtosis:
        dmean: 0.699151456356
        dmean2: 1.13734853268
        dvar: 0.452114194632
        dvar2: 1.04378771782
        max: 9.21956920624
        mean: 3.01847934723
        min: 0.61542224884
        var: 0.948300659657
    spectral_rms:
        dmean: 0.000271286786301
        dmean2: 0.000391406269046
        dvar: 6.4380245135e-08
        dvar2: 1.30668510678e-07
        max: 0.00417437124997
        mean: 0.00213706702925
        min: 0.00135134463198
        var: 2.56779401298e-07
    spectral_rolloff:
        dmean: 236.664474487
        dmean2: 381.560211182
        dvar: 76088.65625
        dvar2: 182265.203125
        max: 5297.16796875
        mean: 3546.16821289
        min: 1378.125
        var: 163323.9375
    spectral_skewness:
        dmean: 0.117221675813
        dmean2: 0.183358490467
        dvar: 0.0138031151146
        dvar2: 0.0300171226263
        max: 2.60015463829
        mean: 1.27832567692
        min: 0.720258712769
        var: 0.0262264702469
    spectral_spread:
        dmean: 446944.4375
        dmean2: 613716.75
        dvar: 220881666048
        dvar2: 326603210752
        max: 10544892
        mean: 4851458
        min: 3301635.5
        var: 719772385280
    spectral_strongpeak:
        dmean: 0.664265930653
        dmean2: 1.11694610119
        dvar: 0.676071345806
        dvar2: 1.7957277298
        max: 6.72722911835
        mean: 0.94383919239
        min: 0.02369113639
        var: 0.999893665314
    zerocrossingrate:
        dmean: 0.00771006336436
        dmean2: 0.00945417489856
        dvar: 4.91126265842e-05
        dvar2: 7.56972804083e-05
        max: 0.15673828125
        mean: 0.113986417651
        min: 0.03955078125
        var: 0.000202938652365
    barkbands:
        dmean: [8.93293332638e-08, 2.73072037089e-05, 6.55211624689e-05, 0.000144683479448, 0.000257616513409, 0.000101475699921, 7.10577878635e-05, 0.000109569540655, 0.000417319039116, 0.000160606898135, 5.84261324548e-05, 5.18688029842e-05, 6.96951319696e-05, 8.78172722878e-05, 0.000131302149384, 0.000101248173451, 0.000229118522839, 0.000215234293137, 0.00029788442771, 0.000107372914499, 6.10196293565e-05, 3.94994967792e-05, 7.13006147635e-06, 2.1186556296e-06, 1.10261601094e-06, 8.35612041783e-08, 1.66671532131e-09]
        dmean2: [1.5117889518e-07, 4.88119403599e-05, 0.000114712507639, 0.000259632914094, 0.000436882575741, 0.000165188204846, 0.000116046277981, 0.00018383191491, 0.000651497219224, 0.000261256471276, 0.000103832411696, 8.52076409501e-05, 0.000108800151793, 0.000144904770423, 0.000204529933399, 0.000161789255799, 0.000370977853891, 0.000353584968252, 0.000474119849969, 0.000180942253792, 9.94055153569e-05, 6.03893931839e-05, 1.01589484984e-05, 2.94557207781e-06, 1.5407159708e-06, 1.26621742425e-07, 1.95531768554e-09]
        dvar: [1.52792173716e-14, 2.59653476498e-09, 1.09194866482e-08, 7.69574910464e-08, 1.884483396e-07, 4.59340334658e-08, 1.02654951206e-08, 3.31110676655e-08, 9.49796060468e-07, 2.45924752562e-07, 3.86534608765e-08, 1.01961568078e-08, 1.84955712967e-08, 3.15844026488e-08, 5.14059514956e-08, 2.19569251669e-08, 7.48512007931e-08, 7.62828946677e-08, 1.01014627774e-07, 1.62658899683e-08, 5.16238873871e-09, 2.08442485494e-09, 6.26836221818e-11, 5.78589042996e-12, 1.70622663134e-12, 1.22069932965e-14, 7.02359031649e-16]
        dvar2: [3.78271327835e-14, 7.26315185773e-09, 3.11223047333e-08, 2.17706542571e-07, 4.91155844884e-07, 1.17059606453e-07, 2.37529373948e-08, 8.86604425432e-08, 2.19490402742e-06, 4.8641010153e-07, 1.16484244472e-07, 2.60598671531e-08, 3.79550790797e-08, 8.4016946289e-08, 1.3387860065e-07, 4.31987956517e-08, 1.89941317785e-07, 1.97851790062e-07, 2.28432739391e-07, 4.28231317073e-08, 1.21887575588e-08, 5.02124120061e-09, 1.18460852239e-10, 1.16491425881e-11, 2.92747315105e-12, 2.39501920087e-14, 7.05498823966e-16]
        max: [1.02986962247e-06, 0.0003093193518, 0.0007257325924, 0.0019274756778, 0.00253220228478, 0.00254488084465, 0.00130686629564, 0.00181934796274, 0.0100519536063, 0.00800470914692, 0.0026869000867, 0.00133894826286, 0.0013200470712, 0.00222300481983, 0.00238508870825, 0.00208013411611, 0.00330852903426, 0.0032560697291, 0.00340447505005, 0.00127627269831, 0.000607372727245, 0.000463695614599, 9.8792843346e-05, 3.57523349521e-05, 1.14015956569e-05, 8.02997874416e-07, 5.49866228994e-07]
        mean: [1.0833102948e-07, 3.37259334628e-05, 0.000103128724732, 0.000144389501656, 0.000300528568914, 0.00014467787696, 0.000112631532829, 0.000155809728312, 0.000616299395915, 0.000268694537226, 7.15640926501e-05, 8.26989926281e-05, 0.000101640849607, 0.000124785015942, 0.000195424363483, 0.000217126973439, 0.000486456032377, 0.000521117122844, 0.000743812590372, 0.000239673900069, 0.00015314106713, 0.000100741970527, 1.82935491466e-05, 5.33335969521e-06, 2.48205242315e-06, 1.45812819596e-07, 1.68211489182e-09]
        min: [8.16149162142e-11, 1.1343222468e-06, 1.32418369958e-06, 1.04002538137e-06, 1.52584307216e-05, 5.74590558244e-06, 4.37111521023e-06, 5.77330592932e-06, 1.02163103293e-05, 1.03971360659e-05, 2.05972423828e-06, 6.13453676124e-06, 4.61929357698e-06, 3.80733808925e-06, 1.23896452351e-05, 1.91208309843e-05, 8.04868686828e-05, 8.93427059054e-05, 0.000156839043484, 4.97968358104e-05, 3.352042404e-05, 2.06412514672e-05, 1.26575514514e-06, 3.28508576786e-07, 1.98874033686e-07, 4.19450429945e-09, 3.81686164879e-13]
        var: [2.11643311383e-14, 2.06560435423e-09, 9.0788807583e-09, 5.20428464768e-08, 1.60031376595e-07, 4.29037001481e-08, 1.62528337455e-08, 3.53282878507e-08, 1.48419246671e-06, 5.9142024611e-07, 2.60883865622e-08, 1.23793206797e-08, 3.27526699095e-08, 3.95797634667e-08, 9.17452638305e-08, 5.27279162554e-08, 1.22117640444e-07, 1.51754704802e-07, 2.33033929931e-07, 2.09439150467e-08, 8.69059846309e-09, 3.99883193225e-09, 1.96078847603e-10, 2.02324944992e-11, 4.6350453857e-12, 2.33838386751e-14, 7.00724522759e-16]
    mfcc:
        mean: [-678.713378906, 85.3463058472, -52.0618782043, 50.4407920837, -17.6125469208, -9.60353469849, -8.97706031799, 6.3059220314, 0.30746987462, -5.30140686035, 1.86855733395, -9.07143878937, -9.89970016479]
        cov: [[373.881011963, -70.8394088745, 26.9234542847, -78.2353057861, -9.09560489655, 26.4864082336, -3.33744502068, -4.3371090889, -41.1289367676, 40.9331626892, 1.78383851051, -58.7646522522, -51.2923812866], [-70.8394088745, 181.840911865, -79.4396972656, 14.6832857132, -30.0855827332, 2.85904097557, 38.3662757874, 24.6669883728, 4.07750797272, 0.335122793913, 27.1125278473, 4.94749450684, -0.620113611221], [26.9234542847, -79.4396972656, 175.011459351, 34.460269928, 7.83703804016, -0.762285411358, -1.34460151196, -55.4736709595, 6.82456111908, -41.1615753174, -23.0020694733, 10.691069603, 25.1446723938], [-78.2353057861, 14.6832857132, 34.460269928, 81.9636154175, 19.1220474243, -6.67977809906, -1.51091122627, -22.9868659973, 22.2010765076, -23.8813457489, -12.6969203949, 10.3886756897, 21.6289768219], [-9.09560489655, -30.0855827332, 7.83703804016, 19.1220474243, 92.2325820923, 18.4287509918, -31.7730445862, -10.9455366135, 11.84628582, 23.5678501129, -17.7357883453, 13.2434806824, 4.08279705048], [26.4864082336, 2.85904097557, -0.762285411358, -6.67977809906, 18.4287509918, 68.673866272, 30.7549285889, 11.7352771759, -10.8981389999, -3.43208575249, 4.85546636581, -4.69258213043, -9.45362091064], [-3.33744502068, 38.3662757874, -1.34460151196, -1.51091122627, -31.7730445862, 30.7549285889, 93.9680786133, 29.0492191315, -0.704464018345, -36.5817871094, 13.966340065, -3.96637749672, -5.68959236145], [-4.3371090889, 24.6669883728, -55.4736709595, -22.9868659973, -10.9455366135, 11.7352771759, 29.0492191315, 98.2120513916, -2.63826775551, 31.7569732666, 9.60126972198, -6.20934009552, -12.0534381866], [-41.1289367676, 4.07750797272, 6.82456111908, 22.2010765076, 11.84628582, -10.8981389999, -0.704464018345, -2.63826775551, 62.1985549927, 11.1363954544, -4.20153999329, 3.79192566872, 8.118683815], [40.9331626892, 0.335122793913, -41.1615753174, -23.8813457489, 23.5678501129, -3.43208575249, -36.5817871094, 31.7569732666, 11.1363954544, 101.698104858, 18.4410934448, -8.55017185211, -18.5123672485], [1.78383851051, 27.1125278473, -23.0020694733, -12.6969203949, -17.7357883453, 4.85546636581, 13.966340065, 9.60126972198, -4.20153999329, 18.4410934448, 56.629989624, 9.43823432922, -4.16205739975], [-58.7646522522, 4.94749450684, 10.691069603, 10.3886756897, 13.2434806824, -4.69258213043, -3.96637749672, -6.20934009552, 3.79192566872, -8.55017185211, 9.43823432922, 58.2177085876, 30.5170993805], [-51.2923812866, -0.620113611221, 25.1446723938, 21.6289768219, 4.08279705048, -9.45362091064, -5.68959236145, -12.0534381866, 8.118683815, -18.5123672485, -4.16205739975, 30.5170993805, 54.0212173462]]
        icov: [[0.00498685939237, 0.000781329639722, -0.00166513689328, 0.00370856351219, -0.000137234834256, -0.000742343079764, -0.00114666856825, 0.001560020959, 0.00216471054591, -0.00248636794277, 8.445236017e-05, 0.00368489697576, 0.00088941474678], [0.000781329639722, 0.0094820857048, 0.00480799935758, -0.00394429406151, 0.00285023730248, -0.000375002447981, -0.00388286239468, 0.00158500066027, 0.000573529337998, -0.00191308476496, -0.00111069472041, -0.000851330754813, -0.000490774400532], [-0.00166513689328, 0.00480799935758, 0.0112450309098, -0.00500513473526, 0.00200064247474, -0.000676770578139, -0.00284454203211, 0.00428937701508, -0.000620228005573, 0.000205202421057, 0.00192360463552, -0.0023046862334, -0.00275447312742], [0.00370856351219, -0.00394429406151, -0.00500513473526, 0.0227559134364, -0.0062355347909, 0.00170715060085, 6.33128074696e-05, 0.00153228559066, -0.00371648464352, 0.00307926465757, 6.87144565745e-05, 0.00517365755513, -0.00349037675187], [-0.000137234834256, 0.00285023730248, 0.00200064247474, -0.0062355347909, 0.0211449712515, -0.0103146908805, 0.00507375691086, 0.00198520137928, -0.00223581190221, -0.00595290539786, 0.00722224358469, -0.00783560890704, 0.00232083490118], [-0.000742343079764, -0.000375002447981, -0.000676770578139, 0.00170715060085, -0.0103146908805, 0.0236222147942, -0.0103424191475, -0.000334301992552, 0.00454730540514, 0.000242888723733, -0.00246296380647, 0.00250702397898, 0.000465724384412], [-0.00114666856825, -0.00388286239468, -0.00284454203211, 6.33128074696e-05, 0.00507375691086, -0.0103424191475, 0.0263343192637, -0.00995782203972, -0.00624678703025, 0.0127713335678, -0.00591989373788, -0.000146610676893, 0.00346582569182], [0.001560020959, 0.00158500066027, 0.00428937701508, 0.00153228559066, 0.00198520137928, -0.000334301992552, -0.00995782203972, 0.018404783681, 0.00239219004288, -0.00971193984151, 0.00457581179217, -0.000429387320764, -0.00135393522214], [0.00216471054591, 0.000573529337998, -0.000620228005573, -0.00371648464352, -0.00223581190221, 0.00454730540514, -0.00624678703025, 0.00239219004288, 0.0217127110809, -0.0072890939191, 0.0021607321687, 0.00179411750287, -0.00192883261479], [-0.00248636794277, -0.00191308476496, 0.000205202421057, 0.00307926465757, -0.00595290539786, 0.000242888723733, 0.0127713335678, -0.00971193984151, -0.0072890939191, 0.0240779705346, -0.0101290764287, 0.00220847222954, 0.00327810226008], [8.445236017e-05, -0.00111069472041, 0.00192360463552, 6.87144565745e-05, 0.00722224358469, -0.00246296380647, -0.00591989373788, 0.00457581179217, 0.0021607321687, -0.0101290764287, 0.0272474121302, -0.00901697203517, 0.00196240702644], [0.00368489697576, -0.000851330754813, -0.0023046862334, 0.00517365755513, -0.00783560890704, 0.00250702397898, -0.000146610676893, -0.000429387320764, 0.00179411750287, 0.00220847222954, -0.00901697203517, 0.0318067744374, -0.0147655084729], [0.00088941474678, -0.000490774400532, -0.00275447312742, -0.00349037675187, 0.00232083490118, 0.000465724384412, 0.00346582569182, -0.00135393522214, -0.00192883261479, 0.00327810226008, 0.00196240702644, -0.0147655084729, 0.0319043062627]]
    spectral_contrast:
        mean: [-6.98318629588e-08, -2.71961340559e-07, 1.97890884124e-07, 6.00534121986e-07, 6.31393390904e-08, 1.09246300894e-07, 4.43231584768e-07, -2.65705034508e-06, -2.74805142908e-06, 4.16643388235e-07, -4.59510225426e-08, 1.61895923156e-06]
        var: [0.000210039172089, 0.000371161964722, 0.00151072395965, 0.00206975499168, 0.00260998215526, 0.00479510612786, 0.0177789442241, 0.048075389117, 0.0920702964067, 0.12375549227, 0.145250588655, 0.27053207159]

rhythm:
    beats_loudness:
        dmean: 0.0017762274947
        dmean2: 0.00312621262856
        dvar: 2.85517671728e-06
        dvar2: 7.53096264816e-06
        max: 0.0117496484891
        mean: 0.00672491034493
        min: 0.00532399257645
        var: 2.85727446681e-06
    beats_loudness_bass:
        dmean: 0.0214477125555
        dmean2: 0.0387976020575
        dvar: 0.000103880105598
        dvar2: 0.000375433708541
        max: 0.0561034455895
        mean: 0.0288477931172
        min: 0.0106644630432
        var: 0.00019144131511
    bpm: 89.3505325317
    bpm_confidence: 0
    first_peak_bpm: 89
    first_peak_spread: 0.0714285373688
    first_peak_weight: 0.928571462631
    onset_rate: 4.38639307022
    second_peak_bpm: 0
    second_peak_spread: 0
    second_peak_weight: 0
    beats_position: [0.184460267425, 0.85746473074, 1.53046905994, 2.20347356796, 2.87647819519, 3.549482584, 4.22248697281, 4.89549160004, 5.56849622726, 6.26188564301, 6.93193817139, 7.60198974609, 8.27204227448, 8.94209384918, 9.61214542389]
    bpm_estimates: [89.0715179443, 89.058921814, 88.8464126587, 89.2833404541, 89.1599502563, 89.2206039429, 89.4234008789, 89.1578063965, 89.4055099487, 88.575920105, 90.4810638428, 89.1447906494, 89.467376709, 89.7680511475, 89.6943130493, 89.8494567871]
    bpm_intervals: [0.673004448414, 0.673004329205, 0.673004508018, 0.673004627228, 0.673004388809, 0.673004388809, 0.673004627228, 0.673004627228, 0.693389415741, 0.670052528381, 0.670051574707, 0.670052528381, 0.670051574707, 0.670051574707]
    onset_times: [0.0464399084449, 0.174149662256, 0.522448956966, 0.661768734455, 0.847528338432, 1.19582772255, 1.764716506, 2.03174614906, 2.20589566231, 2.54258513451, 2.86766433716, 3.1811337471, 3.39011335373, 3.56426310539, 3.87773251534, 4.051882267, 4.08671188354, 4.23764181137, 4.73687076569, 4.91102027893, 5.23609972, 5.41024923325, 5.51473903656, 5.92108821869, 6.08362817764, 6.26938772202, 6.59446716309, 6.79183673859, 6.93115663528, 7.11691617966, 7.26784563065, 7.44199562073, 7.60453510284, 7.95283460617, 8.09215450287, 8.28952407837, 8.6146030426, 8.95129299164, 9.29959201813, 9.45052146912, 9.53179168701, 9.62467098236, 9.94975090027, 9.98458003998]
    rubato_start: []
    rubato_stop: []
    perceptual_tempo: "unknown"

sfx:
    inharmonicity:
        dmean: 0.061080057174
        dmean2: 0.105795875192
        dvar: 0.0029114689678
        dvar2: 0.00855416059494
        max: 0.404535084963
        mean: 0.0759905651212
        min: 0.00296170869842
        var: 0.00338140386157
    oddtoevenharmonicenergyratio:
        dmean: 4.86497020721
        dmean2: 9.38651657104
        dvar: 331.629089355
        dvar2: 997.353393555
        max: 228.035675049
        mean: 2.99957990646
        min: 0.00454382505268
        var: 174.820297241
    pitch_after_max_to_before_max_energy_ratio: 0.514488399029
    pitch_centroid: 199.660232544
    pitch_max_to_total: 0.590697646141
    pitch_min_to_total: 0.774418592453
    tristimulus:
        dmean: [0.143983930349, 0.271661013365, 0.177708357573]
        dmean2: [0.247742027044, 0.480409771204, 0.326075226068]
        dvar: [0.0166280250996, 0.0543346554041, 0.0210537407547]
        dvar2: [0.0486420691013, 0.142077147961, 0.0552138648927]
        max: [0.799318194389, 0.961501717567, 0.686321258545]
        mean: [0.235761672258, 0.476089030504, 0.168966546655]
        min: [0.00393017521128, 0, 0]
        var: [0.0205638576299, 0.073768787086, 0.0274921245873]

tonal:
    chords_changes_rate: 0.087962962687
    chords_number_rate: 0.0231481473893
    chords_strength:
        dmean: 0.0158721394837
        dmean2: 0.0148708028719
        dvar: 0.000116975585115
        dvar2: 0.000136408882099
        max: 0.648668825626
        mean: 0.465223282576
        min: 0.305785298347
        var: 0.00574958138168
    key_strength: 0.577544391155
    tuning_diatonic_strength: 0.615732073784
    tuning_equal_tempered_deviation: 0.170819580555
    tuning_frequency: 438.224517822
    tuning_nontempered_energy_ratio: 0.805597066879
    hpcp:
        dmean: [0.224996626377, 0.170206949115, 0.123242229223, 0.114460751414, 0.11443644017, 0.152005508542, 0.196367040277, 0.18189150095, 0.138432979584, 0.111020468175, 0.104279369116, 0.138254135847, 0.185197904706, 0.182683542371, 0.194859370589, 0.180998638272, 0.177848547697, 0.168142303824, 0.162943080068, 0.16541557014, 0.159918785095, 0.183464586735, 0.188397109509, 0.156933546066, 0.140624687076, 0.167224600911, 0.21479165554, 0.214007809758, 0.226172819734, 0.268153697252, 0.199952691793, 0.188233062625, 0.207189142704, 0.209322854877, 0.177720427513, 0.20552149415]
        dmean2: [0.365706473589, 0.285674929619, 0.207869827747, 0.200824543834, 0.195333153009, 0.262195378542, 0.311411380768, 0.303456276655, 0.24155010283, 0.188950285316, 0.1774854213, 0.232660278678, 0.302908211946, 0.302658557892, 0.333454310894, 0.304138511419, 0.29932692647, 0.271847635508, 0.262804567814, 0.274085938931, 0.258390575647, 0.310010433197, 0.318156123161, 0.267697542906, 0.235780999064, 0.288200706244, 0.36586111784, 0.354987978935, 0.366899967194, 0.435908526182, 0.330996394157, 0.312818288803, 0.351550757885, 0.354486018419, 0.292089819908, 0.340951085091]
        dvar: [0.0407733283937, 0.0321729332209, 0.0239024199545, 0.0226685293019, 0.0161892529577, 0.0245404150337, 0.0374615862966, 0.0401196740568, 0.0238174907863, 0.0154256932437, 0.0185489263386, 0.0213966798037, 0.0358423702419, 0.0300587117672, 0.032687112689, 0.0372039750218, 0.0309414174408, 0.0282811652869, 0.0256644207984, 0.0327609591186, 0.028021639213, 0.032676063478, 0.0276991929859, 0.0214896444231, 0.022622494027, 0.0404670201242, 0.0424466021359, 0.0361966080964, 0.038187071681, 0.0557063892484, 0.0414220243692, 0.0286286994815, 0.0359073020518, 0.0343392342329, 0.0236016567796, 0.0364441908896]
        dvar2: [0.103071391582, 0.082786001265, 0.062553755939, 0.0604659467936, 0.0454896017909, 0.066751472652, 0.0984702184796, 0.106780946255, 0.0648292303085, 0.0431415177882, 0.0531640648842, 0.0567296892405, 0.0871741399169, 0.0718360096216, 0.0916080474854, 0.0918026119471, 0.0868334844708, 0.0787335783243, 0.0711415112019, 0.0892165377736, 0.0699435546994, 0.0811225250363, 0.0720988810062, 0.0569998398423, 0.0550708808005, 0.0976002663374, 0.1167653054, 0.0865436196327, 0.0820631831884, 0.146434754133, 0.095067165792, 0.0723723694682, 0.092395991087, 0.0903488695621, 0.0629897117615, 0.0914826616645]
        max: [1, 1, 0.981782317162, 1, 0.933457791805, 1, 1, 1, 1, 1, 1, 0.855802416801, 1, 1, 1, 1, 1, 1, 1, 1, 1, 1, 1, 0.98768645525, 0.988332927227, 1, 1, 1, 1, 1, 1, 1, 1, 1, 1, 1]
        mean: [0.390321940184, 0.299452155828, 0.195829302073, 0.169826850295, 0.17476798594, 0.255823969841, 0.343427538872, 0.290841281414, 0.198190942407, 0.155579939485, 0.140978455544, 0.198775604367, 0.295872360468, 0.295593500137, 0.282391309738, 0.327386140823, 0.313970208168, 0.285551428795, 0.261837482452, 0.237559497356, 0.286368310452, 0.359555184841, 0.327232927084, 0.232223331928, 0.201653406024, 0.234280794859, 0.317418992519, 0.422299981117, 0.434570878744, 0.391118079424, 0.349661290646, 0.333258122206, 0.36714977026, 0.340084254742, 0.280322760344, 0.332755297422]
        min: [0.0179797578603, 0.0148447966203, 0.00967000424862, 0.00925108417869, 0.0105731440708, 0.0134739717469, 0.007185254246, 0.0124722570181, 0.0113795436919, 0.00738078635186, 0.00536586996168, 0.00611432315782, 0.00690828822553, 0.0139706023037, 0.0133638856933, 0.00677197333425, 0.00640112534165, 0.00884969346225, 0.0101350117475, 0.00626483000815, 0.00625695986673, 0.0143093401566, 0.0236929431558, 0.0152034452185, 0.0143178086728, 0.0028545234818, 0.00753316562623, 0.0332714021206, 0.0194102786481, 0.00834205094725, 0.0182340797037, 0.0137472879142, 0.00433887168765, 0.00506634730846, 0.00951867550611, 0.017982557416]
        var: [0.0731388032436, 0.0499731823802, 0.0277723092586, 0.0236693844199, 0.0194535721093, 0.0484212711453, 0.0920564830303, 0.0626243725419, 0.0284339301288, 0.0190751515329, 0.0173073075712, 0.0259803254157, 0.0605626106262, 0.0543743334711, 0.0565211139619, 0.0912835672498, 0.0704246088862, 0.0476145558059, 0.0409796647727, 0.0414715074003, 0.0578553937376, 0.078545935452, 0.0499976612628, 0.0285806022584, 0.0301129594445, 0.0549096055329, 0.0593543387949, 0.0834659188986, 0.0805434510112, 0.0861206203699, 0.059472553432, 0.045198302716, 0.0546776093543, 0.0567696280777, 0.0419384650886, 0.0604921616614]
    chords_histogram: [45.8333320618, 4.62962961197, 0.925925910473, 0, 0, 0, 8.33333301544, 0, 0, 0, 0, 0, 0, 0, 0, 0, 0, 0, 0, 0, 0, 12.0370368958, 0, 28.2407398224]
    thpcp: [1, 0.900009870529, 0.80461281538, 0.766867101192, 0.844855904579, 0.782574892044, 0.64505648613, 0.765710055828, 0.898177862167, 0.689075529575, 0.450626850128, 0.390792071819, 0.402162224054, 0.588681817055, 0.790268182755, 0.669260859489, 0.456061273813, 0.358008205891, 0.324408441782, 0.457406640053, 0.680837988853, 0.680196285248, 0.649816453457, 0.75335496664, 0.722483336926, 0.657088279724, 0.602519631386, 0.546653032303, 0.658968031406, 0.827379822731, 0.753002405167, 0.534373879433, 0.464028805494, 0.539108335972, 0.730419397354, 0.971763193607]
    chords_key: "D"
    chords_scale: "major"
    key_key: "D"
    key_scale: "major"
    chords_progression: ["D", "D", "D", "D", "D", "D", "A", "A", "D", "D", "D", "D", "D", "D", "D", "D", "D", "D", "D", "D", "D", "D", "D", "D", "D", "D", "D", "D", "F#m", "F#m", "F#m", "B", "B", "B", "B", "B", "Em", "B", "B", "Bm", "Bm", "Bm", "Bm", "Bm", "Bm", "Bm", "Bm", "Bm", "Bm", "Bm", "Bm", "Bm", "Bm", "Bm", "Bm", "Bm", "Bm", "Bm", "Bm", "D", "D", "D", "D", "D", "D", "D", "D", "D", "D", "D", "D", "D", "D", "D", "D", "D", "D", "D", "D", "D", "D", "D", "D", "D", "D", "D", "F#m", "F#m", "F#m", "B", "B", "B", "B", "B", "B", "B", "B", "B", "B", "B", "Bm", "Bm", "Bm", "Bm", "Bm", "Bm", "Bm", "Bm", "Bm", "Bm", "Bm", "Bm", "Bm", "Bm", "Bm", "Bm", "Bm", "Bm", "D", "D", "D", "D", "D", "D", "D", "D", "D", "D", "D", "D", "D", "D", "D", "D", "D", "D", "D", "D", "D", "D", "D", "F#m", "F#m", "F#m", "Em", "F#m", "Em", "Em", "Em", "Em", "Em", "Em", "Em", "Bm", "Bm", "Bm", "Bm", "Bm", "Bm", "Bm", "Bm", "Bm", "Bm", "Bm", "Bm", "Bm", "Bm", "Bm", "Bm", "Bm", "Bm", "Bm", "Bm", "Bm", "Bm", "Bm", "D", "D", "D", "D", "D", "D", "D", "D", "D", "D", "D", "D", "D", "D", "D", "D", "D", "D", "D", "D", "D", "D", "D", "Em", "Em", "Em", "Em", "Em", "Em", "Em", "Em", "Em", "Em", "Em", "Em", "Em", "Em", "Em", "Em", "Em"]
