
metadata:
    version:
        essentia: "1.2.2"
    audio_properties:
        analysis_sample_rate: 44100
        bitrate: 128
        channels: 2
        equal_loudness: 1
        length: 10.0048980713
        replay_gain: -13.3231697083
        downmix: "mix"
    tags:
        track: 6
        year: 0
        album: "Splitted by Mp3Splt v. 2.1"
        artist: "From 000.50 To 001.00"
        comment: "http://mp3splt.sf.net"
        genre: ""
        title: "13 Fragile Happiness.mp3"

highlevel:
    ballroom:
        all:
            ChaChaCha: 0.0163038447499
            Jive: 0.0306378044188
            Quickstep: 0.251115888357
            Rumba-American: 0.0326852686703
            Rumba-International: 0.0787066966295
            Rumba-Misc: 0.152850151062
            Samba: 0.0304610896856
            Tango: 0.0465374216437
            VienneseWaltz: 0.296219348907
            Waltz: 0.0644825026393
        probability: 0.296219348907
        value: "VienneseWaltz"
    culture:
        all:
            non_western: 0.836632788181
            western: 0.163367211819
        probability: 0.836632788181
        value: "non_western"
    gender:
        all:
            female: 0.940600633621
            male: 0.0593993812799
        probability: 0.940600633621
        value: "female"
    genre_dortmund:
        all:
            alternative: 0.423187226057
            blues: 0.00725962594151
            electronic: 0.0732640102506
            folkcountry: 0.08094792068
            funksoulrnb: 0.0250522065908
            jazz: 0.0593851543963
            pop: 0.0930747389793
            raphiphop: 0.00243393331766
            rock: 0.235395208001
        probability: 0.423187226057
        value: "alternative"
    genre_electronica:
        all:
            ambient: 0.727953612804
            dnb: 0.131561011076
            house: 0.011375089176
            techno: 0.0118234548718
            trance: 0.117286853492
        probability: 0.727953612804
        value: "ambient"
    genre_rosamerica:
        all:
            cla: 0.0520608685911
            dan: 0.0233050752431
            hip: 0.00615761429071
            jaz: 0.0206098053604
            pop: 0.228218212724
            rhy: 0.186723321676
            roc: 0.479727655649
            spe: 0.00319745927118
        probability: 0.479727655649
        value: "roc"
    genre_tzanetakis:
        all:
            blu: 0.0229203123599
            cla: 0.0586290732026
            cou: 0.275013536215
            dis: 0.0964660793543
            hip: 0.00544485356659
            jaz: 0.0316213108599
            met: 0.0114817153662
            pop: 0.0695548132062
            reg: 0.0223548412323
            roc: 0.406513482332
        probability: 0.406513482332
        value: "roc"
    live_studio:
        all:
            live: 0.594839274883
            studio: 0.405160754919
        probability: 0.594839274883
        value: "live"
    mood:
        all:
            Cluster1: 0.0521886125207
            Cluster2: 0.229715660214
            Cluster3: 0.53792065382
            Cluster4: 0.0791442170739
            Cluster5: 0.101030863822
        probability: 0.53792065382
        value: "Cluster3"
    mood_acoustic:
        all:
            acoustic: 0.20371080935
            not_acoustic: 0.796289205551
        probability: 0.796289205551
        value: "not_acoustic"
    mood_aggressive:
        all:
            aggressive: 0.112593963742
            not_aggressive: 0.887406051159
        probability: 0.887406051159
        value: "not_aggressive"
    mood_electronic:
        all:
            electronic: 0.115002408624
            not_electronic: 0.884997606277
        probability: 0.884997606277
        value: "not_electronic"
    mood_happy:
        all:
            happy: 0.588301420212
            not_happy: 0.411698579788
        probability: 0.588301420212
        value: "happy"
    mood_party:
        all:
            not_party: 0.949051439762
            party: 0.0509485341609
        probability: 0.949051439762
        value: "not_party"
    mood_relaxed:
        all:
            not_relaxed: 0.257632225752
            relaxed: 0.74236780405
        probability: 0.74236780405
        value: "relaxed"
    mood_sad:
        all:
            not_sad: 0.140952140093
            sad: 0.859047830105
        probability: 0.859047830105
        value: "sad"
    rhythm:
        all:
            fast: 0.450988084078
            medium: 0.0744555145502
            slow: 0.474556416273
        probability: 0.474556416273
        value: "slow"
    speech_music:
        all:
            music: 0.817361712456
            speech: 0.182638272643
        probability: 0.817361712456
        value: "music"
    timbre:
        all:
            bright: 0.0877013355494
            dark: 0.912298679352
        probability: 0.912298679352
        value: "dark"
    voice_instrumental:
        all:
            instrumental: 0.742027044296
            voice: 0.257972985506
        probability: 0.742027044296
        value: "instrumental"

lowlevel:
    average_loudness: 0.968678534031
    barkbands_kurtosis:
        dmean: 1.24970221519
        dmean2: 2.05773019791
        dvar: 1.52032196522
        dvar2: 3.82880139351
        max: 10.8888206482
        mean: 1.62957620621
        min: -1.63455748558
        var: 4.14199256897
    barkbands_skewness:
        dmean: 0.331670969725
        dmean2: 0.534142613411
        dvar: 0.0845520123839
        dvar2: 0.184114724398
        max: 2.69412994385
        mean: 0.754515051842
        min: -1.28752815723
        var: 0.336609780788
    barkbands_spread:
        dmean: 3.53916168213
        dmean2: 5.38628101349
        dvar: 12.2281169891
        dvar2: 25.9833526611
        max: 57.4086341858
        mean: 16.0848121643
        min: 3.83080935478
        var: 74.344078064
    dissonance:
        dmean: 0.0288074333221
        dmean2: 0.0475405305624
        dvar: 0.000630548864137
        dvar2: 0.00181136152241
        max: 0.497392982244
        mean: 0.4167740345
        min: 0.190302923322
        var: 0.00282289856113
    hfc:
        dmean: 1.11177265644
        dmean2: 1.570951581
        dvar: 2.48813652992
        dvar2: 6.02444696426
        max: 29.2127609253
        mean: 4.80331087112
        min: 0.0231296885759
        var: 7.41505384445
    pitch:
        dmean: 158.882781982
        dmean2: 305.24105835
        dvar: 227096.890625
        dvar2: 556383.5625
        max: 4900
        mean: 360.559631348
        min: 97.566368103
        var: 293349.75
    pitch_instantaneous_confidence:
        dmean: 0.0800496041775
        dmean2: 0.124781519175
        dvar: 0.00456652604043
        dvar2: 0.0111730527133
        max: 0.917056560516
        mean: 0.531164348125
        min: 0.184476494789
        var: 0.0226348694414
    pitch_salience:
        dmean: 0.0508733056486
        dmean2: 0.0817320048809
        dvar: 0.00176401552744
        dvar2: 0.00434091873467
        max: 0.766224086285
        mean: 0.561049461365
        min: 0.343829363585
        var: 0.00517725758255
    silence_rate_20dB:
        dmean: 0
        dmean2: 0
        dvar: 0
        dvar2: 0
        max: 1
        mean: 1
        min: 1
        var: 0
    silence_rate_30dB:
        dmean: 0
        dmean2: 0
        dvar: 0
        dvar2: 0
        max: 1
        mean: 1
        min: 1
        var: 0
    silence_rate_60dB:
        dmean: 0.1252900213
        dmean2: 0.248837202787
        dvar: 0.109592348337
        dvar2: 0.252033919096
        max: 1
        mean: 0.19212962687
        min: 0
        var: 0.155215933919
    spectral_centroid:
        dmean: 111.145706177
        dmean2: 169.786834717
        dvar: 20512.0859375
        dvar2: 28200.3964844
        max: 2780.74121094
        mean: 939.803955078
        min: 445.677032471
        var: 115502.015625
    spectral_complexity:
        dmean: 1.80232560635
        dmean2: 3.01864790916
        dvar: 2.51208686829
        dvar2: 6.05559301376
        max: 25
        mean: 11.2737817764
        min: 0
        var: 13.567738533
    spectral_crest:
        dmean: 2.70700287819
        dmean2: 4.57676315308
        dvar: 5.8462266922
        dvar2: 16.628610611
        max: 19.5215740204
        mean: 9.6127204895
        min: 3.59691882133
        var: 11.53910923
    spectral_decrease:
        dmean: 3.19930526516e-10
        dmean2: 4.83820483677e-10
        dvar: 1.11997579527e-19
        dvar2: 2.82201196273e-19
        max: -4.13338027e-12
        mean: -1.2531381488e-09
        min: -4.30714175437e-09
        var: 3.42271569344e-19
    spectral_energy:
        dmean: 0.00129759137053
        dmean2: 0.001947513083
        dvar: 1.8144958176e-06
        dvar2: 4.60733463115e-06
        max: 0.0172357112169
        mean: 0.00516530312598
        min: 1.76982230187e-05
        var: 5.73110264668e-06
    spectral_energyband_high:
        dmean: 6.66235791869e-05
        dmean2: 9.07207504497e-05
        dvar: 5.62817454863e-08
        dvar2: 1.34392450946e-07
        max: 0.00436420692131
        mean: 0.000144484292832
        min: 1.46232014231e-06
        var: 8.93345557529e-08
    spectral_energyband_low:
        dmean: 8.11656209407e-05
        dmean2: 0.00013810332166
        dvar: 1.65211861969e-08
        dvar2: 4.49175701078e-08
        max: 0.00125332071912
        mean: 0.000249673321377
        min: 2.09123115269e-07
        var: 2.40610145141e-08
    spectral_energyband_middle_high:
        dmean: 0.00041603934369
        dmean2: 0.000635718228295
        dvar: 1.93149674033e-07
        dvar2: 4.3535467853e-07
        max: 0.00688616931438
        mean: 0.00169210229069
        min: 4.45575369667e-06
        var: 1.38531368066e-06
    spectral_energyband_middle_low:
        dmean: 0.00115190376528
        dmean2: 0.0018401471898
        dvar: 1.60004628924e-06
        dvar2: 4.13217958339e-06
        max: 0.0156266111881
        mean: 0.0030790460296
        min: 1.14738022603e-05
        var: 3.3215987969e-06
    spectral_flatness_db:
        dmean: 0.017364308238
        dmean2: 0.0267076231539
        dvar: 0.000232904814766
        dvar2: 0.000489806989208
        max: 0.294941037893
        mean: 0.186616197228
        min: 0.0879869386554
        var: 0.00127145193983
    spectral_flux:
        dmean: 0.00818914361298
        dmean2: 0.0130594391376
        dvar: 6.77686985e-05
        dvar2: 0.000150519030285
        max: 0.111710168421
        mean: 0.0335881449282
        min: 0.00420692563057
        var: 0.000172348736669
    spectral_kurtosis:
        dmean: 1.92040991783
        dmean2: 3.11207675934
        dvar: 3.63793897629
        dvar2: 8.92900180817
        max: 22.3673915863
        mean: 7.08791208267
        min: -0.665153503418
        var: 14.1869106293
    spectral_rms:
        dmean: 0.000274551246548
        dmean2: 0.000403028272558
        dvar: 6.04366832135e-08
        dvar2: 1.40708849017e-07
        max: 0.00410064961761
        mean: 0.00218792306259
        min: 0.000131402281113
        var: 2.52316226579e-07
    spectral_rolloff:
        dmean: 319.191925049
        dmean2: 539.434143066
        dvar: 221061.078125
        dvar2: 403630.78125
        max: 5598.6328125
        mean: 1554.13781738
        min: 495.263671875
        var: 844486.625
    spectral_skewness:
        dmean: 0.219729349017
        dmean2: 0.340113610029
        dvar: 0.0441257692873
        dvar2: 0.088282123208
        max: 3.71527123451
        mean: 2.08962130547
        min: 0.479564160109
        var: 0.32631149888
    spectral_spread:
        dmean: 478694.0625
        dmean2: 658976.375
        dvar: 782722859008
        dvar2: 1.11410898534e+12
        max: 15725430
        mean: 3977115.25
        min: 2228719.75
        var: 1.81425405952e+12
    spectral_strongpeak:
        dmean: 0.334431290627
        dmean2: 0.565705776215
        dvar: 0.099739305675
        dvar2: 0.272556334734
        max: 2.34706687927
        mean: 0.853300571442
        min: 0.0148408440873
        var: 0.235409170389
    zerocrossingrate:
        dmean: 0.00551644247025
        dmean2: 0.00653431843966
        dvar: 4.9582158681e-05
        dvar2: 4.32339438703e-05
        max: 0.16845703125
        mean: 0.0552312918007
        min: 0.02392578125
        var: 0.000417689327151
    barkbands:
        dmean: [8.90866189707e-08, 4.50023399026e-05, 4.54048240499e-05, 0.000115446055133, 0.00027150567621, 0.000236730193137, 0.000127761653857, 0.000152219625306, 0.000792496197391, 0.000306527479552, 0.000131290027639, 2.70000618912e-05, 9.1763184173e-05, 3.69151057384e-05, 0.000106048581074, 3.06091606035e-05, 3.08978378598e-05, 2.07268931263e-05, 3.67753455066e-05, 4.48555110779e-05, 2.83827484964e-05, 1.99517053261e-05, 1.44581076711e-06, 1.64865241459e-06, 1.23655922835e-06, 3.32397789293e-08, 1.80997095089e-09]
        dmean2: [1.27143295003e-07, 7.46635778341e-05, 7.61051560403e-05, 0.000206160009839, 0.000452112930361, 0.000384653569199, 0.000196476685232, 0.000224967865506, 0.00133004540112, 0.000452973996289, 0.00019453074492, 4.43121753051e-05, 0.000151648200699, 5.91788411839e-05, 0.000180048155016, 4.86583012389e-05, 5.04639319843e-05, 3.43568281096e-05, 5.36413754162e-05, 6.91796449246e-05, 4.14927344536e-05, 2.79324322037e-05, 1.97755252884e-06, 2.34282651945e-06, 1.89409706763e-06, 4.93760019538e-08, 2.01876337869e-09]
        dvar: [6.38640412797e-14, 6.45578834835e-09, 8.1737123736e-09, 1.76166821575e-07, 2.43320869231e-07, 1.62492455047e-07, 6.23909315323e-08, 3.38671981126e-07, 9.26902600895e-07, 1.50025329049e-07, 5.96976477141e-08, 1.07038111707e-09, 1.26966366309e-08, 2.63026844749e-09, 2.08013037906e-08, 2.54129695065e-09, 4.55690285506e-09, 8.03056787735e-10, 3.40181083303e-09, 7.69643726528e-09, 7.78708209026e-09, 6.50047171646e-09, 2.00611107587e-11, 1.21760351801e-10, 6.28536597769e-11, 1.88580196651e-14, 1.01412936022e-15]
        dvar2: [1.26345575712e-13, 1.69964167185e-08, 2.38690667231e-08, 4.96650898185e-07, 6.47790614039e-07, 3.7518100271e-07, 1.52563359279e-07, 9.32380885388e-07, 2.63470042228e-06, 3.42802593423e-07, 1.1267767519e-07, 2.88790680258e-09, 3.39114940573e-08, 7.05491798314e-09, 6.0234313537e-08, 6.99209934396e-09, 1.21765388883e-08, 1.93290450312e-09, 7.39127514748e-09, 1.80435435482e-08, 1.9123779893e-08, 1.4530662007e-08, 3.89532121836e-11, 2.24368065793e-10, 9.58021717512e-11, 3.65048940241e-14, 1.01368604435e-15]
        max: [2.36378468799e-06, 0.00100386189297, 0.000686787068844, 0.00434241816401, 0.00496648438275, 0.00436869915575, 0.00330655113794, 0.0089999511838, 0.00786771904677, 0.00359212327749, 0.00355024076998, 0.000370082299924, 0.000871651573107, 0.000798280991148, 0.00125334970653, 0.000543548725545, 0.00101377419196, 0.000288276263746, 0.000796740059741, 0.00121944397688, 0.00153530878015, 0.00140730815474, 7.97817847342e-05, 0.00020122868591, 0.000144513600389, 2.10347707252e-06, 6.621694979e-07]
        mean: [1.5016667021e-07, 0.000150835810928, 9.86895538517e-05, 0.000103541460703, 0.000469939783216, 0.000531830301043, 0.000254861428402, 0.000281156681012, 0.00133388803806, 0.000646494270768, 0.000331306509906, 5.43849382666e-05, 0.000195160027943, 7.57423913456e-05, 0.000197431712877, 5.60451844649e-05, 4.98475164932e-05, 4.22830489697e-05, 8.68809001986e-05, 0.000113797417725, 5.06201213284e-05, 3.35071417794e-05, 2.85582973447e-06, 2.34391177401e-06, 1.6758883703e-06, 3.78402056356e-08, 1.78541392781e-09]
        min: [1.82323905973e-10, 1.62745038779e-07, 4.05774756018e-08, 3.16907495801e-08, 9.26957966385e-07, 7.9028819755e-07, 3.09476916982e-07, 3.9854478473e-07, 1.71586134456e-06, 1.0532730812e-06, 4.30664286455e-08, 2.00308278409e-07, 1.90325550875e-07, 2.42238996861e-07, 1.52363398342e-07, 4.08417349718e-07, 1.44134887137e-07, 2.55681953831e-07, 5.87495435411e-07, 5.40623716461e-07, 4.35272141885e-07, 2.54923520515e-07, 1.28833654855e-08, 6.0259761625e-09, 7.51934159382e-09, 2.77183498376e-10, 1.02743456646e-13]
        var: [1.02779824853e-13, 7.90230636483e-09, 1.25860237787e-08, 1.09372614077e-07, 4.23723378162e-07, 3.78960749003e-07, 1.08955312328e-07, 3.32572199113e-07, 1.61932632636e-06, 4.4887229933e-07, 3.41866552844e-07, 2.30482077868e-09, 2.86823933493e-08, 8.23696222341e-09, 5.47570238041e-08, 4.9203250363e-09, 5.20988585606e-09, 1.63312763313e-09, 1.13259774892e-08, 2.42593998223e-08, 1.12427418486e-08, 1.15206724161e-08, 3.79121491145e-11, 1.79470119321e-10, 1.11237040412e-10, 2.32160397542e-14, 1.0144225395e-15]
    mfcc:
        mean: [-727.844787598, 151.066558838, -40.2860412598, 29.4462127686, -32.3992118835, -0.659776926041, 4.10676145554, -4.82608127594, 2.92129611969, 8.19934844971, 2.14366340637, -11.8748445511, -3.62934446335]
        cov: [[1619.70275879, -553.516479492, -12.2090101242, 12.2346534729, 117.389396667, -70.5874099731, -229.584899902, -199.079376221, -26.6270275116, -97.2071762085, -98.2414550781, 83.7844848633, -64.8484725952], [-553.516479492, 769.93536377, -224.95539856, -214.035644531, -37.2764053345, -2.91571354866, 87.3832321167, 24.7260856628, -74.9826278687, 52.9233703613, 1.66925120354, -53.30651474, 76.6598815918], [-12.2090101242, -224.95539856, 278.864227295, 121.368515015, -5.77863883972, 45.7124290466, -2.35743975639, -18.8972015381, 31.1983528137, -49.2813682556, -11.3567495346, -24.8670101166, -33.9696273804], [12.2346534729, -214.035644531, 121.368515015, 272.54888916, 30.8900814056, -2.68348503113, -46.803653717, -6.30187320709, 21.8371505737, -29.4101047516, -23.2527046204, 6.82819271088, -6.45713806152], [117.389396667, -37.2764053345, -5.77863883972, 30.8900814056, 141.624938965, -14.1192121506, -78.6814117432, -40.2931594849, -36.1136550903, -20.9832420349, -32.315574646, 38.0481643677, -3.55636405945], [-70.5874099731, -2.91571354866, 45.7124290466, -2.68348503113, -14.1192121506, 86.925453186, 22.8193244934, 2.54404401779, 12.0165071487, -7.29125118256, -1.61818635464, -43.1510429382, -1.80063164234], [-229.584899902, 87.3832321167, -2.35743975639, -46.803653717, -78.6814117432, 22.8193244934, 153.760665894, 94.2059326172, 13.8021249771, 20.9047260284, 32.7011566162, -28.7825126648, -9.01663970947], [-199.079376221, 24.7260856628, -18.8972015381, -6.30187320709, -40.2931594849, 2.54404401779, 94.2059326172, 138.115921021, 25.7249774933, 20.6236915588, 19.0590801239, -16.7329311371, -14.7151212692], [-26.6270275116, -74.9826278687, 31.1983528137, 21.8371505737, -36.1136550903, 12.0165071487, 13.8021249771, 25.7249774933, 73.3153152466, 14.1876888275, 6.13481426239, -10.6425533295, -8.68540287018], [-97.2071762085, 52.9233703613, -49.2813682556, -29.4101047516, -20.9832420349, -7.29125118256, 20.9047260284, 20.6236915588, 14.1876888275, 61.272151947, 28.5956630707, 8.5700006485, 7.86827754974], [-98.2414550781, 1.66925120354, -11.3567495346, -23.2527046204, -32.315574646, -1.61818635464, 32.7011566162, 19.0590801239, 6.13481426239, 28.5956630707, 78.8700561523, 33.4154396057, -7.55112838745], [83.7844848633, -53.30651474, -24.8670101166, 6.82819271088, 38.0481643677, -43.1510429382, -28.7825126648, -16.7329311371, -10.6425533295, 8.5700006485, 33.4154396057, 111.209617615, 1.12840628624], [-64.8484725952, 76.6598815918, -33.9696273804, -6.45713806152, -3.55636405945, -1.80063164234, -9.01663970947, -14.7151212692, -8.68540287018, 7.86827754974, -7.55112838745, 1.12840628624, 64.0881271362]]
        icov: [[0.00174250255805, 0.0016494061565, 0.00139486719854, 0.000949118460994, 0.000685429433361, 0.000476685265312, 0.000396347983042, 0.00183527520858, 0.00063615385443, 0.00118428166024, 0.00222789123654, -0.000653062947094, 0.00136858504266], [0.0016494061565, 0.00422169174999, 0.00245018023998, 0.00190693361219, 0.000437926588347, 0.000655027106404, -0.00109766004607, 0.00209259870462, 0.0027129764203, 2.70770869975e-05, 0.00232842145488, 0.000913870986551, -0.000898670346942], [0.00139486719854, 0.00245018023998, 0.00809610169381, -0.00133251887746, 0.000559203734156, -0.00177706929389, -0.00187244033441, 0.00378588307649, -0.00106501975097, 0.00472265016288, 0.000944517727476, 0.000443808792625, 0.00260390527546], [0.000949118460994, 0.00190693361219, -0.00133251887746, 0.00624074507505, -0.000227714524954, 0.00123140553478, 0.00171215157025, -0.000665709667373, 0.000136708666105, 0.000767926161643, 0.00184770603664, -0.000173142063431, -0.00114314712118], [0.000685429433361, 0.000437926588347, 0.000559203734156, -0.000227714524954, 0.0146640706807, -0.0029708140064, 0.00674228183925, -0.00183463923167, 0.00658794213086, -0.000386423314922, 0.00713095907122, -0.00638714805245, 0.00359370652586], [0.000476685265312, 0.000655027106404, -0.00177706929389, 0.00123140553478, -0.0029708140064, 0.0172315351665, -0.00303693371825, 0.00265578739345, -0.00262632174417, 0.00188219442498, -0.00334893981926, 0.00742541626096, -0.00172956869937], [0.000396347983042, -0.00109766004607, -0.00187244033441, 0.00171215157025, 0.00674228183925, -0.00303693371825, 0.0183122884482, -0.0102329198271, 0.00351105933078, -0.000279193860479, -0.00128351571038, -0.000908821122721, 0.00178457505535], [0.00183527520858, 0.00209259870462, 0.00378588307649, -0.000665709667373, -0.00183463923167, 0.00265578739345, -0.0102329198271, 0.0172410588712, -0.00378154753707, 0.000600006664172, 0.00190823560115, 0.00109564093873, 0.00340477656573], [0.00063615385443, 0.0027129764203, -0.00106501975097, 0.000136708666105, 0.00658794213086, -0.00262632174417, 0.00351105933078, -0.00378154753707, 0.0224722661078, -0.00725287711248, 0.00410050246865, -0.000893444172107, 0.00120012264233], [0.00118428166024, 2.70770869975e-05, 0.00472265016288, 0.000767926161643, -0.000386423314922, 0.00188219442498, -0.000279193860479, 0.000600006664172, -0.00725287711248, 0.0276510827243, -0.00756321288645, 0.000471979263239, -0.0014007097343], [0.00222789123654, 0.00232842145488, 0.000944517727476, 0.00184770603664, 0.00713095907122, -0.00334893981926, -0.00128351571038, 0.00190823560115, 0.00410050246865, -0.00756321288645, 0.0267856270075, -0.0113783366978, 0.005555735901], [-0.000653062947094, 0.000913870986551, 0.000443808792625, -0.000173142063431, -0.00638714805245, 0.00742541626096, -0.000908821122721, 0.00109564093873, -0.000893444172107, 0.000471979263239, -0.0113783366978, 0.0183595251292, -0.00340118911117], [0.00136858504266, -0.000898670346942, 0.00260390527546, -0.00114314712118, 0.00359370652586, -0.00172956869937, 0.00178457505535, 0.00340477656573, 0.00120012264233, -0.0014007097343, 0.005555735901, -0.00340118911117, 0.0215610656887]]
    spectral_contrast:
        mean: [6.49116742579e-08, -2.0885826757e-07, -1.87526453033e-07, 5.64584610174e-08, -3.01307693462e-07, -6.74528166655e-08, -3.0132152915e-06, -7.63243690471e-07, 1.0302891269e-06, -1.96442942979e-06, -5.2953400882e-06, -6.96945653544e-06]
        var: [0.00041798496386, 0.000905339431483, 0.00152548309416, 0.00230479054153, 0.00379917188548, 0.00509627349675, 0.0504301786423, 0.0539267808199, 0.118003167212, 0.169275924563, 0.41130065918, 1.27010631561]

rhythm:
    beats_loudness:
        dmean: 0.00162063376047
        dmean2: 0.00301858410239
        dvar: 1.39446672165e-06
        dvar2: 4.13450561609e-06
        max: 0.00962043832988
        mean: 0.00520654022694
        min: 0.00241158995777
        var: 2.4972821393e-06
    beats_loudness_bass:
        dmean: 0.0515119321644
        dmean2: 0.0749683305621
        dvar: 0.00303079350851
        dvar2: 0.00414717523381
        max: 0.308758348227
        mean: 0.0938235297799
        min: 0.0214670728892
        var: 0.00504314852878
    bpm: 139.71043396
    bpm_confidence: 0
    first_peak_bpm: 103
    first_peak_spread: 0
    first_peak_weight: 0.526315808296
    onset_rate: 4.09799289703
    second_peak_bpm: 140
    second_peak_spread: 0
    second_peak_weight: 0.421052634716
    beats_position: [0.057849381119, 0.640876889229, 1.22390449047, 1.8069319725, 2.38995957375, 2.97298717499, 3.55601477623, 4.13904237747, 4.7220697403, 5.30509710312, 5.88812494278, 6.23815536499, 6.66763544083, 7.09711456299, 7.52659416199, 7.95607423782, 8.38555335999, 8.81503200531, 9.24451255798, 9.67399215698]
    bpm_estimates: [140.003768921, 139.574813843, 138.914550781, 138.339736938, 140.093399048, 141.336288452]
    bpm_intervals: [0.583027482033, 0.583027601242, 0.583027482033, 0.583027601242, 0.583027601242, 0.583027601242, 0.583027601242, 0.583027362823, 0.583027362823, 0.583027839661, 0.350030422211, 0.429480075836, 0.429479122162, 0.429479598999, 0.429480075836, 0.429479122162, 0.429478645325, 0.429480552673, 0.429479598999]
    onset_times: [0.0464399084449, 0.255419492722, 0.719818592072, 0.9287981987, 1.16099774837, 1.24226760864, 1.38158726692, 1.63700675964, 1.82276642323, 2.2523355484, 2.50775504112, 2.69351482391, 2.97215414047, 3.36689352989, 3.56426310539, 3.79646253586, 4.02866220474, 4.15637207031, 4.31891155243, 4.35374164581, 4.45823144913, 4.63238096237, 4.88780021667, 5.22448968887, 5.3754196167, 5.58439922333, 5.7701587677, 6.025578022, 6.23455762863, 6.6989569664, 6.8963265419, 7.10530614853, 7.54648542404, 7.85995483398, 7.97605419159, 8.33596324921, 8.42884349823, 8.83519268036, 9.16027164459, 9.22993183136, 9.72916126251]
    rubato_start: [6.66763544083]
    rubato_stop: [9.67399215698]
    perceptual_tempo: "unknown"

sfx:
    inharmonicity:
        dmean: 0.0394386835396
        dmean2: 0.0689652040601
        dvar: 0.0021623885259
        dvar2: 0.00617988687009
        max: 0.318118363619
        mean: 0.0400380752981
        min: 8.26999603305e-05
        var: 0.00243386276998
    oddtoevenharmonicenergyratio:
        dmean: 3.04191017151
        dmean2: 5.64987182617
        dvar: 75.2615737915
        dvar2: 217.758102417
        max: 80.1382446289
        mean: 2.17954325676
        min: 0.000301146588754
        var: 42.5833358765
    pitch_after_max_to_before_max_energy_ratio: 0.146417975426
    pitch_centroid: 188.807922363
    pitch_max_to_total: 0.923433899879
    pitch_min_to_total: 0.941995382309
    tristimulus:
        dmean: [0.184536740184, 0.213031098247, 0.0694409236312]
        dmean2: [0.314719736576, 0.367702484131, 0.124148137867]
        dvar: [0.0327379927039, 0.0394097454846, 0.0078462138772]
        dvar2: [0.0858059599996, 0.105133190751, 0.0222172569484]
        max: [0.957012534142, 0.977834880352, 0.741643428802]
        mean: [0.377104759216, 0.527461946011, 0.0748745203018]
        min: [0.00517236627638, 0, 0]
        var: [0.053170684725, 0.0610211975873, 0.00855203066021]

tonal:
    chords_changes_rate: 0.0829493105412
    chords_number_rate: 0.0322580635548
    chords_strength:
        dmean: 0.00702776713297
        dmean2: 0.007015010342
        dvar: 4.27433114965e-05
        dvar2: 3.69543486158e-05
        max: 0.596796751022
        mean: 0.494216859341
        min: 0.31800749898
        var: 0.00386111461557
    key_strength: 0.778129339218
    tuning_diatonic_strength: 0.642147898674
    tuning_equal_tempered_deviation: 0.0732693970203
    tuning_frequency: 441.527557373
    tuning_nontempered_energy_ratio: 0.745113670826
    hpcp:
        dmean: [0.161174371839, 0.103160560131, 0.0409377366304, 0.0280279032886, 0.0419715717435, 0.0891822874546, 0.137969329953, 0.120011135936, 0.0819258093834, 0.0638566240668, 0.0479481555521, 0.0320413149893, 0.0262151453644, 0.0450553223491, 0.100739896297, 0.131145596504, 0.126400366426, 0.0542785078287, 0.0287219490856, 0.0817353725433, 0.209095358849, 0.21799646318, 0.208048507571, 0.193566903472, 0.120750173926, 0.0600398108363, 0.066769644618, 0.0925634950399, 0.0730966851115, 0.0844250246882, 0.102941282094, 0.062194082886, 0.0279374737293, 0.0326482839882, 0.0584897473454, 0.150032639503]
        dmean2: [0.259669423103, 0.171862155199, 0.0731968432665, 0.0479502640665, 0.0745078101754, 0.146973416209, 0.233627125621, 0.200971126556, 0.138179376721, 0.098492257297, 0.079552821815, 0.0575627051294, 0.0477738752961, 0.0737632066011, 0.162463083863, 0.217525482178, 0.208481222391, 0.0929466336966, 0.0446822084486, 0.141511395574, 0.344896197319, 0.369609206915, 0.361142039299, 0.317476451397, 0.210275143385, 0.109884165227, 0.115824088454, 0.162569001317, 0.122648365796, 0.138449430466, 0.169924497604, 0.102505400777, 0.0475628487766, 0.0567065477371, 0.0949318856001, 0.246421664953]
        dvar: [0.0321480296552, 0.0165315624326, 0.00489469058812, 0.00576497567818, 0.0143691133708, 0.0142057482153, 0.0294358879328, 0.0210572332144, 0.0143084162846, 0.0167568977922, 0.0123905660585, 0.00819513015449, 0.00972288195044, 0.00620120111853, 0.0248927585781, 0.0297779608518, 0.0382709726691, 0.0191800836474, 0.00503596570343, 0.024729564786, 0.0562588497996, 0.0481331683695, 0.0533003881574, 0.0419214293361, 0.0233925320208, 0.0092284148559, 0.0112929213792, 0.0220558736473, 0.0132161909714, 0.0200638286769, 0.0242631863803, 0.0116103291512, 0.00277921464294, 0.00877200067043, 0.00723763974383, 0.0273811854422]
        dvar2: [0.092432320118, 0.0487794652581, 0.013314855285, 0.0147870052606, 0.0393793582916, 0.0332275889814, 0.0688633620739, 0.054773427546, 0.0314825065434, 0.0333236344159, 0.0317651480436, 0.0235792975873, 0.0289203748107, 0.0138114960864, 0.0514470562339, 0.0589114017785, 0.0818530395627, 0.0478740930557, 0.0102016096935, 0.0541857369244, 0.124976217747, 0.112138979137, 0.11247420311, 0.102004371583, 0.0528616942465, 0.0274232178926, 0.0319336615503, 0.0609010867774, 0.0350241698325, 0.0456210337579, 0.0576980151236, 0.03236714378, 0.00676626944914, 0.0236035753042, 0.0162214413285, 0.0738638415933]
        max: [1, 1, 0.521198749542, 0.644025683403, 0.969096660614, 1, 1, 1, 1, 1, 0.919165253639, 0.824817478657, 1, 0.492151528597, 1, 1, 1, 1, 0.687668383121, 1, 1, 1, 1, 1, 1, 0.657587587833, 0.741326987743, 1, 0.857269585133, 1, 1, 0.725519895554, 0.371817052364, 1, 0.714376568794, 1]
        mean: [0.46634054184, 0.210576564074, 0.0405453853309, 0.0290273074061, 0.0401132851839, 0.124598115683, 0.238000437617, 0.199742406607, 0.122809812427, 0.0981831029058, 0.0537125356495, 0.0320432297885, 0.0261782482266, 0.0501359701157, 0.189928680658, 0.29485219717, 0.184412270784, 0.0543541610241, 0.0299843419343, 0.0690731033683, 0.252483189106, 0.500556945801, 0.498384952545, 0.30227175355, 0.144695013762, 0.0615621432662, 0.100333303213, 0.134130612016, 0.090334393084, 0.146624654531, 0.188253819942, 0.0881033241749, 0.0308958720416, 0.0346299558878, 0.0704628303647, 0.337402760983]
        min: [0.000577229890041, 0.000562516215723, 0.0013613300398, 0.000285501067992, 9.81632401817e-05, 0.000361113721738, 0.00112862244714, 0.00117097434122, 0.00141560903285, 0.00154852960259, 0.00171086075716, 0.000463770382339, 0.000221503840294, 0.000160827024956, 0.000198713969439, 0.000154915658641, 0.000146198624861, 0.000202277078643, 0.000119695025205, 0.000127230392536, 8.62797023728e-05, 0.000612336385529, 0.00512523390353, 0.00154915940948, 0.000546507304534, 0.000292342650937, 7.50454200897e-05, 9.78536700131e-05, 0.000625834683888, 0.00313723413274, 0.00163426564541, 0.000591554970015, 0.000435041758465, 0.00090496125631, 0.000481804687297, 0.000608666159678]
        var: [0.138034746051, 0.0335031598806, 0.00397006887943, 0.00476518692449, 0.00995252653956, 0.0231967847794, 0.0664730146527, 0.050194542855, 0.0326967686415, 0.0379518680274, 0.0126480255276, 0.0050447313115, 0.00546633545309, 0.00794996786863, 0.0627190321684, 0.094581656158, 0.0596471019089, 0.016759769991, 0.00553759327158, 0.0252765733749, 0.0761188939214, 0.129130423069, 0.140398994088, 0.0915758013725, 0.0382206439972, 0.00941039714962, 0.0174123514444, 0.0368766821921, 0.0147981764749, 0.0482101291418, 0.0679536312819, 0.0173256509006, 0.00261685648002, 0.00629160553217, 0.00899549946189, 0.0866987109184]
    chords_histogram: [40.0921669006, 8.75576019287, 8.29493045807, 11.0599079132, 0, 0, 0, 4.60829496384, 0.921658992767, 0, 0, 0, 0, 0, 0, 0, 0, 0, 0, 0, 0, 1.84331798553, 24.4239635468, 0]
    thpcp: [1, 0.995660841465, 0.603870868683, 0.289068043232, 0.122987292707, 0.200443327427, 0.267962753773, 0.180467769504, 0.292923033237, 0.376088708639, 0.176010593772, 0.0617229901254, 0.0691828504205, 0.14076885581, 0.674054682255, 0.931643307209, 0.42068451643, 0.0810005441308, 0.0579900220037, 0.0801373049617, 0.248918965459, 0.475471258163, 0.399040311575, 0.245346337557, 0.196147724986, 0.107305541635, 0.0640151500702, 0.0522982403636, 0.100160375237, 0.379434704781, 0.589048266411, 0.368414163589, 0.108587369323, 0.0599019601941, 0.137992501259, 0.50440454483]
    chords_key: "A"
    chords_scale: "minor"
    key_key: "A"
    key_scale: "minor"
    chords_progression: ["A#", "A#", "A#", "A#", "Dm", "Dm", "Dm", "C", "C", "C", "C", "C", "C", "Em", "Em", "Em", "Em", "Em", "Em", "Em", "Em", "Em", "C", "Em", "Em", "Em", "Em", "Em", "Em", "Em", "Em", "Em", "Am", "Am", "Am", "Am", "Am", "Am", "Am", "Am", "Am", "Am", "Am", "Am", "C", "C", "C", "C", "C", "C", "C", "C", "C", "C", "C", "C", "G", "G", "G", "G", "G", "G", "G", "G", "G", "G", "G", "G", "G", "G", "G", "G", "G", "G", "G", "G", "G", "G", "G", "G", "Dm", "Dm", "Dm", "Dm", "Dm", "Dm", "Dm", "Dm", "Dm", "Dm", "Dm", "Dm", "Dm", "Dm", "Dm", "A", "A", "A", "A", "Am", "Am", "Am", "Am", "Am", "Am", "Am", "Am", "Am", "Am", "Am", "Am", "Am", "Am", "Am", "Am", "Am", "Am", "Am", "Am", "Am", "Am", "Am", "Am", "Am", "Am", "Am", "Am", "Am", "Am", "Am", "Am", "Am", "Am", "Am", "Am", "Am", "Am", "Am", "Am", "Am", "Am", "Am", "Am", "Am", "Am", "Am", "Am", "A", "A", "A", "A", "A", "A", "Am", "Am", "Am", "Am", "Am", "Am", "Am", "Am", "Am", "Am", "Am", "Am", "Am", "Am", "Am", "Am", "Am", "Am", "Am", "Am", "Am", "Am", "Am", "C#m", "Am", "Am", "Am", "Am", "Dm", "C#m", "Dm", "Dm", "Dm", "Dm", "Dm", "Dm", "Dm", "Dm", "Dm", "Dm", "Dm", "Dm", "Dm", "Dm", "Dm", "Dm", "Dm", "Dm", "Dm", "Dm", "Dm", "Dm", "Dm", "Dm", "Dm", "Dm", "Dm", "Dm", "Dm", "Dm", "Dm", "Dm", "Dm", "Dm"]
