
metadata:
    version:
        essentia: "1.2.2"
    audio_properties:
        analysis_sample_rate: 44100
        bitrate: 128
        channels: 2
        equal_loudness: 1
        length: 9.95265293121
        replay_gain: -13.7996387482
        downmix: "mix"
    tags:
        track: 23
        year: 0
        album: "Splitted by Mp3Splt v. 2.1"
        artist: "From 003.40 To 003.50"
        comment: "http://mp3splt.sf.net"
        genre: ""
        title: "10 Seagull [Live].mp3"

highlevel:
    ballroom:
        all:
            ChaChaCha: 0.0671693310142
            Jive: 0.792806148529
            Quickstep: 0.0052645765245
            Rumba-American: 0.000265829759883
            Rumba-International: 0.00177316553891
            Rumba-Misc: 0.000585522153415
            Samba: 0.121926121414
            Tango: 0.000514990242664
            VienneseWaltz: 0.0087227774784
            Waltz: 0.000971546862274
        probability: 0.792806148529
        value: "Jive"
    culture:
        all:
            non_western: 0.0397640876472
            western: 0.960235893726
        probability: 0.960235893726
        value: "western"
    gender:
        all:
            female: 0.334173858166
            male: 0.665826141834
        probability: 0.665826141834
        value: "male"
    genre_dortmund:
        all:
            alternative: 0.267246127129
            blues: 0.00178090378176
            electronic: 0.0151915708557
            folkcountry: 0.0215155407786
            funksoulrnb: 0.00806167069823
            jazz: 0.00466157961637
            pop: 0.0286030787975
            raphiphop: 0.000264181901002
            rock: 0.652675330639
        probability: 0.652675330639
        value: "rock"
    genre_electronica:
        all:
            ambient: 0.17728997767
            dnb: 0.0938559398055
            house: 0.0131794335321
            techno: 0.0233995169401
            trance: 0.692275106907
        probability: 0.692275106907
        value: "trance"
    genre_rosamerica:
        all:
            cla: 0.00480036716908
            dan: 0.0101716909558
            hip: 0.00116699759383
            jaz: 0.00244111893699
            pop: 0.00242155394517
            rhy: 0.0107914935797
            roc: 0.967448532581
            spe: 0.000758273527026
        probability: 0.967448532581
        value: "roc"
    genre_tzanetakis:
        all:
            blu: 0.0330172255635
            cla: 0.0226247627288
            cou: 0.0886867940426
            dis: 0.0480679422617
            hip: 0.0172530598938
            jaz: 0.0324834473431
            met: 0.392275512218
            pop: 0.0337231047451
            reg: 0.029897686094
            roc: 0.30197045207
        probability: 0.392275512218
        value: "met"
    live_studio:
        all:
            live: 0.0171318668872
            studio: 0.982868134975
        probability: 0.982868134975
        value: "studio"
    mood:
        all:
            Cluster1: 0.630858302116
            Cluster2: 0.0499191023409
            Cluster3: 0.0669389665127
            Cluster4: 0.0305476505309
            Cluster5: 0.221735998988
        probability: 0.630858302116
        value: "Cluster1"
    mood_acoustic:
        all:
            acoustic: 0.0105270389467
            not_acoustic: 0.989472985268
        probability: 0.989472985268
        value: "not_acoustic"
    mood_aggressive:
        all:
            aggressive: 0.982182443142
            not_aggressive: 0.0178175382316
        probability: 0.982182443142
        value: "aggressive"
    mood_electronic:
        all:
            electronic: 0.374522030354
            not_electronic: 0.625477969646
        probability: 0.625477969646
        value: "not_electronic"
    mood_happy:
        all:
            happy: 0.364470005035
            not_happy: 0.635529994965
        probability: 0.635529994965
        value: "not_happy"
    mood_party:
        all:
            not_party: 0.323752820492
            party: 0.676247179508
        probability: 0.676247179508
        value: "party"
    mood_relaxed:
        all:
            not_relaxed: 0.259624183178
            relaxed: 0.740375816822
        probability: 0.740375816822
        value: "relaxed"
    mood_sad:
        all:
            not_sad: 0.974033534527
            sad: 0.0259664617479
        probability: 0.974033534527
        value: "not_sad"
    rhythm:
        all:
            fast: 0.45986610651
            medium: 0.0170754976571
            slow: 0.523058414459
        probability: 0.523058414459
        value: "slow"
    speech_music:
        all:
            music: 0.999758481979
            speech: 0.000241528454353
        probability: 0.999758481979
        value: "music"
    timbre:
        all:
            bright: 0.208759889007
            dark: 0.791240096092
        probability: 0.791240096092
        value: "dark"
    voice_instrumental:
        all:
            instrumental: 0.93705958128
            voice: 0.0629404261708
        probability: 0.93705958128
        value: "instrumental"

lowlevel:
    average_loudness: 0.98418545723
    barkbands_kurtosis:
        dmean: 0.823867201805
        dmean2: 1.33910286427
        dvar: 0.827918946743
        dvar2: 1.97480726242
        max: 4.90639734268
        mean: -0.575018405914
        min: -1.85328316689
        var: 1.7024949789
    barkbands_skewness:
        dmean: 0.39766395092
        dmean2: 0.644392430782
        dvar: 0.106859706342
        dvar2: 0.263008654118
        max: 0.523325800896
        mean: -0.794336140156
        min: -2.39456582069
        var: 0.307659029961
    barkbands_spread:
        dmean: 6.15639305115
        dmean2: 10.0239124298
        dvar: 28.6357307434
        dvar2: 69.73802948
        max: 58.6902236938
        mean: 37.1596755981
        min: 13.9850740433
        var: 89.155418396
    dissonance:
        dmean: 0.00825484655797
        dmean2: 0.0135767254978
        dvar: 8.39669955894e-05
        dvar2: 0.000184575139428
        max: 0.499448984861
        mean: 0.48404866457
        min: 0.364702314138
        var: 0.000124959260575
    hfc:
        dmean: 3.43755674362
        dmean2: 5.33633947372
        dvar: 15.4412107468
        dvar2: 35.5017929077
        max: 40.4899330139
        mean: 12.9889259338
        min: 0.155472114682
        var: 28.4078044891
    pitch:
        dmean: 1185.02148438
        dmean2: 2293.93701172
        dvar: 2157148.5
        dvar2: 4737317
        max: 4009.09082031
        mean: 1980.78601074
        min: 108.620689392
        var: 2596630
    pitch_instantaneous_confidence:
        dmean: 0.0723757520318
        dmean2: 0.121853001416
        dvar: 0.00287074688822
        dvar2: 0.00785857159644
        max: 0.670521438122
        mean: 0.395776569843
        min: 0.223261594772
        var: 0.00622591981664
    pitch_salience:
        dmean: 0.051643550396
        dmean2: 0.0848099961877
        dvar: 0.00191736523993
        dvar2: 0.00504671037197
        max: 0.809302985668
        mean: 0.631666779518
        min: 0.454095602036
        var: 0.00347542273812
    silence_rate_20dB:
        dmean: 0
        dmean2: 0
        dvar: 0
        dvar2: 0
        max: 1
        mean: 1
        min: 1
        var: 0
    silence_rate_30dB:
        dmean: 0
        dmean2: 0
        dvar: 0
        dvar2: 0
        max: 1
        mean: 1
        min: 1
        var: 0
    silence_rate_60dB:
        dmean: 0.0326340310276
        dmean2: 0.0630841106176
        dvar: 0.031569134444
        dvar2: 0.0731228962541
        max: 1
        mean: 0.048837210983
        min: 0
        var: 0.0464518554509
    spectral_centroid:
        dmean: 247.759613037
        dmean2: 410.443695068
        dvar: 43805.375
        dvar2: 103481.976562
        max: 3261.94946289
        mean: 2302.55932617
        min: 1292.74475098
        var: 120270.476562
    spectral_complexity:
        dmean: 3.97429895401
        dmean2: 6.12646389008
        dvar: 14.9316005707
        dvar2: 32.0963134766
        max: 40
        mean: 20.5338001251
        min: 0
        var: 35.7593345642
    spectral_crest:
        dmean: 1.67693567276
        dmean2: 2.78405761719
        dvar: 2.05406498909
        dvar2: 5.79733848572
        max: 14.7658958435
        mean: 6.62990617752
        min: 3.27854609489
        var: 3.39935326576
    spectral_decrease:
        dmean: 2.95976687603e-10
        dmean2: 4.77377026797e-10
        dvar: 9.6507187916e-20
        dvar2: 2.34358646456e-19
        max: -1.86581427392e-11
        mean: -1.17003962075e-09
        min: -3.19202997368e-09
        var: 1.79874198211e-19
    spectral_energy:
        dmean: 0.00140077259857
        dmean2: 0.00223000510596
        dvar: 2.18962236431e-06
        dvar2: 5.2327782214e-06
        max: 0.0145830502734
        mean: 0.00559413526207
        min: 8.45215763547e-05
        var: 4.14311807617e-06
    spectral_energyband_high:
        dmean: 0.000328067486407
        dmean2: 0.000530554971192
        dvar: 2.22763574698e-07
        dvar2: 5.8023698557e-07
        max: 0.00497219897807
        mean: 0.00079227401875
        min: 7.19234913049e-06
        var: 2.69361777328e-07
    spectral_energyband_low:
        dmean: 0.000168869795743
        dmean2: 0.000261262815911
        dvar: 4.58001814252e-08
        dvar2: 1.1198135752e-07
        max: 0.00202081166208
        mean: 0.000368525681552
        min: 6.99116390024e-06
        var: 1.02573075367e-07
    spectral_energyband_middle_high:
        dmean: 0.000843523303047
        dmean2: 0.00135722931009
        dvar: 6.48958121019e-07
        dvar2: 1.44873206409e-06
        max: 0.00811527576298
        mean: 0.00318381888792
        min: 4.41865777248e-05
        var: 1.53031646732e-06
    spectral_energyband_middle_low:
        dmean: 0.000585854519159
        dmean2: 0.000977323157713
        dvar: 5.47606646251e-07
        dvar2: 1.52240352236e-06
        max: 0.00657157693058
        mean: 0.00124950229656
        min: 2.14054798562e-05
        var: 7.45077272768e-07
    spectral_flatness_db:
        dmean: 0.0139597868547
        dmean2: 0.023263912648
        dvar: 0.000122927507618
        dvar2: 0.000312462099828
        max: 0.184542372823
        mean: 0.139245718718
        min: 0.0970166921616
        var: 0.000294349563774
    spectral_flux:
        dmean: 0.00712607242167
        dmean2: 0.0111553194001
        dvar: 6.47582783131e-05
        dvar2: 0.000133846901008
        max: 0.0846062079072
        mean: 0.0428709983826
        min: 0.00919356197119
        var: 0.000121904835396
    spectral_kurtosis:
        dmean: 0.795150339603
        dmean2: 1.29683756828
        dvar: 1.0694475174
        dvar2: 2.81675577164
        max: 16.5172157288
        mean: 2.87075829506
        min: 0.678604364395
        var: 1.61586487293
    spectral_rms:
        dmean: 0.000284413370537
        dmean2: 0.000445244193543
        dvar: 8.38408169557e-08
        dvar2: 1.77542418101e-07
        max: 0.00377191812731
        mean: 0.00229929969646
        min: 0.000287158618448
        var: 1.70916209186e-07
    spectral_rolloff:
        dmean: 233.796157837
        dmean2: 391.026641846
        dvar: 40847.4296875
        dvar2: 99454.3828125
        max: 4672.70507812
        mean: 3843.60375977
        min: 2971.58203125
        var: 87138.421875
    spectral_skewness:
        dmean: 0.129920244217
        dmean2: 0.207555428147
        dvar: 0.0183990541846
        dvar2: 0.0471947863698
        max: 2.91905283928
        mean: 1.17779743671
        min: 0.71437138319
        var: 0.0407885611057
    spectral_spread:
        dmean: 633297.125
        dmean2: 930298.8125
        dvar: 860046032896
        dvar2: 1.36609097318e+12
        max: 18817210
        mean: 4978405
        min: 3060828
        var: 1.37184673792e+12
    spectral_strongpeak:
        dmean: 1.1550937891
        dmean2: 1.98795568943
        dvar: 1.43361413479
        dvar2: 3.3324649334
        max: 7.21750545502
        mean: 1.50963771343
        min: 0.0318355038762
        var: 2.16685247421
    zerocrossingrate:
        dmean: 0.00601909309626
        dmean2: 0.00734480191022
        dvar: 3.24428619933e-05
        dvar2: 3.72498398065e-05
        max: 0.150390625
        mean: 0.122556313872
        min: 0.03466796875
        var: 0.000160992043675
    barkbands:
        dmean: [3.77110325189e-07, 3.45874141203e-05, 0.000154322333401, 0.000146634018165, 0.000457988033304, 4.73331165267e-05, 2.80984459096e-05, 6.91997047397e-05, 7.29424864403e-05, 2.01829807338e-05, 3.80652636522e-05, 4.21054537583e-05, 2.80226013274e-05, 3.35438853654e-05, 5.96715071879e-05, 8.32691439427e-05, 0.000450348190498, 0.000378037977498, 0.000250148848863, 0.000342402083334, 0.000104761333205, 4.61887684651e-05, 1.15246439236e-05, 4.68782582175e-06, 4.77704952573e-06, 2.43118648768e-07, 2.95805024919e-09]
        dmean2: [6.14770499396e-07, 6.00605744694e-05, 0.000245261238888, 0.000254719896475, 0.000783609284554, 7.75529697421e-05, 4.71759449283e-05, 0.000126688741148, 0.000105007115053, 3.36900047841e-05, 6.25414177193e-05, 6.72568203299e-05, 4.38836614194e-05, 5.58332030778e-05, 9.90212574834e-05, 0.00014116508828, 0.000753758882638, 0.000609780545346, 0.000407358689699, 0.000558436382562, 0.000171989566297, 7.30709871277e-05, 1.80771003215e-05, 7.13701774657e-06, 7.14392399459e-06, 4.14386391867e-07, 3.5491762862e-09]
        dvar: [1.0524885e-12, 4.06898426064e-09, 3.70941499739e-08, 4.42482672725e-08, 3.60610727057e-07, 3.40252293007e-09, 1.7442470801e-09, 2.28922214518e-08, 8.78552963712e-09, 1.59626556417e-09, 2.25133534038e-09, 2.78658474073e-09, 1.60382529479e-09, 1.03619657299e-09, 3.09695846745e-09, 7.09027681012e-09, 2.50476318797e-07, 1.32542567144e-07, 7.65996475138e-08, 1.84415384297e-07, 2.24137952642e-08, 7.7888708816e-09, 5.3723131499e-10, 5.96825158738e-11, 7.99766849968e-11, 3.04415238676e-13, 1.03688754733e-15]
        dvar2: [2.3730039201e-12, 9.47764267067e-09, 8.84183464223e-08, 1.31198902409e-07, 1.01200100744e-06, 9.84252945813e-09, 5.07906205982e-09, 7.10289214112e-08, 1.65967897203e-08, 3.81341225264e-09, 5.37976907466e-09, 6.06292349659e-09, 3.84732556924e-09, 2.40626452097e-09, 8.00722776972e-09, 1.81212751471e-08, 6.50343679354e-07, 3.15085287639e-07, 1.92438790236e-07, 4.62860242578e-07, 6.02365730629e-08, 1.72179035474e-08, 1.30601651716e-09, 1.39051617443e-10, 1.83388804142e-10, 8.27254389123e-13, 7.62134252616e-16]
        max: [7.20452362657e-06, 0.000522435759194, 0.0019575948827, 0.00205489457585, 0.0049107093364, 0.000465823482955, 0.0003325517755, 0.00123272766359, 0.00134913914371, 0.000760873663239, 0.000464276381535, 0.00085568591021, 0.000742123811506, 0.000332737748977, 0.000521747570019, 0.000697732437402, 0.00454853614792, 0.00447659566998, 0.0026144690346, 0.00392557075247, 0.00143110437784, 0.00107603473589, 0.000260562635958, 7.74433356128e-05, 8.5290914285e-05, 4.51156120107e-06, 7.60543628076e-07]
        mean: [3.89346865859e-07, 5.00654095958e-05, 0.00031808699714, 0.000189865197171, 0.000705538957845, 7.97213360784e-05, 4.11785476899e-05, 7.6844538853e-05, 0.000146783408127, 3.35375152645e-05, 6.05214227107e-05, 7.52565538278e-05, 6.1046994233e-05, 6.80861630826e-05, 0.000136269038194, 0.000160819108714, 0.0007199573447, 0.000949763751123, 0.000605343782809, 0.000755434273742, 0.00023865501862, 8.53944147821e-05, 1.97525441763e-05, 8.30278167996e-06, 7.2641278166e-06, 2.56413784427e-07, 2.93832558285e-09]
        min: [2.94300056547e-10, 2.48402602665e-06, 4.39763698523e-06, 3.63710159945e-06, 8.85503686732e-06, 1.49378172409e-06, 6.37795210423e-07, 5.45646798855e-07, 3.71654493847e-07, 7.9761164784e-08, 3.10939242354e-07, 1.6230392248e-06, 9.3796722922e-07, 3.763553309e-07, 3.32159061145e-07, 4.41906831838e-06, 2.36005762417e-05, 9.04206808627e-06, 6.98623182416e-07, 5.12040696776e-06, 2.16944249587e-06, 1.82415203653e-06, 2.88546658567e-07, 2.86692738882e-07, 2.17601709096e-07, 1.25731691725e-09, 2.51856180225e-13]
        var: [1.21646139342e-12, 5.09086994782e-09, 8.97314151871e-08, 4.90849600965e-08, 4.39157503251e-07, 4.59091120675e-09, 2.00005567663e-09, 2.10798223321e-08, 2.49231142391e-08, 4.55623805351e-09, 4.61684068753e-09, 7.09581682301e-09, 5.25673193863e-09, 2.20858642486e-09, 5.80434500463e-09, 1.13214575492e-08, 3.35651009209e-07, 3.22502160088e-07, 1.45676438024e-07, 2.44413058681e-07, 2.74456173344e-08, 9.80560610486e-09, 5.99323757289e-10, 7.79556696973e-11, 1.07002136318e-10, 2.29534978264e-13, 1.37325883612e-15]
    mfcc:
        mean: [-675.286376953, 73.5508117676, -46.6302032471, 64.2492218018, -2.45290255547, -4.9778637886, 5.55422306061, 0.00687727658078, -1.51898479462, -9.7461309433, -7.01600122452, -8.81487464905, -11.1857347488]
        cov: [[611.083068848, -125.781051636, 100.787696838, -68.1652832031, -87.845741272, -32.972858429, -41.6732521057, -32.1914710999, -42.525390625, -9.32423210144, 14.7186794281, -14.2172727585, 27.4806346893], [-125.781051636, 181.296096802, -78.1624298096, 35.9074134827, -14.8751459122, 17.399520874, 10.8074378967, 11.8960990906, 3.28239774704, 9.71303367615, -5.69732284546, 0.710096776485, -18.1041221619], [100.787696838, -78.1624298096, 174.428939819, -4.91099119186, 17.1800785065, 16.785779953, -27.7840080261, -7.23706245422, -5.33584356308, 4.08377981186, 14.826883316, -2.24449133873, 8.59734344482], [-68.1652832031, 35.9074134827, -4.91099119186, 90.7648239136, 46.3315849304, 24.9406547546, 5.14237928391, -6.33688259125, -4.2877497673, -0.751891374588, 0.553881108761, 10.4708881378, -5.06993675232], [-87.845741272, -14.8751459122, 17.1800785065, 46.3315849304, 102.223922729, 37.2416152954, 20.2925376892, 2.50031924248, 8.87228298187, -5.33339166641, -1.6967266798, 4.98848104477, -4.99999666214], [-32.972858429, 17.399520874, 16.785779953, 24.9406547546, 37.2416152954, 69.9198150635, 16.498260498, 0.824558854103, -7.06812620163, 0.955688893795, -1.76819527149, -2.30209732056, -6.78166627884], [-41.6732521057, 10.8074378967, -27.7840080261, 5.14237928391, 20.2925376892, 16.498260498, 71.468963623, 24.3855800629, 4.60813426971, -2.8570497036, -6.74477148056, -3.97233343124, -4.94447278976], [-32.1914710999, 11.8960990906, -7.23706245422, -6.33688259125, 2.50031924248, 0.824558854103, 24.3855800629, 50.9026260376, 22.2536258698, 0.342171758413, -7.44326353073, 0.0987087860703, -1.31077480316], [-42.525390625, 3.28239774704, -5.33584356308, -4.2877497673, 8.87228298187, -7.06812620163, 4.60813426971, 22.2536258698, 54.8635520935, 18.9165592194, -4.02302122116, 0.40377214551, 2.81961894035], [-9.32423210144, 9.71303367615, 4.08377981186, -0.751891374588, -5.33339166641, 0.955688893795, -2.8570497036, 0.342171758413, 18.9165592194, 39.0095405579, 13.1916818619, -3.70515322685, -3.32816290855], [14.7186794281, -5.69732284546, 14.826883316, 0.553881108761, -1.6967266798, -1.76819527149, -6.74477148056, -7.44326353073, -4.02302122116, 13.1916818619, 35.7808990479, 8.22944927216, -1.08187925816], [-14.2172727585, 0.710096776485, -2.24449133873, 10.4708881378, 4.98848104477, -2.30209732056, -3.97233343124, 0.0987087860703, 0.40377214551, -3.70515322685, 8.22944927216, 39.381439209, 20.7234306335], [27.4806346893, -18.1041221619, 8.59734344482, -5.06993675232, -4.99999666214, -6.78166627884, -4.94447278976, -1.31077480316, 2.81961894035, -3.32816290855, -1.08187925816, 20.7234306335, 43.0403213501]]
        icov: [[0.00264952331781, 0.00141492916737, -0.00092382193543, 2.87777238555e-05, 0.0024538373109, -0.000205541567993, 3.19333848893e-05, 0.00044291903032, 0.00114642898552, 0.000408851978136, -0.000676572788507, 0.00145457056351, -0.00139961601235], [0.00141492916737, 0.0100961616263, 0.00342482468113, -0.00444429041818, 0.00535022746772, -0.00388397439383, 0.0012098638108, -0.00243321340531, 0.000604146975093, -0.00199041469023, 0.000462237512693, -0.000573770259507, 0.00230456120335], [-0.00092382193543, 0.00342482468113, 0.00924951396883, -0.000522879534401, -0.00143336690962, -0.00362526462413, 0.00446631247178, -0.00292054074816, 0.000740854709875, -0.00112322741188, -0.00288491812535, 0.00187321344856, -0.00130217627157], [2.87777238555e-05, -0.00444429041818, -0.000522879534401, 0.0183088053018, -0.00884441938251, -0.000437700247858, 0.000656749936752, 0.00251698121428, 0.00266899750568, -0.00182636466343, 0.00159258942585, -0.00500768655911, 0.00156412785873], [0.0024538373109, 0.00535022746772, -0.00143336690962, -0.00884441938251, 0.0214980375022, -0.00789223704487, -0.00386700150557, 0.00264908536337, -0.00682290317491, 0.00609731441364, -0.00181130156852, -0.000522221380379, 0.00194291735534], [-0.000205541567993, -0.00388397439383, -0.00362526462413, -0.000437700247858, -0.00789223704487, 0.0221381504089, -0.00401934282854, 0.000107323736302, 0.00585670536384, -0.00446646986529, 0.00318066123873, 0.00042221363401, 0.000430598476669], [3.19333848893e-05, 0.0012098638108, 0.00446631247178, 0.000656749936752, -0.00386700150557, -0.00401934282854, 0.0211013089865, -0.011050590314, 0.00360021856613, -0.000974785652943, -0.00034141947981, 0.0029927897267, -0.0010820395546], [0.00044291903032, -0.00243321340531, -0.00292054074816, 0.00251698121428, 0.00264908536337, 0.000107323736302, -0.011050590314, 0.0321601368487, -0.0143068898469, 0.00645094364882, 0.00218430557288, -0.00326493056491, 0.00267119379714], [0.00114642898552, 0.000604146975093, 0.000740854709875, 0.00266899750568, -0.00682290317491, 0.00585670536384, 0.00360021856613, -0.0143068898469, 0.034661360085, -0.0206833351403, 0.00858810264617, -0.000970815890469, -0.00339013244957], [0.000408851978136, -0.00199041469023, -0.00112322741188, -0.00182636466343, 0.00609731441364, -0.00446646986529, -0.000974785652943, 0.00645094364882, -0.0206833351403, 0.0444405674934, -0.0193938612938, 0.00825633201748, -0.00067140290048], [-0.000676572788507, 0.000462237512693, -0.00288491812535, 0.00159258942585, -0.00181130156852, 0.00318066123873, -0.00034141947981, 0.00218430557288, 0.00858810264617, -0.0193938612938, 0.0418309010565, -0.0153838796541, 0.0081046866253], [0.00145457056351, -0.000573770259507, 0.00187321344856, -0.00500768655911, -0.000522221380379, 0.00042221363401, 0.0029927897267, -0.00326493056491, -0.000970815890469, 0.00825633201748, -0.0153838796541, 0.0436550416052, -0.0225879587233], [-0.00139961601235, 0.00230456120335, -0.00130217627157, 0.00156412785873, 0.00194291735534, 0.000430598476669, -0.0010820395546, 0.00267119379714, -0.00339013244957, -0.00067140290048, 0.0081046866253, -0.0225879587233, 0.0370417386293]]
    spectral_contrast:
        mean: [1.91083941559e-07, 1.26347259766e-07, 3.87569116356e-07, -1.23221141735e-07, 5.99867249207e-08, -8.82259882928e-08, 4.1342559598e-06, -4.20289143221e-06, 1.36284836572e-06, 2.26803308578e-06, -2.02516844183e-06, -1.21821335597e-06]
        var: [0.000232560036238, 0.000373888586182, 0.000569454510696, 0.00138548482209, 0.00208271294832, 0.00272619840689, 0.0235699322075, 0.0500420182943, 0.0986380800605, 0.129817947745, 0.245145484805, 0.462246209383]

rhythm:
    beats_loudness:
        dmean: 0.00154173315968
        dmean2: 0.00245875841938
        dvar: 2.28893372878e-06
        dvar2: 4.23934898208e-06
        max: 0.00986013002694
        mean: 0.00639483192936
        min: 0.00404281076044
        var: 2.96229336527e-06
    beats_loudness_bass:
        dmean: 0.135910183191
        dmean2: 0.238452732563
        dvar: 0.0214433521032
        dvar2: 0.0578941963613
        max: 0.458938211203
        mean: 0.109159015119
        min: 0.0137205542997
        var: 0.0152472378686
    bpm: 131.944488525
    bpm_confidence: 0
    first_peak_bpm: 132
    first_peak_spread: 0
    first_peak_weight: 0.947368443012
    onset_rate: 3.81807732582
    second_peak_bpm: 81
    second_peak_spread: 0
    second_peak_weight: 0.0526315793395
    beats_position: [0.657985270023, 1.11408555508, 1.57018578053, 2.02628612518, 2.48238635063, 2.93848657608, 3.39458680153, 3.85068702698, 4.30678701401, 4.76288700104, 5.2189874649, 5.95961666107, 6.41300296783, 6.8663892746, 7.3197760582, 7.77316236496, 8.22654914856, 8.67993545532, 9.13332176208, 9.58670806885]
    bpm_estimates: [132.123458862, 131.347595215, 131.182876587, 132.151306152, 132.292526245, 132.569137573]
    bpm_intervals: [0.456100285053, 0.456100225449, 0.456100344658, 0.456100225449, 0.456100225449, 0.456100225449, 0.456100225449, 0.45609998703, 0.45609998703, 0.456100463867, 0.740629196167, 0.453386306763, 0.453386306763, 0.4533867836, 0.453386306763, 0.4533867836, 0.453386306763, 0.453386306763, 0.453386306763]
    onset_times: [0.0348299331963, 0.18575963378, 0.441179126501, 0.661768734455, 0.882358253002, 1.33514738083, 1.5673469305, 1.79954648018, 2.02013611794, 2.26394557953, 2.51936507225, 2.69351482391, 2.93732428551, 3.1811337471, 3.42494320869, 3.64553284645, 4.08671188354, 4.31891155243, 4.56272125244, 4.7833108902, 5.02712011337, 5.3754196167, 5.95591831207, 6.1648979187, 6.39709758759, 6.59446716309, 6.86149644852, 7.22140598297, 7.34911584854, 7.8251247406, 7.99927425385, 8.25469398499, 8.68426322937, 8.91646289825, 9.14866256714, 9.36925125122, 9.49696159363, 9.58984088898]
    rubato_start: []
    rubato_stop: []
    perceptual_tempo: "unknown"

sfx:
    inharmonicity:
        dmean: 0.0600580126047
        dmean2: 0.106436148286
        dvar: 0.00378233008087
        dvar2: 0.0102690653875
        max: 0.417095214128
        mean: 0.0793339833617
        min: 0
        var: 0.00437727710232
    oddtoevenharmonicenergyratio:
        dmean: 2.38772749901
        dmean2: 4.4632730484
        dvar: 69.2863540649
        dvar2: 204.222366333
        max: 114.205909729
        mean: 1.68533802032
        min: 0
        var: 37.8785934448
    pitch_after_max_to_before_max_energy_ratio: 20.3109893799
    pitch_centroid: 232.446670532
    pitch_max_to_total: 0.0652680620551
    pitch_min_to_total: 0.326340317726
    tristimulus:
        dmean: [0.189161971211, 0.291652023792, 0.195752292871]
        dmean2: [0.320102125406, 0.511027634144, 0.340549170971]
        dvar: [0.0235860645771, 0.0482301451266, 0.0250580217689]
        dvar2: [0.0672505423427, 0.139138787985, 0.0644049197435]
        max: [1, 0.968603014946, 0.800425171852]
        mean: [0.280591517687, 0.425725489855, 0.205732658505]
        min: [0.00623321440071, 0, 0]
        var: [0.0338089838624, 0.0676639154553, 0.0349228046834]

tonal:
    chords_changes_rate: 0
    chords_number_rate: 0.00462962966412
    chords_strength:
        dmean: 0.00553385587409
        dmean2: 0.00620729103684
        dvar: 2.19672892854e-05
        dvar2: 2.33130285778e-05
        max: 0.713278889656
        mean: 0.646407783031
        min: 0.509359240532
        var: 0.0016901231138
    key_strength: 0.700153827667
    tuning_diatonic_strength: 0.571354329586
    tuning_equal_tempered_deviation: 0.127629891038
    tuning_frequency: 441.272583008
    tuning_nontempered_energy_ratio: 0.694570302963
    hpcp:
        dmean: [0.169234007597, 0.184099823236, 0.202171489596, 0.153700560331, 0.135897353292, 0.220996543765, 0.238603159785, 0.213947847486, 0.166819572449, 0.128610774875, 0.0960392281413, 0.091949403286, 0.105010524392, 0.0909496322274, 0.0597735829651, 0.0518979392946, 0.0529936179519, 0.181391373277, 0.262757688761, 0.143104538321, 0.075597204268, 0.0819357857108, 0.139124110341, 0.137837916613, 0.0875177010894, 0.0850129798055, 0.180442929268, 0.229374408722, 0.175764515996, 0.150949582458, 0.0916285440326, 0.0834547057748, 0.117166161537, 0.118581429124, 0.0980887189507, 0.120850615203]
        dmean2: [0.288794249296, 0.306212663651, 0.324787795544, 0.262262851, 0.225809246302, 0.374523639679, 0.402666509151, 0.351739853621, 0.287093341351, 0.225956305861, 0.162045359612, 0.153800413013, 0.174725040793, 0.148852273822, 0.0943446978927, 0.0843718424439, 0.0897556394339, 0.298142552376, 0.446920454502, 0.242430582643, 0.138308912516, 0.135547444224, 0.229186728597, 0.228858366609, 0.147508099675, 0.140547290444, 0.30650728941, 0.39878988266, 0.299954533577, 0.256180882454, 0.151297152042, 0.140624001622, 0.19691991806, 0.208325326443, 0.170252859592, 0.20910897851]
        dvar: [0.0398806110024, 0.0467801652849, 0.0471853911877, 0.0284871924669, 0.0230427812785, 0.0365011580288, 0.0461447611451, 0.0302158333361, 0.0365145429969, 0.02783572115, 0.011277933605, 0.0113304173574, 0.0212677754462, 0.00970970559865, 0.00352941663004, 0.00271304021589, 0.00227999640629, 0.0246297419071, 0.0483196265996, 0.0186981968582, 0.0135328778997, 0.00821945350617, 0.0236374493688, 0.0251140221953, 0.00887886434793, 0.00720563344657, 0.0248846672475, 0.0480746142566, 0.0226160418242, 0.0239453855902, 0.0091401245445, 0.0152466865256, 0.0169153362513, 0.0188499893993, 0.0119645688683, 0.0191651526839]
        dvar2: [0.106271415949, 0.102123349905, 0.112314268947, 0.0790846049786, 0.0599609352648, 0.101407319307, 0.102340333164, 0.0866263359785, 0.0982470661402, 0.0785138383508, 0.0313697457314, 0.0273631531745, 0.0416029989719, 0.022860834375, 0.00832321401685, 0.00599477998912, 0.00602744333446, 0.0684777721763, 0.124072998762, 0.0467339977622, 0.0380370356143, 0.0206589847803, 0.0653106421232, 0.0718754604459, 0.0249591674656, 0.0165556166321, 0.0621739588678, 0.121807128191, 0.0602612532675, 0.064435698092, 0.0243138708174, 0.039219904691, 0.0447671338916, 0.0485164299607, 0.0290176868439, 0.0547360479832]
        max: [1, 1, 1, 1, 1, 1, 1, 1, 1, 1, 0.81615370512, 0.836493372917, 1, 0.85261797905, 0.382891356945, 0.362549960613, 0.344280183315, 1, 1, 1, 0.818690240383, 0.765720963478, 1, 1, 0.768847882748, 1, 1, 1, 1, 0.93787831068, 0.60969877243, 1, 0.829892098904, 1, 1, 0.988397777081]
        mean: [0.260652899742, 0.326397746801, 0.323427736759, 0.22429817915, 0.19443808496, 0.406980663538, 0.62615853548, 0.470301419497, 0.256626456976, 0.211462780833, 0.170474424958, 0.165738865733, 0.194705143571, 0.167526721954, 0.122312001884, 0.102687820792, 0.106881201267, 0.377238899469, 0.552689909935, 0.283699721098, 0.103302821517, 0.147273659706, 0.238596320152, 0.235518947244, 0.159380719066, 0.149789497256, 0.39905411005, 0.590544819832, 0.408901244402, 0.235485911369, 0.158006384969, 0.147938117385, 0.190032497048, 0.19882017374, 0.170642212033, 0.19457937777]
        min: [0.0216988082975, 0.0222646594048, 0.024568554014, 0.0292093269527, 0.0137717174366, 0.0475686043501, 0.110663302243, 0.0592515356839, 0.0309707820415, 0.0188778415322, 0.0128632066771, 0.0108289979398, 0.01348830387, 0.0116133261472, 0.0098495259881, 0.0152117172256, 0.0192891173065, 0.0455045364797, 0.0449525974691, 0.0306795760989, 0.010899418965, 0.0104234935716, 0.0124270515516, 0.0239982157946, 0.0201806053519, 0.0135295558721, 0.0727482140064, 0.0795182734728, 0.0484762080014, 0.015339192003, 0.0149847231805, 0.0169428642839, 0.0222845021635, 0.023234365508, 0.0306640677154, 0.0252179745585]
        var: [0.062434528023, 0.0899801403284, 0.077293202281, 0.035396810621, 0.0260235108435, 0.0504482798278, 0.0850341022015, 0.0579608120024, 0.0407483167946, 0.0278659388423, 0.0139239327982, 0.0133165419102, 0.0260147321969, 0.0126784462482, 0.00607075588778, 0.00494181737304, 0.00356961647049, 0.0455751717091, 0.0982884392142, 0.0333813242614, 0.0112942215055, 0.0173592437059, 0.0436163954437, 0.0421537905931, 0.0148573974147, 0.0173602495342, 0.0452454015613, 0.0942504554987, 0.0444328151643, 0.0404129214585, 0.0143091846257, 0.0255023669451, 0.0282921213657, 0.0347770042717, 0.018592344597, 0.0222443435341]
    chords_histogram: [100, 0, 0, 0, 0, 0, 0, 0, 0, 0, 0, 0, 0, 0, 0, 0, 0, 0, 0, 0, 0, 0, 0, 0]
    thpcp: [1, 0.751089990139, 0.409842610359, 0.33771443367, 0.272254407406, 0.264691531658, 0.310951828957, 0.267546802759, 0.195337116718, 0.163996517658, 0.170693516731, 0.602465450764, 0.882667720318, 0.45307970047, 0.164978697896, 0.235201865435, 0.381047785282, 0.376133084297, 0.254537314177, 0.239219769835, 0.637305259705, 0.943123459816, 0.653031468391, 0.376080334187, 0.25234246254, 0.236263036728, 0.303489416838, 0.317523688078, 0.272522389889, 0.310750991106, 0.416272997856, 0.521270155907, 0.516526937485, 0.358213096857, 0.310525327921, 0.649964272976]
    chords_key: "B"
    chords_scale: "major"
    key_key: "B"
    key_scale: "major"
    chords_progression: ["B", "B", "B", "B", "B", "B", "B", "B", "B", "B", "B", "B", "B", "B", "B", "B", "B", "B", "B", "B", "B", "B", "B", "B", "B", "B", "B", "B", "B", "B", "B", "B", "B", "B", "B", "B", "B", "B", "B", "B", "B", "B", "B", "B", "B", "B", "B", "B", "B", "B", "B", "B", "B", "B", "B", "B", "B", "B", "B", "B", "B", "B", "B", "B", "B", "B", "B", "B", "B", "B", "B", "B", "B", "B", "B", "B", "B", "B", "B", "B", "B", "B", "B", "B", "B", "B", "B", "B", "B", "B", "B", "B", "B", "B", "B", "B", "B", "B", "B", "B", "B", "B", "B", "B", "B", "B", "B", "B", "B", "B", "B", "B", "B", "B", "B", "B", "B", "B", "B", "B", "B", "B", "B", "B", "B", "B", "B", "B", "B", "B", "B", "B", "B", "B", "B", "B", "B", "B", "B", "B", "B", "B", "B", "B", "B", "B", "B", "B", "B", "B", "B", "B", "B", "B", "B", "B", "B", "B", "B", "B", "B", "B", "B", "B", "B", "B", "B", "B", "B", "B", "B", "B", "B", "B", "B", "B", "B", "B", "B", "B", "B", "B", "B", "B", "B", "B", "B", "B", "B", "B", "B", "B", "B", "B", "B", "B", "B", "B", "B", "B", "B", "B", "B", "B", "B", "B", "B", "B", "B", "B", "B", "B", "B", "B", "B", "B"]
