
metadata:
    version:
        essentia: "1.2.2"
    audio_properties:
        analysis_sample_rate: 44100
        bitrate: 128
        channels: 2
        equal_loudness: 1
        length: 9.50857162476
        replay_gain: -4.74395942688
        downmix: "mix"
    tags:
        track: 19
        year: 0
        album: "Splitted by Mp3Splt v. 2.1"
        artist: "From 003.00 To 003.10"
        comment: "http://mp3splt.sf.net"
        genre: ""
        title: "09 Tell Me Something I Don't K"

highlevel:
    ballroom:
        all:
            ChaChaCha: 0.00828746519983
            Jive: 0.00493368972093
            Quickstep: 0.0108908265829
            Rumba-American: 0.00387847004458
            Rumba-International: 0.0509826727211
            Rumba-Misc: 0.0621472895145
            Samba: 0.00645752577111
            Tango: 0.233730360866
            VienneseWaltz: 0.0410711616278
            Waltz: 0.577620565891
        probability: 0.577620565891
        value: "Waltz"
    culture:
        all:
            non_western: 0.705811560154
            western: 0.294188410044
        probability: 0.705811560154
        value: "non_western"
    gender:
        all:
            female: 0.751320898533
            male: 0.248679101467
        probability: 0.751320898533
        value: "female"
    genre_dortmund:
        all:
            alternative: 0.166491165757
            blues: 0.00193669681903
            electronic: 0.617085397243
            folkcountry: 0.0668070390821
            funksoulrnb: 0.00248386338353
            jazz: 0.00520724803209
            pop: 0.0828639566898
            raphiphop: 0.00130374950822
            rock: 0.055820863694
        probability: 0.617085397243
        value: "electronic"
    genre_electronica:
        all:
            ambient: 0.977833211422
            dnb: 0.00257784826681
            house: 0.00966813787818
            techno: 0.0025640418753
            trance: 0.00735677173361
        probability: 0.977833211422
        value: "ambient"
    genre_rosamerica:
        all:
            cla: 0.599339306355
            dan: 0.0152641274035
            hip: 0.00381407490931
            jaz: 0.0448053143919
            pop: 0.0553474798799
            rhy: 0.0455623455346
            roc: 0.232472643256
            spe: 0.00339470524341
        probability: 0.599339306355
        value: "cla"
    genre_tzanetakis:
        all:
            blu: 0.0238731130958
            cla: 0.645210564137
            cou: 0.0599602013826
            dis: 0.0191673096269
            hip: 0.00532164005563
            jaz: 0.0801658183336
            met: 0.0120798461139
            pop: 0.0286361072212
            reg: 0.021812422201
            roc: 0.103772982955
        probability: 0.645210564137
        value: "cla"
    live_studio:
        all:
            live: 0.227802187204
            studio: 0.772197782993
        probability: 0.772197782993
        value: "studio"
    mood:
        all:
            Cluster1: 0.30100902915
            Cluster2: 0.0440846830606
            Cluster3: 0.625534772873
            Cluster4: 0.0105738025159
            Cluster5: 0.0187977403402
        probability: 0.625534772873
        value: "Cluster3"
    mood_acoustic:
        all:
            acoustic: 0.51937520504
            not_acoustic: 0.480624824762
        probability: 0.51937520504
        value: "acoustic"
    mood_aggressive:
        all:
            aggressive: 0.00720571633428
            not_aggressive: 0.992794275284
        probability: 0.992794275284
        value: "not_aggressive"
    mood_electronic:
        all:
            electronic: 0.205183520913
            not_electronic: 0.794816493988
        probability: 0.794816493988
        value: "not_electronic"
    mood_happy:
        all:
            happy: 0.0396327637136
            not_happy: 0.960367262363
        probability: 0.960367262363
        value: "not_happy"
    mood_party:
        all:
            not_party: 0.988086104393
            party: 0.0119139188901
        probability: 0.988086104393
        value: "not_party"
    mood_relaxed:
        all:
            not_relaxed: 0.0290148817003
            relaxed: 0.970985114574
        probability: 0.970985114574
        value: "relaxed"
    mood_sad:
        all:
            not_sad: 0.0537015534937
            sad: 0.946298420429
        probability: 0.946298420429
        value: "sad"
    rhythm:
        all:
            fast: 0.0330060198903
            medium: 0.377019196749
            slow: 0.589974761009
        probability: 0.589974761009
        value: "slow"
    speech_music:
        all:
            music: 0.955886662006
            speech: 0.0441133566201
        probability: 0.955886662006
        value: "music"
    timbre:
        all:
            bright: 0.440176814795
            dark: 0.559823155403
        probability: 0.559823155403
        value: "dark"
    voice_instrumental:
        all:
            instrumental: 0.968192577362
            voice: 0.0318073965609
        probability: 0.968192577362
        value: "instrumental"

lowlevel:
    average_loudness: 0.0966638699174
    barkbands_kurtosis:
        dmean: 2.4975528717
        dmean2: 3.59624648094
        dvar: 9.38131141663
        dvar2: 20.5970516205
        max: 63.2680740356
        mean: 17.3212814331
        min: -1.64089310169
        var: 345.92477417
    barkbands_skewness:
        dmean: 0.241235628724
        dmean2: 0.342489093542
        dvar: 0.0399185493588
        dvar2: 0.0744691863656
        max: 6.56600236893
        mean: 3.08317947388
        min: -0.130607917905
        var: 2.96346998215
    barkbands_spread:
        dmean: 1.27742862701
        dmean2: 1.99808371067
        dvar: 2.58789277077
        dvar2: 5.85976600647
        max: 33.5100326538
        mean: 10.4013757706
        min: 1.42987751961
        var: 67.1796035767
    dissonance:
        dmean: 0.0189231466502
        dmean2: 0.0319760143757
        dvar: 0.000260692555457
        dvar2: 0.000685297476593
        max: 0.48677611351
        mean: 0.437936931849
        min: 0.336502611637
        var: 0.000773511652369
    hfc:
        dmean: 0.207581847906
        dmean2: 0.334128022194
        dvar: 0.212024956942
        dvar2: 0.618538081646
        max: 10.1461429596
        mean: 1.80868387222
        min: 0.00100563536398
        var: 7.45478487015
    pitch:
        dmean: 35.7118835449
        dmean2: 69.9764022827
        dvar: 5385.82324219
        dvar2: 11791.3945312
        max: 450
        mean: 145.947357178
        min: 73.0132446289
        var: 10165.7382812
    pitch_instantaneous_confidence:
        dmean: 0.0261373762041
        dmean2: 0.0401200726628
        dvar: 0.000622813822702
        dvar2: 0.00132964376826
        max: 0.764516711235
        mean: 0.454493403435
        min: 0.287540972233
        var: 0.00701678171754
    pitch_salience:
        dmean: 0.0306128896773
        dmean2: 0.0402574650943
        dvar: 0.000611407158431
        dvar2: 0.00108705705497
        max: 0.799680531025
        mean: 0.620209395885
        min: 0.43629360199
        var: 0.00424941629171
    silence_rate_20dB:
        dmean: 0
        dmean2: 0
        dvar: 0
        dvar2: 0
        max: 1
        mean: 1
        min: 1
        var: 0
    silence_rate_30dB:
        dmean: 0
        dmean2: 0
        dvar: 0
        dvar2: 0
        max: 1
        mean: 1
        min: 1
        var: 0
    silence_rate_60dB:
        dmean: 0.0216802172363
        dmean2: 0.0434782616794
        dvar: 0.0212102811784
        dvar2: 0.0415877662599
        max: 1
        mean: 0.729729712009
        min: 0
        var: 0.19722405076
    spectral_centroid:
        dmean: 33.7397117615
        dmean2: 51.9493751526
        dvar: 2542.27954102
        dvar2: 5432.64257812
        max: 1348.53967285
        mean: 496.758483887
        min: 267.595581055
        var: 56753.8671875
    spectral_complexity:
        dmean: 0.767584085464
        dmean2: 1.34355831146
        dvar: 1.1631026268
        dvar2: 2.69179320335
        max: 21
        mean: 5.76219511032
        min: 0
        var: 28.5960006714
    spectral_crest:
        dmean: 0.860495269299
        dmean2: 1.0554407835
        dvar: 0.538255512714
        dvar2: 0.854203879833
        max: 20.8502235413
        mean: 13.234000206
        min: 4.46308374405
        var: 14.987197876
    spectral_decrease:
        dmean: 6.19030451898e-11
        dmean2: 8.72077826619e-11
        dvar: 1.43351385664e-20
        dvar2: 3.41181985069e-20
        max: -8.58403734379e-13
        mean: -5.88778636956e-10
        min: -2.91601454094e-09
        var: 5.14906076039e-19
    spectral_energy:
        dmean: 0.000243899630732
        dmean2: 0.000347161490936
        dvar: 2.2848111314e-07
        dvar2: 5.59544560019e-07
        max: 0.0118229845539
        mean: 0.0023862416856
        min: 3.3342421375e-06
        var: 8.68728329806e-06
    spectral_energyband_high:
        dmean: 9.63878665061e-06
        dmean2: 1.59287974384e-05
        dvar: 8.47577286134e-10
        dvar2: 2.30503460763e-09
        max: 0.000451757921837
        mean: 3.49913425453e-05
        min: 3.53995832647e-09
        var: 5.34511812589e-09
    spectral_energyband_low:
        dmean: 4.16093862441e-05
        dmean2: 4.55297631561e-05
        dvar: 5.28017762846e-09
        dvar2: 9.98656535245e-09
        max: 0.00107049744111
        mean: 0.000139814612339
        min: 7.54076339149e-08
        var: 2.61331933871e-08
    spectral_energyband_middle_high:
        dmean: 8.53589881444e-05
        dmean2: 0.000138338669785
        dvar: 4.78793218406e-08
        dvar2: 1.33174168582e-07
        max: 0.00480909412727
        mean: 0.000581414846238
        min: 3.47477779883e-08
        var: 1.0889434634e-06
    spectral_energyband_middle_low:
        dmean: 0.000224622810492
        dmean2: 0.000303612207063
        dvar: 1.79734229278e-07
        dvar2: 4.10423410813e-07
        max: 0.0080000506714
        mean: 0.00163001380861
        min: 3.18684419653e-06
        var: 3.48722369381e-06
    spectral_flatness_db:
        dmean: 0.00863605178893
        dmean2: 0.0135753890499
        dvar: 5.07205040776e-05
        dvar2: 0.000107062041934
        max: 0.336186498404
        mean: 0.232277169824
        min: 0.122215554118
        var: 0.00372641300783
    spectral_flux:
        dmean: 0.00164419854991
        dmean2: 0.00255607767031
        dvar: 1.60283616424e-05
        dvar2: 2.74329722743e-05
        max: 0.0867025330663
        mean: 0.0112513490021
        min: 0.000214151892578
        var: 0.000142027303809
    spectral_kurtosis:
        dmean: 3.6693944931
        dmean2: 6.15010976791
        dvar: 14.0275287628
        dvar2: 39.7105789185
        max: 36.1056556702
        mean: 12.1725578308
        min: 2.13992643356
        var: 54.1324386597
    spectral_rms:
        dmean: 5.90462113905e-05
        dmean2: 7.74664295022e-05
        dvar: 7.40121075538e-09
        dvar2: 1.79101498077e-08
        max: 0.00339626544155
        mean: 0.00120877090376
        min: 5.70343690924e-05
        var: 8.66913410391e-07
    spectral_rolloff:
        dmean: 103.517341614
        dmean2: 175.568054199
        dvar: 48524.4414062
        dvar2: 126596.359375
        max: 3811.37695312
        mean: 792.395324707
        min: 301.46484375
        var: 393888.53125
    spectral_skewness:
        dmean: 0.296955764294
        dmean2: 0.493672341108
        dvar: 0.0757822990417
        dvar2: 0.213657587767
        max: 4.37771081924
        mean: 2.64119768143
        min: 1.36021149158
        var: 0.5195992589
    spectral_spread:
        dmean: 216505.203125
        dmean2: 348202.90625
        dvar: 36930838528
        dvar2: 81708023808
        max: 6651510.5
        mean: 3165915.25
        min: 1611663.375
        var: 1.4989295616e+12
    spectral_strongpeak:
        dmean: 0.0504809617996
        dmean2: 0.0802087113261
        dvar: 0.0276629589498
        dvar2: 0.0351555794477
        max: 2.99426078796
        mean: 0.209754034877
        min: 0.011748819612
        var: 0.0471243672073
    zerocrossingrate:
        dmean: 0.00286249280907
        dmean2: 0.00373999471776
        dvar: 7.35291359888e-06
        dvar2: 1.07984469651e-05
        max: 0.08935546875
        mean: 0.0329574942589
        min: 0.01171875
        var: 0.000302787258988
    barkbands:
        dmean: [7.96455665864e-08, 2.2007521693e-05, 2.29061552091e-05, 1.84299988177e-05, 0.000116015755339, 0.000166237427038, 3.86294123018e-05, 2.98490085697e-05, 2.61365476035e-05, 1.92776478798e-05, 3.25746113958e-05, 2.10366015381e-05, 1.13206642709e-05, 2.39295786741e-05, 3.70230300177e-05, 3.65843443433e-05, 2.42769401666e-05, 1.3010040675e-05, 6.21634762865e-06, 1.28733545353e-05, 5.33899128641e-06, 2.47906359618e-06, 6.53063636946e-07, 2.37290180394e-07, 1.16278734197e-07, 5.82572434737e-09, 1.08408393373e-10]
        dmean2: [1.32143313181e-07, 2.54858114204e-05, 2.64963364316e-05, 2.92084750981e-05, 0.000154078414198, 0.00020590852364, 4.91455939482e-05, 3.845977335e-05, 3.31041701429e-05, 2.60318229266e-05, 5.4224372434e-05, 3.136644591e-05, 1.97906792891e-05, 3.62774044333e-05, 6.12882504356e-05, 6.11502327956e-05, 3.82552825613e-05, 2.28762437473e-05, 9.85850329016e-06, 2.17780961975e-05, 8.75480964169e-06, 3.85784187529e-06, 1.09442521534e-06, 3.78273909973e-07, 1.92338617921e-07, 1.00346744247e-08, 1.97712568539e-10]
        dvar: [3.85384710526e-14, 1.19369425455e-09, 2.11184536525e-09, 4.11602707473e-09, 3.37932313244e-08, 1.02248577605e-07, 2.26660255009e-08, 2.58444399215e-09, 3.99012822783e-09, 1.27599353306e-09, 1.00904431477e-08, 1.43465239688e-09, 6.67811972388e-10, 4.11578637838e-09, 1.39377309694e-08, 9.43217415283e-09, 5.18310816489e-09, 8.00160881997e-10, 1.61377855523e-10, 3.16983994608e-09, 1.62187568931e-10, 1.26664845279e-10, 3.36273045e-12, 4.2572610476e-13, 1.23120223326e-13, 2.90733444763e-16, 8.89999874821e-20]
        dvar2: [1.2602283583e-13, 2.4208965943e-09, 4.1362979708e-09, 1.25235910531e-08, 8.54880539691e-08, 2.06841463068e-07, 4.40759002629e-08, 4.62107596633e-09, 6.3203882128e-09, 2.36999997405e-09, 2.85010841594e-08, 3.69350305895e-09, 1.82346482358e-09, 1.00204928799e-08, 3.73729918124e-08, 2.24570868568e-08, 9.73240599222e-09, 2.48912068734e-09, 3.41351974464e-10, 5.9696283472e-09, 4.06864930635e-10, 3.21719956231e-10, 8.89310413504e-12, 1.1731709354e-12, 3.27806060291e-13, 8.12221851886e-16, 2.91039905461e-19]
        max: [2.9823947898e-06, 0.000445212470368, 0.000624993117526, 0.000725562451407, 0.00334045523778, 0.00441874517128, 0.00283344741911, 0.000602436135523, 0.000878105754964, 0.000533854588866, 0.00127019232605, 0.000487975601573, 0.000274258200079, 0.00101546628866, 0.00126295001246, 0.00134769675788, 0.00132065825164, 0.000377250224119, 0.000233083192143, 0.00107001094148, 0.000171680818312, 0.000192044128198, 1.7442913304e-05, 1.21346292872e-05, 4.80839253214e-06, 3.10683276439e-07, 2.69405719955e-09]
        mean: [3.43216981946e-07, 5.86071255384e-05, 8.08731128927e-05, 3.03112738038e-05, 0.000754193111788, 0.000573632307351, 0.000138474133564, 7.37418304197e-05, 5.64063702768e-05, 3.64239967894e-05, 7.75036023697e-05, 5.43647292943e-05, 2.26107640628e-05, 6.95879862178e-05, 7.98524924903e-05, 9.70445616986e-05, 6.87859719619e-05, 3.26947883877e-05, 1.93641826627e-05, 3.69847548427e-05, 1.47515847857e-05, 6.87975216351e-06, 1.60236766078e-06, 8.09805044355e-07, 3.83603747878e-07, 1.56945407781e-08, 9.22652648727e-11]
        min: [4.51805216503e-12, 6.48672360271e-09, 6.76406841649e-08, 2.25247775987e-09, 1.7079095187e-06, 7.17168973097e-07, 6.43125819266e-09, 1.88328996842e-08, 2.51803800033e-09, 6.77753186906e-09, 8.03957067586e-10, 1.27011279272e-09, 7.97934607277e-10, 7.2988576294e-10, 1.00990960039e-09, 1.144598194e-09, 2.54249443721e-09, 8.80373274281e-10, 3.24100302151e-09, 1.36261490979e-09, 1.4143242133e-09, 5.31293342654e-10, 8.73552549741e-11, 4.5364410145e-11, 2.39167990967e-11, 7.43029363081e-14, 3.50386084181e-15]
        var: [5.15498830688e-13, 5.16314369037e-09, 8.81450556989e-09, 4.75617278894e-09, 6.34748801076e-07, 6.44808608286e-07, 1.34311022748e-07, 1.02324904105e-08, 1.37547679913e-08, 4.38540759262e-09, 3.98011401614e-08, 7.07026481805e-09, 1.9581181121e-09, 3.338739063e-08, 3.77097144622e-08, 4.46914008023e-08, 3.32308509599e-08, 3.68549435414e-09, 1.20451881802e-09, 1.37676661183e-08, 9.55222789756e-10, 3.16886711316e-10, 1.20530755515e-11, 3.9426387502e-12, 7.08172398761e-13, 1.75754264945e-15, 6.32850683505e-20]
    mfcc:
        mean: [-881.284118652, 177.300933838, -25.6208267212, 55.0095214844, -11.7192878723, -1.35438942909, -13.2675065994, -9.87895107269, -11.4821882248, -11.8101634979, -11.9830408096, -10.9167528152, -3.27926921844]
        cov: [[26274.9082031, -3030.98022461, -1598.75915527, -1612.0411377, 675.269470215, 409.652008057, 228.662918091, 296.477844238, 785.238220215, 205.431747437, 92.2033233643, 611.100036621, 683.631286621], [-3030.98022461, 803.782653809, -34.7617607117, 212.816726685, -139.722259521, -35.707447052, -48.4282951355, -3.10096979141, -94.9652175903, 10.3242330551, 1.08628499508, -66.668838501, -106.896873474], [-1598.75915527, -34.7617607117, 308.107330322, 105.258781433, -55.0808143616, -49.9005317688, 18.7189865112, -13.1159687042, -57.3533859253, -22.4901485443, 3.69128108025, -22.9915027618, -31.8299560547], [-1612.0411377, 212.816726685, 105.258781433, 201.695510864, -97.5085449219, -34.049987793, -0.121931731701, -14.7414503098, -79.5792694092, -4.12820339203, 14.6585903168, -23.4466590881, -39.9188156128], [675.269470215, -139.722259521, -55.0808143616, -97.5085449219, 132.297454834, 29.486366272, -16.4210662842, -15.5199661255, 43.3887863159, -9.64790725708, -25.1747608185, 1.52806651592, 14.678062439], [409.652008057, -35.707447052, -49.9005317688, -34.049987793, 29.486366272, 47.3914833069, 2.40463137627, -4.98663473129, 9.64415931702, 3.34046983719, 3.7041888237, 5.01960229874, 9.18943405151], [228.662918091, -48.4282951355, 18.7189865112, -0.121931731701, -16.4210662842, 2.40463137627, 46.7618713379, 13.1922111511, -6.20423126221, 6.50265216827, 6.4642291069, 15.7082185745, 1.23788237572], [296.477844238, -3.10096979141, -13.1159687042, -14.7414503098, -15.5199661255, -4.98663473129, 13.1922111511, 53.5582275391, 14.441699028, 2.54453277588, 1.69605481625, 15.9712839127, -0.411426514387], [785.238220215, -94.9652175903, -57.3533859253, -79.5792694092, 43.3887863159, 9.64415931702, -6.20423126221, 14.441699028, 74.9986953735, 3.72180914879, -14.783449173, 4.53903150558, 8.4476480484], [205.431747437, 10.3242330551, -22.4901485443, -4.12820339203, -9.64790725708, 3.34046983719, 6.50265216827, 2.54453277588, 3.72180914879, 43.0019340515, 13.2838392258, -2.8194630146, 0.36075720191], [92.2033233643, 1.08628499508, 3.69128108025, 14.6585903168, -25.1747608185, 3.7041888237, 6.4642291069, 1.69605481625, -14.783449173, 13.2838392258, 45.9442062378, 23.9610500336, -3.99407148361], [611.100036621, -66.668838501, -22.9915027618, -23.4466590881, 1.52806651592, 5.01960229874, 15.7082185745, 15.9712839127, 4.53903150558, -2.8194630146, 23.9610500336, 73.9700393677, 9.05718708038], [683.631286621, -106.896873474, -31.8299560547, -39.9188156128, 14.678062439, 9.18943405151, 1.23788237572, -0.411426514387, 8.4476480484, 0.36075720191, -3.99407148361, 9.05718708038, 58.6258850098]]
        icov: [[0.000368013745174, 0.00102729152422, 0.00150767643936, 0.000575837970246, 0.000390497065382, -0.000148001854541, -0.000604209548328, -0.00067510351073, -0.000771397433709, -0.000807162781712, -0.000352253729943, -0.000929416390136, -0.00103841943201], [0.00102729152422, 0.00669465353712, 0.00673291739076, 0.000372990587493, 0.00397827615961, -0.000156598107424, 0.00225754571147, -0.00299244327471, 0.00191109953448, -0.00295284809545, 0.00149597914424, -0.00124511437025, 0.00313410768285], [0.00150767643936, 0.00673291739076, 0.0131338210776, 0.00061949872179, 0.00288771186024, 0.00432734424248, -0.00346657307819, -0.00242190505378, 0.00107275135815, -0.000575021782424, -0.00159480562434, -0.000869215931743, 0.000777858367655], [0.000575837970246, 0.000372990587493, 0.00061949872179, 0.0152849294245, 0.00639060046524, 0.00142716453411, 0.00026310866815, 0.00151955010369, 0.00685056811199, -0.000550550757907, 0.000120415381389, -0.000724995683413, 0.00202714884654], [0.000390497065382, 0.00397827615961, 0.00288771186024, 0.00639060046524, 0.0193018335849, -0.00624325219542, 0.00655214162543, 0.00433133915067, 0.000584888854064, -0.000164390425198, 0.0089507298544, -0.00264529930428, 0.00559287285432], [-0.000148001854541, -0.000156598107424, 0.00432734424248, 0.00142716453411, -0.00624325219542, 0.0318357571959, -0.0060926778242, 0.0031634666957, 0.00274841673672, 0.00234827375971, -0.00754207232967, 0.00382600701414, -3.00669053104e-05], [-0.000604209548328, 0.00225754571147, -0.00346657307819, 0.00026310866815, 0.00655214162543, -0.0060926778242, 0.0343406833708, -0.00550133315846, 0.00902262236923, -0.00608864054084, 0.00839409418404, -0.00427626119927, 0.00797974690795], [-0.00067510351073, -0.00299244327471, -0.00242190505378, 0.00151955010369, 0.00433133915067, 0.0031634666957, -0.00550133315846, 0.0271207727492, -0.00524149043486, 0.00224514771253, 0.00247792643495, -0.00305275036953, 0.0022438087035], [-0.000771397433709, 0.00191109953448, 0.00107275135815, 0.00685056811199, 0.000584888854064, 0.00274841673672, 0.00902262236923, -0.00524149043486, 0.0333322100341, -0.00230492488481, 0.00913977064192, 0.00301863299683, 0.012289872393], [-0.000807162781712, -0.00295284809545, -0.000575021782424, -0.000550550757907, -0.000164390425198, 0.00234827375971, -0.00608864054084, 0.00224514771253, -0.00230492488481, 0.0328287184238, -0.0128298830241, 0.00974336080253, 0.000909200578462], [-0.000352253729943, 0.00149597914424, -0.00159480562434, 0.000120415381389, 0.0089507298544, -0.00754207232967, 0.00839409418404, 0.00247792643495, 0.00913977064192, -0.0128298830241, 0.0412783287466, -0.0136536732316, 0.00851636379957], [-0.000929416390136, -0.00124511437025, -0.000869215931743, -0.000724995683413, -0.00264529930428, 0.00382600701414, -0.00427626119927, -0.00305275036953, 0.00301863299683, 0.00974336080253, -0.0136536732316, 0.0252516102046, 0.00240712985396], [-0.00103841943201, 0.00313410768285, 0.000777858367655, 0.00202714884654, 0.00559287285432, -3.00669053104e-05, 0.00797974690795, 0.0022438087035, 0.012289872393, 0.000909200578462, 0.00851636379957, 0.00240712985396, 0.0335670225322]]
    spectral_contrast:
        mean: [-5.24720746853e-07, 6.06268315551e-08, 1.36620485591e-07, 4.66490405415e-07, -1.72357147221e-07, -3.96081851761e-08, 3.02425428345e-06, 5.1245456234e-07, 2.83485519503e-07, 1.75524780843e-06, 2.98350323646e-06, -2.89591343972e-06]
        var: [0.000160453957506, 0.000336042139679, 0.000520764442626, 0.000800662382971, 0.00104785896838, 0.00288207549602, 0.027126416564, 0.0447565764189, 0.0718873888254, 0.111812733114, 0.582174599171, 12.8303432465]

rhythm:
    beats_loudness:
        dmean: 0.000903420965187
        dmean2: 0.00119205040392
        dvar: 1.50541939092e-06
        dvar2: 3.55370161742e-06
        max: 0.0097664585337
        mean: 0.00233472022228
        min: 5.1002903092e-06
        var: 7.15293890607e-06
    beats_loudness_bass:
        dmean: 0.0342307724059
        dmean2: 0.0605532005429
        dvar: 0.000842501642182
        dvar2: 0.00166954670567
        max: 0.185102850199
        mean: 0.0713093131781
        min: 0.024234065786
        var: 0.00165277754422
    bpm: 164.135498047
    bpm_confidence: 0
    first_peak_bpm: 145
    first_peak_spread: 0
    first_peak_weight: 0.777777791023
    onset_rate: 0.42067310214
    second_peak_bpm: 164
    second_peak_spread: 0
    second_peak_weight: 0.166666671634
    beats_position: [0.0571094863117, 0.470516651869, 0.883923888206, 1.29733109474, 1.71073830128, 2.12414550781, 2.53755283356, 2.95095992088, 3.36436724663, 3.77777409554, 4.19118118286, 4.60458803177, 5.01799535751, 5.43140220642, 5.84480905533, 6.33285284042, 6.69840478897, 7.06395673752, 7.42950820923]
    bpm_estimates: [164.062545776, 164.208465576]
    bpm_intervals: [0.413407176733, 0.413407236338, 0.413407206535, 0.413407206535, 0.413407206535, 0.413407325745, 0.413407087326, 0.413407325745, 0.413406848907, 0.413407087326, 0.413406848907, 0.413407325745, 0.413406848907, 0.413406848907, 0.488043785095, 0.365551948547, 0.365551948547, 0.36555147171]
    onset_times: [0.0464399084449, 0.545668959618, 0.719818592072, 3.30884361267]
    rubato_start: [6.69840478897]
    rubato_stop: [7.42950820923]
    perceptual_tempo: "unknown"

sfx:
    inharmonicity:
        dmean: 0.0318143516779
        dmean2: 0.0576956868172
        dvar: 0.00250905216672
        dvar2: 0.00735123688355
        max: 0.359338879585
        mean: 0.0272564534098
        min: 1.4830244254e-05
        var: 0.00194091291633
    oddtoevenharmonicenergyratio:
        dmean: 3.17754650116
        dmean2: 5.95934438705
        dvar: 22.2083206177
        dvar2: 53.0607147217
        max: 27.4778900146
        mean: 3.05519104004
        min: 9.35803036555e-05
        var: 24.5538768768
    pitch_after_max_to_before_max_energy_ratio: 1.90602278709
    pitch_centroid: 136.125411987
    pitch_max_to_total: 0.118902437389
    pitch_min_to_total: 0.512195110321
    tristimulus:
        dmean: [0.251844972372, 0.248700112104, 0.0462558306754]
        dmean2: [0.455164253712, 0.45085683465, 0.0806169658899]
        dvar: [0.0572485439479, 0.0555247031152, 0.00262447563]
        dvar2: [0.119642034173, 0.120110072196, 0.00760848913342]
        max: [0.984370350838, 0.832283198833, 0.321682661772]
        mean: [0.507360160351, 0.43149498105, 0.0542371682823]
        min: [0.0876023098826, 0, 0]
        var: [0.0796441808343, 0.0741023644805, 0.00286315032281]

tonal:
    chords_changes_rate: 0
    chords_number_rate: 0.0060606058687
    chords_strength:
        dmean: 0.00283833011054
        dmean2: 0.00201166467741
        dvar: 8.16041392682e-06
        dvar2: 7.0352093644e-06
        max: 0.658844590187
        mean: 0.566521584988
        min: 0.376317977905
        var: 0.00406565610319
    key_strength: 0.791308403015
    tuning_diatonic_strength: 0.604894816875
    tuning_equal_tempered_deviation: 0.024821896106
    tuning_frequency: 439.491973877
    tuning_nontempered_energy_ratio: 0.581431746483
    hpcp:
        dmean: [0.0345321036875, 0.126371234655, 0.0261574722826, 0.0044619217515, 0.00842906162143, 0.0232557859272, 0.0230024755001, 0.0242669284344, 0.0139178112149, 0.00479888357222, 0.00396799016744, 0.0128313852474, 0.0174653530121, 0.0159579515457, 0.0960036590695, 0.112649612129, 0.0817793309689, 0.0168823134154, 0.00368732283823, 0.00818859040737, 0.0308848619461, 0.032630354166, 0.0259136334062, 0.00843378156424, 0.000995356356725, 0.0149621311575, 0.0850942656398, 0.103514835238, 0.0429898798466, 0.00386140192859, 0.00258432677947, 0.00526489410549, 0.0117287589237, 0.0112985624, 0.022446654737, 0.105546787381]
        dmean2: [0.051371421665, 0.162981450558, 0.042457908392, 0.00647993152961, 0.0134957609698, 0.0345443114638, 0.0349147096276, 0.0362250395119, 0.0191401615739, 0.00659458478913, 0.00618418678641, 0.0204801801592, 0.0290653128177, 0.0272848103195, 0.123624458909, 0.1480101794, 0.104606941342, 0.0279237106442, 0.00633685290813, 0.0126070948318, 0.0355058684945, 0.0457419753075, 0.0368159897625, 0.0139252189547, 0.00154639699031, 0.0233807899058, 0.107360161841, 0.12914249301, 0.0565373487771, 0.00576939992607, 0.00353123107925, 0.00858308281749, 0.016434982419, 0.0191533062607, 0.0405927598476, 0.151857063174]
        dvar: [0.00782841164619, 0.0131202749908, 0.00174142292235, 6.83422622387e-05, 0.00212096143514, 0.00844771787524, 0.00681427121162, 0.00764823472127, 0.00149910605978, 7.8768171079e-05, 0.000153045373736, 0.000367947854102, 0.000581176544074, 0.00104932510294, 0.0106552196667, 0.0112227434292, 0.00963791832328, 0.000981836696155, 0.000252123136306, 0.000762839685194, 0.00661471253261, 0.00556348077953, 0.00278285774402, 0.000631762086414, 4.21197682954e-06, 0.000564350979403, 0.00967346783727, 0.0149785624817, 0.00239441590384, 9.62138874456e-05, 4.77769317513e-05, 0.000281883665593, 0.00131509709172, 0.000997883616947, 0.00303079281002, 0.00947476737201]
        dvar2: [0.0156850889325, 0.0187590364367, 0.00361842638813, 0.000124538593809, 0.00409320741892, 0.0134343765676, 0.0192693602294, 0.0179149322212, 0.00325293070637, 0.00014528320753, 0.000273296987871, 0.000865835987497, 0.00130688527133, 0.00195475923829, 0.0170527175069, 0.0202525183558, 0.0175038911402, 0.00241838721558, 0.000759209797252, 0.00181910803076, 0.00984829105437, 0.0110204545781, 0.00591379171237, 0.00167090748437, 9.45108513406e-06, 0.00163530767895, 0.0241863485426, 0.0268844589591, 0.00417490303516, 0.000204603522434, 6.26902328804e-05, 0.00056753231911, 0.00236823316664, 0.00296058622189, 0.00919535662979, 0.0152263231575]
        max: [1, 0.964745819569, 0.22211818397, 0.0753581151366, 0.52099609375, 1, 0.877634227276, 1, 0.33380317688, 0.138158082962, 0.177263885736, 0.231125846505, 0.260983973742, 0.226650893688, 0.983289062977, 1, 1, 0.222156703472, 0.147257953882, 0.248897761106, 0.87475001812, 1, 0.481023132801, 0.178895309567, 0.0197637118399, 0.187254056334, 0.936454832554, 1, 0.47812795639, 0.145207732916, 0.123863868415, 0.15406139195, 0.336976379156, 0.319700598717, 0.437020480633, 0.822799503803]
        mean: [0.954804182053, 0.515939414501, 0.0316395834088, 0.0108657646924, 0.0127032594755, 0.0334859639406, 0.0598490051925, 0.0513761974871, 0.023582695052, 0.0112730162218, 0.00742807658389, 0.0332057401538, 0.047504235059, 0.0307154543698, 0.250458419323, 0.498361080885, 0.275978535414, 0.0178806949407, 0.00402312446386, 0.00939170271158, 0.0509392879903, 0.0945809930563, 0.0584525354207, 0.00827805604786, 0.001584042795, 0.0214440263808, 0.229286536574, 0.313312828541, 0.109128892422, 0.00920126866549, 0.00740551156923, 0.00802492164075, 0.018378296867, 0.0228425879031, 0.0256058089435, 0.478572279215]
        min: [0.078996822238, 0.100130878389, 0.000312760879751, 0.00029790593544, 0.000147432801896, 0, 2.0317183953e-06, 0.000364621722838, 0.000967503001448, 0.000434615125414, 0.000260052591329, 0.000738151662517, 0.00134203315247, 0.000544548907783, 0.0417697951198, 0.102298088372, 0.0562846474349, 0.000100877485238, 0, 0.000134504036396, 0.000904465501662, 0.00204805540852, 0.0015424513258, 0.000142439414049, 6.21358267381e-05, 0.000201790811843, 0.00626827171072, 0.00744336703792, 0.00111321080476, 0.000104593884316, 0.000125109130749, 0.000148448845721, 0.000268986623269, 0.000221829017391, 0.000686924497131, 0.0581984445453]
        var: [0.0189314857125, 0.0255802422762, 0.00201058527455, 0.000255582737736, 0.00280606141314, 0.0152937928215, 0.0274058133364, 0.02049459517, 0.00210817717016, 0.00026250971132, 0.000433674722444, 0.00160612538457, 0.00292237964459, 0.00174818222877, 0.0303609464318, 0.0623144097626, 0.0251045804471, 0.000918326433748, 0.000192075487575, 0.000661341415253, 0.0136078717187, 0.0276976693422, 0.00943599361926, 0.000535473984201, 8.48615036375e-06, 0.000805776682682, 0.0373546555638, 0.0679609626532, 0.00876509677619, 0.000357569602784, 0.000299374485621, 0.000420670112362, 0.00269255903549, 0.0034755023662, 0.00301456730813, 0.0174391530454]
    chords_histogram: [100, 0, 0, 0, 0, 0, 0, 0, 0, 0, 0, 0, 0, 0, 0, 0, 0, 0, 0, 0, 0, 0, 0, 0]
    thpcp: [1, 0.540361523628, 0.0331372469664, 0.0113800978288, 0.0133045706898, 0.0350710265338, 0.0626819655299, 0.0538080967963, 0.0246989857405, 0.0118066268042, 0.00777968578041, 0.0347775407135, 0.0497528575361, 0.0321693755686, 0.262313902378, 0.521951079369, 0.289042025805, 0.0187270808965, 0.00421355990693, 0.00983626022935, 0.053350508213, 0.0990580022335, 0.0612193979323, 0.00866989884526, 0.0016590236919, 0.0224590823054, 0.240139856935, 0.328143537045, 0.114294528961, 0.00963681191206, 0.00775605253875, 0.00840478297323, 0.0192482359707, 0.0239238459617, 0.0268178638071, 0.501225590706]
    chords_key: "D"
    chords_scale: "major"
    key_key: "D"
    key_scale: "major"
    chords_progression: ["D", "D", "D", "D", "D", "D", "D", "D", "D", "D", "D", "D", "D", "D", "D", "D", "D", "D", "D", "D", "D", "D", "D", "D", "D", "D", "D", "D", "D", "D", "D", "D", "D", "D", "D", "D", "D", "D", "D", "D", "D", "D", "D", "D", "D", "D", "D", "D", "D", "D", "D", "D", "D", "D", "D", "D", "D", "D", "D", "D", "D", "D", "D", "D", "D", "D", "D", "D", "D", "D", "D", "D", "D", "D", "D", "D", "D", "D", "D", "D", "D", "D", "D", "D", "D", "D", "D", "D", "D", "D", "D", "D", "D", "D", "D", "D", "D", "D", "D", "D", "D", "D", "D", "D", "D", "D", "D", "D", "D", "D", "D", "D", "D", "D", "D", "D", "D", "D", "D", "D", "D", "D", "D", "D", "D", "D", "D", "D", "D", "D", "D", "D", "D", "D", "D", "D", "D", "D", "D", "D", "D", "D", "D", "D", "D", "D", "D", "D", "D", "D", "D", "D", "D", "D", "D", "D", "D", "D", "D", "D", "D", "D", "D", "D", "D"]
