
metadata:
    version:
        essentia: "1.2.2"
    audio_properties:
        analysis_sample_rate: 44100
        bitrate: 128
        channels: 2
        equal_loudness: 1
        length: 10.187754631
        replay_gain: -7.13475990295
        downmix: "mix"
    tags:
        track: 7
        year: 0
        album: "Splitted by Mp3Splt v. 2.1"
        artist: "From 001.00 To 001.10"
        comment: "http://mp3splt.sf.net"
        genre: ""
        title: "12 The Beauty of Being Numb Se"

highlevel:
    ballroom:
        all:
            ChaChaCha: 0.0307243745774
            Jive: 0.00840671081096
            Quickstep: 0.0284705646336
            Rumba-American: 0.00888929609209
            Rumba-International: 0.220818594098
            Rumba-Misc: 0.147551476955
            Samba: 0.0120587283745
            Tango: 0.149156302214
            VienneseWaltz: 0.098317079246
            Waltz: 0.29560688138
        probability: 0.29560688138
        value: "Waltz"
    culture:
        all:
            non_western: 0.437540322542
            western: 0.56245970726
        probability: 0.56245970726
        value: "western"
    gender:
        all:
            female: 0.688491404057
            male: 0.311508595943
        probability: 0.688491404057
        value: "female"
    genre_dortmund:
        all:
            alternative: 0.0862081795931
            blues: 0.0118598975241
            electronic: 0.205751702189
            folkcountry: 0.0266607869416
            funksoulrnb: 0.0863923877478
            jazz: 0.402617037296
            pop: 0.0372097119689
            raphiphop: 0.0145032191649
            rock: 0.128797084093
        probability: 0.402617037296
        value: "jazz"
    genre_electronica:
        all:
            ambient: 0.975683391094
            dnb: 0.00503324717283
            house: 0.0101315258071
            techno: 0.00589317828417
            trance: 0.00325867300853
        probability: 0.975683391094
        value: "ambient"
    genre_rosamerica:
        all:
            cla: 0.366032928228
            dan: 0.0380690768361
            hip: 0.0890833958983
            jaz: 0.161138296127
            pop: 0.0475151203573
            rhy: 0.076643191278
            roc: 0.197394922376
            spe: 0.0241230595857
        probability: 0.366032928228
        value: "cla"
    genre_tzanetakis:
        all:
            blu: 0.0692015513778
            cla: 0.463055044413
            cou: 0.0843527764082
            dis: 0.0224981177598
            hip: 0.0333514846861
            jaz: 0.15413634479
            met: 0.0146009502932
            pop: 0.0400030128658
            reg: 0.0621669813991
            roc: 0.0566337481141
        probability: 0.463055044413
        value: "cla"
    live_studio:
        all:
            live: 0.786665558815
            studio: 0.213334456086
        probability: 0.786665558815
        value: "live"
    mood:
        all:
            Cluster1: 0.279563128948
            Cluster2: 0.0654159337282
            Cluster3: 0.475165694952
            Cluster4: 0.0741124898195
            Cluster5: 0.105742745101
        probability: 0.475165694952
        value: "Cluster3"
    mood_acoustic:
        all:
            acoustic: 0.590333580971
            not_acoustic: 0.409666389227
        probability: 0.590333580971
        value: "acoustic"
    mood_aggressive:
        all:
            aggressive: 0.0377603210509
            not_aggressive: 0.962239682674
        probability: 0.962239682674
        value: "not_aggressive"
    mood_electronic:
        all:
            electronic: 0.572900056839
            not_electronic: 0.427099913359
        probability: 0.572900056839
        value: "electronic"
    mood_happy:
        all:
            happy: 0.0380254052579
            not_happy: 0.961974620819
        probability: 0.961974620819
        value: "not_happy"
    mood_party:
        all:
            not_party: 0.924817800522
            party: 0.0751821994781
        probability: 0.924817800522
        value: "not_party"
    mood_relaxed:
        all:
            not_relaxed: 0.104354955256
            relaxed: 0.895645022392
        probability: 0.895645022392
        value: "relaxed"
    mood_sad:
        all:
            not_sad: 0.134114697576
            sad: 0.865885317326
        probability: 0.865885317326
        value: "sad"
    rhythm:
        all:
            fast: 0.0871619731188
            medium: 0.332342594862
            slow: 0.580495417118
        probability: 0.580495417118
        value: "slow"
    speech_music:
        all:
            music: 0.329129189253
            speech: 0.670870780945
        probability: 0.670870780945
        value: "speech"
    timbre:
        all:
            bright: 0.00943438708782
            dark: 0.990565598011
        probability: 0.990565598011
        value: "dark"
    voice_instrumental:
        all:
            instrumental: 0.99998319149
            voice: 1.68193691934e-05
        probability: 0.99998319149
        value: "instrumental"

lowlevel:
    average_loudness: 0.98222309351
    barkbands_kurtosis:
        dmean: 2.36287736893
        dmean2: 3.95417165756
        dvar: 6.76504182816
        dvar2: 19.7440700531
        max: 28.520778656
        mean: 4.23182821274
        min: -1.10245466232
        var: 13.2033634186
    barkbands_skewness:
        dmean: 0.454282253981
        dmean2: 0.752138376236
        dvar: 0.187084749341
        dvar2: 0.539215028286
        max: 4.13903856277
        mean: 1.24737262726
        min: -1.77552807331
        var: 0.595752477646
    barkbands_spread:
        dmean: 1.62982773781
        dmean2: 2.64929223061
        dvar: 3.58967328072
        dvar2: 8.85641098022
        max: 23.6081638336
        mean: 5.73287582397
        min: 1.63753640652
        var: 10.1302747726
    dissonance:
        dmean: 0.0478892736137
        dmean2: 0.083132468164
        dvar: 0.001912533422
        dvar2: 0.00493262242526
        max: 0.497163176537
        mean: 0.405092269182
        min: 0.170484378934
        var: 0.0038100189995
    hfc:
        dmean: 0.501388549805
        dmean2: 0.722831130028
        dvar: 0.754083037376
        dvar2: 1.39058673382
        max: 8.84326267242
        mean: 1.04075241089
        min: 0.0128231002018
        var: 1.63773703575
    pitch:
        dmean: 72.9370193481
        dmean2: 129.36831665
        dvar: 8697.34960938
        dvar2: 20762.0292969
        max: 980
        mean: 190.927642822
        min: 45.1381797791
        var: 12218.8554688
    pitch_instantaneous_confidence:
        dmean: 0.087107591331
        dmean2: 0.139215856791
        dvar: 0.00535649666563
        dvar2: 0.0150128696114
        max: 0.810140132904
        mean: 0.387332856655
        min: 0.145575642586
        var: 0.014973952435
    pitch_salience:
        dmean: 0.0601004958153
        dmean2: 0.101980224252
        dvar: 0.00242380518466
        dvar2: 0.007000063546
        max: 0.849083960056
        mean: 0.702089607716
        min: 0.412768512964
        var: 0.00514834281057
    silence_rate_20dB:
        dmean: 0
        dmean2: 0
        dvar: 0
        dvar2: 0
        max: 1
        mean: 1
        min: 1
        var: 0
    silence_rate_30dB:
        dmean: 0
        dmean2: 0
        dvar: 0
        dvar2: 0
        max: 1
        mean: 1
        min: 1
        var: 0
    silence_rate_60dB:
        dmean: 0.12300683558
        dmean2: 0.244292244315
        dvar: 0.107875779271
        dvar2: 0.207443401217
        max: 1
        mean: 0.763636350632
        min: 0
        var: 0.180495962501
    spectral_centroid:
        dmean: 53.8734436035
        dmean2: 89.0901870728
        dvar: 4075.02392578
        dvar2: 11029.9375
        max: 750.99041748
        mean: 365.252410889
        min: 198.568252563
        var: 8432.8359375
    spectral_complexity:
        dmean: 1.56164383888
        dmean2: 2.45308923721
        dvar: 3.10007071495
        dvar2: 6.4949426651
        max: 16
        mean: 5.92027330399
        min: 0
        var: 9.31256008148
    spectral_crest:
        dmean: 2.29181885719
        dmean2: 3.85035157204
        dvar: 4.4247508049
        dvar2: 13.1078920364
        max: 20.1537246704
        mean: 10.3778085709
        min: 3.85779929161
        var: 9.74531745911
    spectral_decrease:
        dmean: 3.07265907162e-10
        dmean2: 4.49967840765e-10
        dvar: 3.04897196974e-19
        dvar2: 5.54924195195e-19
        max: -1.07178215955e-11
        mean: -6.72084221609e-10
        min: -5.70638558628e-09
        var: 6.76300955968e-19
    spectral_energy:
        dmean: 0.00120143941604
        dmean2: 0.00175842759199
        dvar: 4.6517852752e-06
        dvar2: 8.43558063934e-06
        max: 0.0220846999437
        mean: 0.00263099814765
        min: 4.1614552174e-05
        var: 1.03434558696e-05
    spectral_energyband_high:
        dmean: 1.10216512894e-06
        dmean2: 1.8320503159e-06
        dvar: 4.55400777852e-12
        dvar2: 1.14909306029e-11
        max: 1.59567898663e-05
        mean: 2.0454249352e-06
        min: 6.7529351e-09
        var: 8.74241824766e-12
    spectral_energyband_low:
        dmean: 0.000236470092204
        dmean2: 0.000403130688937
        dvar: 2.76996928505e-07
        dvar2: 6.6415668698e-07
        max: 0.00818657130003
        mean: 0.000325981120113
        min: 3.81757990908e-06
        var: 3.99252769512e-07
    spectral_energyband_middle_high:
        dmean: 0.000116962895845
        dmean2: 0.0001815361029
        dvar: 4.67603022969e-08
        dvar2: 1.12700497823e-07
        max: 0.0023717849981
        mean: 0.000186014425708
        min: 3.9145794517e-07
        var: 6.6910935459e-08
    spectral_energyband_middle_low:
        dmean: 0.00101145682856
        dmean2: 0.00149104464799
        dvar: 3.46932461071e-06
        dvar2: 6.72223450238e-06
        max: 0.0196528173983
        mean: 0.0021165763028
        min: 1.74636879819e-05
        var: 6.99088468537e-06
    spectral_flatness_db:
        dmean: 0.0215982459486
        dmean2: 0.0331577211618
        dvar: 0.000497539003845
        dvar2: 0.000941135978792
        max: 0.427953958511
        mean: 0.299136787653
        min: 0.0639987811446
        var: 0.00347217917442
    spectral_flux:
        dmean: 0.00764752645046
        dmean2: 0.0111587699503
        dvar: 0.000127317965962
        dvar2: 0.000232447666349
        max: 0.107079230249
        mean: 0.0257451348007
        min: 0.00202037487179
        var: 0.000412096327636
    spectral_kurtosis:
        dmean: 14.1068458557
        dmean2: 24.415063858
        dvar: 203.828475952
        dvar2: 523.893676758
        max: 163.298553467
        mean: 47.6501655579
        min: 2.77742338181
        var: 1065.33959961
    spectral_rms:
        dmean: 0.000303556007566
        dmean2: 0.000432042201282
        dvar: 1.74754262616e-07
        dvar2: 2.79190572883e-07
        max: 0.00464177224785
        mean: 0.00140488659963
        min: 0.00020149332704
        var: 5.93118159031e-07
    spectral_rolloff:
        dmean: 114.696060181
        dmean2: 199.071121216
        dvar: 23431.9882812
        dvar2: 66806.7265625
        max: 1442.72460938
        mean: 546.079528809
        min: 258.3984375
        var: 33400.8242188
    spectral_skewness:
        dmean: 0.841088235378
        dmean2: 1.42693841457
        dvar: 0.748071730137
        dvar2: 1.74482476711
        max: 10.8338470459
        mean: 5.20208740234
        min: 1.8535541296
        var: 4.60072851181
    spectral_spread:
        dmean: 298920.40625
        dmean2: 464010.9375
        dvar: 1.33953395098e+12
        dvar2: 1.28552284979e+12
        max: 26629224
        mean: 1559726.625
        min: 588137.3125
        var: 1.62946403533e+12
    spectral_strongpeak:
        dmean: 0.109753534198
        dmean2: 0.189816966653
        dvar: 0.0285181514919
        dvar2: 0.0825837254524
        max: 1.71758818626
        mean: 0.168497473001
        min: 0.00574548589066
        var: 0.0289446525276
    zerocrossingrate:
        dmean: 0.00273682759143
        dmean2: 0.00366155081429
        dvar: 7.40658060749e-06
        dvar2: 1.09231950773e-05
        max: 0.04150390625
        mean: 0.0204477496445
        min: 0.0087890625
        var: 4.15974791395e-05
    barkbands:
        dmean: [2.46376998803e-06, 0.000102555197373, 0.000157049420523, 0.000182212068466, 0.000425485341111, 0.000342217856087, 0.000261442823103, 0.000166167141288, 0.000109199099825, 3.944373384e-05, 2.49225067819e-05, 2.24322611757e-05, 2.78045481537e-05, 1.27821576825e-05, 6.34825255474e-06, 7.18465935279e-06, 6.69369183015e-06, 4.6790801207e-06, 2.2991359856e-06, 1.46532488543e-06, 5.65199798075e-07, 1.35971859549e-07, 2.78683440769e-08, 3.90832388675e-09, 2.34809460764e-09, 9.55945433923e-10, 9.83288672707e-10]
        dmean2: [4.1747330215e-06, 0.000164255267009, 0.000279738829704, 0.000312840536935, 0.000702574092429, 0.000541664019693, 0.000422260753112, 0.000278567691566, 0.000170996208908, 6.48049608571e-05, 3.83059486921e-05, 3.45050866599e-05, 4.99471461808e-05, 2.12929662666e-05, 1.08633885247e-05, 1.20307076941e-05, 1.12716470539e-05, 8.06323077995e-06, 3.92025867768e-06, 2.45804471888e-06, 9.55293330662e-07, 2.21968619485e-07, 4.9004238889e-08, 5.38401190298e-09, 3.46922934824e-09, 1.03860986478e-09, 1.05527675487e-09]
        dvar: [2.38521112583e-11, 3.33796528196e-08, 1.42423232319e-07, 1.44614901387e-07, 8.47433284434e-07, 9.38529979067e-07, 4.34544205064e-07, 3.10793183189e-07, 7.1162162385e-08, 9.35891097953e-09, 2.13432471696e-09, 2.05850514412e-09, 1.2439461905e-08, 8.61191895574e-10, 1.5425107025e-10, 2.78418954558e-10, 3.44235445704e-10, 1.12168371813e-10, 2.54090012919e-11, 9.46107341776e-12, 1.04839422733e-12, 9.02089140149e-14, 3.69665125808e-15, 4.22238645017e-16, 3.11687451692e-16, 2.9010086997e-16, 3.29591716493e-16]
        dvar2: [6.20204859691e-11, 6.85894363528e-08, 3.75615201165e-07, 3.84806412512e-07, 2.32378238252e-06, 1.91144590644e-06, 9.80272716333e-07, 8.6577614411e-07, 1.54200179736e-07, 2.32768169184e-08, 4.31349667096e-09, 4.97357177665e-09, 3.55635485505e-08, 2.28022578597e-09, 4.21856355404e-10, 7.3664990774e-10, 9.22536214087e-10, 3.12474879305e-10, 7.17355758129e-11, 2.51949728441e-11, 2.69520343543e-12, 2.29851294248e-13, 1.06022055217e-14, 5.91856648597e-16, 3.63103648609e-16, 2.81943201535e-16, 3.20048910961e-16]
        max: [4.1151077312e-05, 0.00302002439275, 0.00514678005129, 0.00384441576898, 0.0110471248627, 0.0136153483763, 0.00819525960833, 0.00647160504013, 0.00216252962127, 0.00152799056377, 0.000594240438659, 0.000371072877897, 0.00152643991169, 0.000230416510021, 0.000102254445665, 0.0001599646057, 0.00017958979879, 9.41281105042e-05, 3.56540440407e-05, 2.74448757409e-05, 6.85313352733e-06, 2.6052607609e-06, 4.27051247698e-07, 3.81128131721e-07, 3.65954804238e-07, 3.62939033494e-07, 3.86676731523e-07]
        mean: [2.67740779236e-06, 0.000142447272083, 0.000181240277016, 0.000194219726836, 0.000725785270333, 0.000521096284501, 0.000324482331052, 0.000190898543224, 0.000144039935549, 5.68472169107e-05, 4.08727937611e-05, 2.751352622e-05, 2.35089282796e-05, 1.41418067869e-05, 8.40608299768e-06, 1.0781290257e-05, 9.24788218981e-06, 6.62881848257e-06, 2.78869970316e-06, 2.0830284484e-06, 8.82527729118e-07, 3.53409404852e-07, 4.41026450915e-08, 7.70308261622e-09, 4.05961753103e-09, 1.09143516447e-09, 9.77468661567e-10]
        min: [2.21904664782e-11, 1.79082826435e-06, 1.00070133158e-06, 2.11262488392e-07, 8.22184665594e-06, 2.29207330449e-06, 3.03749374098e-07, 3.26285686469e-07, 7.49713933601e-07, 2.13253485981e-07, 5.38070885625e-08, 4.13093594887e-08, 1.65949920472e-08, 4.30487778758e-09, 2.82758305659e-09, 2.22762963631e-09, 2.91342394654e-09, 3.61010443761e-09, 4.46382841801e-09, 3.43795725222e-09, 2.50347653719e-09, 6.98446134262e-10, 4.0569247961e-10, 4.34188296428e-10, 2.517573372e-10, 1.19777044186e-11, 1.74714479063e-15]
        var: [3.14594565676e-11, 6.50569376148e-08, 1.58481512358e-07, 1.45357219594e-07, 7.87667602253e-07, 1.1694199884e-06, 5.77820628678e-07, 2.43721757442e-07, 8.36202858068e-08, 1.14956941744e-08, 4.94622343084e-09, 2.71838773713e-09, 8.1684197184e-09, 9.95915794277e-10, 1.86546861292e-10, 3.85787568558e-10, 3.65132368785e-10, 1.20378734758e-10, 2.50988882455e-11, 1.10680492549e-11, 1.78323588534e-12, 4.19346008656e-13, 6.87258901183e-15, 4.5509513245e-16, 3.17679812747e-16, 2.99113671106e-16, 3.39770802588e-16]
    mfcc:
        mean: [-910.733337402, 251.298522949, -6.61269378662, 38.0351257324, -24.484872818, -5.16209220886, -1.92907178402, -8.87727642059, -0.709300458431, -9.01164913177, -4.95547628403, -5.22809076309, -4.85684776306]
        cov: [[8901.53320312, -882.004699707, -3633.23706055, 1137.39416504, 258.94644165, 270.40133667, -721.532653809, 195.989898682, 124.725021362, -238.164733887, 346.54385376, -162.027984619, 308.152587891], [-882.004699707, 362.817840576, 490.363739014, -252.491317749, -80.0059509277, -36.1360473633, 136.656051636, -17.6278381348, -80.1287689209, 57.4786491394, -75.1039962769, 29.8571033478, -59.4377822876], [-3633.23706055, 490.363739014, 1891.03869629, -571.938049316, -168.154602051, -91.167427063, 288.391815186, -51.571105957, -88.8249359131, 177.163131714, -129.427337646, 131.592437744, -122.797035217], [1137.39416504, -252.491317749, -571.938049316, 388.033172607, 79.2142105103, 13.6419391632, -189.42149353, -5.95563364029, 176.334640503, -127.593208313, 39.2791671753, -17.0385513306, 77.5377731323], [258.94644165, -80.0059509277, -168.154602051, 79.2142105103, 112.352363586, 10.8423776627, -3.05636000633, 29.9645500183, 3.59950971603, -14.4400444031, 8.96688842773, -35.2734260559, 1.90012669563], [270.40133667, -36.1360473633, -91.167427063, 13.6419391632, 10.8423776627, 104.098960876, -4.5211057663, 1.23440790176, -20.4190998077, 11.8594808578, 31.4028701782, -14.0262546539, -2.90314030647], [-721.532653809, 136.656051636, 288.391815186, -189.42149353, -3.05636000633, -4.5211057663, 221.411621094, 15.5112371445, -154.894989014, 85.2055511475, -37.2711296082, -25.2922458649, -73.7206192017], [195.989898682, -17.6278381348, -51.571105957, -5.95563364029, 29.9645500183, 1.23440790176, 15.5112371445, 91.8954467773, -23.0287780762, 21.3039264679, 6.73996400833, -9.4077501297, -2.78203201294], [124.725021362, -80.1287689209, -88.8249359131, 176.334640503, 3.59950971603, -20.4190998077, -154.894989014, -23.0287780762, 269.083892822, -117.348884583, -22.606962204, 41.9338417053, 53.1966934204], [-238.164733887, 57.4786491394, 177.163131714, -127.593208313, -14.4400444031, 11.8594808578, 85.2055511475, 21.3039264679, -117.348884583, 121.964546204, 20.9337615967, 4.74273443222, -31.2915019989], [346.54385376, -75.1039962769, -129.427337646, 39.2791671753, 8.96688842773, 31.4028701782, -37.2711296082, 6.73996400833, -22.606962204, 20.9337615967, 85.1441192627, -8.02764034271, 24.9630565643], [-162.027984619, 29.8571033478, 131.592437744, -17.0385513306, -35.2734260559, -14.0262546539, -25.2922458649, -9.4077501297, 41.9338417053, 4.74273443222, -8.02764034271, 71.6677932739, 10.7122240067], [308.152587891, -59.4377822876, -122.797035217, 77.5377731323, 1.90012669563, -2.90314030647, -73.7206192017, -2.78203201294, 53.1966934204, -31.2915019989, 24.9630565643, 10.7122240067, 65.4683074951]]
        icov: [[0.000977115589194, -0.000905019463971, 0.00168826268055, -0.000936806609388, 0.000413168978412, -0.00101319770329, 0.0015963120386, -0.00137762632221, 0.000951061199885, -0.00102686753962, -3.14149001497e-05, -0.000752615043893, -0.000591105141211], [-0.000905019463971, 0.00735257379711, -0.00191833102144, 0.0035993847996, 0.00127293972764, 0.0012872525258, -0.00235998397693, 0.00170225661714, -0.000653140014037, 0.00173350796103, 0.00301009300165, 3.56834534614e-05, 0.000714716385119], [0.00168826268055, -0.00191833102144, 0.00437318533659, -1.37082824949e-05, 0.000673459901009, -0.00124600483105, 0.0017754107248, -0.00162275647745, 0.000247610267252, -0.00277638342232, 8.48479685374e-05, -0.00275947665796, -0.000722808938008], [-0.000936806609388, 0.0035993847996, -1.37082824949e-05, 0.0115622580051, -0.0036288308911, 0.0014552535722, -0.000158905255375, 0.00279567204416, -0.00416985759512, 0.00355242518708, -0.000580661580898, 0.000204356125323, -0.000658391974866], [0.000413168978412, 0.00127293972764, 0.000673459901009, -0.0036288308911, 0.0147542096674, -0.00067471479997, -0.0016178129008, -0.00439829798415, 0.000110472923552, -0.000877236074302, 0.000900083163287, 0.0042672874406, 0.000754687818699], [-0.00101319770329, 0.0012872525258, -0.00124600483105, 0.0014552535722, -0.00067471479997, 0.0125769330189, -0.00166565657128, 0.00225272541866, -0.00136811973061, 0.000376362324459, -0.00405685836449, 0.00147636746988, 0.00327134574763], [0.0015963120386, -0.00235998397693, 0.0017754107248, -0.000158905255375, -0.0016178129008, -0.00166565657128, 0.0169743802398, -0.00272034993395, 0.0063100438565, -0.00365183176473, 0.00424156105146, 0.00223567080684, 0.00397768802941], [-0.00137762632221, 0.00170225661714, -0.00162275647745, 0.00279567204416, -0.00439829798415, 0.00225272541866, -0.00272034993395, 0.0151948528364, -0.00210075289942, -0.00182806747034, 0.000523985072505, 0.000535490456969, 3.07807567879e-05], [0.000951061199885, -0.000653140014037, 0.000247610267252, -0.00416985759512, 0.000110472923552, -0.00136811973061, 0.0063100438565, -0.00210075289942, 0.0126209771261, 0.00501979747787, 0.00329029816203, -0.00447094999254, -0.00109321589116], [-0.00102686753962, 0.00173350796103, -0.00277638342232, 0.00355242518708, -0.000877236074302, 0.000376362324459, -0.00365183176473, -0.00182806747034, 0.00501979747787, 0.0230106711388, -0.0074158385396, -0.00478311767802, 0.00337429041974], [-3.14149001497e-05, 0.00301009300165, 8.48479685374e-05, -0.000580661580898, 0.000900083163287, -0.00405685836449, 0.00424156105146, 0.000523985072505, 0.00329029816203, -0.0074158385396, 0.0230533685535, 0.00178702850826, -0.00698070367798], [-0.000752615043893, 3.56834534614e-05, -0.00275947665796, 0.000204356125323, 0.0042672874406, 0.00147636746988, 0.00223567080684, 0.000535490456969, -0.00447094999254, -0.00478311767802, 0.00178702850826, 0.0241286512464, -0.00264386739582], [-0.000591105141211, 0.000714716385119, -0.000722808938008, -0.000658391974866, 0.000754687818699, 0.00327134574763, 0.00397768802941, 3.07807567879e-05, -0.00109321589116, 0.00337429041974, -0.00698070367798, -0.00264386739582, 0.0283287167549]]
    spectral_contrast:
        mean: [1.50547549538e-07, 3.50465811927e-09, -1.12955213183e-07, 4.72908197935e-07, 1.19820271038e-07, 2.53964657304e-07, 1.78623849934e-06, 1.40987390296e-06, -1.456783707e-06, 4.55113365661e-07, 4.9177906476e-06, -2.00836416298e-06]
        var: [0.000470036175102, 0.000651261943858, 0.00111196748912, 0.00177946779877, 0.00252375588752, 0.0035393461585, 0.0478638894856, 0.0558562576771, 0.113920584321, 0.217446386814, 0.4019972682, 5.2106628418]

rhythm:
    beats_loudness:
        dmean: 0.00375458667986
        dmean2: 0.00650867819786
        dvar: 1.81356772373e-05
        dvar2: 5.62367240491e-05
        max: 0.0158942658454
        mean: 0.00399256264791
        min: 0.000377930700779
        var: 1.32024078994e-05
    beats_loudness_bass:
        dmean: 0.131941139698
        dmean2: 0.260330528021
        dvar: 0.010259218514
        dvar2: 0.0292810145766
        max: 0.42257168889
        mean: 0.145695909858
        min: 0.0143504822627
        var: 0.0114714782685
    bpm: 88.6535949707
    bpm_confidence: 0
    first_peak_bpm: 178
    first_peak_spread: 0
    first_peak_weight: 0.550000011921
    onset_rate: 2.06129813194
    second_peak_bpm: 89
    second_peak_spread: 0
    second_peak_weight: 0.40000000596
    beats_position: [0.113642200828, 0.790436148643, 1.46722996235, 2.14402389526, 2.82081770897, 3.49761152267, 4.1744055748, 4.85119915009, 5.52799320221, 6.05267572403, 6.38970422745, 6.7267332077, 7.06376266479, 7.40079116821, 7.73782014847, 8.0748500824, 8.41187858582, 8.74890708923, 9.08593559265, 9.42296504974, 9.75999355316]
    bpm_estimates: [88.7495040894, 88.6422271729, 88.3898391724, 88.8328094482]
    bpm_intervals: [0.676793932915, 0.676793813705, 0.676793932915, 0.676793813705, 0.676793813705, 0.676794052124, 0.676793575287, 0.676794052124, 0.52468252182, 0.337028503418, 0.337028980255, 0.337029457092, 0.337028503418, 0.337028980255, 0.337029933929, 0.337028503418, 0.337028503418, 0.337028503418, 0.337029457092, 0.337028503418]
    onset_times: [0.0464399084449, 0.592108845711, 1.27709746361, 1.95047616959, 2.29877543449, 2.97215414047, 3.30884361267, 3.99383211136, 4.33052158356, 4.67882108688, 5.02712011337, 5.35219955444, 6.03718805313, 6.72217702866, 7.39555549622, 7.74385499954, 8.4172334671, 8.75392246246, 9.43891143799, 9.77560043335, 10.1122903824]
    rubato_start: [6.38970422745]
    rubato_stop: [9.75999355316]
    perceptual_tempo: "unknown"

sfx:
    inharmonicity:
        dmean: 0.0151415718719
        dmean2: 0.0281320549548
        dvar: 0.0006857838016
        dvar2: 0.0018677994376
        max: 0.194855868816
        mean: 0.0112848402932
        min: 2.15484888599e-07
        var: 0.00052585353842
    oddtoevenharmonicenergyratio:
        dmean: 1.6962518692
        dmean2: 3.30635356903
        dvar: 64.7984619141
        dvar2: 193.102676392
        max: 107.197380066
        mean: 0.965124964714
        min: 2.98955183098e-06
        var: 33.235824585
    pitch_after_max_to_before_max_energy_ratio: 22.2481651306
    pitch_centroid: 212.165237427
    pitch_max_to_total: 0
    pitch_min_to_total: 0.656036436558
    tristimulus:
        dmean: [0.235019743443, 0.233969509602, 0.0164468791336]
        dmean2: [0.428030848503, 0.426019489765, 0.0285066701472]
        dvar: [0.0449895039201, 0.0434133857489, 0.00057764921803]
        dvar2: [0.122007444501, 0.116667538881, 0.00165396707598]
        max: [0.996944606304, 0.967421650887, 0.198455885053]
        mean: [0.692427575588, 0.281985670328, 0.0175819247961]
        min: [0.0325783528388, 0, 0]
        var: [0.0575356259942, 0.0544874854386, 0.000629165384453]

tonal:
    chords_changes_rate: 0.0452488698065
    chords_number_rate: 0.0316742099822
    chords_strength:
        dmean: 0.010272918269
        dmean2: 0.00918711908162
        dvar: 6.73794638715e-05
        dvar2: 6.83162797941e-05
        max: 0.646131455898
        mean: 0.506885588169
        min: 0.307500064373
        var: 0.00624952604994
    key_strength: 0.589163303375
    tuning_diatonic_strength: 0.367424160242
    tuning_equal_tempered_deviation: 0.121144108474
    tuning_frequency: 451.326080322
    tuning_nontempered_energy_ratio: 0.73736000061
    hpcp:
        dmean: [0.0827804505825, 0.0778527110815, 0.134403079748, 0.126633435488, 0.149192929268, 0.125381141901, 0.101435393095, 0.122414968908, 0.0855673030019, 0.104872599244, 0.108367726207, 0.0931649655104, 0.0858038663864, 0.0991750136018, 0.100893519819, 0.104890987277, 0.126584842801, 0.160687416792, 0.137132123113, 0.141984373331, 0.117651887238, 0.107161596417, 0.0933228135109, 0.113629512489, 0.130119040608, 0.145391911268, 0.158415898681, 0.158877179027, 0.197283446789, 0.156038612127, 0.10711043328, 0.14662964642, 0.165642514825, 0.129538759589, 0.159928023815, 0.110979944468]
        dmean2: [0.151323020458, 0.144611120224, 0.234989747405, 0.205070629716, 0.260918974876, 0.219280362129, 0.170442223549, 0.214868664742, 0.151195704937, 0.172379910946, 0.178608626127, 0.159562096, 0.148254185915, 0.175080880523, 0.178586572409, 0.17989821732, 0.206061944366, 0.286342769861, 0.225588202477, 0.254616856575, 0.206281617284, 0.192676126957, 0.158794134855, 0.199647635221, 0.220405384898, 0.252144128084, 0.274829626083, 0.260131686926, 0.340482145548, 0.281631082296, 0.185519322753, 0.264337480068, 0.290585070848, 0.198610499501, 0.27883887291, 0.200148120522]
        dvar: [0.0204287711531, 0.0251625739038, 0.045755404979, 0.0378246046603, 0.0438278354704, 0.0337319038808, 0.0274437367916, 0.0362813100219, 0.0146173434332, 0.0277187693864, 0.0244920086116, 0.0168330874294, 0.0171032361686, 0.0219827778637, 0.0165320020169, 0.0205583311617, 0.0300136785954, 0.0398977920413, 0.0267800334841, 0.0338798612356, 0.0365131758153, 0.0298990681767, 0.0206928625703, 0.0245535094291, 0.0262560304254, 0.0361051596701, 0.0430391095579, 0.0449446029961, 0.0570712611079, 0.0411156453192, 0.0278984196484, 0.0519094392657, 0.0335395410657, 0.0346852689981, 0.0440116114914, 0.027703827247]
        dvar2: [0.0571412332356, 0.074276022613, 0.128787621856, 0.0775862038136, 0.10573182255, 0.0921682938933, 0.0676762238145, 0.103310316801, 0.0443331152201, 0.0781538784504, 0.0616676993668, 0.0430451445282, 0.0481730997562, 0.0624088309705, 0.0447156988084, 0.060385312885, 0.0838998705149, 0.110928490758, 0.0649456754327, 0.0950308814645, 0.103526435792, 0.0822694227099, 0.055409386754, 0.0695122852921, 0.0682561248541, 0.0971131846309, 0.115287348628, 0.110166341066, 0.167337447405, 0.113638401031, 0.0635670647025, 0.133700162172, 0.0838188380003, 0.0713057890534, 0.109669521451, 0.0784318894148]
        max: [0.775094628334, 1, 1, 1, 1, 1, 1, 1, 0.71984487772, 1, 1, 0.849690794945, 1, 1, 0.620904684067, 0.991467297077, 1, 1, 1, 1, 1, 0.950551867485, 0.883486330509, 1, 1, 1, 1, 1, 1, 1, 1, 1, 1, 1, 1, 0.821520328522]
        mean: [0.0685190334916, 0.0652651935816, 0.191176965833, 0.327274411917, 0.2268653512, 0.129314556718, 0.189555987716, 0.156785681844, 0.088358156383, 0.122855328023, 0.123850762844, 0.0959200263023, 0.103751517832, 0.105027928948, 0.100222930312, 0.14095492661, 0.167002692819, 0.212967693806, 0.308884590864, 0.229914009571, 0.104229792953, 0.0946735590696, 0.0940710306168, 0.143967092037, 0.209421023726, 0.178753376007, 0.18681871891, 0.292432695627, 0.245523408055, 0.151685595512, 0.213565737009, 0.226511389017, 0.237145334482, 0.380946844816, 0.298634707928, 0.102347105742]
        min: [0, 7.15738060535e-05, 0.000376086536562, 0.000218517991016, 0.000178400820005, 0.000180230243132, 1.60331564985e-05, 7.20325842849e-05, 0.000404894439271, 0.000262490939349, 0.000158955430379, 0.000538441468962, 2.37764597841e-05, 8.72446471476e-05, 0.000243454356678, 4.66053134005e-05, 1.66685877048e-05, 0.00105766369961, 0.000161118063261, 0.000175787150511, 0.000180000308319, 1.98172456294e-05, 2.34213839576e-05, 0.000479153444758, 7.66398006817e-05, 2.7437645258e-05, 0.00060746492818, 8.28770644148e-05, 0.000270162621746, 0.000358914025128, 4.8870118917e-05, 0.000148919862113, 0.000338639627444, 4.37595517724e-05, 1.16371638796e-05, 0]
        var: [0.0165475010872, 0.0176186207682, 0.0550725497305, 0.134055659175, 0.0690097883344, 0.0334515720606, 0.0954595804214, 0.0624946020544, 0.0140617396683, 0.0364079102874, 0.0302641987801, 0.0175695102662, 0.020971622318, 0.0224875006825, 0.0163527745754, 0.033154796809, 0.0536367706954, 0.0491066165268, 0.0916545167565, 0.0542956218123, 0.0293408539146, 0.025568742305, 0.0203730463982, 0.0293170902878, 0.0506261773407, 0.0444212444127, 0.0474600270391, 0.11944771558, 0.0869232043624, 0.0429626181722, 0.0907905548811, 0.10957325995, 0.0450866781175, 0.156822443008, 0.0932494029403, 0.0247749630362]
    chords_histogram: [0, 9.95475101471, 4.07239818573, 19.004524231, 0, 0, 0, 33.0316734314, 1.80995476246, 0.452488690615, 0.452488690615, 19.004524231, 0, 0, 0, 0, 0, 0, 12.2171945572, 0, 0, 0, 0, 0]
    thpcp: [1, 0.783927500248, 0.2686650455, 0.179865077138, 0.171323627234, 0.501846849918, 0.859107792377, 0.595530211926, 0.339455634356, 0.49759170413, 0.411568403244, 0.231943532825, 0.322499930859, 0.325112968683, 0.25179374218, 0.272351682186, 0.27570232749, 0.263089001179, 0.370012044907, 0.438388437033, 0.559048295021, 0.81083381176, 0.603533029556, 0.273607194424, 0.248521700501, 0.246940046549, 0.377919107676, 0.549738168716, 0.46923443675, 0.490406274796, 0.767646968365, 0.644508302212, 0.398180484772, 0.56061822176, 0.594601035118, 0.622515559196]
    chords_key: "G#"
    chords_scale: "major"
    key_key: "G#"
    key_scale: "minor"
    chords_progression: ["D#m", "D#m", "F#", "F#", "F#", "F#", "Gm", "F#", "F#", "F#", "F#", "F#", "F#", "F#", "F#", "F#", "F#", "F#", "F#", "F#", "F#", "F#", "F#", "F#", "F#", "F#", "F#", "F#", "F#", "F#", "F#", "F#", "F#", "F#", "F#", "F#", "F#", "F#", "F#", "F#", "F#", "F#", "F#", "F#", "F#", "D#m", "D#m", "D#m", "D#m", "D#m", "D#m", "D#m", "G#", "G#", "G#", "G#", "G#", "G#", "G#", "G#", "G#", "G#", "G#", "G#", "G#", "G#", "G#", "G#", "G#", "G#", "G#", "G#", "G#", "G#", "G#", "G#", "G#", "G#", "G#", "G#", "G#", "G#", "G#", "G#", "G#", "G#", "G#", "G#", "G#", "G#", "G#", "G#", "G#", "G#", "G#", "G#", "G#", "G#", "G#", "G#", "G#", "G#", "G#", "G#", "G#", "G#", "G#", "G#", "G#", "G#", "G#", "G#", "G#", "G#", "G#", "G#", "G#", "G#", "G#", "G#", "G#", "G#", "G#", "G#", "G#", "Cm", "Cm", "Cm", "Cm", "D#", "A#", "A#", "A#", "A#", "A#", "A#", "A#", "A#", "A#", "A#", "A#", "A#", "A#", "A#", "A#", "A#", "A#", "A#", "A#", "A#", "A#", "A#", "A#", "A#", "A#", "A#", "A#", "A#", "A#", "A#", "A#", "A#", "A#", "A#", "A#", "A#", "A#", "A#", "A#", "A#", "A#", "A#", "B", "B", "B", "B", "B", "B", "B", "B", "B", "B", "B", "B", "B", "B", "B", "B", "B", "B", "B", "B", "B", "B", "Bm", "Bm", "Bm", "Bm", "Bm", "Bm", "Bm", "Bm", "Bm", "Bm", "Bm", "Bm", "Bm", "Bm", "Bm", "Bm", "Bm", "Bm", "Bm", "Bm", "Bm", "Bm", "Bm", "Bm", "Bm", "Bm", "Bm"]
