
metadata:
    version:
        essentia: "1.2.2"
    audio_properties:
        analysis_sample_rate: 44100
        bitrate: 128
        channels: 2
        equal_loudness: 1
        length: 9.97877597809
        replay_gain: -15.002614975
        downmix: "mix"
    tags:
        track: 22
        year: 0
        album: "Splitted by Mp3Splt v. 2.1"
        artist: "From 003.30 To 003.40"
        comment: "http://mp3splt.sf.net"
        genre: ""
        title: "02 Things Are Getting Better.m"

highlevel:
    ballroom:
        all:
            ChaChaCha: 0.241440102458
            Jive: 0.277524232864
            Quickstep: 0.0577731058002
            Rumba-American: 0.00334766297601
            Rumba-International: 0.0227404590696
            Rumba-Misc: 0.0121978642419
            Samba: 0.376492410898
            Tango: 0.00130228465423
            VienneseWaltz: 0.00525216152892
            Waltz: 0.00192973669618
        probability: 0.376492410898
        value: "Samba"
    culture:
        all:
            non_western: 0.328459233046
            western: 0.671540737152
        probability: 0.671540737152
        value: "western"
    gender:
        all:
            female: 0.0026816027239
            male: 0.997318387032
        probability: 0.997318387032
        value: "male"
    genre_dortmund:
        all:
            alternative: 0.0299845021218
            blues: 0.021455205977
            electronic: 0.017478313297
            folkcountry: 0.0591302402318
            funksoulrnb: 0.102242909372
            jazz: 0.13241609931
            pop: 0.115908496082
            raphiphop: 0.0875382348895
            rock: 0.433846026659
        probability: 0.433846026659
        value: "rock"
    genre_electronica:
        all:
            ambient: 0.083126835525
            dnb: 0.743935286999
            house: 0.0407224185765
            techno: 0.0129891391844
            trance: 0.11922634393
        probability: 0.743935286999
        value: "dnb"
    genre_rosamerica:
        all:
            cla: 0.00977718364447
            dan: 0.118656046689
            hip: 0.0849472507834
            jaz: 0.0222105309367
            pop: 0.222710579634
            rhy: 0.371181696653
            roc: 0.159140467644
            spe: 0.0113762337714
        probability: 0.371181696653
        value: "rhy"
    genre_tzanetakis:
        all:
            blu: 0.00173042039387
            cla: 0.00062984530814
            cou: 0.0223518442363
            dis: 0.0718653947115
            hip: 0.0560449250042
            jaz: 0.00623139366508
            met: 0.00576500175521
            pop: 0.739096283913
            reg: 0.0510012581944
            roc: 0.0452836230397
        probability: 0.739096283913
        value: "pop"
    live_studio:
        all:
            live: 0.488433420658
            studio: 0.511566579342
        probability: 0.511566579342
        value: "studio"
    mood:
        all:
            Cluster1: 0.336117267609
            Cluster2: 0.205820262432
            Cluster3: 0.100823245943
            Cluster4: 0.17704243958
            Cluster5: 0.180196791887
        probability: 0.336117267609
        value: "Cluster1"
    mood_acoustic:
        all:
            acoustic: 0.0503726378083
            not_acoustic: 0.94962733984
        probability: 0.94962733984
        value: "not_acoustic"
    mood_aggressive:
        all:
            aggressive: 0.0898547098041
            not_aggressive: 0.910145282745
        probability: 0.910145282745
        value: "not_aggressive"
    mood_electronic:
        all:
            electronic: 0.160747781396
            not_electronic: 0.839252233505
        probability: 0.839252233505
        value: "not_electronic"
    mood_happy:
        all:
            happy: 0.687702298164
            not_happy: 0.312297731638
        probability: 0.687702298164
        value: "happy"
    mood_party:
        all:
            not_party: 0.449381738901
            party: 0.550618290901
        probability: 0.550618290901
        value: "party"
    mood_relaxed:
        all:
            not_relaxed: 0.714950084686
            relaxed: 0.285049915314
        probability: 0.714950084686
        value: "not_relaxed"
    mood_sad:
        all:
            not_sad: 0.560556411743
            sad: 0.439443618059
        probability: 0.560556411743
        value: "not_sad"
    rhythm:
        all:
            fast: 0.909745931625
            medium: 0.0309326611459
            slow: 0.0593214333057
        probability: 0.909745931625
        value: "fast"
    speech_music:
        all:
            music: 0.999579429626
            speech: 0.00042057200335
        probability: 0.999579429626
        value: "music"
    timbre:
        all:
            bright: 0.0413767844439
            dark: 0.958623230457
        probability: 0.958623230457
        value: "dark"
    voice_instrumental:
        all:
            instrumental: 0.0324994139373
            voice: 0.967500567436
        probability: 0.967500567436
        value: "voice"

lowlevel:
    average_loudness: 0.979342341423
    barkbands_kurtosis:
        dmean: 2.42280912399
        dmean2: 3.74084925652
        dvar: 11.8412904739
        dvar2: 25.2779560089
        max: 28.5415172577
        mean: 1.83807194233
        min: -1.86216008663
        var: 24.2191200256
    barkbands_skewness:
        dmean: 0.603091835976
        dmean2: 0.948183119297
        dvar: 0.296917676926
        dvar2: 0.67894589901
        max: 4.43772554398
        mean: 1.16060745716
        min: -1.32926595211
        var: 1.099619627
    barkbands_spread:
        dmean: 7.8712887764
        dmean2: 11.6470365524
        dvar: 48.6589164734
        dvar2: 96.5742034912
        max: 62.8827133179
        mean: 29.6029224396
        min: 3.19446134567
        var: 188.982849121
    dissonance:
        dmean: 0.0281751397997
        dmean2: 0.0466152653098
        dvar: 0.000672632653732
        dvar2: 0.00172222743277
        max: 0.499848902225
        mean: 0.445094108582
        min: 0.284210145473
        var: 0.00141231750604
    hfc:
        dmean: 2.79545474052
        dmean2: 4.14190578461
        dvar: 25.2587528229
        dvar2: 63.5692520142
        max: 43.1732978821
        mean: 5.24731349945
        min: 0.0609870627522
        var: 31.4894809723
    pitch:
        dmean: 766.816650391
        dmean2: 1470.38415527
        dvar: 1857695.375
        dvar2: 4380227
        max: 4900
        mean: 985.284301758
        min: 87.8486022949
        var: 2050524.125
    pitch_instantaneous_confidence:
        dmean: 0.107807300985
        dmean2: 0.166165202856
        dvar: 0.00859721004963
        dvar2: 0.0202367380261
        max: 0.854396939278
        mean: 0.443320989609
        min: 0.146441578865
        var: 0.0223659686744
    pitch_salience:
        dmean: 0.0708848163486
        dmean2: 0.116497859359
        dvar: 0.00374672049657
        dvar2: 0.0100864125416
        max: 0.820679724216
        mean: 0.591382324696
        min: 0.338077813387
        var: 0.00728833349422
    silence_rate_20dB:
        dmean: 0
        dmean2: 0
        dvar: 0
        dvar2: 0
        max: 1
        mean: 1
        min: 1
        var: 0
    silence_rate_30dB:
        dmean: 0
        dmean2: 0
        dvar: 0
        dvar2: 0
        max: 1
        mean: 1
        min: 1
        var: 0
    silence_rate_60dB:
        dmean: 0.195348843932
        dmean2: 0.389277398586
        dvar: 0.157188102603
        dvar2: 0.27969828248
        max: 1
        mean: 0.440835267305
        min: 0
        var: 0.246499925852
    spectral_centroid:
        dmean: 325.280456543
        dmean2: 511.844909668
        dvar: 93268.5
        dvar2: 217701.984375
        max: 3026.91821289
        mean: 1220.98950195
        min: 266.450897217
        var: 323276.15625
    spectral_complexity:
        dmean: 4.03729581833
        dmean2: 6.1144862175
        dvar: 33.1548156738
        dvar2: 71.7322006226
        max: 47
        mean: 10.2790699005
        min: 0
        var: 55.3872337341
    spectral_crest:
        dmean: 2.64792704582
        dmean2: 4.31960821152
        dvar: 5.33359527588
        dvar2: 13.1348199844
        max: 21.1565341949
        mean: 8.60962867737
        min: 2.64577770233
        var: 13.8936481476
    spectral_decrease:
        dmean: 4.2606929096e-10
        dmean2: 6.57852883279e-10
        dvar: 4.09252803789e-19
        dvar2: 1.06168321428e-18
        max: -1.14283140243e-11
        mean: -9.22707188433e-10
        min: -5.20736520571e-09
        var: 4.80660798679e-19
    spectral_energy:
        dmean: 0.00182164658327
        dmean2: 0.00278975302354
        dvar: 8.01609621703e-06
        dvar2: 2.06436379813e-05
        max: 0.0235697124153
        mean: 0.00395845528692
        min: 4.86647004436e-05
        var: 9.41559846979e-06
    spectral_energyband_high:
        dmean: 0.000218250163016
        dmean2: 0.0003167707182
        dvar: 1.44028078353e-07
        dvar2: 3.4196241927e-07
        max: 0.00299934553914
        mean: 0.000343807187164
        min: 3.11815256282e-06
        var: 1.9696771858e-07
    spectral_energyband_low:
        dmean: 0.000324448250467
        dmean2: 0.000566599483136
        dvar: 5.79690720315e-07
        dvar2: 1.56194721512e-06
        max: 0.00407268013805
        mean: 0.000307381356834
        min: 1.65874280356e-06
        var: 4.21922806026e-07
    spectral_energyband_middle_high:
        dmean: 0.000622245599516
        dmean2: 0.000977157847956
        dvar: 1.28430519908e-06
        dvar2: 3.37365213454e-06
        max: 0.00952500104904
        mean: 0.00105967815034
        min: 8.501900993e-06
        var: 1.54895008109e-06
    spectral_energyband_middle_low:
        dmean: 0.00107049627695
        dmean2: 0.00170783605427
        dvar: 2.17619981413e-06
        dvar2: 5.67612096347e-06
        max: 0.0110889673233
        mean: 0.00224758661352
        min: 3.05885696434e-05
        var: 2.74447961601e-06
    spectral_flatness_db:
        dmean: 0.0213713031262
        dmean2: 0.0321924202144
        dvar: 0.000346909626387
        dvar2: 0.000851654913276
        max: 0.263467043638
        mean: 0.145190060139
        min: 0.0556824542582
        var: 0.00104857049882
    spectral_flux:
        dmean: 0.0114080915228
        dmean2: 0.0166098866612
        dvar: 0.000184531847481
        dvar2: 0.000387132400647
        max: 0.120864368975
        mean: 0.038026176393
        min: 0.00697600888088
        var: 0.000351472262992
    spectral_kurtosis:
        dmean: 0.889027714729
        dmean2: 1.33184289932
        dvar: 0.933068811893
        dvar2: 1.82440543175
        max: 10.1759939194
        mean: 2.42952775955
        min: -0.939488649368
        var: 2.3820579052
    spectral_rms:
        dmean: 0.000412672176026
        dmean2: 0.000600888859481
        dvar: 2.31332819567e-07
        dvar2: 5.47082379398e-07
        max: 0.00479529378936
        mean: 0.0018548804801
        min: 0.000217893903027
        var: 4.21323676392e-07
    spectral_rolloff:
        dmean: 723.24420166
        dmean2: 1200.57629395
        dvar: 758116.75
        dvar2: 1454208
        max: 5232.56835938
        mean: 2449.67651367
        min: 279.931640625
        var: 2135423.5
    spectral_skewness:
        dmean: 0.214888349175
        dmean2: 0.302249193192
        dvar: 0.0441274121404
        dvar2: 0.0828543975949
        max: 2.94451475143
        mean: 1.3782068491
        min: 0.348870515823
        var: 0.137384921312
    spectral_spread:
        dmean: 1002185.875
        dmean2: 1444124.5
        dvar: 1.07468383846e+12
        dvar2: 2.06107666022e+12
        max: 16263646
        mean: 7140811
        min: 3408428.25
        var: 3.3312431145e+12
    spectral_strongpeak:
        dmean: 0.311105549335
        dmean2: 0.506536602974
        dvar: 0.290999829769
        dvar2: 0.612999677658
        max: 6.38526582718
        mean: 0.535786807537
        min: 0.0156878009439
        var: 0.473135530949
    zerocrossingrate:
        dmean: 0.0123709300533
        dmean2: 0.0145457619801
        dvar: 0.000123008256196
        dvar2: 0.000134102141601
        max: 0.1494140625
        mean: 0.0787404626608
        min: 0.01416015625
        var: 0.000834872422274
    barkbands:
        dmean: [3.37141472073e-07, 0.000147504193592, 0.000204617361305, 0.000191651430214, 0.000422649522079, 0.000332630384946, 0.000291466159979, 0.000126848666696, 0.000204859490623, 0.000106780986243, 4.37559356214e-05, 1.78654136107e-05, 2.60969009105e-05, 3.49910515069e-05, 4.11332039221e-05, 5.15846732014e-05, 9.50642424868e-05, 0.000122277109767, 0.000194410182303, 0.000151097759954, 0.000121450873849, 3.08843482344e-05, 7.017383723e-06, 3.89507067666e-06, 3.02596345136e-06, 3.13960384801e-07, 1.4891997635e-09]
        dmean2: [4.42370463816e-07, 0.000254670856521, 0.000377258373192, 0.000328485824866, 0.000730472092982, 0.000539894681424, 0.000462188385427, 0.00021370050672, 0.000329014961608, 0.000162194613949, 7.36776273698e-05, 3.00194114971e-05, 4.0915387217e-05, 5.982426228e-05, 6.71654706821e-05, 8.4251340013e-05, 0.000160416879226, 0.000199796253582, 0.000298636092339, 0.000239412634983, 0.000185951648746, 4.60795818071e-05, 1.00886172731e-05, 5.70229985897e-06, 4.51033838544e-06, 4.97189546422e-07, 2.06956740634e-09]
        dvar: [4.74250467456e-13, 1.25325513523e-07, 2.55415727679e-07, 1.00468646735e-07, 4.97259861731e-07, 2.53018555441e-07, 1.35786052624e-07, 2.05703670986e-07, 2.525287357e-07, 6.08103434274e-08, 8.60373994271e-09, 9.82173009589e-10, 1.89634752346e-09, 4.85374496151e-09, 8.37122371422e-09, 6.75135547468e-09, 3.27690479196e-08, 6.73951774388e-08, 1.05018891361e-07, 9.25204943769e-08, 3.84445471013e-08, 2.48072296039e-09, 1.11727328778e-10, 2.55991131071e-11, 2.31693570579e-11, 4.56474268107e-13, 1.24399427624e-16]
        dvar2: [8.17367441092e-13, 3.33205576908e-07, 7.2659520356e-07, 2.76063190086e-07, 1.36885023494e-06, 6.26169025963e-07, 3.44213532344e-07, 6.09915730365e-07, 5.71340819988e-07, 1.06240243269e-07, 2.15384066138e-08, 2.6918138829e-09, 4.86547291345e-09, 1.31707773576e-08, 2.15055884212e-08, 1.71971947793e-08, 8.84469173457e-08, 1.80364324365e-07, 2.54582573689e-07, 2.43807022571e-07, 8.51731911666e-08, 5.19113685371e-09, 2.41464653827e-10, 5.40223143997e-11, 5.05482079804e-11, 1.15797703457e-12, 1.26399034185e-16]
        max: [6.54843870507e-06, 0.00189184455667, 0.00305784028023, 0.00342372898012, 0.00507158041, 0.00397731177509, 0.00336694228463, 0.00724123930559, 0.00547620793805, 0.00337931676768, 0.000852420460433, 0.000232985825278, 0.000317568803439, 0.000610779039562, 0.00099711609073, 0.000631932343822, 0.00133123539854, 0.00228290888481, 0.00270207086578, 0.00284047517926, 0.00156761799008, 0.000377464195481, 9.63537095231e-05, 4.68490397907e-05, 4.55018525827e-05, 5.86263467994e-06, 2.33153613749e-07]
        mean: [4.04578031521e-07, 0.000124983402202, 0.000181997587788, 0.000273888319498, 0.000546144961845, 0.000426141166827, 0.000506633310579, 0.00015812519996, 0.000300053885439, 0.000176083296537, 5.32756639586e-05, 2.2467751478e-05, 3.25073451677e-05, 4.40326439275e-05, 5.26934527443e-05, 7.0788199082e-05, 0.000114958551421, 0.000146403559484, 0.000275862490525, 0.000198477253434, 0.000181894676643, 4.59574439446e-05, 1.21681487144e-05, 6.93637866789e-06, 5.19865716342e-06, 3.78335641926e-07, 1.54989909795e-09]
        min: [8.80266554093e-11, 1.8196320184e-07, 9.22802996683e-07, 6.66022742735e-07, 2.14393389797e-06, 1.07835546714e-06, 1.04315176941e-06, 4.85912153181e-07, 7.04216063241e-07, 1.31660200964e-07, 6.63517667476e-08, 1.93064622067e-07, 7.39457277632e-08, 3.10923375935e-08, 1.53322929464e-07, 2.2439749614e-07, 3.58396732736e-07, 7.34713751172e-07, 7.97533118657e-07, 1.14766305614e-06, 7.35823732612e-07, 2.06311540296e-07, 1.84653927704e-07, 1.89448726928e-07, 7.14336891861e-08, 4.58994309227e-09, 1.90441236457e-13]
        var: [6.86438319381e-13, 9.37401409828e-08, 1.5727913194e-07, 1.05320012267e-07, 4.80182279716e-07, 3.21289434169e-07, 3.014459935e-07, 1.66641896726e-07, 4.27268361136e-07, 1.62493947187e-07, 1.2604443711e-08, 1.01431596455e-09, 2.40351760716e-09, 4.95089036434e-09, 8.52643999849e-09, 9.18178244547e-09, 3.12994785645e-08, 6.41496384901e-08, 1.56806365226e-07, 1.02870522767e-07, 5.76125707141e-08, 3.765824097e-09, 1.96721416934e-10, 6.76696754187e-11, 4.7692495786e-11, 4.25517368736e-13, 1.28801815193e-16]
    mfcc:
        mean: [-720.393188477, 98.3389968872, -8.45268154144, 51.3217430115, -16.373380661, -15.3172159195, -10.8201599121, -9.9571685791, 0.123176850379, -3.57652807236, -2.76972389221, -6.31518650055, -7.10985136032]
        cov: [[2666.21289062, -484.84979248, -632.975402832, 83.5927734375, -191.581481934, -15.3212366104, 225.910400391, -26.295841217, 55.9324645996, -110.433906555, -50.954044342, -19.2252216339, -75.0959472656], [-484.84979248, 570.07434082, -14.7178783417, -111.230125427, 15.3534936905, 31.9628944397, -7.58970832825, 43.1904220581, 28.8980293274, 45.8898925781, -5.26837539673, -21.9771766663, -16.4267349243], [-632.975402832, -14.7178783417, 612.509460449, -19.8569278717, 86.6185684204, 63.5163917542, -84.4318161011, 40.9530067444, 1.83926558495, 37.1558570862, 51.440536499, 35.1380691528, 59.1174888611], [83.5927734375, -111.230125427, -19.8569278717, 317.41619873, 74.9908370972, 4.79803276062, 22.1228466034, -33.0641136169, -21.5220985413, -34.0904693604, -3.16021943092, 45.049785614, 47.8743972778], [-191.581481934, 15.3534936905, 86.6185684204, 74.9908370972, 190.182388306, 57.6159439087, -20.582244873, 29.1678085327, -1.85167706013, 8.40111255646, -3.75765228271, 2.14642500877, 31.5419807434], [-15.3212366104, 31.9628944397, 63.5163917542, 4.79803276062, 57.6159439087, 125.978004456, 59.3938713074, 25.5688743591, 4.50960206985, -6.11375522614, 10.3816890717, 7.5807929039, 4.65912914276], [225.910400391, -7.58970832825, -84.4318161011, 22.1228466034, -20.582244873, 59.3938713074, 200.427261353, 51.2430267334, 15.5169677734, -25.3970184326, -0.452927410603, 8.41187000275, -0.498312562704], [-26.295841217, 43.1904220581, 40.9530067444, -33.0641136169, 29.1678085327, 25.5688743591, 51.2430267334, 102.416557312, 33.3128089905, 11.6572723389, 5.1006269455, -7.83150672913, 10.2143554688], [55.9324645996, 28.8980293274, 1.83926558495, -21.5220985413, -1.85167706013, 4.50960206985, 15.5169677734, 33.3128089905, 87.4591217041, 37.3003807068, 4.26745033264, -0.880006670952, -1.18168783188], [-110.433906555, 45.8898925781, 37.1558570862, -34.0904693604, 8.40111255646, -6.11375522614, -25.3970184326, 11.6572723389, 37.3003807068, 96.429977417, 34.8461303711, -2.04735398293, 4.0293803215], [-50.954044342, -5.26837539673, 51.440536499, -3.16021943092, -3.75765228271, 10.3816890717, -0.452927410603, 5.1006269455, 4.26745033264, 34.8461303711, 73.9307632446, 31.1823501587, 6.25637102127], [-19.2252216339, -21.9771766663, 35.1380691528, 45.049785614, 2.14642500877, 7.5807929039, 8.41187000275, -7.83150672913, -0.880006670952, -2.04735398293, 31.1823501587, 72.1750183105, 32.3202323914], [-75.0959472656, -16.4267349243, 59.1174888611, 47.8743972778, 31.5419807434, 4.65912914276, -0.498312562704, 10.2143554688, -1.18168783188, 4.0293803215, 6.25637102127, 32.3202323914, 69.1105194092]]
        icov: [[0.000763257092331, 0.000690107874107, 0.000732708664145, -7.83643772593e-05, 0.00052602624055, -0.000546831462998, -0.000145085752592, -0.000142322227475, -0.000826595700346, 0.000471466250019, -5.94146040385e-05, 0.000110877779662, 0.000149592218804], [0.000690107874107, 0.00269068195485, 0.000936221331358, 0.000507357995957, 0.00039747566916, -0.00129274546634, 0.000306099886075, -0.000940246682148, -0.000602362677455, -0.000651986279991, 0.000743305601645, -0.000302970933262, 0.000386140192859], [0.000732708664145, 0.000936221331358, 0.00314983003773, 0.000238541790168, 0.000430449610576, -0.00224381615408, 0.00168474158272, -0.00147683359683, -0.000520344765391, 0.000362524442608, -0.00109550345223, -0.000187385885511, -0.00149892608169], [-7.83643772593e-05, 0.000507357995957, 0.000238541790168, 0.00504956999794, -0.00283588236198, 0.001261150348, -0.00142325821798, 0.00254398211837, -0.000278112915112, 0.0012128680246, -0.000129592051962, -0.00170968589373, -0.00210772757418], [0.00052602624055, 0.00039747566916, 0.000430449610576, -0.00283588236198, 0.00976008176804, -0.00560647714883, 0.00331546971574, -0.00405204575509, 0.00079229217954, -0.00144213123713, 0.00178386620246, 0.00133365683723, -0.00187897006981], [-0.000546831462998, -0.00129274546634, -0.00224381615408, 0.001261150348, -0.00560647714883, 0.0142686730251, -0.00568330800161, 0.00236767251045, -0.000199742411496, 0.0016512859147, -0.00205628131516, -0.000451956730103, 0.00164804968517], [-0.000145085752592, 0.000306099886075, 0.00168474158272, -0.00142325821798, 0.00331546971574, -0.00568330800161, 0.00974478106946, -0.0058586965315, -4.18091476604e-05, 0.00116982485633, 5.92606102146e-06, -0.000961953541264, -0.000353567622369], [-0.000142322227475, -0.000940246682148, -0.00147683359683, 0.00254398211837, -0.00405204575509, 0.00236767251045, -0.0058586965315, 0.0174026507884, -0.00545722153038, 0.00199308386073, -0.00285497959703, 0.00412126304582, -0.00368010532111], [-0.000826595700346, -0.000602362677455, -0.000520344765391, -0.000278112915112, 0.00079229217954, -0.000199742411496, -4.18091476604e-05, -0.00545722153038, 0.0176641885191, -0.00861475709826, 0.00451277708635, -0.00347450142726, 0.00207518669777], [0.000471466250019, -0.000651986279991, 0.000362524442608, 0.0012128680246, -0.00144213123713, 0.0016512859147, 0.00116982485633, 0.00199308386073, -0.00861475709826, 0.019444540143, -0.0111683569849, 0.0057853711769, -0.00350776151754], [-5.94146040385e-05, 0.000743305601645, -0.00109550345223, -0.000129592051962, 0.00178386620246, -0.00205628131516, 5.92606102146e-06, -0.00285497959703, 0.00451277708635, -0.0111683569849, 0.0247635003179, -0.0126516595483, 0.00528868194669], [0.000110877779662, -0.000302970933262, -0.000187385885511, -0.00170968589373, 0.00133365683723, -0.000451956730103, -0.000961953541264, 0.00412126304582, -0.00347450142726, 0.0057853711769, -0.0126516595483, 0.026159837842, -0.0112864729017], [0.000149592218804, 0.000386140192859, -0.00149892608169, -0.00210772757418, -0.00187897006981, 0.00164804968517, -0.000353567622369, -0.00368010532111, 0.00207518669777, -0.00350776151754, 0.00528868194669, -0.0112864729017, 0.0237934421748]]
    spectral_contrast:
        mean: [1.03727678891e-07, -4.40372616595e-07, -6.75495854807e-08, 4.85154068031e-08, -1.06387361143e-08, -9.74293357103e-08, -4.29534622981e-07, -1.49004677041e-06, 7.51988835646e-08, -1.00288282567e-07, 2.61129844148e-06, -4.70738086733e-06]
        var: [0.00033068691846, 0.000984165468253, 0.0022405856289, 0.0028344837483, 0.00326913245954, 0.00599132897332, 0.0772089213133, 0.139372304082, 0.167395591736, 0.308086305857, 0.415576159954, 1.77350389957]

rhythm:
    beats_loudness:
        dmean: 0.00497778970748
        dmean2: 0.00993760768324
        dvar: 3.50761024492e-06
        dvar2: 5.96297513766e-06
        max: 0.0103541295975
        mean: 0.00641191611066
        min: 0.000896303332411
        var: 8.89448983799e-06
    beats_loudness_bass:
        dmean: 0.105479732156
        dmean2: 0.184116885066
        dvar: 0.00632283417508
        dvar2: 0.018292978406
        max: 0.288514703512
        mean: 0.0859182029963
        min: 0.00648236135021
        var: 0.00668951496482
    bpm: 118.640052795
    bpm_confidence: 0
    first_peak_bpm: 119
    first_peak_spread: 0
    first_peak_weight: 0.944444417953
    onset_rate: 5.21106004715
    second_peak_bpm: 110
    second_peak_spread: 0
    second_peak_weight: 0.0555555559695
    beats_position: [0.257938981056, 0.763272285461, 1.26860558987, 1.77393877506, 2.27927231789, 2.78460550308, 3.2899389267, 3.79527235031, 4.30060577393, 4.80593919754, 5.31127262115, 5.81660604477, 6.36096763611, 6.8671002388, 7.37323236465, 7.87936401367, 8.38549613953, 8.89162921906, 9.39776039124]
    bpm_estimates: [118.79447937, 118.644348145, 118.782920837, 118.791137695, 118.435699463, 118.791564941, 118.469917297, 118.645469666, 119.012069702, 118.970230103, 118.557441711, 118.611801147, 118.573570251, 118.846351624, 118.229789734, 118.49571228, 118.337265015, 118.534454346, 118.669776917, 118.607131958]
    bpm_intervals: [0.505333304405, 0.505333304405, 0.505333185196, 0.505333542824, 0.505333185196, 0.505333423615, 0.505333423615, 0.505333423615, 0.505333423615, 0.505333423615, 0.505333423615, 0.544361591339, 0.506132602692, 0.506132125854, 0.506131649017, 0.506132125854, 0.506133079529, 0.50613117218]
    onset_times: [0.0348299331963, 0.394739240408, 0.49922901392, 0.615328788757, 0.754648506641, 0.9287981987, 1.26548755169, 1.50929701328, 1.63700675964, 1.77632653713, 2.02013611794, 2.27555561066, 2.43809533119, 2.51936507225, 2.77478456497, 2.94893431664, 3.16952371597, 3.30884361267, 3.56426310539, 3.68036270142, 3.81968259811, 4.051882267, 4.3073015213, 4.56272125244, 4.71365070343, 4.81814050674, 5.00390005112, 5.08517026901, 5.34058952332, 5.51473903656, 5.72371864319, 5.85142850876, 6.07201814651, 6.37387752533, 6.52480745316, 6.73378705978, 6.84988641739, 7.10530614853, 7.37233543396, 7.54648542404, 7.6277551651, 7.73224496841, 7.8831744194, 8.11537456512, 8.62621307373, 8.76553249359, 8.893242836, 9.12544250488, 9.4040813446, 9.64789104462, 9.77560043335, 9.91492080688]
    rubato_start: []
    rubato_stop: []
    perceptual_tempo: "unknown"

sfx:
    inharmonicity:
        dmean: 0.0322344824672
        dmean2: 0.0576365552843
        dvar: 0.00123933935538
        dvar2: 0.00318647827953
        max: 0.339869022369
        mean: 0.0357541069388
        min: 0.000202299808734
        var: 0.00161036336794
    oddtoevenharmonicenergyratio:
        dmean: 3.32536697388
        dmean2: 6.44296789169
        dvar: 115.295326233
        dvar2: 341.271148682
        max: 111.780166626
        mean: 2.11481738091
        min: 1.02347503343e-05
        var: 61.7380447388
    pitch_after_max_to_before_max_energy_ratio: 0.243626981974
    pitch_centroid: 209.394561768
    pitch_max_to_total: 0.879069745541
    pitch_min_to_total: 0.746511638165
    tristimulus:
        dmean: [0.227168098092, 0.240664899349, 0.125693365932]
        dmean2: [0.383413940668, 0.415465533733, 0.222606092691]
        dvar: [0.0305561758578, 0.0339123792946, 0.0147670488805]
        dvar2: [0.0859685316682, 0.0957147106528, 0.0397434048355]
        max: [0.927318930626, 0.982329010963, 0.746248602867]
        mean: [0.420851707458, 0.425546109676, 0.124303117394]
        min: [0.0147582162172, 0, 0]
        var: [0.0554636977613, 0.0554547458887, 0.0175802689046]

tonal:
    chords_changes_rate: 0.087962962687
    chords_number_rate: 0.0277777779847
    chords_strength:
        dmean: 0.016094442457
        dmean2: 0.0169071536511
        dvar: 0.000163765143952
        dvar2: 0.000211652382859
        max: 0.650090634823
        mean: 0.47117972374
        min: 0.305689007044
        var: 0.00468145590276
    key_strength: 0.5666410923
    tuning_diatonic_strength: 0.509476721287
    tuning_equal_tempered_deviation: 0.190120711923
    tuning_frequency: 433.942382812
    tuning_nontempered_energy_ratio: 0.886746168137
    hpcp:
        dmean: [0.215987384319, 0.197466462851, 0.144380614161, 0.136195152998, 0.148520305753, 0.150467738509, 0.156336396933, 0.164944991469, 0.121582910419, 0.0929843783379, 0.0973281338811, 0.074467740953, 0.0715878233314, 0.0957883521914, 0.112756900489, 0.171444609761, 0.197280302644, 0.164995774627, 0.115425653756, 0.0839022994041, 0.119997687638, 0.175034284592, 0.165671303868, 0.136727422476, 0.11813852936, 0.0985246673226, 0.12966004014, 0.185837447643, 0.193237021565, 0.161320671439, 0.172446459532, 0.160533607006, 0.11731788516, 0.124566279352, 0.172087237239, 0.202068507671]
        dmean2: [0.342979282141, 0.319354981184, 0.232409492135, 0.223540768027, 0.251213639975, 0.241786211729, 0.248251989484, 0.278500676155, 0.19445194304, 0.159839093685, 0.171799704432, 0.127650663257, 0.121101617813, 0.16655574739, 0.191188439727, 0.287938982248, 0.332773804665, 0.283274441957, 0.203751981258, 0.14259916544, 0.211734578013, 0.294713050127, 0.277978777885, 0.235533311963, 0.211038783193, 0.173423931003, 0.219049394131, 0.322784364223, 0.332990407944, 0.283386200666, 0.293134719133, 0.258626908064, 0.192850872874, 0.213876962662, 0.295482844114, 0.338469982147]
        dvar: [0.0458885543048, 0.0382301136851, 0.0285452138633, 0.03793958202, 0.0337646119297, 0.033676110208, 0.0338558666408, 0.0429212749004, 0.0253863930702, 0.0228569265455, 0.0275241695344, 0.0111029958352, 0.00632672663778, 0.0207149349153, 0.0250900052488, 0.046259701252, 0.0562075823545, 0.0510112345219, 0.0286467522383, 0.0212515853345, 0.0300248973072, 0.0518429428339, 0.0429533459246, 0.0320377722383, 0.0348925665021, 0.0308486670256, 0.0364678017795, 0.0515190847218, 0.0593711733818, 0.0499071665108, 0.0450926758349, 0.0362192280591, 0.0192919317633, 0.0329603515565, 0.0415315590799, 0.0423610731959]
        dvar2: [0.111141100526, 0.0954415425658, 0.0656999871135, 0.0815211236477, 0.0779689624906, 0.0715137943625, 0.0676478073001, 0.110456697643, 0.061638712883, 0.0544007234275, 0.0788745135069, 0.0299391672015, 0.0176439769566, 0.0506462194026, 0.0677953138947, 0.122709855437, 0.138693228364, 0.128198593855, 0.0719042643905, 0.0546590089798, 0.0744166821241, 0.14407260716, 0.117460481822, 0.0894132182002, 0.0972496792674, 0.0767079442739, 0.10175383836, 0.136649593711, 0.141825780272, 0.126746967435, 0.124467529356, 0.0785617902875, 0.0559272058308, 0.087208211422, 0.103653080761, 0.10370516777]
        max: [1, 1, 1, 1, 1, 1, 1, 1, 1, 1, 1, 0.690869510174, 0.606052935123, 1, 1, 1, 1, 1, 1, 1, 1, 1, 1, 1, 1, 1, 1, 1, 1, 1, 1, 1, 0.858974277973, 1, 1, 1]
        mean: [0.306375175714, 0.284717977047, 0.195805758238, 0.191258132458, 0.191346988082, 0.235029324889, 0.315601617098, 0.247740760446, 0.125886335969, 0.0971970185637, 0.100997060537, 0.0892261639237, 0.090398222208, 0.110747590661, 0.130065336823, 0.211393103004, 0.261958688498, 0.191399946809, 0.110081106424, 0.0777860730886, 0.118267983198, 0.217614576221, 0.228950157762, 0.144173264503, 0.101387090981, 0.0995630249381, 0.139598712325, 0.225156500936, 0.220661059022, 0.158590331674, 0.223192244768, 0.257238358259, 0.160998567939, 0.140264078975, 0.186016052961, 0.228491723537]
        min: [0.00312248500995, 0.00110925431363, 0.000908056739718, 0.00106399459764, 0.000356521602953, 0.000805654737633, 0.000814719009213, 0.00152319006156, 0.00105459091719, 0.000608499569353, 0.000446387130069, 0.00107837223914, 0.000953273789492, 0.000882925465703, 0.000987460371107, 0.00114993017633, 0.000958559336141, 0.00230072881095, 0.00113466358744, 0.000836264051031, 0.000264628179139, 0.000335437944159, 0.00139359582681, 0.00154127727728, 0.000482859060867, 0.000340726895956, 0.000618202670012, 0.00119867629837, 0.00122022209689, 0.000610511691775, 0.000726345810108, 0.00185595022049, 0.00177849049214, 0.00120387075003, 0.00183106621262, 0.00329982186668]
        var: [0.0839022025466, 0.0758156180382, 0.048655230552, 0.0650141313672, 0.0568936616182, 0.0734093338251, 0.123359963298, 0.0793369933963, 0.0294308513403, 0.0226627364755, 0.0269485376775, 0.0135509213433, 0.00881139934063, 0.0241088531911, 0.0313568450511, 0.0649623125792, 0.0913287550211, 0.0626713633537, 0.0291629899293, 0.01941565983, 0.0329475365579, 0.0700166299939, 0.0684006810188, 0.0325133986771, 0.0284980293363, 0.0319291204214, 0.0423908792436, 0.0822065323591, 0.0756191313267, 0.0508080236614, 0.0758439227939, 0.0900242328644, 0.0303043462336, 0.0375821776688, 0.0574480444193, 0.0598885156214]
    chords_histogram: [38.8888893127, 5.55555534363, 0, 0, 0, 0, 0, 0, 0, 0, 0, 0, 0, 0, 0, 8.79629611969, 0, 0, 0, 0, 0, 1.85185182095, 15.7407407761, 29.1666660309]
    thpcp: [1, 0.784979403019, 0.398877352476, 0.307973772287, 0.320014387369, 0.282717704773, 0.28643143177, 0.35090944171, 0.412118732929, 0.669809937477, 0.830029606819, 0.606460630894, 0.348797649145, 0.246469184756, 0.3747382164, 0.689522981644, 0.725440382957, 0.456820428371, 0.321250230074, 0.315470576286, 0.44232571125, 0.71341997385, 0.699175953865, 0.502501666546, 0.707196116447, 0.815073013306, 0.51013225317, 0.444433957338, 0.589401483536, 0.723987817764, 0.970765531063, 0.902143597603, 0.620420634747, 0.606011271477, 0.606292784214, 0.744702517986]
    chords_key: "D"
    chords_scale: "major"
    key_key: "D"
    key_scale: "major"
    chords_progression: ["Gm", "Gm", "Gm", "Gm", "Gm", "Gm", "Gm", "Gm", "Gm", "Gm", "Gm", "Gm", "Gm", "D", "D", "D", "D", "D", "D", "D", "D", "D", "D", "D", "D", "D", "D", "D", "D", "D", "D", "D", "D", "D", "D", "D", "D", "D", "D", "D", "D", "D", "D", "D", "D", "D", "D", "D", "D", "D", "D", "D", "D", "D", "D", "D", "D", "D", "D", "D", "D", "D", "D", "D", "D", "D", "D", "Bm", "Bm", "Bm", "Bm", "Bm", "Bm", "Bm", "Bm", "Bm", "Bm", "Bm", "Bm", "Bm", "Bm", "Bm", "Bm", "Bm", "Bm", "Bm", "Bm", "G", "G", "G", "G", "G", "G", "G", "G", "G", "G", "G", "G", "Bm", "Bm", "Bm", "Bm", "Bm", "Bm", "Bm", "Bm", "Bm", "Bm", "Bm", "Bm", "Bm", "Bm", "Bm", "Bm", "Bm", "Bm", "Bm", "Bm", "Bm", "Bm", "D", "D", "D", "D", "D", "D", "D", "D", "D", "D", "D", "D", "D", "D", "D", "D", "D", "D", "D", "D", "D", "D", "D", "D", "D", "D", "D", "D", "D", "D", "Bm", "Bm", "Bm", "Bm", "Bm", "Bm", "Bm", "Bm", "Bm", "Bm", "Bm", "Bm", "Bm", "Bm", "Bm", "Bm", "Bm", "Bm", "G", "G", "G", "G", "G", "Bm", "Bm", "G", "Bm", "G", "G", "G", "G", "G", "G", "G", "G", "G", "Em", "Em", "Em", "G", "Em", "G", "G", "G", "G", "G", "G", "F#m", "F#m", "F#m", "F#m", "F#m", "Gm", "Gm", "Gm", "Gm", "Gm", "F#m", "F#m", "F#m", "F#m", "F#m", "F#m", "F#m", "Gm"]
