
metadata:
    version:
        essentia: "1.2.2"
    audio_properties:
        analysis_sample_rate: 44100
        bitrate: 128
        channels: 2
        equal_loudness: 1
        length: 10.0310201645
        replay_gain: -12.7029094696
        downmix: "mix"
    tags:
        track: 19
        year: 0
        album: "Splitted by Mp3Splt v. 2.1"
        artist: "From 003.00 To 003.10"
        comment: "http://mp3splt.sf.net"
        genre: ""
        title: "13 Run Run Run.mp3"

highlevel:
    ballroom:
        all:
            ChaChaCha: 0.111814983189
            Jive: 0.631508946419
            Quickstep: 0.0419895239174
            Rumba-American: 0.000750253908336
            Rumba-International: 0.00774951977655
            Rumba-Misc: 0.003254275769
            Samba: 0.186996206641
            Tango: 0.00126690382604
            VienneseWaltz: 0.0130658168346
            Waltz: 0.00160353980027
        probability: 0.631508946419
        value: "Jive"
    culture:
        all:
            non_western: 0.868483364582
            western: 0.131516635418
        probability: 0.868483364582
        value: "non_western"
    gender:
        all:
            female: 0.0956490263343
            male: 0.904350996017
        probability: 0.904350996017
        value: "male"
    genre_dortmund:
        all:
            alternative: 0.0354881547391
            blues: 0.0522331409156
            electronic: 0.0127011593431
            folkcountry: 0.0407895743847
            funksoulrnb: 0.0261531099677
            jazz: 0.402073174715
            pop: 0.0618373192847
            raphiphop: 0.00145906780381
            rock: 0.367265313864
        probability: 0.402073174715
        value: "jazz"
    genre_electronica:
        all:
            ambient: 0.182882621884
            dnb: 0.219074681401
            house: 0.0402085520327
            techno: 0.014773465693
            trance: 0.543060660362
        probability: 0.543060660362
        value: "trance"
    genre_rosamerica:
        all:
            cla: 0.0510215908289
            dan: 0.0634515359998
            hip: 0.0208693146706
            jaz: 0.0585348755121
            pop: 0.256066709757
            rhy: 0.330579608679
            roc: 0.212538480759
            spe: 0.00693789031357
        probability: 0.330579608679
        value: "rhy"
    genre_tzanetakis:
        all:
            blu: 0.0275707058609
            cla: 0.018450057134
            cou: 0.237209394574
            dis: 0.0358899720013
            hip: 0.0152601944283
            jaz: 0.144091397524
            met: 0.123021945357
            pop: 0.0267605017871
            reg: 0.00700469175354
            roc: 0.364741146564
        probability: 0.364741146564
        value: "roc"
    live_studio:
        all:
            live: 0.304433405399
            studio: 0.695566594601
        probability: 0.695566594601
        value: "studio"
    mood:
        all:
            Cluster1: 0.231756880879
            Cluster2: 0.305524766445
            Cluster3: 0.0281427390873
            Cluster4: 0.119169443846
            Cluster5: 0.315406173468
        probability: 0.315406173468
        value: "Cluster5"
    mood_acoustic:
        all:
            acoustic: 0.0521569773555
            not_acoustic: 0.947843015194
        probability: 0.947843015194
        value: "not_acoustic"
    mood_aggressive:
        all:
            aggressive: 0.569102406502
            not_aggressive: 0.430897623301
        probability: 0.569102406502
        value: "aggressive"
    mood_electronic:
        all:
            electronic: 0.183011740446
            not_electronic: 0.816988229752
        probability: 0.816988229752
        value: "not_electronic"
    mood_happy:
        all:
            happy: 0.795477211475
            not_happy: 0.204522773623
        probability: 0.795477211475
        value: "happy"
    mood_party:
        all:
            not_party: 0.408462703228
            party: 0.591537296772
        probability: 0.591537296772
        value: "party"
    mood_relaxed:
        all:
            not_relaxed: 0.846114575863
            relaxed: 0.153885424137
        probability: 0.846114575863
        value: "not_relaxed"
    mood_sad:
        all:
            not_sad: 0.897095918655
            sad: 0.102904111147
        probability: 0.897095918655
        value: "not_sad"
    rhythm:
        all:
            fast: 0.895312309265
            medium: 0.0905035957694
            slow: 0.0141840744764
        probability: 0.895312309265
        value: "fast"
    speech_music:
        all:
            music: 0.999839782715
            speech: 0.000160209776368
        probability: 0.999839782715
        value: "music"
    timbre:
        all:
            bright: 0.306716710329
            dark: 0.693283259869
        probability: 0.693283259869
        value: "dark"
    voice_instrumental:
        all:
            instrumental: 0.452274560928
            voice: 0.547725439072
        probability: 0.547725439072
        value: "voice"

lowlevel:
    average_loudness: 0.978915333748
    barkbands_kurtosis:
        dmean: 0.435024261475
        dmean2: 0.70196211338
        dvar: 0.33950561285
        dvar2: 0.753648042679
        max: 3.83957242966
        mean: -1.10683786869
        min: -1.90477013588
        var: 0.733511686325
    barkbands_skewness:
        dmean: 0.343335777521
        dmean2: 0.530162632465
        dvar: 0.095834851265
        dvar2: 0.228990107775
        max: 1.99520397186
        mean: 0.201332062483
        min: -2.33411026001
        var: 0.471707969904
    barkbands_spread:
        dmean: 4.29787921906
        dmean2: 6.5418138504
        dvar: 18.3707828522
        dvar2: 38.9054450989
        max: 60.4368858337
        mean: 39.5294380188
        min: 16.1815700531
        var: 86.7175750732
    dissonance:
        dmean: 0.0136612290516
        dmean2: 0.021986970678
        dvar: 0.000194185369764
        dvar2: 0.000398144416977
        max: 0.4986307621
        mean: 0.46342664957
        min: 0.267485916615
        var: 0.000507054734044
    hfc:
        dmean: 2.27288985252
        dmean2: 3.10507392883
        dvar: 21.3553752899
        dvar2: 27.2347240448
        max: 98.5331115723
        mean: 9.46128749847
        min: 0.322741180658
        var: 83.9927902222
    pitch:
        dmean: 716.967834473
        dmean2: 1411.47644043
        dvar: 1784685.625
        dvar2: 3953029
        max: 4410
        mean: 1984.65649414
        min: 93.2346725464
        var: 3284162.75
    pitch_instantaneous_confidence:
        dmean: 0.0773474797606
        dmean2: 0.120466403663
        dvar: 0.00403223885223
        dvar2: 0.0103411925957
        max: 0.878926992416
        mean: 0.4636041224
        min: 0.208604812622
        var: 0.0150329535827
    pitch_salience:
        dmean: 0.0551047474146
        dmean2: 0.0885187610984
        dvar: 0.00184121029451
        dvar2: 0.0045848232694
        max: 0.78088259697
        mean: 0.603176176548
        min: 0.428300917149
        var: 0.00452303513885
    silence_rate_20dB:
        dmean: 0
        dmean2: 0
        dvar: 0
        dvar2: 0
        max: 1
        mean: 1
        min: 1
        var: 0
    silence_rate_30dB:
        dmean: 0
        dmean2: 0
        dvar: 0
        dvar2: 0
        max: 1
        mean: 1
        min: 1
        var: 0
    silence_rate_60dB:
        dmean: 0.0925925895572
        dmean2: 0.183294668794
        dvar: 0.0840191468596
        dvar2: 0.191461265087
        max: 1
        mean: 0.159353345633
        min: 0
        var: 0.133960589767
    spectral_centroid:
        dmean: 269.083953857
        dmean2: 419.293762207
        dvar: 65103.0195312
        dvar2: 156151.703125
        max: 3636.90356445
        mean: 1799.26782227
        min: 762.196411133
        var: 316974.375
    spectral_complexity:
        dmean: 2.71229696274
        dmean2: 4.1744184494
        dvar: 4.96131086349
        dvar2: 11.5998058319
        max: 28
        mean: 14.4305553436
        min: 0
        var: 20.6294288635
    spectral_crest:
        dmean: 1.8221873045
        dmean2: 3.02314996719
        dvar: 2.91308569908
        dvar2: 7.37480974197
        max: 17.9163703918
        mean: 7.19883060455
        min: 3.20266199112
        var: 7.12562131882
    spectral_decrease:
        dmean: 2.5246690849e-10
        dmean2: 3.72212927147e-10
        dvar: 1.02311488425e-19
        dvar2: 1.62765815472e-19
        max: -4.073310092e-11
        mean: -1.16033194164e-09
        min: -4.81033435307e-09
        var: 3.59635124377e-19
    spectral_energy:
        dmean: 0.00111041567288
        dmean2: 0.00161062786356
        dvar: 2.40785720962e-06
        dvar2: 3.48564753949e-06
        max: 0.0270925611258
        mean: 0.00523752532899
        min: 0.000183009600732
        var: 8.65201218403e-06
    spectral_energyband_high:
        dmean: 0.000280370470136
        dmean2: 0.000396410323447
        dvar: 5.46712499272e-07
        dvar2: 6.21071706064e-07
        max: 0.0183214452118
        mean: 0.000759940536227
        min: 1.18200950965e-05
        var: 1.93277583094e-06
    spectral_energyband_low:
        dmean: 0.000108691456262
        dmean2: 0.000172540341737
        dvar: 2.46955274008e-08
        dvar2: 5.20565244244e-08
        max: 0.00218237633817
        mean: 0.000242649693973
        min: 7.42845770674e-07
        var: 9.85541603882e-08
    spectral_energyband_middle_high:
        dmean: 0.000523779017385
        dmean2: 0.000732933869585
        dvar: 8.07259425528e-07
        dvar2: 1.25089991343e-06
        max: 0.0138591453433
        mean: 0.00186655891594
        min: 8.09632620076e-05
        var: 2.07867469726e-06
    spectral_energyband_middle_low:
        dmean: 0.000704040052369
        dmean2: 0.00108692608774
        dvar: 5.98796987106e-07
        dvar2: 1.41347845783e-06
        max: 0.00888410490006
        mean: 0.00236836727709
        min: 8.65962065291e-05
        var: 1.97749795916e-06
    spectral_flatness_db:
        dmean: 0.013157566078
        dmean2: 0.020157136023
        dvar: 0.000121991244669
        dvar2: 0.000271400640486
        max: 0.251137197018
        mean: 0.160520866513
        min: 0.0969545319676
        var: 0.000553890771698
    spectral_flux:
        dmean: 0.00827998667955
        dmean2: 0.0125884655863
        dvar: 0.000126595259644
        dvar2: 0.000279616098851
        max: 0.166969537735
        mean: 0.04014178738
        min: 0.0135281039402
        var: 0.000285877613351
    spectral_kurtosis:
        dmean: 0.450012713671
        dmean2: 0.724788665771
        dvar: 0.221573650837
        dvar2: 0.454583257437
        max: 6.73277282715
        mean: 1.69270014763
        min: 0.475522756577
        var: 0.489819973707
    spectral_rms:
        dmean: 0.000235170009546
        dmean2: 0.000343032414094
        dvar: 8.34238065295e-08
        dvar2: 1.18958951134e-07
        max: 0.00514118326828
        mean: 0.00219442672096
        min: 0.000422546989284
        var: 2.94271302437e-07
    spectral_rolloff:
        dmean: 294.320159912
        dmean2: 493.811096191
        dvar: 133089.25
        dvar2: 311699
        max: 4651.171875
        mean: 3748.77026367
        min: 1141.25976562
        var: 318193.75
    spectral_skewness:
        dmean: 0.0980793014169
        dmean2: 0.147971317172
        dvar: 0.00841628573835
        dvar2: 0.0147684626281
        max: 1.83382189274
        mean: 1.04530584812
        min: 0.48418366909
        var: 0.0363341867924
    spectral_spread:
        dmean: 349203.28125
        dmean2: 554702.25
        dvar: 140085673984
        dvar2: 265463726080
        max: 11287709
        mean: 6066771
        min: 4135347.75
        var: 536109023232
    spectral_strongpeak:
        dmean: 0.449411809444
        dmean2: 0.755762338638
        dvar: 1.34232461452
        dvar2: 3.41546320915
        max: 16.974527359
        mean: 0.660334646702
        min: 0.0311432667077
        var: 1.67543923855
    zerocrossingrate:
        dmean: 0.00889668799937
        dmean2: 0.0105514172465
        dvar: 6.10196839261e-05
        dvar2: 7.86594973761e-05
        max: 0.17578125
        mean: 0.107076011598
        min: 0.048828125
        var: 0.000542915833648
    barkbands:
        dmean: [3.49388180609e-08, 2.09605041164e-05, 9.66532024904e-05, 0.000136046524858, 0.000329938979121, 0.000371753878426, 0.000165948047652, 8.1599187979e-05, 0.000108241161797, 2.66194638243e-05, 5.77386963414e-05, 1.11212502816e-05, 5.69583498873e-05, 8.36247490952e-05, 3.47601489921e-05, 5.30277357029e-05, 8.98679281818e-05, 0.000171852996573, 0.000206509153941, 0.000256461149547, 0.000108488056867, 3.20173494401e-05, 6.70547660775e-06, 2.46664194492e-06, 1.07165431018e-06, 4.33914699727e-08, 4.50148057718e-10]
        dmean2: [3.8700729732e-08, 3.30280126946e-05, 0.000151864034706, 0.000225212570513, 0.000533658952918, 0.00061878451379, 0.000270295218797, 0.000113333153422, 0.000158677372383, 3.99643322453e-05, 8.73218450579e-05, 1.76196772372e-05, 8.51761797094e-05, 0.000123008707305, 5.82422035222e-05, 7.60162001825e-05, 0.000126867831568, 0.000271510187304, 0.000328706519213, 0.000380626908736, 0.000165947931237, 5.06729011249e-05, 1.081870505e-05, 4.07628840549e-06, 1.76521734829e-06, 6.47252065278e-08, 6.48211428977e-10]
        dvar: [3.55795227265e-13, 1.07248121495e-09, 1.97201046603e-08, 4.7188542851e-08, 1.57911998144e-07, 2.60724846157e-07, 9.77017862169e-08, 3.07266851962e-08, 1.08267208532e-07, 2.49092457771e-09, 4.06237532502e-08, 9.18750020507e-10, 1.54884993719e-08, 3.5974760948e-08, 1.26669608136e-08, 2.63122359456e-08, 2.156459189e-08, 8.4962557878e-08, 7.49661310806e-08, 5.19178911418e-07, 8.5126544036e-08, 3.11475534254e-09, 3.90554567853e-11, 5.4116264421e-12, 1.26128491332e-12, 2.27093344807e-15, 2.03679329207e-17]
        dvar2: [3.56778815476e-13, 2.64640820369e-09, 4.07250730916e-08, 1.07494294355e-07, 4.13505262031e-07, 6.67635788432e-07, 2.19241925947e-07, 4.767966999e-08, 1.91890777046e-07, 4.40347269759e-09, 8.53270236689e-08, 1.83854931279e-09, 3.51226105977e-08, 6.38817070353e-08, 2.47984619506e-08, 3.5137372123e-08, 4.4829011614e-08, 2.01606923156e-07, 1.41138414733e-07, 6.48341369924e-07, 1.18723654907e-07, 6.85116718913e-09, 9.05870239931e-11, 1.44164142429e-11, 3.34232316303e-12, 4.66598941017e-15, 2.05296715459e-17]
        max: [1.23992203953e-05, 0.000370343273971, 0.00201637903228, 0.00184921571054, 0.0032976847142, 0.00628231139854, 0.00402036029845, 0.00305693014525, 0.0038091300521, 0.000786608317867, 0.00325804390013, 0.000473110470921, 0.00160959595814, 0.00303016509861, 0.00176024937537, 0.00271976925433, 0.00179713801481, 0.00404159817845, 0.0036912932992, 0.0167221967131, 0.00638301344588, 0.000838701904286, 7.30295141693e-05, 2.96820908261e-05, 1.03093570942e-05, 4.87491718104e-07, 9.38584250321e-08]
        mean: [3.54892080168e-08, 4.44269644504e-05, 0.000198201843887, 0.000248437019764, 0.00068766757613, 0.000715180358384, 0.00034732039785, 0.00013500379282, 0.00022934016306, 5.38396379852e-05, 0.000107101572212, 1.75956138264e-05, 0.000117333715025, 0.000173370921402, 5.885884093e-05, 9.41643520491e-05, 0.000150513486005, 0.000357738434104, 0.000493123603519, 0.000629621325061, 0.000251428544289, 9.18561927392e-05, 2.24248396989e-05, 9.12195173441e-06, 3.69695931113e-06, 1.26172366777e-07, 4.27641921874e-10]
        min: [5.61498660068e-11, 6.08049219863e-08, 6.71168493227e-07, 5.30971647095e-07, 4.8196861826e-06, 4.75985234516e-06, 1.5182243942e-06, 1.0366530887e-06, 3.38609225992e-07, 5.46925491562e-07, 8.57283382061e-08, 3.90498264835e-08, 5.36038520238e-08, 2.3347251954e-07, 3.58134741418e-07, 1.8896103029e-06, 3.02711896438e-06, 2.89337458526e-05, 1.35766267704e-05, 1.19705027828e-05, 3.21138509207e-06, 7.29556518309e-07, 3.67321291606e-07, 8.54851123222e-08, 3.95342603099e-08, 2.09204076285e-09, 6.4773957953e-14]
        var: [3.55252773813e-13, 4.99083752104e-09, 7.89645966393e-08, 1.37263384659e-07, 3.88367453752e-07, 4.56587002873e-07, 1.79585370574e-07, 1.05611988488e-07, 2.5028515438e-07, 8.00901744924e-09, 6.53904379533e-08, 1.16032494724e-09, 3.74208397602e-08, 1.08825354062e-07, 1.69718337162e-08, 4.47765238221e-08, 4.13511713759e-08, 1.28515722508e-07, 1.49577871866e-07, 2.20696301767e-06, 1.95054965957e-07, 6.25331919579e-09, 1.27208438228e-10, 2.14983222196e-11, 3.99381049065e-12, 7.73669136704e-15, 2.03326685568e-17]
    mfcc:
        mean: [-689.843261719, 73.7069473267, -19.5172348022, 63.5358581543, -19.9078731537, -12.9221515656, -10.3981018066, -16.5314502716, -17.4636192322, -5.53324270248, -6.33631944656, -7.20582962036, -11.8949022293]
        cov: [[883.417114258, 313.550506592, -342.289489746, -333.815124512, -56.5195350647, 76.5656356812, -103.614486694, -9.62838935852, 31.8705024719, 35.9544944763, 107.350074768, -3.49582791328, -1.53555214405], [313.550506592, 434.664855957, -138.059783936, -238.445968628, -45.1209793091, 28.6071109772, -44.6368217468, 11.9028549194, 12.38027668, 34.4436988831, 86.0381393433, 0.463268578053, -13.5661039352], [-342.289489746, -138.059783936, 407.519989014, 336.213806152, 98.1121520996, -35.4355201721, 96.6055603027, 26.2961025238, -4.37304878235, -13.573759079, -52.1376495361, 14.1283140182, 8.42551803589], [-333.815124512, -238.445968628, 336.213806152, 453.204467773, 174.984985352, -26.9954471588, 81.3417663574, 30.2463722229, 38.3641433716, -7.11378717422, -73.7414474487, 26.4468574524, 29.1407413483], [-56.5195350647, -45.1209793091, 98.1121520996, 174.984985352, 187.398452759, 54.5452079773, 31.361410141, 16.197927475, 44.8137550354, 10.9445447922, -16.7509250641, 21.814453125, 18.0899848938], [76.5656356812, 28.6071109772, -35.4355201721, -26.9954471588, 54.5452079773, 121.619995117, 50.3019294739, 1.20919263363, 7.67132043839, 7.22290086746, 7.2421374321, 10.1947288513, 22.0956192017], [-103.614486694, -44.6368217468, 96.6055603027, 81.3417663574, 31.361410141, 50.3019294739, 117.17375946, 30.3136825562, -7.80711126328, -10.3777427673, -17.3255500793, 25.8977661133, 23.2013530731], [-9.62838935852, 11.9028549194, 26.2961025238, 30.2463722229, 16.197927475, 1.20919263363, 30.3136825562, 71.98046875, 32.588104248, -4.53306531906, 0.269132167101, 7.21272802353, -0.275107830763], [31.8705024719, 12.38027668, -4.37304878235, 38.3641433716, 44.8137550354, 7.67132043839, -7.80711126328, 32.588104248, 73.7954025269, 30.676530838, -1.49193644524, 1.61805152893, 2.76614999771], [35.9544944763, 34.4436988831, -13.573759079, -7.11378717422, 10.9445447922, 7.22290086746, -10.3777427673, -4.53306531906, 30.676530838, 65.5597229004, 27.3921890259, 3.08707976341, -0.523153245449], [107.350074768, 86.0381393433, -52.1376495361, -73.7414474487, -16.7509250641, 7.2421374321, -17.3255500793, 0.269132167101, -1.49193644524, 27.3921890259, 71.4066238403, 18.5154762268, -6.92906141281], [-3.49582791328, 0.463268578053, 14.1283140182, 26.4468574524, 21.814453125, 10.1947288513, 25.8977661133, 7.21272802353, 1.61805152893, 3.08707976341, 18.5154762268, 68.2393569946, 34.6985092163], [-1.53555214405, -13.5661039352, 8.42551803589, 29.1407413483, 18.0899848938, 22.0956192017, 23.2013530731, -0.275107830763, 2.76614999771, -0.523153245449, -6.92906141281, 34.6985092163, 64.0592498779]]
        icov: [[0.00229975022376, -0.000855409540236, 0.00104918342549, -0.000155501096742, 0.000344083528034, -0.00144344347063, 0.00123176933266, 7.5895091868e-05, -0.00108318927232, 0.000940735510085, -0.00183300604112, 0.00037488740054, -0.000585252593737], [-0.000855409540236, 0.00471610017121, -0.00218861363828, 0.00395403755829, -0.00174588838127, 0.00076957186684, 9.02412939467e-05, -0.00101894093677, -0.00102568953298, -0.000410507112974, -0.00244477996603, 0.000490338890813, -0.000831176235806], [0.00104918342549, -0.00218861363828, 0.00963346008211, -0.00761830061674, 0.000871846044902, 0.00171119731385, -0.00398108735681, -0.000179030568688, 0.00360482279211, -0.000729697814677, -0.000594257959165, 0.00143978535198, 0.0013590947492], [-0.000155501096742, 0.00395403755829, -0.00761830061674, 0.0148090366274, -0.00879116356373, 0.00595381204039, -0.00244885426946, 0.000801054469775, -0.00444482965395, -9.88727624645e-05, 0.00162507290952, -0.000176334782736, -0.00311926798895], [0.000344083528034, -0.00174588838127, 0.000871846044902, -0.00879116356373, 0.0160870552063, -0.0110827488825, 0.00553019298241, 0.000258733227383, -0.00400818232447, 0.00144023366738, 7.0302055974e-05, -0.00393510470167, 0.00312488316558], [-0.00144344347063, 0.00076957186684, 0.00171119731385, 0.00595381204039, -0.0110827488825, 0.0229247659445, -0.0157264135778, 0.00589221948758, -0.00264918501489, 0.000590623239987, -0.00252262735739, 0.00616627139971, -0.00535520678386], [0.00123176933266, 9.02412939467e-05, -0.00398108735681, -0.00244885426946, 0.00553019298241, -0.0157264135778, 0.0260103493929, -0.0129559291527, 0.00922206509858, -0.00412100274116, 0.00575347896665, -0.00797393172979, 0.000582401349675], [7.5895091868e-05, -0.00101894093677, -0.000179030568688, 0.000801054469775, 0.000258733227383, 0.00589221948758, -0.0129559291527, 0.0291624870151, -0.0208248142153, 0.0126820309088, -0.00766696594656, 0.00196541426703, 0.00126634573098], [-0.00108318927232, -0.00102568953298, 0.00360482279211, -0.00444482965395, -0.00400818232447, -0.00264918501489, 0.00922206509858, -0.0208248142153, 0.0383303426206, -0.0203723404557, 0.0117760654539, -0.00214962195605, 0.000537401298061], [0.000940735510085, -0.000410507112974, -0.000729697814677, -9.88727624645e-05, 0.00144023366738, 0.000590623239987, -0.00412100274116, 0.0126820309088, -0.0203723404557, 0.0306197237223, -0.0157755352557, 0.0042390730232, -0.00185960275121], [-0.00183300604112, -0.00244477996603, -0.000594257959165, 0.00162507290952, 7.0302055974e-05, -0.00252262735739, 0.00575347896665, -0.00766696594656, 0.0117760654539, -0.0157755352557, 0.0335199534893, -0.0145150143653, 0.00836137775332], [0.00037488740054, 0.000490338890813, 0.00143978535198, -0.000176334782736, -0.00393510470167, 0.00616627139971, -0.00797393172979, 0.00196541426703, -0.00214962195605, 0.0042390730232, -0.0145150143653, 0.0292151048779, -0.0153828188777], [-0.000585252593737, -0.000831176235806, 0.0013590947492, -0.00311926798895, 0.00312488316558, -0.00535520678386, 0.000582401349675, 0.00126634573098, 0.000537401298061, -0.00185960275121, 0.00836137775332, -0.0153828188777, 0.0266182255]]
    spectral_contrast:
        mean: [1.55565356152e-08, 4.27101952027e-07, -4.61608316016e-08, 3.50367002966e-07, 2.71808211494e-08, 1.23831412679e-07, 1.14356066661e-06, 9.44395594615e-07, -9.04693649773e-07, -1.46169350046e-06, -5.96322422552e-07, -2.72539477919e-06]
        var: [0.000214956031414, 0.00096499430947, 0.00141122925561, 0.00318001792766, 0.00381859345362, 0.00782478880137, 0.0278841145337, 0.0567731820047, 0.0855717808008, 0.119785487652, 0.379466056824, 0.642828226089]

rhythm:
    beats_loudness:
        dmean: 0.00363641558215
        dmean2: 0.0068662003614
        dvar: 3.08462877001e-05
        dvar2: 0.000102578043879
        max: 0.022068683058
        mean: 0.00602140696719
        min: 0.00211475579999
        var: 1.9143541067e-05
    beats_loudness_bass:
        dmean: 0.101907163858
        dmean2: 0.189402192831
        dvar: 0.00963032618165
        dvar2: 0.0276364088058
        max: 0.422897160053
        mean: 0.0861529484391
        min: 0.00109111226629
        var: 0.0106643615291
    bpm: 109.031433105
    bpm_confidence: 0
    first_peak_bpm: 112
    first_peak_spread: 0.352941155434
    first_peak_weight: 0.611111104488
    onset_rate: 2.79134106636
    second_peak_bpm: 87
    second_peak_spread: 0
    second_peak_weight: 0.0555555559695
    beats_position: [0.0405313409865, 0.574414670467, 1.10829806328, 1.64218139648, 2.17606472969, 2.70994830132, 3.2438313961, 3.77771472931, 4.3115978241, 4.84548091888, 5.37936449051, 5.9132475853, 6.59951734543, 7.15232610703, 7.70513534546, 8.25794410706, 8.81075286865, 9.36356258392, 9.91637134552]
    bpm_estimates: [110.51587677, 108.633605957, 108.513015747, 108.463241577]
    bpm_intervals: [0.533883333206, 0.533883392811, 0.533883333206, 0.533883333206, 0.533883571625, 0.533883094788, 0.533883333206, 0.533883094788, 0.533883094788, 0.533883571625, 0.533883094788, 0.686269760132, 0.552808761597, 0.552809238434, 0.552808761597, 0.552808761597, 0.552809715271, 0.552808761597]
    onset_times: [0.0348299331963, 0.243809521198, 0.580498874187, 0.801088452339, 1.06811785698, 1.42802715302, 1.47446715832, 1.764716506, 1.98530614376, 2.47292518616, 2.80961441994, 2.84444451332, 3.5178232193, 4.07510185242, 4.55111122131, 4.82975053787, 5.30575942993, 5.67727899551, 6.31582784653, 6.67573690414, 6.88471651077, 7.25623559952, 7.38394546509, 7.60453510284, 7.99927425385, 8.44045352936, 9.07900238037, 9.65950107574]
    rubato_start: []
    rubato_stop: []
    perceptual_tempo: "unknown"

sfx:
    inharmonicity:
        dmean: 0.0514301881194
        dmean2: 0.092137157917
        dvar: 0.00353870587423
        dvar2: 0.0107777724043
        max: 0.440538227558
        mean: 0.0539080873132
        min: 0
        var: 0.00352668599226
    oddtoevenharmonicenergyratio:
        dmean: 2.52077174187
        dmean2: 4.65737342834
        dvar: 30.4593429565
        dvar2: 86.2164459229
        max: 44.7607307434
        mean: 1.91237711906
        min: 0
        var: 20.2274513245
    pitch_after_max_to_before_max_energy_ratio: 1.31563615799
    pitch_centroid: 211.274154663
    pitch_max_to_total: 0.4375
    pitch_min_to_total: 0.689814805984
    tristimulus:
        dmean: [0.20819580555, 0.269847273827, 0.163638204336]
        dmean2: [0.370717436075, 0.467361837626, 0.292740911245]
        dvar: [0.0335879214108, 0.0461515784264, 0.0238337107003]
        dvar2: [0.100666806102, 0.130297645926, 0.0682365000248]
        max: [1, 0.984522819519, 0.88506102562]
        mean: [0.321310371161, 0.45978474617, 0.168384239078]
        min: [0.000683123827912, 0, 0]
        var: [0.0442592091858, 0.0648502781987, 0.0294630173594]

tonal:
    chords_changes_rate: 0.110599078238
    chords_number_rate: 0.0414746552706
    chords_strength:
        dmean: 0.0142867797986
        dmean2: 0.0152818029746
        dvar: 0.00014127214672
        dvar2: 0.000179397626198
        max: 0.599460542202
        mean: 0.406362146139
        min: 0.267468094826
        var: 0.00497702881694
    key_strength: 0.689056992531
    tuning_diatonic_strength: 0.513886392117
    tuning_equal_tempered_deviation: 0.179916217923
    tuning_frequency: 445.884552002
    tuning_nontempered_energy_ratio: 0.812880635262
    hpcp:
        dmean: [0.156330808997, 0.146077498794, 0.138489082456, 0.15636228025, 0.198457881808, 0.217124283314, 0.215409696102, 0.124739728868, 0.087833032012, 0.124190844595, 0.138954281807, 0.0969431549311, 0.0911169722676, 0.11532689631, 0.124278478324, 0.122298717499, 0.0907960310578, 0.0851951539516, 0.115411557257, 0.149956434965, 0.189365446568, 0.204185470939, 0.174700185657, 0.133388191462, 0.134875282645, 0.140147045255, 0.140312612057, 0.143451362848, 0.139334872365, 0.0996657386422, 0.0577829740942, 0.0640461817384, 0.0869742929935, 0.11402117461, 0.129715546966, 0.142294630408]
        dmean2: [0.251480013132, 0.249749898911, 0.246613487601, 0.272261083126, 0.339993923903, 0.371757566929, 0.349629074335, 0.206651836634, 0.153194323182, 0.208111777902, 0.221186637878, 0.161472439766, 0.158847510815, 0.189814984798, 0.197427734733, 0.208592921495, 0.153927966952, 0.149668246508, 0.202741369605, 0.254457861185, 0.328788131475, 0.33870562911, 0.300865054131, 0.235075071454, 0.224524438381, 0.228591650724, 0.23932993412, 0.242023006082, 0.226364329457, 0.167810976505, 0.098960660398, 0.107453979552, 0.146413773298, 0.188214719296, 0.225610896945, 0.244557633996]
        dvar: [0.0355157926679, 0.0335607714951, 0.0417153500021, 0.0408635437489, 0.0424673706293, 0.0523898042738, 0.0511629730463, 0.0230836030096, 0.0172339901328, 0.0242515131831, 0.0252903979272, 0.0195494368672, 0.0288795586675, 0.0317444950342, 0.0372113063931, 0.0468430183828, 0.0228908415884, 0.0180381536484, 0.0398359633982, 0.0554942637682, 0.049647744745, 0.058047298342, 0.0433172732592, 0.0302646644413, 0.0351685322821, 0.0335939899087, 0.0328226834536, 0.0338600464165, 0.0286762192845, 0.0241660755128, 0.0134291062132, 0.01363066677, 0.0218953471631, 0.0209692679346, 0.0299184229225, 0.0331693552434]
        dvar2: [0.083682693541, 0.101691238582, 0.116131961346, 0.109474815428, 0.11480127275, 0.125903114676, 0.134047761559, 0.0593134574592, 0.0504492595792, 0.066583789885, 0.0592727474868, 0.0451491996646, 0.0725633502007, 0.081669472158, 0.0956528931856, 0.118176206946, 0.0543437115848, 0.0437810942531, 0.109849222004, 0.132885470986, 0.115960434079, 0.127447381616, 0.103626765311, 0.0740441381931, 0.0909332036972, 0.0726885572076, 0.0659055784345, 0.0733667612076, 0.0692771375179, 0.0637243241072, 0.0374698191881, 0.0391806364059, 0.0594601333141, 0.0514311976731, 0.0800770074129, 0.0828597396612]
        max: [1, 1, 1, 1, 1, 1, 1, 1, 0.902054131031, 1, 1, 1, 1, 1, 1, 1, 1, 1, 1, 1, 1, 1, 1, 1, 1, 1, 1, 1, 1, 0.956175744534, 0.991299152374, 0.917382419109, 1, 1, 1, 1]
        mean: [0.270070075989, 0.200583994389, 0.146824792027, 0.180137962103, 0.281694620848, 0.469339042902, 0.438247084618, 0.189347669482, 0.106306664646, 0.180958047509, 0.203005567193, 0.145210415125, 0.126066341996, 0.149514213204, 0.156048595905, 0.135361507535, 0.110664226115, 0.0961615592241, 0.106555610895, 0.157367900014, 0.308205574751, 0.37403395772, 0.240949362516, 0.155365586281, 0.165151387453, 0.182343408465, 0.207085505128, 0.238133564591, 0.205391407013, 0.109750315547, 0.0604513324797, 0.073710359633, 0.113030694425, 0.1632065624, 0.180750131607, 0.225973173976]
        min: [0.0035053032916, 0.00482408795506, 0.00747328391299, 0.00840738136321, 0.0128846783191, 0.00929546169937, 0.00620708661154, 0.00333775323816, 0.00580052472651, 0.0113690886647, 0.011287836358, 0.0137907834724, 0.008326260373, 0.00650937249884, 0.0011191223748, 0.00631233630702, 0.00473629962653, 0.00265417760238, 0.00174546253402, 0.00125368963927, 0.00146024872083, 0.00184337142855, 0.00517958914861, 0.00210148841143, 0.00214185658842, 0.00214800355025, 0.00285753631033, 0.00885390117764, 0.00992720294744, 0.00773079926148, 0.00153732823674, 0.00275056180544, 0.00351484958082, 0.00645040115342, 0.00769393937662, 0.0140598407015]
        var: [0.0700176656246, 0.0431066118181, 0.0460551679134, 0.0469587929547, 0.0634991079569, 0.121432587504, 0.132802724838, 0.0349545665085, 0.0170586686581, 0.0319008603692, 0.0405538342893, 0.0251408331096, 0.0294379554689, 0.0350469611585, 0.0451878271997, 0.0497566796839, 0.0361341424286, 0.022516656667, 0.0347167029977, 0.0698851644993, 0.102503657341, 0.126106515527, 0.0622758716345, 0.0455050989985, 0.0440046191216, 0.0459724329412, 0.0504670552909, 0.0698178261518, 0.051099229604, 0.0229708943516, 0.00967376027256, 0.0110573200509, 0.0218223053962, 0.0284129250795, 0.0340760461986, 0.0498220100999]
    chords_histogram: [23.041475296, 0, 0, 7.8341012001, 0, 1.38248848915, 0, 0, 0, 0, 1.84331798553, 0, 0, 0, 2.7649769783, 25.8064517975, 0, 8.29493045807, 0, 4.14746522903, 0, 0, 24.8847923279, 0]
    thpcp: [1, 0.933753728867, 0.403434723616, 0.226502925158, 0.38555932045, 0.432535022497, 0.309393435717, 0.268603980541, 0.318563342094, 0.332485854626, 0.288408786058, 0.235787391663, 0.204887196422, 0.227033346891, 0.335296839476, 0.656680047512, 0.796937644482, 0.513380169868, 0.331030607224, 0.351880788803, 0.388511061668, 0.441227942705, 0.507380664349, 0.437618404627, 0.233840152621, 0.128800988197, 0.157051414251, 0.240829512477, 0.347737014294, 0.38511633873, 0.481471061707, 0.575426399708, 0.427375465631, 0.312833100557, 0.383812010288, 0.600194334984]
    chords_key: "A"
    chords_scale: "minor"
    key_key: "E"
    key_scale: "major"
    chords_progression: ["Bm", "Bm", "Em", "Em", "Em", "Em", "Em", "Em", "Em", "Em", "Am", "Am", "Em", "Em", "Em", "Em", "E", "E", "E", "E", "E", "Em", "Em", "Em", "Em", "Em", "Em", "E", "Am", "Am", "Am", "Am", "Am", "Am", "Am", "Am", "Am", "Am", "Am", "Am", "Am", "Am", "Am", "Am", "Am", "Am", "Am", "Am", "Am", "Am", "Am", "F", "F", "F", "F", "F", "F", "Am", "Am", "Am", "Am", "Am", "Am", "Am", "Am", "Am", "Am", "Am", "Am", "Am", "D#", "D#", "D#", "D#", "D#m", "D#m", "D#m", "D#m", "D#m", "D#m", "D#m", "D#m", "D#m", "D#m", "E", "D#m", "D#m", "D#m", "D#m", "D#m", "D#m", "D#m", "E", "E", "E", "E", "E", "E", "A", "A", "A", "A", "A", "A", "A", "A", "A", "A", "A", "A", "A", "Am", "Am", "Am", "Am", "Am", "Am", "Am", "Am", "Am", "Am", "Am", "Am", "E", "E", "Am", "Am", "Am", "E", "E", "E", "E", "E", "E", "E", "E", "E", "E", "E", "E", "E", "E", "E", "E", "E", "E", "E", "E", "E", "E", "E", "E", "E", "Am", "Am", "Am", "A", "A", "A", "A", "A", "A", "A", "A", "A", "A", "A", "A", "A", "A", "A", "A", "A", "A", "A", "A", "A", "A", "A", "A", "A", "A", "A", "A", "A", "A", "A", "A", "A", "A", "A", "A", "A", "A", "A", "A", "A", "E", "E", "E", "E", "E", "E", "E", "E", "E", "E", "A#m", "A#m", "A#m", "Bm", "Bm", "Bm", "Bm", "Bm", "Bm", "Bm"]
