
metadata:
    version:
        essentia: "1.2.2"
    audio_properties:
        analysis_sample_rate: 44100
        bitrate: 128
        channels: 2
        equal_loudness: 1
        length: 10.1093873978
        replay_gain: -5.25124359131
        downmix: "mix"
    tags:
        track: 18
        year: 0
        album: "Splitted by Mp3Splt v. 2.1"
        artist: "From 002.50 To 003.00"
        comment: "http://mp3splt.sf.net"
        genre: ""
        title: "02 Golden Age of Life.mp3"

highlevel:
    ballroom:
        all:
            ChaChaCha: 0.00404567085207
            Jive: 0.00297734281048
            Quickstep: 0.00861873384565
            Rumba-American: 0.010911966674
            Rumba-International: 0.307326048613
            Rumba-Misc: 0.147252768278
            Samba: 0.00229816208594
            Tango: 0.0197024382651
            VienneseWaltz: 0.144552066922
            Waltz: 0.352314800024
        probability: 0.352314800024
        value: "Waltz"
    culture:
        all:
            non_western: 0.0782611891627
            western: 0.921738803387
        probability: 0.921738803387
        value: "western"
    gender:
        all:
            female: 0.608224570751
            male: 0.391775399446
        probability: 0.608224570751
        value: "female"
    genre_dortmund:
        all:
            alternative: 0.0965183898807
            blues: 0.0179531872272
            electronic: 0.0251018125564
            folkcountry: 0.234305262566
            funksoulrnb: 0.0149412620813
            jazz: 0.44698831439
            pop: 0.135031402111
            raphiphop: 0.000604019500315
            rock: 0.0285563394427
        probability: 0.44698831439
        value: "jazz"
    genre_electronica:
        all:
            ambient: 0.890316784382
            dnb: 0.0160006973892
            house: 0.0499556325376
            techno: 0.00676227500662
            trance: 0.036964636296
        probability: 0.890316784382
        value: "ambient"
    genre_rosamerica:
        all:
            cla: 0.130072489381
            dan: 0.0205120611936
            hip: 0.00789139326662
            jaz: 0.0954001322389
            pop: 0.267195343971
            rhy: 0.102876290679
            roc: 0.369257837534
            spe: 0.0067944531329
        probability: 0.369257837534
        value: "roc"
    genre_tzanetakis:
        all:
            blu: 0.0685333386064
            cla: 0.0846181660891
            cou: 0.33304977417
            dis: 0.031338147819
            hip: 0.00641310121864
            jaz: 0.0963442251086
            met: 0.0116743752733
            pop: 0.0572496838868
            reg: 0.0201573316008
            roc: 0.290621846914
        probability: 0.33304977417
        value: "cou"
    live_studio:
        all:
            live: 0.246962994337
            studio: 0.753037035465
        probability: 0.753037035465
        value: "studio"
    mood:
        all:
            Cluster1: 0.0287243686616
            Cluster2: 0.0740440934896
            Cluster3: 0.85287219286
            Cluster4: 0.0361362472177
            Cluster5: 0.00822310242802
        probability: 0.85287219286
        value: "Cluster3"
    mood_acoustic:
        all:
            acoustic: 0.930350542068
            not_acoustic: 0.0696494653821
        probability: 0.930350542068
        value: "acoustic"
    mood_aggressive:
        all:
            aggressive: 0.00465778866783
            not_aggressive: 0.995342195034
        probability: 0.995342195034
        value: "not_aggressive"
    mood_electronic:
        all:
            electronic: 0.103467211127
            not_electronic: 0.896532773972
        probability: 0.896532773972
        value: "not_electronic"
    mood_happy:
        all:
            happy: 0.0908055528998
            not_happy: 0.909194469452
        probability: 0.909194469452
        value: "not_happy"
    mood_party:
        all:
            not_party: 0.984861552715
            party: 0.0151384556666
        probability: 0.984861552715
        value: "not_party"
    mood_relaxed:
        all:
            not_relaxed: 0.0696853324771
            relaxed: 0.930314660072
        probability: 0.930314660072
        value: "relaxed"
    mood_sad:
        all:
            not_sad: 0.0779658406973
            sad: 0.922034144402
        probability: 0.922034144402
        value: "sad"
    rhythm:
        all:
            fast: 0.149617239833
            medium: 0.350115865469
            slow: 0.500266909599
        probability: 0.500266909599
        value: "slow"
    speech_music:
        all:
            music: 0.998021006584
            speech: 0.00197896966711
        probability: 0.998021006584
        value: "music"
    timbre:
        all:
            bright: 0.0161486063153
            dark: 0.983851373196
        probability: 0.983851373196
        value: "dark"
    voice_instrumental:
        all:
            instrumental: 0.99999320507
            voice: 6.78592323311e-06
        probability: 0.99999320507
        value: "instrumental"

lowlevel:
    average_loudness: 0.943318128586
    barkbands_kurtosis:
        dmean: 2.99170446396
        dmean2: 4.7461400032
        dvar: 21.0582637787
        dvar2: 51.7596435547
        max: 58.4882621765
        mean: 5.35879611969
        min: -1.81443071365
        var: 31.9948863983
    barkbands_skewness:
        dmean: 0.499699443579
        dmean2: 0.779558598995
        dvar: 0.283369988203
        dvar2: 0.66650313139
        max: 6.91553592682
        mean: 2.04574561119
        min: -1.84664654732
        var: 0.660503745079
    barkbands_spread:
        dmean: 3.19577097893
        dmean2: 5.05415725708
        dvar: 14.9465799332
        dvar2: 31.5312919617
        max: 53.2300071716
        mean: 11.954044342
        min: 1.64457833767
        var: 37.4898948669
    dissonance:
        dmean: 0.0275317076594
        dmean2: 0.045091919601
        dvar: 0.0005692053237
        dvar2: 0.00135226303246
        max: 0.49717438221
        mean: 0.412816375494
        min: 0.24005036056
        var: 0.00170283857733
    hfc:
        dmean: 0.625508964062
        dmean2: 0.947054862976
        dvar: 2.40038847923
        dvar2: 6.39540052414
        max: 25.2124423981
        mean: 2.15534114838
        min: 2.15499426304e-06
        var: 4.15979862213
    pitch:
        dmean: 96.3420410156
        dmean2: 189.028015137
        dvar: 210062.015625
        dvar2: 625023.5
        max: 4410
        mean: 231.887786865
        min: 65.0442504883
        var: 114238.46875
    pitch_instantaneous_confidence:
        dmean: 0.071976877749
        dmean2: 0.112684555352
        dvar: 0.00583250587806
        dvar2: 0.0129550481215
        max: 0.905522584915
        mean: 0.548013269901
        min: 0.0148476362228
        var: 0.02764695324
    pitch_salience:
        dmean: 0.0624114051461
        dmean2: 0.0968045517802
        dvar: 0.00333153898828
        dvar2: 0.00753812259063
        max: 0.907207548618
        mean: 0.553611636162
        min: 0.170748844743
        var: 0.0129393143579
    silence_rate_20dB:
        dmean: 0
        dmean2: 0
        dvar: 0
        dvar2: 0
        max: 1
        mean: 1
        min: 1
        var: 0
    silence_rate_30dB:
        dmean: 0
        dmean2: 0
        dvar: 0
        dvar2: 0
        max: 1
        mean: 1
        min: 1
        var: 0
    silence_rate_60dB:
        dmean: 0.0779816508293
        dmean2: 0.156321838498
        dvar: 0.071900382638
        dvar2: 0.159471794963
        max: 1
        mean: 0.512585818768
        min: 0
        var: 0.249840334058
    spectral_centroid:
        dmean: 100.096794128
        dmean2: 158.508285522
        dvar: 38508.8789062
        dvar2: 96896.0078125
        max: 3355.91870117
        mean: 550.132385254
        min: 288.354370117
        var: 52191.3632812
    spectral_complexity:
        dmean: 1.37931036949
        dmean2: 2.25576043129
        dvar: 2.60325098038
        dvar2: 6.45301771164
        max: 26
        mean: 7.54128456116
        min: 0
        var: 10.9959993362
    spectral_crest:
        dmean: 2.35702991486
        dmean2: 3.69292116165
        dvar: 4.80244636536
        dvar2: 11.9609203339
        max: 25.7046165466
        mean: 12.0703792572
        min: 3.47198009491
        var: 19.1993331909
    spectral_decrease:
        dmean: 2.499901397e-10
        dmean2: 3.84784065721e-10
        dvar: 1.23082239175e-19
        dvar2: 3.05294088572e-19
        max: -8.07088091072e-16
        mean: -1.00573371853e-09
        min: -4.79355843908e-09
        var: 5.38028979485e-19
    spectral_energy:
        dmean: 0.000979895470664
        dmean2: 0.00150741543621
        dvar: 1.88177455129e-06
        dvar2: 4.64306685899e-06
        max: 0.0188317447901
        mean: 0.00399136217311
        min: 3.2416067608e-09
        var: 8.42067493068e-06
    spectral_energyband_high:
        dmean: 2.58236159425e-05
        dmean2: 4.48008504463e-05
        dvar: 2.9566340487e-08
        dvar2: 8.25962587214e-08
        max: 0.00247933203354
        mean: 2.85768892354e-05
        min: 7.19797069171e-11
        var: 2.01781702458e-08
    spectral_energyband_low:
        dmean: 7.15934802429e-05
        dmean2: 0.000102775229607
        dvar: 1.09684412664e-08
        dvar2: 2.38551383092e-08
        max: 0.0012728566071
        mean: 0.000199244401301
        min: 7.95373156226e-10
        var: 3.54371714195e-08
    spectral_energyband_middle_high:
        dmean: 0.000174631612026
        dmean2: 0.000261711888015
        dvar: 9.63320800906e-08
        dvar2: 2.08447346495e-07
        max: 0.00506757898256
        mean: 0.000497637316585
        min: 4.28387353368e-10
        var: 2.76193219406e-07
    spectral_energyband_middle_low:
        dmean: 0.000942062702961
        dmean2: 0.00148627674207
        dvar: 1.77763934062e-06
        dvar2: 4.47795537184e-06
        max: 0.01718714647
        mean: 0.00326590659097
        min: 1.79010339885e-09
        var: 6.41237602395e-06
    spectral_flatness_db:
        dmean: 0.0177732147276
        dmean2: 0.0287718661129
        dvar: 0.000362096121535
        dvar2: 0.000706916442141
        max: 0.390532165766
        mean: 0.241256639361
        min: 0.0641323179007
        var: 0.00134108157363
    spectral_flux:
        dmean: 0.00637798849493
        dmean2: 0.0103393578902
        dvar: 8.08014592621e-05
        dvar2: 0.000202225026442
        max: 0.10182492435
        mean: 0.0243670027703
        min: 5.69351104787e-05
        var: 0.000211872567888
    spectral_kurtosis:
        dmean: 5.25301933289
        dmean2: 9.00761985779
        dvar: 44.5565948486
        dvar2: 132.852935791
        max: 86.4636611938
        mean: 14.1739187241
        min: 0.984218358994
        var: 135.400177002
    spectral_rms:
        dmean: 0.00023116832017
        dmean2: 0.000340968108503
        dvar: 7.4110076298e-08
        dvar2: 1.54849146838e-07
        max: 0.00428630784154
        mean: 0.00184307387099
        min: 1.77835408977e-06
        var: 4.97090354656e-07
    spectral_rolloff:
        dmean: 271.367736816
        dmean2: 470.654052734
        dvar: 226680.328125
        dvar2: 479667.40625
        max: 5038.76953125
        mean: 813.915710449
        min: 279.931640625
        var: 333121.53125
    spectral_skewness:
        dmean: 0.42245349288
        dmean2: 0.704825639725
        dvar: 0.17234377563
        dvar2: 0.482221007347
        max: 7.00435066223
        mean: 2.68484473228
        min: 0.647550046444
        var: 0.659043729305
    spectral_spread:
        dmean: 445261.65625
        dmean2: 597269.1875
        dvar: 2.56686659994e+12
        dvar2: 2.40897779302e+12
        max: 31185772
        mean: 2973130.75
        min: 861189
        var: 4.37547958272e+12
    spectral_strongpeak:
        dmean: 0.148780167103
        dmean2: 0.244542628527
        dvar: 0.0290461778641
        dvar2: 0.0679365247488
        max: 1.67142081261
        mean: 0.405214190483
        min: 0
        var: 0.079630613327
    zerocrossingrate:
        dmean: 0.00549681205302
        dmean2: 0.00700582331046
        dvar: 4.55160952697e-05
        dvar2: 7.10401873221e-05
        max: 0.11865234375
        mean: 0.0351876057684
        min: 0.0048828125
        var: 0.000157791713718
    barkbands:
        dmean: [1.12848308476e-08, 1.8639550035e-05, 5.83463697694e-05, 0.000145964848343, 0.000597660429776, 0.00026809197152, 0.000219047098653, 0.000113952941319, 4.95896929351e-05, 6.39781501377e-05, 4.09467793361e-05, 1.86087290786e-05, 1.54688295879e-05, 1.39840640259e-05, 6.10031020187e-05, 8.48496620165e-06, 2.14275096369e-05, 2.61189179582e-05, 3.34463256877e-05, 2.59961198026e-05, 1.22845331134e-05, 4.19052821599e-06, 4.25018725991e-07, 2.50386733569e-07, 1.23538001162e-07, 2.02673238192e-08, 1.40564493378e-09]
        dmean2: [1.75496683852e-08, 2.75303136732e-05, 8.21816865937e-05, 0.000225403069635, 0.00101097673178, 0.00038810344995, 0.000311808136757, 0.000176633300725, 7.15646019671e-05, 8.90691953828e-05, 5.66347735003e-05, 2.87310940621e-05, 2.24673731282e-05, 2.23164242925e-05, 9.65285144048e-05, 1.37266752063e-05, 3.21258194163e-05, 4.30646141467e-05, 5.39241118531e-05, 4.44468278147e-05, 2.13307721424e-05, 7.38709240977e-06, 7.12049541107e-07, 4.01587158194e-07, 2.03091644835e-07, 3.45865167617e-08, 2.21715312776e-09]
        dvar: [1.20965952573e-14, 1.15378850918e-09, 7.08609837474e-09, 7.26650384308e-08, 1.14987108191e-06, 2.4022750722e-07, 1.09434509454e-07, 3.45038451144e-08, 1.90342124284e-08, 1.72707519397e-08, 4.10137124263e-09, 1.56851798216e-09, 5.90568927095e-09, 1.02901642762e-09, 9.20521792125e-09, 3.1833444214e-10, 1.53639068134e-09, 4.68879379767e-09, 9.41838340651e-09, 2.97345010836e-08, 5.69389468907e-09, 9.00967855877e-10, 3.14312811889e-12, 4.5938063466e-13, 1.29763604376e-13, 2.37338750405e-14, 3.27558466843e-16]
        dvar2: [3.04065752882e-14, 2.18953544184e-09, 1.54218557924e-08, 1.85818791465e-07, 3.14353587783e-06, 5.19510820141e-07, 2.45963747147e-07, 6.19731324036e-08, 3.06347871515e-08, 2.6295207789e-08, 7.04563030141e-09, 3.1744118445e-09, 1.11905578137e-08, 2.51560949849e-09, 2.60207713154e-08, 8.26227419815e-10, 3.08926595416e-09, 1.11786730983e-08, 2.32173835713e-08, 8.57346762473e-08, 1.55466555185e-08, 2.48620701804e-09, 7.90056735311e-12, 1.14867566414e-12, 2.95353341393e-13, 6.67720747942e-14, 8.40599043806e-16]
        max: [1.6242639731e-06, 0.000395477080019, 0.00127071631141, 0.00246278895065, 0.0115644996986, 0.00645765801892, 0.00418609660119, 0.00304251816124, 0.00260592950508, 0.00292952428572, 0.000947270542383, 0.000656637828797, 0.00163404794876, 0.000396645365981, 0.00129146361724, 0.000357557029929, 0.000549002375919, 0.00103807810228, 0.00123099423945, 0.00266856630333, 0.00105694809463, 0.000348043948179, 2.11260721699e-05, 6.12201438344e-06, 3.86562442145e-06, 2.47083835347e-06, 2.86710530872e-07]
        mean: [7.34610283715e-09, 7.22860277165e-05, 0.000126953731524, 0.000314984354191, 0.00144401646685, 0.000639356614556, 0.000476111483295, 0.000248811003985, 0.000101143748907, 0.00012068371143, 8.63468376338e-05, 2.93406155834e-05, 2.52741228906e-05, 2.25815092563e-05, 8.65377078298e-05, 1.49133475134e-05, 4.04502898164e-05, 4.31678854511e-05, 4.98124245496e-05, 3.09090355586e-05, 1.30700636873e-05, 3.38920585818e-06, 5.9600847635e-07, 4.06864899105e-07, 1.98056838485e-07, 1.87388096151e-08, 8.96592078359e-10]
        min: [2.91728897983e-11, 4.16531448222e-10, 2.27670576836e-10, 1.86788987055e-10, 3.60668106492e-10, 3.2667174521e-10, 3.00702990286e-10, 2.74142097911e-10, 3.12592979279e-10, 1.25051261013e-10, 6.59722207419e-11, 5.90351656449e-11, 4.55218918116e-11, 2.80211565756e-11, 2.84274964679e-11, 2.30825601688e-11, 3.24578038058e-11, 3.2381562709e-11, 1.19866972251e-11, 1.46949830776e-11, 8.84510780591e-12, 1.21296150207e-11, 8.37338445109e-12, 8.7639756563e-12, 8.48290535038e-12, 7.96336260822e-12, 5.82667974199e-13]
        var: [6.15030241837e-15, 8.16685474803e-09, 2.10754080854e-08, 1.44036377492e-07, 3.89989327232e-06, 7.27382939658e-07, 3.32859173113e-07, 1.61558361356e-07, 4.30631175163e-08, 5.4622855572e-08, 1.79973778103e-08, 2.9811697555e-09, 8.8075990945e-09, 1.64658164881e-09, 1.38226692314e-08, 6.74177380589e-10, 4.50762716042e-09, 7.65628449528e-09, 1.21664198716e-08, 1.88078637109e-08, 4.23739887623e-09, 5.85626047656e-10, 3.61036461144e-12, 9.07637029771e-13, 2.27241294358e-13, 1.59470367819e-14, 1.91307579214e-16]
    mfcc:
        mean: [-803.819519043, 192.557998657, -44.6295661926, 54.0192832947, -13.9557781219, -17.0729866028, -10.3150186539, -13.3322544098, -4.76371955872, -6.15887546539, -13.2911272049, -10.7399492264, -3.08241891861]
        cov: [[3820.7109375, -918.455810547, 317.796051025, -185.493270874, 8.77763557434, -108.226783752, 282.410522461, -60.5989990234, -216.193389893, -40.662322998, -86.1095657349, -114.331504822, -154.351043701], [-918.455810547, 1101.12854004, -251.951705933, 10.4280462265, -38.1102294922, 98.5905609131, -72.5372085571, 7.73163366318, 84.5875701904, -12.0505533218, 78.5696563721, 42.2602653503, 18.3150119781], [317.796051025, -251.951705933, 260.206115723, -75.3775939941, 45.4085006714, -8.39172077179, 77.5411071777, 0.243284657598, -53.7030563354, -5.25045728683, -0.97270488739, -13.3242797852, -37.1240386963], [-185.493270874, 10.4280462265, -75.3775939941, 296.568481445, 11.5047578812, 30.8719520569, -52.6966896057, 32.6542434692, 82.066192627, 20.663520813, 14.3458623886, 29.1933422089, 87.8628234863], [8.77763557434, -38.1102294922, 45.4085006714, 11.5047578812, 156.705780029, 33.177532196, 21.7124195099, 23.0761318207, 8.94338417053, 18.1231136322, -3.96943163872, -14.3440713882, 30.827753067], [-108.226783752, 98.5905609131, -8.39172077179, 30.8719520569, 33.177532196, 143.857528687, -2.00278329849, 29.694234848, 17.0659503937, 12.5704154968, 24.6276798248, 1.60650861263, 24.3148078918], [282.410522461, -72.5372085571, 77.5411071777, -52.6966896057, 21.7124195099, -2.00278329849, 134.871902466, 20.0391044617, -20.943321228, -13.6177892685, -7.39658021927, -11.9820690155, -19.5496444702], [-60.5989990234, 7.73163366318, 0.243284657598, 32.6542434692, 23.0761318207, 29.694234848, 20.0391044617, 79.564414978, 30.9163169861, 1.10490655899, 5.14244794846, 10.3737621307, 28.3200950623], [-216.193389893, 84.5875701904, -53.7030563354, 82.066192627, 8.94338417053, 17.0659503937, -20.943321228, 30.9163169861, 115.111053467, 20.4199237823, 25.9962787628, 16.9017276764, 47.3908348083], [-40.662322998, -12.0505533218, -5.25045728683, 20.663520813, 18.1231136322, 12.5704154968, -13.6177892685, 1.10490655899, 20.4199237823, 79.1971588135, 21.3758964539, 12.0558795929, 9.34910297394], [-86.1095657349, 78.5696563721, -0.97270488739, 14.3458623886, -3.96943163872, 24.6276798248, -7.39658021927, 5.14244794846, 25.9962787628, 21.3758964539, 104.454902649, 36.1245117188, 4.45013093948], [-114.331504822, 42.2602653503, -13.3242797852, 29.1933422089, -14.3440713882, 1.60650861263, -11.9820690155, 10.3737621307, 16.9017276764, 12.0558795929, 36.1245117188, 108.513137817, 33.4243431091], [-154.351043701, 18.3150119781, -37.1240386963, 87.8628234863, 30.827753067, 24.3148078918, -19.5496444702, 28.3200950623, 47.3908348083, 9.34910297394, 4.45013093948, 33.4243431091, 101.895973206]]
        icov: [[0.000408108840929, 0.000280274660327, 7.01779063093e-05, -6.64856561343e-05, 3.8056205085e-05, -7.89616842667e-06, -0.000717748189345, 0.00025663303677, 0.000336265598889, 2.3577871616e-05, -7.42181218811e-05, 0.00014813967573, 0.000228148157476], [0.000280274660327, 0.00163205328863, 0.00146082579158, 0.000436961883679, -0.000117273215437, -0.000954508024734, -0.000411526940297, 0.000414342153817, -0.000520356872585, 0.000803232076578, -0.000831380544696, -0.000299167877529, 0.000658545002807], [7.01779063093e-05, 0.00146082579158, 0.00682785315439, 0.000723088276573, -0.00177680619527, -0.000540149863809, -0.00240391981788, 7.55527289584e-05, 0.00115892256144, 0.000602995976806, -0.0014650253579, -0.000589447561651, 0.00155508320313], [-6.64856561343e-05, 0.000436961883679, 0.000723088276573, 0.00535604637116, 0.000259752559941, -0.000581985281315, 0.00128033221699, -0.000529716780875, -0.00217826082371, -9.16710196179e-05, -0.000151223910507, -1.91620747501e-05, -0.00304667046294], [3.8056205085e-05, -0.000117273215437, -0.00177680619527, 0.000259752559941, 0.00847790949047, -0.00115151808131, -0.000739926821552, -0.000994883477688, 0.000220442394493, -0.00213573034853, 0.000467644858873, 0.00209321989678, -0.0035618126858], [-7.89616842667e-06, -0.000954508024734, -0.000540149863809, -0.000581985281315, -0.00115151808131, 0.00900594051927, 0.000259097025264, -0.00284855207428, 0.00138179003261, -0.00103644281626, -0.00177717057522, 0.00139905139804, -0.00142346369103], [-0.000717748189345, -0.000411526940297, -0.00240391981788, 0.00128033221699, -0.000739926821552, 0.000259097025264, 0.0114090284333, -0.00382227404043, -0.000441114912974, 0.00120111217257, 0.00027799300733, -2.69808242592e-05, 0.000511848658789], [0.00025663303677, 0.000414342153817, 7.55527289584e-05, -0.000529716780875, -0.000994883477688, -0.00284855207428, -0.00382227404043, 0.0174527596682, -0.00373657187447, 0.00130516185891, 0.000604132714216, -0.00111408380326, -0.00184756598901], [0.000336265598889, -0.000520356872585, 0.00115892256144, -0.00217826082371, 0.000220442394493, 0.00138179003261, -0.000441114912974, -0.00373657187447, 0.0148039171472, -0.00244218483567, -0.00277064647526, 0.00160050333943, -0.00360422232188], [2.3577871616e-05, 0.000803232076578, 0.000602995976806, -9.16710196179e-05, -0.00213573034853, -0.00103644281626, 0.00120111217257, 0.00130516185891, -0.00244218483567, 0.015008520335, -0.00244823656976, -0.00130379898474, 0.00124462659005], [-7.42181218811e-05, -0.000831380544696, -0.0014650253579, -0.000151223910507, 0.000467644858873, -0.00177717057522, 0.00027799300733, 0.000604132714216, -0.00277064647526, -0.00244823656976, 0.013103755191, -0.00413815909997, 0.0021000339184], [0.00014813967573, -0.000299167877529, -0.000589447561651, -1.91620747501e-05, 0.00209321989678, 0.00139905139804, -2.69808242592e-05, -0.00111408380326, 0.00160050333943, -0.00130379898474, -0.00413815909997, 0.0126476949081, -0.00517550483346], [0.000228148157476, 0.000658545002807, 0.00155508320313, -0.00304667046294, -0.0035618126858, -0.00142346369103, 0.000511848658789, -0.00184756598901, -0.00360422232188, 0.00124462659005, 0.0021000339184, -0.00517550483346, 0.0184318441898]]
    spectral_contrast:
        mean: [3.51552920108e-08, -5.51821415229e-07, -6.08273239777e-07, -1.41276942145e-07, -2.93477683044e-07, 2.98467512039e-07, 3.8628186303e-06, -5.66790959056e-07, -1.16194883049e-06, -2.49389381679e-06, -2.1725620627e-06, 2.91625292448e-06]
        var: [0.000426637881901, 0.000668783381116, 0.00116079836152, 0.00211163633503, 0.00357881304808, 0.00513440091163, 0.0500175245106, 0.0737958773971, 0.134809941053, 0.373584955931, 0.574810087681, 2.10488915443]

rhythm:
    beats_loudness:
        dmean: 0.00342039461248
        dmean2: 0.00648347428069
        dvar: 6.11091945757e-06
        dvar2: 1.34744987008e-05
        max: 0.00922683812678
        mean: 0.00451641436666
        min: 0.000796370091848
        var: 7.68901099946e-06
    beats_loudness_bass:
        dmean: 0.0968870297074
        dmean2: 0.150923520327
        dvar: 0.0127293728292
        dvar2: 0.0285036303103
        max: 0.547043144703
        mean: 0.138976082206
        min: 0.0234964117408
        var: 0.0197956692427
    bpm: 80.1714859009
    bpm_confidence: 0
    first_peak_bpm: 80
    first_peak_spread: 0
    first_peak_weight: 0.466666668653
    onset_rate: 3.56104660034
    second_peak_bpm: 121
    second_peak_spread: 0
    second_peak_weight: 0.466666668653
    beats_position: [0.0537863224745, 0.802182376385, 1.55057835579, 2.29897451401, 3.04737019539, 3.79576635361, 4.54416227341, 5.29255819321, 6.20306110382, 6.7006444931, 7.19822835922, 7.6958117485, 8.1933965683, 8.69097995758, 9.18856334686, 9.68614673615]
    bpm_estimates: [80.2181091309, 80.1248626709]
    bpm_intervals: [0.748396039009, 0.748395979404, 0.748396158218, 0.748395681381, 0.748396158218, 0.7483959198, 0.7483959198, 0.910502910614, 0.497583389282, 0.497583866119, 0.497583389282, 0.497584819794, 0.497583389282, 0.497583389282, 0.497583389282]
    onset_times: [0.0580498874187, 0.18575963378, 1.03328800201, 1.38158726692, 1.67183673382, 2.18267583847, 2.24072551727, 2.28716564178, 2.42648530006, 2.46131515503, 2.62385487556, 2.65868473053, 2.87927436829, 2.92571425438, 3.21596360207, 3.36689352989, 3.54104304314, 4.1679816246, 4.3073015213, 4.71365070343, 5.72371864319, 5.80498886108, 6.03718805313, 6.19972801208, 6.43192720413, 6.68734693527, 6.9543762207, 7.31428575516, 7.51165533066, 7.9644446373, 8.39401340485, 8.80036258698, 8.97451210022, 9.18349170685, 9.4040813446, 9.78721046448]
    rubato_start: [6.7006444931]
    rubato_stop: [9.68614673615]
    perceptual_tempo: "unknown"

sfx:
    inharmonicity:
        dmean: 0.0180912613869
        dmean2: 0.031711447984
        dvar: 0.000462683412479
        dvar2: 0.00121081271209
        max: 0.158867523074
        mean: 0.0178953874856
        min: 3.56550735887e-05
        var: 0.00049594725715
    oddtoevenharmonicenergyratio:
        dmean: 2.36200785637
        dmean2: 4.37762022018
        dvar: 34.5868186951
        dvar2: 97.3063812256
        max: 61.5719909668
        mean: 1.78828370571
        min: 4.31051776104e-05
        var: 21.40483284
    pitch_after_max_to_before_max_energy_ratio: 0.304061025381
    pitch_centroid: 233.217147827
    pitch_max_to_total: 0.905963301659
    pitch_min_to_total: 0.488532096148
    tristimulus:
        dmean: [0.223684862256, 0.223011642694, 0.0359053425491]
        dmean2: [0.39377489686, 0.394554138184, 0.0641896948218]
        dvar: [0.0431168936193, 0.044871147722, 0.00179082178511]
        dvar2: [0.110575057566, 0.112897194922, 0.00530323665589]
        max: [0.981550037861, 0.942400753498, 0.258505403996]
        mean: [0.52073776722, 0.431751072407, 0.0385763682425]
        min: [0.0181017350405, 0, 0]
        var: [0.0673831030726, 0.0686513110995, 0.00163146306295]

tonal:
    chords_changes_rate: 0.0321100912988
    chords_number_rate: 0.0137614682317
    chords_strength:
        dmean: 0.00531386537477
        dmean2: 0.00498984986916
        dvar: 2.65292474069e-05
        dvar2: 2.9027905839e-05
        max: 0.625433862209
        mean: 0.551593065262
        min: 0.446467995644
        var: 0.00134568149224
    key_strength: 0.712803483009
    tuning_diatonic_strength: 0.52240717411
    tuning_equal_tempered_deviation: 0.0473308973014
    tuning_frequency: 438.984558105
    tuning_nontempered_energy_ratio: 0.62081938982
    hpcp:
        dmean: [0.0931027755141, 0.0950892046094, 0.0753769353032, 0.0685160160065, 0.0723004564643, 0.112912930548, 0.138833448291, 0.145361959934, 0.102679558098, 0.0885115340352, 0.0737882703543, 0.0373401343822, 0.0113339871168, 0.0194120518863, 0.0532908067107, 0.0670752450824, 0.054140355438, 0.0541181787848, 0.0645920112729, 0.0746403858066, 0.114631779492, 0.114101320505, 0.127974957228, 0.0512894615531, 0.0192212518305, 0.0125735308975, 0.00973132718354, 0.0175855197012, 0.0295636504889, 0.0961248651147, 0.144467741251, 0.112262174487, 0.0543559454381, 0.0258174668998, 0.0414387397468, 0.0664930567145]
        dmean2: [0.157017692924, 0.167331159115, 0.134531348944, 0.120089069009, 0.127588167787, 0.183525934815, 0.236575096846, 0.231283918023, 0.171026229858, 0.146141901612, 0.132683590055, 0.0696099847555, 0.0203789938241, 0.0344704203308, 0.0909330770373, 0.112507715821, 0.0877422615886, 0.100581407547, 0.114389903843, 0.134233474731, 0.196148142219, 0.196945846081, 0.222985103726, 0.0888415277004, 0.0328377820551, 0.02257768251, 0.0180805847049, 0.0316913090646, 0.0518571697176, 0.164445057511, 0.229258432984, 0.187555238605, 0.102216571569, 0.0486979819834, 0.0785712525249, 0.120711997151]
        dvar: [0.0368061475456, 0.0406762436032, 0.024598736316, 0.0281613469124, 0.0307728797197, 0.0204663164914, 0.0280653685331, 0.028103929013, 0.0316008366644, 0.0262065678835, 0.0265512447804, 0.0140921697021, 0.000449902494438, 0.00342309311964, 0.0207354463637, 0.0289279986173, 0.0131381899118, 0.0268219839782, 0.0279888045043, 0.0323044098914, 0.0231565181166, 0.0267922040075, 0.0243919454515, 0.0108259515837, 0.00348669872619, 0.00320249516517, 0.000941532664001, 0.00199235905893, 0.00401740008965, 0.015010504052, 0.0320874527097, 0.0280115045607, 0.0187863912433, 0.0105618247762, 0.0149280587211, 0.0293723028153]
        dvar2: [0.0875898972154, 0.0963665395975, 0.0665797740221, 0.0694679245353, 0.0816985741258, 0.0530653744936, 0.0636247843504, 0.0719516575336, 0.0850479528308, 0.069203145802, 0.0704988762736, 0.0395013168454, 0.00130652310327, 0.00929614342749, 0.0479341037571, 0.0648772865534, 0.0330306179821, 0.0714731216431, 0.0767540335655, 0.0958388149738, 0.0634285137057, 0.0632022097707, 0.0690812990069, 0.0281517263502, 0.00947121251374, 0.00938393268734, 0.00287232245319, 0.00655514840037, 0.0119967898354, 0.0443663857877, 0.0809847861528, 0.0648510083556, 0.0574275106192, 0.0315327085555, 0.0454708486795, 0.0783900916576]
        max: [1, 1, 1, 1, 1, 1, 1, 1, 1, 1, 1, 0.719078421593, 0.116136714816, 0.591419816017, 1, 1, 0.854519486427, 1, 1, 1, 1, 1, 1, 0.826059699059, 0.514705717564, 0.601030349731, 0.285711526871, 0.377549767494, 0.50072157383, 0.885017454624, 1, 1, 0.995912671089, 1, 1, 1]
        mean: [0.146434426308, 0.126389876008, 0.0934323146939, 0.103208594024, 0.0826857239008, 0.178420245647, 0.37229090929, 0.267259299755, 0.153260841966, 0.211898177862, 0.125110968947, 0.0301390159875, 0.0127635421231, 0.0148830628023, 0.0793270468712, 0.149633690715, 0.0995552688837, 0.048690404743, 0.0603788346052, 0.063883818686, 0.195575430989, 0.440563201904, 0.319045841694, 0.0534860752523, 0.0201642084867, 0.011562583968, 0.0103531312197, 0.0202717650682, 0.030940586701, 0.173836380243, 0.329076081514, 0.202912703156, 0.0398339144886, 0.0195761956275, 0.0294420607388, 0.0830555930734]
        min: [0.000382552068913, 0.00165457848925, 0.00030153724947, 0.000112252142571, 0.000206708107726, 0.00226386147551, 0.00789453089237, 0.00837890617549, 0.000883480999619, 0.000245389412157, 0.000189548823982, 0.000125504040625, 9.20232196222e-05, 8.32475270727e-05, 0.000937884557061, 0.0021098877769, 0.00105311570223, 0.000135759139084, 6.49277135381e-05, 5.49389333173e-05, 0.00122433260549, 0.00033878852264, 0.00228700041771, 0.000467599515105, 0.000105730665382, 9.25443673623e-05, 0.000300128129311, 0.000375776842702, 0.00045538431732, 0.00181308761239, 0.00704488391057, 0.00512231187895, 0.000500801310409, 0.000204704323551, 0.00022524491942, 0.000533950398676]
        var: [0.0705401301384, 0.0569480806589, 0.03457672894, 0.0580625385046, 0.0380104780197, 0.0356728769839, 0.128577589989, 0.0815403014421, 0.0483535155654, 0.11088796705, 0.0467707514763, 0.00941808428615, 0.000426015321864, 0.00239734724164, 0.0277028586715, 0.0679716765881, 0.0278071146458, 0.02262535505, 0.0272466801107, 0.0299741141498, 0.0337847843766, 0.163950905204, 0.0941825732589, 0.00890501495451, 0.00272328034043, 0.00204005860724, 0.000552104378585, 0.00143150531221, 0.00291825714521, 0.0310500282794, 0.105629481375, 0.0511517226696, 0.0112741980702, 0.00564087089151, 0.00913935061544, 0.0338821969926]
    chords_histogram: [50.9174308777, 22.0183486938, 0, 0, 0, 0, 0, 0, 0, 0, 0, 0, 0, 0, 0, 0, 0, 0, 0, 0, 0, 0, 0, 27.0642204285]
    thpcp: [1, 0.724177241325, 0.121403865516, 0.0457691624761, 0.0262450054288, 0.023499764502, 0.0460132956505, 0.0702296197414, 0.394577622414, 0.746944069862, 0.460575699806, 0.0904158875346, 0.0444344766438, 0.0668282359838, 0.188521400094, 0.332380056381, 0.286882519722, 0.212074711919, 0.234265118837, 0.187681868672, 0.404982179403, 0.845034062862, 0.606630980968, 0.347874820232, 0.480971127748, 0.28397962451, 0.0684101954103, 0.0289709679782, 0.0337819010019, 0.180058270693, 0.339641839266, 0.225972726941, 0.110518544912, 0.137049198151, 0.145004883409, 0.443921387196]
    chords_key: "E"
    chords_scale: "minor"
    key_key: "E"
    key_scale: "minor"
    chords_progression: ["Em", "Em", "Em", "Em", "Em", "Em", "Em", "Em", "Em", "Em", "Em", "Em", "Em", "Em", "Em", "Em", "Em", "Em", "Em", "Em", "Em", "Em", "Em", "Em", "Em", "Em", "Em", "Em", "Em", "Em", "Em", "Em", "Em", "Em", "Em", "Em", "Em", "Em", "Em", "Em", "Em", "Em", "Em", "Em", "Em", "Em", "Em", "Em", "Em", "Em", "Em", "Em", "Em", "Em", "Em", "Em", "Em", "Em", "Em", "Em", "Em", "Em", "Em", "Em", "Em", "Em", "Em", "Em", "Em", "Em", "Em", "Em", "Em", "Em", "Em", "Em", "Em", "Em", "Em", "Em", "Em", "Em", "Em", "Em", "Em", "Em", "C", "C", "C", "C", "C", "C", "C", "C", "C", "C", "C", "C", "C", "C", "C", "C", "C", "C", "C", "C", "C", "C", "C", "C", "C", "C", "C", "C", "C", "C", "C", "C", "C", "C", "C", "C", "C", "C", "C", "C", "C", "C", "C", "C", "C", "C", "C", "Em", "Em", "Em", "Em", "Em", "G", "G", "G", "G", "G", "G", "G", "G", "G", "G", "G", "G", "G", "G", "G", "G", "G", "G", "G", "G", "G", "G", "G", "G", "G", "G", "G", "G", "G", "G", "G", "G", "G", "G", "G", "G", "G", "G", "G", "G", "G", "G", "G", "G", "G", "G", "G", "G", "Em", "Em", "Em", "Em", "Em", "Em", "Em", "Em", "Em", "Em", "Em", "Em", "Em", "Em", "Em", "Em", "Em", "C", "C", "C", "C", "Em", "Em", "Em", "C", "C", "C", "C", "C", "C", "C", "C"]
