
metadata:
    version:
        essentia: "1.2.2"
    audio_properties:
        analysis_sample_rate: 44100
        bitrate: 128
        channels: 2
        equal_loudness: 1
        length: 10.0310201645
        replay_gain: -4.96808052063
        downmix: "mix"
    tags:
        track: 10
        year: 0
        album: "Splitted by Mp3Splt v. 2.1"
        artist: "From 001.30 To 001.40"
        comment: "http://mp3splt.sf.net"
        genre: ""
        title: "10 The Lexter.mp3"

highlevel:
    ballroom:
        all:
            ChaChaCha: 0.0354064442217
            Jive: 0.0351718477905
            Quickstep: 0.531774520874
            Rumba-American: 0.0503406450152
            Rumba-International: 0.0473810434341
            Rumba-Misc: 0.045872811228
            Samba: 0.111789926887
            Tango: 0.0587591417134
            VienneseWaltz: 0.0496258251369
            Waltz: 0.0338778048754
        probability: 0.531774520874
        value: "Quickstep"
    culture:
        all:
            non_western: 0.180515140295
            western: 0.819484889507
        probability: 0.819484889507
        value: "western"
    gender:
        all:
            female: 0.936021864414
            male: 0.0639781206846
        probability: 0.936021864414
        value: "female"
    genre_dortmund:
        all:
            alternative: 0.00946848187596
            blues: 0.00623987382278
            electronic: 0.00798769108951
            folkcountry: 0.00754460692406
            funksoulrnb: 0.0139665678144
            jazz: 0.93173623085
            pop: 0.0116662736982
            raphiphop: 0.00111653318163
            rock: 0.0102737257257
        probability: 0.93173623085
        value: "jazz"
    genre_electronica:
        all:
            ambient: 0.871100008488
            dnb: 0.0422067344189
            house: 0.0199298653752
            techno: 0.00444916635752
            trance: 0.0623142495751
        probability: 0.871100008488
        value: "ambient"
    genre_rosamerica:
        all:
            cla: 0.00479219434783
            dan: 0.00660559628159
            hip: 0.00491150002927
            jaz: 0.859727740288
            pop: 0.0838007554412
            rhy: 0.022515559569
            roc: 0.014573706314
            spe: 0.00307293259539
        probability: 0.859727740288
        value: "jaz"
    genre_tzanetakis:
        all:
            blu: 0.00605837767944
            cla: 0.00876024831086
            cou: 0.016611058265
            dis: 0.0196381378919
            hip: 0.0106469551101
            jaz: 0.371076107025
            met: 0.00169506890234
            pop: 0.49128511548
            reg: 0.0604067370296
            roc: 0.0138221904635
        probability: 0.49128511548
        value: "pop"
    live_studio:
        all:
            live: 0.0734073519707
            studio: 0.926592648029
        probability: 0.926592648029
        value: "studio"
    mood:
        all:
            Cluster1: 0.151942759752
            Cluster2: 0.34985139966
            Cluster3: 0.113542228937
            Cluster4: 0.258532494307
            Cluster5: 0.126131132245
        probability: 0.34985139966
        value: "Cluster2"
    mood_acoustic:
        all:
            acoustic: 0.79577434063
            not_acoustic: 0.20422565937
        probability: 0.79577434063
        value: "acoustic"
    mood_aggressive:
        all:
            aggressive: 2.7630301247e-06
            not_aggressive: 0.999997258186
        probability: 0.999997258186
        value: "not_aggressive"
    mood_electronic:
        all:
            electronic: 0.0546355396509
            not_electronic: 0.94536447525
        probability: 0.94536447525
        value: "not_electronic"
    mood_happy:
        all:
            happy: 0.228871822357
            not_happy: 0.771128177643
        probability: 0.771128177643
        value: "not_happy"
    mood_party:
        all:
            not_party: 0.853591382504
            party: 0.146408632398
        probability: 0.853591382504
        value: "not_party"
    mood_relaxed:
        all:
            not_relaxed: 0.264913797379
            relaxed: 0.735086202621
        probability: 0.735086202621
        value: "relaxed"
    mood_sad:
        all:
            not_sad: 0.149632260203
            sad: 0.850367724895
        probability: 0.850367724895
        value: "sad"
    rhythm:
        all:
            fast: 0.637739181519
            medium: 0.258048355579
            slow: 0.104212470353
        probability: 0.637739181519
        value: "fast"
    speech_music:
        all:
            music: 0.893722295761
            speech: 0.106277681887
        probability: 0.893722295761
        value: "music"
    timbre:
        all:
            bright: 0.946351587772
            dark: 0.0536484308541
        probability: 0.946351587772
        value: "bright"
    voice_instrumental:
        all:
            instrumental: 0.983761191368
            voice: 0.0162388104945
        probability: 0.983761191368
        value: "instrumental"

lowlevel:
    average_loudness: 0.946576654911
    barkbands_kurtosis:
        dmean: 1.53034901619
        dmean2: 2.4938762188
        dvar: 5.92425251007
        dvar2: 16.389093399
        max: 30.1452522278
        mean: 2.17729043961
        min: -1.77132213116
        var: 14.8360185623
    barkbands_skewness:
        dmean: 0.411387383938
        dmean2: 0.659526646137
        dvar: 0.221562117338
        dvar2: 0.511716842651
        max: 4.62695074081
        mean: 0.984632074833
        min: -2.88458180428
        var: 1.04745972157
    barkbands_spread:
        dmean: 4.38350772858
        dmean2: 7.1431851387
        dvar: 29.2235012054
        dvar2: 72.3827133179
        max: 57.7063179016
        mean: 16.8825588226
        min: 2.27592730522
        var: 80.6503372192
    dissonance:
        dmean: 0.0370584800839
        dmean2: 0.0648060664535
        dvar: 0.00127304508351
        dvar2: 0.00343490135856
        max: 0.49724894762
        mean: 0.422340154648
        min: 0.263054668903
        var: 0.00209879875183
    hfc:
        dmean: 1.34501516819
        dmean2: 1.99796581268
        dvar: 5.60000038147
        dvar2: 10.4834241867
        max: 24.505607605
        mean: 4.34397506714
        min: 0.0392375774682
        var: 18.3679199219
    pitch:
        dmean: 298.293243408
        dmean2: 581.616699219
        dvar: 689912.8125
        dvar2: 1744576.125
        max: 4410
        mean: 823.970336914
        min: 73.6227035522
        var: 1182763.375
    pitch_instantaneous_confidence:
        dmean: 0.106537491083
        dmean2: 0.172418251634
        dvar: 0.0140272825956
        dvar2: 0.0319407396019
        max: 0.980697154999
        mean: 0.638920724392
        min: 0.206147491932
        var: 0.0473021045327
    pitch_salience:
        dmean: 0.06968703866
        dmean2: 0.116479948163
        dvar: 0.00503788189963
        dvar2: 0.0125787304714
        max: 0.806109845638
        mean: 0.509089767933
        min: 0.2527140975
        var: 0.0141145447269
    silence_rate_20dB:
        dmean: 0
        dmean2: 0
        dvar: 0
        dvar2: 0
        max: 1
        mean: 1
        min: 1
        var: 0
    silence_rate_30dB:
        dmean: 0
        dmean2: 0
        dvar: 0
        dvar2: 0
        max: 1
        mean: 1
        min: 1
        var: 0
    silence_rate_60dB:
        dmean: 0.0972222238779
        dmean2: 0.192575410008
        dvar: 0.0877704098821
        dvar2: 0.174052193761
        max: 1
        mean: 0.489607393742
        min: 0
        var: 0.249891623855
    spectral_centroid:
        dmean: 178.830703735
        dmean2: 286.455871582
        dvar: 68305.078125
        dvar2: 159082.25
        max: 3253.85913086
        mean: 1122.0489502
        min: 283.267547607
        var: 333499.96875
    spectral_complexity:
        dmean: 1.6844547987
        dmean2: 2.57674407959
        dvar: 3.96076416969
        dvar2: 7.86736440659
        max: 21
        mean: 6.70601844788
        min: 0
        var: 16.392747879
    spectral_crest:
        dmean: 2.62716817856
        dmean2: 4.38002347946
        dvar: 6.31021547318
        dvar2: 15.7446279526
        max: 22.348897934
        mean: 12.2640972137
        min: 3.83999156952
        var: 19.0452785492
    spectral_decrease:
        dmean: 2.65127919619e-10
        dmean2: 3.98386268419e-10
        dvar: 1.69238141874e-19
        dvar2: 3.23907151619e-19
        max: -4.9337864523e-12
        mean: -9.03863706103e-10
        min: -4.15665768472e-09
        var: 5.47625360265e-19
    spectral_energy:
        dmean: 0.00111124606337
        dmean2: 0.00166494736914
        dvar: 3.08701442009e-06
        dvar2: 5.86550322623e-06
        max: 0.017910880968
        mean: 0.00380539591424
        min: 2.6418163543e-05
        var: 1.00084989754e-05
    spectral_energyband_high:
        dmean: 4.64196200483e-05
        dmean2: 6.95702910889e-05
        dvar: 6.47862075098e-09
        dvar2: 1.29192736509e-08
        max: 0.000934259558562
        mean: 0.00010041990754
        min: 2.01069997274e-06
        var: 2.31992576261e-08
    spectral_energyband_low:
        dmean: 0.000127631981741
        dmean2: 0.000199872301891
        dvar: 5.59247013143e-08
        dvar2: 1.45317201827e-07
        max: 0.00230948417448
        mean: 0.000188343678019
        min: 5.21003507004e-08
        var: 7.45506412159e-08
    spectral_energyband_middle_high:
        dmean: 0.000755211745854
        dmean2: 0.00115675886627
        dvar: 2.40071676672e-06
        dvar2: 4.5892415983e-06
        max: 0.0143199367449
        mean: 0.00197609420866
        min: 5.51189714315e-06
        var: 6.57397276882e-06
    spectral_energyband_middle_low:
        dmean: 0.000525959359948
        dmean2: 0.000841184752062
        dvar: 5.16102147685e-07
        dvar2: 1.31917533963e-06
        max: 0.00625251047313
        mean: 0.00154054432642
        min: 8.84975293047e-07
        var: 1.81698135293e-06
    spectral_flatness_db:
        dmean: 0.02689021267
        dmean2: 0.0411586984992
        dvar: 0.000680918630678
        dvar2: 0.00155369611457
        max: 0.366004139185
        mean: 0.205277606845
        min: 0.0848207548261
        var: 0.00238679326139
    spectral_flux:
        dmean: 0.0147356288508
        dmean2: 0.0238908138126
        dvar: 0.000298540777294
        dvar2: 0.000751764164306
        max: 0.125428497791
        mean: 0.027839794755
        min: 0.00318647129461
        var: 0.000410202337662
    spectral_kurtosis:
        dmean: 2.47196865082
        dmean2: 4.17280912399
        dvar: 5.28873920441
        dvar2: 14.3455209732
        max: 19.2021026611
        mean: 6.09144306183
        min: 0.161447525024
        var: 13.5653390884
    spectral_rms:
        dmean: 0.000288037990686
        dmean2: 0.000426402955782
        dvar: 1.63983443713e-07
        dvar2: 2.89352470872e-07
        max: 0.00418019527569
        mean: 0.0017397509655
        min: 0.000160542258527
        var: 6.85849272486e-07
    spectral_rolloff:
        dmean: 495.613098145
        dmean2: 882.460327148
        dvar: 582592.6875
        dvar2: 1464170.625
        max: 4780.37109375
        mean: 1835.55615234
        min: 409.130859375
        var: 1343023.875
    spectral_skewness:
        dmean: 0.300551861525
        dmean2: 0.49356546998
        dvar: 0.0689158514142
        dvar2: 0.177268311381
        max: 2.99259185791
        mean: 1.82701659203
        min: 0.536696076393
        var: 0.294243007898
    spectral_spread:
        dmean: 790180.875
        dmean2: 1247658
        dvar: 1.09613704806e+12
        dvar2: 2.42479949414e+12
        max: 9951334
        mean: 4355672
        min: 2149982.5
        var: 2.11645746381e+12
    spectral_strongpeak:
        dmean: 0.375973194838
        dmean2: 0.597709417343
        dvar: 0.244968801737
        dvar2: 0.461612552404
        max: 3.2253651619
        mean: 0.972652733326
        min: 0.0076626422815
        var: 0.709865510464
    zerocrossingrate:
        dmean: 0.00767315272242
        dmean2: 0.00932957883924
        dvar: 7.0537578722e-05
        dvar2: 9.86249433481e-05
        max: 0.15380859375
        mean: 0.0623541921377
        min: 0.02001953125
        var: 0.000745387806091
    barkbands:
        dmean: [4.00766957398e-08, 4.45429723186e-05, 9.22865656321e-05, 5.23853850609e-05, 8.59195934027e-05, 5.94967532379e-05, 0.000176355577423, 9.1052170319e-05, 0.000247439544182, 0.000287327828119, 0.000360878359061, 3.1383264286e-05, 7.12225955795e-05, 5.03209303133e-05, 9.90456173895e-05, 2.38807169808e-05, 1.64508492162e-05, 5.27447591594e-05, 5.12610495207e-05, 7.89500700193e-05, 2.24653995247e-05, 5.82285201745e-06, 1.83565089173e-06, 6.80885136717e-07, 4.69073455633e-07, 2.20472262669e-08, 3.46797784934e-10]
        dmean2: [6.76794797982e-08, 7.11547618266e-05, 0.000143884099089, 8.89818475116e-05, 0.000144735953654, 0.000101744815765, 0.000302447762806, 0.000125012797071, 0.000375420611817, 0.000437642884208, 0.000533125188667, 4.54909095424e-05, 0.000101399149571, 8.1054175098e-05, 0.000146536054672, 3.7584137317e-05, 2.53667585639e-05, 8.22594593046e-05, 7.19730160199e-05, 0.00011668537627, 3.57856006303e-05, 8.96726851352e-06, 3.01925729218e-06, 1.09983477614e-06, 7.7059553405e-07, 3.43902222255e-08, 4.95150032087e-10]
        dvar: [5.50904765532e-15, 9.54788870189e-09, 3.0902921111e-08, 1.84622681587e-08, 4.30491482462e-08, 9.0922318563e-09, 1.02579249983e-07, 4.48554793309e-08, 3.26664917338e-07, 5.1290197689e-07, 1.10396683795e-06, 2.94702982018e-08, 2.81796417312e-08, 3.90016303697e-08, 6.3978568221e-08, 6.60510712791e-09, 1.19450005442e-09, 1.25611228086e-08, 7.34764560306e-09, 2.25429133138e-08, 1.95128557756e-09, 9.7448812908e-11, 2.04326503633e-11, 1.57203894e-12, 8.11828902714e-13, 1.63467893227e-15, 9.06899895934e-18]
        dvar2: [1.41103559501e-14, 2.88311916563e-08, 7.2926091832e-08, 4.87599933763e-08, 1.25393754047e-07, 2.51661642636e-08, 3.48053930566e-07, 7.3902512554e-08, 6.21670665168e-07, 9.37747643093e-07, 2.07787138606e-06, 4.27551292148e-08, 4.59228708394e-08, 8.99793874964e-08, 1.10220895522e-07, 1.19814611566e-08, 2.42440867382e-09, 2.45013147548e-08, 1.28283819123e-08, 4.05684801308e-08, 4.39709157973e-09, 2.25655230612e-10, 5.6083988148e-11, 3.8919848247e-12, 1.88842214435e-12, 3.70807265034e-15, 9.06470341042e-18]
        max: [6.04019135153e-07, 0.00125338381622, 0.0014021336101, 0.00199929694645, 0.00282417959534, 0.000809335615486, 0.00276086223312, 0.00243482110091, 0.00466393399984, 0.00697875628248, 0.00937308743596, 0.00337621127255, 0.0019703018479, 0.00228513614275, 0.00249855802394, 0.00141197047196, 0.000351325492375, 0.00165556930006, 0.00127618480474, 0.0015963051701, 0.000513489649165, 9.97528914013e-05, 6.01613064646e-05, 9.02124611457e-06, 8.75535806699e-06, 3.81120997872e-07, 6.31271532825e-08]
        mean: [4.47310632978e-08, 6.71826128382e-05, 0.000121117998788, 7.59015601943e-05, 0.000147022568854, 0.000122798286611, 0.000325867673382, 0.000174647197127, 0.000575914687943, 0.00052437686827, 0.000721290765796, 4.89351368742e-05, 0.000134986737976, 7.84098592703e-05, 0.000170230385265, 5.41420231457e-05, 2.89946401608e-05, 0.000105581886601, 0.000111864661449, 0.000162377036759, 4.02420846513e-05, 9.53787093749e-06, 2.38562915911e-06, 9.03056786683e-07, 6.16981822077e-07, 2.99361389011e-08, 3.64593050195e-10]
        min: [1.68909539133e-11, 7.01938152048e-09, 9.34603860969e-09, 5.93202109656e-09, 8.97003999967e-08, 3.39126344784e-08, 3.24327054102e-08, 2.02072740763e-08, 9.98436107125e-08, 3.26617652036e-07, 2.2210087991e-08, 8.93761864518e-09, 3.02872393831e-08, 1.04525618383e-07, 1.51824920636e-07, 2.61357683939e-07, 1.95270786207e-07, 7.0877285907e-07, 7.54180121021e-07, 6.61975377625e-07, 3.97479880121e-07, 6.13690360751e-08, 1.26444348325e-08, 2.32319341542e-09, 7.67183205852e-10, 9.01910750944e-12, 3.42141679571e-14]
        var: [7.11718925711e-15, 1.06103588138e-08, 4.62521647648e-08, 3.31117746555e-08, 5.23946539488e-08, 1.83548571897e-08, 1.59326390303e-07, 1.30002675292e-07, 1.26891097807e-06, 1.31289937144e-06, 2.90348089038e-06, 6.43028172931e-08, 8.5728935062e-08, 6.61601617935e-08, 1.54343922532e-07, 2.7489720722e-08, 2.84164825004e-09, 4.61466207469e-08, 2.70909339406e-08, 7.28042834908e-08, 5.05779329529e-09, 2.44453929321e-10, 2.27479406839e-11, 2.39260260909e-12, 1.30329644646e-12, 2.99116725719e-15, 9.29042776469e-18]
    mfcc:
        mean: [-780.062011719, 128.89680481, -43.0569076538, 44.0907974243, -30.2406902313, -12.0191936493, 5.05020046234, -6.59979009628, -1.01459133625, 2.8574795723, -1.0140683651, -10.3670883179, -4.89383554459]
        cov: [[4664.01513672, 18.8370990753, 264.652435303, -368.334320068, -33.9236564636, 72.877243042, 72.8002090454, -31.9793682098, 66.0727920532, 23.4045352936, -130.335144043, -10.4942560196, 229.583129883], [18.8370990753, 1301.21594238, 2.5160138607, -127.113967896, 79.3526611328, -71.5699157715, -7.57533073425, -97.8222351074, -58.783164978, 44.6865501404, 188.651412964, 229.356079102, 141.685821533], [264.652435303, 2.5160138607, 607.690063477, 37.5090522766, 102.48122406, 51.8505401611, -34.6969337463, -76.5868682861, -121.0989151, -102.229522705, 7.29437208176, 146.939315796, 119.340682983], [-368.334320068, -127.113967896, 37.5090522766, 251.459655762, 88.2141799927, 73.0155105591, 69.2625198364, 75.5273513794, 46.1822891235, 25.1209640503, 20.565574646, -5.97628831863, -15.0642652512], [-33.9236564636, 79.3526611328, 102.48122406, 88.2141799927, 153.311523438, 56.8744544983, 61.0666046143, 47.2617683411, 35.1647834778, 25.4299182892, 25.9417209625, 27.7710189819, 26.1879463196], [72.877243042, -71.5699157715, 51.8505401611, 73.0155105591, 56.8744544983, 120.73865509, 67.2511978149, 38.6644248962, 34.5963668823, 18.204372406, -12.3673706055, -13.0906009674, 25.3160190582], [72.8002090454, -7.57533073425, -34.6969337463, 69.2625198364, 61.0666046143, 67.2511978149, 142.982315063, 97.6240310669, 88.583770752, 59.4291114807, -8.23120594025, -32.5361480713, 5.76557350159], [-31.9793682098, -97.8222351074, -76.5868682861, 75.5273513794, 47.2617683411, 38.6644248962, 97.6240310669, 143.667861938, 110.767036438, 69.6651153564, 3.13386249542, -56.2528305054, -47.464389801], [66.0727920532, -58.783164978, -121.0989151, 46.1822891235, 35.1647834778, 34.5963668823, 88.583770752, 110.767036438, 174.271316528, 130.330200195, 17.8050689697, -68.4209747314, -69.1192932129], [23.4045352936, 44.6865501404, -102.229522705, 25.1209640503, 25.4299182892, 18.204372406, 59.4291114807, 69.6651153564, 130.330200195, 207.450515747, 121.346961975, -18.3690032959, -92.3272628784], [-130.335144043, 188.651412964, 7.29437208176, 20.565574646, 25.9417209625, -12.3673706055, -8.23120594025, 3.13386249542, 17.8050689697, 121.346961975, 209.085754395, 108.125770569, -54.3423919678], [-10.4942560196, 229.356079102, 146.939315796, -5.97628831863, 27.7710189819, -13.0906009674, -32.5361480713, -56.2528305054, -68.4209747314, -18.3690032959, 108.125770569, 198.012283325, 84.8793945312], [229.583129883, 141.685821533, 119.340682983, -15.0642652512, 26.1879463196, 25.3160190582, 5.76557350159, -47.464389801, -69.1192932129, -92.3272628784, -54.3423919678, 84.8793945312, 215.239837646]]
        icov: [[0.000307962007355, 5.11045363965e-05, -0.000228322387557, 0.000617162440903, 0.000107243358798, -0.00017537601525, -0.000192904422875, 5.83108412684e-05, -0.000343258434441, -0.000137733804877, -8.41046039568e-06, 0.000146315840539, -0.000395864452003], [5.11045363965e-05, 0.00146036944352, 0.000493665458634, 0.000926836044528, -0.00144623022061, 0.000996422837488, -0.00117228773888, 0.00135651091114, -0.000188577425433, 0.000210741593037, -0.00132996111643, -0.000476417160826, -0.000953438051511], [-0.000228322387557, 0.000493665458634, 0.00320721114986, -0.000162319978699, -0.00259805284441, -0.000850965327118, 0.000479824229842, 0.000751791289076, 0.00163839291781, -3.51760172634e-05, 0.00081691541709, -0.00240789935924, 0.00036492390791], [0.000617162440903, 0.000926836044528, -0.000162319978699, 0.00782862026244, -0.00271311192773, -0.00221086363308, -0.00122893264052, -0.00139162037522, -0.000552804442123, 0.00138206756674, -0.00203021313064, 0.00021083620959, -0.000494708016049], [0.000107243358798, -0.00144623022061, -0.00259805284441, -0.00271311192773, 0.0131391119212, -0.00232111290097, -0.00110793556087, -0.0025913331192, -0.00186194572598, 0.00043275259668, -0.00056769506773, 0.000556881306693, -0.000554362719413], [-0.00017537601525, 0.000996422837488, -0.000850965327118, -0.00221086363308, -0.00232111290097, 0.0149977002293, -0.00599496858194, 0.00281668757088, -0.000586248759646, -0.000415637448896, -0.00111351709347, 0.00185698014684, -0.00223161419854], [-0.000192904422875, -0.00117228773888, 0.000479824229842, -0.00122893264052, -0.00110793556087, -0.00599496858194, 0.0202237777412, -0.0105810444802, -0.000248979922617, -0.00412601884454, 0.00422628503293, -0.000970083579887, -0.0018099778099], [5.83108412684e-05, 0.00135651091114, 0.000751791289076, -0.00139162037522, -0.0025913331192, 0.00281668757088, -0.0105810444802, 0.0227393936366, -0.00992940273136, 0.00501110125333, -0.00426351698115, 0.00209100171924, 0.000872414675541], [-0.000343258434441, -0.000188577425433, 0.00163839291781, -0.000552804442123, -0.00186194572598, -0.000586248759646, -0.000248979922617, -0.00992940273136, 0.0241592898965, -0.0147911384702, 0.00853850878775, -0.00226648617536, 0.00211877049878], [-0.000137733804877, 0.000210741593037, -3.51760172634e-05, 0.00138206756674, 0.00043275259668, -0.000415637448896, -0.00412601884454, 0.00501110125333, -0.0147911384702, 0.0237532742321, -0.0168228819966, 0.0068222945556, -0.000162326046848], [-8.41046039568e-06, -0.00132996111643, 0.00081691541709, -0.00203021313064, -0.00056769506773, -0.00111351709347, 0.00422628503293, -0.00426351698115, 0.00853850878775, -0.0168228819966, 0.0250704959035, -0.0150331212208, 0.00721973692998], [0.000146315840539, -0.000476417160826, -0.00240789935924, 0.00021083620959, 0.000556881306693, 0.00185698014684, -0.000970083579887, 0.00209100171924, -0.00226648617536, 0.0068222945556, -0.0150331212208, 0.0191262569278, -0.00743097718805], [-0.000395864452003, -0.000953438051511, 0.00036492390791, -0.000494708016049, -0.000554362719413, -0.00223161419854, -0.0018099778099, 0.000872414675541, 0.00211877049878, -0.000162326046848, 0.00721973692998, -0.00743097718805, 0.0113936280832]]
    spectral_contrast:
        mean: [-2.47792172559e-07, -4.7531943892e-07, 7.83906273227e-07, 1.88058166373e-07, 2.52595384609e-07, 2.06425923466e-07, 3.94397858372e-07, -1.29167540308e-06, 2.71811677521e-06, -8.45520162329e-07, 4.92510980621e-06, 1.48321745996e-07]
        var: [0.000256224826444, 0.000739084964152, 0.00131333083846, 0.00359987886623, 0.00674900459126, 0.0154952965677, 0.0488801188767, 0.111676894128, 0.184786707163, 0.416329503059, 0.694701075554, 2.78559827805]

rhythm:
    beats_loudness:
        dmean: 0.00294407783076
        dmean2: 0.00441132392734
        dvar: 1.14410886454e-05
        dvar2: 3.65897358279e-05
        max: 0.0152941988781
        mean: 0.00438958639279
        min: 2.86170343315e-05
        var: 1.17287108878e-05
    beats_loudness_bass:
        dmean: 0.0498241558671
        dmean2: 0.0852271094918
        dvar: 0.00196459004655
        dvar2: 0.00288135115989
        max: 0.15805311501
        mean: 0.0532224178314
        min: 0.000135553913424
        var: 0.00280829472467
    bpm: 131.004470825
    bpm_confidence: 0
    first_peak_bpm: 133
    first_peak_spread: 0
    first_peak_weight: 0.600000023842
    onset_rate: 4.38639307022
    second_peak_bpm: 126
    second_peak_spread: 0
    second_peak_weight: 0.34999999404
    beats_position: [0.0511848963797, 0.502924740314, 0.954664647579, 1.40640449524, 1.85814428329, 2.30988407135, 2.76162385941, 3.21336364746, 3.66510367393, 4.11684370041, 4.5685839653, 5.02032375336, 5.47206354141, 6.25234270096, 6.72666358948, 7.20098495483, 7.67530584335, 8.14962673187, 8.62394809723, 9.09826946259, 9.57259082794]
    bpm_estimates: [132.474624634, 132.99899292, 132.362854004, 133.448394775, 127.248985291, 127.492980957]
    bpm_intervals: [0.45173984766, 0.451739907265, 0.45173984766, 0.451739788055, 0.451739788055, 0.451739788055, 0.451739788055, 0.451740026474, 0.451740026474, 0.451740264893, 0.451739788055, 0.451739788055, 0.780279159546, 0.474320888519, 0.474321365356, 0.474320888519, 0.474320888519, 0.474321365356, 0.474321365356, 0.474321365356]
    onset_times: [0.0348299331963, 0.18575963378, 0.406349211931, 0.476009070873, 0.638548731804, 0.719818592072, 0.847528338432, 1.31192743778, 1.82276642323, 1.90403628349, 2.24072551727, 2.35682535172, 2.51936507225, 2.68190479279, 2.96054410934, 3.16952371597, 3.34367346764, 3.65714287758, 3.87773251534, 4.01705217361, 4.31891155243, 4.7020406723, 4.94585037231, 5.01551008224, 5.16644001007, 5.47990942001, 5.68888902664, 5.87464857101, 6.15328788757, 6.42031764984, 6.54802703857, 6.74539661407, 7.2330160141, 7.7670750618, 8.25469398499, 8.53333377838, 8.74231338501, 9.0093421936, 9.12544250488, 9.24154186249, 9.39247131348, 9.46213150024, 9.63628101349, 9.91492080688]
    rubato_start: []
    rubato_stop: []
    perceptual_tempo: "unknown"

sfx:
    inharmonicity:
        dmean: 0.0440407879651
        dmean2: 0.0779241174459
        dvar: 0.00297944876365
        dvar2: 0.0085883801803
        max: 0.30743047595
        mean: 0.0387966223061
        min: 4.93316547363e-05
        var: 0.0029075583443
    oddtoevenharmonicenergyratio:
        dmean: 4.00363206863
        dmean2: 7.53302717209
        dvar: 67.4836349487
        dvar2: 193.302139282
        max: 65.947265625
        mean: 2.72267174721
        min: 0.000155537622049
        var: 46.1403121948
    pitch_after_max_to_before_max_energy_ratio: 7.96312046051
    pitch_centroid: 268.90435791
    pitch_max_to_total: 0.42824074626
    pitch_min_to_total: 0.393518507481
    tristimulus:
        dmean: [0.24329584837, 0.297583669424, 0.100807800889]
        dmean2: [0.441449850798, 0.534027397633, 0.180373877287]
        dvar: [0.0522944368422, 0.0596599578857, 0.0160057283938]
        dvar2: [0.128004968166, 0.148633092642, 0.0443958006799]
        max: [0.948073208332, 0.994455993176, 0.713414788246]
        mean: [0.39191454649, 0.471975713968, 0.0889835506678]
        min: [0.00122234551236, 0, 0]
        var: [0.0747497677803, 0.0868845283985, 0.0151026071981]

tonal:
    chords_changes_rate: 0.0783410146832
    chords_number_rate: 0.0414746552706
    chords_strength:
        dmean: 0.014344798401
        dmean2: 0.0107737742364
        dvar: 0.000115846276458
        dvar2: 0.000107034829853
        max: 0.624506950378
        mean: 0.43795183301
        min: 0.210139885545
        var: 0.00814736634493
    key_strength: 0.43537285924
    tuning_diatonic_strength: 0.293220818043
    tuning_equal_tempered_deviation: 0.184408411384
    tuning_frequency: 445.884552002
    tuning_nontempered_energy_ratio: 0.913050949574
    hpcp:
        dmean: [0.106122925878, 0.0822168067098, 0.139972135425, 0.153477847576, 0.0921036824584, 0.0568701326847, 0.0594132952392, 0.0619134753942, 0.0883042737842, 0.084626249969, 0.0654623508453, 0.0486438460648, 0.0409438423812, 0.0451971031725, 0.0881560742855, 0.0874386206269, 0.0446217134595, 0.0456452034414, 0.0587380416691, 0.041194986552, 0.0441758334637, 0.0612089708447, 0.0595635809004, 0.109185799956, 0.123462848365, 0.0737064704299, 0.0702434629202, 0.0796332284808, 0.0805163383484, 0.109180934727, 0.125824734569, 0.112925291061, 0.104032240808, 0.0939584299922, 0.0795080736279, 0.106954522431]
        dmean2: [0.180530101061, 0.135805904865, 0.219978928566, 0.267844706774, 0.144417479634, 0.102930448949, 0.105354033411, 0.0980572402477, 0.154402285814, 0.149617567658, 0.0976305231452, 0.0762656331062, 0.0632822439075, 0.074050270021, 0.145066410303, 0.146256387234, 0.0794687196612, 0.07441496104, 0.0965514630079, 0.0684540420771, 0.0702190920711, 0.108910262585, 0.100811935961, 0.186092481017, 0.209736064076, 0.126145169139, 0.122993797064, 0.140469938517, 0.147565245628, 0.186900243163, 0.216316238046, 0.187206253409, 0.180375277996, 0.152134910226, 0.132356613874, 0.185777902603]
        dvar: [0.034194689244, 0.0177148412913, 0.0455588512123, 0.0723656564951, 0.0226422194391, 0.0174288973212, 0.0197745431215, 0.0172013733536, 0.0342592149973, 0.037733271718, 0.016518721357, 0.00959276594222, 0.00509884720668, 0.0050104232505, 0.0254395771772, 0.0252249483019, 0.0110303945839, 0.00995752308518, 0.0210569985211, 0.00850941054523, 0.0134146166965, 0.030012331903, 0.00929431244731, 0.0326711200178, 0.0488292947412, 0.0192643199116, 0.0250072553754, 0.0265074614435, 0.0231011081487, 0.0436135753989, 0.0644581913948, 0.025557635352, 0.0387171022594, 0.0275869946927, 0.016391992569, 0.0336907096207]
        dvar2: [0.0733580738306, 0.0398388542235, 0.0964520126581, 0.125426456332, 0.0484537258744, 0.0489674136043, 0.0525979213417, 0.0388402082026, 0.0857582613826, 0.0768767222762, 0.0373155847192, 0.0172108728439, 0.0109477741644, 0.0111816935241, 0.048911228776, 0.050898309797, 0.0298726484179, 0.023527963087, 0.0439003743231, 0.019739549607, 0.0269430633634, 0.0606172569096, 0.0202593877912, 0.072698302567, 0.100074611604, 0.0412184484303, 0.065951898694, 0.0626187995076, 0.0586893446743, 0.0889407470822, 0.11146299541, 0.0539829395711, 0.0755601897836, 0.0540019460022, 0.0337550118566, 0.0720860958099]
        max: [1, 0.959397733212, 1, 1, 1, 1, 1, 1, 1, 1, 1, 1, 0.843628585339, 0.682558059692, 1, 1, 0.903847098351, 1, 1, 0.754195094109, 1, 1, 0.703529059887, 1, 1, 1, 1, 1, 1, 1, 1, 1, 1, 1, 0.979677975178, 1]
        mean: [0.162391796708, 0.114161804318, 0.252904415131, 0.294909387827, 0.127556681633, 0.0574135370553, 0.0650295913219, 0.0804553851485, 0.113933078945, 0.107618376613, 0.0878307074308, 0.102545388043, 0.0742749273777, 0.0675448402762, 0.14367929101, 0.121208541095, 0.0467965751886, 0.0662194862962, 0.0825155302882, 0.046392749995, 0.0481611080468, 0.0635751411319, 0.0662390738726, 0.154977098107, 0.190086722374, 0.10410527885, 0.0751091018319, 0.0942299067974, 0.0962499901652, 0.171936318278, 0.208276003599, 0.180411547422, 0.254055589437, 0.195208907127, 0.101670570672, 0.173846766353]
        min: [0.00062212953344, 0.000617272628006, 0.000514586863574, 0.000513785693329, 0.000519353838172, 0.000461561925476, 0.000224139221245, 0.000326563837007, 0.000294830737403, 0.000252761965385, 0.000234805847867, 0.000169136939803, 0.000179221358849, 0.000190102597116, 9.53767230385e-05, 8.8214452262e-05, 0.000176537476364, 9.76918818196e-05, 4.80647759105e-05, 6.25517932349e-05, 7.36208749004e-05, 0.000108082662337, 0.000180934803211, 0.000320229126373, 0.000437346636318, 0.000308871036395, 0.000252891564742, 0.00039565921179, 0.000290637137368, 0.000207719029277, 0.000174066604814, 0.000633599818684, 0.000409943982959, 0.00031119081541, 0.000677880248986, 0.000371802772861]
        var: [0.0658048689365, 0.0254393145442, 0.0998361185193, 0.14274482429, 0.0352958329022, 0.0152120962739, 0.0204895604402, 0.0309158153832, 0.0481833517551, 0.0487918443978, 0.0252604149282, 0.0437618382275, 0.0204441435635, 0.0107304928824, 0.0567891746759, 0.0433812849224, 0.00818583089858, 0.0141799887642, 0.0321877971292, 0.0123636731878, 0.0166098568588, 0.0325587913394, 0.0119105419144, 0.0526686534286, 0.0908809453249, 0.0334671884775, 0.0245804768056, 0.0383596718311, 0.0349301993847, 0.0819983407855, 0.123784072697, 0.0432540290058, 0.131751790643, 0.0783476606011, 0.0266177188605, 0.0725892260671]
    chords_histogram: [0, 7.8341012001, 0, 10.1382484436, 0, 0, 14.2857141495, 0, 0, 0, 4.60829496384, 14.2857141495, 14.2857141495, 0, 0, 0, 7.8341012001, 0, 0, 0, 0, 2.30414748192, 0.460829496384, 23.9631328583]
    thpcp: [1, 0.432528376579, 0.194681957364, 0.220507025719, 0.272813916206, 0.3863324821, 0.364920139313, 0.29782268405, 0.347718298435, 0.251856774092, 0.229035913944, 0.487198084593, 0.411002665758, 0.158681198955, 0.224541798234, 0.279799610376, 0.157311886549, 0.163308158517, 0.215575173497, 0.224608227611, 0.525507509708, 0.64455974102, 0.353007674217, 0.254685342312, 0.319521546364, 0.326371401548, 0.583014070988, 0.706237256527, 0.611752450466, 0.861469984055, 0.661928415298, 0.344751894474, 0.5894921422, 0.550649821758, 0.387108057737, 0.857566535473]
    chords_key: "G"
    chords_scale: "minor"
    key_key: "A#"
    key_scale: "major"
    chords_progression: ["E", "E", "E", "E", "E", "E", "E", "E", "E", "E", "E", "E", "E", "E", "E", "E", "E", "E", "E", "C#m", "C#m", "C#m", "C#m", "C#m", "C#m", "C#m", "E", "E", "E", "E", "E", "E", "E", "E", "E", "E", "E", "E", "C#m", "C#m", "C#m", "Gm", "Gm", "Gm", "Gm", "Gm", "Gm", "Gm", "Gm", "Gm", "C#m", "C#m", "C#m", "C#m", "C#m", "C#m", "C#m", "C#m", "C#m", "C#m", "C#m", "C#m", "C#m", "C#m", "C#m", "C#m", "C#m", "C#m", "C#m", "C#m", "C#m", "Dm", "Dm", "Dm", "Dm", "Dm", "Dm", "Dm", "Dm", "Dm", "Dm", "Dm", "Dm", "Dm", "Dm", "Dm", "Dm", "Dm", "G", "G", "G", "G", "G", "G", "G", "G", "G", "G", "G", "G", "G", "G", "G", "G", "G", "G", "G", "G", "G", "G", "G", "G", "G", "G", "G", "G", "Gm", "Gm", "G", "G", "G", "Cm", "Cm", "Cm", "Cm", "Cm", "Gm", "Gm", "Gm", "Gm", "Gm", "D#", "F#", "F#", "F#", "F#", "F#", "F#", "F#", "F#", "F#", "F#", "F#", "F#", "F#", "F#", "F#", "F#", "F#", "Gm", "Gm", "Gm", "Gm", "Gm", "Gm", "Gm", "Gm", "Gm", "Gm", "Gm", "Gm", "Gm", "Gm", "Gm", "Gm", "Gm", "Gm", "Gm", "Gm", "Gm", "Gm", "Gm", "Gm", "Gm", "Gm", "Gm", "Gm", "Gm", "Gm", "Gm", "Gm", "Gm", "Gm", "Gm", "Gm", "Am", "Am", "Am", "Am", "Am", "Am", "Am", "Am", "Am", "Am", "Am", "A", "A", "A", "A", "A", "A", "A", "A", "A", "A", "Am", "Am", "Am", "Am", "Am", "Am", "Am", "Am", "Am", "Am", "Am"]
