
metadata:
    version:
        essentia: "1.2.2"
    audio_properties:
        analysis_sample_rate: 44100
        bitrate: 128
        channels: 2
        equal_loudness: 1
        length: 10.0310201645
        replay_gain: -12.1247272491
        downmix: "mix"
    tags:
        track: 6
        year: 0
        album: "Splitted by Mp3Splt v. 2.1"
        artist: "From 000.50 To 001.00"
        comment: "http://mp3splt.sf.net"
        genre: ""
        title: "07 Useless [The Kruder & Dorfm"

highlevel:
    ballroom:
        all:
            ChaChaCha: 0.0505326651037
            Jive: 0.0951572433114
            Quickstep: 0.00813799723983
            Rumba-American: 0.0103367231786
            Rumba-International: 0.619638621807
            Rumba-Misc: 0.0147458994761
            Samba: 0.195025876164
            Tango: 0.00106889137533
            VienneseWaltz: 0.00225517107174
            Waltz: 0.00310090114363
        probability: 0.619638621807
        value: "Rumba-International"
    culture:
        all:
            non_western: 0.693419039249
            western: 0.306580990553
        probability: 0.693419039249
        value: "non_western"
    gender:
        all:
            female: 0.487251251936
            male: 0.512748777866
        probability: 0.512748777866
        value: "male"
    genre_dortmund:
        all:
            alternative: 0.181897819042
            blues: 0.0052347141318
            electronic: 0.0616870634258
            folkcountry: 0.0303401984274
            funksoulrnb: 0.0035937265493
            jazz: 0.0882100835443
            pop: 0.0469156317413
            raphiphop: 0.00289182225242
            rock: 0.579228937626
        probability: 0.579228937626
        value: "rock"
    genre_electronica:
        all:
            ambient: 0.111147545278
            dnb: 0.371028929949
            house: 0.330049902201
            techno: 0.150197356939
            trance: 0.0375762805343
        probability: 0.371028929949
        value: "dnb"
    genre_rosamerica:
        all:
            cla: 0.00821088254452
            dan: 0.0713853985071
            hip: 0.0152756962925
            jaz: 0.0262536462396
            pop: 0.0618460550904
            rhy: 0.704998791218
            roc: 0.10619969666
            spe: 0.00582982087508
        probability: 0.704998791218
        value: "rhy"
    genre_tzanetakis:
        all:
            blu: 0.0465422347188
            cla: 0.0169518738985
            cou: 0.0192683879286
            dis: 0.0386428683996
            hip: 0.213180810213
            jaz: 0.0152946896851
            met: 0.043157313019
            pop: 0.195927262306
            reg: 0.317891031504
            roc: 0.0931435152888
        probability: 0.317891031504
        value: "reg"
    live_studio:
        all:
            live: 0.558650612831
            studio: 0.441349416971
        probability: 0.558650612831
        value: "live"
    mood:
        all:
            Cluster1: 0.50597435236
            Cluster2: 0.0545762479305
            Cluster3: 0.30310639739
            Cluster4: 0.0186086371541
            Cluster5: 0.117734357715
        probability: 0.50597435236
        value: "Cluster1"
    mood_acoustic:
        all:
            acoustic: 0.530887246132
            not_acoustic: 0.469112753868
        probability: 0.530887246132
        value: "acoustic"
    mood_aggressive:
        all:
            aggressive: 0.0696166455746
            not_aggressive: 0.930383384228
        probability: 0.930383384228
        value: "not_aggressive"
    mood_electronic:
        all:
            electronic: 0.5
            not_electronic: 0.5
        probability: 0.5
        value: "electronic"
    mood_happy:
        all:
            happy: 0.0723009854555
            not_happy: 0.927699029446
        probability: 0.927699029446
        value: "not_happy"
    mood_party:
        all:
            not_party: 0.665377855301
            party: 0.334622174501
        probability: 0.665377855301
        value: "not_party"
    mood_relaxed:
        all:
            not_relaxed: 0.432964652777
            relaxed: 0.567035317421
        probability: 0.567035317421
        value: "relaxed"
    mood_sad:
        all:
            not_sad: 0.386947780848
            sad: 0.61305218935
        probability: 0.61305218935
        value: "sad"
    rhythm:
        all:
            fast: 0.260604739189
            medium: 0.310843348503
            slow: 0.428551912308
        probability: 0.428551912308
        value: "slow"
    speech_music:
        all:
            music: 0.999932050705
            speech: 6.79354416206e-05
        probability: 0.999932050705
        value: "music"
    timbre:
        all:
            bright: 0.0243225637823
            dark: 0.97567743063
        probability: 0.97567743063
        value: "dark"
    voice_instrumental:
        all:
            instrumental: 0.5
            voice: 0.5
        probability: 0.5
        value: "voice"

lowlevel:
    average_loudness: 0.949980139732
    barkbands_kurtosis:
        dmean: 12.7625141144
        dmean2: 18.6286811829
        dvar: 188.548110962
        dvar2: 344.866271973
        max: 97.5691986084
        mean: 22.6432209015
        min: -1.86916971207
        var: 480.70324707
    barkbands_skewness:
        dmean: 1.31352496147
        dmean2: 1.81890928745
        dvar: 1.49630320072
        dvar2: 2.72745728493
        max: 7.85336112976
        mean: 3.74397230148
        min: -0.702412486076
        var: 4.38909626007
    barkbands_spread:
        dmean: 11.5803146362
        dmean2: 17.0661773682
        dvar: 174.222381592
        dvar2: 352.023040771
        max: 74.6771850586
        mean: 19.4128322601
        min: 1.25330638885
        var: 354.689056396
    dissonance:
        dmean: 0.019053267315
        dmean2: 0.0301825664937
        dvar: 0.000415057933424
        dvar2: 0.000967179716099
        max: 0.497370690107
        mean: 0.457412481308
        min: 0.288566112518
        var: 0.00154982076492
    hfc:
        dmean: 1.8223284483
        dmean2: 2.40591621399
        dvar: 11.3122301102
        dvar2: 18.6614494324
        max: 33.0372886658
        mean: 2.58679676056
        min: 0.0150941181928
        var: 21.394241333
    pitch:
        dmean: 1197.03540039
        dmean2: 2316.76196289
        dvar: 3043361.25
        dvar2: 6639390
        max: 5512.5
        mean: 1728.9473877
        min: 47.6756744385
        var: 3714683
    pitch_instantaneous_confidence:
        dmean: 0.0858200564981
        dmean2: 0.138183295727
        dvar: 0.00685463519767
        dvar2: 0.0197941884398
        max: 0.867736339569
        mean: 0.391209721565
        min: 0.154412925243
        var: 0.0103377271444
    pitch_salience:
        dmean: 0.0675242319703
        dmean2: 0.105231791735
        dvar: 0.00358503800817
        dvar2: 0.00977078638971
        max: 0.805107653141
        mean: 0.574221491814
        min: 0.313169062138
        var: 0.00734018022195
    silence_rate_20dB:
        dmean: 0
        dmean2: 0
        dvar: 0
        dvar2: 0
        max: 1
        mean: 1
        min: 1
        var: 0
    silence_rate_30dB:
        dmean: 0
        dmean2: 0
        dvar: 0
        dvar2: 0
        max: 1
        mean: 1
        min: 1
        var: 0
    silence_rate_60dB:
        dmean: 0.180555552244
        dmean2: 0.36194896698
        dvar: 0.14795537293
        dvar2: 0.268064618111
        max: 1
        mean: 0.588914573193
        min: 0
        var: 0.24209356308
    spectral_centroid:
        dmean: 306.1456604
        dmean2: 461.777252197
        dvar: 165593.578125
        dvar2: 359959.15625
        max: 3025.11083984
        mean: 570.630126953
        min: 166.761642456
        var: 270905.34375
    spectral_complexity:
        dmean: 2.13457083702
        dmean2: 2.98604655266
        dvar: 19.0955295563
        dvar2: 27.4741973877
        max: 39
        mean: 5.01620388031
        min: 0
        var: 36.1733818054
    spectral_crest:
        dmean: 2.42768526077
        dmean2: 3.86408662796
        dvar: 4.69228363037
        dvar2: 12.4224567413
        max: 21.7764167786
        mean: 11.420165062
        min: 3.911870718
        var: 9.94247245789
    spectral_decrease:
        dmean: 4.1940376172e-10
        dmean2: 5.94075066918e-10
        dvar: 4.19997931645e-19
        dvar2: 9.8249700745e-19
        max: -1.99534052475e-12
        mean: -9.21313636493e-10
        min: -6.42881969881e-09
        var: 6.50242181733e-19
    spectral_energy:
        dmean: 0.00171159906313
        dmean2: 0.00238200230524
        dvar: 7.13982535672e-06
        dvar2: 1.6254853108e-05
        max: 0.0264031346887
        mean: 0.00371187902056
        min: 8.89995226316e-06
        var: 1.13214910016e-05
    spectral_energyband_high:
        dmean: 0.000154283392476
        dmean2: 0.000200875030714
        dvar: 7.06864611288e-08
        dvar2: 1.19789845598e-07
        max: 0.00274396734312
        mean: 0.000187296085642
        min: 1.43369584293e-06
        var: 1.37537682576e-07
    spectral_energyband_low:
        dmean: 0.000272174045676
        dmean2: 0.000414932583226
        dvar: 1.55203963459e-07
        dvar2: 4.0411629243e-07
        max: 0.00370789133012
        mean: 0.000897102931049
        min: 2.15187787944e-06
        var: 2.24067477461e-07
    spectral_energyband_middle_high:
        dmean: 0.000308167567709
        dmean2: 0.000429288804298
        dvar: 5.26736755546e-07
        dvar2: 1.06885249807e-06
        max: 0.00664615444839
        mean: 0.000351102091372
        min: 2.16385933527e-06
        var: 7.54537779812e-07
    spectral_energyband_middle_low:
        dmean: 0.00134572596289
        dmean2: 0.00199026614428
        dvar: 4.68150665256e-06
        dvar2: 1.15231914606e-05
        max: 0.0193230751902
        mean: 0.00227636890486
        min: 3.13589316647e-06
        var: 6.33347872281e-06
    spectral_flatness_db:
        dmean: 0.0407474711537
        dmean2: 0.0575111173093
        dvar: 0.00166192010511
        dvar2: 0.00306237558834
        max: 0.390619188547
        mean: 0.24887752533
        min: 0.109457068145
        var: 0.0041715609841
    spectral_flux:
        dmean: 0.0114635424688
        dmean2: 0.0161628592759
        dvar: 0.000164332232089
        dvar2: 0.000304372544633
        max: 0.107613958418
        mean: 0.0272396057844
        min: 0.00298327882774
        var: 0.000411536660977
    spectral_kurtosis:
        dmean: 1.26004874706
        dmean2: 1.91033172607
        dvar: 1.94087672234
        dvar2: 4.50495910645
        max: 14.7341117859
        mean: 2.24289488792
        min: -0.504562616348
        var: 4.85661506653
    spectral_rms:
        dmean: 0.000386830419302
        dmean2: 0.000518455402926
        dvar: 1.94855587665e-07
        dvar2: 4.0371011778e-07
        max: 0.00507534807548
        mean: 0.00176877283957
        min: 9.31819740799e-05
        var: 4.92791912166e-07
    spectral_rolloff:
        dmean: 842.342102051
        dmean2: 1483.88806152
        dvar: 1837876.875
        dvar2: 3803978.5
        max: 5792.43164062
        mean: 1078.85546875
        min: 150.732421875
        var: 2229921.75
    spectral_skewness:
        dmean: 0.338309407234
        dmean2: 0.471284210682
        dvar: 0.101872980595
        dvar2: 0.23379072547
        max: 3.46472454071
        mean: 1.3827227354
        min: 0.377471148968
        var: 0.317732393742
    spectral_spread:
        dmean: 1179636.875
        dmean2: 1915030.625
        dvar: 1.43439980134e+12
        dvar2: 3.46962919424e+12
        max: 16421089
        mean: 7833517
        min: 3521505
        var: 2.69705674752e+12
    spectral_strongpeak:
        dmean: 0.0926946997643
        dmean2: 0.154607281089
        dvar: 0.0129886129871
        dvar2: 0.0342460460961
        max: 0.894716262817
        mean: 0.183735653758
        min: 0.00094279932091
        var: 0.0185784231871
    zerocrossingrate:
        dmean: 0.0149361947551
        dmean2: 0.0175202134997
        dvar: 0.000218277651584
        dvar2: 0.000274812831776
        max: 0.13916015625
        mean: 0.0451637543738
        min: 0.00927734375
        var: 0.000831109646242
    barkbands:
        dmean: [1.07704117625e-07, 7.42047122912e-05, 0.000241599031142, 0.000466110417619, 0.000819286215119, 6.84491824359e-05, 4.01295328629e-05, 3.72474969481e-05, 6.25365864835e-05, 1.97451954591e-05, 4.15017075284e-06, 1.09980383058e-05, 4.74590297017e-06, 1.18786128951e-05, 1.25948909044e-05, 4.15025533584e-05, 5.15718893439e-05, 5.97739090153e-05, 8.55024409248e-05, 8.06170646683e-05, 6.59006545902e-05, 3.8584410504e-05, 1.17822592074e-05, 3.51367066287e-06, 2.29128750107e-06, 9.97838682792e-08, 6.41844077887e-10]
        dmean2: [1.73858836661e-07, 0.000117453557323, 0.000371139118215, 0.000701113371179, 0.00120411708485, 0.000101379504486, 6.23903761152e-05, 6.0876194766e-05, 0.000115663409815, 3.61402962881e-05, 6.62118327455e-06, 1.99199312192e-05, 7.36405354473e-06, 2.01060283871e-05, 1.93834566744e-05, 6.68275242788e-05, 8.34675083752e-05, 8.63828172442e-05, 0.000118214367831, 0.000114595663035, 8.68690549396e-05, 5.30438264832e-05, 1.88097037608e-05, 5.16869295097e-06, 3.57873477697e-06, 1.51754406374e-07, 1.02990582729e-09]
        dvar: [4.55197640377e-14, 1.02178416839e-08, 1.33220297016e-07, 3.01704659478e-07, 2.21358891395e-06, 1.83859558689e-08, 9.64906377021e-09, 1.33031772265e-08, 4.25056811082e-07, 3.21550075455e-08, 9.46934197721e-11, 5.34441912947e-09, 1.83599774273e-10, 6.59708687678e-09, 1.17910303743e-09, 2.79783218815e-08, 4.86110707243e-08, 2.01511358711e-08, 4.10972660347e-08, 2.85986683224e-08, 2.12976960512e-08, 3.85599108199e-09, 4.20502882514e-10, 3.82005364841e-11, 1.61851747282e-11, 2.54039512679e-14, 4.86606490204e-18]
        dvar2: [6.58811452115e-14, 2.64986788068e-08, 3.6232762568e-07, 7.0285284437e-07, 5.5470109146e-06, 4.28415702913e-08, 2.20203197898e-08, 3.55191538404e-08, 1.27058581256e-06, 9.44241520529e-08, 2.33582569953e-10, 1.58000172945e-08, 4.33909796982e-10, 1.80395485216e-08, 2.57704479978e-09, 7.42878043525e-08, 1.34260758955e-07, 3.88473537782e-08, 6.57789982483e-08, 5.50539738242e-08, 4.22350332485e-08, 7.43407602144e-09, 9.61147605949e-10, 7.88347720437e-11, 3.78378335608e-11, 5.69515002649e-14, 6.1016762818e-18]
        max: [3.81315248887e-06, 0.000939709949307, 0.00323328748345, 0.00595827633515, 0.0115258721635, 0.00122237286996, 0.00113767455332, 0.00108953623567, 0.0096308812499, 0.00274397665635, 8.22428337415e-05, 0.00100991246291, 0.000112426765554, 0.00129441812169, 0.000413896574173, 0.00186984962784, 0.00275451992638, 0.00171331909951, 0.00217273109592, 0.00194857956376, 0.00179840903729, 0.000548146665096, 0.000125649923575, 5.2543124184e-05, 2.33261889662e-05, 1.08469600946e-06, 4.23683204076e-08]
        mean: [2.34841564861e-07, 0.000224739720579, 0.000672140275128, 0.000879763858393, 0.00118663185276, 8.64779867698e-05, 3.95073329855e-05, 3.42423263646e-05, 4.34621797467e-05, 1.28343181132e-05, 3.49368724528e-06, 7.44421458876e-06, 4.32851402365e-06, 9.17120087252e-06, 1.36418884722e-05, 3.52813985955e-05, 4.60291485069e-05, 6.9840301876e-05, 0.000103687336377, 9.86227460089e-05, 7.7124015661e-05, 4.41003212472e-05, 1.19542764878e-05, 4.3942186494e-06, 2.62357229985e-06, 1.10891200222e-07, 5.63952662347e-10]
        min: [5.09098263546e-10, 1.41593250191e-06, 6.71425823384e-07, 1.00117483726e-06, 1.46729485095e-06, 5.03917590322e-07, 3.25688915837e-08, 4.89515583624e-09, 1.14478115876e-08, 8.19148482378e-09, 4.96372631886e-09, 1.32522925966e-08, 2.20629670089e-09, 2.16485354088e-08, 3.69951962398e-08, 2.13401154525e-08, 1.52085249283e-07, 2.25580038204e-07, 3.707179701e-07, 6.87007741362e-07, 6.4371698727e-07, 2.72994839179e-07, 7.35837062393e-08, 3.07354071083e-08, 4.44691146129e-08, 6.77540135108e-10, 6.59495990262e-14]
        var: [6.92389193397e-14, 2.8883793135e-08, 2.03340178473e-07, 7.10543076821e-07, 2.75737374977e-06, 2.18116831263e-08, 1.49481014233e-08, 1.12431379762e-08, 2.17050171614e-07, 1.77113044231e-08, 8.5729430499e-11, 2.8257776119e-09, 1.77023715131e-10, 4.25090096456e-09, 1.57143487112e-09, 2.1090215796e-08, 3.38818466616e-08, 3.07610044104e-08, 7.38044363402e-08, 4.8208814718e-08, 3.21512558799e-08, 6.60845467237e-09, 5.42064115816e-10, 6.11441799969e-11, 1.93247865626e-11, 3.24528781398e-14, 4.75005199395e-18]
    mfcc:
        mean: [-812.120544434, 81.9259872437, 40.4482460022, 97.9703216553, 14.1957416534, 10.2449016571, 1.97718369961, -1.06254303455, -0.248596608639, -8.98336601257, -5.90718984604, -10.3365125656, -9.16364383698]
        cov: [[5847.84619141, -270.454071045, -1583.31274414, -772.937805176, -640.781921387, -411.056121826, -411.099884033, -29.4596118927, -77.5444030762, 89.6257705688, 70.1128845215, -63.2823524475, 136.756134033], [-270.454071045, 1078.16223145, 132.916687012, -309.735839844, -288.04699707, -246.311813354, -89.6571578979, -45.8629608154, 66.0884475708, 49.075553894, 36.9589309692, 19.9681072235, -38.3113746643], [-1583.31274414, 132.916687012, 751.805114746, 172.325546265, 40.3564567566, 24.9747810364, 69.6779251099, 17.1593780518, 42.8475265503, -6.61244535446, -19.7735137939, 0.552833020687, -62.0066337585], [-772.937805176, -309.735839844, 172.325546265, 342.917358398, 243.231170654, 129.627288818, 53.7522926331, -7.68849420547, -29.6234531403, -33.5412979126, -18.8639469147, 20.2643013, 8.49100494385], [-640.781921387, -288.04699707, 40.3564567566, 243.231170654, 304.638763428, 157.048614502, 77.408744812, -17.5508518219, -36.7036933899, -44.2178649902, -28.0281715393, 18.6342334747, 2.18549489975], [-411.056121826, -246.311813354, 24.9747810364, 129.627288818, 157.048614502, 188.786468506, 81.1479187012, 20.988740921, -27.2808322906, -35.071811676, -13.8575773239, -7.77746963501, 5.90677452087], [-411.099884033, -89.6571578979, 69.6779251099, 53.7522926331, 77.408744812, 81.1479187012, 119.277626038, 29.0175495148, 0.349282562733, -21.1274318695, -22.8020553589, -0.0363929122686, -18.59116745], [-29.4596118927, -45.8629608154, 17.1593780518, -7.68849420547, -17.5508518219, 20.988740921, 29.0175495148, 69.106010437, 30.2186946869, 1.6110227108, -5.8093624115, -19.2653675079, -7.05810546875], [-77.5444030762, 66.0884475708, 42.8475265503, -29.6234531403, -36.7036933899, -27.2808322906, 0.349282562733, 30.2186946869, 63.1947135925, 27.5170230865, 1.3077892065, -7.78747606277, -15.3733386993], [89.6257705688, 49.075553894, -6.61244535446, -33.5412979126, -44.2178649902, -35.071811676, -21.1274318695, 1.6110227108, 27.5170230865, 56.4703865051, 31.8421440125, 2.79129433632, 0.35837623477], [70.1128845215, 36.9589309692, -19.7735137939, -18.8639469147, -28.0281715393, -13.8575773239, -22.8020553589, -5.8093624115, 1.3077892065, 31.8421440125, 57.8875808716, 23.1371421814, 18.6132335663], [-63.2823524475, 19.9681072235, 0.552833020687, 20.2643013, 18.6342334747, -7.77746963501, -0.0363929122686, -19.2653675079, -7.78747606277, 2.79129433632, 23.1371421814, 56.8927230835, 26.0333442688], [136.756134033, -38.3113746643, -62.0066337585, 8.49100494385, 2.18549489975, 5.90677452087, -18.59116745, -7.05810546875, -15.3733386993, 0.35837623477, 18.6132335663, 26.0333442688, 60.0058174133]]
        icov: [[0.00153834547382, 0.00151303480379, 0.00219067977741, 0.00152720231563, 0.0019066814566, 0.00168277835473, 0.00226463610306, -0.00038785324432, 0.00178601697553, -0.000521289883181, 0.000807903415989, -3.9295257011e-05, 0.000155726374942], [0.00151303480379, 0.00341862859204, 0.00150544859935, 0.00303910672665, 0.00201992760412, 0.00278842099942, 0.00219087279402, 0.00142456707545, 0.000108805310447, 0.000852478842717, -0.000312417978421, -0.000660291640088, 0.000764437660109], [0.00219067977741, 0.00150544859935, 0.00543506024405, -0.00050345226191, 0.00437779212371, 0.0019811715465, 0.00206104083918, -0.000122577519505, 0.0011260160245, -0.000116620845802, 0.000988716608845, -0.000354078860255, 0.00206181034446], [0.00152720231563, 0.00303910672665, -0.00050345226191, 0.0118888355792, -0.00525733781978, 0.00202436954714, 0.00469774473459, -0.00163415865973, 0.00319395307451, -0.0012764192652, 0.0012164877262, -0.00151139171794, -0.0013830261305], [0.0019066814566, 0.00201992760412, 0.00437779212371, -0.00525733781978, 0.0155257387087, -0.00372972292826, 0.000395239097998, 0.00517380982637, -0.00040394597454, 0.000873225741088, 0.0034166907426, -0.0035056900233, 0.00309701240622], [0.00168277835473, 0.00278842099942, 0.0019811715465, 0.00202436954714, -0.00372972292826, 0.0172774121165, -0.00379656068981, -0.00297869206406, 0.00391055690125, 0.00386251905002, -0.00582074047998, 0.00712842354551, -0.00369387352839], [0.00226463610306, 0.00219087279402, 0.00206104083918, 0.00469774473459, 0.000395239097998, -0.00379656068981, 0.0207689907402, -0.00845527648926, 0.00548810139298, -0.0031496018637, 0.00772129837424, -0.00852739997208, 0.00623144395649], [-0.00038785324432, 0.00142456707545, -0.000122577519505, -0.00163415865973, 0.00517380982637, -0.00297869206406, -0.00845527648926, 0.0307306684554, -0.0192719660699, 0.00919384881854, -0.0065378556028, 0.0093643758446, -0.00402923068032], [0.00178601697553, 0.000108805310447, 0.0011260160245, 0.00319395307451, -0.00040394597454, 0.00391055690125, 0.00548810139298, -0.0192719660699, 0.0388585105538, -0.0216034054756, 0.0119407484308, -0.00563810486346, 0.00460056960583], [-0.000521289883181, 0.000852478842717, -0.000116620845802, -0.0012764192652, 0.000873225741088, 0.00386251905002, -0.0031496018637, 0.00919384881854, -0.0216034054756, 0.0435726307333, -0.0262439921498, 0.00842787139118, 0.000175265959115], [0.000807903415989, -0.000312417978421, 0.000988716608845, 0.0012164877262, 0.0034166907426, -0.00582074047998, 0.00772129837424, -0.0065378556028, 0.0119407484308, -0.0262439921498, 0.04118835181, -0.0167379379272, -0.00141801149584], [-3.9295257011e-05, -0.000660291640088, -0.000354078860255, -0.00151139171794, -0.0035056900233, 0.00712842354551, -0.00852739997208, 0.0093643758446, -0.00563810486346, 0.00842787139118, -0.0167379379272, 0.0358264483511, -0.014444610104], [0.000155726374942, 0.000764437660109, 0.00206181034446, -0.0013830261305, 0.00309701240622, -0.00369387352839, 0.00623144395649, -0.00402923068032, 0.00460056960583, 0.000175265959115, -0.00141801149584, -0.014444610104, 0.028716204688]]
    spectral_contrast:
        mean: [-1.5591892577e-07, 2.06658754109e-07, 3.19178468544e-07, 2.89542157361e-07, -2.59028411165e-07, -3.73770802753e-07, 1.29571117213e-06, -3.12034444505e-06, -2.31223248193e-06, -8.31291657732e-08, -2.09692461794e-06, -2.32899637354e-07]
        var: [0.000361136189895, 0.000560788903385, 0.000926162290853, 0.00177467393223, 0.00258038635366, 0.00478692352772, 0.0638282671571, 0.101961091161, 0.126835331321, 0.161087885499, 0.492599457502, 4.1620759964]

rhythm:
    beats_loudness:
        dmean: 0.00497018126771
        dmean2: 0.00907275732607
        dvar: 8.1688967839e-06
        dvar2: 3.01511045109e-05
        max: 0.0116569539532
        mean: 0.00518092280254
        min: 0.00140354596078
        var: 1.06239322122e-05
    beats_loudness_bass:
        dmean: 0.361065715551
        dmean2: 0.6745262146
        dvar: 0.0274909622967
        dvar2: 0.102168463171
        max: 0.733440756798
        mean: 0.407534331083
        min: 0.10353924334
        var: 0.0520938076079
    bpm: 95.6678466797
    bpm_confidence: 0
    first_peak_bpm: 96
    first_peak_spread: 0
    first_peak_weight: 0.933333337307
    onset_rate: 6.18082714081
    second_peak_bpm: 111
    second_peak_spread: 0
    second_peak_weight: 0.0666666701436
    beats_position: [0.59236741066, 1.21996152401, 1.84755563736, 2.4751496315, 3.10274362564, 3.7303378582, 4.35793209076, 4.98552656174, 5.61312055588, 6.15283346176, 6.77938461304, 7.40593528748, 8.03248596191, 8.65903759003, 9.28558826447, 9.91213798523]
    bpm_estimates: [95.4800949097, 95.5137176514, 95.3694076538, 96.6654052734, 95.4925003052, 95.6324234009, 95.6518173218, 95.3770751953, 95.4988021851, 95.4743347168, 95.4930801392, 95.5464859009, 95.562713623, 97.4866104126, 95.3431396484, 95.5721054077, 95.4469680786, 95.4145202637]
    bpm_intervals: [0.62759411335, 0.62759411335, 0.627593994141, 0.627593994141, 0.627594232559, 0.627594232559, 0.627594470978, 0.627593994141, 0.539712905884, 0.626551151276, 0.626550674438, 0.626550674438, 0.626551628113, 0.626550674438, 0.626549720764]
    onset_times: [0.0464399084449, 0.116099774837, 0.255419492722, 0.417959183455, 0.568888902664, 0.719818592072, 0.882358253002, 1.05650794506, 1.19582772255, 1.53251695633, 1.69505667686, 1.8575963974, 2.00852608681, 2.15945577621, 2.31038546562, 2.47292518616, 2.7863945961, 2.94893431664, 3.08825397491, 3.25079369545, 3.41333341599, 3.58748292923, 3.62231302261, 3.73841261864, 3.97061228752, 4.01705217361, 4.051882267, 4.22603178024, 4.38857126236, 4.51628112793, 4.69043064117, 4.841360569, 5.00390005112, 5.31736946106, 5.47990942001, 5.61922883987, 5.94430828094, 6.11845827103, 6.15328788757, 6.25777769089, 6.58285713196, 6.7570066452, 6.91954660416, 7.05886602402, 7.22140598297, 7.34911584854, 7.53487539291, 7.69741487503, 7.85995483398, 8.01088428497, 8.16181373596, 8.3011341095, 8.46367359161, 8.63782310486, 8.78875255585, 9.0093421936, 9.11383247375, 9.27637195587, 9.43891143799, 9.6014509201, 9.75238132477, 9.90331077576]
    rubato_start: []
    rubato_stop: []
    perceptual_tempo: "unknown"

sfx:
    inharmonicity:
        dmean: 0.0324710533023
        dmean2: 0.0570398978889
        dvar: 0.00177958037239
        dvar2: 0.0048230313696
        max: 0.26614511013
        mean: 0.0286483634263
        min: 1.17630070235e-05
        var: 0.00185026216786
    oddtoevenharmonicenergyratio:
        dmean: 3.9245057106
        dmean2: 7.55488681793
        dvar: 498.233795166
        dvar2: 1477.02770996
        max: 293.240661621
        mean: 2.32073998451
        min: 2.3085335954e-07
        var: 255.950790405
    pitch_after_max_to_before_max_energy_ratio: 9.74039745331
    pitch_centroid: 204.121627808
    pitch_max_to_total: 0.115740738809
    pitch_min_to_total: 0.222222223878
    tristimulus:
        dmean: [0.278565526009, 0.275448799133, 0.124928049743]
        dmean2: [0.489412307739, 0.498844027519, 0.222245410085]
        dvar: [0.0702810585499, 0.0671293586493, 0.0236248001456]
        dvar2: [0.162941426039, 0.162008091807, 0.0642361268401]
        max: [0.984946727753, 0.972795546055, 0.852106809616]
        mean: [0.539602637291, 0.311767548323, 0.109125092626]
        min: [0.00984018296003, 0, 0]
        var: [0.11250115186, 0.0848551094532, 0.0235802792013]

tonal:
    chords_changes_rate: 0.0875576063991
    chords_number_rate: 0.0276497695595
    chords_strength:
        dmean: 0.00905730761588
        dmean2: 0.0115158036351
        dvar: 5.76489328523e-05
        dvar2: 8.62818051246e-05
        max: 0.634893536568
        mean: 0.536891043186
        min: 0.407205492258
        var: 0.00201362674125
    key_strength: 0.854330897331
    tuning_diatonic_strength: 0.603322267532
    tuning_equal_tempered_deviation: 0.0720053315163
    tuning_frequency: 440.508575439
    tuning_nontempered_energy_ratio: 0.746880352497
    hpcp:
        dmean: [0.0881929695606, 0.0860128030181, 0.115021832287, 0.170295149088, 0.126418530941, 0.146388307214, 0.178534165025, 0.135975182056, 0.0901709124446, 0.0665798857808, 0.0549627542496, 0.0843778327107, 0.0953620001674, 0.0820096135139, 0.0703197717667, 0.0786511898041, 0.082517452538, 0.109140813351, 0.0840430855751, 0.10844682157, 0.0961806625128, 0.0796857774258, 0.0799790322781, 0.0735421925783, 0.0981546789408, 0.154317125678, 0.266847878695, 0.244128793478, 0.191376522183, 0.147692278028, 0.144122317433, 0.101435557008, 0.0969744622707, 0.108430445194, 0.0967068076134, 0.0777533128858]
        dmean2: [0.157273009419, 0.16038569808, 0.206617370248, 0.312755078077, 0.229086861014, 0.261611223221, 0.314413547516, 0.235632389784, 0.169343650341, 0.121962830424, 0.0970229059458, 0.156389847398, 0.172769740224, 0.140879318118, 0.128863438964, 0.142816632986, 0.142489790916, 0.188902497292, 0.147211715579, 0.192737966776, 0.169075638056, 0.143577262759, 0.140895247459, 0.123599991202, 0.176801651716, 0.286000818014, 0.471904784441, 0.438429683447, 0.337084919214, 0.26208743453, 0.266421556473, 0.17928224802, 0.179535448551, 0.201802641153, 0.174118429422, 0.131455406547]
        dvar: [0.0374016575515, 0.0358001179993, 0.0388854779303, 0.0764964967966, 0.0439045466483, 0.0442465543747, 0.0738360360265, 0.0359864830971, 0.0466252975166, 0.0217365864664, 0.0147683564574, 0.0325741246343, 0.0346854627132, 0.0215906035155, 0.0237610507756, 0.0362392701209, 0.0236729513854, 0.0389485396445, 0.0286703705788, 0.0407249517739, 0.0386808849871, 0.0323947742581, 0.0341357775033, 0.0206596869975, 0.0414780117571, 0.0484251081944, 0.0750204399228, 0.0943208634853, 0.0495709180832, 0.0564385466278, 0.0662703961134, 0.0378158427775, 0.0373312719166, 0.0578520521522, 0.0478655174375, 0.0283330399543]
        dvar2: [0.101244948804, 0.103600308299, 0.112564213574, 0.209245473146, 0.122305810452, 0.119253002107, 0.181374594569, 0.0952407717705, 0.134884178638, 0.0607806816697, 0.0335796140134, 0.093501932919, 0.0940943285823, 0.0516511201859, 0.0647330284119, 0.0995436906815, 0.0552209578454, 0.107409082353, 0.0709082484245, 0.10799664259, 0.102825894952, 0.0794149339199, 0.0852168500423, 0.0515273399651, 0.103732168674, 0.133748725057, 0.216114163399, 0.22514526546, 0.130135118961, 0.14425227046, 0.164467617869, 0.102689266205, 0.110189005733, 0.159315675497, 0.125141531229, 0.0709621310234]
        max: [1, 1, 1, 1, 1, 1, 1, 1, 1, 1, 0.799907505512, 1, 1, 1, 1, 1, 1, 1, 1, 1, 1, 1, 1, 1, 1, 1, 1, 1, 1, 1, 1, 1, 1, 1, 1, 1]
        mean: [0.0609523802996, 0.0550791695714, 0.102082282305, 0.177847743034, 0.140291139483, 0.203373625875, 0.303684055805, 0.174939677119, 0.0600157678127, 0.0457189753652, 0.0409173332155, 0.0755583867431, 0.128526911139, 0.100516244769, 0.0525368228555, 0.0551290735602, 0.0701623409986, 0.133861258626, 0.176928415895, 0.121166028082, 0.0630709156394, 0.0572355017066, 0.0552245229483, 0.0534309335053, 0.0695813819766, 0.117730595171, 0.302760839462, 0.409370988607, 0.243607088923, 0.125866040587, 0.116518206894, 0.0763451457024, 0.060743033886, 0.0723370239139, 0.069701127708, 0.0617983713746]
        min: [5.83427645324e-05, 6.22263323748e-05, 0.000137437833473, 0.000102848331153, 0.000379371427698, 0.000251484132605, 0.000159509261721, 0.000219074368943, 0.000281274289591, 0.000211408289033, 0.000117941679491, 0.000351864116965, 0.000187345809536, 0.000188982128748, 0.000145393350977, 8.71114170877e-05, 0.000215325228055, 0.000299380975775, 0.000190628008568, 0.000223871102207, 7.31593245291e-05, 4.1615236114e-05, 4.65746234113e-05, 3.30188195221e-05, 4.34962421423e-05, 7.10474560037e-05, 5.80658524996e-05, 3.7525773223e-05, 0.000212006765651, 0.000142541786772, 8.49563803058e-05, 2.07127686735e-05, 0.000121253891848, 0.000143664932693, 0.000135788111947, 0.000102637888631]
        var: [0.0258249789476, 0.0210584960878, 0.0291646365076, 0.0786262974143, 0.0428000539541, 0.0675659626722, 0.154225632548, 0.0546122267842, 0.0274431500584, 0.0145534677431, 0.0122918421403, 0.0236643422395, 0.0546193048358, 0.0355432853103, 0.0156721845269, 0.0245356820524, 0.0265331361443, 0.0644866079092, 0.107495464385, 0.0605036988854, 0.0279775597155, 0.0267926044762, 0.0262540299445, 0.0189304016531, 0.0340813584626, 0.0438682213426, 0.0996334552765, 0.165673062205, 0.0877586454153, 0.0515160188079, 0.0603872910142, 0.0307234283537, 0.0252587478608, 0.0404582470655, 0.0373317860067, 0.026314297691]
    chords_histogram: [30.8755760193, 0, 9.21658992767, 0, 0, 0, 0, 7.37327194214, 5.5299539566, 0, 0, 0, 0, 0, 0, 0, 1.38248848915, 45.6221199036, 0, 0, 0, 0, 0, 0]
    thpcp: [1, 0.595076560974, 0.30746203661, 0.284627407789, 0.186493784189, 0.148381382227, 0.176702857018, 0.170263960958, 0.150959327817, 0.148892775178, 0.134545847774, 0.249363750219, 0.43444147706, 0.34269925952, 0.496795415878, 0.741830945015, 0.427337735891, 0.146604835987, 0.111681036651, 0.0999517142773, 0.184571906924, 0.313961952925, 0.245538264513, 0.128335475922, 0.134667754173, 0.171390607953, 0.326992541552, 0.432195782661, 0.295980989933, 0.154067873955, 0.139813289046, 0.134900912642, 0.130519583821, 0.169971451163, 0.287589013577, 0.739575684071]
    chords_key: "B"
    chords_scale: "minor"
    key_key: "B"
    key_scale: "major"
    chords_progression: ["B", "B", "B", "B", "B", "F#", "B", "F#", "B", "B", "B", "B", "B", "B", "B", "B", "B", "B", "B", "B", "B", "B", "B", "B", "B", "F#", "F#", "F#", "F#", "F#", "F#", "F#", "F#", "F#", "F#", "F#", "F#", "F#", "F#", "F#", "F#", "F#", "F#", "Bm", "Bm", "Bm", "Bm", "Bm", "Bm", "Bm", "Bm", "Bm", "Bm", "Bm", "Bm", "B", "B", "B", "B", "B", "B", "B", "B", "B", "B", "B", "B", "B", "B", "B", "B", "Bm", "Bm", "Bm", "Bm", "Bm", "Bm", "B", "Bm", "Bm", "Bm", "Bm", "B", "B", "Bm", "Bm", "Bm", "Bm", "Bm", "Bm", "Bm", "Bm", "Bm", "Bm", "Bm", "Bm", "Bm", "Bm", "Bm", "Bm", "Bm", "Bm", "Bm", "Bm", "Bm", "Bm", "Bm", "Bm", "Bm", "Bm", "Bm", "Bm", "Bm", "Bm", "Bm", "Bm", "Bm", "Bm", "Bm", "Bm", "Bm", "Bm", "Bm", "Bm", "Bm", "Bm", "Bm", "G", "G", "G", "Bm", "Bm", "Bm", "Bm", "Bm", "Bm", "Bm", "Bm", "Bm", "Bm", "Bm", "Bm", "Bm", "Bm", "Bm", "Bm", "Bm", "Bm", "Bm", "Bm", "Bm", "Bm", "Bm", "Bm", "Bm", "Bm", "Bm", "Bm", "Bm", "Bm", "Bm", "Bm", "Bm", "Bm", "B", "B", "B", "B", "B", "B", "B", "B", "B", "B", "B", "B", "B", "B", "B", "B", "B", "B", "B", "B", "B", "B", "B", "B", "B", "D#", "D#", "D#", "D#", "D#", "D#", "Cm", "Cm", "D#", "D#", "D#", "D#", "D#", "D#", "Cm", "Cm", "Cm", "Cm", "Cm", "Cm", "Cm", "Cm", "Cm", "Cm", "Cm", "Cm", "Cm", "Cm"]
