
metadata:
    version:
        essentia: "1.2.2"
    audio_properties:
        analysis_sample_rate: 44100
        bitrate: 128
        channels: 2
        equal_loudness: 1
        length: 9.90040779114
        replay_gain: -12.3229560852
        downmix: "mix"
    tags:
        track: 22
        year: 0
        album: "Splitted by Mp3Splt v. 2.1"
        artist: "From 003.30 To 003.40"
        comment: "http://mp3splt.sf.net"
        genre: ""
        title: "08 Track 8.mp3"

highlevel:
    ballroom:
        all:
            ChaChaCha: 0.123172715306
            Jive: 0.20320174098
            Quickstep: 0.068668410182
            Rumba-American: 0.00043761258712
            Rumba-International: 0.000881954736542
            Rumba-Misc: 0.00078371661948
            Samba: 0.601608991623
            Tango: 0.000345430220477
            VienneseWaltz: 0.000484774151118
            Waltz: 0.000414661859395
        probability: 0.601608991623
        value: "Samba"
    culture:
        all:
            non_western: 0.44468998909
            western: 0.55531001091
        probability: 0.55531001091
        value: "western"
    gender:
        all:
            female: 0.53414607048
            male: 0.465853959322
        probability: 0.53414607048
        value: "female"
    genre_dortmund:
        all:
            alternative: 0.00437132222578
            blues: 0.00743059907109
            electronic: 0.0523742102087
            folkcountry: 0.00762306107208
            funksoulrnb: 0.00343464547768
            jazz: 0.0300515796989
            pop: 0.00940476544201
            raphiphop: 0.864295661449
            rock: 0.0210141781718
        probability: 0.864295661449
        value: "raphiphop"
    genre_electronica:
        all:
            ambient: 0.0371437631547
            dnb: 0.291659146547
            house: 0.607297301292
            techno: 0.013743724674
            trance: 0.0501560606062
        probability: 0.607297301292
        value: "house"
    genre_rosamerica:
        all:
            cla: 0.011694769375
            dan: 0.124434314668
            hip: 0.491116046906
            jaz: 0.00653044739738
            pop: 0.00736091472208
            rhy: 0.328862249851
            roc: 0.0224532410502
            spe: 0.00754800718278
        probability: 0.491116046906
        value: "hip"
    genre_tzanetakis:
        all:
            blu: 0.00500375870615
            cla: 0.00328606134281
            cou: 0.014349908568
            dis: 0.111488804221
            hip: 0.376980930567
            jaz: 0.00621559517458
            met: 0.0569279082119
            pop: 0.173113510013
            reg: 0.205356165767
            roc: 0.0472773723304
        probability: 0.376980930567
        value: "hip"
    live_studio:
        all:
            live: 0.00801223423332
            studio: 0.991987764835
        probability: 0.991987764835
        value: "studio"
    mood:
        all:
            Cluster1: 0.411416620016
            Cluster2: 0.262921482325
            Cluster3: 0.0305993184447
            Cluster4: 0.0725812017918
            Cluster5: 0.222481399775
        probability: 0.411416620016
        value: "Cluster1"
    mood_acoustic:
        all:
            acoustic: 0.0247573554516
            not_acoustic: 0.975242674351
        probability: 0.975242674351
        value: "not_acoustic"
    mood_aggressive:
        all:
            aggressive: 0.376976907253
            not_aggressive: 0.623023092747
        probability: 0.623023092747
        value: "not_aggressive"
    mood_electronic:
        all:
            electronic: 0.924703598022
            not_electronic: 0.075296394527
        probability: 0.924703598022
        value: "electronic"
    mood_happy:
        all:
            happy: 0.53635519743
            not_happy: 0.46364480257
        probability: 0.53635519743
        value: "happy"
    mood_party:
        all:
            not_party: 0.133498445153
            party: 0.866501569748
        probability: 0.866501569748
        value: "party"
    mood_relaxed:
        all:
            not_relaxed: 0.841449737549
            relaxed: 0.15855024755
        probability: 0.841449737549
        value: "not_relaxed"
    mood_sad:
        all:
            not_sad: 0.884806573391
            sad: 0.115193404257
        probability: 0.884806573391
        value: "not_sad"
    rhythm:
        all:
            fast: 0.565801143646
            medium: 0.369680970907
            slow: 0.0645178705454
        probability: 0.565801143646
        value: "fast"
    speech_music:
        all:
            music: 0.977173686028
            speech: 0.0228263307363
        probability: 0.977173686028
        value: "music"
    timbre:
        all:
            bright: 0.474480092525
            dark: 0.525519907475
        probability: 0.525519907475
        value: "dark"
    voice_instrumental:
        all:
            instrumental: 0.00150804838631
            voice: 0.998491942883
        probability: 0.998491942883
        value: "voice"

lowlevel:
    average_loudness: 0.971218585968
    barkbands_kurtosis:
        dmean: 2.02063155174
        dmean2: 3.40057706833
        dvar: 14.0532207489
        dvar2: 33.9622001648
        max: 28.4372081757
        mean: 0.286234378815
        min: -1.93003249168
        var: 15.632396698
    barkbands_skewness:
        dmean: 0.715053200722
        dmean2: 1.10590350628
        dvar: 0.616102457047
        dvar2: 1.47733473778
        max: 5.00773715973
        mean: 0.575614511967
        min: -3.12588810921
        var: 1.3005027771
    barkbands_spread:
        dmean: 9.41211414337
        dmean2: 14.4854764938
        dvar: 83.7197570801
        dvar2: 187.770095825
        max: 84.0512313843
        mean: 38.3456382751
        min: 4.46501636505
        var: 173.588790894
    dissonance:
        dmean: 0.0171468295157
        dmean2: 0.0274641979486
        dvar: 0.000312370772008
        dvar2: 0.000712354551069
        max: 0.498135566711
        mean: 0.465888470411
        min: 0.311939448118
        var: 0.000527468509972
    hfc:
        dmean: 2.19207906723
        dmean2: 2.74848794937
        dvar: 22.2719535828
        dvar2: 37.1439971924
        max: 46.8070907593
        mean: 4.00337123871
        min: 0.00681068841368
        var: 47.0646286011
    pitch:
        dmean: 1099.72546387
        dmean2: 2131.77075195
        dvar: 2619010
        dvar2: 5649363
        max: 5512.5
        mean: 2129.84350586
        min: 54.6468391418
        var: 3690830.5
    pitch_instantaneous_confidence:
        dmean: 0.103716313839
        dmean2: 0.164449751377
        dvar: 0.00739471800625
        dvar2: 0.0168914012611
        max: 0.830974698067
        mean: 0.42815554142
        min: 0.13834220171
        var: 0.018375992775
    pitch_salience:
        dmean: 0.0714435428381
        dmean2: 0.116816721857
        dvar: 0.00497627723962
        dvar2: 0.0127920769155
        max: 0.908642113209
        mean: 0.586870670319
        min: 0.246020510793
        var: 0.0103270104155
    silence_rate_20dB:
        dmean: 0
        dmean2: 0
        dvar: 0
        dvar2: 0
        max: 1
        mean: 1
        min: 1
        var: 0
    silence_rate_30dB:
        dmean: 0
        dmean2: 0
        dvar: 0
        dvar2: 0
        max: 1
        mean: 1
        min: 1
        var: 0
    silence_rate_60dB:
        dmean: 0.098360657692
        dmean2: 0.197183102369
        dvar: 0.0886855721474
        dvar2: 0.162996143103
        max: 1
        mean: 0.815420567989
        min: 0
        var: 0.150509610772
    spectral_centroid:
        dmean: 463.545013428
        dmean2: 695.495910645
        dvar: 253090.890625
        dvar2: 576105.1875
        max: 4328.01416016
        mean: 1593.66235352
        min: 193.695129395
        var: 663091.5
    spectral_complexity:
        dmean: 3.15492963791
        dmean2: 4.46352958679
        dvar: 29.5252571106
        dvar2: 46.7710418701
        max: 53
        mean: 7.13348960876
        min: 0
        var: 77.2445602417
    spectral_crest:
        dmean: 2.33085918427
        dmean2: 3.84334778786
        dvar: 5.01266908646
        dvar2: 13.4489994049
        max: 20.7123031616
        mean: 7.46038389206
        min: 2.90720653534
        var: 8.06439208984
    spectral_decrease:
        dmean: 3.28820332074e-10
        dmean2: 5.09351838485e-10
        dvar: 4.28656186213e-19
        dvar2: 1.04063012353e-18
        max: -1.2781555328e-12
        mean: -5.37185074201e-10
        min: -4.37988667557e-09
        var: 5.2763323204e-19
    spectral_energy:
        dmean: 0.00141402811278
        dmean2: 0.00213191471994
        dvar: 7.57920497563e-06
        dvar2: 1.73849057319e-05
        max: 0.0206618551165
        mean: 0.00239057815634
        min: 5.44179602002e-06
        var: 1.06453599074e-05
    spectral_energyband_high:
        dmean: 0.000257910141954
        dmean2: 0.000335049233399
        dvar: 3.58831499625e-07
        dvar2: 6.68398286052e-07
        max: 0.00587491411716
        mean: 0.000398238422349
        min: 4.55923384379e-07
        var: 6.52280789382e-07
    spectral_energyband_low:
        dmean: 0.000251513236435
        dmean2: 0.000443908123998
        dvar: 6.56250165321e-07
        dvar2: 1.82054247944e-06
        max: 0.00654447032139
        mean: 0.000324579043081
        min: 1.31685681026e-07
        var: 4.70861920121e-07
    spectral_energyband_middle_high:
        dmean: 0.000360340083716
        dmean2: 0.000458387105027
        dvar: 4.76219156553e-07
        dvar2: 7.69691041569e-07
        max: 0.00683479895815
        mean: 0.000665181549266
        min: 1.31042827434e-06
        var: 1.09917255031e-06
    spectral_energyband_middle_low:
        dmean: 0.000799148459919
        dmean2: 0.00135316909291
        dvar: 3.11496592076e-06
        dvar2: 8.45125032356e-06
        max: 0.0122608030215
        mean: 0.00100257445592
        min: 8.72726900525e-07
        var: 2.57258375314e-06
    spectral_flatness_db:
        dmean: 0.022154064849
        dmean2: 0.0350266508758
        dvar: 0.000410872016801
        dvar2: 0.00116897979751
        max: 0.266683667898
        mean: 0.157667934895
        min: 0.0817494466901
        var: 0.000991239445284
    spectral_flux:
        dmean: 0.0097279837355
        dmean2: 0.0144084440544
        dvar: 0.000208829893381
        dvar2: 0.000395221228246
        max: 0.118308760226
        mean: 0.0300107374787
        min: 0.00233276584186
        var: 0.000475029373774
    spectral_kurtosis:
        dmean: 1.0685377121
        dmean2: 1.76572906971
        dvar: 2.39578866959
        dvar2: 6.26993513107
        max: 15.8503055573
        mean: 1.39855611324
        min: -1.12145960331
        var: 3.26658415794
    spectral_rms:
        dmean: 0.000367900967831
        dmean2: 0.000519978522789
        dvar: 2.76489544149e-07
        dvar2: 5.93406753069e-07
        max: 0.00448975572363
        mean: 0.0013215058716
        min: 7.28633604012e-05
        var: 5.85896316352e-07
    spectral_rolloff:
        dmean: 846.264953613
        dmean2: 1391.3996582
        dvar: 1143022.25
        dvar2: 2709041
        max: 6567.62695312
        mean: 3296.84887695
        min: 172.265625
        var: 2046870.875
    spectral_skewness:
        dmean: 0.235859304667
        dmean2: 0.356775194407
        dvar: 0.079402834177
        dvar2: 0.173950567842
        max: 2.97236347198
        mean: 0.871950268745
        min: -0.25530898571
        var: 0.187292277813
    spectral_spread:
        dmean: 582944.0625
        dmean2: 816638.0625
        dvar: 416845856768
        dvar2: 717374881792
        max: 12161813
        mean: 5072327.5
        min: 2857440.75
        var: 1.16257954202e+12
    spectral_strongpeak:
        dmean: 0.210861027241
        dmean2: 0.362943440676
        dvar: 0.154929503798
        dvar2: 0.399709135294
        max: 3.26645827293
        mean: 0.239194154739
        min: 0.00205494603142
        var: 0.144241005182
    zerocrossingrate:
        dmean: 0.0164342168719
        dmean2: 0.0178699456155
        dvar: 0.000216608401388
        dvar2: 0.000272980862064
        max: 0.19775390625
        mean: 0.0981513932347
        min: 0.01416015625
        var: 0.00128023361322
    barkbands:
        dmean: [4.19579151867e-07, 5.18140514032e-05, 0.000220788249862, 0.000254108512308, 0.000282721186522, 0.000146387566929, 0.000149497660459, 8.29963828437e-05, 6.74544426147e-05, 3.50106383848e-05, 3.84523809771e-05, 2.65000580839e-05, 3.08320450131e-05, 3.07864793285e-05, 2.82753098872e-05, 4.14291971538e-05, 4.23288875027e-05, 5.29179487785e-05, 0.000112668341899, 0.000151677726535, 0.000115107177407, 4.7028192057e-05, 1.30319858727e-05, 4.06825574828e-06, 5.27652559867e-07, 3.77259601336e-09, 2.69306105194e-10]
        dmean2: [5.81811775646e-07, 8.338153566e-05, 0.000395474780817, 0.000474036380183, 0.000489683821797, 0.000239075874561, 0.000243094342295, 0.00013908634719, 0.000109393979074, 5.45374205103e-05, 6.42786544631e-05, 4.22660668846e-05, 4.9163998483e-05, 4.77602698084e-05, 4.39304603788e-05, 6.27341069048e-05, 6.10054812569e-05, 8.02197537269e-05, 0.000161037911312, 0.000203938398045, 0.000159912393428, 6.091155592e-05, 1.76337525772e-05, 5.91934667682e-06, 7.64130106745e-07, 6.08810335478e-09, 4.37832992084e-10]
        dvar: [8.71722290706e-13, 1.89440161336e-08, 5.64532854241e-07, 8.04445164704e-07, 4.28434645983e-07, 2.06025333682e-07, 7.85919738178e-08, 3.25467475193e-08, 3.46809656548e-08, 5.6358540057e-09, 8.51479065034e-09, 2.08839590066e-09, 3.68749741853e-09, 5.42065414777e-09, 2.77377654179e-09, 1.28395472032e-08, 9.86546755399e-09, 1.37958071633e-08, 4.6703707568e-08, 9.46109963706e-08, 8.11412519397e-08, 1.23461427748e-08, 6.99808822002e-10, 7.14965933679e-11, 1.66495224725e-12, 1.64189726764e-16, 5.70840070419e-18]
        dvar2: [1.50228950373e-12, 4.8945548059e-08, 1.61129867138e-06, 2.3400768896e-06, 1.17027093438e-06, 5.10589018177e-07, 2.00689839858e-07, 8.43380831839e-08, 9.03787835682e-08, 1.39794842369e-08, 2.40598350132e-08, 5.36329070044e-09, 8.82619133336e-09, 1.34668640683e-08, 6.46038600394e-09, 2.98516056318e-08, 2.19605755802e-08, 2.70047522122e-08, 9.77323750817e-08, 1.73612818344e-07, 1.53369526856e-07, 2.39406325875e-08, 1.29780608482e-09, 1.52611187576e-10, 3.30979146e-12, 4.06619436879e-16, 1.46486010247e-17]
        max: [9.64615537669e-06, 0.0013979600044, 0.0058342712, 0.00675506377593, 0.00485224276781, 0.00485815526918, 0.00224652164616, 0.00130443507805, 0.0020295297727, 0.000611890223809, 0.00103719742037, 0.000456797861261, 0.000524693983607, 0.000618621241301, 0.000396477524191, 0.00119904160965, 0.00103488808963, 0.00132856029086, 0.00238704984076, 0.00344057125039, 0.00298010208644, 0.001031234744, 0.00036697005271, 7.88539837231e-05, 1.27586990857e-05, 1.51459005338e-07, 3.74558410954e-08]
        mean: [6.06948049153e-07, 7.05197744537e-05, 0.000253458187217, 0.000237671716604, 0.000296005135169, 0.000129410880618, 0.000171782259713, 8.60279033077e-05, 7.53503991291e-05, 3.8333611883e-05, 4.12698173022e-05, 3.29970498569e-05, 3.79155935661e-05, 3.42528219335e-05, 3.69537883671e-05, 5.05145289935e-05, 5.57169623789e-05, 7.89847035776e-05, 0.000166439218447, 0.000244875816861, 0.000165130841197, 6.23319210717e-05, 1.80198439921e-05, 5.33150569026e-06, 6.74301816161e-07, 3.99857791322e-09, 2.59923471635e-10]
        min: [2.91706714339e-10, 2.41379627397e-08, 5.81966226321e-08, 3.01018587834e-08, 1.08879049776e-07, 7.14202528229e-08, 2.18266862362e-08, 7.81268383321e-09, 5.24488896758e-09, 3.08068726085e-09, 6.67332766824e-09, 1.50982888414e-08, 3.51495224038e-08, 3.77790350115e-08, 7.59151177476e-08, 4.33763887031e-08, 1.01843916411e-07, 2.63006569412e-07, 1.91728020127e-07, 1.27280060269e-07, 1.24657532297e-07, 3.7673558495e-08, 9.30823063072e-09, 2.40963404785e-09, 9.99705318527e-10, 1.11197109734e-13, 7.03878448582e-12]
        var: [1.5387919888e-12, 1.80290449237e-08, 3.57903218173e-07, 4.62934991674e-07, 3.16997954997e-07, 1.77967763193e-07, 9.32179062829e-08, 3.51927518238e-08, 3.25154445591e-08, 6.53426779351e-09, 7.20388104725e-09, 3.1379119303e-09, 5.28802734934e-09, 5.66857227824e-09, 3.85204490527e-09, 1.48223993079e-08, 1.38902622737e-08, 2.56045158409e-08, 8.33114839338e-08, 1.97842808802e-07, 1.33431115046e-07, 2.10667305822e-08, 1.27369270686e-09, 1.06823550006e-10, 2.57501485412e-12, 1.57463279311e-16, 3.34144302691e-18]
    mfcc:
        mean: [-766.846557617, 94.213973999, -22.5481948853, 62.5184364319, -20.1547470093, 10.7120285034, 2.23999714851, -1.06216478348, -9.26001262665, 4.2108631134, -7.76281785965, -1.11898744106, -6.03301429749]
        cov: [[5273.64306641, -671.821166992, -129.886886597, -313.090057373, -298.1121521, -158.29284668, -416.058654785, 50.3370819092, -33.7421340942, 63.4364395142, -12.4190235138, 8.71100330353, 12.6101083755], [-671.821166992, 1052.59191895, -239.243026733, 3.16017866135, 33.3279151917, -8.3373708725, 77.8010177612, 15.7817554474, 20.7485771179, 37.7438774109, 32.2113037109, 16.6100845337, 39.9832382202], [-129.886886597, -239.243026733, 502.383605957, 104.262733459, 96.9007034302, 70.6178741455, 6.39662981033, 39.2141456604, 26.7722263336, -34.3130607605, 9.19516468048, 20.3175544739, -7.18117332458], [-313.090057373, 3.16017866135, 104.262733459, 318.193969727, 110.739746094, 48.1642417908, 8.13120937347, -28.8839855194, 18.8048706055, -8.66963577271, -46.0193862915, 1.63198792934, -10.7055568695], [-298.1121521, 33.3279151917, 96.9007034302, 110.739746094, 245.217559814, 53.079372406, -4.86299705505, 9.01654529572, 38.6506538391, -14.9866075516, 0.0358683355153, 2.1633810997, -7.00018978119], [-158.29284668, -8.3373708725, 70.6178741455, 48.1642417908, 53.079372406, 239.407730103, 73.5507965088, 64.4856338501, 56.6752738953, 10.8834924698, -36.2177810669, -29.8632507324, -21.4900074005], [-416.058654785, 77.8010177612, 6.39662981033, 8.13120937347, -4.86299705505, 73.5507965088, 220.792663574, 52.1950836182, 52.7244567871, 35.1914596558, -4.72670602798, -6.74256563187, -18.4949836731], [50.3370819092, 15.7817554474, 39.2141456604, -28.8839855194, 9.01654529572, 64.4856338501, 52.1950836182, 186.975814819, 42.1554107666, -1.56058430672, 28.6287403107, -4.81649684906, -1.17875933647], [-33.7421340942, 20.7485771179, 26.7722263336, 18.8048706055, 38.6506538391, 56.6752738953, 52.7244567871, 42.1554107666, 112.221458435, 12.6292638779, -20.2741622925, -10.7349414825, -10.1143579483], [63.4364395142, 37.7438774109, -34.3130607605, -8.66963577271, -14.9866075516, 10.8834924698, 35.1914596558, -1.56058430672, 12.6292638779, 94.5833053589, 16.0038585663, -0.712458729744, -5.58761310577], [-12.4190235138, 32.2113037109, 9.19516468048, -46.0193862915, 0.0358683355153, -36.2177810669, -4.72670602798, 28.6287403107, -20.2741622925, 16.0038585663, 97.7899246216, 33.5953559875, 4.61910057068], [8.71100330353, 16.6100845337, 20.3175544739, 1.63198792934, 2.1633810997, -29.8632507324, -6.74256563187, -4.81649684906, -10.7349414825, -0.712458729744, 33.5953559875, 72.8527832031, 22.6614151001], [12.6101083755, 39.9832382202, -7.18117332458, -10.7055568695, -7.00018978119, -21.4900074005, -18.4949836731, -1.17875933647, -10.1143579483, -5.58761310577, 4.61910057068, 22.6614151001, 67.537071228]]
        icov: [[0.000303588691168, 0.000162943542819, 5.84755180171e-05, 0.000182061630767, 0.000262265763013, 6.76411946188e-05, 0.000704053789377, -0.000325239670929, -0.000215268082684, -0.000488172023324, 0.000337326811859, -0.000255856342847, 0.000107914158434], [0.000162943542819, 0.00129835132975, 0.000732466462068, -0.000109252621769, -0.000212000013562, 1.89466918528e-05, -9.40359459491e-05, -0.000179144131835, -0.000292155280476, -0.000316776975524, -0.000393936963519, -0.000146553225932, -0.000777175533585], [5.84755180171e-05, 0.000732466462068, 0.00284401304089, -0.000704043603037, -0.000582664448302, -0.000600562314503, -3.59002842742e-05, -0.000330832583131, -0.000376611220418, 0.000804550189059, -0.000891267787665, -0.000784006901085, -0.000186660341569], [0.000182061630767, -0.000109252621769, -0.000704043603037, 0.00453466596082, -0.00157612620387, -0.000145250058267, 0.000287721690256, 0.000315570330713, 0.000368065666407, -0.000729136518203, 0.00274421204813, -0.00133602542337, 0.000804751471151], [0.000262265763013, -0.000212000013562, -0.000582664448302, -0.00157612620387, 0.00595504976809, -0.000850650656503, 0.00143017387018, 0.000146108897752, -0.00212371279486, 0.000614990247414, -0.00146646460053, 0.000106365951069, 0.00030295457691], [6.76411946188e-05, 1.89466918528e-05, -0.000600562314503, -0.000145250058267, -0.000850650656503, 0.00623741559684, -0.00100180483423, -0.00192932528444, -0.000749149359763, -0.00105614913628, 0.00244309799746, 0.00103520799894, 0.000763786025345], [0.000704053789377, -9.40359459491e-05, -3.59002842742e-05, 0.000287721690256, 0.00143017387018, -0.00100180483423, 0.00776248238981, -0.00173376954626, -0.00224678264931, -0.00279846787453, 0.00113456463441, -0.00131472735666, 0.00168650271371], [-0.000325239670929, -0.000179144131835, -0.000330832583131, 0.000315570330713, 0.000146108897752, -0.00192932528444, -0.00173376954626, 0.00793234352022, -0.0022418894805, 0.00218881410547, -0.00430272240192, 0.00178630650043, -0.00121323042549], [-0.000215268082684, -0.000292155280476, -0.000376611220418, 0.000368065666407, -0.00212371279486, -0.000749149359763, -0.00224678264931, -0.0022418894805, 0.0127868084237, -0.00155981443822, 0.00356730725616, -0.00043837481644, 0.000807562319096], [-0.000488172023324, -0.000316776975524, 0.000804550189059, -0.000729136518203, 0.000614990247414, -0.00105614913628, -0.00279846787453, 0.00218881410547, -0.00155981443822, 0.0135355247185, -0.00454945908859, 0.0013609835878, -1.10800592665e-05], [0.000337326811859, -0.000393936963519, -0.000891267787665, 0.00274421204813, -0.00146646460053, 0.00244309799746, 0.00113456463441, -0.00430272240192, 0.00356730725616, -0.00454945908859, 0.0179466567934, -0.00757742952555, 0.002844392322], [-0.000255856342847, -0.000146553225932, -0.000784006901085, -0.00133602542337, 0.000106365951069, 0.00103520799894, -0.00131472735666, 0.00178630650043, -0.00043837481644, 0.0013609835878, -0.00757742952555, 0.019840862602, -0.00624125823379], [0.000107914158434, -0.000777175533585, -0.000186660341569, 0.000804751471151, 0.00030295457691, 0.000763786025345, 0.00168650271371, -0.00121323042549, 0.000807562319096, -1.10800592665e-05, 0.002844392322, -0.00624125823379, 0.018089139834]]
    spectral_contrast:
        mean: [1.40679873084e-07, 1.83908937856e-07, -1.58311749487e-07, 1.03365898951e-07, -8.11537503864e-08, 5.41606617332e-08, -2.70080931841e-06, 1.72015938915e-06, -1.05599326616e-06, 1.25602480239e-06, -1.61825914802e-06, -1.65273763741e-06]
        var: [0.000649248191621, 0.00121790124103, 0.0013790972298, 0.00286035309546, 0.00373759563081, 0.00632775714621, 0.0739457607269, 0.147913306952, 0.233335226774, 0.399406522512, 0.508428454399, 2.97079777718]

rhythm:
    beats_loudness:
        dmean: 0.0076972222887
        dmean2: 0.0155373103917
        dvar: 5.6845351537e-06
        dvar2: 1.28962383315e-05
        max: 0.0138625577092
        mean: 0.00774136604741
        min: 0.00253403908573
        var: 1.71156443685e-05
    beats_loudness_bass:
        dmean: 0.314103245735
        dmean2: 0.634090185165
        dvar: 0.00376362353563
        dvar2: 0.00850464869291
        max: 0.434664547443
        mean: 0.186378851533
        min: 0.00875563919544
        var: 0.0261725392193
    bpm: 84.9138031006
    bpm_confidence: 0
    first_peak_bpm: 85
    first_peak_spread: 0.0769230723381
    first_peak_weight: 0.923076927662
    onset_rate: 4.64627313614
    second_peak_bpm: 0
    second_peak_spread: 0
    second_peak_weight: 0
    beats_position: [0.214260846376, 0.921040773392, 1.627820611, 2.33460044861, 3.04138040543, 3.74816036224, 4.45494031906, 5.16172027588, 5.8685002327, 6.60525369644, 7.31160783768, 8.01796150208, 8.72431564331, 9.43066978455]
    bpm_estimates: [85.0796890259, 84.808265686, 84.9580459595, 84.8222808838, 85.0867767334, 84.9026947021, 84.9629211426, 84.756362915, 84.8662185669, 84.7113037109, 84.8597640991, 85.0739135742, 84.9361801147, 85.2508468628, 84.9017562866, 84.9202346802, 84.9126052856, 84.7971801758, 84.7551879883]
    bpm_intervals: [0.706779956818, 0.706779837608, 0.706779837608, 0.706779956818, 0.706779956818, 0.706779956818, 0.706779956818, 0.706779956818, 0.736753463745, 0.706354141235, 0.706353664398, 0.706354141235, 0.706354141235]
    onset_times: [0.0580498874187, 0.18575963378, 0.452789127827, 0.603718817234, 0.917188227177, 1.18421769142, 1.25387752056, 1.55573701859, 1.63700675964, 1.91564631462, 1.98530614376, 2.26394557953, 2.55419492722, 2.71673464775, 2.96054410934, 3.05342411995, 3.40172338486, 3.68036270142, 3.75002264977, 4.01705217361, 4.12154197693, 4.31891155243, 4.46984148026, 4.7020406723, 4.82975053787, 5.05034017563, 5.1780500412, 5.44507932663, 5.56117916107, 5.81659841537, 6.21133804321, 6.5015873909, 6.59446716309, 6.94276666641, 7.22140598297, 7.6277551651, 7.83673477173, 7.98766422272, 8.38240337372, 8.62621307373, 8.73070335388, 8.99773216248, 9.10222244263, 9.33442211151, 9.43891143799, 9.79882049561]
    rubato_start: []
    rubato_stop: []
    perceptual_tempo: "unknown"

sfx:
    inharmonicity:
        dmean: 0.0446064807475
        dmean2: 0.0781365260482
        dvar: 0.00251084053889
        dvar2: 0.00687569286674
        max: 0.383106648922
        mean: 0.0519287139177
        min: 0
        var: 0.00291117676534
    oddtoevenharmonicenergyratio:
        dmean: 2.81967329979
        dmean2: 5.42154073715
        dvar: 117.021636963
        dvar2: 344.205871582
        max: 131.343765259
        mean: 1.76376855373
        min: 0
        var: 62.0280075073
    pitch_after_max_to_before_max_energy_ratio: 3.62685513496
    pitch_centroid: 250.582809448
    pitch_max_to_total: 0.367681503296
    pitch_min_to_total: 0.718969583511
    tristimulus:
        dmean: [0.221633091569, 0.270912408829, 0.177476122975]
        dmean2: [0.37896412611, 0.472301125526, 0.309538096189]
        dvar: [0.0342867895961, 0.0445147044957, 0.0269613359123]
        dvar2: [0.0915058255196, 0.128357082605, 0.0824187994003]
        max: [1, 0.982519686222, 0.805358290672]
        mean: [0.353395879269, 0.40559604764, 0.182193905115]
        min: [0.00364974071272, 0, 0]
        var: [0.0557344928384, 0.058437295258, 0.0336677767336]

tonal:
    chords_changes_rate: 0.0558139532804
    chords_number_rate: 0.0186046510935
    chords_strength:
        dmean: 0.0108211534098
        dmean2: 0.0107994899154
        dvar: 5.68416544411e-05
        dvar2: 6.79116492392e-05
        max: 0.636871695518
        mean: 0.524491608143
        min: 0.409164279699
        var: 0.00315158255398
    key_strength: 0.603087067604
    tuning_diatonic_strength: 0.511214077473
    tuning_equal_tempered_deviation: 0.262174099684
    tuning_frequency: 442.03793335
    tuning_nontempered_energy_ratio: 0.940348088741
    hpcp:
        dmean: [0.259518802166, 0.212015330791, 0.209916070104, 0.214814677835, 0.225162118673, 0.19966095686, 0.196696862578, 0.168672725558, 0.192265838385, 0.171649858356, 0.154855236411, 0.150527313352, 0.137569189072, 0.143903568387, 0.163669586182, 0.157704725862, 0.154035910964, 0.137867942452, 0.100115925074, 0.141436189413, 0.194380968809, 0.180493369699, 0.137476027012, 0.158389210701, 0.114133693278, 0.0573501884937, 0.0456473492086, 0.0656127035618, 0.0857825055718, 0.0989432558417, 0.104200832546, 0.105339869857, 0.0967085286975, 0.117260530591, 0.199062734842, 0.272447437048]
        dmean2: [0.433366149664, 0.364030152559, 0.352611333132, 0.365135908127, 0.389883905649, 0.334533661604, 0.338970065117, 0.269612550735, 0.304903805256, 0.278865337372, 0.251873493195, 0.22980812192, 0.223756298423, 0.244442149997, 0.275325477123, 0.268486499786, 0.259568452835, 0.237697944045, 0.174482092261, 0.244999170303, 0.329788982868, 0.311967581511, 0.237601339817, 0.285763651133, 0.199800744653, 0.0988910719752, 0.0777458772063, 0.102127701044, 0.139263942838, 0.161580130458, 0.163897961378, 0.176834702492, 0.163165152073, 0.20543166995, 0.337352246046, 0.482767790556]
        dvar: [0.0513379015028, 0.0581448227167, 0.052644431591, 0.0556699000299, 0.0608942359686, 0.0589374601841, 0.0588906593621, 0.0346549414098, 0.048710886389, 0.0399576611817, 0.0300648137927, 0.0420554056764, 0.030176544562, 0.0383550561965, 0.0373626798391, 0.0358918085694, 0.0388178154826, 0.0394748412073, 0.0150110572577, 0.0244270469993, 0.040632776916, 0.0411816947162, 0.0324223637581, 0.0581708922982, 0.0330064222217, 0.00911668688059, 0.00342886033468, 0.0109583269805, 0.0196671150625, 0.0270297210664, 0.0245932620019, 0.0199409928173, 0.0141448350623, 0.0196632407606, 0.0315710119903, 0.0822774246335]
        dvar2: [0.147406935692, 0.13456594944, 0.136129811406, 0.153834924102, 0.168767899275, 0.158499136567, 0.160628527403, 0.0927265509963, 0.119457945228, 0.0956732407212, 0.0695005729795, 0.0906563401222, 0.0650517940521, 0.103551670909, 0.094732940197, 0.100651234388, 0.115561783314, 0.110303461552, 0.0409204848111, 0.0651735663414, 0.101854719222, 0.108523026109, 0.0838370323181, 0.155565038323, 0.086584225297, 0.024872912094, 0.00876583624631, 0.0255938880146, 0.0462083816528, 0.0631117224693, 0.0474120303988, 0.0481128916144, 0.0387764014304, 0.0555411353707, 0.0814878791571, 0.187379419804]
        max: [1, 1, 1, 1, 1, 1, 1, 1, 1, 1, 1, 1, 1, 1, 1, 1, 1, 1, 0.708177924156, 1, 1, 1, 1, 1, 1, 0.661147177219, 0.478289067745, 0.985581099987, 1, 1, 1, 1, 0.839937090874, 0.783276975155, 1, 1]
        mean: [0.466175585985, 0.267405569553, 0.239518880844, 0.231663390994, 0.242917656898, 0.256258577108, 0.238536715508, 0.224229052663, 0.260505735874, 0.244580820203, 0.199226930737, 0.187073275447, 0.163694217801, 0.162750735879, 0.209843680263, 0.218834519386, 0.180623024702, 0.134954184294, 0.0996260344982, 0.178912431002, 0.310098350048, 0.244994208217, 0.135696724057, 0.139647394419, 0.110177338123, 0.0659526064992, 0.0586044564843, 0.0806579440832, 0.102762170136, 0.118093311787, 0.126250803471, 0.1207864061, 0.118327394128, 0.129472538829, 0.341992884874, 0.598311245441]
        min: [0.00649540452287, 0.00263899657875, 0.00245319423266, 0.00232778512873, 0.00181603187229, 0.0024508361239, 0.00362522667274, 0.00591220334172, 0.00548852188513, 0.00167774804868, 0, 0.00074962421786, 0.00128459336702, 0.00195628800429, 0.00396640598774, 0, 0.000921869534068, 0.000572361284867, 0.000528555421624, 0.00404133694246, 0.00373406335711, 0.00621388526633, 0.00207349192351, 0.000752794672735, 0.000900637765881, 0.000516954110935, 0.000399327924242, 0.000705182668753, 0.00217367778532, 0.00166644551791, 0.00265631265938, 0.00180343794636, 0.00180738407653, 0.00211592577398, 0.0064685465768, 0.00507701560855]
        var: [0.0859542116523, 0.0788466483355, 0.0692771971226, 0.0667824745178, 0.0782899707556, 0.0820142179728, 0.0730538293719, 0.0515051446855, 0.07761952281, 0.0630119070411, 0.0480065941811, 0.0550291240215, 0.0394838228822, 0.0436630323529, 0.0593308061361, 0.0595760308206, 0.0466381907463, 0.0362149849534, 0.0156068205833, 0.0327930487692, 0.0785310715437, 0.054932359606, 0.0321320518851, 0.0504345297813, 0.0333704650402, 0.00907815806568, 0.00461850687861, 0.0150291975588, 0.0240353699774, 0.029752805829, 0.0347233042121, 0.0233987234533, 0.0162021424621, 0.0187312383205, 0.0463262237608, 0.134350985289]
    chords_histogram: [61.8604660034, 0, 0, 0, 0, 0, 0, 0.930232584476, 0, 0, 0, 0, 0, 0, 6.97674417496, 0, 0, 0, 0, 0, 0, 12.0930233002, 0, 18.1395339966]
    thpcp: [1, 0.779152333736, 0.44693389535, 0.400324881077, 0.387195438147, 0.406005501747, 0.42830312252, 0.398683309555, 0.374769926071, 0.435401707888, 0.408785253763, 0.332982093096, 0.312668830156, 0.273593753576, 0.272016853094, 0.350726604462, 0.365753650665, 0.301888078451, 0.225558489561, 0.166512057185, 0.299029022455, 0.518289327621, 0.409476190805, 0.226799547672, 0.233402594924, 0.184147194028, 0.110231265426, 0.0979497805238, 0.134809345007, 0.171753704548, 0.197377726436, 0.211011916399, 0.201878890395, 0.197768956423, 0.21639662981, 0.571596980095]
    chords_key: "G#"
    chords_scale: "minor"
    key_key: "G#"
    key_scale: "minor"
    chords_progression: ["G#m", "G#m", "G#m", "G#m", "G#m", "G#m", "G#m", "G#m", "G#m", "G#m", "G#m", "G#m", "G#m", "G#m", "G#m", "G#m", "G#m", "G#m", "G#m", "G#m", "G#m", "G#m", "G#m", "G#m", "G#m", "G#m", "G#m", "G#m", "G#m", "G#m", "G#m", "Am", "Am", "Am", "Am", "G#m", "G#m", "G#m", "Am", "Am", "Am", "Am", "Am", "Am", "Am", "Am", "Am", "Am", "Am", "G#", "G#", "A", "A", "A", "A", "A", "A", "A", "A", "A", "A", "A", "A", "A", "A", "A", "A", "G#m", "A", "A", "A", "A", "G#m", "G#m", "A", "A", "A", "A", "A", "A", "G#m", "G#m", "G#m", "G#m", "G#m", "G#m", "G#m", "G#m", "G#m", "G#m", "G#m", "G#m", "G#m", "G#m", "E", "E", "E", "E", "E", "E", "E", "E", "E", "E", "E", "E", "E", "E", "E", "E", "E", "E", "E", "E", "E", "E", "E", "E", "E", "E", "E", "E", "E", "E", "E", "E", "E", "E", "E", "E", "E", "E", "E", "G#m", "G#m", "G#m", "G#m", "G#m", "G#m", "G#m", "G#m", "G#m", "G#m", "G#m", "G#m", "G#m", "G#m", "G#m", "G#m", "G#m", "G#m", "G#m", "G#m", "G#m", "G#m", "G#m", "G#m", "G#m", "G#m", "G#m", "G#m", "G#m", "G#m", "G#m", "G#m", "G#m", "G#m", "G#m", "G#m", "G#m", "G#m", "G#m", "G#m", "G#m", "G#m", "G#m", "G#m", "G#m", "G#m", "G#m", "G#m", "G#m", "G#m", "G#m", "G#m", "G#m", "G#m", "G#m", "G#m", "G#m", "G#m", "G#m", "G#m", "G#m", "G#m", "G#m", "G#m", "G#m", "G#m", "G#m", "G#m", "G#m", "G#m", "G#m", "G#m", "G#m", "G#m", "G#m", "G#m", "G#m", "G#m", "G#m", "G#m", "G#m", "G#m"]
