
metadata:
    version:
        essentia: "1.2.2"
    audio_properties:
        analysis_sample_rate: 44100
        bitrate: 128
        channels: 2
        equal_loudness: 1
        length: 10.0571432114
        replay_gain: -6.20478248596
        downmix: "mix"
    tags:
        track: 8
        year: 0
        album: "Splitted by Mp3Splt v. 2.1"
        artist: "From 001.10 To 001.20"
        comment: "http://mp3splt.sf.net"
        genre: ""
        title: "10 All I Ask.mp3"

highlevel:
    ballroom:
        all:
            ChaChaCha: 0.0010820531752
            Jive: 0.00100482755806
            Quickstep: 0.0105234626681
            Rumba-American: 0.0151116326451
            Rumba-International: 0.134539529681
            Rumba-Misc: 0.0808403044939
            Samba: 0.00180519302376
            Tango: 0.00857017748058
            VienneseWaltz: 0.218111798167
            Waltz: 0.528411030769
        probability: 0.528411030769
        value: "Waltz"
    culture:
        all:
            non_western: 0.376960635185
            western: 0.623039364815
        probability: 0.623039364815
        value: "western"
    gender:
        all:
            female: 0.9273827672
            male: 0.0726172253489
        probability: 0.9273827672
        value: "female"
    genre_dortmund:
        all:
            alternative: 0.0560634694993
            blues: 0.0233028642833
            electronic: 0.084295861423
            folkcountry: 0.217912629247
            funksoulrnb: 0.0109460698441
            jazz: 0.386289566755
            pop: 0.107630930841
            raphiphop: 0.00140975543763
            rock: 0.112148843706
        probability: 0.386289566755
        value: "jazz"
    genre_electronica:
        all:
            ambient: 0.981036484241
            dnb: 0.0022065709345
            house: 0.00741730025038
            techno: 0.00338715757243
            trance: 0.00595246441662
        probability: 0.981036484241
        value: "ambient"
    genre_rosamerica:
        all:
            cla: 0.0497486740351
            dan: 0.0139516768977
            hip: 0.00658777169883
            jaz: 0.712541401386
            pop: 0.1139787063
            rhy: 0.0398963317275
            roc: 0.0530465506017
            spe: 0.0102489050478
        probability: 0.712541401386
        value: "jaz"
    genre_tzanetakis:
        all:
            blu: 0.0122537063435
            cla: 0.0755694210529
            cou: 0.1133807078
            dis: 0.0169782489538
            hip: 0.00335179897957
            jaz: 0.655177414417
            met: 0.00364658446051
            pop: 0.0574859045446
            reg: 0.0303857792169
            roc: 0.03177042678
        probability: 0.655177414417
        value: "jaz"
    live_studio:
        all:
            live: 0.44182357192
            studio: 0.558176457882
        probability: 0.558176457882
        value: "studio"
    mood:
        all:
            Cluster1: 0.0850045233965
            Cluster2: 0.539276838303
            Cluster3: 0.229879334569
            Cluster4: 0.124034412205
            Cluster5: 0.021804921329
        probability: 0.539276838303
        value: "Cluster2"
    mood_acoustic:
        all:
            acoustic: 0.928274333477
            not_acoustic: 0.0717256814241
        probability: 0.928274333477
        value: "acoustic"
    mood_aggressive:
        all:
            aggressive: 2.90445609608e-06
            not_aggressive: 0.999997079372
        probability: 0.999997079372
        value: "not_aggressive"
    mood_electronic:
        all:
            electronic: 0.0714189112186
            not_electronic: 0.928581118584
        probability: 0.928581118584
        value: "not_electronic"
    mood_happy:
        all:
            happy: 0.0178760010749
            not_happy: 0.982123970985
        probability: 0.982123970985
        value: "not_happy"
    mood_party:
        all:
            not_party: 0.981918811798
            party: 0.0180811639875
        probability: 0.981918811798
        value: "not_party"
    mood_relaxed:
        all:
            not_relaxed: 0.0200380496681
            relaxed: 0.979961931705
        probability: 0.979961931705
        value: "relaxed"
    mood_sad:
        all:
            not_sad: 0.0600538142025
            sad: 0.939946174622
        probability: 0.939946174622
        value: "sad"
    rhythm:
        all:
            fast: 0.160830557346
            medium: 0.503463804722
            slow: 0.335705637932
        probability: 0.503463804722
        value: "medium"
    speech_music:
        all:
            music: 0.329212933779
            speech: 0.670787036419
        probability: 0.670787036419
        value: "speech"
    timbre:
        all:
            bright: 0.123972103
            dark: 0.876027882099
        probability: 0.876027882099
        value: "dark"
    voice_instrumental:
        all:
            instrumental: 0.984411656857
            voice: 0.015588321723
        probability: 0.984411656857
        value: "instrumental"

lowlevel:
    average_loudness: 0.938519358635
    barkbands_kurtosis:
        dmean: 3.01200413704
        dmean2: 4.41571044922
        dvar: 9.69339084625
        dvar2: 21.5594406128
        max: 38.0020294189
        mean: 9.81344032288
        min: -0.971866130829
        var: 71.2070541382
    barkbands_skewness:
        dmean: 0.413021296263
        dmean2: 0.609064340591
        dvar: 0.130213990808
        dvar2: 0.26421174407
        max: 5.27631473541
        mean: 2.54849982262
        min: -0.984736323357
        var: 1.53867030144
    barkbands_spread:
        dmean: 2.27909064293
        dmean2: 3.51156115532
        dvar: 7.51016235352
        dvar2: 17.6019458771
        max: 36.2862815857
        mean: 10.1587047577
        min: 2.21579408646
        var: 44.9347305298
    dissonance:
        dmean: 0.0289220921695
        dmean2: 0.0455122031271
        dvar: 0.000987371662632
        dvar2: 0.00189159868751
        max: 0.493875592947
        mean: 0.391788512468
        min: 0.0150575982407
        var: 0.00300244381651
    hfc:
        dmean: 0.458341956139
        dmean2: 0.619451761246
        dvar: 0.340941220522
        dvar2: 0.639747619629
        max: 8.83721065521
        mean: 2.52148604393
        min: 0.000194510357687
        var: 2.61892747879
    pitch:
        dmean: 19.3769397736
        dmean2: 34.9309501648
        dvar: 1934.16247559
        dvar2: 4591.74267578
        max: 383.478271484
        mean: 272.17666626
        min: 73.5
        var: 7951.58447266
    pitch_instantaneous_confidence:
        dmean: 0.0545707903802
        dmean2: 0.0778878554702
        dvar: 0.00427601765841
        dvar2: 0.00711691891775
        max: 0.953577399254
        mean: 0.671007514
        min: 0.172653973103
        var: 0.0437603928149
    pitch_salience:
        dmean: 0.050190616399
        dmean2: 0.0760474726558
        dvar: 0.00229876325466
        dvar2: 0.00483765080571
        max: 0.92357647419
        mean: 0.490501075983
        min: 0.240173324943
        var: 0.021274453029
    silence_rate_20dB:
        dmean: 0
        dmean2: 0
        dvar: 0
        dvar2: 0
        max: 1
        mean: 1
        min: 1
        var: 0
    silence_rate_30dB:
        dmean: 0
        dmean2: 0
        dvar: 0
        dvar2: 0
        max: 1
        mean: 1
        min: 1
        var: 0
    silence_rate_60dB:
        dmean: 0.0276497695595
        dmean2: 0.0554272532463
        dvar: 0.0268853753805
        dvar2: 0.0615931674838
        max: 1
        mean: 0.36091953516
        min: 0
        var: 0.230657622218
    spectral_centroid:
        dmean: 58.9102478027
        dmean2: 88.9914932251
        dvar: 5382.76318359
        dvar2: 11588.46875
        max: 1146.43798828
        mean: 545.643676758
        min: 193.962020874
        var: 19691.3964844
    spectral_complexity:
        dmean: 1.15473437309
        dmean2: 1.94212961197
        dvar: 1.13310241699
        dvar2: 2.46193218231
        max: 13
        mean: 5.61059904099
        min: 0
        var: 5.49120855331
    spectral_crest:
        dmean: 1.81245493889
        dmean2: 2.68770480156
        dvar: 3.41498374939
        dvar2: 7.02387046814
        max: 24.0297355652
        mean: 15.1681184769
        min: 4.00494432449
        var: 33.8985481262
    spectral_decrease:
        dmean: 2.34665842314e-10
        dmean2: 3.13498532689e-10
        dvar: 7.00712516335e-20
        dvar2: 1.34241797443e-19
        max: -1.24376745882e-13
        mean: -1.20323773167e-09
        min: -2.95321012089e-09
        var: 6.11544656425e-19
    spectral_energy:
        dmean: 0.00092410389334
        dmean2: 0.00123429938685
        dvar: 1.08983147129e-06
        dvar2: 2.08790584111e-06
        max: 0.0116241909564
        mean: 0.0047700018622
        min: 4.8706800726e-07
        var: 9.52918981056e-06
    spectral_energyband_high:
        dmean: 1.07988134914e-05
        dmean2: 1.62109281518e-05
        dvar: 2.37519170998e-10
        dvar2: 4.96754581913e-10
        max: 0.000230343110161
        mean: 2.88169703708e-05
        min: 4.39554659337e-09
        var: 9.1179991335e-10
    spectral_energyband_low:
        dmean: 7.4498115282e-05
        dmean2: 0.000128649102408
        dvar: 1.24534214052e-08
        dvar2: 3.24020312803e-08
        max: 0.00114227226004
        mean: 0.000157447851961
        min: 4.1853265742e-08
        var: 2.15935180847e-08
    spectral_energyband_middle_high:
        dmean: 9.17744036997e-05
        dmean2: 0.000139294643304
        dvar: 2.83856440575e-08
        dvar2: 4.81056012802e-08
        max: 0.00365330534987
        mean: 0.000357031065505
        min: 2.42769928605e-08
        var: 1.9288194153e-07
    spectral_energyband_middle_low:
        dmean: 0.000877226470038
        dmean2: 0.00118152122013
        dvar: 1.05922094917e-06
        dvar2: 2.01282659873e-06
        max: 0.0112595427781
        mean: 0.00422669947147
        min: 4.16505571366e-07
        var: 9.12094401428e-06
    spectral_flatness_db:
        dmean: 0.016584597528
        dmean2: 0.0232956185937
        dvar: 0.000278536928818
        dvar2: 0.000492307066452
        max: 0.317884206772
        mean: 0.231391742826
        min: 0.0944900512695
        var: 0.00208848249167
    spectral_flux:
        dmean: 0.00575260911137
        dmean2: 0.00889684632421
        dvar: 4.79210939375e-05
        dvar2: 0.000118184128951
        max: 0.0786778777838
        mean: 0.0209790039808
        min: 0.00293821608648
        var: 0.000118766707601
    spectral_kurtosis:
        dmean: 2.7796599865
        dmean2: 4.57441043854
        dvar: 9.76666736603
        dvar2: 24.0036239624
        max: 52.3714179993
        mean: 10.412771225
        min: -0.228940248489
        var: 40.6818389893
    spectral_rms:
        dmean: 0.00021125600324
        dmean2: 0.000283774978016
        dvar: 5.50609051686e-08
        dvar2: 9.22286176319e-08
        max: 0.00336759164929
        mean: 0.00200249464251
        min: 2.17988144868e-05
        var: 6.43674809453e-07
    spectral_rolloff:
        dmean: 170.922836304
        dmean2: 291.346130371
        dvar: 94024.2578125
        dvar2: 199665.125
        max: 3251.51367188
        mean: 718.731140137
        min: 193.798828125
        var: 205575.96875
    spectral_skewness:
        dmean: 0.269072473049
        dmean2: 0.432595491409
        dvar: 0.0745525956154
        dvar2: 0.169497147202
        max: 5.71296453476
        mean: 2.50197792053
        min: 0.930347263813
        var: 0.373058050871
    spectral_spread:
        dmean: 442002.625
        dmean2: 591403.25
        dvar: 782582415360
        dvar2: 1.02549612134e+12
        max: 14115965
        mean: 3673789.25
        min: 1481924.375
        var: 2.66172864922e+12
    spectral_strongpeak:
        dmean: 0.185149103403
        dmean2: 0.297923475504
        dvar: 0.0432361215353
        dvar2: 0.0952845960855
        max: 2.2410094738
        mean: 0.721771895885
        min: 0.000271585828159
        var: 0.250921905041
    zerocrossingrate:
        dmean: 0.00428853044286
        dmean2: 0.00547507964075
        dvar: 1.64137672982e-05
        dvar2: 2.40694844251e-05
        max: 0.080078125
        mean: 0.0341954380274
        min: 0.00244140625
        var: 0.000129190768348
    barkbands:
        dmean: [2.77164957652e-07, 2.64960672212e-05, 5.65681875742e-05, 4.56606067019e-05, 0.000176483779796, 0.000553251651581, 0.000116574658023, 0.000151153202751, 0.000196697568754, 3.95379465772e-05, 1.51980548253e-05, 2.47493535426e-05, 1.34619185701e-05, 1.76480607479e-05, 1.08477224785e-05, 1.54673325596e-05, 1.44180521602e-05, 1.80903916771e-05, 1.28886804305e-05, 1.16184382932e-05, 3.71136070498e-06, 8.87745954969e-07, 1.38429641083e-07, 1.30028880108e-07, 1.63087918281e-07, 1.18700764773e-08, 2.63047666982e-10]
        dmean2: [4.59431788613e-07, 4.41138618044e-05, 0.000100201395981, 7.60338298278e-05, 0.000264196860371, 0.000689040520228, 0.000178692993359, 0.000202842988074, 0.000287323666271, 5.66365706618e-05, 2.21901227633e-05, 3.84340091841e-05, 2.12261111301e-05, 2.59044045379e-05, 1.87035257113e-05, 2.57356059592e-05, 2.41088546318e-05, 3.0405819416e-05, 2.12184750126e-05, 1.80384286068e-05, 5.58784859095e-06, 1.434864771e-06, 1.94237060214e-07, 1.85087117188e-07, 2.32623705188e-07, 1.57409694168e-08, 4.37466451952e-10]
        dvar: [1.19751615308e-12, 3.61530805293e-09, 5.95783600232e-09, 5.73965364126e-09, 5.36604112256e-08, 7.99348811142e-07, 1.04907798004e-07, 1.51392754333e-07, 1.79123773592e-07, 2.54808902866e-08, 1.47347123391e-09, 2.5410811233e-09, 1.00221275723e-09, 1.23315313516e-09, 3.3748318029e-10, 6.69448441126e-10, 2.26829000027e-10, 7.01242786061e-10, 2.06959716031e-09, 7.09942160615e-10, 3.39215426581e-11, 3.12701730829e-12, 1.07552049135e-13, 1.31343097206e-13, 3.39715533265e-13, 1.46864628681e-15, 1.51894400401e-18]
        dvar2: [2.97292073771e-12, 8.61987548006e-09, 1.81311605729e-08, 1.70306329039e-08, 1.32583011236e-07, 1.46152001435e-06, 2.14520042618e-07, 2.78618102811e-07, 3.22852201862e-07, 4.14150207462e-08, 2.63694643898e-09, 4.67401495285e-09, 2.3247972436e-09, 2.09885819835e-09, 9.87791404228e-10, 1.96364258187e-09, 6.02498440028e-10, 2.0955182034e-09, 4.11201606099e-09, 1.14249376626e-09, 7.06383007643e-11, 7.57103234272e-12, 1.84201449666e-13, 2.32606875384e-13, 5.32157163387e-13, 2.24334876135e-15, 3.81584289553e-18]
        max: [1.23057925521e-05, 0.000570148287807, 0.000728160550352, 0.000800935551524, 0.0029773672577, 0.0103077897802, 0.00532604847103, 0.00572465686128, 0.00613270653412, 0.00341966026463, 0.00079070974607, 0.000806608411949, 0.000409604690503, 0.000595790450461, 0.00031120350468, 0.000301189342281, 0.000137645358336, 0.000281460030237, 0.000910804898012, 0.000544039881788, 7.97138345661e-05, 2.16352400457e-05, 3.87803129343e-06, 5.74871319259e-06, 1.16105438792e-05, 5.51208017896e-07, 1.79071122375e-08]
        mean: [4.07342923836e-07, 5.84005902056e-05, 9.86520972219e-05, 8.71107258718e-05, 0.000493426108733, 0.0025109264534, 0.000236700259848, 0.00036089043715, 0.000517948123161, 9.03962209122e-05, 3.41040467902e-05, 4.93193656439e-05, 2.56031889876e-05, 3.11048534059e-05, 2.10132930079e-05, 2.75812581094e-05, 2.82903038169e-05, 3.71609457943e-05, 2.29993584071e-05, 2.62702833425e-05, 8.88632621354e-06, 1.97031909011e-06, 2.77037003116e-07, 2.40456188294e-07, 3.07982560344e-07, 2.06927772695e-08, 2.15842302365e-10]
        min: [4.1546148466e-11, 1.43586191825e-08, 2.69431073008e-08, 4.28913082828e-08, 1.52216017568e-07, 1.35227452347e-07, 5.95295404082e-08, 1.11982423334e-08, 1.28780719422e-08, 1.32910367157e-08, 2.04564765127e-09, 1.4625314293e-09, 1.71779168667e-09, 1.50587931014e-09, 5.92799753729e-10, 3.4565725282e-10, 2.77467071541e-09, 1.52226653505e-09, 1.0289988861e-09, 3.51471896032e-09, 6.04534255988e-10, 5.62466906384e-10, 1.14324980038e-10, 6.21236465048e-11, 3.4249606623e-11, 2.80504959538e-11, 2.20440568468e-13]
        var: [1.0391148662e-12, 6.31043484134e-09, 9.00995456021e-09, 9.58767909509e-09, 2.38374809669e-07, 8.4622988652e-06, 3.28294618157e-07, 9.06147079149e-07, 6.21746778506e-07, 1.19697546097e-07, 1.13989520045e-08, 9.44518330215e-09, 2.70621725029e-09, 3.87078458175e-09, 4.29145635694e-10, 1.30849853175e-09, 5.47803413742e-10, 1.35586464278e-09, 3.13982084776e-09, 1.68257363597e-09, 1.15512342747e-10, 4.8994476011e-12, 2.50628212845e-13, 3.09226250291e-13, 9.02040052896e-13, 4.03481772732e-15, 8.1426496277e-19]
    mfcc:
        mean: [-792.746276855, 172.883514404, -35.1122207642, 49.6050453186, -14.8809537888, -18.7992362976, -7.18110561371, -16.1572704315, -0.215920194983, -8.26631736755, -4.94457006454, -5.5545463562, -4.98378562927]
        cov: [[2390.02148438, -243.112945557, 22.6599578857, -308.174499512, -279.075256348, -281.99230957, -91.2997741699, -109.979759216, 54.5529403687, -105.647758484, 26.2429084778, 64.5884933472, 52.825050354], [-243.112945557, 519.773498535, -205.196166992, -70.9420394897, -87.3093338013, 40.1932067871, 71.254196167, 73.1436386108, 4.50100326538, 25.2325572968, 63.2940368652, 26.4209480286, -30.5107917786], [22.6599578857, -205.196166992, 279.933197021, -13.3972616196, 27.9501800537, -15.0845775604, -16.3083190918, -5.95676851273, 4.82654905319, 4.6506485939, -12.5431270599, 5.35334587097, 35.4822692871], [-308.174499512, -70.9420394897, -13.3972616196, 343.939727783, 119.957984924, 38.7026252747, -51.1465911865, -45.5223579407, 2.24547863007, 13.592458725, -48.9190979004, -37.4934539795, 11.3456115723], [-279.075256348, -87.3093338013, 27.9501800537, 119.957984924, 190.580276489, 77.6836395264, 15.0445680618, 16.7831954956, -3.37100052834, 41.8889770508, -2.14030838013, -16.3569984436, -7.16093826294], [-281.99230957, 40.1932067871, -15.0845775604, 38.7026252747, 77.6836395264, 140.593231201, 70.5090942383, 54.2943534851, -10.4543066025, 37.5497589111, 12.1637792587, 9.45029354095, -13.6133575439], [-91.2997741699, 71.254196167, -16.3083190918, -51.1465911865, 15.0445680618, 70.5090942383, 121.480895996, 68.6828155518, -14.8911027908, 20.7323455811, 24.5131263733, 11.6294498444, -13.2299613953], [-109.979759216, 73.1436386108, -5.95676851273, -45.5223579407, 16.7831954956, 54.2943534851, 68.6828155518, 100.764526367, 4.30898714066, 18.1594352722, 33.131187439, 12.3205699921, -9.2460899353], [54.5529403687, 4.50100326538, 4.82654905319, 2.24547863007, -3.37100052834, -10.4543066025, -14.8911027908, 4.30898714066, 49.5398254395, 9.38719463348, 11.5824871063, 4.68549013138, 2.39605331421], [-105.647758484, 25.2325572968, 4.6506485939, 13.592458725, 41.8889770508, 37.5497589111, 20.7323455811, 18.1594352722, 9.38719463348, 82.8252182007, 26.7623443604, 8.04389762878, -24.6809482574], [26.2429084778, 63.2940368652, -12.5431270599, -48.9190979004, -2.14030838013, 12.1637792587, 24.5131263733, 33.131187439, 11.5824871063, 26.7623443604, 84.1641082764, 19.7510166168, -11.4929704666], [64.5884933472, 26.4209480286, 5.35334587097, -37.4934539795, -16.3569984436, 9.45029354095, 11.6294498444, 12.3205699921, 4.68549013138, 8.04389762878, 19.7510166168, 56.0037536621, 8.60210132599], [52.825050354, -30.5107917786, 35.4822692871, 11.3456115723, -7.16093826294, -13.6133575439, -13.2299613953, -9.2460899353, 2.39605331421, -24.6809482574, -11.4929704666, 8.60210132599, 69.872428894]]
        icov: [[0.000790588441305, 0.000731186650228, 0.000499960617162, 0.000382805155823, 0.000623989850283, 0.00102797721047, -0.000527558790054, 0.0004613751953, -0.000782178540248, 0.000181604162208, -0.000459630042315, -0.000790572317783, -0.000256373023149], [0.000731186650228, 0.00449090451002, 0.00294328969903, 6.84290498612e-05, 0.00281785847619, 0.000340580503689, -0.000917871366255, -0.00143751548603, -0.000660525984131, -0.00111990910955, -0.00166974577587, -0.00102364982013, -0.000627962930594], [0.000499960617162, 0.00294328969903, 0.00610963022336, 0.000869877054356, 0.000532370933797, 0.0010513382731, -0.000131814769702, -0.00115502765402, -0.000536336447112, -0.00185358931776, -9.7785545222e-05, -0.000932722759899, -0.00279257190414], [0.000382805155823, 6.84290498612e-05, 0.000869877054356, 0.00531845446676, -0.00251052505337, -0.0012544831261, 0.00185664568562, 0.00193353695795, -0.00115377723705, -0.000494238047395, 0.0016235668445, 0.00149831909221, -0.0015115760034], [0.000623989850283, 0.00281785847619, 0.000532370933797, -0.00251052505337, 0.0114088598639, -0.00372359296307, 0.000197885674424, -0.00159175868612, 0.000193512212718, -0.00321664894, -0.00174361979589, 0.00162073958199, -0.000462560419692], [0.00102797721047, 0.000340580503689, 0.0010513382731, -0.0012544831261, -0.00372359296307, 0.0170174017549, -0.00687473360449, -0.00295081059448, 0.000863613036927, -0.0020531185437, 0.00104831310455, -0.00435237819329, 0.000236527412198], [-0.000527558790054, -0.000917871366255, -0.000131814769702, 0.00185664568562, 0.000197885674424, -0.00687473360449, 0.0185127407312, -0.00821007229388, 0.00552697014064, -0.00125560024753, 0.000142775170389, 0.00112675165292, 0.00011495846411], [0.0004613751953, -0.00143751548603, -0.00115502765402, 0.00193353695795, -0.00159175868612, -0.00295081059448, -0.00821007229388, 0.0206999350339, -0.00495302630588, 0.00214119628072, -0.0034827243071, 5.63822504773e-05, 8.90501396498e-05], [-0.000782178540248, -0.000660525984131, -0.000536336447112, -0.00115377723705, 0.000193512212718, 0.000863613036927, 0.00552697014064, -0.00495302630588, 0.0247924234718, -0.00382321327925, -0.00208327220753, -0.000265590701019, -0.00116882694419], [0.000181604162208, -0.00111990910955, -0.00185358931776, -0.000494238047395, -0.00321664894, -0.0020531185437, -0.00125560024753, 0.00214119628072, -0.00382321327925, 0.019108844921, -0.00413939170539, -0.00255941646174, 0.00622626114637], [-0.000459630042315, -0.00166974577587, -9.7785545222e-05, 0.0016235668445, -0.00174361979589, 0.00104831310455, 0.000142775170389, -0.0034827243071, -0.00208327220753, -0.00413939170539, 0.0178230348974, -0.00319527322426, 0.000930404639803], [-0.000790572317783, -0.00102364982013, -0.000932722759899, 0.00149831909221, 0.00162073958199, -0.00435237819329, 0.00112675165292, 5.63822504773e-05, -0.000265590701019, -0.00255941646174, -0.00319527322426, 0.0234958156943, -0.00439314730465], [-0.000256373023149, -0.000627962930594, -0.00279257190414, -0.0015115760034, -0.000462560419692, 0.000236527412198, 0.00011495846411, 8.90501396498e-05, -0.00116882694419, 0.00622626114637, 0.000930404639803, -0.00439314730465, 0.0188604537398]]
    spectral_contrast:
        mean: [2.31165415698e-07, 2.37890688481e-07, -5.26038434145e-07, -1.73526430558e-07, 2.63757414132e-07, 4.54845938691e-08, 2.76262039733e-06, -2.32746515394e-06, 4.44137003797e-06, 6.45213390271e-07, 2.42703526965e-06, -3.84655959351e-06]
        var: [0.00021817490051, 0.00061788095627, 0.00102810456883, 0.00247369729914, 0.0031130341813, 0.0133182248101, 0.0357904694974, 0.0792927742004, 0.117817305028, 0.294170886278, 0.341806411743, 1.12158405781]

rhythm:
    beats_loudness:
        dmean: 0.00211565778591
        dmean2: 0.00397861655802
        dvar: 6.34719481241e-06
        dvar2: 1.47911123349e-05
        max: 0.0102715473622
        mean: 0.0044707339257
        min: 0.0003107523371
        var: 1.02110943772e-05
    beats_loudness_bass:
        dmean: 0.148468986154
        dmean2: 0.282688528299
        dvar: 0.0323097109795
        dvar2: 0.0842216461897
        max: 0.631265163422
        mean: 0.167322859168
        min: 0.00898136291653
        var: 0.0337400734425
    bpm: 111.209823608
    bpm_confidence: 0
    first_peak_bpm: 110
    first_peak_spread: 0.411764681339
    first_peak_weight: 0.555555582047
    onset_rate: 3.57954549789
    second_peak_bpm: 120
    second_peak_spread: 0
    second_peak_weight: 0.0555555559695
    beats_position: [0.161657556891, 0.706765413284, 1.25187325478, 1.79698109627, 2.34208893776, 2.88719677925, 3.43230462074, 3.97741246223, 4.52252006531, 5.0676279068, 5.61273574829, 6.11435413361, 6.64978218079, 7.18521022797, 7.72063827515, 8.25606536865, 8.79149341583, 9.32692146301, 9.86234951019]
    bpm_estimates: [109.831695557, 110.413269043, 109.966598511, 111.805244446, 111.193946838, 113.131889343, 112.126113892]
    bpm_intervals: [0.545107841492, 0.545107841492, 0.545107841492, 0.545107841492, 0.545107841492, 0.545107841492, 0.545107841492, 0.545107603073, 0.545107841492, 0.545107841492, 0.501618385315, 0.53542804718, 0.53542804718, 0.53542804718, 0.535427093506, 0.53542804718, 0.53542804718, 0.53542804718]
    onset_times: [0.0464399084449, 0.754648506641, 1.26548755169, 1.55573701859, 2.21750569344, 2.34521532059, 2.46131515503, 2.86766433716, 3.03020405769, 3.19274377823, 3.41333341599, 3.75002264977, 4.02866220474, 4.5046710968, 5.1780500412, 5.52634906769, 5.70049905777, 5.86303853989, 6.00235843658, 6.14167785645, 6.45514726639, 7.0936961174, 7.41877555847, 7.46521520615, 7.63936519623, 8.03410434723, 8.23147392273, 8.53333377838, 8.85841274261, 9.05578231812, 9.25315189362, 9.42730140686, 9.53179168701, 9.67111110687, 9.86848068237, 10.0310201645]
    rubato_start: []
    rubato_stop: []
    perceptual_tempo: "unknown"

sfx:
    inharmonicity:
        dmean: 0.0293357241899
        dmean2: 0.052626747638
        dvar: 0.00231042993255
        dvar2: 0.00641250843182
        max: 0.454136222601
        mean: 0.0245306715369
        min: 3.92552756239e-05
        var: 0.00167946296278
    oddtoevenharmonicenergyratio:
        dmean: 2.71667480469
        dmean2: 5.07099914551
        dvar: 26.6173706055
        dvar2: 71.9411697388
        max: 38.2301101685
        mean: 2.34346699715
        min: 0.000238242122578
        var: 19.3214473724
    pitch_after_max_to_before_max_energy_ratio: 0.0602410584688
    pitch_centroid: 247.825973511
    pitch_max_to_total: 0.96543776989
    pitch_min_to_total: 0.235023036599
    tristimulus:
        dmean: [0.214586302638, 0.216065809131, 0.0410209856927]
        dmean2: [0.387910157442, 0.384423822165, 0.0736816376448]
        dvar: [0.0587832070887, 0.0557222180068, 0.00226544891484]
        dvar2: [0.144045263529, 0.136436253786, 0.00670558167621]
        max: [0.963290452957, 0.978433489799, 0.291295677423]
        mean: [0.473229855299, 0.473901987076, 0.0457600094378]
        min: [0.0139642069116, 0, 0]
        var: [0.0720733180642, 0.0736010372639, 0.00212233490311]

tonal:
    chords_changes_rate: 0.0366972461343
    chords_number_rate: 0.0229357797652
    chords_strength:
        dmean: 0.00576040707529
        dmean2: 0.00520773930475
        dvar: 3.47985296685e-05
        dvar2: 2.37633121287e-05
        max: 0.779420733452
        mean: 0.569805443287
        min: 0.413541585207
        var: 0.00834273453802
    key_strength: 0.760423779488
    tuning_diatonic_strength: 0.563099622726
    tuning_equal_tempered_deviation: 0.139402836561
    tuning_frequency: 435.448913574
    tuning_nontempered_energy_ratio: 0.811087608337
    hpcp:
        dmean: [0.0687892884016, 0.0595816187561, 0.0450485944748, 0.0214214920998, 0.0294838119298, 0.062333792448, 0.0770372599363, 0.099821485579, 0.0640186220407, 0.0327705815434, 0.0325558297336, 0.0430816076696, 0.0630821660161, 0.0689473450184, 0.0977927669883, 0.107228800654, 0.0922243073583, 0.0499849282205, 0.0290438104421, 0.0177808180451, 0.0218072514981, 0.0352064967155, 0.0386245287955, 0.029449282214, 0.024338087067, 0.0873872190714, 0.177175730467, 0.169098079205, 0.192345634103, 0.106619849801, 0.0590937174857, 0.0613791644573, 0.0442919135094, 0.0300562884659, 0.0345472991467, 0.0610517635942]
        dmean2: [0.114706598222, 0.0959388166666, 0.078115567565, 0.0390686504543, 0.0524712130427, 0.0994168445468, 0.12529887259, 0.16039827466, 0.101051241159, 0.0610169805586, 0.0602765120566, 0.0739921480417, 0.101847350597, 0.122481532395, 0.175933912396, 0.173209950328, 0.141471788287, 0.0873439013958, 0.054114960134, 0.0309630651027, 0.0321410149336, 0.054501991719, 0.062115367502, 0.051478523761, 0.0437993369997, 0.146511092782, 0.279912620783, 0.29013723135, 0.286998689175, 0.182323098183, 0.105624131858, 0.0947392806411, 0.075869128108, 0.0521638132632, 0.0577060617507, 0.109501712024]
        dvar: [0.0217944551259, 0.017837503925, 0.0182434748858, 0.00725639425218, 0.00543886329979, 0.0149988587946, 0.0184156559408, 0.033609174192, 0.0195024553686, 0.0133201749995, 0.0126656005159, 0.0193301271647, 0.0233572330326, 0.0225815419108, 0.0405724309385, 0.0375223010778, 0.0352795682847, 0.0160415805876, 0.0132924346253, 0.00448012957349, 0.00655788555741, 0.0127627784386, 0.0149192027748, 0.0110370116308, 0.00786242354661, 0.0324283987284, 0.0597550496459, 0.0605302751064, 0.0520297065377, 0.0278035476804, 0.0240601636469, 0.0184472296387, 0.0151687599719, 0.0130166532472, 0.0132040074095, 0.0319190658629]
        dvar2: [0.0600918680429, 0.0455076396465, 0.0544474311173, 0.0224750246853, 0.0136888995767, 0.0323420204222, 0.0392331779003, 0.0765587314963, 0.0380962640047, 0.0385464280844, 0.0348672568798, 0.0517004653811, 0.0593035258353, 0.0648882910609, 0.130633667111, 0.092443421483, 0.0735518112779, 0.046029612422, 0.0406472720206, 0.0122206332162, 0.0121611850336, 0.0241235177964, 0.02987986058, 0.0306321531534, 0.0217319279909, 0.0756043121219, 0.120596535504, 0.176353424788, 0.104547396302, 0.0738581493497, 0.0615746043622, 0.0497637428343, 0.038774702698, 0.0363002233207, 0.0329052470624, 0.0929243043065]
        max: [1, 1, 1, 0.818886935711, 0.560978591442, 1, 1, 1, 1, 1, 1, 1, 1, 1, 1, 1, 1, 1, 1, 0.613710641861, 1, 1, 1, 1, 0.815380573273, 1, 1, 1, 1, 1, 1, 1, 0.995317101479, 1, 0.880978822708, 1]
        mean: [0.0889820158482, 0.0882244259119, 0.0417921729386, 0.0192673709244, 0.0267363693565, 0.0886174738407, 0.220482006669, 0.213922336698, 0.0803333595395, 0.0256477016956, 0.0227007232606, 0.0384154804051, 0.0786625668406, 0.0996283963323, 0.100017555058, 0.166923359036, 0.158209532499, 0.0573070719838, 0.0229354836047, 0.0175729207695, 0.023348107934, 0.0493831336498, 0.0513929091394, 0.0276473611593, 0.0191501192749, 0.0687990710139, 0.270047187805, 0.457414984703, 0.306295096874, 0.129779666662, 0.205277606845, 0.162366405129, 0.0386977493763, 0.0230099447072, 0.0289843846112, 0.0501181297004]
        min: [5.72070093767e-05, 9.12630785024e-05, 0.00027911234065, 0.000201061266125, 9.47839798755e-05, 0.000411576300394, 0.000726657919586, 0.0014212540118, 0.000301393389236, 0.00016500937636, 0.000186120931176, 0.000296911253827, 0.00157589861192, 0.000203055489692, 0.000582381966524, 7.7225115092e-05, 7.81860944699e-05, 5.50807926629e-05, 0, 0, 0.000273357320111, 0.000317060563248, 0.000167206118931, 0.000209470119444, 4.2741496145e-05, 5.00889836985e-05, 0.000638472673018, 0.000570966338273, 6.28154302831e-05, 0.00013937393669, 3.51658745785e-05, 4.41891861556e-05, 0.00012911563681, 0.000199666203116, 0.000221529640839, 0.000140441508847]
        var: [0.0373545661569, 0.0355026572943, 0.0150115191936, 0.00494716735557, 0.0052847051993, 0.0247829705477, 0.0954701825976, 0.0947469398379, 0.0295613408089, 0.00821261480451, 0.00834484212101, 0.0166084039956, 0.0303051583469, 0.0432357937098, 0.0415345728397, 0.0734221711755, 0.070950075984, 0.0138445487246, 0.00755289429799, 0.00364285660908, 0.00884352438152, 0.0198710560799, 0.0209765266627, 0.00846811011434, 0.00457245530561, 0.0302027985454, 0.108838587999, 0.17951720953, 0.101541981101, 0.0300489347428, 0.13917991519, 0.093462407589, 0.0124593703076, 0.00791355408728, 0.00989653076977, 0.02480943501]
    chords_histogram: [47.7064208984, 3.21100926399, 0, 0, 0, 0, 0, 0, 0, 20.6422023773, 0, 0, 0, 0, 0, 0, 5.9633026123, 0, 0, 0, 0, 0, 0, 22.4770641327]
    thpcp: [1, 0.669621884823, 0.2837241292, 0.448777616024, 0.354965209961, 0.0846009626985, 0.0503043085337, 0.0633656233549, 0.109568186104, 0.194532364607, 0.192876115441, 0.0913659930229, 0.0421223007143, 0.0584510117769, 0.193735390902, 0.482017457485, 0.467676699162, 0.175624683499, 0.0560709685087, 0.0496282912791, 0.0839838683605, 0.171971991658, 0.217807456851, 0.218658238649, 0.364927619696, 0.345877468586, 0.125284641981, 0.0501415207982, 0.0384178943932, 0.051043599844, 0.107961334288, 0.112355105579, 0.060442622751, 0.0418659634888, 0.150408431888, 0.590376794338]
    chords_key: "B"
    chords_scale: "minor"
    key_key: "B"
    key_scale: "minor"
    chords_progression: ["Gm", "Gm", "Gm", "Gm", "Gm", "Gm", "Gm", "Gm", "Gm", "Gm", "Gm", "Gm", "Gm", "G", "G", "G", "G", "G", "G", "G", "G", "G", "G", "G", "G", "G", "G", "G", "G", "G", "G", "G", "G", "G", "G", "G", "G", "G", "G", "G", "G", "G", "G", "G", "G", "G", "G", "G", "G", "G", "G", "G", "G", "G", "G", "G", "G", "G", "G", "G", "G", "G", "Bm", "Bm", "Bm", "Bm", "Bm", "Bm", "Bm", "Bm", "Bm", "Bm", "Bm", "Bm", "Bm", "Bm", "Bm", "Bm", "Bm", "Bm", "Bm", "Bm", "Bm", "Bm", "Bm", "Bm", "Bm", "Bm", "Bm", "Bm", "Bm", "Bm", "Bm", "Bm", "Bm", "Bm", "Bm", "Bm", "Bm", "Bm", "Bm", "Bm", "Bm", "Bm", "Bm", "Bm", "Bm", "Bm", "Bm", "Bm", "Bm", "Bm", "Bm", "Bm", "Bm", "Bm", "Bm", "Bm", "Bm", "Bm", "Bm", "Bm", "Bm", "Bm", "Bm", "Bm", "Bm", "Bm", "Bm", "Bm", "Bm", "Bm", "Bm", "Bm", "D", "D", "D", "D", "D", "Bm", "Bm", "D", "D", "Bm", "Bm", "Bm", "Bm", "Bm", "Bm", "Bm", "Bm", "Bm", "Bm", "Bm", "Bm", "Bm", "Bm", "Bm", "Bm", "Bm", "Bm", "Bm", "Bm", "Bm", "Bm", "F#", "F#", "F#", "F#", "F#", "F#", "F#", "F#", "F#", "F#", "F#", "F#", "F#", "F#", "F#", "F#", "F#", "F#", "F#", "F#", "F#", "F#", "F#", "F#", "F#", "F#", "F#", "F#", "F#", "F#", "F#", "F#", "F#", "F#", "F#", "F#", "F#", "F#", "F#", "F#", "F#", "F#", "F#", "F#", "F#", "Bm", "Bm", "Bm", "Bm", "Bm", "Bm", "Bm", "Bm"]
