
metadata:
    version:
        essentia: "1.2.2"
    audio_properties:
        analysis_sample_rate: 44100
        bitrate: 128
        channels: 2
        equal_loudness: 1
        length: 10.0571432114
        replay_gain: -8.92369270325
        downmix: "mix"
    tags:
        track: 6
        year: 0
        album: "Splitted by Mp3Splt v. 2.1"
        artist: "From 000.50 To 001.00"
        comment: "http://mp3splt.sf.net"
        genre: ""
        title: "14 Too Long.mp3"

highlevel:
    ballroom:
        all:
            ChaChaCha: 0.0749047920108
            Jive: 0.115537896752
            Quickstep: 0.656628012657
            Rumba-American: 0.00764272315428
            Rumba-International: 0.00571811432019
            Rumba-Misc: 0.00888859480619
            Samba: 0.0641754642129
            Tango: 0.0420615635812
            VienneseWaltz: 0.0119436699897
            Waltz: 0.0124991787598
        probability: 0.656628012657
        value: "Quickstep"
    culture:
        all:
            non_western: 0.961942911148
            western: 0.0380570665002
        probability: 0.961942911148
        value: "non_western"
    gender:
        all:
            female: 0.148876383901
            male: 0.851123631001
        probability: 0.851123631001
        value: "male"
    genre_dortmund:
        all:
            alternative: 0.02355199866
            blues: 0.159049898386
            electronic: 0.0229947175831
            folkcountry: 0.0900890529156
            funksoulrnb: 0.0640197768807
            jazz: 0.270583212376
            pop: 0.026587376371
            raphiphop: 0.309999704361
            rock: 0.0331242643297
        probability: 0.309999704361
        value: "raphiphop"
    genre_electronica:
        all:
            ambient: 0.86165702343
            dnb: 0.0358327925205
            house: 0.0652275085449
            techno: 0.0216858386993
            trance: 0.0155968563631
        probability: 0.86165702343
        value: "ambient"
    genre_rosamerica:
        all:
            cla: 0.267631292343
            dan: 0.0240416396409
            hip: 0.225238010287
            jaz: 0.0925928279757
            pop: 0.0543779283762
            rhy: 0.0985980257392
            roc: 0.0143994949758
            spe: 0.223120778799
        probability: 0.267631292343
        value: "cla"
    genre_tzanetakis:
        all:
            blu: 0.0891415551305
            cla: 0.0430265665054
            cou: 0.0595691725612
            dis: 0.0901246368885
            hip: 0.0658794045448
            jaz: 0.0338707305491
            met: 0.0112573998049
            pop: 0.0906221345067
            reg: 0.430520921946
            roc: 0.0859874933958
        probability: 0.430520921946
        value: "reg"
    live_studio:
        all:
            live: 0.976903915405
            studio: 0.0230960734189
        probability: 0.976903915405
        value: "live"
    mood:
        all:
            Cluster1: 0.0414163395762
            Cluster2: 0.375525742769
            Cluster3: 0.0673543065786
            Cluster4: 0.337264955044
            Cluster5: 0.178438648582
        probability: 0.375525742769
        value: "Cluster2"
    mood_acoustic:
        all:
            acoustic: 0.163623854518
            not_acoustic: 0.836376130581
        probability: 0.836376130581
        value: "not_acoustic"
    mood_aggressive:
        all:
            aggressive: 0.00315360538661
            not_aggressive: 0.99684637785
        probability: 0.99684637785
        value: "not_aggressive"
    mood_electronic:
        all:
            electronic: 0.360336959362
            not_electronic: 0.639663040638
        probability: 0.639663040638
        value: "not_electronic"
    mood_happy:
        all:
            happy: 0.287967592478
            not_happy: 0.71203237772
        probability: 0.71203237772
        value: "not_happy"
    mood_party:
        all:
            not_party: 0.332582741976
            party: 0.667417287827
        probability: 0.667417287827
        value: "party"
    mood_relaxed:
        all:
            not_relaxed: 0.580170154572
            relaxed: 0.419829845428
        probability: 0.580170154572
        value: "not_relaxed"
    mood_sad:
        all:
            not_sad: 0.815984070301
            sad: 0.184015959501
        probability: 0.815984070301
        value: "not_sad"
    rhythm:
        all:
            fast: 0.526270985603
            medium: 0.21407802403
            slow: 0.259650975466
        probability: 0.526270985603
        value: "fast"
    speech_music:
        all:
            music: 0.0193625576794
            speech: 0.980637431145
        probability: 0.980637431145
        value: "speech"
    timbre:
        all:
            bright: 0.929540812969
            dark: 0.0704592168331
        probability: 0.929540812969
        value: "bright"
    voice_instrumental:
        all:
            instrumental: 0.00478772493079
            voice: 0.995212256908
        probability: 0.995212256908
        value: "voice"

lowlevel:
    average_loudness: 0.505690991879
    barkbands_kurtosis:
        dmean: 1.95810675621
        dmean2: 3.25675535202
        dvar: 8.55015850067
        dvar2: 20.5484104156
        max: 25.548582077
        mean: 1.40402317047
        min: -1.87715268135
        var: 12.6494779587
    barkbands_skewness:
        dmean: 0.624370992184
        dmean2: 0.977823197842
        dvar: 0.472979515791
        dvar2: 1.02969765663
        max: 3.64876699448
        mean: 0.170093387365
        min: -3.78212165833
        var: 1.70778465271
    barkbands_spread:
        dmean: 5.58046913147
        dmean2: 9.06511306763
        dvar: 43.9292678833
        dvar2: 105.135322571
        max: 59.2154998779
        mean: 19.329082489
        min: 1.18276834488
        var: 108.272193909
    dissonance:
        dmean: 0.0225503705442
        dmean2: 0.0374321117997
        dvar: 0.000699406198692
        dvar2: 0.00173197116237
        max: 0.499990165234
        mean: 0.455852121115
        min: 0.273122817278
        var: 0.00159190688282
    hfc:
        dmean: 2.13865947723
        dmean2: 3.29633712769
        dvar: 17.2754135132
        dvar2: 35.0286026001
        max: 48.236038208
        mean: 4.71076631546
        min: 0.0125185018405
        var: 68.2769775391
    pitch:
        dmean: 550.156494141
        dmean2: 1004.53924561
        dvar: 939828.4375
        dvar2: 1939129.875
        max: 4900
        mean: 1053.33825684
        min: 83.6812133789
        var: 1500723.5
    pitch_instantaneous_confidence:
        dmean: 0.110336221755
        dmean2: 0.173335000873
        dvar: 0.011109043844
        dvar2: 0.0251175928861
        max: 0.953206717968
        mean: 0.530153751373
        min: 0.126130878925
        var: 0.0436331145465
    pitch_salience:
        dmean: 0.0773663297296
        dmean2: 0.121854394674
        dvar: 0.00655587716028
        dvar2: 0.0144557133317
        max: 0.889633536339
        mean: 0.632548689842
        min: 0.160732522607
        var: 0.0183688737452
    silence_rate_20dB:
        dmean: 0
        dmean2: 0
        dvar: 0
        dvar2: 0
        max: 1
        mean: 1
        min: 1
        var: 0
    silence_rate_30dB:
        dmean: 0
        dmean2: 0
        dvar: 0
        dvar2: 0
        max: 1
        mean: 1
        min: 1
        var: 0
    silence_rate_60dB:
        dmean: 0.0603248253465
        dmean2: 0.120930232108
        dvar: 0.0566858686507
        dvar2: 0.124911226332
        max: 1
        mean: 0.793981492519
        min: 0
        var: 0.163574323058
    spectral_centroid:
        dmean: 335.626068115
        dmean2: 496.684844971
        dvar: 196862.6875
        dvar2: 383512.625
        max: 4974.58203125
        mean: 1847.26416016
        min: 430.638427734
        var: 796613.0625
    spectral_complexity:
        dmean: 2.12412166595
        dmean2: 3.41079807281
        dvar: 13.200047493
        dvar2: 27.5471916199
        max: 25
        mean: 4.75233650208
        min: 0
        var: 29.0461673737
    spectral_crest:
        dmean: 2.71599936485
        dmean2: 4.39411211014
        dvar: 8.29801177979
        dvar2: 21.9099769592
        max: 23.6675052643
        mean: 9.94351291656
        min: 3.2812974453
        var: 16.5324993134
    spectral_decrease:
        dmean: 2.18374540673e-10
        dmean2: 3.17575049591e-10
        dvar: 1.39018429438e-19
        dvar2: 2.74448265036e-19
        max: -8.3701481076e-13
        mean: -5.03252661765e-10
        min: -3.71660835441e-09
        var: 5.28178705955e-19
    spectral_energy:
        dmean: 0.000997209688649
        dmean2: 0.00146778591443
        dvar: 3.02489979731e-06
        dvar2: 5.95865685682e-06
        max: 0.0184024777263
        mean: 0.00232666986994
        min: 4.29455576523e-06
        var: 1.19126789286e-05
    spectral_energyband_high:
        dmean: 9.96914459392e-05
        dmean2: 0.000149298313772
        dvar: 5.27448165144e-08
        dvar2: 1.10013857579e-07
        max: 0.00265798834153
        mean: 0.000182839445188
        min: 8.24741391625e-07
        var: 1.41406005127e-07
    spectral_energyband_low:
        dmean: 1.91003621808e-07
        dmean2: 3.23710025896e-07
        dvar: 7.61748845425e-13
        dvar2: 1.58304706149e-12
        max: 1.07523001134e-05
        mean: 1.75763887e-07
        min: 3.93697852097e-11
        var: 7.94685172702e-13
    spectral_energyband_middle_high:
        dmean: 0.000726854137611
        dmean2: 0.00113809551112
        dvar: 2.26812653636e-06
        dvar2: 5.11546431881e-06
        max: 0.0161407366395
        mean: 0.00139727990609
        min: 1.82029521056e-06
        var: 7.22192226021e-06
    spectral_energyband_middle_low:
        dmean: 0.000389299995732
        dmean2: 0.000552054378204
        dvar: 7.30929798465e-07
        dvar2: 1.55040208938e-06
        max: 0.00825760420412
        mean: 0.000746377743781
        min: 1.24933379198e-08
        var: 1.65253709383e-06
    spectral_flatness_db:
        dmean: 0.0308747757226
        dmean2: 0.0482775010169
        dvar: 0.000893808435649
        dvar2: 0.00201055640355
        max: 0.410962700844
        mean: 0.236198395491
        min: 0.110059693456
        var: 0.00338541134261
    spectral_flux:
        dmean: 0.0109889460728
        dmean2: 0.0168480537832
        dvar: 0.000189127531485
        dvar2: 0.000442714168457
        max: 0.131545856595
        mean: 0.0267774537206
        min: 0.00120869930834
        var: 0.000665238359943
    spectral_kurtosis:
        dmean: 1.2945472002
        dmean2: 2.11866760254
        dvar: 1.47794663906
        dvar2: 3.93677210808
        max: 10.9793081284
        mean: 3.13454627991
        min: -0.105288743973
        var: 3.1124587059
    spectral_rms:
        dmean: 0.000306513073156
        dmean2: 0.000425806443673
        dvar: 1.45598818335e-07
        dvar2: 2.4044763336e-07
        max: 0.00423717312515
        mean: 0.00116565148346
        min: 6.47287452011e-05
        var: 9.11179654395e-07
    spectral_rolloff:
        dmean: 567.93157959
        dmean2: 943.669921875
        dvar: 517484.46875
        dvar2: 1120142
        max: 6632.2265625
        mean: 2975.60961914
        min: 215.33203125
        var: 1426670.75
    spectral_skewness:
        dmean: 0.238866865635
        dmean2: 0.371541976929
        dvar: 0.0463827438653
        dvar2: 0.104317761958
        max: 2.33983469009
        mean: 1.33991467953
        min: -0.173192456365
        var: 0.123871654272
    spectral_spread:
        dmean: 730979.75
        dmean2: 1114952.25
        dvar: 519139721216
        dvar2: 1.21606858342e+12
        max: 9011575
        mean: 4696382
        min: 2127914.25
        var: 1.61322604954e+12
    spectral_strongpeak:
        dmean: 0.337340027094
        dmean2: 0.552152991295
        dvar: 0.476827174425
        dvar2: 0.986785590649
        max: 7.34787893295
        mean: 0.659123659134
        min: 0.0070735597983
        var: 1.32126235962
    zerocrossingrate:
        dmean: 0.0115689495578
        dmean2: 0.0132466349751
        dvar: 0.000158137336257
        dvar2: 0.000193764906726
        max: 0.2138671875
        mean: 0.0962609946728
        min: 0.0361328125
        var: 0.00137342675589
    barkbands:
        dmean: [7.82839459923e-10, 3.29093268192e-08, 1.62499873113e-07, 4.39832456323e-06, 4.96938591823e-05, 9.12122050067e-05, 0.000125588398078, 7.86717500887e-05, 0.000115849463327, 1.28950814542e-05, 1.92379138753e-05, 2.08319015655e-05, 1.69052182173e-05, 6.96338393027e-05, 7.19145973562e-05, 0.000212340528378, 0.000179648195626, 0.000204281779588, 0.000128575178678, 7.74827494752e-05, 4.52207241324e-05, 1.55989582709e-05, 3.51841094925e-06, 9.20687284633e-07, 2.41054237904e-07, 7.98890731346e-09, 8.41837571874e-11]
        dmean2: [1.28339461281e-09, 5.80321106725e-08, 2.71682210951e-07, 7.03542082192e-06, 6.83762991684e-05, 0.000141853059176, 0.000188616875676, 0.000121649303765, 0.000156024892931, 1.8966558855e-05, 2.84726083919e-05, 3.46910346707e-05, 2.62366684183e-05, 0.000113771442557, 0.000109656873974, 0.00033615846769, 0.000279545667581, 0.0003231386072, 0.000201839167858, 0.00012098984007, 7.38746239222e-05, 2.3393335141e-05, 4.98587314723e-06, 1.31966828576e-06, 3.76465266072e-07, 1.38056259757e-08, 1.56619953118e-10]
        dvar: [1.43710935097e-17, 2.72430393674e-14, 6.5253705217e-13, 1.60967683627e-10, 1.52530965636e-08, 2.34475493244e-07, 2.51660395634e-07, 1.3018303946e-07, 2.03956361133e-07, 1.16377818493e-09, 2.5614617094e-09, 7.86809906117e-09, 2.11592032784e-09, 9.57442978233e-08, 5.00940942061e-08, 3.91173244907e-07, 3.50941292027e-07, 2.82195458112e-07, 9.21036829027e-08, 3.16333057526e-08, 1.4554705885e-08, 1.25197585632e-09, 6.87271697886e-11, 3.51946748654e-12, 2.65840328266e-13, 2.64196484861e-16, 3.14683092587e-20]
        dvar2: [3.30709952185e-17, 7.04909627848e-14, 1.32710975456e-12, 4.15940171195e-10, 3.01941263103e-08, 5.97757889409e-07, 5.0830510645e-07, 2.32881816942e-07, 4.41685301666e-07, 2.27217067383e-09, 5.25979659827e-09, 1.60482969136e-08, 4.36357927569e-09, 2.44666324534e-07, 1.30158554157e-07, 8.77190814208e-07, 8.61993783019e-07, 5.82706491059e-07, 2.35909752178e-07, 6.09133650187e-08, 3.56300517979e-08, 2.7765747479e-09, 1.52623177985e-10, 7.37184532168e-12, 6.2127066729e-13, 6.66897732614e-16, 9.93334572739e-20]
        max: [6.10792341149e-08, 2.32554612012e-06, 1.05933795567e-05, 0.000115892515169, 0.00164536421653, 0.00770039390773, 0.00677260849625, 0.00549026904628, 0.00790705624968, 0.000486589531647, 0.000604704197031, 0.00135512440465, 0.000714986410458, 0.00554132414982, 0.00357522862032, 0.00667871674523, 0.00965203437954, 0.00510395783931, 0.00274479389191, 0.00230747181922, 0.00127836409956, 0.00035104030394, 0.000102393241832, 2.26530628424e-05, 4.04531238019e-06, 1.31782755375e-07, 1.55650137224e-09]
        mean: [6.67190414028e-10, 2.23552749645e-08, 1.52909152007e-07, 6.85642726239e-06, 0.000111408844532, 0.000100224373455, 0.000157563961693, 0.000131470398628, 0.000236600608332, 2.21973186854e-05, 2.7720550861e-05, 2.45809806074e-05, 2.38569591602e-05, 6.86728599248e-05, 9.39994788496e-05, 0.000288689800072, 0.00027655591839, 0.000334911543177, 0.00019287870964, 0.000130055690533, 6.55916519463e-05, 2.43324284384e-05, 6.67871563564e-06, 1.39880080496e-06, 2.40393632112e-07, 9.76796954433e-09, 7.36420438519e-11]
        min: [4.89356656325e-13, 1.07071582503e-11, 1.88893241326e-11, 1.43792425883e-11, 1.98690595227e-11, 4.37984544466e-11, 1.18801002369e-09, 4.29119434431e-10, 1.90476390216e-09, 3.76074993369e-09, 1.35155913128e-08, 1.9854265787e-08, 3.7724035451e-08, 2.81439405114e-08, 1.20596524766e-07, 8.78058656895e-08, 2.39211203734e-07, 1.99535477918e-07, 1.00023257232e-07, 1.30545060983e-07, 9.98535938379e-08, 3.60549222478e-07, 6.92928594503e-08, 2.27796910224e-08, 2.71220518266e-10, 1.0902489328e-10, 7.57829027667e-15]
        var: [1.29094521325e-17, 1.97632590225e-14, 6.97384478724e-13, 2.25372262519e-10, 3.81549121187e-08, 1.89843390785e-07, 3.22665499652e-07, 3.10351651933e-07, 7.39473591693e-07, 3.89175047744e-09, 5.00944974391e-09, 8.74930528028e-09, 3.57671781082e-09, 1.1987698656e-07, 5.86538853042e-08, 7.46920989059e-07, 8.34806371586e-07, 6.17434295691e-07, 1.72206185312e-07, 8.24853216841e-08, 2.28244321221e-08, 2.1147881224e-09, 1.86046372752e-10, 7.6244002431e-12, 2.64274767434e-13, 2.33204608112e-16, 2.78620312014e-20]
    mfcc:
        mean: [-843.617431641, 44.7938804626, -83.4824676514, 21.8952293396, -39.848487854, -22.476228714, -34.7384033203, -16.9521255493, -26.8146247864, -16.6167755127, -18.1806049347, -13.0246629715, -16.0217380524]
        cov: [[6764.20214844, 630.423034668, -775.580505371, 477.214355469, -651.963012695, -897.097473145, -788.542663574, -243.444213867, -272.226959229, -69.2942428589, -144.168624878, 21.437002182, -156.659179688], [630.423034668, 2182.51660156, 1175.20544434, 139.373962402, -445.50769043, -312.373382568, -76.8387756348, -311.883789062, -469.041168213, -367.524291992, -64.7583007812, -233.312393188, -173.205581665], [-775.580505371, 1175.20544434, 1555.46350098, 168.405212402, -120.533721924, -36.5202636719, 132.944152832, -205.95173645, -283.108276367, -309.66317749, -42.9199829102, -191.123519897, -81.5951385498], [477.214355469, 139.373962402, 168.405212402, 487.03817749, 175.113067627, -120.811470032, -239.928512573, -21.8286514282, -118.563980103, -72.9463500977, -137.82951355, 1.09827470779, -27.052400589], [-651.963012695, -445.50769043, -120.533721924, 175.113067627, 888.451599121, 211.101837158, -41.0078773499, -42.8202629089, 49.6984634399, -22.0516529083, -74.7981872559, 70.7650909424, 88.0762405396], [-897.097473145, -312.373382568, -36.5202636719, -120.811470032, 211.101837158, 368.135467529, 259.077972412, 61.938205719, 82.8349533081, 50.2234840393, 84.2459640503, 15.0063524246, 44.8800239563], [-788.542663574, -76.8387756348, 132.944152832, -239.928512573, -41.0078773499, 259.077972412, 535.920227051, 90.5844497681, 127.709060669, 45.2480049133, 155.269790649, -44.0657615662, 48.4186401367], [-243.444213867, -311.883789062, -205.95173645, -21.8286514282, -42.8202629089, 61.938205719, 90.5844497681, 251.924102783, 115.259346008, 95.2796325684, -1.23369443417, 18.7578048706, 25.0294589996], [-272.226959229, -469.041168213, -283.108276367, -118.563980103, 49.6984634399, 82.8349533081, 127.709060669, 115.259346008, 424.012084961, 184.072677612, 66.4688186646, 34.8536300659, 58.3051147461], [-69.2942428589, -367.524291992, -309.66317749, -72.9463500977, -22.0516529083, 50.2234840393, 45.2480049133, 95.2796325684, 184.072677612, 227.920944214, 83.8773574829, 53.9882164001, 9.63042736053], [-144.168624878, -64.7583007812, -42.9199829102, -137.82951355, -74.7981872559, 84.2459640503, 155.269790649, -1.23369443417, 66.4688186646, 83.8773574829, 223.710510254, 11.7350816727, -6.39636611938], [21.437002182, -233.312393188, -191.123519897, 1.09827470779, 70.7650909424, 15.0063524246, -44.0657615662, 18.7578048706, 34.8536300659, 53.9882164001, 11.7350816727, 116.284057617, 49.9739456177], [-156.659179688, -173.205581665, -81.5951385498, -27.052400589, 88.0762405396, 44.8800239563, 48.4186401367, 25.0294589996, 58.3051147461, 9.63042736053, -6.39636611938, 49.9739456177, 114.602523804]]
        icov: [[0.000313479366014, -7.34006753191e-05, 0.000375938718207, -0.000398376607336, 0.000207789591514, 0.000478663656395, -8.12403814052e-05, 0.00035825028317, 2.08275605473e-06, 0.000165573379491, -0.000108537904453, 4.83033618366e-05, 5.80491578148e-05], [-7.34006753191e-05, 0.00128394784406, -0.000629024056252, 7.62818744988e-05, 0.00027068547206, 0.000520228699315, -0.000160329858772, 0.000531295780092, 0.000473762280308, 0.000396154209739, -5.58996907785e-05, 0.000698142161127, 0.000368386710761], [0.000375938718207, -0.000629024056252, 0.00192746904213, -0.00115913012996, 0.000368899985915, 0.000224366638577, -0.00074921065243, 0.000927400600631, -0.00011572225776, 0.00106837612111, -0.000120138894999, 0.000681362405885, 6.98117655702e-05], [-0.000398376607336, 7.62818744988e-05, -0.00115913012996, 0.00418833177537, -0.00129480846226, 0.000204211959499, 0.0012867996702, -0.0016134257894, 0.000497119210195, -0.000628313457128, 0.000830563774798, -0.000345236883732, 0.000454744062154], [0.000207789591514, 0.00027068547206, 0.000368899985915, -0.00129480846226, 0.00228516361676, -0.00137609813828, 0.000240049761487, 0.00136049871799, -0.000390598434024, 0.000716406502761, 0.000443642726168, -0.000164482175023, -0.000730729778297], [0.000478663656395, 0.000520228699315, 0.000224366638577, 0.000204211959499, -0.00137609813828, 0.00707111647353, -0.0027515119873, -6.0177706473e-05, 0.000789719168097, -0.000106399798824, -0.000745899567846, -0.000232759615756, 0.000779620197136], [-8.12403814052e-05, -0.000160329858772, -0.00074921065243, 0.0012867996702, 0.000240049761487, -0.0027515119873, 0.00523408688605, -0.00169751432259, -0.000626573339105, 0.000257651438005, -0.00206603016704, 0.00218109390698, -0.00229989760555], [0.00035825028317, 0.000531295780092, 0.000927400600631, -0.0016134257894, 0.00136049871799, -6.0177706473e-05, -0.00169751432259, 0.00706355087459, -0.000323890300933, -0.00127832440194, 0.00180939980783, 0.000495373853482, -0.000118220479635], [2.08275605473e-06, 0.000473762280308, -0.00011572225776, 0.000497119210195, -0.000390598434024, 0.000789719168097, -0.000626573339105, -0.000323890300933, 0.00460167834535, -0.00325009599328, 0.000151830725372, 0.00152735714801, -0.00164537003729], [0.000165573379491, 0.000396154209739, 0.00106837612111, -0.000628313457128, 0.000716406502761, -0.000106399798824, 0.000257651438005, -0.00127832440194, -0.00325009599328, 0.0110920891166, -0.00283724907786, -0.00270210322924, 0.00284017669037], [-0.000108537904453, -5.58996907785e-05, -0.000120138894999, 0.000830563774798, 0.000443642726168, -0.000745899567846, -0.00206603016704, 0.00180939980783, 0.000151830725372, -0.00283724907786, 0.00790731515735, -0.00180021626875, 0.00169404200278], [4.83033618366e-05, 0.000698142161127, 0.000681362405885, -0.000345236883732, -0.000164482175023, -0.000232759615756, 0.00218109390698, 0.000495373853482, 0.00152735714801, -0.00270210322924, -0.00180021626875, 0.0159279704094, -0.00688339443877], [5.80491578148e-05, 0.000368386710761, 6.98117655702e-05, 0.000454744062154, -0.000730729778297, 0.000779620197136, -0.00229989760555, -0.000118220479635, -0.00164537003729, 0.00284017669037, 0.00169404200278, -0.00688339443877, 0.0144673399627]]
    spectral_contrast:
        mean: [-5.97352070031e-08, -5.37120712352e-08, 3.19582909469e-07, 3.18705986047e-07, 1.96082567072e-07, -4.5055122655e-07, -2.52818404078e-06, -7.30435445462e-08, -3.29197291649e-06, -3.37852497978e-06, -3.87959380532e-06, -2.92619802167e-06]
        var: [0.000883690430783, 0.00153063854668, 0.0023957323283, 0.00301347207278, 0.0149639956653, 0.0250995606184, 0.168649047613, 0.24789519608, 0.262240201235, 0.428671956062, 0.972191691399, 2.49531650543]

rhythm:
    beats_loudness:
        dmean: 0.00261786999181
        dmean2: 0.00521135237068
        dvar: 1.60895633599e-05
        dvar2: 4.5260621846e-05
        max: 0.01255346369
        mean: 0.00162224727683
        min: 5.11485450261e-05
        var: 9.49484274315e-06
    beats_loudness_bass:
        dmean: 0.00375556759536
        dmean2: 0.00527985347435
        dvar: 2.25014664466e-05
        dvar2: 3.64559527952e-05
        max: 0.0216863621026
        mean: 0.00357482116669
        min: 1.6016298332e-06
        var: 3.75825475203e-05
    bpm: 63.7263946533
    bpm_confidence: 0
    first_peak_bpm: 128
    first_peak_spread: 0
    first_peak_weight: 0.5
    onset_rate: 4.77272748947
    second_peak_bpm: 64
    second_peak_spread: 0
    second_peak_weight: 0.428571432829
    beats_position: [0.197309672832, 1.13887476921, 2.0804400444, 3.0220053196, 3.96357059479, 4.9051361084, 5.84670114517, 6.47454929352, 6.9441075325, 7.41366624832, 7.88322496414, 8.35278320312, 8.82234096527, 9.29190063477, 9.76145839691]
    bpm_estimates: [63.4731254578, 64.4482727051, 63.4786529541, 63.5055274963]
    bpm_intervals: [0.941565096378, 0.941565275192, 0.941565275192, 0.941565275192, 0.941565513611, 0.941565036774, 0.627848148346, 0.469558238983, 0.46955871582, 0.46955871582, 0.469558238983, 0.469557762146, 0.469559669495, 0.469557762146]
    onset_times: [0.0580498874187, 0.476009070873, 0.626938760281, 0.743038535118, 0.940408170223, 1.33514738083, 1.55573701859, 1.71827661991, 1.86920630932, 2.28716564178, 2.42648530006, 2.49614500999, 2.73995471001, 2.87927436829, 3.14630389214, 3.23918366432, 3.44816327095, 3.69197273254, 4.17959165573, 4.49306106567, 4.92263031006, 5.06195020676, 5.46829938889, 5.9094786644, 6.29260778427, 6.65251684189, 6.72217702866, 6.91954660416, 6.9543762207, 7.01242637634, 7.16335582733, 7.22140598297, 7.46521520615, 7.80190467834, 7.9644446373, 8.06893444061, 8.13859367371, 8.3011341095, 8.498503685, 8.88163280487, 9.0093421936, 9.13705253601, 9.34603214264, 9.4853515625, 9.64789104462, 9.74077129364, 9.85687065125, 9.97297096252]
    rubato_start: [6.9441075325]
    rubato_stop: [9.76145839691]
    perceptual_tempo: "unknown"

sfx:
    inharmonicity:
        dmean: 0.0738903805614
        dmean2: 0.133766233921
        dvar: 0.00756897265092
        dvar2: 0.0207217689604
        max: 0.419344931841
        mean: 0.0668388456106
        min: 0
        var: 0.00742025813088
    oddtoevenharmonicenergyratio:
        dmean: 578.794006348
        dmean2: 1157.94421387
        dvar: 65610980
        dvar2: 196962736
        max: 118651.601562
        mean: 291.879425049
        min: 0
        var: 32812962
    pitch_after_max_to_before_max_energy_ratio: 24.2044315338
    pitch_centroid: 197.990081787
    pitch_max_to_total: 0.0397196263075
    pitch_min_to_total: 0.738317728043
    tristimulus:
        dmean: [0.198909237981, 0.274785876274, 0.15345479548]
        dmean2: [0.354011684656, 0.476918458939, 0.279027402401]
        dvar: [0.0521778166294, 0.0631441026926, 0.0270219128579]
        dvar2: [0.152158930898, 0.184789583087, 0.0781031399965]
        max: [1, 0.999771416187, 0.762276351452]
        mean: [0.243370264769, 0.557517230511, 0.141935154796]
        min: [0.000190377788385, 0, 0]
        var: [0.0616616904736, 0.0821600481868, 0.0279258452356]

tonal:
    chords_changes_rate: 0.0972222238779
    chords_number_rate: 0.0462962947786
    chords_strength:
        dmean: 0.018311150372
        dmean2: 0.0202816929668
        dvar: 0.000220374116907
        dvar2: 0.000242618320044
        max: 0.733303010464
        mean: 0.524059712887
        min: 0.263689339161
        var: 0.0110664507374
    key_strength: 0.719703674316
    tuning_diatonic_strength: 0.576858460903
    tuning_equal_tempered_deviation: 0.251493483782
    tuning_frequency: 447.174194336
    tuning_nontempered_energy_ratio: 0.906779587269
    hpcp:
        dmean: [0.140917941928, 0.132011756301, 0.144555971026, 0.154865071177, 0.163519948721, 0.145868107677, 0.156107887626, 0.19276446104, 0.193425655365, 0.179271712899, 0.191476985812, 0.20539700985, 0.179558262229, 0.152477547526, 0.171632274985, 0.14827246964, 0.136805862188, 0.14810732007, 0.182755976915, 0.157495900989, 0.133405938745, 0.127011075616, 0.171383485198, 0.159828528762, 0.162103325129, 0.154297456145, 0.12840244174, 0.120690815151, 0.125977933407, 0.155975431204, 0.191448733211, 0.214464336634, 0.239530459046, 0.225263789296, 0.194723367691, 0.165476173162]
        dmean2: [0.243819892406, 0.228529587388, 0.251386493444, 0.272306680679, 0.283725976944, 0.241472899914, 0.270345211029, 0.349998086691, 0.336443185806, 0.295486927032, 0.326524615288, 0.357488185167, 0.307096034288, 0.260432362556, 0.287794828415, 0.247906371951, 0.219059735537, 0.247795939445, 0.308548301458, 0.260618984699, 0.229240521789, 0.22079911828, 0.296576738358, 0.280515700579, 0.257372379303, 0.253814101219, 0.215204358101, 0.212773814797, 0.218983709812, 0.273383945227, 0.340344637632, 0.368161767721, 0.426248162985, 0.374122083187, 0.326764315367, 0.273775696754]
        dvar: [0.0432492643595, 0.0392994359136, 0.0404868386686, 0.053218729794, 0.0551163032651, 0.0313858725131, 0.0391907952726, 0.0514820888638, 0.0586387738585, 0.0431953892112, 0.0453260093927, 0.0608061030507, 0.0465968437493, 0.0374154262245, 0.0594281852245, 0.0462273135781, 0.0348828434944, 0.0387031659484, 0.046485081315, 0.0342762023211, 0.0333621054888, 0.0327697880566, 0.0518473424017, 0.0491926893592, 0.0370099283755, 0.0357867665589, 0.0270442739129, 0.0277370493859, 0.0265681706369, 0.0388900451362, 0.0512704625726, 0.0576441623271, 0.0658488273621, 0.0630919486284, 0.0562196858227, 0.0503254830837]
        dvar2: [0.108363032341, 0.104100860655, 0.110062673688, 0.132135421038, 0.142128184438, 0.0818276554346, 0.1064376086, 0.138159245253, 0.140204176307, 0.100525207818, 0.107132814825, 0.160168617964, 0.124285794795, 0.0994790270925, 0.154368892312, 0.118972219527, 0.0818287804723, 0.0909891203046, 0.114363998175, 0.0891150683165, 0.075633905828, 0.0901891589165, 0.152507290244, 0.118207223713, 0.0958251133561, 0.0927277952433, 0.0718324109912, 0.0708161965013, 0.0709060803056, 0.0992606952786, 0.13790436089, 0.155579328537, 0.163691475987, 0.164011746645, 0.144105613232, 0.131705611944]
        max: [1, 1, 0.989349722862, 1, 1, 0.924286007881, 1, 1, 1, 1, 1, 1, 1, 1, 1, 1, 1, 1, 1, 1, 1, 1, 1, 1, 1, 1, 1, 1, 1, 1, 1, 1, 1, 1, 1, 1]
        mean: [0.158807456493, 0.155998215079, 0.163581177592, 0.18593749404, 0.194794401526, 0.177012532949, 0.174561604857, 0.224120259285, 0.299953132868, 0.288649767637, 0.232833445072, 0.23822490871, 0.212535187602, 0.18096588552, 0.183024629951, 0.162768751383, 0.167481929064, 0.216201320291, 0.220348894596, 0.194143041968, 0.171020165086, 0.145011052489, 0.17183612287, 0.221406385303, 0.2175437361, 0.179589256644, 0.152238339186, 0.134224444628, 0.149680808187, 0.200928002596, 0.22676064074, 0.25847312808, 0.309821307659, 0.285374134779, 0.217174589634, 0.174969360232]
        min: [0.000704852456693, 0.000730192055926, 0.00019880005857, 0.00108475249726, 0.000513974926434, 0.0012672560988, 0.00117678788956, 0.000184533462743, 0.00311393104494, 0.00170484476257, 0.00112036452629, 0.0007073925226, 0.00108481117059, 0.000720677897334, 0.000588041439187, 0.000937309407163, 0.000929466681555, 0.000898890488315, 0.000280479493085, 0.000364710111171, 0.000176966728759, 0.000109916909423, 9.75662405835e-05, 0.000122435376397, 0.000581864616834, 0.000943572435062, 0.000549068499822, 0.000286040449282, 0.000347169494489, 0.00058339087991, 0.00111261429265, 0.000953242706601, 0.000781725510024, 0.000294761470286, 0.000235437226365, 0.000768123136368]
        var: [0.0499690547585, 0.0474559925497, 0.0472786277533, 0.0675806030631, 0.0798127278686, 0.0494036823511, 0.0492338836193, 0.0582638904452, 0.099655687809, 0.0921042636037, 0.0674828365445, 0.0919307991862, 0.0774175971746, 0.0591297112405, 0.0737422183156, 0.0546171851456, 0.0489676706493, 0.0717214047909, 0.0667427629232, 0.055768687278, 0.0527631193399, 0.0359822176397, 0.0527286939323, 0.0777417197824, 0.0679177641869, 0.0453001223505, 0.0354047827423, 0.0328708142042, 0.0356084629893, 0.0595225803554, 0.0652937218547, 0.0760026574135, 0.0875177904963, 0.0918443650007, 0.0739366486669, 0.0562246963382]
    chords_histogram: [19.9074077606, 25, 15.7407407761, 0, 0, 0, 0, 0, 0, 7.87037038803, 5.09259271622, 0.462962955236, 0, 1.85185182095, 0, 0, 12.5, 2.31481480598, 0, 5.55555534363, 0, 0, 0, 3.70370364189]
    thpcp: [1, 0.921092689037, 0.700967252254, 0.564742803574, 0.512577593327, 0.503510296345, 0.527985572815, 0.600144326687, 0.628731429577, 0.571337521076, 0.563426733017, 0.723385572433, 0.968148827553, 0.931665301323, 0.751508831978, 0.768910646439, 0.685992777348, 0.584097623825, 0.590742528439, 0.525363326073, 0.540575861931, 0.697825849056, 0.711212873459, 0.626629054546, 0.55199611187, 0.468047380447, 0.554629802704, 0.714626073837, 0.702158749104, 0.579654335976, 0.491374671459, 0.433231800795, 0.483119785786, 0.648528695107, 0.731907844543, 0.834265172482]
    chords_key: "E"
    chords_scale: "minor"
    key_key: "C"
    key_scale: "major"
    chords_progression: ["G#", "G#", "G#", "G#", "G#", "G#", "G#", "G#", "G#", "G#", "G#", "G#", "G#", "G#", "G#", "G#", "G#", "G#", "G#", "G#", "G#", "G#", "G#", "G#", "G#", "C", "C", "C", "C", "C", "C", "C", "C", "C", "C", "C", "C", "C", "C", "C", "C", "C", "C", "C", "C", "C", "C", "C", "Am", "Am", "Am", "Am", "Am", "Am", "Am", "Am", "C", "C", "C", "C", "C", "C", "C", "C", "C", "Em", "Em", "Em", "Em", "Em", "Em", "Em", "Em", "Em", "G", "G", "G", "G", "G", "G", "G", "G", "G", "G", "G", "G", "G", "G", "G", "G", "G", "G", "G", "G", "G", "G", "G", "G", "G", "G", "G", "G", "G", "G#", "G#m", "G#m", "G#m", "G#m", "G#m", "G#m", "G#", "G#m", "G#m", "G#m", "G#m", "G#m", "G#m", "G#m", "G#m", "G#m", "G#m", "G#m", "A#m", "A#m", "A#m", "A#m", "B", "D#m", "B", "B", "B", "B", "B", "B", "B", "B", "B", "B", "C", "Em", "Em", "Em", "Em", "Em", "Em", "Em", "Em", "Em", "Em", "Em", "Em", "Em", "Em", "Em", "Em", "Em", "Em", "Em", "Em", "Em", "Em", "Em", "Em", "Em", "Em", "Em", "Em", "Em", "Em", "Em", "Em", "Em", "Em", "Em", "Em", "Em", "Em", "Em", "Em", "Em", "Em", "Em", "Em", "Em", "C", "C", "C", "C", "C", "C", "C", "C", "C", "Cm", "C", "Cm", "Cm", "Cm", "Cm", "G", "G", "G", "G", "G", "Gm", "Gm", "Gm", "Gm", "Gm", "Gm", "Gm", "Gm", "Gm", "Gm", "Gm", "Gm"]
