
metadata:
    version:
        essentia: "1.2.2"
    audio_properties:
        analysis_sample_rate: 44100
        bitrate: 128
        channels: 2
        equal_loudness: 1
        length: 10.0048980713
        replay_gain: -2.64911460876
        downmix: "mix"
    tags:
        track: 22
        year: 0
        album: "Splitted by Mp3Splt v. 2.1"
        artist: "From 003.30 To 003.40"
        comment: "http://mp3splt.sf.net"
        genre: ""
        title: "01 Soul Dream.mp3"

highlevel:
    ballroom:
        all:
            ChaChaCha: 0.0521970652044
            Jive: 0.0733346268535
            Quickstep: 0.0915078222752
            Rumba-American: 0.0876496955752
            Rumba-International: 0.304622143507
            Rumba-Misc: 0.141073703766
            Samba: 0.0754518061876
            Tango: 0.0104773901403
            VienneseWaltz: 0.113432914019
            Waltz: 0.0502528361976
        probability: 0.304622143507
        value: "Rumba-International"
    culture:
        all:
            non_western: 0.170863747597
            western: 0.829136252403
        probability: 0.829136252403
        value: "western"
    gender:
        all:
            female: 0.87781560421
            male: 0.12218439579
        probability: 0.87781560421
        value: "female"
    genre_dortmund:
        all:
            alternative: 0.0276626981795
            blues: 0.0285590011626
            electronic: 0.040141440928
            folkcountry: 0.0303979013115
            funksoulrnb: 0.123930208385
            jazz: 0.557442784309
            pop: 0.100318230689
            raphiphop: 0.00341172632761
            rock: 0.0881360322237
        probability: 0.557442784309
        value: "jazz"
    genre_electronica:
        all:
            ambient: 0.797174632549
            dnb: 0.0499836653471
            house: 0.00503778038546
            techno: 0.0020963109564
            trance: 0.145707592368
        probability: 0.797174632549
        value: "ambient"
    genre_rosamerica:
        all:
            cla: 0.0282727330923
            dan: 0.130729556084
            hip: 0.0158429834992
            jaz: 0.269030064344
            pop: 0.368851751089
            rhy: 0.133781135082
            roc: 0.0502960085869
            spe: 0.00319577031769
        probability: 0.368851751089
        value: "pop"
    genre_tzanetakis:
        all:
            blu: 0.00618395861238
            cla: 0.0157272703946
            cou: 0.0437757000327
            dis: 0.0697175338864
            hip: 0.00962777342647
            jaz: 0.530550897121
            met: 0.00366684119217
            pop: 0.228618755937
            reg: 0.0250527299941
            roc: 0.0670785605907
        probability: 0.530550897121
        value: "jaz"
    live_studio:
        all:
            live: 0.713149666786
            studio: 0.286850303411
        probability: 0.713149666786
        value: "live"
    mood:
        all:
            Cluster1: 0.225663363934
            Cluster2: 0.232117846608
            Cluster3: 0.317743122578
            Cluster4: 0.121155299246
            Cluster5: 0.103320367634
        probability: 0.317743122578
        value: "Cluster3"
    mood_acoustic:
        all:
            acoustic: 0.389779746532
            not_acoustic: 0.610220253468
        probability: 0.610220253468
        value: "not_acoustic"
    mood_aggressive:
        all:
            aggressive: 0.0107777444646
            not_aggressive: 0.989222228527
        probability: 0.989222228527
        value: "not_aggressive"
    mood_electronic:
        all:
            electronic: 0.283718645573
            not_electronic: 0.716281354427
        probability: 0.716281354427
        value: "not_electronic"
    mood_happy:
        all:
            happy: 0.175816684961
            not_happy: 0.824183344841
        probability: 0.824183344841
        value: "not_happy"
    mood_party:
        all:
            not_party: 0.899112403393
            party: 0.100887581706
        probability: 0.899112403393
        value: "not_party"
    mood_relaxed:
        all:
            not_relaxed: 0.239347934723
            relaxed: 0.760652065277
        probability: 0.760652065277
        value: "relaxed"
    mood_sad:
        all:
            not_sad: 0.203268319368
            sad: 0.796731650829
        probability: 0.796731650829
        value: "sad"
    rhythm:
        all:
            fast: 0.231426879764
            medium: 0.753376185894
            slow: 0.015196912922
        probability: 0.753376185894
        value: "medium"
    speech_music:
        all:
            music: 0.999854683876
            speech: 0.000145339596202
        probability: 0.999854683876
        value: "music"
    timbre:
        all:
            bright: 0.958667397499
            dark: 0.0413326136768
        probability: 0.958667397499
        value: "bright"
    voice_instrumental:
        all:
            instrumental: 0.697084665298
            voice: 0.302915334702
        probability: 0.697084665298
        value: "instrumental"

lowlevel:
    average_loudness: 0.968155026436
    barkbands_kurtosis:
        dmean: 1.52552700043
        dmean2: 2.46673250198
        dvar: 4.50528764725
        dvar2: 10.9020709991
        max: 13.856710434
        mean: 1.33739733696
        min: -1.7217758894
        var: 8.73613548279
    barkbands_skewness:
        dmean: 0.482211053371
        dmean2: 0.759993195534
        dvar: 0.293444395065
        dvar2: 0.594371855259
        max: 3.39644122124
        mean: 0.906801640987
        min: -1.19814264774
        var: 0.815878272057
    barkbands_spread:
        dmean: 4.29805898666
        dmean2: 6.39408922195
        dvar: 18.5101718903
        dvar2: 38.5918960571
        max: 51.8155593872
        mean: 20.0074596405
        min: 4.40919828415
        var: 48.3929176331
    dissonance:
        dmean: 0.0386402271688
        dmean2: 0.0625581294298
        dvar: 0.00111981551163
        dvar2: 0.00270818313584
        max: 0.500000178814
        mean: 0.416077554226
        min: 0.172372370958
        var: 0.00214477651753
    hfc:
        dmean: 1.65901792049
        dmean2: 2.55923342705
        dvar: 5.43677949905
        dvar2: 13.9244499207
        max: 19.11602211
        mean: 4.39206171036
        min: 4.28156317867e-06
        var: 7.7217335701
    pitch:
        dmean: 159.301635742
        dmean2: 297.058807373
        dvar: 150563.1875
        dvar2: 385267.15625
        max: 3392.30761719
        mean: 366.113464355
        min: 84
        var: 185051.0625
    pitch_instantaneous_confidence:
        dmean: 0.112727127969
        dmean2: 0.164237812161
        dvar: 0.0115781854838
        dvar2: 0.0203766617924
        max: 0.915155887604
        mean: 0.552021801472
        min: 0.150797426701
        var: 0.0261116921902
    pitch_salience:
        dmean: 0.0783039033413
        dmean2: 0.119771227241
        dvar: 0.00577520346269
        dvar2: 0.0115031944588
        max: 0.976334989071
        mean: 0.509580314159
        min: 0.268436700106
        var: 0.013142186217
    silence_rate_20dB:
        dmean: 0
        dmean2: 0
        dvar: 0
        dvar2: 0
        max: 1
        mean: 1
        min: 1
        var: 0
    silence_rate_30dB:
        dmean: 0
        dmean2: 0
        dvar: 0
        dvar2: 0
        max: 1
        mean: 1
        min: 1
        var: 0
    silence_rate_60dB:
        dmean: 0.153132244945
        dmean2: 0.304651170969
        dvar: 0.129682436585
        dvar2: 0.258350163698
        max: 1
        mean: 0.254629641771
        min: 0
        var: 0.189792513847
    spectral_centroid:
        dmean: 183.404556274
        dmean2: 277.396209717
        dvar: 41586.1953125
        dvar2: 82378.3125
        max: 2169.56787109
        mean: 931.472229004
        min: 304.160675049
        var: 120966.585938
    spectral_complexity:
        dmean: 2.56744194031
        dmean2: 4.16317033768
        dvar: 16.5431213379
        dvar2: 39.507232666
        max: 34
        mean: 8.56148529053
        min: 0
        var: 19.3692207336
    spectral_crest:
        dmean: 2.28923130035
        dmean2: 3.54078316689
        dvar: 4.91708040237
        dvar2: 10.8765354156
        max: 22.6777973175
        mean: 10.1304864883
        min: 2.81625652313
        var: 11.5863418579
    spectral_decrease:
        dmean: 4.02784555709e-10
        dmean2: 6.49739539949e-10
        dvar: 3.0032955733e-19
        dvar2: 7.79996524353e-19
        max: -4.8931759286e-16
        mean: -1.18219967149e-09
        min: -5.26251842103e-09
        var: 4.537548881e-19
    spectral_energy:
        dmean: 0.00165453902446
        dmean2: 0.00265455269255
        dvar: 5.03658975504e-06
        dvar2: 1.3129425497e-05
        max: 0.0215958207846
        mean: 0.00486026657745
        min: 2.23515161935e-09
        var: 7.49705122871e-06
    spectral_energyband_high:
        dmean: 8.0669473391e-05
        dmean2: 0.000122729979921
        dvar: 1.34751561021e-08
        dvar2: 3.30033529394e-08
        max: 0.0009375133086
        mean: 0.000135277048685
        min: 1.78129608286e-10
        var: 1.98261727036e-08
    spectral_energyband_low:
        dmean: 0.000123041347251
        dmean2: 0.000202930459636
        dvar: 4.8746795045e-08
        dvar2: 1.27726963228e-07
        max: 0.00178731186315
        mean: 0.000322011881508
        min: 4.04828497114e-11
        var: 7.90454564026e-08
    spectral_energyband_middle_high:
        dmean: 0.000640564656351
        dmean2: 0.00102327670902
        dvar: 6.23043661108e-07
        dvar2: 1.42801889069e-06
        max: 0.00685408804566
        mean: 0.00174256926402
        min: 1.72177427871e-09
        var: 1.16478906875e-06
    spectral_energyband_middle_low:
        dmean: 0.00113008252811
        dmean2: 0.00187043705955
        dvar: 2.94539199786e-06
        dvar2: 7.54119400881e-06
        max: 0.0158527363092
        mean: 0.00266034854576
        min: 2.87995932657e-10
        var: 4.47001320936e-06
    spectral_flatness_db:
        dmean: 0.0225209910423
        dmean2: 0.0338411964476
        dvar: 0.000485501688672
        dvar2: 0.000895326258615
        max: 0.271107256413
        mean: 0.185849264264
        min: 0.0530443638563
        var: 0.00106034683995
    spectral_flux:
        dmean: 0.014243892394
        dmean2: 0.022054232657
        dvar: 0.00019914774748
        dvar2: 0.000450615916634
        max: 0.103215917945
        mean: 0.03254782781
        min: 4.72773899673e-05
        var: 0.000340529775713
    spectral_kurtosis:
        dmean: 1.25239920616
        dmean2: 1.98841822147
        dvar: 2.08659768105
        dvar2: 4.77081871033
        max: 14.6425247192
        mean: 3.68622088432
        min: 0.0466461181641
        var: 3.71911048889
    spectral_rms:
        dmean: 0.00035352044506
        dmean2: 0.000546700903215
        dvar: 1.67874190993e-07
        dvar2: 4.1230148895e-07
        max: 0.00459010852501
        mean: 0.00210198271088
        min: 1.47669754824e-06
        var: 3.23397415514e-07
    spectral_rolloff:
        dmean: 399.666137695
        dmean2: 699.502380371
        dvar: 335774.6875
        dvar2: 736548.5625
        max: 4349.70703125
        mean: 1449.96984863
        min: 258.3984375
        var: 530124.125
    spectral_skewness:
        dmean: 0.21253015101
        dmean2: 0.32867205143
        dvar: 0.0517644882202
        dvar2: 0.114830628037
        max: 3.2842810154
        mean: 1.70828652382
        min: 0.901138782501
        var: 0.114862643182
    spectral_spread:
        dmean: 920276.1875
        dmean2: 1322563.25
        dvar: 3.25617555866e+12
        dvar2: 4.44885421261e+12
        max: 33269002
        mean: 5981181.5
        min: 3154648.5
        var: 4.21591095706e+12
    spectral_strongpeak:
        dmean: 0.511485278606
        dmean2: 0.877905070782
        dvar: 0.514449834824
        dvar2: 0.967134833336
        max: 4.34237527847
        mean: 1.07847106457
        min: 2.35056213569e-05
        var: 0.873893082142
    zerocrossingrate:
        dmean: 0.00745026348159
        dmean2: 0.00895182322711
        dvar: 3.77668038709e-05
        dvar2: 5.96543541178e-05
        max: 0.1005859375
        mean: 0.0586821176112
        min: 0.01611328125
        var: 0.000231350029935
    barkbands:
        dmean: [1.34386993977e-07, 2.66407332674e-05, 0.00010673662473, 0.000200472844881, 0.000585986475926, 0.000302435597405, 0.000144943449413, 8.19769484224e-05, 0.000107477841084, 8.11798017821e-05, 0.000128356725327, 0.000107261432277, 0.000208365425351, 9.22506733332e-05, 7.33124034014e-05, 4.34762769146e-05, 4.18376985181e-05, 6.49260255159e-05, 6.52376402286e-05, 7.12931214366e-05, 3.44264626619e-05, 8.83642769622e-06, 5.28263171873e-06, 2.05271476261e-06, 1.62092499068e-06, 6.96373803066e-08, 1.72787095742e-09]
        dmean2: [1.39606058269e-07, 4.25848447776e-05, 0.000180284361704, 0.000338766112691, 0.000964326667599, 0.000534302555025, 0.000238768698182, 0.000132943489007, 0.000163802571478, 0.000132978835609, 0.00020322331693, 0.000162920259754, 0.000307761365548, 0.000150850028149, 0.00011662322504, 7.27865772205e-05, 6.74321199767e-05, 0.000104379265395, 0.000103368103737, 0.000111890316475, 5.18211891176e-05, 1.35801919896e-05, 8.30633871374e-06, 3.25389578393e-06, 2.5413826279e-06, 1.02400854018e-07, 2.04254879677e-09]
        dvar: [6.85116546828e-12, 1.62179214502e-09, 4.17300114464e-08, 1.04424756842e-07, 8.92013588327e-07, 3.8678408032e-07, 5.40869891097e-08, 3.09522292241e-08, 5.51231345014e-08, 3.37560877028e-08, 7.7865003334e-08, 4.46405010734e-08, 1.49937051219e-07, 9.40910567238e-08, 7.12623844379e-08, 1.65256448525e-08, 6.06306915785e-09, 1.3288892653e-08, 1.30393864595e-08, 1.27035333364e-08, 2.71759947879e-09, 2.13806153337e-10, 6.7946044624e-11, 1.11189425722e-11, 8.80833947448e-12, 1.78059217354e-14, 7.63877922877e-16]
        dvar2: [6.86240127223e-12, 3.77700581922e-09, 1.08355450834e-07, 2.51427138664e-07, 2.24648556468e-06, 1.05084825464e-06, 1.29935429527e-07, 7.01992632912e-08, 1.01816624465e-07, 8.00979478299e-08, 1.7890594961e-07, 9.662353051e-08, 2.58706194245e-07, 1.67723783306e-07, 1.46981790294e-07, 4.43178969078e-08, 1.41231266682e-08, 3.39464101273e-08, 3.23481721409e-08, 3.25005196089e-08, 6.28654861501e-09, 5.12625997207e-10, 1.68805497358e-10, 2.67082710115e-11, 2.278293873e-11, 4.26606111006e-14, 7.6734011711e-16]
        max: [5.43622554687e-05, 0.000525524024852, 0.00175224104896, 0.00263672345318, 0.00962190143764, 0.00356492004357, 0.00318089243956, 0.0025592953898, 0.0031789697241, 0.00176560389809, 0.00293067004532, 0.00187485653441, 0.00243642367423, 0.00259295897558, 0.0037679716479, 0.00123380520381, 0.000600188155659, 0.000919224810787, 0.00108231161721, 0.000784724659752, 0.000473135558423, 0.000123967940453, 5.42237467016e-05, 2.42869573412e-05, 1.92126262846e-05, 1.06369930108e-06, 5.74759837946e-07]
        mean: [1.35136417612e-07, 9.02977772057e-05, 0.000231640515267, 0.000394060887629, 0.00114060542546, 0.000335540185915, 0.000304398650769, 0.000172097104951, 0.000265852664597, 0.000197265631869, 0.000300728919683, 0.00015795751824, 0.000477036344819, 0.000197654255317, 0.000118145100714, 4.13071393268e-05, 5.31072291778e-05, 9.96627641143e-05, 0.000102380639873, 0.000101339872344, 5.20956564287e-05, 1.32874674819e-05, 7.74207455834e-06, 3.7109407458e-06, 2.12604390981e-06, 9.33499251232e-08, 1.63767477357e-09]
        min: [6.81590092526e-13, 1.59342504469e-11, 2.38686102133e-11, 2.98145050315e-11, 8.44404129952e-11, 8.74685254781e-11, 5.79974471226e-11, 1.35888973685e-11, 1.04483366403e-11, 7.17624223934e-11, 1.98163527254e-10, 3.47463668948e-10, 4.52280463081e-10, 3.03764513543e-10, 1.20292581451e-10, 7.95375570961e-11, 5.84544843085e-11, 6.01637004105e-11, 1.66271822699e-11, 3.81520891268e-11, 3.42901748662e-11, 3.65435910699e-11, 1.74195120134e-11, 1.86738853547e-11, 1.75280137626e-11, 1.67406071644e-11, 7.41198348899e-14]
        var: [6.83883505381e-12, 4.99727548231e-09, 8.28234121286e-08, 2.23589822212e-07, 1.5154829498e-06, 3.33654327278e-07, 1.29026986428e-07, 6.18645543682e-08, 1.82957094808e-07, 1.09498770939e-07, 2.28263616009e-07, 8.15708105506e-08, 4.59285615761e-07, 3.22025073274e-07, 2.07530362673e-07, 1.25496626424e-08, 6.61560584092e-09, 1.3930122833e-08, 1.68304250536e-08, 1.56600954426e-08, 4.05154576555e-09, 2.6163599065e-10, 7.71010061351e-11, 1.42853749663e-11, 8.66988945913e-12, 2.04665572548e-14, 7.64202654133e-16]
    mfcc:
        mean: [-729.694396973, 120.67817688, -12.2823972702, 40.3572311401, -15.5401535034, -5.90754938126, 5.41859769821, -3.05635404587, -15.3718328476, -9.9923582077, -4.4856300354, -3.50701808929, -9.08547210693]
        cov: [[2601.75952148, -30.6644802094, -134.263305664, -5.49404287338, -153.156417847, -103.443756104, -142.587387085, -54.7762413025, 135.121810913, 51.0536651611, -44.0346412659, -39.4760665894, 27.7654056549], [-30.6644802094, 510.107208252, 53.0603294373, 1.12380599976, -57.1873855591, -39.6938552856, 81.4567260742, 99.3506851196, 11.0240354538, -50.4565505981, -76.468460083, -0.64697599411, 43.3308143616], [-134.263305664, 53.0603294373, 389.093536377, 72.0412063599, 48.0601196289, -55.839805603, 51.5469436646, 110.740905762, 0.465003162622, -24.5150032043, -22.73412323, -12.8380908966, -18.8337268829], [-5.49404287338, 1.12380599976, 72.0412063599, 209.377609253, 123.992378235, 45.1701889038, -4.29806375504, -34.4201583862, -20.8347454071, 1.49430084229, 7.03838586807, -3.29020690918, -35.6023139954], [-153.156417847, -57.1873855591, 48.0601196289, 123.992378235, 231.20930481, 136.62097168, 13.7397947311, -67.1577148438, -47.1398620605, 5.54916667938, 14.3092403412, -8.92445755005, -26.7981204987], [-103.443756104, -39.6938552856, -55.839805603, 45.1701889038, 136.62097168, 202.036697388, 75.9652328491, -84.6620101929, -91.2283096313, -22.5026321411, 40.3281822205, 53.374420166, 7.20188570023], [-142.587387085, 81.4567260742, 51.5469436646, -4.29806375504, 13.7397947311, 75.9652328491, 209.458557129, 88.4838790894, -103.838615417, -107.039901733, -0.955303311348, 111.025672913, 61.9581069946], [-54.7762413025, 99.3506851196, 110.740905762, -34.4201583862, -67.1577148438, -84.6620101929, 88.4838790894, 205.307159424, 51.0948371887, -70.2840118408, -83.2271499634, -6.34061288834, 79.6860198975], [135.121810913, 11.0240354538, 0.465003162622, -20.8347454071, -47.1398620605, -91.2283096313, -103.838615417, 51.0948371887, 173.743652344, 93.3149490356, -39.5877304077, -105.025283813, -6.76561355591], [51.0536651611, -50.4565505981, -24.5150032043, 1.49430084229, 5.54916667938, -22.5026321411, -107.039901733, -70.2840118408, 93.3149490356, 187.30430603, 95.3792572021, -53.4067993164, -102.829162598], [-44.0346412659, -76.468460083, -22.73412323, 7.03838586807, 14.3092403412, 40.3281822205, -0.955303311348, -83.2271499634, -39.5877304077, 95.3792572021, 173.279434204, 92.3456268311, -78.4015426636], [-39.4760665894, -0.64697599411, -12.8380908966, -3.29020690918, -8.92445755005, 53.374420166, 111.025672913, -6.34061288834, -105.025283813, -53.4067993164, 92.3456268311, 218.511413574, 52.4472618103], [27.7654056549, 43.3308143616, -18.8337268829, -35.6023139954, -26.7981204987, 7.20188570023, 61.9581069946, 79.6860198975, -6.76561355591, -102.829162598, -78.4015426636, 52.4472618103, 160.018112183]]
        icov: [[0.000448880338809, 5.35378421773e-05, 9.14377324079e-06, -0.000259856198682, 0.00044609955512, 3.25101136696e-05, -0.000134652800625, 0.000577199738473, -0.000609522452578, 0.000120736578538, 0.000208743906114, -0.000152652428369, -0.000107052765088], [5.35378421773e-05, 0.00249094259925, -7.84514049883e-05, -0.000613384880126, 0.000906157132704, 0.000232531281654, -0.00160166993737, 0.00014169800852, 2.16299977183e-05, -0.00132507551461, 0.00213312683627, -0.000463505304651, 0.000207833742024], [9.14377324079e-06, -7.84514049883e-05, 0.0042886370793, -0.000787183351349, -0.00221990165301, 0.00214479281567, -6.7964560003e-05, -0.00331954634748, 0.00157820386812, -0.00041556294309, -0.000175543813384, -1.02550275187e-05, 0.00127740576863], [-0.000259856198682, -0.000613384880126, -0.000787183351349, 0.00821896642447, -0.00530475983396, 0.00145811284892, 0.000276753300568, 0.000972813635599, -0.00139703624882, 0.00206975429319, -8.9658124125e-06, -0.00132272089832, 0.00210167490877], [0.00044609955512, 0.000906157132704, -0.00221990165301, -0.00530475983396, 0.0139833865687, -0.0102942576632, 0.00312790810131, -0.00134959584102, 0.00205851928331, -0.00288619054481, 0.00294454279356, 0.000355248019332, 6.03512344242e-05], [3.25101136696e-05, 0.000232531281654, 0.00214479281567, 0.00145811284892, -0.0102942576632, 0.0215822402388, -0.0143618062139, 0.0126124545932, -0.00321746664122, 0.00153349072207, -0.00380526622757, 0.00380257237703, -0.00516835972667], [-0.000134652800625, -0.00160166993737, -6.7964560003e-05, 0.000276753300568, 0.00312790810131, -0.0143618062139, 0.0271161161363, -0.0207558963448, 0.0135839367285, -0.00192902225535, 0.00182674836833, -0.00641135592014, 0.0038488204591], [0.000577199738473, 0.00014169800852, -0.00331954634748, 0.000972813635599, -0.00134959584102, 0.0126124545932, -0.0207558963448, 0.029234552756, -0.018075838685, 0.00860420521349, -0.00267461896874, 0.00404839171097, -0.00550058018416], [-0.000609522452578, 2.16299977183e-05, 0.00157820386812, -0.00139703624882, 0.00205851928331, -0.00321746664122, 0.0135839367285, -0.018075838685, 0.0331016667187, -0.0229006670415, 0.00995057169348, 0.000574360892642, -0.00442338548601], [0.000120736578538, -0.00132507551461, -0.00041556294309, 0.00206975429319, -0.00288619054481, 0.00153349072207, -0.00192902225535, 0.00860420521349, -0.0229006670415, 0.0342929698527, -0.0217798277736, 0.00612945435569, 0.00504790246487], [0.000208743906114, 0.00213312683627, -0.000175543813384, -8.9658124125e-06, 0.00294454279356, -0.00380526622757, 0.00182674836833, -0.00267461896874, 0.00995057169348, -0.0217798277736, 0.0331876166165, -0.0165951978415, 0.00877690128982], [-0.000152652428369, -0.000463505304651, -1.02550275187e-05, -0.00132272089832, 0.000355248019332, 0.00380257237703, -0.00641135592014, 0.00404839171097, 0.000574360892642, 0.00612945435569, -0.0165951978415, 0.0181529279798, -0.00990625936538], [-0.000107052765088, 0.000207833742024, 0.00127740576863, 0.00210167490877, 6.03512344242e-05, -0.00516835972667, 0.0038488204591, -0.00550058018416, -0.00442338548601, 0.00504790246487, 0.00877690128982, -0.00990625936538, 0.0189251452684]]
    spectral_contrast:
        mean: [-3.19718083119e-08, 7.40736396665e-08, -3.70990505871e-07, 4.81366271288e-07, 1.14092415515e-08, 3.93895419393e-07, -2.36586188862e-07, -1.25003805351e-06, -2.73752647217e-07, -3.78003733204e-06, 8.65166271069e-07, 1.96944256459e-06]
        var: [0.000224344636081, 0.000558760890272, 0.0020394269377, 0.00596227822825, 0.00693857157603, 0.00885308720171, 0.0526596978307, 0.102959804237, 0.180266305804, 0.218514308333, 0.496756106615, 1.72070527077]

rhythm:
    beats_loudness:
        dmean: 0.0025998307392
        dmean2: 0.00432042079046
        dvar: 4.19680281993e-06
        dvar2: 1.47369237311e-05
        max: 0.00965945888311
        mean: 0.00443318719044
        min: 0.0011145361932
        var: 4.46731746706e-06
    beats_loudness_bass:
        dmean: 0.13621288538
        dmean2: 0.247827500105
        dvar: 0.00493512675166
        dvar2: 0.0245941858739
        max: 0.284405827522
        mean: 0.130931392312
        min: 0.0120795238763
        var: 0.0074249682948
    bpm: 106.634803772
    bpm_confidence: 0
    first_peak_bpm: 106
    first_peak_spread: 0
    first_peak_weight: 0.9375
    onset_rate: 5.19745445251
    second_peak_bpm: 64
    second_peak_spread: 0
    second_peak_weight: 0.0625
    beats_position: [0.0892493277788, 0.653846263885, 1.2184432745, 1.78304028511, 2.34763717651, 2.91223430634, 3.47683095932, 4.0414276123, 4.60602474213, 5.17062139511, 6.11208581924, 6.67261457443, 7.23314332962, 7.79367256165, 8.35420131683, 8.91473007202, 9.47525882721]
    bpm_estimates: [106.257286072, 106.164772034, 106.472221375, 106.269889832, 106.337051392, 106.398231506, 106.174156189, 106.130828857, 106.230964661, 107.18888092, 106.879348755, 106.812141418, 108.392303467, 107.054908752, 106.687820435, 106.781570435, 106.559082031]
    bpm_intervals: [0.564596951008, 0.564597010612, 0.564597010612, 0.564596891403, 0.564597129822, 0.564596652985, 0.564596652985, 0.564597129822, 0.564596652985, 0.941464424133, 0.560528755188, 0.560528755188, 0.560529232025, 0.560528755188, 0.560528755188, 0.560528755188]
    onset_times: [0.0580498874187, 0.174149662256, 0.394739240408, 0.476009070873, 0.650158703327, 0.777868509293, 0.96362811327, 1.25387752056, 1.35836732388, 1.62539684772, 1.77632653713, 1.91564631462, 2.10140585899, 2.19428563118, 2.38004541397, 2.47292518616, 2.65868473053, 2.76317453384, 2.91410422325, 3.20435380936, 3.61070299149, 3.88934230804, 4.07510185242, 4.19120168686, 4.35374164581, 4.73687076569, 5.02712011337, 5.18966007233, 5.34058952332, 5.47990942001, 5.60761928558, 5.80498886108, 5.88625860214, 6.1648979187, 6.33904743195, 6.64090681076, 7.01242637634, 7.30267572403, 7.45360565186, 7.59292507172, 7.75546503067, 7.87156438828, 8.04571437836, 8.15020370483, 8.44045352936, 8.59138298035, 8.74231338501, 8.98612213135, 9.17188167572, 9.26476192474, 9.55501174927, 9.71755123138]
    rubato_start: []
    rubato_stop: []
    perceptual_tempo: "unknown"

sfx:
    inharmonicity:
        dmean: 0.0304629150778
        dmean2: 0.0537903867662
        dvar: 0.00240206019953
        dvar2: 0.00664443522692
        max: 0.397512048483
        mean: 0.0295543894172
        min: 2.28394910664e-05
        var: 0.00201651547104
    oddtoevenharmonicenergyratio:
        dmean: 10.9286565781
        dmean2: 20.9930477142
        dvar: 3432.63696289
        dvar2: 9968.97949219
        max: 764.765197754
        mean: 7.33747959137
        min: 0.000296991609503
        var: 1956.31408691
    pitch_after_max_to_before_max_energy_ratio: 2.67874932289
    pitch_centroid: 216.09211731
    pitch_max_to_total: 0.271461725235
    pitch_min_to_total: 0.28770300746
    tristimulus:
        dmean: [0.205144450068, 0.21531175077, 0.0678606405854]
        dmean2: [0.366796761751, 0.383566945791, 0.119091354311]
        dvar: [0.047500655055, 0.0536192916334, 0.00595157267526]
        dvar2: [0.115901842713, 0.131529897451, 0.0154351256788]
        max: [0.979604780674, 0.985155522823, 0.5949036479]
        mean: [0.395602911711, 0.500769674778, 0.0838616117835]
        min: [0.00139921170194, 0, 0]
        var: [0.0565165244043, 0.0634765252471, 0.0074161705561]

tonal:
    chords_changes_rate: 0.0416666679084
    chords_number_rate: 0.0138888889924
    chords_strength:
        dmean: 0.0104481177405
        dmean2: 0.00919170118868
        dvar: 5.10355057486e-05
        dvar2: 6.52034577797e-05
        max: 0.655380785465
        mean: 0.469024986029
        min: 0.22001516819
        var: 0.00958706345409
    key_strength: 0.654799342155
    tuning_diatonic_strength: 0.527098298073
    tuning_equal_tempered_deviation: 0.0641360059381
    tuning_frequency: 443.316436768
    tuning_nontempered_energy_ratio: 0.65634483099
    hpcp:
        dmean: [0.0631017163396, 0.070841550827, 0.100977241993, 0.131927192211, 0.122909724712, 0.0583155341446, 0.0465311706066, 0.046963583678, 0.0884220451117, 0.13694639504, 0.12059160322, 0.0448549129069, 0.0220840536058, 0.0276089850813, 0.0386278964579, 0.0402773357928, 0.0382482893765, 0.0834763795137, 0.152749985456, 0.1377954036, 0.0715161636472, 0.0782461389899, 0.100865498185, 0.148612782359, 0.163283213973, 0.157802268863, 0.0614264830947, 0.027112705633, 0.0305888019502, 0.0859486162663, 0.129307642579, 0.105648495257, 0.175296902657, 0.185816004872, 0.151307821274, 0.0727215334773]
        dmean2: [0.117307454348, 0.130347579718, 0.180474758148, 0.229089289904, 0.213770747185, 0.105189107358, 0.0859645977616, 0.0859040692449, 0.150874018669, 0.22358250618, 0.193345278502, 0.0770854353905, 0.0392835736275, 0.049325786531, 0.0676746740937, 0.0689583420753, 0.0692449510098, 0.142595097423, 0.253456354141, 0.227353155613, 0.129995942116, 0.1355060637, 0.176161304116, 0.258163005114, 0.26342061162, 0.264483362436, 0.111990168691, 0.0502109825611, 0.0567997805774, 0.152522280812, 0.218909934163, 0.18273973465, 0.301786541939, 0.318248093128, 0.243244886398, 0.134664416313]
        dvar: [0.0169356875122, 0.0260745268315, 0.0294587481767, 0.0451206304133, 0.0332483612001, 0.00756938522682, 0.0103951087222, 0.0106552969664, 0.0141419246793, 0.0423487238586, 0.0305461660028, 0.00848147924989, 0.0012461374281, 0.00219331076369, 0.00378213450313, 0.00408465461805, 0.00853097625077, 0.0149950180203, 0.0433192439377, 0.0401389822364, 0.020092414692, 0.0208110325038, 0.0272111278027, 0.03568181023, 0.0581139028072, 0.0405919291079, 0.00879244506359, 0.00250344187953, 0.00326862512156, 0.0239259935915, 0.0477568991482, 0.0256062354892, 0.0540563613176, 0.0655947327614, 0.036438934505, 0.0186580885202]
        dvar2: [0.0484393127263, 0.072218388319, 0.0697519034147, 0.0958778336644, 0.0737861096859, 0.0199700184166, 0.0291216745973, 0.03085844405, 0.0359980501235, 0.0970532819629, 0.0628655701876, 0.0228408370167, 0.00341010815464, 0.00611162930727, 0.0101168109104, 0.0101729426533, 0.0244002081454, 0.0381282158196, 0.0849918723106, 0.0868803188205, 0.054874766618, 0.0414239950478, 0.058627307415, 0.0901779457927, 0.0970212072134, 0.0880148932338, 0.0248235892504, 0.00703615695238, 0.00905814766884, 0.0626592487097, 0.114545941353, 0.0577572211623, 0.152387648821, 0.137788653374, 0.0887677147985, 0.0526025854051]
        max: [1, 1, 1, 1, 1, 0.551250398159, 0.937517404556, 1, 0.769274950027, 1, 1, 0.836421966553, 0.236056759953, 0.302995383739, 0.388834506273, 0.640833437443, 1, 0.811331510544, 1, 1, 0.985312759876, 1, 1, 1, 1, 1, 0.487548023462, 0.313739001751, 0.446233302355, 1, 1, 1, 1, 1, 1, 1]
        mean: [0.0455650053918, 0.054887637496, 0.1530777812, 0.259223222733, 0.172535911202, 0.0494049489498, 0.0355411060154, 0.0360148437321, 0.160516485572, 0.322920918465, 0.211380943656, 0.0410691276193, 0.0190951954573, 0.0222536493093, 0.0397189669311, 0.0521922037005, 0.041461084038, 0.129938349128, 0.265400767326, 0.185546755791, 0.0620177127421, 0.124749742448, 0.154695615172, 0.260234922171, 0.394535243511, 0.229949787259, 0.0511068813503, 0.0232029426843, 0.0247817132622, 0.102405279875, 0.175796255469, 0.135586112738, 0.233877256513, 0.379550546408, 0.222740963101, 0.0547139234841]
        min: [0.000811382313259, 0.000929621513933, 0.00132282124832, 0.00172373233363, 0.000975092581939, 0.000444225850515, 0.000334130047122, 0.00022379757138, 0.00279039260931, 0.00325233279727, 0.00284606800415, 0.000531024648808, 0.000770267040934, 0.0011731722625, 0.00102496764157, 0.0012427814072, 0.0014652214013, 0.00125620106701, 0.00116031582002, 0.000826669973321, 0.000260613305727, 0.000254728423897, 0.000528781034518, 0.00113395776134, 0.00147545384243, 0.000917111989111, 2.43759841396e-05, 0.00015741866082, 0.00103499961551, 0.00379263912328, 0.00354196247645, 0.00230083474889, 0.00322368438356, 0.00327971647494, 0.00449005095288, 0.000845313770697]
        var: [0.010561873205, 0.0178621914238, 0.0533503107727, 0.117735020816, 0.0543955639005, 0.00676125567406, 0.00718759419397, 0.00713229971007, 0.0334446020424, 0.113806150854, 0.0602688379586, 0.00752631481737, 0.00107730948366, 0.00162153260317, 0.00390149559826, 0.00719333346933, 0.00701741594821, 0.0218964908272, 0.084448158741, 0.0547272413969, 0.0146628860384, 0.0671442449093, 0.0785509943962, 0.0722143948078, 0.166261211038, 0.0689478218555, 0.00658974749967, 0.0017248520162, 0.0022668086458, 0.0245714206249, 0.0728069171309, 0.0395955964923, 0.0632371455431, 0.141607522964, 0.0616061352193, 0.0122996633872]
    chords_histogram: [11.1111106873, 0, 1.38888883591, 0, 0, 0, 0, 0.462962955236, 0.462962955236, 0, 0, 0, 0, 0, 0, 0, 0.925925910473, 0, 0, 0, 0, 0.925925910473, 0, 84.7222213745]
    thpcp: [1, 0.582837104797, 0.129536926746, 0.0588108226657, 0.0628124177456, 0.25955927372, 0.445578068495, 0.343660324812, 0.592791795731, 0.962019383907, 0.564565420151, 0.138679429889, 0.115490332246, 0.1391197294, 0.38799521327, 0.657034397125, 0.437314331532, 0.12522315979, 0.0900834724307, 0.0912842229009, 0.406849533319, 0.81848436594, 0.535772025585, 0.104094952345, 0.0483992137015, 0.0564047172666, 0.100672796369, 0.132287815213, 0.105088420212, 0.329345345497, 0.67269217968, 0.47029197216, 0.157191812992, 0.316194176674, 0.392095804214, 0.659598648548]
    chords_key: "F"
    chords_scale: "minor"
    key_key: "G#"
    key_scale: "major"
    chords_progression: ["Fm", "Fm", "Fm", "Fm", "Fm", "Fm", "Fm", "Fm", "Fm", "Fm", "Fm", "Fm", "Fm", "Fm", "Fm", "Fm", "Fm", "Fm", "Fm", "Fm", "Fm", "Fm", "Fm", "G#", "G#", "G#", "G#", "G#", "Fm", "Fm", "Fm", "Fm", "Fm", "Fm", "Fm", "Fm", "Fm", "Fm", "Fm", "Fm", "Fm", "Fm", "Fm", "Fm", "Fm", "Fm", "Fm", "Fm", "Fm", "Fm", "Fm", "Fm", "Fm", "Fm", "Fm", "Fm", "Fm", "Fm", "Fm", "Fm", "Fm", "Fm", "Fm", "Fm", "Fm", "Fm", "Fm", "Fm", "Fm", "Fm", "Fm", "Fm", "Fm", "Fm", "Fm", "Fm", "Fm", "Fm", "Fm", "Fm", "Fm", "Fm", "Fm", "Fm", "Fm", "Fm", "Fm", "Fm", "Fm", "Fm", "Fm", "Fm", "Fm", "Fm", "Fm", "Fm", "Fm", "Fm", "Fm", "Fm", "Fm", "Fm", "Fm", "Fm", "Fm", "Fm", "Fm", "Fm", "Fm", "E", "E", "A#m", "A#m", "Am", "C", "D#", "D#", "D#", "G#", "G#", "G#", "G#", "G#", "G#", "G#", "G#", "G#", "G#", "G#", "G#", "G#", "G#", "G#", "G#", "G#", "G#", "G#", "Fm", "Fm", "Fm", "Fm", "Fm", "Fm", "Fm", "Fm", "Fm", "Fm", "Fm", "Fm", "Fm", "Fm", "Fm", "Fm", "Fm", "Fm", "Fm", "Fm", "Fm", "Fm", "Fm", "Fm", "Fm", "Fm", "Fm", "Fm", "Fm", "Fm", "Fm", "Fm", "Fm", "Fm", "Fm", "Fm", "Fm", "Fm", "Fm", "Fm", "Fm", "Fm", "Fm", "Fm", "Fm", "Fm", "Fm", "Fm", "Fm", "Fm", "Fm", "Fm", "Fm", "Fm", "Fm", "Fm", "Fm", "Fm", "Fm", "Fm", "Fm", "Fm", "Fm", "Fm", "Fm", "Fm", "Fm", "Fm", "Fm", "Fm", "Fm", "Fm", "Fm", "Fm", "Fm", "Fm", "Fm", "Fm", "Fm"]
