
metadata:
    version:
        essentia: "1.2.2"
    audio_properties:
        analysis_sample_rate: 44100
        bitrate: 128
        channels: 2
        equal_loudness: 1
        length: 10.0310201645
        replay_gain: -13.2738552094
        downmix: "mix"
    tags:
        track: 16
        year: 0
        album: "Splitted by Mp3Splt v. 2.1"
        artist: "From 002.30 To 002.40"
        comment: "http://mp3splt.sf.net"
        genre: ""
        title: "06 Hate.mp3"

highlevel:
    ballroom:
        all:
            ChaChaCha: 0.183119803667
            Jive: 0.0128297517076
            Quickstep: 0.0376400128007
            Rumba-American: 0.017631854862
            Rumba-International: 0.0672580748796
            Rumba-Misc: 0.00397632783279
            Samba: 0.0207561999559
            Tango: 0.600275576115
            VienneseWaltz: 0.0113754915074
            Waltz: 0.0451369285583
        probability: 0.600275576115
        value: "Tango"
    culture:
        all:
            non_western: 0.167590931058
            western: 0.832409083843
        probability: 0.832409083843
        value: "western"
    gender:
        all:
            female: 0.391375154257
            male: 0.608624875546
        probability: 0.608624875546
        value: "male"
    genre_dortmund:
        all:
            alternative: 0.00696882326156
            blues: 0.165479585528
            electronic: 0.006583803799
            folkcountry: 0.0271535534412
            funksoulrnb: 0.0110951289535
            jazz: 0.76250743866
            pop: 0.00786013994366
            raphiphop: 0.00105084246024
            rock: 0.0113006597385
        probability: 0.76250743866
        value: "jazz"
    genre_electronica:
        all:
            ambient: 0.817516982555
            dnb: 0.0569631457329
            house: 0.0699942409992
            techno: 0.0305220689625
            trance: 0.0250035598874
        probability: 0.817516982555
        value: "ambient"
    genre_rosamerica:
        all:
            cla: 0.167265728116
            dan: 0.0619647242129
            hip: 0.0266759544611
            jaz: 0.343802720308
            pop: 0.148780956864
            rhy: 0.181981056929
            roc: 0.042973767966
            spe: 0.0265550818294
        probability: 0.343802720308
        value: "jaz"
    genre_tzanetakis:
        all:
            blu: 0.0421463958919
            cla: 0.0613726116717
            cou: 0.0531114004552
            dis: 0.0316704176366
            hip: 0.0258586946875
            jaz: 0.11911983788
            met: 0.00449198344722
            pop: 0.0828701257706
            reg: 0.559360265732
            roc: 0.0199982989579
        probability: 0.559360265732
        value: "reg"
    live_studio:
        all:
            live: 0.456608265638
            studio: 0.543391764164
        probability: 0.543391764164
        value: "studio"
    mood:
        all:
            Cluster1: 0.12158216536
            Cluster2: 0.214751288295
            Cluster3: 0.196575030684
            Cluster4: 0.319105327129
            Cluster5: 0.147986203432
        probability: 0.319105327129
        value: "Cluster4"
    mood_acoustic:
        all:
            acoustic: 0.202720761299
            not_acoustic: 0.797279238701
        probability: 0.797279238701
        value: "not_acoustic"
    mood_aggressive:
        all:
            aggressive: 0.0171715859324
            not_aggressive: 0.982828438282
        probability: 0.982828438282
        value: "not_aggressive"
    mood_electronic:
        all:
            electronic: 0.335989803076
            not_electronic: 0.664010226727
        probability: 0.664010226727
        value: "not_electronic"
    mood_happy:
        all:
            happy: 0.15954759717
            not_happy: 0.840452432632
        probability: 0.840452432632
        value: "not_happy"
    mood_party:
        all:
            not_party: 0.771613478661
            party: 0.228386491537
        probability: 0.771613478661
        value: "not_party"
    mood_relaxed:
        all:
            not_relaxed: 0.0663300231099
            relaxed: 0.933669984341
        probability: 0.933669984341
        value: "relaxed"
    mood_sad:
        all:
            not_sad: 0.44414293766
            sad: 0.55585706234
        probability: 0.55585706234
        value: "sad"
    rhythm:
        all:
            fast: 0.0119822695851
            medium: 0.517686605453
            slow: 0.47033110261
        probability: 0.517686605453
        value: "medium"
    speech_music:
        all:
            music: 0.988272190094
            speech: 0.0117278005928
        probability: 0.988272190094
        value: "music"
    timbre:
        all:
            bright: 0.99381673336
            dark: 0.00618328666314
        probability: 0.99381673336
        value: "bright"
    voice_instrumental:
        all:
            instrumental: 0.996185898781
            voice: 0.00381409726106
        probability: 0.996185898781
        value: "instrumental"

lowlevel:
    average_loudness: 0.639381885529
    barkbands_kurtosis:
        dmean: 2.39853715897
        dmean2: 3.7353978157
        dvar: 25.9598865509
        dvar2: 62.4514579773
        max: 67.857383728
        mean: 4.39184617996
        min: -1.89241683483
        var: 132.18359375
    barkbands_skewness:
        dmean: 0.481701344252
        dmean2: 0.710759520531
        dvar: 0.383368253708
        dvar2: 0.767517924309
        max: 7.23925161362
        mean: 0.313353538513
        min: -5.75045681
        var: 4.5576543808
    barkbands_spread:
        dmean: 3.86017942429
        dmean2: 6.05250549316
        dvar: 20.8614120483
        dvar2: 46.8231544495
        max: 48.4923439026
        mean: 22.1669273376
        min: 1.81219267845
        var: 120.071891785
    dissonance:
        dmean: 0.0233862921596
        dmean2: 0.0403463467956
        dvar: 0.000997590366751
        dvar2: 0.00291925575584
        max: 0.499852836132
        mean: 0.446696728468
        min: 0.228306904435
        var: 0.00154745299369
    hfc:
        dmean: 0.955741465092
        dmean2: 1.51527452469
        dvar: 4.03331851959
        dvar2: 10.2873430252
        max: 41.8309936523
        mean: 5.20487070084
        min: 0.00529287336394
        var: 66.55519104
    pitch:
        dmean: 275.675750732
        dmean2: 536.47064209
        dvar: 602404.1875
        dvar2: 1536080.5
        max: 4900
        mean: 653.654174805
        min: 68.7987518311
        var: 998282.375
    pitch_instantaneous_confidence:
        dmean: 0.061197116971
        dmean2: 0.0950821787119
        dvar: 0.00422595720738
        dvar2: 0.0108171384782
        max: 0.957216620445
        mean: 0.618831574917
        min: 0.216538608074
        var: 0.0356362238526
    pitch_salience:
        dmean: 0.056083932519
        dmean2: 0.0847408846021
        dvar: 0.00426162872463
        dvar2: 0.00938612595201
        max: 0.865628123283
        mean: 0.533516049385
        min: 0.0942681580782
        var: 0.0200886875391
    silence_rate_20dB:
        dmean: 0
        dmean2: 0
        dvar: 0
        dvar2: 0
        max: 1
        mean: 1
        min: 1
        var: 0
    silence_rate_30dB:
        dmean: 0
        dmean2: 0
        dvar: 0
        dvar2: 0
        max: 1
        mean: 1
        min: 1
        var: 0
    silence_rate_60dB:
        dmean: 0.0555555559695
        dmean2: 0.111368909478
        dvar: 0.0524690076709
        dvar2: 0.112887106836
        max: 1
        mean: 0.584295630455
        min: 0
        var: 0.242893755436
    spectral_centroid:
        dmean: 174.297027588
        dmean2: 264.402587891
        dvar: 84914.3046875
        dvar2: 180155.09375
        max: 4252.20019531
        mean: 1368.16699219
        min: 145.8331604
        var: 823010.375
    spectral_complexity:
        dmean: 1.30858469009
        dmean2: 2.05813956261
        dvar: 5.14142990112
        dvar2: 11.8315029144
        max: 26
        mean: 6.30324077606
        min: 0
        var: 41.7066917419
    spectral_crest:
        dmean: 1.80042159557
        dmean2: 2.88210868835
        dvar: 4.31630754471
        dvar2: 10.8548755646
        max: 25.9912986755
        mean: 10.6675424576
        min: 3.73847007751
        var: 23.1179237366
    spectral_decrease:
        dmean: 1.17794232701e-10
        dmean2: 1.83285803201e-10
        dvar: 5.62333019297e-20
        dvar2: 1.38068231559e-19
        max: -1.9083799211e-12
        mean: -6.39386765755e-10
        min: -3.6266005754e-09
        var: 4.62941607681e-19
    spectral_energy:
        dmean: 0.000520009198226
        dmean2: 0.000811410311144
        dvar: 1.0213866517e-06
        dvar2: 2.51722281064e-06
        max: 0.0149852484465
        mean: 0.00288528925739
        min: 8.14181021269e-06
        var: 1.01434452517e-05
    spectral_energyband_high:
        dmean: 4.48687533208e-05
        dmean2: 6.91908935551e-05
        dvar: 9.99873872587e-09
        dvar2: 2.31422916386e-08
        max: 0.00128942052834
        mean: 0.000107858439151
        min: 2.28600072205e-08
        var: 2.70426472326e-08
    spectral_energyband_low:
        dmean: 5.62477398489e-05
        dmean2: 8.6084335635e-05
        dvar: 2.69136357645e-08
        dvar2: 7.62270033761e-08
        max: 0.00215315818787
        mean: 0.000188579477253
        min: 1.10636788619e-08
        var: 9.06246171439e-08
    spectral_energyband_middle_high:
        dmean: 0.000271688302746
        dmean2: 0.000443174998509
        dvar: 3.09377242047e-07
        dvar2: 7.86082125614e-07
        max: 0.0123872784898
        mean: 0.00150035822298
        min: 1.33531261781e-06
        var: 6.01416468271e-06
    spectral_energyband_middle_low:
        dmean: 0.000320649938658
        dmean2: 0.000484625779791
        dvar: 5.92357935147e-07
        dvar2: 1.43841907629e-06
        max: 0.0109094353393
        mean: 0.00108849431854
        min: 9.6783310255e-07
        var: 2.11931956073e-06
    spectral_flatness_db:
        dmean: 0.0155015187338
        dmean2: 0.0237412191927
        dvar: 0.000365038024029
        dvar2: 0.000862758432049
        max: 0.407629847527
        mean: 0.226776406169
        min: 0.123431332409
        var: 0.00482860207558
    spectral_flux:
        dmean: 0.00580549798906
        dmean2: 0.0092744063586
        dvar: 8.77413840499e-05
        dvar2: 0.000234849750996
        max: 0.113227456808
        mean: 0.0205942727625
        min: 0.000739250041079
        var: 0.000443408527644
    spectral_kurtosis:
        dmean: 2.0932033062
        dmean2: 3.64222073555
        dvar: 5.64601182938
        dvar2: 14.8587789536
        max: 36.1377182007
        mean: 8.32419872284
        min: 0.965174198151
        var: 26.3895263672
    spectral_rms:
        dmean: 0.000138080955367
        dmean2: 0.000208165220101
        dvar: 4.96319749743e-08
        dvar2: 1.15239551235e-07
        max: 0.00382357882336
        mean: 0.00131589919329
        min: 8.91247982509e-05
        var: 1.08332631044e-06
    spectral_rolloff:
        dmean: 284.42779541
        dmean2: 487.501190186
        dvar: 217613.84375
        dvar2: 542688.875
        max: 5318.70117188
        mean: 2334.65991211
        min: 129.19921875
        var: 1502185.875
    spectral_skewness:
        dmean: 0.227235212922
        dmean2: 0.386922121048
        dvar: 0.054796051234
        dvar2: 0.135498762131
        max: 4.75786876678
        mean: 2.0845041275
        min: 0.431893885136
        var: 0.467829912901
    spectral_spread:
        dmean: 405015.78125
        dmean2: 618919.9375
        dvar: 227348856832
        dvar2: 464521953280
        max: 7969016.5
        mean: 3865274.25
        min: 1999662.25
        var: 932643799040
    spectral_strongpeak:
        dmean: 0.328142166138
        dmean2: 0.570098876953
        dvar: 0.540647983551
        dvar2: 1.43366217613
        max: 9.11097717285
        mean: 1.01047801971
        min: 0.00240531400777
        var: 3.72421383858
    zerocrossingrate:
        dmean: 0.00652665505186
        dmean2: 0.00784883741289
        dvar: 6.81479505147e-05
        dvar2: 9.54104834818e-05
        max: 0.17529296875
        mean: 0.0753117278218
        min: 0.00537109375
        var: 0.00153402821161
    barkbands:
        dmean: [2.52838887604e-08, 1.76423218363e-05, 4.88064069941e-05, 5.63470603083e-05, 9.77603194769e-05, 0.000157384594786, 4.74536282127e-05, 2.98857394228e-05, 7.11926113581e-05, 2.08454712265e-05, 8.2240512711e-06, 3.50735604115e-06, 2.9791632187e-05, 5.6259482335e-06, 1.87760106201e-05, 4.35873407696e-05, 5.93586009927e-05, 0.000132050947286, 0.00014824984828, 6.45450272714e-05, 1.78685077117e-05, 3.03430010717e-06, 5.45960688214e-07, 4.89387048219e-07, 3.16667893685e-07, 1.45617295999e-08, 2.60183180556e-10]
        dmean2: [3.93259469433e-08, 2.4674603992e-05, 7.71317645558e-05, 8.49216885399e-05, 0.000140489719342, 0.000239056302235, 7.44758508517e-05, 4.06969847973e-05, 0.00010348505748, 3.23635285895e-05, 1.28290203065e-05, 5.25979930899e-06, 4.86369790451e-05, 9.79586184258e-06, 3.00744541164e-05, 6.82570462232e-05, 9.56046860665e-05, 0.000217112494283, 0.000221008871449, 0.000102173173218, 2.70763430308e-05, 4.71205112262e-06, 7.37230493542e-07, 6.9068846642e-07, 4.75032294389e-07, 2.40435156229e-08, 3.73952230293e-10]
        dvar: [1.38346933126e-14, 1.89325533029e-09, 2.15190461006e-08, 3.81053411047e-08, 6.46138431648e-08, 1.60458370146e-07, 7.16931083389e-08, 6.85026657621e-09, 3.05286675939e-08, 2.85152879087e-09, 2.40306746724e-10, 7.94657881165e-11, 4.83414464014e-09, 2.68436300965e-10, 1.6376963119e-09, 5.31981347862e-09, 1.25019825603e-08, 1.11910644307e-07, 1.04035628112e-07, 3.81436144892e-08, 1.99507455001e-09, 4.31502229781e-11, 1.59244069754e-12, 1.34847872885e-12, 3.63775605776e-13, 1.23057010105e-15, 5.23176227803e-18]
        dvar2: [3.07335300059e-14, 4.45322356768e-09, 6.14379374042e-08, 9.40452977716e-08, 1.37509928777e-07, 3.84999196967e-07, 1.58179318532e-07, 1.25984858101e-08, 7.22705024714e-08, 6.99502189505e-09, 6.3675137385e-10, 1.89576201959e-10, 1.1648507936e-08, 8.39303015976e-10, 4.21873780354e-09, 1.25259260741e-08, 2.73403433226e-08, 2.55523076476e-07, 2.18252282025e-07, 1.04903008946e-07, 4.57301974066e-09, 7.90355350611e-11, 3.18351855294e-12, 3.04055045031e-12, 7.41775944054e-13, 2.6433717174e-15, 5.3438464918e-18]
        max: [1.36256392125e-06, 0.00060093664797, 0.0018139394233, 0.00224083778448, 0.00528276897967, 0.00516297621652, 0.00443169893697, 0.00156894733664, 0.00197677384131, 0.000587025715504, 0.000134713976877, 0.000130422355141, 0.000688511645421, 0.000178360016434, 0.000368357636034, 0.00124997645617, 0.00144584698137, 0.00664053997025, 0.00864273216575, 0.00273160263896, 0.000613743381109, 8.35511527839e-05, 1.50294927153e-05, 1.77440797415e-05, 6.42343002255e-06, 3.62580436786e-07, 4.75406061184e-08]
        mean: [2.62879655821e-08, 6.25635584584e-05, 0.00012599110778, 9.48997767409e-05, 0.000361117097782, 0.000332564290147, 6.95926864864e-05, 9.20498423511e-05, 0.000130567146698, 4.44921643066e-05, 1.41482623803e-05, 7.86197415437e-06, 5.15639476362e-05, 9.86964914773e-06, 3.64363804692e-05, 0.000120242213598, 0.000151401443873, 0.000461951422039, 0.00053693598602, 0.000141089578392, 2.99091243505e-05, 7.24032543076e-06, 1.1461700069e-06, 1.02846399841e-06, 5.83326539072e-07, 2.01997298888e-08, 2.740805638e-10]
        min: [2.81324703116e-12, 1.48197698557e-09, 2.77571499119e-09, 3.85972409589e-09, 2.84199437317e-08, 3.21887156929e-08, 2.21337366213e-08, 7.59119167526e-09, 5.33093214017e-09, 7.59243423687e-09, 1.61063553605e-08, 1.04556416858e-08, 1.33868283125e-09, 2.49165665878e-09, 1.14125207062e-08, 4.17900558602e-08, 2.69098219263e-08, 1.57230530817e-08, 9.35958510695e-09, 8.01227084679e-09, 9.19172116198e-09, 1.77954040392e-09, 4.5934014925e-10, 3.31855487534e-10, 3.03306851857e-10, 3.12309067496e-11, 7.33588537138e-14]
        var: [1.71219138314e-14, 1.26234862563e-08, 5.13042515138e-08, 6.42921946792e-08, 4.2275019041e-07, 3.53763198291e-07, 6.95470632195e-08, 5.66080800013e-08, 6.63103421061e-08, 9.23898468841e-09, 5.08437070224e-10, 1.79367062869e-10, 1.05755839641e-08, 4.59366600314e-10, 3.10469272513e-09, 4.11477323325e-08, 5.85902029115e-08, 1.18404250316e-06, 1.34135461849e-06, 6.88563730478e-08, 3.48225626112e-09, 1.40560327266e-10, 3.64636966455e-12, 2.99241425909e-12, 9.3795967087e-13, 1.76371159041e-15, 5.26045800066e-18]
    mfcc:
        mean: [-870.462585449, 117.800384521, -53.4063796997, 57.2588806152, -1.24541711807, -17.5433254242, -3.80963134766, -10.4105596542, -1.99597609043, -11.1475057602, -12.3014688492, -4.9536690712, -0.0350622870028]
        cov: [[21444.1992188, -3925.07226562, -971.722473145, 251.92791748, -1055.42138672, -2353.50634766, -959.066589355, -628.253173828, -667.467590332, 482.093719482, 345.50958252, -305.418243408, -806.103637695], [-3925.07226562, 3965.22094727, 1272.09802246, -166.34425354, 747.6328125, 1569.421875, 688.636474609, 441.769470215, 551.897705078, 53.7768859863, 158.64151001, 192.796310425, -10.3091421127], [-971.722473145, 1272.09802246, 913.439331055, 81.697769165, 242.237976074, 481.108215332, 265.686859131, 86.2210693359, 271.616638184, 126.371620178, 29.1013431549, 40.5231628418, -74.1972808838], [251.92791748, -166.34425354, 81.697769165, 251.57371521, 25.5242767334, -61.8597145081, 37.2491760254, -9.13761234283, 6.87657594681, 47.4298553467, 27.2696533203, -26.8100070953, -38.059589386], [-1055.42138672, 747.6328125, 242.237976074, 25.5242767334, 267.984069824, 376.15246582, 139.653442383, 112.087394714, 97.6930770874, -8.01702404022, 61.2611694336, 46.3852767944, 9.50755786896], [-2353.50634766, 1569.421875, 481.108215332, -61.8597145081, 376.15246582, 855.631103516, 344.773651123, 232.7631073, 255.07409668, -27.1631851196, 65.5238113403, 94.938621521, 48.4205169678], [-959.066589355, 688.636474609, 265.686859131, 37.2491760254, 139.653442383, 344.773651123, 309.872131348, 134.480484009, 149.836257935, 32.1433143616, -1.1199618578, 32.1806106567, 2.7607011795], [-628.253173828, 441.769470215, 86.2210693359, -9.13761234283, 112.087394714, 232.7631073, 134.480484009, 218.341262817, 116.575332642, -25.8743801117, 11.0304412842, 24.0411262512, 29.1306858063], [-667.467590332, 551.897705078, 271.616638184, 6.87657594681, 97.6930770874, 255.07409668, 149.836257935, 116.575332642, 232.529632568, 56.0791778564, -40.5503768921, 7.9426317215, -15.9085292816], [482.093719482, 53.7768859863, 126.371620178, 47.4298553467, -8.01702404022, -27.1631851196, 32.1433143616, -25.8743801117, 56.0791778564, 133.546081543, 18.8121376038, -26.7946128845, -76.3703384399], [345.50958252, 158.64151001, 29.1013431549, 27.2696533203, 61.2611694336, 65.5238113403, -1.1199618578, 11.0304412842, -40.5503768921, 18.8121376038, 146.807495117, 36.7709960938, -44.5926742554], [-305.418243408, 192.796310425, 40.5231628418, -26.8100070953, 46.3852767944, 94.938621521, 32.1806106567, 24.0411262512, 7.9426317215, -26.7946128845, 36.7709960938, 71.7203140259, 23.0004062653], [-806.103637695, -10.3091421127, -74.1972808838, -38.059589386, 9.50755786896, 48.4205169678, 2.7607011795, 29.1306858063, -15.9085292816, -76.3703384399, -44.5926742554, 23.0004062653, 125.797607422]]
        icov: [[9.69857937889e-05, 1.66693880601e-05, -1.44373243529e-05, 4.7101842938e-05, 0.000136904025567, 0.000177042762516, 3.86934698327e-05, -0.000109060980321, 3.60623198503e-05, -6.26718247076e-05, -0.00023452944879, 3.85170678783e-05, 0.000450829043984], [1.66693880601e-05, 0.0014841707889, -0.000931639864575, 0.00127998192329, -0.00103151972871, -0.00120542570949, -0.000549297779799, -0.000273305893643, -0.000235639148741, -5.56713712285e-05, -0.000604534463491, -0.000135757683893, 0.000430415093433], [-1.44373243529e-05, -0.000931639864575, 0.00310508464463, -0.00144196581095, -0.000106701983896, -0.000113640264317, 6.08529880992e-05, 0.00130680389702, -0.00142506102566, -0.00119601318147, 0.000875825935509, -0.00101534754504, 0.000563961395528], [4.7101842938e-05, 0.00127998192329, -0.00144196581095, 0.00726932380348, -0.003773604054, 0.00236025755294, -0.00317747588269, 0.000766371493228, -0.00181153533049, 0.000884587992914, -0.00379597209394, 0.00346140610054, -0.000646012776997], [0.000136904025567, -0.00103151972871, -0.000106701983896, -0.003773604054, 0.0135020753369, -0.00503178033978, 0.00272993766703, -0.00230368948542, 0.0025385748595, -0.00063148397021, -0.000272295757895, -0.00123122311197, 0.0010442303028], [0.000177042762516, -0.00120542570949, -0.000113640264317, 0.00236025755294, -0.00503178033978, 0.00934477243572, -0.00404810719192, 0.00158775493037, -0.00492805428803, 0.00397615274414, -0.00486639421433, 0.00233256234787, -0.00217351038009], [3.86934698327e-05, -0.000549297779799, 6.08529880992e-05, -0.00317747588269, 0.00272993766703, -0.00404810719192, 0.0093102902174, -0.00365379196592, 0.00259261042811, -0.00411845929921, 0.00467399414629, -0.00361697445624, 0.00141684000846], [-0.000109060980321, -0.000273305893643, 0.00130680389702, 0.000766371493228, -0.00230368948542, 0.00158775493037, -0.00365379196592, 0.0109153036028, -0.00746489036828, 0.00504836346954, -0.00481737405062, 0.00326337222941, -0.00278663728386], [3.60623198503e-05, -0.000235639148741, -0.00142506102566, -0.00181153533049, 0.0025385748595, -0.00492805428803, 0.00259261042811, -0.00746489036828, 0.0174745824188, -0.00853503961116, 0.0108335642144, -0.00480866711587, 0.0039477054961], [-6.26718247076e-05, -5.56713712285e-05, -0.00119601318147, 0.000884587992914, -0.00063148397021, 0.00397615274414, -0.00411845929921, 0.00504836346954, -0.00853503961116, 0.0191993676126, -0.00716384500265, 0.00690016942099, 0.00336999120191], [-0.00023452944879, -0.000604534463491, 0.000875825935509, -0.00379597209394, -0.000272295757895, -0.00486639421433, 0.00467399414629, -0.00481737405062, 0.0108335642144, -0.00716384500265, 0.020190352574, -0.0116333616897, 0.0070274011232], [3.85170678783e-05, -0.000135757683893, -0.00101534754504, 0.00346140610054, -0.00123122311197, 0.00233256234787, -0.00361697445624, 0.00326337222941, -0.00480866711587, 0.00690016942099, -0.0116333616897, 0.0255817826837, -0.00601719412953], [0.000450829043984, 0.000430415093433, 0.000563961395528, -0.000646012776997, 0.0010442303028, -0.00217351038009, 0.00141684000846, -0.00278663728386, 0.0039477054961, 0.00336999120191, 0.0070274011232, -0.00601719412953, 0.01851885207]]
    spectral_contrast:
        mean: [-1.18993703779e-07, -3.01153505688e-07, 3.99175206667e-07, 1.35559176329e-07, 1.59497616892e-07, 6.79348062249e-08, -2.36431765188e-06, -8.24979338176e-07, 2.07443486033e-06, 1.69169572928e-06, 3.6678932247e-06, 7.25189863715e-07]
        var: [0.000299695180729, 0.00100411276799, 0.00266735511832, 0.0034802465234, 0.00454906700179, 0.010371087119, 0.0627268776298, 0.0927657932043, 0.141902267933, 0.205709561706, 2.46830630302, 10.1494340897]

rhythm:
    beats_loudness:
        dmean: 0.00160152977332
        dmean2: 0.0025299990084
        dvar: 3.33982848133e-06
        dvar2: 7.4788308666e-06
        max: 0.0106412796304
        mean: 0.00258070905693
        min: 9.07748562895e-06
        var: 9.36059132073e-06
    beats_loudness_bass:
        dmean: 0.11332962662
        dmean2: 0.193630948663
        dvar: 0.0258409436792
        dvar2: 0.0795300081372
        max: 0.842399835587
        mean: 0.149036347866
        min: 8.92337538971e-06
        var: 0.0390307605267
    bpm: 123.269081116
    bpm_confidence: 0
    first_peak_bpm: 167
    first_peak_spread: 0
    first_peak_weight: 0.666666686535
    onset_rate: 1.99381506443
    second_peak_bpm: 123
    second_peak_spread: 0
    second_peak_weight: 0.291666656733
    beats_position: [0.040824893862, 0.400780141354, 0.760735332966, 1.12069058418, 1.480645895, 1.84060108662, 2.20055627823, 2.56051135063, 2.92046666145, 3.28042197227, 3.6403772831, 4.00033283234, 4.36028814316, 4.72024345398, 5.0801987648, 5.44015407562, 5.80010938644, 6.06306171417, 6.54984951019, 7.03663730621, 7.52342605591, 8.01021385193, 8.49700260162, 8.98379039764, 9.47057819366]
    bpm_estimates: [124.347625732, 123.461425781, 124.036911011, 121.230384827]
    bpm_intervals: [0.359955251217, 0.359955191612, 0.359955251217, 0.359955310822, 0.359955191612, 0.359955191612, 0.359955072403, 0.359955310822, 0.359955310822, 0.359955310822, 0.35995554924, 0.359955310822, 0.359955310822, 0.359955310822, 0.359955310822, 0.359955310822, 0.262952327728, 0.486787796021, 0.486787796021, 0.486788749695, 0.486787796021, 0.486788749695, 0.486787796021, 0.486787796021]
    onset_times: [0.0464399084449, 0.487619042397, 1.11455786228, 3.45977330208, 4.02866220474, 4.28408145905, 4.63238096237, 4.73687076569, 4.88780021667, 4.96907043457, 5.5727891922, 5.65405893326, 5.73532867432, 5.94430828094, 7.16335582733, 7.89478445053, 8.64943313599, 8.98612213135, 9.36925125122, 9.74077129364]
    rubato_start: [6.54984951019]
    rubato_stop: [9.47057819366]
    perceptual_tempo: "unknown"

sfx:
    inharmonicity:
        dmean: 0.0422415025532
        dmean2: 0.0770388022065
        dvar: 0.00416814582422
        dvar2: 0.0118481777608
        max: 0.413756102324
        mean: 0.0417345426977
        min: 1.35608052005e-05
        var: 0.00399846024811
    oddtoevenharmonicenergyratio:
        dmean: 213.667755127
        dmean2: 427.679473877
        dvar: 9152368
        dvar2: 27474996
        max: 44515.640625
        mean: 108.250968933
        min: 3.49442852894e-05
        var: 4577123.5
    pitch_after_max_to_before_max_energy_ratio: 0.738017618656
    pitch_centroid: 194.971252441
    pitch_max_to_total: 0.460648149252
    pitch_min_to_total: 0.421296298504
    tristimulus:
        dmean: [0.159766599536, 0.21547357738, 0.128981694579]
        dmean2: [0.276471346617, 0.380284398794, 0.238237991929]
        dvar: [0.0375424921513, 0.0498652346432, 0.0314448997378]
        dvar2: [0.0910134091973, 0.120446570218, 0.0957037955523]
        max: [0.980419814587, 0.99107426405, 0.923949360847]
        mean: [0.430055499077, 0.430691212416, 0.10945135355]
        min: [0.000349934329279, 0, 0]
        var: [0.0776117146015, 0.07333740592, 0.0267226975411]

tonal:
    chords_changes_rate: 0.0368663594127
    chords_number_rate: 0.0276497695595
    chords_strength:
        dmean: 0.00798164214939
        dmean2: 0.00609761616215
        dvar: 5.98189835728e-05
        dvar2: 5.19558234373e-05
        max: 0.681847393513
        mean: 0.541240930557
        min: 0.273734390736
        var: 0.011923963204
    key_strength: 0.744024336338
    tuning_diatonic_strength: 0.59660166502
    tuning_equal_tempered_deviation: 0.0618287399411
    tuning_frequency: 441.527557373
    tuning_nontempered_energy_ratio: 0.650091767311
    hpcp:
        dmean: [0.103751264513, 0.0744704082608, 0.0978921502829, 0.081834256649, 0.131908670068, 0.0833396464586, 0.0409322828054, 0.0476904660463, 0.119003996253, 0.108798310161, 0.0932385623455, 0.0604570917785, 0.0668827295303, 0.0461311154068, 0.0334497988224, 0.0342141315341, 0.0460211001337, 0.0614954009652, 0.0525624677539, 0.039503864944, 0.0452360361814, 0.0860168412328, 0.126232653856, 0.154420301318, 0.151699155569, 0.135827437043, 0.0671083778143, 0.0450495295227, 0.0458846129477, 0.0551339611411, 0.0590434595942, 0.0503497757018, 0.0495066121221, 0.0695568621159, 0.0763029977679, 0.0984098464251]
        dmean2: [0.173900410533, 0.120186284184, 0.168793439865, 0.129580482841, 0.226959004998, 0.143901839852, 0.0661383718252, 0.0808095782995, 0.210006073117, 0.18328858912, 0.165393725038, 0.100228756666, 0.0999119132757, 0.0648137405515, 0.0442232005298, 0.0532601512969, 0.0798531025648, 0.103428632021, 0.0902095884085, 0.0709401741624, 0.0815800875425, 0.150113925338, 0.222348809242, 0.270784586668, 0.261386364698, 0.227346077561, 0.119856841862, 0.0774496942759, 0.0772773399949, 0.0918056964874, 0.100089840591, 0.0800940468907, 0.0863826274872, 0.118585661054, 0.129011064768, 0.164261639118]
        dvar: [0.0264292489737, 0.0172132737935, 0.0211701560766, 0.0282734185457, 0.0395649336278, 0.0173860471696, 0.0109157878906, 0.00681667029858, 0.0252087824047, 0.0337355062366, 0.0158262774348, 0.012294148095, 0.0192591808736, 0.00763151748106, 0.00575859518722, 0.00579987792298, 0.010435895063, 0.0168012306094, 0.016588030383, 0.0178632624447, 0.00777496676892, 0.0213802307844, 0.0390001088381, 0.0355795249343, 0.0393560007215, 0.0330432727933, 0.0191984493285, 0.010737718083, 0.0105106877163, 0.0172063801438, 0.0160164255649, 0.00990454480052, 0.0143447099254, 0.0319057255983, 0.0229889079928, 0.0216755196452]
        dvar2: [0.0665978193283, 0.0427561178803, 0.0582332760096, 0.057797614485, 0.11680727452, 0.0418358109891, 0.0259218532592, 0.0181234721094, 0.0720112323761, 0.081512697041, 0.0447346493602, 0.0282005816698, 0.0375334247947, 0.011453258805, 0.00988454837352, 0.0145545778796, 0.026198759675, 0.0415451787412, 0.0363271161914, 0.0511573776603, 0.022346092388, 0.054626993835, 0.0984763130546, 0.0883891955018, 0.0979122668505, 0.088967949152, 0.0509575307369, 0.0277429446578, 0.0254139229655, 0.0465297065675, 0.0443839542568, 0.0239102970809, 0.0373325273395, 0.0936668217182, 0.0607267469168, 0.0592765435576]
        max: [1, 1, 0.884699463844, 1, 1, 1, 0.931798994541, 0.652671098709, 1, 1, 1, 0.705684185028, 1, 0.976005673409, 1, 0.657971858978, 0.847537279129, 1, 1, 1, 0.628024995327, 1, 1, 1, 1, 1, 1, 0.596919715405, 1, 1, 1, 1, 1, 1, 1, 1]
        mean: [0.213461279869, 0.108567878604, 0.201804131269, 0.350654214621, 0.23939986527, 0.0835419148207, 0.0514586605132, 0.0597859621048, 0.264277279377, 0.399937778711, 0.200511619449, 0.109133936465, 0.14211460948, 0.0967045500875, 0.0700792446733, 0.0518627390265, 0.0582317709923, 0.0850704908371, 0.0655761286616, 0.0338862389326, 0.0446232333779, 0.128963217139, 0.209543839097, 0.307726770639, 0.37822842598, 0.222408607602, 0.0598659813404, 0.0414557494223, 0.0687602087855, 0.129795193672, 0.119677066803, 0.0617105588317, 0.0556312054396, 0.0728576183319, 0.104372300208, 0.203553438187]
        min: [0.00106565665919, 0.000325552857248, 0.000240355017013, 0.000379696284654, 0.00115459808148, 9.22203980736e-05, 4.20807373303e-05, 0.000114169575681, 0.000809599005152, 0.00205590296537, 0.000842034292873, 0.000453049200587, 8.43294910737e-05, 0.000173269450897, 0.000197831483092, 0.000239616070758, 0.000212380095036, 0.000220354064368, 0.000120547585539, 1.66324680322e-05, 2.70384662144e-05, 2.97140668408e-05, 3.7009773223e-05, 0.000993477879092, 0.00200015446171, 0.000916293414775, 0, 1.68692859006e-05, 3.66207495972e-05, 7.04121339368e-05, 0.000120190037705, 0.000137687238748, 5.17393782502e-05, 7.18145092833e-05, 0.000191773127881, 0.00101636559702]
        var: [0.0705779343843, 0.0272269882262, 0.0590346343815, 0.180193707347, 0.0863844156265, 0.0182686354965, 0.010936931707, 0.00939077045768, 0.0767711773515, 0.167651370168, 0.0410760641098, 0.0252260323614, 0.057410698384, 0.027664821595, 0.031655292958, 0.0121828904375, 0.0103897964582, 0.0192802455276, 0.0196896921843, 0.012748750858, 0.00652962690219, 0.0243567693979, 0.0538315922022, 0.07138376683, 0.122897259891, 0.0582943297923, 0.0166203621775, 0.0102818058804, 0.0243392009288, 0.0738890767097, 0.0525237694383, 0.0151345375925, 0.0182410981506, 0.0335623584688, 0.0383854322135, 0.0697151422501]
    chords_histogram: [44.7004623413, 0, 2.7649769783, 0, 0, 0, 0, 1.38248848915, 0, 41.0138244629, 0, 2.7649769783, 0, 0, 0, 0.921658992767, 6.45161294937, 0, 0, 0, 0, 0, 0, 0]
    thpcp: [1, 0.501357018948, 0.272877275944, 0.355341792107, 0.241798982024, 0.175225362182, 0.129677012563, 0.145602077246, 0.212709307671, 0.163965821266, 0.0847287774086, 0.111575439572, 0.322458207607, 0.523941099644, 0.769436597824, 0.945718169212, 0.556107997894, 0.149688243866, 0.10365549475, 0.171927258372, 0.324538469315, 0.299239218235, 0.154300391674, 0.139099657536, 0.182172387838, 0.260971337557, 0.508962750435, 0.533736228943, 0.271461933851, 0.504588842392, 0.87677192688, 0.598592758179, 0.208887279034, 0.12866666913, 0.149488165975, 0.660795986652]
    chords_key: "A#"
    chords_scale: "minor"
    key_key: "A#"
    key_scale: "minor"
    chords_progression: ["A#m", "A#m", "A#m", "A#m", "A#m", "A#m", "A#m", "A#m", "A#m", "A#m", "A#m", "A#m", "A#m", "A#m", "A#m", "A#m", "A#m", "A#m", "A#m", "A#m", "A#m", "A#m", "A#m", "A#m", "A#m", "A#m", "A#m", "A#m", "A#m", "A#m", "A#m", "A#m", "A#m", "A#m", "A#m", "A#m", "A#m", "A#m", "A#m", "A#m", "A#m", "A#m", "A#m", "A#m", "A#m", "A#m", "A#m", "A#m", "A#m", "A#m", "A#m", "A#m", "A#m", "A#m", "A#m", "A#m", "A#m", "A#m", "A#m", "A#m", "A#m", "A#m", "A#m", "A#m", "A#m", "A#m", "A#m", "A#m", "A#m", "A#m", "A#m", "A#m", "A#m", "A#m", "A#m", "A#m", "A#m", "A#m", "A#m", "A#m", "A#m", "A#m", "A#m", "A#m", "A#m", "A#m", "A#m", "A#m", "A#m", "A#m", "A#m", "A#m", "A#m", "A#m", "A#m", "A#m", "A#m", "A#", "A#", "A#", "F", "F", "F", "F", "F", "F", "F", "F", "F", "F", "F", "F", "F", "F", "F", "F", "F", "F", "F", "F", "F", "F", "F", "F", "F", "F", "F", "F", "F", "D", "D", "F#m", "F#m", "F#m", "F#m", "F#m", "F#m", "F#m", "F#m", "F#m", "F#m", "F#m", "F#m", "F#m", "F#m", "C", "C", "C", "C", "C", "C", "F", "F", "F", "F", "F", "F", "F", "F", "F", "F", "F", "F", "F", "F", "F", "F", "F", "F", "F", "Fm", "Fm", "Fm", "Fm", "Fm", "Fm", "F", "F", "F", "F", "F", "F", "F", "F", "F", "F", "F", "F", "F", "F", "F", "F", "F", "F", "F", "F", "F", "F", "F", "F", "F", "F", "F", "F", "F", "F", "F", "F", "F", "F", "F", "F", "F", "F", "F", "F", "F"]
