
metadata:
    version:
        essentia: "1.2.2"
    audio_properties:
        analysis_sample_rate: 44100
        bitrate: 128
        channels: 2
        equal_loudness: 1
        length: 10.0048980713
        replay_gain: -11.2658863068
        downmix: "mix"
    tags:
        track: 20
        year: 0
        album: "Splitted by Mp3Splt v. 2.1"
        artist: "From 003.10 To 003.20"
        comment: "http://mp3splt.sf.net"
        genre: ""
        title: "01 Forbidden City.mp3"

highlevel:
    ballroom:
        all:
            ChaChaCha: 0.299450755119
            Jive: 0.243617430329
            Quickstep: 0.0257889069617
            Rumba-American: 0.00559614179656
            Rumba-International: 0.0314220897853
            Rumba-Misc: 0.0345477238297
            Samba: 0.347981154919
            Tango: 0.00358537933789
            VienneseWaltz: 0.00388889620081
            Waltz: 0.00412153778598
        probability: 0.347981154919
        value: "Samba"
    culture:
        all:
            non_western: 0.282440930605
            western: 0.717559039593
        probability: 0.717559039593
        value: "western"
    gender:
        all:
            female: 0.307092577219
            male: 0.692907392979
        probability: 0.692907392979
        value: "male"
    genre_dortmund:
        all:
            alternative: 0.11460480094
            blues: 0.00426817312837
            electronic: 0.0504372008145
            folkcountry: 0.0771199017763
            funksoulrnb: 0.00322924694046
            jazz: 0.0454625412822
            pop: 0.151880681515
            raphiphop: 0.0209771879017
            rock: 0.532020270824
        probability: 0.532020270824
        value: "rock"
    genre_electronica:
        all:
            ambient: 0.0549979433417
            dnb: 0.275274276733
            house: 0.0141060631722
            techno: 0.0105447247624
            trance: 0.645076990128
        probability: 0.645076990128
        value: "trance"
    genre_rosamerica:
        all:
            cla: 0.00581199070439
            dan: 0.521475851536
            hip: 0.0047709941864
            jaz: 0.00488970894367
            pop: 0.380307912827
            rhy: 0.0151997888461
            roc: 0.0668080374599
            spe: 0.000735746463761
        probability: 0.521475851536
        value: "dan"
    genre_tzanetakis:
        all:
            blu: 0.00477017182857
            cla: 0.0059572905302
            cou: 0.0678111091256
            dis: 0.159257248044
            hip: 0.0286777634174
            jaz: 0.136607915163
            met: 0.0755959376693
            pop: 0.301991194487
            reg: 0.0261069796979
            roc: 0.193224415183
        probability: 0.301991194487
        value: "pop"
    live_studio:
        all:
            live: 0.065505117178
            studio: 0.93449485302
        probability: 0.93449485302
        value: "studio"
    mood:
        all:
            Cluster1: 0.0198198854923
            Cluster2: 0.050084490329
            Cluster3: 0.864087104797
            Cluster4: 0.00937263295054
            Cluster5: 0.0566358789802
        probability: 0.864087104797
        value: "Cluster3"
    mood_acoustic:
        all:
            acoustic: 0.00676590995863
            not_acoustic: 0.993234097958
        probability: 0.993234097958
        value: "not_acoustic"
    mood_aggressive:
        all:
            aggressive: 0.598610699177
            not_aggressive: 0.401389271021
        probability: 0.598610699177
        value: "aggressive"
    mood_electronic:
        all:
            electronic: 0.796795725822
            not_electronic: 0.203204259276
        probability: 0.796795725822
        value: "electronic"
    mood_happy:
        all:
            happy: 0.728476643562
            not_happy: 0.271523356438
        probability: 0.728476643562
        value: "happy"
    mood_party:
        all:
            not_party: 0.425874203444
            party: 0.574125766754
        probability: 0.574125766754
        value: "party"
    mood_relaxed:
        all:
            not_relaxed: 0.859581172466
            relaxed: 0.140418827534
        probability: 0.859581172466
        value: "not_relaxed"
    mood_sad:
        all:
            not_sad: 0.762468338013
            sad: 0.237531661987
        probability: 0.762468338013
        value: "not_sad"
    rhythm:
        all:
            fast: 0.904934227467
            medium: 0.0601503178477
            slow: 0.0349154509604
        probability: 0.904934227467
        value: "fast"
    speech_music:
        all:
            music: 0.999998569489
            speech: 1.44233410992e-06
        probability: 0.999998569489
        value: "music"
    timbre:
        all:
            bright: 0.724571466446
            dark: 0.275428563356
        probability: 0.724571466446
        value: "bright"
    voice_instrumental:
        all:
            instrumental: 0.0274677369744
            voice: 0.972532272339
        probability: 0.972532272339
        value: "voice"

lowlevel:
    average_loudness: 0.958272695541
    barkbands_kurtosis:
        dmean: 0.622150421143
        dmean2: 1.05723524094
        dvar: 1.94052290916
        dvar2: 4.62702703476
        max: 13.4556369781
        mean: -0.889201462269
        min: -1.8505487442
        var: 3.04785275459
    barkbands_skewness:
        dmean: 0.376946181059
        dmean2: 0.61012595892
        dvar: 0.155478134751
        dvar2: 0.346344619989
        max: 3.33842468262
        mean: 0.421576797962
        min: -3.58636665344
        var: 0.531818449497
    barkbands_spread:
        dmean: 4.8536901474
        dmean2: 7.85110712051
        dvar: 26.1061592102
        dvar2: 64.0653610229
        max: 77.9834365845
        mean: 44.2507858276
        min: 12.0075521469
        var: 75.0380859375
    dissonance:
        dmean: 0.0133236898109
        dmean2: 0.022336717695
        dvar: 0.000118229247164
        dvar2: 0.000318567937938
        max: 0.498474478722
        mean: 0.473147660494
        min: 0.406498908997
        var: 0.000215342763113
    hfc:
        dmean: 3.07396888733
        dmean2: 4.58678245544
        dvar: 74.1123962402
        dvar2: 155.863128662
        max: 127.571601868
        mean: 7.08709669113
        min: 3.29125737153e-06
        var: 126.429199219
    pitch:
        dmean: 767.649475098
        dmean2: 1492.33410645
        dvar: 1778949.625
        dvar2: 4039932.75
        max: 5512.5
        mean: 1049.171875
        min: 75
        var: 2350261.75
    pitch_instantaneous_confidence:
        dmean: 0.0684780552983
        dmean2: 0.107455223799
        dvar: 0.00315286056139
        dvar2: 0.00737908715382
        max: 0.671129345894
        mean: 0.387302517891
        min: 0.171682417393
        var: 0.0113790240139
    pitch_salience:
        dmean: 0.055367719382
        dmean2: 0.0903280004859
        dvar: 0.00262277503498
        dvar2: 0.00632205884904
        max: 0.879737734795
        mean: 0.601712048054
        min: 0.365122944117
        var: 0.00755565753207
    silence_rate_20dB:
        dmean: 0
        dmean2: 0
        dvar: 0
        dvar2: 0
        max: 1
        mean: 1
        min: 1
        var: 0
    silence_rate_30dB:
        dmean: 0
        dmean2: 0
        dvar: 0
        dvar2: 0
        max: 1
        mean: 1
        min: 1
        var: 0
    silence_rate_60dB:
        dmean: 0.148491874337
        dmean2: 0.297674417496
        dvar: 0.12644161284
        dvar2: 0.241622447968
        max: 1
        mean: 0.527777791023
        min: 0
        var: 0.249227747321
    spectral_centroid:
        dmean: 291.36239624
        dmean2: 463.165222168
        dvar: 93947.9140625
        dvar2: 178064.265625
        max: 4648.27587891
        mean: 1552.04382324
        min: 351.564056396
        var: 433413.84375
    spectral_complexity:
        dmean: 3.20930242538
        dmean2: 5.0046620369
        dvar: 16.2910823822
        dvar2: 31.1514854431
        max: 38
        mean: 11.8909511566
        min: 0
        var: 40.1482391357
    spectral_crest:
        dmean: 1.53553795815
        dmean2: 2.60626482964
        dvar: 1.92779266834
        dvar2: 4.87842416763
        max: 14.7246608734
        mean: 6.28949689865
        min: 2.88508701324
        var: 4.64557647705
    spectral_decrease:
        dmean: 3.30670241189e-10
        dmean2: 5.79912895482e-10
        dvar: 3.66968985236e-19
        dvar2: 9.76538618702e-19
        max: -5.42362554726e-16
        mean: -8.65899685287e-10
        min: -4.91604135178e-09
        var: 3.80873270948e-19
    spectral_energy:
        dmean: 0.0014906283468
        dmean2: 0.00255919364281
        dvar: 8.58756084199e-06
        dvar2: 2.16510597966e-05
        max: 0.0301254168153
        mean: 0.00391092523932
        min: 2.3455237752e-09
        var: 1.02780477391e-05
    spectral_energyband_high:
        dmean: 0.000380069628591
        dmean2: 0.000579030136578
        dvar: 1.46292518366e-06
        dvar2: 2.96989946946e-06
        max: 0.0182352587581
        mean: 0.000635080097709
        min: 1.5939688458e-10
        var: 2.59482794718e-06
    spectral_energyband_low:
        dmean: 0.000274105841527
        dmean2: 0.000463712174678
        dvar: 2.02883583711e-07
        dvar2: 5.73055331188e-07
        max: 0.00344851915725
        mean: 0.000563409179449
        min: 6.26827145744e-10
        var: 2.07634471394e-07
    spectral_energyband_middle_high:
        dmean: 0.000406165461754
        dmean2: 0.000645311723929
        dvar: 6.76258082422e-07
        dvar2: 1.5402047211e-06
        max: 0.0106009235606
        mean: 0.0012222500518
        min: 7.68511088101e-10
        var: 1.13947305636e-06
    spectral_energyband_middle_low:
        dmean: 0.00076305330731
        dmean2: 0.00136291200761
        dvar: 1.62958599503e-06
        dvar2: 4.79110758533e-06
        max: 0.00961275957525
        mean: 0.00149017060176
        min: 6.63927191003e-10
        var: 1.40176507557e-06
    spectral_flatness_db:
        dmean: 0.0142210740596
        dmean2: 0.023005746305
        dvar: 0.000172462852788
        dvar2: 0.000407232902944
        max: 0.190825492144
        mean: 0.113971553743
        min: 0.062243245542
        var: 0.000500273075886
    spectral_flux:
        dmean: 0.00867072492838
        dmean2: 0.0132112726569
        dvar: 0.000189498241525
        dvar2: 0.000372788577806
        max: 0.144352287054
        mean: 0.0342684797943
        min: 4.84306074213e-05
        var: 0.000347705790773
    spectral_kurtosis:
        dmean: 0.586073219776
        dmean2: 0.967912554741
        dvar: 0.385198295116
        dvar2: 0.905144691467
        max: 6.89334774017
        mean: 1.91259646416
        min: -0.949267148972
        var: 1.04486906528
    spectral_rms:
        dmean: 0.000313718453981
        dmean2: 0.000525313895196
        dvar: 2.38606219227e-07
        dvar2: 5.98210874614e-07
        max: 0.00542131438851
        mean: 0.00186139927246
        min: 1.51271797222e-06
        var: 3.50729038701e-07
    spectral_rolloff:
        dmean: 415.440429688
        dmean2: 691.120056152
        dvar: 304377.3125
        dvar2: 749211.0625
        max: 7170.55664062
        mean: 3379.71118164
        min: 258.3984375
        var: 946552.0625
    spectral_skewness:
        dmean: 0.12321023643
        dmean2: 0.197761356831
        dvar: 0.0187584850937
        dvar2: 0.0403081327677
        max: 2.23972463608
        mean: 1.20298039913
        min: -0.0384494960308
        var: 0.0785599201918
    spectral_spread:
        dmean: 766428.4375
        dmean2: 1191480.5
        dvar: 923996127232
        dvar2: 2.5971827671e+12
        max: 13546995
        mean: 6805544
        min: 4136645.5
        var: 1.9085787136e+12
    spectral_strongpeak:
        dmean: 0.258570820093
        dmean2: 0.481174021959
        dvar: 0.496052205563
        dvar2: 1.25320887566
        max: 5.90476942062
        mean: 0.26951020956
        min: 0
        var: 0.394618213177
    zerocrossingrate:
        dmean: 0.0101369461045
        dmean2: 0.0121728861704
        dvar: 9.82540950645e-05
        dvar2: 0.000116344810522
        max: 0.234375
        mean: 0.0989069715142
        min: 0.02978515625
        var: 0.000882460328285
    barkbands:
        dmean: [5.54084635951e-07, 8.07242613519e-05, 0.000236410647631, 0.000343631807482, 0.000328080175677, 0.000145690937643, 0.000104574268335, 5.94135817664e-05, 5.78641811444e-05, 3.89811248169e-05, 1.26606537378e-05, 3.04740806314e-05, 1.97015597223e-05, 2.63954607362e-05, 4.83140865981e-05, 4.43220342277e-05, 7.00853779563e-05, 0.000115594622912, 0.000157817310537, 0.00019517839246, 0.000177911977516, 9.21193131944e-05, 2.85030364466e-05, 1.50016867337e-05, 7.52552568883e-06, 2.40642606286e-07, 3.03444158689e-09]
        dmean2: [9.02718795714e-07, 0.00014090113109, 0.000399352808017, 0.000617333804257, 0.000599957071245, 0.000236854495597, 0.00018411577912, 9.45879364735e-05, 8.82590757101e-05, 6.26528199064e-05, 2.12448849197e-05, 5.03594128531e-05, 3.33709613187e-05, 4.55848094134e-05, 8.23644295451e-05, 7.52285195631e-05, 0.000120601289382, 0.000193223793758, 0.000254645070527, 0.000319738173857, 0.000304173474433, 0.000144285309943, 4.67686259071e-05, 2.31108788284e-05, 1.12643292596e-05, 3.40709391367e-07, 5.07800734795e-09]
        dvar: [9.49099306091e-13, 1.98340561752e-08, 1.36208271329e-07, 2.07210675285e-07, 2.67805546628e-07, 6.28591223517e-08, 9.28528152144e-08, 8.93063134555e-09, 6.299357036e-09, 1.83906678775e-09, 3.21780380119e-10, 1.77998116246e-09, 1.20515974977e-09, 2.04489847278e-09, 1.71716152408e-08, 6.38569819245e-09, 1.02417851977e-08, 2.94800646117e-08, 1.15975531401e-07, 2.75469574262e-07, 4.38603194652e-07, 1.0114416682e-07, 7.7658350861e-09, 1.50366397111e-09, 3.64284241661e-10, 2.11436662449e-13, 7.32804003047e-17]
        dvar2: [1.87662233843e-12, 5.61966260193e-08, 3.82419017342e-07, 5.9789607576e-07, 7.92559944784e-07, 1.75054893248e-07, 2.7376316325e-07, 2.2569725644e-08, 1.56724375699e-08, 4.28282742604e-09, 8.6403229016e-10, 4.78878536825e-09, 3.15460657596e-09, 5.11652498147e-09, 4.78495856271e-08, 1.34109834349e-08, 2.80944796316e-08, 8.13379585907e-08, 2.26857608254e-07, 5.98258282025e-07, 1.03959553144e-06, 2.12949814227e-07, 1.95205167586e-08, 3.57024365627e-09, 8.76936523397e-10, 4.61932954995e-13, 1.93412879605e-16]
        max: [8.56935548654e-06, 0.00131097296253, 0.00301329581998, 0.00367956887931, 0.00442919135094, 0.00256801466458, 0.00268550170586, 0.00105099752545, 0.00106862059329, 0.000730431405827, 0.000154624038259, 0.00048690699623, 0.000281842338154, 0.000447799742687, 0.00202158093452, 0.00108014442958, 0.000814777449705, 0.00170358759351, 0.00551153579727, 0.00738695589826, 0.0101079856977, 0.00424683419988, 0.0011211008532, 0.00047276620171, 0.000164233104442, 4.76478453493e-06, 7.89000083046e-08]
        mean: [8.02450585979e-07, 0.00016420573229, 0.000398418254917, 0.000491601764224, 0.000473546242574, 0.000222925053095, 0.000109036678623, 9.17434590519e-05, 9.24290870898e-05, 6.99212396285e-05, 2.12153518078e-05, 4.88291370857e-05, 2.75520051218e-05, 3.89001688745e-05, 8.14870436443e-05, 9.34225172387e-05, 0.000131537744892, 0.000249319011346, 0.000338798330631, 0.00029982830165, 0.000249440985499, 0.000144840872963, 3.77917604055e-05, 2.23126571655e-05, 1.06376346594e-05, 3.80394254762e-07, 3.20638182671e-09]
        min: [2.51524329142e-10, 3.32342209308e-10, 1.69673386452e-10, 1.29186078501e-10, 2.16115625395e-10, 1.38852027098e-10, 8.45544884109e-11, 4.83851361754e-11, 4.1584114624e-11, 2.8658624085e-11, 2.29727330908e-11, 4.45323465603e-11, 3.16202411477e-11, 4.54196888433e-11, 4.44745594519e-11, 1.59954792467e-11, 1.12760929066e-11, 9.63443561042e-11, 3.03124858547e-10, 1.83356427264e-10, 5.2374028725e-11, 1.93979485252e-11, 2.28047077749e-11, 5.60469856289e-12, 4.35785739092e-12, 4.7322920322e-13, 4.06903840049e-13]
        var: [1.39445649038e-12, 2.01266363575e-08, 1.58351724622e-07, 1.93336191501e-07, 2.44784246206e-07, 7.2366297843e-08, 6.0125344703e-08, 1.46593404082e-08, 1.24978987159e-08, 4.71645744682e-09, 4.78144357441e-10, 2.70336930619e-09, 1.43249090367e-09, 2.2992514559e-09, 1.35528441803e-08, 8.54580051168e-09, 1.21488561433e-08, 5.19590805936e-08, 2.30861701311e-07, 3.61108305924e-07, 6.20866160261e-07, 2.04573780138e-07, 8.07310485129e-09, 3.07628922336e-09, 4.59571186662e-10, 4.0164882054e-13, 6.46768087267e-17]
    mfcc:
        mean: [-696.09552002, 87.351890564, -16.1251277924, 57.1388168335, -1.54128837585, -0.824973344803, 2.03953003883, 2.20941567421, 0.985975861549, -3.72277116776, -3.18265843391, -10.3877315521, -3.51153993607]
        cov: [[2620.19189453, -573.954406738, 92.5899887085, -46.4873275757, -116.331283569, -26.2949295044, -97.2044906616, -124.150146484, -65.8991699219, -60.8275756836, 41.9022789001, 43.5233840942, -50.1727142334], [-573.954406738, 499.236022949, -134.227401733, 35.8809204102, 48.8136634827, -36.9995307922, 18.2511882782, 47.270450592, 38.4425964355, 17.4938564301, -21.2062740326, -21.7823028564, 10.8213233948], [92.5899887085, -134.227401733, 154.168548584, -24.2656002045, -16.6436595917, 18.7655696869, -9.27871990204, -19.5746955872, -7.56832027435, -17.8306007385, -6.77818870544, 1.16527330875, 1.22147297859], [-46.4873275757, 35.8809204102, -24.2656002045, 91.2471466064, 3.53417134285, 9.83619308472, -11.4261331558, 7.8616733551, 18.9328346252, -3.06854867935, -4.24606084824, 12.6137418747, -7.68891429901], [-116.331283569, 48.8136634827, -16.6436595917, 3.53417134285, 89.2356643677, 5.77615690231, 3.71892213821, 15.6590538025, 4.13081359863, 4.37564611435, -12.2483787537, -1.43105769157, 12.8012237549], [-26.2949295044, -36.9995307922, 18.7655696869, 9.83619308472, 5.77615690231, 73.2829055786, 11.5689086914, 2.3521168232, 9.68838214874, -9.70896053314, -12.6988506317, 2.01624250412, -12.1962270737], [-97.2044906616, 18.2511882782, -9.27871990204, -11.4261331558, 3.71892213821, 11.5689086914, 69.8495864868, 16.5145454407, -12.4656257629, 8.52444171906, 2.08770489693, -13.1925125122, 4.40172052383], [-124.150146484, 47.270450592, -19.5746955872, 7.8616733551, 15.6590538025, 2.3521168232, 16.5145454407, 77.1590499878, 28.1542491913, 5.5917429924, -6.17889022827, 2.60174608231, -9.74402809143], [-65.8991699219, 38.4425964355, -7.56832027435, 18.9328346252, 4.13081359863, 9.68838214874, -12.4656257629, 28.1542491913, 71.3861694336, -9.5869178772, -12.3435096741, 5.97894525528, -9.11584663391], [-60.8275756836, 17.4938564301, -17.8306007385, -3.06854867935, 4.37564611435, -9.70896053314, 8.52444171906, 5.5917429924, -9.5869178772, 77.3900909424, 18.7500343323, -12.0230512619, -1.09597933292], [41.9022789001, -21.2062740326, -6.77818870544, -4.24606084824, -12.2483787537, -12.6988506317, 2.08770489693, -6.17889022827, -12.3435096741, 18.7500343323, 56.5097084045, 10.7707462311, -0.757810294628], [43.5233840942, -21.7823028564, 1.16527330875, 12.6137418747, -1.43105769157, 2.01624250412, -13.1925125122, 2.60174608231, 5.97894525528, -12.0230512619, 10.7707462311, 54.1587524414, 10.735285759], [-50.1727142334, 10.8213233948, 1.22147297859, -7.68891429901, 12.8012237549, -12.1962270737, 4.40172052383, -9.74402809143, -9.11584663391, -1.09597933292, -0.757810294628, 10.735285759, 50.3120994568]]
        icov: [[0.000604435917921, 0.000684335129336, 0.000352647271939, 0.00015773170162, 0.000211580118048, 0.00051309884293, 0.000403770653065, 0.000505153497215, 0.000141094002174, 0.000353925745003, 3.98543816118e-05, -0.000277389859548, 0.000697233714163], [0.000684335129336, 0.00392123870552, 0.00259007979184, -0.00055550824618, -0.000674823240843, 0.00207288446836, -0.000228560544201, 8.54890231494e-07, -0.00120568857528, 0.000301452702843, 0.00101632100996, 0.000950727437157, -1.3820274944e-05], [0.000352647271939, 0.00259007979184, 0.00943670980632, 0.00186846021097, 0.000875101482961, -0.00124643801246, 0.00128521467559, 0.000761514587793, -0.000281969405478, 0.0012816793751, 0.00130131631158, 0.000679011107422, -0.00078718928853], [0.00015773170162, -0.00055550824618, 0.00186846021097, 0.0132035491988, 0.000165924982866, -0.00202905386686, 0.00191947759595, 0.000438345246948, -0.00178177526686, -0.000207858538488, 0.000793114071712, -0.00334890605882, 0.00203127157874], [0.000211580118048, -0.000674823240843, 0.000875101482961, 0.000165924982866, 0.013472747989, -0.00234857900068, 0.00156829634216, -0.00279411743395, 0.00119162257761, -0.000837300671265, 0.0021118693985, 0.000556791957933, -0.00420470768586], [0.00051309884293, 0.00207288446836, -0.00124643801246, -0.00202905386686, -0.00234857900068, 0.0187292210758, -0.00560348294675, 0.00273687834851, -0.00287741259672, 0.000775174878072, 0.00404295278713, -0.00286057055928, 0.00611084699631], [0.000403770653065, -0.000228560544201, 0.00128521467559, 0.00191947759595, 0.00156829634216, -0.00560348294675, 0.0200827661902, -0.00644427491352, 0.00547097949311, 0.000230870529776, -0.00240551773459, 0.00532348174602, -0.00422433810309], [0.000505153497215, 8.54890231494e-07, 0.000761514587793, 0.000438345246948, -0.00279411743395, 0.00273687834851, -0.00644427491352, 0.0196496937424, -0.00742249889299, -0.00159625289962, 0.00195237225853, -0.00429887557402, 0.00586288468912], [0.000141094002174, -0.00120568857528, -0.000281969405478, -0.00178177526686, 0.00119162257761, -0.00287741259672, 0.00547097949311, -0.00742249889299, 0.0201981291175, 0.00168789632153, 0.00189277494792, -0.000801672460511, 0.00111364165787], [0.000353925745003, 0.000301452702843, 0.0012816793751, -0.000207858538488, -0.000837300671265, 0.000775174878072, 0.000230870529776, -0.00159625289962, 0.00168789632153, 0.0160206910223, -0.00601267535239, 0.0045263087377, -0.000104719525552], [3.98543816118e-05, 0.00101632100996, 0.00130131631158, 0.000793114071712, 0.0021118693985, 0.00404295278713, -0.00240551773459, 0.00195237225853, 0.00189277494792, -0.00601267535239, 0.0238133594394, -0.00750741595402, 0.00311459298246], [-0.000277389859548, 0.000950727437157, 0.000679011107422, -0.00334890605882, 0.000556791957933, -0.00286057055928, 0.00532348174602, -0.00429887557402, -0.000801672460511, 0.0045263087377, -0.00750741595402, 0.0257911663502, -0.00880569312721], [0.000697233714163, -1.3820274944e-05, -0.00078718928853, 0.00203127157874, -0.00420470768586, 0.00611084699631, -0.00422433810309, 0.00586288468912, 0.00111364165787, -0.000104719525552, 0.00311459298246, -0.00880569312721, 0.0270852856338]]
    spectral_contrast:
        mean: [2.5603807785e-07, -2.84239206394e-07, 8.8438909529e-08, 4.45133281346e-07, 9.19956519851e-08, 1.33453553985e-07, 5.23044604961e-07, -2.74941976386e-06, 1.45125557083e-06, -1.37325784522e-07, 1.14465808565e-06, -1.67183418398e-06]
        var: [0.000431202439358, 0.000745455326978, 0.00112357817125, 0.00177229160909, 0.00182606291492, 0.00403540115803, 0.0520213060081, 0.0797732844949, 0.0991432368755, 0.161069974303, 0.230700775981, 1.60957491398]

rhythm:
    beats_loudness:
        dmean: 0.00358216860332
        dmean2: 0.00625957781449
        dvar: 2.47444177148e-06
        dvar2: 1.34731508297e-05
        max: 0.011068969965
        mean: 0.00570724159479
        min: 0.00174931890797
        var: 5.99276154389e-06
    beats_loudness_bass:
        dmean: 0.178270772099
        dmean2: 0.342657029629
        dvar: 0.0128374369815
        dvar2: 0.0417318791151
        max: 0.412707835436
        mean: 0.169234186411
        min: 0.0168584603816
        var: 0.0151161970571
    bpm: 118.494232178
    bpm_confidence: 0
    first_peak_bpm: 119
    first_peak_spread: 0
    first_peak_weight: 0.947368383408
    onset_rate: 3.59823775291
    second_peak_bpm: 111
    second_peak_spread: 0
    second_peak_weight: 0.0526315793395
    beats_position: [0.208800703287, 0.713771760464, 1.21874284744, 1.72371399403, 2.22868514061, 2.73365616798, 3.23862743378, 3.74359822273, 4.24856901169, 4.75354003906, 5.25851106644, 5.76348209381, 6.30560874939, 6.81323766708, 7.32086706161, 7.82849597931, 8.33612537384, 8.8437538147, 9.35138320923, 9.85901165009]
    bpm_estimates: [118.987358093, 118.854568481, 118.956100464, 118.990356445, 118.860099792, 118.81855011, 118.896385193, 118.919624329, 118.153709412, 118.754707336, 118.529953003, 118.536605835, 118.306854248, 118.343025208, 118.171333313, 118.380264282, 118.219482422, 118.244895935, 118.464561462, 116.594818115, 118.395561218]
    bpm_intervals: [0.504971027374, 0.504971086979, 0.504971146584, 0.504971146584, 0.504971027374, 0.504971265793, 0.504970788956, 0.504970788956, 0.504971027374, 0.504971027374, 0.504971027374, 0.542126655579, 0.507628917694, 0.507629394531, 0.507628917694, 0.507629394531, 0.507628440857, 0.507629394531, 0.507628440857]
    onset_times: [0.0580498874187, 0.18575963378, 0.719818592072, 0.986848056316, 1.20743763447, 1.47446715832, 1.72988665104, 1.97369611263, 2.21750569344, 2.73995471001, 2.99537420273, 3.23918366432, 3.50621318817, 3.73841261864, 4.2492518425, 4.46984148026, 4.99229001999, 5.0967798233, 5.27092981339, 5.5727891922, 5.79337882996, 6.00235843658, 6.29260778427, 6.57124710083, 7.08208608627, 7.31428575516, 7.56970500946, 7.83673477173, 8.12698459625, 8.16181373596, 8.31274414062, 8.84680271149, 9.13705253601, 9.34603214264, 9.61306095123, 9.86848068237]
    rubato_start: []
    rubato_stop: []
    perceptual_tempo: "unknown"

sfx:
    inharmonicity:
        dmean: 0.0435868538916
        dmean2: 0.0777423903346
        dvar: 0.00231908960268
        dvar2: 0.00692226272076
        max: 0.280366361141
        mean: 0.0458873771131
        min: 0
        var: 0.00228901556693
    oddtoevenharmonicenergyratio:
        dmean: 2.46981024742
        dmean2: 4.81977653503
        dvar: 57.2074356079
        dvar2: 171.994171143
        max: 80.0837249756
        mean: 1.5163564682
        min: 0
        var: 30.3903846741
    pitch_after_max_to_before_max_energy_ratio: 0.840726733208
    pitch_centroid: 215.368515015
    pitch_max_to_total: 0.559164762497
    pitch_min_to_total: 0.80510443449
    tristimulus:
        dmean: [0.214144796133, 0.237151518464, 0.142492353916]
        dmean2: [0.376754373312, 0.416785210371, 0.248230502009]
        dvar: [0.0326238498092, 0.0352463200688, 0.0169783551246]
        dvar2: [0.0946070998907, 0.103037118912, 0.0478135794401]
        max: [1, 0.979987561703, 0.784911572933]
        mean: [0.396435767412, 0.38122099638, 0.15442609787]
        min: [0.020012345165, 0, 0]
        var: [0.0476689189672, 0.0505357459188, 0.0216580014676]

tonal:
    chords_changes_rate: 0.0462962947786
    chords_number_rate: 0.0277777779847
    chords_strength:
        dmean: 0.00953831803054
        dmean2: 0.00898492150009
        dvar: 7.36110887374e-05
        dvar2: 7.69957987359e-05
        max: 0.694620013237
        mean: 0.538469016552
        min: 0.333917081356
        var: 0.011653482914
    key_strength: 0.758662104607
    tuning_diatonic_strength: 0.575543522835
    tuning_equal_tempered_deviation: 0.0688161700964
    tuning_frequency: 448.467559814
    tuning_nontempered_energy_ratio: 0.667892098427
    hpcp:
        dmean: [0.185289680958, 0.143074423075, 0.114979684353, 0.111145965755, 0.0837963074446, 0.082990385592, 0.0978906974196, 0.127001196146, 0.148107871413, 0.157456740737, 0.149835258722, 0.162735253572, 0.170217841864, 0.16058114171, 0.184436544776, 0.174615427852, 0.175431892276, 0.127693071961, 0.0952045023441, 0.0874418243766, 0.135681420565, 0.163096517324, 0.132414132357, 0.111568830907, 0.131667986512, 0.196106031537, 0.213770315051, 0.162863016129, 0.108298502862, 0.121312476695, 0.131463170052, 0.122795335948, 0.100867278874, 0.118010766804, 0.11014983803, 0.158063158393]
        dmean2: [0.311556190252, 0.232431799173, 0.19117167592, 0.185151860118, 0.144109383225, 0.145734801888, 0.172083839774, 0.226036831737, 0.256927877665, 0.261320263147, 0.258573025465, 0.294293642044, 0.303903877735, 0.27719771862, 0.307540893555, 0.290187269449, 0.301253706217, 0.232719615102, 0.181758522987, 0.159704118967, 0.24014121294, 0.28085938096, 0.227691158652, 0.194576010108, 0.235063105822, 0.355628788471, 0.387660384178, 0.285981893539, 0.185888290405, 0.20628349483, 0.228416740894, 0.204109936953, 0.161553680897, 0.199598014355, 0.193109452724, 0.276872903109]
        dvar: [0.0453238636255, 0.0234878845513, 0.023102177307, 0.0297937709838, 0.0178771466017, 0.0155709711835, 0.0175168160349, 0.0368449762464, 0.0421062596142, 0.0488357357681, 0.0409938953817, 0.0520395599306, 0.0486431121826, 0.0364464744925, 0.0300460904837, 0.0395251959562, 0.0365203246474, 0.040488306433, 0.0417013913393, 0.0251857228577, 0.040893599391, 0.045714661479, 0.0305173434317, 0.0298056043684, 0.0315703675151, 0.0769321471453, 0.0737538859248, 0.042070671916, 0.0264114439487, 0.035755302757, 0.0365887321532, 0.0345996655524, 0.0155888656154, 0.0207652393728, 0.0271836519241, 0.0373745821416]
        dvar2: [0.0941120162606, 0.0602589175105, 0.0558835491538, 0.0782567858696, 0.0492149703205, 0.041641369462, 0.0494330301881, 0.103600770235, 0.122656352818, 0.124851725996, 0.110132724047, 0.148292064667, 0.134047552943, 0.100721374154, 0.0816699042916, 0.08091814816, 0.102048240602, 0.11399718374, 0.120193071663, 0.0743167921901, 0.116854995489, 0.119470633566, 0.0821412801743, 0.0724881440401, 0.0835868343711, 0.207952305675, 0.1876693964, 0.114143364131, 0.0728526934981, 0.0948436558247, 0.091160312295, 0.088060118258, 0.0420816764235, 0.0474485382438, 0.0738106146455, 0.0934800207615]
        max: [1, 1, 1, 1, 1, 0.875323295593, 0.749199330807, 1, 1, 1, 1, 1, 1, 1, 1, 1, 1, 1, 1, 0.97797703743, 1, 1, 1, 1, 1, 1, 1, 1, 1, 1, 1, 1, 1, 0.988241136074, 1, 1]
        mean: [0.419991493225, 0.272401452065, 0.168054938316, 0.177023217082, 0.122864834964, 0.106589108706, 0.125173389912, 0.159454733133, 0.201502069831, 0.203713804483, 0.167687863111, 0.170077726245, 0.181273654103, 0.178904563189, 0.364081442356, 0.520281553268, 0.320123136044, 0.111363507807, 0.070259526372, 0.0723008364439, 0.167809009552, 0.247969731688, 0.184610635042, 0.145638510585, 0.159202799201, 0.162565127015, 0.21325071156, 0.21569596231, 0.1462803334, 0.155775174499, 0.199451029301, 0.166385471821, 0.152222841978, 0.166561678052, 0.142631754279, 0.273769557476]
        min: [0.0379380434752, 0.0213980842382, 0.00616628304124, 0.00618361961097, 0.00261885300279, 0.00212378730066, 0.00485044298694, 0.00800007581711, 0.00655889697373, 0.00387754151598, 0.000823986018077, 0.00687565701082, 0.00326031423174, 0.00598342297599, 0.0298004895449, 0.0343398787081, 0.012193903327, 0.00172484875657, 0.000614353688434, 0.00118572183419, 0.00586095126346, 0.00417711911723, 0.00463421316817, 0.000440695992438, 0.000827282725368, 0.00323052983731, 0.00718150939792, 0.00921339914203, 0.00854660663754, 0.00156741705723, 0.00189751223661, 0.00198568869382, 0.00626401556656, 0.00231803907081, 0.00313260173425, 0.0225113350898]
        var: [0.0991802588105, 0.0459607280791, 0.0348881334066, 0.0586241334677, 0.0268764384091, 0.016633272171, 0.0203616768122, 0.0351796671748, 0.0552183352411, 0.0747465789318, 0.0527938455343, 0.0505423545837, 0.0459758229554, 0.0408905074, 0.0567568019032, 0.125325143337, 0.06432287395, 0.0290283225477, 0.0247161723673, 0.0178386494517, 0.0445771962404, 0.0744758918881, 0.0402293503284, 0.0514404550195, 0.0599616095424, 0.06353392452, 0.0625396221876, 0.0441699251533, 0.0258060824126, 0.0505547225475, 0.0745518878102, 0.0494940914214, 0.0295516047627, 0.0341413207352, 0.0273308064789, 0.0591155998409]
    chords_histogram: [62.0370368958, 0, 0, 0, 0, 0, 0, 0, 0, 0, 0, 0, 0, 0, 0, 2.31481480598, 11.5740737915, 3.70370364189, 0, 6.94444465637, 13.4259262085, 0, 0, 0]
    thpcp: [1, 0.615288257599, 0.214044705033, 0.135041356087, 0.138964831829, 0.322535008192, 0.476606816053, 0.354828327894, 0.279922485352, 0.305993556976, 0.312456071377, 0.40987560153, 0.414575457573, 0.281156092882, 0.299405544996, 0.383352100849, 0.319798916578, 0.292577832937, 0.32013759017, 0.274143397808, 0.526194989681, 0.80723887682, 0.523565471172, 0.323007673025, 0.340245038271, 0.236150667071, 0.204868122935, 0.24058778584, 0.30647778511, 0.38729429245, 0.391545325518, 0.322302162647, 0.326895564795, 0.348414540291, 0.343861043453, 0.699777722359]
    chords_key: "D"
    chords_scale: "major"
    key_key: "D"
    key_scale: "major"
    chords_progression: ["D", "D", "D", "D", "D", "D", "D", "D", "D", "D", "D", "D", "D", "D", "D", "D", "D", "D", "D", "D", "D", "D", "D", "D", "D", "D", "D", "D", "D", "D", "D", "D", "D", "D", "D", "D", "D", "D", "D", "D", "D", "D", "D", "D", "D", "D", "D", "D", "Dm", "D", "D", "D", "Dm", "Dm", "Dm", "Dm", "Dm", "Dm", "Dm", "A#", "A#", "A#", "A#", "A#", "Gm", "A#", "A#", "A#", "A#", "A#", "A#", "A#", "A#", "A#", "A#", "A#", "A#", "A#", "A#", "A#", "A#", "A#", "A#", "A#", "A#", "Gm", "Gm", "Gm", "Gm", "C", "C", "C", "C", "C", "C", "C", "C", "C", "C", "C", "C", "C", "C", "C", "C", "C", "C", "C", "C", "C", "C", "C", "C", "C", "C", "C", "C", "C", "Am", "Am", "Am", "Am", "Am", "Am", "Am", "Am", "Am", "Am", "Am", "Am", "Am", "Am", "Am", "D", "D", "D", "D", "D", "D", "D", "D", "D", "D", "D", "D", "D", "D", "D", "D", "D", "D", "D", "D", "D", "D", "D", "D", "D", "D", "D", "D", "D", "D", "D", "D", "D", "D", "D", "D", "D", "D", "D", "D", "D", "D", "D", "D", "D", "D", "D", "D", "D", "D", "D", "D", "D", "D", "D", "D", "D", "D", "D", "D", "D", "D", "D", "D", "D", "D", "D", "D", "D", "D", "D", "D", "D", "D", "D", "D", "D", "D", "D", "D", "D", "D", "D"]
