
metadata:
    version:
        essentia: "1.2.2"
    audio_properties:
        analysis_sample_rate: 44100
        bitrate: 128
        channels: 2
        equal_loudness: 1
        length: 9.92653083801
        replay_gain: -10.5080356598
        downmix: "mix"
    tags:
        track: 11
        year: 0
        album: "Splitted by Mp3Splt v. 2.1"
        artist: "From 001.40 To 001.50"
        comment: "http://mp3splt.sf.net"
        genre: ""
        title: "06 Song for a Winter's Night.m"

highlevel:
    ballroom:
        all:
            ChaChaCha: 0.00530480314046
            Jive: 0.00817007292062
            Quickstep: 0.0628449991345
            Rumba-American: 0.0134055344388
            Rumba-International: 0.435371041298
            Rumba-Misc: 0.135185778141
            Samba: 0.00805878266692
            Tango: 0.0249928627163
            VienneseWaltz: 0.20432472229
            Waltz: 0.102341398597
        probability: 0.435371041298
        value: "Rumba-International"
    culture:
        all:
            non_western: 0.962010145187
            western: 0.0379898548126
        probability: 0.962010145187
        value: "non_western"
    gender:
        all:
            female: 0.762807130814
            male: 0.237192898989
        probability: 0.762807130814
        value: "female"
    genre_dortmund:
        all:
            alternative: 0.0438391044736
            blues: 0.0222628749907
            electronic: 0.00614501023665
            folkcountry: 0.212107867002
            funksoulrnb: 0.0215541962534
            jazz: 0.555987358093
            pop: 0.0723655447364
            raphiphop: 0.0043626842089
            rock: 0.0613753758371
        probability: 0.555987358093
        value: "jazz"
    genre_electronica:
        all:
            ambient: 0.920777380466
            dnb: 0.0420773252845
            house: 0.0122057283297
            techno: 0.00540668517351
            trance: 0.0195329096168
        probability: 0.920777380466
        value: "ambient"
    genre_rosamerica:
        all:
            cla: 0.0517179556191
            dan: 0.0442444682121
            hip: 0.0161883365363
            jaz: 0.119266115129
            pop: 0.345344752073
            rhy: 0.322418570518
            roc: 0.0912548750639
            spe: 0.00956493243575
        probability: 0.345344752073
        value: "pop"
    genre_tzanetakis:
        all:
            blu: 0.00651715416461
            cla: 0.0219208840281
            cou: 0.366004914045
            dis: 0.0238234680146
            hip: 0.00391915114596
            jaz: 0.194281741977
            met: 0.00350611936301
            pop: 0.215906307101
            reg: 0.050298191607
            roc: 0.113822065294
        probability: 0.366004914045
        value: "cou"
    live_studio:
        all:
            live: 0.0163023471832
            studio: 0.983697652817
        probability: 0.983697652817
        value: "studio"
    mood:
        all:
            Cluster1: 0.110120549798
            Cluster2: 0.0877918452024
            Cluster3: 0.605769634247
            Cluster4: 0.110514007509
            Cluster5: 0.0858039408922
        probability: 0.605769634247
        value: "Cluster3"
    mood_acoustic:
        all:
            acoustic: 0.828198134899
            not_acoustic: 0.171801880002
        probability: 0.828198134899
        value: "acoustic"
    mood_aggressive:
        all:
            aggressive: 0.0429210811853
            not_aggressive: 0.957078933716
        probability: 0.957078933716
        value: "not_aggressive"
    mood_electronic:
        all:
            electronic: 0.302787154913
            not_electronic: 0.697212874889
        probability: 0.697212874889
        value: "not_electronic"
    mood_happy:
        all:
            happy: 0.440501660109
            not_happy: 0.559498310089
        probability: 0.559498310089
        value: "not_happy"
    mood_party:
        all:
            not_party: 0.964600741863
            party: 0.0353992469609
        probability: 0.964600741863
        value: "not_party"
    mood_relaxed:
        all:
            not_relaxed: 0.01219774317
            relaxed: 0.987802267075
        probability: 0.987802267075
        value: "relaxed"
    mood_sad:
        all:
            not_sad: 0.135158568621
            sad: 0.864841401577
        probability: 0.864841401577
        value: "sad"
    rhythm:
        all:
            fast: 0.0424905605614
            medium: 0.531023263931
            slow: 0.426486194134
        probability: 0.531023263931
        value: "medium"
    speech_music:
        all:
            music: 0.997494876385
            speech: 0.00250510126352
        probability: 0.997494876385
        value: "music"
    timbre:
        all:
            bright: 0.949035167694
            dark: 0.0509648472071
        probability: 0.949035167694
        value: "bright"
    voice_instrumental:
        all:
            instrumental: 0.0158528145403
            voice: 0.984147191048
        probability: 0.984147191048
        value: "voice"

lowlevel:
    average_loudness: 0.962278723717
    barkbands_kurtosis:
        dmean: 1.84460222721
        dmean2: 2.67911410332
        dvar: 4.27599477768
        dvar2: 8.90420055389
        max: 27.1709632874
        mean: 4.45901155472
        min: -1.69407701492
        var: 21.5490570068
    barkbands_skewness:
        dmean: 0.3514085114
        dmean2: 0.49415370822
        dvar: 0.0986983031034
        dvar2: 0.194381698966
        max: 4.37312459946
        mean: 1.58139312267
        min: -0.315097510815
        var: 0.691499352455
    barkbands_spread:
        dmean: 2.70209980011
        dmean2: 3.83782863617
        dvar: 8.12370109558
        dvar2: 15.0650186539
        max: 54.0607833862
        mean: 12.8318443298
        min: 2.90779209137
        var: 44.2627029419
    dissonance:
        dmean: 0.0345352850854
        dmean2: 0.0565474368632
        dvar: 0.000852215744089
        dvar2: 0.00250170030631
        max: 0.499553442001
        mean: 0.404659301043
        min: 0.21320271492
        var: 0.00216328934766
    hfc:
        dmean: 0.610815644264
        dmean2: 0.893069326878
        dvar: 0.56932169199
        dvar2: 1.06906497478
        max: 10.4003257751
        mean: 2.93498635292
        min: 3.40188626069e-06
        var: 4.93875837326
    pitch:
        dmean: 86.4919204712
        dmean2: 163.679428101
        dvar: 79217.03125
        dvar2: 162846.875
        max: 4410
        mean: 251.098434448
        min: 66.0179672241
        var: 113608.46875
    pitch_instantaneous_confidence:
        dmean: 0.0799464508891
        dmean2: 0.124006167054
        dvar: 0.00513349473476
        dvar2: 0.0106675056741
        max: 0.882338941097
        mean: 0.537590265274
        min: 0.010388314724
        var: 0.0238679349422
    pitch_salience:
        dmean: 0.0543911270797
        dmean2: 0.0862745344639
        dvar: 0.00216711778194
        dvar2: 0.00477368338034
        max: 0.806551575661
        mean: 0.559547841549
        min: 0.326118379831
        var: 0.00689383409917
    silence_rate_20dB:
        dmean: 0
        dmean2: 0
        dvar: 0
        dvar2: 0
        max: 1
        mean: 1
        min: 1
        var: 0
    silence_rate_30dB:
        dmean: 0
        dmean2: 0
        dvar: 0
        dvar2: 0
        max: 1
        mean: 1
        min: 1
        var: 0
    silence_rate_60dB:
        dmean: 0.0607476644218
        dmean2: 0.121779859066
        dvar: 0.0570576004684
        dvar2: 0.130369320512
        max: 1
        mean: 0.321678310633
        min: 0
        var: 0.218201890588
    spectral_centroid:
        dmean: 79.1009674072
        dmean2: 112.687179565
        dvar: 15298.6904297
        dvar2: 30539.3515625
        max: 2527.07324219
        mean: 596.200256348
        min: 198.970001221
        var: 60698.6523438
    spectral_complexity:
        dmean: 1.25526928902
        dmean2: 2
        dvar: 1.45474541187
        dvar2: 3.0281689167
        max: 17
        mean: 8.36448574066
        min: 0
        var: 12.4792881012
    spectral_crest:
        dmean: 2.17141628265
        dmean2: 3.52069139481
        dvar: 3.64220476151
        dvar2: 9.79662132263
        max: 19.1558990479
        mean: 9.46687984467
        min: 3.62394571304
        var: 8.13003635406
    spectral_decrease:
        dmean: 2.68531197278e-10
        dmean2: 4.0767692e-10
        dvar: 8.37095018429e-20
        dvar2: 2.01097584778e-19
        max: -1.9268777705e-15
        mean: -1.15781839671e-09
        min: -3.65450469886e-09
        var: 4.59730854435e-19
    spectral_energy:
        dmean: 0.00106197874993
        dmean2: 0.00160961179063
        dvar: 1.31526974201e-06
        dvar2: 3.1421282074e-06
        max: 0.0146121680737
        mean: 0.00463607953861
        min: 7.58105667131e-09
        var: 7.46419118514e-06
    spectral_energyband_high:
        dmean: 1.51293425006e-05
        dmean2: 2.17174765567e-05
        dvar: 9.12340758497e-10
        dvar2: 1.82354542577e-09
        max: 0.000498269859236
        mean: 3.23194581142e-05
        min: 1.53696597116e-10
        var: 1.91635862734e-09
    spectral_energyband_low:
        dmean: 0.000121437653434
        dmean2: 0.00017908551672
        dvar: 3.59071741229e-08
        dvar2: 7.69424488567e-08
        max: 0.0021836750675
        mean: 0.000414743262809
        min: 3.4926019854e-09
        var: 1.14902618975e-07
    spectral_energyband_middle_high:
        dmean: 0.000244450493483
        dmean2: 0.000351797061739
        dvar: 1.53867588892e-07
        dvar2: 3.00769983141e-07
        max: 0.00554619217291
        mean: 0.000929534377065
        min: 8.87977691377e-10
        var: 1.00932629721e-06
    spectral_energyband_middle_low:
        dmean: 0.00093837629538
        dmean2: 0.00144158361945
        dvar: 1.16923717997e-06
        dvar2: 2.93431412501e-06
        max: 0.0127866379917
        mean: 0.00325948325917
        min: 2.29397723039e-09
        var: 5.37096047992e-06
    spectral_flatness_db:
        dmean: 0.0158535987139
        dmean2: 0.0231565274298
        dvar: 0.000177846290171
        dvar2: 0.00036695387098
        max: 0.290165245533
        mean: 0.203882873058
        min: 0.0980776399374
        var: 0.00121812755242
    spectral_flux:
        dmean: 0.00716660171747
        dmean2: 0.0114230699837
        dvar: 5.3656338423e-05
        dvar2: 0.000145250174683
        max: 0.0758786275983
        mean: 0.0286817662418
        min: 8.70692601893e-05
        var: 0.000189310638234
    spectral_kurtosis:
        dmean: 2.18255758286
        dmean2: 3.36194038391
        dvar: 3.97911977768
        dvar2: 10.5567426682
        max: 25.9548549652
        mean: 10.6889486313
        min: 1.00533390045
        var: 19.4614276886
    spectral_rms:
        dmean: 0.00024023881997
        dmean2: 0.000351423484972
        dvar: 5.59609460993e-08
        dvar2: 1.16763082758e-07
        max: 0.00377568183467
        mean: 0.00201991386712
        min: 2.7195869734e-06
        var: 4.42957230007e-07
    spectral_rolloff:
        dmean: 190.319091797
        dmean2: 317.589233398
        dvar: 127251.9375
        dvar2: 262860.25
        max: 4651.171875
        mean: 892.018493652
        min: 258.3984375
        var: 294956.8125
    spectral_skewness:
        dmean: 0.233882382512
        dmean2: 0.350237339735
        dvar: 0.0392114818096
        dvar2: 0.0881437882781
        max: 4.40657567978
        mean: 2.75589442253
        min: 0.929930329323
        var: 0.292641162872
    spectral_spread:
        dmean: 528373.6875
        dmean2: 719993.75
        dvar: 2.36754488525e+12
        dvar2: 2.65549119488e+12
        max: 31749618
        mean: 4130965.5
        min: 2185972
        var: 3.60086057779e+12
    spectral_strongpeak:
        dmean: 0.237643063068
        dmean2: 0.372941732407
        dvar: 0.0960237234831
        dvar2: 0.232014581561
        max: 3.06966900826
        mean: 0.628277957439
        min: 0
        var: 0.312809675932
    zerocrossingrate:
        dmean: 0.0048222062178
        dmean2: 0.00609434582293
        dvar: 2.54836577369e-05
        dvar2: 3.68733744835e-05
        max: 0.12353515625
        mean: 0.0383620224893
        min: 0.0048828125
        var: 0.000192652834812
    barkbands:
        dmean: [4.13404706023e-07, 4.47136953881e-05, 9.64015707723e-05, 0.000238864478888, 0.000316636287607, 0.000295855017612, 0.000244486262091, 0.000331906921929, 0.000174123808392, 0.0001455595484, 7.32871703804e-05, 4.98556255479e-05, 4.37665366917e-05, 2.05088144867e-05, 4.04404636356e-05, 1.05483604784e-05, 1.7414578906e-05, 2.7396632504e-05, 2.40533008764e-05, 1.74979159056e-05, 4.75431352243e-06, 8.32070270462e-07, 2.69694481858e-07, 2.92725076179e-07, 2.13979248542e-07, 2.42325626232e-08, 1.70602629246e-10]
        dmean2: [4.82705104332e-07, 6.94824848324e-05, 0.000142230346682, 0.000374498253223, 0.000485318305437, 0.000431013788329, 0.000364843610441, 0.000519131543115, 0.000272010802291, 0.000228259683354, 0.000118135860248, 7.02459510649e-05, 6.14752716501e-05, 2.78837615042e-05, 5.57386956643e-05, 1.59922528837e-05, 2.62855228357e-05, 4.18575182266e-05, 3.38732716045e-05, 2.57813189819e-05, 7.32902117306e-06, 1.27310852349e-06, 3.99569756837e-07, 4.07037333616e-07, 3.06902990133e-07, 3.9324810075e-08, 2.96891011775e-10]
        dvar: [8.30239848225e-13, 7.14585413064e-09, 2.0247684418e-08, 1.09403430315e-07, 1.15745130813e-07, 3.22449864143e-07, 1.49194107735e-07, 4.9444565775e-07, 1.79806406209e-07, 7.63052767638e-08, 3.47931248257e-08, 1.0089499014e-08, 2.78233063256e-08, 3.47106898779e-09, 1.16914842252e-08, 7.01455504792e-10, 1.17414045153e-09, 2.65615951456e-09, 2.28723173734e-09, 1.48085244067e-09, 2.86724893828e-10, 1.07809594585e-11, 3.92954305163e-13, 6.16450087591e-13, 3.13774857876e-13, 1.2732595875e-14, 5.32689451083e-20]
        dvar2: [1.11454595553e-12, 1.6723872065e-08, 4.26870485626e-08, 3.01085407273e-07, 3.20763490436e-07, 6.46333205623e-07, 3.42188059221e-07, 1.35818288527e-06, 4.04751489214e-07, 1.65679068687e-07, 8.96859049249e-08, 1.95088318833e-08, 3.5837228296e-08, 5.1927631084e-09, 1.92719529224e-08, 1.34946920305e-09, 2.35618058397e-09, 5.61818858102e-09, 3.50484707923e-09, 3.23022608661e-09, 6.41897479614e-10, 2.35132243537e-11, 7.10192430038e-13, 9.68396695299e-13, 6.21136334641e-13, 3.31848298027e-14, 1.37660870957e-19]
        max: [1.2771683032e-05, 0.000880640815012, 0.001861569006, 0.00267695239745, 0.00325845903717, 0.00955276563764, 0.00442075775936, 0.0055681578815, 0.00832124613225, 0.0032946781721, 0.00223652040586, 0.00125369091984, 0.00351733108982, 0.00136259850115, 0.00185160385445, 0.000365550920833, 0.000502576702274, 0.000603791559115, 0.000743162876461, 0.0006640208303, 0.000282956520095, 4.27141931141e-05, 1.01891901068e-05, 1.71625142684e-05, 7.01932140146e-06, 1.7705905293e-06, 1.7384058637e-09]
        mean: [1.04634898435e-06, 0.000164175376995, 0.000249528733548, 0.000402533943998, 0.000682753219735, 0.000665678875521, 0.00046199359349, 0.000545192218851, 0.000401400844567, 0.000360748468665, 0.000129635256599, 0.000116564369819, 0.0001060476352, 3.99976124754e-05, 8.25233582873e-05, 1.83424799616e-05, 3.53550822183e-05, 5.66641319892e-05, 6.21638318989e-05, 4.31291919085e-05, 7.28799659555e-06, 1.47552520957e-06, 6.71174177569e-07, 6.46831836093e-07, 4.976686796e-07, 3.28899893987e-08, 1.90131521638e-10]
        min: [2.29814112185e-10, 1.8809487301e-09, 8.7822649153e-10, 6.03671279631e-10, 8.35803648513e-10, 4.05395661485e-10, 1.8984337713e-10, 8.16641892998e-11, 1.38186240228e-10, 3.05143743606e-10, 2.58463472846e-10, 1.70867278659e-10, 6.00851729482e-11, 6.80567581457e-12, 1.52144668392e-11, 2.92489192588e-11, 4.66900910295e-12, 2.04936397713e-11, 5.1051732286e-11, 1.12804141028e-11, 3.64322599866e-11, 3.42778271045e-11, 1.93359668554e-11, 1.72923151492e-11, 1.40783123007e-11, 1.33246816358e-11, 3.40227927212e-14]
        var: [4.01495330038e-12, 1.96385059326e-08, 7.97257158069e-08, 2.15071452203e-07, 3.13776041594e-07, 9.36110950533e-07, 5.1035215165e-07, 8.84245707766e-07, 6.16189026914e-07, 3.16673407497e-07, 7.72857760012e-08, 4.73289070158e-08, 1.65792627627e-07, 1.26483277185e-08, 4.63246614402e-08, 1.38178624098e-09, 4.43633263458e-09, 6.00701577369e-09, 1.03779900229e-08, 3.85128684499e-09, 3.29287208611e-10, 1.58185391869e-11, 8.67941948781e-13, 1.47174351699e-12, 6.47325509168e-13, 1.01875134373e-14, 7.48826833758e-20]
    mfcc:
        mean: [-773.725219727, 174.325714111, -18.0023403168, 35.2188529968, -7.50320196152, -20.6542663574, 11.54322052, -1.42836678028, -8.32495975494, 2.01276612282, -6.8911986351, -5.96110296249, -5.72840833664]
        cov: [[2934.43481445, 59.9639205933, -631.128540039, -135.028518677, -229.665985107, -212.857177734, -11.5629758835, -189.18270874, -140.553939819, 178.699447632, 73.2644729614, -47.1010818481, -15.1837844849], [59.9639205933, 500.893676758, -115.247123718, -107.682044983, -93.0699386597, -109.336395264, 96.8735427856, -25.6092147827, -125.545776367, 40.8045310974, 11.1281471252, 6.37511014938, 32.1793746948], [-631.128540039, -115.247123718, 463.274505615, 62.9975318909, 114.277877808, 124.110664368, -49.687046051, 7.24657392502, 80.8807601929, -130.630081177, -27.9528846741, 39.5708656311, -46.0645065308], [-135.028518677, -107.682044983, 62.9975318909, 186.47492981, 82.8077774048, 14.7380189896, -56.8852043152, 4.8248167038, 89.3489608765, -40.2724227905, -32.4511795044, 16.9223709106, -6.45619249344], [-229.665985107, -93.0699386597, 114.277877808, 82.8077774048, 177.141876221, 23.9622211456, -82.5232467651, -10.0301017761, 81.4364929199, -45.9502944946, -45.7137794495, 26.1108989716, -4.59909772873], [-212.857177734, -109.336395264, 124.110664368, 14.7380189896, 23.9622211456, 216.372680664, 20.9070396423, 38.0130462646, 68.5895233154, -45.9474716187, 41.0561180115, -21.566991806, -47.4936561584], [-11.5629758835, 96.8735427856, -49.687046051, -56.8852043152, -82.5232467651, 20.9070396423, 262.4921875, 88.0969848633, -90.0566482544, 18.2525844574, 35.1220741272, -23.0880031586, 11.7506818771], [-189.18270874, -25.6092147827, 7.24657392502, 4.8248167038, -10.0301017761, 38.0130462646, 88.0969848633, 142.34161377, -3.60094881058, 2.21947860718, 29.6936969757, -28.4795913696, 5.26721906662], [-140.553939819, -125.545776367, 80.8807601929, 89.3489608765, 81.4364929199, 68.5895233154, -90.0566482544, -3.60094881058, 171.272323608, -36.5682373047, -37.3715171814, 20.507768631, -19.3730239868], [178.699447632, 40.8045310974, -130.630081177, -40.2724227905, -45.9502944946, -45.9474716187, 18.2525844574, 2.21947860718, -36.5682373047, 94.8408889771, 25.9264602661, -16.3889503479, 21.8046264648], [73.2644729614, 11.1281471252, -27.9528846741, -32.4511795044, -45.7137794495, 41.0561180115, 35.1220741272, 29.6936969757, -37.3715171814, 25.9264602661, 110.224708557, -17.4673404694, -5.55831861496], [-47.1010818481, 6.37511014938, 39.5708656311, 16.9223709106, 26.1108989716, -21.566991806, -23.0880031586, -28.4795913696, 20.507768631, -16.3889503479, -17.4673404694, 65.3242492676, 8.95943546295], [-15.1837844849, 32.1793746948, -46.0645065308, -6.45619249344, -4.59909772873, -47.4936561584, 11.7506818771, 5.26721906662, -19.3730239868, 21.8046264648, -5.55831861496, 8.95943546295, 86.755645752]]
        icov: [[0.000618083227891, 0.000286137015792, 0.00074889959069, 0.000129417574499, 0.000281523651211, 0.000416012073401, -0.000162676849868, 0.000952066155151, -0.000106305036752, 0.000149825951667, -0.000470420432976, 0.000188841411727, 0.00050517602358], [0.000286137015792, 0.00299771362916, 0.000488103512907, 0.000942649552599, 0.000463185249828, 0.00123597786296, -0.000957563053817, 0.00115050119348, 0.000597902631853, 0.000458860886283, -0.000331473187543, -0.000410560896853, 6.78634823998e-05], [0.00074889959069, 0.000488103512907, 0.00517761334777, 0.000485438213218, -0.000933997158427, -0.00111687567551, 0.000290115684038, 0.000474670552649, 0.00053289567586, 0.00437754346058, -0.000354357471224, -0.00178222823888, 0.00118637189735], [0.000129417574499, 0.000942649552599, 0.000485438213218, 0.00858295615762, -0.00201038620435, 0.00182404043153, -0.000309573864797, -0.000391555629903, -0.00346036907285, 0.00247048167512, -0.000566202623304, 0.000153076151037, 8.14472005004e-05], [0.000281523651211, 0.000463185249828, -0.000933997158427, -0.00201038620435, 0.00991228874773, -0.000242171328864, 0.00178618018981, -0.000454406923382, -0.00100856251083, 0.0004768211802, 0.00199747737497, -0.00130190944765, -0.000672142952681], [0.000416012073401, 0.00123597786296, -0.00111687567551, 0.00182404043153, -0.000242171328864, 0.0106047187001, -0.00271339667961, 0.00131443166174, -0.00549298943952, 0.00297273951583, -0.00544772623107, 0.00426970794797, 0.00247368286364], [-0.000162676849868, -0.000957563053817, 0.000290115684038, -0.000309573864797, 0.00178618018981, -0.00271339667961, 0.00744921341538, -0.00478557962924, 0.00380101031624, -2.22936905629e-05, 0.00183447101153, -0.00182372017298, -0.000491179642268], [0.000952066155151, 0.00115050119348, 0.000474670552649, -0.000391555629903, -0.000454406923382, 0.00131443166174, -0.00478557962924, 0.012720560655, -0.00231011444703, 0.000307992420858, -0.00345115410164, 0.0048448452726, -0.00078057218343], [-0.000106305036752, 0.000597902631853, 0.00053289567586, -0.00346036907285, -0.00100856251083, -0.00549298943952, 0.00380101031624, -0.00231011444703, 0.0135915242136, -0.00142016052268, 0.00447721080855, -0.00412388471887, 0.000454653520137], [0.000149825951667, 0.000458860886283, 0.00437754346058, 0.00247048167512, 0.0004768211802, 0.00297273951583, -2.22936905629e-05, 0.000307992420858, -0.00142016052268, 0.0202796980739, -0.00427105976269, 0.00234499527141, -0.00192871014588], [-0.000470420432976, -0.000331473187543, -0.000354357471224, -0.000566202623304, 0.00199747737497, -0.00544772623107, 0.00183447101153, -0.00345115410164, 0.00447721080855, -0.00427105976269, 0.0145769473165, -0.00199287477881, 0.000107949315861], [0.000188841411727, -0.000410560896853, -0.00178222823888, 0.000153076151037, -0.00130190944765, 0.00426970794797, -0.00182372017298, 0.0048448452726, -0.00412388471887, 0.00234499527141, -0.00199287477881, 0.0216009728611, -0.0023970331531], [0.00050517602358, 6.78634823998e-05, 0.00118637189735, 8.14472005004e-05, -0.000672142952681, 0.00247368286364, -0.000491179642268, -0.00078057218343, 0.000454653520137, -0.00192871014588, 0.000107949315861, -0.0023970331531, 0.0144990812987]]
    spectral_contrast:
        mean: [1.41561031342e-07, 1.23661365592e-07, 2.30280392088e-07, -1.205497e-07, 1.34214900527e-07, -1.53955454607e-07, 5.87969168464e-07, -2.98998060089e-07, -1.64787525136e-06, 1.74051137947e-06, 2.39337714447e-06, 1.9229460122e-06]
        var: [0.000311629701173, 0.000895474164281, 0.0012841054704, 0.00237384717911, 0.00518772331998, 0.00969559978694, 0.0575535595417, 0.0863422304392, 0.135543361306, 0.226875141263, 0.257649630308, 1.40734553337]

rhythm:
    beats_loudness:
        dmean: 0.00225453521125
        dmean2: 0.00378641835414
        dvar: 2.55374493463e-06
        dvar2: 5.58084866498e-06
        max: 0.00966465286911
        mean: 0.00448451377451
        min: 0.000844260153826
        var: 4.90521961183e-06
    beats_loudness_bass:
        dmean: 0.121076948941
        dmean2: 0.151625528932
        dvar: 0.0109521895647
        dvar2: 0.0155465696007
        max: 0.66633784771
        mean: 0.205242544413
        min: 0.0146576361731
        var: 0.0318623296916
    bpm: 151.546875
    bpm_confidence: 0
    first_peak_bpm: 152
    first_peak_spread: 0
    first_peak_weight: 0.958333313465
    onset_rate: 3.22368407249
    second_peak_bpm: 123
    second_peak_spread: 0
    second_peak_weight: 0.0416666679084
    beats_position: [0.0664676129818, 0.461139410734, 0.855811178684, 1.25048291683, 1.64515459538, 2.03982639313, 2.43449807167, 2.82916975021, 3.22384166718, 3.61851358414, 4.0131855011, 4.40785741806, 4.80252933502, 5.19720125198, 5.59187316895, 6.08149766922, 6.47845649719, 6.87541532516, 7.2723736763, 7.66933298111, 8.06629180908, 8.46325016022, 8.86020946503, 9.25716781616, 9.65412712097]
    bpm_estimates: [151.766067505, 151.893066406, 152.417572021, 147.897613525, 153.032897949, 149.904922485, 153.916015625]
    bpm_intervals: [0.394671797752, 0.39467176795, 0.394671738148, 0.394671678543, 0.394671797752, 0.394671678543, 0.394671678543, 0.394671916962, 0.394671916962, 0.394671916962, 0.394671916962, 0.394671916962, 0.394671916962, 0.394671916962, 0.489624500275, 0.396958827972, 0.396958827972, 0.396958351135, 0.39695930481, 0.396958827972, 0.396958351135, 0.39695930481, 0.396958351135, 0.39695930481]
    onset_times: [0.0580498874187, 0.638548731804, 0.859138309956, 1.01006805897, 1.2190476656, 1.34675741196, 2.14784574509, 2.38004541397, 2.54258513451, 2.72834467888, 2.96054410934, 3.35528349876, 3.63392281532, 3.73841261864, 4.13315200806, 4.55111122131, 5.71210861206, 6.13006782532, 6.59446716309, 6.72217702866, 6.86149644852, 7.36072540283, 7.53487539291, 7.75546503067, 7.80190467834, 7.98766422272, 8.16181373596, 8.59138298035, 8.98612213135, 9.02095222473, 9.32281208038, 9.79882049561]
    rubato_start: []
    rubato_stop: []
    perceptual_tempo: "unknown"

sfx:
    inharmonicity:
        dmean: 0.0223284624517
        dmean2: 0.0396427921951
        dvar: 0.000733812863473
        dvar2: 0.00185922195669
        max: 0.175027742982
        mean: 0.0228241384029
        min: 1.47026810282e-07
        var: 0.000828863936476
    oddtoevenharmonicenergyratio:
        dmean: 1.70298302174
        dmean2: 3.11952710152
        dvar: 11.704000473
        dvar2: 32.5412063599
        max: 33.2057380676
        mean: 1.37455391884
        min: 5.07262654992e-07
        var: 8.05006504059
    pitch_after_max_to_before_max_energy_ratio: 0.279034078121
    pitch_centroid: 232.394973755
    pitch_max_to_total: 0.939252316952
    pitch_min_to_total: 0.609813094139
    tristimulus:
        dmean: [0.211292043328, 0.211882442236, 0.0468145720661]
        dmean2: [0.35939386487, 0.364208877087, 0.0833099782467]
        dvar: [0.042777005583, 0.038839109242, 0.00325291440822]
        dvar2: [0.110859662294, 0.102617368102, 0.00869434233755]
        max: [0.999288260937, 0.888242542744, 0.466503530741]
        mean: [0.484117209911, 0.450558185577, 0.052900262177]
        min: [0.0247655920684, 0, 0]
        var: [0.0652691423893, 0.0593252889812, 0.00401537586004]

tonal:
    chords_changes_rate: 0.0697674453259
    chords_number_rate: 0.0418604649603
    chords_strength:
        dmean: 0.0100292488933
        dmean2: 0.00835419911891
        dvar: 7.05687998561e-05
        dvar2: 8.29058117233e-05
        max: 0.705926179886
        mean: 0.565706253052
        min: 0.351473212242
        var: 0.00524007342756
    key_strength: 0.790645956993
    tuning_diatonic_strength: 0.691150724888
    tuning_equal_tempered_deviation: 0.148239269853
    tuning_frequency: 443.828887939
    tuning_nontempered_energy_ratio: 0.798087179661
    hpcp:
        dmean: [0.101970098913, 0.0790779590607, 0.0757756978273, 0.0657479092479, 0.046724986285, 0.0328724645078, 0.0362227708101, 0.0924014896154, 0.139263361692, 0.122481815517, 0.0851082503796, 0.0442377589643, 0.0319691821933, 0.0746318772435, 0.132038861513, 0.139993816614, 0.145763978362, 0.0707440003753, 0.0426817461848, 0.0745057463646, 0.101616822183, 0.130243599415, 0.150758355856, 0.131339386106, 0.111924655735, 0.0791585594416, 0.035188049078, 0.0162664894015, 0.0460810437799, 0.0973621681333, 0.103811748326, 0.0920689180493, 0.0566839426756, 0.0390380844474, 0.0821314379573, 0.102450542152]
        dmean2: [0.164619207382, 0.128377169371, 0.133043378592, 0.103904277086, 0.0798327848315, 0.0587336272001, 0.0617193579674, 0.155069306493, 0.219794929028, 0.189495265484, 0.144032388926, 0.0806090906262, 0.0574485138059, 0.121583640575, 0.224114537239, 0.232272282243, 0.256128162146, 0.127478569746, 0.0753551796079, 0.131441012025, 0.161349639297, 0.212283983827, 0.252467393875, 0.224501386285, 0.185693636537, 0.129127472639, 0.0612401552498, 0.0285748578608, 0.0797250121832, 0.15903608501, 0.165907099843, 0.156817957759, 0.101410038769, 0.071989223361, 0.138947099447, 0.169757410884]
        dvar: [0.0245651379228, 0.0107566555962, 0.0232249666005, 0.0237300861627, 0.0142355654389, 0.00915579684079, 0.00498088821769, 0.0197259858251, 0.0338375121355, 0.0308283921331, 0.0229642372578, 0.0133571755141, 0.00447972863913, 0.0236293729395, 0.0473795905709, 0.0502752773464, 0.0614522919059, 0.0249480828643, 0.0170689355582, 0.028323892504, 0.0221233461052, 0.0359030291438, 0.0446315482259, 0.0389673449099, 0.0270101483911, 0.0197222530842, 0.00902012456208, 0.00109139259439, 0.00801078975201, 0.0203215815127, 0.0252404827625, 0.02744329907, 0.0181190762669, 0.0111749572679, 0.0216024126858, 0.0285751260817]
        dvar2: [0.0559425726533, 0.0251370500773, 0.0545941330492, 0.0522624365985, 0.0362063199282, 0.0267687551677, 0.0139974812046, 0.051683627069, 0.0789366066456, 0.0654033273458, 0.0530693866313, 0.0374260544777, 0.0122942905873, 0.0644734948874, 0.112412281334, 0.119223847985, 0.16389888525, 0.0697679892182, 0.0357706211507, 0.0780999734998, 0.0478913486004, 0.0800075009465, 0.118395514786, 0.105740532279, 0.066023118794, 0.0444083809853, 0.024969143793, 0.00282958243042, 0.0228143855929, 0.0538433864713, 0.0509213507175, 0.073360517621, 0.0499601513147, 0.0320975333452, 0.0689852386713, 0.0682266354561]
        max: [1, 1, 1, 1, 1, 0.945099651814, 0.593025803566, 0.807336688042, 1, 1, 0.971007168293, 0.92481058836, 0.42905113101, 1, 1, 1, 1, 0.969293236732, 1, 1, 1, 1, 1, 1, 1, 1, 0.69059497118, 0.316986739635, 0.674992322922, 1, 1, 1, 0.93367010355, 0.850411713123, 0.898668408394, 1]
        mean: [0.212256282568, 0.111679956317, 0.127853691578, 0.130588367581, 0.0581492222846, 0.0315138883889, 0.0434546209872, 0.11957398057, 0.305810391903, 0.304162174463, 0.118071004748, 0.0381120033562, 0.0269963238388, 0.0737609118223, 0.218603700399, 0.276219397783, 0.153651878238, 0.0486141145229, 0.0415472798049, 0.0751540586352, 0.152921885252, 0.205434277654, 0.188442915678, 0.242195427418, 0.226783186197, 0.0927807316184, 0.027127334848, 0.0147784566507, 0.044217787683, 0.175274655223, 0.235759302974, 0.128079563379, 0.0487573482096, 0.0334344394505, 0.0867046192288, 0.21575216949]
        min: [0, 0, 0, 0, 0, 0, 0, 0, 0, 0, 0, 0, 0, 0, 0, 0, 0, 0, 0, 0, 0, 0, 0, 0, 0, 0, 0, 0, 0, 0, 0, 0, 0, 0, 0, 0]
        var: [0.0917697921395, 0.0215940121561, 0.0613724626601, 0.0826436802745, 0.0204895902425, 0.00622001523152, 0.00552891520783, 0.0259482432157, 0.126908227801, 0.122490853071, 0.0324894338846, 0.0106010995805, 0.00373059697449, 0.0237811133265, 0.0991196855903, 0.130748048425, 0.0687761232257, 0.0172062814236, 0.0238557588309, 0.0354023836553, 0.0505741871893, 0.0776036605239, 0.0622704401612, 0.101243801415, 0.0959311202168, 0.0314016193151, 0.00704536819831, 0.000891431176569, 0.00657866988331, 0.0569228678942, 0.0944621264935, 0.0388295464218, 0.0164036843926, 0.00809208955616, 0.0238053537905, 0.0898577049375]
    chords_histogram: [0, 4.65116262436, 36.2790679932, 0.465116292238, 0, 0, 0, 0, 1.39534878731, 7.44186067581, 10.6976747513, 2.79069757462, 0, 0, 0, 0, 0, 0, 0, 0, 0, 13.9534883499, 13.4883718491, 8.83720970154]
    thpcp: [1, 0.994610309601, 0.386092185974, 0.124626256526, 0.0882779806852, 0.241198182106, 0.714834094048, 0.903237462044, 0.502441644669, 0.158968150616, 0.13585960865, 0.245753780007, 0.500054597855, 0.671770095825, 0.6162083745, 0.791979074478, 0.741581022739, 0.303393006325, 0.0887063890696, 0.0483255535364, 0.144592165947, 0.573148131371, 0.770932912827, 0.418820172548, 0.159436538815, 0.109330616891, 0.283524096012, 0.705509603024, 0.694078028202, 0.365193456411, 0.418081581593, 0.427023977041, 0.190147966146, 0.103050418198, 0.142096608877, 0.391006916761]
    chords_key: "C"
    chords_scale: "major"
    key_key: "F"
    key_scale: "major"
    chords_progression: ["E", "E", "E", "E", "E", "E", "E", "E", "E", "E", "E", "E", "E", "E", "E", "E", "E", "E", "E", "E", "E", "E", "E", "Em", "C", "C", "C", "C", "C", "C", "C", "C", "C", "C", "C", "C", "C", "C", "C", "C", "C", "C", "C", "C", "C", "C", "C", "C", "C", "C", "C", "C", "C", "C", "C", "C", "C", "C", "Am", "Gm", "Gm", "Gm", "Gm", "Gm", "Gm", "Gm", "Gm", "Gm", "Gm", "Dm", "Dm", "Dm", "Dm", "Dm", "Gm", "Gm", "Gm", "Gm", "Gm", "Gm", "Gm", "Gm", "Gm", "Gm", "Gm", "Gm", "Gm", "Gm", "Gm", "Gm", "Gm", "Gm", "Gm", "Gm", "C", "C", "C", "C", "C", "C", "C", "C", "C", "C", "C", "C", "C", "C", "C", "C", "C", "C", "C", "C", "C", "C", "C", "C", "C", "C", "C", "C", "C", "C", "C", "C", "C", "C", "C", "C", "C", "C", "C", "C", "C", "C", "C", "C", "Am", "Am", "Am", "Am", "Am", "Am", "Am", "Am", "Am", "G#m", "G#m", "G#m", "G#m", "G#m", "G#m", "A", "A", "A", "C#m", "C#m", "C#m", "C#m", "C#m", "C#m", "C#m", "C#m", "C#m", "C#m", "C#m", "C#m", "C#m", "C#m", "Dm", "Dm", "Dm", "Dm", "Dm", "Dm", "C#m", "C#m", "Dm", "Dm", "Dm", "Dm", "Dm", "Dm", "Dm", "Dm", "A#", "A#", "A#", "A#", "A#", "A#", "A#", "A#", "A#", "A#", "A#", "A#", "A#", "A#", "A#", "A#", "A#", "A#", "A#", "A#", "A#", "A#", "A#", "A#", "A#", "A#", "A#", "A#", "A#"]
