
metadata:
    version:
        essentia: "1.2.2"
    audio_properties:
        analysis_sample_rate: 44100
        bitrate: 128
        channels: 2
        equal_loudness: 1
        length: 10.0832653046
        replay_gain: -10.2196674347
        downmix: "mix"
    tags:
        track: 6
        year: 0
        album: "Splitted by Mp3Splt v. 2.1"
        artist: "From 000.50 To 001.00"
        comment: "http://mp3splt.sf.net"
        genre: ""
        title: "08 Rumor Has It.mp3"

highlevel:
    ballroom:
        all:
            ChaChaCha: 0.0165187921375
            Jive: 0.0448587536812
            Quickstep: 0.592977583408
            Rumba-American: 0.00977883208543
            Rumba-International: 0.0217261407524
            Rumba-Misc: 0.0171005949378
            Samba: 0.019570004195
            Tango: 0.173258200288
            VienneseWaltz: 0.0515507608652
            Waltz: 0.0526603348553
        probability: 0.592977583408
        value: "Quickstep"
    culture:
        all:
            non_western: 0.00920973718166
            western: 0.990790247917
        probability: 0.990790247917
        value: "western"
    gender:
        all:
            female: 0.615543723106
            male: 0.384456247091
        probability: 0.615543723106
        value: "female"
    genre_dortmund:
        all:
            alternative: 0.103689178824
            blues: 0.0564574226737
            electronic: 0.0171044338495
            folkcountry: 0.611550986767
            funksoulrnb: 0.00544673530385
            jazz: 0.065324857831
            pop: 0.0883600413799
            raphiphop: 0.00229591457173
            rock: 0.0497704260051
        probability: 0.611550986767
        value: "folkcountry"
    genre_electronica:
        all:
            ambient: 0.779036819935
            dnb: 0.0369687825441
            house: 0.0805393755436
            techno: 0.0160751305521
            trance: 0.0873799175024
        probability: 0.779036819935
        value: "ambient"
    genre_rosamerica:
        all:
            cla: 0.105428613722
            dan: 0.00839274469763
            hip: 0.00732161803171
            jaz: 0.0552979707718
            pop: 0.348293542862
            rhy: 0.387168437243
            roc: 0.0835326984525
            spe: 0.00456435466185
        probability: 0.387168437243
        value: "rhy"
    genre_tzanetakis:
        all:
            blu: 0.00629813456908
            cla: 0.0100285112858
            cou: 0.84552103281
            dis: 0.0147384693846
            hip: 0.00108007283416
            jaz: 0.00366087560542
            met: 0.00410441728309
            pop: 0.0465650260448
            reg: 0.0263491366059
            roc: 0.0416543148458
        probability: 0.84552103281
        value: "cou"
    live_studio:
        all:
            live: 0.00523929018527
            studio: 0.99476069212
        probability: 0.99476069212
        value: "studio"
    mood:
        all:
            Cluster1: 0.167394295335
            Cluster2: 0.182751640677
            Cluster3: 0.505241334438
            Cluster4: 0.0637533664703
            Cluster5: 0.0808593630791
        probability: 0.505241334438
        value: "Cluster3"
    mood_acoustic:
        all:
            acoustic: 0.637407422066
            not_acoustic: 0.362592577934
        probability: 0.637407422066
        value: "acoustic"
    mood_aggressive:
        all:
            aggressive: 5.42005045645e-06
            not_aggressive: 0.999994575977
        probability: 0.999994575977
        value: "not_aggressive"
    mood_electronic:
        all:
            electronic: 0.0394452326
            not_electronic: 0.960554778576
        probability: 0.960554778576
        value: "not_electronic"
    mood_happy:
        all:
            happy: 0.630460083485
            not_happy: 0.369539946318
        probability: 0.630460083485
        value: "happy"
    mood_party:
        all:
            not_party: 0.801430463791
            party: 0.198569506407
        probability: 0.801430463791
        value: "not_party"
    mood_relaxed:
        all:
            not_relaxed: 0.799606621265
            relaxed: 0.200393393636
        probability: 0.799606621265
        value: "not_relaxed"
    mood_sad:
        all:
            not_sad: 0.183461844921
            sad: 0.816538155079
        probability: 0.816538155079
        value: "sad"
    rhythm:
        all:
            fast: 0.966444611549
            medium: 0.0202036593109
            slow: 0.0133517468348
        probability: 0.966444611549
        value: "fast"
    speech_music:
        all:
            music: 0.990517616272
            speech: 0.00948236137629
        probability: 0.990517616272
        value: "music"
    timbre:
        all:
            bright: 0.999982714653
            dark: 1.72784766619e-05
        probability: 0.999982714653
        value: "bright"
    voice_instrumental:
        all:
            instrumental: 0.00468377629295
            voice: 0.995316207409
        probability: 0.995316207409
        value: "voice"

lowlevel:
    average_loudness: 0.541122734547
    barkbands_kurtosis:
        dmean: 1.16821050644
        dmean2: 1.7921680212
        dvar: 3.01291012764
        dvar2: 5.86581039429
        max: 19.3018703461
        mean: 2.02050995827
        min: -1.84611356258
        var: 18.0745277405
    barkbands_skewness:
        dmean: 0.306133776903
        dmean2: 0.460656434298
        dvar: 0.102359093726
        dvar2: 0.186428889632
        max: 4.31573629379
        mean: 1.08708453178
        min: -1.73770058155
        var: 1.39129698277
    barkbands_spread:
        dmean: 4.02934265137
        dmean2: 5.96615886688
        dvar: 26.1840667725
        dvar2: 53.4394721985
        max: 55.1964149475
        mean: 22.5350322723
        min: 4.07934617996
        var: 124.420288086
    dissonance:
        dmean: 0.0237508192658
        dmean2: 0.0396399982274
        dvar: 0.00048258251627
        dvar2: 0.00124738609884
        max: 0.495651483536
        mean: 0.436939358711
        min: 0.283376127481
        var: 0.00138645654079
    hfc:
        dmean: 0.862025976181
        dmean2: 1.1950057745
        dvar: 2.94178104401
        dvar2: 5.64318370819
        max: 37.7893028259
        mean: 3.888651371
        min: 0.00681535806507
        var: 47.6113471985
    pitch:
        dmean: 246.574508667
        dmean2: 483.175354004
        dvar: 674970.0625
        dvar2: 1969651.125
        max: 4410
        mean: 385.843200684
        min: 82.1229019165
        var: 474125.21875
    pitch_instantaneous_confidence:
        dmean: 0.0730433315039
        dmean2: 0.109630160034
        dvar: 0.00671711331233
        dvar2: 0.0120092602447
        max: 0.933919668198
        mean: 0.553495228291
        min: 0.148195743561
        var: 0.0331886671484
    pitch_salience:
        dmean: 0.0494951084256
        dmean2: 0.0804254934192
        dvar: 0.00218309485354
        dvar2: 0.0050558373332
        max: 0.933646500111
        mean: 0.592224180698
        min: 0.295044839382
        var: 0.00761881843209
    silence_rate_20dB:
        dmean: 0
        dmean2: 0
        dvar: 0
        dvar2: 0
        max: 1
        mean: 1
        min: 1
        var: 0
    silence_rate_30dB:
        dmean: 0
        dmean2: 0
        dvar: 0
        dvar2: 0
        max: 1
        mean: 1
        min: 1
        var: 0
    silence_rate_60dB:
        dmean: 0.0368663594127
        dmean2: 0.0739030018449
        dvar: 0.0355072021484
        dvar2: 0.0776789858937
        max: 1
        mean: 0.786206901073
        min: 0
        var: 0.168085798621
    spectral_centroid:
        dmean: 160.110031128
        dmean2: 243.990005493
        dvar: 43033.5703125
        dvar2: 84631.1171875
        max: 2770.34985352
        mean: 1128.32971191
        min: 289.229888916
        var: 423284.03125
    spectral_complexity:
        dmean: 1.39351856709
        dmean2: 2.20881676674
        dvar: 5.72014570236
        dvar2: 13.0375995636
        max: 36
        mean: 6.51270198822
        min: 0
        var: 32.7301864624
    spectral_crest:
        dmean: 1.5201921463
        dmean2: 2.42359280586
        dvar: 2.42264580727
        dvar2: 5.14457082748
        max: 22.5858230591
        mean: 9.00264930725
        min: 3.16622376442
        var: 14.2218093872
    spectral_decrease:
        dmean: 9.29408008887e-11
        dmean2: 1.28273766609e-10
        dvar: 2.26167965422e-20
        dvar2: 3.96105194467e-20
        max: -1.37362246144e-12
        mean: -4.99646157781e-10
        min: -3.56345819519e-09
        var: 4.20198807287e-19
    spectral_energy:
        dmean: 0.000417583651142
        dmean2: 0.000572986027692
        dvar: 4.96395330174e-07
        dvar2: 8.70232668149e-07
        max: 0.0167848244309
        mean: 0.00223849131726
        min: 5.80254163651e-06
        var: 9.39046003623e-06
    spectral_energyband_high:
        dmean: 6.45110631012e-05
        dmean2: 0.000103221827885
        dvar: 2.43058799754e-08
        dvar2: 6.40695390075e-08
        max: 0.001628969796
        mean: 0.00011675163114
        min: 1.96400648633e-07
        var: 4.32059117372e-08
    spectral_energyband_low:
        dmean: 4.38216920884e-05
        dmean2: 7.73077335907e-05
        dvar: 1.48723628968e-08
        dvar2: 4.24470378846e-08
        max: 0.00111257459503
        mean: 7.81217313488e-05
        min: 5.77277141645e-08
        var: 1.25373258442e-08
    spectral_energyband_middle_high:
        dmean: 0.000264194735792
        dmean2: 0.000339834572515
        dvar: 2.96710027214e-07
        dvar2: 4.24376366936e-07
        max: 0.0157176274806
        mean: 0.00132591871079
        min: 3.25506243826e-06
        var: 7.20389607523e-06
    spectral_energyband_middle_low:
        dmean: 0.000183548647328
        dmean2: 0.000268895848421
        dvar: 7.292090487e-08
        dvar2: 1.75254470491e-07
        max: 0.00321240746416
        mean: 0.000717699120287
        min: 2.18128479901e-06
        var: 2.77307066199e-07
    spectral_flatness_db:
        dmean: 0.0164577122778
        dmean2: 0.025014815852
        dvar: 0.000277520768577
        dvar2: 0.000530876161065
        max: 0.292930036783
        mean: 0.185972377658
        min: 0.0959435552359
        var: 0.00151927035768
    spectral_flux:
        dmean: 0.00682127848268
        dmean2: 0.0110601363704
        dvar: 9.48728702497e-05
        dvar2: 0.000249638251262
        max: 0.104580834508
        mean: 0.0205911900848
        min: 0.0020874820184
        var: 0.000332814961439
    spectral_kurtosis:
        dmean: 1.77254199982
        dmean2: 3.09881353378
        dvar: 4.52182722092
        dvar2: 12.0605583191
        max: 20.9514141083
        mean: 5.2114071846
        min: -0.672008991241
        var: 11.582403183
    spectral_rms:
        dmean: 0.000132841305458
        dmean2: 0.000185693003004
        dvar: 3.80618914164e-08
        dvar2: 6.28825915783e-08
        max: 0.00404665758833
        mean: 0.00125349953305
        min: 7.52397245378e-05
        var: 6.12633186847e-07
    spectral_rolloff:
        dmean: 365.814880371
        dmean2: 596.034667969
        dvar: 313731.40625
        dvar2: 629886
        max: 5232.56835938
        mean: 2147.70068359
        min: 279.931640625
        var: 1951615.5
    spectral_skewness:
        dmean: 0.220198795199
        dmean2: 0.365961641073
        dvar: 0.0627502799034
        dvar2: 0.154995471239
        max: 3.18806147575
        mean: 1.71968066692
        min: 0.521805047989
        var: 0.255740314722
    spectral_spread:
        dmean: 530829.625
        dmean2: 733465.375
        dvar: 749584777216
        dvar2: 1.31899313357e+12
        max: 14283392
        mean: 4320087
        min: 2217616
        var: 1.91421310566e+12
    spectral_strongpeak:
        dmean: 0.348053961992
        dmean2: 0.574243724346
        dvar: 0.622454226017
        dvar2: 1.58186805248
        max: 7.846326828
        mean: 0.690589249134
        min: 0.0020578156691
        var: 1.7351180315
    zerocrossingrate:
        dmean: 0.00728918006644
        dmean2: 0.0085636144504
        dvar: 6.11271825619e-05
        dvar2: 5.87654903939e-05
        max: 0.1630859375
        mean: 0.0681766942143
        min: 0.0078125
        var: 0.00101849343628
    barkbands:
        dmean: [5.05730675116e-08, 1.45033036461e-05, 3.16720979754e-05, 3.40208935086e-05, 9.03180625755e-05, 4.42183154519e-05, 4.59421898995e-05, 2.81310603896e-05, 5.61665001442e-05, 4.17527517129e-05, 4.68914658995e-05, 2.59158387053e-05, 3.58342804248e-05, 2.62209086941e-05, 6.87583305989e-05, 7.89076511865e-05, 3.27302404912e-05, 6.80798402755e-05, 7.41678304621e-05, 8.35204773466e-05, 2.16409534914e-05, 6.06187950325e-06, 1.436732191e-06, 5.43418479992e-07, 2.58941668108e-07, 9.60507762215e-09, 6.49819364984e-10]
        dmean2: [8.38724858454e-08, 2.62772791757e-05, 5.49700816919e-05, 5.88927978242e-05, 0.000146549980855, 7.03491095919e-05, 6.76239433233e-05, 3.86859210266e-05, 8.00127672846e-05, 6.01559841016e-05, 7.40215473343e-05, 3.86435167457e-05, 5.4712574638e-05, 3.9440823457e-05, 0.000105376704596, 0.000102579593658, 4.98468943988e-05, 0.000103101578134, 0.000116422284918, 0.000133876208565, 3.53003888449e-05, 1.00047500382e-05, 2.38041411649e-06, 8.38403082071e-07, 3.59484346291e-07, 1.35376172494e-08, 1.01957231546e-09]
        dvar: [4.73393636032e-14, 3.10585779317e-09, 5.30635846374e-09, 6.29735552593e-09, 1.99374543541e-08, 7.10105441115e-09, 1.06722843896e-08, 7.96385002388e-09, 1.91505229452e-08, 1.98269010099e-08, 1.92059808057e-08, 1.06250865883e-08, 1.63566298284e-08, 6.34369756725e-09, 7.16928383326e-08, 6.69670470188e-08, 5.51519496739e-09, 3.34431327076e-08, 2.50630289855e-08, 4.13566034752e-08, 4.46981873736e-09, 8.17821865784e-10, 2.98439779833e-11, 2.75496791179e-12, 4.69597668043e-13, 7.70012188421e-16, 5.90728056605e-17]
        dvar2: [1.03657655918e-13, 8.98725627252e-09, 1.45607357283e-08, 1.63536792996e-08, 4.81010715703e-08, 1.8722351669e-08, 2.39732109719e-08, 1.62694551165e-08, 3.54383118406e-08, 2.88483104072e-08, 4.85182276577e-08, 2.49285232456e-08, 2.58817625109e-08, 1.37089104513e-08, 1.65974626043e-07, 1.18628364021e-07, 1.27858248433e-08, 7.20566788459e-08, 5.44334781694e-08, 8.96609151368e-08, 1.20693375294e-08, 2.1524344529e-09, 8.01682123464e-11, 5.38280704732e-12, 8.18791920116e-13, 1.40789729559e-15, 1.48641854682e-16]
        max: [1.92261654774e-06, 0.000507567543536, 0.000733073044103, 0.00113370106556, 0.00191239197738, 0.00107047881465, 0.0016919921618, 0.00121880858205, 0.00192008935846, 0.0021090186201, 0.00197248137556, 0.00137502641883, 0.0027709454298, 0.00130260770675, 0.00650401925668, 0.0041499924846, 0.00122771295719, 0.00339779467322, 0.00273801549338, 0.00343639287166, 0.000821531983092, 0.000454231863841, 6.78986616549e-05, 2.60210290435e-05, 1.30246562549e-05, 3.91774761965e-07, 1.14282130426e-07]
        mean: [5.08359647711e-08, 2.00894774025e-05, 5.79824773013e-05, 7.10909225745e-05, 0.00020152729121, 0.000113830392365, 0.000121067081636, 5.81381136726e-05, 0.000149790997966, 8.68268543854e-05, 0.000121653691167, 4.10680913774e-05, 7.80558257247e-05, 7.18012088328e-05, 0.000191808634554, 0.000148950392031, 8.9523200586e-05, 0.00016396769206, 0.000188153077033, 0.000212156490306, 3.70120797015e-05, 9.9656635939e-06, 2.4145849693e-06, 1.15268710488e-06, 4.02645298436e-07, 1.23103758298e-08, 3.81574383201e-10]
        min: [1.80608804821e-12, 3.946486693e-09, 2.64122288485e-08, 1.09817790417e-07, 3.77852074962e-07, 2.26268099368e-07, 2.10224897046e-07, 3.56328911266e-07, 1.83862397307e-07, 1.30295262579e-07, 2.80276353237e-08, 1.39738176586e-07, 4.70284859944e-08, 3.78807429868e-09, 2.71145434994e-08, 2.31144028362e-08, 3.13864291002e-07, 3.98255252776e-07, 1.22212895803e-07, 9.50326466409e-08, 8.62376552391e-08, 1.73399943293e-08, 4.06020417287e-09, 9.65193480695e-10, 3.14086062714e-10, 8.83151041989e-14, 2.22181587093e-14]
        var: [4.45371448326e-14, 1.85016713061e-09, 6.67764332718e-09, 8.23557400054e-09, 5.65423405874e-08, 2.54196965699e-08, 2.76398797183e-08, 2.20204565693e-08, 9.57868238061e-08, 4.88008673472e-08, 1.0661302241e-07, 1.37009283918e-08, 6.61360104459e-08, 3.22750359771e-08, 5.02415559822e-07, 2.4270201493e-07, 4.12518694759e-08, 1.84875801779e-07, 1.29955566308e-07, 1.8409771485e-07, 5.71387737125e-09, 8.86056061855e-10, 3.37270315842e-11, 6.27155662472e-12, 9.64960316513e-13, 1.27334357082e-15, 3.01039910055e-17]
    mfcc:
        mean: [-798.403381348, 132.656326294, -38.7241477966, 49.9638023376, -14.8938398361, -10.2535419464, 1.94834053516, -11.0694675446, -11.6568546295, -2.89167571068, -7.2869553566, -2.89555120468, -6.42572879791]
        cov: [[5837.21484375, -1902.93103027, -1057.02819824, -380.877960205, -360.632751465, -446.300262451, 43.2623329163, 305.527801514, 125.377937317, 519.864562988, -274.496795654, -301.987945557, 91.1984863281], [-1902.93103027, 995.705627441, 169.651306152, 120.904670715, 147.120742798, 146.403305054, 34.4275588989, -54.375705719, -36.8968086243, -107.708007812, 95.6121520996, 117.915596008, -15.9285106659], [-1057.02819824, 169.651306152, 665.653503418, 149.241073608, 46.8586120605, 95.4532394409, 15.8008069992, -88.2408676147, -97.8185882568, -190.316375732, 55.0764122009, 66.5952453613, 18.8911170959], [-380.877960205, 120.904670715, 149.241073608, 212.440811157, 30.5446376801, 120.279647827, -11.4952335358, 14.1343889236, -3.75797867775, -82.5076522827, 49.5626487732, 0.833594441414, -5.00232744217], [-360.632751465, 147.120742798, 46.8586120605, 30.5446376801, 209.926452637, 45.0060539246, -21.8102626801, -49.4888000488, 35.9159698486, 10.6849489212, 23.7978229523, 45.2640838623, -13.7884378433], [-446.300262451, 146.403305054, 95.4532394409, 120.279647827, 45.0060539246, 253.961608887, -15.6115646362, 5.10672426224, 24.7762336731, -93.7908630371, 67.8276977539, -5.57058763504, -12.2882156372], [43.2623329163, 34.4275588989, 15.8008069992, -11.4952335358, -21.8102626801, -15.6115646362, 290.155029297, 21.1464080811, -85.5796356201, 61.591632843, -6.61820602417, 85.2084121704, 24.5873889923], [305.527801514, -54.375705719, -88.2408676147, 14.1343889236, -49.4888000488, 5.10672426224, 21.1464080811, 111.311393738, 37.0573425293, 25.243265152, -11.8827257156, -27.5316543579, 6.53457307816], [125.377937317, -36.8968086243, -97.8185882568, -3.75797867775, 35.9159698486, 24.7762336731, -85.5796356201, 37.0573425293, 166.119277954, 14.3989181519, -11.7709798813, -43.3088226318, -19.7409706116], [519.864562988, -107.708007812, -190.316375732, -82.5076522827, 10.6849489212, -93.7908630371, 61.591632843, 25.243265152, 14.3989181519, 191.017959595, -30.8839702606, 9.41421699524, -0.693489193916], [-274.496795654, 95.6121520996, 55.0764122009, 49.5626487732, 23.7978229523, 67.8276977539, -6.61820602417, -11.8827257156, -11.7709798813, -30.8839702606, 93.3868637085, 28.1422843933, -2.77072119713], [-301.987945557, 117.915596008, 66.5952453613, 0.833594441414, 45.2640838623, -5.57058763504, 85.2084121704, -27.5316543579, -43.3088226318, 9.41421699524, 28.1422843933, 120.634765625, 14.0426015854], [91.1984863281, -15.9285106659, 18.8911170959, -5.00232744217, -13.7884378433, -12.2882156372, 24.5873889923, 6.53457307816, -19.7409706116, -0.693489193916, -2.77072119713, 14.0426015854, 57.5824890137]]
        icov: [[0.00104063143954, 0.00156392878853, 0.000855252030306, -8.8942120783e-05, -9.93243374978e-05, 0.000218378336285, -0.000139935931657, -0.00104238418862, 0.000353612907929, -0.000883154338226, 0.000186841614777, 0.000826642441098, -0.00138498202432], [0.00156392878853, 0.00377514981665, 0.00145465286914, -0.00039539905265, -0.000867044553161, 5.6920292991e-05, -0.000273592857411, -0.00160165445413, 0.000780811300501, -0.000565260066651, -0.000133725581691, 0.000124190293718, -0.00161695922725], [0.000855252030306, 0.00145465286914, 0.003555375617, -0.00145024317317, -0.000503587943967, 0.000432469445514, -0.000446957332315, 0.000554321450181, 0.00104612344876, 0.00168477219995, 0.000248508149525, -0.000197766537894, -0.00170578644611], [-8.8942120783e-05, -0.00039539905265, -0.00145024317317, 0.00825920794159, -0.0011581662111, -0.00215304712765, 6.4482599555e-05, -0.00306327873841, 0.000723026925698, 0.00115679064766, -0.00171003676951, 0.000978889875114, 0.000748871359974], [-9.93243374978e-05, -0.000867044553161, -0.000503587943967, -0.0011581662111, 0.0079713948071, -0.00128448288888, 0.000918650941458, 0.00386181729846, -0.0027876291424, -0.00264273257926, 0.000642671016976, -0.00294109480456, 0.000546900730114], [0.000218378336285, 5.6920292991e-05, 0.000432469445514, -0.00215304712765, -0.00128448288888, 0.00744220754132, -0.00147797446698, -0.000618447433226, -0.00130304903723, 0.00261001125909, -0.00374050019309, 0.00217372062616, 0.000197456844035], [-0.000139935931657, -0.000273592857411, -0.000446957332315, 6.4482599555e-05, 0.000918650941458, -0.00147797446698, 0.0063611716032, -0.00208958005533, 0.00270108180121, -0.00239729112945, 0.0020250773523, -0.00451410328969, -0.000180866220035], [-0.00104238418862, -0.00160165445413, 0.000554321450181, -0.00306327873841, 0.00386181729846, -0.000618447433226, -0.00208958005533, 0.015936203301, -0.004559263587, -0.000451133935712, 0.000227108830586, 0.000781489827204, -0.00111171952449], [0.000353612907929, 0.000780811300501, 0.00104612344876, 0.000723026925698, -0.0027876291424, -0.00130304903723, 0.00270108180121, -0.004559263587, 0.0102649116889, -0.000500980357174, 0.00141906598583, 0.000833692087326, 0.00117206107825], [-0.000883154338226, -0.000565260066651, 0.00168477219995, 0.00115679064766, -0.00264273257926, 0.00261001125909, -0.00239729112945, -0.000451133935712, -0.000500980357174, 0.0117082828656, -0.000904462009203, -0.00100461137481, 0.00195985636674], [0.000186841614777, -0.000133725581691, 0.000248508149525, -0.00171003676951, 0.000642671016976, -0.00374050019309, 0.0020250773523, 0.000227108830586, 0.00141906598583, -0.000904462009203, 0.0161342546344, -0.00453342171386, 0.000259705848293], [0.000826642441098, 0.000124190293718, -0.000197766537894, 0.000978889875114, -0.00294109480456, 0.00217372062616, -0.00451410328969, 0.000781489827204, 0.000833692087326, -0.00100461137481, -0.00453342171386, 0.0167600754648, -0.00355821661651], [-0.00138498202432, -0.00161695922725, -0.00170578644611, 0.000748871359974, 0.000546900730114, 0.000197456844035, -0.000180866220035, -0.00111171952449, 0.00117206107825, 0.00195985636674, 0.000259705848293, -0.00355821661651, 0.0214194413275]]
    spectral_contrast:
        mean: [-1.2999799992e-07, -1.64755906695e-08, -3.40231707696e-07, -1.93061239884e-07, 2.26098450185e-07, -8.55010057421e-07, -1.93687560568e-06, -1.38728773891e-06, 7.05551030933e-07, 3.35603061785e-07, 1.95470192921e-07, 4.76892228107e-06]
        var: [0.000579992891289, 0.00109846831765, 0.00130085879937, 0.00214421260171, 0.00317306048237, 0.0106455842033, 0.0580635629594, 0.0929749980569, 0.136431470513, 0.290277183056, 0.438198387623, 3.44779777527]

rhythm:
    beats_loudness:
        dmean: 0.00237619038671
        dmean2: 0.00426316913217
        dvar: 8.40613756736e-06
        dvar2: 2.51144392678e-05
        max: 0.0159962680191
        mean: 0.00352391041815
        min: 0.000447726109996
        var: 1.36534590638e-05
    beats_loudness_bass:
        dmean: 0.0944568067789
        dmean2: 0.159503802657
        dvar: 0.00463420012966
        dvar2: 0.0135205183178
        max: 0.32553178072
        mean: 0.112304925919
        min: 0.000876824953593
        var: 0.0090244114399
    bpm: 85.3053894043
    bpm_confidence: 0
    first_peak_bpm: 171
    first_peak_spread: 0
    first_peak_weight: 0.600000023842
    onset_rate: 3.07440090179
    second_peak_bpm: 85
    second_peak_spread: 0
    second_peak_weight: 0.40000000596
    beats_position: [0.107534840703, 0.810906648636, 1.51427841187, 2.21765017509, 2.92102193832, 3.62439370155, 4.32776546478, 5.03113746643, 5.73450946808, 6.08297395706, 6.43368768692, 6.78440093994, 7.1351146698, 7.48582744598, 7.83654165268, 8.1872549057, 8.53796863556, 8.88868141174, 9.23939609528, 9.59010887146, 9.94082355499]
    bpm_estimates: [85.4705963135, 84.956161499, 86.0173187256, 84.8728027344, 85.2100448608]
    bpm_intervals: [0.703371822834, 0.703371763229, 0.703371763229, 0.703371763229, 0.703371763229, 0.703371763229, 0.703372001648, 0.703372001648, 0.348464488983, 0.350713729858, 0.350713253021, 0.350713729858, 0.350712776184, 0.350714206696, 0.350713253021, 0.350713729858, 0.350712776184, 0.350714683533, 0.350712776184, 0.350714683533]
    onset_times: [0.0696598663926, 0.592108845711, 0.824308395386, 1.46285712719, 1.54412698746, 1.91564631462, 2.00852608681, 2.26394557953, 2.61224484444, 2.97215414047, 3.29723358154, 3.66875290871, 4.02866220474, 4.36535167694, 5.39863967896, 5.53795909882, 5.66566896439, 5.79337882996, 6.14167785645, 6.47836732864, 6.6989569664, 7.10530614853, 7.14013624191, 7.65097522736, 7.74385499954, 7.81351470947, 8.47528362274, 8.90485286713, 9.27637195587, 9.63628101349, 9.97297096252]
    rubato_start: [6.08297395706]
    rubato_stop: [6.43368768692]
    perceptual_tempo: "unknown"

sfx:
    inharmonicity:
        dmean: 0.0338541977108
        dmean2: 0.0601639598608
        dvar: 0.00190659507643
        dvar2: 0.00588590139523
        max: 0.311091214418
        mean: 0.0381382778287
        min: 4.46601588919e-05
        var: 0.002204767894
    oddtoevenharmonicenergyratio:
        dmean: 2.2285861969
        dmean2: 4.23043060303
        dvar: 33.9990081787
        dvar2: 100.988746643
        max: 72.8682785034
        mean: 1.84515702724
        min: 0.000138380535645
        var: 20.2673816681
    pitch_after_max_to_before_max_energy_ratio: 6.15809059143
    pitch_centroid: 241.873641968
    pitch_max_to_total: 0.182448029518
    pitch_min_to_total: 0.0369515009224
    tristimulus:
        dmean: [0.180701240897, 0.201183974743, 0.0827471539378]
        dmean2: [0.322738528252, 0.359632641077, 0.145649194717]
        dvar: [0.0343179069459, 0.0401881150901, 0.0104438439012]
        dvar2: [0.0925992205739, 0.110469996929, 0.0310800783336]
        max: [0.97080552578, 0.9985216856, 0.616864621639]
        mean: [0.383871972561, 0.496212154627, 0.0977539941669]
        min: [0.00147836888209, 0, 0]
        var: [0.0569156855345, 0.0595463402569, 0.012064862065]

tonal:
    chords_changes_rate: 0.0229357797652
    chords_number_rate: 0.0183486230671
    chords_strength:
        dmean: 0.00702556269243
        dmean2: 0.00548751838505
        dvar: 4.07713050663e-05
        dvar2: 2.33692899201e-05
        max: 0.791908025742
        mean: 0.679522454739
        min: 0.496675342321
        var: 0.00502444198355
    key_strength: 0.799728214741
    tuning_diatonic_strength: 0.662021756172
    tuning_equal_tempered_deviation: 0.159890666604
    tuning_frequency: 443.572570801
    tuning_nontempered_energy_ratio: 0.878508806229
    hpcp:
        dmean: [0.157741069794, 0.125115960836, 0.089964158833, 0.0748377591372, 0.113058768213, 0.140975743532, 0.131767913699, 0.0996915176511, 0.0472232177854, 0.0403379127383, 0.0776779577136, 0.128502890468, 0.123632587492, 0.0886401236057, 0.0677220225334, 0.0618903897703, 0.0604888685048, 0.0467565283179, 0.0487271137536, 0.0949011221528, 0.166674390435, 0.163950487971, 0.0978154316545, 0.0318779461086, 0.0312803164124, 0.0498702898622, 0.0751089453697, 0.0808184817433, 0.0652637258172, 0.047320637852, 0.0495203919709, 0.08269456774, 0.111299104989, 0.142774179578, 0.139148101211, 0.134066969156]
        dmean2: [0.251054316759, 0.217391014099, 0.154454320669, 0.126456901431, 0.17885760963, 0.221070259809, 0.210141316056, 0.16510245204, 0.0740678533912, 0.0692172348499, 0.127432227135, 0.209619492292, 0.201480358839, 0.151939079165, 0.12049331516, 0.10092023015, 0.101516164839, 0.0760801360011, 0.0816416665912, 0.161310061812, 0.278562515974, 0.272541254759, 0.172326773405, 0.0553345382214, 0.0507272444665, 0.0803516879678, 0.121956832707, 0.138734519482, 0.115488097072, 0.0796802565455, 0.0839460790157, 0.140209019184, 0.18790063262, 0.242171958089, 0.238643735647, 0.203157156706]
        dvar: [0.0450386069715, 0.0397874116898, 0.0302961524576, 0.0183716863394, 0.0239573065192, 0.0300159417093, 0.0359593257308, 0.0234086345881, 0.00868974067271, 0.00670628296211, 0.0187425930053, 0.0359572544694, 0.0322176776826, 0.023382935673, 0.0278937034309, 0.0229685809463, 0.0214925389737, 0.00780358398333, 0.00981446169317, 0.0227670446038, 0.0422949902713, 0.0384656377137, 0.029653199017, 0.00426086317748, 0.00334952771664, 0.00900017656386, 0.0132654896006, 0.0205483082682, 0.0224340427667, 0.0104417642578, 0.0167961698025, 0.0232967119664, 0.0335786789656, 0.0411455780268, 0.0436371974647, 0.0298362784088]
        dvar2: [0.11297775805, 0.102458819747, 0.0755574330688, 0.0520173385739, 0.0647049844265, 0.0734563991427, 0.0817832350731, 0.0633539706469, 0.0226861219853, 0.01703790389, 0.050319083035, 0.0860061049461, 0.071695998311, 0.0632473155856, 0.0666241496801, 0.0539564043283, 0.062552459538, 0.0202499702573, 0.0295516680926, 0.0576587505639, 0.115934990346, 0.100422888994, 0.0847334489226, 0.0111156627536, 0.00894499290735, 0.0211402699351, 0.0325865447521, 0.0573835223913, 0.0656838268042, 0.0297543369234, 0.0429471284151, 0.063051328063, 0.0754034072161, 0.104958146811, 0.112426839769, 0.0754134654999]
        max: [1, 1, 1, 0.812677025795, 1, 1, 1, 1, 0.786481618881, 0.799809098244, 0.938938617706, 1, 1, 1, 1, 1, 1, 0.528122365475, 0.714588046074, 1, 1, 1, 1, 0.471364438534, 0.479801982641, 0.831267893314, 1, 1, 1, 0.691712141037, 1, 0.985141694546, 1, 1, 1, 1]
        mean: [0.329169273376, 0.145338401198, 0.0896757096052, 0.0760340020061, 0.131098523736, 0.34877038002, 0.370154887438, 0.14704413712, 0.0558274760842, 0.0497340671718, 0.100342079997, 0.245685696602, 0.241887241602, 0.117240957916, 0.103883750737, 0.0902005210519, 0.0611244998872, 0.0637964904308, 0.0617323517799, 0.146143212914, 0.460752516985, 0.460824400187, 0.141453072429, 0.0388183444738, 0.0375760048628, 0.0732691958547, 0.129143878818, 0.124206773937, 0.075596742332, 0.0511798672378, 0.0527491308749, 0.100317008793, 0.186734333634, 0.189876794815, 0.211351796985, 0.371772915125]
        min: [0.00212201336399, 0.000911656417884, 1.51221186684e-07, 0, 0.000439600669779, 0.00217282236554, 0.00145906663965, 0.00101897481363, 0.00013991855667, 0.000305354216835, 0.000547088449821, 0.00292833545245, 0.00364065053873, 0.00249753403477, 0.000329605973093, 0.000515217718203, 0.00038333129487, 0.000498751876876, 0.000338614190696, 0.00228870147839, 0.0173280891031, 0.0145164327696, 0.00221025804058, 0.000211712380406, 0.000257897772826, 0.000145320169395, 0.000199483096367, 0.000751554500312, 0.000514855084475, 0.00022582168458, 0.00021284315153, 0.00035011820728, 0.00154192757327, 0.00185908807907, 0.00258831493556, 0.00373224238865]
        var: [0.123131610453, 0.0391206666827, 0.0306495260447, 0.020049681887, 0.0369083657861, 0.119230076671, 0.139987587929, 0.0325621217489, 0.0123824272305, 0.010042514652, 0.0247138291597, 0.0824612379074, 0.0815075263381, 0.0299049839377, 0.0522430576384, 0.0450508221984, 0.0160785745829, 0.0100060049444, 0.0106795895845, 0.0283926445991, 0.108060434461, 0.102392807603, 0.023782921955, 0.0050212261267, 0.00454346742481, 0.0165285971016, 0.0331826657057, 0.0267815999687, 0.016291981563, 0.00988688692451, 0.0164199396968, 0.0301631502807, 0.0650616809726, 0.0569627843797, 0.0626647397876, 0.134285494685]
    chords_histogram: [22.4770641327, 0, 1.83486235142, 0, 0, 0, 0, 0, 0, 0, 0, 0, 0, 0, 34.8623847961, 0, 40.8256874084, 0, 0, 0, 0, 0, 0, 0]
    thpcp: [1, 0.30695655942, 0.084236741066, 0.0815408304334, 0.158995911479, 0.280245304108, 0.269531667233, 0.164046749473, 0.111061535776, 0.114466875792, 0.217690318823, 0.405217975378, 0.412037193775, 0.458638459444, 0.806756138802, 0.714305222034, 0.315387815237, 0.194598436356, 0.164995610714, 0.284486949444, 0.756840109825, 0.803245007992, 0.31908929348, 0.121146962047, 0.107924118638, 0.217744722962, 0.533143877983, 0.524901092052, 0.254415690899, 0.225430235267, 0.195737287402, 0.132641628385, 0.138439908624, 0.133960679173, 0.317134290934, 0.999844014645]
    chords_key: "E"
    chords_scale: "major"
    key_key: "G#"
    key_scale: "major"
    chords_progression: ["D#", "D#", "D#", "D#", "E", "E", "E", "E", "E", "E", "E", "E", "E", "E", "E", "E", "E", "E", "E", "E", "E", "E", "E", "E", "E", "E", "E", "E", "E", "E", "G#", "G#", "G#", "G#", "G#", "G#", "G#", "A", "A", "A", "A", "A", "A", "A", "A", "A", "A", "A", "A", "A", "A", "A", "A", "A", "A", "A", "A", "A", "A", "A", "A", "A", "A", "A", "A", "A", "A", "A", "A", "A", "A", "A", "A", "A", "A", "A", "A", "A", "A", "A", "A", "A", "A", "A", "A", "A", "A", "A", "A", "A", "A", "A", "A", "A", "A", "A", "A", "A", "A", "A", "A", "A", "A", "A", "A", "A", "A", "A", "A", "A", "A", "A", "A", "G#", "G#", "G#", "G#", "G#", "G#", "G#", "G#", "G#", "G#", "G#", "G#", "G#", "G#", "G#", "G#", "G#", "G#", "G#", "G#", "G#", "G#", "G#", "G#", "G#", "G#", "G#", "G#", "G#", "G#", "G#", "G#", "G#", "G#", "G#", "G#", "G#", "G#", "G#", "G#", "G#", "G#", "E", "E", "E", "E", "E", "E", "E", "E", "E", "E", "E", "E", "E", "E", "E", "E", "E", "E", "E", "E", "E", "E", "E", "E", "E", "E", "E", "E", "E", "E", "E", "E", "E", "E", "E", "E", "E", "E", "E", "E", "E", "E", "E", "E", "E", "E", "E", "E", "E", "E", "E", "E", "E", "E", "E", "E", "E", "E", "E", "E", "E", "E", "E"]
