
metadata:
    version:
        essentia: "1.2.2"
    audio_properties:
        analysis_sample_rate: 44100
        bitrate: 128
        channels: 2
        equal_loudness: 1
        length: 10.0048980713
        replay_gain: -4.3993473053
        downmix: "mix"
    tags:
        track: 20
        year: 0
        album: "Splitted by Mp3Splt v. 2.1"
        artist: "From 003.10 To 003.20"
        comment: "http://mp3splt.sf.net"
        genre: ""
        title: "01 Soul Dream.mp3"

highlevel:
    ballroom:
        all:
            ChaChaCha: 0.0328741855919
            Jive: 0.0263980273157
            Quickstep: 0.0923735648394
            Rumba-American: 0.0399878174067
            Rumba-International: 0.452065676451
            Rumba-Misc: 0.200804010034
            Samba: 0.0352053306997
            Tango: 0.00972407963127
            VienneseWaltz: 0.0586500614882
            Waltz: 0.0519172362983
        probability: 0.452065676451
        value: "Rumba-International"
    culture:
        all:
            non_western: 0.658166348934
            western: 0.341833680868
        probability: 0.658166348934
        value: "non_western"
    gender:
        all:
            female: 0.80890583992
            male: 0.191094189882
        probability: 0.80890583992
        value: "female"
    genre_dortmund:
        all:
            alternative: 0.0624512992799
            blues: 0.061779871583
            electronic: 0.0171955693513
            folkcountry: 0.0844384729862
            funksoulrnb: 0.108895197511
            jazz: 0.383060455322
            pop: 0.106760554016
            raphiphop: 0.0117004876956
            rock: 0.163718089461
        probability: 0.383060455322
        value: "jazz"
    genre_electronica:
        all:
            ambient: 0.777737677097
            dnb: 0.0442036911845
            house: 0.0849036350846
            techno: 0.00754721602425
            trance: 0.0856077820063
        probability: 0.777737677097
        value: "ambient"
    genre_rosamerica:
        all:
            cla: 0.0220337957144
            dan: 0.0886399522424
            hip: 0.010110270232
            jaz: 0.18556971848
            pop: 0.284229844809
            rhy: 0.381898075342
            roc: 0.0226531047374
            spe: 0.00486524263397
        probability: 0.381898075342
        value: "rhy"
    genre_tzanetakis:
        all:
            blu: 0.0102078896016
            cla: 0.0111119188368
            cou: 0.0597916729748
            dis: 0.0836709290743
            hip: 0.0123652722687
            jaz: 0.0473345033824
            met: 0.00267908978276
            pop: 0.576317369938
            reg: 0.0726469904184
            roc: 0.123874343932
        probability: 0.576317369938
        value: "pop"
    live_studio:
        all:
            live: 0.0131955025718
            studio: 0.986804485321
        probability: 0.986804485321
        value: "studio"
    mood:
        all:
            Cluster1: 0.175205901265
            Cluster2: 0.343657284975
            Cluster3: 0.247085899115
            Cluster4: 0.18231703341
            Cluster5: 0.051733892411
        probability: 0.343657284975
        value: "Cluster2"
    mood_acoustic:
        all:
            acoustic: 0.732579112053
            not_acoustic: 0.267420887947
        probability: 0.732579112053
        value: "acoustic"
    mood_aggressive:
        all:
            aggressive: 2.29724037126e-06
            not_aggressive: 0.999997675419
        probability: 0.999997675419
        value: "not_aggressive"
    mood_electronic:
        all:
            electronic: 0.146185040474
            not_electronic: 0.853814959526
        probability: 0.853814959526
        value: "not_electronic"
    mood_happy:
        all:
            happy: 0.0639575570822
            not_happy: 0.936042428017
        probability: 0.936042428017
        value: "not_happy"
    mood_party:
        all:
            not_party: 0.875073611736
            party: 0.124926395714
        probability: 0.875073611736
        value: "not_party"
    mood_relaxed:
        all:
            not_relaxed: 0.0269283354282
            relaxed: 0.973071694374
        probability: 0.973071694374
        value: "relaxed"
    mood_sad:
        all:
            not_sad: 0.289781242609
            sad: 0.710218727589
        probability: 0.710218727589
        value: "sad"
    rhythm:
        all:
            fast: 0.315583109856
            medium: 0.559184014797
            slow: 0.125232845545
        probability: 0.559184014797
        value: "medium"
    speech_music:
        all:
            music: 0.999909937382
            speech: 9.00705999811e-05
        probability: 0.999909937382
        value: "music"
    timbre:
        all:
            bright: 0.999997913837
            dark: 2.07223934012e-06
        probability: 0.999997913837
        value: "bright"
    voice_instrumental:
        all:
            instrumental: 0.967235267162
            voice: 0.0327647253871
        probability: 0.967235267162
        value: "instrumental"

lowlevel:
    average_loudness: 0.935340702534
    barkbands_kurtosis:
        dmean: 3.27217316628
        dmean2: 5.03870344162
        dvar: 35.1461296082
        dvar2: 74.7375793457
        max: 50.9428291321
        mean: 3.38895106316
        min: -1.80273759365
        var: 58.9671516418
    barkbands_skewness:
        dmean: 0.602952957153
        dmean2: 0.888592302799
        dvar: 0.404430240393
        dvar2: 0.813703894615
        max: 5.49451494217
        mean: 1.19074940681
        min: -1.423412323
        var: 1.33510160446
    barkbands_spread:
        dmean: 5.34695625305
        dmean2: 8.0743932724
        dvar: 38.417388916
        dvar2: 87.2523880005
        max: 58.5826873779
        mean: 19.5756092072
        min: 1.46792972088
        var: 137.971954346
    dissonance:
        dmean: 0.0464755743742
        dmean2: 0.0739652141929
        dvar: 0.00173009105492
        dvar2: 0.00473390799016
        max: 0.496414422989
        mean: 0.407216757536
        min: 0.1923828125
        var: 0.00444864016026
    hfc:
        dmean: 1.51035130024
        dmean2: 2.09092092514
        dvar: 7.65606784821
        dvar2: 14.17329216
        max: 52.7403488159
        mean: 3.88720011711
        min: 0.00353570235893
        var: 30.6745128632
    pitch:
        dmean: 213.598236084
        dmean2: 406.163665771
        dvar: 427360.46875
        dvar2: 979712.125
        max: 4900
        mean: 478.568939209
        min: 78.4697494507
        var: 571150.3125
    pitch_instantaneous_confidence:
        dmean: 0.112201288342
        dmean2: 0.164860665798
        dvar: 0.0131300538778
        dvar2: 0.0250785518438
        max: 0.966736793518
        mean: 0.55308753252
        min: 0.172801852226
        var: 0.0343074016273
    pitch_salience:
        dmean: 0.0752173736691
        dmean2: 0.118556380272
        dvar: 0.00617889780551
        dvar2: 0.0122543647885
        max: 0.820355176926
        mean: 0.531284272671
        min: 0.277713030577
        var: 0.01473465655
    silence_rate_20dB:
        dmean: 0
        dmean2: 0
        dvar: 0
        dvar2: 0
        max: 1
        mean: 1
        min: 1
        var: 0
    silence_rate_30dB:
        dmean: 0
        dmean2: 0
        dvar: 0
        dvar2: 0
        max: 1
        mean: 1
        min: 1
        var: 0
    silence_rate_60dB:
        dmean: 0.141531318426
        dmean2: 0.283720940351
        dvar: 0.121500141919
        dvar2: 0.240432471037
        max: 1
        mean: 0.474537044764
        min: 0
        var: 0.249351724982
    spectral_centroid:
        dmean: 203.094100952
        dmean2: 306.214172363
        dvar: 59170.0507812
        dvar2: 115974.273438
        max: 3506.2199707
        mean: 902.84753418
        min: 235.341369629
        var: 324617.34375
    spectral_complexity:
        dmean: 2.21627902985
        dmean2: 3.34265732765
        dvar: 14.1137809753
        dvar2: 29.4234619141
        max: 52
        mean: 7.74477958679
        min: 0
        var: 33.9163017273
    spectral_crest:
        dmean: 2.55027842522
        dmean2: 4.02977848053
        dvar: 5.55602169037
        dvar2: 12.9979410172
        max: 22.2559375763
        mean: 11.2248926163
        min: 3.49487042427
        var: 17.0108242035
    spectral_decrease:
        dmean: 3.58784529864e-10
        dmean2: 5.72106362284e-10
        dvar: 4.22036001276e-19
        dvar2: 1.09517296555e-18
        max: -1.94310257988e-12
        mean: -9.45760691984e-10
        min: -6.99709090668e-09
        var: 5.08899452322e-19
    spectral_energy:
        dmean: 0.00146934995428
        dmean2: 0.00231241155416
        dvar: 6.92655066814e-06
        dvar2: 1.77497950062e-05
        max: 0.0292976647615
        mean: 0.00392209691927
        min: 7.65439563111e-06
        var: 9.25121184991e-06
    spectral_energyband_high:
        dmean: 0.000114450856927
        dmean2: 0.000167831982253
        dvar: 9.92289699298e-08
        dvar2: 2.25533327125e-07
        max: 0.00621863594279
        mean: 0.00022361559968
        min: 1.79045276383e-08
        var: 3.41884316413e-07
    spectral_energyband_low:
        dmean: 0.000117391202366
        dmean2: 0.000203599600354
        dvar: 5.87767523541e-08
        dvar2: 1.65185625178e-07
        max: 0.0021632486023
        mean: 0.00023554317886
        min: 1.50343325345e-07
        var: 5.70178606552e-08
    spectral_energyband_middle_high:
        dmean: 0.000433145178249
        dmean2: 0.000651134876534
        dvar: 5.45833529486e-07
        dvar2: 1.29358113554e-06
        max: 0.0104191154242
        mean: 0.00108113314491
        min: 1.10982261958e-06
        var: 1.21202890568e-06
    spectral_energyband_middle_low:
        dmean: 0.00107670179568
        dmean2: 0.00177775020711
        dvar: 4.38837560068e-06
        dvar2: 1.16299115689e-05
        max: 0.0191486869007
        mean: 0.00238180882297
        min: 5.59650743526e-06
        var: 4.52965150544e-06
    spectral_flatness_db:
        dmean: 0.0351633764803
        dmean2: 0.0464696027339
        dvar: 0.00102682830766
        dvar2: 0.00203897920437
        max: 0.366031289101
        mean: 0.219589591026
        min: 0.0950621366501
        var: 0.00414328370243
    spectral_flux:
        dmean: 0.0125955529511
        dmean2: 0.0189913623035
        dvar: 0.000177976835403
        dvar2: 0.000336338300258
        max: 0.119738534093
        mean: 0.0290712546557
        min: 0.0027666578535
        var: 0.000396644783905
    spectral_kurtosis:
        dmean: 4.59921693802
        dmean2: 6.97684192657
        dvar: 49.7584724426
        dvar2: 125.146781921
        max: 85.5329208374
        mean: 7.95414924622
        min: 0.0747947692871
        var: 91.2950057983
    spectral_rms:
        dmean: 0.000348092027707
        dmean2: 0.000527003256138
        dvar: 2.16227007854e-07
        dvar2: 5.22117545643e-07
        max: 0.00534631544724
        mean: 0.00184430286754
        min: 8.64158719196e-05
        var: 4.24986723147e-07
    spectral_rolloff:
        dmean: 466.018371582
        dmean2: 801.245788574
        dvar: 479079.65625
        dvar2: 994890.0625
        max: 4823.4375
        mean: 1571.9263916
        min: 215.33203125
        var: 1444434.375
    spectral_skewness:
        dmean: 0.519223153591
        dmean2: 0.737803518772
        dvar: 0.365420818329
        dvar2: 0.885909557343
        max: 7.6828494072
        mean: 2.08062052727
        min: 0.663812220097
        var: 1.06612718105
    spectral_spread:
        dmean: 1048034.3125
        dmean2: 1255467.5
        dvar: 1.25417108275e+12
        dvar2: 2.3075005399e+12
        max: 11161285
        mean: 5127595.5
        min: 1060326.625
        var: 4.64027176141e+12
    spectral_strongpeak:
        dmean: 0.380315154791
        dmean2: 0.651176095009
        dvar: 0.603408932686
        dvar2: 1.54784083366
        max: 8.62671470642
        mean: 0.761574089527
        min: 0.00819465238601
        var: 0.795259714127
    zerocrossingrate:
        dmean: 0.00950331613421
        dmean2: 0.0111268935725
        dvar: 8.46590119181e-05
        dvar2: 0.000103457947262
        max: 0.171875
        mean: 0.0572954416275
        min: 0.00927734375
        var: 0.000967972853687
    barkbands:
        dmean: [6.67716637537e-09, 2.20416150114e-05, 0.000102513673482, 0.000149194951518, 0.000661017314997, 0.000321839324897, 0.000133209963678, 4.2883457354e-05, 6.12770090811e-05, 6.67497079121e-05, 6.50350193609e-05, 6.23349114903e-05, 5.51911907678e-05, 7.39199822419e-05, 2.1048284907e-05, 3.30415459757e-05, 3.23674721585e-05, 6.51834125165e-05, 6.96197384968e-05, 6.036945706e-05, 8.13368824311e-05, 1.57898448379e-05, 7.2416655712e-06, 2.23704887503e-06, 1.86630597909e-06, 1.13479480035e-07, 6.30459351392e-10]
        dmean2: [1.05119362104e-08, 3.71285968868e-05, 0.000179715687409, 0.000264213536866, 0.00110561086331, 0.000556086772121, 0.000204834039323, 7.36437941669e-05, 9.96550734271e-05, 0.000108536827611, 9.69481043285e-05, 9.04225453269e-05, 7.82031856943e-05, 0.000116949515359, 3.38982717949e-05, 5.07086697326e-05, 4.84329793835e-05, 0.000104104976344, 0.000110575536382, 9.27409273572e-05, 0.000128331244923, 2.32550391956e-05, 1.08684898805e-05, 3.24977804667e-06, 3.02150237985e-06, 1.74298122602e-07, 9.74140546006e-10]
        dvar: [2.59416148544e-16, 1.27327715038e-09, 4.85381939086e-08, 5.63174431534e-08, 1.50065079652e-06, 5.90372394527e-07, 4.94412120133e-08, 7.74195108022e-09, 2.40843878174e-08, 3.5339922988e-08, 2.06162944494e-08, 1.61590207881e-08, 2.24303224883e-08, 4.07049931539e-08, 2.17551554549e-09, 5.57699886272e-09, 6.75746703038e-09, 2.01484393614e-08, 5.420404392e-08, 1.55915085287e-08, 8.76635013469e-08, 8.21712253796e-10, 8.863335621e-10, 2.98669110277e-11, 2.44940422112e-11, 7.53611989436e-14, 2.34096704205e-18]
        dvar2: [3.70921789182e-16, 3.42451622615e-09, 1.35619501407e-07, 1.48047391235e-07, 3.93865821025e-06, 1.60315596531e-06, 1.11243160461e-07, 2.15573248141e-08, 5.63513502527e-08, 8.20240302346e-08, 3.47608519746e-08, 2.79038960826e-08, 3.48314692644e-08, 7.90491156977e-08, 5.73608938126e-09, 1.1542232059e-08, 1.37939881739e-08, 5.40453903852e-08, 1.45403760143e-07, 3.55044846856e-08, 2.24817512162e-07, 1.71318970121e-09, 2.21005702628e-09, 6.50306961059e-11, 4.830299008e-11, 1.56148247002e-13, 4.12159821484e-18]
        max: [3.02572175315e-07, 0.000387499108911, 0.00204676296562, 0.0018035073299, 0.0109189357609, 0.00627961894497, 0.00382109894417, 0.000820940476842, 0.00171304563992, 0.00206561433151, 0.00121408188716, 0.00116452132352, 0.00165113969706, 0.00187136244494, 0.000442580174422, 0.00116869912017, 0.00124645442702, 0.00155570846982, 0.00463269976899, 0.0019760930445, 0.00530454656109, 0.000411342072766, 0.000585100788157, 0.000103896672954, 8.7690903456e-05, 2.90184425467e-06, 2.11921697968e-08]
        mean: [6.9821171067e-09, 6.17516343482e-05, 0.000173785709194, 0.00024689300335, 0.00106428575236, 0.000469751015771, 0.00038009439595, 8.43052912387e-05, 0.000106482264528, 0.000142459699418, 0.000141497643199, 0.000121070057503, 0.000138997464092, 0.000197104847757, 2.33934970311e-05, 5.1620456361e-05, 4.24502759415e-05, 8.80401057657e-05, 0.000102862577478, 9.59204844548e-05, 0.000144581790664, 2.68276326096e-05, 1.08167560029e-05, 3.57865906153e-06, 3.38715312864e-06, 1.36743125267e-07, 6.45623443596e-10]
        min: [1.82982344554e-11, 3.6182200347e-08, 1.14016003749e-07, 5.34702451205e-07, 1.60415868322e-06, 6.21886897534e-07, 8.82719405126e-07, 2.69786255558e-07, 1.65360880544e-08, 2.0239067311e-08, 1.58263446792e-08, 1.45505101301e-08, 2.47346658711e-08, 3.89637051512e-08, 1.93985645325e-08, 3.4438645713e-08, 2.59957229076e-08, 5.78905812176e-08, 2.27826522092e-08, 1.69208416168e-08, 2.73488254265e-09, 6.27000495967e-09, 5.88297799364e-10, 3.31421445843e-10, 2.86263068805e-10, 1.11961086235e-10, 3.956114814e-14]
        var: [3.1961782413e-16, 2.50272003122e-09, 5.44580558426e-08, 8.88762983209e-08, 1.56041676291e-06, 6.04205865784e-07, 3.95344812887e-07, 1.67181646304e-08, 4.79948916166e-08, 1.01430849497e-07, 6.81287772863e-08, 4.74751011836e-08, 1.1488332774e-07, 2.21499107056e-07, 2.06634331867e-09, 9.02301255934e-09, 9.25843046673e-09, 3.0586662092e-08, 8.61366018512e-08, 4.10929494876e-08, 2.06268623515e-07, 3.47775319653e-09, 1.38795219762e-09, 9.55898762922e-11, 1.03627537107e-10, 1.19353325508e-13, 2.57262641722e-18]
    mfcc:
        mean: [-777.614868164, 134.472503662, -11.2122516632, 57.9478607178, -11.8336429596, -3.08914136887, -8.4013671875, -15.2407903671, -9.00132656097, -11.8232564926, -6.65256929398, -8.89183998108, -7.51873207092]
        cov: [[5614.59814453, -2386.1262207, -202.984054565, -266.96472168, -275.150665283, 0.0873457118869, 58.2709884644, 34.9802398682, -16.6804924011, 47.3601417542, 10.332274437, 33.5480003357, -9.04946994781], [-2386.1262207, 2125.19897461, -154.006271362, 49.4027328491, 72.3017959595, -107.559364319, 5.21533250809, 90.6146621704, 49.5630989075, -109.609580994, -111.070457458, 29.6252632141, 147.600311279], [-202.984054565, -154.006271362, 550.305541992, 58.4822235107, -26.4450931549, -32.6358718872, -17.6487503052, 12.7714662552, 107.063026428, 137.844116211, 29.5009784698, -112.998291016, -122.95072937], [-266.96472168, 49.4027328491, 58.4822235107, 178.729812622, 116.988746643, 68.9647598267, -13.6718626022, -46.4335136414, 2.21836447716, 50.5769805908, 33.0631980896, -36.4567337036, -97.086479187], [-275.150665283, 72.3017959595, -26.4450931549, 116.988746643, 271.688781738, 161.750564575, 19.0086250305, -62.2836837769, -45.5078277588, 29.5938491821, 54.1485786438, 1.05796170235, -48.93592453], [0.0873457118869, -107.559364319, -32.6358718872, 68.9647598267, 161.750564575, 202.604705811, 55.3041381836, -73.0190200806, -71.5093231201, 29.4113941193, 78.2593841553, 17.5106735229, -77.7353210449], [58.2709884644, 5.21533250809, -17.6487503052, -13.6718626022, 19.0086250305, 55.3041381836, 114.339660645, 51.7562828064, -21.7346343994, -44.2644386292, -17.3913402557, 32.3956947327, 49.3688316345], [34.9802398682, 90.6146621704, 12.7714662552, -46.4335136414, -62.2836837769, -73.0190200806, 51.7562828064, 181.898925781, 78.1074295044, -84.8715515137, -133.334182739, -28.2135295868, 144.593017578], [-16.6804924011, 49.5630989075, 107.063026428, 2.21836447716, -45.5078277588, -71.5093231201, -21.7346343994, 78.1074295044, 159.509933472, 90.1538696289, -32.0425682068, -86.9523162842, -29.2770347595], [47.3601417542, -109.609580994, 137.844116211, 50.5769805908, 29.5938491821, 29.4113941193, -44.2644386292, -84.8715515137, 90.1538696289, 261.140655518, 161.3074646, -67.6654510498, -222.730178833], [10.332274437, -111.070457458, 29.5009784698, 33.0631980896, 54.1485786438, 78.2593841553, -17.3913402557, -133.334182739, -32.0425682068, 161.3074646, 224.617858887, 57.5313262939, -172.932891846], [33.5480003357, 29.6252632141, -112.998291016, -36.4567337036, 1.05796170235, 17.5106735229, 32.3956947327, -28.2135295868, -86.9523162842, -67.6654510498, 57.5313262939, 206.050292969, 130.943099976], [-9.04946994781, 147.600311279, -122.95072937, -97.086479187, -48.93592453, -77.7353210449, 49.3688316345, 144.593017578, -29.2770347595, -222.730178833, -172.932891846, 130.943099976, 410.518737793]]
        icov: [[0.000437255657744, 0.000513088481966, 0.000347660621628, 0.000293817924103, 0.000101924291812, 0.000125692022266, -0.000236695181229, -0.000210638565477, 6.61929589114e-05, -0.000516098982189, 0.000546250957996, -0.000323355547152, 0.000195337110199], [0.000513088481966, 0.00117486389354, 0.000596450583544, 0.000100646058854, -0.000465572520625, 0.00103370880242, -0.000671385379974, -5.63015237276e-05, -0.000407826970331, -0.000234641047427, 0.000563086476177, -0.000468235608423, 0.000262311717961], [0.000347660621628, 0.000596450583544, 0.00276604178362, -0.000795569154434, 0.000355504773324, 0.000865722424351, -0.00101946759969, -0.000126184735564, -0.000523623486515, -0.00116036762483, -7.89432815509e-05, 0.000819781678729, -0.00015480039292], [0.000293817924103, 0.000100646058854, -0.000795569154434, 0.00993226934224, -0.00381515291519, -0.000727885169908, 0.00124590436462, 0.000302159955027, -0.000765715492889, -0.000208733821637, 0.00275649828836, -0.00174324889667, 0.0027814656496], [0.000101924291812, -0.000465572520625, 0.000355504773324, -0.00381515291519, 0.0100715579465, -0.00807240977883, 0.00207133730873, -0.000101463927422, 0.000146301070345, -0.000728282728232, -0.000936899508815, 0.00148806674406, -0.00242154160514], [0.000125692022266, 0.00103370880242, 0.000865722424351, -0.000727885169908, -0.00807240977883, 0.0181108899415, -0.00971387699246, 0.00337529997341, 0.00282165012322, -0.000249706965405, -0.00163203012198, 0.00157087726984, 0.00104195764288], [-0.000236695181229, -0.000671385379974, -0.00101946759969, 0.00124590436462, 0.00207133730873, -0.00971387699246, 0.0195491202176, -0.0120400423184, 0.00493248179555, -0.00160178123042, 0.00105398823507, -0.00393240945414, 0.00170380971394], [-0.000210638565477, -5.63015237276e-05, -0.000126184735564, 0.000302159955027, -0.000101463927422, 0.00337529997341, -0.0120400423184, 0.025799755007, -0.0162257160991, 0.00875312648714, -0.000331297254888, 0.00441074976698, -0.00491750100628], [6.61929589114e-05, -0.000407826970331, -0.000523623486515, -0.000765715492889, 0.000146301070345, 0.00282165012322, 0.00493248179555, -0.0162257160991, 0.0290954243392, -0.0192063115537, 0.00850725825876, -0.000596655940171, 0.000912271731067], [-0.000516098982189, -0.000234641047427, -0.00116036762483, -0.000208733821637, -0.000728282728232, -0.000249706965405, -0.00160178123042, 0.00875312648714, -0.0192063115537, 0.0268833115697, -0.0184345170856, 0.00684114731848, -8.01381393103e-05], [0.000546250957996, 0.000563086476177, -7.89432815509e-05, 0.00275649828836, -0.000936899508815, -0.00163203012198, 0.00105398823507, -0.000331297254888, 0.00850725825876, -0.0184345170856, 0.0298004243523, -0.0157896410674, 0.00820196606219], [-0.000323355547152, -0.000468235608423, 0.000819781678729, -0.00174324889667, 0.00148806674406, 0.00157087726984, -0.00393240945414, 0.00441074976698, -0.000596655940171, 0.00684114731848, -0.0157896410674, 0.0186661705375, -0.00954756233841], [0.000195337110199, 0.000262311717961, -0.00015480039292, 0.0027814656496, -0.00242154160514, 0.00104195764288, 0.00170380971394, -0.00491750100628, 0.000912271731067, -8.01381393103e-05, 0.00820196606219, -0.00954756233841, 0.0109152495861]]
    spectral_contrast:
        mean: [5.55284316306e-07, -9.94937749965e-08, -1.33151036863e-08, 2.73417725793e-07, -2.74029247294e-07, -3.84837193224e-07, 2.77389790426e-06, 1.17480612971e-06, -4.81995539303e-06, -3.20620438288e-06, -3.1514400689e-06, -2.12274130718e-06]
        var: [0.000474529515486, 0.00117183860857, 0.0036392386537, 0.0060717901215, 0.0075208726339, 0.00901261623949, 0.0543274059892, 0.137782782316, 0.209747806191, 0.41681265831, 0.6881711483, 3.7017056942]

rhythm:
    beats_loudness:
        dmean: 0.00224981433712
        dmean2: 0.00387646025047
        dvar: 8.86581528903e-06
        dvar2: 2.39802102442e-05
        max: 0.0167197678238
        mean: 0.00595959601924
        min: 0.00335355428979
        var: 1.02498070191e-05
    beats_loudness_bass:
        dmean: 0.051836438477
        dmean2: 0.0799348056316
        dvar: 0.00168489955831
        dvar2: 0.00273592979647
        max: 0.213036328554
        mean: 0.0926858186722
        min: 0.0107620414346
        var: 0.00253605749458
    bpm: 107.16796875
    bpm_confidence: 0
    first_peak_bpm: 107
    first_peak_spread: 0
    first_peak_weight: 0.9375
    onset_rate: 5.79716062546
    second_peak_bpm: 98
    second_peak_spread: 0
    second_peak_weight: 0.0625
    beats_position: [0.493126839399, 1.05372548103, 1.61432409286, 2.1749227047, 2.73552131653, 3.29611992836, 3.85671877861, 4.41731739044, 4.97791624069, 5.53851509094, 6.15322351456, 6.71238136292, 7.27153968811, 7.83069705963, 8.38985538483, 8.94901371002, 9.50817108154]
    bpm_estimates: [107.020996094, 107.012069702, 107.105163574, 106.55556488, 107.585876465, 105.768997192, 107.561691284, 107.653511047, 107.4116745, 106.638015747, 107.220695496, 107.232185364, 107.555007935, 107.486450195, 107.574836731, 106.988487244, 106.967414856, 107.312019348, 107.31162262, 107.397041321]
    bpm_intervals: [0.560598611832, 0.560598611832, 0.560598611832, 0.560598611832, 0.560598611832, 0.56059885025, 0.560598611832, 0.56059885025, 0.56059885025, 0.614708423615, 0.559157848358, 0.559158325195, 0.559157371521, 0.559158325195, 0.559158325195, 0.559157371521]
    onset_times: [0.0580498874187, 0.208979591727, 0.383129239082, 0.49922901392, 0.870748281479, 0.952018141747, 1.05650794506, 1.2190476656, 1.35836732388, 1.47446715832, 1.79954648018, 1.91564631462, 2.17106580734, 2.62385487556, 3.22757363319, 3.30884361267, 3.61070299149, 3.77324271202, 3.88934230804, 4.051882267, 4.17959165573, 4.43501138687, 4.6439909935, 4.73687076569, 4.8994102478, 5.01551008224, 5.22448968887, 5.47990942001, 5.5727891922, 5.7701587677, 5.86303853989, 6.01396846771, 6.3042178154, 6.60607719421, 6.6989569664, 6.8963265419, 6.98920631409, 7.1517457962, 7.26784563065, 7.44199562073, 7.55809545517, 7.74385499954, 7.8251247406, 7.99927425385, 8.11537456512, 8.27791404724, 8.40562343597, 8.56816291809, 8.68426322937, 8.85841274261, 8.95129299164, 9.13705253601, 9.24154186249, 9.4040813446, 9.53179168701, 9.71755123138, 9.81043052673, 9.99619007111]
    rubato_start: []
    rubato_stop: []
    perceptual_tempo: "unknown"

sfx:
    inharmonicity:
        dmean: 0.021473037079
        dmean2: 0.0377389118075
        dvar: 0.000650691974442
        dvar2: 0.00175171718001
        max: 0.158737570047
        mean: 0.0221372935921
        min: 0
        var: 0.000729559280444
    oddtoevenharmonicenergyratio:
        dmean: 95.2416610718
        dmean2: 188.894729614
        dvar: 1088055.5
        dvar2: 3242574.25
        max: 15014.9785156
        mean: 50.779800415
        min: 0
        var: 555132.125
    pitch_after_max_to_before_max_energy_ratio: 1.03263235092
    pitch_centroid: 176.39781189
    pitch_max_to_total: 0.241299301386
    pitch_min_to_total: 0.582366585732
    tristimulus:
        dmean: [0.214333862066, 0.228105932474, 0.0629239305854]
        dmean2: [0.383539021015, 0.408005386591, 0.111659556627]
        dvar: [0.0550295598805, 0.0613677613437, 0.00785514712334]
        dvar2: [0.131501585245, 0.151130273938, 0.0219972878695]
        max: [1, 0.995796740055, 0.662552595139]
        mean: [0.444172739983, 0.463389575481, 0.0628916993737]
        min: [0.000580637017265, 0, 0]
        var: [0.0701788961887, 0.0784735009074, 0.00728010758758]

tonal:
    chords_changes_rate: 0.00460829492658
    chords_number_rate: 0.00460829492658
    chords_strength:
        dmean: 0.00796457380056
        dmean2: 0.00821670051664
        dvar: 4.16425573349e-05
        dvar2: 5.23699673067e-05
        max: 0.672455847263
        mean: 0.547592818737
        min: 0.407660990953
        var: 0.00292456010357
    key_strength: 0.648618578911
    tuning_diatonic_strength: 0.517247796059
    tuning_equal_tempered_deviation: 0.0343716368079
    tuning_frequency: 443.316436768
    tuning_nontempered_energy_ratio: 0.628665208817
    hpcp:
        dmean: [0.0576976500452, 0.0860653296113, 0.10834440589, 0.111033149064, 0.104702815413, 0.0481479912996, 0.0348300524056, 0.0426408834755, 0.0909625440836, 0.135744467378, 0.116924472153, 0.0342915840447, 0.028248725459, 0.0393250472844, 0.0579657256603, 0.0679171532393, 0.050327103585, 0.0608796030283, 0.12681210041, 0.109118372202, 0.063766092062, 0.0478342622519, 0.060084849596, 0.129697665572, 0.173117771745, 0.14173848927, 0.0727291852236, 0.0544037632644, 0.049661654979, 0.0632030293345, 0.112269841135, 0.122520618141, 0.177055299282, 0.200658336282, 0.150707170367, 0.0673066601157]
        dmean2: [0.0934180393815, 0.142471164465, 0.176092743874, 0.182172298431, 0.173107817769, 0.0816142857075, 0.0615664646029, 0.0771213546395, 0.14913199842, 0.220501229167, 0.188436150551, 0.0560821034014, 0.0451811365783, 0.0656380355358, 0.0963695198298, 0.10783188045, 0.0757555440068, 0.0956645980477, 0.202600240707, 0.184965357184, 0.110602870584, 0.0870276093483, 0.105582907796, 0.211734548211, 0.291683405638, 0.238840311766, 0.129318714142, 0.0922168642282, 0.0834262669086, 0.106414794922, 0.192099481821, 0.209413543344, 0.31376299262, 0.348915815353, 0.272196859121, 0.122054822743]
        dvar: [0.0186011046171, 0.0351591743529, 0.0383844226599, 0.0395677126944, 0.0265442114323, 0.00737147824839, 0.00346577283926, 0.00742892641574, 0.0175691265613, 0.0472952872515, 0.0328972041607, 0.00297375628725, 0.00281143328175, 0.00947239529341, 0.0125478589907, 0.0146086141467, 0.0109227364883, 0.0079362327233, 0.0405884571373, 0.036222346127, 0.016039935872, 0.0124005666003, 0.0162465199828, 0.0264309886843, 0.0446509458125, 0.0331500321627, 0.0201717019081, 0.0157800354064, 0.0132957808673, 0.0133895240724, 0.0458918362856, 0.026805607602, 0.042043119669, 0.0674133524299, 0.0482824780047, 0.0221149791032]
        dvar2: [0.0405214503407, 0.0898405015469, 0.10347225517, 0.0829036533833, 0.0565165244043, 0.0177584476769, 0.00973723642528, 0.0218493081629, 0.0446533858776, 0.0837729945779, 0.066342279315, 0.00754289142787, 0.00591795938089, 0.0235986988991, 0.0308777783066, 0.0289484448731, 0.0187238063663, 0.0180767662823, 0.0872233361006, 0.0787603855133, 0.0420315638185, 0.0258926805109, 0.0400899983943, 0.0609677694738, 0.0915590971708, 0.0904965773225, 0.0550026260316, 0.0368576645851, 0.0302123464644, 0.0255326330662, 0.0943702235818, 0.0696344301105, 0.0972492694855, 0.153049379587, 0.139344498515, 0.0635546967387]
        max: [1, 1, 1, 1, 1, 0.534379243851, 0.377792447805, 0.630186676979, 1, 1, 1, 0.372405081987, 0.395458936691, 0.94126111269, 0.936583399773, 1, 1, 0.802449643612, 1, 1, 0.700988292694, 1, 1, 1, 1, 1, 0.792712748051, 1, 1, 1, 1, 1, 1, 1, 1, 1]
        mean: [0.0547259971499, 0.0707644969225, 0.169460326433, 0.282735049725, 0.186061963439, 0.0490767657757, 0.0304926093668, 0.0360045544803, 0.163291364908, 0.312650382519, 0.19424213469, 0.0354975834489, 0.0305534731597, 0.0422966293991, 0.0660165548325, 0.0914621576667, 0.0742369517684, 0.103025570512, 0.19092670083, 0.147078067064, 0.0558757781982, 0.0449568703771, 0.0583542361856, 0.250381350517, 0.390952557325, 0.211978510022, 0.0610209032893, 0.0517956987023, 0.0495239719748, 0.116535298526, 0.207267269492, 0.171572297812, 0.268653601408, 0.395795822144, 0.214470088482, 0.0525193996727]
        min: [0.000110485161713, 5.53147947358e-05, 6.83377147652e-05, 6.80870143697e-05, 8.89616640052e-05, 7.56417721277e-05, 2.51593992289e-05, 8.87393034645e-05, 0.000753411848564, 0.00122841401026, 0.00124919752125, 0.000121002522064, 3.49878901034e-05, 3.63548315363e-05, 0, 4.9440546718e-05, 0.000250238488661, 0.000349084875779, 0.000252646481385, 0.00012456040713, 2.53702637565e-05, 2.64831669483e-05, 3.19542559737e-05, 0.000293457735097, 0.00045665728976, 0.000376625393983, 7.39437382435e-05, 6.14419404883e-05, 6.86718558427e-05, 0, 0, 0, 0.000541902903933, 4.3985521188e-05, 0.00035987974843, 0.000180931572686]
        var: [0.0206912402064, 0.0300557520241, 0.0555624887347, 0.143888801336, 0.0594989620149, 0.00824800413102, 0.00347082642838, 0.00542938522995, 0.0401742309332, 0.123507000506, 0.0563841536641, 0.0033079397399, 0.0038518474903, 0.00968377012759, 0.0172300748527, 0.0347192138433, 0.0285698454827, 0.020139131695, 0.0751578211784, 0.0594890229404, 0.0155017413199, 0.016729272902, 0.0172683484852, 0.0630987137556, 0.127722501755, 0.0470013096929, 0.0176872890443, 0.0188592448831, 0.0160102378577, 0.0378452688456, 0.116864413023, 0.054035987705, 0.0697304159403, 0.141769468784, 0.0541492700577, 0.0156264826655]
    chords_histogram: [0, 0, 0, 0, 0, 0, 0.460829496384, 0, 0, 0, 0, 0, 0, 0, 0, 0, 0, 0, 0, 0, 0, 0, 0, 99.5391693115]
    thpcp: [1, 0.54187053442, 0.1326931566, 0.138268247247, 0.178790405393, 0.428150862455, 0.714345693588, 0.470095813274, 0.123995155096, 0.0770412608981, 0.0909674987197, 0.412564665079, 0.789928436279, 0.490763485432, 0.089686602354, 0.0771950334311, 0.106864772737, 0.166794463992, 0.23108419776, 0.187563762069, 0.260299801826, 0.482386857271, 0.371600866318, 0.141173243523, 0.113586015999, 0.147435203195, 0.632602334023, 0.987763226032, 0.535575389862, 0.154172688723, 0.130864694715, 0.125125050545, 0.294432878494, 0.523672223091, 0.433486878872, 0.678768157959]
    chords_key: "F"
    chords_scale: "minor"
    key_key: "G#"
    key_scale: "major"
    chords_progression: ["F", "Fm", "Fm", "Fm", "Fm", "Fm", "Fm", "Fm", "Fm", "Fm", "Fm", "Fm", "Fm", "Fm", "Fm", "Fm", "Fm", "Fm", "Fm", "Fm", "Fm", "Fm", "Fm", "Fm", "Fm", "Fm", "Fm", "Fm", "Fm", "Fm", "Fm", "Fm", "Fm", "Fm", "Fm", "Fm", "Fm", "Fm", "Fm", "Fm", "Fm", "Fm", "Fm", "Fm", "Fm", "Fm", "Fm", "Fm", "Fm", "Fm", "Fm", "Fm", "Fm", "Fm", "Fm", "Fm", "Fm", "Fm", "Fm", "Fm", "Fm", "Fm", "Fm", "Fm", "Fm", "Fm", "Fm", "Fm", "Fm", "Fm", "Fm", "Fm", "Fm", "Fm", "Fm", "Fm", "Fm", "Fm", "Fm", "Fm", "Fm", "Fm", "Fm", "Fm", "Fm", "Fm", "Fm", "Fm", "Fm", "Fm", "Fm", "Fm", "Fm", "Fm", "Fm", "Fm", "Fm", "Fm", "Fm", "Fm", "Fm", "Fm", "Fm", "Fm", "Fm", "Fm", "Fm", "Fm", "Fm", "Fm", "Fm", "Fm", "Fm", "Fm", "Fm", "Fm", "Fm", "Fm", "Fm", "Fm", "Fm", "Fm", "Fm", "Fm", "Fm", "Fm", "Fm", "Fm", "Fm", "Fm", "Fm", "Fm", "Fm", "Fm", "Fm", "Fm", "Fm", "Fm", "Fm", "Fm", "Fm", "Fm", "Fm", "Fm", "Fm", "Fm", "Fm", "Fm", "Fm", "Fm", "Fm", "Fm", "Fm", "Fm", "Fm", "Fm", "Fm", "Fm", "Fm", "Fm", "Fm", "Fm", "Fm", "Fm", "Fm", "Fm", "Fm", "Fm", "Fm", "Fm", "Fm", "Fm", "Fm", "Fm", "Fm", "Fm", "Fm", "Fm", "Fm", "Fm", "Fm", "Fm", "Fm", "Fm", "Fm", "Fm", "Fm", "Fm", "Fm", "Fm", "Fm", "Fm", "Fm", "Fm", "Fm", "Fm", "Fm", "Fm", "Fm", "Fm", "Fm", "Fm", "Fm", "Fm", "Fm", "Fm", "Fm", "Fm", "Fm", "Fm", "Fm", "Fm", "Fm", "Fm", "Fm", "Fm", "Fm"]
