
metadata:
    version:
        essentia: "1.2.2"
    audio_properties:
        analysis_sample_rate: 44100
        bitrate: 128
        channels: 2
        equal_loudness: 1
        length: 10.0310201645
        replay_gain: -13.8580532074
        downmix: "mix"
    tags:
        track: 12
        year: 0
        album: "Splitted by Mp3Splt v. 2.1"
        artist: "From 001.50 To 002.00"
        comment: "http://mp3splt.sf.net"
        genre: ""
        title: "04 One Day.mp3"

highlevel:
    ballroom:
        all:
            ChaChaCha: 0.0412817969918
            Jive: 0.181186407804
            Quickstep: 0.0477755889297
            Rumba-American: 0.0441467426717
            Rumba-International: 0.0902552530169
            Rumba-Misc: 0.114148341119
            Samba: 0.092344917357
            Tango: 0.0275213737041
            VienneseWaltz: 0.12352797389
            Waltz: 0.237811610103
        probability: 0.237811610103
        value: "Waltz"
    culture:
        all:
            non_western: 0.00282447203062
            western: 0.997175514698
        probability: 0.997175514698
        value: "western"
    gender:
        all:
            female: 0.201211810112
            male: 0.798788189888
        probability: 0.798788189888
        value: "male"
    genre_dortmund:
        all:
            alternative: 0.0842836946249
            blues: 0.00994927994907
            electronic: 0.0474682636559
            folkcountry: 0.103315234184
            funksoulrnb: 0.0509949475527
            jazz: 0.0415296144783
            pop: 0.0760256201029
            raphiphop: 0.0154786417261
            rock: 0.570954740047
        probability: 0.570954740047
        value: "rock"
    genre_electronica:
        all:
            ambient: 0.103272080421
            dnb: 0.244663774967
            house: 0.0147222233936
            techno: 0.00923580490053
            trance: 0.628106117249
        probability: 0.628106117249
        value: "trance"
    genre_rosamerica:
        all:
            cla: 0.00657350430265
            dan: 0.0577716864645
            hip: 0.0271356198937
            jaz: 0.0140205919743
            pop: 0.371998935938
            rhy: 0.0201222989708
            roc: 0.499797403812
            spe: 0.00257996167056
        probability: 0.499797403812
        value: "roc"
    genre_tzanetakis:
        all:
            blu: 0.00341802625917
            cla: 0.00198346260004
            cou: 0.0474222414196
            dis: 0.162710651755
            hip: 0.0167666766793
            jaz: 0.0230368040502
            met: 0.0336822383106
            pop: 0.578193366528
            reg: 0.021947208792
            roc: 0.110839344561
        probability: 0.578193366528
        value: "pop"
    live_studio:
        all:
            live: 0.0235418975353
            studio: 0.976458072662
        probability: 0.976458072662
        value: "studio"
    mood:
        all:
            Cluster1: 0.221020877361
            Cluster2: 0.332771211863
            Cluster3: 0.10047326237
            Cluster4: 0.187997460365
            Cluster5: 0.157737180591
        probability: 0.332771211863
        value: "Cluster2"
    mood_acoustic:
        all:
            acoustic: 7.59363547331e-06
            not_acoustic: 0.99999243021
        probability: 0.99999243021
        value: "not_acoustic"
    mood_aggressive:
        all:
            aggressive: 0.702063083649
            not_aggressive: 0.297936916351
        probability: 0.702063083649
        value: "aggressive"
    mood_electronic:
        all:
            electronic: 0.871046125889
            not_electronic: 0.12895385921
        probability: 0.871046125889
        value: "electronic"
    mood_happy:
        all:
            happy: 0.739303767681
            not_happy: 0.260696262121
        probability: 0.739303767681
        value: "happy"
    mood_party:
        all:
            not_party: 0.180190145969
            party: 0.819809854031
        probability: 0.819809854031
        value: "party"
    mood_relaxed:
        all:
            not_relaxed: 0.259623497725
            relaxed: 0.740376472473
        probability: 0.740376472473
        value: "relaxed"
    mood_sad:
        all:
            not_sad: 3.00000096379e-14
            sad: 1
        probability: 1
        value: "sad"
    rhythm:
        all:
            fast: 0.874979376793
            medium: 0.046973709017
            slow: 0.0780469402671
        probability: 0.874979376793
        value: "fast"
    speech_music:
        all:
            music: 3.00000096379e-14
            speech: 1
        probability: 1
        value: "speech"
    timbre:
        all:
            bright: 0.267708957195
            dark: 0.732291042805
        probability: 0.732291042805
        value: "dark"
    voice_instrumental:
        all:
            instrumental: 0.0246485490352
            voice: 0.975351452827
        probability: 0.975351452827
        value: "voice"

lowlevel:
    average_loudness: 0.96892786026
    barkbands_kurtosis:
        dmean: 0.604847073555
        dmean2: 0.98710423708
        dvar: 1.19304013252
        dvar2: 3.01783442497
        max: 9.57584190369
        mean: -0.653531253338
        min: -1.73180222511
        var: 2.30663967133
    barkbands_skewness:
        dmean: 0.333693891764
        dmean2: 0.515611588955
        dvar: 0.105640657246
        dvar2: 0.23895843327
        max: 1.6781219244
        mean: -0.380795389414
        min: -2.99520015717
        var: 0.499277293682
    barkbands_spread:
        dmean: 4.95670366287
        dmean2: 7.45256471634
        dvar: 22.7819423676
        dvar2: 51.1490707397
        max: 63.4154930115
        mean: 32.4249534607
        min: 9.05162715912
        var: 87.7407150269
    dissonance:
        dmean: 0.0139971524477
        dmean2: 0.0232194084674
        dvar: 0.000163847245858
        dvar2: 0.000423366960604
        max: 0.49951466918
        mean: 0.471496880054
        min: 0.335504859686
        var: 0.000334949610988
    hfc:
        dmean: 2.68386340141
        dmean2: 3.77251815796
        dvar: 15.7376670837
        dvar2: 32.8889656067
        max: 44.4888877869
        mean: 8.28380203247
        min: 0.541746199131
        var: 51.1928367615
    pitch:
        dmean: 388.282806396
        dmean2: 757.176391602
        dvar: 955986.25
        dvar2: 2475900.5
        max: 4410
        mean: 603.766296387
        min: 102.558135986
        var: 1130507.625
    pitch_instantaneous_confidence:
        dmean: 0.0881327316165
        dmean2: 0.133222684264
        dvar: 0.00662931706756
        dvar2: 0.014143188484
        max: 0.852615773678
        mean: 0.486737668514
        min: 0.141981363297
        var: 0.0307594556361
    pitch_salience:
        dmean: 0.0512475892901
        dmean2: 0.0855743810534
        dvar: 0.00201624096371
        dvar2: 0.00522729149088
        max: 0.812335252762
        mean: 0.650079727173
        min: 0.461830168962
        var: 0.00452690850943
    silence_rate_20dB:
        dmean: 0
        dmean2: 0
        dvar: 0
        dvar2: 0
        max: 1
        mean: 1
        min: 1
        var: 0
    silence_rate_30dB:
        dmean: 0
        dmean2: 0
        dvar: 0
        dvar2: 0
        max: 1
        mean: 1
        min: 1
        var: 0
    silence_rate_60dB:
        dmean: 0.109048724174
        dmean2: 0.218604654074
        dvar: 0.0971570238471
        dvar2: 0.189421698451
        max: 1
        mean: 0.476851850748
        min: 0
        var: 0.249463528395
    spectral_centroid:
        dmean: 247.981307983
        dmean2: 388.617340088
        dvar: 73693.9453125
        dvar2: 153936.171875
        max: 4042.69799805
        mean: 2032.6854248
        min: 692.825683594
        var: 333545
    spectral_complexity:
        dmean: 3.17249417305
        dmean2: 4.44859790802
        dvar: 14.8513727188
        dvar2: 28.102519989
        max: 45
        mean: 13.3627910614
        min: 1
        var: 56.4963035583
    spectral_crest:
        dmean: 1.60778617859
        dmean2: 2.65865039825
        dvar: 2.14116930962
        dvar2: 5.31698703766
        max: 16.6519317627
        mean: 6.30502510071
        min: 2.60834217072
        var: 5.14010667801
    spectral_decrease:
        dmean: 2.80358541938e-10
        dmean2: 4.09139111479e-10
        dvar: 1.91071367347e-19
        dvar2: 4.51718162636e-19
        max: -1.07062927968e-10
        mean: -8.38485503252e-10
        min: -4.66801619581e-09
        var: 3.70677649513e-19
    spectral_energy:
        dmean: 0.00128824892454
        dmean2: 0.00184810289647
        dvar: 3.784850378e-06
        dvar2: 8.77151887835e-06
        max: 0.0212983284146
        mean: 0.00391600094736
        min: 0.000460016832221
        var: 8.22985839477e-06
    spectral_energyband_high:
        dmean: 0.000180790069862
        dmean2: 0.000268579315161
        dvar: 1.59603970928e-07
        dvar2: 3.50793442294e-07
        max: 0.00507142487913
        mean: 0.000405344151659
        min: 6.29181522527e-06
        var: 4.55743446537e-07
    spectral_energyband_low:
        dmean: 0.000111294582894
        dmean2: 0.000182511619641
        dvar: 8.19521019935e-08
        dvar2: 2.12339557493e-07
        max: 0.00242864061147
        mean: 0.000175087305252
        min: 1.38111624892e-06
        var: 7.17814785389e-08
    spectral_energyband_middle_high:
        dmean: 0.000706245482434
        dmean2: 0.000963730446529
        dvar: 8.69722327934e-07
        dvar2: 1.77187428108e-06
        max: 0.0117055885494
        mean: 0.00227529695258
        min: 0.000174715169123
        var: 3.18352635986e-06
    spectral_energyband_middle_low:
        dmean: 0.000550104596186
        dmean2: 0.000883215165231
        dvar: 1.04537264178e-06
        dvar2: 2.74078865914e-06
        max: 0.00754485698417
        mean: 0.00106025161222
        min: 0.000130478394567
        var: 1.13536020763e-06
    spectral_flatness_db:
        dmean: 0.0133945643902
        dmean2: 0.0198247432709
        dvar: 0.000128177227452
        dvar2: 0.000289684918243
        max: 0.20117123425
        mean: 0.122614040971
        min: 0.055456738919
        var: 0.000684931583237
    spectral_flux:
        dmean: 0.00865275785327
        dmean2: 0.0125393066555
        dvar: 9.44836792769e-05
        dvar2: 0.000173077540239
        max: 0.109648510814
        mean: 0.035428468138
        min: 0.00713626062497
        var: 0.000314154982334
    spectral_kurtosis:
        dmean: 0.687007963657
        dmean2: 1.10760843754
        dvar: 0.442632138729
        dvar2: 1.09599936008
        max: 7.27123641968
        mean: 2.81307077408
        min: -0.823128938675
        var: 1.66586375237
    spectral_rms:
        dmean: 0.00029011676088
        dmean2: 0.000397463853005
        dvar: 1.25592507061e-07
        dvar2: 2.72684388847e-07
        max: 0.0045583830215
        mean: 0.00184330064803
        min: 0.000669923028909
        var: 4.22728106741e-07
    spectral_rolloff:
        dmean: 274.761566162
        dmean2: 446.21005249
        dvar: 148187.15625
        dvar2: 323442.125
        max: 6438.42773438
        mean: 3557.53759766
        min: 1442.72460938
        var: 486454.90625
    spectral_skewness:
        dmean: 0.126981332898
        dmean2: 0.204470783472
        dvar: 0.0159198809415
        dvar2: 0.0318718105555
        max: 2.38462948799
        mean: 1.26585674286
        min: 0.349419981241
        var: 0.0676721408963
    spectral_spread:
        dmean: 607364.25
        dmean2: 832857.625
        dvar: 805445304320
        dvar2: 1.30425474253e+12
        max: 16433913
        mean: 5474973
        min: 3205086.5
        var: 3.11343867494e+12
    spectral_strongpeak:
        dmean: 0.691088140011
        dmean2: 1.17025053501
        dvar: 0.779829382896
        dvar2: 2.10970449448
        max: 6.66783189774
        mean: 1.19003784657
        min: 0.0130655113608
        var: 1.66803991795
    zerocrossingrate:
        dmean: 0.0086479280144
        dmean2: 0.0104740895331
        dvar: 7.13445915608e-05
        dvar2: 8.60657455632e-05
        max: 0.193359375
        mean: 0.111890219152
        min: 0.05859375
        var: 0.000622410909273
    barkbands:
        dmean: [6.19560921677e-07, 6.10647257417e-05, 6.20225837338e-05, 7.56642475608e-05, 0.000312361167744, 5.15497413289e-05, 8.8618893642e-05, 9.43444611039e-05, 0.000114060370834, 8.25004681246e-05, 5.56841951038e-05, 6.12320145592e-05, 4.44277284259e-05, 5.28769742232e-05, 9.1806788987e-05, 7.55784640205e-05, 0.000115419745271, 0.000264216098003, 0.000233504353673, 0.000130818531034, 7.90073972894e-05, 5.35492617928e-05, 9.04135049495e-06, 3.11859639623e-06, 4.2648548515e-06, 1.5251548291e-07, 1.00531538649e-08]
        dmean2: [1.09128495751e-06, 9.7089119663e-05, 0.00011037508375, 0.000132692846819, 0.000536708219443, 8.40681459522e-05, 0.000143891797052, 0.000148167207954, 0.000168818078237, 0.000127890976728, 8.44409005367e-05, 9.62908598012e-05, 6.71005109325e-05, 8.12135040178e-05, 0.000147330501932, 0.000119072159578, 0.000173378793988, 0.000409655476687, 0.00035640259739, 0.000213645966141, 0.000123138859635, 8.00265115686e-05, 1.35873697218e-05, 4.5966057769e-06, 6.86643079462e-06, 2.18736104785e-07, 1.05372857107e-08]
        dvar: [1.32350608337e-12, 2.9342926311e-08, 2.53872816103e-08, 2.73483280466e-08, 4.84552401758e-07, 7.23139281789e-09, 2.83238250631e-08, 5.52179884039e-08, 4.91548846071e-08, 3.02851184131e-08, 1.82476327382e-08, 2.45165949764e-08, 7.80427544811e-09, 9.12775366402e-09, 4.3389356108e-08, 2.03685832645e-08, 2.25440039969e-08, 1.58595170774e-07, 1.16482830492e-07, 8.71429506333e-08, 3.5794755604e-08, 1.08781659236e-08, 2.76837580637e-10, 4.32628238789e-11, 1.61338650773e-10, 1.1762974221e-13, 3.72884164409e-14]
        dvar2: [4.05984534185e-12, 7.21056068187e-08, 7.32133997872e-08, 8.03890571888e-08, 1.3096788507e-06, 1.68542406698e-08, 6.47120614872e-08, 1.27701696329e-07, 1.05743993117e-07, 6.78808618204e-08, 4.14025969064e-08, 5.07939539318e-08, 1.75889915965e-08, 2.07140367081e-08, 1.1686462642e-07, 4.87744955535e-08, 4.90507545692e-08, 3.9839181909e-07, 2.76409565458e-07, 2.12628833651e-07, 8.11363634057e-08, 2.42649136339e-08, 6.96831314873e-10, 9.73064337439e-11, 4.18710649486e-10, 2.26771319821e-13, 3.73607530546e-14]
        max: [6.43446765025e-06, 0.00131702655926, 0.00142950937152, 0.00159180862829, 0.00522355875, 0.00101330410689, 0.00157151883468, 0.00337793421932, 0.0028376034461, 0.00218027434312, 0.00193141517229, 0.00212156935595, 0.00128125830088, 0.00106046569999, 0.00228701997548, 0.00245964038186, 0.0017104386352, 0.00404652254656, 0.00408785557374, 0.00345519068651, 0.00231398176402, 0.00122216169257, 0.000217506400077, 6.66859123157e-05, 0.000147568018292, 3.94150220018e-06, 4.00580347559e-06]
        mean: [9.05813465124e-07, 8.28335469123e-05, 9.1368892754e-05, 9.24841297092e-05, 0.000369455257896, 9.57408847171e-05, 0.000144947422086, 0.000146684760693, 0.000195676417206, 0.000152887878357, 9.77161398623e-05, 8.98427679203e-05, 7.71604754846e-05, 9.15268319659e-05, 0.000153711764142, 0.000165867197211, 0.000219034525799, 0.000565409194678, 0.000538210209925, 0.000243422895437, 0.000168080383446, 0.000102350531961, 1.79297185241e-05, 6.27958752375e-06, 6.239247341e-06, 2.25050968083e-07, 1.00832906469e-08]
        min: [9.76155128951e-11, 9.73968816709e-09, 3.88221394587e-07, 7.50591539145e-07, 1.04125010694e-05, 1.89614593182e-06, 4.21577794896e-07, 1.50536186538e-06, 2.69075280812e-06, 4.72315036859e-07, 1.86189708984e-06, 7.08894845047e-07, 7.80918639975e-07, 2.36671053244e-06, 4.75010438095e-06, 1.23607078422e-05, 9.40891095524e-06, 1.9618355509e-06, 9.40655627346e-06, 3.11407598019e-06, 2.30943919632e-06, 1.85469491498e-06, 2.54088149632e-07, 5.76071563785e-08, 5.24637222554e-08, 3.08379410896e-09, 1.61715519448e-12]
        var: [1.28143372649e-12, 2.77294311957e-08, 1.63005022813e-08, 1.88571078752e-08, 4.17087505866e-07, 9.77552616632e-09, 4.75761403607e-08, 1.10871972936e-07, 9.71207398948e-08, 6.51880043279e-08, 2.58433221489e-08, 3.80101781161e-08, 1.30034907286e-08, 1.81310095826e-08, 7.08155880602e-08, 3.85386975665e-08, 5.51602283849e-08, 4.55396389043e-07, 2.614910386e-07, 1.79193875738e-07, 9.40294668794e-08, 2.65788209219e-08, 6.81812495351e-10, 1.24544485836e-10, 2.22191071098e-10, 2.11289156744e-13, 3.72183159942e-14]
    mfcc:
        mean: [-700.235656738, 89.0893554688, -46.7506446838, 48.383354187, -15.0018806458, -4.65913295746, -4.98866271973, 5.04678201675, -1.69802439213, -8.94770526886, 1.70056807995, -11.1890907288, -5.03298330307]
        cov: [[1389.17712402, -273.214355469, 73.1913909912, 26.0275783539, -15.542766571, 47.9576683044, 98.6611099243, 78.2475204468, 24.4747886658, 82.0524291992, 48.2170257568, -13.8059749603, -19.1957263947], [-273.214355469, 614.020751953, -185.376159668, 54.3194961548, -16.6946334839, -8.2902097702, -26.7169113159, 72.096824646, -27.4390735626, 38.2112388611, 57.3955841064, 33.5099868774, 30.551279068], [73.1913909912, -185.376159668, 394.911682129, 28.7667064667, 121.039543152, 46.6494636536, 74.9900512695, 0.537751972675, 39.1168403625, -3.94865131378, -7.36202716827, 45.231502533, 54.1373786926], [26.0275783539, 54.3194961548, 28.7667064667, 240.153778076, 38.086730957, 25.96068573, 28.0361537933, 24.119058609, 29.1777648926, 9.5314245224, 14.6846046448, 29.0368080139, 25.8410682678], [-15.542766571, -16.6946334839, 121.039543152, 38.086730957, 179.267059326, 37.4705085754, -5.76384162903, 11.2874250412, 44.4889259338, 16.9939975739, 1.4236382246, 20.0403728485, 11.342751503], [47.9576683044, -8.2902097702, 46.6494636536, 25.96068573, 37.4705085754, 113.247550964, 36.7539672852, -3.61900639534, 29.033662796, 2.56437683105, -3.7201128006, 20.9398193359, 17.2737178802], [98.6611099243, -26.7169113159, 74.9900512695, 28.0361537933, -5.76384162903, 36.7539672852, 131.811248779, 35.738319397, 9.18140029907, 6.61372804642, 10.2524013519, 18.4142932892, 23.9766807556], [78.2475204468, 72.096824646, 0.537751972675, 24.119058609, 11.2874250412, -3.61900639534, 35.738319397, 145.477996826, 3.41219997406, 36.0833320618, 39.2301483154, 9.98746871948, 13.0014457703], [24.4747886658, -27.4390735626, 39.1168403625, 29.1777648926, 44.4889259338, 29.033662796, 9.18140029907, 3.41219997406, 98.8794784546, 26.5815448761, -13.1764860153, -0.672119796276, 9.68284702301], [82.0524291992, 38.2112388611, -3.94865131378, 9.5314245224, 16.9939975739, 2.56437683105, 6.61372804642, 36.0833320618, 26.5815448761, 84.102394104, 35.8363609314, -3.27574038506, 0.446851104498], [48.2170257568, 57.3955841064, -7.36202716827, 14.6846046448, 1.4236382246, -3.7201128006, 10.2524013519, 39.2301483154, -13.1764860153, 35.8363609314, 78.5164642334, 21.5957107544, 4.93456983566], [-13.8059749603, 33.5099868774, 45.231502533, 29.0368080139, 20.0403728485, 20.9398193359, 18.4142932892, 9.98746871948, -0.672119796276, -3.27574038506, 21.5957107544, 67.6602325439, 35.792552948], [-19.1957263947, 30.551279068, 54.1373786926, 25.8410682678, 11.342751503, 17.2737178802, 23.9766807556, 13.0014457703, 9.68284702301, 0.446851104498, 4.93456983566, 35.792552948, 74.1683273315]]
        icov: [[0.000968528562225, 0.000584823195823, 7.6283911767e-05, -0.000153158442117, 0.000245258910581, -0.000429653213359, -0.000361935264664, -0.000438419025159, 0.000185440832865, -0.000924959196709, -0.000330660346663, 9.06370041776e-05, 0.000223486553296], [0.000584823195823, 0.00279573351145, 0.00156308198348, -0.000451320345746, -0.000406701030442, -0.000350060319761, 0.00010743560415, -0.000991710810922, 0.00080973393051, -0.00119874579832, -0.000684814585838, -0.000905224995222, -0.00131718360353], [7.6283911767e-05, 0.00156308198348, 0.00515889329836, 0.000180922739673, -0.00325465691276, 0.000419827207224, -0.00238127005287, 0.000287985487375, 0.000126808954519, 2.53089256148e-05, 8.69390714797e-05, -0.00147076114081, -0.00264620245434], [-0.000153158442117, -0.000451320345746, 0.000180922739673, 0.00484823295847, -0.000781994021963, -6.39880963718e-05, -0.000741402443964, -0.000138817864354, -0.00135262752883, 0.000697003793903, -0.000507708347868, -0.00105689640623, -0.000560254324228], [0.000245258910581, -0.000406701030442, -0.00325465691276, -0.000781994021963, 0.00922470446676, -0.00216769031249, 0.00306204869412, -0.00114266527817, -0.00230895122513, -0.00107453158125, 0.00018831162015, -0.00118265673518, 0.00204975390807], [-0.000429653213359, -0.000350060319761, 0.000419827207224, -6.39880963718e-05, -0.00216769031249, 0.011836560443, -0.00329473614693, 0.00157707964536, -0.0023884170223, 0.00053072324954, 0.000913177209441, -0.00261416053399, -0.000378301483579], [-0.000361935264664, 0.00010743560415, -0.00238127005287, -0.000741402443964, 0.00306204869412, -0.00329473614693, 0.0113972146064, -0.00271926866844, -8.05143135949e-05, 0.000152751352289, -0.000242116395384, -0.000240225592279, -0.000908525893465], [-0.000438419025159, -0.000991710810922, 0.000287985487375, -0.000138817864354, -0.00114266527817, 0.00157707964536, -0.00271926866844, 0.00959025416523, -0.000103943282738, -0.0015704628313, -0.0027474523522, 0.000792570295744, -0.00103808322456], [0.000185440832865, 0.00080973393051, 0.000126808954519, -0.00135262752883, -0.00230895122513, -0.0023884170223, -8.05143135949e-05, -0.000103943282738, 0.0150025030598, -0.00665355427191, 0.00503205228597, 0.000606793328188, -0.00149936520029], [-0.000924959196709, -0.00119874579832, 2.53089256148e-05, 0.000697003793903, -0.00107453158125, 0.00053072324954, 0.000152751352289, -0.0015704628313, -0.00665355427191, 0.0205187276006, -0.00963058508933, 0.00478563271463, -0.000664000632241], [-0.000330660346663, -0.000684814585838, 8.69390714797e-05, -0.000507708347868, 0.00018831162015, 0.000913177209441, -0.000242116395384, -0.0027474523522, 0.00503205228597, -0.00963058508933, 0.0223620645702, -0.00834924075752, 0.00257085682824], [9.06370041776e-05, -0.000905224995222, -0.00147076114081, -0.00105689640623, -0.00118265673518, -0.00261416053399, -0.000240225592279, 0.000792570295744, 0.000606793328188, 0.00478563271463, -0.00834924075752, 0.0256465915591, -0.00936268642545], [0.000223486553296, -0.00131718360353, -0.00264620245434, -0.000560254324228, 0.00204975390807, -0.000378301483579, -0.000908525893465, -0.00103808322456, -0.00149936520029, -0.000664000632241, 0.00257085682824, -0.00936268642545, 0.0210072919726]]
    spectral_contrast:
        mean: [4.11393330069e-07, 1.72489606598e-07, 9.62684296724e-08, 4.56391376247e-07, 4.9347100628e-08, -1.72402963017e-08, -1.86555610071e-06, 2.03918921216e-06, 2.12733129956e-06, 1.04100206499e-06, 1.99329022621e-07, 1.20429103845e-06]
        var: [0.000497888424434, 0.000833748315927, 0.00142807187513, 0.00181754643563, 0.00289068440907, 0.00526458956301, 0.0636080503464, 0.0983821302652, 0.128279462457, 0.41055816412, 0.559460520744, 1.03815972805]

rhythm:
    beats_loudness:
        dmean: 0.00647343369201
        dmean2: 0.0126699656248
        dvar: 1.13978294394e-05
        dvar2: 4.05856735597e-05
        max: 0.015534248203
        mean: 0.00662531983107
        min: 0.00117223628331
        var: 1.56180467457e-05
    beats_loudness_bass:
        dmean: 0.141376778483
        dmean2: 0.288868486881
        dvar: 0.011547377333
        dvar2: 0.0321005098522
        max: 0.414737582207
        mean: 0.0928352177143
        min: 0.00815567560494
        var: 0.0109312310815
    bpm: 113.099632263
    bpm_confidence: 0
    first_peak_bpm: 113
    first_peak_spread: 0
    first_peak_weight: 0.944444417953
    onset_rate: 3.68855810165
    second_peak_bpm: 103
    second_peak_spread: 0
    second_peak_weight: 0.0555555559695
    beats_position: [0.104246452451, 0.633749306202, 1.16325223446, 1.69275510311, 2.22225785255, 2.75176095963, 3.28126382828, 3.81076669693, 4.34026956558, 4.86977243423, 5.39927530289, 5.92877817154, 6.5120100975, 7.04365062714, 7.57529163361, 8.10693264008, 8.63857269287, 9.17021274567, 9.70185375214]
    bpm_estimates: [112.944107056, 113.139923096, 112.698982239, 113.406837463, 112.694885254, 114.350395203, 114.012458801, 112.726242065, 113.443946838, 113.747467041, 113.163337708, 113.105903625, 113.015647888, 112.805458069, 112.471908569, 112.64818573, 112.760826111, 112.707855225, 113.048538208]
    bpm_intervals: [0.529502868652, 0.529502928257, 0.529502868652, 0.529502749443, 0.529503107071, 0.529502868652, 0.529502868652, 0.529502868652, 0.529502868652, 0.529502868652, 0.529502868652, 0.583231925964, 0.531640529633, 0.53164100647, 0.53164100647, 0.531640052795, 0.531640052795, 0.53164100647]
    onset_times: [0.0580498874187, 0.348299324512, 0.626938760281, 0.917188227177, 1.45124721527, 1.54412698746, 1.70666670799, 1.97369611263, 2.11301589012, 2.50775504112, 2.75156474113, 3.04181408882, 3.30884361267, 3.83129262924, 4.1099319458, 4.40018129349, 4.63238096237, 4.66721105576, 4.8994102478, 5.18966007233, 5.42185926437, 5.73532867432, 5.97913837433, 6.19972801208, 6.76861667633, 6.93115663528, 7.04725646973, 7.2910656929, 7.58131504059, 7.97605419159, 8.13859367371, 8.37079334259, 8.64943313599, 9.16027164459, 9.41569137573, 9.71755123138, 10.0078001022]
    rubato_start: []
    rubato_stop: []
    perceptual_tempo: "unknown"

sfx:
    inharmonicity:
        dmean: 0.062052000314
        dmean2: 0.110719144344
        dvar: 0.00392666272819
        dvar2: 0.0112420031801
        max: 0.355940431356
        mean: 0.071302331984
        min: 0.000702917459421
        var: 0.00412452034652
    oddtoevenharmonicenergyratio:
        dmean: 1.6550719738
        dmean2: 3.01003694534
        dvar: 6.94886398315
        dvar2: 19.8027267456
        max: 18.6936511993
        mean: 1.33908224106
        min: 0.00519643211737
        var: 5.07495307922
    pitch_after_max_to_before_max_energy_ratio: 4.51661252975
    pitch_centroid: 261.645233154
    pitch_max_to_total: 0.300000011921
    pitch_min_to_total: 0.490697681904
    tristimulus:
        dmean: [0.172515660524, 0.212614282966, 0.158309027553]
        dmean2: [0.298872917891, 0.371563374996, 0.27495777607]
        dvar: [0.0217193961143, 0.0356832481921, 0.0175347365439]
        dvar2: [0.0588415712118, 0.0990725532174, 0.0532365553081]
        max: [0.925497114658, 0.98275834322, 0.765052199364]
        mean: [0.300685942173, 0.482902914286, 0.184746995568]
        min: [0.0172416772693, 0, 0]
        var: [0.0311262756586, 0.0427778474987, 0.023413784802]

tonal:
    chords_changes_rate: 0.050925925374
    chords_number_rate: 0.0277777779847
    chords_strength:
        dmean: 0.00921833422035
        dmean2: 0.00983029138297
        dvar: 5.34578030056e-05
        dvar2: 8.19242850412e-05
        max: 0.593613624573
        mean: 0.472064852715
        min: 0.313351392746
        var: 0.00364898424596
    key_strength: 0.713143050671
    tuning_diatonic_strength: 0.562580525875
    tuning_equal_tempered_deviation: 0.0796402841806
    tuning_frequency: 449.245300293
    tuning_nontempered_energy_ratio: 0.691668629646
    hpcp:
        dmean: [0.166175320745, 0.157485812902, 0.149088323116, 0.164946228266, 0.136243492365, 0.119817182422, 0.125994175673, 0.117603585124, 0.0958217605948, 0.0889353901148, 0.101473420858, 0.142864212394, 0.141412422061, 0.10273680836, 0.0803225040436, 0.0707520246506, 0.0936376824975, 0.153196007013, 0.192746177316, 0.130482807755, 0.0641974434257, 0.0643398314714, 0.097815066576, 0.120616309345, 0.157815590501, 0.163722142577, 0.138507679105, 0.159485071898, 0.137990549207, 0.119334831834, 0.138090163469, 0.160868257284, 0.192406252027, 0.21967639029, 0.18652716279, 0.143588781357]
        dmean2: [0.281297594309, 0.267630875111, 0.260183006525, 0.279324918985, 0.225480407476, 0.191414773464, 0.216826409101, 0.201980784535, 0.156181618571, 0.144312649965, 0.168934807181, 0.24444976449, 0.23054549098, 0.163629919291, 0.136422932148, 0.120186120272, 0.159665241838, 0.247454360127, 0.310213774443, 0.215056270361, 0.11119209975, 0.1085909307, 0.16814802587, 0.205583944917, 0.275931149721, 0.272070288658, 0.222642198205, 0.265276074409, 0.235109895468, 0.203374505043, 0.231970086694, 0.270909190178, 0.310543477535, 0.369915038347, 0.313297450542, 0.225129082799]
        dvar: [0.0483928062022, 0.0493368580937, 0.0424018278718, 0.0370253287256, 0.0299708712846, 0.0249524973333, 0.0310802105814, 0.0220350660384, 0.0183071494102, 0.018751392141, 0.0184340104461, 0.0249645970762, 0.0296269357204, 0.0152778001502, 0.0167586393654, 0.0111689148471, 0.0146931260824, 0.0222945921123, 0.0414069667459, 0.0160275567323, 0.0077897766605, 0.0127376634628, 0.0298325810581, 0.0301046278328, 0.0334633663297, 0.0415164977312, 0.0264773704112, 0.0291430912912, 0.028891434893, 0.0222411267459, 0.0219633616507, 0.0289139542729, 0.033513519913, 0.0415955558419, 0.0326844081283, 0.0214523319155]
        dvar2: [0.115609019995, 0.108654327691, 0.123588941991, 0.0957259610295, 0.0743767991662, 0.0657257959247, 0.0760043561459, 0.0529943332076, 0.0495883151889, 0.0507184006274, 0.0510372072458, 0.0558833666146, 0.0608327426016, 0.0377390570939, 0.0376455485821, 0.0287358649075, 0.0398185439408, 0.0531642697752, 0.094376988709, 0.0411498174071, 0.0215260311961, 0.0353000350296, 0.076088488102, 0.0734321624041, 0.0769556164742, 0.100749760866, 0.0609124749899, 0.0674065351486, 0.0707722902298, 0.0567165240645, 0.0579811669886, 0.0697728469968, 0.0777805149555, 0.0995750054717, 0.0849189162254, 0.0560794584453]
        max: [1, 1, 1, 1, 1, 1, 1, 1, 0.972053706646, 1, 1, 1, 1, 1, 1, 0.768330872059, 0.782327532768, 1, 1, 0.774349451065, 0.555390775204, 0.787611365318, 1, 1, 1, 1, 1, 1, 1, 1, 1, 1, 1, 1, 1, 1]
        mean: [0.219998553395, 0.191310569644, 0.220657855272, 0.28348621726, 0.239701747894, 0.209224283695, 0.227905839682, 0.182977989316, 0.152126327157, 0.146984145045, 0.169540762901, 0.307575494051, 0.342380791903, 0.205738097429, 0.119618028402, 0.0987116843462, 0.126830309629, 0.310814887285, 0.445024847984, 0.2585285604, 0.0844370424747, 0.0870935767889, 0.117082558572, 0.192234069109, 0.29041993618, 0.279482394457, 0.242313891649, 0.278293341398, 0.222458302975, 0.195908293128, 0.246688678861, 0.260306298733, 0.38771507144, 0.478650480509, 0.353938668966, 0.241518422961]
        min: [0.00411702087149, 0.00117688649334, 0.00913024041802, 0.0115048158914, 0.00916541926563, 0.00448834756389, 0.00294146314263, 0.00232599908486, 0.00232570106164, 0.00445526186377, 0.00625517917797, 0.0109159545973, 0.0130125237629, 0.00979734491557, 0.00452909478918, 0.00349389133044, 0.0033482958097, 0.0194797627628, 0.0134024973959, 0.00507249543443, 0.00192355306353, 0.00124052062165, 0.000463012722321, 0.00203834916465, 0.00827251933515, 0.003486830974, 0.0119463577867, 0.0113591197878, 0.00397030077875, 0.014488578774, 0.00798205658793, 0.0151082379743, 0.0192273203284, 0.0271374024451, 0.0446242168546, 0.0117070712149]
        var: [0.063337571919, 0.065445035696, 0.0511402636766, 0.0615489929914, 0.0479167997837, 0.0549974702299, 0.0712540745735, 0.0431637316942, 0.0247214101255, 0.0245760753751, 0.0295297224075, 0.0788843482733, 0.0835445970297, 0.0360365435481, 0.024501292035, 0.013852561824, 0.0169156119227, 0.0472720637918, 0.107079222798, 0.0388736762106, 0.00897368043661, 0.0141023453325, 0.0323317833245, 0.0462462417781, 0.0733436048031, 0.0718086436391, 0.0542716421187, 0.058078225702, 0.0440095923841, 0.0277852788568, 0.039842363447, 0.0565821602941, 0.0755217149854, 0.090825624764, 0.0540073141456, 0.0467923246324]
    chords_histogram: [17.1296291351, 0.462962955236, 28.2407398224, 0, 0, 0, 0, 0, 0, 0, 0, 0, 0, 0, 0, 3.24074077606, 0, 0, 0, 21.2962970734, 0.462962955236, 0, 18.5185184479, 10.6481485367]
    thpcp: [1, 0.739451169968, 0.504581987858, 0.459622561932, 0.399687409401, 0.460999965668, 0.592261433601, 0.500786602497, 0.437112867832, 0.476142495871, 0.38227891922, 0.317823410034, 0.307080328465, 0.35420575738, 0.642588913441, 0.715304374695, 0.429829508066, 0.24990683794, 0.206229150295, 0.264974802732, 0.649356663227, 0.929749071598, 0.540119707584, 0.176406472921, 0.181956529617, 0.244609713554, 0.40161678195, 0.60674738884, 0.583896636963, 0.506243884563, 0.581412434578, 0.464761465788, 0.40929299593, 0.515383720398, 0.54383379221, 0.810017108917]
    chords_key: "G#"
    chords_scale: "major"
    key_key: "C#"
    key_scale: "major"
    chords_progression: ["F#", "F#", "F#", "F#", "F#", "F#", "F#", "F#", "A#m", "A#m", "A#m", "A#m", "A#m", "A#m", "A#m", "A#m", "A#m", "A#m", "A#m", "A#m", "A#m", "A#m", "A#m", "A#m", "A#m", "A#m", "A#m", "A#m", "A#m", "A#m", "A#m", "C#", "C#", "C#", "C#", "C#", "C#", "C#", "C#", "C#", "C#", "C#", "C#", "C#", "C#", "C#", "C#", "C#", "C#", "C#", "C#", "C#", "C#", "C#", "C#", "C#", "C#", "C#", "C#", "C#", "C#", "C#", "C#", "C#", "C#", "C#", "C#", "C#", "G#", "G#", "G#", "G#m", "G#m", "G#m", "G#m", "G#m", "G#m", "G#m", "G#m", "G#m", "G#m", "G#m", "G#m", "G#m", "G#m", "G#m", "G#m", "G#m", "G#", "G#", "G#", "G#", "G#", "G#", "G#", "G#", "G#", "G#", "G#", "G#", "G#", "G#", "G#", "G#", "G#", "G#", "G#", "G#", "G#", "G#", "G#", "G#", "G#", "G#", "G#", "G#", "G#", "G#", "G#", "G#", "G#", "G#", "G#", "G#", "G#", "G#", "G#", "G#", "G#", "G#", "G#", "G#", "G#", "G#", "G#", "G#", "G#", "G#", "G#", "G#", "G#", "G#", "G#", "G#", "G#", "G#", "G#m", "G#m", "G#m", "G#m", "G#m", "G#m", "G#m", "G#m", "G#m", "G#m", "G#m", "G#m", "G#m", "G#m", "G#m", "G#m", "G#m", "G#m", "G#m", "G#m", "F#m", "F#m", "F#m", "F#m", "F#m", "F#m", "F#m", "Fm", "F#", "F#", "F#", "F#", "F#", "F#", "F#", "F#", "F#", "F#", "F#", "F#", "F#", "F#", "F#", "F#", "F#", "F#", "F#", "F#", "F#", "F#", "F#", "F#", "F#", "F#", "F#", "F#", "F#", "F#", "F#", "F#", "B", "G#m", "G#m", "G#m", "G#m", "G#m", "G#m", "G#m", "G#m", "G#m"]
