
metadata:
    version:
        essentia: "1.2.2"
    audio_properties:
        analysis_sample_rate: 44100
        bitrate: 128
        channels: 2
        equal_loudness: 1
        length: 10.0310201645
        replay_gain: -9.80106925964
        downmix: "mix"
    tags:
        track: 24
        year: 0
        album: "Splitted by Mp3Splt v. 2.1"
        artist: "From 003.50 To 004.00"
        comment: "http://mp3splt.sf.net"
        genre: ""
        title: "04 A Lover Sings.mp3"

highlevel:
    ballroom:
        all:
            ChaChaCha: 0.0225099269301
            Jive: 0.00632610823959
            Quickstep: 0.00900305341929
            Rumba-American: 0.0052432352677
            Rumba-International: 0.0195412822068
            Rumba-Misc: 0.00277408631518
            Samba: 0.00214052200317
            Tango: 0.591935753822
            VienneseWaltz: 0.0276772007346
            Waltz: 0.312848806381
        probability: 0.591935753822
        value: "Tango"
    culture:
        all:
            non_western: 0.0447882674634
            western: 0.955211758614
        probability: 0.955211758614
        value: "western"
    gender:
        all:
            female: 0.66325622797
            male: 0.33674377203
        probability: 0.66325622797
        value: "female"
    genre_dortmund:
        all:
            alternative: 0.310638725758
            blues: 0.035452041775
            electronic: 0.250048756599
            folkcountry: 0.105611108243
            funksoulrnb: 0.00443743634969
            jazz: 0.02694613114
            pop: 0.0295195020735
            raphiphop: 0.0028142395895
            rock: 0.23453207314
        probability: 0.310638725758
        value: "alternative"
    genre_electronica:
        all:
            ambient: 0.786226451397
            dnb: 0.0321320109069
            house: 0.101112417877
            techno: 0.0607847496867
            trance: 0.0197443906218
        probability: 0.786226451397
        value: "ambient"
    genre_rosamerica:
        all:
            cla: 0.615527749062
            dan: 0.00845690257847
            hip: 0.00428112316877
            jaz: 0.0492706745863
            pop: 0.0197138544172
            rhy: 0.0359708629549
            roc: 0.261304497719
            spe: 0.00547430291772
        probability: 0.615527749062
        value: "cla"
    genre_tzanetakis:
        all:
            blu: 0.10706011951
            cla: 0.567363142967
            cou: 0.051706019789
            dis: 0.0184833481908
            hip: 0.0117922192439
            jaz: 0.0683813393116
            met: 0.0376709587872
            pop: 0.0122023401782
            reg: 0.0543386675417
            roc: 0.0710018575191
        probability: 0.567363142967
        value: "cla"
    live_studio:
        all:
            live: 0.0540754832327
            studio: 0.945924520493
        probability: 0.945924520493
        value: "studio"
    mood:
        all:
            Cluster1: 0.116575971246
            Cluster2: 0.158663019538
            Cluster3: 0.474713653326
            Cluster4: 0.178538456559
            Cluster5: 0.0715089142323
        probability: 0.474713653326
        value: "Cluster3"
    mood_acoustic:
        all:
            acoustic: 0.439560115337
            not_acoustic: 0.560439884663
        probability: 0.560439884663
        value: "not_acoustic"
    mood_aggressive:
        all:
            aggressive: 0.0120093515143
            not_aggressive: 0.987990677357
        probability: 0.987990677357
        value: "not_aggressive"
    mood_electronic:
        all:
            electronic: 0.715180516243
            not_electronic: 0.284819483757
        probability: 0.715180516243
        value: "electronic"
    mood_happy:
        all:
            happy: 0.069955162704
            not_happy: 0.930044829845
        probability: 0.930044829845
        value: "not_happy"
    mood_party:
        all:
            not_party: 0.897629320621
            party: 0.10237069428
        probability: 0.897629320621
        value: "not_party"
    mood_relaxed:
        all:
            not_relaxed: 0.398459553719
            relaxed: 0.601540446281
        probability: 0.601540446281
        value: "relaxed"
    mood_sad:
        all:
            not_sad: 0.36492010951
            sad: 0.635079860687
        probability: 0.635079860687
        value: "sad"
    rhythm:
        all:
            fast: 0.0821842029691
            medium: 0.182659476995
            slow: 0.735156357288
        probability: 0.735156357288
        value: "slow"
    speech_music:
        all:
            music: 0.999440133572
            speech: 0.000559837208129
        probability: 0.999440133572
        value: "music"
    timbre:
        all:
            bright: 0.125801935792
            dark: 0.874198079109
        probability: 0.874198079109
        value: "dark"
    voice_instrumental:
        all:
            instrumental: 0.999981164932
            voice: 1.88606190932e-05
        probability: 0.999981164932
        value: "instrumental"

lowlevel:
    average_loudness: 0.611121118069
    barkbands_kurtosis:
        dmean: 1.5342066288
        dmean2: 2.48909711838
        dvar: 3.21377491951
        dvar2: 7.34696960449
        max: 27.5915660858
        mean: 5.15339612961
        min: -1.90815186501
        var: 46.585559845
    barkbands_skewness:
        dmean: 0.328774213791
        dmean2: 0.511890828609
        dvar: 0.0972396433353
        dvar2: 0.186550572515
        max: 3.29947066307
        mean: 0.503598570824
        min: -4.5969877243
        var: 3.61217665672
    barkbands_spread:
        dmean: 2.88074374199
        dmean2: 4.50492477417
        dvar: 12.8018455505
        dvar2: 30.5525531769
        max: 44.0045661926
        mean: 18.3698978424
        min: 1.64773273468
        var: 157.443878174
    dissonance:
        dmean: 0.0174607317895
        dmean2: 0.0312313418835
        dvar: 0.000473674124805
        dvar2: 0.00129195395857
        max: 0.498705863953
        mean: 0.449177205563
        min: 0.272909671068
        var: 0.00252024875954
    hfc:
        dmean: 1.67911529541
        dmean2: 2.66066145897
        dvar: 7.64268159866
        dvar2: 16.1959133148
        max: 38.2645568848
        mean: 7.55028963089
        min: 0.000551984878257
        var: 72.7572250366
    pitch:
        dmean: 334.749603271
        dmean2: 663.529846191
        dvar: 641747.5
        dvar2: 1605990
        max: 3150
        mean: 1408.78210449
        min: 75.6432266235
        var: 1782239.375
    pitch_instantaneous_confidence:
        dmean: 0.0760834291577
        dmean2: 0.128675714135
        dvar: 0.00352169084363
        dvar2: 0.01048255153
        max: 0.842586040497
        mean: 0.545689344406
        min: 0.241059541702
        var: 0.0140814995393
    pitch_salience:
        dmean: 0.05383490026
        dmean2: 0.0931925326586
        dvar: 0.0018817918608
        dvar2: 0.00508490437642
        max: 0.766806066036
        mean: 0.580633401871
        min: 0.362404644489
        var: 0.00475614983588
    silence_rate_20dB:
        dmean: 0
        dmean2: 0
        dvar: 0
        dvar2: 0
        max: 1
        mean: 1
        min: 1
        var: 0
    silence_rate_30dB:
        dmean: 0
        dmean2: 0
        dvar: 0
        dvar2: 0
        max: 1
        mean: 1
        min: 1
        var: 0
    silence_rate_60dB:
        dmean: 0.0247524753213
        dmean2: 0.0496277920902
        dvar: 0.0241396073252
        dvar2: 0.0620529912412
        max: 1
        mean: 0.513580262661
        min: 0
        var: 0.249814733863
    spectral_centroid:
        dmean: 114.425743103
        dmean2: 183.050872803
        dvar: 23067.2890625
        dvar2: 45292.1679688
        max: 2784.80249023
        mean: 1201.27075195
        min: 163.175598145
        var: 803452.5625
    spectral_complexity:
        dmean: 1.61662197113
        dmean2: 2.54301071167
        dvar: 3.34097576141
        dvar2: 7.61909198761
        max: 28
        mean: 9.80748653412
        min: 0
        var: 59.6528930664
    spectral_crest:
        dmean: 2.42886734009
        dmean2: 4.30193376541
        dvar: 3.38004422188
        dvar2: 11.3642435074
        max: 19.2895488739
        mean: 12.1083564758
        min: 3.98087382317
        var: 12.2745389938
    spectral_decrease:
        dmean: 1.39446315606e-10
        dmean2: 2.28323859819e-10
        dvar: 3.69758005617e-20
        dvar2: 8.55033463988e-20
        max: -6.72792008737e-13
        mean: -8.60162163718e-10
        min: -2.86467827237e-09
        var: 4.87301197842e-19
    spectral_energy:
        dmean: 0.000664868508466
        dmean2: 0.00108267040923
        dvar: 9.19677120237e-07
        dvar2: 2.07072275771e-06
        max: 0.0142015228048
        mean: 0.00393128441647
        min: 2.59170656136e-06
        var: 1.13903934107e-05
    spectral_energyband_high:
        dmean: 2.2738460757e-05
        dmean2: 3.69272565877e-05
        dvar: 2.49040321698e-09
        dvar2: 5.70542058043e-09
        max: 0.000603296910413
        mean: 5.77552855248e-05
        min: 1.51051338104e-09
        var: 7.46686890096e-09
    spectral_energyband_low:
        dmean: 9.63364582276e-05
        dmean2: 0.000172657790245
        dvar: 1.38842244368e-08
        dvar2: 4.77067416682e-08
        max: 0.000883704284206
        mean: 0.000136933973408
        min: 4.4504872676e-07
        var: 2.24936176352e-08
    spectral_energyband_middle_high:
        dmean: 0.00060485501308
        dmean2: 0.000955921190325
        dvar: 9.93863864096e-07
        dvar2: 2.1368855414e-06
        max: 0.0135668544099
        mean: 0.00266793044284
        min: 1.34151596498e-08
        var: 9.43816485233e-06
    spectral_energyband_middle_low:
        dmean: 0.000213219798752
        dmean2: 0.000336051161867
        dvar: 9.12823665544e-08
        dvar2: 1.94293789946e-07
        max: 0.00403689872473
        mean: 0.00106866820715
        min: 1.8825829784e-06
        var: 7.41098403978e-07
    spectral_flatness_db:
        dmean: 0.0138581851497
        dmean2: 0.023570580408
        dvar: 0.000120777716802
        dvar2: 0.000342274579452
        max: 0.373589932919
        mean: 0.286388844252
        min: 0.205905839801
        var: 0.0018110552337
    spectral_flux:
        dmean: 0.00436375243589
        dmean2: 0.00692185899243
        dvar: 3.22168889397e-05
        dvar2: 7.66833400121e-05
        max: 0.0729041844606
        mean: 0.0236616320908
        min: 0.000266345392447
        var: 0.000311934069032
    spectral_kurtosis:
        dmean: 6.99457502365
        dmean2: 12.2646894455
        dvar: 36.81508255
        dvar2: 108.551651001
        max: 69.8910293579
        mean: 20.3256587982
        min: 0.477806806564
        var: 327.960784912
    spectral_rms:
        dmean: 0.000143795390613
        dmean2: 0.000236868960201
        dvar: 2.79857346186e-08
        dvar2: 6.24554488127e-08
        max: 0.00372224976309
        mean: 0.0016805321211
        min: 5.02841357957e-05
        var: 1.01121133866e-06
    spectral_rolloff:
        dmean: 122.156044006
        dmean2: 223.030410767
        dvar: 67811.5546875
        dvar2: 139751.15625
        max: 3273.046875
        mean: 1821.27893066
        min: 215.33203125
        var: 1661843.875
    spectral_skewness:
        dmean: 0.53055536747
        dmean2: 0.927178919315
        dvar: 0.180630758405
        dvar2: 0.539534389973
        max: 6.83737373352
        mean: 2.43675756454
        min: 0.24168933928
        var: 3.95062446594
    spectral_spread:
        dmean: 187863.5
        dmean2: 333020.75
        dvar: 34120288256
        dvar2: 111987679232
        max: 3915689.75
        mean: 1891349.375
        min: 1073016.5
        var: 151474176000
    spectral_strongpeak:
        dmean: 0.595718860626
        dmean2: 0.991550564766
        dvar: 1.09819340706
        dvar2: 2.87867164612
        max: 8.93048381805
        mean: 1.3997708559
        min: 0.0033920891583
        var: 4.03634786606
    zerocrossingrate:
        dmean: 0.00406857393682
        dmean2: 0.00504426052794
        dvar: 2.36570213019e-05
        dvar2: 2.89283361781e-05
        max: 0.12939453125
        mean: 0.0650184378028
        min: 0.00830078125
        var: 0.00181211193558
    barkbands:
        dmean: [1.01500088334e-08, 1.87856167031e-05, 8.46250040922e-05, 6.99954616721e-05, 0.000185766883078, 3.63321523764e-05, 7.54718075768e-06, 4.88705700263e-06, 5.30135957888e-06, 6.02611589784e-06, 4.0220493247e-06, 2.27458554036e-06, 9.14769134397e-06, 3.94787384721e-05, 5.22300942976e-05, 0.000110574066639, 0.000308450631564, 0.000388271728298, 0.000113534770207, 4.00306125812e-05, 8.76759349921e-06, 3.00676816778e-07, 3.52885543009e-08, 4.7034816042e-09, 8.07968691952e-10, 1.5129633657e-10, 1.51417989258e-10]
        dmean2: [1.58775357306e-08, 3.29838294419e-05, 0.000153667933773, 0.000115237118735, 0.00028302235296, 6.03632906859e-05, 1.25964206745e-05, 7.16546583135e-06, 7.25523295841e-06, 9.4027218438e-06, 5.68734049011e-06, 3.46594629264e-06, 1.29582131194e-05, 5.2817787946e-05, 7.109753642e-05, 0.000179443348316, 0.00048109825002, 0.000614857883193, 0.000189340440556, 6.07772308285e-05, 1.4504335013e-05, 4.93394111345e-07, 5.58237438497e-08, 7.56294316062e-09, 1.35470723528e-09, 2.74832434588e-10, 2.78279510546e-10]
        dvar: [2.45454822112e-16, 5.60853086196e-10, 1.1258389776e-08, 7.92428167529e-09, 6.84893919356e-08, 2.12650652642e-09, 1.20876961218e-10, 4.40894369624e-11, 7.32473526277e-11, 1.0482139462e-10, 6.31683733099e-11, 1.48318406168e-11, 2.55475973709e-10, 4.02875022232e-09, 8.53577653004e-09, 3.79146598561e-08, 3.15935864137e-07, 4.03243006986e-07, 3.86858260981e-08, 6.44725783872e-09, 3.05574843207e-10, 3.95933259052e-13, 6.9806009592e-15, 9.3702245549e-17, 2.04917701302e-18, 5.55448356285e-20, 5.67696380841e-20]
        dvar2: [5.01119249974e-16, 1.53595747232e-09, 3.87786265321e-08, 2.09776374049e-08, 1.36927909011e-07, 6.43679154422e-09, 3.80996290072e-10, 9.86399850689e-11, 1.1592874577e-10, 2.29798041707e-10, 1.21083504334e-10, 3.56370800925e-11, 6.00072491697e-10, 7.92450460807e-09, 1.45846623667e-08, 9.60195976063e-08, 7.71457962401e-07, 9.03454633772e-07, 1.03412553187e-07, 1.40642830715e-08, 8.51776038591e-10, 9.78076885975e-13, 1.59703488227e-14, 2.0523069652e-16, 4.72673170453e-18, 1.79002504942e-19, 1.82326775803e-19]
        max: [1.80093849167e-07, 0.000209361751331, 0.000697631156072, 0.000737380702049, 0.00339387450367, 0.000467773730634, 0.000154251392814, 0.000107418803964, 0.000124894373585, 8.94046024769e-05, 9.32933035074e-05, 3.81328427466e-05, 0.000167989332112, 0.000762771931477, 0.00159304682165, 0.00172791606747, 0.00650359690189, 0.00846469774842, 0.00186505320016, 0.000778074958362, 0.000163993376191, 7.93508024799e-06, 1.02788533241e-06, 1.30827231715e-07, 1.73875704945e-08, 2.14615525351e-09, 1.58028379271e-09]
        mean: [1.57979442861e-08, 3.60437479685e-05, 0.000100874844065, 0.000123969395645, 0.000786974735092, 9.73331407295e-05, 2.21280552068e-05, 2.09347690543e-05, 1.42775670611e-05, 1.46384345499e-05, 7.49849505155e-06, 5.698946552e-06, 2.08665223909e-05, 0.000106645449705, 0.000154474881128, 0.000282055116259, 0.000715657835826, 0.00107894325629, 0.000229070690693, 9.24726118683e-05, 1.99798905669e-05, 6.28013538062e-07, 9.16592455269e-08, 1.06458397653e-08, 2.2033845859e-09, 2.14731510351e-10, 1.21262652697e-10]
        min: [2.40272688898e-12, 2.79848450191e-07, 1.55832040605e-07, 1.12180515544e-07, 1.29827617457e-06, 1.28619277007e-07, 2.09409432017e-08, 2.8728692314e-08, 2.97573365948e-09, 1.86647766687e-10, 3.81190745635e-10, 2.04811478888e-09, 2.92750668152e-09, 4.0307801541e-09, 1.78850170784e-10, 2.34094549301e-10, 4.86053641779e-10, 6.15888784417e-10, 8.10840783405e-10, 6.2772720355e-10, 6.03142147337e-10, 2.18600013091e-10, 5.89786067207e-11, 4.97518935771e-11, 4.79437461953e-11, 2.75541980725e-12, 1.11449747051e-15]
        var: [5.94269898404e-16, 1.61073354654e-09, 1.39630014218e-08, 1.49029730778e-08, 4.74232876968e-07, 8.58485815769e-09, 5.98139038299e-10, 4.86753248818e-10, 3.19316462161e-10, 3.56045470884e-10, 1.55289905934e-10, 4.76577770303e-11, 8.12807099404e-10, 1.4407635085e-08, 6.54430678537e-08, 1.38150056728e-07, 1.20500476442e-06, 1.98813063434e-06, 9.56403241048e-08, 1.94306508661e-08, 8.50818915321e-10, 9.05753716387e-13, 2.12936561287e-14, 3.08510548744e-16, 7.92577165988e-18, 6.49190214789e-20, 4.57290354973e-20]
    mfcc:
        mean: [-885.841247559, 202.950759888, -82.5976333618, 88.1255874634, 17.1809711456, -3.66140770912, -5.1501326561, -12.9345178604, -12.228852272, -4.02741336823, -1.76124739647, -7.01615953445, -23.9627857208]
        cov: [[24165.4941406, -4003.97949219, -8685.66601562, 3718.19506836, -346.128479004, -1255.50341797, -839.626525879, 885.720031738, 659.060913086, -248.423614502, -1918.72827148, -407.319213867, -398.486480713], [-4003.97949219, 1843.45825195, 1429.04345703, -793.553771973, 278.482727051, 44.332736969, 174.069564819, -254.521484375, -191.405303955, 83.1530532837, 517.311950684, 36.8391952515, 61.316078186], [-8685.66601562, 1429.04345703, 3224.15307617, -1349.32324219, 95.0214080811, 490.500549316, 317.847320557, -303.412139893, -245.936538696, 96.5760421753, 714.008605957, 149.698547363, 152.062271118], [3718.19506836, -793.553771973, -1349.32324219, 799.520935059, -120.456977844, -221.549789429, -118.702484131, 130.112258911, 163.250335693, -36.5431632996, -365.142791748, -28.9864330292, -39.164691925], [-346.128479004, 278.482727051, 95.0214080811, -120.456977844, 137.160202026, -20.7747001648, 11.5836515427, -17.539440155, -32.1702957153, 10.8529319763, 67.2207946777, 0.303499609232, 2.58483505249], [-1255.50341797, 44.332736969, 490.500549316, -221.549789429, -20.7747001648, 165.349639893, 40.9614601135, -23.8362045288, -38.9965744019, 10.3468227386, 95.7979888916, 11.3023767471, 26.2209281921], [-839.626525879, 174.069564819, 317.847320557, -118.702484131, 11.5836515427, 40.9614601135, 85.3892974854, -33.4771537781, -29.9831409454, 19.1366233826, 74.3225708008, 26.0507183075, 14.7407655716], [885.720031738, -254.521484375, -303.412139893, 130.112258911, -17.539440155, -23.8362045288, -33.4771537781, 93.5921478271, 30.2366466522, -26.5374336243, -86.8665771484, -21.5781993866, -9.80813217163], [659.060913086, -191.405303955, -245.936538696, 163.250335693, -32.1702957153, -38.9965744019, -29.9831409454, 30.2366466522, 64.0857086182, -4.2880191803, -82.2803268433, -5.28884410858, -9.70783042908], [-248.423614502, 83.1530532837, 96.5760421753, -36.5431632996, 10.8529319763, 10.3468227386, 19.1366233826, -26.5374336243, -4.2880191803, 43.4374198914, 39.1731262207, 5.06121873856, 2.88220405579], [-1918.72827148, 517.311950684, 714.008605957, -365.142791748, 67.2207946777, 95.7979888916, 74.3225708008, -86.8665771484, -82.2803268433, 39.1731262207, 237.991958618, 28.2375831604, 22.5977191925], [-407.319213867, 36.8391952515, 149.698547363, -28.9864330292, 0.303499609232, 11.3023767471, 26.0507183075, -21.5781993866, -5.28884410858, 5.06121873856, 28.2375831604, 42.8088798523, 11.840218544], [-398.486480713, 61.316078186, 152.062271118, -39.164691925, 2.58483505249, 26.2209281921, 14.7407655716, -9.80813217163, -9.70783042908, 2.88220405579, 22.5977191925, 11.840218544, 43.9557266235]]
        icov: [[0.00195689941756, -0.000424765836215, 0.00514888577163, -0.00135355617385, 0.00147324777208, -0.00135194312315, 0.000195234650164, -0.00308743095957, 0.00201123999432, -0.00154875789303, -0.000931975489948, -0.000327584508341, 0.000393330730731], [-0.000424765836215, 0.00353529909626, -0.00129256234504, 0.000948980916291, -0.00268019502982, 0.00484810536727, -0.00241055828519, 0.00466196564957, -0.00137629837263, 0.00253443280235, -0.00567328650504, 0.00479069445282, -0.00319498917088], [0.00514888577163, -0.00129256234504, 0.0165253859013, -0.000379542121664, 0.00548558030277, -0.00562903471291, -0.00211733253673, -0.00653593987226, 0.00143856951036, -0.00278549478389, -0.00519321486354, -0.00386895751581, -0.00252648419701], [-0.00135355617385, 0.000948980916291, -0.000379542121664, 0.0116560542956, 0.00288468878716, 0.00492393504828, -0.00298219150864, 0.00299914414063, -0.0105215664953, -0.000294003955787, 0.00271472427994, -0.0038683754392, -0.00599173270166], [0.00147324777208, -0.00268019502982, 0.00548558030277, 0.00288468878716, 0.0152727225795, 0.00133809098043, 0.00147650088184, -0.00685551762581, 0.00200175400823, -0.00429215887561, -0.000101170211565, -0.00461895903572, -0.00101356999949], [-0.00135194312315, 0.00484810536727, -0.00562903471291, 0.00492393504828, 0.00133809098043, 0.0223013013601, -0.00236808648333, 0.00269140815362, -0.00138985505328, 0.00111109088175, -0.00561159802601, 0.00817392673343, -0.00684258434922], [0.000195234650164, -0.00241055828519, -0.00211733253673, -0.00298219150864, 0.00147650088184, -0.00236808648333, 0.0241312626749, -0.00539399404079, 0.00889822654426, -0.00842729583383, 0.00482036359608, -0.00980337802321, 0.00451020523906], [-0.00308743095957, 0.00466196564957, -0.00653593987226, 0.00299914414063, -0.00685551762581, 0.00269140815362, -0.00539399404079, 0.0301927682012, -0.0089206174016, 0.0136008420959, -0.00325719034299, 0.0103948824108, -0.00585361430421], [0.00201123999432, -0.00137629837263, 0.00143856951036, -0.0105215664953, 0.00200175400823, -0.00138985505328, 0.00889822654426, -0.0089206174016, 0.0439695194364, -0.0118150543422, 0.00945246126503, -0.00300378073007, 0.0079736225307], [-0.00154875789303, 0.00253443280235, -0.00278549478389, -0.000294003955787, -0.00429215887561, 0.00111109088175, -0.00842729583383, 0.0136008420959, -0.0118150543422, 0.0376071259379, -0.012590656057, 0.00769190583378, -0.00342539674602], [-0.000931975489948, -0.00567328650504, -0.00519321486354, 0.00271472427994, -0.000101170211565, -0.00561159802601, 0.00482036359608, -0.00325719034299, 0.00945246126503, -0.012590656057, 0.0339613892138, -0.00926130637527, 0.00880784261972], [-0.000327584508341, 0.00479069445282, -0.00386895751581, -0.0038683754392, -0.00461895903572, 0.00817392673343, -0.00980337802321, 0.0103948824108, -0.00300378073007, 0.00769190583378, -0.00926130637527, 0.0427753478289, -0.0066409050487], [0.000393330730731, -0.00319498917088, -0.00252648419701, -0.00599173270166, -0.00101356999949, -0.00684258434922, 0.00451020523906, -0.00585361430421, 0.0079736225307, -0.00342539674602, 0.00880784261972, -0.0066409050487, 0.034743450582]]
    spectral_contrast:
        mean: [-2.91230037419e-07, -5.77220795606e-08, -1.49161024865e-07, -1.89441962561e-07, -1.87629126458e-07, -1.20125676517e-07, -5.250666959e-07, 5.68124687561e-06, 2.7054770726e-06, -2.50327548201e-06, -2.21780283027e-06, -2.10369336173e-07]
        var: [0.000407038052799, 0.000582423352171, 0.000646066735499, 0.000874945253599, 0.00136696873233, 0.00222070305608, 0.0539442375302, 0.0614115856588, 0.10088980943, 0.137726649642, 0.553233206272, 11.930524826]

rhythm:
    beats_loudness:
        dmean: 0.00154226610903
        dmean2: 0.00247881677933
        dvar: 5.00410806126e-06
        dvar2: 1.63322347362e-05
        max: 0.0131861735135
        mean: 0.00339376670308
        min: 2.77912431557e-06
        var: 1.40108049891e-05
    beats_loudness_bass:
        dmean: 0.0732316225767
        dmean2: 0.129066556692
        dvar: 0.00298203597777
        dvar2: 0.00486976047978
        max: 0.42334368825
        mean: 0.157404407859
        min: 0.00203581899405
        var: 0.0127675812691
    bpm: 108.948242188
    bpm_confidence: 0
    first_peak_bpm: 109
    first_peak_spread: 0
    first_peak_weight: 0.526315808296
    onset_rate: 1.09659826756
    second_peak_bpm: 197
    second_peak_spread: 0
    second_peak_weight: 0.421052634716
    beats_position: [0.253022491932, 0.803773641586, 1.35452473164, 1.9052759409, 2.45602703094, 3.0067782402, 3.55752944946, 4.10828065872, 4.65903139114, 5.2097826004, 5.76053380966, 6.25010108948, 6.55482149124, 6.85954046249, 7.16426086426, 7.46898078918, 7.77370023727, 8.07842063904, 8.38313961029, 8.68785953522]
    bpm_estimates: [110.183143616, 109.040855408, 109.405693054, 108.048049927, 108.063484192]
    bpm_intervals: [0.550751149654, 0.55075109005, 0.550751209259, 0.55075109005, 0.550751209259, 0.550751209259, 0.550751209259, 0.550750732422, 0.550751209259, 0.550751209259, 0.489567279816, 0.304720401764, 0.304718971252, 0.304720401764, 0.304719924927, 0.30471944809, 0.304720401764, 0.304718971252, 0.304719924927]
    onset_times: [0.0580498874187, 0.220589563251, 0.650158703327, 0.789478480816, 1.07972788811, 1.6137868166, 1.8575963974, 2.67029476166, 3.04181408882, 3.55265307426, 4.21442174911]
    rubato_start: [6.55482149124]
    rubato_stop: [8.68785953522]
    perceptual_tempo: "unknown"

sfx:
    inharmonicity:
        dmean: 0.0429181195796
        dmean2: 0.0758786797523
        dvar: 0.00475582154468
        dvar2: 0.0140258269385
        max: 0.470584541559
        mean: 0.0402199663222
        min: 0
        var: 0.00443754531443
    oddtoevenharmonicenergyratio:
        dmean: 12.4135847092
        dmean2: 24.3446712494
        dvar: 5946.55517578
        dvar2: 17923.7089844
        max: 927.432861328
        mean: 6.67921304703
        min: 0
        var: 3022.60668945
    pitch_after_max_to_before_max_energy_ratio: 38.5707168579
    pitch_centroid: 116.264122009
    pitch_max_to_total: 0.00802139006555
    pitch_min_to_total: 0.318181812763
    tristimulus:
        dmean: [0.162939414382, 0.240546450019, 0.103926926851]
        dmean2: [0.290012657642, 0.444717764854, 0.188599139452]
        dvar: [0.0419828668237, 0.0789398550987, 0.0366703867912]
        dvar2: [0.113819293678, 0.21422162652, 0.10493618995]
        max: [1, 0.982375204563, 0.809091866016]
        mean: [0.480788826942, 0.28407305479, 0.0784495994449]
        min: [0.0114125376567, 0, 0]
        var: [0.11483053863, 0.089812874794, 0.0316078998148]

tonal:
    chords_changes_rate: 0.0106382975355
    chords_number_rate: 0.0159574467689
    chords_strength:
        dmean: 0.00536946952343
        dmean2: 0.004345132038
        dvar: 1.97947902052e-05
        dvar2: 1.61412917805e-05
        max: 0.673245489597
        mean: 0.553359150887
        min: 0.381991356611
        var: 0.00648315576836
    key_strength: 0.589588463306
    tuning_diatonic_strength: 0.513324737549
    tuning_equal_tempered_deviation: 0.0951813906431
    tuning_frequency: 449.245300293
    tuning_nontempered_energy_ratio: 0.684125602245
    hpcp:
        dmean: [0.0510348901153, 0.0421231277287, 0.0252766869962, 0.0263043213636, 0.0387759394944, 0.0888022556901, 0.0966564491391, 0.0651847347617, 0.0328792072833, 0.0265054311603, 0.0251009520143, 0.0256509874016, 0.0379748865962, 0.0455293394625, 0.0542811825871, 0.0484167970717, 0.0252491701394, 0.0118988463655, 0.0212605856359, 0.0564364269376, 0.0870257914066, 0.0861910358071, 0.0700411349535, 0.0321815833449, 0.0163988526911, 0.0249104201794, 0.0840126350522, 0.123223781586, 0.110647886992, 0.1378659904, 0.0842945054173, 0.126247510314, 0.0510701611638, 0.0285805743188, 0.0278097912669, 0.0349862501025]
        dmean2: [0.08079880476, 0.0667772442102, 0.0431104674935, 0.0452418103814, 0.0639669895172, 0.146896108985, 0.152814820409, 0.0998966470361, 0.0501249991357, 0.0399044603109, 0.0399835146964, 0.0412199534476, 0.0593552812934, 0.0734430924058, 0.0891177132726, 0.0759231522679, 0.0389420390129, 0.0201063398272, 0.0358587019145, 0.0961798876524, 0.147430732846, 0.142656654119, 0.11801777035, 0.0531337223947, 0.0280622895807, 0.0407177805901, 0.139934197068, 0.197194188833, 0.180380836129, 0.228280648589, 0.13986082375, 0.187066450715, 0.0831873118877, 0.0473269559443, 0.047188937664, 0.0565946213901]
        dvar: [0.0144048323855, 0.0102652302012, 0.00179070141166, 0.00201254570857, 0.00490838522092, 0.0118652908131, 0.0134235294536, 0.00496944086626, 0.00384047906846, 0.00424644397572, 0.00167710939422, 0.0019005847862, 0.00554319377989, 0.00403313012794, 0.00499838450924, 0.00332372169942, 0.00117420975585, 0.000367286062101, 0.00149636645801, 0.00914635881782, 0.0221169423312, 0.0238276142627, 0.0113974129781, 0.00235360814258, 0.00107579200994, 0.00184238259681, 0.0154062937945, 0.0299134887755, 0.0155285168439, 0.0195244178176, 0.0184968020767, 0.0134510677308, 0.00992141105235, 0.00417727697641, 0.00631226878613, 0.011184210889]
        dvar2: [0.0299111548811, 0.0248768012971, 0.00501740258187, 0.00550740631297, 0.011670419015, 0.0298132784665, 0.0302075725049, 0.0113970376551, 0.00784260127693, 0.00741195632145, 0.00398432882503, 0.00432093115523, 0.0132331959903, 0.0100823575631, 0.0117335896939, 0.00776299554855, 0.00277112913318, 0.000846095790621, 0.00369096756913, 0.025116417557, 0.0552909038961, 0.0589653030038, 0.0282992087305, 0.00582969887182, 0.00272596487775, 0.00468230387196, 0.0430435426533, 0.0788198560476, 0.0428343266249, 0.0573598891497, 0.042006675154, 0.0367181301117, 0.0162004306912, 0.00864783581346, 0.0150156160817, 0.0223143100739]
        max: [1, 1, 0.29592242837, 0.318146049976, 0.492829054594, 1, 1, 0.570014238358, 0.51710999012, 0.687328100204, 0.308994621038, 0.380577534437, 0.721863150597, 0.596432447433, 0.919402658939, 0.534646987915, 0.30851662159, 0.163772553205, 0.307731389999, 0.641931831837, 1, 1, 0.748201906681, 0.476920753717, 0.341513454914, 0.320335537195, 1, 1, 0.851930618286, 1, 1, 1, 0.943077981472, 0.546478331089, 0.607011198997, 1]
        mean: [0.0876520127058, 0.0704230442643, 0.0361293293536, 0.0360605977476, 0.0502497628331, 0.185988768935, 0.246456518769, 0.11642935127, 0.0433667004108, 0.0407079830766, 0.0391025952995, 0.0471867918968, 0.0605393573642, 0.0726920440793, 0.11351519078, 0.12276507169, 0.0547874905169, 0.0177691560239, 0.0315934382379, 0.1063330248, 0.292627424002, 0.355150967836, 0.19130435586, 0.0585185661912, 0.0245828088373, 0.0365440137684, 0.16379134357, 0.25617185235, 0.219335898757, 0.596843659878, 0.770599424839, 0.318127930164, 0.0641796961427, 0.0346788391471, 0.0306661389768, 0.048088286072]
        min: [0.00349768181331, 0.000823006557766, 0, 0, 0.00498754018918, 0.00340203708038, 0.00607807422057, 0.00940093118697, 0, 0, 0, 0, 0, 0.00061658071354, 0.012418512255, 0.0199897047132, 0.00375251332298, 0, 0, 0, 0, 2.36421255977e-05, 0.00100521626882, 0.00147043913603, 0.000484144606162, 0.000386226602132, 0.0187095161527, 0.0201612599194, 0.0157266631722, 0.0299923345447, 0.0291369501501, 0.0139065273106, 0, 0, 4.62042698928e-05, 0.00280320877209]
        var: [0.0347291044891, 0.0222867820412, 0.00300550134853, 0.00280193565413, 0.0049539511092, 0.0238613542169, 0.0382991507649, 0.0103620570153, 0.00518023408949, 0.00683069461957, 0.00296149565838, 0.00460435124114, 0.011730578728, 0.0109053747728, 0.0159059129655, 0.00819458067417, 0.00275381631218, 0.000794800114818, 0.00247804122046, 0.0230966471136, 0.122208930552, 0.163840070367, 0.0477703213692, 0.00563002470881, 0.00151852879208, 0.00289054051973, 0.0298571567982, 0.0749519690871, 0.0228793416172, 0.10165130347, 0.111324705184, 0.0329292044044, 0.0131484121084, 0.00537515245378, 0.00504010496661, 0.0113852759823]
    chords_histogram: [40.957447052, 0, 0, 0, 0, 0, 0, 0, 0, 0, 0, 0, 0, 0, 0, 0, 0, 0, 0, 0, 0, 0, 8.510638237, 50.5319137573]
    thpcp: [1, 0.412831783295, 0.083285421133, 0.0450024195015, 0.0397951751947, 0.0624037384987, 0.113745234907, 0.0913873538375, 0.0468847081065, 0.0467955172062, 0.0652086660266, 0.241355970502, 0.319824427366, 0.151089325547, 0.0562765784562, 0.0528263859451, 0.0507430881262, 0.0612338781357, 0.0785613805056, 0.0943318158388, 0.147307649255, 0.159311145544, 0.071097239852, 0.0230588745326, 0.0409985221922, 0.137987419963, 0.379739999771, 0.460876256227, 0.248253956437, 0.0759390220046, 0.0319008901715, 0.0474228411913, 0.2125505656, 0.332431942225, 0.28463023901, 0.774518668652]
    chords_key: "E"
    chords_scale: "minor"
    key_key: "G"
    key_scale: "major"
    chords_progression: ["C", "C", "C", "C", "C", "C", "C", "C", "C", "C", "C", "C", "C", "C", "C", "C", "Em", "Em", "Em", "Em", "Em", "Em", "Em", "Em", "Em", "Em", "Em", "Em", "Em", "Em", "Em", "Em", "Em", "Em", "Em", "Em", "Em", "Em", "Em", "Em", "Em", "Em", "Em", "Em", "Em", "Em", "Em", "Em", "Em", "Em", "Em", "Em", "Em", "Em", "Em", "Em", "Em", "Em", "Em", "Em", "Em", "Em", "Em", "Em", "Em", "Em", "Em", "Em", "Em", "Em", "Em", "Em", "Em", "Em", "Em", "Em", "Em", "Em", "Em", "Em", "Em", "Em", "Em", "Em", "Em", "Em", "Em", "Em", "Em", "Em", "Em", "Em", "Em", "Em", "Em", "Em", "Em", "Em", "Em", "Em", "Em", "Em", "Em", "Em", "Em", "Em", "Em", "Em", "Em", "Em", "Em", "G", "G", "G", "G", "G", "G", "G", "G", "G", "G", "G", "G", "G", "G", "G", "G", "G", "G", "G", "G", "G", "G", "G", "G", "G", "G", "G", "G", "G", "G", "G", "G", "G", "G", "G", "G", "G", "G", "G", "G", "G", "G", "G", "G", "G", "G", "G", "G", "G", "G", "G", "G", "G", "G", "G", "G", "G", "G", "G", "G", "G", "G", "G", "G", "G", "G", "G", "G", "G", "G", "G", "G", "G", "G", "G", "G", "G"]
