
metadata:
    version:
        essentia: "1.2.2"
    audio_properties:
        analysis_sample_rate: 44100
        bitrate: 128
        channels: 2
        equal_loudness: 1
        length: 10.0310201645
        replay_gain: -14.0426197052
        downmix: "mix"
    tags:
        track: 1
        year: 0
        album: "Splitted by Mp3Splt v. 2.1"
        artist: "From 000.00 To 000.10"
        comment: "http://mp3splt.sf.net"
        genre: ""
        title: "09 Hippopotamus.mp3"

highlevel:
    ballroom:
        all:
            ChaChaCha: 0.267926603556
            Jive: 0.0223706606776
            Quickstep: 0.216089338064
            Rumba-American: 0.0348988622427
            Rumba-International: 0.0123021760955
            Rumba-Misc: 0.0442802533507
            Samba: 0.0638059973717
            Tango: 0.0968771874905
            VienneseWaltz: 0.139474824071
            Waltz: 0.101974077523
        probability: 0.267926603556
        value: "ChaChaCha"
    culture:
        all:
            non_western: 0.5
            western: 0.5
        probability: 0.5
        value: "non_western"
    gender:
        all:
            female: 0.940599501133
            male: 0.059400498867
        probability: 0.940599501133
        value: "female"
    genre_dortmund:
        all:
            alternative: 0.00585130322725
            blues: 0.227798357606
            electronic: 0.0145118674263
            folkcountry: 0.0248454101384
            funksoulrnb: 0.07226049155
            jazz: 0.0965235829353
            pop: 0.0430936738849
            raphiphop: 0.499102175236
            rock: 0.0160131379962
        probability: 0.499102175236
        value: "raphiphop"
    genre_electronica:
        all:
            ambient: 0.942165970802
            dnb: 0.0107136722654
            house: 0.0390044488013
            techno: 0.00455760257319
            trance: 0.00355829601176
        probability: 0.942165970802
        value: "ambient"
    genre_rosamerica:
        all:
            cla: 0.12421952188
            dan: 0.00898946356028
            hip: 0.0370278730989
            jaz: 0.238083481789
            pop: 0.0406323410571
            rhy: 0.31578540802
            roc: 0.0085385972634
            spe: 0.226723313332
        probability: 0.31578540802
        value: "rhy"
    genre_tzanetakis:
        all:
            blu: 0.0577535256743
            cla: 0.0300035849214
            cou: 0.0567036159337
            dis: 0.0520676895976
            hip: 0.0676885470748
            jaz: 0.0522249899805
            met: 0.00733726844192
            pop: 0.252568036318
            reg: 0.404359728098
            roc: 0.0192930120975
        probability: 0.404359728098
        value: "reg"
    live_studio:
        all:
            live: 0.0803160965443
            studio: 0.919683933258
        probability: 0.919683933258
        value: "studio"
    mood:
        all:
            Cluster1: 0.0127479787916
            Cluster2: 0.564790487289
            Cluster3: 0.0433207079768
            Cluster4: 0.364938378334
            Cluster5: 0.0142024364322
        probability: 0.564790487289
        value: "Cluster2"
    mood_acoustic:
        all:
            acoustic: 0.570023238659
            not_acoustic: 0.429976761341
        probability: 0.570023238659
        value: "acoustic"
    mood_aggressive:
        all:
            aggressive: 1.09712864571e-07
            not_aggressive: 0.999999880791
        probability: 0.999999880791
        value: "not_aggressive"
    mood_electronic:
        all:
            electronic: 0.119680196047
            not_electronic: 0.880319833755
        probability: 0.880319833755
        value: "not_electronic"
    mood_happy:
        all:
            happy: 0.303080320358
            not_happy: 0.696919679642
        probability: 0.696919679642
        value: "not_happy"
    mood_party:
        all:
            not_party: 0.722910523415
            party: 0.277089446783
        probability: 0.722910523415
        value: "not_party"
    mood_relaxed:
        all:
            not_relaxed: 0.437577664852
            relaxed: 0.562422335148
        probability: 0.562422335148
        value: "relaxed"
    mood_sad:
        all:
            not_sad: 0.461429238319
            sad: 0.538570761681
        probability: 0.538570761681
        value: "sad"
    rhythm:
        all:
            fast: 0.0604962147772
            medium: 0.0858116298914
            slow: 0.853692173958
        probability: 0.853692173958
        value: "slow"
    speech_music:
        all:
            music: 5.34174091626e-08
            speech: 0.999999940395
        probability: 0.999999940395
        value: "speech"
    timbre:
        all:
            bright: 0.977023780346
            dark: 0.0229762084782
        probability: 0.977023780346
        value: "bright"
    voice_instrumental:
        all:
            instrumental: 0.00559017434716
            voice: 0.994409799576
        probability: 0.994409799576
        value: "voice"

lowlevel:
    average_loudness: 0.898032486439
    barkbands_kurtosis:
        dmean: 3.97390675545
        dmean2: 6.74201822281
        dvar: 121.494125366
        dvar2: 322.505767822
        max: 114.267341614
        mean: 2.63240790367
        min: -1.95411431789
        var: 139.66696167
    barkbands_skewness:
        dmean: 0.933928728104
        dmean2: 1.39660537243
        dvar: 1.2898131609
        dvar2: 3.02368593216
        max: 10.2564144135
        mean: 0.416122913361
        min: -5.17843008041
        var: 3.21572828293
    barkbands_spread:
        dmean: 6.51836538315
        dmean2: 10.39153862
        dvar: 50.1213264465
        dvar2: 134.951202393
        max: 56.3575439453
        mean: 19.6146850586
        min: 1.15641188622
        var: 98.2108078003
    dissonance:
        dmean: 0.0485006012022
        dmean2: 0.0794060975313
        dvar: 0.00206669326872
        dvar2: 0.00516568683088
        max: 0.499268829823
        mean: 0.414302974939
        min: 0.174763917923
        var: 0.00391913298517
    hfc:
        dmean: 2.05545544624
        dmean2: 2.49650907516
        dvar: 7.85985660553
        dvar2: 12.7510948181
        max: 38.1598548889
        mean: 4.48925590515
        min: 0.00017400777142
        var: 32.7597999573
    pitch:
        dmean: 409.912750244
        dmean2: 782.269714355
        dvar: 910939.75
        dvar2: 2252927.75
        max: 6300
        mean: 715.266296387
        min: 133.232635498
        var: 1053724
    pitch_instantaneous_confidence:
        dmean: 0.128753304482
        dmean2: 0.196374759078
        dvar: 0.0138275800273
        dvar2: 0.0328020229936
        max: 0.981290221214
        mean: 0.711505651474
        min: 0.240140855312
        var: 0.0341529734433
    pitch_salience:
        dmean: 0.115765854716
        dmean2: 0.183264032006
        dvar: 0.0106898946688
        dvar2: 0.0232794731855
        max: 0.85801845789
        mean: 0.566167294979
        min: 0.0624849796295
        var: 0.0257661361247
    silence_rate_20dB:
        dmean: 0
        dmean2: 0
        dvar: 0
        dvar2: 0
        max: 1
        mean: 1
        min: 1
        var: 0
    silence_rate_30dB:
        dmean: 0
        dmean2: 0
        dvar: 0
        dvar2: 0
        max: 1
        mean: 1
        min: 1
        var: 0
    silence_rate_60dB:
        dmean: 0.111922137439
        dmean2: 0.224390238523
        dvar: 0.0993959754705
        dvar2: 0.21306400001
        max: 1
        mean: 0.720873773098
        min: 0
        var: 0.201214581728
    spectral_centroid:
        dmean: 416.636413574
        dmean2: 595.705444336
        dvar: 215335.75
        dvar2: 469134.40625
        max: 6729.72705078
        mean: 1650.76574707
        min: 280.318817139
        var: 643963.6875
    spectral_complexity:
        dmean: 2.00771212578
        dmean2: 2.76030921936
        dvar: 5.11818885803
        dvar2: 10.7647151947
        max: 22
        mean: 4.84358978271
        min: 0
        var: 20.2652626038
    spectral_crest:
        dmean: 3.66626596451
        dmean2: 5.94979333878
        dvar: 11.7528104782
        dvar2: 26.1782684326
        max: 26.3124313354
        mean: 11.6681022644
        min: 4.23238372803
        var: 25.1237010956
    spectral_decrease:
        dmean: 2.73012140672e-10
        dmean2: 3.66976532495e-10
        dvar: 1.52106287885e-19
        dvar2: 3.1105788308e-19
        max: -4.14497097398e-14
        mean: -5.81433734492e-10
        min: -3.82954601363e-09
        var: 5.28075515174e-19
    spectral_energy:
        dmean: 0.00120651756879
        dmean2: 0.00159999390598
        dvar: 2.84887823909e-06
        dvar2: 5.61414390177e-06
        max: 0.0166412778199
        mean: 0.00260165263899
        min: 1.72223849404e-07
        var: 1.03598094938e-05
    spectral_energyband_high:
        dmean: 6.76575073157e-05
        dmean2: 8.96600395208e-05
        dvar: 1.59131232635e-08
        dvar2: 2.89659567443e-08
        max: 0.00162778806407
        mean: 0.000109592139779
        min: 2.5690904959e-09
        var: 3.85316525353e-08
    spectral_energyband_low:
        dmean: 3.5797175002e-08
        dmean2: 5.93892117706e-08
        dvar: 2.27036119261e-14
        dvar2: 5.80387449797e-14
        max: 2.0696043066e-06
        mean: 3.12619974352e-08
        min: 5.70360182695e-11
        var: 1.88082107397e-14
    spectral_energyband_middle_high:
        dmean: 0.000782134069595
        dmean2: 0.000932612514589
        dvar: 1.34116760364e-06
        dvar2: 1.73389355496e-06
        max: 0.0149924894795
        mean: 0.00160157924984
        min: 5.44895328858e-08
        var: 5.41669032827e-06
    spectral_energyband_middle_low:
        dmean: 0.000647691776976
        dmean2: 0.000945261621382
        dvar: 1.69917325366e-06
        dvar2: 3.71636292584e-06
        max: 0.0131972571835
        mean: 0.000890452822205
        min: 6.56544187905e-08
        var: 2.5446042855e-06
    spectral_flatness_db:
        dmean: 0.0410023331642
        dmean2: 0.060794018209
        dvar: 0.00155327515677
        dvar2: 0.00309863849543
        max: 0.554827272892
        mean: 0.317776709795
        min: 0.109691523015
        var: 0.0051601594314
    spectral_flux:
        dmean: 0.0128488373011
        dmean2: 0.0194414258003
        dvar: 0.000165162113262
        dvar2: 0.000380193261662
        max: 0.137554839253
        mean: 0.0382480472326
        min: 0.00160970375873
        var: 0.000781432783697
    spectral_kurtosis:
        dmean: 3.94783949852
        dmean2: 6.96531486511
        dvar: 18.4787158966
        dvar2: 51.6694297791
        max: 35.1065750122
        mean: 7.5035200119
        min: -1.23949861526
        var: 28.8425197601
    spectral_rms:
        dmean: 0.000383888807846
        dmean2: 0.000477707304526
        dvar: 1.48067115902e-07
        dvar2: 2.57664567016e-07
        max: 0.00402931682765
        mean: 0.00129812478554
        min: 1.29623786052e-05
        var: 8.53071469464e-07
    spectral_rolloff:
        dmean: 652.860046387
        dmean2: 1093.47558594
        dvar: 811052.0625
        dvar2: 1836946.125
        max: 9173.14453125
        mean: 2701.75390625
        min: 258.3984375
        var: 1321475.75
    spectral_skewness:
        dmean: 0.456992655993
        dmean2: 0.759415209293
        dvar: 0.20570769906
        dvar2: 0.550661921501
        max: 4.96982574463
        mean: 1.53387904167
        min: -0.105874918401
        var: 0.411712259054
    spectral_spread:
        dmean: 781730.25
        dmean2: 1132730.5
        dvar: 2.33976994202e+12
        dvar2: 5.02657135411e+12
        max: 15082629
        mean: 3235281
        min: 1363382.125
        var: 3.69270482534e+12
    spectral_strongpeak:
        dmean: 0.433679014444
        dmean2: 0.658928573132
        dvar: 0.479996502399
        dvar2: 1.10061657429
        max: 7.96729803085
        mean: 0.778840661049
        min: 0.00248670903966
        var: 1.1295851469
    zerocrossingrate:
        dmean: 0.0149634983391
        dmean2: 0.0166242141277
        dvar: 0.00026261783205
        dvar2: 0.000415459857322
        max: 0.30322265625
        mean: 0.0811247974634
        min: 0.01220703125
        var: 0.00131301465444
    barkbands:
        dmean: [3.55562274068e-10, 5.57618928809e-09, 3.19560733431e-08, 3.4131647908e-07, 2.96480120596e-05, 0.00010957896302, 0.000138484960189, 0.000159267394338, 0.000367760774679, 0.000200445108931, 0.000141679265653, 9.81825069175e-05, 9.75417351583e-05, 5.23048765899e-05, 0.000134112604428, 0.00013598476653, 0.00012448412599, 0.000190374164958, 0.000138476083521, 6.82505269651e-05, 3.69150948245e-05, 5.19828290635e-06, 4.24060772275e-07, 1.2101091329e-07, 9.87186794532e-08, 2.69043387569e-09, 9.12793007846e-10]
        dmean2: [5.66610425246e-10, 8.0938846736e-09, 5.45229319471e-08, 5.59629768304e-07, 4.45053337899e-05, 0.000170097962837, 0.000222896516789, 0.000235715866438, 0.000597766134888, 0.000304185698042, 0.000221031426918, 0.000149120009155, 0.000148103790707, 8.51961376611e-05, 0.000212499100599, 0.00018099603767, 0.000197589819436, 0.000283488625428, 0.000188626232557, 9.5778836112e-05, 4.88609621243e-05, 8.31400211609e-06, 6.75586079524e-07, 1.70557171941e-07, 1.44462390494e-07, 3.58617890939e-09, 9.93432891505e-10]
        dvar: [4.83383587743e-18, 3.986255105e-16, 2.20282098768e-14, 3.82667291951e-12, 5.41602096504e-09, 5.21766310158e-08, 1.13553802805e-07, 3.35736075385e-07, 1.53306814354e-06, 4.63450106736e-07, 3.50504336666e-07, 1.00133640046e-07, 8.75746479778e-08, 3.69542654255e-08, 1.93736099163e-07, 2.61312891325e-07, 1.55598456786e-07, 9.45354869941e-08, 6.21210105578e-08, 1.36334588063e-08, 6.59573284878e-09, 6.08131767166e-10, 1.41166180308e-12, 3.26278094169e-13, 1.12765225217e-13, 2.79428625412e-16, 2.63305035624e-16]
        dvar2: [5.22508982562e-18, 7.43607630356e-16, 5.78213692204e-14, 6.99333256235e-12, 1.29981572172e-08, 1.28774360064e-07, 2.64795716021e-07, 6.97074767686e-07, 3.72617159883e-06, 8.39358165194e-07, 9.44662133406e-07, 2.35097914469e-07, 2.01846759751e-07, 9.82094121582e-08, 4.23369158398e-07, 4.43338876721e-07, 4.0882125063e-07, 2.03892739137e-07, 1.2270380978e-07, 2.92871291663e-08, 1.16785727755e-08, 1.75933367874e-09, 3.54266182362e-12, 6.99485066223e-13, 2.43097127714e-13, 3.13640630259e-16, 2.63877629896e-16]
        max: [4.29668887136e-08, 3.10376748303e-07, 2.06759045795e-06, 2.88037645078e-05, 0.00103561312426, 0.00232446892187, 0.00256306491792, 0.00878996867687, 0.0123283043504, 0.0082387290895, 0.00803242065012, 0.00377871003002, 0.00231306487694, 0.00230333884247, 0.0049524824135, 0.0095091406256, 0.00644411798567, 0.00443956442177, 0.0032269875519, 0.00114683783613, 0.000909065129235, 0.000332037481712, 1.74709603016e-05, 1.00030183603e-05, 5.15123838341e-06, 3.14854815997e-07, 3.20544955912e-07]
        mean: [3.08856246134e-10, 6.12765527208e-09, 2.49641765038e-08, 4.00078420171e-07, 4.067899863e-05, 0.000158450653544, 0.00014115239901, 0.000147487444337, 0.000346633023582, 0.000216927728616, 0.000130542335683, 9.46088184719e-05, 9.40246245591e-05, 4.79357513541e-05, 0.00014130101772, 0.000182864489034, 0.000149702013005, 0.000315559911542, 0.000227733486099, 0.000104649916466, 5.5489501392e-05, 4.63709329779e-06, 5.74878356474e-07, 1.53375339096e-07, 1.1299174929e-07, 3.00953129084e-09, 8.91433427075e-10]
        min: [1.35064106167e-13, 3.22923736362e-11, 9.35285009163e-12, 3.94840965479e-11, 1.56141477525e-09, 2.68093924838e-09, 2.08657469081e-09, 2.68744249077e-09, 3.08065972732e-09, 1.69801972483e-09, 1.49859291643e-09, 1.06191277993e-09, 1.90284388246e-09, 1.58711344067e-09, 2.12609818639e-09, 2.52179499505e-09, 2.51938403473e-09, 1.33458568641e-08, 5.5253970288e-09, 2.03761985063e-09, 1.17807463784e-09, 3.68756775115e-10, 3.98006141933e-11, 1.7414207229e-11, 1.29405470714e-11, 6.06547201788e-13, 1.08294708142e-15]
        var: [4.84123583519e-18, 5.64802151564e-16, 1.64087866287e-14, 5.0656453858e-12, 6.48029141459e-09, 9.67961142351e-08, 1.23033572663e-07, 3.76691957626e-07, 1.63561992395e-06, 7.18973126368e-07, 2.8284168252e-07, 1.15531264555e-07, 9.58796277928e-08, 2.93639761395e-08, 2.15144083882e-07, 4.41031858145e-07, 1.63801189501e-07, 3.36470776574e-07, 1.6169975936e-07, 2.80308807277e-08, 1.43770266803e-08, 4.68242500329e-10, 2.46707450476e-12, 3.6904550596e-13, 1.4059028464e-13, 2.96198236641e-16, 2.62688872094e-16]
    mfcc:
        mean: [-898.01159668, 87.5559387207, -119.776412964, 33.0853881836, -50.6074485779, -58.9712295532, -23.9479446411, -33.5061416626, -18.2899093628, -20.2530536652, -21.7232265472, -5.58137083054, -14.1025800705]
        cov: [[9921.27832031, -621.818664551, -2873.07543945, -794.674804688, -1182.90234375, -157.818008423, 32.3988304138, -33.8902893066, 158.168151855, 253.220397949, -149.487030029, -197.081542969, -119.195968628], [-621.818664551, 2435.23266602, -468.939453125, -250.473831177, -316.325622559, 122.716880798, 257.523529053, -204.24861145, 69.6648178101, -143.847122192, -239.97026062, -71.5049591064, -334.859436035], [-2873.07543945, -468.939453125, 2378.73657227, 420.477478027, 538.344726562, -206.70854187, -154.380493164, 26.2025680542, -113.952270508, -132.716400146, 81.5163574219, 36.2982330322, 59.9534568787], [-794.674804688, -250.473831177, 420.477478027, 990.295532227, 283.348327637, -275.605407715, -246.640289307, -58.6472129822, 109.400466919, -187.842941284, -9.13503360748, 165.117675781, 17.0872573853], [-1182.90234375, -316.325622559, 538.344726562, 283.348327637, 571.20904541, -26.8816795349, -168.949630737, -7.53551959991, -6.50831794739, 24.9836235046, -4.54452562332, 53.3282203674, 120.408462524], [-157.818008423, 122.716880798, -206.70854187, -275.605407715, -26.8816795349, 721.078918457, 92.3351821899, 143.367248535, -31.4980964661, 9.0941619873, 33.7131729126, -229.010345459, -8.72613430023], [32.3988304138, 257.523529053, -154.380493164, -246.640289307, -168.949630737, 92.3351821899, 364.87322998, 48.3443260193, -112.37550354, 8.17134571075, 3.37191534042, -18.6134300232, -97.5410995483], [-33.8902893066, -204.24861145, 26.2025680542, -58.6472129822, -7.53551959991, 143.367248535, 48.3443260193, 297.67678833, -53.0342330933, 48.4901046753, 73.6731719971, -72.7257995605, 57.0457992554], [158.168151855, 69.6648178101, -113.952270508, 109.400466919, -6.50831794739, -31.4980964661, -112.37550354, -53.0342330933, 349.331542969, -4.53134536743, 29.3803443909, 6.13954687119, -8.1363286972], [253.220397949, -143.847122192, -132.716400146, -187.842941284, 24.9836235046, 9.0941619873, 8.17134571075, 48.4901046753, -4.53134536743, 285.665588379, 69.0377349854, -6.18707180023, 68.4128570557], [-149.487030029, -239.97026062, 81.5163574219, -9.13503360748, -4.54452562332, 33.7131729126, 3.37191534042, 73.6731719971, 29.3803443909, 69.0377349854, 281.001617432, 67.1494064331, 117.811676025], [-197.081542969, -71.5049591064, 36.2982330322, 165.117675781, 53.3282203674, -229.010345459, -18.6134300232, -72.7257995605, 6.13954687119, -6.18707180023, 67.1494064331, 308.583740234, 102.222679138], [-119.195968628, -334.859436035, 59.9534568787, 17.0872573853, 120.408462524, -8.72613430023, -97.5410995483, 57.0457992554, -8.1363286972, 68.4128570557, 117.811676025, 102.222679138, 301.69921875]]
        icov: [[0.000235172134126, 0.000159393239301, 0.000231048936257, 7.89251789683e-05, 0.000352143804776, 0.000144943740452, 0.000144105273648, 4.49676372227e-05, -2.92648619507e-05, -5.47230301891e-05, 0.000141756187077, 0.000142726130434, 2.9085416827e-05], [0.000159393239301, 0.000698331277817, 0.000176807589014, 0.000142678632983, 0.000353409792297, -5.79413463129e-05, -0.000187213954632, 0.000323321379256, -0.000233263097471, 0.000112906440336, 0.000430230313214, -7.7627482824e-05, 0.000356866366928], [0.000231048936257, 0.000176807589014, 0.000875990546774, 8.74578472576e-05, -0.000324736058246, 0.000437739974586, 0.000174340981175, -3.56332639058e-05, 0.000234560153331, 0.000408884079661, -0.000346511253156, 0.000428664876381, 0.000217537613935], [7.89251789683e-05, 0.000142678632983, 8.74578472576e-05, 0.00200375635177, -0.000691879540682, 0.00047455119784, 0.000938223383855, -0.000465411780169, -0.000339477643138, 0.00129505305085, -0.000174306027475, -0.00076261034701, 0.000763502146583], [0.000352143804776, 0.000353409792297, -0.000324736058246, -0.000691879540682, 0.00379076460376, -0.00047676244867, 0.000722739321645, 0.000414073118009, 6.23829619144e-05, -0.00124318653252, 0.00127495394554, -0.000159140428877, -0.000896574638318], [0.000144943740452, -5.79413463129e-05, 0.000437739974586, 0.00047455119784, -0.00047676244867, 0.00245300983079, -0.000230547739193, -0.000556441431399, 2.33946011576e-05, 0.000711351749487, -0.00071027391823, 0.00180746626575, -0.000324736523908], [0.000144105273648, -0.000187213954632, 0.000174340981175, 0.000938223383855, 0.000722739321645, -0.000230547739193, 0.00491404253989, -0.000922791659832, 0.00127922405954, 0.000113831782073, -0.000531134195626, -0.00121361785568, 0.00185675953981], [4.49676372227e-05, 0.000323321379256, -3.56332639058e-05, -0.000465411780169, 0.000414073118009, -0.000556441431399, -0.000922791659832, 0.00481990678236, 0.000443033524789, -0.000550434459001, -0.000693660520483, 0.00143467972521, -0.00105945579708], [-2.92648619507e-05, -0.000233263097471, 0.000234560153331, -0.000339477643138, 6.23829619144e-05, 2.33946011576e-05, 0.00127922405954, 0.000443033524789, 0.00367837585509, -0.000116094328405, -0.00103484443389, 0.000271621742286, 0.000445336103439], [-5.47230301891e-05, 0.000112906440336, 0.000408884079661, 0.00129505305085, -0.00124318653252, 0.000711351749487, 0.000113831782073, -0.000550434459001, -0.000116094328405, 0.00517058186233, -0.00122100568842, 0.000306666246615, -0.000196008113562], [0.000141756187077, 0.000430230313214, -0.000346511253156, -0.000174306027475, 0.00127495394554, -0.00071027391823, -0.000531134195626, -0.000693660520483, -0.00103484443389, -0.00122100568842, 0.00575213925913, -0.00138180644717, -0.0014867070131], [0.000142726130434, -7.7627482824e-05, 0.000428664876381, -0.00076261034701, -0.000159140428877, 0.00180746626575, -0.00121361785568, 0.00143467972521, 0.000271621742286, 0.000306666246615, -0.00138180644717, 0.0063685728237, -0.002300060587], [2.9085416827e-05, 0.000356866366928, 0.000217537613935, 0.000763502146583, -0.000896574638318, -0.000324736523908, 0.00185675953981, -0.00105945579708, 0.000445336103439, -0.000196008113562, -0.0014867070131, -0.002300060587, 0.00620104558766]]
    spectral_contrast:
        mean: [-7.05130602796e-08, 1.15082812613e-07, 2.69271623665e-07, -3.14371504828e-07, 1.4685285521e-07, 7.22859169855e-07, 2.67548443844e-06, 3.88622265746e-06, 4.13136604038e-06, -8.99877306892e-07, 3.23148879033e-06, -3.6086792079e-06]
        var: [0.00176513148472, 0.00237670284696, 0.00428343843669, 0.00679300865158, 0.0173221863806, 0.0224520117044, 0.161177963018, 0.298575758934, 0.43469953537, 0.71709305048, 1.10546791553, 4.6356678009]

rhythm:
    beats_loudness:
        dmean: 0.00326688098721
        dmean2: 0.00572911044583
        dvar: 8.94538879948e-06
        dvar2: 1.48992503455e-05
        max: 0.0122202821076
        mean: 0.00410222355276
        min: 1.06338248429e-07
        var: 1.69944942172e-05
    beats_loudness_bass:
        dmean: 0.0015789042227
        dmean2: 0.00324088428169
        dvar: 2.46144718403e-05
        dvar2: 7.3793969932e-05
        max: 0.0182976741344
        mean: 0.000783647818025
        min: 5.21928200214e-07
        var: 1.27938810692e-05
    bpm: 122.628013611
    bpm_confidence: 0
    first_peak_bpm: 195
    first_peak_spread: 0
    first_peak_weight: 0.5
    onset_rate: 4.98453760147
    second_peak_bpm: 123
    second_peak_spread: 0
    second_peak_weight: 0.458333343267
    beats_position: [0.27150541544, 0.760809600353, 1.25011372566, 1.73941779137, 2.22872185707, 2.71802616119, 3.2073302269, 3.6966342926, 4.18593835831, 4.67524242401, 5.16454696655, 5.65385103226, 5.98483324051, 6.29246711731, 6.60010099411, 6.90773534775, 7.21536922455, 7.52300310135, 7.83063697815, 8.13827037811, 8.44590473175, 8.75353908539, 9.06117153168, 9.36880683899, 9.67643928528]
    bpm_estimates: [123.403457642, 121.85256958]
    bpm_intervals: [0.489304184914, 0.489304125309, 0.489304065704, 0.489304065704, 0.489304304123, 0.489304065704, 0.489304065704, 0.489304065704, 0.489304065704, 0.489304542542, 0.489304065704, 0.330982208252, 0.307633876801, 0.307633876801, 0.307634353638, 0.307633876801, 0.307633876801, 0.307633876801, 0.307633399963, 0.307634353638, 0.307634353638, 0.307632446289, 0.307635307312, 0.307632446289]
    onset_times: [0.220589563251, 0.371519267559, 0.476009070873, 0.661768734455, 0.905578255653, 1.06811785698, 1.28870749474, 1.53251695633, 1.72988665104, 1.93886625767, 2.04335594177, 2.33360552788, 2.83283448219, 2.97215414047, 3.25079369545, 3.58748292923, 3.72680282593, 3.9125623703, 4.15637207031, 4.23764181137, 4.446621418, 4.51628112793, 4.77170085907, 4.96907043457, 5.07356023788, 5.21287965775, 5.32897949219, 5.45668935776, 5.630838871, 5.9094786644, 6.04879808426, 6.18811798096, 6.35065746307, 6.53641700745, 6.72217702866, 6.93115663528, 7.24462604523, 7.38394546509, 7.47682523727, 7.66258525848, 7.73224496841, 7.90639448166, 8.01088428497, 8.17342376709, 8.48689365387, 8.96290206909, 9.07900238037, 9.64789104462, 9.79882049561, 9.98458003998]
    rubato_start: [5.98483324051]
    rubato_stop: [6.29246711731]
    perceptual_tempo: "unknown"

sfx:
    inharmonicity:
        dmean: 0.0530240237713
        dmean2: 0.0968371406198
        dvar: 0.00491579435766
        dvar2: 0.0135711058974
        max: 0.41470721364
        mean: 0.0423295237124
        min: 0
        var: 0.00398703664541
    oddtoevenharmonicenergyratio:
        dmean: 429.887023926
        dmean2: 860.987976074
        dvar: 28653316
        dvar2: 85996288
        max: 74677.6796875
        mean: 215.817733765
        min: 0
        var: 14336622
    pitch_after_max_to_before_max_energy_ratio: 0.59309220314
    pitch_centroid: 199.87991333
    pitch_max_to_total: 0.733333349228
    pitch_min_to_total: 0.846153855324
    tristimulus:
        dmean: [0.260410249233, 0.260617554188, 0.122107580304]
        dmean2: [0.457836985588, 0.44779086113, 0.219434797764]
        dvar: [0.0585319027305, 0.0551619529724, 0.0210188571364]
        dvar2: [0.157429680228, 0.144246980548, 0.0602758973837]
        max: [1, 0.999843120575, 0.946977078915]
        mean: [0.315318346024, 0.531685531139, 0.102147899568]
        min: [6.43141756882e-05, 0, 0]
        var: [0.0742708444595, 0.0798646360636, 0.0180931184441]

tonal:
    chords_changes_rate: 0.212121218443
    chords_number_rate: 0.0707070678473
    chords_strength:
        dmean: 0.0235711820424
        dmean2: 0.0314474403858
        dvar: 0.000303811975755
        dvar2: 0.000543429516256
        max: 0.748676538467
        mean: 0.438237696886
        min: 0.279017657042
        var: 0.00954876933247
    key_strength: 0.538111150265
    tuning_diatonic_strength: 0.457037955523
    tuning_equal_tempered_deviation: 0.251404881477
    tuning_frequency: 444.598632812
    tuning_nontempered_energy_ratio: 0.902474582195
    hpcp:
        dmean: [0.156064152718, 0.14679042995, 0.151995226741, 0.155445948243, 0.142931237817, 0.122581131756, 0.139356344938, 0.144045993686, 0.181761190295, 0.17870798707, 0.165288180113, 0.15705396235, 0.147171452641, 0.14716398716, 0.192778244615, 0.22312054038, 0.22252202034, 0.167604461312, 0.145119324327, 0.173933401704, 0.189074382186, 0.207220628858, 0.202286362648, 0.204407274723, 0.204724177718, 0.204859703779, 0.186265826225, 0.158995017409, 0.181294441223, 0.235912561417, 0.233384490013, 0.215281903744, 0.187914907932, 0.152926057577, 0.16524887085, 0.178762987256]
        dmean2: [0.283733010292, 0.259258270264, 0.255154639482, 0.268192887306, 0.251648873091, 0.224748745561, 0.258836358786, 0.255454987288, 0.32855579257, 0.315463870764, 0.296483337879, 0.275654941797, 0.263841718435, 0.269220262766, 0.35415661335, 0.38981077075, 0.395332068205, 0.304071009159, 0.261743754148, 0.325319170952, 0.357154756784, 0.375912904739, 0.360130786896, 0.361284464598, 0.347783565521, 0.350801616907, 0.310928702354, 0.284415215254, 0.32477787137, 0.432036161423, 0.413652539253, 0.378854393959, 0.334176123142, 0.268906861544, 0.29689013958, 0.327732801437]
        dvar: [0.0504784993827, 0.05026537925, 0.0457930862904, 0.0589478574693, 0.0493850670755, 0.0360313877463, 0.0560166276991, 0.0383590459824, 0.0788851603866, 0.0594216249883, 0.0592175349593, 0.0566766411066, 0.0527802854776, 0.0444766357541, 0.0764704942703, 0.0750306099653, 0.0888311117887, 0.0563962906599, 0.0473054759204, 0.0649851113558, 0.065778054297, 0.0792114883661, 0.0628054141998, 0.0717106088996, 0.0578633472323, 0.060931622982, 0.0561588220298, 0.043059669435, 0.0507055707276, 0.0748364627361, 0.0720349475741, 0.0596475116909, 0.0567310489714, 0.0477453805506, 0.0544079467654, 0.0679914578795]
        dvar2: [0.140957310796, 0.120155863464, 0.114968650043, 0.141315549612, 0.139524579048, 0.103619031608, 0.161400258541, 0.0957413092256, 0.20378100872, 0.156131342053, 0.144478693604, 0.143446952105, 0.146049574018, 0.130923449993, 0.208988681436, 0.18631272018, 0.231049731374, 0.142952814698, 0.121884100139, 0.17744615674, 0.178456887603, 0.215163826942, 0.151128262281, 0.177989006042, 0.142315626144, 0.148267954588, 0.135246261954, 0.107522323728, 0.130749598145, 0.199163332582, 0.209972828627, 0.183234646916, 0.157695844769, 0.12443780154, 0.136711210012, 0.184483423829]
        max: [1, 1, 1, 1, 1, 1, 1, 1, 1, 1, 1, 1, 1, 1, 1, 1, 1, 1, 1, 1, 1, 1, 1, 1, 1, 1, 1, 1, 1, 1, 1, 1, 1, 1, 1, 1]
        mean: [0.128121480346, 0.128475055099, 0.14058047533, 0.156490787864, 0.12541513145, 0.0964054614305, 0.107258953154, 0.124440185726, 0.148578360677, 0.149773314595, 0.141629993916, 0.134958073497, 0.121765106916, 0.123039156199, 0.156209737062, 0.189509272575, 0.174372956157, 0.138175785542, 0.122034795582, 0.130660131574, 0.143989220262, 0.163837507367, 0.180810287595, 0.182139828801, 0.18397732079, 0.182881578803, 0.159569218755, 0.140187680721, 0.157503709197, 0.194794431329, 0.197095289826, 0.167865470052, 0.147301673889, 0.131783485413, 0.138128131628, 0.138924628496]
        min: [2.92404911306e-05, 7.10904569132e-05, 0.000145364378113, 0.000220041241846, 8.79558065208e-05, 0.000127538398374, 2.23195584113e-05, 1.71928786585e-05, 5.28460695932e-05, 0.000183535274118, 0.000121842393128, 0.000117622017569, 1.36778289743e-05, 2.82209857687e-05, 0.000236076943111, 0.000165839184774, 2.81749762507e-05, 2.44071161433e-05, 7.79272522777e-06, 6.63585751681e-06, 1.91859162442e-05, 4.43194512627e-05, 0.000151077489136, 0.000274134479696, 0.000166414989508, 8.35130849737e-05, 6.14600503468e-05, 6.29854403087e-05, 0.000178936068551, 9.86558079603e-05, 9.48161032284e-05, 0.00014959674445, 0.00017645767366, 8.84611727088e-05, 8.77246056916e-05, 7.70557890064e-05]
        var: [0.0427310541272, 0.047467045486, 0.0465337708592, 0.0673079714179, 0.0424034371972, 0.0249546635896, 0.0383782796562, 0.0379150770605, 0.0665711760521, 0.0553917437792, 0.0537955798209, 0.0504903160036, 0.0421505607665, 0.0379636734724, 0.0665755197406, 0.0786791369319, 0.078301101923, 0.0521936565638, 0.0418206043541, 0.0463374704123, 0.049099855125, 0.0623271539807, 0.0625139251351, 0.0733892023563, 0.068289399147, 0.068663276732, 0.0593951381743, 0.0407462604344, 0.0502361468971, 0.0708359032869, 0.0725609064102, 0.055931687355, 0.0495031438768, 0.0454690046608, 0.0559452623129, 0.0582517720759]
    chords_histogram: [5.05050516129, 11.1111106873, 6.06060600281, 0, 2.02020192146, 10.6060609818, 3.0303030014, 0, 0, 0, 0, 1.5151515007, 3.53535342216, 0, 0, 2.02020192146, 0, 0, 0, 12.1212120056, 8.08080768585, 14.6464643478, 18.6868686676, 1.5151515007]
    thpcp: [1, 0.851697027683, 0.747362732887, 0.668628275394, 0.700819015503, 0.704860210419, 0.650048434734, 0.651842355728, 0.7132614851, 0.793985426426, 0.636317253113, 0.489131242037, 0.544198453426, 0.631370663643, 0.753840267658, 0.759903073311, 0.71858638525, 0.684735178947, 0.617798149586, 0.624262273312, 0.792559444904, 0.961510896683, 0.884713947773, 0.701060831547, 0.619166493416, 0.662928760052, 0.730556368828, 0.831260383129, 0.917374968529, 0.924120664597, 0.933443546295, 0.927884042263, 0.809604406357, 0.711268544197, 0.799124658108, 0.988326132298]
    chords_key: "A#"
    chords_scale: "major"
    key_key: "F"
    key_scale: "major"
    chords_progression: ["Dm", "Dm", "Am", "Am", "D", "Dm", "Am", "Am", "Bm", "Bm", "Bm", "B", "Bm", "D", "D", "D", "D", "D", "Bm", "Bm", "Bm", "Bm", "Bm", "Bm", "Bm", "Am", "Am", "Am", "Am", "Am", "Am", "Am", "Am", "Am", "Am", "Am", "Am", "Am", "Am", "Am", "Am", "G#m", "Am", "Am", "B", "B", "B", "B", "B", "B", "G#m", "G#m", "C", "C", "C", "C", "C", "C", "Gm", "Gm", "Gm", "Gm", "Gm", "Gm", "Gm", "Gm", "Gm", "Gm", "Gm", "Gm", "Gm", "Gm", "Gm", "Gm", "Gm", "Gm", "Gm", "Gm", "Gm", "Gm", "Gm", "Gm", "Gm", "Gm", "Gm", "Cm", "D#", "D#", "Cm", "Cm", "Cm", "D#", "D#", "D#", "Cm", "Gm", "C", "Cm", "Cm", "Cm", "Cm", "Cm", "Cm", "D#", "D#", "D#", "C", "Cm", "Cm", "C", "C", "Cm", "Cm", "C", "C", "Cm", "Cm", "Cm", "Cm", "Cm", "D#", "D#", "D#", "D#", "D#", "D#", "D#", "D#", "Cm", "Cm", "Cm", "Cm", "Bm", "Bm", "Bm", "Bm", "Bm", "Bm", "Bm", "Bm", "Bm", "Bm", "G", "G", "A#", "G", "G", "A#", "Gm", "A#", "A#", "A#", "A#", "A#", "A#", "A#", "A#", "A#", "A#", "A#", "A#", "A#", "A#", "A#", "A#", "A#", "A#", "A#", "A#", "A#", "A#", "A#", "A#", "A#", "A#", "A#", "A#", "A#", "A#", "A#", "A#", "A#", "A#", "A#", "A#m", "A#m", "A#m", "A#m", "F", "F", "F", "F", "F", "F", "F", "F", "F", "F"]
