
metadata:
    version:
        essentia: "1.2.2"
    audio_properties:
        analysis_sample_rate: 44100
        bitrate: 128
        channels: 2
        equal_loudness: 1
        length: 10.0310201645
        replay_gain: -12.9849662781
        downmix: "mix"
    tags:
        track: 18
        year: 0
        album: "Splitted by Mp3Splt v. 2.1"
        artist: "From 002.50 To 003.00"
        comment: "http://mp3splt.sf.net"
        genre: ""
        title: "03 Heroine.mp3"

highlevel:
    ballroom:
        all:
            ChaChaCha: 0.061382304877
            Jive: 0.110975518823
            Quickstep: 0.419860869646
            Rumba-American: 0.0132674528286
            Rumba-International: 0.0766448229551
            Rumba-Misc: 0.0226715672761
            Samba: 0.130382359028
            Tango: 0.0557351335883
            VienneseWaltz: 0.0549682825804
            Waltz: 0.0541117042303
        probability: 0.419860869646
        value: "Quickstep"
    culture:
        all:
            non_western: 0.0955757051706
            western: 0.904424309731
        probability: 0.904424309731
        value: "western"
    gender:
        all:
            female: 0.150784790516
            male: 0.849215209484
        probability: 0.849215209484
        value: "male"
    genre_dortmund:
        all:
            alternative: 0.0393287166953
            blues: 0.215333223343
            electronic: 0.00756860058755
            folkcountry: 0.194615587592
            funksoulrnb: 0.0958286002278
            jazz: 0.262307196856
            pop: 0.10478451848
            raphiphop: 0.0079461298883
            rock: 0.0722874328494
        probability: 0.262307196856
        value: "jazz"
    genre_electronica:
        all:
            ambient: 0.624817252159
            dnb: 0.0915048792958
            house: 0.185465112329
            techno: 0.023627743125
            trance: 0.0745849907398
        probability: 0.624817252159
        value: "ambient"
    genre_rosamerica:
        all:
            cla: 0.0512033477426
            dan: 0.0242966543883
            hip: 0.0114286337048
            jaz: 0.11607363075
            pop: 0.128688439727
            rhy: 0.642566382885
            roc: 0.021636871621
            spe: 0.00410602521151
        probability: 0.642566382885
        value: "rhy"
    genre_tzanetakis:
        all:
            blu: 0.00832699704915
            cla: 0.00236983527429
            cou: 0.165437474847
            dis: 0.0726429894567
            hip: 0.00340636074543
            jaz: 0.0159695036709
            met: 0.0031555138994
            pop: 0.274207532406
            reg: 0.336990445852
            roc: 0.117493353784
        probability: 0.336990445852
        value: "reg"
    live_studio:
        all:
            live: 0.103768080473
            studio: 0.896231949329
        probability: 0.896231949329
        value: "studio"
    mood:
        all:
            Cluster1: 0.14022834599
            Cluster2: 0.329985320568
            Cluster3: 0.287029981613
            Cluster4: 0.18596509099
            Cluster5: 0.0567912720144
        probability: 0.329985320568
        value: "Cluster2"
    mood_acoustic:
        all:
            acoustic: 0.790977060795
            not_acoustic: 0.209022939205
        probability: 0.790977060795
        value: "acoustic"
    mood_aggressive:
        all:
            aggressive: 8.66234131536e-06
            not_aggressive: 0.999991357327
        probability: 0.999991357327
        value: "not_aggressive"
    mood_electronic:
        all:
            electronic: 0.058236964047
            not_electronic: 0.941763043404
        probability: 0.941763043404
        value: "not_electronic"
    mood_happy:
        all:
            happy: 0.708837449551
            not_happy: 0.291162520647
        probability: 0.708837449551
        value: "happy"
    mood_party:
        all:
            not_party: 0.801193118095
            party: 0.198806867003
        probability: 0.801193118095
        value: "not_party"
    mood_relaxed:
        all:
            not_relaxed: 0.0933790430427
            relaxed: 0.906620979309
        probability: 0.906620979309
        value: "relaxed"
    mood_sad:
        all:
            not_sad: 0.294335365295
            sad: 0.705664634705
        probability: 0.705664634705
        value: "sad"
    rhythm:
        all:
            fast: 0.252069026232
            medium: 0.291516721249
            slow: 0.456414282322
        probability: 0.456414282322
        value: "slow"
    speech_music:
        all:
            music: 0.998950004578
            speech: 0.00105000077747
        probability: 0.998950004578
        value: "music"
    timbre:
        all:
            bright: 0.986438989639
            dark: 0.0135610271245
        probability: 0.986438989639
        value: "bright"
    voice_instrumental:
        all:
            instrumental: 0.00315273622982
            voice: 0.996847271919
        probability: 0.996847271919
        value: "voice"

lowlevel:
    average_loudness: 0.890948176384
    barkbands_kurtosis:
        dmean: 1.63197982311
        dmean2: 2.6209757328
        dvar: 9.46655750275
        dvar2: 26.7712268829
        max: 28.2508792877
        mean: 0.846297502518
        min: -1.89645731449
        var: 14.7336301804
    barkbands_skewness:
        dmean: 0.512913703918
        dmean2: 0.759760141373
        dvar: 0.315564066172
        dvar2: 0.744321405888
        max: 5.00102376938
        mean: 0.591355621815
        min: -4.78021335602
        var: 1.76181650162
    barkbands_spread:
        dmean: 5.88067483902
        dmean2: 8.7869348526
        dvar: 34.9152412415
        dvar2: 70.9546890259
        max: 70.3485336304
        mean: 29.7944812775
        min: 5.91918134689
        var: 129.431655884
    dissonance:
        dmean: 0.0183759462088
        dmean2: 0.030541729182
        dvar: 0.000245590432314
        dvar2: 0.000682567304466
        max: 0.494694232941
        mean: 0.454657942057
        min: 0.30914992094
        var: 0.000599862600211
    hfc:
        dmean: 1.37784409523
        dmean2: 1.9441075325
        dvar: 7.34474658966
        dvar2: 13.0712184906
        max: 39.178768158
        mean: 4.34473180771
        min: 0.185508072376
        var: 41.783782959
    pitch:
        dmean: 640.737182617
        dmean2: 1235.88122559
        dvar: 1540754.75
        dvar2: 3782114.75
        max: 4900
        mean: 1083.86108398
        min: 96.9230804443
        var: 2183176
    pitch_instantaneous_confidence:
        dmean: 0.0801658779383
        dmean2: 0.126472398639
        dvar: 0.00514612253755
        dvar2: 0.013560725376
        max: 0.941574394703
        mean: 0.535039424896
        min: 0.228305757046
        var: 0.0283102821559
    pitch_salience:
        dmean: 0.0647089928389
        dmean2: 0.104099832475
        dvar: 0.00401320774108
        dvar2: 0.00969391874969
        max: 0.822677493095
        mean: 0.538784861565
        min: 0.195570141077
        var: 0.0109994746745
    silence_rate_20dB:
        dmean: 0
        dmean2: 0
        dvar: 0
        dvar2: 0
        max: 1
        mean: 1
        min: 1
        var: 0
    silence_rate_30dB:
        dmean: 0
        dmean2: 0
        dvar: 0
        dvar2: 0
        max: 1
        mean: 1
        min: 1
        var: 0
    silence_rate_60dB:
        dmean: 0.048611111939
        dmean2: 0.0974477976561
        dvar: 0.0462482012808
        dvar2: 0.0972322002053
        max: 1
        mean: 0.718244791031
        min: 0
        var: 0.202369332314
    spectral_centroid:
        dmean: 291.233673096
        dmean2: 443.267028809
        dvar: 155201.671875
        dvar2: 320405.0625
        max: 4554.82128906
        mean: 1421.34521484
        min: 254.526107788
        var: 580385.5
    spectral_complexity:
        dmean: 1.65893268585
        dmean2: 2.64883732796
        dvar: 4.41964006424
        dvar2: 11.2510995865
        max: 24
        mean: 5.86111116409
        min: 0
        var: 17.6149787903
    spectral_crest:
        dmean: 2.61990785599
        dmean2: 4.31256723404
        dvar: 6.25261735916
        dvar2: 16.6315574646
        max: 22.5512275696
        mean: 9.97953128815
        min: 3.35022354126
        var: 17.7887916565
    spectral_decrease:
        dmean: 1.83306508861e-10
        dmean2: 2.94559654446e-10
        dvar: 8.728683181e-20
        dvar2: 2.18513691629e-19
        max: -2.41251185695e-11
        mean: -6.43227304753e-10
        min: -3.17857606902e-09
        var: 4.15310997047e-19
    spectral_energy:
        dmean: 0.000795344763901
        dmean2: 0.00124724197667
        dvar: 1.54362385274e-06
        dvar2: 3.64027482647e-06
        max: 0.0155503284186
        mean: 0.0028217677027
        min: 0.000111057051981
        var: 8.46604962135e-06
    spectral_energyband_high:
        dmean: 0.000105489052658
        dmean2: 0.000160567855346
        dvar: 1.12595294866e-07
        dvar2: 2.51079853797e-07
        max: 0.00589774688706
        mean: 0.000175059991307
        min: 2.23152505896e-06
        var: 2.23815078471e-07
    spectral_energyband_low:
        dmean: 9.08585934667e-05
        dmean2: 0.000139675612445
        dvar: 3.55817775244e-08
        dvar2: 7.22411925835e-08
        max: 0.00159893615637
        mean: 0.000173330554389
        min: 6.28816287929e-09
        var: 6.55930563198e-08
    spectral_energyband_middle_high:
        dmean: 0.000322076666635
        dmean2: 0.000450374558568
        dvar: 4.81849951939e-07
        dvar2: 6.66503296998e-07
        max: 0.014207193628
        mean: 0.00109260983299
        min: 2.03879608307e-05
        var: 3.95390725316e-06
    spectral_energyband_middle_low:
        dmean: 0.000535097671673
        dmean2: 0.00088837009389
        dvar: 9.90800572254e-07
        dvar2: 2.93964671982e-06
        max: 0.00977764558047
        mean: 0.00138076336589
        min: 1.7892141841e-05
        var: 2.79706773654e-06
    spectral_flatness_db:
        dmean: 0.0237701423466
        dmean2: 0.0352114513516
        dvar: 0.000389352382626
        dvar2: 0.000847323564813
        max: 0.31899651885
        mean: 0.188557237387
        min: 0.104045592248
        var: 0.00154163478874
    spectral_flux:
        dmean: 0.00666136154905
        dmean2: 0.0105438772589
        dvar: 8.04073715699e-05
        dvar2: 0.000191322847968
        max: 0.0844295024872
        mean: 0.0248230434954
        min: 0.00691210990772
        var: 0.000197608416784
    spectral_kurtosis:
        dmean: 1.33123552799
        dmean2: 2.19677305222
        dvar: 2.6102976799
        dvar2: 7.09556674957
        max: 18.8924674988
        mean: 3.62357282639
        min: -0.840069055557
        var: 5.68797302246
    spectral_rms:
        dmean: 0.000217580745812
        dmean2: 0.000335841235938
        dvar: 8.1980608968e-08
        dvar2: 1.76503846205e-07
        max: 0.00389500334859
        mean: 0.00148049206473
        min: 0.000329163100105
        var: 5.61088143058e-07
    spectral_rolloff:
        dmean: 538.329772949
        dmean2: 884.814086914
        dvar: 711575.3125
        dvar2: 1622923.875
        max: 9733.0078125
        mean: 2720.85888672
        min: 215.33203125
        var: 1616235.375
    spectral_skewness:
        dmean: 0.215802967548
        dmean2: 0.347300112247
        dvar: 0.0425209626555
        dvar2: 0.106462627649
        max: 2.83962368965
        mean: 1.40447461605
        min: 0.0855112373829
        var: 0.12751044333
    spectral_spread:
        dmean: 1030971.1875
        dmean2: 1543748.375
        dvar: 1.36261664768e+12
        dvar2: 3.02111863603e+12
        max: 11626616
        mean: 5180295
        min: 1757869.75
        var: 3.05522383258e+12
    spectral_strongpeak:
        dmean: 0.489053785801
        dmean2: 0.825026094913
        dvar: 1.46090066433
        dvar2: 3.56144785881
        max: 12.914276123
        mean: 0.845997333527
        min: 0.0201323833317
        var: 3.48285865784
    zerocrossingrate:
        dmean: 0.0107048014179
        dmean2: 0.0116392625496
        dvar: 0.000123466859804
        dvar2: 0.000132024317281
        max: 0.208984375
        mean: 0.0863184034824
        min: 0.02294921875
        var: 0.00105005188379
    barkbands:
        dmean: [8.49981844908e-08, 5.08076773258e-05, 5.25408540852e-05, 4.24417521572e-05, 0.000420057069277, 5.81063213758e-05, 7.5601717981e-05, 4.49438048236e-05, 6.11641517025e-05, 1.99190144485e-05, 1.7578870029e-05, 1.3917430806e-05, 4.112566603e-05, 2.15881191252e-05, 2.92221975542e-05, 3.31234368787e-05, 3.42307248502e-05, 5.79979496251e-05, 0.000162156618899, 0.000106885701825, 4.24959071097e-05, 1.61634870892e-05, 7.90831563791e-06, 2.188044391e-06, 2.45053252002e-06, 1.22074098385e-07, 5.21857002056e-10]
        dmean2: [1.32264986519e-07, 7.31363179511e-05, 8.55087782838e-05, 6.85836203047e-05, 0.000697888957802, 7.72052444518e-05, 0.000111800713057, 6.87094070599e-05, 9.73875794443e-05, 2.99442617688e-05, 2.43506965489e-05, 2.18414588744e-05, 5.06284122821e-05, 3.27168090735e-05, 4.37986309407e-05, 4.9659753131e-05, 5.53962236154e-05, 9.51755282586e-05, 0.000221863840125, 0.000151873900904, 7.01946701156e-05, 2.51135188591e-05, 1.38804653034e-05, 3.18981983582e-06, 4.27635268352e-06, 1.99898536835e-07, 6.32149887991e-10]
        dvar: [2.22496893414e-13, 1.19746701444e-08, 1.26173098636e-08, 4.37761649152e-09, 9.18506088965e-07, 6.20611873003e-09, 2.5370379575e-08, 7.20755100048e-09, 1.7968817545e-08, 1.54256674101e-09, 3.31152860689e-09, 1.09048525765e-09, 3.2477984746e-08, 3.78166697956e-09, 3.20759419026e-09, 1.2164410812e-08, 5.87809889652e-09, 3.35296341802e-08, 2.06776789469e-07, 7.10543517357e-08, 3.31480656257e-08, 2.17729256846e-09, 5.97916716139e-10, 4.52707003828e-11, 9.30881205452e-11, 1.48098750602e-13, 6.31962613094e-17]
        dvar2: [4.59790625712e-13, 2.53991796484e-08, 3.13604502367e-08, 1.07416688877e-08, 2.7375422178e-06, 1.08182049985e-08, 5.42409281934e-08, 1.43654617091e-08, 4.14972944895e-08, 3.18691983914e-09, 3.76813957814e-09, 2.06231565159e-09, 4.50635937455e-08, 8.48508285856e-09, 6.46140030369e-09, 2.295803192e-08, 1.38862583654e-08, 6.62104895355e-08, 3.23405629388e-07, 1.21712503187e-07, 8.41576124344e-08, 4.64798066702e-09, 1.68551395063e-09, 7.10995567976e-11, 2.45624437456e-10, 3.6635532932e-13, 6.32895871348e-17]
        max: [4.68750295113e-06, 0.00112200179137, 0.000936914235353, 0.000530717545189, 0.00869499705732, 0.00099271396175, 0.00223023351282, 0.00119232235011, 0.00157311558723, 0.000664966588374, 0.00148126750719, 0.000636152282823, 0.00493858056143, 0.00109493138734, 0.00100621930324, 0.001549446024, 0.00166824145708, 0.00365172117017, 0.00926881004125, 0.00419322447851, 0.00276510370895, 0.000781629700214, 0.000237487940467, 0.000122022625874, 0.000123227975564, 5.34468608748e-06, 1.6548759163e-07]
        mean: [7.43228127931e-08, 8.93995238584e-05, 8.3862192696e-05, 5.92941505602e-05, 0.000802762340754, 0.000172096988535, 0.000135482652695, 7.64968353906e-05, 0.000117321513244, 3.70217312593e-05, 4.01910365326e-05, 2.72173747362e-05, 0.000113284411782, 3.54523763235e-05, 4.43107710453e-05, 6.11301002209e-05, 8.31396391732e-05, 0.000108740343421, 0.000394528178731, 0.0002391521557, 5.86370260862e-05, 2.67966861429e-05, 9.0990542958e-06, 3.60539297617e-06, 2.57062606579e-06, 1.02201497043e-07, 5.12890618865e-10]
        min: [2.79610189169e-12, 4.67429706053e-10, 5.14226039527e-09, 5.41317746183e-08, 1.00594107266e-07, 1.18797549931e-06, 2.19952156044e-07, 1.10925192587e-07, 2.05005051157e-07, 3.7146068621e-07, 6.26596943221e-08, 2.30015956504e-07, 1.41674476595e-07, 4.20035576099e-07, 4.17886155901e-07, 1.56045132371e-07, 5.40462508525e-07, 9.95847813101e-07, 3.48386652149e-06, 3.98734073315e-06, 7.60918737797e-07, 2.31374997384e-07, 2.06945998116e-08, 4.0482386332e-09, 1.37373640241e-10, 1.73498229672e-10, 2.85665419e-14]
        var: [2.25565348192e-13, 2.21089226926e-08, 1.56023105546e-08, 5.84489212585e-09, 1.81276527655e-06, 4.05376958668e-08, 5.83186015035e-08, 1.58957398355e-08, 7.51794360099e-08, 5.51893286627e-09, 2.30763692599e-08, 3.80055942273e-09, 2.89498643724e-07, 6.3000444861e-09, 7.4297807906e-09, 2.86541421701e-08, 4.10010976282e-08, 7.26627504832e-08, 1.19682249533e-06, 3.0635825965e-07, 4.40112728484e-08, 6.77943434724e-09, 4.34632357882e-10, 1.38097297486e-10, 9.09682953965e-11, 1.336082937e-13, 6.31980877242e-17]
    mfcc:
        mean: [-773.088134766, 105.034812927, -37.1690864563, 54.6812667847, -12.9753770828, -11.6712207794, -7.53188705444, -11.0680980682, -18.111158371, -0.822073817253, -5.29283380508, -9.27698421478, -4.63619279861]
        cov: [[2273.8347168, -488.364440918, 635.600952148, -93.3735427856, -228.128051758, 11.9077882767, 281.916503906, 42.5975074768, -100.513542175, 169.002929688, -38.0135917664, -189.912887573, -41.1060295105], [-488.364440918, 893.160827637, -304.096038818, 39.2770309448, 9.27568721771, 30.5974292755, 74.1015930176, 70.3554077148, -49.3516273499, 81.2970275879, 41.7666549683, 56.0569496155, 25.7349376678], [635.600952148, -304.096038818, 1405.671875, 266.252227783, 9.15127754211, 234.266220093, 259.04309082, -36.4449157715, 157.88067627, 55.3048095703, 75.3509140015, -14.1835660934, -11.6060352325], [-93.3735427856, 39.2770309448, 266.252227783, 461.696258545, 137.520767212, 126.196983337, -25.7958126068, 59.2644996643, 130.782104492, 51.9336509705, 29.2234802246, 56.599647522, 30.9141979218], [-228.128051758, 9.27568721771, 9.15127754211, 137.520767212, 296.546936035, 98.3384170532, -41.4945068359, 97.8914794922, 137.939605713, 39.6615333557, 51.4181213379, 86.8262329102, 37.8455200195], [11.9077882767, 30.5974292755, 234.266220093, 126.196983337, 98.3384170532, 253.976760864, 71.3502883911, 86.6667327881, 101.294715881, 74.9384078979, 68.0228118896, 89.9350585938, 8.68277263641], [281.916503906, 74.1015930176, 259.04309082, -25.7958126068, -41.4945068359, 71.3502883911, 435.117919922, 38.0235366821, -0.692067861557, 89.2817764282, 99.7255325317, -3.60268187523, -5.79386949539], [42.5975074768, 70.3554077148, -36.4449157715, 59.2644996643, 97.8914794922, 86.6667327881, 38.0235366821, 217.719741821, 64.416015625, 111.335021973, 46.5733604431, 63.8180923462, 34.5860214233], [-100.513542175, -49.3516273499, 157.88067627, 130.782104492, 137.939605713, 101.294715881, -0.692067861557, 64.416015625, 312.619720459, 42.5334434509, 89.5258102417, 87.1456375122, 40.5557937622], [169.002929688, 81.2970275879, 55.3048095703, 51.9336509705, 39.6615333557, 74.9384078979, 89.2817764282, 111.335021973, 42.5334434509, 232.794570923, 83.5028610229, 54.8178863525, -3.02291846275], [-38.0135917664, 41.7666549683, 75.3509140015, 29.2234802246, 51.4181213379, 68.0228118896, 99.7255325317, 46.5733604431, 89.5258102417, 83.5028610229, 167.147842407, 68.058921814, 8.92875957489], [-189.912887573, 56.0569496155, -14.1835660934, 56.599647522, 86.8262329102, 89.9350585938, -3.60268187523, 63.8180923462, 87.1456375122, 54.8178863525, 68.058921814, 169.789047241, 60.6775474548], [-41.1060295105, 25.7349376678, -11.6060352325, 30.9141979218, 37.8455200195, 8.68277263641, -5.79386949539, 34.5860214233, 40.5557937622, -3.02291846275, 8.92875957489, 60.6775474548, 120.605903625]]
        icov: [[0.0008495709626, 0.000448157632491, -0.000255475169979, 0.000161559830303, 0.000487499695737, -0.000120977041661, -0.000262593006482, -0.000380333105568, 0.000130759231979, -0.000884215347469, 0.000349110428942, 0.000928953872062, -0.000479218433611], [0.000448157632491, 0.00164679705631, 0.000351915339706, -0.000318010716001, 0.000413147907238, -0.000384288927307, -0.000540850160178, -0.000183592565008, 0.000397692580009, -0.00073436513776, 3.40397673426e-05, 0.000334141834173, -0.000481347407913], [-0.000255475169979, 0.000351915339706, 0.00142022711225, -0.000713827204891, 0.000178903472261, -0.00113941682503, -0.000649561232422, 0.000869235780556, -0.000416040420532, 5.8100453316e-05, -6.99329029885e-05, 0.000403983256547, -0.000153819855768], [0.000161559830303, -0.000318010716001, -0.000713827204891, 0.00327122327872, -0.00085836823564, -0.000608117785305, 0.000599027029239, -0.000106041916297, -0.000509645964485, -0.000578702951316, 0.000484908785438, 0.000374615308829, -0.000479443639051], [0.000487499695737, 0.000413147907238, 0.000178903472261, -0.00085836823564, 0.00577854271978, -0.000906887114979, 0.000365560583305, -0.0017283471534, -0.00120637996588, 3.12893535011e-05, -0.000321097410051, -0.000237301879679, -0.000369947490981], [-0.000120977041661, -0.000384288927307, -0.00113941682503, -0.000608117785305, -0.000906887114979, 0.00766030326486, -0.000449658604339, -0.00179842871148, -0.000312070653308, 0.000278707477264, -3.1615865737e-05, -0.00353392446414, 0.00220641959459], [-0.000262593006482, -0.000540850160178, -0.000649561232422, 0.000599027029239, 0.000365560583305, -0.000449658604339, 0.00367046613246, -0.000392386573367, 0.000474363710964, -0.000223511044169, -0.00216828868724, 0.000732907268684, -0.00035695330007], [-0.000380333105568, -0.000183592565008, 0.000869235780556, -0.000106041916297, -0.0017283471534, -0.00179842871148, -0.000392386573367, 0.00821208115667, -0.000451391475508, -0.00289069209248, 0.000564176240005, 1.33955318233e-05, -0.00165079603903], [0.000130759231979, 0.000397692580009, -0.000416040420532, -0.000509645964485, -0.00120637996588, -0.000312070653308, 0.000474363710964, -0.000451391475508, 0.00528401881456, 0.000242300797254, -0.00213535712101, -0.000562887929846, -0.000725928868633], [-0.000884215347469, -0.00073436513776, 5.8100453316e-05, -0.000578702951316, 3.12893535011e-05, 0.000278707477264, -0.000223511044169, -0.00289069209248, 0.000242300797254, 0.00807862170041, -0.00254553928971, -0.00211963127367, 0.00217345915735], [0.000349110428942, 3.40397673426e-05, -6.99329029885e-05, 0.000484908785438, -0.000321097410051, -3.1615865737e-05, -0.00216828868724, 0.000564176240005, -0.00213535712101, -0.00254553928971, 0.0106573821977, -0.00256788078696, 0.000974953814875], [0.000928953872062, 0.000334141834173, 0.000403983256547, 0.000374615308829, -0.000237301879679, -0.00353392446414, 0.000732907268684, 1.33955318233e-05, -0.000562887929846, -0.00211963127367, -0.00256788078696, 0.0127053521574, -0.00551746087149], [-0.000479218433611, -0.000481347407913, -0.000153819855768, -0.000479443639051, -0.000369947490981, 0.00220641959459, -0.00035695330007, -0.00165079603903, -0.000725928868633, 0.00217345915735, 0.000974953814875, -0.00551746087149, 0.0117546990514]]
    spectral_contrast:
        mean: [-1.55905979682e-07, 1.59402759436e-07, -1.98233735205e-07, -2.1703264963e-07, -2.4576568336e-08, 1.0197982192e-07, 8.309812074e-07, -1.03935599327e-06, -1.81352652362e-06, -5.38980521014e-06, -9.96584162749e-07, -1.33006665237e-07]
        var: [0.0008644896443, 0.00116696977057, 0.00214616255835, 0.00354156363755, 0.00611133268103, 0.00790587440133, 0.0586428120732, 0.119145147502, 0.157178983092, 0.463979959488, 0.787071347237, 2.11420559883]

rhythm:
    beats_loudness:
        dmean: 0.00348190637305
        dmean2: 0.00611249171197
        dvar: 2.04883890547e-05
        dvar2: 5.53330428374e-05
        max: 0.0160016659647
        mean: 0.0033867538441
        min: 0.000526154472027
        var: 1.8165939764e-05
    beats_loudness_bass:
        dmean: 0.184017017484
        dmean2: 0.320436626673
        dvar: 0.0437575168908
        dvar2: 0.111326791346
        max: 0.642040789127
        mean: 0.121399894357
        min: 0.00088247214444
        var: 0.0355832464993
    bpm: 120.760284424
    bpm_confidence: 0
    first_peak_bpm: 120
    first_peak_spread: 0
    first_peak_weight: 0.944444477558
    onset_rate: 4.38639307022
    second_peak_bpm: 79
    second_peak_spread: 0
    second_peak_weight: 0.0555555559695
    beats_position: [0.261463671923, 0.760147631168, 1.25883162022, 1.75751554966, 2.25619959831, 2.75488376617, 3.25356793404, 3.75225186348, 4.25093603134, 4.74961996078, 5.24830436707, 6.00451231003, 6.49986886978, 6.99522542953, 7.49058246613, 7.98593854904, 8.48129558563, 8.97665214539, 9.47200870514]
    bpm_estimates: [120.226287842, 120.47769928, 119.16431427, 120.981445312, 120.750289917, 121.722801208, 121.117950439, 120.506591797, 120.386436462, 121.279937744, 121.749389648]
    bpm_intervals: [0.498683959246, 0.498683989048, 0.498683929443, 0.498684048653, 0.498684167862, 0.498684167862, 0.498683929443, 0.498684167862, 0.498683929443, 0.498684406281, 0.756207942963, 0.495356559753, 0.495356559753, 0.495357036591, 0.495356082916, 0.495357036591, 0.495356559753, 0.495356559753]
    onset_times: [0.0348299331963, 0.197369620204, 0.441179126501, 0.743038535118, 0.847528338432, 0.917188227177, 0.986848056316, 1.2190476656, 1.75310659409, 1.99691605568, 2.11301589012, 2.24072551727, 2.40326523781, 2.63546490669, 2.73995471001, 2.99537420273, 3.5178232193, 3.76163268089, 4.01705217361, 4.26086187363, 4.52789115906, 4.65560102463, 4.76009082794, 5.00390005112, 5.27092981339, 5.51473903656, 5.7701587677, 6.00235843658, 6.26938772202, 6.51319742203, 6.64090681076, 6.81505680084, 7.24462604523, 7.75546503067, 7.80190467834, 7.99927425385, 8.11537456512, 8.39401340485, 8.53333377838, 8.66104316711, 8.87002277374, 9.12544250488, 9.24154186249, 9.62467098236]
    rubato_start: []
    rubato_stop: []
    perceptual_tempo: "unknown"

sfx:
    inharmonicity:
        dmean: 0.0346680060029
        dmean2: 0.0614605434239
        dvar: 0.00195398018695
        dvar2: 0.00552756525576
        max: 0.289161026478
        mean: 0.0380201153457
        min: 9.98761315714e-05
        var: 0.00209970120341
    oddtoevenharmonicenergyratio:
        dmean: 3.70354509354
        dmean2: 7.02921152115
        dvar: 324.0418396
        dvar2: 962.253051758
        max: 223.090164185
        mean: 2.44161510468
        min: 9.85665392363e-05
        var: 172.687789917
    pitch_after_max_to_before_max_energy_ratio: 9.73163127899
    pitch_centroid: 260.187164307
    pitch_max_to_total: 0.219907402992
    pitch_min_to_total: 0.902777791023
    tristimulus:
        dmean: [0.192428991199, 0.221820667386, 0.114139840007]
        dmean2: [0.324767202139, 0.380653709173, 0.203275561333]
        dvar: [0.0337523669004, 0.0453716851771, 0.0159647744149]
        dvar2: [0.0914802402258, 0.118153788149, 0.0413730368018]
        max: [0.954046010971, 0.990722358227, 0.896366417408]
        mean: [0.406803846359, 0.414130151272, 0.127333119512]
        min: [0.00215044105425, 0, 0]
        var: [0.0642212554812, 0.0679104700685, 0.0197081398219]

tonal:
    chords_changes_rate: 0.0506912432611
    chords_number_rate: 0.0276497695595
    chords_strength:
        dmean: 0.00991270039231
        dmean2: 0.00879705697298
        dvar: 5.87314534641e-05
        dvar2: 5.22959053342e-05
        max: 0.786772608757
        mean: 0.552955091
        min: 0.310736656189
        var: 0.00867385976017
    key_strength: 0.870207905769
    tuning_diatonic_strength: 0.684190571308
    tuning_equal_tempered_deviation: 0.135232105851
    tuning_frequency: 441.272583008
    tuning_nontempered_energy_ratio: 0.73282790184
    hpcp:
        dmean: [0.1799467206, 0.152202740312, 0.104058362544, 0.0854236036539, 0.0823479518294, 0.129482597113, 0.158852353692, 0.159037426114, 0.151442155242, 0.0998516902328, 0.0819821208715, 0.0894980281591, 0.0925105586648, 0.101736374199, 0.153904572129, 0.156502068043, 0.136275991797, 0.120731145144, 0.09286865592, 0.0643686652184, 0.076433673501, 0.0879152342677, 0.0837978422642, 0.0526786334813, 0.0698075369, 0.0759433656931, 0.106988102198, 0.107562810183, 0.105832390487, 0.172668203712, 0.173823058605, 0.136637806892, 0.0954184010625, 0.0769334211946, 0.0833613574505, 0.14420607686]
        dmean2: [0.297473400831, 0.262631803751, 0.18284009397, 0.141724765301, 0.135345846415, 0.221610471606, 0.27694696188, 0.255552768707, 0.243144676089, 0.162933200598, 0.12963052094, 0.145251765847, 0.158604487777, 0.170910149813, 0.238242819905, 0.245713189244, 0.231684118509, 0.214996024966, 0.163737133145, 0.112426050007, 0.125789523125, 0.141633078456, 0.127490922809, 0.0878747627139, 0.1096496135, 0.12537266314, 0.181446626782, 0.184082865715, 0.174798101187, 0.268085002899, 0.271269887686, 0.232574060559, 0.162962958217, 0.13269944489, 0.146804720163, 0.242096439004]
        dvar: [0.0493836738169, 0.0434583462775, 0.0365601330996, 0.0255022849888, 0.0184568539262, 0.0272114444524, 0.0482262559235, 0.0376737564802, 0.0498775690794, 0.0264534708112, 0.0260223038495, 0.0279965773225, 0.039826259017, 0.0235678441823, 0.0390231274068, 0.0341585613787, 0.0347846150398, 0.0504772663116, 0.0341756232083, 0.0155239421874, 0.0160574745387, 0.0214656032622, 0.0150616466999, 0.00660449313, 0.0141753861681, 0.0230998825282, 0.0336256884038, 0.02570560202, 0.022418955341, 0.0368586592376, 0.0397966057062, 0.032245516777, 0.0256148576736, 0.0274458024651, 0.0272440351546, 0.0327641665936]
        dvar2: [0.12613478303, 0.114824675024, 0.0913076773286, 0.0683091655374, 0.0413305237889, 0.0704100430012, 0.119241021574, 0.0872737690806, 0.12982185185, 0.0656003877521, 0.0675437375903, 0.0747349560261, 0.114758595824, 0.066566683352, 0.0863923057914, 0.0798721760511, 0.0871042981744, 0.13687941432, 0.0899999588728, 0.0375868938863, 0.0452531017363, 0.0533722750843, 0.0341268852353, 0.0165571011603, 0.0300560649484, 0.0445392876863, 0.0891338512301, 0.063873052597, 0.0539859719574, 0.0946210995317, 0.0881320610642, 0.095575325191, 0.0612184889615, 0.0812647640705, 0.0837552025914, 0.0864114835858]
        max: [1, 1, 1, 1, 1, 1, 1, 1, 1, 1, 1, 1, 1, 0.890589892864, 1, 1, 1, 1, 0.992613554001, 0.995873749256, 0.953220665455, 1, 1, 0.54325902462, 1, 1, 1, 1, 1, 1, 1, 1, 1, 1, 1, 1]
        mean: [0.295183837414, 0.216803818941, 0.105631418526, 0.0922367423773, 0.103827111423, 0.181151002645, 0.280014306307, 0.238800227642, 0.157561644912, 0.115324929357, 0.0812465846539, 0.0945994630456, 0.0965354591608, 0.104933895171, 0.272956132889, 0.358158946037, 0.204475596547, 0.102585457265, 0.0792713686824, 0.0587208271027, 0.0978999137878, 0.163402721286, 0.128446578979, 0.062844902277, 0.0862818658352, 0.120456166565, 0.141279757023, 0.150217711926, 0.138771042228, 0.285147845745, 0.35951885581, 0.198429316282, 0.115915596485, 0.103193186224, 0.0803528800607, 0.178163021803]
        min: [0.00381954107434, 0.0031586997211, 0.00248665013351, 0.00216943025589, 0.00129219982773, 0.00289774080738, 0.00332944933325, 0.00391993764788, 0.00160472921561, 0.000665280967951, 0.00101644464303, 0.000638230645563, 0.000433534645708, 0.000434725458035, 0.00136145623401, 0.00143101648428, 0.000659875455312, 0.000633404997643, 0.000140136602568, 9.88733663689e-05, 0.000464608718175, 0.000652653689031, 0.00100036454387, 0.00106721348129, 0.000460937153548, 0.000373928778572, 0.00106198410504, 0.00156300642993, 0.00261816033162, 0.00182254251558, 0.00113526720088, 0.000685466919094, 0.000549894175492, 0.000275243539363, 0.00121416873299, 0.00221230671741]
        var: [0.0954569205642, 0.0686461627483, 0.0335397869349, 0.0237351730466, 0.0327511020005, 0.0497550927103, 0.110917747021, 0.0721282884479, 0.0578895695508, 0.0424084812403, 0.0287861041725, 0.0329698957503, 0.042614299804, 0.0243913214654, 0.088182978332, 0.11534833163, 0.0567735210061, 0.039541631937, 0.0258320625871, 0.0143481791019, 0.0258625950664, 0.0723158046603, 0.0404340103269, 0.00764981703833, 0.0261539053172, 0.0529885962605, 0.0454263016582, 0.0345589891076, 0.036787122488, 0.080662176013, 0.125242203474, 0.0419634543359, 0.0437131151557, 0.0495864413679, 0.0219249594957, 0.0383274331689]
    chords_histogram: [51.612903595, 8.29493045807, 15.2073736191, 0.460829496384, 0, 0, 10.1382484436, 0, 0, 0, 0, 0, 0, 0, 0, 0, 0, 0, 0, 11.9815664291, 0, 2.30414748192, 0, 0]
    thpcp: [1, 0.551930189133, 0.322418689728, 0.28703135252, 0.223501160741, 0.495559602976, 0.82105243206, 0.603038787842, 0.293813288212, 0.25655606389, 0.288794606924, 0.503870666027, 0.778858482838, 0.664221704006, 0.438256978989, 0.320775747299, 0.225986987352, 0.263127952814, 0.268512934446, 0.291873127222, 0.759226202965, 0.996217429638, 0.568747878075, 0.285340964794, 0.220492944121, 0.163331702352, 0.272308140993, 0.454503893852, 0.357273548841, 0.174802795053, 0.23999260366, 0.335048258305, 0.392968982458, 0.417829871178, 0.38599100709, 0.79313737154]
    chords_key: "G"
    chords_scale: "major"
    key_key: "G"
    key_scale: "major"
    chords_progression: ["E", "E", "E", "E", "E", "E", "E", "E", "E", "E", "E", "E", "E", "E", "E", "E", "E", "E", "E", "E", "E", "E", "Am", "Am", "Am", "Am", "Am", "Dm", "Dm", "Dm", "Dm", "Dm", "Dm", "Dm", "Dm", "Dm", "Dm", "Dm", "Dm", "Dm", "Dm", "Dm", "Dm", "Dm", "Dm", "Dm", "Dm", "Dm", "Dm", "Dm", "Dm", "Dm", "Dm", "D", "D", "D", "D", "D", "D", "D", "D", "D", "D", "G", "G", "G", "G", "G", "G", "G", "G", "G", "G", "G", "G", "G", "G", "G", "G", "G", "G", "G", "G", "G", "G", "G", "G", "G", "G", "G", "G", "G", "G", "G", "G", "G", "G", "G", "G", "G", "G", "G", "G", "G", "G", "G", "G", "G", "G", "G", "G", "G", "G", "G", "G", "G", "G", "G", "D", "D", "D", "D", "D", "D", "D", "D", "D", "D", "D", "D", "D", "D", "D", "D", "D", "D", "D", "D", "D", "D", "D", "Bm", "Bm", "Bm", "Bm", "Bm", "Bm", "Bm", "Bm", "Bm", "Bm", "Bm", "Bm", "Bm", "Bm", "Bm", "Bm", "Bm", "G", "G", "G", "G", "G", "Bm", "G", "G", "G", "G", "G", "G", "G", "G", "G", "G", "G", "G", "G", "G", "G", "G", "F#m", "G", "G", "G", "G", "G", "G", "G", "G", "G", "G", "G", "G", "G", "G", "G", "G", "G", "G", "G", "G", "G", "G", "G", "G", "G", "G", "G", "G", "G", "G", "G", "G", "G", "G", "G", "G"]
