
metadata:
    version:
        essentia: "1.2.2"
    audio_properties:
        analysis_sample_rate: 44100
        bitrate: 128
        channels: 2
        equal_loudness: 1
        length: 9.97877597809
        replay_gain: -16.3836994171
        downmix: "mix"
    tags:
        track: 17
        year: 0
        album: "Splitted by Mp3Splt v. 2.1"
        artist: "From 002.40 To 002.50"
        comment: "http://mp3splt.sf.net"
        genre: ""
        title: "06 The Slide.mp3"

highlevel:
    ballroom:
        all:
            ChaChaCha: 0.0311158262193
            Jive: 0.25596472621
            Quickstep: 0.175709560513
            Rumba-American: 0.0285278055817
            Rumba-International: 0.194355905056
            Rumba-Misc: 0.0457618311048
            Samba: 0.08654230088
            Tango: 0.0147890681401
            VienneseWaltz: 0.114383123815
            Waltz: 0.0528498627245
        probability: 0.25596472621
        value: "Jive"
    culture:
        all:
            non_western: 0.209324747324
            western: 0.790675282478
        probability: 0.790675282478
        value: "western"
    gender:
        all:
            female: 0.438777059317
            male: 0.561222910881
        probability: 0.561222910881
        value: "male"
    genre_dortmund:
        all:
            alternative: 0.109132446349
            blues: 0.0315337255597
            electronic: 0.0197551585734
            folkcountry: 0.576900184155
            funksoulrnb: 0.0262797176838
            jazz: 0.021156065166
            pop: 0.131195187569
            raphiphop: 0.0023753864225
            rock: 0.0816721469164
        probability: 0.576900184155
        value: "folkcountry"
    genre_electronica:
        all:
            ambient: 0.525692641735
            dnb: 0.269734472036
            house: 0.0518786981702
            techno: 0.0106446743011
            trance: 0.142049521208
        probability: 0.525692641735
        value: "ambient"
    genre_rosamerica:
        all:
            cla: 0.00972107797861
            dan: 0.029862690717
            hip: 0.00276563409716
            jaz: 0.0097274845466
            pop: 0.79067581892
            rhy: 0.0328674986959
            roc: 0.123003922403
            spe: 0.00137588614598
        probability: 0.79067581892
        value: "pop"
    genre_tzanetakis:
        all:
            blu: 0.00501471990719
            cla: 0.00355289480649
            cou: 0.119097903371
            dis: 0.125126346946
            hip: 0.00278491713107
            jaz: 0.0133256837726
            met: 0.00695027364418
            pop: 0.432156473398
            reg: 0.0212594661862
            roc: 0.270731300116
        probability: 0.432156473398
        value: "pop"
    live_studio:
        all:
            live: 0.161602094769
            studio: 0.838397920132
        probability: 0.838397920132
        value: "studio"
    mood:
        all:
            Cluster1: 0.10612180084
            Cluster2: 0.173012167215
            Cluster3: 0.544405937195
            Cluster4: 0.145093396306
            Cluster5: 0.0313667021692
        probability: 0.544405937195
        value: "Cluster3"
    mood_acoustic:
        all:
            acoustic: 0.305782586336
            not_acoustic: 0.694217443466
        probability: 0.694217443466
        value: "not_acoustic"
    mood_aggressive:
        all:
            aggressive: 0.0343340784311
            not_aggressive: 0.96566593647
        probability: 0.96566593647
        value: "not_aggressive"
    mood_electronic:
        all:
            electronic: 0.0723958835006
            not_electronic: 0.927604138851
        probability: 0.927604138851
        value: "not_electronic"
    mood_happy:
        all:
            happy: 0.886969208717
            not_happy: 0.113030798733
        probability: 0.886969208717
        value: "happy"
    mood_party:
        all:
            not_party: 0.801629126072
            party: 0.198370859027
        probability: 0.801629126072
        value: "not_party"
    mood_relaxed:
        all:
            not_relaxed: 0.259623497725
            relaxed: 0.740376472473
        probability: 0.740376472473
        value: "relaxed"
    mood_sad:
        all:
            not_sad: 2.24807958915e-08
            sad: 1
        probability: 1
        value: "sad"
    rhythm:
        all:
            fast: 0.927038908005
            medium: 0.036198630929
            slow: 0.036762483418
        probability: 0.927038908005
        value: "fast"
    speech_music:
        all:
            music: 3.00000096379e-14
            speech: 1
        probability: 1
        value: "speech"
    timbre:
        all:
            bright: 0.274780064821
            dark: 0.725219964981
        probability: 0.725219964981
        value: "dark"
    voice_instrumental:
        all:
            instrumental: 0.00314597529359
            voice: 0.996854007244
        probability: 0.996854007244
        value: "voice"

lowlevel:
    average_loudness: 0.963032364845
    barkbands_kurtosis:
        dmean: 1.47538602352
        dmean2: 2.30231595039
        dvar: 3.06917834282
        dvar2: 7.45853614807
        max: 17.7048225403
        mean: 1.73535633087
        min: -1.86364638805
        var: 10.2152223587
    barkbands_skewness:
        dmean: 0.426016718149
        dmean2: 0.628082036972
        dvar: 0.159987702966
        dvar2: 0.331836223602
        max: 3.68323612213
        mean: 1.21963477135
        min: -1.44845628738
        var: 0.924470543861
    barkbands_spread:
        dmean: 4.89408445358
        dmean2: 7.24890708923
        dvar: 27.3391876221
        dvar2: 49.0647277832
        max: 74.0799713135
        mean: 22.8887214661
        min: 5.22924757004
        var: 134.034805298
    dissonance:
        dmean: 0.0237397104502
        dmean2: 0.0392829962075
        dvar: 0.000535711413249
        dvar2: 0.00134576216806
        max: 0.49960309267
        mean: 0.446192234755
        min: 0.284801870584
        var: 0.000975754926912
    hfc:
        dmean: 1.58585441113
        dmean2: 2.18614244461
        dvar: 8.62604522705
        dvar2: 13.9494276047
        max: 35.7085952759
        mean: 5.04711961746
        min: 0.0513632707298
        var: 30.7634658813
    pitch:
        dmean: 364.802124023
        dmean2: 697.734008789
        dvar: 902582.0625
        dvar2: 1920421.125
        max: 5512.5
        mean: 611.670959473
        min: 63.8205490112
        var: 1336596.375
    pitch_instantaneous_confidence:
        dmean: 0.0825040861964
        dmean2: 0.131927073002
        dvar: 0.0049683698453
        dvar2: 0.0115730864927
        max: 0.819375514984
        mean: 0.42300966382
        min: 0.154557168484
        var: 0.0254103746265
    pitch_salience:
        dmean: 0.0564023889601
        dmean2: 0.0908112898469
        dvar: 0.00187578925397
        dvar2: 0.00543057871982
        max: 0.863145112991
        mean: 0.676177501678
        min: 0.40312820673
        var: 0.00550078274682
    silence_rate_20dB:
        dmean: 0
        dmean2: 0
        dvar: 0
        dvar2: 0
        max: 1
        mean: 1
        min: 1
        var: 0
    silence_rate_30dB:
        dmean: 0
        dmean2: 0
        dvar: 0
        dvar2: 0
        max: 1
        mean: 1
        min: 1
        var: 0
    silence_rate_60dB:
        dmean: 0.137209296227
        dmean2: 0.275058269501
        dvar: 0.118382357061
        dvar2: 0.25534683466
        max: 1
        mean: 0.36890950799
        min: 0
        var: 0.232814863324
    spectral_centroid:
        dmean: 210.644226074
        dmean2: 303.260009766
        dvar: 76674.0390625
        dvar2: 120150.445312
        max: 3746.43994141
        mean: 1000.72479248
        min: 316.752075195
        var: 334568.1875
    spectral_complexity:
        dmean: 2.04662013054
        dmean2: 3.20560741425
        dvar: 4.31950855255
        dvar2: 9.29415798187
        max: 26
        mean: 10.0255813599
        min: 0
        var: 21.1411895752
    spectral_crest:
        dmean: 1.96295523643
        dmean2: 3.25791883469
        dvar: 3.01448607445
        dvar2: 7.89945077896
        max: 19.1265583038
        mean: 8.56323814392
        min: 3.21390104294
        var: 10.6606721878
    spectral_decrease:
        dmean: 2.28041405204e-10
        dmean2: 3.56812024371e-10
        dvar: 5.10274310511e-20
        dvar2: 1.14351748475e-19
        max: -7.8448428309e-12
        mean: -1.02955355352e-09
        min: -2.96263924504e-09
        var: 2.5853374949e-19
    spectral_energy:
        dmean: 0.000972986978013
        dmean2: 0.00148864276707
        dvar: 1.06942547973e-06
        dvar2: 2.23800543608e-06
        max: 0.0139552978799
        mean: 0.00434355996549
        min: 3.42669591191e-05
        var: 5.48321668248e-06
    spectral_energyband_high:
        dmean: 8.35616883705e-05
        dmean2: 0.000113725363917
        dvar: 7.02803220065e-08
        dvar2: 1.16288148888e-07
        max: 0.00380983646028
        mean: 0.000141769676702
        min: 3.83710403185e-06
        var: 1.36561183695e-07
    spectral_energyband_low:
        dmean: 0.000110782893898
        dmean2: 0.000186502278666
        dvar: 2.43743354389e-08
        dvar2: 7.36037577553e-08
        max: 0.00168499839492
        mean: 0.00023067042639
        min: 1.31145316118e-06
        var: 3.55191254187e-08
    spectral_energyband_middle_high:
        dmean: 0.000494047591928
        dmean2: 0.000689827720635
        dvar: 6.87170086167e-07
        dvar2: 1.26830309455e-06
        max: 0.00990310497582
        mean: 0.00146511325147
        min: 8.28183419799e-06
        var: 3.24874440594e-06
    spectral_energyband_middle_low:
        dmean: 0.000703860714566
        dmean2: 0.00114167307038
        dvar: 4.08912086414e-07
        dvar2: 1.0678329545e-06
        max: 0.00799348577857
        mean: 0.00250600045547
        min: 2.08364872378e-05
        var: 1.43618103721e-06
    spectral_flatness_db:
        dmean: 0.0157936457545
        dmean2: 0.0240343958139
        dvar: 0.000170604456798
        dvar2: 0.000357284006895
        max: 0.238175004721
        mean: 0.16061720252
        min: 0.0932260304689
        var: 0.00092952826526
    spectral_flux:
        dmean: 0.00757140945643
        dmean2: 0.0118144862354
        dvar: 6.05309251114e-05
        dvar2: 0.000146258695167
        max: 0.0935496017337
        mean: 0.0346456579864
        min: 0.00585379870608
        var: 0.00020482247055
    spectral_kurtosis:
        dmean: 1.53447473049
        dmean2: 2.36138916016
        dvar: 2.38030481339
        dvar2: 5.88705587387
        max: 15.0735340118
        mean: 5.47235441208
        min: -0.814386606216
        var: 8.11948204041
    spectral_rms:
        dmean: 0.00022957456531
        dmean2: 0.000352470786311
        dvar: 4.66425511547e-08
        dvar2: 9.32533126274e-08
        max: 0.00368984066881
        mean: 0.00199242890812
        min: 0.000182841962669
        var: 2.67844001201e-07
    spectral_rolloff:
        dmean: 485.726470947
        dmean2: 771.069335938
        dvar: 462087.34375
        dvar2: 845084.5
        max: 6395.36132812
        mean: 1815.49938965
        min: 301.46484375
        var: 1735437.75
    spectral_skewness:
        dmean: 0.226058900356
        dmean2: 0.324296116829
        dvar: 0.0461882762611
        dvar2: 0.0910333171487
        max: 2.94268393517
        mean: 1.84593605995
        min: -0.0472459942102
        var: 0.260285884142
    spectral_spread:
        dmean: 693202.5
        dmean2: 915778.75
        dvar: 1.18685158605e+12
        dvar2: 1.36505812582e+12
        max: 23583722
        mean: 4944191
        min: 2655070.5
        var: 3.18904415027e+12
    spectral_strongpeak:
        dmean: 0.443607956171
        dmean2: 0.753015100956
        dvar: 0.898655056953
        dvar2: 2.24719786644
        max: 7.6292090416
        mean: 0.800334215164
        min: 0.0042584980838
        var: 1.81357729435
    zerocrossingrate:
        dmean: 0.00939230062068
        dmean2: 0.0108973421156
        dvar: 0.00010799489246
        dvar2: 9.98331815936e-05
        max: 0.19677734375
        mean: 0.0637752115726
        min: 0.01904296875
        var: 0.000802201160695
    barkbands:
        dmean: [3.22278111753e-07, 3.40232836606e-05, 9.46826912696e-05, 0.000193004700122, 0.000337587116519, 0.000267708761385, 0.000176137647941, 0.000130578802782, 0.000129342544824, 7.88060788182e-05, 0.000134613801492, 3.68897599401e-05, 3.05025405396e-05, 2.98104987451e-05, 3.17441044899e-05, 2.74906797131e-05, 4.67675490654e-05, 0.000117813615361, 0.000198523441213, 5.08003649884e-05, 2.96883790725e-05, 3.21823281411e-05, 8.77353068063e-06, 2.71047406386e-06, 9.26840129978e-07, 1.27651162529e-07, 4.61004434626e-09]
        dmean2: [5.87961039855e-07, 5.61983288208e-05, 0.000162188152899, 0.000332239491399, 0.000574883306399, 0.000439233961515, 0.000286056485493, 0.000199039335712, 0.000204203315661, 0.000127917533973, 0.000217848049942, 5.5752308981e-05, 4.92289655085e-05, 4.66174788016e-05, 5.1996728871e-05, 4.18137860834e-05, 7.61542833061e-05, 0.000165316800121, 0.000293593097012, 7.30479732738e-05, 4.45539772045e-05, 4.71202292829e-05, 1.26991781144e-05, 3.55684801434e-06, 1.32043635404e-06, 2.00998044875e-07, 4.74494976643e-09]
        dvar: [4.88793413297e-13, 3.15224712999e-09, 1.98528589124e-08, 5.76492595883e-08, 1.46592697092e-07, 1.11691598192e-07, 4.81607003167e-08, 5.87839927846e-08, 5.42419549276e-08, 2.44285054407e-08, 1.11135797454e-07, 5.60353052848e-09, 5.12677988951e-09, 2.35472197296e-09, 2.04440264717e-09, 3.06938829908e-09, 5.82301806773e-09, 6.11464656686e-08, 2.71447817113e-07, 1.82476664889e-08, 1.19043548352e-08, 1.42049492169e-08, 1.09733522269e-09, 5.60492624535e-11, 3.587367816e-12, 1.84822507776e-13, 7.86213694652e-15]
        dvar2: [1.44899836487e-12, 8.63635118975e-09, 5.97695475335e-08, 1.60775641689e-07, 3.93013749544e-07, 2.7710308359e-07, 1.17478812456e-07, 1.55957579295e-07, 1.20075981158e-07, 5.67685312092e-08, 2.23044395398e-07, 9.71629354751e-09, 1.22893615284e-08, 5.71658453907e-09, 4.50544401787e-09, 4.92142815389e-09, 1.5380262397e-08, 1.09368137657e-07, 5.049952847e-07, 3.12403827252e-08, 2.62394070916e-08, 3.03408533853e-08, 2.37592479024e-09, 9.37513816579e-11, 8.17049292806e-12, 4.76497042778e-13, 7.62825929133e-15]
        max: [4.6603768169e-06, 0.000463533098809, 0.00122997071594, 0.00196045869961, 0.0038621565327, 0.00381789309904, 0.00222028559074, 0.00262540462427, 0.00242123473436, 0.00185387488455, 0.00481605622917, 0.00154522038065, 0.00109031260945, 0.000782115617767, 0.000543826143257, 0.000989001127891, 0.000668852066156, 0.00326725188643, 0.005538307596, 0.00231379363686, 0.00153954909183, 0.00197191233747, 0.000432591885328, 0.000111677618406, 1.5796003936e-05, 4.93732295581e-06, 1.86833472071e-06]
        mean: [3.96907637423e-07, 6.7735913035e-05, 0.000162544951309, 0.000281717046164, 0.000730264524464, 0.000620411534328, 0.000358663644874, 0.0002481052652, 0.000228483811952, 0.000116567331133, 0.000293640681775, 6.3384162786e-05, 5.21910224052e-05, 6.3319086621e-05, 5.99705672357e-05, 5.54044709133e-05, 8.26407631394e-05, 0.00025426960201, 0.000420218682848, 7.87287281128e-05, 4.33428758697e-05, 4.42052805738e-05, 1.14934973681e-05, 4.21612321588e-06, 1.50621576722e-06, 1.33754625153e-07, 4.66182514813e-09]
        min: [2.00852182108e-10, 2.65135696509e-07, 1.04545244994e-06, 1.65896858562e-06, 9.93744561129e-06, 6.47834940537e-06, 1.69512873072e-06, 6.99220095157e-07, 3.28658273929e-07, 1.5842984169e-07, 1.00137285131e-07, 2.83498451381e-08, 1.20847090557e-07, 4.97649978115e-07, 5.87247882322e-07, 1.3845333342e-06, 6.81194194385e-08, 1.14690101327e-06, 3.93529217035e-06, 1.02626665921e-06, 1.38818938922e-06, 2.90203104214e-07, 1.26431032754e-07, 3.2623706403e-08, 2.05857162427e-08, 7.92060139698e-10, 2.19436101234e-12]
        var: [4.31411118851e-13, 4.17405265907e-09, 2.85305148395e-08, 8.76775700931e-08, 3.09971227352e-07, 3.00734200209e-07, 1.00635006106e-07, 1.1536890554e-07, 1.38271559535e-07, 3.14655608236e-08, 5.923864137e-07, 1.68630513997e-08, 6.78027989309e-09, 7.94742316401e-09, 4.6020791622e-09, 9.88261383839e-09, 1.0908235204e-08, 2.48341109454e-07, 8.30546241559e-07, 3.14116235245e-08, 1.41203226889e-08, 2.51922376293e-08, 1.83148229915e-09, 1.47723722144e-10, 6.58601949019e-12, 1.49008355568e-13, 8.09830751991e-15]
    mfcc:
        mean: [-725.237548828, 136.982009888, -29.2518348694, 46.5362510681, -12.8320884705, -12.130941391, -6.96368265152, -5.50989770889, -9.8058385849, -7.59925556183, -1.70315241814, -10.0168113708, -4.17944192886]
        cov: [[1304.59240723, -648.297058105, -12.1216773987, -150.90385437, -182.748855591, -126.843307495, -15.839225769, 116.693008423, -111.294998169, 28.2772350311, 52.6074905396, -84.0715332031, -28.1996688843], [-648.297058105, 898.527526855, -376.907226562, -41.300453186, 59.6017417908, -83.6669158936, 82.029548645, -15.5991106033, 17.0726051331, -40.9946327209, 18.1346359253, 7.48227071762, 8.10153102875], [-12.1216773987, -376.907226562, 486.108764648, 85.1339950562, 12.8393325806, 178.731246948, -67.9976959229, -81.2116088867, 67.8715591431, 5.84655380249, -51.5463867188, 51.3995704651, 13.6700849533], [-150.90385437, -41.300453186, 85.1339950562, 257.662597656, 118.999710083, -27.5801715851, -58.6894683838, -42.4691543579, -8.55750083923, 22.0162639618, -3.70003604889, 41.4371376038, 21.411485672], [-182.748855591, 59.6017417908, 12.8393325806, 118.999710083, 161.374832153, -3.10116839409, -37.0304031372, -34.5913581848, 6.41954040527, -4.74150180817, -7.227871418, 15.9240760803, 2.75537800789], [-126.843307495, -83.6669158936, 178.731246948, -27.5801715851, -3.10116839409, 236.732940674, 33.3327178955, -19.9115962982, 75.7382583618, -27.0640907288, -48.5586090088, 5.58776044846, -3.21956634521], [-15.839225769, 82.029548645, -67.9976959229, -58.6894683838, -37.0304031372, 33.3327178955, 108.503097534, 37.2074966431, 7.45235824585, 0.674735307693, -14.4752130508, -30.1265983582, -18.9243011475], [116.693008423, -15.5991106033, -81.2116088867, -42.4691543579, -34.5913581848, -19.9115962982, 37.2074966431, 98.820022583, -10.5824174881, 0.381911695004, 0.780948758125, -28.9815292358, -25.0837249756], [-111.294998169, 17.0726051331, 67.8715591431, -8.55750083923, 6.41954040527, 75.7382583618, 7.45235824585, -10.5824174881, 103.682121277, -11.6149225235, -20.6523208618, -7.28925466537, 3.78333950043], [28.2772350311, -40.9946327209, 5.84655380249, 22.0162639618, -4.74150180817, -27.0640907288, 0.674735307693, 0.381911695004, -11.6149225235, 67.6146240234, -0.209636822343, -2.49593877792, -8.93284511566], [52.6074905396, 18.1346359253, -51.5463867188, -3.70003604889, -7.227871418, -48.5586090088, -14.4752130508, 0.780948758125, -20.6523208618, -0.209636822343, 62.3405227661, -0.974924921989, 10.3902549744], [-84.0715332031, 7.48227071762, 51.3995704651, 41.4371376038, 15.9240760803, 5.58776044846, -30.1265983582, -28.9815292358, -7.28925466537, -2.49593877792, -0.974924921989, 70.3808288574, 22.1986923218], [-28.1996688843, 8.10153102875, 13.6700849533, 21.411485672, 2.75537800789, -3.21956634521, -18.9243011475, -25.0837249756, 3.78333950043, -8.93284511566, 10.3902549744, 22.1986923218, 56.0208740234]]
        icov: [[0.00237206276506, 0.00206318031996, 0.000570786709432, 0.000902207568288, 0.000929368950892, 0.00127109326422, -7.61085830163e-05, -0.000589235743973, 0.000909230438992, 0.000670089910273, -0.000635723117739, 0.00124592136126, -0.000180992923561], [0.00206318031996, 0.004307216499, 0.00293424958363, 0.000910602917429, -2.27716991503e-05, 0.00140004255809, -0.00184417306446, 0.00168700539507, -0.00101983244531, 0.00159831193741, -0.000282733148197, -0.00103726796806, 0.000352790433681], [0.000570786709432, 0.00293424958363, 0.00730569846928, -0.00136934197508, 0.00155796855688, -0.00310313422233, 0.00180415424984, 0.00381032703444, -0.00224308017641, -9.39005549299e-05, 0.00172172416933, -0.00261456193402, 0.00151744263712], [0.000902207568288, 0.000910602917429, -0.00136934197508, 0.0081577077508, -0.00527706742287, 0.00216223509051, -7.94130028225e-06, -0.000854047830217, 0.000804579001851, -0.00207945797592, 2.58361196757e-05, -0.00142265122849, -0.00228955852799], [0.000929368950892, -2.27716991503e-05, 0.00155796855688, -0.00527706742287, 0.012033963576, -0.000939808145631, 0.00311671919189, 0.0019727863837, -6.60895893816e-05, 0.00203672144562, 0.0011019569356, 0.00177080207504, 0.00282130530104], [0.00127109326422, 0.00140004255809, -0.00310313422233, 0.00216223509051, -0.000939808145631, 0.0105332368985, -0.0049582477659, 0.000271546945442, -0.00315431365743, 0.00353491678834, 0.00197297031991, -0.000464825279778, 6.13510637777e-05], [-7.61085830163e-05, -0.00184417306446, 0.00180415424984, -7.94130028225e-06, 0.00311671919189, -0.0049582477659, 0.0171465463936, -0.00349640054628, 0.00145187752787, -0.00263288477436, 0.00301592098549, 0.00421712594107, 0.000831315643154], [-0.000589235743973, 0.00168700539507, 0.00381032703444, -0.000854047830217, 0.0019727863837, 0.000271546945442, -0.00349640054628, 0.0171403028071, -0.0015516160056, 0.00185936398339, 0.00111373979598, 0.000146334801684, 0.00540492823347], [0.000909230438992, -0.00101983244531, -0.00224308017641, 0.000804579001851, -6.60895893816e-05, -0.00315431365743, 0.00145187752787, -0.0015516160056, 0.015060948208, 7.34590794309e-05, 0.00114272942301, 0.00505498191342, -0.00275775091723], [0.000670089910273, 0.00159831193741, -9.39005549299e-05, -0.00207945797592, 0.00203672144562, 0.00353491678834, -0.00263288477436, 0.00185936398339, 7.34590794309e-05, 0.0182433798909, 0.000610087008681, 0.000339861260727, 0.00362619501539], [-0.000635723117739, -0.000282733148197, 0.00172172416933, 2.58361196757e-05, 0.0011019569356, 0.00197297031991, 0.00301592098549, 0.00111373979598, 0.00114272942301, 0.000610087008681, 0.021399891004, 0.000857145874761, -0.00342105561867], [0.00124592136126, -0.00103726796806, -0.00261456193402, -0.00142265122849, 0.00177080207504, -0.000464825279778, 0.00421712594107, 0.000146334801684, 0.00505498191342, 0.000339861260727, 0.000857145874761, 0.0225045718253, -0.00602856371552], [-0.000180992923561, 0.000352790433681, 0.00151744263712, -0.00228955852799, 0.00282130530104, 6.13510637777e-05, 0.000831315643154, 0.00540492823347, -0.00275775091723, 0.00362619501539, -0.00342105561867, -0.00602856371552, 0.0245666708797]]
    spectral_contrast:
        mean: [-2.99630301015e-07, 1.78008235707e-07, -4.75238749686e-07, 6.2030416359e-09, -8.84539872459e-08, -2.20970363785e-07, 3.29003773913e-06, -1.07842822672e-07, 8.30999624668e-07, -2.35916559177e-06, -1.83450617897e-06, -1.88128888112e-06]
        var: [0.000675733899698, 0.000890595547389, 0.00216718320735, 0.00252608000301, 0.00315910880454, 0.00524749653414, 0.0473526567221, 0.0749557316303, 0.173705041409, 0.201281368732, 0.332486599684, 0.696454644203]

rhythm:
    beats_loudness:
        dmean: 0.0018456093967
        dmean2: 0.00320099736564
        dvar: 3.06117613036e-06
        dvar2: 4.88681143906e-06
        max: 0.0107856821269
        mean: 0.00516190379858
        min: 0.0023914470803
        var: 6.78329024595e-06
    beats_loudness_bass:
        dmean: 0.0574187189341
        dmean2: 0.0763728022575
        dvar: 0.00185717165004
        dvar2: 0.00420208927244
        max: 0.253104627132
        mean: 0.0960795655847
        min: 0.00660858349875
        var: 0.00520953908563
    bpm: 109.202308655
    bpm_confidence: 0
    first_peak_bpm: 109
    first_peak_spread: 0
    first_peak_weight: 0.555555582047
    onset_rate: 4.70999670029
    second_peak_bpm: 133
    second_peak_spread: 0
    second_peak_weight: 0.388888895512
    beats_position: [0.143077611923, 0.692528069019, 1.24197852612, 1.79142892361, 2.34087944031, 2.8903298378, 3.43978023529, 3.98923063278, 4.53868103027, 5.08813142776, 5.63758230209, 6.3660569191, 6.81566619873, 7.26527404785, 7.71488237381, 8.16449069977, 8.61409950256, 9.06370830536, 9.51331615448]
    bpm_estimates: [108.724182129, 108.910270691, 110.015075684, 109.95552063, 108.931732178, 108.949768066, 108.929611206]
    bpm_intervals: [0.549450457096, 0.549450457096, 0.549450397491, 0.549450516701, 0.549450397491, 0.549450397491, 0.549450397491, 0.549450397491, 0.549450397491, 0.549450874329, 0.728474617004, 0.449609279633, 0.449607849121, 0.449608325958, 0.449608325958, 0.449608802795, 0.449608802795, 0.449607849121]
    onset_times: [0.0348299331963, 0.325079351664, 0.603718817234, 0.870748281479, 1.10294783115, 1.24226760864, 1.43963718414, 1.49768710136, 1.53251695633, 1.5673469305, 1.88081634045, 2.12462592125, 2.24072551727, 2.72834467888, 3.04181408882, 3.07664394379, 3.12308382988, 3.32045340538, 3.81968259811, 3.93578219414, 4.01705217361, 4.23764181137, 4.46984148026, 4.8994102478, 5.0387301445, 5.47990942001, 5.58439922333, 5.83981847763, 6.04879808426, 6.1648979187, 6.47836732864, 6.93115663528, 7.2330160141, 7.41877555847, 7.55809545517, 7.67419481277, 7.8251247406, 8.03410434723, 8.16181373596, 8.51011371613, 8.63782310486, 8.8119726181, 8.893242836, 9.27637195587, 9.45052146912, 9.69433116913, 9.97297096252]
    rubato_start: [6.81566619873]
    rubato_stop: [9.51331615448]
    perceptual_tempo: "unknown"

sfx:
    inharmonicity:
        dmean: 0.0433474071324
        dmean2: 0.0745669454336
        dvar: 0.00276185222901
        dvar2: 0.0069280192256
        max: 0.40156391263
        mean: 0.0474256426096
        min: 0
        var: 0.00360331358388
    oddtoevenharmonicenergyratio:
        dmean: 6.64579868317
        dmean2: 13.0716085434
        dvar: 3167.51147461
        dvar2: 9455.45019531
        max: 819.727966309
        mean: 3.85666799545
        min: 0
        var: 1608.63244629
    pitch_after_max_to_before_max_energy_ratio: 2.31200194359
    pitch_centroid: 202.339950562
    pitch_max_to_total: 0.160465121269
    pitch_min_to_total: 0.744186043739
    tristimulus:
        dmean: [0.233943626285, 0.255959570408, 0.110030062497]
        dmean2: [0.410263001919, 0.447042256594, 0.197215572]
        dvar: [0.0352700166404, 0.0451912097633, 0.0131359212101]
        dvar2: [0.100517608225, 0.134266003966, 0.0378245934844]
        max: [1, 0.956019759178, 0.719180166721]
        mean: [0.420438021421, 0.427869647741, 0.102257177234]
        min: [0.0161811225116, 0, 0]
        var: [0.0563520789146, 0.0625309050083, 0.0130271520466]

tonal:
    chords_changes_rate: 0.0185185186565
    chords_number_rate: 0.0138888889924
    chords_strength:
        dmean: 0.00771834887564
        dmean2: 0.00706450780854
        dvar: 4.62011121272e-05
        dvar2: 4.09035965276e-05
        max: 0.693614244461
        mean: 0.597438156605
        min: 0.390690237284
        var: 0.00588249089196
    key_strength: 0.845154583454
    tuning_diatonic_strength: 0.686681509018
    tuning_equal_tempered_deviation: 0.0781375020742
    tuning_frequency: 439.491973877
    tuning_nontempered_energy_ratio: 0.675381064415
    hpcp:
        dmean: [0.148597151041, 0.139033436775, 0.088509067893, 0.0808742940426, 0.11437214911, 0.133726522326, 0.173028737307, 0.154566988349, 0.138355970383, 0.103072948754, 0.0928695648909, 0.0623073726892, 0.0679144635797, 0.0826890915632, 0.133935689926, 0.194896623492, 0.164344027638, 0.102917216718, 0.0466020815074, 0.0624537654221, 0.14789326489, 0.169784575701, 0.148890033364, 0.117205701768, 0.0968141406775, 0.095177218318, 0.101607218385, 0.0971240475774, 0.137672901154, 0.219448313117, 0.218907445669, 0.179433241487, 0.100919343531, 0.0863420888782, 0.0781384408474, 0.100815758109]
        dmean2: [0.226649299264, 0.216906055808, 0.153809413314, 0.134175717831, 0.198866859078, 0.221318766475, 0.290397763252, 0.257463932037, 0.235227525234, 0.164114430547, 0.15985891223, 0.110253095627, 0.120458371937, 0.143954351544, 0.221622928977, 0.323464602232, 0.261007457972, 0.176566705108, 0.0812707170844, 0.112445570529, 0.245839729905, 0.289677888155, 0.24484808743, 0.21458183229, 0.174019426107, 0.167300343513, 0.170369014144, 0.163321480155, 0.239961832762, 0.376303672791, 0.363934069872, 0.29375731945, 0.173805728555, 0.148297458887, 0.130485087633, 0.156507566571]
        dvar: [0.0399836488068, 0.0293199159205, 0.0223571378738, 0.0260084755719, 0.0436620004475, 0.0327328853309, 0.0410231761634, 0.0310536846519, 0.0290325414389, 0.0261382330209, 0.0163446292281, 0.00910939835012, 0.0222485940903, 0.0278347339481, 0.0264895614237, 0.0462893098593, 0.0336906090379, 0.0328615941107, 0.0114782601595, 0.010416300036, 0.03507418558, 0.0456879064441, 0.0334977582097, 0.0411502718925, 0.0315482765436, 0.0294928178191, 0.0270508639514, 0.0180750433356, 0.0301917009056, 0.0450083315372, 0.0494264438748, 0.0266642123461, 0.026138285175, 0.0266743060201, 0.0235553700477, 0.0196883808821]
        dvar2: [0.0939134135842, 0.073021389544, 0.0607154332101, 0.0818203538656, 0.131261363626, 0.0898959711194, 0.101816371083, 0.0906886905432, 0.0789835453033, 0.0584633909166, 0.0461772829294, 0.0218373592943, 0.0548585020006, 0.0777852162719, 0.0727830901742, 0.105333641171, 0.0804763436317, 0.0847455710173, 0.0303214583546, 0.0296601559967, 0.100595720112, 0.105555303395, 0.0846117958426, 0.122613623738, 0.0885711312294, 0.0847683250904, 0.0784039795399, 0.0486435070634, 0.0810039937496, 0.12169457972, 0.107314929366, 0.070090264082, 0.0654153525829, 0.0747396871448, 0.0629028305411, 0.0465745106339]
        max: [1, 1, 0.868382513523, 1, 1, 1, 1, 1, 1, 1, 1, 0.723292708397, 1, 1, 1, 1, 1, 1, 0.980769872665, 0.584103226662, 1, 1, 1, 1, 1, 1, 1, 1, 1, 1, 1, 1, 1, 0.933317542076, 1, 1]
        mean: [0.282499104738, 0.204270869493, 0.090454004705, 0.0854055434465, 0.124869853258, 0.200141415, 0.265668183565, 0.222057595849, 0.224259585142, 0.278035014868, 0.166699409485, 0.0600322075188, 0.0562005452812, 0.0829385742545, 0.198427647352, 0.320757448673, 0.239582806826, 0.0936380699277, 0.0439292751253, 0.0554082728922, 0.208248779178, 0.33404314518, 0.225871786475, 0.111157603562, 0.0879713967443, 0.0937741473317, 0.115133807063, 0.118808604777, 0.155883714557, 0.347321480513, 0.501699209213, 0.322389096022, 0.127325877547, 0.0953945219517, 0.093365713954, 0.182516992092]
        min: [0.00395464338362, 0.00431896513328, 0.00238727219403, 0.00114796694834, 0.00133948191069, 0.0079157250002, 0.0017692069523, 0.00674542132765, 0.00315656512976, 0.00298986560665, 0.00246599852107, 0.00232333200984, 0.00142543960828, 0.000830782519188, 0.00456591369584, 0.00563452765346, 0.0048053143546, 0.00236396049149, 0.00053992040921, 0.00104014622048, 1.90879782167e-05, 0, 0.000309008057229, 0.00445354590192, 0.00211172667332, 0.00258426158689, 0.00305084348656, 0.00387557805516, 0.00377677823417, 0.00764461234212, 0.00629016663879, 0.00526055879891, 0.00158923061099, 0.00118041806854, 0.00086263398407, 0.00372567004524]
        var: [0.0931418836117, 0.0482175834477, 0.0186171066016, 0.0221478417516, 0.0460274554789, 0.0535382665694, 0.0753438919783, 0.0506059117615, 0.0665936097503, 0.117797702551, 0.0448086410761, 0.00960951298475, 0.0167301930487, 0.0295452345163, 0.0424653291702, 0.0865393280983, 0.0554079152644, 0.027533641085, 0.00854968931526, 0.00811427179724, 0.0600704178214, 0.121168889105, 0.0570197626948, 0.0310119390488, 0.0224213562906, 0.0246657803655, 0.0290672332048, 0.0215894300491, 0.0336756743491, 0.0744838267565, 0.122395291924, 0.0591478198767, 0.0376705117524, 0.0290418434888, 0.0265249144286, 0.0474923141301]
    chords_histogram: [30.5555553436, 0, 56.0185203552, 0, 0, 0, 0, 0, 0, 0, 0, 0, 0, 0, 0, 0, 0, 0, 0, 0, 0, 0, 0, 13.4259262085]
    thpcp: [1, 0.642594397068, 0.253789275885, 0.190142855048, 0.186098992825, 0.36379763484, 0.563084602356, 0.407158046961, 0.180295288563, 0.170232564211, 0.248893857002, 0.398927122355, 0.529536783695, 0.442611008883, 0.447000086308, 0.55418664217, 0.332269638777, 0.119657769799, 0.112020395696, 0.16531534493, 0.395511180162, 0.63934212923, 0.477542728186, 0.186641857028, 0.0875609815121, 0.110441222787, 0.41508692503, 0.66582351923, 0.450213551521, 0.221562251449, 0.175346896052, 0.186913087964, 0.229487717152, 0.23681242764, 0.310711503029, 0.692290246487]
    chords_key: "G"
    chords_scale: "major"
    key_key: "C"
    key_scale: "major"
    chords_progression: ["G", "G", "G", "G", "G", "G", "G", "G", "G", "G", "G", "G", "G", "G", "G", "G", "G", "G", "G", "G", "G", "G", "G", "G", "G", "G", "G", "G", "G", "G", "G", "G", "G", "G", "G", "G", "G", "G", "G", "G", "G", "G", "G", "G", "G", "G", "G", "G", "G", "G", "G", "G", "G", "G", "G", "G", "G", "G", "G", "G", "G", "G", "G", "G", "G", "G", "G", "G", "G", "G", "G", "G", "G", "G", "G", "G", "G", "G", "G", "G", "G", "G", "C", "C", "C", "C", "C", "C", "C", "C", "C", "C", "C", "C", "C", "C", "C", "C", "C", "C", "C", "C", "C", "C", "C", "C", "C", "C", "C", "C", "C", "C", "C", "C", "C", "C", "C", "C", "C", "C", "C", "C", "C", "C", "C", "C", "C", "C", "C", "C", "C", "C", "C", "C", "C", "C", "C", "C", "C", "C", "C", "Am", "Am", "Am", "Am", "Am", "Am", "Am", "Am", "Am", "Am", "Am", "Am", "Am", "Am", "Am", "Am", "Am", "Am", "Am", "Am", "Am", "Am", "Am", "Am", "Am", "Am", "Am", "Am", "Am", "C", "C", "C", "C", "C", "C", "C", "G", "G", "G", "G", "G", "G", "G", "G", "G", "G", "G", "G", "G", "G", "G", "G", "G", "G", "G", "G", "G", "G", "G", "G", "G", "G", "G", "G", "G", "G", "G", "G", "G", "G", "G", "G", "G", "G", "G"]
