
metadata:
    version:
        essentia: "1.2.2"
    audio_properties:
        analysis_sample_rate: 44100
        bitrate: 128
        channels: 2
        equal_loudness: 1
        length: 9.97877597809
        replay_gain: -6.99815940857
        downmix: "mix"
    tags:
        track: 3
        year: 0
        album: "Splitted by Mp3Splt v. 2.1"
        artist: "From 000.20 To 000.30"
        comment: "http://mp3splt.sf.net"
        genre: ""
        title: "05 Heart and Soul.mp3"

highlevel:
    ballroom:
        all:
            ChaChaCha: 0.0604542903602
            Jive: 0.10984647274
            Quickstep: 0.0148311518133
            Rumba-American: 0.018850794062
            Rumba-International: 0.612571418285
            Rumba-Misc: 0.0200119819492
            Samba: 0.0849670693278
            Tango: 0.0088336803019
            VienneseWaltz: 0.0538520291448
            Waltz: 0.0157810896635
        probability: 0.612571418285
        value: "Rumba-International"
    culture:
        all:
            non_western: 0.518854856491
            western: 0.481145143509
        probability: 0.518854856491
        value: "non_western"
    gender:
        all:
            female: 0.736195743084
            male: 0.263804256916
        probability: 0.736195743084
        value: "female"
    genre_dortmund:
        all:
            alternative: 0.00908925291151
            blues: 0.000562289380468
            electronic: 0.944303393364
            folkcountry: 0.00184632115997
            funksoulrnb: 0.000336345692631
            jazz: 0.0272575784475
            pop: 0.00229747314006
            raphiphop: 0.000587046437431
            rock: 0.0137202721089
        probability: 0.944303393364
        value: "electronic"
    genre_electronica:
        all:
            ambient: 0.413049519062
            dnb: 0.129695266485
            house: 0.0429828874767
            techno: 0.371106028557
            trance: 0.0431663095951
        probability: 0.413049519062
        value: "ambient"
    genre_rosamerica:
        all:
            cla: 0.0717067942023
            dan: 0.284202694893
            hip: 0.0511936321855
            jaz: 0.144897863269
            pop: 0.0625821650028
            rhy: 0.158163174987
            roc: 0.206150576472
            spe: 0.0211030971259
        probability: 0.284202694893
        value: "dan"
    genre_tzanetakis:
        all:
            blu: 0.0537906587124
            cla: 0.0905580371618
            cou: 0.0434770695865
            dis: 0.0393385104835
            hip: 0.127353742719
            jaz: 0.100135020912
            met: 0.063180565834
            pop: 0.067244656384
            reg: 0.339249640703
            roc: 0.0756721124053
        probability: 0.339249640703
        value: "reg"
    live_studio:
        all:
            live: 0.549492657185
            studio: 0.450507372618
        probability: 0.549492657185
        value: "live"
    mood:
        all:
            Cluster1: 0.173790946603
            Cluster2: 0.0465282090008
            Cluster3: 0.532490849495
            Cluster4: 0.0216576717794
            Cluster5: 0.225532338023
        probability: 0.532490849495
        value: "Cluster3"
    mood_acoustic:
        all:
            acoustic: 0.197386071086
            not_acoustic: 0.802613914013
        probability: 0.802613914013
        value: "not_acoustic"
    mood_aggressive:
        all:
            aggressive: 0.428235769272
            not_aggressive: 0.571764230728
        probability: 0.571764230728
        value: "not_aggressive"
    mood_electronic:
        all:
            electronic: 0.947478711605
            not_electronic: 0.0525212585926
        probability: 0.947478711605
        value: "electronic"
    mood_happy:
        all:
            happy: 0.077233530581
            not_happy: 0.922766447067
        probability: 0.922766447067
        value: "not_happy"
    mood_party:
        all:
            not_party: 0.922957897186
            party: 0.0770421102643
        probability: 0.922957897186
        value: "not_party"
    mood_relaxed:
        all:
            not_relaxed: 0.259623497725
            relaxed: 0.740376472473
        probability: 0.740376472473
        value: "relaxed"
    mood_sad:
        all:
            not_sad: 5.34491881865e-08
            sad: 0.999999940395
        probability: 0.999999940395
        value: "sad"
    rhythm:
        all:
            fast: 0.0982531607151
            medium: 0.340406388044
            slow: 0.561340451241
        probability: 0.561340451241
        value: "slow"
    speech_music:
        all:
            music: 4.64002773981e-08
            speech: 0.999999940395
        probability: 0.999999940395
        value: "speech"
    timbre:
        all:
            bright: 0.239302739501
            dark: 0.760697245598
        probability: 0.760697245598
        value: "dark"
    voice_instrumental:
        all:
            instrumental: 0.996781885624
            voice: 0.00321811600588
        probability: 0.996781885624
        value: "instrumental"

lowlevel:
    average_loudness: 0.959121644497
    barkbands_kurtosis:
        dmean: 6.09318399429
        dmean2: 9.16709041595
        dvar: 50.3307380676
        dvar2: 100.189353943
        max: 67.8886947632
        mean: 12.4276714325
        min: -1.55245554447
        var: 168.175933838
    barkbands_skewness:
        dmean: 0.767593801022
        dmean2: 1.12966525555
        dvar: 0.430699765682
        dvar2: 0.880468547344
        max: 7.28734064102
        mean: 3.10085368156
        min: 0.523124992847
        var: 1.90610206127
    barkbands_spread:
        dmean: 6.86473083496
        dmean2: 10.2943639755
        dvar: 50.9614219666
        dvar2: 113.687278748
        max: 55.1798820496
        mean: 19.2712535858
        min: 1.61358976364
        var: 160.492538452
    dissonance:
        dmean: 0.0125874644145
        dmean2: 0.0209141969681
        dvar: 0.000196367094759
        dvar2: 0.000387741165468
        max: 0.495986789465
        mean: 0.47218850255
        min: 0.313288241625
        var: 0.000296019337839
    hfc:
        dmean: 0.813172757626
        dmean2: 1.02657341957
        dvar: 1.46197390556
        dvar2: 2.39464855194
        max: 11.6971960068
        mean: 1.74378693104
        min: 0.158215254545
        var: 4.2344455719
    pitch:
        dmean: 1035.67407227
        dmean2: 2021.90356445
        dvar: 2364627.75
        dvar2: 5186712
        max: 4410
        mean: 2316.04272461
        min: 72.2950820923
        var: 3194560.25
    pitch_instantaneous_confidence:
        dmean: 0.0726865977049
        dmean2: 0.122878752649
        dvar: 0.00365266995504
        dvar2: 0.00995890051126
        max: 0.686637401581
        mean: 0.404171526432
        min: 0.102339327335
        var: 0.00843040365726
    pitch_salience:
        dmean: 0.0859889611602
        dmean2: 0.137665137649
        dvar: 0.00730640580878
        dvar2: 0.0157034210861
        max: 0.830497801304
        mean: 0.501346111298
        min: 0.145258098841
        var: 0.024959301576
    silence_rate_20dB:
        dmean: 0
        dmean2: 0
        dvar: 0
        dvar2: 0
        max: 1
        mean: 1
        min: 1
        var: 0
    silence_rate_30dB:
        dmean: 0
        dmean2: 0
        dvar: 0
        dvar2: 0
        max: 1
        mean: 1
        min: 1
        var: 0
    silence_rate_60dB:
        dmean: 0.139860138297
        dmean2: 0.280373841524
        dvar: 0.120299831033
        dvar2: 0.215783715248
        max: 1
        mean: 0.58372092247
        min: 0
        var: 0.242989555001
    spectral_centroid:
        dmean: 141.955123901
        dmean2: 207.145370483
        dvar: 25261.9511719
        dvar2: 55664.2265625
        max: 1376.99206543
        mean: 458.022888184
        min: 109.453857422
        var: 77899.34375
    spectral_complexity:
        dmean: 1.75409841537
        dmean2: 2.58685445786
        dvar: 6.68660926819
        dvar2: 12.4865989685
        max: 24
        mean: 4.5397195816
        min: 1
        var: 13.4493656158
    spectral_crest:
        dmean: 2.6003279686
        dmean2: 3.9892206192
        dvar: 5.80204582214
        dvar2: 12.5949325562
        max: 21.8937511444
        mean: 13.0965452194
        min: 5.1356253624
        var: 20.1595726013
    spectral_decrease:
        dmean: 4.65449900844e-10
        dmean2: 7.48732464917e-10
        dvar: 5.29252127896e-19
        dvar2: 1.38022188618e-18
        max: -6.70608013564e-11
        mean: -9.34410882003e-10
        min: -6.05672800802e-09
        var: 6.75201167645e-19
    spectral_energy:
        dmean: 0.00181004439946
        dmean2: 0.0028907279484
        dvar: 7.96457698016e-06
        dvar2: 2.05875330721e-05
        max: 0.0235901642591
        mean: 0.00368484971114
        min: 0.000277588289464
        var: 1.05199906102e-05
    spectral_energyband_high:
        dmean: 4.06735816796e-05
        dmean2: 5.51997727598e-05
        dvar: 4.08763378701e-09
        dvar2: 6.96441304626e-09
        max: 0.000740841962397
        mean: 8.71138763614e-05
        min: 2.07846326816e-07
        var: 1.23750147907e-08
    spectral_energyband_low:
        dmean: 0.000549574848264
        dmean2: 0.000762487004977
        dvar: 5.5925727338e-07
        dvar2: 1.11753047349e-06
        max: 0.00795985478908
        mean: 0.00162171176635
        min: 2.35411644098e-05
        var: 2.12159989132e-06
    spectral_energyband_middle_high:
        dmean: 0.000165727964486
        dmean2: 0.00020253713592
        dvar: 6.71722304446e-08
        dvar2: 1.05008645335e-07
        max: 0.00246198102832
        mean: 0.000293644407066
        min: 1.15737375381e-05
        var: 1.853506717e-07
    spectral_energyband_middle_low:
        dmean: 0.00136784405913
        dmean2: 0.00235646986403
        dvar: 6.65983907311e-06
        dvar2: 1.80414062925e-05
        max: 0.0178671013564
        mean: 0.0016823412152
        min: 0.000102863603388
        var: 6.1881705733e-06
    spectral_flatness_db:
        dmean: 0.0273271910846
        dmean2: 0.0407742969692
        dvar: 0.000697824289091
        dvar2: 0.00140600104351
        max: 0.407160907984
        mean: 0.257511913776
        min: 0.100398428738
        var: 0.00277552148327
    spectral_flux:
        dmean: 0.0121602546424
        dmean2: 0.0193965826184
        dvar: 0.000225889234571
        dvar2: 0.000460660550743
        max: 0.107568897307
        mean: 0.0272300578654
        min: 0.00428454624489
        var: 0.000437929033069
    spectral_kurtosis:
        dmean: 2.38480639458
        dmean2: 3.96336555481
        dvar: 17.7190170288
        dvar2: 43.8981704712
        max: 53.2330703735
        mean: 4.28003072739
        min: -0.696043252945
        var: 25.2185020447
    spectral_rms:
        dmean: 0.000397132127546
        dmean2: 0.000603567284998
        dvar: 2.51314560273e-07
        dvar2: 6.12742837802e-07
        max: 0.00479737389833
        mean: 0.00175857252907
        min: 0.000520401634276
        var: 5.02399984725e-07
    spectral_rolloff:
        dmean: 520.175354004
        dmean2: 917.030578613
        dvar: 805876.8125
        dvar2: 1781983.125
        max: 3768.31054688
        mean: 763.573730469
        min: 107.666015625
        var: 1154552.875
    spectral_skewness:
        dmean: 0.305611521006
        dmean2: 0.474377274513
        dvar: 0.160710886121
        dvar2: 0.362987995148
        max: 5.2706952095
        mean: 1.40526747704
        min: 0.266629189253
        var: 0.4095236063
    spectral_spread:
        dmean: 488174.46875
        dmean2: 677209.25
        dvar: 1.04057929728e+12
        dvar2: 822106193920
        max: 27961036
        mean: 4102705.25
        min: 1209476.375
        var: 2.43508366541e+12
    spectral_strongpeak:
        dmean: 0.0744496509433
        dmean2: 0.1271045506
        dvar: 0.013155085966
        dvar2: 0.0365895479918
        max: 0.886986613274
        mean: 0.168632537127
        min: 0.0161476191133
        var: 0.0116912806407
    zerocrossingrate:
        dmean: 0.00860152579844
        dmean2: 0.0103994738311
        dvar: 6.22920051683e-05
        dvar2: 7.44510107324e-05
        max: 0.09033203125
        mean: 0.0363997705281
        min: 0.0048828125
        var: 0.000377905875212
    barkbands:
        dmean: [3.56144596481e-07, 0.000414286158048, 0.000182057556231, 0.000670929439366, 0.000725370657165, 0.000100593955722, 3.3131276723e-05, 1.84657783393e-05, 1.4054759049e-05, 4.83751637148e-06, 6.83546704749e-06, 6.43949124424e-06, 6.43344264972e-06, 7.20992784409e-06, 7.1203016887e-06, 1.57157355716e-05, 2.24636132771e-05, 4.11815963162e-05, 5.70324882574e-05, 3.88218904845e-05, 2.18599507207e-05, 4.33758896179e-06, 4.46603053206e-07, 8.81539534703e-08, 5.42709770457e-08, 5.03455277467e-09, 4.53913306941e-09]
        dmean2: [5.09501717261e-07, 0.000561059860047, 0.000284914014628, 0.00115653511602, 0.00128158123698, 0.000174467611942, 5.41357258044e-05, 3.03678334603e-05, 2.21532918658e-05, 7.78679532232e-06, 1.16096307465e-05, 9.91607703327e-06, 1.01741143226e-05, 1.04144619399e-05, 1.0438836398e-05, 2.21845766646e-05, 3.23402564391e-05, 5.96025383857e-05, 7.68492172938e-05, 5.40387518413e-05, 3.31573173753e-05, 6.06926232649e-06, 6.37387415736e-07, 1.19055918901e-07, 7.56400453383e-08, 5.39928857179e-09, 4.58802285053e-09]
        dvar: [2.99396271664e-12, 3.07018893864e-07, 1.04572549731e-07, 1.24368148136e-06, 2.25505914386e-06, 3.58544411938e-08, 2.76204548122e-09, 1.22123222646e-09, 7.84633191753e-10, 8.68334293358e-11, 1.96301863653e-10, 1.54610393932e-10, 1.52148627031e-10, 2.4291207934e-10, 1.81721582226e-10, 7.35698890697e-10, 1.75150893789e-09, 5.0680286634e-09, 9.11546926829e-09, 4.54171056319e-09, 1.28856214587e-09, 4.04319078218e-11, 5.57377928534e-13, 2.62833747551e-14, 1.31658710152e-14, 7.07238756694e-15, 8.04362815503e-15]
        dvar2: [2.72617475469e-12, 5.01458941926e-07, 2.68826056526e-07, 3.43174178852e-06, 6.29251917417e-06, 1.0129978989e-07, 6.69807409537e-09, 3.22805182584e-09, 1.89913351711e-09, 2.12300815816e-10, 4.72622108116e-10, 3.54659607238e-10, 3.86810639075e-10, 5.29790877835e-10, 3.8326994356e-10, 1.51865642284e-09, 3.75730513369e-09, 1.05574349263e-08, 1.79666415079e-08, 7.63865148912e-09, 3.0570488363e-09, 7.99061997125e-11, 9.28079878573e-13, 3.97124383887e-14, 1.82254198848e-14, 6.86339150457e-15, 7.80527054258e-15]
        max: [3.92126348743e-05, 0.00599369267002, 0.00325881852768, 0.00697346590459, 0.0103972805664, 0.00175553746521, 0.000437222188339, 0.000237022177316, 0.000245522824116, 8.22063666419e-05, 0.000123257690575, 0.000120859127492, 0.000135327107273, 0.000150959560415, 0.000120720476843, 0.000329600792611, 0.000441260985099, 0.000727617822122, 0.000994943431579, 0.000762436247896, 0.00040335857193, 6.54617397231e-05, 1.04708806248e-05, 1.83805218512e-06, 1.81206405614e-06, 1.76829439624e-06, 1.88514377442e-06]
        mean: [4.79473783344e-07, 0.00121642276645, 0.00040485066711, 0.000654407427646, 0.000825642957352, 0.00012294620683, 4.52469030279e-05, 1.86278248293e-05, 1.42479948408e-05, 5.41851477465e-06, 7.09824462319e-06, 7.46669957152e-06, 7.75467651692e-06, 8.6203117462e-06, 9.44012481341e-06, 2.31094236369e-05, 3.28401838487e-05, 6.11758005107e-05, 9.88319006865e-05, 7.06434730091e-05, 4.04778911616e-05, 8.11232621345e-06, 7.14829127446e-07, 1.54046418288e-07, 1.10348317151e-07, 5.75861625052e-09, 4.56247528646e-09]
        min: [1.36611721935e-09, 6.8822519097e-06, 1.2750399037e-05, 3.36461368988e-07, 2.9159407859e-05, 2.331360065e-06, 1.15827560876e-06, 2.61595488382e-07, 9.00171599483e-08, 2.34030910207e-08, 5.0555641451e-08, 5.94024847089e-08, 9.00976644402e-08, 6.11101071968e-08, 1.20743663956e-07, 4.42631687747e-07, 4.54699375041e-07, 6.96001563938e-07, 5.31763703293e-07, 1.56623812586e-07, 9.44646387779e-08, 1.11880593678e-08, 8.02177879677e-10, 1.04022880587e-10, 1.61086574635e-10, 3.26017685071e-12, 2.71532886033e-15]
        var: [3.85846085985e-12, 1.3919813e-06, 1.41540041909e-07, 1.07803612082e-06, 1.86605052477e-06, 3.868057874e-08, 3.76913922295e-09, 1.18326903831e-09, 8.08048850054e-10, 1.02825310766e-10, 2.04962935513e-10, 2.03164166046e-10, 1.69700337116e-10, 3.38297556635e-10, 3.068409693e-10, 1.4898782208e-09, 3.11803649566e-09, 9.44995282026e-09, 2.01442027503e-08, 1.09052953334e-08, 2.87420709455e-09, 1.10052619795e-10, 1.619464003e-12, 6.45973549716e-14, 2.83411870903e-14, 7.28178131129e-15, 8.28448705578e-15]
    mfcc:
        mean: [-824.134338379, 151.629974365, -24.0131816864, 115.910964966, -3.00939655304, 12.7117271423, 10.324505806, -6.78365039825, 2.57499909401, -10.3198261261, 6.66250276566, -4.3334031105, 2.33282995224]
        cov: [[4004.71435547, -739.956115723, -556.37713623, -291.827728271, -224.232467651, -150.452178955, -101.599815369, -16.5331954956, 71.8684158325, -50.798160553, -140.018951416, -100.181632996, -33.4192581177], [-739.956115723, 1322.24328613, -458.829345703, 4.64626264572, -20.6047344208, 67.5857162476, -41.506603241, 104.205055237, 77.5139541626, -39.4787712097, 65.091255188, -62.529045105, 39.1151199341], [-556.37713623, -458.829345703, 512.529846191, -41.6547317505, 166.790054321, -67.7070083618, 122.759231567, -67.2987670898, -41.3682518005, 67.9405059814, -6.14681243896, 105.28465271, -41.5404701233], [-291.827728271, 4.64626264572, -41.6547317505, 265.752105713, -132.638137817, 147.157928467, -89.4634780884, 56.6140480042, -28.8792533875, -6.48463630676, 48.7225418091, -47.3341140747, 60.1081542969], [-224.232467651, -20.6047344208, 166.790054321, -132.638137817, 217.600158691, -122.523223877, 129.852111816, -72.7188720703, 34.6670265198, 19.8901729584, 0.81184720993, 56.8088912964, -28.0307407379], [-150.452178955, 67.5857162476, -67.7070083618, 147.157928467, -122.523223877, 188.979202271, -95.3461456299, 101.046066284, -55.6528320312, 41.3858604431, 20.2788352966, 6.44568490982, 36.81640625], [-101.599815369, -41.506603241, 122.759231567, -89.4634780884, 129.852111816, -95.3461456299, 165.853088379, -83.6149673462, 77.8449401855, -30.1791400909, 41.1404342651, 12.777100563, 6.44640731812], [-16.5331954956, 104.205055237, -67.2987670898, 56.6140480042, -72.7188720703, 101.046066284, -83.6149673462, 138.913131714, -55.5739364624, 77.6681060791, -35.8386802673, 36.7308273315, -2.45087790489], [71.8684158325, 77.5139541626, -41.3682518005, -28.8792533875, 34.6670265198, -55.6528320312, 77.8449401855, -55.5739364624, 139.187759399, -63.875202179, 70.9448471069, -57.9510154724, 53.0775184631], [-50.798160553, -39.4787712097, 67.9405059814, -6.48463630676, 19.8901729584, 41.3858604431, -30.1791400909, 77.6681060791, -63.875202179, 133.055267334, -51.8278083801, 97.368019104, -42.8933525085], [-140.018951416, 65.091255188, -6.14681243896, 48.7225418091, 0.81184720993, 20.2788352966, 41.1404342651, -35.8386802673, 70.9448471069, -51.8278083801, 124.167427063, -56.0322799683, 83.5902709961], [-100.181632996, -62.529045105, 105.28465271, -47.3341140747, 56.8088912964, 6.44568490982, 12.777100563, 36.7308273315, -57.9510154724, 97.368019104, -56.0322799683, 139.322052002, -63.5456771851], [-33.4192581177, 39.1151199341, -41.5404701233, 60.1081542969, -28.0307407379, 36.81640625, 6.44640731812, -2.45087790489, 53.0775184631, -42.8933525085, 83.5902709961, -63.5456771851, 113.418457031]]
        icov: [[0.000964757695328, 0.00134308543056, 0.00228361017071, 0.00139024679083, 0.000771227001678, 0.000631537870504, -0.000441957556177, -0.000419458170654, -0.000359686615411, -0.000975008239038, -0.000241880479734, 0.000321791012539, 8.04887313279e-05], [0.00134308543056, 0.00343972817063, 0.00485883001238, 0.00185554346535, -0.000921813945752, 0.000444778299425, -0.00068206974538, -0.00267166714184, -0.000580571533646, -0.00039763271343, -0.00199888390489, 0.000502818089444, 0.00149074220099], [0.00228361017071, 0.00485883001238, 0.0112145617604, 0.00164681894239, -0.00140891154297, 0.00182801485062, -0.0040349313058, -0.00087609316688, 0.00198829150759, -0.00374109717086, -0.00279891584069, -0.000174696731847, 0.00112030026503], [0.00139024679083, 0.00185554346535, 0.00164681894239, 0.0107877962291, 0.00314094801433, -0.00436424929649, 0.00127276347484, -1.16694936878e-05, -0.000510842655785, -0.00114430335816, -0.00194351072423, 0.00263376045041, -0.000509652600158], [0.000771227001678, -0.000921813945752, -0.00140891154297, 0.00314094801433, 0.0178683176637, 0.00646412977949, -0.00667321262881, 0.00408614613116, 0.00111185200512, -0.00661872141063, -4.36740228906e-05, -0.00207781791687, -0.00300553208217], [0.000631537870504, 0.000444778299425, 0.00182801485062, -0.00436424929649, 0.00646412977949, 0.0208082478493, -0.000455076340586, -0.0070868418552, 0.00495208613575, -0.00221114419401, -0.00689851632342, -0.00432862620801, -0.00276373769157], [-0.000441957556177, -0.00068206974538, -0.0040349313058, 0.00127276347484, -0.00667321262881, -0.000455076340586, 0.020961984992, 0.00179649190977, -0.00822541676462, 0.00519994087517, -0.00273816450499, -0.0047339880839, 0.000480103888549], [-0.000419458170654, -0.00267166714184, -0.00087609316688, -1.16694936878e-05, 0.00408614613116, -0.0070868418552, 0.00179649190977, 0.0260181352496, -0.000718082883395, -0.0127353118733, 0.00826654862612, -0.000216285945498, -0.00644043693319], [-0.000359686615411, -0.000580571533646, 0.00198829150759, -0.000510842655785, 0.00111185200512, 0.00495208613575, -0.00822541676462, -0.000718082883395, 0.0193387884647, -0.000488493184093, -0.00612810859457, 0.00259449379519, -0.00305230193771], [-0.000975008239038, -0.00039763271343, -0.00374109717086, -0.00114430335816, -0.00661872141063, -0.00221114419401, 0.00519994087517, -0.0127353118733, -0.000488493184093, 0.0280994419008, -0.000350582617102, -0.0117781655863, 0.00211209547706], [-0.000241880479734, -0.00199888390489, -0.00279891584069, -0.00194351072423, -4.36740228906e-05, -0.00689851632342, -0.00273816450499, 0.00826654862612, -0.00612810859457, -0.000350582617102, 0.0264669843018, 0.00125803390983, -0.0128805395216], [0.000321791012539, 0.000502818089444, -0.000174696731847, 0.00263376045041, -0.00207781791687, -0.00432862620801, -0.0047339880839, -0.000216285945498, 0.00259449379519, -0.0117781655863, 0.00125803390983, 0.0226124674082, 0.00569112366065], [8.04887313279e-05, 0.00149074220099, 0.00112030026503, -0.000509652600158, -0.00300553208217, -0.00276373769157, 0.000480103888549, -0.00644043693319, -0.00305230193771, 0.00211209547706, -0.0128805395216, 0.00569112366065, 0.0239036306739]]
    spectral_contrast:
        mean: [6.28686223081e-08, 4.67053915543e-08, 1.59948129408e-07, -8.03731381893e-07, 4.46260173703e-07, -1.14091363912e-07, 1.66255881595e-06, -2.77588083009e-06, 2.01653094223e-07, -8.50619528592e-07, 7.4305266935e-06, -4.07205561714e-06]
        var: [0.000220707850531, 0.000406666833442, 0.000623707834166, 0.00120408879593, 0.00132023007609, 0.00214951182716, 0.042209982872, 0.0844954699278, 0.104265905917, 0.139305993915, 0.988336205482, 2.26353859901]

rhythm:
    beats_loudness:
        dmean: 0.0021064649336
        dmean2: 0.00345505774021
        dvar: 1.37590370741e-06
        dvar2: 5.12156339028e-06
        max: 0.00902961473912
        mean: 0.00507901515812
        min: 0.00142825092189
        var: 4.84280008095e-06
    beats_loudness_bass:
        dmean: 0.304543823004
        dmean2: 0.608480989933
        dvar: 0.0367108248174
        dvar2: 0.110437497497
        max: 0.883073627949
        mean: 0.359694540501
        min: 0.0923416391015
        var: 0.0543429926038
    bpm: 75.1171569824
    bpm_confidence: 0
    first_peak_bpm: 150
    first_peak_spread: 0
    first_peak_weight: 0.533333361149
    onset_rate: 4.91042232513
    second_peak_bpm: 75
    second_peak_spread: 0.142857134342
    second_peak_weight: 0.40000000596
    beats_position: [0.712778687477, 1.51153218746, 2.31028580666, 3.10903906822, 3.90779256821, 4.70654630661, 5.50529956818, 6.32785081863, 6.72847652435, 7.12910270691, 7.52972841263, 7.93035411835, 8.3309803009, 8.73160648346, 9.13223171234, 9.5328578949]
    bpm_estimates: [75.1967315674, 75.0715103149, 75.0098419189, 75.1131973267, 75.0211639404, 75.3194046021, 75.135635376, 75.0697937012]
    bpm_intervals: [0.798753499985, 0.798753619194, 0.798753261566, 0.798753499985, 0.798753738403, 0.798753261566, 0.822551250458, 0.400625705719, 0.400626182556, 0.400625705719, 0.400625705719, 0.400626182556, 0.400626182556, 0.400625228882, 0.400626182556]
    onset_times: [0.0580498874187, 0.31346938014, 0.476009070873, 0.696598649025, 0.812698423862, 1.09133791924, 1.30031740665, 1.48607707024, 1.70666670799, 1.91564631462, 2.08979582787, 2.31038546562, 2.72834467888, 2.91410422325, 3.11147403717, 3.32045340538, 3.5178232193, 3.69197273254, 3.9125623703, 4.01705217361, 4.31891155243, 4.49306106567, 4.69043064117, 4.91102027893, 5.14321994781, 5.30575942993, 5.51473903656, 5.86303853989, 5.93269824982, 6.1068482399, 6.31582784653, 6.52480745316, 6.73378705978, 6.91954660416, 7.14013624191, 7.22140598297, 7.55809545517, 7.72063493729, 7.92961454391, 8.15020370483, 8.35918331146, 8.53333377838, 8.75392246246, 8.85841274261, 9.16027164459, 9.34603214264, 9.54340171814, 9.7639913559, 9.97297096252]
    rubato_start: [6.72847652435]
    rubato_stop: [7.12910270691]
    perceptual_tempo: "unknown"

sfx:
    inharmonicity:
        dmean: 0.0396417230368
        dmean2: 0.0690953508019
        dvar: 0.0019432217814
        dvar2: 0.00521739199758
        max: 0.283919006586
        mean: 0.0399540290236
        min: 4.10961874877e-05
        var: 0.00232762889937
    oddtoevenharmonicenergyratio:
        dmean: 1.95666837692
        dmean2: 3.53431630135
        dvar: 58.8238601685
        dvar2: 163.119384766
        max: 79.4034576416
        mean: 1.25406384468
        min: 9.722627874e-05
        var: 31.3431377411
    pitch_after_max_to_before_max_energy_ratio: 5.42645931244
    pitch_centroid: 213.849014282
    pitch_max_to_total: 0.163551405072
    pitch_min_to_total: 0.52336448431
    tristimulus:
        dmean: [0.250528544188, 0.300766319036, 0.159947752953]
        dmean2: [0.440397918224, 0.528743565083, 0.294887751341]
        dvar: [0.0619819909334, 0.0611548647285, 0.0328172817826]
        dvar2: [0.148994863033, 0.173214301467, 0.0896944031119]
        max: [0.976826667786, 0.973184049129, 0.707716286182]
        mean: [0.440042406321, 0.345966875553, 0.133757263422]
        min: [0.0122251780704, 0, 0]
        var: [0.101503990591, 0.0857483148575, 0.0320310220122]

tonal:
    chords_changes_rate: 0.0279069766402
    chords_number_rate: 0.00930232554674
    chords_strength:
        dmean: 0.00943923741579
        dmean2: 0.0101947328076
        dvar: 4.67264326289e-05
        dvar2: 6.90934757586e-05
        max: 0.729145109653
        mean: 0.610211610794
        min: 0.488284289837
        var: 0.00256323558278
    key_strength: 0.53993076086
    tuning_diatonic_strength: 0.49158295989
    tuning_equal_tempered_deviation: 0.14649283886
    tuning_frequency: 432.690917969
    tuning_nontempered_energy_ratio: 0.814109027386
    hpcp:
        dmean: [0.186301350594, 0.128053843975, 0.0310857631266, 0.0127106020227, 0.0104175759479, 0.0116343386471, 0.0120198428631, 0.0125834159553, 0.0173224564642, 0.0266474317759, 0.0313398055732, 0.0275948606431, 0.0336456075311, 0.0801355838776, 0.165658786893, 0.189204886556, 0.215570241213, 0.189557030797, 0.149864122272, 0.0942990034819, 0.0886324569583, 0.101410724223, 0.139836207032, 0.215375736356, 0.156352385879, 0.212994039059, 0.130997031927, 0.202587708831, 0.191645666957, 0.106116242707, 0.0481386594474, 0.0455564260483, 0.0170648396015, 0.0128101510927, 0.0440977849066, 0.152259245515]
        dmean2: [0.285599410534, 0.207560747862, 0.0560198538005, 0.0214361809194, 0.0163165740669, 0.0186190810055, 0.0203119833022, 0.0215930938721, 0.0305978767574, 0.0491391047835, 0.0587623789907, 0.0497427918017, 0.0604464970529, 0.147195607424, 0.29985383153, 0.302961289883, 0.360621362925, 0.331947654486, 0.274391114712, 0.17799924314, 0.168206617236, 0.192360267043, 0.253872781992, 0.383422970772, 0.254978567362, 0.377951800823, 0.235239550471, 0.340771764517, 0.334560096264, 0.200642719865, 0.0904519408941, 0.0833225846291, 0.0292012766004, 0.0213094297796, 0.0795042291284, 0.271213948727]
        dvar: [0.0621577054262, 0.0283101201057, 0.00541470944881, 0.000622123363428, 0.000190458027646, 0.000233379745623, 0.000253247737419, 0.000242247857386, 0.000613421492744, 0.00634158449247, 0.010219600983, 0.00342479068786, 0.004914812278, 0.0156351514161, 0.0641581788659, 0.0678178071976, 0.0832758024335, 0.075908601284, 0.0619397684932, 0.0397356562316, 0.0448818579316, 0.0515434369445, 0.0511569827795, 0.0818995907903, 0.0678615421057, 0.0727897360921, 0.043359156698, 0.0905792489648, 0.0876244977117, 0.0300570782274, 0.0206978637725, 0.0133119439706, 0.000763220363297, 0.000267292023636, 0.00629202835262, 0.0371320955455]
        dvar2: [0.122502021492, 0.0633765459061, 0.0118997190148, 0.00158502836712, 0.000424841447966, 0.000615781871602, 0.000631447706837, 0.000585916917771, 0.00171430711634, 0.0185983665287, 0.0295949243009, 0.00963336694986, 0.0138605972752, 0.0424272678792, 0.166312426329, 0.159799382091, 0.212295949459, 0.177583470941, 0.164023920894, 0.114134646952, 0.131260752678, 0.142942130566, 0.130950778723, 0.216884732246, 0.109656669199, 0.206223770976, 0.11986336112, 0.210229575634, 0.21125882864, 0.0869529768825, 0.0484003536403, 0.0413066595793, 0.0022840409074, 0.000658147677314, 0.0180219393224, 0.0946612656116]
        max: [1, 1, 0.667453408241, 0.206483989954, 0.0946126952767, 0.116342321038, 0.108847536147, 0.109944760799, 0.164669856429, 0.796808838844, 1, 0.400297701359, 0.574736475945, 0.819972515106, 1, 1, 1, 1, 1, 1, 1, 1, 1, 1, 1, 1, 1, 1, 1, 0.85171431303, 1, 0.915204703808, 0.19621579349, 0.0949775055051, 0.463556230068, 1]
        mean: [0.333049923182, 0.174791112542, 0.025773467496, 0.0127251595259, 0.0120661780238, 0.0129784438759, 0.013871668838, 0.0152291134, 0.0204191002995, 0.0260418076068, 0.02534555085, 0.0220075920224, 0.0283874496818, 0.0620161108673, 0.15836276114, 0.222134485841, 0.211567699909, 0.171869039536, 0.102381363511, 0.0581671856344, 0.0538278669119, 0.0612607039511, 0.0932034179568, 0.265129983425, 0.394054681063, 0.226656600833, 0.0990723073483, 0.194209933281, 0.18754850328, 0.093249052763, 0.0726746171713, 0.0465463586152, 0.0171165857464, 0.014964315109, 0.0360476002097, 0.204793795943]
        min: [0.00344601157121, 0.00197817618027, 8.51322256494e-05, 7.42194752092e-05, 7.23500270396e-05, 0.000159666407853, 0.000280531327007, 0.000276749866316, 0.00106002646498, 0.000960490084253, 0.000684185011778, 8.57096747495e-05, 0.000182711650268, 0.000466279510874, 0.000483308336698, 0.000391103880247, 0.00108719198033, 0.00130962347612, 0.000496688880958, 0.000207617355045, 0.000253540958511, 0.00020039161609, 0.00022722419817, 0.00031681812834, 0.000295239471598, 0.000900543760508, 0.000690794899128, 0.000702164485119, 0.00071630202001, 0.000563601322938, 0.000966845080256, 0.00109807238914, 0.000547098810785, 0.000373640563339, 0.00082457694225, 0.00312877004035]
        var: [0.1438909024, 0.0448706559837, 0.00410258118063, 0.000498330919072, 0.000263813184574, 0.000278878083918, 0.000284570007352, 0.000298359344015, 0.000493447878398, 0.00349013926461, 0.00569241587073, 0.00217415951192, 0.00328775774688, 0.0121072717011, 0.0634382516146, 0.100006066263, 0.101605452597, 0.084053196013, 0.0465296730399, 0.0245895627886, 0.0259857140481, 0.0308057162911, 0.0394089482725, 0.107473343611, 0.196095645428, 0.0848696306348, 0.0314768776298, 0.106202095747, 0.102577447891, 0.0301613826305, 0.0455882139504, 0.0159691758454, 0.000647849345114, 0.000336383382091, 0.00441603735089, 0.0566121451557]
    chords_histogram: [75.8139572144, 0, 0, 0, 0, 0, 0, 24.1860466003, 0, 0, 0, 0, 0, 0, 0, 0, 0, 0, 0, 0, 0, 0, 0, 0]
    thpcp: [1, 0.575190722942, 0.251417666674, 0.492850214243, 0.47594538331, 0.236639887094, 0.184427753091, 0.118121571839, 0.0434370823205, 0.0379752255976, 0.0914786756039, 0.519709050655, 0.845187067986, 0.443570703268, 0.0654058158398, 0.0322928763926, 0.0306205675006, 0.032935641706, 0.0352023951709, 0.0386472083628, 0.0518179349601, 0.0660867840052, 0.0643198862672, 0.055849082768, 0.0720393657684, 0.157379448414, 0.401880174875, 0.56371486187, 0.536899328232, 0.436155319214, 0.259815126657, 0.147611960769, 0.136599987745, 0.155462443829, 0.23652407527, 0.672825336456]
    chords_key: "D"
    chords_scale: "minor"
    key_key: "D"
    key_scale: "minor"
    chords_progression: ["Dm", "Dm", "Dm", "Dm", "Dm", "Dm", "Dm", "Dm", "Dm", "Dm", "Dm", "Dm", "Dm", "Dm", "Dm", "Dm", "Dm", "Dm", "Dm", "Dm", "Dm", "Dm", "Dm", "Dm", "Dm", "Dm", "Dm", "Dm", "Dm", "Dm", "Dm", "Dm", "Dm", "Dm", "Dm", "Dm", "Dm", "Dm", "Dm", "Dm", "Dm", "Dm", "Dm", "Dm", "Dm", "Dm", "Dm", "Dm", "Dm", "Dm", "Dm", "Dm", "Dm", "Dm", "Dm", "Dm", "Dm", "Dm", "Dm", "Dm", "Dm", "Dm", "Dm", "Dm", "Dm", "Dm", "Dm", "Dm", "Dm", "Dm", "Dm", "Dm", "Dm", "Dm", "Dm", "Dm", "Dm", "Dm", "Dm", "Dm", "Dm", "Dm", "Dm", "Dm", "Dm", "Dm", "Dm", "Dm", "Dm", "Dm", "Dm", "Dm", "Dm", "Dm", "Dm", "Dm", "Dm", "Dm", "Dm", "D", "D", "D", "D", "D", "D", "D", "D", "D", "D", "D", "D", "D", "D", "D", "D", "D", "D", "D", "D", "D", "D", "D", "D", "D", "D", "D", "D", "D", "D", "D", "D", "D", "D", "D", "D", "D", "D", "D", "D", "D", "Dm", "D", "Dm", "Dm", "Dm", "Dm", "Dm", "Dm", "Dm", "Dm", "Dm", "Dm", "Dm", "Dm", "Dm", "Dm", "Dm", "Dm", "Dm", "Dm", "Dm", "Dm", "Dm", "Dm", "Dm", "Dm", "Dm", "Dm", "Dm", "Dm", "Dm", "Dm", "Dm", "Dm", "Dm", "Dm", "Dm", "Dm", "Dm", "Dm", "Dm", "D", "D", "D", "D", "D", "D", "D", "D", "D", "D", "Dm", "Dm", "Dm", "Dm", "Dm", "Dm", "Dm", "Dm", "Dm", "Dm", "Dm", "Dm", "Dm", "Dm", "Dm", "Dm", "Dm", "Dm", "Dm", "Dm", "Dm", "Dm", "Dm", "Dm"]
