
metadata:
    version:
        essentia: "1.2.2"
    audio_properties:
        analysis_sample_rate: 44100
        bitrate: 128
        channels: 2
        equal_loudness: 1
        length: 10.0048980713
        replay_gain: -9.90555381775
        downmix: "mix"
    tags:
        track: 8
        year: 0
        album: "Splitted by Mp3Splt v. 2.1"
        artist: "From 001.10 To 001.20"
        comment: "http://mp3splt.sf.net"
        genre: ""
        title: "03 To the Peace Line.mp3"

highlevel:
    ballroom:
        all:
            ChaChaCha: 0.152908831835
            Jive: 0.022258900106
            Quickstep: 0.0569405443966
            Rumba-American: 0.0164094809443
            Rumba-International: 0.166771695018
            Rumba-Misc: 0.149313241243
            Samba: 0.0241937991232
            Tango: 0.124394223094
            VienneseWaltz: 0.0481557659805
            Waltz: 0.23865352571
        probability: 0.23865352571
        value: "Waltz"
    culture:
        all:
            non_western: 0.965439021587
            western: 0.0345609486103
        probability: 0.965439021587
        value: "non_western"
    gender:
        all:
            female: 0.653280377388
            male: 0.346719622612
        probability: 0.653280377388
        value: "female"
    genre_dortmund:
        all:
            alternative: 0.275812506676
            blues: 0.0073867244646
            electronic: 0.0913915857673
            folkcountry: 0.261534839869
            funksoulrnb: 0.00639075646177
            jazz: 0.0788241997361
            pop: 0.124782316387
            raphiphop: 0.00422212295234
            rock: 0.149654954672
        probability: 0.275812506676
        value: "alternative"
    genre_electronica:
        all:
            ambient: 0.828587532043
            dnb: 0.0386382006109
            house: 0.0969488397241
            techno: 0.0144314281642
            trance: 0.0213940199465
        probability: 0.828587532043
        value: "ambient"
    genre_rosamerica:
        all:
            cla: 0.268500387669
            dan: 0.0451335757971
            hip: 0.0120647074655
            jaz: 0.078172326088
            pop: 0.249256759882
            rhy: 0.138410001993
            roc: 0.199885129929
            spe: 0.00857712607831
        probability: 0.268500387669
        value: "cla"
    genre_tzanetakis:
        all:
            blu: 0.0287162456661
            cla: 0.114575184882
            cou: 0.152408972383
            dis: 0.0414498746395
            hip: 0.0140341445804
            jaz: 0.0451471880078
            met: 0.0222916211933
            pop: 0.0634175911546
            reg: 0.060191757977
            roc: 0.457767426968
        probability: 0.457767426968
        value: "roc"
    live_studio:
        all:
            live: 0.564858317375
            studio: 0.435141682625
        probability: 0.564858317375
        value: "live"
    mood:
        all:
            Cluster1: 0.0424462258816
            Cluster2: 0.049618575722
            Cluster3: 0.799681305885
            Cluster4: 0.0173005145043
            Cluster5: 0.0909534096718
        probability: 0.799681305885
        value: "Cluster3"
    mood_acoustic:
        all:
            acoustic: 0.414363056421
            not_acoustic: 0.585636913776
        probability: 0.585636913776
        value: "not_acoustic"
    mood_aggressive:
        all:
            aggressive: 0.0231226403266
            not_aggressive: 0.976877331734
        probability: 0.976877331734
        value: "not_aggressive"
    mood_electronic:
        all:
            electronic: 0.35810855031
            not_electronic: 0.641891419888
        probability: 0.641891419888
        value: "not_electronic"
    mood_happy:
        all:
            happy: 0.0866663455963
            not_happy: 0.913333654404
        probability: 0.913333654404
        value: "not_happy"
    mood_party:
        all:
            not_party: 0.980424165726
            party: 0.0195758584887
        probability: 0.980424165726
        value: "not_party"
    mood_relaxed:
        all:
            not_relaxed: 0.0235713124275
            relaxed: 0.976428687572
        probability: 0.976428687572
        value: "relaxed"
    mood_sad:
        all:
            not_sad: 0.0860045179725
            sad: 0.913995504379
        probability: 0.913995504379
        value: "sad"
    rhythm:
        all:
            fast: 0.401382684708
            medium: 0.205827355385
            slow: 0.392789959908
        probability: 0.401382684708
        value: "fast"
    speech_music:
        all:
            music: 0.985893130302
            speech: 0.0141068901867
        probability: 0.985893130302
        value: "music"
    timbre:
        all:
            bright: 0.0831800624728
            dark: 0.916819930077
        probability: 0.916819930077
        value: "dark"
    voice_instrumental:
        all:
            instrumental: 0.969806611538
            voice: 0.0301934089512
        probability: 0.969806611538
        value: "instrumental"

lowlevel:
    average_loudness: 0.572722315788
    barkbands_kurtosis:
        dmean: 2.27717661858
        dmean2: 3.4458565712
        dvar: 9.23958110809
        dvar2: 23.9977779388
        max: 34.5286941528
        mean: 5.30238437653
        min: -1.82847964764
        var: 38.6853485107
    barkbands_skewness:
        dmean: 0.413147926331
        dmean2: 0.586982429028
        dvar: 0.172917798162
        dvar2: 0.435586035252
        max: 4.93254423141
        mean: 1.75457835197
        min: -1.25794684887
        var: 1.07392370701
    barkbands_spread:
        dmean: 2.99161887169
        dmean2: 4.50871038437
        dvar: 15.8206157684
        dvar2: 38.062122345
        max: 53.8707733154
        mean: 14.8390340805
        min: 1.55707883835
        var: 172.925354004
    dissonance:
        dmean: 0.0223560109735
        dmean2: 0.0361303426325
        dvar: 0.000442400021711
        dvar2: 0.00111611292232
        max: 0.496493667364
        mean: 0.413853794336
        min: 0.286710351706
        var: 0.00219992385246
    hfc:
        dmean: 0.787015616894
        dmean2: 1.12612378597
        dvar: 6.10480070114
        dvar2: 10.9876041412
        max: 37.5469856262
        mean: 2.64217615128
        min: 0.00912113022059
        var: 22.9288635254
    pitch:
        dmean: 277.511260986
        dmean2: 544.61517334
        dvar: 599694.5
        dvar2: 1692824.875
        max: 3675
        mean: 394.235137939
        min: 72.1767578125
        var: 552123.3125
    pitch_instantaneous_confidence:
        dmean: 0.0611141622066
        dmean2: 0.0989458486438
        dvar: 0.00380923738703
        dvar2: 0.0109478486702
        max: 0.888494133949
        mean: 0.51325070858
        min: 0.227406978607
        var: 0.0168604124337
    pitch_salience:
        dmean: 0.0472592152655
        dmean2: 0.0690368562937
        dvar: 0.00168364052661
        dvar2: 0.00393724534661
        max: 0.844809532166
        mean: 0.57226729393
        min: 0.324764460325
        var: 0.00729915359989
    silence_rate_20dB:
        dmean: 0
        dmean2: 0
        dvar: 0
        dvar2: 0
        max: 1
        mean: 1
        min: 1
        var: 0
    silence_rate_30dB:
        dmean: 0
        dmean2: 0
        dvar: 0
        dvar2: 0
        max: 1
        mean: 1
        min: 1
        var: 0
    silence_rate_60dB:
        dmean: 0.041763342917
        dmean2: 0.0837209299207
        dvar: 0.0400187037885
        dvar2: 0.09066426754
        max: 1
        mean: 0.685185194016
        min: 0
        var: 0.215704992414
    spectral_centroid:
        dmean: 105.1876297
        dmean2: 152.823730469
        dvar: 36640.5
        dvar2: 83228.046875
        max: 2784.72436523
        mean: 641.856872559
        min: 219.663665771
        var: 179074.40625
    spectral_complexity:
        dmean: 1.28604650497
        dmean2: 2.01631712914
        dvar: 5.16698598862
        dvar2: 9.02302455902
        max: 35
        mean: 6.38283061981
        min: 0
        var: 43.0389480591
    spectral_crest:
        dmean: 2.18222594261
        dmean2: 3.36796712875
        dvar: 4.58300590515
        dvar2: 14.5946407318
        max: 21.5508022308
        mean: 10.9068479538
        min: 3.04793572426
        var: 12.2155246735
    spectral_decrease:
        dmean: 1.74515249474e-10
        dmean2: 2.43565362323e-10
        dvar: 8.02864798342e-20
        dvar2: 1.60045787124e-19
        max: -6.60997602139e-12
        mean: -6.55849485831e-10
        min: -3.63429730754e-09
        var: 5.81476744557e-19
    spectral_energy:
        dmean: 0.000717444054317
        dmean2: 0.000993818161078
        dvar: 1.46222191688e-06
        dvar2: 2.79264236269e-06
        max: 0.0162137690932
        mean: 0.00271497969516
        min: 2.57748979493e-05
        var: 1.04503133116e-05
    spectral_energyband_high:
        dmean: 5.75904632569e-05
        dmean2: 8.3946462837e-05
        dvar: 4.8412246656e-08
        dvar2: 1.11492610699e-07
        max: 0.00348319299519
        mean: 0.000124312908156
        min: 2.43606268491e-09
        var: 1.07297331908e-07
    spectral_energyband_low:
        dmean: 0.00013110814325
        dmean2: 0.000200019057957
        dvar: 6.09809944763e-08
        dvar2: 1.56336113832e-07
        max: 0.00259324093349
        mean: 0.000264919101028
        min: 9.23508878259e-08
        var: 1.96315539824e-07
    spectral_energyband_middle_high:
        dmean: 0.000193130588741
        dmean2: 0.000283190485789
        dvar: 3.52652733682e-07
        dvar2: 7.06442392584e-07
        max: 0.00844387989491
        mean: 0.00059845513897
        min: 7.21897777112e-07
        var: 1.21783557461e-06
    spectral_energyband_middle_low:
        dmean: 0.000516153406352
        dmean2: 0.000738168251701
        dvar: 6.99293025264e-07
        dvar2: 1.50615267103e-06
        max: 0.0108269928023
        mean: 0.00172729277983
        min: 1.6923639123e-05
        var: 3.81357222068e-06
    spectral_flatness_db:
        dmean: 0.016727514565
        dmean2: 0.0253494661301
        dvar: 0.000267172261374
        dvar2: 0.000677107949741
        max: 0.383043587208
        mean: 0.245763987303
        min: 0.0884745717049
        var: 0.00398208806291
    spectral_flux:
        dmean: 0.00439436221495
        dmean2: 0.00691143469885
        dvar: 5.21481160831e-05
        dvar2: 0.000117899951874
        max: 0.0787991061807
        mean: 0.0165237206966
        min: 0.00106008059811
        var: 0.000248415075475
    spectral_kurtosis:
        dmean: 6.21335315704
        dmean2: 10.9005489349
        dvar: 70.5798721313
        dvar2: 216.932998657
        max: 117.981384277
        mean: 19.5421943665
        min: 0.992513656616
        var: 532.854492188
    spectral_rms:
        dmean: 0.000176156201633
        dmean2: 0.000244324095547
        dvar: 5.74543044252e-08
        dvar2: 1.06952661838e-07
        max: 0.00397722423077
        mean: 0.00133621552959
        min: 0.000158575669047
        var: 8.63287596076e-07
    spectral_rolloff:
        dmean: 280.48223877
        dmean2: 476.540802002
        dvar: 285202.75
        dvar2: 704800.375
        max: 4414.30664062
        mean: 1144.55627441
        min: 215.33203125
        var: 1124888.875
    spectral_skewness:
        dmean: 0.421215504408
        dmean2: 0.729450941086
        dvar: 0.199565261602
        dvar2: 0.603974044323
        max: 8.96569728851
        mean: 2.9557800293
        min: 0.937326133251
        var: 3.04346895218
    spectral_spread:
        dmean: 451152.03125
        dmean2: 668651.8125
        dvar: 1.69247729254e+12
        dvar2: 1.89301994291e+12
        max: 27933752
        mean: 3350878.5
        min: 720681.625
        var: 4.87798498918e+12
    spectral_strongpeak:
        dmean: 0.093269303441
        dmean2: 0.157647669315
        dvar: 0.0803813487291
        dvar2: 0.236056163907
        max: 3.19236063957
        mean: 0.250258803368
        min: 0.00910342298448
        var: 0.0727236866951
    zerocrossingrate:
        dmean: 0.005126953125
        dmean2: 0.00613936828449
        dvar: 3.99353884859e-05
        dvar2: 4.61258860014e-05
        max: 0.1298828125
        mean: 0.0412150174379
        min: 0.009765625
        var: 0.000671510351822
    barkbands:
        dmean: [3.09439518453e-09, 1.89242234683e-06, 0.00012956642604, 0.000124746497022, 0.000377679563826, 0.000102841149783, 1.80435945367e-05, 5.51753837499e-05, 2.74295180134e-05, 1.17665640573e-05, 1.10184128062e-05, 2.29103443417e-05, 1.19624355648e-05, 1.30107455334e-05, 1.53563414642e-05, 9.26072152652e-06, 5.63774228795e-05, 9.55697250902e-05, 4.86273347633e-05, 3.33315183525e-05, 2.85811165668e-05, 9.0379780886e-06, 5.86366468269e-06, 1.43137606301e-06, 9.25123515572e-07, 6.12730630678e-08, 1.00012120807e-09]
        dmean2: [4.75094585894e-09, 2.07418133868e-06, 0.000198593726964, 0.000156947528012, 0.000554091879167, 0.000155339992489, 2.55926861428e-05, 6.20586288278e-05, 3.44216314261e-05, 1.56077603606e-05, 1.78187910933e-05, 2.98970007861e-05, 1.7069200112e-05, 1.87884252227e-05, 2.65158669208e-05, 1.42575045174e-05, 9.29712914512e-05, 0.000148570645251, 7.57807429181e-05, 5.24380884599e-05, 4.49321560154e-05, 1.43024517456e-05, 9.09104983293e-06, 2.38211418946e-06, 1.41752650507e-06, 1.0441267051e-07, 1.13446319006e-09]
        dvar: [3.58340702938e-16, 1.60377960912e-11, 6.09796586559e-08, 6.3340976908e-08, 5.9388378304e-07, 2.88848998053e-08, 1.19352927541e-09, 1.69921943183e-08, 1.32036126477e-09, 9.12408759657e-10, 5.48385670207e-10, 2.0851016469e-09, 5.91093562985e-10, 9.84166970142e-10, 1.97026506221e-09, 1.03610009461e-09, 2.12676507516e-08, 1.18461436216e-07, 3.29980487379e-08, 1.22215473297e-08, 9.64430491024e-09, 8.30896684789e-10, 7.90941756534e-10, 6.82620418524e-11, 1.56029512227e-11, 9.01114848972e-14, 2.82856832447e-16]
        dvar2: [3.68705977462e-16, 1.93676585186e-11, 1.56241824811e-07, 9.85988606317e-08, 1.37142239964e-06, 8.37581666246e-08, 2.36585373514e-09, 1.7067415925e-08, 2.50372278465e-09, 2.05382955087e-09, 1.48242162989e-09, 4.24692947476e-09, 1.29614641242e-09, 2.1376342918e-09, 6.01829341917e-09, 1.87887927439e-09, 4.93389293865e-08, 2.49931758844e-07, 7.63931211623e-08, 2.47525751007e-08, 2.2384229581e-08, 1.79405379441e-09, 1.9461330325e-09, 1.8637610899e-10, 3.99288241359e-11, 2.51487470172e-13, 2.83005777897e-16]
        max: [4.37998096459e-07, 7.08911102265e-05, 0.00259283324704, 0.00372725096531, 0.00883586611599, 0.00176180631388, 0.000489707570523, 0.00336416694336, 0.000461716757854, 0.000431819818914, 0.000267132476438, 0.000729968596715, 0.000326188135659, 0.000435491150711, 0.000506152049638, 0.000464912533062, 0.00187028362416, 0.00480336602777, 0.00295684533194, 0.00149438844528, 0.00142031861469, 0.000369457266061, 0.000414665002609, 0.000125978287542, 4.63066171505e-05, 3.92232504964e-06, 3.49637815589e-07]
        mean: [6.40225517046e-09, 5.46600131202e-06, 0.000259447813733, 0.00038951888564, 0.000820392102469, 0.00023367376707, 4.90959646413e-05, 0.000155539077241, 7.63733114582e-05, 3.28303649439e-05, 1.68146889337e-05, 5.19733366673e-05, 2.44668026426e-05, 2.75409765891e-05, 2.73763071164e-05, 1.67144244188e-05, 7.81561029726e-05, 0.000188823556527, 9.71040208242e-05, 7.99755143817e-05, 5.25765826751e-05, 1.87718214875e-05, 9.11655934033e-06, 1.92486959349e-06, 1.22828180338e-06, 7.27034077386e-08, 1.00985875218e-09]
        min: [1.12252579194e-12, 2.01418992596e-09, 6.40966106857e-08, 1.24979369076e-08, 3.26658209815e-06, 8.27811390991e-07, 1.04478473872e-07, 2.42474442302e-07, 4.29912461186e-07, 1.61358286732e-08, 1.81073538386e-08, 9.97845646111e-08, 7.5509589692e-09, 4.22908996711e-09, 1.65948077502e-09, 4.9362856025e-09, 4.4771515384e-09, 2.85412893319e-09, 7.84734499604e-10, 2.13461359699e-09, 8.86945572542e-10, 2.37549424575e-10, 9.67073920943e-11, 7.70377234227e-11, 5.58535925843e-11, 2.52419894882e-12, 4.99833930417e-15]
        var: [5.06450157707e-16, 9.0158908117e-11, 1.96681355646e-07, 5.18833644492e-07, 1.43246245443e-06, 6.62641070903e-08, 3.8454421869e-09, 1.3174327762e-07, 6.84734668965e-09, 4.47569936668e-09, 9.91105419956e-10, 9.14064735014e-09, 1.94463556369e-09, 3.16890158558e-09, 4.80597295294e-09, 2.05818206922e-09, 3.15690584785e-08, 2.51987756883e-07, 6.45424478307e-08, 3.47722348693e-08, 2.10723527516e-08, 2.12317119441e-09, 1.09927578151e-09, 5.95620289201e-11, 1.84388667529e-11, 7.62371191025e-14, 2.8295863522e-16]
    mfcc:
        mean: [-862.950317383, 175.097229004, -33.8979148865, 46.8150558472, -22.5906524658, -17.2884349823, -10.2921447754, -6.96792221069, -14.4358139038, -18.7772922516, -8.76295948029, -11.6729249954, -11.9035577774]
        cov: [[19367.09375, -7828.24121094, -476.732788086, 1169.73132324, 313.032714844, 717.813171387, 292.653991699, 99.3699035645, -772.470336914, -644.652770996, 195.28666687, -401.717193604, -867.739379883], [-7828.24121094, 3662.56689453, -71.6951293945, -436.028808594, -219.900177002, -308.507171631, -108.095687866, -78.8703765869, 317.526245117, 282.751312256, -50.7482910156, 217.353210449, 425.998474121], [-476.732788086, -71.6951293945, 347.280883789, -40.4610481262, 82.8758621216, 33.1872711182, 10.2401456833, 37.6548843384, 19.5291080475, 13.6274824142, -24.2815246582, -2.29596948624, -23.0985012054], [1169.73132324, -436.028808594, -40.4610481262, 491.412689209, 308.31072998, 172.877349854, 23.8171482086, 15.6858558655, 1.51462471485, 43.0374336243, 85.4715499878, -12.4934396744, -38.0567932129], [313.032714844, -219.900177002, 82.8758621216, 308.31072998, 356.071258545, 157.815460205, 4.54036235809, 1.79056608677, 38.6366157532, 65.253112793, 56.7428283691, -18.9735908508, -27.7044906616], [717.813171387, -308.507171631, 33.1872711182, 172.877349854, 157.815460205, 154.986755371, 34.0075302124, 7.62965631485, -1.15841364861, 25.8200397491, 33.7724266052, -16.732126236, -29.4883289337], [292.653991699, -108.095687866, 10.2401456833, 23.8171482086, 4.54036235809, 34.0075302124, 71.4472961426, 28.2187614441, -4.08351135254, 0.414287447929, -0.332772284746, -0.500561356544, -2.54497742653], [99.3699035645, -78.8703765869, 37.6548843384, 15.6858558655, 1.79056608677, 7.62965631485, 28.2187614441, 70.8780441284, 5.987596035, -11.4251317978, -5.61454772949, 3.40676212311, -12.8815937042], [-772.470336914, 317.526245117, 19.5291080475, 1.51462471485, 38.6366157532, -1.15841364861, -4.08351135254, 5.987596035, 91.5574874878, 63.0605010986, 2.4167265892, 15.122262001, 38.0953025818], [-644.652770996, 282.751312256, 13.6274824142, 43.0374336243, 65.253112793, 25.8200397491, 0.414287447929, -11.4251317978, 63.0605010986, 114.253913879, 24.0055980682, 14.4022789001, 50.890953064], [195.28666687, -50.7482910156, -24.2815246582, 85.4715499878, 56.7428283691, 33.7724266052, -0.332772284746, -5.61454772949, 2.4167265892, 24.0055980682, 59.6988105774, 12.61673069, -4.18447303772], [-401.717193604, 217.353210449, -2.29596948624, -12.4934396744, -18.9735908508, -16.732126236, -0.500561356544, 3.40676212311, 15.122262001, 14.4022789001, 12.61673069, 63.8124237061, 38.5817260742], [-867.739379883, 425.998474121, -23.0985012054, -38.0567932129, -27.7044906616, -29.4883289337, -2.54497742653, -12.8815937042, 38.0953025818, 50.890953064, -4.18447303772, 38.5817260742, 100.012573242]]
        icov: [[0.000921516970266, 0.00182806467637, 0.00135739089455, -0.000672810478136, 0.000951626978349, -0.00105495390017, -0.000759145594202, 0.000643220497295, 0.000524594564922, 0.000242527588853, -0.00010951855802, -0.000876667560078, 0.000292760581942], [0.00182806467637, 0.00453591533005, 0.00285766879097, -0.000909672176931, 0.00162335520145, -0.00115970487241, -0.0010111995507, 0.00158035871573, -0.000594621873461, -0.000113332862384, 0.000185173485079, -0.00293180020526, -0.00143733341247], [0.00135739089455, 0.00285766879097, 0.00645271129906, 0.00131066096947, -0.00152637821157, -0.00194607581943, -0.000855880964082, -0.00148171675391, 0.00131769920699, -0.00112096732482, 0.00234133633785, -0.00319118192419, 0.00178232463077], [-0.000672810478136, -0.000909672176931, 0.00131066096947, 0.00750378379598, -0.00616404553875, -0.000602877640631, 0.000540586595889, -0.0029717690777, 0.000840280030388, -0.000547172036022, -0.0026766913943, -0.000341674836818, -0.00108085037209], [0.000951626978349, 0.00162335520145, -0.00152637821157, -0.00616404553875, 0.0120882494375, -0.00614710478112, 0.00186380778905, 0.00254024215974, -0.0029897664208, -0.000210458121728, -0.0012785900617, 0.00132193521131, 0.00123711302876], [-0.00105495390017, -0.00115970487241, -0.00194607581943, -0.000602877640631, -0.00614710478112, 0.0183857604861, -0.00577842770144, 0.00123043206986, 1.95916927623e-05, -0.00306725408882, -0.000883216038346, 0.000849501346238, 2.59714652202e-05], [-0.000759145594202, -0.0010111995507, -0.000855880964082, 0.000540586595889, 0.00186380778905, -0.00577842770144, 0.0214213952422, -0.00848380289972, 0.000367168831872, -0.00165566010401, 0.00164605735335, 0.000413921399741, -0.00339464447461], [0.000643220497295, 0.00158035871573, -0.00148171675391, -0.0029717690777, 0.00254024215974, 0.00123043206986, -0.00848380289972, 0.0213915016502, -0.00542783271521, 0.0033203267958, 0.00158096442465, -0.00357009866275, 0.00280342111364], [0.000524594564922, -0.000594621873461, 0.00131769920699, 0.000840280030388, -0.0029897664208, 1.95916927623e-05, 0.000367168831872, -0.00542783271521, 0.024761851877, -0.0100285345688, 0.00272474088706, -0.000512127764523, 0.00217882171273], [0.000242527588853, -0.000113332862384, -0.00112096732482, -0.000547172036022, -0.000210458121728, -0.00306725408882, -0.00165566010401, 0.0033203267958, -0.0100285345688, 0.0221985224634, -0.00838256254792, 0.00460540037602, -0.00806030724198], [-0.00010951855802, 0.000185173485079, 0.00234133633785, -0.0026766913943, -0.0012785900617, -0.000883216038346, 0.00164605735335, 0.00158096442465, 0.00272474088706, -0.00838256254792, 0.0298813283443, -0.0107581717893, 0.00604212423787], [-0.000876667560078, -0.00293180020526, -0.00319118192419, -0.000341674836818, 0.00132193521131, 0.000849501346238, 0.000413921399741, -0.00357009866275, -0.000512127764523, 0.00460540037602, -0.0107581717893, 0.0274110548198, -0.0089908586815], [0.000292760581942, -0.00143733341247, 0.00178232463077, -0.00108085037209, 0.00123711302876, 2.59714652202e-05, -0.00339464447461, 0.00280342111364, 0.00217882171273, -0.00806030724198, 0.00604212423787, -0.0089908586815, 0.0262791905552]]
    spectral_contrast:
        mean: [-1.06213988715e-07, 8.61138431674e-08, -7.76606334796e-09, 1.60853019793e-07, -4.20413272195e-07, 1.26677150547e-07, -1.17549765477e-08, -2.00408521778e-06, -3.26733015754e-06, -7.59509748605e-06, -8.52581536037e-07, 3.81690995255e-07]
        var: [0.000285862188321, 0.000699402589817, 0.000885456742253, 0.00129141355865, 0.0026380608324, 0.00362992403097, 0.0368257276714, 0.100533112884, 0.183129101992, 0.405562251806, 0.744170844555, 8.00350475311]

rhythm:
    beats_loudness:
        dmean: 0.00207264814526
        dmean2: 0.00383690837771
        dvar: 8.49808202474e-06
        dvar2: 2.87217644654e-05
        max: 0.0108618289232
        mean: 0.00266364752315
        min: 5.98224396526e-05
        var: 1.09115162559e-05
    beats_loudness_bass:
        dmean: 0.105833783746
        dmean2: 0.159168243408
        dvar: 0.00959091819823
        dvar2: 0.0252588223666
        max: 0.625425696373
        mean: 0.189519003034
        min: 0.00407765246928
        var: 0.0232707243413
    bpm: 153.68460083
    bpm_confidence: 0
    first_peak_bpm: 154
    first_peak_spread: 0.0666667222977
    first_peak_weight: 0.538461565971
    onset_rate: 2.59872722626
    second_peak_bpm: 179
    second_peak_spread: 0
    second_peak_weight: 0.423076927662
    beats_position: [0.110388837755, 0.500799119473, 0.891209423542, 1.28161966801, 1.67202997208, 2.06244015694, 2.45285058022, 2.84326076508, 3.23367118835, 3.62408161163, 4.01449203491, 4.40490198135, 4.79531240463, 5.18572282791, 5.57613277435, 5.95848846436, 6.29452514648, 6.63056087494, 6.96659708023, 7.30263328552, 7.63866996765, 7.97470569611, 8.31074142456, 8.64677810669, 8.98281478882, 9.31885051727, 9.6548871994]
    bpm_estimates: [153.547653198, 153.821548462]
    bpm_intervals: [0.390410274267, 0.39041030407, 0.390410244465, 0.39041030407, 0.39041018486, 0.390410423279, 0.39041018486, 0.390410423279, 0.390410423279, 0.390410423279, 0.390409946442, 0.390410423279, 0.390410423279, 0.390409946442, 0.382355690002, 0.336036682129, 0.336035728455, 0.336036205292, 0.336036205292, 0.336036682129, 0.336035728455, 0.336035728455, 0.336036682129, 0.336036682129, 0.336035728455, 0.336036682129]
    onset_times: [0.0464399084449, 0.18575963378, 0.359909296036, 0.835918366909, 0.952018141747, 1.35836732388, 1.55573701859, 1.79954648018, 2.14784574509, 2.35682535172, 2.9837641716, 3.34367346764, 3.62231302261, 4.7020406723, 4.73687076569, 7.92961454391, 8.05732440948, 8.42884349823, 8.64943313599, 8.71909332275, 8.8119726181, 9.39247131348, 9.77560043335, 9.81043052673, 9.85687065125, 9.99619007111]
    rubato_start: [6.29452514648]
    rubato_stop: [6.63056087494]
    perceptual_tempo: "unknown"

sfx:
    inharmonicity:
        dmean: 0.031250230968
        dmean2: 0.0551793500781
        dvar: 0.00319966417737
        dvar2: 0.0081503354013
        max: 0.375798940659
        mean: 0.0288030672818
        min: 0
        var: 0.00254933140241
    oddtoevenharmonicenergyratio:
        dmean: 14.5550432205
        dmean2: 28.7069263458
        dvar: 18055.6445312
        dvar2: 54071.7773438
        max: 1942.04138184
        mean: 7.94576978683
        min: 0
        var: 9085.73730469
    pitch_after_max_to_before_max_energy_ratio: 6.96579122543
    pitch_centroid: 156.485626221
    pitch_max_to_total: 0.0324825979769
    pitch_min_to_total: 0.0603248253465
    tristimulus:
        dmean: [0.233532845974, 0.249131515622, 0.0521018728614]
        dmean2: [0.413195252419, 0.448205649853, 0.0932951197028]
        dvar: [0.054451007396, 0.0620000511408, 0.00528718577698]
        dvar2: [0.143015354872, 0.166663721204, 0.0154594434425]
        max: [1, 0.993327558041, 0.574760258198]
        mean: [0.440112233162, 0.455356627703, 0.0613420791924]
        min: [0.00134249590337, 0, 0]
        var: [0.068993717432, 0.076743081212, 0.00527366343886]

tonal:
    chords_changes_rate: 0.0230414755642
    chords_number_rate: 0.0230414755642
    chords_strength:
        dmean: 0.00519493175671
        dmean2: 0.0042835669592
        dvar: 1.58123257279e-05
        dvar2: 1.41470172821e-05
        max: 0.64454215765
        mean: 0.548002302647
        min: 0.452604174614
        var: 0.00180991238449
    key_strength: 0.861162543297
    tuning_diatonic_strength: 0.630697131157
    tuning_equal_tempered_deviation: 0.0810924693942
    tuning_frequency: 434.444000244
    tuning_nontempered_energy_ratio: 0.720919370651
    hpcp:
        dmean: [0.19561304152, 0.158281311393, 0.107621259987, 0.0444245263934, 0.0294211376458, 0.0238868724555, 0.0157303046435, 0.0188721977174, 0.0300435274839, 0.0282558966428, 0.01982412301, 0.0325188450515, 0.060354039073, 0.0898111015558, 0.127338036895, 0.123425669968, 0.104982420802, 0.0396356396377, 0.0140776019543, 0.0118130408227, 0.0420038178563, 0.105899780989, 0.0993106812239, 0.0727104097605, 0.052187114954, 0.055451001972, 0.0889736786485, 0.0685931667686, 0.0251782014966, 0.0286124106497, 0.0263651181012, 0.0191244091839, 0.0157282818109, 0.0111558102071, 0.0412954613566, 0.145998820662]
        dmean2: [0.308023482561, 0.269081622362, 0.179969862103, 0.0734683647752, 0.0486619323492, 0.0412805229425, 0.0272768214345, 0.0339667387307, 0.0551641210914, 0.0439561083913, 0.0290850065649, 0.0515879616141, 0.105975307524, 0.157900094986, 0.202275589108, 0.204428881407, 0.178191021085, 0.067409940064, 0.0225190091878, 0.0166467428207, 0.0618175156415, 0.154949069023, 0.149060487747, 0.102738410234, 0.081188313663, 0.08851262182, 0.135718539357, 0.104029431939, 0.0391197055578, 0.0425728075206, 0.0400513894856, 0.0295452121645, 0.0216823797673, 0.0168529115617, 0.074283324182, 0.228626146913]
        dvar: [0.0331538878381, 0.0350494123995, 0.0316743217409, 0.0120894741267, 0.00574246002361, 0.00431236950681, 0.00178804516327, 0.00432487064973, 0.00949756521732, 0.00757139828056, 0.00204231939279, 0.00569665664807, 0.0272292606533, 0.0364839397371, 0.0327607244253, 0.0374627374113, 0.0255685225129, 0.0104275420308, 0.00233689812012, 0.00522734923288, 0.00401223404333, 0.0177242048085, 0.0255469046533, 0.0174486376345, 0.0154430326074, 0.013369104825, 0.017670918256, 0.0160162635148, 0.00435360008851, 0.0044078072533, 0.00375305768102, 0.00323329120874, 0.00285096326843, 0.00091664493084, 0.00528017664328, 0.0254427716136]
        dvar2: [0.0660832673311, 0.0819649770856, 0.087709441781, 0.0297811571509, 0.0147323273122, 0.0112865790725, 0.00397963030264, 0.0125215919688, 0.0294170454144, 0.0186920724809, 0.00392203126103, 0.0159324407578, 0.0891907960176, 0.107655003667, 0.0731726288795, 0.0992763489485, 0.0619424283504, 0.0256017129868, 0.00451453542337, 0.00630285963416, 0.00628543598577, 0.0293874870986, 0.0396980047226, 0.031002599746, 0.0383318737149, 0.0284385122359, 0.0356628075242, 0.0383439026773, 0.0112499548122, 0.0103990137577, 0.00831719487906, 0.0077163213864, 0.0060997013934, 0.0017303993227, 0.0151108438149, 0.065518707037]
        max: [1, 1, 0.964998841286, 1, 0.670166969299, 0.664620757103, 0.372684657574, 0.668144524097, 1, 1, 0.497132390738, 0.500433087349, 1, 1, 1, 1, 1, 0.767840564251, 0.492882460356, 1, 0.633029699326, 1, 1, 1, 1, 1, 1, 0.980437994003, 0.681640923023, 0.818805098534, 0.77914583683, 0.677840173244, 0.656650424004, 0.244935169816, 0.395929276943, 1]
        mean: [0.551835358143, 0.428546279669, 0.139461353421, 0.0426074974239, 0.0342072471976, 0.0244957655668, 0.0181474611163, 0.0200783070177, 0.0342171601951, 0.0398885458708, 0.0272809378803, 0.0384830757976, 0.0594669915736, 0.0851752012968, 0.351437300444, 0.534738719463, 0.266495853662, 0.0359611064196, 0.0147607643157, 0.0131886815652, 0.0832279995084, 0.255969256163, 0.28297919035, 0.136843711138, 0.0738104432821, 0.0916543602943, 0.129246264696, 0.106207542121, 0.0407460518181, 0.0437923483551, 0.0430075749755, 0.0249301362783, 0.0210616383702, 0.0151149164885, 0.0346781611443, 0.26839235425]
        min: [0.00601651659235, 0.00642909109592, 1.45740850712e-05, 2.74063950201e-05, 5.50864097022e-05, 4.81390416098e-05, 1.28985939227e-05, 0.000536247331183, 0.000634718686342, 0.000258123880485, 0.000281726213871, 0.000632357026916, 0.0009894547984, 0.000866334594321, 0.000981982680969, 0.000346876098774, 0.000557484105229, 5.20928097103e-06, 1.66638074006e-06, 7.1975227911e-06, 0.000672453432344, 0.00929142255336, 0.00675216596574, 5.16208237968e-05, 1.94947097043e-05, 0.000189449769096, 0.000507518474478, 0.000363802362699, 0.00015474128304, 0.000932200287934, 0.00113795301877, 0.000109579370474, 5.21221481904e-05, 3.42347848346e-05, 0.000197096756892, 0.000615251308773]
        var: [0.0987310856581, 0.114059403539, 0.0413026623428, 0.0120205823332, 0.00624091876671, 0.00401813955978, 0.00199978798628, 0.00277368747629, 0.00817549228668, 0.0114494077861, 0.00370018440299, 0.00465922895819, 0.0160404462367, 0.0288068428636, 0.102734297514, 0.187090337276, 0.0675482004881, 0.00975211057812, 0.00219129049219, 0.00521549256518, 0.0119060296565, 0.0682717710733, 0.113825909793, 0.0495829246938, 0.026726866141, 0.036805536598, 0.0323499143124, 0.0251384172589, 0.004449990578, 0.00617775972933, 0.00610281480476, 0.003897016868, 0.00367037323304, 0.00127873360179, 0.00385981472209, 0.0540959089994]
    chords_histogram: [2.7649769783, 11.0599079132, 1.84331798553, 0, 0, 0, 0, 62.2119827271, 0, 22.1198158264, 0, 0, 0, 0, 0, 0, 0, 0, 0, 0, 0, 0, 0, 0]
    thpcp: [1, 0.776583611965, 0.252722769976, 0.0772105231881, 0.0619881413877, 0.0443896278739, 0.0328856445849, 0.0363845974207, 0.0620061047375, 0.0722834169865, 0.0494367331266, 0.0697365179658, 0.10776219517, 0.154348939657, 0.636851727962, 0.969018578529, 0.482926368713, 0.0651663690805, 0.0267484933138, 0.023899666965, 0.150820344687, 0.46385076642, 0.512796401978, 0.247979238629, 0.133754462004, 0.166090041399, 0.23421163857, 0.1924623698, 0.0738373324275, 0.0793576315045, 0.0779355168343, 0.0451767668128, 0.038166526705, 0.0273902639747, 0.0628414973617, 0.486363083124]
    chords_key: "D"
    chords_scale: "major"
    key_key: "D"
    key_scale: "minor"
    chords_progression: ["D", "D", "D", "D", "D", "D", "D", "D", "D", "D", "D", "D", "D", "D", "D", "D", "D", "D", "D", "D", "D", "D", "D", "D", "D", "D", "D", "D", "Dm", "Dm", "Dm", "Dm", "Dm", "Dm", "D", "D", "D", "D", "D", "D", "D", "D", "D", "D", "D", "D", "D", "D", "D", "D", "D", "D", "D", "D", "D", "D", "D", "D", "D", "D", "D", "D", "D", "D", "D", "D", "D", "D", "D", "D", "D", "D", "D", "D", "D", "D", "D", "D", "D", "D", "D", "D", "D", "D", "D", "D", "D", "D", "D", "D", "D", "D", "D", "D", "D", "D", "D", "D", "D", "D", "D", "D", "D", "D", "D", "D", "D", "D", "D", "D", "D", "D", "D", "D", "D", "D", "D", "D", "D", "D", "D", "D", "D", "D", "D", "D", "D", "D", "D", "D", "D", "D", "D", "D", "D", "D", "D", "D", "D", "D", "D", "A", "A", "A", "A", "A", "A", "A", "A", "A", "A", "A", "A", "A", "A", "A", "A", "A", "A", "A", "A", "A", "A", "A", "A", "A", "A", "A", "A", "A", "A", "A", "A", "A", "A", "A", "A", "A", "A", "A", "A", "A", "A", "A", "A", "A", "A", "A", "A", "Am", "Am", "Am", "Am", "F", "F", "F", "F", "F", "F", "F", "F", "F", "F", "F", "F", "F", "F", "F", "F", "F", "F", "F", "F", "F", "F", "F", "F"]
