
metadata:
    version:
        essentia: "1.2.2"
    audio_properties:
        analysis_sample_rate: 44100
        bitrate: 128
        channels: 2
        equal_loudness: 1
        length: 10.0048980713
        replay_gain: -14.3141918182
        downmix: "mix"
    tags:
        track: 23
        year: 0
        album: "Splitted by Mp3Splt v. 2.1"
        artist: "From 003.40 To 003.50"
        comment: "http://mp3splt.sf.net"
        genre: ""
        title: "09 Trials and Tribulations.mp3"

highlevel:
    ballroom:
        all:
            ChaChaCha: 0.393919497728
            Jive: 0.0352029651403
            Quickstep: 0.0320641621947
            Rumba-American: 0.00104324147105
            Rumba-International: 0.0096380347386
            Rumba-Misc: 0.000758104841225
            Samba: 0.525973021984
            Tango: 0.000748986320104
            VienneseWaltz: 0.000371948262909
            Waltz: 0.000280015316093
        probability: 0.525973021984
        value: "Samba"
    culture:
        all:
            non_western: 0.465994805098
            western: 0.5340051651
        probability: 0.5340051651
        value: "western"
    gender:
        all:
            female: 0.773554563522
            male: 0.226445436478
        probability: 0.773554563522
        value: "female"
    genre_dortmund:
        all:
            alternative: 0.0163440331817
            blues: 0.0682120993733
            electronic: 0.298380643129
            folkcountry: 0.0163969770074
            funksoulrnb: 0.0322672426701
            jazz: 0.274170696735
            pop: 0.041201967746
            raphiphop: 0.164769604802
            rock: 0.0882567465305
        probability: 0.298380643129
        value: "electronic"
    genre_electronica:
        all:
            ambient: 0.129400461912
            dnb: 0.426914006472
            house: 0.12010217458
            techno: 0.251561611891
            trance: 0.0720217600465
        probability: 0.426914006472
        value: "dnb"
    genre_rosamerica:
        all:
            cla: 0.00362854567356
            dan: 0.0859807059169
            hip: 0.0542851127684
            jaz: 0.0371807962656
            pop: 0.100059650838
            rhy: 0.706001222134
            roc: 0.00974754150957
            spe: 0.00311644515023
        probability: 0.706001222134
        value: "rhy"
    genre_tzanetakis:
        all:
            blu: 0.00953463558108
            cla: 0.00308855762705
            cou: 0.0065615833737
            dis: 0.0849385410547
            hip: 0.0793343931437
            jaz: 0.0127771953121
            met: 0.0078038610518
            pop: 0.145232960582
            reg: 0.636091530323
            roc: 0.0146367577836
        probability: 0.636091530323
        value: "reg"
    live_studio:
        all:
            live: 0.0293245576322
            studio: 0.970675468445
        probability: 0.970675468445
        value: "studio"
    mood:
        all:
            Cluster1: 0.202718839049
            Cluster2: 0.366794377565
            Cluster3: 0.0378178842366
            Cluster4: 0.222034081817
            Cluster5: 0.170634821057
        probability: 0.366794377565
        value: "Cluster2"
    mood_acoustic:
        all:
            acoustic: 0.0274770278484
            not_acoustic: 0.972522974014
        probability: 0.972522974014
        value: "not_acoustic"
    mood_aggressive:
        all:
            aggressive: 0.0278177727014
            not_aggressive: 0.97218221426
        probability: 0.97218221426
        value: "not_aggressive"
    mood_electronic:
        all:
            electronic: 0.865789890289
            not_electronic: 0.134210109711
        probability: 0.865789890289
        value: "electronic"
    mood_happy:
        all:
            happy: 0.620006203651
            not_happy: 0.379993796349
        probability: 0.620006203651
        value: "happy"
    mood_party:
        all:
            not_party: 0.177350491285
            party: 0.822649538517
        probability: 0.822649538517
        value: "party"
    mood_relaxed:
        all:
            not_relaxed: 0.259623497725
            relaxed: 0.740376472473
        probability: 0.740376472473
        value: "relaxed"
    mood_sad:
        all:
            not_sad: 0.644138514996
            sad: 0.355861485004
        probability: 0.644138514996
        value: "not_sad"
    rhythm:
        all:
            fast: 0.229682207108
            medium: 0.315639793873
            slow: 0.45467799902
        probability: 0.45467799902
        value: "slow"
    speech_music:
        all:
            music: 0.998921692371
            speech: 0.00107830401976
        probability: 0.998921692371
        value: "music"
    timbre:
        all:
            bright: 0.639780461788
            dark: 0.360219568014
        probability: 0.639780461788
        value: "bright"
    voice_instrumental:
        all:
            instrumental: 0.818992555141
            voice: 0.18100745976
        probability: 0.818992555141
        value: "instrumental"

lowlevel:
    average_loudness: 0.926153481007
    barkbands_kurtosis:
        dmean: 4.26042699814
        dmean2: 7.07681179047
        dvar: 49.6712760925
        dvar2: 133.724884033
        max: 53.8247337341
        mean: 2.94996118546
        min: -1.89486098289
        var: 55.6084136963
    barkbands_skewness:
        dmean: 0.965778172016
        dmean2: 1.46841967106
        dvar: 0.961402475834
        dvar2: 2.28775310516
        max: 6.83198928833
        mean: 0.182570680976
        min: -4.32931900024
        var: 3.82411432266
    barkbands_spread:
        dmean: 11.8168869019
        dmean2: 18.8525924683
        dvar: 110.829978943
        dvar2: 272.481384277
        max: 73.780090332
        mean: 34.7391319275
        min: 2.88483071327
        var: 264.152099609
    dissonance:
        dmean: 0.0201128926128
        dmean2: 0.0340373963118
        dvar: 0.000470105733257
        dvar2: 0.00124360434711
        max: 0.499216079712
        mean: 0.468893617392
        min: 0.29650631547
        var: 0.000719313451555
    hfc:
        dmean: 4.199198246
        dmean2: 6.15269041061
        dvar: 50.7742576599
        dvar2: 108.066711426
        max: 72.7985916138
        mean: 7.92152500153
        min: 0.0711465850472
        var: 116.48387146
    pitch:
        dmean: 1152.82641602
        dmean2: 2180.35595703
        dvar: 2444233.5
        dvar2: 5303893
        max: 4900
        mean: 1657.11694336
        min: 79.3165435791
        var: 2956728.75
    pitch_instantaneous_confidence:
        dmean: 0.119895994663
        dmean2: 0.188075199723
        dvar: 0.0127035081387
        dvar2: 0.0280583202839
        max: 0.951774895191
        mean: 0.546067476273
        min: 0.112447738647
        var: 0.0429223924875
    pitch_salience:
        dmean: 0.0985292643309
        dmean2: 0.157435342669
        dvar: 0.0094735622406
        dvar2: 0.0207293890417
        max: 0.874976396561
        mean: 0.482344001532
        min: 0.150031596422
        var: 0.023818295449
    silence_rate_20dB:
        dmean: 0
        dmean2: 0
        dvar: 0
        dvar2: 0
        max: 1
        mean: 1
        min: 1
        var: 0
    silence_rate_30dB:
        dmean: 0
        dmean2: 0
        dvar: 0
        dvar2: 0
        max: 1
        mean: 1
        min: 1
        var: 0
    silence_rate_60dB:
        dmean: 0.153488367796
        dmean2: 0.307692319155
        dvar: 0.129930257797
        dvar2: 0.24565076828
        max: 1
        mean: 0.612528979778
        min: 0
        var: 0.237336501479
    spectral_centroid:
        dmean: 497.878051758
        dmean2: 732.427062988
        dvar: 250965.109375
        dvar2: 472634.90625
        max: 4132.11328125
        mean: 1749.09838867
        min: 146.026092529
        var: 1157792.625
    spectral_complexity:
        dmean: 3.40887856483
        dmean2: 4.98594856262
        dvar: 39.0173835754
        dvar2: 72.2995986938
        max: 49
        mean: 7.58275079727
        min: 0
        var: 77.0729446411
    spectral_crest:
        dmean: 2.91155314445
        dmean2: 4.71798992157
        dvar: 6.83207559586
        dvar2: 15.9225292206
        max: 24.0193595886
        mean: 10.9878339767
        min: 3.00646328926
        var: 18.4183540344
    spectral_decrease:
        dmean: 3.18960413637e-10
        dmean2: 4.98468433197e-10
        dvar: 2.30731769662e-19
        dvar2: 5.469625301e-19
        max: -8.83407444419e-11
        mean: -6.73789080086e-10
        min: -3.50168494201e-09
        var: 4.03458532845e-19
    spectral_energy:
        dmean: 0.0015478291316
        dmean2: 0.00236872350797
        dvar: 5.38722770216e-06
        dvar2: 1.2232768313e-05
        max: 0.0191380418837
        mean: 0.00326153915375
        min: 0.000342974759405
        var: 1.08141912278e-05
    spectral_energyband_high:
        dmean: 0.000445427576778
        dmean2: 0.000655675947201
        dvar: 6.47608658255e-07
        dvar2: 1.36314508836e-06
        max: 0.00716541009024
        mean: 0.000585259171203
        min: 9.51765741775e-07
        var: 1.1634956536e-06
    spectral_energyband_low:
        dmean: 0.000263754656771
        dmean2: 0.000455174129456
        dvar: 2.75903630609e-07
        dvar2: 7.65357242472e-07
        max: 0.00435057841241
        mean: 0.00057707139058
        min: 2.79761025013e-06
        var: 2.30552970493e-07
    spectral_energyband_middle_high:
        dmean: 0.000863869732711
        dmean2: 0.00130355067085
        dvar: 1.96845667233e-06
        dvar2: 4.47478214483e-06
        max: 0.0114460233599
        mean: 0.00172791338991
        min: 6.63908076604e-06
        var: 4.61900572191e-06
    spectral_energyband_middle_low:
        dmean: 0.000380521523766
        dmean2: 0.000674651761074
        dvar: 7.55027429022e-07
        dvar2: 2.08515211853e-06
        max: 0.00558858225122
        mean: 0.000371280359104
        min: 1.85144763236e-05
        var: 5.39228551588e-07
    spectral_flatness_db:
        dmean: 0.0344843454659
        dmean2: 0.0525513440371
        dvar: 0.000907415000256
        dvar2: 0.00215224502608
        max: 0.334319025278
        mean: 0.183278009295
        min: 0.0604492649436
        var: 0.00227033370174
    spectral_flux:
        dmean: 0.0134803168476
        dmean2: 0.0204096622765
        dvar: 0.000234288731008
        dvar2: 0.000489676429424
        max: 0.118094667792
        mean: 0.0369152575731
        min: 0.00450334558263
        var: 0.000660290534142
    spectral_kurtosis:
        dmean: 1.39791405201
        dmean2: 2.36192536354
        dvar: 2.46666455269
        dvar2: 5.82983493805
        max: 11.5014867783
        mean: 3.12850189209
        min: -0.440780639648
        var: 3.33121943474
    spectral_rms:
        dmean: 0.000381372665288
        dmean2: 0.000565725320484
        dvar: 2.22088360147e-07
        dvar2: 4.71377518352e-07
        max: 0.00432102521881
        mean: 0.00160073512234
        min: 0.000578454404604
        var: 6.19637262389e-07
    spectral_rolloff:
        dmean: 799.042114258
        dmean2: 1362.13879395
        dvar: 1140995.125
        dvar2: 2546875.75
        max: 5275.63476562
        mean: 2896.94238281
        min: 86.1328125
        var: 2366503.5
    spectral_skewness:
        dmean: 0.321466594934
        dmean2: 0.509791731834
        dvar: 0.0979680195451
        dvar2: 0.247327804565
        max: 2.94831728935
        mean: 1.22550964355
        min: 0.111487045884
        var: 0.174803480506
    spectral_spread:
        dmean: 968479.75
        dmean2: 1436393.25
        dvar: 1.16004316774e+12
        dvar2: 1.94217141862e+12
        max: 20815860
        mean: 5546384
        min: 2469023.25
        var: 3.24756281754e+12
    spectral_strongpeak:
        dmean: 0.826612055302
        dmean2: 1.41313529015
        dvar: 1.73714458942
        dvar2: 4.36637067795
        max: 8.67693996429
        mean: 1.29986548424
        min: 0
        var: 3.50373673439
    zerocrossingrate:
        dmean: 0.0178131386638
        dmean2: 0.0188291314989
        dvar: 0.000245270843152
        dvar2: 0.000244610273512
        max: 0.19677734375
        mean: 0.095879547298
        min: 0.00830078125
        var: 0.00227916939184
    barkbands:
        dmean: [4.1242850557e-07, 0.000125509221107, 0.000184467600775, 0.000119346921565, 0.000103388294519, 6.16684774286e-05, 5.94123630435e-05, 5.08184348291e-05, 3.13238342642e-05, 3.33624448103e-05, 2.80505391856e-05, 4.41601187049e-05, 3.39726466336e-05, 8.37293628138e-05, 3.43166466337e-05, 4.91235659865e-05, 0.000114148002467, 0.000172200088855, 0.000202561204787, 0.000547325762454, 0.000139635885716, 4.90666789119e-05, 1.05416447695e-05, 2.42250666815e-06, 8.0478611153e-07, 6.06088008226e-07, 2.72366151854e-09]
        dmean2: [5.26317023741e-07, 0.000207292963751, 0.000336493249051, 0.000223989976803, 0.000192333289306, 0.000106481718831, 0.00010198673408, 8.75686600921e-05, 5.14248567924e-05, 5.61290398764e-05, 4.93168990943e-05, 7.54209104343e-05, 5.89849150856e-05, 0.000117088988191, 5.51971934328e-05, 7.59931208449e-05, 0.000170064871782, 0.000271205208264, 0.000318642618367, 0.000795653671958, 0.000198059802642, 7.26488578948e-05, 1.45729391079e-05, 3.48402727468e-06, 1.18572756946e-06, 1.02141723346e-06, 2.9119069378e-09]
        dvar: [9.59634390181e-13, 3.18425854573e-08, 1.94515735075e-07, 1.43938180486e-07, 7.2120293737e-08, 2.68986184437e-08, 3.41730910236e-08, 1.92446112379e-08, 4.68816585553e-09, 4.33919211673e-09, 5.09987163611e-09, 2.14786286534e-08, 1.22615926301e-08, 5.36733928413e-08, 9.79159242576e-09, 9.68660263112e-09, 1.0086401403e-07, 1.01020575016e-07, 1.67189440958e-07, 1.20436698126e-06, 1.13565739923e-07, 2.334767224e-08, 5.10310516066e-10, 1.82275080446e-11, 2.63792481782e-12, 2.10791388684e-12, 2.46116878945e-15]
        dvar2: [1.48572517136e-12, 7.38404821732e-08, 5.63835442335e-07, 4.15576096202e-07, 2.05987575441e-07, 7.26380378069e-08, 8.96177070331e-08, 5.0902237092e-08, 1.23504788618e-08, 1.16441354336e-08, 1.40212748079e-08, 5.80617331991e-08, 3.36438858994e-08, 8.57736495163e-08, 2.63913246812e-08, 2.04841867912e-08, 2.44354282586e-07, 2.4689802558e-07, 4.08217061931e-07, 2.88270075544e-06, 2.34866902815e-07, 5.24223722209e-08, 1.06845587933e-09, 3.73673349208e-11, 5.58843596399e-12, 5.56751433151e-12, 2.45460873104e-15]
        max: [1.40452657433e-05, 0.00129396806005, 0.00329039385542, 0.00266799423844, 0.00156003830489, 0.00162320688833, 0.00154602318071, 0.00111052999273, 0.000598732731305, 0.000539529370144, 0.000531977333594, 0.0011034605559, 0.000708002131432, 0.00273945042863, 0.00138429494109, 0.000976091541816, 0.00451881112531, 0.00344916665927, 0.0039045389276, 0.010782035999, 0.0037486217916, 0.00149520696141, 0.000248375348747, 3.82136531698e-05, 1.3712042346e-05, 8.39925723994e-06, 1.03041134025e-06]
        mean: [9.62753802014e-07, 0.000295769626973, 0.000280355219729, 8.95437769941e-05, 7.28270606487e-05, 5.6920969655e-05, 5.76815582463e-05, 4.89931517222e-05, 3.27673260472e-05, 5.14546918566e-05, 3.19505088555e-05, 3.70302186639e-05, 2.57078954746e-05, 0.000170485145645, 4.19651478296e-05, 7.87356184446e-05, 0.000161904798006, 0.000302459840896, 0.000258370011579, 0.000924092892092, 0.000165298522916, 5.8768378949e-05, 1.27688826979e-05, 3.23364724863e-06, 1.03732293155e-06, 4.53648425491e-07, 2.76210254668e-09]
        min: [1.0785178306e-10, 1.65216090409e-06, 5.06394258082e-07, 7.0660178153e-08, 4.45694013251e-07, 4.8057455615e-07, 5.25630774462e-08, 2.25377583263e-08, 2.12402095912e-08, 1.84417416449e-07, 1.60567150687e-08, 4.42390089006e-08, 9.79223635511e-09, 5.08494686358e-08, 6.37990638097e-08, 2.7214142051e-08, 4.25415658256e-09, 2.70569756822e-07, 3.91601560068e-07, 5.5642777852e-07, 3.80329282734e-07, 1.25613226487e-07, 3.61684584504e-08, 1.47630458969e-08, 4.0552969871e-09, 3.00520552887e-10, 5.18657179379e-14]
        var: [2.03066122945e-12, 4.71033594351e-08, 1.40850531238e-07, 8.68130172194e-08, 4.19940633378e-08, 2.06859489538e-08, 3.0739766288e-08, 1.6381214607e-08, 4.3946113415e-09, 4.59223636895e-09, 4.29283097958e-09, 1.56465223e-08, 8.4306632786e-09, 2.07357814475e-07, 9.53964995887e-09, 1.76213870162e-08, 1.5871148662e-07, 2.33717358356e-07, 2.10531837297e-07, 2.136977173e-06, 1.89661392369e-07, 2.77285803207e-08, 7.50200290778e-10, 3.07105590958e-11, 3.57877746535e-12, 1.56491746645e-12, 2.46782413908e-15]
    mfcc:
        mean: [-771.201538086, 86.6300735474, -26.8422279358, 72.0035476685, -7.71609926224, 6.41414880753, 11.2411623001, 10.6246757507, 8.42013835907, 14.47514534, -0.3676879704, -2.23238873482, -1.5846580267]
        cov: [[4958.94677734, -1274.03942871, -1228.47143555, -167.194869995, -237.595962524, -311.807312012, -172.602508545, -224.82383728, -155.266204834, -128.694717407, -126.079490662, 120.180114746, 184.876861572], [-1274.03942871, 1012.22662354, 335.713134766, -183.140151978, 59.2366676331, 3.09761738777, 16.0154266357, -44.4466438293, -37.5308189392, -5.62208843231, 32.4831161499, -18.5884056091, -56.7747116089], [-1228.47143555, 335.713134766, 932.055114746, -19.5269699097, -10.5087022781, 122.825447083, -65.6369857788, -27.9895744324, -12.2863817215, -14.0236711502, 87.5763702393, 57.534488678, -64.1145095825], [-167.194869995, -183.140151978, -19.5269699097, 571.041748047, 142.570861816, -187.929763794, -46.8668365479, 82.1097106934, -13.6985387802, 10.4299468994, -34.081073761, -3.01831936836, 55.0869407654], [-237.595962524, 59.2366676331, -10.5087022781, 142.570861816, 261.740722656, -62.4960021973, -25.309633255, 23.6851787567, 13.6226205826, 20.736869812, -17.7426948547, -9.78649234772, 13.0890464783], [-311.807312012, 3.09761738777, 122.825447083, -187.929763794, -62.4960021973, 368.042205811, 116.589279175, 10.4649438858, 9.55532073975, -5.67811012268, 8.45879364014, -55.512096405, -64.5142288208], [-172.602508545, 16.0154266357, -65.6369857788, -46.8668365479, -25.309633255, 116.589279175, 181.917297363, 73.445892334, 9.38369274139, 18.3128395081, -14.3685312271, -29.4953994751, -12.552895546], [-224.82383728, -44.4466438293, -27.9895744324, 82.1097106934, 23.6851787567, 10.4649438858, 73.445892334, 148.115661621, 54.4644622803, 16.1616325378, -24.2622928619, -22.0264091492, 14.3982791901], [-155.266204834, -37.5308189392, -12.2863817215, -13.6985387802, 13.6226205826, 9.55532073975, 9.38369274139, 54.4644622803, 145.746994019, 43.1831016541, -14.5025510788, -16.8721485138, -5.49511384964], [-128.694717407, -5.62208843231, -14.0236711502, 10.4299468994, 20.736869812, -5.67811012268, 18.3128395081, 16.1616325378, 43.1831016541, 115.246635437, 37.9384155273, -9.58879566193, -29.6189594269], [-126.079490662, 32.4831161499, 87.5763702393, -34.081073761, -17.7426948547, 8.45879364014, -14.3685312271, -24.2622928619, -14.5025510788, 37.9384155273, 98.7616882324, 27.7910308838, -29.6919021606], [120.180114746, -18.5884056091, 57.534488678, -3.01831936836, -9.78649234772, -55.512096405, -29.4953994751, -22.0264091492, -16.8721485138, -9.58879566193, 27.7910308838, 111.778038025, 53.2109642029], [184.876861572, -56.7747116089, -64.1145095825, 55.0869407654, 13.0890464783, -64.5142288208, -12.552895546, 14.3982791901, -5.49511384964, -29.6189594269, -29.6919021606, 53.2109642029, 99.5743179321]]
        icov: [[0.000741279800422, 0.000823917565867, 0.000658543140162, 0.000596119498368, 0.000263633934082, 0.000492327439133, 0.000406178674893, 0.000625156913884, 0.000760882569011, 0.000154917957843, 0.000735768524464, -0.000558017054573, 3.84994236811e-05], [0.000823917565867, 0.00241110636853, -3.25736400555e-05, 0.00150663778186, -0.000416297581978, 0.00151920667849, -0.000464641052531, 0.00100877066143, 0.00126239145175, 0.000293964636512, 0.00073604087811, 0.000407084793551, -1.58545753948e-05], [0.000658543140162, -3.25736400555e-05, 0.0025017906446, -0.000191281811567, 0.000505303265527, -0.000964274571743, 0.00181008712389, -0.000118328491226, 0.000374391005607, 0.000712367589585, 2.47644184128e-05, -0.00268705515191, 0.00170540611725], [0.000596119498368, 0.00150663778186, -0.000191281811567, 0.00384161272086, -0.00113153201528, 0.0020944098942, 0.000524194329046, -0.00131875032093, 0.00214919238351, -0.000539444503374, 0.00097519706469, 0.00120409124065, -0.00112821999937], [0.000263633934082, -0.000416297581978, 0.000505303265527, -0.00113153201528, 0.00503915455192, -0.000146563746966, 0.00114633596968, -7.70867991378e-05, 3.26086387759e-06, -0.0010993394535, 0.00112158816773, -0.000247260963079, -0.000237438667682], [0.000492327439133, 0.00151920667849, -0.000964274571743, 0.0020944098942, -0.000146563746966, 0.00608228426427, -0.00362722110003, 0.00130904908292, 0.000320163177093, 0.00127102236729, -2.49566310231e-05, 0.00248942617327, 0.000543974922039], [0.000406178674893, -0.000464641052531, 0.00181008712389, 0.000524194329046, 0.00114633596968, -0.00362722110003, 0.0116179296747, -0.00594995869324, 0.00290156505071, -0.00256021367386, 0.00216634222306, -0.00191623123828, 0.000749195110984], [0.000625156913884, 0.00100877066143, -0.000118328491226, -0.00131875032093, -7.70867991378e-05, 0.00130904908292, -0.00594995869324, 0.0135843427852, -0.00411933800206, 0.0009382822318, 7.59733884479e-05, 0.00204765168019, -0.00280806492083], [0.000760882569011, 0.00126239145175, 0.000374391005607, 0.00214919238351, 3.26086387759e-06, 0.000320163177093, 0.00290156505071, -0.00411933800206, 0.0112845031545, -0.00462094461545, 0.00392785202712, -0.000367570784874, 0.000143479381222], [0.000154917957843, 0.000293964636512, 0.000712367589585, -0.000539444503374, -0.0010993394535, 0.00127102236729, -0.00256021367386, 0.0009382822318, -0.00462094461545, 0.014190973714, -0.00641364930198, 0.000182851727004, 0.00310265878215], [0.000735768524464, 0.00073604087811, 2.47644184128e-05, 0.00097519706469, 0.00112158816773, -2.49566310231e-05, 0.00216634222306, 7.59733884479e-05, 0.00392785202712, -0.00641364930198, 0.0189963579178, -0.00791519135237, 0.00683177961037], [-0.000558017054573, 0.000407084793551, -0.00268705515191, 0.00120409124065, -0.000247260963079, 0.00248942617327, -0.00191623123828, 0.00204765168019, -0.000367570784874, 0.000182851727004, -0.00791519135237, 0.0203688573092, -0.0132312932983], [3.84994236811e-05, -1.58545753948e-05, 0.00170540611725, -0.00112821999937, -0.000237438667682, 0.000543974922039, 0.000749195110984, -0.00280806492083, 0.000143479381222, 0.00310265878215, 0.00683177961037, -0.0132312932983, 0.0226071942598]]
    spectral_contrast:
        mean: [1.55376739031e-07, -2.36039255697e-07, 4.61623379522e-08, 5.21657852914e-07, 1.63357015026e-07, 4.59886649651e-07, 7.76406068326e-07, -3.06310903397e-06, 5.41151803191e-06, 5.42360567124e-06, 4.90592071856e-07, 1.74645776951e-06]
        var: [0.000888749375008, 0.0020385554526, 0.0025738554541, 0.00262848706916, 0.00463283667341, 0.00831353198737, 0.0938097015023, 0.107076913118, 0.212517052889, 0.319936007261, 0.477466791868, 3.15739655495]

rhythm:
    beats_loudness:
        dmean: 0.00331096444279
        dmean2: 0.0064171073027
        dvar: 8.7151192929e-06
        dvar2: 2.2794582037e-05
        max: 0.0125800389796
        mean: 0.00678941141814
        min: 0.00105763180181
        var: 1.37405586429e-05
    beats_loudness_bass:
        dmean: 0.245143339038
        dmean2: 0.511733233929
        dvar: 0.0824891403317
        dvar2: 0.271466434002
        max: 0.948230206966
        mean: 0.168640062213
        min: 0.00193590647541
        var: 0.058401145041
    bpm: 81.2730560303
    bpm_confidence: 0
    first_peak_bpm: 164
    first_peak_spread: 0
    first_peak_weight: 0.555555582047
    onset_rate: 4.89760112762
    second_peak_bpm: 81
    second_peak_spread: 0
    second_peak_weight: 0.388888895512
    beats_position: [0.539739608765, 1.277993083, 2.01624655724, 2.75449991226, 3.49275350571, 4.23100709915, 4.9692606926, 5.70751428604, 6.09538125992, 6.46231412888, 6.829246521, 7.19617891312, 7.56311225891, 7.93004512787, 8.29697799683, 8.66390991211, 9.03084278107, 9.3977766037, 9.76470851898]
    bpm_estimates: [81.4789581299, 81.2412109375, 81.4119338989, 81.2334747314, 81.1930847168, 81.100440979, 81.2549133301, 81.2703857422]
    bpm_intervals: [0.738253474236, 0.738253474236, 0.738253355026, 0.738253593445, 0.738253593445, 0.738253593445, 0.738253593445, 0.387866973877, 0.366932868958, 0.36693239212, 0.36693239212, 0.366933345795, 0.366932868958, 0.366932868958, 0.366931915283, 0.366932868958, 0.366933822632, 0.366931915283]
    onset_times: [0.0580498874187, 0.162539675832, 0.371519267559, 0.49922901392, 0.905578255653, 1.07972788811, 1.27709746361, 1.60217690468, 1.83437645435, 1.98530614376, 2.3916554451, 2.51936507225, 2.75156474113, 2.96054410934, 3.12308382988, 3.33206343651, 3.50621318817, 3.68036270142, 3.85451245308, 4.23764181137, 4.446621418, 4.55111122131, 4.6439909935, 4.74848079681, 4.99229001999, 5.35219955444, 5.72371864319, 5.94430828094, 6.09523820877, 6.3042178154, 6.46675729752, 6.65251684189, 6.73378705978, 7.14013624191, 7.20979595184, 7.56970500946, 7.95283460617, 8.15020370483, 8.33596324921, 8.44045352936, 8.54494285583, 8.6146030426, 8.6958732605, 8.90485286713, 9.06739234924, 9.26476192474, 9.43891143799, 9.62467098236, 9.81043052673]
    rubato_start: [6.09538125992]
    rubato_stop: [6.46231412888]
    perceptual_tempo: "unknown"

sfx:
    inharmonicity:
        dmean: 0.0584903135896
        dmean2: 0.101537466049
        dvar: 0.00384566094726
        dvar2: 0.0103908125311
        max: 0.419062852859
        mean: 0.0595342330635
        min: 0
        var: 0.00439351098612
    oddtoevenharmonicenergyratio:
        dmean: 13.77546978
        dmean2: 26.916015625
        dvar: 4438.46044922
        dvar2: 13438.0927734
        max: 660.875671387
        mean: 7.8018860817
        min: 0
        var: 2307.55126953
    pitch_after_max_to_before_max_energy_ratio: 0.190458863974
    pitch_centroid: 218.704055786
    pitch_max_to_total: 0.832167804241
    pitch_min_to_total: 0.037296038121
    tristimulus:
        dmean: [0.247049748898, 0.313576579094, 0.189712792635]
        dmean2: [0.440232396126, 0.549305856228, 0.336394160986]
        dvar: [0.0583541058004, 0.0629121512175, 0.0362828150392]
        dvar2: [0.14822666347, 0.177114591002, 0.0944856032729]
        max: [1, 0.997410058975, 0.960213422775]
        mean: [0.349568933249, 0.406301826239, 0.168984368443]
        min: [0.00258985883556, 0, 0]
        var: [0.081048078835, 0.0842461138964, 0.0435518659651]

tonal:
    chords_changes_rate: 0.115740738809
    chords_number_rate: 0.0324074067175
    chords_strength:
        dmean: 0.00897809304297
        dmean2: 0.0107016237453
        dvar: 5.60224434594e-05
        dvar2: 7.07496146788e-05
        max: 0.564584434032
        mean: 0.443095088005
        min: 0.320196866989
        var: 0.00370536162518
    key_strength: 0.534292042255
    tuning_diatonic_strength: 0.45849391818
    tuning_equal_tempered_deviation: 0.15772023797
    tuning_frequency: 444.085327148
    tuning_nontempered_energy_ratio: 0.855284333229
    hpcp:
        dmean: [0.0860874503851, 0.11835244298, 0.189037308097, 0.234802216291, 0.211503729224, 0.221189185977, 0.252890199423, 0.210967332125, 0.172545537353, 0.137490540743, 0.0996481776237, 0.0885527059436, 0.104550011456, 0.110300257802, 0.100838392973, 0.100847490132, 0.0921425744891, 0.0843813493848, 0.097892254591, 0.0896365046501, 0.0649117454886, 0.0801820829511, 0.157075867057, 0.173845589161, 0.188635274768, 0.126677468419, 0.0970279127359, 0.0796325355768, 0.144056200981, 0.207343533635, 0.229622721672, 0.136348828673, 0.100808776915, 0.112860247493, 0.100332416594, 0.0888547971845]
        dmean2: [0.139130696654, 0.194982886314, 0.32290571928, 0.389963746071, 0.348791003227, 0.357993721962, 0.403820097446, 0.355155199766, 0.293623358011, 0.22860455513, 0.163273096085, 0.147056162357, 0.178832277656, 0.187493622303, 0.169376984239, 0.165639072657, 0.148561745882, 0.134309157729, 0.162929832935, 0.151691064239, 0.108180135489, 0.136448472738, 0.267154753208, 0.264931410551, 0.322106719017, 0.217587247491, 0.163393348455, 0.139935418963, 0.253793030977, 0.35855665803, 0.389150500298, 0.241838663816, 0.175561442971, 0.195912048221, 0.169420734048, 0.14294975996]
        dvar: [0.017764441669, 0.0162551924586, 0.0486421175301, 0.0647407397628, 0.0557163357735, 0.0595901682973, 0.0719854012132, 0.0532717332244, 0.0470547489822, 0.0317632369697, 0.023374767974, 0.0219930484891, 0.0310606826097, 0.0334883965552, 0.0275895763189, 0.0265709087253, 0.01406718418, 0.0130223641172, 0.0244234092534, 0.019384033978, 0.0107914665714, 0.0155916959047, 0.0422282405198, 0.0461257323623, 0.0594100877643, 0.0293299369514, 0.030091015622, 0.0190642550588, 0.0351264812052, 0.0594495162368, 0.0537954159081, 0.0321312136948, 0.0292248502374, 0.0350206159055, 0.0253197066486, 0.0221623703837]
        dvar2: [0.041745338589, 0.0369474589825, 0.100813224912, 0.144544109702, 0.127113416791, 0.122565276921, 0.174170970917, 0.125923469663, 0.115639314055, 0.0792442932725, 0.060594368726, 0.0540453195572, 0.0760983079672, 0.0856294110417, 0.0616058371961, 0.0546259060502, 0.0300829168409, 0.0284129790962, 0.0575503073633, 0.048935841769, 0.0237389989197, 0.0378543362021, 0.1176327914, 0.0860019698739, 0.140648692846, 0.0768922194839, 0.0814092308283, 0.0524236634374, 0.106547310948, 0.140190169215, 0.135062411427, 0.0971643179655, 0.0749194249511, 0.0869314223528, 0.0645282492042, 0.051802188158]
        max: [0.931795835495, 1, 1, 1, 1, 1, 1, 1, 1, 0.904607594013, 1, 0.987532436848, 1, 1, 1, 1, 0.88911062479, 0.858212649822, 1, 0.822134017944, 0.691565692425, 1, 1, 1, 1, 1, 1, 0.87770318985, 1, 1, 1, 1, 0.978410959244, 1, 1, 1]
        mean: [0.0908718556166, 0.13030962646, 0.254119873047, 0.291934370995, 0.23969142139, 0.279718905687, 0.294237375259, 0.232621490955, 0.186871409416, 0.145327299833, 0.0996163710952, 0.0882999449968, 0.0944588556886, 0.0983085930347, 0.116274818778, 0.122128784657, 0.101918779314, 0.0912625491619, 0.0883583500981, 0.073567725718, 0.0597963668406, 0.0686975196004, 0.16233728826, 0.316507160664, 0.269848674536, 0.12591470778, 0.0888285934925, 0.0703861787915, 0.160068914294, 0.459875136614, 0.471699357033, 0.180423527956, 0.0954211875796, 0.1060096398, 0.0900476425886, 0.08317361027]
        min: [0.000907521578483, 0.000758253561798, 0.00322226202115, 0.00274397432804, 0.00228469586, 0.00149854249321, 0.000764994707424, 0.00154217367526, 0.00201604072936, 0.00122575974092, 0.000985129270703, 0.000879041443113, 0.000380570912967, 0.000313779804856, 0.000699878961314, 0.00160422129557, 0.00288484618068, 0.000364981475286, 0.000288294104394, 0.000202713228646, 8.26334871817e-05, 0.000100250872492, 0.000629903865047, 0.00100856495555, 0.00107335171197, 0.000568135757931, 0.000404178164899, 0.000536247738637, 0.00150428176858, 0.00258073280565, 0.00415437202901, 0.00231048744172, 0.000909619906452, 0.000622270046733, 0.000711771659553, 0.000968947832007]
        var: [0.0220007132739, 0.0235922019929, 0.072219632566, 0.0949690937996, 0.0772852748632, 0.103352956474, 0.112460792065, 0.0690797641873, 0.0556159950793, 0.0368164665997, 0.0223773103207, 0.0209749434143, 0.0289339907467, 0.0317250154912, 0.038529779762, 0.0390322357416, 0.0214424245059, 0.0177314486355, 0.0249590277672, 0.0174223091453, 0.0119653334841, 0.0165262594819, 0.046883367002, 0.131940364838, 0.111468121409, 0.0317337363958, 0.0273433830589, 0.0169485751539, 0.0361747220159, 0.133376821876, 0.119852028787, 0.0335200168192, 0.0252796765417, 0.0306949038059, 0.02272426337, 0.0238390639424]
    chords_histogram: [2.77777767181, 0, 0.462962955236, 0, 0, 0, 0, 0, 0, 16.2037029266, 4.16666650772, 0, 0, 0, 0, 6.94444465637, 19.9074077606, 0, 0, 0, 0.925925910473, 0, 37.5, 11.1111106873]
    thpcp: [1, 0.382496863604, 0.202292382717, 0.224739849567, 0.190900504589, 0.176327586174, 0.192647829652, 0.27625566721, 0.5387327075, 0.618899226189, 0.508144497871, 0.59300249815, 0.623781561852, 0.493156254292, 0.396166354418, 0.308093070984, 0.211186155677, 0.187195390463, 0.200252249837, 0.208413660526, 0.246501967311, 0.258912354708, 0.216067239642, 0.193476095796, 0.187319204211, 0.155963167548, 0.126767963171, 0.145638361573, 0.344154149294, 0.670993387699, 0.572077691555, 0.266938477755, 0.188316121697, 0.149218305945, 0.339345216751, 0.974932730198]
    chords_key: "E"
    chords_scale: "minor"
    key_key: "B"
    key_scale: "minor"
    chords_progression: ["Em", "Em", "Em", "Em", "Em", "Em", "Em", "Em", "Em", "Em", "Em", "Em", "Em", "Em", "Em", "Em", "Em", "Em", "Em", "Em", "Em", "Em", "Em", "Em", "Em", "Em", "Em", "Em", "Em", "Em", "Em", "Em", "Em", "F#", "Bm", "Bm", "Bm", "Bm", "Bm", "Bm", "F#", "F#", "F#", "F#", "F#", "F#", "Gm", "Gm", "Gm", "F#", "Gm", "Gm", "Gm", "Gm", "Gm", "Gm", "Gm", "Gm", "F#", "F#", "F#", "Gm", "Gm", "Gm", "Gm", "Gm", "Gm", "Gm", "Gm", "Gm", "Em", "Em", "Em", "Em", "Em", "Em", "Em", "Em", "Em", "Em", "Em", "Em", "Em", "Em", "Em", "Em", "Em", "Em", "Em", "Em", "Em", "Em", "Em", "Em", "Em", "Em", "Em", "Em", "Em", "Em", "Em", "Em", "Em", "Em", "G", "G", "G", "G", "G", "G", "G", "G", "G", "G", "G", "G", "G", "G", "G", "G", "G", "F#", "G", "G", "G", "G", "G", "G", "G", "Gm", "Gm", "Gm", "Gm", "Gm", "Gm", "Gm", "Gm", "Gm", "Gm", "Gm", "Gm", "Gm", "Gm", "Gm", "Gm", "Gm", "D#", "D#", "D#", "D#", "D#", "D#", "Em", "Em", "Em", "Em", "Em", "Em", "Em", "Em", "Em", "Em", "F#", "Em", "Em", "Em", "Em", "F#", "F#", "F#", "F#", "F#", "F#", "F#", "F#", "F#", "F#", "F#", "F#", "F#", "F#", "F#", "F#", "F#", "F#", "F#", "F#", "F#", "F#", "F#m", "Gm", "D#", "Gm", "Gm", "Gm", "Gm", "Gm", "D#", "D#", "D#", "D#", "D#", "D#", "D#", "D#", "A#m", "A#m", "A#m", "A#m", "A#m", "A#m", "A#m", "A#m", "A#m", "Am", "Am"]
