
metadata:
    version:
        essentia: "1.2.2"
    audio_properties:
        analysis_sample_rate: 44100
        bitrate: 128
        channels: 2
        equal_loudness: 1
        length: 9.97877597809
        replay_gain: -10.1449375153
        downmix: "mix"
    tags:
        track: 19
        year: 0
        album: "Splitted by Mp3Splt v. 2.1"
        artist: "From 003.00 To 003.10"
        comment: "http://mp3splt.sf.net"
        genre: ""
        title: "10 Radio Friendly Unit Shifter"

highlevel:
    ballroom:
        all:
            ChaChaCha: 0.0338850803673
            Jive: 0.773523330688
            Quickstep: 0.00380897801369
            Rumba-American: 0.000386056402931
            Rumba-International: 0.000573031255044
            Rumba-Misc: 0.000433178764069
            Samba: 0.18518640101
            Tango: 0.000177777270437
            VienneseWaltz: 0.00176978821401
            Waltz: 0.000256395782344
        probability: 0.773523330688
        value: "Jive"
    culture:
        all:
            non_western: 0.289472639561
            western: 0.710527360439
        probability: 0.710527360439
        value: "western"
    gender:
        all:
            female: 0.230687513947
            male: 0.769312500954
        probability: 0.769312500954
        value: "male"
    genre_dortmund:
        all:
            alternative: 0.101189248264
            blues: 0.00471425289288
            electronic: 0.0152460951358
            folkcountry: 0.00674874708056
            funksoulrnb: 0.00292638596147
            jazz: 0.00430607888848
            pop: 0.0267479065806
            raphiphop: 0.00401264196262
            rock: 0.834108650684
        probability: 0.834108650684
        value: "rock"
    genre_electronica:
        all:
            ambient: 0.0413099117577
            dnb: 0.711121439934
            house: 0.00171152618714
            techno: 0.0111587364227
            trance: 0.234698385
        probability: 0.711121439934
        value: "dnb"
    genre_rosamerica:
        all:
            cla: 0.000801213493105
            dan: 0.00610544113442
            hip: 0.00358067150228
            jaz: 0.000764245225582
            pop: 0.00119736627676
            rhy: 0.000450119230663
            roc: 0.986303806305
            spe: 0.000797113403678
        probability: 0.986303806305
        value: "roc"
    genre_tzanetakis:
        all:
            blu: 0.00495831016451
            cla: 0.00829498097301
            cou: 0.0376596823335
            dis: 0.0524769164622
            hip: 0.0541794002056
            jaz: 0.0787341818213
            met: 0.39333575964
            pop: 0.101671487093
            reg: 0.011267228052
            roc: 0.257422059774
        probability: 0.39333575964
        value: "met"
    live_studio:
        all:
            live: 0.0791590809822
            studio: 0.920840919018
        probability: 0.920840919018
        value: "studio"
    mood:
        all:
            Cluster1: 0.385266065598
            Cluster2: 0.0120671344921
            Cluster3: 0.00351033662446
            Cluster4: 0.0192834679037
            Cluster5: 0.579872965813
        probability: 0.579872965813
        value: "Cluster5"
    mood_acoustic:
        all:
            acoustic: 0.00514242006466
            not_acoustic: 0.994857609272
        probability: 0.994857609272
        value: "not_acoustic"
    mood_aggressive:
        all:
            aggressive: 0.996689617634
            not_aggressive: 0.00331040192395
        probability: 0.996689617634
        value: "aggressive"
    mood_electronic:
        all:
            electronic: 0.214454486966
            not_electronic: 0.785545527935
        probability: 0.785545527935
        value: "not_electronic"
    mood_happy:
        all:
            happy: 0.28032118082
            not_happy: 0.71967881918
        probability: 0.71967881918
        value: "not_happy"
    mood_party:
        all:
            not_party: 0.208825558424
            party: 0.791174471378
        probability: 0.791174471378
        value: "party"
    mood_relaxed:
        all:
            not_relaxed: 0.983946561813
            relaxed: 0.0160534493625
        probability: 0.983946561813
        value: "not_relaxed"
    mood_sad:
        all:
            not_sad: 0.972277879715
            sad: 0.0277221314609
        probability: 0.972277879715
        value: "not_sad"
    rhythm:
        all:
            fast: 0.597135365009
            medium: 0.384109318256
            slow: 0.018755318597
        probability: 0.597135365009
        value: "fast"
    speech_music:
        all:
            music: 0.999374032021
            speech: 0.000625954009593
        probability: 0.999374032021
        value: "music"
    timbre:
        all:
            bright: 0.00201164907776
            dark: 0.997988343239
        probability: 0.997988343239
        value: "dark"
    voice_instrumental:
        all:
            instrumental: 0.334429174662
            voice: 0.665570795536
        probability: 0.665570795536
        value: "voice"

lowlevel:
    average_loudness: 0.985707163811
    barkbands_kurtosis:
        dmean: 0.403589636087
        dmean2: 0.702882766724
        dvar: 0.477013647556
        dvar2: 1.30422103405
        max: 5.71003341675
        mean: -1.26630103588
        min: -1.81820774078
        var: 0.422402620316
    barkbands_skewness:
        dmean: 0.379803419113
        dmean2: 0.619977235794
        dvar: 0.126671373844
        dvar2: 0.345684051514
        max: 1.53208732605
        mean: -0.0160651933402
        min: -2.41418886185
        var: 0.256948679686
    barkbands_spread:
        dmean: 4.99550628662
        dmean2: 8.36012554169
        dvar: 24.3345813751
        dvar2: 63.5365104675
        max: 55.1221122742
        mean: 39.8208847046
        min: 12.299665451
        var: 59.9656448364
    dissonance:
        dmean: 0.0111856171861
        dmean2: 0.0186242815107
        dvar: 0.000132228175062
        dvar2: 0.000309179536998
        max: 0.499999940395
        mean: 0.479249119759
        min: 0.373737066984
        var: 0.000316521764034
    hfc:
        dmean: 2.89356231689
        dmean2: 4.62407779694
        dvar: 15.727599144
        dvar2: 43.4844856262
        max: 34.6460723877
        mean: 8.80851554871
        min: 4.77671392218e-06
        var: 19.4626121521
    pitch:
        dmean: 861.518005371
        dmean2: 1656.24194336
        dvar: 1478326.5
        dvar2: 3359592.25
        max: 4009.09082031
        mean: 1799.45324707
        min: 61.5921783447
        var: 2315317.25
    pitch_instantaneous_confidence:
        dmean: 0.0714684724808
        dmean2: 0.117735989392
        dvar: 0.00279240054078
        dvar2: 0.00712064420804
        max: 0.660699903965
        mean: 0.294760614634
        min: 0.137706756592
        var: 0.00652235886082
    pitch_salience:
        dmean: 0.0572538934648
        dmean2: 0.093815036118
        dvar: 0.00242024497129
        dvar2: 0.00642181374133
        max: 0.955851733685
        mean: 0.666480898857
        min: 0.424979656935
        var: 0.00503940368071
    silence_rate_20dB:
        dmean: 0
        dmean2: 0
        dvar: 0
        dvar2: 0
        max: 1
        mean: 1
        min: 1
        var: 0
    silence_rate_30dB:
        dmean: 0
        dmean2: 0
        dvar: 0
        dvar2: 0
        max: 1
        mean: 1
        min: 1
        var: 0
    silence_rate_60dB:
        dmean: 0.0744186043739
        dmean2: 0.146853148937
        dvar: 0.0688807368279
        dvar2: 0.143934533
        max: 1
        mean: 0.104408353567
        min: 0
        var: 0.0935071185231
    spectral_centroid:
        dmean: 272.970245361
        dmean2: 435.832977295
        dvar: 52703.8710938
        dvar2: 148905.765625
        max: 2703.19018555
        mean: 1622.24951172
        min: 671.525512695
        var: 140996.09375
    spectral_complexity:
        dmean: 4.7552447319
        dmean2: 7.08411216736
        dvar: 18.8794784546
        dvar2: 44.0770645142
        max: 43
        mean: 19.437210083
        min: 0
        var: 47.897228241
    spectral_crest:
        dmean: 1.49459290504
        dmean2: 2.46479845047
        dvar: 1.82464087009
        dvar2: 5.18894195557
        max: 13.8018331528
        mean: 5.54033613205
        min: 2.52130961418
        var: 3.67803692818
    spectral_decrease:
        dmean: 3.96500693389e-10
        dmean2: 6.6341787619e-10
        dvar: 3.33867129977e-19
        dvar2: 9.36916874156e-19
        max: -6.82785794304e-16
        mean: -1.25156052189e-09
        min: -5.90393067768e-09
        var: 3.92187757559e-19
    spectral_energy:
        dmean: 0.00171419023536
        dmean2: 0.00285445805639
        dvar: 6.18331796431e-06
        dvar2: 1.72321688297e-05
        max: 0.0247106961906
        mean: 0.00552263855934
        min: 3.01025870897e-09
        var: 7.26327380107e-06
    spectral_energyband_high:
        dmean: 0.000194517633645
        dmean2: 0.000343476771377
        dvar: 1.43106746009e-07
        dvar2: 4.16386825464e-07
        max: 0.00324182026088
        mean: 0.000340247002896
        min: 1.22953841553e-10
        var: 1.11774419054e-07
    spectral_energyband_low:
        dmean: 0.000485427910462
        dmean2: 0.000833498663269
        dvar: 4.09204204743e-07
        dvar2: 1.22249332435e-06
        max: 0.00580935459584
        mean: 0.000836475461256
        min: 1.97139804481e-10
        var: 4.74239129744e-07
    spectral_energyband_middle_high:
        dmean: 0.000765219156165
        dmean2: 0.00117493222933
        dvar: 6.08596394613e-07
        dvar2: 1.50391917941e-06
        max: 0.00667146313936
        mean: 0.00258666509762
        min: 2.07214112535e-09
        var: 1.41484815686e-06
    spectral_energyband_middle_low:
        dmean: 0.000898327678442
        dmean2: 0.00152057083324
        dvar: 1.9612914457e-06
        dvar2: 5.63768571737e-06
        max: 0.0149329882115
        mean: 0.00175925006624
        min: 5.87909609884e-10
        var: 2.10766052078e-06
    spectral_flatness_db:
        dmean: 0.0117024444044
        dmean2: 0.019390726462
        dvar: 9.41219259403e-05
        dvar2: 0.000220261426875
        max: 0.182963967323
        mean: 0.129432097077
        min: 0.0697828605771
        var: 0.000313621858368
    spectral_flux:
        dmean: 0.00840689241886
        dmean2: 0.0122300265357
        dvar: 8.98262514966e-05
        dvar2: 0.000149572195369
        max: 0.116425305605
        mean: 0.0451668575406
        min: 5.48658244952e-05
        var: 0.000203622432309
    spectral_kurtosis:
        dmean: 0.868044257164
        dmean2: 1.44345843792
        dvar: 0.920371413231
        dvar2: 2.10485315323
        max: 13.1327838898
        mean: 3.29828310013
        min: 0.764753103256
        var: 1.88560318947
    spectral_rms:
        dmean: 0.000331484596245
        dmean2: 0.000533631187864
        dvar: 1.5318087776e-07
        dvar2: 4.01397102223e-07
        max: 0.00490998942405
        mean: 0.00226466380991
        min: 1.71372050772e-06
        var: 2.5923267799e-07
    spectral_rolloff:
        dmean: 299.758148193
        dmean2: 479.264434814
        dvar: 67875.7734375
        dvar2: 170665.984375
        max: 4263.57421875
        mean: 3256.32324219
        min: 1528.85742188
        var: 208472.84375
    spectral_skewness:
        dmean: 0.145997539163
        dmean2: 0.235405877233
        dvar: 0.0250829774886
        dvar2: 0.0544121786952
        max: 3.19287443161
        mean: 1.41836905479
        min: 0.882424473763
        var: 0.0597211755812
    spectral_spread:
        dmean: 493806.65625
        dmean2: 745064.125
        dvar: 224282656768
        dvar2: 432236331008
        max: 9063324
        mean: 5058009.5
        min: 2970785.5
        var: 750857879552
    spectral_strongpeak:
        dmean: 0.231137752533
        dmean2: 0.413566440344
        dvar: 0.121298789978
        dvar2: 0.351346850395
        max: 2.68366146088
        mean: 0.274717509747
        min: 7.16234208085e-05
        var: 0.145923361182
    zerocrossingrate:
        dmean: 0.00797753687948
        dmean2: 0.00956597737968
        dvar: 4.11825094488e-05
        dvar2: 5.78340150241e-05
        max: 0.14306640625
        mean: 0.0940043628216
        min: 0.03564453125
        var: 0.000252370547969
    barkbands:
        dmean: [1.05845224141e-07, 8.90454757609e-05, 0.000432342698332, 0.000321657193126, 0.0004391259572, 0.000135419584694, 0.000212691302295, 5.51562152395e-05, 0.000163898686878, 5.03945520904e-05, 5.30540528416e-05, 8.81588930497e-05, 4.88820878672e-05, 4.17385272158e-05, 9.71674235188e-05, 0.000187261248357, 0.000209177218494, 0.000223639857722, 0.000211062360904, 0.000157835180289, 9.78535972536e-05, 3.75305935449e-05, 7.00559303368e-06, 3.46969227394e-06, 1.56536668783e-06, 6.45819824285e-08, 3.32706973083e-10]
        dmean2: [1.73736040665e-07, 0.00015646276006, 0.000742812815588, 0.000567611888982, 0.000785136537161, 0.000237296713749, 0.000352426897734, 9.13838593988e-05, 0.000258397427388, 8.15687162685e-05, 8.63164314069e-05, 0.000134318266646, 7.83542636782e-05, 7.06434730091e-05, 0.000156730980962, 0.0003083566844, 0.000340919825248, 0.000364600942703, 0.000353470270056, 0.000262313405983, 0.00017299670435, 6.87775682309e-05, 1.21498678709e-05, 5.90165518588e-06, 2.53381290349e-06, 1.04838854043e-07, 5.58265100814e-10]
        dvar: [2.61738245959e-14, 1.8643634192e-08, 3.03015127656e-07, 3.13600281743e-07, 4.54155070884e-07, 4.10533935735e-08, 1.29047762698e-07, 3.98709243399e-09, 8.212121827e-08, 5.77959546888e-09, 7.13458980783e-09, 3.94757577737e-08, 4.8343973269e-09, 3.70039154873e-09, 1.17145511069e-08, 5.45789298201e-08, 5.54788961438e-08, 6.16302671119e-08, 6.2410180135e-08, 5.60019053353e-08, 3.6313341667e-08, 7.34556682147e-09, 1.31469224396e-10, 2.48079716492e-11, 5.31370477133e-12, 5.46009592723e-15, 1.42071785724e-18]
        dvar2: [6.4316187467e-14, 5.40531104321e-08, 9.01342616544e-07, 9.07916728465e-07, 1.33820367409e-06, 1.23148026887e-07, 3.3717233805e-07, 1.0425645236e-08, 1.69620776092e-07, 1.47104035619e-08, 1.74590404356e-08, 8.17985608137e-08, 1.26656214405e-08, 9.75974234763e-09, 2.79073137932e-08, 1.51075610688e-07, 1.47858727928e-07, 1.47519116922e-07, 1.81077197681e-07, 1.62725697805e-07, 1.05966321939e-07, 2.1653489668e-08, 3.60562607549e-10, 6.96942989431e-11, 1.48775158859e-11, 1.38012897212e-14, 1.77594933053e-18]
        max: [1.3921048776e-06, 0.00120175455231, 0.00460699759424, 0.00587041396648, 0.00482862163335, 0.00220148381777, 0.00378476385958, 0.000714700843673, 0.00348291150294, 0.000821259571239, 0.00103885238059, 0.00380932562985, 0.000785036303569, 0.000739029492252, 0.00123481207993, 0.00232672994025, 0.00234866375104, 0.00280204182491, 0.0018987453077, 0.00274431216531, 0.00140899186954, 0.000679402437527, 7.35870416975e-05, 5.05553289258e-05, 2.30179975915e-05, 6.2604243567e-07, 2.45573925639e-08]
        mean: [1.49484449707e-07, 0.000124833954033, 0.000711495289579, 0.00040841466398, 0.000516213534866, 0.000185197292012, 0.000283932604361, 9.65496947174e-05, 0.000259253865806, 8.71281154105e-05, 9.19439917197e-05, 0.000169051243574, 8.67578637553e-05, 7.24415003788e-05, 0.000188812584383, 0.000360199279385, 0.000448094477179, 0.000432790286141, 0.000465723045636, 0.000310556875775, 0.000148152961629, 5.0336784625e-05, 1.32388131533e-05, 7.5784892033e-06, 3.68329938283e-06, 1.09767732681e-07, 3.25537596879e-10]
        min: [6.03628536044e-11, 9.78700592791e-11, 6.88779727698e-11, 6.57952789473e-11, 1.48382681142e-10, 1.2708992192e-10, 7.7179367064e-11, 2.04131520715e-11, 1.18471926713e-10, 2.18706081023e-10, 1.89427903918e-10, 1.42165113015e-10, 2.54205378969e-10, 3.02866592916e-10, 1.2182986564e-10, 1.08549801092e-10, 3.42944284082e-10, 3.20762888473e-10, 4.88741686011e-11, 1.06684681922e-10, 5.49296511054e-11, 7.94959410799e-12, 2.33218219042e-12, 1.32293817828e-12, 1.36234014521e-12, 4.01572519812e-13, 3.90858244208e-13]
        var: [3.75046571761e-14, 2.10857002969e-08, 3.78755089514e-07, 2.28209614761e-07, 3.95215892013e-07, 4.45594352527e-08, 1.38170577202e-07, 7.46320694134e-09, 1.88857953276e-07, 1.6165939698e-08, 1.78933525774e-08, 1.5102526163e-07, 1.22110472844e-08, 6.18116713369e-09, 2.89889356964e-08, 8.32229432035e-08, 8.38412432813e-08, 8.98992098541e-08, 7.78293340886e-08, 5.21791676533e-08, 2.71742610636e-08, 5.04423747216e-09, 1.72697550704e-10, 3.72598618625e-11, 7.73861270204e-12, 1.09354054132e-14, 1.4970525657e-18]
    mfcc:
        mean: [-676.702331543, 97.2297363281, -41.6771087646, 55.1312141418, 2.64079928398, -8.16301822662, -1.34242963791, -1.28206408024, 1.34162044525, -3.32762026787, -5.41084337234, -3.29490876198, -2.11120152473]
        cov: [[2041.35217285, -164.308532715, 75.1635971069, -23.3224430084, -138.863510132, 11.0531482697, -56.4329833984, 14.1610679626, -17.9962253571, -35.3596458435, -41.6020622253, -53.5375518799, -22.9348754883], [-164.308532715, 334.680908203, -83.6568984985, -31.0210647583, -7.19943237305, -22.0050258636, 81.5056304932, 42.6126251221, 51.3352470398, 19.8695526123, 18.4165744781, 24.1455097198, 29.0255641937], [75.1635971069, -83.6568984985, 146.106536865, 42.2238731384, -2.04273366928, 5.86277627945, -40.4852523804, -30.2930183411, -21.4271469116, -15.2700777054, -13.959777832, -16.2393093109, -5.39272403717], [-23.3224430084, -31.0210647583, 42.2238731384, 195.56867981, 104.790466309, -18.3413696289, -77.2046813965, -53.2905731201, -0.435715407133, 18.1807479858, 6.70919418335, 9.03777599335, 12.1966943741], [-138.863510132, -7.19943237305, -2.04273366928, 104.790466309, 128.36239624, -0.370000958443, -25.9370536804, -26.2796878815, 5.42810201645, 29.2598590851, 17.0509243011, 13.213722229, 11.9540653229], [11.0531482697, -22.0050258636, 5.86277627945, -18.3413696289, -0.370000958443, 59.3917350769, 28.4472293854, 17.4357566833, -10.8726902008, -5.07800912857, -5.40366983414, -4.8142580986, -8.41269111633], [-56.4329833984, 81.5056304932, -40.4852523804, -77.2046813965, -25.9370536804, 28.4472293854, 129.580627441, 61.5200767517, 14.2838277817, -5.62451696396, 8.88874721527, 9.77523899078, 8.39304447174], [14.1610679626, 42.6126251221, -30.2930183411, -53.2905731201, -26.2796878815, 17.4357566833, 61.5200767517, 68.5413360596, 20.7682628632, 2.83386516571, 2.61603188515, 5.88007593155, 1.63730931282], [-17.9962253571, 51.3352470398, -21.4271469116, -0.435715407133, 5.42810201645, -10.8726902008, 14.2838277817, 20.7682628632, 52.5352478027, 24.0736408234, 12.3734407425, 6.28460836411, 5.7683672905], [-35.3596458435, 19.8695526123, -15.2700777054, 18.1807479858, 29.2598590851, -5.07800912857, -5.62451696396, 2.83386516571, 24.0736408234, 54.6126861572, 23.7307872772, 3.52177977562, -0.719428241253], [-41.6020622253, 18.4165744781, -13.959777832, 6.70919418335, 17.0509243011, -5.40366983414, 8.88874721527, 2.61603188515, 12.3734407425, 23.7307872772, 36.727394104, 15.0483942032, 2.6865875721], [-53.5375518799, 24.1455097198, -16.2393093109, 9.03777599335, 13.213722229, -4.8142580986, 9.77523899078, 5.88007593155, 6.28460836411, 3.52177977562, 15.0483942032, 36.8711738586, 16.4824771881], [-22.9348754883, 29.0255641937, -5.39272403717, 12.1966943741, 11.9540653229, -8.41269111633, 8.39304447174, 1.63730931282, 5.7683672905, -0.719428241253, 2.6865875721, 16.4824771881, 35.8790588379]]
        icov: [[0.000592922733631, 0.00025650934549, 5.05264642925e-06, -0.000444712874014, 0.000957432668656, -0.000157939546625, 0.000280211737845, -0.000489881378599, -7.82086790423e-05, -9.54766346695e-06, -8.29618729767e-05, 0.000651802925859, -0.000356622273102], [0.00025650934549, 0.00486616510898, 0.00162576895673, -0.000903991982341, 0.00124558771495, 0.00179275171831, -0.00302919046953, 0.000572355871554, -0.00271176849492, -0.000802781316452, 0.000670418550726, -0.000182035189937, -0.00207987357862], [5.05264642925e-06, 0.00162576895673, 0.00958819035441, -0.00297552277334, 0.00269570900127, -0.00176487118006, 0.000125498801935, 0.00196745828725, 0.000171538835275, 0.00121131283231, -0.000279952102574, 0.00307399267331, -0.0016849541571], [-0.000444712874014, -0.000903991982341, -0.00297552277334, 0.0136112654582, -0.0102681098506, 0.000852879777085, 0.00468081282452, 0.00218597101048, -0.00159453123342, 0.00115720869508, 0.000692796253134, -0.00218772515655, -0.000968131353147], [0.000957432668656, 0.00124558771495, 0.00269570900127, -0.0102681098506, 0.0194838158786, -0.00396252563223, -0.00231665186584, 0.00310945603997, 0.000410491746152, -0.00641582719982, -0.00149835261982, -0.000425196951255, -0.00340768718161], [-0.000157939546625, 0.00179275171831, -0.00176487118006, 0.000852879777085, -0.00396252563223, 0.0246483124793, -0.00628130882978, -0.005402920302, 0.00615863129497, -0.00203738664277, 0.00445268070325, -0.000359917525202, 0.00550999864936], [0.000280211737845, -0.00302919046953, 0.000125498801935, 0.00468081282452, -0.00231665186584, -0.00628130882978, 0.0199269764125, -0.0118924668059, 0.000643704319373, 0.00578924221918, -0.00731134414673, 0.00210782932118, -0.0041705830954], [-0.000489881378599, 0.000572355871554, 0.00196745828725, 0.00218597101048, 0.00310945603997, -0.005402920302, -0.0118924668059, 0.0337997749448, -0.0108657153323, -0.00311476434581, 0.00561573263258, -0.00566008687019, 0.00157727883197], [-7.82086790423e-05, -0.00271176849492, 0.000171538835275, -0.00159453123342, 0.000410491746152, 0.00615863129497, 0.000643704319373, -0.0108657153323, 0.0326332487166, -0.0116302035749, -0.00076301349327, 0.000857033592183, -0.00145216460805], [-9.54766346695e-06, -0.000802781316452, 0.00121131283231, 0.00115720869508, -0.00641582719982, -0.00203738664277, 0.00578924221918, -0.00311476434581, -0.0116302035749, 0.0362020879984, -0.0207845922559, 0.00819848943502, 0.00126554141752], [-8.29618729767e-05, 0.000670418550726, -0.000279952102574, 0.000692796253134, -0.00149835261982, 0.00445268070325, -0.00731134414673, 0.00561573263258, -0.00076301349327, -0.0207845922559, 0.0509116761386, -0.0207250528038, 0.00753889651969], [0.000651802925859, -0.000182035189937, 0.00307399267331, -0.00218772515655, -0.000425196951255, -0.000359917525202, 0.00210782932118, -0.00566008687019, 0.000857033592183, 0.00819848943502, -0.0207250528038, 0.0461071170866, -0.018010539934], [-0.000356622273102, -0.00207987357862, -0.0016849541571, -0.000968131353147, -0.00340768718161, 0.00550999864936, -0.0041705830954, 0.00157727883197, -0.00145216460805, 0.00126554141752, 0.00753889651969, -0.018010539934, 0.0407010242343]]
    spectral_contrast:
        mean: [-1.72799317966e-07, -3.74848667661e-07, -1.30164238499e-07, 5.90675099943e-08, -3.32226591127e-07, 5.80729420108e-07, -2.05913252671e-07, -4.42252621724e-06, 5.31798207248e-07, -2.6913576221e-06, -2.0790932922e-06, -3.12965971716e-06]
        var: [0.000286034075543, 0.000352581468178, 0.000892100099009, 0.00200375099666, 0.00289122387767, 0.00304944394156, 0.0275021325797, 0.0672052204609, 0.110700145364, 0.125660941005, 0.251789987087, 0.915419101715]

rhythm:
    beats_loudness:
        dmean: 0.00238468311727
        dmean2: 0.00446962146088
        dvar: 2.23203005589e-06
        dvar2: 6.17601426711e-06
        max: 0.00958508718759
        mean: 0.00595843046904
        min: 0.00301988772117
        var: 3.44025511367e-06
    beats_loudness_bass:
        dmean: 0.0942522585392
        dmean2: 0.164648413658
        dvar: 0.00426244083792
        dvar2: 0.00828512106091
        max: 0.3248231709
        mean: 0.159250825644
        min: 0.0366484709084
        var: 0.00605266960338
    bpm: 155.877243042
    bpm_confidence: 0
    first_peak_bpm: 156
    first_peak_spread: 0
    first_peak_weight: 0.959999978542
    onset_rate: 4.00850772858
    second_peak_bpm: 142
    second_peak_spread: 0
    second_peak_weight: 0.0399999991059
    beats_position: [0.175898194313, 0.561731338501, 0.947564482689, 1.33339762688, 1.71923077106, 2.10506391525, 2.49089717865, 2.87673020363, 3.26256346703, 3.64839625359, 4.0342297554, 4.4200630188, 4.8058962822, 5.19172954559, 5.57756280899, 5.99947404861, 6.38350343704, 6.76753234863, 7.15156173706, 7.53559064865, 7.91962051392, 8.30364990234, 8.68767929077, 9.0717086792, 9.45573806763, 9.83976745605]
    bpm_estimates: [155.728866577, 156.254470825, 155.406661987, 154.646438599, 155.79586792, 155.763122559, 155.634918213, 154.84336853, 156.653717041, 157.149185181, 156.978546143, 157.551803589, 156.329727173, 155.803161621, 155.485931396, 154.010360718]
    bpm_intervals: [0.385833144188, 0.385833144188, 0.385833144188, 0.385833144188, 0.385833144188, 0.385833263397, 0.385833024979, 0.385833263397, 0.38583278656, 0.385833501816, 0.385833263397, 0.385833263397, 0.385833263397, 0.385833263397, 0.421911239624, 0.384029388428, 0.384028911591, 0.384029388428, 0.384028911591, 0.384029865265, 0.384029388428, 0.384029388428, 0.384029388428, 0.384029388428, 0.384029388428]
    onset_times: [0.0580498874187, 0.18575963378, 0.348299324512, 0.568888902664, 0.859138309956, 0.952018141747, 1.33514738083, 1.49768710136, 1.71827661991, 2.06657600403, 2.11301589012, 2.51936507225, 2.89088439941, 3.11147403717, 3.23918366432, 3.66875290871, 3.83129262924, 3.86612248421, 4.06349229813, 4.43501138687, 4.841360569, 4.87619066238, 5.15482997894, 5.22448968887, 5.630838871, 6.00235843658, 6.37387752533, 6.76861667633, 6.9543762207, 7.14013624191, 7.52326536179, 7.90639448166, 8.103764534, 8.25469398499, 8.70748329163, 8.85841274261, 9.06739234924, 9.27637195587, 9.45052146912, 9.86848068237]
    rubato_start: []
    rubato_stop: []
    perceptual_tempo: "unknown"

sfx:
    inharmonicity:
        dmean: 0.0452762469649
        dmean2: 0.0791406109929
        dvar: 0.00238527334295
        dvar2: 0.00675437832251
        max: 0.323731154203
        mean: 0.0570734255016
        min: 0
        var: 0.00247867498547
    oddtoevenharmonicenergyratio:
        dmean: 0.965694963932
        dmean2: 1.78065121174
        dvar: 2.63963627815
        dvar2: 7.65484380722
        max: 11.6226387024
        mean: 0.763555347919
        min: 0
        var: 1.75313007832
    pitch_after_max_to_before_max_energy_ratio: 5.15618419647
    pitch_centroid: 209.853866577
    pitch_max_to_total: 0.169767439365
    pitch_min_to_total: 0.860465109348
    tristimulus:
        dmean: [0.178893402219, 0.27461078763, 0.147643953562]
        dmean2: [0.306781768799, 0.491626143456, 0.265432685614]
        dvar: [0.0204874388874, 0.0496279783547, 0.0168952122331]
        dvar2: [0.0562693104148, 0.1367277354, 0.0472468696535]
        max: [1, 0.948818325996, 0.561284601688]
        mean: [0.341525137424, 0.418486088514, 0.144860863686]
        min: [0.0409108735621, 0, 0]
        var: [0.0333654470742, 0.0627859979868, 0.0199483539909]

tonal:
    chords_changes_rate: 0.111627906561
    chords_number_rate: 0.0279069766402
    chords_strength:
        dmean: 0.01770750992
        dmean2: 0.0198996383697
        dvar: 0.000174502798473
        dvar2: 0.000212647661101
        max: 0.610036790371
        mean: 0.448814928532
        min: 0.263991564512
        var: 0.0063348650001
    key_strength: 0.599838137627
    tuning_diatonic_strength: 0.532868862152
    tuning_equal_tempered_deviation: 0.191799134016
    tuning_frequency: 437.213165283
    tuning_nontempered_energy_ratio: 0.887320995331
    hpcp:
        dmean: [0.191122576594, 0.183883219957, 0.214384645224, 0.227446943521, 0.249715656042, 0.226670488715, 0.17471589148, 0.141171008348, 0.188705101609, 0.188238114119, 0.175750300288, 0.178533062339, 0.164169430733, 0.131626263261, 0.118779733777, 0.137581348419, 0.147853568196, 0.157379582524, 0.140715554357, 0.162202447653, 0.154981091619, 0.147012829781, 0.17025154829, 0.169723212719, 0.174554243684, 0.167634934187, 0.204581275582, 0.189315348864, 0.155870184302, 0.150828287005, 0.137087181211, 0.134856104851, 0.170629575849, 0.199948340654, 0.195398658514, 0.203885823488]
        dmean2: [0.339751422405, 0.331076174974, 0.374706536531, 0.384406268597, 0.439213305712, 0.396148681641, 0.294418483973, 0.231852337718, 0.316655725241, 0.311468839645, 0.303077489138, 0.301690429449, 0.286717504263, 0.218067601323, 0.19066272676, 0.232411429286, 0.25341835618, 0.28220936656, 0.240474402905, 0.261420458555, 0.272800832987, 0.263720095158, 0.292581647635, 0.280903190374, 0.289577692747, 0.285052597523, 0.360160857439, 0.311206758022, 0.246599704027, 0.255875468254, 0.232338771224, 0.240749537945, 0.301374793053, 0.342523276806, 0.318290740252, 0.35532733798]
        dvar: [0.0449240542948, 0.0371352024376, 0.0406135804951, 0.0445423200727, 0.0558676496148, 0.0436057373881, 0.0409336350858, 0.0241820905358, 0.0483552180231, 0.0398154705763, 0.0399491600692, 0.0400399900973, 0.0346922762692, 0.0252389479429, 0.0201254040003, 0.0256726928055, 0.0303280130029, 0.0311033055186, 0.0243416428566, 0.0331968329847, 0.0320001542568, 0.026562159881, 0.0414824485779, 0.0331611894071, 0.0351693294942, 0.0325867757201, 0.039897184819, 0.0372545979917, 0.0319726765156, 0.0363413989544, 0.0301793292165, 0.0234585832804, 0.0435397811234, 0.0504140034318, 0.0426929853857, 0.0527048818767]
        dvar2: [0.123319759965, 0.0960021167994, 0.111816309392, 0.105380170047, 0.129813954234, 0.117672160268, 0.110089197755, 0.0525804720819, 0.121007621288, 0.0991141200066, 0.0918327495456, 0.115118436515, 0.10373929888, 0.0748674720526, 0.0520849190652, 0.073494002223, 0.0777259916067, 0.0899452790618, 0.0616085194051, 0.0802333280444, 0.0850026160479, 0.0743740722537, 0.113572098315, 0.0895350202918, 0.0904038101435, 0.0794493481517, 0.113294646144, 0.0902070775628, 0.0865577161312, 0.0921203270555, 0.0840577110648, 0.0615546442568, 0.125422596931, 0.135507389903, 0.103754341602, 0.138195976615]
        max: [1, 1, 1, 1, 1, 1, 1, 1, 1, 1, 1, 1, 1, 1, 1, 1, 1, 1, 1, 1, 1, 0.943255960941, 1, 1, 1, 1, 1, 1, 1, 1, 1, 1, 1, 1, 1, 1]
        mean: [0.248417079449, 0.257108062506, 0.302277892828, 0.403071314096, 0.435671746731, 0.340560734272, 0.279261857271, 0.266435176134, 0.280587852001, 0.285416483879, 0.242386087775, 0.222107678652, 0.229801401496, 0.208388730884, 0.194147050381, 0.210553705692, 0.210031494498, 0.198950022459, 0.225449621677, 0.254470974207, 0.227713420987, 0.20920997858, 0.221375063062, 0.240295514464, 0.273759812117, 0.276298582554, 0.274619817734, 0.278236448765, 0.234322369099, 0.196840420365, 0.178423345089, 0.17139865458, 0.210888773203, 0.264314472675, 0.287194788456, 0.272672742605]
        min: [0.0110992118716, 0.0108996508643, 0.0175995919853, 0.0461943745613, 0.0475623719394, 0.0303561780602, 0.0172315947711, 0.01408022549, 0.0252062492073, 0.0244309939444, 0.02531635575, 0.0192113537341, 0.00801878795028, 0.0101608373225, 0.0153497764841, 0.0180638059974, 0.0149093428627, 0.017372559756, 0.0165973380208, 0.0193847939372, 0.010271653533, 0.0085740275681, 0.0093031367287, 0.015773633495, 0.0203794855624, 0.0139759918675, 0.0142483189702, 0.0170889329165, 0.0119718965143, 0.00960098020732, 0.00782583653927, 0.0088050942868, 0.0163823999465, 0.0212221127003, 0.0159069839865, 0.00996190495789]
        var: [0.0461251884699, 0.0424859374762, 0.0498527139425, 0.0849898606539, 0.0980445444584, 0.0596044510603, 0.0731647461653, 0.0683935508132, 0.0635082274675, 0.0659336149693, 0.0545861572027, 0.0461182706058, 0.0545530542731, 0.0423822402954, 0.027898196131, 0.0340539179742, 0.0369509160519, 0.029623599723, 0.0366049557924, 0.0563278459013, 0.0381487086415, 0.0260925106704, 0.0382138974965, 0.0383072830737, 0.0551500990987, 0.0649348050356, 0.0542729012668, 0.0683041661978, 0.0526051595807, 0.0407030768692, 0.0305578391999, 0.0258876103908, 0.0451812669635, 0.0632007196546, 0.0777115300298, 0.0676875710487]
    chords_histogram: [36.2790679932, 0.930232584476, 26.0465106964, 0, 0, 0, 0, 0, 0, 13.0232553482, 0, 0, 1.86046516895, 0, 0, 0, 0, 0, 0, 0, 0, 3.25581383705, 18.6046504974, 0]
    thpcp: [1, 0.781691133976, 0.640991449356, 0.611550271511, 0.644034981728, 0.6551181674, 0.556350231171, 0.509805083275, 0.527464568615, 0.478315919638, 0.445626914501, 0.483285188675, 0.482086569071, 0.456651180983, 0.517475903034, 0.584088742733, 0.522671997547, 0.480200946331, 0.508123517036, 0.551551759243, 0.62836253643, 0.634189784527, 0.630336523056, 0.638637781143, 0.537841558456, 0.45180901885, 0.40953618288, 0.393412381411, 0.484054267406, 0.606682598591, 0.659199953079, 0.625867426395, 0.570193231106, 0.590141713619, 0.693820297718, 0.925172030926]
    chords_key: "D#"
    chords_scale: "minor"
    key_key: "D#"
    key_scale: "minor"
    chords_progression: ["D#m", "D#m", "A#", "D#m", "D#m", "F#", "D#m", "D#m", "D#m", "D#m", "D#m", "D#m", "D#m", "D#m", "D#m", "D#m", "D#m", "D#m", "D#m", "D#m", "D#m", "D#m", "D#m", "D#m", "D#m", "D#m", "D#m", "D#m", "D#m", "D#m", "D#m", "D#m", "D#m", "G#m", "D#m", "D#m", "D#m", "D#m", "Am", "Am", "D#m", "D#m", "D#m", "D#m", "D#m", "D#m", "D#m", "D#m", "D#m", "D#m", "D#m", "D#m", "D#m", "D#m", "D#m", "D#m", "D#m", "D#m", "D#m", "D#m", "A#m", "D#m", "A#m", "A#m", "A#m", "A#m", "A#m", "A#m", "A#m", "A#m", "A#m", "A#m", "A#m", "A#m", "A#m", "A#m", "A#m", "A#m", "A#m", "A#m", "A#m", "A#m", "A#m", "A#", "A#", "A#", "A#", "A#", "A#", "A#", "A#", "A#", "A#", "A#", "A#", "A#", "A#", "A#", "G#m", "G#m", "G#m", "G#m", "G#m", "G#m", "G#m", "G#m", "G#m", "G#m", "G#m", "G#m", "G#m", "G#m", "G#m", "G#m", "G#m", "G#m", "Am", "Am", "G#m", "G#m", "G#m", "D#m", "D#m", "D#m", "A#m", "A#m", "A#m", "A#m", "A#m", "A#m", "A#m", "A#m", "A#m", "A#m", "A#m", "A#m", "A#m", "A#m", "A#m", "A#m", "A#m", "A#m", "A#m", "A#m", "A#m", "A#m", "A#m", "A#m", "A#m", "A#", "A#", "A#", "A#", "A#", "A#", "A#", "A#", "A#", "A#", "A#", "A#", "E", "E", "E", "E", "E", "E", "E", "G#m", "G#m", "G#m", "G#m", "G#m", "G#m", "G#m", "G#m", "G#m", "G#m", "G#m", "G#m", "G#m", "G#m", "G#m", "G#m", "G#m", "G#m", "D#m", "D#m", "D#m", "D#m", "D#m", "D#m", "D#m", "D#m", "D#m", "D#m", "D#m", "D#m", "D#m", "D#m", "D#m", "D#m", "D#m", "D#m", "F#", "D#m", "A#m", "A#m", "A#m", "A#m", "A#m", "A#m", "A#m", "A#m", "A#m"]
