
metadata:
    version:
        essentia: "1.2.2"
    audio_properties:
        analysis_sample_rate: 44100
        bitrate: 128
        channels: 2
        equal_loudness: 1
        length: 10.0310201645
        replay_gain: -12.4474124908
        downmix: "mix"
    tags:
        track: 8
        year: 0
        album: "Splitted by Mp3Splt v. 2.1"
        artist: "From 001.10 To 001.20"
        comment: "http://mp3splt.sf.net"
        genre: ""
        title: "04 Lot More.mp3"

highlevel:
    ballroom:
        all:
            ChaChaCha: 0.147476702929
            Jive: 0.0317943133414
            Quickstep: 0.0277838539332
            Rumba-American: 0.0482409223914
            Rumba-International: 0.425107121468
            Rumba-Misc: 0.112399309874
            Samba: 0.0836780965328
            Tango: 0.0683134198189
            VienneseWaltz: 0.0252711363137
            Waltz: 0.0299351047724
        probability: 0.425107121468
        value: "Rumba-International"
    culture:
        all:
            non_western: 0.556131780148
            western: 0.443868219852
        probability: 0.556131780148
        value: "non_western"
    gender:
        all:
            female: 0.910334408283
            male: 0.0896655917168
        probability: 0.910334408283
        value: "female"
    genre_dortmund:
        all:
            alternative: 0.0492016971111
            blues: 0.0365487523377
            electronic: 0.0748382583261
            folkcountry: 0.0980840921402
            funksoulrnb: 0.0190455913544
            jazz: 0.498054474592
            pop: 0.170016154647
            raphiphop: 0.0126195373014
            rock: 0.0415914393961
        probability: 0.498054474592
        value: "jazz"
    genre_electronica:
        all:
            ambient: 0.326689243317
            dnb: 0.0858817100525
            house: 0.410201907158
            techno: 0.0719348415732
            trance: 0.1052922979
        probability: 0.410201907158
        value: "house"
    genre_rosamerica:
        all:
            cla: 0.0223643444479
            dan: 0.225105300546
            hip: 0.0222466997802
            jaz: 0.177866443992
            pop: 0.123848222196
            rhy: 0.355758786201
            roc: 0.0615658126771
            spe: 0.0112443976104
        probability: 0.355758786201
        value: "rhy"
    genre_tzanetakis:
        all:
            blu: 0.0172875504941
            cla: 0.00639805663377
            cou: 0.00917529594153
            dis: 0.0286040641367
            hip: 0.0335987359285
            jaz: 0.0253447648138
            met: 0.0037935115397
            pop: 0.56505471468
            reg: 0.27897554636
            roc: 0.0317677296698
        probability: 0.56505471468
        value: "pop"
    live_studio:
        all:
            live: 0.0389314033091
            studio: 0.961068570614
        probability: 0.961068570614
        value: "studio"
    mood:
        all:
            Cluster1: 0.179367527366
            Cluster2: 0.211168900132
            Cluster3: 0.402362763882
            Cluster4: 0.128769859672
            Cluster5: 0.0783309414983
        probability: 0.402362763882
        value: "Cluster3"
    mood_acoustic:
        all:
            acoustic: 0.855331599712
            not_acoustic: 0.14466843009
        probability: 0.855331599712
        value: "acoustic"
    mood_aggressive:
        all:
            aggressive: 9.8803830042e-06
            not_aggressive: 0.999990105629
        probability: 0.999990105629
        value: "not_aggressive"
    mood_electronic:
        all:
            electronic: 0.802914559841
            not_electronic: 0.197085440159
        probability: 0.802914559841
        value: "electronic"
    mood_happy:
        all:
            happy: 0.117659658194
            not_happy: 0.882340312004
        probability: 0.882340312004
        value: "not_happy"
    mood_party:
        all:
            not_party: 0.871573925018
            party: 0.128426104784
        probability: 0.871573925018
        value: "not_party"
    mood_relaxed:
        all:
            not_relaxed: 0.853998184204
            relaxed: 0.146001845598
        probability: 0.853998184204
        value: "not_relaxed"
    mood_sad:
        all:
            not_sad: 0.150690644979
            sad: 0.849309384823
        probability: 0.849309384823
        value: "sad"
    rhythm:
        all:
            fast: 0.156588613987
            medium: 0.785326719284
            slow: 0.058084692806
        probability: 0.785326719284
        value: "medium"
    speech_music:
        all:
            music: 0.903424203396
            speech: 0.0965758264065
        probability: 0.903424203396
        value: "music"
    timbre:
        all:
            bright: 0.0883328318596
            dark: 0.91166716814
        probability: 0.91166716814
        value: "dark"
    voice_instrumental:
        all:
            instrumental: 0.961534261703
            voice: 0.0384657159448
        probability: 0.961534261703
        value: "instrumental"

lowlevel:
    average_loudness: 0.907138228416
    barkbands_kurtosis:
        dmean: 4.17532348633
        dmean2: 6.47247934341
        dvar: 60.1973571777
        dvar2: 128.347076416
        max: 76.5743942261
        mean: 7.84873247147
        min: -1.77630972862
        var: 201.005569458
    barkbands_skewness:
        dmean: 0.606370449066
        dmean2: 0.919254183769
        dvar: 0.514429628849
        dvar2: 1.11262643337
        max: 6.99332761765
        mean: 1.78012919426
        min: -1.08989775181
        var: 2.54310417175
    barkbands_spread:
        dmean: 4.47926998138
        dmean2: 7.03180599213
        dvar: 37.8257217407
        dvar2: 83.1647109985
        max: 62.2125358582
        mean: 15.3557195663
        min: 0.903345584869
        var: 103.974494934
    dissonance:
        dmean: 0.0355373583734
        dmean2: 0.0587343759835
        dvar: 0.00115899916273
        dvar2: 0.0030716327019
        max: 0.499391049147
        mean: 0.412862241268
        min: 0.226807668805
        var: 0.0033828066662
    hfc:
        dmean: 1.2114470005
        dmean2: 1.97137141228
        dvar: 6.93205308914
        dvar2: 17.841840744
        max: 24.4741210938
        mean: 2.50340127945
        min: 0.0071313297376
        var: 10.3122692108
    pitch:
        dmean: 215.127258301
        dmean2: 414.590454102
        dvar: 585213.25
        dvar2: 1645360.125
        max: 4410
        mean: 327.377716064
        min: 67.5344543457
        var: 348400.71875
    pitch_instantaneous_confidence:
        dmean: 0.0914719477296
        dmean2: 0.145521342754
        dvar: 0.0123887807131
        dvar2: 0.0279827471823
        max: 0.963664710522
        mean: 0.560253560543
        min: 0.119834661484
        var: 0.049903921783
    pitch_salience:
        dmean: 0.070214509964
        dmean2: 0.111554689705
        dvar: 0.00601305533201
        dvar2: 0.0147461816669
        max: 0.881274402142
        mean: 0.47865986824
        min: 0.210457995534
        var: 0.0184308513999
    silence_rate_20dB:
        dmean: 0
        dmean2: 0
        dvar: 0
        dvar2: 0
        max: 1
        mean: 1
        min: 1
        var: 0
    silence_rate_30dB:
        dmean: 0
        dmean2: 0
        dvar: 0
        dvar2: 0
        max: 1
        mean: 1
        min: 1
        var: 0
    silence_rate_60dB:
        dmean: 0.12962962687
        dmean2: 0.259860783815
        dvar: 0.112825781107
        dvar2: 0.220175415277
        max: 1
        mean: 0.535796761513
        min: 0
        var: 0.248718842864
    spectral_centroid:
        dmean: 162.548614502
        dmean2: 244.419937134
        dvar: 78194.359375
        dvar2: 163220.9375
        max: 3110.93994141
        mean: 700.459655762
        min: 145.126571655
        var: 229768.46875
    spectral_complexity:
        dmean: 1.57076561451
        dmean2: 2.61162781715
        dvar: 9.21944999695
        dvar2: 18.2747325897
        max: 29
        mean: 5.08333349228
        min: 0
        var: 15.5254764557
    spectral_crest:
        dmean: 2.10496449471
        dmean2: 3.38499498367
        dvar: 5.50637578964
        dvar2: 12.289937973
        max: 23.1670608521
        mean: 11.1263532639
        min: 2.20188212395
        var: 22.5615882874
    spectral_decrease:
        dmean: 3.53313794887e-10
        dmean2: 5.68311897542e-10
        dvar: 3.72043014511e-19
        dvar2: 9.66120485682e-19
        max: -2.84869263595e-12
        mean: -9.34080479631e-10
        min: -5.34077937431e-09
        var: 7.10605738633e-19
    spectral_energy:
        dmean: 0.00143194990233
        dmean2: 0.00231003575027
        dvar: 5.95691972194e-06
        dvar2: 1.54291046783e-05
        max: 0.0206149909645
        mean: 0.00375250075012
        min: 1.13984478958e-05
        var: 1.14355161713e-05
    spectral_energyband_high:
        dmean: 6.0844777181e-05
        dmean2: 9.83669306152e-05
        dvar: 1.82195574183e-08
        dvar2: 4.49629986576e-08
        max: 0.00080422119936
        mean: 5.93847798882e-05
        min: 4.54881110556e-09
        var: 1.63852096335e-08
    spectral_energyband_low:
        dmean: 0.000386617233744
        dmean2: 0.000585175410379
        dvar: 5.04016213654e-07
        dvar2: 1.11778399514e-06
        max: 0.00609187036753
        mean: 0.000955070776399
        min: 1.02701051219e-07
        var: 1.37963638736e-06
    spectral_energyband_middle_high:
        dmean: 0.000474886095617
        dmean2: 0.000731938227545
        dvar: 9.93938101601e-07
        dvar2: 2.34307503888e-06
        max: 0.0132996374741
        mean: 0.0010982977692
        min: 5.66117428491e-08
        var: 3.17970966535e-06
    spectral_energyband_middle_low:
        dmean: 0.00084017025074
        dmean2: 0.0013952802401
        dvar: 3.42617317983e-06
        dvar2: 9.43764098338e-06
        max: 0.0158949848264
        mean: 0.00163974880707
        min: 6.21223034614e-06
        var: 3.64888933291e-06
    spectral_flatness_db:
        dmean: 0.0256039649248
        dmean2: 0.0367953702807
        dvar: 0.000703149707988
        dvar2: 0.00130489026196
        max: 0.463487029076
        mean: 0.224624320865
        min: 0.0825134143233
        var: 0.00411692634225
    spectral_flux:
        dmean: 0.0114659098908
        dmean2: 0.0174051765352
        dvar: 0.000250053039053
        dvar2: 0.000512759957928
        max: 0.112442538142
        mean: 0.0259247869253
        min: 0.00218130974099
        var: 0.000416204682551
    spectral_kurtosis:
        dmean: 3.63614559174
        dmean2: 5.73136711121
        dvar: 30.3497409821
        dvar2: 61.0591812134
        max: 96.1865386963
        mean: 9.48498344421
        min: -0.73358464241
        var: 114.443130493
    spectral_rms:
        dmean: 0.000341628823662
        dmean2: 0.000523131864611
        dvar: 2.40470200197e-07
        dvar2: 5.60601563393e-07
        max: 0.00448466092348
        mean: 0.00171573180705
        min: 0.000105453480501
        var: 7.17236730452e-07
    spectral_rolloff:
        dmean: 372.609161377
        dmean2: 637.633056641
        dvar: 458671.09375
        dvar2: 978681.3125
        max: 5060.30273438
        mean: 1158.45556641
        min: 129.19921875
        var: 1022671.6875
    spectral_skewness:
        dmean: 0.432442009449
        dmean2: 0.646973788738
        dvar: 0.259457290173
        dvar2: 0.48136600852
        max: 8.01461696625
        mean: 2.33228349686
        min: 0.5834659338
        var: 0.986631631851
    spectral_spread:
        dmean: 855758.5625
        dmean2: 1145369
        dvar: 1.37487869542e+12
        dvar2: 1.93799048397e+12
        max: 16267628
        mean: 4475164.5
        min: 1211086.125
        var: 4.12730287718e+12
    spectral_strongpeak:
        dmean: 0.172998324037
        dmean2: 0.281071901321
        dvar: 0.107462756336
        dvar2: 0.235963746905
        max: 2.84838485718
        mean: 0.553890287876
        min: 0.00494924373925
        var: 0.504543781281
    zerocrossingrate:
        dmean: 0.00771620310843
        dmean2: 0.00862100254744
        dvar: 9.28772060433e-05
        dvar2: 0.000117624149425
        max: 0.1337890625
        mean: 0.0423403121531
        min: 0.00341796875
        var: 0.00061010569334
    barkbands:
        dmean: [4.59189237745e-08, 0.00012293884356, 0.000326391105773, 0.000308652030071, 0.000336140627041, 0.000115748494864, 8.4283958131e-05, 2.74479989457e-05, 4.29479478044e-05, 0.000277199287666, 2.75113488897e-05, 3.75725830963e-05, 7.10401718607e-06, 7.0884510933e-05, 5.04549934703e-05, 2.42828264163e-05, 1.82561252586e-05, 3.51103044522e-05, 6.14468372078e-05, 3.67216052837e-05, 3.36208104272e-05, 9.21775153984e-06, 4.29015108239e-06, 1.07191658572e-06, 8.15577209323e-07, 3.82166227553e-08, 3.08419068062e-10]
        dmean2: [7.12510015433e-08, 0.000188293168321, 0.000511354650371, 0.000509503879584, 0.000584467197768, 0.0001959479996, 0.000149599087308, 4.87983888888e-05, 6.25652901363e-05, 0.000425731501309, 4.73966319987e-05, 6.08189075137e-05, 1.08429694592e-05, 8.64664325491e-05, 8.08920885902e-05, 4.39317409473e-05, 2.82868040813e-05, 5.84447661822e-05, 0.000106357641926, 6.24368403805e-05, 5.63340254303e-05, 1.53348682943e-05, 6.84978203935e-06, 1.53498160671e-06, 1.12246675599e-06, 5.50905703278e-08, 4.3835984842e-10]
        dvar: [7.30739219948e-15, 5.50198215876e-08, 4.20343411633e-07, 6.95015728525e-07, 6.66350103984e-07, 4.98754850753e-08, 3.89776708687e-08, 4.00019972702e-09, 8.48112780005e-09, 3.89886054109e-07, 4.7463544206e-09, 1.00200834297e-08, 3.11431630484e-10, 3.90828525099e-08, 1.81939565636e-08, 6.09085137881e-09, 2.52655696364e-09, 1.27959545182e-08, 3.56002658464e-08, 1.06975486247e-08, 5.93679905236e-09, 4.96236107761e-10, 1.05514763593e-10, 6.66301258959e-12, 5.04295433537e-12, 1.64683770906e-14, 7.99407609896e-18]
        dvar2: [1.4168430223e-14, 1.27271306383e-07, 1.00852662399e-06, 1.84016789717e-06, 1.84097984857e-06, 1.37078757234e-07, 1.08904359308e-07, 1.10876765547e-08, 1.86526687429e-08, 8.29760836041e-07, 1.02526493961e-08, 2.65441659764e-08, 6.82363221483e-10, 5.35571338389e-08, 4.51519710509e-08, 1.78665668926e-08, 4.58953319793e-09, 3.40331816062e-08, 9.94651401243e-08, 2.7631315902e-08, 1.53979708983e-08, 1.30833954781e-09, 2.57905807821e-10, 1.34545048713e-11, 7.95489021876e-12, 3.48799155249e-14, 8.07916237831e-18]
        max: [1.09461393549e-06, 0.00192913273349, 0.00604120222852, 0.00807474087924, 0.00570419616997, 0.00153880566359, 0.00124893477187, 0.000469669525046, 0.00097936578095, 0.00791435781866, 0.000694088812452, 0.00101328222081, 0.000180677321623, 0.00515265576541, 0.00131858757231, 0.000570142874494, 0.00104969076347, 0.00107314961497, 0.0016091815196, 0.000841899658553, 0.000422739831265, 0.000181705661817, 7.84306030255e-05, 2.58424242929e-05, 3.85583516618e-05, 1.69549673501e-06, 5.86890642751e-08]
        mean: [6.82048337808e-08, 0.000247015967034, 0.000707988394424, 0.00055991683621, 0.000408379593864, 0.000180010334589, 9.30517635425e-05, 3.03482956951e-05, 8.63658351591e-05, 0.000877059181221, 4.19166244683e-05, 5.94328594161e-05, 8.78723130882e-06, 0.000139721785672, 6.03774351475e-05, 2.85118385364e-05, 3.28039677697e-05, 4.15647918999e-05, 7.12678884156e-05, 3.480615851e-05, 2.83106382994e-05, 8.77487218531e-06, 3.97085841541e-06, 1.10861390112e-06, 9.02073963971e-07, 4.10010052576e-08, 3.03882058406e-10]
        min: [1.44795619939e-10, 5.2743928336e-08, 4.96761423108e-08, 5.11521385249e-08, 2.72876320651e-07, 1.80613028533e-07, 5.95696363348e-08, 6.39355590693e-08, 1.60202535682e-08, 8.41113179106e-10, 1.66407643221e-09, 3.99162036757e-09, 5.42945355342e-10, 3.13383630157e-09, 7.06725344912e-10, 2.78679834764e-09, 3.83826694872e-08, 1.29338939558e-09, 2.34120967058e-09, 1.87928916873e-09, 3.17120707471e-09, 2.43350950502e-10, 1.05962870423e-10, 3.09226463879e-11, 3.39437124242e-11, 2.2030635996e-11, 1.98002001622e-13]
        var: [2.335198346e-14, 1.16082318868e-07, 1.081426376e-06, 1.16896353575e-06, 5.37275127499e-07, 4.8828290744e-08, 3.72443480501e-08, 3.4593656828e-09, 3.1492344732e-08, 3.09789152197e-06, 9.31445587327e-09, 1.61574931212e-08, 4.00432603742e-10, 2.00361554903e-07, 1.92073414951e-08, 4.55132642685e-09, 8.48412895493e-09, 1.05969704123e-08, 2.86356236501e-08, 8.49916048651e-09, 4.75006167733e-09, 4.18083762055e-10, 9.77804781588e-11, 9.55454985963e-12, 1.10282408206e-11, 2.10039844133e-14, 8.02044992561e-18]
    mfcc:
        mean: [-806.817260742, 148.336196899, -27.2435836792, 46.1869621277, -5.04234933853, 4.610019207, 3.69686245918, 1.47737431526, -0.926635324955, 1.32415926456, -9.47613716125, -17.9335632324, -7.98148679733]
        cov: [[5520.70556641, -1517.03320312, -381.640930176, -145.138137817, -273.738098145, -17.9740886688, 18.3120880127, 156.158157349, 46.6616706848, 15.7384967804, -63.5808982849, -240.305618286, -31.6374435425], [-1517.03320312, 1253.27160645, 137.277938843, 214.882415771, 285.940246582, 62.9951858521, 118.533584595, 2.73364424706, -38.1100959778, 48.415397644, 0.883846998215, -1.50259339809, -25.790933609], [-381.640930176, 137.277938843, 1132.55688477, 311.781097412, 304.356140137, 265.062286377, 39.5861053467, 25.6174736023, 50.6972846985, 23.3182544708, 34.6586647034, 91.4825592041, -43.2105064392], [-145.138137817, 214.882415771, 311.781097412, 443.455078125, 169.837692261, 128.046188354, 38.6362762451, 9.24728965759, 29.963394165, -32.5316581726, 4.343334198, 35.773147583, 56.402633667], [-273.738098145, 285.940246582, 304.356140137, 169.837692261, 489.422485352, 136.090332031, 123.987327576, 48.2260475159, 64.0492248535, 69.135055542, -33.9514465332, -12.1666059494, -3.83115911484], [-17.9740886688, 62.9951858521, 265.062286377, 128.046188354, 136.090332031, 323.683685303, 87.3793106079, -41.425655365, 34.6540336609, 17.2883586884, 18.6635398865, 31.4959278107, 19.8949375153], [18.3120880127, 118.533584595, 39.5861053467, 38.6362762451, 123.987327576, 87.3793106079, 151.784606934, 54.1519088745, 26.4552211761, 63.4411964417, 5.66546201706, -23.6732940674, -16.7843933105], [156.158157349, 2.73364424706, 25.6174736023, 9.24728965759, 48.2260475159, -41.425655365, 54.1519088745, 237.745498657, 67.7255020142, 91.3915786743, 19.7316913605, -36.9896888733, -11.7376766205], [46.6616706848, -38.1100959778, 50.6972846985, 29.963394165, 64.0492248535, 34.6540336609, 26.4552211761, 67.7255020142, 113.750205994, 24.0793094635, -6.09087944031, 7.19822502136, 12.9922018051], [15.7384967804, 48.415397644, 23.3182544708, -32.5316581726, 69.135055542, 17.2883586884, 63.4411964417, 91.3915786743, 24.0793094635, 146.062210083, 20.0500011444, -43.3588104248, -27.8948097229], [-63.5808982849, 0.883846998215, 34.6586647034, 4.343334198, -33.9514465332, 18.6635398865, 5.66546201706, 19.7316913605, -6.09087944031, 20.0500011444, 95.7957458496, 30.4616756439, -8.59088802338], [-240.305618286, -1.50259339809, 91.4825592041, 35.773147583, -12.1666059494, 31.4959278107, -23.6732940674, -36.9896888733, 7.19822502136, -43.3588104248, 30.4616756439, 91.8194732666, 18.0030345917], [-31.6374435425, -25.790933609, -43.2105064392, 56.402633667, -3.83115911484, 19.8949375153, -16.7843933105, -11.7376766205, 12.9922018051, -27.8948097229, -8.59088802338, 18.0030345917, 87.6102752686]]
        icov: [[0.000367464788724, 0.000492973427754, 0.000103480429971, -0.00022980113863, 2.79304149444e-05, -0.00019978126511, -0.000175588560523, -0.000216637301492, 8.08016120573e-05, 0.000292570271995, -1.65379824466e-05, 0.000966201419942, 0.000341731210938], [0.000492973427754, 0.00173878273927, 0.000303877197439, -0.000847869669087, -0.000514477491379, -8.87016212801e-05, -0.00069753092248, -0.000215513879084, 0.000893459306099, 0.000102912112197, 1.77511974471e-05, 0.000827678537462, 0.000952683971263], [0.000103480429971, 0.000303877197439, 0.0018472247757, -0.00105325493496, -0.000805144605692, -0.00127447152045, 0.00125405413564, -0.000705527316313, 0.000399081676733, -0.000322150008287, 0.000254708254943, -0.00150115508586, 0.00228760205209], [-0.00022980113863, -0.000847869669087, -0.00105325493496, 0.00415557809174, -0.000505162170157, -0.000222516449867, -0.000362515187589, -0.00038635492092, -0.000186172896065, 0.00165039149579, -0.000701169716194, 0.000225842930377, -0.00318223168142], [2.79304149444e-05, -0.000514477491379, -0.000805144605692, -0.000505162170157, 0.00396737083793, -1.15778539111e-05, -0.00202068244107, 0.000438118673628, -0.00136327871587, -0.00108617870137, 0.00177343399264, 0.000333674659487, -0.000403895974159], [-0.00019978126511, -8.87016212801e-05, -0.00127447152045, -0.000222516449867, -1.15778539111e-05, 0.00606868043542, -0.00367170921527, 0.00287844566628, -0.00160735787358, -0.000868292932864, -0.0012059743749, -0.000462989439256, -0.00234119524248], [-0.000175588560523, -0.00069753092248, 0.00125405413564, -0.000362515187589, -0.00202068244107, -0.00367170921527, 0.0127038825303, -0.00206500827335, 2.75504426099e-05, -0.00220474298112, -0.00029434703174, 0.000386623607483, 0.00267134746537], [-0.000216637301492, -0.000215513879084, -0.000705527316313, -0.00038635492092, 0.000438118673628, 0.00287844566628, -0.00206500827335, 0.00833141151816, -0.00456711370498, -0.0033485009335, -0.00216398201883, 0.00189693784341, -0.00114568183199], [8.08016120573e-05, 0.000893459306099, 0.000399081676733, -0.000186172896065, -0.00136327871587, -0.00160735787358, 2.75504426099e-05, -0.00456711370498, 0.0134929846972, -0.000568488321733, 0.00273057213053, -0.00362419919111, -0.000861790496856], [0.000292570271995, 0.000102912112197, -0.000322150008287, 0.00165039149579, -0.00108617870137, -0.000868292932864, -0.00220474298112, -0.0033485009335, -0.000568488321733, 0.0135302906856, -0.00393058266491, 0.00623972062021, 0.000917903555091], [-1.65379824466e-05, 1.77511974471e-05, 0.000254708254943, -0.000701169716194, 0.00177343399264, -0.0012059743749, -0.00029434703174, -0.00216398201883, 0.00273057213053, -0.00393058266491, 0.0153871616349, -0.00790090672672, 0.00205735815689], [0.000966201419942, 0.000827678537462, -0.00150115508586, 0.000225842930377, 0.000333674659487, -0.000462989439256, 0.000386623607483, 0.00189693784341, -0.00362419919111, 0.00623972062021, -0.00790090672672, 0.0222840234637, -0.00267501012422], [0.000341731210938, 0.000952683971263, 0.00228760205209, -0.00318223168142, -0.000403895974159, -0.00234119524248, 0.00267134746537, -0.00114568183199, -0.000861790496856, 0.000917903555091, 0.00205735815689, -0.00267501012422, 0.0170387644321]]
    spectral_contrast:
        mean: [-6.04497341072e-09, -3.93462215698e-07, -3.45266272461e-07, -1.15139066281e-07, -1.03635507287e-07, 4.32478600487e-07, 1.04722047922e-07, 1.73965884187e-06, 1.02790420442e-06, 3.61629105328e-07, 1.10737698833e-06, 2.60044225797e-06]
        var: [0.000594141951296, 0.000766760262195, 0.00207133567892, 0.00398747250438, 0.00846926309168, 0.0169502235949, 0.0553486347198, 0.109236888587, 0.197543680668, 0.544810831547, 1.00098252296, 2.92192482948]

rhythm:
    beats_loudness:
        dmean: 0.00191364774946
        dmean2: 0.00383486202918
        dvar: 3.3712133245e-06
        dvar2: 5.68849736737e-06
        max: 0.00928315985948
        mean: 0.0042295223102
        min: 0.00174930074718
        var: 4.01553461415e-06
    beats_loudness_bass:
        dmean: 0.517262578011
        dmean2: 1.03662085533
        dvar: 0.0458527766168
        dvar2: 0.147821575403
        max: 0.802479028702
        mean: 0.306012690067
        min: 0.0269152168185
        var: 0.0887222066522
    bpm: 94.3652572632
    bpm_confidence: 0
    first_peak_bpm: 94
    first_peak_spread: 0.0714285969734
    first_peak_weight: 0.928571403027
    onset_rate: 4.48608398438
    second_peak_bpm: 0
    second_peak_spread: 0
    second_peak_weight: 0
    beats_position: [0.514952778816, 1.15094184875, 1.78693091869, 2.42291998863, 3.05890893936, 3.69489812851, 4.33088731766, 4.96687650681, 5.60286569595, 6.26415967941, 6.89984273911, 7.53552484512, 8.17120742798, 8.806889534, 9.44257164001]
    bpm_estimates: [94.5477676392, 94.2761459351, 94.3505020142, 94.1506958008, 94.4026107788, 94.3197555542, 94.2801513672, 94.3882827759, 94.4779129028, 94.219871521, 94.5922470093, 94.2448959351, 94.2179489136, 94.5254211426, 94.186416626, 94.4040298462, 94.3434906006, 94.247177124, 94.3468933105, 94.5789718628, 94.5692443848]
    bpm_intervals: [0.635989069939, 0.635989069939, 0.635989069939, 0.635988950729, 0.635989189148, 0.635989189148, 0.635989189148, 0.635989189148, 0.661293983459, 0.635683059692, 0.635682106018, 0.635682582855, 0.635682106018, 0.635682106018]
    onset_times: [0.0464399084449, 0.174149662256, 0.510838985443, 0.754648506641, 1.14938771725, 1.47446715832, 1.78793644905, 2.10140585899, 2.31038546562, 2.42648530006, 2.53097510338, 2.71673464775, 2.90249443054, 3.04181408882, 3.28562355042, 3.40172338486, 3.5758728981, 3.87773251534, 4.01705217361, 4.20281171799, 4.28408145905, 4.34213161469, 4.5046710968, 4.59755086899, 4.67882108688, 4.80653047562, 4.94585037231, 5.23609972, 5.30575942993, 5.61922883987, 5.88625860214, 6.13006782532, 6.26938772202, 6.37387752533, 6.58285713196, 6.8963265419, 7.20979595184, 7.52326536179, 7.84834480286, 8.17342376709, 8.48689365387, 8.8119726181, 9.12544250488, 9.43891143799, 9.7639913559]
    rubato_start: []
    rubato_stop: []
    perceptual_tempo: "unknown"

sfx:
    inharmonicity:
        dmean: 0.0293471701443
        dmean2: 0.0516526065767
        dvar: 0.00223411619663
        dvar2: 0.00571364304051
        max: 0.289080858231
        mean: 0.0292424932122
        min: 3.44897358673e-07
        var: 0.00245300284587
    oddtoevenharmonicenergyratio:
        dmean: 2.86531448364
        dmean2: 5.31313657761
        dvar: 42.6732025146
        dvar2: 127.687179565
        max: 50.3087692261
        mean: 2.42216062546
        min: 6.55066241961e-06
        var: 30.7549667358
    pitch_after_max_to_before_max_energy_ratio: 10.063378334
    pitch_centroid: 213.023483276
    pitch_max_to_total: 0.0162037033588
    pitch_min_to_total: 0.627314805984
    tristimulus:
        dmean: [0.182913124561, 0.195024296641, 0.0592651180923]
        dmean2: [0.317145705223, 0.34288880229, 0.104272596538]
        dvar: [0.0436153933406, 0.046676337719, 0.00764896022156]
        dvar2: [0.102930702269, 0.116257682443, 0.0206020884216]
        max: [0.995587766171, 0.948139190674, 0.692625105381]
        mean: [0.479495286942, 0.435096740723, 0.0681712552905]
        min: [0.00953171774745, 0, 0]
        var: [0.083158954978, 0.074549742043, 0.0079856980592]

tonal:
    chords_changes_rate: 0.0599078349769
    chords_number_rate: 0.0276497695595
    chords_strength:
        dmean: 0.0100873131305
        dmean2: 0.00919670984149
        dvar: 7.43729106034e-05
        dvar2: 8.39129425003e-05
        max: 0.688676476479
        mean: 0.531541228294
        min: 0.376795560122
        var: 0.00926672946662
    key_strength: 0.689818143845
    tuning_diatonic_strength: 0.559141933918
    tuning_equal_tempered_deviation: 0.246311038733
    tuning_frequency: 440.508575439
    tuning_nontempered_energy_ratio: 0.854512929916
    hpcp:
        dmean: [0.0806198790669, 0.08636379987, 0.0673028454185, 0.0710144117475, 0.070034198463, 0.0465511009097, 0.0468813702464, 0.0763302892447, 0.0971087962389, 0.108109489083, 0.124821431935, 0.0926314666867, 0.105402082205, 0.107490122318, 0.116239480674, 0.117726176977, 0.101328797638, 0.0885178595781, 0.0768710523844, 0.0598058402538, 0.0648940876126, 0.0619103722274, 0.0468362718821, 0.0538822896779, 0.0503509044647, 0.047677282244, 0.0340147018433, 0.0379215925932, 0.107557997108, 0.158082649112, 0.168282538652, 0.170205697417, 0.135783791542, 0.105447106063, 0.0742504298687, 0.069348230958]
        dmean2: [0.137512370944, 0.148636639118, 0.116155862808, 0.129286497831, 0.128778710961, 0.0765910744667, 0.0747944936156, 0.127678722143, 0.172168061137, 0.190463155508, 0.222152724862, 0.149734407663, 0.184939622879, 0.197425156832, 0.199192047119, 0.207012802362, 0.167523175478, 0.133280113339, 0.129490047693, 0.0988930091262, 0.106559336185, 0.0969388112426, 0.0841941833496, 0.104126907885, 0.0958797261119, 0.089183524251, 0.0600020550191, 0.065570294857, 0.194871038198, 0.270454466343, 0.289142161608, 0.281624883413, 0.234210595489, 0.178092509508, 0.130949601531, 0.124087050557]
        dvar: [0.0284660030156, 0.0274554640055, 0.0224823597819, 0.018271824345, 0.0251710880548, 0.00947405584157, 0.0159444250166, 0.0207166876644, 0.0388788618147, 0.0333475656807, 0.0528760887682, 0.02514962852, 0.0368915870786, 0.0395937673748, 0.0396851375699, 0.047144446522, 0.0299821831286, 0.0260038208216, 0.0306736398488, 0.0141606116667, 0.0160159766674, 0.0186770632863, 0.0187045764178, 0.0175936091691, 0.0139912879094, 0.0157786048949, 0.00839152839035, 0.00607859902084, 0.0277357902378, 0.0460267141461, 0.0494193024933, 0.0474407710135, 0.0488317348063, 0.0295195337385, 0.0258733294904, 0.0246173944324]
        dvar2: [0.0734508261085, 0.0685488283634, 0.0559970885515, 0.0496851839125, 0.0734304636717, 0.0240462310612, 0.04025131464, 0.0546985864639, 0.095520734787, 0.0837061852217, 0.136216327548, 0.060521364212, 0.103014230728, 0.10720872134, 0.108482517302, 0.108279325068, 0.0623010024428, 0.0510870851576, 0.078018181026, 0.0314511917531, 0.0366546213627, 0.036491073668, 0.0421555712819, 0.0538146235049, 0.0446048416197, 0.0478716157377, 0.0246205050498, 0.0167541857809, 0.0675045698881, 0.0982633605599, 0.123405173421, 0.129590556026, 0.127388268709, 0.0715769529343, 0.0731833428144, 0.0683550387621]
        max: [1, 1, 1, 0.8441208601, 1, 0.806134104729, 1, 1, 1, 1, 1, 1, 1, 1, 1, 1, 1, 1, 1, 1, 1, 1, 1, 0.800457060337, 0.959160447121, 1, 0.776607632637, 0.478945404291, 1, 1, 1, 1, 1, 1, 1, 0.950915873051]
        mean: [0.0844020545483, 0.100589752197, 0.0924816951156, 0.0706894993782, 0.0636533349752, 0.0589313842356, 0.0624435171485, 0.0888732150197, 0.114342808723, 0.13587667048, 0.158789336681, 0.150100156665, 0.12054541707, 0.114961758256, 0.149945065379, 0.166033014655, 0.136278226972, 0.108494102955, 0.0772891119123, 0.0607172697783, 0.0696171820164, 0.0710736215115, 0.055586591363, 0.041827082634, 0.0416942201555, 0.0396985970438, 0.0302029103041, 0.0328967124224, 0.128506556153, 0.388543903828, 0.440830975771, 0.2498485744, 0.18073117733, 0.136157497764, 0.0725963115692, 0.0646236538887]
        min: [0, 0, 0, 0, 0, 0, 0, 2.28924091061e-05, 2.08498695429e-05, 1.73751996044e-05, 1.4502796148e-05, 0, 0, 0, 7.55337096052e-05, 0.000120872296975, 0.000186159246368, 5.16414584126e-05, 5.57468592888e-05, 8.06582102086e-06, 8.7263806563e-06, 9.93273079075e-06, 6.22539755568e-06, 6.90621800459e-06, 0, 0, 0, 0, 0.000273500598269, 0.000116278475616, 0.000110815912194, 0.00150201353244, 1.19093001558e-05, 7.43654527469e-06, 0, 0]
        var: [0.0351790934801, 0.0440431460738, 0.0424052961171, 0.0202443376184, 0.022362343967, 0.019402410835, 0.0275031812489, 0.0328112207353, 0.0562404021621, 0.05580066517, 0.084522485733, 0.0747877731919, 0.0559343211353, 0.0475285388529, 0.061649478972, 0.0865399166942, 0.0548487976193, 0.0429136492312, 0.0311711989343, 0.0202060155571, 0.0230090841651, 0.0286996103823, 0.0258398149163, 0.0121324928477, 0.0111038098112, 0.0114553850144, 0.00634958874434, 0.00535482447594, 0.0327116362751, 0.145707964897, 0.156453967094, 0.0748968273401, 0.0819445922971, 0.0576289221644, 0.0211599189788, 0.021225573495]
    chords_histogram: [29.9539165497, 0, 15.2073736191, 0, 0, 0, 0, 19.8156681061, 0, 11.0599079132, 0, 8.29493045807, 15.6682024002, 0, 0, 0, 0, 0, 0, 0, 0, 0, 0, 0]
    thpcp: [1, 0.566767275333, 0.40997838974, 0.30886554718, 0.164680600166, 0.146595090628, 0.191461265087, 0.228182137012, 0.209789469838, 0.160355105996, 0.144393965602, 0.133682489395, 0.141649574041, 0.201603829861, 0.259380161762, 0.308228492737, 0.360204577446, 0.340493679047, 0.273450434208, 0.260784208775, 0.340141862631, 0.376636445522, 0.309139400721, 0.246112704277, 0.175325959921, 0.137733668089, 0.157922625542, 0.161226466298, 0.126095026731, 0.0948823615909, 0.0945809707046, 0.090054012835, 0.0685135871172, 0.0746243223548, 0.29150980711, 0.881389737129]
    chords_key: "C"
    chords_scale: "minor"
    key_key: "C"
    key_scale: "minor"
    chords_progression: ["D", "D", "D", "D", "D", "D", "D", "D", "D", "D", "D", "D", "D", "D", "D", "D", "D", "D", "F#m", "F#m", "F#m", "F#m", "F#m", "F#m", "F#m", "F#m", "F#m", "F#m", "F#m", "F#m", "F#m", "F#m", "F#m", "F#m", "F#m", "F#m", "F#m", "F#m", "F#m", "F#m", "F#m", "F#m", "F#m", "F#m", "F#m", "F#m", "F#m", "F#m", "F#m", "F#m", "F#m", "F#m", "Gm", "Gm", "Gm", "Gm", "Gm", "Gm", "Gm", "Gm", "Gm", "Gm", "Gm", "Gm", "Gm", "Gm", "Gm", "Gm", "Gm", "Gm", "Gm", "G", "Gm", "G", "G", "G", "G", "G", "G", "G", "G", "G", "G", "G", "G", "G", "G", "Gm", "Gm", "Gm", "Gm", "Gm", "Gm", "Gm", "Gm", "C", "C", "C", "C", "C", "C", "Cm", "Cm", "C", "C", "C", "C", "C", "C", "C", "C", "Gm", "Gm", "Gm", "Gm", "Gm", "C", "C", "C", "C", "C", "C", "C", "C", "C", "C", "C", "C", "C", "C", "C", "C", "C", "C", "C", "C", "C", "C", "C", "C", "C", "C", "C", "C", "C", "Cm", "Cm", "Cm", "Cm", "Cm", "Cm", "Cm", "Cm", "Cm", "Cm", "Cm", "Cm", "Cm", "Cm", "Cm", "Cm", "Cm", "Cm", "Cm", "Cm", "Cm", "Cm", "Cm", "Cm", "Cm", "Cm", "Cm", "Cm", "Cm", "Cm", "Cm", "Cm", "Cm", "Cm", "Cm", "Cm", "Cm", "Cm", "Cm", "Cm", "Cm", "Cm", "Cm", "Cm", "Cm", "Cm", "Cm", "Cm", "Cm", "Cm", "Cm", "Cm", "Cm", "Cm", "Cm", "Cm", "Cm", "Cm", "Cm", "Cm", "Cm", "Cm", "Cm", "G", "G", "G", "G", "G", "G", "G", "G", "G"]
