
metadata:
    version:
        essentia: "1.2.2"
    audio_properties:
        analysis_sample_rate: 44100
        bitrate: 128
        channels: 2
        equal_loudness: 1
        length: 10.0310201645
        replay_gain: -15.386390686
        downmix: "mix"
    tags:
        track: 10
        year: 0
        album: "Splitted by Mp3Splt v. 2.1"
        artist: "From 001.30 To 001.40"
        comment: "http://mp3splt.sf.net"
        genre: ""
        title: "04 The Protagonist Suddenly Re"

highlevel:
    ballroom:
        all:
            ChaChaCha: 0.0568429976702
            Jive: 0.870503246784
            Quickstep: 0.00698757311329
            Rumba-American: 0.000474690838018
            Rumba-International: 0.00189968326595
            Rumba-Misc: 0.00110036879778
            Samba: 0.0409926138818
            Tango: 0.00085308146663
            VienneseWaltz: 0.0187690407038
            Waltz: 0.00157668930478
        probability: 0.870503246784
        value: "Jive"
    culture:
        all:
            non_western: 0.0300216637552
            western: 0.96997833252
        probability: 0.96997833252
        value: "western"
    gender:
        all:
            female: 0.0990110263228
            male: 0.900988996029
        probability: 0.900988996029
        value: "male"
    genre_dortmund:
        all:
            alternative: 0.116404652596
            blues: 0.012459769845
            electronic: 0.0446750223637
            folkcountry: 0.0572861433029
            funksoulrnb: 0.0399053320289
            jazz: 0.0909328758717
            pop: 0.0909904539585
            raphiphop: 0.0014736414887
            rock: 0.545872092247
        probability: 0.545872092247
        value: "rock"
    genre_electronica:
        all:
            ambient: 0.27628159523
            dnb: 0.105287276208
            house: 0.0153726525605
            techno: 0.019649464637
            trance: 0.583409011364
        probability: 0.583409011364
        value: "trance"
    genre_rosamerica:
        all:
            cla: 0.00519832782447
            dan: 0.0247602518648
            hip: 0.00104808830656
            jaz: 0.00230059563182
            pop: 0.0133366882801
            rhy: 0.000923688756302
            roc: 0.951901614666
            spe: 0.000530762597919
        probability: 0.951901614666
        value: "roc"
    genre_tzanetakis:
        all:
            blu: 0.0102845393121
            cla: 0.0177383180708
            cou: 0.208187684417
            dis: 0.0380202755332
            hip: 0.00754230283201
            jaz: 0.146130040288
            met: 0.140843823552
            pop: 0.0361624993384
            reg: 0.00469585182145
            roc: 0.390394687653
        probability: 0.390394687653
        value: "roc"
    live_studio:
        all:
            live: 0.0619949176908
            studio: 0.93800508976
        probability: 0.93800508976
        value: "studio"
    mood:
        all:
            Cluster1: 0.521442711353
            Cluster2: 0.121694155037
            Cluster3: 0.0375178568065
            Cluster4: 0.092445038259
            Cluster5: 0.226900234818
        probability: 0.521442711353
        value: "Cluster1"
    mood_acoustic:
        all:
            acoustic: 0.00928198546171
            not_acoustic: 0.990718007088
        probability: 0.990718007088
        value: "not_acoustic"
    mood_aggressive:
        all:
            aggressive: 0.79939866066
            not_aggressive: 0.200601354241
        probability: 0.79939866066
        value: "aggressive"
    mood_electronic:
        all:
            electronic: 0.156752347946
            not_electronic: 0.843247652054
        probability: 0.843247652054
        value: "not_electronic"
    mood_happy:
        all:
            happy: 0.415033996105
            not_happy: 0.584966003895
        probability: 0.584966003895
        value: "not_happy"
    mood_party:
        all:
            not_party: 0.5
            party: 0.5
        probability: 0.5
        value: "not_party"
    mood_relaxed:
        all:
            not_relaxed: 0.259623497725
            relaxed: 0.740376472473
        probability: 0.740376472473
        value: "relaxed"
    mood_sad:
        all:
            not_sad: 0.66939252615
            sad: 0.33060747385
        probability: 0.66939252615
        value: "not_sad"
    rhythm:
        all:
            fast: 0.896903395653
            medium: 0.0548334270716
            slow: 0.0482631586492
        probability: 0.896903395653
        value: "fast"
    speech_music:
        all:
            music: 0.067447155714
            speech: 0.932552814484
        probability: 0.932552814484
        value: "speech"
    timbre:
        all:
            bright: 0.539173960686
            dark: 0.460826069117
        probability: 0.539173960686
        value: "bright"
    voice_instrumental:
        all:
            instrumental: 0.701492726803
            voice: 0.298507302999
        probability: 0.701492726803
        value: "instrumental"

lowlevel:
    average_loudness: 0.982901990414
    barkbands_kurtosis:
        dmean: 0.44690695405
        dmean2: 0.72422683239
        dvar: 0.36988094449
        dvar2: 0.895070374012
        max: 4.5409913063
        mean: -1.04974460602
        min: -1.83728349209
        var: 0.68243175745
    barkbands_skewness:
        dmean: 0.361608207226
        dmean2: 0.573361575603
        dvar: 0.110686942935
        dvar2: 0.268554091454
        max: 1.37786865234
        mean: -0.356277406216
        min: -2.02454996109
        var: 0.331143110991
    barkbands_spread:
        dmean: 4.35336446762
        dmean2: 6.66452455521
        dvar: 16.6565742493
        dvar2: 39.4619407654
        max: 57.6155128479
        mean: 35.1556358337
        min: 13.8878259659
        var: 50.0927047729
    dissonance:
        dmean: 0.0113593274727
        dmean2: 0.0192188899964
        dvar: 0.00010543816461
        dvar2: 0.000249522185186
        max: 0.499771267176
        mean: 0.473651498556
        min: 0.409581452608
        var: 0.000248597119935
    hfc:
        dmean: 2.37091016769
        dmean2: 3.70889210701
        dvar: 4.50978422165
        dvar2: 10.6160745621
        max: 24.3565425873
        mean: 13.0397233963
        min: 0.0669411346316
        var: 21.4484977722
    pitch:
        dmean: 1010.24493408
        dmean2: 1951.71044922
        dvar: 2073458.625
        dvar2: 4724755.5
        max: 4410
        mean: 2165.01733398
        min: 73.3777008057
        var: 2700750.25
    pitch_instantaneous_confidence:
        dmean: 0.0789350196719
        dmean2: 0.129205495119
        dvar: 0.00401023216546
        dvar2: 0.0109975636005
        max: 0.68179166317
        mean: 0.403820544481
        min: 0.189505696297
        var: 0.00849681347609
    pitch_salience:
        dmean: 0.0479377470911
        dmean2: 0.0799116268754
        dvar: 0.00154500023928
        dvar2: 0.00439530285075
        max: 0.791568875313
        mean: 0.648332059383
        min: 0.447509050369
        var: 0.00347116775811
    silence_rate_20dB:
        dmean: 0
        dmean2: 0
        dvar: 0
        dvar2: 0
        max: 1
        mean: 1
        min: 1
        var: 0
    silence_rate_30dB:
        dmean: 0
        dmean2: 0
        dvar: 0
        dvar2: 0
        max: 1
        mean: 1
        min: 1
        var: 0
    silence_rate_60dB:
        dmean: 0.0462962947786
        dmean2: 0.090487241745
        dvar: 0.044153328985
        dvar2: 0.0962191522121
        max: 1
        mean: 0.0993071570992
        min: 0
        var: 0.0894444584846
    spectral_centroid:
        dmean: 280.212463379
        dmean2: 441.154724121
        dvar: 67231.1796875
        dvar2: 163743.21875
        max: 3287.83935547
        mean: 2102.81982422
        min: 794.741882324
        var: 180224.578125
    spectral_complexity:
        dmean: 3.45243620872
        dmean2: 5.47441864014
        dvar: 8.87418270111
        dvar2: 19.4493579865
        max: 40
        mean: 22.7245368958
        min: 0
        var: 47.4310874939
    spectral_crest:
        dmean: 1.84770464897
        dmean2: 3.1211411953
        dvar: 2.60583686829
        dvar2: 7.74506568909
        max: 15.4433870316
        mean: 6.52419137955
        min: 3.29217410088
        var: 4.32992696762
    spectral_decrease:
        dmean: 2.72105477039e-10
        dmean2: 4.25862567432e-10
        dvar: 1.24743075674e-19
        dvar2: 3.09356967096e-19
        max: -1.15479023913e-11
        mean: -1.33004307568e-09
        min: -3.67748609342e-09
        var: 2.1479450665e-19
    spectral_energy:
        dmean: 0.00118927087169
        dmean2: 0.0018371976912
        dvar: 2.05845685741e-06
        dvar2: 5.08592665938e-06
        max: 0.0156144984066
        mean: 0.00620262883604
        min: 4.96561151522e-05
        var: 4.32088017988e-06
    spectral_energyband_high:
        dmean: 0.000207555203815
        dmean2: 0.000337126461091
        dvar: 4.73477115293e-08
        dvar2: 1.24020374415e-07
        max: 0.00201287004165
        mean: 0.000674219045322
        min: 2.2237632038e-06
        var: 8.76764190139e-08
    spectral_energyband_low:
        dmean: 9.61167024798e-05
        dmean2: 0.000168323342223
        dvar: 4.60453648543e-08
        dvar2: 1.24751878161e-07
        max: 0.00145620200783
        mean: 0.000188894584426
        min: 1.80861718491e-06
        var: 3.83548695027e-08
    spectral_energyband_middle_high:
        dmean: 0.000648012501188
        dmean2: 0.00102619372774
        dvar: 3.43862438967e-07
        dvar2: 8.72906923632e-07
        max: 0.00722337095067
        mean: 0.00338571704924
        min: 1.72051022673e-05
        var: 1.89681259144e-06
    spectral_energyband_middle_low:
        dmean: 0.00080320017878
        dmean2: 0.00130761880428
        dvar: 1.49749689626e-06
        dvar2: 3.76549951397e-06
        max: 0.0104861948639
        mean: 0.00195380183868
        min: 2.69101583399e-05
        var: 1.64982361639e-06
    spectral_flatness_db:
        dmean: 0.0121378619224
        dmean2: 0.0180363450199
        dvar: 0.000104212347651
        dvar2: 0.000233828264754
        max: 0.211263850331
        mean: 0.138050809503
        min: 0.0809294581413
        var: 0.000419499119744
    spectral_flux:
        dmean: 0.00715876743197
        dmean2: 0.0110845705494
        dvar: 5.72801109229e-05
        dvar2: 0.00012259731011
        max: 0.100895121694
        mean: 0.04434639588
        min: 0.00704670930281
        var: 0.000140388263389
    spectral_kurtosis:
        dmean: 0.642728090286
        dmean2: 1.02929222584
        dvar: 0.475273430347
        dvar2: 0.975050151348
        max: 10.4114732742
        mean: 3.05727553368
        min: 0.888249158859
        var: 1.08010661602
    spectral_rms:
        dmean: 0.000233178492635
        dmean2: 0.00035436131293
        dvar: 7.16205121876e-08
        dvar2: 1.64781738476e-07
        max: 0.00390303181484
        mean: 0.00242148456164
        min: 0.000220102228923
        var: 1.87763447457e-07
    spectral_rolloff:
        dmean: 266.242279053
        dmean2: 454.801391602
        dvar: 66679.171875
        dvar2: 157411.015625
        max: 4888.03710938
        mean: 3743.98388672
        min: 2002.58789062
        var: 136534.796875
    spectral_skewness:
        dmean: 0.111821018159
        dmean2: 0.172266617417
        dvar: 0.0125601189211
        dvar2: 0.0249613858759
        max: 2.54686689377
        mean: 1.27035987377
        min: 0.579249083996
        var: 0.0487969405949
    spectral_spread:
        dmean: 493989.0625
        dmean2: 655612.5
        dvar: 349189013504
        dvar2: 479085953024
        max: 13210253
        mean: 5113080.5
        min: 3117931.5
        var: 1.29059415654e+12
    spectral_strongpeak:
        dmean: 0.999303758144
        dmean2: 1.73599851131
        dvar: 1.50261449814
        dvar2: 3.80538463593
        max: 8.06715202332
        mean: 1.25934302807
        min: 0.0120631111786
        var: 1.86485540867
    zerocrossingrate:
        dmean: 0.00743750901893
        dmean2: 0.00950672198087
        dvar: 4.41615593445e-05
        dvar2: 7.20540410839e-05
        max: 0.16015625
        mean: 0.117523193359
        min: 0.0595703125
        var: 0.000220896574319
    barkbands:
        dmean: [8.4315722404e-08, 3.12853007927e-05, 7.50999752199e-05, 5.08592238475e-05, 0.000520409143064, 0.000268236297416, 0.000126801620354, 6.7247885454e-05, 0.000157194212079, 9.86428931355e-05, 8.03353759693e-05, 4.53788488812e-05, 7.31670952518e-05, 4.11553373851e-05, 9.00170052773e-05, 8.14659288153e-05, 0.000135940703331, 0.000239611428697, 0.000455032335594, 0.000219142064452, 0.000134148096549, 2.45769097091e-05, 5.44858994544e-06, 2.48988226303e-06, 2.64372147285e-06, 2.38976383571e-07, 3.57342266888e-09]
        dmean2: [1.27141134953e-07, 5.214349585e-05, 0.000135065041832, 9.05819761101e-05, 0.000889671209734, 0.000451626372524, 0.000185498895007, 0.00010870720871, 0.000244508439209, 0.000160965588293, 0.000119905402244, 6.96258139214e-05, 0.000115073220513, 6.92300527589e-05, 0.000147544938955, 0.000134803747642, 0.000231870508287, 0.000396079936763, 0.000744400371332, 0.000360568519682, 0.000223588373046, 3.59236510121e-05, 8.23321170174e-06, 3.55189968104e-06, 3.51707763002e-06, 3.49510457909e-07, 4.06353972693e-09]
        dvar: [3.75459246213e-14, 2.73321565381e-09, 3.53688207611e-08, 5.97756644183e-09, 1.01161799648e-06, 1.48085348428e-07, 3.59696450403e-08, 1.27023858099e-08, 6.97588902199e-08, 1.97795664292e-08, 1.51548427141e-08, 5.39958033841e-09, 7.20137149912e-09, 4.29085211806e-09, 7.22634174721e-09, 1.70954486123e-08, 1.75596550633e-08, 4.70279246656e-08, 2.25685454325e-07, 4.29366551202e-08, 1.52731658432e-08, 9.3493968123e-10, 4.88466246618e-11, 9.25615053354e-12, 1.88196368212e-11, 8.12722339514e-13, 3.35819531532e-15]
        dvar2: [7.3451024451e-14, 7.00099356266e-09, 9.90776527487e-08, 1.60179425279e-08, 2.72121906164e-06, 3.98105584054e-07, 7.74086075239e-08, 3.03355278675e-08, 1.67424943243e-07, 4.54308626274e-08, 3.04488310121e-08, 1.03784820737e-08, 1.71150897899e-08, 1.20650680557e-08, 1.76539902697e-08, 4.65864431476e-08, 4.87059708121e-08, 1.18963498608e-07, 6.02277907547e-07, 1.09522851233e-07, 3.986970043e-08, 1.85818427312e-09, 9.96677254617e-11, 1.68889693897e-11, 3.50681463035e-11, 1.60672126645e-12, 3.37248412587e-15]
        max: [1.30544719923e-06, 0.000480403890833, 0.00114432070404, 0.000648035027552, 0.00840788148344, 0.00362340034917, 0.00247078668326, 0.00116223306395, 0.00293361302465, 0.0016195505159, 0.00177088892087, 0.00127142050769, 0.000893351039849, 0.00077412975952, 0.000973607820924, 0.00190098839812, 0.00102005782537, 0.00193004310131, 0.00426132325083, 0.00159341120161, 0.00105989794247, 0.000320166815072, 6.80344455759e-05, 3.28068272211e-05, 7.08961088094e-05, 1.47316659422e-05, 1.20604613585e-06]
        mean: [8.70332641512e-08, 8.88044014573e-05, 0.000100005148852, 6.73858157825e-05, 0.00069139857078, 0.000489738711622, 0.000259147927864, 0.000124779035104, 0.000289915449684, 0.000199502814212, 0.00018887942133, 0.000107006482722, 0.000120490520203, 7.46010773582e-05, 0.000181745621376, 0.000178246424184, 0.000267905998044, 0.000649353605695, 0.00109264825005, 0.00057275412837, 0.000376998563297, 5.50997610844e-05, 1.25929609567e-05, 7.13313602319e-06, 6.0012225731e-06, 4.09533953416e-07, 3.81433240548e-09]
        min: [8.28270924069e-11, 5.30365475981e-08, 1.37958522828e-06, 9.97799475044e-07, 1.13074147521e-05, 7.34498962629e-06, 2.85146120405e-06, 2.87505486085e-07, 1.60247168424e-07, 1.69316663801e-07, 5.392211051e-07, 1.8404466573e-07, 7.67817709857e-07, 1.40224869938e-06, 7.24535880181e-07, 7.13964823262e-07, 9.6357325674e-07, 4.124050065e-06, 6.61931335344e-06, 1.60743149991e-06, 1.37030065162e-06, 2.08987145811e-07, 4.00720345795e-08, 1.02777200084e-08, 1.91606464028e-09, 2.18987480927e-10, 4.12025014801e-13]
        var: [4.64605533679e-14, 4.5948023164e-09, 2.42000783857e-08, 5.69826585917e-09, 8.66824393597e-07, 2.13140168626e-07, 1.11431837979e-07, 3.66157415499e-08, 1.38101967195e-07, 5.80175090192e-08, 7.7013680766e-08, 3.58988536675e-08, 1.26996546612e-08, 4.78363837431e-09, 1.43769298688e-08, 2.05868584402e-08, 2.95347533097e-08, 1.44838878668e-07, 4.83768531012e-07, 8.71580070338e-08, 3.12129806446e-08, 2.06415173842e-09, 1.01440987554e-10, 3.0276212093e-11, 5.12191088153e-11, 1.41041269375e-12, 3.35605846295e-15]
    mfcc:
        mean: [-667.626831055, 89.9094772339, -47.0285491943, 56.1939735413, -17.6240558624, -13.050614357, 3.70913410187, -9.50862026215, -5.3368139267, -7.23425006866, -5.27469444275, -6.26844501495, -5.08651638031]
        cov: [[860.122192383, -224.071960449, 3.03463768959, -240.928268433, -61.4928436279, -110.530670166, 4.484126091, 74.1469573975, -39.3236541748, -0.374277621508, 50.3159217834, 2.07482266426, 42.0713539124], [-224.071960449, 318.363769531, -34.1503486633, 97.827293396, -15.6341018677, 37.1767616272, 27.2778396606, 0.381019532681, 35.0929718018, 8.51220607758, -17.326002121, 19.0045719147, -20.9335079193], [3.03463768959, -34.1503486633, 137.637039185, 18.5375518799, 22.1104793549, 8.73677062988, -30.894443512, -16.8842906952, -5.87470436096, -16.4788703918, -15.3832406998, -17.0457267761, -7.67233705521], [-240.928268433, 97.827293396, 18.5375518799, 152.172225952, 37.4271965027, 47.7171401978, -10.4728727341, -38.6050758362, 18.949344635, -0.908516943455, -30.8448734283, -5.03463888168, -29.4573688507], [-61.4928436279, -15.6341018677, 22.1104793549, 37.4271965027, 82.0389480591, 32.4035797119, 7.43778657913, -6.99988889694, -0.934632360935, -8.56460475922, -1.9146116972, 5.86038064957, 3.90436768532], [-110.530670166, 37.1767616272, 8.73677062988, 47.7171401978, 32.4035797119, 90.7946014404, 29.6619758606, -5.59133005142, -0.607147872448, -8.57637882233, -11.7058439255, 9.49775505066, -0.558362901211], [4.484126091, 27.2778396606, -30.894443512, -10.4728727341, 7.43778657913, 29.6619758606, 95.3505096436, 48.2316513062, 14.3093223572, 7.67903423309, 15.1557998657, 27.8247489929, 19.983165741], [74.1469573975, 0.381019532681, -16.8842906952, -38.6050758362, -6.99988889694, -5.59133005142, 48.2316513062, 86.1435241699, 24.0753517151, 9.42093372345, 12.6261587143, 10.5833864212, 21.3226184845], [-39.3236541748, 35.0929718018, -5.87470436096, 18.949344635, -0.934632360935, -0.607147872448, 14.3093223572, 24.0753517151, 60.5708465576, 24.1639556885, -4.3228764534, 2.50211119652, -2.5058889389], [-0.374277621508, 8.51220607758, -16.4788703918, -0.908516943455, -8.56460475922, -8.57637882233, 7.67903423309, 9.42093372345, 24.1639556885, 47.4736633301, 17.157207489, 5.85968208313, -1.22565364838], [50.3159217834, -17.326002121, -15.3832406998, -30.8448734283, -1.9146116972, -11.7058439255, 15.1557998657, 12.6261587143, -4.3228764534, 17.157207489, 50.8874588013, 24.5749435425, 9.91024684906], [2.07482266426, 19.0045719147, -17.0457267761, -5.03463888168, 5.86038064957, 9.49775505066, 27.8247489929, 10.5833864212, 2.50211119652, 5.85968208313, 24.5749435425, 49.7725639343, 18.2269039154], [42.0713539124, -20.9335079193, -7.67233705521, -29.4573688507, 3.90436768532, -0.558362901211, 19.983165741, 21.3226184845, -2.5058889389, -1.22565364838, 9.91024684906, 18.2269039154, 41.7897453308]]
        icov: [[0.00235034618527, 0.000658414966892, -0.00052472599782, 0.00267017562874, 0.000261228793534, 0.00120735017117, -0.000128181723994, -0.0011048624292, 0.000884595850948, -0.000182014351594, 0.000262419693172, -0.000589037546888, 0.00060863501858], [0.000658414966892, 0.00519889593124, 0.000807786884252, -0.00275650247931, 0.00282056373544, -0.000312131247483, -0.000759597111028, -0.00103352067526, -0.00103412719909, 0.000670015695505, 0.000881697109435, -0.00273100542836, 0.00170923466794], [-0.00052472599782, 0.000807786884252, 0.00903158262372, -0.0012445213506, -0.00167202134617, -0.00147995061707, 0.00290888524614, -0.000312400399707, -0.00116255320609, 0.00240730191581, 3.45411967828e-06, 0.00136490201112, 2.3407239496e-05], [0.00267017562874, -0.00275650247931, -0.0012445213506, 0.0185119938105, -0.00571437971666, -0.00233650370501, 0.000652990944218, 0.00355916563421, -0.00260930135846, -0.00213732779957, 0.00588242197409, -0.00256546027958, 0.00663076154888], [0.000261228793534, 0.00282056373544, -0.00167202134617, -0.00571437971666, 0.0180632527918, -0.00399722065777, -0.000782253278885, -0.000123368445202, -0.00104985525832, 0.00328068085946, -0.00354634108953, -0.000473314896226, -0.00340843317099], [0.00120735017117, -0.000312131247483, -0.00147995061707, -0.00233650370501, -0.00399722065777, 0.0187550932169, -0.00750424014404, 0.00136768340599, 0.00317935505882, 0.000321105966577, 0.00405283877626, -0.0022377318237, 0.000439027091488], [-0.000128181723994, -0.000759597111028, 0.00290888524614, 0.000652990944218, -0.000782253278885, -0.00750424014404, 0.0215945281088, -0.0101819131523, -0.000465605669888, -0.000430160580436, -0.00134641386103, -0.00567879062146, -0.00165965792257], [-0.0011048624292, -0.00103352067526, -0.000312400399707, 0.00355916563421, -0.000123368445202, 0.00136768340599, -0.0101819131523, 0.0236697625369, -0.00988893490285, 0.0025095413439, -0.00254056509584, 0.00481421081349, -0.00614910945296], [0.000884595850948, -0.00103412719909, -0.00116255320609, -0.00260930135846, -0.00104985525832, 0.00317935505882, -0.000465605669888, -0.00988893490285, 0.0296166259795, -0.0157082416117, 0.00913144089282, -0.00353948073462, 0.00264112325385], [-0.000182014351594, 0.000670015695505, 0.00240730191581, -0.00213732779957, 0.00328068085946, 0.000321105966577, -0.000430160580436, 0.0025095413439, -0.0157082416117, 0.0350909382105, -0.0155309801921, 0.00389095232822, 0.000150546460645], [0.000262419693172, 0.000881697109435, 3.45411967828e-06, 0.00588242197409, -0.00354634108953, 0.00405283877626, -0.00134641386103, -0.00254056509584, 0.00913144089282, -0.0155309801921, 0.039084713906, -0.0188241973519, 0.00568380020559], [-0.000589037546888, -0.00273100542836, 0.00136490201112, -0.00256546027958, -0.000473314896226, -0.0022377318237, -0.00567879062146, 0.00481421081349, -0.00353948073462, 0.00389095232822, -0.0188241973519, 0.0382848680019, -0.0143916457891], [0.00060863501858, 0.00170923466794, 2.3407239496e-05, 0.00663076154888, -0.00340843317099, 0.000439027091488, -0.00165965792257, -0.00614910945296, 0.00264112325385, 0.000150546460645, 0.00568380020559, -0.0143916457891, 0.0381984114647]]
    spectral_contrast:
        mean: [-3.24195099211e-07, 8.31722815064e-08, -3.62266149523e-07, -3.3656530718e-07, -2.65599400251e-08, -4.97524581533e-08, -1.55127293056e-06, 2.93083758152e-06, 9.51190770593e-07, 3.67424007663e-07, -4.22544502499e-07, -1.46459103689e-06]
        var: [0.00029209931381, 0.000426292070188, 0.000763859890867, 0.002190225292, 0.00327149336226, 0.00439269794151, 0.0273356884718, 0.0610688365996, 0.107467278838, 0.167381629348, 0.273863613605, 0.577341914177]

rhythm:
    beats_loudness:
        dmean: 0.00201213196851
        dmean2: 0.00342965987511
        dvar: 1.33879677833e-06
        dvar2: 4.16150214733e-06
        max: 0.00984183326364
        mean: 0.0068079167977
        min: 0.00389679870568
        var: 3.06498191094e-06
    beats_loudness_bass:
        dmean: 0.0177895072848
        dmean2: 0.0295922756195
        dvar: 0.000241758316406
        dvar2: 0.000700260978192
        max: 0.0910240188241
        mean: 0.0302414223552
        min: 0.00231875572354
        var: 0.000565672700759
    bpm: 144.30607605
    bpm_confidence: 0
    first_peak_bpm: 144
    first_peak_spread: 0.066666662693
    first_peak_weight: 0.636363625526
    onset_rate: 2.49226880074
    second_peak_bpm: 120
    second_peak_spread: 0
    second_peak_weight: 0.318181812763
    beats_position: [0.0481829680502, 0.464006900787, 0.879830777645, 1.29565477371, 1.71147871017, 2.12730264664, 2.5431265831, 2.95895051956, 3.37477469444, 3.79059863091, 4.20642280579, 4.62224674225, 5.03807115555, 5.45389509201, 5.86971950531, 6.27993679047, 6.7796959877, 7.2794547081, 7.77921390533, 8.27897262573, 8.7787322998, 9.2784910202, 9.77825069427]
    bpm_estimates: [143.662002563, 143.999145508, 147.122512817, 143.718658447, 143.028106689]
    bpm_intervals: [0.415823936462, 0.415823876858, 0.415823996067, 0.415823936462, 0.415823936462, 0.415823936462, 0.415823936462, 0.415824174881, 0.415823936462, 0.415824174881, 0.415823936462, 0.4158244133, 0.415823936462, 0.4158244133, 0.410217285156, 0.499759197235, 0.499758720398, 0.499759197235, 0.499758720398, 0.499759674072, 0.499758720398, 0.499759674072]
    onset_times: [0.0348299331963, 0.255419492722, 0.46439909935, 0.882358253002, 1.20743763447, 1.31192743778, 1.64861679077, 1.71827661991, 1.95047616959, 2.04335594177, 2.15945577621, 2.56580495834, 2.99537420273, 3.66875290871, 4.35374164581, 5.21287965775, 5.65405893326, 6.06040811539, 6.47836732864, 6.91954660416, 7.14013624191, 7.77868461609, 8.60299301147, 9.0906124115, 9.47374153137]
    rubato_start: [6.7796959877]
    rubato_stop: [7.2794547081]
    perceptual_tempo: "unknown"

sfx:
    inharmonicity:
        dmean: 0.0636044517159
        dmean2: 0.117124378681
        dvar: 0.00435716751963
        dvar2: 0.0127886636183
        max: 0.35688829422
        mean: 0.0625288784504
        min: 0
        var: 0.00389211508445
    oddtoevenharmonicenergyratio:
        dmean: 2.43237471581
        dmean2: 4.5412273407
        dvar: 94.9271621704
        dvar2: 284.333312988
        max: 128.84197998
        mean: 1.73465585709
        min: 0
        var: 49.4617919922
    pitch_after_max_to_before_max_energy_ratio: 49.6240272522
    pitch_centroid: 222.994155884
    pitch_max_to_total: 0.025462962687
    pitch_min_to_total: 0.912037014961
    tristimulus:
        dmean: [0.184422552586, 0.308010309935, 0.166841104627]
        dmean2: [0.320528298616, 0.545281767845, 0.305285066366]
        dvar: [0.0314557887614, 0.059378862381, 0.0228966586292]
        dvar2: [0.0862444043159, 0.15853753686, 0.0635256245732]
        max: [1, 0.950075745583, 0.749570965767]
        mean: [0.28956130147, 0.453467011452, 0.140170887113]
        min: [0.0140990735963, 0, 0]
        var: [0.0336739122868, 0.0794865116477, 0.0252460259944]

tonal:
    chords_changes_rate: 0.0230414755642
    chords_number_rate: 0.0138248847798
    chords_strength:
        dmean: 0.00779922911897
        dmean2: 0.0070432680659
        dvar: 3.16952609865e-05
        dvar2: 3.03529704979e-05
        max: 0.699490308762
        mean: 0.554317474365
        min: 0.443094849586
        var: 0.00437760166824
    key_strength: 0.632509112358
    tuning_diatonic_strength: 0.47842797637
    tuning_equal_tempered_deviation: 0.0675079450011
    tuning_frequency: 440
    tuning_nontempered_energy_ratio: 0.651141822338
    hpcp:
        dmean: [0.130860775709, 0.141337364912, 0.147224009037, 0.149688228965, 0.139628827572, 0.163757637143, 0.1828545928, 0.155342578888, 0.162947371602, 0.158474177122, 0.103303670883, 0.0793130770326, 0.0841773599386, 0.0651974007487, 0.0856112167239, 0.114924348891, 0.0840380489826, 0.0601944513619, 0.0632276758552, 0.0621097497642, 0.141037687659, 0.203814610839, 0.162091508508, 0.080308534205, 0.0774894356728, 0.0785029754043, 0.0895222350955, 0.100683361292, 0.101897209883, 0.1608466506, 0.167534321547, 0.180290609598, 0.204887568951, 0.175925225019, 0.107102952898, 0.116211235523]
        dmean2: [0.21010363102, 0.243892610073, 0.255745708942, 0.261224031448, 0.235693499446, 0.266654700041, 0.309627115726, 0.262014508247, 0.272434443235, 0.258792519569, 0.17737954855, 0.134331151843, 0.137000888586, 0.114839501679, 0.144012793899, 0.19804687798, 0.141735479236, 0.105893187225, 0.111352495849, 0.109127409756, 0.228425204754, 0.331527292728, 0.267560899258, 0.132698714733, 0.128842651844, 0.131028071046, 0.14963632822, 0.16245752573, 0.175400093198, 0.269737273455, 0.27304148674, 0.290347725153, 0.346984297037, 0.302034884691, 0.181202530861, 0.194090336561]
        dvar: [0.0248579848558, 0.030019601807, 0.0364986881614, 0.0407773777843, 0.0322419479489, 0.0290127899498, 0.034858584404, 0.0224474575371, 0.0276402011514, 0.0340995714068, 0.0136969583109, 0.00818627141416, 0.0106004467234, 0.0110726244748, 0.01203321293, 0.0279639642686, 0.0140906553715, 0.0134496903047, 0.0199428908527, 0.0162885710597, 0.0237357188016, 0.0395523160696, 0.0228753369302, 0.00987974274904, 0.00953605305403, 0.00789953023195, 0.0134563902393, 0.0125927794725, 0.0128080174327, 0.020065529272, 0.0285133682191, 0.0250197127461, 0.0336217619479, 0.0343322791159, 0.0121294381097, 0.0165142919868]
        dvar2: [0.0619521029294, 0.0836113169789, 0.108316138387, 0.119748823345, 0.0900206267834, 0.0755887031555, 0.0806571021676, 0.0565446391702, 0.0713015571237, 0.090202011168, 0.0354540944099, 0.0204972848296, 0.0274288579822, 0.0326793603599, 0.0335490219295, 0.0687159821391, 0.0352177359164, 0.0386352613568, 0.0531497485936, 0.0409371443093, 0.0589251928031, 0.088807888329, 0.0544993393123, 0.0224060993642, 0.0235206466168, 0.0221465826035, 0.0363913141191, 0.0310029331595, 0.0264930222183, 0.056667663157, 0.0707204565406, 0.0664145648479, 0.0840121954679, 0.0983940213919, 0.0320066809654, 0.0402569882572]
        max: [1, 1, 1, 1, 1, 1, 1, 1, 1, 1, 1, 0.91142475605, 1, 0.824749827385, 1, 1, 0.83105045557, 0.93989354372, 1, 1, 1, 1, 1, 0.984493136406, 0.912833511829, 0.705848872662, 0.983296215534, 1, 1, 1, 1, 1, 1, 1, 0.898345947266, 1]
        mean: [0.352194219828, 0.266971319914, 0.195112273097, 0.196146458387, 0.191392928362, 0.267898082733, 0.367391973734, 0.304269403219, 0.30204552412, 0.336546123028, 0.195505261421, 0.144368469715, 0.151250094175, 0.112801417708, 0.165431588888, 0.234492003918, 0.171935349703, 0.100233972073, 0.0834336280823, 0.0833916589618, 0.307984769344, 0.549959897995, 0.360009104013, 0.147104233503, 0.145288988948, 0.132002815604, 0.155235379934, 0.171828433871, 0.182303145528, 0.372690469027, 0.514449298382, 0.434633821249, 0.407169431448, 0.338170707226, 0.2045853585, 0.259208858013]
        min: [0.0136618670076, 0.013678570278, 0.00955300964415, 0.0092495707795, 0.00694268243387, 0.0273082461208, 0.0377201661468, 0.0362624898553, 0.015466440469, 0.0116963386536, 0.0131008857861, 0.0157191362232, 0.0184580739588, 0.0114960195497, 0.0163525585085, 0.0114615838975, 0.011280791834, 0.0106793278828, 0.00691205402836, 0.00345300836489, 0.00506380293518, 0.0122849904001, 0.0228933375329, 0.0159338023514, 0.0143083669245, 0.0130504686385, 0.0114033259451, 0.0116505799815, 0.0197647642344, 0.0395818352699, 0.0487856678665, 0.0293367709965, 0.0158164128661, 0.00895379018039, 0.00897241570055, 0.0122454259545]
        var: [0.100285984576, 0.0493364557624, 0.0412258394063, 0.0403701774776, 0.031097991392, 0.0377692654729, 0.0719007328153, 0.0491274408996, 0.0496492795646, 0.0840700790286, 0.0284283384681, 0.0119927283376, 0.0152237676084, 0.00975535623729, 0.0215038880706, 0.0590389482677, 0.0261398069561, 0.0100971758366, 0.01509695407, 0.016838086769, 0.0454009845853, 0.104358710349, 0.0559861883521, 0.0197442341596, 0.0181108172983, 0.0103755742311, 0.0177670773119, 0.0209681466222, 0.018550183624, 0.0468929000199, 0.0982948243618, 0.0606386885047, 0.0700514689088, 0.0562542937696, 0.0230462756008, 0.0487965606153]
    chords_histogram: [18.8940086365, 42.3963127136, 0, 0, 0, 0, 0, 0, 0, 0, 0, 0, 0, 0, 0, 0, 0, 0, 0, 0, 0, 0, 0, 38.7096786499]
    thpcp: [1, 0.65460973978, 0.267481744289, 0.264181047678, 0.240022614598, 0.282266736031, 0.312438100576, 0.331484436989, 0.677668452263, 0.935430586338, 0.790300905704, 0.740362048149, 0.614900648594, 0.372000515461, 0.47132319212, 0.640399813652, 0.485437780619, 0.354775458574, 0.356655925512, 0.348012506962, 0.487122952938, 0.668034136295, 0.553257465363, 0.549213707447, 0.611946642399, 0.355490028858, 0.262507259846, 0.275020211935, 0.205108448863, 0.300806641579, 0.426380187273, 0.312632530928, 0.182256877422, 0.151708573103, 0.151632249355, 0.560013115406]
    chords_key: "E"
    chords_scale: "minor"
    key_key: "C"
    key_scale: "major"
    chords_progression: ["Em", "Em", "Em", "Em", "Em", "Em", "Em", "Em", "Em", "Em", "Em", "Em", "Em", "Em", "Em", "Em", "Em", "Em", "Em", "Em", "Em", "Em", "Em", "Em", "Em", "Em", "Em", "Em", "C", "C", "C", "C", "C", "C", "C", "C", "C", "C", "C", "Am", "Am", "Am", "Am", "Am", "Am", "Am", "Am", "Am", "Am", "Am", "Am", "Am", "Am", "Am", "Am", "Am", "Am", "Am", "Am", "Am", "Am", "Am", "Am", "Am", "Am", "Am", "Am", "Am", "Am", "Am", "Am", "Am", "Am", "Am", "Am", "Am", "Am", "Am", "Am", "C", "C", "C", "C", "C", "C", "C", "C", "C", "C", "C", "C", "C", "C", "C", "C", "C", "C", "C", "C", "C", "C", "C", "C", "C", "C", "C", "C", "C", "C", "Em", "Em", "Em", "Em", "Em", "Em", "Em", "Em", "Em", "Em", "Em", "Em", "Em", "Em", "Em", "Em", "Em", "Em", "Em", "Em", "Em", "Em", "Em", "Em", "Em", "Em", "Em", "Em", "Em", "Em", "Em", "Em", "Em", "Em", "Em", "Em", "Em", "Em", "Em", "Em", "Em", "Em", "Em", "Em", "Em", "Em", "Em", "Em", "Em", "Em", "Em", "Em", "Em", "Em", "Em", "Em", "Em", "Em", "Em", "Em", "Em", "Em", "Em", "Em", "Am", "Am", "Am", "Am", "Am", "Am", "Am", "Am", "Am", "Am", "Am", "Am", "Am", "Am", "Am", "Am", "Am", "Am", "Am", "Am", "Am", "Am", "Am", "Am", "Am", "Am", "Am", "Am", "Am", "Am", "Am", "Am", "Am", "Am", "Am", "Am", "Am", "Am", "Am", "Am", "Am", "Am", "Am", "Am"]
