
metadata:
    version:
        essentia: "1.2.2"
    audio_properties:
        analysis_sample_rate: 44100
        bitrate: 128
        channels: 2
        equal_loudness: 1
        length: 10.0310201645
        replay_gain: -12.9654560089
        downmix: "mix"
    tags:
        track: 26
        year: 0
        album: "Splitted by Mp3Splt v. 2.1"
        artist: "From 004.10 To 004.20"
        comment: "http://mp3splt.sf.net"
        genre: ""
        title: "05 Ballroom.mp3"

highlevel:
    ballroom:
        all:
            ChaChaCha: 0.203755706549
            Jive: 0.175714716315
            Quickstep: 0.056903719902
            Rumba-American: 0.010117915459
            Rumba-International: 0.0542355552316
            Rumba-Misc: 0.0223939605057
            Samba: 0.279924929142
            Tango: 0.058967936784
            VienneseWaltz: 0.0959530770779
            Waltz: 0.0420324727893
        probability: 0.279924929142
        value: "Samba"
    culture:
        all:
            non_western: 0.0623243264854
            western: 0.937675654888
        probability: 0.937675654888
        value: "western"
    gender:
        all:
            female: 0.845016539097
            male: 0.154983446002
        probability: 0.845016539097
        value: "female"
    genre_dortmund:
        all:
            alternative: 0.358630299568
            blues: 0.0110650062561
            electronic: 0.0463428460062
            folkcountry: 0.149555295706
            funksoulrnb: 0.0155132170767
            jazz: 0.0355456136167
            pop: 0.070552431047
            raphiphop: 0.00125101336744
            rock: 0.311544269323
        probability: 0.358630299568
        value: "alternative"
    genre_electronica:
        all:
            ambient: 0.259479761124
            dnb: 0.140179485083
            house: 0.0376185998321
            techno: 0.00939125102013
            trance: 0.553330898285
        probability: 0.553330898285
        value: "trance"
    genre_rosamerica:
        all:
            cla: 0.0181650500745
            dan: 0.013795722276
            hip: 0.00132942385972
            jaz: 0.000652021903079
            pop: 0.0136776389554
            rhy: 0.005020421464
            roc: 0.946907043457
            spe: 0.000452698179288
        probability: 0.946907043457
        value: "roc"
    genre_tzanetakis:
        all:
            blu: 0.00498458324
            cla: 0.0357767827809
            cou: 0.115561328828
            dis: 0.0619086287916
            hip: 0.00327678071335
            jaz: 0.0100821070373
            met: 0.0532979257405
            pop: 0.046495411545
            reg: 0.0116927027702
            roc: 0.656923770905
        probability: 0.656923770905
        value: "roc"
    live_studio:
        all:
            live: 0.0718215927482
            studio: 0.928178429604
        probability: 0.928178429604
        value: "studio"
    mood:
        all:
            Cluster1: 0.190757781267
            Cluster2: 0.0831507593393
            Cluster3: 0.571112215519
            Cluster4: 0.0242292564362
            Cluster5: 0.130750000477
        probability: 0.571112215519
        value: "Cluster3"
    mood_acoustic:
        all:
            acoustic: 0.0354277938604
            not_acoustic: 0.964572191238
        probability: 0.964572191238
        value: "not_acoustic"
    mood_aggressive:
        all:
            aggressive: 0.0535469651222
            not_aggressive: 0.946453034878
        probability: 0.946453034878
        value: "not_aggressive"
    mood_electronic:
        all:
            electronic: 0.386455059052
            not_electronic: 0.613544940948
        probability: 0.613544940948
        value: "not_electronic"
    mood_happy:
        all:
            happy: 0.850112140179
            not_happy: 0.149887874722
        probability: 0.850112140179
        value: "happy"
    mood_party:
        all:
            not_party: 0.826261997223
            party: 0.173738002777
        probability: 0.826261997223
        value: "not_party"
    mood_relaxed:
        all:
            not_relaxed: 0.259623497725
            relaxed: 0.740376472473
        probability: 0.740376472473
        value: "relaxed"
    mood_sad:
        all:
            not_sad: 1.11118993118e-06
            sad: 0.999998867512
        probability: 0.999998867512
        value: "sad"
    rhythm:
        all:
            fast: 0.482542932034
            medium: 0.120884090662
            slow: 0.396572977304
        probability: 0.482542932034
        value: "fast"
    speech_music:
        all:
            music: 1.12575540001e-08
            speech: 1
        probability: 1
        value: "speech"
    timbre:
        all:
            bright: 0.391204476357
            dark: 0.608795523643
        probability: 0.608795523643
        value: "dark"
    voice_instrumental:
        all:
            instrumental: 0.761010110378
            voice: 0.238989874721
        probability: 0.761010110378
        value: "instrumental"

lowlevel:
    average_loudness: 0.885300219059
    barkbands_kurtosis:
        dmean: 0.350545197725
        dmean2: 0.545129716396
        dvar: 0.482183396816
        dvar2: 0.790449202061
        max: 9.36479187012
        mean: -0.965764403343
        min: -1.75808620453
        var: 1.62671995163
    barkbands_skewness:
        dmean: 0.255134433508
        dmean2: 0.403958708048
        dvar: 0.0780975297093
        dvar2: 0.170649722219
        max: 2.95534753799
        mean: 0.171507865191
        min: -0.928644001484
        var: 0.316277176142
    barkbands_spread:
        dmean: 3.48736739159
        dmean2: 5.48155879974
        dvar: 8.86413860321
        dvar2: 17.6456222534
        max: 53.6475791931
        mean: 32.8766708374
        min: 6.2786397934
        var: 76.9435653687
    dissonance:
        dmean: 0.0187023561448
        dmean2: 0.0304030142725
        dvar: 0.000428010040196
        dvar2: 0.00104067544453
        max: 0.496483117342
        mean: 0.456389248371
        min: 0.229715526104
        var: 0.00132718891837
    hfc:
        dmean: 0.935632944107
        dmean2: 1.46545791626
        dvar: 1.21820187569
        dvar2: 2.26170253754
        max: 20.9459457397
        mean: 5.68629407883
        min: 0.133162468672
        var: 13.3064956665
    pitch:
        dmean: 141.009185791
        dmean2: 266.281646729
        dvar: 83096.0078125
        dvar2: 240590.15625
        max: 3675
        mean: 280.143463135
        min: 82.5842666626
        var: 54337.84375
    pitch_instantaneous_confidence:
        dmean: 0.0667697861791
        dmean2: 0.107250541449
        dvar: 0.00261967210099
        dvar2: 0.00666626542807
        max: 0.820399999619
        mean: 0.402132362127
        min: 0.184573948383
        var: 0.011538204737
    pitch_salience:
        dmean: 0.042258772999
        dmean2: 0.068284496665
        dvar: 0.0013748415513
        dvar2: 0.00338793965057
        max: 0.75917583704
        mean: 0.55775809288
        min: 0.313772559166
        var: 0.00502301333472
    silence_rate_20dB:
        dmean: 0
        dmean2: 0
        dvar: 0
        dvar2: 0
        max: 1
        mean: 1
        min: 1
        var: 0
    silence_rate_30dB:
        dmean: 0
        dmean2: 0
        dvar: 0
        dvar2: 0
        max: 1
        mean: 1
        min: 1
        var: 0
    silence_rate_60dB:
        dmean: 0.041763342917
        dmean2: 0.0813953503966
        dvar: 0.0400188416243
        dvar2: 0.0887241736054
        max: 1
        mean: 0.553240716457
        min: 0
        var: 0.247165575624
    spectral_centroid:
        dmean: 175.535171509
        dmean2: 281.840179443
        dvar: 29822.1855469
        dvar2: 72214.3515625
        max: 2490.31030273
        mean: 1471.98449707
        min: 227.11706543
        var: 185155.921875
    spectral_complexity:
        dmean: 2.37296032906
        dmean2: 3.74532699585
        dvar: 4.69540405273
        dvar2: 10.9701957703
        max: 37
        mean: 13.6999998093
        min: 0
        var: 41.3216133118
    spectral_crest:
        dmean: 1.29863476753
        dmean2: 2.02187538147
        dvar: 1.90487492085
        dvar2: 3.80238389969
        max: 17.2431869507
        mean: 6.05225801468
        min: 2.47574305534
        var: 7.00258922577
    spectral_decrease:
        dmean: 1.64815300296e-10
        dmean2: 2.6047053403e-10
        dvar: 6.22181798437e-20
        dvar2: 1.4863839779e-19
        max: -3.38009377432e-11
        mean: -9.27956711472e-10
        min: -3.48266993022e-09
        var: 4.17253940908e-19
    spectral_energy:
        dmean: 0.000685952662025
        dmean2: 0.00107453926466
        dvar: 1.00179647688e-06
        dvar2: 2.34310346059e-06
        max: 0.0147292567417
        mean: 0.00401808647439
        min: 0.00013965080143
        var: 7.51293146095e-06
    spectral_energyband_high:
        dmean: 6.93894107826e-05
        dmean2: 0.000112382433144
        dvar: 9.4671381845e-09
        dvar2: 1.98822824871e-08
        max: 0.00128875428345
        mean: 0.000217329405132
        min: 7.1483917452e-08
        var: 3.71028612278e-08
    spectral_energyband_low:
        dmean: 0.000181435520062
        dmean2: 0.000301706109894
        dvar: 1.42169852779e-07
        dvar2: 3.96976560069e-07
        max: 0.00345166865736
        mean: 0.000495131826028
        min: 1.32792274954e-08
        var: 3.61213807309e-07
    spectral_energyband_middle_high:
        dmean: 0.000361682439689
        dmean2: 0.000553582736757
        dvar: 1.55516474365e-07
        dvar2: 3.09561556833e-07
        max: 0.00603363011032
        mean: 0.00190101948101
        min: 6.46861299174e-05
        var: 1.40988265684e-06
    spectral_energyband_middle_low:
        dmean: 0.000371015514247
        dmean2: 0.000601485488005
        dvar: 4.06572269185e-07
        dvar2: 9.61038040259e-07
        max: 0.00802678521723
        mean: 0.0014045907883
        min: 2.12497143366e-05
        var: 1.77449089733e-06
    spectral_flatness_db:
        dmean: 0.0124692041427
        dmean2: 0.0199991613626
        dvar: 0.000231767087826
        dvar2: 0.000488178164233
        max: 0.338931053877
        mean: 0.155533388257
        min: 0.0764188989997
        var: 0.00196091248654
    spectral_flux:
        dmean: 0.00514060026035
        dmean2: 0.00822758954018
        dvar: 4.2835919885e-05
        dvar2: 8.86072812136e-05
        max: 0.0833475738764
        mean: 0.0296230465174
        min: 0.00292287627235
        var: 0.000143876313814
    spectral_kurtosis:
        dmean: 2.20848345757
        dmean2: 3.75649094582
        dvar: 28.1483039856
        dvar2: 77.7400665283
        max: 60.6147346497
        mean: 5.51484107971
        min: 1.21503162384
        var: 61.9188919067
    spectral_rms:
        dmean: 0.000164663273608
        dmean2: 0.000253634061664
        dvar: 3.47035751247e-08
        dvar2: 7.49508828335e-08
        max: 0.00379077903926
        mean: 0.00186570163351
        min: 0.0003691133752
        var: 4.39242285211e-07
    spectral_rolloff:
        dmean: 296.495605469
        dmean2: 511.111541748
        dvar: 106977
        dvar2: 266464.9375
        max: 4909.5703125
        mean: 3039.78662109
        min: 193.798828125
        var: 550919.625
    spectral_skewness:
        dmean: 0.221044480801
        dmean2: 0.367263793945
        dvar: 0.145784884691
        dvar2: 0.39525860548
        max: 5.99835443497
        mean: 1.53172540665
        min: 0.921746909618
        var: 0.464039504528
    spectral_spread:
        dmean: 319201.3125
        dmean2: 460882.84375
        dvar: 516324917248
        dvar2: 612576788480
        max: 16954646
        mean: 3986455
        min: 890685.6875
        var: 1.2604890153e+12
    spectral_strongpeak:
        dmean: 0.297037780285
        dmean2: 0.512833118439
        dvar: 0.255657315254
        dvar2: 0.613036632538
        max: 4.35645532608
        mean: 0.460658997297
        min: 0.0224038884044
        var: 0.325407654047
    zerocrossingrate:
        dmean: 0.00584799330682
        dmean2: 0.00738810608163
        dvar: 2.74363410426e-05
        dvar2: 4.13458874391e-05
        max: 0.126953125
        mean: 0.0886457562447
        min: 0.02001953125
        var: 0.000401032390073
    barkbands:
        dmean: [2.17875978592e-07, 4.27822960773e-05, 0.000157698916155, 0.000135797075927, 0.000193626910914, 0.000116120834718, 8.1708014477e-05, 5.78074759687e-05, 5.42718553334e-05, 9.86652885331e-05, 6.81438541505e-05, 6.46052067168e-05, 0.000108089174319, 7.35188368708e-05, 7.1285336162e-05, 7.54749926273e-05, 0.000129224761622, 7.54394277465e-05, 0.000120295022498, 8.61313310452e-05, 4.09521453548e-05, 8.1343241618e-06, 1.91992603504e-06, 7.64148467169e-07, 3.05634557662e-07, 2.57564085615e-08, 4.4869259419e-09]
        dmean2: [3.39272332894e-07, 7.22583790775e-05, 0.000259338616161, 0.000220559333684, 0.000293174787657, 0.000198792287847, 0.000128222047351, 8.61455773702e-05, 8.39611093397e-05, 0.000128360174131, 0.000106719948235, 0.0001031402644, 0.00016481615603, 0.000124302488985, 0.000120144897664, 0.000121181328723, 0.00020989686891, 0.000126839193399, 0.000199342350243, 0.000143862926052, 6.70723093208e-05, 1.28148030853e-05, 3.04160107589e-06, 1.14623105674e-06, 4.57834801182e-07, 3.5016256561e-08, 4.67308680641e-09]
        dvar: [7.34051383046e-13, 5.99246607891e-09, 1.36030209319e-07, 1.01112085815e-07, 1.23612480252e-07, 5.58645361082e-08, 1.5531783859e-08, 1.22000267666e-08, 8.38920488633e-09, 1.72397438547e-08, 9.50095024876e-09, 7.57153006958e-09, 3.72863482312e-08, 1.10951683396e-08, 8.00620014729e-09, 1.18462430976e-08, 2.02749355083e-08, 8.81786821338e-09, 1.95091001132e-08, 8.94532004025e-09, 3.1802107614e-09, 1.00867925124e-10, 6.06173661613e-12, 1.25753433274e-12, 5.30719023416e-13, 9.14948980701e-15, 7.69517828229e-15]
        dvar2: [1.27267380662e-12, 1.97171079463e-08, 3.83171681051e-07, 2.95750226087e-07, 2.76526549214e-07, 1.69937209193e-07, 3.96264532299e-08, 2.93597057777e-08, 2.0091658115e-08, 2.9258339751e-08, 2.18805435992e-08, 1.86869915098e-08, 8.70819647503e-08, 3.22199653624e-08, 1.99973531068e-08, 3.1257954447e-08, 4.87141882388e-08, 2.34179466929e-08, 5.32818980048e-08, 2.26224852184e-08, 6.92256030277e-09, 2.07767511529e-10, 1.37815783091e-11, 2.30504352584e-12, 9.96046235942e-13, 1.16444228121e-14, 7.70929662746e-15]
        max: [1.29578584165e-05, 0.000670261331834, 0.0031205387786, 0.00310997758061, 0.0034627863206, 0.00253198901191, 0.00170440447982, 0.00128985533956, 0.00103033985943, 0.00202680868097, 0.00110054807737, 0.000663377461024, 0.00252840761095, 0.0010301094735, 0.000882038788404, 0.00115260714665, 0.00192818650976, 0.00126183929387, 0.00150674104225, 0.0011740286136, 0.000707576517016, 0.000143465978908, 2.54970145761e-05, 1.51596041178e-05, 1.0416085388e-05, 1.70560099377e-06, 1.81959626389e-06]
        mean: [3.09395602471e-07, 9.37069416977e-05, 0.000401131401304, 0.000345905049471, 0.000483034411445, 0.000199771937332, 0.000175152308657, 9.91381821223e-05, 9.90725384327e-05, 0.000208907818887, 0.000115544331493, 9.54110073508e-05, 0.000183895841474, 0.000119883610751, 0.000131165899802, 0.000184637188795, 0.000261299370322, 0.000170571860508, 0.000289362214971, 0.000228247023188, 0.000102997975773, 2.13465264096e-05, 4.75832894153e-06, 2.06745494324e-06, 7.25742722807e-07, 3.94780101942e-08, 4.47306502949e-09]
        min: [2.60322319257e-12, 3.6649856483e-09, 2.55144416705e-09, 1.65738427427e-08, 1.01678892861e-06, 6.37433686279e-07, 1.88643025467e-06, 1.19002379506e-07, 1.3429316823e-06, 3.18943250477e-07, 8.50533353969e-07, 2.1387063498e-06, 7.14962766324e-07, 1.25744747947e-07, 6.42892473479e-07, 1.02505680388e-07, 6.52681109159e-08, 1.10257786901e-07, 3.62486929362e-08, 2.43091051289e-07, 7.11524084096e-09, 5.01613461878e-09, 4.90317897395e-10, 3.72967663698e-11, 1.04227542395e-12, 7.97376148941e-14, 2.08542069654e-14]
        var: [7.48404105615e-13, 1.47422865027e-08, 3.40696004741e-07, 2.48494472999e-07, 3.60866749816e-07, 9.1361201271e-08, 4.94211676028e-08, 1.72165002255e-08, 1.53173562722e-08, 8.50353956139e-08, 2.03027710199e-08, 1.10232081241e-08, 8.51164259075e-08, 1.52898937955e-08, 1.54548516207e-08, 3.1607790163e-08, 5.74181697743e-08, 2.56490384487e-08, 6.22623730351e-08, 3.18764143969e-08, 1.01583381706e-08, 3.83234638468e-10, 1.78049311406e-11, 4.32351984075e-12, 1.17193115021e-12, 1.14292501854e-14, 7.68010787209e-15]
    mfcc:
        mean: [-720.940917969, 123.600227356, -58.6323165894, 49.1420593262, -16.0484905243, 5.18252277374, -0.452625602484, -3.48525643349, -4.91199827194, -1.03350710869, -9.24235153198, -6.98494338989, -4.47745752335]
        cov: [[5311.40283203, -2151.31152344, 494.20324707, 311.891448975, 340.518463135, -597.820251465, 107.144920349, 2.83197116852, 148.676757812, -376.768798828, -106.672485352, 123.994239807, 23.1201477051], [-2151.31152344, 1704.84191895, 48.4903488159, 112.96484375, 73.7874298096, 421.090179443, 80.8127059937, 79.1160430908, -13.8564138412, 234.578369141, 52.0520477295, -111.831710815, -63.2645187378], [494.20324707, 48.4903488159, 284.299255371, 157.108551025, 167.906066895, 66.457862854, 110.492004395, 73.2214279175, 45.74766922, 32.2353935242, -1.15654945374, 2.43772053719, 8.78147602081], [311.891448975, 112.96484375, 157.108551025, 201.951843262, 135.809509277, 57.3651657104, 63.7857818604, 69.3017349243, 20.312128067, 28.6200313568, -5.6613535881, -14.2962646484, 9.45480251312], [340.518463135, 73.7874298096, 167.906066895, 135.809509277, 207.079711914, 53.2460403442, 73.3413848877, 51.015827179, 43.6878051758, 18.9752464294, 1.72331213951, -11.074637413, 18.8388576508], [-597.820251465, 421.090179443, 66.457862854, 57.3651657104, 53.2460403442, 258.454864502, 78.4732284546, 73.1556777954, 0.370883971453, 128.79637146, 44.9387741089, 5.83054590225, 9.26878547668], [107.144920349, 80.8127059937, 110.492004395, 63.7857818604, 73.3413848877, 78.4732284546, 124.497169495, 51.92918396, 47.180431366, 9.77083587646, 12.5607233047, 3.03650307655, -4.57226657867], [2.83197116852, 79.1160430908, 73.2214279175, 69.3017349243, 51.015827179, 73.1556777954, 51.92918396, 139.057373047, -12.0947694778, 61.1573600769, -19.6254024506, -18.0797042847, 37.7324981689], [148.676757812, -13.8564138412, 45.74766922, 20.312128067, 43.6878051758, 0.370883971453, 47.180431366, -12.0947694778, 154.39402771, -38.9084587097, 17.7162895203, -0.468373835087, -38.9296684265], [-376.768798828, 234.578369141, 32.2353935242, 28.6200313568, 18.9752464294, 128.79637146, 9.77083587646, 61.1573600769, -38.9084587097, 148.027786255, 25.8160972595, 4.74464464188, 22.7851200104], [-106.672485352, 52.0520477295, -1.15654945374, -5.6613535881, 1.72331213951, 44.9387741089, 12.5607233047, -19.6254024506, 17.7162895203, 25.8160972595, 78.7654647827, 46.8803749084, -6.36252212524], [123.994239807, -111.831710815, 2.43772053719, -14.2962646484, -11.074637413, 5.83054590225, 3.03650307655, -18.0797042847, -0.468373835087, 4.74464464188, 46.8803749084, 95.7382965088, 10.9344940186], [23.1201477051, -63.2645187378, 8.78147602081, 9.45480251312, 18.8388576508, 9.26878547668, -4.57226657867, 37.7324981689, -38.9296684265, 22.7851200104, -6.36252212524, 10.9344940186, 87.2549972534]]
        icov: [[0.00104503135663, 0.00113832019269, -0.0010691183852, -0.00120001821779, -0.000807942938991, 0.00118226627819, -0.000351762748323, -0.000165600824403, 0.000210487851291, 0.00038405667874, 0.000162524927873, -0.000569128897041, 0.000964893144555], [0.00113832019269, 0.00258864974603, -0.000827322190162, -0.0017844599206, -0.000981528544798, -0.000758243550081, -0.00018342056137, 0.000323701591697, 0.000505242380314, -0.000175999302883, -0.000387815438444, 0.00126734131481, 0.00207906006835], [-0.0010691183852, -0.000827322190162, 0.0111903352663, -0.00229919934645, -0.00347103504464, -9.62778649409e-05, -0.00511710997671, 0.000467015139293, -0.000514168001246, -0.00317856739275, 0.00202779984102, -0.00119240500499, -6.17680143478e-06], [-0.00120001821779, -0.0017844599206, -0.00229919934645, 0.0127115575597, -0.00351612782106, -0.00133456976619, 0.00166147528216, -0.00300274626352, 0.000530292163603, 0.000752857478801, -0.000508788507432, 0.000686388113536, 8.15066232462e-05], [-0.000807942938991, -0.000981528544798, -0.00347103504464, -0.00351612782106, 0.0127072986215, -0.00118956994265, -0.000382433732739, 0.00136158952955, -0.00211752648465, 5.77043465455e-05, -0.00125284946989, 0.00237097265199, -0.00434160837904], [0.00118226627819, -0.000758243550081, -9.62778649409e-05, -0.00133456976619, -0.00118956994265, 0.0145557299256, -0.00693444069475, -0.00109929754399, -0.000190846345504, -0.00677849724889, -0.00172428123187, -0.00244376738556, -2.06443928619e-05], [-0.000351762748323, -0.00018342056137, -0.00511710997671, 0.00166147528216, -0.000382433732739, -0.00693444069475, 0.0197178963572, -0.00559268612415, -0.00230843620375, 0.00686804996803, -0.00249468279071, 8.0270538092e-06, 0.00155978859402], [-0.000165600824403, 0.000323701591697, 0.000467015139293, -0.00300274626352, 0.00136158952955, -0.00109929754399, -0.00559268612415, 0.0153316864744, -0.000385099556297, -0.00594699103385, 0.0052784094587, 0.00170767505188, -0.00499130552635], [0.000210487851291, 0.000505242380314, -0.000514168001246, 0.000530292163603, -0.00211752648465, -0.000190846345504, -0.00230843620375, -0.000385099556297, 0.00980615057051, 0.00295237661339, -0.00311444187537, 0.00113978225272, 0.00406207889318], [0.00038405667874, -0.000175999302883, -0.00317856739275, 0.000752857478801, 5.77043465455e-05, -0.00677849724889, 0.00686804996803, -0.00594699103385, 0.00295237661339, 0.0180506445467, -0.00463476264849, -3.22579726344e-05, -8.21494977572e-05], [0.000162524927873, -0.000387815438444, 0.00202779984102, -0.000508788507432, -0.00125284946989, -0.00172428123187, -0.00249468279071, 0.0052784094587, -0.00311444187537, -0.00463476264849, 0.0253281127661, -0.0120278671384, 0.000742077012546], [-0.000569128897041, 0.00126734131481, -0.00119240500499, 0.000686388113536, 0.00237097265199, -0.00244376738556, 8.0270538092e-06, 0.00170767505188, 0.00113978225272, -3.22579726344e-05, -0.0120278671384, 0.0197471790016, -0.00270979246125], [0.000964893144555, 0.00207906006835, -6.17680143478e-06, 8.15066232462e-05, -0.00434160837904, -2.06443928619e-05, 0.00155978859402, -0.00499130552635, 0.00406207889318, -8.21494977572e-05, 0.000742077012546, -0.00270979246125, 0.0181114356965]]
    spectral_contrast:
        mean: [-1.81802832344e-07, -2.05843946333e-08, -1.36397602546e-07, 2.54731872928e-07, -2.36391329622e-07, -2.18631228677e-07, -8.15838575363e-07, -3.74802334591e-06, -9.55892119237e-07, 4.99154225508e-07, -6.49829246413e-07, -3.17429396546e-07]
        var: [0.00040291401092, 0.000711683009285, 0.000986123923212, 0.00183031812776, 0.00221022078767, 0.00448286160827, 0.0424608066678, 0.0686164647341, 0.106160618365, 0.190842613578, 1.14178192616, 4.34427404404]

rhythm:
    beats_loudness:
        dmean: 0.00254259002395
        dmean2: 0.00436933292076
        dvar: 6.16615852778e-06
        dvar2: 2.11853093788e-05
        max: 0.0136552620679
        mean: 0.00529750622809
        min: 0.000857186736539
        var: 1.57981958182e-05
    beats_loudness_bass:
        dmean: 0.139888450503
        dmean2: 0.26978212595
        dvar: 0.00670285290107
        dvar2: 0.0188447479159
        max: 0.340442925692
        mean: 0.145768091083
        min: 0.000117983705422
        var: 0.0110014919192
    bpm: 100.534759521
    bpm_confidence: 0
    first_peak_bpm: 101
    first_peak_spread: 0
    first_peak_weight: 0.933333337307
    onset_rate: 2.59195971489
    second_peak_bpm: 106
    second_peak_spread: 0
    second_peak_weight: 0.0666666701436
    beats_position: [0.614994347095, 1.21173357964, 1.80847287178, 2.40521216393, 3.00195145607, 3.59869074821, 4.19543027878, 4.79216957092, 5.38890886307, 5.95238161087, 6.54930973053, 7.14623785019, 7.74316596985, 8.34009361267, 8.93702220917, 9.53394985199]
    bpm_estimates: [100.24886322, 102.144462585, 100.707740784, 99.5261154175, 100.293052673, 100.395736694, 100.589317322, 100.258903503, 101.163421631, 99.7018203735, 100.942863464, 100.444770813]
    bpm_intervals: [0.59673923254, 0.596739292145, 0.596739292145, 0.596739292145, 0.596739292145, 0.596739530563, 0.596739292145, 0.596739292145, 0.563472747803, 0.596928119659, 0.596928119659, 0.596928119659, 0.596927642822, 0.596928596497, 0.596927642822]
    onset_times: [0.0580498874187, 0.208979591727, 0.441179126501, 0.522448956966, 0.812698423862, 1.11455786228, 1.42802715302, 2.64707493782, 3.22757363319, 3.52943301201, 3.83129262924, 4.71365070343, 4.8994102478, 5.18966007233, 5.49151945114, 5.630838871, 5.92108821869, 6.22294807434, 6.51319742203, 7.12852621078, 7.44199562073, 7.72063493729, 8.32435417175, 8.92807292938, 9.53179168701, 9.84526062012]
    rubato_start: []
    rubato_stop: []
    perceptual_tempo: "unknown"

sfx:
    inharmonicity:
        dmean: 0.0492042191327
        dmean2: 0.091017358005
        dvar: 0.00313141383231
        dvar2: 0.00909485761076
        max: 0.342948883772
        mean: 0.0512467734516
        min: 0
        var: 0.00285622547381
    oddtoevenharmonicenergyratio:
        dmean: 1.41842937469
        dmean2: 2.57986998558
        dvar: 6.14234018326
        dvar2: 16.9518527985
        max: 17.0427112579
        mean: 1.35623991489
        min: 0
        var: 4.97448158264
    pitch_after_max_to_before_max_energy_ratio: 1.36619484425
    pitch_centroid: 208.864089966
    pitch_max_to_total: 0.330232560635
    pitch_min_to_total: 0.660465121269
    tristimulus:
        dmean: [0.181205675006, 0.206421792507, 0.109629012644]
        dmean2: [0.318833261728, 0.360618561506, 0.194694712758]
        dvar: [0.0320571213961, 0.0390918701887, 0.00997382868081]
        dvar2: [0.08418058604, 0.10749682039, 0.0276787355542]
        max: [1, 0.938600182533, 0.433755367994]
        mean: [0.353067755699, 0.480183184147, 0.139425888658]
        min: [0.00463100615889, 0, 0]
        var: [0.0474158525467, 0.0488049611449, 0.0139777408913]

tonal:
    chords_changes_rate: 0.0185185186565
    chords_number_rate: 0.0138888889924
    chords_strength:
        dmean: 0.00695775821805
        dmean2: 0.00517731020227
        dvar: 3.58012657671e-05
        dvar2: 2.12545419345e-05
        max: 0.728606522083
        mean: 0.597972989082
        min: 0.324638873339
        var: 0.0116116413847
    key_strength: 0.810503065586
    tuning_diatonic_strength: 0.57624566555
    tuning_equal_tempered_deviation: 0.0359166227281
    tuning_frequency: 440.763122559
    tuning_nontempered_energy_ratio: 0.642700433731
    hpcp:
        dmean: [0.10736515373, 0.082893230021, 0.0605222508311, 0.0654110014439, 0.0768320411444, 0.139306306839, 0.147419974208, 0.136807024479, 0.0927093625069, 0.0860902443528, 0.0531635433435, 0.0651675984263, 0.07551831007, 0.0573039874434, 0.0763596743345, 0.0959771722555, 0.0583656653762, 0.0736579820514, 0.114764459431, 0.0858231559396, 0.136173456907, 0.148724675179, 0.113733284175, 0.0632844865322, 0.0562286600471, 0.0451727174222, 0.0687642842531, 0.0738380402327, 0.0377821363509, 0.0205925945193, 0.0227819271386, 0.0265396665782, 0.0917663499713, 0.164787784219, 0.122431531549, 0.115397229791]
        dmean2: [0.177543535829, 0.141236320138, 0.102851510048, 0.107067711651, 0.122641146183, 0.23224581778, 0.243300035596, 0.223325490952, 0.156386718154, 0.143792718649, 0.0939666107297, 0.107114836574, 0.120781317353, 0.096957065165, 0.128152266145, 0.165253654122, 0.104187890887, 0.123070761561, 0.187931969762, 0.137334540486, 0.224770247936, 0.244900107384, 0.190261766315, 0.109729215503, 0.0993387550116, 0.0794880762696, 0.109922170639, 0.114962264895, 0.0633211135864, 0.0343435667455, 0.0351601950824, 0.0436017662287, 0.156998604536, 0.277557492256, 0.207694172859, 0.191934153438]
        dvar: [0.0271984729916, 0.0184027254581, 0.0155677320436, 0.0151327624917, 0.0136065827683, 0.0244657471776, 0.0253176130354, 0.0164249967784, 0.0226170308888, 0.0247370693833, 0.0171551574022, 0.0143324965611, 0.0169131103903, 0.00829514302313, 0.0134119465947, 0.0270722694695, 0.00697625381872, 0.0137189561501, 0.0262610204518, 0.0135346986353, 0.0273332633078, 0.0381426475942, 0.0152479326352, 0.0174040663987, 0.0212773904204, 0.014266599901, 0.0128623610362, 0.0097999162972, 0.00192179286387, 0.00092329387553, 0.0012154893484, 0.00254890671931, 0.0131447827443, 0.034904204309, 0.0186381451786, 0.022316262126]
        dvar2: [0.0585466772318, 0.0493344031274, 0.0388033278286, 0.0353715568781, 0.0374905280769, 0.0589903593063, 0.0479726940393, 0.0412833839655, 0.0600797049701, 0.0690489411354, 0.0485519915819, 0.0381598882377, 0.0377963595092, 0.0226871129125, 0.0325249433517, 0.0648464784026, 0.0170419849455, 0.0381031520665, 0.0674111098051, 0.033568546176, 0.0765820294619, 0.0854295119643, 0.0355008281767, 0.0428671762347, 0.055842012167, 0.038781248033, 0.0302677918226, 0.0220034644008, 0.00497675174847, 0.00243965117261, 0.00299162277952, 0.00717447791249, 0.0317178145051, 0.0761172696948, 0.0430277884007, 0.052683789283]
        max: [1, 1, 1, 0.986688137054, 1, 1, 1, 1, 1, 1, 1, 0.978665232658, 1, 0.654078900814, 0.799101531506, 1, 0.659331381321, 1, 1, 0.903962373734, 1, 1, 1, 1, 1, 1, 0.930710792542, 0.806561052799, 0.297486186028, 0.23442286253, 0.335316359997, 0.365060091019, 0.812931358814, 1, 0.816571652889, 1]
        mean: [0.31999155879, 0.17323859036, 0.0758335143328, 0.0890029966831, 0.119718745351, 0.394487023354, 0.593082308769, 0.331264048815, 0.129237815738, 0.114206708968, 0.0683198720217, 0.115087114275, 0.155263438821, 0.0919159948826, 0.139784038067, 0.199317827821, 0.109781451523, 0.121746741235, 0.200579509139, 0.14381326735, 0.274889230728, 0.48425462842, 0.293670535088, 0.0752831548452, 0.0569444335997, 0.0535218752921, 0.117751553655, 0.14761275053, 0.0739159286022, 0.0359386950731, 0.0372937470675, 0.0396333225071, 0.182549983263, 0.363491892815, 0.264366209507, 0.239157363772]
        min: [8.11491627246e-05, 0.000165621109772, 0.00215472583659, 0.00302911666222, 0.00210946029983, 0.0250785443932, 0.0424336753786, 0.0171687379479, 0.000468566053314, 4.93090774398e-05, 5.25675568497e-05, 8.96620476851e-05, 0.000104325838038, 0.000122288955026, 0.000135451802635, 8.17977343104e-05, 0.000338606769219, 0.00551344174892, 0.00479430193081, 0.00487388903275, 0.000144586461829, 0.000475164793897, 0.000645050371531, 0.000342924933648, 9.0338580776e-05, 0.000116217808682, 0.00026252437965, 0.000270245800493, 0.000827852170914, 0.000344821542967, 0.000144442907185, 5.89970768488e-05, 0.00321076065302, 0.0055493498221, 0.00244982959703, 6.96553033777e-05]
        var: [0.125219881535, 0.0426251552999, 0.015489612706, 0.0169119220227, 0.0204710513353, 0.0846844390035, 0.115293636918, 0.0501565597951, 0.0220684651285, 0.0216532442719, 0.0120815895498, 0.0338046737015, 0.063643462956, 0.0151187265292, 0.0351351127028, 0.0887862965465, 0.0203311163932, 0.0160278175026, 0.0392052493989, 0.0204539913684, 0.0488861091435, 0.143613710999, 0.0623556226492, 0.0172620154917, 0.0161512941122, 0.00996894482523, 0.0206549037248, 0.0242841504514, 0.00400699675083, 0.00139707466587, 0.00235428102314, 0.00228591845371, 0.0228114761412, 0.0810132995248, 0.0367613956332, 0.0566923394799]
    chords_histogram: [51.851852417, 18.9814815521, 0, 0, 0, 0, 0, 0, 0, 0, 0, 0, 0, 0, 0, 0, 0, 0, 0, 0, 0, 0, 29.1666660309, 0]
    thpcp: [1, 0.558546483517, 0.217908740044, 0.192564681172, 0.1151945889, 0.194049149752, 0.261790722609, 0.154980167747, 0.235690787435, 0.336071103811, 0.185103237629, 0.205277979374, 0.338198423386, 0.242484495044, 0.463492542505, 0.816504955292, 0.495159834623, 0.126935422421, 0.0960143879056, 0.0902435854077, 0.198541671038, 0.248890832067, 0.124630138278, 0.0605964697897, 0.062881231308, 0.0668260082603, 0.307798743248, 0.612886071205, 0.445749610662, 0.403244823217, 0.5395398736, 0.292098730803, 0.127863392234, 0.150068536401, 0.201858565211, 0.665147185326]
    chords_key: "E"
    chords_scale: "major"
    key_key: "E"
    key_scale: "major"
    chords_progression: ["G#m", "G#m", "G#m", "G#m", "G#m", "G#m", "G#m", "G#m", "G#m", "G#m", "G#m", "G#m", "E", "E", "E", "E", "E", "E", "E", "E", "E", "E", "E", "E", "E", "E", "E", "E", "E", "E", "E", "E", "E", "E", "E", "E", "E", "E", "E", "E", "E", "E", "E", "E", "E", "E", "E", "E", "E", "E", "E", "E", "E", "E", "E", "E", "E", "E", "E", "E", "E", "E", "E", "E", "E", "E", "E", "E", "E", "A", "A", "A", "A", "A", "A", "A", "A", "A", "A", "A", "A", "A", "A", "A", "A", "A", "A", "A", "A", "A", "A", "A", "A", "A", "A", "A", "A", "A", "A", "A", "A", "A", "A", "A", "A", "A", "A", "A", "A", "A", "A", "A", "A", "A", "A", "A", "A", "A", "A", "A", "A", "A", "A", "A", "A", "A", "A", "A", "A", "A", "A", "A", "E", "E", "E", "E", "E", "E", "E", "E", "E", "E", "E", "E", "E", "E", "E", "E", "E", "E", "E", "E", "E", "E", "E", "E", "E", "E", "E", "E", "E", "E", "E", "E", "E", "E", "E", "E", "E", "E", "E", "E", "E", "E", "E", "E", "E", "E", "E", "E", "E", "E", "E", "E", "E", "E", "E", "G#m", "G#m", "G#m", "G#m", "G#m", "G#m", "G#m", "G#m", "G#m", "G#m", "G#m", "G#m", "G#m", "G#m", "G#m", "G#m", "G#m", "G#m", "G#m", "G#m", "G#m", "G#m", "G#m", "G#m", "G#m", "G#m", "G#m", "G#m", "G#m"]
