
metadata:
    version:
        essentia: "1.2.2"
    audio_properties:
        analysis_sample_rate: 44100
        bitrate: 128
        channels: 2
        equal_loudness: 1
        length: 10.0571432114
        replay_gain: -13.6313762665
        downmix: "mix"
    tags:
        track: 18
        year: 0
        album: "Splitted by Mp3Splt v. 2.1"
        artist: "From 002.50 To 003.00"
        comment: "http://mp3splt.sf.net"
        genre: ""
        title: "02 Insight.mp3"

highlevel:
    ballroom:
        all:
            ChaChaCha: 0.039825823158
            Jive: 0.171839848161
            Quickstep: 0.0576687157154
            Rumba-American: 0.0400298386812
            Rumba-International: 0.191097825766
            Rumba-Misc: 0.0843434408307
            Samba: 0.0720190778375
            Tango: 0.0169755984098
            VienneseWaltz: 0.150730803609
            Waltz: 0.17546902597
        probability: 0.191097825766
        value: "Rumba-International"
    culture:
        all:
            non_western: 0.712236702442
            western: 0.287763297558
        probability: 0.712236702442
        value: "non_western"
    gender:
        all:
            female: 0.582723200321
            male: 0.417276799679
        probability: 0.582723200321
        value: "female"
    genre_dortmund:
        all:
            alternative: 0.029833022505
            blues: 0.0944204032421
            electronic: 0.0240458194166
            folkcountry: 0.136438980699
            funksoulrnb: 0.0439926050603
            jazz: 0.377718687057
            pop: 0.0972273275256
            raphiphop: 0.0021211260464
            rock: 0.194202020764
        probability: 0.377718687057
        value: "jazz"
    genre_electronica:
        all:
            ambient: 0.712004482746
            dnb: 0.182742834091
            house: 0.0438804589212
            techno: 0.00893549155444
            trance: 0.0524367503822
        probability: 0.712004482746
        value: "ambient"
    genre_rosamerica:
        all:
            cla: 0.101745255291
            dan: 0.0471568293869
            hip: 0.0200779996812
            jaz: 0.149899214506
            pop: 0.308658272028
            rhy: 0.237262457609
            roc: 0.122429355979
            spe: 0.0127706257626
        probability: 0.308658272028
        value: "pop"
    genre_tzanetakis:
        all:
            blu: 0.00610991660506
            cla: 0.0303837824613
            cou: 0.195946544409
            dis: 0.0836128666997
            hip: 0.0057163015008
            jaz: 0.0772655084729
            met: 0.00843998417258
            pop: 0.212877780199
            reg: 0.0500431247056
            roc: 0.329604178667
        probability: 0.329604178667
        value: "roc"
    live_studio:
        all:
            live: 0.019081229344
            studio: 0.980918765068
        probability: 0.980918765068
        value: "studio"
    mood:
        all:
            Cluster1: 0.157184302807
            Cluster2: 0.158481016755
            Cluster3: 0.446183383465
            Cluster4: 0.191007718444
            Cluster5: 0.0471435822546
        probability: 0.446183383465
        value: "Cluster3"
    mood_acoustic:
        all:
            acoustic: 0.216312974691
            not_acoustic: 0.783687055111
        probability: 0.783687055111
        value: "not_acoustic"
    mood_aggressive:
        all:
            aggressive: 0.147460848093
            not_aggressive: 0.852539122105
        probability: 0.852539122105
        value: "not_aggressive"
    mood_electronic:
        all:
            electronic: 0.200056642294
            not_electronic: 0.799943327904
        probability: 0.799943327904
        value: "not_electronic"
    mood_happy:
        all:
            happy: 0.527332365513
            not_happy: 0.472667604685
        probability: 0.527332365513
        value: "happy"
    mood_party:
        all:
            not_party: 0.876042306423
            party: 0.123957686126
        probability: 0.876042306423
        value: "not_party"
    mood_relaxed:
        all:
            not_relaxed: 0.259623497725
            relaxed: 0.740376472473
        probability: 0.740376472473
        value: "relaxed"
    mood_sad:
        all:
            not_sad: 3.00000096379e-14
            sad: 1
        probability: 1
        value: "sad"
    rhythm:
        all:
            fast: 0.825194597244
            medium: 0.0977336093783
            slow: 0.0770718231797
        probability: 0.825194597244
        value: "fast"
    speech_music:
        all:
            music: 3.00000096379e-14
            speech: 1
        probability: 1
        value: "speech"
    timbre:
        all:
            bright: 0.267708599567
            dark: 0.732291400433
        probability: 0.732291400433
        value: "dark"
    voice_instrumental:
        all:
            instrumental: 0.914931297302
            voice: 0.0850687026978
        probability: 0.914931297302
        value: "instrumental"

lowlevel:
    average_loudness: 0.969410121441
    barkbands_kurtosis:
        dmean: 1.68507146835
        dmean2: 2.73305916786
        dvar: 5.86594486237
        dvar2: 15.3316793442
        max: 23.4469165802
        mean: 1.35340106487
        min: -1.80823707581
        var: 11.9822349548
    barkbands_skewness:
        dmean: 0.519146561623
        dmean2: 0.778980493546
        dvar: 0.231387749314
        dvar2: 0.546195864677
        max: 4.75178956985
        mean: 1.08807587624
        min: -1.75767195225
        var: 1.24787890911
    barkbands_spread:
        dmean: 4.93494176865
        dmean2: 7.73781728745
        dvar: 21.9170837402
        dvar2: 48.984703064
        max: 47.4841651917
        mean: 23.3606338501
        min: 4.3664264679
        var: 81.1847076416
    dissonance:
        dmean: 0.0236118733883
        dmean2: 0.0397415086627
        dvar: 0.000760926981457
        dvar2: 0.00134402723052
        max: 0.494443506002
        mean: 0.44795897603
        min: 0.0737389475107
        var: 0.00114943040535
    hfc:
        dmean: 1.88692271709
        dmean2: 2.82301402092
        dvar: 15.1171445847
        dvar2: 36.7199707031
        max: 39.0486030579
        mean: 5.20054244995
        min: 0.00449025025591
        var: 30.8341884613
    pitch:
        dmean: 384.213897705
        dmean2: 755.841491699
        dvar: 950719.6875
        dvar2: 2471702.25
        max: 4009.09082031
        mean: 487.308990479
        min: 74.6192855835
        var: 807341.875
    pitch_instantaneous_confidence:
        dmean: 0.103838481009
        dmean2: 0.158781245351
        dvar: 0.00794652476907
        dvar2: 0.0197171475738
        max: 0.876532316208
        mean: 0.493084937334
        min: 0.170211791992
        var: 0.0265974905342
    pitch_salience:
        dmean: 0.0710688531399
        dmean2: 0.117915689945
        dvar: 0.00403964566067
        dvar2: 0.00981737952679
        max: 0.94803082943
        mean: 0.590562582016
        min: 0.283871561289
        var: 0.00946748722345
    silence_rate_20dB:
        dmean: 0
        dmean2: 0
        dvar: 0
        dvar2: 0
        max: 1
        mean: 1
        min: 1
        var: 0
    silence_rate_30dB:
        dmean: 0
        dmean2: 0
        dvar: 0
        dvar2: 0
        max: 1
        mean: 1
        min: 1
        var: 0
    silence_rate_60dB:
        dmean: 0.152424946427
        dmean2: 0.30324074626
        dvar: 0.129190936685
        dvar2: 0.26221203804
        max: 1
        mean: 0.320276498795
        min: 0
        var: 0.217699334025
    spectral_centroid:
        dmean: 220.133682251
        dmean2: 334.407440186
        dvar: 56794.796875
        dvar2: 115230.773438
        max: 3526.35620117
        mean: 1000.08789062
        min: 324.423950195
        var: 284811.96875
    spectral_complexity:
        dmean: 2.14385151863
        dmean2: 3.32325577736
        dvar: 4.10923719406
        dvar2: 9.82805728912
        max: 24
        mean: 9.81713008881
        min: 0
        var: 20.538312912
    spectral_crest:
        dmean: 2.40447044373
        dmean2: 3.74456596375
        dvar: 4.39071750641
        dvar2: 9.62149906158
        max: 23.3335227966
        mean: 9.78458404541
        min: 3.01893544197
        var: 17.1335105896
    spectral_decrease:
        dmean: 3.43776423994e-10
        dmean2: 5.31828470152e-10
        dvar: 2.06611079603e-19
        dvar2: 4.9266479203e-19
        max: -2.29466592212e-13
        mean: -1.10938180864e-09
        min: -4.28138591246e-09
        var: 3.59245548158e-19
    spectral_energy:
        dmean: 0.00143551814836
        dmean2: 0.00220533250831
        dvar: 3.77102423954e-06
        dvar2: 9.00641316548e-06
        max: 0.0193564612418
        mean: 0.00465876841918
        min: 1.27334135414e-06
        var: 6.99891143086e-06
    spectral_energyband_high:
        dmean: 7.23756893422e-05
        dmean2: 0.000107687752461
        dvar: 1.40540365123e-07
        dvar2: 3.48174808096e-07
        max: 0.00527226738632
        mean: 8.89532675501e-05
        min: 7.6499060242e-07
        var: 8.01304054221e-08
    spectral_energyband_low:
        dmean: 0.000143910336192
        dmean2: 0.000244103342993
        dvar: 5.00259602632e-08
        dvar2: 1.29710770125e-07
        max: 0.00145585671999
        mean: 0.000166070807609
        min: 4.71140682023e-09
        var: 4.93085003939e-08
    spectral_energyband_middle_high:
        dmean: 0.000580769148655
        dmean2: 0.000885567278601
        dvar: 1.31204092213e-06
        dvar2: 3.08463745569e-06
        max: 0.0132125578821
        mean: 0.00166026025545
        min: 3.10365493306e-07
        var: 3.73096099793e-06
    spectral_energyband_middle_low:
        dmean: 0.00107341096736
        dmean2: 0.00165436603129
        dvar: 2.13547355088e-06
        dvar2: 5.15037663718e-06
        max: 0.0117695331573
        mean: 0.00274348515086
        min: 1.91167558228e-07
        var: 3.08125777337e-06
    spectral_flatness_db:
        dmean: 0.021569641307
        dmean2: 0.031610544771
        dvar: 0.000363233615644
        dvar2: 0.000819382141344
        max: 0.305455476046
        mean: 0.179524213076
        min: 0.0916695818305
        var: 0.00117157783825
    spectral_flux:
        dmean: 0.010465783067
        dmean2: 0.016962653026
        dvar: 0.000127837454784
        dvar2: 0.000285819842247
        max: 0.11473210156
        mean: 0.0389888435602
        min: 0.0113843623549
        var: 0.000318145204801
    spectral_kurtosis:
        dmean: 1.96554756165
        dmean2: 2.94020318985
        dvar: 4.53133678436
        dvar2: 11.4045591354
        max: 16.9328651428
        mean: 5.84243822098
        min: 0.816772460938
        var: 9.98533248901
    spectral_rms:
        dmean: 0.000318089441862
        dmean2: 0.00048105334281
        dvar: 1.44090179788e-07
        dvar2: 3.16970954373e-07
        max: 0.00434561306611
        mean: 0.00205303682014
        min: 3.52460519935e-05
        var: 3.30178039576e-07
    spectral_rolloff:
        dmean: 465.936309814
        dmean2: 767.883911133
        dvar: 281079.125
        dvar2: 625211.8125
        max: 4285.10742188
        mean: 1933.20178223
        min: 236.865234375
        var: 1138446.625
    spectral_skewness:
        dmean: 0.25497084856
        dmean2: 0.37462040782
        dvar: 0.066415913403
        dvar2: 0.159751862288
        max: 3.12481355667
        mean: 1.89123439789
        min: 0.525702774525
        var: 0.186108008027
    spectral_spread:
        dmean: 766663.125
        dmean2: 853745.9375
        dvar: 864558514176
        dvar2: 1.10183868006e+12
        max: 22790704
        mean: 4717208
        min: 1975145
        var: 3.06380354355e+12
    spectral_strongpeak:
        dmean: 0.31627419591
        dmean2: 0.540846645832
        dvar: 0.481249600649
        dvar2: 1.19770181179
        max: 6.90722513199
        mean: 0.514913260937
        min: 0.00563762430102
        var: 0.649611949921
    zerocrossingrate:
        dmean: 0.00861119665205
        dmean2: 0.0099825123325
        dvar: 5.62821296626e-05
        dvar2: 7.86604650784e-05
        max: 0.1357421875
        mean: 0.0595612712204
        min: 0.01220703125
        var: 0.000517296546604
    barkbands:
        dmean: [9.1811628522e-08, 5.72085773456e-05, 0.00011051686306, 0.000474936503451, 0.00058987014927, 0.000233240003581, 0.000101227778941, 0.000190514954738, 5.36288498552e-05, 5.78936342208e-05, 3.88523476431e-05, 6.01232204644e-05, 8.63551103976e-05, 8.99755395949e-05, 6.65319021209e-05, 6.84799088049e-05, 0.000107914536784, 0.000122291821754, 0.000243790869717, 9.08241709112e-05, 1.89130987565e-05, 5.57256589673e-06, 1.66375070876e-06, 1.40879228638e-06, 9.46755733366e-07, 3.53763880412e-08, 1.4193067166e-08]
        dmean2: [1.43559617527e-07, 9.07925932552e-05, 0.000204545023735, 0.00077009445522, 0.00089639541693, 0.000339845661074, 0.000163631295436, 0.000299740437185, 8.33513768157e-05, 9.41235048231e-05, 6.36603872408e-05, 9.41560283536e-05, 0.0001496320765, 0.000147764178109, 0.000100592871604, 0.000111620065582, 0.000162860422279, 0.00019824730407, 0.000380520214094, 0.000144959878526, 2.71055378107e-05, 8.14456961962e-06, 2.09250606531e-06, 1.71222359313e-06, 1.21853202018e-06, 4.839099077e-08, 2.14026627532e-08]
        dvar: [2.9282118722e-14, 1.31992825558e-08, 2.54582381842e-08, 6.67799213261e-07, 6.37997629838e-07, 1.2779183578e-07, 2.71612687897e-08, 1.07430587093e-07, 1.05722843813e-08, 4.45285319728e-09, 4.69455097019e-09, 1.53494621458e-08, 4.80241766354e-08, 3.33279750464e-08, 2.68859814412e-08, 2.00908534254e-08, 4.97849477199e-08, 8.45884073897e-08, 3.05871793671e-07, 2.12789956322e-07, 1.19008103372e-09, 8.86294232449e-11, 4.92008734101e-12, 3.14439229862e-12, 1.51348454169e-12, 4.40406446121e-14, 4.21013457387e-14]
        dvar2: [6.91300451128e-14, 2.9769523735e-08, 7.35359293458e-08, 1.59000728672e-06, 1.52190750669e-06, 2.47344303261e-07, 6.5007426997e-08, 2.65391378207e-07, 2.41350459618e-08, 1.09580131635e-08, 1.19194902837e-08, 2.56859635783e-08, 1.34825882014e-07, 8.38956850657e-08, 5.60457422694e-08, 4.68612668669e-08, 8.62908180466e-08, 2.43649566301e-07, 7.58655573918e-07, 5.21617096183e-07, 2.7660980173e-09, 1.67016761532e-10, 8.91564426453e-12, 5.31383964608e-12, 2.95851862973e-12, 1.10166026692e-13, 1.05571686105e-13]
        max: [1.10698272238e-06, 0.000595859833993, 0.000925908330828, 0.00548430625349, 0.00623054383323, 0.00487822666764, 0.00154721573927, 0.00251382682472, 0.00118007906713, 0.000671690737363, 0.000672185793519, 0.00178954715375, 0.00351599161513, 0.00248101959005, 0.00251305196434, 0.00151955778711, 0.00264776893891, 0.00377363176085, 0.00548222381622, 0.00585077609867, 0.000320615858072, 7.84618314356e-05, 1.91787548829e-05, 1.76016637852e-05, 1.23817062558e-05, 3.08628182211e-06, 3.02126431961e-06]
        mean: [7.86456411106e-08, 5.29138160346e-05, 0.0001130801611, 0.000583092449233, 0.00121283589397, 0.000420913886046, 0.000155551388161, 0.000272112636594, 8.55618709465e-05, 9.95471054921e-05, 5.96526551817e-05, 0.000111725610623, 0.000124092781334, 0.000133249675855, 0.000107173160359, 0.00011259670282, 0.000209439444006, 0.000233123631915, 0.000431940308772, 9.49522582232e-05, 2.83500539808e-05, 9.88329520624e-06, 2.8554511573e-06, 2.46122317549e-06, 1.53414919168e-06, 4.42295444714e-08, 7.15799908235e-09]
        min: [5.37437941373e-11, 2.08290629189e-09, 1.96168548072e-09, 3.43916628509e-09, 2.31532339967e-08, 5.00590857655e-08, 5.68345051022e-08, 3.42136807774e-08, 1.99730258998e-08, 3.0546509322e-08, 2.01411243239e-08, 9.85554926558e-09, 8.81344242032e-09, 8.55444781678e-09, 9.82441683561e-09, 5.05112085492e-09, 6.99332547427e-09, 2.53074521339e-08, 4.25213286803e-08, 7.6164519669e-07, 8.40434424276e-08, 3.23570539251e-08, 1.40462166343e-08, 6.89294621381e-09, 4.76017314455e-09, 3.60385082887e-10, 9.91303529064e-14]
        var: [2.80750916899e-14, 1.32770017203e-08, 2.06169801231e-08, 7.94828963535e-07, 1.30806881771e-06, 2.90060626185e-07, 4.30784758976e-08, 1.60519007864e-07, 1.60872897226e-08, 9.52466017168e-09, 7.50685646977e-09, 6.37276613702e-08, 4.46919337094e-08, 5.23591481283e-08, 6.45571702762e-08, 3.44965798149e-08, 1.74177969825e-07, 1.74006515863e-07, 5.19737909599e-07, 1.31612125642e-07, 1.83065840265e-09, 1.86067924957e-10, 1.21922133847e-11, 8.05678787574e-12, 3.17984354126e-12, 2.32825521693e-14, 2.10785826049e-14]
    mfcc:
        mean: [-730.379333496, 132.441146851, -43.6600036621, 37.2110481262, -1.2721606493, -14.8900747299, -1.42926895618, -11.8356313705, -19.786655426, -12.4835348129, -6.24050331116, -11.5723142624, -12.6100625992]
        cov: [[1703.69421387, -644.796447754, -41.7876091003, 111.453765869, -39.6332626343, -60.6173019409, -7.00256872177, 112.324501038, 12.0579147339, 32.6235694885, 72.7951889038, 7.17026519775, -30.6043224335], [-644.796447754, 823.468811035, -158.543411255, -30.2645969391, 97.8429489136, -9.01459884644, 27.2020530701, 1.32987260818, -0.172846600413, 36.7229347229, 29.1504173279, 17.4116134644, 61.1184883118], [-41.7876091003, -158.543411255, 561.452514648, -77.1301498413, -86.1492233276, 117.894035339, 40.7042503357, -24.062921524, 90.7886962891, -38.4266471863, -20.9580993652, 38.2075157166, -1.3908444643], [111.453765869, -30.2645969391, -77.1301498413, 168.617645264, 53.5467720032, 2.63688802719, -6.9440536499, 27.3544216156, 0.672526717186, 21.5680847168, 4.56815814972, -0.4439663589, 1.14193665981], [-39.6332626343, 97.8429489136, -86.1492233276, 53.5467720032, 209.359573364, 17.1332302094, -18.2903270721, 13.2821464539, 35.1358947754, 59.1103973389, 36.9421272278, 19.7662639618, 25.367937088], [-60.6173019409, -9.01459884644, 117.894035339, 2.63688802719, 17.1332302094, 144.626327515, 42.8439407349, -24.6072387695, 46.8105621338, 3.16157793999, -27.9709796906, 14.5239181519, -3.74641823769], [-7.00256872177, 27.2020530701, 40.7042503357, -6.9440536499, -18.2903270721, 42.8439407349, 117.110946655, 49.0279693604, 11.2796640396, -9.30859470367, 6.37752246857, 23.4441833496, 15.0353136063], [112.324501038, 1.32987260818, -24.062921524, 27.3544216156, 13.2821464539, -24.6072387695, 49.0279693604, 111.634162903, 19.4291667938, 4.02289581299, 43.6263198853, 23.5512599945, 22.5298194885], [12.0579147339, -0.172846600413, 90.7886962891, 0.672526717186, 35.1358947754, 46.8105621338, 11.2796640396, 19.4291667938, 106.017082214, 54.6493225098, 6.92109918594, 14.5135574341, 6.75356864929], [32.6235694885, 36.7229347229, -38.4266471863, 21.5680847168, 59.1103973389, 3.16157793999, -9.30859470367, 4.02289581299, 54.6493225098, 116.86100769, 42.9202079773, 15.5316734314, 16.2954387665], [72.7951889038, 29.1504173279, -20.9580993652, 4.56815814972, 36.9421272278, -27.9709796906, 6.37752246857, 43.6263198853, 6.92109918594, 42.9202079773, 98.9376831055, 40.2287063599, 22.166261673], [7.17026519775, 17.4116134644, 38.2075157166, -0.4439663589, 19.7662639618, 14.5239181519, 23.4441833496, 23.5512599945, 14.5135574341, 15.5316734314, 40.2287063599, 71.8365859985, 49.5173034668], [-30.6043224335, 61.1184883118, -1.3908444643, 1.14193665981, 25.367937088, -3.74641823769, 15.0353136063, 22.5298194885, 6.75356864929, 16.2954387665, 22.166261673, 49.5173034668, 88.1620559692]]
        icov: [[0.00101117277518, 0.000824552087579, 0.000231483048992, -0.00032372015994, 0.000212094892049, 4.16950970248e-05, 8.4399827756e-05, -0.000693804642651, -0.000158878450748, -0.000189845552086, -0.000654193689115, 0.000123974503367, 3.30003676936e-05], [0.000824552087579, 0.0021806077566, 0.000702281598933, 0.000257331004832, -0.000409514148487, 8.57500926941e-05, -0.000749586324673, 0.000205599964829, -0.000577331869863, 0.000118518095405, -0.00103906937875, 0.000768533849623, -0.00116904545575], [0.000231483048992, 0.000702281598933, 0.00365097704343, 0.00061242969241, 0.00141508353408, -0.00145912216976, -0.00028051706613, 0.00169002776965, -0.0044887769036, 0.00297428085469, -0.00169025571086, -0.00129688356537, -0.000262574787484], [-0.00032372015994, 0.000257331004832, 0.00061242969241, 0.00785801559687, -0.00165670772549, -0.0018176358426, 0.00163073488511, -0.00361785804853, 0.00222262903117, -0.00200175633654, 0.00233219121583, -0.000559318112209, 0.000590514973737], [0.000212094892049, -0.000409514148487, 0.00141508353408, -0.00165670772549, 0.00754630891606, -0.00234210863709, 0.00212136120535, -0.00017420561926, -0.00235598464496, -0.000538944615982, -0.00248872418888, -8.75110345078e-05, -0.0012318987865], [4.16950970248e-05, 8.57500926941e-05, -0.00145912216976, -0.0018176358426, -0.00234210863709, 0.0144386710599, -0.00714231096208, 0.00675354199484, -0.00535312062129, 0.00140921236016, 0.0029953434132, -0.00393157172948, 0.00233994214796], [8.4399827756e-05, -0.000749586324673, -0.00028051706613, 0.00163073488511, 0.00212136120535, -0.00714231096208, 0.0160501543432, -0.0104825496674, 0.00402384623885, -0.00186249811668, 0.00229056575336, -0.00264329649508, 0.000495825253893], [-0.000693804642651, 0.000205599964829, 0.00169002776965, -0.00361785804853, -0.00017420561926, 0.00675354199484, -0.0104825496674, 0.022496368736, -0.011001967825, 0.00836472492665, -0.00905492715538, 0.00153161888011, -0.00322087993845], [-0.000158878450748, -0.000577331869863, -0.0044887769036, 0.00222262903117, -0.00235598464496, -0.00535312062129, 0.00402384623885, -0.011001967825, 0.0248526856303, -0.0141945900396, 0.00758642656729, -0.00121628155466, 0.00231679040007], [-0.000189845552086, 0.000118518095405, 0.00297428085469, -0.00200175633654, -0.000538944615982, 0.00140921236016, -0.00186249811668, 0.00836472492665, -0.0141945900396, 0.0202253181487, -0.010247704573, 0.00255854614079, -0.00319170765579], [-0.000654193689115, -0.00103906937875, -0.00169025571086, 0.00233219121583, -0.00248872418888, 0.0029953434132, 0.00229056575336, -0.00905492715538, 0.00758642656729, -0.010247704573, 0.0240689497441, -0.0133909471333, 0.0059857214801], [0.000123974503367, 0.000768533849623, -0.00129688356537, -0.000559318112209, -8.75110345078e-05, -0.00393157172948, -0.00264329649508, 0.00153161888011, -0.00121628155466, 0.00255854614079, -0.0133909471333, 0.0344683378935, -0.0169579368085], [3.30003676936e-05, -0.00116904545575, -0.000262574787484, 0.000590514973737, -0.0012318987865, 0.00233994214796, 0.000495825253893, -0.00322087993845, 0.00231679040007, -0.00319170765579, 0.0059857214801, -0.0169579368085, 0.021777426824]]
    spectral_contrast:
        mean: [-3.79341486223e-07, 3.46555481201e-07, 2.0723652483e-07, 8.72597496482e-08, 5.35889910225e-07, -1.85850595358e-07, 3.90575996789e-06, 2.77409958471e-06, 9.38221234037e-08, -1.17056902127e-06, 1.15677164558e-06, -1.19430046652e-06]
        var: [0.00027965917252, 0.00113616592716, 0.00226032990031, 0.00311901676469, 0.00420945230871, 0.0059925224632, 0.0499583818018, 0.0808043479919, 0.146287456155, 0.22690820694, 0.63991856575, 0.824537992477]

rhythm:
    beats_loudness:
        dmean: 0.00330489850603
        dmean2: 0.00674424460158
        dvar: 6.73880776958e-06
        dvar2: 1.92867428268e-05
        max: 0.01281390246
        mean: 0.00558908609673
        min: 0.00220840517431
        var: 6.84113592797e-06
    beats_loudness_bass:
        dmean: 0.0771772637963
        dmean2: 0.123571321368
        dvar: 0.00629544211552
        dvar2: 0.0202932916582
        max: 0.354189097881
        mean: 0.127882376313
        min: 0.00665957154706
        var: 0.00714498013258
    bpm: 139.678466797
    bpm_confidence: 0
    first_peak_bpm: 139
    first_peak_spread: 0.409090936184
    first_peak_weight: 0.565217375755
    onset_rate: 4.27556848526
    second_peak_bpm: 181
    second_peak_spread: 0
    second_peak_weight: 0.0434782616794
    beats_position: [0.0895147249103, 0.522166311741, 0.954817891121, 1.38746953011, 1.82012116909, 2.25277280807, 2.68542432785, 3.11807608604, 3.55072760582, 3.98337936401, 4.41603088379, 4.84868240356, 5.28133440018, 5.71398591995, 6.0455031395, 6.47069978714, 6.8958978653, 7.32109451294, 7.74629163742, 8.17148971558, 8.59668636322, 9.02188301086, 9.44708061218, 9.87227725983]
    bpm_estimates: [138.002319336, 138.870025635, 138.931015015, 138.508010864, 139.092651367, 141.270828247, 140.228851318, 139.20854187, 141.215316772, 141.45715332]
    bpm_intervals: [0.43265157938, 0.43265157938, 0.432651638985, 0.432651638985, 0.432651638985, 0.432651519775, 0.432651758194, 0.432651519775, 0.432651758194, 0.432651519775, 0.432651519775, 0.432651996613, 0.432651519775, 0.331517219543, 0.425196647644, 0.425198078156, 0.425196647644, 0.425197124481, 0.425198078156, 0.425196647644, 0.425196647644, 0.425197601318, 0.425196647644]
    onset_times: [0.0580498874187, 0.325079351664, 0.522448956966, 0.731428563595, 0.952018141747, 1.19582772255, 1.39319729805, 1.62539684772, 1.83437645435, 2.0549659729, 2.2523355484, 2.46131515503, 2.70512461662, 2.94893431664, 3.12308382988, 3.40172338486, 3.49460315704, 3.59909296036, 3.84290242195, 4.04027223587, 4.22603178024, 4.67882108688, 4.87619066238, 5.10838985443, 5.30575942993, 5.54956912994, 5.75854873657, 5.95591831207, 6.17650794983, 6.40870761871, 6.60607719421, 7.04725646973, 7.32589578629, 7.67419481277, 8.11537456512, 8.31274414062, 8.74231338501, 8.96290206909, 9.18349170685, 9.38086128235, 9.61306095123, 9.74077129364, 10.0426301956]
    rubato_start: []
    rubato_stop: []
    perceptual_tempo: "unknown"

sfx:
    inharmonicity:
        dmean: 0.0340090617537
        dmean2: 0.0606092177331
        dvar: 0.00221080332994
        dvar2: 0.00656964769587
        max: 0.321601122618
        mean: 0.0303310118616
        min: 0
        var: 0.00179684185423
    oddtoevenharmonicenergyratio:
        dmean: 7.28579807281
        dmean2: 14.2020483017
        dvar: 1214.23950195
        dvar2: 3564.49267578
        max: 343.209014893
        mean: 4.04313516617
        min: 0
        var: 644.309631348
    pitch_after_max_to_before_max_energy_ratio: 12.0273513794
    pitch_centroid: 262.584320068
    pitch_max_to_total: 0.217592597008
    pitch_min_to_total: 0.199074074626
    tristimulus:
        dmean: [0.240709781647, 0.239070221782, 0.0806860774755]
        dmean2: [0.41139549017, 0.410670936108, 0.140150487423]
        dvar: [0.0410570986569, 0.0446144677699, 0.00634544529021]
        dvar2: [0.125961884856, 0.137049213052, 0.0183889698237]
        max: [1, 0.953676879406, 0.432082176208]
        mean: [0.481176972389, 0.401216179132, 0.0853854268789]
        min: [0.00170512986369, 0, 0]
        var: [0.0644439682364, 0.0600177757442, 0.00726439338177]

tonal:
    chords_changes_rate: 0.0737327188253
    chords_number_rate: 0.0276497695595
    chords_strength:
        dmean: 0.00976158306003
        dmean2: 0.00881088152528
        dvar: 5.93608929194e-05
        dvar2: 5.96208883508e-05
        max: 0.626728653908
        mean: 0.441345334053
        min: 0.289776861668
        var: 0.00693858228624
    key_strength: 0.598787605762
    tuning_diatonic_strength: 0.567246615887
    tuning_equal_tempered_deviation: 0.101659402251
    tuning_frequency: 452.108886719
    tuning_nontempered_energy_ratio: 0.690817475319
    hpcp:
        dmean: [0.210376381874, 0.166986331344, 0.0906068235636, 0.0607964545488, 0.0679243430495, 0.0967292785645, 0.104714170098, 0.131704688072, 0.210798576474, 0.221473708749, 0.148043274879, 0.0947533100843, 0.104369156063, 0.118087351322, 0.182975322008, 0.204482749104, 0.184319034219, 0.119266450405, 0.107010923326, 0.123394198716, 0.134450361133, 0.173400342464, 0.200680956244, 0.166972577572, 0.160493627191, 0.133626848459, 0.0967371091247, 0.0799391940236, 0.0814546048641, 0.0926200374961, 0.119294770062, 0.104518458247, 0.111688748002, 0.109716311097, 0.0920709893107, 0.14108531177]
        dmean2: [0.3499763906, 0.277333647013, 0.157418757677, 0.109986826777, 0.12769792974, 0.181640565395, 0.187726929784, 0.23013484478, 0.349070996046, 0.392487734556, 0.250298768282, 0.160048261285, 0.184468001127, 0.212086617947, 0.313498705626, 0.347826689482, 0.308142155409, 0.208376869559, 0.194932550192, 0.220941513777, 0.225399553776, 0.306793063879, 0.364928483963, 0.29503929615, 0.288572281599, 0.249036744237, 0.171286702156, 0.134965240955, 0.138653472066, 0.153771281242, 0.202847912908, 0.178082749248, 0.19923093915, 0.187096908689, 0.165290310979, 0.244164079428]
        dvar: [0.0434046238661, 0.0326416790485, 0.0234702676535, 0.0169737190008, 0.0221453644335, 0.0338463447988, 0.0315474420786, 0.036387976259, 0.0570677109063, 0.0832733809948, 0.0291905086488, 0.0260436572134, 0.0262707434595, 0.0286363214254, 0.0433949418366, 0.0585514008999, 0.0390952564776, 0.0278939884156, 0.0304730273783, 0.0344490818679, 0.0331409536302, 0.0517725534737, 0.0783895850182, 0.0700200945139, 0.0668007805943, 0.061107326299, 0.0238623190671, 0.0145676992834, 0.0163685362786, 0.0199402496219, 0.0272547341883, 0.0203010365367, 0.031199304387, 0.0243238527328, 0.0221859421581, 0.0265328418463]
        dvar2: [0.0971028059721, 0.069427266717, 0.0672292932868, 0.0487975291908, 0.0615067146719, 0.0978183373809, 0.0832721740007, 0.102175615728, 0.149405688047, 0.204974487424, 0.079897813499, 0.0615192726254, 0.0709471702576, 0.0769470781088, 0.113721981645, 0.133199542761, 0.0993978604674, 0.0747563540936, 0.0842521414161, 0.0900709182024, 0.0816451460123, 0.123889006674, 0.218759134412, 0.169521689415, 0.181204617023, 0.171604216099, 0.0655023157597, 0.0353197418153, 0.0425939597189, 0.0524439439178, 0.0722878053784, 0.0510681718588, 0.0833931416273, 0.0595882162452, 0.0643002316356, 0.072778493166]
        max: [1, 1, 1, 1, 0.835289418697, 1, 1, 1, 1, 1, 1, 1, 0.800757229328, 1, 1, 1, 1, 1, 1, 1, 1, 1, 1, 1, 1, 1, 1, 1, 1, 1, 1, 1, 1, 0.932360947132, 1, 1]
        mean: [0.311855137348, 0.222389146686, 0.0876920744777, 0.0550513416529, 0.0563149675727, 0.0746923908591, 0.0917846560478, 0.130245774984, 0.353929340839, 0.451454162598, 0.220206782222, 0.0867977589369, 0.0853567942977, 0.11043959856, 0.29852181673, 0.430497705936, 0.263285905123, 0.0987477451563, 0.0820498839021, 0.106838993728, 0.18730995059, 0.245484948158, 0.193637102842, 0.134969159961, 0.123446844518, 0.115294612944, 0.106855064631, 0.103275798261, 0.0950451567769, 0.127945736051, 0.174914315343, 0.149829149246, 0.127740770578, 0.119518190622, 0.0942801460624, 0.190754309297]
        min: [0.0114234127104, 0.0058725727722, 0.00133138126694, 0.0016560627846, 0.000798493449111, 0.00106960406993, 0.000750490813516, 0.00183864485007, 0.0075545636937, 0.00493703968823, 0.0021949633956, 0.000638561614323, 0.000833374273498, 0.00126723630819, 0.00427660299465, 0.00756570417434, 0.00414034258574, 0.00130075705238, 0.00125337031204, 0.00142272841185, 0.00125270977151, 0.00505356816575, 0.0019239023095, 0.000938644225243, 0.00110564369243, 0.000825657742098, 0.00113474135287, 0.00118104799185, 0.00154720549472, 0.00161587412003, 0.00236649881117, 0.00358812743798, 0.00269827106968, 0.00137672922574, 0.00194165320136, 0.00934565998614]
        var: [0.0743530541658, 0.0489676259458, 0.0186975561082, 0.0113700376824, 0.0156454648823, 0.0269726347178, 0.0287706516683, 0.0355852283537, 0.11266861856, 0.17005366087, 0.0516533404589, 0.0287055373192, 0.0215017162263, 0.0258671455085, 0.0777790024877, 0.137036517262, 0.0661544501781, 0.0265841241926, 0.0226017590612, 0.0292702205479, 0.0440113581717, 0.0844703912735, 0.0734444335103, 0.0600787252188, 0.0485718250275, 0.0413776859641, 0.020586816594, 0.0180214904249, 0.0165620800108, 0.0268492549658, 0.0459415689111, 0.0329376682639, 0.028830062598, 0.026997378096, 0.01814189367, 0.0286354236305]
    chords_histogram: [47.9262657166, 0, 1.84331798553, 10.1382484436, 19.8156681061, 0, 0, 0, 0, 0, 0, 0, 0, 0, 0, 0, 0, 0, 0, 0.460829496384, 0, 0.921658992767, 1.84331798553, 17.0506916046]
    thpcp: [1, 0.487772196531, 0.192262619734, 0.189070791006, 0.244630813599, 0.661245048046, 0.953580081463, 0.583195209503, 0.218732610345, 0.181745767593, 0.236655235291, 0.414903581142, 0.543764948845, 0.428918629885, 0.298965364695, 0.273442685604, 0.255384981632, 0.236690834165, 0.228762537241, 0.210531130433, 0.283408045769, 0.387446463108, 0.331881195307, 0.282954007387, 0.264740467072, 0.208836585283, 0.422533065081, 0.690779209137, 0.492606252432, 0.194243580103, 0.121942259371, 0.124741271138, 0.165448442101, 0.203308910131, 0.288502752781, 0.783976256847]
    chords_key: "C"
    chords_scale: "major"
    key_key: "C"
    key_scale: "major"
    chords_progression: ["Bm", "Bm", "Bm", "Bm", "Bm", "Bm", "Bm", "Bm", "Bm", "Bm", "Bm", "Bm", "Bm", "Bm", "Bm", "Bm", "Bm", "Bm", "Bm", "Bm", "Bm", "Bm", "D", "D", "D", "D", "D", "D", "D", "D", "D", "D", "D", "D", "D", "D", "D", "D", "D", "D", "D", "D", "D", "D", "D", "D", "D", "D", "D", "D", "D", "D", "D", "D", "D", "D", "Am", "Am", "Am", "Am", "Am", "Am", "Am", "C", "C", "C", "C", "C", "C", "C", "C", "C", "C", "C", "C", "C", "C", "C", "C", "C", "C", "C", "C", "C", "C", "C", "C", "C", "C", "C", "C", "C", "C", "C", "C", "C", "C", "C", "C", "C", "C", "C", "C", "C", "C", "C", "C", "C", "C", "D", "D", "D", "D", "D", "D", "G", "G", "G", "G", "Gm", "D", "D", "D", "Dm", "Dm", "C", "C", "C", "C", "C", "C", "C", "C", "C", "F", "F", "C", "C", "C", "C", "C", "C", "F", "F", "C", "C", "C", "C", "C", "C", "C", "C", "C", "C", "C", "C", "C", "C", "C", "C", "C", "C", "C", "C", "C", "C", "C", "C", "C", "C", "C", "C", "C", "C", "C", "C", "C", "C", "Am", "Am", "Am", "C", "C", "C", "C", "C", "C", "C", "C", "C", "Am", "Am", "Am", "Am", "Am", "Am", "Am", "Am", "Am", "Am", "Am", "Am", "Am", "Am", "Am", "Am", "Am", "Am", "Am", "Am", "Am", "Am", "Am", "Am", "Am", "Am", "Am"]
