
metadata:
    version:
        essentia: "1.2.2"
    audio_properties:
        analysis_sample_rate: 44100
        bitrate: 128
        channels: 2
        equal_loudness: 1
        length: 10.0571432114
        replay_gain: -7.43389320374
        downmix: "mix"
    tags:
        track: 13
        year: 0
        album: "Splitted by Mp3Splt v. 2.1"
        artist: "From 002.00 To 002.10"
        comment: "http://mp3splt.sf.net"
        genre: ""
        title: "06 Merge.mp3"

highlevel:
    ballroom:
        all:
            ChaChaCha: 0.162049055099
            Jive: 0.0616549067199
            Quickstep: 0.00286045670509
            Rumba-American: 0.000460525334347
            Rumba-International: 0.000719591975212
            Rumba-Misc: 0.000368806999177
            Samba: 0.771314024925
            Tango: 0.000214521904127
            VienneseWaltz: 0.00018304430705
            Waltz: 0.000175041364855
        probability: 0.771314024925
        value: "Samba"
    culture:
        all:
            non_western: 0.644682407379
            western: 0.355317562819
        probability: 0.644682407379
        value: "non_western"
    gender:
        all:
            female: 0.549211263657
            male: 0.450788706541
        probability: 0.549211263657
        value: "female"
    genre_dortmund:
        all:
            alternative: 0.00529540982097
            blues: 0.0173407178372
            electronic: 0.0771660804749
            folkcountry: 0.0206971112639
            funksoulrnb: 0.00746253784746
            jazz: 0.225876048207
            pop: 0.0153571404517
            raphiphop: 0.602191865444
            rock: 0.0286130737513
        probability: 0.602191865444
        value: "raphiphop"
    genre_electronica:
        all:
            ambient: 0.0937089025974
            dnb: 0.307485580444
            house: 0.329698234797
            techno: 0.18704046309
            trance: 0.0820668265224
        probability: 0.329698234797
        value: "house"
    genre_rosamerica:
        all:
            cla: 0.00321875861846
            dan: 0.186450123787
            hip: 0.697603106499
            jaz: 0.0202229674906
            pop: 0.0186493694782
            rhy: 0.065726570785
            roc: 0.00639698188752
            spe: 0.00173213297967
        probability: 0.697603106499
        value: "hip"
    genre_tzanetakis:
        all:
            blu: 0.00628451863304
            cla: 0.00439013540745
            cou: 0.0168184470385
            dis: 0.0552759133279
            hip: 0.149651795626
            jaz: 0.0268871299922
            met: 0.0205233283341
            pop: 0.508432984352
            reg: 0.190891698003
            roc: 0.020844032988
        probability: 0.508432984352
        value: "pop"
    live_studio:
        all:
            live: 0.0509272105992
            studio: 0.949072778225
        probability: 0.949072778225
        value: "studio"
    mood:
        all:
            Cluster1: 0.23369923234
            Cluster2: 0.293453752995
            Cluster3: 0.0200209412724
            Cluster4: 0.0807212069631
            Cluster5: 0.372104883194
        probability: 0.372104883194
        value: "Cluster5"
    mood_acoustic:
        all:
            acoustic: 0.013106723316
            not_acoustic: 0.986893296242
        probability: 0.986893296242
        value: "not_acoustic"
    mood_aggressive:
        all:
            aggressive: 0.132299676538
            not_aggressive: 0.867700338364
        probability: 0.867700338364
        value: "not_aggressive"
    mood_electronic:
        all:
            electronic: 0.974033296108
            not_electronic: 0.0259667281061
        probability: 0.974033296108
        value: "electronic"
    mood_happy:
        all:
            happy: 0.369365543127
            not_happy: 0.630634486675
        probability: 0.630634486675
        value: "not_happy"
    mood_party:
        all:
            not_party: 0.119961500168
            party: 0.880038499832
        probability: 0.880038499832
        value: "party"
    mood_relaxed:
        all:
            not_relaxed: 0.63528072834
            relaxed: 0.36471927166
        probability: 0.63528072834
        value: "not_relaxed"
    mood_sad:
        all:
            not_sad: 0.93614000082
            sad: 0.0638600215316
        probability: 0.93614000082
        value: "not_sad"
    rhythm:
        all:
            fast: 0.495629280806
            medium: 0.225659668446
            slow: 0.278711050749
        probability: 0.495629280806
        value: "fast"
    speech_music:
        all:
            music: 0.999693870544
            speech: 0.000306121306494
        probability: 0.999693870544
        value: "music"
    timbre:
        all:
            bright: 0.835351288319
            dark: 0.164648711681
        probability: 0.835351288319
        value: "bright"
    voice_instrumental:
        all:
            instrumental: 0.11095622927
            voice: 0.889043748379
        probability: 0.889043748379
        value: "voice"

lowlevel:
    average_loudness: 0.958840727806
    barkbands_kurtosis:
        dmean: 3.14237141609
        dmean2: 5.10357475281
        dvar: 23.5747337341
        dvar2: 56.3715591431
        max: 35.4846305847
        mean: 1.553642869
        min: -1.90436065197
        var: 30.3359088898
    barkbands_skewness:
        dmean: 0.922671854496
        dmean2: 1.40719711781
        dvar: 0.715563356876
        dvar2: 1.53933918476
        max: 5.73214054108
        mean: 0.259233385324
        min: -3.85702848434
        var: 2.71481871605
    barkbands_spread:
        dmean: 13.7792510986
        dmean2: 21.9737434387
        dvar: 143.847579956
        dvar2: 338.878143311
        max: 88.1235198975
        mean: 40.8897743225
        min: 3.49410867691
        var: 314.123138428
    dissonance:
        dmean: 0.0156579054892
        dmean2: 0.0241774339229
        dvar: 0.000673001690302
        dvar2: 0.00094109744532
        max: 0.499058872461
        mean: 0.47045609355
        min: 0.0215498134494
        var: 0.00103370286524
    hfc:
        dmean: 6.18552780151
        dmean2: 10.453751564
        dvar: 96.7595825195
        dvar2: 252.591766357
        max: 57.9484024048
        mean: 6.14935445786
        min: 0.000501081522088
        var: 92.763961792
    pitch:
        dmean: 1100.18603516
        dmean2: 2092.18286133
        dvar: 2229523.25
        dvar2: 5260487
        max: 4900
        mean: 1945.50427246
        min: 72.8925628662
        var: 2959749.5
    pitch_instantaneous_confidence:
        dmean: 0.120778717101
        dmean2: 0.194058418274
        dvar: 0.0110907116905
        dvar2: 0.0241551250219
        max: 0.968099951744
        mean: 0.523529887199
        min: 0.16658949852
        var: 0.0413297712803
    pitch_salience:
        dmean: 0.0875737518072
        dmean2: 0.146059796214
        dvar: 0.00656169699505
        dvar2: 0.0178426336497
        max: 0.840361475945
        mean: 0.584071934223
        min: 0.170551881194
        var: 0.0152245610952
    silence_rate_20dB:
        dmean: 0
        dmean2: 0
        dvar: 0
        dvar2: 0
        max: 1
        mean: 1
        min: 1
        var: 0
    silence_rate_30dB:
        dmean: 0
        dmean2: 0
        dvar: 0
        dvar2: 0
        max: 1
        mean: 1
        min: 1
        var: 0
    silence_rate_60dB:
        dmean: 0.193548381329
        dmean2: 0.385681301355
        dvar: 0.156086981297
        dvar2: 0.27388304472
        max: 1
        mean: 0.747126460075
        min: 0
        var: 0.188927963376
    spectral_centroid:
        dmean: 581.082580566
        dmean2: 905.197265625
        dvar: 269714.5625
        dvar2: 589162.5625
        max: 4592.87060547
        mean: 1931.61169434
        min: 167.844573975
        var: 1063887.25
    spectral_complexity:
        dmean: 4.06466531754
        dmean2: 6.31944465637
        dvar: 42.0882415771
        dvar2: 89.50440979
        max: 42
        mean: 6.3041472435
        min: 0
        var: 54.4236373901
    spectral_crest:
        dmean: 2.62574195862
        dmean2: 4.27458381653
        dvar: 6.48632001877
        dvar2: 17.0716590881
        max: 25.0173721313
        mean: 8.96721839905
        min: 3.09812426567
        var: 17.0564308167
    spectral_decrease:
        dmean: 4.96947927253e-10
        dmean2: 8.56356263679e-10
        dvar: 8.92334527477e-19
        dvar2: 2.42864384428e-18
        max: -1.00711533026e-13
        mean: -5.54524204333e-10
        min: -5.82793591164e-09
        var: 6.61583293221e-19
    spectral_energy:
        dmean: 0.00242599262856
        dmean2: 0.00416291784495
        dvar: 1.90463470062e-05
        dvar2: 5.13408958795e-05
        max: 0.0247937012464
        mean: 0.00265066581778
        min: 4.2555839741e-07
        var: 1.48534309119e-05
    spectral_energyband_high:
        dmean: 0.000452017295174
        dmean2: 0.000753643049393
        dvar: 4.15388029751e-07
        dvar2: 1.11781218948e-06
        max: 0.00401560915634
        mean: 0.000502654584125
        min: 4.49357315802e-08
        var: 5.27515794602e-07
    spectral_energyband_low:
        dmean: 0.00043745682342
        dmean2: 0.000774588668719
        dvar: 2.10173402593e-06
        dvar2: 5.86190935792e-06
        max: 0.0124448910356
        mean: 0.000412367400713
        min: 3.0021571007e-08
        var: 1.33057176299e-06
    spectral_energyband_middle_high:
        dmean: 0.00127003900707
        dmean2: 0.00217704055831
        dvar: 5.47423678654e-06
        dvar2: 1.44697823998e-05
        max: 0.0128044458106
        mean: 0.00112324627116
        min: 7.97863819457e-08
        var: 4.42942064183e-06
    spectral_energyband_middle_low:
        dmean: 0.000411000655731
        dmean2: 0.000735022360459
        dvar: 7.7392780895e-07
        dvar2: 2.1767580165e-06
        max: 0.00542198913172
        mean: 0.00061226147227
        min: 1.21397349062e-07
        var: 6.08507036759e-07
    spectral_flatness_db:
        dmean: 0.0299797542393
        dmean2: 0.0467723868787
        dvar: 0.000713776331395
        dvar2: 0.00171740935184
        max: 0.330957174301
        mean: 0.165925219655
        min: 0.078119687736
        var: 0.00150407268666
    spectral_flux:
        dmean: 0.0160588398576
        dmean2: 0.0250175762922
        dvar: 0.000513817707542
        dvar2: 0.000935028889216
        max: 0.142900705338
        mean: 0.0339796170592
        min: 0.00149039004464
        var: 0.00084889784921
    spectral_kurtosis:
        dmean: 0.900892674923
        dmean2: 1.39432299137
        dvar: 0.953245222569
        dvar2: 2.43778800964
        max: 6.8335723877
        mean: 1.19600057602
        min: -0.982239723206
        var: 1.55041205883
    spectral_rms:
        dmean: 0.000577387632802
        dmean2: 0.000925084867049
        dvar: 6.12413884937e-07
        dvar2: 1.56536543727e-06
        max: 0.00491822930053
        mean: 0.00136334868148
        min: 2.03759391297e-05
        var: 7.27297276626e-07
    spectral_rolloff:
        dmean: 981.128479004
        dmean2: 1625.45800781
        dvar: 1486872.625
        dvar2: 3234937.5
        max: 6890.625
        mean: 3580.56591797
        min: 86.1328125
        var: 2373143
    spectral_skewness:
        dmean: 0.229567930102
        dmean2: 0.34462967515
        dvar: 0.0489089377224
        dvar2: 0.119306571782
        max: 2.0186316967
        mean: 0.861670196056
        min: 0.0927309766412
        var: 0.101903729141
    spectral_spread:
        dmean: 1032523.1875
        dmean2: 1644391
        dvar: 926790254592
        dvar2: 2.1539946496e+12
        max: 12624259
        mean: 6924625.5
        min: 3945893.75
        var: 1.94965471232e+12
    spectral_strongpeak:
        dmean: 0.60036367178
        dmean2: 1.07833111286
        dvar: 1.14326810837
        dvar2: 3.32298707962
        max: 6.32527923584
        mean: 0.682647824287
        min: 0
        var: 1.26449728012
    zerocrossingrate:
        dmean: 0.0179107878357
        dmean2: 0.022375036031
        dvar: 0.000201808914426
        dvar2: 0.000300077546854
        max: 0.18603515625
        mean: 0.107219360769
        min: 0.00390625
        var: 0.00161374278832
    barkbands:
        dmean: [1.89728655187e-06, 0.0001992329926, 0.00026842133957, 0.000135700058308, 0.000110839260742, 4.74024272989e-05, 0.000126559782075, 4.49384970125e-05, 9.70168184722e-06, 1.71787960426e-05, 2.0123043214e-05, 4.06055232816e-06, 1.50900059452e-05, 1.2538053852e-05, 2.63320871454e-05, 7.66218072386e-05, 0.000151810381794, 0.000333774165483, 0.000543685338926, 0.000267234863713, 0.000193371932255, 6.11459108768e-05, 3.96145915147e-05, 1.26535478557e-05, 3.59865134669e-06, 1.63152719779e-07, 4.19098394877e-10]
        dmean2: [3.12426413984e-06, 0.000344284868333, 0.000502480543219, 0.000250872573815, 0.000190663893591, 6.97529394529e-05, 0.000226949079661, 8.00014022388e-05, 1.63563072419e-05, 2.98991526506e-05, 3.28163587255e-05, 7.06163109498e-06, 2.56324037764e-05, 2.25187486649e-05, 4.58346221421e-05, 0.000132736080559, 0.000266557908617, 0.000585911679082, 0.000944097759202, 0.000451022177003, 0.000321782048559, 9.73795831669e-05, 6.664776447e-05, 2.05828710023e-05, 5.93936920268e-06, 2.7587671525e-07, 7.15667081153e-10]
        dvar: [1.67821277708e-11, 3.27192765326e-07, 9.62710259955e-07, 2.27397677577e-07, 8.17841439016e-08, 1.32226558591e-08, 9.40033757502e-08, 1.43898173377e-08, 3.68373970216e-10, 1.16209808443e-09, 2.94687185765e-09, 5.254764332e-11, 1.24883414721e-09, 9.58912393934e-10, 3.10022851835e-09, 3.82703149171e-08, 1.96817623532e-07, 4.1366169512e-07, 1.01164357602e-06, 1.87504113569e-07, 9.84500303503e-08, 7.03488689524e-09, 2.24876295363e-09, 2.94630209119e-10, 2.70622239895e-11, 9.87905165117e-14, 5.54905469894e-18]
        dvar2: [4.18461723606e-11, 8.59446402046e-07, 2.81449752038e-06, 6.69837390888e-07, 2.33507208236e-07, 2.36540493859e-08, 2.5910148338e-07, 3.87444991645e-08, 1.00177666162e-09, 3.07980174696e-09, 7.56686002745e-09, 1.36309616372e-10, 3.22701310118e-09, 2.68799049685e-09, 8.24529333698e-09, 1.03893476933e-07, 5.29480132627e-07, 1.12122961582e-06, 2.82691939901e-06, 4.82994835238e-07, 2.66137817562e-07, 1.53042805096e-08, 6.20002271745e-09, 7.00142666066e-10, 6.52875392637e-11, 2.70307159902e-13, 1.40681617714e-17]
        max: [3.44119252986e-05, 0.0046949442476, 0.00774710718542, 0.00327106006444, 0.00211904617026, 0.00134466751479, 0.00228637643158, 0.00078157056123, 0.00014623842435, 0.000221005655476, 0.000385461287806, 4.88808400405e-05, 0.000237590167671, 0.000233206330449, 0.000345829350408, 0.00128626590595, 0.00282783573493, 0.00425662565976, 0.00576905813068, 0.0023162686266, 0.00229784962721, 0.000527991098352, 0.000273915095022, 0.000157683127327, 3.64624611393e-05, 3.00967167277e-06, 3.42064616632e-08]
        mean: [2.20225319936e-06, 0.000214378611417, 0.000195925109438, 0.000132336528623, 0.000148534702021, 0.000145942380186, 0.000136020244099, 3.614443267e-05, 1.14022532216e-05, 1.94751683011e-05, 1.83672254934e-05, 5.21948049936e-06, 1.23007312141e-05, 1.13146879812e-05, 2.14542797039e-05, 5.69207441004e-05, 0.000111546876724, 0.000283161643893, 0.000487376033561, 0.000276214646874, 0.000206891068956, 6.42948289169e-05, 3.7855537812e-05, 1.18816378745e-05, 3.36364473696e-06, 1.4337196319e-07, 3.07357139739e-10]
        min: [4.53722164007e-11, 9.96152405008e-09, 1.78072614432e-08, 3.50543949423e-08, 4.27214814636e-08, 1.91694873308e-08, 7.04862967993e-09, 2.29794716589e-09, 1.15366871611e-09, 1.0491678637e-09, 1.96787119933e-09, 5.20491205691e-10, 2.07703285127e-10, 1.57973090165e-09, 1.62192614894e-09, 4.41409175878e-09, 4.83104445337e-09, 3.83974487761e-08, 1.62846269802e-08, 1.22481953468e-08, 1.89931625982e-08, 8.30394508711e-09, 5.63250512897e-09, 1.96408955766e-09, 5.21028276079e-10, 1.00713958007e-10, 1.32473554153e-13]
        var: [1.84707891343e-11, 2.46966578743e-07, 5.20119215253e-07, 1.25463017753e-07, 5.82097854362e-08, 8.22723791316e-08, 8.12119722582e-08, 9.95415039284e-09, 4.2055617322e-10, 1.16808429595e-09, 2.51855247768e-09, 5.99975347182e-11, 9.97232185718e-10, 6.90794865754e-10, 2.2424258006e-09, 2.61916444089e-08, 1.33837261274e-07, 3.19821168659e-07, 7.82987683579e-07, 1.92127700416e-07, 1.14341823121e-07, 8.8166203227e-09, 2.57797205805e-09, 3.23708088112e-10, 2.78197846704e-11, 8.24679951064e-14, 2.83718896921e-18]
    mfcc:
        mean: [-775.27734375, 52.3513641357, 0.206786334515, 78.998008728, -4.85362911224, 0.756663858891, 0.249764576554, 5.30525827408, -4.95884370804, 1.99232625961, -2.77988386154, -1.96568953991, -0.191810026765]
        cov: [[6059.17333984, -666.114624023, -932.39276123, -324.870727539, -105.713500977, -272.735839844, -68.4285736084, -10.3545122147, -92.8153610229, 47.7164573669, 120.825325012, 191.491592407, 179.502792358], [-666.114624023, 1017.80377197, -48.4013977051, -23.5529327393, 85.8701858521, 27.0060825348, -14.9126214981, -106.8828125, -18.8462257385, -77.0256729126, -64.503036499, -102.417861938, 3.37226343155], [-932.39276123, -48.4013977051, 600.186523438, 173.932632446, 189.791473389, 196.016357422, 32.0907783508, 69.1017074585, 41.097530365, 5.26768398285, -12.0605678558, -45.4337425232, -72.3550643921], [-324.870727539, -23.5529327393, 173.932632446, 358.48550415, 112.553909302, 91.4700775146, 100.918479919, 20.4900226593, 20.1907138824, 51.9922828674, 3.63383221626, -18.0760555267, -32.3751029968], [-105.713500977, 85.8701858521, 189.791473389, 112.553909302, 263.442626953, 159.246414185, 38.2366256714, 19.1224517822, 23.5291118622, -13.8375377655, 15.1523723602, -17.2429008484, -17.4761543274], [-272.735839844, 27.0060825348, 196.016357422, 91.4700775146, 159.246414185, 200.861160278, 72.2679672241, 64.5622253418, 32.9317359924, 30.7030544281, 35.6314086914, 9.90389442444, -10.0102205276], [-68.4285736084, -14.9126214981, 32.0907783508, 100.918479919, 38.2366256714, 72.2679672241, 133.200134277, 56.5142402649, 49.3058013916, 64.162109375, 45.268737793, 31.192483902, 5.70121383667], [-10.3545122147, -106.8828125, 69.1017074585, 20.4900226593, 19.1224517822, 64.5622253418, 56.5142402649, 127.564804077, 72.5768890381, 66.6652984619, 38.0403556824, 34.1367034912, 8.80794906616], [-92.8153610229, -18.8462257385, 41.097530365, 20.1907138824, 23.5291118622, 32.9317359924, 49.3058013916, 72.5768890381, 116.201698303, 54.4077758789, 34.6162948608, 17.3822669983, 0.481775343418], [47.7164573669, -77.0256729126, 5.26768398285, 51.9922828674, -13.8375377655, 30.7030544281, 64.162109375, 66.6652984619, 54.4077758789, 126.825202942, 71.6221237183, 48.7830886841, 21.213596344], [120.825325012, -64.503036499, -12.0605678558, 3.63383221626, 15.1523723602, 35.6314086914, 45.268737793, 38.0403556824, 34.6162948608, 71.6221237183, 100.509605408, 72.5208206177, 32.9986381531], [191.491592407, -102.417861938, -45.4337425232, -18.0760555267, -17.2429008484, 9.90389442444, 31.192483902, 34.1367034912, 17.3822669983, 48.7830886841, 72.5208206177, 125.856964111, 66.4464797974], [179.502792358, 3.37226343155, -72.3550643921, -32.3751029968, -17.4761543274, -10.0102205276, 5.70121383667, 8.80794906616, 0.481775343418, 21.213596344, 32.9986381531, 66.4464797974, 87.9525985718]]
        icov: [[0.000290437834337, 0.000227260374231, 0.000497263739817, 0.000147455837578, -0.000619616999757, 0.000347976601915, 1.73631869984e-05, -0.000249226985034, 0.000339667109074, -0.00018682089285, -4.65882658318e-05, 3.24065440509e-05, -0.00016159612278], [0.000227260374231, 0.00155345734674, 0.000594366749283, 0.000425949139753, -0.000753803469706, -0.000487025507027, -0.000463316420792, 0.00146871351171, -0.000538175285328, -0.000192040679394, 0.000422363984399, 0.00152076978702, -0.00145799829625], [0.000497263739817, 0.000594366749283, 0.00412002531812, -0.000843900255859, -0.00137443246786, -0.00226929178461, 0.00194441457279, -0.00121197337285, -9.31009781198e-05, -0.000107570689579, 0.000639487348963, -0.000109010055894, 0.00137392489705], [0.000147455837578, 0.000425949139753, -0.000843900255859, 0.00537494197488, -0.00249534426257, 0.0012638180051, -0.00420865928754, 0.00193127908278, 0.00110293622129, -0.00365613517351, 0.00299519440159, -4.86481003463e-05, 0.000483194278786], [-0.000619616999757, -0.000753803469706, -0.00137443246786, -0.00249534426257, 0.0111562879756, -0.00814406946301, 0.00183380779345, 0.00199810042977, -0.00317819742486, 0.00492168497294, -0.00352323870175, 0.00168866815511, -0.000908416928723], [0.000347976601915, -0.000487025507027, -0.00226929178461, 0.0012638180051, -0.00814406946301, 0.0172339435667, -0.00526894629002, -0.00601515453309, 0.00459912279621, -0.000736760208383, -0.00217089499347, -0.000468666024972, 0.00051506847376], [1.73631869984e-05, -0.000463316420792, 0.00194441457279, -0.00420865928754, 0.00183380779345, -0.00526894629002, 0.0162328090519, -0.00223704171367, -0.00287628616206, -0.00138630880974, -0.00209940574132, -0.00161144696176, 0.00132442486938], [-0.000249226985034, 0.00146871351171, -0.00121197337285, 0.00193127908278, 0.00199810042977, -0.00601515453309, -0.00223704171367, 0.0201168302447, -0.0087066879496, -0.00572388945147, 0.00473956298083, -0.00135508913081, -0.00131719070487], [0.000339667109074, -0.000538175285328, -9.31009781198e-05, 0.00110293622129, -0.00317819742486, 0.00459912279621, -0.00287628616206, -0.0087066879496, 0.0163999535143, -0.00271831825376, -0.00200277636759, 0.000621846935246, 0.00145453959703], [-0.00018682089285, -0.000192040679394, -0.000107570689579, -0.00365613517351, 0.00492168497294, -0.000736760208383, -0.00138630880974, -0.00572388945147, -0.00271831825376, 0.0217686276883, -0.0135331340134, 0.00289712566882, -0.00183533260133], [-4.65882658318e-05, 0.000422363984399, 0.000639487348963, 0.00299519440159, -0.00352323870175, -0.00217089499347, -0.00209940574132, 0.00473956298083, -0.00200277636759, -0.0135331340134, 0.0293721109629, -0.0125389918685, 0.00214980961755], [3.24065440509e-05, 0.00152076978702, -0.000109010055894, -4.86481003463e-05, 0.00168866815511, -0.000468666024972, -0.00161144696176, -0.00135508913081, 0.000621846935246, 0.00289712566882, -0.0125389918685, 0.0230771265924, -0.0131417093799], [-0.00016159612278, -0.00145799829625, 0.00137392489705, 0.000483194278786, -0.000908416928723, 0.00051506847376, 0.00132442486938, -0.00131719070487, 0.00145453959703, -0.00183533260133, 0.00214980961755, -0.0131417093799, 0.0225442070514]]
    spectral_contrast:
        mean: [1.8213579267e-07, 4.89532339998e-07, -2.72941889534e-07, 8.53898356468e-08, 2.75602815236e-07, -1.32737071112e-07, 1.32956813559e-06, -7.45195393392e-07, -2.3711729682e-06, 3.25902817622e-07, -2.44351576839e-06, -7.11959614819e-07]
        var: [0.000324044522131, 0.000797391578089, 0.00207027583383, 0.0037439155858, 0.00497638061643, 0.0105627756566, 0.0668862387538, 0.0994229987264, 0.159154221416, 0.322172522545, 0.564951658249, 3.43778848648]

rhythm:
    beats_loudness:
        dmean: 0.00166851980612
        dmean2: 0.00288359005935
        dvar: 1.77791127953e-06
        dvar2: 5.14017483511e-06
        max: 0.00835251063108
        mean: 0.00554065452889
        min: 0.00298498314805
        var: 2.29636884796e-06
    beats_loudness_bass:
        dmean: 0.314020812511
        dmean2: 0.622336566448
        dvar: 0.0879461690784
        dvar2: 0.188731446862
        max: 0.782590687275
        mean: 0.182549521327
        min: 0.0224536135793
        var: 0.0665381103754
    bpm: 146.02973938
    bpm_confidence: 0
    first_peak_bpm: 146
    first_peak_spread: 0
    first_peak_weight: 0.956521749496
    onset_rate: 7.15909099579
    second_peak_bpm: 133
    second_peak_spread: 0
    second_peak_weight: 0.0434782616794
    beats_position: [0.318708151579, 0.729381978512, 1.14005577564, 1.55072963238, 1.96140360832, 2.37207746506, 2.78275132179, 3.19342494011, 3.60409903526, 4.014772892, 4.42544651031, 4.83612060547, 5.24679470062, 5.65746831894, 6.10997390747, 6.52097082138, 6.93196678162, 7.34296321869, 7.75395965576, 8.16495609283, 8.57595252991, 8.98694896698, 9.39794635773, 9.8089427948]
    bpm_estimates: [146.106552124, 146.010345459, 146.275039673, 145.921508789, 146.137588501, 146.157577515, 146.144668579, 145.946395874, 146.11730957, 145.828948975, 145.869216919, 146.050262451, 145.942504883, 145.915237427, 145.998794556, 146.053634644]
    bpm_intervals: [0.410673826933, 0.410673797131, 0.410673856735, 0.410673975945, 0.410673856735, 0.410673856735, 0.410673618317, 0.410674095154, 0.410673856735, 0.410673618317, 0.410674095154, 0.410674095154, 0.410673618317, 0.452505588531, 0.41099691391, 0.410995960236, 0.410996437073, 0.410996437073, 0.410996437073, 0.410996437073, 0.410996437073, 0.410997390747, 0.410996437073]
    onset_times: [0.0580498874187, 0.220589563251, 0.31346938014, 0.522448956966, 0.638548731804, 0.731428563595, 0.940408170223, 1.01006805897, 1.13777780533, 1.34675741196, 1.55573701859, 1.764716506, 1.88081634045, 1.97369611263, 2.18267583847, 2.3916554451, 2.61224484444, 2.71673464775, 2.79800462723, 2.94893431664, 3.01859402657, 3.20435380936, 3.41333341599, 3.54104304314, 3.62231302261, 3.83129262924, 3.94739222527, 4.04027223587, 4.2492518425, 4.37696123123, 4.446621418, 4.65560102463, 4.77170085907, 4.86458063126, 5.00390005112, 5.07356023788, 5.20126962662, 5.28253984451, 5.49151945114, 5.59600925446, 5.70049905777, 5.9094786644, 6.01396846771, 6.1068482399, 6.31582784653, 6.43192720413, 6.51319742203, 6.73378705978, 6.84988641739, 6.93115663528, 7.14013624191, 7.2330160141, 7.36072540283, 7.55809545517, 7.67419481277, 7.7670750618, 7.9644446373, 8.08054447174, 8.17342376709, 8.38240337372, 8.51011371613, 8.59138298035, 8.80036258698, 8.90485286713, 9.0093421936, 9.2067117691, 9.32281208038, 9.41569137573, 9.62467098236, 9.74077129364, 9.83365058899, 10.0426301956]
    rubato_start: []
    rubato_stop: []
    perceptual_tempo: "unknown"

sfx:
    inharmonicity:
        dmean: 0.0599226020277
        dmean2: 0.105029784143
        dvar: 0.00426207995042
        dvar2: 0.0123429838568
        max: 0.394492030144
        mean: 0.0607543289661
        min: 0
        var: 0.00440526707098
    oddtoevenharmonicenergyratio:
        dmean: 5.43479347229
        dmean2: 10.5747880936
        dvar: 336.386932373
        dvar2: 995.636230469
        max: 220.926589966
        mean: 3.15484833717
        min: 0
        var: 181.678894043
    pitch_after_max_to_before_max_energy_ratio: 5.72888946533
    pitch_centroid: 235.557998657
    pitch_max_to_total: 0.076036863029
    pitch_min_to_total: 0.797235012054
    tristimulus:
        dmean: [0.203386455774, 0.260008126497, 0.203298717737]
        dmean2: [0.350908607244, 0.453764468431, 0.362960457802]
        dvar: [0.0394497476518, 0.0486076287925, 0.0326553992927]
        dvar2: [0.103218257427, 0.133555695415, 0.0874577239156]
        max: [1, 0.989281475544, 0.826456606388]
        mean: [0.326880604029, 0.380933135748, 0.209481760859]
        min: [0.00801978539675, 0, 0]
        var: [0.0620233044028, 0.0670780017972, 0.0469114258885]

tonal:
    chords_changes_rate: 0.0733944922686
    chords_number_rate: 0.0229357797652
    chords_strength:
        dmean: 0.0129006654024
        dmean2: 0.0123737109825
        dvar: 0.000112600348075
        dvar2: 0.000101320059912
        max: 0.712776064873
        mean: 0.538856625557
        min: 0.235439181328
        var: 0.0141162257642
    key_strength: 0.714398443699
    tuning_diatonic_strength: 0.749188303947
    tuning_equal_tempered_deviation: 0.198055490851
    tuning_frequency: 443.060424805
    tuning_nontempered_energy_ratio: 0.879997611046
    hpcp:
        dmean: [0.181821510196, 0.194949626923, 0.147548183799, 0.154381975532, 0.128500059247, 0.143564790487, 0.181700900197, 0.157400220633, 0.134923517704, 0.157904729247, 0.162203669548, 0.142224609852, 0.169877931476, 0.215121179819, 0.27416536212, 0.231183171272, 0.208099544048, 0.151141256094, 0.117557734251, 0.129407927394, 0.127739489079, 0.117891438305, 0.115089401603, 0.100404888391, 0.0986300632358, 0.138416588306, 0.155526980758, 0.131208598614, 0.120346352458, 0.127912849188, 0.102937810123, 0.0868701413274, 0.120981939137, 0.167680114508, 0.21494422853, 0.22932985425]
        dmean2: [0.304218113422, 0.340457469225, 0.251153022051, 0.275561541319, 0.224219411612, 0.242267802358, 0.315464645624, 0.268133252859, 0.227039024234, 0.282593548298, 0.288747996092, 0.248006120324, 0.308833181858, 0.371919900179, 0.476963549852, 0.384019106627, 0.358844637871, 0.265069842339, 0.213066115975, 0.242104932666, 0.22999791801, 0.209781780839, 0.204797014594, 0.174997642636, 0.174375042319, 0.243110120296, 0.266850143671, 0.227754056454, 0.205927655101, 0.214109644294, 0.170402497053, 0.147768959403, 0.212097480893, 0.288993746042, 0.35993078351, 0.385768771172]
        dvar: [0.0293180737644, 0.0469403043389, 0.0257309172302, 0.0520687773824, 0.0338562130928, 0.0344013944268, 0.0544985346496, 0.0347906127572, 0.031442001462, 0.0463094040751, 0.0561367571354, 0.0437206216156, 0.059539925307, 0.0580430477858, 0.0688714087009, 0.0514663867652, 0.0635253041983, 0.037920858711, 0.0362079516053, 0.0525674894452, 0.0476987101138, 0.0354862250388, 0.0352506861091, 0.0222426299006, 0.0307801235467, 0.0379978641868, 0.0362075865269, 0.0325982794166, 0.0182722657919, 0.02833952941, 0.02540066652, 0.0188883394003, 0.0295304767787, 0.0472172498703, 0.0521569363773, 0.0464175827801]
        dvar2: [0.0695016533136, 0.131428092718, 0.0649976059794, 0.141583263874, 0.0901250764728, 0.0809396579862, 0.128433570266, 0.0894577503204, 0.0707393214107, 0.11216916889, 0.14056263864, 0.119650408626, 0.170993134379, 0.162698373199, 0.177713379264, 0.132970154285, 0.179308399558, 0.106110237539, 0.0970810502768, 0.146101593971, 0.126669377089, 0.0848053470254, 0.0917294546962, 0.0563320554793, 0.0843455269933, 0.105034068227, 0.0970134064555, 0.0895752236247, 0.0444276668131, 0.0665481165051, 0.0561705343425, 0.0471417419612, 0.0751773864031, 0.117555312812, 0.140053063631, 0.123134613037]
        max: [1, 1, 0.696887075901, 1, 1, 1, 1, 0.89131551981, 1, 1, 1, 1, 1, 1, 1, 1, 1, 1, 1, 1, 1, 0.87777453661, 1, 1, 1, 1, 1, 1, 0.805245876312, 1, 1, 1, 1, 1, 1, 1]
        mean: [0.437143027782, 0.268589287996, 0.156602993608, 0.125659480691, 0.113796465099, 0.140508785844, 0.167963460088, 0.175579801202, 0.19941689074, 0.192951932549, 0.1542840451, 0.125875547528, 0.142938807607, 0.247114852071, 0.396409332752, 0.394037693739, 0.250976383686, 0.137168288231, 0.0888668224216, 0.0835392549634, 0.0915720909834, 0.0932581499219, 0.0910992771387, 0.0995031967759, 0.123885847628, 0.169592544436, 0.17981608212, 0.144723877311, 0.125036239624, 0.14626018703, 0.169661983848, 0.132987141609, 0.132835268974, 0.203408777714, 0.283215999603, 0.424762189388]
        min: [0.00642888993025, 0.00333585590124, 0.000992216169834, 0.000890901195817, 0.000767099671066, 0.00118230096996, 0.00125956023112, 0.000726935453713, 0.00187442696188, 0.0017580606509, 0.00133672950324, 0.000566501403227, 0.00106841232628, 0.00181180925574, 0.00171567185316, 0.00191388768144, 0.00250510359183, 0.00202935794368, 0.000752736581489, 5.88107686781e-05, 0, 0.000355137250153, 0.000406934355851, 0.000915056327358, 0.000532666395884, 0.000315263314405, 0.000860054569785, 0.00100778613705, 0.000827106414363, 0.00153864081949, 0, 0.00112895225175, 0.0010347336065, 0.00151647801977, 0.00375358527526, 0.00947074405849]
        var: [0.108801759779, 0.0727607980371, 0.0307243075222, 0.0406155996025, 0.0311818588525, 0.0389771685004, 0.0535248853266, 0.0450323224068, 0.0602135173976, 0.056420724839, 0.0559154488146, 0.0404010266066, 0.0500654615462, 0.0789197832346, 0.121675036848, 0.096783272922, 0.0707795023918, 0.0357712507248, 0.0281576961279, 0.0347024686635, 0.0361733026803, 0.0317846536636, 0.0284425914288, 0.0303886942565, 0.0545355081558, 0.06442669034, 0.0468102730811, 0.033627435565, 0.0238689221442, 0.0381995849311, 0.076122045517, 0.0457445792854, 0.0359334237874, 0.0781587362289, 0.0734906047583, 0.105426803231]
    chords_histogram: [57.7981643677, 0, 0, 0, 0, 0, 0, 0, 0, 0, 19.2660541534, 6.88073396683, 0, 0, 0, 3.21100926399, 0, 12.3853206635, 0, 0, 0, 0, 0.458715587854, 0]
    thpcp: [1, 0.614419698715, 0.35824200511, 0.287456214428, 0.260318607092, 0.321425199509, 0.38422998786, 0.401652991772, 0.45618224144, 0.441393136978, 0.352937221527, 0.287950485945, 0.326984077692, 0.565295219421, 0.906818389893, 0.901393055916, 0.574128746986, 0.313783556223, 0.20329003036, 0.191102802753, 0.20947855711, 0.213335558772, 0.208396956325, 0.227621600032, 0.283398896456, 0.387956649065, 0.411343812943, 0.331067562103, 0.286030501127, 0.334582000971, 0.388115495443, 0.304218828678, 0.303871423006, 0.465314030647, 0.647879481316, 0.971677839756]
    chords_key: "D"
    chords_scale: "major"
    key_key: "D"
    key_scale: "major"
    chords_progression: ["D", "D", "D", "D", "D", "D", "D", "D", "D", "D", "D", "D", "D", "D", "D", "D", "D", "D", "D", "D", "D", "D", "D", "D", "D", "D", "D", "D", "D", "D", "D", "D", "D", "D", "D", "D", "D", "D", "D", "D", "D", "D", "D", "D", "D", "D", "D", "D", "D", "D", "D", "D", "D", "D", "D", "D", "D", "D", "D", "D", "D", "D", "D", "D", "D", "D", "D", "D", "C#", "C#", "C#", "C#", "C#", "C#", "C#", "C#", "C#", "C#", "C#", "C#", "C#", "C#", "C#", "Gm", "Gm", "Gm", "Gm", "Gm", "Gm", "Gm", "Fm", "Fm", "Fm", "Fm", "Fm", "Fm", "Fm", "Fm", "Fm", "Fm", "Fm", "Fm", "Fm", "Fm", "Fm", "Dm", "Dm", "G", "Dm", "Dm", "Dm", "Dm", "Dm", "Dm", "Dm", "Dm", "Dm", "Dm", "Dm", "Dm", "Dm", "Dm", "Dm", "Dm", "Dm", "Dm", "Dm", "Dm", "Dm", "Dm", "Dm", "Dm", "Dm", "C#", "C#", "C#", "C#", "C#", "C#", "C#", "C#", "D", "D", "D", "D", "D", "D", "D", "D", "D", "D", "D", "D", "D", "D", "D", "C#", "C#", "C#", "C#", "C#", "C#", "D", "D", "D", "D", "D", "D", "D", "D", "D", "D", "D", "D", "D", "D", "D", "D", "D", "D", "D", "D", "D", "D", "D", "D", "D", "D", "D", "D", "D", "D", "D", "C#", "C#", "C#", "C#", "D", "D", "D", "D", "D", "D", "D", "D", "D", "C#", "D", "C#", "C#", "C#", "C#", "C#", "C#", "C#", "C#", "D", "D"]
