
metadata:
    version:
        essentia: "1.2.2"
    audio_properties:
        analysis_sample_rate: 44100
        bitrate: 128
        channels: 2
        equal_loudness: 1
        length: 9.92653083801
        replay_gain: -13.5364513397
        downmix: "mix"
    tags:
        track: 14
        year: 0
        album: "Splitted by Mp3Splt v. 2.1"
        artist: "From 002.10 To 002.20"
        comment: "http://mp3splt.sf.net"
        genre: ""
        title: "07 Slight Return.mp3"

highlevel:
    ballroom:
        all:
            ChaChaCha: 0.0334188193083
            Jive: 0.211653038859
            Quickstep: 0.102660030127
            Rumba-American: 0.0105616897345
            Rumba-International: 0.0789517611265
            Rumba-Misc: 0.0447483882308
            Samba: 0.043049197644
            Tango: 0.0548277981579
            VienneseWaltz: 0.345047086477
            Waltz: 0.0750821903348
        probability: 0.345047086477
        value: "VienneseWaltz"
    culture:
        all:
            non_western: 0.00864672381431
            western: 0.991353273392
        probability: 0.991353273392
        value: "western"
    gender:
        all:
            female: 0.49278357625
            male: 0.507216393948
        probability: 0.507216393948
        value: "male"
    genre_dortmund:
        all:
            alternative: 0.15909293294
            blues: 0.0235159154981
            electronic: 0.00714019173756
            folkcountry: 0.254593223333
            funksoulrnb: 0.00935363583267
            jazz: 0.0348705761135
            pop: 0.1206458956
            raphiphop: 0.000770406331867
            rock: 0.390017211437
        probability: 0.390017211437
        value: "rock"
    genre_electronica:
        all:
            ambient: 0.452920645475
            dnb: 0.132302910089
            house: 0.0120133217424
            techno: 0.0071998462081
            trance: 0.395563274622
        probability: 0.452920645475
        value: "ambient"
    genre_rosamerica:
        all:
            cla: 0.0703144744039
            dan: 0.0105180256069
            hip: 0.00306091597304
            jaz: 0.00761515833437
            pop: 0.182361751795
            rhy: 0.00840984191746
            roc: 0.716191768646
            spe: 0.00152808544226
        probability: 0.716191768646
        value: "roc"
    genre_tzanetakis:
        all:
            blu: 0.00201247492805
            cla: 0.0347265973687
            cou: 0.243080362678
            dis: 0.0145999370143
            hip: 0.00106786843389
            jaz: 0.0276400763541
            met: 0.00610298803076
            pop: 0.0506328754127
            reg: 0.00402774754912
            roc: 0.616109073162
        probability: 0.616109073162
        value: "roc"
    live_studio:
        all:
            live: 0.607966303825
            studio: 0.392033666372
        probability: 0.607966303825
        value: "live"
    mood:
        all:
            Cluster1: 0.415290802717
            Cluster2: 0.162580192089
            Cluster3: 0.14479662478
            Cluster4: 0.110916003585
            Cluster5: 0.166416376829
        probability: 0.415290802717
        value: "Cluster1"
    mood_acoustic:
        all:
            acoustic: 0.285566717386
            not_acoustic: 0.714433312416
        probability: 0.714433312416
        value: "not_acoustic"
    mood_aggressive:
        all:
            aggressive: 0.223049715161
            not_aggressive: 0.77695029974
        probability: 0.77695029974
        value: "not_aggressive"
    mood_electronic:
        all:
            electronic: 0.0495361983776
            not_electronic: 0.95046377182
        probability: 0.95046377182
        value: "not_electronic"
    mood_happy:
        all:
            happy: 0.951244533062
            not_happy: 0.0487554818392
        probability: 0.951244533062
        value: "happy"
    mood_party:
        all:
            not_party: 0.834912419319
            party: 0.165087580681
        probability: 0.834912419319
        value: "not_party"
    mood_relaxed:
        all:
            not_relaxed: 0.490834057331
            relaxed: 0.509165942669
        probability: 0.509165942669
        value: "relaxed"
    mood_sad:
        all:
            not_sad: 0.425084531307
            sad: 0.574915468693
        probability: 0.574915468693
        value: "sad"
    rhythm:
        all:
            fast: 0.918645858765
            medium: 0.0787223279476
            slow: 0.00263182772323
        probability: 0.918645858765
        value: "fast"
    speech_music:
        all:
            music: 0.999690413475
            speech: 0.000309606664814
        probability: 0.999690413475
        value: "music"
    timbre:
        all:
            bright: 0.953148901463
            dark: 0.0468511208892
        probability: 0.953148901463
        value: "bright"
    voice_instrumental:
        all:
            instrumental: 0.0167225357145
            voice: 0.983277440071
        probability: 0.983277440071
        value: "voice"

lowlevel:
    average_loudness: 0.983943164349
    barkbands_kurtosis:
        dmean: 0.744438409805
        dmean2: 1.25252175331
        dvar: 0.909499704838
        dvar2: 2.2648935318
        max: 7.1959438324
        mean: -0.515297710896
        min: -1.78843533993
        var: 1.54553282261
    barkbands_skewness:
        dmean: 0.404578775167
        dmean2: 0.651768267155
        dvar: 0.125258162618
        dvar2: 0.300230890512
        max: 2.76688671112
        mean: 0.672490775585
        min: -1.17733097076
        var: 0.371712595224
    barkbands_spread:
        dmean: 4.06888723373
        dmean2: 6.4507689476
        dvar: 12.6712465286
        dvar2: 32.3625946045
        max: 45.9234542847
        mean: 27.5547904968
        min: 8.2294254303
        var: 38.9025382996
    dissonance:
        dmean: 0.0189116112888
        dmean2: 0.0304157715291
        dvar: 0.000300794112263
        dvar2: 0.000705800193828
        max: 0.496117502451
        mean: 0.457904398441
        min: 0.32442253828
        var: 0.00055704661645
    hfc:
        dmean: 1.83016633987
        dmean2: 2.62027597427
        dvar: 4.10737609863
        dvar2: 8.03800678253
        max: 26.3273677826
        mean: 5.95220041275
        min: 0.0217715166509
        var: 13.1081609726
    pitch:
        dmean: 129.732894897
        dmean2: 248.635284424
        dvar: 175354.140625
        dvar2: 523000.5
        max: 4009.09082031
        mean: 261.293273926
        min: 73.8693466187
        var: 95876.625
    pitch_instantaneous_confidence:
        dmean: 0.0940120741725
        dmean2: 0.143435463309
        dvar: 0.0064311134629
        dvar2: 0.0155207412317
        max: 0.764557540417
        mean: 0.418235987425
        min: 0.132881939411
        var: 0.0196205023676
    pitch_salience:
        dmean: 0.0581924952567
        dmean2: 0.0960014164448
        dvar: 0.00254623708315
        dvar2: 0.00681438669562
        max: 0.866920471191
        mean: 0.604508817196
        min: 0.41151279211
        var: 0.00530159380287
    silence_rate_20dB:
        dmean: 0
        dmean2: 0
        dvar: 0
        dvar2: 0
        max: 1
        mean: 1
        min: 1
        var: 0
    silence_rate_30dB:
        dmean: 0
        dmean2: 0
        dvar: 0
        dvar2: 0
        max: 1
        mean: 1
        min: 1
        var: 0
    silence_rate_60dB:
        dmean: 0.112149529159
        dmean2: 0.222482442856
        dvar: 0.099571608007
        dvar2: 0.215138748288
        max: 1
        mean: 0.184149190784
        min: 0
        var: 0.150239169598
    spectral_centroid:
        dmean: 222.781509399
        dmean2: 351.934844971
        dvar: 38844.6796875
        dvar2: 104051.773438
        max: 2535.50585938
        mean: 1143.0793457
        min: 484.250549316
        var: 107604.851562
    spectral_complexity:
        dmean: 3.37704920769
        dmean2: 4.96009397507
        dvar: 12.7547979355
        dvar2: 25.8364181519
        max: 37
        mean: 13.8341121674
        min: 0
        var: 36.1617088318
    spectral_crest:
        dmean: 2.16166591644
        dmean2: 3.50570726395
        dvar: 3.67309260368
        dvar2: 9.83145141602
        max: 17.6732997894
        mean: 7.59576034546
        min: 3.14779567719
        var: 6.7518415451
    spectral_decrease:
        dmean: 3.88141851992e-10
        dmean2: 5.97058458229e-10
        dvar: 1.95159242236e-19
        dvar2: 4.68567004533e-19
        max: -6.83504424934e-12
        mean: -1.21718901624e-09
        min: -3.41626948952e-09
        var: 3.3548615508e-19
    spectral_energy:
        dmean: 0.0015994689893
        dmean2: 0.00243248813786
        dvar: 3.27124075739e-06
        dvar2: 7.68641803006e-06
        max: 0.0144160073251
        mean: 0.00513382954523
        min: 2.77716553683e-05
        var: 6.03774424235e-06
    spectral_energyband_high:
        dmean: 8.86220150278e-05
        dmean2: 0.000133032837766
        dvar: 1.32439943457e-08
        dvar2: 2.85539982769e-08
        max: 0.000965333776549
        mean: 0.000187711775652
        min: 6.00979745968e-08
        var: 2.95320941035e-08
    spectral_energyband_low:
        dmean: 0.000145451602293
        dmean2: 0.000248270633165
        dvar: 4.85516089554e-08
        dvar2: 1.37317911708e-07
        max: 0.0020197192207
        mean: 0.000218955945456
        min: 8.22900915409e-07
        var: 4.97320513659e-08
    spectral_energyband_middle_high:
        dmean: 0.000626626482699
        dmean2: 0.000912263407372
        dvar: 4.64820459456e-07
        dvar2: 9.502228977e-07
        max: 0.00915147271007
        mean: 0.00188764545601
        min: 6.02891623203e-06
        var: 1.68290171132e-06
    spectral_energyband_middle_low:
        dmean: 0.00112439866643
        dmean2: 0.00183129240759
        dvar: 1.89543368379e-06
        dvar2: 4.76755894852e-06
        max: 0.0104433819652
        mean: 0.00283952127211
        min: 1.81100931513e-05
        var: 2.56002704191e-06
    spectral_flatness_db:
        dmean: 0.0163068808615
        dmean2: 0.0244561377913
        dvar: 0.000209315985558
        dvar2: 0.000490283127874
        max: 0.256986200809
        mean: 0.15449398756
        min: 0.0694735795259
        var: 0.000788995763287
    spectral_flux:
        dmean: 0.0100544048473
        dmean2: 0.0152820255607
        dvar: 0.000103131773358
        dvar2: 0.000205104370252
        max: 0.0965778827667
        mean: 0.0393785499036
        min: 0.00526988180354
        var: 0.000243504022365
    spectral_kurtosis:
        dmean: 1.40384364128
        dmean2: 2.26625776291
        dvar: 3.31322479248
        dvar2: 7.57861280441
        max: 28.0307579041
        mean: 5.1549577713
        min: 0.0637226104736
        var: 9.9394493103
    spectral_rms:
        dmean: 0.000343907740898
        dmean2: 0.000507435237523
        dvar: 1.3123981546e-07
        dvar2: 2.81874008579e-07
        max: 0.00375025300309
        mean: 0.0021725425031
        min: 0.000164603450685
        var: 2.88678847937e-07
    spectral_rolloff:
        dmean: 448.81854248
        dmean2: 753.712524414
        dvar: 232324.140625
        dvar2: 566790.75
        max: 4306.640625
        mean: 2367.44604492
        min: 409.130859375
        var: 483164.9375
    spectral_skewness:
        dmean: 0.196823060513
        dmean2: 0.307300239801
        dvar: 0.0433278568089
        dvar2: 0.0991435050964
        max: 3.86771631241
        mean: 1.73811125755
        min: 0.813549518585
        var: 0.13565595448
    spectral_spread:
        dmean: 539662.75
        dmean2: 783355.9375
        dvar: 379370373120
        dvar2: 750649606144
        max: 11104003
        mean: 4594622
        min: 1778754
        var: 1.40123124531e+12
    spectral_strongpeak:
        dmean: 0.392963975668
        dmean2: 0.682650327682
        dvar: 0.341137766838
        dvar2: 0.800129592419
        max: 5.53120756149
        mean: 0.591429293156
        min: 0.00485428934917
        var: 0.457881361246
    zerocrossingrate:
        dmean: 0.00762382009998
        dmean2: 0.0092910984531
        dvar: 4.24738354923e-05
        dvar2: 6.12398143858e-05
        max: 0.12646484375
        mean: 0.0716609805822
        min: 0.02392578125
        var: 0.000224520044867
    barkbands:
        dmean: [1.42173760764e-07, 2.73990681308e-05, 0.000125359816593, 0.000236337335082, 0.000664101680741, 0.000313848548103, 0.000134211979457, 0.000251446443144, 9.78505850071e-05, 9.72540219664e-05, 6.14761884208e-05, 8.2508304331e-05, 5.12029073434e-05, 9.63760976447e-05, 0.000137239214382, 0.00017501747061, 0.000155137502588, 0.000118311363622, 8.53681485751e-05, 7.76294764364e-05, 4.3910684326e-05, 1.24142079585e-05, 3.14782823807e-06, 1.65009635111e-06, 9.8862278719e-07, 4.77541881594e-08, 2.77607103971e-10]
        dmean2: [2.2409339806e-07, 4.74743828818e-05, 0.000214522297028, 0.000405702419812, 0.00113593938295, 0.00046003004536, 0.00020919884264, 0.000390639324905, 0.00015293234901, 0.000150997002493, 9.28569279495e-05, 0.000125159829622, 7.33519118512e-05, 0.000146424514242, 0.000220282148803, 0.000284121488221, 0.000256763334619, 0.000190524981008, 0.000135806389153, 0.000123030768009, 6.57798082102e-05, 1.909085222e-05, 4.90758748128e-06, 2.54036967817e-06, 1.48257538513e-06, 6.74368578757e-08, 4.8297488231e-10]
        dvar: [9.73725833579e-14, 2.09191841627e-09, 3.58533860378e-08, 1.18096629365e-07, 9.44084888488e-07, 1.56370546733e-07, 2.62804551454e-08, 1.60640112767e-07, 4.10882989854e-08, 2.82169239085e-08, 1.38170062058e-08, 2.49100722272e-08, 9.22948295567e-09, 2.52263578915e-08, 4.99037611235e-08, 4.77136943289e-08, 6.75236222492e-08, 1.95175964279e-08, 1.36275044582e-08, 9.99628113618e-09, 3.68866803768e-09, 3.47993078798e-10, 2.37067275533e-11, 1.08156391829e-11, 2.52487267205e-12, 5.17365310139e-15, 9.6387251897e-19]
        dvar2: [2.26176065724e-13, 5.81678660794e-09, 1.01334599378e-07, 3.35922010208e-07, 2.54163637692e-06, 3.42900449368e-07, 6.38340225123e-08, 3.84920809893e-07, 8.94676546181e-08, 6.37301766915e-08, 3.00149558541e-08, 5.99410583391e-08, 1.67945568563e-08, 4.86892339779e-08, 1.24832467918e-07, 1.24472151697e-07, 1.60495119417e-07, 4.75843577874e-08, 2.95632958114e-08, 2.39859279105e-08, 8.73795702461e-09, 7.99898480786e-10, 5.90859999816e-11, 2.75376787345e-11, 6.08620142131e-12, 1.1524000985e-14, 1.91080313822e-18]
        max: [2.32368029174e-06, 0.000339248101227, 0.00187054439448, 0.00240278197452, 0.00812479574233, 0.00439550587907, 0.0012829110492, 0.00334472884424, 0.00208575255238, 0.00237785489298, 0.00137953518424, 0.00172876997385, 0.00128549069632, 0.00188239011914, 0.00263928086497, 0.00209986488335, 0.00483329966664, 0.0015414695954, 0.00196796422824, 0.000961341196671, 0.000597532140091, 0.000161833610036, 4.12241715821e-05, 3.17425256071e-05, 1.23881527543e-05, 5.50366962671e-07, 2.0237509446e-08]
        mean: [1.44521493439e-07, 3.57297067239e-05, 0.000183085881872, 0.000317888247082, 0.000990260159597, 0.000693192472681, 0.000270409655059, 0.000381310848752, 0.000162866839673, 0.000164806682733, 8.76092744875e-05, 0.000141479235026, 8.13338774606e-05, 0.000152500593686, 0.00021131579706, 0.000304554705508, 0.000297449238133, 0.000226734613534, 0.000163626929861, 0.00015285210975, 8.08604891063e-05, 2.35841544054e-05, 5.78855042477e-06, 2.75360525848e-06, 1.62890512456e-06, 7.00741509263e-08, 3.69290209523e-10]
        min: [1.4585567476e-10, 2.4518882924e-07, 5.7657518937e-07, 3.2703704278e-07, 1.58940997608e-06, 2.14745318772e-06, 1.84454529517e-06, 2.79398500425e-06, 1.3809998336e-06, 3.14172297067e-07, 6.87211922923e-08, 6.5355783363e-07, 5.88375087318e-07, 5.59046554827e-07, 5.27302461251e-07, 8.90689420885e-07, 8.43035365961e-07, 7.02514569184e-07, 9.30233909457e-07, 1.07333676169e-07, 2.31474590606e-08, 4.25260981984e-09, 2.24187091113e-09, 2.54592513738e-10, 4.09985712047e-10, 7.55710979905e-11, 9.73207246128e-14]
        var: [9.72684931731e-14, 2.14019579836e-09, 3.87185679074e-08, 1.02747428343e-07, 9.2461721124e-07, 4.89717479013e-07, 6.49556923804e-08, 2.60967340182e-07, 8.01167843179e-08, 8.07803530734e-08, 2.45795490628e-08, 4.68700775969e-08, 1.98333012236e-08, 5.91901603286e-08, 8.80048389718e-08, 8.32505548942e-08, 1.43581075918e-07, 3.96221437882e-08, 2.91925754681e-08, 1.95022291649e-08, 7.32775218282e-09, 5.74734537739e-10, 3.90764226532e-11, 1.50797273973e-11, 3.84877416396e-12, 7.97732410999e-15, 1.92083104879e-18]
    mfcc:
        mean: [-703.77911377, 126.958274841, -47.5788154602, 46.1050071716, -6.32430887222, -10.6224899292, -13.6779356003, -12.1424856186, -5.27495574951, -10.7690734863, -9.05155658722, -7.68588066101, -5.68929624557]
        cov: [[1965.0435791, -835.990661621, 121.760559082, -113.919898987, -199.797241211, 87.7329101562, 78.1077651978, -102.891487122, 7.23012924194, -37.3470344543, -39.8390464783, -58.9758758545, -118.05921936], [-835.990661621, 787.650024414, -200.115783691, 38.902130127, 118.285049438, -17.6729679108, 34.2458496094, 100.332885742, -3.25564193726, 16.5755729675, 55.91929245, 40.7422943115, 57.2200508118], [121.760559082, -200.115783691, 241.898498535, 42.5596351624, -26.1408939362, -18.1932353973, -28.4645576477, -19.4709568024, 5.9773015976, 2.50248789787, -15.850320816, -1.3315833807, -14.8408336639], [-113.919898987, 38.902130127, 42.5596351624, 135.858291626, 49.3360557556, -24.363576889, -33.3564834595, 6.38232660294, 27.5256004333, 7.85617303848, -3.97709059715, 13.350894928, 20.7451477051], [-199.797241211, 118.285049438, -26.1408939362, 49.3360557556, 134.569671631, 24.1299629211, -25.6435909271, 23.2277698517, 11.9452772141, -0.505338788033, 5.52751970291, 13.9012451172, 18.6461753845], [87.7329101562, -17.6729679108, -18.1932353973, -24.363576889, 24.1299629211, 123.780593872, 51.5707626343, -6.96047782898, -15.4846220016, -10.5213022232, -3.20413017273, -14.230260849, -12.8035459518], [78.1077651978, 34.2458496094, -28.4645576477, -33.3564834595, -25.6435909271, 51.5707626343, 113.032402039, 11.7607154846, -19.5959606171, 6.66373109818, 7.51674222946, -5.44000577927, -17.4358634949], [-102.891487122, 100.332885742, -19.4709568024, 6.38232660294, 23.2277698517, -6.96047782898, 11.7607154846, 81.9960021973, 17.7897930145, -7.44248056412, 4.12386083603, 4.90405273438, 13.760351181], [7.23012924194, -3.25564193726, 5.9773015976, 27.5256004333, 11.9452772141, -15.4846220016, -19.5959606171, 17.7897930145, 58.4251213074, 23.7330150604, 1.9804983139, 4.74388313293, 3.11260175705], [-37.3470344543, 16.5755729675, 2.50248789787, 7.85617303848, -0.505338788033, -10.5213022232, 6.66373109818, -7.44248056412, 23.7330150604, 60.876739502, 26.0735740662, 7.49664020538, -0.249392226338], [-39.8390464783, 55.91929245, -15.850320816, -3.97709059715, 5.52751970291, -3.20413017273, 7.51674222946, 4.12386083603, 1.9804983139, 26.0735740662, 63.6884040833, 28.823841095, 8.14212322235], [-58.9758758545, 40.7422943115, -1.3315833807, 13.350894928, 13.9012451172, -14.230260849, -5.44000577927, 4.90405273438, 4.74388313293, 7.49664020538, 28.823841095, 51.0712051392, 22.3889160156], [-118.05921936, 57.2200508118, -14.8408336639, 20.7451477051, 18.6461753845, -12.8035459518, -17.4358634949, 13.760351181, 3.11260175705, -0.249392226338, 8.14212322235, 22.3889160156, 55.5157432556]]
        icov: [[0.00122499780264, 0.00125733041205, 0.000388933374779, 3.93984300899e-05, 0.000601392937824, -0.0002740486525, -0.00101284217089, 0.000354212534148, -0.0013801206369, 0.00141380890273, -0.000881019223016, 4.27106861025e-05, 0.00092301168479], [0.00125733041205, 0.00373179093003, 0.00207036873326, -0.000780536560342, -0.000861287815496, 0.000676962139551, -0.00182349537499, -0.00186355086043, 0.000375399191398, 0.00048309462727, -0.00178837031126, -7.97396205598e-05, 0.000282786320895], [0.000388933374779, 0.00207036873326, 0.00641017081216, -0.00288088875823, 0.00125224003568, -0.000211024133023, 0.00103849754669, -0.00165778433438, 0.00186638906598, -0.00136994291097, 0.000728041050024, -0.00178275210783, 0.00225251168013], [3.93984300899e-05, -0.000780536560342, -0.00288088875823, 0.0116198258474, -0.00423568533733, 0.00219943840057, -0.000840414024424, 0.00259475270286, -0.00516089610755, 0.00107257277705, 0.00127310643438, -7.02384422766e-05, -0.00306536722928], [0.000601392937824, -0.000861287815496, 0.00125224003568, -0.00423568533733, 0.0136610949412, -0.00654671527445, 0.00554260518402, -0.00316120334901, 0.00065597583307, -0.00116124388296, 0.000939634337556, -0.00327116134576, 0.00164969230536], [-0.0002740486525, 0.000676962139551, -0.000211024133023, 0.00219943840057, -0.00654671527445, 0.0140693420544, -0.00808271206915, 0.0036073056981, -0.00152662280016, 0.0040170266293, -0.00211066915654, 0.00447631580755, -0.00153989391401], [-0.00101284217089, -0.00182349537499, 0.00103849754669, -0.000840414024424, 0.00554260518402, -0.00808271206915, 0.018069172278, -0.00686286250129, 0.00852907635272, -0.008295385167, 0.00288948928937, -0.00386074441485, 0.00458532944322], [0.000354212534148, -0.00186355086043, -0.00165778433438, 0.00259475270286, -0.00316120334901, 0.0036073056981, -0.00686286250129, 0.020785773173, -0.012291722931, 0.0101020168513, -0.00339660723694, 0.00384921371005, -0.00447215884924], [-0.0013801206369, 0.000375399191398, 0.00186638906598, -0.00516089610755, 0.00065597583307, -0.00152662280016, 0.00852907635272, -0.012291722931, 0.0329821631312, -0.0182035658509, 0.00669687334448, -0.0045815189369, 0.00319309253246], [0.00141380890273, 0.00048309462727, -0.00136994291097, 0.00107257277705, -0.00116124388296, 0.0040170266293, -0.008295385167, 0.0101020168513, -0.0182035658509, 0.0324724242091, -0.0145616875961, 0.00620401091874, -0.00125099765137], [-0.000881019223016, -0.00178837031126, 0.000728041050024, 0.00127310643438, 0.000939634337556, -0.00211066915654, 0.00288948928937, -0.00339660723694, 0.00669687334448, -0.0145616875961, 0.0294994805008, -0.0163225810975, 0.00245096208528], [4.27106861025e-05, -7.97396205598e-05, -0.00178275210783, -7.02384422766e-05, -0.00327116134576, 0.00447631580755, -0.00386074441485, 0.00384921371005, -0.0045815189369, 0.00620401091874, -0.0163225810975, 0.0348785035312, -0.0117003507912], [0.00092301168479, 0.000282786320895, 0.00225251168013, -0.00306536722928, 0.00164969230536, -0.00153989391401, 0.00458532944322, -0.00447215884924, 0.00319309253246, -0.00125099765137, 0.00245096208528, -0.0117003507912, 0.0272458214313]]
    spectral_contrast:
        mean: [-1.8143381908e-07, -3.07580165781e-07, -3.71266963839e-07, -3.61300926954e-08, -3.42204458548e-07, 2.20871413603e-07, 3.88613926816e-07, 3.32664944835e-06, -5.00860039665e-07, 4.49764411314e-06, -9.64676132753e-07, -8.96297876807e-07]
        var: [0.000336122117005, 0.000756828638259, 0.00155974493828, 0.00301599968225, 0.00342995882966, 0.00434224307537, 0.0371550880373, 0.056403119117, 0.0906341001391, 0.183934882283, 0.284611701965, 1.20101344585]

rhythm:
    beats_loudness:
        dmean: 0.0020908776205
        dmean2: 0.00383658753708
        dvar: 2.30176760851e-06
        dvar2: 7.53038148105e-06
        max: 0.00897526741028
        mean: 0.00620568869635
        min: 0.00253061996773
        var: 3.39834582519e-06
    beats_loudness_bass:
        dmean: 0.0579190924764
        dmean2: 0.106015071273
        dvar: 0.00423000380397
        dvar2: 0.00816774182022
        max: 0.31793063879
        mean: 0.0929765328765
        min: 0.00714864395559
        var: 0.00735183432698
    bpm: 105.40007782
    bpm_confidence: 0
    first_peak_bpm: 106
    first_peak_spread: 0
    first_peak_weight: 0.9375
    onset_rate: 4.63404607773
    second_peak_bpm: 66
    second_peak_spread: 0
    second_peak_weight: 0.0625
    beats_position: [0.0910951048136, 0.658494591713, 1.22589409351, 1.79329359531, 2.36069321632, 2.92809271812, 3.49549198151, 4.06289148331, 4.63029098511, 5.19769001007, 6.11044406891, 6.68160438538, 7.25276327133, 7.82392263412, 8.39508247375, 8.96624088287, 9.53740024567]
    bpm_estimates: [105.811149597, 106.381950378, 105.602279663, 106.087501526, 106.455253601, 104.123855591, 105.724754333, 105.813194275, 105.224594116, 105.096893311, 105.282440186, 104.534912109, 105.045501709, 104.762565613, 105.064788818, 105.389533997]
    bpm_intervals: [0.567399501801, 0.567399501801, 0.567399501801, 0.56739962101, 0.567399501801, 0.567399263382, 0.567399501801, 0.567399501801, 0.567399024963, 0.912754058838, 0.571160316467, 0.571158885956, 0.571159362793, 0.57115983963, 0.571158409119, 0.571159362793]
    onset_times: [0.0464399084449, 0.325079351664, 0.650158703327, 0.847528338432, 0.952018141747, 1.06811785698, 1.23065757751, 1.43963718414, 2.12462592125, 2.3916554451, 2.55419492722, 2.83283448219, 3.13469386101, 3.23918366432, 3.41333341599, 3.52943301201, 3.80807256699, 4.08671188354, 4.35374164581, 4.38857126236, 4.6439909935, 4.69043064117, 4.81814050674, 5.10838985443, 5.23609972, 5.52634906769, 5.68888902664, 5.81659841537, 6.09523820877, 6.39709758759, 6.67573690414, 6.96598625183, 7.12852621078, 7.39555549622, 7.53487539291, 7.8251247406, 7.97605419159, 8.12698459625, 8.28952407837, 8.39401340485, 8.95129299164, 9.27637195587, 9.4040813446, 9.55501174927, 9.69433116913, 9.81043052673]
    rubato_start: []
    rubato_stop: []
    perceptual_tempo: "unknown"

sfx:
    inharmonicity:
        dmean: 0.0423223078251
        dmean2: 0.0753158703446
        dvar: 0.00327751645818
        dvar2: 0.00982463825494
        max: 0.354101210833
        mean: 0.0424475409091
        min: 0.000233193408349
        var: 0.00280776945874
    oddtoevenharmonicenergyratio:
        dmean: 2.38043904305
        dmean2: 4.27155351639
        dvar: 50.5417442322
        dvar2: 126.871788025
        max: 66.7538299561
        mean: 1.72876429558
        min: 0.00149737671018
        var: 38.2124023438
    pitch_after_max_to_before_max_energy_ratio: 0.921564936638
    pitch_centroid: 205.632171631
    pitch_max_to_total: 0.315420567989
    pitch_min_to_total: 0.245327100158
    tristimulus:
        dmean: [0.199648573995, 0.192120715976, 0.093503087759]
        dmean2: [0.34072431922, 0.331913381815, 0.161166161299]
        dvar: [0.0314821824431, 0.0325242616236, 0.00754984142259]
        dvar2: [0.0818999484181, 0.0894610062242, 0.0221818983555]
        max: [0.941653490067, 0.898852229118, 0.637599885464]
        mean: [0.422665953636, 0.444616049528, 0.117332130671]
        min: [0.0031254675705, 0, 0]
        var: [0.0477290526032, 0.0394526235759, 0.0103008979931]

tonal:
    chords_changes_rate: 0.0465116277337
    chords_number_rate: 0.0325581394136
    chords_strength:
        dmean: 0.0109137408435
        dmean2: 0.00895009189844
        dvar: 8.87390415301e-05
        dvar2: 5.33871352673e-05
        max: 0.766853451729
        mean: 0.605341374874
        min: 0.300502598286
        var: 0.0112655004486
    key_strength: 0.835674464703
    tuning_diatonic_strength: 0.632349729538
    tuning_equal_tempered_deviation: 0.0591806471348
    tuning_frequency: 443.060424805
    tuning_nontempered_energy_ratio: 0.684610724449
    hpcp:
        dmean: [0.162757992744, 0.156903117895, 0.100049443543, 0.0886607691646, 0.0754968598485, 0.108315370977, 0.118898920715, 0.0958923175931, 0.120421685278, 0.117550626397, 0.0860955715179, 0.121073171496, 0.150013491511, 0.158457100391, 0.187670230865, 0.195775181055, 0.17955738306, 0.102168045938, 0.075649663806, 0.0676265880466, 0.0851774960756, 0.133880570531, 0.114598199725, 0.104382000864, 0.106265299022, 0.0971646457911, 0.120723709464, 0.143378570676, 0.126099660993, 0.118675105274, 0.124810360372, 0.161779850721, 0.166932821274, 0.139540985227, 0.161929368973, 0.182555407286]
        dmean2: [0.264939337969, 0.264948964119, 0.174685686827, 0.155112668872, 0.129050016403, 0.180754691362, 0.201510846615, 0.15994644165, 0.201769441366, 0.207743421197, 0.149971202016, 0.192313581705, 0.2349845469, 0.269357204437, 0.311010688543, 0.323806732893, 0.30093806982, 0.179142951965, 0.131611302495, 0.11551502347, 0.142585590482, 0.217743486166, 0.193722739816, 0.180277422071, 0.1840185076, 0.163432657719, 0.203369602561, 0.222276702523, 0.199726000428, 0.203659877181, 0.20703202486, 0.289906382561, 0.296339541674, 0.233047634363, 0.295434385538, 0.309783935547]
        dvar: [0.0413361303508, 0.0470053814352, 0.0207256674767, 0.0218867845833, 0.0140542574227, 0.0262360312045, 0.0301723796874, 0.0163181889802, 0.0286071412265, 0.0313275717199, 0.0162083394825, 0.0192491393536, 0.030282465741, 0.0354234986007, 0.0328476727009, 0.0437000393867, 0.0325626172125, 0.0188058596104, 0.0175431650132, 0.0136874839664, 0.0144534111023, 0.0331127718091, 0.0290159992874, 0.0281038936228, 0.0360018797219, 0.0206774603575, 0.0277939625084, 0.0268722623587, 0.0299935229123, 0.0319654941559, 0.0390729010105, 0.0477430410683, 0.0631845667958, 0.0401099435985, 0.0432189106941, 0.0445620045066]
        dvar2: [0.0889482200146, 0.130607500672, 0.0548322796822, 0.0531393475831, 0.034035820514, 0.0666609629989, 0.0735891386867, 0.0390610434115, 0.0759804919362, 0.0952649712563, 0.0448110960424, 0.0474811419845, 0.0659759938717, 0.0915819555521, 0.0939116403461, 0.109991058707, 0.0890457704663, 0.0526900924742, 0.0461586117744, 0.0374811477959, 0.0366837531328, 0.087085954845, 0.0836836248636, 0.0779870003462, 0.0964173749089, 0.0549221113324, 0.071481205523, 0.0706593841314, 0.0734421387315, 0.0761048421264, 0.0993567332625, 0.142191708088, 0.186376094818, 0.0944978967309, 0.121421098709, 0.114434346557]
        max: [1, 1, 0.964298903942, 1, 0.79284965992, 1, 1, 1, 1, 1, 0.931413710117, 1, 1, 1, 1, 1, 1, 0.963962256908, 1, 0.754577159882, 0.849097549915, 1, 1, 1, 1, 1, 1, 1, 1, 1, 1, 1, 1, 1, 1, 1]
        mean: [0.351109325886, 0.215770512819, 0.108581267297, 0.10702469945, 0.0933497175574, 0.129078581929, 0.162595391273, 0.139614000916, 0.147166207433, 0.129241645336, 0.096364185214, 0.196259588003, 0.294155567884, 0.22668454051, 0.300475329161, 0.474059641361, 0.320252269506, 0.107323475182, 0.0749670788646, 0.0677652880549, 0.132717296481, 0.231358200312, 0.181555762887, 0.13459636271, 0.150446012616, 0.125371530652, 0.185459971428, 0.226775497198, 0.162359759212, 0.161514177918, 0.180593147874, 0.153320461512, 0.163240596652, 0.170083656907, 0.165476948023, 0.275024086237]
        min: [0.0112765235826, 0.00764390919358, 0.00247713178396, 0.00113990809768, 0.000528393313289, 0.00169155106414, 0.00161550368648, 0.00370386312716, 0.000901403662283, 0.00393335428089, 0.00240621692501, 0.00362052838318, 0.00498266238719, 0.00593135505915, 0.00289812963456, 0.000983805162832, 0.00145185319707, 0.00211033085361, 0.00141915807035, 0.00160353782121, 0.00137130031362, 0.00174320163205, 0.00257215136662, 0.00212653190829, 0.00110982672777, 0.000818060187157, 0.00355632882565, 0.0058920471929, 0.00634391885251, 0.00168784486596, 0.000628391106147, 0.000913246942218, 0.00391247496009, 0.00122587452643, 0.00260767107829, 0.0127023523673]
        var: [0.118139952421, 0.0568356849253, 0.0201240517199, 0.0289593674242, 0.017134366557, 0.0297370031476, 0.0482781752944, 0.0295126885176, 0.0384966991842, 0.0302100889385, 0.015802025795, 0.0436297655106, 0.101748593152, 0.0561020076275, 0.0562463775277, 0.138451397419, 0.0841983258724, 0.0177528392524, 0.015594035387, 0.010931651108, 0.0238920059055, 0.0793887004256, 0.0493905879557, 0.041717056185, 0.0649481192231, 0.031084863469, 0.0423812940717, 0.0573631189764, 0.0411081127822, 0.0484494380653, 0.0641138330102, 0.0451659858227, 0.0545430593193, 0.0553724206984, 0.0461883470416, 0.0788449496031]
    chords_histogram: [25.5813961029, 6.97674417496, 20.9302330017, 4.65116262436, 0, 0, 0, 0, 0, 0, 0, 0, 0, 0, 0, 1.39534878731, 16.2790699005, 0, 0, 0, 0, 0, 24.1860466003, 0]
    thpcp: [1, 0.675552725792, 0.22639234364, 0.158138498664, 0.142946749926, 0.279959082603, 0.488036066294, 0.382980853319, 0.283922851086, 0.317356705666, 0.264463633299, 0.391216546297, 0.478369116783, 0.342488050461, 0.340704351664, 0.380950272083, 0.323420196772, 0.344346106052, 0.358781129122, 0.349063575268, 0.580146610737, 0.740643799305, 0.455154776573, 0.229045584798, 0.225762099028, 0.19691555202, 0.272283434868, 0.342985093594, 0.294507235289, 0.310438156128, 0.272627383471, 0.203274399042, 0.413997679949, 0.620503306389, 0.478177249432, 0.633834421635]
    chords_key: "D"
    chords_scale: "major"
    key_key: "D"
    key_scale: "major"
    chords_progression: ["F#m", "F#m", "A", "A", "A", "A", "A", "A", "A", "A", "A", "A", "F#m", "F#m", "F#m", "F#m", "F#m", "F#m", "F#m", "F#m", "F#m", "F#m", "F#m", "F#m", "F#m", "D", "D", "D", "D", "D", "D", "D", "D", "D", "D", "D", "D", "D", "D", "D", "D", "D", "D", "D", "D", "D", "D", "D", "D", "D", "D", "D", "D", "D", "D", "D", "D", "D", "D", "D", "D", "D", "D", "D", "D", "D", "D", "D", "D", "D", "D", "D", "D", "D", "D", "D", "D", "D", "D", "D", "A", "A", "A", "A", "A", "A", "A", "A", "A", "A", "A", "A", "A", "A", "A", "A", "A", "A", "A", "A", "A", "A", "A", "A", "A", "A", "A", "A", "A", "A", "A", "A", "C#m", "C#m", "C#m", "C#m", "C#m", "C#m", "C#m", "C#m", "C#m", "A", "A", "A", "C#m", "G", "G", "G", "G", "G", "G", "G", "G", "G", "G", "G", "G", "G", "G", "G", "G", "G", "G", "G", "G", "G", "G", "G", "G", "G", "G", "G", "G", "G", "G", "G", "G", "G", "G", "G", "G", "G", "G", "G", "G", "G", "G", "G", "G", "G", "G", "G", "G", "G", "G", "G", "G", "Gm", "Gm", "Gm", "A#", "A#", "A#", "A#", "A#", "A#", "A#", "A#", "A#", "A#", "A#", "A#", "A#", "A#", "A#", "A#", "A#", "A#", "A#", "A#", "A#", "A#", "A#", "A#", "A#", "A#", "A#", "A#", "A#", "A#", "A#", "A#", "A#", "A#", "A#"]
