
metadata:
    version:
        essentia: "1.2.2"
    audio_properties:
        analysis_sample_rate: 44100
        bitrate: 128
        channels: 2
        equal_loudness: 1
        length: 9.90040779114
        replay_gain: -10.6854515076
        downmix: "mix"
    tags:
        track: 30
        year: 0
        album: "Splitted by Mp3Splt v. 2.1"
        artist: "From 004.50 To 005.00"
        comment: "http://mp3splt.sf.net"
        genre: ""
        title: "11 Schoorille-While Dandy Was"

highlevel:
    ballroom:
        all:
            ChaChaCha: 0.139577969909
            Jive: 0.0773166567087
            Quickstep: 0.0189387444407
            Rumba-American: 0.0102739837021
            Rumba-International: 0.235626533628
            Rumba-Misc: 0.0445710718632
            Samba: 0.447110950947
            Tango: 0.00753219565377
            VienneseWaltz: 0.00760239362717
            Waltz: 0.0114495065063
        probability: 0.447110950947
        value: "Samba"
    culture:
        all:
            non_western: 0.294125020504
            western: 0.705874979496
        probability: 0.705874979496
        value: "western"
    gender:
        all:
            female: 0.899669885635
            male: 0.100330092013
        probability: 0.899669885635
        value: "female"
    genre_dortmund:
        all:
            alternative: 0.0177719183266
            blues: 0.0329720824957
            electronic: 0.149110287428
            folkcountry: 0.0282402876765
            funksoulrnb: 0.0280743204057
            jazz: 0.417130202055
            pop: 0.0422064624727
            raphiphop: 0.259523481131
            rock: 0.0249709691852
        probability: 0.417130202055
        value: "jazz"
    genre_electronica:
        all:
            ambient: 0.097735516727
            dnb: 0.0165842659771
            house: 0.802334189415
            techno: 0.0768122076988
            trance: 0.00653379224241
        probability: 0.802334189415
        value: "house"
    genre_rosamerica:
        all:
            cla: 0.0419072918594
            dan: 0.156630039215
            hip: 0.124669395387
            jaz: 0.0748224928975
            pop: 0.0207478571683
            rhy: 0.525649607182
            roc: 0.0124760093167
            spe: 0.0430972985923
        probability: 0.525649607182
        value: "rhy"
    genre_tzanetakis:
        all:
            blu: 0.0207964219153
            cla: 0.00668934732676
            cou: 0.00912399403751
            dis: 0.0162898413837
            hip: 0.748891890049
            jaz: 0.00665654754266
            met: 0.0105008948594
            pop: 0.0972179323435
            reg: 0.0509028956294
            roc: 0.0329302065074
        probability: 0.748891890049
        value: "hip"
    live_studio:
        all:
            live: 0.944753885269
            studio: 0.0552461259067
        probability: 0.944753885269
        value: "live"
    mood:
        all:
            Cluster1: 0.311377346516
            Cluster2: 0.237622141838
            Cluster3: 0.168342545629
            Cluster4: 0.0759048759937
            Cluster5: 0.206753104925
        probability: 0.311377346516
        value: "Cluster1"
    mood_acoustic:
        all:
            acoustic: 0.512143552303
            not_acoustic: 0.487856477499
        probability: 0.512143552303
        value: "acoustic"
    mood_aggressive:
        all:
            aggressive: 0.026946162805
            not_aggressive: 0.973053812981
        probability: 0.973053812981
        value: "not_aggressive"
    mood_electronic:
        all:
            electronic: 0.818711936474
            not_electronic: 0.181288033724
        probability: 0.818711936474
        value: "electronic"
    mood_happy:
        all:
            happy: 0.0293314196169
            not_happy: 0.970668554306
        probability: 0.970668554306
        value: "not_happy"
    mood_party:
        all:
            not_party: 0.578398287296
            party: 0.421601712704
        probability: 0.578398287296
        value: "not_party"
    mood_relaxed:
        all:
            not_relaxed: 0.0324598886073
            relaxed: 0.967540085316
        probability: 0.967540085316
        value: "relaxed"
    mood_sad:
        all:
            not_sad: 0.347869277
            sad: 0.652130723
        probability: 0.652130723
        value: "sad"
    rhythm:
        all:
            fast: 0.0220916178077
            medium: 0.854559600353
            slow: 0.123348802328
        probability: 0.854559600353
        value: "medium"
    speech_music:
        all:
            music: 0.988276004791
            speech: 0.0117240250111
        probability: 0.988276004791
        value: "music"
    timbre:
        all:
            bright: 0.126745328307
            dark: 0.873254656792
        probability: 0.873254656792
        value: "dark"
    voice_instrumental:
        all:
            instrumental: 0.878731012344
            voice: 0.121269010007
        probability: 0.878731012344
        value: "instrumental"

lowlevel:
    average_loudness: 0.937176704407
    barkbands_kurtosis:
        dmean: 6.24397611618
        dmean2: 9.64659881592
        dvar: 60.4325256348
        dvar2: 135.103134155
        max: 92.2204284668
        mean: 7.06917619705
        min: -1.93726420403
        var: 125.562362671
    barkbands_skewness:
        dmean: 1.08386611938
        dmean2: 1.66087436676
        dvar: 0.94699627161
        dvar2: 2.2559940815
        max: 9.15321922302
        mean: 1.88127374649
        min: -2.99279999733
        var: 2.92485809326
    barkbands_spread:
        dmean: 10.6948194504
        dmean2: 16.8626594543
        dvar: 110.211380005
        dvar2: 236.52897644
        max: 61.7477035522
        mean: 25.1022663116
        min: 2.0645596981
        var: 272.268585205
    dissonance:
        dmean: 0.0311693381518
        dmean2: 0.0485205687582
        dvar: 0.00110432936344
        dvar2: 0.00263004610315
        max: 0.499999791384
        mean: 0.44643124938
        min: 0.20045030117
        var: 0.00232142396271
    hfc:
        dmean: 1.22820842266
        dmean2: 2.05736994743
        dvar: 5.83347320557
        dvar2: 15.6128387451
        max: 20.4351844788
        mean: 1.32749509811
        min: 0.00146469299216
        var: 6.66047811508
    pitch:
        dmean: 805.90612793
        dmean2: 1583.31787109
        dvar: 1995729.375
        dvar2: 4372082
        max: 4410
        mean: 1607.18041992
        min: 51.1600914001
        var: 2933064
    pitch_instantaneous_confidence:
        dmean: 0.146643102169
        dmean2: 0.237143293023
        dvar: 0.0198952630162
        dvar2: 0.0444909594953
        max: 0.961753726006
        mean: 0.558182418346
        min: 0.129372596741
        var: 0.0415102392435
    pitch_salience:
        dmean: 0.114053122699
        dmean2: 0.183002203703
        dvar: 0.0101567618549
        dvar2: 0.0257588531822
        max: 0.957332968712
        mean: 0.584079384804
        min: 0.170245274901
        var: 0.0236293170601
    silence_rate_20dB:
        dmean: 0
        dmean2: 0
        dvar: 0
        dvar2: 0
        max: 1
        mean: 1
        min: 1
        var: 0
    silence_rate_30dB:
        dmean: 0
        dmean2: 0
        dvar: 0
        dvar2: 0
        max: 1
        mean: 1
        min: 1
        var: 0
    silence_rate_60dB:
        dmean: 0.122065730393
        dmean2: 0.244705885649
        dvar: 0.107165791094
        dvar2: 0.198942571878
        max: 1
        mean: 0.822014033794
        min: 0
        var: 0.146306157112
    spectral_centroid:
        dmean: 431.2137146
        dmean2: 685.708679199
        dvar: 228131.015625
        dvar2: 509559.84375
        max: 3837.96191406
        mean: 981.336181641
        min: 141.046295166
        var: 629369.125
    spectral_complexity:
        dmean: 1.65566039085
        dmean2: 2.72104024887
        dvar: 4.87200021744
        dvar2: 11.851275444
        max: 22
        mean: 3.16470599174
        min: 0
        var: 10.9752159119
    spectral_crest:
        dmean: 3.07148051262
        dmean2: 5.04304265976
        dvar: 7.67014455795
        dvar2: 19.2993373871
        max: 24.8798713684
        mean: 10.9633522034
        min: 3.79946208
        var: 16.4819602966
    spectral_decrease:
        dmean: 4.3914144543e-10
        dmean2: 7.5022499324e-10
        dvar: 1.23554065582e-18
        dvar2: 3.43901104811e-18
        max: -9.13169821877e-13
        mean: -5.07743347367e-10
        min: -8.96485374824e-09
        var: 1.04187565073e-18
    spectral_energy:
        dmean: 0.00175111740828
        dmean2: 0.00298868236132
        dvar: 1.8806913431e-05
        dvar2: 5.22595000803e-05
        max: 0.0356888622046
        mean: 0.0020367493853
        min: 3.57935914508e-06
        var: 1.61545849551e-05
    spectral_energyband_high:
        dmean: 6.35655233054e-05
        dmean2: 0.000110420493002
        dvar: 3.41805659332e-08
        dvar2: 8.59095621308e-08
        max: 0.00198585377075
        mean: 6.23691812507e-05
        min: 3.79801683437e-08
        var: 4.72886583225e-08
    spectral_energyband_low:
        dmean: 0.000369268760551
        dmean2: 0.000653183844406
        dvar: 1.57676424806e-06
        dvar2: 4.51560936199e-06
        max: 0.00901883654296
        mean: 0.000302063999698
        min: 1.50387833742e-07
        var: 9.99949065772e-07
    spectral_energyband_middle_high:
        dmean: 0.000257825711742
        dmean2: 0.000444870005595
        dvar: 4.04821236089e-07
        dvar2: 1.05980780063e-06
        max: 0.00653844885528
        mean: 0.000239960398176
        min: 1.86003958902e-07
        var: 3.62207543958e-07
    spectral_energyband_middle_low:
        dmean: 0.00119971344247
        dmean2: 0.00202073063701
        dvar: 1.01601044662e-05
        dvar2: 2.7876418244e-05
        max: 0.0301366467029
        mean: 0.00143213057891
        min: 2.24149925998e-06
        var: 8.89727562026e-06
    spectral_flatness_db:
        dmean: 0.0375578440726
        dmean2: 0.0565034858882
        dvar: 0.00105689745396
        dvar2: 0.00243408232927
        max: 0.344565838575
        mean: 0.197159618139
        min: 0.0981611758471
        var: 0.00292695360258
    spectral_flux:
        dmean: 0.0130862314254
        dmean2: 0.0214634891599
        dvar: 0.000491402577609
        dvar2: 0.000887563626748
        max: 0.156813368201
        mean: 0.0240358896554
        min: 0.00262370402925
        var: 0.000682597630657
    spectral_kurtosis:
        dmean: 2.85572719574
        dmean2: 4.53161001205
        dvar: 13.0014762878
        dvar2: 32.323841095
        max: 35.8827896118
        mean: 5.03459310532
        min: -0.402860403061
        var: 23.4341907501
    spectral_rms:
        dmean: 0.000451254541986
        dmean2: 0.000724163022824
        dvar: 5.23913570305e-07
        dvar2: 1.35612299346e-06
        max: 0.00590071221814
        mean: 0.00108170078602
        min: 5.90936360823e-05
        var: 8.1699505472e-07
    spectral_rolloff:
        dmean: 936.744567871
        dmean2: 1668.89929199
        dvar: 1543696.875
        dvar2: 3316362
        max: 7149.0234375
        mean: 1850.23486328
        min: 64.599609375
        var: 2556587.75
    spectral_skewness:
        dmean: 0.451705366373
        dmean2: 0.671325325966
        dvar: 0.214311659336
        dvar2: 0.471456229687
        max: 4.98472547531
        mean: 1.71164774895
        min: 0.502501606941
        var: 0.566712081432
    spectral_spread:
        dmean: 844221.8125
        dmean2: 1249749.25
        dvar: 663658692608
        dvar2: 1.26783468339e+12
        max: 10681744
        mean: 4820406
        min: 1528275.125
        var: 1.93992602419e+12
    spectral_strongpeak:
        dmean: 0.180847167969
        dmean2: 0.296336531639
        dvar: 0.096250243485
        dvar2: 0.217144116759
        max: 3.14072227478
        mean: 0.254201740026
        min: 0.00117890315596
        var: 0.120452046394
    zerocrossingrate:
        dmean: 0.0152564859018
        dmean2: 0.0166950635612
        dvar: 0.000156613139552
        dvar2: 0.000183389201993
        max: 0.1767578125
        mean: 0.0688936114311
        min: 0.00537109375
        var: 0.00164008687716
    barkbands:
        dmean: [3.20732647197e-06, 0.000127300809254, 0.000256508064922, 0.000324509746861, 0.000584773777518, 0.000180655217264, 0.000160616225912, 2.72838587989e-05, 2.44285765802e-05, 3.11384828819e-05, 8.76717695064e-06, 1.03007123471e-05, 9.5100776889e-06, 1.05890212581e-05, 1.13751211757e-05, 3.65450323443e-05, 3.43848987541e-05, 3.16249061143e-05, 7.81264607213e-05, 5.98912774876e-05, 2.44621605816e-05, 7.5740858847e-06, 2.92723007078e-06, 7.30764099899e-07, 3.31850856128e-07, 9.43791977903e-09, 1.07561362594e-10]
        dmean2: [4.34416506323e-06, 0.000231686688494, 0.000467761507025, 0.000583822838962, 0.000987795065157, 0.000300223677186, 0.000246663170401, 4.15116410295e-05, 3.94415874325e-05, 4.97380424349e-05, 1.42337648867e-05, 1.75743061845e-05, 1.63870117831e-05, 1.95916818484e-05, 1.92215065908e-05, 6.52263843222e-05, 5.94411685597e-05, 5.85717134527e-05, 0.000131090506329, 0.000109339445771, 4.33241912106e-05, 1.34753636303e-05, 4.59836928712e-06, 1.14549823138e-06, 5.22848040418e-07, 1.73641545587e-08, 1.97428157156e-10]
        dvar: [6.18205348024e-11, 2.03805427645e-07, 7.64653123042e-07, 1.08884194105e-06, 3.26361146108e-06, 2.10016850133e-07, 2.86469884259e-07, 3.18244119946e-09, 3.20330362236e-09, 1.10772973017e-08, 5.236403533e-10, 1.15865794736e-09, 5.05493757963e-10, 2.45621722961e-09, 1.20825793815e-09, 4.21991046551e-08, 2.11473967227e-08, 9.33535293512e-09, 2.80869230096e-08, 3.12483230402e-08, 5.79333736539e-09, 6.16409756571e-10, 5.73867273146e-11, 2.23811594258e-12, 3.56978769461e-13, 6.85725898603e-16, 8.76452401222e-20]
        dvar2: [1.3534140475e-10, 5.87637316585e-07, 2.18120430873e-06, 3.07563232127e-06, 8.84642759047e-06, 5.52308847546e-07, 6.94077414209e-07, 7.02591895774e-09, 7.60873142269e-09, 2.75812777062e-08, 9.07470709688e-10, 2.96387203669e-09, 1.27037580455e-09, 6.68969946105e-09, 3.17111381598e-09, 1.15357572383e-07, 5.10649194041e-08, 2.80351226678e-08, 8.29957329529e-08, 9.25372205529e-08, 1.48663996669e-08, 1.58526791694e-09, 1.34636829463e-10, 5.19755722836e-12, 9.17132255557e-13, 1.89010764674e-15, 2.73763695531e-19]
        max: [6.90668675816e-05, 0.00317153939977, 0.00643840059638, 0.0108482018113, 0.0225750301033, 0.00379039440304, 0.00655080378056, 0.000549669901375, 0.000875986763276, 0.00104167044628, 0.000390902278014, 0.000449295999715, 0.000173914668267, 0.000682986690663, 0.000470263243187, 0.0030486388132, 0.00213075778447, 0.000963414728176, 0.00131061440334, 0.00141270970926, 0.000884090084583, 0.000257167790551, 0.00010092723096, 1.78741374839e-05, 5.40551536687e-06, 1.97621758957e-07, 3.17049519971e-09]
        mean: [3.77273840968e-06, 9.98475588858e-05, 0.000198670153623, 0.000332360272296, 0.000675679417327, 0.000189937927644, 0.000173970649485, 3.30601251335e-05, 2.55675258813e-05, 2.60200176854e-05, 9.16010776564e-06, 8.21678713692e-06, 7.63600201026e-06, 7.92618175183e-06, 1.06195448097e-05, 2.65121834673e-05, 2.68129660981e-05, 2.4461411158e-05, 7.49387909309e-05, 4.90766906296e-05, 2.22775161092e-05, 6.23884670858e-06, 2.97120232062e-06, 7.08517006842e-07, 3.00357754668e-07, 7.14599934781e-09, 7.98866389706e-11]
        min: [3.50648572678e-11, 6.61486820874e-09, 1.02450115946e-07, 5.63774236184e-08, 4.91477976539e-07, 8.73574705906e-08, 4.81063828772e-08, 1.31748656429e-08, 3.50767059842e-08, 3.04628215986e-08, 5.46977263483e-09, 1.03439212751e-08, 1.02433306282e-08, 9.26901044807e-09, 8.27978041684e-09, 3.1530864586e-09, 5.35999022944e-09, 4.77931694221e-09, 6.92645443223e-08, 3.49846018821e-08, 1.62849556062e-08, 6.50786580181e-09, 9.07828145991e-10, 5.06734043615e-10, 1.27666988092e-09, 7.57310793936e-12, 1.89245286922e-14]
        var: [8.39453229151e-11, 1.23480617731e-07, 4.83173380417e-07, 8.86502277808e-07, 3.17189892485e-06, 1.82972542007e-07, 3.20052180314e-07, 4.62210225649e-09, 3.40936079368e-09, 9.5317957971e-09, 8.72104555238e-10, 8.87773743408e-10, 4.27069185571e-10, 1.61726820824e-09, 1.38086564405e-09, 2.76783627129e-08, 1.78492918224e-08, 7.63263052761e-09, 2.28774315048e-08, 2.55438994401e-08, 6.89562140721e-09, 6.09379324779e-10, 6.48158263172e-11, 3.10711200692e-12, 3.76473402149e-13, 5.6014034692e-16, 6.02070194313e-20]
    mfcc:
        mean: [-854.620117188, 123.603134155, 1.52523815632, 63.6778945923, -10.5023641586, -8.83678150177, 4.3448138237, -6.23632049561, -16.0089893341, 2.73069381714, -13.1340990067, -11.5118465424, -2.30008268356]
        cov: [[6322.5625, 702.323913574, -757.158996582, -184.981826782, -117.446792603, -101.092895508, -350.297576904, -141.563583374, 206.504364014, -260.940155029, 19.3236312866, 189.585296631, -51.975227356], [702.323913574, 1531.69873047, 90.1873168945, 7.32355928421, 5.07712459564, -57.1586723328, -161.652679443, -10.2085371017, 70.5088119507, 26.5966930389, 32.3067245483, 120.565200806, 32.7375984192], [-757.158996582, 90.1873168945, 513.155090332, 24.3896446228, 16.5370960236, 12.2835769653, 28.6458206177, 51.1208992004, -85.4989242554, 100.405586243, -19.611530304, -16.7588539124, 8.70797538757], [-184.981826782, 7.32355928421, 24.3896446228, 446.248413086, 24.7363605499, 3.24696850777, 48.2086029053, -4.70699310303, 17.9427108765, -26.485004425, 29.3264026642, -3.09107327461, -7.61761856079], [-117.446792603, 5.07712459564, 16.5370960236, 24.7363605499, 274.775634766, -34.1437797546, -17.5471324921, 36.6741027832, 5.37692928314, 46.480140686, -31.8304252625, 23.3893909454, 20.7138309479], [-101.092895508, -57.1586723328, 12.2835769653, 3.24696850777, -34.1437797546, 229.127304077, 10.1240005493, 20.1214923859, 52.4687347412, -24.7384815216, 20.6799678802, 12.3270616531, -22.2895755768], [-350.297576904, -161.652679443, 28.6458206177, 48.2086029053, -17.5471324921, 10.1240005493, 250.104293823, -3.30887985229, -2.4646999836, 27.0662708282, 32.1129188538, -38.057888031, 8.82522964478], [-141.563583374, -10.2085371017, 51.1208992004, -4.70699310303, 36.6741027832, 20.1214923859, -3.30887985229, 110.717247009, -9.29186725616, 41.0698699951, -11.6608448029, 11.7927904129, 3.81501626968], [206.504364014, 70.5088119507, -85.4989242554, 17.9427108765, 5.37692928314, 52.4687347412, -2.4646999836, -9.29186725616, 115.712860107, -30.4473209381, 27.7009830475, 28.9682483673, -0.476143211126], [-260.940155029, 26.5966930389, 100.405586243, -26.485004425, 46.480140686, -24.7384815216, 27.0662708282, 41.0698699951, -30.4473209381, 114.507240295, -17.3470745087, 1.40362036228, 28.8745765686], [19.3236312866, 32.3067245483, -19.611530304, 29.3264026642, -31.8304252625, 20.6799678802, 32.1129188538, -11.6608448029, 27.7009830475, -17.3470745087, 62.8095550537, -3.96583366394, 1.05776059628], [189.585296631, 120.565200806, -16.7588539124, -3.09107327461, 23.3893909454, 12.3270616531, -38.057888031, 11.7927904129, 28.9682483673, 1.40362036228, -3.96583366394, 74.5764465332, 1.76079165936], [-51.975227356, 32.7375984192, 8.70797538757, -7.61761856079, 20.7138309479, -22.2895755768, 8.82522964478, 3.81501626968, -0.476143211126, 28.8745765686, 1.05776059628, 1.76079165936, 58.8728675842]]
        icov: [[0.000240269713686, -7.71601116867e-05, 0.000263533787802, 8.11006175354e-05, 8.85585104697e-05, 0.00015276906197, 0.000149926810991, 7.00322707416e-05, -0.000115724222269, 0.000238359119976, 3.25137516484e-05, -0.000371681991965, 0.000118899588415], [-7.71601116867e-05, 0.000920611026231, -0.00040596848703, -5.25991999893e-05, 0.000127752544358, 0.000368530047126, 0.000522977730725, 0.000222370086703, -0.000502255221363, -0.000386546133086, -0.000783647003118, -0.00108722399455, -0.000292913173325], [0.000263533787802, -0.00040596848703, 0.00313192186877, -0.000247221003519, 0.000141160649946, -0.00069905736018, 3.20527105941e-05, -0.000244046997977, 0.00187849544454, -0.00186959956773, 0.000112916808575, 0.000103816244518, 0.000586863257922], [8.11006175354e-05, -5.25991999893e-05, -0.000247221003519, 0.00250136922114, -0.000455770234112, 0.0002571696823, -0.000453767803265, -0.000111660505354, -0.000232679652981, 0.00110747676808, -0.000954454473685, -0.00017411466979, 0.000271355209406], [8.85585104697e-05, 0.000127752544358, 0.000141160649946, -0.000455770234112, 0.00456843012944, 0.000756969617214, 0.000290908210445, -0.000859399791807, -0.00126227771398, -0.00133207789622, 0.00205660867505, -0.00105008203536, -0.000743818061892], [0.00015276906197, 0.000368530047126, -0.00069905736018, 0.0002571696823, 0.000756969617214, 0.00592176988721, 3.215264951e-05, -0.00146046455484, -0.00316324899904, 0.00105667754542, -0.000830621866044, -0.000973353802692, 0.0016323128948], [0.000149926810991, 0.000522977730725, 3.20527105941e-05, -0.000453767803265, 0.000290908210445, 3.215264951e-05, 0.005478376057, 0.000534066872206, -0.000597609207034, -0.00208732765168, -0.00287412852049, 0.00149843597319, -0.000142187651363], [7.00322707416e-05, 0.000222370086703, -0.000244046997977, -0.000111660505354, -0.000859399791807, -0.00146046455484, 0.000534066872206, 0.0115108555183, 0.000561345252208, -0.00392779195681, 0.000289865769446, -0.00178279844113, 0.000862345506903], [-0.000115724222269, -0.000502255221363, 0.00187849544454, -0.000232679652981, -0.00126227771398, -0.00316324899904, -0.000597609207034, 0.000561345252208, 0.014496607706, 0.00146726635285, -0.00440785754472, -0.00382007937878, -0.00124006706756], [0.000238359119976, -0.000386546133086, -0.00186959956773, 0.00110747676808, -0.00133207789622, 0.00105667754542, -0.00208732765168, -0.00392779195681, 0.00146726635285, 0.0160737354308, 0.00215142057277, -0.00118224567268, -0.00559351826087], [3.25137516484e-05, -0.000783647003118, 0.000112916808575, -0.000954454473685, 0.00205660867505, -0.000830621866044, -0.00287412852049, 0.000289865769446, -0.00440785754472, 0.00215142057277, 0.0223331842571, 0.00205289642327, -0.00185523123946], [-0.000371681991965, -0.00108722399455, 0.000103816244518, -0.00017411466979, -0.00105008203536, -0.000973353802692, 0.00149843597319, -0.00178279844113, -0.00382007937878, -0.00118224567268, 0.00205289642327, 0.0192782748491, 6.58853532514e-05], [0.000118899588415, -0.000292913173325, 0.000586863257922, 0.000271355209406, -0.000743818061892, 0.0016323128948, -0.000142187651363, 0.000862345506903, -0.00124006706756, -0.00559351826087, -0.00185523123946, 6.58853532514e-05, 0.0208117607981]]
    spectral_contrast:
        mean: [1.59530078037e-09, -1.00933455371e-07, 3.16669400036e-07, -1.92172393554e-07, -3.19375715208e-07, 1.96520019813e-07, 5.77081664233e-06, 1.38317841447e-06, 3.19698278872e-06, 2.15509362533e-06, -7.10627602984e-07, -2.65906828645e-06]
        var: [0.000721891934518, 0.00108644529246, 0.00124770053662, 0.00255624088459, 0.00350807025097, 0.0125384749845, 0.0729255527258, 0.129901275039, 0.165785878897, 0.361414372921, 1.19757819176, 3.99770307541]

rhythm:
    beats_loudness:
        dmean: 0.00207597948611
        dmean2: 0.0038046000991
        dvar: 4.77666662846e-06
        dvar2: 6.44665396976e-06
        max: 0.00986406300217
        mean: 0.00272187194787
        min: 9.81064367807e-05
        var: 7.10893573341e-06
    beats_loudness_bass:
        dmean: 0.216354161501
        dmean2: 0.353866130114
        dvar: 0.039471141994
        dvar2: 0.111468307674
        max: 0.846783041954
        mean: 0.323835909367
        min: 0.0101039940491
        var: 0.0483985282481
    bpm: 130.855377197
    bpm_confidence: 0
    first_peak_bpm: 131
    first_peak_spread: 0
    first_peak_weight: 0.521739125252
    onset_rate: 7.2724275589
    second_peak_bpm: 175
    second_peak_spread: 0
    second_peak_weight: 0.434782594442
    beats_position: [0.102987639606, 0.56150919199, 1.02003073692, 1.47855222225, 1.93707370758, 2.39559531212, 2.85411667824, 3.31263804436, 3.7711596489, 4.22968101501, 4.68820238113, 5.14672374725, 5.60524559021, 6.08534002304, 6.42914104462, 6.77294254303, 7.11674356461, 7.46054553986, 7.80434656143, 8.14814758301, 8.49194812775, 8.83574962616, 9.17955112457, 9.52335262299]
    bpm_estimates: [130.8697052, 130.941238403, 130.850784302, 130.866867065, 130.748291016]
    bpm_intervals: [0.458521544933, 0.458521544933, 0.458521485329, 0.458521485329, 0.458521604538, 0.458521366119, 0.458521366119, 0.458521604538, 0.458521366119, 0.458521366119, 0.458521366119, 0.458521842957, 0.480094432831, 0.343801021576, 0.343801498413, 0.343801021576, 0.34380197525, 0.343801021576, 0.343801021576, 0.343800544739, 0.343801498413, 0.343801498413, 0.343801498413]
    onset_times: [0.0812698379159, 0.208979591727, 0.325079351664, 0.429569154978, 0.557278931141, 0.661768734455, 0.789478480816, 1.01006805897, 1.1261677742, 1.25387752056, 1.35836732388, 1.47446715832, 1.59056687355, 1.82276642323, 1.93886625767, 2.0549659729, 2.17106580734, 2.27555561066, 2.40326523781, 2.50775504112, 2.62385487556, 2.73995471001, 2.85605430603, 3.11147403717, 3.30884361267, 3.43655323982, 3.77324271202, 3.88934230804, 4.14476203918, 4.23764181137, 4.35374164581, 4.46984148026, 4.69043064117, 4.81814050674, 4.93424034119, 5.05034017563, 5.16644001007, 5.27092981339, 5.50312948227, 5.53795909882, 5.75854873657, 5.85142850876, 5.9675283432, 6.11845827103, 6.19972801208, 6.31582784653, 6.44353723526, 6.53641700745, 6.66412687302, 6.79183673859, 6.8963265419, 7.00081634521, 7.11691617966, 7.36072540283, 7.45360565186, 7.69741487503, 7.81351470947, 7.94122457504, 8.04571437836, 8.16181373596, 8.26630401611, 8.498503685, 8.6146030426, 8.76553249359, 8.84680271149, 8.96290206909, 9.19510173798, 9.42730140686, 9.54340171814, 9.64789104462, 9.78721046448, 9.8800907135]
    rubato_start: [6.42914104462]
    rubato_stop: [6.77294254303]
    perceptual_tempo: "unknown"

sfx:
    inharmonicity:
        dmean: 0.0379820391536
        dmean2: 0.0675950944424
        dvar: 0.00230967625976
        dvar2: 0.00617612944916
        max: 0.332651138306
        mean: 0.0364928022027
        min: 0
        var: 0.00244404748082
    oddtoevenharmonicenergyratio:
        dmean: 25.0650978088
        dmean2: 46.6562232971
        dvar: 7189.66748047
        dvar2: 20002.6777344
        max: 816.598266602
        mean: 15.3514375687
        min: 0
        var: 4921.28369141
    pitch_after_max_to_before_max_energy_ratio: 1.86328577995
    pitch_centroid: 221.56137085
    pitch_max_to_total: 0.374117642641
    pitch_min_to_total: 0.934117674828
    tristimulus:
        dmean: [0.252388119698, 0.302829027176, 0.128962263465]
        dmean2: [0.432684630156, 0.54683983326, 0.23649905622]
        dvar: [0.0510759390891, 0.07356518507, 0.034219391644]
        dvar2: [0.124545417726, 0.190001264215, 0.0961209759116]
        max: [1, 0.974569559097, 0.789055049419]
        mean: [0.433462709188, 0.371023267508, 0.10211866349]
        min: [0.0169100351632, 0, 0]
        var: [0.0926356166601, 0.0928729102015, 0.0303516406566]

tonal:
    chords_changes_rate: 0.130841121078
    chords_number_rate: 0.0233644861728
    chords_strength:
        dmean: 0.011728240177
        dmean2: 0.0138156618923
        dvar: 9.3548798759e-05
        dvar2: 9.76377850748e-05
        max: 0.601274132729
        mean: 0.448578119278
        min: 0.307261824608
        var: 0.00433180155233
    key_strength: 0.476167172194
    tuning_diatonic_strength: 0.286165058613
    tuning_equal_tempered_deviation: 0.130677863955
    tuning_frequency: 438.731048584
    tuning_nontempered_energy_ratio: 0.866109848022
    hpcp:
        dmean: [0.183243662119, 0.177772447467, 0.234140262008, 0.202176019549, 0.10459895432, 0.0919818803668, 0.0844797119498, 0.109268158674, 0.144272908568, 0.141106948256, 0.136565968394, 0.139692485332, 0.142829880118, 0.119197368622, 0.122566573322, 0.118692204356, 0.139660537243, 0.145834982395, 0.10485959053, 0.102708548307, 0.127147361636, 0.0905379280448, 0.0635000318289, 0.0720071196556, 0.0855316892266, 0.136289253831, 0.210450559855, 0.238823384047, 0.216421991587, 0.149598374963, 0.137925237417, 0.131095275283, 0.114371471107, 0.116325393319, 0.145945340395, 0.221173152328]
        dmean2: [0.299764156342, 0.299862623215, 0.410146653652, 0.361721754074, 0.190741807222, 0.167788490653, 0.15477450192, 0.198385700583, 0.241834297776, 0.242811813951, 0.241716891527, 0.2466994524, 0.24688591063, 0.212068215013, 0.200415149331, 0.190150380135, 0.247641563416, 0.273088783026, 0.183292120695, 0.181564241648, 0.228481724858, 0.155978396535, 0.108435310423, 0.129248067737, 0.155950784683, 0.244190648198, 0.364043295383, 0.401564717293, 0.383252054453, 0.267877101898, 0.238156989217, 0.234493464231, 0.198386102915, 0.207479715347, 0.249147102237, 0.391547352076]
        dvar: [0.0507952459157, 0.0392910689116, 0.0685048699379, 0.0517293736339, 0.0288025233895, 0.0341065563262, 0.0256794895977, 0.0292592737824, 0.0367904528975, 0.0415567532182, 0.0337543487549, 0.041964225471, 0.0435023717582, 0.0337424241006, 0.0299122147262, 0.0447618849576, 0.0435582920909, 0.065573848784, 0.0376200303435, 0.027973536402, 0.0369645431638, 0.0187970735133, 0.0218119546771, 0.0236661415547, 0.0319881848991, 0.03713690117, 0.0558687858284, 0.0760266780853, 0.067044146359, 0.0402111299336, 0.0461128652096, 0.0363659784198, 0.0359565354884, 0.0443986803293, 0.0392262861133, 0.0682533457875]
        dvar2: [0.1074295789, 0.0957307741046, 0.156508028507, 0.13071668148, 0.0821242034435, 0.0962985679507, 0.0754861086607, 0.0773396939039, 0.0873679369688, 0.100047163665, 0.093801625073, 0.110250525177, 0.108501054347, 0.0921895653009, 0.0685494467616, 0.0898638963699, 0.115611940622, 0.195162132382, 0.108311727643, 0.0787347778678, 0.115443602204, 0.0448141172528, 0.0507545657456, 0.0708347707987, 0.0867448151112, 0.102234832942, 0.142957374454, 0.163012236357, 0.185710579157, 0.102914810181, 0.117574341595, 0.103896483779, 0.0901908501983, 0.104317173362, 0.0957091450691, 0.159062504768]
        max: [1, 1, 1, 1, 0.930048584938, 1, 0.924491941929, 0.887896716595, 1, 1, 0.935707509518, 1, 1, 0.958285987377, 1, 1, 1, 1, 1, 1, 1, 0.856408894062, 1, 1, 1, 1, 1, 1, 1, 1, 1, 0.874939322472, 1, 1, 1, 1]
        mean: [0.307330489159, 0.2658418715, 0.314494788647, 0.241469532251, 0.0920484960079, 0.0664797350764, 0.0657882839441, 0.0989835560322, 0.179585888982, 0.200046345592, 0.132597997785, 0.129812657833, 0.149773061275, 0.105419039726, 0.126028448343, 0.169767007232, 0.136703550816, 0.109535776079, 0.104664847255, 0.110353559256, 0.111164487898, 0.0814388543367, 0.0520900934935, 0.0518372431397, 0.0682040378451, 0.109145633876, 0.264803797007, 0.34084302187, 0.212049230933, 0.141310334206, 0.143695428967, 0.114964023232, 0.121200688183, 0.144805893302, 0.147692337632, 0.247861742973]
        min: [0, 0.00176560541149, 0.000490525562782, 0.000215874897549, 0.000202007213375, 0, 0, 0.000212900718907, 0.000580109481234, 0.000699076859746, 0.000561682099942, 0.000403477693908, 0.000489774683956, 0.000355828175088, 6.39763457002e-05, 0, 0, 0, 0, 0, 0.000168398706592, 0.000210852565942, 0.000137359180371, 0.000128202023916, 0.000122466721223, 0.000427343911724, 0.000160800584126, 1.86462093552e-05, 0, 0.000283648900222, 0.000394236732973, 0.000274309655651, 0.000269616983132, 0, 0, 0]
        var: [0.120262056589, 0.0784310847521, 0.119304023683, 0.0782910361886, 0.0219897236675, 0.0234774369746, 0.0172751490027, 0.0247579552233, 0.0574737414718, 0.0879717022181, 0.0389255434275, 0.0399015061557, 0.0530778057873, 0.0282262638211, 0.0459486208856, 0.0910697504878, 0.0528611503541, 0.0494819395244, 0.0408209711313, 0.0372790358961, 0.0311251301318, 0.0166236050427, 0.0163432322443, 0.0161084234715, 0.0268313549459, 0.0309480410069, 0.0858437940478, 0.13467118144, 0.0718015357852, 0.0442353002727, 0.0595801249146, 0.0324515551329, 0.0493924282491, 0.0759029388428, 0.0501465834677, 0.0919562801719]
    chords_histogram: [30.3738327026, 0, 0, 0, 0, 0, 0, 0, 0, 0, 0.467289716005, 0, 0, 0, 0, 0, 7.47663545609, 48.5981292725, 3.73831772804, 0, 0, 0, 0, 9.34579467773]
    thpcp: [1, 0.622131645679, 0.414590656757, 0.421588301659, 0.337293177843, 0.355590939522, 0.424846291542, 0.433314830065, 0.727202057838, 0.901677489281, 0.779953956604, 0.922696888447, 0.708447933197, 0.270061254501, 0.195045024157, 0.193016380072, 0.290408045053, 0.526887357235, 0.586916387081, 0.389029532671, 0.380857616663, 0.439419478178, 0.309289127588, 0.369755119085, 0.498079746962, 0.401074796915, 0.321367233992, 0.307076394558, 0.32376652956, 0.326145708561, 0.238933607936, 0.152827233076, 0.152085393667, 0.200103953481, 0.320222586393, 0.776908397675]
    chords_key: "F"
    chords_scale: "major"
    key_key: "F#"
    key_scale: "minor"
    chords_progression: ["D", "D", "D", "D", "D", "D", "D", "D", "F#m", "F#m", "F#m", "F#m", "F#m", "F#m", "F#m", "F#m", "F#m", "F#m", "F#m", "F#m", "F#m", "F#m", "F#m", "F#m", "F#m", "F", "F", "F", "F", "F", "F", "F", "F", "F", "F", "F", "F", "F", "F", "F", "F", "F", "F", "F", "F", "F", "F", "F", "F", "F", "F", "F", "F", "F", "F", "F", "F", "F", "F", "F", "F", "F", "F#m", "F#m", "F", "F#m", "F", "F#m", "F#m", "F#m", "F#m", "F#m", "F#m", "F#m", "F#m", "F#m", "F#m", "F#m", "F#m", "F#m", "F#m", "F#m", "F#m", "F#m", "F#m", "F#m", "F#m", "F#m", "F#m", "F#m", "F#m", "F#m", "F#m", "F#m", "F#m", "F#m", "F#m", "F#m", "F#m", "F#m", "F#m", "F", "F", "F", "F", "F", "F", "F", "F", "F", "F#m", "F", "F", "F", "F", "F", "F", "F", "F", "F", "F", "D", "D", "D", "F", "F", "F", "F", "F", "F", "F", "F", "F", "F", "F", "F", "F", "F", "F", "Dm", "Dm", "Dm", "Dm", "Dm", "Dm", "Dm", "Dm", "D", "Dm", "Dm", "Dm", "Dm", "Dm", "Dm", "D", "F#m", "F#m", "F#m", "F#m", "D", "D", "D", "D", "F", "F", "F", "F", "F", "Dm", "Dm", "F", "F", "F", "D", "D", "F", "F", "F", "F", "D", "F", "F", "F", "F", "F", "F", "F", "F", "F", "F", "F", "F", "F", "F", "F", "F", "F", "F", "F", "Am", "Am", "Am", "Am", "Am", "Am", "Am", "Am", "F#m", "F#m", "F#m", "F#m", "F#m", "F#m", "Fm"]
