
metadata:
    version:
        essentia: "1.2.2"
    audio_properties:
        analysis_sample_rate: 44100
        bitrate: 128
        channels: 2
        equal_loudness: 1
        length: 10.0048980713
        replay_gain: -14.2949542999
        downmix: "mix"
    tags:
        track: 18
        year: 0
        album: "Splitted by Mp3Splt v. 2.1"
        artist: "From 002.50 To 003.00"
        comment: "http://mp3splt.sf.net"
        genre: ""
        title: "02 Temper, Temper.mp3"

highlevel:
    ballroom:
        all:
            ChaChaCha: 0.157341554761
            Jive: 0.221002563834
            Quickstep: 0.0199135113508
            Rumba-American: 0.000417382252635
            Rumba-International: 0.00233589229174
            Rumba-Misc: 0.00047908819397
            Samba: 0.597108602524
            Tango: 0.000573496392462
            VienneseWaltz: 0.000455489178421
            Waltz: 0.000372394832084
        probability: 0.597108602524
        value: "Samba"
    culture:
        all:
            non_western: 0.0148538975045
            western: 0.985146105289
        probability: 0.985146105289
        value: "western"
    gender:
        all:
            female: 0.118834652007
            male: 0.881165325642
        probability: 0.881165325642
        value: "male"
    genre_dortmund:
        all:
            alternative: 0.00129042752087
            blues: 0.000873666722327
            electronic: 0.0334144160151
            folkcountry: 0.000456628942629
            funksoulrnb: 0.00423818035051
            jazz: 0.0026382135693
            pop: 0.00178247259464
            raphiphop: 0.928036153316
            rock: 0.0272698588669
        probability: 0.928036153316
        value: "raphiphop"
    genre_electronica:
        all:
            ambient: 0.117036134005
            dnb: 0.242249116302
            house: 0.342830300331
            techno: 0.270904898643
            trance: 0.0269795432687
        probability: 0.342830300331
        value: "house"
    genre_rosamerica:
        all:
            cla: 0.000919395359233
            dan: 0.0148559082299
            hip: 0.966272294521
            jaz: 0.000821146066301
            pop: 0.00166383152828
            rhy: 0.00312690483406
            roc: 0.00977348629385
            spe: 0.00256705074571
        probability: 0.966272294521
        value: "hip"
    genre_tzanetakis:
        all:
            blu: 0.000616243982222
            cla: 0.000985551974736
            cou: 0.000669451139402
            dis: 0.0104841478169
            hip: 0.866313815117
            jaz: 0.000345232139807
            met: 0.0129172867164
            pop: 0.0574938207865
            reg: 0.046865016222
            roc: 0.00330945523456
        probability: 0.866313815117
        value: "hip"
    live_studio:
        all:
            live: 0.00828102789819
            studio: 0.991718947887
        probability: 0.991718947887
        value: "studio"
    mood:
        all:
            Cluster1: 0.161232724786
            Cluster2: 0.0395870432258
            Cluster3: 0.00178328785114
            Cluster4: 0.025737689808
            Cluster5: 0.771659255028
        probability: 0.771659255028
        value: "Cluster5"
    mood_acoustic:
        all:
            acoustic: 0.00420543784276
            not_acoustic: 0.995794534683
        probability: 0.995794534683
        value: "not_acoustic"
    mood_aggressive:
        all:
            aggressive: 0.941883802414
            not_aggressive: 0.0581162013113
        probability: 0.941883802414
        value: "aggressive"
    mood_electronic:
        all:
            electronic: 0.96021014452
            not_electronic: 0.0397898815572
        probability: 0.96021014452
        value: "electronic"
    mood_happy:
        all:
            happy: 0.175489142537
            not_happy: 0.824510872364
        probability: 0.824510872364
        value: "not_happy"
    mood_party:
        all:
            not_party: 0.0333460234106
            party: 0.966654002666
        probability: 0.966654002666
        value: "party"
    mood_relaxed:
        all:
            not_relaxed: 0.92074739933
            relaxed: 0.0792526230216
        probability: 0.92074739933
        value: "not_relaxed"
    mood_sad:
        all:
            not_sad: 0.999244987965
            sad: 0.000755004759412
        probability: 0.999244987965
        value: "not_sad"
    rhythm:
        all:
            fast: 0.134630799294
            medium: 0.853673577309
            slow: 0.0116956057027
        probability: 0.853673577309
        value: "medium"
    speech_music:
        all:
            music: 0.995522856712
            speech: 0.00447716284543
        probability: 0.995522856712
        value: "music"
    timbre:
        all:
            bright: 0.00302446330898
            dark: 0.996975541115
        probability: 0.996975541115
        value: "dark"
    voice_instrumental:
        all:
            instrumental: 0.221589893103
            voice: 0.7784101367
        probability: 0.7784101367
        value: "voice"

lowlevel:
    average_loudness: 0.969650447369
    barkbands_kurtosis:
        dmean: 3.06956028938
        dmean2: 4.94199752808
        dvar: 26.1827888489
        dvar2: 68.7315216064
        max: 54.7082595825
        mean: 2.81123399734
        min: -1.91093456745
        var: 42.056350708
    barkbands_skewness:
        dmean: 0.793868541718
        dmean2: 1.13253033161
        dvar: 0.560068368912
        dvar2: 1.36996400356
        max: 6.96892786026
        mean: -0.412950128317
        min: -4.21828842163
        var: 2.93144607544
    barkbands_spread:
        dmean: 9.33166408539
        dmean2: 14.288854599
        dvar: 82.0247573853
        dvar2: 177.500656128
        max: 70.6275558472
        mean: 30.0726261139
        min: 2.05185723305
        var: 346.90838623
    dissonance:
        dmean: 0.0114517407492
        dmean2: 0.017658945173
        dvar: 0.000442717602709
        dvar2: 0.00109584501479
        max: 0.499992549419
        mean: 0.477352052927
        min: 0.196713835001
        var: 0.00173968146555
    hfc:
        dmean: 5.08744907379
        dmean2: 7.58630132675
        dvar: 50.0038566589
        dvar2: 101.849411011
        max: 63.079990387
        mean: 7.33071231842
        min: 0.041678160429
        var: 85.2948684692
    pitch:
        dmean: 644.457580566
        dmean2: 1162.48620605
        dvar: 1254575.625
        dvar2: 2693249.5
        max: 4900
        mean: 2768.95874023
        min: 68.5847625732
        var: 2562280.5
    pitch_instantaneous_confidence:
        dmean: 0.101604871452
        dmean2: 0.162223741412
        dvar: 0.00724833225831
        dvar2: 0.0190223306417
        max: 0.904730916023
        mean: 0.449549406767
        min: 0.0841973423958
        var: 0.0260228775442
    pitch_salience:
        dmean: 0.0689576119184
        dmean2: 0.10973251611
        dvar: 0.00465747294948
        dvar2: 0.0116870431229
        max: 0.886339306831
        mean: 0.680468976498
        min: 0.229078933597
        var: 0.0159069262445
    silence_rate_20dB:
        dmean: 0
        dmean2: 0
        dvar: 0
        dvar2: 0
        max: 1
        mean: 1
        min: 1
        var: 0
    silence_rate_30dB:
        dmean: 0
        dmean2: 0
        dvar: 0
        dvar2: 0
        max: 1
        mean: 1
        min: 1
        var: 0
    silence_rate_60dB:
        dmean: 0.199535965919
        dmean2: 0.40000000596
        dvar: 0.159721314907
        dvar2: 0.29581540823
        max: 1
        mean: 0.638888895512
        min: 0
        var: 0.230710312724
    spectral_centroid:
        dmean: 494.061950684
        dmean2: 684.242126465
        dvar: 239761.09375
        dvar2: 511171.3125
        max: 5537.56054688
        mean: 2109.96948242
        min: 166.731018066
        var: 1187971.125
    spectral_complexity:
        dmean: 6.09767436981
        dmean2: 8.95571136475
        dvar: 51.0184516907
        dvar2: 106.065567017
        max: 47
        mean: 10.2343387604
        min: 0
        var: 103.743232727
    spectral_crest:
        dmean: 2.09057641029
        dmean2: 3.2629981041
        dvar: 3.85239648819
        dvar2: 9.72165107727
        max: 19.7213821411
        mean: 7.97139263153
        min: 3.06989407539
        var: 9.45178222656
    spectral_decrease:
        dmean: 3.51461804105e-10
        dmean2: 5.09948250293e-10
        dvar: 1.96791217885e-19
        dvar2: 3.95097623858e-19
        max: -3.82126101595e-12
        mean: -6.33946117823e-10
        min: -3.57432838882e-09
        var: 3.62629802538e-19
    spectral_energy:
        dmean: 0.00175486982334
        dmean2: 0.00255965301767
        dvar: 5.08038237967e-06
        dvar2: 1.01343621282e-05
        max: 0.0192118659616
        mean: 0.00305757345632
        min: 1.93022206076e-05
        var: 9.20539332583e-06
    spectral_energyband_high:
        dmean: 0.000410720123909
        dmean2: 0.000605046458077
        dvar: 3.32382626311e-07
        dvar2: 6.88842135332e-07
        max: 0.00469042919576
        mean: 0.000548635493033
        min: 7.76092178967e-07
        var: 5.73103932311e-07
    spectral_energyband_low:
        dmean: 0.000254494982073
        dmean2: 0.000398915464757
        dvar: 4.23796507221e-07
        dvar2: 1.05230094505e-06
        max: 0.00556210195646
        mean: 0.000407291052397
        min: 1.9145514063e-09
        var: 6.03957289513e-07
    spectral_energyband_middle_high:
        dmean: 0.00117627508007
        dmean2: 0.00176888657734
        dvar: 2.81128791357e-06
        dvar2: 6.29609121461e-06
        max: 0.0140550602227
        mean: 0.00157501688227
        min: 5.36521520189e-06
        var: 4.31775015386e-06
    spectral_energyband_middle_low:
        dmean: 0.000299304490909
        dmean2: 0.000475399399875
        dvar: 2.26348205956e-07
        dvar2: 5.34520324891e-07
        max: 0.00323152937926
        mean: 0.000526419607922
        min: 1.04104060483e-06
        var: 2.88857336272e-07
    spectral_flatness_db:
        dmean: 0.0240113548934
        dmean2: 0.0365901328623
        dvar: 0.00048157168203
        dvar2: 0.00117294420488
        max: 0.325035125017
        mean: 0.172122493386
        min: 0.0708646252751
        var: 0.00175722956192
    spectral_flux:
        dmean: 0.0116071682423
        dmean2: 0.0165091510862
        dvar: 0.000160522700753
        dvar2: 0.000283152447082
        max: 0.0969571620226
        mean: 0.0371945686638
        min: 0.00346644199453
        var: 0.000428204337368
    spectral_kurtosis:
        dmean: 1.69696640968
        dmean2: 2.63124465942
        dvar: 4.15391397476
        dvar2: 10.2579555511
        max: 19.8691425323
        mean: 3.96401023865
        min: -0.547631263733
        var: 11.8115644455
    spectral_rms:
        dmean: 0.000465036777314
        dmean2: 0.000670541718137
        dvar: 2.51359978165e-07
        dvar2: 5.26212659224e-07
        max: 0.00432935124263
        mean: 0.00154858583119
        min: 0.000137227674713
        var: 5.84883935062e-07
    spectral_rolloff:
        dmean: 609.038696289
        dmean2: 959.457214355
        dvar: 655600.6875
        dvar2: 1403743.375
        max: 8764.01367188
        mean: 3377.71240234
        min: 150.732421875
        var: 2096017.375
    spectral_skewness:
        dmean: 0.271774619818
        dmean2: 0.391813218594
        dvar: 0.0667678266764
        dvar2: 0.132271394134
        max: 3.36498761177
        mean: 1.2514436245
        min: 0.267991393805
        var: 0.342988908291
    spectral_spread:
        dmean: 761144.5625
        dmean2: 1136666.375
        dvar: 603750006784
        dvar2: 1.12546820915e+12
        max: 10342294
        mean: 4545047
        min: 1844490.875
        var: 2.0893892608e+12
    spectral_strongpeak:
        dmean: 0.45671710372
        dmean2: 0.785801887512
        dvar: 0.457501679659
        dvar2: 1.05564320087
        max: 4.7080540657
        mean: 0.609707713127
        min: 0.00325604248792
        var: 0.737401843071
    zerocrossingrate:
        dmean: 0.0153365731239
        dmean2: 0.0158048328012
        dvar: 0.00017184317403
        dvar2: 0.000167504156707
        max: 0.25390625
        mean: 0.113673232496
        min: 0.01513671875
        var: 0.00196217535995
    barkbands:
        dmean: [9.16649014471e-07, 0.000105231760244, 0.000177536669071, 9.51322654146e-05, 0.000106112252979, 6.97025898262e-05, 3.98134434363e-05, 4.90346756123e-05, 4.30997861258e-05, 2.66989300144e-05, 2.8168755307e-05, 2.17731649172e-05, 2.41584402829e-05, 2.52199442912e-05, 8.52880184539e-05, 0.000112851477752, 0.000215119172935, 0.000213465071283, 0.00040576828178, 0.000378710770747, 0.000197840621695, 4.54562905361e-05, 6.42335726297e-06, 3.11618009619e-06, 1.2829964362e-06, 3.87573564353e-08, 5.96203031389e-10]
        dmean2: [1.37521215038e-06, 0.00016284447338, 0.000299546867609, 0.000156187903485, 0.000186533041415, 0.000120288714243, 6.57183336443e-05, 8.20992499939e-05, 6.89546577632e-05, 4.5496311941e-05, 4.67207864858e-05, 3.67478387489e-05, 3.97483490815e-05, 3.9983435272e-05, 0.000139092109748, 0.000171898383996, 0.000338577694492, 0.000328107416863, 0.000645277148578, 0.000579996441957, 0.000287382485112, 6.95314083714e-05, 9.54414281296e-06, 4.64665799882e-06, 1.80381164228e-06, 5.59515918042e-08, 7.04635072513e-10]
        dvar: [7.86308691769e-12, 7.77523965212e-08, 1.88116715094e-07, 3.75378021999e-08, 3.9506986127e-08, 2.37585293661e-08, 1.81188912762e-08, 1.65067337576e-08, 1.35334792262e-08, 6.00951688412e-09, 6.46489617395e-09, 1.54805590569e-09, 2.75423439611e-09, 1.72748826355e-09, 2.31566747999e-08, 3.76052966544e-08, 1.5682272192e-07, 1.16629713887e-07, 4.82801056023e-07, 2.95926213312e-07, 7.30278060246e-08, 3.60173313396e-09, 8.8887820715e-11, 2.02675671385e-11, 7.4912584816e-12, 3.37146133358e-15, 8.59981566389e-17]
        dvar2: [1.39516783543e-11, 1.92252599618e-07, 4.84890051666e-07, 8.29763351362e-08, 1.04027662928e-07, 6.27151450772e-08, 4.34664748639e-08, 3.9453965428e-08, 3.03667704316e-08, 1.59829038893e-08, 1.62691087269e-08, 4.06592048918e-09, 6.75310163345e-09, 4.03137390137e-09, 5.1765571385e-08, 7.70181571852e-08, 3.47209464735e-07, 2.41155078129e-07, 1.12329780677e-06, 6.04307274443e-07, 1.5706015688e-07, 8.23319012966e-09, 1.90044605053e-10, 3.98283767078e-11, 1.32979261283e-11, 5.21120122491e-15, 8.61312003686e-17]
        max: [4.1732826503e-05, 0.00249017868191, 0.00307112256996, 0.00149057677481, 0.00143652700353, 0.00105921272188, 0.00207116873935, 0.0011640334269, 0.00160007877275, 0.00131861853879, 0.000986649072729, 0.000425386911957, 0.00041582994163, 0.000287006958388, 0.00151838944294, 0.00217068917118, 0.00487370835617, 0.00252577592619, 0.00636443123221, 0.00484201125801, 0.00195018586237, 0.00046152313007, 9.02665633475e-05, 6.90141387167e-05, 5.59639483981e-05, 7.15656994998e-07, 1.92950921019e-07]
        mean: [2.30142495639e-06, 0.000157962640515, 0.000247239135206, 0.000125993494294, 0.000152946013259, 8.51695003803e-05, 4.98419176438e-05, 5.28077289346e-05, 5.44115646335e-05, 2.76566806861e-05, 2.8384010875e-05, 2.28746303037e-05, 2.20658184844e-05, 2.7540647352e-05, 9.7142154118e-05, 0.000148531617015, 0.000243040936766, 0.000267613329925, 0.000442397373263, 0.000468293641461, 0.000254421465797, 6.37493139948e-05, 9.39723031479e-06, 4.16383954871e-06, 1.57430145009e-06, 5.56038166621e-08, 6.25349827477e-10]
        min: [5.53727549923e-11, 5.12573983258e-10, 8.25108814606e-10, 1.49264889338e-09, 5.95774167778e-08, 5.87054707069e-08, 3.01324760699e-08, 9.78963843323e-09, 1.29398728177e-07, 4.07896223464e-08, 4.27025312888e-08, 1.03734024037e-07, 7.28071327671e-08, 4.55952111622e-08, 6.55030589769e-08, 2.5787679192e-07, 7.41718679365e-07, 8.21978517251e-07, 2.68146209237e-07, 2.74920388676e-08, 6.25414386946e-08, 7.70361410218e-08, 8.39522940055e-09, 2.46048348362e-10, 2.55654741821e-09, 5.94053903291e-11, 2.06256317364e-13]
        var: [3.01341313014e-11, 1.10870097103e-07, 2.29344436775e-07, 4.98811409955e-08, 3.85899205924e-08, 2.01430871982e-08, 1.68993441463e-08, 1.72305494317e-08, 2.12193995708e-08, 5.46541389923e-09, 5.99311533733e-09, 2.0374255616e-09, 2.62172084042e-09, 2.20359575032e-09, 3.6241448953e-08, 8.46369161422e-08, 2.16352063376e-07, 1.7032138544e-07, 5.57559758363e-07, 4.81602228319e-07, 1.38946546713e-07, 7.79471154289e-09, 1.94362054229e-10, 4.57602462867e-11, 1.52140487708e-11, 9.29689132753e-15, 8.60704786942e-17]
    mfcc:
        mean: [-765.010070801, 78.367805481, -43.3050270081, 71.59425354, -10.4750175476, -2.74764609337, -4.31830835342, -4.03974866867, 1.52356696129, -2.69141244888, -7.2258605957, -4.10964822769, -3.5938642025]
        cov: [[5460.12744141, -1163.36193848, -200.71321106, 551.537353516, -77.4013900757, 227.408172607, 193.732879639, -18.6144390106, 0.885539710522, 151.048995972, -29.3360614777, -87.5794525146, 64.0726394653], [-1163.36193848, 2424.40673828, 105.55406189, -304.53692627, -82.2373809814, -117.93031311, -93.867515564, -1.65067505836, -13.486413002, -125.945869446, -44.6782493591, 24.9792518616, -40.2262611389], [-200.71321106, 105.55406189, 1175.09619141, 481.602111816, 252.198074341, 240.553741455, 212.159576416, 50.4512634277, -52.9411849976, 67.3051834106, 13.0052747726, 18.6261386871, -14.8784971237], [551.537353516, -304.53692627, 481.602111816, 934.131225586, 417.498443604, 266.510864258, 241.226486206, 93.4614028931, 22.7786560059, 193.600494385, -3.88045835495, 11.7214078903, 76.0821380615], [-77.4013900757, -82.2373809814, 252.198074341, 417.498443604, 561.892211914, 209.041641235, 138.199111938, 61.4665031433, 69.4904785156, 149.805297852, -31.9432296753, 26.9309425354, 41.01902771], [227.408172607, -117.93031311, 240.553741455, 266.510864258, 209.041641235, 268.558624268, 130.940292358, 45.3030014038, 32.0400848389, 79.0298309326, 14.5300588608, 17.0956401825, 26.3785495758], [193.732879639, -93.867515564, 212.159576416, 241.226486206, 138.199111938, 130.940292358, 256.442260742, 77.7989883423, 6.15426206589, 91.8067321777, 12.0294141769, 30.2857589722, 1.04560875893], [-18.6144390106, -1.65067505836, 50.4512634277, 93.4614028931, 61.4665031433, 45.3030014038, 77.7989883423, 122.061981201, 32.1603660583, 31.2006092072, 3.22883367538, 3.75979351997, 6.37176132202], [0.885539710522, -13.486413002, -52.9411849976, 22.7786560059, 69.4904785156, 32.0400848389, 6.15426206589, 32.1603660583, 94.5780944824, 50.3448219299, -21.6199607849, 5.05584526062, 26.1780910492], [151.048995972, -125.945869446, 67.3051834106, 193.600494385, 149.805297852, 79.0298309326, 91.8067321777, 31.2006092072, 50.3448219299, 131.518295288, 15.0567026138, 17.8746986389, 33.1947517395], [-29.3360614777, -44.6782493591, 13.0052747726, -3.88045835495, -31.9432296753, 14.5300588608, 12.0294141769, 3.22883367538, -21.6199607849, 15.0567026138, 76.4203491211, 22.4306373596, -2.00681376457], [-87.5794525146, 24.9792518616, 18.6261386871, 11.7214078903, 26.9309425354, 17.0956401825, 30.2857589722, 3.75979351997, 5.05584526062, 17.8746986389, 22.4306373596, 62.9830322266, 18.4094371796], [64.0726394653, -40.2262611389, -14.8784971237, 76.0821380615, 41.01902771, 26.3785495758, 1.04560875893, 6.37176132202, 26.1780910492, 33.1947517395, -2.00681376457, 18.4094371796, 58.8978881836]]
        icov: [[0.000259328226093, 7.51699699322e-05, 0.000138693518238, -0.00017361920618, 0.000304350192891, -0.000309870694764, -0.000128754167235, 0.000168448124896, 0.000191051833099, -0.000286756228888, 0.000332839466864, 0.000294281344395, -6.4522435423e-05], [7.51699699322e-05, 0.000495123735163, -0.0001052359803, 9.66969164438e-05, 3.78003824153e-06, 6.98303920217e-05, 5.87850699958e-05, -0.000130564090796, -5.10600293637e-05, 0.000244901748374, 0.000365388958016, -0.000340942089679, 8.77514758031e-05], [0.000138693518238, -0.0001052359803, 0.0014385948889, -0.00065246183658, 0.000110009801574, -0.000960989214946, -0.000346331158653, 0.000132805565954, 0.00100149691571, -1.56274090841e-05, 0.000356087984983, -0.000180780916708, 0.000961361918598], [-0.00017361920618, 9.66969164438e-05, -0.00065246183658, 0.00294172787108, -0.00108195608482, -0.000403817713959, -0.000476034823805, -0.000968484207988, 0.0021499004215, -0.0020012143068, 0.000547249335796, 0.00126288144384, -0.00286608212627], [0.000304350192891, 3.78003824153e-06, 0.000110009801574, -0.00108195608482, 0.0043371184729, -0.00228487700224, 0.0010578079382, -0.000461484596599, 0.000444470235379, -0.00378194730729, 0.00362018472515, -0.00189713772852, 0.00178110494744], [-0.000309870694764, 6.98303920217e-05, -0.000960989214946, -0.000403817713959, -0.00228487700224, 0.00811044313014, -0.00281288428232, 0.000944275816437, -0.00382670131512, 0.00327840866521, -0.00425761565566, 0.00150645396207, -0.00219248514622], [-0.000128754167235, 5.87850699958e-05, -0.000346331158653, -0.000476034823805, 0.0010578079382, -0.00281288428232, 0.0100328847766, -0.00503401923925, 0.00470922002569, -0.00712318858132, 0.00416690297425, -0.00565069867298, 0.00542695680633], [0.000168448124896, -0.000130564090796, 0.000132805565954, -0.000968484207988, -0.000461484596599, 0.000944275816437, -0.00503401923925, 0.0127334343269, -0.00682677421719, 0.00436290632933, -0.00388864125125, 0.00297599681653, -0.000864858913701], [0.000191051833099, -5.10600293637e-05, 0.00100149691571, 0.0021499004215, 0.000444470235379, -0.00382670131512, 0.00470922002569, -0.00682677421719, 0.0238586869091, -0.0131034217775, 0.0104407835752, -0.00251983688213, -0.00278356834315], [-0.000286756228888, 0.000244901748374, -1.56274090841e-05, -0.0020012143068, -0.00378194730729, 0.00327840866521, -0.00712318858132, 0.00436290632933, -0.0131034217775, 0.0246313884854, -0.0110414754599, 0.00340951280668, -0.00561965815723], [0.000332839466864, 0.000365388958016, 0.000356087984983, 0.000547249335796, 0.00362018472515, -0.00425761565566, 0.00416690297425, -0.00388864125125, 0.0104407835752, -0.0110414754599, 0.0231854487211, -0.00926306750625, 0.00427051447332], [0.000294281344395, -0.000340942089679, -0.000180780916708, 0.00126288144384, -0.00189713772852, 0.00150645396207, -0.00565069867298, 0.00297599681653, -0.00251983688213, 0.00340951280668, -0.00926306750625, 0.0248390175402, -0.0106861367822], [-6.4522435423e-05, 8.77514758031e-05, 0.000961361918598, -0.00286608212627, 0.00178110494744, -0.00219248514622, 0.00542695680633, -0.000864858913701, -0.00278356834315, -0.00561965815723, 0.00427051447332, -0.0106861367822, 0.0286825988442]]
    spectral_contrast:
        mean: [2.44961597673e-07, -4.54252031545e-08, 2.99587668451e-07, 7.3434030412e-08, 8.70862209013e-08, 1.44655359691e-07, 4.13042198488e-06, 4.21727065714e-07, -1.89338095424e-06, -1.61499542628e-06, -3.07772938868e-06, -3.09778194207e-08]
        var: [0.00087281758897, 0.00122277671471, 0.00193033367395, 0.00287169474177, 0.00485045462847, 0.00656878622249, 0.0916132181883, 0.121242150664, 0.254467606544, 1.00176858902, 1.11317384243, 3.1188890934]

rhythm:
    beats_loudness:
        dmean: 0.00628804927692
        dmean2: 0.0117083294317
        dvar: 1.89252896234e-05
        dvar2: 6.27649060334e-05
        max: 0.0184489786625
        mean: 0.00680199498311
        min: 0.00107912626117
        var: 3.03022516164e-05
    beats_loudness_bass:
        dmean: 0.33687093854
        dmean2: 0.687616527081
        dvar: 0.0600325129926
        dvar2: 0.19706864655
        max: 0.712264478207
        mean: 0.205436989665
        min: 1.01370906123e-05
        var: 0.0670531839132
    bpm: 83.1018218994
    bpm_confidence: 0
    first_peak_bpm: 83
    first_peak_spread: 0
    first_peak_weight: 0.923076927662
    onset_rate: 6.09701395035
    second_peak_bpm: 54
    second_peak_spread: 0
    second_peak_weight: 0.0769230797887
    beats_position: [0.0387081801891, 0.760744929314, 1.48278164864, 2.20481848717, 2.92685508728, 3.64889168739, 4.37092828751, 5.0929646492, 6.20509719849, 6.92704868317, 7.64900016785, 8.37095165253, 9.09290313721, 9.81485462189]
    bpm_estimates: [83.2160415649, 83.0279159546, 83.1687011719, 83.0033111572, 83.214881897, 83.0353088379, 83.1274337769, 82.99949646, 83.0921020508, 83.0849380493, 83.092048645, 83.1421661377, 83.0728149414, 83.1484985352]
    bpm_intervals: [0.722036719322, 0.722036719322, 0.722036838531, 0.722036600113, 0.722036600113, 0.722036600113, 0.722036361694, 1.11213254929, 0.72195148468, 0.72195148468, 0.72195148468, 0.72195148468, 0.72195148468]
    onset_times: [0.0464399084449, 0.162539675832, 0.255419492722, 0.394739240408, 0.719818592072, 1.02167797089, 1.11455786228, 1.30031740665, 1.47446715832, 1.66022670269, 1.78793644905, 1.96208620071, 2.03174614906, 2.21750569344, 2.38004541397, 2.56580495834, 2.75156474113, 2.93732428551, 3.12308382988, 3.22757363319, 3.36689352989, 3.41333341599, 3.58748292923, 3.65714287758, 3.98222231865, 4.21442174911, 4.29569149017, 4.40018129349, 4.56272125244, 4.69043064117, 4.86458063126, 4.95746040344, 5.02712011337, 5.28253984451, 5.38702964783, 5.46829938889, 5.65405893326, 5.8282084465, 6.01396846771, 6.13006782532, 6.3042178154, 6.5015873909, 6.79183673859, 6.90793657303, 7.10530614853, 7.26784563065, 7.46521520615, 7.59292507172, 7.7670750618, 7.83673477173, 8.0224943161, 8.18503379822, 8.37079334259, 8.54494285583, 8.73070335388, 8.91646289825, 9.03256225586, 9.2067117691, 9.4040813446, 9.70594120026, 9.81043052673]
    rubato_start: []
    rubato_stop: []
    perceptual_tempo: "unknown"

sfx:
    inharmonicity:
        dmean: 0.0676536262035
        dmean2: 0.111641772091
        dvar: 0.00398544222116
        dvar2: 0.00998031534255
        max: 0.381203919649
        mean: 0.090669862926
        min: 0
        var: 0.00619181571528
    oddtoevenharmonicenergyratio:
        dmean: 7.78028011322
        dmean2: 15.0680885315
        dvar: 1643.64916992
        dvar2: 4902.01416016
        max: 451.876251221
        mean: 4.62212944031
        min: 0
        var: 836.80090332
    pitch_after_max_to_before_max_energy_ratio: 176.816131592
    pitch_centroid: 239.843963623
    pitch_max_to_total: 0.0185614842921
    pitch_min_to_total: 0.668213486671
    tristimulus:
        dmean: [0.160961985588, 0.289814800024, 0.22094732523]
        dmean2: [0.286468118429, 0.510305285454, 0.386937409639]
        dvar: [0.0343935862184, 0.0562852285802, 0.0404497310519]
        dvar2: [0.0904729515314, 0.146845057607, 0.108393274248]
        max: [1, 0.980562269688, 0.853312313557]
        mean: [0.221085086465, 0.498651385307, 0.213390231133]
        min: [0.000316802063026, 0, 0]
        var: [0.0424116961658, 0.0844336524606, 0.0512089170516]

tonal:
    chords_changes_rate: 0.0691244229674
    chords_number_rate: 0.0230414755642
    chords_strength:
        dmean: 0.0122908614576
        dmean2: 0.0163890905678
        dvar: 8.43626621645e-05
        dvar2: 0.000161263218615
        max: 0.702375173569
        mean: 0.546562850475
        min: 0.405481010675
        var: 0.00427385605872
    key_strength: 0.547424077988
    tuning_diatonic_strength: 0.549655139446
    tuning_equal_tempered_deviation: 0.193361759186
    tuning_frequency: 451.84777832
    tuning_nontempered_energy_ratio: 0.889656543732
    hpcp:
        dmean: [0.192322954535, 0.229502514005, 0.265725255013, 0.286659389734, 0.249536007643, 0.210393294692, 0.202794253826, 0.191841855645, 0.210758969188, 0.213743418455, 0.196253240108, 0.189109355211, 0.163675904274, 0.170676395297, 0.244584575295, 0.271205693483, 0.21333669126, 0.181265175343, 0.166382879019, 0.126472845674, 0.102919481695, 0.129108414054, 0.143587321043, 0.154532566667, 0.159516915679, 0.141965374351, 0.170316562057, 0.177010133862, 0.182346686721, 0.192189991474, 0.169141665101, 0.14783012867, 0.178539946675, 0.227065578103, 0.240994736552, 0.223239824176]
        dmean2: [0.312443047762, 0.381692349911, 0.438675254583, 0.511047303677, 0.432349026203, 0.344672858715, 0.341695308685, 0.327642053366, 0.345657140017, 0.354221433401, 0.325369000435, 0.325316458941, 0.289142608643, 0.29648566246, 0.43010905385, 0.467034548521, 0.364405989647, 0.312007129192, 0.292828321457, 0.224655821919, 0.175780534744, 0.217137202621, 0.236463963985, 0.247890844941, 0.262836694717, 0.242926925421, 0.297161132097, 0.296978056431, 0.291003555059, 0.322352200747, 0.287138074636, 0.244383186102, 0.297688066959, 0.390082448721, 0.388550579548, 0.366772294044]
        dvar: [0.0253817196935, 0.0436211265624, 0.0521020367742, 0.0640151649714, 0.0504833459854, 0.0434807576239, 0.0396283902228, 0.0387707948685, 0.038081496954, 0.0359741821885, 0.0406339392066, 0.0422291271389, 0.0406434871256, 0.0301258098334, 0.0491091795266, 0.0469104014337, 0.0453360714018, 0.0362173877656, 0.0400618053973, 0.0210596397519, 0.0203738696873, 0.0292776338756, 0.0309794452041, 0.0328202843666, 0.0309944655746, 0.0234931074083, 0.0451059155166, 0.0285671558231, 0.0322444476187, 0.0403071939945, 0.0368137322366, 0.0241874195635, 0.0300939399749, 0.0477432459593, 0.0413193665445, 0.0431461594999]
        dvar2: [0.0627693235874, 0.101506404579, 0.126098707318, 0.150395452976, 0.129464358091, 0.124170534313, 0.0993442386389, 0.102097541094, 0.0992038175464, 0.107670389116, 0.120861209929, 0.116022758186, 0.11933272332, 0.0938511788845, 0.134481087327, 0.130240723491, 0.115262970328, 0.0995066761971, 0.122232057154, 0.0629196688533, 0.0538664422929, 0.0749502405524, 0.0751988589764, 0.073323532939, 0.0850995853543, 0.0604447647929, 0.1202570647, 0.0710322260857, 0.0693861469626, 0.108300402761, 0.0966430902481, 0.0691386014223, 0.083458468318, 0.12306074053, 0.112319022417, 0.115934379399]
        max: [1, 1, 1, 1, 1, 1, 1, 1, 1, 1, 1, 1, 1, 1, 1, 1, 1, 1, 1, 0.764802873135, 1, 1, 1, 1, 1, 1, 1, 1, 1, 1, 1, 0.919821381569, 1, 1, 1, 1]
        mean: [0.323692947626, 0.407007604837, 0.529462039471, 0.521555483341, 0.387920707464, 0.323760539293, 0.323170214891, 0.304406583309, 0.300757139921, 0.304960131645, 0.289976388216, 0.263883709908, 0.221649795771, 0.246556147933, 0.360311120749, 0.500368714333, 0.476126134396, 0.292901009321, 0.181165486574, 0.138221234083, 0.132604062557, 0.161367371678, 0.214247912169, 0.24643792212, 0.210341855884, 0.184606492519, 0.21491125226, 0.238504841924, 0.261855453253, 0.264390915632, 0.228524729609, 0.207323923707, 0.244664803147, 0.314053416252, 0.338804751635, 0.319880872965]
        min: [0.00422588549554, 0.00155702256598, 0.000747431418858, 0.000937302887905, 0.000486096629174, 0.000234373641433, 0.000127534905914, 0.00448877364397, 0.00695526832715, 0.00845318567008, 0.000557771651074, 0, 0, 0.00167678284924, 0.00274980766699, 0.00388531922363, 0.00747275585309, 0.00185369234532, 0.000831775774714, 0.000909266993403, 0.000954238872509, 0.00177056610119, 0.00237096729688, 0.00131951202638, 0.000692420813721, 0.00156033120584, 0.00300454813987, 0.00261119683273, 0.0020143003203, 0.000797748623881, 0.00143285491504, 0.0014208718203, 0.0016611419851, 0.00136189640034, 0.000757076311857, 0.00286649004556]
        var: [0.0622979961336, 0.0891292318702, 0.111567519605, 0.11608068645, 0.0900483578444, 0.0700485631824, 0.0654023364186, 0.0575966052711, 0.0592065565288, 0.0534321516752, 0.0549905709922, 0.0527773052454, 0.0437662899494, 0.0404346212745, 0.0762464776635, 0.100731469691, 0.0933031588793, 0.041799671948, 0.0310331359506, 0.0186902359128, 0.0205177813768, 0.0416272468865, 0.0630230605602, 0.067664667964, 0.0450054705143, 0.0329307876527, 0.0482198931277, 0.0412278324366, 0.0585602559149, 0.0616031475365, 0.043387696147, 0.0346168763936, 0.0491714514792, 0.0731293931603, 0.0774272605777, 0.0766241922975]
    chords_histogram: [2.30414748192, 0, 0, 0, 0, 0, 0, 0, 0, 0, 0, 0, 0, 0, 0, 63.1336402893, 17.5115203857, 3.68663597107, 0, 0, 0, 0, 0, 13.3640556335]
    thpcp: [1, 0.985066831112, 0.732669532299, 0.611489593983, 0.610374689102, 0.574935615063, 0.568042874336, 0.575981080532, 0.547681152821, 0.498399674892, 0.418632090092, 0.465672940016, 0.68052303791, 0.945051133633, 0.899263978004, 0.553204953671, 0.342168986797, 0.261059761047, 0.25045055151, 0.304776102304, 0.404652059078, 0.465449661016, 0.397274672985, 0.348668038845, 0.405904918909, 0.450466364622, 0.494568884373, 0.499357640743, 0.431616842747, 0.391574680805, 0.462100744247, 0.593155682087, 0.639903783798, 0.604162037373, 0.611361980438, 0.768719136715]
    chords_key: "G"
    chords_scale: "minor"
    key_key: "D"
    key_scale: "major"
    chords_progression: ["Bm", "Bm", "Bm", "Bm", "D", "Bm", "Bm", "Bm", "Bm", "Bm", "Bm", "Bm", "Bm", "Bm", "Bm", "Bm", "Bm", "Bm", "Bm", "Gm", "Gm", "Bm", "Bm", "Bm", "Bm", "Bm", "Bm", "Bm", "Bm", "Bm", "Bm", "Bm", "Gm", "Gm", "Gm", "Gm", "Gm", "Gm", "Gm", "D", "D", "D", "D", "Dm", "Dm", "Dm", "Dm", "Dm", "Dm", "Dm", "Dm", "A#", "A#", "A#", "A#", "A#", "A#", "A#", "A#", "A#", "Gm", "Gm", "Gm", "Gm", "Gm", "Gm", "Gm", "Gm", "Gm", "Gm", "Gm", "Gm", "Gm", "Gm", "Gm", "Gm", "Gm", "Gm", "Gm", "Gm", "Gm", "Gm", "Gm", "Gm", "Gm", "Gm", "Gm", "Gm", "Gm", "Gm", "Gm", "Gm", "Gm", "Gm", "Gm", "Gm", "Gm", "Gm", "Gm", "Gm", "Gm", "Gm", "Gm", "Gm", "Gm", "Gm", "Gm", "Gm", "Gm", "A#", "A#", "A#", "A#", "A#", "A#", "A#", "A#", "A#", "A#", "A#", "A#", "A#", "A#", "A#", "A#", "A#", "A#", "A#", "Gm", "Gm", "Gm", "Gm", "Gm", "Gm", "Gm", "Gm", "Gm", "Gm", "Gm", "Gm", "Gm", "Gm", "Gm", "Gm", "Gm", "Gm", "Gm", "Gm", "Gm", "Gm", "Gm", "Gm", "Gm", "Gm", "Gm", "Gm", "Gm", "Gm", "Gm", "Gm", "Gm", "Gm", "Gm", "Gm", "Gm", "Gm", "Gm", "Gm", "Gm", "Gm", "Gm", "Gm", "Gm", "Gm", "Gm", "Gm", "A#", "A#", "A#", "A#", "A#", "A#", "A#", "A#", "A#", "Gm", "A#", "Gm", "Gm", "Gm", "Gm", "Gm", "Gm", "Gm", "Gm", "Gm", "Gm", "Gm", "Gm", "Gm", "Gm", "Gm", "Gm", "Gm", "Gm", "Gm", "Gm", "Gm", "Gm", "Gm", "Gm", "Gm", "Gm", "Gm", "Gm", "Gm", "Gm"]
