
metadata:
    version:
        essentia: "1.2.2"
    audio_properties:
        analysis_sample_rate: 44100
        bitrate: 128
        channels: 2
        equal_loudness: 1
        length: 10.0048980713
        replay_gain: -11.1187896729
        downmix: "mix"
    tags:
        track: 23
        year: 0
        album: "Splitted by Mp3Splt v. 2.1"
        artist: "From 003.40 To 003.50"
        comment: "http://mp3splt.sf.net"
        genre: ""
        title: "06 More Beats & Pieces [Beans"

highlevel:
    ballroom:
        all:
            ChaChaCha: 0.0338311642408
            Jive: 0.81632655859
            Quickstep: 0.0161768719554
            Rumba-American: 0.00115197245032
            Rumba-International: 0.00128130323719
            Rumba-Misc: 0.000271052005701
            Samba: 0.12402638793
            Tango: 0.00237840693444
            VienneseWaltz: 0.00329394894652
            Waltz: 0.00126233347692
        probability: 0.81632655859
        value: "Jive"
    culture:
        all:
            non_western: 0.790499925613
            western: 0.209500074387
        probability: 0.790499925613
        value: "non_western"
    gender:
        all:
            female: 0.184181123972
            male: 0.815818846226
        probability: 0.815818846226
        value: "male"
    genre_dortmund:
        all:
            alternative: 0.0495106428862
            blues: 0.0529319383204
            electronic: 0.147889301181
            folkcountry: 0.0172450989485
            funksoulrnb: 0.0942592918873
            jazz: 0.0902984812856
            pop: 0.0177207384259
            raphiphop: 0.0142381601036
            rock: 0.515906333923
        probability: 0.515906333923
        value: "rock"
    genre_electronica:
        all:
            ambient: 0.133878052235
            dnb: 0.602636277676
            house: 0.0292590875179
            techno: 0.0973711013794
            trance: 0.136855512857
        probability: 0.602636277676
        value: "dnb"
    genre_rosamerica:
        all:
            cla: 0.0235539712012
            dan: 0.105219997466
            hip: 0.0825293883681
            jaz: 0.0112599022686
            pop: 0.0438654795289
            rhy: 0.00899241305888
            roc: 0.717868626118
            spe: 0.00671020988375
        probability: 0.717868626118
        value: "roc"
    genre_tzanetakis:
        all:
            blu: 0.0113221639767
            cla: 0.00705443089828
            cou: 0.0101612722501
            dis: 0.226477965713
            hip: 0.04211268574
            jaz: 0.00979232788086
            met: 0.109085634351
            pop: 0.215064093471
            reg: 0.0245048068464
            roc: 0.34442460537
        probability: 0.34442460537
        value: "roc"
    live_studio:
        all:
            live: 0.406227737665
            studio: 0.593772292137
        probability: 0.593772292137
        value: "studio"
    mood:
        all:
            Cluster1: 0.199722066522
            Cluster2: 0.053590182215
            Cluster3: 0.00420485064387
            Cluster4: 0.107345513999
            Cluster5: 0.635137379169
        probability: 0.635137379169
        value: "Cluster5"
    mood_acoustic:
        all:
            acoustic: 0.00707171671093
            not_acoustic: 0.992928266525
        probability: 0.992928266525
        value: "not_acoustic"
    mood_aggressive:
        all:
            aggressive: 0.99526232481
            not_aggressive: 0.00473768590018
        probability: 0.99526232481
        value: "aggressive"
    mood_electronic:
        all:
            electronic: 0.596343100071
            not_electronic: 0.403656870127
        probability: 0.596343100071
        value: "electronic"
    mood_happy:
        all:
            happy: 0.282767534256
            not_happy: 0.717232465744
        probability: 0.717232465744
        value: "not_happy"
    mood_party:
        all:
            not_party: 0.0658376291394
            party: 0.934162378311
        probability: 0.934162378311
        value: "party"
    mood_relaxed:
        all:
            not_relaxed: 0.956964850426
            relaxed: 0.0430351309478
        probability: 0.956964850426
        value: "not_relaxed"
    mood_sad:
        all:
            not_sad: 0.997786283493
            sad: 0.00221369066276
        probability: 0.997786283493
        value: "not_sad"
    rhythm:
        all:
            fast: 0.872423648834
            medium: 0.107787586749
            slow: 0.019788781181
        probability: 0.872423648834
        value: "fast"
    speech_music:
        all:
            music: 0.999613404274
            speech: 0.000386576139135
        probability: 0.999613404274
        value: "music"
    timbre:
        all:
            bright: 0.00610926700756
            dark: 0.993890762329
        probability: 0.993890762329
        value: "dark"
    voice_instrumental:
        all:
            instrumental: 0.94514387846
            voice: 0.0548561066389
        probability: 0.94514387846
        value: "instrumental"

lowlevel:
    average_loudness: 0.978983700275
    barkbands_kurtosis:
        dmean: 1.096149683
        dmean2: 1.81987178326
        dvar: 1.8457159996
        dvar2: 5.03650379181
        max: 10.057387352
        mean: 0.115646347404
        min: -1.80339753628
        var: 4.0223941803
    barkbands_skewness:
        dmean: 0.540755748749
        dmean2: 0.818919658661
        dvar: 0.257123470306
        dvar2: 0.610763967037
        max: 2.85754275322
        mean: -0.540723323822
        min: -2.86675906181
        var: 0.760466039181
    barkbands_spread:
        dmean: 6.73287773132
        dmean2: 10.3341016769
        dvar: 41.8348274231
        dvar2: 94.5644302368
        max: 65.1275024414
        mean: 26.1445713043
        min: 5.4766459465
        var: 114.715843201
    dissonance:
        dmean: 0.01629778184
        dmean2: 0.0285386778414
        dvar: 0.000280070264125
        dvar2: 0.000658976729028
        max: 0.499233841896
        mean: 0.479462116957
        min: 0.280888199806
        var: 0.000307734968374
    hfc:
        dmean: 3.50544428825
        dmean2: 5.26991128922
        dvar: 20.9264144897
        dvar2: 49.5667686462
        max: 45.4084091187
        mean: 8.69993400574
        min: 0.122725337744
        var: 48.2859039307
    pitch:
        dmean: 666.77746582
        dmean2: 1277.4375
        dvar: 1330262.375
        dvar2: 3452841.25
        max: 4410
        mean: 1011.44769287
        min: 90.740737915
        var: 1744552.25
    pitch_instantaneous_confidence:
        dmean: 0.0928873345256
        dmean2: 0.149652525783
        dvar: 0.00930423848331
        dvar2: 0.019517287612
        max: 0.909601509571
        mean: 0.416566938162
        min: 0.132510364056
        var: 0.0470710545778
    pitch_salience:
        dmean: 0.0708969682455
        dmean2: 0.11463405937
        dvar: 0.004502102267
        dvar2: 0.0118661122397
        max: 0.849949598312
        mean: 0.683503091335
        min: 0.340711236
        var: 0.00949732679874
    silence_rate_20dB:
        dmean: 0
        dmean2: 0
        dvar: 0
        dvar2: 0
        max: 1
        mean: 1
        min: 1
        var: 0
    silence_rate_30dB:
        dmean: 0
        dmean2: 0
        dvar: 0
        dvar2: 0
        max: 1
        mean: 1
        min: 1
        var: 0
    silence_rate_60dB:
        dmean: 0.157772615552
        dmean2: 0.313953489065
        dvar: 0.132880210876
        dvar2: 0.252595543861
        max: 1
        mean: 0.400462955236
        min: 0
        var: 0.24009168148
    spectral_centroid:
        dmean: 363.076477051
        dmean2: 528.864562988
        dvar: 99879.8359375
        dvar2: 217750.546875
        max: 3524.80249023
        mean: 1979.18432617
        min: 340.88873291
        var: 373392.71875
    spectral_complexity:
        dmean: 5.82790708542
        dmean2: 9.21911430359
        dvar: 43.551738739
        dvar2: 103.201431274
        max: 44
        mean: 14.4941997528
        min: 0
        var: 94.2453613281
    spectral_crest:
        dmean: 2.20789194107
        dmean2: 3.81256127357
        dvar: 4.63564920425
        dvar2: 12.9791135788
        max: 19.687122345
        mean: 6.72675132751
        min: 2.51969051361
        var: 10.2670221329
    spectral_decrease:
        dmean: 3.85483645005e-10
        dmean2: 6.4543365097e-10
        dvar: 3.32659756476e-19
        dvar2: 8.52454599182e-19
        max: -1.28378531764e-11
        mean: -9.26591803285e-10
        min: -4.08644096339e-09
        var: 4.34373477661e-19
    spectral_energy:
        dmean: 0.00174216041341
        dmean2: 0.00286973407492
        dvar: 6.14218970441e-06
        dvar2: 1.55509133037e-05
        max: 0.016893113032
        mean: 0.00428627990186
        min: 5.95844721829e-05
        var: 9.11650931812e-06
    spectral_energyband_high:
        dmean: 0.000236354666413
        dmean2: 0.0003497734142
        dvar: 1.29673239257e-07
        dvar2: 2.66988507747e-07
        max: 0.00335158198141
        mean: 0.000400954799261
        min: 4.89470448883e-06
        var: 2.48684273174e-07
    spectral_energyband_low:
        dmean: 0.000230209276197
        dmean2: 0.000400390126742
        dvar: 3.40953334899e-07
        dvar2: 9.07300602648e-07
        max: 0.00355420447886
        mean: 0.000200975016924
        min: 2.50694881743e-07
        var: 2.45656309517e-07
    spectral_energyband_middle_high:
        dmean: 0.00105583260302
        dmean2: 0.00164743233472
        dvar: 1.82137159754e-06
        dvar2: 4.34284311268e-06
        max: 0.0109418267384
        mean: 0.00279279891402
        min: 3.88994194509e-05
        var: 5.08121729581e-06
    spectral_energyband_middle_low:
        dmean: 0.000719128875062
        dmean2: 0.00130829424597
        dvar: 2.61006471192e-06
        dvar2: 7.11859001967e-06
        max: 0.0127700455487
        mean: 0.000891551084351
        min: 1.27771882035e-05
        var: 1.90111279608e-06
    spectral_flatness_db:
        dmean: 0.016980856657
        dmean2: 0.0276668537408
        dvar: 0.000219396184548
        dvar2: 0.000545570394024
        max: 0.236733615398
        mean: 0.156317621469
        min: 0.0849995836616
        var: 0.000871564378031
    spectral_flux:
        dmean: 0.0113851958886
        dmean2: 0.0175890140235
        dvar: 0.000220849804464
        dvar2: 0.000410010223277
        max: 0.11438561976
        mean: 0.0430962070823
        min: 0.00771909765899
        var: 0.00036089803325
    spectral_kurtosis:
        dmean: 1.73271977901
        dmean2: 2.90834999084
        dvar: 3.73824071884
        dvar2: 9.95920276642
        max: 18.1446857452
        mean: 4.17657327652
        min: 0.802904367447
        var: 5.34802007675
    spectral_rms:
        dmean: 0.0004107094137
        dmean2: 0.000643011648208
        dvar: 2.72805664281e-07
        dvar2: 6.50938943636e-07
        max: 0.00405969051644
        mean: 0.001910671941
        min: 0.000241104105953
        var: 5.31069815679e-07
    spectral_rolloff:
        dmean: 425.505981445
        dmean2: 690.016174316
        dvar: 232680.9375
        dvar2: 513933.53125
        max: 5017.23632812
        mean: 3301.02124023
        min: 215.33203125
        var: 535981.375
    spectral_skewness:
        dmean: 0.214102089405
        dmean2: 0.334667146206
        dvar: 0.0450490228832
        dvar2: 0.119109593332
        max: 3.09034395218
        mean: 1.3359028101
        min: 0.73333889246
        var: 0.0881316736341
    spectral_spread:
        dmean: 468331.53125
        dmean2: 661317.5
        dvar: 247239393280
        dvar2: 483543220224
        max: 7272881.5
        mean: 3768504.5
        min: 2251329.75
        var: 935225851904
    spectral_strongpeak:
        dmean: 0.697021007538
        dmean2: 1.1749714613
        dvar: 0.809704661369
        dvar2: 1.97350430489
        max: 9.35986042023
        mean: 1.24729800224
        min: 0.003468436189
        var: 2.44575834274
    zerocrossingrate:
        dmean: 0.0108364373446
        dmean2: 0.0126600284129
        dvar: 9.83709323918e-05
        dvar2: 0.00011227944924
        max: 0.17431640625
        mean: 0.104639463127
        min: 0.0263671875
        var: 0.000622517778538
    barkbands:
        dmean: [9.60117034765e-08, 8.90058436198e-05, 0.000159200164489, 9.52953050728e-05, 0.000368897657609, 0.000143148427014, 8.18978369352e-05, 0.00010741258302, 0.000103523118014, 9.39008168643e-05, 0.000115588016342, 8.50050273584e-05, 6.63548562443e-05, 7.62085037422e-05, 0.000161762640346, 0.000388348737033, 0.000158293754794, 0.000469573278679, 0.000195942455321, 0.000220371090109, 9.69742613961e-05, 2.44308976107e-05, 2.83372764898e-06, 1.42277406212e-06, 5.87544718655e-07, 2.38160016153e-08, 2.12082088002e-10]
        dmean2: [1.59313501058e-07, 0.000159020943101, 0.000274995778454, 0.000179630602361, 0.000670897716191, 0.000267134048045, 0.000144203600939, 0.00018169543182, 0.000182236006367, 0.000160217023222, 0.000205114745768, 0.000150153704453, 0.000111854053102, 0.000126216822537, 0.000274379883194, 0.000607239315286, 0.000254704791587, 0.000786690565292, 0.000336066179443, 0.000352726841811, 0.000139930853038, 3.57721510227e-05, 4.09479844166e-06, 1.80996607924e-06, 8.415373145e-07, 3.13170538391e-08, 3.76595976626e-10]
        dvar: [3.06255231407e-14, 5.32324655467e-08, 1.72757211203e-07, 7.07975473802e-08, 9.32075408855e-07, 1.56452088618e-07, 2.15120579128e-08, 3.6454707697e-08, 2.64927066951e-08, 1.44866323382e-08, 2.55838017438e-08, 1.46093075415e-08, 7.50858930587e-09, 1.40325182585e-08, 6.25943386012e-08, 3.06341178202e-07, 5.28504209285e-08, 6.76168667724e-07, 1.28853017145e-07, 1.19636624163e-07, 2.88906747414e-08, 1.27814003825e-09, 1.79217404805e-11, 5.91386922072e-12, 1.63538551191e-12, 2.60740542791e-15, 1.99284572896e-19]
        dvar2: [8.36481695e-14, 1.46424625314e-07, 4.7877125553e-07, 2.08002418844e-07, 2.67478549176e-06, 4.55694816992e-07, 5.6494549483e-08, 9.90186066474e-08, 7.68169599041e-08, 3.68241046544e-08, 6.82380090211e-08, 4.00112050158e-08, 1.79389090249e-08, 3.18929949117e-08, 1.76586198108e-07, 7.57193788559e-07, 1.24970554793e-07, 1.79841185854e-06, 3.47920973809e-07, 2.86148150508e-07, 5.35579900429e-08, 2.27315499757e-09, 3.35352058622e-11, 8.244662765e-12, 3.33491849587e-12, 4.95504236803e-15, 2.86161323455e-19]
        max: [1.11522558655e-06, 0.0012942024041, 0.00268735759892, 0.00189260812476, 0.00829883664846, 0.00312963244505, 0.00124609854538, 0.00202733837068, 0.00168883951847, 0.000897931051441, 0.00186264782678, 0.00090206094319, 0.00101411854848, 0.00176191795617, 0.00247031869367, 0.00604453682899, 0.00205745873973, 0.00740740727633, 0.00337731977925, 0.00395048595965, 0.00181258085649, 0.000341699837008, 3.65949563275e-05, 1.90452446986e-05, 1.09265620267e-05, 4.83114206418e-07, 8.38308711337e-09]
        mean: [9.80052234922e-08, 6.38414276182e-05, 0.000137037903187, 7.57900270401e-05, 0.000323240703437, 0.000124070444144, 9.16837961995e-05, 0.000131423512357, 0.000131866516313, 0.000138709889143, 0.000173919048393, 0.000100977536931, 9.96646631393e-05, 0.000127854247694, 0.000235294544837, 0.000632875540759, 0.00022628341685, 0.000643432489596, 0.000262442161329, 0.000350633665221, 0.00016501864593, 4.13341149397e-05, 5.00529949932e-06, 2.76121613751e-06, 9.82205619948e-07, 4.16993266583e-08, 1.97115365697e-10]
        min: [4.82617036612e-11, 2.63709818427e-08, 1.56306938948e-07, 7.17224679647e-07, 2.74708781944e-06, 9.76691694632e-07, 2.1756436297e-07, 1.28857706727e-07, 7.74977706897e-07, 4.8121034979e-07, 7.36782340027e-07, 1.67190012235e-06, 1.55135171553e-06, 7.31128508846e-08, 2.09383574656e-06, 5.96634072281e-06, 1.47091907365e-06, 8.42238114274e-06, 4.57363103123e-06, 2.00876252165e-06, 2.34922458731e-06, 4.43274558393e-07, 5.02533978874e-08, 8.52817905184e-09, 2.29515007e-09, 7.34645677625e-11, 6.58837303561e-15]
        var: [2.7989251677e-14, 3.57582337074e-08, 1.15099133779e-07, 4.09741822693e-08, 5.82564439355e-07, 9.61949098155e-08, 1.86371256206e-08, 3.77613140756e-08, 2.47644749152e-08, 2.16875832848e-08, 3.81193778765e-08, 1.32955895182e-08, 1.32605375569e-08, 2.92740303109e-08, 8.83021158415e-08, 8.51438926475e-07, 7.27452658111e-08, 8.07064907349e-07, 1.06378706732e-07, 1.93492326162e-07, 5.29954213846e-08, 3.17809845107e-09, 3.94644490698e-11, 1.89400092832e-11, 3.0803222386e-12, 6.22316165139e-15, 2.04111301017e-19]
    mfcc:
        mean: [-716.813354492, 102.959968567, -73.6837081909, 47.4155349731, -21.0142879486, -2.13687682152, -2.47296953201, -3.43995070457, 0.215115576982, -4.88428544998, -9.32556247711, -8.38559818268, -7.69415473938]
        cov: [[2166.07885742, -414.151153564, -252.080886841, -285.259063721, -259.328338623, -212.873214722, -188.655197144, -129.181167603, -83.6426620483, -39.9508132935, -52.0657920837, -27.7252750397, -46.6611862183], [-414.151153564, 1000.25836182, -277.881347656, 71.782623291, 68.5361022949, 71.2990722656, -38.5474853516, 56.9819602966, -14.0763015747, -25.8322143555, 31.64793396, -1.81555819511, 0.484851062298], [-252.080886841, -277.881347656, 514.007873535, 121.688262939, 34.2187156677, 72.7451400757, 96.820274353, 16.772567749, 0.460530906916, 20.8747940063, 21.963722229, 49.8802452087, 19.5180301666], [-285.259063721, 71.782623291, 121.688262939, 214.299484253, 133.085830688, 118.986625671, 116.242286682, 80.3464736938, 44.5893211365, 43.1552352905, 28.9630622864, 8.09431743622, 37.2690429688], [-259.328338623, 68.5361022949, 34.2187156677, 133.085830688, 247.340209961, 142.208465576, 143.710006714, 129.95954895, 93.8757629395, 61.151134491, 50.4814414978, -0.0382637009025, 32.5299453735], [-212.873214722, 71.2990722656, 72.7451400757, 118.986625671, 142.208465576, 137.648742676, 117.836082458, 84.5274353027, 58.6689453125, 42.4760551453, 39.7043380737, 9.02214050293, 23.0300941467], [-188.655197144, -38.5474853516, 96.820274353, 116.242286682, 143.710006714, 117.836082458, 172.891357422, 108.670288086, 65.6019439697, 49.0640029907, 40.5573997498, 10.4724111557, 23.0238056183], [-129.181167603, 56.9819602966, 16.772567749, 80.3464736938, 129.95954895, 84.5274353027, 108.670288086, 132.618011475, 68.436668396, 36.112197876, 39.4426422119, 6.81177759171, 14.8161840439], [-83.6426620483, -14.0763015747, 0.460530906916, 44.5893211365, 93.8757629395, 58.6689453125, 65.6019439697, 68.436668396, 84.819732666, 47.0652313232, 25.9466190338, 2.846118927, 16.612859726], [-39.9508132935, -25.8322143555, 20.8747940063, 43.1552352905, 61.151134491, 42.4760551453, 49.0640029907, 36.112197876, 47.0652313232, 54.5766029358, 25.0718345642, 4.13824653625, 18.2488994598], [-52.0657920837, 31.64793396, 21.963722229, 28.9630622864, 50.4814414978, 39.7043380737, 40.5573997498, 39.4426422119, 25.9466190338, 25.0718345642, 65.496711731, 35.2429733276, 4.99403858185], [-27.7252750397, -1.81555819511, 49.8802452087, 8.09431743622, -0.0382637009025, 9.02214050293, 10.4724111557, 6.81177759171, 2.846118927, 4.13824653625, 35.2429733276, 54.8922462463, 7.53301811218], [-46.6611862183, 0.484851062298, 19.5180301666, 37.2690429688, 32.5299453735, 23.0300941467, 23.0238056183, 14.8161840439, 16.612859726, 18.2488994598, 4.99403858185, 7.53301811218, 41.1704940796]]
        icov: [[0.000691497989465, 0.000436355971033, 0.000461198127596, 0.000362108257832, 0.000473491323646, -0.000339845893905, 0.000519965484273, -0.000668572727591, 0.000843394431286, -0.00070269574644, -0.000133272755193, 2.87231141556e-05, -1.99895821424e-05], [0.000436355971033, 0.00216190796345, 0.00157259288244, -0.000841510074679, 0.000442820688477, -0.00308262254111, 0.00288583850488, -0.0021297193598, 0.00229837698862, 0.000446096179076, -0.000615586352069, -0.000558692670893, 6.41249280307e-05], [0.000461198127596, 0.00157259288244, 0.00405748095363, -0.00180595030542, 0.000965961546171, -0.00267387880012, 8.899687964e-05, -0.00041420548223, 0.00267209904268, -0.000709639687557, 0.00122884626035, -0.00364517048001, 0.000801439280622], [0.000362108257832, -0.000841510074679, -0.00180595030542, 0.0119217494503, -0.00102845113724, -0.00508863432333, -0.00166853948031, -0.0014964742586, 0.00344055215828, -0.00350531889126, 0.00159251783043, 0.00107376056258, -0.00460899993777], [0.000473491323646, 0.000442820688477, 0.000965961546171, -0.00102845113724, 0.015385992825, -0.00838762149215, -0.000451834726846, -0.00538378581405, -0.00385618256405, -3.63578983524e-05, -0.00369462533854, 0.00467218225822, -0.00310493772849], [-0.000339845893905, -0.00308262254111, -0.00267387880012, -0.00508863432333, -0.00838762149215, 0.03352669999, -0.0128651587293, 0.0058619081974, -0.00667110783979, 0.00161734456196, -0.00409443257377, 0.00188623857684, 0.000609758775681], [0.000519965484273, 0.00288583850488, 8.899687964e-05, -0.00166853948031, -0.000451834726846, -0.0128651587293, 0.0243900045753, -0.0124716991559, 0.00477960333228, -0.00465364009142, 0.000556826766115, -0.00081043568207, 0.000640561338514], [-0.000668572727591, -0.0021297193598, -0.00041420548223, -0.0014964742586, -0.00538378581405, 0.0058619081974, -0.0124716991559, 0.0264641214162, -0.0134239187464, 0.00839929375798, -0.00511577352881, 0.00148789060768, 0.00128605100326], [0.000843394431286, 0.00229837698862, 0.00267209904268, 0.00344055215828, -0.00385618256405, -0.00667110783979, 0.00477960333228, -0.0134239187464, 0.0387342087924, -0.0235493313521, 0.00518289208412, -0.00420579966158, 0.000433457200415], [-0.00070269574644, 0.000446096179076, -0.000709639687557, -0.00350531889126, -3.63578983524e-05, 0.00161734456196, -0.00465364009142, 0.00839929375798, -0.0235493313521, 0.0488557964563, -0.0158179588616, 0.00954525452107, -0.0105690248311], [-0.000133272755193, -0.000615586352069, 0.00122884626035, 0.00159251783043, -0.00369462533854, -0.00409443257377, 0.000556826766115, -0.00511577352881, 0.00518289208412, -0.0158179588616, 0.0397539846599, -0.0261370427907, 0.00945133715868], [2.87231141556e-05, -0.000558692670893, -0.00364517048001, 0.00107376056258, 0.00467218225822, 0.00188623857684, -0.00081043568207, 0.00148789060768, -0.00420579966158, 0.00954525452107, -0.0261370427907, 0.0387494154274, -0.0104871867225], [-1.99895821424e-05, 6.41249280307e-05, 0.000801439280622, -0.00460899993777, -0.00310493772849, 0.000609758775681, 0.000640561338514, 0.00128605100326, 0.000433457200415, -0.0105690248311, 0.00945133715868, -0.0104871867225, 0.0346315205097]]
    spectral_contrast:
        mean: [2.51323115208e-07, -1.14092413295e-09, 3.00432560607e-07, -5.11376072154e-07, 2.03845118563e-07, -4.22906879294e-07, -1.43243028106e-06, -1.79012727131e-06, 1.70554335455e-06, 2.60165279542e-06, -8.59150475208e-07, 9.73726969278e-07]
        var: [0.000267527386313, 0.000593793578446, 0.000858943501953, 0.00134159077425, 0.00324999308214, 0.00514408200979, 0.0320308171213, 0.0610903091729, 0.126762539148, 0.537260115147, 0.617576539516, 1.30235910416]

rhythm:
    beats_loudness:
        dmean: 0.00306470273063
        dmean2: 0.00618360331282
        dvar: 1.89634045e-06
        dvar2: 6.08050277151e-06
        max: 0.00635958975181
        mean: 0.0039681121707
        min: 0.00132983445656
        var: 2.99121552416e-06
    beats_loudness_bass:
        dmean: 0.30916684866
        dmean2: 0.624671876431
        dvar: 0.0529376715422
        dvar2: 0.116407714784
        max: 0.581099331379
        mean: 0.147649675608
        min: 0.000707607076038
        var: 0.0487185902894
    bpm: 104.584381104
    bpm_confidence: 0
    first_peak_bpm: 105
    first_peak_spread: 0
    first_peak_weight: 0.9375
    onset_rate: 6.09701395035
    second_peak_bpm: 98
    second_peak_spread: 0
    second_peak_weight: 0.0625
    beats_position: [0.32215026021, 0.89604473114, 1.46993923187, 2.04383349419, 2.61772823334, 3.19162273407, 3.7655172348, 4.33941173553, 4.91330623627, 5.487200737, 6.09755659103, 6.67108058929, 7.24460458755, 7.81812858582, 8.39165210724, 8.96517658234, 9.53870010376]
    bpm_estimates: [104.686508179, 104.520072937, 104.60484314, 104.449508667, 104.496253967, 104.435432434, 104.683425903, 104.484191895, 104.52368927, 104.605186462, 104.851799011, 104.477455139, 104.710227966, 104.49684906, 104.541938782, 104.770889282, 104.924331665, 104.493453979, 104.393821716, 104.474365234, 104.647895813]
    bpm_intervals: [0.573894500732, 0.573894500732, 0.573894262314, 0.573894739151, 0.573894500732, 0.573894500732, 0.573894500732, 0.573894500732, 0.573894500732, 0.610355854034, 0.57352399826, 0.57352399826, 0.57352399826, 0.573523521423, 0.573524475098, 0.573523521423]
    onset_times: [0.0348299331963, 0.127709746361, 0.220589563251, 0.31346938014, 0.53405892849, 0.626938760281, 0.893968224525, 1.07972788811, 1.19582772255, 1.47446715832, 1.77632653713, 1.96208620071, 2.06657600403, 2.28716564178, 2.48453521729, 2.51936507225, 2.62385487556, 2.76317453384, 2.91410422325, 3.06503391266, 3.20435380936, 3.32045340538, 3.43655323982, 3.50621318817, 3.78485250473, 4.08671188354, 4.26086187363, 4.36535167694, 4.79492044449, 4.93424034119, 5.15482997894, 5.25931978226, 5.51473903656, 5.65405893326, 5.70049905777, 5.81659841537, 6.08362817764, 6.38548755646, 6.57124710083, 6.66412687302, 6.73378705978, 6.86149644852, 6.9543762207, 7.05886602402, 7.16335582733, 7.25623559952, 7.53487539291, 7.67419481277, 7.81351470947, 8.09215450287, 8.39401340485, 8.53333377838, 8.6958732605, 8.88163280487, 8.97451210022, 9.38086128235, 9.45052146912, 9.55501174927, 9.72916126251, 9.77560043335, 9.86848068237]
    rubato_start: []
    rubato_stop: []
    perceptual_tempo: "unknown"

sfx:
    inharmonicity:
        dmean: 0.070539586246
        dmean2: 0.124072283506
        dvar: 0.00485015986487
        dvar2: 0.0132698863745
        max: 0.373344004154
        mean: 0.0858350247145
        min: 0
        var: 0.00584490550682
    oddtoevenharmonicenergyratio:
        dmean: 2.95732164383
        dmean2: 5.4200797081
        dvar: 36.8302536011
        dvar2: 103.171218872
        max: 48.3266372681
        mean: 2.10046887398
        min: 0
        var: 24.9697551727
    pitch_after_max_to_before_max_energy_ratio: 12.3315811157
    pitch_centroid: 200.720504761
    pitch_max_to_total: 0.122969835997
    pitch_min_to_total: 0.157772615552
    tristimulus:
        dmean: [0.162486836314, 0.225549444556, 0.149817481637]
        dmean2: [0.280080705881, 0.383574962616, 0.259081929922]
        dvar: [0.0209938045591, 0.033787291497, 0.0157971400768]
        dvar2: [0.0585751980543, 0.0987077876925, 0.0420663841069]
        max: [1, 0.996982812881, 0.737111568451]
        mean: [0.258495032787, 0.529867947102, 0.18036223948]
        min: [0.00301728909835, 0, 0]
        var: [0.0338959693909, 0.051501750946, 0.0237826164812]

tonal:
    chords_changes_rate: 0.115207374096
    chords_number_rate: 0.0322580635548
    chords_strength:
        dmean: 0.0143126053736
        dmean2: 0.0182437170297
        dvar: 0.000154263558215
        dvar2: 0.00023932933982
        max: 0.619291841984
        mean: 0.461652398109
        min: 0.29655572772
        var: 0.00706406775862
    key_strength: 0.584615468979
    tuning_diatonic_strength: 0.502121269703
    tuning_equal_tempered_deviation: 0.248337581754
    tuning_frequency: 446.399932861
    tuning_nontempered_energy_ratio: 0.872777581215
    hpcp:
        dmean: [0.155365392566, 0.152672708035, 0.177558630705, 0.198369249701, 0.183716207743, 0.228255733848, 0.19658215344, 0.255003213882, 0.234264627099, 0.215741619468, 0.200519770384, 0.211175829172, 0.203211188316, 0.159760296345, 0.166938602924, 0.175476193428, 0.193895280361, 0.169212087989, 0.128298223019, 0.120034597814, 0.137496262789, 0.14418078959, 0.147942081094, 0.145058944821, 0.15523301065, 0.192522659898, 0.238762632012, 0.27698469162, 0.223811089993, 0.178789019585, 0.168823882937, 0.159110844135, 0.151117101312, 0.149570852518, 0.189840570092, 0.199287027121]
        dmean2: [0.261442601681, 0.255804806948, 0.307691246271, 0.337149441242, 0.316691070795, 0.383924037218, 0.332556426525, 0.449004203081, 0.398910552263, 0.365082412958, 0.333675444126, 0.36305257678, 0.345612466335, 0.269316375256, 0.288478881121, 0.296846866608, 0.324467927217, 0.279970675707, 0.215076997876, 0.197227701545, 0.229552641511, 0.246053680778, 0.252487868071, 0.241781622171, 0.260252475739, 0.329164505005, 0.401317685843, 0.473698735237, 0.393704891205, 0.306848794222, 0.29043635726, 0.276264280081, 0.254488587379, 0.258697479963, 0.326144278049, 0.333072274923]
        dvar: [0.0363273061812, 0.0285594128072, 0.0385043919086, 0.0406941398978, 0.0361537486315, 0.0370166376233, 0.0405040085316, 0.0471231639385, 0.0484351851046, 0.0482632629573, 0.0414764136076, 0.042906600982, 0.0375463478267, 0.0234418660402, 0.0304086878896, 0.0384029336274, 0.0362185910344, 0.0307219009846, 0.0207564700395, 0.0174551457167, 0.0216485392302, 0.027753693983, 0.0236476864666, 0.0244595445693, 0.0289966352284, 0.0410244017839, 0.0389924347401, 0.0471758879721, 0.030929075554, 0.0296864509583, 0.0285934079438, 0.0403538420796, 0.0376013107598, 0.025149365887, 0.041695792228, 0.0512714795768]
        dvar2: [0.0906002521515, 0.0774250775576, 0.100617304444, 0.0970103591681, 0.0908400863409, 0.096091017127, 0.095266148448, 0.131348311901, 0.121846668422, 0.122878737748, 0.108974777162, 0.116221345961, 0.105455212295, 0.066087692976, 0.087875507772, 0.105680949986, 0.0910253301263, 0.0740436166525, 0.0557177178562, 0.0441034995019, 0.0536642000079, 0.0662750303745, 0.0559689179063, 0.0703120529652, 0.0862603932619, 0.115712404251, 0.108445800841, 0.138586312532, 0.0923827886581, 0.0885881707072, 0.0888163819909, 0.110999636352, 0.104688182473, 0.0704059079289, 0.104350864887, 0.142737537622]
        max: [1, 1, 1, 1, 1, 1, 1, 1, 1, 1, 1, 1, 1, 1, 1, 1, 1, 1, 1, 0.847279131413, 1, 1, 0.867672741413, 1, 1, 1, 1, 1, 1, 1, 1, 1, 1, 1, 1, 1]
        mean: [0.261782109737, 0.268135279417, 0.322471350431, 0.344569414854, 0.319300740957, 0.452505677938, 0.577694535255, 0.495888888836, 0.403151422739, 0.349784225225, 0.322404354811, 0.33669295907, 0.306372761726, 0.246874809265, 0.235081031919, 0.256855398417, 0.290167421103, 0.272958040237, 0.201035737991, 0.184888064861, 0.208758413792, 0.230403602123, 0.233086451888, 0.215946599841, 0.23618029058, 0.296076267958, 0.410387516022, 0.43940064311, 0.329825222492, 0.269076287746, 0.260749489069, 0.23216585815, 0.21963237226, 0.273359715939, 0.363227427006, 0.335726976395]
        min: [0.00483161304146, 0.00431676814333, 0.00713008036837, 0.00526055740193, 0.00671667512506, 0.0348081886768, 0.0413907617331, 0.0512575805187, 0.0154351787642, 0.00813000928611, 0.00455371197313, 0.00570132490247, 0.0052602449432, 0.00508046615869, 0.0039189606905, 0.00436294171959, 0.00754517316818, 0.0124426102266, 0.00792542286217, 0.00470415316522, 0.00417879037559, 0.00622758595273, 0.0064792111516, 0.00486415997148, 0.00738119380549, 0.00875722244382, 0.033456671983, 0.0311958361417, 0.0173955969512, 0.00719169573858, 0.00617831945419, 0.00632559880614, 0.00453240657225, 0.00655836984515, 0.0163871329278, 0.0156744085252]
        var: [0.0613861829042, 0.054970074445, 0.0723957121372, 0.091948106885, 0.0708371773362, 0.0621365830302, 0.103121370077, 0.0669842138886, 0.0996812358499, 0.0857493057847, 0.0736768320203, 0.0790107101202, 0.0697327777743, 0.047083709389, 0.0488721393049, 0.0594294965267, 0.0640383139253, 0.0611910372972, 0.0340408831835, 0.0303431488574, 0.0381386615336, 0.048583265394, 0.0473204441369, 0.0387304052711, 0.0448005348444, 0.0650232806802, 0.0689099952579, 0.075570486486, 0.0449267365038, 0.0471252501011, 0.0417348183692, 0.0453967042267, 0.0475276857615, 0.0522954575717, 0.0956425666809, 0.0865064784884]
    chords_histogram: [49.3087539673, 0, 0.921658992767, 0, 0, 12.9032258987, 0, 8.29493045807, 0, 1.38248848915, 0, 0, 8.29493045807, 0, 0, 0, 0, 5.5299539566, 0, 13.3640556335, 0, 0, 0, 0]
    thpcp: [1, 0.858392894268, 0.697862625122, 0.60548299551, 0.558087944984, 0.582821786404, 0.530336976051, 0.427344888449, 0.406929641962, 0.444621473551, 0.502285182476, 0.472495436668, 0.347996592522, 0.320044696331, 0.36136469245, 0.398832917213, 0.403476983309, 0.373807579279, 0.408832490444, 0.512513518333, 0.710388422012, 0.760610699654, 0.570933580399, 0.465776056051, 0.451362222433, 0.401883423328, 0.38018772006, 0.473190754652, 0.628753423691, 0.581149637699, 0.453149706125, 0.464147150517, 0.558203935623, 0.596456050873, 0.552715539932, 0.783295750618]
    chords_key: "B"
    chords_scale: "minor"
    key_key: "B"
    key_scale: "minor"
    chords_progression: ["B", "B", "Bm", "Bm", "Bm", "Bm", "Bm", "Bm", "Bm", "Bm", "Bm", "Bm", "Bm", "Bm", "Bm", "Bm", "Bm", "Bm", "Bm", "Bm", "Bm", "Bm", "Bm", "Bm", "Bm", "Bm", "Bm", "Bm", "Bm", "Bm", "Bm", "Bm", "E", "E", "F#m", "F#m", "Fm", "Fm", "F#", "F", "F#", "F", "F#", "F", "E", "E", "E", "E", "E", "E", "E", "E", "E", "E", "E", "E", "E", "E", "E", "E", "E", "E", "E", "E", "E", "E", "E", "E", "E", "E", "A#", "A#", "A#", "A#", "A#", "A#", "A#", "A#", "A#", "A#", "A#", "A#", "Bm", "Bm", "Bm", "Bm", "Bm", "Bm", "Bm", "Bm", "B", "B", "B", "Bm", "Bm", "Bm", "Bm", "Bm", "Bm", "Bm", "Bm", "Bm", "Bm", "Bm", "Bm", "Bm", "Bm", "Bm", "Bm", "Bm", "Bm", "Bm", "Bm", "Bm", "Bm", "Bm", "Bm", "Bm", "Bm", "Bm", "Bm", "Bm", "Bm", "Bm", "Bm", "Bm", "Bm", "Bm", "Bm", "Bm", "Bm", "F", "Fm", "Fm", "Fm", "Fm", "Fm", "F", "F", "F", "F", "F", "F", "F", "F", "F", "F", "F", "F", "F", "F", "F", "F", "F", "F", "Fm", "Fm", "Fm", "Fm", "Fm", "Fm", "Fm", "Fm", "Fm", "Fm", "Fm", "F", "F", "F", "F", "F", "F", "F", "Bm", "Bm", "Bm", "Bm", "Bm", "Bm", "Bm", "Bm", "Bm", "Bm", "Bm", "Bm", "Bm", "Bm", "Bm", "Bm", "Bm", "Bm", "Bm", "Bm", "B", "B", "B", "B", "B", "B", "B", "B", "Bm", "Bm", "B", "B", "B", "B", "B", "Bm", "Bm", "Bm", "Bm", "Bm", "Bm", "Bm", "Bm", "Bm"]
