
metadata:
    version:
        essentia: "1.2.2"
    audio_properties:
        analysis_sample_rate: 44100
        bitrate: 128
        channels: 2
        equal_loudness: 1
        length: 9.97877597809
        replay_gain: -11.0209980011
        downmix: "mix"
    tags:
        track: 3
        year: 0
        album: "Splitted by Mp3Splt v. 2.1"
        artist: "From 000.20 To 000.30"
        comment: "http://mp3splt.sf.net"
        genre: ""
        title: "16 Track 16.mp3"

highlevel:
    ballroom:
        all:
            ChaChaCha: 0.0289606153965
            Jive: 0.0943300351501
            Quickstep: 0.546312332153
            Rumba-American: 0.0125234629959
            Rumba-International: 0.0203218124807
            Rumba-Misc: 0.0192846506834
            Samba: 0.0375345237553
            Tango: 0.138883858919
            VienneseWaltz: 0.0766249597073
            Waltz: 0.0252237357199
        probability: 0.546312332153
        value: "Quickstep"
    culture:
        all:
            non_western: 0.626790046692
            western: 0.37320998311
        probability: 0.626790046692
        value: "non_western"
    gender:
        all:
            female: 0.165391400456
            male: 0.834608614445
        probability: 0.834608614445
        value: "male"
    genre_dortmund:
        all:
            alternative: 0.0969113111496
            blues: 0.309235334396
            electronic: 0.00686021102592
            folkcountry: 0.279233962297
            funksoulrnb: 0.00947274826467
            jazz: 0.0323390439153
            pop: 0.0346467941999
            raphiphop: 0.0178584810346
            rock: 0.213442116976
        probability: 0.309235334396
        value: "blues"
    genre_electronica:
        all:
            ambient: 0.792394340038
            dnb: 0.0815007016063
            house: 0.0573297962546
            techno: 0.0247330442071
            trance: 0.0440420992672
        probability: 0.792394340038
        value: "ambient"
    genre_rosamerica:
        all:
            cla: 0.0666129514575
            dan: 0.00698831165209
            hip: 0.0920739471912
            jaz: 0.0684981271625
            pop: 0.0778248533607
            rhy: 0.568675994873
            roc: 0.105089470744
            spe: 0.0142363607883
        probability: 0.568675994873
        value: "rhy"
    genre_tzanetakis:
        all:
            blu: 0.00174145051278
            cla: 0.00123420811724
            cou: 0.875989079475
            dis: 0.00982465595007
            hip: 0.00364821404219
            jaz: 0.00163351371884
            met: 0.00162849004846
            pop: 0.0138516100124
            reg: 0.066030561924
            roc: 0.0244182422757
        probability: 0.875989079475
        value: "cou"
    live_studio:
        all:
            live: 0.0126456283033
            studio: 0.987354397774
        probability: 0.987354397774
        value: "studio"
    mood:
        all:
            Cluster1: 0.130552381277
            Cluster2: 0.266406774521
            Cluster3: 0.208316892385
            Cluster4: 0.129307284951
            Cluster5: 0.265416681767
        probability: 0.266406774521
        value: "Cluster2"
    mood_acoustic:
        all:
            acoustic: 0.769849717617
            not_acoustic: 0.230150297284
        probability: 0.769849717617
        value: "acoustic"
    mood_aggressive:
        all:
            aggressive: 0.0876063331962
            not_aggressive: 0.912393689156
        probability: 0.912393689156
        value: "not_aggressive"
    mood_electronic:
        all:
            electronic: 0.0265075266361
            not_electronic: 0.973492443562
        probability: 0.973492443562
        value: "not_electronic"
    mood_happy:
        all:
            happy: 0.452709943056
            not_happy: 0.547290086746
        probability: 0.547290086746
        value: "not_happy"
    mood_party:
        all:
            not_party: 0.669362127781
            party: 0.330637872219
        probability: 0.669362127781
        value: "not_party"
    mood_relaxed:
        all:
            not_relaxed: 0.78643912077
            relaxed: 0.213560894132
        probability: 0.78643912077
        value: "not_relaxed"
    mood_sad:
        all:
            not_sad: 0.425592899323
            sad: 0.574407100677
        probability: 0.574407100677
        value: "sad"
    rhythm:
        all:
            fast: 0.939953804016
            medium: 0.0438884906471
            slow: 0.0161577295512
        probability: 0.939953804016
        value: "fast"
    speech_music:
        all:
            music: 0.97387367487
            speech: 0.0261263307184
        probability: 0.97387367487
        value: "music"
    timbre:
        all:
            bright: 0.918814122677
            dark: 0.0811858698726
        probability: 0.918814122677
        value: "bright"
    voice_instrumental:
        all:
            instrumental: 0.00106667645741
            voice: 0.998933315277
        probability: 0.998933315277
        value: "voice"

lowlevel:
    average_loudness: 0.916230022907
    barkbands_kurtosis:
        dmean: 0.887078642845
        dmean2: 1.35329008102
        dvar: 1.49093258381
        dvar2: 3.73669552803
        max: 14.4394931793
        mean: 0.25374853611
        min: -1.81968355179
        var: 4.53672885895
    barkbands_skewness:
        dmean: 0.355721920729
        dmean2: 0.539270043373
        dvar: 0.130380868912
        dvar2: 0.29961809516
        max: 3.4324862957
        mean: 0.680977642536
        min: -2.54474115372
        var: 0.699129700661
    barkbands_spread:
        dmean: 4.45980262756
        dmean2: 7.01596260071
        dvar: 29.521572113
        dvar2: 73.3947525024
        max: 62.2995300293
        mean: 24.7397232056
        min: 3.69915413857
        var: 123.433280945
    dissonance:
        dmean: 0.0251168068498
        dmean2: 0.0403290651739
        dvar: 0.000762688869145
        dvar2: 0.00185683136806
        max: 0.496412158012
        mean: 0.433242797852
        min: 0.15625615418
        var: 0.00275543378666
    hfc:
        dmean: 1.15688967705
        dmean2: 1.56202530861
        dvar: 4.27764606476
        dvar2: 5.92867326736
        max: 42.0631332397
        mean: 3.79469060898
        min: 0.064490377903
        var: 23.7492980957
    pitch:
        dmean: 341.333648682
        dmean2: 664.88067627
        dvar: 963901.4375
        dvar2: 2561358.75
        max: 4900
        mean: 445.659851074
        min: 73.6227035522
        var: 788565.3125
    pitch_instantaneous_confidence:
        dmean: 0.0806670114398
        dmean2: 0.125458568335
        dvar: 0.00891693495214
        dvar2: 0.0196583531797
        max: 0.948340952396
        mean: 0.548409819603
        min: 0.174710452557
        var: 0.047512717545
    pitch_salience:
        dmean: 0.0631308704615
        dmean2: 0.10406550765
        dvar: 0.00347453705035
        dvar2: 0.00920673646033
        max: 0.847296714783
        mean: 0.622056543827
        min: 0.252191990614
        var: 0.0101109212264
    silence_rate_20dB:
        dmean: 0
        dmean2: 0
        dvar: 0
        dvar2: 0
        max: 1
        mean: 1
        min: 1
        var: 0
    silence_rate_30dB:
        dmean: 0
        dmean2: 0
        dvar: 0
        dvar2: 0
        max: 1
        mean: 1
        min: 1
        var: 0
    silence_rate_60dB:
        dmean: 0.111888110638
        dmean2: 0.221962615848
        dvar: 0.0993694961071
        dvar2: 0.186714157462
        max: 1
        mean: 0.683720946312
        min: 0
        var: 0.216246187687
    spectral_centroid:
        dmean: 182.926483154
        dmean2: 283.194793701
        dvar: 56013.1367188
        dvar2: 110344.296875
        max: 3551.54785156
        mean: 1191.0378418
        min: 400.935638428
        var: 283392.0625
    spectral_complexity:
        dmean: 1.908665061
        dmean2: 2.87793421745
        dvar: 4.71062374115
        dvar2: 8.85363483429
        max: 22
        mean: 7.81308412552
        min: 0
        var: 24.0258293152
    spectral_crest:
        dmean: 2.09593081474
        dmean2: 3.39473128319
        dvar: 4.44025278091
        dvar2: 10.9808559418
        max: 23.6302776337
        mean: 8.3867521286
        min: 3.22514390945
        var: 13.3728628159
    spectral_decrease:
        dmean: 1.90289520252e-10
        dmean2: 2.70057837204e-10
        dvar: 8.80021362447e-20
        dvar2: 1.54207042298e-19
        max: -1.44461647505e-11
        mean: -6.77585654252e-10
        min: -3.78431908032e-09
        var: 4.10382861753e-19
    spectral_energy:
        dmean: 0.000810361467302
        dmean2: 0.0011476444779
        dvar: 1.61510536145e-06
        dvar2: 2.69377619588e-06
        max: 0.0180364064872
        mean: 0.00290155247785
        min: 6.03726257395e-05
        var: 7.85569500295e-06
    spectral_energyband_high:
        dmean: 4.80573144159e-05
        dmean2: 7.55092623876e-05
        dvar: 1.13826592596e-08
        dvar2: 2.55095251589e-08
        max: 0.00114280590788
        mean: 7.87412063801e-05
        min: 3.91224716623e-07
        var: 2.23160299129e-08
    spectral_energyband_low:
        dmean: 5.92715659877e-05
        dmean2: 0.000103619589936
        dvar: 4.13614849037e-08
        dvar2: 1.20253687896e-07
        max: 0.00175126199611
        mean: 8.98856960703e-05
        min: 1.42839937212e-07
        var: 2.62981032506e-08
    spectral_energyband_middle_high:
        dmean: 0.000382257712772
        dmean2: 0.000487430341309
        dvar: 5.77752246045e-07
        dvar2: 7.5432808444e-07
        max: 0.0163860972971
        mean: 0.00121269270312
        min: 2.78767747659e-05
        var: 3.20057097269e-06
    spectral_energyband_middle_low:
        dmean: 0.000523338851053
        dmean2: 0.000803845468909
        dvar: 1.02961098492e-06
        dvar2: 2.35292509387e-06
        max: 0.0123351216316
        mean: 0.00152022310067
        min: 3.07326372422e-05
        var: 2.61617151409e-06
    spectral_flatness_db:
        dmean: 0.0179846342653
        dmean2: 0.0269231237471
        dvar: 0.000312397285597
        dvar2: 0.00057608995121
        max: 0.347351670265
        mean: 0.191627755761
        min: 0.0995626822114
        var: 0.00194351875689
    spectral_flux:
        dmean: 0.00914871506393
        dmean2: 0.0140321878716
        dvar: 0.000110475499241
        dvar2: 0.000220901056309
        max: 0.131349518895
        mean: 0.027170624584
        min: 0.00306450389326
        var: 0.000363484054105
    spectral_kurtosis:
        dmean: 3.01766753197
        dmean2: 5.08325958252
        dvar: 11.5654459
        dvar2: 32.6665000916
        max: 38.5531196594
        mean: 7.37335395813
        min: 0.307241916656
        var: 29.9404296875
    spectral_rms:
        dmean: 0.000228311313549
        dmean2: 0.000316377117997
        dvar: 8.41378096084e-08
        dvar2: 1.30083307681e-07
        max: 0.00419481750578
        mean: 0.00151706859469
        min: 0.000242693480686
        var: 5.29283340711e-07
    spectral_rolloff:
        dmean: 391.631835938
        dmean2: 644.883605957
        dvar: 272642.28125
        dvar2: 605873.9375
        max: 4952.63671875
        mean: 2294.74511719
        min: 344.53125
        var: 1199830.875
    spectral_skewness:
        dmean: 0.329287111759
        dmean2: 0.549018979073
        dvar: 0.107635930181
        dvar2: 0.278421372175
        max: 4.92775011063
        mean: 1.75697541237
        min: 0.488064676523
        var: 0.443261116743
    spectral_spread:
        dmean: 477148.9375
        dmean2: 668947.875
        dvar: 313435750400
        dvar2: 564810743808
        max: 8053542
        mean: 3220722.75
        min: 1267484.625
        var: 1.06298402406e+12
    spectral_strongpeak:
        dmean: 0.277462929487
        dmean2: 0.471297115088
        dvar: 0.299761325121
        dvar2: 0.785992860794
        max: 6.34899234772
        mean: 0.534753024578
        min: 0.0157081000507
        var: 0.475728750229
    zerocrossingrate:
        dmean: 0.00763982906938
        dmean2: 0.0084360325709
        dvar: 6.4018779085e-05
        dvar2: 7.64513533795e-05
        max: 0.1689453125
        mean: 0.0687632337213
        min: 0.01904296875
        var: 0.000712939014193
    barkbands:
        dmean: [6.86569947561e-08, 2.09354311664e-05, 3.97181429435e-05, 0.000113937428978, 0.000172146479599, 7.97654865892e-05, 0.000114094204037, 0.000112591020297, 0.000227013311815, 5.59580657864e-05, 6.18290068815e-05, 2.96745110973e-05, 4.71744970127e-05, 3.06783113047e-05, 3.40444057656e-05, 5.89686424064e-05, 0.000122803830891, 5.5085078202e-05, 8.69272480486e-05, 6.50878428132e-05, 2.19267203647e-05, 4.63725518784e-06, 1.08814640498e-06, 4.32895404856e-07, 1.8413196301e-07, 8.00857780092e-09, 1.58527857508e-10]
        dmean2: [9.34678823228e-08, 3.87146756111e-05, 6.7433451477e-05, 0.000192206251086, 0.000290366209811, 0.000123233156046, 0.000166386977071, 0.000172673215275, 0.000357993267244, 8.13231818029e-05, 8.78078499227e-05, 4.41393567598e-05, 7.10667809471e-05, 4.6002704039e-05, 5.27590600541e-05, 8.69068753673e-05, 0.000159458460985, 8.10044293758e-05, 0.000128407191369, 9.76385417744e-05, 3.29739632434e-05, 7.5002108133e-06, 1.74987178525e-06, 6.38482617887e-07, 2.73097413128e-07, 1.26916548382e-08, 2.65580391012e-10]
        dvar: [2.11619038807e-13, 7.78973596738e-09, 1.37153017832e-08, 3.61950185379e-08, 9.9165859524e-08, 3.65700181248e-08, 7.91941019429e-08, 2.36370624407e-07, 5.1686288316e-07, 2.24203322574e-08, 5.5062947979e-08, 3.83368981005e-09, 3.26302895814e-08, 3.45284267844e-09, 8.08778999328e-09, 6.6377111807e-08, 1.46608840623e-07, 3.82129492493e-08, 3.44391501983e-08, 1.4468496623e-08, 2.71058397949e-09, 1.51880438781e-10, 1.21174771606e-11, 2.85897173991e-12, 3.20911293416e-13, 2.80118666096e-16, 2.39995727234e-19]
        dvar2: [2.41743311567e-13, 2.30460788231e-08, 3.91800121236e-08, 9.85178871815e-08, 2.41481956209e-07, 7.75531603381e-08, 1.50598566506e-07, 4.7489081112e-07, 1.16889111723e-06, 3.33145386833e-08, 1.16239142756e-07, 8.33632451958e-09, 6.15839539364e-08, 7.10388237124e-09, 2.01026768565e-08, 1.04852908578e-07, 1.7104962069e-07, 7.33256939611e-08, 6.96656030641e-08, 3.09527301567e-08, 5.5881699268e-09, 3.61179586239e-10, 2.69968613437e-11, 5.81189783799e-12, 6.28404663375e-13, 6.3424789475e-16, 2.68793244778e-19]
        max: [9.01801195141e-06, 0.000772258965299, 0.000977985211648, 0.00195378251374, 0.00233870721422, 0.00226882239804, 0.00369755225256, 0.00853474624455, 0.0096689183265, 0.0027786642313, 0.00368599756621, 0.000885176879819, 0.00286008929834, 0.000818580912892, 0.000988623360172, 0.00557289086282, 0.00854859035462, 0.00384470378049, 0.00269037554972, 0.00119705381803, 0.000842011591885, 0.000131619293825, 4.4052638259e-05, 2.54346814472e-05, 9.82428264251e-06, 1.35841531801e-07, 1.05507691472e-08]
        mean: [7.51867403892e-08, 2.18120258069e-05, 6.80093580741e-05, 0.000172591724549, 0.00025153849856, 0.000154328678036, 0.000201095070224, 0.000266170973191, 0.00046072769328, 0.000128454950755, 9.96140224743e-05, 5.45982111362e-05, 8.88347858563e-05, 6.1538128648e-05, 5.77342325414e-05, 0.000111569817818, 0.000239672503085, 0.000111445784569, 0.000192941020941, 0.000116018083645, 3.41563463735e-05, 6.29254464002e-06, 1.49538016103e-06, 6.03826606493e-07, 2.26697736139e-07, 8.77197425808e-09, 1.48528161992e-10]
        min: [7.81219967189e-12, 7.49403383793e-09, 4.88648552732e-08, 1.75189427409e-07, 3.0264209272e-06, 1.10888345262e-06, 3.98883685193e-07, 2.68824834393e-07, 1.00327440578e-06, 4.27377926826e-07, 1.11173626749e-07, 4.30635253679e-07, 2.84296760356e-07, 7.823306305e-07, 6.36281924926e-07, 7.89875002738e-07, 1.91738899957e-06, 8.64611251927e-07, 6.03069906902e-07, 5.57907185339e-07, 1.30486668581e-07, 1.16703535724e-08, 1.06292852298e-09, 3.94059201936e-10, 2.00701372188e-10, 8.79592666064e-12, 3.39507745918e-14]
        var: [2.12540271841e-13, 4.3092271973e-09, 1.02392494483e-08, 4.23180459563e-08, 1.18997327547e-07, 9.30784409547e-08, 1.73973759843e-07, 6.19936201929e-07, 1.28662918542e-06, 7.93360896978e-08, 8.64356479724e-08, 9.19912412911e-09, 8.88278819389e-08, 1.10976419165e-08, 1.51168215723e-08, 2.29908948768e-07, 4.6281022037e-07, 1.1206248729e-07, 1.00616993848e-07, 3.08365706303e-08, 6.94011115243e-09, 2.1495220881e-10, 2.04578385482e-11, 5.41038611482e-12, 6.21777369175e-13, 3.89730552823e-16, 2.94276637349e-19]
    mfcc:
        mean: [-784.654541016, 153.581451416, -65.8215637207, 50.2807655334, -18.0604381561, -14.0449819565, -0.683398783207, -3.67486262321, -5.68852853775, -3.88710379601, -6.50849056244, -6.8134560585, -4.84304141998]
        cov: [[3504.234375, -1253.18017578, -62.296043396, -51.3841972351, -198.901748657, -28.0808944702, -168.589874268, -17.8908443451, -117.430366516, 137.745407104, 40.7433052063, 5.10659122467, -57.7835731506], [-1253.18017578, 1287.25671387, -130.269958496, -160.768188477, -30.8123760223, -131.701034546, 162.055328369, 159.157516479, 18.7984466553, 69.5350036621, 4.85409212112, -56.8657417297, 65.5481796265], [-62.296043396, -130.269958496, 479.74911499, -10.309679985, -2.33152198792, 111.321098328, 28.1457576752, -32.6509284973, 62.0273017883, -54.6762657166, -40.5342788696, 19.9139480591, -21.3602638245], [-51.3841972351, -160.768188477, -10.309679985, 383.272918701, 120.562904358, 86.3566665649, -55.4439849854, -19.2457733154, 24.4191303253, -72.2003173828, 31.7844905853, 40.4761047363, 8.5313205719], [-198.901748657, -30.8123760223, -2.33152198792, 120.562904358, 264.598510742, 43.1176872253, -15.7619667053, -21.686044693, 37.5769081116, -7.00702381134, -6.87254810333, 5.76394557953, 5.49923944473], [-28.0808944702, -131.701034546, 111.321098328, 86.3566665649, 43.1176872253, 334.038635254, 57.4632415771, -45.1548461914, 61.2911911011, -38.6542930603, 24.5813007355, 56.0360298157, -57.7287864685], [-168.589874268, 162.055328369, 28.1457576752, -55.4439849854, -15.7619667053, 57.4632415771, 211.858886719, 81.4894943237, 36.9853134155, 13.6438694, 27.1949596405, 25.9530906677, -11.8649682999], [-17.8908443451, 159.157516479, -32.6509284973, -19.2457733154, -21.686044693, -45.1548461914, 81.4894943237, 130.264968872, 5.39177131653, 24.8096027374, -1.93826889992, -8.6419801712, 18.1280822754], [-117.430366516, 18.7984466553, 62.0273017883, 24.4191303253, 37.5769081116, 61.2911911011, 36.9853134155, 5.39177131653, 103.239471436, 5.13380289078, 1.53039097786, 20.6096420288, -3.63437986374], [137.745407104, 69.5350036621, -54.6762657166, -72.2003173828, -7.00702381134, -38.6542930603, 13.6438694, 24.8096027374, 5.13380289078, 134.032028198, 12.7475032806, -22.7786540985, 15.6934728622], [40.7433052063, 4.85409212112, -40.5342788696, 31.7844905853, -6.87254810333, 24.5813007355, 27.1949596405, -1.93826889992, 1.53039097786, 12.7475032806, 99.7859420776, 43.9810943604, -18.9497413635], [5.10659122467, -56.8657417297, 19.9139480591, 40.4761047363, 5.76394557953, 56.0360298157, 25.9530906677, -8.6419801712, 20.6096420288, -22.7786540985, 43.9810943604, 83.133102417, -4.18121004105], [-57.7835731506, 65.5481796265, -21.3602638245, 8.5313205719, 5.49923944473, -57.7287864685, -11.8649682999, 18.1280822754, -3.63437986374, 15.6934728622, -18.9497413635, -4.18121004105, 79.2443008423]]
        icov: [[0.000638012017589, 0.000740646268241, 6.3969513576e-05, 0.000143787197885, 0.000377768708859, -6.35245087324e-05, 0.000371537957108, -0.000854225130752, 0.00037278662785, -0.000813067599665, -0.000282402994344, 3.54558651452e-05, 0.000145359503222], [0.000740646268241, 0.00196375139058, 0.000299489154713, 0.000589369330555, 0.000321546656778, 2.79371524812e-05, -0.000126154074678, -0.00171220581979, -3.07768350467e-05, -0.000618093821686, -0.000988688669167, 0.00108273304068, -0.000754469947424], [6.3969513576e-05, 0.000299489154713, 0.00273992540315, 0.00035815773299, 0.00029490632005, -0.000491463462822, -0.000380167388357, 0.000400729943067, -0.00142485368997, 0.000822220812552, 0.00123525282834, -0.000232243444771, 2.67729283223e-05], [0.000143787197885, 0.000589369330555, 0.00035815773299, 0.00459902221337, -0.00162758631632, -0.00125472084619, 0.00198873179033, -0.00206671492197, -0.000732286600396, 0.00246293772943, -0.00260999426246, 0.000331864313921, -0.00193975726143], [0.000377768708859, 0.000321546656778, 0.00029490632005, -0.00162758631632, 0.00506012747064, -5.30434917891e-05, -0.000139833806315, 0.000692111614626, -0.00119811040349, -0.00121565291192, 0.00101208966225, 0.000154149107402, 0.000131098291604], [-6.35245087324e-05, 2.79371524812e-05, -0.000491463462822, -0.00125472084619, -5.30434917891e-05, 0.00516328355297, -0.00209567742422, 0.00232172175311, -0.0014041881077, -0.000288690731395, 0.00106147199403, -0.00197127857246, 0.00299595715478], [0.000371537957108, -0.000126154074678, -0.000380167388357, 0.00198873179033, -0.000139833806315, -0.00209567742422, 0.00946595333517, -0.0064866845496, -0.00117511535063, 0.000123491699924, -0.00227280403487, -0.00162895314861, 0.000735126202926], [-0.000854225130752, -0.00171220581979, 0.000400729943067, -0.00206671492197, 0.000692111614626, 0.00232172175311, -0.0064866845496, 0.0147430906072, -0.000587169954088, -0.00061691692099, 0.0025735932868, 0.000308481074171, -0.000849708390888], [0.00037278662785, -3.07768350467e-05, -0.00142485368997, -0.000732286600396, -0.00119811040349, -0.0014041881077, -0.00117511535063, -0.000587169954088, 0.0135943964124, -0.0028153101448, 0.00162577466108, -0.00299117527902, 0.000422605487984], [-0.000813067599665, -0.000618093821686, 0.000822220812552, 0.00246293772943, -0.00121565291192, -0.000288690731395, 0.000123491699924, -0.00061691692099, -0.0028153101448, 0.011884380132, -0.00420426065102, 0.00441744644195, -0.00334644387476], [-0.000282402994344, -0.000988688669167, 0.00123525282834, -0.00260999426246, 0.00101208966225, 0.00106147199403, -0.00227280403487, 0.0025735932868, 0.00162577466108, -0.00420426065102, 0.0181607976556, -0.0103687373921, 0.00570271769539], [3.54558651452e-05, 0.00108273304068, -0.000232243444771, 0.000331864313921, 0.000154149107402, -0.00197127857246, -0.00162895314861, 0.000308481074171, -0.00299117527902, 0.00441744644195, -0.0103687373921, 0.0217022392899, -0.00507570523769], [0.000145359503222, -0.000754469947424, 2.67729283223e-05, -0.00193975726143, 0.000131098291604, 0.00299595715478, 0.000735126202926, -0.000849708390888, 0.000422605487984, -0.00334644387476, 0.00570271769539, -0.00507570523769, 0.0178211890161]]
    spectral_contrast:
        mean: [3.45028894344e-07, -6.577139402e-07, 2.28635343547e-07, -1.68682532831e-07, 8.03200421728e-08, -1.67220278513e-07, -5.61181923331e-06, -9.19137033151e-09, -1.70193538906e-06, -2.20760011871e-06, -1.93937921722e-06, 2.68248754764e-06]
        var: [0.000870433577802, 0.00128537707496, 0.00208466732875, 0.00332144601271, 0.00370338791981, 0.0150807360187, 0.0618990398943, 0.118153713644, 0.179561167955, 0.397071450949, 0.470567643642, 2.18740868568]

rhythm:
    beats_loudness:
        dmean: 0.00353889679536
        dmean2: 0.00693176919594
        dvar: 5.30001670995e-06
        dvar2: 1.16465434985e-05
        max: 0.011276206933
        mean: 0.00463409535587
        min: 0.000790686346591
        var: 7.68556492403e-06
    beats_loudness_bass:
        dmean: 0.0778948962688
        dmean2: 0.153102472425
        dvar: 0.0075989398174
        dvar2: 0.0209768749774
        max: 0.391744285822
        mean: 0.10508055985
        min: 5.76365346205e-05
        var: 0.00962353590876
    bpm: 125.808166504
    bpm_confidence: 0
    first_peak_bpm: 126
    first_peak_spread: 0
    first_peak_weight: 0.947368443012
    onset_rate: 3.80808258057
    second_peak_bpm: 116
    second_peak_spread: 0
    second_peak_weight: 0.0526315793395
    beats_position: [0.359226852655, 0.834741413593, 1.31025600433, 1.78577053547, 2.26128530502, 2.73679995537, 3.21231436729, 3.68782877922, 4.16334295273, 4.63885784149, 5.11437225342, 5.58988666534, 6.10671901703, 6.58467531204, 7.06263256073, 7.54058933258, 8.01854610443, 8.49650192261, 8.97445869446, 9.45241641998]
    bpm_estimates: [126.661308289, 126.156288147, 127.48135376, 126.252754211, 124.697669983, 125.795944214, 126.133605957, 126.287895203, 125.722236633, 125.579582214, 125.421897888, 125.517440796, 125.681159973, 126.100013733, 124.608688354, 125.656280518, 125.512306213, 125.531440735, 125.557304382]
    bpm_intervals: [0.475514560938, 0.47551459074, 0.475514531136, 0.475514769554, 0.475514650345, 0.475514411926, 0.475514411926, 0.475514173508, 0.475514888763, 0.475514411926, 0.475514411926, 0.516832351685, 0.477956295013, 0.477957248688, 0.477956771851, 0.477956771851, 0.477955818176, 0.477956771851, 0.477957725525]
    onset_times: [0.0580498874187, 0.150929704309, 0.348299324512, 0.487619042397, 0.650158703327, 0.754648506641, 1.30031740665, 1.78793644905, 2.11301589012, 2.2523355484, 2.73995471001, 3.06503391266, 3.20435380936, 3.68036270142, 3.98222231865, 4.49306106567, 4.62077093124, 4.94585037231, 5.13160991669, 5.4334692955, 5.59600925446, 6.09523820877, 6.37387752533, 6.5596370697, 6.74539661407, 6.87310647964, 7.05886602402, 7.33750581741, 7.54648542404, 7.85995483398, 8.01088428497, 8.33596324921, 8.498503685, 8.84680271149, 8.98612213135, 9.47374153137, 9.79882049561, 9.93814086914]
    rubato_start: []
    rubato_stop: []
    perceptual_tempo: "unknown"

sfx:
    inharmonicity:
        dmean: 0.0387438647449
        dmean2: 0.0683582946658
        dvar: 0.0024096283596
        dvar2: 0.00705962162465
        max: 0.362294763327
        mean: 0.0455964803696
        min: 1.33901166919e-05
        var: 0.00241129286587
    oddtoevenharmonicenergyratio:
        dmean: 17.2493152618
        dmean2: 29.1129322052
        dvar: 30725.8867188
        dvar2: 77469.5859375
        max: 2929.45996094
        mean: 11.6813907623
        min: 0.000422562123276
        var: 22827.0878906
    pitch_after_max_to_before_max_energy_ratio: 10.656999588
    pitch_centroid: 193.349609375
    pitch_max_to_total: 0.0420560762286
    pitch_min_to_total: 0.359813094139
    tristimulus:
        dmean: [0.21038351953, 0.238407164812, 0.0862275660038]
        dmean2: [0.365574508905, 0.420036286116, 0.153650209308]
        dvar: [0.0335430428386, 0.0509664565325, 0.0106026092544]
        dvar2: [0.0866142958403, 0.133610054851, 0.0296068564057]
        max: [0.977120637894, 0.989763200283, 0.721580505371]
        mean: [0.409540265799, 0.436538010836, 0.0923244506121]
        min: [0.00119259604253, 0, 0]
        var: [0.0571209900081, 0.0680154487491, 0.0126749370247]

tonal:
    chords_changes_rate: 0.0511627905071
    chords_number_rate: 0.0186046510935
    chords_strength:
        dmean: 0.0102274492383
        dmean2: 0.0101463664323
        dvar: 8.86067864485e-05
        dvar2: 8.16059909994e-05
        max: 0.772315382957
        mean: 0.63312292099
        min: 0.429885715246
        var: 0.00431572226807
    key_strength: 0.748929619789
    tuning_diatonic_strength: 0.669160425663
    tuning_equal_tempered_deviation: 0.411402195692
    tuning_frequency: 453.678466797
    tuning_nontempered_energy_ratio: 0.981252968311
    hpcp:
        dmean: [0.13404981792, 0.110563807189, 0.073211543262, 0.0672916024923, 0.0937055498362, 0.104533046484, 0.109476856887, 0.0915433242917, 0.0934305936098, 0.0774432271719, 0.0840351581573, 0.0770196542144, 0.120089225471, 0.173406392336, 0.148677259684, 0.138148605824, 0.106308452785, 0.091259509325, 0.114164575934, 0.185682579875, 0.205014199018, 0.17039744556, 0.0985349863768, 0.0874183773994, 0.0913078784943, 0.120180800557, 0.12417268008, 0.129480525851, 0.120712004602, 0.105617508292, 0.0757496729493, 0.0671506226063, 0.102151460946, 0.156414657831, 0.21055752039, 0.190090924501]
        dmean2: [0.220528483391, 0.1898047328, 0.127598047256, 0.118796177208, 0.153214365244, 0.176686495543, 0.172491550446, 0.151366353035, 0.1561832726, 0.136539697647, 0.138651669025, 0.12204760313, 0.209547787905, 0.281233608723, 0.229806691408, 0.236001640558, 0.186298012733, 0.158053278923, 0.192703589797, 0.308665394783, 0.331811130047, 0.292824357748, 0.168727770448, 0.150790691376, 0.154903933406, 0.208760902286, 0.21691173315, 0.230326876044, 0.204380109906, 0.177380785346, 0.133648425341, 0.115752570331, 0.177719458938, 0.260715395212, 0.339258551598, 0.290654867887]
        dvar: [0.0317365825176, 0.0402566902339, 0.0216768011451, 0.0153076089919, 0.0309418495744, 0.0371050797403, 0.0342518091202, 0.0275330338627, 0.02884073928, 0.0214975308627, 0.0245254505426, 0.0130214709789, 0.035643350333, 0.0593488588929, 0.0356835536659, 0.0345479249954, 0.0364595614374, 0.0229660347104, 0.0278213713318, 0.0506210513413, 0.0555066689849, 0.0619999952614, 0.0262461826205, 0.0337975509465, 0.0286172162741, 0.0373294986784, 0.0439631640911, 0.043007504195, 0.0403287447989, 0.0302777700126, 0.0191662013531, 0.0188319887966, 0.0289958119392, 0.0358386784792, 0.053497672081, 0.0367483012378]
        dvar2: [0.0763457641006, 0.111276879907, 0.0607112422585, 0.04251890257, 0.079321578145, 0.0837814807892, 0.0936286225915, 0.0587401017547, 0.0779390633106, 0.0581724084914, 0.0671164095402, 0.0329269319773, 0.103082351387, 0.163281202316, 0.0749131590128, 0.0934958308935, 0.0910391360521, 0.0644009634852, 0.0716538652778, 0.130136549473, 0.137738525867, 0.140348806977, 0.0709627792239, 0.0954712852836, 0.0738688260317, 0.095482327044, 0.109005540609, 0.111571602523, 0.105985730886, 0.0792528763413, 0.0506352744997, 0.0507806688547, 0.0760660767555, 0.0843038707972, 0.116104528308, 0.0883231014013]
        max: [1, 1, 1, 0.916253447533, 1, 1, 1, 1, 1, 0.948008716106, 1, 1, 1, 1, 1, 1, 1, 1, 1, 1, 1, 1, 1, 1, 1, 1, 1, 1, 1, 1, 1, 1, 0.903243303299, 1, 1, 1]
        mean: [0.193852856755, 0.114293813705, 0.0737451836467, 0.0698127821088, 0.109996557236, 0.132288247347, 0.138303682208, 0.149530857801, 0.107849806547, 0.0782048180699, 0.107563689351, 0.109141923487, 0.125504761934, 0.259620815516, 0.296714395285, 0.179989010096, 0.117348954082, 0.10124015063, 0.140848442912, 0.302720248699, 0.357745617628, 0.226373821497, 0.148200452328, 0.117586359382, 0.125100240111, 0.165208205581, 0.155582234263, 0.141013085842, 0.154119446874, 0.126782402396, 0.0829141139984, 0.0766790285707, 0.113005071878, 0.235767588019, 0.437450319529, 0.39959269762]
        min: [0.00702853221446, 0.00122421700507, 0.0005866473075, 0.000537526153494, 0.000247978750849, 0.000193970801774, 0.000524827919435, 0.000786042190157, 0.000120673023048, 0.000109451044409, 0.000188567209989, 0.000265761103947, 0.000470293191029, 0.0010040224297, 0.000452340755146, 0.00176320946775, 0.000158004637342, 8.96517085494e-05, 0.000853353354614, 0.00239747646265, 0.0010818525916, 0.00219584768638, 0.000337522942573, 2.76442060567e-05, 3.46865999745e-05, 0.000167098405655, 0.000426981860073, 0.000353862706106, 0.000424415164161, 7.65991280787e-05, 9.59964236245e-05, 0.00161397806369, 0.00154221383855, 0.00226379767992, 0.00764300720766, 0.00755380513147]
        var: [0.0427662171423, 0.0345595441759, 0.0160111133009, 0.0119499303401, 0.0317803658545, 0.0486142039299, 0.0424534007907, 0.0601389147341, 0.0358854569495, 0.0165424961597, 0.0245844461024, 0.0203700531274, 0.0297036450356, 0.0959958806634, 0.106466852129, 0.0454449392855, 0.0360366031528, 0.0213823821396, 0.0296207778156, 0.0907460525632, 0.117824546993, 0.0787264183164, 0.0538907684386, 0.046046372503, 0.0399678535759, 0.0574920140207, 0.0562722086906, 0.0455649606884, 0.0510462000966, 0.0384065099061, 0.0168381165713, 0.0152629921213, 0.0270243547857, 0.056772749871, 0.128301173449, 0.0966846495867]
    chords_histogram: [19.5348834991, 0, 0, 0, 0, 0, 0, 0, 0, 0, 0, 0, 0, 0, 0, 29.7674427032, 0, 16.7441864014, 0, 0, 0, 0, 33.9534873962, 0]
    thpcp: [1, 0.91345846653, 0.443142563105, 0.261272668839, 0.168579563498, 0.15959019959, 0.251449257135, 0.302407473326, 0.316158592701, 0.341823637486, 0.246541842818, 0.178774178028, 0.24588778615, 0.249495580792, 0.286900609732, 0.593486428261, 0.678281366825, 0.411450177431, 0.268256634474, 0.231432333589, 0.321975857019, 0.692010581493, 0.817797124386, 0.517484664917, 0.33878237009, 0.268799334764, 0.28597587347, 0.377661645412, 0.355656921864, 0.322352230549, 0.352313041687, 0.289821267128, 0.18953949213, 0.175286248326, 0.258326649666, 0.5389585495]
    chords_key: "C#"
    chords_scale: "major"
    key_key: "G#"
    key_scale: "major"
    chords_progression: ["C#m", "C#m", "C#m", "C#m", "C#m", "C#m", "C#m", "C#m", "C#m", "C#m", "C#m", "C#m", "C#m", "C#m", "C#m", "C#m", "C#m", "C#m", "C#m", "C#m", "C#m", "C#m", "C#m", "C#m", "C#m", "C#m", "C#m", "C#m", "C#m", "C#m", "C#m", "C#m", "C#m", "C#m", "C#m", "C#m", "C#m", "C#m", "C#m", "C#m", "C#m", "C#m", "C#m", "C#m", "C#m", "C#m", "C#m", "C#m", "C#m", "C#", "C#", "C#", "C#", "C#", "C#", "C#", "C#", "C#", "C#", "C#", "C#", "C#", "C#", "C#", "C#", "C#", "C#", "C#", "C#", "C#", "C#", "C#", "C#", "C#", "C#", "C#", "C#", "C#", "C#", "C#", "C#", "C#", "C#", "C#", "C#", "C#", "C#", "C#", "C#", "C#", "C#", "C#", "C#", "C#", "C#", "G#", "C#m", "C#m", "C#m", "G#m", "G#m", "G#m", "G#m", "G#m", "G#m", "G#m", "G#m", "G#m", "G#m", "G#m", "G#m", "G#", "G#", "G#", "G#", "G#", "G#", "G#", "G#", "G#", "G#", "G#", "G#", "G#", "G#", "G#", "G#", "G#", "G#", "G#", "G#m", "G#m", "G#m", "G#m", "G#m", "G#", "G#", "G#", "G#", "G#", "G#", "G#", "G#", "G#", "G#", "G#", "G#", "G#", "G#", "G#", "G#", "G#", "G#m", "G#m", "G#m", "G#m", "G#m", "G#m", "G#m", "G#m", "G#m", "G#m", "G#m", "G#m", "G#m", "G#m", "G#m", "G#m", "G#m", "G#m", "G#m", "G#", "G#", "G#", "G#", "G#", "C#m", "C#m", "C#m", "C#m", "C#m", "C#m", "C#m", "C#m", "C#m", "C#m", "C#m", "C#m", "C#", "C#", "C#", "C#", "C#", "C#", "C#", "C#", "C#", "C#", "C#", "C#", "C#", "C#", "C#", "C#", "C#", "C#", "C#", "C#", "C#", "C#", "C#", "C#", "C#", "C#", "C#"]
