
metadata:
    version:
        essentia: "1.2.2"
    audio_properties:
        analysis_sample_rate: 44100
        bitrate: 128
        channels: 2
        equal_loudness: 1
        length: 10.0048980713
        replay_gain: -10.5171031952
        downmix: "mix"
    tags:
        track: 14
        year: 0
        album: "Splitted by Mp3Splt v. 2.1"
        artist: "From 002.10 To 002.20"
        comment: "http://mp3splt.sf.net"
        genre: ""
        title: "12 Easy-Lucky-Free.mp3"

highlevel:
    ballroom:
        all:
            ChaChaCha: 0.0395127348602
            Jive: 0.184362977743
            Quickstep: 0.146094083786
            Rumba-American: 0.0121357003227
            Rumba-International: 0.0672815069556
            Rumba-Misc: 0.0448561795056
            Samba: 0.0518087334931
            Tango: 0.0247373413295
            VienneseWaltz: 0.367810606956
            Waltz: 0.0614001527429
        probability: 0.367810606956
        value: "VienneseWaltz"
    culture:
        all:
            non_western: 0.0458519682288
            western: 0.954148054123
        probability: 0.954148054123
        value: "western"
    gender:
        all:
            female: 0.654622137547
            male: 0.345377862453
        probability: 0.654622137547
        value: "female"
    genre_dortmund:
        all:
            alternative: 0.1949660182
            blues: 0.00274061318487
            electronic: 0.415773659945
            folkcountry: 0.0332942157984
            funksoulrnb: 0.0302744582295
            jazz: 0.00680753821507
            pop: 0.0440412312746
            raphiphop: 0.0026406517718
            rock: 0.269461631775
        probability: 0.415773659945
        value: "electronic"
    genre_electronica:
        all:
            ambient: 0.380056679249
            dnb: 0.0760130733252
            house: 0.00546237127855
            techno: 0.00299010309391
            trance: 0.535477757454
        probability: 0.535477757454
        value: "trance"
    genre_rosamerica:
        all:
            cla: 0.0630046129227
            dan: 0.0241389404982
            hip: 0.0053372271359
            jaz: 0.00625440757722
            pop: 0.0795996710658
            rhy: 0.0124344229698
            roc: 0.806968808174
            spe: 0.00226188939996
        probability: 0.806968808174
        value: "roc"
    genre_tzanetakis:
        all:
            blu: 0.0222466196865
            cla: 0.122121542692
            cou: 0.108585059643
            dis: 0.0466180220246
            hip: 0.0105037773028
            jaz: 0.0568863302469
            met: 0.0467408969998
            pop: 0.255948036909
            reg: 0.033506706357
            roc: 0.296842992306
        probability: 0.296842992306
        value: "roc"
    live_studio:
        all:
            live: 0.796041071415
            studio: 0.203958958387
        probability: 0.796041071415
        value: "live"
    mood:
        all:
            Cluster1: 0.395480304956
            Cluster2: 0.200063377619
            Cluster3: 0.173894777894
            Cluster4: 0.0705001503229
            Cluster5: 0.160061404109
        probability: 0.395480304956
        value: "Cluster1"
    mood_acoustic:
        all:
            acoustic: 0.0371169224381
            not_acoustic: 0.96288305521
        probability: 0.96288305521
        value: "not_acoustic"
    mood_aggressive:
        all:
            aggressive: 0.806953847408
            not_aggressive: 0.193046137691
        probability: 0.806953847408
        value: "aggressive"
    mood_electronic:
        all:
            electronic: 0.630005836487
            not_electronic: 0.369994163513
        probability: 0.630005836487
        value: "electronic"
    mood_happy:
        all:
            happy: 0.828723549843
            not_happy: 0.171276465058
        probability: 0.828723549843
        value: "happy"
    mood_party:
        all:
            not_party: 0.642290472984
            party: 0.357709527016
        probability: 0.642290472984
        value: "not_party"
    mood_relaxed:
        all:
            not_relaxed: 0.300595670938
            relaxed: 0.699404299259
        probability: 0.699404299259
        value: "relaxed"
    mood_sad:
        all:
            not_sad: 0.5
            sad: 0.5
        probability: 0.5
        value: "not_sad"
    rhythm:
        all:
            fast: 0.172846674919
            medium: 0.677424550056
            slow: 0.149728775024
        probability: 0.677424550056
        value: "medium"
    speech_music:
        all:
            music: 0.986834943295
            speech: 0.0131650688127
        probability: 0.986834943295
        value: "music"
    timbre:
        all:
            bright: 0.604508638382
            dark: 0.395491361618
        probability: 0.604508638382
        value: "bright"
    voice_instrumental:
        all:
            instrumental: 0.24810564518
            voice: 0.75189435482
        probability: 0.75189435482
        value: "voice"

lowlevel:
    average_loudness: 0.96645450592
    barkbands_kurtosis:
        dmean: 0.406459987164
        dmean2: 0.632207632065
        dvar: 0.124220408499
        dvar2: 0.326020956039
        max: 1.75466823578
        mean: -0.523077189922
        min: -1.61774158478
        var: 0.328882426023
    barkbands_skewness:
        dmean: 0.250955879688
        dmean2: 0.40280804038
        dvar: 0.0433962605894
        dvar2: 0.0996081531048
        max: 1.66149187088
        mean: 0.344324737787
        min: -0.712929069996
        var: 0.188157841563
    barkbands_spread:
        dmean: 3.60731244087
        dmean2: 5.56665563583
        dvar: 11.5764636993
        dvar2: 23.3621101379
        max: 41.7145118713
        mean: 21.279750824
        min: 10.0449857712
        var: 33.7009849548
    dissonance:
        dmean: 0.018924055621
        dmean2: 0.0320810005069
        dvar: 0.000333395088091
        dvar2: 0.000910019734874
        max: 0.499957680702
        mean: 0.464585959911
        min: 0.362461000681
        var: 0.000502349343151
    hfc:
        dmean: 1.20634663105
        dmean2: 1.84668600559
        dvar: 1.8068562746
        dvar2: 4.13875579834
        max: 17.7998504639
        mean: 5.31484556198
        min: 1.369836092
        var: 5.41627216339
    pitch:
        dmean: 180.221252441
        dmean2: 336.938934326
        dvar: 89677.4375
        dvar2: 242419.46875
        max: 3150
        mean: 320.830230713
        min: 91.4937744141
        var: 81713.6328125
    pitch_instantaneous_confidence:
        dmean: 0.0778756067157
        dmean2: 0.125398233533
        dvar: 0.00385783403181
        dvar2: 0.0100861303508
        max: 0.6507999897
        mean: 0.348164230585
        min: 0.14388102293
        var: 0.00886996183544
    pitch_salience:
        dmean: 0.0539520308375
        dmean2: 0.0902112349868
        dvar: 0.00199747853912
        dvar2: 0.00552540365607
        max: 0.807610690594
        mean: 0.648782134056
        min: 0.42377448082
        var: 0.00461686588824
    silence_rate_20dB:
        dmean: 0
        dmean2: 0
        dvar: 0
        dvar2: 0
        max: 1
        mean: 1
        min: 1
        var: 0
    silence_rate_30dB:
        dmean: 0
        dmean2: 0
        dvar: 0
        dvar2: 0
        max: 1
        mean: 1
        min: 1
        var: 0
    silence_rate_60dB:
        dmean: 0.0883720964193
        dmean2: 0.174825176597
        dvar: 0.0805619284511
        dvar2: 0.18621905148
        max: 1
        mean: 0.199535965919
        min: 0
        var: 0.159721195698
    spectral_centroid:
        dmean: 126.251655579
        dmean2: 194.872589111
        dvar: 11583.3105469
        dvar2: 26872.3398438
        max: 1892.06689453
        mean: 1113.50842285
        min: 630.66229248
        var: 43696.0234375
    spectral_complexity:
        dmean: 2.85747671127
        dmean2: 4.66744709015
        dvar: 8.52875137329
        dvar2: 18.4186725616
        max: 35
        mean: 15.7645683289
        min: 5
        var: 21.9422397614
    spectral_crest:
        dmean: 1.89184439182
        dmean2: 3.08099031448
        dvar: 2.33691072464
        dvar2: 7.19449186325
        max: 16.2120189667
        mean: 6.78365802765
        min: 2.62665605545
        var: 5.68317651749
    spectral_decrease:
        dmean: 2.8937560681e-10
        dmean2: 4.74960515362e-10
        dvar: 1.14823719638e-19
        dvar2: 2.79174464863e-19
        max: -2.98710750579e-10
        mean: -1.16523124483e-09
        min: -3.49218942652e-09
        var: 2.82656429953e-19
    spectral_energy:
        dmean: 0.00118569261394
        dmean2: 0.00193923199549
        dvar: 1.90228399788e-06
        dvar2: 4.59500370198e-06
        max: 0.0145518798381
        mean: 0.00487992074341
        min: 0.00127943512052
        var: 4.78570291307e-06
    spectral_energyband_high:
        dmean: 5.47959098185e-05
        dmean2: 7.34304994694e-05
        dvar: 7.55388729345e-09
        dvar2: 1.28010695377e-08
        max: 0.00116223772056
        mean: 0.000103840568045
        min: 4.56016095995e-06
        var: 1.87145214881e-08
    spectral_energyband_low:
        dmean: 0.000132967092213
        dmean2: 0.000221946029342
        dvar: 6.46360547307e-08
        dvar2: 1.71012516148e-07
        max: 0.00253157317638
        mean: 0.000196345325094
        min: 2.86209274236e-06
        var: 6.05160508371e-08
    spectral_energyband_middle_high:
        dmean: 0.000489047495648
        dmean2: 0.000783495721407
        dvar: 1.93556445538e-07
        dvar2: 5.07232073232e-07
        max: 0.00546767469496
        mean: 0.00212771748193
        min: 0.000517292064615
        var: 4.66782694275e-07
    spectral_energyband_middle_low:
        dmean: 0.000829255732242
        dmean2: 0.00135323067661
        dvar: 1.05994479327e-06
        dvar2: 2.58112868323e-06
        max: 0.00978999212384
        mean: 0.00245197862387
        min: 0.000202731505851
        var: 2.9670013646e-06
    spectral_flatness_db:
        dmean: 0.018651176244
        dmean2: 0.0257807262242
        dvar: 0.000283694389509
        dvar2: 0.00048497019452
        max: 0.220771089196
        mean: 0.150576889515
        min: 0.0807323306799
        var: 0.000926203676499
    spectral_flux:
        dmean: 0.00707114115357
        dmean2: 0.0111780557781
        dvar: 5.96311183472e-05
        dvar2: 0.000119892072689
        max: 0.0844839960337
        mean: 0.0382360853255
        min: 0.0182379279286
        var: 0.000136805989314
    spectral_kurtosis:
        dmean: 2.47921562195
        dmean2: 4.01131772995
        dvar: 6.24966335297
        dvar2: 16.0712509155
        max: 21.3995838165
        mean: 8.17954730988
        min: 1.45839071274
        var: 14.2710075378
    spectral_rms:
        dmean: 0.000252335128607
        dmean2: 0.000409137719544
        dvar: 6.5847260089e-08
        dvar2: 1.52579914925e-07
        max: 0.00376788480207
        mean: 0.00213233730756
        min: 0.00111724191811
        var: 2.14036319335e-07
    spectral_rolloff:
        dmean: 337.940429688
        dmean2: 542.313720703
        dvar: 93098.5859375
        dvar2: 214154.984375
        max: 3875.9765625
        mean: 2045.35290527
        min: 947.4609375
        var: 279984.0625
    spectral_skewness:
        dmean: 0.249853208661
        dmean2: 0.39374306798
        dvar: 0.0448636189103
        dvar2: 0.118769064546
        max: 3.20420980453
        mean: 2.06486582756
        min: 0.966251075268
        var: 0.154991447926
    spectral_spread:
        dmean: 621396.5
        dmean2: 716516.625
        dvar: 700193439744
        dvar2: 869975654400
        max: 14621469
        mean: 3397884.75
        min: 1542451.875
        var: 2.01468136653e+12
    spectral_strongpeak:
        dmean: 0.324731260538
        dmean2: 0.538006961346
        dvar: 0.127353817225
        dvar2: 0.313324898481
        max: 2.86323618889
        mean: 0.569890677929
        min: 0.0392114855349
        var: 0.188079923391
    zerocrossingrate:
        dmean: 0.00526955863461
        dmean2: 0.00647572986782
        dvar: 1.79318085429e-05
        dvar2: 2.80421536445e-05
        max: 0.11328125
        mean: 0.0653978213668
        min: 0.01953125
        var: 0.000127525709104
    barkbands:
        dmean: [1.3659838487e-06, 6.46481130389e-05, 8.56910846778e-05, 0.000170983345015, 0.0004062159569, 0.000203726580366, 0.000121264478366, 0.000171854437212, 0.000214169951505, 5.02596813021e-05, 0.000102641948615, 0.000226697768085, 0.000181651150342, 7.62594863772e-05, 0.000128833460622, 8.95637349458e-05, 6.79655058775e-05, 9.48062952375e-05, 7.32010084903e-05, 5.28716518602e-05, 2.10069920286e-05, 6.73568138154e-06, 1.91340200217e-06, 9.05210754354e-07, 6.22919799298e-07, 4.02690076839e-08, 1.60819224604e-09]
        dmean2: [1.68126621247e-06, 9.75745642791e-05, 0.000154474342708, 0.000301978347125, 0.000657953263726, 0.000310308474582, 0.000201432747417, 0.000271436292678, 0.0003146539093, 8.74524193932e-05, 0.000168676691828, 0.000385526160244, 0.000311382755172, 0.000125604463392, 0.00020922771364, 0.000150814303197, 0.00011544526933, 0.000154466455569, 0.000122079014545, 8.29804776004e-05, 2.95847621601e-05, 8.54874542711e-06, 2.21100049203e-06, 1.07625703549e-06, 7.61218302614e-07, 5.33133359681e-08, 1.85469384295e-09]
        dvar: [2.62469278083e-12, 1.39157085854e-08, 3.43204433761e-08, 1.06057647997e-07, 4.83788198835e-07, 1.06967831925e-07, 4.81844608657e-08, 5.03386914374e-08, 8.96589469335e-08, 2.39578468175e-09, 1.14678098129e-08, 5.25712771093e-08, 5.84987418506e-08, 6.85272150136e-09, 3.45755495346e-08, 9.59416546209e-09, 6.67967237078e-09, 9.63894297712e-09, 1.32601769565e-08, 6.72279254488e-09, 1.31893929112e-09, 1.6472977149e-10, 1.49999596077e-11, 3.04895518555e-12, 1.27409985774e-12, 6.56351007751e-15, 5.97641830688e-16]
        dvar2: [4.23553553341e-12, 3.40901955553e-08, 9.81424221891e-08, 2.99435328088e-07, 1.37858273774e-06, 2.24457153308e-07, 1.34204412916e-07, 1.36651280513e-07, 1.81233204444e-07, 6.9120846824e-09, 3.1775883258e-08, 1.24641346133e-07, 1.64687563142e-07, 1.82679915639e-08, 7.99264725515e-08, 2.53582488341e-08, 1.65856093304e-08, 2.48081573062e-08, 3.52060993691e-08, 1.48033265646e-08, 2.25867524684e-09, 2.35909763946e-10, 2.07978061856e-11, 5.54304518952e-12, 2.00047769149e-12, 1.13658726392e-14, 5.98765419892e-16]
        max: [1.28908104671e-05, 0.000908548303414, 0.00185364566278, 0.00269550597295, 0.00630765827373, 0.00482501136139, 0.00218333536759, 0.00256490358151, 0.00353842973709, 0.000394865463022, 0.000842161942273, 0.00283691193908, 0.00214536162093, 0.000764635275118, 0.0027122059837, 0.000740373507142, 0.000680444994941, 0.00104424310848, 0.00118979462422, 0.00103524059523, 0.000440077361418, 0.000175329259946, 5.34789251105e-05, 2.06777967833e-05, 9.82643632597e-06, 7.02314707723e-07, 5.07265554006e-07]
        mean: [2.87815669253e-06, 9.92736968328e-05, 9.42378246691e-05, 0.000200789261726, 0.000762366515119, 0.000421954435296, 0.000213165243622, 0.000356065254891, 0.000483516429085, 8.43984234962e-05, 0.000198964946321, 0.000478540488984, 0.000336474273354, 0.000149695057189, 0.000218912697164, 0.000158432376338, 0.000122530807857, 0.000210831465665, 0.00013317570847, 9.80967233772e-05, 3.83102487831e-05, 1.18067055155e-05, 3.16754881169e-06, 1.38425900786e-06, 8.99943813693e-07, 5.50265042421e-08, 1.65549018938e-09]
        min: [2.23804946797e-10, 1.34119579798e-06, 6.97911445968e-07, 1.20191259612e-06, 1.69160011865e-05, 1.43700517583e-05, 1.05512290247e-05, 4.70379336548e-06, 1.1444933989e-05, 5.04941363033e-06, 5.83884002481e-06, 1.99583391804e-05, 1.36386734084e-05, 6.43884641249e-06, 1.85248063644e-05, 1.54375375132e-05, 1.02827316368e-05, 1.10279788714e-05, 7.89987370808e-06, 6.24819949735e-06, 2.34117510445e-06, 1.62880922971e-07, 3.04083158653e-08, 4.57704141255e-09, 5.02924146772e-09, 1.04425329495e-10, 6.59356575415e-13]
        var: [9.45620491632e-12, 1.79993406846e-08, 2.28637802024e-08, 8.36718996311e-08, 6.75232342928e-07, 3.89645549603e-07, 6.86137724415e-08, 1.50323359094e-07, 3.3482302797e-07, 3.84467568892e-09, 2.58063082015e-08, 9.80565602049e-08, 9.36923569839e-08, 1.28766828311e-08, 6.42388258143e-08, 1.33330297913e-08, 1.11072848696e-08, 2.17623377097e-08, 1.66704996474e-08, 1.25639250115e-08, 3.29187854753e-09, 4.72739569712e-10, 4.1265799805e-11, 6.92497188065e-12, 2.65971879937e-12, 1.10522824074e-14, 5.97913040049e-16]
    mfcc:
        mean: [-712.877685547, 157.566574097, -67.9671707153, 31.3010234833, -14.0118694305, -3.77167248726, 3.26144337654, -6.17713069916, -7.6024813652, -7.60030841827, -2.94790744781, -2.72564649582, -2.64098882675]
        cov: [[1418.45300293, -781.609436035, 647.488769531, 59.8637924194, 14.2920722961, 7.23974275589, -132.466888428, 0.257680654526, 28.5751037598, 50.6564750671, 30.2482643127, -32.1082649231, -54.8932914734], [-781.609436035, 692.021728516, -449.323974609, 17.5546207428, -20.0755558014, -43.436088562, 51.7700958252, 4.07389545441, 6.2071146965, -8.17979335785, -7.34577322006, 14.624458313, 0.454143404961], [647.488769531, -449.323974609, 516.949523926, -12.1878757477, 43.0733184814, 43.9446601868, -26.8559207916, 22.5493583679, 11.5330076218, 8.01415538788, 25.6488895416, -6.93161249161, -12.3338890076], [59.8637924194, 17.5546207428, -12.1878757477, 143.260574341, 1.85085380077, -4.21963405609, -1.21304404736, 11.3006868362, -0.955539762974, 1.18323206902, -15.4136962891, 12.3440217972, 14.5054531097], [14.2920722961, -20.0755558014, 43.0733184814, 1.85085380077, 74.6825332642, 30.4649486542, 18.3269424438, 3.25029993057, 6.61202955246, -0.160774976015, 12.1705589294, 15.6671619415, 9.4814786911], [7.23974275589, -43.436088562, 43.9446601868, -4.21963405609, 30.4649486542, 66.9774169922, 28.4491329193, 5.71636724472, -1.45341324806, -4.05381917953, 6.2967505455, 9.08100700378, 5.2483921051], [-132.466888428, 51.7700958252, -26.8559207916, -1.21304404736, 18.3269424438, 28.4491329193, 85.893196106, 14.4011383057, -4.74114322662, -7.95110416412, -0.337460130453, 15.8431177139, 19.2720413208], [0.257680654526, 4.07389545441, 22.5493583679, 11.3006868362, 3.25029993057, 5.71636724472, 14.4011383057, 55.3783073425, 21.3993301392, -7.95354127884, -1.27605545521, -1.36673116684, 1.34100151062], [28.5751037598, 6.2071146965, 11.5330076218, -0.955539762974, 6.61202955246, -1.45341324806, -4.74114322662, 21.3993301392, 49.7711448669, 20.7764968872, 7.8487405777, -0.134505316615, -2.06315732002], [50.6564750671, -8.17979335785, 8.01415538788, 1.18323206902, -0.160774976015, -4.05381917953, -7.95110416412, -7.95354127884, 20.7764968872, 54.1972351074, 23.7507896423, 8.33091545105, 0.573746740818], [30.2482643127, -7.34577322006, 25.6488895416, -15.4136962891, 12.1705589294, 6.2967505455, -0.337460130453, -1.27605545521, 7.8487405777, 23.7507896423, 58.8426322937, 22.6592063904, -5.3458366394], [-32.1082649231, 14.624458313, -6.93161249161, 12.3440217972, 15.6671619415, 9.08100700378, 15.8431177139, -1.36673116684, -0.134505316615, 8.33091545105, 22.6592063904, 53.0068511963, 25.8178596497], [-54.8932914734, 0.454143404961, -12.3338890076, 14.5054531097, 9.4814786911, 5.2483921051, 19.2720413208, 1.34100151062, -2.06315732002, 0.573746740818, -5.3458366394, 25.8178596497, 59.3769607544]]
        icov: [[0.00365630863234, 0.00265997461975, -0.00226330081932, -0.00233983364888, 0.00011616422853, 0.00146311870776, 0.00185613695066, 0.000737745838705, -0.00125968374778, -0.0015580257168, -0.000283511471935, -1.77396286745e-05, 0.00264782714657], [0.00265997461975, 0.00571392849088, 0.0016035514418, -0.00198026956059, -0.000798570807092, 0.00259903119877, -0.000311006675474, -0.000289762188913, -0.00186404155102, -0.000496827880852, -0.00104914070107, -0.000504873460159, 0.00330264819786], [-0.00226330081932, 0.0016035514418, 0.00656165741384, 0.00136858341284, -0.00195666193031, -0.00122459628619, -0.000934769690502, -0.0026926707942, 0.000669058179483, 0.00101963966154, -0.00139696372207, 0.000455688685179, -0.000601612555329], [-0.00233983364888, -0.00198026956059, 0.00136858341284, 0.00960332807153, -0.000792896666098, -0.000579131185077, 0.000237874555751, -0.00364875234663, 0.00302431127056, -0.00161015673075, 0.00438507506624, -0.00337919034064, -0.00204199925065], [0.00011616422853, -0.000798570807092, -0.00195666193031, -0.000792896666098, 0.018787747249, -0.00672193849459, -0.00148836011067, 0.00320032821037, -0.00473751220852, 0.00316806905903, -0.00248284754343, -0.00238406891003, -0.00147649925202], [0.00146311870776, 0.00259903119877, -0.00122459628619, -0.000579131185077, -0.00672193849459, 0.0229509957135, -0.00623354827985, -5.43256719538e-05, 0.000169519014889, 0.000354196643457, -0.000687354127876, -0.000998247181997, 0.00266366591677], [0.00185613695066, -0.000311006675474, -0.000934769690502, 0.000237874555751, -0.00148836011067, -0.00623354827985, 0.018718291074, -0.00549488281831, 0.00380983343348, -0.00184895296115, 0.0013350934023, -0.00228074425831, -0.00243444484659], [0.000737745838705, -0.000289762188913, -0.0026926707942, -0.00364875234663, 0.00320032821037, -5.43256719538e-05, -0.00549488281831, 0.0295701120049, -0.0176383219659, 0.0111471591517, -0.00331421475857, 0.00230533652939, -0.000395649462007], [-0.00125968374778, -0.00186404155102, 0.000669058179483, 0.00302431127056, -0.00473751220852, 0.000169519014889, 0.00380983343348, -0.0176383219659, 0.0359134748578, -0.0165362395346, 0.0032286576461, 0.000373493821826, -0.000310896139126], [-0.0015580257168, -0.000496827880852, 0.00101963966154, -0.00161015673075, 0.00316806905903, 0.000354196643457, -0.00184895296115, 0.0111471591517, -0.0165362395346, 0.0327497310936, -0.012517567724, 0.00150502938777, -0.00369267771021], [-0.000283511471935, -0.00104914070107, -0.00139696372207, 0.00438507506624, -0.00248284754343, -0.000687354127876, 0.0013350934023, -0.00331421475857, 0.0032286576461, -0.012517567724, 0.0308717861772, -0.0160730183125, 0.00848458148539], [-1.77396286745e-05, -0.000504873460159, 0.000455688685179, -0.00337919034064, -0.00238406891003, -0.000998247181997, -0.00228074425831, 0.00230533652939, 0.000373493821826, 0.00150502938777, -0.0160730183125, 0.0352599732578, -0.0147153763101], [0.00264782714657, 0.00330264819786, -0.000601612555329, -0.00204199925065, -0.00147649925202, 0.00266366591677, -0.00243444484659, -0.000395649462007, -0.000310896139126, -0.00369267771021, 0.00848458148539, -0.0147153763101, 0.0276246648282]]
    spectral_contrast:
        mean: [-1.79213387241e-07, 1.87132883411e-07, 3.12889653742e-07, -7.15533632345e-09, 3.27356616481e-07, 1.88700283843e-07, 9.44539124248e-07, -2.54674387179e-06, -2.12138343159e-06, -2.24469135901e-06, -3.0060748486e-06, 2.9505688417e-06]
        var: [0.000302492728224, 0.000561683031265, 0.000905713008251, 0.00146340148058, 0.00261304457672, 0.00370572158135, 0.0468356534839, 0.0739855989814, 0.0983885973692, 0.15600413084, 0.266496002674, 1.30756568909]

rhythm:
    beats_loudness:
        dmean: 0.00267730467021
        dmean2: 0.00490268133581
        dvar: 6.87631836627e-06
        dvar2: 1.61459556693e-05
        max: 0.0127583323047
        mean: 0.00527962623164
        min: 0.00207586213946
        var: 6.90032402417e-06
    beats_loudness_bass:
        dmean: 0.0702219456434
        dmean2: 0.120747253299
        dvar: 0.00740375416353
        dvar2: 0.0190952885896
        max: 0.311621367931
        mean: 0.0666259154677
        min: 0.00872197281569
        var: 0.00519550032914
    bpm: 142.99281311
    bpm_confidence: 0
    first_peak_bpm: 143
    first_peak_spread: 0
    first_peak_weight: 1
    onset_rate: 3.49828648567
    second_peak_bpm: 0
    second_peak_spread: 0
    second_peak_weight: 0
    beats_position: [0.0839960575104, 0.503161966801, 0.922327876091, 1.34149372578, 1.76065969467, 2.17982554436, 2.59899163246, 3.01815748215, 3.43732357025, 3.85648941994, 4.27565526962, 4.69482135773, 5.11398744583, 5.5331530571, 5.95670175552, 6.37668132782, 6.79666090012, 7.21663951874, 7.63661909103, 8.05659866333, 8.47657775879, 8.89655780792, 9.31653594971, 9.73651504517]
    bpm_estimates: [142.779434204, 143.72593689, 142.885162354, 143.223251343, 143.188415527, 143.050186157, 142.926025391, 143.041091919, 143.249954224, 142.187347412, 142.981933594, 142.887619019, 142.780166626]
    bpm_intervals: [0.41916590929, 0.41916590929, 0.419165849686, 0.419165968895, 0.419165849686, 0.419166088104, 0.419165849686, 0.419166088104, 0.419165849686, 0.419165849686, 0.419166088104, 0.419166088104, 0.419165611267, 0.423548698425, 0.419979572296, 0.419979572296, 0.419978618622, 0.419979572296, 0.419979572296, 0.419979095459, 0.419980049133, 0.419978141785, 0.419979095459]
    onset_times: [0.0580498874187, 0.49922901392, 0.719818592072, 0.917188227177, 1.16099774837, 1.35836732388, 1.78793644905, 1.99691605568, 2.20589566231, 2.41487526894, 2.60063481331, 3.04181408882, 3.49460315704, 3.68036270142, 3.88934230804, 4.3073015213, 4.73687076569, 5.15482997894, 5.36380958557, 5.58439922333, 5.78176879883, 6.00235843658, 6.21133804321, 6.42031764984, 6.84988641739, 7.07047605515, 7.9644446373, 8.11537456512, 8.3011341095, 8.54494285583, 8.74231338501, 9.17188167572, 9.38086128235, 9.6014509201, 9.79882049561]
    rubato_start: []
    rubato_stop: []
    perceptual_tempo: "unknown"

sfx:
    inharmonicity:
        dmean: 0.0491230562329
        dmean2: 0.0870083123446
        dvar: 0.00270589673892
        dvar2: 0.00785110797733
        max: 0.329203248024
        mean: 0.0525372065604
        min: 0
        var: 0.00305422046222
    oddtoevenharmonicenergyratio:
        dmean: 2.10566473007
        dmean2: 3.90060353279
        dvar: 27.9798316956
        dvar2: 80.0889282227
        max: 65.2742767334
        mean: 1.53517591953
        min: 0
        var: 16.6132984161
    pitch_after_max_to_before_max_energy_ratio: 0.203466176987
    pitch_centroid: 213.441955566
    pitch_max_to_total: 0.934731960297
    pitch_min_to_total: 0.477855473757
    tristimulus:
        dmean: [0.191631600261, 0.201450794935, 0.0955857783556]
        dmean2: [0.333146870136, 0.35272371769, 0.162044927478]
        dvar: [0.0254188161343, 0.0310858320445, 0.00645161606371]
        dvar2: [0.0706577822566, 0.0840532332659, 0.0182590186596]
        max: [1, 0.903364300728, 0.475735545158]
        mean: [0.365549057722, 0.510030508041, 0.103261187673]
        min: [0.0232345629483, 0, 0]
        var: [0.0403102822602, 0.0439456105232, 0.0088705373928]

tonal:
    chords_changes_rate: 0.00462962966412
    chords_number_rate: 0.00925925932825
    chords_strength:
        dmean: 0.00537637993693
        dmean2: 0.00520184170455
        dvar: 1.9339746359e-05
        dvar2: 2.01746206585e-05
        max: 0.739101171494
        mean: 0.645338773727
        min: 0.470359832048
        var: 0.00474344706163
    key_strength: 0.779628753662
    tuning_diatonic_strength: 0.625659584999
    tuning_equal_tempered_deviation: 0.0602416805923
    tuning_frequency: 441.017791748
    tuning_nontempered_energy_ratio: 0.669525742531
    hpcp:
        dmean: [0.0753003060818, 0.0641906633973, 0.116750068963, 0.166440933943, 0.129576817155, 0.129738435149, 0.155932575464, 0.112324684858, 0.0800636410713, 0.0951022952795, 0.108134202659, 0.171537548304, 0.170486703515, 0.147936835885, 0.12029209733, 0.11610674113, 0.106160342693, 0.128155976534, 0.139324828982, 0.154591098428, 0.14245955646, 0.119537957013, 0.108673170209, 0.0767046883702, 0.0965948328376, 0.121981956065, 0.194417014718, 0.205554336309, 0.131943494081, 0.0742269307375, 0.0674325227737, 0.0519160293043, 0.0766840726137, 0.0940417125821, 0.0697608962655, 0.0667667686939]
        dmean2: [0.131146907806, 0.112324975431, 0.197318449616, 0.272134959698, 0.207548633218, 0.213568001986, 0.248932600021, 0.178534761071, 0.132341369987, 0.156355246902, 0.181118577719, 0.279080271721, 0.276847600937, 0.248922809958, 0.207523673773, 0.191802069545, 0.171029150486, 0.217321455479, 0.243154793978, 0.269725948572, 0.236632362008, 0.200293526053, 0.176607877016, 0.128498256207, 0.158710822463, 0.215209499002, 0.328363746405, 0.340359270573, 0.216844126582, 0.12550252676, 0.115716464818, 0.0844816118479, 0.129715040326, 0.166264787316, 0.121893122792, 0.110428065062]
        dvar: [0.0219424087554, 0.00789238046855, 0.0141252754256, 0.0315780416131, 0.0217630881816, 0.0296495705843, 0.0420617610216, 0.0155432065949, 0.00998394656926, 0.0143866091967, 0.0136357862502, 0.022071024403, 0.0318159870803, 0.0183765273541, 0.0246396046132, 0.0250116251409, 0.0201050266623, 0.0189831983298, 0.027428150177, 0.025864539668, 0.0317527763546, 0.0228541754186, 0.03185242787, 0.00927826110274, 0.0143186096102, 0.0203436147422, 0.0363553650677, 0.0363526716828, 0.0175483692437, 0.011171720922, 0.010735261254, 0.00415142672136, 0.0132799893618, 0.018931016326, 0.0150514440611, 0.0129290884361]
        dvar2: [0.0582097508013, 0.0217270068824, 0.0360822528601, 0.0711081475019, 0.0521554537117, 0.076157130301, 0.0924812927842, 0.035031888634, 0.0230414252728, 0.0305062681437, 0.034285530448, 0.0497256144881, 0.0680269002914, 0.0443318411708, 0.0566017217934, 0.0552408061922, 0.0481906794012, 0.0503288991749, 0.0682340636849, 0.0703326463699, 0.0842619463801, 0.0566877089441, 0.0735641345382, 0.0221083685756, 0.0361751317978, 0.0524523817003, 0.0960553139448, 0.0871213153005, 0.0494701452553, 0.0317410975695, 0.028543991968, 0.0103094875813, 0.0330808833241, 0.0518562756479, 0.0415766201913, 0.0294465664774]
        max: [1, 0.644222736359, 0.833384752274, 1, 1, 1, 1, 1, 0.702884972095, 1, 1, 1, 1, 1, 1, 1, 0.913479030132, 1, 1, 1, 1, 1, 1, 0.621181190014, 1, 0.889657258987, 1, 1, 1, 0.977211952209, 0.835752546787, 0.596213757992, 1, 1, 1, 0.805560648441]
        mean: [0.0843712389469, 0.0802768394351, 0.233577549458, 0.363173544407, 0.231195196509, 0.224573343992, 0.313517719507, 0.200889229774, 0.119408495724, 0.143870770931, 0.162878856063, 0.424664735794, 0.596702992916, 0.338470727205, 0.173769548535, 0.166336923838, 0.144046872854, 0.261345416307, 0.362213015556, 0.284709990025, 0.2082041502, 0.167991816998, 0.125818938017, 0.127512797713, 0.153893485665, 0.171717092395, 0.405723124743, 0.515901982784, 0.253079861403, 0.107273116708, 0.0952859371901, 0.079101420939, 0.123589724302, 0.142288431525, 0.0968364179134, 0.0840153023601]
        min: [0.00550511805341, 0.00365782598965, 0.0167984124273, 0.0203404501081, 0.0123465787619, 0.0119769554585, 0.00705071166158, 0.00993687193841, 0.00873230304569, 0.00514566758648, 0.00899042934179, 0.0182560123503, 0.0176481734961, 0.0103173516691, 0.00582852307707, 0.00485231913626, 0.00571963656694, 0.00730533106253, 0.00788396876305, 0.0136954598129, 0.00567633006722, 0.00352617795579, 0.00286783906631, 0.00420824205503, 0.00409311614931, 0.00469485949725, 0.036422662437, 0.051053352654, 0.0286306217313, 0.00882525276393, 0.00691748829558, 0.00680677453056, 0.00566788576543, 0.005336006172, 0.00569926155731, 0.00623465469107]
        var: [0.0183157660067, 0.00724466564134, 0.0328245721757, 0.0835184454918, 0.0362923666835, 0.0492741800845, 0.104346036911, 0.0376143120229, 0.0163005180657, 0.0280521158129, 0.0231304876506, 0.0786777958274, 0.123199559748, 0.0513726510108, 0.0369359701872, 0.0357437767088, 0.02529505454, 0.0488231442869, 0.125868141651, 0.0523607991636, 0.0510819032788, 0.0436803512275, 0.0369249396026, 0.0133882453665, 0.0215721391141, 0.0261016469449, 0.0778394863009, 0.0935250222683, 0.0279972534627, 0.0113794291392, 0.0115509582683, 0.00505890790373, 0.0195231921971, 0.029095325619, 0.0150845646858, 0.0149865169078]
    chords_histogram: [68.5185165405, 0, 0, 0, 0, 0, 0, 0, 0, 0, 0, 0, 0, 0, 0, 0, 0, 0, 0, 0, 0, 0, 31.4814815521, 0]
    thpcp: [1, 0.567234814167, 0.291216164827, 0.278759986162, 0.241404637694, 0.437982410192, 0.607023954391, 0.477138519287, 0.348924249411, 0.281533390284, 0.210856884718, 0.213695585728, 0.257906347513, 0.287776499987, 0.679941475391, 0.864587545395, 0.424130380154, 0.179776400328, 0.159687384963, 0.132564142346, 0.207120999694, 0.238457709551, 0.162285789847, 0.140799194574, 0.141395702958, 0.13453400135, 0.391446918249, 0.608633697033, 0.387454390526, 0.376356989145, 0.525416731834, 0.33666536212, 0.200113788247, 0.241109520197, 0.272964715958, 0.711685299873]
    chords_key: "F#"
    chords_scale: "major"
    key_key: "F#"
    key_scale: "major"
    chords_progression: ["F#", "F#", "F#", "F#", "F#", "F#", "F#", "F#", "F#", "F#", "F#", "F#", "F#", "F#", "F#", "F#", "F#", "F#", "F#", "F#", "F#", "F#", "F#", "F#", "F#", "F#", "F#", "F#", "F#", "F#", "F#", "F#", "F#", "F#", "F#", "F#", "F#", "F#", "F#", "F#", "F#", "F#", "F#", "F#", "F#", "F#", "F#", "F#", "F#", "F#", "F#", "F#", "F#", "F#", "F#", "F#", "F#", "F#", "F#", "F#", "F#", "F#", "F#", "F#", "F#", "F#", "F#", "F#", "F#", "F#", "F#", "F#", "F#", "F#", "F#", "F#", "F#", "F#", "F#", "F#", "F#", "F#", "F#", "F#", "F#", "F#", "F#", "F#", "F#", "F#", "F#", "F#", "F#", "F#", "F#", "F#", "F#", "F#", "F#", "F#", "F#", "F#", "F#", "F#", "F#", "F#", "F#", "F#", "F#", "F#", "F#", "F#", "F#", "F#", "F#", "F#", "F#", "F#", "F#", "F#", "F#", "F#", "F#", "F#", "F#", "F#", "F#", "F#", "F#", "F#", "F#", "F#", "F#", "F#", "F#", "F#", "F#", "F#", "F#", "F#", "F#", "F#", "F#", "F#", "F#", "F#", "F#", "F#", "B", "B", "B", "B", "B", "B", "B", "B", "B", "B", "B", "B", "B", "B", "B", "B", "B", "B", "B", "B", "B", "B", "B", "B", "B", "B", "B", "B", "B", "B", "B", "B", "B", "B", "B", "B", "B", "B", "B", "B", "B", "B", "B", "B", "B", "B", "B", "B", "B", "B", "B", "B", "B", "B", "B", "B", "B", "B", "B", "B", "B", "B", "B", "B", "B", "B", "B", "B"]
