
metadata:
    version:
        essentia: "1.2.2"
    audio_properties:
        analysis_sample_rate: 44100
        bitrate: 128
        channels: 2
        equal_loudness: 1
        length: 10.0048980713
        replay_gain: -10.0293235779
        downmix: "mix"
    tags:
        track: 40
        year: 0
        album: "Splitted by Mp3Splt v. 2.1"
        artist: "From 006.30 To 006.40"
        comment: "http://mp3splt.sf.net"
        genre: ""
        title: "09 Temptation.mp3"

highlevel:
    ballroom:
        all:
            ChaChaCha: 0.0123273730278
            Jive: 0.0161040686071
            Quickstep: 0.0164046492428
            Rumba-American: 0.00652460055426
            Rumba-International: 0.796551048756
            Rumba-Misc: 0.0582371167839
            Samba: 0.0448602177203
            Tango: 0.00104384217411
            VienneseWaltz: 0.0390002094209
            Waltz: 0.00894689094275
        probability: 0.796551048756
        value: "Rumba-International"
    culture:
        all:
            non_western: 0.965495169163
            western: 0.0345048196614
        probability: 0.965495169163
        value: "non_western"
    gender:
        all:
            female: 0.665284693241
            male: 0.334715336561
        probability: 0.665284693241
        value: "female"
    genre_dortmund:
        all:
            alternative: 0.12522611022
            blues: 0.00651310291141
            electronic: 0.373643428087
            folkcountry: 0.0565454475582
            funksoulrnb: 0.0275445636362
            jazz: 0.221778526902
            pop: 0.12204130739
            raphiphop: 0.00819544587284
            rock: 0.0585120767355
        probability: 0.373643428087
        value: "electronic"
    genre_electronica:
        all:
            ambient: 0.596672236919
            dnb: 0.0952403470874
            house: 0.0374466367066
            techno: 0.02484867163
            trance: 0.245792120695
        probability: 0.596672236919
        value: "ambient"
    genre_rosamerica:
        all:
            cla: 0.0457487590611
            dan: 0.424158990383
            hip: 0.0318731106818
            jaz: 0.0640104934573
            pop: 0.134485676885
            rhy: 0.165375754237
            roc: 0.121620483696
            spe: 0.0127267297357
        probability: 0.424158990383
        value: "dan"
    genre_tzanetakis:
        all:
            blu: 0.0140233151615
            cla: 0.0136904343963
            cou: 0.0509162247181
            dis: 0.0716831386089
            hip: 0.015592222102
            jaz: 0.040216486901
            met: 0.0197294894606
            pop: 0.207663029432
            reg: 0.0333744511008
            roc: 0.533111214638
        probability: 0.533111214638
        value: "roc"
    live_studio:
        all:
            live: 0.799394965172
            studio: 0.200605049729
        probability: 0.799394965172
        value: "live"
    mood:
        all:
            Cluster1: 0.201419427991
            Cluster2: 0.204848408699
            Cluster3: 0.45307430625
            Cluster4: 0.0859111994505
            Cluster5: 0.0547466464341
        probability: 0.45307430625
        value: "Cluster3"
    mood_acoustic:
        all:
            acoustic: 0.275543481112
            not_acoustic: 0.724456548691
        probability: 0.724456548691
        value: "not_acoustic"
    mood_aggressive:
        all:
            aggressive: 0.00389971910045
            not_aggressive: 0.996100306511
        probability: 0.996100306511
        value: "not_aggressive"
    mood_electronic:
        all:
            electronic: 0.441783696413
            not_electronic: 0.558216333389
        probability: 0.558216333389
        value: "not_electronic"
    mood_happy:
        all:
            happy: 0.316350877285
            not_happy: 0.683649122715
        probability: 0.683649122715
        value: "not_happy"
    mood_party:
        all:
            not_party: 0.917518794537
            party: 0.0824811980128
        probability: 0.917518794537
        value: "not_party"
    mood_relaxed:
        all:
            not_relaxed: 0.0952036604285
            relaxed: 0.904796361923
        probability: 0.904796361923
        value: "relaxed"
    mood_sad:
        all:
            not_sad: 0.170958265662
            sad: 0.829041719437
        probability: 0.829041719437
        value: "sad"
    rhythm:
        all:
            fast: 0.262040674686
            medium: 0.432151645422
            slow: 0.305807679892
        probability: 0.432151645422
        value: "medium"
    speech_music:
        all:
            music: 0.999539852142
            speech: 0.000460130890133
        probability: 0.999539852142
        value: "music"
    timbre:
        all:
            bright: 0.161702662706
            dark: 0.838297367096
        probability: 0.838297367096
        value: "dark"
    voice_instrumental:
        all:
            instrumental: 0.992003381252
            voice: 0.00799660664052
        probability: 0.992003381252
        value: "instrumental"

lowlevel:
    average_loudness: 0.970131695271
    barkbands_kurtosis:
        dmean: 2.92660045624
        dmean2: 4.75318908691
        dvar: 18.3108615875
        dvar2: 50.6718482971
        max: 50.4615058899
        mean: 5.17787504196
        min: -1.69391095638
        var: 29.9002170563
    barkbands_skewness:
        dmean: 0.487238198519
        dmean2: 0.772897541523
        dvar: 0.222923129797
        dvar2: 0.591719269753
        max: 5.31360530853
        mean: 1.99790430069
        min: 0.0407056808472
        var: 0.661152720451
    barkbands_spread:
        dmean: 5.11449718475
        dmean2: 7.36291027069
        dvar: 29.3823108673
        dvar2: 60.3937721252
        max: 56.1017913818
        mean: 17.9390163422
        min: 2.10620474815
        var: 113.187171936
    dissonance:
        dmean: 0.0253948383033
        dmean2: 0.0424778051674
        dvar: 0.000463344709715
        dvar2: 0.0012403212022
        max: 0.496760159731
        mean: 0.428058356047
        min: 0.304904133081
        var: 0.00123419763986
    hfc:
        dmean: 1.25331199169
        dmean2: 1.75772857666
        dvar: 3.06632733345
        dvar2: 6.96506595612
        max: 17.2673568726
        mean: 3.49329304695
        min: 0.603017866611
        var: 5.61751794815
    pitch:
        dmean: 233.212127686
        dmean2: 447.026794434
        dvar: 620605.9375
        dvar2: 1333037.25
        max: 4900
        mean: 404.421325684
        min: 80.4744491577
        var: 653318.3125
    pitch_instantaneous_confidence:
        dmean: 0.0922057107091
        dmean2: 0.149063751101
        dvar: 0.00681467540562
        dvar2: 0.0167353786528
        max: 0.901191592216
        mean: 0.490452259779
        min: 0.213752865791
        var: 0.0188828296959
    pitch_salience:
        dmean: 0.0707293748856
        dmean2: 0.116973437369
        dvar: 0.00409527448937
        dvar2: 0.010912255384
        max: 0.802108585835
        mean: 0.585456132889
        min: 0.154097378254
        var: 0.0114499740303
    silence_rate_20dB:
        dmean: 0
        dmean2: 0
        dvar: 0
        dvar2: 0
        max: 1
        mean: 1
        min: 1
        var: 0
    silence_rate_30dB:
        dmean: 0
        dmean2: 0
        dvar: 0
        dvar2: 0
        max: 1
        mean: 1
        min: 1
        var: 0
    silence_rate_60dB:
        dmean: 0.153488367796
        dmean2: 0.305361300707
        dvar: 0.129930317402
        dvar2: 0.235426038504
        max: 1
        mean: 0.292343378067
        min: 0
        var: 0.206878691912
    spectral_centroid:
        dmean: 166.994033813
        dmean2: 247.336013794
        dvar: 42009.984375
        dvar2: 86105.140625
        max: 2513.80029297
        mean: 760.119628906
        min: 193.408035278
        var: 122294.367188
    spectral_complexity:
        dmean: 1.9509345293
        dmean2: 3.11241221428
        dvar: 4.71489429474
        dvar2: 10.2356338501
        max: 24
        mean: 8.15850830078
        min: 1
        var: 10.2405986786
    spectral_crest:
        dmean: 2.43837594986
        dmean2: 4.03027248383
        dvar: 4.45486354828
        dvar2: 11.4796199799
        max: 25.1499176025
        mean: 10.4000043869
        min: 3.25048947334
        var: 19.5303668976
    spectral_decrease:
        dmean: 4.42755471175e-10
        dmean2: 7.32052529706e-10
        dvar: 4.32401840972e-19
        dvar2: 1.16234365021e-18
        max: -2.81024703508e-10
        mean: -1.18155973894e-09
        min: -5.56212320646e-09
        var: 4.98735780738e-19
    spectral_energy:
        dmean: 0.00176025135443
        dmean2: 0.00289791310206
        dvar: 6.54506584397e-06
        dvar2: 1.74585948116e-05
        max: 0.0213675573468
        mean: 0.00477633019909
        min: 0.00112699088641
        var: 7.75775970396e-06
    spectral_energyband_high:
        dmean: 0.000126186278067
        dmean2: 0.000175878405571
        dvar: 4.80550639281e-08
        dvar2: 1.0589142363e-07
        max: 0.00198940746486
        mean: 0.000196213732124
        min: 6.27417512078e-06
        var: 7.88485010617e-08
    spectral_energyband_low:
        dmean: 0.000270286836894
        dmean2: 0.000461877323687
        dvar: 3.78918002752e-07
        dvar2: 1.02190540474e-06
        max: 0.00553420605138
        mean: 0.000408611085732
        min: 7.89983573668e-07
        var: 3.17735214139e-07
    spectral_energyband_middle_high:
        dmean: 0.000164839322679
        dmean2: 0.000241024899879
        dvar: 4.96081504764e-08
        dvar2: 1.11714591355e-07
        max: 0.0029915375635
        mean: 0.000525100389495
        min: 8.57997583807e-05
        var: 1.54950527076e-07
    spectral_energyband_middle_low:
        dmean: 0.00147491577081
        dmean2: 0.00248299492523
        dvar: 4.33695322499e-06
        dvar2: 1.18934240163e-05
        max: 0.0161814223975
        mean: 0.00364630389959
        min: 0.000568419112824
        var: 5.40255950909e-06
    spectral_flatness_db:
        dmean: 0.0214688051492
        dmean2: 0.0336230359972
        dvar: 0.000440813426394
        dvar2: 0.00106844352558
        max: 0.297302603722
        mean: 0.166261956096
        min: 0.0776891037822
        var: 0.00114511046559
    spectral_flux:
        dmean: 0.0107481246814
        dmean2: 0.0166703183204
        dvar: 0.000215843261685
        dvar2: 0.000375592819182
        max: 0.122504301369
        mean: 0.0339666679502
        min: 0.00619512749836
        var: 0.000332843657816
    spectral_kurtosis:
        dmean: 1.5760653019
        dmean2: 2.26059031487
        dvar: 2.91293931007
        dvar2: 6.68730735779
        max: 14.662651062
        mean: 3.47693562508
        min: -0.427286863327
        var: 6.91791200638
    spectral_rms:
        dmean: 0.000368098262697
        dmean2: 0.00058465753682
        dvar: 1.82501338486e-07
        dvar2: 4.6526295705e-07
        max: 0.00456578563899
        mean: 0.00208481354639
        min: 0.00104857201222
        var: 3.13389278972e-07
    spectral_rolloff:
        dmean: 486.358306885
        dmean2: 748.064025879
        dvar: 545596.5
        dvar2: 1059802.25
        max: 5038.76953125
        mean: 1236.27648926
        min: 215.33203125
        var: 1304838.375
    spectral_skewness:
        dmean: 0.282065659761
        dmean2: 0.399454474449
        dvar: 0.0764119774103
        dvar2: 0.157371148467
        max: 3.0853767395
        mean: 1.67276763916
        min: 0.685767292976
        var: 0.269775003195
    spectral_spread:
        dmean: 1142255.125
        dmean2: 1580992.75
        dvar: 1.39090814566e+12
        dvar2: 3.11751658701e+12
        max: 12497847
        mean: 6454719.5
        min: 3140258.5
        var: 2.69125628723e+12
    spectral_strongpeak:
        dmean: 0.183960393071
        dmean2: 0.310023576021
        dvar: 0.0281392242759
        dvar2: 0.0758780092001
        max: 1.46729290485
        mean: 0.505688071251
        min: 0.0259020533413
        var: 0.0628325790167
    zerocrossingrate:
        dmean: 0.00945303402841
        dmean2: 0.0102367531508
        dvar: 7.99440822448e-05
        dvar2: 9.64978025877e-05
        max: 0.14306640625
        mean: 0.0537792295218
        min: 0.01806640625
        var: 0.000500375288539
    barkbands:
        dmean: [1.91365825231e-06, 9.09895825316e-05, 0.000214074447285, 0.000402999779908, 0.000427050050348, 0.000563332869206, 0.000416412221966, 0.000180943170562, 0.000104659106, 5.09964556841e-05, 5.30581273779e-05, 1.10202608994e-05, 3.23185486195e-05, 2.04301759368e-05, 1.87893292605e-05, 1.06050629256e-05, 1.28669789774e-05, 2.16470143641e-05, 4.13599555031e-05, 4.34623398178e-05, 7.15820788173e-05, 2.67544328381e-05, 7.65090589994e-06, 3.86215015169e-06, 4.55715053249e-06, 9.95862521336e-08, 7.07240543907e-10]
        dmean2: [2.67308473667e-06, 0.000152611086378, 0.000380304089049, 0.00075045163976, 0.000730756379198, 0.000950104382355, 0.000674657116178, 0.000299543811707, 0.000158372233273, 7.06287028152e-05, 7.37916634534e-05, 1.85868993867e-05, 4.99977177242e-05, 3.1187741115e-05, 2.88055525743e-05, 1.80224415089e-05, 2.10285052162e-05, 3.45257831214e-05, 6.49985886412e-05, 6.84109836584e-05, 0.000106729858089, 3.7599416828e-05, 1.16935525512e-05, 6.26467726761e-06, 7.37566915632e-06, 1.53850294282e-07, 8.86462181438e-10]
        dvar: [7.17807887782e-12, 2.06279633375e-08, 3.32570408546e-07, 1.83606994142e-06, 5.43428825495e-07, 2.84533456352e-07, 2.59792585666e-07, 8.56268869143e-08, 2.20927329764e-08, 7.35027327892e-09, 1.33396778068e-08, 3.35058314427e-10, 1.61344981819e-09, 5.00125663105e-10, 6.06217798182e-10, 4.27484742049e-10, 4.44619924211e-10, 1.54250168194e-09, 7.33512850459e-09, 5.1728883399e-09, 1.72162035739e-08, 2.06823980164e-09, 2.18764700799e-10, 4.56734129684e-11, 6.06910563472e-11, 2.76510720787e-14, 9.37471118254e-17]
        dvar2: [1.34006850755e-11, 5.61275328437e-08, 9.38548282647e-07, 5.29119370185e-06, 1.51733001985e-06, 7.62481022321e-07, 7.27465760519e-07, 2.36793951558e-07, 5.15007023694e-08, 1.47908361114e-08, 2.02708747565e-08, 8.8927537556e-10, 3.63044350138e-09, 1.24853904993e-09, 1.45181944244e-09, 1.17034892888e-09, 1.02450736783e-09, 3.69356278895e-09, 1.76604260105e-08, 1.11500444433e-08, 3.74995607899e-08, 4.12479161938e-09, 5.41095668272e-10, 1.17302140223e-10, 1.61172505897e-10, 6.87985706274e-14, 9.45922124787e-17]
        max: [2.11047499761e-05, 0.0011518006213, 0.00509969005361, 0.0105249062181, 0.00506418989971, 0.004971915856, 0.00606363546103, 0.00340464455076, 0.0023727833759, 0.00144712626934, 0.00187665631529, 0.000171163817868, 0.000401049037464, 0.000244886265136, 0.000247780757491, 0.000217884327867, 0.000223650378757, 0.000462250231067, 0.000761542178225, 0.000631948933005, 0.00119360233657, 0.000353970914148, 0.000122785277199, 4.2288662371e-05, 6.43981184112e-05, 1.04976413695e-06, 2.01085157414e-07]
        mean: [3.48734829458e-06, 0.000153200831846, 0.000252027675742, 0.000316177814966, 0.000621430925094, 0.00127066334244, 0.000850047683343, 0.00027266232064, 0.000278852996416, 9.0065979748e-05, 0.000111174093036, 1.76489575097e-05, 6.7852291977e-05, 3.829430716e-05, 3.59793230018e-05, 1.76169087354e-05, 2.46317122219e-05, 4.05232603953e-05, 6.58169738017e-05, 8.62465240061e-05, 0.00010406630463, 3.98114207201e-05, 8.96911387827e-06, 4.16776038037e-06, 4.81917095385e-06, 9.79457084327e-08, 7.16932346823e-10]
        min: [6.82015888209e-10, 9.19058109616e-08, 4.33613649875e-07, 6.29308715361e-07, 1.76881178504e-06, 2.61662407866e-05, 3.02935700347e-06, 9.26926020384e-07, 3.660782113e-07, 5.36289235242e-07, 5.51395260118e-07, 4.35648132679e-07, 7.61429419072e-07, 7.03972659721e-07, 1.53110238443e-06, 1.76474861746e-06, 2.32183296589e-07, 3.12063070851e-06, 2.54024735113e-06, 1.43722036228e-06, 2.29141346608e-06, 6.77670925597e-07, 1.36729852329e-07, 2.13684799633e-07, 1.27232610225e-07, 6.89353130134e-10, 1.3597815365e-12]
        var: [1.95193253921e-11, 2.37197816944e-08, 2.28640914202e-07, 1.03953857433e-06, 6.23604591965e-07, 9.22529125091e-07, 8.34312857023e-07, 1.25752151803e-07, 7.70401982209e-08, 2.07937702612e-08, 4.65223060075e-08, 4.11339878825e-10, 3.84020371058e-09, 1.22473309272e-09, 1.32931077257e-09, 3.90989685073e-10, 7.25938475998e-10, 2.04599359677e-09, 8.6635907337e-09, 1.02565600457e-08, 2.61017643055e-08, 4.04273281518e-09, 2.40526820683e-10, 4.16126820502e-11, 5.0576886429e-11, 2.68923694213e-14, 9.38748152771e-17]
    mfcc:
        mean: [-725.242614746, 123.188713074, -1.23586797714, 38.5261650085, -22.6028079987, -9.04792404175, -5.23284959793, -20.4281539917, -5.37458229065, -7.11683797836, 2.39352941513, -4.20825576782, -0.245638534427]
        cov: [[1406.22485352, -438.399291992, 149.142883301, 62.2811775208, -196.474609375, 36.6249275208, -47.9478759766, 81.0606536865, 23.1980819702, 75.0452728271, 123.182518005, 27.2572460175, -21.9799480438], [-438.399291992, 726.825256348, -152.81312561, -78.7821884155, 109.500198364, -78.8362121582, 95.7602767944, -5.4734120369, -12.1390571594, 44.1049308777, 15.6326608658, 36.5417938232, -22.5926570892], [149.142883301, -152.81312561, 360.173675537, 148.010116577, 36.5540809631, 140.556610107, 32.5673065186, 60.3607788086, 54.8990745544, 9.99655723572, 49.7569198608, 7.96379137039, -40.1672554016], [62.2811775208, -78.7821884155, 148.010116577, 224.106048584, 63.1055831909, 94.3104171753, 35.1421813965, 57.5000495911, 54.1034545898, 54.7396240234, 40.3090209961, 3.6500723362, -24.6984653473], [-196.474609375, 109.500198364, 36.5540809631, 63.1055831909, 173.058303833, 51.6602096558, 51.181854248, 20.1807613373, 17.0188236237, 11.600268364, -34.1109237671, -14.9070253372, -8.22843265533], [36.6249275208, -78.8362121582, 140.556610107, 94.3104171753, 51.6602096558, 127.792228699, 33.3278999329, 29.0228233337, 26.3662567139, -2.00982785225, 18.9801006317, -1.15373647213, -14.7434263229], [-47.9478759766, 95.7602767944, 32.5673065186, 35.1421813965, 51.181854248, 33.3278999329, 83.421913147, 41.7681770325, 15.0685920715, 15.5712575912, -7.39298391342, 5.01083230972, -9.81301689148], [81.0606536865, -5.4734120369, 60.3607788086, 57.5000495911, 20.1807613373, 29.0228233337, 41.7681770325, 81.0396347046, 36.4701080322, 13.2468423843, -6.01534843445, -4.29276800156, -4.49428367615], [23.1980819702, -12.1390571594, 54.8990745544, 54.1034545898, 17.0188236237, 26.3662567139, 15.0685920715, 36.4701080322, 73.443397522, 49.0048522949, 20.3706912994, -11.95495224, -9.57229423523], [75.0452728271, 44.1049308777, 9.99655723572, 54.7396240234, 11.600268364, -2.00982785225, 15.5712575912, 13.2468423843, 49.0048522949, 134.864730835, 86.9213256836, 26.3864116669, -16.5811901093], [123.182518005, 15.6326608658, 49.7569198608, 40.3090209961, -34.1109237671, 18.9801006317, -7.39298391342, -6.01534843445, 20.3706912994, 86.9213256836, 150.852966309, 61.7545051575, -23.5168018341], [27.2572460175, 36.5417938232, 7.96379137039, 3.6500723362, -14.9070253372, -1.15373647213, 5.01083230972, -4.29276800156, -11.95495224, 26.3864116669, 61.7545051575, 79.086265564, 4.78158760071], [-21.9799480438, -22.5926570892, -40.1672554016, -24.6984653473, -8.22843265533, -14.7434263229, -9.81301689148, -4.49428367615, -9.57229423523, -16.5811901093, -23.5168018341, 4.78158760071, 60.8360519409]]
        icov: [[0.00129659450613, 0.000611577997915, -0.000149216677528, 0.00037498419988, 0.00108277483378, -0.000359215133358, 0.00050502398517, -0.00228711846285, 0.0015001881402, -0.00121856690384, -0.000522385642398, 0.000328192661982, 0.000397384777898], [0.000611577997915, 0.00311918347143, 0.000708614301402, 0.00104002724402, -0.00182352971751, 0.00249203806743, -0.00374283292331, -0.000279092200799, -0.000200937924092, 0.000515419174917, -0.00211848272011, -0.000485288881464, 0.00133046414703], [-0.000149216677528, 0.000708614301402, 0.00629703002051, -0.00106459611561, -0.000319200597005, -0.0041293525137, -9.81853809208e-05, -0.0014227401698, -0.00249361479655, 0.0023428897839, -0.00148144911509, -0.00120766309556, 0.00253828265704], [0.00037498419988, 0.00104002724402, -0.00106459611561, 0.0095765274018, -0.00204777950421, -0.00367846875452, 0.00115816947073, -0.0045800562948, 0.000222743794438, -0.00349224731326, -0.000474010565085, -0.000216066255234, 0.00130371772684], [0.00108277483378, -0.00182352971751, -0.000319200597005, -0.00204777950421, 0.0120619311929, -0.00566796353087, -0.000431746098911, 5.11153994012e-05, 0.00197277171537, -0.00467131845653, 0.00574750173837, 0.000179283917532, 0.000108728971099], [-0.000359215133358, 0.00249203806743, -0.0041293525137, -0.00367846875452, -0.00566796353087, 0.0223051961511, -0.0092203207314, 0.00432036770508, -0.00390556966886, 0.00813225656748, -0.00716488715261, 0.00200203876011, -0.0012783149723], [0.00050502398517, -0.00374283292331, -9.81853809208e-05, 0.00115816947073, -0.000431746098911, -0.0092203207314, 0.0281389094889, -0.0133758410811, 0.0050821560435, -0.00664867181331, 0.00650842720643, -0.00344343949109, 0.00222975644283], [-0.00228711846285, -0.000279092200799, -0.0014227401698, -0.0045800562948, 5.11153994012e-05, 0.00432036770508, -0.0133758410811, 0.0292867738754, -0.0130270998925, 0.00504229823127, 0.00294058350846, -0.00204224651679, -0.00204704934731], [0.0015001881402, -0.000200937924092, -0.00249361479655, 0.000222743794438, 0.00197277171537, -0.00390556966886, 0.0050821560435, -0.0130270998925, 0.0312991440296, -0.0134721724316, 0.000190774459043, 0.00825412478298, -0.00123302219436], [-0.00121856690384, 0.000515419174917, 0.0023428897839, -0.00349224731326, -0.00467131845653, 0.00813225656748, -0.00664867181331, 0.00504229823127, -0.0134721724316, 0.0229171123356, -0.012619680725, 0.000226800271776, -0.000250393670285], [-0.000522385642398, -0.00211848272011, -0.00148144911509, -0.000474010565085, 0.00574750173837, -0.00716488715261, 0.00650842720643, 0.00294058350846, 0.000190774459043, -0.012619680725, 0.0236277524382, -0.0124485427514, 0.00486444542184], [0.000328192661982, -0.000485288881464, -0.00120766309556, -0.000216066255234, 0.000179283917532, 0.00200203876011, -0.00344343949109, -0.00204224651679, 0.00825412478298, 0.000226800271776, -0.0124485427514, 0.0243434384465, -0.00650848960504], [0.000397384777898, 0.00133046414703, 0.00253828265704, 0.00130371772684, 0.000108728971099, -0.0012783149723, 0.00222975644283, -0.00204704934731, -0.00123302219436, -0.000250393670285, 0.00486444542184, -0.00650848960504, 0.021323537454]]
    spectral_contrast:
        mean: [4.76732964216e-08, -1.5100016526e-07, -1.83728886327e-07, -2.588577388e-07, 2.27477173098e-07, 4.08132028173e-10, 4.13550651501e-07, -2.72715556093e-06, 7.98479959485e-07, 1.13179351047e-06, 1.84288114724e-06, -9.42698193285e-07]
        var: [0.000386348576285, 0.000734412868042, 0.000822449917905, 0.00161153357476, 0.00302880303934, 0.00426319101825, 0.048289950937, 0.0937302932143, 0.154452875257, 0.259069740772, 0.525549530983, 0.982159793377]

rhythm:
    beats_loudness:
        dmean: 0.00180313060991
        dmean2: 0.00285158935003
        dvar: 1.22594303775e-06
        dvar2: 3.63535696124e-06
        max: 0.00872462429106
        mean: 0.00539542734623
        min: 0.00328080169857
        var: 2.4897512958e-06
    beats_loudness_bass:
        dmean: 0.139547139406
        dmean2: 0.243573218584
        dvar: 0.0211702603847
        dvar2: 0.0560092329979
        max: 0.508918106556
        mean: 0.105551294982
        min: 0.00741637172177
        var: 0.0190250109881
    bpm: 91.4608917236
    bpm_confidence: 0
    first_peak_bpm: 91
    first_peak_spread: 0.0714285969734
    first_peak_weight: 0.928571403027
    onset_rate: 5.29740524292
    second_peak_bpm: 0
    second_peak_spread: 0
    second_peak_weight: 0
    beats_position: [0.185812056065, 0.841580629349, 1.49734926224, 2.15311789513, 2.8088862896, 3.46465492249, 4.12042331696, 4.77619171143, 5.4319601059, 6.10961723328, 6.76596927643, 7.42232036591, 8.07867145538, 8.73502349854, 9.39137554169]
    bpm_estimates: [91.5773773193, 91.481590271, 91.541809082, 91.5158309937, 91.4914550781, 91.5344924927, 91.4178466797, 91.4054412842, 91.4020004272, 91.4925613403, 91.4633712769, 91.4272232056, 91.3499755859, 91.3515853882]
    bpm_intervals: [0.655768573284, 0.655768632889, 0.655768632889, 0.65576839447, 0.655768632889, 0.65576839447, 0.65576839447, 0.65576839447, 0.67765712738, 0.656352043152, 0.656351089478, 0.656351089478, 0.656352043152, 0.656352043152]
    onset_times: [0.0580498874187, 0.174149662256, 0.510838985443, 0.696598649025, 0.835918366909, 1.01006805897, 1.17260766029, 1.35836732388, 1.49768710136, 1.70666670799, 1.82276642323, 2.00852608681, 2.15945577621, 2.34521532059, 2.48453521729, 2.64707493782, 2.80961441994, 3.14630389214, 3.47138333321, 3.66875290871, 3.79646253586, 4.00544214249, 4.13315200806, 4.45823144913, 4.63238096237, 4.7833108902, 5.10838985443, 5.29414987564, 5.44507932663, 5.78176879883, 5.99074840546, 6.1068482399, 6.3042178154, 6.44353723526, 6.62929725647, 6.7570066452, 6.97759628296, 7.0936961174, 7.27945566177, 7.4303855896, 7.61614513397, 7.75546503067, 7.92961454391, 8.08054447174, 8.4172334671, 8.60299301147, 8.74231338501, 9.06739234924, 9.26476192474, 9.4040813446, 9.63628101349, 9.72916126251, 9.93814086914]
    rubato_start: []
    rubato_stop: []
    perceptual_tempo: "unknown"

sfx:
    inharmonicity:
        dmean: 0.0468795113266
        dmean2: 0.0843806192279
        dvar: 0.00359041523188
        dvar2: 0.0101776113734
        max: 0.340438455343
        mean: 0.0413845181465
        min: 6.87613191985e-06
        var: 0.00341266905889
    oddtoevenharmonicenergyratio:
        dmean: 6.96052694321
        dmean2: 13.6358156204
        dvar: 1078.3527832
        dvar2: 3148.10253906
        max: 352.561065674
        mean: 4.15608692169
        min: 0.000280566513538
        var: 580.245178223
    pitch_after_max_to_before_max_energy_ratio: 13.5597248077
    pitch_centroid: 216.970825195
    pitch_max_to_total: 0.0442890450358
    pitch_min_to_total: 0.16550116241
    tristimulus:
        dmean: [0.256844162941, 0.27692937851, 0.0690491273999]
        dmean2: [0.452603459358, 0.499563395977, 0.123297698796]
        dvar: [0.0484837852418, 0.0517308823764, 0.0079784700647]
        dvar2: [0.127770513296, 0.137928441167, 0.0186949465424]
        max: [0.96092414856, 0.951707184315, 0.731232881546]
        mean: [0.463102430105, 0.437109589577, 0.0768551379442]
        min: [0.0178839955479, 0, 0]
        var: [0.0749829858541, 0.0703627690673, 0.0105396946892]

tonal:
    chords_changes_rate: 0.0185185186565
    chords_number_rate: 0.0185185186565
    chords_strength:
        dmean: 0.0072096879594
        dmean2: 0.00500583974645
        dvar: 3.19587052218e-05
        dvar2: 1.93068899534e-05
        max: 0.666001796722
        mean: 0.517150759697
        min: 0.348716795444
        var: 0.00694739585742
    key_strength: 0.84081697464
    tuning_diatonic_strength: 0.573586761951
    tuning_equal_tempered_deviation: 0.0326999016106
    tuning_frequency: 441.272583008
    tuning_nontempered_energy_ratio: 0.652300298214
    hpcp:
        dmean: [0.0730299279094, 0.0470552928746, 0.0421319156885, 0.0510015077889, 0.062661960721, 0.134990468621, 0.153273224831, 0.139066845179, 0.140699326992, 0.142688915133, 0.0756941661239, 0.0379387699068, 0.0446658730507, 0.0428762175143, 0.0363417677581, 0.0397029221058, 0.0408831276, 0.0436473675072, 0.0496194474399, 0.0993850678205, 0.208260625601, 0.167861923575, 0.136788100004, 0.0820808783174, 0.0683624595404, 0.04335263744, 0.0758411586285, 0.0986592173576, 0.075090482831, 0.0941682085395, 0.0904071480036, 0.107212498784, 0.0763379111886, 0.0741335228086, 0.0611153542995, 0.078769415617]
        dmean2: [0.116435036063, 0.0775926113129, 0.0735226497054, 0.0886628851295, 0.110191769898, 0.218249708414, 0.248201549053, 0.233617335558, 0.227108433843, 0.225186824799, 0.131007820368, 0.070115827024, 0.0817069485784, 0.077416472137, 0.0617803409696, 0.0711081475019, 0.0751071348786, 0.0792393758893, 0.0925023034215, 0.174508944154, 0.352682381868, 0.274994045496, 0.23594892025, 0.14310066402, 0.110285699368, 0.0723853930831, 0.123624123633, 0.160895973444, 0.122020147741, 0.143587484956, 0.142918244004, 0.169418334961, 0.125481411815, 0.124923527241, 0.112468712032, 0.13118006289]
        dvar: [0.0187213160098, 0.00594160985202, 0.0056570279412, 0.00902843754739, 0.0144563121721, 0.0257283169776, 0.0431814417243, 0.0189084317535, 0.0241377651691, 0.0340333133936, 0.0129749868065, 0.008749242872, 0.0136002171785, 0.00931012257934, 0.00248544104397, 0.00665496336296, 0.0105823231861, 0.0095969652757, 0.0184678956866, 0.0250430237502, 0.0470553562045, 0.0447017997503, 0.025153324008, 0.0236592069268, 0.0156014990062, 0.00630585523322, 0.00980733241886, 0.016932791099, 0.0122364507988, 0.0165924336761, 0.0215933639556, 0.0198103468865, 0.0140413232148, 0.0145810768008, 0.0166670065373, 0.0189873836935]
        dvar2: [0.0434294566512, 0.015951488167, 0.0154671138152, 0.0248281750828, 0.0388427972794, 0.0521017797291, 0.0900921449065, 0.052802208811, 0.0554544627666, 0.0755367577076, 0.0304507110268, 0.0247755460441, 0.041272919625, 0.0272386558354, 0.0070908810012, 0.0188139881939, 0.0305417478085, 0.0274644736201, 0.0538191534579, 0.0673503801227, 0.113347604871, 0.103467315435, 0.0693866312504, 0.0628641620278, 0.0339572057128, 0.0144014814869, 0.0239713229239, 0.040605481714, 0.028637861833, 0.0333711579442, 0.0409641079605, 0.0463739782572, 0.035363741219, 0.032219350338, 0.047744192183, 0.0504778027534]
        max: [1, 0.660950422287, 0.638190627098, 0.613763570786, 1, 1, 1, 1, 1, 1, 0.924980700016, 0.678354144096, 1, 0.686685562134, 0.3486559093, 0.72250264883, 0.732030332088, 0.693747282028, 1, 1, 1, 1, 1, 1, 1, 0.606171965599, 1, 1, 1, 1, 1, 1, 0.966576695442, 1, 1, 1]
        mean: [0.125836953521, 0.0668233036995, 0.0468648001552, 0.0488057397306, 0.0620341338217, 0.302309185266, 0.460035830736, 0.270568400621, 0.255593448877, 0.273771136999, 0.10379806906, 0.0309937261045, 0.0358285903931, 0.0414218716323, 0.0433526039124, 0.0392211861908, 0.035092368722, 0.0385075733066, 0.0381049215794, 0.080237545073, 0.334941059351, 0.473451554775, 0.237390488386, 0.0937655642629, 0.103818356991, 0.0646392032504, 0.114771254361, 0.164747208357, 0.0986713543534, 0.20548067987, 0.303472518921, 0.17458409071, 0.108779959381, 0.0857662037015, 0.0512639209628, 0.104556746781]
        min: [0.00163543433882, 0.0014839618234, 0.0016752948286, 0.000771337130573, 0.000462947617052, 0.00252118823119, 0.00268911803141, 0.00262268376537, 0.000528439530171, 0.00168137974106, 0.00169385725167, 0.00116159743629, 0.000886213441845, 0.00171316822525, 0.00260071945377, 0.000798783847131, 0.000512770202477, 0.000543576607015, 0.000477474823128, 0.000348328670952, 0.00251041399315, 0.00341450842097, 0.00171204016078, 0.00122551049571, 0.00116314797197, 0.000958780408837, 0.000576670921873, 0.000640203477815, 0.00157915835734, 5.79717743676e-05, 0.000259592779912, 0.00111352070235, 0.000807842996437, 0.00166678510141, 0.000520281901117, 0.00103969324846]
        var: [0.065337009728, 0.012114752084, 0.00568185374141, 0.0084472540766, 0.0123538179323, 0.0830493345857, 0.161794573069, 0.0452385619283, 0.0841110795736, 0.0953441187739, 0.0196170844138, 0.00544310500845, 0.00780485384166, 0.0056610647589, 0.0023754441645, 0.00453655701131, 0.00631005130708, 0.00592560274526, 0.0102268625051, 0.01906593889, 0.0819305703044, 0.151703059673, 0.0500140115619, 0.0289372298867, 0.0417750515044, 0.0141248218715, 0.0239873807877, 0.044319037348, 0.0169513076544, 0.0772766545415, 0.15788705647, 0.040115814656, 0.0227076150477, 0.01901544258, 0.0115688368678, 0.0373064987361]
    chords_histogram: [32.8703689575, 0, 0, 0, 0, 0, 0, 28.7037029266, 0, 0, 0, 0, 0, 0, 0, 0, 0, 0, 0, 0, 0, 0, 11.1111106873, 27.3148155212]
    thpcp: [1, 0.501403987408, 0.198046803474, 0.219279795885, 0.136527597904, 0.242413938046, 0.347970575094, 0.208408549428, 0.434005707502, 0.64097905159, 0.368747532368, 0.229759424925, 0.181150957942, 0.108277015388, 0.220839381218, 0.265786349773, 0.14114074409, 0.0989854186773, 0.103084973991, 0.13102529943, 0.638521909714, 0.971664011478, 0.571480631828, 0.539851307869, 0.578245282173, 0.219236940145, 0.0654633492231, 0.0756753012538, 0.087489143014, 0.0915671363473, 0.0828409716487, 0.074120298028, 0.0813337117434, 0.08048325032, 0.169473618269, 0.707445263863]
    chords_key: "E"
    chords_scale: "minor"
    key_key: "E"
    key_scale: "minor"
    chords_progression: ["Em", "Em", "Em", "Em", "Em", "Em", "Em", "Em", "Em", "Em", "Em", "Em", "Em", "Em", "Em", "Em", "Em", "Em", "Em", "Em", "C", "C", "C", "C", "C", "C", "C", "C", "C", "C", "C", "C", "C", "C", "C", "C", "C", "C", "C", "C", "C", "C", "C", "C", "C", "C", "C", "C", "C", "C", "C", "C", "C", "C", "C", "C", "C", "C", "C", "C", "C", "C", "C", "C", "C", "C", "C", "C", "C", "C", "C", "C", "C", "C", "C", "C", "C", "C", "C", "Am", "Am", "Am", "Am", "Am", "Am", "Am", "Am", "Am", "Am", "Am", "Am", "Am", "Am", "Am", "Am", "Am", "Am", "Am", "Am", "Am", "Am", "Am", "Am", "E", "E", "E", "E", "E", "E", "E", "E", "E", "E", "E", "E", "E", "E", "E", "E", "E", "E", "E", "E", "E", "E", "E", "E", "E", "E", "E", "E", "E", "E", "E", "E", "E", "E", "E", "E", "E", "E", "E", "E", "E", "E", "E", "E", "E", "E", "E", "E", "E", "E", "E", "E", "E", "E", "E", "E", "E", "E", "E", "E", "E", "E", "Em", "Em", "Em", "Em", "Em", "Em", "Em", "Em", "Em", "Em", "Em", "Em", "Em", "Em", "Em", "Em", "Em", "Em", "Em", "Em", "Em", "Em", "Em", "Em", "Em", "Em", "Em", "Em", "Em", "Em", "Em", "Em", "Em", "Em", "Em", "Em", "Em", "Em", "Em", "Em", "Em", "Em", "Em", "Em", "Em", "Em", "Em", "Em", "Em", "Em", "Em"]
