
metadata:
    version:
        essentia: "1.2.2"
    audio_properties:
        analysis_sample_rate: 44100
        bitrate: 128
        channels: 2
        equal_loudness: 1
        length: 9.92653083801
        replay_gain: -14.515663147
        downmix: "mix"
    tags:
        track: 17
        year: 0
        album: "Splitted by Mp3Splt v. 2.1"
        artist: "From 002.40 To 002.50"
        comment: "http://mp3splt.sf.net"
        genre: ""
        title: "11 Old Town.mp3"

highlevel:
    ballroom:
        all:
            ChaChaCha: 0.0293994415551
            Jive: 0.162961959839
            Quickstep: 0.30697658658
            Rumba-American: 0.00929492898285
            Rumba-International: 0.0132642500103
            Rumba-Misc: 0.0157757159323
            Samba: 0.0535281151533
            Tango: 0.0318712219596
            VienneseWaltz: 0.346638202667
            Waltz: 0.0302895773202
        probability: 0.346638202667
        value: "VienneseWaltz"
    culture:
        all:
            non_western: 0.120640091598
            western: 0.879359900951
        probability: 0.879359900951
        value: "western"
    gender:
        all:
            female: 0.515427231789
            male: 0.484572738409
        probability: 0.515427231789
        value: "female"
    genre_dortmund:
        all:
            alternative: 0.110393896699
            blues: 0.0287648718804
            electronic: 0.00668429024518
            folkcountry: 0.415932387114
            funksoulrnb: 0.0533477142453
            jazz: 0.0354446060956
            pop: 0.15283331275
            raphiphop: 0.00155559938867
            rock: 0.195043310523
        probability: 0.415932387114
        value: "folkcountry"
    genre_electronica:
        all:
            ambient: 0.585361421108
            dnb: 0.167919501662
            house: 0.0608273893595
            techno: 0.00843200460076
            trance: 0.177459701896
        probability: 0.585361421108
        value: "ambient"
    genre_rosamerica:
        all:
            cla: 0.101779259741
            dan: 0.02122842893
            hip: 0.00601304229349
            jaz: 0.0168540831655
            pop: 0.507128834724
            rhy: 0.0713400840759
            roc: 0.272810488939
            spe: 0.00284575647675
        probability: 0.507128834724
        value: "pop"
    genre_tzanetakis:
        all:
            blu: 0.00601433822885
            cla: 0.0443207584321
            cou: 0.45208722353
            dis: 0.0634234249592
            hip: 0.00168503716122
            jaz: 0.0172817148268
            met: 0.00357259507291
            pop: 0.0558938160539
            reg: 0.00489098066464
            roc: 0.350830107927
        probability: 0.45208722353
        value: "cou"
    live_studio:
        all:
            live: 0.803431093693
            studio: 0.196568876505
        probability: 0.803431093693
        value: "live"
    mood:
        all:
            Cluster1: 0.195297271013
            Cluster2: 0.422320514917
            Cluster3: 0.164073064923
            Cluster4: 0.178048580885
            Cluster5: 0.0402605608106
        probability: 0.422320514917
        value: "Cluster2"
    mood_acoustic:
        all:
            acoustic: 0.178144544363
            not_acoustic: 0.821855425835
        probability: 0.821855425835
        value: "not_acoustic"
    mood_aggressive:
        all:
            aggressive: 0.0559001453221
            not_aggressive: 0.944099843502
        probability: 0.944099843502
        value: "not_aggressive"
    mood_electronic:
        all:
            electronic: 0.0174520164728
            not_electronic: 0.982547998428
        probability: 0.982547998428
        value: "not_electronic"
    mood_happy:
        all:
            happy: 0.876824021339
            not_happy: 0.123175963759
        probability: 0.876824021339
        value: "happy"
    mood_party:
        all:
            not_party: 0.752701759338
            party: 0.247298255563
        probability: 0.752701759338
        value: "not_party"
    mood_relaxed:
        all:
            not_relaxed: 0.885724008083
            relaxed: 0.114276021719
        probability: 0.885724008083
        value: "not_relaxed"
    mood_sad:
        all:
            not_sad: 0.422387301922
            sad: 0.577612698078
        probability: 0.577612698078
        value: "sad"
    rhythm:
        all:
            fast: 0.915192842484
            medium: 0.0584602169693
            slow: 0.0263469461352
        probability: 0.915192842484
        value: "fast"
    speech_music:
        all:
            music: 0.999083757401
            speech: 0.000916242483072
        probability: 0.999083757401
        value: "music"
    timbre:
        all:
            bright: 0.966031014919
            dark: 0.0339689701796
        probability: 0.966031014919
        value: "bright"
    voice_instrumental:
        all:
            instrumental: 0.116875506938
            voice: 0.883124470711
        probability: 0.883124470711
        value: "voice"

lowlevel:
    average_loudness: 0.976383209229
    barkbands_kurtosis:
        dmean: 0.522334933281
        dmean2: 0.845057189465
        dvar: 0.348399847746
        dvar2: 0.964355826378
        max: 3.88400888443
        mean: -0.509249210358
        min: -1.69336283207
        var: 0.750503897667
    barkbands_skewness:
        dmean: 0.307610154152
        dmean2: 0.495221346617
        dvar: 0.077168084681
        dvar2: 0.191215500236
        max: 1.98461580276
        mean: 0.380489498377
        min: -1.88676559925
        var: 0.317796558142
    barkbands_spread:
        dmean: 3.70220065117
        dmean2: 5.70496988297
        dvar: 10.3803434372
        dvar2: 24.1805953979
        max: 51.6224632263
        mean: 25.0790691376
        min: 9.13576602936
        var: 61.7185173035
    dissonance:
        dmean: 0.023733664304
        dmean2: 0.0389455296099
        dvar: 0.000501754751895
        dvar2: 0.00113944592886
        max: 0.498395442963
        mean: 0.452029585838
        min: 0.186037927866
        var: 0.000875213067047
    hfc:
        dmean: 1.65191316605
        dmean2: 2.36896753311
        dvar: 4.40873289108
        dvar2: 8.19107437134
        max: 23.5555400848
        mean: 6.7536315918
        min: 0.243873655796
        var: 17.2729072571
    pitch:
        dmean: 110.820968628
        dmean2: 209.231826782
        dvar: 84898.421875
        dvar2: 172900.078125
        max: 4009.09082031
        mean: 335.003295898
        min: 82.5842666626
        var: 85030.5703125
    pitch_instantaneous_confidence:
        dmean: 0.0845013707876
        dmean2: 0.13525262475
        dvar: 0.00561782345176
        dvar2: 0.0125312199816
        max: 0.867441773415
        mean: 0.493556529284
        min: 0.221447706223
        var: 0.0227804221213
    pitch_salience:
        dmean: 0.0520419627428
        dmean2: 0.0849859789014
        dvar: 0.00174662284553
        dvar2: 0.00471461191773
        max: 0.859373509884
        mean: 0.59942060709
        min: 0.427340686321
        var: 0.00379150686786
    silence_rate_20dB:
        dmean: 0
        dmean2: 0
        dvar: 0
        dvar2: 0
        max: 1
        mean: 1
        min: 1
        var: 0
    silence_rate_30dB:
        dmean: 0
        dmean2: 0
        dvar: 0
        dvar2: 0
        max: 1
        mean: 1
        min: 1
        var: 0
    silence_rate_60dB:
        dmean: 0.0936768129468
        dmean2: 0.18544600904
        dvar: 0.0849014893174
        dvar2: 0.174530312419
        max: 1
        mean: 0.32009345293
        min: 0
        var: 0.217633828521
    spectral_centroid:
        dmean: 198.315490723
        dmean2: 305.333068848
        dvar: 44890.1914062
        dvar2: 107522.867188
        max: 3187.97705078
        mean: 1389.70178223
        min: 531.236022949
        var: 182985.984375
    spectral_complexity:
        dmean: 2.3764705658
        dmean2: 3.48584914207
        dvar: 4.63003110886
        dvar2: 8.4573507309
        max: 27
        mean: 13.6877937317
        min: 0
        var: 22.2475910187
    spectral_crest:
        dmean: 1.75120222569
        dmean2: 2.84784173965
        dvar: 2.44503641129
        dvar2: 6.52175998688
        max: 15.3873538971
        mean: 6.87929153442
        min: 2.83766794205
        var: 5.37416744232
    spectral_decrease:
        dmean: 2.4852619962e-10
        dmean2: 3.49265283361e-10
        dvar: 9.39744255038e-20
        dvar2: 1.56209052025e-19
        max: -4.12264181127e-11
        mean: -1.10892917071e-09
        min: -3.30731952936e-09
        var: 3.63184427139e-19
    spectral_energy:
        dmean: 0.00106142589357
        dmean2: 0.00148780806921
        dvar: 1.71635042534e-06
        dvar2: 2.81793290924e-06
        max: 0.0144310267642
        mean: 0.0047979275696
        min: 0.000177718175109
        var: 6.73425438436e-06
    spectral_energyband_high:
        dmean: 8.00816924311e-05
        dmean2: 0.000124758400489
        dvar: 8.8525791142e-09
        dvar2: 2.15437925277e-08
        max: 0.000794001854956
        mean: 0.000184257616638
        min: 6.19105139776e-06
        var: 2.17127720248e-08
    spectral_energyband_low:
        dmean: 6.74058683217e-05
        dmean2: 0.000110861117719
        dvar: 2.2948967171e-08
        dvar2: 6.15598167997e-08
        max: 0.00151698943228
        mean: 0.000129729844048
        min: 9.10483436201e-07
        var: 2.24670824167e-08
    spectral_energyband_middle_high:
        dmean: 0.00064143963391
        dmean2: 0.000948040280491
        dvar: 6.83718440087e-07
        dvar2: 1.43039721934e-06
        max: 0.00952344853431
        mean: 0.00246025971137
        min: 6.52992312098e-05
        var: 3.34716537509e-06
    spectral_energyband_middle_low:
        dmean: 0.000651957525406
        dmean2: 0.000965091749094
        dvar: 6.37110929347e-07
        dvar2: 1.13724877338e-06
        max: 0.00902449898422
        mean: 0.00202368199825
        min: 0.000105257313407
        var: 1.81917266673e-06
    spectral_flatness_db:
        dmean: 0.0137660866603
        dmean2: 0.0214146599174
        dvar: 0.000147294194903
        dvar2: 0.00033591807005
        max: 0.258134990931
        mean: 0.148778066039
        min: 0.0746214613318
        var: 0.00053296686383
    spectral_flux:
        dmean: 0.00805320776999
        dmean2: 0.0122595112771
        dvar: 6.97587893228e-05
        dvar2: 0.00014489487512
        max: 0.0902895778418
        mean: 0.036218456924
        min: 0.0135592035949
        var: 0.000206699143746
    spectral_kurtosis:
        dmean: 1.10015356541
        dmean2: 1.78557157516
        dvar: 1.48123764992
        dvar2: 3.75752806664
        max: 14.2469367981
        mean: 4.54547834396
        min: -0.729828596115
        var: 4.10431003571
    spectral_rms:
        dmean: 0.000240909881541
        dmean2: 0.000324714259477
        dvar: 7.59687850405e-08
        dvar2: 1.12658234741e-07
        max: 0.00375220621936
        mean: 0.00208013807423
        min: 0.000416393537307
        var: 3.53927589458e-07
    spectral_rolloff:
        dmean: 444.090515137
        dmean2: 737.156555176
        dvar: 232502.640625
        dvar2: 517720.65625
        max: 4823.4375
        mean: 2649.796875
        min: 775.1953125
        var: 698812.6875
    spectral_skewness:
        dmean: 0.169572874904
        dmean2: 0.263362050056
        dvar: 0.0271998327225
        dvar2: 0.059537678957
        max: 3.17331600189
        mean: 1.71105182171
        min: 0.558737456799
        var: 0.118932440877
    spectral_spread:
        dmean: 556543.1875
        dmean2: 726635.6875
        dvar: 518762921984
        dvar2: 745160048640
        max: 12312751
        mean: 4826641.5
        min: 2841643.5
        var: 2.23470236467e+12
    spectral_strongpeak:
        dmean: 0.551743328571
        dmean2: 0.957858264446
        dvar: 0.50072902441
        dvar2: 1.33742201328
        max: 6.43007183075
        mean: 1.08065545559
        min: 0.0248669106513
        var: 1.16733622551
    zerocrossingrate:
        dmean: 0.00747931981459
        dmean2: 0.00878215301782
        dvar: 4.46129233751e-05
        dvar2: 6.22643274255e-05
        max: 0.14453125
        mean: 0.0806397646666
        min: 0.021484375
        var: 0.000376026640879
    barkbands:
        dmean: [2.58827022037e-08, 1.81052892003e-05, 5.4574717069e-05, 0.000111305584142, 0.000144878489664, 0.000264383590547, 0.000190935053979, 0.000111206994916, 0.000258797517745, 0.000152595355758, 0.000147120110341, 0.000134052999783, 0.000159961535246, 8.88322902028e-05, 8.77741840668e-05, 8.45858739922e-05, 0.000138196352054, 9.4270282716e-05, 0.000132779328851, 0.000120140684885, 3.8886009861e-05, 1.10279015644e-05, 2.69594556812e-06, 3.16566274705e-06, 1.60820263773e-06, 4.17236023509e-08, 3.54365342625e-10]
        dmean2: [4.40585665729e-08, 3.0422128475e-05, 8.95501289051e-05, 0.000191551647731, 0.000241735790041, 0.000384311046218, 0.000304209534079, 0.000165772624314, 0.000411893677665, 0.000224017276196, 0.000231770172832, 0.000195046377485, 0.000253362115473, 0.000141413926031, 0.000148701816215, 0.000133214067318, 0.000227183714742, 0.00014746573288, 0.000202709925361, 0.000184865668416, 6.25559987384e-05, 1.64856646734e-05, 3.82243933927e-06, 4.06837352784e-06, 2.19553339775e-06, 6.68585400376e-08, 6.42142783391e-10]
        dvar: [6.84814575855e-15, 1.98867011747e-09, 1.35968472037e-08, 4.38370726386e-08, 2.74135736333e-08, 1.32115246743e-07, 1.09386199654e-07, 6.99226845313e-08, 2.46955181638e-07, 8.96988794352e-08, 1.67222736991e-07, 6.01928675792e-08, 1.51763259737e-07, 1.22283232429e-08, 2.09205008872e-08, 2.73304632259e-08, 1.12979819278e-07, 2.54181795611e-08, 2.82774319516e-08, 3.65625680843e-08, 2.83314571803e-09, 3.05291347757e-10, 1.92433118051e-11, 8.54624218616e-11, 1.69580148535e-11, 2.37996708658e-14, 2.75658352724e-18]
        dvar2: [1.65984135887e-14, 5.35870992024e-09, 3.64173047274e-08, 1.18852575781e-07, 7.68086536596e-08, 2.99212672417e-07, 2.66248207481e-07, 1.34703867616e-07, 5.69698556774e-07, 1.73348425392e-07, 4.01739498557e-07, 1.08425830092e-07, 3.58419327995e-07, 2.84482926105e-08, 5.98867586632e-08, 6.10005912449e-08, 3.27797664568e-07, 6.17349797949e-08, 6.46912283742e-08, 9.23205831782e-08, 7.59208074186e-09, 6.71057653889e-10, 4.00847272042e-11, 1.14955281405e-10, 2.86535881827e-11, 6.22047986037e-14, 5.52603715762e-18]
        max: [7.25991469608e-07, 0.0004285366158, 0.0011804131791, 0.0015291889431, 0.00166599627119, 0.00391244795173, 0.0040110424161, 0.00416489783674, 0.00557734398171, 0.00445757806301, 0.00508264638484, 0.00320064392872, 0.00644949311391, 0.000973657006398, 0.00119683821686, 0.00206163199618, 0.00544789899141, 0.00245256512426, 0.00161961489357, 0.00301063596271, 0.000541499466635, 0.000250969169429, 4.34492831118e-05, 0.000136811664561, 5.4831019952e-05, 2.47660864261e-06, 3.44330786106e-08]
        mean: [2.91491950577e-08, 3.29077338392e-05, 9.67955202213e-05, 0.00016916252207, 0.000267902272753, 0.000499039073475, 0.000322497187881, 0.000165852150531, 0.000529118871782, 0.000286295311525, 0.000246641488047, 0.00031837366987, 0.000313113181619, 0.00018255689065, 0.000150726336869, 0.000131081673317, 0.000238897599047, 0.000198602123419, 0.000297828984912, 0.000234106657444, 7.83799259807e-05, 2.41031175392e-05, 5.50926279175e-06, 5.6061567193e-06, 2.74822878055e-06, 5.53014167792e-08, 4.7275056092e-10]
        min: [3.98806369872e-11, 6.97028070817e-08, 5.71927785131e-07, 9.79390506473e-07, 1.17181821224e-06, 1.02473122752e-05, 7.61237015467e-06, 4.66390383735e-06, 5.46045703231e-06, 3.39079474543e-06, 4.11003020417e-06, 9.38922141813e-07, 2.32949128076e-06, 2.36830487665e-06, 7.94448055785e-07, 3.46254751094e-06, 3.30169382323e-06, 4.22327048e-06, 1.45123876791e-05, 7.85092925071e-06, 1.58444174758e-06, 1.55568002924e-07, 8.10236713278e-08, 1.19575943813e-07, 3.94917520907e-08, 8.20446544036e-10, 3.98072254413e-13]
        var: [6.66256338091e-15, 2.30043051275e-09, 1.41684148858e-08, 5.99296257064e-08, 4.55091857532e-08, 2.81094486354e-07, 1.41267932463e-07, 1.07600257593e-07, 6.16644229012e-07, 3.21292219496e-07, 2.64401307959e-07, 3.3173051861e-07, 3.47057266481e-07, 3.75994346768e-08, 3.94783796764e-08, 5.15558369329e-08, 1.72631231976e-07, 7.56177129801e-08, 7.58585159133e-08, 8.12379354898e-08, 6.25691898293e-09, 9.78706338195e-10, 5.09826729445e-11, 1.98514538141e-10, 3.55649780459e-11, 2.35419932789e-14, 5.57018916359e-18]
    mfcc:
        mean: [-699.565429688, 119.574043274, -49.8264465332, 29.9950904846, -20.0301074982, -12.9366102219, 1.63830447197, -10.9705533981, -10.2756757736, -4.77337408066, -5.30293512344, -5.0613732338, -4.29192399979]
        cov: [[1086.9519043, -325.537597656, -69.5978851318, -87.5255432129, -50.2437095642, -37.0338973999, 6.47009706497, 54.3718833923, 20.5956764221, -0.468938410282, -26.9167823792, -46.7270698547, -16.31782341], [-325.537597656, 531.640808105, -93.4146575928, -14.3171977997, -41.935546875, 28.7737827301, 122.363540649, 4.45870351791, -17.4306316376, 10.2210693359, 21.1657714844, 16.2706623077, 5.15069293976], [-69.5978851318, -93.4146575928, 241.619369507, 36.5044174194, 60.8449783325, 3.98088145256, -37.482585907, -14.6069278717, -10.0149965286, -18.9108657837, 26.1635913849, 19.4524040222, -8.82318782806], [-87.5255432129, -14.3171977997, 36.5044174194, 263.667449951, 82.5809402466, 53.6859436035, -60.3196563721, -8.00785732269, 38.2711143494, -5.43821334839, 29.3075809479, 31.7757606506, 37.536113739], [-50.2437095642, -41.935546875, 60.8449783325, 82.5809402466, 143.720062256, 5.12144994736, -24.8951892853, -3.37618017197, 18.8575325012, 13.2062673569, -5.22232484818, 23.2987194061, 22.177532196], [-37.0338973999, 28.7737827301, 3.98088145256, 53.6859436035, 5.12144994736, 152.466445923, 45.4101028442, -2.14741659164, 0.565637648106, 7.03026199341, 18.2096843719, -0.772647321224, 7.26579809189], [6.47009706497, 122.363540649, -37.482585907, -60.3196563721, -24.8951892853, 45.4101028442, 140.992660522, 26.0738601685, -9.82248497009, 19.3158931732, -11.5625905991, -2.40477108955, -13.7736091614], [54.3718833923, 4.45870351791, -14.6069278717, -8.00785732269, -3.37618017197, -2.14741659164, 26.0738601685, 75.0246124268, 31.8398799896, -0.323905020952, -13.3645896912, -9.06956481934, -1.73258697987], [20.5956764221, -17.4306316376, -10.0149965286, 38.2711143494, 18.8575325012, 0.565637648106, -9.82248497009, 31.8398799896, 67.5056915283, 13.127828598, -10.7403650284, 0.392185300589, 9.93746566772], [-0.468938410282, 10.2210693359, -18.9108657837, -5.43821334839, 13.2062673569, 7.03026199341, 19.3158931732, -0.323905020952, 13.127828598, 65.7172393799, 0.44963914156, -2.63037800789, -2.70684289932], [-26.9167823792, 21.1657714844, 26.1635913849, 29.3075809479, -5.22232484818, 18.2096843719, -11.5625905991, -13.3645896912, -10.7403650284, 0.44963914156, 59.5716400146, 18.1225605011, 0.393846750259], [-46.7270698547, 16.2706623077, 19.4524040222, 31.7757606506, 23.2987194061, -0.772647321224, -2.40477108955, -9.06956481934, 0.392185300589, -2.63037800789, 18.1225605011, 55.9779777527, 14.6272468567], [-16.31782341, 5.15069293976, -8.82318782806, 37.536113739, 22.177532196, 7.26579809189, -13.7736091614, -1.73258697987, 9.93746566772, -2.70684289932, 0.393846750259, 14.6272468567, 54.5065345764]]
        icov: [[0.00139883544762, 0.0012080820743, 0.000648467219435, 0.000111973866296, 0.00018925977929, 0.000444086414063, -0.00102614762727, -0.000561256485526, -0.000183394717169, 0.000291203294182, -0.000813271210063, 0.000650943955407, -0.000201786053367], [0.0012080820743, 0.00378758972511, 0.00142510875594, -0.000476395653095, 0.000405495695304, 0.00113082421012, -0.00385672482662, 0.000164272947586, -7.76409142418e-05, 0.000737796362955, -0.00234417594038, 0.000382559926948, -0.000757504370995], [0.000648467219435, 0.00142510875594, 0.00614131847396, 0.000381627149181, -0.00285073230043, -4.42528762505e-05, -0.000293913646601, -9.269684233e-05, 0.000409606815083, 0.002252320759, -0.00323082250543, -0.000455311674159, 0.00206206459552], [0.000111973866296, -0.000476395653095, 0.000381627149181, 0.00719098327681, -0.00307346344925, -0.00297929858789, 0.00317886797711, 0.000302829488646, -0.00342171429656, 0.00137552816886, -0.00236037443392, -0.0013733842643, -0.00127343495842], [0.00018925977929, 0.000405495695304, -0.00285073230043, -0.00307346344925, 0.0114827705547, 0.000441615789896, 0.000103916805529, -0.000235780942603, 0.000123230769532, -0.00380162196234, 0.00453467573971, -0.00303404196166, -0.00246857828461], [0.000444086414063, 0.00113082421012, -4.42528762505e-05, -0.00297929858789, 0.000441615789896, 0.00986989866942, -0.00619767094031, 0.0016695408849, -0.000487109849928, 0.00043928870582, -0.00362020358443, 0.00334521289915, -0.00169871735852], [-0.00102614762727, -0.00385672482662, -0.000293913646601, 0.00317886797711, 0.000103916805529, -0.00619767094031, 0.0163535065949, -0.00580989057198, 0.00391502911225, -0.00430554198101, 0.00533221429214, -0.00449086725712, 0.00279124034569], [-0.000561256485526, 0.000164272947586, -9.269684233e-05, 0.000302829488646, -0.000235780942603, 0.0016695408849, -0.00580989057198, 0.0210251640528, -0.0115842148662, 0.00409229751676, -0.000386837520637, 0.00297199911438, 0.000186929173651], [-0.000183394717169, -7.76409142418e-05, 0.000409606815083, -0.00342171429656, 0.000123230769532, -0.000487109849928, 0.00391502911225, -0.0115842148662, 0.0251244734973, -0.00651868619025, 0.00490134954453, -0.0017877209466, -0.00144901336171], [0.000291203294182, 0.000737796362955, 0.002252320759, 0.00137552816886, -0.00380162196234, 0.00043928870582, -0.00430554198101, 0.00409229751676, -0.00651868619025, 0.0193603150547, -0.00426788069308, 0.00248197233304, 0.00147981429473], [-0.000813271210063, -0.00234417594038, -0.00323082250543, -0.00236037443392, 0.00453467573971, -0.00362020358443, 0.00533221429214, -0.000386837520637, 0.00490134954453, -0.00426788069308, 0.0257429573685, -0.00840179342777, 0.00201632059179], [0.000650943955407, 0.000382559926948, -0.000455311674159, -0.0013733842643, -0.00303404196166, 0.00334521289915, -0.00449086725712, 0.00297199911438, -0.0017877209466, 0.00248197233304, -0.00840179342777, 0.025104528293, -0.00544807920232], [-0.000201786053367, -0.000757504370995, 0.00206206459552, -0.00127343495842, -0.00246857828461, -0.00169871735852, 0.00279124034569, 0.000186929173651, -0.00144901336171, 0.00147981429473, 0.00201632059179, -0.00544807920232, 0.0232956111431]]
    spectral_contrast:
        mean: [-3.89725698824e-07, -1.99106267473e-07, -2.51850611477e-08, -1.10729004632e-07, -1.61569161605e-07, 3.23977815242e-07, -1.48319020354e-06, -1.89615525414e-06, 5.05327761857e-07, -2.30548252489e-07, 4.50756624559e-06, 1.77274841917e-06]
        var: [0.000521370035131, 0.00122202385683, 0.00205521984026, 0.00232681492344, 0.00305078341626, 0.00522621907294, 0.0381294488907, 0.0765895694494, 0.111222036183, 0.206570968032, 0.360286861658, 0.613677740097]

rhythm:
    beats_loudness:
        dmean: 0.00236768880859
        dmean2: 0.00415909150615
        dvar: 4.06789285989e-06
        dvar2: 9.29039651965e-06
        max: 0.0105210207403
        mean: 0.00590888597071
        min: 0.0023091728799
        var: 5.2018531278e-06
    beats_loudness_bass:
        dmean: 0.0649230331182
        dmean2: 0.124530591071
        dvar: 0.00356395775452
        dvar2: 0.0102597801015
        max: 0.254465579987
        mean: 0.0525229535997
        min: 0.00193351518828
        var: 0.00318778026849
    bpm: 129.879608154
    bpm_confidence: 0
    first_peak_bpm: 130
    first_peak_spread: 0
    first_peak_weight: 0.949999988079
    onset_rate: 3.22368407249
    second_peak_bpm: 90
    second_peak_spread: 0
    second_peak_weight: 0.0500000007451
    beats_position: [0.26536232233, 0.728389024734, 1.19141578674, 1.65444242954, 2.11746907234, 2.58049583435, 3.04352259636, 3.50654935837, 3.96957612038, 4.43260288239, 4.89562988281, 5.35865688324, 5.82168340683, 6.48597431183, 6.94696140289, 7.40794849396, 7.86893558502, 8.32992362976, 8.79090976715, 9.25189781189, 9.71288394928]
    bpm_estimates: [130.295410156, 130.874526978, 130.433654785, 127.559806824, 130.649993896, 126.636482239, 130.585586548, 129.761260986, 130.468093872, 131.031311035, 130.521850586, 130.725158691, 130.786407471, 129.0519104, 129.139343262, 129.552978516]
    bpm_intervals: [0.463026702404, 0.463026762009, 0.463026642799, 0.463026642799, 0.463026762009, 0.463026762009, 0.463026762009, 0.463026762009, 0.463026762009, 0.463027000427, 0.463027000427, 0.46302652359, 0.664290904999, 0.460987091064, 0.460987091064, 0.460987091064, 0.460988044739, 0.46098613739, 0.460988044739, 0.46098613739]
    onset_times: [0.0580498874187, 0.255419492722, 0.487619042397, 1.19582772255, 1.43963718414, 1.6137868166, 2.08979582787, 2.5890250206, 2.82122445107, 3.03020405769, 3.27401351929, 3.48299312592, 3.76163268089, 3.85451245308, 3.93578219414, 4.1679816246, 5.0967798233, 5.34058952332, 5.60761928558, 5.80498886108, 6.03718805313, 6.26938772202, 6.6989569664, 7.17496585846, 7.4303855896, 7.52326536179, 7.60453510284, 7.84834480286, 8.54494285583, 8.76553249359, 8.99773216248, 9.25315189362]
    rubato_start: []
    rubato_stop: []
    perceptual_tempo: "unknown"

sfx:
    inharmonicity:
        dmean: 0.0468493700027
        dmean2: 0.0835876613855
        dvar: 0.00227160123177
        dvar2: 0.00658281194046
        max: 0.285580933094
        mean: 0.0497448481619
        min: 0
        var: 0.00263272342272
    oddtoevenharmonicenergyratio:
        dmean: 4.10947799683
        dmean2: 7.89500617981
        dvar: 172.98425293
        dvar2: 510.834838867
        max: 153.691101074
        mean: 2.62385177612
        min: 0
        var: 92.2572174072
    pitch_after_max_to_before_max_energy_ratio: 2.48741173744
    pitch_centroid: 209.956069946
    pitch_max_to_total: 0.279342710972
    pitch_min_to_total: 0.194835677743
    tristimulus:
        dmean: [0.207326322794, 0.249161481857, 0.120075330138]
        dmean2: [0.369610548019, 0.446816474199, 0.21632130444]
        dvar: [0.0344592966139, 0.0428632497787, 0.0118055995554]
        dvar2: [0.100224025548, 0.118609569967, 0.0330072380602]
        max: [1, 0.99267333746, 0.525056660175]
        mean: [0.340058982372, 0.510552763939, 0.119111843407]
        min: [0.00732661550865, 0, 0]
        var: [0.0467775762081, 0.0600606836379, 0.0154595319182]

tonal:
    chords_changes_rate: 0.0560747645795
    chords_number_rate: 0.0280373822898
    chords_strength:
        dmean: 0.0101349530742
        dmean2: 0.00749017717317
        dvar: 5.91118623561e-05
        dvar2: 4.22603916377e-05
        max: 0.620329678059
        mean: 0.471561580896
        min: 0.298184812069
        var: 0.00641173310578
    key_strength: 0.738604664803
    tuning_diatonic_strength: 0.547628223896
    tuning_equal_tempered_deviation: 0.0195642225444
    tuning_frequency: 441.272583008
    tuning_nontempered_energy_ratio: 0.647601723671
    hpcp:
        dmean: [0.158459126949, 0.159090280533, 0.0925932452083, 0.084141895175, 0.0857294946909, 0.142178446054, 0.195368140936, 0.145444467664, 0.0999840646982, 0.0833410695195, 0.0655980184674, 0.0864169076085, 0.093290425837, 0.0707556307316, 0.0949492082, 0.122571907938, 0.10812804848, 0.0727802813053, 0.0673775151372, 0.0805612206459, 0.152802348137, 0.197424173355, 0.168987348676, 0.090690433979, 0.08231472224, 0.0962683781981, 0.138839989901, 0.166797488928, 0.142793759704, 0.148494184017, 0.13572537899, 0.0980710163713, 0.0560450702906, 0.042866345495, 0.0590607188642, 0.110398188233]
        dmean2: [0.259512603283, 0.263654023409, 0.159938037395, 0.141577318311, 0.145915791392, 0.228672206402, 0.313591629267, 0.242765456438, 0.165884628892, 0.131227657199, 0.100421108305, 0.141453251243, 0.152079835534, 0.118361704051, 0.162813708186, 0.193510130048, 0.182196646929, 0.128746926785, 0.113684594631, 0.140664070845, 0.250247299671, 0.320879727602, 0.272575765848, 0.161147400737, 0.148593142629, 0.161447033286, 0.226637303829, 0.265113860369, 0.243604019284, 0.250987917185, 0.219885662198, 0.163226053119, 0.0939985737205, 0.0725038647652, 0.101043224335, 0.182468861341]
        dvar: [0.0380281880498, 0.032826770097, 0.0208134651184, 0.0192253421992, 0.0244815312326, 0.0228248853236, 0.0394643098116, 0.026210071519, 0.0225909277797, 0.0166167244315, 0.0103289037943, 0.0201591774821, 0.0205496866256, 0.0115077868104, 0.0221583936363, 0.0291547626257, 0.0303733516484, 0.0147430943325, 0.0162108186632, 0.0140658365563, 0.0303425583988, 0.0483862273395, 0.0295323766768, 0.0301666036248, 0.028382608667, 0.025962209329, 0.0277647897601, 0.0395739153028, 0.0243731308728, 0.0302226115018, 0.0325835309923, 0.0149490991607, 0.00737697537988, 0.00327753508464, 0.0112830484286, 0.0208804756403]
        dvar2: [0.100495330989, 0.0971447303891, 0.0578346736729, 0.0551540702581, 0.069569170475, 0.0505911372602, 0.0823952183127, 0.0696854889393, 0.0592370294034, 0.039000030607, 0.0249511227012, 0.0585200935602, 0.051910854876, 0.0283486749977, 0.0572002530098, 0.0657687336206, 0.0813020914793, 0.0404086299241, 0.0447794497013, 0.0403028689325, 0.0680430978537, 0.11072614044, 0.0739125013351, 0.0763272792101, 0.0777353197336, 0.0641790181398, 0.0686359703541, 0.0948931798339, 0.0590458586812, 0.0736972987652, 0.0703753754497, 0.0369788073003, 0.0196658466011, 0.00826660450548, 0.0326757356524, 0.0546529144049]
        max: [1, 1, 1, 1, 1, 0.994417250156, 1, 1, 1, 1, 0.951233148575, 1, 1, 0.840444326401, 1, 1, 1, 0.815112411976, 1, 0.750983536243, 1, 1, 1, 1, 0.897390544415, 1, 1, 1, 1, 1, 1, 0.786974966526, 0.578079104424, 0.431107670069, 0.75954002142, 0.960573673248]
        mean: [0.30777528882, 0.23307582736, 0.11896751076, 0.104402467608, 0.101869367063, 0.286080926657, 0.417751282454, 0.238000631332, 0.137758508325, 0.146561264992, 0.103412091732, 0.132402032614, 0.154220327735, 0.0966436192393, 0.141147583723, 0.222287848592, 0.15452131629, 0.0929982885718, 0.0872202292085, 0.0851602256298, 0.297449409962, 0.479403793812, 0.286223500967, 0.0867424756289, 0.0622464306653, 0.104205802083, 0.293511897326, 0.404468297958, 0.256498664618, 0.265555202961, 0.348774135113, 0.193728417158, 0.0762467682362, 0.0681952536106, 0.0722742602229, 0.177956372499]
        min: [0.00502116326243, 0.00464539323002, 0.00501141650602, 0.00298413843848, 0.00348487938754, 0.0086107570678, 0.0072476901114, 0.0185558330268, 0.00107168941759, 0.0022537659388, 0.00264614215121, 0.00430252542719, 0.00192378752399, 0.00311303767376, 0.00144533778075, 0.00106009200681, 0.00260738912039, 0.00172130635474, 0.000572628923692, 0.00196821731515, 0.00326541950926, 0.0105955135077, 0.0190585386008, 0.00180054001976, 0.00117137026973, 0.00108374119736, 0.00609021494165, 0.0159173216671, 0.00457857502624, 0.00137360370718, 0.00173196697142, 0.00227305502631, 0.00489776814356, 0.00486364820972, 0.00558624789119, 0.00430821673945]
        var: [0.0964564010501, 0.0568774268031, 0.0210724752396, 0.020111605525, 0.0213465616107, 0.0494811609387, 0.0961825028062, 0.0375834219158, 0.0308043844998, 0.0402826666832, 0.0188336037099, 0.0285031814128, 0.0306336525828, 0.0140096470714, 0.0285382941365, 0.0658964216709, 0.0353128276765, 0.0176245383918, 0.0242459122092, 0.0141861829907, 0.0667223781347, 0.124375171959, 0.0532109774649, 0.0257615558803, 0.0193810220808, 0.0331399701536, 0.0897050872445, 0.12766648829, 0.0546877235174, 0.0586519315839, 0.121421873569, 0.038275424391, 0.00725078582764, 0.00585628673434, 0.0112742800266, 0.0389189645648]
    chords_histogram: [41.5887832642, 10.2803735733, 0.934579432011, 6.54205608368, 2.33644866943, 0, 0, 0, 0, 27.5700931549, 0, 0, 0, 0, 0, 0, 0, 0, 0, 0, 0, 0, 10.7476634979, 0]
    thpcp: [1, 0.597040534019, 0.180938228965, 0.129841342568, 0.217365413904, 0.612243592739, 0.843690216541, 0.535036802292, 0.553928017616, 0.727516412735, 0.404102802277, 0.159044981003, 0.142250135541, 0.150758638978, 0.371203511953, 0.641995966434, 0.486178517342, 0.248157218099, 0.217775642872, 0.212491780519, 0.596743166447, 0.871397554874, 0.496451288462, 0.287353813648, 0.305715709925, 0.215709790587, 0.276180624962, 0.321691930294, 0.201591268182, 0.294423162937, 0.463675618172, 0.32231977582, 0.193987384439, 0.181934788823, 0.177637785673, 0.620456933975]
    chords_key: "E"
    chords_scale: "minor"
    key_key: "E"
    key_scale: "minor"
    chords_progression: ["F#m", "F#m", "F#m", "B", "F#m", "F#m", "D", "D", "D", "D", "D", "B", "B", "B", "B", "B", "B", "B", "B", "B", "B", "B", "B", "B", "B", "B", "B", "B", "B", "B", "B", "B", "B", "Em", "Em", "Em", "Em", "Em", "Em", "Em", "Em", "Em", "Em", "Em", "Em", "Em", "Em", "Em", "Em", "Em", "Em", "Em", "Em", "Em", "Em", "Em", "Em", "Em", "Em", "Em", "Em", "Em", "Em", "Em", "Em", "Em", "Em", "Em", "Em", "Em", "Em", "Em", "Em", "Em", "Em", "Em", "Em", "Em", "Em", "Em", "Am", "Am", "Am", "Am", "Am", "Am", "Am", "Am", "Am", "Am", "Am", "Am", "Am", "Am", "Am", "Am", "Am", "Am", "Am", "Am", "Am", "Am", "Am", "D", "D", "D", "D", "D", "D", "D", "D", "D", "G", "G", "G", "G", "G", "G", "G", "G", "G", "G", "G", "G", "G", "G", "G", "G", "G", "G", "G", "G", "G", "G", "Em", "Em", "Em", "Em", "Em", "Em", "Em", "Em", "Em", "Em", "Em", "Em", "Em", "Em", "Em", "Em", "Em", "Em", "Em", "Em", "Em", "Em", "Em", "Em", "Em", "Em", "Em", "Em", "Bm", "Bm", "B", "B", "B", "B", "B", "B", "B", "B", "B", "B", "B", "B", "B", "B", "B", "B", "B", "B", "B", "B", "B", "B", "B", "B", "B", "B", "B", "B", "B", "B", "B", "B", "B", "B", "B", "B", "Em", "Em", "Em", "Em", "Em", "Em", "Em", "Em", "Em", "Em", "Em", "Em", "Em", "Em"]
