
metadata:
    version:
        essentia: "1.2.2"
    audio_properties:
        analysis_sample_rate: 44100
        bitrate: 128
        channels: 2
        equal_loudness: 1
        length: 10.0048980713
        replay_gain: -14.1303024292
        downmix: "mix"
    tags:
        track: 2
        year: 0
        album: "Splitted by Mp3Splt v. 2.1"
        artist: "From 000.10 To 000.20"
        comment: "http://mp3splt.sf.net"
        genre: ""
        title: "10 Yesterday, When I Was Mad ["

highlevel:
    ballroom:
        all:
            ChaChaCha: 0.214563250542
            Jive: 0.365952521563
            Quickstep: 0.0152836898342
            Rumba-American: 0.0011387988925
            Rumba-International: 0.000670150213409
            Rumba-Misc: 0.00119793612976
            Samba: 0.399769902229
            Tango: 0.000377471529646
            VienneseWaltz: 0.000747506332118
            Waltz: 0.000298802129691
        probability: 0.399769902229
        value: "Samba"
    culture:
        all:
            non_western: 0.0145027637482
            western: 0.985497236252
        probability: 0.985497236252
        value: "western"
    gender:
        all:
            female: 0.681906342506
            male: 0.318093657494
        probability: 0.681906342506
        value: "female"
    genre_dortmund:
        all:
            alternative: 0.0891582369804
            blues: 0.00501211732626
            electronic: 0.14557415247
            folkcountry: 0.019200829789
            funksoulrnb: 0.0371645949781
            jazz: 0.0234402287751
            pop: 0.142890587449
            raphiphop: 0.019180169329
            rock: 0.518379092216
        probability: 0.518379092216
        value: "rock"
    genre_electronica:
        all:
            ambient: 0.0338214822114
            dnb: 0.0471868664026
            house: 0.00267085549422
            techno: 0.00568123394623
            trance: 0.910639584064
        probability: 0.910639584064
        value: "trance"
    genre_rosamerica:
        all:
            cla: 0.00167216791306
            dan: 0.089255489409
            hip: 0.00618801917881
            jaz: 0.00305329356343
            pop: 0.0384583994746
            rhy: 0.0145757310092
            roc: 0.845187067986
            spe: 0.00160984718241
        probability: 0.845187067986
        value: "roc"
    genre_tzanetakis:
        all:
            blu: 0.00280562322587
            cla: 0.00279884715565
            cou: 0.0189388245344
            dis: 0.0560703538358
            hip: 0.0134791349992
            jaz: 0.0160735491663
            met: 0.0419085212052
            pop: 0.803147673607
            reg: 0.0120483888313
            roc: 0.0327291116118
        probability: 0.803147673607
        value: "pop"
    live_studio:
        all:
            live: 0.524074673653
            studio: 0.475925326347
        probability: 0.524074673653
        value: "live"
    mood:
        all:
            Cluster1: 0.508134424686
            Cluster2: 0.212791234255
            Cluster3: 0.0451445207
            Cluster4: 0.0560139045119
            Cluster5: 0.177915930748
        probability: 0.508134424686
        value: "Cluster1"
    mood_acoustic:
        all:
            acoustic: 0.00396215030923
            not_acoustic: 0.996037840843
        probability: 0.996037840843
        value: "not_acoustic"
    mood_aggressive:
        all:
            aggressive: 0.781324863434
            not_aggressive: 0.218675151467
        probability: 0.781324863434
        value: "aggressive"
    mood_electronic:
        all:
            electronic: 0.739609897137
            not_electronic: 0.260390102863
        probability: 0.739609897137
        value: "electronic"
    mood_happy:
        all:
            happy: 0.61864978075
            not_happy: 0.381350189447
        probability: 0.61864978075
        value: "happy"
    mood_party:
        all:
            not_party: 0.132628396153
            party: 0.867371618748
        probability: 0.867371618748
        value: "party"
    mood_relaxed:
        all:
            not_relaxed: 0.924349665642
            relaxed: 0.0756503194571
        probability: 0.924349665642
        value: "not_relaxed"
    mood_sad:
        all:
            not_sad: 0.973483681679
            sad: 0.0265163332224
        probability: 0.973483681679
        value: "not_sad"
    rhythm:
        all:
            fast: 0.718890666962
            medium: 0.199966087937
            slow: 0.0811432301998
        probability: 0.718890666962
        value: "fast"
    speech_music:
        all:
            music: 0.998382151127
            speech: 0.00161785131786
        probability: 0.998382151127
        value: "music"
    timbre:
        all:
            bright: 0.609660148621
            dark: 0.390339821577
        probability: 0.609660148621
        value: "bright"
    voice_instrumental:
        all:
            instrumental: 0.246473610401
            voice: 0.753526389599
        probability: 0.753526389599
        value: "voice"

lowlevel:
    average_loudness: 0.964597821236
    barkbands_kurtosis:
        dmean: 1.23179292679
        dmean2: 1.99352896214
        dvar: 2.45580196381
        dvar2: 5.85229587555
        max: 8.93852901459
        mean: -0.271304666996
        min: -1.776735425
        var: 2.8301718235
    barkbands_skewness:
        dmean: 0.605532824993
        dmean2: 0.895814597607
        dvar: 0.231360062957
        dvar2: 0.499094069004
        max: 2.85666704178
        mean: 0.1694958359
        min: -2.38609242439
        var: 0.676454246044
    barkbands_spread:
        dmean: 8.94846916199
        dmean2: 13.3169784546
        dvar: 50.1155853271
        dvar2: 96.0821075439
        max: 65.2360153198
        mean: 31.5177745819
        min: 5.73486423492
        var: 138.324356079
    dissonance:
        dmean: 0.0276188608259
        dmean2: 0.0436838380992
        dvar: 0.000617681362201
        dvar2: 0.00135921454057
        max: 0.499850511551
        mean: 0.4551448524
        min: 0.315934747458
        var: 0.00107554311398
    hfc:
        dmean: 3.14954519272
        dmean2: 4.92091798782
        dvar: 8.15723800659
        dvar2: 19.0063152313
        max: 26.2791175842
        mean: 9.44275569916
        min: 0.0227128267288
        var: 33.007938385
    pitch:
        dmean: 885.573608398
        dmean2: 1698.32373047
        dvar: 1821424.625
        dvar2: 4124670.5
        max: 4410
        mean: 1025.21386719
        min: 94.0298538208
        var: 1917629.125
    pitch_instantaneous_confidence:
        dmean: 0.1235261783
        dmean2: 0.195780754089
        dvar: 0.0110584935173
        dvar2: 0.0214593745768
        max: 0.78766065836
        mean: 0.397768676281
        min: 0.13532346487
        var: 0.0214721541852
    pitch_salience:
        dmean: 0.0874058976769
        dmean2: 0.138399660587
        dvar: 0.00509955454618
        dvar2: 0.0104436306283
        max: 0.865416944027
        mean: 0.615958869457
        min: 0.337247401476
        var: 0.0105672767386
    silence_rate_20dB:
        dmean: 0
        dmean2: 0
        dvar: 0
        dvar2: 0
        max: 1
        mean: 1
        min: 1
        var: 0
    silence_rate_30dB:
        dmean: 0
        dmean2: 0
        dvar: 0
        dvar2: 0
        max: 1
        mean: 1
        min: 1
        var: 0
    silence_rate_60dB:
        dmean: 0.116009280086
        dmean2: 0.230232551694
        dvar: 0.102551214397
        dvar2: 0.191179573536
        max: 1
        mean: 0.247685179114
        min: 0
        var: 0.186337381601
    spectral_centroid:
        dmean: 403.972686768
        dmean2: 610.120849609
        dvar: 101293.328125
        dvar2: 189754.15625
        max: 3518.97802734
        mean: 1750.23327637
        min: 439.494445801
        var: 331589.71875
    spectral_complexity:
        dmean: 5.3744187355
        dmean2: 7.99300718307
        dvar: 23.5598182678
        dvar2: 41.9696464539
        max: 42
        mean: 15.4779586792
        min: 0
        var: 80.0732192993
    spectral_crest:
        dmean: 3.17180848122
        dmean2: 5.1681022644
        dvar: 8.08550262451
        dvar2: 18.1478881836
        max: 19.6788234711
        mean: 7.55984687805
        min: 2.59819412231
        var: 12.8800535202
    spectral_decrease:
        dmean: 4.95715468674e-10
        dmean2: 8.12201916833e-10
        dvar: 2.33001139673e-19
        dvar2: 6.33581264932e-19
        max: -2.51731101242e-12
        mean: -1.21232768269e-09
        min: -3.40842309932e-09
        var: 4.54844750255e-19
    spectral_energy:
        dmean: 0.00207847380079
        dmean2: 0.00339403445832
        dvar: 3.93780419472e-06
        dvar2: 1.06016814243e-05
        max: 0.0149452527985
        mean: 0.00543209072202
        min: 1.15609736895e-05
        var: 8.66964091983e-06
    spectral_energyband_high:
        dmean: 0.000280782347545
        dmean2: 0.000419508258346
        dvar: 7.86471403558e-08
        dvar2: 1.8440712779e-07
        max: 0.00268334220164
        mean: 0.000592183554545
        min: 2.29632155424e-06
        var: 1.98644272587e-07
    spectral_energyband_low:
        dmean: 0.000171545776539
        dmean2: 0.000255999184446
        dvar: 5.52560095457e-08
        dvar2: 1.41049653735e-07
        max: 0.0018049943028
        mean: 0.000313589640427
        min: 1.32548143483e-06
        var: 8.65288214413e-08
    spectral_energyband_middle_high:
        dmean: 0.00120209425222
        dmean2: 0.00190475711133
        dvar: 1.40162148909e-06
        dvar2: 3.44517570738e-06
        max: 0.00958891399205
        mean: 0.00269716209732
        min: 3.75413424081e-06
        var: 3.85128578273e-06
    spectral_energyband_middle_low:
        dmean: 0.00125265994575
        dmean2: 0.00208438630216
        dvar: 2.96745065498e-06
        dvar2: 7.46374826122e-06
        max: 0.010918087326
        mean: 0.00182915513869
        min: 1.93292362383e-06
        var: 3.3371338759e-06
    spectral_flatness_db:
        dmean: 0.0260906610638
        dmean2: 0.0399513654411
        dvar: 0.000538289081305
        dvar2: 0.00109564361628
        max: 0.246744558215
        mean: 0.131536826491
        min: 0.0682169720531
        var: 0.00107641716022
    spectral_flux:
        dmean: 0.0116922175512
        dmean2: 0.0189810022712
        dvar: 0.000122231896967
        dvar2: 0.000258324609604
        max: 0.103393383324
        mean: 0.0499729253352
        min: 0.00340014323592
        var: 0.000284808513243
    spectral_kurtosis:
        dmean: 0.777217268944
        dmean2: 1.22156250477
        dvar: 0.620986163616
        dvar2: 1.44744431973
        max: 8.5130109787
        mean: 2.40452051163
        min: 0.202491283417
        var: 1.69548606873
    spectral_rms:
        dmean: 0.000451395550044
        dmean2: 0.000724870362319
        dvar: 1.63921200169e-07
        dvar2: 4.20524031597e-07
        max: 0.00381847284734
        mean: 0.00220594392158
        min: 0.000106202634925
        var: 4.33413362089e-07
    spectral_rolloff:
        dmean: 767.332824707
        dmean2: 1209.17150879
        dvar: 645781.5
        dvar2: 1368683.75
        max: 4995.703125
        mean: 3303.67089844
        min: 473.73046875
        var: 1175610.5
    spectral_skewness:
        dmean: 0.15138566494
        dmean2: 0.230714559555
        dvar: 0.0174790192395
        dvar2: 0.0393822453916
        max: 2.28385782242
        mean: 1.2452558279
        min: 0.689241170883
        var: 0.0530885718763
    spectral_spread:
        dmean: 709823.375
        dmean2: 1009953.25
        dvar: 395359420416
        dvar2: 721588584448
        max: 8520783
        mean: 5878475
        min: 3262292.75
        var: 1.50888946074e+12
    spectral_strongpeak:
        dmean: 0.554050087929
        dmean2: 0.901622951031
        dvar: 0.298230469227
        dvar2: 0.773600161076
        max: 3.76784777641
        mean: 0.818692803383
        min: 0.00182149535976
        var: 0.541463673115
    zerocrossingrate:
        dmean: 0.0148539701477
        dmean2: 0.018286075443
        dvar: 0.000123596575577
        dvar2: 0.000177927038749
        max: 0.1669921875
        mean: 0.100337833166
        min: 0.03564453125
        var: 0.000653113878798
    barkbands:
        dmean: [3.47864585137e-07, 8.04403316579e-05, 0.000135334397783, 0.000297629565466, 0.000475667911815, 0.000110010863864, 7.12598339305e-05, 0.000197264540475, 0.000585250672884, 0.000681061239447, 0.000204319570912, 0.000204989002668, 6.28457491985e-05, 6.09805101703e-05, 5.34383507329e-05, 0.000122410667245, 0.000173924025148, 0.000231665137107, 0.000202642404474, 0.000208556230064, 0.00013295863755, 4.25739781349e-05, 1.25186097648e-05, 5.50168488189e-06, 4.45627165391e-06, 1.65831963272e-07, 6.28031349148e-10]
        dmean2: [3.82581305303e-07, 0.000123506746604, 0.000205365839065, 0.00054288940737, 0.000798858352937, 0.000180411167094, 0.000125250182464, 0.000314022297971, 0.000939707155339, 0.0011541392887, 0.000354217481799, 0.000357757351594, 0.000103895356006, 0.000103533304355, 8.93168034963e-05, 0.000194417938474, 0.000298642902635, 0.000395971583202, 0.000325410859659, 0.000319055456202, 0.000204518786632, 6.28148627584e-05, 1.84822074516e-05, 8.25265396998e-06, 6.39457766738e-06, 2.52525580891e-07, 9.87707471367e-10]
        dvar: [3.04664469651e-13, 2.15705924234e-08, 4.94160872222e-08, 5.25846985511e-07, 1.07140840555e-06, 2.59009915737e-08, 1.58312705167e-08, 1.11493818622e-07, 6.0498058474e-07, 1.088400154e-06, 4.80808296288e-07, 3.42977358514e-07, 1.77402021961e-08, 6.85004986067e-09, 7.73098207674e-09, 2.9595840445e-08, 7.56187716888e-08, 8.27330097763e-08, 4.69055514429e-08, 4.6554585964e-08, 2.09940189677e-08, 2.28147456482e-09, 2.84557599706e-10, 4.5431741702e-11, 2.33881022188e-11, 4.3025661972e-14, 4.16102122925e-18]
        dvar2: [3.3137861487e-13, 5.36587627664e-08, 1.2711414854e-07, 1.51039785123e-06, 2.79146729554e-06, 6.57038441432e-08, 4.43174030806e-08, 2.62354689085e-07, 1.45141689245e-06, 2.68014446192e-06, 1.27584723941e-06, 9.1409651759e-07, 4.48119479302e-08, 1.80499757363e-08, 2.04743813015e-08, 6.96430291214e-08, 2.39640741029e-07, 2.15546464233e-07, 1.16690237917e-07, 1.06148128509e-07, 5.60527126936e-08, 4.59286519927e-09, 6.26725726871e-10, 8.77440411995e-11, 5.52536037757e-11, 9.13393912914e-14, 4.73605361645e-18]
        max: [4.18021636506e-06, 0.0010884279618, 0.00142612447962, 0.00507195293903, 0.00627028290182, 0.00108069658745, 0.00143295479938, 0.00429319078103, 0.00627720961347, 0.0067771114409, 0.0058628921397, 0.00417271535844, 0.00154682435095, 0.000890930823516, 0.00144380610436, 0.00214867736213, 0.00298187369481, 0.00275328592397, 0.00185261503793, 0.00162927713245, 0.0011645341292, 0.000395767594455, 0.000116805102152, 5.9537760535e-05, 3.36845696438e-05, 1.58214106705e-06, 4.07930471624e-08]
        mean: [6.22783090876e-07, 0.000121462646348, 0.000191509359865, 0.000254462385783, 0.000450088467915, 0.000143098484841, 7.21156757209e-05, 0.000204346040846, 0.000654453469906, 0.000670764187817, 0.00017251126701, 0.000182144911378, 7.10819440428e-05, 7.35004941816e-05, 8.46766197355e-05, 0.000239321729168, 0.000276405102341, 0.000427382008638, 0.000351781316567, 0.000408782652812, 0.000257702195086, 8.34942838992e-05, 2.17485285248e-05, 1.15456996355e-05, 6.85733857608e-06, 2.35417445538e-07, 6.88757106904e-10]
        min: [8.02083843787e-10, 4.75023483659e-07, 2.27423370802e-07, 2.31164037245e-07, 8.42535200718e-07, 1.54190118451e-07, 8.68328786652e-09, 3.9401491847e-08, 3.28879593781e-07, 9.00328814168e-07, 3.53756739457e-08, 3.70796193749e-08, 2.41930884215e-08, 3.87983362771e-07, 8.8559268363e-08, 9.99147573566e-08, 5.80226867442e-07, 2.7555748261e-07, 1.34613765113e-06, 9.43978534451e-07, 7.2942219731e-07, 4.68392016728e-07, 1.93640545376e-07, 6.92612047715e-08, 2.01678034273e-08, 5.60410051698e-10, 3.1468794584e-12]
        var: [1.02645734794e-12, 2.41477913221e-08, 5.1630781428e-08, 3.08893902456e-07, 8.09963182746e-07, 2.58251002805e-08, 1.30674857601e-08, 1.40069928989e-07, 7.99612166702e-07, 1.07825258056e-06, 3.96185413365e-07, 2.84743634893e-07, 2.18611777569e-08, 7.53508011542e-09, 1.79914714238e-08, 1.12098085481e-07, 1.18476897626e-07, 2.28506806366e-07, 7.77272219921e-08, 1.06652528586e-07, 4.61691485043e-08, 5.49360557045e-09, 5.03889041603e-10, 1.31203978238e-10, 4.62217764063e-11, 6.55259470273e-14, 4.21094116562e-18]
    mfcc:
        mean: [-684.810974121, 84.6449584961, -33.4312057495, 45.9037818909, -21.3598060608, -8.35194683075, 5.87392377853, 8.55098438263, 10.6506233215, -1.21393561363, -6.3662352562, -9.43250465393, -11.5665140152]
        cov: [[1839.1060791, -445.631713867, -4.59488773346, -27.4601840973, 165.265136719, -56.2550811768, -85.7101669312, -129.2550354, -102.104278564, -135.235488892, -89.6265106201, -4.39941740036, 38.1750411987], [-445.631713867, 602.986816406, -44.0892715454, 78.0623016357, -88.7976531982, -56.8389663696, -0.0766997933388, 12.9233198166, 66.3769073486, 67.180847168, 49.4832572937, -49.2073898315, -84.2782974243], [-4.59488773346, -44.0892715454, 407.565551758, 12.442325592, 1.58634459972, 49.470413208, -15.0487318039, 3.77189064026, -75.6745300293, 33.5347137451, 21.8387832642, -0.902655661106, 24.9737148285], [-27.4601840973, 78.0623016357, 12.442325592, 192.537078857, 101.665176392, -10.1541538239, -9.91152763367, -27.6023731232, 16.5703868866, -2.22572302818, 18.9666881561, 28.4754524231, 7.76623010635], [165.265136719, -88.7976531982, 1.58634459972, 101.665176392, 169.878875732, 44.7118988037, 12.2328281403, -37.6833076477, -26.8404903412, -55.3565864563, -10.7615299225, 43.1003875732, 55.1748123169], [-56.2550811768, -56.8389663696, 49.470413208, -10.1541538239, 44.7118988037, 152.824783325, 97.2331542969, 35.4396591187, -36.3200836182, -34.0602684021, -22.9989242554, 5.89171457291, 43.1431732178], [-85.7101669312, -0.0766997933388, -15.0487318039, -9.91152763367, 12.2328281403, 97.2331542969, 124.419822693, 70.6639022827, 9.76543998718, -20.8274078369, -25.3638420105, -6.83512401581, 27.7540493011], [-129.2550354, 12.9233198166, 3.77189064026, -27.6023731232, -37.6833076477, 35.4396591187, 70.6639022827, 118.971382141, 74.0238876343, 38.2172660828, -12.8718166351, -19.0656013489, 2.03897809982], [-102.104278564, 66.3769073486, -75.6745300293, 16.5703868866, -26.8404903412, -36.3200836182, 9.76543998718, 74.0238876343, 159.439041138, 90.0220413208, 16.1529121399, -20.6757259369, -25.5429458618], [-135.235488892, 67.180847168, 33.5347137451, -2.22572302818, -55.3565864563, -34.0602684021, -20.8274078369, 38.2172660828, 90.0220413208, 138.147262573, 60.3305091858, -25.1398353577, -43.0262794495], [-89.6265106201, 49.4832572937, 21.8387832642, 18.9666881561, -10.7615299225, -22.9989242554, -25.3638420105, -12.8718166351, 16.1529121399, 60.3305091858, 78.9045944214, 20.2747554779, -14.2326917648], [-4.39941740036, -49.2073898315, -0.902655661106, 28.4754524231, 43.1003875732, 5.89171457291, -6.83512401581, -19.0656013489, -20.6757259369, -25.1398353577, 20.2747554779, 80.3050613403, 49.8732223511], [38.1750411987, -84.2782974243, 24.9737148285, 7.76623010635, 55.1748123169, 43.1431732178, 27.7540493011, 2.03897809982, -25.5429458618, -43.0262794495, -14.2326917648, 49.8732223511, 88.7969665527]]
        icov: [[0.00086768087931, 0.000510128273163, -0.00016643719573, 0.000502223847434, -0.00107078580186, 0.000906790781301, -0.000222478352953, 0.000674939190503, -0.000191194223589, 0.000379393692128, 0.000353171228198, 0.000692403060384, 0.000189383281395], [0.000510128273163, 0.00297418492846, 1.51050771819e-05, -0.00206768885255, 0.00195743399672, 0.00072486884892, -0.00134338287171, 0.00116818223614, -0.000891339557711, 0.0013557409402, -0.00176785816438, 0.00186566635966, 0.00067402177956], [-0.00016643719573, 1.51050771819e-05, 0.00444981409237, -0.00181468436494, 0.000691386812832, -0.00217935373075, 0.00372702069581, -0.00381631986238, 0.00538562284783, -0.00400527752936, 2.843859329e-05, 0.00178607273847, -0.00284502655268], [0.000502223847434, -0.00206768885255, -0.00181468436494, 0.0122860744596, -0.00986459758133, 0.00326360855252, -0.00231429375708, 0.0020150388591, -0.00258253561333, 1.01498937966e-06, 0.000721207936294, -0.00349604059011, 0.00381508679129], [-0.00107078580186, 0.00195743399672, 0.000691386812832, -0.00986459758133, 0.018739072606, -0.00632592476904, 0.00105895288289, 0.00428465288132, -0.00341578107327, 0.00409935507923, -0.00215177796781, 0.000664698774926, -0.00572750996798], [0.000906790781301, 0.00072486884892, -0.00217935373075, 0.00326360855252, -0.00632592476904, 0.0204193666577, -0.0160642489791, 0.00185736815911, 0.00395775539801, -0.00276658940129, 0.00177572586108, 0.000270438118605, -0.000455722183688], [-0.000222478352953, -0.00134338287171, 0.00372702069581, -0.00231429375708, 0.00105895288289, -0.0160642489791, 0.0313356406987, -0.0166436005384, 0.00237810215913, 0.0046371598728, -0.00332800182514, 0.00527134025469, -0.00485321367159], [0.000674939190503, 0.00116818223614, -0.00381631986238, 0.0020150388591, 0.00428465288132, 0.00185736815911, -0.0166436005384, 0.0294266585261, -0.0136386547238, -0.00137616507709, 0.00575626036152, -0.00253606657498, 0.000434255518485], [-0.000191194223589, -0.000891339557711, 0.00538562284783, -0.00258253561333, -0.00341578107327, 0.00395775539801, 0.00237810215913, -0.0136386547238, 0.0241421572864, -0.0163930114359, 0.00588086759672, -3.26075751218e-05, -0.00232084444724], [0.000379393692128, 0.0013557409402, -0.00400527752936, 1.01498937966e-06, 0.00409935507923, -0.00276658940129, 0.0046371598728, -0.00137616507709, -0.0163930114359, 0.0323548950255, -0.0215819589794, 0.00891404412687, 0.0021253277082], [0.000353171228198, -0.00176785816438, 2.843859329e-05, 0.000721207936294, -0.00215177796781, 0.00177572586108, -0.00332800182514, 0.00575626036152, 0.00588086759672, -0.0215819589794, 0.0347256623209, -0.0167564079165, 0.00569293554872], [0.000692403060384, 0.00186566635966, 0.00178607273847, -0.00349604059011, 0.000664698774926, 0.000270438118605, 0.00527134025469, -0.00253606657498, -3.26075751218e-05, 0.00891404412687, -0.0167564079165, 0.0320950075984, -0.0172594673932], [0.000189383281395, 0.00067402177956, -0.00284502655268, 0.00381508679129, -0.00572750996798, -0.000455722183688, -0.00485321367159, 0.000434255518485, -0.00232084444724, 0.0021253277082, 0.00569293554872, -0.0172594673932, 0.0285421796143]]
    spectral_contrast:
        mean: [2.37513191337e-07, 1.44092993537e-07, 6.10866550232e-07, 1.71173198282e-07, 6.69515031859e-07, 4.82144173475e-07, 4.16990496888e-06, 9.59206090556e-07, -3.98846350436e-06, -7.35654055006e-07, 7.65594677432e-07, 1.46536149259e-06]
        var: [0.000248183438089, 0.000552519690245, 0.00146900268737, 0.00388538534753, 0.00425213389099, 0.00754518155009, 0.0395377203822, 0.117911651731, 0.15876019001, 0.264730781317, 0.373997420073, 1.08558928967]

rhythm:
    beats_loudness:
        dmean: 0.00229776999913
        dmean2: 0.00424167234451
        dvar: 2.53711027653e-06
        dvar2: 6.7347109507e-06
        max: 0.0108036603779
        mean: 0.00716626923531
        min: 0.00254683569074
        var: 4.44122952103e-06
    beats_loudness_bass:
        dmean: 0.143479526043
        dmean2: 0.260950028896
        dvar: 0.00875908788294
        dvar2: 0.0265007372946
        max: 0.549272537231
        mean: 0.273892849684
        min: 0.0147743504494
        var: 0.0176801234484
    bpm: 136.307312012
    bpm_confidence: 0
    first_peak_bpm: 136
    first_peak_spread: 0
    first_peak_weight: 0.952380955219
    onset_rate: 5.29740524292
    second_peak_bpm: 128
    second_peak_spread: 0
    second_peak_weight: 0.047619048506
    beats_position: [0.405890643597, 0.846368312836, 1.28684604168, 1.72732388973, 2.16780161858, 2.60827946663, 3.04875707626, 3.4892346859, 3.92971229553, 4.37018966675, 4.8106675148, 5.25114488602, 5.69162273407, 6.1588010788, 6.59868764877, 7.03857469559, 7.47846126556, 7.91834878922, 8.35823535919, 8.79812240601, 9.23800945282, 9.67789649963]
    bpm_estimates: [136.181732178, 136.271621704, 136.065292358, 136.136795044, 136.209243774, 136.280685425, 136.242538452, 136.338348389, 136.680953979, 136.36050415, 136.321929932, 136.378387451, 136.31439209, 136.285354614, 136.356292725, 136.492706299]
    bpm_intervals: [0.440477669239, 0.440477728844, 0.440477848053, 0.440477728844, 0.440477848053, 0.440477609634, 0.440477609634, 0.440477609634, 0.440477371216, 0.440477848053, 0.440477371216, 0.440477848053, 0.467178344727, 0.439886569977, 0.439887046814, 0.439886569977, 0.439887523651, 0.439886569977, 0.439887046814, 0.439887046814, 0.439887046814]
    onset_times: [0.0464399084449, 0.174149662256, 0.406349211931, 0.580498874187, 0.777868509293, 0.859138309956, 1.06811785698, 1.28870749474, 1.4164172411, 1.50929701328, 1.64861679077, 1.74149656296, 1.95047616959, 2.18267583847, 2.36843538284, 2.54258513451, 2.62385487556, 2.84444451332, 3.06503391266, 3.1811337471, 3.28562355042, 3.41333341599, 3.50621318817, 3.72680282593, 3.94739222527, 4.15637207031, 4.41179132462, 4.51628112793, 4.60916090012, 4.841360569, 4.94585037231, 5.07356023788, 5.18966007233, 5.27092981339, 5.49151945114, 5.71210861206, 6.38548755646, 6.73378705978, 6.8382768631, 7.0356464386, 7.26784563065, 7.70902490616, 7.95283460617, 8.15020370483, 8.37079334259, 8.51011371613, 8.59138298035, 8.82358264923, 9.03256225586, 9.26476192474, 9.46213150024, 9.70594120026, 9.92653083801]
    rubato_start: []
    rubato_stop: []
    perceptual_tempo: "unknown"

sfx:
    inharmonicity:
        dmean: 0.0571425631642
        dmean2: 0.101092010736
        dvar: 0.00316064665094
        dvar2: 0.00883996393532
        max: 0.387107640505
        mean: 0.0721090212464
        min: 0.000362945720553
        var: 0.00352174602449
    oddtoevenharmonicenergyratio:
        dmean: 3.90356040001
        dmean2: 7.56741905212
        dvar: 125.858177185
        dvar2: 366.105682373
        max: 111.170555115
        mean: 2.39703726768
        min: 0.00102011475246
        var: 68.6676635742
    pitch_after_max_to_before_max_energy_ratio: 8.25917720795
    pitch_centroid: 207.523895264
    pitch_max_to_total: 0.148491874337
    pitch_min_to_total: 0.394431561232
    tristimulus:
        dmean: [0.174525916576, 0.226907536387, 0.167200759053]
        dmean2: [0.30491271615, 0.38618850708, 0.292819917202]
        dvar: [0.0250504612923, 0.0311162136495, 0.0214362516999]
        dvar2: [0.0682904347777, 0.085405215621, 0.0633134096861]
        max: [0.880770266056, 0.947175264359, 0.77715086937]
        mean: [0.277148634195, 0.491272330284, 0.204776912928]
        min: [0.0186968445778, 0, 0]
        var: [0.0358226746321, 0.0490399822593, 0.0262157376856]

tonal:
    chords_changes_rate: 0.0414746552706
    chords_number_rate: 0.0184331797063
    chords_strength:
        dmean: 0.00862543378025
        dmean2: 0.00992573611438
        dvar: 5.21538131579e-05
        dvar2: 6.08464470133e-05
        max: 0.759727239609
        mean: 0.630502700806
        min: 0.415143162012
        var: 0.00630431855097
    key_strength: 0.65857565403
    tuning_diatonic_strength: 0.580605208874
    tuning_equal_tempered_deviation: 0.0511447526515
    tuning_frequency: 443.316436768
    tuning_nontempered_energy_ratio: 0.75408411026
    hpcp:
        dmean: [0.130658507347, 0.103262268007, 0.0892475470901, 0.111176788807, 0.120977193117, 0.159837126732, 0.227630719543, 0.198716446757, 0.153436914086, 0.123874157667, 0.10710465163, 0.151033475995, 0.197447493672, 0.167799726129, 0.11529327184, 0.0866873115301, 0.0899718776345, 0.208119034767, 0.267435014248, 0.218873411417, 0.164558663964, 0.113806441426, 0.128860071301, 0.115483760834, 0.0734749883413, 0.0707703232765, 0.156345397234, 0.225162997842, 0.197196543217, 0.164869219065, 0.124030217528, 0.131318464875, 0.244435817003, 0.293230324984, 0.264472186565, 0.188202828169]
        dmean2: [0.237529411912, 0.187826186419, 0.16218303144, 0.201293870807, 0.216395065188, 0.268612116575, 0.382127285004, 0.352824360132, 0.282854437828, 0.221764206886, 0.182585090399, 0.250121384859, 0.314399927855, 0.274716585875, 0.194762423635, 0.148266047239, 0.149868607521, 0.34714153409, 0.462197542191, 0.371848940849, 0.287202179432, 0.186959207058, 0.211798667908, 0.190746620297, 0.124211616814, 0.125545248389, 0.25776335597, 0.360195100307, 0.334708362818, 0.288764417171, 0.224727272987, 0.23188392818, 0.437966912985, 0.51348221302, 0.46241530776, 0.331564694643]
        dvar: [0.0326488800347, 0.0217353086919, 0.011060195975, 0.0189639553428, 0.0158853512257, 0.0265412218869, 0.0564469136298, 0.0377477668226, 0.0268476977944, 0.0164607092738, 0.0146177150309, 0.0290277451277, 0.0477633960545, 0.0335198417306, 0.0150435883552, 0.0108786011115, 0.00807182118297, 0.0377420410514, 0.0673271343112, 0.0373361110687, 0.0278272647411, 0.0234903171659, 0.0307713281363, 0.0230585075915, 0.00655047083274, 0.00666989199817, 0.0312652587891, 0.0444987379014, 0.0466243550181, 0.0476500242949, 0.0277676787227, 0.0303610935807, 0.0474814660847, 0.0562374033034, 0.0486354976892, 0.02993151173]
        dvar2: [0.09924159199, 0.0639914795756, 0.0312155280262, 0.0537842102349, 0.0429884456098, 0.0649666488171, 0.125154137611, 0.0986750051379, 0.0797482430935, 0.0478717759252, 0.0378886908293, 0.066724665463, 0.11004961282, 0.0836008861661, 0.0357933826745, 0.0275372806937, 0.0208481326699, 0.103226579726, 0.16203635931, 0.0921356678009, 0.0741493925452, 0.0512635745108, 0.0800624117255, 0.055689804256, 0.0155828017741, 0.0180604383349, 0.0798916146159, 0.105258561671, 0.106663875282, 0.129566967487, 0.0753138586879, 0.0836256071925, 0.145744591951, 0.167950674891, 0.145306274295, 0.0979363694787]
        max: [1, 1, 0.803852617741, 1, 0.771546542645, 0.808096766472, 1, 0.930214941502, 1, 0.748130679131, 1, 1, 1, 1, 0.993400037289, 0.86063015461, 0.90500241518, 1, 1, 1, 1, 1, 1, 0.920718312263, 0.506953656673, 0.607600688934, 1, 1, 1, 1, 1, 1, 1, 1, 1, 0.983602643013]
        mean: [0.126752227545, 0.103787757456, 0.104874327779, 0.128320753574, 0.133314400911, 0.191680833697, 0.283772498369, 0.247497990727, 0.168221592903, 0.140570625663, 0.135388314724, 0.213766023517, 0.326689690351, 0.283477962017, 0.160125151277, 0.110161401331, 0.123461656272, 0.336572527885, 0.540302455425, 0.380867451429, 0.164250791073, 0.128050580621, 0.151968330145, 0.147063389421, 0.0974306091666, 0.0855309441686, 0.206320509315, 0.343421489, 0.301223367453, 0.18184389174, 0.131776556373, 0.158935219049, 0.348018705845, 0.538006007671, 0.418436169624, 0.202773049474]
        min: [0.00304159568623, 0.00401921616867, 0.00529132597148, 0.00544062582776, 0.0046555781737, 0.00600660312921, 0.00413981545717, 0.00796080194414, 0.0100121237338, 0.0087660504505, 0.00609135162085, 0.00413351738825, 0.00594869535416, 0.00719332741573, 0.00667665479705, 0.00426156399772, 0.00468977354467, 0.00362238078378, 0.00507404934615, 0.00462840357795, 0.00244623771869, 0.00225791870616, 0.00241960934363, 0.00396392960101, 0.00275654322468, 0.00383204012178, 0.00363643001765, 0.00397630734369, 0.00442128162831, 0.00335413566791, 0.00195174792316, 0.00216262508184, 0.00941742770374, 0.00808451790363, 0.00515045737848, 0.00452229706571]
        var: [0.0254698805511, 0.0161075461656, 0.00975381955504, 0.0159187652171, 0.016086038202, 0.031795848161, 0.0738325864077, 0.0452342443168, 0.0242832303047, 0.0177310239524, 0.0190385840833, 0.0449619926512, 0.104084447026, 0.0711401328444, 0.0225204695016, 0.0124010024592, 0.0120153417811, 0.0666270330548, 0.139230519533, 0.0714262500405, 0.0324576981366, 0.0328759849072, 0.037059802562, 0.03709442541, 0.0113433524966, 0.00755461351946, 0.0420226603746, 0.101414211094, 0.0909155383706, 0.0498207807541, 0.0305427331477, 0.0320497862995, 0.0585640221834, 0.105205230415, 0.0782993584871, 0.0349217616022]
    chords_histogram: [76.9585266113, 5.99078321457, 0, 6.45161294937, 0, 0, 0, 0, 0, 0, 0, 0, 0, 0, 0, 0, 0, 0, 0, 0, 10.5990781784, 0, 0, 0]
    thpcp: [1, 0.70491528511, 0.30399787426, 0.236997961998, 0.281265288591, 0.272187143564, 0.180326059461, 0.158301979303, 0.381861150265, 0.635609686375, 0.557508766651, 0.336559444666, 0.243894055486, 0.294159710407, 0.644118309021, 0.99574971199, 0.774448037148, 0.375295430422, 0.23459495604, 0.192091956735, 0.194103002548, 0.237498000264, 0.246740326285, 0.354765802622, 0.525210440159, 0.458073049784, 0.311347067356, 0.260170251131, 0.250578761101, 0.395641416311, 0.604642271996, 0.524665296078, 0.296362072229, 0.203888401389, 0.22850471735, 0.62293356657]
    chords_key: "G#"
    chords_scale: "minor"
    key_key: "G#"
    key_scale: "minor"
    chords_progression: ["G#m", "G#m", "G#m", "G#m", "G#m", "G#m", "G#m", "G#m", "G#m", "G#m", "G#m", "G#m", "G#m", "G#m", "G#m", "G#m", "G#m", "G#m", "G#m", "G#m", "G#m", "G#m", "G#m", "G#m", "G#m", "G#m", "G#m", "G#m", "G#m", "G#m", "G#m", "G#m", "G#m", "G#m", "G#m", "G#m", "G#m", "G#m", "G#m", "G#m", "G#m", "G#m", "G#m", "G#m", "G#m", "G#m", "G#m", "G#m", "G#m", "G#m", "G#m", "G#m", "G#m", "G#m", "G#m", "G#m", "G#m", "G#m", "G#m", "G#m", "G#m", "G#m", "G#m", "G#m", "G#m", "G#m", "G#m", "G#m", "G#m", "G#m", "G#m", "G#m", "G#m", "G#m", "G#m", "G#m", "G#m", "G#m", "G#m", "G#m", "B", "B", "B", "B", "B", "B", "F#", "F#", "F#", "F#", "F#", "F#", "F#", "F#", "F#", "F#", "F#m", "F#m", "F#", "F#", "F#m", "F#m", "F#", "F#", "F#m", "F#m", "F#m", "F#m", "F#m", "F#m", "F#m", "F#m", "F#m", "F#m", "F#m", "F#m", "F#m", "F#m", "F#m", "F#m", "F#m", "F#m", "F#m", "B", "B", "B", "B", "B", "B", "B", "G#m", "G#m", "G#m", "G#m", "G#m", "G#m", "G#m", "G#m", "G#m", "G#m", "G#m", "G#m", "G#m", "G#m", "G#m", "G#m", "G#m", "G#m", "G#m", "G#m", "G#m", "G#m", "G#m", "G#m", "G#m", "G#m", "G#m", "G#m", "G#m", "G#m", "G#m", "G#m", "G#m", "G#m", "G#m", "G#m", "G#m", "G#m", "G#m", "G#m", "G#m", "G#m", "G#m", "G#m", "G#m", "G#m", "G#m", "G#m", "G#m", "G#m", "G#m", "G#m", "G#m", "G#m", "G#m", "G#m", "G#m", "G#m", "G#m", "G#m", "G#m", "G#m", "G#m", "G#m", "G#m", "G#m", "G#m", "G#m", "G#m", "G#m", "G#m", "G#m", "G#m", "G#m", "G#m", "G#m", "G#m", "G#m", "G#m", "G#m", "G#m", "G#m", "G#m", "G#m", "G#m", "G#m", "G#m"]
