
metadata:
    version:
        essentia: "1.2.2"
    audio_properties:
        analysis_sample_rate: 44100
        bitrate: 128
        channels: 2
        equal_loudness: 1
        length: 9.97877597809
        replay_gain: -12.5118923187
        downmix: "mix"
    tags:
        track: 10
        year: 0
        album: "Splitted by Mp3Splt v. 2.1"
        artist: "From 001.30 To 001.40"
        comment: "http://mp3splt.sf.net"
        genre: ""
        title: "16 Last Day of the Miners' Str"

highlevel:
    ballroom:
        all:
            ChaChaCha: 0.0506991967559
            Jive: 0.404449254274
            Quickstep: 0.0473076440394
            Rumba-American: 0.0277455952018
            Rumba-International: 0.111861884594
            Rumba-Misc: 0.0536707118154
            Samba: 0.100169964135
            Tango: 0.0189251136035
            VienneseWaltz: 0.0946909561753
            Waltz: 0.0904796943069
        probability: 0.404449254274
        value: "Jive"
    culture:
        all:
            non_western: 0.270403146744
            western: 0.729596853256
        probability: 0.729596853256
        value: "western"
    gender:
        all:
            female: 0.683297991753
            male: 0.31670203805
        probability: 0.683297991753
        value: "female"
    genre_dortmund:
        all:
            alternative: 0.0390666089952
            blues: 0.00579556217417
            electronic: 0.0250379536301
            folkcountry: 0.0476087257266
            funksoulrnb: 0.00284764962271
            jazz: 0.0188456177711
            pop: 0.0212622862309
            raphiphop: 0.00301920436323
            rock: 0.83651638031
        probability: 0.83651638031
        value: "rock"
    genre_electronica:
        all:
            ambient: 0.116750404239
            dnb: 0.466199636459
            house: 0.00696260808036
            techno: 0.0112368362024
            trance: 0.398850500584
        probability: 0.466199636459
        value: "dnb"
    genre_rosamerica:
        all:
            cla: 0.014939673245
            dan: 0.138314351439
            hip: 0.00955072510988
            jaz: 0.0180334877223
            pop: 0.185923397541
            rhy: 0.0107435425743
            roc: 0.61980766058
            spe: 0.00268719019368
        probability: 0.61980766058
        value: "roc"
    genre_tzanetakis:
        all:
            blu: 0.00909978244454
            cla: 0.0133591284975
            cou: 0.0684260800481
            dis: 0.214206799865
            hip: 0.019400190562
            jaz: 0.11630628258
            met: 0.0235427506268
            pop: 0.35758754611
            reg: 0.0562519170344
            roc: 0.121819525957
        probability: 0.35758754611
        value: "pop"
    live_studio:
        all:
            live: 0.27875187993
            studio: 0.721248149872
        probability: 0.721248149872
        value: "studio"
    mood:
        all:
            Cluster1: 0.255795508623
            Cluster2: 0.0692287534475
            Cluster3: 0.0460352674127
            Cluster4: 0.128645837307
            Cluster5: 0.500294625759
        probability: 0.500294625759
        value: "Cluster5"
    mood_acoustic:
        all:
            acoustic: 0.0171626005322
            not_acoustic: 0.982837378979
        probability: 0.982837378979
        value: "not_acoustic"
    mood_aggressive:
        all:
            aggressive: 0.397912085056
            not_aggressive: 0.602087914944
        probability: 0.602087914944
        value: "not_aggressive"
    mood_electronic:
        all:
            electronic: 0.731106877327
            not_electronic: 0.268893152475
        probability: 0.731106877327
        value: "electronic"
    mood_happy:
        all:
            happy: 0.74421530962
            not_happy: 0.25578469038
        probability: 0.74421530962
        value: "happy"
    mood_party:
        all:
            not_party: 0.56328779459
            party: 0.436712175608
        probability: 0.56328779459
        value: "not_party"
    mood_relaxed:
        all:
            not_relaxed: 0.259623497725
            relaxed: 0.740376472473
        probability: 0.740376472473
        value: "relaxed"
    mood_sad:
        all:
            not_sad: 3.00000096379e-14
            sad: 1
        probability: 1
        value: "sad"
    rhythm:
        all:
            fast: 0.77689743042
            medium: 0.193429946899
            slow: 0.0296726338565
        probability: 0.77689743042
        value: "fast"
    speech_music:
        all:
            music: 3.00000096379e-14
            speech: 1
        probability: 1
        value: "speech"
    timbre:
        all:
            bright: 0.267708837986
            dark: 0.732291162014
        probability: 0.732291162014
        value: "dark"
    voice_instrumental:
        all:
            instrumental: 0.186691343784
            voice: 0.813308656216
        probability: 0.813308656216
        value: "voice"

lowlevel:
    average_loudness: 0.921326696873
    barkbands_kurtosis:
        dmean: 0.719987690449
        dmean2: 1.23104858398
        dvar: 1.46459078789
        dvar2: 4.45938014984
        max: 14.2173519135
        mean: -0.185942366719
        min: -1.80781888962
        var: 4.7151594162
    barkbands_skewness:
        dmean: 0.352974742651
        dmean2: 0.564224541187
        dvar: 0.102120056748
        dvar2: 0.24840323627
        max: 3.75182461739
        mean: 0.678018629551
        min: -1.08119928837
        var: 0.707626819611
    barkbands_spread:
        dmean: 4.44252729416
        dmean2: 6.97407770157
        dvar: 18.3122062683
        dvar2: 47.2734107971
        max: 60.8417701721
        mean: 32.6800918579
        min: 9.39546108246
        var: 84.2318496704
    dissonance:
        dmean: 0.0129627976567
        dmean2: 0.0220478940755
        dvar: 0.00015162472846
        dvar2: 0.000334481475875
        max: 0.498268932104
        mean: 0.469945251942
        min: 0.332823514938
        var: 0.000352906034095
    hfc:
        dmean: 1.21026825905
        dmean2: 1.6932476759
        dvar: 3.06888842583
        dvar2: 4.91344976425
        max: 21.84400177
        mean: 5.6724486351
        min: 0.691343188286
        var: 20.1036739349
    pitch:
        dmean: 466.419189453
        dmean2: 893.849609375
        dvar: 1021551.5
        dvar2: 2762077.25
        max: 4410
        mean: 528.870361328
        min: 58.4105949402
        var: 896006.0625
    pitch_instantaneous_confidence:
        dmean: 0.0576727315784
        dmean2: 0.0929538682103
        dvar: 0.00223246915266
        dvar2: 0.00549896992743
        max: 0.664590001106
        mean: 0.335659533739
        min: 0.141782879829
        var: 0.0116415442899
    pitch_salience:
        dmean: 0.055458817631
        dmean2: 0.0918077901006
        dvar: 0.00230913003907
        dvar2: 0.00633369712159
        max: 0.783282995224
        mean: 0.615728437901
        min: 0.343833774328
        var: 0.00581019883975
    silence_rate_20dB:
        dmean: 0
        dmean2: 0
        dvar: 0
        dvar2: 0
        max: 1
        mean: 1
        min: 1
        var: 0
    silence_rate_30dB:
        dmean: 0
        dmean2: 0
        dvar: 0
        dvar2: 0
        max: 1
        mean: 1
        min: 1
        var: 0
    silence_rate_60dB:
        dmean: 0.0815850794315
        dmean2: 0.163551405072
        dvar: 0.0749291852117
        dvar2: 0.160166457295
        max: 1
        mean: 0.397674411535
        min: 0
        var: 0.239528268576
    spectral_centroid:
        dmean: 215.263580322
        dmean2: 332.510772705
        dvar: 43960.59375
        dvar2: 90452.8984375
        max: 3322.20556641
        mean: 1228.48413086
        min: 297.87298584
        var: 255788.3125
    spectral_complexity:
        dmean: 2.58313822746
        dmean2: 3.90610337257
        dvar: 8.4445066452
        dvar2: 14.8174791336
        max: 39
        mean: 12.9158878326
        min: 1
        var: 55.0396499634
    spectral_crest:
        dmean: 1.68453526497
        dmean2: 2.75622820854
        dvar: 2.28956103325
        dvar2: 6.16497421265
        max: 16.149187088
        mean: 6.91709899902
        min: 2.5675573349
        var: 7.40249538422
    spectral_decrease:
        dmean: 2.58837284939e-10
        dmean2: 4.09252798317e-10
        dvar: 1.04432967589e-19
        dvar2: 2.73524330141e-19
        max: -1.64816632564e-10
        mean: -1.06873654371e-09
        min: -4.55414239653e-09
        var: 4.89110603733e-19
    spectral_energy:
        dmean: 0.00105320219882
        dmean2: 0.00164022156969
        dvar: 1.68585177107e-06
        dvar2: 4.21935192207e-06
        max: 0.0184424296021
        mean: 0.0045481659472
        min: 0.000734353903681
        var: 8.75073510542e-06
    spectral_energyband_high:
        dmean: 9.1637361038e-05
        dmean2: 0.000124668731587
        dvar: 3.09438661361e-08
        dvar2: 6.03586016723e-08
        max: 0.00212127575651
        mean: 0.000214453713852
        min: 1.63528129633e-05
        var: 8.07084461485e-08
    spectral_energyband_low:
        dmean: 0.000431977998232
        dmean2: 0.000703911820892
        dvar: 3.13221931947e-07
        dvar2: 8.46642706165e-07
        max: 0.00501214293763
        mean: 0.000761250092182
        min: 7.16333033779e-06
        var: 6.41941824142e-07
    spectral_energyband_middle_high:
        dmean: 0.000356762699084
        dmean2: 0.000524047005456
        dvar: 2.21438568815e-07
        dvar2: 4.33618964735e-07
        max: 0.00563745480031
        mean: 0.00162823440041
        min: 0.000136076603667
        var: 1.88229034848e-06
    spectral_energyband_middle_low:
        dmean: 0.000693844282068
        dmean2: 0.00112753396388
        dvar: 9.52633683937e-07
        dvar2: 2.86023055196e-06
        max: 0.0116254938766
        mean: 0.00194419873878
        min: 0.000211517588468
        var: 2.37045264839e-06
    spectral_flatness_db:
        dmean: 0.0136741986498
        dmean2: 0.0213710125536
        dvar: 0.000181493596756
        dvar2: 0.000437761424109
        max: 0.229343429208
        mean: 0.135129988194
        min: 0.0475182570517
        var: 0.000877369951922
    spectral_flux:
        dmean: 0.00619950937107
        dmean2: 0.00966827757657
        dvar: 4.74740336358e-05
        dvar2: 0.000109943706775
        max: 0.0865842625499
        mean: 0.033892467618
        min: 0.00996362324804
        var: 0.00024601034238
    spectral_kurtosis:
        dmean: 0.970624089241
        dmean2: 1.55566763878
        dvar: 1.13144481182
        dvar2: 2.66538357735
        max: 12.0187473297
        mean: 3.80513525009
        min: 0.593094110489
        var: 2.89836096764
    spectral_rms:
        dmean: 0.000230877078138
        dmean2: 0.00034811013029
        dvar: 6.12752373286e-08
        dvar2: 1.41961933764e-07
        max: 0.00424177013338
        mean: 0.00199783965945
        min: 0.000846429495141
        var: 4.45869801524e-07
    spectral_rolloff:
        dmean: 382.655395508
        dmean2: 643.822570801
        dvar: 209054.40625
        dvar2: 418354.4375
        max: 4995.703125
        mean: 2563.91064453
        min: 193.798828125
        var: 1116933.5
    spectral_skewness:
        dmean: 0.145697399974
        dmean2: 0.230336040258
        dvar: 0.0175902266055
        dvar2: 0.0436477735639
        max: 2.61341810226
        mean: 1.54652261734
        min: 0.820117235184
        var: 0.0677198395133
    spectral_spread:
        dmean: 621036.5
        dmean2: 804583.875
        dvar: 1.28889454592e+12
        dvar2: 1.5409217536e+12
        max: 24754356
        mean: 5199318
        min: 2498233
        var: 2.69092808294e+12
    spectral_strongpeak:
        dmean: 0.307130277157
        dmean2: 0.56046551466
        dvar: 0.432132273912
        dvar2: 1.19664120674
        max: 5.65720129013
        mean: 0.397211313248
        min: 0.0257178302854
        var: 0.412908345461
    zerocrossingrate:
        dmean: 0.00789597630501
        dmean2: 0.00919023249298
        dvar: 5.55065817025e-05
        dvar2: 7.02463439666e-05
        max: 0.15576171875
        mean: 0.0780941992998
        min: 0.0283203125
        var: 0.00053343892796
    barkbands:
        dmean: [4.02295256663e-07, 7.28912491468e-05, 0.000393486057874, 0.000332820811309, 0.00029450294096, 0.000169413600815, 0.000134841407998, 8.04185547167e-05, 8.77322527231e-05, 3.51139242412e-05, 4.42618438683e-05, 2.62693902187e-05, 7.88369652582e-05, 5.80591731705e-05, 7.63803982409e-05, 6.52536618873e-05, 0.000100451754406, 5.61256529181e-05, 0.000150745763676, 4.50287952845e-05, 5.46398150618e-05, 1.88460835489e-05, 7.50520712245e-06, 2.06367849387e-06, 2.27538384934e-06, 2.28776045219e-07, 7.63026353212e-09]
        dmean2: [6.35403239357e-07, 0.000123663106933, 0.000638169178274, 0.000587050162721, 0.000489951926284, 0.000259104126599, 0.000219360168558, 0.000119648953842, 0.000131597946165, 5.54539510631e-05, 7.07006693119e-05, 4.39765572082e-05, 0.000130032800371, 9.17644865694e-05, 0.00012489821529, 0.000101707526483, 0.000157750298968, 8.71073934832e-05, 0.000230603021919, 6.86554631102e-05, 8.23403534014e-05, 2.66211427515e-05, 1.07258692879e-05, 3.0243186302e-06, 3.21567290484e-06, 3.19582511565e-07, 7.8075723664e-09]
        dvar: [4.94635745123e-13, 8.96226914904e-09, 2.93742743906e-07, 3.85619529197e-07, 2.13962536577e-07, 6.11755766045e-08, 1.00825438665e-07, 1.96250340423e-08, 3.37401857564e-08, 2.11339856726e-09, 4.62597693485e-09, 9.97223192911e-10, 1.57204169682e-08, 1.01482058312e-08, 1.43681155862e-08, 9.20312270836e-09, 1.98821457076e-08, 5.3764916963e-09, 4.79592650038e-08, 4.98706720364e-09, 1.03390300765e-08, 1.76229175697e-09, 3.33208988179e-10, 2.8256610593e-11, 4.55370047225e-11, 8.15200229369e-13, 2.16729422359e-14]
        dvar2: [9.71973911947e-13, 2.6528518049e-08, 7.99415488473e-07, 1.33842672767e-06, 5.6052203945e-07, 1.53319177798e-07, 2.52922063737e-07, 4.45243379943e-08, 7.12749965714e-08, 4.88946838573e-09, 1.21945467058e-08, 2.75908718095e-09, 4.07479596731e-08, 2.58860701763e-08, 3.64734873415e-08, 2.04874233134e-08, 4.44433325697e-08, 1.19856391478e-08, 1.0787803717e-07, 1.21743362058e-08, 2.29050716172e-08, 3.34634653321e-09, 7.23928417212e-10, 6.77891076606e-11, 1.08098779927e-10, 1.76051989827e-12, 2.10301170738e-14]
        max: [8.30493445392e-06, 0.000892684154678, 0.00489568989724, 0.00463340431452, 0.00486252969131, 0.00253148772754, 0.00365050206892, 0.00275235483423, 0.00275423238054, 0.00060581532307, 0.000628048845101, 0.000243169721216, 0.00127034296747, 0.00119312468451, 0.00179249956273, 0.00166322139557, 0.0017935060896, 0.000934857875109, 0.0032242659945, 0.000953462033067, 0.00131279148627, 0.000430634245276, 0.000175015011337, 5.74074292672e-05, 7.32842017896e-05, 1.35134614538e-05, 3.09464826387e-06]
        mean: [5.41414522104e-07, 0.000104357124656, 0.000656379910652, 0.000463025760837, 0.000569142343011, 0.000373110349756, 0.000196069624508, 0.000160620169481, 0.000166833866388, 6.79869554006e-05, 8.35964965518e-05, 4.53385655419e-05, 0.000133851077408, 0.000106218314613, 0.000162390424521, 0.000183726093383, 0.000237150714383, 0.000146416234202, 0.000425009493483, 0.000101357822132, 0.000108468535473, 3.6359695514e-05, 1.33944140543e-05, 3.42699263456e-06, 3.12517477141e-06, 2.61358394482e-07, 7.76318653806e-09]
        min: [6.29242769001e-10, 3.49703032043e-06, 2.28868452723e-06, 1.32735408442e-06, 1.62957749126e-05, 8.46188868309e-06, 3.09219399242e-06, 8.12252073956e-06, 3.79301764042e-06, 2.02700084628e-06, 4.59419709387e-07, 2.48152446147e-06, 1.96707310351e-06, 2.00044314624e-06, 1.29095915327e-05, 6.03128319199e-06, 5.52775782126e-06, 4.96821985507e-06, 2.39826968027e-05, 7.84382154961e-06, 6.4126156758e-06, 1.72131558429e-06, 3.85218754673e-07, 8.25469115284e-08, 2.10566533099e-08, 7.34209026909e-10, 2.72496191193e-13]
        var: [7.45602960883e-13, 1.35742563856e-08, 5.60024602692e-07, 4.19230616444e-07, 4.29021639547e-07, 1.54408922981e-07, 1.42263914427e-07, 6.66369928126e-08, 8.89340867616e-08, 5.67883873259e-09, 1.16258922489e-08, 1.81701209634e-09, 4.01449575804e-08, 2.73685341057e-08, 3.12072465647e-08, 5.467137143e-08, 7.40496375329e-08, 2.70670259539e-08, 2.982633589e-07, 1.22086927234e-08, 2.21919158605e-08, 4.04990041503e-09, 5.53832923966e-10, 3.93337341864e-11, 5.58785170912e-11, 1.03350607152e-12, 2.23217203456e-14]
    mfcc:
        mean: [-705.396972656, 116.447280884, -36.8480300903, 50.9128265381, -3.24793386459, 1.49049377441, -5.71618938446, -4.83074331284, -3.17869019508, -2.84246706963, -2.63259100914, -9.7804145813, -3.96154642105]
        cov: [[1706.17712402, -428.033782959, -54.4607086182, -98.5178451538, 36.2884063721, -43.9271965027, 36.4495773315, 9.6138792038, -45.5233078003, -49.2660293579, 70.2342453003, 25.4604053497, -24.6360054016], [-428.033782959, 508.934631348, -115.679855347, 63.3092079163, 42.4616088867, -28.9243030548, -11.3298482895, 20.2706432343, -15.3630971909, -14.8434057236, -31.9942054749, -47.814289093, 10.6625928879], [-54.4607086182, -115.679855347, 275.186279297, 6.88008594513, -15.4712524414, 63.9566421509, 31.8196659088, 14.2327375412, 34.7462387085, 14.91847229, -9.47648334503, 10.3120727539, -2.96937060356], [-98.5178451538, 63.3092079163, 6.88008594513, 152.612457275, 80.8211364746, 2.63613986969, -5.14488506317, 10.8741359711, -20.911397934, -30.6389980316, -35.8404960632, -18.299200058, -1.02646541595], [36.2884063721, 42.4616088867, -15.4712524414, 80.8211364746, 131.195098877, 10.9066476822, -0.302532792091, 9.39538669586, -25.5669250488, -23.7004356384, -25.2120952606, -22.0606765747, 1.04853773117], [-43.9271965027, -28.9243030548, 63.9566421509, 2.63613986969, 10.9066476822, 91.6180953979, 30.1719684601, 8.02766895294, 16.211605072, 11.4660310745, -4.60345315933, 9.25564575195, -2.84415507317], [36.4495773315, -11.3298482895, 31.8196659088, -5.14488506317, -0.302532792091, 30.1719684601, 65.9250717163, 24.8213806152, 13.1135730743, 1.24506056309, -2.82368588448, 6.18792200089, -7.62770652771], [9.6138792038, 20.2706432343, 14.2327375412, 10.8741359711, 9.39538669586, 8.02766895294, 24.8213806152, 59.1490135193, 19.3986930847, -0.521134018898, -9.79012012482, -16.1793766022, -1.53475284576], [-45.5233078003, -15.3630971909, 34.7462387085, -20.911397934, -25.5669250488, 16.211605072, 13.1135730743, 19.3986930847, 61.3216133118, 30.1643466949, 0.935386300087, -0.072299644351, -2.83933639526], [-49.2660293579, -14.8434057236, 14.91847229, -30.6389980316, -23.7004356384, 11.4660310745, 1.24506056309, -0.521134018898, 30.1643466949, 56.8780593872, 25.0085678101, 6.54917097092, -2.36679577827], [70.2342453003, -31.9942054749, -9.47648334503, -35.8404960632, -25.2120952606, -4.60345315933, -2.82368588448, -9.79012012482, 0.935386300087, 25.0085678101, 62.8539810181, 27.6160354614, -6.72624444962], [25.4604053497, -47.814289093, 10.3120727539, -18.299200058, -22.0606765747, 9.25564575195, 6.18792200089, -16.1793766022, -0.072299644351, 6.54917097092, 27.6160354614, 61.1407814026, 9.21390724182], [-24.6360054016, 10.6625928879, -2.96937060356, -1.02646541595, 1.04853773117, -2.84415507317, -7.62770652771, -1.53475284576, -2.83933639526, -2.36679577827, -6.72624444962, 9.21390724182, 49.0766105652]]
        icov: [[0.00104351772461, 0.000977769843303, 0.000346542597981, 0.000811492151115, -0.000979884178378, 0.00063324108487, -0.000784567149822, -0.000469345075544, 0.000142268560012, 0.00146991037764, -0.00140196830034, 0.000486325123347, 6.60237928969e-05], [0.000977769843303, 0.00341812218539, 0.00141580193304, -0.000254700920777, -0.000682818412315, 0.000627071247436, -0.00097666750662, -0.000944444269408, 0.000324863969581, 0.000830112723634, -0.000957525975537, 0.00191301887389, -0.000733438995667], [0.000346542597981, 0.00141580193304, 0.00527515215799, -0.00104606535751, 0.000808545504697, -0.00254578748718, -0.00102733948734, -0.000338111072779, -0.00150671682786, 0.000188449310372, 0.000355780066457, 0.000308029615553, -0.000258560554357], [0.000811492151115, -0.000254700920777, -0.00104606535751, 0.0121381832287, -0.00673073064536, 0.000997941242531, 0.00147354009096, -0.00206919689663, 0.0011692791013, 0.00288102542982, 0.00268563372083, -0.00181594805326, 0.00193484628107], [-0.000979884178378, -0.000682818412315, 0.000808545504697, -0.00673073064536, 0.0139556098729, -0.00353011162952, 0.000445659039542, -0.000831845565699, 0.00390402809717, -0.00143073650543, 0.00148870213889, 0.00266925175674, -0.00103512802161], [0.00063324108487, 0.000627071247436, -0.00254578748718, 0.000997941242531, -0.00353011162952, 0.0164049286395, -0.00618422310799, 0.0010084946407, -0.00115996121895, -0.00250716903247, 0.00163430650719, -0.00247800652869, 0.00064618664328], [-0.000784567149822, -0.00097666750662, -0.00102733948734, 0.00147354009096, 0.000445659039542, -0.00618422310799, 0.023709114641, -0.00970632024109, 4.74430162285e-05, 0.000359541998478, 0.00323865609244, -0.00585271790624, 0.00436330959201], [-0.000469345075544, -0.000944444269408, -0.000338111072779, -0.00206919689663, -0.000831845565699, 0.0010084946407, -0.00970632024109, 0.0267538316548, -0.0100359013304, 0.00376422191039, -0.00280493940227, 0.00779839185998, -0.00293750781566], [0.000142268560012, 0.000324863969581, -0.00150671682786, 0.0011692791013, 0.00390402809717, -0.00115996121895, 4.74430162285e-05, -0.0100359013304, 0.0308745391667, -0.0163807664067, 0.00760204577819, -0.00221083755605, 0.00193026440684], [0.00146991037764, 0.000830112723634, 0.000188449310372, 0.00288102542982, -0.00143073650543, -0.00250716903247, 0.000359541998478, 0.00376422191039, -0.0163807664067, 0.0356275551021, -0.0162223335356, 0.00545173650607, -0.00178836891428], [-0.00140196830034, -0.000957525975537, 0.000355780066457, 0.00268563372083, 0.00148870213889, 0.00163430650719, 0.00323865609244, -0.00280493940227, 0.00760204577819, -0.0162223335356, 0.0322313271463, -0.0140333324671, 0.00677017588168], [0.000486325123347, 0.00191301887389, 0.000308029615553, -0.00181594805326, 0.00266925175674, -0.00247800652869, -0.00585271790624, 0.00779839185998, -0.00221083755605, 0.00545173650607, -0.0140333324671, 0.0280216373503, -0.00810653809458], [6.60237928969e-05, -0.000733438995667, -0.000258560554357, 0.00193484628107, -0.00103512802161, 0.00064618664328, 0.00436330959201, -0.00293750781566, 0.00193026440684, -0.00178836891428, 0.00677017588168, -0.00810653809458, 0.0237147770822]]
    spectral_contrast:
        mean: [5.98352983161e-07, 1.0178072074e-07, -2.30585030181e-07, -6.48113484658e-07, -3.32212323428e-07, -1.83235542295e-07, -1.70151758994e-06, 1.36450069022e-06, -7.81614630796e-07, -7.8182353036e-07, -2.20422293751e-06, 2.75142292594e-06]
        var: [0.000350937887561, 0.000680349534377, 0.00143445655704, 0.00196682149544, 0.00274603674188, 0.00506531866267, 0.0289680343121, 0.0552583932877, 0.0953828692436, 0.183109909296, 0.259604990482, 1.01057565212]

rhythm:
    beats_loudness:
        dmean: 0.00205811834894
        dmean2: 0.00341671356
        dvar: 1.38426742069e-06
        dvar2: 5.26275971424e-06
        max: 0.00898412708193
        mean: 0.00486645987257
        min: 0.00197048857808
        var: 3.3434598663e-06
    beats_loudness_bass:
        dmean: 0.20436283946
        dmean2: 0.376470416784
        dvar: 0.0245865657926
        dvar2: 0.0551158040762
        max: 0.726423799992
        mean: 0.220826983452
        min: 0.0511049702764
        var: 0.0292659252882
    bpm: 70.8129501343
    bpm_confidence: 0
    first_peak_bpm: 143
    first_peak_spread: 0
    first_peak_weight: 0.722222208977
    onset_rate: 3.00638103485
    second_peak_bpm: 71
    second_peak_spread: 0
    second_peak_weight: 0.222222223878
    beats_position: [0.0773613452911, 0.49761235714, 0.917863309383, 1.33811438084, 1.75836539268, 2.17861628532, 2.59886741638, 3.01911830902, 3.43936920166, 3.8596200943, 4.27987098694, 4.70012187958, 5.12037277222, 5.54062366486, 6.26251745224, 7.10981988907, 7.95712280273, 8.80442619324, 9.65172767639]
    bpm_estimates: [70.7952651978, 70.8275222778, 70.8160705566]
    bpm_intervals: [0.420251011848, 0.420250952244, 0.420251071453, 0.420251011848, 0.420250892639, 0.420251131058, 0.420250892639, 0.420250892639, 0.420250892639, 0.420250892639, 0.420250892639, 0.420250892639, 0.420250892639, 0.721893787384, 0.847302436829, 0.847302913666, 0.847303390503, 0.847301483154]
    onset_times: [0.0580498874187, 0.476009070873, 0.893968224525, 1.28870749474, 1.74149656296, 1.95047616959, 2.18267583847, 2.40326523781, 2.60063481331, 3.01859402657, 3.44816327095, 3.87773251534, 4.28408145905, 4.55111122131, 4.71365070343, 5.13160991669, 5.53795909882, 5.94430828094, 6.17650794983, 6.44353723526, 6.87310647964, 7.20979595184, 7.27945566177, 8.12698459625, 8.52172374725, 8.77714252472, 8.92807292938, 9.21832180023, 9.57823085785, 9.82204055786]
    rubato_start: [7.10981988907]
    rubato_stop: [9.65172767639]
    perceptual_tempo: "unknown"

sfx:
    inharmonicity:
        dmean: 0.039551269263
        dmean2: 0.0706526562572
        dvar: 0.00291100377217
        dvar2: 0.00844744499773
        max: 0.422465324402
        mean: 0.0414041504264
        min: 0
        var: 0.00259763724171
    oddtoevenharmonicenergyratio:
        dmean: 2.26151275635
        dmean2: 4.40254449844
        dvar: 159.338134766
        dvar2: 475.900543213
        max: 161.009872437
        mean: 1.39747548103
        min: 0
        var: 80.7519378662
    pitch_after_max_to_before_max_energy_ratio: 2.54311060905
    pitch_centroid: 231.992294312
    pitch_max_to_total: 0.170560747385
    pitch_min_to_total: 0.84112149477
    tristimulus:
        dmean: [0.184681072831, 0.207430824637, 0.101116575301]
        dmean2: [0.32012757659, 0.359128206968, 0.180945813656]
        dvar: [0.0264436062425, 0.0351418145001, 0.0102116819471]
        dvar2: [0.0751703009009, 0.0954110175371, 0.0273501612246]
        max: [1, 0.925156712532, 0.62113982439]
        mean: [0.440276145935, 0.398454785347, 0.113600671291]
        min: [0.0213187709451, 0, 0]
        var: [0.0438777655363, 0.0481645725667, 0.0119792623445]

tonal:
    chords_changes_rate: 0.0465116277337
    chords_number_rate: 0.0186046510935
    chords_strength:
        dmean: 0.0078982943669
        dmean2: 0.00743645336479
        dvar: 3.19025857607e-05
        dvar2: 4.50518600701e-05
        max: 0.698256313801
        mean: 0.548454046249
        min: 0.422678172588
        var: 0.00442532403395
    key_strength: 0.786845326424
    tuning_diatonic_strength: 0.632163524628
    tuning_equal_tempered_deviation: 0.0509812273085
    tuning_frequency: 440.763122559
    tuning_nontempered_energy_ratio: 0.681483983994
    hpcp:
        dmean: [0.0876377075911, 0.0916806012392, 0.183787971735, 0.218706607819, 0.216963350773, 0.151306003332, 0.11182218045, 0.116117052734, 0.117693327367, 0.149322122335, 0.112309210002, 0.115508317947, 0.122105352581, 0.0864341259003, 0.114487379789, 0.163316547871, 0.121321886778, 0.0838172882795, 0.0690430849791, 0.0555556975305, 0.0683515295386, 0.0692109540105, 0.0749693289399, 0.156518280506, 0.191819116473, 0.213719308376, 0.139071837068, 0.084678158164, 0.0734162256122, 0.0893537998199, 0.117530658841, 0.116441830993, 0.128843069077, 0.111322298646, 0.0989184081554, 0.0983170643449]
        dmean2: [0.15209890902, 0.159919649363, 0.318771570921, 0.362168431282, 0.378647595644, 0.256932139397, 0.193951547146, 0.192830219865, 0.192853316665, 0.235702991486, 0.191624671221, 0.205554500222, 0.222491249442, 0.145312935114, 0.175779297948, 0.258363097906, 0.201765567064, 0.148231074214, 0.112718053162, 0.0869294404984, 0.119143091142, 0.113418206573, 0.127737700939, 0.248380720615, 0.316192060709, 0.342979967594, 0.220630466938, 0.147597745061, 0.122357755899, 0.145475625992, 0.186799660325, 0.195521399379, 0.217913582921, 0.188446998596, 0.163297101855, 0.162942066789]
        dvar: [0.0191024243832, 0.0150141324848, 0.04668045789, 0.0496865622699, 0.0593515858054, 0.0384221561253, 0.025695823133, 0.0307276621461, 0.024965763092, 0.0337928198278, 0.0298821348697, 0.0318739563227, 0.0430411323905, 0.020491592586, 0.0191788580269, 0.0349466577172, 0.0226115565747, 0.0249018650502, 0.018938312307, 0.00885495822877, 0.0182785727084, 0.0127125820145, 0.0119244642556, 0.0230243820697, 0.0401710756123, 0.038503434509, 0.0215936619788, 0.0164986439049, 0.0212803781033, 0.0187087934464, 0.0255467649549, 0.0298539027572, 0.0410314761102, 0.026154961437, 0.0229554362595, 0.0173290595412]
        dvar2: [0.0620163343847, 0.041957128793, 0.120490461588, 0.122878998518, 0.163325428963, 0.108621329069, 0.0708757340908, 0.0895246192813, 0.0621691159904, 0.0977137088776, 0.0699996426702, 0.093789242208, 0.132154747844, 0.0578727014363, 0.0441059991717, 0.0767853707075, 0.0570816658437, 0.0710318386555, 0.0496899597347, 0.0200222637504, 0.0534173212945, 0.0359470658004, 0.0325323082507, 0.0624074786901, 0.0899553596973, 0.089393645525, 0.0537270903587, 0.0466835275292, 0.0615026168525, 0.0520379282534, 0.0607689023018, 0.0747450813651, 0.122737936676, 0.0746710896492, 0.0575996004045, 0.0443823896348]
        max: [1, 0.7946793437, 1, 1, 1, 1, 1, 1, 1, 1, 1, 1, 1, 1, 1, 1, 1, 1, 1, 0.799394965172, 0.936897516251, 0.945319056511, 0.645561218262, 1, 1, 1, 1, 0.740575909615, 1, 1, 1, 1, 1, 1, 1, 0.918693482876]
        mean: [0.132377833128, 0.120898716152, 0.25001090765, 0.425818145275, 0.365566909313, 0.196408733726, 0.159887850285, 0.168517008424, 0.217457175255, 0.298983901739, 0.228320866823, 0.133671864867, 0.1201107651, 0.109086915851, 0.20384812355, 0.309045761824, 0.215648710728, 0.118084006011, 0.112164177001, 0.0879356116056, 0.089903280139, 0.0905028060079, 0.0927781239152, 0.318150788546, 0.564788341522, 0.447111517191, 0.201257750392, 0.0980984419584, 0.0929221212864, 0.146632149816, 0.213839069009, 0.203162282705, 0.174854949117, 0.161377668381, 0.144086390734, 0.146336659789]
        min: [0.0101458737627, 0.00958545971662, 0.0160480737686, 0.013956126757, 0.00976326689124, 0.00371540384367, 0.00333972997032, 0.00246453518048, 0.00837526191026, 0.00825680885464, 0.00770178996027, 0.00219104927965, 0.00353574031033, 0.00246895058081, 0.010046903044, 0.0155647434294, 0.00977974105626, 0.00479196151718, 0.00272404076532, 0.00184819137212, 0.0016457226593, 0.00206798198633, 0.000971343077254, 0.00244163395837, 0.0147585980594, 0.0129547361284, 0.0029314821586, 0.00226644589566, 0.0018643415533, 0.00326788332313, 0.00661432230845, 0.00886672362685, 0.00522225303575, 0.00410121213645, 0.00397646659985, 0.00613646395504]
        var: [0.0172624904662, 0.0141907623038, 0.0545559599996, 0.0962581560016, 0.0971260368824, 0.0498059764504, 0.0350901521742, 0.0523877814412, 0.0470904149115, 0.0944973900914, 0.0781978443265, 0.0434055291116, 0.0372997820377, 0.020686160773, 0.0418932810426, 0.0803656727076, 0.0404252074659, 0.0247163269669, 0.0285153388977, 0.0157678090036, 0.0151372728869, 0.0127058094367, 0.0109098125249, 0.0620846562088, 0.116167105734, 0.0809679627419, 0.0398144796491, 0.0172125026584, 0.0223394278437, 0.0279394928366, 0.0642527043819, 0.0602104850113, 0.0530142374337, 0.0356305725873, 0.0284993443638, 0.021679090336]
    chords_histogram: [74.4186019897, 0, 0, 0, 0, 2.79069757462, 0.930232584476, 0, 0, 0, 0, 0, 0, 0, 0, 0, 0, 4.65116262436, 0, 0, 0, 0, 0, 17.2093029022]
    thpcp: [1, 0.791644394398, 0.356341898441, 0.173690631986, 0.164525568485, 0.259623199701, 0.378618061543, 0.359714031219, 0.309593766928, 0.285731226206, 0.255115717649, 0.259099990129, 0.234384849668, 0.214060217142, 0.442663013935, 0.753942847252, 0.647263526917, 0.347756356001, 0.283093392849, 0.298371970654, 0.385024189949, 0.529373347759, 0.404259175062, 0.236676037312, 0.212665095925, 0.193146541715, 0.360928356647, 0.547188639641, 0.381822168827, 0.209076568484, 0.198595061898, 0.155696570873, 0.159180477262, 0.160241991282, 0.164270609617, 0.563309788704]
    chords_key: "A#"
    chords_scale: "major"
    key_key: "A#"
    key_scale: "major"
    chords_progression: ["Gm", "Gm", "Gm", "Gm", "Gm", "Gm", "Gm", "A#", "A#", "A#", "A#", "A#", "A#", "A#", "A#", "A#", "A#", "A#", "A#", "A#", "A#", "A#", "A#", "A#", "A#", "A#", "A#", "A#", "A#", "A#", "A#", "A#", "A#", "A#", "A#", "A#", "A#", "A#", "A#", "A#", "A#", "A#", "A#", "A#", "A#", "A#", "A#", "A#", "A#", "A#", "A#", "A#", "A#", "A#", "A#", "A#", "A#", "A#", "A#", "A#", "A#", "A#", "A#", "A#", "A#", "A#", "A#", "A#", "A#", "A#", "A#", "A#", "A#", "A#", "A#", "A#", "A#", "A#", "A#", "A#", "A#", "A#", "A#", "A#", "A#", "A#", "A#", "A#", "A#", "A#", "A#", "A#", "A#", "A#", "A#", "A#", "A#", "A#", "A#", "A#", "A#", "A#", "A#", "A#", "A#", "A#", "A#", "A#", "A#", "A#", "A#", "A#", "A#", "A#", "A#", "A#", "A#", "A#", "A#", "A#", "A#", "A#", "A#", "A#", "A#", "A#", "A#", "A#m", "A#m", "A#m", "A#m", "A#m", "A#", "A#", "A#", "A#m", "A#m", "A#m", "A#m", "A#m", "A#", "A#", "A#", "A#", "A#", "A#", "A#", "A#", "A#", "A#", "A#", "A#", "A#", "A#", "A#", "A#", "A#", "A#", "A#", "A#", "A#", "A#", "A#", "A#", "A#", "A#", "A#", "A#", "A#", "A#", "A#", "A#", "A#", "A#", "A#", "A#", "A#", "Gm", "Gm", "Gm", "Gm", "Gm", "Gm", "Gm", "Gm", "Gm", "Gm", "Gm", "Gm", "Gm", "Gm", "Gm", "Gm", "Gm", "Gm", "Gm", "Gm", "Gm", "Gm", "Gm", "Gm", "Gm", "Gm", "Gm", "Gm", "Gm", "Gm", "G", "Em", "Em", "G", "Em", "Em", "Em", "Em"]
