
metadata:
    version:
        essentia: "1.2.2"
    audio_properties:
        analysis_sample_rate: 44100
        bitrate: 128
        channels: 2
        equal_loudness: 1
        length: 10.0310201645
        replay_gain: -10.4748134613
        downmix: "mix"
    tags:
        track: 57
        year: 0
        album: "Splitted by Mp3Splt v. 2.1"
        artist: "From 009.20 To 009.30"
        comment: "http://mp3splt.sf.net"
        genre: ""
        title: "08 Sensorium.mp3"

highlevel:
    ballroom:
        all:
            ChaChaCha: 0.152875632048
            Jive: 0.0910015925765
            Quickstep: 0.0116661731154
            Rumba-American: 0.00245852931403
            Rumba-International: 0.0283123776317
            Rumba-Misc: 0.00993017852306
            Samba: 0.695542395115
            Tango: 0.00176847225521
            VienneseWaltz: 0.00459655886516
            Waltz: 0.00184807833284
        probability: 0.695542395115
        value: "Samba"
    culture:
        all:
            non_western: 0.802331805229
            western: 0.197668194771
        probability: 0.802331805229
        value: "non_western"
    gender:
        all:
            female: 0.939796864986
            male: 0.0602031387389
        probability: 0.939796864986
        value: "female"
    genre_dortmund:
        all:
            alternative: 0.063833810389
            blues: 0.00468930415809
            electronic: 0.588906168938
            folkcountry: 0.0384848900139
            funksoulrnb: 0.00803922023624
            jazz: 0.034289970994
            pop: 0.0820788741112
            raphiphop: 0.0448723360896
            rock: 0.134805426002
        probability: 0.588906168938
        value: "electronic"
    genre_electronica:
        all:
            ambient: 0.0455469451845
            dnb: 0.287953943014
            house: 0.00673102540895
            techno: 0.03098458983
            trance: 0.628783524036
        probability: 0.628783524036
        value: "trance"
    genre_rosamerica:
        all:
            cla: 0.010396852158
            dan: 0.786815464497
            hip: 0.0324128344655
            jaz: 0.00616838829592
            pop: 0.0893686711788
            rhy: 0.00689576705918
            roc: 0.0670032426715
            spe: 0.000938783749007
        probability: 0.786815464497
        value: "dan"
    genre_tzanetakis:
        all:
            blu: 0.00485743489116
            cla: 0.00727194733918
            cou: 0.0212458521128
            dis: 0.13620044291
            hip: 0.0379378534853
            jaz: 0.00997891277075
            met: 0.0319390892982
            pop: 0.610767126083
            reg: 0.10805233568
            roc: 0.0317490287125
        probability: 0.610767126083
        value: "pop"
    live_studio:
        all:
            live: 0.206827446818
            studio: 0.79317253828
        probability: 0.79317253828
        value: "studio"
    mood:
        all:
            Cluster1: 0.369642138481
            Cluster2: 0.0749167576432
            Cluster3: 0.188921228051
            Cluster4: 0.0586469769478
            Cluster5: 0.307872891426
        probability: 0.369642138481
        value: "Cluster1"
    mood_acoustic:
        all:
            acoustic: 0.00792810227722
            not_acoustic: 0.992071926594
        probability: 0.992071926594
        value: "not_acoustic"
    mood_aggressive:
        all:
            aggressive: 0.494206994772
            not_aggressive: 0.50579303503
        probability: 0.50579303503
        value: "not_aggressive"
    mood_electronic:
        all:
            electronic: 0.946610987186
            not_electronic: 0.0533890128136
        probability: 0.946610987186
        value: "electronic"
    mood_happy:
        all:
            happy: 0.137658178806
            not_happy: 0.862341821194
        probability: 0.862341821194
        value: "not_happy"
    mood_party:
        all:
            not_party: 0.310396999121
            party: 0.689602971077
        probability: 0.689602971077
        value: "party"
    mood_relaxed:
        all:
            not_relaxed: 0.989435553551
            relaxed: 0.0105644613504
        probability: 0.989435553551
        value: "not_relaxed"
    mood_sad:
        all:
            not_sad: 0.761709988117
            sad: 0.238289996982
        probability: 0.761709988117
        value: "not_sad"
    rhythm:
        all:
            fast: 0.593633115292
            medium: 0.401916861534
            slow: 0.00445000361651
        probability: 0.593633115292
        value: "fast"
    speech_music:
        all:
            music: 0.999956727028
            speech: 4.32574961451e-05
        probability: 0.999956727028
        value: "music"
    timbre:
        all:
            bright: 0.0399672463536
            dark: 0.960032761097
        probability: 0.960032761097
        value: "dark"
    voice_instrumental:
        all:
            instrumental: 0.671881556511
            voice: 0.328118413687
        probability: 0.671881556511
        value: "instrumental"

lowlevel:
    average_loudness: 0.981799662113
    barkbands_kurtosis:
        dmean: 1.41921710968
        dmean2: 2.25873422623
        dvar: 2.49769186974
        dvar2: 6.30802869797
        max: 10.5209264755
        mean: 0.699451982975
        min: -1.79535329342
        var: 4.25778007507
    barkbands_skewness:
        dmean: 0.536357760429
        dmean2: 0.854494273663
        dvar: 0.246860086918
        dvar2: 0.661252677441
        max: 3.1897213459
        mean: 0.898113429546
        min: -1.10398948193
        var: 0.499620050192
    barkbands_spread:
        dmean: 6.97960758209
        dmean2: 10.5391168594
        dvar: 33.3363990784
        dvar2: 76.0726013184
        max: 53.660358429
        mean: 26.9313316345
        min: 5.84769201279
        var: 103.906356812
    dissonance:
        dmean: 0.028855798766
        dmean2: 0.0477198585868
        dvar: 0.000635304837488
        dvar2: 0.00173745036591
        max: 0.499371767044
        mean: 0.448279470205
        min: 0.322762489319
        var: 0.00117661501281
    hfc:
        dmean: 3.49702763557
        dmean2: 5.28574323654
        dvar: 36.0544052124
        dvar2: 90.9766616821
        max: 51.7082748413
        mean: 4.8946647644
        min: 0.334502756596
        var: 38.6579856873
    pitch:
        dmean: 598.808105469
        dmean2: 1125.11242676
        dvar: 1242122.5
        dvar2: 3320449
        max: 4900
        mean: 585.911254883
        min: 88.5542144775
        var: 941831.75
    pitch_instantaneous_confidence:
        dmean: 0.111805826426
        dmean2: 0.183316558599
        dvar: 0.00773957092315
        dvar2: 0.0208596736193
        max: 0.840393424034
        mean: 0.387847930193
        min: 0.12798166275
        var: 0.0167544074357
    pitch_salience:
        dmean: 0.0777594000101
        dmean2: 0.121973343194
        dvar: 0.00397939933464
        dvar2: 0.0098096691072
        max: 0.805870890617
        mean: 0.591274738312
        min: 0.18000780046
        var: 0.00932192150503
    silence_rate_20dB:
        dmean: 0
        dmean2: 0
        dvar: 0
        dvar2: 0
        max: 1
        mean: 1
        min: 1
        var: 0
    silence_rate_30dB:
        dmean: 0
        dmean2: 0
        dvar: 0
        dvar2: 0
        max: 1
        mean: 1
        min: 1
        var: 0
    silence_rate_60dB:
        dmean: 0.264501154423
        dmean2: 0.530232548714
        dvar: 0.194540888071
        dvar2: 0.309550106525
        max: 1
        mean: 0.474537044764
        min: 0
        var: 0.249351814389
    spectral_centroid:
        dmean: 316.750396729
        dmean2: 492.645385742
        dvar: 109555.484375
        dvar2: 289664.71875
        max: 2620.96337891
        mean: 1071.55444336
        min: 306.694519043
        var: 222682.3125
    spectral_complexity:
        dmean: 4.59440565109
        dmean2: 6.67523384094
        dvar: 34.7818374634
        dvar2: 74.3314208984
        max: 47
        mean: 10.0348834991
        min: 1
        var: 60.2708892822
    spectral_crest:
        dmean: 2.75890731812
        dmean2: 4.5344171524
        dvar: 5.49638986588
        dvar2: 13.7890319824
        max: 23.7311763763
        mean: 8.18866443634
        min: 2.9996638298
        var: 11.6565322876
    spectral_decrease:
        dmean: 5.21931720066e-10
        dmean2: 7.33652527618e-10
        dvar: 3.32930994168e-19
        dvar2: 7.948806055e-19
        max: -7.7748557592e-11
        mean: -9.62056767584e-10
        min: -4.54805926253e-09
        var: 5.32608516629e-19
    spectral_energy:
        dmean: 0.00226139998995
        dmean2: 0.00319929025136
        dvar: 6.82046902512e-06
        dvar2: 1.62686046679e-05
        max: 0.0218555182219
        mean: 0.00407498702407
        min: 0.000330663402565
        var: 1.04262235254e-05
    spectral_energyband_high:
        dmean: 0.000232350022998
        dmean2: 0.00035812635906
        dvar: 1.50623989725e-07
        dvar2: 3.79974125053e-07
        max: 0.00264486833476
        mean: 0.000276829086943
        min: 5.49004107597e-06
        var: 1.62201118314e-07
    spectral_energyband_low:
        dmean: 0.000429412670201
        dmean2: 0.000660188787151
        dvar: 3.24578479649e-07
        dvar2: 7.72758653511e-07
        max: 0.00391902634874
        mean: 0.000566985050682
        min: 7.57972247811e-06
        var: 4.53920620203e-07
    spectral_energyband_middle_high:
        dmean: 0.0009923937032
        dmean2: 0.00157662841957
        dvar: 2.94140863843e-06
        dvar2: 7.6092846939e-06
        max: 0.014190942049
        mean: 0.00135741499253
        min: 5.90239360463e-05
        var: 3.22904679706e-06
    spectral_energyband_middle_low:
        dmean: 0.00112227373756
        dmean2: 0.00172645621933
        dvar: 2.22399262384e-06
        dvar2: 5.83448854741e-06
        max: 0.0110820159316
        mean: 0.0018734538462
        min: 0.000100407763966
        var: 2.45687738243e-06
    spectral_flatness_db:
        dmean: 0.020214471966
        dmean2: 0.0304695218801
        dvar: 0.000283234083327
        dvar2: 0.000648709654342
        max: 0.255541115999
        mean: 0.134078964591
        min: 0.0646564364433
        var: 0.000837618543301
    spectral_flux:
        dmean: 0.0132187549025
        dmean2: 0.0180953145027
        dvar: 0.000160711744684
        dvar2: 0.000245678180363
        max: 0.113259904087
        mean: 0.0416292771697
        min: 0.00843556877226
        var: 0.000391145789763
    spectral_kurtosis:
        dmean: 1.18152010441
        dmean2: 1.82146346569
        dvar: 1.45565772057
        dvar2: 3.62630796432
        max: 12.0941524506
        mean: 3.15443849564
        min: 0.323880434036
        var: 2.83742904663
    spectral_rms:
        dmean: 0.000515548803378
        dmean2: 0.000667149724904
        dvar: 2.09176761246e-07
        dvar2: 4.68479811389e-07
        max: 0.00461762445047
        mean: 0.00186593213584
        min: 0.000567977491301
        var: 4.9388916068e-07
    spectral_rolloff:
        dmean: 764.754882812
        dmean2: 1241.52966309
        dvar: 631813.0625
        dvar2: 1459318
        max: 4909.5703125
        mean: 2065.48510742
        min: 215.33203125
        var: 1373193.5
    spectral_skewness:
        dmean: 0.214428648353
        dmean2: 0.318399101496
        dvar: 0.0367918387055
        dvar2: 0.0799844488502
        max: 2.70529913902
        mean: 1.51625216007
        min: 0.723639726639
        var: 0.101320505142
    spectral_spread:
        dmean: 745272.0625
        dmean2: 995253.4375
        dvar: 464330948608
        dvar2: 742780633088
        max: 10368417
        mean: 5693549
        min: 3569206.25
        var: 1.65490655232e+12
    spectral_strongpeak:
        dmean: 0.33902490139
        dmean2: 0.58720099926
        dvar: 0.286536335945
        dvar2: 0.788320183754
        max: 3.91452074051
        mean: 0.414024561644
        min: 0.0100699467584
        var: 0.280309647322
    zerocrossingrate:
        dmean: 0.0105202412233
        dmean2: 0.011750693433
        dvar: 7.40956238587e-05
        dvar2: 8.85146801011e-05
        max: 0.1298828125
        mean: 0.0693995282054
        min: 0.02294921875
        var: 0.000466633297037
    barkbands:
        dmean: [2.58290629063e-06, 0.000172677420778, 0.000333333009621, 0.000557621824555, 0.000495463027619, 8.27581825433e-05, 6.67696949677e-05, 0.000174747794517, 0.000172185405972, 0.0002649910748, 5.67334100197e-05, 3.63858052879e-05, 2.11553578993e-05, 4.7297187848e-05, 4.50765364803e-05, 0.000177102629095, 0.000301554508042, 0.000126769940834, 0.000141043710755, 0.000148027305841, 0.000107603882498, 3.42395396729e-05, 7.15028909326e-06, 5.12134101882e-06, 2.51579808719e-06, 2.18158689336e-07, 3.55190654666e-10]
        dmean2: [4.05030414186e-06, 0.000276044447673, 0.000556539336685, 0.000949985987972, 0.000783973955549, 0.000133218491101, 0.000112177265692, 0.000247553631198, 0.00027789719752, 0.000412448338466, 9.38955927268e-05, 5.63666144444e-05, 3.25283872371e-05, 7.88244215073e-05, 7.17229122529e-05, 0.000311192765366, 0.000544935406651, 0.000203543109819, 0.000227022057516, 0.000235539613641, 0.000174598448211, 4.94397063449e-05, 1.01834921225e-05, 7.36690753911e-06, 3.7714564769e-06, 3.19850556707e-07, 5.8698168548e-10]
        dvar: [7.13663503293e-12, 6.77133797922e-08, 2.57720273567e-07, 9.94460947368e-07, 5.53728000341e-07, 1.28378268016e-08, 1.03480948255e-08, 3.24685700548e-08, 4.88973093127e-08, 3.03669679624e-07, 3.64282848331e-09, 2.50191822815e-09, 9.83813586153e-10, 7.52997664222e-09, 7.54710249851e-09, 2.03578281344e-07, 4.96743211897e-07, 7.7670840426e-08, 9.5776464093e-08, 5.66086733045e-08, 4.5844952723e-08, 3.56005092073e-09, 1.37144406942e-10, 7.16703224546e-11, 2.55787457187e-11, 2.68873085688e-13, 3.9200551933e-19]
        dvar2: [1.70157464507e-11, 1.59505134434e-07, 6.48185960017e-07, 2.72188640338e-06, 1.47735079281e-06, 3.20850546132e-08, 2.91395156893e-08, 6.32765733144e-08, 1.35799197665e-07, 7.5415300671e-07, 1.02472830221e-08, 5.3561559632e-09, 2.30923946631e-09, 1.91887608025e-08, 1.80456378729e-08, 5.62468358112e-07, 1.36361427394e-06, 2.01620579787e-07, 2.49128930818e-07, 1.41124630204e-07, 1.21470449699e-07, 8.79791262065e-09, 3.19580473196e-10, 1.54151150178e-10, 6.65611732398e-11, 6.3903228412e-13, 7.71833750972e-19]
        max: [1.72173877218e-05, 0.00184124475345, 0.00339095713571, 0.00714378105476, 0.00607311818749, 0.00107993045822, 0.000892719894182, 0.00187372404616, 0.00139982858673, 0.00560913141817, 0.000552174868062, 0.00052391923964, 0.00028392119566, 0.000863011286128, 0.000952123024035, 0.00316309044138, 0.00395163521171, 0.00285493885167, 0.00330219697207, 0.00188874790911, 0.001428083051, 0.000447007856565, 9.96674280032e-05, 8.21210269351e-05, 4.69030819659e-05, 5.81600033911e-06, 8.10723221889e-09]
        mean: [3.74090677724e-06, 0.000228838427574, 0.000334710930474, 0.000480848189909, 0.000568495888729, 0.000102711761429, 9.16895078262e-05, 0.000316791411024, 0.000243590795435, 0.000350837915903, 0.000100138910057, 5.97231737629e-05, 2.81824595731e-05, 5.70683951082e-05, 5.76272468606e-05, 0.000152713211719, 0.000244918162934, 0.000133349545649, 0.000161133270012, 0.000195885630092, 0.000103789330751, 3.9800266677e-05, 9.16165481613e-06, 6.45572254143e-06, 2.52766881204e-06, 2.58094786432e-07, 3.56707524629e-10]
        min: [7.24047599654e-10, 1.36166738685e-06, 1.05457093014e-06, 1.41324420611e-07, 4.73855379823e-06, 8.2775068222e-07, 2.94301344184e-06, 2.20264541895e-06, 5.2160244195e-06, 4.04874936066e-06, 9.34126092034e-06, 3.21758489008e-06, 6.99568204254e-07, 5.23321716628e-07, 1.46072727603e-06, 2.06670938496e-06, 2.42636815528e-06, 1.51892027134e-06, 3.32494346367e-06, 4.14722080677e-06, 1.2847887092e-06, 5.30940496901e-07, 1.66088369724e-07, 9.36179631594e-08, 2.54455088111e-08, 3.80891235219e-10, 2.33975572207e-13]
        var: [1.33841436198e-11, 9.03744847847e-08, 2.5173682161e-07, 7.42963379707e-07, 5.48225614239e-07, 1.55619019893e-08, 9.5368992703e-09, 8.21988095367e-08, 6.42085424829e-08, 5.04595504935e-07, 6.52966258841e-09, 5.11575581896e-09, 1.53974000217e-09, 8.65801652594e-09, 1.0691108443e-08, 1.35903377441e-07, 3.43564323657e-07, 7.18399988386e-08, 9.21231091411e-08, 6.62084218561e-08, 3.90827779029e-08, 3.94126864478e-09, 1.70745959038e-10, 9.82948097916e-11, 2.32035831521e-11, 3.67635663665e-13, 4.0585570226e-19]
    mfcc:
        mean: [-718.535400391, 115.485916138, -20.7326564789, 42.9153251648, -18.6122055054, -6.12103509903, 1.53782784939, 6.35559177399, 8.97576332092, 3.40192580223, -7.65574026108, -3.33613276482, -3.22563171387]
        cov: [[2438.55004883, -803.602539062, -141.004013062, 211.264587402, 260.723815918, 72.1164703369, -82.0782241821, -153.260070801, -82.8952713013, -286.984039307, -48.9018516541, -40.0077934265, -150.178421021], [-803.602539062, 555.097595215, 40.9629135132, -24.1447811127, -42.1556358337, -3.86223292351, 38.6551856995, 49.4445838928, 28.2322368622, 105.837501526, 19.8475379944, 19.3509960175, 43.2681808472], [-141.004013062, 40.9629135132, 313.961730957, 39.0428962708, 24.0786914825, 51.6557731628, 33.3013954163, 23.2286319733, 16.2021160126, -7.48663425446, 36.7606163025, 16.9061698914, 9.9770898819], [211.264587402, -24.1447811127, 39.0428962708, 167.142425537, 81.7688217163, 20.7358837128, 27.9659996033, -14.0759048462, -0.457748740911, -28.0375804901, -4.2347650528, 10.6584873199, 4.08500051498], [260.723815918, -42.1556358337, 24.0786914825, 81.7688217163, 129.091812134, 42.2456436157, 5.33782958984, -21.344587326, -1.25870978832, -43.0153007507, 1.10292470455, 23.3673095703, 3.16674113274], [72.1164703369, -3.86223292351, 51.6557731628, 20.7358837128, 42.2456436157, 74.2435379028, 23.6992740631, -0.403075218201, 5.57324790955, -18.8428077698, 15.8677177429, 18.5820121765, 3.30041360855], [-82.0782241821, 38.6551856995, 33.3013954163, 27.9659996033, 5.33782958984, 23.6992740631, 86.9996414185, 25.1033191681, 23.0744094849, 20.5062427521, -0.745523512363, 8.42823219299, 10.346496582], [-153.260070801, 49.4445838928, 23.2286319733, -14.0759048462, -21.344587326, -0.403075218201, 25.1033191681, 73.3907089233, 35.1451759338, 24.6552047729, -6.77263259888, -4.75910043716, 9.15756034851], [-82.8952713013, 28.2322368622, 16.2021160126, -0.457748740911, -1.25870978832, 5.57324790955, 23.0744094849, 35.1451759338, 75.1851577759, 26.4746112823, 0.0550430342555, 12.1154270172, 14.206577301], [-286.984039307, 105.837501526, -7.48663425446, -28.0375804901, -43.0153007507, -18.8428077698, 20.5062427521, 24.6552047729, 26.4746112823, 93.1426467896, 18.5787334442, 6.43467617035, 17.3295497894], [-48.9018516541, 19.8475379944, 36.7606163025, -4.2347650528, 1.10292470455, 15.8677177429, -0.745523512363, -6.77263259888, 0.0550430342555, 18.5787334442, 80.138633728, 41.3568382263, 13.4840745926], [-40.0077934265, 19.3509960175, 16.9061698914, 10.6584873199, 23.3673095703, 18.5820121765, 8.42823219299, -4.75910043716, 12.1154270172, 6.43467617035, 41.3568382263, 83.3545684814, 39.9157028198], [-150.178421021, 43.2681808472, 9.9770898819, 4.08500051498, 3.16674113274, 3.30041360855, 10.346496582, 9.15756034851, 14.206577301, 17.3295497894, 13.4840745926, 39.9157028198, 68.5450592041]]
        icov: [[0.00156341632828, 0.00153267884161, 0.000781181151979, -0.000961120356806, -0.00142985966522, -0.00057658937294, 0.000335964141414, 0.000593378557824, -0.000356496253517, 0.00162555952556, -0.000374283408746, -8.51206368679e-06, 0.00210678135045], [0.00153267884161, 0.00394838768989, 0.000464409822598, -0.000949067354668, -0.00142314645927, -0.000988154672086, 0.000296966783935, -0.000256892060861, 0.000394799048081, -0.00121431704611, 4.91742030135e-05, -0.000178871443495, 0.00127709808294], [0.000781181151979, 0.000464409822598, 0.00445364043117, -0.00138071447145, -0.000249869743129, -0.00242177187465, -0.000283306755591, -0.00101460446604, -0.000518476066645, 0.00197723694146, -0.00239720661193, 0.000887886737473, 0.00072097859811], [-0.000961120356806, -0.000949067354668, -0.00138071447145, 0.0104765081778, -0.0055309291929, 0.00321077858098, -0.00409662304446, 0.00102568301372, 0.00032973184716, 4.59575421701e-05, 0.000249696429819, 0.00074719422264, -0.00191199162509], [-0.00142985966522, -0.00142314645927, -0.000249869743129, -0.0055309291929, 0.0171844493598, -0.00624436838552, 0.00180146784987, 0.00151185051072, -0.00138737971429, 0.00190771347843, 0.00197696406394, -0.00333963148296, -0.00147446698975], [-0.00057658937294, -0.000988154672086, -0.00242177187465, 0.00321077858098, -0.00624436838552, 0.0227072201669, -0.00676726363599, -4.23587443947e-05, -0.000817686959635, 0.00436941254884, -0.00383450905792, -0.000974987924565, 0.000130800806801], [0.000335964141414, 0.000296966783935, -0.000283306755591, -0.00409662304446, 0.00180146784987, -0.00676726363599, 0.0172637235373, -0.0035166493617, -0.00122543773614, -0.00418320577592, 0.0028442335315, -0.00143123918679, 0.000526090560015], [0.000593378557824, -0.000256892060861, -0.00101460446604, 0.00102568301372, 0.00151185051072, -4.23587443947e-05, -0.0035166493617, 0.0215158928186, -0.00824362784624, 0.000143891564221, 0.00159440853167, 0.00242295186035, -0.000915134151001], [-0.000356496253517, 0.000394799048081, -0.000518476066645, 0.00032973184716, -0.00138737971429, -0.000817686959635, -0.00122543773614, -0.00824362784624, 0.0197942014784, -0.00558451423422, 0.00251928297803, -0.00325082638301, -0.000877868907992], [0.00162555952556, -0.00121431704611, 0.00197723694146, 4.59575421701e-05, 0.00190771347843, 0.00436941254884, -0.00418320577592, 0.000143891564221, -0.00558451423422, 0.022780187428, -0.00686902506277, 0.00209634681232, -0.000120155847981], [-0.000374283408746, 4.91742030135e-05, -0.00239720661193, 0.000249696429819, 0.00197696406394, -0.00383450905792, 0.0028442335315, 0.00159440853167, 0.00251928297803, -0.00686902506277, 0.0211792960763, -0.0111667430028, 0.00248476327397], [-8.51206368679e-06, -0.000178871443495, 0.000887886737473, 0.00074719422264, -0.00333963148296, -0.000974987924565, -0.00143123918679, 0.00242295186035, -0.00325082638301, 0.00209634681232, -0.0111667430028, 0.0248480495065, -0.012115182355], [0.00210678135045, 0.00127709808294, 0.00072097859811, -0.00191199162509, -0.00147446698975, 0.000130800806801, 0.000526090560015, -0.000915134151001, -0.000877868907992, -0.000120155847981, 0.00248476327397, -0.012115182355, 0.025290844962]]
    spectral_contrast:
        mean: [-8.43626608571e-08, -2.43759615159e-07, -2.84274307205e-07, 8.29960029591e-08, 3.72598350395e-07, -3.79667739026e-07, 2.74346848528e-06, 2.83381973532e-06, 6.34442926639e-07, 2.22256016968e-06, 2.40892859438e-06, 2.17071800535e-07]
        var: [0.000350967486156, 0.000578520586714, 0.00129830185324, 0.002443325473, 0.00384965725243, 0.00393414217979, 0.0400328785181, 0.0628011971712, 0.0995496734977, 0.183582514524, 0.329146564007, 1.37436342239]

rhythm:
    beats_loudness:
        dmean: 0.00262557854876
        dmean2: 0.00438261311501
        dvar: 4.18679474024e-06
        dvar2: 1.44553614518e-05
        max: 0.0104660671204
        mean: 0.0054911468178
        min: 0.00241056340747
        var: 4.62942853119e-06
    beats_loudness_bass:
        dmean: 0.322681993246
        dmean2: 0.595351576805
        dvar: 0.0282448213547
        dvar2: 0.0805892348289
        max: 0.690232217312
        mean: 0.447150439024
        min: 0.0142349358648
        var: 0.046590257436
    bpm: 94.1477127075
    bpm_confidence: 0
    first_peak_bpm: 94
    first_peak_spread: 0.111111164093
    first_peak_weight: 0.470588237047
    onset_rate: 5.78206348419
    second_peak_bpm: 125
    second_peak_spread: 0
    second_peak_weight: 0.470588237047
    beats_position: [0.314933925867, 0.952232658863, 1.58953142166, 2.22683024406, 2.86412882805, 3.50142788887, 4.13872671127, 4.77602529526, 5.41332387924, 6.07657384872, 6.55554533005, 7.03451728821, 7.51348924637, 7.99246025085, 8.4714307785, 8.9504032135, 9.42937469482, 9.90834617615]
    bpm_estimates: [94.2387924194, 93.9872817993, 94.035774231, 94.0517425537, 94.0545501709, 94.5181503296]
    bpm_intervals: [0.637298703194, 0.637298762798, 0.637298822403, 0.637298583984, 0.637299060822, 0.637298822403, 0.637298583984, 0.637298583984, 0.663249969482, 0.478971481323, 0.47897195816, 0.47897195816, 0.478971004486, 0.478970527649, 0.478972434998, 0.478971481323, 0.478971481323]
    onset_times: [0.0696598663926, 0.301859408617, 0.441179126501, 0.777868509293, 0.952018141747, 1.10294783115, 1.26548755169, 1.4164172411, 1.72988665104, 1.91564631462, 2.0549659729, 2.22911572456, 2.36843538284, 2.54258513451, 2.69351482391, 2.84444451332, 3.00698423386, 3.33206343651, 3.49460315704, 3.65714287758, 3.81968259811, 3.97061228752, 4.15637207031, 4.29569149017, 4.48145103455, 4.62077093124, 4.79492044449, 4.93424034119, 5.10838985443, 5.24770975113, 5.42185926437, 5.5727891922, 5.88625860214, 6.06040811539, 6.22294807434, 6.38548755646, 6.54802703857, 6.72217702866, 6.86149644852, 7.04725646973, 7.18657588959, 7.33750581741, 7.4884352684, 7.66258525848, 7.81351470947, 7.97605419159, 8.12698459625, 8.31274414062, 8.46367359161, 8.62621307373, 8.77714252472, 8.95129299164, 9.10222244263, 9.26476192474, 9.41569137573, 9.6014509201, 9.74077129364, 9.90331077576]
    rubato_start: [6.55554533005]
    rubato_stop: [7.03451728821]
    perceptual_tempo: "unknown"

sfx:
    inharmonicity:
        dmean: 0.0389085970819
        dmean2: 0.0713400319219
        dvar: 0.00234817364253
        dvar2: 0.00693079410121
        max: 0.411363303661
        mean: 0.0367614254355
        min: 0
        var: 0.00192527868785
    oddtoevenharmonicenergyratio:
        dmean: 4.82620668411
        dmean2: 9.24291038513
        dvar: 381.300201416
        dvar2: 1046.47375488
        max: 166.532226562
        mean: 3.59550309181
        min: 0
        var: 314.903625488
    pitch_after_max_to_before_max_energy_ratio: 1.61545503139
    pitch_centroid: 207.973999023
    pitch_max_to_total: 0.45581394434
    pitch_min_to_total: 0.125581398606
    tristimulus:
        dmean: [0.2554500103, 0.255477875471, 0.10259514302]
        dmean2: [0.453591525555, 0.447604984045, 0.180395111442]
        dvar: [0.0365753769875, 0.0374656543136, 0.00826236233115]
        dvar2: [0.0991061851382, 0.110065191984, 0.022493282333]
        max: [1, 0.939128994942, 0.495557039976]
        mean: [0.449006080627, 0.409724205732, 0.119552060962]
        min: [0.0154446605593, 0, 0]
        var: [0.0587252192199, 0.0543167628348, 0.0115471538156]

tonal:
    chords_changes_rate: 0
    chords_number_rate: 0.00462962966412
    chords_strength:
        dmean: 0.00730938557535
        dmean2: 0.00871288310736
        dvar: 2.8710519473e-05
        dvar2: 4.79195659864e-05
        max: 0.802083492279
        mean: 0.684450864792
        min: 0.581624686718
        var: 0.00358406011946
    key_strength: 0.738654851913
    tuning_diatonic_strength: 0.607800126076
    tuning_equal_tempered_deviation: 0.240799248219
    tuning_frequency: 434.695007324
    tuning_nontempered_energy_ratio: 0.915690660477
    hpcp:
        dmean: [0.0764644742012, 0.0875413790345, 0.101604320109, 0.141009017825, 0.169667512178, 0.119727425277, 0.0949661955237, 0.119128897786, 0.173594802618, 0.271606057882, 0.284992367029, 0.191681578755, 0.0923349633813, 0.112630188465, 0.196689590812, 0.241733923554, 0.174267843366, 0.143330574036, 0.181824162602, 0.199164614081, 0.24659602344, 0.250731796026, 0.163641884923, 0.107680574059, 0.115186028183, 0.12293419987, 0.0992610380054, 0.087010666728, 0.127113983035, 0.208368495107, 0.25009560585, 0.277933895588, 0.253001093864, 0.200064703822, 0.120876386762, 0.0778396502137]
        dmean2: [0.134467050433, 0.159099698067, 0.178271487355, 0.242622256279, 0.284809887409, 0.201823011041, 0.157589316368, 0.211943104863, 0.299859166145, 0.449725031853, 0.486216753721, 0.310542106628, 0.161749362946, 0.210842192173, 0.37190297246, 0.448067426682, 0.305650740862, 0.258821934462, 0.31884983182, 0.341719180346, 0.410808801651, 0.426682025194, 0.296682864428, 0.18196298182, 0.201347187161, 0.207187995315, 0.162017941475, 0.146331250668, 0.229358047247, 0.372141808271, 0.436830550432, 0.471263587475, 0.432097405195, 0.345477879047, 0.214541241527, 0.137118279934]
        dvar: [0.0173926781863, 0.0201948471367, 0.0189991351217, 0.0253974422812, 0.0362700223923, 0.0210080221295, 0.0137942712754, 0.0252066664398, 0.0293157622218, 0.0394497066736, 0.0644352063537, 0.0215014722198, 0.0137889804319, 0.023893000558, 0.0592127479613, 0.080398157239, 0.0400287099183, 0.0482101365924, 0.0407613962889, 0.0330833345652, 0.0472410283983, 0.0644435063004, 0.0429684743285, 0.0228065997362, 0.0245100650936, 0.0293958522379, 0.0228700358421, 0.0174098964781, 0.0374135412276, 0.0554088540375, 0.0532583110034, 0.0549324564636, 0.0623287558556, 0.0571642294526, 0.0343694016337, 0.0131144188344]
        dvar2: [0.0481110215187, 0.0550648197532, 0.0496061220765, 0.067462772131, 0.099158257246, 0.0533683598042, 0.0333595313132, 0.070454634726, 0.0756143331528, 0.105970062315, 0.153797864914, 0.0565138459206, 0.0384166054428, 0.0692235454917, 0.161681756377, 0.21457773447, 0.105650961399, 0.133069097996, 0.120957098901, 0.0935497134924, 0.114136599004, 0.155579984188, 0.119485139847, 0.0588491037488, 0.06108161062, 0.0733952894807, 0.0506817474961, 0.0453651510179, 0.101807080209, 0.153264611959, 0.126786336303, 0.148839667439, 0.149693608284, 0.135752126575, 0.0964313521981, 0.0345443598926]
        max: [1, 0.93495464325, 1, 0.940509140491, 1, 1, 0.811982750893, 0.964907228947, 1, 1, 1, 1, 0.872041106224, 0.878126680851, 1, 1, 1, 1, 1, 1, 1, 1, 1, 1, 0.895391762257, 1, 1, 1, 1, 1, 1, 1, 1, 1, 1, 0.754985332489]
        mean: [0.0698021352291, 0.0752813741565, 0.102532617748, 0.194435894489, 0.226797446609, 0.146930739284, 0.105515196919, 0.112390428782, 0.217191636562, 0.548146426678, 0.681724071503, 0.35068872571, 0.0990762114525, 0.0922477543354, 0.150188550353, 0.19808062911, 0.162928640842, 0.129346832633, 0.208412572742, 0.297132104635, 0.323869585991, 0.268634706736, 0.14447940886, 0.0988670215011, 0.112675994635, 0.121148832142, 0.109089843929, 0.0858331099153, 0.102654844522, 0.197302237153, 0.370699614286, 0.422573536634, 0.321019142866, 0.209250420332, 0.118660002947, 0.0790260508657]
        min: [0.00251656817272, 0.00268619158305, 0.00803782604635, 0.0161579139531, 0.0133950849995, 0.00929043442011, 0.00268230517395, 0.00383741897531, 0.00956472661346, 0.0147191509604, 0.0183276236057, 0.0154030947015, 0.00476229563355, 0.00361045077443, 0.00437272246927, 0.0048158778809, 0.00502022495493, 0.00505944201723, 0.00380831863731, 0.0040585482493, 0.00261901528575, 0.000577147526201, 0.000834767357446, 0.00161767087411, 0.00219484046102, 0.0023765086662, 0.00272385007702, 0.00212117726915, 0.00115147256292, 0.00256250542589, 0.00319059262984, 0.0274141468108, 0.0121880257502, 0.00422333925962, 0.00460027949885, 0.00251983082853]
        var: [0.0123298475519, 0.0143202766776, 0.016581075266, 0.030368803069, 0.0453538559377, 0.0241959933192, 0.0179083105177, 0.021858189255, 0.0365769863129, 0.0816465094686, 0.104526072741, 0.0392330363393, 0.0117385080084, 0.0178262107074, 0.0459039062262, 0.0697490349412, 0.0424596555531, 0.0366725698113, 0.0422307103872, 0.0516348332167, 0.0782068148255, 0.081946477294, 0.0344438254833, 0.0207640267909, 0.0237911697477, 0.0306003242731, 0.0291282273829, 0.0167722832412, 0.0284415129572, 0.0534349940717, 0.0911142751575, 0.0930794104934, 0.0947996228933, 0.0745996013284, 0.0284326765686, 0.0106608653441]
    chords_histogram: [100, 0, 0, 0, 0, 0, 0, 0, 0, 0, 0, 0, 0, 0, 0, 0, 0, 0, 0, 0, 0, 0, 0, 0]
    thpcp: [1, 0.514414489269, 0.145331829786, 0.135315388441, 0.220306947827, 0.290558367968, 0.23899500072, 0.189734876156, 0.30571398139, 0.435853928328, 0.475074291229, 0.394051969051, 0.211932390928, 0.145024985075, 0.165280938148, 0.177709490061, 0.160020530224, 0.125905945897, 0.150581225753, 0.28941655159, 0.543767809868, 0.619860053062, 0.470893085003, 0.306942969561, 0.174058690667, 0.115920871496, 0.10239059478, 0.110427923501, 0.150401934981, 0.285212010145, 0.332682162523, 0.215528160334, 0.154776990414, 0.164862051606, 0.318591713905, 0.80405908823]
    chords_key: "C"
    chords_scale: "minor"
    key_key: "C"
    key_scale: "minor"
    chords_progression: ["Cm", "Cm", "Cm", "Cm", "Cm", "Cm", "Cm", "Cm", "Cm", "Cm", "Cm", "Cm", "Cm", "Cm", "Cm", "Cm", "Cm", "Cm", "Cm", "Cm", "Cm", "Cm", "Cm", "Cm", "Cm", "Cm", "Cm", "Cm", "Cm", "Cm", "Cm", "Cm", "Cm", "Cm", "Cm", "Cm", "Cm", "Cm", "Cm", "Cm", "Cm", "Cm", "Cm", "Cm", "Cm", "Cm", "Cm", "Cm", "Cm", "Cm", "Cm", "Cm", "Cm", "Cm", "Cm", "Cm", "Cm", "Cm", "Cm", "Cm", "Cm", "Cm", "Cm", "Cm", "Cm", "Cm", "Cm", "Cm", "Cm", "Cm", "Cm", "Cm", "Cm", "Cm", "Cm", "Cm", "Cm", "Cm", "Cm", "Cm", "Cm", "Cm", "Cm", "Cm", "Cm", "Cm", "Cm", "Cm", "Cm", "Cm", "Cm", "Cm", "Cm", "Cm", "Cm", "Cm", "Cm", "Cm", "Cm", "Cm", "Cm", "Cm", "Cm", "Cm", "Cm", "Cm", "Cm", "Cm", "Cm", "Cm", "Cm", "Cm", "Cm", "Cm", "Cm", "Cm", "Cm", "Cm", "Cm", "Cm", "Cm", "Cm", "Cm", "Cm", "Cm", "Cm", "Cm", "Cm", "Cm", "Cm", "Cm", "Cm", "Cm", "Cm", "Cm", "Cm", "Cm", "Cm", "Cm", "Cm", "Cm", "Cm", "Cm", "Cm", "Cm", "Cm", "Cm", "Cm", "Cm", "Cm", "Cm", "Cm", "Cm", "Cm", "Cm", "Cm", "Cm", "Cm", "Cm", "Cm", "Cm", "Cm", "Cm", "Cm", "Cm", "Cm", "Cm", "Cm", "Cm", "Cm", "Cm", "Cm", "Cm", "Cm", "Cm", "Cm", "Cm", "Cm", "Cm", "Cm", "Cm", "Cm", "Cm", "Cm", "Cm", "Cm", "Cm", "Cm", "Cm", "Cm", "Cm", "Cm", "Cm", "Cm", "Cm", "Cm", "Cm", "Cm", "Cm", "Cm", "Cm", "Cm", "Cm", "Cm", "Cm", "Cm", "Cm", "Cm", "Cm", "Cm", "Cm", "Cm", "Cm", "Cm", "Cm", "Cm"]
