
metadata:
    version:
        essentia: "1.2.2"
    audio_properties:
        analysis_sample_rate: 44100
        bitrate: 128
        channels: 2
        equal_loudness: 1
        length: 10.0048980713
        replay_gain: -13.056936264
        downmix: "mix"
    tags:
        track: 23
        year: 0
        album: "Splitted by Mp3Splt v. 2.1"
        artist: "From 003.40 To 003.50"
        comment: "http://mp3splt.sf.net"
        genre: ""
        title: "10 Queen of Hollywood.mp3"

highlevel:
    ballroom:
        all:
            ChaChaCha: 0.0452508479357
            Jive: 0.550325572491
            Quickstep: 0.143815308809
            Rumba-American: 0.0099531756714
            Rumba-International: 0.0289678331465
            Rumba-Misc: 0.0354353263974
            Samba: 0.095071233809
            Tango: 0.00647567072883
            VienneseWaltz: 0.0735404863954
            Waltz: 0.0111645627767
        probability: 0.550325572491
        value: "Jive"
    culture:
        all:
            non_western: 0.00276959477924
            western: 0.997230410576
        probability: 0.997230410576
        value: "western"
    gender:
        all:
            female: 0.302320480347
            male: 0.697679519653
        probability: 0.697679519653
        value: "male"
    genre_dortmund:
        all:
            alternative: 0.136994063854
            blues: 0.00891928002238
            electronic: 0.0202181637287
            folkcountry: 0.180086329579
            funksoulrnb: 0.0219651516527
            jazz: 0.0137146804482
            pop: 0.228317052126
            raphiphop: 0.00564446579665
            rock: 0.384140789509
        probability: 0.384140789509
        value: "rock"
    genre_electronica:
        all:
            ambient: 0.24194675684
            dnb: 0.146933108568
            house: 0.0275301486254
            techno: 0.00971846003085
            trance: 0.57387149334
        probability: 0.57387149334
        value: "trance"
    genre_rosamerica:
        all:
            cla: 0.00803873501718
            dan: 0.0732235834002
            hip: 0.00306575931609
            jaz: 0.00705853337422
            pop: 0.68136537075
            rhy: 0.029311189428
            roc: 0.195933505893
            spe: 0.00200331676751
        probability: 0.68136537075
        value: "pop"
    genre_tzanetakis:
        all:
            blu: 0.00512189231813
            cla: 0.00792540144175
            cou: 0.13242726028
            dis: 0.0778589993715
            hip: 0.00187268806621
            jaz: 0.0247364845127
            met: 0.00630478467792
            pop: 0.517277479172
            reg: 0.007359190844
            roc: 0.219115808606
        probability: 0.517277479172
        value: "pop"
    live_studio:
        all:
            live: 0.746233701706
            studio: 0.253766298294
        probability: 0.746233701706
        value: "live"
    mood:
        all:
            Cluster1: 0.307278096676
            Cluster2: 0.348610579967
            Cluster3: 0.11986117065
            Cluster4: 0.165123105049
            Cluster5: 0.059127047658
        probability: 0.348610579967
        value: "Cluster2"
    mood_acoustic:
        all:
            acoustic: 0.0681557580829
            not_acoustic: 0.931844234467
        probability: 0.931844234467
        value: "not_acoustic"
    mood_aggressive:
        all:
            aggressive: 0.131147474051
            not_aggressive: 0.868852555752
        probability: 0.868852555752
        value: "not_aggressive"
    mood_electronic:
        all:
            electronic: 0.121749043465
            not_electronic: 0.878250956535
        probability: 0.878250956535
        value: "not_electronic"
    mood_happy:
        all:
            happy: 0.917133152485
            not_happy: 0.0828668251634
        probability: 0.917133152485
        value: "happy"
    mood_party:
        all:
            not_party: 0.709151268005
            party: 0.290848731995
        probability: 0.709151268005
        value: "not_party"
    mood_relaxed:
        all:
            not_relaxed: 0.731528222561
            relaxed: 0.268471777439
        probability: 0.731528222561
        value: "not_relaxed"
    mood_sad:
        all:
            not_sad: 0.531542360783
            sad: 0.468457609415
        probability: 0.531542360783
        value: "not_sad"
    rhythm:
        all:
            fast: 0.936089158058
            medium: 0.0568831115961
            slow: 0.00702773220837
        probability: 0.936089158058
        value: "fast"
    speech_music:
        all:
            music: 0.999630391598
            speech: 0.000369607238099
        probability: 0.999630391598
        value: "music"
    timbre:
        all:
            bright: 0.999997854233
            dark: 2.16535931941e-06
        probability: 0.999997854233
        value: "bright"
    voice_instrumental:
        all:
            instrumental: 0.0025463278871
            voice: 0.997453689575
        probability: 0.997453689575
        value: "voice"

lowlevel:
    average_loudness: 0.969994783401
    barkbands_kurtosis:
        dmean: 0.698038041592
        dmean2: 1.06833195686
        dvar: 0.819931387901
        dvar2: 1.61676979065
        max: 6.51931667328
        mean: -0.226186573505
        min: -1.86300432682
        var: 2.29486703873
    barkbands_skewness:
        dmean: 0.323421657085
        dmean2: 0.481174051762
        dvar: 0.0797401443124
        dvar2: 0.193520411849
        max: 2.61106538773
        mean: 0.616997718811
        min: -0.917812287807
        var: 0.355003833771
    barkbands_spread:
        dmean: 5.03744983673
        dmean2: 7.07174301147
        dvar: 22.0801315308
        dvar2: 45.5047798157
        max: 58.8352546692
        mean: 28.3051624298
        min: 6.66608572006
        var: 114.476737976
    dissonance:
        dmean: 0.0222069323063
        dmean2: 0.0359785147011
        dvar: 0.000392707879655
        dvar2: 0.00102209323086
        max: 0.49825528264
        mean: 0.451092809439
        min: 0.35081744194
        var: 0.000839459185954
    hfc:
        dmean: 1.61259233952
        dmean2: 2.29421949387
        dvar: 3.12371206284
        dvar2: 5.45720529556
        max: 22.9335041046
        mean: 7.24568414688
        min: 0.791052520275
        var: 14.84071064
    pitch:
        dmean: 297.235626221
        dmean2: 573.830810547
        dvar: 773840
        dvar2: 2037056.625
        max: 4900
        mean: 524.760070801
        min: 72.0588226318
        var: 946926.75
    pitch_instantaneous_confidence:
        dmean: 0.0859211236238
        dmean2: 0.129603773355
        dvar: 0.0064388117753
        dvar2: 0.0141177624464
        max: 0.841081738472
        mean: 0.453785955906
        min: 0.144710361958
        var: 0.0255232863128
    pitch_salience:
        dmean: 0.0551621578634
        dmean2: 0.0906092748046
        dvar: 0.00234817876481
        dvar2: 0.0060315374285
        max: 0.786628365517
        mean: 0.618564903736
        min: 0.380456775427
        var: 0.00561943463981
    silence_rate_20dB:
        dmean: 0
        dmean2: 0
        dvar: 0
        dvar2: 0
        max: 1
        mean: 1
        min: 1
        var: 0
    silence_rate_30dB:
        dmean: 0
        dmean2: 0
        dvar: 0
        dvar2: 0
        max: 1
        mean: 1
        min: 1
        var: 0
    silence_rate_60dB:
        dmean: 0.0720930248499
        dmean2: 0.144522145391
        dvar: 0.0668957307935
        dvar2: 0.137620911002
        max: 1
        mean: 0.139211133122
        min: 0
        var: 0.119830995798
    spectral_centroid:
        dmean: 208.025985718
        dmean2: 300.160461426
        dvar: 53406.0664062
        dvar2: 110975.609375
        max: 3235.61474609
        mean: 1314.13830566
        min: 465.914733887
        var: 211639.984375
    spectral_complexity:
        dmean: 2.48364496231
        dmean2: 3.92037463188
        dvar: 4.58616828918
        dvar2: 9.81099033356
        max: 32
        mean: 14.3589744568
        min: 4
        var: 23.0879383087
    spectral_crest:
        dmean: 2.00229406357
        dmean2: 3.26546263695
        dvar: 3.24511432648
        dvar2: 8.21214103699
        max: 18.115819931
        mean: 6.99957847595
        min: 2.70260000229
        var: 6.90168762207
    spectral_decrease:
        dmean: 3.15810044782e-10
        dmean2: 4.65406435612e-10
        dvar: 1.16589957041e-19
        dvar2: 2.681395136e-19
        max: -2.00033822839e-10
        mean: -1.2912250158e-09
        min: -3.57279494878e-09
        var: 3.22944907922e-19
    spectral_energy:
        dmean: 0.00130275252741
        dmean2: 0.00190339924302
        dvar: 1.9592857825e-06
        dvar2: 4.43838280262e-06
        max: 0.014959231019
        mean: 0.00553058460355
        min: 0.000826724572107
        var: 5.74352452531e-06
    spectral_energyband_high:
        dmean: 0.000174228087417
        dmean2: 0.000239126311499
        dvar: 6.17829556404e-08
        dvar2: 1.00903712053e-07
        max: 0.003003455
        mean: 0.000435660214862
        min: 3.48774992744e-05
        var: 2.7275510206e-07
    spectral_energyband_low:
        dmean: 0.000125740101794
        dmean2: 0.000211857666727
        dvar: 4.41324736755e-08
        dvar2: 1.10590072211e-07
        max: 0.00194428674877
        mean: 0.000238866006839
        min: 1.22560186355e-06
        var: 5.71702294394e-08
    spectral_energyband_middle_high:
        dmean: 0.00050581159303
        dmean2: 0.000786628806964
        dvar: 4.77206810956e-07
        dvar2: 9.479763321e-07
        max: 0.00880940817297
        mean: 0.00199463870376
        min: 0.00020248068904
        var: 1.67167331711e-06
    spectral_energyband_middle_low:
        dmean: 0.00098205555696
        dmean2: 0.00150005274918
        dvar: 1.31542128656e-06
        dvar2: 3.12167003358e-06
        max: 0.0105498358607
        mean: 0.00286140944809
        min: 0.000454191846075
        var: 3.01697014038e-06
    spectral_flatness_db:
        dmean: 0.0135586280376
        dmean2: 0.0203994493932
        dvar: 0.000149133426021
        dvar2: 0.000297263992252
        max: 0.196935400367
        mean: 0.136691302061
        min: 0.0680834576488
        var: 0.000594756391365
    spectral_flux:
        dmean: 0.00856423843652
        dmean2: 0.013581585139
        dvar: 7.78340036049e-05
        dvar2: 0.000184723554412
        max: 0.0968451797962
        mean: 0.0409866683185
        min: 0.0163663048297
        var: 0.000195173430257
    spectral_kurtosis:
        dmean: 0.894220709801
        dmean2: 1.39919054508
        dvar: 0.969949126244
        dvar2: 2.12987327576
        max: 9.6110496521
        mean: 3.1344306469
        min: -0.495227575302
        var: 3.55786156654
    spectral_rms:
        dmean: 0.000267358700512
        dmean2: 0.000386666681152
        dvar: 6.81573339989e-08
        dvar2: 1.46512959986e-07
        max: 0.00382025795989
        mean: 0.00226794276386
        min: 0.000898087164387
        var: 2.52132480227e-07
    spectral_rolloff:
        dmean: 479.264343262
        dmean2: 749.930114746
        dvar: 304288.625
        dvar2: 583891.75
        max: 5749.36523438
        mean: 2615.65673828
        min: 559.86328125
        var: 1224061.75
    spectral_skewness:
        dmean: 0.17525601387
        dmean2: 0.250690579414
        dvar: 0.0383657291532
        dvar2: 0.0716686397791
        max: 2.55404901505
        mean: 1.48591709137
        min: 0.381159961224
        var: 0.182573631406
    spectral_spread:
        dmean: 451231.8125
        dmean2: 609687.25
        dvar: 209261707264
        dvar2: 306002165760
        max: 10685872
        mean: 5713923.5
        min: 3261506.75
        var: 1.51464470118e+12
    spectral_strongpeak:
        dmean: 0.409880369902
        dmean2: 0.698846757412
        dvar: 0.405808329582
        dvar2: 0.994428873062
        max: 5.37978649139
        mean: 0.748032450676
        min: 0.0270400438458
        var: 0.541208803654
    zerocrossingrate:
        dmean: 0.0087377242744
        dmean2: 0.00907151121646
        dvar: 6.61691228743e-05
        dvar2: 6.53881870676e-05
        max: 0.1728515625
        mean: 0.0815042704344
        min: 0.0322265625
        var: 0.000587837421335
    barkbands:
        dmean: [1.87610311286e-07, 4.78713081975e-05, 9.56474323175e-05, 0.000148916282342, 0.000354786898242, 0.000365506508388, 0.000177987996722, 0.000249179283855, 0.000228405187954, 0.000216011656448, 0.000143564029713, 0.000137360824738, 6.52895978419e-05, 0.000121439719805, 0.000137017210363, 7.21013711882e-05, 0.000105384118797, 7.13893750799e-05, 8.08822296676e-05, 0.000119075477414, 7.3268871347e-05, 4.12172084907e-05, 1.10631190182e-05, 3.26922531713e-06, 1.42951000726e-06, 4.95011285295e-08, 1.15569598336e-09]
        dmean2: [3.13433588417e-07, 8.13501828816e-05, 0.000159553252161, 0.000244074166403, 0.000560571497772, 0.000585985486396, 0.000278484250885, 0.000392913760152, 0.000355607218808, 0.000351058697561, 0.000233328450122, 0.000215769890929, 0.000106106461317, 0.000204473937629, 0.000220473302761, 0.000120068616525, 0.00016720329586, 0.000114035545266, 0.000129686726723, 0.000181881623575, 0.000106099199911, 6.33722665953e-05, 1.64468565345e-05, 4.75456363347e-06, 2.10425037039e-06, 7.25581301708e-08, 1.46038448001e-09]
        dvar: [5.65129269336e-13, 1.01651993489e-08, 2.2023003865e-08, 4.90123746033e-08, 3.23366492694e-07, 2.07417642173e-07, 7.9610096293e-08, 1.69448455267e-07, 2.8569013466e-07, 2.27320484214e-07, 2.73240772231e-07, 1.31378712354e-07, 1.75524146329e-08, 3.61847938279e-08, 5.46083569475e-08, 2.0088785746e-08, 2.66888005029e-08, 9.23210752291e-09, 8.52523918127e-09, 2.43930120547e-08, 1.60412820804e-08, 5.99089222675e-09, 3.97777866201e-10, 4.65937601002e-11, 5.23124642562e-12, 5.84908987903e-15, 1.9130085589e-16]
        dvar2: [1.17788342014e-12, 2.70219739917e-08, 5.67309470512e-08, 1.16265077565e-07, 7.11499353656e-07, 5.62682714644e-07, 1.64962330018e-07, 3.92084615441e-07, 6.13263125615e-07, 6.32648095689e-07, 6.47364402084e-07, 3.50085400669e-07, 4.40089138465e-08, 8.41263911866e-08, 1.20898405953e-07, 5.1389331901e-08, 6.30628278486e-08, 2.31035333087e-08, 2.04159302797e-08, 4.94887331115e-08, 2.77462941511e-08, 1.32567992139e-08, 8.33015600943e-10, 1.01382971462e-10, 1.09189922728e-11, 1.29885565262e-14, 1.91541386777e-16]
        max: [9.78525986284e-06, 0.000785574899055, 0.00141187116969, 0.00181949941907, 0.00486656930298, 0.00491955457255, 0.00382101675496, 0.00446405541152, 0.00576955126598, 0.00591288274154, 0.00642816210166, 0.00508444756269, 0.00142266217154, 0.0015907358611, 0.00267406972125, 0.00178387237247, 0.00187015160918, 0.00131986266933, 0.00124145182781, 0.00231924769469, 0.00150470715016, 0.000930604757741, 0.000248384982115, 0.00011281472689, 3.70574271074e-05, 7.9413456433e-07, 2.87357067918e-07]
        mean: [1.40898009704e-07, 6.73153190291e-05, 0.000171423438587, 0.000230129226111, 0.000655925774481, 0.000662005099002, 0.00034189314465, 0.000470824510558, 0.000366191699868, 0.000367127795471, 0.000196387409233, 0.000247694959398, 0.00010969057621, 0.000172435276909, 0.000256710598478, 0.000109169748612, 0.00020871651941, 0.000163161443197, 0.000194806503714, 0.00026070518652, 0.000162326512509, 7.93152285041e-05, 2.4042381483e-05, 8.69393898029e-06, 3.64416314369e-06, 1.10970525213e-07, 1.28788568698e-09]
        min: [1.02122414691e-10, 3.64455097213e-08, 8.81550704435e-07, 3.65644427802e-06, 3.29860704369e-05, 2.01775383175e-05, 5.51954872208e-06, 1.69620500401e-06, 8.24953167466e-06, 5.78521485295e-06, 2.46786407843e-06, 4.68487405669e-06, 3.75969875677e-06, 1.4785626945e-06, 4.36091249867e-06, 4.23318306275e-06, 1.15118600661e-05, 7.47544527258e-06, 9.40672634897e-06, 1.5694555259e-05, 8.17172076495e-06, 2.32566594605e-06, 8.87306100594e-07, 4.91004527703e-07, 1.74839826173e-07, 4.92268492636e-09, 5.62335074339e-12]
        var: [4.51627342295e-13, 1.03398374307e-08, 3.12906394129e-08, 6.89960018008e-08, 5.36969139375e-07, 3.40266439025e-07, 2.82479192037e-07, 4.05860390629e-07, 4.25910826607e-07, 3.8827764115e-07, 3.47254172084e-07, 2.02799057547e-07, 3.2149479523e-08, 4.78960231476e-08, 1.42264980241e-07, 2.24021547979e-08, 6.98290776313e-08, 2.85301045011e-08, 2.39553141768e-08, 8.19026837462e-08, 5.09200717147e-08, 1.59112119036e-08, 1.19784271391e-09, 1.35324293438e-10, 1.82642616309e-11, 1.29297419464e-14, 1.91873873679e-16]
    mfcc:
        mean: [-680.782470703, 108.223419189, -30.6478767395, 33.1111412048, -19.8648700714, -5.59664773941, -6.36973667145, -9.06144618988, -4.4765791893, -3.10367441177, -8.14430999756, -7.31350326538, -5.815366745]
        cov: [[715.68536377, -357.368652344, 15.3564720154, 65.404006958, -71.8718795776, 51.1699409485, -66.0464553833, -4.13445425034, -20.1096992493, -37.9093666077, -35.2972869873, -46.9902648926, -12.4538698196], [-357.368652344, 566.114318848, -231.979385376, -121.642173767, 80.9663925171, -41.9185676575, 96.4831466675, 4.77878856659, 30.8197574615, 73.4944839478, 22.2712364197, -5.03704595566, 6.53588008881], [15.3564720154, -231.979385376, 344.76272583, 144.229980469, -42.7957038879, 18.4947662354, -53.5232276917, 4.54769849777, -19.491897583, -40.551738739, 10.6509428024, 48.1039276123, 13.5405569077], [65.404006958, -121.642173767, 144.229980469, 247.578201294, 50.6899642944, -21.4486064911, -32.712562561, 21.404510498, 7.26771068573, -25.9445476532, -33.6532707214, 52.3031539917, 13.7113084793], [-71.8718795776, 80.9663925171, -42.7957038879, 50.6899642944, 161.95451355, -38.0848121643, 22.9918308258, 21.88164711, 29.4433612823, 14.5682792664, -20.0430774689, 27.4502811432, -7.47232151031], [51.1699409485, -41.9185676575, 18.4947662354, -21.4486064911, -38.0848121643, 187.09828186, 54.7548561096, 13.3147783279, -3.6067609787, 6.75562381744, 8.78986549377, -38.839630127, -12.3282842636], [-66.0464553833, 96.4831466675, -53.5232276917, -32.712562561, 22.9918308258, 54.7548561096, 120.876609802, 36.9266853333, 3.39088273048, 24.2447948456, -3.00934123993, -3.64033675194, 0.514493644238], [-4.13445425034, 4.77878856659, 4.54769849777, 21.404510498, 21.88164711, 13.3147783279, 36.9266853333, 75.0936660767, 23.7981147766, -11.9840517044, -10.343875885, 6.35447072983, 9.61602592468], [-20.1096992493, 30.8197574615, -19.491897583, 7.26771068573, 29.4433612823, -3.6067609787, 3.39088273048, 23.7981147766, 77.9072723389, 23.469461441, 2.29706144333, -11.389998436, 1.57525801659], [-37.9093666077, 73.4944839478, -40.551738739, -25.9445476532, 14.5682792664, 6.75562381744, 24.2447948456, -11.9840517044, 23.469461441, 73.8705596924, 22.8276634216, -10.0950574875, -6.60152816772], [-35.2972869873, 22.2712364197, 10.6509428024, -33.6532707214, -20.0430774689, 8.78986549377, -3.00934123993, -10.343875885, 2.29706144333, 22.8276634216, 79.3998336792, 7.52126598358, -2.36241269112], [-46.9902648926, -5.03704595566, 48.1039276123, 52.3031539917, 27.4502811432, -38.839630127, -3.64033675194, 6.35447072983, -11.389998436, -10.0950574875, 7.52126598358, 83.2965545654, 27.9751701355], [-12.4538698196, 6.53588008881, 13.5405569077, 13.7113084793, -7.47232151031, -12.3282842636, 0.514493644238, 9.61602592468, 1.57525801659, -6.60152816772, -2.36241269112, 27.9751701355, 50.9925308228]]
        icov: [[0.00262676202692, 0.00193589949049, 0.0016216931399, -0.000959854805842, 0.000556224316824, -0.000381795602152, 0.00072993390495, -0.00058198987972, 0.000665990402922, -0.000578193517867, 0.00016454035358, 0.00111644959543, -0.000387844105717], [0.00193589949049, 0.00463694380596, 0.00252069742419, -9.60708566708e-05, -0.00059451389825, 0.000730567902792, -0.00150442635641, 0.000157447255333, 0.000214731757296, -0.00154386821669, -0.000766325742006, 0.000809580087662, -0.00137619907036], [0.0016216931399, 0.00252069742419, 0.0066689173691, -0.0032323198393, 0.00185858772602, -0.00104448234197, 0.00115137652028, -0.00073497829726, 0.000576672609895, 0.00020727631636, -0.00164735713042, -0.00152398413047, 8.68411880219e-05], [-0.000959854805842, -9.60708566708e-05, -0.0032323198393, 0.00802319962531, -0.00264395261183, -0.000202609357075, 0.00133752101101, -0.00108600989915, -0.00091839057859, -0.000570747011807, 0.00321100652218, -0.00334236980416, 0.000170642510056], [0.000556224316824, -0.00059451389825, 0.00185858772602, -0.00264395261183, 0.0104799801484, 0.00101246987469, -0.00101632240694, -0.00119075458497, -0.00293565960601, -0.00100469694007, 0.00232901400886, -0.00447201589122, 0.00496666738763], [-0.000381795602152, 0.000730567902792, -0.00104448234197, -0.000202609357075, 0.00101246987469, 0.00835432950407, -0.00540854316205, 0.000422678596806, 5.21547963217e-06, 0.000368311273633, -0.00162566441577, 0.00402754172683, 5.06141695951e-05], [0.00072993390495, -0.00150442635641, 0.00115137652028, 0.00133752101101, -0.00101632240694, -0.00540854316205, 0.0174355376512, -0.00957935489714, 0.00469819270074, -0.00626227166504, 0.00281322957017, -0.00236722221598, 0.000352881877916], [-0.00058198987972, 0.000157447255333, -0.00073497829726, -0.00108600989915, -0.00119075458497, 0.000422678596806, -0.00957935489714, 0.0230981800705, -0.00901313871145, 0.00867930985987, -0.000673698668834, -4.68419966637e-05, -0.00261002639309], [0.000665990402922, 0.000214731757296, 0.000576672609895, -0.00091839057859, -0.00293565960601, 5.21547963217e-06, 0.00469819270074, -0.00901313871145, 0.0200963504612, -0.00796384550631, -0.000871486146934, 0.00543941790238, -0.00322403851897], [-0.000578193517867, -0.00154386821669, 0.00020727631636, -0.000570747011807, -0.00100469694007, 0.000368311273633, -0.00626227166504, 0.00867930985987, -0.00796384550631, 0.0229445863515, -0.00597067177296, 0.00137989292853, 0.000706182152499], [0.00016454035358, -0.000766325742006, -0.00164735713042, 0.00321100652218, 0.00232901400886, -0.00162566441577, 0.00281322957017, -0.000673698668834, -0.000871486146934, -0.00597067177296, 0.0176343359053, -0.00582002894953, 0.00302323396318], [0.00111644959543, 0.000809580087662, -0.00152398413047, -0.00334236980416, -0.00447201589122, 0.00402754172683, -0.00236722221598, -4.68419966637e-05, 0.00543941790238, 0.00137989292853, -0.00582002894953, 0.024303920567, -0.011769044213], [-0.000387844105717, -0.00137619907036, 8.68411880219e-05, 0.000170642510056, 0.00496666738763, 5.06141695951e-05, 0.000352881877916, -0.00261002639309, -0.00322403851897, 0.000706182152499, 0.00302323396318, -0.011769044213, 0.0276398453861]]
    spectral_contrast:
        mean: [8.74010375185e-09, -2.3879198352e-07, -2.02963192919e-07, -1.25939124018e-07, 4.19993909873e-07, -1.10933761732e-07, -2.16188411173e-07, 2.50989046435e-06, 1.170557411e-07, -3.10027508021e-06, -3.05817684421e-06, 1.19084245398e-06]
        var: [0.000716943992302, 0.00124199083075, 0.00128254573792, 0.00235639163293, 0.00369982840493, 0.0041133267805, 0.0469670817256, 0.0666869357228, 0.131159499288, 0.241045296192, 0.333335667849, 0.405258536339]

rhythm:
    beats_loudness:
        dmean: 0.00599950831383
        dmean2: 0.012782801874
        dvar: 9.58691634878e-06
        dvar2: 2.31302419706e-05
        max: 0.0138282747939
        mean: 0.00838322937489
        min: 0.002436947776
        var: 1.2873221749e-05
    beats_loudness_bass:
        dmean: 0.106508009136
        dmean2: 0.219878673553
        dvar: 0.00927902013063
        dvar2: 0.0214572660625
        max: 0.27241486311
        mean: 0.101325266063
        min: 0.0177647210658
        var: 0.00874973181635
    bpm: 91.6207504272
    bpm_confidence: 0
    first_peak_bpm: 91
    first_peak_spread: 0
    first_peak_weight: 0.928571462631
    onset_rate: 4.09799289703
    second_peak_bpm: 86
    second_peak_spread: 0
    second_peak_weight: 0.0714285746217
    beats_position: [0.1241312325, 0.780912697315, 1.43769419193, 2.09447550774, 2.75125694275, 3.40803837776, 4.06481981277, 4.72160148621, 5.3783826828, 6.07279586792, 6.7248339653, 7.37687206268, 8.02890968323, 8.68094825745, 9.33298587799]
    bpm_estimates: [91.5299530029, 91.3516464233, 91.3688583374, 91.3201217651, 91.2326049805, 91.3248138428, 91.8203659058, 92.3522720337, 91.7412567139, 92.1655731201]
    bpm_intervals: [0.656781435013, 0.656781494617, 0.656781315804, 0.656781435013, 0.656781435013, 0.656781435013, 0.656781673431, 0.656781196594, 0.69441318512, 0.652038097382, 0.652038097382, 0.652037620544, 0.652038574219, 0.652037620544]
    onset_times: [0.0580498874187, 0.336689352989, 0.592108845711, 0.754648506641, 1.10294783115, 1.39319729805, 1.64861679077, 1.86920630932, 2.10140585899, 2.32199549675, 2.42648530006, 2.5890250206, 2.71673464775, 2.76317453384, 3.08825397491, 3.40172338486, 3.75002264977, 3.88934230804, 4.07510185242, 4.66721105576, 4.74848079681, 5.38702964783, 5.72371864319, 6.03718805313, 6.37387752533, 6.6989569664, 6.90793657303, 7.34911584854, 7.38394546509, 7.6858048439, 7.91800451279, 8.0224943161, 8.32435417175, 8.68426322937, 8.893242836, 8.99773216248, 9.32281208038, 9.67111110687, 9.78721046448, 9.8800907135, 9.98458003998]
    rubato_start: []
    rubato_stop: []
    perceptual_tempo: "unknown"

sfx:
    inharmonicity:
        dmean: 0.0435926541686
        dmean2: 0.0776464417577
        dvar: 0.00265111005865
        dvar2: 0.0079509569332
        max: 0.315837472677
        mean: 0.0452659986913
        min: 0.000307853188133
        var: 0.00241796020418
    oddtoevenharmonicenergyratio:
        dmean: 318.034179688
        dmean2: 637.135620117
        dvar: 21210794
        dvar2: 63680396
        max: 67534.8828125
        mean: 159.237442017
        min: 0.000399336393457
        var: 10606255
    pitch_after_max_to_before_max_energy_ratio: 1.20190167427
    pitch_centroid: 181.461456299
    pitch_max_to_total: 0.188811182976
    pitch_min_to_total: 0.13752913475
    tristimulus:
        dmean: [0.206780955195, 0.238972619176, 0.113440543413]
        dmean2: [0.365635037422, 0.42179608345, 0.202773958445]
        dvar: [0.0352257750928, 0.0416711308062, 0.0111111216247]
        dvar2: [0.0910366103053, 0.109667770565, 0.0309032667428]
        max: [0.940349459648, 0.973140537739, 0.632490873337]
        mean: [0.36447802186, 0.478056520224, 0.127898976207]
        min: [0.00383325712755, 0, 0]
        var: [0.0468455441296, 0.0541954934597, 0.0156911723316]

tonal:
    chords_changes_rate: 0.0462962947786
    chords_number_rate: 0.0277777779847
    chords_strength:
        dmean: 0.0100022824481
        dmean2: 0.00859979912639
        dvar: 5.39848915651e-05
        dvar2: 6.76445633871e-05
        max: 0.710895895958
        mean: 0.561839044094
        min: 0.388144373894
        var: 0.00580903608352
    key_strength: 0.93263053894
    tuning_diatonic_strength: 0.792553961277
    tuning_equal_tempered_deviation: 0.0315578579903
    tuning_frequency: 440.254241943
    tuning_nontempered_energy_ratio: 0.717002272606
    hpcp:
        dmean: [0.154716879129, 0.138560980558, 0.103050850332, 0.0684587061405, 0.070554934442, 0.120583847165, 0.140035361052, 0.117430493236, 0.115477599204, 0.133193388581, 0.114969395101, 0.106304459274, 0.0996568575501, 0.116748854518, 0.184171363711, 0.233270421624, 0.205917581916, 0.140124961734, 0.0744111314416, 0.0687396898866, 0.0989803820848, 0.126556113362, 0.127218231559, 0.0697856917977, 0.044391028583, 0.0529157333076, 0.1013975963, 0.141591459513, 0.154537081718, 0.208689138293, 0.188409864902, 0.178733289242, 0.0858932510018, 0.0572346970439, 0.0601072534919, 0.104949623346]
        dmean2: [0.2572298944, 0.239329114556, 0.175980448723, 0.119599327445, 0.123801037669, 0.201096653938, 0.237801760435, 0.203356593847, 0.205463498831, 0.221784174442, 0.193262428045, 0.185845658183, 0.159197703004, 0.195126071572, 0.306284934282, 0.414767831564, 0.355236709118, 0.244351252913, 0.127961441875, 0.127931937575, 0.178711369634, 0.209475636482, 0.203206539154, 0.11726192385, 0.076496951282, 0.0894052088261, 0.16986836493, 0.241389617324, 0.248045548797, 0.338554412127, 0.314591169357, 0.300038874149, 0.151235684752, 0.0997347906232, 0.105028927326, 0.173759356141]
        dvar: [0.0307658798993, 0.0232536122203, 0.0245458930731, 0.015746999532, 0.0102684507146, 0.0295447614044, 0.0344237200916, 0.0189471133053, 0.0256136562675, 0.0279370006174, 0.0262522827834, 0.0284489337355, 0.0180341023952, 0.0320476517081, 0.0454564206302, 0.0600637868047, 0.05525149405, 0.0518797114491, 0.0157191567123, 0.0181660614908, 0.0199475996196, 0.0302600730211, 0.0255210716277, 0.0167705751956, 0.00929172243923, 0.0161278471351, 0.0288908611983, 0.0390042699873, 0.0337540954351, 0.0488813221455, 0.0399977825582, 0.0414628125727, 0.020257435739, 0.0102746896446, 0.0122373849154, 0.0207557808608]
        dvar2: [0.0816844627261, 0.0613520853221, 0.0688550174236, 0.0433129891753, 0.0310541428626, 0.0857837796211, 0.0872839838266, 0.0536433458328, 0.0736802741885, 0.0709099024534, 0.0684311911464, 0.0720470994711, 0.0409304685891, 0.0836055502295, 0.10673660785, 0.165272966027, 0.142987966537, 0.12134192884, 0.0408457741141, 0.0550179705024, 0.058274526149, 0.0715142711997, 0.0662113800645, 0.0401664189994, 0.0256150830537, 0.0385753065348, 0.0672895684838, 0.0995768159628, 0.0813851878047, 0.122588708997, 0.0953548848629, 0.108077540994, 0.0527687557042, 0.0276949312538, 0.0345563367009, 0.055293712765]
        max: [1, 1, 1, 1, 0.634076058865, 1, 1, 1, 1, 1, 1, 1, 1, 1, 1, 1, 1, 1, 1, 1, 0.935240626335, 1, 1, 0.930289208889, 0.825934529305, 1, 1, 1, 1, 1, 1, 1, 1, 0.879192769527, 1, 1]
        mean: [0.263419419527, 0.228319764137, 0.12909129262, 0.08794516325, 0.07711802423, 0.171395242214, 0.251154720783, 0.18430095911, 0.172830849886, 0.221422493458, 0.161445319653, 0.126651927829, 0.143635466695, 0.140272274613, 0.280663400888, 0.465540647507, 0.353853672743, 0.143411457539, 0.0693238303065, 0.0589131601155, 0.151304408908, 0.260828912258, 0.201648458838, 0.0869854614139, 0.0449993945658, 0.0528206042945, 0.142142578959, 0.209426403046, 0.223636612296, 0.351381987333, 0.422531694174, 0.245841428638, 0.0902995094657, 0.0650929883122, 0.0644501820207, 0.142997488379]
        min: [0.00296998908743, 0.00417214166373, 0.00435724854469, 0.00171055598184, 0.00208532740362, 0.00468850834295, 0.00450906902552, 0.0106846718118, 0.00393743393943, 0.00245643337257, 0.00237606302835, 0.00279194791801, 0.00128318264615, 0.00242964806966, 0.00506020151079, 0.00849401857704, 0.00616974430159, 0.000894326192793, 0.00121930555906, 0.00135557958856, 0.00242891232483, 0.00630312785506, 0.00460739247501, 0.00090912845917, 0.000755894987378, 0.000990128726698, 0.00250237435102, 0.00276969000697, 0.00513554317877, 0.00119692680892, 0.00115087244194, 0.0021920974832, 0.00284902239218, 0.00180958048441, 0.000851248798426, 0.00533771747723]
        var: [0.0674699395895, 0.0440484583378, 0.0277416873723, 0.0168628431857, 0.00803625490516, 0.0349037013948, 0.0806446522474, 0.0405576266348, 0.0436733923852, 0.0650199428201, 0.0393866598606, 0.0356331653893, 0.0437058024108, 0.0336802713573, 0.0623288787901, 0.122027985752, 0.0939414128661, 0.0506970696151, 0.0146189257503, 0.0127156665549, 0.0313048176467, 0.0809545591474, 0.0472308546305, 0.0195871349424, 0.00736658973619, 0.0182161256671, 0.0483392477036, 0.0714292898774, 0.0585661791265, 0.101693719625, 0.12591420114, 0.0640119239688, 0.0185167565942, 0.00879170093685, 0.00935925915837, 0.0271700900048]
    chords_histogram: [54.1666679382, 5.55555534363, 8.79629611969, 0, 0, 0, 0, 0, 0, 0, 0, 0, 0, 0, 0, 0, 0, 0, 0, 0, 0, 12.0370368958, 12.0370368958, 7.40740728378]
    thpcp: [1, 0.760091900826, 0.308053582907, 0.148910373449, 0.126547828317, 0.325007945299, 0.560270965099, 0.433148980141, 0.186848267913, 0.0966605097055, 0.11346077919, 0.305327951908, 0.449856311083, 0.480380415916, 0.754782617092, 0.907615065575, 0.528077244759, 0.193966969848, 0.139822348952, 0.138441577554, 0.307164341211, 0.565835475922, 0.490440011024, 0.277293264866, 0.188909739256, 0.165652617812, 0.368163853884, 0.539490401745, 0.395885854959, 0.371247589588, 0.475624412298, 0.346791028976, 0.272053420544, 0.308534741402, 0.301310479641, 0.602876245975]
    chords_key: "G"
    chords_scale: "major"
    key_key: "G"
    key_scale: "major"
    chords_progression: ["Am", "Am", "Am", "Am", "Am", "Am", "Am", "Am", "Am", "Am", "Am", "Am", "Am", "Am", "Am", "Am", "Am", "Am", "Am", "Am", "Am", "Am", "Am", "Am", "Am", "Am", "D", "D", "D", "D", "D", "D", "D", "D", "D", "D", "D", "D", "G", "D", "D", "D", "D", "D", "D", "D", "G", "G", "G", "G", "G", "G", "G", "G", "G", "G", "G", "G", "G", "G", "G", "G", "G", "G", "G", "Em", "Em", "Em", "Em", "Em", "Em", "Em", "Em", "Em", "Em", "Em", "Em", "Em", "Em", "Em", "Em", "G", "G", "G", "G", "G", "G", "G", "G", "G", "G", "G", "G", "G", "Bm", "Bm", "Bm", "Bm", "Bm", "G", "G", "G", "G", "G", "G", "G", "G", "G", "G", "G", "G", "G", "G", "G", "G", "G", "G", "G", "G", "G", "G", "G", "G", "G", "G", "G", "G", "G", "G", "G", "G", "G", "G", "G", "G", "G", "G", "G", "G", "G", "G", "G", "G", "G", "G", "G", "G", "G", "G", "G", "G", "G", "G", "G", "G", "G", "G", "G", "G", "G", "G", "G", "G", "G", "G", "G", "G", "G", "G", "G", "G", "G", "G", "G", "G", "G", "G", "G", "G", "G", "G", "G", "G", "Bm", "Bm", "Bm", "Bm", "Bm", "Bm", "Bm", "C", "C", "C", "C", "C", "C", "C", "C", "C", "C", "C", "C", "C", "C", "C", "C", "C", "C", "C", "C", "C", "C", "C", "C", "C", "C"]
