
metadata:
    version:
        essentia: "1.2.2"
    audio_properties:
        analysis_sample_rate: 44100
        bitrate: 128
        channels: 2
        equal_loudness: 1
        length: 10.0571432114
        replay_gain: -7.95860290527
        downmix: "mix"
    tags:
        track: 34
        year: 0
        album: "Splitted by Mp3Splt v. 2.1"
        artist: "From 005.30 To 005.40"
        comment: "http://mp3splt.sf.net"
        genre: ""
        title: "06 Echoes of Primitive Ohio an"

highlevel:
    ballroom:
        all:
            ChaChaCha: 0.0101998243481
            Jive: 0.00329611729831
            Quickstep: 0.00415417877957
            Rumba-American: 0.0157211013138
            Rumba-International: 0.0621579512954
            Rumba-Misc: 0.305051922798
            Samba: 0.00265231728554
            Tango: 0.0190124921501
            VienneseWaltz: 0.163491219282
            Waltz: 0.414262890816
        probability: 0.414262890816
        value: "Waltz"
    culture:
        all:
            non_western: 0.05619424209
            western: 0.943805754185
        probability: 0.943805754185
        value: "western"
    gender:
        all:
            female: 0.624294877052
            male: 0.37570515275
        probability: 0.624294877052
        value: "female"
    genre_dortmund:
        all:
            alternative: 0.0741765648127
            blues: 0.0510132834315
            electronic: 0.223878115416
            folkcountry: 0.130681738257
            funksoulrnb: 0.00852741673589
            jazz: 0.333513736725
            pop: 0.086662530899
            raphiphop: 0.00355421053246
            rock: 0.087992399931
        probability: 0.333513736725
        value: "jazz"
    genre_electronica:
        all:
            ambient: 0.870614469051
            dnb: 0.0424270629883
            house: 0.0384589023888
            techno: 0.0131895057857
            trance: 0.0353100672364
        probability: 0.870614469051
        value: "ambient"
    genre_rosamerica:
        all:
            cla: 0.179373592138
            dan: 0.0926369801164
            hip: 0.0258144941181
            jaz: 0.252646535635
            pop: 0.112667396665
            rhy: 0.243889555335
            roc: 0.07765968889
            spe: 0.0153117468581
        probability: 0.252646535635
        value: "jaz"
    genre_tzanetakis:
        all:
            blu: 0.0547166652977
            cla: 0.0458140783012
            cou: 0.312518835068
            dis: 0.0391059778631
            hip: 0.0307997372001
            jaz: 0.258688598871
            met: 0.0157556980848
            pop: 0.0505094900727
            reg: 0.0794015303254
            roc: 0.11268940568
        probability: 0.312518835068
        value: "cou"
    live_studio:
        all:
            live: 0.0545220188797
            studio: 0.945477962494
        probability: 0.945477962494
        value: "studio"
    mood:
        all:
            Cluster1: 0.135588258505
            Cluster2: 0.0886830016971
            Cluster3: 0.450311541557
            Cluster4: 0.0572125837207
            Cluster5: 0.268204599619
        probability: 0.450311541557
        value: "Cluster3"
    mood_acoustic:
        all:
            acoustic: 0.862783670425
            not_acoustic: 0.137216299772
        probability: 0.862783670425
        value: "acoustic"
    mood_aggressive:
        all:
            aggressive: 0.00596742285416
            not_aggressive: 0.994032561779
        probability: 0.994032561779
        value: "not_aggressive"
    mood_electronic:
        all:
            electronic: 0.568329036236
            not_electronic: 0.431670963764
        probability: 0.568329036236
        value: "electronic"
    mood_happy:
        all:
            happy: 0.0577515996993
            not_happy: 0.942248404026
        probability: 0.942248404026
        value: "not_happy"
    mood_party:
        all:
            not_party: 0.976635575294
            party: 0.0233644302934
        probability: 0.976635575294
        value: "not_party"
    mood_relaxed:
        all:
            not_relaxed: 0.0212478954345
            relaxed: 0.978752076626
        probability: 0.978752076626
        value: "relaxed"
    mood_sad:
        all:
            not_sad: 0.112893953919
            sad: 0.887106060982
        probability: 0.887106060982
        value: "sad"
    rhythm:
        all:
            fast: 0.0995003059506
            medium: 0.610074996948
            slow: 0.290424704552
        probability: 0.610074996948
        value: "medium"
    speech_music:
        all:
            music: 0.99916934967
            speech: 0.000830631353892
        probability: 0.99916934967
        value: "music"
    timbre:
        all:
            bright: 0.259638994932
            dark: 0.740360975266
        probability: 0.740360975266
        value: "dark"
    voice_instrumental:
        all:
            instrumental: 0.85797816515
            voice: 0.142021819949
        probability: 0.85797816515
        value: "instrumental"

lowlevel:
    average_loudness: 0.916830599308
    barkbands_kurtosis:
        dmean: 3.274310112
        dmean2: 4.91317653656
        dvar: 22.065196991
        dvar2: 54.0779037476
        max: 54.3400726318
        mean: 4.83108043671
        min: -1.77651298046
        var: 69.3204193115
    barkbands_skewness:
        dmean: 0.669703960419
        dmean2: 0.991691231728
        dvar: 0.434925377369
        dvar2: 0.976667761803
        max: 6.20892333984
        mean: 1.76013433933
        min: -3.05893445015
        var: 1.66480123997
    barkbands_spread:
        dmean: 5.14516592026
        dmean2: 8.22652721405
        dvar: 36.6401329041
        dvar2: 84.8584289551
        max: 50.401966095
        mean: 17.5879249573
        min: 0.762936532497
        var: 87.4151611328
    dissonance:
        dmean: 0.0314113683999
        dmean2: 0.0512733310461
        dvar: 0.000955793366302
        dvar2: 0.00191159464885
        max: 0.499442815781
        mean: 0.4287584126
        min: 0.0253678746521
        var: 0.00184448156506
    hfc:
        dmean: 0.743478417397
        dmean2: 1.10570204258
        dvar: 0.935729503632
        dvar2: 2.05687260628
        max: 8.85639190674
        mean: 2.22998833656
        min: 0.000199656555196
        var: 4.11998558044
    pitch:
        dmean: 212.258834839
        dmean2: 411.918701172
        dvar: 510095.5625
        dvar2: 1341028.75
        max: 4009.09082031
        mean: 329.392272949
        min: 84.1603088379
        var: 378668.90625
    pitch_instantaneous_confidence:
        dmean: 0.0953674986959
        dmean2: 0.142067059875
        dvar: 0.00969428755343
        dvar2: 0.02136987634
        max: 0.890218853951
        mean: 0.619123101234
        min: 0.0571553111076
        var: 0.0313275307417
    pitch_salience:
        dmean: 0.0752468779683
        dmean2: 0.111778430641
        dvar: 0.00570534169674
        dvar2: 0.0144606595859
        max: 0.867841184139
        mean: 0.467352002859
        min: 0.173237621784
        var: 0.0124721713364
    silence_rate_20dB:
        dmean: 0
        dmean2: 0
        dvar: 0
        dvar2: 0
        max: 1
        mean: 1
        min: 1
        var: 0
    silence_rate_30dB:
        dmean: 0
        dmean2: 0
        dvar: 0
        dvar2: 0
        max: 1
        mean: 1
        min: 1
        var: 0
    silence_rate_60dB:
        dmean: 0.101382486522
        dmean2: 0.203233256936
        dvar: 0.0911039412022
        dvar2: 0.189643919468
        max: 1
        mean: 0.540229856968
        min: 0
        var: 0.248380869627
    spectral_centroid:
        dmean: 203.832504272
        dmean2: 314.95199585
        dvar: 62485.3632812
        dvar2: 151415.421875
        max: 2309.74072266
        mean: 691.31427002
        min: 158.077087402
        var: 150362.78125
    spectral_complexity:
        dmean: 1.51963043213
        dmean2: 2.39120364189
        dvar: 2.27732753754
        dvar2: 5.05761051178
        max: 16
        mean: 5.5299539566
        min: 0
        var: 9.69610691071
    spectral_crest:
        dmean: 2.72223186493
        dmean2: 4.32389783859
        dvar: 6.12217473984
        dvar2: 16.7181243896
        max: 24.1284580231
        mean: 12.1282253265
        min: 3.95222783089
        var: 16.0301570892
    spectral_decrease:
        dmean: 2.44299996899e-10
        dmean2: 3.47965073422e-10
        dvar: 7.97706616364e-20
        dvar2: 1.9271047743e-19
        max: -1.62197593681e-13
        mean: -8.69135263759e-10
        min: -3.88704268772e-09
        var: 5.38621706092e-19
    spectral_energy:
        dmean: 0.000968351727352
        dmean2: 0.0013887610985
        dvar: 1.22126220958e-06
        dvar2: 2.87052239401e-06
        max: 0.0154668604955
        mean: 0.00348258158192
        min: 6.30280453606e-07
        var: 8.52516404848e-06
    spectral_energyband_high:
        dmean: 2.10672096728e-05
        dmean2: 3.59227487934e-05
        dvar: 2.70845457173e-09
        dvar2: 7.69155850122e-09
        max: 0.000581134983804
        mean: 2.59998978436e-05
        min: 2.24469220989e-09
        var: 2.2208310746e-09
    spectral_energyband_low:
        dmean: 8.77965212567e-05
        dmean2: 0.000143336554174
        dvar: 4.06879081538e-08
        dvar2: 1.10555646415e-07
        max: 0.00135149084963
        mean: 0.000126406026538
        min: 9.9286751265e-08
        var: 4.67184655406e-08
    spectral_energyband_middle_high:
        dmean: 0.000282138062175
        dmean2: 0.00040238146903
        dvar: 1.51402389292e-07
        dvar2: 2.92643875355e-07
        max: 0.00510106328875
        mean: 0.000851264281664
        min: 3.20489093042e-08
        var: 1.04300545445e-06
    spectral_energyband_middle_low:
        dmean: 0.000801210058853
        dmean2: 0.00114643666893
        dvar: 1.00907425349e-06
        dvar2: 2.64276036432e-06
        max: 0.0115718916059
        mean: 0.00247887312435
        min: 3.60380369102e-07
        var: 4.61739955426e-06
    spectral_flatness_db:
        dmean: 0.0300423875451
        dmean2: 0.0405691899359
        dvar: 0.000697322364431
        dvar2: 0.00151700747665
        max: 0.46650415659
        mean: 0.256635248661
        min: 0.126149430871
        var: 0.00293295015581
    spectral_flux:
        dmean: 0.00756854237989
        dmean2: 0.0116175431758
        dvar: 5.20510038768e-05
        dvar2: 0.000107460080471
        max: 0.0656861662865
        mean: 0.0227513778955
        min: 0.00294474349357
        var: 0.000145548416185
    spectral_kurtosis:
        dmean: 5.92097806931
        dmean2: 9.79309082031
        dvar: 47.9439811707
        dvar2: 111.397834778
        max: 117.346847534
        mean: 12.0205202103
        min: 1.23590898514
        var: 147.617202759
    spectral_rms:
        dmean: 0.000279743951978
        dmean2: 0.000396868039388
        dvar: 8.30780777505e-08
        dvar2: 1.69209101841e-07
        max: 0.00388453598134
        mean: 0.00167843955569
        min: 2.47973330261e-05
        var: 5.80480673307e-07
    spectral_rolloff:
        dmean: 489.942321777
        dmean2: 878.423828125
        dvar: 547203.875
        dvar2: 1168601
        max: 3897.50976562
        mean: 1267.67919922
        min: 172.265625
        var: 932632.625
    spectral_skewness:
        dmean: 0.533058345318
        dmean2: 0.882396817207
        dvar: 0.2775131464
        dvar2: 0.678172528744
        max: 9.04338741302
        mean: 2.21235203743
        min: 0.762040019035
        var: 1.02934885025
    spectral_spread:
        dmean: 442923.96875
        dmean2: 631356.8125
        dvar: 475366195200
        dvar2: 434386501632
        max: 19162884
        mean: 2712104.5
        min: 763816.3125
        var: 1.24413607936e+12
    spectral_strongpeak:
        dmean: 0.183923587203
        dmean2: 0.309167087078
        dvar: 0.156135842204
        dvar2: 0.403921127319
        max: 3.51771974564
        mean: 0.384858548641
        min: 0
        var: 0.17166595161
    zerocrossingrate:
        dmean: 0.00779784051701
        dmean2: 0.0090772844851
        dvar: 5.35250510438e-05
        dvar2: 7.20964089851e-05
        max: 0.09521484375
        mean: 0.043594289571
        min: 0.001953125
        var: 0.00036927650217
    barkbands:
        dmean: [2.2502131003e-07, 2.31804679061e-05, 6.71993184369e-05, 0.000375431758584, 0.000398911739467, 0.000160569063155, 3.58820325346e-05, 1.26615368572e-05, 2.76173086604e-05, 9.12334944587e-05, 1.9353654352e-05, 1.51212643686e-05, 1.46934726217e-05, 1.86164979823e-05, 6.60844452796e-05, 1.6505808162e-05, 2.60014076048e-05, 9.47365333559e-05, 2.7258616683e-05, 2.92288623314e-05, 8.44522219268e-06, 2.9486495805e-06, 3.1485919294e-07, 4.9846416772e-08, 2.74238480813e-08, 1.66792324396e-09, 5.41095834805e-10]
        dmean2: [3.49118238319e-07, 3.55645497621e-05, 0.000112197558337, 0.000565517053474, 0.000575194368139, 0.000227948345128, 5.01835420437e-05, 2.22940470849e-05, 4.03264348279e-05, 0.000122753859614, 2.78893203358e-05, 2.55053546425e-05, 2.37057101913e-05, 2.65907256107e-05, 9.90642147372e-05, 2.37715230469e-05, 4.02630575991e-05, 0.000142695906106, 4.53676075267e-05, 4.7724453907e-05, 1.44586274473e-05, 5.22160962646e-06, 5.12226961291e-07, 7.21685040617e-08, 4.09708569293e-08, 2.4866304571e-09, 8.51929249368e-10]
        dvar: [6.06973152295e-12, 2.95589397403e-09, 2.48644091982e-08, 5.28965699687e-07, 3.5057607306e-07, 5.3925319321e-08, 4.68392036268e-09, 1.63363367278e-09, 2.01672722966e-09, 3.34068204211e-08, 1.51406931437e-09, 1.18658527448e-09, 1.15461085137e-09, 4.85382889437e-09, 3.7389387586e-08, 1.35940791957e-09, 7.75072450665e-09, 3.16393418132e-08, 2.7402784486e-09, 2.63312327498e-09, 4.43417469409e-10, 7.80707581916e-11, 5.03449712475e-13, 1.55743117919e-14, 5.25225055912e-15, 4.3134759101e-17, 3.70427293995e-17]
        dvar2: [1.52261241809e-11, 6.66850308306e-09, 6.82009257957e-08, 1.65249286965e-06, 6.95517258009e-07, 1.18246305192e-07, 8.19915069172e-09, 4.89145390858e-09, 4.51020643055e-09, 5.1013575586e-08, 2.24542295868e-09, 3.00655300656e-09, 2.48782483503e-09, 8.68704574941e-09, 8.06560933597e-08, 2.86351675705e-09, 1.77601737761e-08, 6.90806629677e-08, 7.50910711389e-09, 7.20954274058e-09, 1.24523580336e-09, 2.26379873181e-10, 1.26039174757e-12, 3.60593479176e-14, 1.08760910841e-14, 9.87787654648e-17, 9.29241266729e-17]
        max: [3.63269864465e-05, 0.000695149472449, 0.00111849862151, 0.00706178694963, 0.00933838356286, 0.00276778056286, 0.00104563916102, 0.000543721544091, 0.000491475278977, 0.00407212181017, 0.000822701840661, 0.000337811303325, 0.000532319187187, 0.00103847321589, 0.00270665460266, 0.000516828906257, 0.00151405506767, 0.00203582155518, 0.000348834204488, 0.000443420402007, 0.000212399405427, 9.25709609874e-05, 7.80828577263e-06, 1.70436203462e-06, 9.38761104408e-07, 8.45624512635e-08, 8.9963286598e-08]
        mean: [1.56638478188e-07, 3.81636127713e-05, 8.81295563886e-05, 0.000784298812505, 0.00117735157255, 0.00036334109609, 6.97870564181e-05, 1.69613049366e-05, 5.80897358304e-05, 0.000336906785378, 3.80377277907e-05, 1.89358815987e-05, 2.28292883548e-05, 3.33321877406e-05, 9.84677026281e-05, 2.6475659979e-05, 3.94455018977e-05, 0.000177297129994, 3.82674988941e-05, 4.30644176959e-05, 1.03382053567e-05, 2.43319459514e-06, 3.75354602511e-07, 6.69767530326e-08, 3.16363575337e-08, 1.63379676454e-09, 3.07443764891e-10]
        min: [1.99740658041e-11, 7.69935315503e-09, 4.23558290663e-08, 6.9439465733e-08, 1.56129999596e-07, 9.63280015753e-08, 3.20787698627e-08, 3.04595593192e-09, 2.75339573363e-09, 2.60646149108e-09, 5.23220522464e-10, 9.55868828534e-10, 2.22157944818e-10, 9.37128041834e-10, 1.16239808889e-08, 8.46761150086e-09, 1.55083523801e-09, 3.47465922701e-09, 1.74235070816e-09, 1.17251264253e-09, 3.19667153859e-10, 2.65729716009e-10, 2.31172359033e-10, 2.0509249854e-10, 1.29165678153e-10, 1.16029833311e-11, 1.36087294862e-13]
        var: [3.04838120892e-12, 9.71404379158e-09, 2.60316888046e-08, 1.0903297607e-06, 3.00383817375e-06, 1.3646783259e-07, 1.74984613466e-08, 1.03936470541e-09, 5.65214053339e-09, 5.05968330344e-07, 8.62705462623e-09, 1.658315818e-09, 1.80142600836e-09, 9.09487241074e-09, 5.95169815654e-08, 2.23387974785e-09, 8.36849878283e-09, 7.41122363479e-08, 3.44897910232e-09, 3.5222431638e-09, 3.73810121745e-10, 5.3368073849e-11, 5.90895550805e-13, 2.49484999581e-14, 7.86335667397e-15, 3.53703058585e-17, 1.85954668477e-17]
    mfcc:
        mean: [-830.139038086, 182.422943115, -63.1704978943, 67.4248962402, -12.2726802826, -8.92364406586, -5.52671861649, -7.52687692642, -9.57041454315, -15.4290323257, -15.1841888428, -21.5088653564, -17.0819721222]
        cov: [[5406.515625, -1471.68737793, -294.185455322, -106.200271606, -467.366088867, -282.307891846, 144.371429443, 328.164703369, -147.708648682, -170.959747314, -174.613601685, -217.409744263, -233.743209839], [-1471.68737793, 1172.25036621, 120.20135498, 91.7785644531, 205.793212891, 100.613586426, -13.8744421005, -33.7620429993, 99.5283279419, 57.4780807495, 10.1824703217, 101.564842224, 79.2940216064], [-294.185455322, 120.20135498, 536.95098877, 56.911026001, 54.0403213501, 38.1814155579, 96.3435897827, 80.9014205933, 52.6578102112, 62.5062446594, 53.8619155884, 64.9290084839, 23.0116424561], [-106.200271606, 91.7785644531, 56.911026001, 199.409454346, -18.6946239471, -38.465877533, 56.2919120789, 77.9932632446, 22.6502990723, 16.571434021, -7.71934747696, 10.9980783463, -24.7161426544], [-467.366088867, 205.793212891, 54.0403213501, -18.6946239471, 209.865600586, 109.105140686, -51.3059425354, -56.0137557983, 66.7244110107, 73.2794570923, 44.198474884, 55.137714386, 71.2822036743], [-282.307891846, 100.613586426, 38.1814155579, -38.465877533, 109.105140686, 226.11390686, -12.1919670105, -78.1141204834, 65.5997543335, 55.8459434509, 78.7108230591, 41.5722694397, 92.9862442017], [144.371429443, -13.8744421005, 96.3435897827, 56.2919120789, -51.3059425354, -12.1919670105, 151.680664062, 105.591758728, 0.561533510685, 3.24406170845, 14.7270612717, 31.0083465576, -21.5910663605], [328.164703369, -33.7620429993, 80.9014205933, 77.9932632446, -56.0137557983, -78.1141204834, 105.591758728, 183.733200073, 26.6172294617, -5.76107168198, -32.0253067017, -7.63240242004, -57.5978736877], [-147.708648682, 99.5283279419, 52.6578102112, 22.6502990723, 66.7244110107, 65.5997543335, 0.561533510685, 26.6172294617, 102.639884949, 57.1381530762, 18.1692619324, 14.1418504715, 18.2781639099], [-170.959747314, 57.4780807495, 62.5062446594, 16.571434021, 73.2794570923, 55.8459434509, 3.24406170845, -5.76107168198, 57.1381530762, 102.816764832, 50.0576934814, 31.3229198456, 24.7665023804], [-174.613601685, 10.1824703217, 53.8619155884, -7.71934747696, 44.198474884, 78.7108230591, 14.7270612717, -32.0253067017, 18.1692619324, 50.0576934814, 116.134063721, 82.4930648804, 76.9181213379], [-217.409744263, 101.564842224, 64.9290084839, 10.9980783463, 55.137714386, 41.5722694397, 31.0083465576, -7.63240242004, 14.1418504715, 31.3229198456, 82.4930648804, 155.556549072, 116.511688232], [-233.743209839, 79.2940216064, 23.0116424561, -24.7161426544, 71.2822036743, 92.9862442017, -21.5910663605, -57.5978736877, 18.2781639099, 24.7665023804, 76.9181213379, 116.511688232, 190.45803833]]
        icov: [[0.000368554203305, 0.000362677586963, 0.000147443875903, 0.000256911269389, 0.000324848922901, -0.00028562132502, 0.000176324290805, -0.000872499716934, 0.000279563886579, -0.000159479415743, 0.000385281105991, -0.000115776390885, -2.28254304346e-08], [0.000362677586963, 0.00158457551152, 1.72004693013e-05, -0.000417331233621, -0.00071549549466, -0.000315321114613, -0.000163589473232, -8.99183214642e-05, -0.000584008754231, 0.000370071153156, 0.00140317855403, -0.00104297429789, 0.000184423610335], [0.000147443875903, 1.72004693013e-05, 0.00247474224307, 6.06555331615e-05, -0.00046897464199, -6.43020903226e-05, -0.00110631389543, -0.00102105527185, -7.08181516984e-07, -0.000664942432195, -0.000487018522108, -9.28984809434e-05, -4.57532905784e-06], [0.000256911269389, -0.000417331233621, 6.06555331615e-05, 0.00692849466577, 0.00107428932097, 0.000751198967919, -0.000763997086324, -0.0022950284183, -0.000538864580449, -0.00154476519674, 0.000278232910205, -0.000353815878043, 0.000188021935173], [0.000324848922901, -0.00071549549466, -0.00046897464199, 0.00107428932097, 0.0113919088617, -0.00367362983525, 0.00468068011105, -0.00133900518995, -0.000735125271603, -0.0051861461252, 0.00268720998429, -0.00366478506476, 0.000449853308965], [-0.00028562132502, -0.000315321114613, -6.43020903226e-05, 0.000751198967919, -0.00367362983525, 0.0129601210356, -0.00680447602645, 0.00766197638586, -0.00861600507051, 0.00275060953572, -0.00595769891515, 0.00594985578209, -0.00428532389924], [0.000176324290805, -0.000163589473232, -0.00110631389543, -0.000763997086324, 0.00468068011105, -0.00680447602645, 0.0185483954847, -0.0118102123961, 0.00702968193218, -0.00255289627239, -0.000256320927292, -0.00622605998069, 0.00399002525955], [-0.000872499716934, -8.99183214642e-05, -0.00102105527185, -0.0022950284183, -0.00133900518995, 0.00766197638586, -0.0118102123961, 0.0199732556939, -0.0115329995751, 0.00352687458508, 0.000904057873413, 0.00119144632481, -0.000191802493646], [0.000279563886579, -0.000584008754231, -7.08181516984e-07, -0.000538864580449, -0.000735125271603, -0.00861600507051, 0.00702968193218, -0.0115329995751, 0.0247877538204, -0.00997370760888, 0.00323705817573, -0.000911620387342, 0.000475647044368], [-0.000159479415743, 0.000370071153156, -0.000664942432195, -0.00154476519674, -0.0051861461252, 0.00275060953572, -0.00255289627239, 0.00352687458508, -0.00997370760888, 0.0211453158408, -0.0084003508091, 0.00172473164275, 0.00145031569991], [0.000385281105991, 0.00140317855403, -0.000487018522108, 0.000278232910205, 0.00268720998429, -0.00595769891515, -0.000256320927292, 0.000904057873413, 0.00323705817573, -0.0084003508091, 0.0230562593788, -0.0101437224075, -0.000193499872694], [-0.000115776390885, -0.00104297429789, -9.28984809434e-05, -0.000353815878043, -0.00366478506476, 0.00594985578209, -0.00622605998069, 0.00119144632481, -0.000911620387342, 0.00172473164275, -0.0101437224075, 0.0210099499673, -0.0105141913518], [-2.28254304346e-08, 0.000184423610335, -4.57532905784e-06, 0.000188021935173, 0.000449853308965, -0.00428532389924, 0.00399002525955, -0.000191802493646, 0.000475647044368, 0.00145031569991, -0.000193499872694, -0.0105141913518, 0.0137927029282]]
    spectral_contrast:
        mean: [-7.68860445532e-07, 4.02103893293e-07, 2.14109775243e-07, -3.19035933671e-07, -6.38449535018e-07, -7.31804959742e-07, 4.06506433137e-06, -3.80192477678e-06, 5.79016568736e-06, -6.48949026072e-06, -3.33847810907e-06, -2.96649841403e-06]
        var: [0.000367890897905, 0.000853430421557, 0.00219193310477, 0.00332895480096, 0.00498605472967, 0.0146005032584, 0.0763950422406, 0.0957922264934, 0.198609873652, 0.292729914188, 0.7637180686, 2.40233707428]

rhythm:
    beats_loudness:
        dmean: 0.00397112919018
        dmean2: 0.00579599989578
        dvar: 9.4505285233e-06
        dvar2: 2.55655922956e-05
        max: 0.0140547128394
        mean: 0.00554586900398
        min: 0.00149914668873
        var: 1.04146802187e-05
    beats_loudness_bass:
        dmean: 0.539949715137
        dmean2: 1.06948256493
        dvar: 0.0271349512041
        dvar2: 0.0534129291773
        max: 0.748758435249
        mean: 0.325687468052
        min: 0.00564008578658
        var: 0.0875349417329
    bpm: 68.9640884399
    bpm_confidence: 0
    first_peak_bpm: 69
    first_peak_spread: 0
    first_peak_weight: 0.899999976158
    onset_rate: 4.67329549789
    second_peak_bpm: 64
    second_peak_spread: 0
    second_peak_weight: 0.10000000149
    beats_position: [0.870863437653, 1.74035394192, 2.60984444618, 3.47933483124, 4.34882545471, 5.21831607819, 6.14920854568, 7.01976299286, 7.89031791687, 8.76087284088, 9.63142776489]
    bpm_estimates: [68.8194351196, 68.7647476196, 69.2551498413, 69.1871261597, 68.9132537842, 68.9127578735, 68.9104232788, 68.949836731]
    bpm_intervals: [0.869490504265, 0.869490504265, 0.869490385056, 0.869490623474, 0.869490623474, 0.930892467499, 0.870554447174, 0.870554924011, 0.870554924011, 0.870554924011]
    onset_times: [0.0464399084449, 0.336689352989, 0.777868509293, 1.01006805897, 1.25387752056, 1.32353746891, 1.42802715302, 2.00852608681, 2.12462592125, 2.19428563118, 2.31038546562, 2.54258513451, 2.86766433716, 3.21596360207, 3.35528349876, 3.44816327095, 3.73841261864, 3.88934230804, 4.06349229813, 4.34213161469, 4.52789115906, 4.62077093124, 4.96907043457, 5.51473903656, 5.71210861206, 5.8282084465, 5.92108821869, 6.07201814651, 6.52480745316, 6.71056699753, 6.8382768631, 6.9543762207, 7.0356464386, 7.36072540283, 7.50004529953, 7.58131504059, 7.83673477173, 7.9644446373, 8.04571437836, 8.45206356049, 8.78875255585, 8.98612213135, 9.11383247375, 9.32281208038, 9.5666217804, 9.81043052673, 10.0078001022]
    rubato_start: []
    rubato_stop: []
    perceptual_tempo: "unknown"

sfx:
    inharmonicity:
        dmean: 0.0261313449591
        dmean2: 0.0472594350576
        dvar: 0.00292906467803
        dvar2: 0.00820257142186
        max: 0.400230437517
        mean: 0.0221143420786
        min: 0
        var: 0.00213712593541
    oddtoevenharmonicenergyratio:
        dmean: 4.03280925751
        dmean2: 7.88238143921
        dvar: 323.974914551
        dvar2: 964.249755859
        max: 203.875976562
        mean: 2.26232123375
        min: 0
        var: 167.570510864
    pitch_after_max_to_before_max_energy_ratio: 12.9755926132
    pitch_centroid: 223.144165039
    pitch_max_to_total: 0.0299539174885
    pitch_min_to_total: 0.458525359631
    tristimulus:
        dmean: [0.182055100799, 0.182084307075, 0.0531098023057]
        dmean2: [0.313291668892, 0.318843901157, 0.0941054522991]
        dvar: [0.0382746383548, 0.040146023035, 0.0065766251646]
        dvar2: [0.0989538729191, 0.11050285399, 0.0190015155822]
        max: [1, 0.981025397778, 0.722534835339]
        mean: [0.550419807434, 0.3740850389, 0.0623773448169]
        min: [0.000776693690568, 0, 0]
        var: [0.0636976435781, 0.0541438087821, 0.0063925483264]

tonal:
    chords_changes_rate: 0.0642201825976
    chords_number_rate: 0.0366972461343
    chords_strength:
        dmean: 0.00999787542969
        dmean2: 0.00649085221812
        dvar: 6.16497200099e-05
        dvar2: 3.64061233995e-05
        max: 0.759919822216
        mean: 0.539521872997
        min: 0.324834018946
        var: 0.00977385696024
    key_strength: 0.446841239929
    tuning_diatonic_strength: 0.449070721865
    tuning_equal_tempered_deviation: 0.125331819057
    tuning_frequency: 442.804626465
    tuning_nontempered_energy_ratio: 0.786645054817
    hpcp:
        dmean: [0.0651463195682, 0.0467118956149, 0.0706783309579, 0.0916292145848, 0.0547009818256, 0.023773195222, 0.0262500550598, 0.0281013119966, 0.0284506343305, 0.0328589789569, 0.0328123420477, 0.0379064939916, 0.054556876421, 0.0392056144774, 0.0250956900418, 0.0374298430979, 0.0643903836608, 0.0875278562307, 0.0871994495392, 0.0687575861812, 0.0512052029371, 0.0651816949248, 0.171472340822, 0.238630369306, 0.197971597314, 0.130857467651, 0.0627231895924, 0.0337720178068, 0.0452615357935, 0.085359364748, 0.0792495533824, 0.0974526032805, 0.139886394143, 0.109943389893, 0.0924331918359, 0.0707752406597]
        dmean2: [0.11511234194, 0.0807620361447, 0.114365786314, 0.153272286057, 0.0939934253693, 0.0427607372403, 0.0468636751175, 0.047963578254, 0.046512581408, 0.0585041344166, 0.0620096027851, 0.0670205429196, 0.0992046967149, 0.071466833353, 0.0445568710566, 0.0662023946643, 0.114760175347, 0.154442682862, 0.145049765706, 0.127165600657, 0.0976382791996, 0.116924777627, 0.285603314638, 0.40663510561, 0.304699450731, 0.215040996671, 0.110415644944, 0.0617990717292, 0.0846730321646, 0.163400053978, 0.145347818732, 0.171293482184, 0.235777556896, 0.183552578092, 0.15409822762, 0.127752363682]
        dvar: [0.0200919881463, 0.00754313357174, 0.0167975816876, 0.035985108465, 0.0136152552441, 0.00310411909595, 0.00409184861928, 0.00592647027224, 0.00609529810026, 0.00589767843485, 0.00802412349731, 0.00598459783942, 0.0111685050651, 0.00634341407567, 0.00258883880451, 0.0117720663548, 0.0295082386583, 0.0423968136311, 0.0380525551736, 0.0341832414269, 0.0217725876719, 0.029465764761, 0.0379586517811, 0.073829241097, 0.042481854558, 0.0358920320868, 0.0230857525021, 0.0127524398267, 0.0164262894541, 0.040037561208, 0.0330511927605, 0.0365423820913, 0.0577221810818, 0.0411474443972, 0.0250784847885, 0.0190867371857]
        dvar2: [0.0479538626969, 0.0172851588577, 0.0341429710388, 0.0790458545089, 0.0361674800515, 0.00836085155606, 0.0113972565159, 0.010518069379, 0.00867927912623, 0.0163163859397, 0.0237621869892, 0.0159514173865, 0.0335324928164, 0.0185075476766, 0.00666619744152, 0.0325680598617, 0.0744721591473, 0.0871682688594, 0.0816240981221, 0.0834086835384, 0.059820342809, 0.0793204307556, 0.0985795035958, 0.172132655978, 0.0838473215699, 0.0853284224868, 0.0619629062712, 0.0360429435968, 0.0505070351064, 0.125186651945, 0.0781458318233, 0.109728470445, 0.187650188804, 0.104585953057, 0.0613557137549, 0.0581815466285]
        max: [1, 0.59551680088, 0.938478767872, 1, 0.802922070026, 0.429005414248, 0.504562139511, 0.859159708023, 1, 0.491580575705, 0.619679689407, 0.693116307259, 0.928754389286, 0.634771823883, 0.366177290678, 1, 1, 1, 1, 1, 0.834311008453, 1, 1, 1, 1, 1, 0.923601984978, 1, 0.873976647854, 1, 1, 1, 1, 1, 1, 0.792210400105]
        mean: [0.06138112396, 0.0541107021272, 0.120660215616, 0.153569206595, 0.0679632052779, 0.0214034896344, 0.0213806461543, 0.0246128756553, 0.0288850739598, 0.0294674038887, 0.0252035763115, 0.0343132987618, 0.048853456974, 0.0371700637043, 0.0280241984874, 0.0327025987208, 0.0594394393265, 0.118759125471, 0.118160948157, 0.0617903880775, 0.0357341729105, 0.0478659458458, 0.202055200934, 0.488135904074, 0.448300749063, 0.174384579062, 0.0584563016891, 0.0243067722768, 0.0307719502598, 0.0640902221203, 0.0749942213297, 0.095732703805, 0.275925010443, 0.349721878767, 0.164261505008, 0.0583137981594]
        min: [0.000151517029735, 0.000725588935893, 0.000273061014013, 0.000445703946752, 0.000303027831251, 0.000454586261185, 0.000274315447314, 4.39613322669e-05, 4.86753342557e-05, 0.000103060679976, 0, 0, 3.49847869074e-05, 2.71252447419e-05, 2.4573322662e-05, 7.86381788203e-05, 0.000278781517409, 0.000477869936731, 0.000761605100706, 1.61682964972e-05, 4.0334820369e-05, 6.97626674082e-05, 0.00017367413966, 0.000768378435168, 0.000540122098755, 0.000130062078824, 3.06364745484e-06, 0, 0, 0, 5.89990704611e-05, 4.16958064307e-05, 5.29950084456e-05, 5.25338909938e-05, 1.85043700185e-05, 0.000123668447486]
        var: [0.0252850893885, 0.0103394798934, 0.048192422837, 0.0805654227734, 0.0147791728377, 0.00218323385343, 0.00272687291726, 0.00526400608942, 0.00584134971723, 0.00374628417194, 0.00470303138718, 0.007212146651, 0.011146097444, 0.00484678801149, 0.00290887616575, 0.00823023356497, 0.0286418609321, 0.0691123604774, 0.060501229018, 0.0301857329905, 0.0149329164997, 0.020584570244, 0.051460724324, 0.143520668149, 0.128826126456, 0.0538561977446, 0.0173729304224, 0.00696269143373, 0.00947540253401, 0.0277587231249, 0.0358878262341, 0.032966800034, 0.115940064192, 0.179745450616, 0.0538355447352, 0.0150974560529]
    chords_histogram: [1.83486235142, 2.75229358673, 3.66972470284, 0, 0, 0, 0, 0, 0, 0, 0, 0, 0, 0, 11.4678897858, 41.7431182861, 17.8899078369, 0, 0, 0, 0, 18.8073387146, 0, 1.83486235142]
    thpcp: [1, 0.918393313885, 0.357245951891, 0.11975415051, 0.0497950911522, 0.0630397200584, 0.131295859814, 0.153633892536, 0.196118950844, 0.565262675285, 0.716443657875, 0.336507737637, 0.119462221861, 0.125745967031, 0.110851712525, 0.247185707092, 0.314603388309, 0.139230087399, 0.0438473969698, 0.0438005998731, 0.0504221767187, 0.059174247086, 0.0603672116995, 0.0516322925687, 0.0702945590019, 0.100081674755, 0.0761469602585, 0.05741064623, 0.0669948607683, 0.121768221259, 0.2432911098, 0.242065683007, 0.126584395766, 0.0732053741813, 0.0980586484075, 0.413932263851]
    chords_key: "C#"
    chords_scale: "major"
    key_key: "A"
    key_scale: "minor"
    chords_progression: ["F", "F", "F", "F", "Fm", "Fm", "Fm", "Fm", "Fm", "Fm", "Fm", "Fm", "Fm", "Fm", "Fm", "Fm", "Fm", "Fm", "Fm", "Fm", "Fm", "Fm", "Fm", "Fm", "Fm", "Fm", "Fm", "Fm", "Fm", "Fm", "Fm", "Fm", "Fm", "Fm", "Fm", "Fm", "Fm", "Fm", "Fm", "Fm", "Fm", "Fm", "Fm", "C#", "C#", "C#", "C#", "C#", "C#", "C#", "C#", "C#", "C#", "C#", "C#", "C#", "C#", "C#", "C#", "C#", "C", "C", "C", "C", "Am", "A#m", "A#m", "A#m", "Am", "Am", "Am", "A#m", "A#m", "A#m", "A#", "A#", "A#", "A#", "A#", "A#", "A#", "A#m", "A#m", "A#m", "A#m", "A#m", "A#m", "A#m", "A#m", "A#m", "A#m", "A#m", "A#m", "A#m", "A#m", "A#m", "A#m", "A#m", "A#m", "A#m", "C", "C", "C#", "C#", "C#", "C#", "C#", "C#", "C#", "C#", "C#", "C#", "C#", "C#", "C#", "C#", "C#", "C#", "C#", "C#", "C#", "C#", "C#", "C#", "C#", "C#", "C#", "C#", "C#", "C#", "C#", "C#", "C#", "C#", "C#", "C#", "C#", "A#", "A#", "A#", "A#", "A#", "A#", "A#", "A#", "A#", "A#", "A#", "A#", "A#", "A#", "A#", "A#", "A#", "A#", "A#", "A#", "A#", "A#", "A#", "A#", "A#", "A#", "A#", "A#", "A#", "A#", "A#", "A#", "A#", "A#", "C#", "C#", "C#", "C#", "C#", "C#", "C#", "C#", "C#", "C#", "C#", "C#", "C#", "C#", "C#", "C#", "C#", "C#", "C#", "C#", "C#", "C#", "C#", "C#", "C#", "C#", "C#", "C#", "C#", "C#", "C#", "C#", "C#", "C#", "C#", "C#", "C#", "C#", "C#", "Em", "Em", "Em", "Em", "Em", "Em", "Em", "Em"]
