
metadata:
    version:
        essentia: "1.2.2"
    audio_properties:
        analysis_sample_rate: 44100
        bitrate: 128
        channels: 2
        equal_loudness: 1
        length: 10.0048980713
        replay_gain: -13.3198127747
        downmix: "mix"
    tags:
        track: 19
        year: 0
        album: "Splitted by Mp3Splt v. 2.1"
        artist: "From 003.00 To 003.10"
        comment: "http://mp3splt.sf.net"
        genre: ""
        title: "12 false start.mp3"

highlevel:
    ballroom:
        all:
            ChaChaCha: 0.073356859386
            Jive: 0.56518137455
            Quickstep: 0.0433905012906
            Rumba-American: 0.000863678986207
            Rumba-International: 0.00155274244025
            Rumba-Misc: 0.00109056651127
            Samba: 0.309016317129
            Tango: 0.000531765865162
            VienneseWaltz: 0.00421932060272
            Waltz: 0.000796874926891
        probability: 0.56518137455
        value: "Jive"
    culture:
        all:
            non_western: 0.182444348931
            western: 0.81755566597
        probability: 0.81755566597
        value: "western"
    gender:
        all:
            female: 0.0156547222286
            male: 0.984345257282
        probability: 0.984345257282
        value: "male"
    genre_dortmund:
        all:
            alternative: 0.103813685477
            blues: 0.00854739546776
            electronic: 0.0117826275527
            folkcountry: 0.069990478456
            funksoulrnb: 0.0403004363179
            jazz: 0.026240201667
            pop: 0.079306922853
            raphiphop: 0.00332575896755
            rock: 0.656692504883
        probability: 0.656692504883
        value: "rock"
    genre_electronica:
        all:
            ambient: 0.134373441339
            dnb: 0.314619064331
            house: 0.00820008572191
            techno: 0.0102645074949
            trance: 0.53254288435
        probability: 0.53254288435
        value: "trance"
    genre_rosamerica:
        all:
            cla: 0.00722784316167
            dan: 0.062387932092
            hip: 0.00691449968144
            jaz: 0.00794113706797
            pop: 0.187578871846
            rhy: 0.00582590093836
            roc: 0.721089482307
            spe: 0.00103431195021
        probability: 0.721089482307
        value: "roc"
    genre_tzanetakis:
        all:
            blu: 0.00497783673927
            cla: 0.00963340140879
            cou: 0.133972719312
            dis: 0.0726537629962
            hip: 0.0048564071767
            jaz: 0.124497465789
            met: 0.0659473091364
            pop: 0.122818507254
            reg: 0.0063544427976
            roc: 0.454288125038
        probability: 0.454288125038
        value: "roc"
    live_studio:
        all:
            live: 0.139692559838
            studio: 0.860307455063
        probability: 0.860307455063
        value: "studio"
    mood:
        all:
            Cluster1: 0.322265088558
            Cluster2: 0.230427458882
            Cluster3: 0.066195204854
            Cluster4: 0.140926063061
            Cluster5: 0.240186199546
        probability: 0.322265088558
        value: "Cluster1"
    mood_acoustic:
        all:
            acoustic: 0.00420819269493
            not_acoustic: 0.99579179287
        probability: 0.99579179287
        value: "not_acoustic"
    mood_aggressive:
        all:
            aggressive: 0.848275482655
            not_aggressive: 0.151724517345
        probability: 0.848275482655
        value: "aggressive"
    mood_electronic:
        all:
            electronic: 0.168406441808
            not_electronic: 0.831593573093
        probability: 0.831593573093
        value: "not_electronic"
    mood_happy:
        all:
            happy: 0.660422921181
            not_happy: 0.339577078819
        probability: 0.660422921181
        value: "happy"
    mood_party:
        all:
            not_party: 0.295426636934
            party: 0.704573333263
        probability: 0.704573333263
        value: "party"
    mood_relaxed:
        all:
            not_relaxed: 0.261829316616
            relaxed: 0.738170683384
        probability: 0.738170683384
        value: "relaxed"
    mood_sad:
        all:
            not_sad: 0.875836968422
            sad: 0.124163039029
        probability: 0.875836968422
        value: "not_sad"
    rhythm:
        all:
            fast: 0.977303087711
            medium: 0.0211834311485
            slow: 0.00151345669292
        probability: 0.977303087711
        value: "fast"
    speech_music:
        all:
            music: 0.996774792671
            speech: 0.00322518148459
        probability: 0.996774792671
        value: "music"
    timbre:
        all:
            bright: 0.041443567723
            dark: 0.958556413651
        probability: 0.958556413651
        value: "dark"
    voice_instrumental:
        all:
            instrumental: 0.0574015378952
            voice: 0.942598462105
        probability: 0.942598462105
        value: "voice"

lowlevel:
    average_loudness: 0.968064129353
    barkbands_kurtosis:
        dmean: 0.35796302557
        dmean2: 0.561474978924
        dvar: 0.195202410221
        dvar2: 0.482785731554
        max: 2.567050457
        mean: -1.10484170914
        min: -1.74448919296
        var: 0.371730089188
    barkbands_skewness:
        dmean: 0.308234959841
        dmean2: 0.454058110714
        dvar: 0.0558538995683
        dvar2: 0.13749833405
        max: 1.7830760479
        mean: -0.130547121167
        min: -1.8852288723
        var: 0.296406924725
    barkbands_spread:
        dmean: 4.02849674225
        dmean2: 6.19754314423
        dvar: 12.4159135818
        dvar2: 28.6228427887
        max: 54.7759857178
        mean: 33.3833312988
        min: 11.6889657974
        var: 59.7617454529
    dissonance:
        dmean: 0.0135586475953
        dmean2: 0.0222521200776
        dvar: 0.000169063481735
        dvar2: 0.00038766808575
        max: 0.499966681004
        mean: 0.471745282412
        min: 0.364783465862
        var: 0.000380877376301
    hfc:
        dmean: 1.76923775673
        dmean2: 2.61758732796
        dvar: 6.9828081131
        dvar2: 14.6680936813
        max: 58.3420066833
        mean: 8.1716299057
        min: 0.185401454568
        var: 37.3542900085
    pitch:
        dmean: 823.977416992
        dmean2: 1600.68322754
        dvar: 1608168.5
        dvar2: 3865353.5
        max: 4009.09082031
        mean: 1420.71069336
        min: 110.804023743
        var: 2157267
    pitch_instantaneous_confidence:
        dmean: 0.0724054947495
        dmean2: 0.118008807302
        dvar: 0.00295351282693
        dvar2: 0.00712447566912
        max: 0.769016027451
        mean: 0.374244272709
        min: 0.166337251663
        var: 0.0139319282025
    pitch_salience:
        dmean: 0.0485370494425
        dmean2: 0.0783057063818
        dvar: 0.0016918038018
        dvar2: 0.00390220852569
        max: 0.795389831066
        mean: 0.659403562546
        min: 0.375702053308
        var: 0.00550420675427
    silence_rate_20dB:
        dmean: 0
        dmean2: 0
        dvar: 0
        dvar2: 0
        max: 1
        mean: 1
        min: 1
        var: 0
    silence_rate_30dB:
        dmean: 0
        dmean2: 0
        dvar: 0
        dvar2: 0
        max: 1
        mean: 1
        min: 1
        var: 0
    silence_rate_60dB:
        dmean: 0.106728538871
        dmean2: 0.213953495026
        dvar: 0.0953373461962
        dvar2: 0.182131037116
        max: 1
        mean: 0.483796298504
        min: 0
        var: 0.249737754464
    spectral_centroid:
        dmean: 225.445541382
        dmean2: 324.90411377
        dvar: 37204.4804688
        dvar2: 69109.90625
        max: 3471.22558594
        mean: 1937.8729248
        min: 927.383789062
        var: 224853.125
    spectral_complexity:
        dmean: 3.15813946724
        dmean2: 4.7902097702
        dvar: 9.01219749451
        dvar2: 18.3895587921
        max: 35
        mean: 15.0719261169
        min: 0
        var: 33.3428611755
    spectral_crest:
        dmean: 1.56392776966
        dmean2: 2.59690499306
        dvar: 2.43388080597
        dvar2: 5.6035323143
        max: 18.8990802765
        mean: 6.05155563354
        min: 2.42871403694
        var: 6.84640216827
    spectral_decrease:
        dmean: 2.31004604334e-10
        dmean2: 3.24676757701e-10
        dvar: 7.38795717867e-20
        dvar2: 1.45511784322e-19
        max: -1.78194316941e-11
        mean: -9.40572175701e-10
        min: -3.22827187205e-09
        var: 3.18536655643e-19
    spectral_energy:
        dmean: 0.00100733875297
        dmean2: 0.00142680946738
        dvar: 1.43253851093e-06
        dvar2: 2.85867940875e-06
        max: 0.0174760241061
        mean: 0.00429112836719
        min: 8.40711727506e-05
        var: 6.67652875563e-06
    spectral_energyband_high:
        dmean: 0.000151850821567
        dmean2: 0.000233488797676
        dvar: 1.13315259398e-07
        dvar2: 2.83830928538e-07
        max: 0.00633956305683
        mean: 0.000449970655609
        min: 1.27007997435e-05
        var: 3.75933325358e-07
    spectral_energyband_low:
        dmean: 8.48830677569e-05
        dmean2: 0.000134876652737
        dvar: 2.26943761561e-08
        dvar2: 5.9371053851e-08
        max: 0.00152345641982
        mean: 0.000152720123879
        min: 7.47851174765e-07
        var: 2.84722716515e-08
    spectral_energyband_middle_high:
        dmean: 0.000495278392918
        dmean2: 0.000783503695857
        dvar: 5.01028580402e-07
        dvar2: 1.25624615066e-06
        max: 0.0110214874148
        mean: 0.00207068910822
        min: 4.12015724578e-05
        var: 1.6418840687e-06
    spectral_energyband_middle_low:
        dmean: 0.000627878587693
        dmean2: 0.000879490515217
        dvar: 6.04894353273e-07
        dvar2: 1.19111928143e-06
        max: 0.00785206444561
        mean: 0.00161773944274
        min: 2.86617123493e-05
        var: 1.86725935691e-06
    spectral_flatness_db:
        dmean: 0.0119920866564
        dmean2: 0.0177066717297
        dvar: 0.000110206230602
        dvar2: 0.000220256071771
        max: 0.192181006074
        mean: 0.118513308465
        min: 0.0382168292999
        var: 0.000650891044643
    spectral_flux:
        dmean: 0.00681480253115
        dmean2: 0.0101352203637
        dvar: 5.80439227633e-05
        dvar2: 0.000126256796648
        max: 0.0994577854872
        mean: 0.0373309478164
        min: 0.00916903372854
        var: 0.000185455035535
    spectral_kurtosis:
        dmean: 0.572118997574
        dmean2: 0.848985493183
        dvar: 0.243635445833
        dvar2: 0.462729811668
        max: 6.13980484009
        mean: 2.89623427391
        min: -0.761821508408
        var: 1.49242162704
    spectral_rms:
        dmean: 0.000229371231399
        dmean2: 0.00031995473546
        dvar: 6.2278132873e-08
        dvar2: 1.11140380454e-07
        max: 0.00412913784385
        mean: 0.00196540402249
        min: 0.000286392489215
        var: 3.23654660406e-07
    spectral_rolloff:
        dmean: 288.094207764
        dmean2: 450.089050293
        dvar: 110764.382812
        dvar2: 211672.953125
        max: 6976.7578125
        mean: 3549.18383789
        min: 1270.45898438
        var: 358042.15625
    spectral_skewness:
        dmean: 0.102738067508
        dmean2: 0.15442982316
        dvar: 0.00842007342726
        dvar2: 0.0145295318216
        max: 1.86672055721
        mean: 1.40418219566
        min: 0.469974219799
        var: 0.0624176375568
    spectral_spread:
        dmean: 516912.65625
        dmean2: 688865.25
        dvar: 328213331968
        dvar2: 501301248000
        max: 18514534
        mean: 6155242
        min: 4277126.5
        var: 1.95795301171e+12
    spectral_strongpeak:
        dmean: 0.455837011337
        dmean2: 0.776308119297
        dvar: 0.649127364159
        dvar2: 1.37193930149
        max: 12.0132436752
        mean: 0.796512782574
        min: 0.00830886792392
        var: 2.02339506149
    zerocrossingrate:
        dmean: 0.00780455116183
        dmean2: 0.00853524729609
        dvar: 6.78555297782e-05
        dvar2: 5.91461830481e-05
        max: 0.1884765625
        mean: 0.110635921359
        min: 0.0517578125
        var: 0.000491976737976
    barkbands:
        dmean: [1.09818039107e-07, 4.33991917816e-05, 5.62809327675e-05, 0.000100565404864, 0.00013620966638, 0.000167093137861, 0.000198688052478, 0.000174151849933, 0.000177617839654, 7.70593032939e-05, 0.000103334765299, 4.77447829326e-05, 3.33989300998e-05, 4.97630608152e-05, 8.55019607116e-05, 7.14320412953e-05, 0.000135067413794, 0.000156435926328, 0.000165303921676, 0.000163861230249, 5.82045722695e-05, 2.52639001701e-05, 9.66645256995e-06, 7.33703564038e-06, 3.15531292472e-06, 1.30315669367e-07, 2.19305640314e-09]
        dmean2: [1.70259440324e-07, 6.74443581374e-05, 9.13367694011e-05, 0.000157592425239, 0.000208463170566, 0.000260111031821, 0.000319323968142, 0.000268463947577, 0.000247122196015, 0.000121692981338, 0.000160579613294, 7.39117676858e-05, 5.35817016498e-05, 7.45564320823e-05, 0.00014275914873, 0.000113292997412, 0.000224948380492, 0.000251496996498, 0.000283361441689, 0.0002621532185, 9.68595995801e-05, 3.6692537833e-05, 1.39250587381e-05, 8.97344943951e-06, 4.04366619478e-06, 1.69358784774e-07, 2.71817546249e-09]
        dvar: [1.88167434108e-13, 7.72466357546e-09, 9.26239795973e-09, 4.61939251295e-08, 3.32589848995e-08, 6.18338660274e-08, 1.82084932021e-07, 1.76798280904e-07, 1.26287631019e-07, 1.04871125117e-08, 3.76004685165e-08, 1.52106043316e-08, 3.13693582221e-09, 1.69247442727e-08, 4.57463187331e-08, 1.23508145933e-08, 1.82624955158e-08, 2.4791161124e-08, 2.14857109881e-07, 1.58369928727e-07, 7.3181714022e-09, 2.08349248965e-09, 3.77913700333e-10, 3.87277987457e-10, 5.96622681814e-11, 4.34137826329e-14, 8.80965404759e-16]
        dvar2: [2.38749395687e-13, 1.9358449066e-08, 2.46039046914e-08, 1.10880790771e-07, 7.7844802604e-08, 1.51751862631e-07, 4.55046944126e-07, 4.12182998843e-07, 2.2996051996e-07, 2.46887896793e-08, 7.96479397991e-08, 2.98655926656e-08, 7.14904180299e-09, 3.99614066282e-08, 1.205349065e-07, 2.85691985624e-08, 4.48588224344e-08, 6.53721698995e-08, 6.22110746917e-07, 3.92642249381e-07, 1.9153274522e-08, 3.67238106591e-09, 5.93560589568e-10, 6.47354336802e-10, 7.46071468494e-11, 7.00275544475e-14, 8.85089714058e-16]
        max: [8.28486463433e-06, 0.00107207219116, 0.00077598268399, 0.00175267260056, 0.00238907313906, 0.0024870489724, 0.00427952362224, 0.00591259822249, 0.00606608111411, 0.00112666375935, 0.00307746999897, 0.00233065150678, 0.000753675180022, 0.00200848397799, 0.00289637688547, 0.00137988536153, 0.00168901903089, 0.00157508428674, 0.00828539021313, 0.00653696712106, 0.000970240973402, 0.000976162205916, 0.000384029117413, 0.000322222214891, 0.000109554559458, 4.05162882089e-06, 6.19944160007e-07]
        mean: [1.17940494704e-07, 6.24275562586e-05, 9.01850144146e-05, 0.000122143799672, 0.000238412991166, 0.000313188880682, 0.000283881119685, 0.000272708042758, 0.000362280115951, 0.000134373854962, 0.000183325333637, 7.66929515521e-05, 5.41043846169e-05, 7.8974670032e-05, 0.000126747298054, 0.000135965121444, 0.000298491853755, 0.000397883064579, 0.000390681088902, 0.000405578844948, 0.000152404420078, 6.56607371639e-05, 2.18670011236e-05, 1.54241024575e-05, 7.28269560568e-06, 3.23911962141e-07, 2.98582736313e-09]
        min: [5.74888435467e-11, 3.25001252577e-08, 4.21321288968e-07, 4.77861362924e-07, 3.92309948438e-06, 2.93781613436e-06, 3.14312114824e-06, 3.34112428391e-06, 2.05714809454e-06, 1.64983771356e-06, 2.00404747375e-06, 7.27536075829e-07, 7.65371481748e-08, 2.28381827583e-06, 2.36313530877e-06, 1.88772889942e-06, 6.87033571012e-06, 1.03031725303e-05, 1.03911470433e-05, 7.07878007233e-06, 4.68046027891e-06, 1.23234178773e-06, 7.0433526389e-07, 9.75117018243e-07, 3.78275927915e-07, 1.77267391877e-08, 4.84991213856e-11]
        var: [1.89573007357e-13, 8.53356763031e-09, 1.12020570597e-08, 5.00631749389e-08, 6.21876381501e-08, 1.34330051083e-07, 2.36705801626e-07, 3.61315102282e-07, 5.5831304735e-07, 2.47398830311e-08, 8.57958966094e-08, 3.14120356393e-08, 5.54966828048e-09, 3.10066425868e-08, 5.28460830651e-08, 1.98432772436e-08, 3.01790805679e-08, 4.69178580431e-08, 2.01671383593e-07, 6.41648625788e-07, 2.24817782168e-08, 8.16439715834e-09, 1.52694179523e-09, 9.8055530362e-10, 1.66885436026e-10, 1.20475339232e-13, 8.86352746061e-16]
    mfcc:
        mean: [-684.617004395, 81.8800354004, -38.4896087646, 42.9186973572, -14.9143943787, -20.0804977417, -5.13070774078, 0.32737994194, 0.0406644158065, -6.065513134, -5.04862117767, -4.44482564926, -4.25629043579]
        cov: [[846.227600098, -15.9167585373, 130.054000854, -29.0137634277, -94.0193939209, 123.342025757, 5.2037358284, 12.8226776123, 1.78668892384, 78.055557251, 22.6283454895, 11.8728122711, 25.7742233276], [-15.9167585373, 303.778930664, -57.6441040039, 0.937704443932, -6.9714345932, 16.2465877533, 25.4482192993, -7.58481788635, -17.8556213379, -15.5555267334, 40.390171051, 16.1631202698, 3.83889007568], [130.054000854, -57.6441040039, 241.594589233, 30.9277667999, 106.708694458, 46.6772270203, 30.2371730804, 52.1326980591, 20.4042701721, 25.2523593903, 5.04241228104, 17.6090602875, -11.2193813324], [-29.0137634277, 0.937704443932, 30.9277667999, 130.989837646, 40.2896347046, 26.5078620911, 1.0315130949, 5.69953393936, 28.3277873993, -0.231374680996, -5.61718034744, -11.7546386719, -12.0797185898], [-94.0193939209, -6.9714345932, 106.708694458, 40.2896347046, 164.897201538, 32.9496917725, 20.2896366119, 21.3973407745, 15.6358976364, 3.62088513374, -2.36749076843, 7.1529917717, -16.6986026764], [123.342025757, 16.2465877533, 46.6772270203, 26.5078620911, 32.9496917725, 89.2203216553, 31.7204456329, 16.6462669373, 16.1577758789, 22.523683548, 10.6459369659, -2.75735282898, -10.4162006378], [5.2037358284, 25.4482192993, 30.2371730804, 1.0315130949, 20.2896366119, 31.7204456329, 83.6030731201, 34.4627532959, 27.1406345367, 23.4902706146, 22.434431076, 6.65399599075, -15.4431533813], [12.8226776123, -7.58481788635, 52.1326980591, 5.69953393936, 21.3973407745, 16.6462669373, 34.4627532959, 60.0377235413, 28.4448509216, 17.2876205444, 0.656172811985, -2.5384953022, -11.9806070328], [1.78668892384, -17.8556213379, 20.4042701721, 28.3277873993, 15.6358976364, 16.1577758789, 27.1406345367, 28.4448509216, 77.2803726196, 35.8505172729, -3.70033407211, -22.9142723083, -28.8389968872], [78.055557251, -15.5555267334, 25.2523593903, -0.231374680996, 3.62088513374, 22.523683548, 23.4902706146, 17.2876205444, 35.8505172729, 73.5027770996, 28.6106643677, 6.76709938049, -7.80531930923], [22.6283454895, 40.390171051, 5.04241228104, -5.61718034744, -2.36749076843, 10.6459369659, 22.434431076, 0.656172811985, -3.70033407211, 28.6106643677, 85.5897293091, 58.6697998047, 20.5647773743], [11.8728122711, 16.1631202698, 17.6090602875, -11.7546386719, 7.1529917717, -2.75735282898, 6.65399599075, -2.5384953022, -22.9142723083, 6.76709938049, 58.6697998047, 83.5032501221, 43.9200820923], [25.7742233276, 3.83889007568, -11.2193813324, -12.0797185898, -16.6986026764, -10.4162006378, -15.4431533813, -11.9806070328, -28.8389968872, -7.80531930923, 20.5647773743, 43.9200820923, 65.2338027954]]
        icov: [[0.00293062860146, -0.000368156033801, -0.00284379837103, 0.00089917978039, 0.00379795511253, -0.0045827976428, 0.00138420378789, 0.00114798429422, 0.000246936106123, -0.00234090699814, 0.00100975530222, -1.28454039441e-05, -0.001160461572], [-0.000368156033801, 0.00421658623964, 0.0017230642261, -0.000308832240989, -0.000950852874666, -0.000390976842027, -0.00136520084925, -0.000516942876857, 0.000885756977368, 0.00213380018249, -0.00313447951339, 0.00110301480163, 0.000304919201881], [-0.00284379837103, 0.0017230642261, 0.0106817698106, -0.00139742798638, -0.00747667020187, 0.00235842401162, -0.0006767999148, -0.00652765389532, 0.00145652587526, 0.000882927910425, -1.12141715363e-05, -0.00264618941583, 0.00223888223991], [0.00089917978039, -0.000308832240989, -0.00139742798638, 0.010106574744, -0.000476838002214, -0.00406032567844, 0.00245053833351, 0.00151853868738, -0.00505460146815, 0.00225431052968, -0.000934589596, 0.000998818897642, -0.000960008823313], [0.00379795511253, -0.000950852874666, -0.00747667020187, -0.000476838002214, 0.0144968656823, -0.00707406597212, 0.00111546006519, 0.00258710933849, -0.000469638122013, -0.00184056023136, 0.00344374333508, -0.00340501312166, 0.00128077238332], [-0.0045827976428, -0.000390976842027, 0.00235842401162, -0.00406032567844, -0.00707406597212, 0.0231471415609, -0.00691335694864, -0.00100933318026, 0.00159971241374, -0.00033096774132, -0.00266876956448, 0.00353092420846, 0.000682286976371], [0.00138420378789, -0.00136520084925, -0.0006767999148, 0.00245053833351, 0.00111546006519, -0.00691335694864, 0.0213646236807, -0.00842029973865, -0.00337842619047, -0.000715053989552, -0.00364871649072, -0.00178913201671, 0.0033394866623], [0.00114798429422, -0.000516942876857, -0.00652765389532, 0.00151853868738, 0.00258710933849, -0.00100933318026, -0.00842029973865, 0.0294872466475, -0.00725601054728, -0.0010291240178, 0.00358353415504, -0.000988029991277, -0.00113681447692], [0.000246936106123, 0.000885756977368, 0.00145652587526, -0.00505460146815, -0.000469638122013, 0.00159971241374, -0.00337842619047, -0.00725601054728, 0.0264503918588, -0.0114295370877, 0.000879518105648, 0.00416107662022, 0.0044146371074], [-0.00234090699814, 0.00213380018249, 0.000882927910425, 0.00225431052968, -0.00184056023136, -0.00033096774132, -0.000715053989552, -0.0010291240178, -0.0114295370877, 0.026778191328, -0.0116239869967, 0.00290020881221, 0.000349355279468], [0.00100975530222, -0.00313447951339, -1.12141715363e-05, -0.000934589596, 0.00344374333508, -0.00266876956448, -0.00364871649072, 0.00358353415504, 0.000879518105648, -0.0116239869967, 0.0340668894351, -0.025008559227, 0.0049563231878], [-1.28454039441e-05, 0.00110301480163, -0.00264618941583, 0.000998818897642, -0.00340501312166, 0.00353092420846, -0.00178913201671, -0.000988029991277, 0.00416107662022, 0.00290020881221, -0.025008559227, 0.0415219925344, -0.0191279537976], [-0.001160461572, 0.000304919201881, 0.00223888223991, -0.000960008823313, 0.00128077238332, 0.000682286976371, 0.0033394866623, -0.00113681447692, 0.0044146371074, 0.000349355279468, 0.0049563231878, -0.0191279537976, 0.0303052123636]]
    spectral_contrast:
        mean: [2.08015549674e-07, -3.95118462393e-07, 7.52020298478e-07, 2.52386254118e-08, -7.56467315455e-08, 5.80747681056e-08, -2.14549072552e-06, 2.30093291975e-06, -1.24699556636e-06, -1.97538929569e-06, 6.69618771099e-07, -3.95637925976e-06]
        var: [0.000225020048674, 0.000683559221216, 0.0011265227804, 0.00200337055139, 0.00296793156303, 0.0059794918634, 0.0289124939591, 0.0619232282043, 0.0896051749587, 0.160510897636, 0.266507357359, 0.669168293476]

rhythm:
    beats_loudness:
        dmean: 0.00317159947008
        dmean2: 0.00550943147391
        dvar: 2.21410687118e-06
        dvar2: 1.01067398646e-05
        max: 0.00889839697629
        mean: 0.00545939290896
        min: 0.00197858642787
        var: 4.62216758024e-06
    beats_loudness_bass:
        dmean: 0.0772448256612
        dmean2: 0.147651836276
        dvar: 0.00439344299957
        dvar2: 0.0137747339904
        max: 0.31150496006
        mean: 0.102016828954
        min: 0.0334585793316
        var: 0.00397672411054
    bpm: 135.690292358
    bpm_confidence: 0
    first_peak_bpm: 136
    first_peak_spread: 0
    first_peak_weight: 0.95454543829
    onset_rate: 3.29838466644
    second_peak_bpm: 126
    second_peak_spread: 0
    second_peak_weight: 0.0454545468092
    beats_position: [0.0325796976686, 0.474581152201, 0.916582584381, 1.35858392715, 1.80058550835, 2.24258685112, 2.68458843231, 3.12658977509, 3.56859111786, 4.01059246063, 4.45259428024, 4.89459562302, 5.33659696579, 5.7785987854, 6.25604438782, 6.69837427139, 7.14070415497, 7.58303499222, 8.02536487579, 8.46769428253, 8.91002559662, 9.35235500336, 9.79468536377]
    bpm_estimates: [136.281707764, 135.940887451, 135.814575195, 134.826187134, 135.703460693, 135.9190979, 136.033111572, 135.816360474, 135.650390625, 136.556442261, 135.037872314, 134.782913208, 135.776275635, 135.524856567]
    bpm_intervals: [0.442001461983, 0.44200143218, 0.442001342773, 0.442001581192, 0.442001342773, 0.442001581192, 0.442001342773, 0.442001342773, 0.442001342773, 0.442001819611, 0.442001342773, 0.442001342773, 0.442001819611, 0.477445602417, 0.442329883575, 0.442329883575, 0.44233083725, 0.442329883575, 0.442329406738, 0.442331314087, 0.442329406738, 0.442330360413]
    onset_times: [0.0348299331963, 0.46439909935, 0.673378705978, 0.917188227177, 1.34675741196, 1.79954648018, 2.2523355484, 2.68190479279, 2.96054410934, 3.26240372658, 3.5758728981, 4.02866220474, 4.2492518425, 4.46984148026, 4.71365070343, 4.81814050674, 4.95746040344, 5.36380958557, 5.81659841537, 5.99074840546, 6.19972801208, 6.46675729752, 7.14013624191, 7.58131504059, 7.77868461609, 7.95283460617, 8.0224943161, 8.25469398499, 8.6146030426, 8.91646289825, 9.34603214264, 9.5666217804, 9.79882049561]
    rubato_start: []
    rubato_stop: []
    perceptual_tempo: "unknown"

sfx:
    inharmonicity:
        dmean: 0.0580444894731
        dmean2: 0.10295522958
        dvar: 0.0038481222
        dvar2: 0.0112493811175
        max: 0.379981607199
        mean: 0.0650752931833
        min: 0.000284111913061
        var: 0.00389467924833
    oddtoevenharmonicenergyratio:
        dmean: 3.78867602348
        dmean2: 7.11265134811
        dvar: 212.391769409
        dvar2: 644.812561035
        max: 179.983200073
        mean: 2.54726171494
        min: 0.000648760120384
        var: 113.684684753
    pitch_after_max_to_before_max_energy_ratio: 1.43214225769
    pitch_centroid: 218.451324463
    pitch_max_to_total: 0.489559173584
    pitch_min_to_total: 0.122969835997
    tristimulus:
        dmean: [0.172808587551, 0.2627594769, 0.152209341526]
        dmean2: [0.306691139936, 0.466875761747, 0.279144227505]
        dvar: [0.0213277004659, 0.0542506612837, 0.0183280259371]
        dvar2: [0.0579275116324, 0.159917071462, 0.0499184764922]
        max: [0.791537582874, 0.977601289749, 0.671429514885]
        mean: [0.294309645891, 0.465460568666, 0.147223263979]
        min: [0.0175453461707, 0, 0]
        var: [0.0288693346083, 0.0631524026394, 0.0206103976816]

tonal:
    chords_changes_rate: 0.0368663594127
    chords_number_rate: 0.0184331797063
    chords_strength:
        dmean: 0.0108591569588
        dmean2: 0.00925306137651
        dvar: 5.26328149135e-05
        dvar2: 6.35142641841e-05
        max: 0.594252407551
        mean: 0.466259717941
        min: 0.255151093006
        var: 0.00501939700916
    key_strength: 0.803148627281
    tuning_diatonic_strength: 0.535419225693
    tuning_equal_tempered_deviation: 0.0266623366624
    tuning_frequency: 441.017791748
    tuning_nontempered_energy_ratio: 0.678861618042
    hpcp:
        dmean: [0.133995592594, 0.119788236916, 0.109395213425, 0.115566648543, 0.120347611606, 0.210648730397, 0.230371758342, 0.186920300126, 0.188318312168, 0.179988995194, 0.163380980492, 0.11245521903, 0.0886758938432, 0.0889030620456, 0.108766570687, 0.151440307498, 0.128665328026, 0.120158806443, 0.118939317763, 0.152716323733, 0.193181574345, 0.191953733563, 0.174476027489, 0.12994210422, 0.120696298778, 0.131086051464, 0.200504377484, 0.189807578921, 0.119825743139, 0.140472456813, 0.153585091233, 0.12377601862, 0.109180733562, 0.108392775059, 0.101301319897, 0.114709712565]
        dmean2: [0.220914274454, 0.201879426837, 0.188150763512, 0.189667478204, 0.206466078758, 0.351507276297, 0.396720528603, 0.3056011796, 0.309057295322, 0.297609686852, 0.274298548698, 0.194935306907, 0.149584874511, 0.15560144186, 0.189060524106, 0.263163626194, 0.215437203646, 0.208108767867, 0.198484867811, 0.26469156146, 0.325022220612, 0.3200327456, 0.285883486271, 0.216409474611, 0.204018697143, 0.217301979661, 0.31900036335, 0.299061208963, 0.197288513184, 0.235410168767, 0.248151391745, 0.203827261925, 0.177458822727, 0.179985910654, 0.172921970487, 0.184631466866]
        dvar: [0.0283372122794, 0.0144500378519, 0.0173127874732, 0.0216630659997, 0.0222403053194, 0.0460238978267, 0.0555737167597, 0.0288975629956, 0.0444036088884, 0.0419100672007, 0.0310721378773, 0.0210625063628, 0.0140475323424, 0.0229556076229, 0.0208295080811, 0.0337473899126, 0.0237738657743, 0.0285153146833, 0.0267534032464, 0.0326044745743, 0.0414634719491, 0.0401466600597, 0.039717271924, 0.0192919578403, 0.0196424238384, 0.0195997077972, 0.0497417747974, 0.0366165414453, 0.0158481504768, 0.0268136505038, 0.0275686755776, 0.0163952428848, 0.0197478812188, 0.0254806298763, 0.0140702771023, 0.0188490003347]
        dvar2: [0.0597515627742, 0.0370448455215, 0.046372756362, 0.061744671315, 0.0604627467692, 0.123398512602, 0.1332346946, 0.0848605036736, 0.118610486388, 0.0894788876176, 0.0776665434241, 0.0556113533676, 0.0358667075634, 0.0633300691843, 0.0540203973651, 0.0848018974066, 0.0564412847161, 0.0717929825187, 0.0624745376408, 0.0781027451158, 0.107912190259, 0.0918164327741, 0.0982889458537, 0.0510198958218, 0.0531237833202, 0.0506310723722, 0.119286842644, 0.0844660103321, 0.0402946174145, 0.0688911899924, 0.0594769157469, 0.0395064614713, 0.0438087210059, 0.0615487024188, 0.0380491316319, 0.0449559912086]
        max: [1, 0.830101788044, 1, 1, 0.925952315331, 1, 1, 1, 1, 1, 1, 0.964821875095, 0.979829311371, 1, 1, 1, 1, 1, 1, 1, 1, 1, 1, 0.968752682209, 0.853703379631, 0.837676465511, 1, 1, 0.975458025932, 1, 1, 1, 0.990843653679, 1, 0.955195486546, 1]
        mean: [0.320803672075, 0.237294882536, 0.186467349529, 0.164850488305, 0.159994795918, 0.333349406719, 0.459220826626, 0.326173812151, 0.293661653996, 0.342788726091, 0.241855725646, 0.156549707055, 0.14007344842, 0.135425627232, 0.199344545603, 0.271306872368, 0.231937617064, 0.198117643595, 0.192386657, 0.200971826911, 0.336566418409, 0.43215829134, 0.30392280221, 0.199627965689, 0.21091529727, 0.220403954387, 0.291664540768, 0.302937835455, 0.214348688722, 0.269147962332, 0.348458081484, 0.252532482147, 0.171676561236, 0.158655405045, 0.147832244635, 0.248838439584]
        min: [0.0163287855685, 0.0134880719706, 0.00598354637623, 0.00602889340371, 0.00472205970436, 0.0121107399464, 0.0212270691991, 0.00925273168832, 0.00621454045177, 0.00441058957949, 0.00462058931589, 0.00515058543533, 0.00512303877622, 0.0049842572771, 0.0171633195132, 0.0148419337347, 0.0100653078407, 0.007071911823, 0.00750463455915, 0.00968597363681, 0.0137472525239, 0.0101788183674, 0.00801146123558, 0.00907479878515, 0.00603780848905, 0.00621139630675, 0.0190870091319, 0.0159049443901, 0.0125546865165, 0.00997356325388, 0.0178196970373, 0.0202614441514, 0.00892194639891, 0.00797607190907, 0.00781128089875, 0.0106625882909]
        var: [0.0942802131176, 0.0312274172902, 0.0282905492932, 0.0245324857533, 0.0244459137321, 0.0705044195056, 0.110155917704, 0.0610769689083, 0.0756725519896, 0.101952619851, 0.0519305504858, 0.0223855897784, 0.0156973488629, 0.0234142821282, 0.0354865007102, 0.0665266737342, 0.0404097437859, 0.0344912111759, 0.0316737703979, 0.0395855046809, 0.0699155628681, 0.0979790911078, 0.0660761967301, 0.0287548936903, 0.034555207938, 0.0311358049512, 0.0699940398335, 0.0670661479235, 0.0271437764168, 0.0425894781947, 0.0696925967932, 0.0332538373768, 0.0253394562751, 0.0244480520487, 0.0151549205184, 0.0520079955459]
    chords_histogram: [51.612903595, 20.7373275757, 0.460829496384, 0, 0, 0, 0, 0, 0, 0.460829496384, 0, 0, 0, 0, 0, 0, 0, 0, 0, 0, 0, 0, 19.8156681061, 6.91244220734]
    thpcp: [1, 0.710276603699, 0.639478087425, 0.746457278728, 0.526665389538, 0.340902894735, 0.305024176836, 0.294903069735, 0.434092998505, 0.590798258781, 0.505067706108, 0.431421279907, 0.418941497803, 0.437636554241, 0.73290759325, 0.941068589687, 0.661822795868, 0.434710174799, 0.459289491177, 0.479952007532, 0.635129153728, 0.659677922726, 0.466766029596, 0.586097002029, 0.758802890778, 0.549915134907, 0.373843163252, 0.345488250256, 0.321919739246, 0.541870951653, 0.698582589626, 0.516733705997, 0.40605160594, 0.358978688717, 0.348404914141, 0.725902199745]
    chords_key: "E"
    chords_scale: "minor"
    key_key: "E"
    key_scale: "minor"
    chords_progression: ["Em", "B", "C", "C", "C", "C", "C", "C", "C", "C", "C", "C", "C", "C", "C", "C", "C", "Am", "Am", "Am", "Am", "Am", "Am", "Am", "Am", "Am", "Am", "Am", "Am", "Am", "Am", "Am", "Am", "Am", "Am", "Am", "Am", "Am", "Am", "Am", "Am", "Am", "Am", "Am", "Am", "Am", "Am", "Am", "Am", "Am", "Am", "Am", "Am", "Am", "Am", "Am", "Am", "Am", "Em", "G", "G", "G", "G", "G", "G", "G", "G", "G", "G", "G", "G", "G", "G", "G", "G", "G", "G", "G", "G", "G", "G", "G", "G", "G", "G", "G", "G", "G", "G", "G", "G", "G", "G", "G", "G", "G", "G", "G", "G", "G", "G", "G", "G", "G", "Em", "Em", "Em", "Em", "Em", "Em", "Em", "Em", "Em", "Em", "Em", "Em", "Em", "Em", "Em", "Em", "Em", "Em", "Em", "Em", "Em", "Em", "Em", "Em", "Em", "Em", "Em", "Em", "Em", "Em", "Em", "Em", "Em", "Em", "Em", "Em", "Em", "Em", "Em", "Em", "Em", "Em", "Em", "Em", "Em", "Em", "Em", "Em", "Em", "Em", "Em", "Em", "Em", "Em", "Em", "Em", "Em", "Em", "Em", "Em", "Em", "Em", "Em", "Em", "Em", "Em", "Em", "Em", "Em", "Em", "Em", "Em", "Em", "Em", "Em", "Em", "Em", "Em", "Em", "Em", "Em", "Em", "Em", "Em", "Em", "Em", "Em", "Em", "Em", "Em", "Em", "Em", "Em", "Em", "Em", "Em", "Em", "Em", "Em", "Em", "Em", "Em", "Em", "Em", "Em", "Em", "Em", "Em", "Em", "Em", "Am", "Am", "Bm"]
