
metadata:
    version:
        essentia: "1.2.2"
    audio_properties:
        analysis_sample_rate: 44100
        bitrate: 128
        channels: 2
        equal_loudness: 1
        length: 10.0048980713
        replay_gain: -10.8592987061
        downmix: "mix"
    tags:
        track: 28
        year: 0
        album: "Splitted by Mp3Splt v. 2.1"
        artist: "From 004.30 To 004.40"
        comment: "http://mp3splt.sf.net"
        genre: ""
        title: "04 Paint It Black.mp3"

highlevel:
    ballroom:
        all:
            ChaChaCha: 2.00515369215e-05
            Jive: 6.5521498982e-06
            Quickstep: 6.20631835773e-05
            Rumba-American: 0.000443059339887
            Rumba-International: 0.00100651127286
            Rumba-Misc: 0.014408162795
            Samba: 2.12477771129e-05
            Tango: 0.00230054138228
            VienneseWaltz: 0.0194409396499
            Waltz: 0.962290883064
        probability: 0.962290883064
        value: "Waltz"
    culture:
        all:
            non_western: 0.466478288174
            western: 0.533521711826
        probability: 0.533521711826
        value: "western"
    gender:
        all:
            female: 0.813955724239
            male: 0.186044275761
        probability: 0.813955724239
        value: "female"
    genre_dortmund:
        all:
            alternative: 0.0750142559409
            blues: 0.0252307932824
            electronic: 0.223105207086
            folkcountry: 0.242434516549
            funksoulrnb: 0.0166859384626
            jazz: 0.244599431753
            pop: 0.117612101138
            raphiphop: 0.00306842266582
            rock: 0.0522493384778
        probability: 0.244599431753
        value: "jazz"
    genre_electronica:
        all:
            ambient: 0.991575419903
            dnb: 0.000531980127562
            house: 0.00570118334144
            techno: 0.00165574077982
            trance: 0.000535690516699
        probability: 0.991575419903
        value: "ambient"
    genre_rosamerica:
        all:
            cla: 0.962772130966
            dan: 0.00113068893552
            hip: 0.00105540640652
            jaz: 0.0264150220901
            pop: 0.00192922155838
            rhy: 0.00242234929465
            roc: 0.00266505382024
            spe: 0.00161011551972
        probability: 0.962772130966
        value: "cla"
    genre_tzanetakis:
        all:
            blu: 0.0165783725679
            cla: 0.843234598637
            cou: 0.0160475727171
            dis: 0.00682811718434
            hip: 0.00365795730613
            jaz: 0.0926254913211
            met: 0.0041379458271
            pop: 0.00495150126517
            reg: 0.00528754107654
            roc: 0.00665090419352
        probability: 0.843234598637
        value: "cla"
    live_studio:
        all:
            live: 0.50856667757
            studio: 0.491433292627
        probability: 0.50856667757
        value: "live"
    mood:
        all:
            Cluster1: 0.00382152548991
            Cluster2: 0.0584095269442
            Cluster3: 0.904171347618
            Cluster4: 0.0225990880281
            Cluster5: 0.0109985126182
        probability: 0.904171347618
        value: "Cluster3"
    mood_acoustic:
        all:
            acoustic: 0.660656392574
            not_acoustic: 0.339343607426
        probability: 0.660656392574
        value: "acoustic"
    mood_aggressive:
        all:
            aggressive: 1.41553550748e-06
            not_aggressive: 0.999998569489
        probability: 0.999998569489
        value: "not_aggressive"
    mood_electronic:
        all:
            electronic: 0.340946555138
            not_electronic: 0.659053444862
        probability: 0.659053444862
        value: "not_electronic"
    mood_happy:
        all:
            happy: 0.0136962160468
            not_happy: 0.986303806305
        probability: 0.986303806305
        value: "not_happy"
    mood_party:
        all:
            not_party: 0.994499087334
            party: 0.00550091313198
        probability: 0.994499087334
        value: "not_party"
    mood_relaxed:
        all:
            not_relaxed: 0.0233902875334
            relaxed: 0.976609706879
        probability: 0.976609706879
        value: "relaxed"
    mood_sad:
        all:
            not_sad: 0.0463888421655
            sad: 0.953611135483
        probability: 0.953611135483
        value: "sad"
    rhythm:
        all:
            fast: 0.00219392566942
            medium: 0.108531229198
            slow: 0.889274835587
        probability: 0.889274835587
        value: "slow"
    speech_music:
        all:
            music: 0.183312401175
            speech: 0.816687583923
        probability: 0.816687583923
        value: "speech"
    timbre:
        all:
            bright: 0.203339233994
            dark: 0.796660780907
        probability: 0.796660780907
        value: "dark"
    voice_instrumental:
        all:
            instrumental: 0.75826138258
            voice: 0.241738602519
        probability: 0.75826138258
        value: "instrumental"

lowlevel:
    average_loudness: 0.7237880826
    barkbands_kurtosis:
        dmean: 5.29712772369
        dmean2: 8.76895236969
        dvar: 87.0096054077
        dvar2: 310.389160156
        max: 83.351776123
        mean: 12.6787528992
        min: -0.864770889282
        var: 138.280014038
    barkbands_skewness:
        dmean: 0.564958512783
        dmean2: 0.893076896667
        dvar: 0.511675834656
        dvar2: 1.74262022972
        max: 8.6124382019
        mean: 2.32776260376
        min: -2.25806689262
        var: 2.71331548691
    barkbands_spread:
        dmean: 0.999652683735
        dmean2: 1.46912944317
        dvar: 0.947039186954
        dvar2: 2.68817996979
        max: 13.0202646255
        mean: 4.32207489014
        min: 1.00316429138
        var: 4.95050191879
    dissonance:
        dmean: 0.0417826958001
        dmean2: 0.069757014513
        dvar: 0.00169508950785
        dvar2: 0.00435347016901
        max: 0.495337039232
        mean: 0.339185357094
        min: 0.121755748987
        var: 0.00486191548407
    hfc:
        dmean: 0.250801593065
        dmean2: 0.378791481256
        dvar: 0.253195047379
        dvar2: 0.565611422062
        max: 7.42756032944
        mean: 1.09119176865
        min: 0.00170710193925
        var: 1.63407218456
    pitch:
        dmean: 29.4292678833
        dmean2: 54.8430137634
        dvar: 6998.11083984
        dvar2: 18384.2207031
        max: 668.18182373
        mean: 324.021392822
        min: 81.9702606201
        var: 8771.81054688
    pitch_instantaneous_confidence:
        dmean: 0.0297369528562
        dmean2: 0.0464289188385
        dvar: 0.00285960012116
        dvar2: 0.00694521795958
        max: 0.963518619537
        mean: 0.842114090919
        min: 0.319215416908
        var: 0.0247207786888
    pitch_salience:
        dmean: 0.0485095642507
        dmean2: 0.0732014253736
        dvar: 0.00267852516845
        dvar2: 0.0069367820397
        max: 0.711120724678
        mean: 0.404359400272
        min: 0.0799652114511
        var: 0.0231097619981
    silence_rate_20dB:
        dmean: 0
        dmean2: 0
        dvar: 0
        dvar2: 0
        max: 1
        mean: 1
        min: 1
        var: 0
    silence_rate_30dB:
        dmean: 0
        dmean2: 0
        dvar: 0
        dvar2: 0
        max: 1
        mean: 1
        min: 1
        var: 0
    silence_rate_60dB:
        dmean: 0.0611764714122
        dmean2: 0.122641511261
        dvar: 0.0574336461723
        dvar2: 0.135902762413
        max: 1
        mean: 0.762910783291
        min: 0
        var: 0.180878058076
    spectral_centroid:
        dmean: 32.4750785828
        dmean2: 46.0245704651
        dvar: 1173.12866211
        dvar2: 3030.94287109
        max: 993.493347168
        mean: 522.163085938
        min: 290.022460938
        var: 16568.0917969
    spectral_complexity:
        dmean: 0.378896892071
        dmean2: 0.649038434029
        dvar: 0.379221111536
        dvar2: 0.814329266548
        max: 6
        mean: 2.5622010231
        min: 0
        var: 2.5092895031
    spectral_crest:
        dmean: 1.80420577526
        dmean2: 2.81617355347
        dvar: 3.6033976078
        dvar2: 9.87980747223
        max: 25.8560028076
        mean: 18.5468463898
        min: 6.15466499329
        var: 24.4678764343
    spectral_decrease:
        dmean: 1.67774641402e-10
        dmean2: 2.58035870448e-10
        dvar: 1.20419842052e-19
        dvar2: 2.86062165179e-19
        max: -8.42749643942e-13
        mean: -6.00804739292e-10
        min: -5.22649035162e-09
        var: 6.51583868687e-19
    spectral_energy:
        dmean: 0.000655097479466
        dmean2: 0.0010069279233
        dvar: 1.83340216608e-06
        dvar2: 4.34657067672e-06
        max: 0.0203996729106
        mean: 0.00236654747277
        min: 3.33556886289e-06
        var: 9.98383620754e-06
    spectral_energyband_high:
        dmean: 1.03722550193e-06
        dmean2: 1.49242862335e-06
        dvar: 8.17554964699e-12
        dvar2: 1.87086769687e-11
        max: 3.662335439e-05
        mean: 1.88714125215e-06
        min: 4.81416739806e-10
        var: 1.44632326948e-11
    spectral_energyband_low:
        dmean: 7.51982724978e-07
        dmean2: 9.94573156277e-07
        dvar: 5.40262409462e-12
        dvar2: 1.05607293743e-11
        max: 5.83644359722e-05
        mean: 3.14115641231e-06
        min: 5.95956439753e-09
        var: 6.36536032217e-11
    spectral_energyband_middle_high:
        dmean: 4.88556142955e-05
        dmean2: 7.18783267075e-05
        dvar: 1.42965568273e-08
        dvar2: 3.08111722802e-08
        max: 0.00153315090574
        mean: 0.000170781597262
        min: 1.00927399771e-08
        var: 5.84180668284e-08
    spectral_energyband_middle_low:
        dmean: 0.000642820610665
        dmean2: 0.000990309403278
        dvar: 1.68293911429e-06
        dvar2: 4.10120537708e-06
        max: 0.0194418113679
        mean: 0.00219074077904
        min: 2.62927756012e-06
        var: 8.82327185536e-06
    spectral_flatness_db:
        dmean: 0.0222996026278
        dmean2: 0.0357453785837
        dvar: 0.000482920848299
        dvar2: 0.00158357422333
        max: 0.482133418322
        mean: 0.369351536036
        min: 0.236516386271
        var: 0.00169475050643
    spectral_flux:
        dmean: 0.00456469552591
        dmean2: 0.00723518338054
        dvar: 6.95376002113e-05
        dvar2: 0.000164131110068
        max: 0.081289768219
        mean: 0.0110963052139
        min: 0.000236808278714
        var: 0.000148498205817
    spectral_kurtosis:
        dmean: 13.3735494614
        dmean2: 23.1531162262
        dvar: 122.369850159
        dvar2: 380.741210938
        max: 89.6546707153
        mean: 37.205368042
        min: 7.12735462189
        var: 318.15713501
    spectral_rms:
        dmean: 0.000178079397301
        dmean2: 0.000268338888418
        dvar: 8.66352962703e-08
        dvar2: 2.22845017106e-07
        max: 0.00446117902175
        mean: 0.00124734139536
        min: 5.70457159483e-05
        var: 7.5296736668e-07
    spectral_rolloff:
        dmean: 49.5212020874
        dmean2: 89.4455413818
        dvar: 12482.1494141
        dvar2: 27011.8320312
        max: 1378.125
        mean: 609.782287598
        min: 322.998046875
        var: 32851.0117188
    spectral_skewness:
        dmean: 0.909609615803
        dmean2: 1.59523308277
        dvar: 0.525391936302
        dvar2: 1.67453980446
        max: 7.85803508759
        mean: 4.38720083237
        min: 2.04427599907
        var: 1.373950243
    spectral_spread:
        dmean: 348029.34375
        dmean2: 605473.875
        dvar: 77550403584
        dvar2: 269762314240
        max: 3444588
        mean: 1730684.125
        min: 894841.6875
        var: 255255543808
    spectral_strongpeak:
        dmean: 0.0893140286207
        dmean2: 0.132364630699
        dvar: 0.0135834142566
        dvar2: 0.02943087928
        max: 1.69258666039
        mean: 0.468394398689
        min: 0.0113609917462
        var: 0.108085848391
    zerocrossingrate:
        dmean: 0.00220838957466
        dmean2: 0.00281700724736
        dvar: 6.73518934491e-06
        dvar2: 1.000546672e-05
        max: 0.0546875
        mean: 0.0260366052389
        min: 0.013671875
        var: 5.58125102543e-05
    barkbands:
        dmean: [1.26459898109e-09, 2.28452012863e-08, 7.42701274703e-07, 5.43537225894e-06, 6.85775157763e-05, 0.000553326972295, 5.13367704116e-05, 1.0597617802e-05, 6.8808614742e-05, 9.96310791379e-06, 1.09364818854e-05, 2.30268633459e-05, 1.13266441986e-05, 2.58340764958e-06, 5.49460594357e-07, 1.66102586263e-06, 4.83137046103e-06, 3.67916391042e-06, 1.0463631952e-06, 1.90224818652e-06, 1.3509681196e-07, 3.78769726694e-08, 5.34657207396e-09, 1.24806263102e-08, 2.18007412123e-09, 1.84327594854e-10, 1.23739324343e-10]
        dmean2: [2.3551363082e-09, 3.71521373665e-08, 9.82259621196e-07, 8.02438626124e-06, 0.000114583606774, 0.000866980291903, 8.03487419034e-05, 1.64789416885e-05, 9.12347895792e-05, 1.59528735821e-05, 1.39916382977e-05, 3.52860806743e-05, 1.712429912e-05, 3.7835668536e-06, 8.23857249088e-07, 2.0506997771e-06, 6.45908767183e-06, 4.87048419018e-06, 1.41170505685e-06, 2.94846540783e-06, 2.1349504209e-07, 5.86321426965e-08, 6.77896050405e-09, 1.62906026446e-08, 3.50007622885e-09, 3.08135128524e-10, 2.33996322319e-10]
        dvar: [6.57253809215e-18, 3.54743560475e-15, 5.27780163323e-12, 2.9379196298e-10, 5.56851631472e-08, 1.49167976815e-06, 3.1686916202e-08, 1.7235937122e-09, 1.54303840816e-08, 1.13718923167e-09, 1.27562815866e-09, 9.1799412516e-09, 8.14373624092e-10, 2.73511248372e-11, 3.28910271415e-12, 1.27557148871e-11, 2.06137967806e-10, 6.31510052584e-11, 8.78609511534e-12, 2.45537184335e-11, 2.26920153674e-13, 1.96887641688e-14, 2.12497656872e-16, 1.49356832545e-15, 8.1095007162e-17, 2.33021664092e-19, 7.00053292161e-20]
        dvar2: [2.3652478536e-17, 8.99383818559e-15, 1.03035531496e-11, 6.00882621438e-10, 1.68511618881e-07, 3.63231242773e-06, 5.90859556837e-08, 4.39100267258e-09, 2.91296089472e-08, 3.02730884805e-09, 1.76307080046e-09, 2.17623927767e-08, 2.06454409124e-09, 5.68236326048e-11, 8.37457360403e-12, 1.74083334553e-11, 3.85635107181e-10, 1.04745906393e-10, 1.58290706931e-11, 6.51370485327e-11, 5.40798254702e-13, 5.6583044321e-14, 2.67949555501e-16, 2.11298361451e-15, 2.32303603284e-16, 6.02776128342e-19, 2.51197484637e-19]
        max: [1.85520896423e-08, 1.41111615903e-06, 5.69531766814e-05, 0.00023888744181, 0.00232388311997, 0.0175340212882, 0.00329423486255, 0.000596388417762, 0.00243712216616, 0.000573607219849, 0.000599857186899, 0.00130945176352, 0.000269141659373, 7.15388450772e-05, 2.84195739368e-05, 9.23453844734e-05, 0.000292208802421, 0.000143394223414, 4.84868651256e-05, 5.568450797e-05, 6.81906203681e-06, 2.34645699493e-06, 2.94150510172e-07, 7.31514205654e-07, 1.35030248316e-07, 7.39677430417e-09, 1.84599491249e-09]
        mean: [1.09998810061e-09, 6.82030147914e-08, 3.07235495711e-06, 3.02111329802e-05, 0.000115283233754, 0.00153347337618, 0.000131477572722, 4.13808847952e-05, 0.000337702454999, 2.35000989051e-05, 4.93386687594e-05, 3.70647903765e-05, 2.32650618273e-05, 6.85991972205e-06, 1.18440243568e-06, 5.76939783059e-06, 1.17236777442e-05, 9.22812796489e-06, 2.29050192502e-06, 3.25193855133e-06, 2.77300500784e-07, 8.41306686539e-08, 1.28574093594e-08, 2.54730245786e-08, 4.10925649064e-09, 2.58727289593e-10, 8.83959502818e-11]
        min: [1.65055313438e-14, 9.82106285186e-10, 3.99248900607e-09, 1.25393214034e-07, 3.5083360217e-08, 2.55986805087e-08, 8.04717359415e-09, 6.52557385905e-09, 5.24766585741e-09, 5.22088428045e-10, 1.31449157115e-10, 2.13488199341e-10, 5.92758453433e-10, 7.14715439609e-11, 1.1764142438e-10, 1.13772147259e-09, 4.22099272201e-10, 2.90971080563e-10, 4.34464103582e-10, 9.26697996118e-10, 3.6744298576e-11, 1.42852205759e-11, 8.0870110955e-12, 5.69149328361e-12, 3.3409624893e-12, 2.64217274226e-14, 5.34389020665e-15]
        var: [5.89587043668e-18, 2.29982641953e-14, 6.15669876192e-11, 2.29499752535e-09, 6.36848938029e-08, 7.24014853404e-06, 1.53426157112e-07, 9.79820402591e-09, 1.84075389598e-07, 3.58661433886e-09, 1.53060391028e-08, 1.9290613551e-08, 1.83188664238e-09, 1.01884292669e-10, 5.40945543567e-12, 1.8933830892e-10, 7.25661031264e-10, 3.48417489304e-10, 2.93225443926e-11, 3.317770364e-11, 4.62902394367e-13, 3.46945101771e-14, 9.40052305577e-16, 5.5242180154e-15, 1.09644193092e-16, 5.35161868084e-19, 4.71117325147e-20]
    mfcc:
        mean: [-974.711669922, 210.323669434, -67.6203536987, 29.7308349609, -24.1964511871, -46.7318687439, -18.5025157928, -17.3549690247, -27.4590301514, -13.6423587799, -16.4344902039, -6.77648162842, -18.725069046]
        cov: [[13245.5888672, -1471.62878418, -788.101745605, -1496.02233887, -1505.84301758, 813.956054688, 177.339385986, -622.950866699, -1476.97680664, -1798.84277344, -741.391418457, -148.826065063, 299.955047607], [-1471.62878418, 880.907775879, -1.41517841816, 281.242401123, 286.019836426, -15.5639533997, -28.5105838776, 120.592163086, 221.393844604, 246.539901733, 123.007675171, -5.5881280899, -38.1594734192], [-788.101745605, -1.41517841816, 624.859008789, 0.500178873539, -39.0303153992, 72.2819137573, 100.46812439, 10.2362308502, -95.4080276489, 34.7728767395, -38.8595161438, -27.8361968994, 124.136260986], [-1496.02233887, 281.242401123, 0.500178873539, 308.050292969, 238.628890991, -114.312721252, -59.5518569946, 71.2446365356, 217.314224243, 226.625030518, 108.814460754, 2.89943766594, -66.5307540894], [-1505.84301758, 286.019836426, -39.0303153992, 238.628890991, 442.5625, -79.9122695923, -72.0954666138, 83.9479980469, 230.704101562, 247.231674194, 166.001556396, 17.9420166016, -155.161209106], [813.956054688, -15.5639533997, 72.2819137573, -114.312721252, -79.9122695923, 224.49949646, 55.2207870483, -50.2234306335, -122.36945343, -155.3150177, -9.68566703796, -44.0223426819, 39.0608100891], [177.339385986, -28.5105838776, 100.46812439, -59.5518569946, -72.0954666138, 55.2207870483, 152.435165405, -10.8731355667, -68.7705764771, -11.9666204453, -39.1125030518, 32.1553726196, 33.5009422302], [-622.950866699, 120.592163086, 10.2362308502, 71.2446365356, 83.9479980469, -50.2234306335, -10.8731355667, 143.64743042, 115.592727661, 102.476425171, 34.6864776611, 3.12688088417, -38.8243522644], [-1476.97680664, 221.393844604, -95.4080276489, 217.314224243, 230.704101562, -122.36945343, -68.7705764771, 115.592727661, 337.221221924, 244.982788086, 126.483306885, 1.09007585049, -123.674301147], [-1798.84277344, 246.539901733, 34.7728767395, 226.625030518, 247.231674194, -155.3150177, -11.9666204453, 102.476425171, 244.982788086, 372.821685791, 103.41733551, 30.6083545685, -70.934425354], [-741.391418457, 123.007675171, -38.8595161438, 108.814460754, 166.001556396, -9.68566703796, -39.1125030518, 34.6864776611, 126.483306885, 103.41733551, 180.020797729, 6.83388996124, -83.0972747803], [-148.826065063, -5.5881280899, -27.8361968994, 2.89943766594, 17.9420166016, -44.0223426819, 32.1553726196, 3.12688088417, 1.09007585049, 30.6083545685, 6.83388996124, 116.938728333, -4.03333759308], [299.955047607, -38.1594734192, 124.136260986, -66.5307540894, -155.161209106, 39.0608100891, 33.5009422302, -38.8243522644, -123.674301147, -70.934425354, -83.0972747803, -4.03333759308, 180.619262695]]
        icov: [[0.000522276619449, -3.96297627958e-06, 0.000798466906417, 0.00058692478342, 0.000375800940674, -0.00059625133872, -1.34048441396e-05, 9.57089796429e-05, 0.00101425289176, 0.000804596638773, 0.000658789591398, 0.000320984050632, 0.000594801909756], [-3.96297627958e-06, 0.00203367485665, 0.000397350086132, -0.00154367496725, -0.000606938905548, -0.0014316762099, -0.000100844808912, -0.0010062638903, -6.77996331433e-06, -0.000608760456089, 0.000171152423718, -5.06357864651e-05, -0.000980943790637], [0.000798466906417, 0.000397350086132, 0.00370980566368, 0.000108764113975, 0.000111132954771, -0.00172188587021, -0.00129628262948, -0.000764453900047, 0.00264816777781, 0.000271447876003, 0.000979439471848, 0.00144645641558, -0.000804950715974], [0.00058692478342, -0.00154367496725, 0.000108764113975, 0.0106230806559, -0.00175979617052, 0.00222912081517, 0.000475865061162, 0.00172136188485, -0.00185346102808, 0.00016344654432, -0.000527679163497, 0.00135290238541, -0.000592156662606], [0.000375800940674, -0.000606938905548, 0.000111132954771, -0.00175979617052, 0.00731010735035, -0.00203727209009, 0.00243488745764, -5.03273695358e-05, 0.00155555957463, -0.0021066556219, -0.00100570870563, -0.00128553446848, 0.00452736485749], [-0.00059625133872, -0.0014316762099, -0.00172188587021, 0.00222912081517, -0.00203727209009, 0.0118548460305, -0.00449158530682, 0.00119942647871, -0.00113262038212, 0.00399962347001, -0.00428250199184, 0.00384408398531, -0.00161987624597], [-1.34048441396e-05, -0.000100844808912, -0.00129628262948, 0.000475865061162, 0.00243488745764, -0.00449158530682, 0.0117069343105, -0.000423257530201, 0.00143962830771, -0.00385916698724, 0.0019505599048, -0.00465830415487, 0.00213134498335], [9.57089796429e-05, -0.0010062638903, -0.000764453900047, 0.00172136188485, -5.03273695358e-05, 0.00119942647871, -0.000423257530201, 0.0107012605295, -0.0034523725044, -4.38028109784e-05, 0.000637704797555, 0.000171851119376, 0.000780151982326], [0.00101425289176, -6.77996331433e-06, 0.00264816777781, -0.00185346102808, 0.00155555957463, -0.00113262038212, 0.00143962830771, -0.0034523725044, 0.0126389274374, -0.00229388498701, -0.000434153596871, 0.0016432586126, 0.00397382676601], [0.000804596638773, -0.000608760456089, 0.000271447876003, 0.00016344654432, -0.0021066556219, 0.00399962347001, -0.00385916698724, -4.38028109784e-05, -0.00229388498701, 0.011106107384, -0.000171258681803, 0.00104271294549, -0.000823968439363], [0.000658789591398, 0.000171152423718, 0.000979439471848, -0.000527679163497, -0.00100570870563, -0.00428250199184, 0.0019505599048, 0.000637704797555, -0.000434153596871, -0.000171258681803, 0.0114146992564, -0.00144120631739, 0.00276688463055], [0.000320984050632, -5.06357864651e-05, 0.00144645641558, 0.00135290238541, -0.00128553446848, 0.00384408398531, -0.00465830415487, 0.000171851119376, 0.0016432586126, 0.00104271294549, -0.00144120631739, 0.0119527541101, -0.000935710559133], [0.000594801909756, -0.000980943790637, -0.000804950715974, -0.000592156662606, 0.00452736485749, -0.00161987624597, 0.00213134498335, 0.000780151982326, 0.00397382676601, -0.000823968439363, 0.00276688463055, -0.000935710559133, 0.0123379519209]]
    spectral_contrast:
        mean: [-6.05627064942e-07, -4.2260654709e-07, 2.14248757402e-07, -4.38940361391e-07, 3.34144289127e-07, 6.12730048033e-07, -4.5802889872e-06, 4.07250865919e-07, -1.78728373612e-06, 2.23303530333e-07, 1.45004696606e-06, -1.29133889004e-06]
        var: [0.000529902696144, 0.000730986648705, 0.00166238762904, 0.0021491413936, 0.00301016354933, 0.0150843672454, 0.0933800190687, 0.0986535400152, 0.173316627741, 0.19351926446, 0.410979956388, 5.98203277588]

rhythm:
    beats_loudness:
        dmean: 0.00213255244307
        dmean2: 0.0032590997871
        dvar: 8.67129801918e-06
        dvar2: 1.28560095618e-05
        max: 0.0153121557087
        mean: 0.00294443732128
        min: 9.2842765298e-06
        var: 1.5693523892e-05
    beats_loudness_bass:
        dmean: 0.0406017489731
        dmean2: 0.0612361244857
        dvar: 0.004451634828
        dvar2: 0.0110492426902
        max: 0.257493883371
        mean: 0.0322331301868
        min: 8.99045699043e-05
        var: 0.00330354319885
    bpm: 105.609443665
    bpm_confidence: 0
    first_peak_bpm: 106
    first_peak_spread: 0
    first_peak_weight: 0.526315808296
    onset_rate: 1.69916772842
    second_peak_bpm: 147
    second_peak_spread: 0
    second_peak_weight: 0.421052634716
    beats_position: [0.0241524931043, 0.592284560204, 1.16041660309, 1.72854876518, 2.29668068886, 2.86481285095, 3.43294501305, 4.00107717514, 4.56920909882, 5.13734102249, 5.705473423, 6.0862903595, 6.49483203888, 6.9033741951, 7.31191587448, 7.72045755386, 8.12899971008, 8.53754138947, 8.94608306885, 9.35462379456]
    bpm_estimates: [105.784759521, 105.614433289, 105.429138184]
    bpm_intervals: [0.568132042885, 0.568132042885, 0.568132162094, 0.568131923676, 0.568132162094, 0.568132162094, 0.568132162094, 0.568131923676, 0.568131923676, 0.568132400513, 0.380816936493, 0.408541679382, 0.408542156219, 0.408541679382, 0.408541679382, 0.408542156219, 0.408541679382, 0.408541679382, 0.408540725708]
    onset_times: [0.0464399084449, 0.301859408617, 0.673378705978, 1.75310659409, 2.60063481331, 2.90249443054, 3.07664394379, 3.36689352989, 3.88934230804, 4.43501138687, 4.67882108688, 4.91102027893, 5.35219955444, 5.59600925446, 6.08362817764, 6.5015873909, 8.6146030426]
    rubato_start: [6.0862903595]
    rubato_stop: [6.49483203888]
    perceptual_tempo: "unknown"

sfx:
    inharmonicity:
        dmean: 0.0264168865979
        dmean2: 0.0489733628929
        dvar: 0.00401525199413
        dvar2: 0.0118580246344
        max: 0.417155742645
        mean: 0.0270449593663
        min: 0
        var: 0.00305845797993
    oddtoevenharmonicenergyratio:
        dmean: 191.745254517
        dmean2: 383.995941162
        dvar: 7184775
        dvar2: 21568906
        max: 38802.1640625
        mean: 96.712348938
        min: 0
        var: 3593089.5
    pitch_after_max_to_before_max_energy_ratio: 0.0105441045016
    pitch_centroid: 202.042236328
    pitch_max_to_total: 0.992822945118
    pitch_min_to_total: 0.547846913338
    tristimulus:
        dmean: [0.131763458252, 0.129392489791, 0.017084505409]
        dmean2: [0.237839609385, 0.22898247838, 0.0297840628773]
        dvar: [0.0469811670482, 0.043016076088, 0.000704903854057]
        dvar2: [0.135428875685, 0.126250848174, 0.00182531634346]
        max: [1, 0.999401032925, 0.166694670916]
        mean: [0.405762374401, 0.561445116997, 0.0280911680311]
        min: [0.000280436419416, 0, 0]
        var: [0.089810281992, 0.0827980861068, 0.0012544055935]

tonal:
    chords_changes_rate: 0.057416267693
    chords_number_rate: 0.0334928222001
    chords_strength:
        dmean: 0.00919482950121
        dmean2: 0.00701737729833
        dvar: 9.8547207017e-05
        dvar2: 0.0001024784724
        max: 0.542268395424
        mean: 0.376215696335
        min: 0.207431927323
        var: 0.00401622662321
    key_strength: 0.651838362217
    tuning_diatonic_strength: 0.518283367157
    tuning_equal_tempered_deviation: 0.0674966201186
    tuning_frequency: 439.238189697
    tuning_nontempered_energy_ratio: 0.651448011398
    hpcp:
        dmean: [0.0278863236308, 0.0269513912499, 0.0214990954846, 0.0182187166065, 0.0199959203601, 0.0470201633871, 0.0646038725972, 0.0294515118003, 0.00311414524913, 0.00166210101452, 0.00392432929948, 0.0133407060057, 0.0171311162412, 0.0124120283872, 0.00808356236666, 0.00428157811984, 0.0133251491934, 0.0435761585832, 0.0517189316452, 0.0584494024515, 0.0797745138407, 0.082407578826, 0.0935409963131, 0.0464116074145, 0.0308665707707, 0.0316131673753, 0.0334524735808, 0.0230827461928, 0.0122132059187, 0.0246275868267, 0.0229423977435, 0.02855328843, 0.0332714691758, 0.0236972365528, 0.0325560942292, 0.0333734080195]
        dmean2: [0.0369084104896, 0.0429612547159, 0.0362586192787, 0.0282919034362, 0.0347701720893, 0.0698342174292, 0.104109108448, 0.0466390587389, 0.00491756573319, 0.00295909913257, 0.00642597582191, 0.0216570328921, 0.0285075921565, 0.02210319601, 0.0148486411199, 0.00713800080121, 0.0244122818112, 0.0734087228775, 0.084475018084, 0.0907622352242, 0.106956012547, 0.125460922718, 0.136143177748, 0.0637596473098, 0.0360439121723, 0.0407446250319, 0.0495378859341, 0.0346677862108, 0.0186188742518, 0.0311766192317, 0.0397425927222, 0.0400628857315, 0.0607976354659, 0.0383365489542, 0.0518153421581, 0.0490068159997]
        dvar: [0.0108944606036, 0.0169381294399, 0.0135680576786, 0.00796891562641, 0.00834846589714, 0.0117256604135, 0.0234952066094, 0.00546606723219, 0.000112909248855, 3.48603207385e-05, 0.000173235064722, 0.00245723221451, 0.00391298439354, 0.00227145059034, 0.00106563675217, 0.000141122014611, 0.00387601833791, 0.0109068145975, 0.0220147576183, 0.0132595514879, 0.0105076627806, 0.0279376022518, 0.0215093120933, 0.0138080371544, 0.0106227053329, 0.0143409678712, 0.0166920702904, 0.00866298750043, 0.000816131825559, 0.00855339504778, 0.0132869137451, 0.0118625704199, 0.0241491235793, 0.0117423692718, 0.0180954765528, 0.0179062504321]
        dvar2: [0.0182361155748, 0.0427195169032, 0.0304045937955, 0.0193920098245, 0.0224850736558, 0.0268164034933, 0.0492072664201, 0.011051543057, 0.000176985282451, 7.21452888683e-05, 0.000448514329037, 0.00637646997347, 0.0100412359461, 0.00641073798761, 0.00319969002157, 0.00040819964488, 0.0109522445127, 0.0254750121385, 0.0400426089764, 0.0282894726843, 0.0216861516237, 0.0559349283576, 0.0429016426206, 0.0189377125353, 0.0139023819938, 0.0229605715722, 0.0349308773875, 0.017507346347, 0.00155581568833, 0.0126269599423, 0.0245589930564, 0.0248247347772, 0.0679344013333, 0.021635375917, 0.0403605513275, 0.03590445593]
        max: [1, 1, 1, 1, 1, 0.880650401115, 1, 0.717906236649, 0.133995234966, 0.0433476157486, 0.108164139092, 0.430610209703, 0.473027735949, 0.462431490421, 0.254563331604, 0.102918744087, 0.686038017273, 1, 1, 1, 1, 1, 1, 1, 1, 1, 1, 1, 0.266058981419, 1, 1, 0.950872898102, 1, 0.829441070557, 1, 1]
        mean: [0.0381207875907, 0.0205743778497, 0.0213860161602, 0.0198970921338, 0.0195528380573, 0.0895454585552, 0.142573237419, 0.0670609474182, 0.00325478427112, 0.00188528234139, 0.00421530939639, 0.0129361143336, 0.0156722813845, 0.0105575099587, 0.00836853589863, 0.00512937549502, 0.0100629720837, 0.111271284521, 0.231288731098, 0.18278837204, 0.297472387552, 0.484928548336, 0.298900574446, 0.0866082832217, 0.0547306984663, 0.0593790858984, 0.0915009155869, 0.0778046026826, 0.0256957430393, 0.0382371507585, 0.05472022295, 0.0316953361034, 0.0218951050192, 0.0253810510039, 0.0380368381739, 0.0517679527402]
        min: [7.22816321286e-06, 1.45571743815e-06, 0, 0, 0, 9.29988091229e-05, 0.000317728699883, 0.000185233933735, 5.09664550918e-06, 0, 0, 0, 0, 0, 0, 2.56030125456e-05, 0, 1.80569259101e-06, 2.12771319639e-05, 0.000127315026475, 0, 0.000176397355972, 6.31057773717e-05, 0, 0, 0, 2.04156167456e-05, 3.86319879908e-05, 4.15309796153e-06, 1.00913393908e-06, 0, 1.01436089608e-05, 1.14417616714e-05, 0, 0, 1.92724528461e-05]
        var: [0.0237670075148, 0.0141373863444, 0.0124217011034, 0.00738978665322, 0.0059062410146, 0.0315655432642, 0.0747187584639, 0.0175597127527, 0.000112660462037, 4.32882225141e-05, 0.000179251917871, 0.00237626559101, 0.0037632570602, 0.00153490842786, 0.000592490541749, 9.9368247902e-05, 0.00286088767461, 0.043050467968, 0.150925666094, 0.0724159702659, 0.0957605913281, 0.186079725623, 0.0959143489599, 0.0456895753741, 0.0361815467477, 0.0389547012746, 0.0635788962245, 0.0519588552415, 0.00287352851592, 0.024752555415, 0.0431131571531, 0.0160202141851, 0.0145661067218, 0.0140331583098, 0.0253923479468, 0.0377926751971]
    chords_histogram: [20.5741634369, 10.5263156891, 11.483253479, 2.39234447479, 0, 0, 0, 11.483253479, 0, 0, 0, 0, 0, 0, 0, 31.100479126, 0, 12.4401912689, 0, 0, 0, 0, 0, 0]
    thpcp: [1, 0.616380631924, 0.178600087762, 0.112863428891, 0.122449144721, 0.188689485192, 0.16044549644, 0.0529887191951, 0.0788511037827, 0.112841829658, 0.0653608366847, 0.0451511964202, 0.0523397736251, 0.0784380286932, 0.106753773987, 0.0786111429334, 0.0424276478589, 0.0441013760865, 0.0410309769213, 0.0403210707009, 0.184657022357, 0.294008761644, 0.138290375471, 0.00671188440174, 0.00388775276951, 0.00869263987988, 0.0266763307154, 0.0323187448084, 0.0217712689191, 0.0172572564334, 0.0105775902048, 0.0207514539361, 0.229459136724, 0.476954251528, 0.376938760281, 0.613435506821]
    chords_key: "A"
    chords_scale: "minor"
    key_key: "E"
    key_scale: "major"
    chords_progression: ["Em", "Em", "Em", "Em", "Em", "Em", "E", "E", "E", "E", "E", "Em", "Em", "Em", "Em", "Em", "Em", "Em", "Em", "Em", "Em", "Em", "Em", "Em", "Em", "Fm", "Fm", "Fm", "Fm", "Fm", "Fm", "Fm", "Fm", "Fm", "Fm", "Fm", "Fm", "Fm", "Fm", "Fm", "Fm", "Fm", "Fm", "Fm", "Fm", "Fm", "Fm", "Fm", "Fm", "Em", "Em", "Em", "Em", "Em", "Em", "E", "B", "B", "B", "D#m", "D#m", "D#m", "D#m", "D#m", "Am", "Am", "Am", "Am", "Am", "Am", "Am", "Am", "Am", "Am", "Am", "Am", "Am", "Am", "Am", "E", "E", "E", "E", "E", "E", "E", "E", "E", "E", "E", "E", "E", "E", "E", "E", "E", "E", "E", "E", "E", "E", "E", "E", "E", "E", "E", "E", "E", "E", "E", "E", "E", "E", "E", "E", "E", "B", "B", "B", "B", "B", "B", "B", "B", "B", "B", "B", "B", "B", "B", "B", "B", "B", "B", "B", "B", "B", "G#m", "G#m", "G#m", "G#m", "G#m", "G#m", "G#m", "G#m", "G#m", "G#m", "G#m", "G#m", "G#m", "G#m", "G#m", "G#m", "G#m", "G#m", "G#m", "G#m", "G#m", "G#m", "Am", "Am", "Am", "Am", "Am", "Am", "Am", "Am", "Am", "Am", "Am", "Am", "Am", "Am", "Am", "Am", "Am", "Am", "Am", "Am", "Am", "Am", "Am", "Am", "Am", "Am", "Am", "Am", "Am", "Am", "Am", "Am", "Am", "Am", "Am", "Am", "Am", "Am", "Am", "Am", "Am", "Am", "Am", "Am", "Am", "Am", "Am", "Am", "Am", "Am"]
