
metadata:
    version:
        essentia: "1.2.2"
    audio_properties:
        analysis_sample_rate: 44100
        bitrate: 128
        channels: 2
        equal_loudness: 1
        length: 10.0310201645
        replay_gain: -9.55674552917
        downmix: "mix"
    tags:
        track: 25
        year: 0
        album: "Splitted by Mp3Splt v. 2.1"
        artist: "From 004.00 To 004.10"
        comment: "http://mp3splt.sf.net"
        genre: ""
        title: "11 Anja [Mother Earth Mix].mp3"

highlevel:
    ballroom:
        all:
            ChaChaCha: 0.1241312325
            Jive: 0.030285095796
            Quickstep: 0.0122632049024
            Rumba-American: 0.00544917583466
            Rumba-International: 0.0448089577258
            Rumba-Misc: 0.0189511384815
            Samba: 0.72995609045
            Tango: 0.0195032060146
            VienneseWaltz: 0.0102208219469
            Waltz: 0.00443109497428
        probability: 0.72995609045
        value: "Samba"
    culture:
        all:
            non_western: 0.940983235836
            western: 0.0590167678893
        probability: 0.940983235836
        value: "non_western"
    gender:
        all:
            female: 0.957545936108
            male: 0.0424540825188
        probability: 0.957545936108
        value: "female"
    genre_dortmund:
        all:
            alternative: 0.0168973095715
            blues: 0.0117010958493
            electronic: 0.383068025112
            folkcountry: 0.00715296342969
            funksoulrnb: 0.03759136796
            jazz: 0.0983422547579
            pop: 0.014948588796
            raphiphop: 0.387540131807
            rock: 0.0427582748234
        probability: 0.387540131807
        value: "raphiphop"
    genre_electronica:
        all:
            ambient: 0.0815379470587
            dnb: 0.1802097857
            house: 0.209084331989
            techno: 0.486353844404
            trance: 0.0428140796721
        probability: 0.486353844404
        value: "techno"
    genre_rosamerica:
        all:
            cla: 0.02915196307
            dan: 0.172002717853
            hip: 0.520878195763
            jaz: 0.0525420419872
            pop: 0.042518440634
            rhy: 0.098765283823
            roc: 0.074882760644
            spe: 0.00925856549293
        probability: 0.520878195763
        value: "hip"
    genre_tzanetakis:
        all:
            blu: 0.00281681725755
            cla: 0.0025413047988
            cou: 0.0071101388894
            dis: 0.315725147724
            hip: 0.117010451853
            jaz: 0.0147131374106
            met: 0.00577599089593
            pop: 0.0357005223632
            reg: 0.489499002695
            roc: 0.00910747051239
        probability: 0.489499002695
        value: "reg"
    live_studio:
        all:
            live: 0.0686113536358
            studio: 0.931388616562
        probability: 0.931388616562
        value: "studio"
    mood:
        all:
            Cluster1: 0.14773312211
            Cluster2: 0.0877902060747
            Cluster3: 0.16369651258
            Cluster4: 0.0472615920007
            Cluster5: 0.553518593311
        probability: 0.553518593311
        value: "Cluster5"
    mood_acoustic:
        all:
            acoustic: 0.0364191830158
            not_acoustic: 0.963580846786
        probability: 0.963580846786
        value: "not_acoustic"
    mood_aggressive:
        all:
            aggressive: 0.449834614992
            not_aggressive: 0.550165355206
        probability: 0.550165355206
        value: "not_aggressive"
    mood_electronic:
        all:
            electronic: 0.850056886673
            not_electronic: 0.149943098426
        probability: 0.850056886673
        value: "electronic"
    mood_happy:
        all:
            happy: 0.167919427156
            not_happy: 0.832080602646
        probability: 0.832080602646
        value: "not_happy"
    mood_party:
        all:
            not_party: 0.54784911871
            party: 0.45215088129
        probability: 0.54784911871
        value: "not_party"
    mood_relaxed:
        all:
            not_relaxed: 0.268249899149
            relaxed: 0.731750071049
        probability: 0.731750071049
        value: "relaxed"
    mood_sad:
        all:
            not_sad: 0.649431526661
            sad: 0.350568473339
        probability: 0.649431526661
        value: "not_sad"
    rhythm:
        all:
            fast: 0.707531690598
            medium: 0.10805978626
            slow: 0.184408530593
        probability: 0.707531690598
        value: "fast"
    speech_music:
        all:
            music: 0.999999046326
            speech: 9.76737737801e-07
        probability: 0.999999046326
        value: "music"
    timbre:
        all:
            bright: 0.154478684068
            dark: 0.845521330833
        probability: 0.845521330833
        value: "dark"
    voice_instrumental:
        all:
            instrumental: 0.9940097332
            voice: 0.00599027145654
        probability: 0.9940097332
        value: "instrumental"

lowlevel:
    average_loudness: 0.98357796669
    barkbands_kurtosis:
        dmean: 2.99029445648
        dmean2: 4.61225271225
        dvar: 30.3782405853
        dvar2: 66.9998703003
        max: 47.7930755615
        mean: 2.29985809326
        min: -1.80466413498
        var: 42.5434608459
    barkbands_skewness:
        dmean: 0.75487691164
        dmean2: 1.08492863178
        dvar: 0.633532643318
        dvar2: 1.15994751453
        max: 6.10035085678
        mean: 0.861064076424
        min: -1.73327505589
        var: 1.94089782238
    barkbands_spread:
        dmean: 7.48859596252
        dmean2: 11.586192131
        dvar: 48.3622131348
        dvar2: 105.464904785
        max: 61.5948410034
        mean: 25.6226062775
        min: 3.04289889336
        var: 150.38331604
    dissonance:
        dmean: 0.0306781474501
        dmean2: 0.0507050566375
        dvar: 0.000761305331253
        dvar2: 0.00194118393119
        max: 0.496026217937
        mean: 0.441703408957
        min: 0.270322203636
        var: 0.00152413535397
    hfc:
        dmean: 2.07120895386
        dmean2: 3.06504964828
        dvar: 17.1615390778
        dvar2: 40.0430450439
        max: 33.5548934937
        mean: 3.40566802025
        min: 0.150548458099
        var: 22.7160205841
    pitch:
        dmean: 430.677703857
        dmean2: 831.735473633
        dvar: 817284.875
        dvar2: 2075402.625
        max: 4410
        mean: 510.07635498
        min: 44.2326965332
        var: 624305.5625
    pitch_instantaneous_confidence:
        dmean: 0.0975979343057
        dmean2: 0.152055680752
        dvar: 0.00757632078603
        dvar2: 0.0168348830193
        max: 0.894729197025
        mean: 0.462096422911
        min: 0.176022946835
        var: 0.024653641507
    pitch_salience:
        dmean: 0.0885856822133
        dmean2: 0.141017153859
        dvar: 0.00607084389776
        dvar2: 0.0136317880824
        max: 0.832943856716
        mean: 0.503347814083
        min: 0.184461325407
        var: 0.0150389205664
    silence_rate_20dB:
        dmean: 0
        dmean2: 0
        dvar: 0
        dvar2: 0
        max: 1
        mean: 1
        min: 1
        var: 0
    silence_rate_30dB:
        dmean: 0
        dmean2: 0
        dvar: 0
        dvar2: 0
        max: 1
        mean: 1
        min: 1
        var: 0
    silence_rate_60dB:
        dmean: 0.217592597008
        dmean2: 0.433874696493
        dvar: 0.170246481895
        dvar2: 0.268829286098
        max: 1
        mean: 0.651270210743
        min: 0
        var: 0.227117687464
    spectral_centroid:
        dmean: 302.395996094
        dmean2: 438.641784668
        dvar: 103816.90625
        dvar2: 172621.953125
        max: 2744.89746094
        mean: 1026.36352539
        min: 139.686813354
        var: 360203.78125
    spectral_complexity:
        dmean: 3.0603249073
        dmean2: 4.41860485077
        dvar: 23.9499797821
        dvar2: 41.164276123
        max: 45
        mean: 7.83796310425
        min: 0
        var: 45.1450538635
    spectral_crest:
        dmean: 3.13416433334
        dmean2: 4.97470998764
        dvar: 7.48168563843
        dvar2: 19.5654850006
        max: 22.4720458984
        mean: 9.01240921021
        min: 2.92502164841
        var: 13.7275476456
    spectral_decrease:
        dmean: 5.39225830654e-10
        dmean2: 8.43753455992e-10
        dvar: 6.07010620994e-19
        dvar2: 1.48284170618e-18
        max: -1.62036356555e-11
        mean: -8.04967592583e-10
        min: -6.15127371262e-09
        var: 6.72371331071e-19
    spectral_energy:
        dmean: 0.00220130803064
        dmean2: 0.00343522941694
        dvar: 9.74815884547e-06
        dvar2: 2.37319800362e-05
        max: 0.0236401744187
        mean: 0.00334703573026
        min: 8.14297891338e-05
        var: 1.12210927909e-05
    spectral_energyband_high:
        dmean: 6.91375898896e-05
        dmean2: 9.88152241916e-05
        dvar: 1.95221492305e-08
        dvar2: 4.12530738458e-08
        max: 0.00132980325725
        mean: 8.96731289686e-05
        min: 2.75203461797e-07
        var: 2.61637485011e-08
    spectral_energyband_low:
        dmean: 0.00113117950968
        dmean2: 0.0018088062061
        dvar: 4.47844240625e-06
        dvar2: 1.0869529433e-05
        max: 0.0168440118432
        mean: 0.00113261351362
        min: 9.7877079952e-07
        var: 4.20774722443e-06
    spectral_energyband_middle_high:
        dmean: 0.000776505097747
        dmean2: 0.00118036963977
        dvar: 2.78108404927e-06
        dvar2: 6.5814010668e-06
        max: 0.0139791015536
        mean: 0.00124487199355
        min: 1.31856877488e-05
        var: 3.94378548663e-06
    spectral_energyband_middle_low:
        dmean: 0.000622513354756
        dmean2: 0.00104261294473
        dvar: 1.14350905278e-06
        dvar2: 2.95938116324e-06
        max: 0.00847296789289
        mean: 0.000879774161149
        min: 9.68044878391e-06
        var: 1.13552437142e-06
    spectral_flatness_db:
        dmean: 0.026723915711
        dmean2: 0.0406667739153
        dvar: 0.000606739253271
        dvar2: 0.00125308532733
        max: 0.325143367052
        mean: 0.174958765507
        min: 0.0950122699142
        var: 0.00184723490383
    spectral_flux:
        dmean: 0.0155068682507
        dmean2: 0.0236061736941
        dvar: 0.000317228201311
        dvar2: 0.000613339536358
        max: 0.132332637906
        mean: 0.0368366874754
        min: 0.00791356340051
        var: 0.000526937656105
    spectral_kurtosis:
        dmean: 2.20900297165
        dmean2: 3.48044633865
        dvar: 7.39346408844
        dvar2: 16.8854885101
        max: 41.291267395
        mean: 6.01618385315
        min: 0.834961414337
        var: 18.1374034882
    spectral_rms:
        dmean: 0.000520955130924
        dmean2: 0.000770990736783
        dvar: 3.44682604236e-07
        dvar2: 7.51112679609e-07
        max: 0.00480245612562
        mean: 0.0016421143664
        min: 0.000281857588561
        var: 5.68862049022e-07
    spectral_rolloff:
        dmean: 573.602661133
        dmean2: 915.411682129
        dvar: 559304.6875
        dvar2: 1020325.5625
        max: 4328.17382812
        mean: 1900.85498047
        min: 107.666015625
        var: 1391230.625
    spectral_skewness:
        dmean: 0.292358905077
        dmean2: 0.436024188995
        dvar: 0.0901066809893
        dvar2: 0.194718971848
        max: 5.03132200241
        mean: 1.80948412418
        min: 0.776093423367
        var: 0.304766863585
    spectral_spread:
        dmean: 583659.625
        dmean2: 841756.625
        dvar: 472458788864
        dvar2: 764225454080
        max: 11551552
        mean: 4160313.5
        min: 1461965.125
        var: 1.40213157888e+12
    spectral_strongpeak:
        dmean: 0.453562915325
        dmean2: 0.780422031879
        dvar: 0.577839076519
        dvar2: 1.2527358532
        max: 6.19413900375
        mean: 0.6050106287
        min: 0.0134805748239
        var: 0.954718053341
    zerocrossingrate:
        dmean: 0.0120574878529
        dmean2: 0.0127202942967
        dvar: 0.000103262122138
        dvar2: 0.000121824639791
        max: 0.14111328125
        mean: 0.0633567497134
        min: 0.0078125
        var: 0.00071463198401
    barkbands:
        dmean: [1.20671120385e-06, 0.000596417055931, 0.000696537957992, 0.000331927760271, 0.000148000486661, 0.00014491964248, 4.78893816762e-05, 4.18217605329e-05, 8.52529919939e-05, 3.35013937729e-05, 6.18301710347e-05, 0.000158131224453, 0.000155603178428, 4.04695274483e-05, 7.64206633903e-05, 5.6260778365e-05, 0.000109527012683, 0.000119982934848, 0.000110982946353, 8.85482077138e-05, 2.87990133074e-05, 7.92535774963e-06, 2.03522427e-06, 5.16248064741e-07, 2.66879339961e-07, 2.10419610625e-08, 1.43910916517e-09]
        dmean2: [1.93578330254e-06, 0.000967979722191, 0.0012278862996, 0.000617938698269, 0.000252163474215, 0.000261338282144, 8.34382153698e-05, 6.65640036459e-05, 0.000121591008792, 5.49805918126e-05, 0.000100016302895, 0.000225878044148, 0.000238395645283, 6.3986510213e-05, 0.000124080106616, 8.96944548003e-05, 0.000172691026819, 0.000194002408534, 0.00017289997777, 0.000133192923386, 4.35061883763e-05, 1.17563386084e-05, 2.94617507279e-06, 7.63993227793e-07, 4.02564126034e-07, 3.28003935124e-08, 1.6908995315e-09]
        dvar: [2.10525043579e-12, 1.03314926037e-06, 2.40797157858e-06, 6.27342160442e-07, 7.07010627821e-08, 1.72023376876e-07, 1.21223537874e-08, 4.93879381835e-09, 1.37967193226e-08, 9.70971480996e-09, 3.19907513813e-08, 1.60662025905e-07, 2.23158238555e-07, 1.07298365748e-08, 1.19258885434e-07, 1.96383798112e-08, 7.8496043443e-08, 8.3885097979e-08, 6.72562876503e-08, 4.24693240575e-08, 2.96831981217e-09, 2.13931899973e-10, 2.11129343175e-11, 9.58676605982e-13, 7.25593034007e-13, 9.76175825557e-15, 5.00739832154e-16]
        dvar2: [5.204366018e-12, 2.33883156397e-06, 6.67228368911e-06, 1.75292848326e-06, 1.6933776692e-07, 4.71105494171e-07, 3.24791180617e-08, 1.20936638481e-08, 3.03929930112e-08, 2.7715449491e-08, 8.4131002609e-08, 3.10736083975e-07, 5.30497288764e-07, 2.46840503593e-08, 3.1994005667e-07, 4.91791141144e-08, 1.98412777763e-07, 2.06528554259e-07, 1.69954461171e-07, 9.01749359628e-08, 5.49934231486e-09, 3.92333276977e-10, 3.89515468491e-11, 1.71672431045e-12, 1.81048893325e-12, 2.48162103524e-14, 5.03592215603e-16]
        max: [1.28422116177e-05, 0.00681289797649, 0.0119959414005, 0.00576837453991, 0.00296270078979, 0.00348098669201, 0.00095899309963, 0.000653175520711, 0.00100634631235, 0.00104766315781, 0.00241972971708, 0.00736844586208, 0.00671070860699, 0.00106549041811, 0.00583381578326, 0.00144703302067, 0.00228023552336, 0.00243211141787, 0.00241622398607, 0.00205419375561, 0.000394514325308, 0.000116031944344, 5.8225075918e-05, 9.89250929706e-06, 1.09965048978e-05, 1.23608231206e-06, 4.6462017167e-07]
        mean: [3.04291938846e-06, 0.000597908277996, 0.000531768950168, 0.000231551195611, 0.00024368466984, 0.000127614446683, 4.70032027806e-05, 6.25715911156e-05, 0.000152870925376, 4.08980522479e-05, 8.04496958153e-05, 0.000221670066821, 0.000220503221499, 4.99895868415e-05, 8.32807199913e-05, 7.32199187041e-05, 0.000122066041513, 0.000145612531924, 0.000138603587402, 0.000121255026897, 3.70368325093e-05, 1.04824412119e-05, 2.89608533421e-06, 7.25452252937e-07, 3.08803123517e-07, 2.37966144567e-08, 1.43503187111e-09]
        min: [7.25389026623e-10, 1.0661426586e-07, 8.33152739688e-07, 1.07434857455e-06, 1.09375309876e-06, 6.42741397883e-08, 2.39192559093e-07, 4.57564226508e-07, 1.9347255602e-06, 1.58411182838e-07, 1.98178852884e-07, 8.89940508841e-07, 1.68318663896e-07, 1.22423202242e-07, 1.7523682061e-07, 1.57058479999e-07, 3.43965552929e-07, 2.89003025955e-07, 3.91976044511e-07, 1.8781288702e-07, 1.04463858008e-07, 4.42757794872e-08, 6.24110940706e-09, 3.450844277e-09, 1.19916565566e-09, 8.41609212876e-11, 6.70883108182e-13]
        var: [1.1963131874e-11, 1.04748221474e-06, 1.62235824064e-06, 3.83808043125e-07, 8.2195555251e-08, 1.29227956336e-07, 1.1411080969e-08, 9.5496828223e-09, 3.01760074706e-08, 9.52491241435e-09, 4.5321961295e-08, 3.72703908624e-07, 3.39710254593e-07, 1.28741097782e-08, 1.02527955903e-07, 2.14686295408e-08, 8.11774043541e-08, 8.61312372535e-08, 6.93310013844e-08, 6.87281058731e-08, 4.42105152487e-09, 3.22124077412e-10, 3.48143111562e-11, 1.67055475356e-12, 6.96417316176e-13, 8.64183246854e-15, 4.99794437505e-16]
    mfcc:
        mean: [-769.964050293, 138.520187378, -38.5644760132, 58.0365867615, -11.0378665924, 10.0806093216, 11.9676656723, 9.41301441193, -3.0134871006, 0.779107153416, 1.09400951862, 6.09452486038, -0.199292257428]
        cov: [[2996.38330078, -1067.48974609, -606.791442871, -152.801300049, 201.895324707, 42.1398048401, -39.2820053101, -161.194259644, -119.678573608, -77.6492538452, 11.4794998169, 13.6604633331, 24.413602829], [-1067.48974609, 885.626831055, 169.337860107, 9.85551738739, -103.760467529, -91.2237319946, 5.34225130081, 15.6762218475, 28.4143676758, 15.5921583176, -25.9039592743, -36.5080108643, -17.6546783447], [-606.791442871, 169.337860107, 933.190856934, 222.782287598, -93.477684021, 45.738494873, -36.6181983948, 65.9227142334, 45.1715278625, 40.2210884094, 6.76673316956, 31.8180007935, -38.4306678772], [-152.801300049, 9.85551738739, 222.782287598, 284.845367432, 27.8572883606, -41.0055046082, -56.7188987732, 74.7149429321, 49.0179176331, 2.70647788048, 23.5951766968, 19.7344112396, -23.49908638], [201.895324707, -103.760467529, -93.477684021, 27.8572883606, 167.633544922, 58.1979141235, 11.7564840317, 5.77769899368, 9.03185081482, 11.5382671356, 14.8264446259, 11.8686504364, 13.0800056458], [42.1398048401, -91.2237319946, 45.738494873, -41.0055046082, 58.1979141235, 203.287139893, 77.6225280762, -17.2346191406, -4.48763227463, 13.9065036774, 18.9955806732, 23.6884689331, 15.2922611237], [-39.2820053101, 5.34225130081, -36.6181983948, -56.7188987732, 11.7564840317, 77.6225280762, 140.57371521, 29.7678794861, -26.3951015472, -2.61000013351, -4.30927419662, 20.761472702, 20.3945903778], [-161.194259644, 15.6762218475, 65.9227142334, 74.7149429321, 5.77769899368, -17.2346191406, 29.7678794861, 135.899673462, 64.591545105, -1.31628859043, 5.16397333145, 19.9854946136, -9.21461772919], [-119.678573608, 28.4143676758, 45.1715278625, 49.0179176331, 9.03185081482, -4.48763227463, -26.3951015472, 64.591545105, 115.493858337, 38.4909362793, 0.991518974304, -16.1567783356, -17.056520462], [-77.6492538452, 15.5921583176, 40.2210884094, 2.70647788048, 11.5382671356, 13.9065036774, -2.61000013351, -1.31628859043, 38.4909362793, 91.4322433472, 16.3308486938, -29.4706687927, -3.41991496086], [11.4794998169, -25.9039592743, 6.76673316956, 23.5951766968, 14.8264446259, 18.9955806732, -4.30927419662, 5.16397333145, 0.991518974304, 16.3308486938, 60.8584785461, 31.1216144562, -1.58129680157], [13.6604633331, -36.5080108643, 31.8180007935, 19.7344112396, 11.8686504364, 23.6884689331, 20.761472702, 19.9854946136, -16.1567783356, -29.4706687927, 31.1216144562, 97.6141662598, 24.5847511292], [24.413602829, -17.6546783447, -38.4306678772, -23.49908638, 13.0800056458, 15.2922611237, 20.3945903778, -9.21461772919, -17.056520462, -3.41991496086, -1.58129680157, 24.5847511292, 55.9966583252]]
        icov: [[0.000753956381232, 0.000847178744152, 0.000142952165334, 0.000181315830559, -0.000557229155675, 0.000463756761746, -0.000162049022038, 0.000825429859105, -0.000127051767777, 0.000540888402611, -0.000126012499095, 6.20816426817e-05, 0.000274466408882], [0.000847178744152, 0.00232218741439, -0.000194200503756, 0.000286726193735, -0.000262660207227, 0.00152837927453, -0.00123596284539, 0.00159172771964, -0.0010084270034, 0.00084666145267, -0.00035753211705, 0.00050043722149, 0.000220610265387], [0.000142952165334, -0.000194200503756, 0.00207598879933, -0.00161951291375, 0.00164838682394, -0.0019226546865, 0.00140233943239, -0.000954027520493, 0.00130866898689, -0.0019804185722, 0.00201675179414, -0.00158629158977, 0.00112492183689], [0.000181315830559, 0.000286726193735, -0.00161951291375, 0.00667920056731, -0.00260042469017, 0.00160583329853, 0.00200547976419, -0.00264425412752, -0.000180784394615, 0.00131145329215, -0.00228906795382, 0.000257149658864, 0.000553631165531], [-0.000557229155675, -0.000262660207227, 0.00164838682394, -0.00260042469017, 0.00934867747128, -0.00398938404396, 0.00144121667836, -0.00164089573082, 0.000834311184008, -0.00248445128091, 0.00107015995309, -0.000823182752356, -0.00119499431457], [0.000463756761746, 0.00152837927453, -0.0019226546865, 0.00160583329853, -0.00398938404396, 0.0111004943028, -0.00805828534067, 0.00645348755643, -0.00539697986096, 0.00275575183332, -0.00429685879499, 0.000357323413482, -0.000222503411351], [-0.000162049022038, -0.00123596284539, 0.00140233943239, 0.00200547976419, 0.00144121667836, -0.00805828534067, 0.0174314416945, -0.0114177130163, 0.0098530696705, -0.005047140643, 0.00521596893668, -0.002174643334, -0.00108352710959], [0.000825429859105, 0.00159172771964, -0.000954027520493, -0.00264425412752, -0.00164089573082, 0.00645348755643, -0.0114177130163, 0.0204892829061, -0.013717408292, 0.00594108412042, -0.00298672309145, -0.00167600868735, 0.00136456987821], [-0.000127051767777, -0.0010084270034, 0.00130866898689, -0.000180784394615, 0.000834311184008, -0.00539697986096, 0.0098530696705, -0.013717408292, 0.0214850213379, -0.00984124094248, 0.0055186888203, -0.000595511170104, 0.00235340837389], [0.000540888402611, 0.00084666145267, -0.0019804185722, 0.00131145329215, -0.00248445128091, 0.00275575183332, -0.005047140643, 0.00594108412042, -0.00984124094248, 0.0211294945329, -0.0117447050288, 0.00972551759332, -0.00444279657677], [-0.000126012499095, -0.00035753211705, 0.00201675179414, -0.00228906795382, 0.00107015995309, -0.00429685879499, 0.00521596893668, -0.00298672309145, 0.0055186888203, -0.0117447050288, 0.0287156701088, -0.0133265275508, 0.00652345083654], [6.20816426817e-05, 0.00050043722149, -0.00158629158977, 0.000257149658864, -0.000823182752356, 0.000357323413482, -0.002174643334, -0.00167600868735, -0.000595511170104, 0.00972551759332, -0.0133265275508, 0.0211873576045, -0.00950495805591], [0.000274466408882, 0.000220610265387, 0.00112492183689, 0.000553631165531, -0.00119499431457, -0.000222503411351, -0.00108352710959, 0.00136456987821, 0.00235340837389, -0.00444279657677, 0.00652345083654, -0.00950495805591, 0.0245743263513]]
    spectral_contrast:
        mean: [-2.21171859494e-07, -2.77482399724e-07, -1.43794480323e-07, 1.97966414817e-07, 1.53461257923e-07, -1.73363972067e-07, -5.44471868125e-06, 4.52988388133e-06, 7.52784615088e-07, 1.14345721158e-06, -2.76623495665e-06, 3.28294663632e-06]
        var: [0.000470455561299, 0.00139498512726, 0.00171572552063, 0.00274580670521, 0.00408207485452, 0.00638387864456, 0.0507260262966, 0.135567560792, 0.192541509867, 0.399666577578, 0.450507372618, 2.03474926949]

rhythm:
    beats_loudness:
        dmean: 0.00262729311362
        dmean2: 0.00410530669615
        dvar: 3.99226519221e-06
        dvar2: 9.68243784882e-06
        max: 0.00943086761981
        mean: 0.00448741531
        min: 0.000908613728825
        var: 6.89387161401e-06
    beats_loudness_bass:
        dmean: 0.244291707873
        dmean2: 0.379996538162
        dvar: 0.0662365630269
        dvar2: 0.161928966641
        max: 0.902418911457
        mean: 0.561328470707
        min: 0.016375400126
        var: 0.0769698396325
    bpm: 113.708045959
    bpm_confidence: 0
    first_peak_bpm: 114
    first_peak_spread: 0
    first_peak_weight: 0.944444417953
    onset_rate: 5.38330078125
    second_peak_bpm: 160
    second_peak_spread: 0
    second_peak_weight: 0.0555555559695
    beats_position: [0.539661347866, 1.06749105453, 1.59532058239, 2.12315034866, 2.65097999573, 3.17880940437, 3.70663905144, 4.23446846008, 4.76229810715, 5.29012727737, 5.81795692444, 6.19257974625, 6.72012042999, 7.24766159058, 7.77520179749, 8.30274200439, 8.8302822113, 9.35782337189, 9.8853635788]
    bpm_estimates: [114.007881165, 113.711357117, 114.03276062, 113.616455078, 113.373168945, 113.557891846, 113.530525208, 113.557662964, 114.0573349, 113.641487122, 113.936729431, 113.960464478, 113.697746277, 113.547355652, 113.461700439, 113.509757996, 113.597991943, 113.946502686]
    bpm_intervals: [0.527829706669, 0.527829527855, 0.527829766273, 0.527829647064, 0.527829408646, 0.527829647064, 0.527829408646, 0.527829647064, 0.527829170227, 0.527829647064, 0.374622821808, 0.527540683746, 0.527541160583, 0.527540206909, 0.527540206909, 0.527540206909, 0.527541160583, 0.527540206909]
    onset_times: [0.0348299331963, 0.197369620204, 0.371519267559, 0.53405892849, 1.06811785698, 1.25387752056, 1.60217690468, 1.78793644905, 1.96208620071, 2.13623571396, 2.29877543449, 2.49614500999, 2.64707493782, 2.82122445107, 3.00698423386, 3.19274377823, 3.35528349876, 3.55265307426, 3.88934230804, 4.08671188354, 4.41179132462, 4.63238096237, 4.7833108902, 4.93424034119, 5.11999988556, 5.31736946106, 5.46829938889, 5.65405893326, 5.8282084465, 6.01396846771, 6.15328788757, 6.35065746307, 6.57124710083, 6.71056699753, 6.90793657303, 7.0936961174, 7.22140598297, 7.44199562073, 7.60453510284, 7.77868461609, 7.94122457504, 8.13859367371, 8.3011341095, 8.47528362274, 8.64943313599, 8.77714252472, 8.83519268036, 9.0093421936, 9.19510173798, 9.53179168701, 9.71755123138, 9.84526062012, 9.92653083801, 10.0310201645]
    rubato_start: []
    rubato_stop: []
    perceptual_tempo: "unknown"

sfx:
    inharmonicity:
        dmean: 0.0357321538031
        dmean2: 0.0622742734849
        dvar: 0.00195353524759
        dvar2: 0.00506242690608
        max: 0.392752110958
        mean: 0.036574203521
        min: 1.98380093934e-05
        var: 0.00219996622764
    oddtoevenharmonicenergyratio:
        dmean: 2.71708035469
        dmean2: 5.1835064888
        dvar: 138.122833252
        dvar2: 410.967956543
        max: 156.609390259
        mean: 1.57952582836
        min: 3.00892479572e-05
        var: 73.0490341187
    pitch_after_max_to_before_max_energy_ratio: 1.37239348888
    pitch_centroid: 212.700378418
    pitch_max_to_total: 0.548611104488
    pitch_min_to_total: 0.583333313465
    tristimulus:
        dmean: [0.247451469302, 0.271465480328, 0.0953415706754]
        dmean2: [0.427636504173, 0.477380394936, 0.168496355414]
        dvar: [0.0470791272819, 0.0492305606604, 0.0115150390193]
        dvar2: [0.125358134508, 0.143361657858, 0.0306719653308]
        max: [0.974458992481, 0.97412353754, 0.551396846771]
        mean: [0.503478109837, 0.380276918411, 0.0873453468084]
        min: [0.0258764643222, 0, 0]
        var: [0.0826457589865, 0.078291349113, 0.0126723870635]

tonal:
    chords_changes_rate: 0.0184331797063
    chords_number_rate: 0.0184331797063
    chords_strength:
        dmean: 0.00752004608512
        dmean2: 0.00952848792076
        dvar: 3.18141501339e-05
        dvar2: 5.25551186001e-05
        max: 0.599728226662
        mean: 0.521330833435
        min: 0.390457004309
        var: 0.00221858662553
    key_strength: 0.685718357563
    tuning_diatonic_strength: 0.539561510086
    tuning_equal_tempered_deviation: 0.0626830458641
    tuning_frequency: 440.254241943
    tuning_nontempered_energy_ratio: 0.663467049599
    hpcp:
        dmean: [0.211648970842, 0.129495561123, 0.0747551620007, 0.071436829865, 0.0992074012756, 0.157955348492, 0.176066339016, 0.162750720978, 0.187672406435, 0.233015164733, 0.141961753368, 0.0737675949931, 0.0699910521507, 0.0817547664046, 0.132853999734, 0.151520818472, 0.12513242662, 0.121260367334, 0.145968511701, 0.171434015036, 0.237224191427, 0.29766201973, 0.279232501984, 0.284854471684, 0.292161822319, 0.229699149728, 0.159955903888, 0.17625759542, 0.158298298717, 0.198482319713, 0.255700409412, 0.160668715835, 0.134291067719, 0.151169523597, 0.183610647917, 0.232077330351]
        dmean2: [0.345436245203, 0.22203758359, 0.13495054841, 0.131285339594, 0.179536178708, 0.281122744083, 0.298013597727, 0.284444332123, 0.321933716536, 0.38579800725, 0.23328910768, 0.136830106378, 0.130636513233, 0.14812490344, 0.232014805079, 0.257295042276, 0.217052027583, 0.213025704026, 0.26489046216, 0.313068419695, 0.387975871563, 0.506933867931, 0.463851690292, 0.49089217186, 0.528814077377, 0.426900416613, 0.28277015686, 0.316444754601, 0.29046908021, 0.351558595896, 0.42894256115, 0.274776756763, 0.249669015408, 0.283750981092, 0.34092733264, 0.406502097845]
        dvar: [0.0442422144115, 0.0238914936781, 0.0147985713556, 0.0158070027828, 0.0295507516712, 0.0526787377894, 0.0523652136326, 0.0474680513144, 0.043552685529, 0.0517704449594, 0.0206501856446, 0.0181798432022, 0.0142592592165, 0.0148516669869, 0.026645494625, 0.0401220880449, 0.0238409526646, 0.027003981173, 0.0494042225182, 0.0561455786228, 0.0394869372249, 0.0643016397953, 0.0610409714282, 0.0687073245645, 0.093534886837, 0.0723216161132, 0.040412068367, 0.0628586634994, 0.0541280508041, 0.0506125539541, 0.0635282546282, 0.0396739467978, 0.050260964781, 0.0531572364271, 0.0541687086225, 0.055631749332]
        dvar2: [0.10808441788, 0.0633404999971, 0.0422883071005, 0.0466816574335, 0.0885127484798, 0.137563705444, 0.11723767966, 0.134701192379, 0.11402130872, 0.115984708071, 0.0523330830038, 0.053422536701, 0.0427327789366, 0.0396568104625, 0.0719244480133, 0.106622084975, 0.0602565146983, 0.0650290623307, 0.132068529725, 0.1568903476, 0.10454338789, 0.133091405034, 0.157253608108, 0.166280180216, 0.253895580769, 0.196009293199, 0.1114442572, 0.165227666497, 0.146254256368, 0.136116489768, 0.177887648344, 0.105033680797, 0.146522209048, 0.154271870852, 0.15471200645, 0.152899205685]
        max: [1, 0.865872144699, 0.912633299828, 1, 1, 1, 1, 1, 1, 1, 0.851158320904, 0.981998860836, 0.726032495499, 0.666287064552, 1, 1, 0.942756354809, 1, 1, 1, 1, 1, 1, 1, 1, 1, 1, 1, 1, 1, 1, 1, 1, 1, 1, 1]
        mean: [0.23702916503, 0.134543895721, 0.0662363171577, 0.0607655085623, 0.0804856792092, 0.158088475466, 0.215237349272, 0.174846529961, 0.251639574766, 0.326985478401, 0.177019000053, 0.0604149252176, 0.0569000281394, 0.0772976949811, 0.15409104526, 0.192483559251, 0.148564875126, 0.127281948924, 0.128891319036, 0.135461241007, 0.304331243038, 0.459851443768, 0.367620021105, 0.301879614592, 0.287669688463, 0.191064715385, 0.143111407757, 0.163530439138, 0.138071641326, 0.195152178407, 0.289007276297, 0.195949658751, 0.101464569569, 0.107391491532, 0.135730087757, 0.220111250877]
        min: [0.000968149281107, 0.00105167832226, 0.000665226427373, 0.000724561803509, 0.000489982601721, 0.000576769467443, 0.0010318296263, 0.00346362218261, 0.00266326661222, 0.0016924533993, 0.00226212432608, 0.000581220083404, 0.000749954488128, 0.000776353874244, 0.00107605673838, 0.00184333592188, 0.00145557359792, 0.00113393575884, 0.000668620225042, 0.000730135478079, 0.00191990099847, 0.00301872333512, 0.00223989202641, 0.000743274344131, 0.000547875708435, 0.0004018949694, 0.000632786599454, 0.00054653553525, 0.000674804381561, 0.00175308948383, 0.00363038410433, 0.0023806442041, 0.000511608028319, 0.000297842023429, 0.000329141621478, 0.00116096786223]
        var: [0.0598121546209, 0.0232530292124, 0.010951324366, 0.0105888834223, 0.0202847979963, 0.0463886596262, 0.0729553252459, 0.0463193431497, 0.0516113936901, 0.0835846215487, 0.0291256625205, 0.0121167236939, 0.00985854212195, 0.0122268712148, 0.0326915606856, 0.0572474598885, 0.0346059165895, 0.0333147495985, 0.0468103848398, 0.0473362654448, 0.0615345947444, 0.119926176965, 0.0929409265518, 0.0984498485923, 0.10176089406, 0.067355223, 0.0395338200033, 0.0691616237164, 0.0493209995329, 0.0523214489222, 0.0938447862864, 0.0500848963857, 0.0365610644221, 0.0386792011559, 0.0435054562986, 0.0604200214148]
    chords_histogram: [0, 0, 0, 0, 0, 0, 0, 0, 0, 2.30414748192, 0, 0, 0, 0, 0, 51.612903595, 35.0230407715, 11.0599079132, 0, 0, 0, 0, 0, 0]
    thpcp: [1, 0.79943215847, 0.656472027302, 0.625570893288, 0.415492266417, 0.311212271452, 0.355615794659, 0.300252705812, 0.424380928278, 0.628479659557, 0.426115125418, 0.22064641118, 0.233535185456, 0.295160740614, 0.478657305241, 0.515447258949, 0.292581230402, 0.144038513303, 0.13214160502, 0.175025388598, 0.343781620264, 0.468058437109, 0.380223929882, 0.547219276428, 0.71106761694, 0.384948223829, 0.131379216909, 0.123735673726, 0.168092757463, 0.335088759661, 0.418577700853, 0.323071449995, 0.276789277792, 0.280289024115, 0.294576078653, 0.661803364754]
    chords_key: "A"
    chords_scale: "minor"
    key_key: "E"
    key_scale: "major"
    chords_progression: ["Em", "Em", "Em", "Em", "Em", "Em", "Em", "Em", "Em", "Em", "Em", "Em", "Em", "Em", "Em", "Em", "Em", "Em", "Em", "Em", "Em", "Em", "Em", "Em", "C", "Am", "Am", "Am", "Am", "Am", "Am", "Am", "Am", "Am", "Am", "Am", "Am", "Am", "Am", "Am", "Am", "Am", "Am", "Am", "Am", "Am", "Am", "Am", "Am", "Am", "Am", "Am", "Am", "Am", "Am", "Am", "Am", "Am", "Am", "Am", "Am", "Am", "Am", "Am", "Am", "Am", "Am", "Am", "Am", "Am", "Am", "Am", "Am", "Am", "Am", "Am", "Am", "Am", "Am", "Am", "Am", "Am", "Am", "Am", "Am", "Am", "Am", "Am", "Am", "Am", "Am", "Am", "Am", "Am", "Am", "Am", "Am", "Am", "Am", "Am", "Am", "Am", "Am", "Am", "Am", "Am", "Am", "Am", "Am", "Am", "Am", "Am", "Am", "Am", "Am", "Am", "Am", "Am", "Am", "Am", "Am", "Am", "Am", "Am", "Am", "Am", "Am", "Am", "Am", "Am", "Am", "Am", "Am", "Am", "Am", "Am", "Am", "C", "C", "C", "C", "C", "C", "C", "C", "C", "C", "C", "C", "C", "C", "C", "C", "C", "C", "C", "C", "C", "C", "C", "C", "C", "C", "C", "C", "C", "C", "C", "C", "C", "C", "C", "C", "C", "C", "C", "C", "C", "C", "C", "C", "C", "C", "C", "C", "C", "C", "C", "C", "C", "C", "C", "C", "C", "C", "C", "C", "C", "C", "C", "C", "C", "C", "C", "C", "C", "C", "C", "C", "C", "C", "C", "Cm", "Cm", "Cm", "Cm", "Cm"]
