
metadata:
    version:
        essentia: "1.2.2"
    audio_properties:
        analysis_sample_rate: 44100
        bitrate: 128
        channels: 2
        equal_loudness: 1
        length: 9.95265293121
        replay_gain: -13.6394386292
        downmix: "mix"
    tags:
        track: 7
        year: 0
        album: "Splitted by Mp3Splt v. 2.1"
        artist: "From 001.00 To 001.10"
        comment: "http://mp3splt.sf.net"
        genre: ""
        title: "10 The Bottom Line.mp3"

highlevel:
    ballroom:
        all:
            ChaChaCha: 0.0272495821118
            Jive: 0.0478881783783
            Quickstep: 0.0538466982543
            Rumba-American: 0.0191444177181
            Rumba-International: 0.497421711683
            Rumba-Misc: 0.0993010029197
            Samba: 0.0370237678289
            Tango: 0.020472118631
            VienneseWaltz: 0.125991344452
            Waltz: 0.0716611817479
        probability: 0.497421711683
        value: "Rumba-International"
    culture:
        all:
            non_western: 0.830007314682
            western: 0.169992685318
        probability: 0.830007314682
        value: "non_western"
    gender:
        all:
            female: 0.0341061241925
            male: 0.965893864632
        probability: 0.965893864632
        value: "male"
    genre_dortmund:
        all:
            alternative: 0.0669357255101
            blues: 0.10478720814
            electronic: 0.0172667391598
            folkcountry: 0.426527678967
            funksoulrnb: 0.0393159613013
            jazz: 0.0625950470567
            pop: 0.0980136618018
            raphiphop: 0.079648964107
            rock: 0.10490899533
        probability: 0.426527678967
        value: "folkcountry"
    genre_electronica:
        all:
            ambient: 0.634056448936
            dnb: 0.103141009808
            house: 0.0551722124219
            techno: 0.0254535544664
            trance: 0.18217676878
        probability: 0.634056448936
        value: "ambient"
    genre_rosamerica:
        all:
            cla: 0.0781798735261
            dan: 0.243914276361
            hip: 0.190894454718
            jaz: 0.0560927651823
            pop: 0.072155199945
            rhy: 0.266649663448
            roc: 0.0619750246406
            spe: 0.0301387179643
        probability: 0.266649663448
        value: "rhy"
    genre_tzanetakis:
        all:
            blu: 0.0254924073815
            cla: 0.00458095921203
            cou: 0.0829825475812
            dis: 0.0715763047338
            hip: 0.0777446180582
            jaz: 0.0121705457568
            met: 0.00621619075537
            pop: 0.117688395083
            reg: 0.309913277626
            roc: 0.291634768248
        probability: 0.309913277626
        value: "reg"
    live_studio:
        all:
            live: 0.227975144982
            studio: 0.772024869919
        probability: 0.772024869919
        value: "studio"
    mood:
        all:
            Cluster1: 0.0726791396737
            Cluster2: 0.118332266808
            Cluster3: 0.557461380959
            Cluster4: 0.0980587676167
            Cluster5: 0.153468444943
        probability: 0.557461380959
        value: "Cluster3"
    mood_acoustic:
        all:
            acoustic: 0.815381586552
            not_acoustic: 0.184618398547
        probability: 0.815381586552
        value: "acoustic"
    mood_aggressive:
        all:
            aggressive: 0.0780179798603
            not_aggressive: 0.921982049942
        probability: 0.921982049942
        value: "not_aggressive"
    mood_electronic:
        all:
            electronic: 0.667799055576
            not_electronic: 0.332200974226
        probability: 0.667799055576
        value: "electronic"
    mood_happy:
        all:
            happy: 0.670750617981
            not_happy: 0.329249411821
        probability: 0.670750617981
        value: "happy"
    mood_party:
        all:
            not_party: 0.847819328308
            party: 0.152180686593
        probability: 0.847819328308
        value: "not_party"
    mood_relaxed:
        all:
            not_relaxed: 0.576808094978
            relaxed: 0.423191905022
        probability: 0.576808094978
        value: "not_relaxed"
    mood_sad:
        all:
            not_sad: 0.303201645613
            sad: 0.69679838419
        probability: 0.69679838419
        value: "sad"
    rhythm:
        all:
            fast: 0.375138252974
            medium: 0.504183650017
            slow: 0.120678089559
        probability: 0.504183650017
        value: "medium"
    speech_music:
        all:
            music: 0.999167501926
            speech: 0.000832497316878
        probability: 0.999167501926
        value: "music"
    timbre:
        all:
            bright: 0.337515830994
            dark: 0.662484169006
        probability: 0.662484169006
        value: "dark"
    voice_instrumental:
        all:
            instrumental: 0.000113490867079
            voice: 0.999886512756
        probability: 0.999886512756
        value: "voice"

lowlevel:
    average_loudness: 0.977770209312
    barkbands_kurtosis:
        dmean: 2.44608807564
        dmean2: 3.95543861389
        dvar: 10.9000225067
        dvar2: 27.7227039337
        max: 39.688205719
        mean: 4.33698415756
        min: -1.87914097309
        var: 44.2201576233
    barkbands_skewness:
        dmean: 0.445869326591
        dmean2: 0.699096679688
        dvar: 0.206362456083
        dvar2: 0.494859158993
        max: 5.43670892715
        mean: 1.72021722794
        min: -0.71936827898
        var: 1.09947574139
    barkbands_spread:
        dmean: 3.90215659142
        dmean2: 5.95733070374
        dvar: 23.4663467407
        dvar2: 49.575504303
        max: 58.5912857056
        mean: 17.6024074554
        min: 3.19075036049
        var: 120.43888855
    dissonance:
        dmean: 0.0252479612827
        dmean2: 0.0414604991674
        dvar: 0.000502097653225
        dvar2: 0.00121513125487
        max: 0.498297303915
        mean: 0.436424195766
        min: 0.293030261993
        var: 0.00151134841144
    hfc:
        dmean: 0.805873692036
        dmean2: 1.10378718376
        dvar: 1.6356729269
        dvar2: 2.51619052887
        max: 18.4475975037
        mean: 2.69519138336
        min: 0.259915173054
        var: 7.02425003052
    pitch:
        dmean: 247.224899292
        dmean2: 480.065246582
        dvar: 756102.0625
        dvar2: 1905930.125
        max: 4900
        mean: 431.301849365
        min: 69.122253418
        var: 866907.625
    pitch_instantaneous_confidence:
        dmean: 0.0786243155599
        dmean2: 0.119577780366
        dvar: 0.00564442388713
        dvar2: 0.0118925478309
        max: 0.843885719776
        mean: 0.517367482185
        min: 0.128863930702
        var: 0.0298715960234
    pitch_salience:
        dmean: 0.0639334022999
        dmean2: 0.101078785956
        dvar: 0.00328426691703
        dvar2: 0.00829359702766
        max: 0.813213229179
        mean: 0.5975279212
        min: 0.303603351116
        var: 0.010620739311
    silence_rate_20dB:
        dmean: 0
        dmean2: 0
        dvar: 0
        dvar2: 0
        max: 1
        mean: 1
        min: 1
        var: 0
    silence_rate_30dB:
        dmean: 0
        dmean2: 0
        dvar: 0
        dvar2: 0
        max: 1
        mean: 1
        min: 1
        var: 0
    silence_rate_60dB:
        dmean: 0.116822429001
        dmean2: 0.231850117445
        dvar: 0.103174999356
        dvar2: 0.229617759585
        max: 1
        mean: 0.440559446812
        min: 0
        var: 0.246466174722
    spectral_centroid:
        dmean: 131.099365234
        dmean2: 196.877990723
        dvar: 39720.1210938
        dvar2: 78705.4296875
        max: 3389.23120117
        mean: 686.587219238
        min: 216.872924805
        var: 161686.125
    spectral_complexity:
        dmean: 1.82394361496
        dmean2: 2.72705888748
        dvar: 4.2436504364
        dvar2: 8.87137794495
        max: 33
        mean: 8.13817310333
        min: 1
        var: 15.4867458344
    spectral_crest:
        dmean: 2.15313673019
        dmean2: 3.56286859512
        dvar: 3.83656954765
        dvar2: 9.36411571503
        max: 19.0654697418
        mean: 9.28092670441
        min: 3.01549863815
        var: 10.9910593033
    spectral_decrease:
        dmean: 3.28569005337e-10
        dmean2: 5.15727849315e-10
        dvar: 2.72757352767e-19
        dvar2: 6.63981651708e-19
        max: -9.83804704369e-11
        mean: -1.00351593701e-09
        min: -5.91476423395e-09
        var: 5.04765513813e-19
    spectral_energy:
        dmean: 0.00130084657576
        dmean2: 0.00203396752477
        dvar: 4.12573899666e-06
        dvar2: 9.87566636468e-06
        max: 0.0229482334107
        mean: 0.00403196364641
        min: 0.000405008089729
        var: 8.04174487712e-06
    spectral_energyband_high:
        dmean: 3.62534774467e-05
        dmean2: 5.56159538974e-05
        dvar: 8.82782114076e-09
        dvar2: 1.85953084042e-08
        max: 0.000874312012456
        mean: 5.23597846041e-05
        min: 2.42196620093e-07
        var: 1.30772397355e-08
    spectral_energyband_low:
        dmean: 0.000352887844201
        dmean2: 0.000583991932217
        dvar: 5.41962606349e-07
        dvar2: 1.4371389625e-06
        max: 0.00731079559773
        mean: 0.000493431580253
        min: 8.10296285181e-07
        var: 5.47264392026e-07
    spectral_energyband_middle_high:
        dmean: 0.000223374750931
        dmean2: 0.000316507037496
        dvar: 1.61777776952e-07
        dvar2: 2.76075979855e-07
        max: 0.00578118022531
        mean: 0.000703769444954
        min: 1.42374483403e-05
        var: 7.00291195699e-07
    spectral_energyband_middle_low:
        dmean: 0.000975117320195
        dmean2: 0.0015427202452
        dvar: 2.30718637795e-06
        dvar2: 5.60988564757e-06
        max: 0.0201807059348
        mean: 0.0027823667042
        min: 0.000218983012019
        var: 4.40532630819e-06
    spectral_flatness_db:
        dmean: 0.0181511379778
        dmean2: 0.0264477152377
        dvar: 0.000268158182735
        dvar2: 0.000583006709348
        max: 0.291921943426
        mean: 0.202143311501
        min: 0.0857944488525
        var: 0.00153189338744
    spectral_flux:
        dmean: 0.00926003232598
        dmean2: 0.0146527793258
        dvar: 0.000124866943224
        dvar2: 0.000252067198744
        max: 0.095425195992
        mean: 0.0305011756718
        min: 0.00766991637647
        var: 0.000282487686491
    spectral_kurtosis:
        dmean: 2.23983216286
        dmean2: 3.5984916687
        dvar: 5.5536813736
        dvar2: 12.3481903076
        max: 26.0705223083
        mean: 7.10452365875
        min: -0.892963409424
        var: 18.2175369263
    spectral_rms:
        dmean: 0.00029481362435
        dmean2: 0.00045368866995
        dvar: 1.38284818263e-07
        dvar2: 3.09905971108e-07
        max: 0.0047316509299
        mean: 0.00187296012882
        min: 0.000628593552392
        var: 4.25646078384e-07
    spectral_rolloff:
        dmean: 349.484741211
        dmean2: 574.759277344
        dvar: 329470.5
        dvar2: 705429.4375
        max: 6847.55859375
        mean: 1281.8059082
        min: 193.798828125
        var: 1155178.5
    spectral_skewness:
        dmean: 0.268690347672
        dmean2: 0.406897395849
        dvar: 0.0698549821973
        dvar2: 0.144630610943
        max: 3.74969696999
        mean: 2.11371874809
        min: 0.105810761452
        var: 0.367163568735
    spectral_spread:
        dmean: 583654.0625
        dmean2: 729465.625
        dvar: 557452165120
        dvar2: 968891039744
        max: 11911680
        mean: 4239860.5
        min: 1642786
        var: 3.12695875174e+12
    spectral_strongpeak:
        dmean: 0.213614419103
        dmean2: 0.364567756653
        dvar: 0.259834229946
        dvar2: 0.644401788712
        max: 7.16218614578
        mean: 0.424064576626
        min: 0
        var: 0.396733045578
    zerocrossingrate:
        dmean: 0.00670985551551
        dmean2: 0.00808593723923
        dvar: 6.72405294608e-05
        dvar2: 9.71595654846e-05
        max: 0.18505859375
        mean: 0.0453026667237
        min: 0.013671875
        var: 0.000569295312744
    barkbands:
        dmean: [9.15045603733e-08, 3.50869886461e-05, 0.00033646565862, 0.000447680969955, 0.000378832337447, 0.000237684886088, 0.000252857251326, 0.000195163476747, 5.24635361216e-05, 6.54012474115e-05, 4.6512181143e-05, 2.31143112615e-05, 4.37866801803e-05, 2.43972899625e-05, 1.87842906598e-05, 2.07973662327e-05, 3.73317925551e-05, 3.08512244374e-05, 4.79672744405e-05, 2.37766671489e-05, 1.36176813612e-05, 7.75086209615e-06, 3.08969265461e-06, 1.58843158715e-06, 5.20265018622e-07, 2.04918979563e-08, 1.48517739773e-10]
        dmean2: [9.63174144886e-08, 5.65954615013e-05, 0.00055665941909, 0.000737665395718, 0.000624038395472, 0.000378559314413, 0.000383515405701, 0.00026570080081, 7.71103004809e-05, 0.000109868007712, 7.79445981607e-05, 3.92892252421e-05, 6.6798296757e-05, 3.82934631489e-05, 2.84835605271e-05, 3.21159459418e-05, 5.4365991673e-05, 4.1604933358e-05, 6.39360005152e-05, 3.70114394173e-05, 2.08812089113e-05, 1.21762914205e-05, 4.82448740513e-06, 2.08874553209e-06, 7.63501759593e-07, 3.19840474106e-08, 2.70232086708e-10]
        dvar: [1.80987375694e-12, 3.72842556828e-09, 5.02391969803e-07, 7.82620702466e-07, 6.91040213496e-07, 1.10295644618e-07, 2.2200828198e-07, 1.58771598535e-07, 7.60681651002e-09, 2.12383515219e-08, 1.70034759606e-08, 2.25330198944e-09, 9.60098933689e-09, 2.74584066595e-09, 3.45411699243e-09, 1.21189747126e-09, 1.10341922266e-08, 3.06866532185e-09, 3.8811361236e-08, 4.51848869432e-09, 1.14603815327e-09, 5.71159453067e-10, 1.56342758184e-10, 2.9685497116e-11, 1.96094290979e-12, 5.19934445771e-15, 3.75128928109e-20]
        dvar2: [1.47251026476e-12, 9.53786116753e-09, 1.33653020384e-06, 2.00478621082e-06, 1.79835740255e-06, 2.88950701588e-07, 4.67350020017e-07, 2.39280979031e-07, 1.63505777806e-08, 5.50504175578e-08, 4.0181578953e-08, 5.8066760289e-09, 2.20267999396e-08, 6.36113917096e-09, 6.37989039376e-09, 2.56304910629e-09, 2.75217306722e-08, 4.78167061502e-09, 5.34256763274e-08, 1.01830170962e-08, 2.66593680465e-09, 1.43640188632e-09, 3.23880922082e-10, 5.02474936659e-11, 4.63314759822e-12, 1.33763993602e-14, 1.03154928306e-19]
        max: [3.04532150039e-05, 0.000443054857897, 0.00699745770544, 0.00631794892251, 0.0137959690765, 0.00339453644119, 0.00670800916851, 0.00469858944416, 0.00124732207041, 0.0013677389361, 0.00216617924161, 0.000780254369602, 0.00103518180549, 0.000594925018959, 0.00111841375474, 0.000461674091639, 0.00173265160993, 0.00107810250483, 0.00449048029259, 0.000532468897291, 0.000345327920513, 0.000279880943708, 0.000226742122322, 0.000109077489469, 1.42228582263e-05, 9.21730077152e-07, 2.01842209613e-09]
        mean: [1.2143189565e-07, 5.18009364896e-05, 0.000441547570517, 0.000653626513667, 0.000657290278468, 0.000483706942759, 0.000519216468092, 0.000360645412002, 0.000102549522126, 9.91236083792e-05, 7.72384009906e-05, 3.7955265725e-05, 6.23483429081e-05, 3.64793777408e-05, 3.73500297428e-05, 5.70630400034e-05, 8.86832349352e-05, 7.41095354897e-05, 0.000124614089145, 3.03600845655e-05, 1.78100981429e-05, 1.04232813101e-05, 4.5066203711e-06, 2.68543317361e-06, 6.8659602448e-07, 2.36725128389e-08, 1.36226738223e-10]
        min: [2.36715258506e-10, 1.10543403764e-07, 6.28608631814e-07, 5.02992270413e-06, 1.30017488118e-05, 9.98530958896e-06, 6.75337741995e-06, 5.66034429994e-07, 1.66259883372e-06, 2.37448773532e-07, 2.4150591571e-07, 1.4568352924e-07, 1.8412015379e-07, 2.15008782334e-07, 4.88623527417e-07, 3.68387190974e-07, 6.57307850815e-07, 7.58984413096e-07, 7.81098833613e-07, 1.00279703474e-06, 6.80812490828e-08, 1.82047266151e-08, 4.15448608848e-09, 3.15006309926e-09, 1.14941067775e-09, 3.69981163761e-11, 1.63552949396e-12]
        var: [2.18266290458e-12, 6.91157220345e-09, 4.91014304771e-07, 8.93197466212e-07, 9.26652944599e-07, 2.23266354737e-07, 4.78755168842e-07, 5.24679364844e-07, 1.77259895651e-08, 3.34486749409e-08, 2.82894188075e-08, 4.6562580458e-09, 1.49267744831e-08, 4.35950875399e-09, 6.25196117099e-09, 5.75077407916e-09, 1.91321394283e-08, 1.51878811749e-08, 2.15801748027e-07, 4.87616835798e-09, 1.40214240218e-09, 6.69466260206e-10, 3.17054466015e-10, 1.02642776223e-10, 3.30380644717e-12, 5.92419374936e-15, 3.84966044297e-20]
    mfcc:
        mean: [-766.768493652, 152.790847778, -21.9027366638, 44.1139183044, -9.61210823059, -10.4977045059, -17.8349113464, -4.34987735748, -12.2137851715, -9.48660373688, -7.04357862473, -5.38132858276, -6.98847723007]
        cov: [[2304.58959961, -662.780883789, -54.1631088257, -176.026885986, -201.174209595, 79.1036834717, 137.418716431, 119.770103455, -162.336334229, -26.0606479645, 118.075263977, 9.57539653778, -35.8517150879], [-662.780883789, 1142.93493652, -313.91885376, -111.059310913, -3.57350158691, -6.60570955276, 15.4344854355, 118.168663025, -26.076128006, 44.8489189148, 28.2800731659, 29.8819503784, 31.4573020935], [-54.1631088257, -313.91885376, 686.514404297, 8.67338466644, -142.001068115, 129.199645996, 166.548080444, 2.44066381454, 58.4451141357, 40.7768173218, -50.1854133606, 64.0071182251, -33.7495040894], [-176.026885986, -111.059310913, 8.67338466644, 256.526977539, 131.823516846, -18.3337039948, -100.866500854, -24.212480545, 36.7224807739, -51.9193992615, 6.56440782547, -15.361000061, 0.374999344349], [-201.174209595, -3.57350158691, -142.001068115, 131.823516846, 310.601318359, -36.5950775146, -122.86315918, -56.2434616089, 69.9635772705, -47.2465629578, 2.05267596245, -17.5943889618, 42.8296737671], [79.1036834717, -6.60570955276, 129.199645996, -18.3337039948, -36.5950775146, 205.191314697, 89.5243835449, 20.2992591858, -12.2477684021, 29.6214981079, -15.267326355, 41.3818206787, -69.313621521], [137.418716431, 15.4344854355, 166.548080444, -100.866500854, -122.86315918, 89.5243835449, 215.022018433, 39.9292373657, 0.277480334044, 46.2731895447, 18.7090148926, 35.9119682312, -9.92613983154], [119.770103455, 118.168663025, 2.44066381454, -24.212480545, -56.2434616089, 20.2992591858, 39.9292373657, 144.894515991, -26.1977157593, 1.53609383106, 41.3945388794, 23.6323852539, -11.5295028687], [-162.336334229, -26.076128006, 58.4451141357, 36.7224807739, 69.9635772705, -12.2477684021, 0.277480334044, -26.1977157593, 114.846893311, 7.68365049362, -8.99869823456, 6.82639598846, 42.0450744629], [-26.0606479645, 44.8489189148, 40.7768173218, -51.9193992615, -47.2465629578, 29.6214981079, 46.2731895447, 1.53609383106, 7.68365049362, 117.301376343, -26.5985641479, 21.1490440369, -5.30269289017], [118.075263977, 28.2800731659, -50.1854133606, 6.56440782547, 2.05267596245, -15.267326355, 18.7090148926, 41.3945388794, -8.99869823456, -26.5985641479, 110.748641968, 22.7692909241, 2.48321723938], [9.57539653778, 29.8819503784, 64.0071182251, -15.361000061, -17.5943889618, 41.3818206787, 35.9119682312, 23.6323852539, 6.82639598846, 21.1490440369, 22.7692909241, 89.6890487671, -0.561690926552], [-35.8517150879, 31.4573020935, -33.7495040894, 0.374999344349, 42.8296737671, -69.313621521, -9.92613983154, -11.5295028687, 42.0450744629, -5.30269289017, 2.48321723938, -0.561690926552, 115.745780945]]
        icov: [[0.000925265660044, 0.000880103907548, 0.000525869254488, 0.00058406003518, 0.000171204577782, -0.000599590304773, -0.000269926502369, -0.000895153498277, 0.000855975726154, 4.28076527896e-05, -0.000633288349491, 6.84867700329e-05, -0.000630938331597], [0.000880103907548, 0.00205942103639, 0.00122700387146, 0.000827810028568, 0.00012667934061, -0.000709465588443, -0.000456178240711, -0.00184695224743, 0.00058846687898, -0.000261782552116, -0.000197446235688, -0.000430738407886, -0.000850449723657], [0.000525869254488, 0.00122700387146, 0.0033910383936, -0.000738113420084, 0.00146747939289, -0.000822883157525, -0.00202049850486, -0.000804407172836, -0.00145132502075, 0.000513251870871, 0.00156815280207, -0.00173129490577, 4.00452663598e-05], [0.00058406003518, 0.000827810028568, -0.000738113420084, 0.00687057804316, -0.00182631518692, -0.000916329037864, 0.00267937569879, -0.00103168247733, -0.000357417855412, 0.0010627633892, -0.0016849192325, 0.000834388134535, 0.000191236220417], [0.000171204577782, 0.00012667934061, 0.00146747939289, -0.00182631518692, 0.00674383528531, -0.00183801166713, 0.0020779306069, 0.00116087903734, -0.00347850145772, 0.0010998477228, -0.000536732084583, -0.000255348277278, -0.00152563105803], [-0.000599590304773, -0.000709465588443, -0.000822883157525, -0.000916329037864, -0.00183801166713, 0.00978264119476, -0.00391931738704, 0.000104741491668, 0.000213659150177, -0.000105046688986, 0.00305420043878, -0.00333219533786, 0.00581872276962], [-0.000269926502369, -0.000456178240711, -0.00202049850486, 0.00267937569879, 0.0020779306069, -0.00391931738704, 0.0108517194167, -0.00014700635802, -0.00153291726019, -0.00155804899987, -0.00376858678646, 0.00141837785486, -0.00218423944898], [-0.000895153498277, -0.00184695224743, -0.000804407172836, -0.00103168247733, 0.00116087903734, 0.000104741491668, -0.00014700635802, 0.010426976718, 0.000359873549314, 0.000284399749944, -0.00249606091529, -0.000857986975461, 0.000584366789553], [0.000855975726154, 0.00058846687898, -0.00145132502075, -0.000357417855412, -0.00347850145772, 0.000213659150177, -0.00153291726019, 0.000359873549314, 0.0148512618616, -0.00182126194704, -0.000579369894695, -0.000156679467182, -0.00446387194097], [4.28076527896e-05, -0.000261782552116, 0.000513251870871, 0.0010627633892, 0.0010998477228, -0.000105046688986, -0.00155804899987, 0.000284399749944, -0.00182126194704, 0.0114332949743, 0.00345263001509, -0.00271767331287, 0.000753562431782], [-0.000633288349491, -0.000197446235688, 0.00156815280207, -0.0016849192325, -0.000536732084583, 0.00305420043878, -0.00376858678646, -0.00249606091529, -0.000579369894695, 0.00345263001509, 0.0143399592489, -0.0050212922506, 0.00181260169484], [6.84867700329e-05, -0.000430738407886, -0.00173129490577, 0.000834388134535, -0.000255348277278, -0.00333219533786, 0.00141837785486, -0.000857986975461, -0.000156679467182, -0.00271767331287, -0.0050212922506, 0.0157240424305, -0.00211760262027], [-0.000630938331597, -0.000850449723657, 4.00452663598e-05, 0.000191236220417, -0.00152563105803, 0.00581872276962, -0.00218423944898, 0.000584366789553, -0.00446387194097, 0.000753562431782, 0.00181260169484, -0.00211760262027, 0.0142131922767]]
    spectral_contrast:
        mean: [1.51332287146e-07, -1.4683706695e-07, -1.8771712007e-07, -2.75200363831e-07, -1.02667954138e-07, 4.15627226857e-07, 2.60107276517e-06, -1.23501664007e-07, 1.05969240849e-06, -3.25494397657e-06, 4.3490454118e-06, 2.9025159165e-06]
        var: [0.000520536210388, 0.00133180851117, 0.00171073386446, 0.00283022597432, 0.00407697819173, 0.00796708650887, 0.0653966590762, 0.0878551825881, 0.171088278294, 0.363769054413, 0.737776577473, 1.6792280674]

rhythm:
    beats_loudness:
        dmean: 0.00473555736244
        dmean2: 0.00908872950822
        dvar: 1.3104188838e-05
        dvar2: 2.85165169771e-05
        max: 0.0153423538432
        mean: 0.00544367497787
        min: 0.00139578210656
        var: 1.24946000142e-05
    beats_loudness_bass:
        dmean: 0.218977496028
        dmean2: 0.408466458321
        dvar: 0.0199894290417
        dvar2: 0.0730440244079
        max: 0.593973338604
        mean: 0.276675581932
        min: 0.0751199424267
        var: 0.0217319689691
    bpm: 89.5820770264
    bpm_confidence: 0
    first_peak_bpm: 90
    first_peak_spread: 0
    first_peak_weight: 0.5
    onset_rate: 4.32045602798
    second_peak_bpm: 122
    second_peak_spread: 0
    second_peak_weight: 0.4375
    beats_position: [0.281377971172, 0.951159119606, 1.62094032764, 2.29072141647, 2.96050262451, 3.63028383255, 4.30006456375, 4.96984577179, 5.63962697983, 6.00040817261, 6.49249267578, 6.98457765579, 7.47666215897, 7.96874713898, 8.46083068848, 8.95291614532, 9.4450006485]
    bpm_estimates: [89.6518325806, 89.770980835, 89.5268630981, 89.8231277466, 89.7656097412, 89.392250061, 89.1438369751]
    bpm_intervals: [0.669781148434, 0.669781208038, 0.669781088829, 0.669781208038, 0.669781208038, 0.669780731201, 0.669781208038, 0.669781208038, 0.36078119278, 0.492084503174, 0.492084980011, 0.492084503174, 0.492084980011, 0.4920835495, 0.492085456848, 0.492084503174]
    onset_times: [0.0464399084449, 0.417959183455, 0.568888902664, 0.603718817234, 0.905578255653, 1.35836732388, 1.39319729805, 1.46285712719, 1.6137868166, 1.764716506, 1.92725622654, 2.2523355484, 2.51936507225, 2.73995471001, 2.96054410934, 3.41333341599, 3.62231302261, 3.92417240143, 3.99383211136, 4.20281171799, 4.31891155243, 4.42340135574, 4.53950119019, 4.99229001999, 5.20126962662, 5.32897949219, 5.45668935776, 5.630838871, 6.26938772202, 6.76861667633, 6.98920631409, 7.20979595184, 7.36072540283, 7.4884352684, 7.73224496841, 8.103764534, 8.77714252472, 9.03256225586, 9.2067117691, 9.45052146912, 9.682721138, 9.84526062012, 9.91492080688]
    rubato_start: [6.49249267578]
    rubato_stop: [9.4450006485]
    perceptual_tempo: "unknown"

sfx:
    inharmonicity:
        dmean: 0.0239883456379
        dmean2: 0.0430375486612
        dvar: 0.00136482424568
        dvar2: 0.00375936715864
        max: 0.239724874496
        mean: 0.021993406117
        min: 0
        var: 0.00116928247735
    oddtoevenharmonicenergyratio:
        dmean: 7.86719560623
        dmean2: 15.6114587784
        dvar: 5278.609375
        dvar2: 18417.9179688
        max: 835.56048584
        mean: 4.19978189468
        min: 0
        var: 2647.203125
    pitch_after_max_to_before_max_energy_ratio: 0.852743387222
    pitch_centroid: 248.464508057
    pitch_max_to_total: 0.735363006592
    pitch_min_to_total: 0.667447328568
    tristimulus:
        dmean: [0.205185130239, 0.198009327054, 0.0581787899137]
        dmean2: [0.356243908405, 0.346558630466, 0.100729174912]
        dvar: [0.0376585572958, 0.0385012105107, 0.00643690815195]
        dvar2: [0.0985730811954, 0.103584073484, 0.0178362894803]
        max: [1, 0.971507608891, 0.589475512505]
        mean: [0.52741330862, 0.390285611153, 0.068363532424]
        min: [0.00511308852583, 0, 0]
        var: [0.0530190430582, 0.0472716316581, 0.00633382517844]

tonal:
    chords_changes_rate: 0.0465116277337
    chords_number_rate: 0.037209302187
    chords_strength:
        dmean: 0.00894109997898
        dmean2: 0.00815962068737
        dvar: 4.4766060455e-05
        dvar2: 5.04470626765e-05
        max: 0.8183786273
        mean: 0.588715791702
        min: 0.307950973511
        var: 0.00966085679829
    key_strength: 0.739336431026
    tuning_diatonic_strength: 0.562785685062
    tuning_equal_tempered_deviation: 0.274541258812
    tuning_frequency: 445.369720459
    tuning_nontempered_energy_ratio: 0.960079371929
    hpcp:
        dmean: [0.0595358870924, 0.129065126181, 0.179345652461, 0.181466042995, 0.125250071287, 0.116850078106, 0.164671137929, 0.155701875687, 0.196782693267, 0.170995235443, 0.143322989345, 0.139835968614, 0.160914316773, 0.111622676253, 0.0692451223731, 0.0566593781114, 0.102724194527, 0.154549703002, 0.144361689687, 0.124526023865, 0.0985643863678, 0.123176388443, 0.141800269485, 0.133707717061, 0.114092580974, 0.0561861731112, 0.041860178113, 0.0374494232237, 0.0490136668086, 0.0875588804483, 0.111964181066, 0.147658452392, 0.16128847003, 0.132908523083, 0.0710194259882, 0.0467299595475]
        dmean2: [0.103506527841, 0.215551942587, 0.295305520296, 0.320250362158, 0.225297540426, 0.215990453959, 0.316697061062, 0.275330871344, 0.334367752075, 0.295854985714, 0.243243381381, 0.234831064939, 0.287557929754, 0.20482468605, 0.119502365589, 0.099743925035, 0.183611512184, 0.26993060112, 0.245414048433, 0.221835792065, 0.182372674346, 0.231734007597, 0.244447812438, 0.231281653047, 0.196523874998, 0.0999133810401, 0.0683081299067, 0.0652234181762, 0.0904268696904, 0.160249784589, 0.198510691524, 0.259394288063, 0.278104156256, 0.228359147906, 0.124039545655, 0.0840608179569]
        dvar: [0.00990271382034, 0.0342776812613, 0.0483657605946, 0.0507881753147, 0.0514953061938, 0.0507822223008, 0.091158516705, 0.048724424094, 0.0658867880702, 0.0570652522147, 0.0414618961513, 0.0442714653909, 0.0593774840236, 0.0379855148494, 0.0203451439738, 0.0134083488956, 0.032932318747, 0.0649467036128, 0.0472299680114, 0.0525630451739, 0.0314602553844, 0.0444163456559, 0.0386954322457, 0.039276920259, 0.032097954303, 0.00834103953093, 0.00461552664638, 0.00706342840567, 0.0132778901607, 0.0346302799881, 0.0398821383715, 0.0509922616184, 0.0615794248879, 0.0436444543302, 0.0171222165227, 0.0160451158881]
        dvar2: [0.0278606377542, 0.0866182297468, 0.133156105876, 0.14522331953, 0.142810165882, 0.158571079373, 0.288519412279, 0.143156707287, 0.175847694278, 0.155842155218, 0.114173680544, 0.110694162548, 0.160962328315, 0.102273270488, 0.0554556436837, 0.0351781435311, 0.088727965951, 0.164449542761, 0.126778200269, 0.150619775057, 0.0962394624949, 0.141917765141, 0.0989606827497, 0.0937926620245, 0.0855023190379, 0.0220691002905, 0.011661757715, 0.0203461740166, 0.0421017482877, 0.106390610337, 0.107803508639, 0.147492855787, 0.152071043849, 0.119611248374, 0.0496677830815, 0.0468431971967]
        max: [0.555789768696, 1, 1, 1, 1, 1, 1, 1, 1, 1, 1, 1, 1, 1, 1, 1, 1, 1, 1, 1, 1, 1, 1, 1, 1, 0.477252364159, 0.513847649097, 0.725558042526, 0.813271820545, 1, 1, 1, 1, 1, 1, 1]
        mean: [0.052320253104, 0.145252078772, 0.248026892543, 0.201380416751, 0.104532346129, 0.0838599130511, 0.111897334456, 0.185111746192, 0.225646153092, 0.169775247574, 0.183948591352, 0.256180524826, 0.197744250298, 0.125879555941, 0.0921285152435, 0.0572711601853, 0.10358133167, 0.205389723182, 0.198360815644, 0.114385761321, 0.0790802538395, 0.0889460593462, 0.207327276468, 0.263260602951, 0.14322912693, 0.0606948882341, 0.0578717291355, 0.0453386604786, 0.0428485870361, 0.0699058249593, 0.104501351714, 0.183324098587, 0.259190917015, 0.188231006265, 0.0791071727872, 0.0471555814147]
        min: [0.000351043359842, 0.000393595051719, 0.00108883413486, 0.00112536211964, 0.000527421361767, 0.000163984543178, 0.000187624129467, 0.000562120752875, 0.000706461200025, 0.00047969762818, 0.000217959750444, 0.000395319104427, 0.00082912488142, 0.000600329251029, 0.000583694665693, 0.00023744419741, 0.00137937942054, 0.00150230480358, 0.000671113433782, 0.000364862702554, 0.000181144656381, 0.000333274860168, 0.000954164715949, 0.00132813851815, 0.000448246515589, 0.000170337239979, 0.000129809195641, 0.000311151292408, 0.000366735999705, 0.000448174396297, 0.000707731174771, 0.000493376108352, 0.000659443321638, 0.000857358507346, 0.000465041113785, 0.000394512113417]
        var: [0.00805504061282, 0.0380312092602, 0.0686966851354, 0.052444126457, 0.0409961864352, 0.0370156206191, 0.0604737848043, 0.0653092265129, 0.0802927985787, 0.0548995435238, 0.0814050510526, 0.124481797218, 0.089427292347, 0.0470515042543, 0.0325100049376, 0.01142996829, 0.0300538986921, 0.0977687761188, 0.0860680788755, 0.0468101762235, 0.023939922452, 0.0288145747036, 0.0762287676334, 0.117921173573, 0.0378014631569, 0.00790509209037, 0.00756382150576, 0.00771809136495, 0.00855484697968, 0.0220154039562, 0.0364198051393, 0.0720985978842, 0.109763637185, 0.0690755844116, 0.0151201114058, 0.0102094709873]
    chords_histogram: [13.9534883499, 16.2790699005, 24.1860466003, 0, 0, 0, 22.3255805969, 0, 4.65116262436, 0, 0, 0, 0, 0, 0, 0, 9.30232524872, 5.58139514923, 0, 0, 0, 0, 0, 3.72093033791]
    thpcp: [1, 0.544058322906, 0.230550587177, 0.219826772809, 0.172219693661, 0.162761107087, 0.265538483858, 0.396950215101, 0.696359813213, 0.984541237354, 0.714998781681, 0.300489991903, 0.179121300578, 0.198739394546, 0.551742553711, 0.94213449955, 0.76494705677, 0.397067934275, 0.318543344736, 0.425043970346, 0.703150212765, 0.857120871544, 0.644894242287, 0.698731958866, 0.973106205463, 0.751134991646, 0.478155702353, 0.349951773882, 0.217545509338, 0.393455505371, 0.780176460743, 0.753477036953, 0.434496313334, 0.300387740135, 0.337863147259, 0.787536263466]
    chords_key: "G"
    chords_scale: "major"
    key_key: "C"
    key_scale: "major"
    chords_progression: ["Am", "Am", "Am", "Am", "Am", "Am", "Am", "Am", "Em", "Em", "Em", "Em", "Em", "Em", "Em", "Em", "Em", "Em", "Em", "Em", "Em", "Em", "Em", "Em", "Em", "Em", "Em", "E", "E", "E", "E", "E", "E", "E", "E", "E", "E", "A", "A", "A", "A", "A", "A", "A", "A", "A", "A", "A", "A", "A", "A", "A", "A", "A", "A", "A", "A", "A", "A", "A", "A", "A", "A", "A", "A", "A", "A", "A", "A", "A", "A", "A", "A", "A", "A", "A", "A", "A", "A", "A", "A", "A", "A", "A", "A", "Em", "Em", "Em", "Em", "Em", "Em", "Em", "Em", "Em", "Em", "Em", "Em", "Em", "Em", "Em", "Em", "G", "G", "G", "G", "G", "G", "G", "G", "G", "G", "G", "G", "G", "G", "G", "G", "G", "G", "G", "G", "G", "G", "G", "G", "G", "G", "G", "G", "G", "G", "G", "G", "G", "G", "G", "G", "G", "G", "G", "G", "G", "G", "G", "G", "G", "G", "G", "G#", "G", "G", "G", "G", "G", "G#", "G#", "G#", "G#", "G#", "G#", "G#", "G#", "G#", "G#", "G#", "G#", "G#", "G#", "G#", "G#", "G#", "G#", "G#", "Cm", "Cm", "Cm", "Cm", "Cm", "Cm", "Cm", "Cm", "Cm", "Cm", "Cm", "Cm", "C", "C", "C", "C", "C", "C", "C", "C", "C", "C", "C", "C", "C", "C", "C", "C", "C", "C", "C", "C", "C", "C", "C", "C", "C", "C", "C", "C", "C", "C"]
