
metadata:
    version:
        essentia: "1.2.2"
    audio_properties:
        analysis_sample_rate: 44100
        bitrate: 128
        channels: 2
        equal_loudness: 1
        length: 9.92653083801
        replay_gain: -4.69089317322
        downmix: "mix"
    tags:
        track: 20
        year: 0
        album: "Splitted by Mp3Splt v. 2.1"
        artist: "From 003.10 To 003.20"
        comment: "http://mp3splt.sf.net"
        genre: ""
        title: "14 Birdiym.mp3"

highlevel:
    ballroom:
        all:
            ChaChaCha: 0.0448405146599
            Jive: 0.587776243687
            Quickstep: 0.0133806588128
            Rumba-American: 0.024469839409
            Rumba-International: 0.0501867048442
            Rumba-Misc: 0.15595215559
            Samba: 0.0648190677166
            Tango: 0.00569844711572
            VienneseWaltz: 0.0224692896008
            Waltz: 0.0304070673883
        probability: 0.587776243687
        value: "Jive"
    culture:
        all:
            non_western: 0.932057738304
            western: 0.0679422691464
        probability: 0.932057738304
        value: "non_western"
    gender:
        all:
            female: 0.725035369396
            male: 0.274964660406
        probability: 0.725035369396
        value: "female"
    genre_dortmund:
        all:
            alternative: 0.0122674023733
            blues: 0.0132146868855
            electronic: 0.344711273909
            folkcountry: 0.0195202250034
            funksoulrnb: 0.00873425416648
            jazz: 0.325064122677
            pop: 0.0316604115069
            raphiphop: 0.193175852299
            rock: 0.0516517646611
        probability: 0.344711273909
        value: "electronic"
    genre_electronica:
        all:
            ambient: 0.992456078529
            dnb: 0.000792652193923
            house: 0.00132457399741
            techno: 0.00403790036216
            trance: 0.00138877599966
        probability: 0.992456078529
        value: "ambient"
    genre_rosamerica:
        all:
            cla: 0.233174264431
            dan: 0.103339739144
            hip: 0.137328252196
            jaz: 0.108619913459
            pop: 0.0394428670406
            rhy: 0.274226874113
            roc: 0.0627588257194
            spe: 0.0411092638969
        probability: 0.274226874113
        value: "rhy"
    genre_tzanetakis:
        all:
            blu: 0.0659427195787
            cla: 0.147323027253
            cou: 0.0423995926976
            dis: 0.04634141922
            hip: 0.100780360401
            jaz: 0.0562093183398
            met: 0.0266951639205
            pop: 0.179489076138
            reg: 0.254685729742
            roc: 0.0801335796714
        probability: 0.254685729742
        value: "reg"
    live_studio:
        all:
            live: 0.488469332457
            studio: 0.511530697346
        probability: 0.511530697346
        value: "studio"
    mood:
        all:
            Cluster1: 0.127441227436
            Cluster2: 0.638078808784
            Cluster3: 0.113524444401
            Cluster4: 0.0858578458428
            Cluster5: 0.0350976660848
        probability: 0.638078808784
        value: "Cluster2"
    mood_acoustic:
        all:
            acoustic: 0.162106961012
            not_acoustic: 0.83789306879
        probability: 0.83789306879
        value: "not_acoustic"
    mood_aggressive:
        all:
            aggressive: 0.00608885474503
            not_aggressive: 0.993911147118
        probability: 0.993911147118
        value: "not_aggressive"
    mood_electronic:
        all:
            electronic: 0.888498008251
            not_electronic: 0.111501969397
        probability: 0.888498008251
        value: "electronic"
    mood_happy:
        all:
            happy: 0.0826334953308
            not_happy: 0.917366504669
        probability: 0.917366504669
        value: "not_happy"
    mood_party:
        all:
            not_party: 0.821092486382
            party: 0.178907513618
        probability: 0.821092486382
        value: "not_party"
    mood_relaxed:
        all:
            not_relaxed: 0.259623497725
            relaxed: 0.740376472473
        probability: 0.740376472473
        value: "relaxed"
    mood_sad:
        all:
            not_sad: 0.424319833517
            sad: 0.575680196285
        probability: 0.575680196285
        value: "sad"
    rhythm:
        all:
            fast: 0.0873409211636
            medium: 0.553294479847
            slow: 0.359364569187
        probability: 0.553294479847
        value: "medium"
    speech_music:
        all:
            music: 3.00000096379e-14
            speech: 1
        probability: 1
        value: "speech"
    timbre:
        all:
            bright: 0.267707228661
            dark: 0.732292771339
        probability: 0.732292771339
        value: "dark"
    voice_instrumental:
        all:
            instrumental: 0.9758015275
            voice: 0.0241984426975
        probability: 0.9758015275
        value: "instrumental"

lowlevel:
    average_loudness: 0.168413683772
    barkbands_kurtosis:
        dmean: 3.98226523399
        dmean2: 6.93039464951
        dvar: 40.6415748596
        dvar2: 113.817649841
        max: 66.1968154907
        mean: 4.66891098022
        min: -1.9586994648
        var: 53.5900268555
    barkbands_skewness:
        dmean: 0.939508318901
        dmean2: 1.58608984947
        dvar: 0.957804858685
        dvar2: 2.5869448185
        max: 5.00042247772
        mean: 1.19332432747
        min: -7.65824890137
        var: 3.17357110977
    barkbands_spread:
        dmean: 10.1908082962
        dmean2: 17.2701816559
        dvar: 145.082962036
        dvar2: 422.527191162
        max: 79.6144638062
        mean: 29.5537586212
        min: 2.87760472298
        var: 427.809082031
    dissonance:
        dmean: 0.0259214155376
        dmean2: 0.0453867353499
        dvar: 0.000640826823656
        dvar2: 0.00172600068618
        max: 0.499336332083
        mean: 0.452805995941
        min: 0.248441874981
        var: 0.00103579764254
    hfc:
        dmean: 2.3443236351
        dmean2: 3.73414516449
        dvar: 103.899490356
        dvar2: 180.030990601
        max: 202.156723022
        mean: 4.16657590866
        min: 0.00368170719594
        var: 289.702423096
    pitch:
        dmean: 658.129089355
        dmean2: 1265.67749023
        dvar: 1746327.5
        dvar2: 4755121.5
        max: 7350
        mean: 891.813476562
        min: 79.3165435791
        var: 1644024.25
    pitch_instantaneous_confidence:
        dmean: 0.136750727892
        dmean2: 0.229923218489
        dvar: 0.0190692786127
        dvar2: 0.0436371415854
        max: 0.992840886116
        mean: 0.509690523148
        min: 0.173879921436
        var: 0.045095525682
    pitch_salience:
        dmean: 0.0924862101674
        dmean2: 0.153505936265
        dvar: 0.00592479947954
        dvar2: 0.0162432789803
        max: 0.851997613907
        mean: 0.552937686443
        min: 0.22957149148
        var: 0.0141723910347
    silence_rate_20dB:
        dmean: 0
        dmean2: 0
        dvar: 0
        dvar2: 0
        max: 1
        mean: 1
        min: 1
        var: 0
    silence_rate_30dB:
        dmean: 0.00934579409659
        dmean2: 0.0187353622168
        dvar: 0.00925842300057
        dvar2: 0.0230681691319
        max: 1
        mean: 0.990675985813
        min: 0
        var: 0.00923710130155
    silence_rate_60dB:
        dmean: 0.0607476644218
        dmean2: 0.121779859066
        dvar: 0.057057518512
        dvar2: 0.13973659277
        max: 1
        mean: 0.815850794315
        min: 0
        var: 0.150238439441
    spectral_centroid:
        dmean: 485.085479736
        dmean2: 841.087158203
        dvar: 459867.25
        dvar2: 1383983.5
        max: 5511.58007812
        mean: 1409.69958496
        min: 225.910736084
        var: 1080289.375
    spectral_complexity:
        dmean: 1.34894609451
        dmean2: 2.26056337357
        dvar: 8.14756202698
        dvar2: 16.6809387207
        max: 58
        mean: 4.33878517151
        min: 0
        var: 52.8643112183
    spectral_crest:
        dmean: 3.61018776894
        dmean2: 6.2447924614
        dvar: 8.80735111237
        dvar2: 23.5738430023
        max: 21.2325572968
        mean: 10.631726265
        min: 3.20496511459
        var: 16.2491016388
    spectral_decrease:
        dmean: 4.63143912111e-10
        dmean2: 7.18562653823e-10
        dvar: 2.92245226521e-18
        dvar2: 6.38453648253e-18
        max: -6.77392115924e-13
        mean: -1.12578391054e-09
        min: -2.98746023475e-08
        var: 1.58407800456e-17
    spectral_energy:
        dmean: 0.00191977317445
        dmean2: 0.00300344941206
        dvar: 4.81090501125e-05
        dvar2: 0.00010190840112
        max: 0.128057524562
        mean: 0.00462688552216
        min: 3.53866835212e-06
        var: 0.000260929518845
    spectral_energyband_high:
        dmean: 0.000109427674033
        dmean2: 0.000182181756827
        dvar: 3.88206785829e-07
        dvar2: 6.62470313273e-07
        max: 0.011538958177
        mean: 0.000172038722667
        min: 1.03954356234e-07
        var: 8.15518660602e-07
    spectral_energyband_low:
        dmean: 0.000233002894674
        dmean2: 0.000379751058063
        dvar: 6.6342994387e-07
        dvar2: 1.55236841692e-06
        max: 0.0147777553648
        mean: 0.000399619806558
        min: 1.88016201719e-07
        var: 1.91147637452e-06
    spectral_energyband_middle_high:
        dmean: 0.000560727552511
        dmean2: 0.0009198418702
        dvar: 7.3136861829e-06
        dvar2: 1.35092095661e-05
        max: 0.0524201281369
        mean: 0.000920495251194
        min: 7.56429642479e-07
        var: 1.83630345418e-05
    spectral_energyband_middle_low:
        dmean: 0.00145166285802
        dmean2: 0.00234322692268
        dvar: 3.83996775781e-05
        dvar2: 9.63151833275e-05
        max: 0.105955004692
        mean: 0.00313473050483
        min: 5.1852669003e-07
        var: 0.000147225931869
    spectral_flatness_db:
        dmean: 0.0314653106034
        dmean2: 0.050680603832
        dvar: 0.000803222588729
        dvar2: 0.00198394432664
        max: 0.363068878651
        mean: 0.191772371531
        min: 0.0782591849566
        var: 0.00468437559903
    spectral_flux:
        dmean: 0.0092343064025
        dmean2: 0.0157825760543
        dvar: 0.00023323923233
        dvar2: 0.000603997905273
        max: 0.240296661854
        mean: 0.027402581647
        min: 0.00188113481272
        var: 0.00104026834015
    spectral_kurtosis:
        dmean: 3.21001386642
        dmean2: 5.60928726196
        dvar: 30.83543396
        dvar2: 99.1756515503
        max: 42.8598213196
        mean: 4.94535255432
        min: -1.49434757233
        var: 79.7722625732
    spectral_rms:
        dmean: 0.000343493215041
        dmean2: 0.000554239028133
        dvar: 3.01624623944e-07
        dvar2: 6.30447573258e-07
        max: 0.0111773954704
        mean: 0.00136302493047
        min: 5.87567810726e-05
        var: 2.65619701167e-06
    spectral_rolloff:
        dmean: 872.975952148
        dmean2: 1622.01940918
        dvar: 2441812.5
        dvar2: 7148832
        max: 9022.41210938
        mean: 2399.64599609
        min: 150.732421875
        var: 4082996.25
    spectral_skewness:
        dmean: 0.364458799362
        dmean2: 0.621979057789
        dvar: 0.159684628248
        dvar2: 0.495379120111
        max: 4.59790992737
        mean: 1.42782390118
        min: -0.217438355088
        var: 0.905992925167
    spectral_spread:
        dmean: 1266052.5
        dmean2: 1961143.75
        dvar: 2.84040993178e+12
        dvar2: 4.83400666317e+12
        max: 30241502
        mean: 9326367
        min: 1258803.125
        var: 3.27870358487e+13
    spectral_strongpeak:
        dmean: 0.46449008584
        dmean2: 0.806139230728
        dvar: 0.908660590649
        dvar2: 2.4249022007
        max: 8.39073944092
        mean: 0.696596324444
        min: 0.00192106759641
        var: 1.42401480675
    zerocrossingrate:
        dmean: 0.0105214891955
        dmean2: 0.013613418676
        dvar: 0.000135009628139
        dvar2: 0.000208197190659
        max: 0.2119140625
        mean: 0.0905807316303
        min: 0.00634765625
        var: 0.00286010163836
    barkbands:
        dmean: [1.77957858227e-07, 6.18944541202e-05, 0.000200670270715, 0.000976815470494, 0.000444603560027, 0.000539325294085, 0.000161606963957, 6.31095681456e-05, 2.57746614807e-05, 2.94682959066e-05, 1.89700476767e-05, 2.84145116893e-05, 1.11731496872e-05, 2.41248199018e-05, 3.96382783947e-05, 7.89388577687e-05, 0.000174007029273, 0.000113331174362, 0.000120098586194, 0.000193504849449, 4.2561427108e-05, 5.93254162595e-06, 3.06251422444e-05, 2.00580393539e-06, 2.09062295653e-06, 4.40719958306e-08, 3.52274737159e-10]
        dmean2: [3.01448352502e-07, 9.56243093242e-05, 0.00032583673601, 0.00159974978305, 0.00077261676779, 0.000849003146868, 0.000284135137917, 0.000110567227239, 4.21802142228e-05, 5.46772280359e-05, 2.98875202134e-05, 4.72296487715e-05, 2.09710797208e-05, 3.84159866371e-05, 7.55183573347e-05, 0.000142087781569, 0.000290343625238, 0.000149008090375, 0.000207622870221, 0.000343432155205, 6.23521918897e-05, 1.02926833279e-05, 5.7995053794e-05, 3.61380216418e-06, 3.69934036826e-06, 7.97961448029e-08, 6.33197216882e-10]
        dvar: [9.27867049687e-13, 6.33582786236e-08, 4.51385147926e-07, 2.02901883313e-05, 3.96633186028e-06, 5.57804696655e-06, 6.67477763727e-07, 9.1046381101e-08, 1.39813476352e-08, 1.20876766374e-08, 9.04713104433e-09, 1.55880428565e-08, 2.24679430616e-09, 2.97215176914e-08, 7.42868309089e-08, 3.21550800209e-07, 4.86868316329e-07, 8.31798445233e-07, 8.04169644653e-07, 8.54458050981e-07, 3.41642873991e-08, 4.13792333731e-09, 1.59899453678e-08, 1.6063806535e-11, 9.57372722765e-12, 1.75973839179e-14, 1.18452522212e-18]
        dvar2: [2.11527735432e-12, 1.51577836505e-07, 1.11028055017e-06, 5.57462444704e-05, 1.214117583e-05, 1.12345978778e-05, 2.02227079171e-06, 2.20322078803e-07, 3.42578125867e-08, 4.17361363247e-08, 2.44969342589e-08, 4.24204600336e-08, 5.9360814042e-09, 6.834498123e-08, 2.17740222297e-07, 9.97313463813e-07, 1.20802906167e-06, 1.45107344451e-06, 1.75660352397e-06, 2.27631198868e-06, 6.6341463878e-08, 7.23341431197e-09, 5.29638519708e-08, 4.32881369639e-11, 2.92061999585e-11, 5.61395886917e-14, 2.99687267094e-18]
        max: [1.29503696371e-05, 0.00423741620034, 0.0107834916562, 0.0546138584614, 0.0299236960709, 0.0444898232818, 0.0151607701555, 0.00531778344885, 0.00155611638911, 0.00155422172975, 0.00184282043483, 0.00203162082471, 0.000664978462737, 0.00334240333177, 0.00389995519072, 0.00738144107163, 0.0133617278188, 0.0197928249836, 0.0157848615199, 0.0124868853018, 0.00353715196252, 0.00112923851702, 0.00112240691669, 7.08646985004e-05, 3.99091622967e-05, 1.36020582886e-06, 1.21782246509e-08]
        mean: [2.09949220675e-07, 9.00661980268e-05, 0.000309351977194, 0.00118189794011, 0.000600051018409, 0.000920382153708, 0.000275777507341, 0.000114121728984, 3.81844874937e-05, 4.03390004067e-05, 2.8143516829e-05, 4.41994561697e-05, 1.9861603505e-05, 3.3433574572e-05, 4.08454798162e-05, 8.14352752059e-05, 0.000234559833189, 0.000155905188876, 0.000132917281007, 0.000175520923221, 6.31763905403e-05, 9.94304809865e-06, 2.27937653108e-05, 5.87727117818e-06, 7.82169172453e-06, 7.45715453832e-08, 4.04438094126e-10]
        min: [2.51804910256e-10, 3.52993971831e-08, 1.51696525563e-07, 2.36595440128e-07, 2.29316640343e-07, 1.48075098849e-08, 3.40771535434e-08, 1.45435530285e-09, 1.8684374048e-09, 2.45354825346e-09, 3.16351278506e-09, 3.29993321557e-09, 3.83798964831e-11, 1.3063203852e-09, 8.34264657357e-09, 8.36257818548e-09, 5.77403236335e-09, 5.47951195529e-09, 9.26690946201e-10, 4.30907718396e-08, 1.9673394025e-09, 6.74010292023e-10, 4.83645845595e-10, 4.24991777881e-11, 1.6345837444e-12, 8.10607684492e-14, 6.60277725439e-15]
        var: [1.30849703902e-12, 1.10060071279e-07, 1.22908238609e-06, 3.02596308757e-05, 5.23469452673e-06, 1.62276683113e-05, 1.3852787788e-06, 2.42187951471e-07, 2.33777068814e-08, 2.05936210307e-08, 1.6869494246e-08, 3.65992072204e-08, 5.61622348627e-09, 4.61530049733e-08, 6.36705976831e-08, 3.05636262965e-07, 8.2804763224e-07, 1.52255017838e-06, 1.02152239378e-06, 8.86894895302e-07, 6.50972822314e-08, 7.83287834594e-09, 1.01060431135e-08, 4.99784068297e-11, 6.20212492475e-11, 1.59835676189e-14, 1.49195485838e-18]
    mfcc:
        mean: [-832.613098145, 130.477600098, -8.68993377686, 46.3269195557, 8.15642642975, -12.6104545593, 3.71734023094, -9.31611919403, -0.379588901997, -7.62066459656, -15.7157831192, -5.74892091751, 1.2311655283]
        cov: [[5837.21533203, -1006.75500488, 98.5626296997, -100.949188232, 56.7416954041, -279.604370117, -252.115127563, -64.7624816895, 19.0484008789, -74.8295822144, -149.799835205, 207.112060547, 40.6274261475], [-1006.75500488, 5830.3046875, -2908.23681641, 1664.40014648, -1446.1998291, 784.450378418, -742.553039551, 228.89654541, -815.4140625, -178.129318237, 361.390777588, 42.4394950867, -383.661834717], [98.5626296997, -2908.23681641, 2028.25524902, -1025.97937012, 681.461425781, -410.600616455, 437.449829102, -97.6494827271, 361.025756836, 91.8576889038, -155.151184082, -22.3952827454, 155.124542236], [-100.949188232, 1664.40014648, -1025.97937012, 735.025756836, -376.138427734, 233.916061401, -262.948516846, 55.9329032898, -220.05329895, 10.4460573196, 90.8418655396, -7.8481388092, -88.8095703125], [56.7416954041, -1446.1998291, 681.461425781, -376.138427734, 491.309570312, -177.991622925, 168.787414551, -55.8802528381, 228.31930542, 57.7270469666, -124.550827026, -11.9188432693, 116.821464539], [-279.604370117, 784.450378418, -410.600616455, 233.916061401, -177.991622925, 281.581970215, -140.495498657, 17.3320140839, -13.9235048294, -53.0923080444, -0.705711185932, 60.7336463928, -52.3666381836], [-252.115127563, -742.553039551, 437.449829102, -262.948516846, 168.787414551, -140.495498657, 353.315307617, 37.6229858398, 12.9341039658, 62.2712097168, 87.0331420898, -152.17817688, 27.9762325287], [-64.7624816895, 228.89654541, -97.6494827271, 55.9329032898, -55.8802528381, 17.3320140839, 37.6229858398, 137.502197266, -93.286567688, 8.07186698914, 40.6460762024, -22.1785049438, -43.8687744141], [19.0484008789, -815.4140625, 361.025756836, -220.05329895, 228.31930542, -13.9235048294, 12.9341039658, -93.286567688, 336.0027771, -43.6547050476, -114.716575623, 82.8600921631, 56.2376785278], [-74.8295822144, -178.129318237, 91.8576889038, 10.4460573196, 57.7270469666, -53.0923080444, 62.2712097168, 8.07186698914, -43.6547050476, 176.934890747, 10.6744661331, -76.2269821167, 38.5843696594], [-149.799835205, 361.390777588, -155.151184082, 90.8418655396, -124.550827026, -0.705711185932, 87.0331420898, 40.6460762024, -114.716575623, 10.6744661331, 223.561843872, -110.767929077, -82.4471588135], [207.112060547, 42.4394950867, -22.3952827454, -7.8481388092, -11.9188432693, 60.7336463928, -152.17817688, -22.1785049438, 82.8600921631, -76.2269821167, -110.767929077, 200.834533691, 24.0559844971], [40.6274261475, -383.661834717, 155.124542236, -88.8095703125, 116.821464539, -52.3666381836, 27.9762325287, -43.8687744141, 56.2376785278, 38.5843696594, -82.4471588135, 24.0559844971, 134.705718994]]
        icov: [[0.000248780357651, 0.000324629538227, 0.000150904510519, -0.000121386423416, 0.00036011802149, 0.000179825641681, 0.000381270045182, -3.58084143954e-05, 0.000298701459542, 0.000149460887769, -4.35966358054e-05, -0.000163367280038, 9.74849535851e-05], [0.000324629538227, 0.00232890248299, 0.000915474025533, -0.00102205714211, 0.00260366569273, -0.00132774515077, 0.00138460611925, -0.000323453627061, 0.00189467286691, 0.000777894107159, -0.000456462352304, 2.55027534877e-05, 0.000342286861269], [0.000150904510519, 0.000915474025533, 0.00259591313079, 0.00181247596629, 0.000329637114191, 0.000124581361888, -0.000285826652544, 0.000368507520761, 0.000470440863864, -0.000884736014996, 0.000226356074563, -0.000711432017852, 0.00103196501732], [-0.000121386423416, -0.00102205714211, 0.00181247596629, 0.00642889551818, -0.000901898078155, -0.000437555398094, 0.00169943855144, -0.000412749766838, -0.000536974519491, -0.00236069387756, -0.00054715242004, 0.00116811797488, -0.0002415265335], [0.00036011802149, 0.00260366569273, 0.000329637114191, -0.000901898078155, 0.00929335318506, 8.74314573593e-05, 0.000734801404178, -0.00124762556516, -0.00096878351178, -3.32702911692e-05, 0.00150639936328, 0.00138116697781, -0.0011623124592], [0.000179825641681, -0.00132774515077, 0.000124581361888, -0.000437555398094, 8.74314573593e-05, 0.00795756373554, -0.000746165809687, -0.000421482342063, -0.00294475164264, -0.000214537649299, 0.00124901637901, -0.00122358987574, 0.00104140012991], [0.000381270045182, 0.00138460611925, -0.000285826652544, 0.00169943855144, 0.000734801404178, -0.000746165809687, 0.0110663697124, -0.004340140149, 0.000445519108325, 0.00108543725219, -0.00417969701812, 0.00586171587929, -0.00346281123348], [-3.58084143954e-05, -0.000323453627061, 0.000368507520761, -0.000412749766838, -0.00124762556516, -0.000421482342063, -0.004340140149, 0.0116450758651, 0.00324522447772, -0.000839020241983, 0.00157968967687, -0.00313417962752, 0.00441701337695], [0.000298701459542, 0.00189467286691, 0.000470440863864, -0.000536974519491, -0.00096878351178, -0.00294475164264, 0.000445519108325, 0.00324522447772, 0.00872509460896, 0.0018926190678, 0.000257656589383, -0.00205623055808, 0.00141036289278], [0.000149460887769, 0.000777894107159, -0.000884736014996, -0.00236069387756, -3.32702911692e-05, -0.000214537649299, 0.00108543725219, -0.000839020241983, 0.0018926190678, 0.00926851388067, 9.41661619436e-06, 0.00338043388911, -0.00296314503066], [-4.35966358054e-05, -0.000456462352304, 0.000226356074563, -0.00054715242004, 0.00150639936328, 0.00124901637901, -0.00417969701812, 0.00157968967687, 0.000257656589383, 9.41661619436e-06, 0.010620704852, 0.00205926713534, 0.00467576598749], [-0.000163367280038, 2.55027534877e-05, -0.000711432017852, 0.00116811797488, 0.00138116697781, -0.00122358987574, 0.00586171587929, -0.00313417962752, -0.00205623055808, 0.00338043388911, 0.00205926713534, 0.0133342184126, -0.00343092810363], [9.74849535851e-05, 0.000342286861269, 0.00103196501732, -0.0002415265335, -0.0011623124592, 0.00104140012991, -0.00346281123348, 0.00441701337695, 0.00141036289278, -0.00296314503066, 0.00467576598749, -0.00343092810363, 0.0143263805658]]
    spectral_contrast:
        mean: [3.80223326601e-07, -5.75418077631e-08, 1.94272153919e-08, 1.01435823296e-07, -3.82921541586e-07, 5.66453024931e-07, 9.69968141362e-07, 6.388698921e-07, 7.95227606432e-07, -4.5655001486e-06, 3.40275664712e-06, -3.39913594871e-06]
        var: [0.000666818523314, 0.00118547491729, 0.00163398624863, 0.00233120447956, 0.00426507275552, 0.0053277076222, 0.0924360752106, 0.154439106584, 0.18878775835, 0.342549055815, 2.88678383827, 5.00468397141]

rhythm:
    beats_loudness:
        dmean: 0.011373010464
        dmean2: 0.0227470807731
        dvar: 0.00101681565866
        dvar2: 0.00304539804347
        max: 0.115782998502
        mean: 0.0070584313944
        min: 4.41605407104e-05
        var: 0.00057165173348
    beats_loudness_bass:
        dmean: 0.148478358984
        dmean2: 0.243335515261
        dvar: 0.00752889551222
        dvar2: 0.0159173347056
        max: 0.510229408741
        mean: 0.256864458323
        min: 0.0150916324928
        var: 0.0182016063482
    bpm: 149.89982605
    bpm_confidence: 0
    first_peak_bpm: 121
    first_peak_spread: 0
    first_peak_weight: 0.523809552193
    onset_rate: 3.72738480568
    second_peak_bpm: 150
    second_peak_spread: 0
    second_peak_weight: 0.428571432829
    beats_position: [0.0299626868218, 0.525922596455, 1.02188265324, 1.5178425312, 2.01380252838, 2.50976252556, 3.00572228432, 3.50168228149, 3.99764204025, 4.49360179901, 4.98956155777, 5.48552131653, 6.09557008743, 6.49583816528, 6.89610528946, 7.29637336731, 7.69664096832, 8.09690856934, 8.49717712402, 8.89744377136, 9.29771137238, 9.69797897339]
    bpm_estimates: [149.805160522, 150.059020996, 149.835250854]
    bpm_intervals: [0.49595990777, 0.495960056782, 0.495959877968, 0.495959997177, 0.495959997177, 0.495959758759, 0.495959997177, 0.495959758759, 0.495959758759, 0.495959758759, 0.495959758759, 0.610048770905, 0.40026807785, 0.400267124176, 0.40026807785, 0.400267601013, 0.400267601013, 0.400268554688, 0.400266647339, 0.400267601013, 0.400267601013]
    onset_times: [0.0812698379159, 0.197369620204, 0.476009070873, 0.835918366909, 1.19582772255, 1.35836732388, 1.64861679077, 1.98530614376, 2.03174614906, 2.07818603516, 2.20589566231, 2.60063481331, 2.77478456497, 2.84444451332, 3.03020405769, 3.12308382988, 3.55265307426, 3.69197273254, 3.88934230804, 4.051882267, 4.63238096237, 4.79492044449, 5.08517026901, 5.32897949219, 5.54956912994, 5.61922883987, 6.025578022, 6.13006782532, 6.3622674942, 6.48997735977, 6.67573690414, 7.32589578629, 7.50004529953, 7.66258525848, 8.18503379822, 8.31274414062, 8.35918331146]
    rubato_start: [6.49583816528]
    rubato_stop: [9.69797897339]
    perceptual_tempo: "unknown"

sfx:
    inharmonicity:
        dmean: 0.0450898557901
        dmean2: 0.0822441503406
        dvar: 0.00346243614331
        dvar2: 0.0095246238634
        max: 0.460491091013
        mean: 0.0395265854895
        min: 4.26828091804e-06
        var: 0.00383693142794
    oddtoevenharmonicenergyratio:
        dmean: 36.5276985168
        dmean2: 72.9585723877
        dvar: 32509.2597656
        dvar2: 101146.835938
        max: 1917.40600586
        mean: 18.4996700287
        min: 2.83998360828e-05
        var: 16586.9296875
    pitch_after_max_to_before_max_energy_ratio: 0.693443059921
    pitch_centroid: 167.062332153
    pitch_max_to_total: 0.495327115059
    pitch_min_to_total: 0.787383198738
    tristimulus:
        dmean: [0.274136692286, 0.311652451754, 0.119018062949]
        dmean2: [0.491521090269, 0.557762980461, 0.218817800283]
        dvar: [0.0577923804522, 0.0667399615049, 0.033898357302]
        dvar2: [0.148379027843, 0.182931512594, 0.104262679815]
        max: [0.994699060917, 0.991688370705, 0.950021922588]
        mean: [0.508356809616, 0.345948725939, 0.0974200442433]
        min: [0.00281840353273, 0, 0]
        var: [0.098619915545, 0.0842639878392, 0.0300336349756]

tonal:
    chords_changes_rate: 0.139534890652
    chords_number_rate: 0.0418604649603
    chords_strength:
        dmean: 0.00820761360228
        dmean2: 0.0109089491889
        dvar: 3.77097167075e-05
        dvar2: 6.65787156322e-05
        max: 0.450160741806
        mean: 0.354150027037
        min: 0.239500582218
        var: 0.00256968429312
    key_strength: 0.421631813049
    tuning_diatonic_strength: 0.366944015026
    tuning_equal_tempered_deviation: 0.236892178655
    tuning_frequency: 452.37008667
    tuning_nontempered_energy_ratio: 0.900461673737
    hpcp:
        dmean: [0.107201911509, 0.19505636394, 0.184047043324, 0.111974313855, 0.122106261551, 0.138104483485, 0.156418323517, 0.155196607113, 0.134858846664, 0.122826121747, 0.140435442328, 0.179337576032, 0.197505772114, 0.226881593466, 0.268932849169, 0.237293422222, 0.201682657003, 0.213489383459, 0.206985145807, 0.160474210978, 0.141407340765, 0.148602291942, 0.104223534465, 0.0620910301805, 0.0489767827094, 0.0609032250941, 0.0840087458491, 0.0747006759048, 0.0602728277445, 0.0570883750916, 0.0740132927895, 0.081452511251, 0.0572961233556, 0.078829407692, 0.103373810649, 0.111898891628]
        dmean2: [0.180401176214, 0.330800622702, 0.326313227415, 0.204643398523, 0.225678697228, 0.249228045344, 0.27503490448, 0.281075596809, 0.236995846033, 0.217130869627, 0.242768988013, 0.310352414846, 0.342437058687, 0.412140250206, 0.481988132, 0.423646777868, 0.365841299295, 0.376331657171, 0.359088033438, 0.269852787256, 0.249246791005, 0.272291451693, 0.194706395268, 0.114239767194, 0.0884289592505, 0.0991513580084, 0.137529805303, 0.131544485688, 0.110892541707, 0.100265495479, 0.127174973488, 0.150605425239, 0.1054347381, 0.124323762953, 0.163643181324, 0.185495406389]
        dvar: [0.0168101452291, 0.0716809630394, 0.0505354553461, 0.0351763367653, 0.0388043709099, 0.0417575798929, 0.0412913449109, 0.049902305007, 0.0393491908908, 0.0349050872028, 0.038775768131, 0.0503090582788, 0.0522602424026, 0.0553757660091, 0.10332274437, 0.069736070931, 0.0570097230375, 0.0639834329486, 0.0651136413217, 0.0461094900966, 0.0459420494735, 0.0460998378694, 0.0302588362247, 0.0125166010112, 0.0067095332779, 0.00966061465442, 0.0253523532301, 0.0191065538675, 0.0178854819387, 0.00727622956038, 0.0128864040598, 0.0241368822753, 0.0102051896974, 0.0103969043121, 0.0298645272851, 0.0274706482887]
        dvar2: [0.0438267253339, 0.200093969703, 0.142454653978, 0.100235812366, 0.108164101839, 0.108639724553, 0.116463989019, 0.11814981699, 0.107246667147, 0.0982412844896, 0.10378023237, 0.126359805465, 0.144123092294, 0.160660400987, 0.27117934823, 0.185857027769, 0.172394394875, 0.180277973413, 0.192153036594, 0.12667927146, 0.124140642583, 0.131419807673, 0.0872475430369, 0.0366394892335, 0.0187692157924, 0.0216067433357, 0.0624856464565, 0.0567199885845, 0.0520494170487, 0.0199011750519, 0.0331301316619, 0.0704824253917, 0.0301930643618, 0.0252800174057, 0.0625529289246, 0.0734498947859]
        max: [0.853415489197, 1, 1, 1, 1, 1, 1, 1, 1, 1, 1, 1, 1, 1, 1, 1, 1, 1, 1, 1, 1, 1, 1, 0.921100854874, 0.687986671925, 1, 1, 1, 0.958731174469, 0.585503339767, 0.965707540512, 1, 0.825832664967, 0.729349315166, 1, 1]
        mean: [0.134955108166, 0.252938836813, 0.210586473346, 0.0941177308559, 0.0921927690506, 0.116732373834, 0.143410056829, 0.145356506109, 0.129344046116, 0.11558560282, 0.14461311698, 0.214229136705, 0.22533223033, 0.257985949516, 0.369405806065, 0.292699247599, 0.177127018571, 0.246861279011, 0.261534690857, 0.182000637054, 0.135850355029, 0.118130944669, 0.080493696034, 0.0469261296093, 0.0422375164926, 0.0749882683158, 0.098719894886, 0.0758846700191, 0.0500623174012, 0.0489875711501, 0.0686109736562, 0.0708926767111, 0.0532476082444, 0.113590508699, 0.195690274239, 0.145506083965]
        min: [0.000395739421947, 0.00195400998928, 0.00090796261793, 0.000289775285637, 0.0004005903902, 0.000623560044914, 0.000209588193684, 0.000593562261201, 0.000729655788746, 0.00123781198636, 0, 0.000654615520034, 0.00123910768889, 0.00133404880762, 0.000926904205699, 0.000653192924801, 0.00173771113623, 0.000449735205621, 0.000276452832622, 0, 0.000171585808857, 0.000371392001398, 0.000367018365068, 0.000131072461954, 0, 0, 0, 0, 0, 0, 0, 0, 0.000401681987569, 0.000183922398719, 0.000532218604349, 0.000427589664469]
        var: [0.026211425662, 0.116016045213, 0.0693054422736, 0.0238512083888, 0.0267001017928, 0.0360046476126, 0.0396399796009, 0.0553372502327, 0.0399359241128, 0.0378669425845, 0.0413022227585, 0.0552989915013, 0.0579763501883, 0.0670703649521, 0.157995730639, 0.100914888084, 0.0541499480605, 0.0905265212059, 0.110778391361, 0.0762661248446, 0.0532256774604, 0.0375445857644, 0.0199928414077, 0.00809327792376, 0.00508813932538, 0.0170160699636, 0.0356619618833, 0.0169422961771, 0.0116474283859, 0.00608309963718, 0.0120532391593, 0.0162403918803, 0.00791753921658, 0.0270134396851, 0.10467106849, 0.0478046312928]
    chords_histogram: [1.39534878731, 24.1860466003, 1.86046516895, 22.7906970978, 0, 0.930232584476, 0, 0, 0, 0, 26.0465106964, 6.5116276741, 0, 4.65116262436, 0, 0, 0, 0.465116292238, 0, 0, 0, 0, 5.11627912521, 6.04651165009]
    thpcp: [1, 0.792351484299, 0.479491710663, 0.66826581955, 0.707987487316, 0.492684841156, 0.367753714323, 0.319786369801, 0.217900469899, 0.127031385899, 0.114339068532, 0.202996999025, 0.267239689827, 0.205423593521, 0.135521203279, 0.132611811161, 0.18573333323, 0.191910028458, 0.144143939018, 0.307495176792, 0.529743373394, 0.393892258406, 0.365330219269, 0.684718072414, 0.570068120956, 0.254781395197, 0.249570444226, 0.316000372171, 0.388218194246, 0.393487334251, 0.350140810013, 0.31289601326, 0.391474932432, 0.579928994179, 0.609985649586, 0.698380887508]
    chords_key: "C#"
    chords_scale: "major"
    key_key: "D"
    key_scale: "major"
    chords_progression: ["F#m", "Dm", "F#m", "F#m", "F#m", "F#m", "F#m", "F#m", "F#m", "F#m", "F#m", "F#m", "F#m", "F#m", "F#m", "A", "A", "A", "F#m", "F#m", "F#m", "F#m", "F#m", "F#m", "F#m", "F#m", "F#m", "F#m", "F#m", "F#m", "F#m", "F#m", "F#m", "F#m", "C#", "C#", "C#", "F#m", "F#m", "F#m", "F#m", "F#m", "F#m", "F#m", "F#m", "F#m", "F#m", "F#m", "F#m", "F#m", "F#m", "F#m", "F#m", "F#m", "F#m", "F#m", "Fm", "Fm", "Fm", "Fm", "Fm", "Fm", "C#", "C#", "C#", "C#", "C#", "C#", "C#", "C#", "C#", "C#", "C#", "C#", "C#", "C#", "C#", "C#", "C#", "C#", "C#", "C#", "C#", "C#", "C#", "C#", "C#", "C#", "C#", "C#", "C#", "Fm", "Fm", "Fm", "Fm", "Fm", "Fm", "Fm", "C#", "C#", "C#", "C#", "C#", "C#", "C#", "C#", "C#", "C#", "C#", "C#", "C#", "C#", "C#", "C#", "C#", "C#", "C#", "C#", "C#", "C#", "Fm", "C#", "F#m", "C#", "D", "D", "D", "F#m", "F#m", "Bm", "Bm", "Bm", "Bm", "Bm", "Bm", "Bm", "Bm", "Bm", "Bm", "Bm", "Bm", "Bm", "G", "G", "G", "G", "G", "A", "C#m", "G", "G", "G", "G", "C#m", "C#m", "C#m", "C#m", "C#m", "C#m", "C#m", "C#m", "C#m", "C#m", "C#m", "C#m", "C#m", "C#m", "C#m", "C#m", "C#m", "C#m", "C#m", "C#m", "C#m", "C#m", "C#m", "C#m", "C#m", "C#m", "C#m", "C#m", "C#m", "C#m", "C#m", "C#m", "C#m", "C#m", "C#m", "C#m", "Cm", "C#m", "C#m", "C#m", "C#m", "Cm", "Cm", "Cm", "Cm", "Cm", "Cm", "Cm", "C#m", "C#m", "C#m", "C#m", "C#m", "Cm", "Cm", "G#m", "G#m", "G", "G", "C#m", "C#m", "C#m"]
