
metadata:
    version:
        essentia: "1.2.2"
    audio_properties:
        analysis_sample_rate: 44100
        bitrate: 128
        channels: 2
        equal_loudness: 1
        length: 10.0310201645
        replay_gain: -12.5212917328
        downmix: "mix"
    tags:
        track: 31
        year: 0
        album: "Splitted by Mp3Splt v. 2.1"
        artist: "From 005.00 To 005.10"
        comment: "http://mp3splt.sf.net"
        genre: ""
        title: "01 The Story of Bo Diddley.mp3"

highlevel:
    ballroom:
        all:
            ChaChaCha: 0.0292587205768
            Jive: 0.108639545739
            Quickstep: 0.19461889565
            Rumba-American: 0.0355134122074
            Rumba-International: 0.461925685406
            Rumba-Misc: 0.0389208048582
            Samba: 0.0798861458898
            Tango: 0.0160244293511
            VienneseWaltz: 0.0132225137204
            Waltz: 0.0219898298383
        probability: 0.461925685406
        value: "Rumba-International"
    culture:
        all:
            non_western: 0.0763777568936
            western: 0.923622250557
        probability: 0.923622250557
        value: "western"
    gender:
        all:
            female: 0.890637755394
            male: 0.109362259507
        probability: 0.890637755394
        value: "female"
    genre_dortmund:
        all:
            alternative: 0.059923928231
            blues: 0.211317762733
            electronic: 0.0235885735601
            folkcountry: 0.143227443099
            funksoulrnb: 0.0565501973033
            jazz: 0.101028256118
            pop: 0.102713569999
            raphiphop: 0.0304360184819
            rock: 0.27121424675
        probability: 0.27121424675
        value: "rock"
    genre_electronica:
        all:
            ambient: 0.333882212639
            dnb: 0.280662894249
            house: 0.26268646121
            techno: 0.077795907855
            trance: 0.0449725389481
        probability: 0.333882212639
        value: "ambient"
    genre_rosamerica:
        all:
            cla: 0.0129371099174
            dan: 0.0319420062006
            hip: 0.0936592295766
            jaz: 0.0974162369967
            pop: 0.305647820234
            rhy: 0.341483920813
            roc: 0.10104188323
            spe: 0.015871791169
        probability: 0.341483920813
        value: "rhy"
    genre_tzanetakis:
        all:
            blu: 0.0202051606029
            cla: 0.00208160490729
            cou: 0.0302581656724
            dis: 0.0661539509892
            hip: 0.0644445866346
            jaz: 0.00453605735675
            met: 0.00331456190906
            pop: 0.526917397976
            reg: 0.216999292374
            roc: 0.0650891885161
        probability: 0.526917397976
        value: "pop"
    live_studio:
        all:
            live: 0.0442053116858
            studio: 0.955794692039
        probability: 0.955794692039
        value: "studio"
    mood:
        all:
            Cluster1: 0.241255804896
            Cluster2: 0.168263316154
            Cluster3: 0.315252155066
            Cluster4: 0.127980560064
            Cluster5: 0.147248163819
        probability: 0.315252155066
        value: "Cluster3"
    mood_acoustic:
        all:
            acoustic: 0.750284433365
            not_acoustic: 0.249715551734
        probability: 0.750284433365
        value: "acoustic"
    mood_aggressive:
        all:
            aggressive: 0.0203537754714
            not_aggressive: 0.979646205902
        probability: 0.979646205902
        value: "not_aggressive"
    mood_electronic:
        all:
            electronic: 0.0310030207038
            not_electronic: 0.968997001648
        probability: 0.968997001648
        value: "not_electronic"
    mood_happy:
        all:
            happy: 0.0606199540198
            not_happy: 0.939380049706
        probability: 0.939380049706
        value: "not_happy"
    mood_party:
        all:
            not_party: 0.687919795513
            party: 0.312080174685
        probability: 0.687919795513
        value: "not_party"
    mood_relaxed:
        all:
            not_relaxed: 0.229792550206
            relaxed: 0.770207464695
        probability: 0.770207464695
        value: "relaxed"
    mood_sad:
        all:
            not_sad: 0.406802117825
            sad: 0.593197882175
        probability: 0.593197882175
        value: "sad"
    rhythm:
        all:
            fast: 0.856097400188
            medium: 0.0656759366393
            slow: 0.0782266780734
        probability: 0.856097400188
        value: "fast"
    speech_music:
        all:
            music: 0.988248825073
            speech: 0.0117511600256
        probability: 0.988248825073
        value: "music"
    timbre:
        all:
            bright: 0.19435249269
            dark: 0.805647492409
        probability: 0.805647492409
        value: "dark"
    voice_instrumental:
        all:
            instrumental: 0.00153333530761
            voice: 0.998466670513
        probability: 0.998466670513
        value: "voice"

lowlevel:
    average_loudness: 0.981732070446
    barkbands_kurtosis:
        dmean: 7.83552742004
        dmean2: 13.4729795456
        dvar: 87.7521896362
        dvar2: 251.700820923
        max: 91.0599822998
        mean: 12.5006027222
        min: -1.88723731041
        var: 210.319412231
    barkbands_skewness:
        dmean: 0.923270225525
        dmean2: 1.46916878223
        dvar: 0.674661099911
        dvar2: 1.63353824615
        max: 7.34340524673
        mean: 2.27864074707
        min: -3.06734967232
        var: 4.10337018967
    barkbands_spread:
        dmean: 7.89644432068
        dmean2: 12.9273014069
        dvar: 106.22543335
        dvar2: 246.380233765
        max: 75.8208389282
        mean: 16.0668258667
        min: 1.01056194305
        var: 214.490814209
    dissonance:
        dmean: 0.0267073195428
        dmean2: 0.0438770279288
        dvar: 0.000588186492678
        dvar2: 0.00160551723093
        max: 0.498149693012
        mean: 0.441527038813
        min: 0.272969782352
        var: 0.00129561848007
    hfc:
        dmean: 1.68611097336
        dmean2: 2.22876024246
        dvar: 13.8179063797
        dvar2: 25.5479621887
        max: 48.6480941772
        mean: 3.82221722603
        min: 0.0154116824269
        var: 57.5833740234
    pitch:
        dmean: 547.879089355
        dmean2: 1061.43835449
        dvar: 1719601.5
        dvar2: 3465391
        max: 4900
        mean: 808.782165527
        min: 61.764705658
        var: 2246913.25
    pitch_instantaneous_confidence:
        dmean: 0.116666294634
        dmean2: 0.195146352053
        dvar: 0.00990932248533
        dvar2: 0.026855122298
        max: 0.92289352417
        mean: 0.480649411678
        min: 0.185431003571
        var: 0.0336291454732
    pitch_salience:
        dmean: 0.0963952839375
        dmean2: 0.170351326466
        dvar: 0.00673034461215
        dvar2: 0.0218662600964
        max: 0.831801831722
        mean: 0.596397399902
        min: 0.173974081874
        var: 0.0107819633558
    silence_rate_20dB:
        dmean: 0
        dmean2: 0
        dvar: 0
        dvar2: 0
        max: 1
        mean: 1
        min: 1
        var: 0
    silence_rate_30dB:
        dmean: 0
        dmean2: 0
        dvar: 0
        dvar2: 0
        max: 1
        mean: 1
        min: 1
        var: 0
    silence_rate_60dB:
        dmean: 0.0925925895572
        dmean2: 0.185614854097
        dvar: 0.0840189009905
        dvar2: 0.16508372128
        max: 1
        mean: 0.709006905556
        min: 0
        var: 0.206316903234
    spectral_centroid:
        dmean: 257.696807861
        dmean2: 388.743377686
        dvar: 182281.40625
        dvar2: 322757.84375
        max: 5071.64306641
        mean: 800.352600098
        min: 154.263473511
        var: 732087.25
    spectral_complexity:
        dmean: 1.57308590412
        dmean2: 2.29069757462
        dvar: 4.10544586182
        dvar2: 6.34108114243
        max: 28
        mean: 5.50925922394
        min: 0
        var: 25.0554847717
    spectral_crest:
        dmean: 3.46594071388
        dmean2: 6.11125278473
        dvar: 7.085252285
        dvar2: 22.4708251953
        max: 23.1090316772
        mean: 11.567773819
        min: 3.907371521
        var: 16.2020511627
    spectral_decrease:
        dmean: 2.76317912995e-10
        dmean2: 4.2029532632e-10
        dvar: 1.13149092488e-19
        dvar2: 2.34196906796e-19
        max: -7.75686632981e-12
        mean: -6.86347756407e-10
        min: -4.33491331719e-09
        var: 4.7654521324e-19
    spectral_energy:
        dmean: 0.00117611431051
        dmean2: 0.0017532936763
        dvar: 2.21661707656e-06
        dvar2: 4.40774056187e-06
        max: 0.0207734685391
        mean: 0.00293711828999
        min: 3.06740294036e-05
        var: 1.0116883459e-05
    spectral_energyband_high:
        dmean: 0.000108232925413
        dmean2: 0.000148802078911
        dvar: 1.12294067378e-07
        dvar2: 1.8323363804e-07
        max: 0.00561081850901
        mean: 0.000175068926183
        min: 7.50100284108e-08
        var: 3.10893426558e-07
    spectral_energyband_low:
        dmean: 0.000349028763594
        dmean2: 0.000640209414996
        dvar: 1.23683889797e-07
        dvar2: 3.91949299683e-07
        max: 0.00242830486968
        mean: 0.000427115039201
        min: 3.10360383082e-06
        var: 1.48026416014e-07
    spectral_energyband_middle_high:
        dmean: 0.000506238546222
        dmean2: 0.000650922185741
        dvar: 1.58405180173e-06
        dvar2: 2.83210897578e-06
        max: 0.0191502738744
        mean: 0.00116404914297
        min: 3.94658400182e-06
        var: 6.52014250591e-06
    spectral_energyband_middle_low:
        dmean: 0.000694790389389
        dmean2: 0.00119318114594
        dvar: 8.31575562188e-07
        dvar2: 2.09981362786e-06
        max: 0.00747936312109
        mean: 0.00117087340914
        min: 2.23391944019e-05
        var: 1.38355244417e-06
    spectral_flatness_db:
        dmean: 0.0354600735009
        dmean2: 0.0581881888211
        dvar: 0.000943020510022
        dvar2: 0.00223123072647
        max: 0.391518384218
        mean: 0.237328916788
        min: 0.106367066503
        var: 0.00365555938333
    spectral_flux:
        dmean: 0.00962291099131
        dmean2: 0.014347855933
        dvar: 0.000129702923005
        dvar2: 0.000250792800216
        max: 0.141531780362
        mean: 0.0325243137777
        min: 0.00553841376677
        var: 0.000491817947477
    spectral_kurtosis:
        dmean: 5.30493116379
        dmean2: 7.86038780212
        dvar: 38.5096702576
        dvar2: 89.8006744385
        max: 56.1316871643
        mean: 11.9312124252
        min: -0.548704862595
        var: 113.925331116
    spectral_rms:
        dmean: 0.000347267952748
        dmean2: 0.000531032972503
        dvar: 1.13094529297e-07
        dvar2: 2.18789182327e-07
        max: 0.00450186617672
        mean: 0.00149923795834
        min: 0.000172990985448
        var: 6.1776563598e-07
    spectral_rolloff:
        dmean: 522.042480469
        dmean2: 909.352478027
        dvar: 1056472.25
        dvar2: 2274292.75
        max: 6675.29296875
        mean: 1277.28881836
        min: 150.732421875
        var: 2315279
    spectral_skewness:
        dmean: 0.590777695179
        dmean2: 0.841015398502
        dvar: 0.336133778095
        dvar2: 0.702832877636
        max: 6.05391454697
        mean: 2.44038510323
        min: 0.12974780798
        var: 1.40066993237
    spectral_spread:
        dmean: 1081170.75
        dmean2: 1481540.75
        dvar: 1.46529202995e+12
        dvar2: 1.97427789824e+12
        max: 11098397
        mean: 4214252.5
        min: 1391136.5
        var: 5.26169669632e+12
    spectral_strongpeak:
        dmean: 0.27285271883
        dmean2: 0.447925537825
        dvar: 0.353227376938
        dvar2: 0.720392644405
        max: 6.36123991013
        mean: 0.523193478584
        min: 0.0115585699677
        var: 0.978867948055
    zerocrossingrate:
        dmean: 0.0116009283811
        dmean2: 0.012839525938
        dvar: 0.000209242411074
        dvar2: 0.000223941358854
        max: 0.232421875
        mean: 0.0469970703125
        min: 0.00732421875
        var: 0.00153374893125
    barkbands:
        dmean: [4.0979546867e-08, 4.77844914712e-05, 0.000317585363518, 0.000147762577399, 0.000480084127048, 8.33999438328e-05, 6.17764890194e-05, 4.08825471823e-05, 7.35384601285e-05, 6.83617254253e-05, 5.15755345987e-05, 3.30517614202e-05, 1.91639046534e-05, 3.77365322493e-05, 0.000115264796477, 9.47889129748e-05, 0.000141859869473, 9.00450322661e-05, 4.58223366877e-05, 6.24810199952e-05, 5.09393576067e-05, 2.84224388452e-05, 7.64359356253e-06, 2.77618619293e-06, 1.34194363e-06, 9.06536428147e-08, 2.98189695158e-10]
        dmean2: [4.5419291439e-08, 8.74199249665e-05, 0.000582818640396, 0.000262499175733, 0.000855842488818, 0.000139564319397, 9.54381612246e-05, 7.01457684045e-05, 0.000104503145849, 0.000107236242911, 5.96785903326e-05, 4.88400291943e-05, 2.9350630939e-05, 5.87536924286e-05, 0.00016635513748, 0.00012959416199, 0.000212500497582, 0.000128932733787, 7.24820929463e-05, 9.0889094281e-05, 7.07331637386e-05, 4.26435799454e-05, 1.04345026557e-05, 3.77900573767e-06, 2.15223258238e-06, 1.35582126859e-07, 4.74185413157e-10]
        dvar: [4.29412744512e-13, 4.61728477674e-09, 1.1536815947e-07, 5.8016258464e-08, 4.10538405049e-07, 1.21445973278e-08, 7.8265202319e-08, 2.90900548094e-08, 6.92414801051e-08, 9.92087478835e-08, 5.86350594745e-08, 2.01761629626e-08, 5.62372859392e-09, 2.03740437854e-08, 3.12211028586e-07, 1.06304945291e-07, 2.1633218239e-07, 1.02574368555e-07, 2.31584316168e-08, 3.02554994391e-08, 2.16822542143e-08, 1.68462737093e-08, 1.8825272452e-09, 2.40924974415e-10, 3.43934949965e-11, 1.46508469961e-13, 8.66949750345e-19]
        dvar2: [4.30611546854e-13, 1.64585536311e-08, 3.63664810266e-07, 1.7091161908e-07, 1.12197233193e-06, 3.07671328414e-08, 1.97169853777e-07, 7.72737038801e-08, 1.2334942312e-07, 2.37973338812e-07, 7.34101348598e-08, 3.92255792292e-08, 1.19367431495e-08, 4.89196736453e-08, 6.89346848048e-07, 1.84674007642e-07, 4.47814471727e-07, 2.05672918696e-07, 5.95281797189e-08, 6.12433908032e-08, 4.12232665781e-08, 3.05254346245e-08, 3.69747965578e-09, 4.44086906137e-10, 7.94913024293e-11, 3.2252304126e-13, 1.25349471441e-18]
        max: [1.36294556796e-05, 0.000545396353118, 0.00230433396064, 0.0027023255825, 0.00617322325706, 0.000909416994546, 0.00339190708473, 0.00231717596762, 0.00420407298952, 0.00410854630172, 0.00488138990477, 0.00263466290198, 0.00113945198245, 0.00178075395525, 0.00842636730522, 0.0052372389473, 0.00533516192809, 0.00356434145942, 0.00251455442049, 0.00317163672298, 0.00230548204854, 0.00228367629461, 0.00071128597483, 0.000286803464405, 9.4190472737e-05, 6.89007219989e-06, 1.60466804289e-08]
        mean: [4.52799611139e-08, 6.23030573479e-05, 0.00036478205584, 0.000171494670212, 0.000652556365822, 0.000118841286167, 8.38249543449e-05, 3.66919957742e-05, 0.000103002261312, 8.03613656899e-05, 0.000115735689178, 4.35922993347e-05, 2.71138578682e-05, 5.47979798284e-05, 0.000123618039652, 0.000198519148398, 0.000225273513934, 0.000158616152476, 8.08163094916e-05, 0.000103494377981, 7.88453326095e-05, 3.91367539123e-05, 8.89661077963e-06, 3.08019798467e-06, 1.5904419115e-06, 9.1109029654e-08, 2.84748419288e-10]
        min: [4.97357363627e-11, 2.17841119365e-07, 1.90628509245e-06, 2.23823963097e-06, 1.11550916699e-05, 2.48377727985e-06, 1.53227745159e-07, 1.55931275003e-07, 3.92116362491e-07, 1.90728911775e-07, 2.82302288213e-08, 5.03495485304e-08, 3.63300856066e-08, 2.51905305504e-08, 6.07947043818e-08, 5.30969508361e-08, 1.06701101288e-07, 1.85221907145e-07, 8.86790587629e-08, 9.72476073002e-08, 1.85138908648e-08, 7.59104956671e-09, 1.59176460901e-09, 1.14187492795e-09, 1.41930145414e-09, 2.01712674341e-10, 1.79343985409e-12]
        var: [4.28452737698e-13, 7.96980259565e-09, 1.27153057861e-07, 5.60754678247e-08, 6.15262024439e-07, 1.70716241144e-08, 8.12788272242e-08, 2.08426946813e-08, 1.50793198372e-07, 1.13506800403e-07, 3.01604075048e-07, 3.59903928882e-08, 1.02346504605e-08, 4.39589484813e-08, 3.84625820971e-07, 5.32436331468e-07, 4.91151581627e-07, 2.62750262436e-07, 5.70975124958e-08, 8.21084711333e-08, 5.58728956435e-08, 4.31511963939e-08, 2.73200506662e-09, 3.19764603685e-10, 4.6982424895e-11, 1.60663312081e-13, 9.1137012472e-19]
    mfcc:
        mean: [-833.240112305, 156.471542358, -21.6193408966, 71.1849899292, -1.54407346249, -8.50170516968, 2.16333436966, -6.37973117828, 1.74885225296, -11.9780864716, -11.2241315842, -8.56955242157, -7.54801273346]
        cov: [[7531.01904297, -3572.8996582, -850.344360352, -760.93927002, -609.802185059, 354.037231445, -291.046081543, -26.8104858398, 347.132385254, -70.1710281372, -225.697982788, -26.3655204773, -107.847564697], [-3572.8996582, 3439.03125, -586.338439941, 69.6859436035, 329.21282959, -213.112014771, 369.035491943, 37.4846496582, -209.748718262, 74.4312744141, 115.490684509, -0.99055325985, 19.8095054626], [-850.344360352, -586.338439941, 1287.93103027, 231.800415039, -47.328792572, 120.656433105, -37.9444503784, -30.1436672211, -92.6436157227, -3.07677459717, 90.3392562866, 47.5843658447, 49.3531723022], [-760.93927002, 69.6859436035, 231.800415039, 338.879455566, 122.951004028, -80.3714447021, -47.8270568848, -10.6590929031, 11.658249855, 11.015162468, 1.92106342316, 4.91544818878, 32.2354812622], [-609.802185059, 329.21282959, -47.328792572, 122.951004028, 252.317398071, -111.729804993, -35.3949813843, -21.5029163361, 34.3366546631, 26.8038768768, 7.11378717422, -21.6117534637, 31.8561820984], [354.037231445, -213.112014771, 120.656433105, -80.3714447021, -111.729804993, 259.096343994, 49.2331886292, -22.4026603699, -15.9755363464, -18.1917152405, 2.33784604073, 26.4174728394, -44.1150436401], [-291.046081543, 369.035491943, -37.9444503784, -47.8270568848, -35.3949813843, 49.2331886292, 168.236312866, 40.9947929382, -53.8268623352, -3.04733467102, 23.0953178406, 11.3507356644, -9.66807746887], [-26.8104858398, 37.4846496582, -30.1436672211, -10.6590929031, -21.5029163361, -22.4026603699, 40.9947929382, 105.751571655, 2.66783332825, -18.058637619, 3.78401637077, -11.7165126801, 3.95258593559], [347.132385254, -209.748718262, -92.6436157227, 11.658249855, 34.3366546631, -15.9755363464, -53.8268623352, 2.66783332825, 163.439254761, 12.6165971756, -36.1046257019, -12.6357793808, -3.29762434959], [-70.1710281372, 74.4312744141, -3.07677459717, 11.015162468, 26.8038768768, -18.1917152405, -3.04733467102, -18.058637619, 12.6165971756, 86.2071456909, 21.8049087524, 6.78593301773, 21.2265853882], [-225.697982788, 115.490684509, 90.3392562866, 1.92106342316, 7.11378717422, 2.33784604073, 23.0953178406, 3.78401637077, -36.1046257019, 21.8049087524, 70.5873031616, 14.2908668518, 8.9156036377], [-26.3655204773, -0.99055325985, 47.5843658447, 4.91544818878, -21.6117534637, 26.4174728394, 11.3507356644, -11.7165126801, -12.6357793808, 6.78593301773, 14.2908668518, 60.8450508118, 19.3493309021], [-107.847564697, 19.8095054626, 49.3531723022, 32.2354812622, 31.8561820984, -44.1150436401, -9.66807746887, 3.95258593559, -3.29762434959, 21.2265853882, 8.9156036377, 19.3493309021, 74.2463760376]]
        icov: [[0.00074104021769, 0.000817785563413, 0.00076631171396, 0.000762318086345, 0.000494520994835, -0.000317127007293, -0.000127760271425, 0.000289708492346, -0.000323658605339, -0.000183184587513, -7.41232361179e-05, 0.000168050421053, -0.000411707587773], [0.000817785563413, 0.00157700711861, 0.0011658774456, 0.000637905090116, -0.000292775948765, 3.24082648149e-05, -0.00165064295288, 0.000588288181461, 0.000303573557176, -0.000412528053857, -0.000639309117105, 3.89115193684e-05, -0.000188148129382], [0.00076631171396, 0.0011658774456, 0.00224855449051, -0.000477443390992, 0.00072565296432, -0.00112249213271, -0.000235446830629, 0.000593390199356, 0.000355184834916, 0.000213091945625, -0.00212346413173, 0.000546988623682, -0.00145857897587], [0.000762318086345, 0.000637905090116, -0.000477443390992, 0.00569551251829, -0.00153418933041, 0.000766896817368, 0.000619195285253, -0.000271370226983, -0.000519617635291, -0.000422597338911, 0.00190553243738, -0.00136881473009, 0.000216319589526], [0.000494520994835, -0.000292775948765, 0.00072565296432, -0.00153418933041, 0.00813585519791, 0.000807903823443, 0.00125664414372, 0.00226447870955, -0.00238510756753, 0.000281004671706, -0.00182607548777, 0.00330423680134, -0.00281558884308], [-0.000317127007293, 3.24082648149e-05, -0.00112249213271, 0.000766896817368, 0.000807903823443, 0.00706174597144, -0.00287426216528, 0.00205129664391, -0.000460935669253, 0.0003329225583, 0.000580127176363, -0.00265127886087, 0.00381528888829], [-0.000127760271425, -0.00165064295288, -0.000235446830629, 0.000619195285253, 0.00125664414372, -0.00287426216528, 0.0123384771869, -0.00485491286963, 0.00150576746091, -0.000519927882124, -9.71332119661e-05, -0.00119187624659, 0.000298442377243], [0.000289708492346, 0.000588288181461, 0.000593390199356, -0.000271370226983, 0.00226447870955, 0.00205129664391, -0.00485491286963, 0.0135690392926, -0.00229602120817, 0.00368153816089, -0.00294693605974, 0.00386078259908, -0.00292687839828], [-0.000323658605339, 0.000303573557176, 0.000355184834916, -0.000519617635291, -0.00238510756753, -0.000460935669253, 0.00150576746091, -0.00229602120817, 0.0093959979713, -0.00281400140375, 0.00355913280509, -0.000791180238593, 0.00150678888895], [-0.000183184587513, -0.000412528053857, 0.000213091945625, -0.000422597338911, 0.000281004671706, 0.0003329225583, -0.000519927882124, 0.00368153816089, -0.00281400140375, 0.0155750159174, -0.00614768033847, 0.00107040337753, -0.00441915914416], [-7.41232361179e-05, -0.000639309117105, -0.00212346413173, 0.00190553243738, -0.00182607548777, 0.000580127176363, -9.71332119661e-05, -0.00294693605974, 0.00355913280509, -0.00614768033847, 0.0223419610411, -0.00455210497603, 0.00233865203336], [0.000168050421053, 3.89115193684e-05, 0.000546988623682, -0.00136881473009, 0.00330423680134, -0.00265127886087, -0.00119187624659, 0.00386078259908, -0.000791180238593, 0.00107040337753, -0.00455210497603, 0.0230295993388, -0.00868561863899], [-0.000411707587773, -0.000188148129382, -0.00145857897587, 0.000216319589526, -0.00281558884308, 0.00381528888829, 0.000298442377243, -0.00292687839828, 0.00150678888895, -0.00441915914416, 0.00233865203336, -0.00868561863899, 0.0207791998982]]
    spectral_contrast:
        mean: [-1.78732008749e-07, -4.484145677e-08, 4.51950157299e-08, -2.61322213646e-07, -5.74143143695e-07, -4.69196876907e-08, 3.04839136334e-06, -6.09981782418e-07, -2.92849199468e-06, 4.68779489893e-06, 1.94818881027e-06, 3.24859115608e-07]
        var: [0.000792101141997, 0.00103510485496, 0.00198168447241, 0.00290205469355, 0.00335742835887, 0.0100401937962, 0.0620757825673, 0.0918123722076, 0.145411431789, 0.350573807955, 0.884127914906, 3.18354153633]

rhythm:
    beats_loudness:
        dmean: 0.00326839648187
        dmean2: 0.00575485918671
        dvar: 7.29305429559e-06
        dvar2: 1.27847233671e-05
        max: 0.00989092700183
        mean: 0.00359498057514
        min: 0.000507897289935
        var: 7.97422308096e-06
    beats_loudness_bass:
        dmean: 0.256722956896
        dmean2: 0.392168462276
        dvar: 0.0364713892341
        dvar2: 0.0797450095415
        max: 0.757939517498
        mean: 0.299367547035
        min: 0.0085501614958
        var: 0.0529741048813
    bpm: 79.3628692627
    bpm_confidence: 0
    first_peak_bpm: 122
    first_peak_spread: 0
    first_peak_weight: 0.705882370472
    onset_rate: 4.38639307022
    second_peak_bpm: 79
    second_peak_spread: 0
    second_peak_weight: 0.29411765933
    beats_position: [0.0662827938795, 0.55671608448, 1.04714941978, 1.53758275509, 2.02801609039, 2.51844930649, 3.00888252258, 3.49931573868, 3.98974919319, 4.48018217087, 4.9706158638, 5.4610490799, 5.95090484619, 6.70693206787, 7.46295881271, 8.21898651123, 8.97501373291, 9.73104000092]
    bpm_estimates: [79.4404754639, 79.3556747437, 79.6376113892, 79.0177383423]
    bpm_intervals: [0.4904332757, 0.490433335304, 0.490433335304, 0.490433335304, 0.490433216095, 0.490433216095, 0.490433216095, 0.490433454514, 0.490432977676, 0.490433692932, 0.490433216095, 0.489855766296, 0.75602722168, 0.756026744843, 0.756027698517, 0.75602722168, 0.756026268005]
    onset_times: [0.0464399084449, 0.545668959618, 0.801088452339, 1.20743763447, 1.46285712719, 1.69505667686, 1.95047616959, 2.19428563118, 2.34521532059, 2.49614500999, 2.69351482391, 2.77478456497, 2.89088439941, 3.1811337471, 3.42494320869, 3.66875290871, 3.81968259811, 3.92417240143, 4.1679816246, 4.3073015213, 4.65560102463, 4.86458063126, 5.02712011337, 5.31736946106, 5.630838871, 5.88625860214, 6.13006782532, 6.29260778427, 6.39709758759, 6.61768722534, 7.04725646973, 7.27945566177, 7.84834480286, 8.103764534, 8.24308395386, 8.35918331146, 8.48689365387, 8.59138298035, 9.02095222473, 9.07900238037, 9.17188167572, 9.34603214264, 9.58984088898, 9.74077129364]
    rubato_start: [6.70693206787]
    rubato_stop: [7.46295881271]
    perceptual_tempo: "unknown"

sfx:
    inharmonicity:
        dmean: 0.0274440459907
        dmean2: 0.0495450161397
        dvar: 0.00214986386709
        dvar2: 0.00633099954575
        max: 0.30924052
        mean: 0.0240572541952
        min: 0
        var: 0.00198249914683
    oddtoevenharmonicenergyratio:
        dmean: 17.795589447
        dmean2: 33.9834785461
        dvar: 36417.8359375
        dvar2: 108293.914062
        max: 2743.74584961
        mean: 9.90390586853
        min: 0
        var: 18732.8496094
    pitch_after_max_to_before_max_energy_ratio: 50.2343711853
    pitch_centroid: 237.008605957
    pitch_max_to_total: 0.0555555559695
    pitch_min_to_total: 0.793981492519
    tristimulus:
        dmean: [0.205903574824, 0.200333699584, 0.0794642567635]
        dmean2: [0.358166456223, 0.351271092892, 0.140256017447]
        dvar: [0.0442763231695, 0.0387318469584, 0.0154397068545]
        dvar2: [0.0987198501825, 0.097883708775, 0.0412248261273]
        max: [1, 0.984945058823, 0.907144486904]
        mean: [0.636117100716, 0.265450447798, 0.0743828192353]
        min: [0.00718208448961, 0, 0]
        var: [0.0925023406744, 0.0614842809737, 0.0188043266535]

tonal:
    chords_changes_rate: 0.0599078349769
    chords_number_rate: 0.0184331797063
    chords_strength:
        dmean: 0.0135308699682
        dmean2: 0.0166000984609
        dvar: 0.00011267807713
        dvar2: 0.000158892740728
        max: 0.625920295715
        mean: 0.476537913084
        min: 0.306016981602
        var: 0.00385727337562
    key_strength: 0.499993771315
    tuning_diatonic_strength: 0.567723870277
    tuning_equal_tempered_deviation: 0.203226163983
    tuning_frequency: 441.782684326
    tuning_nontempered_energy_ratio: 0.900898933411
    hpcp:
        dmean: [0.218920513988, 0.19700101018, 0.253772705793, 0.231460735202, 0.193392112851, 0.177267000079, 0.148003041744, 0.138228431344, 0.161086261272, 0.162806779146, 0.153752624989, 0.12685662508, 0.10792760551, 0.10838586092, 0.100481323898, 0.0866886973381, 0.0771598145366, 0.0777008831501, 0.0774538367987, 0.097647048533, 0.0961247012019, 0.107431739569, 0.12037614733, 0.141026064754, 0.159031078219, 0.156946375966, 0.111271172762, 0.0715463683009, 0.0820929035544, 0.212164461613, 0.282988905907, 0.258658498526, 0.243234440684, 0.220937952399, 0.193842709064, 0.200611501932]
        dmean2: [0.379536688328, 0.332676380873, 0.449097126722, 0.389244109392, 0.34604793787, 0.325638025999, 0.249360248446, 0.229793265462, 0.277655422688, 0.297284603119, 0.272716313601, 0.221002131701, 0.196145191789, 0.193093672395, 0.176553338766, 0.146666184068, 0.134613022208, 0.132037177682, 0.129630148411, 0.168080404401, 0.164473935962, 0.181825652719, 0.207944899797, 0.236600637436, 0.257349908352, 0.27149310708, 0.188513487577, 0.121532358229, 0.149129092693, 0.376024216413, 0.474636107683, 0.432972341776, 0.407780349255, 0.395859211683, 0.351413220167, 0.348171323538]
        dvar: [0.0613505095243, 0.0434662885964, 0.0783974006772, 0.063250862062, 0.0718213096261, 0.0657406672835, 0.0536497160792, 0.0427093580365, 0.0503479167819, 0.0636013820767, 0.0474055819213, 0.034322924912, 0.0399386659265, 0.03087679483, 0.0231402609497, 0.0196925159544, 0.0188534650952, 0.0228510275483, 0.019481189549, 0.0232574567199, 0.0220206864178, 0.0254225004464, 0.0336365401745, 0.0413549728692, 0.0445209890604, 0.0480053126812, 0.0312668271363, 0.0168825611472, 0.0238171927631, 0.0608814321458, 0.0832933336496, 0.0612726286054, 0.077620357275, 0.0736163631082, 0.0740057379007, 0.0603272691369]
        dvar2: [0.156521230936, 0.111214742064, 0.203244492412, 0.164564847946, 0.175820812583, 0.168243288994, 0.143097117543, 0.109812580049, 0.133576691151, 0.163018420339, 0.119071088731, 0.0920645222068, 0.101805560291, 0.0845076590776, 0.0610981509089, 0.0429859571159, 0.0471436828375, 0.0569319687784, 0.0467587299645, 0.0663229823112, 0.0550950169563, 0.0574461780488, 0.081692494452, 0.106113694608, 0.110668331385, 0.133269429207, 0.0768899843097, 0.0440258011222, 0.0684288218617, 0.168004453182, 0.195554226637, 0.136129826307, 0.201832205057, 0.207338854671, 0.191384628415, 0.152289330959]
        max: [1, 1, 1, 1, 1, 1, 1, 1, 1, 1, 1, 1, 1, 1, 0.999198198318, 1, 0.899269163609, 1, 0.799951374531, 0.937468290329, 1, 1, 1, 1, 1, 1, 1, 0.891215145588, 1, 1, 1, 1, 1, 1, 1, 1]
        mean: [0.209160044789, 0.22219234705, 0.243648797274, 0.215063467622, 0.170442044735, 0.152343630791, 0.140257686377, 0.14436660707, 0.169757843018, 0.189767301083, 0.165493637323, 0.121720284224, 0.0954602584243, 0.0899191722274, 0.0993836596608, 0.0965777263045, 0.080140851438, 0.0763688012958, 0.0783543139696, 0.0853231549263, 0.0916669815779, 0.0983940511942, 0.109549187124, 0.137531429529, 0.193184107542, 0.188085108995, 0.112764455378, 0.0648610144854, 0.06908865273, 0.177924796939, 0.343831896782, 0.343704938889, 0.220264449716, 0.160410270095, 0.158698350191, 0.186592817307]
        min: [0.000406627746997, 0.000599737628363, 0.00030712512671, 0.000344490515999, 0.000772313331254, 0.000328466790961, 0.00035482615931, 0.00014071741316, 0.000223293027375, 0.000546366383787, 0.000590701063629, 0.000373504561139, 0.000282250955934, 0.000485029071569, 0.000369399203919, 0.000566277070902, 0.000265386945102, 7.1580754593e-05, 0.000287673407001, 0.000277579500107, 0.000147929560626, 0.000239399363636, 0.000132712957566, 0.000700237520505, 0.00126824039035, 0.00153845734894, 0.0005547144101, 8.19935230538e-05, 6.84505430399e-05, 0.000487579003675, 0.00145383458585, 0.000604817527346, 0.000720803684089, 5.71413547732e-05, 5.08732955495e-05, 0.000192791470909]
        var: [0.0694126039743, 0.0608293414116, 0.086787186563, 0.0762263089418, 0.0744535699487, 0.0645900219679, 0.0577036999166, 0.0601690411568, 0.0712081491947, 0.0910321846604, 0.0581675134599, 0.0372151136398, 0.0347279235721, 0.0275818351656, 0.0257647186518, 0.0273403115571, 0.025115955621, 0.025297312066, 0.0218546036631, 0.0219842121005, 0.0217654909939, 0.0269118454307, 0.0371605046093, 0.0469669289887, 0.0713082402945, 0.0739288404584, 0.041614998132, 0.0157989989966, 0.0170370545238, 0.0583539716899, 0.128806173801, 0.118728600442, 0.0901103019714, 0.0646166279912, 0.0683527067304, 0.0679260790348]
    chords_histogram: [0.460829496384, 0.460829496384, 12.9032258987, 0, 0, 0, 0, 0, 0, 0, 0, 0, 0, 0.460829496384, 0, 0, 0, 1.84331798553, 0, 0, 0, 0, 81.1059875488, 2.7649769783]
    thpcp: [1, 0.999630749226, 0.64061665535, 0.466536909342, 0.46155795455, 0.542686164379, 0.608320653439, 0.646223783493, 0.708627700806, 0.625490128994, 0.495713293552, 0.443075925112, 0.407925188541, 0.419875562191, 0.493723362684, 0.55191886425, 0.481321364641, 0.354011029005, 0.277636438608, 0.26152074337, 0.289047241211, 0.280886471272, 0.233081489801, 0.2221108675, 0.227885529399, 0.248153686523, 0.266604065895, 0.286169052124, 0.318612635136, 0.399996131659, 0.561856269836, 0.547026336193, 0.327963918447, 0.188641637564, 0.20093730092, 0.517476141453]
    chords_key: "F"
    chords_scale: "major"
    key_key: "C"
    key_scale: "major"
    chords_progression: ["G", "G", "G", "Em", "G", "G", "G", "G", "G", "G", "F", "F", "F", "F", "F", "F", "G", "G", "G", "G", "G", "G", "G", "G", "G", "G", "C", "A#m", "F", "F", "F", "F", "F", "F", "F", "F", "F", "F", "F", "F", "F", "F", "F", "F", "F", "F", "F", "F", "F", "F", "F", "F", "F", "F", "F", "F", "F", "F", "F", "F", "F", "F", "F", "F", "F", "F", "F", "F", "F", "F", "F", "F", "F", "F", "F", "F", "F", "F", "F", "F", "F", "F", "F", "F", "F", "F", "F", "F", "F", "F", "F", "F", "F", "F", "F", "F", "F", "F", "F", "F", "F", "F", "F", "F", "F", "F", "F", "F", "F", "F", "F", "F", "F", "F", "F", "F", "F", "F", "F", "F", "F", "F", "F", "F", "F", "F", "F", "F", "F", "F", "F", "F", "F", "F", "F", "F", "F", "F", "F", "F", "F", "F", "F", "F", "F", "F", "F", "F", "Am", "Am", "Am", "Am", "F", "F", "Am", "Am", "F", "F", "F", "F", "F", "F", "F", "F", "F", "F", "F", "F", "F", "F", "F", "F", "F", "F", "F", "F", "F", "F", "F", "F", "F", "F", "F", "F", "F", "F", "F", "F", "F", "F", "F", "F", "F", "F", "F", "F", "F", "F", "F", "F", "F", "F", "F", "F", "Cm", "Cm", "Cm", "Cm", "G", "G", "G", "G", "G", "G", "G", "G", "G"]
