
metadata:
    version:
        essentia: "1.2.2"
    audio_properties:
        analysis_sample_rate: 44100
        bitrate: 128
        channels: 2
        equal_loudness: 1
        length: 10.0310201645
        replay_gain: -10.6239395142
        downmix: "mix"
    tags:
        track: 2
        year: 0
        album: "Splitted by Mp3Splt v. 2.1"
        artist: "From 000.10 To 000.20"
        comment: "http://mp3splt.sf.net"
        genre: ""
        title: "08 Forever.mp3"

highlevel:
    ballroom:
        all:
            ChaChaCha: 0.153825700283
            Jive: 0.168833240867
            Quickstep: 0.0215634964406
            Rumba-American: 0.00664868904278
            Rumba-International: 0.11999617517
            Rumba-Misc: 0.0126015450805
            Samba: 0.501908659935
            Tango: 0.00461297016591
            VienneseWaltz: 0.00553397135809
            Waltz: 0.0044755754061
        probability: 0.501908659935
        value: "Samba"
    culture:
        all:
            non_western: 0.183339729905
            western: 0.816660284996
        probability: 0.816660284996
        value: "western"
    gender:
        all:
            female: 0.854719281197
            male: 0.145280703902
        probability: 0.854719281197
        value: "female"
    genre_dortmund:
        all:
            alternative: 0.0305015072227
            blues: 0.00610677991062
            electronic: 0.698917925358
            folkcountry: 0.0218049734831
            funksoulrnb: 0.00221569486894
            jazz: 0.0287838000804
            pop: 0.0764070227742
            raphiphop: 0.029394665733
            rock: 0.105867616832
        probability: 0.698917925358
        value: "electronic"
    genre_electronica:
        all:
            ambient: 0.0676065981388
            dnb: 0.421291381121
            house: 0.0549752041698
            techno: 0.194155618548
            trance: 0.261971205473
        probability: 0.421291381121
        value: "dnb"
    genre_rosamerica:
        all:
            cla: 0.0202917996794
            dan: 0.740925788879
            hip: 0.0168849229813
            jaz: 0.0212058890611
            pop: 0.0427634902298
            rhy: 0.075209274888
            roc: 0.0796632543206
            spe: 0.00305558764376
        probability: 0.740925788879
        value: "dan"
    genre_tzanetakis:
        all:
            blu: 0.0121781621128
            cla: 0.0176418684423
            cou: 0.0444270223379
            dis: 0.156519800425
            hip: 0.0715091153979
            jaz: 0.06478587538
            met: 0.0508075095713
            pop: 0.280469298363
            reg: 0.168147757649
            roc: 0.133513599634
        probability: 0.280469298363
        value: "pop"
    live_studio:
        all:
            live: 0.0346285328269
            studio: 0.965371489525
        probability: 0.965371489525
        value: "studio"
    mood:
        all:
            Cluster1: 0.289410591125
            Cluster2: 0.106115721166
            Cluster3: 0.0753360465169
            Cluster4: 0.0525564663112
            Cluster5: 0.476581186056
        probability: 0.476581186056
        value: "Cluster5"
    mood_acoustic:
        all:
            acoustic: 0.082707695663
            not_acoustic: 0.917292296886
        probability: 0.917292296886
        value: "not_acoustic"
    mood_aggressive:
        all:
            aggressive: 0.413380652666
            not_aggressive: 0.586619377136
        probability: 0.586619377136
        value: "not_aggressive"
    mood_electronic:
        all:
            electronic: 0.94645678997
            not_electronic: 0.0535432100296
        probability: 0.94645678997
        value: "electronic"
    mood_happy:
        all:
            happy: 0.0664612576365
            not_happy: 0.933538734913
        probability: 0.933538734913
        value: "not_happy"
    mood_party:
        all:
            not_party: 0.721967816353
            party: 0.278032183647
        probability: 0.721967816353
        value: "not_party"
    mood_relaxed:
        all:
            not_relaxed: 0.259623497725
            relaxed: 0.740376472473
        probability: 0.740376472473
        value: "relaxed"
    mood_sad:
        all:
            not_sad: 0.0596050955355
            sad: 0.940394878387
        probability: 0.940394878387
        value: "sad"
    rhythm:
        all:
            fast: 0.908624529839
            medium: 0.0488049089909
            slow: 0.0425705723464
        probability: 0.908624529839
        value: "fast"
    speech_music:
        all:
            music: 0.798126935959
            speech: 0.20187304914
        probability: 0.798126935959
        value: "music"
    timbre:
        all:
            bright: 0.249762237072
            dark: 0.750237762928
        probability: 0.750237762928
        value: "dark"
    voice_instrumental:
        all:
            instrumental: 0.940387010574
            voice: 0.0596129857004
        probability: 0.940387010574
        value: "instrumental"

lowlevel:
    average_loudness: 0.979074239731
    barkbands_kurtosis:
        dmean: 2.89448595047
        dmean2: 4.36800432205
        dvar: 13.7760219574
        dvar2: 31.2099685669
        max: 31.1877365112
        mean: 2.87789511681
        min: -1.81050908566
        var: 26.6115932465
    barkbands_skewness:
        dmean: 0.760463058949
        dmean2: 1.158462286
        dvar: 0.596889138222
        dvar2: 1.47684144974
        max: 4.84711885452
        mean: 1.55523085594
        min: -2.04724383354
        var: 1.3597291708
    barkbands_spread:
        dmean: 8.58985137939
        dmean2: 12.8692579269
        dvar: 74.9966659546
        dvar2: 188.196151733
        max: 72.7431106567
        mean: 27.4048690796
        min: 3.70442390442
        var: 179.262069702
    dissonance:
        dmean: 0.0154141448438
        dmean2: 0.024863710627
        dvar: 0.000343307561707
        dvar2: 0.000782301125582
        max: 0.498717814684
        mean: 0.473065048456
        min: 0.280715823174
        var: 0.00051342160441
    hfc:
        dmean: 2.46896362305
        dmean2: 3.81794381142
        dvar: 40.9716529846
        dvar2: 107.219329834
        max: 49.4425086975
        mean: 3.04785513878
        min: 0.0795780420303
        var: 36.6488952637
    pitch:
        dmean: 602.656921387
        dmean2: 1161.2244873
        dvar: 1604077.5
        dvar2: 3607805
        max: 6300
        mean: 805.702880859
        min: 43.5340576172
        var: 1880457.5
    pitch_instantaneous_confidence:
        dmean: 0.0784874260426
        dmean2: 0.121488295496
        dvar: 0.00577468657866
        dvar2: 0.0134260961786
        max: 0.814400136471
        mean: 0.369480401278
        min: 0.138515889645
        var: 0.0151890516281
    pitch_salience:
        dmean: 0.0683547407389
        dmean2: 0.112626336515
        dvar: 0.00501722469926
        dvar2: 0.0128243993968
        max: 0.904544830322
        mean: 0.642944872379
        min: 0.33203536272
        var: 0.00869461148977
    silence_rate_20dB:
        dmean: 0
        dmean2: 0
        dvar: 0
        dvar2: 0
        max: 1
        mean: 1
        min: 1
        var: 0
    silence_rate_30dB:
        dmean: 0
        dmean2: 0
        dvar: 0
        dvar2: 0
        max: 1
        mean: 1
        min: 1
        var: 0
    silence_rate_60dB:
        dmean: 0.136574074626
        dmean2: 0.271461725235
        dvar: 0.117921821773
        dvar2: 0.207051709294
        max: 1
        mean: 0.755196332932
        min: 0
        var: 0.184874713421
    spectral_centroid:
        dmean: 350.105285645
        dmean2: 553.227661133
        dvar: 230544.765625
        dvar2: 546329.5
        max: 5342.59228516
        mean: 868.463806152
        min: 222.282928467
        var: 385807.25
    spectral_complexity:
        dmean: 3.16473317146
        dmean2: 4.8372092247
        dvar: 34.7780227661
        dvar2: 65.5502471924
        max: 45
        mean: 6.39351844788
        min: 0
        var: 48.8403320312
    spectral_crest:
        dmean: 2.23988652229
        dmean2: 3.73593115807
        dvar: 5.13043451309
        dvar2: 13.9573669434
        max: 19.140203476
        mean: 8.93981266022
        min: 2.38203454018
        var: 7.96915245056
    spectral_decrease:
        dmean: 4.07391287371e-10
        dmean2: 6.15005713023e-10
        dvar: 5.29109956229e-19
        dvar2: 1.26550796184e-18
        max: -1.53673011816e-11
        mean: -6.90155432803e-10
        min: -4.62303795246e-09
        var: 5.99995198821e-19
    spectral_energy:
        dmean: 0.00172549055424
        dmean2: 0.00259937741794
        dvar: 1.0043072507e-05
        dvar2: 2.40832978307e-05
        max: 0.0213882774115
        mean: 0.00288125453517
        min: 6.62259408273e-05
        var: 1.13547721412e-05
    spectral_energyband_high:
        dmean: 0.000163818782312
        dmean2: 0.000262238550931
        dvar: 1.663218967e-07
        dvar2: 4.46566616574e-07
        max: 0.00316704716533
        mean: 0.000175390363438
        min: 9.86470581665e-07
        var: 1.45042562849e-07
    spectral_energyband_low:
        dmean: 0.000432298838859
        dmean2: 0.000694346788805
        dvar: 1.51074948462e-06
        dvar2: 3.76544880965e-06
        max: 0.00849155988544
        mean: 0.000541568791959
        min: 1.81369955499e-06
        var: 1.17936303923e-06
    spectral_energyband_middle_high:
        dmean: 0.000562559405807
        dmean2: 0.000878305116203
        dvar: 2.28771295951e-06
        dvar2: 5.80718278798e-06
        max: 0.0118200033903
        mean: 0.000723324483261
        min: 2.30277928495e-05
        var: 2.11483461499e-06
    spectral_energyband_middle_low:
        dmean: 0.000845224363729
        dmean2: 0.00137705460656
        dvar: 2.14284000322e-06
        dvar2: 5.18200295119e-06
        max: 0.0113977501169
        mean: 0.00144078594167
        min: 2.09494228329e-05
        var: 2.4281214337e-06
    spectral_flatness_db:
        dmean: 0.026657929644
        dmean2: 0.038204152137
        dvar: 0.000598327547777
        dvar2: 0.00147068256047
        max: 0.295857638121
        mean: 0.160900369287
        min: 0.0629124194384
        var: 0.00183601700701
    spectral_flux:
        dmean: 0.0125293377787
        dmean2: 0.0183527134359
        dvar: 0.000337534409482
        dvar2: 0.000647464243229
        max: 0.134993374348
        mean: 0.0281048752367
        min: 0.00424162764102
        var: 0.000619282596745
    spectral_kurtosis:
        dmean: 1.72991216183
        dmean2: 2.6789431572
        dvar: 4.74628162384
        dvar2: 11.6930027008
        max: 18.9412002563
        mean: 3.87555074692
        min: -1.10614335537
        var: 11.4219074249
    spectral_rms:
        dmean: 0.000424929661676
        dmean2: 0.000618295802269
        dvar: 3.77439363319e-07
        dvar2: 8.41037262944e-07
        max: 0.00456799846143
        mean: 0.00150256359484
        min: 0.000254186306847
        var: 5.53283427962e-07
    spectral_rolloff:
        dmean: 811.116638184
        dmean2: 1335.15808105
        dvar: 1042289.625
        dvar2: 2461901.75
        max: 7170.55664062
        mean: 1693.64697266
        min: 172.265625
        var: 1843060.75
    spectral_skewness:
        dmean: 0.274008631706
        dmean2: 0.399961143732
        dvar: 0.0867574438453
        dvar2: 0.181986644864
        max: 3.1734085083
        mean: 1.59217453003
        min: -0.279345810413
        var: 0.296823382378
    spectral_spread:
        dmean: 1049488.375
        dmean2: 1433352.875
        dvar: 1.57255021363e+12
        dvar2: 2.55328649216e+12
        max: 19465054
        mean: 6032689
        min: 2252868
        var: 4.95355271578e+12
    spectral_strongpeak:
        dmean: 0.10524071753
        dmean2: 0.18258883059
        dvar: 0.0535400249064
        dvar2: 0.129870861769
        max: 2.46025490761
        mean: 0.166004046798
        min: 0.00259745982476
        var: 0.0480470918119
    zerocrossingrate:
        dmean: 0.0117833251134
        dmean2: 0.0142532708123
        dvar: 0.000121485900308
        dvar2: 0.000140701551572
        max: 0.23486328125
        mean: 0.0627927407622
        min: 0.01513671875
        var: 0.000888004200533
    barkbands:
        dmean: [8.13453425508e-07, 0.000207604825846, 0.000262283778284, 0.000417610048316, 0.000438082206529, 9.64773862506e-05, 3.94389644498e-05, 3.33898933604e-05, 1.23286081362e-05, 1.43071292769e-05, 1.70617113326e-05, 2.22498965741e-05, 2.67159666691e-05, 5.1492912462e-05, 4.88804907945e-05, 5.67430324736e-05, 6.37079792796e-05, 0.000131311229779, 0.000149345156387, 0.000121110293549, 6.69655419188e-05, 3.07390291709e-05, 1.46621669046e-05, 3.66866606782e-06, 1.66056065609e-06, 8.91513565193e-08, 2.9780993227e-09]
        dmean2: [1.0998679727e-06, 0.000340572412824, 0.000474940839922, 0.000689468055498, 0.000740192364901, 0.000155117246322, 6.38501005596e-05, 5.70662668906e-05, 1.87345631275e-05, 2.21869904635e-05, 2.65374237642e-05, 3.75689087377e-05, 4.31525440945e-05, 8.20087807369e-05, 7.64723954489e-05, 9.30571331992e-05, 9.84152065939e-05, 0.000207131102798, 0.000241774789174, 0.000203311326914, 0.000111132765596, 5.02181355841e-05, 2.41041580011e-05, 5.32100830242e-06, 2.2418955723e-06, 1.29610583599e-07, 3.11104875195e-09]
        dvar: [7.08536701532e-11, 3.86702708965e-07, 5.89737851442e-07, 4.66358500262e-07, 8.83199220425e-07, 4.58636080225e-08, 9.53965972883e-09, 9.16040132637e-09, 5.57907553489e-10, 6.30302643412e-10, 1.14376630389e-09, 1.52577428469e-09, 2.70646283163e-09, 1.07259667814e-08, 1.08446078784e-08, 1.91089739587e-08, 3.23310302974e-08, 1.79021284907e-07, 1.9121564776e-07, 1.04407000379e-07, 3.69801043121e-08, 5.02306640726e-09, 1.33825173165e-09, 5.51391848846e-11, 8.57948781463e-12, 2.87961149337e-14, 3.27689815183e-15]
        dvar2: [7.18963361068e-11, 8.48044351187e-07, 1.69042857578e-06, 1.17903528007e-06, 2.29033753385e-06, 1.12682393194e-07, 2.60329588997e-08, 2.14982467384e-08, 1.20363208289e-09, 1.24434240689e-09, 2.45419373712e-09, 4.07487643628e-09, 7.08886771505e-09, 2.55013876682e-08, 2.46418530025e-08, 4.58103528445e-08, 7.70240049519e-08, 4.75234344322e-07, 5.0342691793e-07, 2.86011101025e-07, 1.00080967513e-07, 1.32495427962e-08, 3.04690983555e-09, 1.26708699089e-10, 1.40463803783e-11, 6.79032839072e-14, 3.26225951668e-15]
        max: [0.000174972956302, 0.00464944215491, 0.00455402303487, 0.00461357133463, 0.00861334614456, 0.00234346953221, 0.000798803754151, 0.000993543537334, 0.000336264871294, 0.000435923750047, 0.000542309426237, 0.000325505796354, 0.000560331856832, 0.00175473373383, 0.000790337682702, 0.00111136841588, 0.00140966824256, 0.00357667519711, 0.00319880875759, 0.00242969859391, 0.00153961870819, 0.000554324942641, 0.000461323914351, 0.000104413025838, 4.67727004434e-05, 1.23428424104e-06, 1.19393212117e-06]
        mean: [1.13133944524e-06, 0.000247018993832, 0.00029360485496, 0.000635422358755, 0.000573044118937, 0.000133762834594, 4.43985045422e-05, 3.35418444593e-05, 1.89827878785e-05, 2.50105149462e-05, 2.58296495304e-05, 3.11547519232e-05, 4.14822497987e-05, 8.00824782345e-05, 6.32617884548e-05, 6.0461803514e-05, 7.12062392267e-05, 0.000120305376186, 0.00014812250447, 0.000109971100756, 6.50721995044e-05, 3.60805970558e-05, 1.49766092363e-05, 4.61037916466e-06, 2.6097711725e-06, 1.07008069961e-07, 2.96857849413e-09]
        min: [3.8280484338e-10, 2.46048841746e-07, 4.50124360896e-07, 3.355870831e-06, 4.29265037383e-06, 2.32423758462e-06, 3.64256834473e-07, 3.39454061304e-07, 3.42894537653e-07, 1.36476259627e-07, 1.56137616614e-07, 8.84588686745e-08, 1.74846007894e-07, 7.50957042328e-07, 6.43932253297e-07, 7.34453976747e-07, 5.7713748447e-07, 8.39154893129e-07, 9.79907667897e-07, 7.71761961005e-07, 2.53051808841e-07, 7.47465946915e-08, 1.06284643309e-08, 3.34724847839e-09, 1.91563676033e-09, 4.89473704623e-11, 1.24022860599e-14]
        var: [7.13741843406e-11, 3.56752678954e-07, 3.37757114721e-07, 5.11421603733e-07, 7.00421651345e-07, 6.30259577861e-08, 9.5262562283e-09, 9.39071131967e-09, 9.81412728862e-10, 1.88924076383e-09, 1.97200278329e-09, 1.85263238084e-09, 4.72464556367e-09, 2.42687594465e-08, 1.26329169348e-08, 1.83065704817e-08, 3.2914925896e-08, 1.43551474707e-07, 1.68971141079e-07, 7.61987237752e-08, 2.8674939756e-08, 5.39983657788e-09, 1.83148718413e-09, 7.49251147236e-11, 2.28712951356e-11, 3.32840139727e-14, 3.29114736359e-15]
    mfcc:
        mean: [-765.109924316, 115.398086548, -17.5383262634, 51.7403488159, 9.28425598145, 19.6682395935, 8.11716461182, -4.23487138748, -3.87965679169, -5.5491476059, -8.18318843842, -9.90267276764, -6.54339790344]
        cov: [[4179.28613281, -1664.97790527, 160.217208862, -17.6443023682, -166.215759277, -208.962738037, -88.9057846069, -45.2793540955, -82.8754882812, -22.8989925385, 157.256774902, 64.5037536621, -8.02165126801], [-1664.97790527, 1514.51525879, -466.106140137, -24.7721824646, 92.7829208374, 103.992424011, -22.6779918671, 20.5434017181, -25.8473110199, 98.3966598511, -63.8646736145, -10.2344751358, 17.8886203766], [160.217208862, -466.106140137, 517.190246582, 11.5651922226, -20.7810554504, 49.0389976501, 7.95130109787, -23.4613933563, 17.4590892792, -42.5637054443, -6.64248657227, -7.70509910583, 4.74084663391], [-17.6443023682, -24.7721824646, 11.5651922226, 234.960250854, 15.6907930374, -21.9472579956, -16.6534996033, 43.4979553223, -8.6145362854, -36.8829650879, 8.38755226135, -31.7646884918, 12.9839067459], [-166.215759277, 92.7829208374, -20.7810554504, 15.6907930374, 109.486206055, 5.77961349487, 29.7332820892, 0.655900061131, 31.7511405945, 0.985558688641, -11.1479063034, -3.1150033474, -16.2227020264], [-208.962738037, 103.992424011, 49.0389976501, -21.9472579956, 5.77961349487, 108.959350586, 11.9918956757, 15.4105587006, 4.32061719894, 22.5531349182, -11.2533502579, -18.7978687286, -3.63061952591], [-88.9057846069, -22.6779918671, 7.95130109787, -16.6534996033, 29.7332820892, 11.9918956757, 114.371086121, 32.9111747742, 32.9272575378, -5.43904733658, 8.16263008118, -3.55971622467, -21.0159873962], [-45.2793540955, 20.5434017181, -23.4613933563, 43.4979553223, 0.655900061131, 15.4105587006, 32.9111747742, 86.5721435547, 10.4623680115, -1.52223289013, 5.46829175949, -16.4479694366, 2.74879980087], [-82.8754882812, -25.8473110199, 17.4590892792, -8.6145362854, 31.7511405945, 4.32061719894, 32.9272575378, 10.4623680115, 83.7514038086, -3.37765884399, -1.75852549076, 2.48241376877, -16.5208759308], [-22.8989925385, 98.3966598511, -42.5637054443, -36.8829650879, 0.985558688641, 22.5531349182, -5.43904733658, -1.52223289013, -3.37765884399, 70.0640335083, 10.5547428131, 10.1767072678, -2.626475811], [157.256774902, -63.8646736145, -6.64248657227, 8.38755226135, -11.1479063034, -11.2533502579, 8.16263008118, 5.46829175949, -1.75852549076, 10.5547428131, 66.1789016724, 12.7643842697, -7.2075176239], [64.5037536621, -10.2344751358, -7.70509910583, -31.7646884918, -3.1150033474, -18.7978687286, -3.55971622467, -16.4479694366, 2.48241376877, 10.1767072678, 12.7643842697, 50.3190841675, 8.12794399261], [-8.02165126801, 17.8886203766, 4.74084663391, 12.9839067459, -16.2227020264, -3.63061952591, -21.0159873962, 2.74879980087, -16.5208759308, -2.626475811, -7.2075176239, 8.12794399261, 42.4080429077]]
        icov: [[0.000588914728723, 0.000808992830571, 0.000444808829343, 0.000109567830805, -7.22376717022e-05, 0.000136122325785, 0.000495140266139, -0.000127311315737, 0.000587156042457, -0.000484710937599, -0.000479463371448, -0.00023669739312, 8.71160373208e-05], [0.000808992830571, 0.00243888585828, 0.00189083861187, -4.22060256824e-05, -0.00100350659341, -0.00151836662553, 0.000817919790279, 6.87839346938e-05, 0.00112229271326, -0.00140996242408, 0.000389352353523, -0.000589776376728, -0.000658105011098], [0.000444808829343, 0.00189083861187, 0.00395825644955, -0.000466748140752, -0.000118298987218, -0.0033197698649, 9.28929293877e-05, 0.00155236665159, -3.70872767235e-05, 0.00075374514563, 0.000379362056265, -0.000665034749545, -0.00117293605581], [0.000109567830805, -4.22060256824e-05, -0.000466748140752, 0.00663232756779, -0.00223194039427, 0.00195902423002, 0.00238165515475, -0.00369173684157, 0.000688665080816, 0.00258531235158, -0.00258901738562, 0.00394032383338, -0.00197324086912], [-7.22376717022e-05, -0.00100350659341, -0.000118298987218, -0.00223194039427, 0.0128216277808, 0.000219186680624, -0.00310943089426, 0.00233701011166, -0.00379654043354, -0.000578876875807, 0.00241469312459, -0.00097971141804, 0.00342062301934], [0.000136122325785, -0.00151836662553, -0.0033197698649, 0.00195902423002, 0.000219186680624, 0.01523995772, -0.00043715571519, -0.00301769305952, -2.64834870904e-05, -0.00467317271978, 0.000246243231231, 0.00574643630534, 0.000445830315584], [0.000495140266139, 0.000817919790279, 9.28929293877e-05, 0.00238165515475, -0.00310943089426, -0.00043715571519, 0.0137110035866, -0.00614376459271, -0.00155406678095, 0.0019710434135, -0.00219770241529, -0.000799184956122, 0.00427142204717], [-0.000127311315737, 6.87839346938e-05, 0.00155236665159, -0.00369173684157, 0.00233701011166, -0.00301769305952, -0.00614376459271, 0.0177987050265, -0.00241647707298, -0.000980518059805, -0.00097334140446, 0.00378475920297, -0.00455194804817], [0.000587156042457, 0.00112229271326, -3.70872767235e-05, 0.000688665080816, -0.00379654043354, -2.64834870904e-05, -0.00155406678095, -0.00241647707298, 0.0162822194397, 0.000105964420072, 0.000817789463326, -0.00298681831919, 0.00442391540855], [-0.000484710937599, -0.00140996242408, 0.00075374514563, 0.00258531235158, -0.000578876875807, -0.00467317271978, 0.0019710434135, -0.000980518059805, 0.000105964420072, 0.0206933636218, -0.00404229341075, -0.00325656402856, 0.00130611972418], [-0.000479463371448, 0.000389352353523, 0.000379362056265, -0.00258901738562, 0.00241469312459, 0.000246243231231, -0.00219770241529, -0.00097334140446, 0.000817789463326, -0.00404229341075, 0.02023155801, -0.00629784213379, 0.00512787001207], [-0.00023669739312, -0.000589776376728, -0.000665034749545, 0.00394032383338, -0.00097971141804, 0.00574643630534, -0.000799184956122, 0.00378475920297, -0.00298681831919, -0.00325656402856, -0.00629784213379, 0.0296585820615, -0.00957222376019], [8.71160373208e-05, -0.000658105011098, -0.00117293605581, -0.00197324086912, 0.00342062301934, 0.000445830315584, 0.00427142204717, -0.00455194804817, 0.00442391540855, 0.00130611972418, 0.00512787001207, -0.00957222376019, 0.0328787304461]]
    spectral_contrast:
        mean: [5.70563372548e-07, -1.37067189598e-07, -4.41045926891e-07, -2.70566459903e-07, -8.50694164001e-08, 4.11334122319e-09, -1.69176473719e-06, 1.61698289958e-06, -3.67967260217e-07, -6.46820751626e-07, -3.40125893672e-06, -2.56465546045e-06]
        var: [0.000427301827585, 0.000572931661736, 0.000726830738131, 0.00177569326479, 0.00324358581565, 0.00510889710858, 0.0365237928927, 0.0544731430709, 0.0989390835166, 0.179829522967, 0.370398283005, 2.05799174309]

rhythm:
    beats_loudness:
        dmean: 0.00372377410531
        dmean2: 0.00729671120644
        dvar: 3.42451562574e-06
        dvar2: 1.20512922877e-05
        max: 0.0145912542939
        mean: 0.00936532299966
        min: 0.00667078746483
        var: 5.31587511432e-06
    beats_loudness_bass:
        dmean: 0.645506620407
        dmean2: 1.305975914
        dvar: 0.00721134897321
        dvar2: 0.0184071697295
        max: 0.908178448677
        mean: 0.503561973572
        min: 0.0945353582501
        var: 0.10471495986
    bpm: 127.123908997
    bpm_confidence: 0
    first_peak_bpm: 127
    first_peak_spread: 0
    first_peak_weight: 0.949999988079
    onset_rate: 5.18391942978
    second_peak_bpm: 116
    second_peak_spread: 0
    second_peak_weight: 0.0500000007451
    beats_position: [0.0432002581656, 0.515085816383, 0.986971378326, 1.45885694027, 1.93074262142, 2.40262818336, 2.87451386452, 3.34639954567, 3.8182849884, 4.29017066956, 4.76205635071, 5.23394203186, 5.70582771301, 6.22271823883, 6.69476938248, 7.16682100296, 7.63887166977, 8.11092281342, 8.5829744339, 9.05502510071, 9.52707672119]
    bpm_estimates: [127.148582458, 127.056106567, 127.257087708, 127.37247467, 127.112854004, 126.925994873, 127.207443237, 127.116165161, 127.195877075, 126.916641235, 127.338981628, 127.34916687, 127.252677917, 127.043563843, 127.232269287, 126.668945312, 127.188056946, 127.211074829, 126.760269165]
    bpm_intervals: [0.471885561943, 0.471885561943, 0.471885561943, 0.471885681152, 0.471885561943, 0.471885681152, 0.471885681152, 0.471885442734, 0.471885681152, 0.471885681152, 0.471885681152, 0.471885681152, 0.516890525818, 0.472051143646, 0.472051620483, 0.472050666809, 0.472051143646, 0.472051620483, 0.472050666809, 0.472051620483]
    onset_times: [0.0348299331963, 0.267029464245, 0.49922901392, 0.754648506641, 0.893968224525, 0.975238084793, 1.23065757751, 1.369977355, 1.45124721527, 1.67183673382, 1.82276642323, 1.93886625767, 2.17106580734, 2.40326523781, 2.65868473053, 2.79800462723, 2.87927436829, 3.15791392326, 3.35528349876, 3.58748292923, 3.83129262924, 4.07510185242, 4.3073015213, 4.55111122131, 4.7020406723, 4.7833108902, 5.02712011337, 5.25931978226, 5.50312948227, 5.73532867432, 5.97913837433, 6.21133804321, 6.45514726639, 6.60607719421, 6.68734693527, 6.94276666641, 7.1517457962, 7.40716552734, 7.52326536179, 7.63936519623, 7.80190467834, 8.103764534, 8.33596324921, 8.51011371613, 8.59138298035, 8.83519268036, 9.05578231812, 9.29959201813, 9.41569137573, 9.54340171814, 9.78721046448, 10.0078001022]
    rubato_start: []
    rubato_stop: []
    perceptual_tempo: "unknown"

sfx:
    inharmonicity:
        dmean: 0.0301616415381
        dmean2: 0.0552033483982
        dvar: 0.00207756226882
        dvar2: 0.00573696242645
        max: 0.302138566971
        mean: 0.0287491995841
        min: 0
        var: 0.00171152281109
    oddtoevenharmonicenergyratio:
        dmean: 1.57630479336
        dmean2: 2.93870687485
        dvar: 12.4968643188
        dvar2: 35.1360588074
        max: 39.089225769
        mean: 1.39778733253
        min: 0
        var: 8.70641708374
    pitch_after_max_to_before_max_energy_ratio: 0.411659449339
    pitch_centroid: 233.349334717
    pitch_max_to_total: 0.775462985039
    pitch_min_to_total: 0.449074059725
    tristimulus:
        dmean: [0.225328013301, 0.221105635166, 0.100155249238]
        dmean2: [0.397177785635, 0.389724552631, 0.172261968255]
        dvar: [0.0423338226974, 0.0399172976613, 0.0128487916663]
        dvar2: [0.107893437147, 0.115480795503, 0.0365025103092]
        max: [1, 0.92211830616, 0.606702983379]
        mean: [0.478188306093, 0.390507549047, 0.109481401742]
        min: [0.0218411311507, 0, 0]
        var: [0.0676353350282, 0.0575374923646, 0.014295774512]

tonal:
    chords_changes_rate: 0.0691244229674
    chords_number_rate: 0.0276497695595
    chords_strength:
        dmean: 0.00794246234
        dmean2: 0.00816644541919
        dvar: 4.29247884313e-05
        dvar2: 4.59243819932e-05
        max: 0.644357323647
        mean: 0.51159954071
        min: 0.391594976187
        var: 0.00295132678002
    key_strength: 0.738695323467
    tuning_diatonic_strength: 0.534804582596
    tuning_equal_tempered_deviation: 0.129781186581
    tuning_frequency: 451.065460205
    tuning_nontempered_energy_ratio: 0.702313899994
    hpcp:
        dmean: [0.20381680131, 0.179845049977, 0.0984841957688, 0.0688181370497, 0.0658067315817, 0.0727963522077, 0.0593607351184, 0.0601377412677, 0.0811290740967, 0.0952003598213, 0.0827895030379, 0.090191885829, 0.093824736774, 0.106326237321, 0.199652016163, 0.213154882193, 0.248222216964, 0.160861328244, 0.0803146958351, 0.0947204753757, 0.102774329484, 0.120601184666, 0.178837105632, 0.163161978126, 0.134459361434, 0.137045681477, 0.114888034761, 0.0747690722346, 0.0662700235844, 0.0922619625926, 0.147080764174, 0.146669968963, 0.128066077828, 0.12201012671, 0.121857851744, 0.130665510893]
        dmean2: [0.348891168833, 0.302228420973, 0.164728730917, 0.121791414917, 0.120081417263, 0.128037258983, 0.0992032662034, 0.104855790734, 0.146504819393, 0.173029392958, 0.153883382678, 0.16858021915, 0.175120413303, 0.192843750119, 0.349720954895, 0.376375496387, 0.442092955112, 0.294511497021, 0.140280246735, 0.171471863985, 0.181859076023, 0.208857819438, 0.324883878231, 0.296290278435, 0.229542061687, 0.23862439394, 0.197397008538, 0.124730817974, 0.119421228766, 0.162714391947, 0.238927528262, 0.26241132617, 0.228418663144, 0.215977281332, 0.216715574265, 0.230272889137]
        dvar: [0.0546656697989, 0.0436206646264, 0.024062667042, 0.0145250326023, 0.0157918408513, 0.0148224616423, 0.00922096241266, 0.011437878944, 0.018847618252, 0.0297626573592, 0.02970171161, 0.0356201976538, 0.0360125377774, 0.0286091454327, 0.0456206947565, 0.0793712064624, 0.0569884330034, 0.0478945821524, 0.0194228924811, 0.0349292755127, 0.0375270843506, 0.038649443537, 0.0710625723004, 0.0672438293695, 0.0548389591277, 0.0660529732704, 0.0404766537249, 0.0146552678198, 0.0143330264837, 0.0230477340519, 0.0507422611117, 0.0593967288733, 0.0344701185822, 0.0384669303894, 0.040222350508, 0.023615706712]
        dvar2: [0.137984871864, 0.11698808521, 0.0602118968964, 0.038272742182, 0.0450693778694, 0.042163271457, 0.0224033296108, 0.0240809954703, 0.0498556979001, 0.0832845792174, 0.0836576521397, 0.098386913538, 0.0993910059333, 0.0780783519149, 0.115090869367, 0.162846833467, 0.168452948332, 0.124489210546, 0.0480650253594, 0.0928160622716, 0.0976667925715, 0.095744214952, 0.198675870895, 0.190072506666, 0.136995881796, 0.172179713845, 0.10689933598, 0.0379106849432, 0.0403785184026, 0.060513317585, 0.104951635003, 0.141235038638, 0.0909392312169, 0.101267613471, 0.104881182313, 0.0650453642011]
        max: [1, 1, 1, 0.81592041254, 1, 0.745901763439, 0.65524750948, 1, 1, 1, 1, 0.886326491833, 1, 1, 1, 1, 1, 1, 0.773355484009, 1, 1, 1, 1, 1, 1, 1, 1, 0.918935537338, 0.774842202663, 1, 1, 1, 1, 1, 1, 0.878655076027]
        mean: [0.369954615831, 0.285954713821, 0.0962307155132, 0.0564756579697, 0.0542699769139, 0.0674102008343, 0.0702358335257, 0.0649196356535, 0.0734411925077, 0.081025570631, 0.0659406930208, 0.0629525110126, 0.0657645836473, 0.0821576192975, 0.328436583281, 0.592623591423, 0.410436332226, 0.131311029196, 0.0657945647836, 0.0707636773586, 0.102545849979, 0.145422950387, 0.167436614633, 0.141480624676, 0.116155840456, 0.113173164427, 0.100515596569, 0.0745123326778, 0.0567706264555, 0.0896249711514, 0.196002095938, 0.209136843681, 0.128619626164, 0.101501427591, 0.0949857607484, 0.193090856075]
        min: [0.00730030424893, 0.0076244007796, 0.00107401574496, 0.000953284208663, 0.000751189654693, 0.000888533599209, 0.00114075269084, 0.00354205933399, 0.00301706208847, 0.00318749481812, 0.00115557271056, 0.00151947268751, 0.00182865851093, 0.00207389309071, 0.00490141287446, 0.00492472480983, 0.00183147203643, 0.00088875927031, 0.00076033960795, 0.00114605890121, 0.00140486552846, 0.000723165750969, 0, 0, 0.00152849941514, 0.00137726310641, 0.00192385469563, 0.00165374402422, 0.00166319776326, 0.00170078198425, 0.0019478588365, 0.0014523739228, 0.00193538947497, 0.00104700378142, 0.000803841510788, 0.00356173678301]
        var: [0.0805263891816, 0.0655379593372, 0.0211534425616, 0.00959097780287, 0.0104326158762, 0.0116921067238, 0.00972181092948, 0.0109218396246, 0.0156724713743, 0.0203844550997, 0.0180438570678, 0.0207776799798, 0.0209749098867, 0.020398247987, 0.0807749778032, 0.163128226995, 0.0753400921822, 0.0420371964574, 0.0166931692511, 0.0257496554404, 0.0407259315252, 0.0589922629297, 0.0743841081858, 0.0611480548978, 0.0515619665384, 0.0547015927732, 0.0349268950522, 0.0137625969946, 0.00996297411621, 0.0206348337233, 0.0979759171605, 0.111204251647, 0.0385105758905, 0.0320320278406, 0.0311242099851, 0.0245485305786]
    chords_histogram: [50.2304153442, 0, 13.3640556335, 0, 4.14746522903, 4.60829496384, 0, 14.2857141495, 0, 0, 0, 0, 0, 0, 0, 0, 0, 0, 0, 0, 0, 0, 13.3640556335, 0]
    thpcp: [1, 0.692575097084, 0.221575766802, 0.111022517085, 0.119407460093, 0.173037067056, 0.245388388634, 0.282534509897, 0.238736063242, 0.196002721786, 0.190969720483, 0.16961120069, 0.125732988119, 0.0957954227924, 0.151234224439, 0.330736249685, 0.352899968624, 0.217034265399, 0.171274706721, 0.160280093551, 0.325823783875, 0.624265730381, 0.482523351908, 0.162380844355, 0.0952976867557, 0.0915757939219, 0.113748766482, 0.118516772985, 0.109546154737, 0.12392552942, 0.13672350347, 0.111269101501, 0.106226801872, 0.110971927643, 0.138633728027, 0.554207742214]
    chords_key: "D"
    chords_scale: "minor"
    key_key: "D"
    key_scale: "minor"
    chords_progression: ["Am", "Am", "Am", "Am", "Am", "Am", "Am", "Am", "Am", "Am", "Am", "Am", "Am", "Am", "Am", "Am", "Am", "Am", "Am", "Am", "Am", "Am", "Am", "Am", "Am", "Am", "Am", "Am", "Am", "Em", "Em", "Em", "Em", "Em", "Em", "Em", "Em", "Em", "G", "G", "G", "G", "G", "G", "G", "G", "G", "G", "Gm", "Gm", "Gm", "Gm", "Gm", "Gm", "Gm", "Gm", "Gm", "Gm", "Gm", "Gm", "Gm", "Gm", "Gm", "Gm", "Gm", "Gm", "Gm", "Gm", "Gm", "Gm", "Gm", "Gm", "Gm", "Gm", "Gm", "Gm", "Gm", "Dm", "Dm", "Dm", "Dm", "Dm", "Dm", "Dm", "Dm", "Dm", "Dm", "Dm", "Dm", "Dm", "Dm", "Dm", "D", "D", "D", "D", "Dm", "Dm", "Dm", "Dm", "Dm", "Dm", "Dm", "Dm", "Dm", "Dm", "Dm", "Dm", "Dm", "Dm", "Dm", "Dm", "Dm", "Dm", "Dm", "Dm", "Dm", "Dm", "Dm", "Dm", "Dm", "Dm", "Dm", "Dm", "Dm", "Dm", "Dm", "Dm", "Dm", "Dm", "Dm", "Dm", "Dm", "Dm", "Dm", "Dm", "Dm", "Dm", "Dm", "Dm", "Dm", "Dm", "Dm", "Dm", "Dm", "Dm", "Dm", "Dm", "Dm", "Dm", "Dm", "Dm", "Dm", "D", "D", "D", "D", "D", "D", "D", "Dm", "Dm", "D", "D", "D", "D", "Dm", "Dm", "Dm", "Dm", "D", "D", "D", "D", "D", "D", "D", "Dm", "Dm", "Dm", "Dm", "Dm", "Dm", "Dm", "D", "Dm", "Dm", "Dm", "Dm", "Dm", "Dm", "Dm", "Dm", "Dm", "Dm", "Dm", "Dm", "Dm", "Dm", "Dm", "Dm", "Dm", "Dm", "Dm", "Dm", "Dm", "Dm", "Dm", "Dm", "D", "D", "D", "D", "D", "D", "D", "D"]
