
metadata:
    version:
        essentia: "1.2.2"
    audio_properties:
        analysis_sample_rate: 44100
        bitrate: 128
        channels: 2
        equal_loudness: 1
        length: 10.0310201645
        replay_gain: -7.23938941956
        downmix: "mix"
    tags:
        track: 2
        year: 0
        album: "Splitted by Mp3Splt v. 2.1"
        artist: "From 000.10 To 000.20"
        comment: "http://mp3splt.sf.net"
        genre: ""
        title: "11 Moving Away from the Pulseb"

highlevel:
    ballroom:
        all:
            ChaChaCha: 0.327184796333
            Jive: 0.47422772646
            Quickstep: 0.0357404761016
            Rumba-American: 0.000989916152321
            Rumba-International: 0.00655832327902
            Rumba-Misc: 0.000761850154959
            Samba: 0.150562778115
            Tango: 0.000902464846149
            VienneseWaltz: 0.0019966615364
            Waltz: 0.00107502646279
        probability: 0.47422772646
        value: "Jive"
    culture:
        all:
            non_western: 0.0740287899971
            western: 0.925971210003
        probability: 0.925971210003
        value: "western"
    gender:
        all:
            female: 0.456145584583
            male: 0.543854415417
        probability: 0.543854415417
        value: "male"
    genre_dortmund:
        all:
            alternative: 0.0392251349986
            blues: 0.0138495797291
            electronic: 0.135482639074
            folkcountry: 0.0184720661491
            funksoulrnb: 0.00475575961173
            jazz: 0.0463515818119
            pop: 0.0143629489467
            raphiphop: 0.00259011355229
            rock: 0.724910199642
        probability: 0.724910199642
        value: "rock"
    genre_electronica:
        all:
            ambient: 0.023993331939
            dnb: 0.787211954594
            house: 0.00494327722117
            techno: 0.163157269359
            trance: 0.0206941794604
        probability: 0.787211954594
        value: "dnb"
    genre_rosamerica:
        all:
            cla: 0.0139316115528
            dan: 0.0921259075403
            hip: 0.0406371317804
            jaz: 0.0100586377084
            pop: 0.025933586061
            rhy: 0.00796768534929
            roc: 0.800551056862
            spe: 0.00879440829158
        probability: 0.800551056862
        value: "roc"
    genre_tzanetakis:
        all:
            blu: 0.00405653286725
            cla: 0.00336300209165
            cou: 0.00645500048995
            dis: 0.131635919213
            hip: 0.108827233315
            jaz: 0.0128517262638
            met: 0.22156894207
            pop: 0.096193112433
            reg: 0.0711287260056
            roc: 0.343919783831
        probability: 0.343919783831
        value: "roc"
    live_studio:
        all:
            live: 0.0346702225506
            studio: 0.965329766273
        probability: 0.965329766273
        value: "studio"
    mood:
        all:
            Cluster1: 0.246134385467
            Cluster2: 0.0525936484337
            Cluster3: 0.0153925409541
            Cluster4: 0.0364434011281
            Cluster5: 0.649435997009
        probability: 0.649435997009
        value: "Cluster5"
    mood_acoustic:
        all:
            acoustic: 0.0765795484185
            not_acoustic: 0.92342042923
        probability: 0.92342042923
        value: "not_acoustic"
    mood_aggressive:
        all:
            aggressive: 0.976523935795
            not_aggressive: 0.0234760679305
        probability: 0.976523935795
        value: "aggressive"
    mood_electronic:
        all:
            electronic: 0.840708136559
            not_electronic: 0.159291878343
        probability: 0.840708136559
        value: "electronic"
    mood_happy:
        all:
            happy: 0.250087320805
            not_happy: 0.749912679195
        probability: 0.749912679195
        value: "not_happy"
    mood_party:
        all:
            not_party: 0.154112905264
            party: 0.845887124538
        probability: 0.845887124538
        value: "party"
    mood_relaxed:
        all:
            not_relaxed: 0.261131972075
            relaxed: 0.738867998123
        probability: 0.738867998123
        value: "relaxed"
    mood_sad:
        all:
            not_sad: 0.881220817566
            sad: 0.118779167533
        probability: 0.881220817566
        value: "not_sad"
    rhythm:
        all:
            fast: 0.951674938202
            medium: 0.0450306236744
            slow: 0.00329443602823
        probability: 0.951674938202
        value: "fast"
    speech_music:
        all:
            music: 0.546433985233
            speech: 0.453565984964
        probability: 0.546433985233
        value: "music"
    timbre:
        all:
            bright: 0.000252208061283
            dark: 0.999747812748
        probability: 0.999747812748
        value: "dark"
    voice_instrumental:
        all:
            instrumental: 0.441539764404
            voice: 0.558460235596
        probability: 0.558460235596
        value: "voice"

lowlevel:
    average_loudness: 0.938824176788
    barkbands_kurtosis:
        dmean: 3.06306290627
        dmean2: 5.09205961227
        dvar: 24.6079349518
        dvar2: 60.8365097046
        max: 54.6884803772
        mean: 2.61024451256
        min: -1.81690430641
        var: 38.781917572
    barkbands_skewness:
        dmean: 0.737232267857
        dmean2: 1.23466134071
        dvar: 0.542132854462
        dvar2: 1.3312690258
        max: 5.89416885376
        mean: 1.21623313427
        min: -1.80070948601
        var: 1.83702933788
    barkbands_spread:
        dmean: 7.72424411774
        dmean2: 13.0020236969
        dvar: 56.423248291
        dvar2: 136.554718018
        max: 51.9211769104
        mean: 27.6602401733
        min: 1.73332607746
        var: 155.827285767
    dissonance:
        dmean: 0.016638321802
        dmean2: 0.0286317542195
        dvar: 0.000272542907624
        dvar2: 0.000826886389405
        max: 0.498939424753
        mean: 0.472845077515
        min: 0.368762612343
        var: 0.00032958376687
    hfc:
        dmean: 3.32228446007
        dmean2: 5.51552343369
        dvar: 19.5551319122
        dvar2: 51.9323425293
        max: 31.5126285553
        mean: 5.34824466705
        min: 0.0233938284218
        var: 35.5277099609
    pitch:
        dmean: 907.999694824
        dmean2: 1761.00463867
        dvar: 2160898
        dvar2: 5279772.5
        max: 4410
        mean: 1339.38244629
        min: 63.3620681763
        var: 2708250.5
    pitch_instantaneous_confidence:
        dmean: 0.0831872373819
        dmean2: 0.141721591353
        dvar: 0.00476842280477
        dvar2: 0.0142639596015
        max: 0.653263449669
        mean: 0.284190714359
        min: 0.116386950016
        var: 0.00769670587033
    pitch_salience:
        dmean: 0.0957239344716
        dmean2: 0.16064414382
        dvar: 0.00807267986238
        dvar2: 0.0222556367517
        max: 0.843257844448
        mean: 0.666682481766
        min: 0.256472617388
        var: 0.0118473414332
    silence_rate_20dB:
        dmean: 0
        dmean2: 0
        dvar: 0
        dvar2: 0
        max: 1
        mean: 1
        min: 1
        var: 0
    silence_rate_30dB:
        dmean: 0
        dmean2: 0
        dvar: 0
        dvar2: 0
        max: 1
        mean: 1
        min: 1
        var: 0
    silence_rate_60dB:
        dmean: 0.229698374867
        dmean2: 0.460465103388
        dvar: 0.176937505603
        dvar2: 0.313553661108
        max: 1
        mean: 0.467592597008
        min: 0
        var: 0.248949825764
    spectral_centroid:
        dmean: 337.971801758
        dmean2: 569.833618164
        dvar: 125886.078125
        dvar2: 303241.03125
        max: 2934.96386719
        mean: 1078.65612793
        min: 156.403701782
        var: 483916.8125
    spectral_complexity:
        dmean: 6.03729581833
        dmean2: 9.75467300415
        dvar: 47.8354263306
        dvar2: 113.661773682
        max: 46
        mean: 12.1930236816
        min: 0
        var: 131.272033691
    spectral_crest:
        dmean: 2.79041552544
        dmean2: 4.7418384552
        dvar: 6.5339384079
        dvar2: 17.2059230804
        max: 20.3259239197
        mean: 8.245470047
        min: 2.88644194603
        var: 12.5624341965
    spectral_decrease:
        dmean: 5.12847098122e-10
        dmean2: 7.95671972753e-10
        dvar: 4.02128607366e-19
        dvar2: 9.16239530191e-19
        max: -2.26557522742e-11
        mean: -9.06865638139e-10
        min: -4.28741264713e-09
        var: 6.05245520964e-19
    spectral_energy:
        dmean: 0.00220988760702
        dmean2: 0.0034020897001
        dvar: 7.23799666957e-06
        dvar2: 1.70649873326e-05
        max: 0.018791358918
        mean: 0.00390781881288
        min: 8.83539760252e-05
        var: 1.14068061521e-05
    spectral_energyband_high:
        dmean: 0.000194275737158
        dmean2: 0.000334607175319
        dvar: 8.35332656379e-08
        dvar2: 2.30781921573e-07
        max: 0.00170135265216
        mean: 0.000259231077507
        min: 3.18816574918e-07
        var: 1.09875742282e-07
    spectral_energyband_low:
        dmean: 0.000321068509948
        dmean2: 0.000533581303898
        dvar: 2.2495648011e-07
        dvar2: 5.57466250939e-07
        max: 0.00413769762963
        mean: 0.000420566793764
        min: 7.67611618357e-06
        var: 2.82565451926e-07
    spectral_energyband_middle_high:
        dmean: 0.000882029242348
        dmean2: 0.00147626921535
        dvar: 1.39258872878e-06
        dvar2: 3.75434274247e-06
        max: 0.00887222308666
        mean: 0.00138555129524
        min: 2.98275540445e-06
        var: 2.58993509306e-06
    spectral_energyband_middle_low:
        dmean: 0.0013201351976
        dmean2: 0.00217449082993
        dvar: 3.56814121005e-06
        dvar2: 7.8323573689e-06
        max: 0.0149132823572
        mean: 0.00184247107245
        min: 1.46923330249e-05
        var: 4.35611718785e-06
    spectral_flatness_db:
        dmean: 0.0220069792122
        dmean2: 0.0351778753102
        dvar: 0.000487643614179
        dvar2: 0.00119690026622
        max: 0.313768744469
        mean: 0.176598280668
        min: 0.103580698371
        var: 0.00114073103759
    spectral_flux:
        dmean: 0.014695784077
        dmean2: 0.0233495421708
        dvar: 0.000274208578048
        dvar2: 0.00056915008463
        max: 0.11028534174
        mean: 0.0410965792835
        min: 0.00486197369173
        var: 0.000480539427372
    spectral_kurtosis:
        dmean: 2.36443829536
        dmean2: 4.15522861481
        dvar: 7.05184078217
        dvar2: 19.0141582489
        max: 21.8432998657
        mean: 3.63551545143
        min: -0.160828828812
        var: 8.77036380768
    spectral_rms:
        dmean: 0.000535083934665
        dmean2: 0.000803202739917
        dvar: 3.21867673847e-07
        dvar2: 7.24355402326e-07
        max: 0.00428170943633
        mean: 0.0017634446267
        min: 0.000293596676784
        var: 7.02770080352e-07
    spectral_rolloff:
        dmean: 743.673217773
        dmean2: 1316.04064941
        dvar: 897533.0625
        dvar2: 2214231.25
        max: 4457.37304688
        mean: 2146.50952148
        min: 129.19921875
        var: 2092905.125
    spectral_skewness:
        dmean: 0.336808502674
        dmean2: 0.574704349041
        dvar: 0.13376109302
        dvar2: 0.330368191004
        max: 3.50096178055
        mean: 1.27409267426
        min: 0.417184352875
        var: 0.286809921265
    spectral_spread:
        dmean: 344285.09375
        dmean2: 533907.5
        dvar: 223948963840
        dvar2: 356119216128
        max: 10677768
        mean: 3574892
        min: 2315809.25
        var: 529640095744
    spectral_strongpeak:
        dmean: 0.18378405273
        dmean2: 0.308729588985
        dvar: 0.181900814176
        dvar2: 0.487516909838
        max: 4.15342760086
        mean: 0.233784750104
        min: 0.0103680016473
        var: 0.178531706333
    zerocrossingrate:
        dmean: 0.0102869132534
        dmean2: 0.0116046657786
        dvar: 7.88954275777e-05
        dvar2: 9.8086129583e-05
        max: 0.1376953125
        mean: 0.0633289441466
        min: 0.01123046875
        var: 0.000949471083004
    barkbands:
        dmean: [1.01023971411e-07, 0.000106653104012, 0.00026784237707, 0.000448531180155, 0.000684837345034, 0.000244323076913, 0.000123076126329, 6.87337960699e-05, 7.94344159658e-05, 0.000102250414784, 5.04930030729e-05, 4.14522983192e-05, 4.47498641734e-05, 4.43841599918e-05, 7.24492711015e-05, 7.2503426054e-05, 0.000130014508613, 0.000141030570376, 0.000261115375906, 0.000190685066627, 9.28152803681e-05, 2.33614682656e-05, 3.28444139086e-06, 5.82974678309e-07, 1.47533299355e-07, 4.14535383797e-09, 1.6772437883e-09]
        dmean2: [1.41034789181e-07, 0.000178933594725, 0.000447817554232, 0.000782632734627, 0.00113107950892, 0.000422568322392, 0.00021654626471, 0.000116444491141, 0.000137637573062, 0.000179177251994, 8.74662364367e-05, 7.1152120654e-05, 7.75970911491e-05, 7.58098467486e-05, 0.000123668694869, 0.00012517493451, 0.000218947301619, 0.000249615783105, 0.000452150852652, 0.000324560358422, 0.000163362288731, 4.06198705605e-05, 5.55057340534e-06, 9.03904037841e-07, 2.23192628823e-07, 5.55589219076e-09, 1.83799397924e-09]
        dvar: [2.36874220596e-14, 2.09422132968e-08, 1.82904486223e-07, 4.55387663578e-07, 1.37820950386e-06, 1.35719574246e-07, 6.00300325004e-08, 8.09717093375e-09, 1.60894035872e-08, 2.16567794808e-08, 5.36109245886e-09, 2.78270206877e-09, 3.61284735462e-09, 4.53285275981e-09, 1.15108598209e-08, 1.04062980455e-08, 3.69417278989e-08, 4.22631956098e-08, 1.75881567088e-07, 6.81922571744e-08, 1.91088229684e-08, 1.57093826836e-09, 3.5373735191e-11, 1.03007045168e-12, 1.10663777133e-13, 1.03635666943e-15, 9.6502664851e-16]
        dvar2: [3.30739091442e-14, 5.49808234496e-08, 4.73872830753e-07, 1.18060506793e-06, 3.09824122269e-06, 3.70351841639e-07, 1.63271195674e-07, 2.1004618489e-08, 4.41212577584e-08, 5.89856874456e-08, 1.48684895507e-08, 7.59006191231e-09, 9.89690462916e-09, 1.20127188197e-08, 3.18552864087e-08, 2.65906283659e-08, 1.03415487729e-07, 1.1524445398e-07, 4.8532456276e-07, 1.75841293526e-07, 5.24686321057e-08, 4.34147651163e-09, 9.28972176961e-11, 2.30297681966e-12, 2.31087501565e-13, 1.08011015632e-15, 9.67460703563e-16]
        max: [2.34945810007e-06, 0.00125995918643, 0.00337963178754, 0.00560404639691, 0.00974033307284, 0.00240100850351, 0.00208350573666, 0.000554921105504, 0.000947690627072, 0.000998386996798, 0.000546002120245, 0.000313465367071, 0.000442380231107, 0.00054003711557, 0.000960872508585, 0.000721685646567, 0.0017327927053, 0.001973539358, 0.00358337117359, 0.00188802939374, 0.000804508395959, 0.000276868697256, 5.17412736372e-05, 9.78376192506e-06, 4.96039774589e-06, 6.5638499791e-07, 6.4458589577e-07]
        mean: [1.48693771962e-07, 0.000140720498166, 0.00027970035444, 0.000448765669717, 0.000797514221631, 0.000277966581052, 0.00012296976638, 8.65667607286e-05, 9.45987922023e-05, 0.00010468452092, 6.08247173659e-05, 5.23347043782e-05, 5.03821247548e-05, 4.63089636469e-05, 0.000106307554233, 0.000102710400824, 0.000181734998478, 0.000177545080078, 0.00035138707608, 0.000276708975434, 0.000116528914077, 2.68056774075e-05, 3.66123049389e-06, 7.46204420921e-07, 1.95188235352e-07, 4.95369567588e-09, 1.62239965906e-09]
        min: [1.05317934929e-10, 4.60292227444e-07, 5.54591792934e-07, 1.3965072867e-06, 5.34261516805e-06, 1.77324102424e-06, 9.1784926326e-07, 5.89724606925e-07, 5.52011897526e-07, 3.54075439191e-07, 1.24808636315e-07, 3.44355839843e-07, 3.06659671878e-07, 2.98639065477e-07, 2.44515149461e-07, 1.42012197557e-07, 1.46794050693e-07, 2.74015235391e-07, 2.74325486771e-07, 2.13220772594e-07, 1.56728845013e-07, 2.10234194498e-08, 4.69851979545e-09, 9.85025727651e-10, 2.72434047544e-10, 7.28517420001e-12, 2.06361417212e-14]
        var: [3.89271609196e-14, 3.12727692631e-08, 1.83217110816e-07, 4.45092325663e-07, 1.53675546244e-06, 1.20941066939e-07, 4.53145965196e-08, 1.01141361952e-08, 1.45212082359e-08, 1.94653644314e-08, 6.43981801218e-09, 3.38421890511e-09, 3.63464081055e-09, 3.85939902259e-09, 2.10864836703e-08, 1.75508656497e-08, 6.78174387758e-08, 5.03834058918e-08, 2.46777517532e-07, 1.29455358433e-07, 2.27616023807e-08, 1.64466640307e-09, 4.34525228299e-11, 2.23182887102e-12, 2.37689154383e-13, 1.07852652234e-15, 9.63720100189e-16]
    mfcc:
        mean: [-754.311401367, 143.926376343, -48.5463905334, 71.7842178345, -21.3556003571, 8.09481811523, -0.637464940548, -2.96839475632, -4.89116716385, -5.24127960205, -7.18456077576, -8.5002412796, -6.50710582733]
        cov: [[7223.71630859, -1838.21313477, -1021.10180664, 8.32023429871, -375.773742676, -535.145202637, -329.953277588, -107.619216919, 40.8471221924, -144.178756714, -236.253952026, -248.226760864, 78.4471817017], [-1838.21313477, 786.694763184, 224.849838257, 42.7143440247, 90.4502716064, 173.494613647, 115.853340149, 54.379901886, 9.47852897644, 60.3430137634, 87.0269851685, 87.580368042, -8.12332344055], [-1021.10180664, 224.849838257, 459.199035645, -91.4264907837, 98.7886352539, 122.797477722, 27.6351089478, 17.7157173157, -74.097946167, 43.5231933594, 27.9486618042, 52.9916763306, -79.7896728516], [8.32023429871, 42.7143440247, -91.4264907837, 104.612289429, 2.628916502, -4.50915718079, 13.2117624283, 2.6580748558, 34.663444519, -2.84124541283, 8.71915531158, -0.0750542730093, 33.1277351379], [-375.773742676, 90.4502716064, 98.7886352539, 2.628916502, 76.9329681396, 51.972076416, 27.1965007782, 16.8326129913, -5.98912191391, 18.9354953766, 17.2245407104, 22.9565410614, -7.30436706543], [-535.145202637, 173.494613647, 122.797477722, -4.50915718079, 51.972076416, 100.156066895, 44.4523162842, 23.1546363831, -12.0553913116, 23.706741333, 30.5440311432, 36.5097694397, -13.8568725586], [-329.953277588, 115.853340149, 27.6351089478, 13.2117624283, 27.1965007782, 44.4523162842, 62.6989784241, 30.8777923584, 21.1269512177, 18.6474094391, 24.5054512024, 17.9985733032, 5.47684860229], [-107.619216919, 54.379901886, 17.7157173157, 2.6580748558, 16.8326129913, 23.1546363831, 30.8777923584, 46.5108108521, 22.2444591522, 19.4182815552, 12.4398527145, 14.6816396713, 4.29851961136], [40.8471221924, 9.47852897644, -74.097946167, 34.663444519, -5.98912191391, -12.0553913116, 21.1269512177, 22.2444591522, 69.0289840698, 16.2797927856, 16.0234565735, 3.84307837486, 27.4070987701], [-144.178756714, 60.3430137634, 43.5231933594, -2.84124541283, 18.9354953766, 23.706741333, 18.6474094391, 19.4182815552, 16.2797927856, 49.806438446, 23.3365478516, 19.8532028198, 0.585865616798], [-236.253952026, 87.0269851685, 27.9486618042, 8.71915531158, 17.2245407104, 30.5440311432, 24.5054512024, 12.4398527145, 16.0234565735, 23.3365478516, 49.5645523071, 29.0318946838, 7.95425462723], [-248.226760864, 87.580368042, 52.9916763306, -0.0750542730093, 22.9565410614, 36.5097694397, 17.9985733032, 14.6816396713, 3.84307837486, 19.8532028198, 29.0318946838, 48.0581169128, 11.9168977737], [78.4471817017, -8.12332344055, -79.7896728516, 33.1277351379, -7.30436706543, -13.8568725586, 5.47684860229, 4.29851961136, 27.4070987701, 0.585865616798, 7.95425462723, 11.9168977737, 54.6390571594]]
        icov: [[0.000512895581778, 0.000900475075468, 0.00070044840686, -0.000232934442465, 0.000649445224553, 8.85406334419e-05, 0.000864139990881, -0.000984161160886, 0.00051678402815, -0.000675862364005, 0.000234273946262, -0.000171057021362, 0.000412901339587], [0.000900475075468, 0.00410860124975, 0.00051072658971, -0.00201196921989, 0.00209366623312, -0.00211045332253, -0.000775243970565, -0.00138521194458, 0.00104163074866, -0.00138793571386, -0.000491429411341, -0.00157747569028, 0.00112300575711], [0.00070044840686, 0.00051072658971, 0.00771721452475, 0.00278767221607, -0.00365871889517, -0.00202984223142, 0.00237230071798, -0.00119242467918, 0.00355703081004, -0.00330004119314, 0.00109748740215, -0.00425344379619, 0.0065207942389], [-0.000232934442465, -0.00201196921989, 0.00278767221607, 0.0161814335734, -0.00486162444577, -0.001560764038, 0.00032218862907, 0.00339138903655, -0.00517137395218, 0.00230966298841, -0.000638281228021, 0.00285340286791, -0.00500971265137], [0.000649445224553, 0.00209366623312, -0.00365871889517, -0.00486162444577, 0.0252127218992, -0.00660682795569, -0.00233246618882, -0.00305006979033, 0.00166264153086, -0.00281253363937, 0.00115037348587, -0.00091803225223, -0.00161872000899], [8.85406334419e-05, -0.00211045332253, -0.00202984223142, -0.001560764038, -0.00660682795569, 0.0315862484276, -0.0120427412912, -0.00210180296563, 0.00753422454, -0.000243787755608, -0.00290929223411, -0.00904882792383, 0.00466150231659], [0.000864139990881, -0.000775243970565, 0.00237230071798, 0.00032218862907, -0.00233246618882, -0.0120427412912, 0.0404900088906, -0.0162273030728, -0.00584908481687, 0.00103091669735, -0.00643628463149, 0.00775981461629, -0.00206749513745], [-0.000984161160886, -0.00138521194458, -0.00119242467918, 0.00339138903655, -0.00305006979033, -0.00210180296563, -0.0162273030728, 0.0418884158134, -0.0121492557228, -0.00496811326593, 0.00778457475826, -0.00691090337932, 0.00132131716236], [0.00051678402815, 0.00104163074866, 0.00355703081004, -0.00517137395218, 0.00166264153086, 0.00753422454, -0.00584908481687, -0.0121492557228, 0.0330594666302, -0.00899185426533, -0.00702731497586, 0.00268968287855, -0.0046321535483], [-0.000675862364005, -0.00138793571386, -0.00330004119314, 0.00230966298841, -0.00281253363937, -0.000243787755608, 0.00103091669735, -0.00496811326593, -0.00899185426533, 0.0337217189372, -0.00902518443763, -0.00251909997314, 0.000406337436289], [0.000234273946262, -0.000491429411341, 0.00109748740215, -0.000638281228021, 0.00115037348587, -0.00290929223411, -0.00643628463149, 0.00778457475826, -0.00702731497586, -0.00902518443763, 0.0413541086018, -0.018780246377, 0.00272638816386], [-0.000171057021362, -0.00157747569028, -0.00425344379619, 0.00285340286791, -0.00091803225223, -0.00904882792383, 0.00775981461629, -0.00691090337932, 0.00268968287855, -0.00251909997314, -0.018780246377, 0.0512270405889, -0.0203428640962], [0.000412901339587, 0.00112300575711, 0.0065207942389, -0.00500971265137, -0.00161872000899, 0.00466150231659, -0.00206749513745, 0.00132131716236, -0.0046321535483, 0.000406337436289, 0.00272638816386, -0.0203428640962, 0.0378639623523]]
    spectral_contrast:
        mean: [-1.28812743583e-07, 2.316610761e-07, 1.35184720307e-07, 6.96715929394e-08, -5.03719888911e-07, -2.21316895477e-07, 1.48644278397e-06, -4.28529665442e-06, -1.90575451597e-06, -2.3516111014e-06, -1.52671054821e-06, 1.68057374594e-06]
        var: [0.000228031523875, 0.000335557095241, 0.000516971980687, 0.000876352249179, 0.00172229460441, 0.003332457738, 0.0385187268257, 0.0652226507664, 0.116153791547, 0.225901350379, 0.312745958567, 3.23794198036]

rhythm:
    beats_loudness:
        dmean: 0.0030254512094
        dmean2: 0.00535262888297
        dvar: 5.32902959094e-06
        dvar2: 1.33484136313e-05
        max: 0.0136974444613
        mean: 0.00606438843533
        min: 0.00187870487571
        var: 9.09602113097e-06
    beats_loudness_bass:
        dmean: 0.191746205091
        dmean2: 0.3382987082
        dvar: 0.0218941830099
        dvar2: 0.0686925649643
        max: 0.714120149612
        mean: 0.310564547777
        min: 0.047043710947
        var: 0.0363916344941
    bpm: 122.167160034
    bpm_confidence: 0
    first_peak_bpm: 81
    first_peak_spread: 0
    first_peak_weight: 0.533333361149
    onset_rate: 6.08113574982
    second_peak_bpm: 122
    second_peak_spread: 0
    second_peak_weight: 0.466666668653
    beats_position: [0.332709699869, 1.0732088089, 1.81370794773, 2.55420708656, 3.29470610619, 4.03520536423, 4.77570486069, 5.51620388031, 6.24812269211, 6.73925638199, 7.23038959503, 7.72152328491, 8.21265697479, 8.70379066467, 9.19492435455, 9.68605804443]
    bpm_estimates: [122.06362915, 122.277824402, 122.00164032, 121.723564148, 121.910392761, 121.842399597, 122.725418091, 122.548965454, 122.489578247, 122.088279724]
    bpm_intervals: [0.740499138832, 0.740499138832, 0.740499138832, 0.740499019623, 0.740499258041, 0.74049949646, 0.740499019623, 0.731918811798, 0.49113368988, 0.491133213043, 0.49113368988, 0.49113368988, 0.49113368988, 0.49113368988, 0.49113368988]
    onset_times: [0.0580498874187, 0.31346938014, 0.580498874187, 0.835918366909, 1.06811785698, 1.20743763447, 1.32353746891, 1.43963718414, 1.55573701859, 1.81115651131, 1.95047616959, 2.06657600403, 2.18267583847, 2.31038546562, 2.55419492722, 2.82122445107, 3.06503391266, 3.19274377823, 3.29723358154, 3.43655323982, 3.78485250473, 3.92417240143, 4.04027223587, 4.15637207031, 4.29569149017, 4.52789115906, 4.79492044449, 5.02712011337, 5.15482997894, 5.27092981339, 5.39863967896, 5.51473903656, 5.630838871, 5.74693870544, 5.87464857101, 5.99074840546, 6.11845827103, 6.23455762863, 6.47836732864, 6.73378705978, 7.00081634521, 7.12852621078, 7.24462604523, 7.36072540283, 7.50004529953, 7.6277551651, 7.73224496841, 7.85995483398, 7.97605419159, 8.2198638916, 8.47528362274, 8.73070335388, 8.97451210022, 9.10222244263, 9.21832180023, 9.33442211151, 9.46213150024, 9.61306095123, 9.71755123138, 9.84526062012, 9.9613609314]
    rubato_start: [6.73925638199]
    rubato_stop: [7.23038959503]
    perceptual_tempo: "unknown"

sfx:
    inharmonicity:
        dmean: 0.0344967991114
        dmean2: 0.0609246231616
        dvar: 0.00255646416917
        dvar2: 0.00727202510461
        max: 0.407475918531
        mean: 0.0354290157557
        min: 4.3190571887e-05
        var: 0.00235259579495
    oddtoevenharmonicenergyratio:
        dmean: 1.54065227509
        dmean2: 2.94527006149
        dvar: 31.8696918488
        dvar2: 93.4994506836
        max: 66.2161483765
        mean: 1.0342066288
        min: 0.000439014373114
        var: 17.3029232025
    pitch_after_max_to_before_max_energy_ratio: 15.1108856201
    pitch_centroid: 286.511383057
    pitch_max_to_total: 0.137209296227
    pitch_min_to_total: 0.31162789464
    tristimulus:
        dmean: [0.204552561045, 0.237800121307, 0.107431620359]
        dmean2: [0.352388620377, 0.414818495512, 0.191172167659]
        dvar: [0.0304283704609, 0.041603974998, 0.0122707318515]
        dvar2: [0.0838652029634, 0.122698359191, 0.034889742732]
        max: [0.960535883904, 0.953161716461, 0.617135107517]
        mean: [0.491531670094, 0.357217162848, 0.101285003126]
        min: [0.0433061160147, 0, 0]
        var: [0.0650627687573, 0.057146474719, 0.0148456804454]

tonal:
    chords_changes_rate: 0.115740738809
    chords_number_rate: 0.0231481473893
    chords_strength:
        dmean: 0.0155764361843
        dmean2: 0.0212462749332
        dvar: 0.000154456924065
        dvar2: 0.000312945630867
        max: 0.668777823448
        mean: 0.477197885513
        min: 0.281393975019
        var: 0.00871195551008
    key_strength: 0.421417027712
    tuning_diatonic_strength: 0.420118778944
    tuning_equal_tempered_deviation: 0.273115903139
    tuning_frequency: 436.708374023
    tuning_nontempered_energy_ratio: 0.908452510834
    hpcp:
        dmean: [0.194987624884, 0.17386457324, 0.15224789083, 0.132463648915, 0.169728696346, 0.202162489295, 0.191449061036, 0.168658688664, 0.176747605205, 0.189473047853, 0.240302234888, 0.226906836033, 0.161177814007, 0.160284802318, 0.152843758464, 0.149670749903, 0.182641491294, 0.208060353994, 0.205735385418, 0.175083175302, 0.172908008099, 0.177165463567, 0.199380427599, 0.240729346871, 0.311280101538, 0.282864779234, 0.260682195425, 0.270806163549, 0.286980509758, 0.269198656082, 0.232834547758, 0.193760111928, 0.205935046077, 0.199185594916, 0.206510677934, 0.218111619353]
        dmean2: [0.331655949354, 0.294179141521, 0.265244752169, 0.231144562364, 0.300411552191, 0.365431308746, 0.346362292767, 0.303522408009, 0.314267516136, 0.34839913249, 0.442474961281, 0.413576066494, 0.285414069891, 0.277524679899, 0.269869178534, 0.270805299282, 0.325512111187, 0.367063760757, 0.367590427399, 0.29948964715, 0.298610568047, 0.29880207777, 0.349314182997, 0.426380455494, 0.557860314846, 0.511133253574, 0.474330067635, 0.497293025255, 0.524070501328, 0.474332153797, 0.403911560774, 0.347332119942, 0.373490601778, 0.360809475183, 0.36934247613, 0.378764748573]
        dvar: [0.0452549159527, 0.0457484163344, 0.0325945541263, 0.0228827949613, 0.039309438318, 0.0502703301609, 0.0453611239791, 0.0368676707149, 0.0420930124819, 0.0579881668091, 0.0691608712077, 0.0643553212285, 0.0344063304365, 0.0383679680526, 0.0360993482172, 0.0304356273264, 0.0455882325768, 0.0641884878278, 0.0555648617446, 0.0393256917596, 0.0443062484264, 0.0425536483526, 0.0578259266913, 0.0740192085505, 0.0948228091002, 0.0712996944785, 0.0631149932742, 0.0764501988888, 0.0836550071836, 0.0699928030372, 0.066630102694, 0.0501774288714, 0.0584487840533, 0.0476343147457, 0.0570615269244, 0.0632706210017]
        dvar2: [0.11774815619, 0.11781937629, 0.0896450579166, 0.0585946328938, 0.100059054792, 0.135275244713, 0.126035675406, 0.10727840662, 0.117312446237, 0.163255900145, 0.196859657764, 0.17717346549, 0.0966638401151, 0.118335351348, 0.107724457979, 0.0873155221343, 0.121765211225, 0.164583027363, 0.16604757309, 0.109492361546, 0.115711063147, 0.109357342124, 0.143939062953, 0.188094973564, 0.257156044245, 0.190931752324, 0.169605821371, 0.207229882479, 0.216842770576, 0.172181919217, 0.172539785504, 0.131829366088, 0.16653496027, 0.126629769802, 0.14555811882, 0.174804508686]
        max: [1, 1, 0.989065527916, 1, 1, 1, 1, 1, 1, 1, 1, 1, 1, 1, 1, 1, 1, 1, 1, 1, 1, 1, 1, 1, 1, 1, 1, 1, 1, 1, 1, 1, 1, 1, 1, 1]
        mean: [0.255743771791, 0.251361578703, 0.210026159883, 0.183101281524, 0.217178180814, 0.240098178387, 0.212954893708, 0.182708457112, 0.182291716337, 0.205114617944, 0.254195660353, 0.242143526673, 0.18536247313, 0.174415722489, 0.170591428876, 0.170586839318, 0.20055551827, 0.226576521993, 0.210232615471, 0.189367845654, 0.196528375149, 0.202770531178, 0.206765964627, 0.225953787565, 0.267620384693, 0.280607193708, 0.261567264795, 0.251507014036, 0.260052293539, 0.264508217573, 0.239098683, 0.208635270596, 0.195750042796, 0.196414589882, 0.216426923871, 0.247070983052]
        min: [0.00133114738856, 0.00262044090778, 0.00147342018317, 0.0021487143822, 0.00243872310966, 0.00141985504888, 0.00460619013757, 0.00285286689177, 0.00233907764778, 0.00148893578444, 0.0023300324101, 0.00263084191829, 0.00215649558231, 0.00206677080132, 0.00288716820069, 0.00312962313183, 0.00186035083607, 0.0023496793583, 0.00332521018572, 0.00410014297813, 0.00122121360619, 0.0062311142683, 0.00502441963181, 0.00314904935658, 0.00311014754698, 0.00230545038357, 0.00410348409787, 0.00726858898997, 0.00575438374653, 0.00411292444915, 0.00226254831068, 0.00306083541363, 0.00303441123106, 0.0040322067216, 0.00238285749219, 0.00292587443255]
        var: [0.0693200156093, 0.0800113976002, 0.0514146797359, 0.0343633107841, 0.0526887215674, 0.061134275049, 0.0499484539032, 0.0375622548163, 0.0418433360755, 0.0530117452145, 0.0768830701709, 0.070013590157, 0.0352317430079, 0.035824790597, 0.0355751551688, 0.0324542373419, 0.0468138791621, 0.062106706202, 0.0479962155223, 0.0430458150804, 0.0506176650524, 0.0531395673752, 0.057078666985, 0.0724077820778, 0.0930450111628, 0.0806397870183, 0.0706975385547, 0.0719022080302, 0.0794218853116, 0.0739784315228, 0.0674629509449, 0.051228068769, 0.0527075491846, 0.0477989464998, 0.0611561052501, 0.0689436420798]
    chords_histogram: [32.4074058533, 0, 0, 0, 0, 9.72222232819, 37.9629631042, 15.7407407761, 0, 0, 0, 0, 0, 0, 2.77777767181, 0, 0, 0.462962955236, 0, 0.462962955236, 0, 0, 0, 0.462962955236]
    thpcp: [1, 0.93214738369, 0.896295666695, 0.926748514175, 0.942628085613, 0.852076113224, 0.743513643742, 0.69759452343, 0.699962794781, 0.771280765533, 0.880486965179, 0.911394238472, 0.895777404308, 0.748470306396, 0.652518153191, 0.773957967758, 0.855638027191, 0.758907437325, 0.651118218899, 0.64963310957, 0.73096704483, 0.905877232552, 0.862927019596, 0.660576343536, 0.621565401554, 0.607936739922, 0.607920408249, 0.714719831944, 0.807450890541, 0.749206066132, 0.674850285053, 0.700368285179, 0.722613453865, 0.736851990223, 0.805231630802, 0.953718900681]
    chords_key: "D"
    chords_scale: "major"
    key_key: "F"
    key_scale: "major"
    chords_progression: ["F#m", "F#m", "D", "D", "D", "D", "F#m", "D", "F#m", "F#m", "D", "D", "D", "D", "D", "D", "D", "Bm", "D", "D", "Bm", "Bm", "Bm", "Bm", "Bm", "Bm", "D", "D", "D", "D", "D", "D", "D", "D", "D", "D", "D", "D", "D", "D", "D", "Cm", "D", "Bm", "D", "D", "D", "D", "D", "D", "D", "D", "D", "D", "D", "D", "D", "D", "D", "D", "D", "D", "D", "D", "D", "D", "D", "D", "D", "D", "D", "D", "D", "D", "D", "D", "D", "D", "D", "D", "D", "D", "D", "D", "D", "D", "D", "D", "D", "D", "D", "D", "D", "D", "Bm", "Bm", "Bm", "Bm", "Bm", "Bm", "Bm", "Bm", "Bm", "Bm", "Bm", "Bm", "F#m", "F#m", "Bm", "Fm", "F#m", "F#m", "F#m", "F#m", "F#m", "F#", "F#", "F#", "F#", "F#", "F#", "F#m", "F#m", "F#m", "F#m", "F#m", "F#m", "F#m", "F#m", "F#m", "F#m", "F#m", "F#m", "F#m", "F#m", "F#m", "F#m", "F#m", "F#m", "F#m", "F#m", "F#m", "F#m", "F", "F", "F", "D", "D", "F", "F", "Dm", "F", "F", "F", "F", "F", "F", "F", "F", "F", "F", "F", "F", "F", "F", "F", "F", "F", "F", "F", "F", "F", "F", "F", "F", "F", "F", "F", "F", "F", "F", "F", "F", "F", "F", "F", "F", "F", "F", "F", "F", "F", "F", "F", "F", "F", "F", "F", "F", "F", "F", "F", "F", "F", "F", "F", "F", "F", "F", "F", "F", "F", "F", "F", "F", "F"]
