
metadata:
    version:
        essentia: "1.2.2"
    audio_properties:
        analysis_sample_rate: 44100
        bitrate: 128
        channels: 2
        equal_loudness: 1
        length: 9.95265293121
        replay_gain: -13.7933063507
        downmix: "mix"
    tags:
        track: 19
        year: 0
        album: "Splitted by Mp3Splt v. 2.1"
        artist: "From 003.00 To 003.10"
        comment: "http://mp3splt.sf.net"
        genre: ""
        title: "07 Solitaire.mp3"

highlevel:
    ballroom:
        all:
            ChaChaCha: 0.207665666938
            Jive: 0.544644653797
            Quickstep: 0.000108237254608
            Rumba-American: 5.87446484133e-05
            Rumba-International: 0.000462798954686
            Rumba-Misc: 0.000236553387367
            Samba: 0.24677336216
            Tango: 1.04656719486e-05
            VienneseWaltz: 2.6233619792e-05
            Waltz: 1.32694876811e-05
        probability: 0.544644653797
        value: "Jive"
    culture:
        all:
            non_western: 0.00293179997243
            western: 0.997068226337
        probability: 0.997068226337
        value: "western"
    gender:
        all:
            female: 0.509595096111
            male: 0.490404903889
        probability: 0.509595096111
        value: "female"
    genre_dortmund:
        all:
            alternative: 0.0770888626575
            blues: 0.00142531050369
            electronic: 0.125185713172
            folkcountry: 0.00441522756591
            funksoulrnb: 0.00374037842266
            jazz: 0.0154614048079
            pop: 0.0566659830511
            raphiphop: 0.00384898972698
            rock: 0.712168097496
        probability: 0.712168097496
        value: "rock"
    genre_electronica:
        all:
            ambient: 0.0247612595558
            dnb: 0.344322293997
            house: 0.00077735359082
            techno: 0.00742311403155
            trance: 0.622716009617
        probability: 0.622716009617
        value: "trance"
    genre_rosamerica:
        all:
            cla: 0.00160371745005
            dan: 0.277472555637
            hip: 0.00279520615004
            jaz: 0.00120146234985
            pop: 0.00712254550308
            rhy: 0.000992155284621
            roc: 0.708161175251
            spe: 0.00065119197825
        probability: 0.708161175251
        value: "roc"
    genre_tzanetakis:
        all:
            blu: 0.00512448884547
            cla: 0.0127687631175
            cou: 0.0365136228502
            dis: 0.0466101430357
            hip: 0.068595059216
            jaz: 0.154185950756
            met: 0.315428823233
            pop: 0.163223385811
            reg: 0.0115529671311
            roc: 0.18599678576
        probability: 0.315428823233
        value: "met"
    live_studio:
        all:
            live: 0.0372869297862
            studio: 0.962713062763
        probability: 0.962713062763
        value: "studio"
    mood:
        all:
            Cluster1: 0.513369619846
            Cluster2: 0.0342426113784
            Cluster3: 0.00666084419936
            Cluster4: 0.039102897048
            Cluster5: 0.406624019146
        probability: 0.513369619846
        value: "Cluster1"
    mood_acoustic:
        all:
            acoustic: 0.00326670403592
            not_acoustic: 0.996733307838
        probability: 0.996733307838
        value: "not_acoustic"
    mood_aggressive:
        all:
            aggressive: 0.995854616165
            not_aggressive: 0.00414537452161
        probability: 0.995854616165
        value: "aggressive"
    mood_electronic:
        all:
            electronic: 0.806757211685
            not_electronic: 0.193242773414
        probability: 0.806757211685
        value: "electronic"
    mood_happy:
        all:
            happy: 0.139397233725
            not_happy: 0.860602736473
        probability: 0.860602736473
        value: "not_happy"
    mood_party:
        all:
            not_party: 0.149894684553
            party: 0.850105285645
        probability: 0.850105285645
        value: "party"
    mood_relaxed:
        all:
            not_relaxed: 0.672541379929
            relaxed: 0.327458620071
        probability: 0.672541379929
        value: "not_relaxed"
    mood_sad:
        all:
            not_sad: 0.977541923523
            sad: 0.0224580802023
        probability: 0.977541923523
        value: "not_sad"
    rhythm:
        all:
            fast: 0.438416987658
            medium: 0.482269972563
            slow: 0.0793130397797
        probability: 0.482269972563
        value: "medium"
    speech_music:
        all:
            music: 0.99999666214
            speech: 3.32318904839e-06
        probability: 0.99999666214
        value: "music"
    timbre:
        all:
            bright: 0.0377911888063
            dark: 0.962208807468
        probability: 0.962208807468
        value: "dark"
    voice_instrumental:
        all:
            instrumental: 0.428806096315
            voice: 0.571193873882
        probability: 0.571193873882
        value: "voice"

lowlevel:
    average_loudness: 0.988710582256
    barkbands_kurtosis:
        dmean: 0.330251395702
        dmean2: 0.558125317097
        dvar: 0.169465765357
        dvar2: 0.423437476158
        max: 1.84530925751
        mean: -1.3178396225
        min: -1.77900588512
        var: 0.226953268051
    barkbands_skewness:
        dmean: 0.404359251261
        dmean2: 0.641153097153
        dvar: 0.1015586555
        dvar2: 0.240199923515
        max: 1.39416599274
        mean: -0.00975475367159
        min: -1.43382132053
        var: 0.246572181582
    barkbands_spread:
        dmean: 5.69048404694
        dmean2: 9.06845569611
        dvar: 23.6027679443
        dvar2: 62.5514068604
        max: 69.13646698
        mean: 44.6224975586
        min: 18.3740711212
        var: 58.9730606079
    dissonance:
        dmean: 0.00957658886909
        dmean2: 0.0158422663808
        dvar: 0.000133829307742
        dvar2: 0.000235580519075
        max: 0.498694121838
        mean: 0.482060104609
        min: 0.317189723253
        var: 0.000186084696907
    hfc:
        dmean: 3.36567234993
        dmean2: 4.48496818542
        dvar: 9.89476013184
        dvar2: 18.3421630859
        max: 25.5372238159
        mean: 9.18750572205
        min: 0.0576343424618
        var: 25.1874694824
    pitch:
        dmean: 1373.03039551
        dmean2: 2674.25439453
        dvar: 2643992.25
        dvar2: 6324518.5
        max: 4410
        mean: 1509.6640625
        min: 82.7392120361
        var: 2820221.25
    pitch_instantaneous_confidence:
        dmean: 0.0561287477612
        dmean2: 0.0920158699155
        dvar: 0.00224582245573
        dvar2: 0.00600856589153
        max: 0.463448226452
        mean: 0.246048599482
        min: 0.132282733917
        var: 0.00393520109355
    pitch_salience:
        dmean: 0.0576128736138
        dmean2: 0.0929388031363
        dvar: 0.00210237246938
        dvar2: 0.00559701956809
        max: 0.841323137283
        mean: 0.692751646042
        min: 0.387643665075
        var: 0.00463363528252
    silence_rate_20dB:
        dmean: 0
        dmean2: 0
        dvar: 0
        dvar2: 0
        max: 1
        mean: 1
        min: 1
        var: 0
    silence_rate_30dB:
        dmean: 0
        dmean2: 0
        dvar: 0
        dvar2: 0
        max: 1
        mean: 1
        min: 1
        var: 0
    silence_rate_60dB:
        dmean: 0.200466200709
        dmean2: 0.399532705545
        dvar: 0.160279676318
        dvar2: 0.295981436968
        max: 1
        mean: 0.246511623263
        min: 0
        var: 0.185743659735
    spectral_centroid:
        dmean: 384.595367432
        dmean2: 604.627441406
        dvar: 104618.625
        dvar2: 231921.3125
        max: 3486.91455078
        mean: 1958.86999512
        min: 904.57623291
        var: 267243.96875
    spectral_complexity:
        dmean: 6.36915874481
        dmean2: 8.89227199554
        dvar: 34.5553436279
        dvar2: 61.5246772766
        max: 46
        mean: 17.3449878693
        min: 0
        var: 98.5383224487
    spectral_crest:
        dmean: 2.43664503098
        dmean2: 4.06596326828
        dvar: 4.49445819855
        dvar2: 11.4457740784
        max: 18.2304115295
        mean: 6.188621521
        min: 2.58883213997
        var: 8.01995372772
    spectral_decrease:
        dmean: 3.38637229369e-10
        dmean2: 4.8329651392e-10
        dvar: 1.22887993903e-19
        dvar2: 2.31709471297e-19
        max: -5.47395982708e-12
        mean: -1.04946318302e-09
        min: -3.48588735655e-09
        var: 3.03375236346e-19
    spectral_energy:
        dmean: 0.00150872196537
        dmean2: 0.00211319350637
        dvar: 2.42807413997e-06
        dvar2: 4.41606698587e-06
        max: 0.0144697679207
        mean: 0.00479425024241
        min: 2.58876243606e-05
        var: 6.06407684245e-06
    spectral_energyband_high:
        dmean: 0.000341741048032
        dmean2: 0.000492209976073
        dvar: 1.00282235849e-07
        dvar2: 2.06505987421e-07
        max: 0.00242029689252
        mean: 0.000734561588615
        min: 3.18897605212e-06
        var: 2.11274326034e-07
    spectral_energyband_low:
        dmean: 0.000204213647521
        dmean2: 0.00034370936919
        dvar: 7.47286321712e-08
        dvar2: 1.89419878893e-07
        max: 0.00216977717355
        mean: 0.000355045835022
        min: 1.23788936435e-07
        var: 1.44048584616e-07
    spectral_energyband_middle_high:
        dmean: 0.000628274807241
        dmean2: 0.00087173335487
        dvar: 4.55352477502e-07
        dvar2: 7.69865437178e-07
        max: 0.00615867087618
        mean: 0.00189154490363
        min: 1.53723813128e-05
        var: 1.19015112432e-06
    spectral_energyband_middle_low:
        dmean: 0.00090689829085
        dmean2: 0.00139953882899
        dvar: 9.39579763326e-07
        dvar2: 2.11812994166e-06
        max: 0.0107731921598
        mean: 0.00181306363083
        min: 4.00910221288e-06
        var: 1.99701185011e-06
    spectral_flatness_db:
        dmean: 0.0145600913092
        dmean2: 0.0233030170202
        dvar: 0.000136793489219
        dvar2: 0.000359399738954
        max: 0.166358798742
        mean: 0.100615814328
        min: 0.051386795938
        var: 0.000364723877283
    spectral_flux:
        dmean: 0.00788693968207
        dmean2: 0.0117051806301
        dvar: 6.27715562587e-05
        dvar2: 0.000126432540128
        max: 0.0857616141438
        mean: 0.0442155562341
        min: 0.00508798845112
        var: 0.00013341671729
    spectral_kurtosis:
        dmean: 0.634941577911
        dmean2: 1.01512932777
        dvar: 0.50237852335
        dvar2: 1.04289186001
        max: 7.22911071777
        mean: 1.49825000763
        min: 0.0889728069305
        var: 0.916803836823
    spectral_rms:
        dmean: 0.000340748345479
        dmean2: 0.000460593117168
        dvar: 1.11825279703e-07
        dvar2: 1.94118925378e-07
        max: 0.00375723931938
        mean: 0.00209327903576
        min: 0.000158922048286
        var: 2.9549937608e-07
    spectral_rolloff:
        dmean: 420.249633789
        dmean2: 676.707336426
        dvar: 150789.8125
        dvar2: 308897.53125
        max: 5469.43359375
        mean: 3947.85449219
        min: 2304.05273438
        var: 331782.375
    spectral_skewness:
        dmean: 0.134413957596
        dmean2: 0.211459442973
        dvar: 0.015940900892
        dvar2: 0.03182092309
        max: 2.01508069038
        mean: 1.16932272911
        min: 0.757571160793
        var: 0.0382519848645
    spectral_spread:
        dmean: 889432.6875
        dmean2: 1335441.125
        dvar: 945304174592
        dvar2: 1.90682392166e+12
        max: 18778544
        mean: 7602035
        min: 4283288.5
        var: 1.59788040192e+12
    spectral_strongpeak:
        dmean: 0.191298469901
        dmean2: 0.347402662039
        dvar: 0.175250157714
        dvar2: 0.503745675087
        max: 2.79709887505
        mean: 0.233450651169
        min: 0.00136097858194
        var: 0.117442548275
    zerocrossingrate:
        dmean: 0.0137597201392
        dmean2: 0.0154694821686
        dvar: 0.000121960758406
        dvar2: 0.000166906756931
        max: 0.1806640625
        mean: 0.112830527127
        min: 0.02587890625
        var: 0.000660387857351
    barkbands:
        dmean: [9.61903992902e-07, 0.000148215229274, 0.000108463020297, 0.000181672949111, 0.000695174734574, 0.000133548077429, 0.000176252768142, 5.19858440384e-05, 0.000103395082988, 7.66599987401e-05, 4.63070027763e-05, 4.73799882457e-05, 4.83198891743e-05, 5.50740951439e-05, 6.30777794868e-05, 0.000126157334307, 0.000124317084556, 0.000128371699248, 0.00017992121866, 0.000199128087843, 0.000160830430104, 6.02158324909e-05, 2.56052571785e-05, 1.29068303067e-05, 1.95559459826e-05, 6.83672453761e-07, 2.1586097354e-09]
        dmean2: [1.36781625315e-06, 0.000250213051913, 0.000182778399903, 0.00031807119376, 0.00111501873471, 0.000219206442125, 0.000295471923891, 8.82308013388e-05, 0.000179369220859, 0.00012852960208, 7.77604509494e-05, 8.06126045063e-05, 8.26359682833e-05, 9.03525069589e-05, 0.000100412529719, 0.000197454573936, 0.000200584952836, 0.00020694178238, 0.000272467412287, 0.000322208332364, 0.000236385458265, 9.15523341973e-05, 3.56489617843e-05, 1.91199997062e-05, 3.05321882479e-05, 1.03163836229e-06, 2.77394573978e-09]
        dvar: [2.55494844031e-12, 3.56914391375e-08, 3.38627010876e-08, 8.23481443035e-08, 6.10500194398e-07, 1.74926970686e-08, 5.13495983512e-08, 5.33940003322e-09, 2.03159853385e-08, 1.19593801529e-08, 2.85130519195e-09, 2.71229727566e-09, 2.90672375058e-09, 3.7426568511e-09, 4.56127580151e-09, 2.39477113695e-08, 1.84288921901e-08, 1.82023160988e-08, 3.44878046121e-08, 3.50319737663e-08, 2.5040341356e-08, 3.90010912454e-09, 5.19761678142e-10, 1.46567341597e-10, 5.50676615418e-10, 4.57664613672e-13, 2.70250970489e-16]
        dvar2: [5.54532895297e-12, 9.7521024145e-08, 8.9116468871e-08, 2.21104642151e-07, 1.35417917591e-06, 4.20069099505e-08, 1.37396028776e-07, 1.40622340439e-08, 4.64902889519e-08, 2.93303301646e-08, 7.18299686397e-09, 7.12637193701e-09, 8.3372535542e-09, 9.19248765996e-09, 1.02466355401e-08, 5.33955528681e-08, 4.00221544794e-08, 4.42612702045e-08, 6.88553640771e-08, 7.75511423967e-08, 5.54377912465e-08, 8.71065886088e-09, 1.10841558154e-09, 3.34765715149e-10, 1.35855626748e-09, 1.02374684251e-12, 1.98752045908e-16]
        max: [1.80929109774e-05, 0.00112153659575, 0.00159425102174, 0.00211958633736, 0.00977000128478, 0.00101413787343, 0.00187864701729, 0.000546971801668, 0.00106104614679, 0.00114184466656, 0.000389114575228, 0.000473149557365, 0.00039020658005, 0.000492958934046, 0.000818463158794, 0.00162440922577, 0.00135212717578, 0.00120656623039, 0.00162366859149, 0.00160874414723, 0.00107443681918, 0.000420604133978, 0.000182906820555, 8.68767747306e-05, 0.000148021281348, 4.1225739551e-06, 3.90940385842e-07]
        mean: [2.4205940008e-06, 0.000234974737396, 0.000117686548037, 0.000198361871298, 0.00100745027885, 0.000184036049177, 0.00021792978805, 6.67560889269e-05, 0.000128032421344, 9.71612607827e-05, 6.4971834945e-05, 7.54695865908e-05, 8.57039922266e-05, 9.75520306383e-05, 0.000128832936753, 0.000227343800361, 0.000251408142503, 0.000287552305963, 0.000394557078835, 0.000410527165513, 0.000315596698783, 0.000103765254607, 4.11261498812e-05, 2.50026259891e-05, 2.90892166959e-05, 9.39447204473e-07, 2.62029709042e-09]
        min: [3.32795097036e-10, 4.08483415981e-08, 1.46653587052e-08, 1.33927002821e-07, 1.57775912157e-06, 1.53174994466e-07, 7.46923305428e-08, 1.39427640988e-07, 2.31489295288e-07, 9.3716849392e-08, 4.82062660012e-07, 1.33960597282e-07, 6.70001384151e-07, 1.82046733244e-07, 2.34753315453e-06, 1.41645682561e-06, 2.65796393251e-06, 1.77039476057e-06, 1.34820641051e-06, 6.66093274049e-06, 5.76211618863e-07, 2.11171823139e-07, 9.01317065427e-09, 1.4565916473e-08, 7.50528972304e-09, 2.84590268018e-10, 8.4377574372e-12]
        var: [1.80701374003e-11, 6.41695336867e-08, 4.05071780563e-08, 8.42199483486e-08, 1.19636126783e-06, 2.82223862058e-08, 6.48521307767e-08, 6.77950939831e-09, 2.40856419254e-08, 1.50941144028e-08, 3.84825282751e-09, 3.39034111896e-09, 4.39004566033e-09, 5.7744995452e-09, 9.20287579476e-09, 4.50925341511e-08, 3.35885701475e-08, 3.07744656425e-08, 6.8064643699e-08, 6.35359000967e-08, 4.44746426354e-08, 5.98167604338e-09, 1.05018016505e-09, 3.09623993111e-10, 6.22677742701e-10, 7.70053400385e-13, 3.61369745696e-16]
    mfcc:
        mean: [-664.782348633, 69.7438430786, -25.7580947876, 44.9502029419, -2.63712859154, -2.02056264877, 0.709941387177, -9.38107776642, -1.71198117733, -8.86329460144, -6.74531173706, -6.22888660431, -3.74812793732]
        cov: [[1232.41394043, -121.623634338, 103.151229858, -173.22857666, -127.533607483, -101.197181702, -126.233757019, -65.3690185547, -68.102394104, -32.4961090088, -27.4338359833, -28.3061885834, -23.8993759155], [-121.623634338, 432.956726074, -41.2031173706, 106.066253662, 95.3868637085, 68.9565658569, 97.993522644, 75.9820556641, 56.3898773193, 64.0095901489, 68.5319137573, 33.7749137878, 18.5205631256], [103.151229858, -41.2031173706, 186.818862915, 47.0184555054, 55.7346115112, 39.2599906921, 40.3246192932, 5.66930818558, 13.6958475113, 18.6302051544, 27.2159252167, 35.0909576416, 22.4913482666], [-173.22857666, 106.066253662, 47.0184555054, 128.08366394, 105.830558777, 86.6550750732, 78.2021942139, 47.1409568787, 40.0443916321, 37.7947006226, 48.6525039673, 39.6096611023, 28.6429824829], [-127.533607483, 95.3868637085, 55.7346115112, 105.830558777, 125.3307724, 89.7926940918, 86.8374862671, 45.8439216614, 46.0937042236, 37.2136192322, 56.7152938843, 43.5390815735, 35.083896637], [-101.197181702, 68.9565658569, 39.2599906921, 86.6550750732, 89.7926940918, 110.577423096, 78.6281661987, 57.5421333313, 44.5559921265, 36.2293319702, 48.7499465942, 36.3425941467, 39.9246940613], [-126.233757019, 97.993522644, 40.3246192932, 78.2021942139, 86.8374862671, 78.6281661987, 107.54914093, 56.817073822, 50.063331604, 36.0133857727, 47.0373916626, 32.4303703308, 31.9933986664], [-65.3690185547, 75.9820556641, 5.66930818558, 47.1409568787, 45.8439216614, 57.5421333313, 56.817073822, 74.5870666504, 48.0912704468, 37.2411804199, 28.5673484802, 20.4872894287, 23.2447566986], [-68.102394104, 56.3898773193, 13.6958475113, 40.0443916321, 46.0937042236, 44.5559921265, 50.063331604, 48.0912704468, 66.1210021973, 39.8289642334, 35.4053688049, 23.8147544861, 25.9148693085], [-32.4961090088, 64.0095901489, 18.6302051544, 37.7947006226, 37.2136192322, 36.2293319702, 36.0133857727, 37.2411804199, 39.8289642334, 58.4429893494, 37.9032592773, 28.2471675873, 20.7522506714], [-27.4338359833, 68.5319137573, 27.2159252167, 48.6525039673, 56.7152938843, 48.7499465942, 47.0373916626, 28.5673484802, 35.4053688049, 37.9032592773, 68.5425186157, 39.1525840759, 28.9391307831], [-28.3061885834, 33.7749137878, 35.0909576416, 39.6096611023, 43.5390815735, 36.3425941467, 32.4303703308, 20.4872894287, 23.8147544861, 28.2471675873, 39.1525840759, 50.0632629395, 31.2535228729], [-23.8993759155, 18.5205631256, 22.4913482666, 28.6429824829, 35.083896637, 39.9246940613, 31.9933986664, 23.2447566986, 25.9148693085, 20.7522506714, 28.9391307831, 31.2535228729, 49.8854103088]]
        icov: [[0.00140065234154, -0.000542979163583, -0.00176023610402, 0.00278486940078, -0.000186760313227, -0.000532275880687, 0.00178208074067, -0.00088045571465, 0.000873015087564, 2.59715416178e-05, -0.00120643211994, 0.00061982969055, -0.000260863889707], [-0.000542979163583, 0.00435404013842, 0.0026988980826, -0.00343227619305, -0.000801583926659, 0.00271210819483, -0.00307525531389, -0.00166789616924, 0.00120578787755, -0.0021578646265, -0.00172733364161, 0.000278996740235, 0.00111843447667], [-0.00176023610402, 0.0026988980826, 0.0100382603705, -0.00445554032922, -0.00211183750071, 0.00115550740156, -0.00504529895261, 0.00310880108736, 0.00017300946638, -0.00217798468657, 0.00211999961175, -0.004387548659, 0.00086986203678], [0.00278486940078, -0.00343227619305, -0.00445554032922, 0.036196116358, -0.0193365104496, -0.00965073145926, 0.0038542074617, -0.0023479135707, 0.00409820443019, -0.00282539916225, 0.00148503552191, -0.00341841066256, 0.00410603918135], [-0.000186760313227, -0.000801583926659, -0.00211183750071, -0.0193365104496, 0.0416998825967, -0.00954995676875, -0.0104844486341, 0.00736852642149, -0.00596837652847, 0.00456058140844, -0.00577229075134, -0.00423168716952, 0.00107248907443], [-0.000532275880687, 0.00271210819483, 0.00115550740156, -0.00965073145926, -0.00954995676875, 0.0355324596167, -0.00609018374234, -0.0135164456442, 0.00465969089419, 0.000613038311712, -0.00505976798013, 0.00453110365197, -0.0103380838409], [0.00178208074067, -0.00307525531389, -0.00504529895261, 0.0038542074617, -0.0104844486341, -0.00609018374234, 0.03312972188, -0.00947808474302, -0.00456434395164, 0.00412197085097, -0.00391179183498, 0.00358257326297, -0.00184476573486], [-0.00088045571465, -0.00166789616924, 0.00310880108736, -0.0023479135707, 0.00736852642149, -0.0135164456442, -0.00947808474302, 0.0400745607913, -0.0160693377256, -0.00827345252037, 0.00828420929611, -0.00134967977647, 0.00101404835004], [0.000873015087564, 0.00120578787755, 0.00017300946638, 0.00409820443019, -0.00596837652847, 0.00465969089419, -0.00456434395164, -0.0160693377256, 0.0408411063254, -0.0134698674083, -0.00579849956557, 0.00452134711668, -0.0066591789946], [2.59715416178e-05, -0.0021578646265, -0.00217798468657, -0.00282539916225, 0.00456058140844, 0.000613038311712, 0.00412197085097, -0.00827345252037, -0.0134698674083, 0.040456674993, -0.0101379966363, -0.00832448061556, 0.00219535944052], [-0.00120643211994, -0.00172733364161, 0.00211999961175, 0.00148503552191, -0.00577229075134, -0.00505976798013, -0.00391179183498, 0.00828420929611, -0.00579849956557, -0.0101379966363, 0.0399320721626, -0.0168712921441, -0.000352939794539], [0.00061982969055, 0.000278996740235, -0.004387548659, -0.00341841066256, -0.00423168716952, 0.00453110365197, 0.00358257326297, -0.00134967977647, 0.00452134711668, -0.00832448061556, -0.0168712921441, 0.0531155243516, -0.0205604806542], [-0.000260863889707, 0.00111843447667, 0.00086986203678, 0.00410603918135, 0.00107248907443, -0.0103380838409, -0.00184476573486, 0.00101404835004, -0.0066591789946, 0.00219535944052, -0.000352939794539, -0.0205604806542, 0.0406182669103]]
    spectral_contrast:
        mean: [9.09656847625e-08, -1.15084553443e-07, 1.34970136401e-07, -8.38885014787e-08, -2.55234482438e-07, 8.3432610154e-08, -1.78216498625e-06, -6.8934372166e-07, 1.54402425778e-06, 6.50232493626e-07, -1.35096911436e-06, 1.0223100162e-06]
        var: [0.000157966016559, 0.000216240921873, 0.00044416176388, 0.00130942161195, 0.0018422936555, 0.00344245438464, 0.0219170004129, 0.0512846782804, 0.0910648703575, 0.169953972101, 0.646179497242, 0.855087816715]

rhythm:
    beats_loudness:
        dmean: 0.00401463080198
        dmean2: 0.00788524094969
        dvar: 1.11743165689e-05
        dvar2: 4.27036939072e-05
        max: 0.0147591093555
        mean: 0.00678458018228
        min: 0.00324291852303
        var: 8.61482294567e-06
    beats_loudness_bass:
        dmean: 0.0841843113303
        dmean2: 0.143560990691
        dvar: 0.00839971471578
        dvar2: 0.0194801259786
        max: 0.30240637064
        mean: 0.0755825340748
        min: 0.000828575866763
        var: 0.00692399963737
    bpm: 86.3201751709
    bpm_confidence: 0
    first_peak_bpm: 86
    first_peak_spread: 0
    first_peak_weight: 0.466666668653
    onset_rate: 5.42568874359
    second_peak_bpm: 115
    second_peak_spread: 0
    second_peak_weight: 0.466666668653
    beats_position: [0.599077880383, 1.29416596889, 1.9892539978, 2.6843419075, 3.37943029404, 4.07451820374, 4.76960611343, 5.4646935463, 6.02953624725, 6.55019330978, 7.07085037231, 7.59150695801, 8.1121635437, 8.63282012939, 9.15347671509, 9.67413425446]
    bpm_estimates: [86.2585678101, 86.2646484375, 86.5084915161, 86.5866012573, 86.2595748901, 86.2542266846, 86.2820205688, 86.2289505005, 86.2384796143]
    bpm_intervals: [0.695088088512, 0.695088028908, 0.695087909698, 0.695088386536, 0.695087909698, 0.695087909698, 0.695087432861, 0.564842700958, 0.520657062531, 0.520657062531, 0.520656585693, 0.520656585693, 0.520656585693, 0.520656585693, 0.520657539368]
    onset_times: [0.0464399084449, 0.27863946557, 0.441179126501, 0.603718817234, 0.777868509293, 0.96362811327, 1.1261677742, 1.30031740665, 1.47446715832, 1.83437645435, 1.99691605568, 2.18267583847, 2.35682535172, 2.50775504112, 2.69351482391, 2.86766433716, 3.07664394379, 3.22757363319, 3.39011335373, 3.5758728981, 3.75002264977, 3.9125623703, 4.09832191467, 4.26086187363, 4.62077093124, 4.79492044449, 4.96907043457, 5.15482997894, 5.30575942993, 5.49151945114, 5.65405893326, 5.86303853989, 6.025578022, 6.18811798096, 6.3622674942, 6.54802703857, 6.71056699753, 6.88471651077, 7.04725646973, 7.40716552734, 7.58131504059, 7.75546503067, 7.94122457504, 8.09215450287, 8.28952407837, 8.44045352936, 8.64943313599, 8.8119726181, 8.97451210022, 9.14866256714, 9.33442211151, 9.49696159363, 9.67111110687, 9.84526062012]
    rubato_start: [6.55019330978]
    rubato_stop: [9.67413425446]
    perceptual_tempo: "unknown"

sfx:
    inharmonicity:
        dmean: 0.0467461906374
        dmean2: 0.0821551755071
        dvar: 0.00216651335359
        dvar2: 0.00611298531294
        max: 0.312777459621
        mean: 0.05458650738
        min: 0.00137682911009
        var: 0.00234405416995
    oddtoevenharmonicenergyratio:
        dmean: 0.912677109241
        dmean2: 1.66126573086
        dvar: 1.95025420189
        dvar2: 5.50814056396
        max: 10.2884426117
        mean: 0.717655003071
        min: 0.00392795866355
        var: 1.34187495708
    pitch_after_max_to_before_max_energy_ratio: 16.5076808929
    pitch_centroid: 213.987823486
    pitch_max_to_total: 0.0536130517721
    pitch_min_to_total: 0.55710953474
    tristimulus:
        dmean: [0.189121365547, 0.216835096478, 0.159106448293]
        dmean2: [0.325946062803, 0.378098666668, 0.279925316572]
        dvar: [0.021227363497, 0.0344328507781, 0.0188872478902]
        dvar2: [0.0617974251509, 0.0986022800207, 0.0536087974906]
        max: [0.828763544559, 0.933840870857, 0.731843829155]
        mean: [0.355572789907, 0.40204039216, 0.194201022387]
        min: [0.00497883418575, 0, 0]
        var: [0.034007973969, 0.0442268587649, 0.0236154235899]

tonal:
    chords_changes_rate: 0.143518522382
    chords_number_rate: 0.0277777779847
    chords_strength:
        dmean: 0.0139635866508
        dmean2: 0.0188815556467
        dvar: 0.00013510826102
        dvar2: 0.000213391133002
        max: 0.520063221455
        mean: 0.385176092386
        min: 0.300262957811
        var: 0.00149462174159
    key_strength: 0.597330868244
    tuning_diatonic_strength: 0.516667544842
    tuning_equal_tempered_deviation: 0.203675836325
    tuning_frequency: 454.202880859
    tuning_nontempered_energy_ratio: 0.876037120819
    hpcp:
        dmean: [0.268082082272, 0.256468832493, 0.189044669271, 0.160639569163, 0.157390162349, 0.217847898602, 0.215939566493, 0.236363843083, 0.207575947046, 0.188473790884, 0.189667239785, 0.174061834812, 0.179771915078, 0.195211112499, 0.200258299708, 0.210301443934, 0.180666789412, 0.147969439626, 0.186629652977, 0.204927399755, 0.192017495632, 0.212506279349, 0.180438891053, 0.131761699915, 0.113931186497, 0.139670088887, 0.13539133966, 0.133995071054, 0.141757100821, 0.144576638937, 0.181935817003, 0.199425429106, 0.172183305025, 0.250948488712, 0.268449276686, 0.245999351144]
        dmean2: [0.461206108332, 0.454251199961, 0.334446340799, 0.277633666992, 0.272132754326, 0.369261115789, 0.360833615065, 0.41608312726, 0.373895525932, 0.331329315901, 0.325842887163, 0.294556468725, 0.309391528368, 0.328918576241, 0.344213694334, 0.346800923347, 0.317099809647, 0.259441405535, 0.326054364443, 0.360326170921, 0.336910784245, 0.376443117857, 0.31496989727, 0.228604987264, 0.20366242528, 0.247085690498, 0.241333067417, 0.233890354633, 0.241422116756, 0.252975910902, 0.32004314661, 0.344468951225, 0.287626236677, 0.398426055908, 0.464997261763, 0.437171518803]
        dvar: [0.0685951039195, 0.0582272224128, 0.0391223058105, 0.0347420796752, 0.0278666988015, 0.0429860241711, 0.0378342084587, 0.0495686642826, 0.0365151576698, 0.0330215059221, 0.0371047370136, 0.0291691832244, 0.0317229256034, 0.0407863780856, 0.0443080030382, 0.040142159909, 0.0333653800189, 0.0229486003518, 0.0399478562176, 0.0443102903664, 0.0354947373271, 0.039371676743, 0.0376402884722, 0.023527931422, 0.0196726247668, 0.0228218920529, 0.0214760154486, 0.0211440958083, 0.0236659646034, 0.0254403539002, 0.0397708974779, 0.0487400554121, 0.0334865674376, 0.0496256351471, 0.057422272861, 0.0559465177357]
        dvar2: [0.175497770309, 0.165478572249, 0.101602993906, 0.0894759967923, 0.0757156610489, 0.114258520305, 0.0862635225058, 0.125677719712, 0.101455397904, 0.098081804812, 0.10655554384, 0.091862924397, 0.0911464616656, 0.100943401456, 0.116626903415, 0.115683741868, 0.0965198203921, 0.0646450519562, 0.108395412564, 0.121120899916, 0.0999360755086, 0.0965455919504, 0.107184365392, 0.0665282383561, 0.0548573285341, 0.06653650105, 0.059655662626, 0.0607784949243, 0.0638128295541, 0.0616918690503, 0.113443613052, 0.132654875517, 0.0851019397378, 0.123322896659, 0.120646111667, 0.138804599643]
        max: [1, 1, 1, 1, 1, 1, 1, 1, 1, 1, 1, 1, 1, 1, 1, 1, 1, 1, 1, 1, 1, 1, 1, 1, 1, 1, 1, 0.864631593227, 1, 1, 1, 1, 1, 1, 1, 1]
        mean: [0.415539860725, 0.331283986568, 0.251849830151, 0.220238506794, 0.237990915775, 0.301472306252, 0.330246239901, 0.309084117413, 0.262395530939, 0.234384894371, 0.238646611571, 0.232349574566, 0.245734035969, 0.275384217501, 0.29257619381, 0.301105380058, 0.249070614576, 0.190472781658, 0.226173475385, 0.246603086591, 0.232054069638, 0.263757258654, 0.244909346104, 0.170866414905, 0.150057926774, 0.176291525364, 0.184443727136, 0.173009052873, 0.188475236297, 0.223347127438, 0.249387174845, 0.239669784904, 0.258478522301, 0.364984869957, 0.4128459692, 0.416570723057]
        min: [0.0255905967206, 0.028658317402, 0.027095252648, 0.0226126797497, 0.0268445611, 0.0279473681003, 0.0447717569768, 0.0256513245404, 0.017339091748, 0.0177619829774, 0.0245944075286, 0.0246809348464, 0.0246576331556, 0.0260370392352, 0.0221296958625, 0.0261228308082, 0.0272196866572, 0.0186586454511, 0.0149779533967, 0.0203091166914, 0.0192236248404, 0.0209017638117, 0.0240037813783, 0.0167591851205, 0.0186473634094, 0.0209511332214, 0.0218689218163, 0.0109593011439, 0.022663872689, 0.0281796324998, 0.0282450132072, 0.0138336224481, 0.0264644175768, 0.024157576263, 0.0171816367656, 0.0429706051946]
        var: [0.112077713013, 0.0640743821859, 0.0395025573671, 0.0419841781259, 0.0332185067236, 0.0512675307691, 0.0535509809852, 0.0540243834257, 0.0371060632169, 0.0360271893442, 0.0433658622205, 0.0359985716641, 0.0369827151299, 0.0523443296552, 0.0578406788409, 0.0593945719302, 0.0404073260725, 0.0253122206777, 0.0491584315896, 0.0552058406174, 0.0418915823102, 0.0505273602903, 0.0430249013007, 0.0246479008347, 0.0187943540514, 0.027738943696, 0.0275918282568, 0.0220286697149, 0.0296158567071, 0.0381421409547, 0.0518477633595, 0.0549215972424, 0.0453447364271, 0.0906498730183, 0.0971535071731, 0.08770070225]
    chords_histogram: [7.40740728378, 17.1296291351, 12.5, 42.1296310425, 0, 0, 14.3518514633, 0, 0, 0, 0.925925910473, 0, 0, 0, 0, 0, 0, 0, 0, 0, 5.55555534363, 0, 0, 0]
    thpcp: [1, 0.997525334358, 0.795264661312, 0.604578793049, 0.528694152832, 0.571309745312, 0.723700165749, 0.792773544788, 0.741972744465, 0.629894316196, 0.562653303146, 0.572883784771, 0.557767391205, 0.58989751339, 0.661074340343, 0.702344596386, 0.722819328308, 0.59790712595, 0.457239955664, 0.542941331863, 0.591983735561, 0.557058036327, 0.63316321373, 0.587917804718, 0.41017383337, 0.360221982002, 0.423197120428, 0.442766904831, 0.415317356586, 0.452444761992, 0.536156535149, 0.598667085171, 0.575339972973, 0.620491325855, 0.876165449619, 0.991058528423]
    chords_key: "G#"
    chords_scale: "minor"
    key_key: "A"
    key_scale: "major"
    chords_progression: ["G#m", "G#m", "G#m", "G#m", "G#m", "G#m", "A", "A", "A", "G#m", "G#m", "G#m", "G#m", "G#m", "G#m", "G#m", "G#m", "C#m", "C#m", "C#m", "C#m", "C#m", "C#m", "C#m", "C#m", "C#m", "C#m", "C#m", "C#m", "C#m", "C#m", "E", "E", "E", "E", "E", "E", "G", "G", "F#", "F#", "F#", "F#", "F#", "F#", "F#", "F#", "F#", "F#", "F#", "F#", "F#", "G#m", "G#m", "G#m", "G#m", "G#m", "G#m", "G#m", "G#m", "G#m", "G#m", "G#m", "G#m", "G#m", "G#m", "G#m", "E", "E", "E", "G#m", "G#m", "G#m", "G#m", "G#m", "G#m", "G#m", "G#m", "G#m", "G#m", "G#m", "G#m", "G#m", "E", "E", "C#m", "C#m", "C#m", "C#m", "C#m", "C#m", "C#m", "C#m", "F#", "F#", "F#", "F#", "F#", "F#", "F#", "F#", "F#", "F#", "F#", "F#", "F#", "F#", "F#", "F#", "F#", "F#", "C#m", "C#m", "C#m", "C#m", "G#m", "G#m", "G#m", "G#m", "G#m", "G#m", "G#m", "G#m", "G#m", "G#m", "G#", "G#", "E", "E", "E", "G#m", "E", "G#m", "E", "E", "E", "E", "E", "G#m", "G#m", "G#m", "G#m", "E", "E", "E", "E", "E", "C#m", "C#m", "E", "E", "G#m", "G#m", "G#m", "G#m", "G#m", "G#m", "G#m", "G", "G", "G", "G", "G", "G", "G", "G", "G", "G", "G#m", "G#m", "G#m", "G#m", "G#m", "G#m", "G#m", "G#m", "G#m", "G#m", "G#m", "G#m", "G#m", "G#m", "G#m", "G#m", "G#m", "G#m", "G#m", "G#m", "G#m", "G#m", "G#m", "G#m", "G#m", "G#m", "A", "A", "A", "A", "A", "A", "A", "A", "A", "A", "A", "A", "C#m", "A", "C#m", "C#m", "C#m", "C#m", "C#m", "C#m", "C#m", "C#m"]
