
metadata:
    version:
        essentia: "1.2.2"
    audio_properties:
        analysis_sample_rate: 44100
        bitrate: 128
        channels: 2
        equal_loudness: 1
        length: 10.0048980713
        replay_gain: -6.01592826843
        downmix: "mix"
    tags:
        track: 17
        year: 0
        album: "Splitted by Mp3Splt v. 2.1"
        artist: "From 002.40 To 002.50"
        comment: "http://mp3splt.sf.net"
        genre: ""
        title: "08 Pulling My Fingers Off.mp3"

highlevel:
    ballroom:
        all:
            ChaChaCha: 0.155001431704
            Jive: 0.341454535723
            Quickstep: 0.0775019079447
            Rumba-American: 0.00525268120691
            Rumba-International: 0.139597415924
            Rumba-Misc: 0.017039148137
            Samba: 0.192977041006
            Tango: 0.00659143552184
            VienneseWaltz: 0.046830508858
            Waltz: 0.017753880471
        probability: 0.341454535723
        value: "Jive"
    culture:
        all:
            non_western: 0.00568360928446
            western: 0.994316399097
        probability: 0.994316399097
        value: "western"
    gender:
        all:
            female: 0.955599963665
            male: 0.0444000512362
        probability: 0.955599963665
        value: "female"
    genre_dortmund:
        all:
            alternative: 0.0538043603301
            blues: 0.0150241404772
            electronic: 0.0698171257973
            folkcountry: 0.195893615484
            funksoulrnb: 0.0172981992364
            jazz: 0.309614181519
            pop: 0.0974633619189
            raphiphop: 0.00486238487065
            rock: 0.236222624779
        probability: 0.309614181519
        value: "jazz"
    genre_electronica:
        all:
            ambient: 0.302590042353
            dnb: 0.276521623135
            house: 0.0743880495429
            techno: 0.0138601576909
            trance: 0.332640141249
        probability: 0.332640141249
        value: "trance"
    genre_rosamerica:
        all:
            cla: 0.054747261107
            dan: 0.0802504196763
            hip: 0.00439573684707
            jaz: 0.04616638273
            pop: 0.535996377468
            rhy: 0.0188598297536
            roc: 0.257693499327
            spe: 0.0018905204488
        probability: 0.535996377468
        value: "pop"
    genre_tzanetakis:
        all:
            blu: 0.00213610194623
            cla: 0.00240093446337
            cou: 0.124479092658
            dis: 0.0315199270844
            hip: 0.00189899408724
            jaz: 0.028562117368
            met: 0.00780345126987
            pop: 0.080266110599
            reg: 0.00589297572151
            roc: 0.715040326118
        probability: 0.715040326118
        value: "roc"
    live_studio:
        all:
            live: 0.11539825052
            studio: 0.884601771832
        probability: 0.884601771832
        value: "studio"
    mood:
        all:
            Cluster1: 0.370698213577
            Cluster2: 0.214061915874
            Cluster3: 0.203184321523
            Cluster4: 0.109512850642
            Cluster5: 0.102542698383
        probability: 0.370698213577
        value: "Cluster1"
    mood_acoustic:
        all:
            acoustic: 0.110419794917
            not_acoustic: 0.889580190182
        probability: 0.889580190182
        value: "not_acoustic"
    mood_aggressive:
        all:
            aggressive: 0.0621762387455
            not_aggressive: 0.93782377243
        probability: 0.93782377243
        value: "not_aggressive"
    mood_electronic:
        all:
            electronic: 0.308704465628
            not_electronic: 0.691295564175
        probability: 0.691295564175
        value: "not_electronic"
    mood_happy:
        all:
            happy: 0.746800899506
            not_happy: 0.253199100494
        probability: 0.746800899506
        value: "happy"
    mood_party:
        all:
            not_party: 0.858559131622
            party: 0.141440853477
        probability: 0.858559131622
        value: "not_party"
    mood_relaxed:
        all:
            not_relaxed: 0.103527516127
            relaxed: 0.896472513676
        probability: 0.896472513676
        value: "relaxed"
    mood_sad:
        all:
            not_sad: 0.324575781822
            sad: 0.675424218178
        probability: 0.675424218178
        value: "sad"
    rhythm:
        all:
            fast: 0.935626327991
            medium: 0.044335603714
            slow: 0.0200380422175
        probability: 0.935626327991
        value: "fast"
    speech_music:
        all:
            music: 0.99997484684
            speech: 2.51347537414e-05
        probability: 0.99997484684
        value: "music"
    timbre:
        all:
            bright: 0.935427606106
            dark: 0.0645724087954
        probability: 0.935427606106
        value: "bright"
    voice_instrumental:
        all:
            instrumental: 0.623867869377
            voice: 0.376132130623
        probability: 0.623867869377
        value: "instrumental"

lowlevel:
    average_loudness: 0.962102890015
    barkbands_kurtosis:
        dmean: 1.16402423382
        dmean2: 1.84201157093
        dvar: 2.80250024796
        dvar2: 6.44145727158
        max: 14.8044300079
        mean: 0.206296175718
        min: -1.7814002037
        var: 6.51935768127
    barkbands_skewness:
        dmean: 0.508858025074
        dmean2: 0.796594917774
        dvar: 0.191530108452
        dvar2: 0.463771790266
        max: 3.50779628754
        mean: 0.902435600758
        min: -1.27296328545
        var: 0.756930828094
    barkbands_spread:
        dmean: 5.99556159973
        dmean2: 8.98880386353
        dvar: 28.9003715515
        dvar2: 61.6374053955
        max: 59.3676338196
        mean: 29.9701881409
        min: 5.49309539795
        var: 127.42868042
    dissonance:
        dmean: 0.0194310117513
        dmean2: 0.0322922766209
        dvar: 0.000356821605237
        dvar2: 0.000821959169116
        max: 0.500000059605
        mean: 0.458225011826
        min: 0.227582141757
        var: 0.000873072131071
    hfc:
        dmean: 2.37104415894
        dmean2: 3.63578176498
        dvar: 14.8151607513
        dvar2: 36.9895553589
        max: 33.0850257874
        mean: 4.77856349945
        min: 0.0626763030887
        var: 19.6706447601
    pitch:
        dmean: 486.21395874
        dmean2: 946.034545898
        dvar: 1264467.5
        dvar2: 3221291
        max: 4410
        mean: 648.060241699
        min: 90.740737915
        var: 1251409.375
    pitch_instantaneous_confidence:
        dmean: 0.0892353057861
        dmean2: 0.142391994596
        dvar: 0.00638299947605
        dvar2: 0.0152819659561
        max: 0.812406718731
        mean: 0.460086226463
        min: 0.161000013351
        var: 0.0206753201783
    pitch_salience:
        dmean: 0.0658136308193
        dmean2: 0.104053266346
        dvar: 0.00310798967257
        dvar2: 0.00840164255351
        max: 0.802247345448
        mean: 0.564859271049
        min: 0.314212858677
        var: 0.00921670719981
    silence_rate_20dB:
        dmean: 0
        dmean2: 0
        dvar: 0
        dvar2: 0
        max: 1
        mean: 1
        min: 1
        var: 0
    silence_rate_30dB:
        dmean: 0
        dmean2: 0
        dvar: 0
        dvar2: 0
        max: 1
        mean: 1
        min: 1
        var: 0
    silence_rate_60dB:
        dmean: 0.171693742275
        dmean2: 0.344186037779
        dvar: 0.142215415835
        dvar2: 0.2675819695
        max: 1
        mean: 0.532407402992
        min: 0
        var: 0.248949602246
    spectral_centroid:
        dmean: 287.768798828
        dmean2: 449.002990723
        dvar: 69024.3203125
        dvar2: 177010.703125
        max: 2740.71020508
        mean: 1170.54797363
        min: 338.785095215
        var: 249200.828125
    spectral_complexity:
        dmean: 3.5093023777
        dmean2: 5.31934738159
        dvar: 23.7057495117
        dvar2: 54.6088562012
        max: 38
        mean: 10.4617166519
        min: 0
        var: 46.6940116882
    spectral_crest:
        dmean: 2.4647026062
        dmean2: 4.13000631332
        dvar: 4.7293009758
        dvar2: 11.9197359085
        max: 21.6994724274
        mean: 9.20238780975
        min: 2.7932240963
        var: 11.9688396454
    spectral_decrease:
        dmean: 3.96202737285e-10
        dmean2: 6.40619168824e-10
        dvar: 3.56657041528e-19
        dvar2: 8.94969614715e-19
        max: -2.20097620685e-11
        mean: -9.18281228834e-10
        min: -4.71587568995e-09
        var: 4.09654942814e-19
    spectral_energy:
        dmean: 0.00168101140298
        dmean2: 0.00269752368331
        dvar: 6.56905058349e-06
        dvar2: 1.64235116245e-05
        max: 0.0196765884757
        mean: 0.00389923388138
        min: 8.87543574208e-05
        var: 7.62369654694e-06
    spectral_energyband_high:
        dmean: 0.000164979574038
        dmean2: 0.000258412677795
        dvar: 8.3551789487e-08
        dvar2: 1.97038744432e-07
        max: 0.00197651376948
        mean: 0.000229173761909
        min: 2.04270165227e-07
        var: 1.13018991499e-07
    spectral_energyband_low:
        dmean: 0.000147232392919
        dmean2: 0.00024851274793
        dvar: 9.67143236608e-08
        dvar2: 2.53698317465e-07
        max: 0.00203755428083
        mean: 0.0001625794539
        min: 3.74356147859e-07
        var: 9.46821145931e-08
    spectral_energyband_middle_high:
        dmean: 0.000554994097911
        dmean2: 0.000875375815667
        dvar: 8.47896785672e-07
        dvar2: 2.19673370339e-06
        max: 0.00864014215767
        mean: 0.00118607818149
        min: 2.02829214686e-05
        var: 1.11725614715e-06
    spectral_energyband_middle_low:
        dmean: 0.00110324437264
        dmean2: 0.00183340348303
        dvar: 2.65528706223e-06
        dvar2: 6.80182483848e-06
        max: 0.0148815680295
        mean: 0.00232140137814
        min: 6.76982963341e-05
        var: 3.09838355861e-06
    spectral_flatness_db:
        dmean: 0.0185911301523
        dmean2: 0.027940120548
        dvar: 0.000303873355733
        dvar2: 0.000634211290162
        max: 0.263904005289
        mean: 0.151820972562
        min: 0.0769137218595
        var: 0.00136302551255
    spectral_flux:
        dmean: 0.0111015643924
        dmean2: 0.0159408021718
        dvar: 0.000183417127118
        dvar2: 0.000345931563061
        max: 0.114864327013
        mean: 0.0331593938172
        min: 0.00942095275968
        var: 0.000357121753041
    spectral_kurtosis:
        dmean: 1.39817607403
        dmean2: 1.98904526234
        dvar: 2.19845962524
        dvar2: 4.26245260239
        max: 21.9617347717
        mean: 4.70359230042
        min: 0.749799013138
        var: 7.21397447586
    spectral_rms:
        dmean: 0.000374188937712
        dmean2: 0.000578822160605
        dvar: 2.19167844762e-07
        dvar2: 5.13331372076e-07
        max: 0.00438140053302
        mean: 0.00185830716509
        min: 0.000294261146337
        var: 3.50827377815e-07
    spectral_rolloff:
        dmean: 547.093444824
        dmean2: 891.945922852
        dvar: 350398.90625
        dvar2: 681180.5625
        max: 4478.90625
        mean: 2437.99658203
        min: 366.064453125
        var: 1236558.5
    spectral_skewness:
        dmean: 0.216619938612
        dmean2: 0.305039405823
        dvar: 0.0493677482009
        dvar2: 0.0902692452073
        max: 3.75998187065
        mean: 1.77478861809
        min: 0.93065226078
        var: 0.213989540935
    spectral_spread:
        dmean: 865388.125
        dmean2: 1194171.375
        dvar: 578687860736
        dvar2: 1.1508678656e+12
        max: 11792528
        mean: 5963027
        min: 2782894.75
        var: 1.93516522701e+12
    spectral_strongpeak:
        dmean: 0.302949458361
        dmean2: 0.546681404114
        dvar: 0.331643879414
        dvar2: 0.856133103371
        max: 3.37064361572
        mean: 0.413444310427
        min: 0.0113517679274
        var: 0.301972717047
    zerocrossingrate:
        dmean: 0.0104140173644
        dmean2: 0.0121125616133
        dvar: 6.87259816914e-05
        dvar2: 9.25925050979e-05
        max: 0.1416015625
        mean: 0.0736115127802
        min: 0.0166015625
        var: 0.000632537878118
    barkbands:
        dmean: [2.90779922807e-07, 4.52189415228e-05, 0.000127494946355, 0.00021808463498, 0.000721516902559, 0.000222567818128, 0.000105000086478, 9.36631986406e-05, 7.52655687393e-05, 4.64383556391e-05, 3.12959309667e-05, 3.84484628739e-05, 5.15391948284e-05, 3.02338958136e-05, 4.24650243076e-05, 7.16236027074e-05, 7.86595846876e-05, 0.000205599426408, 0.000142885590321, 0.000116941009765, 8.27738258522e-05, 2.39705132117e-05, 5.92638343733e-06, 3.75312311007e-06, 1.55709312821e-06, 3.36747859819e-07, 7.64298513367e-10]
        dmean2: [3.08786667347e-07, 6.80848243064e-05, 0.000234909588471, 0.000394066533772, 0.00122121348977, 0.000365625863196, 0.000151079351781, 0.000150428182678, 0.000130449756398, 8.11688805697e-05, 4.67252029921e-05, 6.11877476331e-05, 8.1565718574e-05, 5.19753557455e-05, 6.73460963299e-05, 0.000110226566903, 0.00013098778436, 0.000334446085617, 0.000227879965678, 0.000197370900423, 0.000129900829052, 3.75684358005e-05, 8.69828818395e-06, 5.6209014474e-06, 2.11225960811e-06, 5.16609020451e-07, 1.13783671374e-09]
        dvar: [1.84604623797e-13, 7.79828912556e-09, 9.24965277704e-08, 1.74854193347e-07, 1.60720776421e-06, 1.12921881623e-07, 1.41981164603e-08, 5.40077316202e-08, 2.53887542101e-08, 1.39941862543e-08, 2.54594034743e-09, 3.21886717281e-09, 5.20454968012e-09, 2.73429456854e-09, 3.03297231774e-09, 1.0182184873e-08, 4.04564843848e-08, 7.69384271848e-08, 6.29827425769e-08, 7.5425575119e-08, 2.02799750326e-08, 1.57772772624e-09, 8.47489023403e-11, 3.49881443262e-11, 4.93858903425e-12, 3.6127009587e-13, 8.00523807415e-18]
        dvar2: [1.90629494612e-13, 1.84718746965e-08, 2.64230720859e-07, 4.92574429245e-07, 4.22422181146e-06, 2.88708548624e-07, 3.00912290641e-08, 1.39435172741e-07, 7.26771673953e-08, 3.77755924319e-08, 5.32404786924e-09, 7.44517247853e-09, 1.21238175055e-08, 7.2239716431e-09, 6.83815271074e-09, 2.28799894586e-08, 1.11376913026e-07, 1.94913013729e-07, 1.61493559858e-07, 2.08643612609e-07, 4.96137033679e-08, 3.74845443574e-09, 1.79171913417e-10, 8.6139893829e-11, 1.03452229422e-11, 8.86881822322e-13, 9.27174506338e-18]
        max: [3.36227253683e-06, 0.000645721564069, 0.00187454384286, 0.00328635657206, 0.011611009948, 0.00295373704284, 0.00151871191338, 0.00290547823533, 0.00156913162209, 0.00116741063539, 0.00074401544407, 0.000484385265736, 0.000592743745074, 0.000424634403316, 0.000576819176786, 0.00145152781624, 0.00249686092138, 0.00261170836166, 0.00190088269301, 0.00287659117021, 0.00111044570804, 0.000338221259881, 6.66282212478e-05, 4.95893218613e-05, 1.6621517716e-05, 4.62837169835e-06, 5.54073373848e-08]
        mean: [8.83802158569e-07, 5.40848741366e-05, 0.00010761548765, 0.00025774812093, 0.00112191669177, 0.000418124865973, 0.0002807440178, 0.000130980624817, 0.000101083598565, 5.24783717992e-05, 5.85002635489e-05, 6.08974551142e-05, 7.75400039856e-05, 4.7917743359e-05, 6.69372966513e-05, 0.000123910664115, 0.000106574356323, 0.000325478700688, 0.000207527700695, 0.000150305175339, 0.000101042765891, 3.11348230753e-05, 8.16777719592e-06, 4.9566706366e-06, 2.2609399366e-06, 4.22940047429e-07, 9.28896348729e-10]
        min: [1.37451341975e-10, 2.7171823902e-08, 1.41499413076e-07, 1.41465284287e-06, 5.23911876371e-06, 1.81834366231e-05, 6.97036739439e-06, 1.15804925827e-06, 5.66645667277e-06, 5.30555723799e-07, 9.38001903705e-07, 6.19338209162e-07, 1.54682459197e-06, 7.84836288403e-07, 3.61145318095e-08, 9.43406575971e-07, 5.86126134294e-07, 8.37366201267e-07, 1.54746055614e-06, 1.3405538084e-06, 8.7935710269e-08, 3.06547285334e-08, 1.44248728517e-08, 6.53535048301e-09, 3.00770008899e-09, 6.77770173318e-10, 1.81249269066e-11]
        var: [1.17762982525e-12, 9.75323199981e-09, 6.93258925821e-08, 1.77863825002e-07, 1.614764642e-06, 1.54374461658e-07, 6.70909585665e-08, 8.94540477248e-08, 2.07659525131e-08, 1.24018137981e-08, 8.64832738756e-09, 5.75957548321e-09, 8.18022005689e-09, 4.78737449683e-09, 5.58365220726e-09, 2.19168452276e-08, 3.58158942504e-08, 1.11204556674e-07, 8.33909368225e-08, 6.77364297985e-08, 2.42002027306e-08, 2.06818451254e-09, 1.35837979753e-10, 4.71666629365e-11, 9.28468673472e-12, 3.72335354822e-13, 8.35089782698e-18]
    mfcc:
        mean: [-725.711303711, 111.711402893, -37.1947975159, 44.6701622009, -9.07342433929, -13.1888284683, -12.2033758163, -13.0311431885, -20.7236232758, -13.571187973, -9.79536628723, -4.92361593246, -7.5254573822]
        cov: [[2150.77099609, -875.763366699, 98.9395523071, 219.613510132, -145.619033813, 104.468025208, 127.83165741, -6.71741819382, 229.745941162, 62.4001464844, 91.2945404053, 25.2225933075, -89.9718933105], [-875.763366699, 803.226623535, -176.629226685, -103.199028015, 35.3129501343, -113.315917969, -49.2995147705, 31.2609710693, -97.3426055908, 5.51362228394, -30.4672698975, 5.41878652573, 37.0919876099], [98.9395523071, -176.629226685, 339.110778809, 93.8751449585, 80.2436752319, 130.183059692, 50.6599235535, 53.3820915222, 66.494720459, 46.2293014526, 45.4936332703, 38.1078720093, 18.8644447327], [219.613510132, -103.199028015, 93.8751449585, 169.077651978, 86.8241729736, 72.9302749634, 55.4457969666, 43.2207183838, 67.0939178467, 54.2366371155, 40.3417320251, 36.882648468, 15.05727005], [-145.619033813, 35.3129501343, 80.2436752319, 86.8241729736, 177.149124146, 91.6294021606, 24.5328063965, 55.7151565552, 34.8140487671, 53.6740036011, 34.1069068909, 42.4145851135, 42.5548286438], [104.468025208, -113.315917969, 130.183059692, 72.9302749634, 91.6294021606, 150.967681885, 60.9814987183, 41.3644561768, 56.5185852051, 49.6124038696, 49.7359695435, 42.6914710999, 25.0906486511], [127.83165741, -49.2995147705, 50.6599235535, 55.4457969666, 24.5328063965, 60.9814987183, 93.99974823, 47.6941833496, 49.4402618408, 38.1896820068, 43.3350982666, 36.4565505981, 17.6109676361], [-6.71741819382, 31.2609710693, 53.3820915222, 43.2207183838, 55.7151565552, 41.3644561768, 47.6941833496, 106.526832581, 48.6833839417, 36.9620018005, 34.1880149841, 42.1982154846, 15.5861558914], [229.745941162, -97.3426055908, 66.494720459, 67.0939178467, 34.8140487671, 56.5185852051, 49.4402618408, 48.6833839417, 116.20450592, 54.4905166626, 40.1069831848, 34.7254600525, 10.6502838135], [62.4001464844, 5.51362228394, 46.2293014526, 54.2366371155, 53.6740036011, 49.6124038696, 38.1896820068, 36.9620018005, 54.4905166626, 84.9728088379, 50.9138679504, 31.2348251343, 21.7271099091], [91.2945404053, -30.4672698975, 45.4936332703, 40.3417320251, 34.1069068909, 49.7359695435, 43.3350982666, 34.1880149841, 40.1069831848, 50.9138679504, 85.7716674805, 51.8056488037, 18.5891780853], [25.2225933075, 5.41878652573, 38.1078720093, 36.882648468, 42.4145851135, 42.6914710999, 36.4565505981, 42.1982154846, 34.7254600525, 31.2348251343, 51.8056488037, 88.2941055298, 35.5730819702], [-89.9718933105, 37.0919876099, 18.8644447327, 15.05727005, 42.5548286438, 25.0906486511, 17.6109676361, 15.5861558914, 10.6502838135, 21.7271099091, 18.5891780853, 35.5730819702, 69.2620239258]]
        icov: [[0.00144658086356, 0.00113990099635, 0.000673834525514, -0.00161306012888, 0.00197042361833, -0.000420621247031, -3.36648881785e-05, 0.000160838739248, -0.00140790827572, -0.000549336487893, -0.000330038979882, -0.000375712610548, 0.00102027552202], [0.00113990099635, 0.00312244566157, 0.00110937224235, 4.00014469051e-05, 0.000123320292914, 0.00151478487533, -0.000257951032836, -0.00129998580087, 0.000838666397613, -0.00261383363977, 0.000722724478692, -0.00100421032403, 0.000244117749389], [0.000673834525514, 0.00110937224235, 0.00519872549921, -0.00181973527651, 0.00139440631028, -0.00382887246087, 0.00136911671143, -0.00159104785416, -0.000604954897426, -0.000333128409693, -0.000199454210815, 0.000106111932837, -2.34813501265e-06], [-0.00161306012888, 4.00014469051e-05, -0.00181973527651, 0.0138307483867, -0.00814992003143, 0.00312338187359, -0.00477386638522, 0.00113864731975, -0.000555402191821, -0.00211084191687, 0.00148964801338, -0.00105125713162, 0.00109324033838], [0.00197042361833, 0.000123320292914, 0.00139440631028, -0.00814992003143, 0.0175732150674, -0.00925400760025, 0.00692637357861, -0.00444151461124, 2.45794376497e-06, -0.00324519956484, 0.000507068703882, -0.000299038714729, -0.00328573049046], [-0.000420621247031, 0.00151478487533, -0.00382887246087, 0.00312338187359, -0.00925400760025, 0.0192752685398, -0.0081362882629, 0.00262787449174, -0.000386458414141, -0.00124318129383, -0.00133297184948, -0.00128556694835, 0.000654178438708], [-3.36648881785e-05, -0.000257951032836, 0.00136911671143, -0.00477386638522, 0.00692637357861, -0.0081362882629, 0.0228392854333, -0.00695025036111, -0.00124851439614, -0.000665439118166, -0.00377246388234, 0.000287528149784, -0.00352651416324], [0.000160838739248, -0.00129998580087, -0.00159104785416, 0.00113864731975, -0.00444151461124, 0.00262787449174, -0.00695025036111, 0.017708171159, -0.00493167387322, 0.000552507233806, 0.000145105557749, -0.00417179288343, 0.00333885638975], [-0.00140790827572, 0.000838666397613, -0.000604954897426, -0.000555402191821, 2.45794376497e-06, -0.000386458414141, -0.00124851439614, -0.00493167387322, 0.0192640405148, -0.00840659346431, 0.00246761506423, -0.00199048873037, -0.00039183604531], [-0.000549336487893, -0.00261383363977, -0.000333128409693, -0.00211084191687, -0.00324519956484, -0.00124318129383, -0.000665439118166, 0.000552507233806, -0.00840659346431, 0.0284977462143, -0.0126262670383, 0.0054997401312, -0.0033579422161], [-0.000330038979882, 0.000722724478692, -0.000199454210815, 0.00148964801338, 0.000507068703882, -0.00133297184948, -0.00377246388234, 0.000145105557749, 0.00246761506423, -0.0126262670383, 0.0271675847471, -0.0120435990393, 0.00248807948083], [-0.000375712610548, -0.00100421032403, 0.000106111932837, -0.00105125713162, -0.000299038714729, -0.00128556694835, 0.000287528149784, -0.00417179288343, -0.00199048873037, 0.0054997401312, -0.0120435990393, 0.0239457152784, -0.00872086454183], [0.00102027552202, 0.000244117749389, -2.34813501265e-06, 0.00109324033838, -0.00328573049046, 0.000654178438708, -0.00352651416324, 0.00333885638975, -0.00039183604531, -0.0033579422161, 0.00248807948083, -0.00872086454183, 0.0222475156188]]
    spectral_contrast:
        mean: [1.59712101322e-07, 2.07440763234e-07, 3.49053664195e-07, 2.49758670634e-07, -1.29058406628e-07, -2.0706045234e-07, -3.34774824751e-07, 2.75256610394e-07, 2.43162048719e-06, 5.30436409463e-06, 1.15779607768e-06, 2.93680795949e-06]
        var: [0.000295004429063, 0.000730030238628, 0.00135690206662, 0.00191175076179, 0.00275867246091, 0.00479765236378, 0.038798045367, 0.0673786997795, 0.101436048746, 0.232239633799, 0.802039146423, 1.66465079784]

rhythm:
    beats_loudness:
        dmean: 0.00262907403521
        dmean2: 0.00462487200275
        dvar: 4.87173701913e-06
        dvar2: 1.29733680296e-05
        max: 0.00997075624764
        mean: 0.00558910798281
        min: 0.00130701216403
        var: 7.10126823833e-06
    beats_loudness_bass:
        dmean: 0.101200960577
        dmean2: 0.195274427533
        dvar: 0.00969267450273
        dvar2: 0.0267638377845
        max: 0.358918130398
        mean: 0.12495431304
        min: 0.00137976370752
        var: 0.0129830054939
    bpm: 130.819747925
    bpm_confidence: 0
    first_peak_bpm: 131
    first_peak_spread: 0
    first_peak_weight: 0.949999988079
    onset_rate: 4.79764986038
    second_peak_bpm: 83
    second_peak_spread: 0
    second_peak_weight: 0.0500000007451
    beats_position: [0.203417629004, 0.662269353867, 1.12112104893, 1.57997274399, 2.03882431984, 2.49767613411, 2.95652770996, 3.41537928581, 3.87423110008, 4.33308267593, 4.7919344902, 5.25078630447, 5.96941661835, 6.42775344849, 6.88608980179, 7.34442663193, 7.80276298523, 8.26109981537, 8.71943569183, 9.1777715683, 9.63610839844]
    bpm_estimates: [130.640777588, 130.922744751, 130.886581421, 130.949508667, 130.8800354, 130.375152588, 129.834915161, 130.956451416, 130.928665161, 130.934539795, 131.073806763, 130.819030762, 131.086212158, 130.87677002, 132.069915771, 130.596847534, 130.610656738, 130.312683105]
    bpm_intervals: [0.458851724863, 0.458851695061, 0.458851695061, 0.458851575851, 0.45885181427, 0.458851575851, 0.458851575851, 0.45885181427, 0.458851575851, 0.45885181427, 0.45885181427, 0.718630313873, 0.458336830139, 0.458336353302, 0.458336830139, 0.458336353302, 0.458336830139, 0.458335876465, 0.458335876465, 0.458336830139]
    onset_times: [0.0464399084449, 0.197369620204, 0.417959183455, 0.661768734455, 0.824308395386, 0.882358253002, 1.11455786228, 1.33514738083, 1.47446715832, 1.59056687355, 1.78793644905, 2.04335594177, 2.27555561066, 2.40326523781, 2.50775504112, 2.9837641716, 3.32045340538, 3.45977330208, 3.66875290871, 3.88934230804, 4.12154197693, 4.35374164581, 4.58594083786, 4.81814050674, 5.06195020676, 5.1780500412, 5.29414987564, 5.50312948227, 5.74693870544, 5.9675283432, 6.21133804321, 6.43192720413, 6.65251684189, 7.01242637634, 7.14013624191, 7.34911584854, 7.59292507172, 7.8251247406, 8.05732440948, 8.27791404724, 8.498503685, 8.77714252472, 8.85841274261, 8.98612213135, 9.19510173798, 9.42730140686, 9.65950107574, 9.91492080688]
    rubato_start: []
    rubato_stop: []
    perceptual_tempo: "unknown"

sfx:
    inharmonicity:
        dmean: 0.0418970808387
        dmean2: 0.0756027027965
        dvar: 0.00293565774336
        dvar2: 0.00840939674526
        max: 0.355169773102
        mean: 0.0379031784832
        min: 7.09426149115e-06
        var: 0.00274811522104
    oddtoevenharmonicenergyratio:
        dmean: 3.06468629837
        dmean2: 5.94237518311
        dvar: 146.619415283
        dvar2: 431.748352051
        max: 143.061706543
        mean: 1.82056772709
        min: 0.000203871735721
        var: 77.1142425537
    pitch_after_max_to_before_max_energy_ratio: 0.307808190584
    pitch_centroid: 182.555374146
    pitch_max_to_total: 0.593967497349
    pitch_min_to_total: 0.800464034081
    tristimulus:
        dmean: [0.231497764587, 0.227662563324, 0.111152470112]
        dmean2: [0.409332156181, 0.401369422674, 0.188918620348]
        dvar: [0.0418484695256, 0.0397661738098, 0.0101801520213]
        dvar2: [0.117880105972, 0.117270372808, 0.0285044852644]
        max: [0.97698366642, 0.97473692894, 0.696869254112]
        mean: [0.478764265776, 0.369682163, 0.12147551775]
        min: [0.00278062443249, 0, 0]
        var: [0.0631019622087, 0.0535040982068, 0.0142999757081]

tonal:
    chords_changes_rate: 0.0599078349769
    chords_number_rate: 0.0322580635548
    chords_strength:
        dmean: 0.00583460740745
        dmean2: 0.00543044367805
        dvar: 1.96946184587e-05
        dvar2: 2.51000892604e-05
        max: 0.645157873631
        mean: 0.505164384842
        min: 0.386408150196
        var: 0.00383265782148
    key_strength: 0.743568837643
    tuning_diatonic_strength: 0.521947920322
    tuning_equal_tempered_deviation: 0.0531308688223
    tuning_frequency: 453.154663086
    tuning_nontempered_energy_ratio: 0.644844055176
    hpcp:
        dmean: [0.228375837207, 0.210885390639, 0.155610904098, 0.105326406658, 0.069742642343, 0.0976330265403, 0.107755504549, 0.0805352553725, 0.0916956365108, 0.103593155742, 0.0915685147047, 0.0857089906931, 0.0943558514118, 0.094069480896, 0.122528605163, 0.139636605978, 0.0992943421006, 0.0547608360648, 0.0460977330804, 0.0476933456957, 0.114349469543, 0.158763319254, 0.128038570285, 0.116282053292, 0.102214850485, 0.0761916264892, 0.0557738132775, 0.0869177877903, 0.0894060581923, 0.112838573754, 0.129715785384, 0.0855809673667, 0.0563417747617, 0.0797226056457, 0.10805221647, 0.196280866861]
        dmean2: [0.398914247751, 0.3634301126, 0.28946557641, 0.197599470615, 0.123847156763, 0.159641176462, 0.170927643776, 0.13998490572, 0.148242920637, 0.171437501907, 0.161908209324, 0.149275094271, 0.163318172097, 0.156890571117, 0.197677776217, 0.229682102799, 0.171283826232, 0.0957802608609, 0.0846921950579, 0.0838159099221, 0.186738535762, 0.261409163475, 0.21404491365, 0.191950544715, 0.173289477825, 0.139141157269, 0.0961319431663, 0.14706709981, 0.150385394692, 0.187903508544, 0.225188031793, 0.147876247764, 0.0984327569604, 0.147691577673, 0.197730079293, 0.33712682128]
        dvar: [0.0750855132937, 0.0519861169159, 0.0706744417548, 0.0477276593447, 0.0212768148631, 0.0240378659219, 0.0262495968491, 0.0143728116527, 0.0222331546247, 0.0315485075116, 0.0229366496205, 0.0184538215399, 0.020772818476, 0.0203955024481, 0.0298338253051, 0.0316718220711, 0.0228842943907, 0.0131848240271, 0.0124969892204, 0.00586066022515, 0.0180668272078, 0.0373317636549, 0.0185251850635, 0.0286721419543, 0.0288421399891, 0.0151662230492, 0.00432919897139, 0.0137938037515, 0.0142868831754, 0.0205725170672, 0.0346999764442, 0.0171589236706, 0.0145635558292, 0.0226062927395, 0.0263951588422, 0.036916397512]
        dvar2: [0.196073949337, 0.146323174238, 0.179067671299, 0.13277760148, 0.0684360638261, 0.0663081407547, 0.0647630691528, 0.0393418595195, 0.0495617501438, 0.067212626338, 0.0645137950778, 0.0475021228194, 0.0521853528917, 0.0558437481523, 0.0732672661543, 0.0790614709258, 0.0642964616418, 0.031259842217, 0.0361352004111, 0.0173647645861, 0.0476580969989, 0.0956116691232, 0.0477707348764, 0.0718402788043, 0.0727730616927, 0.0434649698436, 0.0105446651578, 0.0353364422917, 0.0341955013573, 0.0522813871503, 0.0850578546524, 0.044922824949, 0.0417442023754, 0.0652254298329, 0.0773274898529, 0.109275437891]
        max: [1, 1, 1, 1, 1, 1, 1, 0.826646566391, 1, 1, 1, 1, 1, 1, 1, 1, 1, 0.748403668404, 0.773304462433, 0.567195951939, 1, 1, 1, 1, 1, 0.982428848743, 0.513109743595, 0.817649185658, 1, 0.908768057823, 1, 0.872428357601, 1, 0.941725075245, 0.911736786366, 1]
        mean: [0.602508187294, 0.352965176105, 0.122891485691, 0.0804448053241, 0.0672257319093, 0.129765599966, 0.162187024951, 0.111456409097, 0.134404361248, 0.17015747726, 0.111112013459, 0.0885480567813, 0.101437054574, 0.106637850404, 0.218436479568, 0.273686975241, 0.139868721366, 0.0483141504228, 0.0386116169393, 0.051232162863, 0.194667637348, 0.293530911207, 0.192028537393, 0.206454575062, 0.235526055098, 0.114068828523, 0.0830397903919, 0.122568294406, 0.116429954767, 0.196147352457, 0.236049979925, 0.117929838598, 0.0605236254632, 0.076215736568, 0.103147111833, 0.379970818758]
        min: [0.00864066649228, 0.00812822859734, 0.000621826562565, 0.00061370106414, 0.000540532986633, 0.00329885608517, 0.0015092556132, 0.00155391043518, 0.000889484595973, 0.00076135143172, 0.000949101464357, 0.00136618129909, 0.00184076908045, 0.0011763125658, 0.00136281258892, 0.00108978198841, 0.00127630343195, 0.000420336786192, 0.000588901399169, 0.00066680641612, 0.00221054907888, 0.00343299121596, 0.00618936633691, 0.00144752615597, 0.000928312016185, 0.000843156944029, 0.00258182710968, 0.0029090475291, 0.00229296786711, 0.00230734026991, 0.0022074081935, 0.000701547192875, 0.000661074125674, 0.000465468707262, 0.00141790334601, 0.00460964115337]
        var: [0.140456810594, 0.066393442452, 0.0538890510798, 0.0302140600979, 0.0147536844015, 0.0301063600928, 0.0459314100444, 0.0227462816983, 0.0393858738244, 0.0645735040307, 0.0243670679629, 0.0155675271526, 0.0205786041915, 0.0221002046019, 0.0629059523344, 0.0943560898304, 0.0328860320151, 0.010165411979, 0.00740338722244, 0.00480439001694, 0.0433499254286, 0.0826960429549, 0.0261940974742, 0.0724479705095, 0.112592570484, 0.0238036010414, 0.00752203864977, 0.0208175443113, 0.018766194582, 0.0558528900146, 0.0919775888324, 0.0256154891104, 0.0105130104348, 0.0157719980925, 0.0207246411592, 0.0583860054612]
    chords_histogram: [17.0506916046, 9.21658992767, 35.48387146, 0, 0, 21.6589870453, 0, 9.21658992767, 3.22580647469, 4.14746522903, 0, 0, 0, 0, 0, 0, 0, 0, 0, 0, 0, 0, 0, 0]
    thpcp: [1, 0.585826337337, 0.203966498375, 0.133516535163, 0.111576460302, 0.21537566185, 0.26918643713, 0.184987381101, 0.223074749112, 0.282415211201, 0.184415772557, 0.14696572721, 0.16835796833, 0.176989883184, 0.362545251846, 0.454246073961, 0.232144102454, 0.0801883712411, 0.0640847980976, 0.0850314795971, 0.323095411062, 0.487181603909, 0.318715244532, 0.342658549547, 0.390909314156, 0.189323291183, 0.13782350719, 0.203430086374, 0.193242117763, 0.325551360846, 0.391778886318, 0.195731505752, 0.100452788174, 0.12649743259, 0.171196192503, 0.630648374557]
    chords_key: "A"
    chords_scale: "minor"
    key_key: "D"
    key_scale: "minor"
    chords_progression: ["F#m", "F#m", "F#m", "F#m", "G", "F#m", "F#m", "F#m", "G", "G", "G", "G", "G", "G", "G", "G", "G", "G", "G", "G", "G", "G", "G", "G", "G", "G", "G", "G", "G", "G", "G", "G", "G", "G", "G", "G", "G", "G", "G", "G", "G", "G", "G", "G", "G", "G", "G", "G", "G", "G", "G", "G", "G", "D", "G", "D", "D", "D", "D", "D", "D", "D", "D", "D", "D", "D", "D", "D", "D", "D", "D", "D", "D", "D", "Dm", "Dm", "Dm", "Dm", "Dm", "Dm", "Dm", "Dm", "Dm", "Dm", "Dm", "Dm", "Dm", "Dm", "Dm", "Dm", "Dm", "Dm", "Dm", "Dm", "Dm", "Dm", "Dm", "Dm", "Dm", "Dm", "Dm", "Dm", "Dm", "F", "F", "F", "F", "F", "F", "F", "F", "F", "F", "F", "F", "F", "F", "F", "F", "Dm", "Dm", "Dm", "Dm", "Dm", "Dm", "Dm", "Dm", "F", "F", "F", "F", "Am", "Am", "Am", "Am", "Am", "Am", "Am", "Am", "Am", "Am", "Am", "Am", "Am", "Am", "Am", "Am", "Am", "Am", "Am", "Am", "Am", "Am", "Am", "Am", "Am", "Am", "Am", "Am", "Am", "Am", "Am", "Am", "Am", "Am", "Am", "Am", "Am", "A", "A", "A", "A", "A", "A", "A", "A", "A", "Am", "Am", "Am", "Am", "Am", "Am", "Am", "Am", "Am", "Am", "Am", "Am", "Am", "Am", "Am", "Am", "Am", "Am", "Am", "Am", "Am", "Am", "Am", "Am", "Am", "Am", "Am", "Am", "Am", "Am", "Am", "Am", "Am", "Am", "Am", "Am", "Am", "Am", "Am", "Am"]
