
metadata:
    version:
        essentia: "1.2.2"
    audio_properties:
        analysis_sample_rate: 44100
        bitrate: 128
        channels: 2
        equal_loudness: 1
        length: 10.0048980713
        replay_gain: 1.09194374084
        downmix: "mix"
    tags:
        track: 34
        year: 0
        album: "Splitted by Mp3Splt v. 2.1"
        artist: "From 005.30 To 005.40"
        comment: "http://mp3splt.sf.net"
        genre: ""
        title: "16 Dulcinea (Reprise)-The Impo"

highlevel:
    ballroom:
        all:
            ChaChaCha: 2.85437508865e-05
            Jive: 1.92622683244e-05
            Quickstep: 0.000149383413373
            Rumba-American: 0.00119878444821
            Rumba-International: 0.015786094591
            Rumba-Misc: 0.0147412866354
            Samba: 3.52699753421e-05
            Tango: 0.00160259893164
            VienneseWaltz: 0.0291921310127
            Waltz: 0.937246620655
        probability: 0.937246620655
        value: "Waltz"
    culture:
        all:
            non_western: 0.541229069233
            western: 0.458770930767
        probability: 0.541229069233
        value: "non_western"
    gender:
        all:
            female: 0.624644577503
            male: 0.375355422497
        probability: 0.624644577503
        value: "female"
    genre_dortmund:
        all:
            alternative: 0.0260894689709
            blues: 0.0107615385205
            electronic: 0.0756060779095
            folkcountry: 0.163607284427
            funksoulrnb: 0.0207758340985
            jazz: 0.551961898804
            pop: 0.109937287867
            raphiphop: 0.00174360198434
            rock: 0.039516992867
        probability: 0.551961898804
        value: "jazz"
    genre_electronica:
        all:
            ambient: 0.996043503284
            dnb: 0.00023352826247
            house: 0.00117210100871
            techno: 0.000738561851904
            trance: 0.00181232218165
        probability: 0.996043503284
        value: "ambient"
    genre_rosamerica:
        all:
            cla: 0.309857189655
            dan: 0.00440206192434
            hip: 0.00345450127497
            jaz: 0.632202744484
            pop: 0.00823787413538
            rhy: 0.0264762528241
            roc: 0.010874168016
            spe: 0.00449520070106
        probability: 0.632202744484
        value: "jaz"
    genre_tzanetakis:
        all:
            blu: 0.0161409322172
            cla: 0.70752120018
            cou: 0.0125702200457
            dis: 0.0070675201714
            hip: 0.00575987994671
            jaz: 0.207527413964
            met: 0.00613716850057
            pop: 0.00845991633832
            reg: 0.0187847167253
            roc: 0.0100310537964
        probability: 0.70752120018
        value: "cla"
    live_studio:
        all:
            live: 0.524132907391
            studio: 0.475867092609
        probability: 0.524132907391
        value: "live"
    mood:
        all:
            Cluster1: 0.00236082426272
            Cluster2: 0.00719165802002
            Cluster3: 0.978278756142
            Cluster4: 0.0113115925342
            Cluster5: 0.00085719692288
        probability: 0.978278756142
        value: "Cluster3"
    mood_acoustic:
        all:
            acoustic: 0.565534174442
            not_acoustic: 0.43446585536
        probability: 0.565534174442
        value: "acoustic"
    mood_aggressive:
        all:
            aggressive: 0.00649944553152
            not_aggressive: 0.99350053072
        probability: 0.99350053072
        value: "not_aggressive"
    mood_electronic:
        all:
            electronic: 0.655013024807
            not_electronic: 0.344986975193
        probability: 0.655013024807
        value: "electronic"
    mood_happy:
        all:
            happy: 0.0250141378492
            not_happy: 0.974985837936
        probability: 0.974985837936
        value: "not_happy"
    mood_party:
        all:
            not_party: 0.991017460823
            party: 0.00898255221546
        probability: 0.991017460823
        value: "not_party"
    mood_relaxed:
        all:
            not_relaxed: 0.0174326747656
            relaxed: 0.982567310333
        probability: 0.982567310333
        value: "relaxed"
    mood_sad:
        all:
            not_sad: 0.0704329237342
            sad: 0.929567098618
        probability: 0.929567098618
        value: "sad"
    rhythm:
        all:
            fast: 0.012584593147
            medium: 0.221220806241
            slow: 0.766194581985
        probability: 0.766194581985
        value: "slow"
    speech_music:
        all:
            music: 0.975764989853
            speech: 0.0242350120097
        probability: 0.975764989853
        value: "music"
    timbre:
        all:
            bright: 0.163283035159
            dark: 0.83671694994
        probability: 0.83671694994
        value: "dark"
    voice_instrumental:
        all:
            instrumental: 0.933373451233
            voice: 0.0666265264153
        probability: 0.933373451233
        value: "instrumental"

lowlevel:
    average_loudness: 0.740171670914
    barkbands_kurtosis:
        dmean: 12.7824316025
        dmean2: 18.9766635895
        dvar: 809.503173828
        dvar2: 2012.26538086
        max: 434.723144531
        mean: 28.2914981842
        min: -0.502580881119
        var: 1935.1385498
    barkbands_skewness:
        dmean: 0.929571330547
        dmean2: 1.42397177219
        dvar: 1.24654948711
        dvar2: 2.72688269615
        max: 16.029050827
        mean: 3.7822561264
        min: 0.312826067209
        var: 5.13189172745
    barkbands_spread:
        dmean: 1.53246021271
        dmean2: 2.45296525955
        dvar: 8.08183765411
        dvar2: 21.1833457947
        max: 38.4458770752
        mean: 4.41261434555
        min: 0.157933220267
        var: 18.7232093811
    dissonance:
        dmean: 0.039916805923
        dmean2: 0.0675720870495
        dvar: 0.00133352249395
        dvar2: 0.00360259460285
        max: 0.496934980154
        mean: 0.343700796366
        min: 0.170667082071
        var: 0.00352322752587
    hfc:
        dmean: 0.351054251194
        dmean2: 0.540692925453
        dvar: 0.179982498288
        dvar2: 0.442045092583
        max: 6.34855222702
        mean: 1.4355802536
        min: 0.000523710565176
        var: 1.74932408333
    pitch:
        dmean: 33.1586036682
        dmean2: 62.1773300171
        dvar: 75055.2265625
        dvar2: 225062.90625
        max: 4009.09082031
        mean: 282.667755127
        min: 69.7784805298
        var: 39226.6445312
    pitch_instantaneous_confidence:
        dmean: 0.0495187044144
        dmean2: 0.0760756731033
        dvar: 0.0041942265816
        dvar2: 0.00942629296333
        max: 0.955478131771
        mean: 0.799296796322
        min: 0.27306842804
        var: 0.0212156772614
    pitch_salience:
        dmean: 0.068753041327
        dmean2: 0.107837893069
        dvar: 0.00345664238557
        dvar2: 0.00851611886173
        max: 0.744424521923
        mean: 0.390874296427
        min: 0.0824682563543
        var: 0.0161479506642
    silence_rate_20dB:
        dmean: 0
        dmean2: 0
        dvar: 0
        dvar2: 0
        max: 1
        mean: 1
        min: 1
        var: 0
    silence_rate_30dB:
        dmean: 0
        dmean2: 0
        dvar: 0
        dvar2: 0
        max: 1
        mean: 1
        min: 1
        var: 0
    silence_rate_60dB:
        dmean: 0.0929095372558
        dmean2: 0.186274513602
        dvar: 0.0842775851488
        dvar2: 0.190792024136
        max: 1
        mean: 0.595121979713
        min: 0
        var: 0.240952134132
    spectral_centroid:
        dmean: 45.9234085083
        dmean2: 74.1157226562
        dvar: 5026.54199219
        dvar2: 13306.5908203
        max: 1037.25463867
        mean: 404.700164795
        min: 148.45072937
        var: 11843.6796875
    spectral_complexity:
        dmean: 0.512953341007
        dmean2: 0.901298701763
        dvar: 0.425998151302
        dvar2: 0.821424543858
        max: 10
        mean: 3.61240315437
        min: 0
        var: 5.42082881927
    spectral_crest:
        dmean: 2.83903479576
        dmean2: 4.55342483521
        dvar: 6.08043146133
        dvar2: 14.1758260727
        max: 26.6023921967
        mean: 17.7434196472
        min: 6.97632884979
        var: 20.7823181152
    spectral_decrease:
        dmean: 2.44554071438e-10
        dmean2: 3.71165737034e-10
        dvar: 8.48948645854e-20
        dvar2: 1.85575967098e-19
        max: -1.30969725082e-13
        mean: -8.79081363259e-10
        min: -3.9474539193e-09
        var: 5.52387749244e-19
    spectral_energy:
        dmean: 0.000953526468948
        dmean2: 0.00144685921259
        dvar: 1.28738065541e-06
        dvar2: 2.824003559e-06
        max: 0.015474437736
        mean: 0.00344806211069
        min: 5.41812198662e-07
        var: 8.54128666106e-06
    spectral_energyband_high:
        dmean: 7.86007831266e-07
        dmean2: 1.16765750136e-06
        dvar: 4.15705837808e-12
        dvar2: 9.68028348453e-12
        max: 1.91118397197e-05
        mean: 1.50247001329e-06
        min: 3.73440052215e-08
        var: 1.02525219217e-11
    spectral_energyband_low:
        dmean: 3.37848450727e-06
        dmean2: 5.0531011766e-06
        dvar: 3.31475610849e-11
        dvar2: 6.91030219158e-11
        max: 0.00011977563554
        mean: 2.34786348301e-05
        min: 3.13166594879e-08
        var: 1.07282660533e-09
    spectral_energyband_middle_high:
        dmean: 2.82463606709e-05
        dmean2: 4.5911376219e-05
        dvar: 1.70999259197e-09
        dvar2: 5.18587484066e-09
        max: 0.000636679353192
        mean: 0.000118192307127
        min: 5.3973959524e-08
        var: 1.91999234289e-08
    spectral_energyband_middle_low:
        dmean: 0.000951989088207
        dmean2: 0.00144998403266
        dvar: 1.30532112053e-06
        dvar2: 2.87178568215e-06
        max: 0.0148916523904
        mean: 0.00330488616601
        min: 2.44851094067e-07
        var: 7.91933143773e-06
    spectral_flatness_db:
        dmean: 0.0253227353096
        dmean2: 0.0385116972029
        dvar: 0.000524668081198
        dvar2: 0.00115031888708
        max: 0.479735791683
        mean: 0.339375585318
        min: 0.095169134438
        var: 0.00305924052373
    spectral_flux:
        dmean: 0.00745996274054
        dmean2: 0.012755818665
        dvar: 5.50511394977e-05
        dvar2: 0.000152188236825
        max: 0.0655678063631
        mean: 0.0179779827595
        min: 0.000748249818571
        var: 0.000133428882691
    spectral_kurtosis:
        dmean: 8.17201328278
        dmean2: 13.9739789963
        dvar: 43.6419868469
        dvar2: 132.234649658
        max: 64.1099700928
        mean: 27.4917240143
        min: 1.20498895645
        var: 132.432662964
    spectral_rms:
        dmean: 0.000248259282671
        dmean2: 0.000372380833142
        dvar: 5.43622427074e-08
        dvar2: 1.16946573314e-07
        max: 0.00388548756018
        mean: 0.00163765065372
        min: 2.29912438954e-05
        var: 6.82064751345e-07
    spectral_rolloff:
        dmean: 123.508903503
        dmean2: 227.021102905
        dvar: 103318.289062
        dvar2: 293082.1875
        max: 3057.71484375
        mean: 503.388122559
        min: 129.19921875
        var: 93824.6796875
    spectral_skewness:
        dmean: 0.574597835541
        dmean2: 0.966673433781
        dvar: 0.191574603319
        dvar2: 0.563099861145
        max: 6.96523284912
        mean: 4.02586364746
        min: 1.17801511288
        var: 0.857524216175
    spectral_spread:
        dmean: 349979.53125
        dmean2: 559355.875
        dvar: 216732991488
        dvar2: 417468645376
        max: 10329100
        mean: 2439773.5
        min: 1227618.625
        var: 1.45487468954e+12
    spectral_strongpeak:
        dmean: 0.135338664055
        dmean2: 0.211236983538
        dvar: 0.0239350907505
        dvar2: 0.0569897592068
        max: 1.55231165886
        mean: 0.538616895676
        min: 0.00430961884558
        var: 0.120391242206
    zerocrossingrate:
        dmean: 0.00303721055388
        dmean2: 0.00394937116653
        dvar: 1.45622379932e-05
        dvar2: 2.41880370595e-05
        max: 0.078125
        mean: 0.0209380555898
        min: 0.0078125
        var: 6.93266629241e-05
    barkbands:
        dmean: [1.84465367425e-08, 9.7073325378e-07, 2.90268644676e-06, 7.35694993637e-06, 0.000322305655573, 0.00058966682991, 7.65835357015e-05, 0.000249999837251, 0.000119931966765, 8.94640197657e-06, 9.69633674686e-06, 7.10805488779e-06, 2.90226512334e-06, 3.77650280825e-06, 8.24860933335e-07, 4.66862957182e-07, 2.34541721511e-06, 1.83280208148e-05, 1.3879347307e-06, 8.9178087137e-07, 2.01463123517e-07, 2.17511946232e-08, 1.19089991202e-08, 1.74880132597e-09, 1.73085856758e-09, 2.09889314262e-10, 1.81770543062e-10]
        dmean2: [2.13629824941e-08, 1.60416414019e-06, 4.25443340646e-06, 1.18810830827e-05, 0.000451604457339, 0.000867834256496, 0.000100394485344, 0.000396745133912, 0.000175353765371, 1.11286753963e-05, 1.54606132128e-05, 9.96124890662e-06, 4.79891150462e-06, 5.22545178683e-06, 1.36540836593e-06, 7.63293996897e-07, 3.44642944583e-06, 3.08315247821e-05, 2.20926835937e-06, 1.35415098157e-06, 3.19169430441e-07, 3.38609424944e-08, 1.93735356646e-08, 2.9709299465e-09, 2.99589353325e-09, 3.34314020911e-10, 2.93395835405e-10]
        dvar: [8.18770574886e-14, 1.25567470918e-12, 2.78996097058e-11, 7.91336329797e-10, 2.24669491899e-07, 1.00956469851e-06, 3.57598999301e-08, 2.44563977958e-07, 6.50168843208e-08, 2.63005534018e-10, 1.53594248431e-10, 1.42241218803e-10, 6.85905776621e-11, 7.54287257654e-11, 1.47675437417e-12, 4.51257873299e-13, 2.05126297892e-11, 1.48959267143e-09, 5.77885742731e-12, 3.25260825218e-12, 4.01529151725e-13, 1.08589179146e-15, 3.12398800549e-16, 4.47954863081e-18, 8.09440152674e-18, 9.17310729085e-19, 1.00755840866e-18]
        dvar2: [8.20790240245e-14, 3.12626335409e-12, 5.6485687655e-11, 1.94306726264e-09, 4.99107272844e-07, 2.13385192183e-06, 6.32868477624e-08, 6.71837483424e-07, 1.60633547353e-07, 4.05487698973e-10, 4.26579160884e-10, 2.79894163402e-10, 1.91580626363e-10, 1.20361456912e-10, 4.12127970639e-12, 1.20435725195e-12, 4.69556997451e-11, 4.63476323986e-09, 1.43038792616e-11, 7.51991004189e-12, 9.63478212143e-13, 2.18122651797e-15, 7.44184353914e-16, 1.13485011052e-17, 1.97449252987e-17, 9.87093236523e-19, 1.07212223361e-18]
        max: [5.63362664252e-06, 2.67550858553e-05, 9.61839323281e-05, 0.000506361306179, 0.00541791273281, 0.0115944733843, 0.00207035453059, 0.0056850258261, 0.00240529188886, 0.000206130323932, 0.000109024236735, 0.000122222234495, 8.67279377417e-05, 0.000117612078611, 9.27606652112e-06, 7.44272165321e-06, 5.07901422679e-05, 0.000500270281918, 2.11446658795e-05, 1.80971292139e-05, 6.75171168041e-06, 5.18155104601e-07, 2.3203749322e-07, 2.20512177407e-08, 4.44626699903e-08, 1.89435382936e-08, 1.96217229131e-08]
        mean: [2.33457093657e-08, 6.61602234686e-06, 1.68473652593e-05, 2.88641167572e-05, 0.000766790355556, 0.00169026560616, 0.000138679708471, 0.000457175221527, 0.00021792606276, 2.09964873648e-05, 1.70060902747e-05, 1.29573309096e-05, 5.29330191057e-06, 8.51117329148e-06, 1.3599221802e-06, 9.46137390656e-07, 4.27219720223e-06, 4.90135571454e-05, 2.44360012402e-06, 1.65883409409e-06, 3.24512285488e-07, 5.49649996628e-08, 3.11844132739e-08, 5.86785597889e-09, 6.16273787557e-09, 4.56202631227e-10, 1.64482608089e-10]
        min: [9.08179607906e-12, 6.47475495441e-09, 5.29665600268e-09, 4.11911038611e-09, 7.19670936178e-08, 5.50004628508e-08, 1.82357950962e-08, 9.598441153e-09, 2.76544431799e-09, 1.99816962976e-09, 9.27134757855e-10, 1.20293475181e-09, 1.29019817052e-09, 1.61545976596e-09, 1.15127130051e-09, 2.09597428302e-09, 3.88088494674e-09, 6.95525859129e-09, 1.29106636493e-08, 1.35924214106e-08, 1.11430749072e-08, 4.64621763285e-09, 1.90550397683e-09, 1.42862099928e-09, 1.68684599622e-09, 9.67648738914e-11, 4.52946317606e-12]
        var: [8.1718316738e-14, 4.38524112856e-11, 7.1007016933e-10, 2.30624785935e-09, 8.37719369429e-07, 5.20942239746e-06, 6.78707223756e-08, 6.80360471961e-07, 1.77350088393e-07, 1.28293942137e-09, 3.87560261661e-10, 4.45317283049e-10, 1.60031154994e-10, 2.98000624177e-10, 2.75708102182e-12, 1.14297449543e-12, 3.46985044863e-11, 7.18584347581e-09, 1.16236412856e-11, 7.78684842301e-12, 6.61389833959e-13, 2.65166649929e-15, 1.1909929101e-15, 1.25108519932e-17, 2.04839582365e-17, 9.32697529249e-19, 1.00987575515e-18]
    mfcc:
        mean: [-921.035949707, 207.356292725, -22.6486186981, 44.7871055603, -20.4686717987, -37.9531822205, -15.1956653595, -3.36225223541, -24.0556697845, -22.6280212402, -2.27259802818, -6.77426624298, -7.77237653732]
        cov: [[4890.94335938, 1796.2520752, -1320.04504395, -470.098846436, -250.295806885, -559.350280762, -264.976379395, -68.7110519409, -97.2942504883, 161.024703979, 200.141799927, 328.192169189, -65.613571167], [1796.2520752, 851.909973145, -414.958374023, -111.071586609, -53.5268135071, -236.744918823, -65.3733520508, 31.6944541931, 10.1616783142, 65.8662338257, 58.9944381714, 90.6440353394, -59.5205688477], [-1320.04504395, -414.958374023, 601.000366211, 214.571624756, 166.441482544, 170.984207153, 24.3441162109, 97.9809951782, 13.8966274261, -80.1588363647, -47.3165245056, -108.738876343, 71.9816207886], [-470.098846436, -111.071586609, 214.571624756, 353.450378418, 86.2299194336, -70.4758224487, 125.743621826, 155.664535522, 78.09815979, -28.8877468109, 2.18406057358, -16.0017967224, -77.7383804321], [-250.295806885, -53.5268135071, 166.441482544, 86.2299194336, 239.550460815, 205.37411499, 23.3578414917, -18.8469829559, 61.3754844666, 7.43817663193, -0.150696337223, 12.9721956253, 46.2152824402], [-559.350280762, -236.744918823, 170.984207153, -70.4758224487, 205.37411499, 385.899810791, 6.7085518837, -145.333312988, 31.7600517273, 15.3622627258, -32.95753479, 2.14553952217, 100.862716675], [-264.976379395, -65.3733520508, 24.3441162109, 125.743621826, 23.3578414917, 6.7085518837, 145.753158569, 33.9138031006, 55.2591552734, 10.0776090622, -11.1712827682, 7.30988359451, -56.3749580383], [-68.7110519409, 31.6944541931, 97.9809951782, 155.664535522, -18.8469829559, -145.333312988, 33.9138031006, 228.039916992, 21.5190353394, -47.3044662476, 20.4981384277, -34.9560508728, -34.5144271851], [-97.2942504883, 10.1616783142, 13.8966274261, 78.09815979, 61.3754844666, 31.7600517273, 55.2591552734, 21.5190353394, 96.7917938232, 24.9424209595, -9.91617298126, 2.7007317543, -39.2158241272], [161.024703979, 65.8662338257, -80.1588363647, -28.8877468109, 7.43817663193, 15.3622627258, 10.0776090622, -47.3044662476, 24.9424209595, 105.487007141, 27.7727146149, 37.6719474792, -14.8407964706], [200.141799927, 58.9944381714, -47.3165245056, 2.18406057358, -0.150696337223, -32.95753479, -11.1712827682, 20.4981384277, -9.91617298126, 27.7727146149, 71.7754516602, 36.5371513367, -11.280087471], [328.192169189, 90.6440353394, -108.738876343, -16.0017967224, 12.9721956253, 2.14553952217, 7.30988359451, -34.9560508728, 2.7007317543, 37.6719474792, 36.5371513367, 118.319732666, 21.5943470001], [-65.613571167, -59.5205688477, 71.9816207886, -77.7383804321, 46.2152824402, 100.862716675, -56.3749580383, -34.5144271851, -39.2158241272, -14.8407964706, -11.280087471, 21.5943470001, 128.22177124]]
        icov: [[0.0030059395358, -0.00430788937956, 0.00411764485762, -0.00138718564995, -0.000613879703451, -0.000127721388708, 0.00284281745553, -0.00023077588412, 0.00210651918314, 0.000614000018686, -0.00113307463471, -0.00127628410701, -0.00127402623184], [-0.00430788937956, 0.00919593311846, -0.00456603011116, 0.00415686890483, -0.00323279947042, 0.00350684812292, -0.00342545029707, -0.00074317259714, -0.00312365661375, -0.00167691148818, 0.00287735182792, 0.000754043983761, 0.00282506272197], [0.00411764485762, -0.00456603011116, 0.0123814223334, -0.00692163407803, -0.00163967336994, -0.00286091049202, 0.00616583460942, -0.00236025988124, 0.00514098722488, 0.000248971424298, -0.000543607049622, 0.00257910485379, -0.00512363063172], [-0.00138718564995, 0.00415686890483, -0.00692163407803, 0.0168203786016, -0.00984737277031, 0.00981344841421, -0.00804558116943, -0.002215069253, -0.00332409027033, 0.000873738725204, 0.00199154042639, -0.00478556891903, 0.00706512900069], [-0.000613879703451, -0.00323279947042, -0.00163967336994, -0.00984737277031, 0.0213823989034, -0.0139263421297, 0.0031429878436, 0.000973999092821, -0.00574827613309, 0.00128520349972, -0.00526820216328, 0.00147501321044, -0.00429380405694], [-0.000127721388708, 0.00350684812292, -0.00286091049202, 0.00981344841421, -0.0139263421297, 0.0180892646313, -0.00592455873266, 0.00534649565816, -0.00399404484779, 0.000464551179903, 7.67095407355e-05, -0.000133106892463, -0.00239600520581], [0.00284281745553, -0.00342545029707, 0.00616583460942, -0.00804558116943, 0.0031429878436, -0.00592455873266, 0.0183581057936, -0.0028985333629, 0.00123115233146, -0.00133350223769, 0.00360275083221, -0.00428429525346, 0.00360485562123], [-0.00023077588412, -0.00074317259714, -0.00236025988124, -0.002215069253, 0.000973999092821, 0.00534649565816, -0.0028985333629, 0.0129794627428, -0.0060408548452, 0.00471829250455, -0.00782663747668, 0.00462285522372, -0.00558692077175], [0.00210651918314, -0.00312365661375, 0.00514098722488, -0.00332409027033, -0.00574827613309, -0.00399404484779, 0.00123115233146, -0.0060408548452, 0.0259861368686, -0.00653744209558, 0.00904419273138, -0.0029777714517, 0.00734364846721], [0.000614000018686, -0.00167691148818, 0.000248971424298, 0.000873738725204, 0.00128520349972, 0.000464551179903, -0.00133350223769, 0.00471829250455, -0.00653744209558, 0.0160512849689, -0.00829927809536, -0.000973815913312, -0.000926880165935], [-0.00113307463471, 0.00287735182792, -0.000543607049622, 0.00199154042639, -0.00526820216328, 7.67095407355e-05, 0.00360275083221, -0.00782663747668, 0.00904419273138, -0.00829927809536, 0.0276738423854, -0.00906673353165, 0.00935124978423], [-0.00127628410701, 0.000754043983761, 0.00257910485379, -0.00478556891903, 0.00147501321044, -0.000133106892463, -0.00428429525346, 0.00462285522372, -0.0029777714517, -0.000973815913312, -0.00906673353165, 0.0197698809206, -0.0108691724017], [-0.00127402623184, 0.00282506272197, -0.00512363063172, 0.00706512900069, -0.00429380405694, -0.00239600520581, 0.00360485562123, -0.00558692077175, 0.00734364846721, -0.000926880165935, 0.00935124978423, -0.0108691724017, 0.0239235758781]]
    spectral_contrast:
        mean: [-4.14363938717e-07, -2.2144780587e-07, 4.83094083847e-07, -7.88038448718e-07, 2.38996136659e-07, 5.10412917265e-07, -3.61940351468e-06, -2.2033696041e-06, -2.58912496065e-06, 2.52649761023e-06, -3.97518306272e-07, 5.45159173271e-06]
        var: [0.000198126552277, 0.000580670137424, 0.00109928031452, 0.00144338887185, 0.00469241850078, 0.00675727892667, 0.037026911974, 0.062605753541, 0.0725051909685, 0.173793137074, 0.484512925148, 2.35222530365]

rhythm:
    beats_loudness:
        dmean: 0.00187191704754
        dmean2: 0.002878542291
        dvar: 2.81869165519e-06
        dvar2: 5.92274454903e-06
        max: 0.0123738627881
        mean: 0.00355374952778
        min: 7.03301452631e-07
        var: 1.26273198475e-05
    beats_loudness_bass:
        dmean: 0.129414111376
        dmean2: 0.218266278505
        dvar: 0.0449889115989
        dvar2: 0.108115300536
        max: 0.899089396
        mean: 0.099013350904
        min: 0.00017852858582
        var: 0.0447125993669
    bpm: 126.259841919
    bpm_confidence: 0
    first_peak_bpm: 126
    first_peak_spread: 0
    first_peak_weight: 0.571428596973
    onset_rate: 2.79862928391
    second_peak_bpm: 143
    second_peak_spread: 0
    second_peak_weight: 0.380952388048
    beats_position: [0.0524716712534, 0.527733445168, 1.00299525261, 1.47825694084, 1.95351874828, 2.42878055573, 2.90404248238, 3.37930417061, 3.85456585884, 4.32982778549, 4.80508947372, 5.28035116196, 5.75561332703, 6.40056943893, 6.81913089752, 7.23769283295, 7.65625429153, 8.07481575012, 8.49337673187, 8.9119386673, 9.33049964905, 9.74906158447]
    bpm_estimates: [125.409713745, 127.973060608, 125.950119019, 124.449653625, 127.516693115]
    bpm_intervals: [0.475261777639, 0.475261807442, 0.475261688232, 0.475261807442, 0.475261807442, 0.475261926651, 0.475261688232, 0.475261688232, 0.475261926651, 0.475261688232, 0.475261688232, 0.47526216507, 0.644956111908, 0.418561458588, 0.418561935425, 0.418561458588, 0.418561458588, 0.41856098175, 0.418561935425, 0.41856098175, 0.418561935425]
    onset_times: [0.0580498874187, 0.197369620204, 0.522448956966, 0.661768734455, 2.03174614906, 2.26394557953, 2.49614500999, 2.96054410934, 3.84290242195, 4.07510185242, 4.93424034119, 5.32897949219, 5.47990942001, 5.56117916107, 5.67727899551, 5.86303853989, 6.18811798096, 6.97759628296, 7.11691617966, 7.6277551651, 7.80190467834, 8.01088428497, 8.12698459625, 8.33596324921, 8.4172334671, 8.83519268036, 9.18349170685, 9.50857162476]
    rubato_start: [6.81913089752]
    rubato_stop: [9.74906158447]
    perceptual_tempo: "unknown"

sfx:
    inharmonicity:
        dmean: 0.024802647531
        dmean2: 0.0441107861698
        dvar: 0.00178815831896
        dvar2: 0.00536194769666
        max: 0.32293894887
        mean: 0.023387266323
        min: 4.80587368656e-06
        var: 0.00180218939204
    oddtoevenharmonicenergyratio:
        dmean: 28.701789856
        dmean2: 55.7634277344
        dvar: 57906.9882812
        dvar2: 173578.0625
        max: 3209.36767578
        mean: 15.6010341644
        min: 6.38849014649e-05
        var: 29375.4316406
    pitch_after_max_to_before_max_energy_ratio: 2.41123199463
    pitch_centroid: 189.207611084
    pitch_max_to_total: 0.0826873406768
    pitch_min_to_total: 0.679586589336
    tristimulus:
        dmean: [0.17951336503, 0.184234112501, 0.0175683256239]
        dmean2: [0.323148906231, 0.333005994558, 0.0318552851677]
        dvar: [0.0591567158699, 0.0617243200541, 0.00158432091121]
        dvar2: [0.171404570341, 0.177648901939, 0.00494161387905]
        max: [0.981494367123, 0.992380321026, 0.358533382416]
        mean: [0.467994481325, 0.50290542841, 0.0191851332784]
        min: [0.000800702662673, 0, 0]
        var: [0.100818872452, 0.0993715152144, 0.00121734896675]

tonal:
    chords_changes_rate: 0.103092782199
    chords_number_rate: 0.0360824726522
    chords_strength:
        dmean: 0.00794946588576
        dmean2: 0.00754505069926
        dvar: 4.19411044277e-05
        dvar2: 5.07009572175e-05
        max: 0.691639006138
        mean: 0.544607996941
        min: 0.426745772362
        var: 0.00389152741991
    key_strength: 0.56420135498
    tuning_diatonic_strength: 0.539203882217
    tuning_equal_tempered_deviation: 0.104631960392
    tuning_frequency: 444.598632812
    tuning_nontempered_energy_ratio: 0.831005752087
    hpcp:
        dmean: [0.0251832231879, 0.0179604254663, 0.0217745173723, 0.0242403484881, 0.0256687402725, 0.0377432890236, 0.0942555963993, 0.162139073014, 0.171584889293, 0.206183135509, 0.19241464138, 0.0605448260903, 0.0292267668992, 0.0369498990476, 0.0425768941641, 0.0872336402535, 0.211263984442, 0.20185919106, 0.199158668518, 0.178384080529, 0.0531473904848, 0.00728561077267, 0.0097275711596, 0.0287502296269, 0.0323111265898, 0.0204758066684, 0.016311109066, 0.0169068425894, 0.014100631699, 0.0365347154438, 0.0516388304532, 0.0375818647444, 0.0223107542843, 0.0166887119412, 0.0250827297568, 0.0302488543093]
        dmean2: [0.0478116981685, 0.0341473780572, 0.0405946932733, 0.0459217131138, 0.0501724183559, 0.0717630311847, 0.177023693919, 0.290367126465, 0.307126492262, 0.36427077651, 0.349878937006, 0.104914836586, 0.0428823642433, 0.0546867959201, 0.0653036907315, 0.13751129806, 0.367827326059, 0.345121651888, 0.364351898432, 0.29536357522, 0.103431612253, 0.0133265173063, 0.017080815509, 0.0479019880295, 0.0564781092107, 0.0364403836429, 0.0305451806635, 0.0319893695414, 0.0275300517678, 0.0620763450861, 0.0828498974442, 0.0646218731999, 0.0440076552331, 0.0322706662118, 0.0495332628489, 0.0597637146711]
        dvar: [0.0123682217672, 0.00589967565611, 0.0107223344967, 0.012354562059, 0.016134025529, 0.015472561121, 0.0525530539453, 0.0802368372679, 0.0687192678452, 0.0879498720169, 0.0968926772475, 0.0222335755825, 0.0147805353627, 0.0203491561115, 0.0180792827159, 0.0326164700091, 0.098393432796, 0.0756157115102, 0.0843894258142, 0.0771956890821, 0.0169293098152, 0.000290040305117, 0.000444252247689, 0.00898500159383, 0.0105776647106, 0.00457695731893, 0.0101663954556, 0.0116065917537, 0.00544010009617, 0.0142697570845, 0.0165473725647, 0.0170589350164, 0.0149661358446, 0.00478838011622, 0.0202256366611, 0.015977839008]
        dvar2: [0.0369178988039, 0.0175142046064, 0.0315296687186, 0.0347832404077, 0.0481622554362, 0.0429555289447, 0.137169733644, 0.21295851469, 0.186474695802, 0.231612756848, 0.267313152552, 0.0544958822429, 0.0235721468925, 0.0382392518222, 0.0396302007139, 0.0671773478389, 0.238041579723, 0.199525788426, 0.227881371975, 0.19662719965, 0.0482460856438, 0.000789691519458, 0.00117116002366, 0.0249138716608, 0.0284216348082, 0.0131536955014, 0.029158109799, 0.0340868234634, 0.0162604320794, 0.0405593849719, 0.0412256680429, 0.048491731286, 0.0446807332337, 0.0151390777901, 0.0604806542397, 0.0473506115377]
        max: [1, 0.694351196289, 1, 1, 1, 0.810351073742, 1, 1, 1, 1, 1, 1, 1, 1, 1, 1, 1, 1, 1, 1, 0.781575739384, 0.146765828133, 0.179194256663, 0.925842404366, 1, 0.60999083519, 1, 1, 0.666952371597, 1, 1, 0.976456642151, 1, 0.566344201565, 1, 0.8084821105]
        mean: [0.0156439803541, 0.0122621590272, 0.0167219508439, 0.0213311892003, 0.0166370384395, 0.0230356696993, 0.0613692477345, 0.146559551358, 0.264033377171, 0.292778849602, 0.162577584386, 0.0440327525139, 0.0351768583059, 0.0431704260409, 0.039390578866, 0.077517747879, 0.195845961571, 0.320644021034, 0.297323435545, 0.139648169279, 0.0295071080327, 0.00589326117188, 0.00973280612379, 0.0539260804653, 0.0705030411482, 0.0285785142332, 0.00992448162287, 0.0100152408704, 0.00886063184589, 0.03817146644, 0.0619032159448, 0.0369087830186, 0.0126493051648, 0.00985750555992, 0.0146371973678, 0.0181064940989]
        min: [1.22351320897e-05, 3.22870946547e-05, 3.75376512238e-05, 1.27360117403e-05, 5.90400986766e-06, 7.80573373049e-06, 1.26440017993e-05, 1.1954846741e-05, 4.55651897937e-05, 2.03283161682e-05, 1.67224061443e-05, 6.79236609358e-06, 5.67605502511e-06, 4.04384536523e-06, 6.20885612079e-06, 1.73429853021e-05, 2.31307785725e-05, 1.11834488052e-05, 5.38109406989e-06, 1.79541275429e-05, 3.16329169436e-05, 3.45624503097e-05, 4.74508815387e-05, 1.19642299978e-05, 1.10472183223e-05, 8.31457782624e-06, 3.52263705281e-05, 2.08793826459e-05, 3.64584666386e-05, 0.000210323865758, 3.18785459967e-05, 7.91134734754e-05, 1.50192154251e-05, 1.24423931993e-05, 3.23457679769e-05, 3.39639082085e-05]
        var: [0.00653118034825, 0.00310510396957, 0.00571969430894, 0.00729587394744, 0.00820369739085, 0.0096854493022, 0.0371507778764, 0.078319080174, 0.124285176396, 0.135285526514, 0.087443575263, 0.0196160208434, 0.0245114825666, 0.0325647778809, 0.0223474707454, 0.0410264506936, 0.113385818899, 0.156266912818, 0.153503850102, 0.0727629438043, 0.00951267778873, 0.000245655479375, 0.000397666328354, 0.0210098214447, 0.0390493273735, 0.00684310169891, 0.00580351985991, 0.00620464235544, 0.00281487777829, 0.0103775179014, 0.0186314266175, 0.0113232601434, 0.00774800591171, 0.00259148958139, 0.0102960318327, 0.00837781652808]
    chords_histogram: [21.1340198517, 0, 0, 0, 0, 1.54639172554, 0, 0, 0.515463888645, 5.67010307312, 25.2577323914, 0, 0, 0, 0, 5.67010307312, 0, 0, 0, 0, 0, 0, 14.4329900742, 25.7731952667]
    thpcp: [1, 0.927269518375, 0.435524016619, 0.0920245051384, 0.018379451707, 0.0303539298475, 0.168180525303, 0.219879478216, 0.0891284793615, 0.0309517122805, 0.0312347654253, 0.0276338588446, 0.119046241045, 0.193059012294, 0.115108281374, 0.0394496843219, 0.0307428333908, 0.0456493683159, 0.0564691461623, 0.0487892478704, 0.0382422804832, 0.0521511398256, 0.0665260776877, 0.0518863201141, 0.0718418806791, 0.191393703222, 0.457078695297, 0.823447048664, 0.913096249104, 0.507034540176, 0.137325972319, 0.109706893563, 0.134636610746, 0.122848317027, 0.241756409407, 0.610789358616]
    chords_key: "G#"
    chords_scale: "major"
    key_key: "C"
    key_scale: "minor"
    chords_progression: ["Cm", "Cm", "Cm", "Cm", "Cm", "Cm", "Cm", "Cm", "Cm", "Cm", "Cm", "Cm", "Cm", "Cm", "Cm", "Cm", "Cm", "Cm", "Cm", "Cm", "Cm", "Cm", "G#", "G", "G", "G#", "G#", "G#", "G#", "G#", "G#", "G#", "G#", "G#", "G#", "G#", "G#", "G#", "G#", "G#", "G#", "G#", "G#", "G#", "G#", "G#", "G#", "G#", "G#", "G#", "G#", "G#", "G#", "G#", "G#", "G#", "G#", "G#", "G#", "G#", "G#", "G#", "G#", "G#", "G#", "G#", "G#", "G#", "G#", "G#", "G#", "G#", "G#", "G#", "Cm", "Cm", "G", "Cm", "Cm", "G", "G", "G", "G", "G", "G", "G", "G", "Bm", "Bm", "Bm", "Bm", "Bm", "Bm", "Bm", "Bm", "Bm", "Bm", "Bm", "E", "F", "F", "E", "F", "E", "E", "E", "E", "E", "E", "E", "Em", "E", "E", "Fm", "Fm", "Fm", "Fm", "Fm", "Fm", "Fm", "Fm", "Fm", "Fm", "Fm", "Fm", "Fm", "Fm", "Fm", "Fm", "Fm", "Fm", "Fm", "Fm", "Fm", "Fm", "Fm", "Fm", "Fm", "Fm", "Fm", "Fm", "Cm", "Cm", "Cm", "Cm", "Cm", "Cm", "Cm", "Cm", "Cm", "Cm", "Cm", "Cm", "Cm", "Bm", "Cm", "Cm", "Bm", "Bm", "Bm", "Bm", "Bm", "Bm", "Bm", "Bm", "Bm", "Bm", "Bm", "Bm", "Bm", "Bm", "Bm", "Bm", "Bm", "Bm", "Bm", "Bm", "Bm", "Bm", "Bm", "Bm", "Bm", "Bm", "Bm", "Bm", "Bm", "Bm", "Bm", "Bm", "Bm", "Bm", "Bm", "Bm", "Bm"]
