
metadata:
    version:
        essentia: "1.2.2"
    audio_properties:
        analysis_sample_rate: 44100
        bitrate: 128
        channels: 2
        equal_loudness: 1
        length: 10.0310201645
        replay_gain: -4.75582885742
        downmix: "mix"
    tags:
        track: 12
        year: 0
        album: "Splitted by Mp3Splt v. 2.1"
        artist: "From 001.50 To 002.00"
        comment: "http://mp3splt.sf.net"
        genre: ""
        title: "04 Transmission.mp3"

highlevel:
    ballroom:
        all:
            ChaChaCha: 0.048571176827
            Jive: 0.148028701544
            Quickstep: 0.0331368967891
            Rumba-American: 0.0143703762442
            Rumba-International: 0.623653054237
            Rumba-Misc: 0.0174345225096
            Samba: 0.0666251257062
            Tango: 0.00343131949194
            VienneseWaltz: 0.0272517427802
            Waltz: 0.0174970887601
        probability: 0.623653054237
        value: "Rumba-International"
    culture:
        all:
            non_western: 0.614268958569
            western: 0.385731041431
        probability: 0.614268958569
        value: "non_western"
    gender:
        all:
            female: 0.873109340668
            male: 0.126890689135
        probability: 0.873109340668
        value: "female"
    genre_dortmund:
        all:
            alternative: 0.0698775574565
            blues: 0.0143828475848
            electronic: 0.0961403921247
            folkcountry: 0.171793341637
            funksoulrnb: 0.00391793809831
            jazz: 0.455050617456
            pop: 0.079439163208
            raphiphop: 0.00107829412445
            rock: 0.108319856226
        probability: 0.455050617456
        value: "jazz"
    genre_electronica:
        all:
            ambient: 0.290692925453
            dnb: 0.460039049387
            house: 0.12633523345
            techno: 0.0359849594533
            trance: 0.0869478434324
        probability: 0.460039049387
        value: "dnb"
    genre_rosamerica:
        all:
            cla: 0.0614133104682
            dan: 0.0851350352168
            hip: 0.0264612045139
            jaz: 0.052136015147
            pop: 0.188383445144
            rhy: 0.4927739501
            roc: 0.0845499411225
            spe: 0.00914709828794
        probability: 0.4927739501
        value: "rhy"
    genre_tzanetakis:
        all:
            blu: 0.0269397068769
            cla: 0.0282188877463
            cou: 0.14170819521
            dis: 0.127837017179
            hip: 0.0237337145954
            jaz: 0.0446016229689
            met: 0.0667152330279
            pop: 0.109132021666
            reg: 0.138273894787
            roc: 0.292839705944
        probability: 0.292839705944
        value: "roc"
    live_studio:
        all:
            live: 0.055259745568
            studio: 0.944740235806
        probability: 0.944740235806
        value: "studio"
    mood:
        all:
            Cluster1: 0.0180061142892
            Cluster2: 0.0246904473752
            Cluster3: 0.927879035473
            Cluster4: 0.011635622941
            Cluster5: 0.0177887585014
        probability: 0.927879035473
        value: "Cluster3"
    mood_acoustic:
        all:
            acoustic: 0.0965655222535
            not_acoustic: 0.903434455395
        probability: 0.903434455395
        value: "not_acoustic"
    mood_aggressive:
        all:
            aggressive: 0.076713077724
            not_aggressive: 0.923286914825
        probability: 0.923286914825
        value: "not_aggressive"
    mood_electronic:
        all:
            electronic: 0.563459336758
            not_electronic: 0.43654063344
        probability: 0.563459336758
        value: "electronic"
    mood_happy:
        all:
            happy: 0.101597301662
            not_happy: 0.898402690887
        probability: 0.898402690887
        value: "not_happy"
    mood_party:
        all:
            not_party: 0.851540446281
            party: 0.14845956862
        probability: 0.851540446281
        value: "not_party"
    mood_relaxed:
        all:
            not_relaxed: 0.259623497725
            relaxed: 0.740376472473
        probability: 0.740376472473
        value: "relaxed"
    mood_sad:
        all:
            not_sad: 0.0692058652639
            sad: 0.930794119835
        probability: 0.930794119835
        value: "sad"
    rhythm:
        all:
            fast: 0.276124805212
            medium: 0.220426559448
            slow: 0.503448665142
        probability: 0.503448665142
        value: "slow"
    speech_music:
        all:
            music: 0.794727861881
            speech: 0.20527215302
        probability: 0.794727861881
        value: "music"
    timbre:
        all:
            bright: 0.285723984241
            dark: 0.714276015759
        probability: 0.714276015759
        value: "dark"
    voice_instrumental:
        all:
            instrumental: 0.992031872272
            voice: 0.00796814821661
        probability: 0.992031872272
        value: "instrumental"

lowlevel:
    average_loudness: 0.960484623909
    barkbands_kurtosis:
        dmean: 2.27783107758
        dmean2: 3.58745288849
        dvar: 13.4870834351
        dvar2: 38.6751060486
        max: 34.8007850647
        mean: 3.62452197075
        min: -1.87239694595
        var: 35.4918823242
    barkbands_skewness:
        dmean: 0.455063045025
        dmean2: 0.682867586613
        dvar: 0.227327540517
        dvar2: 0.544130265713
        max: 5.61437177658
        mean: 1.6907402277
        min: -2.9500374794
        var: 1.58045554161
    barkbands_spread:
        dmean: 5.05777978897
        dmean2: 7.6940279007
        dvar: 28.0704021454
        dvar2: 59.9478034973
        max: 59.1761817932
        mean: 25.9455947876
        min: 4.97383785248
        var: 137.24446106
    dissonance:
        dmean: 0.0162754897028
        dmean2: 0.026902936399
        dvar: 0.000234418403124
        dvar2: 0.000642064842395
        max: 0.499834567308
        mean: 0.461299270391
        min: 0.35229164362
        var: 0.000630916620139
    hfc:
        dmean: 1.7271001339
        dmean2: 2.63839459419
        dvar: 34.2633247375
        dvar2: 78.7143936157
        max: 58.1148948669
        mean: 4.32871341705
        min: 0.304760813713
        var: 59.8455352783
    pitch:
        dmean: 630.013305664
        dmean2: 1239.92980957
        dvar: 1665606.375
        dvar2: 4142871
        max: 4900
        mean: 1161.03112793
        min: 55.2631568909
        var: 2534270.25
    pitch_instantaneous_confidence:
        dmean: 0.0702780559659
        dmean2: 0.114421896636
        dvar: 0.00405565090477
        dvar2: 0.0105125224218
        max: 0.756053745747
        mean: 0.458609580994
        min: 0.145259261131
        var: 0.0140440287068
    pitch_salience:
        dmean: 0.0577729642391
        dmean2: 0.0932903364301
        dvar: 0.00305744051002
        dvar2: 0.00999122206122
        max: 0.772389829159
        mean: 0.539374291897
        min: 0.264016985893
        var: 0.00896488223225
    silence_rate_20dB:
        dmean: 0
        dmean2: 0
        dvar: 0
        dvar2: 0
        max: 1
        mean: 1
        min: 1
        var: 0
    silence_rate_30dB:
        dmean: 0
        dmean2: 0
        dvar: 0
        dvar2: 0
        max: 1
        mean: 1
        min: 1
        var: 0
    silence_rate_60dB:
        dmean: 0.0603248253465
        dmean2: 0.118604652584
        dvar: 0.0566858351231
        dvar2: 0.132444933057
        max: 1
        mean: 0.486111104488
        min: 0
        var: 0.249807432294
    spectral_centroid:
        dmean: 170.427780151
        dmean2: 261.61807251
        dvar: 52137.1523438
        dvar2: 110330.195312
        max: 3149.28051758
        mean: 860.805358887
        min: 230.767471313
        var: 246617.78125
    spectral_complexity:
        dmean: 1.95337998867
        dmean2: 3.21962618828
        dvar: 13.6668100357
        dvar2: 29.853635788
        max: 38
        mean: 8.69999980927
        min: 1
        var: 32.2379264832
    spectral_crest:
        dmean: 1.98595547676
        dmean2: 3.17716193199
        dvar: 3.4408724308
        dvar2: 10.5122518539
        max: 19.8463077545
        mean: 9.26681423187
        min: 3.56212377548
        var: 7.2017250061
    spectral_decrease:
        dmean: 2.82851325695e-10
        dmean2: 4.1887843194e-10
        dvar: 2.53920873406e-19
        dvar2: 5.27513187454e-19
        max: -1.93498508883e-10
        mean: -9.66933866309e-10
        min: -5.43519806939e-09
        var: 5.3090824688e-19
    spectral_energy:
        dmean: 0.0011892542243
        dmean2: 0.00178080343176
        dvar: 5.47095714865e-06
        dvar2: 1.12873985927e-05
        max: 0.0239137932658
        mean: 0.00404205778614
        min: 0.000757951173
        var: 1.11473855213e-05
    spectral_energyband_high:
        dmean: 0.000164338329341
        dmean2: 0.000282627152046
        dvar: 6.22376887804e-07
        dvar2: 1.71855629105e-06
        max: 0.00706391735002
        mean: 0.000189198734006
        min: 9.33967839956e-06
        var: 4.27783760415e-07
    spectral_energyband_low:
        dmean: 0.000131359309307
        dmean2: 0.000182814343134
        dvar: 2.88589454556e-08
        dvar2: 4.63839917586e-08
        max: 0.00323782768101
        mean: 0.000468566227937
        min: 1.40461397677e-05
        var: 2.04429213113e-07
    spectral_energyband_middle_high:
        dmean: 0.000350312591763
        dmean2: 0.000500024820212
        dvar: 9.69359348346e-07
        dvar2: 1.50629773543e-06
        max: 0.0156719963998
        mean: 0.00107038172428
        min: 2.35673178395e-05
        var: 4.03184640163e-06
    spectral_energyband_middle_low:
        dmean: 0.000781954382546
        dmean2: 0.00120447285008
        dvar: 1.82585631592e-06
        dvar2: 4.11101609643e-06
        max: 0.016456855461
        mean: 0.00231391354464
        min: 0.000486023665871
        var: 2.80954054688e-06
    spectral_flatness_db:
        dmean: 0.0175738409162
        dmean2: 0.027266509831
        dvar: 0.000294611090794
        dvar2: 0.000686773506459
        max: 0.273583680391
        mean: 0.18681974709
        min: 0.0888208150864
        var: 0.00087349221576
    spectral_flux:
        dmean: 0.00737238815054
        dmean2: 0.0119497384876
        dvar: 0.000123926380184
        dvar2: 0.000252851459663
        max: 0.124519586563
        mean: 0.0259286761284
        min: 0.00829066708684
        var: 0.000336272118147
    spectral_kurtosis:
        dmean: 0.901077568531
        dmean2: 1.5543872118
        dvar: 0.830667853355
        dvar2: 2.17295432091
        max: 10.5980520248
        mean: 2.92560529709
        min: 0.401605606079
        var: 2.22552371025
    spectral_rms:
        dmean: 0.00025938815088
        dmean2: 0.000378889642889
        dvar: 1.26555761426e-07
        dvar2: 2.50214128528e-07
        max: 0.00483016902581
        mean: 0.0018787815934
        min: 0.000859921274241
        var: 4.13652429643e-07
    spectral_rolloff:
        dmean: 446.826202393
        dmean2: 730.216918945
        dvar: 508314.78125
        dvar2: 998169.375
        max: 5124.90234375
        mean: 1633.51989746
        min: 172.265625
        var: 1606009.25
    spectral_skewness:
        dmean: 0.151928454638
        dmean2: 0.244134917855
        dvar: 0.0228928364813
        dvar2: 0.0557307824492
        max: 2.66814231873
        mean: 1.46227645874
        min: 0.614298939705
        var: 0.0805518180132
    spectral_spread:
        dmean: 453975.53125
        dmean2: 693869.75
        dvar: 1.01870252851e+12
        dvar2: 1.53293828915e+12
        max: 21881628
        mean: 5608639
        min: 3113106.25
        var: 1.93207271424e+12
    spectral_strongpeak:
        dmean: 0.252361357212
        dmean2: 0.458525210619
        dvar: 0.357009828091
        dvar2: 0.972865462303
        max: 4.40819501877
        mean: 0.421652704477
        min: 0.0272468216717
        var: 0.671938955784
    zerocrossingrate:
        dmean: 0.00710227293894
        dmean2: 0.00824830215424
        dvar: 4.16784205299e-05
        dvar2: 5.45037291886e-05
        max: 0.14892578125
        mean: 0.0621922686696
        min: 0.0185546875
        var: 0.000513105595019
    barkbands:
        dmean: [4.80649084977e-08, 1.43788738569e-05, 0.000128068000777, 0.000483210518723, 0.000403217505664, 6.7355336796e-05, 2.99901093967e-05, 5.33773745701e-05, 1.06781371869e-05, 5.38893546036e-05, 9.0189760158e-06, 1.27946714201e-05, 2.00876984309e-05, 2.79612740997e-05, 3.34033065883e-05, 6.76514973748e-05, 6.25876855338e-05, 9.05663036974e-05, 9.2586298706e-05, 0.00010420766921, 7.49122045818e-05, 4.58632239315e-05, 5.83404471399e-06, 2.14408987631e-06, 1.4323132973e-06, 4.64365257358e-08, 3.04913183591e-09]
        dmean2: [8.28328765579e-08, 2.33950649999e-05, 0.000177412453922, 0.000721100834198, 0.00064297625795, 0.000107576597657, 4.91768551001e-05, 7.78446919867e-05, 1.73600892595e-05, 7.94883089839e-05, 1.49503657667e-05, 2.01751845452e-05, 3.04227014567e-05, 4.44151701231e-05, 4.37704147771e-05, 0.000100943929283, 0.00010346846102, 0.000132275250508, 0.00013318733545, 0.000167577381944, 0.000128046813188, 7.98091714387e-05, 9.55393988988e-06, 3.50848245034e-06, 2.35958145822e-06, 6.56627960893e-08, 3.21279958193e-09]
        dvar: [5.52425316727e-15, 5.09916942004e-10, 2.79367888822e-08, 2.35511890878e-07, 1.14914803362e-06, 5.89350968028e-09, 2.28618923792e-09, 3.98746768937e-09, 5.63406876708e-10, 4.29395097257e-09, 4.95337104667e-10, 1.22278942527e-09, 2.06110284395e-09, 1.32920332518e-08, 2.99611961907e-08, 7.51264863652e-08, 4.60690046111e-08, 1.89862873867e-07, 8.18001240077e-08, 1.2104749203e-07, 1.19745791949e-07, 5.44656018064e-08, 6.60328292046e-10, 8.66994531723e-11, 4.76689798745e-11, 2.12741794531e-14, 3.49798730359e-15]
        dvar2: [1.3710787639e-14, 1.29188160169e-09, 4.58817766003e-08, 6.2409282009e-07, 2.60759429693e-06, 1.42579148488e-08, 5.63226043582e-09, 9.85249304364e-09, 1.39105971186e-09, 1.03949115982e-08, 1.32035571365e-09, 3.19713500119e-09, 4.93183316408e-09, 2.41058391026e-08, 5.56032624388e-08, 1.65868939916e-07, 1.0913723969e-07, 3.23194200291e-07, 1.21425983934e-07, 2.95719331689e-07, 3.28925125359e-07, 1.51027776951e-07, 1.76601178126e-09, 2.35625852163e-10, 1.30065638815e-10, 4.388803638e-14, 3.50698194646e-15]
        max: [9.98322434498e-07, 0.000410909211496, 0.00299089681357, 0.00472045736387, 0.0112200938165, 0.00088603363838, 0.000712150940672, 0.000734472589102, 0.000456997251604, 0.000683494086843, 0.000259967986494, 0.00043896608986, 0.000639427627902, 0.00197857292369, 0.00434673763812, 0.00481620337814, 0.00377270276658, 0.00916161201894, 0.00617227889597, 0.0053814263083, 0.00327657558955, 0.00236897869036, 0.000299830251606, 9.93649300653e-05, 7.94159568613e-05, 1.43502791161e-06, 1.22672406633e-06]
        mean: [1.79784734655e-07, 8.52566226968e-05, 0.000383131613489, 0.000958951248322, 0.00085156649584, 0.000227761775022, 6.44014653517e-05, 0.000155665926286, 3.59134282917e-05, 0.000118908159493, 1.27927360154e-05, 2.41422749241e-05, 3.84149461752e-05, 5.69998810533e-05, 5.20108624187e-05, 0.000127796229208, 0.000141010357765, 0.000170361076016, 0.000195748521946, 0.000200363181648, 8.38410487631e-05, 4.5114018576e-05, 7.11421307642e-06, 2.90947923531e-06, 1.6497164097e-06, 5.31306376672e-08, 3.01076852338e-09]
        min: [2.91442703304e-11, 1.71759734258e-06, 2.49615914072e-06, 2.89629115287e-05, 1.82496933121e-05, 6.36400045551e-06, 9.00358145373e-07, 2.1437272153e-06, 5.43052522062e-07, 8.45864121857e-07, 1.52295882572e-07, 2.38833848698e-07, 5.52741653337e-07, 5.88363604948e-07, 1.83459647474e-07, 6.48115587865e-07, 2.82171527033e-07, 2.23857614401e-06, 1.9852764126e-06, 4.41778229288e-06, 3.24443635691e-06, 2.12605368688e-06, 2.46182452202e-07, 6.09642896165e-08, 4.19112673455e-08, 2.2427398827e-10, 1.17507118944e-14]
        var: [4.47453556954e-14, 5.81621417695e-09, 1.65034762745e-07, 5.76245781758e-07, 1.34623746817e-06, 2.63069139805e-08, 5.7222218075e-09, 2.195944937e-08, 4.39102443295e-09, 1.55040833505e-08, 4.34014796324e-10, 1.75261449797e-09, 3.35052563472e-09, 1.97673202251e-08, 9.67187716583e-08, 1.94115017393e-07, 1.69253709714e-07, 5.73662305214e-07, 3.08759155132e-07, 1.8213329156e-07, 8.29058279805e-08, 3.60358818341e-08, 5.02235586453e-10, 6.49387765783e-11, 3.38324888938e-11, 2.42089690444e-14, 3.49069223234e-15]
    mfcc:
        mean: [-746.135620117, 118.999588013, -3.68585443497, 62.2405662537, -16.5168457031, 1.2900197506, 5.59638261795, -9.96458339691, -11.0694236755, -2.12890672684, -2.95347070694, -11.9837388992, -7.12694644928]
        cov: [[1795.20959473, -524.280944824, -430.532592773, -49.9971961975, 200.817672729, -156.448226929, -142.69972229, -33.7567443848, 123.644676208, -31.804397583, -67.1737976074, -6.3091711998, -125.672599792], [-524.280944824, 426.084381104, 13.9065027237, -100.798576355, -97.9859237671, 31.1784267426, 37.2342948914, -28.8906364441, -28.5549373627, -11.8610296249, -6.27872133255, 4.78384542465, 41.2095222473], [-430.532592773, 13.9065027237, 379.219573975, 31.4808483124, -116.402778625, 168.164657593, 102.180641174, -27.0193271637, -72.3013916016, 80.2652053833, 79.9956893921, -45.7975540161, 26.0509204865], [-49.9971961975, -100.798576355, 31.4808483124, 262.45211792, 148.945083618, -20.1039047241, 0.770389318466, -1.59191322327, 2.62554574013, 48.1601867676, 38.6740913391, 10.5867910385, -23.7222919464], [200.817672729, -97.9859237671, -116.402778625, 148.945083618, 261.335510254, -27.8957195282, -83.0214614868, -12.2027788162, 49.5277404785, 23.9569206238, 27.8320789337, 33.2719039917, -37.2785148621], [-156.448226929, 31.1784267426, 168.164657593, -20.1039047241, -27.8957195282, 210.751785278, 125.834320068, -95.1572341919, -65.9887237549, 105.240821838, 76.4625549316, -62.7607955933, -10.9970684052], [-142.69972229, 37.2342948914, 102.180641174, 0.770389318466, -83.0214614868, 125.834320068, 251.22253418, -112.881385803, -113.684814453, 135.189788818, 56.7152137756, -67.8644943237, -23.7772884369], [-33.7567443848, -28.8906364441, -27.0193271637, -1.59191322327, -12.2027788162, -95.1572341919, -112.881385803, 163.067459106, 69.6691818237, -111.555236816, -49.2659568787, 49.6936569214, 36.546836853], [123.644676208, -28.5549373627, -72.3013916016, 2.62554574013, 49.5277404785, -65.9887237549, -113.684814453, 69.6691818237, 98.9188079834, -59.3523101807, -36.029838562, 42.2616500854, 3.55861473083], [-31.804397583, -11.8610296249, 80.2652053833, 48.1601867676, 23.9569206238, 105.240821838, 135.189788818, -111.555236816, -59.3523101807, 176.785095215, 83.5159606934, -54.6506080627, -38.1352806091], [-67.1737976074, -6.27872133255, 79.9956893921, 38.6740913391, 27.8320789337, 76.4625549316, 56.7152137756, -49.2659568787, -36.029838562, 83.5159606934, 82.5550613403, -19.0066680908, -18.3984737396], [-6.3091711998, 4.78384542465, -45.7975540161, 10.5867910385, 33.2719039917, -62.7607955933, -67.8644943237, 49.6936569214, 42.2616500854, -54.6506080627, -19.0066680908, 82.528755188, 18.6589775085], [-125.672599792, 41.2095222473, 26.0509204865, -23.7222919464, -37.2785148621, -10.9970684052, -23.7772884369, 36.546836853, 3.55861473083, -38.1352806091, -18.3984737396, 18.6589775085, 53.8497314453]]
        icov: [[0.00209169648588, 0.00266648991965, 0.00183835590724, 0.00127192691434, 0.000137579409056, 0.000277702667518, 0.000222930408199, 0.00187440379523, -0.00183855532669, 0.000380774290534, -0.00048896932276, 0.000831297424156, 0.0014262344921], [0.00266648991965, 0.00640223454684, 0.00298298778944, 0.0019507210236, 0.00119411293417, -9.52706977841e-05, 0.000159747476573, 0.0036379287485, -0.0025038421154, 0.000909413502086, -0.0014879561495, 0.00031568176928, -0.00065974611789], [0.00183835590724, 0.00298298778944, 0.0107403146103, -0.00381603394635, 0.00746055599302, -0.00731595791876, 0.00390063319355, -0.000350589951267, 0.000478270812891, -0.00151693925727, -0.00427743094042, -0.000609453010838, -0.00159462634474], [0.00127192691434, 0.0019507210236, -0.00381603394635, 0.0105003491044, -0.00829497165978, 0.006144143641, -0.00371880317107, 0.000167501624674, -0.00094633869594, 0.000254535174463, -0.000278322288068, 0.00167923828121, 0.00126985053066], [0.000137579409056, 0.00119411293417, 0.00746055599302, -0.00829497165978, 0.0154935903847, -0.00689859362319, 0.00742098642513, 0.00162053760141, -0.000626013032161, -0.00287961936556, -0.00403785286471, -0.00411816406995, 0.00168716220651], [0.000277702667518, -9.52706977841e-05, -0.00731595791876, 0.006144143641, -0.00689859362319, 0.0179212391376, -0.00699743954465, 0.00510017294437, -0.00531442044303, 0.00357773620635, -0.0069258515723, 0.00683554913849, -0.00254999939352], [0.000222930408199, 0.000159747476573, 0.00390063319355, -0.00371880317107, 0.00742098642513, -0.00699743954465, 0.0168925728649, -0.00134549115319, 0.0118946321309, -0.0098445834592, 0.0050151264295, -0.00333681562915, 0.00406506145373], [0.00187440379523, 0.0036379287485, -0.000350589951267, 0.000167501624674, 0.00162053760141, 0.00510017294437, -0.00134549115319, 0.0189426168799, -0.0111834928393, 0.00864780321717, -0.00531483348459, 0.0017952490598, -0.00502758799121], [-0.00183855532669, -0.0025038421154, 0.000478270812891, -0.00094633869594, -0.000626013032161, -0.00531442044303, 0.0118946321309, -0.0111834928393, 0.0324352234602, -0.00902127567679, 0.0114073650911, -0.00831945054233, 0.00654855789617], [0.000380774290534, 0.000909413502086, -0.00151693925727, 0.000254535174463, -0.00287961936556, 0.00357773620635, -0.0098445834592, 0.00864780321717, -0.00902127567679, 0.0237760096788, -0.0152657395229, 0.00664839847013, -0.000525704177562], [-0.00048896932276, -0.0014879561495, -0.00427743094042, -0.000278322288068, -0.00403785286471, -0.0069258515723, 0.0050151264295, -0.00531483348459, 0.0114073650911, -0.0152657395229, 0.0373508781195, -0.00762417307124, 0.00739454897121], [0.000831297424156, 0.00031568176928, -0.000609453010838, 0.00167923828121, -0.00411816406995, 0.00683554913849, -0.00333681562915, 0.0017952490598, -0.00831945054233, 0.00664839847013, -0.00762417307124, 0.0230768043548, -0.0067566386424], [0.0014262344921, -0.00065974611789, -0.00159462634474, 0.00126985053066, 0.00168716220651, -0.00254999939352, 0.00406506145373, -0.00502758799121, 0.00654855789617, -0.000525704177562, 0.00739454897121, -0.0067566386424, 0.0336512587965]]
    spectral_contrast:
        mean: [-9.1243620659e-08, -8.08907785199e-08, -9.45877189906e-08, -3.07613674977e-07, 3.97063956825e-07, -3.98068920049e-07, -1.13900318865e-06, 6.43938108169e-07, 1.12271584385e-06, -2.33705645769e-06, -1.15321131489e-06, 6.7957612373e-06]
        var: [0.000297402322758, 0.000969303771853, 0.00122389139142, 0.00172032567207, 0.00245854211971, 0.00401991140097, 0.0590199641883, 0.0829464420676, 0.0898555740714, 0.178650468588, 0.391269952059, 1.15386211872]

rhythm:
    beats_loudness:
        dmean: 0.00733932526782
        dmean2: 0.0141502190381
        dvar: 4.18137096858e-05
        dvar2: 0.0001209002221
        max: 0.0208616144955
        mean: 0.0067286407575
        min: 0.00169268075842
        var: 3.44359941664e-05
    beats_loudness_bass:
        dmean: 0.16441167891
        dmean2: 0.289614409208
        dvar: 0.0145965488628
        dvar2: 0.0497169904411
        max: 0.573047757149
        mean: 0.218668416142
        min: 0.0215539932251
        var: 0.0257828328758
    bpm: 121.956336975
    bpm_confidence: 0
    first_peak_bpm: 122
    first_peak_spread: 0
    first_peak_weight: 0.947368443012
    onset_rate: 2.79134106636
    second_peak_bpm: 100
    second_peak_spread: 0
    second_peak_weight: 0.0526315793395
    beats_position: [0.299640506506, 0.791839659214, 1.28403878212, 1.77623796463, 2.26843714714, 2.76063632965, 3.25283551216, 3.74503469467, 4.23723363876, 4.72943305969, 5.22163200378, 5.71383142471, 6.31187438965, 6.80359697342, 7.29531860352, 7.78704071045, 8.27876281738, 8.77048492432, 9.26220607758, 9.75392818451]
    bpm_estimates: [121.230117798, 121.87247467, 120.230743408, 122.36315918, 122.848190308, 122.980232239, 121.833763123, 121.449516296, 121.702186584, 121.673988342, 123.247772217, 122.043991089]
    bpm_intervals: [0.492199152708, 0.492199122906, 0.49219918251, 0.49219918251, 0.49219918251, 0.49219918251, 0.49219918251, 0.492198944092, 0.492199420929, 0.492198944092, 0.492199420929, 0.598042964935, 0.491722583771, 0.491721630096, 0.491722106934, 0.491722106934, 0.491722106934, 0.491721153259, 0.491722106934]
    onset_times: [0.0580498874187, 0.150929704309, 0.801088452339, 1.06811785698, 1.2190476656, 1.32353746891, 1.60217690468, 1.75310659409, 1.78793644905, 2.29877543449, 2.51936507225, 2.77478456497, 3.29723358154, 3.75002264977, 4.02866220474, 4.76009082794, 4.95746040344, 5.27092981339, 5.75854873657, 6.06040811539, 6.31582784653, 6.57124710083, 6.67573690414, 7.2910656929, 7.75546503067, 8.78875255585, 9.287981987, 9.75238132477]
    rubato_start: []
    rubato_stop: []
    perceptual_tempo: "unknown"

sfx:
    inharmonicity:
        dmean: 0.0416651852429
        dmean2: 0.0724094957113
        dvar: 0.00230581010692
        dvar2: 0.00638480903581
        max: 0.298310101032
        mean: 0.0417429096997
        min: 2.84525467578e-05
        var: 0.00263060140423
    oddtoevenharmonicenergyratio:
        dmean: 4.66349315643
        dmean2: 9.0648393631
        dvar: 512.165466309
        dvar2: 1528.57873535
        max: 257.438323975
        mean: 2.76500868797
        min: 0.000107049752842
        var: 265.392547607
    pitch_after_max_to_before_max_energy_ratio: 0.143863931298
    pitch_centroid: 168.528610229
    pitch_max_to_total: 0.569767415524
    pitch_min_to_total: 0.658139526844
    tristimulus:
        dmean: [0.254623562098, 0.286202073097, 0.123354122043]
        dmean2: [0.453334331512, 0.511428177357, 0.220577657223]
        dvar: [0.056401476264, 0.0640247389674, 0.0232451539487]
        dvar2: [0.122814558446, 0.163284763694, 0.068744443357]
        max: [0.98921918869, 0.99423289299, 0.794372916222]
        mean: [0.433403044939, 0.414944469929, 0.113996766508]
        min: [0.00576702179387, 0, 0]
        var: [0.101812042296, 0.0914409384131, 0.0198916308582]

tonal:
    chords_changes_rate: 0.0231481473893
    chords_number_rate: 0.0185185186565
    chords_strength:
        dmean: 0.00573051348329
        dmean2: 0.00528812687844
        dvar: 3.61321763194e-05
        dvar2: 2.36270661844e-05
        max: 0.714721083641
        mean: 0.589520514011
        min: 0.378267973661
        var: 0.00571253383532
    key_strength: 0.511387825012
    tuning_diatonic_strength: 0.460393875837
    tuning_equal_tempered_deviation: 0.115256972611
    tuning_frequency: 439.238189697
    tuning_nontempered_energy_ratio: 0.725838363171
    hpcp:
        dmean: [0.0692656561732, 0.0584361702204, 0.0277051646262, 0.0260304473341, 0.023741684854, 0.0337969772518, 0.0454468093812, 0.0346031859517, 0.0802952721715, 0.0938018336892, 0.107200101018, 0.0537350587547, 0.0448350161314, 0.0485309027135, 0.0653952360153, 0.0722657069564, 0.085062764585, 0.0629791244864, 0.0428044311702, 0.0550086796284, 0.142859131098, 0.1147114411, 0.136846318841, 0.0739279538393, 0.0372537225485, 0.059257786721, 0.0923443287611, 0.0851426497102, 0.0780062302947, 0.0606216527522, 0.0722717121243, 0.105724565685, 0.085443623364, 0.0463384352624, 0.0544672235847, 0.0773679539561]
        dmean2: [0.109029650688, 0.100094400346, 0.0468124821782, 0.0428231135011, 0.0396698713303, 0.0532925762236, 0.0716099217534, 0.0549324415624, 0.135189861059, 0.149150446057, 0.178122401237, 0.0904994308949, 0.0743094831705, 0.0835592597723, 0.100410960615, 0.125266030431, 0.137955412269, 0.107660606503, 0.0742823556066, 0.0917557626963, 0.218572363257, 0.178963601589, 0.212616235018, 0.128876984119, 0.0569074489176, 0.0943198278546, 0.140235751867, 0.13684566319, 0.130210265517, 0.104132726789, 0.114139914513, 0.185685202479, 0.152929723263, 0.0827320814133, 0.0977093875408, 0.131880134344]
        dvar: [0.0104756476358, 0.0111261466518, 0.00231476966292, 0.00329578202218, 0.00309798493981, 0.00441885041073, 0.00768519612029, 0.00525864260271, 0.0130506325513, 0.0288147553802, 0.0157025121152, 0.00952235516161, 0.0130004454404, 0.0178244691342, 0.0190960299224, 0.0184751152992, 0.0209696125239, 0.0231172051281, 0.0150449285284, 0.0109724886715, 0.028364578262, 0.0297746621072, 0.0276815649122, 0.0222148988396, 0.0113632790744, 0.0168064851314, 0.0292129702866, 0.0220061186701, 0.0201962478459, 0.0180683527142, 0.0132706966251, 0.0335718207061, 0.0410272628069, 0.0160749386996, 0.0135758584365, 0.0172341987491]
        dvar2: [0.0247230492532, 0.0304238907993, 0.00508095836267, 0.00768923806027, 0.0072271861136, 0.0116224382073, 0.0205525476485, 0.0122740278021, 0.0353255681694, 0.058360721916, 0.039725266397, 0.02574178949, 0.0347073897719, 0.047842245549, 0.0450754575431, 0.0450798980892, 0.0515969581902, 0.0653592944145, 0.0406585969031, 0.025065196678, 0.060379575938, 0.0655720829964, 0.0609292574227, 0.0571558959782, 0.021492799744, 0.0345396846533, 0.0668186321855, 0.0561515241861, 0.0451344810426, 0.0489207170904, 0.0357835590839, 0.0967861935496, 0.117854997516, 0.0436601452529, 0.0403392165899, 0.0472585335374]
        max: [1, 1, 0.477636963129, 0.460264801979, 0.454486578703, 0.724972844124, 0.79846650362, 0.797751963139, 1, 1, 1, 0.903856277466, 1, 1, 1, 1, 1, 1, 1, 1, 1, 1, 1, 1, 1, 1, 1, 1, 1, 1, 1, 0.988469660282, 1, 1, 0.814295470715, 1]
        mean: [0.198506325483, 0.130236372352, 0.0427947975695, 0.0404739901423, 0.0381118357182, 0.0556594803929, 0.0777212679386, 0.0563826747239, 0.214809671044, 0.527049720287, 0.37202912569, 0.0671341270208, 0.056857842952, 0.0627732872963, 0.107616081834, 0.237311094999, 0.222061887383, 0.0895791724324, 0.0452425628901, 0.0538745261729, 0.2676243186, 0.486485123634, 0.317810297012, 0.098367229104, 0.0578286014497, 0.0735117420554, 0.194868221879, 0.224716678262, 0.104059949517, 0.0682886242867, 0.128225341439, 0.136432990432, 0.0808911174536, 0.0485404245555, 0.0618642009795, 0.132105797529]
        min: [0.000744652352296, 0.0006514415727, 0.00196367758326, 0.00138583406806, 0.00176224997267, 0.00334018655121, 0.00196587666869, 0.00100066256709, 0.00122780259699, 0.00121939938981, 0.00116622948553, 0.00559101812541, 0.000541061977856, 0.00077614642214, 0.00118817319162, 0.00240212702192, 0.00227238470688, 0.00113246659748, 0.000231605619774, 0.000150996726006, 0.000540312204976, 0.00233759311959, 0.00187200191431, 0.000221646128921, 0.000138036179123, 0.000373416900402, 0.00249802647159, 0.00348015944473, 0.00209888024256, 0.00163486716338, 0.00198297319002, 0.0033754426986, 0.00221235584468, 0.00105147878639, 0.000478879956063, 0.00123209459707]
        var: [0.0778366625309, 0.0371251180768, 0.00351299648173, 0.00401168595999, 0.00433157663792, 0.00713475001976, 0.0125699937344, 0.00772405182943, 0.0318032316864, 0.176010981202, 0.082695633173, 0.00815246999264, 0.0195267554373, 0.0279887244105, 0.0315104052424, 0.112547263503, 0.0974638834596, 0.0334974080324, 0.0182693209499, 0.0135075226426, 0.0708538517356, 0.149254053831, 0.0784740447998, 0.0416372939944, 0.0297053027898, 0.0256082024425, 0.0939191356301, 0.105039983988, 0.0289274584502, 0.0154674993828, 0.0226093865931, 0.0314402543008, 0.0284853428602, 0.0133432671428, 0.0127364853397, 0.0323356389999]
    chords_histogram: [0, 22.6851844788, 43.5185203552, 0, 0, 0, 27.7777786255, 0, 0, 0, 0, 0, 0, 0, 0, 0, 0, 0, 0, 0, 0, 0, 0, 6.01851844788]
    thpcp: [1, 0.705871045589, 0.127377212048, 0.107879467309, 0.119103163481, 0.204185828567, 0.45026320219, 0.421330064535, 0.169963419437, 0.0858411639929, 0.102219060063, 0.50777810812, 0.923034608364, 0.602998673916, 0.186637476087, 0.109721340239, 0.139477819204, 0.369734048843, 0.426367133856, 0.197438582778, 0.129567712545, 0.243288889527, 0.258861720562, 0.153479099274, 0.092098377645, 0.117378301919, 0.250651478767, 0.37663680315, 0.247104525566, 0.0811968892813, 0.0767934918404, 0.0723116546869, 0.105605751276, 0.147464767098, 0.106977902353, 0.407570034266]
    chords_key: "C"
    chords_scale: "major"
    key_key: "F"
    key_scale: "major"
    chords_progression: ["C", "C", "C", "C", "C", "C", "C", "C", "C", "C", "C", "C", "C", "C", "C", "C", "C", "C", "C", "C", "C", "C", "C", "C", "C", "C", "C", "C", "C", "C", "C", "C", "C", "C", "C", "C", "C", "C", "C", "C", "C", "C", "C", "C", "C", "C", "C", "C", "C", "C", "C", "C", "C", "C", "C", "C", "C", "C", "C", "C", "C", "C", "C", "C", "C", "C", "C", "C", "C", "C", "C", "C", "C", "C", "C", "C", "C", "C", "C", "C", "C", "C", "C", "C", "Am", "Am", "Am", "Am", "Am", "Am", "Am", "Am", "Am", "Am", "Am", "Am", "Am", "Am", "Am", "Am", "Am", "Am", "Am", "Am", "Am", "Am", "Am", "Am", "Am", "Am", "Am", "Am", "Am", "Am", "C", "C", "C", "C", "C", "C", "C", "C", "C", "C", "Am", "Am", "Am", "Am", "Am", "Am", "Am", "Am", "Am", "Am", "Am", "Am", "Am", "Am", "Am", "Am", "Am", "Am", "Am", "Dm", "Dm", "Dm", "Dm", "Dm", "Dm", "Dm", "Dm", "Dm", "Dm", "Dm", "Dm", "Dm", "D", "D", "D", "D", "D", "D", "D", "D", "D", "D", "D", "D", "D", "D", "D", "D", "D", "D", "D", "D", "D", "D", "D", "D", "D", "D", "D", "D", "D", "D", "D", "D", "D", "D", "D", "D", "D", "D", "D", "D", "D", "D", "D", "D", "D", "D", "D", "D", "D", "D", "D", "D", "D", "D", "D", "D", "D", "D", "D", "D"]
