
metadata:
    version:
        essentia: "1.2.2"
    audio_properties:
        analysis_sample_rate: 44100
        bitrate: 128
        channels: 2
        equal_loudness: 1
        length: 10.0310201645
        replay_gain: -12.5925979614
        downmix: "mix"
    tags:
        track: 18
        year: 0
        album: "Splitted by Mp3Splt v. 2.1"
        artist: "From 002.50 To 003.00"
        comment: "http://mp3splt.sf.net"
        genre: ""
        title: "04 Empty Handed.mp3"

highlevel:
    ballroom:
        all:
            ChaChaCha: 0.161754012108
            Jive: 0.621685564518
            Quickstep: 0.0146785629913
            Rumba-American: 0.00129404384643
            Rumba-International: 0.0115645024925
            Rumba-Misc: 0.00601571565494
            Samba: 0.163362964988
            Tango: 0.00157268880866
            VienneseWaltz: 0.0159346349537
            Waltz: 0.00213730032556
        probability: 0.621685564518
        value: "Jive"
    culture:
        all:
            non_western: 0.245495736599
            western: 0.754504263401
        probability: 0.754504263401
        value: "western"
    gender:
        all:
            female: 0.891634821892
            male: 0.108365193009
        probability: 0.891634821892
        value: "female"
    genre_dortmund:
        all:
            alternative: 0.097587518394
            blues: 0.0193019285798
            electronic: 0.0772446319461
            folkcountry: 0.0313914120197
            funksoulrnb: 0.00868997070938
            jazz: 0.229122653604
            pop: 0.0735075473785
            raphiphop: 0.00416009966284
            rock: 0.458994239569
        probability: 0.458994239569
        value: "rock"
    genre_electronica:
        all:
            ambient: 0.08135022223
            dnb: 0.178657025099
            house: 0.00792581029236
            techno: 0.00745455501601
            trance: 0.724612414837
        probability: 0.724612414837
        value: "trance"
    genre_rosamerica:
        all:
            cla: 0.00721533037722
            dan: 0.0619600191712
            hip: 0.00383485388011
            jaz: 0.0102623319253
            pop: 0.183762416244
            rhy: 0.00711853802204
            roc: 0.724875450134
            spe: 0.000971042027231
        probability: 0.724875450134
        value: "roc"
    genre_tzanetakis:
        all:
            blu: 0.0112925749272
            cla: 0.0203973166645
            cou: 0.0661529228091
            dis: 0.043876029551
            hip: 0.0146747482941
            jaz: 0.246379196644
            met: 0.0592724196613
            pop: 0.148534044623
            reg: 0.0119268856943
            roc: 0.377493858337
        probability: 0.377493858337
        value: "roc"
    live_studio:
        all:
            live: 0.191931128502
            studio: 0.808068871498
        probability: 0.808068871498
        value: "studio"
    mood:
        all:
            Cluster1: 0.603398740292
            Cluster2: 0.124610424042
            Cluster3: 0.0415455214679
            Cluster4: 0.0500018149614
            Cluster5: 0.180443480611
        probability: 0.603398740292
        value: "Cluster1"
    mood_acoustic:
        all:
            acoustic: 0.00738383457065
            not_acoustic: 0.992616176605
        probability: 0.992616176605
        value: "not_acoustic"
    mood_aggressive:
        all:
            aggressive: 0.781531453133
            not_aggressive: 0.218468546867
        probability: 0.781531453133
        value: "aggressive"
    mood_electronic:
        all:
            electronic: 0.685347497463
            not_electronic: 0.314652532339
        probability: 0.685347497463
        value: "electronic"
    mood_happy:
        all:
            happy: 0.765874385834
            not_happy: 0.234125599265
        probability: 0.765874385834
        value: "happy"
    mood_party:
        all:
            not_party: 0.692372262478
            party: 0.307627737522
        probability: 0.692372262478
        value: "not_party"
    mood_relaxed:
        all:
            not_relaxed: 0.55682182312
            relaxed: 0.443178206682
        probability: 0.55682182312
        value: "not_relaxed"
    mood_sad:
        all:
            not_sad: 0.689976632595
            sad: 0.310023367405
        probability: 0.689976632595
        value: "not_sad"
    rhythm:
        all:
            fast: 0.322797894478
            medium: 0.51494717598
            slow: 0.162254929543
        probability: 0.51494717598
        value: "medium"
    speech_music:
        all:
            music: 0.999868452549
            speech: 0.000131551219965
        probability: 0.999868452549
        value: "music"
    timbre:
        all:
            bright: 0.756040036678
            dark: 0.243959963322
        probability: 0.756040036678
        value: "bright"
    voice_instrumental:
        all:
            instrumental: 0.716224372387
            voice: 0.283775627613
        probability: 0.716224372387
        value: "instrumental"

lowlevel:
    average_loudness: 0.959660232067
    barkbands_kurtosis:
        dmean: 0.597621440887
        dmean2: 0.967420816422
        dvar: 1.05826210976
        dvar2: 2.47446656227
        max: 6.11512088776
        mean: -0.785456299782
        min: -1.79249346256
        var: 1.59434819221
    barkbands_skewness:
        dmean: 0.342878639698
        dmean2: 0.514871358871
        dvar: 0.110651083291
        dvar2: 0.237129554152
        max: 2.66483998299
        mean: 0.485643595457
        min: -1.33528327942
        var: 0.428940564394
    barkbands_spread:
        dmean: 4.64504623413
        dmean2: 7.58086109161
        dvar: 18.4232711792
        dvar2: 41.6909217834
        max: 56.628818512
        mean: 37.2955551147
        min: 13.4336338043
        var: 55.5870361328
    dissonance:
        dmean: 0.0161007791758
        dmean2: 0.0277189072222
        dvar: 0.000220867543248
        dvar2: 0.000636552285869
        max: 0.497897952795
        mean: 0.461574673653
        min: 0.349988996983
        var: 0.000447572412668
    hfc:
        dmean: 1.98309278488
        dmean2: 3.27184462547
        dvar: 6.75472640991
        dvar2: 17.0360279083
        max: 29.1957187653
        mean: 8.4727897644
        min: 1.36588954926
        var: 17.4129657745
    pitch:
        dmean: 693.764770508
        dmean2: 1357.68505859
        dvar: 1827464.25
        dvar2: 4958885.5
        max: 4410
        mean: 861.802490234
        min: 74.1176452637
        var: 1775325
    pitch_instantaneous_confidence:
        dmean: 0.0800234600902
        dmean2: 0.123891100287
        dvar: 0.00403099693358
        dvar2: 0.0101918391883
        max: 0.770686268806
        mean: 0.409788250923
        min: 0.176644086838
        var: 0.0152700357139
    pitch_salience:
        dmean: 0.0529669597745
        dmean2: 0.0889088585973
        dvar: 0.00229174410924
        dvar2: 0.00561649398878
        max: 0.766583263874
        mean: 0.567185103893
        min: 0.342733919621
        var: 0.0092121148482
    silence_rate_20dB:
        dmean: 0
        dmean2: 0
        dvar: 0
        dvar2: 0
        max: 1
        mean: 1
        min: 1
        var: 0
    silence_rate_30dB:
        dmean: 0
        dmean2: 0
        dvar: 0
        dvar2: 0
        max: 1
        mean: 1
        min: 1
        var: 0
    silence_rate_60dB:
        dmean: 0.0510440841317
        dmean2: 0.10000000149
        dvar: 0.0484385229647
        dvar2: 0.113255761564
        max: 1
        mean: 0.0532407425344
        min: 0
        var: 0.0504061207175
    spectral_centroid:
        dmean: 233.54649353
        dmean2: 350.7527771
        dvar: 42711.6171875
        dvar2: 99370
        max: 3228.65234375
        mean: 1432.22436523
        min: 442.553375244
        var: 190004.21875
    spectral_complexity:
        dmean: 3.63403272629
        dmean2: 5.98598146439
        dvar: 11.6073284149
        dvar2: 29.7007274628
        max: 41
        mean: 17.7139530182
        min: 4
        var: 44.6832847595
    spectral_crest:
        dmean: 1.91676497459
        dmean2: 3.16095638275
        dvar: 3.90419411659
        dvar2: 9.76589107513
        max: 20.5357322693
        mean: 7.13873767853
        min: 2.6881070137
        var: 9.78073787689
    spectral_decrease:
        dmean: 3.7281777665e-10
        dmean2: 6.11494188618e-10
        dvar: 4.76152560943e-19
        dvar2: 1.23891720708e-18
        max: -4.52006154728e-10
        mean: -1.38845501763e-09
        min: -8.09261102575e-09
        var: 5.37892081093e-19
    spectral_energy:
        dmean: 0.00154112931341
        dmean2: 0.00252937502228
        dvar: 7.67285291658e-06
        dvar2: 1.98817560886e-05
        max: 0.0326098613441
        mean: 0.00600885506719
        min: 0.00194987375289
        var: 9.17628949537e-06
    spectral_energyband_high:
        dmean: 0.000191591505427
        dmean2: 0.000303320062812
        dvar: 7.33347107484e-08
        dvar2: 1.91715528786e-07
        max: 0.00323243206367
        mean: 0.00056365178898
        min: 4.27498198405e-05
        var: 1.60570195362e-07
    spectral_energyband_low:
        dmean: 0.000302023807308
        dmean2: 0.000531943514943
        dvar: 1.65303788435e-07
        dvar2: 4.5950307026e-07
        max: 0.00397295830771
        mean: 0.000695225608069
        min: 3.32379604515e-05
        var: 3.19507392987e-07
    spectral_energyband_middle_high:
        dmean: 0.00050478434423
        dmean2: 0.000826447445434
        dvar: 2.71567586196e-07
        dvar2: 6.6844131652e-07
        max: 0.00505666946992
        mean: 0.00203269417398
        min: 0.000234891806031
        var: 7.9187003621e-07
    spectral_energyband_middle_low:
        dmean: 0.00107555440627
        dmean2: 0.00174955674447
        dvar: 5.87000749874e-06
        dvar2: 1.53087385115e-05
        max: 0.0270389188081
        mean: 0.00271727400832
        min: 0.000290586991468
        var: 6.71398584018e-06
    spectral_flatness_db:
        dmean: 0.0132756503299
        dmean2: 0.0205947235227
        dvar: 0.000173890162841
        dvar2: 0.000378655357054
        max: 0.228933230042
        mean: 0.142753392458
        min: 0.0906907841563
        var: 0.000863730791025
    spectral_flux:
        dmean: 0.00914267636836
        dmean2: 0.0144476797432
        dvar: 0.000131372042233
        dvar2: 0.000298431026749
        max: 0.150937512517
        mean: 0.0428926870227
        min: 0.0175229217857
        var: 0.000260550034
    spectral_kurtosis:
        dmean: 0.674931585789
        dmean2: 1.10239899158
        dvar: 0.427253007889
        dvar2: 0.961529314518
        max: 11.74721241
        mean: 2.54599237442
        min: 0.768587350845
        var: 0.964502871037
    spectral_rms:
        dmean: 0.000279298576061
        dmean2: 0.000452620181022
        dvar: 1.39993829862e-07
        dvar2: 3.46549029473e-07
        max: 0.00564043410122
        mean: 0.00236864341423
        min: 0.0013792446116
        var: 2.51828282671e-07
    spectral_rolloff:
        dmean: 472.274719238
        dmean2: 796.124389648
        dvar: 339545.65625
        dvar2: 698997.9375
        max: 5103.36914062
        mean: 3219.21435547
        min: 344.53125
        var: 754411.9375
    spectral_skewness:
        dmean: 0.116988867521
        dmean2: 0.185302004218
        dvar: 0.0150589905679
        dvar2: 0.0280835088342
        max: 3.04267072678
        mean: 1.24538874626
        min: 0.714695453644
        var: 0.0474014207721
    spectral_spread:
        dmean: 370497.34375
        dmean2: 546767.1875
        dvar: 209958469632
        dvar2: 341828534272
        max: 10329718
        mean: 5028692.5
        min: 3508755.75
        var: 498345574400
    spectral_strongpeak:
        dmean: 0.246481493115
        dmean2: 0.425034999847
        dvar: 0.177348554134
        dvar2: 0.462316006422
        max: 3.14981198311
        mean: 0.447435081005
        min: 0.041838221252
        var: 0.19372613728
    zerocrossingrate:
        dmean: 0.00807542074472
        dmean2: 0.00995956826955
        dvar: 4.53954817203e-05
        dvar2: 6.87550709699e-05
        max: 0.1669921875
        mean: 0.0894633457065
        min: 0.0361328125
        var: 0.00036756056943
    barkbands:
        dmean: [4.18817819536e-07, 7.94768129708e-05, 0.000255955470493, 0.000258293759543, 0.000658522825688, 0.000291334348731, 0.000119220610941, 0.000162048396305, 9.92011409835e-05, 0.000135326656164, 3.83094957215e-05, 0.000117908130051, 4.74610205856e-05, 4.83165604237e-05, 9.99635522021e-05, 8.51352378959e-05, 0.000102266880276, 0.00010100005602, 0.000184650052688, 0.000173042993993, 0.000122513592942, 2.82814344246e-05, 5.71475266042e-06, 2.67376481133e-06, 9.38250252602e-07, 4.75319197335e-08, 1.04723230088e-09]
        dmean2: [6.68749805754e-07, 0.000131672539283, 0.000453998160083, 0.000423224963015, 0.00112920359243, 0.000439552793978, 0.000186402336112, 0.00025048077805, 0.000158569848281, 0.000212827624637, 5.97827856836e-05, 0.000178679998498, 7.59703179938e-05, 7.97078246251e-05, 0.000160575975315, 0.00014427487622, 0.00016458510072, 0.000170597282704, 0.000306796951918, 0.000287635048153, 0.000195504224394, 4.67678219138e-05, 8.47035607876e-06, 4.14515216107e-06, 1.45976173371e-06, 6.8968539324e-08, 1.2648095904e-09]
        dvar: [1.54761327451e-12, 1.97927896295e-08, 1.23017869669e-07, 1.7146811615e-07, 4.43655972049e-06, 2.20561986453e-07, 3.1342789697e-08, 9.16761990766e-08, 2.26557457239e-08, 3.43013013548e-08, 3.08062264587e-09, 2.87106232122e-08, 4.99284569244e-09, 3.17033110875e-09, 1.44576954852e-08, 9.6717789333e-09, 1.82220851741e-08, 2.22091713908e-08, 4.03916438074e-08, 4.8004167752e-08, 2.3061440757e-08, 2.86337753508e-09, 8.90663584552e-11, 3.1517507354e-11, 1.90467433492e-12, 4.59258892309e-15, 2.42948478091e-16]
        dvar2: [3.70484372347e-12, 5.09041306884e-08, 3.51758814077e-07, 4.50642886562e-07, 1.20932309073e-05, 4.27354933663e-07, 7.35034149102e-08, 2.07477839353e-07, 5.45903056093e-08, 8.79621211425e-08, 6.82393697105e-09, 6.77900828805e-08, 1.0767760017e-08, 8.21531642714e-09, 3.29302487501e-08, 2.48797462632e-08, 4.50668480312e-08, 5.90174131787e-08, 1.09016497163e-07, 1.37548283874e-07, 5.67188216394e-08, 7.07165126457e-09, 1.84652626523e-10, 7.36752880925e-11, 4.5684892501e-12, 9.17873616062e-15, 2.43299043852e-16]
        max: [1.22924866446e-05, 0.00197136960924, 0.00266105402261, 0.0046600876376, 0.0225104093552, 0.0073284637183, 0.00231953756884, 0.00359063129872, 0.0016975980252, 0.00161778461188, 0.00062657170929, 0.001796861412, 0.000667067302857, 0.000504091149196, 0.00111749023199, 0.000847925781272, 0.00151827686932, 0.00137654412538, 0.00202788272873, 0.00208929833025, 0.00201723049395, 0.000677688862197, 0.000106957784737, 8.80440420588e-05, 1.75511540874e-05, 8.29648456602e-07, 3.2352139101e-07]
        mean: [5.19120135323e-07, 0.000134832822368, 0.000559891457669, 0.000447037920821, 0.000905462657101, 0.000609720998909, 0.000222308444791, 0.000349319947418, 0.000149844025145, 0.000220219648327, 5.80368505325e-05, 0.000222886010306, 8.13746883068e-05, 8.35883329273e-05, 0.000194836829905, 0.000150641688379, 0.000219412046135, 0.000203047398827, 0.000417125149397, 0.000382481026463, 0.000308808317641, 6.59293946228e-05, 1.31063034132e-05, 6.16343095317e-06, 2.16641069528e-06, 9.93237350144e-08, 1.09669473503e-09]
        min: [5.63840571455e-11, 6.04668230153e-07, 5.53979680262e-06, 6.70915312639e-07, 3.206063775e-05, 1.02657422758e-05, 5.79227571507e-06, 1.43976365052e-06, 4.74866828881e-06, 7.90032572695e-06, 1.01844955225e-06, 2.77847721009e-06, 1.61047978509e-06, 1.59628757501e-06, 6.90467504683e-06, 5.50960794499e-06, 8.82946460479e-06, 1.22241590361e-05, 8.77616912476e-06, 3.90957138734e-05, 1.66579793586e-05, 1.28228964513e-06, 3.33678997322e-07, 2.44301560315e-07, 9.74480443006e-08, 9.51717593622e-10, 2.71248626858e-13]
        var: [1.83377315069e-12, 3.07850847037e-08, 3.11145726073e-07, 2.65545622824e-07, 3.51127050635e-06, 8.63273669438e-07, 6.11166868225e-08, 3.52487887767e-07, 3.39955228412e-08, 4.95155028091e-08, 5.31845545382e-09, 8.60260840341e-08, 8.77016326228e-09, 6.64960975172e-09, 3.15082466784e-08, 1.50492542872e-08, 3.80371538711e-08, 4.37555414123e-08, 7.47902717535e-08, 1.03595830581e-07, 5.0144596031e-08, 7.77754927128e-09, 2.55037962971e-10, 6.77387937409e-11, 5.79060193892e-12, 1.77211134086e-14, 2.42488115684e-16]
    mfcc:
        mean: [-678.233764648, 107.152008057, -36.9442672729, 54.4736824036, -16.2927742004, 0.329254299402, 4.06912231445, -8.61339378357, -1.90669190884, -4.26550388336, -12.1324357986, -5.31584262848, -5.32176065445]
        cov: [[938.393920898, -349.447967529, 34.0955734253, -14.318602562, -42.6425819397, 18.6119194031, -120.508537292, 151.538421631, 1.49002408981, -1.07950401306, 144.631515503, 29.6593723297, 28.8348789215], [-349.447967529, 298.802429199, -12.6165008545, 45.5562858582, -7.06285858154, -24.0676441193, 20.2194328308, -82.2384796143, -7.08923244476, -1.83193254471, -43.8309402466, -15.0052061081, 3.06434726715], [34.0955734253, -12.6165008545, 189.353790283, 60.5517730713, -13.1021881104, -65.203704834, -36.9430389404, -42.0736160278, -20.9841518402, -9.77091026306, 28.8647518158, 9.45816802979, -1.00017881393], [-14.318602562, 45.5562858582, 60.5517730713, 136.345947266, -6.48384618759, -34.9993591309, -49.1163215637, -3.10475492477, -14.5751838684, -11.6116762161, 39.0793952942, 0.970563471317, 13.0176897049], [-42.6425819397, -7.06285858154, -13.1021881104, -6.48384618759, 67.3951721191, 25.0745506287, 23.4876079559, 8.71752166748, 5.54478025436, 0.768546819687, -26.2253818512, -20.336397171, -5.10943603516], [18.6119194031, -24.0676441193, -65.203704834, -34.9993591309, 25.0745506287, 118.492393494, 46.2985877991, 24.339471817, 3.25688838959, -9.52766418457, -20.0519104004, -8.77201461792, -1.29298782349], [-120.508537292, 20.2194328308, -36.9430389404, -49.1163215637, 23.4876079559, 46.2985877991, 117.411567688, -12.810464859, 16.9345779419, 8.22220039368, -60.1832885742, -17.2302646637, -15.7634067535], [151.538421631, -82.2384796143, -42.0736160278, -3.10475492477, 8.71752166748, 24.339471817, -12.810464859, 119.097389221, 26.2365531921, -0.0187483392656, 23.0848941803, -11.2978210449, 11.0116796494], [1.49002408981, -7.08923244476, -20.9841518402, -14.5751838684, 5.54478025436, 3.25688838959, 16.9345779419, 26.2365531921, 61.460723877, 26.139629364, -9.19028663635, -10.3225679398, -0.656727552414], [-1.07950401306, -1.83193254471, -9.77091026306, -11.6116762161, 0.768546819687, -9.52766418457, 8.22220039368, -0.0187483392656, 26.139629364, 63.4337425232, 17.1078453064, 6.11817932129, -4.69339323044], [144.631515503, -43.8309402466, 28.8647518158, 39.0793952942, -26.2253818512, -20.0519104004, -60.1832885742, 23.0848941803, -9.19028663635, 17.1078453064, 110.527030945, 43.7103462219, 17.4546089172], [29.6593723297, -15.0052061081, 9.45816802979, 0.970563471317, -20.336397171, -8.77201461792, -17.2302646637, -11.2978210449, -10.3225679398, 6.11817932129, 43.7103462219, 77.0379180908, 8.1794757843], [28.8348789215, 3.06434726715, -1.00017881393, 13.0176897049, -5.10943603516, -1.29298782349, -15.7634067535, 11.0116796494, -0.656727552414, -4.69339323044, 17.4546089172, 8.1794757843, 53.078956604]]
        icov: [[0.00272141001187, 0.00236455793492, -0.000508364988491, 0.000645493273623, 0.00146197609138, -0.000930165231694, 0.00161829951685, -0.00128926942125, 7.02961187926e-05, 8.65384718054e-05, -0.00168851681519, 0.000933323346544, -0.000496692024171], [0.00236455793492, 0.00753170996904, 0.00169375597034, -0.00258923578076, 0.00219432334416, 0.000146475606016, 0.000645408814307, 0.00295003666542, -0.000514459854458, -0.000173243432073, 0.000291152769933, 0.00150452123489, -0.00160723912995], [-0.000508364988491, 0.00169375597034, 0.00890380889177, -0.00336787546985, -0.000716246373486, 0.00397440744564, -0.00101841986179, 0.00432941643521, -0.000178049842361, 0.00195037049707, -0.00137778546195, 0.000693747017067, 0.000515801773872], [0.000645493273623, -0.00258923578076, -0.00336787546985, 0.0123810246587, -0.00147979462054, 0.000364512350643, 0.00268819672056, -0.00202629878186, 0.000365318177501, 0.00229462352581, -0.00482014147565, 0.00214121420868, -0.000753435422666], [0.00146197609138, 0.00219432334416, -0.000716246373486, -0.00147979462054, 0.0195033717901, -0.00373187405057, -0.000251602352364, -0.00190136278979, 0.00104436220136, -0.00266339397058, 0.00327244936489, 0.00287626730278, -0.000207164310268], [-0.000930165231694, 0.000146475606016, 0.00397440744564, 0.000364512350643, -0.00373187405057, 0.0139607461169, -0.00566930603236, -0.000367271801224, 0.00103771139402, 0.00354879186489, -0.00168198347092, 1.66704558069e-05, -0.000267116323812], [0.00161829951685, 0.000645408814307, -0.00101841986179, 0.00268819672056, -0.000251602352364, -0.00566930603236, 0.0167603772134, 0.000146041245898, -0.00184659461956, -0.00333782774396, 0.00599419511855, -0.000840875669383, 0.00103046116419], [-0.00128926942125, 0.00295003666542, 0.00432941643521, -0.00202629878186, -0.00190136278979, -0.000367271801224, 0.000146041245898, 0.0165794361383, -0.00718565657735, 0.00384807609953, -0.0038116753567, 0.00354099064134, -0.00152041076217], [7.02961187926e-05, -0.000514459854458, -0.000178049842361, 0.000365318177501, 0.00104436220136, 0.00103771139402, -0.00184659461956, -0.00718565657735, 0.0252383258194, -0.0113195637241, 0.00428524147719, 0.000799561617896, -0.00125432899222], [8.65384718054e-05, -0.000173243432073, 0.00195037049707, 0.00229462352581, -0.00266339397058, 0.00354879186489, -0.00333782774396, 0.00384807609953, -0.0113195637241, 0.0248546674848, -0.00966365728527, 0.000902487314306, 0.00257387687452], [-0.00168851681519, 0.000291152769933, -0.00137778546195, -0.00482014147565, 0.00327244936489, -0.00168198347092, 0.00599419511855, -0.0038116753567, 0.00428524147719, -0.00966365728527, 0.023995609954, -0.00963769853115, -0.00230545690283], [0.000933323346544, 0.00150452123489, 0.000693747017067, 0.00214121420868, 0.00287626730278, 1.66704558069e-05, -0.000840875669383, 0.00354099064134, 0.000799561617896, 0.000902487314306, -0.00963769853115, 0.0195649471134, -0.00156898389105], [-0.000496692024171, -0.00160723912995, 0.000515801773872, -0.000753435422666, -0.000207164310268, -0.000267116323812, 0.00103046116419, -0.00152041076217, -0.00125432899222, 0.00257387687452, -0.00230545690283, -0.00156898389105, 0.0212039556354]]
    spectral_contrast:
        mean: [6.53788418958e-08, 8.33078885876e-08, -2.72032818494e-09, -1.36813454787e-07, -2.75751350642e-08, 5.44984004591e-07, -2.00950830731e-06, 1.69152440321e-06, -1.48301211311e-07, 7.875436836e-07, -1.65631604432e-06, 1.91427943719e-06]
        var: [0.000456782057881, 0.000673556758557, 0.000970651686657, 0.00207535130903, 0.00340260541998, 0.00460514379665, 0.0326040685177, 0.0519203580916, 0.099829249084, 0.208900913596, 0.305564850569, 1.14767932892]

rhythm:
    beats_loudness:
        dmean: 0.00197275285609
        dmean2: 0.00285672978498
        dvar: 2.20570268539e-06
        dvar2: 6.47350134386e-06
        max: 0.0132889533415
        mean: 0.00669591641054
        min: 0.00317168887705
        var: 7.22099593986e-06
    beats_loudness_bass:
        dmean: 0.102069631219
        dmean2: 0.149883136153
        dvar: 0.00590337766334
        dvar2: 0.0124881025404
        max: 0.4169280231
        mean: 0.16057266295
        min: 0.0251353327185
        var: 0.0142212118953
    bpm: 103.207321167
    bpm_confidence: 0
    first_peak_bpm: 103
    first_peak_spread: 0
    first_peak_weight: 0.9375
    onset_rate: 2.8910317421
    second_peak_bpm: 78
    second_peak_spread: 0
    second_peak_weight: 0.0625
    beats_position: [0.184255063534, 0.765263438225, 1.34627175331, 1.9272800684, 2.50828838348, 3.0892970562, 3.67030525208, 4.25131368637, 4.83232212067, 5.41333055496, 6.18085432053, 6.7628288269, 7.34480428696, 7.9267783165, 8.50875377655, 9.09072875977, 9.67270374298]
    bpm_estimates: [103.368659973, 103.247764587, 103.427680969, 103.185028076, 103.215843201, 103.242614746, 103.19405365, 103.561004639, 102.24584198, 103.282440186, 103.30960083]
    bpm_intervals: [0.581008374691, 0.581008315086, 0.581008315086, 0.581008315086, 0.581008672714, 0.581008195877, 0.581008434296, 0.581008434296, 0.581008434296, 0.767523765564, 0.581974506378, 0.581975460052, 0.581974029541, 0.581975460052, 0.581974983215, 0.581974983215]
    onset_times: [0.0580498874187, 0.174149662256, 0.545668959618, 0.766258478165, 1.34675741196, 1.5673469305, 1.92725622654, 2.12462592125, 2.51936507225, 2.70512461662, 2.90249443054, 3.68036270142, 3.88934230804, 4.051882267, 4.7020406723, 4.87619066238, 5.28253984451, 5.44507932663, 5.87464857101, 6.025578022, 6.60607719421, 7.00081634521, 7.19818592072, 7.94122457504, 8.38240337372, 8.54494285583, 9.11383247375, 9.52018165588, 9.72916126251]
    rubato_start: []
    rubato_stop: []
    perceptual_tempo: "unknown"

sfx:
    inharmonicity:
        dmean: 0.0441582724452
        dmean2: 0.0778645947576
        dvar: 0.00241512805223
        dvar2: 0.00685627898201
        max: 0.378245234489
        mean: 0.0475012548268
        min: 0
        var: 0.00244084512815
    oddtoevenharmonicenergyratio:
        dmean: 2.08942770958
        dmean2: 3.98543286324
        dvar: 40.0463752747
        dvar2: 126.391197205
        max: 54.7463188171
        mean: 1.44581723213
        min: 0
        var: 21.9876232147
    pitch_after_max_to_before_max_energy_ratio: 20.6952629089
    pitch_centroid: 204.268295288
    pitch_max_to_total: 0.0697674453259
    pitch_min_to_total: 0.890697658062
    tristimulus:
        dmean: [0.197523161769, 0.220830276608, 0.127994194627]
        dmean2: [0.353286087513, 0.386687576771, 0.223974019289]
        dvar: [0.031918361783, 0.0354870222509, 0.014965351671]
        dvar2: [0.0879616513848, 0.101352654397, 0.0411556065083]
        max: [1, 0.943943142891, 0.735800027847]
        mean: [0.375005424023, 0.44099226594, 0.149662777781]
        min: [0.0277202501893, 0, 0]
        var: [0.0458236150444, 0.0453504733741, 0.0176325850189]

tonal:
    chords_changes_rate: 0.0694444477558
    chords_number_rate: 0.0231481473893
    chords_strength:
        dmean: 0.00827177800238
        dmean2: 0.00794863235205
        dvar: 4.85506170662e-05
        dvar2: 5.31258592673e-05
        max: 0.594648003578
        mean: 0.443509638309
        min: 0.307410180569
        var: 0.00782354455441
    key_strength: 0.624443113804
    tuning_diatonic_strength: 0.542909622192
    tuning_equal_tempered_deviation: 0.0409410521388
    tuning_frequency: 442.293365479
    tuning_nontempered_energy_ratio: 0.664125204086
    hpcp:
        dmean: [0.179798781872, 0.129208683968, 0.0834601521492, 0.0829175040126, 0.0815828293562, 0.0817288830876, 0.0983242541552, 0.130070835352, 0.165140584111, 0.148823231459, 0.155899897218, 0.155845567584, 0.145329296589, 0.149840384722, 0.178411498666, 0.177903115749, 0.170373961329, 0.0865516811609, 0.0762755721807, 0.0884304046631, 0.108414679766, 0.0932846143842, 0.0736689195037, 0.0503675155342, 0.0547457002103, 0.0681223347783, 0.100338838995, 0.104691118002, 0.108642026782, 0.111652687192, 0.110691271722, 0.0989685878158, 0.0774825960398, 0.0891401544213, 0.119738832116, 0.165867999196]
        dmean2: [0.293061167002, 0.213853389025, 0.146747559309, 0.144306510687, 0.139086529613, 0.134881660342, 0.167524769902, 0.22564804554, 0.287376344204, 0.259140968323, 0.270940124989, 0.274988204241, 0.249755889177, 0.266934871674, 0.303662478924, 0.290744364262, 0.294667214155, 0.138567522168, 0.128773361444, 0.154197081923, 0.185673102736, 0.153750315309, 0.11448828131, 0.0855687335134, 0.090278595686, 0.119833856821, 0.170469015837, 0.163362681866, 0.189535781741, 0.194128677249, 0.189808055758, 0.173027291894, 0.140659987926, 0.161023914814, 0.209515497088, 0.278916597366]
        dvar: [0.0343078486621, 0.0226974822581, 0.0156166767702, 0.0121580855921, 0.0110492184758, 0.0172489415854, 0.0172175336629, 0.0289063025266, 0.0406672991812, 0.0495801270008, 0.0316758565605, 0.0486470125616, 0.0410626828671, 0.0396428592503, 0.0387737266719, 0.0426819995046, 0.0361032523215, 0.0165907256305, 0.0247218180448, 0.0279880482703, 0.033777974546, 0.0304468348622, 0.0143121685833, 0.00983794871718, 0.0157180689275, 0.0116986017674, 0.0198240559548, 0.0216100998223, 0.0255867727101, 0.0276399310678, 0.0249023213983, 0.0188819337636, 0.0144388210028, 0.0222586095333, 0.0336249023676, 0.0354808606207]
        dvar2: [0.0865941643715, 0.0631574466825, 0.0456602647901, 0.0349878631532, 0.032812744379, 0.0497402884066, 0.0477354265749, 0.087563842535, 0.113049201667, 0.11853441596, 0.079922221601, 0.133213326335, 0.10374930501, 0.112007781863, 0.0961380973458, 0.0860767513514, 0.0953975841403, 0.0350553356111, 0.0608871616423, 0.0782095640898, 0.0933713391423, 0.0534279644489, 0.0306747145951, 0.0213488582522, 0.0382629297674, 0.0297855101526, 0.0511870346963, 0.045265968889, 0.0712415724993, 0.0819425657392, 0.0595703944564, 0.0467591769993, 0.0380353182554, 0.0620640479028, 0.0965167582035, 0.103637553751]
        max: [1, 1, 0.972783863544, 0.741496741772, 0.742734074593, 1, 1, 1, 1, 1, 1, 1, 1, 1, 1, 1, 1, 1, 1, 1, 1, 1, 0.933095753193, 1, 1, 0.828346312046, 1, 1, 1, 1, 1, 1, 0.81852209568, 1, 1, 1]
        mean: [0.429044872522, 0.252207875252, 0.106127850711, 0.10567792505, 0.100481048226, 0.116277836263, 0.130655661225, 0.158499822021, 0.329202651978, 0.383521348238, 0.210070729256, 0.180071383715, 0.207282677293, 0.17040245235, 0.322607219219, 0.461248159409, 0.289627343416, 0.110456041992, 0.0791841000319, 0.0789313316345, 0.142986983061, 0.188139513135, 0.109066732228, 0.0501989908516, 0.0556276962161, 0.070926360786, 0.140478864312, 0.175565749407, 0.127771481872, 0.148516848683, 0.181453764439, 0.128166854382, 0.093846924603, 0.101449117064, 0.127095684409, 0.302354037762]
        min: [0.0403192602098, 0.0220622718334, 0.001702621812, 0.00327609013766, 0.00128786067944, 0.0022321913857, 0.00445452937856, 0.00416671857238, 0.00205792137422, 0.00232129660435, 0.00446980027482, 0.00746321398765, 0.00815564300865, 0.00637660780922, 0.0119481235743, 0.0206073820591, 0.0111230313778, 0.00158564548474, 0.000855975085869, 0.000437745795352, 0.00299307634123, 0.00437874207273, 0.00139887456317, 0.000402715581004, 0.000519690511283, 0.00119069346692, 0.0042739934288, 0.00488886609674, 0.00248496723361, 0.0032293072436, 0.00460433959961, 0.00186303595547, 0.00272948620841, 0.00202557421289, 0.00158131634817, 0.0327742770314]
        var: [0.0913787484169, 0.0374853387475, 0.0164687372744, 0.0143464403227, 0.0122700566426, 0.0194916762412, 0.0208347570151, 0.0319733805954, 0.114413745701, 0.161556586623, 0.0492058955133, 0.0527682229877, 0.0650817975402, 0.0382316969335, 0.0710477977991, 0.128336057067, 0.0672805458307, 0.0240259990096, 0.0243750978261, 0.0247036442161, 0.0417238809168, 0.0738787055016, 0.024394037202, 0.0115858362988, 0.0170435979962, 0.0123231774196, 0.0285027530044, 0.0517989657819, 0.0325640514493, 0.0344071015716, 0.0438915900886, 0.0233682021499, 0.0135953417048, 0.0173811875284, 0.0276617128402, 0.0573908090591]
    chords_histogram: [51.851852417, 0, 0, 0, 0, 0, 0, 0, 0, 0, 0, 0, 0, 0, 0, 0, 0, 9.72222232819, 11.1111106873, 2.77777767181, 0, 0, 24.5370368958, 0]
    thpcp: [1, 0.627920866013, 0.239472046494, 0.171673536301, 0.171125516295, 0.310000121593, 0.407892167568, 0.236459985375, 0.108832933009, 0.120602533221, 0.153770506382, 0.304562449455, 0.380631864071, 0.277012437582, 0.321989029646, 0.393397271633, 0.277869641781, 0.203462973237, 0.219944760203, 0.275547295809, 0.655512750149, 0.930182278156, 0.546794295311, 0.230088397861, 0.229112952948, 0.217845961452, 0.252093881369, 0.283265441656, 0.343632429838, 0.713721334934, 0.831485927105, 0.455439716578, 0.390400230885, 0.449395120144, 0.36943769455, 0.699422240257]
    chords_key: "D"
    chords_scale: "major"
    key_key: "D"
    key_scale: "major"
    chords_progression: ["D", "D", "D", "D", "D", "D", "D", "D", "D", "D", "D", "D", "D", "D", "D", "D", "D", "D", "D", "D", "D", "D", "D", "D", "D", "D", "D", "D", "D", "D", "D", "D", "D", "D", "D", "D", "D", "D", "D", "D", "D", "D", "D", "D", "G", "G", "G", "G", "G", "G", "G", "G", "G", "G", "G", "G", "G", "Am", "Am", "F", "Am", "G", "G", "G", "G", "F", "F", "F", "F", "F", "Dm", "Dm", "Dm", "Dm", "Dm", "Dm", "Dm", "Dm", "Dm", "Dm", "Dm", "Dm", "Dm", "Dm", "D", "D", "D", "D", "D", "D", "D", "D", "D", "Dm", "Dm", "Dm", "Dm", "Dm", "Dm", "Dm", "D", "D", "D", "D", "D", "D", "D", "D", "D", "D", "D", "D", "D", "D", "D", "D", "D", "D", "D", "D", "D", "D", "D", "D", "D", "D", "D", "D", "D", "D", "D", "D", "D", "D", "D", "D", "D", "D", "D", "D", "D", "D", "D", "D", "D", "D", "D", "D", "D", "D", "D", "D", "D", "D", "D", "D", "D", "D", "Am", "Am", "Am", "F", "F", "F", "F", "F", "F", "F", "F", "F", "F", "F", "F", "F", "F", "F", "F", "F", "F", "G", "G", "G", "G", "G", "G", "G", "G", "G", "G", "G", "G", "G", "G", "G", "G", "G", "G", "G", "G", "G", "G", "G", "G", "G", "G", "G", "G", "G", "G", "G", "G", "D", "G", "G", "G", "G"]
