
metadata:
    version:
        essentia: "1.2.2"
    audio_properties:
        analysis_sample_rate: 44100
        bitrate: 128
        channels: 2
        equal_loudness: 1
        length: 9.87428569794
        replay_gain: -12.0291576385
        downmix: "mix"
    tags:
        track: 14
        year: 0
        album: "Splitted by Mp3Splt v. 2.1"
        artist: "From 002.10 To 002.20"
        comment: "http://mp3splt.sf.net"
        genre: ""
        title: "10 Trippin' on Broken Beats [C"

highlevel:
    ballroom:
        all:
            ChaChaCha: 0.156711652875
            Jive: 0.313616901636
            Quickstep: 0.20332492888
            Rumba-American: 0.00562440790236
            Rumba-International: 0.0201074741781
            Rumba-Misc: 0.0102896466851
            Samba: 0.198900356889
            Tango: 0.0193116050214
            VienneseWaltz: 0.0605184473097
            Waltz: 0.0115945627913
        probability: 0.313616901636
        value: "Jive"
    culture:
        all:
            non_western: 0.056198976934
            western: 0.943801045418
        probability: 0.943801045418
        value: "western"
    gender:
        all:
            female: 0.563372015953
            male: 0.436627954245
        probability: 0.563372015953
        value: "female"
    genre_dortmund:
        all:
            alternative: 0.0227668154985
            blues: 0.0647229254246
            electronic: 0.0446073375642
            folkcountry: 0.0782136619091
            funksoulrnb: 0.16813467443
            jazz: 0.397690296173
            pop: 0.0612468160689
            raphiphop: 0.0219579711556
            rock: 0.140659481287
        probability: 0.397690296173
        value: "jazz"
    genre_electronica:
        all:
            ambient: 0.343951016665
            dnb: 0.510246872902
            house: 0.0484695769846
            techno: 0.0149166015908
            trance: 0.0824159383774
        probability: 0.510246872902
        value: "dnb"
    genre_rosamerica:
        all:
            cla: 0.0884311571717
            dan: 0.0839185044169
            hip: 0.0406393557787
            jaz: 0.13332515955
            pop: 0.453684478998
            rhy: 0.100479118526
            roc: 0.0912847742438
            spe: 0.00823745969683
        probability: 0.453684478998
        value: "pop"
    genre_tzanetakis:
        all:
            blu: 0.00424989452586
            cla: 0.00225895293988
            cou: 0.0174542088062
            dis: 0.29246288538
            hip: 0.0103914169595
            jaz: 0.0337303541601
            met: 0.00307966768742
            pop: 0.576109588146
            reg: 0.0190148409456
            roc: 0.0412482209504
        probability: 0.576109588146
        value: "pop"
    live_studio:
        all:
            live: 0.0303193312138
            studio: 0.969680666924
        probability: 0.969680666924
        value: "studio"
    mood:
        all:
            Cluster1: 0.354718059301
            Cluster2: 0.234829589725
            Cluster3: 0.0569694899023
            Cluster4: 0.225405260921
            Cluster5: 0.128077596426
        probability: 0.354718059301
        value: "Cluster1"
    mood_acoustic:
        all:
            acoustic: 0.196982935071
            not_acoustic: 0.80301707983
        probability: 0.80301707983
        value: "not_acoustic"
    mood_aggressive:
        all:
            aggressive: 0.353950470686
            not_aggressive: 0.646049499512
        probability: 0.646049499512
        value: "not_aggressive"
    mood_electronic:
        all:
            electronic: 0.775163114071
            not_electronic: 0.224836885929
        probability: 0.775163114071
        value: "electronic"
    mood_happy:
        all:
            happy: 0.76971244812
            not_happy: 0.230287536979
        probability: 0.76971244812
        value: "happy"
    mood_party:
        all:
            not_party: 0.379740655422
            party: 0.620259344578
        probability: 0.620259344578
        value: "party"
    mood_relaxed:
        all:
            not_relaxed: 0.259617865086
            relaxed: 0.740382134914
        probability: 0.740382134914
        value: "relaxed"
    mood_sad:
        all:
            not_sad: 0.449819475412
            sad: 0.550180494785
        probability: 0.550180494785
        value: "sad"
    rhythm:
        all:
            fast: 0.34664067626
            medium: 0.604157328606
            slow: 0.0492020137608
        probability: 0.604157328606
        value: "medium"
    speech_music:
        all:
            music: 0.940486192703
            speech: 0.0595137886703
        probability: 0.940486192703
        value: "music"
    timbre:
        all:
            bright: 0.956920027733
            dark: 0.043079983443
        probability: 0.956920027733
        value: "bright"
    voice_instrumental:
        all:
            instrumental: 0.321553707123
            voice: 0.678446292877
        probability: 0.678446292877
        value: "voice"

lowlevel:
    average_loudness: 0.972043156624
    barkbands_kurtosis:
        dmean: 1.40642631054
        dmean2: 2.43386316299
        dvar: 8.52274990082
        dvar2: 24.4065055847
        max: 24.8706073761
        mean: 0.0933208093047
        min: -1.72612440586
        var: 6.64673614502
    barkbands_skewness:
        dmean: 0.5452247262
        dmean2: 0.87314915657
        dvar: 0.398432999849
        dvar2: 1.0405164957
        max: 4.19425106049
        mean: 0.606482803822
        min: -1.51225042343
        var: 0.750621676445
    barkbands_spread:
        dmean: 5.25972175598
        dmean2: 8.54419708252
        dvar: 29.063835144
        dvar2: 72.1839294434
        max: 61.0533638
        mean: 26.6763839722
        min: 5.29281902313
        var: 89.9951934814
    dissonance:
        dmean: 0.020751779899
        dmean2: 0.0342148691416
        dvar: 0.000439920579083
        dvar2: 0.00110152876005
        max: 0.49955317378
        mean: 0.461898803711
        min: 0.286132961512
        var: 0.000647274195217
    hfc:
        dmean: 1.89853477478
        dmean2: 2.84276795387
        dvar: 12.0771255493
        dvar2: 24.8351745605
        max: 27.1823368073
        mean: 4.16994285583
        min: 0.00712934834883
        var: 16.7414226532
    pitch:
        dmean: 283.755706787
        dmean2: 543.968139648
        dvar: 622389.625
        dvar2: 1628855.25
        max: 4009.09082031
        mean: 461.918060303
        min: 79.0322570801
        var: 631484.25
    pitch_instantaneous_confidence:
        dmean: 0.102066077292
        dmean2: 0.165532976389
        dvar: 0.0101784020662
        dvar2: 0.0206226129085
        max: 0.883801400661
        mean: 0.465643167496
        min: 0.14453548193
        var: 0.0267760436982
    pitch_salience:
        dmean: 0.0655817613006
        dmean2: 0.107326500118
        dvar: 0.00347608630545
        dvar2: 0.00839708466083
        max: 0.92008882761
        mean: 0.612043619156
        min: 0.35059902072
        var: 0.00769229745492
    silence_rate_20dB:
        dmean: 0
        dmean2: 0
        dvar: 0
        dvar2: 0
        max: 1
        mean: 1
        min: 1
        var: 0
    silence_rate_30dB:
        dmean: 0
        dmean2: 0
        dvar: 0
        dvar2: 0
        max: 1
        mean: 1
        min: 1
        var: 0
    silence_rate_60dB:
        dmean: 0.206572771072
        dmean2: 0.414117634296
        dvar: 0.16390016675
        dvar2: 0.256742477417
        max: 1
        mean: 0.597189724445
        min: 0
        var: 0.240553721786
    spectral_centroid:
        dmean: 287.068389893
        dmean2: 445.066894531
        dvar: 97792.9140625
        dvar2: 230355.8125
        max: 3049.63354492
        mean: 1295.96374512
        min: 271.366699219
        var: 296432.34375
    spectral_complexity:
        dmean: 3.90588235855
        dmean2: 6.07783031464
        dvar: 39.3041419983
        dvar2: 87.2132949829
        max: 50
        mean: 10.78403759
        min: 0
        var: 51.9298629761
    spectral_crest:
        dmean: 2.2851023674
        dmean2: 3.75300693512
        dvar: 4.58800363541
        dvar2: 11.8704385757
        max: 22.188829422
        mean: 7.26393795013
        min: 2.41513609886
        var: 8.7340669632
    spectral_decrease:
        dmean: 4.48254794394e-10
        dmean2: 7.20044412983e-10
        dvar: 4.10183149333e-19
        dvar2: 1.00000283755e-18
        max: -1.01445035098e-12
        mean: -7.9193002156e-10
        min: -3.67626995512e-09
        var: 4.54381374016e-19
    spectral_energy:
        dmean: 0.00184151611757
        dmean2: 0.00295333191752
        dvar: 6.96161441738e-06
        dvar2: 1.64615485119e-05
        max: 0.0163406077772
        mean: 0.00336715206504
        min: 4.4754310693e-06
        var: 8.03972670838e-06
    spectral_energyband_high:
        dmean: 0.000103812140878
        dmean2: 0.000149369778228
        dvar: 4.08088034476e-08
        dvar2: 8.79443859958e-08
        max: 0.00167757296003
        mean: 0.000162229785929
        min: 5.80090386393e-07
        var: 5.4841933661e-08
    spectral_energyband_low:
        dmean: 0.000175326465978
        dmean2: 0.000296470680041
        dvar: 1.82386415304e-07
        dvar2: 4.91158175464e-07
        max: 0.002275678562
        mean: 0.000184541771887
        min: 2.66495334245e-07
        var: 1.5082990501e-07
    spectral_energyband_middle_high:
        dmean: 0.000559072359465
        dmean2: 0.00086270441534
        dvar: 9.45825036069e-07
        dvar2: 2.0337265596e-06
        max: 0.00901423115283
        mean: 0.00127177394461
        min: 1.05224285107e-06
        var: 1.55249688305e-06
    spectral_energyband_middle_low:
        dmean: 0.00127380120102
        dmean2: 0.00213165162131
        dvar: 3.72102181245e-06
        dvar2: 9.7871370599e-06
        max: 0.0115968668833
        mean: 0.00174860004336
        min: 2.55280906458e-06
        var: 3.28960140905e-06
    spectral_flatness_db:
        dmean: 0.0194812323898
        dmean2: 0.0319999754429
        dvar: 0.000384023995139
        dvar2: 0.0010661232518
        max: 0.242670342326
        mean: 0.152059137821
        min: 0.0718699842691
        var: 0.000568013230804
    spectral_flux:
        dmean: 0.0136347934604
        dmean2: 0.0216692462564
        dvar: 0.000286925322143
        dvar2: 0.000475037610158
        max: 0.107225246727
        mean: 0.0357553884387
        min: 0.00847477838397
        var: 0.00044046639232
    spectral_kurtosis:
        dmean: 1.57913172245
        dmean2: 2.61276984215
        dvar: 3.18012237549
        dvar2: 7.94230222702
        max: 17.7462768555
        mean: 4.20700120926
        min: 0.818953990936
        var: 4.80133962631
    spectral_rms:
        dmean: 0.000437576061813
        dmean2: 0.000673652684782
        dvar: 3.02726022028e-07
        dvar2: 6.68694269734e-07
        max: 0.00399275030941
        mean: 0.0016835401766
        min: 6.60777877783e-05
        var: 4.50717720923e-07
    spectral_rolloff:
        dmean: 561.484191895
        dmean2: 931.157714844
        dvar: 489939.09375
        dvar2: 1137360.75
        max: 4801.90429688
        mean: 2510.18652344
        min: 258.3984375
        var: 1194242
    spectral_skewness:
        dmean: 0.229726567864
        dmean2: 0.370797097683
        dvar: 0.0490664802492
        dvar2: 0.113119900227
        max: 2.96483445168
        mean: 1.62063598633
        min: 0.945454478264
        var: 0.125406518579
    spectral_spread:
        dmean: 712676.375
        dmean2: 912351.875
        dvar: 858361626624
        dvar2: 966396542976
        max: 25950706
        mean: 4610885
        min: 2521898.75
        var: 2.30562830746e+12
    spectral_strongpeak:
        dmean: 0.461522907019
        dmean2: 0.814850926399
        dvar: 0.471943676472
        dvar2: 1.20996141434
        max: 5.16404390335
        mean: 0.617373883724
        min: 0.000845286296681
        var: 0.637683987617
    zerocrossingrate:
        dmean: 0.00875459518284
        dmean2: 0.010127229616
        dvar: 6.01823630859e-05
        dvar2: 6.83560792822e-05
        max: 0.14453125
        mean: 0.0775106400251
        min: 0.0126953125
        var: 0.000614101125393
    barkbands:
        dmean: [7.85161873296e-08, 5.87394606555e-05, 0.000129156076582, 0.000180085844477, 0.000573752680793, 0.000413393165218, 0.000165578079759, 9.46186119108e-05, 0.000108133099275, 8.58690254972e-05, 8.37369516375e-05, 7.70374754211e-05, 6.01298888796e-05, 6.82429381413e-05, 4.85398668388e-05, 6.61308076815e-05, 8.27753392514e-05, 0.000102049831185, 9.8895667179e-05, 0.000102012694697, 5.43288188055e-05, 1.37334764077e-05, 4.14442774854e-06, 1.57020338065e-06, 4.49186615015e-07, 2.21098979125e-08, 3.83358944589e-09]
        dmean2: [1.01589520796e-07, 9.18613150134e-05, 0.00022968443227, 0.000321347208228, 0.00101004214957, 0.000682867481373, 0.000287511415081, 0.000150527790538, 0.000177294918103, 0.000133622743306, 0.000138193907333, 0.000121866047266, 9.84811704257e-05, 0.000109461783723, 7.81716880738e-05, 0.000102286976471, 0.000125935592223, 0.000163555931067, 0.000146230129758, 0.000150794061483, 7.89421465015e-05, 1.90150276467e-05, 6.35576634522e-06, 2.09152653952e-06, 6.3412437612e-07, 3.25646283272e-08, 5.81737591432e-09]
        dvar: [2.00000701222e-13, 1.68928000477e-08, 1.14066956769e-07, 2.03690959211e-07, 1.33065498176e-06, 5.79775644383e-07, 8.20563599291e-08, 2.05215275884e-08, 2.69463100722e-08, 3.75232893646e-08, 2.42675692874e-08, 1.47053356159e-08, 1.2250207071e-08, 1.38985951637e-08, 1.43916034645e-08, 2.0276701207e-08, 2.21238956044e-08, 4.97370002961e-08, 2.90908381828e-08, 3.13849248812e-08, 1.12874554148e-08, 4.68916350194e-10, 5.07773718905e-11, 3.43780819784e-12, 3.76329582731e-13, 2.99509452545e-15, 2.91558206038e-15]
        dvar2: [4.73584496272e-13, 4.05194491293e-08, 3.18810322142e-07, 5.70775853248e-07, 3.60516537512e-06, 1.44166210703e-06, 2.07061603419e-07, 5.06821322688e-08, 6.59399645997e-08, 8.24855135306e-08, 5.63535600406e-08, 3.23639390842e-08, 3.32084830745e-08, 2.95965119079e-08, 3.98599304674e-08, 4.27010711235e-08, 5.16982190391e-08, 1.22980210904e-07, 5.8507509948e-08, 7.16066210771e-08, 2.54744012551e-08, 9.91219217816e-10, 1.25016982877e-10, 5.94488867856e-12, 7.95384591523e-13, 7.5140911085e-15, 7.33221111187e-15]
        max: [6.80686571286e-06, 0.00109370483551, 0.00175521872006, 0.00321491807699, 0.00885399151593, 0.00534465536475, 0.00217130035162, 0.00145216414239, 0.00201923958957, 0.00295773032121, 0.00151471432764, 0.0016235752264, 0.00114558031783, 0.0017556011444, 0.00160504027735, 0.00147378840484, 0.00120123045053, 0.0017021719832, 0.00156873755623, 0.00139290455263, 0.00100340426434, 0.000163892254932, 4.71260682389e-05, 1.3413101442e-05, 4.55589361081e-06, 7.67629899201e-07, 7.95381083663e-07]
        mean: [1.77058851136e-07, 8.69739596965e-05, 9.73981368588e-05, 0.000154948676936, 0.000560187851079, 0.000454396737041, 0.000176769928657, 0.000157160757226, 0.000210418002098, 0.000133125970024, 0.000130158441607, 0.000123410063679, 9.42325059441e-05, 0.000109576409159, 7.18164228601e-05, 9.38433950068e-05, 0.000128131199745, 0.000129938896862, 0.000163700533449, 0.000194469859707, 7.03664845787e-05, 1.83716838364e-05, 4.74827402286e-06, 2.20081028601e-06, 6.07315371326e-07, 2.31887291591e-08, 1.99636640552e-09]
        min: [4.54190088317e-11, 6.40923616402e-08, 1.47844332332e-07, 2.71246165084e-07, 1.11136967007e-06, 6.5626761625e-07, 2.496330751e-07, 1.74000362563e-07, 8.93632474686e-08, 4.57548576804e-09, 1.63244884277e-08, 1.20863088426e-08, 1.8632826837e-08, 1.42625991018e-08, 1.77337504681e-08, 5.98090537096e-08, 4.83709001742e-08, 4.72023735654e-08, 4.02417441592e-07, 3.08079421529e-07, 2.67996966841e-07, 5.002083725e-08, 1.52506363094e-08, 1.35585302985e-08, 3.49969675462e-09, 3.67094604714e-10, 4.36951898478e-15]
        var: [1.59712792037e-13, 2.59212669107e-08, 7.26275430907e-08, 1.24445818983e-07, 9.85938527265e-07, 5.47959530195e-07, 8.93507916544e-08, 2.85073280537e-08, 9.77969989435e-08, 6.4190636806e-08, 4.42847074567e-08, 4.5981813912e-08, 2.14956319411e-08, 3.87209198038e-08, 1.37730555849e-08, 3.13225783088e-08, 2.93447754984e-08, 4.98285679384e-08, 4.60112765666e-08, 6.34810746192e-08, 1.35922748612e-08, 6.40462849422e-10, 5.08988025338e-11, 6.08405817046e-12, 5.43567740732e-13, 1.91037036891e-15, 1.4814644364e-15]
    mfcc:
        mean: [-731.325317383, 123.549324036, -44.840675354, 41.1191101074, -21.8644542694, -6.36290407181, -3.8245306015, -5.94738483429, -9.7907037735, -4.30020809174, -8.48328399658, -3.32452225685, -5.56524610519]
        cov: [[2091.43945312, -400.222412109, 20.1786689758, -29.7538375854, -65.571937561, 16.5184764862, -88.9743728638, -57.8699073792, 69.4461135864, -73.9246444702, -39.7296562195, 5.11261320114, 33.6649360657], [-400.222412109, 541.359619141, -42.7907981873, -68.7312011719, 10.1558446884, 33.1822128296, 24.3199214935, 14.4761600494, -29.0981750488, -17.0778312683, 0.828557491302, -9.45999908447, -37.1027145386], [20.1786689758, -42.7907981873, 498.529632568, 81.5975799561, 89.3990325928, 55.3684959412, 26.2272281647, 55.2089691162, -25.60364151, 41.2460327148, 26.2093143463, 12.5075998306, 2.98303246498], [-29.7538375854, -68.7312011719, 81.5975799561, 233.175094604, 38.2337837219, -25.4687271118, 12.3452758789, 10.0711555481, 28.2219562531, 50.4012298584, 15.438826561, 35.8626251221, 40.9787330627], [-65.571937561, 10.1558446884, 89.3990325928, 38.2337837219, 134.574996948, 76.8778381348, 20.0390300751, 36.1744384766, 31.5856590271, 36.5311470032, 17.9968204498, 11.9600877762, 15.4097337723], [16.5184764862, 33.1822128296, 55.3684959412, -25.4687271118, 76.8778381348, 149.386978149, 42.5428924561, 34.2247123718, 37.7248191833, 35.4007225037, 21.3633670807, 8.97155857086, 8.480427742], [-88.9743728638, 24.3199214935, 26.2272281647, 12.3452758789, 20.0390300751, 42.5428924561, 111.070388794, 46.0563278198, 3.08605003357, 37.5783042908, 10.8601827621, 0.762293994427, 1.4811309576], [-57.8699073792, 14.4761600494, 55.2089691162, 10.0711555481, 36.1744384766, 34.2247123718, 46.0563278198, 99.9922714233, 8.1293258667, 24.9912014008, 4.00589942932, 7.42504930496, 0.961906671524], [69.4461135864, -29.0981750488, -25.60364151, 28.2219562531, 31.5856590271, 37.7248191833, 3.08605003357, 8.1293258667, 121.360717773, 26.6660671234, 3.92094898224, 27.1945896149, 10.0538215637], [-73.9246444702, -17.0778312683, 41.2460327148, 50.4012298584, 36.5311470032, 35.4007225037, 37.5783042908, 24.9912014008, 26.6660671234, 110.435623169, 38.9583740234, 20.6000156403, 30.1113414764], [-39.7296562195, 0.828557491302, 26.2093143463, 15.438826561, 17.9968204498, 21.3633670807, 10.8601827621, 4.00589942932, 3.92094898224, 38.9583740234, 84.2052841187, 24.8168582916, 13.1634378433], [5.11261320114, -9.45999908447, 12.5075998306, 35.8626251221, 11.9600877762, 8.97155857086, 0.762293994427, 7.42504930496, 27.1945896149, 20.6000156403, 24.8168582916, 70.8340454102, 25.2682628632], [33.6649360657, -37.1027145386, 2.98303246498, 40.9787330627, 15.4097337723, 8.480427742, 1.4811309576, 0.961906671524, 10.0538215637, 30.1113414764, 13.1634378433, 25.2682628632, 68.4316482544]]
        icov: [[0.000645245716441, 0.000449002604, -0.000139668089105, 8.38129490148e-05, 0.000551046221517, -0.000525182113051, 0.000330042006681, 0.00010329233919, -0.000404116057325, 0.000518828339409, 0.000119811644254, 5.95684359723e-05, -0.000399651122279], [0.000449002604, 0.00238813390024, 0.00021906652546, 0.000374673778424, -2.63037964032e-05, -0.000795788597316, -0.00011016503413, -3.94424823753e-05, 0.000466116849566, 0.0004549009318, 4.67893951281e-05, -0.000458241032902, 0.000839051150251], [-0.000139668089105, 0.00021906652546, 0.00273664062843, -0.000991245498881, -0.00134593399707, -0.000733709544875, 0.000321229425026, -0.000936627038755, 0.00166253361385, -0.000423905381467, -0.000212952232687, -0.000392006884795, 0.00118997949176], [8.38129490148e-05, 0.000374673778424, -0.000991245498881, 0.00669936882332, -0.00217617023736, 0.00364350248128, -0.00118636095431, 0.000603022286668, -0.00139744754415, -0.00164080923423, 0.000448547914857, -0.00163853808772, -0.00230488087982], [0.000551046221517, -2.63037964032e-05, -0.00134593399707, -0.00217617023736, 0.0138152679428, -0.00660227565095, 0.00215439707972, -0.0023462229874, -0.0016862138873, -0.000125676830066, -0.000411180604715, 0.00132777786348, -0.00133811903652], [-0.000525182113051, -0.000795788597316, -0.000733709544875, 0.00364350248128, -0.00660227565095, 0.0136031899601, -0.00383671675809, -4.6484554332e-05, -0.00289447419345, -0.00122349185403, -0.00133831857238, 2.84362577077e-05, -0.00122775719501], [0.000330042006681, -0.00011016503413, 0.000321229425026, -0.00118636095431, 0.00215439707972, -0.00383671675809, 0.0134586589411, -0.00491572218016, 0.00111335748807, -0.003148493357, 0.000221923706704, 0.0010380850872, 0.00103828834835], [0.00010329233919, -3.94424823753e-05, -0.000936627038755, 0.000603022286668, -0.0023462229874, -4.6484554332e-05, -0.00491572218016, 0.0139612201601, -0.000121041775856, -0.000984431710094, 0.00153489806689, -0.00165863626171, 0.000819917069748], [-0.000404116057325, 0.000466116849566, 0.00166253361385, -0.00139744754415, -0.0016862138873, -0.00289447419345, 0.00111335748807, -0.000121041775856, 0.0117974039167, -0.00247053895146, 0.00195122219156, -0.00421725679189, 0.00246761669405], [0.000518828339409, 0.0004549009318, -0.000423905381467, -0.00164080923423, -0.000125676830066, -0.00122349185403, -0.003148493357, -0.000984431710094, -0.00247053895146, 0.0156166311353, -0.00525781000033, 0.0011570394272, -0.00467017386109], [0.000119811644254, 4.67893951281e-05, -0.000212952232687, 0.000448547914857, -0.000411180604715, -0.00133831857238, 0.000221923706704, 0.00153489806689, 0.00195122219156, -0.00525781000033, 0.0159975085407, -0.00523406732827, 0.000821454857942], [5.95684359723e-05, -0.000458241032902, -0.000392006884795, -0.00163853808772, 0.00132777786348, 2.84362577077e-05, 0.0010380850872, -0.00165863626171, -0.00421725679189, 0.0011570394272, -0.00523406732827, 0.0201019067317, -0.00588644482195], [-0.000399651122279, 0.000839051150251, 0.00118997949176, -0.00230488087982, -0.00133811903652, -0.00122775719501, 0.00103828834835, 0.000819917069748, 0.00246761669405, -0.00467017386109, 0.000821454857942, -0.00588644482195, 0.0207204613835]]
    spectral_contrast:
        mean: [-4.50357862114e-10, 1.74061128178e-07, -3.21039578921e-07, -2.23596117621e-07, -3.80854089599e-07, -1.82259384474e-07, -3.02916828332e-06, -7.57370742122e-07, 1.98919997274e-06, 1.78869902356e-06, -5.87843828725e-07, 7.6674518823e-07]
        var: [0.000326367036905, 0.00115697097499, 0.00167361670174, 0.00247733388096, 0.0042092311196, 0.00499115046114, 0.054303213954, 0.092060521245, 0.173141226172, 0.248226165771, 0.417595922947, 1.42896723747]

rhythm:
    beats_loudness:
        dmean: 0.00183371303137
        dmean2: 0.00383707880974
        dvar: 3.9814099182e-06
        dvar2: 9.12483574211e-06
        max: 0.00941795296967
        mean: 0.00465928856283
        min: 0.00218698428944
        var: 3.55007273356e-06
    beats_loudness_bass:
        dmean: 0.0926440283656
        dmean2: 0.175250172615
        dvar: 0.00997039955109
        dvar2: 0.0325648523867
        max: 0.319933027029
        mean: 0.0866143777966
        min: 0.00297959521413
        var: 0.0115785747766
    bpm: 86.5399780273
    bpm_confidence: 0
    first_peak_bpm: 87
    first_peak_spread: 0
    first_peak_weight: 0.916666686535
    onset_rate: 5.26620340347
    second_peak_bpm: 68
    second_peak_spread: 0
    second_peak_weight: 0.0833333358169
    beats_position: [0.572111964226, 1.26548755169, 1.95886301994, 2.65223836899, 3.34561395645, 4.03898954391, 4.73236513138, 5.425740242, 6.3124423027, 7.0056681633, 7.69889307022, 8.39211845398, 9.0853433609]
    bpm_estimates: [86.6126403809, 86.5230331421, 86.6550598145, 86.3789825439, 86.557220459, 86.5175857544, 86.4260787964, 86.5561599731, 86.5726776123, 86.6075286865, 86.6953353882, 86.4464950562, 86.5774459839, 86.4335021973]
    bpm_intervals: [0.693375587463, 0.693375468254, 0.693375349045, 0.693375587463, 0.693375587463, 0.693375587463, 0.693375110626, 0.886702060699, 0.693225860596, 0.693224906921, 0.693225383759, 0.693224906921]
    onset_times: [0.0464399084449, 0.139319732785, 0.394739240408, 0.557278931141, 0.917188227177, 1.09133791924, 1.26548755169, 1.45124721527, 1.55573701859, 1.78793644905, 1.95047616959, 2.31038546562, 2.63546490669, 2.83283448219, 2.92571425438, 3.1811337471, 3.34367346764, 3.52943301201, 3.70358276367, 3.86612248421, 4.04027223587, 4.22603178024, 4.40018129349, 4.57433128357, 4.73687076569, 4.92263031006, 5.0967798233, 5.4334692955, 5.60761928558, 5.71210861206, 5.95591831207, 6.13006782532, 6.3042178154, 6.47836732864, 6.66412687302, 6.82666683197, 7.00081634521, 7.11691617966, 7.34911584854, 7.52326536179, 7.70902490616, 7.8831744194, 8.2198638916, 8.39401340485, 8.498503685, 8.74231338501, 8.91646289825, 9.0906124115, 9.26476192474, 9.43891143799, 9.61306095123, 9.78721046448]
    rubato_start: []
    rubato_stop: []
    perceptual_tempo: "unknown"

sfx:
    inharmonicity:
        dmean: 0.0588517189026
        dmean2: 0.104027025402
        dvar: 0.00482500251383
        dvar2: 0.0136495018378
        max: 0.440596818924
        mean: 0.0533940307796
        min: 7.99956978881e-06
        var: 0.00461330451071
    oddtoevenharmonicenergyratio:
        dmean: 2.45576953888
        dmean2: 4.73767709732
        dvar: 34.2929382324
        dvar2: 100.018859863
        max: 38.4156608582
        mean: 1.52008247375
        min: 0.000703023339156
        var: 19.5435695648
    pitch_after_max_to_before_max_energy_ratio: 7.89833021164
    pitch_centroid: 236.848724365
    pitch_max_to_total: 0.340375572443
    pitch_min_to_total: 0.575117349625
    tristimulus:
        dmean: [0.259476661682, 0.266370356083, 0.117585554719]
        dmean2: [0.454117625952, 0.476034224033, 0.216725245118]
        dvar: [0.040397066623, 0.0428644344211, 0.0173138678074]
        dvar2: [0.117863312364, 0.123731844127, 0.0443076379597]
        max: [0.957016944885, 0.969542145729, 0.807973265648]
        mean: [0.424970567226, 0.425367623568, 0.11089938879]
        min: [0.00541262049228, 0, 0]
        var: [0.0606189928949, 0.0599505193532, 0.0197094641626]

tonal:
    chords_changes_rate: 0.0887850448489
    chords_number_rate: 0.0420560762286
    chords_strength:
        dmean: 0.00872665736824
        dmean2: 0.00964420102537
        dvar: 4.78383371956e-05
        dvar2: 7.10719687049e-05
        max: 0.64139932394
        mean: 0.456228584051
        min: 0.327637404203
        var: 0.0046051167883
    key_strength: 0.590233385563
    tuning_diatonic_strength: 0.529944181442
    tuning_equal_tempered_deviation: 0.0983869805932
    tuning_frequency: 449.245300293
    tuning_nontempered_energy_ratio: 0.801774203777
    hpcp:
        dmean: [0.118531994522, 0.130925402045, 0.159678682685, 0.180477872491, 0.165694132447, 0.135771170259, 0.112039342523, 0.139075011015, 0.253689706326, 0.235953658819, 0.123699426651, 0.0810899212956, 0.0615357644856, 0.0710409358144, 0.121769413352, 0.162105172873, 0.14652068913, 0.148839280009, 0.162811666727, 0.125929817557, 0.143043577671, 0.170030087233, 0.173379167914, 0.186462759972, 0.214581936598, 0.186900451779, 0.150982961059, 0.124005742371, 0.19187527895, 0.238472342491, 0.227851048112, 0.162354469299, 0.151659235358, 0.158145084977, 0.144521221519, 0.11199426651]
        dmean2: [0.198615938425, 0.221149519086, 0.259873270988, 0.292064517736, 0.269296258688, 0.241493418813, 0.198687672615, 0.238965749741, 0.448661118746, 0.416508197784, 0.213934868574, 0.14234739542, 0.101343527436, 0.125047966838, 0.20475064218, 0.253381937742, 0.251172274351, 0.238385275006, 0.268143087626, 0.206154376268, 0.260751694441, 0.305663496256, 0.307073026896, 0.311916321516, 0.356947422028, 0.342430323362, 0.27517130971, 0.213585913181, 0.327212661505, 0.405624508858, 0.397343426943, 0.292703479528, 0.267342627048, 0.264104783535, 0.253262042999, 0.197964817286]
        dvar: [0.0279276464134, 0.0330923013389, 0.0213065892458, 0.0479430779815, 0.0322405211627, 0.0284991078079, 0.0179068502039, 0.0235686954111, 0.0519923716784, 0.0506241805851, 0.0179935432971, 0.0134092895314, 0.0106259705499, 0.0133798643947, 0.0195644628257, 0.0271226391196, 0.033174995333, 0.0316624268889, 0.0394879095256, 0.0303810033947, 0.0501656793058, 0.0599921606481, 0.048921123147, 0.0353681407869, 0.0419494211674, 0.0514721348882, 0.0503776296973, 0.0301990620792, 0.0472475402057, 0.0567032806575, 0.0497827120125, 0.024150500074, 0.0354511849582, 0.0381308309734, 0.0388686619699, 0.0284938961267]
        dvar2: [0.0717234909534, 0.0906391590834, 0.0602632015944, 0.107375629246, 0.0815198123455, 0.0737654343247, 0.0503701083362, 0.0674826726317, 0.136086195707, 0.115016750991, 0.0441899299622, 0.0361739434302, 0.0258832275867, 0.0383012779057, 0.0496160052717, 0.0630483627319, 0.0907308757305, 0.0747370347381, 0.0955930352211, 0.0697331055999, 0.128808811307, 0.160194069147, 0.127106368542, 0.0826993361115, 0.114430747926, 0.146519586444, 0.140434965491, 0.0764429867268, 0.123625382781, 0.113777190447, 0.111375793815, 0.0696499943733, 0.105109386146, 0.0912198722363, 0.111062303185, 0.0789105668664]
        max: [1, 1, 0.994143486023, 1, 1, 1, 0.706688940525, 0.883355915546, 1, 1, 0.845002174377, 0.820260584354, 1, 1, 1, 1, 1, 1, 1, 1, 1, 1, 1, 1, 1, 1, 1, 0.993380069733, 1, 1, 1, 0.953796446323, 1, 1, 1, 0.897849738598]
        mean: [0.140409305692, 0.147605523467, 0.259421855211, 0.368591696024, 0.258227109909, 0.154314130545, 0.12628954649, 0.169664755464, 0.411667227745, 0.431614249945, 0.183770164847, 0.0768706947565, 0.0606873333454, 0.0698634460568, 0.195118740201, 0.279317289591, 0.205789372325, 0.209675326943, 0.232445850968, 0.15482968092, 0.119249373674, 0.128698125482, 0.186011254787, 0.349508076906, 0.354394853115, 0.193181291223, 0.123316630721, 0.125247254968, 0.211903423071, 0.420342326164, 0.422094613314, 0.209575369954, 0.188248679042, 0.219521567225, 0.143237218261, 0.113861903548]
        min: [0.00197192025371, 0.00334494956769, 0.00606698635966, 0.00663051428273, 0.00653869844973, 0.0024917202536, 0.00199882150628, 0.00523900613189, 0.0128200417385, 0.0142400758341, 0.00618893234059, 0.000762708834372, 0.000843442219775, 0.00146137480624, 0.00518059171736, 0.00765286386013, 0.0109585030004, 0.00506403762847, 0.000751852581743, 0.00357206328772, 0.00134832249023, 0.00234840670601, 0.00395695399493, 0.00571222091094, 0.00550041068345, 0.0057585039176, 0.000821908412036, 0.000793469662312, 0.00280685652979, 0.00795250665396, 0.0114095043391, 0.00765902642161, 0.00240325159393, 0.00373090570793, 0.00357182044536, 0.002633752767]
        var: [0.0344947427511, 0.0330668874085, 0.0398739725351, 0.113024063408, 0.0671146661043, 0.0298223383725, 0.0194651130587, 0.0258667785674, 0.0839182585478, 0.0922635495663, 0.0252752788365, 0.0121597154066, 0.0115131186321, 0.0115172080696, 0.0298318173736, 0.0644341856241, 0.0402092635632, 0.0513889379799, 0.0693047717214, 0.0424330793321, 0.041210539639, 0.0470908842981, 0.0481743365526, 0.0819022580981, 0.0846503674984, 0.0452253930271, 0.0391879715025, 0.0331666693091, 0.0573444440961, 0.108876109123, 0.103995159268, 0.0313647687435, 0.0427820421755, 0.0695740506053, 0.0389534384012, 0.0242681149393]
    chords_histogram: [28.0373840332, 1.40186917782, 6.07476615906, 22.897195816, 0, 0, 0, 10.2803735733, 7.0093460083, 5.60747671127, 17.2897205353, 0, 0, 0, 0, 0, 0, 0, 0, 0, 0, 0, 1.40186917782, 0]
    thpcp: [1, 0.425774097443, 0.178100451827, 0.14060549438, 0.161865472794, 0.452067404985, 0.647145688534, 0.476790040731, 0.485793352127, 0.538550019264, 0.358722358942, 0.276286929846, 0.298178583384, 0.430966436863, 0.809769570827, 0.821091651917, 0.447578579187, 0.285710275173, 0.29018330574, 0.490955591202, 0.973884284496, 0.977944135666, 0.48556175828, 0.436150282621, 0.508605957031, 0.331863969564, 0.263804793358, 0.325312018394, 0.341984838247, 0.601050257683, 0.853984057903, 0.598282158375, 0.357527881861, 0.292598187923, 0.393093496561, 0.953785061836]
    chords_key: "C"
    chords_scale: "minor"
    key_key: "C"
    key_scale: "minor"
    chords_progression: ["Cm", "Cm", "Cm", "Cm", "Cm", "Cm", "Cm", "Cm", "Cm", "Cm", "Cm", "Cm", "Cm", "Cm", "Cm", "Cm", "Cm", "Cm", "Cm", "Cm", "Cm", "Cm", "Cm", "Cm", "Cm", "Cm", "Cm", "Cm", "Cm", "Cm", "Cm", "Cm", "Cm", "Cm", "Cm", "Cm", "Cm", "Cm", "Cm", "Cm", "Cm", "Cm", "Fm", "Fm", "Fm", "Cm", "Cm", "Cm", "Cm", "Cm", "Cm", "Cm", "Cm", "Cm", "Cm", "Cm", "Cm", "Cm", "Cm", "Cm", "Cm", "Cm", "Cm", "Em", "Em", "Em", "Em", "Em", "C", "Em", "C", "C", "C", "C", "C", "C", "C", "Bm", "Bm", "Bm", "Bm", "Bm", "Bm", "Bm", "Bm", "Bm", "Bm", "Bm", "Bm", "Bm", "Bm", "Bm", "Bm", "C", "C", "Em", "Em", "Em", "Em", "Em", "Em", "Em", "Em", "Em", "Bm", "Bm", "Bm", "Bm", "Bm", "Bm", "Bm", "Bm", "A#", "A#", "A#", "A#", "A#", "A#", "A#", "A#", "A#", "A#", "A#", "A#", "A#", "A#", "D#", "D#", "D#", "A#", "A#", "A#", "A#", "A#", "A#", "A#", "A#", "A#", "A#", "A#", "A#", "A#", "A#", "A#", "A#", "A#", "A#", "A#", "A#", "A#", "A#", "A#", "A#", "A#", "A#", "A#", "A#", "A#", "A#", "A#", "A#", "A#", "A#", "A#", "Gm", "Gm", "Gm", "Gm", "Gm", "Gm", "Gm", "Gm", "Gm", "Gm", "Gm", "Gm", "Gm", "C", "C", "C", "C", "C", "C", "C", "C", "C", "C", "C", "C", "Bm", "Bm", "Bm", "Bm", "Bm", "Bm", "Bm", "Bm", "Bm", "Bm", "Bm", "G", "G", "Bm", "Bm", "G", "G", "G", "G", "G", "G", "G", "G", "G", "G"]
