
metadata:
    version:
        essentia: "1.2.2"
    audio_properties:
        analysis_sample_rate: 44100
        bitrate: 128
        channels: 2
        equal_loudness: 1
        length: 10.0310201645
        replay_gain: -12.0131263733
        downmix: "mix"
    tags:
        track: 18
        year: 0
        album: "Splitted by Mp3Splt v. 2.1"
        artist: "From 002.50 To 003.00"
        comment: "http://mp3splt.sf.net"
        genre: ""
        title: "16 I (Who Have Nothing).mp3"

highlevel:
    ballroom:
        all:
            ChaChaCha: 0.435489237309
            Jive: 0.34701693058
            Quickstep: 0.0498590618372
            Rumba-American: 0.00492044119164
            Rumba-International: 0.00665833894163
            Rumba-Misc: 0.00587825477123
            Samba: 0.126092165709
            Tango: 0.0107601955533
            VienneseWaltz: 0.00786990765482
            Waltz: 0.00545546319336
        probability: 0.435489237309
        value: "ChaChaCha"
    culture:
        all:
            non_western: 0.014621887356
            western: 0.985378086567
        probability: 0.985378086567
        value: "western"
    gender:
        all:
            female: 0.758540213108
            male: 0.241459786892
        probability: 0.758540213108
        value: "female"
    genre_dortmund:
        all:
            alternative: 0.0212167110294
            blues: 0.0985594391823
            electronic: 0.037269487977
            folkcountry: 0.131048664451
            funksoulrnb: 0.0506502203643
            jazz: 0.108807221055
            pop: 0.10877212137
            raphiphop: 0.0121401716024
            rock: 0.431535959244
        probability: 0.431535959244
        value: "rock"
    genre_electronica:
        all:
            ambient: 0.368059158325
            dnb: 0.210631132126
            house: 0.0347878858447
            techno: 0.00862345658243
            trance: 0.377898365259
        probability: 0.377898365259
        value: "trance"
    genre_rosamerica:
        all:
            cla: 0.0506186708808
            dan: 0.0164265800267
            hip: 0.00847138930112
            jaz: 0.0196608714759
            pop: 0.750543653965
            rhy: 0.0409539043903
            roc: 0.109563305974
            spe: 0.00376164773479
        probability: 0.750543653965
        value: "pop"
    genre_tzanetakis:
        all:
            blu: 0.0136902295053
            cla: 0.0369846746325
            cou: 0.102156974375
            dis: 0.0502038411796
            hip: 0.00375644932501
            jaz: 0.0151464920491
            met: 0.00586382811889
            pop: 0.345535486937
            reg: 0.0547164008021
            roc: 0.371945619583
        probability: 0.371945619583
        value: "roc"
    live_studio:
        all:
            live: 0.44530287385
            studio: 0.554697155952
        probability: 0.554697155952
        value: "studio"
    mood:
        all:
            Cluster1: 0.1511079669
            Cluster2: 0.324476093054
            Cluster3: 0.260101318359
            Cluster4: 0.185485169291
            Cluster5: 0.0788294672966
        probability: 0.324476093054
        value: "Cluster2"
    mood_acoustic:
        all:
            acoustic: 0.0793640315533
            not_acoustic: 0.920635998249
        probability: 0.920635998249
        value: "not_acoustic"
    mood_aggressive:
        all:
            aggressive: 0.285559594631
            not_aggressive: 0.714440405369
        probability: 0.714440405369
        value: "not_aggressive"
    mood_electronic:
        all:
            electronic: 0.398132652044
            not_electronic: 0.601867377758
        probability: 0.601867377758
        value: "not_electronic"
    mood_happy:
        all:
            happy: 0.929582118988
            not_happy: 0.0704179108143
        probability: 0.929582118988
        value: "happy"
    mood_party:
        all:
            not_party: 0.453610211611
            party: 0.546389818192
        probability: 0.546389818192
        value: "party"
    mood_relaxed:
        all:
            not_relaxed: 0.259621173143
            relaxed: 0.740378856659
        probability: 0.740378856659
        value: "relaxed"
    mood_sad:
        all:
            not_sad: 0.559991896152
            sad: 0.44000813365
        probability: 0.559991896152
        value: "not_sad"
    rhythm:
        all:
            fast: 0.501852929592
            medium: 0.4842184484
            slow: 0.0139286024496
        probability: 0.501852929592
        value: "fast"
    speech_music:
        all:
            music: 0.644345462322
            speech: 0.355654537678
        probability: 0.644345462322
        value: "music"
    timbre:
        all:
            bright: 0.983637332916
            dark: 0.0163626894355
        probability: 0.983637332916
        value: "bright"
    voice_instrumental:
        all:
            instrumental: 0.0247280392796
            voice: 0.975271940231
        probability: 0.975271940231
        value: "voice"

lowlevel:
    average_loudness: 0.942559659481
    barkbands_kurtosis:
        dmean: 0.659163415432
        dmean2: 1.0191141367
        dvar: 1.35235440731
        dvar2: 2.84822225571
        max: 18.8161010742
        mean: -0.430282026529
        min: -1.74259495735
        var: 2.59067511559
    barkbands_skewness:
        dmean: 0.328787326813
        dmean2: 0.488480687141
        dvar: 0.0817086100578
        dvar2: 0.185996443033
        max: 4.21438312531
        mean: 0.308465719223
        min: -2.02585196495
        var: 0.710590481758
    barkbands_spread:
        dmean: 3.58710741997
        dmean2: 5.5982875824
        dvar: 11.0562982559
        dvar2: 25.7714805603
        max: 46.1287841797
        mean: 25.3852424622
        min: 7.45600700378
        var: 64.658203125
    dissonance:
        dmean: 0.0172991342843
        dmean2: 0.0288532916456
        dvar: 0.000214196290472
        dvar2: 0.000569789088331
        max: 0.499703854322
        mean: 0.46303614974
        min: 0.337595522404
        var: 0.000607792986557
    hfc:
        dmean: 1.33164918423
        dmean2: 1.99714720249
        dvar: 3.16315889359
        dvar2: 5.73781299591
        max: 26.204454422
        mean: 6.76728248596
        min: 5.21496986039e-06
        var: 27.4918231964
    pitch:
        dmean: 234.269500732
        dmean2: 447.843780518
        dvar: 332164.875
        dvar2: 926769.5625
        max: 4410
        mean: 481.444946289
        min: 98.6577148438
        var: 282233.28125
    pitch_instantaneous_confidence:
        dmean: 0.0853407531977
        dmean2: 0.136454254389
        dvar: 0.00514091458172
        dvar2: 0.0123253269121
        max: 0.913358509541
        mean: 0.489800035954
        min: 0.13537800312
        var: 0.0290644597262
    pitch_salience:
        dmean: 0.0553873591125
        dmean2: 0.0865340977907
        dvar: 0.0018654614687
        dvar2: 0.00500592309982
        max: 0.920386910439
        mean: 0.613705039024
        min: 0.241108164191
        var: 0.0126242563128
    silence_rate_20dB:
        dmean: 0
        dmean2: 0
        dvar: 0
        dvar2: 0
        max: 1
        mean: 1
        min: 1
        var: 0
    silence_rate_30dB:
        dmean: 0
        dmean2: 0
        dvar: 0
        dvar2: 0
        max: 1
        mean: 1
        min: 1
        var: 0
    silence_rate_60dB:
        dmean: 0.0277777779847
        dmean2: 0.0533642694354
        dvar: 0.0270061027259
        dvar2: 0.0551568493247
        max: 1
        mean: 0.314087748528
        min: 0
        var: 0.215435773134
    spectral_centroid:
        dmean: 191.619857788
        dmean2: 285.967529297
        dvar: 27702.2382812
        dvar2: 62828.5039062
        max: 2628.67675781
        mean: 1598.88330078
        min: 462.236297607
        var: 209567.421875
    spectral_complexity:
        dmean: 2.12993049622
        dmean2: 3.22093033791
        dvar: 6.34972000122
        dvar2: 15.6372747421
        max: 34
        mean: 11.2986106873
        min: 0
        var: 70.371421814
    spectral_crest:
        dmean: 2.09288811684
        dmean2: 3.42991018295
        dvar: 3.8816177845
        dvar2: 9.79369163513
        max: 22.3325405121
        mean: 8.67683315277
        min: 2.97970461845
        var: 19.7420883179
    spectral_decrease:
        dmean: 2.52005277757e-10
        dmean2: 3.85851600671e-10
        dvar: 1.58582956985e-19
        dvar2: 3.61881850319e-19
        max: -9.89792197822e-16
        mean: -9.96201343639e-10
        min: -4.62779548016e-09
        var: 6.05559797898e-19
    spectral_energy:
        dmean: 0.00104858586565
        dmean2: 0.00159811484627
        dvar: 2.60221190729e-06
        dvar2: 5.91383786741e-06
        max: 0.0182306803763
        mean: 0.00437370454893
        min: 4.20872003914e-09
        var: 1.11524013846e-05
    spectral_energyband_high:
        dmean: 0.000124874335597
        dmean2: 0.000190056947758
        dvar: 3.34890302156e-08
        dvar2: 6.2875919582e-08
        max: 0.00259898579679
        mean: 0.00037314457586
        min: 3.35942634822e-10
        var: 1.74377717599e-07
    spectral_energyband_low:
        dmean: 2.48389860644e-05
        dmean2: 4.36206937593e-05
        dvar: 3.20155502109e-09
        dvar2: 9.45109590589e-09
        max: 0.000511460064445
        mean: 4.01289871661e-05
        min: 7.30759897039e-10
        var: 3.80138054368e-09
    spectral_energyband_middle_high:
        dmean: 0.000390107685234
        dmean2: 0.000612024276052
        dvar: 2.41967484271e-07
        dvar2: 4.8719005008e-07
        max: 0.00667492812499
        mean: 0.00190093368292
        min: 5.40605948895e-10
        var: 2.4084308734e-06
    spectral_energyband_middle_low:
        dmean: 0.000839042069856
        dmean2: 0.00128584878985
        dvar: 2.14363603845e-06
        dvar2: 4.89511648993e-06
        max: 0.0174031164497
        mean: 0.00205949367955
        min: 2.44655495862e-09
        var: 5.19436434843e-06
    spectral_flatness_db:
        dmean: 0.015085728839
        dmean2: 0.0241049081087
        dvar: 0.000180983653991
        dvar2: 0.00036784511758
        max: 0.304055124521
        mean: 0.160363182425
        min: 0.0489314980805
        var: 0.00128247635439
    spectral_flux:
        dmean: 0.00754899717867
        dmean2: 0.0121089387685
        dvar: 0.000104414844827
        dvar2: 0.000234017003095
        max: 0.127059772611
        mean: 0.0360145904124
        min: 6.48746499792e-05
        var: 0.000536379346158
    spectral_kurtosis:
        dmean: 0.72254216671
        dmean2: 1.19203197956
        dvar: 0.337968379259
        dvar2: 0.837860047817
        max: 7.91474914551
        mean: 2.97374892235
        min: -0.316743373871
        var: 1.54537403584
    spectral_rms:
        dmean: 0.000214367071749
        dmean2: 0.000316781399306
        dvar: 8.09255524814e-08
        dvar2: 1.59847289183e-07
        max: 0.00421734852716
        mean: 0.00181369285565
        min: 2.02634350899e-06
        var: 9.7754809758e-07
    spectral_rolloff:
        dmean: 390.944580078
        dmean2: 650.553222656
        dvar: 221466.96875
        dvar2: 498465.09375
        max: 4328.17382812
        mean: 2993.31567383
        min: 279.931640625
        var: 682464.4375
    spectral_skewness:
        dmean: 0.119990505278
        dmean2: 0.190714135766
        dvar: 0.0115322768688
        dvar2: 0.0225426089019
        max: 2.62044382095
        mean: 1.39131379128
        min: 0.690550804138
        var: 0.0596130825579
    spectral_spread:
        dmean: 397659.40625
        dmean2: 533811.75
        dvar: 2.1256610775e+12
        dvar2: 2.18659579494e+12
        max: 34539276
        mean: 4975416.5
        min: 3466183
        var: 3.29352295219e+12
    spectral_strongpeak:
        dmean: 0.417310148478
        dmean2: 0.700433850288
        dvar: 0.64297747612
        dvar2: 1.61340105534
        max: 10.4689149857
        mean: 0.714701712132
        min: 0
        var: 0.869743585587
    zerocrossingrate:
        dmean: 0.00724491570145
        dmean2: 0.00873569212854
        dvar: 4.98447589052e-05
        dvar2: 6.11715440755e-05
        max: 0.14990234375
        mean: 0.0891588032246
        min: 0.03125
        var: 0.00042469179607
    barkbands:
        dmean: [5.21480281179e-08, 8.42621011543e-06, 1.93642681552e-05, 5.23023409187e-05, 0.000363428465789, 0.000255760678556, 0.000234273305978, 0.00013278980623, 0.000229829442105, 6.7510343797e-05, 6.30362483207e-05, 4.93653024023e-05, 7.97880420578e-05, 0.000118788368127, 8.99025108083e-05, 0.000131253735162, 0.000151013358845, 7.11633692845e-05, 6.53520546621e-05, 0.000136403934448, 4.38932765974e-05, 1.80355145858e-05, 4.50883317171e-06, 2.68176790996e-06, 5.77399930535e-07, 2.7076175968e-08, 2.08364436816e-09]
        dmean2: [7.90375125348e-08, 1.42769031299e-05, 3.35825861839e-05, 8.58959829202e-05, 0.000564908434171, 0.00043196947081, 0.000358346267603, 0.000220325106056, 0.000389615946915, 0.000101512378023, 0.000105519975477, 7.9942838056e-05, 0.000126180180814, 0.000202599330805, 0.000147052167449, 0.000211605467484, 0.000247241347097, 0.000113698115456, 0.000108187079604, 0.000207360819331, 6.77932039252e-05, 2.86197828245e-05, 6.58251337882e-06, 4.02567366109e-06, 8.40107645672e-07, 3.81269096295e-08, 2.2441173364e-09]
        dvar: [4.6851587822e-14, 8.73663641432e-10, 1.93709515095e-09, 1.1593709992e-08, 7.00939949638e-07, 4.71594034934e-07, 3.95513012563e-07, 1.84537569226e-07, 7.59226509217e-07, 2.83807839452e-08, 9.61651647202e-09, 2.14037871871e-08, 2.28592718088e-08, 4.53319941585e-08, 2.90777499856e-08, 7.07753358142e-08, 4.11419165403e-08, 9.70774305387e-09, 1.0154412422e-08, 6.31605274748e-08, 5.88917181688e-09, 7.36309568872e-10, 6.43036388026e-11, 7.2350805902e-11, 1.75777090366e-12, 6.3463198184e-15, 1.5237246042e-15]
        dvar2: [7.78322041149e-14, 2.45716913483e-09, 5.74341463278e-09, 3.1158851499e-08, 1.73470039044e-06, 1.16288231311e-06, 9.18067598832e-07, 3.88112908922e-07, 2.04388516067e-06, 5.86773687417e-08, 2.87093175899e-08, 5.04343695695e-08, 5.24391303713e-08, 1.29199207777e-07, 6.95587445421e-08, 1.83671858167e-07, 9.42074578347e-08, 2.55717633735e-08, 2.71286886289e-08, 9.59841983672e-08, 1.18684129191e-08, 1.72337688564e-09, 1.35079239461e-10, 1.56312213173e-10, 2.9870504941e-12, 1.17169991361e-14, 1.52685237924e-15]
        max: [2.91560127152e-06, 0.000393900612835, 0.000395747541916, 0.000925991102122, 0.0116781871766, 0.0107888719067, 0.00747293233871, 0.0056928107515, 0.0107301892713, 0.00213437015191, 0.000770715938415, 0.00196612253785, 0.00220606569201, 0.00247286143713, 0.00133388186805, 0.00387309072539, 0.00223095715046, 0.00136991811451, 0.00101322052069, 0.00525469006971, 0.000750803796109, 0.00033316196641, 0.000112528643513, 0.000156730398885, 2.51404835581e-05, 1.1492656995e-06, 8.11641484688e-07]
        mean: [8.35151752199e-08, 1.27730609165e-05, 2.72767701972e-05, 6.84271290083e-05, 0.000642872531898, 0.000468273850856, 0.000400333432481, 0.000188559177332, 0.000259561900748, 0.00011506726878, 0.000100449899037, 7.34438581276e-05, 0.000133671419462, 0.000205952601391, 0.000154635737999, 0.000329326663632, 0.000379494798835, 0.000151514454046, 0.000143470082548, 0.000349585112417, 0.000102901911305, 4.64951190224e-05, 1.21725624922e-05, 5.7226793615e-06, 1.59130331667e-06, 4.81087134574e-08, 2.07716421841e-09]
        min: [3.04480073966e-12, 3.83257814374e-10, 2.04575967278e-10, 1.72857061997e-10, 3.89011073354e-10, 3.99867861045e-10, 4.18555967663e-10, 4.57172327772e-10, 5.63399826792e-10, 1.60289448381e-10, 4.65537261518e-11, 2.11093122149e-11, 9.44935449332e-12, 1.19169275142e-11, 2.09903101844e-11, 1.9255978756e-11, 4.99862685965e-11, 1.18197243659e-10, 1.21610249648e-10, 2.35501357998e-11, 8.228399212e-11, 6.38217118043e-11, 5.67604886703e-11, 3.35369405857e-11, 3.17088265367e-11, 2.699644501e-11, 7.84196570392e-15]
        var: [5.27208315795e-14, 7.24432569488e-10, 2.03554906264e-09, 1.62831153006e-08, 1.12176144285e-06, 1.20621996302e-06, 5.62241609714e-07, 2.46590474262e-07, 6.83394205225e-07, 5.48902150399e-08, 1.74401328934e-08, 3.19960911099e-08, 5.07377961867e-08, 1.15955664626e-07, 5.54013830367e-08, 3.8982722117e-07, 1.75781707412e-07, 2.70763642618e-08, 2.05993710978e-08, 2.88964855599e-07, 2.00319192345e-08, 2.78748490956e-09, 2.45793663201e-10, 1.18512644143e-10, 6.66187634571e-12, 9.39278477452e-15, 1.52076104768e-15]
    mfcc:
        mean: [-745.622802734, 89.895362854, -57.2586250305, 31.1251430511, -19.6333255768, -7.78133964539, -12.6319255829, -11.9957542419, -9.69410514832, -10.4179544449, -14.3788080215, -4.3316411972, -3.5675611496]
        cov: [[12154.9814453, 812.000366211, 1145.4197998, 887.350463867, 52.1455726624, -153.078796387, -1243.60400391, -676.701660156, -202.044250488, 496.240905762, 161.544906616, 220.339096069, -142.062942505], [812.000366211, 514.676452637, 225.687408447, 322.314056396, 64.8877182007, 52.2222480774, -102.057472229, -85.652305603, -21.0883827209, 47.9927635193, -45.7258796692, -47.4213867188, -86.570602417], [1145.4197998, 225.687408447, 475.533538818, 229.223632812, 33.5978546143, -43.3097038269, -172.217849731, -113.25756073, -38.8189811707, 56.9755706787, -2.27947950363, -3.17556405067, -42.9071807861], [887.350463867, 322.314056396, 229.223632812, 389.890228271, 131.207672119, -2.42403578758, -178.638412476, -109.800918579, 3.53063511848, 51.4327583313, -60.6124343872, -31.9031867981, -27.7226848602], [52.1455726624, 64.8877182007, 33.5978546143, 131.207672119, 275.676147461, -6.55646467209, -106.350898743, 9.13702106476, 60.2466506958, 54.1928863525, -16.311876297, -0.0408261567354, 9.21565246582], [-153.078796387, 52.2222480774, -43.3097038269, -2.42403578758, -6.55646467209, 123.81350708, 76.7375946045, 22.7243824005, -3.65536189079, -15.6720609665, 7.25673675537, -13.6018953323, -40.2109870911], [-1243.60400391, -102.057472229, -172.217849731, -178.638412476, -106.350898743, 76.7375946045, 349.932128906, 121.649497986, 24.8293800354, -79.9774703979, 13.0939445496, -9.88185214996, -19.5258388519], [-676.701660156, -85.652305603, -113.25756073, -109.800918579, 9.13702106476, 22.7243824005, 121.649497986, 140.460372925, 46.3440170288, -2.91469192505, 23.99177742, 9.3704996109, 6.91171836853], [-202.044250488, -21.0883827209, -38.8189811707, 3.53063511848, 60.2466506958, -3.65536189079, 24.8293800354, 46.3440170288, 106.435699463, 39.3764762878, 21.9442501068, 21.4385700226, 9.69877624512], [496.240905762, 47.9927635193, 56.9755706787, 51.4327583313, 54.1928863525, -15.6720609665, -79.9774703979, -2.91469192505, 39.3764762878, 105.968658447, 38.1102371216, 33.1401596069, -7.25400352478], [161.544906616, -45.7258796692, -2.27947950363, -60.6124343872, -16.311876297, 7.25673675537, 13.0939445496, 23.99177742, 21.9442501068, 38.1102371216, 103.104019165, 48.0778579712, 4.0973982811], [220.339096069, -47.4213867188, -3.17556405067, -31.9031867981, -0.0408261567354, -13.6018953323, -9.88185214996, 9.3704996109, 21.4385700226, 33.1401596069, 48.0778579712, 78.4947509766, 29.1100273132], [-142.062942505, -86.570602417, -42.9071807861, -27.7226848602, 9.21565246582, -40.2109870911, -19.5258388519, 6.91171836853, 9.69877624512, -7.25400352478, 4.0973982811, 29.1100273132, 90.8191604614]]
        icov: [[0.000207061151741, -1.86438637684e-06, -8.46666516736e-05, -0.000181052237167, 0.000233208033023, -9.95717637124e-05, 0.000469751656055, 0.000336784083629, 0.000254296232015, -0.000434811518062, -0.000166671918123, -0.000576702295803, 0.00036494503729], [-1.86438637684e-06, 0.00542280403897, -0.000418116018409, -0.0043665478006, 0.000611464085523, -0.00141219818033, -0.000490009144414, -0.000435417663539, 0.00116156367585, -0.00149460858665, 0.000140270887641, 0.000555422971956, 0.00244846870191], [-8.46666516736e-05, -0.000418116018409, 0.00389723852277, -0.0017127445899, 0.000149822953972, 0.0018290374428, 8.38418127387e-05, 0.000523742754012, 0.00122414540965, -0.000177784124389, -0.00131599057931, -0.00032737114816, 0.00157958373893], [-0.000181052237167, -0.0043665478006, -0.0017127445899, 0.0100716538727, -0.00240202853456, -0.000962342252024, 0.00075965054566, 0.00310570397414, -0.00305067352019, -2.19983940042e-05, 0.0032626145985, 0.00128602853511, -0.00267103337683], [0.000233208033023, 0.000611464085523, 0.000149822953972, -0.00240202853456, 0.00643429160118, -0.0011568304617, 0.00273068388924, -0.00221184897237, -0.00238536857069, -0.00105047645047, 0.000778610818088, -0.000261931039859, 9.51941256062e-05], [-9.95717637124e-05, -0.00141219818033, 0.0018290374428, -0.000962342252024, -0.0011568304617, 0.0127203082666, -0.00271385186352, -0.000542197201867, 0.00176133355126, 0.00165269046556, -0.00271490914747, -0.000102488338598, 0.00437493110076], [0.000469751656055, -0.000490009144414, 8.38418127387e-05, 0.00075965054566, 0.00273068388924, -0.00271385186352, 0.00875579658896, -0.00369762140326, -0.00257874140516, 0.00418716529384, -0.000275296595646, -0.00205120141618, 0.00250413292088], [0.000336784083629, -0.000435417663539, 0.000523742754012, 0.00310570397414, -0.00221184897237, -0.000542197201867, -0.00369762140326, 0.0157243609428, -0.00272541190498, -0.00343345734291, -0.000797997112386, 0.000635621603578, -0.000850983604323], [0.000254296232015, 0.00116156367585, 0.00122414540965, -0.00305067352019, -0.00238536857069, 0.00176133355126, -0.00257874140516, -0.00272541190498, 0.0169709473848, -0.0066040251404, -0.0014821649529, -0.00189700105693, 0.000162077179994], [-0.000434811518062, -0.00149460858665, -0.000177784124389, -2.19983940042e-05, -0.00105047645047, 0.00165269046556, 0.00418716529384, -0.00343345734291, -0.0066040251404, 0.021940452978, -0.00480229081586, -0.00444088038057, 0.00390211096965], [-0.000166671918123, 0.000140270887641, -0.00131599057931, 0.0032626145985, 0.000778610818088, -0.00271490914747, -0.000275296595646, -0.000797997112386, -0.0014821649529, -0.00480229081586, 0.0178814660758, -0.00719358585775, 0.000241373301833], [-0.000576702295803, 0.000555422971956, -0.00032737114816, 0.00128602853511, -0.000261931039859, -0.000102488338598, -0.00205120141618, 0.000635621603578, -0.00189700105693, -0.00444088038057, -0.00719358585775, 0.0247694160789, -0.00840978976339], [0.00036494503729, 0.00244846870191, 0.00157958373893, -0.00267103337683, 9.51941256062e-05, 0.00437493110076, 0.00250413292088, -0.000850983604323, 0.000162077179994, 0.00390211096965, 0.000241373301833, -0.00840978976339, 0.0193561818451]]
    spectral_contrast:
        mean: [-5.38959821217e-10, 3.12807969749e-07, -3.19297043916e-07, 8.8044480151e-08, -7.97367363248e-07, -2.79500255829e-07, -1.12396833174e-06, -5.5564773902e-06, 2.44256602855e-06, 7.23913615275e-07, 2.16687723764e-07, 1.34551964948e-06]
        var: [0.000440360425273, 0.000644325162284, 0.00194694742095, 0.00245032459497, 0.00622886139899, 0.00757721858099, 0.0467981174588, 0.0779476091266, 0.13728480041, 0.198848083615, 0.417737722397, 5.51516628265]

rhythm:
    beats_loudness:
        dmean: 0.00212569325231
        dmean2: 0.00419104611501
        dvar: 1.05945964606e-05
        dvar2: 2.77764320344e-05
        max: 0.0136756720021
        mean: 0.00466998014599
        min: 2.72192573902e-05
        var: 1.16394558063e-05
    beats_loudness_bass:
        dmean: 0.0102805737406
        dmean2: 0.0193297695369
        dvar: 7.74498330429e-05
        dvar2: 0.000210003825487
        max: 0.0447665266693
        mean: 0.014929253608
        min: 7.25664649508e-05
        var: 0.000156406953465
    bpm: 104.735626221
    bpm_confidence: 0
    first_peak_bpm: 105
    first_peak_spread: 0
    first_peak_weight: 0.5
    onset_rate: 1.89412438869
    second_peak_bpm: 154
    second_peak_spread: 0
    second_peak_weight: 0.449999988079
    beats_position: [0.174449846148, 0.747324943542, 1.32020008564, 1.89307522774, 2.46595025063, 3.03882551193, 3.61170053482, 4.18457603455, 4.75745105743, 5.33032608032, 5.90320158005, 6.3386259079, 6.72851371765, 7.11840248108, 7.50829076767, 7.89817857742, 8.28806686401, 8.67795562744, 9.06784343719, 9.45773124695, 9.84762001038]
    bpm_estimates: [105.01688385, 104.454360962]
    bpm_intervals: [0.572875082493, 0.572875142097, 0.572875142097, 0.572875022888, 0.572875261307, 0.572875022888, 0.572875499725, 0.572875022888, 0.572875022888, 0.572875499725, 0.43542432785, 0.389887809753, 0.389888763428, 0.389888286591, 0.389887809753, 0.389888286591, 0.389888763428, 0.389887809753, 0.389887809753, 0.389888763428]
    onset_times: [0.0464399084449, 0.325079351664, 0.487619042397, 0.952018141747, 1.8575963974, 2.22911572456, 2.38004541397, 2.5890250206, 2.7863945961, 3.70358276367, 3.98222231865, 4.3073015213, 4.56272125244, 4.93424034119, 7.38394546509, 7.84834480286, 8.28952407837, 8.74231338501, 9.19510173798]
    rubato_start: [6.72851371765]
    rubato_stop: [9.84762001038]
    perceptual_tempo: "unknown"

sfx:
    inharmonicity:
        dmean: 0.053009532392
        dmean2: 0.095276735723
        dvar: 0.00391223514453
        dvar2: 0.0111460257322
        max: 0.378632903099
        mean: 0.0555930286646
        min: 8.55297184899e-05
        var: 0.00398339843377
    oddtoevenharmonicenergyratio:
        dmean: 3.08692955971
        dmean2: 5.71106767654
        dvar: 155.010147095
        dvar2: 422.091430664
        max: 194.524429321
        mean: 2.05901670456
        min: 0.00390421552584
        var: 101.638336182
    pitch_after_max_to_before_max_energy_ratio: 5.90794086456
    pitch_centroid: 251.655380249
    pitch_max_to_total: 0.280092597008
    pitch_min_to_total: 0.18287037313
    tristimulus:
        dmean: [0.185101017356, 0.202137887478, 0.11928614974]
        dmean2: [0.322420328856, 0.348769843578, 0.213468015194]
        dvar: [0.0278584491462, 0.0346584171057, 0.011581260711]
        dvar2: [0.0775639489293, 0.0963656380773, 0.0310461539775]
        max: [0.905435681343, 0.980223655701, 0.548287510872]
        mean: [0.342529147863, 0.472094923258, 0.160650938749]
        min: [0.00580349890515, 0, 0]
        var: [0.0468274131417, 0.0462482944131, 0.0160018261522]

tonal:
    chords_changes_rate: 0.055299539119
    chords_number_rate: 0.0276497695595
    chords_strength:
        dmean: 0.00886814109981
        dmean2: 0.00802937243134
        dvar: 5.39097709407e-05
        dvar2: 4.4995911594e-05
        max: 0.715917885303
        mean: 0.537842810154
        min: 0.363454163074
        var: 0.00874028820544
    key_strength: 0.631700396538
    tuning_diatonic_strength: 0.563754975796
    tuning_equal_tempered_deviation: 0.0502282045782
    tuning_frequency: 440.254241943
    tuning_nontempered_energy_ratio: 0.711270928383
    hpcp:
        dmean: [0.136454701424, 0.136128693819, 0.0981562435627, 0.0838920474052, 0.0973009243608, 0.138781487942, 0.155338361859, 0.144533410668, 0.190299108624, 0.155017763376, 0.18930400908, 0.170622840524, 0.130295351148, 0.0978362113237, 0.110057897866, 0.114589117467, 0.0874157249928, 0.081958591938, 0.0860999524593, 0.0991570577025, 0.145267561078, 0.181924462318, 0.144830942154, 0.112295441329, 0.0970653817058, 0.0806536823511, 0.0738766118884, 0.0777989476919, 0.072053655982, 0.0927782654762, 0.124269150198, 0.104123748839, 0.0677101388574, 0.060954503715, 0.0766570270061, 0.116862863302]
        dmean2: [0.210623025894, 0.229240685701, 0.162102565169, 0.137026891112, 0.162090778351, 0.239204198122, 0.263497263193, 0.242271229625, 0.320697695017, 0.254534244537, 0.326111286879, 0.295680046082, 0.217842459679, 0.163913160563, 0.17812757194, 0.178139090538, 0.141347661614, 0.143082544208, 0.140851825476, 0.156616151333, 0.244816198945, 0.317572295666, 0.240175634623, 0.196412339807, 0.169522598386, 0.14191634953, 0.131455495954, 0.131403118372, 0.122334167361, 0.160090580583, 0.202721104026, 0.170728847384, 0.113119594753, 0.0988433733582, 0.128284603357, 0.190315529704]
        dvar: [0.0277347583324, 0.0310049634427, 0.0200085174292, 0.0155078712851, 0.0205917004496, 0.0354617536068, 0.0381336659193, 0.0316017046571, 0.0383669100702, 0.0436110571027, 0.0362826175988, 0.040105201304, 0.0307045541704, 0.0207068398595, 0.0180100314319, 0.0203521344811, 0.0122019611299, 0.0098490966484, 0.0159086529166, 0.01765268296, 0.0328359380364, 0.0426054559648, 0.0299323555082, 0.0276563614607, 0.0335618183017, 0.0183554235846, 0.016181692481, 0.0136520741507, 0.0132444817573, 0.0156751852483, 0.0282171685249, 0.0240749474615, 0.00837176851928, 0.00927192438394, 0.0160522442311, 0.0216490998864]
        dvar2: [0.054279807955, 0.0919031351805, 0.0530036911368, 0.0386651679873, 0.0518075339496, 0.0991985946894, 0.104954123497, 0.0784844234586, 0.0913645401597, 0.0923270136118, 0.0873283296824, 0.102861061692, 0.077918857336, 0.0502902679145, 0.0490462221205, 0.0473584122956, 0.0295287556946, 0.0275772288442, 0.0422782674432, 0.0387180522084, 0.084463827312, 0.106629237533, 0.073302693665, 0.0769796445966, 0.0863988175988, 0.0439344532788, 0.0461707450449, 0.0407018177211, 0.0398314185441, 0.0417392700911, 0.0753146559, 0.0656993091106, 0.0247014537454, 0.020520022139, 0.0371605865657, 0.0570516325533]
        max: [1, 1, 1, 1, 0.980215787888, 1, 1, 1, 1, 1, 1, 1, 1, 1, 1, 1, 0.903009653091, 0.656595170498, 1, 1, 1, 1, 1, 1, 1, 1, 1, 1, 1, 0.780053019524, 1, 1, 0.721425414085, 1, 1, 1]
        mean: [0.305991172791, 0.217132434249, 0.13114631176, 0.123723439872, 0.132210403681, 0.199231684208, 0.254611998796, 0.238688454032, 0.360863745213, 0.522606313229, 0.400713860989, 0.234812095761, 0.18559011817, 0.151819601655, 0.209997445345, 0.256875425577, 0.186942368746, 0.139272883534, 0.139398023486, 0.138919398189, 0.215967208147, 0.32781869173, 0.277430534363, 0.15556332469, 0.12262352556, 0.102461978793, 0.0937973856926, 0.107580803335, 0.103869915009, 0.144080638885, 0.206470131874, 0.158181190491, 0.0946848988533, 0.0996541827917, 0.113066129386, 0.216952472925]
        min: [0, 0, 0, 0, 0, 0, 0, 0, 0, 0, 0, 0, 0, 0, 0, 0, 0, 0, 0, 0, 0, 0, 0, 0, 0, 0, 0, 0, 0, 0, 0, 0, 0, 0, 0, 0]
        var: [0.0890080034733, 0.0423915013671, 0.0233422350138, 0.0232785809785, 0.0336318649352, 0.0584868714213, 0.0646194666624, 0.0581551156938, 0.0788947194815, 0.153863176703, 0.0907591283321, 0.0640103593469, 0.0516030825675, 0.0378790423274, 0.0598434843123, 0.0933258980513, 0.0327623225749, 0.0184690728784, 0.0259514469653, 0.0280359592289, 0.0460131391883, 0.0864287242293, 0.0778615102172, 0.0337077304721, 0.0331185720861, 0.0209424886853, 0.0136862611398, 0.0173363238573, 0.0167094264179, 0.0228111837059, 0.0513668097556, 0.0358437411487, 0.0127515792847, 0.0227360855788, 0.025537500158, 0.0388018377125]
    chords_histogram: [9.21658992767, 0, 14.7465438843, 0, 1.38248848915, 0, 0.921658992767, 0, 0, 0, 0, 0, 0, 0, 0, 0, 0, 0, 0, 0, 0, 2.7649769783, 12.4423961639, 58.5253448486]
    thpcp: [1, 0.766760468483, 0.449309706688, 0.355124145746, 0.290504723787, 0.401827216148, 0.491527587175, 0.357711642981, 0.266496747732, 0.266736209393, 0.265820354223, 0.413250297308, 0.627276539803, 0.530859529972, 0.297668278217, 0.234638437629, 0.196059584618, 0.179480016232, 0.205854386091, 0.198753654957, 0.275696337223, 0.395077764988, 0.302677541971, 0.181178256869, 0.190686911345, 0.216350480914, 0.41513556242, 0.585509896278, 0.415479928255, 0.250946670771, 0.236743107438, 0.252982795238, 0.381227076054, 0.487196564674, 0.456727087498, 0.690507829189]
    chords_key: "A"
    chords_scale: "minor"
    key_key: "C"
    key_scale: "major"
    chords_progression: ["A", "A", "Am", "Am", "Am", "Am", "Am", "Am", "Am", "Am", "Am", "Am", "Am", "Am", "Am", "Am", "Am", "Dm", "Dm", "Dm", "Dm", "Dm", "Dm", "D", "D", "D", "G", "G", "G", "G", "G", "G", "G", "G", "G", "G", "G", "G", "G", "G", "G", "G", "G", "G", "G", "G", "G", "G", "G", "G", "G", "G", "G", "G", "G", "G", "G", "G", "C", "C", "C", "C", "C", "C", "C", "C", "C", "C", "C", "C", "C", "C", "C", "C", "C", "C", "C", "C", "Am", "Am", "Am", "Am", "Am", "Am", "F", "F", "F", "F", "F", "F", "F", "F", "Am", "Am", "Am", "Am", "Am", "Am", "Am", "Am", "Am", "Am", "Am", "Am", "Am", "Am", "Am", "Am", "Am", "F", "F", "Am", "Am", "Am", "Am", "Am", "F", "F", "F", "F", "F", "F", "F", "F", "F", "F", "F", "F", "F", "F", "F", "F", "F", "Am", "Am", "Am", "Am", "Am", "Am", "Am", "Am", "Am", "Am", "Am", "Am", "Am", "Am", "Am", "Am", "Am", "Am", "Am", "Am", "Am", "Am", "Am", "Am", "Am", "Am", "Am", "Am", "Am", "Am", "Am", "Am", "Am", "Am", "Am", "Am", "Am", "Am", "Am", "Am", "Am", "Am", "Am", "Am", "Am", "Am", "Am", "Am", "Am", "Am", "Am", "Am", "Am", "Am", "Am", "Am", "Am", "Am", "Am", "Am", "Am", "Am", "Am", "Am", "Am", "Am", "Am", "Am", "Am", "Am", "Am", "Am", "Am", "Am", "Am", "Am", "Am", "Am", "Am", "Am", "Am", "Am", "Am", "Am"]
