
metadata:
    version:
        essentia: "1.2.2"
    audio_properties:
        analysis_sample_rate: 44100
        bitrate: 128
        channels: 2
        equal_loudness: 1
        length: 10.0310201645
        replay_gain: -8.90658760071
        downmix: "mix"
    tags:
        track: 38
        year: 0
        album: "Splitted by Mp3Splt v. 2.1"
        artist: "From 006.10 To 006.20"
        comment: "http://mp3splt.sf.net"
        genre: ""
        title: "01 The Clown.mp3"

highlevel:
    ballroom:
        all:
            ChaChaCha: 0.00301874382421
            Jive: 0.00257579353638
            Quickstep: 0.0173044726253
            Rumba-American: 0.0175066813827
            Rumba-International: 0.415504932404
            Rumba-Misc: 0.151365861297
            Samba: 0.00348163722083
            Tango: 0.0106020718813
            VienneseWaltz: 0.0921265631914
            Waltz: 0.286513239145
        probability: 0.415504932404
        value: "Rumba-International"
    culture:
        all:
            non_western: 0.842630088329
            western: 0.157369926572
        probability: 0.842630088329
        value: "non_western"
    gender:
        all:
            female: 0.968082904816
            male: 0.0319170802832
        probability: 0.968082904816
        value: "female"
    genre_dortmund:
        all:
            alternative: 0.0107083981857
            blues: 0.0108434669673
            electronic: 0.00967417936772
            folkcountry: 0.09518725425
            funksoulrnb: 0.00467849895358
            jazz: 0.822939932346
            pop: 0.0398490317166
            raphiphop: 0.00102215027437
            rock: 0.00509709585458
        probability: 0.822939932346
        value: "jazz"
    genre_electronica:
        all:
            ambient: 0.897757232189
            dnb: 0.0241253189743
            house: 0.0275888182223
            techno: 0.00854979548603
            trance: 0.0419788621366
        probability: 0.897757232189
        value: "ambient"
    genre_rosamerica:
        all:
            cla: 0.0791993513703
            dan: 0.00493789510801
            hip: 0.00407684687525
            jaz: 0.872952759266
            pop: 0.0138306589797
            rhy: 0.013721245341
            roc: 0.00797527376562
            spe: 0.00330596743152
        probability: 0.872952759266
        value: "jaz"
    genre_tzanetakis:
        all:
            blu: 0.0163366645575
            cla: 0.020199213177
            cou: 0.0428075864911
            dis: 0.00694904895499
            hip: 0.00393396848813
            jaz: 0.842383682728
            met: 0.00171729712747
            pop: 0.0284858066589
            reg: 0.00918856728822
            roc: 0.0279981736094
        probability: 0.842383682728
        value: "jaz"
    live_studio:
        all:
            live: 0.289493322372
            studio: 0.710506677628
        probability: 0.710506677628
        value: "studio"
    mood:
        all:
            Cluster1: 0.074195086956
            Cluster2: 0.235599160194
            Cluster3: 0.543836236
            Cluster4: 0.107662215829
            Cluster5: 0.0387073196471
        probability: 0.543836236
        value: "Cluster3"
    mood_acoustic:
        all:
            acoustic: 0.995261669159
            not_acoustic: 0.00473834620789
        probability: 0.995261669159
        value: "acoustic"
    mood_aggressive:
        all:
            aggressive: 0.0135352006182
            not_aggressive: 0.98646479845
        probability: 0.98646479845
        value: "not_aggressive"
    mood_electronic:
        all:
            electronic: 0.0985964313149
            not_electronic: 0.901403546333
        probability: 0.901403546333
        value: "not_electronic"
    mood_happy:
        all:
            happy: 0.0249672569335
            not_happy: 0.975032746792
        probability: 0.975032746792
        value: "not_happy"
    mood_party:
        all:
            not_party: 0.955179452896
            party: 0.0448205731809
        probability: 0.955179452896
        value: "not_party"
    mood_relaxed:
        all:
            not_relaxed: 0.0679742097855
            relaxed: 0.932025790215
        probability: 0.932025790215
        value: "relaxed"
    mood_sad:
        all:
            not_sad: 0.0925304964185
            sad: 0.907469511032
        probability: 0.907469511032
        value: "sad"
    rhythm:
        all:
            fast: 0.377047359943
            medium: 0.137972250581
            slow: 0.484980374575
        probability: 0.484980374575
        value: "slow"
    speech_music:
        all:
            music: 0.97828912735
            speech: 0.0217108465731
        probability: 0.97828912735
        value: "music"
    timbre:
        all:
            bright: 0.8240416646
            dark: 0.175958350301
        probability: 0.8240416646
        value: "bright"
    voice_instrumental:
        all:
            instrumental: 0.0690382495522
            voice: 0.930961728096
        probability: 0.930961728096
        value: "voice"

lowlevel:
    average_loudness: 0.898659229279
    barkbands_kurtosis:
        dmean: 6.45278692245
        dmean2: 9.3900642395
        dvar: 86.5707778931
        dvar2: 142.636993408
        max: 107.086174011
        mean: 13.0029888153
        min: -1.01899635792
        var: 259.016052246
    barkbands_skewness:
        dmean: 0.743085086346
        dmean2: 1.0999341011
        dvar: 0.611428797245
        dvar2: 1.10054254532
        max: 9.03031730652
        mean: 2.8346953392
        min: 0.0418228954077
        var: 2.47277569771
    barkbands_spread:
        dmean: 3.29337406158
        dmean2: 5.20313739777
        dvar: 22.0525436401
        dvar2: 48.7494277954
        max: 50.4849624634
        mean: 9.71011829376
        min: 1.52903234959
        var: 39.5928649902
    dissonance:
        dmean: 0.042221672833
        dmean2: 0.0709313303232
        dvar: 0.00155240099411
        dvar2: 0.00411976780742
        max: 0.488891601562
        mean: 0.40309664607
        min: 0.167759343982
        var: 0.0031638215296
    hfc:
        dmean: 0.75285923481
        dmean2: 1.0450412035
        dvar: 1.5117585659
        dvar2: 3.00202059746
        max: 13.0918254852
        mean: 1.67080104351
        min: 0.0215938910842
        var: 4.40446043015
    pitch:
        dmean: 165.878921509
        dmean2: 327.661529541
        dvar: 544087.4375
        dvar2: 1368473.625
        max: 4410
        mean: 334.110321045
        min: 86.3013687134
        var: 392952.21875
    pitch_instantaneous_confidence:
        dmean: 0.0964653268456
        dmean2: 0.14745670557
        dvar: 0.0084338542074
        dvar2: 0.0189232490957
        max: 0.951765537262
        mean: 0.62582218647
        min: 0.249090909958
        var: 0.0264554489404
    pitch_salience:
        dmean: 0.0819644555449
        dmean2: 0.13149702549
        dvar: 0.0052230427973
        dvar2: 0.0116428202018
        max: 0.822673857212
        mean: 0.517027020454
        min: 0.149458050728
        var: 0.0162716954947
    silence_rate_20dB:
        dmean: 0
        dmean2: 0
        dvar: 0
        dvar2: 0
        max: 1
        mean: 1
        min: 1
        var: 0
    silence_rate_30dB:
        dmean: 0
        dmean2: 0
        dvar: 0
        dvar2: 0
        max: 1
        mean: 1
        min: 1
        var: 0
    silence_rate_60dB:
        dmean: 0.155092597008
        dmean2: 0.310904860497
        dvar: 0.131039306521
        dvar2: 0.256007015705
        max: 1
        mean: 0.653579652309
        min: 0
        var: 0.226413875818
    spectral_centroid:
        dmean: 97.4669189453
        dmean2: 146.378219604
        dvar: 14473.0166016
        dvar2: 32923.9609375
        max: 1369.0592041
        mean: 499.940551758
        min: 188.898910522
        var: 32403.6074219
    spectral_complexity:
        dmean: 1.27146172523
        dmean2: 1.96744191647
        dvar: 1.44138872623
        dvar2: 2.97568702698
        max: 13
        mean: 4.82638883591
        min: 0
        var: 5.12958097458
    spectral_crest:
        dmean: 2.7805724144
        dmean2: 4.48644161224
        dvar: 6.52947711945
        dvar2: 15.0856266022
        max: 23.3964691162
        mean: 13.4402484894
        min: 5.69752120972
        var: 15.6969995499
    spectral_decrease:
        dmean: 3.398019921e-10
        dmean2: 4.59348337145e-10
        dvar: 1.65602359964e-19
        dvar2: 3.42225376477e-19
        max: -2.50431914789e-11
        mean: -8.21812451424e-10
        min: -5.22504528533e-09
        var: 6.04144388473e-19
    spectral_energy:
        dmean: 0.00134629989043
        dmean2: 0.00182093761396
        dvar: 2.65105518338e-06
        dvar2: 5.44640397493e-06
        max: 0.0208289828151
        mean: 0.0032532538753
        min: 9.64772261796e-05
        var: 9.65467006608e-06
    spectral_energyband_high:
        dmean: 2.7988846341e-05
        dmean2: 4.6988545364e-05
        dvar: 7.29766780339e-09
        dvar2: 1.90294766611e-08
        max: 0.000869587005582
        mean: 3.61222519132e-05
        min: 3.34060786145e-07
        var: 5.59462254301e-09
    spectral_energyband_low:
        dmean: 5.53125064471e-05
        dmean2: 6.99643715052e-05
        dvar: 7.58620100072e-09
        dvar2: 1.19086749351e-08
        max: 0.00101939111482
        mean: 9.71628542175e-05
        min: 8.22705203518e-07
        var: 2.16870379433e-08
    spectral_energyband_middle_high:
        dmean: 0.000247325457167
        dmean2: 0.000331882649334
        dvar: 3.16409710877e-07
        dvar2: 5.37440200787e-07
        max: 0.00660458113998
        mean: 0.000444376579253
        min: 1.3012609088e-06
        var: 8.41471489821e-07
    spectral_energyband_middle_low:
        dmean: 0.00114132114686
        dmean2: 0.00157384679187
        dvar: 1.68391113675e-06
        dvar2: 3.86736383007e-06
        max: 0.014957588166
        mean: 0.00267558265477
        min: 7.59807880968e-05
        var: 5.59251384402e-06
    spectral_flatness_db:
        dmean: 0.0239386856556
        dmean2: 0.0369841456413
        dvar: 0.000448564183898
        dvar2: 0.000946215121076
        max: 0.346190303564
        mean: 0.23387029767
        min: 0.127518102527
        var: 0.00170462508686
    spectral_flux:
        dmean: 0.0105414167047
        dmean2: 0.0170196872205
        dvar: 0.000113391819468
        dvar2: 0.000288109935354
        max: 0.0998940095305
        mean: 0.0248552039266
        min: 0.0051915529184
        var: 0.000232160455198
    spectral_kurtosis:
        dmean: 2.073802948
        dmean2: 3.37187433243
        dvar: 4.32774019241
        dvar2: 9.62696456909
        max: 25.420167923
        mean: 6.54420232773
        min: 1.06973791122
        var: 15.0051803589
    spectral_rms:
        dmean: 0.000363874394679
        dmean2: 0.000490126782097
        dvar: 1.23083637504e-07
        dvar2: 2.30011920621e-07
        max: 0.00450787739828
        mean: 0.00161752116401
        min: 0.000306796544464
        var: 5.57532075618e-07
    spectral_rolloff:
        dmean: 248.156280518
        dmean2: 431.014404297
        dvar: 250756.375
        dvar2: 644065.625
        max: 4478.90625
        mean: 676.950134277
        min: 172.265625
        var: 247606.671875
    spectral_skewness:
        dmean: 0.289645850658
        dmean2: 0.449327468872
        dvar: 0.0656416043639
        dvar2: 0.135565251112
        max: 3.99556946754
        mean: 2.19009971619
        min: 1.04007911682
        var: 0.285427540541
    spectral_spread:
        dmean: 617960.75
        dmean2: 944395.9375
        dvar: 371323273216
        dvar2: 746812669952
        max: 7992928
        mean: 4799516.5
        min: 1506074.5
        var: 1.46638897152e+12
    spectral_strongpeak:
        dmean: 0.173309728503
        dmean2: 0.266782939434
        dvar: 0.0639226064086
        dvar2: 0.144364491105
        max: 2.54377293587
        mean: 0.394538640976
        min: 0.012845329009
        var: 0.14356648922
    zerocrossingrate:
        dmean: 0.00618678377941
        dmean2: 0.00766488024965
        dvar: 3.73322800442e-05
        dvar2: 5.24923998455e-05
        max: 0.0849609375
        mean: 0.0331341773272
        min: 0.00537109375
        var: 0.000160755065735
    barkbands:
        dmean: [3.79284905705e-08, 1.17805220725e-05, 4.63363248855e-05, 0.000267607771093, 0.000512491737027, 0.000280901702354, 0.000138728704769, 8.7485423137e-05, 0.000178232352482, 0.000130586893647, 5.20530193171e-05, 4.74800835946e-05, 2.93733937724e-05, 1.61797033797e-05, 1.29604923131e-05, 9.22093659028e-06, 4.883904694e-06, 3.36532752954e-06, 9.5562545539e-06, 1.34720221467e-05, 2.08202091017e-05, 7.27502651898e-07, 3.19068561794e-07, 4.21815059326e-07, 2.04996993602e-07, 6.72056854611e-09, 1.09406941839e-10]
        dmean2: [4.37496829875e-08, 1.924586104e-05, 5.72956232645e-05, 0.000325620203512, 0.000785467098467, 0.000432385568274, 0.00020352107822, 0.000110752844193, 0.000253537669778, 0.000172763524461, 7.5568590546e-05, 6.60953155602e-05, 4.22359989898e-05, 2.27086129598e-05, 1.62497435667e-05, 1.23712698041e-05, 7.1007320912e-06, 4.72781039207e-06, 1.41938035085e-05, 2.20755282498e-05, 3.5744451452e-05, 1.09330539999e-06, 5.22760899457e-07, 6.75494788993e-07, 3.3761011764e-07, 1.03349613312e-08, 1.99561034364e-10]
        dvar: [3.60765643704e-13, 3.25664051282e-10, 7.10431891093e-09, 2.56276052824e-07, 5.43703663425e-07, 2.26895224387e-07, 5.56264687646e-08, 8.65888480917e-08, 4.20386669475e-07, 1.76109949734e-07, 3.3457496329e-08, 1.98002680918e-08, 6.11380412963e-09, 1.76396841578e-09, 1.60208957212e-09, 4.36234631751e-10, 1.04225690578e-10, 7.74014810578e-11, 5.86667991964e-10, 1.27097166125e-09, 4.73054040384e-09, 2.39188638514e-12, 5.02752841528e-13, 7.36482923258e-13, 3.93488003682e-13, 3.31319293129e-16, 2.54662059547e-20]
        dvar2: [3.60964432173e-13, 8.49262438152e-10, 1.06935891253e-08, 3.76590151063e-07, 1.34845845423e-06, 5.09293727191e-07, 1.14281149877e-07, 1.14356673464e-07, 8.18260275537e-07, 2.54590844406e-07, 6.38394013208e-08, 2.83163998915e-08, 1.02061905594e-08, 3.24602256185e-09, 2.45581954772e-09, 7.81150977236e-10, 2.25205715187e-10, 1.15501982978e-10, 1.32166555478e-09, 3.12655834556e-09, 1.26315331528e-08, 5.73708225024e-12, 1.25714304418e-12, 1.75523744844e-12, 1.04597862489e-12, 8.0765390908e-16, 7.76254204165e-20]
        max: [1.25038459373e-05, 0.000159441289725, 0.00101871532388, 0.00564553868026, 0.00592647958547, 0.00519776018336, 0.00233134068549, 0.00523778796196, 0.00995786115527, 0.00539215700701, 0.00231760321185, 0.00227704457939, 0.000995498150587, 0.000631038856227, 0.000745932629798, 0.000290784228127, 0.000114482594654, 0.000169125327375, 0.000423785328167, 0.000287897943053, 0.000762138690334, 1.62559426826e-05, 6.87259080223e-06, 6.39836662231e-06, 6.2888921093e-06, 1.43286541743e-07, 1.44285261516e-09]
        mean: [3.97901231963e-08, 1.78188583959e-05, 7.93175713625e-05, 0.00046658932115, 0.000896964629646, 0.000517826294526, 0.000275933387456, 0.000168900369317, 0.000300275045447, 0.000205601434573, 7.89970436017e-05, 7.22682234482e-05, 4.58237191197e-05, 2.35748611885e-05, 1.82092517207e-05, 1.46875854625e-05, 7.42303427614e-06, 5.01132808495e-06, 1.4721484149e-05, 1.72349082277e-05, 2.31223220908e-05, 1.37398762945e-06, 5.82045686315e-07, 6.98282519807e-07, 2.54959985568e-07, 8.63395310802e-09, 9.53870593623e-11]
        min: [5.92237300867e-11, 2.25309548796e-08, 1.1622516638e-07, 4.77248249808e-07, 6.64362642055e-06, 1.05402637018e-06, 2.0907307885e-07, 1.32402561803e-07, 1.19662786346e-07, 1.36903011594e-07, 7.53115401153e-08, 3.10812509952e-07, 1.1652792864e-07, 3.62320342617e-08, 3.0216440905e-08, 1.20690074823e-07, 6.62908092863e-08, 2.69664415242e-08, 1.02871673846e-07, 1.62808461823e-07, 1.82403653071e-07, 3.01659284219e-08, 9.44531830527e-09, 8.08623035198e-09, 1.71455627473e-09, 7.84043524549e-11, 6.62007287097e-13]
        var: [3.60582061171e-13, 4.98614871614e-10, 2.03285868139e-08, 7.89095906839e-07, 1.07328071408e-06, 6.35669437088e-07, 1.58211676649e-07, 3.11550678589e-07, 1.08553331302e-06, 4.23958539386e-07, 7.14068946195e-08, 4.36206981647e-08, 1.32338984216e-08, 3.20277804278e-09, 3.5984224489e-09, 9.32284915933e-10, 1.71634553792e-10, 1.4991570485e-10, 7.41610051147e-10, 1.11831377492e-09, 3.40908834495e-09, 2.60662563582e-12, 4.5967461608e-13, 8.13566282485e-13, 3.01721999165e-13, 3.26823401064e-16, 2.10771840089e-20]
    mfcc:
        mean: [-809.081176758, 148.050964355, -5.01114177704, 34.583366394, -22.3520011902, -5.58853721619, 2.55416750908, -23.4188861847, -14.0119895935, -6.8732714653, -20.9369239807, -1.5253713131, -8.22685146332]
        cov: [[1820.61328125, 218.571868896, -489.530548096, -432.81362915, -72.843132019, -76.8896179199, -46.7162246704, -1.73231363297, 90.7645111084, -3.45843076706, -34.0991325378, -70.9143676758, -86.9740142822], [218.571868896, 416.945068359, -186.266265869, -226.723953247, -41.2494468689, -17.9937953949, -41.7490119934, 44.6838264465, 0.167124792933, -8.35711288452, -2.71053242683, -26.8502578735, -51.2151031494], [-489.530548096, -186.266265869, 674.90234375, 330.050384521, 3.798214674, 36.0195121765, 100.408576965, 13.2476654053, 14.4082107544, 8.05327224731, 9.19371604919, 29.6738548279, 27.0580234528], [-432.81362915, -226.723953247, 330.050384521, 410.729919434, 113.112312317, 50.9887008667, 50.2317237854, 11.1835832596, 0.524300515652, -0.866586267948, -5.54925346375, 22.2312030792, 58.8306770325], [-72.843132019, -41.2494468689, 3.798214674, 113.112312317, 171.100860596, 84.2046356201, 0.801090121269, 0.511595845222, -14.8417854309, -6.11105203629, 2.42594408989, 18.3775482178, 45.4378890991], [-76.8896179199, -17.9937953949, 36.0195121765, 50.9887008667, 84.2046356201, 102.532226562, 29.2100486755, -9.86010932922, -14.3389339447, -2.13175916672, 7.89495897293, 12.2137145996, 12.7952785492], [-46.7162246704, -41.7490119934, 100.408576965, 50.2317237854, 0.801090121269, 29.2100486755, 75.9254684448, 20.6267929077, 6.00195789337, 5.64367437363, 17.7243766785, 8.21117401123, -1.14599919319], [-1.73231363297, 44.6838264465, 13.2476654053, 11.1835832596, 0.511595845222, -9.86010932922, 20.6267929077, 69.7779541016, 30.0112609863, 8.1512928009, 0.365849971771, -6.83697509766, -7.11525535583], [90.7645111084, 0.167124792933, 14.4082107544, 0.524300515652, -14.8417854309, -14.3389339447, 6.00195789337, 30.0112609863, 71.6492156982, 18.6057109833, -10.4034566879, -9.84764862061, -9.91187381744], [-3.45843076706, -8.35711288452, 8.05327224731, -0.866586267948, -6.11105203629, -2.13175916672, 5.64367437363, 8.1512928009, 18.6057109833, 38.442363739, 16.6553325653, 4.18644618988, 4.83328533173], [-34.0991325378, -2.71053242683, 9.19371604919, -5.54925346375, 2.42594408989, 7.89495897293, 17.7243766785, 0.365849971771, -10.4034566879, 16.6553325653, 63.4812164307, 40.3143730164, 14.3391580582], [-70.9143676758, -26.8502578735, 29.6738548279, 22.2312030792, 18.3775482178, 12.2137145996, 8.21117401123, -6.83697509766, -9.84764862061, 4.18644618988, 40.3143730164, 70.1593093872, 43.9690704346], [-86.9740142822, -51.2151031494, 27.0580234528, 58.8306770325, 45.4378890991, 12.7952785492, -1.14599919319, -7.11525535583, -9.91187381744, 4.83328533173, 14.3391580582, 43.9690704346, 82.6491165161]]
        icov: [[0.000944727507886, -8.44548121677e-05, 0.000336927856551, 0.000865621841513, -0.000913241761737, 0.0010187800508, -0.0011103420984, 0.00106652511749, -0.00168682169169, 0.00061222439399, 8.08892025361e-07, 0.000417645613197, 0.000175710316398], [-8.44548121677e-05, 0.00464810850099, -0.000427891063737, 0.00253473338671, 0.000294935394777, -0.00198231986724, 0.00353855919093, -0.0052710659802, 0.00149821024388, 0.00117186398711, -0.00086718890816, 0.000513836974278, 0.000855508435052], [0.000336927856551, -0.000427891063737, 0.00343372183852, -0.00278894603252, 0.00193285779096, -0.000405496160965, -0.00286533613689, 0.0012295654742, -0.00101720669772, -0.000139245938044, 0.000711070431862, -0.00116590596735, 0.000399786862545], [0.000865621841513, 0.00253473338671, -0.00278894603252, 0.00847608502954, -0.00560835609213, 0.00237026228569, -0.000791876518633, -0.0016497730976, -0.000635606062133, 0.0010237544775, 0.000884999113623, 0.00134569406509, -0.00108091626316], [-0.000913241761737, 0.000294935394777, 0.00193285779096, -0.00560835609213, 0.0185245294124, -0.0155875785276, 0.00809874385595, -0.00588847370818, 0.00180047319736, 0.00226077833213, -0.00223345123231, 0.00164231425151, -0.00598711939529], [0.0010187800508, -0.00198231986724, -0.000405496160965, 0.00237026228569, -0.0155875785276, 0.0263191498816, -0.0142793087289, 0.00981765985489, -0.000739064242225, -0.00252545555122, 0.00329704815522, -0.00278413831256, 0.00439964979887], [-0.0011103420984, 0.00353855919093, -0.00286533613689, -0.000791876518633, 0.00809874385595, -0.0142793087289, 0.0291213616729, -0.0133477868512, 0.00234484556131, 0.00263760820962, -0.00859808456153, 0.00260580587201, -0.000228680815781], [0.00106652511749, -0.0052710659802, 0.0012295654742, -0.0016497730976, -0.00588847370818, 0.00981765985489, -0.0133477868512, 0.0281771775335, -0.0111112389714, -0.000562482280657, -7.32191256247e-05, 0.00136033724993, 0.000575244135689], [-0.00168682169169, 0.00149821024388, -0.00101720669772, -0.000635606062133, 0.00180047319736, -0.000739064242225, 0.00234484556131, -0.0111112389714, 0.0254531838, -0.0132857793942, 0.00861130189151, -0.00462110573426, 0.00293315178715], [0.00061222439399, 0.00117186398711, -0.000139245938044, 0.0010237544775, 0.00226077833213, -0.00252545555122, 0.00263760820962, -0.000562482280657, -0.0132857793942, 0.0401838831604, -0.0178533755243, 0.0103849517182, -0.00654704822227], [8.08892025361e-07, -0.00086718890816, 0.000711070431862, 0.000884999113623, -0.00223345123231, 0.00329704815522, -0.00859808456153, -7.32191256247e-05, 0.00861130189151, -0.0178533755243, 0.0372038669884, -0.0236368086189, 0.00738949514925], [0.000417645613197, 0.000513836974278, -0.00116590596735, 0.00134569406509, 0.00164231425151, -0.00278413831256, 0.00260580587201, 0.00136033724993, -0.00462110573426, 0.0103849517182, -0.0236368086189, 0.0380714088678, -0.0174514185637], [0.000175710316398, 0.000855508435052, 0.000399786862545, -0.00108091626316, -0.00598711939529, 0.00439964979887, -0.000228680815781, 0.000575244135689, 0.00293315178715, -0.00654704822227, 0.00738949514925, -0.0174514185637, 0.0248463563621]]
    spectral_contrast:
        mean: [2.06572522643e-07, 7.91193031091e-08, -2.64323148258e-07, 1.01617644077e-07, -3.75564439992e-07, -3.72339314936e-07, 1.80448921583e-06, -2.71532258012e-07, -9.22354274735e-07, -1.36656069571e-06, -2.33948230743e-06, 4.59618058812e-06]
        var: [0.000130482163513, 0.00047143275151, 0.00207827147096, 0.00250799255446, 0.00605321582407, 0.0120508177206, 0.0339590013027, 0.0794348567724, 0.14739574492, 0.214080587029, 0.403222024441, 1.18980157375]

rhythm:
    beats_loudness:
        dmean: 0.00326260668226
        dmean2: 0.00632012123242
        dvar: 1.49273146235e-05
        dvar2: 3.98710508307e-05
        max: 0.0156707223505
        mean: 0.00495237158611
        min: 0.00159607466776
        var: 1.19713158711e-05
    beats_loudness_bass:
        dmean: 0.226473748684
        dmean2: 0.382312744856
        dvar: 0.0468116626143
        dvar2: 0.0983395949006
        max: 0.653167128563
        mean: 0.251233249903
        min: 0.0210098642856
        var: 0.0545681193471
    bpm: 82.203956604
    bpm_confidence: 0
    first_peak_bpm: 83
    first_peak_spread: 0
    first_peak_weight: 0.923076987267
    onset_rate: 5.2836098671
    second_peak_bpm: 59
    second_peak_spread: 0
    second_peak_weight: 0.0769230797887
    beats_position: [0.040457777679, 0.766279757023, 1.49210178852, 2.2179236412, 2.9437456131, 3.66956758499, 4.39538955688, 5.12121152878, 6.13639783859, 6.87207269669, 7.60774707794, 8.34342098236, 9.07909584045, 9.81477069855]
    bpm_estimates: [82.8435516357, 82.7172088623, 82.2009353638, 82.8295440674, 82.6751251221, 82.721321106, 82.6700363159, 81.5169219971, 81.4700317383, 81.7744522095, 81.5424499512, 81.4859237671]
    bpm_intervals: [0.725821971893, 0.725822031498, 0.725821852684, 0.725821971893, 0.725821971893, 0.725821971893, 0.725821971893, 1.01518630981, 0.735674858093, 0.735674381256, 0.735673904419, 0.735674858093, 0.735674858093]
    onset_times: [0.0464399084449, 0.208979591727, 0.243809521198, 0.476009070873, 0.696598649025, 0.952018141747, 1.18421769142, 1.28870749474, 1.43963718414, 1.83437645435, 1.93886625767, 2.15945577621, 2.42648530006, 2.56580495834, 2.65868473053, 2.89088439941, 3.15791392326, 3.61070299149, 3.85451245308, 3.88934230804, 4.00544214249, 4.1099319458, 4.35374164581, 4.60916090012, 4.85297060013, 4.96907043457, 5.07356023788, 5.32897949219, 5.5727891922, 5.80498886108, 6.07201814651, 6.3042178154, 6.54802703857, 6.80344676971, 7.05886602402, 7.27945566177, 7.40716552734, 7.52326536179, 7.65097522736, 7.77868461609, 7.87156438828, 8.01088428497, 8.28952407837, 8.47528362274, 8.77714252472, 9.04417228699, 9.14866256714, 9.26476192474, 9.34603214264, 9.50857162476, 9.65950107574, 9.7639913559, 10.0078001022]
    rubato_start: []
    rubato_stop: []
    perceptual_tempo: "unknown"

sfx:
    inharmonicity:
        dmean: 0.0170930977911
        dmean2: 0.0309004224837
        dvar: 0.000568147632293
        dvar2: 0.00152697041631
        max: 0.173693478107
        mean: 0.0147499199957
        min: 7.35368485039e-06
        var: 0.000481595256133
    oddtoevenharmonicenergyratio:
        dmean: 5.23943901062
        dmean2: 9.88871574402
        dvar: 282.363067627
        dvar2: 783.556335449
        max: 146.170028687
        mean: 3.39343118668
        min: 2.6637544579e-05
        var: 184.223464966
    pitch_after_max_to_before_max_energy_ratio: 10.3435564041
    pitch_centroid: 220.037277222
    pitch_max_to_total: 0.0694444477558
    pitch_min_to_total: 0.814814805984
    tristimulus:
        dmean: [0.259108096361, 0.25350189209, 0.0467218272388]
        dmean2: [0.459281027317, 0.45487138629, 0.083615526557]
        dvar: [0.0639587640762, 0.0638065263629, 0.00673512089998]
        dvar2: [0.173833489418, 0.170325547457, 0.0188887547702]
        max: [0.98853802681, 0.959900557995, 0.687936306]
        mean: [0.564401865005, 0.379155099392, 0.0513710826635]
        min: [0.0048379083164, 0, 0]
        var: [0.0779769718647, 0.0759503394365, 0.00554932374507]

tonal:
    chords_changes_rate: 0.0645161271095
    chords_number_rate: 0.0276497695595
    chords_strength:
        dmean: 0.013347171247
        dmean2: 0.0131168551743
        dvar: 9.44205166888e-05
        dvar2: 0.000116173985589
        max: 0.747856378555
        mean: 0.498408973217
        min: 0.290434658527
        var: 0.012391035445
    key_strength: 0.372633337975
    tuning_diatonic_strength: 0.338766485453
    tuning_equal_tempered_deviation: 0.180285036564
    tuning_frequency: 434.695007324
    tuning_nontempered_energy_ratio: 0.8624766469
    hpcp:
        dmean: [0.0935558378696, 0.0939625874162, 0.100055173039, 0.112561024725, 0.105776578188, 0.0540492385626, 0.0390439331532, 0.0304039046168, 0.0309783779085, 0.0843570828438, 0.106363803148, 0.099817790091, 0.134377896786, 0.123853050172, 0.0930254533887, 0.0685218423605, 0.0760565623641, 0.0807650089264, 0.108598701656, 0.139603167772, 0.138073086739, 0.145067811012, 0.106650166214, 0.0669060125947, 0.0849036872387, 0.0714512243867, 0.0464339889586, 0.0534620918334, 0.0779550895095, 0.12969969213, 0.164854824543, 0.161654487252, 0.080694951117, 0.0736321136355, 0.0711365863681, 0.0777262374759]
        dmean2: [0.160254836082, 0.158068060875, 0.174162760377, 0.183839529753, 0.173941805959, 0.0958853513002, 0.0718280225992, 0.0549229122698, 0.0521764084697, 0.136029958725, 0.181985870004, 0.164848104119, 0.231557637453, 0.21517585218, 0.163284599781, 0.113518305123, 0.123227067292, 0.134155675769, 0.184919834137, 0.223912194371, 0.249218434095, 0.243322849274, 0.177205279469, 0.113756552339, 0.146065860987, 0.112140312791, 0.0852462947369, 0.0940961241722, 0.147053673863, 0.222291916609, 0.285557299852, 0.266761571169, 0.141767427325, 0.131843492389, 0.109427623451, 0.132995322347]
        dvar: [0.0297729000449, 0.0264018662274, 0.0327640101314, 0.0405784770846, 0.0388537161052, 0.0119006885216, 0.0124788209796, 0.00593130383641, 0.00409784726799, 0.0286165717989, 0.0430070795119, 0.0280775092542, 0.055324587971, 0.0598548799753, 0.0300257597119, 0.0186564531177, 0.0214507263154, 0.0206000227481, 0.036863617599, 0.0544400960207, 0.0539859198034, 0.0524551942945, 0.0431669540703, 0.0186768677086, 0.0368767045438, 0.0242304373533, 0.0175416208804, 0.0200862362981, 0.0380315594375, 0.0413810200989, 0.0772976800799, 0.059059381485, 0.0190719403327, 0.0257739387453, 0.019801735878, 0.020412992686]
        dvar2: [0.0720554217696, 0.0639757439494, 0.0894216969609, 0.0703771710396, 0.0796904340386, 0.0327102206647, 0.036107044667, 0.0164698287845, 0.00883615203202, 0.0612989775836, 0.0819503366947, 0.060320623219, 0.129952117801, 0.126595705748, 0.077522687614, 0.043273486197, 0.0459509789944, 0.0478590205312, 0.0768431648612, 0.122294917703, 0.131636843085, 0.113728642464, 0.0868873074651, 0.0467082187533, 0.0770566985011, 0.0405248366296, 0.0369126312435, 0.0492622368038, 0.105600133538, 0.104031056166, 0.146181970835, 0.126642093062, 0.0519873760641, 0.0603684894741, 0.0345568545163, 0.0551612712443]
        max: [1, 1, 1, 1, 1, 0.625149607658, 1, 0.65417432785, 0.591682732105, 1, 1, 1, 1, 1, 1, 1, 1, 1, 1, 1, 1, 1, 1, 1, 1, 1, 1, 1, 1, 1, 1, 1, 1, 1, 1, 1]
        mean: [0.106605954468, 0.100308679044, 0.0958421677351, 0.161013513803, 0.138496413827, 0.0504961982369, 0.0328935086727, 0.0267169047147, 0.0277030691504, 0.0925020873547, 0.139143928885, 0.117529317737, 0.152874976397, 0.154656022787, 0.0844463333488, 0.0732222571969, 0.0761560276151, 0.0889781042933, 0.141928717494, 0.159661769867, 0.145383760333, 0.149934992194, 0.11126229912, 0.0728738382459, 0.108078040183, 0.107925616205, 0.060686185956, 0.0503468923271, 0.0591166876256, 0.133601263165, 0.271033287048, 0.2127212286, 0.0710446089506, 0.0841928273439, 0.100959308445, 0.0869738683105]
        min: [0.000494189676829, 0.000343269435689, 0.000477225985378, 0.000282593362499, 0.000170354847796, 0.000163907883689, 0.000144216028275, 0.000171678577317, 0.000271554919891, 2.98432296404e-05, 0.000468213489512, 0.000631908304058, 0.000257233739831, 0.000536285340786, 0.000579080951866, 0.000480655842694, 0.000479502981761, 0.000157522881636, 0.000136828792165, 8.25779570732e-05, 7.01350509189e-05, 4.34844587289e-05, 4.41551746917e-05, 9.05246997718e-05, 0.000176167159225, 0.000146984981257, 0.000233143087826, 6.60691875964e-05, 5.07747608935e-05, 0.00011811144941, 0.000207439341466, 0.000151022875798, 0.000225184339797, 0.000135537571623, 0.000255314196693, 0.000286643509753]
        var: [0.0472302995622, 0.0393138229847, 0.0334909409285, 0.0816253647208, 0.0664306208491, 0.00989533774555, 0.00780592299998, 0.00425888691097, 0.00377114815637, 0.0365750864148, 0.0717130973935, 0.0466744117439, 0.0786585733294, 0.0873320475221, 0.0278214830905, 0.0254462193698, 0.0252419579774, 0.0326428487897, 0.0659762769938, 0.0777316018939, 0.0724755600095, 0.0688400566578, 0.0545182786882, 0.0275095812976, 0.06112864241, 0.0556785352528, 0.0316174775362, 0.0258781835437, 0.0308408495039, 0.046081315726, 0.155486792326, 0.104483671486, 0.0166902560741, 0.0370799563825, 0.0478752888739, 0.027294088155]
    chords_histogram: [0, 46.082950592, 0, 0, 0, 0, 0, 0, 11.520737648, 0, 0, 0, 0, 2.7649769783, 28.1105995178, 0, 0, 0, 0, 0, 3.22580647469, 7.37327194214, 0.921658992767, 0]
    thpcp: [1, 0.784852802753, 0.262125045061, 0.310636490583, 0.372497826815, 0.320897370577, 0.393331587315, 0.370097279549, 0.353617697954, 0.594072818756, 0.510994136333, 0.186309948564, 0.121363356709, 0.0985742583871, 0.102212794125, 0.341294199228, 0.513383150101, 0.433634251356, 0.564045011997, 0.570616364479, 0.311571806669, 0.27015966177, 0.280984044075, 0.328292161226, 0.523657858372, 0.589085459709, 0.536405563354, 0.553197681904, 0.410511553288, 0.268874138594, 0.398762971163, 0.398200601339, 0.223906770349, 0.185759067535, 0.218115970492, 0.492933034897]
    chords_key: "C"
    chords_scale: "minor"
    key_key: "G#"
    key_scale: "major"
    chords_progression: ["A", "A", "A", "C", "C", "C", "C", "Cm", "Cm", "Cm", "Cm", "Cm", "Cm", "Cm", "Cm", "Cm", "Cm", "Cm", "Cm", "Cm", "Cm", "Cm", "Cm", "Cm", "Cm", "Cm", "C", "C", "C", "C", "C", "C", "C", "C", "C", "C", "C", "C", "C", "C", "C", "C", "C", "C", "Cm", "Cm", "Cm", "Cm", "Cm", "Cm", "Cm", "C", "C", "C", "Cm", "Cm", "Cm", "Cm", "Cm", "Cm", "Cm", "Cm", "Cm", "Cm", "Cm", "Cm", "Cm", "Cm", "Cm", "Cm", "Cm", "Cm", "Cm", "Cm", "Cm", "Cm", "Cm", "Cm", "Cm", "Cm", "Cm", "Cm", "Cm", "Cm", "Cm", "Cm", "Cm", "Cm", "Cm", "Cm", "Cm", "Cm", "Cm", "Cm", "Cm", "Cm", "Cm", "Cm", "Cm", "Cm", "Cm", "Cm", "Cm", "Cm", "Cm", "Cm", "Cm", "Cm", "Cm", "Cm", "Cm", "Cm", "Cm", "Cm", "Cm", "Cm", "Cm", "Cm", "Cm", "Cm", "Cm", "Cm", "Cm", "Cm", "Cm", "Cm", "Cm", "Cm", "F#", "F#", "F#", "F#", "F#", "F#", "F#", "F#m", "F#m", "F#m", "F#m", "F#m", "F#m", "A#m", "A#m", "A#m", "A#m", "A#m", "A#m", "C#", "C#", "A", "A", "A", "A", "A", "A", "A", "A", "A", "A", "A", "A", "A", "A", "A", "A#m", "A", "A", "A", "A", "A", "A", "A", "A", "A", "A", "A", "A", "A", "A", "A", "A", "A", "A", "A", "A", "A", "A", "A", "A", "A", "A", "A", "A", "A", "A", "A", "A", "A", "A", "A", "A", "A", "A", "A", "A", "A", "A", "A", "A#m", "A#m", "A#m", "A#m", "A#m", "A#m", "A#m", "A#m", "A#m"]
