
metadata:
    version:
        essentia: "1.2.2"
    audio_properties:
        analysis_sample_rate: 44100
        bitrate: 128
        channels: 2
        equal_loudness: 1
        length: 10.0310201645
        replay_gain: -11.3542766571
        downmix: "mix"
    tags:
        track: 15
        year: 0
        album: "Splitted by Mp3Splt v. 2.1"
        artist: "From 002.20 To 002.30"
        comment: "http://mp3splt.sf.net"
        genre: ""
        title: "02 Protective Custody.mp3"

highlevel:
    ballroom:
        all:
            ChaChaCha: 0.3288654387
            Jive: 0.0891429558396
            Quickstep: 0.0110989492387
            Rumba-American: 0.00170700473245
            Rumba-International: 0.0134010296315
            Rumba-Misc: 0.00111033255234
            Samba: 0.553529083729
            Tango: 0.000220945250476
            VienneseWaltz: 0.000348141504219
            Waltz: 0.000576085411012
        probability: 0.553529083729
        value: "Samba"
    culture:
        all:
            non_western: 0.324476391077
            western: 0.675523579121
        probability: 0.675523579121
        value: "western"
    gender:
        all:
            female: 0.79060447216
            male: 0.209395512938
        probability: 0.79060447216
        value: "female"
    genre_dortmund:
        all:
            alternative: 0.0349935740232
            blues: 0.00507946079597
            electronic: 0.613657295704
            folkcountry: 0.00261622178368
            funksoulrnb: 0.00579484086484
            jazz: 0.312988370657
            pop: 0.00484995963052
            raphiphop: 0.0072605018504
            rock: 0.0127597907558
        probability: 0.613657295704
        value: "electronic"
    genre_electronica:
        all:
            ambient: 0.0487971901894
            dnb: 0.05889326334
            house: 0.122762784362
            techno: 0.724608004093
            trance: 0.0449387840927
        probability: 0.724608004093
        value: "techno"
    genre_rosamerica:
        all:
            cla: 0.0555760599673
            dan: 0.499687790871
            hip: 0.108154803514
            jaz: 0.136887148023
            pop: 0.0226716790348
            rhy: 0.0723910182714
            roc: 0.0860059484839
            spe: 0.0186255499721
        probability: 0.499687790871
        value: "dan"
    genre_tzanetakis:
        all:
            blu: 0.0219669006765
            cla: 0.0255739763379
            cou: 0.00512960273772
            dis: 0.106339111924
            hip: 0.275699704885
            jaz: 0.0508601740003
            met: 0.0369429849088
            pop: 0.205261930823
            reg: 0.20897269249
            roc: 0.0632529333234
        probability: 0.275699704885
        value: "hip"
    live_studio:
        all:
            live: 0.460694104433
            studio: 0.539305925369
        probability: 0.539305925369
        value: "studio"
    mood:
        all:
            Cluster1: 0.4742436409
            Cluster2: 0.0725044161081
            Cluster3: 0.0182082448155
            Cluster4: 0.0589932724833
            Cluster5: 0.376050412655
        probability: 0.4742436409
        value: "Cluster1"
    mood_acoustic:
        all:
            acoustic: 0.140201300383
            not_acoustic: 0.859798669815
        probability: 0.859798669815
        value: "not_acoustic"
    mood_aggressive:
        all:
            aggressive: 0.84171974659
            not_aggressive: 0.158280223608
        probability: 0.84171974659
        value: "aggressive"
    mood_electronic:
        all:
            electronic: 0.960274517536
            not_electronic: 0.0397255048156
        probability: 0.960274517536
        value: "electronic"
    mood_happy:
        all:
            happy: 0.0471793599427
            not_happy: 0.952820658684
        probability: 0.952820658684
        value: "not_happy"
    mood_party:
        all:
            not_party: 0.244054317474
            party: 0.755945682526
        probability: 0.755945682526
        value: "party"
    mood_relaxed:
        all:
            not_relaxed: 0.355611920357
            relaxed: 0.644388079643
        probability: 0.644388079643
        value: "relaxed"
    mood_sad:
        all:
            not_sad: 0.719637453556
            sad: 0.280362546444
        probability: 0.719637453556
        value: "not_sad"
    rhythm:
        all:
            fast: 0.876139223576
            medium: 0.11351235956
            slow: 0.0103484354913
        probability: 0.876139223576
        value: "fast"
    speech_music:
        all:
            music: 0.761648356915
            speech: 0.238351643085
        probability: 0.761648356915
        value: "music"
    timbre:
        all:
            bright: 0.0861393585801
            dark: 0.913860619068
        probability: 0.913860619068
        value: "dark"
    voice_instrumental:
        all:
            instrumental: 0.999997794628
            voice: 2.21798904931e-06
        probability: 0.999997794628
        value: "instrumental"

lowlevel:
    average_loudness: 0.985566437244
    barkbands_kurtosis:
        dmean: 7.64997720718
        dmean2: 11.6376895905
        dvar: 158.802062988
        dvar2: 326.282073975
        max: 107.821327209
        mean: 6.42045879364
        min: -1.83105182648
        var: 208.141998291
    barkbands_skewness:
        dmean: 1.27645885944
        dmean2: 1.58296656609
        dvar: 1.59134674072
        dvar2: 3.65097427368
        max: 8.17329311371
        mean: 1.54609513283
        min: -2.35068082809
        var: 4.18609571457
    barkbands_spread:
        dmean: 12.1683702469
        dmean2: 17.1198406219
        dvar: 136.189849854
        dvar2: 337.94909668
        max: 69.9120254517
        mean: 25.684343338
        min: 1.11722493172
        var: 253.802963257
    dissonance:
        dmean: 0.0160338710994
        dmean2: 0.0278251580894
        dvar: 0.00028191547608
        dvar2: 0.000759269518312
        max: 0.5
        mean: 0.476353675127
        min: 0.369816511869
        var: 0.000305757741444
    hfc:
        dmean: 2.26149964333
        dmean2: 3.62668514252
        dvar: 18.1344928741
        dvar2: 46.7335700989
        max: 26.2785415649
        mean: 2.33207035065
        min: 1.51150504735e-06
        var: 16.4487724304
    pitch:
        dmean: 773.085144043
        dmean2: 1495.95776367
        dvar: 2031777
        dvar2: 3638410.5
        max: 4410
        mean: 1285.77087402
        min: 62.2002830505
        var: 2936967.5
    pitch_instantaneous_confidence:
        dmean: 0.0884179994464
        dmean2: 0.153494417667
        dvar: 0.0054914271459
        dvar2: 0.0149007774889
        max: 0.558856487274
        mean: 0.341057628393
        min: 0.00909447669983
        var: 0.00888923555613
    pitch_salience:
        dmean: 0.0935644805431
        dmean2: 0.125923752785
        dvar: 0.00636135786772
        dvar2: 0.0129541298375
        max: 0.852900862694
        mean: 0.579276323318
        min: 0.128178790212
        var: 0.0250674374402
    silence_rate_20dB:
        dmean: 0
        dmean2: 0
        dvar: 0
        dvar2: 0
        max: 1
        mean: 1
        min: 1
        var: 0
    silence_rate_30dB:
        dmean: 0
        dmean2: 0
        dvar: 0
        dvar2: 0
        max: 1
        mean: 1
        min: 1
        var: 0
    silence_rate_60dB:
        dmean: 0.152777776122
        dmean2: 0.306264489889
        dvar: 0.129436865449
        dvar2: 0.235668435693
        max: 1
        mean: 0.789838314056
        min: 0
        var: 0.165993183851
    spectral_centroid:
        dmean: 477.752685547
        dmean2: 584.878967285
        dvar: 254951.609375
        dvar2: 498106.40625
        max: 3568.01098633
        mean: 1154.41943359
        min: 97.5633010864
        var: 758437.75
    spectral_complexity:
        dmean: 3.24129939079
        dmean2: 5.15348815918
        dvar: 28.78632164
        dvar2: 64.0043640137
        max: 33
        mean: 4.38425922394
        min: 0
        var: 34.1439208984
    spectral_crest:
        dmean: 3.2311706543
        dmean2: 4.86652851105
        dvar: 7.11423397064
        dvar2: 11.0540800095
        max: 24.8854999542
        mean: 10.2452106476
        min: 3.11054086685
        var: 27.7608852386
    spectral_decrease:
        dmean: 5.19291776246e-10
        dmean2: 8.52555026576e-10
        dvar: 9.26988845649e-19
        dvar2: 2.47202326356e-18
        max: -8.95779163973e-16
        mean: -5.80381909199e-10
        min: -5.54543566622e-09
        var: 7.60476767957e-19
    spectral_energy:
        dmean: 0.00215169298463
        dmean2: 0.00351452501491
        dvar: 1.42269000207e-05
        dvar2: 3.82461876143e-05
        max: 0.0216998700052
        mean: 0.00240202108398
        min: 3.51797257991e-09
        var: 1.1977768736e-05
    spectral_energyband_high:
        dmean: 0.00021054748504
        dmean2: 0.000355451338692
        dvar: 2.31621541502e-07
        dvar2: 5.96383699758e-07
        max: 0.0029809656553
        mean: 0.000164461598615
        min: 6.72491506926e-11
        var: 1.78882984869e-07
    spectral_energyband_low:
        dmean: 0.000465516262921
        dmean2: 0.000762535084505
        dvar: 9.26364236875e-07
        dvar2: 2.41021643888e-06
        max: 0.00507157389075
        mean: 0.000534578110091
        min: 1.34535793617e-09
        var: 8.14645773062e-07
    spectral_energyband_middle_high:
        dmean: 0.000372583104763
        dmean2: 0.000562926405109
        dvar: 4.26041140145e-07
        dvar2: 1.02709554994e-06
        max: 0.00427890149876
        mean: 0.000498117587995
        min: 2.26603569242e-10
        var: 5.1627847597e-07
    spectral_energyband_middle_low:
        dmean: 0.00147331156768
        dmean2: 0.00269472133368
        dvar: 1.33854791784e-05
        dvar2: 3.79462326237e-05
        max: 0.0200349222869
        mean: 0.00120485993102
        min: 1.59559288004e-09
        var: 7.97081975179e-06
    spectral_flatness_db:
        dmean: 0.0360923148692
        dmean2: 0.0480793714523
        dvar: 0.00124467920978
        dvar2: 0.00290983472951
        max: 0.379259884357
        mean: 0.18529252708
        min: 0.0981771275401
        var: 0.00279700057581
    spectral_flux:
        dmean: 0.0162082444876
        dmean2: 0.0232423581183
        dvar: 0.000428298983024
        dvar2: 0.000629492744338
        max: 0.141313448548
        mean: 0.0322540104389
        min: 5.93125005253e-05
        var: 0.000871264317539
    spectral_kurtosis:
        dmean: 1.97943663597
        dmean2: 3.17695140839
        dvar: 4.22123146057
        dvar2: 9.96407699585
        max: 18.640001297
        mean: 4.1671628952
        min: 0.240903139114
        var: 7.21883058548
    spectral_rms:
        dmean: 0.000575457524974
        dmean2: 0.000823463255074
        dvar: 5.19652076036e-07
        dvar2: 1.34335527946e-06
        max: 0.00460115261376
        mean: 0.00126971758436
        min: 1.85261126262e-06
        var: 7.31252782771e-07
    spectral_rolloff:
        dmean: 895.051940918
        dmean2: 1317.33105469
        dvar: 1164660.375
        dvar2: 2190029.5
        max: 4866.50390625
        mean: 2106.21655273
        min: 64.599609375
        var: 2566332.75
    spectral_skewness:
        dmean: 0.371832638979
        dmean2: 0.532481789589
        dvar: 0.125833362341
        dvar2: 0.281274974346
        max: 3.37313342094
        mean: 1.39517438412
        min: 0.436643242836
        var: 0.26141500473
    spectral_spread:
        dmean: 489285.34375
        dmean2: 735121.1875
        dvar: 1.41603700736e+12
        dvar2: 1.8942665687e+12
        max: 26606668
        mean: 4032222.25
        min: 2378999
        var: 1.710342144e+12
    spectral_strongpeak:
        dmean: 0.216118901968
        dmean2: 0.384497493505
        dvar: 0.218402147293
        dvar2: 0.631404876709
        max: 2.93350076675
        mean: 0.249187931418
        min: 0
        var: 0.147290214896
    zerocrossingrate:
        dmean: 0.0168417375535
        dmean2: 0.0160178951919
        dvar: 0.000188719888683
        dvar2: 0.00019891942793
        max: 0.14013671875
        mean: 0.0648735910654
        min: 0.005859375
        var: 0.00107526278589
    barkbands:
        dmean: [4.14537908e-07, 0.000116797476949, 0.000400459190132, 0.000630493392237, 0.00069057312794, 0.000159633375006, 5.71827731619e-05, 2.91589494736e-05, 2.37089698203e-05, 2.99159928545e-05, 3.63884137187e-05, 1.98302368517e-05, 1.71866322489e-05, 1.39517087518e-05, 1.72601685335e-05, 3.17572885251e-05, 4.30069085269e-05, 5.83079017815e-05, 9.07670182642e-05, 0.000166411860846, 0.000104484955955, 2.51848214248e-05, 2.62823664343e-06, 5.2159924735e-07, 1.23262651641e-07, 2.30481855823e-09, 9.75861474961e-11]
        dmean2: [4.22902729724e-07, 0.000176782399649, 0.000691823952366, 0.00116355542559, 0.00129173300229, 0.000291786709568, 0.000102129335573, 4.68924517918e-05, 3.57297212759e-05, 4.42034543084e-05, 5.5716787756e-05, 3.30963266606e-05, 2.5924291549e-05, 2.32880065596e-05, 2.75491929642e-05, 5.2612478612e-05, 6.54957111692e-05, 9.45663196035e-05, 0.000137565206387, 0.00028295131051, 0.000179368827958, 4.25393591286e-05, 4.44196302851e-06, 8.95549760571e-07, 2.17003119474e-07, 4.07248901269e-09, 1.69007211004e-10]
        dvar: [5.26267506136e-13, 6.42758379854e-08, 7.70685176121e-07, 2.47257639785e-06, 3.87239197153e-06, 9.78161907028e-08, 1.36755033964e-08, 1.3698893131e-09, 1.21393739505e-09, 2.18511986283e-09, 4.22073087591e-09, 1.00905828138e-09, 8.39168234901e-10, 7.09443115365e-10, 5.93443461039e-10, 4.3139767314e-09, 5.4898046109e-09, 1.06715933867e-08, 2.80458003488e-08, 1.32609429215e-07, 7.36596348361e-08, 3.38570105285e-09, 3.61420580963e-11, 1.42364852546e-12, 7.77410227122e-14, 2.44575850067e-17, 1.38937818102e-19]
        dvar2: [5.96588587993e-13, 1.53089871446e-07, 2.12091140384e-06, 7.02771467331e-06, 1.11295703391e-05, 2.81457431583e-07, 3.95810104692e-08, 3.3857197046e-09, 2.90252888391e-09, 4.63458915689e-09, 9.17634679354e-09, 2.39190822704e-09, 2.01044469961e-09, 1.94756655247e-09, 1.58378854476e-09, 1.06946655976e-08, 1.22859553642e-08, 2.65788209219e-08, 6.55644925018e-08, 3.43370032851e-07, 1.9370096993e-07, 8.45208170119e-09, 9.35760011145e-11, 3.7531961046e-12, 2.11908669865e-13, 6.38635048961e-17, 1.96360153389e-19]
        max: [9.76331193669e-06, 0.00138435862027, 0.00445931777358, 0.008017167449, 0.011944825761, 0.00166229414754, 0.000629648391623, 0.000237461877987, 0.000283083179966, 0.000380656361813, 0.000590093666688, 0.000307657785015, 0.000306537898723, 0.000214267871343, 0.000208594326978, 0.000492483493872, 0.000526401039679, 0.000665991392452, 0.00112057768274, 0.00222301995382, 0.00202479562722, 0.000385459017707, 4.08186569985e-05, 7.34317109163e-06, 1.57858312377e-06, 3.58833212033e-08, 7.12428915861e-09]
        mean: [6.41754468234e-07, 0.000113749956654, 0.000420191703597, 0.000489939469844, 0.000461315561552, 0.000126211103634, 4.70077429782e-05, 3.40025690093e-05, 3.71477399312e-05, 4.39231807832e-05, 4.82115465275e-05, 2.79162286461e-05, 2.63997717411e-05, 1.92596271518e-05, 2.47933639912e-05, 3.56945856765e-05, 5.03408482473e-05, 6.57378113829e-05, 9.47252483456e-05, 0.000131162611069, 8.07464894024e-05, 2.03495801543e-05, 2.03521403819e-06, 4.15365178696e-07, 1.00694741434e-07, 2.33680319539e-09, 8.01652424998e-11]
        min: [2.3782378844e-11, 7.205288588e-10, 3.48049172816e-10, 2.52718651561e-10, 4.22385210141e-10, 3.27209703777e-10, 2.59421484294e-10, 1.84161796923e-10, 1.38964215135e-10, 6.13708459052e-11, 4.98691331285e-11, 3.6210621307e-11, 1.75178899164e-11, 4.77682607011e-12, 1.00825684607e-11, 3.07516750779e-12, 1.49149182588e-11, 1.01531318075e-11, 2.06658648527e-11, 1.71145597694e-11, 2.94680842228e-11, 8.6650799383e-12, 5.73976413273e-12, 4.14258861589e-12, 3.69028939351e-12, 3.62947280737e-12, 3.26544130277e-13]
        var: [1.50785547243e-12, 6.52425171666e-08, 5.83402425036e-07, 1.49775371483e-06, 2.18996342483e-06, 6.2219541519e-08, 9.37577127047e-09, 1.74644165796e-09, 2.57321719488e-09, 4.51632953258e-09, 7.02708780054e-09, 1.50851831027e-09, 1.94383753538e-09, 1.10832454325e-09, 1.17375031916e-09, 4.02075883699e-09, 6.83550860359e-09, 1.11434985683e-08, 3.04395832984e-08, 1.03350977554e-07, 5.32365298511e-08, 2.72452438388e-09, 2.79723206403e-11, 1.06732266254e-12, 5.37141572811e-14, 1.83358942628e-17, 1.31477321061e-19]
    mfcc:
        mean: [-812.119140625, 125.307556152, -44.8620185852, 69.6155166626, -19.5087509155, 5.20094633102, 5.23795700073, 2.18967652321, -0.758049666882, -6.86993312836, -5.78119468689, -4.50142097473, -3.38275456429]
        cov: [[7927.00097656, -276.564483643, -809.067260742, -460.410461426, -698.145812988, -321.021636963, -566.947753906, -376.434448242, -368.938079834, -336.096038818, -320.63269043, -276.960510254, -195.055175781], [-276.564483643, 888.054382324, 254.579116821, 54.0880355835, 149.2240448, 87.9627761841, 66.5739746094, 17.6337051392, 6.97793197632, 8.6647901535, 27.9638938904, -54.3520431519, -69.945526123], [-809.067260742, 254.579116821, 1019.46185303, 752.762023926, 267.089447021, 173.328857422, 23.7941474915, 41.7063751221, 47.9279823303, -12.3549556732, -20.5987300873, 20.7287921906, 20.2687549591], [-460.410461426, 54.0880355835, 752.762023926, 673.023803711, 230.121337891, 159.951690674, 23.2994670868, 51.2899742126, 54.1024093628, 4.98013401031, -19.1076850891, 34.4758453369, 36.3681526184], [-698.145812988, 149.2240448, 267.089447021, 230.121337891, 192.871566772, 111.338943481, 82.0693969727, 57.4570045471, 54.9105873108, 40.3395843506, 34.5706672668, 34.0835990906, 27.3484287262], [-321.021636963, 87.9627761841, 173.328857422, 159.951690674, 111.338943481, 119.420524597, 72.3336181641, 56.8432502747, 46.5335502625, 36.7697181702, 26.4595069885, 36.0231323242, 31.3691978455], [-566.947753906, 66.5739746094, 23.7941474915, 23.2994670868, 82.0693969727, 72.3336181641, 116.514823914, 65.9777374268, 54.1008224487, 57.7624130249, 46.8386650085, 42.0459442139, 30.5343494415], [-376.434448242, 17.6337051392, 41.7063751221, 51.2899742126, 57.4570045471, 56.8432502747, 65.9777374268, 82.0987091064, 49.4755020142, 49.4060249329, 25.59100914, 35.5231056213, 26.4981765747], [-368.938079834, 6.97793197632, 47.9279823303, 54.1024093628, 54.9105873108, 46.5335502625, 54.1008224487, 49.4755020142, 60.4718780518, 40.1652450562, 29.720281601, 31.6620578766, 25.8368396759], [-336.096038818, 8.6647901535, -12.3549556732, 4.98013401031, 40.3395843506, 36.7697181702, 57.7624130249, 49.4060249329, 40.1652450562, 58.8412895203, 33.7696876526, 32.0688476562, 22.5097789764], [-320.63269043, 27.9638938904, -20.5987300873, -19.1076850891, 34.5706672668, 26.4595069885, 46.8386650085, 25.59100914, 29.720281601, 33.7696876526, 49.0929069519, 28.9643783569, 20.2974300385], [-276.960510254, -54.3520431519, 20.7287921906, 34.4758453369, 34.0835990906, 36.0231323242, 42.0459442139, 35.5231056213, 31.6620578766, 32.0688476562, 28.9643783569, 48.6068267822, 37.1275596619], [-195.055175781, -69.945526123, 20.2687549591, 36.3681526184, 27.3484287262, 31.3691978455, 30.5343494415, 26.4981765747, 25.8368396759, 22.5097789764, 20.2974300385, 37.1275596619, 48.8636894226]]
        icov: [[0.000372621201677, -0.000313046039082, 0.000954705930781, -0.00107737944927, 0.00143230787944, -0.00119575241115, 0.000854297366459, 0.000371311674826, 0.000501224480104, 0.000320718914736, 0.000643297389615, 0.000198465306312, -0.000154800654855], [-0.000313046039082, 0.0030239704065, -0.00303797633387, 0.00404346175492, -0.00325160636567, -0.0016012043925, -0.000732411572244, -0.000836794031784, 0.000298779545119, -0.00075115886284, -0.00261714286171, 0.00413810368627, 0.00321996235289], [0.000954705930781, -0.00303797633387, 0.0106884678826, -0.012691709213, 0.00471830926836, -0.000503170944285, 0.000756372697651, 0.00115608959459, 0.00152750045527, 0.00445228861645, 0.000347628258169, -0.00143390777521, -0.000856026483234], [-0.00107737944927, 0.00404346175492, -0.012691709213, 0.019586192444, -0.0108645688742, -0.00351382512599, 0.003341777483, -0.00107968878001, -0.00401960127056, -0.00403144164011, 0.00492697348818, -0.000846293754876, 0.00158701150212], [0.00143230787944, -0.00325160636567, 0.00471830926836, -0.0108645688742, 0.0250907838345, -0.00855094380677, -0.00337352906354, 0.00227764225565, 0.000511931662913, 0.00129021226894, -0.00426509371027, 0.00298723438755, -0.00185159314424], [-0.00119575241115, -0.0016012043925, -0.000503170944285, -0.00351382512599, -0.00855094380677, 0.0329221561551, -0.0115897841752, -0.00609570275992, -0.00138374289963, 0.00193967379164, -0.00102496379986, -0.00504718814045, -0.00594380358234], [0.000854297366459, -0.000732411572244, 0.000756372697651, 0.003341777483, -0.00337352906354, -0.0115897841752, 0.0323878750205, -0.0058545768261, -0.00251028942876, -0.00712069217116, -0.00335149164312, -0.00342012522742, 0.000423786026658], [0.000371311674826, -0.000836794031784, 0.00115608959459, -0.00107968878001, 0.00227764225565, -0.00609570275992, -0.0058545768261, 0.0380668304861, -0.0129448026419, -0.0165132135153, 0.0139953847975, -0.00834111217409, 0.00123809452634], [0.000501224480104, 0.000298779545119, 0.00152750045527, -0.00401960127056, 0.000511931662913, -0.00138374289963, -0.00251028942876, -0.0129448026419, 0.0465030446649, -0.00792646966875, -0.0104815000668, 0.00205584731884, -0.00416853418574], [0.000320718914736, -0.00075115886284, 0.00445228861645, -0.00403144164011, 0.00129021226894, 0.00193967379164, -0.00712069217116, -0.0165132135153, -0.00792646966875, 0.0552142336965, -0.0136913591996, -0.00753923412412, 0.00296750711277], [0.000643297389615, -0.00261714286171, 0.000347628258169, 0.00492697348818, -0.00426509371027, -0.00102496379986, -0.00335149164312, 0.0139953847975, -0.0104815000668, -0.0136913591996, 0.0582420006394, -0.0243469662964, -0.00128421990667], [0.000198465306312, 0.00413810368627, -0.00143390777521, -0.000846293754876, 0.00298723438755, -0.00504718814045, -0.00342012522742, -0.00834111217409, 0.00205584731884, -0.00753923412412, -0.0243469662964, 0.0821886435151, -0.0337799340487], [-0.000154800654855, 0.00321996235289, -0.000856026483234, 0.00158701150212, -0.00185159314424, -0.00594380358234, 0.000423786026658, 0.00123809452634, -0.00416853418574, 0.00296750711277, -0.00128421990667, -0.0337799340487, 0.0545832961798]]
    spectral_contrast:
        mean: [-4.32090558888e-07, 1.67280191476e-07, 9.21923088981e-08, 4.52178682053e-07, -5.35596704765e-08, 2.78568933254e-07, -4.30036470789e-06, -7.41168946661e-07, 1.82077008049e-06, 2.1398343506e-06, 1.10120265617e-06, 2.35659101122e-07]
        var: [0.000199507718207, 0.000350430171238, 0.00044289327343, 0.00091735064052, 0.00154271593783, 0.00792887900025, 0.0228640828282, 0.054724495858, 0.164563670754, 0.282844275236, 0.782674789429, 3.74201774597]

rhythm:
    beats_loudness:
        dmean: 0.00334517913871
        dmean2: 0.00653828727081
        dvar: 3.72536396753e-06
        dvar2: 8.96779420145e-06
        max: 0.00705560529605
        mean: 0.0044803051278
        min: 6.41192818875e-05
        var: 5.29774888491e-06
    beats_loudness_bass:
        dmean: 0.307434946299
        dmean2: 0.593746304512
        dvar: 0.0827517211437
        dvar2: 0.218822553754
        max: 0.880908668041
        mean: 0.698173820972
        min: 0.0416604354978
        var: 0.0681630894542
    bpm: 138.042160034
    bpm_confidence: 0
    first_peak_bpm: 138
    first_peak_spread: 0
    first_peak_weight: 0.533333361149
    onset_rate: 5.98144578934
    second_peak_bpm: 69
    second_peak_spread: 0.142857134342
    second_peak_weight: 0.40000000596
    beats_position: [0.0547659061849, 0.927142679691, 1.79951953888, 2.67189621925, 3.54427289963, 4.41664934158, 5.28902626038, 6.19489002228, 6.62954092026, 7.0641913414, 7.49884176254, 7.93349266052, 8.36814308167, 8.80279350281, 9.23744487762, 9.67209529877]
    bpm_estimates: [138.180358887, 138.015792847, 137.959106445, 137.862991333, 137.768981934, 138.368255615, 138.139587402]
    bpm_intervals: [0.872376799583, 0.872376859188, 0.872376680374, 0.872376680374, 0.872376441956, 0.872376918793, 0.905863761902, 0.43465089798, 0.434650421143, 0.434650421143, 0.43465089798, 0.434650421143, 0.434650421143, 0.434651374817, 0.434650421143]
    onset_times: [0.0580498874187, 0.18575963378, 0.31346938014, 0.383129239082, 0.638548731804, 0.917188227177, 1.04489791393, 1.18421769142, 1.26548755169, 1.35836732388, 1.5673469305, 1.68344676495, 1.79954648018, 1.93886625767, 2.06657600403, 2.13623571396, 2.3916554451, 2.67029476166, 2.79800462723, 2.92571425438, 3.11147403717, 3.32045340538, 3.55265307426, 3.69197273254, 3.81968259811, 3.90095233917, 4.15637207031, 4.42340135574, 4.55111122131, 4.67882108688, 4.86458063126, 5.07356023788, 5.29414987564, 5.44507932663, 5.5727891922, 5.65405893326, 5.89786863327, 6.17650794983, 6.3042178154, 6.43192720413, 6.61768722534, 6.84988641739, 7.0356464386, 7.19818592072, 7.32589578629, 7.38394546509, 7.65097522736, 7.92961454391, 8.05732440948, 8.18503379822, 8.37079334259, 8.57977294922, 8.8119726181, 8.95129299164, 9.07900238037, 9.13705253601, 9.4040813446, 9.682721138, 9.81043052673, 9.93814086914]
    rubato_start: [6.62954092026]
    rubato_stop: [7.0641913414]
    perceptual_tempo: "unknown"

sfx:
    inharmonicity:
        dmean: 0.0458492487669
        dmean2: 0.0802031755447
        dvar: 0.00326930708252
        dvar2: 0.00910739600658
        max: 0.326873868704
        mean: 0.0491889938712
        min: 0.000100680626929
        var: 0.00413018651307
    oddtoevenharmonicenergyratio:
        dmean: 2.41832613945
        dmean2: 4.59162092209
        dvar: 44.1858329773
        dvar2: 127.133308411
        max: 79.0871200562
        mean: 1.73387217522
        min: 7.18306864655e-06
        var: 27.279296875
    pitch_after_max_to_before_max_energy_ratio: 1.46033883095
    pitch_centroid: 213.177352905
    pitch_max_to_total: 0.391203701496
    pitch_min_to_total: 0.270833343267
    tristimulus:
        dmean: [0.202675879002, 0.233070805669, 0.140080928802]
        dmean2: [0.345461636782, 0.404379427433, 0.246515586972]
        dvar: [0.0406503491104, 0.0426695607603, 0.0226798858494]
        dvar2: [0.0977265238762, 0.11353610456, 0.0632088333368]
        max: [0.961569011211, 0.939574360847, 0.810507535934]
        mean: [0.41887819767, 0.384076148272, 0.13801638782]
        min: [0.00919786840677, 0, 0]
        var: [0.0768878534436, 0.0646990761161, 0.0237422455102]

tonal:
    chords_changes_rate: 0.037037037313
    chords_number_rate: 0.00925925932825
    chords_strength:
        dmean: 0.0127690946683
        dmean2: 0.0142154404894
        dvar: 8.01109708846e-05
        dvar2: 0.000130277592689
        max: 0.436035037041
        mean: 0.283077657223
        min: 0.192714035511
        var: 0.00262651918456
    key_strength: 0.565781593323
    tuning_diatonic_strength: 0.24328404665
    tuning_equal_tempered_deviation: 0.0832739844918
    tuning_frequency: 442.293365479
    tuning_nontempered_energy_ratio: 0.725672125816
    hpcp:
        dmean: [0.173091709614, 0.161344110966, 0.209041655064, 0.249568924308, 0.190869137645, 0.204723611474, 0.305006146431, 0.27289262414, 0.261832326651, 0.24052606523, 0.149098023772, 0.156084537506, 0.186698809266, 0.112182378769, 0.113858230412, 0.157248362899, 0.176424384117, 0.171644404531, 0.171618819237, 0.152328714728, 0.124847643077, 0.113078311086, 0.0837423428893, 0.131755501032, 0.193376034498, 0.16631346941, 0.167907908559, 0.183024927974, 0.177326470613, 0.213760063052, 0.19934257865, 0.142229422927, 0.141221553087, 0.161557719111, 0.198247388005, 0.187158465385]
        dmean2: [0.309223473072, 0.289184570312, 0.368429452181, 0.427587002516, 0.335553199053, 0.336425244808, 0.502503991127, 0.474373519421, 0.480423390865, 0.414421468973, 0.254312098026, 0.268613129854, 0.323976576328, 0.191403508186, 0.182570308447, 0.239303782582, 0.281125843525, 0.284743338823, 0.277314156294, 0.270472347736, 0.220138654113, 0.184715107083, 0.146214216948, 0.228071972728, 0.339982867241, 0.293228626251, 0.303525865078, 0.324277311563, 0.308212250471, 0.367390006781, 0.330423593521, 0.231691464782, 0.248397246003, 0.278481036425, 0.36191418767, 0.336280703545]
        dvar: [0.0553776808083, 0.0570346042514, 0.0583877339959, 0.0930133759975, 0.0443514846265, 0.0423803254962, 0.0959733352065, 0.0716571062803, 0.0686903372407, 0.079288572073, 0.0330865606666, 0.0511417649686, 0.0665423497558, 0.0208119228482, 0.0260104164481, 0.0520536340773, 0.0410500206053, 0.0428313687444, 0.044081684202, 0.0420763865113, 0.0302006527781, 0.0243512224406, 0.0174176190048, 0.0313511490822, 0.0511924251914, 0.0401782616973, 0.0422631725669, 0.0445829667151, 0.0484122559428, 0.0676667243242, 0.0513411872089, 0.0298386532813, 0.0357117168605, 0.0385360792279, 0.0647936463356, 0.0595623329282]
        dvar2: [0.144096598029, 0.162827476859, 0.134758189321, 0.227168828249, 0.117533892393, 0.120749868453, 0.159589394927, 0.143187254667, 0.175003513694, 0.194557800889, 0.074676297605, 0.13252851367, 0.177497133613, 0.0538649186492, 0.0624324046075, 0.0759703367949, 0.0970187410712, 0.108766108751, 0.102394349873, 0.101549640298, 0.0700166448951, 0.0599608272314, 0.0469189658761, 0.0781401321292, 0.120958417654, 0.104649499059, 0.11650262028, 0.115877695382, 0.126472488046, 0.156633988023, 0.101729437709, 0.074055314064, 0.0927186533809, 0.0993209257722, 0.168358772993, 0.146879896522]
        max: [1, 1, 1, 1, 1, 1, 1, 1, 1, 1, 1, 1, 1, 0.783176660538, 1, 1, 1, 1, 1, 0.882558703423, 0.890495479107, 0.89182394743, 1, 0.998317718506, 1, 1, 1, 1, 1, 1, 1, 1, 1, 0.923159182072, 1, 1]
        mean: [0.162767350674, 0.141130328178, 0.205796942115, 0.233364969492, 0.16138741374, 0.238839253783, 0.400018930435, 0.352653235197, 0.278961598873, 0.259403705597, 0.149503096938, 0.133895769715, 0.154204457998, 0.0990389958024, 0.160065233707, 0.286925345659, 0.240949079394, 0.197985172272, 0.200622290373, 0.150119319558, 0.136749073863, 0.116372875869, 0.07745192945, 0.127348527312, 0.184815213084, 0.149597734213, 0.139451131225, 0.163419276476, 0.171169161797, 0.230458632112, 0.232108816504, 0.148308157921, 0.122795037925, 0.148980736732, 0.17263917625, 0.173613622785]
        min: [0.00112673279364, 0.00107019441202, 0.00103640812449, 0.00131699361373, 0.00180480768904, 0.00176938890945, 0.00140485772863, 0.00225492520258, 0.0032948567532, 0.00281882542185, 0.00197886978276, 0.000926202803385, 0.00130053493194, 0.00140684784856, 0.00112079875544, 0.00277395965531, 0.00140854436904, 0.00126750010531, 0.000959371041972, 0.000330138835125, 0.00101227755658, 0.000928805442527, 0.000972009554971, 0.000419024989242, 0.000965693150647, 0.000379647652153, 0.00104703765828, 0.00103209924418, 0.00149338308256, 0.00067257671617, 0.00121490575839, 0.00154152163304, 0.0017410403816, 0.00196728645824, 0.00188741798047, 0.00126941036433]
        var: [0.0429703183472, 0.0399604700506, 0.0708216577768, 0.105478800833, 0.0441741533577, 0.0511699877679, 0.153413578868, 0.107288375497, 0.0931360423565, 0.113431222737, 0.0390640050173, 0.0411824472249, 0.0542449504137, 0.0189509596676, 0.0388094373047, 0.119229406118, 0.0674233138561, 0.0635371729732, 0.0732625052333, 0.0450182631612, 0.0373720824718, 0.0289142485708, 0.0133219873533, 0.0301260966808, 0.0570315308869, 0.037225600332, 0.0357737094164, 0.0415095053613, 0.0463159121573, 0.0871256291866, 0.0937733128667, 0.0361654013395, 0.0308280494064, 0.0368829891086, 0.0521797500551, 0.0493543706834]
    chords_histogram: [80.092590332, 0, 0, 0, 0, 0, 0, 0, 0, 0, 0, 0, 0, 0, 0, 0, 0, 0, 0, 0, 0, 0, 0, 19.9074077606]
    thpcp: [1, 0.881591379642, 0.697371006012, 0.6484785676, 0.373740047216, 0.334723591805, 0.385492891073, 0.247585773468, 0.400144159794, 0.717279434204, 0.602344214916, 0.494939506054, 0.501532018185, 0.375280529261, 0.341856509447, 0.290918409824, 0.193620666862, 0.318356245756, 0.462016165257, 0.373976647854, 0.348611325026, 0.408528864384, 0.427902638912, 0.576119303703, 0.580244600773, 0.370752841234, 0.306973069906, 0.372434228659, 0.431577503681, 0.434013515711, 0.406899124384, 0.352809131145, 0.51446801424, 0.583384811878, 0.403449445963, 0.597069859505]
    chords_key: "B"
    chords_scale: "minor"
    key_key: "B"
    key_scale: "minor"
    chords_progression: ["Bm", "Bm", "Bm", "Bm", "G", "G", "Bm", "Bm", "G", "G", "G", "G", "G", "G", "G", "G", "G", "G", "G", "G", "G", "G", "G", "G", "G", "G", "G", "G", "G", "G", "G", "G", "G", "G", "Bm", "Bm", "Bm", "Bm", "Bm", "Bm", "Bm", "Bm", "G", "Bm", "Bm", "Bm", "Bm", "Bm", "Bm", "Bm", "Bm", "Bm", "Bm", "Bm", "Bm", "Bm", "Bm", "Bm", "Bm", "Bm", "Bm", "Bm", "Bm", "Bm", "Bm", "Bm", "Bm", "Bm", "Bm", "Bm", "Bm", "Bm", "Bm", "Bm", "Bm", "Bm", "Bm", "Bm", "Bm", "Bm", "Bm", "Bm", "Bm", "Bm", "Bm", "Bm", "Bm", "Bm", "Bm", "Bm", "Bm", "Bm", "Bm", "Bm", "Bm", "Bm", "Bm", "Bm", "Bm", "Bm", "Bm", "Bm", "Bm", "Bm", "Bm", "Bm", "Bm", "Bm", "Bm", "Bm", "Bm", "Bm", "Bm", "Bm", "Bm", "Bm", "Bm", "Bm", "Bm", "Bm", "Bm", "Bm", "Bm", "Bm", "Bm", "Bm", "Bm", "Bm", "Bm", "Bm", "Bm", "Bm", "Bm", "Bm", "Bm", "Bm", "Bm", "Bm", "Bm", "Bm", "Bm", "Bm", "Bm", "Bm", "Bm", "Bm", "Bm", "Bm", "Bm", "Bm", "Bm", "Bm", "Bm", "Bm", "Bm", "Bm", "Bm", "Bm", "Bm", "Bm", "Bm", "Bm", "Bm", "Bm", "Bm", "Bm", "G", "G", "G", "G", "G", "G", "G", "G", "G", "G", "G", "G", "G", "G", "Bm", "Bm", "Bm", "Bm", "Bm", "Bm", "Bm", "Bm", "Bm", "Bm", "Bm", "Bm", "Bm", "Bm", "Bm", "Bm", "Bm", "Bm", "Bm", "Bm", "Bm", "Bm", "Bm", "Bm", "Bm", "Bm", "Bm", "Bm", "Bm", "Bm", "Bm", "Bm", "Bm", "Bm", "Bm", "Bm"]
