
metadata:
    version:
        essentia: "1.2.2"
    audio_properties:
        analysis_sample_rate: 44100
        bitrate: 128
        channels: 2
        equal_loudness: 1
        length: 10.0832653046
        replay_gain: -8.13358879089
        downmix: "mix"
    tags:
        track: 34
        year: 0
        album: "Splitted by Mp3Splt v. 2.1"
        artist: "From 005.30 To 005.40"
        comment: "http://mp3splt.sf.net"
        genre: ""
        title: "10 Disintegration.mp3"

highlevel:
    ballroom:
        all:
            ChaChaCha: 0.0642650201917
            Jive: 0.514429271221
            Quickstep: 0.202361211181
            Rumba-American: 0.0104373777285
            Rumba-International: 0.0242186468095
            Rumba-Misc: 0.0244234334677
            Samba: 0.105370007455
            Tango: 0.00394071545452
            VienneseWaltz: 0.0402968861163
            Waltz: 0.0102574368939
        probability: 0.514429271221
        value: "Jive"
    culture:
        all:
            non_western: 1.19324831758e-05
            western: 0.999988079071
        probability: 0.999988079071
        value: "western"
    gender:
        all:
            female: 0.151042625308
            male: 0.848957359791
        probability: 0.848957359791
        value: "male"
    genre_dortmund:
        all:
            alternative: 0.0854393318295
            blues: 0.0401045382023
            electronic: 0.00726826488972
            folkcountry: 0.245782390237
            funksoulrnb: 0.0506712757051
            jazz: 0.0121300127357
            pop: 0.195832878351
            raphiphop: 0.00148786325008
            rock: 0.361283451319
        probability: 0.361283451319
        value: "rock"
    genre_electronica:
        all:
            ambient: 0.359062105417
            dnb: 0.168883472681
            house: 0.0290224850178
            techno: 0.0167707763612
            trance: 0.426261156797
        probability: 0.426261156797
        value: "trance"
    genre_rosamerica:
        all:
            cla: 0.0132476557046
            dan: 0.139002338052
            hip: 0.00913648214191
            jaz: 0.0113527383655
            pop: 0.369570165873
            rhy: 0.032139647752
            roc: 0.422782123089
            spe: 0.00276887044311
        probability: 0.422782123089
        value: "roc"
    genre_tzanetakis:
        all:
            blu: 0.00450898474082
            cla: 0.0050678732805
            cou: 0.0642449557781
            dis: 0.25796431303
            hip: 0.00591379357502
            jaz: 0.0221568197012
            met: 0.00770831201226
            pop: 0.388200134039
            reg: 0.00670713651925
            roc: 0.237527668476
        probability: 0.388200134039
        value: "pop"
    live_studio:
        all:
            live: 0.601260244846
            studio: 0.398739784956
        probability: 0.601260244846
        value: "live"
    mood:
        all:
            Cluster1: 0.169111594558
            Cluster2: 0.370230942965
            Cluster3: 0.176957398653
            Cluster4: 0.24272339046
            Cluster5: 0.0409766659141
        probability: 0.370230942965
        value: "Cluster2"
    mood_acoustic:
        all:
            acoustic: 0.136129900813
            not_acoustic: 0.863870084286
        probability: 0.863870084286
        value: "not_acoustic"
    mood_aggressive:
        all:
            aggressive: 0.220055252314
            not_aggressive: 0.779944777489
        probability: 0.779944777489
        value: "not_aggressive"
    mood_electronic:
        all:
            electronic: 0.19151237607
            not_electronic: 0.808487653732
        probability: 0.808487653732
        value: "not_electronic"
    mood_happy:
        all:
            happy: 0.795607209206
            not_happy: 0.204392775893
        probability: 0.795607209206
        value: "happy"
    mood_party:
        all:
            not_party: 0.624902486801
            party: 0.375097483397
        probability: 0.624902486801
        value: "not_party"
    mood_relaxed:
        all:
            not_relaxed: 0.934366106987
            relaxed: 0.065633893013
        probability: 0.934366106987
        value: "not_relaxed"
    mood_sad:
        all:
            not_sad: 0.554248034954
            sad: 0.445751935244
        probability: 0.554248034954
        value: "not_sad"
    rhythm:
        all:
            fast: 0.986313045025
            medium: 0.0117570301518
            slow: 0.0019299214473
        probability: 0.986313045025
        value: "fast"
    speech_music:
        all:
            music: 0.994489789009
            speech: 0.00551023054868
        probability: 0.994489789009
        value: "music"
    timbre:
        all:
            bright: 0.742617189884
            dark: 0.257382810116
        probability: 0.742617189884
        value: "bright"
    voice_instrumental:
        all:
            instrumental: 0.00477275392041
            voice: 0.995227217674
        probability: 0.995227217674
        value: "voice"

lowlevel:
    average_loudness: 0.983686566353
    barkbands_kurtosis:
        dmean: 1.12946069241
        dmean2: 1.80266416073
        dvar: 4.24648618698
        dvar2: 10.7411966324
        max: 27.4618339539
        mean: -0.0323382690549
        min: -1.7952876091
        var: 5.11430501938
    barkbands_skewness:
        dmean: 0.445094317198
        dmean2: 0.65940362215
        dvar: 0.185047537088
        dvar2: 0.424046993256
        max: 4.69864273071
        mean: 0.722488880157
        min: -1.40122687817
        var: 0.532902598381
    barkbands_spread:
        dmean: 5.69661521912
        dmean2: 8.08114051819
        dvar: 23.658159256
        dvar2: 53.1334877014
        max: 59.9124069214
        mean: 27.3654327393
        min: 2.4855837822
        var: 103.519035339
    dissonance:
        dmean: 0.0228150449693
        dmean2: 0.038764949888
        dvar: 0.000579440151341
        dvar2: 0.00136199477129
        max: 0.499412298203
        mean: 0.455925583839
        min: 0.21843482554
        var: 0.000857938197441
    hfc:
        dmean: 1.86693060398
        dmean2: 2.67485713959
        dvar: 4.03854131699
        dvar2: 7.63395738602
        max: 23.1611461639
        mean: 6.36754179001
        min: 0.00379763124511
        var: 15.0367202759
    pitch:
        dmean: 573.963928223
        dmean2: 1111.43835449
        dvar: 1477112.25
        dvar2: 4213630.5
        max: 4009.09082031
        mean: 685.180114746
        min: 83.3648376465
        var: 1218053.375
    pitch_instantaneous_confidence:
        dmean: 0.0949936434627
        dmean2: 0.144927144051
        dvar: 0.00843992549926
        dvar2: 0.0180320907384
        max: 0.849289834499
        mean: 0.448878765106
        min: 0.149119436741
        var: 0.0360406339169
    pitch_salience:
        dmean: 0.0718538686633
        dmean2: 0.116747662425
        dvar: 0.00407465919852
        dvar2: 0.0101719507948
        max: 0.915418624878
        mean: 0.620523154736
        min: 0.282870739698
        var: 0.00976584665477
    silence_rate_20dB:
        dmean: 0
        dmean2: 0
        dvar: 0
        dvar2: 0
        max: 1
        mean: 1
        min: 1
        var: 0
    silence_rate_30dB:
        dmean: 0
        dmean2: 0
        dvar: 0
        dvar2: 0
        max: 1
        mean: 1
        min: 1
        var: 0
    silence_rate_60dB:
        dmean: 0.124423965812
        dmean2: 0.249422639608
        dvar: 0.108942367136
        dvar2: 0.219542846084
        max: 1
        mean: 0.252873569727
        min: 0
        var: 0.188927650452
    spectral_centroid:
        dmean: 270.94152832
        dmean2: 383.367675781
        dvar: 63678.0507812
        dvar2: 137776.53125
        max: 3260.68701172
        mean: 1287.3470459
        min: 500.279632568
        var: 232442.203125
    spectral_complexity:
        dmean: 2.75694441795
        dmean2: 4.28074264526
        dvar: 5.81362056732
        dvar2: 13.1810379028
        max: 27
        mean: 12.6004619598
        min: 0
        var: 18.1937026978
    spectral_crest:
        dmean: 2.4406876564
        dmean2: 3.99722886086
        dvar: 5.18027544022
        dvar2: 13.0911178589
        max: 22.2737102509
        mean: 7.71931123734
        min: 2.58847332001
        var: 11.4662036896
    spectral_decrease:
        dmean: 3.77985309719e-10
        dmean2: 5.90403614886e-10
        dvar: 2.26974198332e-19
        dvar2: 5.5443202273e-19
        max: -7.45174646814e-13
        mean: -1.1656348109e-09
        min: -4.34289582074e-09
        var: 3.98048978434e-19
    spectral_energy:
        dmean: 0.00154700723942
        dmean2: 0.0023995207157
        dvar: 3.67153666048e-06
        dvar2: 8.86141697265e-06
        max: 0.0172650124878
        mean: 0.00497692776844
        min: 3.15691818287e-06
        var: 6.90656133884e-06
    spectral_energyband_high:
        dmean: 7.69844700699e-05
        dmean2: 0.000113646601676
        dvar: 1.26439561043e-08
        dvar2: 2.11798099059e-08
        max: 0.00187267397996
        mean: 0.00017288447998
        min: 1.72054996028e-07
        var: 5.26425480984e-08
    spectral_energyband_low:
        dmean: 8.03033399279e-05
        dmean2: 0.00013588029833
        dvar: 1.36861979527e-08
        dvar2: 3.61587204623e-08
        max: 0.000706601887941
        mean: 9.55114883254e-05
        min: 1.04752153618e-07
        var: 1.42260949687e-08
    spectral_energyband_middle_high:
        dmean: 0.000627715955488
        dmean2: 0.000861382693984
        dvar: 7.14547752523e-07
        dvar2: 1.20602464904e-06
        max: 0.00885393191129
        mean: 0.00197610841133
        min: 9.19674732813e-07
        var: 2.72046349892e-06
    spectral_energyband_middle_low:
        dmean: 0.00125610455871
        dmean2: 0.00202104751952
        dvar: 3.08181711262e-06
        dvar2: 8.07893684396e-06
        max: 0.0162602737546
        mean: 0.00273242080584
        min: 1.95895859179e-06
        var: 3.77206015401e-06
    spectral_flatness_db:
        dmean: 0.0179991833866
        dmean2: 0.0266341455281
        dvar: 0.000290332682198
        dvar2: 0.000646872387733
        max: 0.283651202917
        mean: 0.157042711973
        min: 0.0611739531159
        var: 0.00120131333824
    spectral_flux:
        dmean: 0.0107682868838
        dmean2: 0.0172157473862
        dvar: 0.00013482439681
        dvar2: 0.000282020744635
        max: 0.109953559935
        mean: 0.0443020276725
        min: 0.0178949553519
        var: 0.000278007122688
    spectral_kurtosis:
        dmean: 1.55505824089
        dmean2: 2.44538092613
        dvar: 2.42660331726
        dvar2: 6.31541872025
        max: 15.2273750305
        mean: 4.78735685349
        min: -0.967770576477
        var: 9.2405166626
    spectral_rms:
        dmean: 0.00032676034607
        dmean2: 0.000497284403536
        dvar: 1.27088185309e-07
        dvar2: 2.85492546936e-07
        max: 0.00410413369536
        mean: 0.00213379831985
        min: 5.54970283702e-05
        var: 3.02447176637e-07
    spectral_rolloff:
        dmean: 627.702331543
        dmean2: 976.187255859
        dvar: 523574
        dvar2: 1160427.25
        max: 7428.95507812
        mean: 2702.98901367
        min: 452.197265625
        var: 1388695.375
    spectral_skewness:
        dmean: 0.24455088377
        dmean2: 0.37911760807
        dvar: 0.0505477264524
        dvar2: 0.115469925106
        max: 2.7924516201
        mean: 1.63062357903
        min: 0.307302892208
        var: 0.239908233285
    spectral_spread:
        dmean: 714577.75
        dmean2: 896050.8125
        dvar: 1.29333028454e+12
        dvar2: 1.38319770419e+12
        max: 20639810
        mean: 4732702.5
        min: 2302514
        var: 5.56703573606e+12
    spectral_strongpeak:
        dmean: 0.491742193699
        dmean2: 0.846172630787
        dvar: 0.641157865524
        dvar2: 1.52941870689
        max: 5.8322892189
        mean: 0.721539855003
        min: 0.000624754698947
        var: 0.995447993279
    zerocrossingrate:
        dmean: 0.011223686859
        dmean2: 0.0118932174519
        dvar: 0.000108381049358
        dvar2: 0.000115214796097
        max: 0.17919921875
        mean: 0.0791489258409
        min: 0.00732421875
        var: 0.000698848627508
    barkbands:
        dmean: [2.04170177653e-07, 2.9764676583e-05, 6.23335290584e-05, 0.000223164825002, 0.000373942631995, 0.000335097662173, 0.000429428328061, 0.000129294552607, 0.000330598268192, 0.000291017786367, 8.34189995658e-05, 9.07703433768e-05, 8.78216669662e-05, 9.18750156416e-05, 4.56406560261e-05, 3.74665978597e-05, 6.29062196822e-05, 0.000141509226523, 0.000214078943827, 0.00010636063962, 2.66581064352e-05, 1.12691213872e-05, 1.31458718897e-05, 5.52891924599e-06, 2.97429346574e-06, 9.81404468803e-08, 1.23172794186e-09]
        dmean2: [3.06039027009e-07, 5.19227578479e-05, 0.000108288615593, 0.000368350010831, 0.000621871091425, 0.000559864158276, 0.000718839059118, 0.000225783864153, 0.000533917220309, 0.000422111479566, 0.000134268571856, 0.000140622840263, 0.000145438956679, 0.000145610436448, 6.78723445162e-05, 5.50696968276e-05, 0.000102646416053, 0.000203519055503, 0.000323170475895, 0.000169754552189, 4.39424620708e-05, 1.65559995366e-05, 1.84366545e-05, 7.39550387152e-06, 3.6221767914e-06, 1.27654686821e-07, 1.91657800741e-09]
        dvar: [1.20041997176e-13, 2.537440702e-09, 1.04159614267e-08, 1.92448297298e-07, 3.46549057895e-07, 3.70744345446e-07, 1.45794444961e-06, 2.00454437049e-07, 5.83296639434e-07, 5.69309122511e-07, 4.36572697993e-08, 2.87143375743e-08, 2.75895803981e-08, 3.8613947595e-08, 1.40314559971e-08, 1.80315495868e-09, 1.28559864976e-08, 4.62446259064e-08, 9.81305703363e-08, 2.52582239568e-08, 1.55620427655e-09, 1.12644416017e-09, 1.40052369701e-09, 2.20581927723e-10, 9.73317260122e-11, 9.59065387328e-14, 2.0363337767e-16]
        dvar2: [2.3478042969e-13, 6.97324242793e-09, 2.81207928055e-08, 4.94218454605e-07, 9.18368584735e-07, 9.7897680007e-07, 3.82124790121e-06, 5.44377087408e-07, 1.42586009133e-06, 1.19878541227e-06, 1.17529623367e-07, 5.93893467737e-08, 7.06912572923e-08, 9.30940018407e-08, 2.97258893056e-08, 3.58007201662e-09, 3.54230174082e-08, 7.13969328103e-08, 2.00210919843e-07, 5.09422584116e-08, 3.54843932016e-09, 1.96051508361e-09, 2.49163956134e-09, 4.15196627079e-10, 1.61179194991e-10, 1.51222418377e-13, 5.12023952137e-16]
        max: [2.9284105949e-06, 0.000315392331686, 0.000591714400798, 0.00451107602566, 0.00616503227502, 0.00762074161321, 0.0125961732119, 0.00589711638168, 0.0119648836553, 0.00821721740067, 0.00283224601299, 0.00250160135329, 0.00141616247129, 0.00206665368751, 0.00174010766204, 0.000495377753396, 0.0015270342119, 0.00300474697724, 0.00316287041642, 0.00185622856952, 0.000588813447393, 0.000618435209617, 0.000454768742202, 0.000180231130798, 0.000159574439749, 4.22820539825e-06, 2.12148734136e-07]
        mean: [2.16855013946e-07, 2.98600843962e-05, 6.54425530229e-05, 0.000302462896798, 0.00074152223533, 0.000512527010869, 0.00045501688146, 0.000160924930242, 0.000438305723947, 0.000444095465355, 0.000121451121231, 0.000160697876709, 0.000128527201014, 0.000121242024761, 6.62814854877e-05, 7.6938275015e-05, 0.000119400086987, 0.000300118961604, 0.000436989415903, 0.00018320819072, 5.47847994312e-05, 2.20229958359e-05, 2.17937777052e-05, 8.34170987218e-06, 4.5985457291e-06, 1.60030026564e-07, 8.47052650244e-10]
        min: [2.44996134491e-10, 2.44585773856e-08, 7.97494124072e-08, 1.62329982345e-07, 6.03790113018e-07, 6.50843617223e-07, 3.54715609774e-07, 7.48956594521e-08, 9.26850347582e-08, 2.11303913034e-07, 4.7279630877e-08, 7.63747287635e-09, 1.4417133265e-08, 4.07079774334e-08, 3.40205872362e-08, 4.9651198708e-08, 3.22839248668e-08, 1.60118375447e-07, 3.24639131577e-07, 1.22742193298e-07, 1.97023233284e-08, 1.61587028202e-08, 1.27973684982e-08, 7.51680850897e-09, 3.89365295561e-09, 4.49965009697e-10, 1.94263424791e-11]
        var: [1.43268535056e-13, 2.08653516687e-09, 1.03978168298e-08, 2.46432449558e-07, 5.20829416928e-07, 4.18466498786e-07, 1.18691218631e-06, 1.38713488695e-07, 5.90714932969e-07, 1.17590377613e-06, 4.10238492066e-08, 6.66680008976e-08, 3.00467206671e-08, 4.90227698435e-08, 1.88148163716e-08, 5.77506797939e-09, 2.07831050147e-08, 2.06593540497e-07, 2.43344061346e-07, 4.97668075639e-08, 4.75097072794e-09, 3.0809339524e-09, 3.8356429144e-09, 5.34394084539e-10, 2.53855214627e-10, 2.88451283258e-13, 1.03599752746e-16]
    mfcc:
        mean: [-708.567932129, 128.319244385, -45.1411361694, 36.9053573608, -21.9547367096, -19.1813392639, -0.052041079849, -3.96965837479, -18.1109752655, -6.06706428528, -7.62967157364, -10.0102901459, -8.04688453674]
        cov: [[1182.13977051, -620.571899414, 167.097000122, 24.2294425964, -3.27770876884, 83.2526245117, -54.4800758362, 31.4618492126, -8.61330795288, 13.1812334061, -4.8219666481, 4.51178836823, -16.4881801605], [-620.571899414, 883.581970215, -454.833129883, 75.5552062988, -0.702538430691, -127.299743652, 106.061309814, -38.2795066833, 8.84075832367, -18.4180374146, 51.1508140564, -2.03280711174, -16.5696201324], [167.097000122, -454.833129883, 584.448120117, -84.0479354858, -2.56589102745, 146.445098877, -84.4229888916, 32.8270721436, 20.601600647, 30.2631816864, -47.3878898621, 44.8352813721, 45.5021934509], [24.2294425964, 75.5552062988, -84.0479354858, 193.546386719, -21.8521900177, 27.0471782684, 17.5310230255, -36.0187911987, 5.46753263474, -0.194453313947, -4.78108119965, -19.5804595947, -11.4532337189], [-3.27770876884, -0.702538430691, -2.56589102745, -21.8521900177, 155.954391479, -40.4492034912, 9.64371967316, 13.506986618, -3.35853123665, 11.4693965912, 11.6622571945, -8.03362178802, 6.70137453079], [83.2526245117, -127.299743652, 146.445098877, 27.0471782684, -40.4492034912, 150.741775513, -26.4671535492, 8.31560230255, 26.9491710663, 11.8502635956, -16.079744339, 33.9664039612, 18.9430980682], [-54.4800758362, 106.061309814, -84.4229888916, 17.5310230255, 9.64371967316, -26.4671535492, 121.950378418, 25.0386199951, -2.96935081482, -4.49639892578, 21.8935718536, -17.9398727417, -11.1185865402], [31.4618492126, -38.2795066833, 32.8270721436, -36.0187911987, 13.506986618, 8.31560230255, 25.0386199951, 102.007614136, 26.8208751678, 4.00320053101, 1.81334602833, 0.614470303059, -7.58732843399], [-8.61330795288, 8.84075832367, 20.601600647, 5.46753263474, -3.35853123665, 26.9491710663, -2.96935081482, 26.8208751678, 77.3742752075, 14.1334533691, 5.67072725296, 8.2542848587, 1.49813354015], [13.1812334061, -18.4180374146, 30.2631816864, -0.194453313947, 11.4693965912, 11.8502635956, -4.49639892578, 4.00320053101, 14.1334533691, 66.6557922363, 27.3708972931, 8.09224414825, -2.67496275902], [-4.8219666481, 51.1508140564, -47.3878898621, -4.78108119965, 11.6622571945, -16.079744339, 21.8935718536, 1.81334602833, 5.67072725296, 27.3708972931, 67.138923645, 3.6502635479, -2.87591552734], [4.51178836823, -2.03280711174, 44.8352813721, -19.5804595947, -8.03362178802, 33.9664039612, -17.9398727417, 0.614470303059, 8.2542848587, 8.09224414825, 3.6502635479, 66.9207839966, 25.7647190094], [-16.4881801605, -16.5696201324, 45.5021934509, -11.4532337189, 6.70137453079, 18.9430980682, -11.1185865402, -7.58732843399, 1.49813354015, -2.67496275902, -2.87591552734, 25.7647190094, 62.2820739746]]
        icov: [[0.00158899603412, 0.00151604425628, 0.000617244921159, -0.000656761229038, -6.64666295052e-05, -6.6448119469e-05, 3.51828239218e-05, -0.000322945328662, 0.000103270751424, 0.000261591514573, -0.000703170138877, -0.00085693039, 0.000577345606871], [0.00151604425628, 0.00360992294736, 0.00198689522222, -0.000863792491145, 7.2889662988e-05, 0.000782768591307, -0.00107364193536, 0.000415426009567, -0.000937912904192, 0.000316926103551, -0.000701144163031, -0.00225727679208, 0.000301903521176], [0.000617244921159, 0.00198689522222, 0.00427180621773, 0.00112802104559, -0.000372945272829, -0.002411743626, 0.00033727355185, -0.00025528552942, -0.000188072415767, -0.00158187258057, 0.00166008388624, -0.000685214414261, -0.00112200155854], [-0.000656761229038, -0.000863792491145, 0.00112802104559, 0.00761114107445, 6.4618739998e-05, -0.00342176808044, -0.00115809368435, 0.00301707419567, -0.000951324997004, -0.00115785968956, 0.00181299285032, 0.00298083783127, 0.000190195947653], [-6.64666295052e-05, 7.2889662988e-05, -0.000372945272829, 6.4618739998e-05, 0.0074531105347, 0.00259689195082, -0.000212551502045, -0.00106410204899, 0.000125016245875, -0.00151201023255, -0.000405545171816, 0.000707707949914, -0.00185264449101], [-6.6448119469e-05, 0.000782768591307, -0.002411743626, -0.00342176808044, 0.00259689195082, 0.0128358481452, -0.00019441411132, -0.000771791383158, -0.00272452062927, -0.000597640464548, 0.000863052206114, -0.00490540731698, -0.000879795639776], [3.51828239218e-05, -0.00107364193536, 0.00033727355185, -0.00115809368435, -0.000212551502045, -0.00019441411132, 0.0114553300664, -0.00420667929575, 0.00181993388105, 0.00138065486681, -0.00352089758962, 0.00249992567115, -0.000302374537569], [-0.000322945328662, 0.000415426009567, -0.00025528552942, 0.00301707419567, -0.00106410204899, -0.000771791383158, -0.00420667929575, 0.0139430947602, -0.00514735700563, 0.000254776823567, 0.00113698479254, -0.000271083292319, 0.0023625860922], [0.000103270751424, -0.000937912904192, -0.000188072415767, -0.000951324997004, 0.000125016245875, -0.00272452062927, 0.00181993388105, -0.00514735700563, 0.0164698380977, -0.00240579759702, -0.00104511296377, 0.000208195109735, -0.000380556564778], [0.000261591514573, 0.000316926103551, -0.00158187258057, -0.00115785968956, -0.00151201023255, -0.000597640464548, 0.00138065486681, 0.000254776823567, -0.00240579759702, 0.0211059246212, -0.00994802452624, -0.00162496673875, 0.00289551308379], [-0.000703170138877, -0.000701144163031, 0.00166008388624, 0.00181299285032, -0.000405545171816, 0.000863052206114, -0.00352089758962, 0.00113698479254, -0.00104511296377, -0.00994802452624, 0.0222773905843, -0.00162501470186, -0.000662234728225], [-0.00085693039, -0.00225727679208, -0.000685214414261, 0.00298083783127, 0.000707707949914, -0.00490540731698, 0.00249992567115, -0.000271083292319, 0.000208195109735, -0.00162496673875, -0.00162501470186, 0.022645259276, -0.00746721122414], [0.000577345606871, 0.000301903521176, -0.00112200155854, 0.000190195947653, -0.00185264449101, -0.000879795639776, -0.000302374537569, 0.0023625860922, -0.000380556564778, 0.00289551308379, -0.000662234728225, -0.00746721122414, 0.0210365559906]]
    spectral_contrast:
        mean: [-2.05987902291e-07, -2.80756125903e-07, 4.24321740411e-07, 2.16548627918e-07, 7.44713943845e-08, -1.48873951389e-07, -8.86842769887e-07, -1.55495160925e-06, -2.25664825848e-06, -1.76198483359e-07, -2.2024810864e-09, 3.19249625136e-06]
        var: [0.00040657343925, 0.000814039900433, 0.00201320205815, 0.00287029356696, 0.00387974805199, 0.00465907808393, 0.0446881726384, 0.0800759941339, 0.106491327286, 0.26053828001, 0.301154583693, 0.763865411282]

rhythm:
    beats_loudness:
        dmean: 0.00279553770088
        dmean2: 0.00485833967105
        dvar: 2.57323222286e-06
        dvar2: 7.61973660701e-06
        max: 0.0118501167744
        mean: 0.00719920918345
        min: 0.00157906895038
        var: 5.77416267333e-06
    beats_loudness_bass:
        dmean: 0.176954030991
        dmean2: 0.352387696505
        dvar: 0.00482424162328
        dvar2: 0.0126823857427
        max: 0.338076680899
        mean: 0.107211247087
        min: 0.00346236140467
        var: 0.0104476483539
    bpm: 123.12020874
    bpm_confidence: 0
    first_peak_bpm: 123
    first_peak_spread: 0
    first_peak_weight: 0.949999988079
    onset_rate: 4.46284008026
    second_peak_bpm: 108
    second_peak_spread: 0
    second_peak_weight: 0.0500000007451
    beats_position: [0.0494589135051, 0.535671651363, 1.02188432217, 1.50809693336, 1.99430978298, 2.4805226326, 2.96673536301, 3.45294809341, 3.93916082382, 4.42537355423, 4.91158628464, 5.39779949188, 5.88401222229, 6.43723154068, 6.92597198486, 7.41471338272, 7.90345525742, 8.3921957016, 8.88093662262, 9.36967849731, 9.85841941833]
    bpm_estimates: [123.151054382, 124.085319519, 123.183082581, 123.313323975, 123.285919189, 122.291358948, 123.102653503, 122.418884277, 123.250312805]
    bpm_intervals: [0.486212730408, 0.486212670803, 0.486212611198, 0.486212849617, 0.486212849617, 0.486212730408, 0.486212730408, 0.486212730408, 0.486212730408, 0.486212730408, 0.486213207245, 0.486212730408, 0.55321931839, 0.488740444183, 0.488741397858, 0.488741874695, 0.488740444183, 0.488740921021, 0.488741874695, 0.488740921021]
    onset_times: [0.0580498874187, 0.325079351664, 0.53405892849, 0.812698423862, 0.9287981987, 1.04489791393, 1.28870749474, 1.57895696163, 1.764716506, 2.00852608681, 2.49614500999, 2.69351482391, 2.76317453384, 2.85605430603, 2.99537420273, 3.12308382988, 3.27401351929, 3.39011335373, 3.61070299149, 3.75002264977, 3.97061228752, 4.14476203918, 4.34213161469, 4.7020406723, 4.96907043457, 5.05034017563, 5.35219955444, 5.68888902664, 5.93269824982, 6.17650794983, 6.26938772202, 6.44353723526, 6.80344676971, 6.9543762207, 7.37233543396, 7.69741487503, 7.80190467834, 7.90639448166, 8.17342376709, 8.64943313599, 8.83519268036, 8.90485286713, 9.17188167572, 9.4853515625, 9.85687065125]
    rubato_start: []
    rubato_stop: []
    perceptual_tempo: "unknown"

sfx:
    inharmonicity:
        dmean: 0.0488796234131
        dmean2: 0.087473936379
        dvar: 0.00383713305928
        dvar2: 0.0106631638482
        max: 0.417837977409
        mean: 0.0466777309775
        min: 0.000111792513053
        var: 0.00307950214483
    oddtoevenharmonicenergyratio:
        dmean: 5.46477270126
        dmean2: 10.5954360962
        dvar: 921.876647949
        dvar2: 2725.58789062
        max: 383.870300293
        mean: 3.4373857975
        min: 0.00270785577595
        var: 484.223083496
    pitch_after_max_to_before_max_energy_ratio: 45.3636207581
    pitch_centroid: 209.209152222
    pitch_max_to_total: 0.00230946880765
    pitch_min_to_total: 0.51270210743
    tristimulus:
        dmean: [0.230655953288, 0.243588939309, 0.113234490156]
        dmean2: [0.39849153161, 0.427520781755, 0.197868332267]
        dvar: [0.0351377464831, 0.0440096184611, 0.0116069214419]
        dvar2: [0.0959197059274, 0.123856246471, 0.0291530359536]
        max: [0.934782922268, 0.924899101257, 0.568812131882]
        mean: [0.406353145838, 0.440591394901, 0.11211450398]
        min: [0.0109080374241, 0, 0]
        var: [0.0520113259554, 0.0555033870041, 0.0145731214434]

tonal:
    chords_changes_rate: 0.0458715595305
    chords_number_rate: 0.0183486230671
    chords_strength:
        dmean: 0.0111408252269
        dmean2: 0.0113749615848
        dvar: 7.25905774743e-05
        dvar2: 8.92691896297e-05
        max: 0.676680982113
        mean: 0.529203653336
        min: 0.271101057529
        var: 0.00728541612625
    key_strength: 0.693643569946
    tuning_diatonic_strength: 0.611370921135
    tuning_equal_tempered_deviation: 0.117889098823
    tuning_frequency: 439.238189697
    tuning_nontempered_energy_ratio: 0.800232768059
    hpcp:
        dmean: [0.137423500419, 0.128680422902, 0.104496784508, 0.0888875722885, 0.0965437665582, 0.111871950328, 0.158777177334, 0.144023627043, 0.132426813245, 0.145048424602, 0.110509246588, 0.10471060127, 0.0965873897076, 0.0771484449506, 0.0862517282367, 0.163092851639, 0.192391395569, 0.163974478841, 0.106669723988, 0.098667435348, 0.146703988314, 0.188579872251, 0.169197395444, 0.149924680591, 0.144246101379, 0.127230852842, 0.149741694331, 0.178595885634, 0.182290941477, 0.229442611337, 0.254868417978, 0.232498168945, 0.208968892694, 0.186108574271, 0.155623033643, 0.131715074182]
        dmean2: [0.227168351412, 0.219092592597, 0.179812818766, 0.1582942307, 0.172279924154, 0.193444669247, 0.251720279455, 0.234703198075, 0.234483852983, 0.247702047229, 0.192977324128, 0.184422522783, 0.163619056344, 0.123080268502, 0.139417901635, 0.258623659611, 0.314347624779, 0.273750603199, 0.176698282361, 0.173634260893, 0.249775320292, 0.307672262192, 0.272145926952, 0.252305835485, 0.240355461836, 0.220413580537, 0.262663334608, 0.307966649532, 0.318138688803, 0.410143703222, 0.448179662228, 0.395768046379, 0.360012859106, 0.330404311419, 0.272666484118, 0.228847324848]
        dvar: [0.0237675178796, 0.0268590860069, 0.0197005532682, 0.0196654144675, 0.0300670489669, 0.0202529281378, 0.0332573764026, 0.0255143623799, 0.0340350195765, 0.0403097160161, 0.0281025953591, 0.0274841152132, 0.0215874705464, 0.0115440450609, 0.011015471071, 0.0290711186826, 0.0437086261809, 0.0451974049211, 0.0271505787969, 0.0277627576143, 0.0309556946158, 0.0551443174481, 0.0353224426508, 0.0342370942235, 0.0398263446987, 0.0390805266798, 0.0354839861393, 0.0512254573405, 0.0402258858085, 0.0529836118221, 0.0565329343081, 0.0558917447925, 0.0527873709798, 0.0628784745932, 0.0432838052511, 0.0241809915751]
        dvar2: [0.0591497868299, 0.0757038071752, 0.0600840970874, 0.0477512739599, 0.0837182626128, 0.0568993017077, 0.0797150284052, 0.0555232949555, 0.0982987508178, 0.116036601365, 0.0784123912454, 0.0846653878689, 0.0558262877166, 0.0255741942674, 0.0253690909594, 0.066945143044, 0.0943610817194, 0.114165529609, 0.0695932582021, 0.0796335712075, 0.0819351375103, 0.134873211384, 0.0882065445185, 0.0878592953086, 0.102971307933, 0.100657448173, 0.0879751071334, 0.125508710742, 0.107877261937, 0.139761298895, 0.141003444791, 0.144962906837, 0.125806987286, 0.159847542644, 0.116859197617, 0.0660469383001]
        max: [1, 0.978738129139, 1, 1, 1, 1, 1, 1, 0.955619037151, 1, 1, 1, 1, 1, 1, 1, 1, 1, 1, 1, 1, 1, 1, 1, 1, 1, 1, 1, 1, 1, 1, 1, 1, 1, 1, 1]
        mean: [0.212486207485, 0.171582937241, 0.113637343049, 0.0999088808894, 0.0942763984203, 0.15973995626, 0.296925663948, 0.253943771124, 0.146941810846, 0.158229023218, 0.138191521168, 0.116141915321, 0.130600661039, 0.110896252096, 0.121025241911, 0.257020056248, 0.299727737904, 0.190895721316, 0.117743805051, 0.103530064225, 0.189658179879, 0.293722033501, 0.24351669848, 0.17550458014, 0.159630328417, 0.120295964181, 0.182648107409, 0.2985920012, 0.254800766706, 0.259764790535, 0.421246856451, 0.395160675049, 0.261851817369, 0.210482344031, 0.16330845654, 0.172806784511]
        min: [0.00325094908476, 0.00430160248652, 0.00327160465531, 0.000739189563319, 0.000143118028063, 0.00279745203443, 0.00644810684025, 0.00625702552497, 0.00271739345044, 0.000903974287212, 0.00109046977013, 0.00363885844126, 0.00211664405651, 0.00138037628494, 0.00519157154486, 0.000983027392067, 0, 0.00302375084721, 0.00208266684785, 0.00268251355737, 0.00223891646601, 0.00268896995112, 0.00349553627893, 0.00367462611757, 0.00280428305268, 0.000779127643909, 0.00407316535711, 0.00225034006871, 0.00404854631051, 0.00547971902415, 0.00814079679549, 0.00753189530224, 0.00765056535602, 0.00396074634045, 0.0024292326998, 0.00197272910737]
        var: [0.0582655332983, 0.0329259447753, 0.0176580976695, 0.0200506523252, 0.0232055336237, 0.0240525566041, 0.0849916115403, 0.0652595236897, 0.0294481571764, 0.0428614765406, 0.0335072912276, 0.0217485539615, 0.0324546024203, 0.0256147384644, 0.0157281011343, 0.0533728450537, 0.0812596976757, 0.0542016364634, 0.0287517644465, 0.0227950084955, 0.0457757860422, 0.0970555320382, 0.0597905516624, 0.0445975326002, 0.043485570699, 0.0332181677222, 0.0462933294475, 0.107253067195, 0.0643884018064, 0.0635270103812, 0.114600345492, 0.0988448411226, 0.0729809179902, 0.0688020959496, 0.0388810448349, 0.035026665777]
    chords_histogram: [6.88073396683, 24.3119258881, 0, 0, 0, 0, 0.458715587854, 0, 0, 0, 0, 0, 0, 0, 0, 0, 0, 0, 0, 0, 0, 0, 33.9449539185, 34.4036712646]
    thpcp: [1, 0.93807387352, 0.621611297131, 0.499665081501, 0.387678742409, 0.410226881504, 0.504422068596, 0.407321572304, 0.269764244556, 0.23717418313, 0.223803207278, 0.379207462072, 0.704873323441, 0.602838397026, 0.348825901747, 0.375620663166, 0.328053534031, 0.275709867477, 0.310033559799, 0.263257175684, 0.287302434444, 0.610141158104, 0.711525142193, 0.453168302774, 0.279512614012, 0.245770528913, 0.45023047924, 0.697268188, 0.578085482121, 0.416631191969, 0.378947228193, 0.285571187735, 0.433589249849, 0.708829045296, 0.604872822762, 0.616656899452]
    chords_key: "E"
    chords_scale: "minor"
    key_key: "G"
    key_scale: "major"
    chords_progression: ["C", "C", "C", "C", "C", "C", "C", "C", "C", "C", "C", "C", "C", "C", "C", "C", "C", "C", "C", "C", "C", "C", "C", "C", "C", "C", "C", "C", "C", "C", "C", "C", "C", "C", "C", "C", "C", "C", "C", "C", "C", "C", "C", "C", "C", "C", "C", "C", "C", "C", "C", "C", "C", "C", "Bm", "Bm", "Bm", "Bm", "Bm", "Bm", "Bm", "Bm", "Bm", "Bm", "Bm", "Bm", "Bm", "Bm", "Bm", "Bm", "Bm", "Bm", "Bm", "Bm", "Bm", "Bm", "Bm", "Bm", "Bm", "Bm", "Bm", "Bm", "Bm", "Bm", "Bm", "Bm", "Bm", "Bm", "Bm", "Bm", "Bm", "Bm", "Bm", "Bm", "Bm", "Bm", "Bm", "Bm", "Bm", "Bm", "Bm", "Bm", "Bm", "Bm", "Bm", "Bm", "Bm", "Em", "Em", "Em", "Em", "Em", "Em", "Em", "Em", "Em", "Em", "Em", "Em", "Em", "Em", "Em", "Em", "Em", "Em", "Em", "Em", "E", "Em", "Em", "Em", "Em", "Em", "Em", "Em", "Em", "Em", "Em", "Em", "Em", "Em", "Em", "Em", "Em", "Em", "Em", "Em", "Em", "Em", "Em", "Em", "Em", "Em", "Em", "Em", "Em", "Em", "Em", "Em", "Em", "Em", "Em", "Em", "Em", "Em", "Em", "Em", "Em", "Em", "Em", "Em", "Em", "Em", "Em", "Em", "Em", "Em", "Em", "Em", "G", "G", "G", "G", "G", "G", "G", "G", "G", "Em", "Em", "Em", "G", "G", "G", "Em", "G", "G", "G", "C", "C", "C", "C", "C", "C", "C", "C", "C", "C", "C", "C", "C", "C", "C", "C", "C", "C", "C", "C"]
