
metadata:
    version:
        essentia: "1.2.2"
    audio_properties:
        analysis_sample_rate: 44100
        bitrate: 128
        channels: 2
        equal_loudness: 1
        length: 10.0310201645
        replay_gain: -3.19549179077
        downmix: "mix"
    tags:
        track: 3
        year: 0
        album: "Splitted by Mp3Splt v. 2.1"
        artist: "From 000.20 To 000.30"
        comment: "http://mp3splt.sf.net"
        genre: ""
        title: "08 When You Grow.mp3"

highlevel:
    ballroom:
        all:
            ChaChaCha: 0.297424525023
            Jive: 0.204240903258
            Quickstep: 0.121729850769
            Rumba-American: 0.0209861118346
            Rumba-International: 0.183725371957
            Rumba-Misc: 0.0605721883476
            Samba: 0.0527263432741
            Tango: 0.00804995372891
            VienneseWaltz: 0.0216899886727
            Waltz: 0.028854764998
        probability: 0.297424525023
        value: "ChaChaCha"
    culture:
        all:
            non_western: 0.0339471399784
            western: 0.966052889824
        probability: 0.966052889824
        value: "western"
    gender:
        all:
            female: 0.21161903441
            male: 0.788380980492
        probability: 0.788380980492
        value: "male"
    genre_dortmund:
        all:
            alternative: 0.099967636168
            blues: 0.0169866513461
            electronic: 0.016028707847
            folkcountry: 0.449833184481
            funksoulrnb: 0.0173621084541
            jazz: 0.0492890812457
            pop: 0.205373883247
            raphiphop: 0.00123983505182
            rock: 0.143918916583
        probability: 0.449833184481
        value: "folkcountry"
    genre_electronica:
        all:
            ambient: 0.5893856287
            dnb: 0.0773585811257
            house: 0.112857818604
            techno: 0.0129118943587
            trance: 0.207486107945
        probability: 0.5893856287
        value: "ambient"
    genre_rosamerica:
        all:
            cla: 0.011883052066
            dan: 0.0109741194174
            hip: 0.00465076090768
            jaz: 0.0815223827958
            pop: 0.652036070824
            rhy: 0.200477346778
            roc: 0.0349283143878
            spe: 0.00352794630453
        probability: 0.652036070824
        value: "pop"
    genre_tzanetakis:
        all:
            blu: 0.00537413917482
            cla: 0.0034799601417
            cou: 0.0532537847757
            dis: 0.0404740944505
            hip: 0.00144531414844
            jaz: 0.0157655999064
            met: 0.00151520350482
            pop: 0.528295874596
            reg: 0.0516247227788
            roc: 0.298771291971
        probability: 0.528295874596
        value: "pop"
    live_studio:
        all:
            live: 0.0459497272968
            studio: 0.954050242901
        probability: 0.954050242901
        value: "studio"
    mood:
        all:
            Cluster1: 0.0132372304797
            Cluster2: 0.0291956942528
            Cluster3: 0.878719449043
            Cluster4: 0.0719295218587
            Cluster5: 0.00691810389981
        probability: 0.878719449043
        value: "Cluster3"
    mood_acoustic:
        all:
            acoustic: 0.92665719986
            not_acoustic: 0.0733428150415
        probability: 0.92665719986
        value: "acoustic"
    mood_aggressive:
        all:
            aggressive: 8.19582510303e-07
            not_aggressive: 0.999999165535
        probability: 0.999999165535
        value: "not_aggressive"
    mood_electronic:
        all:
            electronic: 0.0496779493988
            not_electronic: 0.950322031975
        probability: 0.950322031975
        value: "not_electronic"
    mood_happy:
        all:
            happy: 0.227398365736
            not_happy: 0.772601604462
        probability: 0.772601604462
        value: "not_happy"
    mood_party:
        all:
            not_party: 0.900548458099
            party: 0.0994515195489
        probability: 0.900548458099
        value: "not_party"
    mood_relaxed:
        all:
            not_relaxed: 0.240747734904
            relaxed: 0.759252250195
        probability: 0.759252250195
        value: "relaxed"
    mood_sad:
        all:
            not_sad: 0.145336523652
            sad: 0.854663491249
        probability: 0.854663491249
        value: "sad"
    rhythm:
        all:
            fast: 0.613199114799
            medium: 0.193014934659
            slow: 0.193785950541
        probability: 0.613199114799
        value: "fast"
    speech_music:
        all:
            music: 0.999714791775
            speech: 0.000285224872641
        probability: 0.999714791775
        value: "music"
    timbre:
        all:
            bright: 0.862513065338
            dark: 0.137486964464
        probability: 0.862513065338
        value: "bright"
    voice_instrumental:
        all:
            instrumental: 0.238601177931
            voice: 0.761398851871
        probability: 0.761398851871
        value: "voice"

lowlevel:
    average_loudness: 0.88238888979
    barkbands_kurtosis:
        dmean: 1.91155397892
        dmean2: 3.11410307884
        dvar: 6.17875099182
        dvar2: 13.4709291458
        max: 25.9290466309
        mean: 2.65365290642
        min: -1.82643806934
        var: 18.5074501038
    barkbands_skewness:
        dmean: 0.476116418839
        dmean2: 0.716300427914
        dvar: 0.23877774179
        dvar2: 0.48879674077
        max: 4.74731779099
        mean: 1.44712781906
        min: -3.90766906738
        var: 1.24330449104
    barkbands_spread:
        dmean: 5.0079035759
        dmean2: 7.70102405548
        dvar: 28.958065033
        dvar2: 54.9296798706
        max: 69.0842819214
        mean: 23.8678836823
        min: 4.29955863953
        var: 156.417022705
    dissonance:
        dmean: 0.0222095996141
        dmean2: 0.0359911099076
        dvar: 0.000376882759156
        dvar2: 0.0010486447718
        max: 0.497416675091
        mean: 0.445465266705
        min: 0.348999291658
        var: 0.000938645040151
    hfc:
        dmean: 1.4480766058
        dmean2: 1.81480324268
        dvar: 48.9279785156
        dvar2: 66.1072616577
        max: 121.1329422
        mean: 3.87913155556
        min: 0.0548937991261
        var: 63.6219291687
    pitch:
        dmean: 288.178283691
        dmean2: 560.223937988
        dvar: 900467.125
        dvar2: 2072031.875
        max: 5512.5
        mean: 606.169494629
        min: 66.0179672241
        var: 1419397.5
    pitch_instantaneous_confidence:
        dmean: 0.0732589960098
        dmean2: 0.115104727447
        dvar: 0.00515845650807
        dvar2: 0.0121693387628
        max: 0.889953315258
        mean: 0.544059514999
        min: 0.19469332695
        var: 0.0379620976746
    pitch_salience:
        dmean: 0.0566514320672
        dmean2: 0.0921957790852
        dvar: 0.00248590367846
        dvar2: 0.00623923866078
        max: 0.8569226861
        mean: 0.571635961533
        min: 0.227581888437
        var: 0.0097757158801
    silence_rate_20dB:
        dmean: 0
        dmean2: 0
        dvar: 0
        dvar2: 0
        max: 1
        mean: 1
        min: 1
        var: 0
    silence_rate_30dB:
        dmean: 0
        dmean2: 0
        dvar: 0
        dvar2: 0
        max: 1
        mean: 1
        min: 1
        var: 0
    silence_rate_60dB:
        dmean: 0.0925925895572
        dmean2: 0.18097448349
        dvar: 0.0840189829469
        dvar2: 0.17142483592
        max: 1
        mean: 0.579676687717
        min: 0
        var: 0.243651255965
    spectral_centroid:
        dmean: 216.580932617
        dmean2: 313.563842773
        dvar: 102042.210938
        dvar2: 163959.5
        max: 4888.83300781
        mean: 974.485229492
        min: 299.713287354
        var: 470649.1875
    spectral_complexity:
        dmean: 1.70997679234
        dmean2: 2.68604660034
        dvar: 5.76973342896
        dvar2: 9.63401126862
        max: 32
        mean: 6.41666650772
        min: 0
        var: 24.5995082855
    spectral_crest:
        dmean: 2.37737560272
        dmean2: 3.9670419693
        dvar: 4.46504926682
        dvar2: 11.2396383286
        max: 23.6987819672
        mean: 10.8823747635
        min: 3.28291487694
        var: 18.9144763947
    spectral_decrease:
        dmean: 2.00403207917e-10
        dmean2: 2.82522588657e-10
        dvar: 1.53346929557e-19
        dvar2: 2.35035952281e-19
        max: -2.76575359837e-11
        mean: -8.38088931587e-10
        min: -5.90539039891e-09
        var: 7.20973051744e-19
    spectral_energy:
        dmean: 0.000864531670231
        dmean2: 0.0011934080394
        dvar: 4.15724252889e-06
        dvar2: 5.98418864683e-06
        max: 0.0332754328847
        mean: 0.00351498811506
        min: 0.000112988622277
        var: 1.38469686135e-05
    spectral_energyband_high:
        dmean: 0.000142955235788
        dmean2: 0.000193011073861
        dvar: 3.76895627596e-07
        dvar2: 6.65966410907e-07
        max: 0.0101188933477
        mean: 0.000252518657362
        min: 1.39129411991e-07
        var: 4.01134940375e-07
    spectral_energyband_low:
        dmean: 3.64350780728e-05
        dmean2: 5.48457137484e-05
        dvar: 4.43523751059e-09
        dvar2: 8.68842153778e-09
        max: 0.00133875850588
        mean: 0.000102602767583
        min: 3.75640610173e-07
        var: 2.04217229793e-08
    spectral_energyband_middle_high:
        dmean: 0.00028147129342
        dmean2: 0.000374591589207
        dvar: 1.77180038463e-06
        dvar2: 2.18617469727e-06
        max: 0.0223997831345
        mean: 0.000754963955842
        min: 1.62380802067e-05
        var: 2.6426966997e-06
    spectral_energyband_middle_low:
        dmean: 0.000594129494857
        dmean2: 0.000900346029084
        dvar: 7.0009269848e-07
        dvar2: 1.52686118327e-06
        max: 0.0153660755605
        mean: 0.00240490492433
        min: 9.18200839806e-06
        var: 6.41002543489e-06
    spectral_flatness_db:
        dmean: 0.017669910565
        dmean2: 0.0275496765971
        dvar: 0.000233391896472
        dvar2: 0.000507432152517
        max: 0.268174797297
        mean: 0.175240546465
        min: 0.0766726210713
        var: 0.00141510693356
    spectral_flux:
        dmean: 0.00611191662028
        dmean2: 0.00928693730384
        dvar: 9.82871206361e-05
        dvar2: 0.000181816547411
        max: 0.16773852706
        mean: 0.0241003353149
        min: 0.00417800573632
        var: 0.000266132556135
    spectral_kurtosis:
        dmean: 1.13627433777
        dmean2: 1.73409056664
        dvar: 3.00749468803
        dvar2: 5.6947350502
        max: 30.9963302612
        mean: 3.86947512627
        min: -0.654262065887
        var: 11.6708498001
    spectral_rms:
        dmean: 0.000210129481275
        dmean2: 0.000293990597129
        dvar: 1.13195682161e-07
        dvar2: 1.61319817948e-07
        max: 0.00569770485163
        mean: 0.00161030725576
        min: 0.000332013267325
        var: 8.36166748286e-07
    spectral_rolloff:
        dmean: 558.913513184
        dmean2: 903.793457031
        dvar: 528585.3125
        dvar2: 1061475.75
        max: 6546.09375
        mean: 1867.25708008
        min: 236.865234375
        var: 2038987.875
    spectral_skewness:
        dmean: 0.175081133842
        dmean2: 0.265837788582
        dvar: 0.0475732348859
        dvar2: 0.0788811668754
        max: 4.23655891418
        mean: 1.63806509972
        min: 0.161872759461
        var: 0.291016995907
    spectral_spread:
        dmean: 656323.25
        dmean2: 930263.5625
        dvar: 815871033344
        dvar2: 1.31757427917e+12
        max: 15086286
        mean: 6350365.5
        min: 2036192.875
        var: 5.10153667379e+12
    spectral_strongpeak:
        dmean: 0.182762220502
        dmean2: 0.2872377038
        dvar: 0.205066174269
        dvar2: 0.404807418585
        max: 6.45874977112
        mean: 0.387090533972
        min: 0.0113209327683
        var: 0.315318703651
    zerocrossingrate:
        dmean: 0.0095401769504
        dmean2: 0.0104435412213
        dvar: 0.000131571112433
        dvar2: 0.000136915594339
        max: 0.22265625
        mean: 0.0633511021733
        min: 0.0185546875
        var: 0.0010840294417
    barkbands:
        dmean: [4.57536364351e-09, 1.18203579405e-05, 3.03726337734e-05, 9.83395584626e-05, 0.000448887149105, 5.45317452634e-05, 0.0001274261449, 4.93673796882e-05, 7.21096585039e-05, 3.55684715032e-05, 2.95537702186e-05, 2.26994197874e-05, 2.99404655379e-05, 3.37094497809e-05, 3.13586388074e-05, 2.89562467515e-05, 3.04852346744e-05, 7.294632087e-05, 8.23994487291e-05, 9.80282056844e-05, 6.45608306513e-05, 2.32098009292e-05, 7.86020336818e-06, 3.88108037441e-06, 3.93337586502e-06, 5.96465838498e-07, 1.54614165915e-09]
        dmean2: [6.31121555017e-09, 1.24761199913e-05, 4.94154555781e-05, 0.000158254872076, 0.000753226515371, 7.94868756202e-05, 0.000159866278409, 6.89827138558e-05, 9.18576115509e-05, 5.12223341502e-05, 4.31682929047e-05, 3.44617437804e-05, 4.03068625019e-05, 5.15255560458e-05, 4.82090254081e-05, 4.39254654339e-05, 4.52575804957e-05, 9.60158722592e-05, 0.000107740022941, 0.000142560966196, 9.56799776759e-05, 3.10536343022e-05, 1.18279713206e-05, 5.44358363186e-06, 5.84118470215e-06, 8.81022970134e-07, 2.41812925239e-09]
        dvar: [2.48043497736e-15, 7.08618719258e-10, 2.76459699577e-09, 3.87914447231e-08, 4.31308563975e-07, 2.63492001551e-08, 6.00027831865e-08, 1.38991378407e-08, 1.80579178277e-08, 8.23347168222e-09, 1.08350075578e-08, 2.07649453188e-09, 6.02558225538e-09, 1.31505908385e-08, 5.57802559698e-09, 4.97972774127e-09, 6.00503113901e-09, 1.63271479892e-07, 2.50011538583e-07, 4.97403789268e-07, 3.8569339722e-08, 1.17507648056e-08, 4.19206835911e-10, 8.6400386845e-11, 2.36786035224e-10, 1.18409171357e-11, 6.58351527519e-17]
        dvar2: [2.50241378827e-15, 4.814386112e-10, 6.9652963397e-09, 8.71524079571e-08, 1.23823656395e-06, 4.68586129898e-08, 8.5475448941e-08, 2.19642224408e-08, 2.58227697003e-08, 1.12397202656e-08, 2.28987353523e-08, 4.45883374667e-09, 1.06328874594e-08, 2.80958332155e-08, 1.14196732071e-08, 1.0294249897e-08, 1.08752518102e-08, 2.33820088624e-07, 3.53328545089e-07, 6.45209524919e-07, 7.56990559125e-08, 2.33581847198e-08, 9.60802770678e-10, 1.84730647446e-10, 5.39580491399e-10, 2.4427357706e-11, 1.15227278415e-16]
        max: [1.03762590697e-06, 0.000825835450087, 0.000591445947066, 0.00303688459098, 0.00960247311741, 0.00344804069027, 0.00561971776187, 0.00227060052566, 0.00257926923223, 0.00154327217024, 0.00199211807922, 0.000686748127919, 0.00120643817354, 0.00199339562096, 0.00109825271647, 0.001122524729, 0.00132340274286, 0.0068187317811, 0.00880285259336, 0.011427774094, 0.00256864982657, 0.00167388224509, 0.000211342005059, 9.36747819651e-05, 0.000215344232856, 5.0491966249e-05, 1.19798116316e-07]
        mean: [4.71654182377e-09, 3.46017550328e-05, 6.79982185829e-05, 0.000137961047585, 0.00134685775265, 9.21382452361e-05, 0.00043767230818, 0.000114141505037, 0.000240515859332, 7.50234394218e-05, 6.19062266196e-05, 4.1844232328e-05, 6.17725600023e-05, 5.89169503655e-05, 5.71108721488e-05, 5.30862744199e-05, 6.03550870437e-05, 0.000112299450848, 0.000128804749693, 0.000154862369527, 0.000118029165606, 3.09862007271e-05, 1.48113367686e-05, 6.60687283016e-06, 5.9832241277e-06, 7.00472185144e-07, 1.66314095829e-09]
        min: [1.33393279061e-11, 1.97052951734e-08, 2.22908624892e-07, 3.38616075624e-07, 2.00194881472e-06, 6.17942191639e-07, 1.53494261212e-06, 5.82079223932e-07, 1.72682149469e-07, 2.91544409947e-07, 2.03957824851e-07, 9.13480775466e-08, 4.11818099622e-08, 3.90697145747e-08, 2.19500975618e-07, 2.96556862622e-07, 2.89561398858e-07, 2.68460240704e-07, 1.60500874813e-07, 1.0034210618e-07, 6.3754143298e-08, 1.4432634643e-08, 2.48191089902e-09, 9.24357368426e-10, 8.42862335482e-10, 3.93437643575e-11, 4.41505657717e-14]
        var: [2.4832782552e-15, 6.61465948681e-09, 6.00689764596e-09, 6.50426343896e-08, 2.21291224989e-06, 5.44806368907e-08, 6.8958081556e-07, 6.46949374072e-08, 2.06974689831e-07, 3.52708440232e-08, 3.77993671918e-08, 5.70838265546e-09, 2.74189773108e-08, 2.89151138588e-08, 1.78415611174e-08, 1.47200927003e-08, 1.8901978649e-08, 2.05175481938e-07, 2.84337545509e-07, 5.82790960379e-07, 6.32907131148e-08, 1.1610824302e-08, 8.32842794729e-10, 1.88923196531e-10, 3.00499486405e-10, 1.44650775732e-11, 7.2498449928e-17]
    mfcc:
        mean: [-768.388671875, 116.868049622, -17.2049598694, 41.785697937, -15.8081064224, -6.85227155685, -2.78985548019, -11.2937316895, -8.93445014954, -9.39781665802, -10.1087789536, -7.95971870422, -6.65519189835]
        cov: [[6079.81884766, -2177.79296875, 248.690124512, -397.915130615, -201.452087402, -653.606323242, -359.486297607, -347.907989502, -38.5945663452, 236.558288574, -160.1902771, -182.720672607, -264.763275146], [-2177.79296875, 1471.2043457, -276.970458984, -22.9552555084, 115.033256531, 193.106018066, 134.054000854, 56.679775238, -14.8195543289, -7.81120872498, 45.775718689, 14.3299188614, 37.8743438721], [248.690124512, -276.970458984, 387.546234131, 48.6143455505, -38.8772239685, 60.2033233643, -61.5817375183, 67.8938751221, 61.088470459, -0.0380703769624, 41.805973053, 42.3118438721, 32.3707923889], [-397.915130615, -22.9552555084, 48.6143455505, 417.401397705, 67.5253067017, -20.911945343, -76.6662902832, 127.727546692, 86.2368240356, -78.5122070312, 68.1675415039, 79.3313980103, 98.7614135742], [-201.452087402, 115.033256531, -38.8772239685, 67.5253067017, 163.388122559, -8.6788892746, -14.5120325089, 48.5524520874, 11.3381719589, -5.00535869598, 34.9713058472, -9.34793376923, 19.0932388306], [-653.606323242, 193.106018066, 60.2033233643, -20.911945343, -8.6788892746, 220.420883179, 84.2690963745, 45.5903778076, -11.2232284546, 3.87044882774, 14.2820987701, 20.322145462, 25.2540111542], [-359.486297607, 134.054000854, -61.5817375183, -76.6662902832, -14.5120325089, 84.2690963745, 163.846511841, 5.68941640854, -34.7407569885, -1.39034545422, -13.8958911896, -6.52893018723, -0.128683641553], [-347.907989502, 56.679775238, 67.8938751221, 127.727546692, 48.5524520874, 45.5903778076, 5.68941640854, 161.471618652, 39.6042137146, -20.9658298492, 54.9528999329, 32.4045333862, 56.1763420105], [-38.5945663452, -14.8195543289, 61.088470459, 86.2368240356, 11.3381719589, -11.2232284546, -34.7407569885, 39.6042137146, 80.8562698364, 5.1365442276, 24.8712654114, 20.4085483551, 28.5389099121], [236.558288574, -7.81120872498, -0.0380703769624, -78.5122070312, -5.00535869598, 3.87044882774, -1.39034545422, -20.9658298492, 5.1365442276, 132.674499512, 12.129983902, -39.1783676147, -18.3657989502], [-160.1902771, 45.775718689, 41.805973053, 68.1675415039, 34.9713058472, 14.2820987701, -13.8958911896, 54.9528999329, 24.8712654114, 12.129983902, 88.4357070923, 29.9576683044, 19.1451225281], [-182.720672607, 14.3299188614, 42.3118438721, 79.3313980103, -9.34793376923, 20.322145462, -6.52893018723, 32.4045333862, 20.4085483551, -39.1783676147, 29.9576683044, 107.654708862, 43.4751930237], [-264.763275146, 37.8743438721, 32.3707923889, 98.7614135742, 19.0932388306, 25.2540111542, -0.128683641553, 56.1763420105, 28.5389099121, -18.3657989502, 19.1451225281, 43.4751930237, 100.707603455]]
        icov: [[0.000769094971474, 0.000838759995531, -0.000253678794252, 0.000484624819364, -6.52960297884e-05, 0.00138769065961, 0.000495053245686, 0.000145976577187, 0.000287643313641, -0.00107210839633, 0.000487322657136, -0.000167453821632, 0.000599026097916], [0.000838759995531, 0.00204679509625, 0.000909786554985, 0.000963649188634, -0.000534222810529, 0.000249379925663, 0.000638406898361, 1.97976969503e-05, -0.000521432026289, -0.000814232276753, -0.000184187694686, -0.000277032318991, 0.000380304467399], [-0.000253678794252, 0.000909786554985, 0.00531983748078, 0.00120198726654, 0.00104958680458, -0.00334273069166, 0.00226968363859, -0.00158045475837, -0.00328033440746, 0.001241897, -0.00189780688379, -0.000296313548461, -0.000729284540284], [0.000484624819364, 0.000963649188634, 0.00120198726654, 0.00599738350138, -0.000571330194362, 0.000534992374014, 0.00241012382321, -0.0020010790322, -0.00335652683862, 0.00213896622881, -0.00163372477982, -0.000818774977233, -0.00225737760775], [-6.52960297884e-05, -0.000534222810529, 0.00104958680458, -0.000571330194362, 0.00841861125082, 0.000319839717122, 0.00101808377076, -0.00182232982479, 0.000408936670283, 0.000656746036839, -0.00286036543548, 0.00260403286666, -0.000982804805972], [0.00138769065961, 0.000249379925663, -0.00334273069166, 0.000534992374014, 0.000319839717122, 0.0108726182953, -0.002991811838, -0.000807211326901, 0.00305882049724, -0.00310796685517, 0.00151742715389, -0.00105545553379, 0.000497191445902], [0.000495053245686, 0.000638406898361, 0.00226968363859, 0.00241012382321, 0.00101808377076, -0.002991811838, 0.0106254490092, -0.0019823287148, 0.00114244630095, 0.000350139278453, 0.000377713091439, 7.81602793722e-05, -0.000720551062841], [0.000145976577187, 1.97976969503e-05, -0.00158045475837, -0.0020010790322, -0.00182232982479, -0.000807211326901, -0.0019823287148, 0.0120556773618, -0.00145972252358, 0.000854138925206, -0.00400722306222, 0.00132859917358, -0.00257504428737], [0.000287643313641, -0.000521432026289, -0.00328033440746, -0.00335652683862, 0.000408936670283, 0.00305882049724, 0.00114244630095, -0.00145972252358, 0.0207110717893, -0.00408689817414, 0.000623052066658, -0.000858588435221, -0.00109276326839], [-0.00107210839633, -0.000814232276753, 0.001241897, 0.00213896622881, 0.000656746036839, -0.00310796685517, 0.000350139278453, 0.000854138925206, -0.00408689817414, 0.0125950425863, -0.00559158110991, 0.00444828392938, -0.0022325811442], [0.000487322657136, -0.000184187694686, -0.00189780688379, -0.00163372477982, -0.00286036543548, 0.00151742715389, 0.000377713091439, -0.00400722306222, 0.000623052066658, -0.00559158110991, 0.0195895917714, -0.00548471370712, 0.0034075344447], [-0.000167453821632, -0.000277032318991, -0.000296313548461, -0.000818774977233, 0.00260403286666, -0.00105545553379, 7.81602793722e-05, 0.00132859917358, -0.000858588435221, 0.00444828392938, -0.00548471370712, 0.0150391533971, -0.00480305077508], [0.000599026097916, 0.000380304467399, -0.000729284540284, -0.00225737760775, -0.000982804805972, 0.000497191445902, -0.000720551062841, -0.00257504428737, -0.00109276326839, -0.0022325811442, 0.0034075344447, -0.00480305077508, 0.0166350640357]]
    spectral_contrast:
        mean: [1.39656350484e-07, -2.28081333375e-07, -6.64418919882e-08, 2.49775553129e-07, -1.60842859032e-07, 4.47379768787e-08, -2.58124669017e-06, 1.72582701907e-06, -1.18795367143e-06, -5.40001519767e-06, -2.37790800384e-06, -3.25331666318e-06]
        var: [0.000660024932586, 0.000786456337664, 0.00136129907332, 0.00215114746243, 0.00252125505358, 0.00930563174188, 0.0697821006179, 0.11016497761, 0.140690997243, 0.267100691795, 0.404637783766, 2.70561003685]

rhythm:
    beats_loudness:
        dmean: 0.00297121889889
        dmean2: 0.00353795802221
        dvar: 8.92997468327e-06
        dvar2: 1.50325195136e-05
        max: 0.0211269296706
        mean: 0.00516280671582
        min: 0.000116563969641
        var: 2.52717109106e-05
    beats_loudness_bass:
        dmean: 0.0760919228196
        dmean2: 0.110024236143
        dvar: 0.00362278264947
        dvar2: 0.00753674004227
        max: 0.471530497074
        mean: 0.118986390531
        min: 0.00351579557173
        var: 0.0130647029728
    bpm: 125.761642456
    bpm_confidence: 0
    first_peak_bpm: 135
    first_peak_spread: 0
    first_peak_weight: 0.619047641754
    onset_rate: 3.68855810165
    second_peak_bpm: 126
    second_peak_spread: 0
    second_peak_weight: 0.333333343267
    beats_position: [0.0467432849109, 0.492666244507, 0.938589215279, 1.38451218605, 1.83043503761, 2.27635812759, 2.72228097916, 3.16820406914, 3.6141269207, 4.06005001068, 4.50597286224, 4.95189571381, 5.39781856537, 5.84374189377, 6.22155618668, 6.69865083694, 7.17574453354, 7.65283918381, 8.12993431091, 8.60702800751, 9.08412265778, 9.56121730804]
    bpm_estimates: [125.542663574, 125.980621338]
    bpm_intervals: [0.445922970772, 0.445922970772, 0.445922970772, 0.445922851562, 0.445923089981, 0.445922851562, 0.445923089981, 0.445922851562, 0.445923089981, 0.445922851562, 0.445922851562, 0.445922851562, 0.4459233284, 0.377814292908, 0.477094650269, 0.477093696594, 0.477094650269, 0.477095127106, 0.477093696594, 0.477094650269, 0.477094650269]
    onset_times: [0.0348299331963, 0.220589563251, 0.255419492722, 0.336689352989, 0.371519267559, 0.46439909935, 0.719818592072, 0.917188227177, 1.25387752056, 1.83437645435, 2.2523355484, 2.92571425438, 3.12308382988, 3.78485250473, 3.94739222527, 4.2492518425, 4.34213161469, 4.45823144913, 4.841360569, 4.95746040344, 5.59600925446, 5.7701587677, 6.11845827103, 6.29260778427, 6.39709758759, 6.57124710083, 7.07047605515, 7.33750581741, 7.4884352684, 7.95283460617, 8.17342376709, 8.42884349823, 8.78875255585, 8.82358264923, 9.27637195587, 9.4040813446, 9.65950107574]
    rubato_start: []
    rubato_stop: []
    perceptual_tempo: "unknown"

sfx:
    inharmonicity:
        dmean: 0.0215634033084
        dmean2: 0.0361188910902
        dvar: 0.00126905844081
        dvar2: 0.00345332245342
        max: 0.382814973593
        mean: 0.0242685507983
        min: 0
        var: 0.00134350417648
    oddtoevenharmonicenergyratio:
        dmean: 2.08623433113
        dmean2: 3.86397767067
        dvar: 107.084251404
        dvar2: 312.079315186
        max: 145.10597229
        mean: 1.88385879993
        min: 0
        var: 61.9117279053
    pitch_after_max_to_before_max_energy_ratio: 1.84716641903
    pitch_centroid: 187.017883301
    pitch_max_to_total: 0.199074074626
    pitch_min_to_total: 0.840277791023
    tristimulus:
        dmean: [0.185019403696, 0.193138375878, 0.0649478286505]
        dmean2: [0.322441846132, 0.339274644852, 0.109206400812]
        dvar: [0.0383918657899, 0.0403236299753, 0.00750791188329]
        dvar2: [0.0993328988552, 0.112259671092, 0.0200766008347]
        max: [1, 0.987541973591, 0.869570195675]
        mean: [0.468238651752, 0.420079737902, 0.0918157473207]
        min: [0.0124579975381, 0, 0]
        var: [0.063507899642, 0.0548456944525, 0.0119389044121]

tonal:
    chords_changes_rate: 0.0414746552706
    chords_number_rate: 0.0184331797063
    chords_strength:
        dmean: 0.00862896349281
        dmean2: 0.00884986389428
        dvar: 5.32748927071e-05
        dvar2: 5.94724224356e-05
        max: 0.639130949974
        mean: 0.530969798565
        min: 0.377027899027
        var: 0.0023947134614
    key_strength: 0.694809496403
    tuning_diatonic_strength: 0.579931676388
    tuning_equal_tempered_deviation: 0.0844973549247
    tuning_frequency: 441.017791748
    tuning_nontempered_energy_ratio: 0.700565338135
    hpcp:
        dmean: [0.123052686453, 0.100276388228, 0.0716795325279, 0.0728970393538, 0.0803862512112, 0.143794834614, 0.144714087248, 0.177310824394, 0.129246637225, 0.0950855389237, 0.0766850784421, 0.0479816198349, 0.0414275117218, 0.0355370752513, 0.0574319809675, 0.0878613814712, 0.0784630700946, 0.051635093987, 0.0381766743958, 0.0400510728359, 0.0570321641862, 0.0686148256063, 0.0562938973308, 0.0702621415257, 0.0736318975687, 0.0819690153003, 0.0731098949909, 0.0812693983316, 0.107991658151, 0.183637529612, 0.1958630234, 0.149477168918, 0.0938845723867, 0.0595112778246, 0.0583832338452, 0.0958157107234]
        dmean2: [0.20524404943, 0.169467151165, 0.126315504313, 0.12553550303, 0.140547290444, 0.234480261803, 0.253704935312, 0.301699757576, 0.220026865602, 0.151769950986, 0.12631726265, 0.0816912874579, 0.0710324347019, 0.0595824457705, 0.0936917737126, 0.137270465493, 0.12687894702, 0.0849355012178, 0.0649977847934, 0.0687403604388, 0.0957089439034, 0.110317125916, 0.0953017324209, 0.126304730773, 0.127010986209, 0.144210249186, 0.116276502609, 0.138808116317, 0.181305870414, 0.305631101131, 0.339879781008, 0.254264444113, 0.168487176299, 0.107394807041, 0.103947892785, 0.158389151096]
        dvar: [0.0493318997324, 0.0329371802509, 0.0349509529769, 0.0370765961707, 0.0342389270663, 0.034725420177, 0.0480505079031, 0.0441624112427, 0.0329238921404, 0.0313463099301, 0.0181979704648, 0.0099267186597, 0.0116338208318, 0.00756494095549, 0.0143751688302, 0.0212560743093, 0.0166227892041, 0.0177022498101, 0.00965703092515, 0.00777445314452, 0.0101661151275, 0.0157659649849, 0.00682497629896, 0.0115739032626, 0.0147302579135, 0.0142171820626, 0.0160058122128, 0.0276880115271, 0.0278965327889, 0.0539480261505, 0.0655994713306, 0.0405965596437, 0.0407244153321, 0.018760709092, 0.019357893616, 0.0300957113504]
        dvar2: [0.106215782464, 0.0785401910543, 0.0913999155164, 0.0989046320319, 0.0788807943463, 0.0830545499921, 0.106115728617, 0.11114538461, 0.0726526454091, 0.0728164091706, 0.0456772409379, 0.0262570995837, 0.0248165130615, 0.017530085519, 0.0387139432132, 0.0512423180044, 0.0436105430126, 0.0503799021244, 0.0267867259681, 0.0196004044265, 0.0269561018795, 0.0441258065403, 0.0176240317523, 0.0348220765591, 0.0412012264132, 0.0426447875798, 0.0433616191149, 0.071940690279, 0.0692492201924, 0.128745391965, 0.153323546052, 0.112355358899, 0.102303817868, 0.0514338202775, 0.0537271983922, 0.066995896399]
        max: [1, 1, 1, 1, 1, 1, 1, 1, 1, 1, 0.926811337471, 0.681337118149, 1, 0.991896033287, 1, 1, 1, 1, 0.837139010429, 0.816395938396, 0.58086335659, 0.828129947186, 0.592164516449, 1, 1, 0.870238602161, 0.977130353451, 1, 0.9563331604, 1, 1, 1, 1, 1, 1, 1]
        mean: [0.250010192394, 0.17012925446, 0.0693016573787, 0.0645961984992, 0.0736399069428, 0.200805917382, 0.407869786024, 0.332232743502, 0.168748900294, 0.174133092165, 0.120641663671, 0.053934071213, 0.0511365272105, 0.0522628836334, 0.0908629000187, 0.160919651389, 0.125863969326, 0.0539055429399, 0.0395036451519, 0.0353852175176, 0.0593079440296, 0.0885036960244, 0.0750813707709, 0.122954070568, 0.170259743929, 0.100727148354, 0.0813227370381, 0.115747451782, 0.119980014861, 0.247549563646, 0.36017614603, 0.228958636522, 0.0857261866331, 0.0476849637926, 0.0504897534847, 0.149493187666]
        min: [0.000655442883726, 0.000579757441301, 0.000263155176071, 0.000290733529255, 0.000522381393239, 0.00336377718486, 0.00543434824795, 0.00378955970518, 0.00424129515886, 0.00150187662803, 0.000849020958412, 0.000800570182037, 0.00108816986904, 0.000831710698549, 0.000965952523984, 0.000907604873646, 0.00091622461332, 0.000982994097285, 0.000668103399221, 0.000331251503667, 0.00042500795098, 0.00123154895846, 0.0014654782135, 0.000599611725193, 0.000564962509088, 0.000344726722687, 0.00165922543965, 0.00158059492242, 0.000865067529958, 0.00130621308926, 0.00443128170446, 0.00145717640407, 0.000635929114651, 0.000568518415093, 0.000396562332753, 0.000406165985623]
        var: [0.121853210032, 0.0655840113759, 0.0332053638995, 0.034847818315, 0.0370972752571, 0.0565899983048, 0.165007546544, 0.118166610599, 0.0521883741021, 0.0895696207881, 0.0373647399247, 0.00953330099583, 0.013153639622, 0.0119166057557, 0.019660776481, 0.0540222600102, 0.0341740734875, 0.0134633006528, 0.00698811840266, 0.00661133183166, 0.00946881156415, 0.0154573777691, 0.00880589429289, 0.0367847494781, 0.077096581459, 0.0230167992413, 0.0154857952148, 0.0334791429341, 0.029481606558, 0.0818605795503, 0.141304701567, 0.075657851994, 0.0362391881645, 0.0129847591743, 0.013988503255, 0.0539345778525]
    chords_histogram: [23.041475296, 11.9815664291, 40.5529937744, 23.5023040771, 0, 0, 0, 0, 0, 0, 0.921658992767, 0, 0, 0, 0, 0, 0, 0, 0, 0, 0, 0, 0, 0]
    thpcp: [1, 0.814555883408, 0.413732290268, 0.426933050156, 0.29578474164, 0.132233560085, 0.125374644995, 0.128136202693, 0.222774282098, 0.394536823034, 0.308588594198, 0.132163614035, 0.09685356915, 0.0867561623454, 0.145409017801, 0.216990083456, 0.184081718326, 0.301454216242, 0.417436510324, 0.246959090233, 0.199384063482, 0.283785313368, 0.294162541628, 0.60693281889, 0.883066475391, 0.561352312565, 0.210180282593, 0.116912223399, 0.123788900673, 0.366521835327, 0.612965703011, 0.417116582394, 0.169911235571, 0.15837456286, 0.180547595024, 0.492328494787]
    chords_key: "G"
    chords_scale: "major"
    key_key: "C"
    key_scale: "major"
    chords_progression: ["G", "G", "G", "G", "G", "G", "G", "G", "G", "G", "G", "G", "G", "Em", "Em", "Em", "Em", "Em", "Em", "Em", "G", "G", "G", "G", "G", "G", "G", "G", "G", "G", "G", "G", "G", "G", "G", "Bm", "Bm", "Bm", "Bm", "Bm", "Bm", "Bm", "Bm", "Bm", "Bm", "Bm", "Bm", "Bm", "Bm", "Bm", "Bm", "G", "G", "G", "G", "G", "G", "G", "G", "G", "G", "G", "G", "G", "G", "G", "G", "G", "G", "G", "G", "G", "G", "G", "G", "G", "G", "G", "G", "G", "G", "G", "G", "G", "G", "G", "G", "G", "G", "G", "G", "G", "G", "G", "G", "G", "G", "G", "G", "G", "G", "G", "G", "G", "G", "G", "G", "G", "G", "G", "G", "Bm", "Bm", "Bm", "Bm", "Bm", "Bm", "Bm", "Bm", "Bm", "Bm", "Bm", "Bm", "Bm", "Bm", "Bm", "Bm", "Bm", "Bm", "Bm", "Bm", "Bm", "Bm", "Bm", "Bm", "Bm", "Bm", "Bm", "Bm", "Bm", "Bm", "B", "B", "Bm", "Bm", "Bm", "Bm", "Bm", "Em", "Em", "Em", "Em", "Em", "Em", "Em", "Em", "Em", "Em", "Em", "Em", "Em", "Em", "Em", "Em", "Em", "Em", "Em", "C", "C", "C", "C", "C", "C", "C", "C", "C", "C", "C", "C", "C", "C", "C", "C", "C", "C", "C", "C", "C", "C", "C", "C", "C", "C", "C", "C", "C", "C", "C", "C", "C", "C", "C", "C", "C", "C", "C", "C", "C", "C", "C", "C", "C", "C", "C", "C", "C", "C"]
