
metadata:
    version:
        essentia: "1.2.2"
    audio_properties:
        analysis_sample_rate: 44100
        bitrate: 128
        channels: 2
        equal_loudness: 1
        length: 10.0048980713
        replay_gain: -15.0352039337
        downmix: "mix"
    tags:
        track: 4
        year: 0
        album: "Splitted by Mp3Splt v. 2.1"
        artist: "From 000.30 To 000.40"
        comment: "http://mp3splt.sf.net"
        genre: ""
        title: "02 Take My Breath Away.mp3"

highlevel:
    ballroom:
        all:
            ChaChaCha: 0.0810356363654
            Jive: 0.0841459408402
            Quickstep: 0.13002666831
            Rumba-American: 0.0180628616363
            Rumba-International: 0.256798237562
            Rumba-Misc: 0.0941955894232
            Samba: 0.0603967905045
            Tango: 0.0341012589633
            VienneseWaltz: 0.167098864913
            Waltz: 0.0741381496191
        probability: 0.256798237562
        value: "Rumba-International"
    culture:
        all:
            non_western: 0.058403480798
            western: 0.941596508026
        probability: 0.941596508026
        value: "western"
    gender:
        all:
            female: 0.972506344318
            male: 0.0274936556816
        probability: 0.972506344318
        value: "female"
    genre_dortmund:
        all:
            alternative: 0.0319803096354
            blues: 0.0449813902378
            electronic: 0.00241125677712
            folkcountry: 0.395516961813
            funksoulrnb: 0.0231520924717
            jazz: 0.285616695881
            pop: 0.151317819953
            raphiphop: 0.000884410867002
            rock: 0.0641390457749
        probability: 0.395516961813
        value: "folkcountry"
    genre_electronica:
        all:
            ambient: 0.501580834389
            dnb: 0.13541841507
            house: 0.235512018204
            techno: 0.0165641214699
            trance: 0.110924609005
        probability: 0.501580834389
        value: "ambient"
    genre_rosamerica:
        all:
            cla: 0.0435461215675
            dan: 0.008494627662
            hip: 0.00321813370101
            jaz: 0.0428506173193
            pop: 0.629614591599
            rhy: 0.193763256073
            roc: 0.0766907483339
            spe: 0.00182192563079
        probability: 0.629614591599
        value: "pop"
    genre_tzanetakis:
        all:
            blu: 0.0135542731732
            cla: 0.00764254061505
            cou: 0.202376633883
            dis: 0.0995242893696
            hip: 0.00263993558474
            jaz: 0.0201934780926
            met: 0.00322159961797
            pop: 0.473160505295
            reg: 0.0107654081658
            roc: 0.166921317577
        probability: 0.473160505295
        value: "pop"
    live_studio:
        all:
            live: 0.856519699097
            studio: 0.143480286002
        probability: 0.856519699097
        value: "live"
    mood:
        all:
            Cluster1: 0.10644620657
            Cluster2: 0.447794526815
            Cluster3: 0.206954658031
            Cluster4: 0.218170940876
            Cluster5: 0.0206336658448
        probability: 0.447794526815
        value: "Cluster2"
    mood_acoustic:
        all:
            acoustic: 0.928107857704
            not_acoustic: 0.0718921199441
        probability: 0.928107857704
        value: "acoustic"
    mood_aggressive:
        all:
            aggressive: 0.00350220687687
            not_aggressive: 0.996497809887
        probability: 0.996497809887
        value: "not_aggressive"
    mood_electronic:
        all:
            electronic: 0.0069588413462
            not_electronic: 0.993041157722
        probability: 0.993041157722
        value: "not_electronic"
    mood_happy:
        all:
            happy: 0.37772333622
            not_happy: 0.62227666378
        probability: 0.62227666378
        value: "not_happy"
    mood_party:
        all:
            not_party: 0.911208808422
            party: 0.0887911841273
        probability: 0.911208808422
        value: "not_party"
    mood_relaxed:
        all:
            not_relaxed: 0.684076666832
            relaxed: 0.315923333168
        probability: 0.684076666832
        value: "not_relaxed"
    mood_sad:
        all:
            not_sad: 0.163870662451
            sad: 0.836129367352
        probability: 0.836129367352
        value: "sad"
    rhythm:
        all:
            fast: 0.904676020145
            medium: 0.0845340639353
            slow: 0.0107899466529
        probability: 0.904676020145
        value: "fast"
    speech_music:
        all:
            music: 0.998897433281
            speech: 0.00110259035137
        probability: 0.998897433281
        value: "music"
    timbre:
        all:
            bright: 0.999999940395
            dark: 3.55536613483e-08
        probability: 0.999999940395
        value: "bright"
    voice_instrumental:
        all:
            instrumental: 0.084335707128
            voice: 0.915664315224
        probability: 0.915664315224
        value: "voice"

lowlevel:
    average_loudness: 0.97625797987
    barkbands_kurtosis:
        dmean: 1.80419397354
        dmean2: 2.71238064766
        dvar: 10.1132459641
        dvar2: 16.6758937836
        max: 44.4000778198
        mean: 1.73089981079
        min: -1.80695021152
        var: 30.307849884
    barkbands_skewness:
        dmean: 0.479272007942
        dmean2: 0.706131219864
        dvar: 0.248340770602
        dvar2: 0.449992388487
        max: 6.23511266708
        mean: 1.23930609226
        min: -1.1978341341
        var: 1.00214827061
    barkbands_spread:
        dmean: 5.95372104645
        dmean2: 9.49708557129
        dvar: 39.7420158386
        dvar2: 93.846824646
        max: 60.6661491394
        mean: 23.7586135864
        min: 2.47205066681
        var: 105.663040161
    dissonance:
        dmean: 0.0253816004843
        dmean2: 0.0412227474153
        dvar: 0.000511559366714
        dvar2: 0.00118596898392
        max: 0.492485076189
        mean: 0.433636277914
        min: 0.30863109231
        var: 0.00137640838511
    hfc:
        dmean: 2.14955496788
        dmean2: 3.03194069862
        dvar: 10.3488721848
        dvar2: 21.2088470459
        max: 25.9226398468
        mean: 4.79283618927
        min: 0.195456206799
        var: 19.5636730194
    pitch:
        dmean: 406.628326416
        dmean2: 792.301574707
        dvar: 1134117.75
        dvar2: 3164211.5
        max: 4900
        mean: 538.250671387
        min: 82.1229019165
        var: 875155.1875
    pitch_instantaneous_confidence:
        dmean: 0.101781599224
        dmean2: 0.155768200755
        dvar: 0.0110631510615
        dvar2: 0.0228337533772
        max: 0.924529850483
        mean: 0.589543819427
        min: 0.174953699112
        var: 0.0365906059742
    pitch_salience:
        dmean: 0.0635357052088
        dmean2: 0.101994104683
        dvar: 0.00368052581325
        dvar2: 0.00949126388878
        max: 0.761319816113
        mean: 0.509494125843
        min: 0.276525259018
        var: 0.00892675668001
    silence_rate_20dB:
        dmean: 0
        dmean2: 0
        dvar: 0
        dvar2: 0
        max: 1
        mean: 1
        min: 1
        var: 0
    silence_rate_30dB:
        dmean: 0
        dmean2: 0
        dvar: 0
        dvar2: 0
        max: 1
        mean: 1
        min: 1
        var: 0
    silence_rate_60dB:
        dmean: 0.176744192839
        dmean2: 0.354312360287
        dvar: 0.14550563693
        dvar2: 0.280056744814
        max: 1
        mean: 0.387470990419
        min: 0
        var: 0.237336546183
    spectral_centroid:
        dmean: 226.039245605
        dmean2: 341.332366943
        dvar: 64138.5625
        dvar2: 135896.875
        max: 2460.421875
        mean: 1002.88592529
        min: 301.133758545
        var: 170316.421875
    spectral_complexity:
        dmean: 2.80373835564
        dmean2: 4.1756439209
        dvar: 18.8866977692
        dvar2: 37.044052124
        max: 43
        mean: 8.30536174774
        min: 1
        var: 35.0046577454
    spectral_crest:
        dmean: 2.43638300896
        dmean2: 3.78746318817
        dvar: 4.95566558838
        dvar2: 11.8376150131
        max: 23.3871192932
        mean: 10.4995117188
        min: 3.20578980446
        var: 13.2301254272
    spectral_decrease:
        dmean: 3.43716610729e-10
        dmean2: 5.0489473713e-10
        dvar: 1.7817722426e-19
        dvar2: 3.98209787515e-19
        max: -6.38156819055e-11
        mean: -1.08306563718e-09
        min: -3.62741836568e-09
        var: 4.26548581711e-19
    spectral_energy:
        dmean: 0.00146878766827
        dmean2: 0.00214693578891
        dvar: 3.34246374223e-06
        dvar2: 7.28687973606e-06
        max: 0.0156394224614
        mean: 0.00452246144414
        min: 0.000272102915915
        var: 7.82946517575e-06
    spectral_energyband_high:
        dmean: 0.00010174367344
        dmean2: 0.000150505293277
        dvar: 2.84658323579e-08
        dvar2: 6.271178421e-08
        max: 0.00126874097623
        mean: 0.000147601676872
        min: 3.58911643161e-06
        var: 4.15211793836e-08
    spectral_energyband_low:
        dmean: 8.8419074018e-05
        dmean2: 0.000154791385285
        dvar: 4.24945625355e-08
        dvar2: 1.24162440329e-07
        max: 0.00160691374913
        mean: 0.000155244371854
        min: 2.30123831102e-08
        var: 6.40394901552e-08
    spectral_energyband_middle_high:
        dmean: 0.000698749208823
        dmean2: 0.000970828172285
        dvar: 1.11267672764e-06
        dvar2: 1.84356417776e-06
        max: 0.00795339792967
        mean: 0.00148304598406
        min: 4.43901699327e-05
        var: 2.93155380859e-06
    spectral_energyband_middle_low:
        dmean: 0.000913726747967
        dmean2: 0.00141310703475
        dvar: 1.31594890718e-06
        dvar2: 3.22104506267e-06
        max: 0.00980983953923
        mean: 0.00273655937053
        min: 0.000124396319734
        var: 3.06734500555e-06
    spectral_flatness_db:
        dmean: 0.0235682055354
        dmean2: 0.0334075391293
        dvar: 0.000444566976512
        dvar2: 0.000788492558058
        max: 0.336562842131
        mean: 0.197747737169
        min: 0.08893892169
        var: 0.00179055915214
    spectral_flux:
        dmean: 0.0122601725161
        dmean2: 0.0188506096601
        dvar: 0.000164871846209
        dvar2: 0.000371391768567
        max: 0.107730567455
        mean: 0.0344377569854
        min: 0.00842012465
        var: 0.000366756488802
    spectral_kurtosis:
        dmean: 1.88986814022
        dmean2: 2.87454771996
        dvar: 4.7991733551
        dvar2: 10.5242204666
        max: 22.5094032288
        mean: 4.71358346939
        min: -0.252568721771
        var: 8.7302904129
    spectral_rms:
        dmean: 0.000334531097906
        dmean2: 0.000472620886285
        dvar: 1.32651607032e-07
        dvar2: 2.65756227691e-07
        max: 0.00390614545904
        mean: 0.0020001756493
        min: 0.000515234190971
        var: 4.11456653637e-07
    spectral_rolloff:
        dmean: 644.587097168
        dmean2: 1106.41296387
        dvar: 584837.375
        dvar2: 1320309
        max: 5254.1015625
        mean: 2025.17553711
        min: 258.3984375
        var: 1232512.75
    spectral_skewness:
        dmean: 0.273422032595
        dmean2: 0.408856958151
        dvar: 0.075342848897
        dvar2: 0.155796065927
        max: 3.61705350876
        mean: 1.69891858101
        min: 0.470024943352
        var: 0.184701651335
    spectral_spread:
        dmean: 868318
        dmean2: 1138280
        dvar: 666171342848
        dvar2: 1.02281130803e+12
        max: 12731895
        mean: 5063641
        min: 2452294.5
        var: 2.33552111206e+12
    spectral_strongpeak:
        dmean: 0.315298289061
        dmean2: 0.502665936947
        dvar: 0.350530833006
        dvar2: 0.833182215691
        max: 6.43727779388
        mean: 0.695763230324
        min: 0.0137691162527
        var: 0.593379318714
    zerocrossingrate:
        dmean: 0.00995956826955
        dmean2: 0.0120469387621
        dvar: 9.57676675171e-05
        dvar2: 0.000134923728183
        max: 0.14306640625
        mean: 0.0625489428639
        min: 0.01416015625
        var: 0.000453370157629
    barkbands:
        dmean: [5.38243938308e-08, 9.75658895186e-06, 8.58853818499e-05, 0.000263011053903, 0.000383141072234, 0.000213692517718, 0.000226034972002, 0.000118117153761, 0.000146185877384, 0.000199027024792, 0.000132802044391, 4.35008332715e-05, 2.6655387046e-05, 5.16644904565e-05, 5.60941043659e-05, 4.60575429315e-05, 0.000133623718284, 0.000152313572471, 0.000157754620886, 9.38119919738e-05, 4.84740121465e-05, 1.66607369465e-05, 5.72373664909e-06, 2.34974959312e-06, 1.35750428853e-06, 8.54461887911e-08, 2.8301458399e-10]
        dmean2: [7.03170783822e-08, 1.42371509355e-05, 0.000148460341734, 0.000423782126745, 0.000617969431914, 0.000319574930472, 0.000352896604454, 0.000190237755305, 0.000178569316631, 0.000247423507972, 0.000189713537111, 6.36366385152e-05, 4.46479025413e-05, 8.60131476657e-05, 9.26003340282e-05, 7.48228849261e-05, 0.000202022114536, 0.000235937244724, 0.000256690167589, 0.000146186779602, 7.29239545763e-05, 2.4660699637e-05, 9.27918881644e-06, 3.52004167326e-06, 2.03379090635e-06, 1.327426844e-07, 4.64062094307e-10]
        dvar: [2.74301550441e-13, 9.07439623443e-10, 4.19588062073e-08, 2.35261580883e-07, 4.02632821306e-07, 1.28346144379e-07, 2.8192275181e-07, 1.68482628737e-07, 1.30681186761e-07, 1.89105463733e-07, 1.8150248593e-07, 3.41745689525e-08, 5.20252285696e-09, 3.6099077505e-08, 1.85829502897e-08, 8.09417954883e-09, 8.81241390971e-08, 9.27042904664e-08, 1.03668583051e-07, 2.60630024229e-08, 6.05592376246e-09, 1.09045339425e-09, 2.83192219674e-10, 1.28563765536e-11, 4.27333125483e-12, 2.03822266546e-14, 5.23703607143e-19]
        dvar2: [2.85724379269e-13, 2.07037786915e-09, 1.21357814464e-07, 6.59598242692e-07, 1.0523652918e-06, 2.56428108969e-07, 6.0236442323e-07, 4.60722077378e-07, 2.68317165819e-07, 2.23987711934e-07, 2.69899715022e-07, 7.73500161699e-08, 1.2003501304e-08, 7.77815785113e-08, 4.171028678e-08, 1.85819946097e-08, 2.11407254369e-07, 1.75277122594e-07, 2.41066203444e-07, 6.41807105239e-08, 1.30247457264e-08, 2.36344521731e-09, 8.03388411352e-10, 2.93260069006e-11, 9.45974982375e-12, 4.16566873227e-14, 5.54045574288e-19]
        max: [1.06759944174e-05, 0.000324673892464, 0.00154801888857, 0.00423038098961, 0.00729899201542, 0.00451763859019, 0.00583838718012, 0.0060382867232, 0.00535790529102, 0.00632662279531, 0.00593431852758, 0.00359625020064, 0.000822633970529, 0.00238233269192, 0.00165861076675, 0.00108603539411, 0.00324273994192, 0.0043990239501, 0.00283527188003, 0.00124494731426, 0.000596669735387, 0.000274821650237, 0.000232764039538, 2.68309449893e-05, 1.33800467665e-05, 8.88506633601e-07, 1.64396656288e-08]
        mean: [5.11238411605e-08, 1.03697893792e-05, 0.000144836638356, 0.000524832634255, 0.000718103197869, 0.000490425270982, 0.000362757069524, 0.000153084503836, 0.000385964347515, 0.000415142771089, 0.000194941691007, 6.03555963608e-05, 2.9597311368e-05, 5.61221531825e-05, 7.83239665907e-05, 6.73323229421e-05, 0.000175723529537, 0.000238667751546, 0.000198656969587, 0.000122967321659, 6.29165733699e-05, 2.10252565012e-05, 5.69056010136e-06, 2.93409561891e-06, 1.5564937712e-06, 8.69743743692e-08, 2.63985444615e-10]
        min: [2.81271811398e-11, 1.5967654976e-09, 5.93497873069e-09, 6.41241015842e-09, 3.77565038434e-06, 9.74370891527e-07, 1.37329948302e-06, 8.50895958138e-07, 9.19436388358e-07, 1.61790251241e-06, 5.06624928676e-07, 2.56183199099e-07, 2.94308563298e-07, 5.89121668781e-07, 1.19491528494e-06, 7.16315469163e-07, 4.90633783556e-06, 4.7893959163e-06, 5.47231047676e-06, 1.92406332644e-06, 4.12619726831e-07, 1.12204133984e-07, 1.37237980979e-08, 4.35487690353e-09, 2.55367638147e-09, 9.42784253444e-11, 6.10104618193e-14]
        var: [2.74651341167e-13, 1.15204090712e-09, 5.93286095807e-08, 3.71790491727e-07, 8.03207228728e-07, 4.17193831481e-07, 5.72249120978e-07, 1.31687542648e-07, 7.27628162167e-07, 9.388268154e-07, 3.86795051099e-07, 4.81569344402e-08, 6.11668271588e-09, 3.65469112751e-08, 2.20745093316e-08, 9.99709648397e-09, 9.25476228986e-08, 1.91434267549e-07, 1.17945511136e-07, 3.04003187068e-08, 8.68115890285e-09, 1.42637013312e-09, 1.84972495654e-10, 1.57770949083e-11, 5.10782475344e-12, 2.46356195399e-14, 7.1997355907e-19]
    mfcc:
        mean: [-742.514343262, 113.620727539, -41.1818504333, 41.4131965637, -18.2792987823, -26.7181720734, -12.9508733749, -11.153181076, -9.55332756042, -15.321393013, -18.6241207123, -15.3920297623, -15.6160545349]
        cov: [[2084.12841797, -643.608215332, 55.1405639648, -10.1838750839, -195.096328735, 153.943191528, 129.528320312, 56.7971725464, 9.44373321533, -15.0602684021, 48.600479126, -70.9164657593, 96.0137557983], [-643.608215332, 816.251525879, -107.301101685, 80.5689697266, 192.54284668, 6.14255094528, 70.5944747925, -25.435962677, -15.2553529739, 29.3466186523, -14.0644950867, 32.4045028687, -23.9280147552], [55.1405639648, -107.301101685, 504.296569824, 172.463607788, 163.846801758, 170.410324097, 34.317237854, 20.8183269501, 61.16847229, 38.5288734436, 81.9082946777, 69.9771728516, 41.1209106445], [-10.1838750839, 80.5689697266, 172.463607788, 266.610656738, 134.573318481, 100.499664307, 70.2759933472, 53.8088264465, 42.834815979, 15.0116586685, 36.1612930298, 47.9672203064, 27.03465271], [-195.096328735, 192.54284668, 163.846801758, 134.573318481, 242.631362915, 80.7288513184, 65.2305984497, 36.6079673767, 12.9072160721, 20.192741394, 45.8213043213, 56.2564125061, 26.2868518829], [153.943191528, 6.14255094528, 170.410324097, 100.499664307, 80.7288513184, 315.180847168, 102.074371338, -21.9907913208, 22.8157787323, 46.6429977417, 32.9897193909, -16.5948448181, 57.69688797], [129.528320312, 70.5944747925, 34.317237854, 70.2759933472, 65.2305984497, 102.074371338, 167.531402588, 30.4547958374, 27.1178035736, 37.7429466248, 7.48614311218, -2.86728024483, 40.8290367126], [56.7971725464, -25.435962677, 20.8183269501, 53.8088264465, 36.6079673767, -21.9907913208, 30.4547958374, 137.192214966, 50.6844100952, 17.2748336792, 14.2667636871, 29.8538208008, 6.71978378296], [9.44373321533, -15.2553529739, 61.16847229, 42.834815979, 12.9072160721, 22.8157787323, 27.1178035736, 50.6844100952, 118.110527039, 39.7593460083, 22.5789108276, 1.85790348053, -3.73725581169], [-15.0602684021, 29.3466186523, 38.5288734436, 15.0116586685, 20.192741394, 46.6429977417, 37.7429466248, 17.2748336792, 39.7593460083, 94.2314834595, 23.1104240417, 5.12991571426, 16.0241260529], [48.600479126, -14.0644950867, 81.9082946777, 36.1612930298, 45.8213043213, 32.9897193909, 7.48614311218, 14.2667636871, 22.5789108276, 23.1104240417, 105.165130615, 54.0208053589, 32.7972984314], [-70.9164657593, 32.4045028687, 69.9771728516, 47.9672203064, 56.2564125061, -16.5948448181, -2.86728024483, 29.8538208008, 1.85790348053, 5.12991571426, 54.0208053589, 119.994598389, 44.1025314331], [96.0137557983, -23.9280147552, 41.1209106445, 27.03465271, 26.2868518829, 57.69688797, 40.8290367126, 6.71978378296, -3.73725581169, 16.0241260529, 32.7972984314, 44.1025314331, 116.472709656]]
        icov: [[0.000849760253914, 0.000509140198119, -5.49865981156e-05, -0.000102902158687, 0.000752606603783, -0.000211853985093, -0.000944031460676, -0.000478752772324, 0.000417832023231, 0.000459806324216, -0.000770808779635, 0.000588897499256, -0.00031475306605], [0.000509140198119, 0.00258859852329, 0.00148244784214, -0.000519601337146, -0.0021604753565, -0.000102199192042, -0.000938698009122, 0.00126134674065, -0.000147774859215, -0.000708271341864, 0.000360665522749, -0.000818018219434, 0.000804712122772], [-5.49865981156e-05, 0.00148244784214, 0.00461982563138, -0.00130367826205, -0.00310298101977, -0.00154263048898, 0.00109710579272, 0.00154404575005, -0.00166940828785, -0.000744573189877, -0.000132282366394, -0.00190662010573, 0.000820321962237], [-0.000102902158687, -0.000519601337146, -0.00130367826205, 0.00676490133628, -0.00155622535385, -0.00110674614552, -0.000985006219707, -0.0016245287843, -0.00110424309969, 0.00154958257917, 0.000431869761087, -0.00126707367599, 0.000316173041938], [0.000752606603783, -0.0021604753565, -0.00310298101977, -0.00155622535385, 0.0108438897878, -0.000428390718298, -0.00231983885169, -0.0029408831615, 0.00257761357352, 0.00123833911493, -0.00251813954674, 0.000141034659464, -0.000291785021545], [-0.000211853985093, -0.000102199192042, -0.00154263048898, -0.00110674614552, -0.000428390718298, 0.00620844494551, -0.00210979278199, 0.0019564027898, 0.000205189047847, -0.00138131191488, -0.000818622356746, 0.00295942090452, -0.00209036562592], [-0.000944031460676, -0.000938698009122, 0.00109710579272, -0.000985006219707, -0.00231983885169, -0.00210979278199, 0.0109399352223, -0.00124923011754, -0.00123041914776, -0.00235312362202, 0.00188734976109, 0.000961886020377, -0.00237894174643], [-0.000478752772324, 0.00126134674065, 0.00154404575005, -0.0016245287843, -0.0029408831615, 0.0019564027898, -0.00124923011754, 0.0118410512805, -0.00467608030885, -0.00119336263742, 0.00149351917207, -0.00299341930076, 0.000662120699417], [0.000417832023231, -0.000147774859215, -0.00166940828785, -0.00110424309969, 0.00257761357352, 0.000205189047847, -0.00123041914776, -0.00467608030885, 0.0133996419609, -0.00367887807079, -0.00266766734421, 0.002331195632, 0.00129317108076], [0.000459806324216, -0.000708271341864, -0.000744573189877, 0.00154958257917, 0.00123833911493, -0.00138131191488, -0.00235312362202, -0.00119336263742, -0.00367887807079, 0.0148579021916, -0.00254741357639, 0.00069423392415, -0.00103056652006], [-0.000770808779635, 0.000360665522749, -0.000132282366394, 0.000431869761087, -0.00251813954674, -0.000818622356746, 0.00188734976109, 0.00149351917207, -0.00266766734421, -0.00254741357639, 0.0155964260921, -0.00648926245049, -0.000787685974501], [0.000588897499256, -0.000818018219434, -0.00190662010573, -0.00126707367599, 0.000141034659464, 0.00295942090452, 0.000961886020377, -0.00299341930076, 0.002331195632, 0.00069423392415, -0.00648926245049, 0.0166341997683, -0.0058405585587], [-0.00031475306605, 0.000804712122772, 0.000820321962237, 0.000316173041938, -0.000291785021545, -0.00209036562592, -0.00237894174643, 0.000662120699417, 0.00129317108076, -0.00103056652006, -0.000787685974501, -0.0058405585587, 0.0131611796096]]
    spectral_contrast:
        mean: [-9.3853003591e-08, 1.13187169859e-07, -5.2101961634e-10, 4.58497275702e-08, -2.21607010076e-07, 2.59841158368e-07, 1.13790690648e-06, 2.85067199002e-06, 4.62248607391e-07, 2.61482387032e-06, 3.21337120113e-06, 1.09455800157e-06]
        var: [0.000511583464686, 0.00113671913277, 0.00161878741346, 0.00421335268766, 0.00646433886141, 0.00935177784413, 0.0619342103601, 0.073369435966, 0.134183108807, 0.338734954596, 0.967503905296, 1.50006079674]

rhythm:
    beats_loudness:
        dmean: 0.00405905628577
        dmean2: 0.0085537917912
        dvar: 7.81516610004e-06
        dvar2: 1.76251960511e-05
        max: 0.0116852205247
        mean: 0.00697433296591
        min: 0.00225093145855
        var: 9.22287199501e-06
    beats_loudness_bass:
        dmean: 0.186091080308
        dmean2: 0.393144160509
        dvar: 0.0237662252039
        dvar2: 0.0563066825271
        max: 0.480003446341
        mean: 0.1182795614
        min: 0.000801118498202
        var: 0.0198305230588
    bpm: 92.2997207642
    bpm_confidence: 0
    first_peak_bpm: 92
    first_peak_spread: 0
    first_peak_weight: 1
    onset_rate: 5.4973077774
    second_peak_bpm: 0
    second_peak_spread: 0
    second_peak_weight: 0
    beats_position: [0.44310516119, 1.09317803383, 1.74325096607, 2.3933236599, 3.04339671135, 3.6934697628, 4.34354257584, 4.99361562729, 5.64368867874, 6.30506658554, 6.95511102676, 7.60515499115, 8.25519943237, 8.9052438736, 9.55528926849]
    bpm_estimates: [92.4503326416, 92.3980178833, 92.3296508789, 92.4491348267, 91.3553161621, 92.447303772, 92.4430465698, 92.4192352295, 92.3489837646, 92.343421936, 92.3828277588, 92.1465682983, 92.1024627686, 92.4331970215, 92.3342514038, 92.3515167236, 92.3598327637]
    bpm_intervals: [0.650072872639, 0.650072932243, 0.650072693825, 0.650073051453, 0.650073051453, 0.650072813034, 0.650073051453, 0.650073051453, 0.661377906799, 0.650044441223, 0.650043964386, 0.650044441223, 0.650044441223, 0.650045394897]
    onset_times: [0.0580498874187, 0.27863946557, 0.429569154978, 0.719818592072, 0.766258478165, 0.940408170223, 1.09133791924, 1.25387752056, 1.4164172411, 1.55573701859, 1.71827661991, 2.06657600403, 2.2523355484, 2.40326523781, 2.57741498947, 2.72834467888, 2.87927436829, 3.04181408882, 3.20435380936, 3.35528349876, 3.52943301201, 3.70358276367, 3.88934230804, 4.04027223587, 4.23764181137, 4.35374164581, 4.65560102463, 5.00390005112, 5.1780500412, 5.32897949219, 5.52634906769, 5.65405893326, 5.86303853989, 5.99074840546, 6.15328788757, 6.29260778427, 6.47836732864, 6.65251684189, 6.80344676971, 6.94276666641, 7.27945566177, 7.46521520615, 7.61614513397, 7.81351470947, 7.9644446373, 8.103764534, 8.26630401611, 8.4172334671, 8.57977294922, 8.73070335388, 8.91646289825, 9.24154186249, 9.4040813446, 9.5666217804, 9.85687065125]
    rubato_start: []
    rubato_stop: []
    perceptual_tempo: "unknown"

sfx:
    inharmonicity:
        dmean: 0.0261760409921
        dmean2: 0.047763325274
        dvar: 0.00180900294799
        dvar2: 0.00527808442712
        max: 0.383308768272
        mean: 0.0225358307362
        min: 0
        var: 0.0013707249891
    oddtoevenharmonicenergyratio:
        dmean: 18.1486663818
        dmean2: 35.8853302002
        dvar: 13802.5712891
        dvar2: 41153.734375
        max: 1244.74853516
        mean: 9.74355602264
        min: 0
        var: 7010.94921875
    pitch_after_max_to_before_max_energy_ratio: 0.110530585051
    pitch_centroid: 215.786407471
    pitch_max_to_total: 0.981351971626
    pitch_min_to_total: 0.326340317726
    tristimulus:
        dmean: [0.226116210222, 0.22575160861, 0.0787908062339]
        dmean2: [0.39367249608, 0.395796298981, 0.139269694686]
        dvar: [0.0451153367758, 0.041830804199, 0.00802222266793]
        dvar2: [0.125614508986, 0.112542189658, 0.0222959835082]
        max: [1, 0.973362445831, 0.557898640633]
        mean: [0.491874963045, 0.400819331408, 0.0780020654202]
        min: [0.000955647032242, 0, 0]
        var: [0.067196264863, 0.067719347775, 0.00834130868316]

tonal:
    chords_changes_rate: 0.0648148134351
    chords_number_rate: 0.0324074067175
    chords_strength:
        dmean: 0.011013707146
        dmean2: 0.0105621432886
        dvar: 7.74907457526e-05
        dvar2: 8.96214114618e-05
        max: 0.621564030647
        mean: 0.451216578484
        min: 0.310877650976
        var: 0.00511156255379
    key_strength: 0.762154459953
    tuning_diatonic_strength: 0.645484209061
    tuning_equal_tempered_deviation: 0.0368982106447
    tuning_frequency: 440.254241943
    tuning_nontempered_energy_ratio: 0.657209157944
    hpcp:
        dmean: [0.107225596905, 0.118363544345, 0.0872808918357, 0.0725293233991, 0.0955714136362, 0.0964422896504, 0.104848690331, 0.118027076125, 0.108597882092, 0.0837353616953, 0.066650994122, 0.0714784786105, 0.0837339237332, 0.0910682231188, 0.125271901488, 0.143195539713, 0.138766720891, 0.0971850082278, 0.0644679740071, 0.0781347975135, 0.135082781315, 0.120194651186, 0.121298894286, 0.0561539158225, 0.0584824904799, 0.0592585504055, 0.112570099533, 0.119555346668, 0.117895841599, 0.137907058001, 0.150437921286, 0.153440713882, 0.0710990428925, 0.0515016019344, 0.0717155486345, 0.113929383457]
        dmean2: [0.185814663768, 0.205618113279, 0.158243179321, 0.133756563067, 0.177315369248, 0.161373496056, 0.1710742414, 0.19792047143, 0.18703275919, 0.143081247807, 0.115313440561, 0.126145154238, 0.151079162955, 0.169037878513, 0.228652656078, 0.250079184771, 0.243300423026, 0.174997702241, 0.118736900389, 0.14256554842, 0.237040132284, 0.188995450735, 0.20480223, 0.100133538246, 0.110301636159, 0.104251943529, 0.179281130433, 0.20241074264, 0.206703349948, 0.237539291382, 0.252567738295, 0.261473566294, 0.132155999541, 0.0947114229202, 0.132004350424, 0.190726086497]
        dvar: [0.0437626354396, 0.0436016842723, 0.0297174677253, 0.0250513050705, 0.0350509695709, 0.0261862687767, 0.0331699885428, 0.0407824106514, 0.0410584062338, 0.0276300255209, 0.0205016639084, 0.0270808171481, 0.0369162857533, 0.0358694307506, 0.046964969486, 0.0414264947176, 0.0462311543524, 0.032936502248, 0.0206360351294, 0.0268009118736, 0.0405059233308, 0.0449265874922, 0.0371921174228, 0.0117329163477, 0.0267594717443, 0.020056841895, 0.0320435091853, 0.0384314693511, 0.0280544795096, 0.0310495030135, 0.0470290668309, 0.0418899655342, 0.0252822693437, 0.0133063849062, 0.0242469497025, 0.0422213226557]
        dvar2: [0.0910202339292, 0.113921806216, 0.0779737308621, 0.0678121596575, 0.103620715439, 0.0675755739212, 0.0884348377585, 0.110188655555, 0.0975882336497, 0.0658398643136, 0.0515038371086, 0.0729976892471, 0.105159334838, 0.110784254968, 0.123943522573, 0.1053038463, 0.12082721293, 0.0891070961952, 0.0576980002224, 0.0759647190571, 0.110529251397, 0.0912176221609, 0.0982462242246, 0.0307471454144, 0.0686015337706, 0.0512437522411, 0.0787573754787, 0.087159961462, 0.0738627165556, 0.0820287615061, 0.0940779745579, 0.10442519933, 0.0718345344067, 0.0373674593866, 0.0702104568481, 0.111354798079]
        max: [1, 1, 1, 1, 1, 1, 1, 1, 1, 1, 1, 1, 1, 1, 1, 1, 1, 1, 1, 1, 1, 1, 1, 0.676482737064, 1, 1, 1, 1, 1, 1, 1, 1, 1, 0.83652305603, 1, 1]
        mean: [0.173107564449, 0.129004880786, 0.0712360069156, 0.0595688186586, 0.0675288960338, 0.114641077816, 0.161657705903, 0.12717230618, 0.12411826849, 0.133736878633, 0.0801634415984, 0.0602229088545, 0.0693725496531, 0.0722962394357, 0.139162629843, 0.223539695144, 0.167446449399, 0.0725085958838, 0.0483887754381, 0.0587768703699, 0.201529324055, 0.313096404076, 0.178403869271, 0.0530098862946, 0.0479846857488, 0.0508393533528, 0.156660526991, 0.238877266645, 0.154138073325, 0.201416194439, 0.302060127258, 0.179458811879, 0.056401681155, 0.045790489763, 0.0587384924293, 0.124142058194]
        min: [0.000351296330336, 0.000661416444927, 0.000672002905048, 0.000257355102804, 0.000325838540448, 0.000690879998729, 0.000495322223287, 0.00101465953048, 0.000600148574449, 0.000781203794759, 0.0010138185462, 0.000386675586924, 0.00043342509889, 0.000404275750043, 0.00125365355052, 0.00170758669265, 0.00112062948756, 0.000469449150842, 0.000149175553815, 0.000281408167211, 0.000335896736942, 0.0010588709265, 0.000889474060386, 0.000398833188228, 0.000595245568547, 0.000237184125581, 0.000537608982995, 0.000633959134575, 0.000528936681803, 0.00292993476614, 0.00220688479021, 0.00115796481259, 0.000772131490521, 0.000329658185365, 0.000352378265234, 0.000377942313207]
        var: [0.0877604112029, 0.0508843325078, 0.0227996986359, 0.0194320920855, 0.023391591385, 0.0392592586577, 0.0719222053885, 0.047345072031, 0.0532166287303, 0.0613651312888, 0.0225791335106, 0.0186660625041, 0.0219068024307, 0.0223093554378, 0.0456817485392, 0.072645932436, 0.0488879196346, 0.0224115569144, 0.0131110167131, 0.0184924378991, 0.0695552304387, 0.155312627554, 0.0568660087883, 0.0112423561513, 0.0197828412056, 0.0161227732897, 0.0577615201473, 0.114294067025, 0.0456236600876, 0.0575153678656, 0.122457116842, 0.0538100451231, 0.0159829575568, 0.00920141208917, 0.016682267189, 0.0527395233512]
    chords_histogram: [20.8333339691, 1.38888883591, 26.3888893127, 0, 6.01851844788, 0, 0, 0, 0, 0, 0, 0, 0, 0, 0, 0, 0, 0, 0, 0, 0, 1.85185182095, 19.9074077606, 23.6111106873]
    thpcp: [1, 0.569804906845, 0.169308513403, 0.153258502483, 0.16237603128, 0.500358760357, 0.76295119524, 0.492302268744, 0.643304109573, 0.964751183987, 0.57317429781, 0.180141583085, 0.146250456572, 0.187605127692, 0.396497875452, 0.552889049053, 0.412029266357, 0.227521002293, 0.190257117152, 0.215680837631, 0.366152644157, 0.516319274902, 0.40617620945, 0.39642187953, 0.427142798901, 0.256034374237, 0.192346215248, 0.221569299698, 0.230907276273, 0.444472134113, 0.713964402676, 0.534807980061, 0.231585532427, 0.154549121857, 0.187727704644, 0.64366543293]
    chords_key: "D"
    chords_scale: "major"
    key_key: "G"
    key_scale: "major"
    chords_progression: ["Am", "Am", "Am", "A", "A", "A", "A", "A", "A", "A", "A", "A", "A", "A", "A", "A", "Am", "C", "C", "C", "C", "C", "C", "C", "C", "C", "C", "C", "C", "C", "C", "C", "C", "C", "C", "C", "C", "C", "C", "C", "C", "C", "C", "C", "C", "C", "C", "C", "C", "C", "C", "C", "C", "C", "C", "C", "C", "Em", "Em", "Em", "Em", "Em", "Em", "Em", "Em", "Em", "Em", "Em", "Em", "Em", "Em", "Em", "G", "G", "G", "G", "G", "G", "G", "G", "G", "G", "G", "G", "G", "G", "Bm", "Bm", "Bm", "G", "G", "G", "G", "G", "G", "D", "D", "D", "D", "D", "D", "D", "D", "D", "D", "D", "D", "D", "D", "D", "D", "D", "D", "D", "G", "G", "G", "G", "G", "G", "G", "G", "G", "G", "G", "G", "G", "G", "G", "G", "G", "G", "G", "G", "G", "G", "G", "G", "D", "D", "D", "D", "D", "D", "D", "D", "D", "D", "D", "D", "D", "G", "C", "C", "C", "Em", "Em", "Em", "Em", "Em", "Em", "Em", "Em", "Em", "Em", "Em", "Em", "Em", "Em", "Em", "Em", "Em", "Em", "Em", "Em", "Em", "Em", "Em", "Em", "Em", "Em", "Em", "Em", "Em", "Em", "Em", "Em", "Em", "Em", "Em", "Em", "D", "D", "D", "D", "D", "D", "D", "D", "D", "D", "D", "D", "D", "D", "D", "D", "D", "D", "D", "D", "D", "D", "D", "D", "D"]
