
metadata:
    version:
        essentia: "1.2.2"
    audio_properties:
        analysis_sample_rate: 44100
        bitrate: 128
        channels: 2
        equal_loudness: 1
        length: 10.0310201645
        replay_gain: -1.86093711853
        downmix: "mix"
    tags:
        track: 13
        year: 0
        album: "Splitted by Mp3Splt v. 2.1"
        artist: "From 002.00 To 002.10"
        comment: "http://mp3splt.sf.net"
        genre: ""
        title: "09 Temptation.mp3"

highlevel:
    ballroom:
        all:
            ChaChaCha: 0.00214448873885
            Jive: 0.00129746831954
            Quickstep: 0.000378122000257
            Rumba-American: 0.00275907688774
            Rumba-International: 0.623357236385
            Rumba-Misc: 0.350626945496
            Samba: 0.00129652989563
            Tango: 0.000406590028433
            VienneseWaltz: 0.0106935743243
            Waltz: 0.00704000424594
        probability: 0.623357236385
        value: "Rumba-International"
    culture:
        all:
            non_western: 0.776834845543
            western: 0.223165139556
        probability: 0.776834845543
        value: "non_western"
    gender:
        all:
            female: 0.793851077557
            male: 0.206148892641
        probability: 0.793851077557
        value: "female"
    genre_dortmund:
        all:
            alternative: 0.115542642772
            blues: 0.0212314389646
            electronic: 0.31547242403
            folkcountry: 0.220663771033
            funksoulrnb: 0.0187568068504
            jazz: 0.117066510022
            pop: 0.0965390875936
            raphiphop: 0.0278626885265
            rock: 0.0668646395206
        probability: 0.31547242403
        value: "electronic"
    genre_electronica:
        all:
            ambient: 0.619460344315
            dnb: 0.0382308326662
            house: 0.185350880027
            techno: 0.0481194704771
            trance: 0.108838476241
        probability: 0.619460344315
        value: "ambient"
    genre_rosamerica:
        all:
            cla: 0.10682143271
            dan: 0.101309470832
            hip: 0.0543005801737
            jaz: 0.0555630177259
            pop: 0.0555331408978
            rhy: 0.389230728149
            roc: 0.222071841359
            spe: 0.0151697872207
        probability: 0.389230728149
        value: "rhy"
    genre_tzanetakis:
        all:
            blu: 0.0941984057426
            cla: 0.0299452655017
            cou: 0.243089169264
            dis: 0.0834572985768
            hip: 0.0456173382699
            jaz: 0.0303790941834
            met: 0.0329345799983
            pop: 0.0686695128679
            reg: 0.0488359369338
            roc: 0.322873413563
        probability: 0.322873413563
        value: "roc"
    live_studio:
        all:
            live: 0.148001641035
            studio: 0.851998329163
        probability: 0.851998329163
        value: "studio"
    mood:
        all:
            Cluster1: 0.0715028271079
            Cluster2: 0.089197665453
            Cluster3: 0.608947634697
            Cluster4: 0.0306425876915
            Cluster5: 0.199709311128
        probability: 0.608947634697
        value: "Cluster3"
    mood_acoustic:
        all:
            acoustic: 0.139000535011
            not_acoustic: 0.860999464989
        probability: 0.860999464989
        value: "not_acoustic"
    mood_aggressive:
        all:
            aggressive: 0.0144108403474
            not_aggressive: 0.985589146614
        probability: 0.985589146614
        value: "not_aggressive"
    mood_electronic:
        all:
            electronic: 0.81298160553
            not_electronic: 0.187018379569
        probability: 0.81298160553
        value: "electronic"
    mood_happy:
        all:
            happy: 0.0550257600844
            not_happy: 0.944974243641
        probability: 0.944974243641
        value: "not_happy"
    mood_party:
        all:
            not_party: 0.982027411461
            party: 0.0179725643247
        probability: 0.982027411461
        value: "not_party"
    mood_relaxed:
        all:
            not_relaxed: 0.0250163432211
            relaxed: 0.974983632565
        probability: 0.974983632565
        value: "relaxed"
    mood_sad:
        all:
            not_sad: 0.0547853410244
            sad: 0.945214688778
        probability: 0.945214688778
        value: "sad"
    rhythm:
        all:
            fast: 0.112665534019
            medium: 0.258909970522
            slow: 0.628424465656
        probability: 0.628424465656
        value: "slow"
    speech_music:
        all:
            music: 0.999959945679
            speech: 4.00544777222e-05
        probability: 0.999959945679
        value: "music"
    timbre:
        all:
            bright: 0.789016127586
            dark: 0.210983887315
        probability: 0.789016127586
        value: "bright"
    voice_instrumental:
        all:
            instrumental: 0.995695769787
            voice: 0.00430422928184
        probability: 0.995695769787
        value: "instrumental"

lowlevel:
    average_loudness: 0.976437091827
    barkbands_kurtosis:
        dmean: 4.47156858444
        dmean2: 6.64210271835
        dvar: 21.2395877838
        dvar2: 39.6563262939
        max: 51.0989837646
        mean: 7.96591377258
        min: -1.38937079906
        var: 62.463558197
    barkbands_skewness:
        dmean: 0.615559220314
        dmean2: 0.92872852087
        dvar: 0.254638046026
        dvar2: 0.535715341568
        max: 5.99663114548
        mean: 1.7625566721
        min: -0.498774826527
        var: 0.973485052586
    barkbands_spread:
        dmean: 4.10687494278
        dmean2: 6.03304338455
        dvar: 26.1130027771
        dvar2: 58.9259262085
        max: 37.5473670959
        mean: 8.25587368011
        min: 1.1283479929
        var: 41.2049217224
    dissonance:
        dmean: 0.0494952276349
        dmean2: 0.0765747949481
        dvar: 0.00173911871389
        dvar2: 0.00366052077152
        max: 0.493837982416
        mean: 0.352459132671
        min: 0.197056308389
        var: 0.00398547295481
    hfc:
        dmean: 1.05217337608
        dmean2: 1.69023633003
        dvar: 3.00515580177
        dvar2: 7.28007698059
        max: 11.4633617401
        mean: 2.07261538506
        min: 0.033326562494
        var: 3.28072714806
    pitch:
        dmean: 43.4525909424
        dmean2: 83.8023223877
        dvar: 11953.8076172
        dvar2: 33576.5273438
        max: 787.5
        mean: 195.910247803
        min: 71.5909118652
        var: 7359.07568359
    pitch_instantaneous_confidence:
        dmean: 0.111567780375
        dmean2: 0.165659189224
        dvar: 0.0170854125172
        dvar2: 0.0336367785931
        max: 0.910309493542
        mean: 0.654131233692
        min: 0.17450928688
        var: 0.03496863693
    pitch_salience:
        dmean: 0.0676745846868
        dmean2: 0.109799206257
        dvar: 0.00419036392123
        dvar2: 0.0114799253643
        max: 0.865181207657
        mean: 0.555512189865
        min: 0.348475813866
        var: 0.00709208287299
    silence_rate_20dB:
        dmean: 0
        dmean2: 0
        dvar: 0
        dvar2: 0
        max: 1
        mean: 1
        min: 1
        var: 0
    silence_rate_30dB:
        dmean: 0
        dmean2: 0
        dvar: 0
        dvar2: 0
        max: 1
        mean: 1
        min: 1
        var: 0
    silence_rate_60dB:
        dmean: 0.143518522382
        dmean2: 0.285382837057
        dvar: 0.122921593487
        dvar2: 0.245703369379
        max: 1
        mean: 0.337182462215
        min: 0
        var: 0.223490729928
    spectral_centroid:
        dmean: 122.180488586
        dmean2: 194.66569519
        dvar: 28728.4550781
        dvar2: 67079.3359375
        max: 1451.23132324
        mean: 437.109008789
        min: 207.598419189
        var: 37313.4726562
    spectral_complexity:
        dmean: 1.78422272205
        dmean2: 2.90930223465
        dvar: 5.68661117554
        dvar2: 11.9057378769
        max: 18
        mean: 5.9351849556
        min: 0
        var: 8.20874214172
    spectral_crest:
        dmean: 2.67595934868
        dmean2: 4.15549230576
        dvar: 4.95591211319
        dvar2: 11.0033740997
        max: 22.1682338715
        mean: 11.7723608017
        min: 3.63874602318
        var: 12.8091907501
    spectral_decrease:
        dmean: 4.16142398318e-10
        dmean2: 6.55875298516e-10
        dvar: 4.3964401403e-19
        dvar2: 1.11170933997e-18
        max: -1.09583028415e-11
        mean: -1.15272436041e-09
        min: -6.08085404252e-09
        var: 5.7402503631e-19
    spectral_energy:
        dmean: 0.00165068381466
        dmean2: 0.00260343402624
        dvar: 6.83961343384e-06
        dvar2: 1.71540395968e-05
        max: 0.0238474979997
        mean: 0.00453864037991
        min: 4.43817989435e-05
        var: 8.95342236618e-06
    spectral_energyband_high:
        dmean: 2.4849701731e-05
        dmean2: 4.15976101067e-05
        dvar: 1.47693501873e-09
        dvar2: 3.73686726007e-09
        max: 0.000233977436437
        mean: 2.62830162683e-05
        min: 4.84088104713e-07
        var: 1.53333978847e-09
    spectral_energyband_low:
        dmean: 0.000438955816207
        dmean2: 0.000771842373069
        dvar: 8.4247005816e-07
        dvar2: 2.25743815463e-06
        max: 0.00845083221793
        mean: 0.000580191612244
        min: 2.96773168884e-06
        var: 9.28048507376e-07
    spectral_energyband_middle_high:
        dmean: 0.000367603555787
        dmean2: 0.000582515785936
        dvar: 3.36307380167e-07
        dvar2: 8.20282252789e-07
        max: 0.00358874094673
        mean: 0.000469065242214
        min: 8.04357023299e-06
        var: 3.79116357863e-07
    spectral_energyband_middle_low:
        dmean: 0.00120130926371
        dmean2: 0.00187032623217
        dvar: 3.53401105713e-06
        dvar2: 9.92596869764e-06
        max: 0.0163731053472
        mean: 0.00346301379614
        min: 2.33403679886e-05
        var: 4.40190979134e-06
    spectral_flatness_db:
        dmean: 0.0388912335038
        dmean2: 0.0505679622293
        dvar: 0.00102977885399
        dvar2: 0.00186025269795
        max: 0.38061067462
        mean: 0.246451273561
        min: 0.103961125016
        var: 0.00301491864957
    spectral_flux:
        dmean: 0.0119103165343
        dmean2: 0.0177790801972
        dvar: 0.000248860218562
        dvar2: 0.000424603931606
        max: 0.122679501772
        mean: 0.0289458297193
        min: 0.00540934922174
        var: 0.000450119579909
    spectral_kurtosis:
        dmean: 6.0596871376
        dmean2: 9.24391841888
        dvar: 35.7606658936
        dvar2: 73.8949813843
        max: 47.4261207581
        mean: 11.0770797729
        min: -0.633755207062
        var: 64.6053466797
    spectral_rms:
        dmean: 0.000347907509422
        dmean2: 0.000534941034857
        dvar: 1.85906486649e-07
        dvar2: 4.38133469061e-07
        max: 0.00482346862555
        mean: 0.00201612012461
        min: 0.000208084878977
        var: 3.63194629927e-07
    spectral_rolloff:
        dmean: 271.488189697
        dmean2: 470.976104736
        dvar: 201105.59375
        dvar2: 464222.65625
        max: 3079.24804688
        mean: 689.411743164
        min: 279.931640625
        var: 210837.640625
    spectral_skewness:
        dmean: 0.707826852798
        dmean2: 1.04428327084
        dvar: 0.374206751585
        dvar2: 0.777528584003
        max: 5.7934551239
        mean: 2.76834893227
        min: 0.809504032135
        var: 0.82869297266
    spectral_spread:
        dmean: 1195523.875
        dmean2: 1688629.375
        dvar: 1.16909709722e+12
        dvar2: 1.90030990541e+12
        max: 10989565
        mean: 4210897
        min: 1635907.25
        var: 2.62954051174e+12
    spectral_strongpeak:
        dmean: 0.155323177576
        dmean2: 0.239889264107
        dvar: 0.0288131125271
        dvar2: 0.0562073290348
        max: 1.50432777405
        mean: 0.416193962097
        min: 0.0107632689178
        var: 0.0662259534001
    zerocrossingrate:
        dmean: 0.00604630401358
        dmean2: 0.00679051596671
        dvar: 2.91312790068e-05
        dvar2: 3.62929786206e-05
        max: 0.0703125
        mean: 0.0269029401243
        min: 0.00927734375
        var: 0.000102436039015
    barkbands:
        dmean: [2.94800406664e-06, 0.000189285507076, 0.000314728269586, 0.000292375567369, 0.00043227741844, 0.000375768082449, 0.000315838755341, 7.13309564162e-05, 0.000194613603526, 0.000149041137774, 1.73014268512e-05, 1.45680005517e-05, 5.86216738157e-05, 2.05696269404e-05, 5.11484613526e-05, 5.13280865562e-05, 3.31840528816e-05, 3.52044007741e-05, 3.1685383874e-05, 1.80856932275e-05, 1.15019893201e-05, 3.69724421034e-06, 1.30746434479e-06, 6.89581895585e-07, 4.67118439929e-07, 1.6217507337e-08, 7.28918037041e-10]
        dmean2: [2.97795395454e-06, 0.000331509800162, 0.000554609694518, 0.000515073537827, 0.000719118281268, 0.000598382961471, 0.000400047050789, 0.000124301048345, 0.000307463400532, 0.000231192418141, 3.12516567647e-05, 2.57106494246e-05, 8.89741131687e-05, 3.66217536794e-05, 8.22349829832e-05, 9.10461531021e-05, 6.03604312346e-05, 6.2952603912e-05, 5.48480820726e-05, 3.13440214086e-05, 1.93291343749e-05, 5.97337566433e-06, 2.03206604965e-06, 1.02913281808e-06, 6.94220204878e-07, 2.41995241623e-08, 9.09749442446e-10]
        dvar: [2.74439238696e-11, 1.46743033724e-07, 4.73610072049e-07, 3.87848359651e-07, 8.90911792339e-07, 3.16488780072e-07, 1.88408890267e-07, 3.81644902347e-08, 1.773656777e-07, 4.67798741965e-08, 4.03393540793e-09, 8.25740031907e-10, 1.21777405937e-08, 2.5006958726e-09, 1.18435208307e-08, 1.63580331503e-08, 6.25839469137e-09, 6.485649795e-09, 5.4482240941e-09, 1.24508303667e-09, 3.63743479781e-10, 3.04200102608e-11, 6.20363265966e-12, 9.58019145784e-13, 6.68467614161e-13, 9.79487194986e-16, 1.16522405026e-16]
        dvar2: [2.72774077631e-11, 4.22249428311e-07, 1.31484580379e-06, 1.13080238862e-06, 2.48091578214e-06, 8.70757389748e-07, 3.24271525187e-07, 1.03172219212e-07, 4.72687901265e-07, 1.06823954127e-07, 1.17251799381e-08, 2.26619767396e-09, 2.79611498399e-08, 6.84908796345e-09, 2.73193805356e-08, 4.38176535056e-08, 1.71131535609e-08, 1.77400067969e-08, 1.48517225185e-08, 3.45067374674e-09, 9.44205380549e-10, 7.34576982575e-11, 1.43530135693e-11, 1.79143809162e-12, 1.40903814224e-12, 2.11308928187e-15, 1.16545129332e-16]
        max: [7.69534308347e-05, 0.0029820764903, 0.00600333604962, 0.00476814061403, 0.00747316284105, 0.00478873634711, 0.00692569417879, 0.00170277489815, 0.00497367046773, 0.00189065013546, 0.000649962807074, 0.00019981659716, 0.000791632744949, 0.000384138373192, 0.000674030336086, 0.000851410615724, 0.000558876607101, 0.000622001185548, 0.000595487246756, 0.000213150371565, 0.000126462095068, 3.28054193233e-05, 1.96114342543e-05, 8.20850891614e-06, 4.73237378174e-06, 2.30056031114e-07, 2.24819231676e-07]
        mean: [1.13277064884e-05, 0.000275425583823, 0.000293526187306, 0.000556126644369, 0.00095700105885, 0.000732258602511, 0.000791018945165, 5.75251578994e-05, 0.00029331879341, 0.000285924208583, 1.41724185596e-05, 1.45054054883e-05, 5.83167857258e-05, 1.43610704981e-05, 4.16287002736e-05, 3.60830381396e-05, 2.29172655963e-05, 2.51128003583e-05, 2.36606720136e-05, 1.60241943377e-05, 1.1601647202e-05, 4.01751049139e-06, 1.49086622514e-06, 8.43290479224e-07, 4.38347314002e-07, 1.52578394363e-08, 6.82355005832e-10]
        min: [3.6156797556e-09, 5.80050823373e-07, 6.83278472025e-07, 4.96542327255e-07, 1.20124900604e-06, 9.45791782669e-07, 3.28700230057e-06, 2.22715911491e-07, 2.996307785e-06, 2.83803569801e-06, 2.35388114334e-07, 1.72113075791e-07, 4.71495340548e-08, 5.04084951558e-08, 3.90796728311e-08, 2.05826239608e-07, 9.151564484e-08, 1.19149660804e-07, 1.1659061272e-07, 2.19919542133e-07, 1.65054501622e-07, 5.88714144101e-08, 1.5632718231e-08, 1.48725760596e-08, 1.36180733357e-10, 3.01953774484e-11, 6.98825220781e-13]
        var: [2.21907409115e-10, 1.83208996418e-07, 4.26197175329e-07, 6.07538936492e-07, 1.28762724216e-06, 6.96843642345e-07, 9.57852080319e-07, 2.76249991771e-08, 1.88624682096e-07, 1.15887424101e-07, 2.27211005566e-09, 6.27466023584e-10, 1.32554545118e-08, 1.62446500696e-09, 1.09841780116e-08, 1.11364197863e-08, 4.05938216375e-09, 4.31394342471e-09, 3.80423381685e-09, 9.20320319953e-10, 3.40734440663e-10, 3.71097527707e-11, 7.11936672809e-12, 1.4358597861e-12, 7.65271093023e-13, 9.98506366904e-16, 1.16632956061e-16]
    mfcc:
        mean: [-798.672912598, 170.712509155, 13.3897752762, 36.8937034607, -21.7196159363, -6.36272954941, -10.987663269, -3.60321164131, 0.734822750092, -1.00736963749, -10.9714622498, -3.940980196, -8.79062843323]
        cov: [[3381.02050781, -884.366516113, -1062.51013184, 128.455886841, 238.521682739, -51.7872924805, 240.376831055, -188.711929321, 46.1445350647, -22.2922058105, 369.857910156, -85.7428741455, -1.190533638], [-884.366516113, 832.908569336, 53.6678886414, -132.207748413, -34.8280105591, -21.3146095276, -77.2566680908, 96.962677002, 40.9506492615, -10.9302463531, -132.170227051, 48.0328330994, -7.8859372139], [-1062.51013184, 53.6678886414, 875.633483887, -26.9605617523, -139.44682312, 110.920181274, -44.4683189392, 114.557983398, 18.3365707397, 80.1361923218, -98.5518264771, 63.7021903992, 25.3949127197], [128.455886841, -132.207748413, -26.9605617523, 152.440963745, 48.370880127, 9.50473308563, 21.614812851, -24.9344882965, 4.24393987656, 13.7176446915, 16.2243118286, -25.0154438019, 6.28943586349], [238.521682739, -34.8280105591, -139.44682312, 48.370880127, 142.671844482, 6.7223367691, 21.9320755005, -53.5730514526, 15.3167152405, 15.6002502441, 42.5594444275, -33.9529342651, 0.939756393433], [-51.7872924805, -21.3146095276, 110.920181274, 9.50473308563, 6.7223367691, 143.515991211, 4.0042142868, 43.1154747009, -10.6378183365, 57.3769073486, 7.52366733551, 23.0868988037, -1.77855908871], [240.376831055, -77.2566680908, -44.4683189392, 21.614812851, 21.9320755005, 4.0042142868, 145.484390259, 5.7003288269, 23.4365024567, -24.1230487823, 49.984752655, -10.7362499237, 18.0338916779], [-188.711929321, 96.962677002, 114.557983398, -24.9344882965, -53.5730514526, 43.1154747009, 5.7003288269, 167.84185791, 9.20135688782, 16.3919372559, -44.305316925, 41.3705444336, 14.9490861893], [46.1445350647, 40.9506492615, 18.3365707397, 4.24393987656, 15.3167152405, -10.6378183365, 23.4365024567, 9.20135688782, 103.110801697, 20.410074234, 15.8721380234, -4.28568983078, 6.75058412552], [-22.2922058105, -10.9302463531, 80.1361923218, 13.7176446915, 15.6002502441, 57.3769073486, -24.1230487823, 16.3919372559, 20.410074234, 109.471160889, 27.9576263428, 16.6128253937, -2.2972214222], [369.857910156, -132.170227051, -98.5518264771, 16.2243118286, 42.5594444275, 7.52366733551, 49.984752655, -44.305316925, 15.8721380234, 27.9576263428, 126.195198059, -1.14646351337, -2.04257559776], [-85.7428741455, 48.0328330994, 63.7021903992, -25.0154438019, -33.9529342651, 23.0868988037, -10.7362499237, 41.3705444336, -4.28568983078, 16.6128253937, -1.14646351337, 62.969203949, 3.32358527184], [-1.190533638, -7.8859372139, 25.3949127197, 6.28943586349, 0.939756393433, -1.77855908871, 18.0338916779, 14.9490861893, 6.75058412552, -2.2972214222, -2.04257559776, 3.32358527184, 55.1337203979]]
        icov: [[0.00101352692582, 0.000951649621129, 0.00114718626719, 0.000344755710103, -0.000199133603019, -0.000249618460657, -0.000441091076937, -0.000185907862033, -0.000794262334239, -7.97828397481e-05, -0.000818754429929, -0.000379216275178, -0.000133246299811], [0.000951649621129, 0.00284383911639, 0.00126603257377, 0.00177490874194, -0.00109214405529, 8.26139657875e-05, -0.000141524535138, -0.000635086325929, -0.00185246719047, -0.000246125418926, 0.00142233772203, -0.00172385352198, 0.000254640297499], [0.00114718626719, 0.00126603257377, 0.00318113784306, 0.000398076255806, 0.00141290051397, -0.00138706131838, -0.000689049484208, 4.3723397539e-05, -0.00162034272216, -0.00141532719135, 0.000784438860137, -0.00101298210211, -0.000930555048399], [0.000344755710103, 0.00177490874194, 0.000398076255806, 0.00906297750771, -0.00265985261649, -0.000102487349068, -0.00105441291817, 6.65352999931e-05, -0.000569979543798, -0.00151014432777, 0.00174531678203, 0.00111528346315, -0.000582733133342], [-0.000199133603019, -0.00109214405529, 0.00141290051397, -0.00265985261649, 0.0122938072309, -0.00239181378856, -0.000457833171822, 0.00251920055598, -0.000905335939024, -0.00197480758652, -0.00148770550732, 0.00436617294326, -0.00161764328368], [-0.000249618460657, 8.26139657875e-05, -0.00138706131838, -0.000102487349068, -0.00239181378856, 0.0113616222516, -0.00168030406348, -0.00228768051602, 0.00318118929863, -0.00505786156282, 0.000472173298476, -0.00181261554826, 0.00176070665475], [-0.000441091076937, -0.000141524535138, -0.000689049484208, -0.00105441291817, -0.000457833171822, -0.00168030406348, 0.0112256677821, -0.00228853151202, -0.00210032099858, 0.00568134011701, -0.00527052534744, 0.00196694466285, -0.00250978022814], [-0.000185907862033, -0.000635086325929, 4.3723397539e-05, 6.65352999931e-05, 0.00251920055598, -0.00228768051602, -0.00228853151202, 0.00998128671199, -0.00101770809852, -0.00156034750398, 0.00401165755466, -0.00402967864648, -0.00174597033765], [-0.000794262334239, -0.00185246719047, -0.00162034272216, -0.000569979543798, -0.000905335939024, 0.00318118929863, -0.00210032099858, -0.00101770809852, 0.0130914757028, -0.00344178150408, -0.00108328135684, 0.00219593662769, -0.000308594026137], [-7.97828397481e-05, -0.000246125418926, -0.00141532719135, -0.00151014432777, -0.00197480758652, -0.00505786156282, 0.00568134011701, -0.00156034750398, -0.00344178150408, 0.0171293094754, -0.0061351377517, -0.00118133716751, 0.000201546819881], [-0.000818754429929, 0.00142233772203, 0.000784438860137, 0.00174531678203, -0.00148770550732, 0.000472173298476, -0.00527052534744, 0.00401165755466, -0.00108328135684, -0.0061351377517, 0.0176397394389, -0.00500343367457, 0.00113429839257], [-0.000379216275178, -0.00172385352198, -0.00101298210211, 0.00111528346315, 0.00436617294326, -0.00181261554826, 0.00196694466285, -0.00402967864648, 0.00219593662769, -0.00118133716751, -0.00500343367457, 0.0246025770903, -0.00158560893033], [-0.000133246299811, 0.000254640297499, -0.000930555048399, -0.000582733133342, -0.00161764328368, 0.00176070665475, -0.00250978022814, -0.00174597033765, -0.000308594026137, 0.000201546819881, 0.00113429839257, -0.00158560893033, 0.0202288608998]]
    spectral_contrast:
        mean: [8.95190694905e-08, -9.44085130072e-08, 2.85260650656e-08, -2.75438651443e-07, 1.60528514925e-07, -2.92159342052e-07, 8.53505412124e-07, -1.48456263105e-06, -2.3222355594e-06, 1.64937227964e-06, -5.8060718402e-06, -1.42830390359e-06]
        var: [0.000468698766781, 0.000977655290626, 0.00157308776397, 0.0019545299001, 0.00231165857986, 0.0048429435119, 0.0766493827105, 0.123011484742, 0.191896796227, 0.418013989925, 0.445761919022, 2.4235906601]

rhythm:
    beats_loudness:
        dmean: 0.00415597856045
        dmean2: 0.00689134281129
        dvar: 7.87791213952e-06
        dvar2: 2.08396941161e-05
        max: 0.0144801419228
        mean: 0.00685286009684
        min: 0.00231985445134
        var: 1.207594687e-05
    beats_loudness_bass:
        dmean: 0.248671963811
        dmean2: 0.477973252535
        dvar: 0.0272474642843
        dvar2: 0.0746748223901
        max: 0.680381774902
        mean: 0.304279118776
        min: 0.00857024639845
        var: 0.04015096277
    bpm: 91.6162643433
    bpm_confidence: 0
    first_peak_bpm: 182
    first_peak_spread: 0
    first_peak_weight: 0.526315808296
    onset_rate: 5.4829916954
    second_peak_bpm: 92
    second_peak_spread: 0
    second_peak_weight: 0.421052634716
    beats_position: [0.494700461626, 1.14960813522, 1.80451583862, 2.45942354202, 3.114331007, 3.76923894882, 4.42414665222, 5.07905483246, 5.73396253586, 6.42704772949, 6.7562918663, 7.08553552628, 7.41477966309, 7.74402332306, 8.07326698303, 8.40251159668, 8.73175430298, 9.06099891663, 9.3902425766, 9.71948719025]
    bpm_estimates: [91.6628570557, 91.6603469849, 91.509803772, 91.6656799316, 91.5029678345, 91.8144378662, 91.5375976562, 91.9611129761, 91.3156509399, 91.4943771362, 91.654045105]
    bpm_intervals: [0.6549077034, 0.6549077034, 0.6549077034, 0.654907464981, 0.654907941818, 0.6549077034, 0.654908180237, 0.6549077034, 0.693085193634, 0.32924413681, 0.329243659973, 0.32924413681, 0.329243659973, 0.329243659973, 0.329244613647, 0.329242706299, 0.329244613647, 0.329243659973, 0.329244613647]
    onset_times: [0.0464399084449, 0.150929704309, 0.325079351664, 0.487619042397, 0.684988677502, 0.812698423862, 0.99845802784, 1.14938771725, 1.47446715832, 1.64861679077, 1.81115651131, 1.97369611263, 2.12462592125, 2.31038546562, 2.4497051239, 2.67029476166, 2.79800462723, 2.9837641716, 3.13469386101, 3.33206343651, 3.45977330208, 3.63392281532, 3.78485250473, 4.12154197693, 4.29569149017, 4.43501138687, 4.76009082794, 4.94585037231, 5.08517026901, 5.29414987564, 5.44507932663, 5.7701587677, 5.94430828094, 6.09523820877, 6.26938772202, 6.42031764984, 6.60607719421, 6.74539661407, 6.91954660416, 7.08208608627, 7.25623559952, 7.39555549622, 7.73224496841, 7.94122457504, 8.09215450287, 8.25469398499, 8.40562343597, 8.73070335388, 9.05578231812, 9.287981987, 9.39247131348, 9.54340171814, 9.72916126251, 9.89170074463, 10.0310201645]
    rubato_start: [6.7562918663]
    rubato_stop: [7.08553552628]
    perceptual_tempo: "unknown"

sfx:
    inharmonicity:
        dmean: 0.022729543969
        dmean2: 0.0414114519954
        dvar: 0.00119331828319
        dvar2: 0.00343095813878
        max: 0.260728389025
        mean: 0.0195978414267
        min: 5.18673368788e-06
        var: 0.00097925728187
    oddtoevenharmonicenergyratio:
        dmean: 3.68371295929
        dmean2: 7.12945747375
        dvar: 384.366546631
        dvar2: 1145.65637207
        max: 240.576171875
        mean: 2.43113350868
        min: 2.00460017368e-05
        var: 196.413162231
    pitch_after_max_to_before_max_energy_ratio: 2.3221142292
    pitch_centroid: 217.019683838
    pitch_max_to_total: 0.263888895512
    pitch_min_to_total: 0.113425925374
    tristimulus:
        dmean: [0.184748351574, 0.20082911849, 0.0247889012098]
        dmean2: [0.319074124098, 0.34564435482, 0.0428625941277]
        dvar: [0.0394948534667, 0.0484540984035, 0.00133403087966]
        dvar2: [0.103618636727, 0.123765811324, 0.00366266421042]
        max: [0.993131279945, 0.980338871479, 0.238315656781]
        mean: [0.44677734375, 0.517608046532, 0.0227309372276]
        min: [0.0147636337206, 0, 0]
        var: [0.0558192245662, 0.0648412033916, 0.00116588675883]

tonal:
    chords_changes_rate: 0.0783410146832
    chords_number_rate: 0.0184331797063
    chords_strength:
        dmean: 0.00531828450039
        dmean2: 0.00485958950594
        dvar: 2.21019799937e-05
        dvar2: 2.06312506634e-05
        max: 0.619755148888
        mean: 0.505201816559
        min: 0.409083276987
        var: 0.00394100742415
    key_strength: 0.802789747715
    tuning_diatonic_strength: 0.646195530891
    tuning_equal_tempered_deviation: 0.0163406021893
    tuning_frequency: 435.197479248
    tuning_nontempered_energy_ratio: 0.670796751976
    hpcp:
        dmean: [0.0765843018889, 0.132864892483, 0.0622114613652, 0.0326346345246, 0.0342604294419, 0.0735517218709, 0.0895174667239, 0.0621855296195, 0.0563849210739, 0.0527574457228, 0.046529404819, 0.0483821853995, 0.0537058822811, 0.0529524572194, 0.0423093251884, 0.0347202010453, 0.0323131345212, 0.031300727278, 0.0316016674042, 0.073554687202, 0.157412156463, 0.0990525186062, 0.175971671939, 0.0845174342394, 0.0347645319998, 0.0279396641999, 0.0292175207287, 0.0339815095067, 0.0269885994494, 0.0439249575138, 0.0680465474725, 0.0481531769037, 0.0467432662845, 0.0581124536693, 0.0932682082057, 0.142691597342]
        dmean2: [0.14144192636, 0.207223385572, 0.111788310111, 0.0618545748293, 0.0643409714103, 0.130225002766, 0.155691072345, 0.109078489244, 0.106656223536, 0.0950056239963, 0.082058057189, 0.0883451625705, 0.099267102778, 0.0965837016702, 0.073128156364, 0.0582767575979, 0.0552964508533, 0.0550545789301, 0.0550520084798, 0.125936165452, 0.25743034482, 0.17228063941, 0.285563826561, 0.157733529806, 0.0655670017004, 0.0531716942787, 0.0548639819026, 0.061949621886, 0.0465473867953, 0.0753868818283, 0.113966345787, 0.0809821635485, 0.081497810781, 0.104127310216, 0.160972073674, 0.220247209072]
        dvar: [0.020209370181, 0.0297690238804, 0.0103369159624, 0.00461169565096, 0.00625617848709, 0.0243384279311, 0.0332386530936, 0.0173679869622, 0.0204652752727, 0.0238670241088, 0.0108815180138, 0.0182037875056, 0.0161316823214, 0.00890782102942, 0.00528445048258, 0.0044845319353, 0.00691484520212, 0.0124123683199, 0.00947907473892, 0.0163252428174, 0.0303206276149, 0.0261531379074, 0.0405056066811, 0.0191706344485, 0.00928769633174, 0.00584085797891, 0.00524698803201, 0.00743002863601, 0.00349022983573, 0.00865156203508, 0.0147699946538, 0.00565481977537, 0.00841208640486, 0.0162899903953, 0.0258674100041, 0.0314668118954]
        dvar2: [0.0545952357352, 0.0689259767532, 0.0291733313352, 0.0125702079386, 0.0175658408552, 0.0598666965961, 0.0791280791163, 0.0448029078543, 0.0589103214443, 0.0689002871513, 0.0275658611208, 0.0509189963341, 0.0464392490685, 0.0248505566269, 0.0128029892221, 0.00895684957504, 0.0195536650717, 0.031718865037, 0.0231322329491, 0.0401144661009, 0.0767702162266, 0.0680990815163, 0.109827585518, 0.0535345561802, 0.0307883173227, 0.0180418044329, 0.0145876072347, 0.020011363551, 0.00706548197195, 0.0220719799399, 0.0379155240953, 0.0124019877985, 0.0264211054891, 0.045980554074, 0.0652346313, 0.0712466314435]
        max: [1, 1, 0.63080483675, 0.484032571316, 0.603283584118, 1, 1, 0.913001418114, 0.800099849701, 0.927085042, 0.603697299957, 1, 0.915021657944, 0.499448120594, 0.425263822079, 0.448859214783, 0.641188800335, 0.972093820572, 1, 0.809341788292, 1, 1, 1, 0.793222904205, 0.869405865669, 0.664547801018, 0.530412316322, 0.577008605003, 0.568194448948, 0.72555154562, 0.83260512352, 0.586499989033, 0.902784645557, 1, 0.99404245615, 1]
        mean: [0.464313179255, 0.245101958513, 0.046402361244, 0.0221088696271, 0.0230668783188, 0.0592055507004, 0.0786159336567, 0.0505089610815, 0.033981256187, 0.0351008288562, 0.0332641415298, 0.0323587208986, 0.0352472215891, 0.0357363000512, 0.0387276597321, 0.0370509251952, 0.0268754027784, 0.0254712272435, 0.0253900103271, 0.0673523396254, 0.340696722269, 0.52677744627, 0.290152341127, 0.0600136071444, 0.0214051548392, 0.0175175387412, 0.0187778566033, 0.0214801225811, 0.0185947585851, 0.042661819607, 0.0753462985158, 0.0634038448334, 0.0524081736803, 0.0568516515195, 0.0905162319541, 0.315080106258]
        min: [0.000213711231481, 0.00011842387903, 0.000138638963108, 9.06128261704e-05, 9.94809597614e-05, 0.00014690264652, 0.000174745349796, 0.000123403311591, 0.00017763840151, 0.000124412632431, 7.34565037419e-05, 0.000164371056599, 0.000241181260208, 0.000320239196299, 8.96076671779e-05, 5.77052087465e-05, 0.000108228094177, 0.000109158543637, 9.72378256847e-05, 0.000136342452606, 0.0019251962658, 0.00325701967813, 0.00243443599902, 3.56734708475e-05, 5.2011320804e-05, 5.26160329173e-05, 9.83630379778e-05, 5.99344202783e-05, 6.04177621426e-05, 0.000116826391604, 0.00031051482074, 0.000100968005427, 0.000206514712772, 1.75021505129e-05, 0.000120199460071, 0.000179507929715]
        var: [0.213124871254, 0.0832021534443, 0.00784111209214, 0.00307908072136, 0.00385385891423, 0.0203300490975, 0.0288055278361, 0.013170350343, 0.0116868261248, 0.0142561234534, 0.00871279183775, 0.0111623229459, 0.00960575509816, 0.00605158228427, 0.00564473401755, 0.00666087912396, 0.00481668300927, 0.00946420710534, 0.00783447828144, 0.0193913783878, 0.110610768199, 0.199000626802, 0.0888095274568, 0.014098697342, 0.00502351624891, 0.00319551839493, 0.00316754565574, 0.00472648115829, 0.00296095549129, 0.00738822622225, 0.015516359359, 0.00845182128251, 0.00791003555059, 0.014028666541, 0.0332461185753, 0.118863150477]
    chords_histogram: [53.4562225342, 20.7373275757, 16.5898609161, 0, 0, 0, 0, 9.21658992767, 0, 0, 0, 0, 0, 0, 0, 0, 0, 0, 0, 0, 0, 0, 0, 0]
    thpcp: [1, 0.550806283951, 0.113925926387, 0.0406341515481, 0.0332541540265, 0.0356466583908, 0.0407764650881, 0.03529907763, 0.08098641783, 0.143032506108, 0.120361730456, 0.0994882658124, 0.107923470438, 0.171830117702, 0.598127543926, 0.881421923637, 0.465285599232, 0.0880872234702, 0.0419700369239, 0.0437886603177, 0.112391963601, 0.149239376187, 0.095882922411, 0.064507804811, 0.0666331276298, 0.0631464794278, 0.0614276900887, 0.0669110268354, 0.0678394660354, 0.0735180675983, 0.070335060358, 0.0510185137391, 0.0483529195189, 0.0481987409294, 0.127857297659, 0.646756470203]
    chords_key: "A"
    chords_scale: "minor"
    key_key: "A"
    key_scale: "minor"
    chords_progression: ["A", "A", "A", "A", "A", "A", "Am", "Am", "Am", "Am", "Am", "Am", "A", "A", "A", "A", "Am", "Am", "Am", "Am", "Am", "Am", "Am", "Am", "Am", "Am", "Am", "Am", "A", "A", "A", "A", "A", "Am", "Am", "Am", "Am", "Am", "Am", "Am", "Am", "Am", "Am", "Am", "Am", "Am", "Am", "Am", "Am", "Am", "Am", "Am", "Am", "Am", "C", "C", "C", "C", "C", "C", "C", "C", "C", "C", "C", "C", "C", "C", "Em", "C", "C", "C", "C", "C", "C", "C", "Em", "Em", "Em", "Em", "Em", "Em", "Em", "C", "Em", "Em", "Em", "Em", "Em", "Em", "C", "C", "C", "C", "C", "C", "C", "C", "Em", "Em", "Em", "Em", "Em", "Em", "C", "C", "C", "C", "C", "C", "C", "C", "C", "C", "C", "C", "C", "C", "C", "Em", "Em", "Em", "Em", "Em", "Em", "Em", "Em", "Em", "Em", "Em", "Em", "Em", "Em", "Em", "Em", "A", "A", "A", "A", "A", "Am", "Am", "Am", "Am", "Am", "Am", "Am", "Am", "Am", "Am", "Am", "Am", "Am", "Am", "Am", "Am", "Am", "Am", "Am", "Am", "Am", "Am", "Am", "Am", "Am", "Am", "Am", "Am", "Am", "Am", "Am", "Am", "Am", "Am", "Am", "Am", "Am", "Am", "Am", "Am", "Am", "Am", "Am", "Am", "Am", "Am", "Am", "Am", "Am", "Am", "Am", "Am", "Am", "Am", "Am", "Am", "Am", "Am", "Am", "Am", "Am", "Am", "Am", "Am", "Am", "Am", "Am", "Am", "Am", "Am", "Am", "Am", "Am", "Am", "Am", "Am", "Am"]
