
metadata:
    version:
        essentia: "1.2.2"
    audio_properties:
        analysis_sample_rate: 44100
        bitrate: 128
        channels: 2
        equal_loudness: 1
        length: 10.0310201645
        replay_gain: -10.183763504
        downmix: "mix"
    tags:
        track: 16
        year: 0
        album: "Splitted by Mp3Splt v. 2.1"
        artist: "From 002.30 To 002.40"
        comment: "http://mp3splt.sf.net"
        genre: ""
        title: "05 I Need You Tonight.mp3"

highlevel:
    ballroom:
        all:
            ChaChaCha: 0.328845530748
            Jive: 0.292564362288
            Quickstep: 0.1039872244
            Rumba-American: 0.0127409221604
            Rumba-International: 0.0354404933751
            Rumba-Misc: 0.0254402216524
            Samba: 0.169980481267
            Tango: 0.00733083346859
            VienneseWaltz: 0.0158759206533
            Waltz: 0.00779400439933
        probability: 0.328845530748
        value: "ChaChaCha"
    culture:
        all:
            non_western: 0.0079547772184
            western: 0.992045223713
        probability: 0.992045223713
        value: "western"
    gender:
        all:
            female: 0.138158261776
            male: 0.861841738224
        probability: 0.861841738224
        value: "male"
    genre_dortmund:
        all:
            alternative: 0.0667169392109
            blues: 0.00999164767563
            electronic: 0.0513078160584
            folkcountry: 0.144090428948
            funksoulrnb: 0.0394210405648
            jazz: 0.047435939312
            pop: 0.127106130123
            raphiphop: 0.0328535437584
            rock: 0.48107650876
        probability: 0.48107650876
        value: "rock"
    genre_electronica:
        all:
            ambient: 0.169516786933
            dnb: 0.0741103366017
            house: 0.0532938875258
            techno: 0.00719099212438
            trance: 0.695887982845
        probability: 0.695887982845
        value: "trance"
    genre_rosamerica:
        all:
            cla: 0.00772676244378
            dan: 0.0133493514732
            hip: 0.00477853184566
            jaz: 0.0321084186435
            pop: 0.809991717339
            rhy: 0.0934081375599
            roc: 0.0352078080177
            spe: 0.00342928082682
        probability: 0.809991717339
        value: "pop"
    genre_tzanetakis:
        all:
            blu: 0.00182620855048
            cla: 0.00675375526771
            cou: 0.0413579121232
            dis: 0.0299251805991
            hip: 0.00347075844184
            jaz: 0.0229794103652
            met: 0.00319687416777
            pop: 0.786378800869
            reg: 0.0548592917621
            roc: 0.0492517836392
        probability: 0.786378800869
        value: "pop"
    live_studio:
        all:
            live: 0.445043504238
            studio: 0.554956495762
        probability: 0.554956495762
        value: "studio"
    mood:
        all:
            Cluster1: 0.148517385125
            Cluster2: 0.45712891221
            Cluster3: 0.167382910848
            Cluster4: 0.167967841029
            Cluster5: 0.0590029656887
        probability: 0.45712891221
        value: "Cluster2"
    mood_acoustic:
        all:
            acoustic: 0.0444158799946
            not_acoustic: 0.955584108829
        probability: 0.955584108829
        value: "not_acoustic"
    mood_aggressive:
        all:
            aggressive: 0.0389821007848
            not_aggressive: 0.961017906666
        probability: 0.961017906666
        value: "not_aggressive"
    mood_electronic:
        all:
            electronic: 0.5
            not_electronic: 0.5
        probability: 0.5
        value: "electronic"
    mood_happy:
        all:
            happy: 0.94815069437
            not_happy: 0.0518493317068
        probability: 0.94815069437
        value: "happy"
    mood_party:
        all:
            not_party: 0.489167332649
            party: 0.510832667351
        probability: 0.510832667351
        value: "party"
    mood_relaxed:
        all:
            not_relaxed: 0.2594845891
            relaxed: 0.7405154109
        probability: 0.7405154109
        value: "relaxed"
    mood_sad:
        all:
            not_sad: 0.36006000638
            sad: 0.639940023422
        probability: 0.639940023422
        value: "sad"
    rhythm:
        all:
            fast: 0.935124635696
            medium: 0.0338314957917
            slow: 0.0310438722372
        probability: 0.935124635696
        value: "fast"
    speech_music:
        all:
            music: 0.996776759624
            speech: 0.00322321453132
        probability: 0.996776759624
        value: "music"
    timbre:
        all:
            bright: 0.977578818798
            dark: 0.0224211793393
        probability: 0.977578818798
        value: "bright"
    voice_instrumental:
        all:
            instrumental: 0.0383174158633
            voice: 0.96168255806
        probability: 0.96168255806
        value: "voice"

lowlevel:
    average_loudness: 0.959875881672
    barkbands_kurtosis:
        dmean: 1.04270339012
        dmean2: 1.63706660271
        dvar: 2.42225217819
        dvar2: 5.85107135773
        max: 15.2420425415
        mean: 0.549582898617
        min: -1.788859725
        var: 6.05429697037
    barkbands_skewness:
        dmean: 0.373366445303
        dmean2: 0.555525183678
        dvar: 0.144733324647
        dvar2: 0.294671237469
        max: 3.88274598122
        mean: 0.764793932438
        min: -1.04856622219
        var: 0.78596419096
    barkbands_spread:
        dmean: 4.37697076797
        dmean2: 6.45992612839
        dvar: 19.7919769287
        dvar2: 39.313621521
        max: 60.9284057617
        mean: 24.9256305695
        min: 4.82144880295
        var: 107.08228302
    dissonance:
        dmean: 0.0229204948992
        dmean2: 0.0379541218281
        dvar: 0.000510775484145
        dvar2: 0.00122544704936
        max: 0.498914271593
        mean: 0.446716040373
        min: 0.287423670292
        var: 0.00137158704456
    hfc:
        dmean: 1.90872275829
        dmean2: 2.8095459938
        dvar: 15.0260753632
        dvar2: 35.6749267578
        max: 32.9309921265
        mean: 5.63734531403
        min: 0.0599101632833
        var: 26.9461460114
    pitch:
        dmean: 308.727355957
        dmean2: 572.571899414
        dvar: 761739.1875
        dvar2: 1797569
        max: 4410
        mean: 567.096862793
        min: 81.6666641235
        var: 987469.625
    pitch_instantaneous_confidence:
        dmean: 0.0829427316785
        dmean2: 0.131829991937
        dvar: 0.00716112367809
        dvar2: 0.0139971515164
        max: 0.873895347118
        mean: 0.510239899158
        min: 0.173997700214
        var: 0.0338710620999
    pitch_salience:
        dmean: 0.059179585427
        dmean2: 0.0941563695669
        dvar: 0.00275279325433
        dvar2: 0.00638796389103
        max: 0.775208830833
        mean: 0.569308698177
        min: 0.264692187309
        var: 0.00999990943819
    silence_rate_20dB:
        dmean: 0
        dmean2: 0
        dvar: 0
        dvar2: 0
        max: 1
        mean: 1
        min: 1
        var: 0
    silence_rate_30dB:
        dmean: 0
        dmean2: 0
        dvar: 0
        dvar2: 0
        max: 1
        mean: 1
        min: 1
        var: 0
    silence_rate_60dB:
        dmean: 0.101851850748
        dmean2: 0.201856151223
        dvar: 0.0914778336883
        dvar2: 0.175031468272
        max: 1
        mean: 0.378752887249
        min: 0
        var: 0.23529997468
    spectral_centroid:
        dmean: 209.192825317
        dmean2: 311.421539307
        dvar: 78005.328125
        dvar2: 171443.796875
        max: 4156.69580078
        mean: 1319.11376953
        min: 341.988708496
        var: 330420
    spectral_complexity:
        dmean: 2.77030158043
        dmean2: 4.1813955307
        dvar: 23.030752182
        dvar2: 44.8368186951
        max: 49
        mean: 10.6342592239
        min: 0
        var: 59.0097732544
    spectral_crest:
        dmean: 2.10908484459
        dmean2: 3.29901814461
        dvar: 3.90353035927
        dvar2: 9.38802528381
        max: 19.8566074371
        mean: 8.65190601349
        min: 2.9481306076
        var: 13.8658618927
    spectral_decrease:
        dmean: 3.07148306788e-10
        dmean2: 4.69633498756e-10
        dvar: 2.26332021833e-19
        dvar2: 5.40254043634e-19
        max: -5.74946774218e-12
        mean: -9.73534253212e-10
        min: -4.29966329207e-09
        var: 4.59864909393e-19
    spectral_energy:
        dmean: 0.00131285563111
        dmean2: 0.00199502753094
        dvar: 4.19892967329e-06
        dvar2: 9.96311337076e-06
        max: 0.0186815541238
        mean: 0.0041856681928
        min: 2.71337503364e-05
        var: 8.49998832564e-06
    spectral_energyband_high:
        dmean: 0.000170479615917
        dmean2: 0.000278272054857
        dvar: 1.78954039143e-07
        dvar2: 4.71176406336e-07
        max: 0.00326467351988
        mean: 0.000313384720357
        min: 5.48346463347e-07
        var: 2.28884431408e-07
    spectral_energyband_low:
        dmean: 0.000127532315673
        dmean2: 0.000209031597478
        dvar: 2.11168497799e-07
        dvar2: 5.56068869173e-07
        max: 0.00472921971232
        mean: 0.000169386883499
        min: 4.32408775453e-08
        var: 1.79917890364e-07
    spectral_energyband_middle_high:
        dmean: 0.000497408153024
        dmean2: 0.000739210168831
        dvar: 7.04697868059e-07
        dvar2: 1.57562647018e-06
        max: 0.00724382512271
        mean: 0.00144339958206
        min: 1.71501669683e-05
        var: 1.64955554283e-06
    spectral_energyband_middle_low:
        dmean: 0.000898280995898
        dmean2: 0.00146789033897
        dvar: 2.218492682e-06
        dvar2: 6.05344393989e-06
        max: 0.0131002757698
        mean: 0.00225948658772
        min: 7.01013505022e-06
        var: 3.82884854844e-06
    spectral_flatness_db:
        dmean: 0.0161832347512
        dmean2: 0.0228017438203
        dvar: 0.000200307680643
        dvar2: 0.000387639942346
        max: 0.245115026832
        mean: 0.156405836344
        min: 0.0655671656132
        var: 0.00112034427002
    spectral_flux:
        dmean: 0.0104939192533
        dmean2: 0.0159977860749
        dvar: 0.000161166142789
        dvar2: 0.000300292682368
        max: 0.104659006
        mean: 0.034397944808
        min: 0.00520900683478
        var: 0.000394429342123
    spectral_kurtosis:
        dmean: 0.984410643578
        dmean2: 1.59721410275
        dvar: 1.25519537926
        dvar2: 2.88576316833
        max: 13.6729259491
        mean: 3.62033677101
        min: -1.04546511173
        var: 3.79772591591
    spectral_rms:
        dmean: 0.000290007534204
        dmean2: 0.000420680473326
        dvar: 1.48339069028e-07
        dvar2: 3.10164637085e-07
        max: 0.00426918081939
        mean: 0.00189386156853
        min: 0.000162702039233
        var: 4.96865766308e-07
    spectral_rolloff:
        dmean: 487.319488525
        dmean2: 794.975463867
        dvar: 432877.28125
        dvar2: 937712.375
        max: 8850.14648438
        mean: 2478.11083984
        min: 215.33203125
        var: 1568560.25
    spectral_skewness:
        dmean: 0.168853536248
        dmean2: 0.261991977692
        dvar: 0.0340233519673
        dvar2: 0.0688997209072
        max: 2.98288941383
        mean: 1.56041669846
        min: 0.129297494888
        var: 0.14074832201
    spectral_spread:
        dmean: 730187.4375
        dmean2: 963712.875
        dvar: 994402959360
        dvar2: 1.68919053107e+12
        max: 14039373
        mean: 5815480.5
        min: 2972651.5
        var: 3.31697016013e+12
    spectral_strongpeak:
        dmean: 0.340476185083
        dmean2: 0.572615206242
        dvar: 0.273547798395
        dvar2: 0.641363501549
        max: 4.30450963974
        mean: 0.753038406372
        min: 0.00739266863093
        var: 0.49173489213
    zerocrossingrate:
        dmean: 0.00903603527695
        dmean2: 0.0103379357606
        dvar: 7.89778277976e-05
        dvar2: 0.00010098801431
        max: 0.18505859375
        mean: 0.0782911479473
        min: 0.029296875
        var: 0.000800507899839
    barkbands:
        dmean: [1.01658372387e-07, 1.88938192878e-05, 0.000121138058603, 0.000244690018008, 0.000246564886766, 0.000153047614731, 0.000103648606455, 0.000284937210381, 0.000208988029044, 6.27083063591e-05, 5.28998534719e-05, 7.27754813852e-05, 4.38078786829e-05, 8.19549532025e-05, 9.38490193221e-05, 7.56984518375e-05, 8.9770379418e-05, 0.000113949747174, 0.000102984195109, 0.000121723787743, 8.97209101822e-05, 1.71104438778e-05, 3.83547603633e-06, 3.39655389325e-06, 2.77293156614e-06, 1.58009086704e-07, 2.10424833114e-09]
        dmean2: [1.23257208884e-07, 2.86548292934e-05, 0.000208650410059, 0.000436883652583, 0.000414004258346, 0.000253667298239, 0.00015698147763, 0.000421079690568, 0.000297846738249, 9.85150181805e-05, 8.04806404631e-05, 0.000120198681543, 6.55747790006e-05, 0.000126543920487, 0.000146017060615, 0.000120012540719, 0.000145526559209, 0.000179486029083, 0.000162895128597, 0.000192054765648, 0.000150165928062, 2.66826664301e-05, 5.40261271453e-06, 4.9419691095e-06, 3.74143337467e-06, 2.12216676232e-07, 2.43940112554e-09]
        dvar: [1.5160581937e-13, 3.093501455e-09, 2.07949582887e-07, 7.65881395637e-07, 2.76723682191e-07, 8.33430675584e-08, 5.61342439198e-08, 2.75389680837e-07, 1.35238508392e-07, 1.41691343103e-08, 8.5283451412e-09, 2.63378208132e-08, 9.46123535073e-09, 3.64049697055e-08, 8.66985558901e-08, 3.13025410037e-08, 5.88313184835e-08, 4.24826538392e-08, 5.15049087824e-08, 5.86102899547e-08, 6.53565024322e-08, 1.50714507541e-09, 5.97657201507e-11, 5.76924480411e-11, 4.53729866179e-11, 8.67018791289e-14, 1.05733725201e-15]
        dvar2: [1.59146648767e-13, 7.41504102564e-09, 5.65208324588e-07, 2.16267994801e-06, 7.57179122957e-07, 2.20203219214e-07, 1.19540402466e-07, 6.40571499844e-07, 2.57232613876e-07, 3.1622604979e-08, 1.83010104848e-08, 6.95892907743e-08, 1.76485528414e-08, 7.55228697358e-08, 2.08436560456e-07, 7.42960821754e-08, 1.36109662208e-07, 9.72667422161e-08, 1.27446853071e-07, 1.41460674286e-07, 1.83895124906e-07, 3.34691985238e-09, 1.27773569503e-10, 1.33497268795e-10, 8.5559975771e-11, 1.69119885739e-13, 1.05930035675e-15]
        max: [7.87881435826e-06, 0.000453116750577, 0.00450025591999, 0.00703053176403, 0.00361606432125, 0.0030934412498, 0.00286749331281, 0.00661551533267, 0.00467524724081, 0.0015665384708, 0.00123748776969, 0.00193274905905, 0.00167705002241, 0.00266994466074, 0.00291400961578, 0.00242616445757, 0.00387041084468, 0.00167859706562, 0.00211535207927, 0.00293675251305, 0.00223893369548, 0.000389445311157, 7.54028224037e-05, 8.4326529759e-05, 0.000111317545816, 2.0333275188e-06, 6.76384502185e-07]
        mean: [1.94540277221e-07, 2.64527297986e-05, 0.00014275086869, 0.000250929297181, 0.000414428301156, 0.000251973397098, 0.000207930817851, 0.000654125935398, 0.000466234865598, 0.000122856567032, 0.00010159501835, 0.000132510700496, 8.73270400916e-05, 0.00014919952082, 0.000138564981171, 0.000113119800517, 0.000146250109538, 0.000195058790268, 0.000186736302567, 0.000226963224122, 0.000122956247651, 3.11609146593e-05, 6.86569273967e-06, 5.47194531464e-06, 3.80331675842e-06, 2.06621706411e-07, 2.16775419837e-09]
        min: [8.24176490943e-12, 4.46033432411e-09, 3.321347819e-08, 2.92265784907e-08, 8.86440489012e-07, 2.97192650578e-06, 9.07883702439e-07, 1.22576602735e-06, 4.41887976876e-07, 2.07157199839e-07, 9.34176000555e-07, 1.22256994928e-06, 5.02792829593e-07, 2.26979992135e-07, 1.00528177427e-06, 5.05512559812e-07, 9.34442198286e-07, 6.32972273706e-07, 1.10967778255e-06, 7.65396919178e-07, 2.9460605333e-07, 6.12880484141e-08, 2.10095603137e-08, 1.1299712277e-08, 7.03380376166e-09, 4.00916910781e-10, 4.68574289612e-13]
        var: [2.75779561947e-13, 3.81578324493e-09, 1.54454184553e-07, 4.75149676049e-07, 2.68906717338e-07, 1.0704929565e-07, 1.3210821237e-07, 1.16885041734e-06, 5.77206776597e-07, 5.73711282925e-08, 2.71820930209e-08, 6.16098532191e-08, 3.2274975581e-08, 1.065692814e-07, 1.32322711011e-07, 4.16101642031e-08, 7.77523680995e-08, 6.76549163359e-08, 8.50043164746e-08, 1.02227481591e-07, 5.40697335794e-08, 2.18532147933e-09, 1.09510477075e-10, 8.55565548963e-11, 9.34070112923e-11, 1.42263317012e-13, 1.05537594722e-15]
    mfcc:
        mean: [-722.579772949, 104.375839233, -41.1253623962, 32.5515594482, -25.7559986115, -15.7413024902, -9.86570072174, -14.6060400009, -6.30863714218, -8.67073440552, -8.04024505615, -6.48193597794, -13.1393756866]
        cov: [[2511.10400391, -445.722351074, -211.416748047, 168.74079895, -34.1829223633, -14.3691539764, 150.557418823, 92.036315918, 173.238037109, 177.822509766, 43.7404327393, 71.0131072998, -33.1151275635], [-445.722351074, 722.779785156, 15.0400924683, 24.7594165802, -37.7801551819, 116.722137451, 142.192214966, 85.6637649536, 10.1416025162, 43.4226989746, 100.984558105, 33.1544342041, -11.9926872253], [-211.416748047, 15.0400924683, 471.027954102, 60.6585884094, 177.420166016, 87.0252227783, 39.980884552, 37.5986061096, -0.613102197647, -10.249669075, 25.2100906372, 39.2121124268, 61.0350646973], [168.74079895, 24.7594165802, 60.6585884094, 295.221801758, 116.066802979, 54.0427818298, 60.6479644775, 37.4532546997, 60.0272712708, 56.0077171326, -1.80270588398, 15.0357875824, 32.9992332458], [-34.1829223633, -37.7801551819, 177.420166016, 116.066802979, 231.422042847, 68.445930481, 1.09538292885, 22.7549114227, 24.5471973419, 37.1951065063, -6.93715000153, 18.2219734192, 14.8105125427], [-14.3691539764, 116.722137451, 87.0252227783, 54.0427818298, 68.445930481, 176.638656616, 88.8488311768, 93.9629745483, 31.7463512421, 36.7593650818, 20.1497840881, 28.397693634, 5.11821937561], [150.557418823, 142.192214966, 39.980884552, 60.6479644775, 1.09538292885, 88.8488311768, 214.360717773, 104.012138367, 54.4222869873, 36.4164352417, 47.6938743591, 23.3533782959, 8.02261161804], [92.036315918, 85.6637649536, 37.5986061096, 37.4532546997, 22.7549114227, 93.9629745483, 104.012138367, 133.627655029, 51.8845329285, 40.9710884094, 30.3082561493, 30.8102416992, 8.76090431213], [173.238037109, 10.1416025162, -0.613102197647, 60.0272712708, 24.5471973419, 31.7463512421, 54.4222869873, 51.8845329285, 90.6059494019, 50.9607772827, 7.31719827652, 19.4561405182, 8.11767196655], [177.822509766, 43.4226989746, -10.249669075, 56.0077171326, 37.1951065063, 36.7593650818, 36.4164352417, 40.9710884094, 50.9607772827, 114.461036682, 39.6873970032, 21.3651580811, -15.6003389359], [43.7404327393, 100.984558105, 25.2100906372, -1.80270588398, -6.93715000153, 20.1497840881, 47.6938743591, 30.3082561493, 7.31719827652, 39.6873970032, 98.6755218506, 25.8940658569, -5.62551879883], [71.0131072998, 33.1544342041, 39.2121124268, 15.0357875824, 18.2219734192, 28.397693634, 23.3533782959, 30.8102416992, 19.4561405182, 21.3651580811, 25.8940658569, 69.0993881226, 23.1665897369], [-33.1151275635, -11.9926872253, 61.0350646973, 32.9992332458, 14.8105125427, 5.11821937561, 8.02261161804, 8.76090431213, 8.11767196655, -15.6003389359, -5.62551879883, 23.1665897369, 81.6532897949]]
        icov: [[0.00071984808892, 0.00069825432729, 0.000252036872553, -0.000352418312104, 0.000349089998053, 0.000101312347397, -0.000607137510087, 3.03822762362e-05, -0.000506111769937, -0.000609395618085, -0.000296681770124, -0.000800631125458, 0.000475850276416], [0.00069825432729, 0.00259491987526, 0.000299206061754, -0.000582583073992, 0.000942916958593, -0.00102482934017, -0.00122442597058, 0.000134534217068, 0.000130693224492, -0.000589294126257, -0.00171719724312, -0.000922798411921, 0.000693102483638], [0.000252036872553, 0.000299206061754, 0.00395994633436, 0.000424619967816, -0.00307752331719, -0.000745338969864, -0.000809957215097, 0.000168119717273, 0.000442274758825, 0.00129480438773, -0.00164638890419, -0.000647704117, -0.00204524677247], [-0.000352418312104, -0.000582583073992, 0.000424619967816, 0.00556492060423, -0.0028699496761, -0.000132759552798, -0.00109209620859, 0.000980323180556, -0.00145371293183, -0.00120914459694, 0.000909655587748, 0.00126259331591, -0.0026459323708], [0.000349089998053, 0.000942916958593, -0.00307752331719, -0.0028699496761, 0.00938548985869, -0.00223927688785, 0.00149193941616, 0.000366061343811, -0.000403705635108, -0.00255676894449, 0.00129226082936, -0.000873100652825, 0.00188087020069], [0.000101312347397, -0.00102482934017, -0.000745338969864, -0.000132759552798, -0.00223927688785, 0.0116352215409, -0.00157664774451, -0.00631762947887, 0.00173521961551, -0.00111279508565, 0.00208945386112, -0.00131239485927, 0.00114214071073], [-0.000607137510087, -0.00122442597058, -0.000809957215097, -0.00109209620859, 0.00149193941616, -0.00157664774451, 0.0098510729149, -0.00464594690129, -0.00237147929147, 0.00190281134564, -0.00228746095672, 0.00187957263552, -0.00011202130554], [3.03822762362e-05, 0.000134534217068, 0.000168119717273, 0.000980323180556, 0.000366061343811, -0.00631762947887, -0.00464594690129, 0.0180148575455, -0.00514280842617, -0.000704995938577, -0.000976995448582, -0.00208853580989, -0.000734744768124], [-0.000506111769937, 0.000130693224492, 0.000442274758825, -0.00145371293183, -0.000403705635108, 0.00173521961551, -0.00237147929147, -0.00514280842617, 0.0209333579987, -0.00696553336456, 0.00383797893301, -0.0015335775679, -0.00189230486285], [-0.000609395618085, -0.000589294126257, 0.00129480438773, -0.00120914459694, -0.00255676894449, -0.00111279508565, 0.00190281134564, -0.000704995938577, -0.00696553336456, 0.0173426289111, -0.00612362893298, -0.00103512371425, 0.00348699884489], [-0.000296681770124, -0.00171719724312, -0.00164638890419, 0.000909655587748, 0.00129226082936, 0.00208945386112, -0.00228746095672, -0.000976995448582, 0.00383797893301, -0.00612362893298, 0.0168334748596, -0.00402492797002, 0.00120488996617], [-0.000800631125458, -0.000922798411921, -0.000647704117, 0.00126259331591, -0.000873100652825, -0.00131239485927, 0.00187957263552, -0.00208853580989, -0.0015335775679, -0.00103512371425, -0.00402492797002, 0.021365698427, -0.00659075798467], [0.000475850276416, 0.000693102483638, -0.00204524677247, -0.0026459323708, 0.00188087020069, 0.00114214071073, -0.00011202130554, -0.000734744768124, -0.00189230486285, 0.00348699884489, 0.00120488996617, -0.00659075798467, 0.017624175176]]
    spectral_contrast:
        mean: [-6.56323706494e-08, 2.72000079349e-07, 5.7681635468e-08, -2.724980952e-08, -2.71773728855e-07, -3.08474739086e-07, 6.03583259817e-07, 1.08192091375e-06, 3.60766762242e-07, 2.12403642763e-06, 3.41208988175e-07, -2.68220901489e-07]
        var: [0.000420322874561, 0.000617430254351, 0.00205796095543, 0.00353102060035, 0.00444978522137, 0.0073978328146, 0.0547499880195, 0.106942683458, 0.156169816852, 0.280045092106, 0.996764361858, 1.71508181095]

rhythm:
    beats_loudness:
        dmean: 0.00231866398826
        dmean2: 0.00412975018844
        dvar: 3.71863643522e-06
        dvar2: 1.00676343209e-05
        max: 0.0111926645041
        mean: 0.00634889956564
        min: 0.000857857463416
        var: 6.69148221277e-06
    beats_loudness_bass:
        dmean: 0.163217127323
        dmean2: 0.322120785713
        dvar: 0.0119269620627
        dvar2: 0.0420803464949
        max: 0.300736278296
        mean: 0.0895445793867
        min: 0.00183168868534
        var: 0.0124163394794
    bpm: 85.3549194336
    bpm_confidence: 0
    first_peak_bpm: 85
    first_peak_spread: 0.0769230723381
    first_peak_weight: 0.923076927662
    onset_rate: 3.5888671875
    second_peak_bpm: 0
    second_peak_spread: 0
    second_peak_weight: 0
    beats_position: [0.360342353582, 1.0634970665, 1.76665174961, 2.46980643272, 3.17296123505, 3.87611603737, 4.57927083969, 5.28242540359, 6.00718259811, 6.7098107338, 7.41243886948, 8.11506748199, 8.81769561768, 9.52032279968]
    bpm_estimates: [85.5057830811, 85.3685836792, 85.3609237671, 85.3482208252, 84.7099151611, 85.3967437744, 85.383644104, 85.3620986938, 85.3992462158, 85.4984512329, 85.2987365723, 85.3920669556, 85.3512115479, 85.5224990845, 85.441192627, 85.4375, 85.3248291016, 85.2869644165]
    bpm_intervals: [0.703154683113, 0.703154683113, 0.703154683113, 0.703154802322, 0.703154802322, 0.703154802322, 0.703154563904, 0.724757194519, 0.702628135681, 0.702628135681, 0.702628612518, 0.702628135681, 0.702627182007]
    onset_times: [0.0464399084449, 0.348299324512, 0.476009070873, 0.568888902664, 0.743038535118, 1.04489791393, 1.4164172411, 1.66022670269, 1.764716506, 2.11301589012, 2.46131515503, 2.76317453384, 2.99537420273, 3.16952371597, 3.52943301201, 3.84290242195, 3.87773251534, 4.23764181137, 4.58594083786, 4.94585037231, 5.11999988556, 5.25931978226, 5.65405893326, 5.99074840546, 6.39709758759, 6.71056699753, 7.05886602402, 7.41877555847, 7.7670750618, 7.95283460617, 8.11537456512, 8.27791404724, 8.68426322937, 8.82358264923, 9.53179168701, 9.8800907135]
    rubato_start: []
    rubato_stop: []
    perceptual_tempo: "unknown"

sfx:
    inharmonicity:
        dmean: 0.0567794665694
        dmean2: 0.101442724466
        dvar: 0.00521620456129
        dvar2: 0.0146761909127
        max: 0.44904756546
        mean: 0.0557361356914
        min: 0.000429705862189
        var: 0.00531895644963
    oddtoevenharmonicenergyratio:
        dmean: 2.83541464806
        dmean2: 5.23086595535
        dvar: 38.7417602539
        dvar2: 108.5313797
        max: 67.6201858521
        mean: 2.32197475433
        min: 0.00042829947779
        var: 35.1936264038
    pitch_after_max_to_before_max_energy_ratio: 2.85307645798
    pitch_centroid: 250.58303833
    pitch_max_to_total: 0.38425925374
    pitch_min_to_total: 0.858796298504
    tristimulus:
        dmean: [0.200061842799, 0.222931206226, 0.109102554619]
        dmean2: [0.347213208675, 0.386904835701, 0.185912430286]
        dvar: [0.0359031409025, 0.0419928617775, 0.0130509389564]
        dvar2: [0.101177066565, 0.115696921945, 0.0336681269109]
        max: [0.930002570152, 0.996743142605, 0.730609178543]
        mean: [0.349688023329, 0.488639265299, 0.13481593132]
        min: [0.00211391947232, 0, 0]
        var: [0.0550139211118, 0.0593078881502, 0.0175607427955]

tonal:
    chords_changes_rate: 0.0737327188253
    chords_number_rate: 0.0230414755642
    chords_strength:
        dmean: 0.00816844776273
        dmean2: 0.00801774766296
        dvar: 5.00124224345e-05
        dvar2: 4.34028188465e-05
        max: 0.672579050064
        mean: 0.533848285675
        min: 0.382569283247
        var: 0.00569933839142
    key_strength: 0.776436269283
    tuning_diatonic_strength: 0.635014653206
    tuning_equal_tempered_deviation: 0.0690819993615
    tuning_frequency: 441.272583008
    tuning_nontempered_energy_ratio: 0.688742399216
    hpcp:
        dmean: [0.0686467960477, 0.0584224052727, 0.058639742434, 0.0633416846395, 0.0879881903529, 0.149289488792, 0.161676570773, 0.139548540115, 0.0955676063895, 0.0640044733882, 0.0659369751811, 0.148070275784, 0.191618561745, 0.155731260777, 0.143835216761, 0.125028133392, 0.125396847725, 0.151941508055, 0.16155603528, 0.113135255873, 0.0942573472857, 0.123471982777, 0.09974822402, 0.0665537640452, 0.0803129673004, 0.0959241390228, 0.166950926185, 0.194223538041, 0.148979052901, 0.0770670324564, 0.0732328891754, 0.0943603515625, 0.128286004066, 0.130104854703, 0.108739860356, 0.0785219818354]
        dmean2: [0.121014073491, 0.102849885821, 0.0961177945137, 0.102035798132, 0.147468447685, 0.239717438817, 0.25989434123, 0.238104820251, 0.167624697089, 0.107938677073, 0.113489970565, 0.250359922647, 0.336110711098, 0.25757342577, 0.246955037117, 0.220603629947, 0.218318641186, 0.24878950417, 0.272839635611, 0.185633718967, 0.164013087749, 0.218214616179, 0.175819993019, 0.115910217166, 0.145207643509, 0.16833563149, 0.276524871588, 0.326420366764, 0.253216087818, 0.13177677989, 0.13314653933, 0.16585919261, 0.218970328569, 0.212727740407, 0.190788760781, 0.135377198458]
        dvar: [0.0219231229275, 0.0173989329487, 0.00841861497611, 0.00954153109342, 0.0144533626735, 0.0388691872358, 0.0430339276791, 0.0377854332328, 0.030543372035, 0.0137614393607, 0.00829020980746, 0.0361627265811, 0.0577457807958, 0.038152962923, 0.0536516420543, 0.0515282638371, 0.0424306541681, 0.0367947109044, 0.0540185831487, 0.027255769819, 0.0301457364112, 0.0464150346816, 0.0258850902319, 0.0111761577427, 0.0187872387469, 0.0201329942793, 0.0291953478009, 0.0389262698591, 0.0288082603365, 0.0133646838367, 0.0231601111591, 0.0245720632374, 0.0386013686657, 0.0382441021502, 0.0286937858909, 0.0258300416172]
        dvar2: [0.0623390190303, 0.0489188916981, 0.0210000686347, 0.0172233469784, 0.0328897312284, 0.0960605889559, 0.095158457756, 0.114064007998, 0.0849473699927, 0.0362328365445, 0.0207490995526, 0.0846163928509, 0.139137834311, 0.0849991291761, 0.134010836482, 0.120222866535, 0.117762647569, 0.0901072248816, 0.10928697139, 0.066090144217, 0.0801970437169, 0.128036692739, 0.0750104859471, 0.0296944379807, 0.0529452078044, 0.0545819923282, 0.0720396265388, 0.0924223512411, 0.0759895145893, 0.0336201675236, 0.0572898723185, 0.0685631781816, 0.094567142427, 0.0935778170824, 0.075672134757, 0.0702941939235]
        max: [1, 0.893244624138, 0.746038079262, 1, 1, 1, 1, 1, 1, 0.837242901325, 0.624045908451, 1, 1, 1, 1, 1, 1, 1, 1, 1, 1, 1, 1, 0.813349962234, 1, 0.844345211983, 1, 1, 1, 0.683836638927, 1, 1, 1, 1, 1, 1]
        mean: [0.0643356218934, 0.0611850582063, 0.0842080414295, 0.107894510031, 0.11360155046, 0.24633333087, 0.334982395172, 0.201480478048, 0.0959348976612, 0.072859056294, 0.0857370272279, 0.249595165253, 0.360568106174, 0.240162566304, 0.157695874572, 0.136010348797, 0.129673272371, 0.260971158743, 0.299262881279, 0.152571171522, 0.115997843444, 0.151096373796, 0.100898951292, 0.0706075876951, 0.07940454036, 0.100573383272, 0.290619790554, 0.398045271635, 0.211898580194, 0.0787772610784, 0.071854814887, 0.089911043644, 0.174524441361, 0.200119584799, 0.124112427235, 0.0771174132824]
        min: [0.000323016371112, 0.00026059668744, 0.00147028767969, 0.00174068240449, 0.0027629036922, 0.00492931623012, 0.00233647180721, 0.00301308720373, 0.000234481776715, 0.000279237428913, 0.00117446028162, 0.00236594071612, 0.00161217933055, 0.000818158558104, 0.00121634732932, 0.00115011446178, 0.00166293978691, 0.00431289337575, 0.00280383275822, 0.000705112295691, 0.000757751637138, 0.00138961675111, 0.00105763110332, 0.000380007986678, 0.000604315369856, 0.0011459661182, 0.00489663518965, 0.00596138928086, 0.0114811100066, 0.00201998860575, 0.000835648213979, 0.000617001380306, 0.00133751553949, 0.00160709780175, 0.00156441039871, 0.000754987995606]
        var: [0.0152852581814, 0.0127211473882, 0.0135116046295, 0.0254865810275, 0.0190401040018, 0.0713778138161, 0.118127465248, 0.0495636127889, 0.0242622923106, 0.0131100593135, 0.00978747569025, 0.0754965469241, 0.131186485291, 0.0587368942797, 0.0644922927022, 0.0620645284653, 0.0441825352609, 0.0947895050049, 0.129161685705, 0.0424084849656, 0.0328022539616, 0.0542466491461, 0.0235834755003, 0.0134225077927, 0.0186846535653, 0.0186862461269, 0.0579193010926, 0.0881810933352, 0.0410656556487, 0.013621727936, 0.0198116060346, 0.0206108950078, 0.0605447217822, 0.068504050374, 0.0279491748661, 0.0196818169206]
    chords_histogram: [47.9262657166, 0, 8.75576019287, 0, 0, 0, 0, 0, 0, 0, 0, 0, 0, 0, 0, 0, 0, 11.9815664291, 0, 24.4239635468, 0, 0, 6.91244220734, 0]
    thpcp: [1, 0.532347917557, 0.197910308838, 0.180519208312, 0.225881457329, 0.438453733921, 0.502755820751, 0.311804801226, 0.193740308285, 0.161628901958, 0.153713822365, 0.211553931236, 0.271060913801, 0.285398572683, 0.618857562542, 0.841568589211, 0.50617480278, 0.241015046835, 0.183042138815, 0.21539516747, 0.62705218792, 0.905846953392, 0.603354930878, 0.396175712347, 0.341695666313, 0.325775176287, 0.655631840229, 0.751831293106, 0.383301049471, 0.291418731213, 0.379595965147, 0.253486126661, 0.177385821939, 0.199486210942, 0.252668201923, 0.730117440224]
    chords_key: "B"
    chords_scale: "major"
    key_key: "B"
    key_scale: "major"
    chords_progression: ["Bm", "Bm", "Bm", "B", "B", "B", "B", "B", "B", "B", "B", "B", "B", "B", "B", "B", "B", "B", "B", "B", "B", "B", "B", "B", "B", "B", "B", "B", "B", "B", "B", "B", "B", "B", "B", "B", "B", "B", "B", "B", "B", "B", "B", "B", "B", "B", "B", "B", "B", "B", "B", "B", "B", "B", "B", "B", "B", "F#", "F#", "F#", "F#", "F#m", "F#", "F#m", "F#m", "F#m", "F#m", "F#m", "F#m", "F#m", "F#m", "F#m", "F#m", "F#m", "F#m", "F#m", "F#m", "F#m", "F#m", "F#m", "F#m", "F#m", "F#m", "F#m", "F#m", "F#m", "F#m", "F#m", "F#m", "F#m", "F#m", "F#m", "F#m", "F#m", "F#m", "F#m", "F#m", "F#m", "F#m", "F#m", "F#m", "F#m", "F#m", "F#m", "F#m", "F#m", "F#m", "F#m", "F#m", "F#m", "F#m", "F#m", "F#m", "F#m", "F#m", "F#", "F#", "F#", "F#", "B", "B", "B", "B", "B", "B", "B", "B", "B", "B", "B", "B", "B", "B", "B", "B", "B", "B", "B", "B", "B", "B", "B", "B", "B", "B", "B", "B", "B", "B", "B", "B", "B", "B", "B", "B", "B", "B", "B", "B", "B", "B", "B", "F#", "F#", "F#", "F#", "F#", "F#", "F#", "F#", "F#", "F#", "B", "B", "Bm", "Bm", "Bm", "B", "Bm", "Bm", "Bm", "Bm", "Bm", "Bm", "B", "B", "Bm", "Bm", "Bm", "Bm", "Bm", "Bm", "Bm", "Bm", "Bm", "Bm", "Bm", "Bm", "Bm", "Bm", "B", "B", "E", "E", "E", "E", "E", "E", "E", "E", "E", "E", "E", "E", "E", "E", "E"]
