
metadata:
    version:
        essentia: "1.2.2"
    audio_properties:
        analysis_sample_rate: 44100
        bitrate: 128
        channels: 2
        equal_loudness: 1
        length: 10.0310201645
        replay_gain: -3.5004196167
        downmix: "mix"
    tags:
        track: 11
        year: 0
        album: "Splitted by Mp3Splt v. 2.1"
        artist: "From 001.40 To 001.50"
        comment: "http://mp3splt.sf.net"
        genre: ""
        title: "09 Thieves Like Us [Instrument"

highlevel:
    ballroom:
        all:
            ChaChaCha: 0.299150764942
            Jive: 0.3822927773
            Quickstep: 0.0077236359939
            Rumba-American: 0.000234317631111
            Rumba-International: 0.000820036395453
            Rumba-Misc: 0.000441598152975
            Samba: 0.302676588297
            Tango: 0.00127502088435
            VienneseWaltz: 0.00445569120347
            Waltz: 0.00092957878951
        probability: 0.3822927773
        value: "Jive"
    culture:
        all:
            non_western: 0.0428865514696
            western: 0.957113444805
        probability: 0.957113444805
        value: "western"
    gender:
        all:
            female: 0.690662205219
            male: 0.309337824583
        probability: 0.690662205219
        value: "female"
    genre_dortmund:
        all:
            alternative: 0.0264118202031
            blues: 0.00166217796504
            electronic: 0.778631210327
            folkcountry: 0.0122668594122
            funksoulrnb: 0.0121212396771
            jazz: 0.0915072783828
            pop: 0.0286354832351
            raphiphop: 0.0125071173534
            rock: 0.0362567938864
        probability: 0.778631210327
        value: "electronic"
    genre_electronica:
        all:
            ambient: 0.180883616209
            dnb: 0.0469393469393
            house: 0.0292845796794
            techno: 0.029710393399
            trance: 0.713182091713
        probability: 0.713182091713
        value: "trance"
    genre_rosamerica:
        all:
            cla: 0.0500082038343
            dan: 0.727730631828
            hip: 0.0109308073297
            jaz: 0.0141862854362
            pop: 0.0710939392447
            rhy: 0.0100409472361
            roc: 0.113486267626
            spe: 0.00252292258665
        probability: 0.727730631828
        value: "dan"
    genre_tzanetakis:
        all:
            blu: 0.036689247936
            cla: 0.118387766182
            cou: 0.0623117871583
            dis: 0.141991257668
            hip: 0.0244046747684
            jaz: 0.211546853185
            met: 0.082449644804
            pop: 0.0679607540369
            reg: 0.071620233357
            roc: 0.182637780905
        probability: 0.211546853185
        value: "jaz"
    live_studio:
        all:
            live: 0.0538299418986
            studio: 0.946170032024
        probability: 0.946170032024
        value: "studio"
    mood:
        all:
            Cluster1: 0.510167121887
            Cluster2: 0.180847734213
            Cluster3: 0.0977450162172
            Cluster4: 0.0895890817046
            Cluster5: 0.121651053429
        probability: 0.510167121887
        value: "Cluster1"
    mood_acoustic:
        all:
            acoustic: 0.0140135316178
            not_acoustic: 0.985986471176
        probability: 0.985986471176
        value: "not_acoustic"
    mood_aggressive:
        all:
            aggressive: 0.415840864182
            not_aggressive: 0.584159135818
        probability: 0.584159135818
        value: "not_aggressive"
    mood_electronic:
        all:
            electronic: 0.944141447544
            not_electronic: 0.0558585636318
        probability: 0.944141447544
        value: "electronic"
    mood_happy:
        all:
            happy: 0.802432715893
            not_happy: 0.19756731391
        probability: 0.802432715893
        value: "happy"
    mood_party:
        all:
            not_party: 0.426855891943
            party: 0.573144137859
        probability: 0.573144137859
        value: "party"
    mood_relaxed:
        all:
            not_relaxed: 0.571145057678
            relaxed: 0.428854972124
        probability: 0.571145057678
        value: "not_relaxed"
    mood_sad:
        all:
            not_sad: 0.949074745178
            sad: 0.0509252473712
        probability: 0.949074745178
        value: "not_sad"
    rhythm:
        all:
            fast: 0.910999894142
            medium: 0.00739362696186
            slow: 0.0816065073013
        probability: 0.910999894142
        value: "fast"
    speech_music:
        all:
            music: 0.999999761581
            speech: 2.1494437874e-07
        probability: 0.999999761581
        value: "music"
    timbre:
        all:
            bright: 0.916951358318
            dark: 0.0830486193299
        probability: 0.916951358318
        value: "bright"
    voice_instrumental:
        all:
            instrumental: 0.979723989964
            voice: 0.0202760118991
        probability: 0.979723989964
        value: "instrumental"

lowlevel:
    average_loudness: 0.940051734447
    barkbands_kurtosis:
        dmean: 1.16319346428
        dmean2: 1.80060338974
        dvar: 1.15174770355
        dvar2: 2.34996294975
        max: 7.67585372925
        mean: 0.517562687397
        min: -1.83663284779
        var: 2.22466540337
    barkbands_skewness:
        dmean: 0.502375483513
        dmean2: 0.733961224556
        dvar: 0.244748622179
        dvar2: 0.547096371651
        max: 1.16501235962
        mean: -1.02484369278
        min: -2.59587025642
        var: 0.377429008484
    barkbands_spread:
        dmean: 7.21027088165
        dmean2: 10.2364187241
        dvar: 62.7137374878
        dvar2: 89.306678772
        max: 63.672794342
        mean: 24.3199234009
        min: 8.22846508026
        var: 146.877410889
    dissonance:
        dmean: 0.0156834200025
        dmean2: 0.025506708771
        dvar: 0.000181445793714
        dvar2: 0.000455717119621
        max: 0.496322631836
        mean: 0.463159114122
        min: 0.3348723948
        var: 0.000349525740603
    hfc:
        dmean: 4.04402589798
        dmean2: 7.09396219254
        dvar: 33.4385414124
        dvar2: 93.792098999
        max: 40.5707092285
        mean: 11.7448720932
        min: 0.146886914968
        var: 32.997505188
    pitch:
        dmean: 561.070251465
        dmean2: 1079.11901855
        dvar: 1307537.625
        dvar2: 3325026.75
        max: 4410
        mean: 701.598876953
        min: 139.55696106
        var: 1254225.75
    pitch_instantaneous_confidence:
        dmean: 0.0988054275513
        dmean2: 0.159058883786
        dvar: 0.00572793791071
        dvar2: 0.0133130028844
        max: 0.754156053066
        mean: 0.515846312046
        min: 0.207875609398
        var: 0.0124115822837
    pitch_salience:
        dmean: 0.0643346011639
        dmean2: 0.109734751284
        dvar: 0.00425486825407
        dvar2: 0.0119598787278
        max: 0.860637784004
        mean: 0.571264207363
        min: 0.431627988815
        var: 0.00502726016566
    silence_rate_20dB:
        dmean: 0
        dmean2: 0
        dvar: 0
        dvar2: 0
        max: 1
        mean: 1
        min: 1
        var: 0
    silence_rate_30dB:
        dmean: 0
        dmean2: 0
        dvar: 0
        dvar2: 0
        max: 1
        mean: 1
        min: 1
        var: 0
    silence_rate_60dB:
        dmean: 0.199074074626
        dmean2: 0.396751731634
        dvar: 0.159443497658
        dvar2: 0.318225026131
        max: 1
        mean: 0.330254048109
        min: 0
        var: 0.221186965704
    spectral_centroid:
        dmean: 378.195220947
        dmean2: 549.9765625
        dvar: 162336.203125
        dvar2: 355576.8125
        max: 3680.5546875
        mean: 2835.28417969
        min: 986.730895996
        var: 275530.65625
    spectral_complexity:
        dmean: 4.58236646652
        dmean2: 7.59534883499
        dvar: 33.8163032532
        dvar2: 92.61302948
        max: 47
        mean: 16.2685184479
        min: 0
        var: 41.835357666
    spectral_crest:
        dmean: 2.09362697601
        dmean2: 3.73060011864
        dvar: 2.98794579506
        dvar2: 8.58092308044
        max: 14.0249519348
        mean: 6.54714775085
        min: 3.24678587914
        var: 3.61748385429
    spectral_decrease:
        dmean: 4.44480507955e-10
        dmean2: 7.16761427988e-10
        dvar: 6.18224191571e-19
        dvar2: 1.6060895495e-18
        max: -9.41953286204e-12
        mean: -9.18603804134e-10
        min: -6.86909773506e-09
        var: 6.11064736574e-19
    spectral_energy:
        dmean: 0.00200886256061
        dmean2: 0.00327052152716
        dvar: 1.10673909148e-05
        dvar2: 2.89768977382e-05
        max: 0.0285767596215
        mean: 0.00453231902793
        min: 4.88743135065e-05
        var: 1.14193289846e-05
    spectral_energyband_high:
        dmean: 0.000376591575332
        dmean2: 0.000638880592305
        dvar: 2.45585283665e-07
        dvar2: 6.99287284078e-07
        max: 0.00331717194058
        mean: 0.000989302527159
        min: 4.35071297034e-06
        var: 2.35491953049e-07
    spectral_energyband_low:
        dmean: 0.00028040597681
        dmean2: 0.00043019358418
        dvar: 4.27775972867e-07
        dvar2: 9.69798861661e-07
        max: 0.00333111477084
        mean: 0.00023668880749
        min: 3.10001873061e-08
        var: 4.30108087812e-07
    spectral_energyband_middle_high:
        dmean: 0.000996689195745
        dmean2: 0.00179422658402
        dvar: 1.55491511578e-06
        dvar2: 4.31552098235e-06
        max: 0.00849865470082
        mean: 0.00245349365287
        min: 3.8503720134e-05
        var: 1.65140613717e-06
    spectral_energyband_middle_low:
        dmean: 0.000808532524388
        dmean2: 0.00134223676287
        dvar: 5.72462067794e-06
        dvar2: 1.542899372e-05
        max: 0.020976157859
        mean: 0.000852831581142
        min: 5.73756460653e-06
        var: 4.10845677834e-06
    spectral_flatness_db:
        dmean: 0.0186255406588
        dmean2: 0.0289095565677
        dvar: 0.000254155398579
        dvar2: 0.000566079223063
        max: 0.259924143553
        mean: 0.164659366012
        min: 0.101466484368
        var: 0.000804909330327
    spectral_flux:
        dmean: 0.0114881033078
        dmean2: 0.0176476258785
        dvar: 0.000230706253205
        dvar2: 0.000465461896965
        max: 0.1437856704
        mean: 0.0432671122253
        min: 0.00699101667851
        var: 0.000399277167162
    spectral_kurtosis:
        dmean: 0.602179348469
        dmean2: 1.04909336567
        dvar: 0.420481234789
        dvar2: 0.88117980957
        max: 9.06219387054
        mean: 1.88364720345
        min: 0.781086206436
        var: 0.482440441847
    spectral_rms:
        dmean: 0.00039619349991
        dmean2: 0.000623025116511
        dvar: 2.59419209669e-07
        dvar2: 6.49712262657e-07
        max: 0.00528012914583
        mean: 0.002016129205
        min: 0.000218362678424
        var: 3.56999066753e-07
    spectral_rolloff:
        dmean: 381.302307129
        dmean2: 657.36328125
        dvar: 119641.179688
        dvar2: 303109.0625
        max: 5254.1015625
        mean: 4388.48779297
        min: 2670.1171875
        var: 170967.5625
    spectral_skewness:
        dmean: 0.133841872215
        dmean2: 0.218072533607
        dvar: 0.0155278556049
        dvar2: 0.0318936519325
        max: 2.31841659546
        mean: 0.972632348537
        min: 0.651380896568
        var: 0.0237315651029
    spectral_spread:
        dmean: 741688.375
        dmean2: 1062260.125
        dvar: 513226702848
        dvar2: 1.12548302029e+12
        max: 8787989
        mean: 5263937
        min: 3786555.75
        var: 876086034432
    spectral_strongpeak:
        dmean: 1.07554626465
        dmean2: 1.80539441109
        dvar: 0.86511951685
        dvar2: 2.0241754055
        max: 5.51339101791
        mean: 1.73585557938
        min: 0.0336001217365
        var: 1.29893875122
    zerocrossingrate:
        dmean: 0.0110514704138
        dmean2: 0.0137865645811
        dvar: 0.000123198886286
        dvar2: 0.000182023781235
        max: 0.1748046875
        mean: 0.143217861652
        min: 0.06396484375
        var: 0.000315814395435
    barkbands:
        dmean: [2.32912583442e-07, 0.000237854008446, 6.53651513858e-05, 0.000134296555188, 0.000419599760789, 0.000149307059473, 9.09555747057e-05, 6.61035228404e-05, 2.75092534139e-05, 6.40898069832e-05, 7.18390947441e-05, 4.25742291554e-05, 4.23786514148e-05, 4.75210617878e-05, 0.000140298769111, 0.000149206985952, 0.000358488643542, 0.000209313002415, 0.00039824139094, 0.000345765205566, 0.000236344858422, 4.70828199468e-05, 1.0512641893e-05, 4.55748431705e-06, 2.24303448704e-06, 2.18062581325e-07, 9.40498123825e-10]
        dmean2: [3.97117986495e-07, 0.00037585591781, 0.000108996449853, 0.000246324838372, 0.000703897851054, 0.000251169287367, 0.000157635309733, 0.00010658040992, 4.26697333751e-05, 0.000103871330793, 0.00011429162987, 7.0872658398e-05, 7.08903244231e-05, 8.0315687228e-05, 0.000246231153142, 0.000265495094936, 0.000630621798337, 0.000369819259504, 0.000696254195645, 0.000585857080296, 0.000399342970923, 7.57717134547e-05, 1.73510306922e-05, 6.94202844898e-06, 3.35120626005e-06, 3.27398765876e-07, 1.14347487035e-09]
        dvar: [3.49134756479e-13, 3.38207513551e-07, 2.6430654998e-08, 2.7554983717e-07, 1.61658056186e-06, 2.70559070259e-07, 5.64360043143e-08, 9.21564780043e-09, 1.56950252794e-09, 6.96259538913e-09, 5.32273869425e-09, 3.61524543635e-09, 2.63163535408e-09, 2.38112907169e-09, 1.62496771594e-08, 4.21414974028e-08, 1.48748682705e-07, 8.28780599704e-08, 1.97507361577e-07, 1.11960467564e-07, 8.56248263403e-08, 1.6566417127e-09, 1.09247090541e-10, 2.06625237753e-11, 7.62870235732e-12, 8.9770659168e-14, 1.89144283537e-16]
        dvar2: [9.24704323529e-13, 8.24503729291e-07, 6.62783108396e-08, 7.6840666452e-07, 4.37563721789e-06, 7.53552853894e-07, 1.67247719673e-07, 2.67328879033e-08, 3.86776832784e-09, 1.74316898693e-08, 1.17348344375e-08, 9.38245836579e-09, 6.76180089698e-09, 6.45882858308e-09, 4.88320850422e-08, 1.28193661908e-07, 4.09851310224e-07, 2.33541442185e-07, 5.45974046418e-07, 2.94519281852e-07, 2.3719999831e-07, 4.27596713592e-09, 2.58585958202e-10, 4.7147299953e-11, 1.64071083109e-11, 2.03115044857e-13, 1.89915361451e-16]
        max: [3.0469509511e-06, 0.00286759692244, 0.000947990454733, 0.00487570324913, 0.010357000865, 0.00510517088696, 0.00238104118034, 0.000682288198732, 0.000386472325772, 0.000547080475371, 0.000566160539165, 0.000451392668765, 0.000497866771184, 0.000355347874574, 0.000925144588109, 0.00148473412264, 0.00278336764313, 0.00206102128141, 0.00296117411926, 0.00315354648046, 0.00212156586349, 0.000405498751206, 9.97954412014e-05, 3.30316106556e-05, 1.76016746991e-05, 1.83184977232e-06, 2.86074993028e-07]
        mean: [1.70052473436e-07, 0.000186626974028, 4.98948793393e-05, 9.0758469014e-05, 0.00031528522959, 0.000155215369887, 0.00015206829994, 9.31786853471e-05, 3.4811833757e-05, 8.65951078595e-05, 0.000103768295958, 5.68039722566e-05, 6.01924875809e-05, 6.44999236101e-05, 0.000180742965313, 0.000201261325856, 0.000443354510935, 0.000311023904942, 0.000634489289951, 0.000663030019496, 0.000480540271383, 0.000126897648443, 2.74517715297e-05, 1.02054509625e-05, 3.23741028296e-06, 2.15358269884e-07, 9.29922416848e-10]
        min: [5.6158697484e-12, 1.49168979391e-08, 5.76361935956e-09, 1.14114317995e-09, 4.85789763971e-09, 1.09475038812e-07, 1.78865445832e-06, 6.66460095999e-07, 7.54434665851e-07, 1.20895435884e-06, 4.90077923132e-07, 3.52905857426e-07, 1.30698907697e-07, 1.72630177531e-06, 8.18274770609e-07, 4.96254756399e-07, 1.9315039026e-06, 4.19108391725e-06, 2.48834257945e-05, 3.60577814718e-06, 2.34157005252e-06, 5.57496150577e-07, 4.79522498154e-07, 6.71511841688e-08, 1.203590827e-08, 3.69026226243e-10, 1.96828501848e-13]
        var: [2.62810633716e-13, 3.01316191553e-07, 2.16279332221e-08, 1.76192244794e-07, 1.13975409022e-06, 1.80279883466e-07, 3.46937305551e-08, 8.40471603425e-09, 1.94857507907e-09, 7.53903961481e-09, 9.53303924689e-09, 6.34256425158e-09, 3.81743214817e-09, 3.54041129746e-09, 2.03150580802e-08, 4.75018779866e-08, 1.87998224987e-07, 7.75148123466e-08, 2.26873623888e-07, 1.73281591742e-07, 8.74053043276e-08, 3.07983172299e-09, 2.12361364604e-10, 3.1242064491e-11, 9.80553225421e-12, 1.02357189293e-13, 1.88741982591e-16]
    mfcc:
        mean: [-695.296813965, 37.5053787231, -64.814414978, 37.2230911255, -33.7256317139, -5.64703559875, -11.6383495331, -6.16056871414, -1.38413405418, 1.80743277073, -0.659764826298, 7.00286340714, 12.5262079239]
        cov: [[1038.32434082, 591.281494141, 438.270874023, 422.498016357, 339.598937988, 128.665618896, 166.24458313, 39.2062339783, -36.5615997314, -136.443115234, -127.149116516, -147.459655762, -193.174484253], [591.281494141, 639.892700195, 445.92010498, 449.128234863, 333.158508301, 179.137191772, 180.951293945, 84.607208252, -8.00879955292, -85.9934844971, -96.9440383911, -111.297874451, -141.272109985], [438.270874023, 445.92010498, 476.79598999, 384.994995117, 311.579925537, 151.846343994, 175.488586426, 72.5190124512, 1.793841362, -64.4621124268, -59.3777046204, -92.5190887451, -111.438461304], [422.498016357, 449.128234863, 384.994995117, 454.518127441, 334.00793457, 179.806152344, 158.4190979, 85.1083755493, 7.88921785355, -55.9095077515, -56.5276641846, -77.5284881592, -110.424942017], [339.598937988, 333.158508301, 311.579925537, 334.00793457, 344.016387939, 175.252792358, 135.53062439, 71.9709701538, 29.0196361542, -34.0107803345, -35.2900009155, -51.6749763489, -68.4226531982], [128.665618896, 179.137191772, 151.846343994, 179.806152344, 175.252792358, 174.615859985, 115.963066101, 61.5524291992, 26.2529754639, 6.07764482498, -2.06506204605, -15.0370330811, -18.5053253174], [166.24458313, 180.951293945, 175.488586426, 158.4190979, 135.53062439, 115.963066101, 162.939361572, 77.5775299072, 16.0466556549, -5.87121200562, -7.45868253708, -17.3813362122, -35.7317008972], [39.2062339783, 84.607208252, 72.5190124512, 85.1083755493, 71.9709701538, 61.5524291992, 77.5775299072, 98.4494781494, 38.5350456238, 4.44694662094, 6.18675851822, 9.69229984283, -6.66025257111], [-36.5615997314, -8.00879955292, 1.793841362, 7.88921785355, 29.0196361542, 26.2529754639, 16.0466556549, 38.5350456238, 80.267829895, 46.1084823608, 20.6541538239, 32.3578567505, 28.391954422], [-136.443115234, -85.9934844971, -64.4621124268, -55.9095077515, -34.0107803345, 6.07764482498, -5.87121200562, 4.44694662094, 46.1084823608, 96.6123962402, 52.115940094, 39.9822273254, 50.6133842468], [-127.149116516, -96.9440383911, -59.3777046204, -56.5276641846, -35.2900009155, -2.06506204605, -7.45868253708, 6.18675851822, 20.6541538239, 52.115940094, 72.5166244507, 44.4159584045, 37.5468597412], [-147.459655762, -111.297874451, -92.5190887451, -77.5284881592, -51.6749763489, -15.0370330811, -17.3813362122, 9.69229984283, 32.3578567505, 39.9822273254, 44.4159584045, 85.3996124268, 66.4929962158], [-193.174484253, -141.272109985, -111.438461304, -110.424942017, -68.4226531982, -18.5053253174, -35.7317008972, -6.66025257111, 28.391954422, 50.6133842468, 37.5468597412, 66.4929962158, 119.880752563]]
        icov: [[0.0026215929538, -0.00182263005991, 0.000430011015851, 0.000243859394686, -0.00138685130514, 0.00139274843968, -0.00153217208572, 0.0016094786115, -0.00080820202129, 0.00125612830743, 0.000230694800848, 0.000528677308466, 0.00105266238097], [-0.00182263005991, 0.00835778843611, -0.00298748980276, -0.00395208131522, 0.0016656605294, -0.00210390100256, 0.000735194480512, -0.00182716699783, 0.000950768997427, -0.00133472878952, 0.00406000763178, -0.00029768384411, 0.000470111728646], [0.000430011015851, -0.00298748980276, 0.0107839079574, -0.0034923220519, -0.00362400012091, 0.00428553018719, -0.006371865049, 0.00289204670116, -0.00226343027316, 0.0025300537236, -0.00294249155559, 0.00448585813865, -0.00126410473604], [0.000243859394686, -0.00395208131522, -0.0034923220519, 0.014528577216, -0.00650806073099, -0.00226180395111, 0.00249404693022, -0.00315898284316, 0.00288949511014, -0.0016312089283, 0.000855220598169, -0.00213755806908, 0.00329822697677], [-0.00138685130514, 0.0016656605294, -0.00362400012091, -0.00650806073099, 0.0154456784949, -0.00765439262614, 0.00235576322302, 0.000666571955662, -0.00449078669772, 0.00242107058875, -0.000752553343773, 0.000123702935525, -0.00105356064159], [0.00139274843968, -0.00210390100256, 0.00428553018719, -0.00226180395111, -0.00765439262614, 0.0193314794451, -0.00992200523615, 0.00130432914011, -0.000626799534075, -0.0010963359382, -0.0023491079919, 0.00318338745274, -0.00302294804715], [-0.00153217208572, 0.000735194480512, -0.006371865049, 0.00249404693022, 0.00235576322302, -0.00992200523615, 0.0213171970099, -0.0113527504727, 0.00558909634128, -0.00426228856668, 0.00164426723495, -0.00388505961746, 0.002423415659], [0.0016094786115, -0.00182716699783, 0.00289204670116, -0.00315898284316, 0.000666571955662, 0.00130432914011, -0.0113527504727, 0.0240479018539, -0.0120706213638, 0.0071999784559, -0.00404846807942, -0.000546975817997, 0.000143187731737], [-0.00080820202129, 0.000950768997427, -0.00226343027316, 0.00288949511014, -0.00449078669772, -0.000626799534075, 0.00558909634128, -0.0120706213638, 0.0283861402422, -0.015134154819, 0.00711988518015, -0.00823624432087, 0.000716146256309], [0.00125612830743, -0.00133472878952, 0.0025300537236, -0.0016312089283, 0.00242107058875, -0.0010963359382, -0.00426228856668, 0.0071999784559, -0.015134154819, 0.0276146344841, -0.0152603574097, 0.00581883685663, -0.00487969303504], [0.000230694800848, 0.00406000763178, -0.00294249155559, 0.000855220598169, -0.000752553343773, -0.0023491079919, 0.00164426723495, -0.00404846807942, 0.00711988518015, -0.0152603574097, 0.0323461405933, -0.0124556589872, 0.00421615643427], [0.000528677308466, -0.00029768384411, 0.00448585813865, -0.00213755806908, 0.000123702935525, 0.00318338745274, -0.00388505961746, -0.000546975817997, -0.00823624432087, 0.00581883685663, -0.0124556589872, 0.0311114452779, -0.0117854569107], [0.00105266238097, 0.000470111728646, -0.00126410473604, 0.00329822697677, -0.00105356064159, -0.00302294804715, 0.002423415659, 0.000143187731737, 0.000716146256309, -0.00487969303504, 0.00421615643427, -0.0117854569107, 0.0192241705954]]
    spectral_contrast:
        mean: [8.06499489414e-09, -1.19076439375e-07, 7.92777541392e-08, 1.11086087884e-07, 5.04052479755e-07, 9.29770394009e-08, 1.96766904992e-06, -4.12244753534e-06, -1.38504913139e-06, -1.97923299083e-07, -1.24528173728e-06, 1.04942807866e-06]
        var: [0.00024588778615, 0.000564567162655, 0.00124753220007, 0.00136320397723, 0.00240028556436, 0.00441866926849, 0.0306281428784, 0.06885112077, 0.0884255692363, 0.132026836276, 0.446684241295, 3.29633903503]

rhythm:
    beats_loudness:
        dmean: 0.00298324436881
        dmean2: 0.00540022738278
        dvar: 2.70526902568e-06
        dvar2: 6.11446284893e-06
        max: 0.0140942819417
        mean: 0.00637431349605
        min: 0.002703479724
        var: 9.31802333071e-06
    beats_loudness_bass:
        dmean: 0.347798556089
        dmean2: 0.696008563042
        dvar: 0.0253615062684
        dvar2: 0.0688126683235
        max: 0.542079269886
        mean: 0.246557459235
        min: 0.000140693387948
        var: 0.044062782079
    bpm: 113.798995972
    bpm_confidence: 0
    first_peak_bpm: 114
    first_peak_spread: 0
    first_peak_weight: 0.944444417953
    onset_rate: 3.68855810165
    second_peak_bpm: 107
    second_peak_spread: 0
    second_peak_weight: 0.0555555559695
    beats_position: [0.248733758926, 0.775125920773, 1.30151820183, 1.82791042328, 2.35430264473, 2.88069486618, 3.40708708763, 3.93347930908, 4.45987129211, 4.98626327515, 5.51265525818, 6.07599925995, 6.60400772095, 7.13201570511, 7.66002464294, 8.18803310394, 8.71604156494, 9.24405002594, 9.77205753326]
    bpm_estimates: [114.017410278, 113.847511292, 113.876304626, 113.846656799, 113.677520752, 113.854522705, 114.336456299, 114.415313721, 113.595199585, 113.696311951, 113.698867798, 113.60773468, 113.623466492, 113.674316406, 113.676239014, 113.619842529, 113.519317627]
    bpm_intervals: [0.526392161846, 0.526392281055, 0.526392221451, 0.526392221451, 0.526392221451, 0.526392221451, 0.526392221451, 0.526391983032, 0.526391983032, 0.526391983032, 0.56334400177, 0.528008460999, 0.528007984161, 0.528008937836, 0.528008460999, 0.528008460999, 0.528008460999, 0.528007507324]
    onset_times: [0.0348299331963, 0.267029464245, 0.510838985443, 0.777868509293, 1.20743763447, 1.31192743778, 1.83437645435, 2.22911572456, 2.35682535172, 2.62385487556, 2.89088439941, 3.94739222527, 4.35374164581, 4.48145103455, 4.74848079681, 5.01551008224, 5.23609972, 5.39863967896, 5.53795909882, 6.07201814651, 6.46675729752, 6.60607719421, 6.87310647964, 7.14013624191, 8.19664382935, 8.46367359161, 8.59138298035, 8.71909332275, 8.85841274261, 8.98612213135, 9.12544250488, 9.25315189362, 9.39247131348, 9.52018165588, 9.65950107574, 9.78721046448, 9.92653083801]
    rubato_start: []
    rubato_stop: []
    perceptual_tempo: "unknown"

sfx:
    inharmonicity:
        dmean: 0.112607702613
        dmean2: 0.201317459345
        dvar: 0.0111496476457
        dvar2: 0.0337960720062
        max: 0.489037960768
        mean: 0.105545654893
        min: 0
        var: 0.0114118373021
    oddtoevenharmonicenergyratio:
        dmean: 43.0037956238
        dmean2: 85.3446655273
        dvar: 298816.15625
        dvar2: 895644.1875
        max: 8056.47119141
        mean: 22.3716106415
        min: 0
        var: 150146.015625
    pitch_after_max_to_before_max_energy_ratio: 2.93047094345
    pitch_centroid: 262.961853027
    pitch_max_to_total: 0.333333343267
    pitch_min_to_total: 0.393518507481
    tristimulus:
        dmean: [0.163870573044, 0.300592452288, 0.209271177649]
        dmean2: [0.288107246161, 0.523147881031, 0.37374958396]
        dvar: [0.0234090890735, 0.056949287653, 0.0334066450596]
        dvar2: [0.0677024200559, 0.176508560777, 0.084496602416]
        max: [1, 0.990625441074, 0.877281010151]
        mean: [0.196381509304, 0.531567692757, 0.199320852757]
        min: [0.000992121524177, 0, 0]
        var: [0.0284471735358, 0.0738142803311, 0.0463301837444]

tonal:
    chords_changes_rate: 0.0230414755642
    chords_number_rate: 0.0230414755642
    chords_strength:
        dmean: 0.00845993962139
        dmean2: 0.00515365973115
        dvar: 5.07284894411e-05
        dvar2: 2.83206936729e-05
        max: 0.674302458763
        mean: 0.561229526997
        min: 0.305310636759
        var: 0.0115771638229
    key_strength: 0.619602501392
    tuning_diatonic_strength: 0.431253224611
    tuning_equal_tempered_deviation: 0.0298472233117
    tuning_frequency: 439.238189697
    tuning_nontempered_energy_ratio: 0.591295421124
    hpcp:
        dmean: [0.232560664415, 0.171942800283, 0.0551881827414, 0.0336747579277, 0.0363463871181, 0.119944781065, 0.172899380326, 0.128875315189, 0.127061218023, 0.155305683613, 0.144093126059, 0.121590659022, 0.103515580297, 0.0992618948221, 0.139327853918, 0.154549002647, 0.123420029879, 0.0848040506244, 0.0722041651607, 0.0452323034406, 0.105595685542, 0.150259286165, 0.113353975117, 0.0828736647964, 0.113695256412, 0.0935675948858, 0.0864778086543, 0.0959653481841, 0.0735609233379, 0.123720563948, 0.186625763774, 0.133560836315, 0.0709049850702, 0.0599868781865, 0.0716488063335, 0.146837309003]
        dmean2: [0.402382344007, 0.279693305492, 0.0919270589948, 0.0591474622488, 0.0630016177893, 0.188753634691, 0.294126600027, 0.212886437774, 0.210700884461, 0.274600684643, 0.252056360245, 0.217240616679, 0.179716587067, 0.173595696688, 0.22754111886, 0.263173043728, 0.207017764449, 0.150381758809, 0.129022464156, 0.0845427289605, 0.193131878972, 0.267071783543, 0.196850299835, 0.144341424108, 0.19903331995, 0.165260672569, 0.159670978785, 0.176632240415, 0.133330836892, 0.217217996716, 0.32024756074, 0.23111154139, 0.128603473306, 0.108108446002, 0.131032258272, 0.236870184541]
        dvar: [0.0346641615033, 0.0166511982679, 0.00223847455345, 0.0018155752914, 0.00176039990038, 0.0181004013866, 0.0527893044055, 0.0218082088977, 0.0157607123256, 0.0404001548886, 0.0236088242382, 0.0227430723608, 0.0120528424159, 0.0285345297307, 0.0298621691763, 0.0399695672095, 0.0206584241241, 0.0163061637431, 0.0157317500561, 0.0163847506046, 0.0254465322942, 0.035510931164, 0.0239753965288, 0.00984436180443, 0.026032904163, 0.0270732622594, 0.0275594480336, 0.0322000347078, 0.0207170639187, 0.0192249845713, 0.0275973919779, 0.0185653138906, 0.0164512898773, 0.0138577027246, 0.0174645073712, 0.0171815212816]
        dvar2: [0.088177986443, 0.0394514836371, 0.00629134336486, 0.00531462114304, 0.0046472386457, 0.0427602976561, 0.129502162337, 0.0562070384622, 0.0429205968976, 0.109410874546, 0.0665207058191, 0.0627215504646, 0.0293542891741, 0.078553467989, 0.0808026343584, 0.102566190064, 0.0532254949212, 0.0452874861658, 0.0462928190827, 0.0483550354838, 0.0703159049153, 0.0879887342453, 0.0597328320146, 0.0269744880497, 0.0725890919566, 0.0789002403617, 0.0819085389376, 0.100218638778, 0.0637346878648, 0.0542529560626, 0.0751226842403, 0.0552460737526, 0.0503111854196, 0.0413513034582, 0.0495386309922, 0.0427692048252]
        max: [1, 0.896002471447, 0.339791834354, 0.283611446619, 0.278593659401, 0.852957606316, 1, 0.844632089138, 0.755851626396, 1, 1, 0.859493017197, 0.865512251854, 1, 1, 1, 1, 1, 0.888252913952, 1, 1, 1, 1, 0.565131008625, 1, 0.984519600868, 1, 1, 1, 1, 1, 1, 1, 0.814659714699, 1, 1]
        mean: [0.615745067596, 0.366919249296, 0.081098459661, 0.0456970259547, 0.051549885422, 0.264596819878, 0.459233552217, 0.275865584612, 0.289557904005, 0.505086898804, 0.333189338446, 0.187123060226, 0.176725462079, 0.111926145852, 0.226904764771, 0.370473593473, 0.260228484869, 0.149871215224, 0.112107597291, 0.0487699657679, 0.135320082307, 0.252273619175, 0.171673327684, 0.11709086597, 0.164160743356, 0.110960640013, 0.0852568522096, 0.116210147738, 0.0908848196268, 0.192785486579, 0.338748604059, 0.21527351439, 0.0663136765361, 0.055049598217, 0.0753005221486, 0.348025798798]
        min: [0.0483090542257, 0.0349771156907, 0.00361869926564, 0, 0.000102477722976, 0.0088169965893, 0.00717145996168, 0.00701798032969, 0.0195129550993, 0.011120563373, 0.00557394279167, 0.0097489990294, 0.0120588401332, 0.00962973479182, 0.00696221273392, 0.00858338456601, 0.0166071280837, 0.00927774608135, 0.00354129495099, 0.00275431433693, 0.000407669896958, 0.000154423803906, 0.00260945828632, 0.00277348910458, 0.000672571186442, 0.00092967634555, 0.000946704414673, 0.000266880349955, 0.002260876121, 0.0369377993047, 0.0653830319643, 0.0348490290344, 0.00130735710263, 0.000456812995253, 0.0028970038984, 0.0221874695271]
        var: [0.0701422691345, 0.033466104418, 0.00414002733305, 0.00254028011113, 0.00261646392755, 0.057068746537, 0.166583254933, 0.0537729896605, 0.0450578927994, 0.171586841345, 0.0688316822052, 0.0246942713857, 0.0198621135205, 0.0214307848364, 0.0525464378297, 0.143139302731, 0.0548280514777, 0.0141541594639, 0.0127125848085, 0.00932776369154, 0.0267594028264, 0.0763741806149, 0.0378899611533, 0.011841468513, 0.0352942496538, 0.0221448354423, 0.021847717464, 0.030993424356, 0.0166045352817, 0.0189050640911, 0.0417837798595, 0.0209890622646, 0.0130083011463, 0.0119640873745, 0.01396192424, 0.0268060714006]
    chords_histogram: [0, 4.14746522903, 42.8571434021, 0, 0, 0, 0, 0, 0, 0, 0, 0, 0, 0, 0, 0, 0, 0, 0, 0, 0, 1.84331798553, 38.7096786499, 12.4423961639]
    thpcp: [1, 0.595894753933, 0.131707847118, 0.0742141976953, 0.0837195292115, 0.429718136787, 0.745817661285, 0.448019146919, 0.470256149769, 0.820285737514, 0.541115701199, 0.303896963596, 0.287010759115, 0.181773513556, 0.368504405022, 0.601667165756, 0.422623753548, 0.243398159742, 0.182068198919, 0.0792047977448, 0.219766408205, 0.409704655409, 0.278805851936, 0.190161272883, 0.266605049372, 0.180205494165, 0.138461276889, 0.188730940223, 0.147601380944, 0.313093036413, 0.550144255161, 0.349614679813, 0.107696644962, 0.0894032269716, 0.122291721404, 0.565210878849]
    chords_key: "G"
    chords_scale: "major"
    key_key: "C"
    key_scale: "major"
    chords_progression: ["G", "G", "G", "G", "G", "G", "G", "G", "G", "G", "G", "G", "G", "G", "G", "G", "G", "G", "Am", "Am", "Am", "Am", "Am", "Am", "Am", "Am", "Am", "Am", "Am", "Am", "Am", "Am", "Am", "Am", "Am", "Am", "Am", "Am", "Am", "Am", "Am", "Am", "Am", "Am", "Am", "F", "F", "F", "F", "F", "F", "F", "F", "F", "F", "F", "F", "F", "F", "F", "F", "F", "F", "F", "F", "F", "F", "F", "F", "F", "F", "F", "F", "F", "F", "F", "F", "F", "F", "F", "F", "F", "F", "F", "F", "F", "F", "F", "F", "F", "F", "F", "F", "F", "F", "F", "F", "F", "F", "F", "F", "F", "F", "F", "F", "F", "F", "F", "F", "F", "F", "F", "F", "F", "F", "F", "F", "F", "F", "F", "F", "F", "F", "F", "F", "F", "F", "F", "F", "Dm", "Dm", "Dm", "Dm", "G", "G", "G", "G", "G", "G", "G", "G", "G", "G", "G", "G", "G", "G", "G", "G", "G", "G", "G", "G", "G", "G", "G", "G", "G", "G", "G", "G", "G", "G", "G", "G", "G", "G", "G", "G", "G", "G", "G", "G", "G", "G", "G", "G", "G", "G", "G", "G", "G", "G", "G", "G", "G", "G", "G", "G", "G", "G", "G", "G", "G", "G", "G", "G", "G", "G", "G", "G", "G", "G", "G", "G", "G", "G", "G", "Em", "Em", "Em", "Em", "Em", "Em", "Em", "Em", "Em"]
