
metadata:
    version:
        essentia: "1.2.2"
    audio_properties:
        analysis_sample_rate: 44100
        bitrate: 128
        channels: 2
        equal_loudness: 1
        length: 10.0048980713
        replay_gain: -4.97475624084
        downmix: "mix"
    tags:
        track: 6
        year: 0
        album: "Splitted by Mp3Splt v. 2.1"
        artist: "From 000.50 To 001.00"
        comment: "http://mp3splt.sf.net"
        genre: ""
        title: "02 Pencil Skirt.mp3"

highlevel:
    ballroom:
        all:
            ChaChaCha: 0.0157186500728
            Jive: 0.0090807126835
            Quickstep: 0.00548360822722
            Rumba-American: 0.019194830209
            Rumba-International: 0.79791110754
            Rumba-Misc: 0.119544267654
            Samba: 0.0175226386636
            Tango: 0.0021846650634
            VienneseWaltz: 0.00732024339959
            Waltz: 0.00603928137571
        probability: 0.79791110754
        value: "Rumba-International"
    culture:
        all:
            non_western: 0.840504944324
            western: 0.159495055676
        probability: 0.840504944324
        value: "non_western"
    gender:
        all:
            female: 0.142293184996
            male: 0.857706785202
        probability: 0.857706785202
        value: "male"
    genre_dortmund:
        all:
            alternative: 0.127575278282
            blues: 0.122620515525
            electronic: 0.0807763189077
            folkcountry: 0.18241648376
            funksoulrnb: 0.0339190773666
            jazz: 0.143928736448
            pop: 0.109431043267
            raphiphop: 0.0863858163357
            rock: 0.112946726382
        probability: 0.18241648376
        value: "folkcountry"
    genre_electronica:
        all:
            ambient: 0.0862911120057
            dnb: 0.0683871954679
            house: 0.680157423019
            techno: 0.0735596194863
            trance: 0.0916046500206
        probability: 0.680157423019
        value: "house"
    genre_rosamerica:
        all:
            cla: 0.0104481242597
            dan: 0.133903488517
            hip: 0.027978092432
            jaz: 0.0451717749238
            pop: 0.0916762724519
            rhy: 0.600528657436
            roc: 0.0791199803352
            spe: 0.0111735807732
        probability: 0.600528657436
        value: "rhy"
    genre_tzanetakis:
        all:
            blu: 0.0263183359057
            cla: 0.00300337187946
            cou: 0.0233627222478
            dis: 0.030796142295
            hip: 0.0241563450545
            jaz: 0.0038172476925
            met: 0.00554494094104
            pop: 0.421719968319
            reg: 0.178346410394
            roc: 0.282934516668
        probability: 0.421719968319
        value: "pop"
    live_studio:
        all:
            live: 0.27685341239
            studio: 0.723146617413
        probability: 0.723146617413
        value: "studio"
    mood:
        all:
            Cluster1: 0.0238207913935
            Cluster2: 0.0420561879873
            Cluster3: 0.914977967739
            Cluster4: 0.0111267585307
            Cluster5: 0.00801831390709
        probability: 0.914977967739
        value: "Cluster3"
    mood_acoustic:
        all:
            acoustic: 0.829674184322
            not_acoustic: 0.170325800776
        probability: 0.829674184322
        value: "acoustic"
    mood_aggressive:
        all:
            aggressive: 0.00383023987524
            not_aggressive: 0.996169745922
        probability: 0.996169745922
        value: "not_aggressive"
    mood_electronic:
        all:
            electronic: 0.364930301905
            not_electronic: 0.635069727898
        probability: 0.635069727898
        value: "not_electronic"
    mood_happy:
        all:
            happy: 0.0743466988206
            not_happy: 0.925653278828
        probability: 0.925653278828
        value: "not_happy"
    mood_party:
        all:
            not_party: 0.938639581203
            party: 0.061360411346
        probability: 0.938639581203
        value: "not_party"
    mood_relaxed:
        all:
            not_relaxed: 0.265451431274
            relaxed: 0.734548568726
        probability: 0.734548568726
        value: "relaxed"
    mood_sad:
        all:
            not_sad: 0.186533197761
            sad: 0.813466787338
        probability: 0.813466787338
        value: "sad"
    rhythm:
        all:
            fast: 0.141121268272
            medium: 0.333652585745
            slow: 0.52522611618
        probability: 0.52522611618
        value: "slow"
    speech_music:
        all:
            music: 0.999126493931
            speech: 0.000873504613992
        probability: 0.999126493931
        value: "music"
    timbre:
        all:
            bright: 0.0605216547847
            dark: 0.939478337765
        probability: 0.939478337765
        value: "dark"
    voice_instrumental:
        all:
            instrumental: 0.0338414162397
            voice: 0.966158568859
        probability: 0.966158568859
        value: "voice"

lowlevel:
    average_loudness: 0.965299963951
    barkbands_kurtosis:
        dmean: 6.16633796692
        dmean2: 9.64013195038
        dvar: 72.5303649902
        dvar2: 151.633911133
        max: 77.7825927734
        mean: 13.4344997406
        min: -1.77124559879
        var: 200.408416748
    barkbands_skewness:
        dmean: 0.734168052673
        dmean2: 1.07784032822
        dvar: 0.635830521584
        dvar2: 1.27880883217
        max: 6.43970775604
        mean: 2.56094861031
        min: -1.52769422531
        var: 2.07096385956
    barkbands_spread:
        dmean: 5.47357130051
        dmean2: 7.95252275467
        dvar: 71.3035736084
        dvar2: 133.690414429
        max: 68.3582611084
        mean: 13.1878213882
        min: 0.77409952879
        var: 189.45022583
    dissonance:
        dmean: 0.0337455235422
        dmean2: 0.0547599978745
        dvar: 0.00105095549952
        dvar2: 0.00288187013939
        max: 0.497649163008
        mean: 0.417648106813
        min: 0.191773355007
        var: 0.00287363608368
    hfc:
        dmean: 2.14897608757
        dmean2: 3.5139400959
        dvar: 50.6861534119
        dvar2: 138.854217529
        max: 61.5276145935
        mean: 2.88539600372
        min: 0.0405250154436
        var: 41.4119606018
    pitch:
        dmean: 294.699951172
        dmean2: 568.87109375
        dvar: 845141.9375
        dvar2: 1892492
        max: 4900
        mean: 531.520874023
        min: 55.6818199158
        var: 1378833
    pitch_instantaneous_confidence:
        dmean: 0.0861300826073
        dmean2: 0.136591270566
        dvar: 0.00759698497131
        dvar2: 0.016788341105
        max: 0.854588747025
        mean: 0.492425233126
        min: 0.15124219656
        var: 0.0247807241976
    pitch_salience:
        dmean: 0.0641201511025
        dmean2: 0.102075226605
        dvar: 0.00336529221386
        dvar2: 0.00829801522195
        max: 0.863468408585
        mean: 0.577891945839
        min: 0.281420528889
        var: 0.0105819031596
    silence_rate_20dB:
        dmean: 0
        dmean2: 0
        dvar: 0
        dvar2: 0
        max: 1
        mean: 1
        min: 1
        var: 0
    silence_rate_30dB:
        dmean: 0
        dmean2: 0
        dvar: 0
        dvar2: 0
        max: 1
        mean: 1
        min: 1
        var: 0
    silence_rate_60dB:
        dmean: 0.1441860497
        dmean2: 0.286713272333
        dvar: 0.12339669466
        dvar2: 0.255791425705
        max: 1
        mean: 0.387470990419
        min: 0
        var: 0.237336680293
    spectral_centroid:
        dmean: 207.409469604
        dmean2: 308.754669189
        dvar: 223809.734375
        dvar2: 488370.65625
        max: 3715.04345703
        mean: 506.280090332
        min: 137.194641113
        var: 346920.53125
    spectral_complexity:
        dmean: 1.89252340794
        dmean2: 2.98594856262
        dvar: 10.9043273926
        dvar2: 25.278503418
        max: 33
        mean: 6.1748251915
        min: 0
        var: 20.8855209351
    spectral_crest:
        dmean: 2.18665909767
        dmean2: 3.35073280334
        dvar: 4.87517356873
        dvar2: 13.3885269165
        max: 22.40001297
        mean: 11.3572397232
        min: 3.44687581062
        var: 13.9698228836
    spectral_decrease:
        dmean: 3.77084669045e-10
        dmean2: 5.91069637679e-10
        dvar: 2.49786495458e-19
        dvar2: 6.41513254922e-19
        max: -1.11512214393e-11
        mean: -1.09756270739e-09
        min: -4.33407087996e-09
        var: 5.39196803413e-19
    spectral_energy:
        dmean: 0.00159303587861
        dmean2: 0.00250279065222
        dvar: 5.06869537276e-06
        dvar2: 1.35086547743e-05
        max: 0.0172254424542
        mean: 0.00440416950732
        min: 4.60674855276e-05
        var: 9.47865828493e-06
    spectral_energyband_high:
        dmean: 0.000275531288935
        dmean2: 0.000471162114991
        dvar: 1.24270525248e-06
        dvar2: 3.37332585332e-06
        max: 0.010102154687
        mean: 0.000240061854129
        min: 1.02858095374e-07
        var: 9.74082126959e-07
    spectral_energyband_low:
        dmean: 0.000421200296842
        dmean2: 0.00067835894879
        dvar: 4.52128489314e-07
        dvar2: 1.14501915505e-06
        max: 0.00585176469758
        mean: 0.00114662444685
        min: 5.14572730026e-06
        var: 8.90128717401e-07
    spectral_energyband_middle_high:
        dmean: 0.00030119458097
        dmean2: 0.000480661867186
        dvar: 7.21990772945e-07
        dvar2: 1.98375937543e-06
        max: 0.00879651214927
        mean: 0.000446696649306
        min: 8.43909390369e-07
        var: 6.68832001338e-07
    spectral_energyband_middle_low:
        dmean: 0.000993578578345
        dmean2: 0.00149723212235
        dvar: 1.99286023417e-06
        dvar2: 4.95885433338e-06
        max: 0.0120334420353
        mean: 0.00257072271779
        min: 1.27422827063e-05
        var: 4.57766964246e-06
    spectral_flatness_db:
        dmean: 0.0288068484515
        dmean2: 0.0401055887341
        dvar: 0.000819681736175
        dvar2: 0.00152392196469
        max: 0.445308923721
        mean: 0.25345531106
        min: 0.103131048381
        var: 0.0051441071555
    spectral_flux:
        dmean: 0.0109280366451
        dmean2: 0.0178772769868
        dvar: 0.00019866268849
        dvar2: 0.00038029125426
        max: 0.115288719535
        mean: 0.0281109251082
        min: 0.00200270232745
        var: 0.000459494884126
    spectral_kurtosis:
        dmean: 4.66761827469
        dmean2: 7.53846216202
        dvar: 32.1404304504
        dvar2: 76.4475326538
        max: 55.2715377808
        mean: 11.1232471466
        min: -0.00246167182922
        var: 104.139213562
    spectral_rms:
        dmean: 0.000347502878867
        dmean2: 0.000528215256054
        dvar: 1.73454694163e-07
        dvar2: 4.31739181295e-07
        max: 0.00409942818806
        mean: 0.00194290955551
        min: 0.000211999737076
        var: 5.21851575286e-07
    spectral_rolloff:
        dmean: 410.237487793
        dmean2: 676.505004883
        dvar: 873094.875
        dvar2: 1823687.375
        max: 5706.29882812
        mean: 836.783813477
        min: 150.732421875
        var: 1424776.375
    spectral_skewness:
        dmean: 0.530769646168
        dmean2: 0.811512410641
        dvar: 0.327529251575
        dvar2: 0.714508771896
        max: 6.32881975174
        mean: 2.5132215023
        min: 0.0468887202442
        var: 1.32300078869
    spectral_spread:
        dmean: 768190.9375
        dmean2: 1055987
        dvar: 762766557184
        dvar2: 1.35774365286e+12
        max: 9382646
        mean: 4029422
        min: 1483193.375
        var: 2.81160318976e+12
    spectral_strongpeak:
        dmean: 0.125118404627
        dmean2: 0.208614125848
        dvar: 0.0476670414209
        dvar2: 0.10046645999
        max: 3.0119395256
        mean: 0.275754779577
        min: 0.0147263510153
        var: 0.0758500993252
    zerocrossingrate:
        dmean: 0.00942793488503
        dmean2: 0.0105649428442
        dvar: 0.000178342306754
        dvar2: 0.000195736021851
        max: 0.16845703125
        mean: 0.033024430275
        min: 0.005859375
        var: 0.000774908228777
    barkbands:
        dmean: [1.00141244275e-06, 9.15969649213e-05, 0.000363658531569, 0.000345856533386, 0.000612455361988, 0.000188885183888, 7.52841806388e-05, 5.75763078814e-05, 7.73745487095e-05, 2.47107054747e-05, 2.15471918636e-05, 5.05872849317e-05, 4.16378534283e-05, 3.59268597094e-05, 2.1678109988e-05, 3.48436988133e-05, 2.7330015655e-05, 2.30670611927e-05, 6.57465716358e-05, 9.46721193031e-05, 0.000135727459565, 7.58927344577e-05, 4.63680635221e-06, 1.31202398279e-06, 4.68017134381e-07, 3.19905879564e-08, 2.77140338456e-10]
        dmean2: [1.52151278598e-06, 0.000153097571456, 0.000587390386499, 0.000554800091777, 0.000912158633582, 0.000284901936539, 0.000114840062452, 9.19727317523e-05, 0.000113810463517, 3.63657600246e-05, 3.39271937264e-05, 8.06997704785e-05, 6.46952612442e-05, 6.18625344941e-05, 3.54993644578e-05, 5.0913899031e-05, 4.48502141808e-05, 3.79602752218e-05, 0.000116120980238, 0.000153985762154, 0.000228576420341, 0.00013819889864, 6.85016311763e-06, 1.93881055566e-06, 6.39314635009e-07, 4.65388012572e-08, 4.78203920906e-10]
        dvar: [1.06533722816e-11, 4.89578795282e-08, 3.70257538407e-07, 3.95542258502e-07, 9.26035681914e-07, 1.9878615376e-07, 2.7813666037e-08, 3.07755314566e-08, 4.16187653229e-08, 4.33626956564e-09, 2.92811908054e-09, 1.79149690638e-08, 1.75214598386e-08, 5.40742739474e-08, 9.22446563578e-09, 8.74264394213e-09, 6.75091182956e-09, 4.56212490008e-09, 8.13299720903e-08, 1.17025273028e-07, 2.67715421387e-07, 1.35702435955e-07, 2.76868916682e-10, 4.76788088177e-11, 1.90934529472e-12, 1.08381507843e-14, 4.13002723698e-19]
        dvar2: [1.93152768085e-11, 1.36603702572e-07, 9.45009958286e-07, 1.01227385585e-06, 2.79903770206e-06, 3.67041593563e-07, 4.90389133745e-08, 7.79705402465e-08, 9.50876426487e-08, 8.23813106621e-09, 6.51188791778e-09, 4.80804729364e-08, 4.31014868241e-08, 1.54839639777e-07, 2.59647006118e-08, 1.82579107388e-08, 1.72798806375e-08, 1.12891545001e-08, 2.33228192315e-07, 2.97453283338e-07, 7.14608518138e-07, 3.91090708263e-07, 6.23207707662e-10, 9.71861618959e-11, 3.92062424193e-12, 2.32473884435e-14, 1.06187708474e-18]
        max: [3.30623151967e-05, 0.00290516670793, 0.00561883067712, 0.00587017741054, 0.010661136359, 0.00679192086682, 0.00232238811441, 0.00220193271525, 0.00297027919441, 0.000817683700006, 0.000897370046005, 0.00116509187501, 0.0017280455213, 0.00343653769232, 0.00121024379041, 0.00143855810165, 0.000840737775434, 0.000616224308033, 0.00232969247736, 0.00338694220409, 0.00451091863215, 0.00358447618783, 0.000206550888834, 9.58883974818e-05, 1.75039349415e-05, 1.12947986963e-06, 5.96747273818e-09]
        mean: [1.29463319354e-06, 0.000291165837552, 0.000854230020195, 0.000586309353821, 0.00134670757689, 0.000321958126733, 0.000118871648738, 7.63680654927e-05, 0.000109225344204, 3.91152425436e-05, 3.18909515045e-05, 7.49442115193e-05, 5.00961577927e-05, 3.72202666767e-05, 2.16582811845e-05, 5.3255680541e-05, 3.56508753612e-05, 2.76645350823e-05, 5.29556382389e-05, 9.24104970181e-05, 0.000119050397188, 5.49529213458e-05, 5.20881940247e-06, 1.39466465043e-06, 5.40351152267e-07, 3.19315205388e-08, 2.49064935343e-10]
        min: [3.72268327276e-11, 3.51352667849e-07, 3.99302234655e-06, 9.61653768172e-07, 4.28920930062e-06, 6.452278285e-07, 6.82023255649e-08, 2.09207957624e-08, 3.49336772842e-08, 2.98649744934e-08, 4.81687623122e-09, 7.05246128163e-09, 5.37943778411e-09, 1.72422680578e-08, 1.72149827726e-09, 2.00461443001e-08, 1.45867957713e-08, 4.7243808865e-08, 3.66130024076e-08, 3.74157664851e-08, 5.08178175096e-08, 1.44660567969e-08, 3.60945207056e-09, 1.45226808357e-09, 1.26784105436e-09, 1.28846780467e-10, 2.60326987425e-14]
        var: [1.28213299352e-11, 4.76955719364e-08, 8.02051772553e-07, 5.05824175434e-07, 1.90751643458e-06, 4.55194140159e-07, 5.19968033075e-08, 3.1840293957e-08, 6.76473064232e-08, 9.24740373165e-09, 7.42127204134e-09, 2.77989258279e-08, 2.02322336662e-08, 3.29560165824e-08, 7.32298532924e-09, 2.24560388062e-08, 7.51528617116e-09, 4.93000973378e-09, 5.15815372637e-08, 1.126676068e-07, 2.22107757963e-07, 8.26457124958e-08, 3.54701323868e-10, 5.38010365425e-11, 2.72635993642e-12, 1.22849575971e-14, 4.07057052853e-19]
    mfcc:
        mean: [-815.661743164, 165.457229614, -0.796827077866, 67.232460022, -6.0759973526, 18.4380722046, 0.78718650341, -5.06267738342, -1.63706207275, -7.13941574097, -4.1501121521, -3.34041452408, -2.57573366165]
        cov: [[7521.34228516, -1700.32299805, -1164.80969238, -419.716918945, -855.192993164, -34.6310882568, -188.004638672, 257.842010498, -57.3664665222, -241.30531311, -115.681465149, 131.990539551, 284.116455078], [-1700.32299805, 1872.27648926, -179.422561646, -196.328781128, 124.703994751, -203.447479248, 13.9833879471, 87.5121765137, -8.48655128479, -18.0192890167, -11.7833852768, 35.7736587524, 123.501365662], [-1164.80969238, -179.422561646, 793.057189941, 100.251785278, 0.940433681011, 144.035202026, 63.4549827576, -85.0527191162, 38.3251228333, 71.3017883301, 35.7495536804, -56.054058075, -174.231048584], [-419.716918945, -196.328781128, 100.251785278, 312.32144165, 127.519386292, 23.2006454468, -6.6126499176, -46.3620529175, 38.450428009, -0.426005482674, -26.9187908173, -21.8284034729, -18.2484436035], [-855.192993164, 124.703994751, 0.940433681011, 127.519386292, 523.611694336, -54.1679382324, -66.9354400635, -75.3538894653, 56.3484992981, 37.508441925, -0.385482013226, -6.17081594467, -7.37571239471], [-34.6310882568, -203.447479248, 144.035202026, 23.2006454468, -54.1679382324, 162.340316772, 14.3700838089, -37.4015808105, -9.40579605103, 46.2331924438, 50.2617225647, -21.0342597961, -102.215026855], [-188.004638672, 13.9833879471, 63.4549827576, -6.6126499176, -66.9354400635, 14.3700838089, 165.58303833, 33.4466362, -2.63869833946, 12.1152763367, 1.11885416508, -1.60563671589, 6.71719169617], [257.842010498, 87.5121765137, -85.0527191162, -46.3620529175, -75.3538894653, -37.4015808105, 33.4466362, 164.759490967, 31.5521564484, -59.6150245667, -49.7020988464, 13.8484477997, 65.4298934937], [-57.3664665222, -8.48655128479, 38.3251228333, 38.450428009, 56.3484992981, -9.40579605103, -2.63869833946, 31.5521564484, 111.811149597, 1.32150495052, -34.2693328857, -1.24856424332, 9.13160610199], [-241.30531311, -18.0192890167, 71.3017883301, -0.426005482674, 37.508441925, 46.2331924438, 12.1152763367, -59.6150245667, 1.32150495052, 113.595359802, 65.5595855713, -13.9788227081, -75.3889312744], [-115.681465149, -11.7833852768, 35.7495536804, -26.9187908173, -0.385482013226, 50.2617225647, 1.11885416508, -49.7020988464, -34.2693328857, 65.5595855713, 127.452644348, -16.3655796051, -83.1318740845], [131.990539551, 35.7736587524, -56.054058075, -21.8284034729, -6.17081594467, -21.0342597961, -1.60563671589, 13.8484477997, -1.24856424332, -13.9788227081, -16.3655796051, 82.8740692139, 67.5178222656], [284.116455078, 123.501365662, -174.231048584, -18.2484436035, -7.37571239471, -102.215026855, 6.71719169617, 65.4298934937, 9.13160610199, -75.3889312744, -83.1318740845, 67.5178222656, 198.82925415]]
        icov: [[0.000492092745844, 0.000550357101019, 0.000653967726976, 0.000561102642678, 0.000600953295361, 1.87449186342e-05, 0.000540147069842, -0.000152498585521, -0.000357981509296, 0.000234880382777, -6.03365197094e-06, -0.000146643331391, -0.000203827265068], [0.000550357101019, 0.00130762858316, 0.000661053287331, 0.00103515305091, 0.000424686266342, 0.000790953577962, 0.000513795821462, -0.000496778229717, -0.00022785035253, 4.41233241872e-05, -0.000194146181457, -0.000133109206217, -0.000364666368114], [0.000653967726976, 0.000661053287331, 0.00276498473249, 0.000458255963167, 0.000899451202713, -0.00082074617967, -0.000166618527146, 0.000647241075058, -0.00133794476278, 0.000537253450602, 0.000642584520392, -0.000349996786099, 0.0011766240932], [0.000561102642678, 0.00103515305091, 0.000458255963167, 0.00509173097089, -0.000401482480811, -0.000630126625765, 0.000189447047887, 0.00101513811387, -0.00134041719139, 0.00113379827235, 0.000924455642235, 0.000851201883052, -0.000666244246531], [0.000600953295361, 0.000424686266342, 0.000899451202713, -0.000401482480811, 0.00355879869312, 0.00121975247748, 0.0014326433884, 0.000959255034104, -0.00179919425864, -0.000499395129737, -0.00015695192269, -0.00030014209915, -4.6612090955e-05], [1.87449186342e-05, 0.000790953577962, -0.00082074617967, -0.000630126625765, 0.00121975247748, 0.0117187192664, -0.000360114441719, -0.000222623100854, 0.000261384557234, -0.00107369828038, -0.00107815593947, -0.00226421630941, 0.00475894287229], [0.000540147069842, 0.000513795821462, -0.000166618527146, 0.000189447047887, 0.0014326433884, -0.000360114441719, 0.00805830210447, -0.0024710635189, 0.000604490749538, -0.00232970388606, -0.000119383897982, 0.000657251861412, -0.00199486198835], [-0.000152498585521, -0.000496778229717, 0.000647241075058, 0.00101513811387, 0.000959255034104, -0.000222623100854, -0.0024710635189, 0.0107517037541, -0.00411202432588, 0.00436327792704, 0.000594772223849, 0.000458871538285, -0.0004105802509], [-0.000357981509296, -0.00022785035253, -0.00133794476278, -0.00134041719139, -0.00179919425864, 0.000261384557234, 0.000604490749538, -0.00411202432588, 0.0128916911781, -0.00377163966186, 0.00356855220161, 0.000164213357493, 0.000172125015524], [0.000234880382777, 4.41233241872e-05, 0.000537253450602, 0.00113379827235, -0.000499395129737, -0.00107369828038, -0.00232970388606, 0.00436327792704, -0.00377163966186, 0.0173424072564, -0.00555621180683, -0.00173035101034, 0.00329750427045], [-6.03365197094e-06, -0.000194146181457, 0.000642584520392, 0.000924455642235, -0.00015695192269, -0.00107815593947, -0.000119383897982, 0.000594772223849, 0.00356855220161, -0.00555621180683, 0.0150624038652, -0.0011419543298, 0.00444023683667], [-0.000146643331391, -0.000133109206217, -0.000349996786099, 0.000851201883052, -0.00030014209915, -0.00226421630941, 0.000657251861412, 0.000458871538285, 0.000164213357493, -0.00173035101034, -0.0011419543298, 0.018173057586, -0.00859692692757], [-0.000203827265068, -0.000364666368114, 0.0011766240932, -0.000666244246531, -4.6612090955e-05, 0.00475894287229, -0.00199486198835, -0.0004105802509, 0.000172125015524, 0.00329750427045, 0.00444023683667, -0.00859692692757, 0.0151825966313]]
    spectral_contrast:
        mean: [-7.24825142129e-08, 3.21262874081e-08, 4.29771716881e-07, 1.79786511012e-07, -2.460254791e-07, 2.16917840135e-07, -1.09914299173e-06, 1.1514880498e-06, 1.93680364191e-07, -3.56544137503e-06, 2.39446717387e-06, 2.04045181817e-06]
        var: [0.00097357184859, 0.00126324873418, 0.00227773236111, 0.0027116863057, 0.00434346683323, 0.00974822696298, 0.0785143002868, 0.111774675548, 0.207533225417, 0.31191560626, 0.792747378349, 3.96296286583]

rhythm:
    beats_loudness:
        dmean: 0.0027442057617
        dmean2: 0.00459873583168
        dvar: 3.43609485753e-06
        dvar2: 7.71551367507e-06
        max: 0.00994385126978
        mean: 0.00476948730648
        min: 0.00108218472451
        var: 8.34339425637e-06
    beats_loudness_bass:
        dmean: 0.224406585097
        dmean2: 0.402402490377
        dvar: 0.0263902861625
        dvar2: 0.0491044260561
        max: 0.803228318691
        mean: 0.371478736401
        min: 0.103199526668
        var: 0.040831964463
    bpm: 96.2180023193
    bpm_confidence: 0
    first_peak_bpm: 97
    first_peak_spread: 0
    first_peak_weight: 0.933333396912
    onset_rate: 4.59774827957
    second_peak_bpm: 73
    second_peak_spread: 0
    second_peak_weight: 0.0666666701436
    beats_position: [0.325133234262, 0.945529580116, 1.56592595577, 2.18632221222, 2.80671858788, 3.42711520195, 4.04751157761, 4.66790819168, 5.28830432892, 5.90870094299, 6.72750997543, 7.35432529449, 7.98114156723, 8.60795783997, 9.23477363586, 9.86159038544]
    bpm_estimates: [96.6880264282, 96.6865463257, 96.6575546265, 96.7767868042, 96.7512588501, 96.7657546997, 96.6607818604, 95.4590072632, 95.9442138672, 95.0134811401, 96.4172592163, 95.9462814331, 95.5831604004, 95.7019424438]
    bpm_intervals: [0.620396375656, 0.620396375656, 0.620396256447, 0.620396375656, 0.620396614075, 0.620396375656, 0.620396614075, 0.620396137238, 0.620396614075, 0.81880903244, 0.626815319061, 0.626816272736, 0.626816272736, 0.626815795898, 0.626816749573]
    onset_times: [0.0580498874187, 0.557278931141, 0.719818592072, 0.882358253002, 1.06811785698, 1.23065757751, 1.53251695633, 1.57895696163, 1.69505667686, 2.18267583847, 2.27555561066, 2.48453521729, 2.76317453384, 3.09986400604, 3.35528349876, 3.50621318817, 3.54104304314, 3.78485250473, 4.02866220474, 4.15637207031, 4.37696123123, 4.46984148026, 4.71365070343, 4.85297060013, 5.24770975113, 5.54956912994, 5.92108821869, 6.14167785645, 6.5015873909, 6.81505680084, 7.01242637634, 7.18657588959, 7.4303855896, 7.51165533066, 7.8251247406, 7.98766422272, 8.13859367371, 8.28952407837, 8.45206356049, 8.70748329163, 8.77714252472, 9.07900238037, 9.41569137573, 9.6014509201, 9.70594120026, 9.85687065125]
    rubato_start: []
    rubato_stop: []
    perceptual_tempo: "unknown"

sfx:
    inharmonicity:
        dmean: 0.0253075901419
        dmean2: 0.046128846705
        dvar: 0.00152130273636
        dvar2: 0.00402344437316
        max: 0.272595435381
        mean: 0.0227209068835
        min: 1.11137933345e-05
        var: 0.00140002102125
    oddtoevenharmonicenergyratio:
        dmean: 2.34150362015
        dmean2: 4.50456190109
        dvar: 81.7092514038
        dvar2: 241.726730347
        max: 118.630699158
        mean: 1.74651169777
        min: 3.52214919985e-05
        var: 44.4835929871
    pitch_after_max_to_before_max_energy_ratio: 1.27614855766
    pitch_centroid: 220.473373413
    pitch_max_to_total: 0.477855473757
    pitch_min_to_total: 0.515151500702
    tristimulus:
        dmean: [0.236351445317, 0.236778184772, 0.0596227608621]
        dmean2: [0.420016407967, 0.422627240419, 0.109005525708]
        dvar: [0.0485637001693, 0.0462082587183, 0.0124225113541]
        dvar2: [0.128980562091, 0.121537834406, 0.035290107131]
        max: [0.980754315853, 0.927791535854, 0.861366510391]
        mean: [0.547588467598, 0.37643006444, 0.0594275817275]
        min: [0.0133670438081, 0, 0]
        var: [0.0721419528127, 0.0633306950331, 0.0124961147085]

tonal:
    chords_changes_rate: 0.050925925374
    chords_number_rate: 0.0324074067175
    chords_strength:
        dmean: 0.00889332499355
        dmean2: 0.00907655339688
        dvar: 6.54307004879e-05
        dvar2: 7.20000025467e-05
        max: 0.71410882473
        mean: 0.573214888573
        min: 0.369440883398
        var: 0.00685851275921
    key_strength: 0.790215015411
    tuning_diatonic_strength: 0.621946692467
    tuning_equal_tempered_deviation: 0.118805117905
    tuning_frequency: 441.272583008
    tuning_nontempered_energy_ratio: 0.736886262894
    hpcp:
        dmean: [0.104704514146, 0.0781815573573, 0.0524990931153, 0.0569593422115, 0.0770320296288, 0.100298158824, 0.0783609673381, 0.105467580259, 0.125405043364, 0.0885914936662, 0.109928026795, 0.0868336632848, 0.0860856622458, 0.0813961029053, 0.0952458679676, 0.0883942916989, 0.0761589482427, 0.052013527602, 0.0473376624286, 0.0477080196142, 0.0803527757525, 0.0975852906704, 0.0695405751467, 0.0359203778207, 0.0385424979031, 0.0464707501233, 0.0554633624852, 0.0587510168552, 0.0941767171025, 0.159037709236, 0.127119779587, 0.125963538885, 0.063568584621, 0.050324421376, 0.0841672420502, 0.120830304921]
        dmean2: [0.184484019876, 0.134189158678, 0.0908124521375, 0.105102777481, 0.136827707291, 0.181010112166, 0.136100649834, 0.184871286154, 0.214409053326, 0.141446083784, 0.174132034183, 0.14677387476, 0.153393343091, 0.146367937326, 0.15842884779, 0.133742332458, 0.124305531383, 0.0958251580596, 0.087169110775, 0.0786843374372, 0.131966784596, 0.156693980098, 0.112794347107, 0.0632585808635, 0.0730823129416, 0.087348908186, 0.0971284657717, 0.103491090238, 0.170413792133, 0.280847668648, 0.206845268607, 0.209120228887, 0.111844941974, 0.0957748368382, 0.159440457821, 0.228116735816]
        dvar: [0.0394943505526, 0.0205245818943, 0.01147688739, 0.0231872219592, 0.0281395260245, 0.0463154576719, 0.0249538421631, 0.0418468303978, 0.0507723018527, 0.032950758934, 0.0291764307767, 0.0254436247051, 0.033447958529, 0.0251205004752, 0.0302966982126, 0.0249028820544, 0.0271063633263, 0.0220244377851, 0.0185602772981, 0.0119486190379, 0.027361959219, 0.0352054014802, 0.0178170036525, 0.00890830997378, 0.0137332482263, 0.0175470560789, 0.0163143537939, 0.021063329652, 0.0397195108235, 0.0427278392017, 0.0424714945257, 0.029960276559, 0.0170448739082, 0.0188215989619, 0.0421617776155, 0.0560055337846]
        dvar2: [0.0930162444711, 0.0519984252751, 0.0294594466686, 0.0534635707736, 0.0732641965151, 0.14739766717, 0.0579970479012, 0.114282436669, 0.12509201467, 0.0634087175131, 0.0666204914451, 0.0663116276264, 0.0930945947766, 0.0671912878752, 0.0809875056148, 0.0568257793784, 0.0707225725055, 0.0629388168454, 0.051893197, 0.0251367408782, 0.0756931453943, 0.0897962749004, 0.0411354489625, 0.0214557051659, 0.0396861732006, 0.050379883498, 0.0471887849271, 0.0474500469863, 0.110216148198, 0.124030917883, 0.0961518362164, 0.0802412852645, 0.0495333708823, 0.0561211183667, 0.123713828623, 0.160279124975]
        max: [1, 1, 1, 1, 1, 1, 1, 1, 1, 1, 1, 1, 1, 1, 1, 1, 1, 1, 1, 1, 1, 1, 1, 0.790791869164, 0.76484310627, 1, 1, 1, 1, 1, 1, 1, 1, 1, 1, 1]
        mean: [0.159867197275, 0.0990561544895, 0.0406200252473, 0.0480868332088, 0.0685430243611, 0.0850506871939, 0.0847027748823, 0.0841957107186, 0.162667647004, 0.225695595145, 0.151735901833, 0.0832447484136, 0.0876638963819, 0.0895338505507, 0.119667910039, 0.151038587093, 0.0993390902877, 0.0406770631671, 0.0341245234013, 0.0481559224427, 0.0868275687099, 0.113839514554, 0.0773676559329, 0.0344255156815, 0.02615025267, 0.0300013460219, 0.0483915172517, 0.0731997862458, 0.0940942838788, 0.296218246222, 0.471425503492, 0.260265111923, 0.0477296896279, 0.0321517251432, 0.0554344207048, 0.121516190469]
        min: [1.44231862578e-05, 1.04467471829e-05, 6.78613787386e-06, 8.39465246827e-06, 6.7489410867e-05, 1.41221726153e-05, 2.06101904041e-05, 0.000190462378669, 1.36771659527e-05, 2.50811208389e-05, 1.78104965016e-05, 2.09958943742e-05, 1.34794245241e-05, 8.67887065397e-05, 0.000126484315842, 9.4055882073e-05, 0.000177070876816, 1.50314908751e-05, 1.31715805765e-05, 6.87096508045e-06, 7.69499547459e-06, 5.90675290368e-06, 6.76384797771e-06, 6.6481165959e-06, 1.13809755931e-05, 7.08791230863e-06, 5.75093099542e-06, 1.48140279634e-05, 3.83529186365e-05, 0.000249969190918, 0.000188492500456, 0.000165330566233, 5.71868040424e-05, 9.93390494841e-06, 1.15949578685e-05, 2.41054131038e-05]
        var: [0.0893980786204, 0.0342973992229, 0.0109053421766, 0.0224148463458, 0.0286168679595, 0.0364587046206, 0.0321830660105, 0.0344679504633, 0.0800321996212, 0.136884436011, 0.0614066980779, 0.0276923980564, 0.0432431362569, 0.0362508818507, 0.0371718741953, 0.0603238008916, 0.0399041511118, 0.0136425411329, 0.0127119896933, 0.0175052732229, 0.0340702757239, 0.0482686907053, 0.0246491953731, 0.00854687299579, 0.00806717947125, 0.0102879693732, 0.0166653469205, 0.0407311394811, 0.0453473292291, 0.0786462277174, 0.187592968345, 0.0690134465694, 0.0115310233086, 0.0109451767057, 0.0271100513637, 0.0553472079337]
    chords_histogram: [24.0740737915, 0, 36.1111106873, 0, 2.77777767181, 6.01851844788, 11.1111106873, 0, 0, 0, 0, 0, 0.925925910473, 0, 0, 0, 0, 0, 0, 8.33333301544, 0, 0, 0, 10.6481485367]
    thpcp: [1, 0.552081108093, 0.101245455444, 0.0682010725141, 0.117588929832, 0.257763296366, 0.339114457369, 0.210120484233, 0.0861642509699, 0.10200303793, 0.145395234227, 0.180411726236, 0.179673716426, 0.178598120809, 0.345054835081, 0.47875136137, 0.321866124868, 0.176580920815, 0.185954928398, 0.189921528101, 0.253842681646, 0.320386976004, 0.210720658302, 0.0862852409482, 0.0723858252168, 0.10214959085, 0.184180885553, 0.241479322314, 0.164114281535, 0.0730242952704, 0.0554705932736, 0.0636396333575, 0.102649338543, 0.155273288488, 0.199595227838, 0.62834584713]
    chords_key: "G"
    chords_scale: "major"
    key_key: "C"
    key_scale: "major"
    chords_progression: ["G", "G", "G", "G", "G", "G", "G", "G", "G", "G", "G", "G", "G", "G", "G", "G", "G", "G", "G", "G", "G", "G", "G", "G", "G", "G", "G", "G", "G", "G", "G", "G", "C", "C", "C", "C", "C", "C", "C", "C", "C", "C", "C", "C", "C", "C", "C", "C", "C", "C", "C", "C", "C", "C", "C", "C", "C", "C", "C", "C", "C", "C", "C", "C", "C", "C", "C", "C", "C", "C", "C", "C", "C", "C", "C", "C", "C", "C", "C", "C", "C", "C", "C", "C", "Am", "Am", "Am", "Am", "Am", "Am", "Am", "Am", "Am", "Am", "Am", "Am", "Am", "Am", "Am", "Am", "Am", "Am", "Am", "Am", "Am", "Am", "Am", "A", "A", "A", "A", "A", "A", "A", "A", "A", "A", "A", "A", "A", "A", "A", "A", "A", "A", "A", "A", "A", "A", "A", "A", "F#m", "F#m", "F#m", "F#m", "F#m", "F#m", "F#m", "F#m", "D", "D", "D", "D", "D", "D", "F#m", "F#m", "F#m", "F#m", "F#m", "G", "G", "F#", "F#", "G", "G", "G", "G", "G", "G", "G", "G", "G", "G", "G", "G", "G", "G", "G", "G", "G", "G", "G", "Gm", "Gm", "Gm", "Gm", "Gm", "Gm", "Gm", "Gm", "Gm", "Gm", "Gm", "Gm", "Gm", "Gm", "Gm", "Gm", "Gm", "Gm", "G", "G", "G", "G", "G", "G", "G", "G", "G", "G", "G", "G", "G", "G", "G", "G", "G", "G", "G", "G", "G", "G", "G", "G", "G"]
