
metadata:
    version:
        essentia: "1.2.2"
    audio_properties:
        analysis_sample_rate: 44100
        bitrate: 128
        channels: 2
        equal_loudness: 1
        length: 9.97877597809
        replay_gain: -7.44664764404
        downmix: "mix"
    tags:
        track: 111
        year: 0
        album: "Splitted by Mp3Splt v. 2.1"
        artist: "From 018.20 To 018.30"
        comment: "http://mp3splt.sf.net"
        genre: ""
        title: "01 First.mp3"

highlevel:
    ballroom:
        all:
            ChaChaCha: 0.0430697612464
            Jive: 0.156437337399
            Quickstep: 0.113084845245
            Rumba-American: 0.0174901075661
            Rumba-International: 0.250599384308
            Rumba-Misc: 0.0302382968366
            Samba: 0.141255795956
            Tango: 0.0155673883855
            VienneseWaltz: 0.201308593154
            Waltz: 0.0309484880418
        probability: 0.250599384308
        value: "Rumba-International"
    culture:
        all:
            non_western: 0.860497415066
            western: 0.139502570033
        probability: 0.860497415066
        value: "non_western"
    gender:
        all:
            female: 0.611856997013
            male: 0.388143002987
        probability: 0.611856997013
        value: "female"
    genre_dortmund:
        all:
            alternative: 0.115679077804
            blues: 0.0630628988147
            electronic: 0.0981347858906
            folkcountry: 0.357602149248
            funksoulrnb: 0.0113889314234
            jazz: 0.0387001894414
            pop: 0.0388772673905
            raphiphop: 0.0146055556834
            rock: 0.261949151754
        probability: 0.357602149248
        value: "folkcountry"
    genre_electronica:
        all:
            ambient: 0.560037195683
            dnb: 0.295336782932
            house: 0.037869039923
            techno: 0.0320749469101
            trance: 0.0746820494533
        probability: 0.560037195683
        value: "ambient"
    genre_rosamerica:
        all:
            cla: 0.0847879126668
            dan: 0.0951586514711
            hip: 0.184007912874
            jaz: 0.0715932771564
            pop: 0.182665467262
            rhy: 0.167495682836
            roc: 0.19009283185
            spe: 0.0241982620209
        probability: 0.19009283185
        value: "roc"
    genre_tzanetakis:
        all:
            blu: 0.0268703084439
            cla: 0.016789894551
            cou: 0.321518272161
            dis: 0.0675032734871
            hip: 0.0278525315225
            jaz: 0.0673180148005
            met: 0.0167632680386
            pop: 0.077912427485
            reg: 0.126588717103
            roc: 0.250883281231
        probability: 0.321518272161
        value: "cou"
    live_studio:
        all:
            live: 0.0161968395114
            studio: 0.983803153038
        probability: 0.983803153038
        value: "studio"
    mood:
        all:
            Cluster1: 0.122932292521
            Cluster2: 0.132698312402
            Cluster3: 0.215848833323
            Cluster4: 0.0623540021479
            Cluster5: 0.466166555882
        probability: 0.466166555882
        value: "Cluster5"
    mood_acoustic:
        all:
            acoustic: 0.494667470455
            not_acoustic: 0.505332529545
        probability: 0.505332529545
        value: "not_acoustic"
    mood_aggressive:
        all:
            aggressive: 0.433504492044
            not_aggressive: 0.566495478153
        probability: 0.566495478153
        value: "not_aggressive"
    mood_electronic:
        all:
            electronic: 0.352272123098
            not_electronic: 0.647727847099
        probability: 0.647727847099
        value: "not_electronic"
    mood_happy:
        all:
            happy: 0.307906419039
            not_happy: 0.692093610764
        probability: 0.692093610764
        value: "not_happy"
    mood_party:
        all:
            not_party: 0.787265896797
            party: 0.212734103203
        probability: 0.787265896797
        value: "not_party"
    mood_relaxed:
        all:
            not_relaxed: 0.239282310009
            relaxed: 0.760717689991
        probability: 0.760717689991
        value: "relaxed"
    mood_sad:
        all:
            not_sad: 0.5
            sad: 0.5
        probability: 0.5
        value: "not_sad"
    rhythm:
        all:
            fast: 0.335258573294
            medium: 0.494708538055
            slow: 0.170032888651
        probability: 0.494708538055
        value: "medium"
    speech_music:
        all:
            music: 0.995884478092
            speech: 0.0041154990904
        probability: 0.995884478092
        value: "music"
    timbre:
        all:
            bright: 0.275556027889
            dark: 0.724443972111
        probability: 0.724443972111
        value: "dark"
    voice_instrumental:
        all:
            instrumental: 0.4234623909
            voice: 0.5765376091
        probability: 0.5765376091
        value: "voice"

lowlevel:
    average_loudness: 0.985244095325
    barkbands_kurtosis:
        dmean: 2.35979104042
        dmean2: 3.71277189255
        dvar: 8.37429904938
        dvar2: 19.7891101837
        max: 27.0951042175
        mean: 3.27527046204
        min: -1.65924704075
        var: 22.7321720123
    barkbands_skewness:
        dmean: 0.497485607862
        dmean2: 0.792378008366
        dvar: 0.227732926607
        dvar2: 0.55496764183
        max: 4.58713960648
        mean: 1.56058120728
        min: -0.957764387131
        var: 1.03740441799
    barkbands_spread:
        dmean: 5.32967805862
        dmean2: 8.76531982422
        dvar: 27.0714092255
        dvar2: 66.8364105225
        max: 51.5653457642
        mean: 20.884853363
        min: 5.16199016571
        var: 92.5626983643
    dissonance:
        dmean: 0.029224511236
        dmean2: 0.051064748317
        dvar: 0.000718582537957
        dvar2: 0.00206938758492
        max: 0.49823153019
        mean: 0.446619391441
        min: 0.299909383059
        var: 0.00092141260393
    hfc:
        dmean: 1.43049299717
        dmean2: 2.02821683884
        dvar: 4.44886493683
        dvar2: 10.359500885
        max: 15.5368413925
        mean: 3.65160107613
        min: 4.89022295369e-06
        var: 9.45736789703
    pitch:
        dmean: 635.870178223
        dmean2: 1227.31225586
        dvar: 1551688.75
        dvar2: 4035485.25
        max: 4410
        mean: 817.428466797
        min: 78.60962677
        var: 1577085.75
    pitch_instantaneous_confidence:
        dmean: 0.0899953767657
        dmean2: 0.143511146307
        dvar: 0.00621551182121
        dvar2: 0.0129775907844
        max: 0.957399845123
        mean: 0.438201397657
        min: 0.182538092136
        var: 0.0236860141158
    pitch_salience:
        dmean: 0.0680397674441
        dmean2: 0.108782604337
        dvar: 0.00310272513889
        dvar2: 0.00730652175844
        max: 0.960734367371
        mean: 0.630713999271
        min: 0.362532764673
        var: 0.00832850020379
    silence_rate_20dB:
        dmean: 0
        dmean2: 0
        dvar: 0
        dvar2: 0
        max: 1
        mean: 1
        min: 1
        var: 0
    silence_rate_30dB:
        dmean: 0
        dmean2: 0
        dvar: 0
        dvar2: 0
        max: 1
        mean: 1
        min: 1
        var: 0
    silence_rate_60dB:
        dmean: 0.125581398606
        dmean2: 0.251748263836
        dvar: 0.109810352325
        dvar2: 0.207019239664
        max: 1
        mean: 0.357308596373
        min: 0
        var: 0.229639872909
    spectral_centroid:
        dmean: 158.345596313
        dmean2: 241.144470215
        dvar: 31283.4609375
        dvar2: 70301.46875
        max: 2478.65380859
        mean: 752.764038086
        min: 171.555648804
        var: 155693.203125
    spectral_complexity:
        dmean: 2.58041954041
        dmean2: 3.83878493309
        dvar: 8.80763435364
        dvar2: 17.7894363403
        max: 30
        mean: 9.02790737152
        min: 0
        var: 22.5294589996
    spectral_crest:
        dmean: 2.28598880768
        dmean2: 3.78589177132
        dvar: 3.81119561195
        dvar2: 10.6765003204
        max: 17.48944664
        mean: 8.31295585632
        min: 3.90448832512
        var: 7.94114732742
    spectral_decrease:
        dmean: 4.72648087335e-10
        dmean2: 8.00762345321e-10
        dvar: 4.98563468677e-19
        dvar2: 1.35272878076e-18
        max: -7.07958872342e-16
        mean: -1.10989606394e-09
        min: -4.62796556633e-09
        var: 5.3576534804e-19
    spectral_energy:
        dmean: 0.0018977005966
        dmean2: 0.0031862987671
        dvar: 8.01469286671e-06
        dvar2: 2.15522923099e-05
        max: 0.0186592321843
        mean: 0.00452021509409
        min: 3.11556380694e-09
        var: 8.91461877472e-06
    spectral_energyband_high:
        dmean: 5.75431222387e-05
        dmean2: 8.42798472149e-05
        dvar: 2.14820126132e-08
        dvar2: 4.6177863311e-08
        max: 0.00225519854575
        mean: 0.000118534102512
        min: 3.34965111204e-11
        var: 5.68669413781e-08
    spectral_energyband_low:
        dmean: 0.000193370855413
        dmean2: 0.00030678382609
        dvar: 4.50375843286e-08
        dvar2: 1.28520184717e-07
        max: 0.00175835832488
        mean: 0.000587588001508
        min: 4.10219670732e-11
        var: 9.15556199743e-08
    spectral_energyband_middle_high:
        dmean: 0.000392630288843
        dmean2: 0.000569112075027
        dvar: 3.74236208245e-07
        dvar2: 7.67970107063e-07
        max: 0.0061305789277
        mean: 0.00106194848195
        min: 2.79125300651e-09
        var: 1.10688461064e-06
    spectral_energyband_middle_low:
        dmean: 0.00160983030219
        dmean2: 0.0028220070526
        dvar: 6.08095342614e-06
        dvar2: 1.69577506313e-05
        max: 0.0151968970895
        mean: 0.00275213737041
        min: 2.40322817202e-10
        var: 5.68283758184e-06
    spectral_flatness_db:
        dmean: 0.0214956197888
        dmean2: 0.0324374549091
        dvar: 0.000348264322383
        dvar2: 0.000851461489219
        max: 0.302846640348
        mean: 0.203206077218
        min: 0.131343409419
        var: 0.00104962440673
    spectral_flux:
        dmean: 0.0129799889401
        dmean2: 0.0199191439897
        dvar: 0.000245843606535
        dvar2: 0.000507763586938
        max: 0.122844427824
        mean: 0.0368479564786
        min: 5.58172359888e-05
        var: 0.000427560997196
    spectral_kurtosis:
        dmean: 2.39457654953
        dmean2: 4.21107959747
        dvar: 7.0007390976
        dvar2: 19.8209152222
        max: 29.4890785217
        mean: 6.97808074951
        min: 2.15937805176
        var: 12.3462314606
    spectral_rms:
        dmean: 0.00040578408516
        dmean2: 0.000657358730678
        dvar: 2.64317378651e-07
        dvar2: 6.72823944114e-07
        max: 0.00426662992686
        mean: 0.00200241687708
        min: 1.74343756498e-06
        var: 4.00294680958e-07
    spectral_rolloff:
        dmean: 522.016601562
        dmean2: 904.746032715
        dvar: 505369.21875
        dvar2: 1257671.375
        max: 4285.10742188
        mean: 1347.67834473
        min: 172.265625
        var: 1215676.125
    spectral_skewness:
        dmean: 0.273382931948
        dmean2: 0.46424254775
        dvar: 0.0582215823233
        dvar2: 0.138372078538
        max: 3.97735404968
        mean: 1.94299602509
        min: 0.867271661758
        var: 0.206345319748
    spectral_spread:
        dmean: 393377.9375
        dmean2: 583210.375
        dvar: 406027960320
        dvar2: 515721035776
        max: 15397856
        mean: 3621731.5
        min: 1794411.125
        var: 848292937728
    spectral_strongpeak:
        dmean: 0.268287539482
        dmean2: 0.468193560839
        dvar: 0.295973718166
        dvar2: 0.821645021439
        max: 5.82157373428
        mean: 0.441211313009
        min: 8.11170175439e-05
        var: 0.359206587076
    zerocrossingrate:
        dmean: 0.00827346462756
        dmean2: 0.00963214598596
        dvar: 5.19556269865e-05
        dvar2: 7.00678865542e-05
        max: 0.1484375
        mean: 0.0532396882772
        min: 0.013671875
        var: 0.000473334366689
    barkbands:
        dmean: [3.48485009738e-08, 9.06552158995e-05, 0.000139401163324, 0.000256104453001, 0.000435298599768, 0.000530708930455, 0.000445589364972, 0.000357271608664, 0.000121115379443, 9.52265254455e-05, 6.3953892095e-05, 0.000111100802314, 8.25659008115e-05, 2.20528545469e-05, 2.88942828774e-05, 4.49276158179e-05, 6.01159590587e-05, 3.62995742762e-05, 7.12756591383e-05, 9.23082770896e-05, 1.27909006551e-05, 3.46242291016e-06, 6.40114990347e-07, 2.03235828167e-07, 1.47210556634e-07, 8.87691609108e-09, 4.57379495389e-10]
        dmean2: [4.28637711991e-08, 0.000130474145408, 0.000234909908613, 0.000401951692766, 0.000770564714912, 0.000913921976462, 0.000772732775658, 0.000649702793453, 0.000198693960556, 0.000165518795257, 0.000104677172203, 0.000172189989826, 0.000128945350298, 3.49500442098e-05, 4.75418419228e-05, 6.53972892906e-05, 9.8189280834e-05, 5.79831066716e-05, 0.000108490108687, 0.000139256750117, 1.7683240003e-05, 4.97075097883e-06, 8.48683839649e-07, 2.64444082632e-07, 2.00199991696e-07, 1.25388037731e-08, 6.00299199238e-10]
        dvar: [2.20018461458e-13, 1.28862565063e-08, 3.70349901857e-08, 8.93434304317e-08, 3.92414847283e-07, 8.38671894599e-07, 8.75172588621e-07, 7.37592301903e-07, 2.64223238844e-08, 3.70134785044e-08, 2.72411533331e-08, 4.40897913734e-08, 4.29954987169e-08, 3.42243522411e-09, 4.76405137562e-09, 7.84903342321e-09, 1.39290543544e-08, 3.58267460143e-09, 1.29664794457e-08, 2.57825636396e-08, 5.65698210497e-10, 4.5421704592e-11, 9.71677707913e-13, 1.19769266119e-13, 5.36880889951e-14, 2.39846802257e-16, 3.48894095201e-17]
        dvar2: [2.20467212737e-13, 1.96391933827e-08, 1.09845345264e-07, 2.17296630467e-07, 1.10679081899e-06, 2.30323871619e-06, 2.51871597357e-06, 2.07836637856e-06, 7.02224909332e-08, 1.04833141279e-07, 6.13494961499e-08, 8.89531293069e-08, 9.45747160586e-08, 7.14721437589e-09, 1.09355582367e-08, 1.37020066404e-08, 3.65741144037e-08, 8.14728196019e-09, 2.46127580539e-08, 5.83073962446e-08, 1.12237008576e-09, 9.22647305779e-11, 1.55186453965e-12, 2.10618780988e-13, 1.10021604186e-13, 4.95839852433e-16, 3.38856920213e-17]
        max: [9.74286376731e-06, 0.00100277364254, 0.0016945884563, 0.00198875577189, 0.00551180448383, 0.00607345905155, 0.00789557863027, 0.00556720746681, 0.00120477052405, 0.00162306218408, 0.00152367085684, 0.00222219363786, 0.00162768736482, 0.000999527052045, 0.00076425797306, 0.00129338796251, 0.00177344505209, 0.000588347727899, 0.000854663609061, 0.00220531062223, 0.00036195141729, 8.1363672507e-05, 1.11826257125e-05, 3.36715038429e-06, 1.73537148385e-06, 1.41420144928e-07, 1.24537095303e-07]
        mean: [3.86026606236e-08, 0.000270489254035, 0.000317070749588, 0.000466795812827, 0.000610497721937, 0.000534656341188, 0.000578380713705, 0.000330783077516, 0.000218792876694, 0.000191716855625, 8.02606518846e-05, 0.00016188697191, 0.000119588999951, 2.7520211006e-05, 3.57510580216e-05, 7.93835861259e-05, 0.000118155323435, 4.84103329654e-05, 0.000101579433249, 0.00019664329011, 2.35869283642e-05, 6.60204432279e-06, 1.12177576739e-06, 2.8692181786e-07, 2.07898324334e-07, 1.224998325e-08, 4.3170780839e-10]
        min: [1.85533862579e-11, 2.24594960685e-11, 9.41586739134e-12, 5.95167751888e-12, 8.70971263861e-12, 1.21691129396e-11, 3.0754201269e-11, 6.19968937299e-11, 1.1100939612e-10, 5.78199155221e-11, 1.1586852311e-10, 3.8411809844e-10, 1.18204457333e-09, 4.48014181309e-10, 4.74689419716e-11, 1.01345605519e-10, 1.45943340746e-10, 1.94310303958e-10, 8.71827124382e-11, 6.22088491831e-11, 4.80582587614e-12, 8.74108890738e-13, 1.17518820196e-12, 6.55752524763e-13, 3.0209881363e-13, 2.02692585481e-13, 6.48427946265e-15]
        var: [2.20328177361e-13, 4.92540408459e-08, 7.07882463757e-08, 1.95905087708e-07, 3.87065085761e-07, 7.2301537557e-07, 8.66651646447e-07, 4.97131281918e-07, 7.67374217503e-08, 8.65810250161e-08, 3.4073845967e-08, 9.79786847211e-08, 8.1400230556e-08, 4.35160574241e-09, 5.98680172104e-09, 2.34207266914e-08, 4.390701136e-08, 5.12012210407e-09, 1.91790494597e-08, 7.38000309752e-08, 1.49702672481e-09, 8.12318962096e-11, 2.32973774821e-12, 2.30187125871e-13, 8.89600554137e-14, 3.4597738357e-16, 3.59512943597e-17]
    mfcc:
        mean: [-759.484985352, 165.416641235, -34.3086624146, 67.4357070923, -21.2193374634, -6.41285991669, 4.83852720261, -4.72490549088, -3.08963036537, -2.46055150032, -4.71312475204, -1.30621790886, 8.12621498108]
        cov: [[3849.41748047, -234.005401611, -399.297363281, -609.800720215, -259.333129883, -242.994979858, -198.736053467, -164.187850952, -125.446723938, -143.90423584, -143.749557495, -1.33103263378, 0.724903464317], [-234.005401611, 511.754699707, -57.3446044922, -80.1662445068, -57.114566803, -79.5900878906, -75.1047515869, 45.4303855896, 84.1808624268, 68.3196487427, 38.7897949219, -27.5582370758, -14.9627189636], [-399.297363281, -57.3446044922, 398.303771973, 204.76373291, 8.93401813507, 6.36074876785, 36.2300605774, 9.90644168854, -15.8851728439, 48.58959198, 35.1752204895, -91.3216400146, -16.3263244629], [-609.800720215, -80.1662445068, 204.76373291, 398.570861816, 128.058990479, 110.785667419, 87.0835037231, 3.71582341194, 22.3699359894, 6.3593506813, 14.4985895157, -14.6294183731, 14.0309076309], [-259.333129883, -57.114566803, 8.93401813507, 128.058990479, 138.614303589, 74.595451355, 40.6783065796, -3.41345381737, 1.6919271946, -7.81617641449, -7.22744131088, 27.2833900452, 2.46697616577], [-242.994979858, -79.5900878906, 6.36074876785, 110.785667419, 74.595451355, 145.153411865, 65.3458328247, 19.0747070312, 17.2758655548, -19.8250198364, -7.55739450455, 40.3387985229, 18.5457553864], [-198.736053467, -75.1047515869, 36.2300605774, 87.0835037231, 40.6783065796, 65.3458328247, 115.030067444, 21.6937522888, -27.8558578491, -22.9608001709, 19.8558120728, 37.0563278198, 21.048242569], [-164.187850952, 45.4303855896, 9.90644168854, 3.71582341194, -3.41345381737, 19.0747070312, 21.6937522888, 84.8816070557, 45.270816803, 13.9956331253, 7.78598213196, 9.33445453644, 5.8099694252], [-125.446723938, 84.1808624268, -15.8851728439, 22.3699359894, 1.6919271946, 17.2758655548, -27.8558578491, 45.270816803, 129.247558594, 64.810798645, -21.8384113312, -23.1543464661, -2.3874669075], [-143.90423584, 68.3196487427, 48.58959198, 6.3593506813, -7.81617641449, -19.8250198364, -22.9608001709, 13.9956331253, 64.810798645, 106.638656616, 19.8286647797, -52.7491378784, -18.1366634369], [-143.749557495, 38.7897949219, 35.1752204895, 14.4985895157, -7.22744131088, -7.55739450455, 19.8558120728, 7.78598213196, -21.8384113312, 19.8286647797, 87.1313858032, 8.1104516983, -10.3969268799], [-1.33103263378, -27.5582370758, -91.3216400146, -14.6294183731, 27.2833900452, 40.3387985229, 37.0563278198, 9.33445453644, -23.1543464661, -52.7491378784, 8.1104516983, 114.387016296, 24.730512619], [0.724903464317, -14.9627189636, -16.3263244629, 14.0309076309, 2.46697616577, 18.5457553864, 21.048242569, 5.8099694252, -2.3874669075, -18.1366634369, -10.3969268799, 24.730512619, 47.0347518921]]
        icov: [[0.000472552404972, 0.000331370072672, 0.000206367796636, 0.000415834394516, 0.00040702035767, 0.000358182966011, 0.000167714373674, 0.000577507773414, -0.000204893425689, 0.00050856085727, 0.000257317326032, 0.000177910391358, -0.000114214017231], [0.000331370072672, 0.00314357620664, 0.000704184174538, 0.000107001687866, 0.000388600543374, 0.00155748659745, 0.0013977244962, -0.000806509982795, -0.00167148187757, 0.000256436469499, -0.00180230755359, 0.000325818487909, -0.000508591183461], [0.000206367796636, 0.000704184174538, 0.0058709224686, -0.00355788553134, 0.00238625868224, 0.000316506368108, 0.000391916983062, -0.00264703389257, 0.00392850814387, -0.00263170502149, -1.37027400342e-05, 0.00324415252544, 0.000697526906151], [0.000415834394516, 0.000107001687866, -0.00355788553134, 0.00786298140883, -0.00492417113855, -0.000913195777684, -0.00277927378193, 0.0039140721783, -0.00545919500291, 0.00421368423849, -0.00219402159564, 0.00174935825635, -0.0022314467933], [0.00040702035767, 0.000388600543374, 0.00238625868224, -0.00492417113855, 0.0149041153491, -0.00378713919781, 0.000549011863768, 0.00022766123584, 0.00368964741938, -0.00384294032119, 0.00369953271002, -0.00320799136534, 0.00406226329505], [0.000358182966011, 0.00155748659745, 0.000316506368108, -0.000913195777684, -0.00378713919781, 0.0147743085399, -0.00486142421141, 0.000252451427514, -0.00540111167356, 0.00307401875034, -1.04410473796e-05, -0.00174253061414, -0.00078522140393], [0.000167714373674, 0.0013977244962, 0.000391916983062, -0.00277927378193, 0.000549011863768, -0.00486142421141, 0.0188348237425, -0.00681215198711, 0.00730716250837, -0.0025167146232, -0.00197082548402, -0.00231987633742, -0.00410736072809], [0.000577507773414, -0.000806509982795, -0.00264703389257, 0.0039140721783, 0.00022766123584, 0.000252451427514, -0.00681215198711, 0.0212373994291, -0.0122604630888, 0.00539575750008, -0.00284468685277, -0.00112863106187, -0.00061536784051], [-0.000204893425689, -0.00167148187757, 0.00392850814387, -0.00545919500291, 0.00368964741938, -0.00540111167356, 0.00730716250837, -0.0122604630888, 0.0262888018042, -0.0165987666696, 0.00954570621252, -0.00141191272996, 0.000430539803347], [0.00050856085727, 0.000256436469499, -0.00263170502149, 0.00421368423849, -0.00384294032119, 0.00307401875034, -0.0025167146232, 0.00539575750008, -0.0165987666696, 0.0256578885019, -0.00958235189319, 0.00782795716077, 0.000169602019014], [0.000257317326032, -0.00180230755359, -1.37027400342e-05, -0.00219402159564, 0.00369953271002, -1.04410473796e-05, -0.00197082548402, -0.00284468685277, 0.00954570621252, -0.00958235189319, 0.0198298469186, -0.0057747955434, 0.00532509805635], [0.000177910391358, 0.000325818487909, 0.00324415252544, 0.00174935825635, -0.00320799136534, -0.00174253061414, -0.00231987633742, -0.00112863106187, -0.00141191272996, 0.00782795716077, -0.0057747955434, 0.0187744665891, -0.0054631261155], [-0.000114214017231, -0.000508591183461, 0.000697526906151, -0.0022314467933, 0.00406226329505, -0.00078522140393, -0.00410736072809, -0.00061536784051, 0.000430539803347, 0.000169602019014, 0.00532509805635, -0.0054631261155, 0.028156068176]]
    spectral_contrast:
        mean: [4.50296624877e-07, 3.38291016533e-07, 3.16041052884e-07, -5.83259179621e-07, -1.23090515558e-07, -1.10337900594e-07, -3.34229571308e-06, 1.20449897167e-06, 4.53951724921e-06, -1.04044761429e-06, -4.17897854277e-06, -3.01544059766e-06]
        var: [0.000334182579536, 0.000649264431559, 0.00181086699013, 0.00211746408604, 0.00327490339987, 0.00440034642816, 0.0372962281108, 0.074734352529, 0.126917511225, 0.21775379777, 0.360236942768, 2.19926571846]

rhythm:
    beats_loudness:
        dmean: 0.00380372605287
        dmean2: 0.00773331336677
        dvar: 2.48065930464e-06
        dvar2: 7.0242658694e-06
        max: 0.00977485906333
        mean: 0.00623235339299
        min: 0.00273481104523
        var: 4.68009329779e-06
    beats_loudness_bass:
        dmean: 0.0650705695152
        dmean2: 0.121847815812
        dvar: 0.00213492917828
        dvar2: 0.00423315307125
        max: 0.29405644536
        mean: 0.137296840549
        min: 0.01017570775
        var: 0.00438907695934
    bpm: 120.14528656
    bpm_confidence: 0
    first_peak_bpm: 120
    first_peak_spread: 0
    first_peak_weight: 0.947368443012
    onset_rate: 4.00850772858
    second_peak_bpm: 114
    second_peak_spread: 0
    second_peak_weight: 0.0526315793395
    beats_position: [0.324227720499, 0.824483335018, 1.32473897934, 1.82499468327, 2.32525038719, 2.82550597191, 3.32576179504, 3.82601761818, 4.32627344131, 4.82652902603, 5.32678508759, 5.8270406723, 6.35399770737, 6.85245227814, 7.35090637207, 7.849360466, 8.34781455994, 8.84626865387, 9.3447227478, 9.84317684174]
    bpm_estimates: [119.902259827, 120.028694153, 120.040252686, 120.001426697, 120.067268372, 119.475639343, 119.862190247, 119.954025269, 119.892845154, 120.021598816, 120.081695557, 120.414703369, 120.336753845, 120.366889954, 120.256713867, 120.279624939, 120.209739685, 120.329460144, 120.71598053, 120.464866638, 120.348480225]
    bpm_intervals: [0.500255584717, 0.500255644321, 0.500255703926, 0.500255703926, 0.500255584717, 0.500255823135, 0.500255823135, 0.500255823135, 0.500255584717, 0.500256061554, 0.500255584717, 0.526957035065, 0.49845457077, 0.498454093933, 0.498454093933, 0.498454093933, 0.498454093933, 0.498454093933, 0.498454093933]
    onset_times: [0.0464399084449, 0.301859408617, 0.580498874187, 0.696598649025, 1.05650794506, 1.31192743778, 1.59056687355, 1.71827661991, 1.98530614376, 2.06657600403, 2.32199549675, 2.57741498947, 2.82122445107, 3.06503391266, 3.33206343651, 3.73841261864, 4.08671188354, 4.34213161469, 4.59755086899, 4.74848079681, 4.841360569, 5.08517026901, 5.32897949219, 5.74693870544, 5.87464857101, 6.09523820877, 6.33904743195, 6.60607719421, 6.8382768631, 7.0936961174, 7.33750581741, 7.75546503067, 7.99927425385, 8.09215450287, 8.34757328033, 8.6146030426, 8.84680271149, 9.10222244263, 9.34603214264, 9.75238132477]
    rubato_start: []
    rubato_stop: []
    perceptual_tempo: "unknown"

sfx:
    inharmonicity:
        dmean: 0.0336499847472
        dmean2: 0.0590737834573
        dvar: 0.00190795992967
        dvar2: 0.00478284945711
        max: 0.35547414422
        mean: 0.0350077487528
        min: 3.5267066778e-06
        var: 0.00217120698653
    oddtoevenharmonicenergyratio:
        dmean: 2.2086930275
        dmean2: 4.08699798584
        dvar: 59.8444633484
        dvar2: 176.603622437
        max: 102.203262329
        mean: 1.6410639286
        min: 4.04423626605e-05
        var: 32.780418396
    pitch_after_max_to_before_max_energy_ratio: 7.62943553925
    pitch_centroid: 224.173629761
    pitch_max_to_total: 0.190697669983
    pitch_min_to_total: 0.848837196827
    tristimulus:
        dmean: [0.226359292865, 0.236875236034, 0.0981190577149]
        dmean2: [0.387087494135, 0.405511051416, 0.178496420383]
        dvar: [0.0399219542742, 0.0455016382039, 0.016923038289]
        dvar2: [0.110166445374, 0.123561963439, 0.0449463911355]
        max: [0.987422227859, 0.979781627655, 0.73703712225]
        mean: [0.435633838177, 0.44720068574, 0.0964840874076]
        min: [0.0132280187681, 0, 0]
        var: [0.0559381395578, 0.058526147157, 0.0185807589442]

tonal:
    chords_changes_rate: 0.0418604649603
    chords_number_rate: 0.0232558138669
    chords_strength:
        dmean: 0.00861404743046
        dmean2: 0.0107955830172
        dvar: 5.06621290697e-05
        dvar2: 9.43608683883e-05
        max: 0.756792247295
        mean: 0.61984962225
        min: 0.372772097588
        var: 0.00806885026395
    key_strength: 0.605050384998
    tuning_diatonic_strength: 0.515597403049
    tuning_equal_tempered_deviation: 0.296390682459
    tuning_frequency: 433.942382812
    tuning_nontempered_energy_ratio: 0.890919685364
    hpcp:
        dmean: [0.136709153652, 0.144196525216, 0.114572361112, 0.0933092162013, 0.0844940319657, 0.0749150365591, 0.0512630529702, 0.0571207627654, 0.0968931317329, 0.142110750079, 0.173602938652, 0.184211522341, 0.205915629864, 0.138871982694, 0.0533145256341, 0.0306485369802, 0.0374433584511, 0.0517300479114, 0.0821521505713, 0.121715806425, 0.111050441861, 0.14387537539, 0.135872781277, 0.150576427579, 0.192935094237, 0.216381877661, 0.175935849547, 0.200959980488, 0.127423077822, 0.0544327273965, 0.0453930050135, 0.0765290856361, 0.100273393095, 0.0852086618543, 0.0663071870804, 0.103895515203]
        dmean2: [0.229627713561, 0.24189285934, 0.185626149178, 0.160045146942, 0.142946138978, 0.124258346856, 0.088099129498, 0.0975797399879, 0.16378672421, 0.240537673235, 0.293764799833, 0.320340245962, 0.365853011608, 0.245990216732, 0.0910657718778, 0.0532911643386, 0.0637691020966, 0.0883779302239, 0.145916685462, 0.215956434608, 0.189566537738, 0.254609167576, 0.235266521573, 0.254146426916, 0.338804006577, 0.368207126856, 0.309200763702, 0.343519687653, 0.225864052773, 0.0948094278574, 0.0767384022474, 0.126792609692, 0.17228397727, 0.145479977131, 0.114924423397, 0.171440303326]
        dvar: [0.0436508320272, 0.044895529747, 0.0192244835198, 0.0232195705175, 0.0134335020557, 0.00978234410286, 0.00627560727298, 0.0077056880109, 0.0287370532751, 0.0415814332664, 0.0448116399348, 0.0446711219847, 0.0565164871514, 0.045223981142, 0.0102907801047, 0.00271499692462, 0.00537273753434, 0.00862658955157, 0.0192003808916, 0.0439018718898, 0.0361110530794, 0.047210238874, 0.0335363708436, 0.0419953949749, 0.0476959943771, 0.0731104314327, 0.0587031058967, 0.0616160146892, 0.0402438789606, 0.0107319559902, 0.00554172787815, 0.0149095570669, 0.0236058905721, 0.0171371735632, 0.00955973193049, 0.0171630363911]
        dvar2: [0.0935868471861, 0.11197476089, 0.0465678535402, 0.0632562637329, 0.0332868769765, 0.0240777041763, 0.0150852240622, 0.0196750089526, 0.068188406527, 0.0994768068194, 0.120714172721, 0.111648589373, 0.148934930563, 0.110465556383, 0.0261421632022, 0.00708698481321, 0.0136834708974, 0.0245720166713, 0.0517870411277, 0.127178251743, 0.07718231529, 0.147720053792, 0.0918600559235, 0.0836292952299, 0.129875376821, 0.159888237715, 0.129210799932, 0.138234138489, 0.10452234, 0.025302072987, 0.0148192932829, 0.039295502007, 0.0618091858923, 0.0451602973044, 0.0259990617633, 0.0387324094772]
        max: [1, 1, 1, 1, 0.672254443169, 0.580081999302, 0.665577232838, 0.468226313591, 1, 1, 1, 1, 1, 1, 0.883934855461, 0.368202269077, 0.572591602802, 0.660178363323, 1, 1, 1, 1, 1, 1, 1, 1, 1, 1, 1, 0.677675306797, 0.513855934143, 0.783746659756, 1, 1, 0.542674958706, 0.959891617298]
        mean: [0.289160877466, 0.295904129744, 0.177981063724, 0.100355625153, 0.093999736011, 0.0777948126197, 0.049663502723, 0.0523886308074, 0.0930626913905, 0.146158978343, 0.17982545495, 0.231605425477, 0.255410522223, 0.153221726418, 0.0465885661542, 0.0273314900696, 0.0343464948237, 0.0435623563826, 0.07610937953, 0.152460306883, 0.195108100772, 0.174352288246, 0.2029530406, 0.214928299189, 0.207965180278, 0.331267386675, 0.373662918806, 0.22740469873, 0.0945793688297, 0.0444297157228, 0.0434058792889, 0.0673858895898, 0.0961519181728, 0.0923032984138, 0.0679551512003, 0.145074725151]
        min: [0.00183723925147, 0.00164043530822, 0.000646614178549, 0.000780987902544, 0.00181160937063, 0.00244662095793, 0.00118440028746, 0.000727462058421, 0.00226698815823, 0.00211653066799, 0.00515551259741, 0.00560392066836, 0.000891922740266, 0.000558922009077, 0.000638669123873, 0.000256977218669, 0.000262309593381, 0.000257218489423, 0.000356143631507, 0.000833100872114, 0.0004884377704, 0.000594611396082, 0.00300351646729, 0.00135381997097, 0.00127958355006, 0.00124520657118, 0.00031079936889, 0.000622425228357, 0.000266817660304, 0.000516933214385, 0.00083377561532, 0.0015724276891, 0.00207810942084, 0.00249409303069, 0.00169937347528, 0.00148945162073]
        var: [0.139029562473, 0.131989121437, 0.0353969335556, 0.0182225555182, 0.0141606200486, 0.0104019343853, 0.00554934609681, 0.00688391458243, 0.0297284089029, 0.0506679527462, 0.0506736338139, 0.0538419894874, 0.0698117166758, 0.0488807633519, 0.0089063346386, 0.0021740719676, 0.00455435132608, 0.00681164860725, 0.0202713850886, 0.0650275796652, 0.0912781581283, 0.0472066216171, 0.0559578873217, 0.0852042511106, 0.052950207144, 0.142883345485, 0.159340023994, 0.0866094082594, 0.0309020206332, 0.00826232414693, 0.00439467281103, 0.0124241439626, 0.0190982352942, 0.0155928730965, 0.00865672808141, 0.0365598686039]
    chords_histogram: [0, 0, 0, 5.58139514923, 0, 0, 0, 0, 0, 81.8604660034, 0, 0, 0, 0, 0, 0, 2.32558131218, 8.37209320068, 0, 0, 0, 0, 1.86046516895, 0]
    thpcp: [1, 0.608582437038, 0.253114134073, 0.118903197348, 0.11616319418, 0.180338710546, 0.257322609425, 0.247022897005, 0.181862175465, 0.388250261545, 0.773854911327, 0.791901230812, 0.476314485073, 0.268572598696, 0.251562923193, 0.2081951648, 0.132909908891, 0.140202909708, 0.249055191875, 0.391151934862, 0.481250464916, 0.61982446909, 0.683531880379, 0.410053342581, 0.124680735171, 0.0731447711587, 0.0919183939695, 0.116581961513, 0.203684598207, 0.408015608788, 0.522150039673, 0.466603130102, 0.543144702911, 0.575192987919, 0.556558251381, 0.886540710926]
    chords_key: "F"
    chords_scale: "major"
    key_key: "A#"
    key_scale: "minor"
    chords_progression: ["G#", "G#", "G#", "G#", "D#m", "D#m", "D#m", "G#", "D#m", "G#", "G#", "G#", "G#", "G#", "G#", "G#", "A", "A", "A", "A", "A", "A", "A", "A", "A", "A", "A", "A", "A", "A", "A", "A", "A", "A", "F", "F", "F", "F", "F", "F", "F", "F", "F", "F", "F", "F", "F", "F", "F", "F", "F", "F", "F", "F", "F", "F", "F", "F", "F", "F", "F", "F", "F", "F", "F", "F", "F", "F", "F", "F", "F", "F", "F", "F", "F", "F", "F", "F", "F", "F", "F", "F", "F", "F", "F", "F", "F", "F", "F", "F", "F", "F", "F", "F", "F", "F", "F", "F", "F", "F", "F", "F", "F", "F", "F", "F", "F", "F", "F", "F", "F", "F", "F", "F", "F", "F", "F", "F", "F", "F", "F", "F", "F", "F", "F", "F", "F", "F", "F", "F", "F", "F", "F", "F", "F", "F", "F", "F", "F", "F", "F", "F", "F", "F", "F", "F", "F", "F", "F", "F", "F", "F", "F", "F", "F", "F", "F", "F", "F", "F", "F", "F", "F", "F", "F", "F", "F", "F", "F", "F", "F", "F", "F", "F", "F", "F", "F", "F", "F", "F", "F", "F", "F", "F", "F", "F", "F", "F", "F", "F", "F", "F", "F", "F", "F", "F", "F", "F", "F", "F", "F", "F", "F", "F", "F", "F", "F", "F", "F", "F#m", "F", "F#m", "F#m", "F#m", "F#m"]
