
metadata:
    version:
        essentia: "1.2.2"
    audio_properties:
        analysis_sample_rate: 44100
        bitrate: 128
        channels: 2
        equal_loudness: 1
        length: 10.0310201645
        replay_gain: -14.67619133
        downmix: "mix"
    tags:
        track: 13
        year: 0
        album: "Splitted by Mp3Splt v. 2.1"
        artist: "From 002.00 To 002.10"
        comment: "http://mp3splt.sf.net"
        genre: ""
        title: "11 Revealed.mp3"

highlevel:
    ballroom:
        all:
            ChaChaCha: 0.23735190928
            Jive: 0.140413418412
            Quickstep: 0.000941388716456
            Rumba-American: 0.000225147363381
            Rumba-International: 0.00131312466692
            Rumba-Misc: 0.00135535164736
            Samba: 0.618014276028
            Tango: 0.000123585821711
            VienneseWaltz: 0.000161853560712
            Waltz: 9.99611074803e-05
        probability: 0.618014276028
        value: "Samba"
    culture:
        all:
            non_western: 0.075744651258
            western: 0.924255371094
        probability: 0.924255371094
        value: "western"
    gender:
        all:
            female: 0.942454874516
            male: 0.0575451366603
        probability: 0.942454874516
        value: "female"
    genre_dortmund:
        all:
            alternative: 0.0437827035785
            blues: 0.00666633108631
            electronic: 0.193798243999
            folkcountry: 0.0318104624748
            funksoulrnb: 0.0145353619009
            jazz: 0.0878999680281
            pop: 0.176046445966
            raphiphop: 0.0686439573765
            rock: 0.376816540956
        probability: 0.376816540956
        value: "rock"
    genre_electronica:
        all:
            ambient: 0.0691649988294
            dnb: 0.605901777744
            house: 0.00398240797222
            techno: 0.00755946198478
            trance: 0.313391327858
        probability: 0.605901777744
        value: "dnb"
    genre_rosamerica:
        all:
            cla: 0.0140322884545
            dan: 0.586681008339
            hip: 0.0145184136927
            jaz: 0.00483481679112
            pop: 0.27526819706
            rhy: 0.00795910600573
            roc: 0.0955100357533
            spe: 0.00119615276344
        probability: 0.586681008339
        value: "dan"
    genre_tzanetakis:
        all:
            blu: 0.00314042647369
            cla: 0.0126172211021
            cou: 0.0311666764319
            dis: 0.119332514703
            hip: 0.0246409047395
            jaz: 0.213592395186
            met: 0.0313065573573
            pop: 0.355427324772
            reg: 0.0143488552421
            roc: 0.194427132607
        probability: 0.355427324772
        value: "pop"
    live_studio:
        all:
            live: 0.317065447569
            studio: 0.682934522629
        probability: 0.682934522629
        value: "studio"
    mood:
        all:
            Cluster1: 0.365010112524
            Cluster2: 0.180377811193
            Cluster3: 0.0248163565993
            Cluster4: 0.0687993019819
            Cluster5: 0.360996425152
        probability: 0.365010112524
        value: "Cluster1"
    mood_acoustic:
        all:
            acoustic: 1.84892451216e-05
            not_acoustic: 0.99998152256
        probability: 0.99998152256
        value: "not_acoustic"
    mood_aggressive:
        all:
            aggressive: 0.871602833271
            not_aggressive: 0.12839718163
        probability: 0.871602833271
        value: "aggressive"
    mood_electronic:
        all:
            electronic: 0.931709289551
            not_electronic: 0.0682907253504
        probability: 0.931709289551
        value: "electronic"
    mood_happy:
        all:
            happy: 0.735124349594
            not_happy: 0.264875650406
        probability: 0.735124349594
        value: "happy"
    mood_party:
        all:
            not_party: 0.311579585075
            party: 0.688420414925
        probability: 0.688420414925
        value: "party"
    mood_relaxed:
        all:
            not_relaxed: 0.939474761486
            relaxed: 0.0605252198875
        probability: 0.939474761486
        value: "not_relaxed"
    mood_sad:
        all:
            not_sad: 0.880164444447
            sad: 0.119835563004
        probability: 0.880164444447
        value: "not_sad"
    rhythm:
        all:
            fast: 0.690855145454
            medium: 0.302192807198
            slow: 0.00695205386728
        probability: 0.690855145454
        value: "fast"
    speech_music:
        all:
            music: 0.999965250492
            speech: 3.47559034708e-05
        probability: 0.999965250492
        value: "music"
    timbre:
        all:
            bright: 0.906426012516
            dark: 0.0935740023851
        probability: 0.906426012516
        value: "bright"
    voice_instrumental:
        all:
            instrumental: 0.0184619277716
            voice: 0.981538057327
        probability: 0.981538057327
        value: "voice"

lowlevel:
    average_loudness: 0.980593442917
    barkbands_kurtosis:
        dmean: 0.55911898613
        dmean2: 0.927863895893
        dvar: 0.793898224831
        dvar2: 1.67441093922
        max: 9.38450527191
        mean: -0.921943545341
        min: -1.72957479954
        var: 0.89104282856
    barkbands_skewness:
        dmean: 0.41804009676
        dmean2: 0.626196146011
        dvar: 0.154072836041
        dvar2: 0.348219275475
        max: 2.81748914719
        mean: 0.213171377778
        min: -1.33214867115
        var: 0.403249621391
    barkbands_spread:
        dmean: 5.80922985077
        dmean2: 9.02873802185
        dvar: 21.4813346863
        dvar2: 55.0098991394
        max: 57.9127922058
        mean: 36.9299049377
        min: 15.5129680634
        var: 59.3558883667
    dissonance:
        dmean: 0.0176420826465
        dmean2: 0.0301597509533
        dvar: 0.000226016869419
        dvar2: 0.000599815452006
        max: 0.499998629093
        mean: 0.470064550638
        min: 0.392025828362
        var: 0.000345973065123
    hfc:
        dmean: 3.25520348549
        dmean2: 4.37299919128
        dvar: 17.7277107239
        dvar2: 28.7045402527
        max: 36.3375358582
        mean: 6.53453159332
        min: 1.22106723666e-06
        var: 41.9336395264
    pitch:
        dmean: 1039.40161133
        dmean2: 2028.9329834
        dvar: 2394869
        dvar2: 5920674
        max: 4410
        mean: 990.806274414
        min: 87.6739578247
        var: 2043430.125
    pitch_instantaneous_confidence:
        dmean: 0.0800913274288
        dmean2: 0.130752250552
        dvar: 0.00356144062243
        dvar2: 0.00971817597747
        max: 0.636203706264
        mean: 0.327452301979
        min: 0.0128013491631
        var: 0.00803772825748
    pitch_salience:
        dmean: 0.0643046870828
        dmean2: 0.106475688517
        dvar: 0.00240665697493
        dvar2: 0.0073231565766
        max: 0.795575022697
        mean: 0.635771811008
        min: 0.3978279531
        var: 0.00527114747092
    silence_rate_20dB:
        dmean: 0
        dmean2: 0
        dvar: 0
        dvar2: 0
        max: 1
        mean: 1
        min: 1
        var: 0
    silence_rate_30dB:
        dmean: 0
        dmean2: 0
        dvar: 0
        dvar2: 0
        max: 1
        mean: 1
        min: 1
        var: 0
    silence_rate_60dB:
        dmean: 0.203703701496
        dmean2: 0.406032472849
        dvar: 0.162208676338
        dvar2: 0.28757455945
        max: 1
        mean: 0.612009227276
        min: 0
        var: 0.237453639507
    spectral_centroid:
        dmean: 389.884613037
        dmean2: 563.010986328
        dvar: 113957.328125
        dvar2: 236032.5625
        max: 3286.62963867
        mean: 1693.00561523
        min: 332.697967529
        var: 319080.84375
    spectral_complexity:
        dmean: 4.8097448349
        dmean2: 6.88604640961
        dvar: 30.8500881195
        dvar2: 56.9428977966
        max: 49
        mean: 12.5439815521
        min: 0
        var: 80.2897872925
    spectral_crest:
        dmean: 1.69977045059
        dmean2: 2.87172174454
        dvar: 2.69497203827
        dvar2: 7.45137500763
        max: 12.8653821945
        mean: 5.66526126862
        min: 2.62329936028
        var: 4.13174343109
    spectral_decrease:
        dmean: 3.81022241536e-10
        dmean2: 5.87112525263e-10
        dvar: 3.66954199383e-19
        dvar2: 7.72351669433e-19
        max: -9.43089659846e-16
        mean: -8.15926104458e-10
        min: -4.33586766491e-09
        var: 5.08159797758e-19
    spectral_energy:
        dmean: 0.00170627934858
        dmean2: 0.00254986761138
        dvar: 6.79641834722e-06
        dvar2: 1.38506502481e-05
        max: 0.0190534684807
        mean: 0.0036721942015
        min: 3.67019503678e-09
        var: 1.03684951682e-05
    spectral_energyband_high:
        dmean: 0.000323761545587
        dmean2: 0.000429670937592
        dvar: 1.4998877873e-07
        dvar2: 2.2943046929e-07
        max: 0.00360203860328
        mean: 0.000495017215144
        min: 7.86366943784e-11
        var: 3.76253638024e-07
    spectral_energyband_low:
        dmean: 0.000122099547298
        dmean2: 0.000207527496968
        dvar: 6.09108852245e-08
        dvar2: 1.59891371254e-07
        max: 0.002898914041
        mean: 0.00026712359977
        min: 1.8576490346e-09
        var: 7.04815406039e-08
    spectral_energyband_middle_high:
        dmean: 0.000587422517128
        dmean2: 0.000860272499267
        dvar: 6.04668798587e-07
        dvar2: 1.16214664558e-06
        max: 0.00664298702031
        mean: 0.00138796388637
        min: 1.42384729007e-10
        var: 1.29713214392e-06
    spectral_energyband_middle_low:
        dmean: 0.000973364512902
        dmean2: 0.00164161296561
        dvar: 3.09487631966e-06
        dvar2: 7.0976607276e-06
        max: 0.0112202232704
        mean: 0.00152186024934
        min: 1.19084320183e-09
        var: 3.19807099913e-06
    spectral_flatness_db:
        dmean: 0.0155769158155
        dmean2: 0.023145975545
        dvar: 0.000161027855938
        dvar2: 0.000355652620783
        max: 0.197973847389
        mean: 0.102170601487
        min: 0.0540670901537
        var: 0.000608855101746
    spectral_flux:
        dmean: 0.0104199275374
        dmean2: 0.0159874781966
        dvar: 0.000196826760657
        dvar2: 0.000394774484448
        max: 0.110577113926
        mean: 0.0366478860378
        min: 6.05821333011e-05
        var: 0.000360730977263
    spectral_kurtosis:
        dmean: 0.774497926235
        dmean2: 1.16317510605
        dvar: 0.483756422997
        dvar2: 1.13321912289
        max: 6.91657733917
        mean: 1.63765311241
        min: -0.25342965126
        var: 0.947488546371
    spectral_rms:
        dmean: 0.000387508334825
        dmean2: 0.000561745255254
        dvar: 2.2591216009e-07
        dvar2: 4.52725458899e-07
        max: 0.00431146705523
        mean: 0.00177154515404
        min: 1.8922679601e-06
        var: 4.44255363163e-07
    spectral_rolloff:
        dmean: 678.020751953
        dmean2: 1036.44787598
        dvar: 347332.78125
        dvar2: 801368.125
        max: 5124.90234375
        mean: 3393.2253418
        min: 344.53125
        var: 847043.75
    spectral_skewness:
        dmean: 0.176333606243
        dmean2: 0.2569001019
        dvar: 0.0189986806363
        dvar2: 0.0450647473335
        max: 1.91653192043
        mean: 1.20351839066
        min: 0.699818849564
        var: 0.0540184825659
    spectral_spread:
        dmean: 1082703
        dmean2: 1631937.5
        dvar: 1.41813756723e+12
        dvar2: 2.46650503168e+12
        max: 24042154
        mean: 7094476.5
        min: 3938141.5
        var: 2.14103425024e+12
    spectral_strongpeak:
        dmean: 0.310081630945
        dmean2: 0.541384935379
        dvar: 0.187583953142
        dvar2: 0.477106779814
        max: 4.12177610397
        mean: 0.40022701025
        min: 0
        var: 0.232572808862
    zerocrossingrate:
        dmean: 0.0141726182774
        dmean2: 0.0155807137489
        dvar: 0.00011094641377
        dvar2: 0.000149387240526
        max: 0.15966796875
        mean: 0.102870233357
        min: 0.04833984375
        var: 0.000558001105674
    barkbands:
        dmean: [1.48806691413e-06, 4.46009507868e-05, 9.84747384791e-05, 0.000161652889801, 0.000381544668926, 0.000328073714627, 7.61317060096e-05, 0.000250463403063, 8.09028497315e-05, 3.72055037587e-05, 3.99453747377e-05, 4.77589201182e-05, 6.98168878444e-05, 5.89820665482e-05, 9.61546174949e-05, 8.2748803834e-05, 9.8948032246e-05, 0.000106233128463, 0.000171822233824, 0.000184607648407, 0.000149949773913, 5.62591012567e-05, 2.06645781873e-05, 1.23418903968e-05, 8.22551373858e-06, 3.35372789095e-07, 9.0554591603e-10]
        dmean2: [2.1975126856e-06, 7.32765038265e-05, 0.000168058017152, 0.000282050139504, 0.000675790593959, 0.000544109672774, 0.000130693020765, 0.000405095197493, 0.000130853935843, 5.88062939642e-05, 6.70318113407e-05, 8.08858821983e-05, 0.000119665004604, 9.73853311734e-05, 0.000152873544721, 0.000134780595545, 0.000159078103025, 0.000165240169736, 0.000258962973021, 0.000269352720352, 0.000204728872632, 7.62117706472e-05, 3.00748833979e-05, 1.8670099962e-05, 1.3044887055e-05, 5.05029277065e-07, 1.48531531519e-09]
        dvar: [5.75735813191e-12, 6.77430200824e-09, 4.95651164556e-08, 1.84005202186e-07, 5.92235153363e-07, 5.63818502997e-07, 1.53302721628e-08, 2.50992400197e-07, 1.65075224601e-08, 2.92898394427e-09, 3.56478047081e-09, 3.97210531133e-09, 8.98953356199e-09, 6.77157530049e-09, 1.63639022333e-08, 1.42208502751e-08, 2.81539609404e-08, 3.27172067216e-08, 5.47189102917e-08, 6.51956071351e-08, 3.36051435568e-08, 6.45367581598e-09, 7.19005466276e-10, 2.13779507985e-10, 9.25522644635e-11, 1.77601301179e-13, 2.03706564129e-18]
        dvar2: [1.42908575598e-11, 1.76723986556e-08, 1.29229391632e-07, 4.89174055929e-07, 1.60650381531e-06, 1.39585927172e-06, 4.37968346034e-08, 6.5972108132e-07, 4.3359229096e-08, 6.92886148457e-09, 9.17430931224e-09, 1.05945465734e-08, 2.60050061485e-08, 1.76586922862e-08, 3.66058117152e-08, 3.54755655962e-08, 6.62550831976e-08, 7.03891060994e-08, 1.02399752677e-07, 1.20155547734e-07, 6.21164062409e-08, 1.02874020413e-08, 1.45701195553e-09, 4.77111350428e-10, 2.17326892593e-10, 4.09227827406e-13, 4.83710324085e-18]
        max: [2.18045915972e-05, 0.000628556241281, 0.00265190959908, 0.00355223426595, 0.00448621017858, 0.00591976661235, 0.00103110843338, 0.00434024538845, 0.000848308554851, 0.00056637020316, 0.000804551644251, 0.000474039785331, 0.000605831795838, 0.000651623704471, 0.00117364001926, 0.00112535560038, 0.00173016951885, 0.00198658113368, 0.00183991028462, 0.00232660700567, 0.00146435806528, 0.000816854764707, 0.000208245692193, 0.000131390726892, 6.54536488582e-05, 2.22249241233e-06, 1.27590524812e-08]
        mean: [6.58691033095e-06, 8.52595549077e-05, 0.000175507913809, 0.000178028640221, 0.000399767770432, 0.000402639037929, 0.000112189925858, 0.000296872807667, 0.000125101039885, 5.54928265046e-05, 5.51638731849e-05, 6.81619130773e-05, 8.98454454727e-05, 9.46387372096e-05, 0.000150937514263, 0.000134100497235, 0.000148489431012, 0.00015884853201, 0.000310943141812, 0.000282148568658, 0.0001956136839, 8.99321021279e-05, 2.92541499221e-05, 1.66713944054e-05, 9.65123854257e-06, 3.4865172438e-07, 8.74527728012e-10]
        min: [1.67257006856e-11, 1.0018168517e-09, 4.63853122579e-10, 3.16603021577e-10, 4.30562668852e-10, 1.91155591356e-10, 7.68121885542e-11, 5.33104775602e-11, 1.09430520201e-10, 6.35300145824e-11, 2.09018930636e-11, 6.20505166346e-12, 7.28416372359e-12, 4.18355194237e-12, 8.13642903053e-12, 7.92393668042e-12, 4.70288391563e-12, 1.06295024865e-11, 2.0362937031e-11, 2.33243459269e-11, 2.10997278677e-11, 1.55786477468e-11, 8.02983460974e-12, 4.14213194994e-12, 3.71431531365e-12, 2.17469727122e-12, 7.91149047316e-13]
        var: [1.81740161115e-11, 7.52465822984e-09, 5.76445309264e-08, 1.36745782697e-07, 4.55668129007e-07, 4.98515646541e-07, 1.64022413429e-08, 2.50720717077e-07, 2.62378350158e-08, 4.42105552168e-09, 4.4469135041e-09, 5.4599782473e-09, 1.14856879563e-08, 1.28550121659e-08, 2.79324492425e-08, 2.25602452275e-08, 3.75565356592e-08, 4.98278112104e-08, 1.03685749764e-07, 1.24285833181e-07, 6.993205659e-08, 1.4861108788e-08, 1.48127399235e-09, 3.65067615027e-10, 1.21334303715e-10, 2.18370975599e-13, 2.08383298555e-18]
    mfcc:
        mean: [-693.729431152, 80.9731750488, -24.0527744293, 38.3045196533, -7.55293655396, -1.46559286118, -4.52461957932, -12.6756658554, -6.4985666275, -0.385257899761, -0.925716400146, -3.63824057579, -0.667984008789]
        cov: [[3151.86572266, -425.566223145, -45.3436355591, 107.736312866, -146.141586304, -98.8497161865, -32.7843093872, 113.102485657, 111.902099609, 21.5916881561, 2.88416624069, 2.69258236885, -53.7965087891], [-425.566223145, 407.694976807, -19.7959365845, 12.8126983643, 90.0882415771, 5.92168807983, 11.6370010376, 26.4477500916, 0.491637945175, 13.5548238754, 24.7289810181, 10.6298904419, 14.1624393463], [-45.3436355591, -19.7959365845, 280.711486816, 84.3943023682, 78.9897155762, 114.544189453, 93.6231307983, 51.2558631897, 42.0725097656, 19.9540653229, 41.1509361267, 36.7260742188, 2.9055826664], [107.736312866, 12.8126983643, 84.3943023682, 151.52532959, 56.3627700806, 46.4687423706, 49.4879417419, 54.4171905518, 55.1149749756, 26.192987442, 18.1120872498, 16.4044322968, 7.13100004196], [-146.141586304, 90.0882415771, 78.9897155762, 56.3627700806, 188.937286377, 129.339248657, 62.1041984558, 31.6921806335, 31.4592571259, 31.1072330475, 26.0847663879, 12.7288284302, 22.6484642029], [-98.8497161865, 5.92168807983, 114.544189453, 46.4687423706, 129.339248657, 218.921951294, 118.0806427, 21.7082824707, 20.099609375, 35.6391029358, 38.7632827759, 12.0966024399, 14.93110466], [-32.7843093872, 11.6370010376, 93.6231307983, 49.4879417419, 62.1041984558, 118.0806427, 137.171234131, 65.3054428101, 42.3640594482, 29.1685333252, 30.1737689972, 15.902349472, 12.7888917923], [113.102485657, 26.4477500916, 51.2558631897, 54.4171905518, 31.6921806335, 21.7082824707, 65.3054428101, 122.000976562, 81.2877960205, 28.5572814941, 22.0088825226, 19.632566452, 5.31717300415], [111.902099609, 0.491637945175, 42.0725097656, 55.1149749756, 31.4592571259, 20.099609375, 42.3640594482, 81.2877960205, 114.595863342, 58.6842460632, 18.6180019379, 8.82641792297, -0.936590492725], [21.5916881561, 13.5548238754, 19.9540653229, 26.192987442, 31.1072330475, 35.6391029358, 29.1685333252, 28.5572814941, 58.6842460632, 71.9016647339, 36.1545333862, 5.47480535507, -3.69315099716], [2.88416624069, 24.7289810181, 41.1509361267, 18.1120872498, 26.0847663879, 38.7632827759, 30.1737689972, 22.0088825226, 18.6180019379, 36.1545333862, 56.7634506226, 24.6895465851, -3.15662240982], [2.69258236885, 10.6298904419, 36.7260742188, 16.4044322968, 12.7288284302, 12.0966024399, 15.902349472, 19.632566452, 8.82641792297, 5.47480535507, 24.6895465851, 46.204044342, 20.4742164612], [-53.7965087891, 14.1624393463, 2.9055826664, 7.13100004196, 22.6484642029, 14.93110466, 12.7888917923, 5.31717300415, -0.936590492725, -3.69315099716, -3.15662240982, 20.4742164612, 48.3209457397]]
        icov: [[0.000435938069131, 0.000478795904201, 0.000256286235526, -0.000392411340727, 0.000133026813273, -4.08660489484e-05, 0.000302590167848, -0.0005308961845, -0.000131875989609, 0.000178392860107, -0.000284794659819, -0.000104607315734, 0.000352913863026], [0.000478795904201, 0.00373699283227, 0.000882195599843, -0.000371407921193, -0.00244894204661, 0.00172872608528, -0.000330513634253, -0.00144675758202, 0.00122516218107, -7.51752304495e-05, -0.00196895399131, 0.000291391916107, 6.57883138047e-05], [0.000256286235526, 0.000882195599843, 0.00641853176057, -0.00204085651785, -0.000911100360099, -0.0013387753861, -0.00190931581892, 0.000656458898447, -0.00194730912335, 0.00327177136205, -0.00186428637244, -0.00395674211904, 0.00298286043108], [-0.000392411340727, -0.000371407921193, -0.00204085651785, 0.0100019341335, -0.00183494773228, 0.000598138780333, -0.000932124850806, -0.00056711200159, -0.00260794232599, 1.01097211882e-05, 0.000698254443705, -0.000585173431318, -0.000453224260127], [0.000133026813273, -0.00244894204661, -0.000911100360099, -0.00183494773228, 0.0126954428852, -0.00843039434403, 0.00448404345661, -0.00183999002911, -0.00116105552297, -0.000637442863081, 0.000390104250982, 0.00169821770396, -0.00390364485793], [-4.08660489484e-05, 0.00172872608528, -0.0013387753861, 0.000598138780333, -0.00843039434403, 0.016766326502, -0.0121576599777, 0.00528045976534, 0.00162544893101, -0.0016792032402, -0.00366917694919, 0.00240421970375, -0.000507878139615], [0.000302590167848, -0.000330513634253, -0.00190931581892, -0.000932124850806, 0.00448404345661, -0.0121576599777, 0.022725218907, -0.0112650478259, 0.00197534239851, -0.00145005749073, -0.000733660941478, 0.00263248593546, -0.00366977299564], [-0.0005308961845, -0.00144675758202, 0.000656458898447, -0.00056711200159, -0.00183999002911, 0.00528045976534, -0.0112650478259, 0.0260041002184, -0.0190494693816, 0.0121303852648, -0.00701742339879, -0.00216059572995, 0.000242915630224], [-0.000131875989609, 0.00122516218107, -0.00194730912335, -0.00260794232599, -0.00116105552297, 0.00162544893101, 0.00197534239851, -0.0190494693816, 0.0366261303425, -0.0299337077886, 0.0163908880204, -0.00392666971311, 0.00276799476705], [0.000178392860107, -7.51752304495e-05, 0.00327177136205, 1.01097211882e-05, -0.000637442863081, -0.0016792032402, -0.00145005749073, 0.0121303852648, -0.0299337077886, 0.0491252541542, -0.0318028852344, 0.0120866578072, -0.0041353777051], [-0.000284794659819, -0.00196895399131, -0.00186428637244, 0.000698254443705, 0.000390104250982, -0.00366917694919, -0.000733660941478, -0.00701742339879, 0.0163908880204, -0.0318028852344, 0.0535530485213, -0.0292660798877, 0.0159722138196], [-0.000104607315734, 0.000291391916107, -0.00395674211904, -0.000585173431318, 0.00169821770396, 0.00240421970375, 0.00263248593546, -0.00216059572995, -0.00392666971311, 0.0120866578072, -0.0292660798877, 0.049380518496, -0.0238627772778], [0.000352913863026, 6.57883138047e-05, 0.00298286043108, -0.000453224260127, -0.00390364485793, -0.000507878139615, -0.00366977299564, 0.000242915630224, 0.00276799476705, -0.0041353777051, 0.0159722138196, -0.0238627772778, 0.0347792059183]]
    spectral_contrast:
        mean: [-4.46500195039e-07, 3.4630107848e-07, -1.48058731497e-07, -1.92154274714e-07, -4.22975659831e-07, 2.12117342357e-07, 2.60715137301e-06, 6.52615668173e-08, 8.38880168885e-07, -2.72511874755e-06, -1.79503800268e-07, 4.6628215955e-07]
        var: [0.00025629150332, 0.000365849467926, 0.00132301531266, 0.00173103716224, 0.00236092391424, 0.00302982609719, 0.0452172011137, 0.0638482347131, 0.084252089262, 0.201006397605, 0.700623929501, 1.70813190937]

rhythm:
    beats_loudness:
        dmean: 0.00659354962409
        dmean2: 0.0120253441855
        dvar: 2.02176761377e-05
        dvar2: 6.78271680954e-05
        max: 0.0156761240214
        mean: 0.00625415472314
        min: 0.00164689158555
        var: 2.39818637056e-05
    beats_loudness_bass:
        dmean: 0.0689856559038
        dmean2: 0.11699604243
        dvar: 0.00297718285583
        dvar2: 0.00529117835686
        max: 0.273581296206
        mean: 0.100919008255
        min: 0.00569291040301
        var: 0.00686613097787
    bpm: 113.885116577
    bpm_confidence: 0
    first_peak_bpm: 85
    first_peak_spread: 0
    first_peak_weight: 0.533333361149
    onset_rate: 5.2836098671
    second_peak_bpm: 114
    second_peak_spread: 0
    second_peak_weight: 0.40000000596
    beats_position: [0.119269005954, 0.821597993374, 1.52392697334, 2.22625589371, 2.92858505249, 3.63091397285, 4.33324289322, 5.03557157516, 5.73790073395, 6.29273366928, 6.81958389282, 7.34643316269, 7.87328338623, 8.40013313293, 8.92698287964, 9.45383262634]
    bpm_estimates: [114.30317688, 113.843933105, 113.863586426, 113.589302063, 113.465179443, 114.430793762, 113.741371155, 113.77922821, 113.949012756, 113.885658264]
    bpm_intervals: [0.702328979969, 0.702328979969, 0.702328920364, 0.702329158783, 0.702328920364, 0.702328920364, 0.702328681946, 0.702329158783, 0.554832935333, 0.526850223541, 0.526849269867, 0.526850223541, 0.526849746704, 0.526849746704, 0.526849746704]
    onset_times: [0.0580498874187, 0.290249437094, 0.46439909935, 0.580498874187, 0.650158703327, 0.812698423862, 0.99845802784, 1.17260766029, 1.34675741196, 1.53251695633, 1.69505667686, 1.88081634045, 2.22911572456, 2.41487526894, 2.5890250206, 2.76317453384, 2.93732428551, 3.11147403717, 3.29723358154, 3.63392281532, 3.81968259811, 3.98222231865, 4.17959165573, 4.52789115906, 4.71365070343, 5.05034017563, 5.23609972, 5.41024923325, 5.58439922333, 5.7701587677, 5.93269824982, 6.11845827103, 6.29260778427, 6.45514726639, 6.64090681076, 6.82666683197, 7.00081634521, 7.17496585846, 7.33750581741, 7.53487539291, 7.85995483398, 8.06893444061, 8.23147392273, 8.40562343597, 8.57977294922, 8.75392246246, 8.93968296051, 9.05578231812, 9.27637195587, 9.46213150024, 9.62467098236, 9.82204055786, 9.99619007111]
    rubato_start: [6.29273366928]
    rubato_stop: [6.81958389282]
    perceptual_tempo: "unknown"

sfx:
    inharmonicity:
        dmean: 0.0430232174695
        dmean2: 0.0755051076412
        dvar: 0.00220939400606
        dvar2: 0.006706090644
        max: 0.26779255271
        mean: 0.0481169931591
        min: 0
        var: 0.00232284353115
    oddtoevenharmonicenergyratio:
        dmean: 1.53597831726
        dmean2: 2.73247671127
        dvar: 12.6338911057
        dvar2: 34.5047721863
        max: 28.0518226624
        mean: 1.22296929359
        min: 0
        var: 8.69470310211
    pitch_after_max_to_before_max_energy_ratio: 3.29694008827
    pitch_centroid: 221.475326538
    pitch_max_to_total: 0.254629641771
    pitch_min_to_total: 0.560185194016
    tristimulus:
        dmean: [0.193426698446, 0.221796676517, 0.134894639254]
        dmean2: [0.323368132114, 0.37884286046, 0.231428995728]
        dvar: [0.0258289370686, 0.034456141293, 0.0109507665038]
        dvar2: [0.0753567889333, 0.0984277501702, 0.0355906635523]
        max: [1, 0.915882706642, 0.64500105381]
        mean: [0.368094205856, 0.443529874086, 0.154177308083]
        min: [0.00731171062216, 0, 0]
        var: [0.0420827679336, 0.0488936603069, 0.0145142450929]

tonal:
    chords_changes_rate: 0.0601851865649
    chords_number_rate: 0.0185185186565
    chords_strength:
        dmean: 0.0105262100697
        dmean2: 0.00943094771355
        dvar: 6.05492277828e-05
        dvar2: 5.92488358961e-05
        max: 0.637336313725
        mean: 0.456672549248
        min: 0.25505566597
        var: 0.00488493265584
    key_strength: 0.568826198578
    tuning_diatonic_strength: 0.492795914412
    tuning_equal_tempered_deviation: 0.0787580907345
    tuning_frequency: 442.03793335
    tuning_nontempered_energy_ratio: 0.704251885414
    hpcp:
        dmean: [0.210986897349, 0.197706252337, 0.164944648743, 0.139990672469, 0.108832478523, 0.129553154111, 0.161184564233, 0.141024470329, 0.188063517213, 0.246099621058, 0.189281985164, 0.165034815669, 0.156257733703, 0.154945731163, 0.209869772196, 0.22320766747, 0.22978232801, 0.133325621486, 0.0869954228401, 0.0784346610308, 0.111097186804, 0.166508495808, 0.145796507597, 0.108125984669, 0.131386846304, 0.098337598145, 0.0933966860175, 0.0895342975855, 0.0735173672438, 0.10157302022, 0.15611705184, 0.166021972895, 0.139284417033, 0.116342633963, 0.102171875536, 0.162938475609]
        dmean2: [0.346323132515, 0.337989062071, 0.279981791973, 0.232685983181, 0.182644739747, 0.212557256222, 0.259788751602, 0.238395705819, 0.32052180171, 0.408992469311, 0.310335218906, 0.277251362801, 0.259768664837, 0.254545509815, 0.345682561398, 0.370832204819, 0.378053694963, 0.224510550499, 0.15307661891, 0.143953830004, 0.193054690957, 0.288715600967, 0.236169874668, 0.172934681177, 0.203646764159, 0.155888587236, 0.157422080636, 0.153548136353, 0.131001085043, 0.180005148053, 0.261215925217, 0.287831276655, 0.241493597627, 0.20028243959, 0.18157158792, 0.262069046497]
        dvar: [0.0452557466924, 0.0406498648226, 0.0273907892406, 0.0365962088108, 0.0168276019394, 0.0277576446533, 0.0347189307213, 0.0281387623399, 0.0338306650519, 0.046056445688, 0.0286594219506, 0.0374264977872, 0.0348291061819, 0.0337541885674, 0.0410625338554, 0.0517090857029, 0.0482934862375, 0.0241402164102, 0.0177406147122, 0.023612588644, 0.0232047140598, 0.0417896509171, 0.0318125672638, 0.0133762704208, 0.0258847288787, 0.0129500292242, 0.0190134197474, 0.0211985819042, 0.0086178900674, 0.0164103768766, 0.0339901857078, 0.0363033637404, 0.0227027982473, 0.0187727231532, 0.0243110526353, 0.0296958629042]
        dvar2: [0.112840458751, 0.108042776585, 0.0775024667382, 0.102083012462, 0.0444922819734, 0.0704681202769, 0.0878961086273, 0.0704788193107, 0.0934453085065, 0.113158740103, 0.0706762000918, 0.0909738838673, 0.08818436414, 0.0849371775985, 0.103275254369, 0.118620477617, 0.146301388741, 0.0669538751245, 0.0337603874505, 0.0577661879361, 0.0590650998056, 0.101819321513, 0.08393163234, 0.0324793569744, 0.0621508471668, 0.032393425703, 0.0478938892484, 0.0562906749547, 0.0243149697781, 0.0366769954562, 0.0847807228565, 0.0985337942839, 0.0552070438862, 0.0459283702075, 0.0666095092893, 0.0783207193017]
        max: [1, 1, 1, 1, 0.856579422951, 1, 1, 1, 1, 1, 1, 1, 1, 1, 1, 1, 1, 1, 1, 1, 0.904888689518, 1, 1, 1, 1, 0.816552639008, 1, 1, 0.676647186279, 1, 1, 1, 1, 0.928804337978, 1, 1]
        mean: [0.40458625555, 0.316180288792, 0.237103402615, 0.210870534182, 0.161178380251, 0.163438826799, 0.195870101452, 0.196916282177, 0.320769041777, 0.464181870222, 0.342397063971, 0.190600588918, 0.175646811724, 0.190870597959, 0.406725853682, 0.578734636307, 0.385149627924, 0.174325406551, 0.11090554297, 0.083919622004, 0.149267703295, 0.278651058674, 0.245718374848, 0.196002483368, 0.234118878841, 0.174715310335, 0.130165398121, 0.114900618792, 0.0914513543248, 0.159733206034, 0.259156405926, 0.263064801693, 0.223358556628, 0.16387604177, 0.126374706626, 0.278961330652]
        min: [0.0157948303968, 0.0186919700354, 0.00872849393636, 0.0232897177339, 0.00855603814125, 0.00771456537768, 0.0089546488598, 0.0129726976156, 0.0285730753094, 0.0392862558365, 0.0303181540221, 0.0119245713577, 0.00418238481507, 0.0115345856175, 0.00937636662275, 0.0151913743466, 0.027575077489, 0.00525492755696, 0.00327698583715, 0.00255792634562, 0.0039020027034, 0.00384754966944, 0.00523319002241, 0.0145921176299, 0.0106320669875, 0.00936717074364, 0.00463008508086, 0.00292853522114, 0.00629752269015, 0.0130941206589, 0.0242588613182, 0.0253303945065, 0.0177614632994, 0.0127079430968, 0.0117755429819, 0.0203552450985]
        var: [0.0860914066434, 0.0560118816793, 0.0386305302382, 0.0414846092463, 0.0198763441294, 0.0316002704203, 0.0452834106982, 0.0346814580262, 0.0432365722954, 0.080654874444, 0.0551991127431, 0.0421336628497, 0.0452263876796, 0.0471632070839, 0.0787830799818, 0.131673276424, 0.0685949847102, 0.0260732769966, 0.0223075877875, 0.0200851056725, 0.02740111202, 0.0943013504148, 0.0695081278682, 0.0290187280625, 0.0506729930639, 0.0254829190671, 0.0303118322045, 0.0244185402989, 0.00856783706695, 0.0250303577632, 0.0530443415046, 0.0429886095226, 0.0352576933801, 0.0282472800463, 0.0198205355555, 0.0511659570038]
    chords_histogram: [39.8148155212, 23.148147583, 23.6111106873, 0, 0, 0, 0, 0, 0, 0, 0, 0, 0, 0, 0, 0, 0, 0, 0, 0, 0, 0, 13.4259262085, 0]
    thpcp: [1, 0.66550296545, 0.301218211651, 0.191634535789, 0.145005360246, 0.25792080164, 0.481483280659, 0.424578666687, 0.33867418766, 0.404535800219, 0.301891922951, 0.224913790822, 0.198537662625, 0.158019497991, 0.276004225016, 0.447798341513, 0.454551666975, 0.385942965746, 0.283162653446, 0.218363821507, 0.482019424438, 0.699087679386, 0.546330332756, 0.409692794085, 0.364364802837, 0.278501361609, 0.282407194376, 0.338445454836, 0.340253144503, 0.554259300232, 0.802063405514, 0.591630518436, 0.329340219498, 0.303501456976, 0.329806774855, 0.702784717083]
    chords_key: "D"
    chords_scale: "minor"
    key_key: "D"
    key_scale: "minor"
    chords_progression: ["Am", "Am", "Am", "Am", "Am", "Am", "Am", "Am", "Am", "Am", "Am", "Am", "Am", "Am", "Am", "Am", "Am", "Am", "Am", "Am", "Am", "Am", "Am", "Am", "Am", "Am", "Am", "Am", "Am", "Am", "Am", "Am", "Am", "Am", "Am", "Am", "Am", "Dm", "Dm", "Dm", "Dm", "Dm", "Dm", "Dm", "Dm", "Dm", "Dm", "Gm", "Gm", "Dm", "Dm", "Dm", "Dm", "Dm", "Dm", "Dm", "Dm", "Dm", "Dm", "Dm", "Dm", "Dm", "Dm", "Dm", "Dm", "Dm", "Dm", "Dm", "Dm", "Dm", "Dm", "Dm", "Dm", "Dm", "Dm", "F", "F", "Dm", "Dm", "Dm", "F", "F", "F", "F", "F", "F", "F", "F", "F", "F", "F", "F", "F", "F", "F", "Dm", "Dm", "Dm", "Dm", "F", "F", "F", "F", "F", "F", "F", "F", "Dm", "Dm", "Dm", "Dm", "Dm", "Dm", "Dm", "Dm", "Dm", "Dm", "Dm", "Dm", "Dm", "Dm", "Dm", "Dm", "Dm", "Dm", "Am", "Am", "Am", "Am", "Am", "Am", "Am", "Am", "Am", "Am", "Am", "Am", "Am", "Am", "Dm", "Dm", "Dm", "Dm", "Dm", "Dm", "Dm", "Dm", "Dm", "Dm", "Dm", "Dm", "Dm", "Dm", "Dm", "Dm", "Dm", "Dm", "Dm", "Dm", "Dm", "Dm", "Dm", "Dm", "Dm", "Gm", "Gm", "Gm", "Gm", "Gm", "Gm", "Gm", "Gm", "Gm", "Gm", "Gm", "Gm", "Gm", "Gm", "Gm", "Gm", "Gm", "Gm", "Gm", "Gm", "Gm", "Gm", "Gm", "Gm", "Gm", "Gm", "Gm", "F", "F", "F", "F", "F", "F", "F", "F", "F", "F", "F", "F", "F", "F", "F", "F", "F", "F", "F", "F", "F", "F", "F", "F", "F"]
