
metadata:
    version:
        essentia: "1.2.2"
    audio_properties:
        analysis_sample_rate: 44100
        bitrate: 128
        channels: 2
        equal_loudness: 1
        length: 9.97877597809
        replay_gain: -9.44503593445
        downmix: "mix"
    tags:
        track: 9
        year: 0
        album: "Splitted by Mp3Splt v. 2.1"
        artist: "From 001.20 To 001.30"
        comment: "http://mp3splt.sf.net"
        genre: ""
        title: "07 The Screen Behind the Mirro"

highlevel:
    ballroom:
        all:
            ChaChaCha: 0.22512409091
            Jive: 0.0745290592313
            Quickstep: 0.014501417987
            Rumba-American: 0.00378709891811
            Rumba-International: 0.00847956817597
            Rumba-Misc: 0.00221133115701
            Samba: 0.658559560776
            Tango: 0.00462727667764
            VienneseWaltz: 0.00672671245411
            Waltz: 0.00145387090743
        probability: 0.658559560776
        value: "Samba"
    culture:
        all:
            non_western: 0.26350235939
            western: 0.73649764061
        probability: 0.73649764061
        value: "western"
    gender:
        all:
            female: 0.948270082474
            male: 0.0517299436033
        probability: 0.948270082474
        value: "female"
    genre_dortmund:
        all:
            alternative: 0.0310821607709
            blues: 0.0198537241668
            electronic: 0.505954444408
            folkcountry: 0.0188900176436
            funksoulrnb: 0.0145246125758
            jazz: 0.0855464711785
            pop: 0.0574136599898
            raphiphop: 0.0640597119927
            rock: 0.202675223351
        probability: 0.505954444408
        value: "electronic"
    genre_electronica:
        all:
            ambient: 0.114525929093
            dnb: 0.659745335579
            house: 0.0225420184433
            techno: 0.0303137861192
            trance: 0.172872915864
        probability: 0.659745335579
        value: "dnb"
    genre_rosamerica:
        all:
            cla: 0.0157885141671
            dan: 0.358094155788
            hip: 0.0697073787451
            jaz: 0.0279149413109
            pop: 0.270716369152
            rhy: 0.106378726661
            roc: 0.143637835979
            spe: 0.00776207214221
        probability: 0.358094155788
        value: "dan"
    genre_tzanetakis:
        all:
            blu: 0.00378767820075
            cla: 0.00333295529708
            cou: 0.00779556157067
            dis: 0.0394394136965
            hip: 0.0185966100544
            jaz: 0.0217777397484
            met: 0.0100935213268
            pop: 0.811438500881
            reg: 0.0633677914739
            roc: 0.0203702468425
        probability: 0.811438500881
        value: "pop"
    live_studio:
        all:
            live: 0.11390542239
            studio: 0.88609457016
        probability: 0.88609457016
        value: "studio"
    mood:
        all:
            Cluster1: 0.383019447327
            Cluster2: 0.289888501167
            Cluster3: 0.0580631382763
            Cluster4: 0.0923985689878
            Cluster5: 0.176630362868
        probability: 0.383019447327
        value: "Cluster1"
    mood_acoustic:
        all:
            acoustic: 0.0082549629733
            not_acoustic: 0.991745054722
        probability: 0.991745054722
        value: "not_acoustic"
    mood_aggressive:
        all:
            aggressive: 0.885597527027
            not_aggressive: 0.114402487874
        probability: 0.885597527027
        value: "aggressive"
    mood_electronic:
        all:
            electronic: 0.967473387718
            not_electronic: 0.0325266011059
        probability: 0.967473387718
        value: "electronic"
    mood_happy:
        all:
            happy: 0.800176560879
            not_happy: 0.19982342422
        probability: 0.800176560879
        value: "happy"
    mood_party:
        all:
            not_party: 0.145082756877
            party: 0.854917228222
        probability: 0.854917228222
        value: "party"
    mood_relaxed:
        all:
            not_relaxed: 0.687654197216
            relaxed: 0.312345772982
        probability: 0.687654197216
        value: "not_relaxed"
    mood_sad:
        all:
            not_sad: 0.854222893715
            sad: 0.145777121186
        probability: 0.854222893715
        value: "not_sad"
    rhythm:
        all:
            fast: 0.0833576843143
            medium: 0.759364783764
            slow: 0.157277524471
        probability: 0.759364783764
        value: "medium"
    speech_music:
        all:
            music: 0.99994713068
            speech: 5.28981363459e-05
        probability: 0.99994713068
        value: "music"
    timbre:
        all:
            bright: 0.689904689789
            dark: 0.310095310211
        probability: 0.689904689789
        value: "bright"
    voice_instrumental:
        all:
            instrumental: 0.906026005745
            voice: 0.0939739868045
        probability: 0.906026005745
        value: "instrumental"

lowlevel:
    average_loudness: 0.979306161404
    barkbands_kurtosis:
        dmean: 0.76800942421
        dmean2: 1.15564656258
        dvar: 3.17400193214
        dvar2: 6.86536550522
        max: 36.5985298157
        mean: -0.555982708931
        min: -1.72154951096
        var: 5.36268854141
    barkbands_skewness:
        dmean: 0.367762893438
        dmean2: 0.543108940125
        dvar: 0.11736895889
        dvar2: 0.255848109722
        max: 1.97306454182
        mean: 0.284022718668
        min: -1.44063770771
        var: 0.39694198966
    barkbands_spread:
        dmean: 5.66695976257
        dmean2: 8.60131263733
        dvar: 20.867855072
        dvar2: 54.382850647
        max: 63.123916626
        mean: 34.7442359924
        min: 1.26757979393
        var: 118.661613464
    dissonance:
        dmean: 0.0256949495524
        dmean2: 0.0446052365005
        dvar: 0.000805143907201
        dvar2: 0.00212150230072
        max: 0.499012559652
        mean: 0.461054354906
        min: 0.23925973475
        var: 0.00104586442467
    hfc:
        dmean: 2.96818137169
        dmean2: 4.48997306824
        dvar: 28.7109336853
        dvar2: 55.5096168518
        max: 52.3172645569
        mean: 5.87266778946
        min: 0.185558363795
        var: 42.758846283
    pitch:
        dmean: 349.635314941
        dmean2: 682.221496582
        dvar: 665737.6875
        dvar2: 1882596
        max: 3675
        mean: 609.256591797
        min: 92.0668029785
        var: 533615.1875
    pitch_instantaneous_confidence:
        dmean: 0.109752885997
        dmean2: 0.17079308629
        dvar: 0.00999996997416
        dvar2: 0.0237755458802
        max: 0.950074613094
        mean: 0.479215085506
        min: 0.108263611794
        var: 0.0294854156673
    pitch_salience:
        dmean: 0.0712287575006
        dmean2: 0.108722560108
        dvar: 0.00538079440594
        dvar2: 0.0128629542887
        max: 0.894992887974
        mean: 0.530468165874
        min: 0.0975025743246
        var: 0.0155455879867
    silence_rate_20dB:
        dmean: 0
        dmean2: 0
        dvar: 0
        dvar2: 0
        max: 1
        mean: 1
        min: 1
        var: 0
    silence_rate_30dB:
        dmean: 0
        dmean2: 0
        dvar: 0
        dvar2: 0
        max: 1
        mean: 1
        min: 1
        var: 0
    silence_rate_60dB:
        dmean: 0.153488367796
        dmean2: 0.305361300707
        dvar: 0.129930302501
        dvar2: 0.244750067592
        max: 1
        mean: 0.487238973379
        min: 0
        var: 0.249837458134
    spectral_centroid:
        dmean: 249.588760376
        dmean2: 377.149597168
        dvar: 62250.4609375
        dvar2: 126077.84375
        max: 2909.26367188
        mean: 1440.43920898
        min: 497.131561279
        var: 253189.328125
    spectral_complexity:
        dmean: 4.45687627792
        dmean2: 6.87616825104
        dvar: 44.9380722046
        dvar2: 98.9403839111
        max: 55
        mean: 10.4837207794
        min: 0
        var: 69.2961578369
    spectral_crest:
        dmean: 2.19973349571
        dmean2: 3.53230476379
        dvar: 5.10319471359
        dvar2: 11.819480896
        max: 25.995344162
        mean: 7.84501934052
        min: 2.78332972527
        var: 15.1384000778
    spectral_decrease:
        dmean: 3.98140520552e-10
        dmean2: 6.25067941851e-10
        dvar: 4.14078730579e-19
        dvar2: 9.80181418722e-19
        max: -1.72529976417e-11
        mean: -9.49300638098e-10
        min: -5.8983653517e-09
        var: 5.76567014031e-19
    spectral_energy:
        dmean: 0.001749864663
        dmean2: 0.00273802014999
        dvar: 8.04693081591e-06
        dvar2: 1.84218624781e-05
        max: 0.0270070955157
        mean: 0.00411554705352
        min: 8.19474516902e-05
        var: 1.13082196549e-05
    spectral_energyband_high:
        dmean: 0.000162106109201
        dmean2: 0.000254254351603
        dvar: 9.72537463895e-08
        dvar2: 1.79839048542e-07
        max: 0.00264426367357
        mean: 0.00027939726715
        min: 5.2944469644e-06
        var: 1.38419522955e-07
    spectral_energyband_low:
        dmean: 0.000381960795494
        dmean2: 0.000608551607002
        dvar: 3.43088800037e-07
        dvar2: 9.04677392555e-07
        max: 0.00451697316021
        mean: 0.00084052461898
        min: 5.66668063584e-07
        var: 6.43802650302e-07
    spectral_energyband_middle_high:
        dmean: 0.00111823878251
        dmean2: 0.0016928575933
        dvar: 3.21056609209e-06
        dvar2: 6.5822587203e-06
        max: 0.0219186972827
        mean: 0.00201265281066
        min: 5.90963136347e-05
        var: 5.41924373465e-06
    spectral_energyband_middle_low:
        dmean: 0.000580768391956
        dmean2: 0.00101368443575
        dvar: 1.43163902067e-06
        dvar2: 4.21739196099e-06
        max: 0.00862294621766
        mean: 0.000982888508588
        min: 8.21221055958e-06
        var: 1.39924622999e-06
    spectral_flatness_db:
        dmean: 0.0225655697286
        dmean2: 0.0319798365235
        dvar: 0.000447838450782
        dvar2: 0.00091698410688
        max: 0.353051394224
        mean: 0.148925691843
        min: 0.0843379124999
        var: 0.00119091838133
    spectral_flux:
        dmean: 0.0104914400727
        dmean2: 0.0163796115667
        dvar: 0.0001933270687
        dvar2: 0.000387404317735
        max: 0.103647433221
        mean: 0.0367248281837
        min: 0.00855214707553
        var: 0.000412717432482
    spectral_kurtosis:
        dmean: 1.02798068523
        dmean2: 1.70568931103
        dvar: 1.04248797894
        dvar2: 2.68568253517
        max: 10.5672063828
        mean: 2.8849272728
        min: 0.117614507675
        var: 2.0505874157
    spectral_rms:
        dmean: 0.000366326625226
        dmean2: 0.000558133760933
        dvar: 2.52624744235e-07
        dvar2: 5.54072698833e-07
        max: 0.00513306772336
        mean: 0.00188056507614
        min: 0.000282752065687
        var: 4.78645972635e-07
    spectral_rolloff:
        dmean: 508.916259766
        dmean2: 853.831542969
        dvar: 305579.875
        dvar2: 700494.375
        max: 4500.43945312
        mean: 2952.25195312
        min: 710.595703125
        var: 811818.8125
    spectral_skewness:
        dmean: 0.171214923263
        dmean2: 0.27165812254
        dvar: 0.0218740273267
        dvar2: 0.0522431433201
        max: 2.74846339226
        mean: 1.29873049259
        min: 0.752951622009
        var: 0.0651651993394
    spectral_spread:
        dmean: 968506.375
        dmean2: 1410748.125
        dvar: 1.22998397338e+12
        dvar2: 2.38983787315e+12
        max: 14145786
        mean: 5191413.5
        min: 2804347.75
        var: 2.17738143334e+12
    spectral_strongpeak:
        dmean: 0.412844896317
        dmean2: 0.684785842896
        dvar: 0.385368973017
        dvar2: 0.999340832233
        max: 4.05755567551
        mean: 0.575802743435
        min: 0
        var: 0.644931972027
    zerocrossingrate:
        dmean: 0.00906564109027
        dmean2: 0.0105904554948
        dvar: 5.55105252715e-05
        dvar2: 7.47251033317e-05
        max: 0.14111328125
        mean: 0.0883289426565
        min: 0.02783203125
        var: 0.000475538283354
    barkbands:
        dmean: [7.2494702863e-07, 0.000184308926691, 0.000281800195808, 0.000111190202006, 0.000210419646464, 0.000156438953127, 0.000127000326756, 8.65101392264e-05, 7.89018376963e-05, 9.0701985755e-05, 0.000102900150523, 0.000485606578877, 3.04689328914e-05, 5.1489812904e-05, 5.58709107281e-05, 0.000105012353742, 0.000114058755571, 0.000166402503964, 0.000183085750905, 0.000143763172673, 7.80886985012e-05, 2.72776760539e-05, 9.7616630228e-06, 3.17995909427e-06, 2.238514071e-06, 2.2451254722e-07, 1.07288178341e-09]
        dmean2: [1.07804282834e-06, 0.000314400502248, 0.000425038073445, 0.000178241825779, 0.000387743930332, 0.000247782852966, 0.000210516765947, 0.000155892397743, 0.000145974423504, 0.000156616675667, 0.000179758382728, 0.000751053739805, 5.10084755661e-05, 8.46898765303e-05, 9.308137669e-05, 0.000163167715073, 0.000178754096851, 0.000250988290645, 0.000293749384582, 0.000241423840635, 0.000116343930131, 4.35640249634e-05, 1.54905847012e-05, 5.101269835e-06, 3.69367808162e-06, 3.76843473759e-07, 1.35760036546e-09]
        dvar: [9.68969002257e-12, 9.60737054356e-08, 2.80083554571e-07, 5.62266038173e-08, 2.23786656761e-07, 8.54428066077e-08, 7.05335878592e-08, 2.87127903675e-08, 5.74875826942e-08, 3.35737198043e-08, 3.22721120938e-08, 1.27134114791e-06, 3.47421380553e-09, 5.69380853577e-09, 1.52884513938e-08, 2.95774338355e-08, 4.41344631952e-08, 1.00238239042e-07, 1.42168303796e-07, 6.21879721052e-08, 1.9884994984e-08, 2.51483500691e-09, 2.57569549023e-10, 2.71208732555e-11, 1.09154595085e-11, 1.14944593557e-13, 1.67470113315e-16]
        dvar2: [1.06693534216e-11, 2.6880266546e-07, 7.66642926919e-07, 1.54692145315e-07, 6.31455350231e-07, 2.30005781532e-07, 1.93240197177e-07, 8.1722085099e-08, 1.71126799842e-07, 9.23977694356e-08, 7.98772248345e-08, 2.64682694251e-06, 9.26269905221e-09, 1.46742928919e-08, 4.10574791943e-08, 6.50014229109e-08, 1.03082385294e-07, 1.93383115743e-07, 3.00869658076e-07, 1.25131805362e-07, 3.93413017719e-08, 5.15977438553e-09, 6.01407423861e-10, 5.44520192824e-11, 2.33758602752e-11, 2.80375467851e-13, 1.63077043108e-16]
        max: [6.26551773166e-05, 0.00214738980867, 0.00422694906592, 0.00156803487334, 0.00265501090325, 0.00243594963104, 0.00215534446761, 0.00100351462606, 0.00213782512583, 0.00208154157735, 0.00195374968462, 0.0156437419355, 0.000392615591409, 0.000661008991301, 0.000802487251349, 0.00172180996742, 0.0020250978414, 0.00290693319403, 0.00373468291946, 0.00207535829395, 0.00137613608968, 0.000367899774574, 0.000128284227685, 3.03569559037e-05, 1.62842679856e-05, 1.77624383468e-06, 2.72820471992e-07]
        mean: [9.17067097816e-07, 0.000397044350393, 0.000442649965407, 0.000134653775604, 0.000247118441621, 0.000278841180261, 0.000160404975759, 8.97221325431e-05, 6.59895013086e-05, 0.000115547132737, 0.000129000254674, 0.00066906621214, 3.25682522089e-05, 7.03456753399e-05, 5.17485204909e-05, 0.000138207207783, 0.000153733999468, 0.000238636828726, 0.000287841510726, 0.000222610280616, 0.000128727711854, 4.26312071795e-05, 1.12938314487e-05, 3.92659558202e-06, 2.15491832023e-06, 1.68301326653e-07, 1.07009845429e-09]
        min: [1.87410920116e-10, 3.10211873966e-08, 4.63324347777e-08, 2.16817905851e-08, 1.5686335928e-06, 7.83865118592e-07, 5.37268704193e-07, 3.73205239157e-07, 4.23890043066e-07, 1.09965128559e-07, 1.69796976479e-06, 2.33997639043e-06, 4.40920018718e-07, 1.60897445767e-06, 7.84819462751e-07, 4.29250530942e-06, 4.30895488535e-06, 5.82309803576e-06, 2.94559549729e-06, 5.69326994082e-06, 2.5351387194e-06, 4.22429366154e-07, 7.75520661023e-08, 1.81539370203e-08, 2.00148386753e-09, 5.32582172807e-11, 5.13573397744e-15]
        var: [1.04698602219e-11, 1.47851196175e-07, 2.99345174426e-07, 7.44183239476e-08, 2.11953022244e-07, 1.00800669145e-07, 6.36986001723e-08, 2.36608492798e-08, 3.38131087574e-08, 3.78255577971e-08, 4.85331206335e-08, 2.52773634202e-06, 3.05831204805e-09, 7.57317941691e-09, 1.21210019799e-08, 3.98405113344e-08, 5.64637367972e-08, 1.46822316083e-07, 2.08223013942e-07, 8.93786236134e-08, 2.82605974178e-08, 3.23706506045e-09, 2.8854985068e-10, 3.73623354477e-11, 1.20042717086e-11, 9.97051426881e-14, 1.72563997406e-16]
    mfcc:
        mean: [-718.266052246, 100.406578064, -41.858581543, 54.3268356323, -18.0059394836, 2.37726354599, 6.25726079941, 4.74015283585, -4.84739685059, -10.859916687, -6.45057964325, 2.27798819542, 9.23760414124]
        cov: [[1995.85681152, -241.125717163, 306.931518555, 59.6195106506, 236.637619019, 30.2039489746, -18.9328193665, 39.3291664124, 111.22984314, 141.455734253, 50.5557250977, -2.29466581345, -57.7781600952], [-241.125717163, 584.481445312, -34.5078201294, 202.536880493, 46.6099815369, 168.890548706, 127.68334198, 66.9309310913, 74.1753768921, 21.719871521, 0.699567735195, -8.45404911041, 3.38291525841], [306.931518555, -34.5078201294, 448.458465576, 141.65965271, 197.592971802, 80.3553848267, 90.8605957031, 118.984672546, 64.2118682861, 74.8996734619, 57.9615821838, 61.6805953979, 44.0494842529], [59.6195106506, 202.536880493, 141.65965271, 329.154541016, 116.370620728, 130.192703247, 85.4630279541, 95.6985626221, 79.2147369385, 59.8426437378, 68.8052139282, 42.9217376709, 18.3513298035], [236.637619019, 46.6099815369, 197.592971802, 116.370620728, 210.355438232, 128.646621704, 102.432609558, 88.3866882324, 80.283996582, 64.4307556152, 26.6223430634, 35.9626312256, 22.6522922516], [30.2039489746, 168.890548706, 80.3553848267, 130.192703247, 128.646621704, 208.821456909, 139.588531494, 78.0161590576, 49.9576225281, 36.3770675659, 23.7063293457, 33.1323509216, 38.5876541138], [-18.9328193665, 127.68334198, 90.8605957031, 85.4630279541, 102.432609558, 139.588531494, 173.48487854, 111.126205444, 40.2104225159, 26.5859622955, 23.566734314, 35.9294700623, 48.3146858215], [39.3291664124, 66.9309310913, 118.984672546, 95.6985626221, 88.3866882324, 78.0161590576, 111.126205444, 131.936004639, 65.6910324097, 39.1095314026, 33.6988334656, 36.6878166199, 34.5673522949], [111.22984314, 74.1753768921, 64.2118682861, 79.2147369385, 80.283996582, 49.9576225281, 40.2104225159, 65.6910324097, 121.769126892, 72.7101211548, 23.2594242096, 17.5112342834, -6.56669044495], [141.455734253, 21.719871521, 74.8996734619, 59.8426437378, 64.4307556152, 36.3770675659, 26.5859622955, 39.1095314026, 72.7101211548, 93.2096633911, 46.2834434509, 23.2636222839, 4.67316770554], [50.5557250977, 0.699567735195, 57.9615821838, 68.8052139282, 26.6223430634, 23.7063293457, 23.566734314, 33.6988334656, 23.2594242096, 46.2834434509, 79.3879089355, 46.883190155, 26.3662376404], [-2.29466581345, -8.45404911041, 61.6805953979, 42.9217376709, 35.9626312256, 33.1323509216, 35.9294700623, 36.6878166199, 17.5112342834, 23.2636222839, 46.883190155, 74.5972061157, 51.7779159546], [-57.7781600952, 3.38291525841, 44.0494842529, 18.3513298035, 22.6522922516, 38.5876541138, 48.3146858215, 34.5673522949, -6.56669044495, 4.67316770554, 26.3662376404, 51.7779159546, 89.0526733398]]
        icov: [[0.000721783901099, 0.00031106339884, -0.000185083219549, 4.81252391182e-05, -0.000762077455875, -0.00010664806905, 0.000338579586241, 6.87096035108e-05, -3.27046727762e-05, -0.000583791406825, -0.000285608781269, 0.000498843030073, 0.000390556437196], [0.00031106339884, 0.00351333315484, 0.00030839125975, -0.00200899015181, 0.00154811434913, -0.00159289198928, -0.00227869162336, 0.00155310158152, -0.00228760926984, 0.000259117834503, 0.000883790198714, 0.00157282338478, -9.8782547866e-05], [-0.000185083219549, 0.00030839125975, 0.00511964503676, -0.000951964175329, -0.00460704043508, 0.00170722021721, 0.000876593287103, -0.00323901558295, 0.00277104228735, -0.00168840307742, 0.000263536727289, -0.000990630243905, -0.000463316944661], [4.81252391182e-05, -0.00200899015181, -0.000951964175329, 0.00693980278447, -0.00120409205556, -0.00273019983433, 0.00368411350064, -0.00319341407157, -0.000369714194676, 0.00166790536605, -0.00521087087691, 0.000154106644914, 0.00121685070917], [-0.000762077455875, 0.00154811434913, -0.00460704043508, -0.00120409205556, 0.0172959975898, -0.00663302838802, -0.00320418202318, 0.00160274445079, -0.00497969426215, -0.00186016270891, 0.00462372088805, -0.00182512181345, 0.000987224048004], [-0.00010664806905, -0.00159289198928, 0.00170722021721, -0.00273019983433, -0.00663302838802, 0.0170115195215, -0.0111935297027, 0.00571470474824, 0.000101621575595, -0.000383942970075, 0.000486000732053, -0.000769806327298, -0.0017885803245], [0.000338579586241, -0.00227869162336, 0.000876593287103, 0.00368411350064, -0.00320418202318, -0.0111935297027, 0.0278653614223, -0.0196732711047, 0.00727830734104, -0.0017620632425, 0.000126976359752, -0.000159652525326, -0.00201838393696], [6.87096035108e-05, 0.00155310158152, -0.00323901558295, -0.00319341407157, 0.00160274445079, 0.00571470474824, -0.0196732711047, 0.0305451340973, -0.0139496643096, 0.00612772675231, -0.00375532195903, 0.00165867619216, -0.00302395503968], [-3.27046727762e-05, -0.00228760926984, 0.00277104228735, -0.000369714194676, -0.00497969426215, 0.000101621575595, 0.00727830734104, -0.0139496643096, 0.0274825114757, -0.0185020416975, 0.00848966278136, -0.00669709220529, 0.00583764864132], [-0.000583791406825, 0.000259117834503, -0.00168840307742, 0.00166790536605, -0.00186016270891, -0.000383942970075, -0.0017620632425, 0.00612772675231, -0.0185020416975, 0.03317957744, -0.0180148407817, 0.00602519791573, -0.00195518950932], [-0.000285608781269, 0.000883790198714, 0.000263536727289, -0.00521087087691, 0.00462372088805, 0.000486000732053, 0.000126976359752, -0.00375532195903, 0.00848966278136, -0.0180148407817, 0.0344949327409, -0.017349941656, 0.00217274553142], [0.000498843030073, 0.00157282338478, -0.000990630243905, 0.000154106644914, -0.00182512181345, -0.000769806327298, -0.000159652525326, 0.00165867619216, -0.00669709220529, 0.00602519791573, -0.017349941656, 0.0364469476044, -0.0159017443657], [0.000390556437196, -9.8782547866e-05, -0.000463316944661, 0.00121685070917, 0.000987224048004, -0.0017885803245, -0.00201838393696, -0.00302395503968, 0.00583764864132, -0.00195518950932, 0.00217274553142, -0.0159017443657, 0.0233931522816]]
    spectral_contrast:
        mean: [-2.42880258128e-08, 4.65314755616e-08, 1.60897883461e-07, -2.68887987431e-07, -6.88052423925e-08, -2.39596801066e-07, 1.7299208821e-06, 2.78894304984e-07, 2.78963602796e-06, -1.73096043454e-06, 5.38936888006e-07, 3.15384795613e-07]
        var: [0.00027445962769, 0.0008456503856, 0.00138311251067, 0.00265853991732, 0.00461320392787, 0.00589547166601, 0.0358277186751, 0.0766851678491, 0.125588819385, 0.322808027267, 0.533999860287, 1.70260262489]

rhythm:
    beats_loudness:
        dmean: 0.00783791020513
        dmean2: 0.0153508745134
        dvar: 2.00040867639e-05
        dvar2: 5.14344174007e-05
        max: 0.0256990287453
        mean: 0.00949164293706
        min: 0.00282304151915
        var: 3.03946108033e-05
    beats_loudness_bass:
        dmean: 0.316155254841
        dmean2: 0.660857737064
        dvar: 0.0206882357597
        dvar2: 0.0486814528704
        max: 0.572767555714
        mean: 0.215825483203
        min: 0.0203712545335
        var: 0.0334382876754
    bpm: 94.4004516602
    bpm_confidence: 0
    first_peak_bpm: 94
    first_peak_spread: 0.0714285969734
    first_peak_weight: 0.928571403027
    onset_rate: 4.50957107544
    second_peak_bpm: 0
    second_peak_spread: 0
    second_peak_weight: 0
    beats_position: [0.646999955177, 1.28230285645, 1.91760551929, 2.55290842056, 3.18821144104, 3.8235142231, 4.45881700516, 5.09412002563, 5.72942304611, 6.39722919464, 7.03308439255, 7.66893959045, 8.30479621887, 8.94064998627, 9.57650661469]
    bpm_estimates: [94.6452178955, 94.4273834229, 94.6616592407, 94.2134170532, 94.3628921509, 94.4496307373, 94.2988052368, 94.4974060059, 94.4495391846, 94.4272994995, 94.6525726318, 94.4186859131, 94.5862579346, 93.9260940552, 94.4320678711, 94.1299743652, 94.297744751, 94.2441711426, 94.3944549561, 94.4325561523, 94.4617004395]
    bpm_intervals: [0.635302901268, 0.635302662849, 0.635302901268, 0.635303020477, 0.635302782059, 0.635302782059, 0.635303020477, 0.635303020477, 0.667806148529, 0.635855197906, 0.635855197906, 0.635856628418, 0.635853767395, 0.635856628418]
    onset_times: [0.0348299331963, 0.325079351664, 0.510838985443, 0.615328788757, 0.754648506641, 0.847528338432, 0.96362811327, 1.14938771725, 1.25387752056, 1.42802715302, 1.59056687355, 1.78793644905, 1.90403628349, 2.22911572456, 2.42648530006, 2.55419492722, 2.86766433716, 3.06503391266, 3.50621318817, 3.83129262924, 4.14476203918, 4.45823144913, 4.79492044449, 4.9806804657, 5.10838985443, 5.4334692955, 5.61922883987, 5.74693870544, 5.94430828094, 6.07201814651, 6.38548755646, 6.58285713196, 6.6989569664, 7.02403640747, 7.33750581741, 7.53487539291, 7.66258525848, 7.97605419159, 8.17342376709, 8.62621307373, 8.93968296051, 9.25315189362, 9.38086128235, 9.57823085785, 9.89170074463]
    rubato_start: []
    rubato_stop: []
    perceptual_tempo: "unknown"

sfx:
    inharmonicity:
        dmean: 0.0435799285769
        dmean2: 0.0775639489293
        dvar: 0.00328902644105
        dvar2: 0.0092152543366
        max: 0.357063025236
        mean: 0.0464823581278
        min: 7.81196649768e-06
        var: 0.00288071599789
    oddtoevenharmonicenergyratio:
        dmean: 3.51774668694
        dmean2: 6.62987041473
        dvar: 237.490982056
        dvar2: 722.291625977
        max: 202.435592651
        mean: 2.29356145859
        min: 0.000129381704028
        var: 128.963882446
    pitch_after_max_to_before_max_energy_ratio: 3.339802742
    pitch_centroid: 206.945678711
    pitch_max_to_total: 0.2883720994
    pitch_min_to_total: 0.290697664022
    tristimulus:
        dmean: [0.168695032597, 0.190465912223, 0.11824131012]
        dmean2: [0.285585463047, 0.329490095377, 0.209304869175]
        dvar: [0.0275397282094, 0.0272955279797, 0.0121830292046]
        dvar2: [0.0790059268475, 0.0771377161145, 0.0321314372122]
        max: [0.988753318787, 0.906341969967, 0.61867493391]
        mean: [0.326025038958, 0.493814766407, 0.15824469924]
        min: [0.0108827780932, 0, 0]
        var: [0.0420028120279, 0.0444740056992, 0.0141190160066]

tonal:
    chords_changes_rate: 0.0416666679084
    chords_number_rate: 0.0231481473893
    chords_strength:
        dmean: 0.00984144769609
        dmean2: 0.00857353117317
        dvar: 5.13090380991e-05
        dvar2: 5.96197860432e-05
        max: 0.661245703697
        mean: 0.494170337915
        min: 0.295789152384
        var: 0.00385422119871
    key_strength: 0.58675044775
    tuning_diatonic_strength: 0.519155502319
    tuning_equal_tempered_deviation: 0.23164729774
    tuning_frequency: 435.448913574
    tuning_nontempered_energy_ratio: 0.897191286087
    hpcp:
        dmean: [0.0830047801137, 0.108072564006, 0.122325614095, 0.186742767692, 0.269079238176, 0.245562642813, 0.156166240573, 0.143633648753, 0.107858106494, 0.116906873882, 0.146673962474, 0.135134994984, 0.141688704491, 0.164991736412, 0.103804163635, 0.0967197939754, 0.124618731439, 0.178749576211, 0.183038473129, 0.195567280054, 0.142812758684, 0.115956045687, 0.163799956441, 0.127152383327, 0.100804768503, 0.0821289569139, 0.0670226588845, 0.0946067869663, 0.10399132967, 0.103919900954, 0.0941958650947, 0.0869048684835, 0.081289447844, 0.153282612562, 0.178177088499, 0.103164561093]
        dmean2: [0.140839233994, 0.194352850318, 0.205141410232, 0.336599618196, 0.467930942774, 0.401556670666, 0.27156150341, 0.250670164824, 0.194642320275, 0.209939569235, 0.257858902216, 0.235244631767, 0.239937841892, 0.285795629025, 0.174733042717, 0.163948759437, 0.218252971768, 0.295131266117, 0.283879488707, 0.313589006662, 0.246482729912, 0.188006237149, 0.277786642313, 0.22288158536, 0.175603151321, 0.147849559784, 0.111795298755, 0.155586734414, 0.182937324047, 0.180412486196, 0.163084447384, 0.151972487569, 0.135621652007, 0.245157897472, 0.280146896839, 0.16703684628]
        dvar: [0.00918243639171, 0.0263941567391, 0.032604586333, 0.0536690913141, 0.0804402753711, 0.0717687234282, 0.029829936102, 0.0380755402148, 0.0264868643135, 0.0316165164113, 0.0450361259282, 0.0284481365234, 0.0374319031835, 0.0318743102252, 0.0113125434145, 0.0142090888694, 0.0277501828969, 0.0320332422853, 0.035308573395, 0.0418729223311, 0.0317794680595, 0.0149092134088, 0.0408227220178, 0.0325354710221, 0.0321850664914, 0.0169065278023, 0.00648178486153, 0.0146730719134, 0.0207377765328, 0.0265155304223, 0.0318751782179, 0.0301522500813, 0.0119707370177, 0.0273469053209, 0.0332160294056, 0.0130285890773]
        dvar2: [0.0236780624837, 0.0726904645562, 0.0901575237513, 0.151667580009, 0.208120718598, 0.161988407373, 0.0765285491943, 0.103280797601, 0.0747199207544, 0.10150423646, 0.134189382195, 0.0746957734227, 0.0980629995465, 0.0821914374828, 0.0263083856553, 0.035832863301, 0.0755994990468, 0.0871622785926, 0.076759159565, 0.112154610455, 0.0924961566925, 0.0395921804011, 0.110538557172, 0.0887815281749, 0.0862007662654, 0.0432518832386, 0.015964249149, 0.0388074591756, 0.0553261972964, 0.0677308216691, 0.0753017663956, 0.0804250761867, 0.0306314807385, 0.0662716031075, 0.081445530057, 0.031182570383]
        max: [0.855190873146, 1, 1, 1, 1, 1, 0.974417448044, 1, 1, 1, 1, 1, 1, 1, 0.753176629543, 0.712307095528, 1, 1, 1, 1, 1, 0.899589419365, 1, 1, 1, 0.730009436607, 0.465922892094, 1, 1, 1, 1, 1, 0.809405267239, 1, 1, 1]
        mean: [0.128873601556, 0.13082139194, 0.122652515769, 0.186428189278, 0.303700566292, 0.279609173536, 0.20199213922, 0.182933554053, 0.130498155951, 0.130437910557, 0.162762418389, 0.261814266443, 0.498249828815, 0.449689865112, 0.18323867023, 0.116772718728, 0.144143491983, 0.224655255675, 0.379243254662, 0.338268876076, 0.156727403402, 0.19777931273, 0.244305223227, 0.145587578416, 0.102423481643, 0.0932396426797, 0.0971538498998, 0.189720496535, 0.214499920607, 0.130910739303, 0.0890750065446, 0.0791406184435, 0.105740644038, 0.283101141453, 0.35078689456, 0.195156306028]
        min: [0.000715481932275, 0.000622535182629, 0.00112074567005, 0.00106323556975, 0.00111384293996, 0.00162578222807, 0.00163062370848, 0.00102253083605, 0.000469952647109, 0.000866190122906, 0.00095950870309, 0.0085564525798, 0.0163960698992, 0.0152429565787, 0.00885920971632, 0.000749747734517, 0.000862572982442, 0.000697683542967, 0.000755703134928, 0.00103471695911, 0.00111172278412, 0.00250241789035, 0.00277345790528, 0.00254746549763, 0.00122651061974, 0.000977625371888, 0.000898090715054, 0.000697483948898, 0.000960224424489, 0.000538734253496, 0.00042479071999, 0.000375163130229, 0.00166489335243, 0.00595735199749, 0.00720324739814, 0.00405122945085]
        var: [0.0231648944318, 0.0409035868943, 0.033434767276, 0.0504288449883, 0.104572445154, 0.0942603722215, 0.0370251052082, 0.0454038344324, 0.0251130778342, 0.0301080774516, 0.0434812456369, 0.0673583373427, 0.146000728011, 0.111022509634, 0.0235464051366, 0.0192240513861, 0.0390731282532, 0.0470181778073, 0.109688729048, 0.0970695391297, 0.0342324152589, 0.0390544496477, 0.0761101320386, 0.0325216129422, 0.0256835930049, 0.0159168466926, 0.0104609243572, 0.0561730340123, 0.0753078460693, 0.0321985892951, 0.0293032880872, 0.0228749010712, 0.0133071774617, 0.0600589253008, 0.0853963047266, 0.026949474588]
    chords_histogram: [0, 0, 0, 0, 0, 0, 0, 0, 0, 0, 0, 0, 0, 0, 0, 0, 0, 57.8703689575, 0.462962955236, 15.2777776718, 12.9629631042, 10.1851854324, 0, 3.24074077606]
    thpcp: [1, 0.902538955212, 0.367764651775, 0.234365791082, 0.289299637079, 0.45088878274, 0.76115077734, 0.678914189339, 0.314555853605, 0.396948069334, 0.490326762199, 0.292197942734, 0.205566510558, 0.187134325504, 0.194990232587, 0.380773842335, 0.430506765842, 0.262741148472, 0.178775787354, 0.158837214112, 0.212224140763, 0.568191170692, 0.704038143158, 0.391683638096, 0.258652567863, 0.262561827898, 0.246166706085, 0.374166101217, 0.609534740448, 0.561182677746, 0.405403316021, 0.367152273655, 0.261913090944, 0.261792182922, 0.326668292284, 0.52546787262]
    chords_key: "C#"
    chords_scale: "minor"
    key_key: "C#"
    key_scale: "major"
    chords_progression: ["C#m", "C#m", "C#m", "C#m", "C#m", "A#m", "A#m", "A#m", "A#m", "A#m", "A#m", "A#m", "C#m", "C#m", "C#m", "C#m", "C#m", "C#m", "C#m", "C#m", "C#m", "C#m", "C#m", "C#m", "C#m", "C#m", "C#m", "C#m", "C#m", "C#m", "C#m", "C#m", "C#m", "C#m", "C#m", "C#m", "C#m", "C#m", "C#m", "C#m", "C#m", "C#m", "C#m", "C#m", "C#m", "C#m", "C#m", "C#m", "C#m", "C#m", "C#m", "C#m", "C#m", "C#m", "C#m", "C#m", "C#m", "C#m", "C#m", "C#m", "C#m", "C#m", "C#m", "C#m", "C#m", "C#m", "C#m", "C#m", "C#m", "C#m", "C#m", "C#m", "C#m", "C#m", "C#m", "C#m", "C#m", "C#m", "C#m", "C#m", "C#m", "C#m", "C#m", "C#m", "C#m", "C#m", "C#m", "C#m", "C#m", "C#m", "C#m", "C#m", "C#m", "C#m", "C#m", "C#m", "C#m", "C#m", "C#m", "C#m", "C#m", "E", "B", "B", "B", "B", "B", "G#m", "G#m", "G#m", "G#m", "G#m", "B", "B", "B", "B", "B", "B", "B", "B", "B", "B", "B", "B", "B", "B", "B", "B", "B", "B", "B", "B", "B", "B", "B", "D#m", "D#m", "D#m", "D#m", "D#m", "D#m", "D#m", "D#m", "D#m", "D#m", "D#m", "D#m", "D#m", "D#m", "D#m", "D#m", "D#m", "D#m", "D#m", "D#m", "D#m", "D#m", "G#m", "G#m", "G#m", "G#m", "G#m", "G#m", "G#m", "G#m", "G#m", "G#m", "G#m", "G#m", "G#m", "G#m", "G#m", "G#m", "G#m", "G#m", "G#m", "G#m", "G#m", "G#m", "G#m", "G#m", "G#m", "G#m", "G#m", "G#m", "C#m", "C#m", "C#m", "C#m", "C#m", "C#m", "C#m", "C#m", "C#m", "C#m", "C#m", "C#m", "C#m", "C#m", "C#m", "C#m", "C#m", "C#m", "C#m", "C#m", "C#m", "C#m", "C#m", "C#m", "C#m", "C#m", "C#m", "C#m", "C#m", "C#m", "C#m"]
