
metadata:
    version:
        essentia: "1.2.2"
    audio_properties:
        analysis_sample_rate: 44100
        bitrate: 128
        channels: 2
        equal_loudness: 1
        length: 10.0832653046
        replay_gain: -13.1204605103
        downmix: "mix"
    tags:
        track: 8
        year: 0
        album: "Splitted by Mp3Splt v. 2.1"
        artist: "From 001.10 To 001.20"
        comment: "http://mp3splt.sf.net"
        genre: ""
        title: "06 Solar Plexus.mp3"

highlevel:
    ballroom:
        all:
            ChaChaCha: 0.769687592983
            Jive: 0.107531554997
            Quickstep: 0.0815702527761
            Rumba-American: 0.000726608501282
            Rumba-International: 0.00068977457704
            Rumba-Misc: 0.000738467730116
            Samba: 0.0222413539886
            Tango: 0.0132084656507
            VienneseWaltz: 0.00158073531929
            Waltz: 0.00202519912273
        probability: 0.769687592983
        value: "ChaChaCha"
    culture:
        all:
            non_western: 0.627486765385
            western: 0.372513234615
        probability: 0.627486765385
        value: "non_western"
    gender:
        all:
            female: 0.120236448944
            male: 0.879763543606
        probability: 0.879763543606
        value: "male"
    genre_dortmund:
        all:
            alternative: 0.0624605417252
            blues: 0.0301380548626
            electronic: 0.0470116846263
            folkcountry: 0.0161189567298
            funksoulrnb: 0.00878653489053
            jazz: 0.0241679530591
            pop: 0.0351070985198
            raphiphop: 0.0270996820182
            rock: 0.749109506607
        probability: 0.749109506607
        value: "rock"
    genre_electronica:
        all:
            ambient: 0.186034023762
            dnb: 0.668415904045
            house: 0.0308387447149
            techno: 0.0916502773762
            trance: 0.0230610761791
        probability: 0.668415904045
        value: "dnb"
    genre_rosamerica:
        all:
            cla: 0.0201920643449
            dan: 0.0119110606611
            hip: 0.0489231459796
            jaz: 0.00922133121639
            pop: 0.0269542969763
            rhy: 0.0304542779922
            roc: 0.844727039337
            spe: 0.0076167578809
        probability: 0.844727039337
        value: "roc"
    genre_tzanetakis:
        all:
            blu: 0.00459717167541
            cla: 0.00882756803185
            cou: 0.0307623911649
            dis: 0.449576437473
            hip: 0.0408205650747
            jaz: 0.00903213955462
            met: 0.0366752184927
            pop: 0.0506877712905
            reg: 0.218822017312
            roc: 0.150198712945
        probability: 0.449576437473
        value: "dis"
    live_studio:
        all:
            live: 0.085668310523
            studio: 0.914331674576
        probability: 0.914331674576
        value: "studio"
    mood:
        all:
            Cluster1: 0.312947422266
            Cluster2: 0.105844967067
            Cluster3: 0.0528037212789
            Cluster4: 0.0792027264833
            Cluster5: 0.44920116663
        probability: 0.44920116663
        value: "Cluster5"
    mood_acoustic:
        all:
            acoustic: 0.191417679191
            not_acoustic: 0.808582305908
        probability: 0.808582305908
        value: "not_acoustic"
    mood_aggressive:
        all:
            aggressive: 0.901579976082
            not_aggressive: 0.0984200239182
        probability: 0.901579976082
        value: "aggressive"
    mood_electronic:
        all:
            electronic: 0.563939809799
            not_electronic: 0.436060220003
        probability: 0.563939809799
        value: "electronic"
    mood_happy:
        all:
            happy: 0.565892398357
            not_happy: 0.434107601643
        probability: 0.565892398357
        value: "happy"
    mood_party:
        all:
            not_party: 0.155814096332
            party: 0.844185888767
        probability: 0.844185888767
        value: "party"
    mood_relaxed:
        all:
            not_relaxed: 0.93806129694
            relaxed: 0.061938714236
        probability: 0.93806129694
        value: "not_relaxed"
    mood_sad:
        all:
            not_sad: 0.907314658165
            sad: 0.0926853194833
        probability: 0.907314658165
        value: "not_sad"
    rhythm:
        all:
            fast: 0.67554718256
            medium: 0.166036337614
            slow: 0.158416479826
        probability: 0.67554718256
        value: "fast"
    speech_music:
        all:
            music: 0.950483798981
            speech: 0.049516171217
        probability: 0.950483798981
        value: "music"
    timbre:
        all:
            bright: 0.0128893498331
            dark: 0.987110674381
        probability: 0.987110674381
        value: "dark"
    voice_instrumental:
        all:
            instrumental: 0.0803650990129
            voice: 0.919634878635
        probability: 0.919634878635
        value: "voice"

lowlevel:
    average_loudness: 0.660937070847
    barkbands_kurtosis:
        dmean: 1.26546466351
        dmean2: 1.92120361328
        dvar: 6.71993303299
        dvar2: 13.458106041
        max: 32.5343132019
        mean: 0.380670517683
        min: -1.84626066685
        var: 11.1745567322
    barkbands_skewness:
        dmean: 0.483636289835
        dmean2: 0.678665280342
        dvar: 0.340769261122
        dvar2: 0.662411272526
        max: 5.39554405212
        mean: 0.200187385082
        min: -2.61977100372
        var: 1.34536528587
    barkbands_spread:
        dmean: 5.23614311218
        dmean2: 7.97733783722
        dvar: 28.4688072205
        dvar2: 63.541103363
        max: 46.7867355347
        mean: 24.9756603241
        min: 4.50069379807
        var: 71.2129211426
    dissonance:
        dmean: 0.0192449595779
        dmean2: 0.0325918197632
        dvar: 0.000479475478642
        dvar2: 0.00115046428982
        max: 0.499928027391
        mean: 0.471092283726
        min: 0.185932293534
        var: 0.000707932224032
    hfc:
        dmean: 1.52197599411
        dmean2: 2.26414251328
        dvar: 6.14912748337
        dvar2: 12.5737314224
        max: 39.5835800171
        mean: 6.51673841476
        min: 0.00132322253194
        var: 51.7287368774
    pitch:
        dmean: 517.515991211
        dmean2: 971.346191406
        dvar: 732162.8125
        dvar2: 1759724.5
        max: 4410
        mean: 843.617919922
        min: 82.8947372437
        var: 1021550.4375
    pitch_instantaneous_confidence:
        dmean: 0.0829755738378
        dmean2: 0.128910988569
        dvar: 0.00539889046922
        dvar2: 0.0129802981392
        max: 0.866738379002
        mean: 0.396310538054
        min: 0.169408559799
        var: 0.0180223006755
    pitch_salience:
        dmean: 0.0610264129937
        dmean2: 0.0968339517713
        dvar: 0.00346442149021
        dvar2: 0.00811845809221
        max: 0.878270804882
        mean: 0.592101931572
        min: 0.224954247475
        var: 0.0137387262657
    silence_rate_20dB:
        dmean: 0
        dmean2: 0
        dvar: 0
        dvar2: 0
        max: 1
        mean: 1
        min: 1
        var: 0
    silence_rate_30dB:
        dmean: 0
        dmean2: 0
        dvar: 0
        dvar2: 0
        max: 1
        mean: 1
        min: 1
        var: 0
    silence_rate_60dB:
        dmean: 0.0184331797063
        dmean2: 0.0369515009224
        dvar: 0.0180935040116
        dvar2: 0.0448240526021
        max: 1
        mean: 0.567816078663
        min: 0
        var: 0.245400741696
    spectral_centroid:
        dmean: 242.340927124
        dmean2: 345.505340576
        dvar: 65025.359375
        dvar2: 125053.09375
        max: 3130.03613281
        mean: 1457.95275879
        min: 184.961883545
        var: 533858.875
    spectral_complexity:
        dmean: 2.6875
        dmean2: 3.90023207664
        dvar: 11.7055845261
        dvar2: 23.1663990021
        max: 44
        mean: 12.4618940353
        min: 0
        var: 154.318054199
    spectral_crest:
        dmean: 1.84688389301
        dmean2: 2.8619954586
        dvar: 3.30360746384
        dvar2: 8.78580951691
        max: 20.1655101776
        mean: 7.98942899704
        min: 2.64877486229
        var: 14.2648468018
    spectral_decrease:
        dmean: 1.53959719973e-10
        dmean2: 2.30433075399e-10
        dvar: 5.26147389478e-20
        dvar2: 1.20533540612e-19
        max: -1.75520148003e-13
        mean: -7.28499593983e-10
        min: -3.0404048168e-09
        var: 5.00168871149e-19
    spectral_energy:
        dmean: 0.000706572609488
        dmean2: 0.00104170001578
        dvar: 1.09978122964e-06
        dvar2: 2.47978186962e-06
        max: 0.0144072566181
        mean: 0.003340608906
        min: 7.82473648542e-07
        var: 1.08816075226e-05
    spectral_energyband_high:
        dmean: 9.86241284409e-05
        dmean2: 0.000161624440807
        dvar: 3.55801539342e-08
        dvar2: 8.54311679177e-08
        max: 0.00290192221291
        mean: 0.00032895343611
        min: 4.04889455297e-08
        var: 2.00314943299e-07
    spectral_energyband_low:
        dmean: 0.00011706991063
        dmean2: 0.000206255368539
        dvar: 6.9197866992e-08
        dvar2: 1.76312681788e-07
        max: 0.00252439174801
        mean: 0.000216980319237
        min: 6.55852332443e-08
        var: 8.44759426855e-08
    spectral_energyband_middle_high:
        dmean: 0.000508618017193
        dmean2: 0.000715414003935
        dvar: 5.56510769911e-07
        dvar2: 1.13926455469e-06
        max: 0.0096333520487
        mean: 0.00195083278231
        min: 3.52071793941e-07
        var: 4.41975180365e-06
    spectral_energyband_middle_low:
        dmean: 0.000250361656072
        dmean2: 0.000407337036449
        dvar: 1.68091233377e-07
        dvar2: 4.44360210849e-07
        max: 0.00497351773083
        mean: 0.000843845249619
        min: 3.04581789123e-07
        var: 8.24001062938e-07
    spectral_flatness_db:
        dmean: 0.0160403288901
        dmean2: 0.0237106401473
        dvar: 0.000236599968048
        dvar2: 0.000507484888658
        max: 0.351875185966
        mean: 0.191408634186
        min: 0.031283184886
        var: 0.0027592193801
    spectral_flux:
        dmean: 0.00581144494936
        dmean2: 0.00820459984243
        dvar: 3.55987976945e-05
        dvar2: 6.71225425322e-05
        max: 0.0962111875415
        mean: 0.0301308296621
        min: 0.00320905377157
        var: 0.000434079847764
    spectral_kurtosis:
        dmean: 4.39144706726
        dmean2: 7.26280736923
        dvar: 42.4650611877
        dvar2: 98.1884307861
        max: 54.0603408813
        mean: 9.00092411041
        min: 0.992187261581
        var: 82.0972442627
    spectral_rms:
        dmean: 0.000182812771527
        dmean2: 0.00026064546546
        dvar: 4.07384916912e-08
        dvar2: 8.15626890471e-08
        max: 0.00374911469407
        mean: 0.00154158414807
        min: 2.76294940704e-05
        var: 8.82653921508e-07
    spectral_rolloff:
        dmean: 369.354217529
        dmean2: 591.438598633
        dvar: 196281.96875
        dvar2: 374298.84375
        max: 4780.37109375
        mean: 2612.12988281
        min: 150.732421875
        var: 1492018.125
    spectral_skewness:
        dmean: 0.389249205589
        dmean2: 0.637488245964
        dvar: 0.256136000156
        dvar2: 0.567735731602
        max: 4.87084197998
        mean: 1.71637272835
        min: 0.302508294582
        var: 0.604556322098
    spectral_spread:
        dmean: 340569.59375
        dmean2: 451895.15625
        dvar: 1.04995828531e+12
        dvar2: 691911000064
        max: 31420728
        mean: 3082974.25
        min: 1018724
        var: 3.51017579315e+12
    spectral_strongpeak:
        dmean: 0.370331764221
        dmean2: 0.622406065464
        dvar: 0.288908839226
        dvar2: 0.813346147537
        max: 3.51212906837
        mean: 0.600344121456
        min: 0.000939075369388
        var: 0.469221711159
    zerocrossingrate:
        dmean: 0.00833129882812
        dmean2: 0.00895333383232
        dvar: 5.29978424311e-05
        dvar2: 5.83689143241e-05
        max: 0.1572265625
        mean: 0.0798988267779
        min: 0.0078125
        var: 0.00121757795569
    barkbands:
        dmean: [2.70589328721e-08, 3.03429787891e-05, 0.00010504360398, 7.01260069036e-05, 6.27498811809e-05, 4.84725132992e-05, 5.52850833628e-05, 5.07674194523e-05, 0.000110382599814, 0.000120545089885, 3.32676972903e-05, 5.61705310247e-05, 6.28246634733e-05, 0.000113949980005, 7.73830033722e-05, 7.06017017365e-05, 0.000156190348207, 0.000162183670909, 0.000153451284859, 0.000102084624814, 7.04153135302e-05, 5.95720575802e-06, 1.49188440446e-06, 4.58672616332e-07, 2.45974064228e-07, 1.04359703101e-08, 1.60870405885e-09]
        dmean2: [4.12218099655e-08, 5.1229933888e-05, 0.000183202035259, 0.000119791395264, 0.000114036462037, 7.51659172238e-05, 8.98824655451e-05, 8.6558626208e-05, 0.000179901806405, 0.000201615228434, 5.19131681358e-05, 8.78056453075e-05, 0.000101971032564, 0.000183410593309, 0.000120522650832, 0.000111785790068, 0.000251825142186, 0.000257996463915, 0.000251452991506, 0.000166297482792, 0.000116632822028, 9.39349320106e-06, 2.40586973632e-06, 7.72945895733e-07, 4.05962367722e-07, 1.703925534e-08, 2.47683473731e-09]
        dvar: [3.52267725522e-15, 6.28951468684e-09, 5.44826619375e-08, 1.81031083457e-08, 4.95856049554e-08, 1.22868586416e-08, 1.0975747422e-08, 6.94665613921e-09, 3.51230582396e-08, 6.03817724709e-08, 9.92237758624e-09, 1.56646056126e-08, 1.5304820522e-08, 4.02697430957e-08, 2.74100777631e-08, 1.36899149794e-08, 7.95679468979e-08, 9.52537035914e-08, 7.70349686263e-08, 3.01299820649e-08, 2.08084323106e-08, 1.1801330746e-10, 1.15210549434e-11, 1.38313123975e-12, 3.92422232947e-13, 7.66418386444e-16, 4.5188365997e-16]
        dvar2: [7.06843531121e-15, 1.80585022491e-08, 1.50794974729e-07, 5.00509109713e-08, 1.44122410006e-07, 2.94568049952e-08, 2.61028443305e-08, 1.87222042314e-08, 9.50407184064e-08, 1.65631973914e-07, 1.85410247155e-08, 3.4553718109e-08, 3.73619961636e-08, 1.04243078169e-07, 5.48388392474e-08, 3.51390312403e-08, 2.01041999048e-07, 2.31071965118e-07, 1.92218664097e-07, 7.52735189735e-08, 4.94518062055e-08, 2.82306178434e-10, 2.75298880914e-11, 3.42537478416e-12, 9.96627801987e-13, 1.94713223409e-15, 1.13629469874e-15]
        max: [7.40743587357e-07, 0.000754074659199, 0.00222333800048, 0.00127063482068, 0.00181166408584, 0.00102265866008, 0.00100562896114, 0.000950471963733, 0.00204320414923, 0.00244687171653, 0.00169475155417, 0.0021562022157, 0.00131810898893, 0.00231402879581, 0.00225328467786, 0.0011064261198, 0.00262375734746, 0.00341547746211, 0.00318922894076, 0.00219118990935, 0.00219224835746, 0.000141331736813, 4.68696271128e-05, 1.4951346202e-05, 9.43348550209e-06, 3.02353640791e-07, 3.15768062364e-07]
        mean: [4.79332022962e-08, 5.38015883649e-05, 0.000163131800946, 0.000106181716546, 6.07131005381e-05, 9.77386516752e-05, 0.000142235687235, 8.1658414274e-05, 0.000243124959525, 0.000261177890934, 6.92674002494e-05, 0.000116856492241, 0.000103690639662, 0.000200046881218, 0.000126740313135, 0.000130456566694, 0.000246677867835, 0.000345151609508, 0.000316559715429, 0.000264548201812, 0.000185986864381, 1.84967575478e-05, 4.00643239118e-06, 1.56264968609e-06, 7.25349593722e-07, 2.77964407047e-08, 9.08943087463e-10]
        min: [1.07150850692e-10, 2.65178847769e-08, 3.46470869772e-08, 4.31438955673e-08, 6.11532087191e-08, 7.13081860226e-09, 1.06686535162e-08, 7.45582937611e-08, 1.06063303917e-07, 1.53022039484e-08, 2.79967693473e-08, 4.05053128816e-08, 6.14629982465e-08, 3.72707376073e-08, 8.64563975966e-09, 1.2854315834e-08, 1.86039734729e-08, 8.0891410903e-08, 3.22898365823e-08, 1.87263520246e-08, 1.09816458149e-08, 1.11575260142e-09, 2.51856591138e-11, 4.36739394649e-11, 1.99413090207e-11, 4.65388632579e-13, 1.32449186709e-14]
        var: [6.34493957822e-15, 6.55186438436e-09, 5.4405688843e-08, 1.6534672298e-08, 2.97421234308e-08, 3.15904955528e-08, 4.96271255201e-08, 1.41766065553e-08, 1.11520542134e-07, 2.31426966479e-07, 5.14380644745e-08, 7.70745103296e-08, 3.00762437178e-08, 9.34072303949e-08, 5.52450813984e-08, 2.80643277506e-08, 1.14027642439e-07, 2.33926272131e-07, 2.00336344847e-07, 1.26237495124e-07, 7.53159667966e-08, 6.84975742793e-10, 4.23094337343e-11, 5.90090953531e-12, 1.36477407067e-12, 1.97588921441e-15, 2.29609879693e-16]
    mfcc:
        mean: [-796.571960449, 151.694351196, -82.0498123169, 54.8815231323, -10.4388313293, -2.96859455109, 4.69403123856, -1.94561910629, 14.7835407257, 2.66936540604, 4.13092517853, 4.99289226532, -17.8883419037]
        cov: [[15663.6728516, -6566.20410156, 913.862426758, -719.523986816, -1425.21435547, -412.737670898, 29.9200267792, -482.435577393, -972.65032959, 5.18718147278, -1.03121161461, -486.601898193, 824.327636719], [-6566.20410156, 3380.01269531, -567.04083252, 416.949371338, 593.483032227, 220.365814209, 127.575195312, 217.098831177, 537.164489746, 46.9995613098, -1.90087687969, 213.279205322, -317.714416504], [913.862426758, -567.04083252, 639.409423828, -241.590789795, -71.406578064, -46.4824523926, -145.469421387, -0.15653412044, -207.994247437, 23.0032672882, 27.8804225922, 21.9217510223, 100.713661194], [-719.523986816, 416.949371338, -241.590789795, 355.404876709, 127.023239136, 73.8059463501, 97.9434509277, 16.5234928131, 157.191375732, 9.8906917572, -24.4900741577, -5.02660560608, -42.995513916], [-1425.21435547, 593.483032227, -71.406578064, 127.023239136, 321.060272217, 96.1817245483, -7.77422475815, 88.2533493042, 86.8160629272, -20.9778785706, -8.30152606964, 24.4844398499, -97.6586532593], [-412.737670898, 220.365814209, -46.4824523926, 73.8059463501, 96.1817245483, 152.137588501, 65.2850418091, 47.6289710999, 41.1403503418, 7.39961671829, 11.6129722595, 12.0001716614, -15.813627243], [29.9200267792, 127.575195312, -145.469421387, 97.9434509277, -7.77422475815, 65.2850418091, 211.438079834, -30.8661823273, 113.400627136, -8.08856964111, -5.72501277924, -5.02632761002, -39.5044288635], [-482.435577393, 217.098831177, -0.15653412044, 16.5234928131, 88.2533493042, 47.6289710999, -30.8661823273, 151.875106812, -7.27128219604, 15.6425828934, 9.96677684784, -1.40836131573, 14.395283699], [-972.65032959, 537.164489746, -207.994247437, 157.191375732, 86.8160629272, 41.1403503418, 113.400627136, -7.27128219604, 253.642089844, 27.4614772797, -10.0688419342, 50.2441825867, -85.1504745483], [5.18718147278, 46.9995613098, 23.0032672882, 9.8906917572, -20.9778785706, 7.39961671829, -8.08856964111, 15.6425828934, 27.4614772797, 118.032806396, 42.1464271545, 27.5227489471, 28.1721057892], [-1.03121161461, -1.90087687969, 27.8804225922, -24.4900741577, -8.30152606964, 11.6129722595, -5.72501277924, 9.96677684784, -10.0688419342, 42.1464271545, 67.2361068726, 23.5685501099, 20.424287796], [-486.601898193, 213.279205322, 21.9217510223, -5.02660560608, 24.4844398499, 12.0001716614, -5.02632761002, -1.40836131573, 50.2441825867, 27.5227489471, 23.5685501099, 106.111381531, 0.943391025066], [824.327636719, -317.714416504, 100.713661194, -42.995513916, -97.6586532593, -15.813627243, -39.5044288635, 14.395283699, -85.1504745483, 28.1721057892, 20.424287796, 0.943391025066, 148.156814575]]
        icov: [[0.000587458198424, 0.000930245383643, 7.06230857759e-05, 0.000162088239449, 0.000162877462571, 0.000156703928951, -0.000937001605053, 0.00035044469405, 5.35529579793e-05, -0.0005252197152, 0.000414476322476, 0.000753197993618, -0.00136574648786], [0.000930245383643, 0.00223613879643, 0.00041203116416, 0.000175001521711, -0.000293383229291, 0.00016559024516, -0.00130872125737, -0.00025571367587, -0.000643720966764, -0.000935802527238, 0.000720596814062, 7.80342015787e-05, -0.0014014831977], [7.06230857759e-05, 0.00041203116416, 0.00285465316847, 0.0012335581705, -0.00088619615417, -0.000122972051031, 0.000272506993497, 0.000300521729514, 0.00133289385121, -0.00108387100045, 0.000739248935133, -0.00130770565011, -0.000767140765674], [0.000162088239449, 0.000175001521711, 0.0012335581705, 0.00565794156864, -0.00218172417954, -0.000698889489286, -0.00101769750472, 0.00112930859905, -0.00196847249754, -0.00134220649488, 0.00189681851771, 0.00183747406118, -0.00276624504477], [0.000162877462571, -0.000293383229291, -0.00088619615417, -0.00218172417954, 0.00833004526794, -0.00337681686506, 0.00263973884284, -0.00264645158313, -0.000642139231786, 0.00225357385352, -0.000821885885671, -0.0001660373091, 0.00384205766022], [0.000156703928951, 0.00016559024516, -0.000122972051031, -0.000698889489286, -0.00337681686506, 0.0116283353418, -0.00524903647602, -0.00202739122324, 0.00187837041449, -0.000888509093784, -0.00122086086776, -0.000808679149486, -0.00140135455877], [-0.000937001605053, -0.00130872125737, 0.000272506993497, -0.00101769750472, 0.00263973884284, -0.00524903647602, 0.0111765488982, 0.00071290746564, -0.00443557742983, 0.00297518167645, -0.00214105518535, 0.000528220261913, 0.00319367926568], [0.00035044469405, -0.00025571367587, 0.000300521729514, 0.00112930859905, -0.00264645158313, -0.00202739122324, 0.00071290746564, 0.0109164118767, 0.000685497187078, -0.00169984577224, 0.000155016081408, 0.00325319287367, -0.00453103845939], [5.35529579793e-05, -0.000643720966764, 0.00133289385121, -0.00196847249754, -0.000642139231786, 0.00187837041449, -0.00443557742983, 0.000685497187078, 0.012052487582, -0.0038779664319, 0.00280992081389, -0.00444341730326, 0.00267747743055], [-0.0005252197152, -0.000935802527238, -0.00108387100045, -0.00134220649488, 0.00225357385352, -0.000888509093784, 0.00297518167645, -0.00169984577224, -0.0038779664319, 0.0141325388104, -0.00830036774278, -0.000652837567031, -0.000155842266395], [0.000414476322476, 0.000720596814062, 0.000739248935133, 0.00189681851771, -0.000821885885671, -0.00122086086776, -0.00214105518535, 0.000155016081408, 0.00280992081389, -0.00830036774278, 0.0226329937577, -0.00357016408816, -0.00187497993466], [0.000753197993618, 7.80342015787e-05, -0.00130770565011, 0.00183747406118, -0.0001660373091, -0.000808679149486, 0.000528220261913, 0.00325319287367, -0.00444341730326, -0.000652837567031, -0.00357016408816, 0.016387231648, -0.00501399720088], [-0.00136574648786, -0.0014014831977, -0.000767140765674, -0.00276624504477, 0.00384205766022, -0.00140135455877, 0.00319367926568, -0.00453103845939, 0.00267747743055, -0.000155842266395, -0.00187497993466, -0.00501399720088, 0.0165953915566]]
    spectral_contrast:
        mean: [-2.25375757168e-07, -6.11317545918e-07, -3.80788321763e-07, -1.82375757163e-07, -3.07486999418e-07, -7.04793947648e-08, 1.54930785357e-06, -1.00157831184e-06, -1.2945082517e-06, -6.74234513554e-07, -2.33958553508e-06, 7.60957220791e-07]
        var: [0.000569533847738, 0.000806870753877, 0.00140349415597, 0.00218875682913, 0.00264597241767, 0.00390642229468, 0.0660630762577, 0.118297539651, 0.246605008841, 0.330100387335, 0.530357956886, 8.73620605469]

rhythm:
    beats_loudness:
        dmean: 0.00155240658205
        dmean2: 0.00231812265702
        dvar: 1.74131741915e-06
        dvar2: 3.03781121147e-06
        max: 0.00819040555507
        mean: 0.00291719054803
        min: 8.0559264461e-05
        var: 6.2564313339e-06
    beats_loudness_bass:
        dmean: 0.161438062787
        dmean2: 0.307746142149
        dvar: 0.0378217436373
        dvar2: 0.0800038650632
        max: 0.729606032372
        mean: 0.198701530695
        min: 0.0232685152441
        var: 0.0448903813958
    bpm: 92.7911300659
    bpm_confidence: 0
    first_peak_bpm: 93
    first_peak_spread: 0
    first_peak_weight: 0.529411792755
    onset_rate: 3.57027196884
    second_peak_bpm: 124
    second_peak_spread: 0
    second_peak_weight: 0.411764711142
    beats_position: [0.0543823502958, 0.700999796391, 1.34761726856, 1.99423468113, 2.64085197449, 3.28746938705, 3.93408679962, 4.58070421219, 5.22732162476, 5.87393903732, 6.18301725388, 6.66697406769, 7.1509308815, 7.63488769531, 8.11884498596, 8.60280132294, 9.08675861359, 9.57071590424]
    bpm_estimates: [92.8878326416, 92.4465408325, 92.9770889282, 92.9933013916, 92.4384307861, 92.9892272949, 92.805480957]
    bpm_intervals: [0.646617472172, 0.646617472172, 0.646617412567, 0.646617293358, 0.646617412567, 0.646617412567, 0.646617412567, 0.646617412567, 0.646617412567, 0.309078216553, 0.483956813812, 0.483956813812, 0.483956813812, 0.483957290649, 0.483956336975, 0.483957290649, 0.483957290649]
    onset_times: [0.0580498874187, 0.452789127827, 0.777868509293, 1.45124721527, 1.75310659409, 1.92725622654, 2.07818603516, 2.72834467888, 3.06503391266, 3.25079369545, 3.3785033226, 4.3073015213, 4.51628112793, 4.80653047562, 4.85297060013, 5.02712011337, 5.31736946106, 5.50312948227, 5.66566896439, 5.8282084465, 5.99074840546, 6.31582784653, 6.64090681076, 7.00081634521, 7.11691617966, 7.38394546509, 7.6277551651, 7.94122457504, 8.12698459625, 8.28952407837, 8.44045352936, 8.78875255585, 9.16027164459, 9.27637195587, 9.46213150024, 9.91492080688]
    rubato_start: [6.66697406769]
    rubato_stop: [9.57071590424]
    perceptual_tempo: "unknown"

sfx:
    inharmonicity:
        dmean: 0.058580994606
        dmean2: 0.104648172855
        dvar: 0.00436750985682
        dvar2: 0.0122230928391
        max: 0.430101722479
        mean: 0.0610438324511
        min: 0
        var: 0.00452463934198
    oddtoevenharmonicenergyratio:
        dmean: 3.36945509911
        dmean2: 6.39172840118
        dvar: 64.9589691162
        dvar2: 191.696243286
        max: 54.2693099976
        mean: 2.27299451828
        min: 0
        var: 38.4768753052
    pitch_after_max_to_before_max_energy_ratio: 9.79053401947
    pitch_centroid: 224.412857056
    pitch_max_to_total: 0.0277136266232
    pitch_min_to_total: 0.193995386362
    tristimulus:
        dmean: [0.211333975196, 0.287276297808, 0.123627759516]
        dmean2: [0.373069524765, 0.502229213715, 0.217674717307]
        dvar: [0.036655575037, 0.0607074163854, 0.0166118070483]
        dvar2: [0.0961556136608, 0.180796846747, 0.0434125550091]
        max: [1, 0.996144235134, 0.707716703415]
        mean: [0.36781129241, 0.419028311968, 0.120691284537]
        min: [0.00300937402062, 0, 0]
        var: [0.0656613260508, 0.0797492787242, 0.0223724246025]

tonal:
    chords_changes_rate: 0.0825688093901
    chords_number_rate: 0.0458715595305
    chords_strength:
        dmean: 0.0112873828039
        dmean2: 0.0114049986005
        dvar: 6.19112324785e-05
        dvar2: 9.84018333838e-05
        max: 0.754528105259
        mean: 0.518509745598
        min: 0.342541486025
        var: 0.00990762747824
    key_strength: 0.542576909065
    tuning_diatonic_strength: 0.534467041492
    tuning_equal_tempered_deviation: 0.209005266428
    tuning_frequency: 445.627075195
    tuning_nontempered_energy_ratio: 0.858828186989
    hpcp:
        dmean: [0.128962472081, 0.0940039530396, 0.108381338418, 0.122242808342, 0.121499657631, 0.136953383684, 0.15319763124, 0.139239549637, 0.109190665185, 0.0898716673255, 0.0919437259436, 0.106641493738, 0.133662670851, 0.134319394827, 0.165061250329, 0.152598828077, 0.155361354351, 0.145486429334, 0.13414734602, 0.173786059022, 0.223810642958, 0.219903886318, 0.199693009257, 0.152857139707, 0.115408144891, 0.116821289062, 0.116627521813, 0.128235787153, 0.182160824537, 0.208812430501, 0.194655522704, 0.143998771906, 0.123843967915, 0.114473871887, 0.14700140059, 0.146752566099]
        dmean2: [0.213276833296, 0.157629355788, 0.186033308506, 0.218704208732, 0.211812987924, 0.221932530403, 0.256029576063, 0.237025767565, 0.183485731483, 0.14566591382, 0.154876843095, 0.179619595408, 0.222083359957, 0.2300863415, 0.272263616323, 0.236055850983, 0.248111277819, 0.237187445164, 0.224564731121, 0.301509350538, 0.376360327005, 0.371179223061, 0.336734771729, 0.247878372669, 0.190277203918, 0.206790581346, 0.201878771186, 0.218729019165, 0.31370767951, 0.335932940245, 0.323419064283, 0.236792907119, 0.207832753658, 0.20245154202, 0.261468619108, 0.252257943153]
        dvar: [0.0328968949616, 0.0205733813345, 0.0301534049213, 0.0445107929409, 0.0221104640514, 0.0312928333879, 0.028968885541, 0.0304918978363, 0.0188891626894, 0.00988699775189, 0.0156606025994, 0.0223225615919, 0.0281720645726, 0.0263911169022, 0.0317045040429, 0.026583859697, 0.0338699445128, 0.0371584482491, 0.0279099140316, 0.0446000210941, 0.048870306462, 0.0495035015047, 0.0375193394721, 0.0308167524636, 0.0192097835243, 0.0313803702593, 0.0251348912716, 0.0279952343553, 0.0424265898764, 0.0490619018674, 0.0400328226388, 0.0346903651953, 0.0345196165144, 0.0246281381696, 0.0356875956059, 0.0498751439154]
        dvar2: [0.0950973182917, 0.0561375655234, 0.0865515992045, 0.131528034806, 0.0555406957865, 0.06963891536, 0.0754773542285, 0.0803972557187, 0.0510846190155, 0.0269848033786, 0.0439511314034, 0.0597305260599, 0.0719795078039, 0.0747021585703, 0.0864577442408, 0.0486149527133, 0.0861928984523, 0.083725720644, 0.0673521980643, 0.114376373589, 0.110057763755, 0.113333664834, 0.0958292111754, 0.0767829865217, 0.046820409596, 0.080846555531, 0.0658388957381, 0.074131116271, 0.113784454763, 0.132469162345, 0.10958904773, 0.0840315446258, 0.0816518366337, 0.0677268430591, 0.0917193740606, 0.114922203124]
        max: [1, 1, 1, 1, 1, 1, 1, 1, 1, 0.720094203949, 0.845620393753, 1, 1, 1, 1, 1, 1, 1, 1, 1, 1, 1, 1, 1, 1, 1, 1, 1, 1, 1, 1, 1, 1, 1, 1, 1]
        mean: [0.209634289145, 0.141700416803, 0.133961811662, 0.147642239928, 0.186293661594, 0.267094671726, 0.259304851294, 0.181637182832, 0.143198728561, 0.133593574166, 0.130026847124, 0.142718493938, 0.174549013376, 0.19995957613, 0.262621611357, 0.282392978668, 0.222667306662, 0.178275078535, 0.164676979184, 0.219196259975, 0.380628108978, 0.444921970367, 0.329790949821, 0.20994836092, 0.153667479753, 0.15237224102, 0.16518907249, 0.204236775637, 0.317688673735, 0.406328111887, 0.318133562803, 0.207707881927, 0.198245704174, 0.177427262068, 0.192948281765, 0.246073484421]
        min: [0, 0.000725523394067, 0.000560932850931, 0.000837764120661, 0.00211416743696, 0, 0, 0, 0, 0, 0, 0.000847345567308, 0.00152523373254, 0.00552810262889, 0.00611022068188, 0, 0.000954989925958, 0.000795347907115, 0.00330775254406, 0.00330241769552, 0.00620464654639, 0.00539712095633, 0.00764200929552, 0.00180549838115, 0.00245165266097, 0.0026718468871, 0.0017956495285, 0.00175502768252, 0.00791435968131, 0.00433319201693, 0.00145063351374, 0.00238871620968, 0.00268260692246, 0.00464086374268, 0, 0]
        var: [0.0711073577404, 0.030755193904, 0.0297369621694, 0.0413233675063, 0.0436247810721, 0.0792565718293, 0.058150164783, 0.0379506647587, 0.0228038262576, 0.0156010715291, 0.0167769677937, 0.0251197237521, 0.0447534546256, 0.0414678864181, 0.0525354333222, 0.0630411356688, 0.0523483082652, 0.0480331368744, 0.0346857607365, 0.0465059541166, 0.0840737521648, 0.10102443397, 0.0794091001153, 0.0511491149664, 0.0309783425182, 0.0380081087351, 0.0422144643962, 0.0529276356101, 0.0949245393276, 0.123241595924, 0.0896041616797, 0.0605923198164, 0.0571031048894, 0.0360403768718, 0.0477912202477, 0.0958912372589]
    chords_histogram: [0, 27.9816513062, 3.66972470284, 0, 0, 0, 0, 0, 0, 5.04587173462, 0, 0, 0, 0, 1.37614679337, 44.0366973877, 6.42201852798, 0, 0, 1.83486235142, 2.29357790947, 4.1284403801, 0, 3.21100926399]
    thpcp: [1, 0.741233229637, 0.47187680006, 0.345380753279, 0.342469573021, 0.371276497841, 0.459039539099, 0.714032351971, 0.913257002831, 0.715032279491, 0.466841131449, 0.445574104786, 0.398782879114, 0.433667689562, 0.553071081638, 0.471170902252, 0.318483740091, 0.301090568304, 0.331838488579, 0.41871085763, 0.600318014622, 0.582809746265, 0.408245027065, 0.321851342916, 0.300262928009, 0.29224640131, 0.320771962404, 0.3923137784, 0.449426174164, 0.590264439583, 0.634702265263, 0.500463724136, 0.400688409805, 0.37012553215, 0.492662250996, 0.855494081974]
    chords_key: "E"
    chords_scale: "minor"
    key_key: "B"
    key_scale: "major"
    chords_progression: ["A", "A", "A", "A", "A", "Em", "Em", "Em", "Em", "Em", "Em", "Em", "Em", "Em", "Em", "Em", "Em", "Em", "Em", "Em", "Em", "Em", "Em", "Em", "Em", "Em", "Em", "Em", "Em", "Em", "Em", "Em", "Em", "Em", "Em", "Em", "Em", "Em", "Em", "Em", "Em", "Em", "Em", "Em", "Em", "Em", "Em", "Em", "Em", "Em", "Em", "Em", "Em", "Em", "Em", "Em", "Em", "Em", "Em", "Em", "Em", "Em", "Em", "Em", "Em", "D#m", "D#m", "D#m", "D#m", "D#m", "D#m", "D#m", "D#m", "D#m", "D#m", "Em", "Em", "Em", "Em", "Em", "D#m", "D#m", "D#m", "Em", "Em", "D#m", "D#m", "D#m", "D#m", "D#m", "D#m", "D#m", "D#m", "D#m", "D#m", "D#m", "D#m", "D#m", "D#m", "D#m", "D#m", "D#m", "D#m", "D#m", "D#m", "D#m", "D#m", "D#m", "D#m", "D#m", "D#m", "D#m", "D#m", "D#m", "D#m", "D#m", "D#m", "D#m", "D#m", "D#m", "D#m", "D#m", "D#m", "D#m", "D#m", "D#m", "D#m", "D#m", "D#m", "D#m", "D#m", "D#m", "D#m", "G#m", "G#m", "G#m", "G#m", "G#m", "G#m", "G#m", "Em", "Em", "Em", "Em", "Em", "Em", "Em", "Em", "Em", "Em", "Em", "Em", "Em", "Em", "Em", "Em", "Em", "Em", "Em", "Em", "Em", "Em", "Em", "Em", "Em", "Em", "Em", "C", "Em", "Em", "C", "C", "G", "G", "G", "G", "G", "G", "G", "G", "G", "G", "G", "G", "G", "F#", "F#", "G", "Gm", "Gm", "Gm", "Gm", "Gm", "Gm", "Gm", "Gm", "Gm", "Gm", "Gm", "F#m", "F#m", "F#m", "F#m", "F#", "F#", "F#", "F#", "F#", "F#", "C#m", "C#m", "C#m", "C#m", "C#m", "C#m", "C#m", "C#m", "C#m"]
