
metadata:
    version:
        essentia: "1.2.2"
    audio_properties:
        analysis_sample_rate: 44100
        bitrate: 128
        channels: 2
        equal_loudness: 1
        length: 10.0310201645
        replay_gain: 10.9794216156
        downmix: "mix"
    tags:
        track: 19
        year: 0
        album: "Splitted by Mp3Splt v. 2.1"
        artist: "From 003.00 To 003.10"
        comment: "http://mp3splt.sf.net"
        genre: ""
        title: "05 Inside My Mind (Blue Skies)"

highlevel:
    ballroom:
        all:
            ChaChaCha: 0.0358429513872
            Jive: 0.136771321297
            Quickstep: 0.150937482715
            Rumba-American: 0.025554580614
            Rumba-International: 0.208223357797
            Rumba-Misc: 0.0190746746957
            Samba: 0.0908461138606
            Tango: 0.247581318021
            VienneseWaltz: 0.0461260452867
            Waltz: 0.0390421561897
        probability: 0.247581318021
        value: "Tango"
    culture:
        all:
            non_western: 0.389038175344
            western: 0.610961854458
        probability: 0.610961854458
        value: "western"
    gender:
        all:
            female: 0.638519465923
            male: 0.361480534077
        probability: 0.638519465923
        value: "female"
    genre_dortmund:
        all:
            alternative: 0.0285494402051
            blues: 0.0297357682139
            electronic: 0.147841066122
            folkcountry: 0.0342225730419
            funksoulrnb: 0.0111000873148
            jazz: 0.655907511711
            pop: 0.0116815920919
            raphiphop: 0.00151275633834
            rock: 0.0794492065907
        probability: 0.655907511711
        value: "jazz"
    genre_electronica:
        all:
            ambient: 0.454611957073
            dnb: 0.35335534811
            house: 0.0170272123069
            techno: 0.0791882574558
            trance: 0.0958172231913
        probability: 0.454611957073
        value: "ambient"
    genre_rosamerica:
        all:
            cla: 0.0527439005673
            dan: 0.0553537793458
            hip: 0.0792651250958
            jaz: 0.584787249565
            pop: 0.0525495447218
            rhy: 0.044923927635
            roc: 0.121993727982
            spe: 0.00838271714747
        probability: 0.584787249565
        value: "jaz"
    genre_tzanetakis:
        all:
            blu: 0.0573033094406
            cla: 0.0705011114478
            cou: 0.039571095258
            dis: 0.067423298955
            hip: 0.0411631949246
            jaz: 0.111269295216
            met: 0.0567733496428
            pop: 0.155323967338
            reg: 0.343195319176
            roc: 0.0574760474265
        probability: 0.343195319176
        value: "reg"
    live_studio:
        all:
            live: 0.244000971317
            studio: 0.755999028683
        probability: 0.755999028683
        value: "studio"
    mood:
        all:
            Cluster1: 0.0525022484362
            Cluster2: 0.387754917145
            Cluster3: 0.023207642138
            Cluster4: 0.201314240694
            Cluster5: 0.335220962763
        probability: 0.387754917145
        value: "Cluster2"
    mood_acoustic:
        all:
            acoustic: 0.0427689217031
            not_acoustic: 0.957231104374
        probability: 0.957231104374
        value: "not_acoustic"
    mood_aggressive:
        all:
            aggressive: 0.736989378929
            not_aggressive: 0.263010591269
        probability: 0.736989378929
        value: "aggressive"
    mood_electronic:
        all:
            electronic: 0.737820506096
            not_electronic: 0.262179493904
        probability: 0.737820506096
        value: "electronic"
    mood_happy:
        all:
            happy: 0.112516492605
            not_happy: 0.887483477592
        probability: 0.887483477592
        value: "not_happy"
    mood_party:
        all:
            not_party: 0.582619488239
            party: 0.417380511761
        probability: 0.582619488239
        value: "not_party"
    mood_relaxed:
        all:
            not_relaxed: 0.259623497725
            relaxed: 0.740376472473
        probability: 0.740376472473
        value: "relaxed"
    mood_sad:
        all:
            not_sad: 1.90848492565e-09
            sad: 1
        probability: 1
        value: "sad"
    rhythm:
        all:
            fast: 0.375637561083
            medium: 0.308636724949
            slow: 0.315725713968
        probability: 0.375637561083
        value: "fast"
    speech_music:
        all:
            music: 3.00000096379e-14
            speech: 1
        probability: 1
        value: "speech"
    timbre:
        all:
            bright: 0.267765849829
            dark: 0.732234179974
        probability: 0.732234179974
        value: "dark"
    voice_instrumental:
        all:
            instrumental: 0.988727390766
            voice: 0.0112725850195
        probability: 0.988727390766
        value: "instrumental"

lowlevel:
    average_loudness: 0.539937734604
    barkbands_kurtosis:
        dmean: 2.58496069908
        dmean2: 4.08435440063
        dvar: 29.7390823364
        dvar2: 55.8905944824
        max: 87.7899856567
        mean: 4.17223930359
        min: -1.79227650166
        var: 156.107391357
    barkbands_skewness:
        dmean: 0.498793631792
        dmean2: 0.8177754879
        dvar: 0.309873133898
        dvar2: 0.608925223351
        max: 1.05891859531
        mean: -1.45259344578
        min: -9.09496116638
        var: 2.79821324348
    barkbands_spread:
        dmean: 5.02140474319
        dmean2: 8.44927787781
        dvar: 25.3036022186
        dvar2: 63.5707626343
        max: 68.0829086304
        mean: 29.1607322693
        min: 1.88328015804
        var: 279.166595459
    dissonance:
        dmean: 0.0100263459608
        dmean2: 0.0168864298612
        dvar: 0.000127560342662
        dvar2: 0.000332773779519
        max: 0.499999940395
        mean: 0.481473356485
        min: 0.336192846298
        var: 0.000200284237508
    hfc:
        dmean: 2.04138875008
        dmean2: 2.96497058868
        dvar: 29.7480831146
        dvar2: 53.0959587097
        max: 154.232559204
        mean: 7.52292490005
        min: 0.202096775174
        var: 305.886199951
    pitch:
        dmean: 796.804504395
        dmean2: 1497.91503906
        dvar: 1363487.125
        dvar2: 3647299.25
        max: 4410
        mean: 1810.74645996
        min: 85.1351318359
        var: 2450854.5
    pitch_instantaneous_confidence:
        dmean: 0.0606310889125
        dmean2: 0.104831114411
        dvar: 0.00349944178015
        dvar2: 0.00929165631533
        max: 0.985153079033
        mean: 0.528219223022
        min: 0.133506417274
        var: 0.0794308483601
    pitch_salience:
        dmean: 0.0467514954507
        dmean2: 0.079374268651
        dvar: 0.0025837153662
        dvar2: 0.00657995371148
        max: 0.81580811739
        mean: 0.585483908653
        min: 0.0998905003071
        var: 0.0383123531938
    silence_rate_20dB:
        dmean: 0
        dmean2: 0
        dvar: 0
        dvar2: 0
        max: 1
        mean: 1
        min: 1
        var: 0
    silence_rate_30dB:
        dmean: 0
        dmean2: 0
        dvar: 0
        dvar2: 0
        max: 1
        mean: 1
        min: 1
        var: 0
    silence_rate_60dB:
        dmean: 0.0371229685843
        dmean2: 0.0720930248499
        dvar: 0.0357448123395
        dvar2: 0.0808491557837
        max: 1
        mean: 0.83564811945
        min: 0
        var: 0.13734048605
    spectral_centroid:
        dmean: 241.091949463
        dmean2: 405.120117188
        dvar: 71932.3671875
        dvar2: 190648.21875
        max: 3908.7578125
        mean: 2572.38964844
        min: 1160.90283203
        var: 314387.125
    spectral_complexity:
        dmean: 1.0396270752
        dmean2: 1.83411216736
        dvar: 1.77697849274
        dvar2: 4.88137483597
        max: 21
        mean: 3.13953495026
        min: 0
        var: 10.0456676483
    spectral_crest:
        dmean: 1.8797712326
        dmean2: 3.20751190186
        dvar: 4.55056810379
        dvar2: 11.7992973328
        max: 26.4017868042
        mean: 10.6181974411
        min: 2.23843502998
        var: 50.3694114685
    spectral_decrease:
        dmean: 1.10128607622e-10
        dmean2: 1.62660371283e-10
        dvar: 5.72555226834e-20
        dvar2: 1.01344779245e-19
        max: -2.1360482827e-11
        mean: -4.67330563136e-10
        min: -6.74809541579e-09
        var: 6.11038628686e-19
    spectral_energy:
        dmean: 0.000592497119214
        dmean2: 0.000870929681696
        dvar: 1.93759774447e-06
        dvar2: 3.42750172422e-06
        max: 0.0394581779838
        mean: 0.00244616577402
        min: 0.000105054888991
        var: 2.04205443879e-05
    spectral_energyband_high:
        dmean: 7.75167354732e-05
        dmean2: 0.0001329707884
        dvar: 4.08177314171e-08
        dvar2: 8.96848817433e-08
        max: 0.002525950782
        mean: 0.000182515897905
        min: 1.17679528557e-05
        var: 6.04510006497e-08
    spectral_energyband_low:
        dmean: 3.26353110722e-05
        dmean2: 5.01190334035e-05
        dvar: 5.21516385632e-09
        dvar2: 7.79831044184e-09
        max: 0.00219135871157
        mean: 8.04397423053e-05
        min: 1.26716906834e-06
        var: 5.51756116351e-08
    spectral_energyband_middle_high:
        dmean: 0.000525726354681
        dmean2: 0.000764175085351
        dvar: 1.80102904324e-06
        dvar2: 3.22796699948e-06
        max: 0.0366855338216
        mean: 0.00198099878617
        min: 4.25376529165e-05
        var: 1.93187443074e-05
    spectral_energyband_middle_low:
        dmean: 7.66162629589e-05
        dmean2: 0.000131703942316
        dvar: 1.53303290062e-08
        dvar2: 4.89274540882e-08
        max: 0.00235913228244
        mean: 0.00020220366423
        min: 1.68783753907e-05
        var: 6.29771932381e-08
    spectral_flatness_db:
        dmean: 0.0145692694932
        dmean2: 0.0232910066843
        dvar: 0.000260630360572
        dvar2: 0.000514007871971
        max: 0.394195258617
        mean: 0.15657800436
        min: 0.0669235959649
        var: 0.0055927336216
    spectral_flux:
        dmean: 0.00758520886302
        dmean2: 0.0132179185748
        dvar: 0.000234109087614
        dvar2: 0.000751970801502
        max: 0.145474329591
        mean: 0.0242750961334
        min: 0.00650342274457
        var: 0.000303267675918
    spectral_kurtosis:
        dmean: 0.803720414639
        dmean2: 1.4212821722
        dvar: 1.18354821205
        dvar2: 3.41945147514
        max: 14.9179592133
        mean: 2.82956624031
        min: 0.0775811672211
        var: 5.37811231613
    spectral_rms:
        dmean: 0.000155296787852
        dmean2: 0.000241343121161
        dvar: 4.43370105074e-08
        dvar2: 9.20044556096e-08
        max: 0.00620449706912
        mean: 0.00129666388966
        min: 0.00032014460885
        var: 7.05165291492e-07
    spectral_rolloff:
        dmean: 263.21673584
        dmean2: 458.485839844
        dvar: 90998.5078125
        dvar2: 249069.625
        max: 5857.03125
        mean: 3899.46679688
        min: 2497.8515625
        var: 532529.0625
    spectral_skewness:
        dmean: 0.133146896958
        dmean2: 0.229413509369
        dvar: 0.020379120484
        dvar2: 0.0587482452393
        max: 2.46388459206
        mean: 1.13344192505
        min: 0.508222699165
        var: 0.0711864307523
    spectral_spread:
        dmean: 421350.5625
        dmean2: 675420.25
        dvar: 647235698688
        dvar2: 757871214592
        max: 20200752
        mean: 5723249.5
        min: 2590196
        var: 3.28302487142e+12
    spectral_strongpeak:
        dmean: 0.741974711418
        dmean2: 1.23140668869
        dvar: 2.19231772423
        dvar2: 5.94595718384
        max: 27.4661636353
        mean: 2.43871307373
        min: 0.00409912597388
        var: 17.6810874939
    zerocrossingrate:
        dmean: 0.00604489911348
        dmean2: 0.00783303473145
        dvar: 5.19636196259e-05
        dvar2: 7.99722984084e-05
        max: 0.18017578125
        mean: 0.134962067008
        min: 0.08837890625
        var: 0.000480955495732
    barkbands:
        dmean: [5.89733204492e-08, 1.6837973817e-05, 2.19757257582e-05, 1.70386156242e-05, 4.82693540107e-05, 2.32699712797e-05, 1.19874084703e-05, 6.44557167107e-06, 1.13904670798e-05, 3.93211885239e-05, 1.07037294583e-05, 4.12464578403e-06, 2.85470014205e-06, 5.30888110006e-06, 1.031867032e-05, 1.00541619759e-05, 0.000128322571982, 8.73805984156e-05, 7.98713153927e-05, 0.000359658384696, 2.53447888099e-05, 1.3168733858e-05, 3.98093607146e-06, 1.66656877809e-06, 9.57639258559e-07, 4.40928147327e-08, 4.95328800199e-09]
        dmean2: [8.58276862914e-08, 2.78249735857e-05, 3.259483492e-05, 2.94579640467e-05, 8.97050704225e-05, 4.09699132433e-05, 2.04503812711e-05, 1.10279570436e-05, 1.88378817256e-05, 5.73984143557e-05, 1.72392574314e-05, 6.77556090523e-06, 4.77290086565e-06, 9.31739850785e-06, 1.75840032171e-05, 1.72245654539e-05, 0.000185341443284, 0.000137552095111, 0.000118557669339, 0.000514698971529, 4.26467631769e-05, 2.25984986173e-05, 6.71310317557e-06, 2.66078563982e-06, 1.6177177713e-06, 7.07531171429e-08, 5.20630827339e-09]
        dvar: [9.54295710921e-14, 9.84680004201e-10, 3.34789640455e-09, 5.20033793805e-10, 1.00912878054e-08, 1.60146884642e-09, 1.2000345162e-09, 8.64194063532e-11, 5.62129620629e-10, 4.76514960823e-09, 6.75272282535e-10, 1.06804384781e-10, 2.01060140759e-11, 9.75991926166e-11, 2.59100907396e-10, 1.81288581369e-10, 1.43736372138e-07, 7.41178567409e-08, 3.56722722472e-08, 1.90123080301e-06, 1.55975188321e-09, 6.79345635302e-10, 5.9396439156e-11, 1.54034823091e-11, 5.02673336983e-12, 1.44569736906e-14, 8.99989870633e-15]
        dvar2: [9.88395427786e-14, 2.07926698081e-09, 4.37681935139e-09, 1.50876766636e-09, 3.28041025455e-08, 5.04938846291e-09, 3.24494831005e-09, 2.29643665195e-10, 1.31552591043e-09, 1.1209983164e-08, 1.63637858819e-09, 2.86318108111e-10, 5.68790223254e-11, 3.19054505038e-10, 6.80910328121e-10, 4.9965914739e-10, 2.09824207786e-07, 1.61704519996e-07, 5.64890818566e-08, 3.44197133018e-06, 4.31172653137e-09, 2.00641969705e-09, 1.76854267342e-10, 3.61960322826e-11, 1.22880854797e-11, 2.46462582737e-14, 9.01630319342e-15]
        max: [6.43480052531e-06, 0.000429445179179, 0.002076940611, 0.000151877029566, 0.00138563162182, 0.000572342367377, 0.000548147596419, 0.000104606588138, 0.000266221672064, 0.000841548899189, 0.0002982870501, 0.000158091890626, 4.97282162542e-05, 0.000107450912765, 0.0002383289102, 0.000158947848831, 0.00861565209925, 0.00375356967561, 0.00376251945272, 0.0383075252175, 0.000403484940762, 0.000273190293228, 8.16490792204e-05, 5.11103608005e-05, 3.03078195429e-05, 1.95435245587e-06, 1.96843325284e-06]
        mean: [8.15148908373e-08, 2.73302866844e-05, 5.30354045623e-05, 2.07423345273e-05, 7.20056268619e-05, 3.80649507861e-05, 1.96080873138e-05, 1.0974927136e-05, 2.53311081906e-05, 9.63835409493e-05, 2.10291036637e-05, 8.71255087986e-06, 5.38318545296e-06, 9.28167810343e-06, 2.45362389251e-05, 2.29292527365e-05, 0.000367305008695, 0.000185854645679, 0.000154304798343, 0.00117127713747, 6.41506921966e-05, 3.10753275699e-05, 1.00401621239e-05, 4.25472126153e-06, 2.36539312937e-06, 1.02931153378e-07, 5.24129228907e-09]
        min: [6.19983453465e-10, 2.50290895565e-07, 1.7073089964e-07, 1.61480727456e-07, 1.12954728593e-06, 5.99601150952e-07, 3.96047255435e-07, 3.47711392124e-07, 2.88134089033e-07, 8.93840166327e-08, 1.52204187032e-08, 1.35367059784e-07, 3.01434710082e-07, 9.88059014162e-07, 2.09956306207e-06, 2.32848537962e-06, 2.51692654274e-06, 5.36784909855e-06, 1.09721186163e-05, 5.12681754117e-06, 5.52253868591e-06, 2.0512154606e-06, 4.62887413732e-07, 2.37636456291e-07, 7.60803047228e-08, 3.6412772797e-09, 1.05523237717e-11]
        var: [1.01873235325e-13, 3.03522074141e-09, 4.53058603966e-08, 6.8299138567e-10, 1.53594896801e-08, 4.3143510986e-09, 2.0362049824e-09, 1.93997609643e-10, 2.06962780247e-09, 1.53482133669e-08, 2.0373882581e-09, 3.56498802701e-10, 4.48868130165e-11, 1.85685800069e-10, 1.09314723939e-09, 5.50159418022e-10, 7.56373538024e-07, 2.2931425292e-07, 7.818108827e-08, 1.96530709218e-05, 4.91228790978e-09, 1.63386482122e-09, 1.94329607961e-10, 5.16308003295e-11, 1.54919480022e-11, 3.03731581444e-14, 8.98456063372e-15]
    mfcc:
        mean: [-772.255981445, 63.627456665, -34.3686714172, 63.4155693054, -10.3463039398, -10.7962331772, -2.79882836342, 4.83363008499, 6.42079544067, -0.836156308651, -8.27764225006, -10.9696426392, -7.21117973328]
        cov: [[1661.1237793, -141.383331299, 440.04888916, -183.875778198, -39.9323654175, 202.529998779, 93.9346389771, -47.3126678467, -106.066040039, -90.9159011841, -83.006111145, 6.87174129486, 172.64515686], [-141.383331299, 241.775695801, -161.218688965, -10.4328527451, -73.7206497192, -59.8141403198, 70.3264923096, 113.23084259, 68.9660339355, 4.26398944855, -58.2324256897, -56.6344871521, -44.8428764343], [440.04888916, -161.218688965, 421.408721924, -126.851371765, 102.670562744, 214.673248291, -68.7616348267, -184.352233887, -179.222579956, -65.2320556641, 65.1422119141, 77.1590270996, 94.6338577271], [-183.875778198, -10.4328527451, -126.851371765, 227.921783447, -21.6217136383, -115.046089172, 15.0918931961, 6.85242843628, 114.749206543, 100.49886322, -29.5824928284, -25.5624790192, -9.66472530365], [-39.9323654175, -73.7206497192, 102.670562744, -21.6217136383, 126.282752991, 62.8520622253, -61.775177002, -37.2720985413, -52.8777809143, -40.974193573, 61.8122787476, 55.7855949402, -8.48921585083], [202.529998779, -59.8141403198, 214.673248291, -115.046089172, 62.8520622253, 187.33706665, -14.8295717239, -94.448600769, -112.971328735, -65.2551498413, 18.7027778625, 44.3836669922, 59.1247596741], [93.9346389771, 70.3264923096, -68.7616348267, 15.0918931961, -61.775177002, -14.8295717239, 119.089950562, 92.010925293, 48.483543396, -10.5149116516, -71.1384277344, -29.9929046631, 14.0161209106], [-47.3126678467, 113.23084259, -184.352233887, 6.85242843628, -37.2720985413, -94.448600769, 92.010925293, 227.090713501, 111.816085815, -39.5967102051, -50.8975944519, -31.4715137482, -61.5099868774], [-106.066040039, 68.9660339355, -179.222579956, 114.749206543, -52.8777809143, -112.971328735, 48.483543396, 111.816085815, 177.393798828, 60.2864303589, -62.8113555908, -37.7418327332, -26.6678180695], [-90.9159011841, 4.26398944855, -65.2320556641, 100.49886322, -40.974193573, -65.2551498413, -10.5149116516, -39.5967102051, 60.2864303589, 153.256958008, 28.7923717499, -32.7444915771, -8.74435424805], [-83.006111145, -58.2324256897, 65.1422119141, -29.5824928284, 61.8122787476, 18.7027778625, -71.1384277344, -50.8975944519, -62.8113555908, 28.7923717499, 129.144790649, 37.106918335, -36.6121559143], [6.87174129486, -56.6344871521, 77.1590270996, -25.5624790192, 55.7855949402, 44.3836669922, -29.9929046631, -31.4715137482, -37.7418327332, -32.7444915771, 37.106918335, 62.3328170776, 20.1080703735], [172.64515686, -44.8428764343, 94.6338577271, -9.66472530365, -8.48921585083, 59.1247596741, 14.0161209106, -61.5099868774, -26.6678180695, -8.74435424805, -36.6121559143, 20.1080703735, 100.912361145]]
        icov: [[0.00146069552284, 0.000894646567758, -0.00255981693044, 0.000959389144555, 0.000781547743827, 0.000741242023651, -0.000888880109414, -0.00119745836128, -0.000355159747414, -0.000522723945323, 0.000826386036351, 0.00118559144903, -0.000659585406538], [0.000894646567758, 0.00833188556135, 0.000385601975722, 0.00285978615284, 0.00136358069722, -0.000696533999871, -0.00195745564997, -0.00166845647618, -0.000257550069364, -0.00170812476426, 0.00272274459712, 0.00228132912889, 0.00217904290184], [-0.00255981693044, 0.000385601975722, 0.0136498734355, -0.000796159903985, -0.00310442899354, -0.00670175533742, 0.0012502623722, 0.0043638064526, 0.00170621916186, 0.00198609987274, -0.00374961597845, -0.00105529802386, -0.0027015239466], [0.000959389144555, 0.00285978615284, -0.000796159903985, 0.0154583947733, -0.00845970399678, 0.00988145545125, -0.00894093886018, 0.00760489469394, -0.00649204663932, -0.00481387879699, 0.0044573713094, 0.000583182671107, 0.000600873958319], [0.000781547743827, 0.00136358069722, -0.00310442899354, -0.00845970399678, 0.0271081533283, -0.0110332565382, 0.0118883643299, -0.00877624563873, 0.00167190923821, 0.00384326325729, -0.00337218912318, -0.0100566409528, 0.00466939294711], [0.000741242023651, -0.000696533999871, -0.00670175533742, 0.00988145545125, -0.0110332565382, 0.0248669460416, -0.0127163669094, 0.00988786946982, -0.00242983014323, 0.00122723949607, 0.00189406878781, 0.00142548629083, -0.00218363455497], [-0.000888880109414, -0.00195745564997, 0.0012502623722, -0.00894093886018, 0.0118883643299, -0.0127163669094, 0.031209513545, -0.0192290991545, 0.00933499354869, -0.00507791852579, 0.00720218289644, -0.0032841975335, -0.00368856498972], [-0.00119745836128, -0.00166845647618, 0.0043638064526, 0.00760489469394, -0.00877624563873, 0.00988786946982, -0.0192290991545, 0.028435645625, -0.0156024936587, 0.0128020662814, -0.00864032562822, 0.00317839137278, 0.00463306671008], [-0.000355159747414, -0.000257550069364, 0.00170621916186, -0.00649204663932, 0.00167190923821, -0.00242983014323, 0.00933499354869, -0.0156024936587, 0.0260751135647, -0.0141130620614, 0.0148816425353, -0.00923025421798, 0.0019350706134], [-0.000522723945323, -0.00170812476426, 0.00198609987274, -0.00481387879699, 0.00384326325729, 0.00122723949607, -0.00507791852579, 0.0128020662814, -0.0141130620614, 0.0271881632507, -0.0218729041517, 0.0145662566647, -0.00628733681515], [0.000826386036351, 0.00272274459712, -0.00374961597845, 0.0044573713094, -0.00337218912318, 0.00189406878781, 0.00720218289644, -0.00864032562822, 0.0148816425353, -0.0218729041517, 0.0362730026245, -0.0193286165595, 0.0151280565187], [0.00118559144903, 0.00228132912889, -0.00105529802386, 0.000583182671107, -0.0100566409528, 0.00142548629083, -0.0032841975335, 0.00317839137278, -0.00923025421798, 0.0145662566647, -0.0193286165595, 0.0465010181069, -0.0167124047875], [-0.000659585406538, 0.00217904290184, -0.0027015239466, 0.000600873958319, 0.00466939294711, -0.00218363455497, -0.00368856498972, 0.00463306671008, 0.0019350706134, -0.00628733681515, 0.0151280565187, -0.0167124047875, 0.0283912457526]]
    spectral_contrast:
        mean: [-9.83130092891e-08, 1.39360508911e-07, 9.46708894389e-07, -3.40942023058e-07, -3.62132865916e-08, 2.69303825462e-07, 2.93837047138e-06, 1.69419274698e-06, -1.23336565139e-06, -7.18686465007e-07, -1.48380911469e-06, 1.88267506473e-06]
        var: [0.000259186286712, 0.000459038128611, 0.00122320558876, 0.00152523710858, 0.00277281855233, 0.00459893792868, 0.0451721735299, 0.0670766308904, 0.0895820781589, 0.144007444382, 0.277823865414, 1.26860260963]

rhythm:
    beats_loudness:
        dmean: 0.00177626276854
        dmean2: 0.0028230920434
        dvar: 6.27571080258e-06
        dvar2: 1.68568949448e-05
        max: 0.0109011176974
        mean: 0.00218095630407
        min: 0.000141673692269
        var: 6.43448265691e-06
    beats_loudness_bass:
        dmean: 0.0427037887275
        dmean2: 0.0743283629417
        dvar: 0.00379036436789
        dvar2: 0.00657343491912
        max: 0.383928626776
        mean: 0.0770952701569
        min: 0.00253226887435
        var: 0.0105816740543
    bpm: 107.881401062
    bpm_confidence: 0
    first_peak_bpm: 108
    first_peak_spread: 0
    first_peak_weight: 0.47619047761
    onset_rate: 1.99381506443
    second_peak_bpm: 157
    second_peak_spread: 0.0909091234207
    second_peak_weight: 0.47619047761
    beats_position: [0.0740823596716, 0.630324721336, 1.1865670681, 1.74280941486, 2.29905176163, 2.8552942276, 3.41153645515, 3.96777915955, 4.52402114868, 5.08026361465, 5.63650560379, 6.01022148132, 6.39349985123, 6.77677774429, 7.16005563736, 7.5433344841, 7.926612854, 8.30989074707, 8.69316864014, 9.0764465332, 9.45972537994, 9.84300327301]
    bpm_estimates: [108.308753967, 109.000152588, 105.754371643, 108.462341309]
    bpm_intervals: [0.556242346764, 0.556242346764, 0.556242346764, 0.556242346764, 0.556242465973, 0.556242227554, 0.556242704391, 0.556241989136, 0.556242465973, 0.556241989136, 0.373715877533, 0.383278369904, 0.383277893066, 0.383277893066, 0.383278846741, 0.383278369904, 0.383277893066, 0.383277893066, 0.383277893066, 0.383278846741, 0.383277893066]
    onset_times: [0.0464399084449, 0.638548731804, 1.03328800201, 1.23065757751, 2.15945577621, 2.46131515503, 2.50775504112, 2.76317453384, 4.02866220474, 4.27247142792, 4.446621418, 5.27092981339, 6.53641700745, 7.6277551651, 8.498503685, 9.02095222473, 9.16027164459, 9.26476192474, 9.58984088898, 10.0310201645]
    rubato_start: [6.01022148132]
    rubato_stop: [6.39349985123]
    perceptual_tempo: "unknown"

sfx:
    inharmonicity:
        dmean: 0.0662046521902
        dmean2: 0.119892388582
        dvar: 0.00388907967135
        dvar2: 0.011409804225
        max: 0.433425307274
        mean: 0.069093555212
        min: 7.46643199818e-05
        var: 0.00440003769472
    oddtoevenharmonicenergyratio:
        dmean: 30.8398227692
        dmean2: 60.71692276
        dvar: 14758.2470703
        dvar2: 48172.2226562
        max: 1254.37133789
        mean: 16.6062088013
        min: 9.52251139097e-05
        var: 7722.08935547
    pitch_after_max_to_before_max_energy_ratio: 126.682991028
    pitch_centroid: 153.96043396
    pitch_max_to_total: 0
    pitch_min_to_total: 0.31627908349
    tristimulus:
        dmean: [0.195203781128, 0.309078782797, 0.205062136054]
        dmean2: [0.347093343735, 0.54430782795, 0.375464171171]
        dvar: [0.0289923008531, 0.0556972958148, 0.0384874641895]
        dvar2: [0.0787027329206, 0.167940318584, 0.10709258914]
        max: [0.897275269032, 0.993458688259, 0.984358131886]
        mean: [0.281364411116, 0.477437824011, 0.182011514902]
        min: [0.00580171542242, 0, 0]
        var: [0.0397762656212, 0.0722633376718, 0.0413579493761]

tonal:
    chords_changes_rate: 0.111111111939
    chords_number_rate: 0.050925925374
    chords_strength:
        dmean: 0.0148791838437
        dmean2: 0.0190017018467
        dvar: 0.000150766485604
        dvar2: 0.00031071016565
        max: 0.61306643486
        mean: 0.475720435381
        min: 0.241216227412
        var: 0.00744581129402
    key_strength: 0.684306740761
    tuning_diatonic_strength: 0.47005829215
    tuning_equal_tempered_deviation: 0.177210554481
    tuning_frequency: 442.548919678
    tuning_nontempered_energy_ratio: 0.855635643005
    hpcp:
        dmean: [0.124943509698, 0.132037997246, 0.107708320022, 0.119927674532, 0.16351121664, 0.161925777793, 0.133642911911, 0.142385274172, 0.105953775346, 0.120742179453, 0.12062137574, 0.0949347317219, 0.118626795709, 0.115126594901, 0.136679798365, 0.133765280247, 0.133675485849, 0.192023962736, 0.15019389987, 0.188498854637, 0.112491384149, 0.0936901792884, 0.0915802642703, 0.093772597611, 0.100304536521, 0.0965607836843, 0.0991778448224, 0.102076970041, 0.122899740934, 0.137089043856, 0.131006762385, 0.146363914013, 0.146244287491, 0.166762560606, 0.185564935207, 0.125295117497]
        dmean2: [0.212591648102, 0.238412737846, 0.188596397638, 0.202877670527, 0.29021909833, 0.271546602249, 0.228426769376, 0.242370322347, 0.189221352339, 0.211124494672, 0.211836695671, 0.152466654778, 0.207808300853, 0.205982580781, 0.238070636988, 0.233320623636, 0.224377065897, 0.334683537483, 0.257737070322, 0.320983231068, 0.191410779953, 0.167188093066, 0.158409744501, 0.162754952908, 0.176861867309, 0.169291868806, 0.17555372417, 0.176112368703, 0.211105003953, 0.241234257817, 0.221650511026, 0.252609044313, 0.246232509613, 0.278371036053, 0.324687927961, 0.207656517625]
        dvar: [0.0291792079806, 0.0316811576486, 0.0215875580907, 0.0248007494956, 0.0353492461145, 0.0321260467172, 0.026318827644, 0.0242265611887, 0.0184430740774, 0.0270917136222, 0.0283168740571, 0.0187687147409, 0.0294965058565, 0.0271295364946, 0.0348757728934, 0.0361605472863, 0.0316428802907, 0.0328826233745, 0.0449543744326, 0.0442500934005, 0.0192778389901, 0.0281210560352, 0.0216690357774, 0.0245386697352, 0.0306569691747, 0.0230426676571, 0.0230241417885, 0.0248326007277, 0.027334490791, 0.0242219790816, 0.0221419520676, 0.0355218797922, 0.0357863381505, 0.036690171808, 0.0463944934309, 0.0277002863586]
        dvar2: [0.0833194851875, 0.093104057014, 0.0635425075889, 0.0732745081186, 0.104573778808, 0.0858782082796, 0.0634785071015, 0.0730306431651, 0.0525165945292, 0.0853673443198, 0.0865969359875, 0.0538127087057, 0.0942490398884, 0.0798690915108, 0.0975800380111, 0.089475363493, 0.0818275883794, 0.0947431772947, 0.103021122515, 0.117886677384, 0.0578163228929, 0.0754751414061, 0.0543232150376, 0.0583583898842, 0.0693191438913, 0.0582057386637, 0.0640294253826, 0.0731651335955, 0.0762017518282, 0.0687322020531, 0.058164820075, 0.0933635160327, 0.0942126214504, 0.104936547577, 0.134452834725, 0.073635481298]
        max: [1, 0.98831307888, 1, 1, 1, 1, 1, 0.958990395069, 0.792401313782, 1, 1, 1, 1, 1, 1, 1, 1, 1, 1, 1, 0.948282182217, 1, 1, 1, 1, 1, 1, 1, 1, 1, 1, 1, 1, 1, 1, 1]
        mean: [0.231740549207, 0.225988939404, 0.229642122984, 0.252097576857, 0.260562628508, 0.314931869507, 0.315058499575, 0.215172678232, 0.181217506528, 0.194558754563, 0.203182891011, 0.21438293159, 0.214368954301, 0.211611568928, 0.244136080146, 0.283435285091, 0.267080575228, 0.331365138292, 0.422086834908, 0.294711142778, 0.14870685339, 0.133534803987, 0.135405316949, 0.164962351322, 0.193408593535, 0.183770477772, 0.18228648603, 0.181325316429, 0.18833629787, 0.266074985266, 0.296724736691, 0.247492685914, 0.263470351696, 0.324847072363, 0.309570580721, 0.246722489595]
        min: [0.000739522452932, 0.000888805894647, 0.000929448229726, 0.00121725653298, 0.00134269497357, 0.00176062900573, 0.0016987019917, 0.00181769265328, 0.000882241118234, 0.000525816285517, 0.000609035952948, 0.000414429581724, 0.000547151139472, 0.000726652040612, 0.00104741798714, 0.00120853527915, 0.00194906606339, 0.000516060041264, 0.000854108424392, 0.000478208821733, 0.000213800332858, 0.000126289131003, 0.00010510544962, 0.000139545431011, 0.000151156855281, 0.000296267447993, 0.00026521331165, 0.000256175902905, 0.000299841951346, 0.00173536292277, 0.00204345746897, 0.00158897147048, 0.000347686029272, 0.00079239992192, 0.000799978442956, 0.000575486395974]
        var: [0.0680506527424, 0.0636123716831, 0.0492526628077, 0.0568971000612, 0.063094265759, 0.0825731083751, 0.0904751718044, 0.0406715646386, 0.0365133360028, 0.0477023273706, 0.0611853785813, 0.0656723082066, 0.0694648772478, 0.0667139068246, 0.07512588799, 0.0939683914185, 0.0790444985032, 0.0647518187761, 0.138274937868, 0.0714790225029, 0.0321759991348, 0.0389390066266, 0.0352334231138, 0.0444143600762, 0.0670004040003, 0.0511473231018, 0.0578274056315, 0.0519268549979, 0.0484870001674, 0.0645644515753, 0.0704975575209, 0.0665883868933, 0.0692029595375, 0.0805064961314, 0.0847996398807, 0.0745061039925]
    chords_histogram: [5.55555534363, 0, 0, 6.01851844788, 0, 12.0370368958, 3.24074077606, 9.25925922394, 16.2037029266, 9.72222232819, 22.2222213745, 0, 0, 0, 0, 0, 3.70370364189, 9.25925922394, 0, 0.462962955236, 0.462962955236, 0, 1.85185182095, 0]
    thpcp: [1, 0.698223948479, 0.352313399315, 0.316368073225, 0.320799678564, 0.390825629234, 0.458219915628, 0.435385465622, 0.431869626045, 0.429592460394, 0.446202725172, 0.630379736423, 0.702994525433, 0.586354911327, 0.62420886755, 0.769621431828, 0.733428657055, 0.584530174732, 0.549035251141, 0.535408616066, 0.544063687325, 0.597264707088, 0.617319941521, 0.746130526066, 0.746430516243, 0.509782969952, 0.429337024689, 0.460944861174, 0.481377005577, 0.507911920547, 0.507878780365, 0.501346051693, 0.578402519226, 0.671509444714, 0.632762134075, 0.785063922405]
    chords_key: "G"
    chords_scale: "minor"
    key_key: "G#"
    key_scale: "minor"
    chords_progression: ["F#", "F#", "F#", "F#", "F#", "F#", "F#", "F#", "F#", "F#", "F#", "F#", "F#", "C#m", "Gm", "Gm", "Gm", "Gm", "Gm", "Gm", "Gm", "Gm", "Gm", "C#m", "C#m", "C#m", "F#m", "G", "G", "G", "G", "G", "G", "G", "G", "G", "G", "Gm", "Gm", "Gm", "C#", "C#", "C#", "C#", "C#", "C#", "C#", "C#", "C#", "Fm", "C#", "C#", "C#", "C#", "C#", "C#", "C#", "C#", "C#", "C#", "C#", "C#", "C#", "C#", "C#", "C#", "C#", "Fm", "D", "Fm", "Fm", "Fm", "Fm", "Fm", "Gm", "Gm", "Gm", "Gm", "Gm", "Gm", "Gm", "Gm", "Gm", "Gm", "Gm", "Gm", "Gm", "Gm", "Gm", "Gm", "Gm", "Gm", "Gm", "Gm", "Gm", "Gm", "Gm", "Gm", "Gm", "Gm", "Gm", "Gm", "Gm", "Gm", "Gm", "Gm", "Gm", "D#", "D#", "D#", "D#", "D#", "D#", "D#", "D#", "D#", "D#", "D#", "D#", "D#", "D#", "D#", "D#", "D#", "D#", "D#", "D#", "D#", "Cm", "Cm", "Cm", "Cm", "Cm", "Cm", "Cm", "Cm", "Cm", "Cm", "Cm", "G#", "G#", "G#", "G#", "G#", "G#", "G#", "G#", "G#", "G#", "G#", "Cm", "Cm", "Cm", "Cm", "Cm", "Cm", "Cm", "Cm", "Cm", "Cm", "Cm", "Cm", "Cm", "Cm", "Cm", "Cm", "Cm", "G#", "G#", "G#", "G#", "G#", "G#", "G#", "G#", "G#", "Cm", "Cm", "Cm", "Cm", "Cm", "Cm", "Cm", "G#m", "G#m", "G#m", "G#m", "Gm", "Gm", "Gm", "G", "G", "G", "G", "G", "G", "G", "G", "G", "G", "G#m", "G#m", "G#m", "G#m", "G#m", "G#m", "G#m", "G#m", "Em", "Em", "Em", "Em", "Em", "Em", "Em", "Em"]
