
metadata:
    version:
        essentia: "1.2.2"
    audio_properties:
        analysis_sample_rate: 44100
        bitrate: 128
        channels: 2
        equal_loudness: 1
        length: 10.0310201645
        replay_gain: -3.21432685852
        downmix: "mix"
    tags:
        track: 2
        year: 0
        album: "Splitted by Mp3Splt v. 2.1"
        artist: "From 000.10 To 000.20"
        comment: "http://mp3splt.sf.net"
        genre: ""
        title: "01 Forever Young [Special Exte"

highlevel:
    ballroom:
        all:
            ChaChaCha: 0.507985472679
            Jive: 0.118241116405
            Quickstep: 0.192012026906
            Rumba-American: 0.00453029479831
            Rumba-International: 0.031887371093
            Rumba-Misc: 0.019794754684
            Samba: 0.0677542760968
            Tango: 0.0311487019062
            VienneseWaltz: 0.00851948559284
            Waltz: 0.0181265193969
        probability: 0.507985472679
        value: "ChaChaCha"
    culture:
        all:
            non_western: 0.271067261696
            western: 0.728932738304
        probability: 0.728932738304
        value: "western"
    gender:
        all:
            female: 0.509804844856
            male: 0.490195184946
        probability: 0.509804844856
        value: "female"
    genre_dortmund:
        all:
            alternative: 0.198431372643
            blues: 0.0171986594796
            electronic: 0.161515325308
            folkcountry: 0.0978515967727
            funksoulrnb: 0.0081053962931
            jazz: 0.0261243712157
            pop: 0.061949454248
            raphiphop: 0.0337520204484
            rock: 0.395071804523
        probability: 0.395071804523
        value: "rock"
    genre_electronica:
        all:
            ambient: 0.392943263054
            dnb: 0.165370866656
            house: 0.276938319206
            techno: 0.0570834130049
            trance: 0.107664138079
        probability: 0.392943263054
        value: "ambient"
    genre_rosamerica:
        all:
            cla: 0.0988294035196
            dan: 0.0951094999909
            hip: 0.0128667233512
            jaz: 0.0230772569776
            pop: 0.171650722623
            rhy: 0.0545608885586
            roc: 0.538105249405
            spe: 0.00580023834482
        probability: 0.538105249405
        value: "roc"
    genre_tzanetakis:
        all:
            blu: 0.00450752628967
            cla: 0.0253378283232
            cou: 0.0945546403527
            dis: 0.160251528025
            hip: 0.00635609170422
            jaz: 0.00877311360091
            met: 0.016718449071
            pop: 0.117595978081
            reg: 0.31658244133
            roc: 0.249322399497
        probability: 0.31658244133
        value: "reg"
    live_studio:
        all:
            live: 0.0353511348367
            studio: 0.964648842812
        probability: 0.964648842812
        value: "studio"
    mood:
        all:
            Cluster1: 0.280073881149
            Cluster2: 0.0961201712489
            Cluster3: 0.364482343197
            Cluster4: 0.0757688432932
            Cluster5: 0.183554753661
        probability: 0.364482343197
        value: "Cluster3"
    mood_acoustic:
        all:
            acoustic: 0.342422097921
            not_acoustic: 0.657577872276
        probability: 0.657577872276
        value: "not_acoustic"
    mood_aggressive:
        all:
            aggressive: 0.0525963753462
            not_aggressive: 0.947403609753
        probability: 0.947403609753
        value: "not_aggressive"
    mood_electronic:
        all:
            electronic: 0.524785757065
            not_electronic: 0.475214272738
        probability: 0.524785757065
        value: "electronic"
    mood_happy:
        all:
            happy: 0.360551774502
            not_happy: 0.639448225498
        probability: 0.639448225498
        value: "not_happy"
    mood_party:
        all:
            not_party: 0.780267834663
            party: 0.219732165337
        probability: 0.780267834663
        value: "not_party"
    mood_relaxed:
        all:
            not_relaxed: 0.231226101518
            relaxed: 0.768773913383
        probability: 0.768773913383
        value: "relaxed"
    mood_sad:
        all:
            not_sad: 0.338321208954
            sad: 0.661678791046
        probability: 0.661678791046
        value: "sad"
    rhythm:
        all:
            fast: 0.658218860626
            medium: 0.166941896081
            slow: 0.17483921349
        probability: 0.658218860626
        value: "fast"
    speech_music:
        all:
            music: 0.973656237125
            speech: 0.026343761012
        probability: 0.973656237125
        value: "music"
    timbre:
        all:
            bright: 0.797832250595
            dark: 0.202167779207
        probability: 0.797832250595
        value: "bright"
    voice_instrumental:
        all:
            instrumental: 0.376705229282
            voice: 0.623294770718
        probability: 0.623294770718
        value: "voice"

lowlevel:
    average_loudness: 0.867979764938
    barkbands_kurtosis:
        dmean: 1.53822338581
        dmean2: 2.2515873909
        dvar: 5.92127323151
        dvar2: 13.0580587387
        max: 30.3463668823
        mean: 3.05906534195
        min: -1.86909675598
        var: 20.9146022797
    barkbands_skewness:
        dmean: 0.357610285282
        dmean2: 0.548725187778
        dvar: 0.140868753195
        dvar2: 0.329923957586
        max: 4.36119794846
        mean: 1.19073808193
        min: -2.02167606354
        var: 1.33332717419
    barkbands_spread:
        dmean: 3.70999073982
        dmean2: 5.67785739899
        dvar: 28.6463184357
        dvar2: 58.1988792419
        max: 63.7585678101
        mean: 18.8346042633
        min: 1.92527139187
        var: 247.428955078
    dissonance:
        dmean: 0.0237369965762
        dmean2: 0.0400413833559
        dvar: 0.000497130793519
        dvar2: 0.00124279258307
        max: 0.499212324619
        mean: 0.4356366992
        min: 0.262582153082
        var: 0.00246229348704
    hfc:
        dmean: 1.65268349648
        dmean2: 2.53680467606
        dvar: 21.0677127838
        dvar2: 52.0018844604
        max: 50.5927658081
        mean: 3.9273686409
        min: 0.0645619854331
        var: 59.5179901123
    pitch:
        dmean: 322.851074219
        dmean2: 618.180786133
        dvar: 803809.6875
        dvar2: 1896435
        max: 4410
        mean: 658.617797852
        min: 64.0058059692
        var: 1369539.75
    pitch_instantaneous_confidence:
        dmean: 0.0648859739304
        dmean2: 0.104267768562
        dvar: 0.00303782592528
        dvar2: 0.00782865658402
        max: 0.729066729546
        mean: 0.400819420815
        min: 0.138809919357
        var: 0.0131390402094
    pitch_salience:
        dmean: 0.0544969327748
        dmean2: 0.0888332277536
        dvar: 0.00232159835286
        dvar2: 0.00641449680552
        max: 0.834969937801
        mean: 0.632009446621
        min: 0.416569381952
        var: 0.00655118608847
    silence_rate_20dB:
        dmean: 0
        dmean2: 0
        dvar: 0
        dvar2: 0
        max: 1
        mean: 1
        min: 1
        var: 0
    silence_rate_30dB:
        dmean: 0
        dmean2: 0
        dvar: 0
        dvar2: 0
        max: 1
        mean: 1
        min: 1
        var: 0
    silence_rate_60dB:
        dmean: 0.0510440841317
        dmean2: 0.102325581014
        dvar: 0.0484385564923
        dvar2: 0.0965064018965
        max: 1
        mean: 0.791666686535
        min: 0
        var: 0.164930790663
    spectral_centroid:
        dmean: 138.98147583
        dmean2: 227.792022705
        dvar: 47798.1992188
        dvar2: 120922.171875
        max: 3242.34057617
        mean: 937.087646484
        min: 268.436279297
        var: 566215.625
    spectral_complexity:
        dmean: 2.06293702126
        dmean2: 3.35747671127
        dvar: 16.3713378906
        dvar2: 34.9352722168
        max: 47
        mean: 7.97209310532
        min: 0
        var: 79.0736846924
    spectral_crest:
        dmean: 1.66339969635
        dmean2: 2.67741370201
        dvar: 2.33517098427
        dvar2: 6.84030246735
        max: 21.1647129059
        mean: 8.83997631073
        min: 2.63530683517
        var: 12.9453020096
    spectral_decrease:
        dmean: 2.4682914046e-10
        dmean2: 4.03831995621e-10
        dvar: 4.23198681176e-19
        dvar2: 1.04641480435e-18
        max: -3.11960041133e-11
        mean: -5.40617661748e-10
        min: -5.72464564641e-09
        var: 6.43931879334e-19
    spectral_energy:
        dmean: 0.00107139500324
        dmean2: 0.0017319675535
        dvar: 7.96705353423e-06
        dvar2: 1.96263335965e-05
        max: 0.0261950269341
        mean: 0.00239663966931
        min: 0.000123596590129
        var: 1.3450865481e-05
    spectral_energyband_high:
        dmean: 0.000135380105348
        dmean2: 0.000215902386117
        dvar: 1.5598541836e-07
        dvar2: 3.85551061299e-07
        max: 0.00437761005014
        mean: 0.00028154681786
        min: 7.43875361309e-09
        var: 4.05069442877e-07
    spectral_energyband_low:
        dmean: 0.00015892094234
        dmean2: 0.000265251612291
        dvar: 2.43479519213e-07
        dvar2: 5.16901479841e-07
        max: 0.00400052219629
        mean: 0.000196108492673
        min: 1.76563457899e-06
        var: 2.80783041262e-07
    spectral_energyband_middle_high:
        dmean: 0.000357601296855
        dmean2: 0.000581243191846
        dvar: 8.56961264617e-07
        dvar2: 2.18676586883e-06
        max: 0.0116624124348
        mean: 0.000871589349117
        min: 1.00099259726e-05
        var: 2.69380234386e-06
    spectral_energyband_middle_low:
        dmean: 0.000590766372625
        dmean2: 0.000997913186438
        dvar: 2.66034589913e-06
        dvar2: 6.96495635566e-06
        max: 0.0152255631983
        mean: 0.00104739586823
        min: 4.29959218309e-05
        var: 2.52977361015e-06
    spectral_flatness_db:
        dmean: 0.0158980377018
        dmean2: 0.0252733845264
        dvar: 0.000268739648163
        dvar2: 0.000569107709453
        max: 0.38293504715
        mean: 0.222671851516
        min: 0.074410200119
        var: 0.00532027194276
    spectral_flux:
        dmean: 0.00628139916807
        dmean2: 0.0098100155592
        dvar: 0.000204097683309
        dvar2: 0.000467799312901
        max: 0.129931524396
        mean: 0.022401811555
        min: 0.00361957843415
        var: 0.000576932565309
    spectral_kurtosis:
        dmean: 9.67226791382
        dmean2: 17.105966568
        dvar: 185.422134399
        dvar2: 506.381256104
        max: 163.414230347
        mean: 23.3192634583
        min: 0.299101352692
        var: 667.071655273
    spectral_rms:
        dmean: 0.000229588040384
        dmean2: 0.000352698843926
        dvar: 2.30525273537e-07
        dvar2: 5.30284751221e-07
        max: 0.00505530647933
        mean: 0.0012632192811
        min: 0.000347249238985
        var: 7.42462589187e-07
    spectral_rolloff:
        dmean: 259.000701904
        dmean2: 429.154541016
        dvar: 210127.171875
        dvar2: 478839.46875
        max: 4909.5703125
        mean: 1725.26037598
        min: 258.3984375
        var: 2275522.75
    spectral_skewness:
        dmean: 0.649742722511
        dmean2: 1.12034618855
        dvar: 0.580795228481
        dvar2: 1.58446621895
        max: 10.4396810532
        mean: 2.87737774849
        min: 0.658864200115
        var: 3.5289452076
    spectral_spread:
        dmean: 396591.65625
        dmean2: 583847.125
        dvar: 576191594496
        dvar2: 824112447488
        max: 14533452
        mean: 2829135.25
        min: 602633.3125
        var: 3.37956333158e+12
    spectral_strongpeak:
        dmean: 0.195261493325
        dmean2: 0.354432761669
        dvar: 0.262442946434
        dvar2: 0.728432476521
        max: 4.63381958008
        mean: 0.285977274179
        min: 0.0198317784816
        var: 0.314954131842
    zerocrossingrate:
        dmean: 0.00539044290781
        dmean2: 0.00664199423045
        dvar: 4.38958777522e-05
        dvar2: 5.10196114192e-05
        max: 0.1669921875
        mean: 0.0547158867121
        min: 0.01318359375
        var: 0.00173287279904
    barkbands:
        dmean: [1.14701393272e-07, 5.7936009398e-05, 0.000123799458379, 0.000286120339297, 0.000243792077526, 8.36113395053e-05, 3.42106905009e-05, 3.52458300767e-05, 5.31683690497e-05, 6.00655002927e-05, 2.15553609451e-05, 3.09787537844e-05, 2.08247620321e-05, 3.50679947587e-05, 3.66917956853e-05, 2.84862289845e-05, 8.44367459649e-05, 9.58676173468e-05, 0.000101506033388, 0.000115031623864, 7.41890107747e-05, 2.44348993874e-05, 6.1331352299e-06, 2.74094600172e-06, 1.12914563033e-06, 3.50422233453e-08, 2.91602297864e-10]
        dmean2: [1.53371630063e-07, 9.19139274629e-05, 0.000214245344978, 0.000502550916281, 0.000416492373915, 0.000137177441502, 5.11873950018e-05, 5.47686686332e-05, 8.92666503205e-05, 9.89988839137e-05, 3.74822957383e-05, 5.14700113854e-05, 3.39912367053e-05, 6.14790187683e-05, 6.24173335382e-05, 4.8267924285e-05, 0.000136512011522, 0.000156939204317, 0.000172415340785, 0.000191378509044, 0.000121706922073, 3.68374530808e-05, 9.21116316022e-06, 3.92808578908e-06, 1.68281576407e-06, 5.37818678481e-08, 4.23845986086e-10]
        dvar: [1.92975626798e-13, 4.03039344121e-08, 1.49364097979e-07, 7.78608125529e-07, 4.99584473346e-07, 4.93750924591e-08, 5.41235545271e-09, 7.02386504514e-09, 5.02232815336e-08, 6.90822190563e-08, 2.87792323306e-09, 8.75292638369e-09, 3.79141029683e-09, 1.01434940447e-08, 1.23182841705e-08, 3.9360119608e-09, 5.39515099263e-08, 8.62402131929e-08, 8.80812009996e-08, 1.01435993827e-07, 5.35418429592e-08, 5.1237387666e-09, 4.15926737496e-10, 1.0498456271e-10, 2.28694615328e-11, 2.35276580933e-14, 6.85469891167e-18]
        dvar2: [3.51425513039e-13, 9.47031324472e-08, 3.6074462173e-07, 2.0302898065e-06, 1.41804332543e-06, 1.42715407492e-07, 1.53894941235e-08, 2.17561186844e-08, 1.38102862479e-07, 1.99637440801e-07, 9.0714395995e-09, 2.25385257124e-08, 9.44216704823e-09, 3.20104156515e-08, 2.76770517615e-08, 1.04109805221e-08, 1.36773834924e-07, 2.15657337321e-07, 2.41899385856e-07, 2.70347840114e-07, 1.41561102396e-07, 1.17511138598e-08, 8.71179905992e-10, 2.48264159231e-10, 5.61713071889e-11, 5.68772595211e-14, 7.30944103983e-18]
        max: [4.45031491836e-06, 0.00196263869293, 0.00308516900986, 0.00674446905032, 0.00651182886213, 0.00243911566213, 0.000864260364324, 0.00121038011275, 0.00404908740893, 0.00468429177999, 0.000676739728078, 0.00111736322287, 0.000824883114547, 0.00144260900561, 0.00166633352637, 0.000707374070771, 0.00389407994226, 0.0035795730073, 0.0039717615582, 0.00317771197297, 0.00348933902569, 0.000799967325293, 0.000236716747168, 0.000127352177515, 6.29041096545e-05, 2.32961861002e-06, 5.33672697145e-08]
        mean: [1.24081537933e-07, 6.09389753663e-05, 0.00013504641538, 0.000270542281214, 0.000352188770194, 0.000160008305102, 6.65919360472e-05, 6.57591590425e-05, 9.48299348238e-05, 8.57565028127e-05, 3.30764487444e-05, 4.43776771135e-05, 3.3865464502e-05, 5.36945408385e-05, 5.67849419895e-05, 4.68688267574e-05, 0.00014753137657, 0.000132955727167, 0.000172201529494, 0.00018830539193, 0.000135449707159, 4.41387310275e-05, 1.05819790406e-05, 3.51822768607e-06, 1.45880017044e-06, 4.53862085692e-08, 2.89455237557e-10]
        min: [3.63152346736e-12, 1.19705163115e-07, 2.96823998269e-07, 3.14506905852e-07, 4.07663992519e-06, 1.17599358873e-06, 7.1114112643e-07, 8.09249002032e-07, 3.8618819076e-07, 4.96962684338e-07, 1.05182273558e-07, 3.88686999031e-07, 2.88578377194e-07, 2.71883834557e-07, 1.1548728196e-07, 1.48277322864e-07, 1.23985628875e-07, 1.37106241027e-07, 3.90636571979e-08, 1.60255630988e-08, 3.22543947107e-09, 9.5043772852e-10, 1.7393379792e-10, 9.58197965417e-11, 6.22229698322e-11, 3.22704927017e-12, 1.09729425253e-14]
        var: [2.62574548692e-13, 4.0524714251e-08, 1.38786205639e-07, 6.77516823089e-07, 3.382139937e-07, 4.40082388309e-08, 5.78410919161e-09, 9.8508277091e-09, 1.09870612164e-07, 8.76428671859e-08, 4.5654533487e-09, 1.31298607542e-08, 8.8930569575e-09, 2.00419432161e-08, 2.34739232496e-08, 8.6552525147e-09, 1.72103113982e-07, 1.19799224763e-07, 1.58646216164e-07, 1.86999372431e-07, 1.11101314815e-07, 1.15276685975e-08, 8.67581562147e-10, 1.32362398819e-10, 2.67924103042e-11, 3.15438593215e-14, 6.84819685846e-18]
    mfcc:
        mean: [-843.226501465, 192.419006348, -55.5622634888, 52.17811203, -16.6303920746, -3.02916693687, -5.93420410156, -6.57674264908, -6.71436405182, -8.00877857208, -8.28600406647, -6.30385112762, -7.57569265366]
        cov: [[16052.6855469, -10008.3261719, 1230.59399414, 975.983947754, -574.44342041, 807.374694824, -19.4306240082, 334.554962158, 145.668334961, 207.968765259, -46.9032554626, 21.6847839355, -132.569961548], [-10008.3261719, 6671.0625, -895.168212891, -643.98223877, 349.300689697, -463.18460083, 56.9478378296, -183.934265137, -76.0561828613, -88.8438796997, 47.7436943054, -6.34893321991, 102.42325592], [1230.59399414, -895.168212891, 397.51651001, 76.7625045776, 8.29439163208, 60.9867782593, -10.7293024063, 20.1701145172, -18.692035675, -20.8409099579, -19.3099689484, -10.1683864594, -13.3570566177], [975.983947754, -643.98223877, 76.7625045776, 204.164535522, -39.380279541, 74.1765441895, -17.0144634247, 25.1260852814, -3.6044652462, -0.276679754257, -9.76174163818, 21.0232772827, 3.35123634338], [-574.44342041, 349.300689697, 8.29439163208, -39.380279541, 165.742630005, -47.8406639099, 48.7100601196, -18.4596042633, 16.2870502472, -31.9695339203, 15.5254259109, -10.2221841812, 16.7336101532], [807.374694824, -463.18460083, 60.9867782593, 74.1765441895, -47.8406639099, 152.196121216, 12.7023153305, 53.6188087463, -1.3501663208, 33.733379364, -12.2984447479, 7.20177507401, -15.1268358231], [-19.4306240082, 56.9478378296, -10.7293024063, -17.0144634247, 48.7100601196, 12.7023153305, 86.8839950562, 22.3636665344, 26.0155181885, -3.56018948555, 10.272860527, -4.26257896423, 8.76767158508], [334.554962158, -183.934265137, 20.1701145172, 25.1260852814, -18.4596042633, 53.6188087463, 22.3636665344, 80.587852478, 30.3139190674, 20.657283783, -2.09246349335, 7.01685237885, -11.8784046173], [145.668334961, -76.0561828613, -18.692035675, -3.6044652462, 16.2870502472, -1.3501663208, 26.0155181885, 30.3139190674, 64.0566101074, 21.9982814789, 18.7722759247, -1.15718984604, -1.01385164261], [207.968765259, -88.8438796997, -20.8409099579, -0.276679754257, -31.9695339203, 33.733379364, -3.56018948555, 20.657283783, 21.9982814789, 66.3253173828, 23.1477298737, 7.72722911835, -7.05475234985], [-46.9032554626, 47.7436943054, -19.3099689484, -9.76174163818, 15.5254259109, -12.2984447479, 10.272860527, -2.09246349335, 18.7722759247, 23.1477298737, 53.8021316528, 21.5052928925, 12.010304451], [21.6847839355, -6.34893321991, -10.1683864594, 21.0232772827, -10.2221841812, 7.20177507401, -4.26257896423, 7.01685237885, -1.15718984604, 7.72722911835, 21.5052928925, 49.7798843384, 23.8610897064], [-132.569961548, 102.42325592, -13.3570566177, 3.35123634338, 16.7336101532, -15.1268358231, 8.76767158508, -11.8784046173, -1.01385164261, -7.05475234985, 12.010304451, 23.8610897064, 50.4418563843]]
        icov: [[0.0012523685582, 0.00185993884224, 0.000350468442775, 1.98637389985e-05, 0.000389003165765, -0.000835332437418, -0.000826845294796, -0.000259804888628, 0.000181861745659, -0.000809533521533, -0.000347105495166, 0.000705140060745, -0.00105121126398], [0.00185993884224, 0.00316387112252, 0.00128658674657, 0.000805192510597, -0.000197367771761, -0.000783154158853, -0.0010684679728, -0.000864641217049, 0.00137642130721, -0.0013093467569, -0.000395216746256, 0.000960872625001, -0.00195203616749], [0.000350468442775, 0.00128658674657, 0.00462823407724, 0.000690415734425, -0.00215037399903, -0.000637353921775, 0.00112096965313, -0.00190469424706, 0.00294756307267, 0.00102778873406, -0.000654150731862, 0.00129747379106, -0.000887814851012], [1.98637389985e-05, 0.000805192510597, 0.000690415734425, 0.00861302856356, -0.000741210475098, -0.00294222659431, 0.00237658526748, -0.000637816323433, -9.19894664548e-05, 0.00274156499654, 0.000464930839371, -0.00268161389977, -0.00163249776233], [0.000389003165765, -0.000197367771761, -0.00215037399903, -0.000741210475098, 0.0115121258423, 5.78682811465e-05, -0.00517067313194, 0.00267790560611, -0.00429268181324, 0.00460022455081, -0.00388639303856, 0.00261933170259, -0.00112596189138], [-0.000835332437418, -0.000783154158853, -0.000637353921775, -0.00294222659431, 5.78682811465e-05, 0.0154958451167, -0.00435334909707, -0.00629018852487, 0.00715936953202, -0.00834279228002, 0.00470580952242, -0.00191065494437, 0.00208518351428], [-0.000826845294796, -0.0010684679728, 0.00112096965313, 0.00237658526748, -0.00517067313194, -0.00435334909707, 0.0201125517488, -0.0049153235741, -0.00427891407162, 0.00576051604003, -0.00422210944816, 0.00440342444927, -0.00446625519544], [-0.000259804888628, -0.000864641217049, -0.00190469424706, -0.000637816323433, 0.00267790560611, -0.00629018852487, -0.0049153235741, 0.0257482752204, -0.0138152018189, -0.000640137470327, 0.00666036037728, -0.00924511533231, 0.00717418268323], [0.000181861745659, 0.00137642130721, 0.00294756307267, -9.19894664548e-05, -0.00429268181324, 0.00715936953202, -0.00427891407162, -0.0138152018189, 0.0321953110397, -0.00898118130863, -0.00624667387456, 0.00652538845316, -0.00267718243413], [-0.000809533521533, -0.0013093467569, 0.00102778873406, 0.00274156499654, 0.00460022455081, -0.00834279228002, 0.00576051604003, -0.000640137470327, -0.00898118130863, 0.0312294587493, -0.0147119555622, 0.00229056039825, 0.00204770616256], [-0.000347105495166, -0.000395216746256, -0.000654150731862, 0.000464930839371, -0.00388639303856, 0.00470580952242, -0.00422210944816, 0.00666036037728, -0.00624667387456, -0.0147119555622, 0.0369084589183, -0.0178509783, 0.00216204347089], [0.000705140060745, 0.000960872625001, 0.00129747379106, -0.00268161389977, 0.00261933170259, -0.00191065494437, 0.00440342444927, -0.00924511533231, 0.00652538845316, 0.00229056039825, -0.0178509783, 0.040023509413, -0.0181914381683], [-0.00105121126398, -0.00195203616749, -0.000887814851012, -0.00163249776233, -0.00112596189138, 0.00208518351428, -0.00446625519544, 0.00717418268323, -0.00267718243413, 0.00204770616256, 0.00216204347089, -0.0181914381683, 0.03268674016]]
    spectral_contrast:
        mean: [-3.58715141147e-07, -3.40422218414e-07, -3.82370728857e-07, -1.24286074765e-07, -1.8428924875e-07, -3.12369934363e-07, -9.93110461422e-07, 1.09741858978e-06, 2.28971930483e-06, -2.96858843285e-06, -4.37373319073e-06, -4.91280889037e-06]
        var: [0.000364981213352, 0.000554413010832, 0.00096692313673, 0.00147805223241, 0.00281770178117, 0.00433831615373, 0.0541723072529, 0.0879927203059, 0.162119820714, 0.273128479719, 0.530441701412, 10.8811531067]

rhythm:
    beats_loudness:
        dmean: 0.00349060399458
        dmean2: 0.00603016838431
        dvar: 1.35039654197e-05
        dvar2: 4.07997104048e-05
        max: 0.0137152960524
        mean: 0.00448793219402
        min: 0.000220993111725
        var: 2.17129399971e-05
    beats_loudness_bass:
        dmean: 0.16936442256
        dmean2: 0.29284247756
        dvar: 0.0156863946468
        dvar2: 0.0618270859122
        max: 0.633665144444
        mean: 0.240978375077
        min: 0.0276442822069
        var: 0.0301552526653
    bpm: 136.442855835
    bpm_confidence: 0
    first_peak_bpm: 134
    first_peak_spread: 0.400000035763
    first_peak_weight: 0.571428596973
    onset_rate: 2.49226880074
    second_peak_bpm: 100
    second_peak_spread: 0
    second_peak_weight: 0.047619048506
    beats_position: [0.448278486729, 0.896070361137, 1.34386229515, 1.79165422916, 2.23944616318, 2.6872382164, 3.1350300312, 3.58282208443, 4.03061389923, 4.47840595245, 4.92619800568, 5.37398958206, 5.82178163528, 6.42475700378, 6.85893917084, 7.29312133789, 7.72730350494, 8.161485672, 8.59566783905, 9.0298500061, 9.46403217316, 9.89821434021]
    bpm_estimates: [133.954620361, 133.527770996, 133.918395996, 134.164428711, 134.391891479, 137.886871338, 137.912521362, 137.945465088, 137.493408203, 138.353759766, 138.078323364, 139.686782837]
    bpm_intervals: [0.447791874409, 0.447791934013, 0.447791934013, 0.447791934013, 0.447792053223, 0.447791814804, 0.447792053223, 0.447791814804, 0.447792053223, 0.447792053223, 0.447791576385, 0.447792053223, 0.6029753685, 0.434182167053, 0.434182167053, 0.434182167053, 0.434182167053, 0.434182167053, 0.434182167053, 0.434182167053, 0.434182167053]
    onset_times: [0.917188227177, 2.48453521729, 2.67029476166, 4.35374164581, 4.45823144913, 4.5046710968, 4.65560102463, 4.82975053787, 5.10838985443, 5.34058952332, 5.97913837433, 6.43192720413, 6.67573690414, 6.86149644852, 7.0936961174, 7.36072540283, 7.53487539291, 7.73224496841, 8.03410434723, 8.16181373596, 8.6146030426, 8.83519268036, 9.287981987, 9.4853515625, 9.92653083801]
    rubato_start: []
    rubato_stop: []
    perceptual_tempo: "unknown"

sfx:
    inharmonicity:
        dmean: 0.0299869459122
        dmean2: 0.0522252656519
        dvar: 0.00111015152652
        dvar2: 0.00293029332533
        max: 0.251514077187
        mean: 0.0351821035147
        min: 0
        var: 0.00144557573367
    oddtoevenharmonicenergyratio:
        dmean: 1.54469335079
        dmean2: 2.77077698708
        dvar: 10.8485393524
        dvar2: 29.5097732544
        max: 31.6688690186
        mean: 1.60157930851
        min: 0
        var: 9.19860553741
    pitch_after_max_to_before_max_energy_ratio: 0.741902291775
    pitch_centroid: 262.933105469
    pitch_max_to_total: 0.686046540737
    pitch_min_to_total: 0.430232554674
    tristimulus:
        dmean: [0.169184729457, 0.201684802771, 0.0861503407359]
        dmean2: [0.305473804474, 0.361934840679, 0.152334555984]
        dvar: [0.0358067825437, 0.0440398603678, 0.0151979560032]
        dvar2: [0.0888686478138, 0.115653224289, 0.0476985163987]
        max: [1, 0.914110720158, 0.679957866669]
        mean: [0.389750391245, 0.493228048086, 0.0915760695934]
        min: [0.0440290644765, 0, 0]
        var: [0.0620683021843, 0.0621067099273, 0.0149896563962]

tonal:
    chords_changes_rate: 0.0324074067175
    chords_number_rate: 0.0277777779847
    chords_strength:
        dmean: 0.00870181433856
        dmean2: 0.00581372901797
        dvar: 5.01966278534e-05
        dvar2: 3.38368517987e-05
        max: 0.714904129505
        mean: 0.594497263432
        min: 0.321314483881
        var: 0.00584190106019
    key_strength: 0.6097869277
    tuning_diatonic_strength: 0.559183239937
    tuning_equal_tempered_deviation: 0.117757968605
    tuning_frequency: 443.572570801
    tuning_nontempered_energy_ratio: 0.6964854002
    hpcp:
        dmean: [0.144125655293, 0.0909508988261, 0.0385611541569, 0.0396367274225, 0.0616664662957, 0.102323718369, 0.116931788623, 0.0961714982986, 0.121694199741, 0.133770748973, 0.0831224247813, 0.0522209480405, 0.0475746504962, 0.070788115263, 0.104078680277, 0.110030673444, 0.0919244214892, 0.085545219481, 0.0920208320022, 0.10602452606, 0.145642980933, 0.162791386247, 0.122460149229, 0.0970322862267, 0.0663727372885, 0.0471366643906, 0.0700332298875, 0.0828778669238, 0.0869417563081, 0.146829873323, 0.142286255956, 0.0927568748593, 0.0731915831566, 0.0882490128279, 0.0873417854309, 0.137358903885]
        dmean2: [0.217955425382, 0.144341170788, 0.068066932261, 0.0681617483497, 0.0990959256887, 0.165838316083, 0.18979011476, 0.167114019394, 0.191075190902, 0.205890908837, 0.136598646641, 0.0958654209971, 0.08334171772, 0.118312671781, 0.170706361532, 0.174685791135, 0.146402284503, 0.147989451885, 0.171884596348, 0.185382187366, 0.23262783885, 0.258191406727, 0.207852616906, 0.156819358468, 0.0906178951263, 0.0773487016559, 0.130435824394, 0.154452726245, 0.148217946291, 0.243128791451, 0.238525286317, 0.157207906246, 0.13397552073, 0.162241891026, 0.156534343958, 0.204887971282]
        dvar: [0.0318280160427, 0.00986267160624, 0.0077559472993, 0.00637249322608, 0.0140464762226, 0.0244935471565, 0.0308033078909, 0.0247152447701, 0.0305267088115, 0.0312155522406, 0.015511661768, 0.010265304707, 0.00664223870263, 0.0140675175935, 0.0228194370866, 0.0280663985759, 0.0187610276043, 0.0339550338686, 0.0338478274643, 0.0346172973514, 0.035213213414, 0.0356178805232, 0.0290535669774, 0.02850330621, 0.0126080382615, 0.00421063601971, 0.0293408278376, 0.0400786027312, 0.024045387283, 0.0447928421199, 0.0381824225187, 0.0181905608624, 0.025939328596, 0.0374025329947, 0.0253707934171, 0.0190208740532]
        dvar2: [0.0638171732426, 0.0286291446537, 0.021051030606, 0.0171030238271, 0.0366883091629, 0.0565664023161, 0.073566198349, 0.0677910149097, 0.0791871100664, 0.0732140317559, 0.0475257486105, 0.0296277627349, 0.0182464066893, 0.0355211161077, 0.0574161037803, 0.0663143023849, 0.0477501600981, 0.0798919126391, 0.0943021401763, 0.0927081406116, 0.090417727828, 0.0893864557147, 0.0854246467352, 0.0767038539052, 0.0231124088168, 0.011640612036, 0.0908756628633, 0.118391208351, 0.0662700682878, 0.108398079872, 0.0909274891019, 0.0469641312957, 0.0745144858956, 0.113442152739, 0.0787311419845, 0.0416931882501]
        max: [1, 0.677045941353, 1, 0.641660392284, 1, 1, 1, 1, 1, 1, 0.922591388226, 0.855574846268, 0.616763293743, 0.838719129562, 1, 1, 0.957115471363, 1, 1, 1, 1, 1, 1, 1, 1, 0.483086287975, 1, 1, 1, 1, 1, 1, 0.9523178339, 1, 1, 1]
        mean: [0.481149256229, 0.219896510243, 0.0551296398044, 0.0573104098439, 0.0773005485535, 0.156843721867, 0.183683380485, 0.130827799439, 0.24434864521, 0.302051693201, 0.144429534674, 0.0609862655401, 0.0628348365426, 0.107141204178, 0.307563185692, 0.350543141365, 0.165678292513, 0.0940457880497, 0.0903429836035, 0.115228720009, 0.251622229815, 0.29584634304, 0.173418059945, 0.189092412591, 0.188468381763, 0.0821232944727, 0.068048723042, 0.0787271186709, 0.114513449371, 0.275945037603, 0.303764879704, 0.14045573771, 0.0733275040984, 0.0807052180171, 0.0993986278772, 0.347252160311]
        min: [0.00556473620236, 0.00215515168384, 1.57866052177e-05, 0.000103281374322, 5.19580207765e-05, 0.000734890461899, 0.000567558163311, 0.00166738324333, 0.00312443380244, 0.00335971801542, 0.000541550689377, 0.000710403721314, 0.00055223563686, 0.00061617634492, 0.000372531299945, 0.00102712761145, 0.000524758943357, 8.27648982522e-05, 1.87600981008e-05, 5.46216469957e-05, 0.00315766385756, 0.00194519443903, 0.00519062858075, 1.6687265088e-05, 0.000100385601399, 0.000501775240991, 0.000550125841983, 0.000102478967165, 0.000285618851194, 0.000786438700743, 0.000691103632562, 0.000846839044243, 5.87225767958e-05, 7.89891564636e-05, 0.000400743097998, 0.00475948862731]
        var: [0.143280208111, 0.0250141825527, 0.00983234215528, 0.0103379292414, 0.01735865511, 0.0494877509773, 0.0616914443672, 0.0317104272544, 0.0609975121915, 0.0937550961971, 0.0206274278462, 0.00933489203453, 0.00845462735742, 0.0196039415896, 0.102840095758, 0.133032932878, 0.0321159809828, 0.0416624844074, 0.0384456403553, 0.0401918329298, 0.0740583762527, 0.08887578547, 0.0307384375483, 0.0697491317987, 0.0803742855787, 0.00819934811443, 0.0217418633401, 0.0290765725076, 0.0286632440984, 0.110351607203, 0.119900070131, 0.0316943787038, 0.020679814741, 0.0289835166186, 0.0243116095662, 0.0724054574966]
    chords_histogram: [23.148147583, 0, 18.0555553436, 0, 0, 0, 0, 0, 0, 0, 0.925925910473, 0, 1.85185182095, 0, 0, 0, 0, 0, 0, 0, 0, 15.7407407761, 14.8148145676, 25.4629631042]
    thpcp: [1, 0.457023471594, 0.114579081535, 0.11911150068, 0.160658150911, 0.325977265835, 0.381759673357, 0.271906882524, 0.507843732834, 0.627771317959, 0.300176143646, 0.126751244068, 0.13059322536, 0.222677692771, 0.639226138592, 0.728553831577, 0.344338655472, 0.195460736752, 0.18776498735, 0.239486441016, 0.522960841656, 0.614874362946, 0.360424667597, 0.393001556396, 0.391704618931, 0.170681536198, 0.141429543495, 0.163623064756, 0.237999841571, 0.57351231575, 0.631331920624, 0.291917175055, 0.152400746942, 0.167734265327, 0.206585854292, 0.721714019775]
    chords_key: "A"
    chords_scale: "minor"
    key_key: "C"
    key_scale: "major"
    chords_progression: ["Dm", "Dm", "Dm", "Dm", "Dm", "Dm", "Dm", "Dm", "Dm", "Dm", "Dm", "Dm", "Dm", "Dm", "Dm", "Dm", "Dm", "Dm", "Dm", "Dm", "Dm", "Dm", "Dm", "Dm", "Dm", "Dm", "Dm", "Dm", "Dm", "Dm", "Dm", "Dm", "Dm", "Dm", "F", "F", "F", "F", "F", "F", "F", "F", "F", "F", "F", "F", "F", "F", "F", "F", "F", "F", "F", "F", "F", "F", "F", "F", "F", "F", "F", "F", "F", "F", "F", "F", "Am", "Am", "Am", "Am", "Am", "Am", "Am", "Am", "Am", "Am", "Am", "Am", "Am", "Am", "Am", "Am", "Am", "Am", "Am", "Am", "Am", "Am", "Am", "Am", "C", "C", "C", "C", "C", "C", "C", "C", "C", "C", "C", "C", "C", "C", "C", "C", "C", "C", "C", "C", "C", "C", "C", "C", "C", "C", "C", "C", "C", "C", "C", "C", "C", "C", "C", "C", "C", "C", "C", "C", "C", "C", "C", "C", "C", "C", "C", "C", "C", "C", "G", "G", "G", "G", "G", "G", "G", "G", "G", "G", "G", "G", "G", "G", "G", "G", "G", "G", "G", "G", "G", "G", "G", "G", "G", "G", "G", "G", "G", "G", "G", "G", "G", "G", "G", "G", "G", "G", "G", "F#", "F#", "F#", "F#", "B", "B", "Am", "Am", "Am", "Am", "Am", "Am", "Am", "Am", "Am", "Am", "Am", "Am", "Am", "Am", "Am", "Am", "Am", "Am", "Am", "Am", "Am", "Am", "Am", "Am", "Am", "Am", "Am", "Am", "Am", "Am", "Am"]
