
metadata:
    version:
        essentia: "1.2.2"
    audio_properties:
        analysis_sample_rate: 44100
        bitrate: 128
        channels: 2
        equal_loudness: 1
        length: 10.0571432114
        replay_gain: -15.4872379303
        downmix: "mix"
    tags:
        track: 6
        year: 0
        album: "Splitted by Mp3Splt v. 2.1"
        artist: "From 000.50 To 001.00"
        comment: "http://mp3splt.sf.net"
        genre: ""
        title: "11 Walk Like a Man.mp3"

highlevel:
    ballroom:
        all:
            ChaChaCha: 0.0384526066482
            Jive: 0.134063974023
            Quickstep: 0.374911874533
            Rumba-American: 0.013682202436
            Rumba-International: 0.133691489697
            Rumba-Misc: 0.0280248429626
            Samba: 0.0656718239188
            Tango: 0.0171722304076
            VienneseWaltz: 0.14862935245
            Waltz: 0.0456996075809
        probability: 0.374911874533
        value: "Quickstep"
    culture:
        all:
            non_western: 0.0899509489536
            western: 0.910049080849
        probability: 0.910049080849
        value: "western"
    gender:
        all:
            female: 0.0440666526556
            male: 0.955933332443
        probability: 0.955933332443
        value: "male"
    genre_dortmund:
        all:
            alternative: 0.086705096066
            blues: 0.0299721769989
            electronic: 0.009875446558
            folkcountry: 0.424887031317
            funksoulrnb: 0.0254446920007
            jazz: 0.0635472014546
            pop: 0.144929349422
            raphiphop: 0.0114425318316
            rock: 0.203196465969
        probability: 0.424887031317
        value: "folkcountry"
    genre_electronica:
        all:
            ambient: 0.718890786171
            dnb: 0.115069441497
            house: 0.042503066361
            techno: 0.00529359187931
            trance: 0.118243098259
        probability: 0.718890786171
        value: "ambient"
    genre_rosamerica:
        all:
            cla: 0.0171822626144
            dan: 0.0157134868205
            hip: 0.00568631570786
            jaz: 0.0496438033879
            pop: 0.800001263618
            rhy: 0.0879435539246
            roc: 0.0197528991848
            spe: 0.00407641101629
        probability: 0.800001263618
        value: "pop"
    genre_tzanetakis:
        all:
            blu: 0.00190987729002
            cla: 0.0038110006135
            cou: 0.081543520093
            dis: 0.0288057364523
            hip: 0.00204951595515
            jaz: 0.010622639209
            met: 0.00140936987009
            pop: 0.695101678371
            reg: 0.0296552460641
            roc: 0.145091444254
        probability: 0.695101678371
        value: "pop"
    live_studio:
        all:
            live: 0.0127467541024
            studio: 0.987253248692
        probability: 0.987253248692
        value: "studio"
    mood:
        all:
            Cluster1: 0.223277524114
            Cluster2: 0.193772405386
            Cluster3: 0.349809408188
            Cluster4: 0.189504057169
            Cluster5: 0.0436366088688
        probability: 0.349809408188
        value: "Cluster3"
    mood_acoustic:
        all:
            acoustic: 0.638903319836
            not_acoustic: 0.361096650362
        probability: 0.638903319836
        value: "acoustic"
    mood_aggressive:
        all:
            aggressive: 0.0108578344807
            not_aggressive: 0.989142179489
        probability: 0.989142179489
        value: "not_aggressive"
    mood_electronic:
        all:
            electronic: 0.161333084106
            not_electronic: 0.838666915894
        probability: 0.838666915894
        value: "not_electronic"
    mood_happy:
        all:
            happy: 0.78058308363
            not_happy: 0.219416901469
        probability: 0.78058308363
        value: "happy"
    mood_party:
        all:
            not_party: 0.873194217682
            party: 0.126805782318
        probability: 0.873194217682
        value: "not_party"
    mood_relaxed:
        all:
            not_relaxed: 0.259443968534
            relaxed: 0.740556061268
        probability: 0.740556061268
        value: "relaxed"
    mood_sad:
        all:
            not_sad: 0.181710273027
            sad: 0.818289756775
        probability: 0.818289756775
        value: "sad"
    rhythm:
        all:
            fast: 0.527819812298
            medium: 0.412036418915
            slow: 0.0601437501609
        probability: 0.527819812298
        value: "fast"
    speech_music:
        all:
            music: 0.981795370579
            speech: 0.0182046238333
        probability: 0.981795370579
        value: "music"
    timbre:
        all:
            bright: 0.999999880791
            dark: 1.45868284562e-07
        probability: 0.999999880791
        value: "bright"
    voice_instrumental:
        all:
            instrumental: 0.00586160132661
            voice: 0.994138419628
        probability: 0.994138419628
        value: "voice"

lowlevel:
    average_loudness: 0.965795040131
    barkbands_kurtosis:
        dmean: 1.38047063351
        dmean2: 2.22318744659
        dvar: 3.86981701851
        dvar2: 10.6817836761
        max: 27.2940254211
        mean: 1.65725314617
        min: -1.86833846569
        var: 9.46988296509
    barkbands_skewness:
        dmean: 0.428231716156
        dmean2: 0.671026885509
        dvar: 0.211290180683
        dvar2: 0.517071306705
        max: 4.40315723419
        mean: 1.16301357746
        min: -2.34630465508
        var: 0.898015975952
    barkbands_spread:
        dmean: 4.65360116959
        dmean2: 7.27482128143
        dvar: 28.3543109894
        dvar2: 58.8714447021
        max: 54.3029289246
        mean: 20.328918457
        min: 2.71255350113
        var: 94.5848083496
    dissonance:
        dmean: 0.0238460153341
        dmean2: 0.0385171435773
        dvar: 0.000568764691707
        dvar2: 0.00108061253559
        max: 0.497781485319
        mean: 0.443666309118
        min: 0.0452306196094
        var: 0.00131652806886
    hfc:
        dmean: 1.48956990242
        dmean2: 2.11264276505
        dvar: 6.91313314438
        dvar2: 13.8986358643
        max: 39.1197319031
        mean: 4.72052907944
        min: 0.000359569268767
        var: 30.6873397827
    pitch:
        dmean: 225.270141602
        dmean2: 427.982788086
        dvar: 551282.25
        dvar2: 1247159.125
        max: 4410
        mean: 604.46295166
        min: 73.6227035522
        var: 1248257.125
    pitch_instantaneous_confidence:
        dmean: 0.085729546845
        dmean2: 0.136227101088
        dvar: 0.00604394823313
        dvar2: 0.0159416552633
        max: 0.858556866646
        mean: 0.494202166796
        min: 0.177331864834
        var: 0.0185849312693
    pitch_salience:
        dmean: 0.0647902414203
        dmean2: 0.105040669441
        dvar: 0.00308077572845
        dvar2: 0.00810740981251
        max: 0.931424200535
        mean: 0.612386703491
        min: 0.356404900551
        var: 0.00831939931959
    silence_rate_20dB:
        dmean: 0
        dmean2: 0
        dvar: 0
        dvar2: 0
        max: 1
        mean: 1
        min: 1
        var: 0
    silence_rate_30dB:
        dmean: 0
        dmean2: 0
        dvar: 0
        dvar2: 0
        max: 1
        mean: 1
        min: 1
        var: 0
    silence_rate_60dB:
        dmean: 0.120092377067
        dmean2: 0.24074074626
        dvar: 0.105670385063
        dvar2: 0.205932229757
        max: 1
        mean: 0.465437799692
        min: 0
        var: 0.248805478215
    spectral_centroid:
        dmean: 199.886398315
        dmean2: 314.41116333
        dvar: 89676.4140625
        dvar2: 183698.03125
        max: 3736.27294922
        mean: 1005.46862793
        min: 315.327514648
        var: 408156.96875
    spectral_complexity:
        dmean: 2.07656621933
        dmean2: 3.26511621475
        dvar: 4.86419725418
        dvar2: 10.2925157547
        max: 29
        mean: 10.1967592239
        min: 0
        var: 27.2599010468
    spectral_crest:
        dmean: 2.37835049629
        dmean2: 3.75681948662
        dvar: 4.97518253326
        dvar2: 13.3014535904
        max: 22.0687465668
        mean: 9.3472070694
        min: 3.18875908852
        var: 10.7936668396
    spectral_decrease:
        dmean: 2.87981555269e-10
        dmean2: 4.17230361371e-10
        dvar: 1.6083208692e-19
        dvar2: 3.38928570597e-19
        max: -1.10275856372e-13
        mean: -9.85031389789e-10
        min: -4.50500614591e-09
        var: 4.4305727143e-19
    spectral_energy:
        dmean: 0.00118479470257
        dmean2: 0.00169798219576
        dvar: 2.66274605565e-06
        dvar2: 5.56500617677e-06
        max: 0.0185682158917
        mean: 0.00414590025321
        min: 4.48821197097e-07
        var: 8.05904619483e-06
    spectral_energyband_high:
        dmean: 9.48788656387e-05
        dmean2: 0.000137580165756
        dvar: 7.46952792952e-08
        dvar2: 1.15893151076e-07
        max: 0.00419195555151
        mean: 0.000200974842301
        min: 9.30136678789e-09
        var: 2.82353937564e-07
    spectral_energyband_low:
        dmean: 6.63951650495e-05
        dmean2: 0.000111097520858
        dvar: 2.1938820538e-08
        dvar2: 5.59255006749e-08
        max: 0.00205793022178
        mean: 0.000129181978991
        min: 3.64507037887e-08
        var: 2.73581726162e-08
    spectral_energyband_middle_high:
        dmean: 0.000421287666541
        dmean2: 0.00063661771128
        dvar: 4.27876102549e-07
        dvar2: 1.00949705484e-06
        max: 0.00706966314465
        mean: 0.00120981340297
        min: 7.05605316398e-08
        var: 1.34090646497e-06
    spectral_energyband_middle_low:
        dmean: 0.000924643070903
        dmean2: 0.00140208518133
        dvar: 2.05811329579e-06
        dvar2: 4.69318410978e-06
        max: 0.0143105266616
        mean: 0.00260593160056
        min: 3.25128809209e-07
        var: 4.11980545323e-06
    spectral_flatness_db:
        dmean: 0.0174006763846
        dmean2: 0.0264145433903
        dvar: 0.000302346248645
        dvar2: 0.000674977607559
        max: 0.298489093781
        mean: 0.173429220915
        min: 0.0732270106673
        var: 0.00109478249215
    spectral_flux:
        dmean: 0.00872960593551
        dmean2: 0.0129629923031
        dvar: 9.88736283034e-05
        dvar2: 0.000181169030839
        max: 0.116539113224
        mean: 0.0324420593679
        min: 0.0057579530403
        var: 0.000305986235617
    spectral_kurtosis:
        dmean: 1.75775456429
        dmean2: 2.85987401009
        dvar: 4.21022224426
        dvar2: 10.3681535721
        max: 22.6027736664
        mean: 6.53227043152
        min: -0.228182077408
        var: 13.0959186554
    spectral_rms:
        dmean: 0.000272237870377
        dmean2: 0.000382635800634
        dvar: 1.03885817282e-07
        dvar2: 1.94095775896e-07
        max: 0.00425621075556
        mean: 0.00190029351506
        min: 2.09254467336e-05
        var: 4.33663473132e-07
    spectral_rolloff:
        dmean: 463.388275146
        dmean2: 796.628295898
        dvar: 361524.75
        dvar2: 814507
        max: 5081.8359375
        mean: 1778.18505859
        min: 366.064453125
        var: 1197833.5
    spectral_skewness:
        dmean: 0.212428122759
        dmean2: 0.319362729788
        dvar: 0.0442047901452
        dvar2: 0.0984624028206
        max: 3.56000685692
        mean: 1.99903416634
        min: 0.696929574013
        var: 0.255526870489
    spectral_spread:
        dmean: 715865.9375
        dmean2: 965108.625
        dvar: 1.33450511155e+12
        dvar2: 1.59024899686e+12
        max: 28513226
        mean: 4723522.5
        min: 2025606.25
        var: 4.28524778291e+12
    spectral_strongpeak:
        dmean: 0.287176400423
        dmean2: 0.46168243885
        dvar: 0.243204161525
        dvar2: 0.641587674618
        max: 4.02277898788
        mean: 0.576407849789
        min: 0.000243645976298
        var: 0.339028328657
    zerocrossingrate:
        dmean: 0.00777398142964
        dmean2: 0.00874591246247
        dvar: 8.19513734314e-05
        dvar2: 7.78124012868e-05
        max: 0.1806640625
        mean: 0.0614714436233
        min: 0.00244140625
        var: 0.000922509178054
    barkbands:
        dmean: [5.38944178174e-08, 1.74575507117e-05, 5.70549855183e-05, 9.98346222332e-05, 0.000417910487158, 0.000180792078027, 0.000252998434007, 0.000354961230187, 9.84398211585e-05, 8.38317646412e-05, 7.46537116356e-05, 6.07336223766e-05, 6.05284876656e-05, 4.46421909146e-05, 3.00128267554e-05, 4.43945573352e-05, 6.28955531283e-05, 9.54419956543e-05, 0.000110938162834, 0.000128702697111, 3.25649380102e-05, 1.13562182378e-05, 1.33774688038e-06, 1.82999065146e-06, 2.26437259698e-06, 7.20564230505e-08, 3.94323640407e-09]
        dmean2: [8.98595899912e-08, 3.02270618704e-05, 9.46815562202e-05, 0.000172573651071, 0.000688249478117, 0.000283833272988, 0.000414939131588, 0.000484246382257, 0.000142467339174, 0.000125408783788, 0.000118527910672, 9.62711419561e-05, 8.88675131137e-05, 7.0015223173e-05, 4.78813635709e-05, 7.09125743015e-05, 9.83706486295e-05, 0.000154076406034, 0.000184450051165, 0.000195563188754, 4.88134792249e-05, 1.89575912373e-05, 1.95470670405e-06, 2.68543180937e-06, 3.40588894687e-06, 1.00018247906e-07, 6.00961680419e-09]
        dvar: [3.50632947698e-14, 2.12340367511e-09, 1.77627796916e-08, 5.10040187862e-08, 4.27425504768e-07, 6.63949819568e-08, 9.53889411903e-07, 6.23064408956e-07, 5.74735210535e-08, 2.90102875056e-08, 1.83403336962e-08, 8.07845168538e-08, 1.32336257508e-08, 1.07202975386e-08, 5.18995957322e-09, 1.16147926832e-08, 1.54077692827e-08, 4.5406697069e-08, 7.73999317971e-08, 1.40883784638e-07, 9.68058078143e-09, 1.12483677928e-09, 7.26879797672e-12, 2.7299735389e-11, 4.4774517427e-11, 2.84393988665e-14, 2.54771183974e-15]
        dvar2: [8.88344370395e-14, 6.22636653347e-09, 4.50608261815e-08, 1.40677869354e-07, 1.13035900995e-06, 1.47136958617e-07, 2.65161588686e-06, 1.21311575185e-06, 1.05021022989e-07, 4.78863384501e-08, 4.6931123876e-08, 1.99796744482e-07, 2.5813498894e-08, 2.24014957695e-08, 1.1938786848e-08, 2.56601424553e-08, 3.01136786618e-08, 1.13875572083e-07, 1.95880588194e-07, 2.89208259119e-07, 1.72410565824e-08, 2.57317545049e-09, 1.42211320844e-11, 4.84199798312e-11, 8.45084072165e-11, 5.54300190274e-14, 6.3885206939e-15]
        max: [1.82996973308e-06, 0.000403609446948, 0.00199870532379, 0.00247084489092, 0.00600739615038, 0.00241326983087, 0.0115469638258, 0.00855474546552, 0.00289840926416, 0.00225145509467, 0.00161441008095, 0.00440540304407, 0.00125784194097, 0.001537442673, 0.000905195251107, 0.00183344772086, 0.00171916442923, 0.00264486297965, 0.0035434931051, 0.00568864820525, 0.00149208761286, 0.000412424997194, 4.47144047939e-05, 6.04472843406e-05, 8.7274966063e-05, 2.50255152423e-06, 7.43675627746e-07]
        mean: [6.71292283982e-08, 2.74850990536e-05, 0.000101632729638, 0.000184943492059, 0.000683582271449, 0.000416712515289, 0.000355801807018, 0.000713809276931, 0.000193177780602, 0.00017436761118, 0.000117362214951, 9.00027880562e-05, 0.000129302279674, 7.73776700953e-05, 4.22646116931e-05, 6.23384257779e-05, 0.000109747285023, 0.000146555306856, 0.000184411896043, 0.000235609870288, 6.55521434965e-05, 2.28579665418e-05, 2.68296253125e-06, 3.59834871233e-06, 4.53775373899e-06, 1.1972619518e-07, 2.38465647229e-09]
        min: [4.63511728999e-11, 1.88842790294e-08, 1.06291988544e-08, 1.02106678668e-08, 3.91731660443e-08, 7.97786583462e-08, 1.00298251482e-07, 7.01629403466e-08, 2.52759289054e-08, 1.88659754485e-09, 3.07445668923e-09, 2.97420621465e-09, 1.75410441727e-08, 1.15047544824e-08, 8.45794012605e-09, 5.93253490777e-09, 5.6125304404e-09, 1.00139700976e-08, 3.29159921542e-09, 9.44989420049e-10, 3.11838199707e-09, 1.03135711083e-09, 1.16288978447e-09, 8.72585170786e-10, 9.4457286437e-10, 5.8016553367e-11, 2.97704950969e-11]
        var: [2.65072472571e-14, 1.71681380223e-09, 2.19205844587e-08, 7.57179989819e-08, 5.69385179006e-07, 1.70644668174e-07, 7.05794548139e-07, 1.77847891791e-06, 1.7403972663e-07, 1.10999771152e-07, 2.76950462563e-08, 7.53207771709e-08, 5.70476998973e-08, 2.52148346647e-08, 7.57177520683e-09, 1.64725939555e-08, 3.23946558467e-08, 5.58730732791e-08, 1.59477096418e-07, 4.47455619224e-07, 3.0585582067e-08, 3.23135540548e-09, 2.0730020131e-11, 8.47635017731e-11, 1.62865179676e-10, 8.68650583321e-14, 1.27615021449e-15]
    mfcc:
        mean: [-743.115661621, 140.210693359, -37.8484954834, 41.5238075256, -17.2372398376, -19.1307868958, -2.49969530106, -11.8222036362, -10.8634147644, -13.8152952194, -3.08095955849, -4.63865709305, -3.89369249344]
        cov: [[2971.49902344, -1421.15197754, 145.225662231, -250.188858032, -270.369720459, -73.4002990723, 1.32287967205, -112.47492981, -20.1474609375, -2.33029913902, 137.627914429, -31.0315074921, -14.3715467453], [-1421.15197754, 1515.14416504, -443.358215332, -41.0507774353, 133.008285522, 5.08271121979, -100.169914246, 163.048919678, -1.25859022141, 6.05917596817, -23.7484970093, 74.0010223389, 9.72805213928], [145.225662231, -443.358215332, 391.728942871, 115.597579956, -24.6575164795, 5.52153205872, 85.2231292725, -41.5849914551, 3.39208269119, -15.3763723373, -23.3124275208, -31.7969970703, 7.3288807869], [-250.188858032, -41.0507774353, 115.597579956, 296.56930542, 64.329460144, 22.4111232758, 40.9809341431, -39.7021026611, 17.5261306763, 7.70801448822, -66.9653015137, -17.6328449249, 7.13791942596], [-270.369720459, 133.008285522, -24.6575164795, 64.329460144, 214.125976562, 46.5251235962, -44.6857833862, -17.2275600433, 4.64074230194, -5.81792593002, -46.871295929, 6.25945329666, 6.36891126633], [-73.4002990723, 5.08271121979, 5.52153205872, 22.4111232758, 46.5251235962, 129.628372192, 16.9990978241, -3.74243164062, 1.85011303425, 0.622771441936, -18.8920192719, -2.17784380913, -1.47743082047], [1.32287967205, -100.169914246, 85.2231292725, 40.9809341431, -44.6857833862, 16.9990978241, 159.481735229, 25.4029560089, -8.72267818451, -12.2924661636, -1.30239021778, -5.82774114609, 17.1540374756], [-112.47492981, 163.048919678, -41.5849914551, -39.7021026611, -17.2275600433, -3.74243164062, 25.4029560089, 100.245620728, 20.745010376, -5.25534629822, 4.3597612381, 9.3201675415, 3.89303326607], [-20.1474609375, -1.25859022141, 3.39208269119, 17.5261306763, 4.64074230194, 1.85011303425, -8.72267818451, 20.745010376, 81.157081604, 21.038022995, -15.4429235458, -16.2520027161, -1.37351119518], [-2.33029913902, 6.05917596817, -15.3763723373, 7.70801448822, -5.81792593002, 0.622771441936, -12.2924661636, -5.25534629822, 21.038022995, 64.7526473999, 28.5274963379, 8.11809158325, -8.16332435608], [137.627914429, -23.7484970093, -23.3124275208, -66.9653015137, -46.871295929, -18.8920192719, -1.30239021778, 4.3597612381, -15.4429235458, 28.5274963379, 116.096961975, 37.53723526, -7.69336271286], [-31.0315074921, 74.0010223389, -31.7969970703, -17.6328449249, 6.25945329666, -2.17784380913, -5.82774114609, 9.3201675415, -16.2520027161, 8.11809158325, 37.53723526, 66.6705322266, 5.98576402664], [-14.3715467453, 9.72805213928, 7.3288807869, 7.13791942596, 6.36891126633, -1.47743082047, 17.1540374756, 3.89303326607, -1.37351119518, -8.16332435608, -7.69336271286, 5.98576402664, 56.5378608704]]
        icov: [[0.000874060322531, 0.00104099872988, 0.000636235636193, 0.000356855627615, 0.000405897269957, 0.000104827297037, 0.000405718310503, -0.00030723225791, 7.89527912275e-05, 0.000229936558753, -0.000315292214509, -0.000118145318993, -0.00022466822702], [0.00104099872988, 0.00264864950441, 0.00207139947452, -0.000130338012241, -5.03780320287e-05, 0.00021402144921, 0.001037604874, -0.00269596767612, 0.000902224564925, -3.95009192289e-05, 0.000149243467604, -0.000842808745801, -0.000435334950453], [0.000636235636193, 0.00207139947452, 0.00522839277983, -0.00130181328859, 0.000185417608009, 0.000276225619018, -0.000914629839826, -0.000675423943903, 2.91968754027e-05, 0.00104151491541, -0.000229340075748, 0.00018849040498, -0.000297802384011], [0.000356855627615, -0.000130338012241, -0.00130181328859, 0.00561160733923, -0.000968972919509, 0.000354063377017, -0.00179774395656, 0.00267092883587, -0.00106656760909, -0.00186662899796, 0.00266194436699, -0.000803822360467, 0.000205261560041], [0.000405897269957, -5.03780320287e-05, 0.000185417608009, -0.000968972919509, 0.00702390959486, -0.00218573235907, 0.002249983605, 0.000998359755613, -0.000285522168269, 0.000778697489295, 0.00169638823718, -0.00163726625033, -0.000879942497704], [0.000104827297037, 0.00021402144921, 0.000276225619018, 0.000354063377017, -0.00218573235907, 0.00890708621591, -0.00190425699111, 0.000361966318451, -2.8247193768e-05, -0.000918179342989, 0.0010893343715, -0.000281188200461, 0.0009858753765], [0.000405718310503, 0.001037604874, -0.000914629839826, -0.00179774395656, 0.002249983605, -0.00190425699111, 0.00999841000885, -0.00494439061731, 0.00252859899774, 0.000750114850234, -0.000835464627016, 0.000658627890516, -0.00273991469294], [-0.00030723225791, -0.00269596767612, -0.000675423943903, 0.00267092883587, 0.000998359755613, 0.000361966318451, -0.00494439061731, 0.01799409464, -0.00702515197918, 0.00301375309937, -5.92075884924e-05, -0.00190963072237, 0.000752867490519], [7.89527912275e-05, 0.000902224564925, 2.91968754027e-05, -0.00106656760909, -0.000285522168269, -2.8247193768e-05, 0.00252859899774, -0.00702515197918, 0.0179080925882, -0.00763360736892, 0.00257565430366, 0.00392967415974, -0.000989040359855], [0.000229936558753, -3.95009192289e-05, 0.00104151491541, -0.00186662899796, 0.000778697489295, -0.000918179342989, 0.000750114850234, 0.00301375309937, -0.00763360736892, 0.0223767589778, -0.00715084467083, -0.0010259358678, 0.00180010776967], [-0.000315292214509, 0.000149243467604, -0.000229340075748, 0.00266194436699, 0.00169638823718, 0.0010893343715, -0.000835464627016, -5.92075884924e-05, 0.00257565430366, -0.00715084467083, 0.0160260740668, -0.00758302165195, 0.00169641978573], [-0.000118145318993, -0.000842808745801, 0.00018849040498, -0.000803822360467, -0.00163726625033, -0.000281188200461, 0.000658627890516, -0.00190963072237, 0.00392967415974, -0.0010259358678, -0.00758302165195, 0.0218563750386, -0.00309771532193], [-0.00022466822702, -0.000435334950453, -0.000297802384011, 0.000205261560041, -0.000879942497704, 0.0009858753765, -0.00273991469294, 0.000752867490519, -0.000989040359855, 0.00180010776967, 0.00169641978573, -0.00309771532193, 0.0194167904556]]
    spectral_contrast:
        mean: [6.40586108602e-07, -2.1235447889e-07, -8.32671389617e-08, 1.06446719883e-07, 1.57634971742e-08, 1.92749283201e-07, -5.00954956806e-06, 3.64388569096e-07, 2.07691823562e-06, 9.05107583549e-07, 5.24189727003e-06, 2.65130279331e-06]
        var: [0.000526094809175, 0.00104856316466, 0.00176276371349, 0.00283748609945, 0.00388433481567, 0.00543981511146, 0.0581647008657, 0.102158650756, 0.118889294565, 0.193743139505, 0.453386515379, 1.57410061359]

rhythm:
    beats_loudness:
        dmean: 0.0039308173582
        dmean2: 0.00693431729451
        dvar: 9.40426252782e-06
        dvar2: 2.60839824477e-05
        max: 0.0172224380076
        mean: 0.00646516680717
        min: 0.00157862040214
        var: 1.33607245516e-05
    beats_loudness_bass:
        dmean: 0.109673276544
        dmean2: 0.19204813242
        dvar: 0.0159483198076
        dvar2: 0.0213468484581
        max: 0.654859304428
        mean: 0.106745563447
        min: 0.00446341047063
        var: 0.0205038562417
    bpm: 124.469810486
    bpm_confidence: 0
    first_peak_bpm: 124
    first_peak_spread: 0.449999988079
    first_peak_weight: 0.550000011921
    onset_rate: 3.77840924263
    second_peak_bpm: 0
    second_peak_spread: 0
    second_peak_weight: 0
    beats_position: [0.197257310152, 0.682210087776, 1.1671628952, 1.65211558342, 2.13706851006, 2.62202119827, 3.10697412491, 3.59192705154, 4.07687997818, 4.56183290482, 5.04678583145, 5.53173828125, 6.00326013565, 6.47971868515, 6.95617675781, 7.43263530731, 7.90909337997, 8.38555145264, 8.86201000214, 9.33846950531, 9.81492710114]
    bpm_estimates: [123.81427002, 124.460243225, 121.865592957, 123.728797913, 123.463371277, 122.782234192, 124.484291077, 124.869293213, 123.107513428, 124.725105286, 124.912796021, 124.694900513, 126.4739151, 128.873504639, 124.791145325]
    bpm_intervals: [0.484952777624, 0.484952807426, 0.484952688217, 0.484952926636, 0.484952688217, 0.484952926636, 0.484952926636, 0.484952926636, 0.484952926636, 0.484952926636, 0.484952449799, 0.471521854401, 0.4764585495, 0.476458072662, 0.4764585495, 0.476458072662, 0.476458072662, 0.4764585495, 0.476459503174, 0.476457595825]
    onset_times: [0.0696598663926, 0.197369620204, 0.673378705978, 1.17260766029, 1.40480720997, 1.53251695633, 1.91564631462, 2.10140585899, 2.38004541397, 2.61224484444, 2.83283448219, 2.94893431664, 3.05342411995, 3.27401351929, 3.41333341599, 4.00544214249, 4.07510185242, 4.36535167694, 4.56272125244, 4.93424034119, 5.34058952332, 5.52634906769, 5.80498886108, 6.01396846771, 6.13006782532, 6.33904743195, 6.48997735977, 6.97759628296, 7.2330160141, 7.27945566177, 7.4884352684, 7.72063493729, 8.4172334671, 8.91646289825, 9.12544250488, 9.35764217377, 9.65950107574, 9.8800907135]
    rubato_start: []
    rubato_stop: []
    perceptual_tempo: "unknown"

sfx:
    inharmonicity:
        dmean: 0.0359540320933
        dmean2: 0.0647488608956
        dvar: 0.00184037350118
        dvar2: 0.00530750304461
        max: 0.294424682856
        mean: 0.0355595946312
        min: 0.000274260964943
        var: 0.00174640619662
    oddtoevenharmonicenergyratio:
        dmean: 2.85946989059
        dmean2: 5.30973052979
        dvar: 76.1411972046
        dvar2: 220.438201904
        max: 113.372154236
        mean: 1.94458377361
        min: 2.19107259909e-05
        var: 43.645236969
    pitch_after_max_to_before_max_energy_ratio: 2.20116782188
    pitch_centroid: 181.009094238
    pitch_max_to_total: 0.1875
    pitch_min_to_total: 0.819444417953
    tristimulus:
        dmean: [0.24094940722, 0.254535228014, 0.107922837138]
        dmean2: [0.430309683084, 0.450237900019, 0.194804549217]
        dvar: [0.0383305102587, 0.0413934476674, 0.0155844781548]
        dvar2: [0.101743526757, 0.117353513837, 0.0448366478086]
        max: [0.905985534191, 0.978734493256, 0.738412678242]
        mean: [0.423193663359, 0.432418316603, 0.106618471444]
        min: [0.00640084501356, 0, 0]
        var: [0.0599163137376, 0.0598587505519, 0.0150557421148]

tonal:
    chords_changes_rate: 0.0138248847798
    chords_number_rate: 0.0184331797063
    chords_strength:
        dmean: 0.00781696662307
        dmean2: 0.00596466381103
        dvar: 4.63459800812e-05
        dvar2: 2.8590697184e-05
        max: 0.707114398479
        mean: 0.552665948868
        min: 0.370475590229
        var: 0.00577324349433
    key_strength: 0.879515707493
    tuning_diatonic_strength: 0.706516325474
    tuning_equal_tempered_deviation: 0.0348021686077
    tuning_frequency: 441.017791748
    tuning_nontempered_energy_ratio: 0.675213217735
    hpcp:
        dmean: [0.136216938496, 0.122254990041, 0.134428277612, 0.13016307354, 0.123541422188, 0.0833566114306, 0.0990508943796, 0.111051082611, 0.184537500143, 0.157859995961, 0.15578250587, 0.0807709097862, 0.0479871034622, 0.0618994534016, 0.106781303883, 0.108375102282, 0.0966278389096, 0.0543478876352, 0.0366591140628, 0.0237868689001, 0.0492713190615, 0.0744747668505, 0.0883383750916, 0.149928182364, 0.171824559569, 0.142043858767, 0.0717898756266, 0.0566327571869, 0.0732681751251, 0.122378520668, 0.156313359737, 0.132656395435, 0.0784958675504, 0.0534900166094, 0.0890088230371, 0.133062258363]
        dmean2: [0.232585996389, 0.216252148151, 0.226992994547, 0.222315266728, 0.216984376311, 0.147738203406, 0.179300576448, 0.188912838697, 0.302734017372, 0.261852025986, 0.257254958153, 0.138147205114, 0.0856464207172, 0.108534865081, 0.184382155538, 0.184879824519, 0.161010831594, 0.0907339677215, 0.063585087657, 0.0415492095053, 0.0781063809991, 0.119101136923, 0.15329515934, 0.246790498495, 0.282151192427, 0.242956608534, 0.12829849124, 0.102782070637, 0.128691658378, 0.189136758447, 0.252838969231, 0.213395670056, 0.131624445319, 0.0933458432555, 0.161247983575, 0.223863273859]
        dvar: [0.0308496523649, 0.0237960368395, 0.0321640595794, 0.0374377891421, 0.034695327282, 0.0281942952424, 0.0388714782894, 0.0291473511606, 0.0394796542823, 0.0425256304443, 0.0364980399609, 0.0186643972993, 0.0128907570615, 0.0124425031245, 0.0336699970067, 0.0274083502591, 0.0239605866373, 0.00491653103381, 0.00375583884306, 0.0015165808145, 0.00733146769926, 0.0203429944813, 0.0158899500966, 0.0295643955469, 0.0381005145609, 0.0230859275907, 0.0180295035243, 0.0187184475362, 0.0216258410364, 0.0272464230657, 0.0382109619677, 0.0352988764644, 0.0198275689036, 0.0112336939201, 0.0260510016233, 0.0294347442687]
        dvar2: [0.0671748965979, 0.0603293813765, 0.0871470272541, 0.0792774036527, 0.0982274934649, 0.0723881721497, 0.100778147578, 0.0815926715732, 0.0953373387456, 0.0986581072211, 0.0872862786055, 0.0431564152241, 0.0366479419172, 0.034089397639, 0.0865741968155, 0.0647718459368, 0.0607548058033, 0.0126713840291, 0.0105949435383, 0.00402606697753, 0.0171092487872, 0.0500474274158, 0.0449480861425, 0.0771695747972, 0.0818227380514, 0.0674930736423, 0.0441252738237, 0.048129864037, 0.0584383569658, 0.0541275329888, 0.087366014719, 0.0752436593175, 0.0588094107807, 0.0274999476969, 0.0665179118514, 0.0768334493041]
        max: [1, 0.872099757195, 1, 1, 1, 0.87472653389, 1, 1, 1, 1, 1, 1, 1, 0.898783743382, 1, 1, 1, 0.395321547985, 0.426794171333, 0.326060086489, 0.615444898605, 1, 1, 1, 1, 1, 1, 1, 1, 1, 1, 1, 1, 0.822337627411, 1, 1]
        mean: [0.228073999286, 0.160287484527, 0.175312802196, 0.222606539726, 0.1480076015, 0.0928549617529, 0.0977677404881, 0.12469971925, 0.333416849375, 0.483797729015, 0.280793517828, 0.0784794166684, 0.0440332777798, 0.0574815385044, 0.164093926549, 0.229621991515, 0.142964690924, 0.0659998431802, 0.0370480976999, 0.0268165301532, 0.0667495578527, 0.0932907685637, 0.0927747040987, 0.285555183887, 0.415897846222, 0.221024945378, 0.0719084888697, 0.0591789409518, 0.0701296031475, 0.192826390266, 0.29291048646, 0.194542422891, 0.0779104530811, 0.0566103085876, 0.0849287062883, 0.179047867656]
        min: [0.00328284967691, 0.00496968161315, 0.000579824438319, 0.0011928845197, 0.000834446691442, 0.000638665864244, 0.000623942993116, 0.000836571736727, 0.00661338912323, 0.00797435361892, 0.00258060847409, 0.000769676757045, 0.000944273546338, 0.00103689695243, 0.000594891200308, 0.00204376061447, 0.00182140991092, 0.000667063752189, 0.000383488397347, 0.000495185144246, 0.00175123952795, 0.00266240979545, 0.00293408404104, 0.0102958921343, 0.0098672779277, 0.0118621503934, 0.000841889763251, 0.000484447285999, 0.00112052017357, 0.00273456471041, 0.00363750499673, 0.00361636886373, 0.00146479846444, 0.00102714437526, 0.000432215689216, 0.00167782057542]
        var: [0.059280924499, 0.0350789390504, 0.0565374046564, 0.0901696234941, 0.048566557467, 0.0307365152985, 0.0408354774117, 0.0378530062735, 0.0834705755115, 0.138136863708, 0.0715999156237, 0.0201422628015, 0.0084619494155, 0.00948034785688, 0.0613890625536, 0.104461170733, 0.0365656130016, 0.00678477855399, 0.0034353537485, 0.00182838772889, 0.0120814293623, 0.0254209581763, 0.0171283371747, 0.0681667774916, 0.116507515311, 0.0387336462736, 0.0193936079741, 0.0230648238212, 0.0198581255972, 0.0578226037323, 0.0925300866365, 0.0610498227179, 0.0194024201483, 0.0119226751849, 0.023378379643, 0.0375285111368]
    chords_histogram: [73.2718887329, 0, 0, 0, 3.68663597107, 0, 0, 0, 0, 0, 0, 0, 0, 0, 0, 0, 0, 0, 0, 0, 0, 19.8156681061, 0, 3.22580647469]
    thpcp: [1, 0.58039444685, 0.162215352058, 0.0910158827901, 0.118813164532, 0.339178800583, 0.474623948336, 0.295505076647, 0.136420324445, 0.0765776559711, 0.0554292201996, 0.137969970703, 0.192830115557, 0.191763415933, 0.590236723423, 0.859652340412, 0.456854045391, 0.148633375764, 0.122321657836, 0.144956454635, 0.398568212986, 0.605439960957, 0.40211519599, 0.161039307714, 0.117012351751, 0.17554590106, 0.370088279247, 0.471424281597, 0.33131095767, 0.36236795783, 0.460123151541, 0.30592867732, 0.19192931056, 0.202083915472, 0.257751762867, 0.689165830612]
    chords_key: "F"
    chords_scale: "major"
    key_key: "F"
    key_scale: "major"
    chords_progression: ["F", "F", "F", "F", "F", "F", "F", "F", "F", "F", "F", "F", "F", "F", "F", "F", "F", "F", "F", "F", "F", "F", "F", "F", "F", "F", "F", "F", "F", "F", "F", "F", "F", "F", "F", "F", "F", "F", "F", "F", "F", "F", "F", "F", "F", "F", "F", "F", "F", "F", "F", "F", "F", "F", "F", "F", "F", "F", "F", "F", "F", "F", "F", "F", "F", "F", "F", "F", "F", "F", "F", "F", "F", "F", "F", "F", "F", "F", "F", "F", "F", "F", "F", "F", "F", "F", "F", "F", "F", "F", "F", "F", "F", "F", "F", "F", "F", "F", "F", "F", "F", "F", "F", "F", "F", "F", "F", "F", "F", "F", "F", "F", "F", "F", "F", "F", "F", "F", "F", "F", "F", "F", "F", "F", "F", "F", "F", "F", "F", "F", "F", "F", "F", "F", "F", "F", "F", "F", "F", "F", "F", "F", "F", "F", "F", "F", "F", "F", "F", "F", "F", "F", "F", "F", "F", "F", "F", "F", "F", "Dm", "Dm", "Dm", "Dm", "Dm", "Dm", "Dm", "G", "G", "G", "G", "G", "G", "G", "G", "Gm", "Gm", "Gm", "Gm", "Gm", "Gm", "Gm", "Gm", "Gm", "Gm", "Gm", "Gm", "Gm", "Gm", "Gm", "Gm", "Gm", "Gm", "Gm", "Gm", "Gm", "Gm", "Gm", "Gm", "Gm", "Gm", "Gm", "Gm", "Gm", "Gm", "Gm", "Gm", "Gm", "Gm", "Gm", "Gm", "Gm", "Gm", "Gm", "Gm", "Gm", "Gm", "Gm"]
