
metadata:
    version:
        essentia: "1.2.2"
    audio_properties:
        analysis_sample_rate: 44100
        bitrate: 128
        channels: 2
        equal_loudness: 1
        length: 10.0310201645
        replay_gain: -12.0414772034
        downmix: "mix"
    tags:
        track: 18
        year: 0
        album: "Splitted by Mp3Splt v. 2.1"
        artist: "From 002.50 To 003.00"
        comment: "http://mp3splt.sf.net"
        genre: ""
        title: "01 Stay Together [Edit].mp3"

highlevel:
    ballroom:
        all:
            ChaChaCha: 0.05359505862
            Jive: 0.167100042105
            Quickstep: 0.169431433082
            Rumba-American: 0.0203754976392
            Rumba-International: 0.144581973553
            Rumba-Misc: 0.149013742805
            Samba: 0.0671335235238
            Tango: 0.0115997595713
            VienneseWaltz: 0.152445986867
            Waltz: 0.0647229626775
        probability: 0.169431433082
        value: "Quickstep"
    culture:
        all:
            non_western: 0.00930184498429
            western: 0.990698158741
        probability: 0.990698158741
        value: "western"
    gender:
        all:
            female: 0.471608132124
            male: 0.528391897678
        probability: 0.528391897678
        value: "male"
    genre_dortmund:
        all:
            alternative: 0.181913733482
            blues: 0.0101375775412
            electronic: 0.0384347997606
            folkcountry: 0.0643076896667
            funksoulrnb: 0.0402085892856
            jazz: 0.0652347058058
            pop: 0.201727673411
            raphiphop: 0.00159738457296
            rock: 0.396437853575
        probability: 0.396437853575
        value: "rock"
    genre_electronica:
        all:
            ambient: 0.518278360367
            dnb: 0.0427674911916
            house: 0.00210235267878
            techno: 0.00157899607439
            trance: 0.435272842646
        probability: 0.518278360367
        value: "ambient"
    genre_rosamerica:
        all:
            cla: 0.0374044068158
            dan: 0.0446317121387
            hip: 0.00652561243623
            jaz: 0.085299141705
            pop: 0.212556183338
            rhy: 0.0321866907179
            roc: 0.577770292759
            spe: 0.00362594472244
        probability: 0.577770292759
        value: "roc"
    genre_tzanetakis:
        all:
            blu: 0.00802546460181
            cla: 0.019350156188
            cou: 0.0981609672308
            dis: 0.0210630483925
            hip: 0.00361454556696
            jaz: 0.447432011366
            met: 0.0101156095043
            pop: 0.121967315674
            reg: 0.00854641385376
            roc: 0.261724472046
        probability: 0.447432011366
        value: "jaz"
    live_studio:
        all:
            live: 0.71196782589
            studio: 0.288032203913
        probability: 0.71196782589
        value: "live"
    mood:
        all:
            Cluster1: 0.367659896612
            Cluster2: 0.169468641281
            Cluster3: 0.134769409895
            Cluster4: 0.0974233299494
            Cluster5: 0.230678722262
        probability: 0.367659896612
        value: "Cluster1"
    mood_acoustic:
        all:
            acoustic: 0.242257714272
            not_acoustic: 0.757742285728
        probability: 0.757742285728
        value: "not_acoustic"
    mood_aggressive:
        all:
            aggressive: 0.0559011884034
            not_aggressive: 0.944098830223
        probability: 0.944098830223
        value: "not_aggressive"
    mood_electronic:
        all:
            electronic: 0.257505953312
            not_electronic: 0.742494046688
        probability: 0.742494046688
        value: "not_electronic"
    mood_happy:
        all:
            happy: 0.578690826893
            not_happy: 0.421309202909
        probability: 0.578690826893
        value: "happy"
    mood_party:
        all:
            not_party: 0.86918926239
            party: 0.130810752511
        probability: 0.86918926239
        value: "not_party"
    mood_relaxed:
        all:
            not_relaxed: 0.181388869882
            relaxed: 0.81861114502
        probability: 0.81861114502
        value: "relaxed"
    mood_sad:
        all:
            not_sad: 0.212289974093
            sad: 0.787710011005
        probability: 0.787710011005
        value: "sad"
    rhythm:
        all:
            fast: 0.47628390789
            medium: 0.448141008615
            slow: 0.075575068593
        probability: 0.47628390789
        value: "fast"
    speech_music:
        all:
            music: 0.997339963913
            speech: 0.0026600509882
        probability: 0.997339963913
        value: "music"
    timbre:
        all:
            bright: 0.543039619923
            dark: 0.456960380077
        probability: 0.543039619923
        value: "bright"
    voice_instrumental:
        all:
            instrumental: 0.0222253855318
            voice: 0.977774620056
        probability: 0.977774620056
        value: "voice"

lowlevel:
    average_loudness: 0.969599187374
    barkbands_kurtosis:
        dmean: 0.901828944683
        dmean2: 1.40685617924
        dvar: 1.09067118168
        dvar2: 2.58638834953
        max: 15.3192310333
        mean: 0.24667006731
        min: -1.7648717165
        var: 3.15803384781
    barkbands_skewness:
        dmean: 0.322280913591
        dmean2: 0.490486741066
        dvar: 0.0674463957548
        dvar2: 0.172400191426
        max: 3.88032126427
        mean: 1.08166956902
        min: -0.290573686361
        var: 0.344781070948
    barkbands_spread:
        dmean: 4.35457229614
        dmean2: 6.54763269424
        dvar: 11.5413513184
        dvar2: 24.8310890198
        max: 50.3401107788
        mean: 27.9179229736
        min: 7.29325485229
        var: 59.945022583
    dissonance:
        dmean: 0.0209402702749
        dmean2: 0.0354785621166
        dvar: 0.000298300816212
        dvar2: 0.000827905198094
        max: 0.497971206903
        mean: 0.452291697264
        min: 0.358786404133
        var: 0.000635179574601
    hfc:
        dmean: 1.13446950912
        dmean2: 1.76737391949
        dvar: 1.65090966225
        dvar2: 3.84077620506
        max: 24.2879638672
        mean: 6.2444319725
        min: 1.25354659557
        var: 7.80553197861
    pitch:
        dmean: 248.501052856
        dmean2: 490.337982178
        dvar: 648773.375
        dvar2: 1674992.875
        max: 4410
        mean: 432.936004639
        min: 89.8167037964
        var: 611163
    pitch_instantaneous_confidence:
        dmean: 0.080852471292
        dmean2: 0.127922132611
        dvar: 0.00415590498596
        dvar2: 0.0103375436738
        max: 0.769962370396
        mean: 0.452087432146
        min: 0.200571358204
        var: 0.0140080256388
    pitch_salience:
        dmean: 0.0564131438732
        dmean2: 0.0939342454076
        dvar: 0.00227537890896
        dvar2: 0.00571779394522
        max: 0.79267168045
        mean: 0.568553566933
        min: 0.308137983084
        var: 0.00658277887851
    silence_rate_20dB:
        dmean: 0
        dmean2: 0
        dvar: 0
        dvar2: 0
        max: 1
        mean: 1
        min: 1
        var: 0
    silence_rate_30dB:
        dmean: 0
        dmean2: 0
        dvar: 0
        dvar2: 0
        max: 1
        mean: 1
        min: 1
        var: 0
    silence_rate_60dB:
        dmean: 0.0649651959538
        dmean2: 0.12790697813
        dvar: 0.0607449188828
        dvar2: 0.139454230666
        max: 1
        mean: 0.099537037313
        min: 0
        var: 0.0896286964417
    spectral_centroid:
        dmean: 169.219207764
        dmean2: 261.450012207
        dvar: 22084.9511719
        dvar2: 50817.9570312
        max: 2125.26171875
        mean: 1091.27905273
        min: 470.952514648
        var: 81526.3359375
    spectral_complexity:
        dmean: 2.11655020714
        dmean2: 3.52570104599
        dvar: 3.70669579506
        dvar2: 8.45961952209
        max: 23
        mean: 11.7906980515
        min: 4
        var: 16.505033493
    spectral_crest:
        dmean: 2.03764009476
        dmean2: 3.22045469284
        dvar: 3.1969203949
        dvar2: 8.47129535675
        max: 21.1126232147
        mean: 9.40792560577
        min: 2.94046330452
        var: 12.606253624
    spectral_decrease:
        dmean: 2.89042817458e-10
        dmean2: 4.751364302e-10
        dvar: 7.01711530796e-20
        dvar2: 1.65294002542e-19
        max: -2.66620503453e-10
        mean: -1.37854572202e-09
        min: -3.29023053247e-09
        var: 2.69805274408e-19
    spectral_energy:
        dmean: 0.00116063340101
        dmean2: 0.00190710427705
        dvar: 1.15070997708e-06
        dvar2: 2.6873922252e-06
        max: 0.0135720213875
        mean: 0.00576933799312
        min: 0.00113775033969
        var: 4.65646007797e-06
    spectral_energyband_high:
        dmean: 7.63321950217e-05
        dmean2: 0.000111187546281
        dvar: 7.03587454964e-09
        dvar2: 1.30646080621e-08
        max: 0.00121149467304
        mean: 0.000274881749647
        min: 2.69573247351e-05
        var: 2.92141990599e-08
    spectral_energyband_low:
        dmean: 7.85437005106e-05
        dmean2: 0.000135313894134
        dvar: 3.00247293694e-08
        dvar2: 8.54035988596e-08
        max: 0.00177773088217
        mean: 0.000119145523058
        min: 2.42193482336e-06
        var: 2.50725857853e-08
    spectral_energyband_middle_high:
        dmean: 0.00043639325304
        dmean2: 0.000652400718536
        dvar: 2.75057004728e-07
        dvar2: 6.50287233839e-07
        max: 0.00696620671079
        mean: 0.00172772374935
        min: 0.000213976600207
        var: 1.41160080602e-06
    spectral_energyband_middle_low:
        dmean: 0.000991508830339
        dmean2: 0.00162697816268
        dvar: 8.65535980665e-07
        dvar2: 2.07391099138e-06
        max: 0.00920358113945
        mean: 0.00364757631905
        min: 0.000552976387553
        var: 2.41509155785e-06
    spectral_flatness_db:
        dmean: 0.0163920149207
        dmean2: 0.0251295566559
        dvar: 0.000159657327458
        dvar2: 0.000377233751351
        max: 0.246084794402
        mean: 0.156847327948
        min: 0.0889602228999
        var: 0.000635541859083
    spectral_flux:
        dmean: 0.00755583867431
        dmean2: 0.0119438404217
        dvar: 4.24425707024e-05
        dvar2: 0.000107338812086
        max: 0.0843170061707
        mean: 0.0384365357459
        min: 0.0148725137115
        var: 0.000122096855193
    spectral_kurtosis:
        dmean: 0.704965174198
        dmean2: 1.17038357258
        dvar: 0.363510876894
        dvar2: 0.943283319473
        max: 7.27593040466
        mean: 2.76051926613
        min: -0.514930486679
        var: 1.27587974072
    spectral_rms:
        dmean: 0.000239298620727
        dmean2: 0.000389924913179
        dvar: 4.35334719384e-08
        dvar2: 9.74033795842e-08
        max: 0.00363881816156
        mean: 0.00233022449538
        min: 0.00105356553104
        var: 1.98680680796e-07
    spectral_rolloff:
        dmean: 594.948486328
        dmean2: 988.564697266
        dvar: 355476.3125
        dvar2: 811983.1875
        max: 4543.50585938
        mean: 2429.54736328
        min: 387.59765625
        var: 964240.0625
    spectral_skewness:
        dmean: 0.120460361242
        dmean2: 0.195533692837
        dvar: 0.0121230855584
        dvar2: 0.0248058326542
        max: 2.46320319176
        mean: 1.41984307766
        min: 0.526746988297
        var: 0.0559586510062
    spectral_spread:
        dmean: 524020.375
        dmean2: 738779.6875
        dvar: 410895384576
        dvar2: 597228388352
        max: 13671358
        mean: 5818263
        min: 3477833.5
        var: 1.78277200691e+12
    spectral_strongpeak:
        dmean: 0.236830621958
        dmean2: 0.40150386095
        dvar: 0.155919566751
        dvar2: 0.400681704283
        max: 5.06253767014
        mean: 0.537324249744
        min: 0.0492349937558
        var: 0.228355497122
    zerocrossingrate:
        dmean: 0.00740275345743
        dmean2: 0.00917238648981
        dvar: 4.03076919611e-05
        dvar2: 5.80494888709e-05
        max: 0.126953125
        mean: 0.0729151517153
        min: 0.0234375
        var: 0.000260914821411
    barkbands:
        dmean: [2.40719913336e-07, 1.75978293555e-05, 6.58074422972e-05, 0.000167553749634, 0.000688930973411, 0.000181664669071, 0.000280234235106, 0.000176682151505, 0.000237674248638, 0.00014229871158, 9.42547412706e-05, 8.57175109559e-05, 7.86708260421e-05, 6.98380026734e-05, 4.66716264782e-05, 5.05836615048e-05, 4.24610188929e-05, 5.5388049077e-05, 0.000176908593858, 7.19408490113e-05, 3.80664823751e-05, 1.90987648239e-05, 4.09982976635e-06, 2.99642942991e-06, 2.06601021091e-06, 8.99712446767e-08, 1.39469924498e-09]
        dmean2: [3.51143967237e-07, 2.982647311e-05, 0.000113170339318, 0.000303850480122, 0.00114861608017, 0.000269747310085, 0.000461143004941, 0.000277819432085, 0.000386645435356, 0.000220012443606, 0.0001390214602, 0.000134127942147, 0.000118288524391, 0.000116344264825, 7.87943718024e-05, 8.42882363941e-05, 7.05773563823e-05, 9.44234707276e-05, 0.000289419316687, 0.000114929658594, 5.93096447119e-05, 2.92495642498e-05, 6.04374690738e-06, 4.26819769928e-06, 2.99601470033e-06, 1.30456726311e-07, 1.63877345027e-09]
        dvar: [3.02227345797e-13, 2.86562062968e-09, 1.64379123646e-08, 6.2178358462e-08, 5.57731709705e-07, 9.13745381581e-08, 1.40502010026e-07, 8.43017460284e-08, 2.00247328053e-07, 7.81827225182e-08, 6.32152534763e-08, 2.93559487829e-08, 3.81851812392e-08, 2.36274111387e-08, 8.28575696943e-09, 4.079295568e-09, 2.15926077018e-09, 3.8743506181e-09, 7.48594359834e-08, 4.70787675511e-09, 1.74595327085e-09, 7.59487750468e-10, 4.84773159115e-11, 3.31839729306e-11, 1.09378435129e-11, 2.71370382762e-14, 5.18486442948e-16]
        dvar2: [6.11492031056e-13, 7.69315722238e-09, 4.76549963935e-08, 1.87273883512e-07, 1.49200559463e-06, 1.59790275234e-07, 3.48381888671e-07, 2.36191027625e-07, 4.63828541797e-07, 1.7945811237e-07, 1.27385078486e-07, 5.74427367894e-08, 6.79063916209e-08, 6.52275033985e-08, 2.35377619617e-08, 1.10661124708e-08, 5.73706060436e-09, 1.18592273779e-08, 1.88465492101e-07, 1.1989781612e-08, 3.70289887641e-09, 1.71775693669e-09, 9.01483332427e-11, 5.37288512292e-11, 1.83500315637e-11, 6.70159050866e-14, 5.19303300347e-16]
        max: [4.77944877275e-06, 0.000653264811262, 0.00112130097114, 0.0020791082643, 0.00665065832436, 0.00663058413193, 0.00363241462037, 0.00363972131163, 0.00464963307604, 0.00377897243015, 0.00473015708849, 0.00241177948192, 0.00441498123109, 0.00145900272764, 0.00105058704503, 0.000688668165822, 0.00049759785179, 0.00071802304592, 0.00431131292135, 0.000676915107761, 0.000473810825497, 0.00027861687704, 0.000103503429273, 0.00013456515444, 4.73970576422e-05, 1.84648172308e-06, 4.72526778594e-07]
        mean: [2.64689589358e-07, 1.67842590599e-05, 0.000102108817373, 0.000318468170008, 0.00156804337166, 0.000522884656675, 0.000519168097526, 0.000281395885395, 0.000417592731537, 0.000263590307441, 0.000162894255482, 0.000162723314133, 0.000145356636494, 0.000130467960844, 8.65833644639e-05, 9.08707879717e-05, 9.45038627833e-05, 0.000125848237076, 0.000375617091777, 0.000204948810278, 0.000109578330012, 4.73607651656e-05, 1.03750871858e-05, 7.14156203685e-06, 4.62232083009e-06, 1.46452251215e-07, 1.38227396196e-09]
        min: [6.13105399783e-11, 1.05173903364e-07, 7.74768182055e-07, 2.09525092032e-06, 4.39136238128e-05, 3.96220411858e-06, 6.18499234406e-06, 8.62134766066e-06, 8.35025366541e-06, 1.99485748453e-06, 4.63985088572e-06, 5.27688052898e-06, 1.62969581652e-06, 2.58509862761e-06, 3.75068657377e-06, 7.36098309062e-06, 1.10772271e-05, 9.78664866125e-06, 2.92839904432e-05, 2.56509283645e-05, 7.71009581513e-06, 2.2312008241e-06, 3.79467735456e-07, 1.01126929053e-07, 6.37377226553e-08, 2.86787993353e-09, 1.06677070877e-13]
        var: [4.65154878591e-13, 2.23240093078e-09, 1.58889861268e-08, 9.56455536993e-08, 1.59995113336e-06, 6.72613566621e-07, 2.64437915121e-07, 1.27315928466e-07, 4.63808191853e-07, 1.85681358289e-07, 1.47478885992e-07, 8.65960601004e-08, 1.78965933628e-07, 5.47910410376e-08, 1.72302456747e-08, 7.60596563509e-09, 4.75925565624e-09, 6.9685355264e-09, 1.01670700303e-07, 1.16341292156e-08, 5.3678936851e-09, 2.1285837537e-09, 1.47981793486e-10, 1.75069916897e-10, 4.35100219742e-11, 5.14445020058e-14, 5.17548459838e-16]
    mfcc:
        mean: [-690.147338867, 104.771400452, -29.3371086121, 40.8354873657, -27.2064819336, -18.9353523254, -8.20577335358, -15.6895580292, -12.0439748764, -12.7980136871, -10.298625946, -14.2612438202, -10.8417739868]
        cov: [[648.15020752, -138.129928589, -77.3377075195, -172.961196899, -6.5399813652, 77.5289001465, 28.1202793121, 15.8125200272, 53.5987663269, 3.52686905861, 52.2148704529, -47.0867118835, -47.4445381165], [-138.129928589, 325.865081787, -147.087432861, 18.6975402832, -23.725025177, 11.1641969681, 40.4794578552, -2.06637573242, -1.71010792255, 28.6984806061, 21.4110813141, 13.6223812103, 6.33407306671], [-77.3377075195, -147.087432861, 281.320251465, 95.291809082, 56.2823295593, -30.3870754242, -20.3062438965, 23.6876029968, 11.7571630478, 8.69338989258, -9.96999263763, 33.7360954285, 22.6498394012], [-172.961196899, 18.6975402832, 95.291809082, 173.481079102, 53.7552909851, -22.4162063599, -32.9368476868, -9.86343860626, -16.0255451202, 10.6347951889, -20.9830150604, 44.4604415894, 32.1365699768], [-6.5399813652, -23.725025177, 56.2823295593, 53.7552909851, 93.5727767944, 19.2219352722, -6.38555765152, 2.23186564445, 10.1645116806, 3.79362034798, 1.19619870186, 23.584859848, 20.4338245392], [77.5289001465, 11.1641969681, -30.3870754242, -22.4162063599, 19.2219352722, 81.5903625488, 35.3877868652, 7.64737939835, 6.01970767975, 4.05007123947, 22.719669342, 0.602711200714, -0.534695148468], [28.1202793121, 40.4794578552, -20.3062438965, -32.9368476868, -6.38555765152, 35.3877868652, 78.4127044678, 34.1479492188, 14.6572380066, 18.0170288086, 18.6337394714, -11.2627344131, -8.94041824341], [15.8125200272, -2.06637573242, 23.6876029968, -9.86343860626, 2.23186564445, 7.64737939835, 34.1479492188, 59.716884613, 29.0441322327, 16.4538822174, 1.81094574928, -4.62070846558, -5.3368897438], [53.5987663269, -1.71010792255, 11.7571630478, -16.0255451202, 10.1645116806, 6.01970767975, 14.6572380066, 29.0441322327, 58.6810836792, 23.9350757599, 17.4926223755, -2.14797663689, 0.247524410486], [3.52686905861, 28.6984806061, 8.69338989258, 10.6347951889, 3.79362034798, 4.05007123947, 18.0170288086, 16.4538822174, 23.9350757599, 51.4864730835, 26.9469451904, 7.079185009, 3.18094778061], [52.2148704529, 21.4110813141, -9.96999263763, -20.9830150604, 1.19619870186, 22.719669342, 18.6337394714, 1.81094574928, 17.4926223755, 26.9469451904, 83.6013565063, 22.4631710052, 5.84731817245], [-47.0867118835, 13.6223812103, 33.7360954285, 44.4604415894, 23.584859848, 0.602711200714, -11.2627344131, -4.62070846558, -2.14797663689, 7.079185009, 22.4631710052, 67.4504470825, 30.6541824341], [-47.4445381165, 6.33407306671, 22.6498394012, 32.1365699768, 20.4338245392, -0.534695148468, -8.94041824341, -5.3368897438, 0.247524410486, 3.18094778061, 5.84731817245, 30.6541824341, 47.1665382385]]
        icov: [[0.0030539042782, 0.00156998331659, 0.000876899634022, 0.00193407654297, -0.00070940767182, -0.00201229867525, 0.000717068614904, 0.000370676687453, -0.00195325026289, -0.000533984741196, -0.000873289071023, 9.71507324721e-06, 0.00173280085437], [0.00156998331659, 0.00660199904814, 0.00446998234838, -0.00206592399627, 0.000490218459163, 0.000422725424869, -0.00346584082581, 0.000773804553319, -0.00137959350832, -0.00202939868905, -0.000674952985719, -0.00162882287987, 0.000463111209683], [0.000876899634022, 0.00446998234838, 0.00825757067651, -0.00351179763675, -0.00176993978675, 0.00246176682413, -0.00175610918086, -0.00258279126137, -0.00103619159199, -0.000662006088533, -0.000906430883333, -0.00171021663118, 0.000152685795911], [0.00193407654297, -0.00206592399627, -0.00351179763675, 0.01448650565, -0.0053406637162, -0.000595668330789, 0.00432480592281, 0.000403652811656, 0.00357183418237, -0.00577008211985, 0.00396979879588, -0.00380701967515, -0.000436066562543], [-0.00070940767182, 0.000490218459163, -0.00176993978675, -0.0053406637162, 0.0175956971943, -0.00608798395842, 0.000674054550473, 0.00111711758655, -0.00464471848682, 0.00179612659849, 0.000968436535913, -0.00136760133319, -0.00305643025786], [-0.00201229867525, 0.000422725424869, 0.00246176682413, -0.000595668330789, -0.00608798395842, 0.0211339164525, -0.00999640859663, 0.00101525650825, 0.00199463358149, 0.00242580636404, -0.00310899107717, -0.000624926353339, -0.00114261137787], [0.000717068614904, -0.00346584082581, -0.00175610918086, 0.00432480592281, 0.000674054550473, -0.00999640859663, 0.0277026295662, -0.0139513397589, 0.00439902674407, -0.00457551842555, -0.00239948322996, 0.00402768235654, 0.000315767829306], [0.000370676687453, 0.000773804553319, -0.00258279126137, 0.000403652811656, 0.00111711758655, 0.00101525650825, -0.0139513397589, 0.0326712951064, -0.0135335288942, -0.00225772056729, 0.00558113213629, -0.0028767157346, 0.00321502261795], [-0.00195325026289, -0.00137959350832, -0.00103619159199, 0.00357183418237, -0.00464471848682, 0.00199463358149, 0.00439902674407, -0.0135335288942, 0.0311594493687, -0.00996515806764, -0.00269020651467, 0.00301552400924, -0.00349598424509], [-0.000533984741196, -0.00202939868905, -0.000662006088533, -0.00577008211985, 0.00179612659849, 0.00242580636404, -0.00457551842555, -0.00225772056729, -0.00996515806764, 0.0331998988986, -0.00944160390645, 0.00205507408828, -0.000240537599893], [-0.000873289071023, -0.000674952985719, -0.000906430883333, 0.00396979879588, 0.000968436535913, -0.00310899107717, -0.00239948322996, 0.00558113213629, -0.00269020651467, -0.00944160390645, 0.0208851713687, -0.00939391739666, 0.000831505400129], [9.71507324721e-06, -0.00162882287987, -0.00171021663118, -0.00380701967515, -0.00136760133319, -0.000624926353339, 0.00402768235654, -0.0028767157346, 0.00301552400924, 0.00205507408828, -0.00939391739666, 0.0282617900521, -0.0126905646175], [0.00173280085437, 0.000463111209683, 0.000152685795911, -0.000436066562543, -0.00305643025786, -0.00114261137787, 0.000315767829306, 0.00321502261795, -0.00349598424509, -0.000240537599893, 0.000831505400129, -0.0126905646175, 0.0330201499164]]
    spectral_contrast:
        mean: [-5.05296668507e-07, -1.10043345103e-07, 1.51454713659e-07, 1.56912690841e-07, -8.95802365619e-09, 2.15321776409e-07, -1.27945531858e-06, 2.21301297643e-06, -2.6244063065e-06, -4.68353891847e-06, -2.18416380449e-06, -2.08364144783e-06]
        var: [0.000227330485359, 0.000385651917895, 0.00143811176531, 0.00220520119183, 0.00311950035393, 0.00509716803208, 0.0273783244193, 0.0663604587317, 0.099853657186, 0.181842580438, 0.304216563702, 0.482141941786]

rhythm:
    beats_loudness:
        dmean: 0.00233858730644
        dmean2: 0.00336573715322
        dvar: 1.97590497919e-06
        dvar2: 7.33266824682e-06
        max: 0.0106075340882
        mean: 0.00537391426042
        min: 0.00205766549334
        var: 4.54163364338e-06
    beats_loudness_bass:
        dmean: 0.039272017777
        dmean2: 0.0785418972373
        dvar: 0.000972552981693
        dvar2: 0.00170345243532
        max: 0.129654467106
        mean: 0.0542956180871
        min: 0.00270791328512
        var: 0.00131500104908
    bpm: 89.4715881348
    bpm_confidence: 0
    first_peak_bpm: 89
    first_peak_spread: 0
    first_peak_weight: 0.5
    onset_rate: 2.79134106636
    second_peak_bpm: 118
    second_peak_spread: 0
    second_peak_weight: 0.4375
    beats_position: [0.206863105297, 0.877472341061, 1.54808151722, 2.21869087219, 2.88930010796, 3.55990934372, 4.2305188179, 4.90112781525, 5.57173728943, 5.99165725708, 6.50183868408, 7.01202011108, 7.52220201492, 8.03238391876, 8.54256534576, 9.05274677277, 9.56292819977]
    bpm_estimates: [89.3165359497, 89.6014404297, 89.1557998657, 89.8125991821]
    bpm_intervals: [0.670609235764, 0.670609176159, 0.670609354973, 0.670609235764, 0.670609235764, 0.670609474182, 0.670608997345, 0.670609474182, 0.419919967651, 0.510181427002, 0.510181427002, 0.510181903839, 0.510181903839, 0.510181427002, 0.510181427002, 0.510181427002]
    onset_times: [0.0580498874187, 0.406349211931, 0.812698423862, 1.32353746891, 1.55573701859, 2.18267583847, 2.54258513451, 2.69351482391, 2.84444451332, 3.21596360207, 3.5178232193, 3.87773251534, 3.97061228752, 4.33052158356, 4.55111122131, 5.05034017563, 5.42185926437, 5.51473903656, 5.54956912994, 5.89786863327, 6.17650794983, 6.25777769089, 6.9543762207, 7.59292507172, 7.9644446373, 8.3011341095, 8.62621307373, 9.31120204926]
    rubato_start: [6.50183868408]
    rubato_stop: [9.56292819977]
    perceptual_tempo: "unknown"

sfx:
    inharmonicity:
        dmean: 0.0334670357406
        dmean2: 0.0598477274179
        dvar: 0.00229379022494
        dvar2: 0.00635506771505
        max: 0.300088703632
        mean: 0.0322770699859
        min: 0.000238289925619
        var: 0.0019382906612
    oddtoevenharmonicenergyratio:
        dmean: 1.5492619276
        dmean2: 2.8119559288
        dvar: 12.7475566864
        dvar2: 33.7347183228
        max: 38.7528495789
        mean: 1.16143977642
        min: 0.000338564539561
        var: 9.14919567108
    pitch_after_max_to_before_max_energy_ratio: 0.937106013298
    pitch_centroid: 183.740524292
    pitch_max_to_total: 0.262790709734
    pitch_min_to_total: 0.0790697708726
    tristimulus:
        dmean: [0.201027750969, 0.202937975526, 0.0926240384579]
        dmean2: [0.353175163269, 0.354354023933, 0.162232175469]
        dvar: [0.0317764170468, 0.0345704369247, 0.0102589624003]
        dvar2: [0.0817210674286, 0.0951596647501, 0.028366420418]
        max: [0.953821480274, 0.900222182274, 0.716156184673]
        mean: [0.439930856228, 0.42539948225, 0.11455014348]
        min: [0.00351435667835, 0, 0]
        var: [0.0523777641356, 0.0496835187078, 0.0113049484789]

tonal:
    chords_changes_rate: 0.0555555559695
    chords_number_rate: 0.0185185186565
    chords_strength:
        dmean: 0.0102721462026
        dmean2: 0.00995686277747
        dvar: 6.72754395055e-05
        dvar2: 7.15169808245e-05
        max: 0.685895562172
        mean: 0.509496748447
        min: 0.325589627028
        var: 0.00590521702543
    key_strength: 0.843194782734
    tuning_diatonic_strength: 0.626525104046
    tuning_equal_tempered_deviation: 0.0932236611843
    tuning_frequency: 453.678466797
    tuning_nontempered_energy_ratio: 0.70980656147
    hpcp:
        dmean: [0.0565913543105, 0.0614376217127, 0.103762596846, 0.125283136964, 0.113382212818, 0.0714964792132, 0.0648522749543, 0.0598276257515, 0.0991047248244, 0.13243252039, 0.101593822241, 0.0873913690448, 0.0825368463993, 0.0771901160479, 0.0532973892987, 0.0569122135639, 0.0844393521547, 0.136618673801, 0.130849868059, 0.0957514494658, 0.068967603147, 0.0513126552105, 0.0568321794271, 0.0979490354657, 0.100947536528, 0.0916137546301, 0.0621763393283, 0.0533042699099, 0.0778111070395, 0.125752389431, 0.132658004761, 0.131966769695, 0.188109710813, 0.153247669339, 0.147189155221, 0.0967239737511]
        dmean2: [0.098635867238, 0.105287693441, 0.163646608591, 0.200317472219, 0.189274251461, 0.12456317246, 0.115216128528, 0.100934676826, 0.16013251245, 0.223750829697, 0.16915628314, 0.148672282696, 0.131904304028, 0.133265867829, 0.0985188558698, 0.0943581834435, 0.148970484734, 0.229128718376, 0.221952617168, 0.150160014629, 0.123421400785, 0.0957046970725, 0.0973136946559, 0.162297829986, 0.16114115715, 0.162035897374, 0.106109634042, 0.0919452384114, 0.140520781279, 0.213434025645, 0.22827193141, 0.227929100394, 0.333257466555, 0.270001858473, 0.251063644886, 0.169740304351]
        dvar: [0.0114780645818, 0.0168540161103, 0.0252389479429, 0.0406768061221, 0.0338460095227, 0.0254659410566, 0.0229146033525, 0.0173805616796, 0.0177003201097, 0.03169471398, 0.0157253462821, 0.0224050413817, 0.02218266204, 0.0228607170284, 0.0148371914402, 0.013125709258, 0.0269616041332, 0.0428019277751, 0.0370228327811, 0.01719308272, 0.0211621001363, 0.0145244589075, 0.0172986164689, 0.0327332355082, 0.0414884127676, 0.0258343014866, 0.0157611053437, 0.0102560380474, 0.0188320521265, 0.0285726897418, 0.030132593587, 0.0277058370411, 0.0557991825044, 0.0562566742301, 0.0381594374776, 0.0267055481672]
        dvar2: [0.0299301743507, 0.0458269789815, 0.0500182919204, 0.0813385620713, 0.0806511640549, 0.0686891824007, 0.0545976087451, 0.0395914763212, 0.0423569306731, 0.0674996227026, 0.0412375889719, 0.0562113896012, 0.0467311516404, 0.0652401521802, 0.0334088616073, 0.0303117614239, 0.0693743750453, 0.108813278377, 0.0829963758588, 0.0409309267998, 0.0574847683311, 0.0414534285665, 0.0437849611044, 0.0688513442874, 0.0715718194842, 0.059348564595, 0.0399931743741, 0.0271380357444, 0.0511741004884, 0.0750597640872, 0.081510849297, 0.0714261606336, 0.150304764509, 0.133083119988, 0.110130339861, 0.0686672031879]
        max: [1, 1, 1, 1, 1, 1, 1, 1, 1, 1, 0.812882304192, 1, 1, 1, 1, 0.992046713829, 1, 1, 1, 1, 1, 0.890499949455, 0.906646549702, 1, 1, 1, 1, 0.704508125782, 0.938321232796, 1, 1, 1, 1, 1, 1, 1]
        mean: [0.0622261539102, 0.0799761936069, 0.192778304219, 0.238512501121, 0.137353003025, 0.0711990222335, 0.0672400668263, 0.0738283023238, 0.165770754218, 0.242048248649, 0.161111861467, 0.106269225478, 0.113691270351, 0.0829660743475, 0.0624806247652, 0.06429990381, 0.0832814499736, 0.195029199123, 0.254917562008, 0.146794557571, 0.0596010237932, 0.0412081182003, 0.0529123619199, 0.154484257102, 0.238157719374, 0.159556373954, 0.0662489533424, 0.0494263246655, 0.07274646312, 0.177014037967, 0.223830223083, 0.171819850802, 0.278880387545, 0.411573529243, 0.268105715513, 0.0953281447291]
        min: [0.00344285345636, 0.00681090168655, 0.00650636665523, 0.00387070141733, 0.00413914304227, 0.0015299563529, 0.00151801109314, 0.00129603699315, 0.00711205648258, 0.00515579758212, 0.00716828322038, 0.00132682209369, 0.00176174310036, 0.00237487116829, 0.00309950741939, 0.00297063146718, 0.00318545312621, 0.00283320317976, 0.00461835227907, 0.00259829754941, 0.00190757249948, 0.00124413031153, 0.00149623712059, 0.00271822465584, 0.00190263730474, 0.00170028721914, 0.00229847035371, 0.00127988390159, 0.00226368452422, 0.0086180428043, 0.0113632911816, 0.00402892567217, 0.00356610375457, 0.00406675692648, 0.00609347783029, 0.00235810922459]
        var: [0.00950042996556, 0.0157563183457, 0.074528157711, 0.101608604193, 0.0411937087774, 0.018754856661, 0.0224727001041, 0.0231016185135, 0.0319911651313, 0.059128895402, 0.0261181816459, 0.0293754208833, 0.0413389950991, 0.023276053369, 0.0149043370038, 0.0145303132012, 0.0241916254163, 0.0674572139978, 0.0987887084484, 0.0337166003883, 0.0146772665903, 0.00856952834874, 0.015613257885, 0.0579699575901, 0.126589030027, 0.0626605302095, 0.0165008120239, 0.00843149330467, 0.0137609997764, 0.0433544628322, 0.0560690313578, 0.0371106229722, 0.0895804539323, 0.168025270104, 0.0868619903922, 0.0253548938781]
    chords_histogram: [35.648147583, 38.8888893127, 10.6481485367, 0, 0, 0, 0, 0, 0, 0, 0, 0, 0, 0, 0, 0, 0, 0, 0, 0, 0, 0, 0.462962955236, 14.3518514633]
    thpcp: [1, 0.651416301727, 0.231618747115, 0.15119086206, 0.194318115711, 0.468393355608, 0.579513728619, 0.333726525307, 0.172992229462, 0.163373157382, 0.179380595684, 0.402773112059, 0.588104486465, 0.391453415155, 0.258202284575, 0.276235610247, 0.201582625508, 0.15180914104, 0.156229451299, 0.202348902822, 0.473862349987, 0.619373083115, 0.356666654348, 0.144812583923, 0.100123345852, 0.128561139107, 0.3753503263, 0.578651666641, 0.387674033642, 0.160965055227, 0.120091117918, 0.176752045751, 0.430090934038, 0.543840169907, 0.417470604181, 0.677595555782]
    chords_key: "C"
    chords_scale: "minor"
    key_key: "G#"
    key_scale: "major"
    chords_progression: ["Fm", "Fm", "Fm", "Fm", "Fm", "Fm", "Fm", "Fm", "Fm", "Fm", "Fm", "Fm", "Fm", "Fm", "Fm", "Fm", "Fm", "Fm", "Cm", "Cm", "Cm", "Cm", "Cm", "Cm", "Cm", "Cm", "Cm", "Cm", "Cm", "Cm", "Cm", "Cm", "Cm", "Cm", "Cm", "Cm", "Cm", "Cm", "Cm", "Cm", "Cm", "D#", "D#", "D#", "D#", "D#", "D#", "D#", "D#", "D#", "D#", "D#", "D#", "G#", "G#", "G#", "G#", "G#", "G#", "G#", "G#", "G#", "G#", "G#", "G#", "G#", "G#", "G#", "G#", "G#", "G#", "G#", "C#", "G#", "G#", "G#", "G#", "G#", "G#", "G#", "G#", "G#", "G#", "G#", "G#", "G#", "G#", "G#", "G#", "G#", "G#", "G#", "G#", "G#", "G#", "G#", "G#", "G#", "G#", "G#", "G#", "G#", "G#", "G#", "G#", "G#", "G#", "G#", "G#", "G#", "G#", "G#", "G#", "G#", "G#", "G#", "G#", "G#", "G#", "G#", "G#", "G#", "G#", "G#", "G#", "G#", "G#", "G#", "G#", "G#", "G#", "Cm", "Cm", "Cm", "Cm", "Cm", "Cm", "Cm", "Cm", "Cm", "Cm", "Cm", "Cm", "Cm", "Cm", "Cm", "Cm", "Cm", "Cm", "Cm", "Cm", "Cm", "Cm", "Cm", "Cm", "Cm", "Cm", "Cm", "Cm", "Cm", "Cm", "Cm", "Cm", "D#", "D#", "D#", "D#", "D#", "D#", "D#", "D#", "D#", "D#", "D#", "Cm", "Cm", "Cm", "Cm", "Cm", "Cm", "Cm", "Cm", "Cm", "Cm", "Cm", "Cm", "Cm", "Cm", "Cm", "Cm", "Cm", "Cm", "Cm", "Cm", "Fm", "Fm", "Fm", "Fm", "Fm", "Fm", "Fm", "Fm", "Fm", "Fm", "Cm", "Fm", "Fm", "Fm", "Cm", "Cm", "Cm", "Cm", "Cm", "Cm", "Cm", "Cm"]
