
metadata:
    version:
        essentia: "1.2.2"
    audio_properties:
        analysis_sample_rate: 44100
        bitrate: 128
        channels: 2
        equal_loudness: 1
        length: 10.0571432114
        replay_gain: -12.2188053131
        downmix: "mix"
    tags:
        track: 25
        year: 0
        album: "Splitted by Mp3Splt v. 2.1"
        artist: "From 004.00 To 004.10"
        comment: "http://mp3splt.sf.net"
        genre: ""
        title: "02 Freddie Freeloader.mp3"

highlevel:
    ballroom:
        all:
            ChaChaCha: 0.00397321674973
            Jive: 0.0666588842869
            Quickstep: 0.834868013859
            Rumba-American: 0.0148766571656
            Rumba-International: 0.00596486311406
            Rumba-Misc: 0.00533488532528
            Samba: 0.020783431828
            Tango: 0.0376018099487
            VienneseWaltz: 0.00442801136523
            Waltz: 0.00551024777815
        probability: 0.834868013859
        value: "Quickstep"
    culture:
        all:
            non_western: 0.877740204334
            western: 0.122259803116
        probability: 0.877740204334
        value: "non_western"
    gender:
        all:
            female: 0.777718663216
            male: 0.222281366587
        probability: 0.777718663216
        value: "female"
    genre_dortmund:
        all:
            alternative: 0.0201659109443
            blues: 0.018658336252
            electronic: 0.00755038158968
            folkcountry: 0.0173466913402
            funksoulrnb: 0.0080187683925
            jazz: 0.874099314213
            pop: 0.0129568092525
            raphiphop: 0.00092953274725
            rock: 0.0402742549777
        probability: 0.874099314213
        value: "jazz"
    genre_electronica:
        all:
            ambient: 0.870595157146
            dnb: 0.0592322349548
            house: 0.0155274122953
            techno: 0.00318457349204
            trance: 0.0514606237411
        probability: 0.870595157146
        value: "ambient"
    genre_rosamerica:
        all:
            cla: 0.0034091770649
            dan: 0.00381038966589
            hip: 0.00229984591715
            jaz: 0.983299136162
            pop: 0.0022735458333
            rhy: 0.00141372065991
            roc: 0.00218277797103
            spe: 0.00131142768078
        probability: 0.983299136162
        value: "jaz"
    genre_tzanetakis:
        all:
            blu: 0.00876076240093
            cla: 0.0585835687816
            cou: 0.0333031862974
            dis: 0.0178548581898
            hip: 0.00487284781411
            jaz: 0.742084085941
            met: 0.0021293789614
            pop: 0.0735023021698
            reg: 0.0500673763454
            roc: 0.00884165614843
        probability: 0.742084085941
        value: "jaz"
    live_studio:
        all:
            live: 0.483564168215
            studio: 0.516435801983
        probability: 0.516435801983
        value: "studio"
    mood:
        all:
            Cluster1: 0.0542074628174
            Cluster2: 0.552608191967
            Cluster3: 0.0366615466774
            Cluster4: 0.277657389641
            Cluster5: 0.0788654237986
        probability: 0.552608191967
        value: "Cluster2"
    mood_acoustic:
        all:
            acoustic: 0.220532804728
            not_acoustic: 0.77946716547
        probability: 0.77946716547
        value: "not_acoustic"
    mood_aggressive:
        all:
            aggressive: 0.00729049323127
            not_aggressive: 0.992709517479
        probability: 0.992709517479
        value: "not_aggressive"
    mood_electronic:
        all:
            electronic: 0.263094991446
            not_electronic: 0.736905038357
        probability: 0.736905038357
        value: "not_electronic"
    mood_happy:
        all:
            happy: 0.243486627936
            not_happy: 0.756513357162
        probability: 0.756513357162
        value: "not_happy"
    mood_party:
        all:
            not_party: 0.723635792732
            party: 0.276364207268
        probability: 0.723635792732
        value: "not_party"
    mood_relaxed:
        all:
            not_relaxed: 0.0919535458088
            relaxed: 0.908046424389
        probability: 0.908046424389
        value: "relaxed"
    mood_sad:
        all:
            not_sad: 0.385049760342
            sad: 0.614950239658
        probability: 0.614950239658
        value: "sad"
    rhythm:
        all:
            fast: 0.320848822594
            medium: 0.514494478703
            slow: 0.164656683803
        probability: 0.514494478703
        value: "medium"
    speech_music:
        all:
            music: 0.873770594597
            speech: 0.126229390502
        probability: 0.873770594597
        value: "music"
    timbre:
        all:
            bright: 0.468906104565
            dark: 0.531093895435
        probability: 0.531093895435
        value: "dark"
    voice_instrumental:
        all:
            instrumental: 0.996221601963
            voice: 0.00377838662826
        probability: 0.996221601963
        value: "instrumental"

lowlevel:
    average_loudness: 0.658543229103
    barkbands_kurtosis:
        dmean: 0.64153689146
        dmean2: 1.02973282337
        dvar: 1.11205589771
        dvar2: 2.18118429184
        max: 11.5346488953
        mean: -0.169140130281
        min: -1.79605412483
        var: 2.83078789711
    barkbands_skewness:
        dmean: 0.329366475344
        dmean2: 0.50869590044
        dvar: 0.181922852993
        dvar2: 0.396974921227
        max: 2.97410345078
        mean: -0.00169443979394
        min: -1.45940792561
        var: 0.542697250843
    barkbands_spread:
        dmean: 4.46010255814
        dmean2: 6.56991767883
        dvar: 33.8047142029
        dvar2: 65.5527038574
        max: 62.1199645996
        mean: 21.7396125793
        min: 4.9619345665
        var: 203.43196106
    dissonance:
        dmean: 0.0310763288289
        dmean2: 0.0513931922615
        dvar: 0.0013174735941
        dvar2: 0.00287593179382
        max: 0.499956011772
        mean: 0.448802888393
        min: 0.00316597078927
        var: 0.00192064512521
    hfc:
        dmean: 1.25897526741
        dmean2: 1.57357144356
        dvar: 9.42141342163
        dvar2: 13.2334537506
        max: 67.1007843018
        mean: 4.54037427902
        min: 2.18941313506e-05
        var: 81.3700332642
    pitch:
        dmean: 343.614135742
        dmean2: 655.282531738
        dvar: 750836.6875
        dvar2: 1998213.25
        max: 4009.09082031
        mean: 862.18939209
        min: 99.5485305786
        var: 1089838.5
    pitch_instantaneous_confidence:
        dmean: 0.086941704154
        dmean2: 0.122316434979
        dvar: 0.0136028695852
        dvar2: 0.0214698631316
        max: 0.98891210556
        mean: 0.676434397697
        min: 0.168268799782
        var: 0.0693954601884
    pitch_salience:
        dmean: 0.057664077729
        dmean2: 0.0811921656132
        dvar: 0.00365165877156
        dvar2: 0.00675626751035
        max: 0.947772502899
        mean: 0.701000869274
        min: 0.314314126968
        var: 0.0143507411703
    silence_rate_20dB:
        dmean: 0
        dmean2: 0
        dvar: 0
        dvar2: 0
        max: 1
        mean: 1
        min: 1
        var: 0
    silence_rate_30dB:
        dmean: 0
        dmean2: 0
        dvar: 0
        dvar2: 0
        max: 1
        mean: 1
        min: 1
        var: 0
    silence_rate_60dB:
        dmean: 0.0461893752217
        dmean2: 0.0925925895572
        dvar: 0.0440562069416
        dvar2: 0.088648237288
        max: 1
        mean: 0.797235012054
        min: 0
        var: 0.161651492119
    spectral_centroid:
        dmean: 207.470840454
        dmean2: 314.213775635
        dvar: 75327.5859375
        dvar2: 165958.3125
        max: 3098.67651367
        mean: 1645.43017578
        min: 558.654663086
        var: 276635.0625
    spectral_complexity:
        dmean: 1.16009283066
        dmean2: 1.73488366604
        dvar: 3.64722847939
        dvar2: 6.35760641098
        max: 28
        mean: 4.05324077606
        min: 0
        var: 14.0828142166
    spectral_crest:
        dmean: 1.56066274643
        dmean2: 2.44572544098
        dvar: 2.9944293499
        dvar2: 6.90403413773
        max: 20.9260597229
        mean: 7.66816282272
        min: 3.13483166695
        var: 8.08880710602
    spectral_decrease:
        dmean: 1.24562790638e-10
        dmean2: 1.64863123153e-10
        dvar: 5.81342082138e-20
        dvar2: 8.77761543788e-20
        max: -2.32837710497e-15
        mean: -4.76833017515e-10
        min: -4.12493017521e-09
        var: 4.6789688484e-19
    spectral_energy:
        dmean: 0.000578617851716
        dmean2: 0.000759793561883
        dvar: 1.36737651246e-06
        dvar2: 2.00365866476e-06
        max: 0.0216546673328
        mean: 0.0022115027532
        min: 1.07736966015e-08
        var: 1.13890391731e-05
    spectral_energyband_high:
        dmean: 6.8405555794e-05
        dmean2: 9.84705984592e-05
        dvar: 1.01021910837e-07
        dvar2: 1.96453342483e-07
        max: 0.00737760495394
        mean: 0.000196971130208
        min: 9.02658392476e-10
        var: 6.20897253611e-07
    spectral_energyband_low:
        dmean: 8.59926512931e-06
        dmean2: 1.10439186756e-05
        dvar: 3.55872581403e-10
        dvar2: 3.91072785266e-10
        max: 0.000390342756873
        mean: 1.73006792465e-05
        min: 5.6879689847e-10
        var: 1.52100321227e-09
    spectral_energyband_middle_high:
        dmean: 0.000455320929177
        dmean2: 0.00058979599271
        dvar: 8.83521408923e-07
        dvar2: 1.36677954288e-06
        max: 0.0142177594826
        mean: 0.00166655564681
        min: 7.19530079962e-09
        var: 6.74887587593e-06
    spectral_energyband_middle_low:
        dmean: 0.000118095471407
        dmean2: 0.000177589929081
        dvar: 7.40704209079e-08
        dvar2: 1.61257474929e-07
        max: 0.00363503792323
        mean: 0.000330677750753
        min: 1.98499594539e-09
        var: 2.34397504073e-07
    spectral_flatness_db:
        dmean: 0.0226003285497
        dmean2: 0.0284891854972
        dvar: 0.00063903350383
        dvar2: 0.000838137872051
        max: 0.385821431875
        mean: 0.178727626801
        min: 0.0549120344222
        var: 0.00556882889941
    spectral_flux:
        dmean: 0.00726383319125
        dmean2: 0.0115937683731
        dvar: 0.000105510072899
        dvar2: 0.000275303784292
        max: 0.102147035301
        mean: 0.0157454218715
        min: 0.00157554273028
        var: 0.000198611771339
    spectral_kurtosis:
        dmean: 1.50311219692
        dmean2: 2.37498545647
        dvar: 3.28147172928
        dvar2: 6.52769422531
        max: 21.4151172638
        mean: 5.78380203247
        min: 0.497388124466
        var: 12.0013008118
    spectral_rms:
        dmean: 0.000199073168915
        dmean2: 0.000255395571003
        dvar: 9.35063511065e-08
        dvar2: 1.24270513879e-07
        max: 0.00459635769948
        mean: 0.00114757206757
        min: 3.24205552715e-06
        var: 8.40642428557e-07
    spectral_rolloff:
        dmean: 356.122070312
        dmean2: 612.794555664
        dvar: 317499.8125
        dvar2: 754496.875
        max: 4909.5703125
        mean: 2729.28393555
        min: 602.9296875
        var: 841473.6875
    spectral_skewness:
        dmean: 0.217342540622
        dmean2: 0.335288673639
        dvar: 0.0606009438634
        dvar2: 0.112730622292
        max: 3.3924946785
        mean: 1.94968414307
        min: 0.970463573933
        var: 0.279863446951
    spectral_spread:
        dmean: 774449.5
        dmean2: 1139681.25
        dvar: 1.1560279081e+12
        dvar2: 1.86975046861e+12
        max: 14480164
        mean: 5683654.5
        min: 2482628.25
        var: 4.52086464512e+12
    spectral_strongpeak:
        dmean: 0.434232026339
        dmean2: 0.6668151021
        dvar: 0.724436342716
        dvar2: 1.63198316097
        max: 12.6883239746
        mean: 1.09034109116
        min: 4.34627690993e-05
        var: 2.86213469505
    zerocrossingrate:
        dmean: 0.00845259055495
        dmean2: 0.00994390435517
        dvar: 7.08464503987e-05
        dvar2: 7.97270113253e-05
        max: 0.15673828125
        mean: 0.0901557058096
        min: 0.0078125
        var: 0.000668210559525
    barkbands:
        dmean: [4.23190060772e-09, 3.70596580979e-06, 5.30757688466e-06, 1.05979752334e-05, 1.69242721313e-05, 1.38411833177e-05, 2.15369236685e-05, 3.40074620908e-05, 5.09975870955e-05, 3.34277210641e-05, 3.08455018967e-05, 4.47784441349e-05, 5.03032242705e-05, 0.000104000464489, 4.92054095957e-05, 3.59101759386e-05, 0.000113543246698, 4.87004472234e-05, 0.000106342937215, 6.58707140246e-05, 1.05382041511e-05, 3.0597393561e-06, 1.35791492539e-06, 3.04401424955e-07, 2.49758983273e-07, 1.87090485326e-08, 2.79912260037e-10]
        dmean2: [6.99879354471e-09, 4.89312878926e-06, 6.94114532962e-06, 1.7905538698e-05, 3.04752211377e-05, 2.10942816921e-05, 3.60206977348e-05, 4.95931053592e-05, 7.28236409486e-05, 4.84663069074e-05, 4.47495258413e-05, 6.0006907006e-05, 7.30430256226e-05, 0.000135682785185, 6.36911863694e-05, 4.88892146677e-05, 0.000164870187291, 6.87398787704e-05, 0.00013725599274, 9.62399353739e-05, 1.41783366416e-05, 4.09369704357e-06, 1.97143890546e-06, 4.5242452984e-07, 3.65635258959e-07, 2.47387568209e-08, 4.49691894833e-10]
        dvar: [6.26599901921e-17, 4.1559981151e-11, 2.28635402277e-10, 1.46610135143e-09, 5.85570392175e-09, 2.26837415518e-09, 1.89564830499e-09, 6.00424199249e-09, 3.78433533399e-08, 9.68892432951e-09, 1.24423369385e-08, 9.34356592097e-09, 3.46939259543e-08, 1.01412460651e-07, 1.87327096057e-08, 1.42829863492e-08, 1.23327907886e-07, 1.58559085861e-08, 1.06634800545e-07, 7.73741675175e-08, 1.70198022342e-09, 1.0547632906e-10, 7.38788683008e-11, 9.55819624837e-13, 2.99446014859e-13, 1.38592759028e-15, 5.20990351336e-19]
        dvar2: [1.65699629167e-16, 7.27161802994e-11, 2.53628784641e-10, 3.7032985567e-09, 1.68845648574e-08, 4.91839591277e-09, 4.17936796282e-09, 1.09666311587e-08, 6.24098959179e-08, 1.64580509221e-08, 1.88640250087e-08, 1.61630566708e-08, 6.05812999765e-08, 1.5283538346e-07, 2.43195259486e-08, 2.06781702872e-08, 2.46021841122e-07, 2.78636029805e-08, 1.50059946691e-07, 1.61795398412e-07, 2.04141237248e-09, 1.59363786056e-10, 1.3810794175e-10, 1.70059365895e-12, 5.21382253777e-13, 2.16285246752e-15, 1.29665017453e-18]
        max: [8.75291661373e-08, 9.3823618954e-05, 0.000296518061077, 0.000576560851187, 0.00107019767165, 0.000790907768533, 0.000433292938396, 0.00101777119562, 0.00313591980375, 0.00181920418981, 0.00139075145125, 0.00124574359506, 0.0026540053077, 0.00542748719454, 0.00267340475693, 0.00231889542192, 0.0051123118028, 0.00288959546015, 0.00561673054472, 0.00626202998683, 0.000879034341779, 0.000221346694161, 0.000187079320312, 2.01536222448e-05, 9.65153503785e-06, 6.06787978086e-07, 1.0213571322e-08]
        mean: [5.70683500456e-09, 8.34185721033e-06, 8.95331777429e-06, 1.1285792425e-05, 1.58616785484e-05, 2.11990900425e-05, 4.36373738921e-05, 7.95492451289e-05, 0.00015138060553, 0.000112160611025, 7.82859569881e-05, 0.000116576986329, 0.000133913126774, 0.000272353441687, 0.000162859971169, 9.70175606199e-05, 0.00028428263613, 0.000119007621834, 0.000271718745353, 0.000185868135304, 2.5677787562e-05, 6.92201365382e-06, 3.36436778525e-06, 6.97325958754e-07, 5.4402812566e-07, 3.98748341013e-08, 3.37897154701e-10]
        min: [1.21070454009e-11, 3.07511266451e-10, 1.43825909515e-10, 8.82010714465e-11, 7.47043191196e-11, 1.850671838e-10, 5.10541109389e-10, 6.29371776917e-10, 4.7745912779e-10, 6.77961159434e-11, 3.96886773446e-10, 1.19981635738e-09, 9.85076242799e-10, 7.16339876305e-10, 3.47286616131e-10, 2.46471953957e-10, 3.32495753153e-10, 6.70007382908e-10, 1.91053795007e-09, 5.41154510092e-10, 5.53333989739e-10, 6.5543570571e-11, 2.09220384073e-11, 2.72688590458e-11, 2.30481172342e-11, 7.21794238961e-12, 7.04408883653e-12]
        var: [1.30498329542e-16, 1.90472443373e-10, 8.73464855999e-10, 1.37573630266e-09, 3.82859433046e-09, 2.81577161587e-09, 5.79196823836e-09, 2.03010710464e-08, 1.78024492925e-07, 7.58228893005e-08, 5.70059199845e-08, 4.17708108102e-08, 1.48437933944e-07, 5.36461527645e-07, 1.95410862602e-07, 8.1027216936e-08, 5.19136108323e-07, 9.30280137368e-08, 6.94346340424e-07, 4.70846686085e-07, 7.80852360549e-09, 5.29865595844e-10, 2.69817113097e-10, 3.1366955474e-12, 8.32035503863e-13, 4.55007337485e-15, 7.05699678721e-19]
    mfcc:
        mean: [-826.710632324, 92.5799865723, -61.5320854187, 26.5424633026, -9.32251644135, -13.1636161804, -2.73238635063, -5.16319894791, -1.12634551525, 1.09930670261, 8.38264751434, -0.73001396656, -3.03567385674]
        cov: [[4656.57763672, 120.10572052, -1185.83972168, -194.373275757, -138.186843872, -170.767623901, -170.838272095, -44.3510093689, 102.138290405, 37.1203269958, -94.6709442139, -136.910797119, -229.234573364], [120.10572052, 925.614929199, -129.3881073, -412.143280029, 156.990142822, -43.879070282, -62.1112098694, -56.6895980835, -105.325469971, -128.190750122, -13.0996980667, 164.118759155, 246.144790649], [-1185.83972168, -129.3881073, 1281.54772949, 325.380615234, -10.1489925385, 188.018325806, 108.768089294, 24.7347831726, 24.8860473633, -16.8975429535, -31.1529827118, -56.1573104858, -22.0026245117], [-194.373275757, -412.143280029, 325.380615234, 407.015167236, -18.4850406647, 54.2997016907, 72.6128158569, 46.2217636108, 47.9317703247, 58.289226532, 20.0397377014, -65.6559753418, -112.29234314], [-138.186843872, 156.990142822, -10.1489925385, -18.4850406647, 231.896011353, 105.779350281, 69.6804885864, 45.1694831848, 2.74277973175, -16.2651195526, 35.3455657959, 110.502235413, 130.146377563], [-170.767623901, -43.879070282, 188.018325806, 54.2997016907, 105.779350281, 177.104934692, 90.3770141602, 43.0706176758, 27.0162353516, -0.845990896225, 0.138188004494, 13.8926763535, 37.3798789978], [-170.838272095, -62.1112098694, 108.768089294, 72.6128158569, 69.6804885864, 90.3770141602, 99.8648681641, 44.1411018372, 24.3401165009, 20.5226211548, 20.9710407257, 21.3537330627, 24.9182720184], [-44.3510093689, -56.6895980835, 24.7347831726, 46.2217636108, 45.1694831848, 43.0706176758, 44.1411018372, 72.3204498291, 42.6698417664, 33.0996551514, 18.8675689697, 2.10074543953, -7.77816963196], [102.138290405, -105.325469971, 24.8860473633, 47.9317703247, 2.74277973175, 27.0162353516, 24.3401165009, 42.6698417664, 86.3558197021, 62.4786262512, 17.1214504242, -19.1644515991, -46.4031486511], [37.1203269958, -128.190750122, -16.8975429535, 58.289226532, -16.2651195526, -0.845990896225, 20.5226211548, 33.0996551514, 62.4786262512, 103.540222168, 51.9098815918, -13.6384019852, -53.9171524048], [-94.6709442139, -13.0996980667, -31.1529827118, 20.0397377014, 35.3455657959, 0.138188004494, 20.9710407257, 18.8675689697, 17.1214504242, 51.9098815918, 97.9435348511, 66.826499939, 18.0373058319], [-136.910797119, 164.118759155, -56.1573104858, -65.6559753418, 110.502235413, 13.8926763535, 21.3537330627, 2.10074543953, -19.1644515991, -13.6384019852, 66.826499939, 158.522155762, 137.386886597], [-229.234573364, 246.144790649, -22.0026245117, -112.29234314, 130.146377563, 37.3798789978, 24.9182720184, -7.77816963196, -46.4031486511, -53.9171524048, 18.0373058319, 137.386886597, 213.295013428]]
        icov: [[0.000388667715015, -0.00040199290379, 0.000519017165061, -0.000485032156575, 0.000347325578332, -0.000509493052959, 0.000275618571322, 0.000403826881666, -0.000948393717408, 0.000132193628815, 0.000479405658552, -0.000211024394957, 0.000462164811324], [-0.00040199290379, 0.00383785064332, -0.00143414922059, 0.00378149445169, -0.00323415454477, 0.00280787376687, 7.26186481188e-05, -0.000280975014903, 0.001859108801, 0.000766980461776, -0.000518929329701, 9.26887369133e-05, -0.000972978712525], [0.000519017165061, -0.00143414922059, 0.00220972998068, -0.002561384812, 0.00224781851284, -0.0027973363176, 0.000276145263342, 0.000832082761917, -0.00191777641885, 0.000723678793292, 0.000539382104762, -0.000114445385407, 2.87305556412e-06], [-0.000485032156575, 0.00378149445169, -0.002561384812, 0.00833358056843, -0.00410379702225, 0.00405086390674, -0.00311758276075, -0.000843740766868, 0.00277503021061, 6.4301079874e-06, -0.00137386098504, 0.000573828758206, 0.00171741168015], [0.000347325578332, -0.00323415454477, 0.00224781851284, -0.00410379702225, 0.0150232948363, -0.00815354008228, -0.000101522200566, -0.00470343884081, -0.0017128897598, 0.00103155476972, 0.000656881020404, -0.00504599884152, -0.00263785105199], [-0.000509493052959, 0.00280787376687, -0.0027973363176, 0.00405086390674, -0.00815354008228, 0.0177825465798, -0.0103968428448, 0.000794597784989, -0.00198978325352, 0.00321136857383, -0.000871766300406, 0.00421475945041, -0.00110373517964], [0.000275618571322, 7.26186481188e-05, 0.000276145263342, -0.00311758276075, -0.000101522200566, -0.0103968428448, 0.0265051666647, -0.00743047334254, 0.00201372872107, -0.00385150662623, -9.00832092157e-05, -0.00138898193836, -0.00251706433482], [0.000403826881666, -0.000280975014903, 0.000832082761917, -0.000843740766868, -0.00470343884081, 0.000794597784989, -0.00743047334254, 0.0280539561063, -0.0113484030589, 0.000600012834184, -0.00208806106821, 0.00336420093663, 0.000714061665349], [-0.000948393717408, 0.001859108801, -0.00191777641885, 0.00277503021061, -0.0017128897598, -0.00198978325352, 0.00201372872107, -0.0113484030589, 0.0323084071279, -0.0179843623191, 0.00728838099167, -0.00533127319068, 0.00414351094514], [0.000132193628815, 0.000766980461776, 0.000723678793292, 6.4301079874e-06, 0.00103155476972, 0.00321136857383, -0.00385150662623, 0.000600012834184, -0.0179843623191, 0.0322987399995, -0.0187956485897, 0.00850150454789, -0.00101990718395], [0.000479405658552, -0.000518929329701, 0.000539382104762, -0.00137386098504, 0.000656881020404, -0.000871766300406, -9.00832092157e-05, -0.00208806106821, 0.00728838099167, -0.0187956485897, 0.0329195633531, -0.0211442187428, 0.00780269177631], [-0.000211024394957, 9.26887369133e-05, -0.000114445385407, 0.000573828758206, -0.00504599884152, 0.00421475945041, -0.00138898193836, 0.00336420093663, -0.00533127319068, 0.00850150454789, -0.0211442187428, 0.0314054042101, -0.014869723469], [0.000462164811324, -0.000972978712525, 2.87305556412e-06, 0.00171741168015, -0.00263785105199, -0.00110373517964, -0.00251706433482, 0.000714061665349, 0.00414351094514, -0.00101990718395, 0.00780269177631, -0.014869723469, 0.0188970156014]]
    spectral_contrast:
        mean: [-4.29210359698e-07, 1.37232106567e-07, 8.03438169328e-08, 1.52805895937e-07, -1.22451666584e-07, -7.31950535737e-08, 2.87399245735e-07, 3.64043648915e-06, 1.11813903914e-06, -4.85419104734e-06, -1.23279517084e-06, 6.18122214746e-07]
        var: [0.000331323943101, 0.00115540623665, 0.00249067135155, 0.00417776824906, 0.00610763719305, 0.0264389347285, 0.0637820735574, 0.0675103664398, 0.141354575753, 0.252739459276, 0.344898939133, 1.82121610641]

rhythm:
    beats_loudness:
        dmean: 0.00291475886479
        dmean2: 0.00486024422571
        dvar: 1.81613395398e-05
        dvar2: 4.50267689303e-05
        max: 0.0188446100801
        mean: 0.00320809870027
        min: 6.34716852801e-05
        var: 2.24547347898e-05
    beats_loudness_bass:
        dmean: 0.112666644156
        dmean2: 0.213077545166
        dvar: 0.0269747339189
        dvar2: 0.0594886653125
        max: 0.593379378319
        mean: 0.0935735180974
        min: 0.000272254110314
        var: 0.027919081971
    bpm: 122.284622192
    bpm_confidence: 0
    first_peak_bpm: 122
    first_peak_spread: 0
    first_peak_weight: 0.550000011921
    onset_rate: 3.38068199158
    second_peak_bpm: 128
    second_peak_spread: 0
    second_peak_weight: 0.40000000596
    beats_position: [0.139413878322, 0.630073666573, 1.12073349953, 1.61139333248, 2.10205316544, 2.59271287918, 3.08337259293, 3.57403230667, 4.06469202042, 4.55535173416, 5.04601144791, 5.53667116165, 5.94198513031, 6.40928411484, 6.8765835762, 7.34388303757, 7.81118345261, 8.27848243713, 8.7457818985, 9.21308135986, 9.68038082123]
    bpm_estimates: [122.12727356, 122.062561035, 122.428573608, 122.520088196]
    bpm_intervals: [0.49065977335, 0.490659832954, 0.490659832954, 0.490659832954, 0.490659713745, 0.490659713745, 0.490659713745, 0.490659713745, 0.490659713745, 0.490659713745, 0.490659713745, 0.405313968658, 0.467298984528, 0.467299461365, 0.467299461365, 0.467300415039, 0.467298984528, 0.467299461365, 0.467299461365, 0.467299461365]
    onset_times: [0.0580498874187, 0.197369620204, 0.359909296036, 0.394739240408, 0.673378705978, 0.905578255653, 1.28870749474, 1.6137868166, 1.86920630932, 2.20589566231, 2.42648530006, 2.51936507225, 2.75156474113, 3.12308382988, 3.1811337471, 3.45977330208, 3.66875290871, 4.07510185242, 4.38857126236, 4.80653047562, 4.95746040344, 5.30575942993, 5.42185926437, 5.89786863327, 6.23455762863, 6.73378705978, 7.17496585846, 7.77868461609, 8.26630401611, 8.71909332275, 8.8119726181, 9.12544250488, 9.2067117691, 9.7639913559]
    rubato_start: []
    rubato_stop: []
    perceptual_tempo: "unknown"

sfx:
    inharmonicity:
        dmean: 0.0522095188498
        dmean2: 0.0944622904062
        dvar: 0.00422584498301
        dvar2: 0.0113495755941
        max: 0.329541683197
        mean: 0.0547705180943
        min: 0
        var: 0.00500624813139
    oddtoevenharmonicenergyratio:
        dmean: 2.02420639992
        dmean2: 3.76791930199
        dvar: 30.527589798
        dvar2: 92.6946258545
        max: 66.5738143921
        mean: 1.77831423283
        min: 0
        var: 17.5183696747
    pitch_after_max_to_before_max_energy_ratio: 28.2322063446
    pitch_centroid: 270.255462646
    pitch_max_to_total: 0.212962970138
    pitch_min_to_total: 0.261574059725
    tristimulus:
        dmean: [0.1528929919, 0.222527220845, 0.104454502463]
        dmean2: [0.266829103231, 0.395169258118, 0.19228310883]
        dvar: [0.0237440504134, 0.0557142011821, 0.0175941474736]
        dvar2: [0.0594245493412, 0.14526052773, 0.0508093163371]
        max: [1, 0.996837675571, 0.669029951096]
        mean: [0.262925744057, 0.598227620125, 0.0926026850939]
        min: [0.00210652058013, 0, 0]
        var: [0.032457895577, 0.0643109157681, 0.0158992279321]

tonal:
    chords_changes_rate: 0.0829493105412
    chords_number_rate: 0.0414746552706
    chords_strength:
        dmean: 0.0114251067862
        dmean2: 0.0110823782161
        dvar: 7.4888310337e-05
        dvar2: 9.29899979383e-05
        max: 0.654262065887
        mean: 0.43463024497
        min: 0.258790075779
        var: 0.00541190849617
    key_strength: 0.834330439568
    tuning_diatonic_strength: 0.549290001392
    tuning_equal_tempered_deviation: 0.0876690372825
    tuning_frequency: 442.804626465
    tuning_nontempered_energy_ratio: 0.772916734219
    hpcp:
        dmean: [0.0859910994768, 0.0644828975201, 0.108463615179, 0.126835688949, 0.0909854024649, 0.055356964469, 0.06585431844, 0.0566814951599, 0.0718907266855, 0.0916269645095, 0.091815084219, 0.0820265486836, 0.0847132056952, 0.0739703699946, 0.0903935283422, 0.124868482351, 0.127473682165, 0.135862767696, 0.145324647427, 0.101536817849, 0.0533879324794, 0.0536361448467, 0.0558666661382, 0.0938011705875, 0.119118995965, 0.103112824261, 0.083944350481, 0.0790668874979, 0.0877371877432, 0.0874458178878, 0.0910748839378, 0.112496219575, 0.144296780229, 0.130135789514, 0.102266080678, 0.0872458741069]
        dmean2: [0.150378137827, 0.113423958421, 0.178899720311, 0.203987658024, 0.150516018271, 0.0935001447797, 0.108087897301, 0.0869815200567, 0.110258445144, 0.147016525269, 0.152009516954, 0.141452923417, 0.142422497272, 0.126977652311, 0.161873549223, 0.211440950632, 0.207252755761, 0.229798108339, 0.222621768713, 0.153928413987, 0.0913772881031, 0.0929475724697, 0.0934722274542, 0.156940922141, 0.203155606985, 0.172721609473, 0.143967494369, 0.132824793458, 0.152310147882, 0.145691126585, 0.14760351181, 0.191672354937, 0.225409805775, 0.20336586237, 0.173788696527, 0.14889203012]
        dvar: [0.025158174336, 0.0119026368484, 0.0256487503648, 0.0380857922137, 0.0146641768515, 0.0100054480135, 0.014724153094, 0.00825702957809, 0.0108775263652, 0.0239001307636, 0.0155396526679, 0.0225640311837, 0.0248867124319, 0.0179693307728, 0.0213113948703, 0.0448428615928, 0.0335813872516, 0.031970564276, 0.0421770177782, 0.018814124167, 0.0111334966496, 0.0119541715831, 0.0142874522135, 0.0228141546249, 0.035470187664, 0.0274004787207, 0.0200825799257, 0.0194566007704, 0.0241395067424, 0.0222312882543, 0.024749353528, 0.0330426506698, 0.0342169441283, 0.0338242836297, 0.0316103287041, 0.0281098727137]
        dvar2: [0.0670724138618, 0.031941358, 0.0708816275001, 0.0818794816732, 0.0384940952063, 0.0226726643741, 0.0326499044895, 0.0176920704544, 0.0206518862396, 0.0530775338411, 0.0399448089302, 0.0448359921575, 0.0468968786299, 0.0460737794638, 0.0574614852667, 0.103835761547, 0.0740504264832, 0.0801860392094, 0.0844474509358, 0.0379156805575, 0.0319723598659, 0.0320971347392, 0.0381252542138, 0.0618912726641, 0.0791571736336, 0.0561172664165, 0.0501834265888, 0.0506390742958, 0.0671618208289, 0.0552232302725, 0.046736177057, 0.0646080374718, 0.0685979872942, 0.0650856718421, 0.0813756212592, 0.0652494505048]
        max: [1, 0.795341968536, 1, 1, 0.937537431717, 1, 1, 1, 1, 1, 0.760865151882, 1, 1, 0.995958924294, 1, 1, 1, 1, 1, 1, 0.82460308075, 0.740518569946, 1, 1, 1, 1, 1, 0.883314192295, 1, 1, 1, 1, 1, 1, 1, 1]
        mean: [0.0834312736988, 0.0654649659991, 0.165899917483, 0.264551430941, 0.164527907968, 0.0853702798486, 0.0910399034619, 0.079597979784, 0.137984365225, 0.175181031227, 0.144601538777, 0.201613023877, 0.191174790263, 0.0844892784953, 0.109834045172, 0.198978409171, 0.188742727041, 0.252159446478, 0.333670318127, 0.184409603477, 0.0615868233144, 0.0588286221027, 0.066797465086, 0.143986791372, 0.239681124687, 0.201511010528, 0.113612398505, 0.0879730135202, 0.0936184972525, 0.132610157132, 0.158502906561, 0.17815643549, 0.292825639248, 0.313730746508, 0.16953933239, 0.0984585285187]
        min: [8.0103680375e-05, 0.000196744236746, 0.000275675411103, 0.000527473166585, 0.000153391534695, 0.000180395742063, 0.000149362909724, 8.30604403745e-05, 7.07409053575e-05, 0.00012396137754, 0.000395414623199, 0.000196727749426, 0.000127067498397, 0.000153982458869, 0.000153731569299, 0.000109499043901, 0.000101955709397, 0.000424435245804, 0.000336837110808, 0.000274801510386, 0.000114545924589, 0.000164448603755, 0.000137255294248, 0.00016092392616, 7.551778981e-05, 0.000191849132534, 9.43176128203e-05, 0.000118344454677, 0.000364126462955, 0.000348176952684, 0.000306400324916, 0.000262658984866, 0.000289911142318, 0.000368061533663, 0.000320967752486, 6.96095085004e-05]
        var: [0.0230756513774, 0.0121551416814, 0.0470781996846, 0.117731593549, 0.0386208295822, 0.0218375492841, 0.0285128485411, 0.0165961794555, 0.0404978692532, 0.0569194331765, 0.0223902389407, 0.0962075293064, 0.0947548896074, 0.0188346449286, 0.0260904524475, 0.0849243402481, 0.0696604475379, 0.0686287656426, 0.134437546134, 0.0503372251987, 0.0112012000754, 0.0128201348707, 0.0149699123576, 0.0361169874668, 0.097816593945, 0.0801076516509, 0.0300615914166, 0.0215400718153, 0.0225025638938, 0.0315157063305, 0.0525650344789, 0.0588064678013, 0.09747325629, 0.12237007916, 0.0573808699846, 0.0331454202533]
    chords_histogram: [20.2764968872, 1.38248848915, 0.921658992767, 22.1198158264, 2.7649769783, 6.91244220734, 3.22580647469, 0, 4.60829496384, 0, 0, 0, 0, 0, 0, 0, 0, 0, 0, 0, 0, 8.29493045807, 0, 29.4930877686]
    thpcp: [1, 0.552670061588, 0.184573873878, 0.176307633519, 0.200190007687, 0.431524127722, 0.718317210674, 0.603922486305, 0.340492963791, 0.26365250349, 0.280571848154, 0.397428691387, 0.47502848506, 0.533929526806, 0.877589702606, 0.94024169445, 0.508104324341, 0.295077264309, 0.250041037798, 0.196196556091, 0.497197121382, 0.792852759361, 0.493085235357, 0.25585219264, 0.27284386754, 0.238552778959, 0.413535028696, 0.52501231432, 0.433366507292, 0.604228198528, 0.572945177555, 0.253211855888, 0.329169362783, 0.596332371235, 0.565656304359, 0.755714356899]
    chords_key: "F"
    chords_scale: "minor"
    key_key: "G#"
    key_scale: "major"
    chords_progression: ["Gm", "Gm", "Gm", "Gm", "Gm", "Gm", "Gm", "Gm", "Gm", "G#", "G#", "G#", "G#", "G#", "G#", "G#", "G#", "G#", "G#", "G#", "G#", "G#", "Gm", "Gm", "Gm", "Gm", "Gm", "G#", "G#", "G#", "G#", "G#", "G#", "G#", "G#", "G#", "G#", "G#", "G#", "G#", "G#", "G#", "G#", "G#", "G#", "G#", "G#", "G#", "G#", "G#", "G#", "G#", "G#", "G#", "G#", "G#", "G#", "G#", "Cm", "Cm", "Cm", "Fm", "Fm", "Fm", "Fm", "Fm", "Fm", "Fm", "Fm", "Fm", "Fm", "Fm", "Fm", "Fm", "Fm", "Fm", "Fm", "Fm", "Fm", "Fm", "Fm", "Fm", "Fm", "Fm", "Fm", "A#", "A#", "F", "F", "F", "F", "F", "F", "F", "A#", "A#", "Dm", "Dm", "Dm", "Dm", "Dm", "Dm", "Dm", "Dm", "Dm", "Dm", "Dm", "Dm", "Dm", "Dm", "Dm", "Fm", "Fm", "Fm", "Fm", "Fm", "Fm", "Fm", "Fm", "Fm", "Fm", "Fm", "Fm", "Fm", "Fm", "Fm", "Fm", "Fm", "Fm", "Fm", "Fm", "Fm", "Fm", "Fm", "Fm", "Fm", "Fm", "Fm", "Fm", "Fm", "Fm", "Fm", "Fm", "Fm", "Fm", "Fm", "Fm", "Fm", "Fm", "Fm", "Fm", "C", "C", "C", "A#", "A#", "C", "C", "C", "C", "C", "C", "Gm", "C", "Gm", "Gm", "Gm", "Gm", "Gm", "Gm", "Gm", "Gm", "Gm", "Gm", "Gm", "Gm", "Gm", "Gm", "Gm", "Gm", "Gm", "Gm", "Gm", "Gm", "Gm", "Gm", "Gm", "Gm", "Gm", "Gm", "Gm", "Gm", "Gm", "Gm", "Gm", "Gm", "Gm", "D#", "D#", "A#m", "A#m", "A#m", "A#m", "A#m", "A#m", "A#m", "A#m", "A#m", "A#m", "A#m", "A#m", "A#m", "A#m", "A#m", "A#m", "A#m", "A#m"]
