
metadata:
    version:
        essentia: "1.2.2"
    audio_properties:
        analysis_sample_rate: 44100
        bitrate: 128
        channels: 2
        equal_loudness: 1
        length: 10.0310201645
        replay_gain: -13.8029136658
        downmix: "mix"
    tags:
        track: 41
        year: 0
        album: "Splitted by Mp3Splt v. 2.1"
        artist: "From 006.40 To 006.50"
        comment: "http://mp3splt.sf.net"
        genre: ""
        title: "12 Cop Shoot Cop.mp3"

highlevel:
    ballroom:
        all:
            ChaChaCha: 0.0391420163214
            Jive: 0.155236199498
            Quickstep: 0.0736303478479
            Rumba-American: 0.00989745929837
            Rumba-International: 0.0322090350091
            Rumba-Misc: 0.0281946007162
            Samba: 0.0339985787868
            Tango: 0.0330558307469
            VienneseWaltz: 0.4918192029
            Waltz: 0.102816745639
        probability: 0.4918192029
        value: "VienneseWaltz"
    culture:
        all:
            non_western: 0.00385513622314
            western: 0.996144890785
        probability: 0.996144890785
        value: "western"
    gender:
        all:
            female: 0.262315839529
            male: 0.737684130669
        probability: 0.737684130669
        value: "male"
    genre_dortmund:
        all:
            alternative: 0.170230597258
            blues: 0.084106773138
            electronic: 0.0342026092112
            folkcountry: 0.0491523034871
            funksoulrnb: 0.0400281026959
            jazz: 0.059353068471
            pop: 0.0402499437332
            raphiphop: 0.00176805187948
            rock: 0.520908534527
        probability: 0.520908534527
        value: "rock"
    genre_electronica:
        all:
            ambient: 0.546125292778
            dnb: 0.171638116241
            house: 0.00637770071626
            techno: 0.00956388097256
            trance: 0.26629498601
        probability: 0.546125292778
        value: "ambient"
    genre_rosamerica:
        all:
            cla: 0.36291334033
            dan: 0.0221185330302
            hip: 0.00514188874513
            jaz: 0.00872304383665
            pop: 0.0194426905364
            rhy: 0.00324431387708
            roc: 0.575913965702
            spe: 0.00250222231261
        probability: 0.575913965702
        value: "roc"
    genre_tzanetakis:
        all:
            blu: 0.050031028688
            cla: 0.136961564422
            cou: 0.155393153429
            dis: 0.0142577094957
            hip: 0.00829200167209
            jaz: 0.0571411848068
            met: 0.22188693285
            pop: 0.0127647249028
            reg: 0.00881783850491
            roc: 0.334453850985
        probability: 0.334453850985
        value: "roc"
    live_studio:
        all:
            live: 0.276571363211
            studio: 0.723428606987
        probability: 0.723428606987
        value: "studio"
    mood:
        all:
            Cluster1: 0.455570548773
            Cluster2: 0.149850636721
            Cluster3: 0.134325638413
            Cluster4: 0.0744210779667
            Cluster5: 0.185832098126
        probability: 0.455570548773
        value: "Cluster1"
    mood_acoustic:
        all:
            acoustic: 0.0202219840139
            not_acoustic: 0.979777991772
        probability: 0.979777991772
        value: "not_acoustic"
    mood_aggressive:
        all:
            aggressive: 0.983623325825
            not_aggressive: 0.0163766536862
        probability: 0.983623325825
        value: "aggressive"
    mood_electronic:
        all:
            electronic: 0.286742657423
            not_electronic: 0.713257312775
        probability: 0.713257312775
        value: "not_electronic"
    mood_happy:
        all:
            happy: 0.520326316357
            not_happy: 0.479673683643
        probability: 0.520326316357
        value: "happy"
    mood_party:
        all:
            not_party: 0.785128176212
            party: 0.21487185359
        probability: 0.785128176212
        value: "not_party"
    mood_relaxed:
        all:
            not_relaxed: 0.869512915611
            relaxed: 0.13048709929
        probability: 0.869512915611
        value: "not_relaxed"
    mood_sad:
        all:
            not_sad: 0.878370583057
            sad: 0.121629439294
        probability: 0.878370583057
        value: "not_sad"
    rhythm:
        all:
            fast: 0.551880598068
            medium: 0.218735069036
            slow: 0.229384317994
        probability: 0.551880598068
        value: "fast"
    speech_music:
        all:
            music: 0.999716341496
            speech: 0.00028364919126
        probability: 0.999716341496
        value: "music"
    timbre:
        all:
            bright: 0.794518828392
            dark: 0.205481156707
        probability: 0.794518828392
        value: "bright"
    voice_instrumental:
        all:
            instrumental: 0.974293828011
            voice: 0.0257061868906
        probability: 0.974293828011
        value: "instrumental"

lowlevel:
    average_loudness: 0.982428789139
    barkbands_kurtosis:
        dmean: 0.343672633171
        dmean2: 0.575965821743
        dvar: 0.201268866658
        dvar2: 0.502550661564
        max: 2.72330284119
        mean: -1.31666326523
        min: -1.84959757328
        var: 0.316280305386
    barkbands_skewness:
        dmean: 0.327909111977
        dmean2: 0.524954855442
        dvar: 0.0640568733215
        dvar2: 0.164608314633
        max: 1.27571761608
        mean: -0.203272983432
        min: -1.85878634453
        var: 0.255094379187
    barkbands_spread:
        dmean: 3.48016548157
        dmean2: 5.68557691574
        dvar: 9.73906517029
        dvar2: 24.040769577
        max: 42.3431739807
        mean: 31.939491272
        min: 13.0276937485
        var: 22.1777515411
    dissonance:
        dmean: 0.0108600286767
        dmean2: 0.0184065420181
        dvar: 7.95126979938e-05
        dvar2: 0.000217554319534
        max: 0.498165667057
        mean: 0.477175146341
        min: 0.436984807253
        var: 0.000132838089485
    hfc:
        dmean: 2.05067181587
        dmean2: 3.2682390213
        dvar: 3.40193557739
        dvar2: 8.323554039
        max: 22.4691371918
        mean: 11.3142700195
        min: 5.9659987528e-06
        var: 8.31006622314
    pitch:
        dmean: 908.308410645
        dmean2: 1764.23706055
        dvar: 1563858
        dvar2: 3957828.5
        max: 3675
        mean: 1193.53088379
        min: 82.1229019165
        var: 1758402.375
    pitch_instantaneous_confidence:
        dmean: 0.0758407637477
        dmean2: 0.124723009765
        dvar: 0.00434551341459
        dvar2: 0.0108320079744
        max: 0.75631403923
        mean: 0.416020005941
        min: 0.187076926231
        var: 0.013954360038
    pitch_salience:
        dmean: 0.0551378875971
        dmean2: 0.0914365649223
        dvar: 0.00214314740151
        dvar2: 0.00529181677848
        max: 0.9444617033
        mean: 0.631425619125
        min: 0.392910510302
        var: 0.00640917243436
    silence_rate_20dB:
        dmean: 0
        dmean2: 0
        dvar: 0
        dvar2: 0
        max: 1
        mean: 1
        min: 1
        var: 0
    silence_rate_30dB:
        dmean: 0
        dmean2: 0
        dvar: 0
        dvar2: 0
        max: 1
        mean: 1
        min: 1
        var: 0
    silence_rate_60dB:
        dmean: 0.00925925932825
        dmean2: 0.0162412989885
        dvar: 0.00917354412377
        dvar2: 0.0159774981439
        max: 1
        mean: 0.0138568133116
        min: 0
        var: 0.0136647997424
    spectral_centroid:
        dmean: 205.044540405
        dmean2: 335.234771729
        dvar: 24538.7578125
        dvar2: 61774.0507812
        max: 2731.48486328
        mean: 1731.07324219
        min: 825.880065918
        var: 101242.679688
    spectral_complexity:
        dmean: 3.1276102066
        dmean2: 5.02558135986
        dvar: 6.04635715485
        dvar2: 16.3086433411
        max: 35
        mean: 21.3634262085
        min: 0
        var: 18.4072628021
    spectral_crest:
        dmean: 1.81920540333
        dmean2: 3.01899838448
        dvar: 2.52939343452
        dvar2: 6.891456604
        max: 14.8258275986
        mean: 7.16914987564
        min: 3.54997038841
        var: 5.59156703949
    spectral_decrease:
        dmean: 2.54034682179e-10
        dmean2: 4.16200823805e-10
        dvar: 4.24818636857e-20
        dvar2: 1.03392361454e-19
        max: -5.26864975225e-16
        mean: -1.48628642727e-09
        min: -2.91795765328e-09
        var: 1.43230342644e-19
    spectral_energy:
        dmean: 0.0010985074332
        dmean2: 0.00179716385901
        dvar: 7.87453359408e-07
        dvar2: 1.88717899618e-06
        max: 0.0121894562617
        mean: 0.00663582561538
        min: 2.52964915681e-09
        var: 2.53565531239e-06
    spectral_energyband_high:
        dmean: 7.17413640814e-05
        dmean2: 0.000117680865515
        dvar: 3.57122065253e-09
        dvar2: 9.56794998785e-09
        max: 0.000693839683663
        mean: 0.000253970443737
        min: 2.82781270622e-10
        var: 1.10899156525e-08
    spectral_energyband_low:
        dmean: 8.63643799676e-05
        dmean2: 0.000147090977407
        dvar: 2.01566852098e-08
        dvar2: 5.24883319031e-08
        max: 0.001403678325
        mean: 0.000115136164823
        min: 2.32530592004e-10
        var: 2.31485799418e-08
    spectral_energyband_middle_high:
        dmean: 0.000751368294004
        dmean2: 0.00118167162873
        dvar: 4.21733176381e-07
        dvar2: 9.94665811049e-07
        max: 0.00840420555323
        mean: 0.00356052676216
        min: 1.75024317262e-09
        var: 1.12161558263e-06
    spectral_energyband_middle_low:
        dmean: 0.00072778359754
        dmean2: 0.00120436109137
        dvar: 4.41792394668e-07
        dvar2: 1.10840733214e-06
        max: 0.00749744754285
        mean: 0.00270619336516
        min: 2.1210594392e-10
        var: 1.63325762514e-06
    spectral_flatness_db:
        dmean: 0.0131284752861
        dmean2: 0.021230166778
        dvar: 0.000120755648823
        dvar2: 0.000291544682113
        max: 0.215172529221
        mean: 0.161491781473
        min: 0.0652883648872
        var: 0.000325628207065
    spectral_flux:
        dmean: 0.00636857748032
        dmean2: 0.00977239850909
        dvar: 2.85182395601e-05
        dvar2: 7.06803184585e-05
        max: 0.0698657035828
        mean: 0.0441907942295
        min: 5.02956172568e-05
        var: 5.96250938543e-05
    spectral_kurtosis:
        dmean: 1.30103683472
        dmean2: 2.27022600174
        dvar: 1.2864998579
        dvar2: 3.6123688221
        max: 16.0953712463
        mean: 4.69059801102
        min: 2.15778207779
        var: 2.09161400795
    spectral_rms:
        dmean: 0.000213452571188
        dmean2: 0.000342799379723
        dvar: 3.1102828757e-08
        dvar2: 6.90024677397e-08
        max: 0.00344850006513
        mean: 0.00252336077392
        min: 1.57097110787e-06
        var: 1.0663030281e-07
    spectral_rolloff:
        dmean: 210.335769653
        dmean2: 366.515106201
        dvar: 31378.2363281
        dvar2: 77959.28125
        max: 3897.50976562
        mean: 3149.17993164
        min: 2304.05273438
        var: 80624.75
    spectral_skewness:
        dmean: 0.152856141329
        dmean2: 0.255675256252
        dvar: 0.0198460333049
        dvar2: 0.0479866378009
        max: 3.10810709
        mean: 1.34108448029
        min: 0.961423516273
        var: 0.036329742521
    spectral_spread:
        dmean: 274719.875
        dmean2: 395883.0625
        dvar: 1.08975875686e+12
        dvar2: 1.0855144489e+12
        max: 25211254
        mean: 3407901.75
        min: 2434770.25
        var: 1.22654713446e+12
    spectral_strongpeak:
        dmean: 0.845418155193
        dmean2: 1.5132997036
        dvar: 1.16169011593
        dvar2: 2.96032094955
        max: 8.21849250793
        mean: 1.18462133408
        min: 0
        var: 1.80704772472
    zerocrossingrate:
        dmean: 0.00574381882325
        dmean2: 0.00747410953045
        dvar: 2.83744793705e-05
        dvar2: 4.3524949433e-05
        max: 0.12451171875
        mean: 0.0975952148438
        min: 0.05419921875
        var: 0.000160047580721
    barkbands:
        dmean: [1.90312476889e-07, 2.14566280192e-05, 7.28756422177e-05, 0.000134024681756, 0.00043845071923, 0.000345548935002, 0.000151712316438, 0.000144006888149, 0.000125603502966, 9.02884203242e-05, 3.56053969881e-05, 2.62350895355e-05, 4.91055834573e-05, 7.18348237569e-05, 0.000120342658192, 0.000115072296467, 0.00051905651344, 0.000313787430059, 0.000260245025856, 0.000100292971183, 2.90408133878e-05, 6.34460911897e-06, 1.22353446841e-06, 3.30769637458e-07, 1.29563431983e-07, 7.74177522089e-09, 4.90800733388e-10]
        dmean2: [3.14664902135e-07, 3.56030541298e-05, 0.000124530342873, 0.000219406851102, 0.000742665491998, 0.000589251401834, 0.000246951269219, 0.000238020074903, 0.000187595593161, 0.000144874982652, 5.79682891839e-05, 4.48777718702e-05, 7.48291931814e-05, 0.000117593575851, 0.000179359733011, 0.000187836252735, 0.000845865404699, 0.000519129855093, 0.00043658161303, 0.000169237013324, 4.77905668959e-05, 1.07988817035e-05, 1.97486315301e-06, 5.26938606527e-07, 2.03991731951e-07, 1.23661765272e-08, 7.61174845376e-10]
        dvar: [5.80145130612e-14, 9.12776465523e-10, 1.68750027285e-08, 4.65614569123e-08, 2.37754974819e-07, 2.39098369548e-07, 3.91630656793e-08, 4.81030362209e-08, 3.01769347288e-08, 9.81149028689e-09, 1.31552091442e-09, 9.24762044718e-10, 4.00343802553e-09, 7.04903913018e-09, 2.12299546831e-08, 2.57276937532e-08, 2.36636665818e-07, 1.08730489501e-07, 4.8800000485e-08, 8.4677456158e-09, 6.27815188725e-10, 3.63842393714e-11, 1.28857547462e-12, 1.01783768317e-13, 1.48334188492e-14, 6.67556062503e-17, 1.21241897246e-17]
        dvar2: [1.57823705276e-13, 2.2886184059e-09, 4.47332126896e-08, 1.16656352134e-07, 5.9331432567e-07, 6.90949150339e-07, 1.00555716642e-07, 1.29597680143e-07, 6.39569108785e-08, 2.33541115335e-08, 3.28719029774e-09, 2.54081022888e-09, 8.0771709321e-09, 1.53234172018e-08, 4.37547669208e-08, 6.09362018622e-08, 5.44122769952e-07, 2.66072959221e-07, 1.35938435619e-07, 2.25950067545e-08, 1.91674076611e-09, 9.89293855169e-11, 3.49970920299e-12, 2.71355474982e-13, 3.39365478265e-14, 1.50387602821e-16, 1.26884451892e-17]
        max: [2.11147789742e-06, 0.000240067529376, 0.00138578994665, 0.00262921466492, 0.00592528283596, 0.00496704410762, 0.00252722576261, 0.00355938449502, 0.00396591378376, 0.000854565296322, 0.000377464486519, 0.000314338307362, 0.00093615509104, 0.00120155024342, 0.00242170668207, 0.00236536748707, 0.00598714919761, 0.00354247959331, 0.00242370530032, 0.00104732811451, 0.000245034665568, 6.303191185e-05, 1.6653613784e-05, 3.65963614968e-06, 1.02071214769e-06, 9.25708150135e-08, 7.22707369505e-08]
        mean: [2.19364380882e-07, 2.55575178016e-05, 8.93623946467e-05, 0.000181219831575, 0.000996527611278, 0.000643184001092, 0.000274866615655, 0.000289464631351, 0.000285036687274, 0.000157062313519, 7.16763825039e-05, 5.28043419763e-05, 8.43350717332e-05, 0.000129235733766, 0.000239068889641, 0.000239999033511, 0.00113126728684, 0.000690911838319, 0.000631103932392, 0.00030411692569, 9.29703601287e-05, 2.03589879675e-05, 3.99448708777e-06, 1.07596440557e-06, 3.90319968346e-07, 2.08340900087e-08, 4.60050469941e-10]
        min: [9.63765733886e-11, 1.24443746974e-10, 6.02984398523e-11, 4.30548305341e-11, 6.32617638829e-11, 3.71293690238e-11, 2.59198426611e-11, 2.1357747168e-11, 2.07966040222e-11, 2.38336650762e-12, 1.37548921905e-11, 2.61582387695e-11, 3.39999972621e-11, 4.71776298583e-11, 1.03073015401e-10, 5.78804171258e-10, 3.90785959148e-10, 4.46511161378e-10, 9.96573934486e-11, 7.20542792099e-11, 1.69874822542e-10, 1.02060642923e-11, 5.88847460375e-12, 6.48278652982e-12, 1.0095728073e-11, 8.51118567985e-12, 1.69686150981e-12]
        var: [8.55362601495e-14, 1.00021702032e-09, 1.94095726158e-08, 7.5021354462e-08, 7.84832479894e-07, 8.0703716776e-07, 5.40947056038e-08, 1.10162957867e-07, 1.72014395616e-07, 1.83459398784e-08, 4.41433378739e-09, 1.70353819939e-09, 7.5992527826e-09, 1.29179840158e-08, 5.57617774177e-08, 5.11313871243e-08, 4.90285742671e-07, 2.03685431188e-07, 8.81724488977e-08, 1.99133669554e-08, 1.31866950692e-09, 1.13702915139e-10, 5.21203566417e-12, 2.61135758199e-13, 3.16638025749e-14, 1.813902263e-16, 1.21036624105e-17]
    mfcc:
        mean: [-687.188537598, 119.445838928, -71.786781311, 61.975856781, -15.8363380432, -20.3022117615, -15.606136322, -6.92614936829, -7.46223449707, -8.6962518692, -7.00741147995, -6.30249261856, -10.0501480103]
        cov: [[1561.37561035, 60.940448761, -38.6360855103, 8.59185504913, -93.0864334106, -25.7228374481, -33.4378471375, -2.57608151436, -38.8801765442, 24.742275238, 0.924323260784, -36.0995674133, -18.7524909973], [60.940448761, 168.324264526, -1.58276510239, 21.4539222717, 35.239276886, 5.04211044312, 26.031829834, -0.81429797411, 3.08462047577, -16.0285453796, 8.34704303741, 12.38438797, 6.51309585571], [-38.6360855103, -1.58276510239, 80.6421279907, 17.4623851776, -0.398149400949, -1.92841935158, 6.14872980118, 5.18318462372, 3.92772960663, 7.31644201279, 12.9768714905, 0.450739651918, -3.6155102253], [8.59185504913, 21.4539222717, 17.4623851776, 51.4080276489, 20.2714920044, 1.66358923912, 6.03157663345, 1.73581516743, -1.66227126122, -4.64432239532, 2.83800172806, 4.00024032593, 0.17310129106], [-93.0864334106, 35.239276886, -0.398149400949, 20.2714920044, 77.5876159668, 27.3443908691, 20.1526699066, 0.538576066494, 13.8014917374, 1.98552894592, 5.06009674072, 10.1369009018, 0.862165987492], [-25.7228374481, 5.04211044312, -1.92841935158, 1.66358923912, 27.3443908691, 56.8504142761, 24.7635402679, 2.37586855888, 9.24602794647, 17.0211791992, 11.7995710373, 7.07858371735, 3.93570661545], [-33.4378471375, 26.031829834, 6.14872980118, 6.03157663345, 20.1526699066, 24.7635402679, 63.7229537964, 25.3559551239, 11.5392379761, 4.74419212341, 10.6878786087, 8.81882286072, 1.10365104675], [-2.57608151436, -0.81429797411, 5.18318462372, 1.73581516743, 0.538576066494, 2.37586855888, 25.3559551239, 57.8396034241, 31.5633068085, 9.84159374237, 9.22257041931, 10.4279203415, -3.12883448601], [-38.8801765442, 3.08462047577, 3.92772960663, -1.66227126122, 13.8014917374, 9.24602794647, 11.5392379761, 31.5633068085, 56.6733856201, 27.1216220856, 9.96967792511, 8.89625740051, -0.0332920327783], [24.742275238, -16.0285453796, 7.31644201279, -4.64432239532, 1.98552894592, 17.0211791992, 4.74419212341, 9.84159374237, 27.1216220856, 55.5566978455, 25.4396858215, 2.59706997871, 0.921236515045], [0.924323260784, 8.34704303741, 12.9768714905, 2.83800172806, 5.06009674072, 11.7995710373, 10.6878786087, 9.22257041931, 9.96967792511, 25.4396858215, 46.7272071838, 19.480928421, 0.557335436344], [-36.0995674133, 12.38438797, 0.450739651918, 4.00024032593, 10.1369009018, 7.07858371735, 8.81882286072, 10.4279203415, 8.89625740051, 2.59706997871, 19.480928421, 48.0724563599, 17.055519104], [-18.7524909973, 6.51309585571, -3.6155102253, 0.17310129106, 0.862165987492, 3.93570661545, 1.10365104675, -3.12883448601, -0.0332920327783, 0.921236515045, 0.557335436344, 17.055519104, 36.1389350891]]
        icov: [[0.000825264083687, -0.000737426802516, 0.000564801564906, -0.000658599950839, 0.00123166281264, -0.000226222502533, 0.000514943851158, -0.000673669332173, 0.00107545906212, -0.00128432060592, 0.000283170316834, 0.000285104673821, 0.000436803355115], [-0.000737426802516, 0.00843403395265, 0.000425321544753, -0.00138062564656, -0.00338290515356, 0.00198455899954, -0.00386428809725, 0.00312090641819, -0.00338660622947, 0.00519775692374, -0.00359776802361, 0.000285406596959, -0.00181553815491], [0.000564801564906, 0.000425321544753, 0.0149832861498, -0.00611230358481, 0.00219562579878, 0.00147402507719, -0.00150781159755, 0.000347786670318, -0.000620280858129, -0.000862715300173, -0.00439095590264, 0.00185273413081, 0.000822699803393], [-0.000658599950839, -0.00138062564656, -0.00611230358481, 0.0256824269891, -0.00818437431008, 0.00180521490984, 0.000669164699502, -0.0024225411471, 0.00312012992799, 0.00148100219667, 3.40924339071e-06, -0.000752672785893, -0.000738674600143], [0.00123166281264, -0.00338290515356, 0.00219562579878, -0.00818437431008, 0.0228461679071, -0.00868771597743, -0.00203957036138, 0.00460610957816, -0.0060213226825, 0.00103714317083, 0.00145393540151, -0.00247285235673, 0.00348245841451], [-0.000226222502533, 0.00198455899954, 0.00147402507719, 0.00180521490984, -0.00868771597743, 0.0284983646125, -0.0105637665838, 0.00451437104493, 0.000623678090051, -0.00724821677431, -0.00148568849545, -0.00066400016658, -0.00199750019237], [0.000514943851158, -0.00386428809725, -0.00150781159755, 0.000669164699502, -0.00203957036138, -0.0105637665838, 0.0271592531353, -0.0143131669611, 0.00516716996208, 0.000457201269455, -0.00128857349046, 0.00120909430552, -0.00061757885851], [-0.000673669332173, 0.00312090641819, 0.000347786670318, -0.0024225411471, 0.00460610957816, 0.00451437104493, -0.0143131669611, 0.035320546478, -0.0210467595607, 0.00607979297638, -0.00282087991945, -0.0045006792061, 0.00402113189921], [0.00107545906212, -0.00338660622947, -0.000620280858129, 0.00312012992799, -0.0060213226825, 0.000623678090051, 0.00516716996208, -0.0210467595607, 0.0399656444788, -0.0211355760694, 0.00871239043772, -0.00412135757506, 0.00157342362218], [-0.00128432060592, 0.00519775692374, -0.000862715300173, 0.00148100219667, 0.00103714317083, -0.00724821677431, 0.000457201269455, 0.00607979297638, -0.0211355760694, 0.0416637957096, -0.0225722510368, 0.00990198180079, -0.0058261663653], [0.000283170316834, -0.00359776802361, -0.00439095590264, 3.40924339071e-06, 0.00145393540151, -0.00148568849545, -0.00128857349046, -0.00282087991945, 0.00871239043772, -0.0225722510368, 0.0425415858626, -0.0189350247383, 0.0091418735683], [0.000285104673821, 0.000285406596959, 0.00185273413081, -0.000752672785893, -0.00247285235673, -0.00066400016658, 0.00120909430552, -0.0045006792061, -0.00412135757506, 0.00990198180079, -0.0189350247383, 0.0363375917077, -0.0171232819557], [0.000436803355115, -0.00181553815491, 0.000822699803393, -0.000738674600143, 0.00348245841451, -0.00199750019237, -0.00061757885851, 0.00402113189921, 0.00157342362218, -0.0058261663653, 0.0091418735683, -0.0171232819557, 0.036902345717]]
    spectral_contrast:
        mean: [-1.26603822537e-07, -9.27010930241e-08, -3.53730115421e-07, -9.6133184968e-08, -9.42425160133e-08, -1.40621082778e-07, 2.02259116122e-06, 1.9840620098e-06, -3.19995547216e-06, -4.59624925497e-06, 2.2555598207e-06, -2.10492703445e-06]
        var: [0.000264170870651, 0.000441779149696, 0.00100696377922, 0.00148459954653, 0.00294624315575, 0.00366782397032, 0.0233696065843, 0.0646809861064, 0.0773932263255, 0.102742761374, 0.248565688729, 0.741336584091]

rhythm:
    beats_loudness:
        dmean: 0.00114853936248
        dmean2: 0.00218296982348
        dvar: 6.21435049197e-07
        dvar2: 1.93524897441e-06
        max: 0.00767715135589
        mean: 0.00620931200683
        min: 0.00422970438376
        var: 6.57366058476e-07
    beats_loudness_bass:
        dmean: 0.0302894338965
        dmean2: 0.047899544239
        dvar: 0.000980410259217
        dvar2: 0.00170301028993
        max: 0.160677775741
        mean: 0.0428586564958
        min: 0.00229107984342
        var: 0.00173160235863
    bpm: 108.260482788
    bpm_confidence: 0
    first_peak_bpm: 108
    first_peak_spread: 0.0909091234207
    first_peak_weight: 0.555555582047
    onset_rate: 1.29597985744
    second_peak_bpm: 127
    second_peak_spread: 0
    second_peak_weight: 0.388888895512
    beats_position: [0.157146602869, 0.711379766464, 1.26561295986, 1.81984603405, 2.37407922745, 2.92831230164, 3.48254537582, 4.03677845001, 4.59101200104, 5.14524507523, 5.69947814941, 6.24284410477, 6.71650362015, 7.19016218185, 7.66382074356, 8.1374797821, 8.61113834381, 9.08479690552, 9.5584564209]
    bpm_estimates: [109.195411682, 108.12348938, 107.86089325, 107.862113953]
    bpm_intervals: [0.554233193398, 0.554233193398, 0.554233074188, 0.554233193398, 0.554233074188, 0.554233074188, 0.554233074188, 0.554233551025, 0.554233074188, 0.554233074188, 0.543365955353, 0.473659515381, 0.473658561707, 0.473658561707, 0.473659038544, 0.473658561707, 0.473658561707, 0.473659515381]
    onset_times: [0.0464399084449, 0.18575963378, 0.661768734455, 1.02167797089, 1.1261677742, 1.49768710136, 4.28408145905, 5.27092981339, 5.59600925446, 6.62929725647, 7.14013624191, 7.53487539291, 9.94975090027]
    rubato_start: [6.71650362015]
    rubato_stop: [7.19016218185]
    perceptual_tempo: "unknown"

sfx:
    inharmonicity:
        dmean: 0.0636101663113
        dmean2: 0.109665721655
        dvar: 0.00436116987839
        dvar2: 0.0126327630132
        max: 0.382589131594
        mean: 0.0713268220425
        min: 0
        var: 0.00457900343463
    oddtoevenharmonicenergyratio:
        dmean: 7.12770175934
        dmean2: 13.6679782867
        dvar: 1977.71813965
        dvar2: 5905.91699219
        max: 625.289916992
        mean: 4.22668886185
        min: 0
        var: 1004.30975342
    pitch_after_max_to_before_max_energy_ratio: 22.8970336914
    pitch_centroid: 225.427886963
    pitch_max_to_total: 0.0231481473893
    pitch_min_to_total: 0.476851850748
    tristimulus:
        dmean: [0.179011404514, 0.27996969223, 0.149051740766]
        dmean2: [0.310007542372, 0.484723389149, 0.271029919386]
        dvar: [0.0228201616555, 0.0521828606725, 0.0180581305176]
        dvar2: [0.0681692138314, 0.16000328958, 0.0484329499304]
        max: [1, 0.985401809216, 0.602029561996]
        mean: [0.290568768978, 0.45682695508, 0.145055830479]
        min: [0.0111278835684, 0, 0]
        var: [0.0332955047488, 0.0725319236517, 0.0229468084872]

tonal:
    chords_changes_rate: 0.037037037313
    chords_number_rate: 0.0138888889924
    chords_strength:
        dmean: 0.00716309528798
        dmean2: 0.00669283606112
        dvar: 2.83522331301e-05
        dvar2: 2.62726189248e-05
        max: 0.766598582268
        mean: 0.506054461002
        min: 0.324580401182
        var: 0.0202295519412
    key_strength: 0.6228556633
    tuning_diatonic_strength: 0.499541282654
    tuning_equal_tempered_deviation: 0.0539207085967
    tuning_frequency: 440.763122559
    tuning_nontempered_energy_ratio: 0.657302260399
    hpcp:
        dmean: [0.164534300566, 0.149844065309, 0.0909861922264, 0.0693687722087, 0.0521888025105, 0.0588265322149, 0.0713384672999, 0.0559038594365, 0.094444654882, 0.128751963377, 0.112790726125, 0.0915773510933, 0.0664883777499, 0.0497941114008, 0.0946025326848, 0.142078086734, 0.155313163996, 0.143672257662, 0.140360832214, 0.133461400867, 0.152799353004, 0.198185876012, 0.174704030156, 0.154548451304, 0.109797686338, 0.0597036443651, 0.063650675118, 0.0718040168285, 0.070741891861, 0.114629819989, 0.13749063015, 0.11520254612, 0.0937520489097, 0.0706454217434, 0.0728906840086, 0.145570725203]
        dmean2: [0.264954864979, 0.250348627567, 0.146377116442, 0.109276175499, 0.0840701758862, 0.098314858973, 0.123959437013, 0.0903043225408, 0.147506698966, 0.211650639772, 0.191738337278, 0.156497523189, 0.104133322835, 0.0850589424372, 0.153449758887, 0.20837931335, 0.245273754001, 0.237563967705, 0.225302264094, 0.213883340359, 0.240010753274, 0.315511494875, 0.283951580524, 0.257946074009, 0.18216304481, 0.0978112444282, 0.109603472054, 0.123729780316, 0.116074547172, 0.193998038769, 0.229301095009, 0.188433751464, 0.159939005971, 0.11925585568, 0.117442004383, 0.241355076432]
        dvar: [0.0284542310983, 0.0235741939396, 0.0179038606584, 0.00820402894169, 0.00430989079177, 0.00847945641726, 0.0117882452905, 0.00376979331486, 0.0138682778925, 0.0304692462087, 0.0332725122571, 0.021064536646, 0.0102844424546, 0.00368405948393, 0.0141999833286, 0.0290119256824, 0.0314546860754, 0.0321608632803, 0.0312076527625, 0.0184482783079, 0.0187774263322, 0.0303708557039, 0.0304619837552, 0.0394938960671, 0.0210628062487, 0.00427347235382, 0.00543338479474, 0.00758977001533, 0.00590363657102, 0.0192373003811, 0.0308709759265, 0.0173499397933, 0.0230144970119, 0.0135394753888, 0.00518491398543, 0.0154934050515]
        dvar2: [0.0695151537657, 0.0588896013796, 0.0465386547148, 0.0199900027364, 0.0118544725701, 0.0232334211469, 0.0323026292026, 0.00960519723594, 0.0300763882697, 0.0611670166254, 0.0792664736509, 0.0494913905859, 0.0222403649241, 0.00932439602911, 0.0310888402164, 0.0550796613097, 0.0689958110452, 0.0713576152921, 0.0780232697725, 0.0488744266331, 0.0473780706525, 0.0734668672085, 0.0854598134756, 0.109230846167, 0.0502010770142, 0.011591755785, 0.0139594748616, 0.0195057075471, 0.0147979864851, 0.0527200475335, 0.074758656323, 0.0428593866527, 0.064477391541, 0.0387392938137, 0.0140543654561, 0.0443118922412]
        max: [1, 1, 1, 0.758168518543, 0.706832230091, 0.811325490475, 0.900887608528, 0.452671438456, 1, 1, 1, 1, 1, 0.585502147675, 1, 1, 1, 1, 1, 1, 1, 1, 1, 1, 1, 0.395748525858, 0.580499947071, 0.753160059452, 0.676544189453, 1, 1, 0.828487336636, 1, 0.806915640831, 0.80319416523, 1]
        mean: [0.515893518925, 0.344312250614, 0.142264649272, 0.115050934255, 0.0915543213487, 0.108674570918, 0.127667784691, 0.105571314692, 0.199796900153, 0.306929707527, 0.226762801409, 0.13680575788, 0.108674347401, 0.0847336947918, 0.187616348267, 0.320610076189, 0.286487936974, 0.263383328915, 0.291492402554, 0.247415810823, 0.337436318398, 0.46491920948, 0.357463270426, 0.237092912197, 0.171488150954, 0.0979665592313, 0.108472362161, 0.133162438869, 0.128493979573, 0.232627183199, 0.300855815411, 0.201665565372, 0.133444830775, 0.108352422714, 0.128795221448, 0.335386842489]
        min: [0.0318414568901, 0.0240517742932, 0.00959101412445, 0.0091958725825, 0.00792004633695, 0.00910655409098, 0.0105151943862, 0.0105210253969, 0.00846197735518, 0.00800996180624, 0.00912383664399, 0.0141523303464, 0.00724851246923, 0.0090894382447, 0.010361501947, 0.0117889549583, 0.00809459760785, 0.00438528275117, 0.00530018191785, 0.00933867972344, 0.0190499629825, 0.024916479364, 0.0171303842217, 0.00550674740225, 0.00706516113132, 0.00984459742904, 0.00710760476068, 0.00824358034879, 0.00939134322107, 0.00834212917835, 0.0163805354387, 0.0142224216834, 0.00891799665987, 0.00876510702074, 0.0153777170926, 0.0244212280959]
        var: [0.092576444149, 0.0517076477408, 0.0207560993731, 0.0128938099369, 0.00739036779851, 0.00998127087951, 0.0133130960166, 0.00592129305005, 0.0386928766966, 0.0883697420359, 0.0617962032557, 0.0241674892604, 0.016094321385, 0.00529361190274, 0.0368025042117, 0.100416250527, 0.0713079124689, 0.0790602862835, 0.0989683195949, 0.050834197551, 0.051088757813, 0.101296700537, 0.053477589041, 0.0697358325124, 0.0329772047698, 0.00651947502047, 0.00912859197706, 0.0170783083886, 0.01553093642, 0.0474185757339, 0.0776779651642, 0.0284287966788, 0.0203750692308, 0.0123754516244, 0.0104446308687, 0.0421404056251]
    chords_histogram: [82.407409668, 5.09259271622, 0, 0, 0, 0, 0, 0, 0, 0, 0, 0, 0, 0, 0, 0, 0, 0, 0.462962955236, 0, 0, 0, 12.0370368958, 0]
    thpcp: [1, 0.667409539223, 0.275763601065, 0.223012953997, 0.177467480302, 0.210653096437, 0.247469261289, 0.204637795687, 0.387283205986, 0.594947814941, 0.439553499222, 0.265182167292, 0.210652664304, 0.164246484637, 0.363672614098, 0.621465623379, 0.555323779583, 0.510538160801, 0.565024375916, 0.479586958885, 0.654081344604, 0.901192188263, 0.6929012537, 0.459577232599, 0.332409977913, 0.189896866679, 0.210261151195, 0.258120000362, 0.249070733786, 0.450920939445, 0.583174228668, 0.390905410051, 0.258667379618, 0.210028663278, 0.249654665589, 0.650108635426]
    chords_key: "A"
    chords_scale: "minor"
    key_key: "A"
    key_scale: "minor"
    chords_progression: ["Am", "Am", "Am", "Am", "Am", "Am", "Am", "Am", "Am", "Am", "Am", "Am", "Am", "Am", "Am", "Am", "Am", "Am", "Am", "Am", "Am", "Am", "Am", "Am", "Am", "Am", "Am", "Am", "Am", "Am", "Am", "Am", "Am", "Am", "Am", "Am", "Am", "Am", "Am", "Am", "Am", "Am", "Am", "Am", "Am", "Am", "Am", "Am", "Am", "Am", "Am", "Am", "Am", "Am", "Am", "Am", "Am", "Am", "Am", "Am", "Am", "Am", "Am", "Am", "Am", "Am", "Am", "Am", "Am", "Dm", "Dm", "Dm", "Dm", "Dm", "Dm", "Dm", "Dm", "Dm", "Dm", "Dm", "Dm", "Dm", "Dm", "Dm", "Dm", "Dm", "Dm", "Dm", "Dm", "Dm", "Dm", "Am", "Am", "Am", "Dm", "Dm", "Dm", "Dm", "Am", "Am", "Am", "Am", "Am", "Am", "Am", "Am", "Am", "Am", "Am", "Am", "Am", "Am", "Am", "Am", "Am", "Am", "Am", "Am", "Am", "Am", "Am", "Am", "Am", "Am", "Am", "Am", "Am", "Am", "Am", "Am", "Am", "Am", "Am", "Am", "Am", "Am", "Am", "Am", "Am", "Am", "Am", "Am", "Am", "Am", "Am", "Am", "Am", "Am", "Am", "Am", "Am", "Am", "Am", "Am", "Am", "Am", "Am", "Am", "Am", "Am", "Am", "Am", "Am", "Am", "Am", "Am", "Am", "Am", "Am", "Am", "Am", "Am", "Am", "Am", "Am", "Am", "Am", "Am", "Am", "Am", "Am", "Cm", "Am", "Am", "Am", "Am", "Am", "Am", "Am", "Am", "Am", "Am", "Am", "Am", "Am", "Am", "Am", "Am", "Am", "Am", "Am", "Am", "C", "C", "C", "C", "C", "C", "C", "C", "C", "C", "C", "Am", "Am", "Am"]
