
metadata:
    version:
        essentia: "1.2.2"
    audio_properties:
        analysis_sample_rate: 44100
        bitrate: 128
        channels: 2
        equal_loudness: 1
        length: 10.0310201645
        replay_gain: 7.05746650696
        downmix: "mix"
    tags:
        track: 13
        year: 0
        album: "Splitted by Mp3Splt v. 2.1"
        artist: "From 002.00 To 002.10"
        comment: "http://mp3splt.sf.net"
        genre: ""
        title: "11 Angus Dei.mp3"

highlevel:
    ballroom:
        all:
            ChaChaCha: 0.00218560593203
            Jive: 0.00147090759128
            Quickstep: 0.000942003913224
            Rumba-American: 0.01194162108
            Rumba-International: 0.614370286465
            Rumba-Misc: 0.218216776848
            Samba: 0.00119083293248
            Tango: 0.00128191825934
            VienneseWaltz: 0.0309903454036
            Waltz: 0.117409683764
        probability: 0.614370286465
        value: "Rumba-International"
    culture:
        all:
            non_western: 0.862344682217
            western: 0.137655332685
        probability: 0.862344682217
        value: "non_western"
    gender:
        all:
            female: 0.728376090527
            male: 0.271623879671
        probability: 0.728376090527
        value: "female"
    genre_dortmund:
        all:
            alternative: 0.0186329353601
            blues: 0.000162860596902
            electronic: 0.953077018261
            folkcountry: 0.00351852015592
            funksoulrnb: 0.000269374693744
            jazz: 0.0102604702115
            pop: 0.00450087338686
            raphiphop: 6.74851035001e-05
            rock: 0.0095104649663
        probability: 0.953077018261
        value: "electronic"
    genre_electronica:
        all:
            ambient: 0.997821927071
            dnb: 0.000300423736917
            house: 0.000112828274723
            techno: 0.00119371456094
            trance: 0.000571124255657
        probability: 0.997821927071
        value: "ambient"
    genre_rosamerica:
        all:
            cla: 0.173276722431
            dan: 0.0338441692293
            hip: 0.020582601428
            jaz: 0.553657591343
            pop: 0.0192978214473
            rhy: 0.0910732150078
            roc: 0.0992723554373
            spe: 0.0089954873547
        probability: 0.553657591343
        value: "jaz"
    genre_tzanetakis:
        all:
            blu: 0.198243349791
            cla: 0.384607851505
            cou: 0.0299302600324
            dis: 0.0303138587624
            hip: 0.0405320189893
            jaz: 0.0929751396179
            met: 0.0329012051225
            pop: 0.0447960048914
            reg: 0.0953087359667
            roc: 0.0503915697336
        probability: 0.384607851505
        value: "cla"
    live_studio:
        all:
            live: 0.378509879112
            studio: 0.621490120888
        probability: 0.621490120888
        value: "studio"
    mood:
        all:
            Cluster1: 0.0290656462312
            Cluster2: 0.00443846452981
            Cluster3: 0.654446661472
            Cluster4: 0.0265719648451
            Cluster5: 0.285477280617
        probability: 0.654446661472
        value: "Cluster3"
    mood_acoustic:
        all:
            acoustic: 0.316329747438
            not_acoustic: 0.683670222759
        probability: 0.683670222759
        value: "not_acoustic"
    mood_aggressive:
        all:
            aggressive: 0.1002144292
            not_aggressive: 0.899785578251
        probability: 0.899785578251
        value: "not_aggressive"
    mood_electronic:
        all:
            electronic: 0.878340065479
            not_electronic: 0.121659934521
        probability: 0.878340065479
        value: "electronic"
    mood_happy:
        all:
            happy: 0.0599079094827
            not_happy: 0.940092086792
        probability: 0.940092086792
        value: "not_happy"
    mood_party:
        all:
            not_party: 0.988799154758
            party: 0.011200866662
        probability: 0.988799154758
        value: "not_party"
    mood_relaxed:
        all:
            not_relaxed: 0.170563414693
            relaxed: 0.829436600208
        probability: 0.829436600208
        value: "relaxed"
    mood_sad:
        all:
            not_sad: 0.105819433928
            sad: 0.89418053627
        probability: 0.89418053627
        value: "sad"
    rhythm:
        all:
            fast: 0.0660702735186
            medium: 0.782917261124
            slow: 0.15101249516
        probability: 0.782917261124
        value: "medium"
    speech_music:
        all:
            music: 0.999566435814
            speech: 0.000433556415373
        probability: 0.999566435814
        value: "music"
    timbre:
        all:
            bright: 0.144262373447
            dark: 0.855737626553
        probability: 0.855737626553
        value: "dark"
    voice_instrumental:
        all:
            instrumental: 0.996518790722
            voice: 0.00348123093136
        probability: 0.996518790722
        value: "instrumental"

lowlevel:
    average_loudness: 0.969793915749
    barkbands_kurtosis:
        dmean: 7.43349409103
        dmean2: 13.0991163254
        dvar: 72.0912704468
        dvar2: 213.472442627
        max: 81.526550293
        mean: 14.6769304276
        min: -0.04842710495
        var: 114.343063354
    barkbands_skewness:
        dmean: 0.714624106884
        dmean2: 1.29936099052
        dvar: 0.302703529596
        dvar2: 0.967091143131
        max: 4.19678354263
        mean: 0.758744001389
        min: -1.31904900074
        var: 0.674692511559
    barkbands_spread:
        dmean: 0.248174220324
        dmean2: 0.421047270298
        dvar: 0.0800147801638
        dvar2: 0.174239262938
        max: 3.60711693764
        mean: 0.631603479385
        min: 0.212234288454
        var: 0.143695041537
    dissonance:
        dmean: 0.0942504629493
        dmean2: 0.166691705585
        dvar: 0.00602713506669
        dvar2: 0.0166662149131
        max: 0.496002495289
        mean: 0.266765117645
        min: 0.113201230764
        var: 0.00706484774128
    hfc:
        dmean: 0.459859013557
        dmean2: 0.838027119637
        dvar: 0.198591142893
        dvar2: 0.667192876339
        max: 3.12061691284
        mean: 0.820183813572
        min: 0.0632757321
        var: 0.295463949442
    pitch:
        dmean: 37.1522293091
        dmean2: 64.0977783203
        dvar: 1674.02099609
        dvar2: 4527.22460938
        max: 286.363647461
        mean: 158.149139404
        min: 43.06640625
        var: 1633.23779297
    pitch_instantaneous_confidence:
        dmean: 0.106717035174
        dmean2: 0.182231232524
        dvar: 0.00746281817555
        dvar2: 0.0204273145646
        max: 0.825838565826
        mean: 0.580170512199
        min: 0.230616390705
        var: 0.0150025775656
    pitch_salience:
        dmean: 0.112880706787
        dmean2: 0.196502193809
        dvar: 0.00718048168346
        dvar2: 0.0213164165616
        max: 0.798637747765
        mean: 0.447072297335
        min: 0.161141961813
        var: 0.0140251377597
    silence_rate_20dB:
        dmean: 0
        dmean2: 0
        dvar: 0
        dvar2: 0
        max: 1
        mean: 1
        min: 1
        var: 0
    silence_rate_30dB:
        dmean: 0
        dmean2: 0
        dvar: 0
        dvar2: 0
        max: 1
        mean: 1
        min: 1
        var: 0
    silence_rate_60dB:
        dmean: 0.176334112883
        dmean2: 0.353488385677
        dvar: 0.145240217447
        dvar2: 0.32620882988
        max: 1
        mean: 0.32175925374
        min: 0
        var: 0.218231469393
    spectral_centroid:
        dmean: 15.0149478912
        dmean2: 26.9106369019
        dvar: 169.635360718
        dvar2: 488.291534424
        max: 250.739227295
        mean: 184.303924561
        min: 130.760559082
        var: 386.850830078
    spectral_complexity:
        dmean: 0.622377634048
        dmean2: 1.17056071758
        dvar: 0.435489654541
        dvar2: 1.07604753971
        max: 5
        mean: 2.74883723259
        min: 1
        var: 0.471800625324
    spectral_crest:
        dmean: 3.53233194351
        dmean2: 6.10347986221
        dvar: 7.52025842667
        dvar2: 20.6796531677
        max: 23.4212932587
        mean: 16.164888382
        min: 7.38725090027
        var: 12.21763134
    spectral_decrease:
        dmean: 6.87659207355e-10
        dmean2: 1.24871046836e-09
        dvar: 4.52011346465e-19
        dvar2: 1.5014944222e-18
        max: -7.19532766702e-11
        mean: -1.17799736632e-09
        min: -4.73537609125e-09
        var: 6.32118292621e-19
    spectral_energy:
        dmean: 0.00263688806444
        dmean2: 0.00478879269212
        dvar: 6.64478739054e-06
        dvar2: 2.20749971049e-05
        max: 0.0181554220617
        mean: 0.00452041905373
        min: 0.00027730781585
        var: 9.30044461711e-06
    spectral_energyband_high:
        dmean: 1.4623402933e-08
        dmean2: 2.46357849676e-08
        dvar: 1.05209697681e-15
        dvar2: 1.29190936835e-15
        max: 6.97397979366e-07
        mean: 7.35603720159e-08
        min: 2.72034874627e-08
        var: 1.46510145392e-15
    spectral_energyband_low:
        dmean: 0.000105656028609
        dmean2: 0.00017998884141
        dvar: 7.02133391428e-08
        dvar2: 1.81747978445e-07
        max: 0.00457274680957
        mean: 0.000331273913616
        min: 7.16460499461e-06
        var: 1.35875794172e-07
    spectral_energyband_middle_high:
        dmean: 4.62802596246e-08
        dmean2: 7.50166861962e-08
        dvar: 2.0007119808e-14
        dvar2: 2.08332361236e-14
        max: 3.14088424602e-06
        mean: 2.43398403654e-07
        min: 1.16918087656e-07
        var: 2.41638086358e-14
    spectral_energyband_middle_low:
        dmean: 0.00259407260455
        dmean2: 0.00470505934209
        dvar: 6.49875573799e-06
        dvar2: 2.17978067667e-05
        max: 0.0176708456129
        mean: 0.00418871687725
        min: 0.00020917627262
        var: 9.18389014259e-06
    spectral_flatness_db:
        dmean: 0.0414228588343
        dmean2: 0.0733831599355
        dvar: 0.00117076013703
        dvar2: 0.00328352651559
        max: 0.644813001156
        mean: 0.526778578758
        min: 0.194583803415
        var: 0.00262705632485
    spectral_flux:
        dmean: 0.0125287920237
        dmean2: 0.0202222112566
        dvar: 0.000110672241135
        dvar2: 0.000308865128318
        max: 0.103123635054
        mean: 0.0324380993843
        min: 0.00346000539139
        var: 0.000272410077741
    spectral_kurtosis:
        dmean: 26.1723804474
        dmean2: 46.221206665
        dvar: 505.162109375
        dvar2: 1569.85510254
        max: 211.166473389
        mean: 91.0349731445
        min: 4.34593677521
        var: 1208.28857422
    spectral_rms:
        dmean: 0.000605153036304
        dmean2: 0.00108763528988
        dvar: 2.5561874395e-07
        dvar2: 8.22549338864e-07
        max: 0.00420863507316
        mean: 0.00198492081836
        min: 0.000520138652064
        var: 4.70252302875e-07
    spectral_rolloff:
        dmean: 37.8462371826
        dmean2: 70.7375793457
        dvar: 1252.46325684
        dvar2: 3351.08129883
        max: 301.46484375
        mean: 227.199752808
        min: 150.732421875
        var: 1827.0814209
    spectral_skewness:
        dmean: 1.17670595646
        dmean2: 2.06399488449
        dvar: 0.88474804163
        dvar2: 2.6789662838
        max: 12.7672586441
        mean: 8.29816246033
        min: 2.27235627174
        var: 2.54576706886
    spectral_spread:
        dmean: 456568.03125
        dmean2: 775747.8125
        dvar: 1.21383590298e+12
        dvar2: 1.48068905779e+12
        max: 23825854
        mean: 1419482.5
        min: 502618.125
        var: 1.38714087424e+12
    spectral_strongpeak:
        dmean: 0.111023932695
        dmean2: 0.186366826296
        dvar: 0.00758213037625
        dvar2: 0.0217707008123
        max: 0.820561110973
        mean: 0.319918960333
        min: 0.0215980969369
        var: 0.018731513992
    zerocrossingrate:
        dmean: 0.000623725238256
        dmean2: 0.000911534414627
        dvar: 4.24590211878e-07
        dvar2: 6.94874472629e-07
        max: 0.0126953125
        mean: 0.00834393128753
        min: 0.00439453125
        var: 9.65118829299e-07
    barkbands:
        dmean: [1.57770318765e-06, 4.0370705392e-05, 8.40578359202e-05, 0.00203974731266, 0.00093981664395, 6.59105862724e-05, 2.68276812676e-06, 1.16811827411e-06, 1.15002642076e-07, 2.75441696118e-08, 1.10867297565e-08, 7.75068365044e-09, 5.67464342183e-09, 5.4832565155e-09, 5.63342839044e-09, 6.64546639939e-09, 9.67548530184e-09, 1.30483623906e-08, 1.60629980428e-08, 1.35148132685e-08, 8.45865688603e-09, 3.26647087157e-09, 1.00749952825e-09, 6.70306588013e-10, 6.94430679626e-10, 3.11208309123e-10, 2.97227520374e-10]
        dmean2: [2.76319633485e-06, 6.82800382492e-05, 0.000148639883264, 0.0035756630823, 0.00182320887689, 0.000107988431409, 4.801679097e-06, 2.12784811993e-06, 2.00091548663e-07, 4.6721972069e-08, 1.88283628688e-08, 1.22720678064e-08, 9.30193788662e-09, 9.0373903916e-09, 9.20080545086e-09, 1.12918430162e-08, 1.66413709479e-08, 2.21812417323e-08, 2.74518558996e-08, 2.27488765603e-08, 1.48651269072e-08, 5.54336487824e-09, 1.61334434701e-09, 1.01210884118e-09, 1.05438979769e-09, 4.13544337663e-10, 3.85436793593e-10]
        dvar: [7.8338023568e-11, 1.15089280328e-08, 7.14352168529e-08, 3.97209760195e-06, 7.46098919535e-07, 4.69789407376e-09, 6.261294868e-12, 2.11432650901e-12, 1.26525089098e-14, 1.1283977047e-15, 4.15605424128e-16, 4.41753569438e-16, 3.01532903083e-16, 1.94308802235e-16, 1.97528930333e-16, 1.89757482451e-16, 1.50400387724e-16, 1.63330385369e-16, 2.04536844187e-16, 1.52691691256e-16, 7.3469870987e-17, 3.11159372971e-17, 1.56644946222e-17, 1.46084629127e-17, 1.45709089129e-17, 1.34363835534e-17, 1.55131553117e-17]
        dvar2: [2.46172943141e-10, 2.69219739835e-08, 2.11340520195e-07, 1.2889199752e-05, 2.75841830444e-06, 1.23926522377e-08, 1.98398832085e-11, 7.24881526332e-12, 3.7947103142e-14, 2.01146819809e-15, 5.94179901153e-16, 4.72714688303e-16, 3.15832010372e-16, 2.25380485369e-16, 2.33970167078e-16, 2.43934133274e-16, 2.72841858986e-16, 4.20882915845e-16, 5.50710593816e-16, 4.17217989571e-16, 1.88693039969e-16, 4.29446928485e-17, 1.62696136362e-17, 1.49483001412e-17, 1.47111590401e-17, 1.34901246507e-17, 1.5552438119e-17]
        max: [0.000139613301144, 0.00170420436189, 0.00416151247919, 0.0138265173882, 0.00496799033135, 0.000758325797506, 2.40030931309e-05, 1.73848766281e-05, 8.69148777838e-07, 5.78527874495e-07, 4.00119688493e-07, 4.4451684289e-07, 3.66072185898e-07, 2.89806393994e-07, 2.87043803837e-07, 2.79355703015e-07, 2.07475082448e-07, 1.74178353518e-07, 1.58481853418e-07, 1.44500333477e-07, 1.04604936269e-07, 1.13224658094e-07, 8.47013268412e-08, 8.09126916579e-08, 8.13082650097e-08, 7.62227401196e-08, 8.17484391291e-08]
        mean: [1.91822368834e-06, 0.000115774899314, 0.000213700855966, 0.00272604753263, 0.00127081759274, 0.000184115197044, 5.35743492946e-06, 2.15239424506e-06, 2.1532611072e-07, 4.71067167496e-08, 1.91747702161e-08, 1.49161323293e-08, 1.09002336046e-08, 1.13196856333e-08, 1.17305454239e-08, 1.47293937047e-08, 2.33168790942e-08, 3.34919434408e-08, 4.51456401152e-08, 4.5005318583e-08, 2.91527229024e-08, 1.22422569859e-08, 3.76939546243e-09, 2.66596078546e-09, 2.80897727301e-09, 4.98964036755e-10, 2.73645744953e-10]
        min: [1.56159061376e-11, 7.4564161423e-07, 6.14650616626e-06, 4.79138725495e-05, 6.6239379521e-05, 4.37466314906e-06, 4.14255566739e-07, 8.67866063459e-08, 1.74355569982e-08, 6.04020611306e-09, 2.8449012035e-09, 3.49952400391e-09, 1.30626687245e-09, 2.20598517231e-09, 2.0110868526e-09, 2.06554151561e-09, 4.35221103601e-09, 5.70211300399e-09, 1.08575664015e-08, 1.20742180698e-08, 8.72902994331e-09, 4.35993374737e-09, 1.149735529e-09, 1.06011310841e-09, 1.12793785423e-09, 8.60990792551e-11, 5.01105436985e-14]
        var: [1.34927222173e-10, 3.47137181222e-08, 6.14153208289e-08, 5.34746686753e-06, 1.07558651052e-06, 1.74660321761e-08, 1.40659697431e-11, 6.10147349311e-12, 1.92908060674e-14, 1.45403613314e-15, 4.53636435836e-16, 4.77367493221e-16, 3.17303200723e-16, 2.04402854163e-16, 2.0889913004e-16, 2.11790569649e-16, 2.40161316178e-16, 3.18250051209e-16, 4.63766896946e-16, 3.80227187262e-16, 1.40795312035e-16, 4.45087127158e-17, 1.67338406309e-17, 1.49391829565e-17, 1.49594257204e-17, 1.33889770054e-17, 1.54864638477e-17]
    mfcc:
        mean: [-1048.20227051, 211.20614624, 83.0040130615, 102.422538757, 16.3748970032, -2.9511590004, -6.05464363098, -19.0977115631, -14.1502065659, -17.3984088898, -11.6368675232, -13.6538524628, -12.1300954819]
        cov: [[198.475585938, -23.0059814453, -8.29450035095, 26.8086395264, 35.9172554016, 16.9233989716, 10.6291074753, 29.1590538025, 28.6646747589, 33.8678779602, 35.6751747131, 35.9346542358, 28.5279979706], [-23.0059814453, 108.787452698, 52.6802787781, 1.95131921768, -9.95804977417, -12.5256204605, -16.3082141876, -22.4204711914, -19.1414222717, -20.7446537018, -21.0734920502, -23.8035831451, -23.5317821503], [-8.29450035095, 52.6802787781, 48.7235908508, 20.0028953552, 5.73413419724, 1.25591766834, -2.89192557335, -7.14779663086, -4.42307901382, -3.50343847275, -4.23921918869, -8.02312374115, -7.38919830322], [26.8086395264, 1.95131921768, 20.0028953552, 64.5321731567, 39.997379303, 23.1380214691, 19.9552116394, 19.6095981598, 21.1823215485, 21.9452056885, 21.9527339935, 18.8696956635, 17.157081604], [35.9172554016, -9.95804977417, 5.73413419724, 39.997379303, 54.9471626282, 33.5373573303, 22.3428535461, 25.8565940857, 25.6822071075, 24.9869976044, 23.93866539, 19.9241199493, 18.1916275024], [16.9233989716, -12.5256204605, 1.25591766834, 23.1380214691, 33.5373573303, 43.7303466797, 30.1660404205, 23.773059845, 22.6168251038, 21.0365123749, 19.8710899353, 18.4548473358, 16.6055431366], [10.6291074753, -16.3082141876, -2.89192557335, 19.9552116394, 22.3428535461, 30.1660404205, 42.5460777283, 31.9081878662, 23.0027198792, 20.6905612946, 18.6577301025, 19.4788913727, 17.4975795746], [29.1590538025, -22.4204711914, -7.14779663086, 19.6095981598, 25.8565940857, 23.773059845, 31.9081878662, 48.0548591614, 32.7610664368, 24.0958461761, 22.8589630127, 22.1324119568, 19.7883892059], [28.6646747589, -19.1414222717, -4.42307901382, 21.1823215485, 25.6822071075, 22.6168251038, 23.0027198792, 32.7610664368, 43.2047996521, 31.7762470245, 23.3117790222, 23.9122066498, 20.1886329651], [33.8678779602, -20.7446537018, -3.50343847275, 21.9452056885, 24.9869976044, 21.0365123749, 20.6905612946, 24.0958461761, 31.7762470245, 44.5665512085, 32.3864822388, 25.9868221283, 22.349937439], [35.6751747131, -21.0734920502, -4.23921918869, 21.9527339935, 23.93866539, 19.8710899353, 18.6577301025, 22.8589630127, 23.3117790222, 32.3864822388, 47.3960189819, 34.8170089722, 23.875957489], [35.9346542358, -23.8035831451, -8.02312374115, 18.8696956635, 19.9241199493, 18.4548473358, 19.4788913727, 22.1324119568, 23.9122066498, 25.9868221283, 34.8170089722, 44.5475120544, 28.658782959], [28.5279979706, -23.5317821503, -7.38919830322, 17.157081604, 18.1916275024, 16.6055431366, 17.4975795746, 19.7883892059, 20.1886329651, 22.349937439, 23.875957489, 28.658782959, 36.1084747314]]
        icov: [[0.00678837765008, -0.000577678554691, 0.00120258145034, -0.00015921476006, -0.00316508230753, 0.000917528930586, 0.00424476480111, -0.00343092810363, 0.00133743707556, -0.00260155368596, -7.09486412234e-05, -0.00306827481836, -0.00107739155646], [-0.000577678554691, 0.0243173353374, -0.0270702410489, 0.00494078733027, -0.00124193029478, 0.00223185634241, -0.000969892542344, 0.00238317763433, -0.0013332455419, 0.00365211744793, 0.00132375722751, -0.000343788124155, 0.00506238080561], [0.00120258145034, -0.0270702410489, 0.0586777999997, -0.019820228219, 0.00413000676781, -0.00564921833575, 0.00278191152029, 0.0014178135898, 0.00197449838743, -0.00348871503957, -0.00199908576906, 0.00474207522348, -0.000160548370332], [-0.00015921476006, 0.00494078733027, -0.019820228219, 0.0382084622979, -0.0243465993553, 0.00957068335265, -0.00920733250678, 0.00403381278738, -0.00321679143235, 0.000578839273658, -0.00233567273244, -0.00228100758977, -0.00395446131006], [-0.00316508230753, -0.00124193029478, 0.00413000676781, -0.0243465993553, 0.059288404882, -0.0346213057637, 0.0153857460245, -0.0111405365169, -0.00142242701259, -0.00334780779667, -0.00313529511914, 0.00477245915681, -4.0956230805e-05], [0.000917528930586, 0.00223185634241, -0.00564921833575, 0.00957068335265, -0.0346213057637, 0.0716408714652, -0.0410130135715, 0.0140726845711, -0.00992644298822, 0.00340953795239, -0.00440574018285, 0.00035542488331, -0.00224504852667], [0.00424476480111, -0.000969892542344, 0.00278191152029, -0.00920733250678, 0.0153857460245, -0.0410130135715, 0.077902071178, -0.040813356638, 0.013156815432, -0.0114736100659, 0.00798323471099, -0.0084483390674, -0.00214293738827], [-0.00343092810363, 0.00238317763433, 0.0014178135898, 0.00403381278738, -0.0111405365169, 0.0140726845711, -0.040813356638, 0.0711367279291, -0.0393843054771, 0.0160829890519, -0.0121860625222, 0.00775177730247, -0.00345850805752], [0.00133743707556, -0.0013332455419, 0.00197449838743, -0.00321679143235, -0.00142242701259, -0.00992644298822, 0.013156815432, -0.0393843054771, 0.0816782191396, -0.0423576012254, 0.0186815150082, -0.0162896569818, 0.00162353331689], [-0.00260155368596, 0.00365211744793, -0.00348871503957, 0.000578839273658, -0.00334780779667, 0.00340953795239, -0.0114736100659, 0.0160829890519, -0.0423576012254, 0.0758147090673, -0.0354039445519, 0.0125904642045, -0.00951575674117], [-7.09486412234e-05, 0.00132375722751, -0.00199908576906, -0.00233567273244, -0.00313529511914, -0.00440574018285, 0.00798323471099, -0.0121860625222, 0.0186815150082, -0.0354039445519, 0.0717952549458, -0.0414989069104, 0.00496771465987], [-0.00306827481836, -0.000343788124155, 0.00474207522348, -0.00228100758977, 0.00477245915681, 0.00035542488331, -0.0084483390674, 0.00775177730247, -0.0162896569818, 0.0125904642045, -0.0414989069104, 0.0786060318351, -0.0321013405919], [-0.00107739155646, 0.00506238080561, -0.000160548370332, -0.00395446131006, -4.0956230805e-05, -0.00224504852667, -0.00214293738827, -0.00345850805752, 0.00162353331689, -0.00951575674117, 0.00496771465987, -0.0321013405919, 0.0648534521461]]
    spectral_contrast:
        mean: [3.75024114874e-07, 4.16600073549e-07, -9.90494015696e-08, -2.22486463031e-07, -1.67707369769e-07, 4.97872065353e-07, -1.13969622362e-06, 1.21538027997e-06, -3.88795569961e-06, -3.74816181647e-07, 4.1529190753e-07, -8.0119730228e-07]
        var: [3.30037946696e-05, 6.86837083776e-05, 8.70839357958e-05, 0.000402438716264, 0.00179802149069, 0.00381674570963, 0.0101547846571, 0.0270329229534, 0.0523314140737, 0.086807154119, 0.116955250502, 0.297623544931]

rhythm:
    beats_loudness:
        dmean: 0.0018865262391
        dmean2: 0.00332912104204
        dvar: 4.48268792752e-06
        dvar2: 1.26201775856e-05
        max: 0.00797171797603
        mean: 0.0037772487849
        min: 0.000454227643786
        var: 4.28335488323e-06
    beats_loudness_bass:
        dmean: 0.134261578321
        dmean2: 0.21567876637
        dvar: 0.00901128258556
        dvar2: 0.041504111141
        max: 0.649249076843
        mean: 0.455006569624
        min: 0.219903945923
        var: 0.015531190671
    bpm: 99.490737915
    bpm_confidence: 0
    first_peak_bpm: 109
    first_peak_spread: 0
    first_peak_weight: 0.625
    onset_rate: 5.18391942978
    second_peak_bpm: 99
    second_peak_spread: 0
    second_peak_weight: 0.3125
    beats_position: [0.338246613741, 0.886193037033, 1.43413949013, 1.98208582401, 2.5300321579, 3.07797861099, 3.62592506409, 4.17387151718, 4.72181797028, 5.26976442337, 5.81771087646, 6.60545921326, 7.20853042603, 7.81160211563, 8.41467285156, 9.01774501801, 9.62081623077]
    bpm_estimates: [99.4413299561, 99.540145874]
    bpm_intervals: [0.547946453094, 0.547946453094, 0.547946333885, 0.547946333885, 0.547946453094, 0.547946453094, 0.547946453094, 0.547946453094, 0.547946453094, 0.547946453094, 0.787748336792, 0.603071212769, 0.603071689606, 0.603070735931, 0.603072166443, 0.603071212769]
    onset_times: [0.0580498874187, 0.139319732785, 0.487619042397, 0.592108845711, 0.801088452339, 0.893968224525, 0.940408170223, 1.20743763447, 1.33514738083, 1.59056687355, 1.66022670269, 1.78793644905, 1.91564631462, 2.02013611794, 2.14784574509, 2.51936507225, 2.64707493782, 2.77478456497, 2.9837641716, 3.01859402657, 3.11147403717, 3.23918366432, 3.36689352989, 3.52943301201, 3.63392281532, 3.80807256699, 3.95900225639, 3.99383211136, 4.2492518425, 4.40018129349, 4.53950119019, 4.65560102463, 4.96907043457, 5.10838985443, 5.54956912994, 6.35065746307, 6.43192720413, 6.66412687302, 7.11691617966, 7.16335582733, 7.52326536179, 7.83673477173, 7.97605419159, 8.47528362274, 8.82358264923, 9.05578231812, 9.0906124115, 9.21832180023, 9.45052146912, 9.7639913559, 9.91492080688, 10.0310201645]
    rubato_start: [7.20853042603]
    rubato_stop: [9.62081623077]
    perceptual_tempo: "unknown"

sfx:
    inharmonicity:
        dmean: 0.00897886231542
        dmean2: 0.017380585894
        dvar: 0.00113878585398
        dvar2: 0.0032884280663
        max: 0.269192099571
        mean: 0.00480197696015
        min: 1.61673607835e-08
        var: 0.000640716403723
    oddtoevenharmonicenergyratio:
        dmean: 1583.64819336
        dmean2: 3174.65356445
        dvar: 116089976
        dvar2: 346669696
        max: 112276.0625
        mean: 790.004455566
        min: 8.68657892283e-08
        var: 58537328
    pitch_after_max_to_before_max_energy_ratio: 3.38443589211
    pitch_centroid: 213.980743408
    pitch_max_to_total: 0.225581392646
    pitch_min_to_total: 0.00465116277337
    tristimulus:
        dmean: [0.151124298573, 0.149629548192, 0.00365566438995]
        dmean2: [0.294946402311, 0.291566580534, 0.00683424063027]
        dvar: [0.0875539854169, 0.0872872769833, 0.000188638281543]
        dvar2: [0.250799834728, 0.25172612071, 0.000560589542147]
        max: [0.999383270741, 0.997370660305, 0.19621579349]
        mean: [0.912487268448, 0.0847206115723, 0.00244220113382]
        min: [0.0010683623841, 0, 0]
        var: [0.0535959899426, 0.0528856664896, 9.98628675006e-05]

tonal:
    chords_changes_rate: 0.037037037313
    chords_number_rate: 0.0185185186565
    chords_strength:
        dmean: 0.00817523524165
        dmean2: 0.00890674069524
        dvar: 5.55584156245e-05
        dvar2: 7.12858090992e-05
        max: 0.620494127274
        mean: 0.474424600601
        min: 0.258792102337
        var: 0.0107029220089
    key_strength: 0.511860311031
    tuning_diatonic_strength: 0.583934664726
    tuning_equal_tempered_deviation: 0.166418105364
    tuning_frequency: 431.692352295
    tuning_nontempered_energy_ratio: 0.797379851341
    hpcp:
        dmean: [0.00187004392501, 0.00764123583212, 0.0146522987634, 0.00936046428978, 0.00186282058712, 0.00104789191391, 0.000963939877693, 0.00290223280899, 0.0135144023225, 0.0477863252163, 0.0708546191454, 0.0665957778692, 0.0238059982657, 0.00299453129992, 0.00718296226114, 0.0609287619591, 0.108237959445, 0.102212056518, 0.13557253778, 0.132799968123, 0.13040342927, 0.187997028232, 0.240054696798, 0.333890765905, 0.29533547163, 0.304864764214, 0.139012619853, 0.0163401830941, 0.0207023657858, 0.0790371224284, 0.158962801099, 0.179873034358, 0.092713907361, 0.0122968554497, 0.00164843653329, 0.00147776550148]
        dmean2: [0.00343120354228, 0.0139118479565, 0.0273976065218, 0.0177588853985, 0.00346543476917, 0.00193247885909, 0.00173600472044, 0.00556219508871, 0.0267157573253, 0.0883906632662, 0.116585806012, 0.114319592714, 0.0430458113551, 0.00498009519652, 0.011661243625, 0.0998822078109, 0.176276162267, 0.179481863976, 0.247478857636, 0.248708024621, 0.239720314741, 0.340689390898, 0.442479759455, 0.579719901085, 0.530096888542, 0.530104339123, 0.262769818306, 0.03263739869, 0.0381124503911, 0.144282177091, 0.277138739824, 0.311639487743, 0.154629275203, 0.0173881109804, 0.00237071840093, 0.00290819443762]
        dvar: [6.4666630351e-05, 0.00168194144499, 0.00979915354401, 0.00366047094576, 1.75749755726e-05, 7.2384723353e-06, 4.2778488023e-06, 0.000240629728069, 0.00856536999345, 0.0110727902502, 0.00739569962025, 0.00652713840827, 0.00176511623431, 6.59316938254e-05, 0.000357464334229, 0.00867896154523, 0.0229991395026, 0.0202893931419, 0.0669130533934, 0.0730195045471, 0.0554369986057, 0.101986408234, 0.0931034088135, 0.106223672628, 0.114830173552, 0.108823478222, 0.0591713599861, 0.00575110781938, 0.00395808788016, 0.0328107364476, 0.0471193902194, 0.0461505055428, 0.0240480732173, 0.00544029427692, 0.000128231244162, 7.71505801822e-05]
        dvar2: [0.000169152248418, 0.00469627045095, 0.0281639080495, 0.010674954392, 5.35261606274e-05, 2.11403639696e-05, 1.31470542328e-05, 0.0007273015799, 0.0256424099207, 0.0326479449868, 0.0192564539611, 0.0167603567243, 0.00488088559359, 0.000109754815639, 0.000556781131309, 0.0232695247978, 0.0629936009645, 0.0539034232497, 0.1831715554, 0.189481079578, 0.151676818728, 0.262459486723, 0.230411440134, 0.27208802104, 0.297192931175, 0.269993215799, 0.161967203021, 0.0170737300068, 0.00717680761591, 0.0710225179791, 0.115747600794, 0.101513646543, 0.0521282181144, 0.00797175895423, 0.000151328800712, 0.000230953650316]
        max: [0.0825874060392, 0.395625054836, 1, 0.616607904434, 0.0241292081773, 0.018505839631, 0.012934233062, 0.157318234444, 0.968286156654, 1, 0.787334561348, 0.463911384344, 0.330328643322, 0.0854236632586, 0.222750350833, 0.643532574177, 1, 0.706076443195, 1, 1, 1, 1, 1, 1, 1, 1, 1, 0.715209841728, 0.585860729218, 1, 1, 1, 1, 0.909027576447, 0.157166302204, 0.0892793834209]
        mean: [0.00144606106915, 0.00474090641364, 0.00852637179196, 0.00539871677756, 0.00113933254033, 0.000669452536386, 0.000777636363637, 0.00179778889287, 0.00733470264822, 0.0460155978799, 0.0909086987376, 0.0655041113496, 0.0161772686988, 0.00212915730663, 0.00550187006593, 0.0917247459292, 0.162074431777, 0.102689981461, 0.0932883396745, 0.137798860669, 0.141680464149, 0.158771649003, 0.202602550387, 0.369013398886, 0.511689782143, 0.333645820618, 0.084499605, 0.00830401945859, 0.0164548195899, 0.0737770646811, 0.203094094992, 0.24752600491, 0.111150771379, 0.00931170489639, 0.00130674114916, 0.000834278645925]
        min: [1.5527987216e-06, 1.04201785689e-06, 1.3596950339e-06, 1.31486160626e-06, 1.5163345779e-06, 1.45532442275e-06, 2.40165149989e-06, 1.72952138655e-06, 1.4692931245e-06, 1.71695410245e-06, 6.70284225635e-06, 5.97834696237e-06, 1.75626144028e-06, 1.13184012207e-06, 1.63620222793e-06, 9.85069254966e-06, 6.64457766106e-05, 3.2748470403e-05, 1.46319291616e-06, 1.05217509372e-06, 1.06552192847e-06, 8.65451454501e-07, 1.14888314329e-06, 1.42537862757e-06, 2.62731236944e-06, 8.65133131356e-07, 7.19903368918e-07, 9.86505483525e-07, 1.25403676066e-06, 1.19233936857e-06, 2.49232944043e-05, 0.00125634064898, 2.37047370319e-05, 1.16741603051e-06, 1.11852580176e-06, 1.56689327468e-06]
        var: [5.34055834578e-05, 0.00094799650833, 0.00523455627263, 0.00191823404748, 1.12253137559e-05, 4.72085412184e-06, 2.83697568193e-06, 0.000122661294881, 0.00432635005563, 0.00824602693319, 0.0146650653332, 0.00757217779756, 0.00136302853934, 6.48263521725e-05, 0.00035100261448, 0.0115559920669, 0.0331569947302, 0.0191451087594, 0.0506221689284, 0.0915070548654, 0.0812325105071, 0.101323127747, 0.101071484387, 0.140380293131, 0.186022400856, 0.145284414291, 0.039815440774, 0.00293014477938, 0.00423137517646, 0.0388477295637, 0.0583168826997, 0.0811293050647, 0.028196580708, 0.00464981235564, 0.000124296886497, 3.96559662477e-05]
    chords_histogram: [0, 0, 18.9814815521, 0, 0, 0, 0, 0, 0, 0, 0, 0, 0, 0, 0, 0, 5.09259271622, 41.6666679382, 0, 34.2592582703, 0, 0, 0, 0]
    thpcp: [1, 0.652047038078, 0.165138348937, 0.0162286199629, 0.032157804817, 0.144183188677, 0.396908640862, 0.483742326498, 0.217222958803, 0.0181979499757, 0.00255377613939, 0.00163043837529, 0.00282605038956, 0.00926519650966, 0.016663165763, 0.0105507615954, 0.00222660787404, 0.00130831717979, 0.00151974183973, 0.00351343513466, 0.0143342763186, 0.08992870152, 0.177663698792, 0.12801527977, 0.0316153839231, 0.00416103145108, 0.0107523547485, 0.17925851047, 0.316743522882, 0.20068795979, 0.182314246893, 0.269301563501, 0.27688741684, 0.310288876295, 0.395948022604, 0.72116625309]
    chords_key: "F"
    chords_scale: "minor"
    key_key: "F"
    key_scale: "major"
    chords_progression: ["C#", "C#", "C#", "C#", "C#", "C#", "C#", "C#", "C#", "C#", "C", "C", "Cm", "Cm", "Cm", "Cm", "Cm", "Cm", "Cm", "Cm", "Cm", "Cm", "Cm", "Cm", "Cm", "Cm", "Cm", "Cm", "Cm", "Cm", "Cm", "Cm", "Cm", "Cm", "Cm", "Cm", "Cm", "Cm", "Cm", "Cm", "Cm", "Cm", "Cm", "Cm", "Cm", "Cm", "Cm", "Cm", "Cm", "Cm", "Cm", "Cm", "Cm", "Cm", "Cm", "C", "C", "C", "C", "C", "C", "C", "C", "C", "C", "C", "C", "C", "C", "C", "C", "C", "Fm", "Fm", "Fm", "Fm", "Fm", "Fm", "Fm", "Fm", "Fm", "Fm", "Fm", "Fm", "Fm", "Fm", "Fm", "Fm", "Fm", "Fm", "Fm", "Fm", "Fm", "Fm", "Fm", "Fm", "Fm", "Fm", "Fm", "Fm", "Fm", "Fm", "Fm", "Fm", "Fm", "Fm", "Fm", "Fm", "Fm", "Fm", "Fm", "Fm", "Fm", "Fm", "Fm", "Fm", "Fm", "Fm", "Fm", "Fm", "Fm", "Fm", "Fm", "Fm", "Fm", "Fm", "Fm", "Fm", "Fm", "Fm", "Fm", "Fm", "Fm", "Fm", "Fm", "Fm", "Fm", "Fm", "Fm", "Fm", "Fm", "Fm", "Fm", "Fm", "Fm", "Fm", "Fm", "Fm", "Fm", "Fm", "Fm", "Fm", "Fm", "Fm", "Fm", "Fm", "Fm", "Fm", "Fm", "Fm", "Fm", "Fm", "C", "C", "C", "C", "C", "C", "C", "C", "C", "C", "C", "C", "C#", "C", "C", "C", "C", "C", "C", "C", "C", "C", "C", "Cm", "Cm", "Cm", "Cm", "Cm", "Cm", "Cm", "Cm", "Cm", "Cm", "Cm", "Cm", "Cm", "Cm", "Cm", "Cm", "Cm", "Cm", "Cm", "Cm", "Cm", "Cm", "Cm", "Cm", "Cm", "Cm", "Cm", "Cm", "Cm", "Cm", "Cm"]
