
metadata:
    version:
        essentia: "1.2.2"
    audio_properties:
        analysis_sample_rate: 44100
        bitrate: 128
        channels: 2
        equal_loudness: 1
        length: 10.0310201645
        replay_gain: -10.8985080719
        downmix: "mix"
    tags:
        track: 1
        year: 0
        album: "Splitted by Mp3Splt v. 2.1"
        artist: "From 000.00 To 000.10"
        comment: "http://mp3splt.sf.net"
        genre: ""
        title: "05 Resignation.mp3"

highlevel:
    ballroom:
        all:
            ChaChaCha: 0.00845018960536
            Jive: 0.024212455377
            Quickstep: 0.0207099206746
            Rumba-American: 0.00666345050558
            Rumba-International: 0.0484810620546
            Rumba-Misc: 0.0127189848572
            Samba: 0.00670433370396
            Tango: 0.180793955922
            VienneseWaltz: 0.222528532147
            Waltz: 0.468737125397
        probability: 0.468737125397
        value: "Waltz"
    culture:
        all:
            non_western: 0.0989921614528
            western: 0.901007831097
        probability: 0.901007831097
        value: "western"
    gender:
        all:
            female: 0.476691961288
            male: 0.523308038712
        probability: 0.523308038712
        value: "male"
    genre_dortmund:
        all:
            alternative: 0.0801985710859
            blues: 0.153803899884
            electronic: 0.211167126894
            folkcountry: 0.105684451759
            funksoulrnb: 0.0109220221639
            jazz: 0.127406314015
            pop: 0.0284220110625
            raphiphop: 0.00226186704822
            rock: 0.280133754015
        probability: 0.280133754015
        value: "rock"
    genre_electronica:
        all:
            ambient: 0.703060567379
            dnb: 0.10150603205
            house: 0.0519540496171
            techno: 0.0164188463241
            trance: 0.12706053257
        probability: 0.703060567379
        value: "ambient"
    genre_rosamerica:
        all:
            cla: 0.458830982447
            dan: 0.00807856209576
            hip: 0.00367014296353
            jaz: 0.103505931795
            pop: 0.0285639632493
            rhy: 0.0176211595535
            roc: 0.373290777206
            spe: 0.00643847277388
        probability: 0.458830982447
        value: "cla"
    genre_tzanetakis:
        all:
            blu: 0.0424339286983
            cla: 0.274381309748
            cou: 0.0681043863297
            dis: 0.0208519790322
            hip: 0.0062039331533
            jaz: 0.19629278779
            met: 0.0268200095743
            pop: 0.0273854471743
            reg: 0.0743727982044
            roc: 0.263153403997
        probability: 0.274381309748
        value: "cla"
    live_studio:
        all:
            live: 0.126030057669
            studio: 0.873969912529
        probability: 0.873969912529
        value: "studio"
    mood:
        all:
            Cluster1: 0.198864892125
            Cluster2: 0.154265105724
            Cluster3: 0.295908033848
            Cluster4: 0.189139276743
            Cluster5: 0.16182269156
        probability: 0.295908033848
        value: "Cluster3"
    mood_acoustic:
        all:
            acoustic: 0.434907108545
            not_acoustic: 0.565092921257
        probability: 0.565092921257
        value: "not_acoustic"
    mood_aggressive:
        all:
            aggressive: 0.249914139509
            not_aggressive: 0.750085830688
        probability: 0.750085830688
        value: "not_aggressive"
    mood_electronic:
        all:
            electronic: 0.656495809555
            not_electronic: 0.343504190445
        probability: 0.656495809555
        value: "electronic"
    mood_happy:
        all:
            happy: 0.356408774853
            not_happy: 0.643591225147
        probability: 0.643591225147
        value: "not_happy"
    mood_party:
        all:
            not_party: 0.894240677357
            party: 0.105759352446
        probability: 0.894240677357
        value: "not_party"
    mood_relaxed:
        all:
            not_relaxed: 0.137030914426
            relaxed: 0.862969100475
        probability: 0.862969100475
        value: "relaxed"
    mood_sad:
        all:
            not_sad: 0.41319835186
            sad: 0.58680164814
        probability: 0.58680164814
        value: "sad"
    rhythm:
        all:
            fast: 0.245576947927
            medium: 0.0345515199006
            slow: 0.719871520996
        probability: 0.719871520996
        value: "slow"
    speech_music:
        all:
            music: 0.990087628365
            speech: 0.00991235114634
        probability: 0.990087628365
        value: "music"
    timbre:
        all:
            bright: 0.5
            dark: 0.5
        probability: 0.5
        value: "dark"
    voice_instrumental:
        all:
            instrumental: 0.982280194759
            voice: 0.0177197866142
        probability: 0.982280194759
        value: "instrumental"

lowlevel:
    average_loudness: 0.97017711401
    barkbands_kurtosis:
        dmean: 1.31536996365
        dmean2: 1.83832550049
        dvar: 3.98667192459
        dvar2: 8.80918216705
        max: 21.1435279846
        mean: 2.69096541405
        min: -1.81567752361
        var: 25.9815979004
    barkbands_skewness:
        dmean: 0.375685989857
        dmean2: 0.509262263775
        dvar: 0.299834042788
        dvar2: 0.499983340502
        max: 3.82210946083
        mean: 0.667071819305
        min: -3.39067435265
        var: 2.85712862015
    barkbands_spread:
        dmean: 3.03220582008
        dmean2: 4.21067333221
        dvar: 11.960650444
        dvar2: 24.7642765045
        max: 38.6824798584
        mean: 20.7649879456
        min: 3.47224903107
        var: 97.6809158325
    dissonance:
        dmean: 0.0107965245843
        dmean2: 0.0172499548644
        dvar: 0.000122756391647
        dvar2: 0.000296788231935
        max: 0.498996376991
        mean: 0.465174764395
        min: 0.367571413517
        var: 0.000620147096924
    hfc:
        dmean: 1.55196106434
        dmean2: 1.90408778191
        dvar: 8.87854290009
        dvar2: 11.0186891556
        max: 46.713809967
        mean: 5.8989443779
        min: 0.24744258821
        var: 56.9470367432
    pitch:
        dmean: 426.022216797
        dmean2: 830.213012695
        dvar: 822534.3125
        dvar2: 1950319.625
        max: 3150
        mean: 665.697937012
        min: 97.7827072144
        var: 1027545.75
    pitch_instantaneous_confidence:
        dmean: 0.0531140267849
        dmean2: 0.0833492279053
        dvar: 0.00271258736029
        dvar2: 0.00645315647125
        max: 0.699127554893
        mean: 0.430573999882
        min: 0.170821964741
        var: 0.0118487617001
    pitch_salience:
        dmean: 0.0401665084064
        dmean2: 0.06075226143
        dvar: 0.00182538188528
        dvar2: 0.00394890829921
        max: 0.82695555687
        mean: 0.642742753029
        min: 0.390601396561
        var: 0.00864955224097
    silence_rate_20dB:
        dmean: 0
        dmean2: 0
        dvar: 0
        dvar2: 0
        max: 1
        mean: 1
        min: 1
        var: 0
    silence_rate_30dB:
        dmean: 0
        dmean2: 0
        dvar: 0
        dvar2: 0
        max: 1
        mean: 1
        min: 1
        var: 0
    silence_rate_60dB:
        dmean: 0.0798122063279
        dmean2: 0.159999996424
        dvar: 0.0734424516559
        dvar2: 0.13910625875
        max: 1
        mean: 0.459016382694
        min: 0
        var: 0.248319938779
    spectral_centroid:
        dmean: 143.135940552
        dmean2: 192.202758789
        dvar: 53250.5195312
        dvar2: 90112.1640625
        max: 2658.51025391
        mean: 1186.68151855
        min: 253.763580322
        var: 479948.0625
    spectral_complexity:
        dmean: 2.63484477997
        dmean2: 3.76315784454
        dvar: 11.3678455353
        dvar2: 19.4965629578
        max: 35
        mean: 12.0095233917
        min: 2
        var: 51.7000007629
    spectral_crest:
        dmean: 1.7524946928
        dmean2: 2.68579673767
        dvar: 3.33478474617
        dvar2: 8.10173225403
        max: 20.3364448547
        mean: 9.66648674011
        min: 3.50231933594
        var: 15.3635482788
    spectral_decrease:
        dmean: 1.57403881595e-10
        dmean2: 2.04325056874e-10
        dvar: 5.48548700624e-20
        dvar2: 7.84854039103e-20
        max: -1.87167212284e-10
        mean: -9.20566234353e-10
        min: -3.96340338327e-09
        var: 3.04524190217e-19
    spectral_energy:
        dmean: 0.000720998970792
        dmean2: 0.000919240876101
        dvar: 1.29462728182e-06
        dvar2: 1.76442301836e-06
        max: 0.0191958472133
        mean: 0.00400948058814
        min: 0.000728857179638
        var: 7.38081507734e-06
    spectral_energyband_high:
        dmean: 3.10995965265e-05
        dmean2: 4.26488149969e-05
        dvar: 3.66752406222e-09
        dvar2: 7.09079772676e-09
        max: 0.000778088869993
        mean: 6.80049852235e-05
        min: 1.9884618041e-07
        var: 1.11262234981e-08
    spectral_energyband_low:
        dmean: 3.75147392333e-05
        dmean2: 4.81179959024e-05
        dvar: 3.33860450397e-09
        dvar2: 6.13751227618e-09
        max: 0.00072243460454
        mean: 0.00016403614427
        min: 1.14301121812e-06
        var: 2.89506321138e-08
    spectral_energyband_middle_high:
        dmean: 0.000586972513702
        dmean2: 0.000730529776774
        dvar: 1.24816369862e-06
        dvar2: 1.60120305281e-06
        max: 0.018452912569
        mean: 0.00206768303178
        min: 3.53657997039e-05
        var: 8.00416000857e-06
    spectral_energyband_middle_low:
        dmean: 0.000300389685435
        dmean2: 0.000424770463724
        dvar: 1.53274569925e-07
        dvar2: 3.42209915516e-07
        max: 0.00595079967752
        mean: 0.00170974514913
        min: 0.000120879514725
        var: 9.71707095232e-07
    spectral_flatness_db:
        dmean: 0.0160005241632
        dmean2: 0.0245208349079
        dvar: 0.000300981802866
        dvar2: 0.000485299329739
        max: 0.336367189884
        mean: 0.24300788343
        min: 0.136968567967
        var: 0.00159269967116
    spectral_flux:
        dmean: 0.00559231778607
        dmean2: 0.00817985646427
        dvar: 8.26092218631e-05
        dvar2: 0.000149991668877
        max: 0.0900788009167
        mean: 0.0250779408962
        min: 0.00298755057156
        var: 0.000252162746619
    spectral_kurtosis:
        dmean: 4.99812459946
        dmean2: 8.63464164734
        dvar: 22.1673030853
        dvar2: 63.561706543
        max: 40.8212547302
        mean: 8.47193622589
        min: 0.400651454926
        var: 34.7524375916
    spectral_rms:
        dmean: 0.000163084056112
        dmean2: 0.000207570454222
        dvar: 5.1626326325e-08
        dvar2: 7.28341973399e-08
        max: 0.00432754633948
        mean: 0.00189144641627
        min: 0.00084325572243
        var: 3.34119391709e-07
    spectral_rolloff:
        dmean: 238.406768799
        dmean2: 369.773254395
        dvar: 173997.765625
        dvar2: 303609.3125
        max: 3402.24609375
        mean: 1987.46398926
        min: 215.33203125
        var: 1153824.25
    spectral_skewness:
        dmean: 0.432353913784
        dmean2: 0.732635855675
        dvar: 0.159821018577
        dvar2: 0.446478635073
        max: 4.79564666748
        mean: 1.48432385921
        min: 0.293640494347
        var: 0.431343078613
    spectral_spread:
        dmean: 205248.953125
        dmean2: 311141.5625
        dvar: 183759421440
        dvar2: 342730506240
        max: 7238298
        mean: 2158009.5
        min: 1450887.75
        var: 272452403200
    spectral_strongpeak:
        dmean: 0.358236044645
        dmean2: 0.602892279625
        dvar: 0.443567305803
        dvar2: 1.02279770374
        max: 7.94700622559
        mean: 0.84104347229
        min: 0.0343610756099
        var: 1.69993007183
    zerocrossingrate:
        dmean: 0.00618800334632
        dmean2: 0.00629742629826
        dvar: 5.55658625672e-05
        dvar2: 4.32442138845e-05
        max: 0.13037109375
        mean: 0.0647902712226
        min: 0.01025390625
        var: 0.00098007498309
    barkbands:
        dmean: [3.3740686689e-08, 2.35698757933e-06, 3.66923450201e-05, 4.02150435548e-05, 0.000273467914667, 6.59803845338e-05, 5.98726583121e-05, 3.25858527503e-05, 3.13911914418e-05, 2.60738379438e-05, 1.91468388948e-05, 1.71441224666e-05, 1.55994966917e-05, 3.56869932148e-05, 8.55182588566e-05, 0.000189236685401, 0.000287655217107, 0.000169835533598, 0.000113140478788, 3.75671043003e-05, 1.27106995933e-05, 3.13093914883e-06, 9.659975575e-08, 3.34341798691e-08, 2.0285293445e-08, 2.25773288953e-09, 1.86174659023e-10]
        dmean2: [3.5322315739e-08, 3.37809433404e-06, 4.72854735563e-05, 5.76921447646e-05, 0.000397451076424, 8.55695689097e-05, 8.97485297173e-05, 4.88905534439e-05, 4.72721731057e-05, 3.97720177716e-05, 2.97221904475e-05, 2.6030209483e-05, 2.33280843531e-05, 5.51511366211e-05, 0.000131198452436, 0.00029433547752, 0.000444081029855, 0.000261831097305, 0.000150275576743, 5.63974681427e-05, 1.89142301679e-05, 4.55765666629e-06, 1.51782458602e-07, 4.31621209884e-08, 2.67756039563e-08, 2.9328515172e-09, 3.15383580363e-10]
        dvar: [4.18913737249e-13, 9.4069231571e-12, 3.3697094004e-09, 2.56148768862e-09, 1.6384788637e-07, 7.09968484003e-09, 5.69954261564e-09, 2.40734054913e-09, 1.80739145872e-09, 9.93121029857e-10, 6.41005470925e-10, 4.99530528053e-10, 4.58219850952e-10, 4.78650452607e-09, 1.82266326476e-08, 1.61727513159e-07, 3.86563073107e-07, 1.18229486645e-07, 4.11730987082e-08, 3.84398424202e-09, 9.0049351309e-10, 3.9777906663e-11, 7.78536916467e-14, 1.02943624084e-14, 4.40751222412e-15, 5.61337535347e-17, 4.25845684985e-19]
        dvar2: [4.19777114544e-13, 1.72700846679e-11, 6.17312689855e-09, 5.80821968299e-09, 3.87125965062e-07, 1.22077841169e-08, 1.36073232682e-08, 5.12464515268e-09, 4.72411842978e-09, 2.40229969251e-09, 1.60074686839e-09, 9.94815896327e-10, 1.02571939831e-09, 1.00739079301e-08, 5.14359079773e-08, 3.82556947898e-07, 9.45526494434e-07, 2.4068273774e-07, 5.44915010892e-08, 8.12377543014e-09, 2.05774464135e-09, 7.62810092869e-11, 1.68158428805e-13, 1.7652583361e-14, 7.93334615937e-15, 1.06307803105e-16, 5.11629561934e-19]
        max: [1.32699560709e-05, 4.83932017232e-05, 0.000721188844182, 0.000712066190317, 0.00477006100118, 0.0013774628751, 0.000874684017617, 0.000543144065887, 0.000405110127758, 0.000273851066595, 0.000244665308855, 0.000216471496969, 0.000239710294409, 0.000789065088611, 0.00144401390571, 0.00546252820641, 0.00880562514067, 0.0047114090994, 0.00413595698774, 0.000640506506898, 0.000431024993304, 8.51312070154e-05, 2.84949601337e-06, 1.30488876948e-06, 6.72870953622e-07, 9.21874772075e-08, 1.28761961093e-08]
        mean: [3.45454118644e-08, 1.05760518636e-05, 0.000153441418661, 0.000121218523418, 0.000951838155743, 0.000282872701064, 0.00019961335056, 7.55623696023e-05, 6.59891302348e-05, 5.58567226108e-05, 3.67628599633e-05, 4.00482858822e-05, 3.63977414963e-05, 6.68105130899e-05, 0.00015601409541, 0.000418752926635, 0.000544870446902, 0.000380373647204, 0.00029998132959, 8.11389327282e-05, 2.47264706559e-05, 6.35716014585e-06, 1.62202937304e-07, 5.24422283377e-08, 2.9808919777e-08, 2.64809152384e-09, 1.57576576787e-10]
        min: [3.32195451702e-11, 1.56555969966e-07, 3.98131021484e-07, 1.02100773347e-06, 1.93470859813e-05, 2.88936871584e-06, 4.49381013823e-06, 1.64957441484e-06, 1.06210177364e-06, 8.60921716139e-07, 1.98455040845e-07, 1.23970312416e-06, 7.12992289209e-07, 5.62876948607e-07, 1.20519257507e-06, 9.94879655991e-07, 2.02220189749e-06, 1.76225785253e-06, 1.32608158765e-06, 4.52891924851e-07, 6.84467451606e-08, 2.05122514529e-08, 1.57684559854e-11, 2.12222097534e-11, 4.42648244448e-11, 2.74860624712e-12, 7.15538956211e-13]
        var: [4.18089743598e-13, 1.17919410347e-10, 3.04274720975e-08, 7.72064545629e-09, 5.89452270106e-07, 6.58020482547e-08, 2.34268000554e-08, 6.84374423798e-09, 3.59973850728e-09, 2.21167928416e-09, 1.46594258954e-09, 1.73629877143e-09, 1.24334453844e-09, 8.88700846247e-09, 3.70145727402e-08, 5.00376529544e-07, 8.87247324499e-07, 4.82536734125e-07, 2.86393884608e-07, 1.1536402944e-08, 1.55556423298e-09, 1.18312706854e-10, 1.65935150277e-13, 2.13663603547e-14, 8.38774545425e-15, 9.24583313438e-17, 4.26627396513e-19]
    mfcc:
        mean: [-793.141357422, 199.992385864, -110.160339355, 88.661857605, -17.7125644684, -11.5385284424, -13.4282865524, -16.4337120056, 0.196794986725, -21.7490749359, -9.19240856171, -12.1998605728, -9.96808624268]
        cov: [[3748.49707031, -2454.46557617, -277.691497803, -448.476776123, 172.499160767, 29.1141700745, -283.451477051, 10.7661342621, -191.427581787, 83.7035980225, -84.2677612305, 63.0272674561, 64.1339416504], [-2454.46557617, 2076.58789062, 85.6221084595, 412.597137451, -309.458129883, -83.5414428711, 166.057983398, -87.0175170898, 141.147140503, -122.173095703, 47.8017921448, -85.2105255127, -52.7572212219], [-277.691497803, 85.6221084595, 766.89855957, -206.751037598, 102.475234985, -109.544639587, 43.9933929443, 21.8571453094, -99.8425827026, 102.918174744, -78.3464660645, 49.9658508301, -73.2179794312], [-448.476776123, 412.597137451, -206.751037598, 295.139923096, -79.7685928345, 35.0673942566, -5.42182016373, -7.09787082672, 61.6618347168, -49.7432785034, 28.995218277, -35.4636955261, 4.19456338882], [172.499160767, -309.458129883, 102.475234985, -79.7685928345, 152.712402344, 16.0545940399, -3.45297956467, 29.2516937256, -21.2190246582, 47.5115966797, -15.012049675, 34.0485801697, -10.33045578], [29.1141700745, -83.5414428711, -109.544639587, 35.0673942566, 16.0545940399, 80.0331802368, -6.78467941284, 19.7553977966, 8.40508747101, 2.86631822586, 14.9355888367, -0.0433198921382, 19.2891464233], [-283.451477051, 166.057983398, 43.9933929443, -5.42182016373, -3.45297956467, -6.78467941284, 76.725769043, 6.73067092896, 25.0325374603, -8.77038288116, 11.0834379196, 4.86769533157, -9.95963096619], [10.7661342621, -87.0175170898, 21.8571453094, -7.09787082672, 29.2516937256, 19.7553977966, 6.73067092896, 63.1164779663, 1.81589019299, 21.6578140259, -5.48991394043, 12.4218711853, 0.432955443859], [-191.427581787, 141.147140503, -99.8425827026, 61.6618347168, -21.2190246582, 8.40508747101, 25.0325374603, 1.81589019299, 70.883682251, -23.7258911133, 19.2079715729, -16.2369709015, 4.59186029434], [83.7035980225, -122.173095703, 102.918174744, -49.7432785034, 47.5115966797, 2.86631822586, -8.77038288116, 21.6578140259, -23.7258911133, 66.9517974854, -7.7330994606, 22.0181121826, -13.7783527374], [-84.2677612305, 47.8017921448, -78.3464660645, 28.995218277, -15.012049675, 14.9355888367, 11.0834379196, -5.48991394043, 19.2079715729, -7.7330994606, 50.3232040405, -0.820886731148, 12.1946754456], [63.0272674561, -85.2105255127, 49.9658508301, -35.4636955261, 34.0485801697, -0.0433198921382, 4.86769533157, 12.4218711853, -16.2369709015, 22.0181121826, -0.820886731148, 47.7134590149, -0.857972919941], [64.1339416504, -52.7572212219, -73.2179794312, 4.19456338882, -10.33045578, 19.2891464233, -9.95963096619, 0.432955443859, 4.59186029434, -13.7783527374, 12.1946754456, -0.857972919941, 47.1325569153]]
        icov: [[0.00300557073206, 0.00434871762991, 0.000389604480006, -0.000469165097456, 0.00480129988864, 0.00192032719497, 0.00149021914694, 0.00271957577206, 6.96986026014e-05, 3.86557530874e-06, 0.0022311185021, -0.00116009835619, 0.00137726438697], [0.00434871762991, 0.00815473962575, -0.000763251155149, -0.00309518282302, 0.00959990266711, 0.00288295093924, -0.000668580585625, 0.00558996526524, -0.00141716620419, 0.000301669031614, 0.00285581196658, -0.00144486071076, 0.00249300035648], [0.000389604480006, -0.000763251155149, 0.00440484564751, 0.00181132298894, -0.00209093396552, 0.00380157190375, -0.00120893027633, -0.00113180186599, 0.0044559254311, -0.00371016259305, 0.00314091145992, 6.45610780339e-05, 0.000707675179001], [-0.000469165097456, -0.00309518282302, 0.00181132298894, 0.00882220361382, -0.00205835537054, -0.00296848150901, 0.00563546689227, -0.00323796458542, -0.00162307696883, 0.00178199575748, -0.00105982238892, 0.000132356450194, 0.00214248336852], [0.00480129988864, 0.00959990266711, -0.00209093396552, -0.00205835537054, 0.0221843272448, -0.000903567764908, -3.79182006327e-06, 0.00535066053271, -0.00432969257236, -0.00229125376791, 0.00435023149475, -0.00601665023714, 0.00484647229314], [0.00192032719497, 0.00288295093924, 0.00380157190375, -0.00296848150901, -0.000903567764908, 0.0231196302921, -0.00192391395103, -0.00341743417084, 0.0042905267328, -0.00478282617405, -0.00010468975961, 0.00175162858795, -0.00500847632065], [0.00149021914694, -0.000668580585625, -0.00120893027633, 0.00563546689227, -3.79182006327e-06, -0.00192391395103, 0.0264788437635, -0.0039838263765, -0.00812265556306, 0.00726312585175, -0.00486099161208, -0.00547463539988, 0.00533535890281], [0.00271957577206, 0.00558996526524, -0.00113180186599, -0.00323796458542, 0.00535066053271, -0.00341743417084, -0.0039838263765, 0.0255821775645, -0.00433969451115, -0.00606694445014, 0.00641307933256, -0.00348157738335, -0.000492429651786], [6.96986026014e-05, -0.00141716620419, 0.0044559254311, -0.00162307696883, -0.00432969257236, 0.0042905267328, -0.00812265556306, -0.00433969451115, 0.0280403010547, -3.08255985146e-05, -0.00227105640806, 0.00605508731678, -0.00103906623553], [3.86557530874e-06, 0.000301669031614, -0.00371016259305, 0.00178199575748, -0.00229125376791, -0.00478282617405, 0.00726312585175, -0.00606694445014, -3.08255985146e-05, 0.0299718249589, -0.0059373578988, -0.00559329381213, 0.00765506736934], [0.0022311185021, 0.00285581196658, 0.00314091145992, -0.00105982238892, 0.00435023149475, -0.00010468975961, -0.00486099161208, 0.00641307933256, -0.00227105640806, -0.0059373578988, 0.0304581280798, -0.00379051733762, -0.00441940454766], [-0.00116009835619, -0.00144486071076, 6.45610780339e-05, 0.000132356450194, -0.00601665023714, 0.00175162858795, -0.00547463539988, -0.00348157738335, 0.00605508731678, -0.00559329381213, -0.00379051733762, 0.0302093625069, -0.00380503409542], [0.00137726438697, 0.00249300035648, 0.000707675179001, 0.00214248336852, 0.00484647229314, -0.00500847632065, 0.00533535890281, -0.000492429651786, -0.00103906623553, 0.00765506736934, -0.00441940454766, -0.00380503409542, 0.0306990165263]]
    spectral_contrast:
        mean: [-4.71364529631e-07, 3.22732091718e-07, -1.08760737305e-07, -5.79074196594e-07, -1.00735394426e-06, 1.96571150468e-07, -2.90373964162e-06, -2.79872188003e-06, 6.08804657531e-06, -6.67572010116e-07, -1.53950281856e-06, 8.11758482655e-08]
        var: [0.000244881084654, 0.000467239471618, 0.0007519609062, 0.00102770677768, 0.00198320858181, 0.00418362440541, 0.0484744608402, 0.0700739100575, 0.148405998945, 0.264077454805, 0.509760856628, 2.16316986084]

rhythm:
    beats_loudness:
        dmean: 0.00270098261535
        dmean2: 0.00451948447153
        dvar: 1.23402523968e-05
        dvar2: 4.22612174589e-05
        max: 0.0147490780801
        mean: 0.00458210101351
        min: 0.000995052512735
        var: 9.62633566814e-06
    beats_loudness_bass:
        dmean: 0.0651060938835
        dmean2: 0.104102127254
        dvar: 0.00358119816519
        dvar2: 0.0114810205996
        max: 0.21809028089
        mean: 0.0642351359129
        min: 0.000741608324461
        var: 0.00433858763427
    bpm: 79.2977600098
    bpm_confidence: 0
    first_peak_bpm: 162
    first_peak_spread: 0
    first_peak_weight: 0.588235318661
    onset_rate: 2.392578125
    second_peak_bpm: 79
    second_peak_spread: 0
    second_peak_weight: 0.352941185236
    beats_position: [0.991783857346, 1.74843108654, 2.50507831573, 3.26172566414, 4.01837301254, 4.77502059937, 5.53166818619, 6.01676082611, 6.38666772842, 6.75657606125, 7.12648296356, 7.49639034271, 7.8662981987, 8.23620510101, 8.60611248016, 8.97601985931, 9.34592723846, 9.71583461761]
    bpm_estimates: [79.3757247925, 79.1468200684, 79.6267700195, 79.4977416992, 79.3824462891, 79.0744171143, 79.5091247559, 79.0250854492, 79.0417633057]
    bpm_intervals: [0.756647229195, 0.756647229195, 0.756647348404, 0.756647348404, 0.756647586823, 0.756647586823, 0.485092639923, 0.369906902313, 0.369908332825, 0.369906902313, 0.36990737915, 0.369907855988, 0.369906902313, 0.36990737915, 0.36990737915, 0.36990737915, 0.36990737915]
    onset_times: [0.290249437094, 1.02167797089, 1.05650794506, 1.79954648018, 2.19428563118, 2.56580495834, 2.96054410934, 3.19274377823, 3.35528349876, 4.09832191467, 4.7020406723, 4.87619066238, 5.23609972, 5.61922883987, 6.00235843658, 6.39709758759, 7.12852621078, 7.72063493729, 7.87156438828, 8.25469398499, 8.6146030426, 9.02095222473, 9.24154186249, 9.41569137573]
    rubato_start: [6.38666772842]
    rubato_stop: [9.71583461761]
    perceptual_tempo: "unknown"

sfx:
    inharmonicity:
        dmean: 0.0419262014329
        dmean2: 0.0718879327178
        dvar: 0.00253164907917
        dvar2: 0.00657581491396
        max: 0.346044152975
        mean: 0.0500686503947
        min: 0
        var: 0.00359250884503
    oddtoevenharmonicenergyratio:
        dmean: 4.58928251266
        dmean2: 8.65918922424
        dvar: 268.495483398
        dvar2: 785.75994873
        max: 149.185882568
        mean: 3.26121044159
        min: 0
        var: 157.03843689
    pitch_after_max_to_before_max_energy_ratio: 4.94841241837
    pitch_centroid: 227.393737793
    pitch_max_to_total: 0.197619050741
    pitch_min_to_total: 0.045238096267
    tristimulus:
        dmean: [0.158093199134, 0.209379285574, 0.091501429677]
        dmean2: [0.280061870813, 0.377157688141, 0.162746086717]
        dvar: [0.0276755783707, 0.0491676926613, 0.0137019818649]
        dvar2: [0.0668511912227, 0.114861898124, 0.0360327586532]
        max: [1, 0.932586371899, 0.705150842667]
        mean: [0.356394171715, 0.442832887173, 0.11665648222]
        min: [0.0120355635881, 0, 0]
        var: [0.0544285997748, 0.066122546792, 0.0185946635902]

tonal:
    chords_changes_rate: 0.0428571440279
    chords_number_rate: 0.0190476197749
    chords_strength:
        dmean: 0.00666484329849
        dmean2: 0.00560782523826
        dvar: 2.67231407634e-05
        dvar2: 2.69934353128e-05
        max: 0.52099186182
        mean: 0.432302385569
        min: 0.359115093946
        var: 0.00103866215795
    key_strength: 0.74494177103
    tuning_diatonic_strength: 0.58247166872
    tuning_equal_tempered_deviation: 0.116572104394
    tuning_frequency: 439.491973877
    tuning_nontempered_energy_ratio: 0.705044686794
    hpcp:
        dmean: [0.107570245862, 0.117130599916, 0.0731500610709, 0.0601305030286, 0.0438106581569, 0.0493106395006, 0.0808150470257, 0.0796312689781, 0.10241830349, 0.104572348297, 0.0909507572651, 0.114798940718, 0.106893546879, 0.0743279010057, 0.083147585392, 0.142049849033, 0.136581629515, 0.0934967845678, 0.0621446892619, 0.0465078279376, 0.0452749356627, 0.0426462031901, 0.0426263734698, 0.0708675533533, 0.086738884449, 0.0572063960135, 0.0540767908096, 0.0642617940903, 0.0497362688184, 0.0844045728445, 0.129132062197, 0.14055788517, 0.0867357701063, 0.0733157917857, 0.0554833896458, 0.075411491096]
        dmean2: [0.14960822463, 0.184294372797, 0.118710689247, 0.102384679019, 0.0780111923814, 0.0782354548573, 0.129802569747, 0.13518089056, 0.161403670907, 0.167498201132, 0.155719101429, 0.195160478354, 0.181196033955, 0.128013834357, 0.125306740403, 0.201908916235, 0.204933658242, 0.151394277811, 0.100508727133, 0.06982190907, 0.0647739693522, 0.0599537417293, 0.0669300705194, 0.11366982758, 0.140528216958, 0.0926707684994, 0.0894747897983, 0.10444521904, 0.0796285942197, 0.129499226809, 0.202025085688, 0.224883332849, 0.147965326905, 0.127665877342, 0.0949595347047, 0.124698668718]
        dvar: [0.0271392464638, 0.0307400822639, 0.0190934240818, 0.0197732783854, 0.0117205185816, 0.00648476881906, 0.0162588469684, 0.0222636200488, 0.0166990365833, 0.025558296591, 0.0186135694385, 0.034531019628, 0.0281073059887, 0.0169536992908, 0.0106813861057, 0.0326733365655, 0.0305967014283, 0.0216722525656, 0.00989720597863, 0.00384534313343, 0.00485155405477, 0.00313115911558, 0.00395752443001, 0.00866573769599, 0.0157134700567, 0.0082023832947, 0.00680458499119, 0.0119293024763, 0.00697522191331, 0.0117596806958, 0.0355957858264, 0.0271972194314, 0.019504616037, 0.0221713520586, 0.0123160555959, 0.0185564532876]
        dvar2: [0.0421330183744, 0.066222935915, 0.0420081280172, 0.054038643837, 0.033748626709, 0.0157890636474, 0.0394429937005, 0.0605486817658, 0.0341134294868, 0.047379784286, 0.0505569018424, 0.0815360173583, 0.0643949657679, 0.0396662279963, 0.0266529358923, 0.0752037465572, 0.0614166855812, 0.0500235036016, 0.0231024995446, 0.00703912228346, 0.00662252120674, 0.00608399463817, 0.00937830470502, 0.0190977472812, 0.0370302945375, 0.0202855076641, 0.0180748607963, 0.0254918467253, 0.0170962940902, 0.0261510126293, 0.0602517575026, 0.0665440112352, 0.0527383312583, 0.061172105372, 0.0344969145954, 0.045736335218]
        max: [1, 1, 1, 1, 0.773128330708, 0.909262299538, 1, 0.9962464571, 1, 1, 1, 1, 1, 0.941911458969, 0.723011016846, 1, 1, 1, 0.653425097466, 0.532432496548, 0.903587698936, 0.543588995934, 0.549218595028, 0.649298727512, 0.880580186844, 0.510314404964, 0.413387835026, 1, 0.686956822872, 1, 1, 1, 0.945356547832, 1, 0.786077022552, 0.93321377039]
        mean: [0.250288009644, 0.255892813206, 0.147098511457, 0.0753724202514, 0.0456967763603, 0.0813705325127, 0.129531428218, 0.114827699959, 0.2893704772, 0.420755833387, 0.241854548454, 0.165447413921, 0.157541051507, 0.0919243395329, 0.157271176577, 0.37367194891, 0.335499435663, 0.143536895514, 0.0971428304911, 0.0835927128792, 0.0831260979176, 0.0768431127071, 0.0771845951676, 0.121619969606, 0.131152316928, 0.074758335948, 0.0747796595097, 0.0991761237383, 0.0747362822294, 0.294613838196, 0.633489966393, 0.426072388887, 0.110630825162, 0.083272755146, 0.0650303810835, 0.11867544055]
        min: [0.00144929147791, 0.00424859020859, 0.000939717749134, 0.000194519860088, 0.000814879429527, 0.00193453941029, 0.00206489791162, 0.0011848093709, 0.000604110246059, 0.000828828720842, 0.00216712709516, 0.00208012782969, 0.000715954345651, 0.000683952122927, 0.00191421981435, 0.00451547466218, 0.00477517209947, 0.00162632495631, 0.00138370052446, 0.00172542466316, 0.00100185361225, 0.00133133563213, 0.0015486930497, 0.00162095448468, 0.00152138213161, 0.000641131366137, 0.000896837678738, 0.00089480006136, 0.0018586878432, 0.0139627866447, 0.01610779576, 0.0110881170258, 0.000963623984717, 0.000894429860637, 0.000777704815846, 0.00229942658916]
        var: [0.071676723659, 0.0812720060349, 0.0662371739745, 0.0213949605823, 0.00760223623365, 0.0101285958663, 0.0247877649963, 0.0196592435241, 0.0714827999473, 0.152882471681, 0.0488295331597, 0.0542045757174, 0.0443846620619, 0.0209755152464, 0.0245830304921, 0.117154464126, 0.0938818454742, 0.0319030545652, 0.0146971857175, 0.00976312346756, 0.0139157865196, 0.00755771435797, 0.00584900798276, 0.018182521686, 0.0256955623627, 0.00927735865116, 0.00829886645079, 0.0234554242343, 0.0115459216759, 0.0337168611586, 0.134000495076, 0.0616278387606, 0.0203057657927, 0.0173279102892, 0.00981460884213, 0.0243537649512]
    chords_histogram: [4.28571414948, 0, 32.3809509277, 0, 0, 0, 0, 0, 0, 0, 0, 0, 0, 0, 0, 0, 0, 60.952381134, 0, 2.38095235825, 0, 0, 0, 0]
    thpcp: [1, 0.672579526901, 0.174637064338, 0.131450787187, 0.102654159069, 0.187335938215, 0.395093888044, 0.403941392899, 0.232203379273, 0.118979662657, 0.0721349641681, 0.128448024392, 0.204472735524, 0.181262061, 0.456787794828, 0.664187073708, 0.381781190634, 0.261168181896, 0.248687520623, 0.145107805729, 0.248261511326, 0.589862465858, 0.529604971409, 0.226581171155, 0.153345495462, 0.131955862045, 0.131219282746, 0.121301233768, 0.121840283275, 0.191984057426, 0.207031399012, 0.118010289967, 0.11804395169, 0.15655516088, 0.117975480855, 0.465064734221]
    chords_key: "C"
    chords_scale: "minor"
    key_key: "C"
    key_scale: "major"
    chords_progression: ["G", "G", "G", "G", "G", "G", "G", "G", "G", "G", "G", "G", "G", "G", "G", "G", "G", "G", "G", "G", "G", "G", "G", "G", "G", "G", "C", "C", "Cm", "Cm", "Cm", "Cm", "Cm", "Cm", "Cm", "Cm", "Cm", "Cm", "Cm", "Cm", "Cm", "Cm", "Cm", "Cm", "Cm", "Cm", "Cm", "Cm", "Cm", "Cm", "Cm", "Cm", "Cm", "Cm", "Cm", "Cm", "Cm", "Cm", "Cm", "Cm", "Cm", "Cm", "Cm", "Cm", "Cm", "Cm", "Cm", "Cm", "Cm", "Cm", "Cm", "Cm", "G", "G", "G", "G", "G", "G", "G", "G", "G", "G", "G", "G", "G", "G", "G", "G", "G", "C", "C", "C", "C", "C", "C", "C", "Cm", "Cm", "Cm", "Cm", "Cm", "Cm", "Cm", "Cm", "Cm", "Cm", "Cm", "Cm", "Cm", "Cm", "Cm", "Cm", "Cm", "Cm", "Cm", "Cm", "Cm", "Cm", "Cm", "Cm", "Cm", "Cm", "Cm", "Cm", "Cm", "Cm", "Cm", "Cm", "Cm", "Cm", "Cm", "Cm", "Cm", "Cm", "Cm", "Cm", "Cm", "Cm", "Cm", "G", "G", "G", "G", "G", "G", "G", "G", "G", "G", "G", "G", "G", "G", "G", "Gm", "Gm", "Gm", "Gm", "Gm", "Cm", "Cm", "Cm", "Cm", "Cm", "Cm", "Cm", "Cm", "Cm", "Cm", "Cm", "Cm", "Cm", "Cm", "Cm", "Cm", "Cm", "Cm", "Cm", "Cm", "Cm", "Cm", "Cm", "Cm", "Cm", "Cm", "Cm", "Cm", "Cm", "Cm", "Cm", "Cm", "Cm", "Cm", "Cm", "Cm", "Cm", "Cm", "Cm", "Cm", "Cm", "G", "G", "G", "G", "G", "G", "G", "G", "G", "G"]
