
metadata:
    version:
        essentia: "1.2.2"
    audio_properties:
        analysis_sample_rate: 44100
        bitrate: 128
        channels: 2
        equal_loudness: 1
        length: 10.0310201645
        replay_gain: -14.3675956726
        downmix: "mix"
    tags:
        track: 2
        year: 0
        album: "Splitted by Mp3Splt v. 2.1"
        artist: "From 000.10 To 000.20"
        comment: "http://mp3splt.sf.net"
        genre: ""
        title: "11 100,000 Indi.mp3"

highlevel:
    ballroom:
        all:
            ChaChaCha: 0.401967406273
            Jive: 0.182350337505
            Quickstep: 0.0701167359948
            Rumba-American: 0.00363601068966
            Rumba-International: 0.00786381587386
            Rumba-Misc: 0.0152696743608
            Samba: 0.309410154819
            Tango: 0.00213515129872
            VienneseWaltz: 0.00492132361978
            Waltz: 0.00232939282432
        probability: 0.401967406273
        value: "ChaChaCha"
    culture:
        all:
            non_western: 0.0743324831128
            western: 0.925667524338
        probability: 0.925667524338
        value: "western"
    gender:
        all:
            female: 0.0974072962999
            male: 0.902592718601
        probability: 0.902592718601
        value: "male"
    genre_dortmund:
        all:
            alternative: 0.000488011428388
            blues: 0.000732934568077
            electronic: 0.00170138489921
            folkcountry: 0.000525317445863
            funksoulrnb: 0.0150886671618
            jazz: 0.00158875377383
            pop: 0.00497456034645
            raphiphop: 0.971710145473
            rock: 0.00319025060162
        probability: 0.971710145473
        value: "raphiphop"
    genre_electronica:
        all:
            ambient: 0.144220679998
            dnb: 0.674332201481
            house: 0.133282214403
            techno: 0.0286639519036
            trance: 0.0195009354502
        probability: 0.674332201481
        value: "dnb"
    genre_rosamerica:
        all:
            cla: 0.00294901803136
            dan: 0.0385698750615
            hip: 0.748428940773
            jaz: 0.0040273363702
            pop: 0.125860139728
            rhy: 0.0706564411521
            roc: 0.00515549862757
            spe: 0.00435276608914
        probability: 0.748428940773
        value: "hip"
    genre_tzanetakis:
        all:
            blu: 0.000875749683473
            cla: 0.0007171620382
            cou: 0.00145803997293
            dis: 0.0399176254869
            hip: 0.285243213177
            jaz: 0.0009352301131
            met: 0.00168914883398
            pop: 0.572618067265
            reg: 0.094079695642
            roc: 0.00246606953442
        probability: 0.572618067265
        value: "pop"
    live_studio:
        all:
            live: 0.0523240156472
            studio: 0.947676002979
        probability: 0.947676002979
        value: "studio"
    mood:
        all:
            Cluster1: 0.222026631236
            Cluster2: 0.356931179762
            Cluster3: 0.0618835352361
            Cluster4: 0.239210739732
            Cluster5: 0.11994792521
        probability: 0.356931179762
        value: "Cluster2"
    mood_acoustic:
        all:
            acoustic: 0.00960872415453
            not_acoustic: 0.990391254425
        probability: 0.990391254425
        value: "not_acoustic"
    mood_aggressive:
        all:
            aggressive: 0.111216828227
            not_aggressive: 0.888783156872
        probability: 0.888783156872
        value: "not_aggressive"
    mood_electronic:
        all:
            electronic: 0.811596632004
            not_electronic: 0.188403338194
        probability: 0.811596632004
        value: "electronic"
    mood_happy:
        all:
            happy: 0.874172925949
            not_happy: 0.125827074051
        probability: 0.874172925949
        value: "happy"
    mood_party:
        all:
            not_party: 0.113681815565
            party: 0.886318206787
        probability: 0.886318206787
        value: "party"
    mood_relaxed:
        all:
            not_relaxed: 0.893073022366
            relaxed: 0.106926999986
        probability: 0.893073022366
        value: "not_relaxed"
    mood_sad:
        all:
            not_sad: 0.939104378223
            sad: 0.0608955994248
        probability: 0.939104378223
        value: "not_sad"
    rhythm:
        all:
            fast: 0.857169747353
            medium: 0.0662046149373
            slow: 0.0766256302595
        probability: 0.857169747353
        value: "fast"
    speech_music:
        all:
            music: 0.999460160732
            speech: 0.000539829430636
        probability: 0.999460160732
        value: "music"
    timbre:
        all:
            bright: 0.113279864192
            dark: 0.886720120907
        probability: 0.886720120907
        value: "dark"
    voice_instrumental:
        all:
            instrumental: 0.0176712758839
            voice: 0.98232871294
        probability: 0.98232871294
        value: "voice"

lowlevel:
    average_loudness: 0.98303180933
    barkbands_kurtosis:
        dmean: 1.62676954269
        dmean2: 2.61039638519
        dvar: 9.03238582611
        dvar2: 24.0760650635
        max: 35.6463928223
        mean: 0.550159335136
        min: -1.90726685524
        var: 11.5424947739
    barkbands_skewness:
        dmean: 0.619996070862
        dmean2: 0.917379438877
        dvar: 0.366309046745
        dvar2: 0.82616174221
        max: 5.84795379639
        mean: 0.211445242167
        min: -3.73027610779
        var: 1.33104264736
    barkbands_spread:
        dmean: 7.37900590897
        dmean2: 12.0000314713
        dvar: 57.9873390198
        dvar2: 134.198043823
        max: 65.5308761597
        mean: 25.4465007782
        min: 3.94736146927
        var: 119.824066162
    dissonance:
        dmean: 0.0300587788224
        dmean2: 0.0506567694247
        dvar: 0.000875996774994
        dvar2: 0.00221944157965
        max: 0.499327123165
        mean: 0.44671407342
        min: 0.282963931561
        var: 0.00168527965434
    hfc:
        dmean: 2.28760910034
        dmean2: 3.29983234406
        dvar: 17.196062088
        dvar2: 23.9373149872
        max: 42.4782447815
        mean: 4.9782204628
        min: 0.0849412605166
        var: 45.1242866516
    pitch:
        dmean: 528.719177246
        dmean2: 997.379455566
        dvar: 1093309.25
        dvar2: 2881659.75
        max: 4900
        mean: 749.328857422
        min: 89.0909118652
        var: 1244474.75
    pitch_instantaneous_confidence:
        dmean: 0.12442150712
        dmean2: 0.195720225573
        dvar: 0.0128982421011
        dvar2: 0.0288571696728
        max: 0.973315119743
        mean: 0.516306579113
        min: 0.137927889824
        var: 0.0345524176955
    pitch_salience:
        dmean: 0.0894886553288
        dmean2: 0.144939914346
        dvar: 0.00576645694673
        dvar2: 0.0148879624903
        max: 0.855892777443
        mean: 0.578691840172
        min: 0.24294270575
        var: 0.0144567079842
    silence_rate_20dB:
        dmean: 0
        dmean2: 0
        dvar: 0
        dvar2: 0
        max: 1
        mean: 1
        min: 1
        var: 0
    silence_rate_30dB:
        dmean: 0
        dmean2: 0
        dvar: 0
        dvar2: 0
        max: 1
        mean: 1
        min: 1
        var: 0
    silence_rate_60dB:
        dmean: 0.190255224705
        dmean2: 0.379069775343
        dvar: 0.154058367014
        dvar2: 0.27723506093
        max: 1
        mean: 0.625
        min: 0
        var: 0.234375
    spectral_centroid:
        dmean: 398.551269531
        dmean2: 573.325134277
        dvar: 172151.015625
        dvar2: 303179.28125
        max: 4896.52685547
        mean: 1656.19848633
        min: 279.187255859
        var: 656479.25
    spectral_complexity:
        dmean: 3.61305356026
        dmean2: 5.1051402092
        dvar: 32.9178695679
        dvar2: 51.3043670654
        max: 54
        mean: 8.90465068817
        min: 0
        var: 76.0024719238
    spectral_crest:
        dmean: 2.71539950371
        dmean2: 4.46577262878
        dvar: 5.6905412674
        dvar2: 14.5486021042
        max: 24.1810951233
        mean: 8.53971767426
        min: 2.68391013145
        var: 12.5113210678
    spectral_decrease:
        dmean: 3.72429698192e-10
        dmean2: 5.5584575831e-10
        dvar: 2.74790743659e-19
        dvar2: 6.19827784586e-19
        max: -9.02661539265e-12
        mean: -6.80220269e-10
        min: -4.77708184121e-09
        var: 4.18144530085e-19
    spectral_energy:
        dmean: 0.00158491614275
        dmean2: 0.0023192577064
        dvar: 4.98598865306e-06
        dvar2: 1.05094277387e-05
        max: 0.0207039434463
        mean: 0.00301884836517
        min: 4.17730116169e-05
        var: 8.52011544339e-06
    spectral_energyband_high:
        dmean: 0.000214241925278
        dmean2: 0.000291731266771
        dvar: 1.91223193724e-07
        dvar2: 3.42616345961e-07
        max: 0.00608079973608
        mean: 0.00031747634057
        min: 1.98010880581e-07
        var: 4.88217040129e-07
    spectral_energyband_low:
        dmean: 0.000269328680588
        dmean2: 0.000489696220029
        dvar: 5.37276775958e-07
        dvar2: 1.48501590047e-06
        max: 0.0046799830161
        mean: 0.000241537185502
        min: 8.79296102596e-09
        var: 4.05869315045e-07
    spectral_energyband_middle_high:
        dmean: 0.000644116662443
        dmean2: 0.000907686480787
        dvar: 1.39726807902e-06
        dvar2: 2.72955708169e-06
        max: 0.0105570554733
        mean: 0.0012802046258
        min: 9.68471067608e-06
        var: 2.51836831922e-06
    spectral_energyband_middle_low:
        dmean: 0.000772150408011
        dmean2: 0.00121158745605
        dvar: 1.12973714295e-06
        dvar2: 2.76164405477e-06
        max: 0.0106097953394
        mean: 0.0011796054896
        min: 1.31887809403e-05
        var: 1.61628906881e-06
    spectral_flatness_db:
        dmean: 0.0256059151143
        dmean2: 0.0396701768041
        dvar: 0.000619085098151
        dvar2: 0.00142126402352
        max: 0.326255112886
        mean: 0.166319027543
        min: 0.0778724476695
        var: 0.00184861244634
    spectral_flux:
        dmean: 0.0117834294215
        dmean2: 0.0179728846997
        dvar: 0.000125312930322
        dvar2: 0.000228715318372
        max: 0.101332336664
        mean: 0.037436157465
        min: 0.004107540939
        var: 0.00035463317181
    spectral_kurtosis:
        dmean: 1.43021273613
        dmean2: 2.22317099571
        dvar: 3.18165397644
        dvar2: 7.28736782074
        max: 19.4679775238
        mean: 3.67955470085
        min: -0.193447351456
        var: 7.96569013596
    spectral_rms:
        dmean: 0.000415093149059
        dmean2: 0.000581379747018
        dvar: 1.82401279858e-07
        dvar2: 3.60450542303e-07
        max: 0.00449432618916
        mean: 0.00156598584726
        min: 0.000201876595384
        var: 4.92907133776e-07
    spectral_rolloff:
        dmean: 653.9765625
        dmean2: 1110.46923828
        dvar: 684738.0625
        dvar2: 1450265.75
        max: 6481.49414062
        mean: 2897.41650391
        min: 236.865234375
        var: 1444151.875
    spectral_skewness:
        dmean: 0.246672913432
        dmean2: 0.376359641552
        dvar: 0.0556947849691
        dvar2: 0.124151743948
        max: 2.89836168289
        mean: 1.51028048992
        min: 0.355933666229
        var: 0.193453371525
    spectral_spread:
        dmean: 967743.5625
        dmean2: 1434697.625
        dvar: 1.04070080102e+12
        dvar2: 1.87093994701e+12
        max: 12194864
        mean: 6022273
        min: 1541355.125
        var: 4.4455648297e+12
    spectral_strongpeak:
        dmean: 0.370859652758
        dmean2: 0.620563328266
        dvar: 0.177729487419
        dvar2: 0.460720926523
        max: 3.48267793655
        mean: 0.610805273056
        min: 0.0169235020876
        var: 0.321530789137
    zerocrossingrate:
        dmean: 0.0137310605496
        dmean2: 0.0149427754804
        dvar: 0.000168286685948
        dvar2: 0.000180225790245
        max: 0.22900390625
        mean: 0.0924588963389
        min: 0.03369140625
        var: 0.00119871413335
    barkbands:
        dmean: [6.37595235276e-07, 0.000109943510324, 0.000197776273126, 0.000151707034092, 0.000212132683373, 0.000272761593806, 0.000104730359453, 0.000130107451696, 0.000113689842692, 8.07629621704e-05, 0.000129886975628, 7.41427429602e-05, 6.42607992631e-05, 6.57912605675e-05, 7.61562914704e-05, 8.42108129291e-05, 0.000105613820779, 9.83362624538e-05, 0.000123397243442, 0.000113148169476, 0.000105030165287, 4.84259289806e-05, 8.42652843858e-06, 3.37309006682e-06, 1.89051070265e-06, 2.02148967787e-07, 8.59551541055e-10]
        dmean2: [9.17039983506e-07, 0.000192395382328, 0.00037899860763, 0.000266337039648, 0.0003465366608, 0.000443929748144, 0.000162907046615, 0.000210855752812, 0.00015363721468, 0.000119162010378, 0.000234141305555, 0.000126246231957, 0.000100259669125, 9.95760346996e-05, 0.000122020865092, 0.000130902204546, 0.000156591442646, 0.000143172248499, 0.000177641733899, 0.000166877362062, 0.000148595892824, 7.17408111086e-05, 1.23286145026e-05, 4.70280474474e-06, 2.86457634502e-06, 3.05110233967e-07, 1.01741814973e-09]
        dvar: [1.20832033615e-12, 5.42720108854e-08, 3.43648025591e-07, 1.14104587112e-07, 2.83227649334e-07, 2.16572047407e-07, 4.54195294708e-08, 1.20482738453e-07, 4.62915039634e-08, 3.02969098698e-08, 2.27114369977e-07, 3.85125638047e-08, 1.14530296358e-08, 1.24791670331e-08, 8.41127612006e-09, 1.46027918646e-08, 3.01428428884e-08, 4.67189487097e-08, 6.27366034678e-08, 5.29410648653e-08, 6.33563601582e-08, 1.26474883899e-08, 3.60385166154e-10, 4.42579306537e-11, 9.53558672995e-12, 1.07216021001e-13, 1.79294878547e-16]
        dvar2: [3.0502596976e-12, 1.3972362467e-07, 1.01515547613e-06, 3.20200200576e-07, 7.29391842924e-07, 5.00504597767e-07, 1.15023709668e-07, 2.91426118793e-07, 8.38984632878e-08, 5.88919171207e-08, 6.50230902011e-07, 1.04404911383e-07, 2.49904772431e-08, 2.86038925879e-08, 2.07919548245e-08, 3.02428375676e-08, 6.80843044165e-08, 8.87943727435e-08, 1.31482920551e-07, 9.03561385712e-08, 1.28721325154e-07, 2.73652016602e-08, 6.81381173706e-10, 8.35651686737e-11, 1.92626019302e-11, 2.42935012384e-13, 1.80025166531e-16]
        max: [1.08658441604e-05, 0.00154428277165, 0.00356393819675, 0.00245211087167, 0.00556197762489, 0.00296315550804, 0.00185641786084, 0.00301771285012, 0.00328022893518, 0.0019899494946, 0.00372962118126, 0.00152237107977, 0.00112459389493, 0.000893826945685, 0.000820492976345, 0.00114268239122, 0.00173900823575, 0.00285214954056, 0.00372991478071, 0.00204266607761, 0.00374401826411, 0.00143926043529, 0.000241416375502, 7.44374337955e-05, 3.99804157496e-05, 2.6778643587e-06, 2.78146956134e-07]
        mean: [1.24864334339e-06, 0.000116056369734, 0.000124257989228, 0.000138804985909, 0.000237255342654, 0.000284628738882, 0.000115609247587, 0.000141660799272, 0.000222372837015, 9.91780689219e-05, 9.26437060116e-05, 6.89320004312e-05, 9.68436870608e-05, 9.36700234888e-05, 0.00014355526946, 0.000132062006742, 0.000167929902091, 0.00014547619503, 0.00020362737996, 0.000162465526955, 0.000142061006045, 6.80190350977e-05, 1.17361023513e-05, 5.50128243049e-06, 2.9348013868e-06, 3.17587762311e-07, 9.17081577345e-10]
        min: [6.38297791358e-12, 1.06783226705e-09, 6.29908658567e-09, 1.16065592692e-08, 5.1949559321e-08, 2.39206219277e-08, 6.53415241914e-08, 3.12677279624e-08, 1.3152529732e-07, 1.88575146609e-08, 3.66254226947e-08, 8.58033573081e-08, 1.13484041719e-07, 3.27468718808e-08, 2.23782961939e-07, 6.83888501385e-08, 2.86055524157e-07, 3.10550149152e-07, 8.10199935586e-07, 3.18332098459e-07, 6.22968343578e-08, 1.65267959318e-08, 2.56120169517e-09, 1.18124632298e-09, 5.90532234224e-10, 5.72143582511e-11, 1.33646322091e-13]
        var: [3.75333141303e-12, 6.16761894889e-08, 1.99366652964e-07, 8.34002022998e-08, 2.68665388603e-07, 2.43081814233e-07, 5.33779491718e-08, 1.37283734603e-07, 2.51115238825e-07, 5.32699857558e-08, 1.34004096708e-07, 2.99415390259e-08, 1.92886879802e-08, 2.2208226369e-08, 1.99393781486e-08, 3.49345192774e-08, 6.08753225606e-08, 9.08678856604e-08, 1.44711222561e-07, 9.83806245358e-08, 1.47792704297e-07, 2.71500919524e-08, 5.92573323743e-10, 8.11163358705e-11, 1.67994698014e-11, 1.83156983503e-13, 1.79308801651e-16]
    mfcc:
        mean: [-756.757324219, 85.5294570923, -46.5536689758, 36.5015525818, -14.1361227036, -8.91370391846, -9.4414768219, -11.8134431839, -1.15220963955, -2.54600214958, -3.59603857994, -5.58060216904, -5.88829994202]
        cov: [[4072.2902832, -388.019958496, 440.462890625, -194.876785278, -190.155441284, 172.869506836, -257.68347168, -127.100402832, -107.502166748, -330.791534424, -203.839797974, -40.8265419006, -44.4193115234], [-388.019958496, 1723.62878418, -152.63961792, 56.1730232239, 156.94732666, -76.0086746216, 119.728408813, -78.1806869507, 42.6226196289, -7.1109995842, -75.5794296265, 28.5897407532, 160.754165649], [440.462890625, -152.63961792, 1362.7421875, 372.572723389, 72.2768936157, 87.0547790527, 126.0414505, 104.359703064, 14.0891895294, -10.1975345612, -91.7001571655, 41.3621902466, 89.7566680908], [-194.876785278, 56.1730232239, 372.572723389, 708.959350586, 239.383026123, 198.964691162, 208.867828369, 83.3437042236, 23.6948490143, 65.7583618164, 98.8880691528, 51.1917190552, 104.657318115], [-190.155441284, 156.94732666, 72.2768936157, 239.383026123, 475.030609131, 130.401489258, 74.7735443115, 14.3702287674, -43.7224121094, 64.6453781128, 83.7005386353, 27.4614219666, 33.1994590759], [172.869506836, -76.0086746216, 87.0547790527, 198.964691162, 130.401489258, 278.864440918, 141.556396484, 131.953033447, 85.1036758423, 39.7364044189, 63.0785522461, 22.3330154419, 17.4808502197], [-257.68347168, 119.728408813, 126.0414505, 208.867828369, 74.7735443115, 141.556396484, 404.916442871, 235.610534668, 121.529457092, 86.5388870239, 68.9262084961, 59.7619934082, 71.3846740723], [-127.100402832, -78.1806869507, 104.359703064, 83.3437042236, 14.3702287674, 131.953033447, 235.610534668, 335.175079346, 153.28717041, 108.591178894, 118.287246704, 49.0334854126, 43.1542053223], [-107.502166748, 42.6226196289, 14.0891895294, 23.6948490143, -43.7224121094, 85.1036758423, 121.529457092, 153.28717041, 267.476593018, 113.083595276, 47.0671386719, 49.8830871582, 4.34401655197], [-330.791534424, -7.1109995842, -10.1975345612, 65.7583618164, 64.6453781128, 39.7364044189, 86.5388870239, 108.591178894, 113.083595276, 212.803710938, 123.108390808, 33.0152206421, 40.6690063477], [-203.839797974, -75.5794296265, -91.7001571655, 98.8880691528, 83.7005386353, 63.0785522461, 68.9262084961, 118.287246704, 47.0671386719, 123.108390808, 227.504486084, 78.3287887573, 72.6623458862], [-40.8265419006, 28.5897407532, 41.3621902466, 51.1917190552, 27.4614219666, 22.3330154419, 59.7619934082, 49.0334854126, 49.8830871582, 33.0152206421, 78.3287887573, 162.443496704, 95.3087921143], [-44.4193115234, 160.754165649, 89.7566680908, 104.657318115, 33.1994590759, 17.4808502197, 71.3846740723, 43.1542053223, 4.34401655197, 40.6690063477, 72.6623458862, 95.3087921143, 185.253921509]]
        icov: [[0.000355504802428, 2.71965836873e-05, -0.000152477659867, 0.000199498157599, 0.000122153956909, -0.000564038928133, 0.000223429160542, 7.96153763076e-05, -1.55673333211e-05, 0.000472616375191, -2.99558760162e-05, 2.54170299741e-05, -0.000155211178935], [2.71965836873e-05, 0.00088564917678, 0.00021858207765, 3.416316531e-06, -0.000579018262215, 0.000544942682609, -0.000395564013161, 0.000344371568644, -0.000756118737627, 0.000356965640094, 0.000619895756245, 0.000479854032164, -0.0012959378073], [-0.000152477659867, 0.00021858207765, 0.00120317877736, -0.000778049987275, -0.000213513791095, 0.000477075198432, 0.000165200195624, -0.000825027644169, 7.90127742221e-05, -0.000396506598918, 0.001593117835, -0.00032801029738, -0.000618778925855], [0.000199498157599, 3.416316531e-06, -0.000778049987275, 0.00283565465361, -0.000510447949637, -0.00149827764835, -0.00106241321191, 0.00134474120568, -8.84009423316e-05, 0.000447673548479, -0.00135045929346, 0.00066410942236, -0.000759326736443], [0.000122153956909, -0.000579018262215, -0.000213513791095, -0.000510447949637, 0.00363249145448, -0.00200672168285, 6.73908289173e-05, 0.000449900137028, 0.00202888832428, -0.00143340486102, -0.000743095821235, -0.000925828760955, 0.00136604404543], [-0.000564038928133, 0.000544942682609, 0.000477075198432, -0.00149827764835, -0.00200672168285, 0.0076573737897, -0.000965445593465, -0.00146193697583, -0.00233826995827, 0.00122575066052, -0.000232054109802, 0.000916345103178, -0.000237869666307], [0.000223429160542, -0.000395564013161, 0.000165200195624, -0.00106241321191, 6.73908289173e-05, -0.000965445593465, 0.00572092225775, -0.00381699786521, 0.000219773792196, -0.000454365421319, 0.00176542648114, -0.00100405653939, -0.000400602992158], [7.96153763076e-05, 0.000344371568644, -0.000825027644169, 0.00134474120568, 0.000449900137028, -0.00146193697583, -0.00381699786521, 0.0084032388404, -0.00240430608392, 0.000405805418268, -0.00380979012698, 0.00143370754085, -0.000345064123394], [-1.55673333211e-05, -0.000756118737627, 7.90127742221e-05, -8.84009423316e-05, 0.00202888832428, -0.00233826995827, 0.000219773792196, -0.00240430608392, 0.00845962390304, -0.00470436364412, 0.00198255758733, -0.00351691106334, 0.00286261318251], [0.000472616375191, 0.000356965640094, -0.000396506598918, 0.000447673548479, -0.00143340486102, 0.00122575066052, -0.000454365421319, 0.000405805418268, -0.00470436364412, 0.0107302442193, -0.00493079330772, 0.0028348355554, -0.00180522119626], [-2.99558760162e-05, 0.000619895756245, 0.001593117835, -0.00135045929346, -0.000743095821235, -0.000232054109802, 0.00176542648114, -0.00380979012698, 0.00198255758733, -0.00493079330772, 0.0116794919595, -0.0035588464234, -0.00190592324361], [2.54170299741e-05, 0.000479854032164, -0.00032801029738, 0.00066410942236, -0.000925828760955, 0.000916345103178, -0.00100405653939, 0.00143370754085, -0.00351691106334, 0.0028348355554, -0.0035588464234, 0.0113541707397, -0.00547961750999], [-0.000155211178935, -0.0012959378073, -0.000618778925855, -0.000759326736443, 0.00136604404543, -0.000237869666307, -0.000400602992158, -0.000345064123394, 0.00286261318251, -0.00180522119626, -0.00190592324361, -0.00547961750999, 0.0111223645508]]
    spectral_contrast:
        mean: [-1.36163691877e-07, 3.53590706936e-07, -7.25998461348e-07, 2.17556959115e-07, -2.23898609875e-07, -4.94129437811e-07, 2.2514614102e-06, -2.70300137828e-08, 3.4154847981e-06, 1.47777939219e-06, 8.30167948607e-07, -7.78464368523e-07]
        var: [0.000848087482154, 0.00139630446211, 0.00364011712372, 0.00476954411715, 0.00798480305821, 0.0115138608962, 0.11774738133, 0.246155738831, 0.309599369764, 0.716536283493, 1.60877382755, 3.44985198975]

rhythm:
    beats_loudness:
        dmean: 0.00512445950881
        dmean2: 0.00976541731507
        dvar: 2.65305243374e-05
        dvar2: 6.75502378726e-05
        max: 0.0182304698974
        mean: 0.00485008675605
        min: 0.00102205423173
        var: 2.26012653002e-05
    beats_loudness_bass:
        dmean: 0.257562220097
        dmean2: 0.497052639723
        dvar: 0.0255867503583
        dvar2: 0.094453305006
        max: 0.464984059334
        mean: 0.205609500408
        min: 0.00102244236041
        var: 0.0302302278578
    bpm: 94.5530776978
    bpm_confidence: 0
    first_peak_bpm: 95
    first_peak_spread: 0
    first_peak_weight: 0.928571403027
    onset_rate: 5.2836098671
    second_peak_bpm: 60
    second_peak_spread: 0
    second_peak_weight: 0.0714285746217
    beats_position: [0.138989418745, 0.773445010185, 1.40790057182, 2.04235601425, 2.6768116951, 3.31126737595, 3.94572281837, 4.5801782608, 5.21463441849, 6.2123632431, 6.84703063965, 7.48169755936, 8.11636638641, 8.75103282928, 9.3857011795]
    bpm_estimates: [94.701171875, 94.522315979, 94.664855957, 94.6147613525, 94.8681793213, 94.1559295654, 94.5964813232, 94.5165634155, 94.4862976074, 95.0153045654, 94.5009918213, 94.7176055908, 94.5712585449, 94.5176925659, 94.410736084, 94.5891799927, 94.1815414429, 94.5895233154, 94.2878799438]
    bpm_intervals: [0.634455561638, 0.634455561638, 0.634455442429, 0.634455680847, 0.634455680847, 0.634455442429, 0.634455442429, 0.634456157684, 0.997728824615, 0.634667396545, 0.634666919708, 0.634668827057, 0.634666442871, 0.63466835022]
    onset_times: [0.0696598663926, 0.301859408617, 0.383129239082, 0.452789127827, 0.766258478165, 0.952018141747, 1.07972788811, 1.40480720997, 1.69505667686, 1.88081634045, 2.0549659729, 2.19428563118, 2.35682535172, 2.64707493782, 3.00698423386, 3.22757363319, 3.35528349876, 3.50621318817, 3.62231302261, 3.84290242195, 3.94739222527, 4.28408145905, 4.38857126236, 4.49306106567, 4.62077093124, 4.93424034119, 5.08517026901, 5.22448968887, 5.56117916107, 5.71210861206, 5.88625860214, 6.1648979187, 6.40870761871, 6.54802703857, 6.73378705978, 6.82666683197, 6.93115663528, 7.10530614853, 7.30267572403, 7.46521520615, 7.74385499954, 7.9644446373, 8.103764534, 8.26630401611, 8.42884349823, 8.60299301147, 8.73070335388, 9.06739234924, 9.26476192474, 9.38086128235, 9.64789104462, 9.83365058899, 10.0194101334]
    rubato_start: []
    rubato_stop: []
    perceptual_tempo: "unknown"

sfx:
    inharmonicity:
        dmean: 0.0703195780516
        dmean2: 0.124660298228
        dvar: 0.00655716937035
        dvar2: 0.0179801117629
        max: 0.476102203131
        mean: 0.0632085874677
        min: 4.50047409686e-05
        var: 0.0063658375293
    oddtoevenharmonicenergyratio:
        dmean: 37.0009536743
        dmean2: 73.3285675049
        dvar: 218535.875
        dvar2: 660876.4375
        max: 6867.99511719
        mean: 19.4162216187
        min: 0.000166571640875
        var: 109465.898438
    pitch_after_max_to_before_max_energy_ratio: 0.988901555538
    pitch_centroid: 199.002578735
    pitch_max_to_total: 0.446511626244
    pitch_min_to_total: 0.425581395626
    tristimulus:
        dmean: [0.226532638073, 0.288263648748, 0.132921874523]
        dmean2: [0.392171800137, 0.514035761356, 0.235183387995]
        dvar: [0.0398981235921, 0.0643119364977, 0.0221578516066]
        dvar2: [0.105580635369, 0.182934388518, 0.0595006495714]
        max: [0.962709367275, 0.999266803265, 0.881875574589]
        mean: [0.302584558725, 0.526034235954, 0.126676335931]
        min: [0.000314279663144, 0, 0]
        var: [0.063656270504, 0.08220333606, 0.0272675361484]

tonal:
    chords_changes_rate: 0.0972222238779
    chords_number_rate: 0.037037037313
    chords_strength:
        dmean: 0.0163841210306
        dmean2: 0.0198101475835
        dvar: 0.000188321981113
        dvar2: 0.000259168824414
        max: 0.673144161701
        mean: 0.503286659718
        min: 0.27742421627
        var: 0.013968013227
    key_strength: 0.613094627857
    tuning_diatonic_strength: 0.515204787254
    tuning_equal_tempered_deviation: 0.150138989091
    tuning_frequency: 435.700531006
    tuning_nontempered_energy_ratio: 0.850748002529
    hpcp:
        dmean: [0.139482840896, 0.132818624377, 0.150377377868, 0.154059827328, 0.15894548595, 0.163781642914, 0.198263972998, 0.206901669502, 0.161290332675, 0.13723360002, 0.154067501426, 0.170201674104, 0.192586123943, 0.203459307551, 0.156711801887, 0.173254534602, 0.18380215764, 0.178663030267, 0.17941339314, 0.162215426564, 0.178339272738, 0.195723176003, 0.187410980463, 0.2119987607, 0.240379273891, 0.227020487189, 0.247823372483, 0.261749655008, 0.22092474997, 0.236569836736, 0.258250355721, 0.23329718411, 0.194521993399, 0.189529135823, 0.171037569642, 0.152149662375]
        dmean2: [0.238695889711, 0.231144040823, 0.257066607475, 0.249358072877, 0.258867919445, 0.27182495594, 0.333493351936, 0.357780337334, 0.273588865995, 0.232152879238, 0.264757364988, 0.283449321985, 0.321961313486, 0.337530344725, 0.263947963715, 0.293806165457, 0.312094122171, 0.287277698517, 0.310756921768, 0.280307590961, 0.306635320187, 0.344198167324, 0.326049089432, 0.350471019745, 0.423187941313, 0.394796222448, 0.436737239361, 0.442460149527, 0.391636312008, 0.40046608448, 0.439746320248, 0.39776751399, 0.338852852583, 0.307952016592, 0.286122739315, 0.268189847469]
        dvar: [0.0328504145145, 0.0343015082181, 0.0364823378623, 0.0363423600793, 0.0330504365265, 0.0355152823031, 0.0423209257424, 0.051752936095, 0.0466912053525, 0.0291182287037, 0.0420364663005, 0.0416931025684, 0.0480611771345, 0.0530546940863, 0.0348439104855, 0.0394847281277, 0.0562037192285, 0.0391126722097, 0.0479099154472, 0.03498923406, 0.041874486953, 0.0460417233407, 0.0469332151115, 0.0572059229016, 0.0762469097972, 0.0680644363165, 0.0704027637839, 0.0700069069862, 0.0587137043476, 0.0663241446018, 0.0746594965458, 0.0619244985282, 0.0543523617089, 0.0421074666083, 0.0392212979496, 0.0442294701934]
        dvar2: [0.0939016416669, 0.0832540765405, 0.0970798954368, 0.0921015515924, 0.0940279439092, 0.0907818078995, 0.118777863681, 0.13092726469, 0.118539147079, 0.0749044120312, 0.114981845021, 0.104409597814, 0.11185708642, 0.139735504985, 0.0760864838958, 0.099609233439, 0.131361752748, 0.0954391732812, 0.131252899766, 0.0993163883686, 0.111220635474, 0.118274852633, 0.114342696965, 0.146910503507, 0.20406730473, 0.172758713365, 0.172859430313, 0.179223954678, 0.150220751762, 0.181572690606, 0.182348176837, 0.163782998919, 0.146708235145, 0.100384347141, 0.0927801653743, 0.126024723053]
        max: [1, 1, 1, 1, 1, 1, 1, 1, 1, 1, 1, 1, 1, 1, 1, 1, 1, 1, 1, 0.911230623722, 1, 1, 1, 1, 1, 1, 1, 1, 1, 1, 1, 1, 1, 1, 1, 1]
        mean: [0.12385058403, 0.129948735237, 0.161683142185, 0.19101293385, 0.180020436645, 0.210248529911, 0.285803884268, 0.272554725409, 0.192037284374, 0.149517804384, 0.155650302768, 0.178191289306, 0.202129870653, 0.207069739699, 0.201443210244, 0.224472299218, 0.229954048991, 0.205037221313, 0.190015405416, 0.161578178406, 0.178121000528, 0.219292387366, 0.222569718957, 0.234121575952, 0.233409225941, 0.227522209287, 0.273071706295, 0.284781813622, 0.228511616588, 0.248816683888, 0.305030852556, 0.253377318382, 0.217800110579, 0.250719279051, 0.204362228513, 0.137202084064]
        min: [0.000317282305332, 0.000521297333762, 0.000356133677997, 0.000513211241923, 0.00124248338398, 0.00214891228825, 0.00211474043317, 0.00598084693775, 0.0066112363711, 0.000388962653233, 0.000256431521848, 0.000611185620073, 0.000653225637507, 0.00185486627743, 0.0013720021816, 0.00388937443495, 0.0056758960709, 0.00158189528156, 0.0019973423332, 0.000747531361412, 0.000452510197647, 0.000574576784857, 0.000380308862077, 0.000121180652059, 0.000101752353658, 0.000672653317451, 0.000734297791496, 0.000373308110284, 0.000396174698835, 0.000223116920097, 0.000858488667291, 0.000595970486756, 0.000423508550739, 0.000645394437015, 0.000202305716812, 0.000309420924168]
        var: [0.0305281989276, 0.0351141579449, 0.0396281927824, 0.0549152903259, 0.0456899553537, 0.0478015169501, 0.0769535079598, 0.0793413817883, 0.0565277822316, 0.0373979359865, 0.0426510833204, 0.0502579621971, 0.0652385428548, 0.0669796913862, 0.0547245554626, 0.0619565546513, 0.0695331990719, 0.0540553629398, 0.0544903501868, 0.0377699919045, 0.0466266460717, 0.0599141605198, 0.0648109838367, 0.0778422653675, 0.0814383998513, 0.0770447179675, 0.0958261489868, 0.0952073410153, 0.0693725720048, 0.0789995491505, 0.105249740183, 0.078050263226, 0.059332754463, 0.0732709988952, 0.0547605082393, 0.0378596112132]
    chords_histogram: [12.9629631042, 0, 0.462962955236, 0, 0, 18.5185184479, 0, 5.55555534363, 0.925925910473, 1.85185182095, 2.31481480598, 0, 0, 0, 0, 17.5925922394, 0.925925910473, 0, 0, 0, 0, 0.925925910473, 20.8333339691, 17.1296291351]
    thpcp: [1, 0.830661296844, 0.714026510715, 0.821947276592, 0.669972300529, 0.449797391891, 0.406026422977, 0.426018327475, 0.530055046082, 0.626208543777, 0.590171217918, 0.689269721508, 0.936967134476, 0.893531680107, 0.629566729069, 0.490172713995, 0.510277271271, 0.584174633026, 0.66265386343, 0.67884850502, 0.660402715206, 0.73590028286, 0.753871440887, 0.672185182571, 0.622938334942, 0.529710948467, 0.583944201469, 0.718918740749, 0.729662954807, 0.767534077168, 0.765198767185, 0.745899021626, 0.895226538181, 0.933616399765, 0.74914264679, 0.815709888935]
    chords_key: "E"
    chords_scale: "minor"
    key_key: "B"
    key_scale: "minor"
    chords_progression: ["E", "E", "E", "E", "E", "E", "E", "E", "E", "E", "E", "E", "E", "E", "E", "E", "E", "E", "E", "E", "E", "E", "E", "E", "E", "E", "E", "E", "E", "E", "E", "E", "E", "E", "E", "E", "E", "E", "E", "E", "B", "B", "B", "B", "B", "B", "B", "B", "B", "B", "B", "B", "Em", "Em", "Em", "Em", "Em", "Em", "Em", "Em", "Em", "Em", "Em", "Em", "Em", "Em", "Em", "Em", "Em", "Em", "Em", "Em", "Em", "Em", "Em", "Em", "Em", "Bm", "F#", "F#", "F#", "Em", "Em", "Em", "C", "C", "F#", "F#m", "Em", "Em", "Em", "Em", "Em", "Em", "Bm", "Bm", "Bm", "Bm", "Bm", "Bm", "Bm", "Bm", "Bm", "Bm", "Bm", "Bm", "Bm", "Bm", "Bm", "Bm", "Bm", "A#m", "A#m", "A#m", "A#m", "A#m", "D#m", "D#m", "D#", "D#", "D#", "D#", "D#", "D#", "D#", "D#", "D#", "D#", "D#", "D#", "D#", "D#", "D#", "D#", "D#", "D#", "D#", "D#", "D#", "D#", "D#", "D#", "D#", "D#", "D#", "D#", "D#", "D#", "D#", "D#", "D#", "D#", "D#", "D#", "D#", "D#", "Bm", "Bm", "Bm", "Bm", "Bm", "Bm", "Bm", "G", "G", "G", "Bm", "G", "G", "G", "G", "G", "G", "Gm", "Gm", "G", "G", "G", "G", "G", "G", "G", "G", "G", "G", "G", "G", "G", "G", "G", "G", "G", "G", "G", "G", "G", "G", "G", "G", "G", "G", "G", "G", "Bm", "Bm", "Em", "Em", "Em", "Em", "Em", "Em", "Em", "Em", "Em", "Em", "Em"]
