
metadata:
    version:
        essentia: "1.2.2"
    audio_properties:
        analysis_sample_rate: 44100
        bitrate: 128
        channels: 2
        equal_loudness: 1
        length: 10.187754631
        replay_gain: -8.63402938843
        downmix: "mix"
    tags:
        track: 13
        year: 0
        album: "Splitted by Mp3Splt v. 2.1"
        artist: "From 002.00 To 002.10"
        comment: "http://mp3splt.sf.net"
        genre: ""
        title: "08 Crossroad.mp3"

highlevel:
    ballroom:
        all:
            ChaChaCha: 0.0893803685904
            Jive: 0.062091846019
            Quickstep: 0.0261371992528
            Rumba-American: 0.00521135516465
            Rumba-International: 0.100738577545
            Rumba-Misc: 0.0194270033389
            Samba: 0.676596462727
            Tango: 0.00776980491355
            VienneseWaltz: 0.00701999245211
            Waltz: 0.00562740908936
        probability: 0.676596462727
        value: "Samba"
    culture:
        all:
            non_western: 0.0252479929477
            western: 0.974752008915
        probability: 0.974752008915
        value: "western"
    gender:
        all:
            female: 0.317777693272
            male: 0.682222306728
        probability: 0.682222306728
        value: "male"
    genre_dortmund:
        all:
            alternative: 0.00287761562504
            blues: 0.00315036997199
            electronic: 0.00990885868669
            folkcountry: 0.00431171618402
            funksoulrnb: 0.00629937835038
            jazz: 0.00608929619193
            pop: 0.0076387510635
            raphiphop: 0.952214717865
            rock: 0.00750928325579
        probability: 0.952214717865
        value: "raphiphop"
    genre_electronica:
        all:
            ambient: 0.0587385296822
            dnb: 0.522497832775
            house: 0.312664031982
            techno: 0.0675322562456
            trance: 0.0385673493147
        probability: 0.522497832775
        value: "dnb"
    genre_rosamerica:
        all:
            cla: 0.00150421692524
            dan: 0.355873972178
            hip: 0.463395386934
            jaz: 0.00481497682631
            pop: 0.00803619064391
            rhy: 0.158014237881
            roc: 0.00568410987034
            spe: 0.00267692678608
        probability: 0.463395386934
        value: "hip"
    genre_tzanetakis:
        all:
            blu: 0.00101058033761
            cla: 0.000400440476369
            cou: 0.00220469827764
            dis: 0.0310013052076
            hip: 0.129462629557
            jaz: 0.00113568082452
            met: 0.00702166510746
            pop: 0.654862821102
            reg: 0.163926199079
            roc: 0.0089739440009
        probability: 0.654862821102
        value: "pop"
    live_studio:
        all:
            live: 0.0656413212419
            studio: 0.934358656406
        probability: 0.934358656406
        value: "studio"
    mood:
        all:
            Cluster1: 0.312523752451
            Cluster2: 0.221924424171
            Cluster3: 0.0366424061358
            Cluster4: 0.0951903313398
            Cluster5: 0.333719104528
        probability: 0.333719104528
        value: "Cluster5"
    mood_acoustic:
        all:
            acoustic: 0.0115389516577
            not_acoustic: 0.988461077213
        probability: 0.988461077213
        value: "not_acoustic"
    mood_aggressive:
        all:
            aggressive: 0.0404458343983
            not_aggressive: 0.959554135799
        probability: 0.959554135799
        value: "not_aggressive"
    mood_electronic:
        all:
            electronic: 0.960977137089
            not_electronic: 0.039022885263
        probability: 0.960977137089
        value: "electronic"
    mood_happy:
        all:
            happy: 0.765980899334
            not_happy: 0.234019100666
        probability: 0.765980899334
        value: "happy"
    mood_party:
        all:
            not_party: 0.144006446004
            party: 0.855993568897
        probability: 0.855993568897
        value: "party"
    mood_relaxed:
        all:
            not_relaxed: 0.259623497725
            relaxed: 0.740376472473
        probability: 0.740376472473
        value: "relaxed"
    mood_sad:
        all:
            not_sad: 0.00384324206971
            sad: 0.99615675211
        probability: 0.99615675211
        value: "sad"
    rhythm:
        all:
            fast: 0.135026007891
            medium: 0.755152523518
            slow: 0.109821468592
        probability: 0.755152523518
        value: "medium"
    speech_music:
        all:
            music: 1.31822536827e-12
            speech: 1
        probability: 1
        value: "speech"
    timbre:
        all:
            bright: 0.243479713798
            dark: 0.756520271301
        probability: 0.756520271301
        value: "dark"
    voice_instrumental:
        all:
            instrumental: 0.00146654003765
            voice: 0.99853348732
        probability: 0.99853348732
        value: "voice"

lowlevel:
    average_loudness: 0.982194006443
    barkbands_kurtosis:
        dmean: 1.7663346529
        dmean2: 2.7985188961
        dvar: 6.73502731323
        dvar2: 14.5127162933
        max: 27.920463562
        mean: 0.497811853886
        min: -1.89208459854
        var: 11.8226795197
    barkbands_skewness:
        dmean: 0.685129106045
        dmean2: 0.97539460659
        dvar: 0.414100646973
        dvar2: 0.799926996231
        max: 4.64676570892
        mean: 0.444369137287
        min: -4.874376297
        var: 1.49948048592
    barkbands_spread:
        dmean: 9.25275039673
        dmean2: 14.7993764877
        dvar: 80.1289978027
        dvar2: 188.944595337
        max: 73.7802810669
        mean: 34.7895431519
        min: 6.98878955841
        var: 155.434646606
    dissonance:
        dmean: 0.0234784018248
        dmean2: 0.0393117517233
        dvar: 0.000538073014468
        dvar2: 0.00124864035752
        max: 0.498257130384
        mean: 0.455938756466
        min: 0.325714796782
        var: 0.000958454853389
    hfc:
        dmean: 2.67641758919
        dmean2: 3.54422736168
        dvar: 18.9997253418
        dvar2: 30.4643859863
        max: 54.9048118591
        mean: 5.26432180405
        min: 0.0607198067009
        var: 60.1160850525
    pitch:
        dmean: 953.564208984
        dmean2: 1839.01806641
        dvar: 2252775.75
        dvar2: 4809805.5
        max: 5512.5
        mean: 1612.48803711
        min: 97.1365661621
        var: 3326960.5
    pitch_instantaneous_confidence:
        dmean: 0.121355593204
        dmean2: 0.189162179828
        dvar: 0.00844096299261
        dvar2: 0.0185096599162
        max: 0.858462810516
        mean: 0.487539768219
        min: 0.114218890667
        var: 0.0228862725198
    pitch_salience:
        dmean: 0.0833890885115
        dmean2: 0.134824126959
        dvar: 0.00505993934348
        dvar2: 0.0136838918552
        max: 0.825158119202
        mean: 0.607480823994
        min: 0.216589316726
        var: 0.0105460593477
    silence_rate_20dB:
        dmean: 0
        dmean2: 0
        dvar: 0
        dvar2: 0
        max: 1
        mean: 1
        min: 1
        var: 0
    silence_rate_30dB:
        dmean: 0
        dmean2: 0
        dvar: 0
        dvar2: 0
        max: 1
        mean: 1
        min: 1
        var: 0
    silence_rate_60dB:
        dmean: 0.182232350111
        dmean2: 0.365296810865
        dvar: 0.149023041129
        dvar2: 0.268383353949
        max: 1
        mean: 0.688636362553
        min: 0
        var: 0.21441604197
    spectral_centroid:
        dmean: 464.332519531
        dmean2: 656.157409668
        dvar: 249032.609375
        dvar2: 424630
        max: 5240.58642578
        mean: 1596.38549805
        min: 239.805877686
        var: 933096.3125
    spectral_complexity:
        dmean: 3.33561635017
        dmean2: 4.61556053162
        dvar: 14.4695529938
        dvar2: 24.7812595367
        max: 36
        mean: 8.2482919693
        min: 0
        var: 51.7675323486
    spectral_crest:
        dmean: 2.52756929398
        dmean2: 4.31587791443
        dvar: 5.18394804001
        dvar2: 13.5801000595
        max: 19.1357345581
        mean: 7.6920208931
        min: 2.94364380836
        var: 9.32569408417
    spectral_decrease:
        dmean: 3.24827692522e-10
        dmean2: 4.60026378102e-10
        dvar: 2.23281457283e-19
        dvar2: 4.96098160259e-19
        max: -1.8487310207e-12
        mean: -6.46770415003e-10
        min: -4.13382217346e-09
        var: 4.18309785261e-19
    spectral_energy:
        dmean: 0.00143400637899
        dmean2: 0.00199378491379
        dvar: 4.0620288928e-06
        dvar2: 8.62398246682e-06
        max: 0.0180985219777
        mean: 0.00291855167598
        min: 1.24849739223e-05
        var: 8.84538985702e-06
    spectral_energyband_high:
        dmean: 0.000248359574471
        dmean2: 0.000332739436999
        dvar: 3.76275437475e-07
        dvar2: 6.20609739599e-07
        max: 0.00784718990326
        mean: 0.000435985479271
        min: 3.87762565879e-06
        var: 1.09805341708e-06
    spectral_energyband_low:
        dmean: 0.000343831081409
        dmean2: 0.000596020137891
        dvar: 1.29935006044e-06
        dvar2: 3.51385938302e-06
        max: 0.00968283321708
        mean: 0.000432994536823
        min: 5.45635316485e-07
        var: 1.04925936739e-06
    spectral_energyband_middle_high:
        dmean: 0.00055879476713
        dmean2: 0.000790997582953
        dvar: 5.64079982723e-07
        dvar2: 1.13089981824e-06
        max: 0.00871924683452
        mean: 0.00101110839751
        min: 1.99812734536e-06
        var: 1.27195210098e-06
    spectral_energyband_middle_low:
        dmean: 0.000615403580014
        dmean2: 0.000920456892345
        dvar: 8.8987098934e-07
        dvar2: 2.00471572498e-06
        max: 0.0112062040716
        mean: 0.00103835796472
        min: 9.028113368e-07
        var: 1.46375828081e-06
    spectral_flatness_db:
        dmean: 0.0204806029797
        dmean2: 0.0329537838697
        dvar: 0.000289003219223
        dvar2: 0.000660072546452
        max: 0.252043753862
        mean: 0.155204325914
        min: 0.0754219591618
        var: 0.00108899711631
    spectral_flux:
        dmean: 0.0106494771317
        dmean2: 0.0159609299153
        dvar: 0.000153561704792
        dvar2: 0.000305407244014
        max: 0.110010124743
        mean: 0.0342897064984
        min: 0.0035334082786
        var: 0.00035105709685
    spectral_kurtosis:
        dmean: 1.12309491634
        dmean2: 1.83490073681
        dvar: 2.10582780838
        dvar2: 5.71954441071
        max: 18.2336864471
        mean: 2.5557744503
        min: -0.740364074707
        var: 3.37483668327
    spectral_rms:
        dmean: 0.000396662100684
        dmean2: 0.000533590093255
        dvar: 1.89823552432e-07
        dvar2: 3.43707455386e-07
        max: 0.00420203432441
        mean: 0.00151425134391
        min: 0.00011036513024
        var: 5.54409325559e-07
    spectral_rolloff:
        dmean: 818.851013184
        dmean2: 1345.5534668
        dvar: 1124677.125
        dvar2: 2091853.5
        max: 8161.08398438
        mean: 3146.20214844
        min: 150.732421875
        var: 2490141.75
    spectral_skewness:
        dmean: 0.219110876322
        dmean2: 0.338460534811
        dvar: 0.0535546652973
        dvar2: 0.118330985308
        max: 3.30052089691
        mean: 1.11813497543
        min: -0.0475887060165
        var: 0.18841817975
    spectral_spread:
        dmean: 793976.3125
        dmean2: 1132819.375
        dvar: 2.001649664e+12
        dvar2: 2.3199350784e+12
        max: 30315576
        mean: 5204509.5
        min: 2716361.75
        var: 3.6069286871e+12
    spectral_strongpeak:
        dmean: 0.392844587564
        dmean2: 0.687453627586
        dvar: 0.677974224091
        dvar2: 1.89461016655
        max: 7.54142427444
        mean: 0.448038458824
        min: 0.000836207414977
        var: 0.66077452898
    zerocrossingrate:
        dmean: 0.015942716971
        dmean2: 0.0171211287379
        dvar: 0.00022185636044
        dvar2: 0.000256693485426
        max: 0.240234375
        mean: 0.093698836863
        min: 0.0205078125
        var: 0.00170752045233
    barkbands:
        dmean: [3.35133813678e-06, 0.000164877783391, 0.000203875883017, 0.000112316534796, 0.000235370680457, 0.000175590321305, 0.000200491995201, 6.58151839161e-05, 5.72115459363e-05, 7.55297660362e-05, 2.63327656285e-05, 3.72306094505e-05, 2.90091520583e-05, 4.36556183558e-05, 4.87858960696e-05, 4.05937898904e-05, 7.61649134802e-05, 7.82569768489e-05, 0.00021800941613, 0.000166842597537, 0.000151000727783, 4.50398147223e-05, 1.06118523036e-05, 4.31266471423e-06, 1.40602162446e-06, 3.76772852917e-08, 4.11831369007e-09]
        dmean2: [4.06123899666e-06, 0.000282090069959, 0.000352708128048, 0.000167495498317, 0.00037664573756, 0.000292515236652, 0.000321840576362, 0.000110955974378, 8.80718725966e-05, 0.000112853391329, 4.38476454292e-05, 6.10420611338e-05, 4.51467458333e-05, 6.64112667437e-05, 7.44575736462e-05, 6.46240951028e-05, 0.000118139578262, 0.000122807323351, 0.000325326138409, 0.000224218005314, 0.00022627733415, 6.67482236167e-05, 1.42812841659e-05, 6.20053560851e-06, 2.05681544685e-06, 5.6633780332e-08, 4.22166301917e-09]
        dvar: [3.23409736491e-11, 2.81120975387e-07, 3.96853010898e-07, 6.14803568055e-08, 3.71764429019e-07, 1.43889636206e-07, 3.05384190824e-07, 2.04511678703e-08, 2.30503083287e-08, 4.14616501132e-08, 6.47826947642e-09, 1.80339636557e-08, 3.21495674527e-09, 8.64527027744e-09, 1.64688831461e-08, 6.54871801231e-09, 2.51604337365e-08, 2.16303135403e-08, 1.17006756284e-07, 8.07853979268e-08, 1.96481707349e-07, 1.48859049531e-08, 5.35507138633e-10, 1.29181457198e-10, 2.55209516714e-11, 1.24148077479e-14, 6.45259068955e-15]
        dvar2: [5.33516876511e-11, 7.70845247189e-07, 1.06361858343e-06, 1.38172893571e-07, 1.04451487459e-06, 3.61108135394e-07, 6.5115017378e-07, 4.8191083124e-08, 5.62787647596e-08, 1.072737561e-07, 1.64018771898e-08, 4.77335575511e-08, 7.13404935127e-09, 1.88018738356e-08, 3.70105404102e-08, 1.58548623119e-08, 6.34024317492e-08, 5.24531635904e-08, 2.67859007863e-07, 1.55538458557e-07, 4.18220935217e-07, 3.28057474519e-08, 9.25199028501e-10, 2.79292172722e-10, 5.7326136893e-11, 2.22784555967e-14, 6.26081395996e-15]
        max: [5.85009947827e-05, 0.00509591912851, 0.00484015140682, 0.00278637325391, 0.00835460983217, 0.0035605779849, 0.0067418301478, 0.00120702630375, 0.00191411585547, 0.00315080699511, 0.00122389383614, 0.0015525809722, 0.000544576614629, 0.00108792912215, 0.00146485469304, 0.000743270677049, 0.00187422684394, 0.0014248311054, 0.00345771131106, 0.0042340895161, 0.0049813138321, 0.00171014259104, 0.000284454697976, 9.93739013211e-05, 6.05373897997e-05, 1.636854563e-06, 1.71008775851e-06]
        mean: [7.11132770448e-06, 0.000202707931749, 0.000223280861974, 0.000151199899847, 0.00028882958577, 0.000177830443135, 0.000213468025322, 8.15351304482e-05, 8.2750855654e-05, 0.000115038565127, 3.39896541846e-05, 3.98953125114e-05, 4.45652804046e-05, 5.7026893046e-05, 5.38285639777e-05, 4.72257888759e-05, 8.80792431417e-05, 0.00010562154057, 0.000316416640999, 0.000269155367278, 0.000221589070861, 7.2608825576e-05, 1.7230899175e-05, 5.58149804419e-06, 1.93186156139e-06, 4.89328826347e-08, 4.17602796787e-09]
        min: [1.44815404113e-09, 2.8337157687e-07, 1.59799014909e-07, 2.71321937362e-07, 3.27679515522e-07, 1.65373961636e-07, 1.14380597438e-07, 4.27252278001e-09, 1.88595201678e-08, 9.91929827165e-09, 4.35540536969e-09, 5.9471517988e-11, 4.85751172619e-09, 1.76636323346e-08, 6.28074161568e-08, 7.66193579693e-08, 1.06503165398e-07, 3.47572438386e-07, 6.13423139839e-07, 5.88154534853e-07, 1.33009325509e-06, 7.50760420942e-07, 1.90117333432e-07, 2.28015615278e-08, 5.26800025824e-09, 4.03065116006e-11, 5.53668710272e-13]
        var: [1.18310056196e-10, 2.21127834266e-07, 3.25281177993e-07, 8.33682136658e-08, 2.87262565735e-07, 1.42262507552e-07, 4.39218638348e-07, 2.549570155e-08, 3.08336574051e-08, 4.95468199802e-08, 8.68353655648e-09, 1.64293361138e-08, 7.37450500665e-09, 1.47938745698e-08, 1.85496507044e-08, 7.13259584728e-09, 2.72254290223e-08, 2.84235390779e-08, 2.36814898358e-07, 1.96307766487e-07, 4.03433972451e-07, 3.01582154805e-08, 1.22491772281e-09, 1.81324982806e-10, 3.31319728597e-11, 1.5629612879e-14, 6.64595179426e-15]
    mfcc:
        mean: [-759.945678711, 99.6825408936, -22.8474769592, 67.8055343628, -16.0052814484, 1.91632473469, 0.868432283401, 5.07012319565, -2.0897500515, 8.78521728516, -1.28114283085, -7.17019271851, -2.88957214355]
        cov: [[4227.44726562, -476.855010986, -762.699157715, -407.104034424, -54.7509155273, -83.8717575073, -33.949180603, -327.379241943, -215.176330566, -100.174720764, 31.8245506287, 129.755661011, 50.6177482605], [-476.855010986, 1532.42004395, -530.108886719, -93.4369125366, 102.820884705, -53.0341835022, 143.392059326, 126.310081482, -156.765090942, 59.8334846497, 65.7309799194, 34.2066268921, 118.011329651], [-762.699157715, -530.108886719, 771.250671387, 213.155731201, -67.9414978027, 49.8171539307, -69.8795928955, 11.5206642151, 165.863555908, -61.850479126, -27.0344009399, -46.9237480164, -85.9742889404], [-407.104034424, -93.4369125366, 213.155731201, 474.335693359, 90.4507293701, -31.4530181885, -143.348220825, -9.39805030823, 51.2418670654, -30.826543808, -23.3919696808, -56.3447570801, 10.0924606323], [-54.7509155273, 102.820884705, -67.9414978027, 90.4507293701, 286.991363525, 40.7714347839, -8.94828701019, -26.9432830811, 22.3368644714, 46.7339248657, 3.9965775013, -23.0285320282, -6.20021772385], [-83.8717575073, -53.0341835022, 49.8171539307, -31.4530181885, 40.7714347839, 161.94581604, 55.9750938416, 12.7984457016, 56.4052047729, -13.9775905609, -18.9233818054, -10.5235805511, -59.0778427124], [-33.949180603, 143.392059326, -69.8795928955, -143.348220825, -8.94828701019, 55.9750938416, 230.375823975, 112.439048767, 20.4527416229, 42.6291656494, -4.05017995834, -1.66076362133, -30.520154953], [-327.379241943, 126.310081482, 11.5206642151, -9.39805030823, -26.9432830811, 12.7984457016, 112.439048767, 174.127334595, 56.4181289673, 28.5644836426, -13.7492303848, -25.2892169952, -8.0544757843], [-215.176330566, -156.765090942, 165.863555908, 51.2418670654, 22.3368644714, 56.4052047729, 20.4527416229, 56.4181289673, 172.868942261, 41.9626235962, -30.0156536102, -39.7949562073, -61.022693634], [-100.174720764, 59.8334846497, -61.850479126, -30.826543808, 46.7339248657, -13.9775905609, 42.6291656494, 28.5644836426, 41.9626235962, 163.940872192, 28.1356201172, -3.66152501106, -16.2269592285], [31.8245506287, 65.7309799194, -27.0344009399, -23.3919696808, 3.9965775013, -18.9233818054, -4.05017995834, -13.7492303848, -30.0156536102, 28.1356201172, 107.493675232, 39.9863128662, 18.9025192261], [129.755661011, 34.2066268921, -46.9237480164, -56.3447570801, -23.0285320282, -10.5235805511, -1.66076362133, -25.2892169952, -39.7949562073, -3.66152501106, 39.9863128662, 80.7404556274, 30.7739906311], [50.6177482605, 118.011329651, -85.9742889404, 10.0924606323, -6.20021772385, -59.0778427124, -30.520154953, -8.0544757843, -61.022693634, -16.2269592285, 18.9025192261, 30.7739906311, 106.52281189]]
        icov: [[0.000492961436976, 0.000334871176165, 0.000736826623324, 0.000101896373963, 4.61018207716e-05, 0.00042852840852, -0.000454041059129, 0.000897215330042, -0.000387952313758, 0.00059816922294, -0.000177533074748, -0.000216274100239, 0.000120764299936], [0.000334871176165, 0.00130897026975, 0.00101921858732, -5.88227376284e-05, -0.000330939976266, 0.000227972937864, -0.000547419302166, -0.000382570258807, 0.00045436702203, 0.000355228548869, -0.000538946536835, -6.6132437496e-05, -0.000430540327216], [0.000736826623324, 0.00101921858732, 0.00363741093315, -0.000822506495751, 0.00077818724094, 0.000631040311418, -0.000720040523447, 0.0012708340073, -0.00244173547253, 0.00201176037081, -0.00115838646889, -0.000317560217809, 0.00102444877848], [0.000101896373963, -5.88227376284e-05, -0.000822506495751, 0.00382286310196, -0.00145214761142, 0.000668993860018, 0.00235603447072, -0.00112552999053, -0.000197415691218, 0.000556197657716, 8.15516978037e-05, 0.00154444528744, -0.000621877785306], [4.61018207716e-05, -0.000330939976266, 0.00077818724094, -0.00145214761142, 0.00510224327445, -0.00186493818182, -0.000618513848167, 0.00217772065662, -0.000923145445995, -0.00138189550489, -0.000478247937281, 0.00136845407542, -0.000689305830747], [0.00042852840852, 0.000227972937864, 0.000631040311418, 0.000668993860018, -0.00186493818182, 0.0106236096472, -0.00284580304287, 0.00183972204104, -0.00330974301323, 0.00360227096826, 0.000138484421768, -0.00172773178201, 0.00422410434112], [-0.000454041059129, -0.000547419302166, -0.000720040523447, 0.00235603447072, -0.000618513848167, -0.00284580304287, 0.0104988664389, -0.00726962601766, 0.00221628299914, -0.00196793465875, 0.000788595061749, -0.000509423320182, 0.00183901225682], [0.000897215330042, -0.000382570258807, 0.0012708340073, -0.00112552999053, 0.00217772065662, 0.00183972204104, -0.00726962601766, 0.0142068462446, -0.00540040945634, 0.00119849748444, -0.000457400718005, 0.00230240216479, -0.0022268362809], [-0.000387952313758, 0.00045436702203, -0.00244173547253, -0.000197415691218, -0.000923145445995, -0.00330974301323, 0.00221628299914, -0.00540040945634, 0.0133455339819, -0.00455164350569, 0.00218338589184, 0.000922429724596, 0.0023641246371], [0.00059816922294, 0.000355228548869, 0.00201176037081, 0.000556197657716, -0.00138189550489, 0.00360227096826, -0.00196793465875, 0.00119849748444, -0.00455164350569, 0.010105364956, -0.00323132518679, -3.52489732904e-05, 0.00185289850924], [-0.000177533074748, -0.000538946536835, -0.00115838646889, 8.15516978037e-05, -0.000478247937281, 0.000138484421768, 0.000788595061749, -0.000457400718005, 0.00218338589184, -0.00323132518679, 0.0130664538592, -0.00594115862623, 0.000135364593007], [-0.000216274100239, -6.6132437496e-05, -0.000317560217809, 0.00154444528744, 0.00136845407542, -0.00172773178201, -0.000509423320182, 0.00230240216479, 0.000922429724596, -3.52489732904e-05, -0.00594115862623, 0.0199290867895, -0.00525712827221], [0.000120764299936, -0.000430540327216, 0.00102444877848, -0.000621877785306, -0.000689305830747, 0.00422410434112, 0.00183901225682, -0.0022268362809, 0.0023641246371, 0.00185289850924, 0.000135364593007, -0.00525712827221, 0.0164854135364]]
    spectral_contrast:
        mean: [4.65364280444e-07, 5.87221160586e-09, -2.63833726422e-07, 1.67001630302e-07, -1.93681145788e-07, -5.75850123141e-08, 1.60307979513e-06, 2.29050192502e-06, -2.01080820261e-06, 5.52598862669e-07, 5.00597536757e-07, 2.87079865302e-06]
        var: [0.00082689098781, 0.00135285512079, 0.00192715623416, 0.00310936593451, 0.00602994998917, 0.00819993205369, 0.0676207020879, 0.140085756779, 0.214780598879, 0.319705724716, 0.837762773037, 2.43426609039]

rhythm:
    beats_loudness:
        dmean: 0.00529912905768
        dmean2: 0.00987963378429
        dvar: 1.06017250801e-05
        dvar2: 3.58904944733e-05
        max: 0.0155653376132
        mean: 0.00762289203703
        min: 0.000856258557178
        var: 1.37188062581e-05
    beats_loudness_bass:
        dmean: 0.335702478886
        dmean2: 0.566198766232
        dvar: 0.0692635476589
        dvar2: 0.128272667527
        max: 0.714557409286
        mean: 0.24839271605
        min: 0.00546763651073
        var: 0.0795430615544
    bpm: 132.969207764
    bpm_confidence: 0
    first_peak_bpm: 133
    first_peak_spread: 0
    first_peak_weight: 0.952380955219
    onset_rate: 4.80969524384
    second_peak_bpm: 124
    second_peak_spread: 0
    second_peak_weight: 0.047619048506
    beats_position: [0.283974319696, 0.735641717911, 1.18730914593, 1.63897657394, 2.09064388275, 2.54231119156, 2.99397873878, 3.44564628601, 3.89731359482, 4.34898090363, 4.80064821243, 5.25231552124, 5.70398283005, 6.18687725067, 6.63778972626, 7.08870172501, 7.53961420059, 7.99052715302, 8.4414396286, 8.89235210419, 9.34326457977, 9.79417705536]
    bpm_estimates: [132.920379639, 132.950683594, 132.783096313, 132.722976685, 132.822570801, 132.847229004, 132.548828125, 132.731231689, 133.420913696, 132.835540771, 133.815490723, 133.059783936, 133.656936646, 132.453109741]
    bpm_intervals: [0.451667398214, 0.451667428017, 0.451667428017, 0.451667308807, 0.451667308807, 0.451667547226, 0.451667547226, 0.451667308807, 0.451667308807, 0.451667308807, 0.451667308807, 0.451667308807, 0.482894420624, 0.450912475586, 0.450911998749, 0.450912475586, 0.450912952423, 0.450912475586, 0.450912475586, 0.450912475586, 0.450912475586]
    onset_times: [0.0348299331963, 0.208979591727, 0.27863946557, 0.545668959618, 0.603718817234, 0.743038535118, 0.99845802784, 1.10294783115, 1.43963718414, 1.60217690468, 1.88081634045, 2.08979582787, 2.56580495834, 2.63546490669, 2.77478456497, 3.00698423386, 3.23918366432, 3.44816327095, 3.5758728981, 3.75002264977, 3.90095233917, 4.35374164581, 4.63238096237, 4.7833108902, 5.23609972, 5.42185926437, 5.58439922333, 5.72371864319, 6.01396846771, 6.17650794983, 6.32743787766, 6.44353723526, 6.64090681076, 6.88471651077, 7.0936961174, 7.31428575516, 7.52326536179, 7.81351470947, 7.98766422272, 8.23147392273, 8.35918331146, 8.45206356049, 8.6958732605, 8.893242836, 9.12544250488, 9.35764217377, 9.61306095123, 9.81043052673, 10.0542402267]
    rubato_start: []
    rubato_stop: []
    perceptual_tempo: "unknown"

sfx:
    inharmonicity:
        dmean: 0.049163300544
        dmean2: 0.0858927741647
        dvar: 0.00314987404272
        dvar2: 0.00868201814592
        max: 0.352257847786
        mean: 0.0562657937407
        min: 0.000214055020479
        var: 0.00343118351884
    oddtoevenharmonicenergyratio:
        dmean: 4.16798973083
        dmean2: 7.98871612549
        dvar: 316.398620605
        dvar2: 924.635925293
        max: 200.868942261
        mean: 2.78168821335
        min: 0.000591887510382
        var: 183.963317871
    pitch_after_max_to_before_max_energy_ratio: 1.05288243294
    pitch_centroid: 217.249740601
    pitch_max_to_total: 0.464692473412
    pitch_min_to_total: 0.164009109139
    tristimulus:
        dmean: [0.209021374583, 0.262921243906, 0.167926698923]
        dmean2: [0.354599237442, 0.452137231827, 0.29930460453]
        dvar: [0.0377534739673, 0.0481607429683, 0.0298914350569]
        dvar2: [0.0912151634693, 0.132509812713, 0.0931136757135]
        max: [0.926081776619, 0.986044287682, 0.934223473072]
        mean: [0.336415827274, 0.447481781244, 0.166806548834]
        min: [0.00117306457832, 0, 0]
        var: [0.0589378066361, 0.0667942836881, 0.0330793038011]

tonal:
    chords_changes_rate: 0.0678733065724
    chords_number_rate: 0.0226244349033
    chords_strength:
        dmean: 0.010488810949
        dmean2: 0.0126689365134
        dvar: 8.13874721644e-05
        dvar2: 0.000116695286124
        max: 0.767431795597
        mean: 0.548280119896
        min: 0.345349609852
        var: 0.0132653592154
    key_strength: 0.622639894485
    tuning_diatonic_strength: 0.597392141819
    tuning_equal_tempered_deviation: 0.26664301753
    tuning_frequency: 446.142181396
    tuning_nontempered_energy_ratio: 0.947151720524
    hpcp:
        dmean: [0.226425081491, 0.2084762007, 0.202845498919, 0.160144343972, 0.129209041595, 0.145416617393, 0.151376590133, 0.174596816301, 0.204508796334, 0.171225830913, 0.155689954758, 0.177432060242, 0.160138010979, 0.172178566456, 0.199527278543, 0.166871830821, 0.124203622341, 0.114961527288, 0.0935612767935, 0.0862806141376, 0.099715590477, 0.0915684476495, 0.124970927835, 0.152899697423, 0.119698986411, 0.148949801922, 0.155577793717, 0.183970138431, 0.252157926559, 0.31811055541, 0.289526432753, 0.213510408998, 0.176209151745, 0.171782821417, 0.189499765635, 0.230932950974]
        dmean2: [0.377636551857, 0.348373770714, 0.353340625763, 0.279765069485, 0.225297436118, 0.261701583862, 0.27531799674, 0.327444583178, 0.359778881073, 0.290741860867, 0.269392132759, 0.31036144495, 0.283541411161, 0.301846534014, 0.336429774761, 0.283418208361, 0.205720365047, 0.194181248546, 0.160881131887, 0.156958401203, 0.176294818521, 0.16030985117, 0.208256945014, 0.264163196087, 0.21380315721, 0.275669366121, 0.268411397934, 0.324617356062, 0.434807926416, 0.553512513638, 0.484549164772, 0.36644089222, 0.323473006487, 0.293752580881, 0.313624799252, 0.367312669754]
        dvar: [0.0464695878327, 0.0522467978299, 0.0582060068846, 0.0379008762538, 0.0315353423357, 0.0514947623014, 0.0504512302577, 0.0522159934044, 0.0621556974947, 0.0482405647635, 0.0488033257425, 0.0658280402422, 0.0494462475181, 0.0390204042196, 0.0537173822522, 0.0409572720528, 0.0288475584239, 0.0270035974681, 0.0191395860165, 0.0234728250653, 0.0227921810001, 0.019125001505, 0.0306230653077, 0.0512834973633, 0.0252000503242, 0.0493314340711, 0.0427606441081, 0.0515911132097, 0.0512457750738, 0.0752406567335, 0.063233204186, 0.0555758662522, 0.0535493940115, 0.0436689406633, 0.039994161576, 0.0477078817785]
        dvar2: [0.110928788781, 0.131910145283, 0.156793758273, 0.10120818764, 0.0792018398643, 0.142206966877, 0.135045081377, 0.150979712605, 0.16971924901, 0.122382238507, 0.139069542289, 0.190973162651, 0.138556882739, 0.107584662735, 0.144069761038, 0.101470127702, 0.0709666162729, 0.0683194994926, 0.0506413206458, 0.0656832009554, 0.0635395869613, 0.0534277930856, 0.0810860469937, 0.136601820588, 0.0649954527617, 0.135453537107, 0.108443059027, 0.139063641429, 0.143940284848, 0.179200008512, 0.173547819257, 0.149902567267, 0.15315207839, 0.121496610343, 0.0928016453981, 0.119655035436]
        max: [1, 1, 1, 1, 1, 1, 1, 0.966555118561, 1, 1, 1, 1, 1, 0.885756254196, 1, 1, 1, 1, 0.900165319443, 1, 0.849357306957, 0.985802233219, 0.997497558594, 1, 1, 1, 1, 1, 1, 1, 1, 1, 1, 1, 1, 1]
        mean: [0.277740120888, 0.246454253793, 0.233957052231, 0.178737193346, 0.153853595257, 0.16193062067, 0.159698590636, 0.187864422798, 0.24546508491, 0.214165255427, 0.158271431923, 0.155259236693, 0.143744051456, 0.172880187631, 0.24249984324, 0.217570379376, 0.142610162497, 0.126224905252, 0.097653105855, 0.0762775093317, 0.0873695313931, 0.0884335562587, 0.124637581408, 0.154251277447, 0.129070520401, 0.126879319549, 0.145748183131, 0.167325511575, 0.302335262299, 0.534786045551, 0.484926581383, 0.242942065001, 0.162988722324, 0.170365020633, 0.219129949808, 0.289352744818]
        min: [0.00315873790532, 0.00370676931925, 0.00501823285595, 0.00364353787154, 0.00277864304371, 0.00298991240561, 0.00252379034646, 0.00306683429517, 0.00389181450009, 0.00211555906571, 0.00276833842508, 0.00264440733008, 0.00247473828495, 0.00166088936385, 0.00231262831949, 0.00162584998179, 0.00375190726481, 0.00301841436885, 0.00305109703913, 0.00124142318964, 0.00152445107233, 0.00181166338734, 0.00152248702943, 0.00175639963709, 0.00167644151952, 0.00113907444756, 0.00125347729772, 0.00211600330658, 0, 0, 0.00488514686003, 0.00598671892658, 0.00220177834854, 0.00162791565526, 0.00265483884141, 0.00270643667318]
        var: [0.0714955031872, 0.0711078494787, 0.0766267850995, 0.0430265516043, 0.0326329730451, 0.0446335710585, 0.0472870059311, 0.049632254988, 0.0804056823254, 0.0604090280831, 0.0470812320709, 0.0582801736891, 0.0439496226609, 0.0414676442742, 0.0753100812435, 0.0622874610126, 0.0292937587947, 0.034981995821, 0.0230277143419, 0.0158284343779, 0.0186574887484, 0.0158802997321, 0.0299306456, 0.0527011342347, 0.0313690118492, 0.040550917387, 0.0454459600151, 0.0505845211446, 0.0713914036751, 0.124040082097, 0.101735085249, 0.0628889277577, 0.04464988783, 0.0466286316514, 0.0567025914788, 0.0797949507833]
    chords_histogram: [44.7963790894, 0, 0, 0, 0, 4.52488708496, 0, 0, 0, 0, 0, 0, 0, 0, 0.452488690615, 0, 0, 0, 0, 0, 0, 6.33484172821, 38.4615402222, 5.42986440659]
    thpcp: [1, 0.906767427921, 0.454279005527, 0.304773688316, 0.318566679955, 0.409752547741, 0.541062653065, 0.519348084927, 0.460846453905, 0.437477856874, 0.334221869707, 0.287691861391, 0.302795141935, 0.298621475697, 0.351288944483, 0.458996802568, 0.40046903491, 0.295952796936, 0.290320277214, 0.268787950277, 0.323269814253, 0.453452080488, 0.406836301088, 0.266667693853, 0.236028790474, 0.182602196932, 0.142631828785, 0.16337287426, 0.165362492204, 0.233060643077, 0.288435488939, 0.241349831223, 0.237252488732, 0.272535502911, 0.312883079052, 0.565338730812]
    chords_key: "F#"
    chords_scale: "minor"
    key_key: "F#"
    key_scale: "minor"
    chords_progression: ["Bm", "Bm", "Bm", "Bm", "Gm", "G", "G", "G", "G", "G", "G", "G", "G", "G", "Bm", "Bm", "Bm", "Bm", "Bm", "Bm", "Bm", "Bm", "G", "G", "G", "G", "G", "F#m", "F#m", "F#m", "F#m", "F#m", "F#m", "F#m", "Bm", "F#m", "F#m", "F#m", "F#m", "F#m", "F#m", "F#m", "F#m", "B", "B", "B", "B", "B", "B", "B", "Bm", "Bm", "Bm", "F#m", "F#m", "F#m", "F#m", "F#m", "F#m", "F#m", "F#m", "F#m", "F#m", "F#m", "F#m", "F#m", "F#m", "F#m", "F#m", "F#m", "F#m", "F#m", "F#m", "F#m", "F#m", "F#m", "F#m", "F#m", "F#m", "F#m", "F#m", "F#m", "F#m", "F#m", "F#m", "F#m", "F#m", "F#m", "F#m", "F#m", "F#m", "F#m", "F#m", "F#m", "F#m", "F#m", "F#m", "F#m", "F#m", "F#m", "F#m", "F#m", "F#m", "F#m", "F#m", "F#m", "F#m", "F#m", "F#m", "F#m", "F#m", "F#m", "F#m", "F#m", "F#m", "F#m", "F#m", "F#m", "F#m", "F#m", "F#m", "F#m", "F#m", "F#m", "F#m", "F#m", "F#m", "F#m", "F#m", "F#m", "F#m", "F#m", "F#m", "F#m", "D", "D", "D", "D", "D", "D", "D", "D", "D", "D", "D", "D", "Bm", "Bm", "Bm", "Bm", "Bm", "Bm", "Bm", "Bm", "Bm", "Bm", "Bm", "Bm", "Bm", "Bm", "Bm", "Bm", "Bm", "Bm", "Bm", "Bm", "Bm", "Bm", "Bm", "Bm", "Bm", "Bm", "Bm", "Bm", "Bm", "Bm", "Bm", "Bm", "Bm", "Bm", "Bm", "Bm", "F#m", "F#m", "F#m", "Bm", "Bm", "Bm", "Bm", "Bm", "Bm", "Bm", "Bm", "Bm", "Bm", "Bm", "Bm", "Bm", "Bm", "Bm", "Bm", "Bm", "Bm", "Bm", "Bm", "Bm", "Bm", "Bm", "Bm", "Bm", "Bm", "Bm", "Bm", "Bm", "Bm", "Bm", "Bm", "Bm", "B", "B", "B"]
