
metadata:
    version:
        essentia: "1.2.2"
    audio_properties:
        analysis_sample_rate: 44100
        bitrate: 128
        channels: 2
        equal_loudness: 1
        length: 10.0048980713
        replay_gain: -13.0667247772
        downmix: "mix"
    tags:
        track: 7
        year: 0
        album: "Splitted by Mp3Splt v. 2.1"
        artist: "From 001.00 To 001.10"
        comment: "http://mp3splt.sf.net"
        genre: ""
        title: "10 I Thought I Knew It All.mp3"

highlevel:
    ballroom:
        all:
            ChaChaCha: 0.0218493472785
            Jive: 0.90003156662
            Quickstep: 0.00299799046479
            Rumba-American: 0.000181033203262
            Rumba-International: 0.000357754528522
            Rumba-Misc: 0.000269612995908
            Samba: 0.0700091943145
            Tango: 0.000194885404198
            VienneseWaltz: 0.00376615091227
            Waltz: 0.000342480023392
        probability: 0.90003156662
        value: "Jive"
    culture:
        all:
            non_western: 0.0118692014366
            western: 0.988130807877
        probability: 0.988130807877
        value: "western"
    gender:
        all:
            female: 0.541786789894
            male: 0.458213210106
        probability: 0.541786789894
        value: "female"
    genre_dortmund:
        all:
            alternative: 0.103582888842
            blues: 0.00328686647117
            electronic: 0.0135641172528
            folkcountry: 0.0199424549937
            funksoulrnb: 0.0112355342135
            jazz: 0.00606765551493
            pop: 0.062631957233
            raphiphop: 0.00539459148422
            rock: 0.774293959141
        probability: 0.774293959141
        value: "rock"
    genre_electronica:
        all:
            ambient: 0.0681418552995
            dnb: 0.075154542923
            house: 0.00379698933102
            techno: 0.00783572811633
            trance: 0.845070898533
        probability: 0.845070898533
        value: "trance"
    genre_rosamerica:
        all:
            cla: 0.00197805278003
            dan: 0.00479326304048
            hip: 0.00158854399342
            jaz: 0.00255472562276
            pop: 0.00337249250151
            rhy: 0.00455495575443
            roc: 0.980532050133
            spe: 0.000625887187198
        probability: 0.980532050133
        value: "roc"
    genre_tzanetakis:
        all:
            blu: 0.00583722768351
            cla: 0.00473246304318
            cou: 0.044422775507
            dis: 0.0404753759503
            hip: 0.0202243011445
            jaz: 0.019895169884
            met: 0.720051765442
            pop: 0.0550336353481
            reg: 0.00787224248052
            roc: 0.0814550295472
        probability: 0.720051765442
        value: "met"
    live_studio:
        all:
            live: 0.0158204138279
            studio: 0.98417955637
        probability: 0.98417955637
        value: "studio"
    mood:
        all:
            Cluster1: 0.466551572084
            Cluster2: 0.0475923344493
            Cluster3: 0.00629270635545
            Cluster4: 0.0213724412024
            Cluster5: 0.458190917969
        probability: 0.466551572084
        value: "Cluster1"
    mood_acoustic:
        all:
            acoustic: 0.00376866804436
            not_acoustic: 0.99623131752
        probability: 0.99623131752
        value: "not_acoustic"
    mood_aggressive:
        all:
            aggressive: 0.998672127724
            not_aggressive: 0.00132785784081
        probability: 0.998672127724
        value: "aggressive"
    mood_electronic:
        all:
            electronic: 0.0835224837065
            not_electronic: 0.916477501392
        probability: 0.916477501392
        value: "not_electronic"
    mood_happy:
        all:
            happy: 0.309842169285
            not_happy: 0.690157830715
        probability: 0.690157830715
        value: "not_happy"
    mood_party:
        all:
            not_party: 0.175656288862
            party: 0.824343681335
        probability: 0.824343681335
        value: "party"
    mood_relaxed:
        all:
            not_relaxed: 0.957849562168
            relaxed: 0.0421504341066
        probability: 0.957849562168
        value: "not_relaxed"
    mood_sad:
        all:
            not_sad: 0.997774720192
            sad: 0.00222527375445
        probability: 0.997774720192
        value: "not_sad"
    rhythm:
        all:
            fast: 0.901871025562
            medium: 0.0637803450227
            slow: 0.0343486070633
        probability: 0.901871025562
        value: "fast"
    speech_music:
        all:
            music: 0.99996393919
            speech: 3.60356098099e-05
        probability: 0.99996393919
        value: "music"
    timbre:
        all:
            bright: 0.333529829979
            dark: 0.666470170021
        probability: 0.666470170021
        value: "dark"
    voice_instrumental:
        all:
            instrumental: 0.41043522954
            voice: 0.589564800262
        probability: 0.589564800262
        value: "voice"

lowlevel:
    average_loudness: 0.98392277956
    barkbands_kurtosis:
        dmean: 0.852068662643
        dmean2: 1.37386977673
        dvar: 0.889894425869
        dvar2: 2.1915538311
        max: 8.57709121704
        mean: -0.131972908974
        min: -1.8533500433
        var: 2.66894388199
    barkbands_skewness:
        dmean: 0.375808775425
        dmean2: 0.610309004784
        dvar: 0.0911315828562
        dvar2: 0.227087721229
        max: 1.0911346674
        mean: -0.861616849899
        min: -2.97319197655
        var: 0.375600606203
    barkbands_spread:
        dmean: 6.34981060028
        dmean2: 10.3042411804
        dvar: 33.5259513855
        dvar2: 90.8596725464
        max: 61.7953529358
        mean: 32.1894378662
        min: 10.7110691071
        var: 101.030761719
    dissonance:
        dmean: 0.0100481510162
        dmean2: 0.016276884824
        dvar: 0.000104510945675
        dvar2: 0.000252959987847
        max: 0.499809890985
        mean: 0.480701476336
        min: 0.420713573694
        var: 0.000205856544198
    hfc:
        dmean: 3.43999457359
        dmean2: 5.19013595581
        dvar: 15.9524841309
        dvar2: 40.0281257629
        max: 49.5875015259
        mean: 14.4431915283
        min: 4.88598470838e-06
        var: 41.360874176
    pitch:
        dmean: 923.90447998
        dmean2: 1784.47839355
        dvar: 1641311.5
        dvar2: 3586205
        max: 4009.09082031
        mean: 1976.86096191
        min: 77.9151916504
        var: 2358705.5
    pitch_instantaneous_confidence:
        dmean: 0.0648788660765
        dmean2: 0.108860328794
        dvar: 0.00280516594648
        dvar2: 0.00753548834473
        max: 0.709831655025
        mean: 0.385951071978
        min: 0.210992574692
        var: 0.00946163386106
    pitch_salience:
        dmean: 0.0502660572529
        dmean2: 0.0837316066027
        dvar: 0.00171331537422
        dvar2: 0.00428403820843
        max: 0.969241321087
        mean: 0.651744544506
        min: 0.307677298784
        var: 0.0053438981995
    silence_rate_20dB:
        dmean: 0
        dmean2: 0
        dvar: 0
        dvar2: 0
        max: 1
        mean: 1
        min: 1
        var: 0
    silence_rate_30dB:
        dmean: 0
        dmean2: 0
        dvar: 0
        dvar2: 0
        max: 1
        mean: 1
        min: 1
        var: 0
    silence_rate_60dB:
        dmean: 0.0371229685843
        dmean2: 0.0720930248499
        dvar: 0.0357448123395
        dvar2: 0.0855001658201
        max: 1
        mean: 0.037037037313
        min: 0
        var: 0.0356651283801
    spectral_centroid:
        dmean: 248.984191895
        dmean2: 415.742584229
        dvar: 40216.0273438
        dvar2: 105666.742188
        max: 3314.09692383
        mean: 2379.87792969
        min: 1128.56970215
        var: 131631.46875
    spectral_complexity:
        dmean: 3.7023255825
        dmean2: 5.84615373611
        dvar: 11.6974239349
        dvar2: 27.5567588806
        max: 41
        mean: 22.6310901642
        min: 0
        var: 35.4253959656
    spectral_crest:
        dmean: 1.59391081333
        dmean2: 2.66388654709
        dvar: 2.13830804825
        dvar2: 5.18361949921
        max: 18.8969268799
        mean: 6.21339321136
        min: 2.76849985123
        var: 4.15822696686
    spectral_decrease:
        dmean: 2.87793372467e-10
        dmean2: 4.523987851e-10
        dvar: 8.56166572181e-20
        dvar2: 2.17777294089e-19
        max: -4.18127888245e-16
        mean: -1.24361554388e-09
        min: -3.16777493126e-09
        var: 1.91420437566e-19
    spectral_energy:
        dmean: 0.00136483239476
        dmean2: 0.00211110035889
        dvar: 1.9739848085e-06
        dvar2: 5.01824297316e-06
        max: 0.0164536181837
        mean: 0.00600373279303
        min: 2.02127981019e-09
        var: 4.71823204862e-06
    spectral_energyband_high:
        dmean: 0.000273621844826
        dmean2: 0.000452323554782
        dvar: 2.02093531243e-07
        dvar2: 4.97581140735e-07
        max: 0.00471618166193
        mean: 0.000730481464416
        min: 3.0356572811e-10
        var: 2.78119415498e-07
    spectral_energyband_low:
        dmean: 0.000244189664954
        dmean2: 0.000442676449893
        dvar: 2.10434237147e-07
        dvar2: 6.22522804861e-07
        max: 0.00298830540851
        mean: 0.000311946729198
        min: 4.00293478919e-11
        var: 1.59421162493e-07
    spectral_energyband_middle_high:
        dmean: 0.000884048116859
        dmean2: 0.00133255089168
        dvar: 6.54378425224e-07
        dvar2: 1.45565707044e-06
        max: 0.0124568389729
        mean: 0.00388258718885
        min: 1.39189160198e-09
        var: 2.76091464002e-06
    spectral_energyband_middle_low:
        dmean: 0.000446695397841
        dmean2: 0.000729849620257
        dvar: 3.84159534406e-07
        dvar2: 8.50288699894e-07
        max: 0.00803591776639
        mean: 0.00107870413922
        min: 2.82874418334e-10
        var: 7.09604137228e-07
    spectral_flatness_db:
        dmean: 0.0121494233608
        dmean2: 0.0191636644304
        dvar: 9.84828075161e-05
        dvar2: 0.000213755687582
        max: 0.212375596166
        mean: 0.14228887856
        min: 0.0827371999621
        var: 0.000331408227794
    spectral_flux:
        dmean: 0.00712223816663
        dmean2: 0.0107836481184
        dvar: 3.77431933885e-05
        dvar2: 7.28587328922e-05
        max: 0.0827687382698
        mean: 0.0474651940167
        min: 4.49586441391e-05
        var: 0.000120897966553
    spectral_kurtosis:
        dmean: 0.590075433254
        dmean2: 0.96883302927
        dvar: 0.277803689241
        dvar2: 0.613682687283
        max: 6.83484649658
        mean: 2.46592998505
        min: 0.128417491913
        var: 0.968986332417
    spectral_rms:
        dmean: 0.000269779440714
        dmean2: 0.000407675019233
        dvar: 6.19591986606e-08
        dvar2: 1.52557404931e-07
        max: 0.00400653341785
        mean: 0.00238154060207
        min: 1.4042722114e-06
        var: 1.85559215993e-07
    spectral_rolloff:
        dmean: 224.245742798
        dmean2: 379.114593506
        dvar: 47440.078125
        dvar2: 120459.617188
        max: 4931.10351562
        mean: 3826.46484375
        min: 2583.984375
        var: 97607.5078125
    spectral_skewness:
        dmean: 0.107677400112
        dmean2: 0.173312976956
        dvar: 0.0084339985624
        dvar2: 0.0199062358588
        max: 1.88410818577
        mean: 1.15047109127
        min: 0.686935722828
        var: 0.0322692729533
    spectral_spread:
        dmean: 470935.65625
        dmean2: 681903.375
        dvar: 283434319872
        dvar2: 564755496960
        max: 10995678
        mean: 5087221.5
        min: 3071347.75
        var: 969972711424
    spectral_strongpeak:
        dmean: 0.734621047974
        dmean2: 1.21815097332
        dvar: 0.746685147285
        dvar2: 1.81840693951
        max: 6.29717254639
        mean: 1.29300391674
        min: 4.32095257565e-05
        var: 1.41603600979
    zerocrossingrate:
        dmean: 0.00649754703045
        dmean2: 0.00812891498208
        dvar: 4.59679031337e-05
        dvar2: 5.8668651036e-05
        max: 0.16064453125
        mean: 0.125115558505
        min: 0.06884765625
        var: 0.000180913732038
    barkbands:
        dmean: [1.17439874714e-07, 4.33342938777e-05, 0.000212288374314, 0.000187719619134, 0.000165572491824, 8.48272247822e-05, 2.64185237029e-05, 6.93921101629e-05, 0.000139073599712, 0.000114257258247, 0.000122118552099, 6.98906369507e-05, 4.04296260967e-05, 3.32088129653e-05, 6.40893631498e-05, 0.000156102818437, 0.000306686182739, 0.000289027608233, 0.000365259766113, 0.00030670457636, 0.000149216051796, 5.29321805516e-05, 1.08200219984e-05, 5.02641114508e-06, 4.37680500909e-06, 1.40461054343e-07, 7.6744588462e-10]
        dmean2: [1.79184112881e-07, 7.71474515204e-05, 0.000385452323826, 0.000318254547892, 0.000281558575807, 0.000142595439684, 4.35492693214e-05, 0.000102618243545, 0.000205194854061, 0.000188742022146, 0.000178860136657, 0.00010499281052, 6.80559242028e-05, 5.29795725015e-05, 0.000104300888779, 0.000258113577729, 0.000499737623613, 0.000475311506307, 0.000586291425861, 0.000503894523717, 0.00024835151271, 8.66828413564e-05, 1.6805368432e-05, 7.6435644587e-06, 6.9121128945e-06, 2.0700009884e-07, 1.0384586524e-09]
        dvar: [2.18415753149e-13, 6.43558983882e-09, 1.562251839e-07, 8.33106099662e-08, 7.01331615005e-08, 3.21890105681e-08, 1.02082275966e-09, 3.99190511757e-08, 1.96583528123e-07, 1.00776446743e-07, 6.08108337019e-08, 2.56047538727e-08, 5.78507641791e-09, 4.65262450788e-09, 7.56415730052e-09, 1.89020497032e-08, 1.03563088771e-07, 7.15690404718e-08, 1.59928291055e-07, 1.51008691773e-07, 6.45212026029e-08, 8.45272385419e-09, 2.15979373275e-10, 8.64018648294e-11, 8.1333308144e-11, 6.55824813943e-14, 5.65287554383e-17]
        dvar2: [2.81290913956e-13, 1.8458685247e-08, 4.66870517357e-07, 2.17304261696e-07, 1.99859698569e-07, 7.89916683175e-08, 2.69087485627e-09, 8.80448425278e-08, 3.20410066479e-07, 3.00866474845e-07, 1.23965236298e-07, 5.45968958932e-08, 1.4642558277e-08, 1.12417470888e-08, 1.54770027905e-08, 5.05150943297e-08, 2.66218961542e-07, 1.76271115038e-07, 4.09456248462e-07, 3.41694004646e-07, 1.70508016595e-07, 2.22917808657e-08, 4.88933671328e-10, 1.43744752212e-10, 1.90848337134e-10, 1.51666195878e-13, 5.01880057615e-17]
        max: [9.00261693459e-06, 0.000629511487205, 0.00239547947422, 0.00226346962154, 0.00264398078434, 0.00305383256637, 0.000257743056864, 0.00250068446621, 0.00767875649035, 0.00351888919249, 0.00319320335984, 0.0021312951576, 0.000785698008258, 0.000856677361298, 0.001519444515, 0.00115616316907, 0.00321158673614, 0.00342017831281, 0.00470349472016, 0.0048213978298, 0.00312578771263, 0.000857137376443, 0.000135323338327, 0.000156863883603, 6.82675527059e-05, 2.07247171602e-06, 1.69588474819e-07]
        mean: [2.09989110544e-07, 5.88972543483e-05, 0.000252853962593, 0.000257474195678, 0.000275371508906, 0.000130316111608, 4.90057645948e-05, 9.0388188255e-05, 0.000267861207249, 0.000155391491717, 0.000222398972255, 0.000112893729238, 6.63687897031e-05, 5.26031253685e-05, 0.000118364921946, 0.000359455181751, 0.000668540189508, 0.000740921415854, 0.000936640193686, 0.000706203980371, 0.000310749397613, 0.00012350056204, 2.60542783508e-05, 1.31562037495e-05, 7.91412821854e-06, 2.00718432097e-07, 7.65777385947e-10]
        min: [6.21504280332e-12, 1.7607620223e-11, 1.91312347908e-11, 2.29366317606e-11, 6.16647288787e-11, 6.0978118388e-11, 4.80840159356e-11, 1.73855096985e-11, 5.37668555511e-11, 1.3658414677e-10, 1.30579172475e-10, 9.22029327888e-11, 2.71978255889e-11, 4.59889418214e-12, 9.2629598436e-11, 2.88240986634e-10, 9.239369686e-11, 6.79108297374e-11, 3.77962355858e-10, 1.58705298903e-10, 1.88317195171e-10, 3.9388766554e-11, 1.28143311934e-11, 2.46515199746e-12, 1.44276561184e-12, 6.55857814347e-14, 9.58528741134e-15]
        var: [2.35402626211e-13, 4.84268003476e-09, 1.21476375625e-07, 1.08196914539e-07, 7.1609314034e-08, 3.57569263087e-08, 2.29422414399e-09, 5.22395566804e-08, 4.06409895959e-07, 1.54759206339e-07, 2.036244382e-07, 5.56504744509e-08, 1.20352812161e-08, 1.06960493795e-08, 1.85228437033e-08, 3.78603992601e-08, 1.91733548149e-07, 2.20557154762e-07, 4.69586098006e-07, 2.91922361839e-07, 7.29066655936e-08, 1.30133459564e-08, 4.05120381686e-10, 1.80640211123e-10, 1.07667666449e-10, 9.43432479491e-14, 6.70894166408e-17]
    mfcc:
        mean: [-672.487548828, 63.8259048462, -43.3599815369, 63.6930198669, -4.37276887894, -8.62993812561, 0.925411760807, 8.85737705231, 3.97628521919, -8.44198131561, -10.2323217392, -8.18042755127, -3.76882505417]
        cov: [[1877.96875, -110.535881042, 1.185567379, -91.9192428589, -9.42065048218, 43.1232643127, 59.2125587463, -31.5948848724, -29.2451305389, -17.8450622559, 49.349521637, -7.95535135269, -49.2936592102], [-110.535881042, 194.424362183, -56.3569526672, 14.2479381561, -24.9268817902, -0.176382303238, 0.142680034041, 20.1621723175, -5.37397956848, -6.24543476105, -11.8829116821, 10.8015213013, 12.3390283585], [1.185567379, -56.3569526672, 185.128692627, 66.1020965576, 27.5865573883, -26.59608078, -38.8397789001, -12.0151891708, 19.0024871826, 4.50523614883, -3.12400794029, -27.0713920593, 0.538513600826], [-91.9192428589, 14.2479381561, 66.1020965576, 205.05657959, 67.0029220581, -53.8289260864, -61.6340026855, -15.688750267, 23.9009494781, 48.254360199, 6.98566770554, -16.4282226562, -8.85513019562], [-9.42065048218, -24.9268817902, 27.5865573883, 67.0029220581, 101.092643738, 3.02520442009, -8.82221603394, -25.3114681244, -7.74279594421, 0.0368716679513, 13.984161377, 8.80369472504, 6.31130552292], [43.1232643127, -0.176382303238, -26.59608078, -53.8289260864, 3.02520442009, 129.803756714, 58.9705848694, 21.8135566711, -31.2496757507, -55.2843437195, -30.565366745, 10.6760854721, -4.28038454056], [59.2125587463, 0.142680034041, -38.8397789001, -61.6340026855, -8.82221603394, 58.9705848694, 95.9265899658, 27.7221679688, -10.4968833923, -29.3409118652, -18.6754207611, -0.0306042693555, -2.21731066704], [-31.5948848724, 20.1621723175, -12.0151891708, -15.688750267, -25.3114681244, 21.8135566711, 27.7221679688, 87.2436294556, 28.7204399109, -10.614074707, -41.1981697083, -7.56453227997, -4.1593670845], [-29.2451305389, -5.37397956848, 19.0024871826, 23.9009494781, -7.74279594421, -31.2496757507, -10.4968833923, 28.7204399109, 67.2221984863, 35.1682777405, 0.72549366951, -21.4278869629, -9.55289554596], [-17.8450622559, -6.24543476105, 4.50523614883, 48.254360199, 0.0368716679513, -55.2843437195, -29.3409118652, -10.614074707, 35.1682777405, 100.214889526, 38.9185180664, -1.9511487484, -21.9100799561], [49.349521637, -11.8829116821, -3.12400794029, 6.98566770554, 13.984161377, -30.565366745, -18.6754207611, -41.1981697083, 0.72549366951, 38.9185180664, 78.1367645264, 17.6677894592, 6.15752506256], [-7.95535135269, 10.8015213013, -27.0713920593, -16.4282226562, 8.80369472504, 10.6760854721, -0.0306042693555, -7.56453227997, -21.4278869629, -1.9511487484, 17.6677894592, 52.0950546265, 16.3496513367], [-49.2936592102, 12.3390283585, 0.538513600826, -8.85513019562, 6.31130552292, -4.28038454056, -2.21731066704, -4.1593670845, -9.55289554596, -21.9100799561, 6.15752506256, 16.3496513367, 49.6343078613]]
        icov: [[0.000609985378105, 0.000244779454079, -7.80102709541e-05, 0.000120597447676, 7.88530160207e-05, 4.1407867684e-05, -0.000323660555296, -3.22978448821e-05, 0.000213001956581, 0.000384258426493, -0.000736469170079, 0.000111043817014, 0.000809093296994], [0.000244779454079, 0.00675955461338, 0.00226825242862, -0.00240479316562, 0.00259311264381, 5.10839527124e-05, 5.87959330005e-05, -0.00118793128058, 0.000844903057441, 0.00078185822349, 6.94902519172e-06, -0.000695505412295, -0.00157721783035], [-7.80102709541e-05, 0.00226825242862, 0.00786444824189, -0.00197966955602, -0.000298772036331, -0.000229831217439, 0.00225879927166, 0.000372202746803, -0.00126030750107, 0.00128577114083, 0.0003979880712, 0.00304842344485, -0.00165812403429], [0.000120597447676, -0.00240479316562, -0.00197966955602, 0.0109059596434, -0.00773665495217, 0.00107021338772, 0.00419236905873, -0.000865808920935, 0.00048884737771, -0.00441098492593, 0.00232951715589, 0.00289322459139, 0.000780483533163], [7.88530160207e-05, 0.00259311264381, -0.000298772036331, -0.00773665495217, 0.0171535816044, -0.00210661930032, -0.00298130535521, 0.0038265211042, -0.00119570770767, 0.0031175292097, -0.00202878704295, -0.00431276019663, -0.00130038394127], [4.1407867684e-05, 5.10839527124e-05, -0.000229831217439, 0.00107021338772, -0.00210661930032, 0.0149312503636, -0.00581851461902, -0.00230769184418, 0.00345560489222, 0.00519404932857, 0.00119285308756, -0.00325077259913, 0.00520477769896], [-0.000323660555296, 5.87959330005e-05, 0.00225879927166, 0.00419236905873, -0.00298130535521, -0.00581851461902, 0.0187389887869, -0.00484984507784, 0.00140399276279, -0.000826899311505, -0.000419959484134, 0.00437349779531, -0.000787932483945], [-3.22978448821e-05, -0.00118793128058, 0.000372202746803, -0.000865808920935, 0.0038265211042, -0.00230769184418, -0.00484984507784, 0.0242946129292, -0.0139976767823, 0.000461646355689, 0.0112683586776, -0.00581890624017, -0.000733056338504], [0.000213001956581, 0.000844903057441, -0.00126030750107, 0.00048884737771, -0.00119570770767, 0.00345560489222, 0.00140399276279, -0.0139976767823, 0.0307207796723, -0.00864964630455, -0.00390807213262, 0.0109543995932, -0.00158695376012], [0.000384258426493, 0.00078185822349, 0.00128577114083, -0.00441098492593, 0.0031175292097, 0.00519404932857, -0.000826899311505, 0.000461646355689, -0.00864964630455, 0.0240275282413, -0.00974961277097, -0.00525571685284, 0.011322086677], [-0.000736469170079, 6.94902519172e-06, 0.0003979880712, 0.00232951715589, -0.00202878704295, 0.00119285308756, -0.000419959484134, 0.0112683586776, -0.00390807213262, -0.00974961277097, 0.0265803933144, -0.00681044673547, -0.00514555629343], [0.000111043817014, -0.000695505412295, 0.00304842344485, 0.00289322459139, -0.00431276019663, -0.00325077259913, 0.00437349779531, -0.00581890624017, 0.0109543995932, -0.00525571685284, -0.00681044673547, 0.0318898446858, -0.00912929698825], [0.000809093296994, -0.00157721783035, -0.00165812403429, 0.000780483533163, -0.00130038394127, 0.00520477769896, -0.000787932483945, -0.000733056338504, -0.00158695376012, 0.011322086677, -0.00514555629343, -0.00912929698825, 0.0303558316082]]
    spectral_contrast:
        mean: [2.47924116792e-08, -1.54802663133e-07, -1.50368620666e-07, 3.7408483422e-08, 1.71415209138e-07, -2.51919516359e-07, 2.47753405347e-06, -3.09847337121e-06, 5.08195307702e-06, 8.4635831854e-07, -6.10843869708e-07, -1.2162942653e-07]
        var: [0.000482810719404, 0.000494315871038, 0.000990927917883, 0.0027646520175, 0.00367446010932, 0.00589424371719, 0.032589700073, 0.0757115855813, 0.12751711905, 0.175530672073, 0.184061035514, 0.881214737892]

rhythm:
    beats_loudness:
        dmean: 0.00274089165032
        dmean2: 0.00521324528381
        dvar: 2.16001103581e-06
        dvar2: 7.43831424188e-06
        max: 0.00991352088749
        mean: 0.00681006768718
        min: 0.00360851967707
        var: 3.70618317902e-06
    beats_loudness_bass:
        dmean: 0.0596661120653
        dmean2: 0.100095503032
        dvar: 0.00230756960809
        dvar2: 0.00689196493477
        max: 0.272063702345
        mean: 0.099116332829
        min: 0.0227414779365
        var: 0.00491423066705
    bpm: 99.7728271484
    bpm_confidence: 0
    first_peak_bpm: 100
    first_peak_spread: 0
    first_peak_weight: 0.5
    onset_rate: 3.49828648567
    second_peak_bpm: 134
    second_peak_spread: 0
    second_peak_weight: 0.444444447756
    beats_position: [0.441916167736, 1.0432959795, 1.64467573166, 2.24605536461, 2.84743499756, 3.44881486893, 4.05019426346, 4.65157413483, 5.2529540062, 5.85433340073, 6.17687702179, 6.62528848648, 7.07370042801, 7.52211236954, 7.97052431107, 8.41893577576, 8.86734771729, 9.31575965881, 9.76417064667]
    bpm_estimates: [100.278968811, 99.7588577271, 100.018089294, 100.219543457, 98.5954818726, 99.5428848267, 99.8974990845, 99.6754226685, 99.9687194824]
    bpm_intervals: [0.601379811764, 0.601379752159, 0.60137963295, 0.60137963295, 0.601379871368, 0.601379394531, 0.601379871368, 0.601379871368, 0.601379394531, 0.322543621063, 0.448411464691, 0.448411941528, 0.448411941528, 0.448411941528, 0.448411464691, 0.448411941528, 0.448411941528, 0.448410987854]
    onset_times: [0.0580498874187, 0.139319732785, 0.429569154978, 0.592108845711, 1.03328800201, 1.23065757751, 1.369977355, 1.63700675964, 1.81115651131, 2.02013611794, 2.15945577621, 2.56580495834, 2.7863945961, 3.45977330208, 4.04027223587, 4.36535167694, 4.57433128357, 4.66721105576, 4.96907043457, 5.24770975113, 5.44507932663, 5.8282084465, 6.46675729752, 7.05886602402, 7.39555549622, 7.6858048439, 7.97605419159, 8.27791404724, 8.44045352936, 8.71909332275, 8.88163280487, 9.19510173798, 9.49696159363, 9.79882049561, 9.9613609314]
    rubato_start: [6.62528848648]
    rubato_stop: [9.76417064667]
    perceptual_tempo: "unknown"

sfx:
    inharmonicity:
        dmean: 0.0648218840361
        dmean2: 0.114001639187
        dvar: 0.00366610451601
        dvar2: 0.0105260889977
        max: 0.358435302973
        mean: 0.0844535902143
        min: 0
        var: 0.00452160509303
    oddtoevenharmonicenergyratio:
        dmean: 4.32655096054
        dmean2: 8.17706394196
        dvar: 155.522521973
        dvar2: 452.268432617
        max: 124.685722351
        mean: 2.90616059303
        min: 0
        var: 89.7676086426
    pitch_after_max_to_before_max_energy_ratio: 1.85509514809
    pitch_centroid: 208.10534668
    pitch_max_to_total: 0.34338748455
    pitch_min_to_total: 0.148491874337
    tristimulus:
        dmean: [0.139405041933, 0.294763535261, 0.208180621266]
        dmean2: [0.246471554041, 0.52750813961, 0.3781670928]
        dvar: [0.0181350335479, 0.0546796172857, 0.0309426169842]
        dvar2: [0.0486190505326, 0.13923458755, 0.0834615305066]
        max: [1, 0.992382287979, 0.769513368607]
        mean: [0.206543698907, 0.478771775961, 0.208390519023]
        min: [0.00761774461716, 0, 0]
        var: [0.0237979646772, 0.0789807662368, 0.0398580469191]

tonal:
    chords_changes_rate: 0.037037037313
    chords_number_rate: 0.037037037313
    chords_strength:
        dmean: 0.00913021527231
        dmean2: 0.00800012983382
        dvar: 5.17630469403e-05
        dvar2: 6.62641177769e-05
        max: 0.692565381527
        mean: 0.55682516098
        min: 0.412014722824
        var: 0.00424050260335
    key_strength: 0.786459743977
    tuning_diatonic_strength: 0.589120686054
    tuning_equal_tempered_deviation: 0.0959156602621
    tuning_frequency: 442.804626465
    tuning_nontempered_energy_ratio: 0.729318022728
    hpcp:
        dmean: [0.14945115149, 0.167542889714, 0.184128582478, 0.206967949867, 0.191417947412, 0.150295898318, 0.133643358946, 0.122340612113, 0.117949306965, 0.110431402922, 0.113166749477, 0.140590369701, 0.14969663322, 0.143832042813, 0.151242032647, 0.148403465748, 0.154796913266, 0.180349603295, 0.171100690961, 0.17114405334, 0.129389062524, 0.107587940991, 0.121816441417, 0.166546881199, 0.170468226075, 0.136423036456, 0.141172900796, 0.151047512889, 0.139746800065, 0.136427134275, 0.141007527709, 0.132605075836, 0.15256357193, 0.183720126748, 0.165038242936, 0.158096253872]
        dmean2: [0.251280426979, 0.283886224031, 0.297425121069, 0.343517452478, 0.306635409594, 0.233318313956, 0.214332222939, 0.210102692246, 0.197564557195, 0.18760509789, 0.193875566125, 0.237379774451, 0.241594240069, 0.234943628311, 0.256930440664, 0.249447256327, 0.267904996872, 0.304823666811, 0.287839204073, 0.288399875164, 0.216259628534, 0.181595906615, 0.208964854479, 0.282907992601, 0.29069930315, 0.236134201288, 0.231048211455, 0.257386595011, 0.237221434712, 0.227338969707, 0.227114021778, 0.214058205485, 0.251709461212, 0.315047889948, 0.280070781708, 0.26310300827]
        dvar: [0.0311564151198, 0.0411564446986, 0.0268717855215, 0.0460174158216, 0.0312936864793, 0.0232068505138, 0.024126637727, 0.0238284021616, 0.0227309633046, 0.0143446102738, 0.0193863585591, 0.0227160956711, 0.0273791328073, 0.0261670872569, 0.0300804041326, 0.0325830206275, 0.0298241563141, 0.0332090370357, 0.0351771786809, 0.0284708328545, 0.0181453377008, 0.0134561341256, 0.0205392818898, 0.0305915456265, 0.0351601727307, 0.020514478907, 0.0297105479985, 0.0311327520758, 0.0213516019285, 0.0179042331874, 0.0168989431113, 0.0245805829763, 0.0263836123049, 0.0345418788493, 0.0283411685377, 0.0266046635807]
        dvar2: [0.0823541209102, 0.103729233146, 0.052178606391, 0.0973554030061, 0.0776649191976, 0.0569201745093, 0.0549722760916, 0.0618246868253, 0.0601662509143, 0.0372583903372, 0.0545800440013, 0.0553169101477, 0.0635419785976, 0.0741667598486, 0.0813983380795, 0.0923393666744, 0.0891104564071, 0.0843554884195, 0.080169133842, 0.0668506920338, 0.0470771603286, 0.036269839853, 0.0554200857878, 0.0823899060488, 0.0878013595939, 0.0563372522593, 0.0755157917738, 0.0737437158823, 0.0566926524043, 0.0480027496815, 0.0400276370347, 0.0587499067187, 0.0633405297995, 0.100606381893, 0.0819916054606, 0.067919395864]
        max: [1, 1, 1, 1, 1, 1, 1, 0.95055103302, 1, 0.824328780174, 1, 1, 1, 1, 1, 1, 1, 1, 1, 1, 1, 1, 0.976289212704, 1, 1, 0.911531925201, 1, 1, 1, 0.92510163784, 1, 1, 1, 1, 1, 1]
        mean: [0.22877073288, 0.24644228816, 0.389161914587, 0.47631841898, 0.356066584587, 0.283890545368, 0.273276507854, 0.212260946631, 0.189130693674, 0.183552995324, 0.193705946207, 0.270024508238, 0.305358171463, 0.25196993351, 0.244452655315, 0.263790011406, 0.26758530736, 0.41474917531, 0.489370107651, 0.32177734375, 0.201585486531, 0.184725150466, 0.204471603036, 0.289745360613, 0.311097562313, 0.23053778708, 0.258384943008, 0.293363690376, 0.231427744031, 0.246540665627, 0.263705104589, 0.237152978778, 0.30037561059, 0.343148618937, 0.296396434307, 0.254332005978]
        min: [0.0213127117604, 0.0158214271069, 0.0283058807254, 0.0335500501096, 0.0407539382577, 0.0313172638416, 0.00801806990057, 0.00897274538875, 0.0143572511151, 0.0170229077339, 0.0240222252905, 0.0275540277362, 0.0269787125289, 0.0199658256024, 0.0166372731328, 0.0251624807715, 0.0265925228596, 0.0464766435325, 0.0419195853174, 0.0275787971914, 0.0131859751418, 0.0146145401523, 0.00806899741292, 0.0371444970369, 0.0327593944967, 0.0230768527836, 0.00928539969027, 0.0109541546553, 0.0141880381852, 0.0293206907809, 0.0262791477144, 0.00991895794868, 0.00916145462543, 0.0123047046363, 0.0216650199145, 0.021533165127]
        var: [0.0343879051507, 0.0457745864987, 0.0599094294012, 0.0974226295948, 0.0504166223109, 0.0463523864746, 0.0509667955339, 0.0275283735245, 0.0227956883609, 0.0181220974773, 0.0220928713679, 0.0493265539408, 0.0701637417078, 0.04197268188, 0.0425062887371, 0.0520024038851, 0.0382874496281, 0.0754792168736, 0.121230565012, 0.0551211759448, 0.0258933659643, 0.0203582495451, 0.0265584737062, 0.0546528175473, 0.0684389546514, 0.030734911561, 0.0533642582595, 0.0651317387819, 0.0295151695609, 0.0269391648471, 0.0347268432379, 0.0339709110558, 0.0509460940957, 0.0729840099812, 0.048469953239, 0.03743012622]
    chords_histogram: [18.0555553436, 0, 0, 13.4259262085, 0, 2.31481480598, 0, 10.1851854324, 3.70370364189, 0, 0, 0, 0, 0, 0, 0, 0, 0, 0, 8.33333301544, 0, 0, 20.8333339691, 23.148147583]
    thpcp: [1, 0.657533705235, 0.411928474903, 0.377475351095, 0.417826086283, 0.592078149319, 0.635710179806, 0.471090853214, 0.527994930744, 0.599472045898, 0.472909450531, 0.503791809082, 0.538866400719, 0.484608620405, 0.613800466061, 0.701204717159, 0.605669260025, 0.519712984562, 0.467480003834, 0.50359082222, 0.795230269432, 0.973329603672, 0.727601826191, 0.58011418581, 0.558425009251, 0.433743178844, 0.386477828026, 0.375080108643, 0.39582708478, 0.551779747009, 0.623982071877, 0.514886260033, 0.499525099993, 0.53903990984, 0.546795368195, 0.847516357899]
    chords_key: "B"
    chords_scale: "major"
    key_key: "D#"
    key_scale: "minor"
    chords_progression: ["D#", "D#", "D#", "D#", "D#", "D#", "D#", "D#", "D#", "D#", "D#", "D#", "D#", "D#", "D#", "D#", "D#", "D#", "D#", "D#", "D#", "D#", "D#m", "D#m", "D#m", "D#m", "D#m", "D#m", "D#m", "D#m", "D#m", "D#m", "D#m", "D#m", "D#m", "D#m", "D#m", "D#m", "D#m", "D#m", "D#m", "D#m", "D#m", "D#m", "D#m", "D#m", "D#m", "D#m", "D#m", "D#m", "D#m", "D#m", "D#m", "D#m", "D#m", "D#m", "D#m", "D#m", "D#m", "D#m", "D#m", "B", "B", "B", "B", "B", "B", "B", "B", "B", "B", "B", "B", "B", "B", "B", "B", "B", "B", "B", "B", "B", "B", "B", "B", "B", "B", "B", "B", "B", "B", "B", "B", "B", "B", "B", "B", "B", "B", "B", "B", "B", "B", "B", "B", "B", "B", "B", "B", "B", "B", "G#m", "G#m", "G#m", "G#m", "G#m", "G#m", "G#m", "G#m", "G#m", "G#m", "G#m", "G#m", "G#m", "G#m", "G#m", "G#m", "G#m", "G#m", "G#m", "G#m", "G#m", "G#m", "G#m", "G#m", "G#", "G#", "G#", "G#", "G#", "G#m", "G#m", "G#m", "G#m", "G#m", "G#m", "G#m", "G#m", "G#m", "G#m", "G#m", "G#m", "G#m", "G#m", "G#m", "G#m", "G#m", "G#m", "G#m", "G#m", "G#m", "C#", "C#", "C#", "C#", "C#", "C#", "C#", "C#", "C#", "C#", "C#", "C#", "C#", "C#", "C#", "C#", "C#", "C#", "C#", "C#", "C#", "C#", "C#", "C#", "C#", "C#", "C#", "C#", "C#", "A", "A", "A", "A", "A", "A", "A", "A", "A", "A", "A", "A", "A", "A", "A", "A", "A", "A", "Gm", "Gm", "Gm", "Gm", "Gm", "Gm", "Gm", "Gm"]
