
metadata:
    version:
        essentia: "1.2.2"
    audio_properties:
        analysis_sample_rate: 44100
        bitrate: 128
        channels: 2
        equal_loudness: 1
        length: 9.95265293121
        replay_gain: -14.4473228455
        downmix: "mix"
    tags:
        track: 3
        year: 0
        album: "Splitted by Mp3Splt v. 2.1"
        artist: "From 000.20 To 000.30"
        comment: "http://mp3splt.sf.net"
        genre: ""
        title: "13 Walking Dead.mp3"

highlevel:
    ballroom:
        all:
            ChaChaCha: 0.165836200118
            Jive: 0.222881868482
            Quickstep: 0.494017809629
            Rumba-American: 0.00074967101682
            Rumba-International: 0.00505630904809
            Rumba-Misc: 0.00108042662032
            Samba: 0.10653103888
            Tango: 0.00176389294211
            VienneseWaltz: 0.000965463463217
            Waltz: 0.00111731840298
        probability: 0.494017809629
        value: "Quickstep"
    culture:
        all:
            non_western: 0.0525649487972
            western: 0.947435081005
        probability: 0.947435081005
        value: "western"
    gender:
        all:
            female: 0.126358762383
            male: 0.873641252518
        probability: 0.873641252518
        value: "male"
    genre_dortmund:
        all:
            alternative: 0.0197455845773
            blues: 0.0109741669148
            electronic: 0.528310477734
            folkcountry: 0.0095247393474
            funksoulrnb: 0.00663836626336
            jazz: 0.172419801354
            pop: 0.0142184775323
            raphiphop: 0.186061397195
            rock: 0.052107013762
        probability: 0.528310477734
        value: "electronic"
    genre_electronica:
        all:
            ambient: 0.0924018621445
            dnb: 0.208490386605
            house: 0.517353475094
            techno: 0.135823652148
            trance: 0.0459306389093
        probability: 0.517353475094
        value: "house"
    genre_rosamerica:
        all:
            cla: 0.022983841598
            dan: 0.351755350828
            hip: 0.345291495323
            jaz: 0.0156200090423
            pop: 0.0913110747933
            rhy: 0.10497879982
            roc: 0.0546245090663
            spe: 0.0134349027649
        probability: 0.351755350828
        value: "dan"
    genre_tzanetakis:
        all:
            blu: 0.00223831855692
            cla: 0.00172984704841
            cou: 0.00344030931592
            dis: 0.044572904706
            hip: 0.0695746093988
            jaz: 0.00216526561417
            met: 0.0143911149353
            pop: 0.286434799433
            reg: 0.536842226982
            roc: 0.0386105887592
        probability: 0.536842226982
        value: "reg"
    live_studio:
        all:
            live: 0.205181181431
            studio: 0.794818818569
        probability: 0.794818818569
        value: "studio"
    mood:
        all:
            Cluster1: 0.297389566898
            Cluster2: 0.194503933191
            Cluster3: 0.0430429689586
            Cluster4: 0.0550627931952
            Cluster5: 0.410000741482
        probability: 0.410000741482
        value: "Cluster5"
    mood_acoustic:
        all:
            acoustic: 0.014528831467
            not_acoustic: 0.985471189022
        probability: 0.985471189022
        value: "not_acoustic"
    mood_aggressive:
        all:
            aggressive: 0.331151902676
            not_aggressive: 0.668848097324
        probability: 0.668848097324
        value: "not_aggressive"
    mood_electronic:
        all:
            electronic: 0.979256868362
            not_electronic: 0.020743124187
        probability: 0.979256868362
        value: "electronic"
    mood_happy:
        all:
            happy: 0.269836604595
            not_happy: 0.730163395405
        probability: 0.730163395405
        value: "not_happy"
    mood_party:
        all:
            not_party: 0.0919611304998
            party: 0.908038854599
        probability: 0.908038854599
        value: "party"
    mood_relaxed:
        all:
            not_relaxed: 0.72961640358
            relaxed: 0.27038359642
        probability: 0.72961640358
        value: "not_relaxed"
    mood_sad:
        all:
            not_sad: 0.90437734127
            sad: 0.0956226438284
        probability: 0.90437734127
        value: "not_sad"
    rhythm:
        all:
            fast: 0.634474337101
            medium: 0.294643998146
            slow: 0.0708816796541
        probability: 0.634474337101
        value: "fast"
    speech_music:
        all:
            music: 0.843522548676
            speech: 0.156477466226
        probability: 0.843522548676
        value: "music"
    timbre:
        all:
            bright: 0.011203924194
            dark: 0.988796055317
        probability: 0.988796055317
        value: "dark"
    voice_instrumental:
        all:
            instrumental: 0.116741530597
            voice: 0.883258461952
        probability: 0.883258461952
        value: "voice"

lowlevel:
    average_loudness: 0.750520527363
    barkbands_kurtosis:
        dmean: 2.71552991867
        dmean2: 4.1850233078
        dvar: 15.9484844208
        dvar2: 35.385509491
        max: 28.0602359772
        mean: 3.33358025551
        min: -1.79765093327
        var: 37.3884391785
    barkbands_skewness:
        dmean: 0.601526200771
        dmean2: 0.894775629044
        dvar: 0.41237950325
        dvar2: 0.777359843254
        max: 4.93380451202
        mean: 0.552707672119
        min: -3.45792174339
        var: 3.5457201004
    barkbands_spread:
        dmean: 6.7801194191
        dmean2: 10.7462539673
        dvar: 50.0092277527
        dvar2: 111.820373535
        max: 60.701713562
        mean: 25.0744571686
        min: 4.11259412766
        var: 165.702880859
    dissonance:
        dmean: 0.0137367527932
        dmean2: 0.0235495604575
        dvar: 0.000281517073745
        dvar2: 0.000600980594754
        max: 0.499421834946
        mean: 0.478774130344
        min: 0.245378777385
        var: 0.000376169278752
    hfc:
        dmean: 2.28391480446
        dmean2: 3.38831686974
        dvar: 28.7163124084
        dvar2: 59.3659324646
        max: 64.60962677
        mean: 5.22718238831
        min: 0.00188759574667
        var: 81.5331344604
    pitch:
        dmean: 851.481628418
        dmean2: 1648.46911621
        dvar: 1919153.25
        dvar2: 4446118
        max: 4410
        mean: 1351.52856445
        min: 61.25
        var: 2655597.5
    pitch_instantaneous_confidence:
        dmean: 0.0848051831126
        dmean2: 0.142536357045
        dvar: 0.00500211818144
        dvar2: 0.0124569330364
        max: 0.870786488056
        mean: 0.368094742298
        min: 0.11539965868
        var: 0.01963853091
    pitch_salience:
        dmean: 0.0757212564349
        dmean2: 0.129578560591
        dvar: 0.00551031948999
        dvar2: 0.0165313966572
        max: 0.845167338848
        mean: 0.625455319881
        min: 0.286648631096
        var: 0.00952771212906
    silence_rate_20dB:
        dmean: 0
        dmean2: 0
        dvar: 0
        dvar2: 0
        max: 1
        mean: 1
        min: 1
        var: 0
    silence_rate_30dB:
        dmean: 0
        dmean2: 0
        dvar: 0
        dvar2: 0
        max: 1
        mean: 1
        min: 1
        var: 0
    silence_rate_60dB:
        dmean: 0.13053612411
        dmean2: 0.259345799685
        dvar: 0.113496668637
        dvar2: 0.224796101451
        max: 1
        mean: 0.758139550686
        min: 0
        var: 0.183363467455
    spectral_centroid:
        dmean: 303.810424805
        dmean2: 450.786529541
        dvar: 150484.09375
        dvar2: 259960.296875
        max: 4087.99438477
        mean: 1596.5814209
        min: 151.035339355
        var: 1436010.875
    spectral_complexity:
        dmean: 2.77336454391
        dmean2: 3.86885237694
        dvar: 29.2126159668
        dvar2: 42.0858154297
        max: 51
        mean: 7.01864814758
        min: 0
        var: 101.594223022
    spectral_crest:
        dmean: 2.35816478729
        dmean2: 3.95081830025
        dvar: 6.17587137222
        dvar2: 15.8143386841
        max: 21.2948150635
        mean: 8.12331295013
        min: 2.68898272514
        var: 13.6246175766
    spectral_decrease:
        dmean: 3.18654158615e-10
        dmean2: 5.12989095647e-10
        dvar: 3.92180157837e-19
        dvar2: 9.41841080343e-19
        max: -1.61550709876e-12
        mean: -5.26354682062e-10
        min: -4.99960517431e-09
        var: 5.34052877377e-19
    spectral_energy:
        dmean: 0.00139160465915
        dmean2: 0.00221571722068
        dvar: 7.40719542591e-06
        dvar2: 1.72321670107e-05
        max: 0.0223534014076
        mean: 0.00246070488356
        min: 6.26849123364e-06
        var: 1.19187016026e-05
    spectral_energyband_high:
        dmean: 0.000196021035663
        dmean2: 0.00028848144575
        dvar: 3.32512314571e-07
        dvar2: 7.93831759438e-07
        max: 0.00944759976119
        mean: 0.000374091992853
        min: 1.70270926247e-08
        var: 6.72491296427e-07
    spectral_energyband_low:
        dmean: 0.00022852580878
        dmean2: 0.000397220806917
        dvar: 2.83192292727e-07
        dvar2: 7.7246318142e-07
        max: 0.00355246430263
        mean: 0.000265065173153
        min: 7.1599387752e-08
        var: 2.47606237735e-07
    spectral_energyband_middle_high:
        dmean: 0.000493206025567
        dmean2: 0.000750527367927
        dvar: 1.39895655593e-06
        dvar2: 2.75364982372e-06
        max: 0.011568851769
        mean: 0.00108832400292
        min: 2.81123476498e-07
        var: 3.40820974998e-06
    spectral_energyband_middle_low:
        dmean: 0.000639329431579
        dmean2: 0.00109430542216
        dvar: 1.99949522539e-06
        dvar2: 5.09297206008e-06
        max: 0.00986188463867
        mean: 0.000733215885703
        min: 4.50611196356e-06
        var: 1.79123469479e-06
    spectral_flatness_db:
        dmean: 0.0242780055851
        dmean2: 0.0380550138652
        dvar: 0.000600517727435
        dvar2: 0.00152918358799
        max: 0.283192664385
        mean: 0.174620911479
        min: 0.0564103499055
        var: 0.00187682267278
    spectral_flux:
        dmean: 0.0106347175315
        dmean2: 0.0159986596555
        dvar: 0.000308122311253
        dvar2: 0.000660027784761
        max: 0.132135137916
        mean: 0.0284823905677
        min: 0.0025036954321
        var: 0.000565785856452
    spectral_kurtosis:
        dmean: 2.71559548378
        dmean2: 4.48791217804
        dvar: 17.2136707306
        dvar2: 40.7501144409
        max: 31.1317977905
        mean: 4.79327821732
        min: -0.0533957481384
        var: 28.0060119629
    spectral_rms:
        dmean: 0.000365312036593
        dmean2: 0.000551415490918
        dvar: 3.39083243261e-07
        dvar2: 7.5804109656e-07
        max: 0.0046699247323
        mean: 0.00128105317708
        min: 7.82023125794e-05
        var: 7.59590022881e-07
    spectral_rolloff:
        dmean: 495.213104248
        dmean2: 819.01739502
        dvar: 586527.625
        dvar2: 1235043.375
        max: 5770.8984375
        mean: 2604.46362305
        min: 150.732421875
        var: 3291324.75
    spectral_skewness:
        dmean: 0.352846413851
        dmean2: 0.555263996124
        dvar: 0.197358548641
        dvar2: 0.475598454475
        max: 4.1691608429
        mean: 1.406432271
        min: 0.414860635996
        var: 0.605553328991
    spectral_spread:
        dmean: 726494
        dmean2: 1103830.125
        dvar: 1.45914645709e+12
        dvar2: 3.33961442099e+12
        max: 12161554
        mean: 4135455
        min: 1557136.125
        var: 2.19362793882e+12
    spectral_strongpeak:
        dmean: 0.398990958929
        dmean2: 0.658204197884
        dvar: 0.508974790573
        dvar2: 1.15720272064
        max: 4.98928070068
        mean: 0.563954889774
        min: 0.00522165978327
        var: 0.990620553493
    zerocrossingrate:
        dmean: 0.0115818483755
        dmean2: 0.0124997710809
        dvar: 0.00017597648548
        dvar2: 0.00014289066894
        max: 0.19677734375
        mean: 0.0882093161345
        min: 0.009765625
        var: 0.00289509724826
    barkbands:
        dmean: [6.0434729221e-07, 5.77348437218e-05, 0.000208956204006, 0.000299745908706, 0.000123402816826, 0.000105303850432, 0.000136141781695, 4.05935279559e-05, 3.29303329636e-05, 3.03782580886e-05, 2.65633043455e-05, 1.48375938807e-05, 1.26675386127e-05, 2.34108574659e-05, 3.65449341189e-05, 7.28389786673e-05, 9.3478767667e-05, 0.000121543132991, 0.00021048556664, 0.000147093160194, 9.43536651903e-05, 4.06493491028e-05, 9.78063417278e-06, 1.57456508987e-06, 5.81265624078e-07, 4.27025987904e-08, 1.91097027091e-10]
        dmean2: [9.82774508884e-07, 8.56813203427e-05, 0.000386507221265, 0.000536919513252, 0.000203052157303, 0.000185986209544, 0.000231717873248, 6.85229533701e-05, 5.15690226166e-05, 4.89707526867e-05, 4.12752451666e-05, 2.45611809078e-05, 2.09093559533e-05, 4.10260327044e-05, 6.17872137809e-05, 0.000126311526401, 0.000153336353833, 0.000192468593013, 0.000340741709806, 0.000240283450694, 0.000143457611557, 6.13217198406e-05, 1.56004116434e-05, 2.18409240915e-06, 9.80982235887e-07, 6.99554689731e-08, 3.14942405488e-10]
        dvar: [1.81025019193e-12, 1.05691180252e-08, 2.73144507901e-07, 8.21470734991e-07, 4.78797410608e-08, 3.90145906692e-08, 2.2770298358e-07, 1.39199993754e-08, 4.21760226743e-09, 8.35569125002e-09, 4.49786474732e-09, 1.33774680222e-09, 7.82834075341e-10, 6.2838982906e-09, 8.33215363372e-09, 8.94132412554e-08, 7.0484702519e-08, 7.41449639463e-08, 1.48341712247e-07, 1.67695347386e-07, 5.61790933773e-08, 8.99418584055e-09, 5.91720950016e-10, 8.05177799434e-12, 2.2163883142e-12, 8.47504151683e-15, 1.81927829178e-19]
        dvar2: [4.33971998962e-12, 2.36784476471e-08, 7.78369326326e-07, 2.26140628001e-06, 1.23205495584e-07, 1.01740745606e-07, 5.65359584925e-07, 3.63917642687e-08, 9.80532011141e-09, 1.63977063039e-08, 9.87252768425e-09, 3.00934233088e-09, 1.70902814123e-09, 1.74005627684e-08, 2.00499616909e-08, 2.48703059924e-07, 1.7562273058e-07, 1.68497223285e-07, 3.51147491529e-07, 4.19021603193e-07, 1.34979345034e-07, 1.79486061569e-08, 1.33591704365e-09, 1.62544405019e-11, 5.9135183729e-12, 2.02592764342e-14, 2.80794575641e-19]
        max: [1.21818320622e-05, 0.000842494191602, 0.00331517402083, 0.00698141334578, 0.00145488069393, 0.00144219992217, 0.00697131222114, 0.00126051960979, 0.000523587106727, 0.000775282736868, 0.000593638629653, 0.000363768718671, 0.000243936796323, 0.000807497592177, 0.000732303014956, 0.00457102712244, 0.00287357997149, 0.00258430885151, 0.00377160659991, 0.00676431600004, 0.00298302900046, 0.00139184552245, 0.000218923887587, 2.99852254102e-05, 1.91979797819e-05, 4.85159887376e-07, 7.86057352542e-09]
        mean: [6.98941732935e-07, 8.56729966472e-05, 0.00017870235024, 0.00021683430532, 0.000159817267559, 0.000125181613839, 0.000139490162837, 3.91478351958e-05, 4.97205546708e-05, 3.41324266628e-05, 3.82033758797e-05, 1.64868597494e-05, 1.66618065123e-05, 2.35349434661e-05, 4.51050000265e-05, 8.07505712146e-05, 0.000114797163405, 0.000199068861548, 0.000378417549655, 0.000268264760962, 0.000154615496285, 7.55383443902e-05, 1.611116204e-05, 3.02294415633e-06, 6.91243656092e-07, 3.76127786694e-08, 1.74679729015e-10]
        min: [8.29535329316e-11, 3.04049727617e-08, 1.53477373033e-08, 1.30505895868e-07, 2.75392631011e-06, 4.54566588814e-07, 5.79296681735e-08, 4.75940744593e-08, 2.3809453964e-08, 5.50038450342e-08, 2.51915466265e-08, 2.25606289206e-08, 3.0279796448e-08, 1.67377383065e-08, 3.47753186247e-08, 2.84675341078e-08, 8.13339973149e-09, 2.76227591911e-08, 4.88688201017e-09, 4.19101375826e-08, 9.24796772495e-09, 2.02379979442e-09, 6.37630559464e-10, 4.89948047411e-11, 2.81416487335e-11, 6.50594769031e-12, 2.5751331338e-14]
        var: [2.20670075095e-12, 1.57792090505e-08, 1.87432533494e-07, 5.58455951705e-07, 6.46683844252e-08, 4.22214014861e-08, 2.38739204406e-07, 1.15231708619e-08, 7.67572938543e-09, 9.62976187679e-09, 6.47379172491e-09, 1.52625334593e-09, 1.09312692231e-09, 4.44224967922e-09, 9.77117853296e-09, 6.86307615183e-08, 7.59623475233e-08, 1.53135204073e-07, 3.98112121047e-07, 3.38807041089e-07, 1.11782000545e-07, 2.61886299313e-08, 1.15678144841e-09, 2.88673460136e-11, 2.52579836386e-12, 7.89748447845e-15, 2.19197201309e-19]
    mfcc:
        mean: [-796.302368164, 116.420417786, -39.8125190735, 65.756477356, -17.6600990295, 3.02548384666, -8.1148481369, 5.57973766327, -4.54744672775, -2.01949334145, -6.00670289993, -5.1563949585, -0.910549759865]
        cov: [[8357.03710938, -4413.40576172, -505.912872314, -93.8611068726, -846.715270996, -798.774841309, -510.636566162, -428.635955811, -458.944519043, -42.931098938, -188.560760498, -8.76365375519, -42.9340133667], [-4413.40576172, 3738.6706543, 125.547149658, 26.1773052216, 565.269592285, 478.217468262, 244.027557373, 271.693481445, 243.295761108, 4.84691143036, 68.7633972168, 34.9961204529, 34.8691711426], [-505.912872314, 125.547149658, 687.027770996, 185.111572266, 193.985214233, 202.208251953, 102.492500305, 120.281661987, 97.5248718262, 35.9060783386, 70.536567688, -0.344908416271, 5.1954202652], [-93.8611068726, 26.1773052216, 185.111572266, 287.416046143, 64.7915420532, 90.7326889038, 65.101020813, 65.77394104, -2.05944156647, 58.0449256897, 13.0618333817, 18.8460140228, -22.7710075378], [-846.715270996, 565.269592285, 193.985214233, 64.7915420532, 239.039871216, 167.929977417, 100.492843628, 88.1514053345, 89.0210266113, 15.047077179, 51.5784187317, 18.1528282166, 17.1835575104], [-798.774841309, 478.217468262, 202.208251953, 90.7326889038, 167.929977417, 253.920043945, 87.8734283447, 137.828201294, 93.181312561, 23.8777923584, 47.1574211121, 23.2384700775, 8.72299957275], [-510.636566162, 244.027557373, 102.492500305, 65.101020813, 100.492843628, 87.8734283447, 115.667098999, 60.2330970764, 53.6096687317, 21.9901866913, 28.1256027222, -0.204067960382, 3.54160547256], [-428.635955811, 271.693481445, 120.281661987, 65.77394104, 88.1514053345, 137.828201294, 60.2330970764, 130.529632568, 66.5903549194, 20.7436084747, 30.2965641022, 18.4702663422, 12.1155481339], [-458.944519043, 243.295761108, 97.5248718262, -2.05944156647, 89.0210266113, 93.181312561, 53.6096687317, 66.5903549194, 107.749359131, 27.8102283478, 44.7531890869, 9.93043518066, 17.2678012848], [-42.931098938, 4.84691143036, 35.9060783386, 58.0449256897, 15.047077179, 23.8777923584, 21.9901866913, 20.7436084747, 27.8102283478, 60.7823944092, 22.3042621613, 12.7129764557, -1.99149560928], [-188.560760498, 68.7633972168, 70.536567688, 13.0618333817, 51.5784187317, 47.1574211121, 28.1256027222, 30.2965641022, 44.7531890869, 22.3042621613, 70.2777404785, 25.2661209106, 20.2162876129], [-8.76365375519, 34.9961204529, -0.344908416271, 18.8460140228, 18.1528282166, 23.2384700775, -0.204067960382, 18.4702663422, 9.93043518066, 12.7129764557, 25.2661209106, 46.5267791748, 21.7862815857], [-42.9340133667, 34.8691711426, 5.1954202652, -22.7710075378, 17.1835575104, 8.72299957275, 3.54160547256, 12.1155481339, 17.2678012848, -1.99149560928, 20.2162876129, 21.7862815857, 50.9068756104]]
        icov: [[0.000419292686274, 0.0004157073854, 4.45239420515e-05, -6.85951818014e-05, -0.000170179220731, 0.00042085966561, 0.000766849901993, -0.000356468051905, 0.000365757878171, -0.000195722881472, 0.000364836218068, -0.000401877652621, -5.41485496797e-05], [0.0004157073854, 0.000916098244488, 0.000377813150408, 9.38512312132e-05, -0.00134103419259, 6.34534444544e-05, 0.000706427206751, -0.000637728604488, 0.000187007113709, -0.000124350452097, 0.000792125589214, -0.000352522096364, 3.89501292375e-05], [4.45239420515e-05, 0.000377813150408, 0.00278349709697, -0.001646521152, -0.00167769636028, -0.000858302810229, 0.000841501809191, -0.000296800688375, -0.00106262089685, 0.000937884673476, -0.00155341089703, 0.00274837156758, -0.000678515294567], [-6.85951818014e-05, 9.38512312132e-05, -0.001646521152, 0.00818586535752, -0.000844952126499, -0.000823121285066, -0.00322450534441, -0.00256100273691, 0.00663632480428, -0.00716894865036, 0.00184668391012, -0.0036591317039, 0.00326868519187], [-0.000170179220731, -0.00134103419259, -0.00167769636028, -0.000844952126499, 0.0138724977151, -0.00425486639142, -0.00534418830648, 0.00384788238443, -0.00337885483168, 0.00335787446238, -0.00200709491037, -0.00221331510693, -0.000907483743504], [0.00042085966561, 6.34534444544e-05, -0.000858302810229, -0.000823121285066, -0.00425486639142, 0.0144428582862, 0.0011629370274, -0.00967057514936, -0.00175230565947, 0.00131046457682, 4.33185086877e-05, -0.00277726678178, 0.00302995881066], [0.000766849901993, 0.000706427206751, 0.000841501809191, -0.00322450534441, -0.00534418830648, 0.0011629370274, 0.0189995840192, -0.00344515731558, -0.00227299169637, -0.00147209386341, -0.00181750103366, 0.00651064328849, -0.00161370448768], [-0.000356468051905, -0.000637728604488, -0.000296800688375, -0.00256100273691, 0.00384788238443, -0.00967057514936, -0.00344515731558, 0.0221836939454, -0.00720564601943, 0.0021569665987, 0.00154944951646, -0.0027303150855, -0.00257905642502], [0.000365757878171, 0.000187007113709, -0.00106262089685, 0.00663632480428, -0.00337885483168, -0.00175230565947, -0.00227299169637, -0.00720564601943, 0.0268649812788, -0.0117343934253, -0.00584267964587, 0.00405213143677, -0.00241452688351], [-0.000195722881472, -0.000124350452097, 0.000937884673476, -0.00716894865036, 0.00335787446238, 0.00131046457682, -0.00147209386341, 0.0021569665987, -0.0117343934253, 0.0293495059013, -0.00505852419883, -0.00444949185476, 0.00389032578096], [0.000364836218068, 0.000792125589214, -0.00155341089703, 0.00184668391012, -0.00200709491037, 4.33185086877e-05, -0.00181750103366, 0.00154944951646, -0.00584267964587, -0.00505852419883, 0.0276840478182, -0.0122453421354, -0.00279199634679], [-0.000401877652621, -0.000352522096364, 0.00274837156758, -0.0036591317039, -0.00221331510693, -0.00277726678178, 0.00651064328849, -0.0027303150855, 0.00405213143677, -0.00444949185476, -0.0122453421354, 0.0403641834855, -0.0145549289882], [-5.41485496797e-05, 3.89501292375e-05, -0.000678515294567, 0.00326868519187, -0.000907483743504, 0.00302995881066, -0.00161370448768, -0.00257905642502, -0.00241452688351, 0.00389032578096, -0.00279199634679, -0.0145549289882, 0.0299248658121]]
    spectral_contrast:
        mean: [3.73406066956e-07, -2.79118893332e-07, 1.40119539083e-07, -3.87660321621e-08, 1.90832125213e-07, -2.11395033034e-07, 1.77507911303e-06, -3.18926527143e-06, -2.04434195439e-06, 2.5306965199e-06, 3.49291553903e-07, 3.14668068313e-06]
        var: [0.000426233018516, 0.00065713445656, 0.000997148104943, 0.00154042011127, 0.00320511846803, 0.00574515527114, 0.0537801086903, 0.102035574615, 0.145383551717, 0.523382306099, 0.818227350712, 4.00942325592]

rhythm:
    beats_loudness:
        dmean: 0.00619383016601
        dmean2: 0.0127262789756
        dvar: 9.46667569224e-06
        dvar2: 1.97992376343e-05
        max: 0.0117359012365
        mean: 0.00641607306898
        min: 0.00129681965336
        var: 1.53336586663e-05
    beats_loudness_bass:
        dmean: 0.416043162346
        dmean2: 0.817404866219
        dvar: 0.084459386766
        dvar2: 0.271678388119
        max: 0.732884466648
        mean: 0.24627828598
        min: 0.000541857094504
        var: 0.0892982408404
    bpm: 81.1616897583
    bpm_confidence: 0
    first_peak_bpm: 163
    first_peak_spread: 0
    first_peak_weight: 0.529411792755
    onset_rate: 4.52140760422
    second_peak_bpm: 81
    second_peak_spread: 0
    second_peak_weight: 0.470588237047
    beats_position: [0.329264849424, 1.06853330135, 1.80780184269, 2.54707026482, 3.28633856773, 4.02560663223, 4.76487541199, 5.5041437149, 6.25646018982, 6.6243481636, 6.99223566055, 7.3601231575, 7.72801017761, 8.09589767456, 8.46378517151, 8.83167171478, 9.19956016541, 9.56744766235]
    bpm_estimates: [81.3815765381, 81.1693496704, 81.3643493652, 81.1467514038, 80.9011001587, 81.0374679565, 80.981842041, 80.9008636475, 81.33644104, 81.2822875977, 81.276550293]
    bpm_intervals: [0.739268422127, 0.739268541336, 0.739268422127, 0.739268302917, 0.739268064499, 0.739268779755, 0.739268302917, 0.752316474915, 0.367887973785, 0.367887496948, 0.367887496948, 0.367887020111, 0.367887496948, 0.367887496948, 0.367886543274, 0.367888450623, 0.367887496948]
    onset_times: [0.127709746361, 0.31346938014, 0.684988677502, 1.06811785698, 1.27709746361, 1.43963718414, 1.62539684772, 1.81115651131, 2.18267583847, 2.36843538284, 2.54258513451, 2.73995471001, 2.91410422325, 3.08825397491, 3.28562355042, 3.64553284645, 4.02866220474, 4.2492518425, 4.40018129349, 4.59755086899, 4.77170085907, 5.14321994781, 5.34058952332, 5.51473903656, 5.70049905777, 5.88625860214, 6.04879808426, 6.24616765976, 6.61768722534, 6.98920631409, 7.22140598297, 7.36072540283, 7.4884352684, 7.55809545517, 7.73224496841, 8.23147392273, 8.31274414062, 8.48689365387, 8.67265319824, 8.87002277374, 8.97451210022, 9.02095222473, 9.18349170685, 9.58984088898, 9.77560043335]
    rubato_start: [6.6243481636]
    rubato_stop: [6.99223566055]
    perceptual_tempo: "unknown"

sfx:
    inharmonicity:
        dmean: 0.0463349334896
        dmean2: 0.0800344049931
        dvar: 0.00311565282755
        dvar2: 0.00854984857142
        max: 0.388828217983
        mean: 0.0568247810006
        min: 0.000257361127296
        var: 0.0043490100652
    oddtoevenharmonicenergyratio:
        dmean: 2.07517910004
        dmean2: 3.75097036362
        dvar: 21.9137916565
        dvar2: 54.0120773315
        max: 46.8603248596
        mean: 1.55869376659
        min: 0.000307227834128
        var: 15.863899231
    pitch_after_max_to_before_max_energy_ratio: 19.4520187378
    pitch_centroid: 269.258880615
    pitch_max_to_total: 0.0699300691485
    pitch_min_to_total: 0.167832165956
    tristimulus:
        dmean: [0.170052424073, 0.233103945851, 0.145838499069]
        dmean2: [0.295590162277, 0.412485063076, 0.265096575022]
        dvar: [0.0287650860846, 0.0451965518296, 0.0280551481992]
        dvar2: [0.0744345337152, 0.122069649398, 0.0814925283194]
        max: [0.950161516666, 0.98103839159, 0.819600343704]
        mean: [0.374331712723, 0.425201386213, 0.163016483188]
        min: [0.00899945944548, 0, 0]
        var: [0.0656983032823, 0.0602881424129, 0.0335614234209]

tonal:
    chords_changes_rate: 0.138888895512
    chords_number_rate: 0.0555555559695
    chords_strength:
        dmean: 0.0111260637641
        dmean2: 0.0116637991741
        dvar: 7.34481509426e-05
        dvar2: 8.47020201036e-05
        max: 0.577225804329
        mean: 0.428068101406
        min: 0.229824393988
        var: 0.00512075377628
    key_strength: 0.385803371668
    tuning_diatonic_strength: 0.412799566984
    tuning_equal_tempered_deviation: 0.193102687597
    tuning_frequency: 441.527557373
    tuning_nontempered_energy_ratio: 0.870782494545
    hpcp:
        dmean: [0.151927858591, 0.159507185221, 0.1626983881, 0.156660050154, 0.18269726634, 0.188340559602, 0.186800986528, 0.162161543965, 0.158688351512, 0.195024043322, 0.183185085654, 0.176628410816, 0.216787919402, 0.218885451555, 0.167082056403, 0.16659347713, 0.149413406849, 0.128740414977, 0.123323895037, 0.0931807234883, 0.0582627505064, 0.0569240823388, 0.0718920975924, 0.0945301428437, 0.11103040725, 0.128414601088, 0.131290093064, 0.117259010673, 0.0848872512579, 0.0536546781659, 0.0725474432111, 0.101172350347, 0.121411494911, 0.130956619978, 0.106341741979, 0.133211672306]
        dmean2: [0.242070004344, 0.260715872049, 0.266751289368, 0.247565940022, 0.305724442005, 0.297635912895, 0.303972661495, 0.273958086967, 0.279993504286, 0.340821892023, 0.322943598032, 0.292227119207, 0.374134808779, 0.389341831207, 0.283292979002, 0.28523349762, 0.248350486159, 0.208465188742, 0.205059930682, 0.144692525268, 0.0941835716367, 0.0954335555434, 0.11959644407, 0.146086111665, 0.186578735709, 0.210052162409, 0.213448151946, 0.189166724682, 0.141175299883, 0.0847045853734, 0.109671108425, 0.160685911775, 0.207664489746, 0.211881220341, 0.16774520278, 0.209330588579]
        dvar: [0.0462319180369, 0.040821172297, 0.0422732569277, 0.0334440767765, 0.0516584888101, 0.0470084883273, 0.0454124137759, 0.0335721559823, 0.0376214943826, 0.0615890622139, 0.0556573085487, 0.0436731874943, 0.0700212344527, 0.0726116746664, 0.0435334220529, 0.0514476969838, 0.0419152230024, 0.0288593098521, 0.0439052544534, 0.0210926439613, 0.00801807269454, 0.00602422701195, 0.00938925426453, 0.0128746069968, 0.0176049917936, 0.0186249259859, 0.0226285979152, 0.0208423156291, 0.0126129109412, 0.00635806564242, 0.00877411663532, 0.0201532803476, 0.0236541051418, 0.0263712015003, 0.0207939129323, 0.0242634266615]
        dvar2: [0.0963293388486, 0.0933034420013, 0.105692639947, 0.0776022523642, 0.126970365644, 0.11255774647, 0.103536687791, 0.0909957885742, 0.0990832820535, 0.174536332488, 0.143258571625, 0.103761024773, 0.202974259853, 0.181079789996, 0.115125514567, 0.142135053873, 0.109410069883, 0.0672812387347, 0.0992582514882, 0.0409898459911, 0.0163265392184, 0.0151392519474, 0.0251866150647, 0.0312002580613, 0.0446908101439, 0.0512585565448, 0.0579106025398, 0.0482425652444, 0.0304377675056, 0.0121534019709, 0.0155556313694, 0.0356664285064, 0.0476767085493, 0.0647078827024, 0.0489789806306, 0.052269551903]
        max: [1, 1, 1, 1, 1, 1, 1, 1, 1, 1, 1, 1, 1, 1, 1, 1, 1, 1, 1, 1, 0.538918912411, 0.501890897751, 0.688783228397, 1, 1, 0.966170489788, 1, 1, 0.851679563522, 0.65481621027, 0.614169478416, 1, 1, 1, 1, 0.950556278229]
        mean: [0.246660217643, 0.261425077915, 0.269769847393, 0.271005153656, 0.280793070793, 0.376739352942, 0.3716814816, 0.237875461578, 0.216857597232, 0.240303233266, 0.244423672557, 0.315396130085, 0.350210130215, 0.256850033998, 0.189412400126, 0.178025364876, 0.172841355205, 0.178466960788, 0.173939868808, 0.128433018923, 0.0830490663648, 0.0726784169674, 0.0914015248418, 0.14666312933, 0.179912760854, 0.16542711854, 0.178762748837, 0.192943587899, 0.135248959064, 0.0805612429976, 0.101120531559, 0.141686081886, 0.172192573547, 0.197812765837, 0.196632295847, 0.212618365884]
        min: [0.00199209502898, 0.00291074858978, 0.00262347771786, 0.00233202031814, 0.00412787729874, 0.006270440761, 0.00420929165557, 0.00282256421633, 0.00455639278516, 0, 0, 0, 0, 0.00194324820768, 0.00173339759931, 0.00192007538863, 0.00168287160341, 0.00233692978509, 0.00178858090658, 0.000336215365678, 0.000421648612246, 0.000531991710886, 0.00204554921947, 0.0022208946757, 0.000789562880527, 0.00156248849817, 0.00153952557594, 0.00125795556232, 0.00242921896279, 0.00180024444126, 0.00149343244266, 0.00232921843417, 0.00189758848865, 0, 0, 7.6235448887e-07]
        var: [0.0913933888078, 0.0834530368447, 0.0902243554592, 0.0847050473094, 0.0701195076108, 0.112078361213, 0.112299762666, 0.0463859848678, 0.044814221561, 0.0737332999706, 0.0662451311946, 0.107606373727, 0.114518135786, 0.0692360475659, 0.0472149923444, 0.0515757538378, 0.0451242849231, 0.0426300428808, 0.0635189861059, 0.0400578342378, 0.0131301665679, 0.00768968788907, 0.0114811845124, 0.0262654405087, 0.0405577495694, 0.0345294028521, 0.0367650650442, 0.0544045455754, 0.0251719187945, 0.011691249907, 0.0195718631148, 0.040055423975, 0.036842469126, 0.0529471486807, 0.0593342296779, 0.0485398247838]
    chords_histogram: [0, 2.31481480598, 11.5740737915, 8.79629611969, 9.72222232819, 0, 1.85185182095, 0, 0, 0, 0, 0, 0, 14.8148145676, 0, 0, 9.25925922394, 3.24074077606, 6.48148155212, 6.94444465637, 0, 0, 2.31481480598, 22.6851844788]
    thpcp: [1, 0.986574590206, 0.631405949593, 0.575617074966, 0.637850105762, 0.648787200451, 0.8371732831, 0.929581999779, 0.681771159172, 0.50276774168, 0.472542524338, 0.458782315254, 0.47371467948, 0.461698174477, 0.340906828642, 0.220441713929, 0.192914322019, 0.242612093687, 0.389296025038, 0.477552354336, 0.439102292061, 0.474499791861, 0.51214081049, 0.35899874568, 0.213838145137, 0.268409788609, 0.376085162163, 0.457060217857, 0.525065302849, 0.521931946278, 0.564364612103, 0.654723763466, 0.693914949894, 0.716064929962, 0.719343900681, 0.745324492455]
    chords_key: "G"
    chords_scale: "minor"
    key_key: "A#"
    key_scale: "major"
    chords_progression: ["D#", "Gm", "D#", "D#", "D#", "D#", "Gm", "Gm", "Gm", "Gm", "Gm", "Gm", "Gm", "Gm", "Gm", "Gm", "Gm", "Gm", "Gm", "Gm", "Gm", "Gm", "Gm", "Gm", "Gm", "Gm", "Gm", "Gm", "Gm", "Gm", "Gm", "Gm", "Gm", "Gm", "Gm", "Gm", "Gm", "Gm", "Gm", "Gm", "Gm", "Gm", "Gm", "Gm", "Gm", "Gm", "Gm", "Gm", "G", "G", "G", "G", "Gm", "Gm", "Gm", "Gm", "Gm", "G#m", "G#m", "G#m", "G#m", "G#m", "G#m", "G#m", "G#m", "G#m", "G#m", "G#m", "G#m", "G#m", "G#m", "G#m", "Gm", "G#m", "G#m", "G#m", "G#m", "G#m", "G#m", "G#m", "G#m", "G#m", "G#m", "G#m", "G#m", "G#m", "G#m", "G#m", "G#m", "G#m", "A#m", "A#m", "A#m", "A#m", "A#m", "C", "Am", "Am", "Am", "Am", "Am", "Am", "Am", "Am", "C", "Am", "Am", "Am", "C", "C", "C", "C", "C", "A#m", "A#m", "C", "C#", "C#", "C#", "C#", "C#", "C", "C", "C", "C#", "C#", "C", "C", "C", "C", "C", "C", "C", "C", "C", "C", "Am", "Am", "Am", "Am", "Am", "Am", "Am", "Am", "F", "F", "F", "F", "F", "F", "F", "F", "F", "F", "F", "F", "F", "F", "F", "F", "F", "F", "F", "Fm", "Fm", "Fm", "Fm", "Fm", "Fm", "Fm", "Fm", "Fm", "Fm", "Fm", "Fm", "Fm", "Fm", "C#", "Fm", "C#", "C#", "C#", "C#", "C#", "C#", "F", "F", "F", "F#", "F#", "F#", "F#", "F#", "F#", "F#", "F#", "F#", "F#", "F#", "F#", "F#", "F#", "F#", "F#", "F#", "F#", "F#", "F#", "F", "F", "F", "Dm", "Dm", "Dm", "Dm", "Dm"]
