
metadata:
    version:
        essentia: "1.2.2"
    audio_properties:
        analysis_sample_rate: 44100
        bitrate: 128
        channels: 2
        equal_loudness: 1
        length: 10.0048980713
        replay_gain: -10.4429950714
        downmix: "mix"
    tags:
        track: 11
        year: 0
        album: "Splitted by Mp3Splt v. 2.1"
        artist: "From 001.40 To 001.50"
        comment: "http://mp3splt.sf.net"
        genre: ""
        title: "05 Don't Be Afraid of Love.mp3"

highlevel:
    ballroom:
        all:
            ChaChaCha: 0.00251792022027
            Jive: 0.00262673618272
            Quickstep: 0.00351938745007
            Rumba-American: 0.0106549458578
            Rumba-International: 0.287696331739
            Rumba-Misc: 0.0724993720651
            Samba: 0.00273550092243
            Tango: 0.0521224737167
            VienneseWaltz: 0.236715599895
            Waltz: 0.328911721706
        probability: 0.328911721706
        value: "Waltz"
    culture:
        all:
            non_western: 0.120958782732
            western: 0.879041194916
        probability: 0.879041194916
        value: "western"
    gender:
        all:
            female: 0.761919796467
            male: 0.238080188632
        probability: 0.761919796467
        value: "female"
    genre_dortmund:
        all:
            alternative: 0.0585583150387
            blues: 0.00610939832404
            electronic: 0.477514415979
            folkcountry: 0.131806537509
            funksoulrnb: 0.00849817227572
            jazz: 0.219187781215
            pop: 0.0260737407953
            raphiphop: 0.0032080959063
            rock: 0.0690435543656
        probability: 0.477514415979
        value: "electronic"
    genre_electronica:
        all:
            ambient: 0.97380399704
            dnb: 0.0050500780344
            house: 0.00448576034978
            techno: 0.00501607498154
            trance: 0.0116441175342
        probability: 0.97380399704
        value: "ambient"
    genre_rosamerica:
        all:
            cla: 0.0340446978807
            dan: 0.0226535517722
            hip: 0.00737615535036
            jaz: 0.848224639893
            pop: 0.0146661652252
            rhy: 0.0222519207746
            roc: 0.0482140630484
            spe: 0.00256881280802
        probability: 0.848224639893
        value: "jaz"
    genre_tzanetakis:
        all:
            blu: 0.0633128061891
            cla: 0.420023560524
            cou: 0.0603030994534
            dis: 0.0164462737739
            hip: 0.0137340072542
            jaz: 0.279034465551
            met: 0.0149601595476
            pop: 0.033668924123
            reg: 0.056244879961
            roc: 0.0422718301415
        probability: 0.420023560524
        value: "cla"
    live_studio:
        all:
            live: 0.16964790225
            studio: 0.830352067947
        probability: 0.830352067947
        value: "studio"
    mood:
        all:
            Cluster1: 0.0580116026103
            Cluster2: 0.0178130436689
            Cluster3: 0.821647167206
            Cluster4: 0.03843196854
            Cluster5: 0.0640962198377
        probability: 0.821647167206
        value: "Cluster3"
    mood_acoustic:
        all:
            acoustic: 0.420722663403
            not_acoustic: 0.579277336597
        probability: 0.579277336597
        value: "not_acoustic"
    mood_aggressive:
        all:
            aggressive: 0.00785992946476
            not_aggressive: 0.992140054703
        probability: 0.992140054703
        value: "not_aggressive"
    mood_electronic:
        all:
            electronic: 0.905820786953
            not_electronic: 0.0941792204976
        probability: 0.905820786953
        value: "electronic"
    mood_happy:
        all:
            happy: 0.04106438905
            not_happy: 0.958935618401
        probability: 0.958935618401
        value: "not_happy"
    mood_party:
        all:
            not_party: 0.992361962795
            party: 0.007638014853
        probability: 0.992361962795
        value: "not_party"
    mood_relaxed:
        all:
            not_relaxed: 0.0124874822795
            relaxed: 0.987512528896
        probability: 0.987512528896
        value: "relaxed"
    mood_sad:
        all:
            not_sad: 0.122667737305
            sad: 0.877332270145
        probability: 0.877332270145
        value: "sad"
    rhythm:
        all:
            fast: 0.0101096229628
            medium: 0.335826545954
            slow: 0.654063820839
        probability: 0.654063820839
        value: "slow"
    speech_music:
        all:
            music: 0.999545276165
            speech: 0.00045469487668
        probability: 0.999545276165
        value: "music"
    timbre:
        all:
            bright: 0.0173050742596
            dark: 0.982694923878
        probability: 0.982694923878
        value: "dark"
    voice_instrumental:
        all:
            instrumental: 0.999996423721
            voice: 3.56430723514e-06
        probability: 0.999996423721
        value: "instrumental"

lowlevel:
    average_loudness: 0.939906597137
    barkbands_kurtosis:
        dmean: 2.13854455948
        dmean2: 3.30966043472
        dvar: 8.98052310944
        dvar2: 22.8267002106
        max: 36.6931228638
        mean: 6.23079299927
        min: -1.12270438671
        var: 49.8783187866
    barkbands_skewness:
        dmean: 0.331908226013
        dmean2: 0.512884020805
        dvar: 0.118938170373
        dvar2: 0.309724926949
        max: 4.70418596268
        mean: 1.19393515587
        min: -0.71522539854
        var: 1.03378725052
    barkbands_spread:
        dmean: 0.602252006531
        dmean2: 0.843933343887
        dvar: 0.416969895363
        dvar2: 0.783739566803
        max: 12.5303630829
        mean: 3.75457382202
        min: 0.991696536541
        var: 3.34816980362
    dissonance:
        dmean: 0.0379130207002
        dmean2: 0.0623352266848
        dvar: 0.000924331659917
        dvar2: 0.00269818049856
        max: 0.491387426853
        mean: 0.360327988863
        min: 0.180389404297
        var: 0.00305864354596
    hfc:
        dmean: 0.216379448771
        dmean2: 0.270554989576
        dvar: 0.106973752379
        dvar2: 0.162962600589
        max: 5.40506982803
        mean: 1.09828341007
        min: 0.114328965545
        var: 1.15204954147
    pitch:
        dmean: 31.2861423492
        dmean2: 60.6447906494
        dvar: 4282.51416016
        dvar2: 11682.1884766
        max: 689.0625
        mean: 157.672470093
        min: 65.0442504883
        var: 4755.44677734
    pitch_instantaneous_confidence:
        dmean: 0.0602764487267
        dmean2: 0.0901689454913
        dvar: 0.00434672320262
        dvar2: 0.0109977992252
        max: 0.87059867382
        mean: 0.581303477287
        min: 0.146768212318
        var: 0.0260320026428
    pitch_salience:
        dmean: 0.0555267520249
        dmean2: 0.0865552276373
        dvar: 0.00329252402298
        dvar2: 0.0088639324531
        max: 0.800186634064
        mean: 0.551509141922
        min: 0.196958914399
        var: 0.010903484188
    silence_rate_20dB:
        dmean: 0
        dmean2: 0
        dvar: 0
        dvar2: 0
        max: 1
        mean: 1
        min: 1
        var: 0
    silence_rate_30dB:
        dmean: 0
        dmean2: 0
        dvar: 0
        dvar2: 0
        max: 1
        mean: 1
        min: 1
        var: 0
    silence_rate_60dB:
        dmean: 0.0837209299207
        dmean2: 0.167832165956
        dvar: 0.0767119154334
        dvar2: 0.172298744321
        max: 1
        mean: 0.510440826416
        min: 0
        var: 0.249892055988
    spectral_centroid:
        dmean: 22.2154121399
        dmean2: 32.0535430908
        dvar: 689.509643555
        dvar2: 1406.19934082
        max: 636.726196289
        mean: 247.936004639
        min: 116.267692566
        var: 8625.17871094
    spectral_complexity:
        dmean: 0.761682271957
        dmean2: 1.26463699341
        dvar: 0.728251576424
        dvar2: 1.48734295368
        max: 13
        mean: 5.07925415039
        min: 1
        var: 3.59277820587
    spectral_crest:
        dmean: 1.83794867992
        dmean2: 2.85778903961
        dvar: 3.58272171021
        dvar2: 8.15445423126
        max: 23.7642402649
        mean: 11.0877399445
        min: 5.79983139038
        var: 8.25069713593
    spectral_decrease:
        dmean: 1.85721146795e-10
        dmean2: 2.52932369493e-10
        dvar: 5.45951999735e-20
        dvar2: 8.97382267918e-20
        max: -1.21239768225e-10
        mean: -1.00744357301e-09
        min: -3.49865381111e-09
        var: 4.41534483621e-19
    spectral_energy:
        dmean: 0.000719260133337
        dmean2: 0.000977197196335
        dvar: 8.22706056169e-07
        dvar2: 1.34696745135e-06
        max: 0.0136399557814
        mean: 0.0039019389078
        min: 0.000469613296445
        var: 6.7483319981e-06
    spectral_energyband_high:
        dmean: 1.05459029953e-07
        dmean2: 1.73141827986e-07
        dvar: 8.78695648686e-14
        dvar2: 2.25310913047e-13
        max: 6.63271657686e-06
        mean: 3.06692157892e-07
        min: 6.95511843674e-08
        var: 2.89230282519e-13
    spectral_energyband_low:
        dmean: 0.000284645240754
        dmean2: 0.000432646309491
        dvar: 1.58843320719e-07
        dvar2: 2.99608927889e-07
        max: 0.00530926138163
        mean: 0.00114026584197
        min: 2.5705772714e-05
        var: 6.0520687839e-07
    spectral_energyband_middle_high:
        dmean: 2.96291182167e-05
        dmean2: 3.67391985492e-05
        dvar: 8.50291570487e-09
        dvar2: 8.5690619045e-09
        max: 0.00212519033812
        mean: 9.85704245977e-05
        min: 5.24032520843e-06
        var: 4.94088325809e-08
    spectral_energyband_middle_low:
        dmean: 0.000580055755563
        dmean2: 0.000771382998209
        dvar: 5.63389733088e-07
        dvar2: 9.77122795121e-07
        max: 0.0116899004206
        mean: 0.00266270921566
        min: 0.000226294854656
        var: 4.56850830233e-06
    spectral_flatness_db:
        dmean: 0.0188515875489
        dmean2: 0.0299025177956
        dvar: 0.0002695848234
        dvar2: 0.000602919899393
        max: 0.4824680686
        mean: 0.36914730072
        min: 0.225395306945
        var: 0.00173478305805
    spectral_flux:
        dmean: 0.00554515980184
        dmean2: 0.00892738532275
        dvar: 5.86565765843e-05
        dvar2: 0.000152459746459
        max: 0.0859703719616
        mean: 0.0173849202693
        min: 0.00407183868811
        var: 0.000120240438264
    spectral_kurtosis:
        dmean: 21.7832775116
        dmean2: 38.3355407715
        dvar: 308.888519287
        dvar2: 824.31829834
        max: 154.375900269
        mean: 61.3935165405
        min: 10.0190706253
        var: 718.008605957
    spectral_rms:
        dmean: 0.000179675393156
        dmean2: 0.000250429555308
        dvar: 3.94847852192e-08
        dvar2: 6.70077255904e-08
        max: 0.00364791369066
        mean: 0.00185416243039
        min: 0.000676874653436
        var: 3.68854358612e-07
    spectral_rolloff:
        dmean: 31.6960697174
        dmean2: 57.388256073
        dvar: 3211.79492188
        dvar2: 6497.05371094
        max: 968.994140625
        mean: 360.091003418
        min: 107.666015625
        var: 18715.7207031
    spectral_skewness:
        dmean: 1.10778570175
        dmean2: 1.95018303394
        dvar: 0.779984116554
        dvar2: 2.21055269241
        max: 10.4065608978
        mean: 5.87320804596
        min: 2.71394634247
        var: 2.00740122795
    spectral_spread:
        dmean: 263021.78125
        dmean2: 435084.78125
        dvar: 440611045376
        dvar2: 514225963008
        max: 14993577
        mean: 1137677.5
        min: 580038.0625
        var: 536166334464
    spectral_strongpeak:
        dmean: 0.123650833964
        dmean2: 0.195328593254
        dvar: 0.0320174098015
        dvar2: 0.0686359182
        max: 1.69464182854
        mean: 0.382304042578
        min: 0
        var: 0.14259314537
    zerocrossingrate:
        dmean: 0.0014785338426
        dmean2: 0.00176330131944
        dvar: 1.72667751031e-06
        dvar2: 2.45759065365e-06
        max: 0.03173828125
        mean: 0.0135887870565
        min: 0.00439453125
        var: 2.61885998043e-05
    barkbands:
        dmean: [2.65669171995e-07, 0.000170094383066, 0.000156975118443, 0.000187645826372, 0.000216677799472, 0.00024945961195, 0.000133073248435, 0.000158173366799, 2.44484235736e-05, 2.52712579822e-05, 1.07160312837e-05, 6.29699616184e-06, 3.19305013363e-06, 2.62702178588e-06, 2.14472038351e-06, 1.38486905144e-06, 1.80775975878e-06, 7.09982714397e-07, 4.70217088377e-07, 1.3782121755e-07, 4.72930707929e-08, 9.0625906779e-09, 1.42857059515e-09, 4.73879935292e-10, 2.69180455703e-10, 2.09871175993e-10, 2.22917212467e-10]
        dmean2: [3.01278276993e-07, 0.000247431569733, 0.000259954773355, 0.000298188650049, 0.000321505591273, 0.00027025945019, 0.000184471573448, 0.000179084774572, 3.64792431355e-05, 3.07265399897e-05, 1.33647708935e-05, 9.43083614402e-06, 5.33549473403e-06, 4.2426845539e-06, 3.04424042952e-06, 1.93124787984e-06, 2.79637561107e-06, 1.15690716029e-06, 6.57051771213e-07, 1.83159158951e-07, 6.81581298068e-08, 1.37802658173e-08, 2.27435115185e-09, 7.18623272e-10, 3.88958226738e-10, 2.89527762876e-10, 3.0783234295e-10]
        dvar: [1.66930722717e-11, 2.50493048526e-08, 1.3003108279e-07, 6.40906065996e-08, 2.07664086815e-07, 2.04489467137e-07, 1.14602421775e-07, 1.34249916073e-07, 2.34036363622e-08, 1.85240427442e-08, 6.85473511286e-10, 4.50661896689e-10, 1.5262113795e-10, 6.60046184375e-11, 4.66607065486e-11, 1.40660391321e-11, 3.00728365821e-11, 3.47606687358e-12, 2.84756202992e-12, 1.18085988036e-13, 1.17525448737e-14, 2.53202870708e-16, 8.83896995715e-18, 6.22917624706e-18, 5.20008456929e-18, 5.15107908108e-18, 5.7808509725e-18]
        dvar2: [1.67250605726e-11, 5.11112467905e-08, 2.58138044273e-07, 1.47083980551e-07, 3.49525862475e-07, 2.07943273267e-07, 2.01533225663e-07, 1.68935770262e-07, 5.1654765798e-08, 1.48162477842e-08, 8.94873175561e-10, 9.27769305825e-10, 4.19188128653e-10, 1.53997870012e-10, 6.54247420129e-11, 2.65960656276e-11, 5.49709652797e-11, 8.88417204387e-12, 3.7380463308e-12, 1.03048158114e-13, 1.79420788936e-14, 3.72355815962e-16, 1.36113372161e-17, 6.50533587123e-18, 5.18886924096e-18, 5.17310400566e-18, 5.80655519645e-18]
        max: [8.46727489261e-05, 0.00176781381015, 0.00523669971153, 0.00298419361934, 0.00838226545602, 0.0104395728558, 0.00611440092325, 0.00505520123988, 0.00286474311724, 0.00329508655705, 0.000644929357804, 0.000331241084496, 0.000171179315657, 9.62760241237e-05, 0.000146967402543, 5.99767190579e-05, 8.83954126039e-05, 3.32861382049e-05, 3.52196730091e-05, 9.46672025748e-06, 2.51611731983e-06, 4.35681954514e-07, 5.89877409141e-08, 5.2956355745e-08, 4.78272710325e-08, 4.71312198158e-08, 4.99193575365e-08]
        mean: [4.86091551011e-07, 0.000664968334604, 0.000474904314615, 0.000670861860272, 0.000572682823986, 0.000696789647918, 0.000250261538895, 0.000417733652284, 3.57064745913e-05, 5.05713469465e-05, 2.77020535577e-05, 1.2625693671e-05, 5.82939674132e-06, 5.50134518562e-06, 6.32027695247e-06, 2.63904848907e-06, 3.43841952599e-06, 1.40115446357e-06, 9.98066980173e-07, 3.48895525804e-07, 1.37011724632e-07, 2.88035337803e-08, 5.07739361666e-09, 1.57979029858e-09, 5.60589241694e-10, 1.97406133107e-10, 2.01798758259e-10]
        min: [4.60863569529e-11, 4.32811066275e-06, 2.29503552873e-06, 1.36588323585e-06, 5.7362482039e-05, 4.34097182733e-06, 1.80227868896e-06, 4.12740149613e-07, 6.14317002601e-07, 2.80603330793e-07, 4.12075422673e-07, 1.08621797779e-07, 5.11631768063e-08, 7.35192813295e-08, 3.98565589421e-08, 5.86130290969e-08, 2.2740591632e-08, 3.63097214517e-08, 5.69104052772e-08, 4.33125109112e-08, 2.05569623546e-08, 8.18862400109e-09, 1.73302538986e-09, 6.53285481267e-10, 1.70423425372e-10, 2.96592416425e-12, 1.96242308462e-15]
        var: [1.67601037215e-11, 1.263398417e-07, 5.57992393624e-07, 4.02597663651e-07, 8.41159021547e-07, 1.27321823129e-06, 3.43364661148e-07, 7.60438467751e-07, 3.07596081939e-08, 6.57872689658e-08, 4.96470153877e-09, 1.06857500626e-09, 3.12940506841e-10, 1.74987468959e-10, 3.46040474053e-10, 5.02824344661e-11, 8.55696902224e-11, 7.31993979319e-12, 9.73666459958e-12, 9.06285138082e-13, 8.01227235058e-14, 1.13193269082e-15, 1.33620175348e-17, 6.59249547879e-18, 5.27961012698e-18, 5.1750780722e-18, 5.80743903893e-18]
    mfcc:
        mean: [-921.851623535, 268.273040771, -5.68598270416, 60.8205490112, -5.88896083832, 3.32764816284, -4.40424633026, 1.86211705208, -3.51093506813, -4.86063861847, -2.10410737991, 1.21173465252, 0.888829827309]
        cov: [[1768.2232666, 349.560821533, -902.712158203, -345.362854004, -155.07875061, -103.691017151, -77.7093505859, -135.713424683, 21.0791397095, 78.0682525635, 49.6894340515, 69.1787185669, 46.7816696167], [349.560821533, 256.542572021, -102.264801025, -157.07762146, -114.356773376, -18.5491485596, -21.4118041992, -63.1947822571, 2.25832366943, 23.1613540649, 8.44048500061, 13.8480491638, 15.2930145264], [-902.712158203, -102.264801025, 687.000793457, 175.185195923, -37.9092521667, 67.68384552, 75.2998504639, 43.0595474243, -11.9167642593, -24.3201618195, -38.552936554, -52.9199943542, -22.9286499023], [-345.362854004, -157.07762146, 175.185195923, 207.716369629, 104.83971405, 21.6481323242, 24.6897315979, 52.5224914551, -14.8674020767, -29.965057373, -18.8689937592, -18.9519710541, -14.8269529343], [-155.07875061, -114.356773376, -37.9092521667, 104.83971405, 208.001327515, 33.3188514709, -15.7607908249, 40.508895874, -22.8808002472, -53.372795105, -9.4603509903, 4.3332400322, -3.19154167175], [-103.691017151, -18.5491485596, 67.68384552, 21.6481323242, 33.3188514709, 61.4983787537, 24.7807712555, 1.44938063622, -2.16001653671, -6.9366517067, -7.36615276337, -7.16491365433, 2.14376664162], [-77.7093505859, -21.4118041992, 75.2998504639, 24.6897315979, -15.7607908249, 24.7807712555, 57.6842155457, 21.1090583801, 0.0301537383348, 6.35575580597, 2.27132534981, -8.09514141083, -2.31432938576], [-135.713424683, -63.1947822571, 43.0595474243, 52.5224914551, 40.508895874, 1.44938063622, 21.1090583801, 68.3271484375, 18.5009803772, -8.56049537659, 2.00946211815, -2.52476382256, -11.1217603683], [21.0791397095, 2.25832366943, -11.9167642593, -14.8674020767, -22.8808002472, -2.16001653671, 0.0301537383348, 18.5009803772, 59.5751914978, 30.1864566803, 1.06388318539, -3.59221673012, -4.65437936783], [78.0682525635, 23.1613540649, -24.3201618195, -29.965057373, -53.372795105, -6.9366517067, 6.35575580597, -8.56049537659, 30.1864566803, 60.7963371277, 24.6271476746, 0.569037079811, -0.110082112253], [49.6894340515, 8.44048500061, -38.552936554, -18.8689937592, -9.4603509903, -7.36615276337, 2.27132534981, 2.00946211815, 1.06388318539, 24.6271476746, 53.9823951721, 31.0102615356, 5.78670787811], [69.1787185669, 13.8480491638, -52.9199943542, -18.9519710541, 4.3332400322, -7.16491365433, -8.09514141083, -2.52476382256, -3.59221673012, 0.569037079811, 31.0102615356, 59.5009841919, 29.969329834], [46.7816696167, 15.2930145264, -22.9286499023, -14.8269529343, -3.19154167175, 2.14376664162, -2.31432938576, -11.1217603683, -4.65437936783, -0.110082112253, 5.78670787811, 29.969329834, 55.4596366882]]
        icov: [[0.00351762818173, -0.00235631177202, 0.00496213976294, -0.00170331576373, 0.00263114017434, -0.000286876544124, -0.0019318216946, 0.00213633105159, -0.000435702968389, 0.000285428744974, 0.000592441356275, -0.000345082895365, -0.00012237446208], [-0.00235631177202, 0.00987851805985, -0.00332336407155, 0.00576143246144, 0.000442354328698, -0.000434140936704, 0.00212147063576, 0.00110796815716, 0.000678631302435, 0.000667347689159, 0.000114133799798, -0.000505565782078, 0.000102453202999], [0.00496213976294, -0.00332336407155, 0.0101605961099, -0.00588615238667, 0.00774932233617, -0.00486997980624, -0.00169019494206, 0.00116332329344, 0.000169316946995, 0.00241247168742, 0.000348417292116, 0.000784837466199, -0.000286741240416], [-0.00170331576373, 0.00576143246144, -0.00588615238667, 0.0157090425491, -0.00839183665812, 0.00552480947226, -0.0029231349472, -0.00197066133842, 0.00279347714968, -0.00422447221354, 0.00374964671209, -0.000907845853362, 0.000726062513422], [0.00263114017434, 0.000442354328698, 0.00774932233617, -0.00839183665812, 0.0198068935424, -0.0153142567724, 0.0113803567365, -0.0078062559478, 0.00402393192053, 0.00792705640197, -0.00287913205102, 0.000960059987847, -0.000604849716183], [-0.000286876544124, -0.000434140936704, -0.00486997980624, 0.00552480947226, -0.0153142567724, 0.0357043556869, -0.0216507036239, 0.0150699773803, -0.00898115430027, 0.000280109437881, 0.00122177763842, 0.000540421460755, -0.00149014976341], [-0.0019318216946, 0.00212147063576, -0.00169019494206, -0.0029231349472, 0.0113803567365, -0.0216507036239, 0.0404554121196, -0.0217518806458, 0.0129025382921, -0.00587656209245, -0.00192956323735, 0.00340437446721, -0.00218495144509], [0.00213633105159, 0.00110796815716, 0.00116332329344, -0.00197066133842, -0.0078062559478, 0.0150699773803, -0.0217518806458, 0.0401800125837, -0.022418178618, 0.0134388590232, -0.007837488316, -0.00010696042591, 0.0029855160974], [-0.000435702968389, 0.000678631302435, 0.000169316946995, 0.00279347714968, 0.00402393192053, -0.00898115430027, 0.0129025382921, -0.022418178618, 0.0381103716791, -0.0250859055668, 0.01472750213, -0.00539788696915, 0.00214748317376], [0.000285428744974, 0.000667347689159, 0.00241247168742, -0.00422447221354, 0.00792705640197, 0.000280109437881, -0.00587656209245, 0.0134388590232, -0.0250859055668, 0.0479493066669, -0.0282181240618, 0.0145986750722, -0.00461634574458], [0.000592441356275, 0.000114133799798, 0.000348417292116, 0.00374964671209, -0.00287913205102, 0.00122177763842, -0.00192956323735, -0.007837488316, 0.01472750213, -0.0282181240618, 0.0470987744629, -0.0279279593378, 0.0101075265557], [-0.000345082895365, -0.000505565782078, 0.000784837466199, -0.000907845853362, 0.000960059987847, 0.000540421460755, 0.00340437446721, -0.00010696042591, -0.00539788696915, 0.0145986750722, -0.0279279593378, 0.0421634986997, -0.0196271222085], [-0.00012237446208, 0.000102453202999, -0.000286741240416, 0.000726062513422, -0.000604849716183, -0.00149014976341, -0.00218495144509, 0.0029855160974, 0.00214748317376, -0.00461634574458, 0.0101075265557, -0.0196271222085, 0.0284345503896]]
    spectral_contrast:
        mean: [9.95894311018e-07, 7.74669359771e-08, -3.29892273498e-08, -8.36757521938e-07, 3.91285738033e-07, -5.99589384365e-07, -8.48136551213e-06, 1.55555619585e-06, -2.82371797766e-06, 2.9816217193e-06, 3.06835408992e-06, 1.83378062957e-06]
        var: [0.000162324431585, 0.000417058123276, 0.000972739071585, 0.00221918406896, 0.00296743260697, 0.00892431661487, 0.0289868712425, 0.0467554330826, 0.074530236423, 0.188157513738, 0.251989841461, 0.48670771718]

rhythm:
    beats_loudness:
        dmean: 0.00169969908893
        dmean2: 0.00299663748592
        dvar: 1.61311106694e-06
        dvar2: 4.75188107885e-06
        max: 0.00685086520389
        mean: 0.00301854824647
        min: 0.000661262311041
        var: 2.76178593595e-06
    beats_loudness_bass:
        dmean: 0.107562601566
        dmean2: 0.150791496038
        dvar: 0.00706737721339
        dvar2: 0.0119813475758
        max: 0.925607800484
        mean: 0.451932907104
        min: 0.196204021573
        var: 0.0232063625008
    bpm: 128.980499268
    bpm_confidence: 0
    first_peak_bpm: 129
    first_peak_spread: 0
    first_peak_weight: 0.5
    onset_rate: 2.89858031273
    second_peak_bpm: 175
    second_peak_spread: 0
    second_peak_weight: 0.458333343267
    beats_position: [0.0514674559236, 0.516688704491, 0.981909990311, 1.44713127613, 1.91235256195, 2.37757372856, 2.84279513359, 3.30801653862, 3.77323770523, 4.23845863342, 4.70367956161, 5.16890096664, 5.63412189484, 6.0535159111, 6.39540100098, 6.73728609085, 7.07917165756, 7.4210562706, 7.76294183731, 8.10482692719, 8.4467124939, 8.78859710693, 9.13048267365, 9.47236824036, 9.81425285339]
    bpm_estimates: [127.984703064, 128.383743286, 130.868026733, 128.685516357]
    bpm_intervals: [0.465221256018, 0.46522128582, 0.46522128582, 0.46522128582, 0.465221166611, 0.465221405029, 0.465221405029, 0.465221166611, 0.465220928192, 0.465220928192, 0.465221405029, 0.465220928192, 0.419394016266, 0.341885089874, 0.341885089874, 0.341885566711, 0.341884613037, 0.341885566711, 0.341885089874, 0.341885566711, 0.341884613037, 0.341885566711, 0.341885566711, 0.341884613037]
    onset_times: [0.0580498874187, 0.267029464245, 0.46439909935, 0.708208620548, 0.801088452339, 0.893968224525, 1.04489791393, 1.28870749474, 3.28562355042, 3.62231302261, 3.85451245308, 3.93578219414, 4.22603178024, 4.33052158356, 4.79492044449, 5.05034017563, 6.93115663528, 7.16335582733, 7.24462604523, 7.60453510284, 7.80190467834, 7.91800451279, 8.13859367371, 8.25469398499, 8.34757328033, 8.42884349823, 8.54494285583, 9.35764217377, 9.64789104462]
    rubato_start: [6.39540100098]
    rubato_stop: [9.81425285339]
    perceptual_tempo: "unknown"

sfx:
    inharmonicity:
        dmean: 0.0113526368514
        dmean2: 0.0200359560549
        dvar: 0.000181946263183
        dvar2: 0.000510759069584
        max: 0.0983721911907
        mean: 0.0127571281046
        min: 3.3061846807e-06
        var: 0.000225667754421
    oddtoevenharmonicenergyratio:
        dmean: 0.66161519289
        dmean2: 1.12051296234
        dvar: 3.75281953812
        dvar2: 9.30418395996
        max: 25.6890239716
        mean: 0.871207773685
        min: 5.3949197536e-06
        var: 3.24293899536
    pitch_after_max_to_before_max_energy_ratio: 1.59218132496
    pitch_centroid: 214.159515381
    pitch_max_to_total: 0.426573425531
    pitch_min_to_total: 0.694638669491
    tristimulus:
        dmean: [0.136826321483, 0.134551212192, 0.0106834666803]
        dmean2: [0.237161651254, 0.232836171985, 0.0189676769078]
        dvar: [0.0317861586809, 0.0315664894879, 0.000175552893779]
        dvar2: [0.0887055471539, 0.086454898119, 0.000516231695656]
        max: [0.995297253132, 0.846512019634, 0.115163579583]
        mean: [0.544750213623, 0.440000981092, 0.0130699966103]
        min: [0.133524239063, 0, 0]
        var: [0.0644640848041, 0.0642299130559, 0.000225339492317]

tonal:
    chords_changes_rate: 0.0277777779847
    chords_number_rate: 0.0138888889924
    chords_strength:
        dmean: 0.00536686368287
        dmean2: 0.00483717536554
        dvar: 2.37622753048e-05
        dvar2: 2.28577955568e-05
        max: 0.641206145287
        mean: 0.547718703747
        min: 0.40988868475
        var: 0.00334594398737
    key_strength: 0.762726008892
    tuning_diatonic_strength: 0.67976051569
    tuning_equal_tempered_deviation: 0.0409029349685
    tuning_frequency: 436.960693359
    tuning_nontempered_energy_ratio: 0.677107095718
    hpcp:
        dmean: [0.0315152332187, 0.0394810065627, 0.0294379331172, 0.0212077144533, 0.0280253104866, 0.0373419709504, 0.0235491823405, 0.0409730672836, 0.131357774138, 0.144288048148, 0.153789445758, 0.0556544847786, 0.00725183077157, 0.00290071289055, 0.0189414713532, 0.0360970273614, 0.0407241731882, 0.037586607039, 0.0349235460162, 0.0331100784242, 0.0341835767031, 0.0226218868047, 0.0506309121847, 0.124379053712, 0.108384869993, 0.141072571278, 0.060416482389, 0.0212105549872, 0.0323510095477, 0.0853770971298, 0.0924684628844, 0.091917231679, 0.0443291254342, 0.0154015999287, 0.0182339642197, 0.0234815571457]
        dmean2: [0.0581198595464, 0.0666887834668, 0.0510431975126, 0.0317456535995, 0.0486146472394, 0.0716433674097, 0.0436532571912, 0.0768550857902, 0.233573496342, 0.238264665008, 0.263044029474, 0.102976433933, 0.0129193328321, 0.00541149545461, 0.0279674883932, 0.0485687032342, 0.0562684349716, 0.0632232353091, 0.0565359443426, 0.0514794550836, 0.0562677122653, 0.0411648899317, 0.0936057493091, 0.218200787902, 0.184793040156, 0.243652895093, 0.100758314133, 0.0393710769713, 0.0626184269786, 0.160341501236, 0.163516193628, 0.15704408288, 0.0712705403566, 0.0280090700835, 0.0350076891482, 0.0396379306912]
        dvar: [0.0108715314418, 0.0143043100834, 0.0112124942243, 0.00496399030089, 0.0137649523094, 0.0201490558684, 0.0104544339702, 0.00742946239188, 0.0336873494089, 0.0409177392721, 0.0358201377094, 0.0136987278238, 0.000588148250245, 0.000266452785581, 0.00476591754705, 0.0128281526268, 0.0117618991062, 0.0119951879606, 0.01347288955, 0.00906731747091, 0.0138903018087, 0.0106097608805, 0.0080937743187, 0.0261086057872, 0.0492434836924, 0.0324111133814, 0.0164630077779, 0.00810580328107, 0.0115902209654, 0.0326656885445, 0.0396894291043, 0.0295863375068, 0.0126090878621, 0.00322633725591, 0.00996609870344, 0.00839010346681]
        dvar2: [0.0235065072775, 0.0381085909903, 0.0276298839599, 0.00704261474311, 0.0340353362262, 0.0626896321774, 0.0320739932358, 0.0228465404361, 0.108260162175, 0.104384757578, 0.114116169512, 0.0389528684318, 0.0014676747378, 0.000796426844317, 0.00936131179333, 0.0180273503065, 0.021740751341, 0.0325268395245, 0.0253892466426, 0.0173717606813, 0.0359059907496, 0.0246725324541, 0.0252777617425, 0.0701452791691, 0.108701340854, 0.0811246410012, 0.0437567569315, 0.0236850921065, 0.0348900407553, 0.0922561809421, 0.0871310159564, 0.0663929656148, 0.0279599167407, 0.00883956905454, 0.0290037747473, 0.0221881978214]
        max: [1, 1, 1, 1, 1, 0.947801232338, 1, 0.618283748627, 1, 1, 1, 0.896772861481, 0.235896110535, 0.170567214489, 0.648921132088, 1, 1, 1, 1, 1, 1, 1, 0.596947848797, 1, 1, 1, 1, 0.70184481144, 1, 1, 1, 1, 0.924525380135, 0.5127415061, 1, 0.782868027687]
        mean: [0.0328623615205, 0.0364253073931, 0.0305725261569, 0.031068937853, 0.0338960364461, 0.0266878213733, 0.0176435019821, 0.0268571656197, 0.183165535331, 0.362160503864, 0.237041220069, 0.0418671704829, 0.00481811678037, 0.00200837873854, 0.0198110342026, 0.0636935904622, 0.062608808279, 0.0446482934058, 0.0843951031566, 0.0820827633142, 0.0349302627146, 0.0162885412574, 0.0371506549418, 0.308851391077, 0.534026741982, 0.312789559364, 0.0629985183477, 0.0125938476995, 0.0201416052878, 0.110897928476, 0.21668253839, 0.155434831977, 0.0408587902784, 0.0105103589594, 0.0121055701748, 0.0208424367011]
        min: [0.000182211719221, 0.000104771293991, 1.89843558474e-05, 5.11966791237e-05, 4.40624498879e-05, 3.88395092159e-05, 8.70936219144e-06, 1.05157314465e-05, 0.00031800675788, 0.00116914324462, 0.000433095177868, 5.63297107874e-05, 8.23570098873e-06, 7.34510376788e-06, 1.92213665287e-05, 9.51609490585e-06, 1.90447899513e-05, 9.92957502604e-05, 5.01180657011e-05, 3.69605768356e-05, 2.39218989009e-05, 2.16612643271e-05, 1.21751800179e-05, 4.33084424003e-05, 0.00116897292901, 0.00126104336232, 7.05595739419e-05, 8.1271318777e-06, 1.43888428283e-05, 3.54546245944e-05, 6.83273683535e-05, 6.41266888124e-05, 1.58822076628e-05, 1.24156176753e-05, 9.55390169111e-06, 6.45809195703e-05]
        var: [0.0105049945414, 0.01044429373, 0.0119866132736, 0.0161792431027, 0.021052185446, 0.0131926452741, 0.00594163220376, 0.00468154065311, 0.0593384206295, 0.14535009861, 0.0735444873571, 0.010934879072, 0.000453122076578, 0.000137958471896, 0.00545202149078, 0.038112513721, 0.0339766889811, 0.017239799723, 0.0520671084523, 0.0416061654687, 0.0130252577364, 0.00892012286931, 0.0060473298654, 0.103346206248, 0.200376853347, 0.0673996657133, 0.0157145448029, 0.00439616106451, 0.00635759253055, 0.0522743985057, 0.122553043067, 0.0729294270277, 0.0141322175041, 0.00204271427356, 0.00547942146659, 0.00609725620598]
    chords_histogram: [47.2222213745, 0, 0, 0, 0, 0, 0, 0, 0, 0, 0, 0, 0, 0, 0, 0, 0, 19.9074077606, 0, 32.8703689575, 0, 0, 0, 0]
    thpcp: [1, 0.585718929768, 0.117968842387, 0.0235828030854, 0.0377164743841, 0.207663625479, 0.405752211809, 0.291061878204, 0.0765107572079, 0.0196813344955, 0.0226684715599, 0.039028827101, 0.0615369193256, 0.0682087689638, 0.0572490543127, 0.0581786185503, 0.0634725466371, 0.0499746911228, 0.0330386124551, 0.0502917990088, 0.342989444733, 0.678169250488, 0.443875193596, 0.0783990174532, 0.00902223866433, 0.00376082048751, 0.0370974577963, 0.119270414114, 0.11723908782, 0.0836068466306, 0.158035352826, 0.153705343604, 0.0654091984034, 0.030501358211, 0.0695670321584, 0.578344404697]
    chords_key: "F"
    chords_scale: "major"
    key_key: "F"
    key_scale: "major"
    chords_progression: ["Cm", "Cm", "Cm", "Cm", "Cm", "Cm", "Cm", "Cm", "Cm", "Cm", "F", "F", "F", "F", "F", "F", "F", "F", "F", "F", "F", "F", "F", "F", "F", "F", "F", "F", "F", "F", "F", "F", "F", "F", "F", "F", "F", "F", "F", "F", "F", "F", "F", "F", "F", "F", "F", "F", "F", "Fm", "Fm", "Fm", "Fm", "Fm", "Fm", "Fm", "Fm", "Fm", "Fm", "Fm", "Fm", "Fm", "Fm", "Fm", "Fm", "Fm", "Fm", "Fm", "Fm", "Fm", "Fm", "Fm", "Fm", "Fm", "Fm", "Fm", "Fm", "Fm", "Fm", "Fm", "Fm", "Fm", "Fm", "Fm", "Fm", "Fm", "Fm", "Fm", "Fm", "Fm", "Fm", "Fm", "Cm", "Cm", "Cm", "Cm", "Cm", "Cm", "Cm", "Cm", "Cm", "Cm", "Cm", "Cm", "Cm", "Cm", "Cm", "Cm", "Cm", "Cm", "Cm", "Cm", "Cm", "Cm", "Cm", "Cm", "Cm", "Cm", "Cm", "Cm", "Cm", "Cm", "Cm", "Cm", "Cm", "Cm", "Cm", "Cm", "Cm", "Cm", "Cm", "Cm", "Cm", "Cm", "Cm", "Cm", "Cm", "Cm", "Cm", "Cm", "Cm", "Cm", "Cm", "Cm", "Cm", "Cm", "Cm", "Cm", "Cm", "F", "F", "F", "F", "F", "F", "F", "F", "F", "F", "Cm", "Cm", "Cm", "Cm", "F", "F", "F", "F", "F", "F", "F", "F", "F", "F", "F", "F", "F", "F", "F", "F", "F", "F", "F", "F", "F", "F", "F", "F", "F", "F", "F", "F", "F", "F", "F", "F", "F", "F", "F", "F", "F", "F", "F", "F", "F", "F", "F", "F", "F", "F", "F", "F", "F", "F", "F", "F", "F"]
