
metadata:
    version:
        essentia: "1.2.2"
    audio_properties:
        analysis_sample_rate: 44100
        bitrate: 128
        channels: 2
        equal_loudness: 1
        length: 10.0310201645
        replay_gain: -15.181810379
        downmix: "mix"
    tags:
        track: 39
        year: 0
        album: "Splitted by Mp3Splt v. 2.1"
        artist: "From 006.20 To 006.30"
        comment: "http://mp3splt.sf.net"
        genre: ""
        title: "04 Sordid.mp3"

highlevel:
    ballroom:
        all:
            ChaChaCha: 0.0297464095056
            Jive: 0.674771130085
            Quickstep: 0.00481209577993
            Rumba-American: 0.000131971901283
            Rumba-International: 0.000279468746157
            Rumba-Misc: 0.000165787132573
            Samba: 0.288974732161
            Tango: 7.6832184277e-05
            VienneseWaltz: 0.000932470371481
            Waltz: 0.000109113134386
        probability: 0.674771130085
        value: "Jive"
    culture:
        all:
            non_western: 0.00678448146209
            western: 0.993215501308
        probability: 0.993215501308
        value: "western"
    gender:
        all:
            female: 0.874914288521
            male: 0.12508572638
        probability: 0.874914288521
        value: "female"
    genre_dortmund:
        all:
            alternative: 0.147017240524
            blues: 0.00512299034745
            electronic: 0.237579554319
            folkcountry: 0.0362187288702
            funksoulrnb: 0.0109003726393
            jazz: 0.0500491410494
            pop: 0.113463290036
            raphiphop: 0.0124430563301
            rock: 0.387205630541
        probability: 0.387205630541
        value: "rock"
    genre_electronica:
        all:
            ambient: 0.0141508579254
            dnb: 0.228871807456
            house: 0.00159748469014
            techno: 0.00564917596057
            trance: 0.74973064661
        probability: 0.74973064661
        value: "trance"
    genre_rosamerica:
        all:
            cla: 0.00446206983179
            dan: 0.199661895633
            hip: 0.00693833082914
            jaz: 0.00196022051387
            pop: 0.00397809967399
            rhy: 0.00212702807039
            roc: 0.779965519905
            spe: 0.000906859640963
        probability: 0.779965519905
        value: "roc"
    genre_tzanetakis:
        all:
            blu: 0.00417593261227
            cla: 0.00608468707651
            cou: 0.0157816726714
            dis: 0.0301819853485
            hip: 0.0222796518356
            jaz: 0.0781880170107
            met: 0.673044681549
            pop: 0.051424946636
            reg: 0.00354152102955
            roc: 0.115296922624
        probability: 0.673044681549
        value: "met"
    live_studio:
        all:
            live: 0.573756456375
            studio: 0.426243513823
        probability: 0.573756456375
        value: "live"
    mood:
        all:
            Cluster1: 0.27716499567
            Cluster2: 0.0382657200098
            Cluster3: 0.00410597305745
            Cluster4: 0.0299276933074
            Cluster5: 0.650535643101
        probability: 0.650535643101
        value: "Cluster5"
    mood_acoustic:
        all:
            acoustic: 0.00498321419582
            not_acoustic: 0.995016813278
        probability: 0.995016813278
        value: "not_acoustic"
    mood_aggressive:
        all:
            aggressive: 0.997533619404
            not_aggressive: 0.00246638571844
        probability: 0.997533619404
        value: "aggressive"
    mood_electronic:
        all:
            electronic: 0.77427482605
            not_electronic: 0.225725159049
        probability: 0.77427482605
        value: "electronic"
    mood_happy:
        all:
            happy: 0.385624110699
            not_happy: 0.614375889301
        probability: 0.614375889301
        value: "not_happy"
    mood_party:
        all:
            not_party: 0.150019556284
            party: 0.849980413914
        probability: 0.849980413914
        value: "party"
    mood_relaxed:
        all:
            not_relaxed: 0.967058956623
            relaxed: 0.0329410545528
        probability: 0.967058956623
        value: "not_relaxed"
    mood_sad:
        all:
            not_sad: 0.98973929882
            sad: 0.0102607049048
        probability: 0.98973929882
        value: "not_sad"
    rhythm:
        all:
            fast: 0.52090471983
            medium: 0.421394079924
            slow: 0.0577011853456
        probability: 0.52090471983
        value: "fast"
    speech_music:
        all:
            music: 0.999673545361
            speech: 0.000326470704749
        probability: 0.999673545361
        value: "music"
    timbre:
        all:
            bright: 0.076050914824
            dark: 0.923949062824
        probability: 0.923949062824
        value: "dark"
    voice_instrumental:
        all:
            instrumental: 0.272826582193
            voice: 0.727173447609
        probability: 0.727173447609
        value: "voice"

lowlevel:
    average_loudness: 0.986343204975
    barkbands_kurtosis:
        dmean: 0.515682160854
        dmean2: 0.88427823782
        dvar: 0.722871124744
        dvar2: 1.74043679237
        max: 4.56280040741
        mean: -1.19699108601
        min: -1.81274318695
        var: 0.812558352947
    barkbands_skewness:
        dmean: 0.449382781982
        dmean2: 0.728846848011
        dvar: 0.161759331822
        dvar2: 0.376159995794
        max: 2.47967195511
        mean: 0.0259062498808
        min: -2.07719826698
        var: 0.385108411312
    barkbands_spread:
        dmean: 5.50385093689
        dmean2: 9.0201997757
        dvar: 22.1997737885
        dvar2: 55.6361923218
        max: 56.8015022278
        mean: 41.2889175415
        min: 18.5182971954
        var: 48.0294418335
    dissonance:
        dmean: 0.0109510403126
        dmean2: 0.0179774798453
        dvar: 0.000106792293082
        dvar2: 0.000268256029813
        max: 0.499722898006
        mean: 0.480330139399
        min: 0.416531533003
        var: 0.000165151213878
    hfc:
        dmean: 2.73517346382
        dmean2: 3.66568517685
        dvar: 7.91422224045
        dvar2: 12.6172780991
        max: 28.0584354401
        mean: 8.14869785309
        min: 0.315448582172
        var: 22.8825931549
    pitch:
        dmean: 1574.59924316
        dmean2: 3019.39453125
        dvar: 2428358.75
        dvar2: 4908920.5
        max: 4410
        mean: 2124.40283203
        min: 82.1229019165
        var: 2892609.25
    pitch_instantaneous_confidence:
        dmean: 0.0804454162717
        dmean2: 0.135050103068
        dvar: 0.00359891681001
        dvar2: 0.0101683875546
        max: 0.563631534576
        mean: 0.307006031275
        min: 0.130977988243
        var: 0.00663585169241
    pitch_salience:
        dmean: 0.0692343264818
        dmean2: 0.117347076535
        dvar: 0.00406427774578
        dvar2: 0.0112113812938
        max: 0.832411766052
        mean: 0.67705231905
        min: 0.356505841017
        var: 0.00561459967867
    silence_rate_20dB:
        dmean: 0
        dmean2: 0
        dvar: 0
        dvar2: 0
        max: 1
        mean: 1
        min: 1
        var: 0
    silence_rate_30dB:
        dmean: 0
        dmean2: 0
        dvar: 0
        dvar2: 0
        max: 1
        mean: 1
        min: 1
        var: 0
    silence_rate_60dB:
        dmean: 0.243055552244
        dmean2: 0.487238973379
        dvar: 0.183978930116
        dvar2: 0.2869605124
        max: 1
        mean: 0.360277146101
        min: 0
        var: 0.230477407575
    spectral_centroid:
        dmean: 350.309997559
        dmean2: 557.50012207
        dvar: 71761.421875
        dvar2: 172503.25
        max: 3648.70996094
        mean: 1893.53833008
        min: 575.480102539
        var: 281951.84375
    spectral_complexity:
        dmean: 4.76798152924
        dmean2: 7.03255796432
        dvar: 21.6677627563
        dvar2: 33.5105285645
        max: 46
        mean: 15.1666669846
        min: 0
        var: 63.4769020081
    spectral_crest:
        dmean: 1.9103603363
        dmean2: 3.27276945114
        dvar: 4.01120138168
        dvar2: 10.7054452896
        max: 16.9432544708
        mean: 5.48333692551
        min: 2.10224819183
        var: 4.73107194901
    spectral_decrease:
        dmean: 3.89256876732e-10
        dmean2: 5.5366145002e-10
        dvar: 1.7832421684e-19
        dvar2: 3.62215798641e-19
        max: -2.85199676375e-11
        mean: -9.81089876007e-10
        min: -3.06418579399e-09
        var: 2.99676110496e-19
    spectral_energy:
        dmean: 0.00168879248668
        dmean2: 0.00233892723918
        dvar: 3.02398734675e-06
        dvar2: 5.96679592491e-06
        max: 0.0128146493807
        mean: 0.00444196816534
        min: 0.000136253234814
        var: 5.72983162783e-06
    spectral_energyband_high:
        dmean: 0.000252669939073
        dmean2: 0.000362471764674
        dvar: 8.09484035358e-08
        dvar2: 1.62878876608e-07
        max: 0.00233285827562
        mean: 0.000602158776019
        min: 3.23504063999e-05
        var: 1.96654212914e-07
    spectral_energyband_low:
        dmean: 0.000280824489892
        dmean2: 0.00047647714382
        dvar: 2.66014211547e-07
        dvar2: 7.35174694455e-07
        max: 0.00370786944404
        mean: 0.000344839470927
        min: 1.31587717078e-06
        var: 2.67962803946e-07
    spectral_energyband_middle_high:
        dmean: 0.000586568610743
        dmean2: 0.00083711737534
        dvar: 4.00769664566e-07
        dvar2: 6.44548038053e-07
        max: 0.00625526020303
        mean: 0.00170658074785
        min: 4.481601718e-05
        var: 9.91132083072e-07
    spectral_energyband_middle_low:
        dmean: 0.00105134805199
        dmean2: 0.00166274339426
        dvar: 1.96973815036e-06
        dvar2: 4.85066630063e-06
        max: 0.00931990146637
        mean: 0.00178836937994
        min: 5.77587270527e-05
        var: 2.10963594327e-06
    spectral_flatness_db:
        dmean: 0.0154154980555
        dmean2: 0.0262122005224
        dvar: 0.000204212847166
        dvar2: 0.000541032932233
        max: 0.200769305229
        mean: 0.12767508626
        min: 0.0735605508089
        var: 0.000297346326988
    spectral_flux:
        dmean: 0.00962674152106
        dmean2: 0.0138268303126
        dvar: 0.000100840254163
        dvar2: 0.000203749747016
        max: 0.0934287011623
        mean: 0.0437875464559
        min: 0.0116727557033
        var: 0.000173116437509
    spectral_kurtosis:
        dmean: 0.570027410984
        dmean2: 0.982313513756
        dvar: 0.248676195741
        dvar2: 0.696063101292
        max: 4.36705493927
        mean: 1.08834457397
        min: -0.253934383392
        var: 0.361998021603
    spectral_rms:
        dmean: 0.00038439760101
        dmean2: 0.000519949360751
        dvar: 1.27633313696e-07
        dvar2: 2.38110359874e-07
        max: 0.00353583041579
        mean: 0.00201540160924
        min: 0.000364595645806
        var: 2.71783136441e-07
    spectral_rolloff:
        dmean: 418.623046875
        dmean2: 705.337219238
        dvar: 291080.8125
        dvar2: 687329.0625
        max: 5404.83398438
        mean: 3750.6652832
        min: 301.46484375
        var: 472570
    spectral_skewness:
        dmean: 0.116578750312
        dmean2: 0.195757612586
        dvar: 0.00947560928762
        dvar2: 0.023976130411
        max: 1.36169922352
        mean: 0.874740064144
        min: 0.339619636536
        var: 0.0271088834852
    spectral_spread:
        dmean: 515771.40625
        dmean2: 791406.5
        dvar: 261855592448
        dvar2: 562441945088
        max: 7728826.5
        mean: 5308560.5
        min: 4205873.5
        var: 448974815232
    spectral_strongpeak:
        dmean: 0.343710660934
        dmean2: 0.616916418076
        dvar: 0.305905729532
        dvar2: 0.777029573917
        max: 3.13695240021
        mean: 0.377504318953
        min: 0.00798917654902
        var: 0.27168276906
    zerocrossingrate:
        dmean: 0.00993669312447
        dmean2: 0.0119515350088
        dvar: 7.86328382674e-05
        dvar2: 0.00011094634101
        max: 0.18212890625
        mean: 0.111650258303
        min: 0.0419921875
        var: 0.000456221343484
    barkbands:
        dmean: [5.89862395373e-07, 6.74400871503e-05, 0.000252963625826, 0.000460411829408, 0.000458994822111, 0.000225923504331, 0.000100709912658, 9.85558144748e-05, 0.000108284155431, 6.747241423e-05, 3.64509360224e-05, 7.64749711379e-05, 2.18302720896e-05, 2.7412423151e-05, 4.5173921535e-05, 6.25715256319e-05, 0.000208427692996, 0.000150110252434, 0.000187658763025, 0.000155542438733, 0.000126452971017, 6.61342128296e-05, 2.10832331504e-05, 7.64441210777e-06, 1.51792619363e-06, 8.9745189058e-09, 2.2563981239e-10]
        dmean2: [7.74193722464e-07, 0.000104071979877, 0.000435969996033, 0.000817899766844, 0.000775929132942, 0.00038492353633, 0.000157905684318, 0.000164438664797, 0.000183599957381, 0.000112247311336, 5.90769232076e-05, 0.000125212522107, 3.74656010536e-05, 4.59783877886e-05, 7.34405475669e-05, 0.00010294290405, 0.000338533252943, 0.000229660538025, 0.000301707099425, 0.000233012004173, 0.000200921931537, 9.74467984634e-05, 3.0445818993e-05, 1.2057918866e-05, 2.2982385417e-06, 1.4378941593e-08, 4.03481803524e-10]
        dvar: [6.89288795312e-13, 1.13801554846e-08, 2.19196863327e-07, 9.15258567602e-07, 4.21328365974e-07, 5.99745391128e-08, 1.83587651748e-08, 1.3664067211e-08, 2.88699073536e-08, 1.24142109925e-08, 2.46982589935e-09, 1.22468861719e-08, 5.41278522004e-10, 9.11130171311e-10, 2.96830338087e-09, 6.10373129817e-09, 5.71418041773e-08, 3.68079469126e-08, 3.10916874469e-08, 2.84986256816e-08, 1.97259364398e-08, 6.13324813159e-09, 7.44077299775e-10, 1.39220926454e-10, 2.73971904191e-12, 1.2766599695e-16, 2.95803354265e-19]
        dvar2: [9.95715445859e-13, 2.86220078749e-08, 6.07152287557e-07, 2.46842068918e-06, 1.11108602141e-06, 1.65077878478e-07, 3.98462347562e-08, 2.85698558145e-08, 7.43277084325e-08, 3.01581728479e-08, 5.01490093896e-09, 3.5666715803e-08, 1.3859847714e-09, 2.31472596646e-09, 8.14579070862e-09, 1.54533310592e-08, 1.30506705887e-07, 7.35878202818e-08, 7.72073533994e-08, 6.36558681322e-08, 4.22877377559e-08, 1.26321477723e-08, 1.43696532451e-09, 3.07055880722e-10, 5.88247896574e-12, 2.90748744296e-16, 4.5713102577e-19]
        max: [9.55322320806e-06, 0.000866290181875, 0.00362502550706, 0.00765701197088, 0.00418842025101, 0.00187847285997, 0.00105464761145, 0.000850257463753, 0.00180050812196, 0.00120974367019, 0.000652181508485, 0.00107652379666, 0.00019698117103, 0.000240447669057, 0.000406457402278, 0.000625950051472, 0.00151483225636, 0.00185205880553, 0.00158611161169, 0.0014040786773, 0.00113432994112, 0.000577578844968, 0.000211661943467, 6.97164359735e-05, 1.11249746624e-05, 7.37473939694e-08, 1.01275032804e-08]
        mean: [8.93519199963e-07, 9.68844906311e-05, 0.000247083575232, 0.000395648967242, 0.000545180169865, 0.00032598094549, 0.000160780997248, 0.000148791106767, 0.000165973920957, 0.00012254829926, 5.52918718313e-05, 0.000116223964142, 3.19310383929e-05, 4.43403550889e-05, 6.94136033417e-05, 0.000102663703728, 0.000310230418108, 0.00027208996471, 0.000466246303404, 0.000315704150125, 0.000280862062937, 0.000117853975098, 3.55426200258e-05, 1.15178308988e-05, 2.283402182e-06, 1.02186259454e-08, 1.71592864917e-10]
        min: [2.73623435021e-09, 1.56857609568e-07, 3.55296236876e-07, 2.17788851842e-06, 1.04289156297e-05, 6.04170872975e-06, 4.4636203711e-06, 5.96745348957e-06, 9.75906914391e-06, 1.38524285376e-06, 3.17670497907e-07, 5.06736114403e-07, 9.14537793051e-07, 5.55070471364e-07, 3.71231271856e-06, 1.54769679739e-06, 7.34099421607e-06, 7.62167610446e-06, 5.77295941184e-06, 3.28709356836e-05, 4.93271272717e-06, 8.75342720974e-06, 1.09367715595e-06, 2.25024834322e-07, 8.12342761947e-08, 2.02122971138e-10, 8.12879833432e-14]
        var: [1.54581089682e-12, 1.60933115723e-08, 1.99125310019e-07, 6.59502518374e-07, 3.81244575465e-07, 8.57694288925e-08, 3.01912201905e-08, 2.27768737204e-08, 4.1384932814e-08, 3.45282558101e-08, 4.95161556202e-09, 2.05053698465e-08, 6.51432185972e-10, 1.25284604913e-09, 3.81597464738e-09, 7.61035234831e-09, 8.34563707031e-08, 6.27283327503e-08, 6.46754827471e-08, 5.91471049916e-08, 4.60610003472e-08, 1.04907442733e-08, 1.2710580366e-09, 1.65609803648e-10, 3.7649636013e-12, 1.41287266124e-16, 2.82884137266e-19]
    mfcc:
        mean: [-678.481323242, 81.3379821777, -28.0882663727, 55.9458770752, -21.3456993103, -5.04673147202, -8.41228103638, 0.699341893196, -6.33564567566, -6.37046575546, -8.1712474823, -3.47359204292, -3.71722459793]
        cov: [[786.644042969, -86.640045166, 16.4921951294, -93.2471694946, -59.9502601624, -73.8055648804, -109.167633057, -34.1896286011, -50.6701965332, -63.3675041199, -70.0934753418, -57.7621688843, -57.172832489], [-86.640045166, 278.919219971, 14.5193662643, 39.0647659302, 81.6737442017, 47.9895896912, 81.1054611206, 43.5681686401, 48.5612487793, 28.935503006, 51.0216064453, 21.3035163879, 17.5730457306], [16.4921951294, 14.5193662643, 166.866577148, 35.9443664551, 84.5545883179, 35.0055046082, 21.9691867828, 13.7330741882, 14.8354539871, 15.2270927429, 10.647480011, 8.19819736481, -1.42128789425], [-93.2471694946, 39.0647659302, 35.9443664551, 94.0577926636, 63.6853370667, 32.4522476196, 20.3358860016, 8.19752311707, 12.0846300125, 18.1084156036, 18.4156665802, 7.72978401184, 8.24035835266], [-59.9502601624, 81.6737442017, 84.5545883179, 63.6853370667, 157.54234314, 80.3981552124, 57.6654853821, 44.7584457397, 39.9611625671, 24.6218566895, 37.7275352478, 28.2090473175, 13.9283180237], [-73.8055648804, 47.9895896912, 35.0055046082, 32.4522476196, 80.3981552124, 89.1884765625, 63.5116615295, 37.9599990845, 20.7241001129, 9.55294704437, 19.3635368347, 19.1226291656, 13.80742836], [-109.167633057, 81.1054611206, 21.9691867828, 20.3358860016, 57.6654853821, 63.5116615295, 101.366241455, 54.1014404297, 30.5248947144, 19.2163658142, 29.5223560333, 22.2540378571, 19.5706577301], [-34.1896286011, 43.5681686401, 13.7330741882, 8.19752311707, 44.7584457397, 37.9599990845, 54.1014404297, 75.9019851685, 41.0312767029, 12.7619132996, 16.3222160339, 22.3461933136, 14.607170105], [-50.6701965332, 48.5612487793, 14.8354539871, 12.0846300125, 39.9611625671, 20.7241001129, 30.5248947144, 41.0312767029, 59.2069396973, 33.3169898987, 27.0136604309, 17.7280464172, 7.99227428436], [-63.3675041199, 28.935503006, 15.2270927429, 18.1084156036, 24.6218566895, 9.55294704437, 19.2163658142, 12.7619132996, 33.3169898987, 60.03855896, 35.4372406006, 7.05680418015, -4.07842588425], [-70.0934753418, 51.0216064453, 10.647480011, 18.4156665802, 37.7275352478, 19.3635368347, 29.5223560333, 16.3222160339, 27.0136604309, 35.4372406006, 60.0942573547, 23.2057132721, 8.10176753998], [-57.7621688843, 21.3035163879, 8.19819736481, 7.72978401184, 28.2090473175, 19.1226291656, 22.2540378571, 22.3461933136, 17.7280464172, 7.05680418015, 23.2057132721, 51.8690834045, 23.9192733765], [-57.172832489, 17.5730457306, -1.42128789425, 8.24035835266, 13.9283180237, 13.80742836, 19.5706577301, 14.607170105, 7.99227428436, -4.07842588425, 8.10176753998, 23.9192733765, 35.3792190552]]
        icov: [[0.00206042965874, -0.000306503585307, -0.00063207000494, 0.00183929689229, -0.000838440202642, 0.000514277955517, 0.00210060295649, -0.00159831426572, 0.000870384217706, 0.00126291415654, 0.000264609931037, 0.000783461029641, 0.00201408006251], [-0.000306503585307, 0.00573933729902, 0.0010893716244, -0.000997878494672, -0.00209721783176, 0.0020838312339, -0.00487064383924, 0.00192052312195, -0.00330181769095, 0.00180115329567, -0.0025582020171, 0.00110989843961, -0.000367180560715], [-0.00063207000494, 0.0010893716244, 0.0090767191723, -0.000776618893724, -0.00606621522456, 0.00161819078494, -0.0021156296134, 0.00163630733732, 0.000103136531834, -0.0017767327372, 0.00199258630164, -0.000731614185497, 0.00104458618443], [0.00183929689229, -0.000997878494672, -0.000776618893724, 0.0176321994513, -0.0070552569814, -0.00077323266305, 0.00314218737185, 0.000193370535271, 0.00348042906262, -0.00351344887167, 0.000547630246729, 0.00293772039004, -0.00271152728237], [-0.000838440202642, -0.00209721783176, -0.00606621522456, -0.0070552569814, 0.0218720287085, -0.0136448172852, 0.00352656329051, -0.00207041040994, -0.00480946619064, 0.00208001234569, -0.00469108810648, -0.00243486603722, 0.000751501705963], [0.000514277955517, 0.0020838312339, 0.00161819078494, -0.00077323266305, -0.0136448172852, 0.0323507934809, -0.0154930818826, -0.000421257544076, 0.00232220580801, 0.00236275000498, 0.00237781507894, -0.000899270642549, 0.00134283257648], [0.00210060295649, -0.00487064383924, -0.0021156296134, 0.00314218737185, 0.00352656329051, -0.0154930818826, 0.0318709611893, -0.0153241744265, 0.00653216475621, -0.00369532359764, -0.0040795635432, 0.00323889311403, -0.00480510154739], [-0.00159831426572, 0.00192052312195, 0.00163630733732, 0.000193370535271, -0.00207041040994, -0.000421257544076, -0.0153241744265, 0.0346883051097, -0.021276941523, 0.00526233529672, 0.0041637737304, -0.00500201992691, -0.000540243694559], [0.000870384217706, -0.00330181769095, 0.000103136531834, 0.00348042906262, -0.00480946619064, 0.00232220580801, 0.00653216475621, -0.021276941523, 0.0454247482121, -0.0195836443454, -0.000354770250851, -0.00134518195409, -0.00312992418185], [0.00126291415654, 0.00180115329567, -0.0017767327372, -0.00351344887167, 0.00208001234569, 0.00236275000498, -0.00369532359764, 0.00526233529672, -0.0195836443454, 0.038741979748, -0.0169191453606, 0.00273433467373, 0.0109395524487], [0.000264609931037, -0.0025582020171, 0.00199258630164, 0.000547630246729, -0.00469108810648, 0.00237781507894, -0.0040795635432, 0.0041637737304, -0.000354770250851, -0.0169191453606, 0.0361311845481, -0.0115028982982, 0.000739867973607], [0.000783461029641, 0.00110989843961, -0.000731614185497, 0.00293772039004, -0.00243486603722, -0.000899270642549, 0.00323889311403, -0.00500201992691, -0.00134518195409, 0.00273433467373, -0.0115028982982, 0.0360318981111, -0.0195230748504], [0.00201408006251, -0.000367180560715, 0.00104458618443, -0.00271152728237, 0.000751501705963, 0.00134283257648, -0.00480510154739, -0.000540243694559, -0.00312992418185, 0.0109395524487, 0.000739867973607, -0.0195230748504, 0.0494349189103]]
    spectral_contrast:
        mean: [-2.71079557024e-07, -9.37790067823e-10, -1.87780344163e-07, 4.85454052068e-07, 2.9204724683e-07, 7.30406952698e-07, -9.2456184575e-07, -5.2118275562e-06, 3.18926231557e-06, 4.29125839219e-06, -3.28887949763e-06, 7.69988162119e-07]
        var: [0.000205673844903, 0.000375515810447, 0.000425517355325, 0.00176015368197, 0.00203311187215, 0.00410591298714, 0.024798784405, 0.054966006428, 0.0800036266446, 0.104176573455, 0.345491975546, 0.438997119665]

rhythm:
    beats_loudness:
        dmean: 0.00494212750345
        dmean2: 0.00972601305693
        dvar: 3.10466521114e-06
        dvar2: 6.61679769109e-06
        max: 0.0115857450292
        mean: 0.00765156280249
        min: 0.00266757817008
        var: 7.65755430621e-06
    beats_loudness_bass:
        dmean: 0.379709929228
        dmean2: 0.759379506111
        dvar: 0.0106548666954
        dvar2: 0.026858728379
        max: 0.576816082001
        mean: 0.198805764318
        min: 0.0089499335736
        var: 0.0412001498044
    bpm: 113.876045227
    bpm_confidence: 0
    first_peak_bpm: 114
    first_peak_spread: 0
    first_peak_weight: 0.944444417953
    onset_rate: 6.18082714081
    second_peak_bpm: 107
    second_peak_spread: 0
    second_peak_weight: 0.0555555559695
    beats_position: [0.0544537231326, 0.581802010536, 1.10915029049, 1.63649868965, 2.1638469696, 2.69119548798, 3.21854376793, 3.74589204788, 4.27324056625, 4.80058860779, 5.32793712616, 5.85528564453, 6.41546773911, 6.94191122055, 7.46835422516, 7.99479866028, 8.52124214172, 9.04768562317, 9.57412910461]
    bpm_estimates: [113.862113953, 113.813682556, 113.860702515, 113.738052368, 113.744400024, 113.813095093, 113.72454834, 113.779724121, 113.794754028, 113.691070557, 113.722839355, 113.949523926, 113.782821655, 113.747581482, 113.762321472, 113.684440613, 115.800430298, 113.799682617, 113.762145996, 113.752792358, 113.722312927, 113.963897705]
    bpm_intervals: [0.527348279953, 0.527348279953, 0.527348399162, 0.527348279953, 0.527348518372, 0.527348279953, 0.527348279953, 0.527348518372, 0.527348041534, 0.527348518372, 0.527348518372, 0.560182094574, 0.526443481445, 0.526443004608, 0.52644443512, 0.526443481445, 0.526443481445, 0.526443481445]
    onset_times: [0.0348299331963, 0.301859408617, 0.452789127827, 0.568888902664, 0.719818592072, 0.835918366909, 0.975238084793, 1.09133791924, 1.369977355, 1.50929701328, 1.62539684772, 1.89242625237, 2.0549659729, 2.17106580734, 2.43809533119, 2.57741498947, 2.69351482391, 2.84444451332, 2.96054410934, 3.09986400604, 3.21596360207, 3.49460315704, 3.62231302261, 3.76163268089, 4.01705217361, 4.17959165573, 4.28408145905, 4.56272125244, 4.7020406723, 4.81814050674, 4.95746040344, 5.08517026901, 5.22448968887, 5.34058952332, 5.61922883987, 5.75854873657, 5.88625860214, 6.15328788757, 6.29260778427, 6.40870761871, 6.68734693527, 6.82666683197, 6.9543762207, 7.08208608627, 7.20979595184, 7.34911584854, 7.46521520615, 7.74385499954, 7.87156438828, 7.99927425385, 8.26630401611, 8.4172334671, 8.53333377838, 8.80036258698, 8.95129299164, 9.06739234924, 9.2067117691, 9.32281208038, 9.47374153137, 9.58984088898, 9.86848068237, 10.0078001022]
    rubato_start: []
    rubato_stop: []
    perceptual_tempo: "unknown"

sfx:
    inharmonicity:
        dmean: 0.0521421991289
        dmean2: 0.0917938947678
        dvar: 0.00251711602323
        dvar2: 0.00779956532642
        max: 0.335434347391
        mean: 0.0593255423009
        min: 0
        var: 0.00277272611856
    oddtoevenharmonicenergyratio:
        dmean: 1.48015701771
        dmean2: 2.82375240326
        dvar: 12.3148956299
        dvar2: 37.2934036255
        max: 36.4995155334
        mean: 1.01783895493
        min: 0
        var: 7.10183334351
    pitch_after_max_to_before_max_energy_ratio: 6.06653404236
    pitch_centroid: 213.080841064
    pitch_max_to_total: 0.13425925374
    pitch_min_to_total: 0.486111104488
    tristimulus:
        dmean: [0.203392475843, 0.267235308886, 0.162806659937]
        dmean2: [0.34762096405, 0.461407184601, 0.285649776459]
        dvar: [0.0246864147484, 0.0380751565099, 0.0155185293406]
        dvar2: [0.0681028589606, 0.119545400143, 0.042385365814]
        max: [1, 0.93755376339, 0.673789262772]
        mean: [0.336124688387, 0.434368371964, 0.166750743985]
        min: [0.0273193214089, 0, 0]
        var: [0.0386088602245, 0.0566674210131, 0.0233231913298]

tonal:
    chords_changes_rate: 0.101382486522
    chords_number_rate: 0.0276497695595
    chords_strength:
        dmean: 0.00933301821351
        dmean2: 0.0112024843693
        dvar: 4.53001630376e-05
        dvar2: 7.60074108257e-05
        max: 0.640874266624
        mean: 0.520475208759
        min: 0.378681093454
        var: 0.00366121949628
    key_strength: 0.749431967735
    tuning_diatonic_strength: 0.64278703928
    tuning_equal_tempered_deviation: 0.152341157198
    tuning_frequency: 441.527557373
    tuning_nontempered_energy_ratio: 0.831366539001
    hpcp:
        dmean: [0.221318349242, 0.161363810301, 0.185782834888, 0.199929147959, 0.214797243476, 0.228480517864, 0.233483910561, 0.244514539838, 0.208236351609, 0.174954339862, 0.149714529514, 0.174865022302, 0.237037286162, 0.234686151147, 0.279495358467, 0.310699045658, 0.211190879345, 0.18065418303, 0.172741249204, 0.170282498002, 0.186561852694, 0.221143990755, 0.183700248599, 0.208476856351, 0.200959205627, 0.157200217247, 0.160270139575, 0.179958075285, 0.195120364428, 0.216986596584, 0.210796058178, 0.172901451588, 0.16774225235, 0.142711982131, 0.136362046003, 0.189888834953]
        dmean2: [0.367264300585, 0.270388960838, 0.3085680902, 0.351506739855, 0.376733183861, 0.387121498585, 0.406912386417, 0.414756894112, 0.360088318586, 0.296117991209, 0.268368810415, 0.299331873655, 0.405187904835, 0.411303251982, 0.49405387044, 0.552337348461, 0.36356690526, 0.32269513607, 0.309102267027, 0.283668458462, 0.307079702616, 0.387948900461, 0.317241072655, 0.363892555237, 0.354889065027, 0.268090307713, 0.281688094139, 0.304619431496, 0.332235008478, 0.364783942699, 0.362649857998, 0.298354119062, 0.281035602093, 0.243604436517, 0.239130154252, 0.331196427345]
        dvar: [0.0351775996387, 0.0217700395733, 0.0298003870994, 0.0302747450769, 0.0367881730199, 0.039445400238, 0.0530575104058, 0.0509420596063, 0.0398036390543, 0.0399686954916, 0.0394307225943, 0.0373047329485, 0.0556225851178, 0.0539711043239, 0.0466154105961, 0.0663660019636, 0.0406936705112, 0.0400510728359, 0.0417659729719, 0.0322668924928, 0.0298628229648, 0.049471847713, 0.0317665375769, 0.0507583133876, 0.0492948554456, 0.0271933414042, 0.0211384873837, 0.0269749294966, 0.0383445955813, 0.0352587066591, 0.0335162095726, 0.0324441976845, 0.0343418419361, 0.0224219355732, 0.0214007981122, 0.0362294875085]
        dvar2: [0.0917225778103, 0.0503276959062, 0.0855707377195, 0.0853409469128, 0.102699033916, 0.105758167803, 0.115215957165, 0.140506997705, 0.0996033921838, 0.0973544642329, 0.104595497251, 0.10399415344, 0.146476209164, 0.155015975237, 0.126310393214, 0.183835491538, 0.11902654916, 0.121002420783, 0.123080678284, 0.0836907029152, 0.0740730985999, 0.124609880149, 0.0811623707414, 0.140269771218, 0.140241414309, 0.075685121119, 0.0596749745309, 0.0759000554681, 0.102097429335, 0.0815626755357, 0.0884020403028, 0.0838060155511, 0.088185697794, 0.0566325709224, 0.0653227940202, 0.102146320045]
        max: [1, 1, 1, 0.91362041235, 1, 1, 1, 1, 1, 1, 1, 1, 1, 1, 1, 1, 1, 1, 1, 1, 1, 1, 1, 1, 1, 1, 1, 0.851727664471, 1, 1, 1, 1, 1, 1, 1, 1]
        mean: [0.376402586699, 0.313007593155, 0.286609023809, 0.269094526768, 0.26817637682, 0.330377846956, 0.367571741343, 0.334802359343, 0.295599937439, 0.239321321249, 0.18974712491, 0.244167238474, 0.312726318836, 0.339128553867, 0.523473918438, 0.589054465294, 0.35566931963, 0.215386867523, 0.206507131457, 0.224318251014, 0.273652225733, 0.293383687735, 0.244093611836, 0.238764613867, 0.232919022441, 0.215979382396, 0.242098674178, 0.241119220853, 0.271833240986, 0.373462796211, 0.360304236412, 0.259554862976, 0.228037685156, 0.209720551968, 0.214505001903, 0.319283485413]
        min: [0.0453814677894, 0.0262962207198, 0.0210213586688, 0.0240358933806, 0.013186850585, 0.0127413598821, 0.0125162070617, 0.0138329854235, 0.0133781749755, 0.0166340824217, 0.0127242375165, 0.0132531318814, 0.0127247963101, 0.0217753089964, 0.0207665860653, 0.0314994603395, 0.0507720336318, 0.0274992901832, 0.016098966822, 0.0217087976635, 0.0123572582379, 0.0077169300057, 0.0202053226531, 0.00943959970027, 0.0187736283988, 0.00870284624398, 0.0148302055895, 0.0192992519587, 0.0110785141587, 0.00604712497443, 0.0158124640584, 0.0111541599035, 0.00884334370494, 0.0187299381942, 0.022931214422, 0.0431622005999]
        var: [0.0594021975994, 0.0313256792724, 0.0406022258103, 0.0403868146241, 0.0446608439088, 0.0542948767543, 0.0834795758128, 0.0753358006477, 0.0624787285924, 0.0536063984036, 0.0315837524831, 0.0367438830435, 0.0692833736539, 0.0558715946972, 0.0608592964709, 0.0873902514577, 0.0559023097157, 0.0398145876825, 0.0390146188438, 0.041047334671, 0.047351591289, 0.075601786375, 0.0417612567544, 0.0480630807579, 0.0464384034276, 0.0291243232787, 0.0255363937467, 0.032968249172, 0.0504822395742, 0.0796802788973, 0.0673831701279, 0.039850205183, 0.0356525219977, 0.0242384187877, 0.0221195723861, 0.0479907281697]
    chords_histogram: [64.0552978516, 0, 5.5299539566, 11.0599079132, 0, 1.84331798553, 0, 0, 0, 0, 10.1382484436, 0, 0, 0, 0, 0, 0, 7.37327194214, 0, 0, 0, 0, 0, 0]
    thpcp: [1, 0.603797018528, 0.36564847827, 0.350573927164, 0.380810707808, 0.464561849833, 0.49805867672, 0.414382070303, 0.405335366726, 0.39541170001, 0.366654336452, 0.410995393991, 0.409332633018, 0.461473852396, 0.634003818035, 0.611665427685, 0.440629661083, 0.387124955654, 0.356029123068, 0.364151388407, 0.542027115822, 0.638994514942, 0.531372904778, 0.486557751894, 0.45682451129, 0.455265849829, 0.560861289501, 0.624002993107, 0.568372488022, 0.501821041107, 0.406280457973, 0.322121530771, 0.414507061243, 0.530895411968, 0.575716793537, 0.888668119907]
    chords_key: "G"
    chords_scale: "major"
    key_key: "G"
    key_scale: "major"
    chords_progression: ["D", "D", "D", "G", "G", "G", "G", "G", "G", "G", "G", "F#", "F#", "F#", "F#", "F#", "F#", "F#", "F#", "F#", "F#", "F#", "F#", "F#", "F#m", "F#m", "F#m", "G", "G", "G", "G", "G", "G", "G", "G", "G", "G", "G", "G", "G", "G", "G", "G", "G", "G", "G", "F#m", "F#m", "F#m", "F#m", "F#m", "F#m", "F#m", "G", "G", "G", "G", "G", "G", "G", "G", "G", "G", "G", "G", "F#m", "F#m", "G", "G", "F#m", "F#m", "F#m", "F#m", "F#m", "F#m", "F#m", "F#m", "F#m", "F#m", "F#m", "F#m", "G", "G", "G", "G", "G", "G", "G", "G", "G", "G", "G", "G", "G", "G", "G", "G", "G", "G", "G", "G", "G", "G", "G", "G", "G", "G", "G", "G", "G", "G", "G", "G", "G", "G", "G", "G", "G", "G", "G", "G", "G", "G", "G", "G", "Gm", "G", "G", "G", "G", "G", "G", "G", "G", "Gm", "Gm", "Gm", "Gm", "Gm", "Gm", "Gm", "Gm", "Gm", "Gm", "Gm", "Gm", "Gm", "G", "Gm", "Gm", "G", "G", "G", "G", "G", "G", "G", "G", "G", "G", "G", "G", "G", "G", "G", "G", "G", "G", "G", "G", "G", "G", "G", "F#", "F#", "G", "G", "G", "G", "G", "G", "G", "D", "D", "D", "D", "D", "D", "D", "D", "D", "G", "G", "G", "G", "G", "G", "G", "G", "G", "G", "G", "G", "G", "G", "G", "C#m", "C#m", "C#m", "C#m", "F#", "F#", "F#", "F#", "F#", "F#", "F#"]
