
metadata:
    version:
        essentia: "1.2.2"
    audio_properties:
        analysis_sample_rate: 44100
        bitrate: 128
        channels: 2
        equal_loudness: 1
        length: 10.0310201645
        replay_gain: -4.43356323242
        downmix: "mix"
    tags:
        track: 5
        year: 0
        album: "Splitted by Mp3Splt v. 2.1"
        artist: "From 000.40 To 000.50"
        comment: "http://mp3splt.sf.net"
        genre: ""
        title: "12 Little Star.mp3"

highlevel:
    ballroom:
        all:
            ChaChaCha: 0.0286839846522
            Jive: 0.0217564590275
            Quickstep: 0.232383161783
            Rumba-American: 0.0505098849535
            Rumba-International: 0.106382124126
            Rumba-Misc: 0.183383896947
            Samba: 0.0458808504045
            Tango: 0.126682683825
            VienneseWaltz: 0.0461083725095
            Waltz: 0.158228591084
        probability: 0.232383161783
        value: "Quickstep"
    culture:
        all:
            non_western: 0.550630688667
            western: 0.449369311333
        probability: 0.550630688667
        value: "non_western"
    gender:
        all:
            female: 0.763307392597
            male: 0.236692622304
        probability: 0.763307392597
        value: "female"
    genre_dortmund:
        all:
            alternative: 0.0157571751624
            blues: 0.0173443164676
            electronic: 0.493515491486
            folkcountry: 0.239062532783
            funksoulrnb: 0.011969935149
            jazz: 0.137780249119
            pop: 0.0485616624355
            raphiphop: 0.00653892522678
            rock: 0.0294697154313
        probability: 0.493515491486
        value: "electronic"
    genre_electronica:
        all:
            ambient: 0.97647947073
            dnb: 0.0066430112347
            house: 0.0105680208653
            techno: 0.00329501787201
            trance: 0.00301448069513
        probability: 0.97647947073
        value: "ambient"
    genre_rosamerica:
        all:
            cla: 0.0820902213454
            dan: 0.013542403467
            hip: 0.0172214042395
            jaz: 0.558327615261
            pop: 0.0529781468213
            rhy: 0.247636333108
            roc: 0.00861967820674
            spe: 0.0195842143148
        probability: 0.558327615261
        value: "jaz"
    genre_tzanetakis:
        all:
            blu: 0.0678214505315
            cla: 0.0970386043191
            cou: 0.108032360673
            dis: 0.0333672165871
            hip: 0.0181306861341
            jaz: 0.168333724141
            met: 0.00783955026418
            pop: 0.253737270832
            reg: 0.22295203805
            roc: 0.0227470844984
        probability: 0.253737270832
        value: "pop"
    live_studio:
        all:
            live: 0.615943789482
            studio: 0.384056180716
        probability: 0.615943789482
        value: "live"
    mood:
        all:
            Cluster1: 0.0235178358853
            Cluster2: 0.446223646402
            Cluster3: 0.307622790337
            Cluster4: 0.173598125577
            Cluster5: 0.0490376017988
        probability: 0.446223646402
        value: "Cluster2"
    mood_acoustic:
        all:
            acoustic: 0.462926268578
            not_acoustic: 0.537073731422
        probability: 0.537073731422
        value: "not_acoustic"
    mood_aggressive:
        all:
            aggressive: 3.31382153718e-07
            not_aggressive: 0.999999642372
        probability: 0.999999642372
        value: "not_aggressive"
    mood_electronic:
        all:
            electronic: 0.49284696579
            not_electronic: 0.50715303421
        probability: 0.50715303421
        value: "not_electronic"
    mood_happy:
        all:
            happy: 0.0383695401251
            not_happy: 0.9616304636
        probability: 0.9616304636
        value: "not_happy"
    mood_party:
        all:
            not_party: 0.938712596893
            party: 0.0612873770297
        probability: 0.938712596893
        value: "not_party"
    mood_relaxed:
        all:
            not_relaxed: 0.0589485242963
            relaxed: 0.941051483154
        probability: 0.941051483154
        value: "relaxed"
    mood_sad:
        all:
            not_sad: 0.228791698813
            sad: 0.771208286285
        probability: 0.771208286285
        value: "sad"
    rhythm:
        all:
            fast: 0.0361927263439
            medium: 0.545533180237
            slow: 0.418274074793
        probability: 0.545533180237
        value: "medium"
    speech_music:
        all:
            music: 4.13773832975e-08
            speech: 0.999999940395
        probability: 0.999999940395
        value: "speech"
    timbre:
        all:
            bright: 0.819491326809
            dark: 0.180508688092
        probability: 0.819491326809
        value: "bright"
    voice_instrumental:
        all:
            instrumental: 0.694559037685
            voice: 0.305440992117
        probability: 0.694559037685
        value: "instrumental"

lowlevel:
    average_loudness: 0.736397624016
    barkbands_kurtosis:
        dmean: 4.31485652924
        dmean2: 6.80214214325
        dvar: 87.6094970703
        dvar2: 201.637741089
        max: 169.324539185
        mean: 12.2497844696
        min: -1.84051680565
        var: 806.228942871
    barkbands_skewness:
        dmean: 0.575573444366
        dmean2: 0.863680183887
        dvar: 0.431605279446
        dvar2: 0.810004293919
        max: 11.461104393
        mean: 2.0002477169
        min: -4.73756313324
        var: 7.37098503113
    barkbands_spread:
        dmean: 4.72612857819
        dmean2: 7.37169933319
        dvar: 33.2848472595
        dvar2: 74.0109405518
        max: 63.3190765381
        mean: 23.0246582031
        min: 0.676258027554
        var: 280.221221924
    dissonance:
        dmean: 0.0251436922699
        dmean2: 0.0419533923268
        dvar: 0.000880121835507
        dvar2: 0.00226306822151
        max: 0.499415069818
        mean: 0.414225190878
        min: 0.150735452771
        var: 0.0051194736734
    hfc:
        dmean: 0.607975542545
        dmean2: 0.966431260109
        dvar: 7.61146783829
        dvar2: 20.0751247406
        max: 47.6567955017
        mean: 2.10892081261
        min: 0.0132412137464
        var: 17.7851371765
    pitch:
        dmean: 263.787567139
        dmean2: 510.532531738
        dvar: 789969.9375
        dvar2: 2026331.5
        max: 6300
        mean: 559.838684082
        min: 87.1541519165
        var: 1003056.8125
    pitch_instantaneous_confidence:
        dmean: 0.0599982850254
        dmean2: 0.0918815135956
        dvar: 0.00550075061619
        dvar2: 0.0108196139336
        max: 0.98286396265
        mean: 0.66441565752
        min: 0.194794356823
        var: 0.0583338811994
    pitch_salience:
        dmean: 0.058247294277
        dmean2: 0.0902975946665
        dvar: 0.00419861217961
        dvar2: 0.0101451110095
        max: 0.882283091545
        mean: 0.472662091255
        min: 0.0926838815212
        var: 0.0257113631815
    silence_rate_20dB:
        dmean: 0
        dmean2: 0
        dvar: 0
        dvar2: 0
        max: 1
        mean: 1
        min: 1
        var: 0
    silence_rate_30dB:
        dmean: 0
        dmean2: 0
        dvar: 0
        dvar2: 0
        max: 1
        mean: 1
        min: 1
        var: 0
    silence_rate_60dB:
        dmean: 0.048837210983
        dmean2: 0.097902096808
        dvar: 0.046451702714
        dvar2: 0.0929799377918
        max: 1
        mean: 0.72389793396
        min: 0
        var: 0.199869990349
    spectral_centroid:
        dmean: 239.833282471
        dmean2: 361.950195312
        dvar: 125890.03125
        dvar2: 207718.03125
        max: 6529.22412109
        mean: 1199.63000488
        min: 295.890655518
        var: 881468.125
    spectral_complexity:
        dmean: 0.456674486399
        dmean2: 0.708920180798
        dvar: 1.17084085941
        dvar2: 2.11245346069
        max: 22
        mean: 2.07009339333
        min: 0
        var: 11.5511579514
    spectral_crest:
        dmean: 2.07137036324
        dmean2: 3.37940454483
        dvar: 5.05251836777
        dvar2: 12.0193729401
        max: 26.4016170502
        mean: 12.9208221436
        min: 2.98214054108
        var: 43.3823242188
    spectral_decrease:
        dmean: 1.3497046536e-10
        dmean2: 1.91202109701e-10
        dvar: 4.08721004203e-19
        dvar2: 1.07323551532e-18
        max: -6.21287418213e-13
        mean: -5.5012749911e-10
        min: -1.10921343222e-08
        var: 7.76605600829e-19
    spectral_energy:
        dmean: 0.000560712593142
        dmean2: 0.000802261813078
        dvar: 7.03527211954e-06
        dvar2: 1.85120898095e-05
        max: 0.0461869053543
        mean: 0.00226759444922
        min: 4.2289684643e-06
        var: 1.34720839924e-05
    spectral_energyband_high:
        dmean: 1.52222592078e-05
        dmean2: 2.45905685006e-05
        dvar: 1.42047240637e-09
        dvar2: 3.62683794108e-09
        max: 0.00049599428894
        mean: 3.11107469315e-05
        min: 2.86401217409e-07
        var: 4.00000654821e-09
    spectral_energyband_low:
        dmean: 2.94021378977e-06
        dmean2: 4.72837427878e-06
        dvar: 1.75083801623e-11
        dvar2: 4.52601879586e-11
        max: 3.07669070025e-05
        mean: 4.70285704068e-06
        min: 1.33658117907e-09
        var: 3.652527239e-11
    spectral_energyband_middle_high:
        dmean: 0.000355416035745
        dmean2: 0.000576949794777
        dvar: 6.11387167737e-06
        dvar2: 1.67083999258e-05
        max: 0.0437181517482
        mean: 0.000805962597951
        min: 9.30019211864e-07
        var: 7.33334218239e-06
    spectral_energyband_middle_low:
        dmean: 0.00027100139414
        dmean2: 0.00031084640068
        dvar: 3.31988019298e-07
        dvar2: 4.67660697723e-07
        max: 0.0113682309166
        mean: 0.00142581621185
        min: 5.14264755225e-08
        var: 3.71585520043e-06
    spectral_flatness_db:
        dmean: 0.0209971852601
        dmean2: 0.0294521600008
        dvar: 0.000519626250025
        dvar2: 0.000766713230405
        max: 0.52285861969
        mean: 0.256969928741
        min: 0.0936959832907
        var: 0.0126795358956
    spectral_flux:
        dmean: 0.00397138809785
        dmean2: 0.00622395519167
        dvar: 9.40464742598e-05
        dvar2: 0.000186203586054
        max: 0.144873663783
        mean: 0.0111653134227
        min: 0.00145109498408
        var: 0.000248778727837
    spectral_kurtosis:
        dmean: 1.90970683098
        dmean2: 3.0962805748
        dvar: 9.44287967682
        dvar2: 25.6039924622
        max: 38.9184265137
        mean: 5.5265288353
        min: -0.287952423096
        var: 33.6669425964
    spectral_rms:
        dmean: 0.000135905560455
        dmean2: 0.000182775620488
        dvar: 1.19902054507e-07
        dvar2: 2.42271596562e-07
        max: 0.0067127039656
        mean: 0.00108132208697
        min: 6.42325685476e-05
        var: 1.04302966975e-06
    spectral_rolloff:
        dmean: 437.320556641
        dmean2: 712.71862793
        dvar: 533266.5
        dvar2: 1031414.6875
        max: 7945.75195312
        mean: 2137.47216797
        min: 193.798828125
        var: 2902020.75
    spectral_skewness:
        dmean: 0.244851842523
        dmean2: 0.378015547991
        dvar: 0.0938259884715
        dvar2: 0.216109901667
        max: 4.91391801834
        mean: 1.73779129982
        min: -0.275122791529
        var: 0.626558125019
    spectral_spread:
        dmean: 496699.6875
        dmean2: 699756.1875
        dvar: 430835335168
        dvar2: 709239111680
        max: 10287152
        mean: 5050738
        min: 1798093.5
        var: 1.70479019622e+12
    spectral_strongpeak:
        dmean: 0.165149107575
        dmean2: 0.252340853214
        dvar: 0.124406307936
        dvar2: 0.2942096591
        max: 4.47473287582
        mean: 0.530415534973
        min: 0.00250564957969
        var: 0.45024818182
    zerocrossingrate:
        dmean: 0.00956207886338
        dmean2: 0.010320385918
        dvar: 0.000144690231537
        dvar2: 0.0001321365271
        max: 0.2861328125
        mean: 0.0687814876437
        min: 0.01513671875
        var: 0.00227648555301
    barkbands:
        dmean: [7.79474262913e-09, 2.5303717166e-07, 2.80765380012e-06, 1.1254994206e-05, 1.16829942272e-05, 9.43285413086e-05, 6.80695447954e-05, 4.9117821618e-05, 8.21705252747e-05, 0.000202499504667, 7.01554454281e-05, 1.46821355429e-06, 7.80866412242e-06, 3.49581364389e-06, 2.01588791242e-05, 2.15793443203e-05, 2.91100895993e-05, 1.88021349459e-05, 4.09785679949e-05, 1.8318032744e-05, 8.49117350299e-06, 1.99657461053e-06, 8.80338859588e-07, 2.49575435873e-07, 1.72337465187e-07, 6.86848578013e-09, 7.23221815768e-10]
        dmean2: [8.24426216184e-09, 3.64452347412e-07, 4.58164913653e-06, 1.93164814846e-05, 1.52418524522e-05, 8.84485270944e-05, 8.05382078397e-05, 7.31025429559e-05, 0.000103716498415, 0.000346064276528, 0.000100230943644, 2.70940586233e-06, 1.2522275938e-05, 5.43382975593e-06, 3.35588301823e-05, 3.01502968796e-05, 4.71443090646e-05, 2.90990719805e-05, 6.12975272816e-05, 2.96047619486e-05, 1.36669113999e-05, 3.28510532199e-06, 1.26692270896e-06, 3.57781345883e-07, 2.53873878364e-07, 1.10876356985e-08, 8.34719182663e-10]
        dvar: [2.22316553323e-14, 4.65718067409e-13, 1.61668994164e-11, 4.70323058277e-10, 8.10238454108e-09, 3.54687124116e-08, 6.57947367699e-08, 8.66632987595e-08, 1.07762545554e-07, 4.34573939856e-06, 1.02507208055e-07, 5.04337335783e-11, 5.45214984271e-09, 1.53677154335e-10, 4.14812042493e-08, 8.40764613486e-09, 1.04017585656e-08, 4.56259430237e-09, 2.35576500529e-08, 4.11542044887e-09, 3.26749072244e-10, 4.62044361105e-11, 1.10616758808e-11, 8.89043667244e-13, 3.28278853753e-13, 1.17612451726e-15, 1.49873625875e-16]
        dvar2: [2.22806358595e-14, 8.79046943743e-13, 4.37158816091e-11, 1.29033050911e-09, 1.55955461878e-08, 3.89432024406e-08, 1.01586174139e-07, 1.58821706009e-07, 1.42122587476e-07, 1.21931570902e-05, 1.57012948421e-07, 1.42737391351e-10, 1.38980063014e-08, 2.81228540455e-10, 1.1093014507e-07, 1.44080241071e-08, 2.3391677928e-08, 1.29095516499e-08, 5.07030364361e-08, 1.10471916059e-08, 8.71161309757e-10, 1.2265186089e-10, 1.82775114488e-11, 1.53164969856e-12, 6.40869193651e-13, 3.05816586925e-15, 1.50391811516e-16]
        max: [3.08517883241e-06, 8.39539097797e-06, 2.79578835034e-05, 0.000286471738946, 0.00193075905554, 0.00531111191958, 0.00534357316792, 0.00491217244416, 0.00840835832059, 0.0358440503478, 0.00558388140053, 7.54003995098e-05, 0.00130679353606, 0.000213484134292, 0.00336896744557, 0.00209002080373, 0.00130959635135, 0.00101548049133, 0.00315032247454, 0.00116555136628, 0.000210738537135, 7.57183224778e-05, 6.34563984931e-05, 1.902339136e-05, 7.59496651881e-06, 4.6483432925e-07, 2.53306467357e-07]
        mean: [7.69652253041e-09, 3.66854067124e-07, 4.33203285866e-06, 1.81920986506e-05, 2.40862864302e-05, 0.000688112224452, 0.000234048216953, 0.000135497772135, 0.000324855209328, 0.000359487166861, 0.000148903738591, 1.73658668245e-06, 8.21787580207e-06, 6.2695962697e-06, 1.88951380551e-05, 3.30197144649e-05, 6.66917258059e-05, 3.86237588827e-05, 9.89725449472e-05, 3.61546226486e-05, 1.54903809744e-05, 3.11744747705e-06, 1.72277464117e-06, 4.52922705563e-07, 3.3364256069e-07, 7.81289166696e-09, 6.92017221304e-10]
        min: [1.25455190941e-12, 2.38439740174e-10, 2.26749147236e-10, 1.07053144127e-09, 1.29091048962e-08, 8.26101076434e-10, 3.07045455727e-09, 3.8709829786e-10, 1.39693911994e-09, 3.7448152912e-10, 1.40166123153e-09, 1.05776498671e-09, 2.00434380204e-09, 1.63366298267e-09, 7.24151227871e-09, 7.02705804656e-09, 3.12813028813e-08, 1.08720641379e-07, 1.85910863593e-07, 2.76549343425e-07, 3.45948940605e-08, 2.14619628736e-08, 2.36416219934e-09, 1.00204822218e-09, 1.10724596158e-09, 6.9229823263e-11, 4.64080542658e-15]
        var: [2.21810603603e-14, 8.37998290551e-13, 3.11192772939e-11, 1.01304420408e-09, 1.94113525254e-08, 1.3427563772e-06, 6.14574730662e-07, 4.25508943636e-07, 9.77845502348e-07, 4.14605210608e-06, 4.55944388023e-07, 4.70283083309e-11, 4.3142689421e-09, 3.79938080997e-10, 2.86937353877e-08, 2.49784157802e-08, 4.12516776294e-08, 1.46498679854e-08, 1.00889998578e-07, 1.57910502452e-08, 9.59508916765e-10, 5.88665366452e-11, 3.227986628e-11, 2.03525672877e-12, 6.22191480195e-13, 1.04118708657e-15, 1.49531517209e-16]
    mfcc:
        mean: [-898.66595459, 93.7453842163, -40.7144317627, 40.6553840637, -33.9996490479, -29.5262832642, -9.37100887299, -14.852473259, -14.8096351624, -16.6520442963, -10.7154884338, -7.63122320175, -5.20018386841]
        cov: [[5295.50048828, -1065.33007812, -1224.42114258, -683.959106445, -336.281616211, -980.952148438, -619.76385498, -80.0706863403, 141.755111694, -1.31939888, -29.7513694763, -500.950744629, 350.853179932], [-1065.33007812, 1336.3560791, 293.285644531, 311.592681885, 20.0092144012, 2.30905485153, 101.0546875, -98.3774261475, -137.638778687, -112.956703186, -91.5578994751, 76.7588119507, -165.486679077], [-1224.42114258, 293.285644531, 1371.85864258, 840.208557129, 474.106750488, 854.332458496, 518.582946777, 44.7140693665, -87.9814147949, 59.0766563416, -98.5291824341, 339.038299561, -481.55557251], [-683.959106445, 311.592681885, 840.208557129, 958.467712402, 374.894866943, 569.374450684, 287.992797852, 74.1592483521, -33.6681365967, -53.6129875183, -184.334259033, 166.431518555, -435.595825195], [-336.281616211, 20.0092144012, 474.106750488, 374.894866943, 323.217803955, 417.643249512, 261.893829346, 64.1969833374, 12.3640918732, 38.9773979187, -32.9628410339, 127.410766602, -198.792861938], [-980.952148438, 2.30905485153, 854.332458496, 569.374450684, 417.643249512, 932.90625, 513.719116211, 61.2321052551, 13.5700788498, 100.763046265, -2.95229387283, 198.262252808, -357.035552979], [-619.76385498, 101.0546875, 518.582946777, 287.992797852, 261.893829346, 513.719116211, 566.85760498, 70.6918258667, -24.8142166138, 106.21282196, 31.581199646, 290.19342041, -141.919723511], [-80.0706863403, -98.3774261475, 44.7140693665, 74.1592483521, 64.1969833374, 61.2321052551, 70.6918258667, 190.297668457, 65.9238128662, 23.5138511658, -4.90315389633, 58.2788543701, 21.237159729], [141.755111694, -137.638778687, -87.9814147949, -33.6681365967, 12.3640918732, 13.5700788498, -24.8142166138, 65.9238128662, 123.687957764, 4.92491388321, 26.9480285645, -28.8393421173, 41.0336380005], [-1.31939888, -112.956703186, 59.0766563416, -53.6129875183, 38.9773979187, 100.763046265, 106.21282196, 23.5138511658, 4.92491388321, 123.402984619, 50.7251319885, 48.5510635376, 16.423910141], [-29.7513694763, -91.5578994751, -98.5291824341, -184.334259033, -32.9628410339, -2.95229387283, 31.581199646, -4.90315389633, 26.9480285645, 50.7251319885, 133.172866821, 25.3769035339, 81.6889648438], [-500.950744629, 76.7588119507, 339.038299561, 166.431518555, 127.410766602, 198.262252808, 290.19342041, 58.2788543701, -28.8393421173, 48.5510635376, 25.3769035339, 279.92980957, -45.7397689819], [350.853179932, -165.486679077, -481.55557251, -435.595825195, -198.792861938, -357.035552979, -141.919723511, 21.237159729, 41.0336380005, 16.423910141, 81.6889648438, -45.7397689819, 336.590301514]]
        icov: [[0.000388533691876, 0.000333052797941, 3.20010985888e-05, -0.000114313945232, -0.000318603706546, 0.000834432779811, -0.00052786845481, 0.000339467951562, -0.00036702019861, -0.000312274525641, 0.000183496071259, 0.000699423544575, 0.000220047033508], [0.000333052797941, 0.00136847561225, -0.000246806710493, -0.000475898181321, 8.40654902277e-05, 0.00132860883605, -0.00122749304865, 0.000593512493651, 0.00023023202084, 0.000628108973615, -0.000159954695846, 0.000962294521742, 0.000371496309526], [3.20010985888e-05, -0.000246806710493, 0.00381947308779, -0.000683988211676, -0.000893366755918, -0.00213493709452, 0.00151581305545, 0.000243527494604, 0.00128447602037, -0.00100319180638, 0.000959534547292, -0.00333956466056, 0.00146177446004], [-0.000114313945232, -0.000475898181321, -0.000683988211676, 0.00518477009609, -0.00150698435027, -0.00100274849683, 0.000711112341378, -0.00136502366513, -0.000553135643713, 0.00186750583816, 0.00361618190072, -0.00161544699222, 0.00292785349302], [-0.000318603706546, 8.40654902277e-05, -0.000893366755918, -0.00150698435027, 0.0104560190812, -0.00215335329995, -0.00108288833871, -0.0011614827672, -0.00134008110035, -0.000444315548521, 4.29229330621e-05, -0.000423853023676, 0.000770037935581], [0.000834432779811, 0.00132860883605, -0.00213493709452, -0.00100274849683, -0.00215335329995, 0.00828708894551, -0.00548424432054, 0.0011076554656, -0.0025905338116, -0.00112314184662, -0.0023175869137, 0.00537898251787, 0.00223175855353], [-0.00052786845481, -0.00122749304865, 0.00151581305545, 0.000711112341378, -0.00108288833871, -0.00548424432054, 0.00937363132834, -0.000782530580182, 0.00188268430065, -0.00190808228217, 0.000812780286651, -0.00772397685796, -0.000802892318461], [0.000339467951562, 0.000593512493651, 0.000243527494604, -0.00136502366513, -0.0011614827672, 0.0011076554656, -0.000782530580182, 0.00897837150842, -0.00487335305661, -0.00170728738885, 0.00198677252047, -0.00103812746238, -0.00183348916471], [-0.00036702019861, 0.00023023202084, 0.00128447602037, -0.000553135643713, -0.00134008110035, -0.0025905338116, 0.00188268430065, -0.00487335305661, 0.0143412547186, 0.0020099633839, -0.00350701063871, 0.000727076025214, -0.00171691342257], [-0.000312274525641, 0.000628108973615, -0.00100319180638, 0.00186750583816, -0.000444315548521, -0.00112314184662, -0.00190808228217, -0.00170728738885, 0.0020099633839, 0.0139721604064, -0.00299842609093, 0.000655027572066, -0.000644784246106], [0.000183496071259, -0.000159954695846, 0.000959534547292, 0.00361618190072, 4.29229330621e-05, -0.0023175869137, 0.000812780286651, 0.00198677252047, -0.00350701063871, -0.00299842609093, 0.0157051943243, -0.00387134868652, -0.000196749650058], [0.000699423544575, 0.000962294521742, -0.00333956466056, -0.00161544699222, -0.000423853023676, 0.00537898251787, -0.00772397685796, -0.00103812746238, 0.000727076025214, 0.000655027572066, -0.00387134868652, 0.0141376527026, -0.00212013837881], [0.000220047033508, 0.000371496309526, 0.00146177446004, 0.00292785349302, 0.000770037935581, 0.00223175855353, -0.000802892318461, -0.00183348916471, -0.00171691342257, -0.000644784246106, -0.000196749650058, -0.00212013837881, 0.0114043261856]]
    spectral_contrast:
        mean: [1.91969959928e-07, 2.69857252988e-07, -3.15988188504e-07, -1.11514999901e-07, 3.13342169989e-08, 4.44667364263e-07, -2.42801888817e-06, 5.09215851707e-06, 4.09830681747e-06, -1.36004427986e-06, 8.74015768204e-07, -1.38928953675e-06]
        var: [0.000577933969907, 0.000907458364964, 0.00141696177889, 0.00519824121147, 0.00641743047163, 0.0263113044202, 0.047894846648, 0.136583253741, 0.15612873435, 0.461470872164, 0.768917739391, 2.60545539856]

rhythm:
    beats_loudness:
        dmean: 0.00252714660019
        dmean2: 0.00403835484758
        dvar: 1.47260825543e-05
        dvar2: 3.87986619899e-05
        max: 0.0165910553187
        mean: 0.00298109510913
        min: 3.23551503243e-05
        var: 1.92727457033e-05
    beats_loudness_bass:
        dmean: 0.10097002238
        dmean2: 0.150384575129
        dvar: 0.017329486087
        dvar2: 0.0381742939353
        max: 0.653732061386
        mean: 0.130684792995
        min: 1.7328005697e-06
        var: 0.0306925456971
    bpm: 169.324645996
    bpm_confidence: 0
    first_peak_bpm: 168
    first_peak_spread: 0.423076927662
    first_peak_weight: 0.555555582047
    onset_rate: 3.5888671875
    second_peak_bpm: 184
    second_peak_spread: 0
    second_peak_weight: 0.037037037313
    beats_position: [0.372622191906, 0.730061888695, 1.08750164509, 1.44494140148, 1.80238103867, 2.15982079506, 2.51726055145, 2.87470030785, 3.23214006424, 3.58957982063, 3.94701957703, 4.304459095, 4.66189908981, 5.01933860779, 5.3767786026, 5.73421812057, 6.05967092514, 6.40800428391, 6.75633716583, 7.10466957092, 7.45300292969, 7.80133628845, 8.14966869354, 8.49800109863, 8.8463344574, 9.19466781616, 9.54300117493, 9.89133358002]
    bpm_estimates: [168.446685791, 167.278305054, 172.248962402]
    bpm_intervals: [0.357439696789, 0.357439756393, 0.357439756393, 0.357439637184, 0.357439756393, 0.357439756393, 0.357439756393, 0.357439756393, 0.357439756393, 0.357439756393, 0.357439517975, 0.357439994812, 0.357439517975, 0.357439994812, 0.357439517975, 0.325452804565, 0.348333358765, 0.348332881927, 0.34833240509, 0.348333358765, 0.348333358765, 0.34833240509, 0.34833240509, 0.348333358765, 0.348333358765, 0.348333358765, 0.34833240509]
    onset_times: [0.0928798168898, 0.162539675832, 0.325079351664, 0.859138309956, 1.25387752056, 1.33514738083, 1.81115651131, 1.99691605568, 2.14784574509, 2.21750569344, 2.33360552788, 2.46131515503, 2.62385487556, 2.84444451332, 2.93732428551, 3.93578219414, 4.051882267, 4.20281171799, 4.42340135574, 4.55111122131, 4.73687076569, 4.88780021667, 5.02712011337, 5.23609972, 5.38702964783, 5.9094786644, 6.42031764984, 6.59446716309, 7.10530614853, 7.4884352684, 7.70902490616, 8.18503379822, 8.52172374725, 9.03256225586, 9.57823085785, 9.67111110687]
    rubato_start: []
    rubato_stop: []
    perceptual_tempo: "unknown"

sfx:
    inharmonicity:
        dmean: 0.0547513626516
        dmean2: 0.0982412472367
        dvar: 0.00561499223113
        dvar2: 0.0143854105845
        max: 0.377589762211
        mean: 0.0512646511197
        min: 0
        var: 0.00611716415733
    oddtoevenharmonicenergyratio:
        dmean: 8.23655605316
        dmean2: 15.8192634583
        dvar: 1663.60510254
        dvar2: 4930.22900391
        max: 538.307250977
        mean: 5.74941015244
        min: 0
        var: 897.253051758
    pitch_after_max_to_before_max_energy_ratio: 1.10515189171
    pitch_centroid: 204.362075806
    pitch_max_to_total: 0.268691599369
    pitch_min_to_total: 0.560747683048
    tristimulus:
        dmean: [0.239553809166, 0.249748557806, 0.100939936936]
        dmean2: [0.441342741251, 0.451338946819, 0.178156450391]
        dvar: [0.0647888183594, 0.0611677095294, 0.0171753950417]
        dvar2: [0.158841565251, 0.159603834152, 0.0488141030073]
        max: [1, 0.999590873718, 0.857533574104]
        mean: [0.401907593012, 0.476871550083, 0.0953043922782]
        min: [0.00016838767624, 0, 0]
        var: [0.0928992852569, 0.0961481630802, 0.0181189570576]

tonal:
    chords_changes_rate: 0.037037037313
    chords_number_rate: 0.0231481473893
    chords_strength:
        dmean: 0.00828717835248
        dmean2: 0.00637381663546
        dvar: 8.07848773547e-05
        dvar2: 4.27108534495e-05
        max: 0.779742538929
        mean: 0.564894914627
        min: 0.285761773586
        var: 0.0122143626213
    key_strength: 0.699698090553
    tuning_diatonic_strength: 0.633004128933
    tuning_equal_tempered_deviation: 0.208473160863
    tuning_frequency: 435.448913574
    tuning_nontempered_energy_ratio: 0.858396649361
    hpcp:
        dmean: [0.0878435894847, 0.0921114012599, 0.0618741549551, 0.0787618234754, 0.0853950828314, 0.0819281935692, 0.0469626896083, 0.0458361320198, 0.0670940726995, 0.10894203186, 0.110765829682, 0.0521306060255, 0.0501393303275, 0.0695123970509, 0.0669542476535, 0.0885791927576, 0.110181480646, 0.102197244763, 0.0711392834783, 0.0328537039459, 0.0349579751492, 0.0629673376679, 0.0862374156713, 0.140938565135, 0.172741159797, 0.149088874459, 0.117840692401, 0.0544651709497, 0.0312873385847, 0.0319026000798, 0.0496492795646, 0.0506435856223, 0.0262226946652, 0.0270969551057, 0.0381330922246, 0.0712922215462]
        dmean2: [0.137652114034, 0.144150108099, 0.107362054288, 0.139522999525, 0.134043157101, 0.136235311627, 0.0782219469547, 0.0775026977062, 0.101310685277, 0.165428608656, 0.17485062778, 0.0888677313924, 0.0883570536971, 0.115601681173, 0.10913066566, 0.137526661158, 0.177494138479, 0.176677808166, 0.124843880534, 0.0588631778955, 0.0597676858306, 0.112121365964, 0.154112920165, 0.238026335835, 0.29627045989, 0.248017966747, 0.196070343256, 0.0990736484528, 0.0561307407916, 0.0584446676075, 0.0846455618739, 0.0850395485759, 0.0447337292135, 0.0454759560525, 0.0655234158039, 0.121565982699]
        dvar: [0.0204983875155, 0.021154589951, 0.0123513573781, 0.0180262066424, 0.0224000979215, 0.0167847331613, 0.00698008667678, 0.0079956818372, 0.0147948665544, 0.0297246165574, 0.0296502485871, 0.0122218774632, 0.0172404311597, 0.020358549431, 0.0138003397733, 0.0228997226804, 0.0443609505892, 0.0290530119091, 0.0208674632013, 0.00639812275767, 0.00513440975919, 0.0203983876854, 0.0284437928349, 0.0314130485058, 0.057474501431, 0.0394126363099, 0.0248545557261, 0.0124529898167, 0.00791238155216, 0.0115264859051, 0.00989047531039, 0.0090129589662, 0.00357782118954, 0.00542399706319, 0.00834144186229, 0.0175807029009]
        dvar2: [0.0502442270517, 0.0487557128072, 0.0301502458751, 0.0466577149928, 0.0499446801841, 0.0435601882637, 0.0171849578619, 0.0195793565363, 0.0336186476052, 0.051501814276, 0.0653295442462, 0.03224375844, 0.0453288219869, 0.0466562248766, 0.0351044163108, 0.0537106133997, 0.10036419332, 0.0718104466796, 0.0539903827012, 0.016397325322, 0.0107407113537, 0.0480676367879, 0.0696324929595, 0.0726622417569, 0.126368492842, 0.104669325054, 0.0641382038593, 0.0350307561457, 0.0229477342218, 0.0334693081677, 0.028072655201, 0.0250763166696, 0.0102435695007, 0.0141909364611, 0.0214412193745, 0.048310354352]
        max: [1, 1, 0.779902935028, 0.797780096531, 1, 0.935673892498, 0.50850725174, 0.69259417057, 1, 1, 1, 1, 1, 1, 1, 0.897542119026, 1, 1, 1, 0.639849543571, 0.760063111782, 1, 1, 1, 1, 1, 1, 0.666323006153, 0.744835615158, 1, 0.853264987469, 1, 0.356299132109, 0.585213720798, 0.712554693222, 1]
        mean: [0.19166906178, 0.14909093082, 0.0696760565042, 0.111431986094, 0.154922008514, 0.113299816847, 0.0651985257864, 0.0560935400426, 0.128155305982, 0.311425983906, 0.267430663109, 0.0740444809198, 0.0611851550639, 0.106780022383, 0.103287011385, 0.136770755053, 0.171678885818, 0.127244412899, 0.0795440301299, 0.0350358448923, 0.0464046448469, 0.110690124333, 0.122582443058, 0.226501867175, 0.573659241199, 0.53229624033, 0.173952549696, 0.0528886020184, 0.0274744741619, 0.0296009294689, 0.0614261180162, 0.0658026561141, 0.0305435825139, 0.0271290373057, 0.0458268336952, 0.108489170671]
        min: [0.000151753862156, 0.0001375622669, 6.20513092144e-05, 2.26782394748e-05, 2.39712098846e-05, 6.33595118416e-05, 8.67713752086e-05, 3.89136912418e-05, 2.38621814788e-05, 7.60302427807e-05, 8.42944791657e-05, 9.03960099095e-05, 1.85342632903e-05, 4.37292947026e-05, 4.41946212959e-05, 2.65085272986e-05, 2.57724204857e-05, 4.64775293949e-05, 5.89472729189e-05, 8.65372639964e-05, 7.85959418863e-05, 7.53034619265e-05, 5.88716175116e-05, 4.0557646571e-05, 4.63497344754e-05, 7.55087676225e-05, 8.0185047409e-05, 4.37518428953e-05, 4.34979556303e-05, 4.47044112661e-05, 8.82902968442e-05, 8.42387089506e-05, 5.47985255253e-05, 2.28846765822e-05, 2.79085525108e-05, 6.30920621916e-05]
        var: [0.0798974707723, 0.0471553578973, 0.0156713295728, 0.033276874572, 0.056740578264, 0.0254409108311, 0.00984940677881, 0.01147659868, 0.0391461290419, 0.131095826626, 0.102288849652, 0.0160930473357, 0.021603634581, 0.0404098816216, 0.0277596320957, 0.0474337600172, 0.0860311314464, 0.0428503528237, 0.0265831276774, 0.00692393118516, 0.009905455634, 0.0565101392567, 0.058216098696, 0.0532541722059, 0.163246765733, 0.148613527417, 0.0432718582451, 0.00996835622936, 0.00503359083086, 0.00716362381354, 0.0130368210375, 0.0159410350025, 0.00357078341767, 0.00507910596207, 0.0100943958387, 0.0329233407974]
    chords_histogram: [71.296295166, 12.0370368958, 0, 0, 0, 0, 0, 0, 0, 0, 0, 0, 0, 0, 0, 8.33333301544, 0, 4.16666650772, 0, 0, 0, 0, 3.70370364189, 0.462962955236]
    thpcp: [1, 0.927896201611, 0.303233236074, 0.0921951532364, 0.047893371433, 0.0516001954675, 0.10707771033, 0.114706873894, 0.0532434247434, 0.0472912043333, 0.0798851102591, 0.189117789268, 0.334116578102, 0.259894579649, 0.12145896256, 0.194247692823, 0.270059287548, 0.197503685951, 0.113653756678, 0.0977819859982, 0.223399713635, 0.542876243591, 0.466183841228, 0.12907397747, 0.106657661498, 0.186138421297, 0.180049419403, 0.238418117166, 0.299269795418, 0.221811845899, 0.138660773635, 0.0610743127763, 0.08089235425, 0.192954480648, 0.213685125113, 0.394836962223]
    chords_key: "F"
    chords_scale: "major"
    key_key: "F"
    key_scale: "major"
    chords_progression: ["F", "F", "F", "F", "F", "F", "F", "F", "F", "F", "F", "F", "F", "F", "F", "F", "F", "F", "F", "F", "F", "F", "F", "F", "F", "F", "F", "F", "F", "F", "F", "F", "F", "F", "F", "F", "F", "F", "F", "F", "F", "F", "F", "F", "F", "F", "F", "F", "Am", "Am", "Am", "Am", "Am", "Am", "Am", "Am", "Am", "Am", "Am", "Am", "Am", "Am", "Am", "Am", "Am", "Am", "Am", "Am", "Am", "Am", "Am", "Am", "Am", "Am", "A#", "A#", "A#", "A#", "Dm", "A#", "A#", "A#", "A#", "A#m", "A#m", "A#m", "A#m", "A#m", "A#m", "A#m", "A#m", "A#m", "A#m", "A#m", "A#m", "A#m", "A#m", "A#m", "A#m", "A#m", "A#m", "F", "F", "F", "F", "F", "F", "F", "F", "F", "F", "F", "F", "F", "F", "F", "F", "F", "F", "F", "F", "F", "F", "F", "F", "F", "F", "F", "F", "F", "F", "F", "F", "F", "F", "F", "F", "F", "F", "F", "F", "F", "Fm", "Fm", "Fm", "Fm", "Fm", "Fm", "Fm", "Fm", "Fm", "F", "F", "F", "F", "F", "F", "F", "F", "F", "F", "F", "F", "F", "F", "F", "F", "F", "F", "F", "F", "F", "F", "F", "F", "F", "F", "F", "F", "F", "F", "F", "F", "F", "F", "F", "F", "F", "F", "F", "F", "F", "F", "F", "F", "F", "F", "F", "F", "F", "F", "F", "F", "F", "F", "F", "F", "F", "F", "F", "F", "F", "F", "F", "F", "F"]
