
metadata:
    version:
        essentia: "1.2.2"
    audio_properties:
        analysis_sample_rate: 44100
        bitrate: 128
        channels: 2
        equal_loudness: 1
        length: 10.0048980713
        replay_gain: -3.79497718811
        downmix: "mix"
    tags:
        track: 22
        year: 0
        album: "Splitted by Mp3Splt v. 2.1"
        artist: "From 003.30 To 003.40"
        comment: "http://mp3splt.sf.net"
        genre: ""
        title: "10 Come on Home.mp3"

highlevel:
    ballroom:
        all:
            ChaChaCha: 0.0162804946303
            Jive: 0.00793029088527
            Quickstep: 0.150070667267
            Rumba-American: 0.019682534039
            Rumba-International: 0.156185805798
            Rumba-Misc: 0.0633459985256
            Samba: 0.0188228730112
            Tango: 0.128162845969
            VienneseWaltz: 0.191336125135
            Waltz: 0.248182356358
        probability: 0.248182356358
        value: "Waltz"
    culture:
        all:
            non_western: 0.915241241455
            western: 0.0847587361932
        probability: 0.915241241455
        value: "non_western"
    gender:
        all:
            female: 0.565410017967
            male: 0.43458995223
        probability: 0.565410017967
        value: "female"
    genre_dortmund:
        all:
            alternative: 0.102522529662
            blues: 0.307175517082
            electronic: 0.0139521695673
            folkcountry: 0.134572342038
            funksoulrnb: 0.0256508421153
            jazz: 0.284847229719
            pop: 0.0542395450175
            raphiphop: 0.0247823130339
            rock: 0.0522575154901
        probability: 0.307175517082
        value: "blues"
    genre_electronica:
        all:
            ambient: 0.7352643013
            dnb: 0.141378715634
            house: 0.0652796253562
            techno: 0.0315927825868
            trance: 0.0264845490456
        probability: 0.7352643013
        value: "ambient"
    genre_rosamerica:
        all:
            cla: 0.0704634189606
            dan: 0.0210135281086
            hip: 0.0260911490768
            jaz: 0.252982288599
            pop: 0.0806751996279
            rhy: 0.486093580723
            roc: 0.0301608517766
            spe: 0.0325199663639
        probability: 0.486093580723
        value: "rhy"
    genre_tzanetakis:
        all:
            blu: 0.0102267647162
            cla: 0.0156440250576
            cou: 0.537313044071
            dis: 0.0277042035013
            hip: 0.00571967987344
            jaz: 0.0522195771337
            met: 0.0018324382836
            pop: 0.094755448401
            reg: 0.148323401809
            roc: 0.106261402369
        probability: 0.537313044071
        value: "cou"
    live_studio:
        all:
            live: 0.0836001336575
            studio: 0.916399896145
        probability: 0.916399896145
        value: "studio"
    mood:
        all:
            Cluster1: 0.0381141677499
            Cluster2: 0.199607729912
            Cluster3: 0.557930350304
            Cluster4: 0.151917845011
            Cluster5: 0.0524299331009
        probability: 0.557930350304
        value: "Cluster3"
    mood_acoustic:
        all:
            acoustic: 0.596252262592
            not_acoustic: 0.40374776721
        probability: 0.596252262592
        value: "acoustic"
    mood_aggressive:
        all:
            aggressive: 0.0328249260783
            not_aggressive: 0.967175066471
        probability: 0.967175066471
        value: "not_aggressive"
    mood_electronic:
        all:
            electronic: 0.14382044971
            not_electronic: 0.856179535389
        probability: 0.856179535389
        value: "not_electronic"
    mood_happy:
        all:
            happy: 0.176634833217
            not_happy: 0.823365151882
        probability: 0.823365151882
        value: "not_happy"
    mood_party:
        all:
            not_party: 0.885171711445
            party: 0.114828303456
        probability: 0.885171711445
        value: "not_party"
    mood_relaxed:
        all:
            not_relaxed: 0.0712069347501
            relaxed: 0.928793072701
        probability: 0.928793072701
        value: "relaxed"
    mood_sad:
        all:
            not_sad: 0.386840581894
            sad: 0.613159418106
        probability: 0.613159418106
        value: "sad"
    rhythm:
        all:
            fast: 0.0292729735374
            medium: 0.265276968479
            slow: 0.705450057983
        probability: 0.705450057983
        value: "slow"
    speech_music:
        all:
            music: 0.705847501755
            speech: 0.294152528048
        probability: 0.705847501755
        value: "music"
    timbre:
        all:
            bright: 0.152085080743
            dark: 0.847914934158
        probability: 0.847914934158
        value: "dark"
    voice_instrumental:
        all:
            instrumental: 0.769120693207
            voice: 0.230879321694
        probability: 0.769120693207
        value: "instrumental"

lowlevel:
    average_loudness: 0.953566372395
    barkbands_kurtosis:
        dmean: 1.60983788967
        dmean2: 2.22362041473
        dvar: 8.82609939575
        dvar2: 18.0627212524
        max: 48.7533988953
        mean: 3.86078691483
        min: -1.83971989155
        var: 54.5811882019
    barkbands_skewness:
        dmean: 0.395780831575
        dmean2: 0.519555747509
        dvar: 0.258845806122
        dvar2: 0.460310399532
        max: 5.20656967163
        mean: 1.16888558865
        min: -6.32098770142
        var: 2.9049680233
    barkbands_spread:
        dmean: 3.52258110046
        dmean2: 5.05058574677
        dvar: 15.6564588547
        dvar2: 35.8162879944
        max: 47.0484046936
        mean: 18.6265087128
        min: 3.58875226974
        var: 99.9566421509
    dissonance:
        dmean: 0.0254246816039
        dmean2: 0.0416109412909
        dvar: 0.000574888428673
        dvar2: 0.00136496999767
        max: 0.497978538275
        mean: 0.411677867174
        min: 0.260435432196
        var: 0.00271822861396
    hfc:
        dmean: 1.62179994583
        dmean2: 2.16813921928
        dvar: 12.8747377396
        dvar2: 23.5149517059
        max: 50.6984786987
        mean: 4.42600822449
        min: 0.0264805033803
        var: 40.8365287781
    pitch:
        dmean: 295.733581543
        dmean2: 552.307434082
        dvar: 742070.9375
        dvar2: 1661565.125
        max: 4900
        mean: 681.069580078
        min: 84.8076934814
        var: 1386443.5
    pitch_instantaneous_confidence:
        dmean: 0.0674482211471
        dmean2: 0.100391171873
        dvar: 0.00533247319981
        dvar2: 0.0113233095035
        max: 0.966481804848
        mean: 0.666776299477
        min: 0.209276378155
        var: 0.0349170677364
    pitch_salience:
        dmean: 0.0480125956237
        dmean2: 0.0741088986397
        dvar: 0.00279550836422
        dvar2: 0.00568931410089
        max: 0.866380691528
        mean: 0.519936561584
        min: 0.146504864097
        var: 0.0283500980586
    silence_rate_20dB:
        dmean: 0
        dmean2: 0
        dvar: 0
        dvar2: 0
        max: 1
        mean: 1
        min: 1
        var: 0
    silence_rate_30dB:
        dmean: 0
        dmean2: 0
        dvar: 0
        dvar2: 0
        max: 1
        mean: 1
        min: 1
        var: 0
    silence_rate_60dB:
        dmean: 0.0790697708726
        dmean2: 0.15850815177
        dvar: 0.0728178992867
        dvar2: 0.14270670712
        max: 1
        mean: 0.545243620872
        min: 0
        var: 0.247952029109
    spectral_centroid:
        dmean: 187.949798584
        dmean2: 249.652786255
        dvar: 117930.75
        dvar2: 191050.984375
        max: 4572.04248047
        mean: 1055.28967285
        min: 336.728118896
        var: 623887.6875
    spectral_complexity:
        dmean: 1.65887844563
        dmean2: 2.39812636375
        dvar: 6.02849388123
        dvar2: 9.27474594116
        max: 33
        mean: 8.01631736755
        min: 0
        var: 28.0626773834
    spectral_crest:
        dmean: 1.62085819244
        dmean2: 2.41852450371
        dvar: 3.27248215675
        dvar2: 6.51905679703
        max: 25.2043914795
        mean: 12.3725194931
        min: 3.032589674
        var: 41.4962615967
    spectral_decrease:
        dmean: 1.79445014403e-10
        dmean2: 2.43438047498e-10
        dvar: 9.82717903447e-20
        dvar2: 1.85421400646e-19
        max: -2.02001627231e-11
        mean: -9.04651353828e-10
        min: -5.04709340987e-09
        var: 5.03030192286e-19
    spectral_energy:
        dmean: 0.000811037200037
        dmean2: 0.00109884922858
        dvar: 2.03806985155e-06
        dvar2: 3.87606860386e-06
        max: 0.0226961579174
        mean: 0.00381581461988
        min: 7.86417804193e-05
        var: 9.39711026149e-06
    spectral_energyband_high:
        dmean: 0.000128005805891
        dmean2: 0.000183658397873
        dvar: 3.29884670691e-07
        dvar2: 6.07364199823e-07
        max: 0.00910449586809
        mean: 0.000194717460545
        min: 2.28563497018e-08
        var: 7.37204004508e-07
    spectral_energyband_low:
        dmean: 2.86313279503e-05
        dmean2: 4.5204647904e-05
        dvar: 3.28129901028e-09
        dvar2: 5.58133672612e-09
        max: 0.00101114413701
        mean: 0.000162383425049
        min: 1.42140481785e-06
        var: 2.86623969004e-08
    spectral_energyband_middle_high:
        dmean: 0.000360657460988
        dmean2: 0.000473814783618
        dvar: 5.16348336532e-07
        dvar2: 9.55021846494e-07
        max: 0.0117471730337
        mean: 0.000968818611
        min: 2.65055041382e-06
        var: 1.76743901648e-06
    spectral_energyband_middle_low:
        dmean: 0.000460417330032
        dmean2: 0.000640953192487
        dvar: 6.70865119901e-07
        dvar2: 1.27104351577e-06
        max: 0.0102351056412
        mean: 0.00248989439569
        min: 3.46424130839e-05
        var: 4.90817365062e-06
    spectral_flatness_db:
        dmean: 0.0154956299812
        dmean2: 0.023759663105
        dvar: 0.000251058401773
        dvar2: 0.000481979659526
        max: 0.394198268652
        mean: 0.236824929714
        min: 0.109342515469
        var: 0.00350234261714
    spectral_flux:
        dmean: 0.00624945387244
        dmean2: 0.0100914733484
        dvar: 5.71475866309e-05
        dvar2: 0.000121646298794
        max: 0.0957442447543
        mean: 0.0219601690769
        min: 0.00252689118497
        var: 0.000282462802716
    spectral_kurtosis:
        dmean: 4.80430936813
        dmean2: 8.3991689682
        dvar: 29.6890659332
        dvar2: 83.0888442993
        max: 55.8211517334
        mean: 11.2048368454
        min: 0.188411712646
        var: 72.5591430664
    spectral_rms:
        dmean: 0.000199940885068
        dmean2: 0.000259140244452
        dvar: 8.01521977678e-08
        dvar2: 1.28968522972e-07
        max: 0.00470559159294
        mean: 0.00178113067523
        min: 0.000276990409475
        var: 5.50318645764e-07
    spectral_rolloff:
        dmean: 350.165985107
        dmean2: 572.520629883
        dvar: 390148.9375
        dvar2: 829395.1875
        max: 5124.90234375
        mean: 1747.95336914
        min: 344.53125
        var: 1827101.875
    spectral_skewness:
        dmean: 0.434728503227
        dmean2: 0.733470320702
        dvar: 0.187555029988
        dvar2: 0.464266449213
        max: 5.98759460449
        mean: 2.14850640297
        min: 0.31847935915
        var: 0.770796954632
    spectral_spread:
        dmean: 342743.6875
        dmean2: 525862.125
        dvar: 299864784896
        dvar2: 462348124160
        max: 10771312
        mean: 2938415.75
        min: 1241644.125
        var: 1.10158938112e+12
    spectral_strongpeak:
        dmean: 0.372205853462
        dmean2: 0.637401580811
        dvar: 0.681160449982
        dvar2: 1.757396698
        max: 6.05534219742
        mean: 0.809891343117
        min: 0.022463357076
        var: 0.726265490055
    zerocrossingrate:
        dmean: 0.00839775335044
        dmean2: 0.0085226232186
        dvar: 0.000132210945594
        dvar2: 0.000110328081064
        max: 0.21044921875
        mean: 0.0596886835992
        min: 0.0146484375
        var: 0.00135483697522
    barkbands:
        dmean: [6.80443292822e-08, 1.58362909133e-05, 1.80693405127e-05, 4.03384838137e-05, 5.15024221386e-05, 0.000255291670328, 9.92215645965e-05, 0.000163178832736, 7.56007211749e-05, 3.35491968144e-05, 1.80348361027e-05, 1.70871862792e-05, 3.46004781022e-05, 1.91786839423e-05, 2.31948124565e-05, 2.56721687037e-05, 8.19737979327e-05, 4.13045490859e-05, 0.000160735333338, 0.000120072807476, 6.9793080911e-05, 1.01268169601e-05, 1.86663191926e-06, 6.08446498518e-07, 4.0256338707e-07, 4.05913613832e-09, 2.32745642204e-10]
        dmean2: [1.08725785708e-07, 2.79951691482e-05, 2.58077634498e-05, 6.13566589891e-05, 7.65367294662e-05, 0.00034792473889, 0.000150917723658, 0.000232801990933, 9.98541290755e-05, 4.60110532003e-05, 2.05402466236e-05, 2.40070548898e-05, 4.91215614602e-05, 2.84364305116e-05, 3.53960276698e-05, 3.55605661753e-05, 0.000123460267787, 6.35440810584e-05, 0.000222674527322, 0.000182439092896, 0.000106806044641, 1.45490794239e-05, 2.38642951444e-06, 8.97942982192e-07, 6.19634249688e-07, 5.9065965452e-09, 3.7870190317e-10]
        dvar: [9.68729558918e-15, 3.56266238732e-10, 2.82246648275e-09, 9.42988798158e-09, 1.09491526956e-08, 2.39090354626e-07, 1.25565989606e-07, 1.18749944988e-07, 1.60087658685e-08, 3.00232283479e-09, 2.12791584353e-09, 2.84176882026e-09, 1.05695994179e-08, 3.97651689354e-09, 3.36967631576e-09, 3.29640048591e-09, 4.57440449964e-08, 1.10457314406e-08, 1.50631137785e-07, 1.31732861064e-07, 1.61745091987e-07, 2.82650147732e-09, 6.47421491418e-11, 1.57889482738e-11, 9.48738483608e-12, 5.41700757296e-16, 1.68151622045e-18]
        dvar2: [2.15969566043e-14, 1.18218690393e-09, 4.75276173972e-09, 1.97627425536e-08, 2.21886100604e-08, 4.34209226796e-07, 2.15456935848e-07, 2.79444890339e-07, 2.61444519367e-08, 6.64931532057e-09, 3.32347815934e-09, 6.01702110359e-09, 2.53095642222e-08, 7.64501795203e-09, 6.41762287756e-09, 5.91981841325e-09, 1.04649679145e-07, 2.78009864019e-08, 2.76068305993e-07, 2.89663717012e-07, 3.33931126306e-07, 4.70004923869e-09, 1.09807621329e-10, 3.86374092443e-11, 2.52909863191e-11, 1.25407833583e-15, 1.86582767396e-18]
        max: [1.00573697637e-06, 0.000238764376263, 0.00093444850063, 0.00147534906864, 0.0012774867937, 0.00856495834887, 0.00698257796466, 0.00555556500331, 0.0016617536312, 0.000645181105938, 0.000980518758297, 0.000781456357799, 0.00134851469193, 0.00079789099982, 0.00109006254934, 0.000871094234753, 0.00236597959884, 0.0015812558122, 0.00595194939524, 0.00485217617825, 0.00728991674259, 0.000861823209561, 0.000128782761749, 6.25985994702e-05, 4.82971699967e-05, 3.52330118858e-07, 2.63645958398e-08]
        mean: [1.61825070677e-07, 7.08131046849e-05, 9.14118427318e-05, 0.00010027190001, 0.000186768447747, 0.00141007860657, 0.000209858058952, 0.000391721492633, 0.000176952715265, 6.7596003646e-05, 4.51477790193e-05, 3.49022739101e-05, 7.85446536611e-05, 3.25697947119e-05, 4.94081286888e-05, 5.3120420489e-05, 0.000134962217999, 7.819361781e-05, 0.000308470567688, 0.000165766687132, 0.000108711516077, 1.63955046446e-05, 2.8058366297e-06, 7.32498790512e-07, 4.46049142511e-07, 5.11396747171e-09, 1.95335234099e-10]
        min: [5.34395527829e-10, 5.98358269599e-07, 1.09308196272e-07, 9.93257387449e-09, 3.00937415432e-07, 1.19882986382e-06, 2.13431164298e-07, 1.56373616278e-07, 2.67928976427e-06, 3.73760400407e-08, 2.89028946554e-07, 8.1202109925e-08, 1.02493793008e-07, 6.17430817584e-09, 1.10485892435e-07, 3.47154198721e-08, 8.73697061365e-08, 5.18468254995e-08, 2.3088515988e-08, 2.02565662022e-08, 7.19657178294e-09, 4.39932845708e-09, 9.91648096971e-10, 5.11227005173e-10, 3.35217464897e-10, 1.30960945213e-11, 4.28872025783e-14]
        var: [3.58537018705e-14, 2.75696065977e-09, 2.02875298783e-08, 3.04936840223e-08, 5.90254778388e-08, 3.632071639e-06, 4.2629594077e-07, 4.89074182042e-07, 6.71508928463e-08, 9.6597361221e-09, 8.92155860299e-09, 7.42766603778e-09, 2.63646597887e-08, 6.94883262042e-09, 6.72150868297e-09, 9.62775015267e-09, 6.46953708383e-08, 1.79297128255e-08, 5.47461468159e-07, 2.12916063447e-07, 3.49101895836e-07, 7.21597182007e-09, 1.22622953458e-10, 1.52267191911e-11, 7.16432295433e-12, 6.10600852445e-16, 1.66896933812e-18]
    mfcc:
        mean: [-803.764282227, 172.066955566, -54.8656806946, 55.8312950134, -12.8497838974, -17.3033657074, -9.40848922729, -4.35684728622, -4.73285961151, 2.2120308876, 0.696901202202, -1.67735242844, 5.81809711456]
        cov: [[4549.96337891, -2019.27514648, 102.24079895, 80.3229217529, -441.545349121, -32.7032241821, 424.769134521, -133.804244995, -360.881561279, 431.401428223, 118.029426575, -109.02746582, 73.7732696533], [-2019.27514648, 2653.84082031, -330.133331299, -269.244293213, 714.022827148, -200.309738159, -237.383056641, 323.979766846, 71.6761016846, -92.7260437012, -240.366638184, -262.075866699, 54.9009284973], [102.24079895, -330.133331299, 584.366516113, -56.1559638977, -304.000854492, 0.968260884285, 93.432723999, -47.8021202087, -83.5593948364, -5.49976062775, 52.8545150757, 13.9611339569, 70.4718017578], [80.3229217529, -269.244293213, -56.1559638977, 381.707550049, 50.4215774536, -74.2581481934, -34.4407730103, -86.6151504517, 41.0559616089, -83.2330551147, -11.2940740585, 4.68293142319, -49.6177062988], [-441.545349121, 714.022827148, -304.000854492, 50.4215774536, 668.841369629, -152.587646484, -79.8449783325, 170.887176514, 155.000930786, 125.520401001, -120.953300476, -190.118118286, -0.977922022343], [-32.7032241821, -200.309738159, 0.968260884285, -74.2581481934, -152.587646484, 279.276855469, -64.8800811768, -67.0466079712, 27.9788017273, -71.1532592773, 41.8627548218, 113.057327271, -55.2072219849], [424.769134521, -237.383056641, 93.432723999, -34.4407730103, -79.8449783325, -64.8800811768, 252.113250732, 9.37646961212, -39.5228309631, 133.059448242, 3.78855204582, -20.8813781738, 54.0688514709], [-133.804244995, 323.979766846, -47.8021202087, -86.6151504517, 170.887176514, -67.0466079712, 9.37646961212, 168.7762146, 38.9761619568, 87.4147186279, -39.607624054, -87.9510726929, 36.4454460144], [-360.881561279, 71.6761016846, -83.5593948364, 41.0559616089, 155.000930786, 27.9788017273, -39.5228309631, 38.9761619568, 265.699157715, 41.3094749451, -50.3110389709, 12.255194664, -46.4781608582], [431.401428223, -92.7260437012, -5.49976062775, -83.2330551147, 125.520401001, -71.1532592773, 133.059448242, 87.4147186279, 41.3094749451, 335.370422363, 3.03631210327, -107.583351135, 45.4566345215], [118.029426575, -240.366638184, 52.8545150757, -11.2940740585, -120.953300476, 41.8627548218, 3.78855204582, -39.607624054, -50.3110389709, 3.03631210327, 117.835021973, 72.5609207153, -10.8134775162], [-109.02746582, -262.075866699, 13.9611339569, 4.68293142319, -190.118118286, 113.057327271, -20.8813781738, -87.9510726929, 12.255194664, -107.583351135, 72.5609207153, 183.919082642, -43.5363883972], [73.7732696533, 54.9009284973, 70.4718017578, -49.6177062988, -0.977922022343, -55.2072219849, 54.0688514709, 36.4454460144, -46.4781608582, 45.4566345215, -10.8134775162, -43.5363883972, 103.681549072]]
        icov: [[0.000564381596632, 0.000482969160657, 0.000335135409841, 5.79179431952e-05, 0.000158825219842, -5.80657106184e-05, -0.000204495314392, -2.61875702563e-05, 0.000723195204046, -0.000414072361309, 0.000311275507556, 0.000768024940044, 8.97311620065e-05], [0.000482969160657, 0.00137853005435, 0.000385514606023, 0.00107107614167, -0.000588295399211, 0.000488930614665, 0.000303057808196, -0.000582095759455, 0.000717807561159, 0.000594303710386, 0.000974372553173, 0.000968157080933, 4.76779896417e-05], [0.000335135409841, 0.000385514606023, 0.00299265771173, 0.000426832033554, 0.00159881089348, 0.000308799819322, -0.000455738772871, 0.000355803145794, -0.00049883016618, 0.000442749878857, -0.00105311220977, 0.00244869687594, -0.00147966877557], [5.79179431952e-05, 0.00107107614167, 0.000426832033554, 0.00548507878557, -0.00109245441854, 0.00259106676094, 0.000197082059458, 0.00276582804509, -0.00122488674242, 0.0023329644464, -0.000267889699899, 0.00184665049892, 0.00119636952877], [0.000158825219842, -0.000588295399211, 0.00159881089348, -0.00109245441854, 0.00499605480582, 0.000635553908069, 0.000890554161742, -0.00121693813708, -0.00159110955428, -0.00126161170192, -0.000131862514536, 0.00286777480505, -3.18116435665e-05], [-5.80657106184e-05, 0.000488930614665, 0.000308799819322, 0.00259106676094, 0.000635553908069, 0.00683594960719, 0.0018099717563, 0.0013764933683, -0.0011482500704, 0.000399953773012, 0.000405145139666, -0.0015477121342, 0.00173297466245], [-0.000204495314392, 0.000303057808196, -0.000455738772871, 0.000197082059458, 0.000890554161742, 0.0018099717563, 0.00739220157266, -0.000228155680816, 0.000772439641878, -0.00314939604141, 0.0027954231482, -0.00245583220385, -0.00142611551564], [-2.61875702563e-05, -0.000582095759455, 0.000355803145794, 0.00276582804509, -0.00121693813708, 0.0013764933683, -0.000228155680816, 0.0127050606534, -0.0022415490821, -0.000365595158655, -0.00154456694145, 0.00309266103432, -0.00192393816542], [0.000723195204046, 0.000717807561159, -0.00049883016618, -0.00122488674242, -0.00159110955428, -0.0011482500704, 0.000772439641878, -0.0022415490821, 0.0082096029073, -0.00319791538641, 0.00533070554957, -0.00434822589159, 0.00242925994098], [-0.000414072361309, 0.000594303710386, 0.000442749878857, 0.0023329644464, -0.00126161170192, 0.000399953773012, -0.00314939604141, -0.000365595158655, -0.00319791538641, 0.00836273282766, -0.00466009695083, 0.00522115221247, -0.000626215303782], [0.000311275507556, 0.000974372553173, -0.00105311220977, -0.000267889699899, -0.000131862514536, 0.000405145139666, 0.0027954231482, -0.00154456694145, 0.00533070554957, -0.00466009695083, 0.0176935698837, -0.00879823975265, 0.00173347257078], [0.000768024940044, 0.000968157080933, 0.00244869687594, 0.00184665049892, 0.00286777480505, -0.0015477121342, -0.00245583220385, 0.00309266103432, -0.00434822589159, 0.00522115221247, -0.00879823975265, 0.0190663784742, 0.000406903418479], [8.97311620065e-05, 4.76779896417e-05, -0.00147966877557, 0.00119636952877, -3.18116435665e-05, 0.00173297466245, -0.00142611551564, -0.00192393816542, 0.00242925994098, -0.000626215303782, 0.00173347257078, 0.000406903418479, 0.015191716142]]
    spectral_contrast:
        mean: [1.12774699801e-07, 2.51617734648e-07, 1.7289167431e-07, 3.73736867232e-07, -1.85048804724e-07, 1.65962120491e-07, 1.97376130018e-06, 2.10130679079e-06, -1.21863013192e-06, -4.12730923927e-06, 3.26672352458e-06, 3.3630078633e-07]
        var: [0.000928514695261, 0.00120241951663, 0.00156113831326, 0.00223949528299, 0.00253275898285, 0.0120466547087, 0.0757229924202, 0.109804809093, 0.252524346113, 0.340393006802, 1.28653264046, 3.53607153893]

rhythm:
    beats_loudness:
        dmean: 0.00245520821773
        dmean2: 0.00442002015188
        dvar: 6.49781804896e-06
        dvar2: 1.34240572152e-05
        max: 0.0101316738874
        mean: 0.00393467908725
        min: 0.000518082641065
        var: 8.68345341587e-06
    beats_loudness_bass:
        dmean: 0.0548335202038
        dmean2: 0.0818549618125
        dvar: 0.00629586912692
        dvar2: 0.0121114710346
        max: 0.346598893404
        mean: 0.0695245265961
        min: 0.0017018832732
        var: 0.00870591215789
    bpm: 130.095489502
    bpm_confidence: 0
    first_peak_bpm: 130
    first_peak_spread: 0
    first_peak_weight: 0.533333361149
    onset_rate: 3.99804162979
    second_peak_bpm: 70
    second_peak_spread: 0
    second_peak_weight: 0.40000000596
    beats_position: [0.143007844687, 1.00015699863, 1.85730612278, 2.71445536613, 3.57160449028, 4.42875385284, 5.28590297699, 5.94969749451, 6.41092395782, 6.87215137482, 7.33337783813, 7.79460430145, 8.25583076477, 8.71705722809, 9.17828464508, 9.63951206207]
    bpm_estimates: [128.401321411, 130.707733154, 130.876556396, 130.396347046]
    bpm_intervals: [0.857149124146, 0.857149124146, 0.857149243355, 0.857149124146, 0.857149362564, 0.857149124146, 0.663794517517, 0.461226463318, 0.461227416992, 0.461226463318, 0.461226463318, 0.461226463318, 0.461226463318, 0.461227416992, 0.461227416992]
    onset_times: [0.0696598663926, 0.441179126501, 0.696598649025, 0.870748281479, 1.03328800201, 1.2190476656, 1.50929701328, 1.90403628349, 2.04335594177, 2.27555561066, 2.48453521729, 2.62385487556, 2.80961441994, 3.04181408882, 3.11147403717, 3.59909296036, 3.63392281532, 3.86612248421, 3.92417240143, 4.17959165573, 4.48145103455, 5.00390005112, 5.22448968887, 5.87464857101, 6.31582784653, 6.87310647964, 7.05886602402, 7.26784563065, 7.36072540283, 7.4884352684, 7.56970500946, 7.66258525848, 7.80190467834, 7.9644446373, 8.03410434723, 8.25469398499, 8.33596324921, 8.4172334671, 8.8119726181, 9.33442211151]
    rubato_start: [6.41092395782]
    rubato_stop: [9.63951206207]
    perceptual_tempo: "unknown"

sfx:
    inharmonicity:
        dmean: 0.0287570022047
        dmean2: 0.0496549271047
        dvar: 0.00183582876343
        dvar2: 0.00471899611875
        max: 0.346942991018
        mean: 0.0329632200301
        min: 0
        var: 0.00222915248014
    oddtoevenharmonicenergyratio:
        dmean: 3.7082490921
        dmean2: 6.95390605927
        dvar: 117.401924133
        dvar2: 328.868865967
        max: 72.2399597168
        mean: 3.42347979546
        min: 0
        var: 97.1887054443
    pitch_after_max_to_before_max_energy_ratio: 20.7934150696
    pitch_centroid: 196.337783813
    pitch_max_to_total: 0.0442890450358
    pitch_min_to_total: 0.0955710932612
    tristimulus:
        dmean: [0.133743718266, 0.171633347869, 0.0729697048664]
        dmean2: [0.228339537978, 0.295985430479, 0.12704141438]
        dvar: [0.0333651639521, 0.0387204885483, 0.0127810752019]
        dvar2: [0.0845420062542, 0.101508818567, 0.0309773944318]
        max: [1, 0.986607670784, 0.948840618134]
        mean: [0.397520244122, 0.491653650999, 0.0812985002995]
        min: [0.00513416482136, 0, 0]
        var: [0.0646127387881, 0.0613521970809, 0.0145471030846]

tonal:
    chords_changes_rate: 0.0462962947786
    chords_number_rate: 0.0185185186565
    chords_strength:
        dmean: 0.00903623737395
        dmean2: 0.00642499700189
        dvar: 6.50286747259e-05
        dvar2: 4.53101347375e-05
        max: 0.673999845982
        mean: 0.547094881535
        min: 0.350222289562
        var: 0.00499655306339
    key_strength: 0.720148801804
    tuning_diatonic_strength: 0.628717899323
    tuning_equal_tempered_deviation: 0.0967247262597
    tuning_frequency: 444.341888428
    tuning_nontempered_energy_ratio: 0.716811239719
    hpcp:
        dmean: [0.0808714106679, 0.0729572549462, 0.0612414292991, 0.0474282987416, 0.0477602146566, 0.0447516255081, 0.0572272315621, 0.0786584988236, 0.149031445384, 0.146196514368, 0.105060942471, 0.0638048052788, 0.0566090457141, 0.0510737858713, 0.0575214773417, 0.0815425217152, 0.0791079699993, 0.0611204914749, 0.0499491579831, 0.0801387950778, 0.116548590362, 0.0991623029113, 0.105628728867, 0.102345392108, 0.102139912546, 0.0765621215105, 0.0550238676369, 0.0440893881023, 0.0599255636334, 0.0948656275868, 0.105192266405, 0.0843732357025, 0.0582228377461, 0.056023709476, 0.0562621131539, 0.0610094331205]
        dmean2: [0.13356795907, 0.117493703961, 0.095007173717, 0.0762732550502, 0.0752845779061, 0.0684695392847, 0.0893961638212, 0.124344684184, 0.227219685912, 0.237423032522, 0.155877426267, 0.0996001586318, 0.0867155790329, 0.0760238319635, 0.0869064703584, 0.13423627615, 0.128118157387, 0.0935183390975, 0.073678612709, 0.117864646018, 0.190073996782, 0.163713291287, 0.170199409127, 0.163903310895, 0.160234779119, 0.112049996853, 0.0876320898533, 0.0737589746714, 0.0973302423954, 0.162608534098, 0.170793771744, 0.145106554031, 0.096063323319, 0.0938109979033, 0.0917126387358, 0.103836588562]
        dvar: [0.0197083577514, 0.0189240761101, 0.0184138417244, 0.0122619085014, 0.0144541310146, 0.0071611343883, 0.0156535729766, 0.0150235174224, 0.0367294624448, 0.0449221730232, 0.0205395836383, 0.0195301808417, 0.0156813878566, 0.0155762117356, 0.0121421059594, 0.0243772268295, 0.0227303653955, 0.0220469404012, 0.0184601247311, 0.0122126955539, 0.025468043983, 0.0213485658169, 0.0166732426733, 0.0285908319056, 0.0405470058322, 0.0171243771911, 0.0119705731049, 0.013143084012, 0.0233992338181, 0.0329815521836, 0.0384898371994, 0.0323130041361, 0.0170410033315, 0.0163389276713, 0.016864169389, 0.0118620507419]
        dvar2: [0.0545190535486, 0.0496310293674, 0.044910017401, 0.024760324508, 0.0352416597307, 0.014908564277, 0.0313245244324, 0.0334061421454, 0.0891342908144, 0.0909626036882, 0.0486771650612, 0.0435895621777, 0.0306446030736, 0.0258169136941, 0.0240722354501, 0.0617066398263, 0.0555894896388, 0.0459054671228, 0.0328311435878, 0.0216776970774, 0.0579756163061, 0.05310042575, 0.0424207262695, 0.0655755624175, 0.0714138746262, 0.0334920920432, 0.0246819127351, 0.0262892264873, 0.0443529672921, 0.0789337977767, 0.0909655839205, 0.0774417445064, 0.0393186509609, 0.033810313791, 0.0447366721928, 0.0310374144465]
        max: [1, 1, 1, 1, 1, 0.706428706646, 1, 1, 1, 1, 0.991193234921, 1, 0.978408277035, 1, 1, 1, 1, 1, 1, 1, 1, 1, 1, 1, 1, 1, 0.762806594372, 1, 1, 1, 1, 0.987519085407, 1, 1, 1, 0.910799384117]
        mean: [0.124988555908, 0.10832233727, 0.0828134119511, 0.0678614899516, 0.0570499189198, 0.0655895993114, 0.0771240144968, 0.102671384811, 0.275901854038, 0.356680095196, 0.191373288631, 0.0809167549014, 0.0728954970837, 0.078460521996, 0.107022948563, 0.148414105177, 0.124494604766, 0.087631739676, 0.0724563002586, 0.107210129499, 0.326144099236, 0.370606541634, 0.176208153367, 0.189751848578, 0.267971158028, 0.168783217669, 0.06705006212, 0.0669925808907, 0.0937224403024, 0.167993456125, 0.191169038415, 0.120568186045, 0.0904587283731, 0.0895773395896, 0.0735168159008, 0.0943296328187]
        min: [9.65350409388e-05, 0.000107775311335, 3.67602369806e-05, 2.03194013011e-05, 1.47940818351e-05, 1.14539552669e-05, 7.24588289813e-06, 8.50511514727e-06, 8.07266114862e-05, 0.000267022463959, 0.000205444986932, 0, 8.29072232591e-05, 0.000316237128573, 0.000392192741856, 0.0002624525805, 0.000182977149962, 9.114950808e-05, 5.75289668632e-05, 3.52804490831e-05, 2.91392898362e-05, 4.23930978286e-05, 3.08325070364e-05, 0.000281639426248, 5.09434830747e-05, 3.58240649803e-05, 1.96208929992e-05, 1.19712140076e-05, 1.1653587535e-05, 1.86328943528e-05, 3.90361274185e-05, 4.00352546421e-05, 2.31975936913e-05, 1.67787020473e-05, 1.95735137822e-05, 3.29871982103e-05]
        var: [0.0363091416657, 0.0304375160486, 0.0271862484515, 0.0235886201262, 0.0206096153706, 0.0156689751893, 0.0287181809545, 0.030400486663, 0.0782251432538, 0.125065758824, 0.0507041439414, 0.0309166032821, 0.0238593108952, 0.0335911363363, 0.0315447375178, 0.0695044323802, 0.0421544015408, 0.0427156239748, 0.0333318300545, 0.0292773023248, 0.131763771176, 0.158465325832, 0.0350959561765, 0.0678744614124, 0.13084872067, 0.0651476234198, 0.0159319099039, 0.0258808825165, 0.050453376025, 0.0659615918994, 0.0806260630488, 0.0416594184935, 0.0407745838165, 0.0345305986702, 0.0233895201236, 0.0235158726573]
    chords_histogram: [23.6111106873, 21.7592601776, 31.4814815521, 0, 0, 0, 0, 0, 0, 0, 0, 0, 0, 0, 0, 0, 0, 23.148147583, 0, 0, 0, 0, 0, 0]
    thpcp: [1, 0.475458830595, 0.512003481388, 0.723061084747, 0.455424278975, 0.180919796228, 0.180764704943, 0.252889335155, 0.453293293715, 0.515827476978, 0.325326651335, 0.244082927704, 0.241704687476, 0.198368906975, 0.254527717829, 0.337254047394, 0.292283922434, 0.223453730345, 0.183109253645, 0.153936624527, 0.176979064941, 0.20810213685, 0.277036070824, 0.74446028471, 0.962422549725, 0.516378581524, 0.21833601594, 0.196692422032, 0.211708411574, 0.288777828217, 0.400462716818, 0.335921227932, 0.236454918981, 0.195507347584, 0.289282888174, 0.880027890205]
    chords_key: "C"
    chords_scale: "major"
    key_key: "F"
    key_scale: "major"
    chords_progression: ["F", "F", "F", "F", "F", "F", "F", "F", "F", "F", "F", "F", "F", "F", "F", "Fm", "Fm", "Fm", "Fm", "Fm", "Fm", "Fm", "Fm", "Fm", "Fm", "Fm", "Fm", "Fm", "Fm", "Fm", "Fm", "Fm", "Fm", "Fm", "Fm", "Fm", "Fm", "Fm", "Fm", "Fm", "C", "C", "C", "C", "C", "C", "C", "C", "C", "C", "C", "C", "C", "C", "C", "C", "C", "C", "C", "C", "C", "C", "C", "C", "C", "C", "C", "C", "C", "C", "C", "C", "C", "C", "C", "C", "C", "C", "C", "C", "C", "C", "C", "C", "C", "C", "C", "C", "C", "C", "C", "C", "C", "C", "C", "C", "C", "C", "C", "C", "C", "C", "C", "C", "F", "F", "F", "F", "F", "F", "F", "F", "F", "F", "F", "F", "F", "F", "F", "F", "F", "F", "F", "F", "F", "F", "F", "F", "F", "F", "F", "F", "F", "F", "F", "Fm", "Fm", "Fm", "Fm", "Fm", "Fm", "Fm", "Fm", "Fm", "Fm", "Fm", "Fm", "Fm", "Fm", "Fm", "Fm", "Fm", "Fm", "Fm", "Fm", "F", "F", "F", "F", "F", "Fm", "Fm", "Fm", "Fm", "Fm", "C", "C", "C", "Am", "Am", "Am", "Am", "C", "Am", "Am", "Am", "Am", "Am", "Am", "Am", "Am", "Am", "Am", "Am", "Am", "Am", "Am", "Am", "Am", "Am", "Am", "Am", "Am", "Am", "Am", "Am", "Am", "Am", "Am", "Am", "Am", "Am", "Am", "Am", "Am", "Am", "Am", "Am", "Am", "Am", "Am", "Am", "Am", "Am", "Am", "Am"]
