
metadata:
    version:
        essentia: "1.2.2"
    audio_properties:
        analysis_sample_rate: 44100
        bitrate: 128
        channels: 2
        equal_loudness: 1
        length: 10.0310201645
        replay_gain: -14.1863059998
        downmix: "mix"
    tags:
        track: 16
        year: 0
        album: "Splitted by Mp3Splt v. 2.1"
        artist: "From 002.30 To 002.40"
        comment: "http://mp3splt.sf.net"
        genre: ""
        title: "04 Empty Handed.mp3"

highlevel:
    ballroom:
        all:
            ChaChaCha: 0.0768040791154
            Jive: 0.769985318184
            Quickstep: 0.0180173013359
            Rumba-American: 0.000998589792289
            Rumba-International: 0.00445846840739
            Rumba-Misc: 0.00325289764442
            Samba: 0.108497880399
            Tango: 0.00114119099453
            VienneseWaltz: 0.0148984845728
            Waltz: 0.0019458134193
        probability: 0.769985318184
        value: "Jive"
    culture:
        all:
            non_western: 0.0723212584853
            western: 0.927678763866
        probability: 0.927678763866
        value: "western"
    gender:
        all:
            female: 0.80582010746
            male: 0.194179862738
        probability: 0.80582010746
        value: "female"
    genre_dortmund:
        all:
            alternative: 0.125322178006
            blues: 0.0113188037649
            electronic: 0.0229349453002
            folkcountry: 0.0435621552169
            funksoulrnb: 0.00929818302393
            jazz: 0.0814206376672
            pop: 0.094971716404
            raphiphop: 0.00109615956899
            rock: 0.610075235367
        probability: 0.610075235367
        value: "rock"
    genre_electronica:
        all:
            ambient: 0.109084323049
            dnb: 0.137730538845
            house: 0.00403366936371
            techno: 0.00612813420594
            trance: 0.743023335934
        probability: 0.743023335934
        value: "trance"
    genre_rosamerica:
        all:
            cla: 0.00438185501844
            dan: 0.0462828651071
            hip: 0.00250213476829
            jaz: 0.00588045222685
            pop: 0.0418685413897
            rhy: 0.00192132790107
            roc: 0.896632373333
            spe: 0.000530479883309
        probability: 0.896632373333
        value: "roc"
    genre_tzanetakis:
        all:
            blu: 0.00933276675642
            cla: 0.0216219443828
            cou: 0.056699603796
            dis: 0.0288736186922
            hip: 0.00963831041008
            jaz: 0.568292796612
            met: 0.0744161009789
            pop: 0.0424065776169
            reg: 0.00683637568727
            roc: 0.181881904602
        probability: 0.568292796612
        value: "jaz"
    live_studio:
        all:
            live: 0.27091267705
            studio: 0.729087293148
        probability: 0.729087293148
        value: "studio"
    mood:
        all:
            Cluster1: 0.635819137096
            Cluster2: 0.0963820964098
            Cluster3: 0.0413169115782
            Cluster4: 0.0510287843645
            Cluster5: 0.175453066826
        probability: 0.635819137096
        value: "Cluster1"
    mood_acoustic:
        all:
            acoustic: 0.00877029914409
            not_acoustic: 0.991229712963
        probability: 0.991229712963
        value: "not_acoustic"
    mood_aggressive:
        all:
            aggressive: 0.75378549099
            not_aggressive: 0.246214523911
        probability: 0.75378549099
        value: "aggressive"
    mood_electronic:
        all:
            electronic: 0.28781825304
            not_electronic: 0.71218174696
        probability: 0.71218174696
        value: "not_electronic"
    mood_happy:
        all:
            happy: 0.617045521736
            not_happy: 0.382954448462
        probability: 0.617045521736
        value: "happy"
    mood_party:
        all:
            not_party: 0.678534984589
            party: 0.321465015411
        probability: 0.678534984589
        value: "not_party"
    mood_relaxed:
        all:
            not_relaxed: 0.75690805912
            relaxed: 0.24309194088
        probability: 0.75690805912
        value: "not_relaxed"
    mood_sad:
        all:
            not_sad: 0.635501563549
            sad: 0.364498466253
        probability: 0.635501563549
        value: "not_sad"
    rhythm:
        all:
            fast: 0.834510087967
            medium: 0.129064798355
            slow: 0.0364251434803
        probability: 0.834510087967
        value: "fast"
    speech_music:
        all:
            music: 0.999865651131
            speech: 0.000134322821395
        probability: 0.999865651131
        value: "music"
    timbre:
        all:
            bright: 0.891994774342
            dark: 0.108005218208
        probability: 0.891994774342
        value: "bright"
    voice_instrumental:
        all:
            instrumental: 0.108966112137
            voice: 0.891033887863
        probability: 0.891033887863
        value: "voice"

lowlevel:
    average_loudness: 0.98132699728
    barkbands_kurtosis:
        dmean: 0.493378400803
        dmean2: 0.876301467419
        dvar: 0.698280513287
        dvar2: 2.01616215706
        max: 5.65671253204
        mean: -1.03407335281
        min: -1.77900147438
        var: 0.617944777012
    barkbands_skewness:
        dmean: 0.351534575224
        dmean2: 0.585503995419
        dvar: 0.136225223541
        dvar2: 0.366829454899
        max: 2.63137149811
        mean: 0.363455712795
        min: -1.42930114269
        var: 0.276468038559
    barkbands_spread:
        dmean: 4.78268146515
        dmean2: 8.01484489441
        dvar: 22.3803939819
        dvar2: 60.8036880493
        max: 57.2489852905
        mean: 36.5699043274
        min: 15.6389884949
        var: 51.7393302917
    dissonance:
        dmean: 0.0160162821412
        dmean2: 0.0263775233179
        dvar: 0.000222450355068
        dvar2: 0.000540808890946
        max: 0.498463839293
        mean: 0.467357397079
        min: 0.328610181808
        var: 0.000413470464991
    hfc:
        dmean: 1.80641877651
        dmean2: 2.89125657082
        dvar: 5.32835102081
        dvar2: 13.7955255508
        max: 19.9521465302
        mean: 7.69145441055
        min: 0.0847641006112
        var: 10.1787223816
    pitch:
        dmean: 588.491394043
        dmean2: 1142.71435547
        dvar: 1346142.25
        dvar2: 3525054.25
        max: 4009.09082031
        mean: 780.546020508
        min: 88.1999969482
        var: 1385358.5
    pitch_instantaneous_confidence:
        dmean: 0.076463766396
        dmean2: 0.121220052242
        dvar: 0.00351545843296
        dvar2: 0.00943034514785
        max: 0.770199477673
        mean: 0.370335966349
        min: 0.141686677933
        var: 0.0130417803302
    pitch_salience:
        dmean: 0.0582734718919
        dmean2: 0.0990261286497
        dvar: 0.00319850840606
        dvar2: 0.00949256587774
        max: 0.804271459579
        mean: 0.624247848988
        min: 0.388821899891
        var: 0.00683703599498
    silence_rate_20dB:
        dmean: 0
        dmean2: 0
        dvar: 0
        dvar2: 0
        max: 1
        mean: 1
        min: 1
        var: 0
    silence_rate_30dB:
        dmean: 0
        dmean2: 0
        dvar: 0
        dvar2: 0
        max: 1
        mean: 1
        min: 1
        var: 0
    silence_rate_60dB:
        dmean: 0.074074074626
        dmean2: 0.148491874337
        dvar: 0.0685874372721
        dvar2: 0.163564413786
        max: 1
        mean: 0.0946882218122
        min: 0
        var: 0.0857224911451
    spectral_centroid:
        dmean: 252.602996826
        dmean2: 419.212890625
        dvar: 56076.7929688
        dvar2: 146098.421875
        max: 2868.77783203
        mean: 1562.46472168
        min: 538.502624512
        var: 149419.640625
    spectral_complexity:
        dmean: 3.33874702454
        dmean2: 5.59069776535
        dvar: 10.4188909531
        dvar2: 24.7673873901
        max: 32
        mean: 15.5601854324
        min: 0
        var: 26.1167602539
    spectral_crest:
        dmean: 2.19638824463
        dmean2: 3.69724965096
        dvar: 7.25445127487
        dvar2: 20.143497467
        max: 19.6708831787
        mean: 6.80876350403
        min: 2.70392656326
        var: 10.2740783691
    spectral_decrease:
        dmean: 3.92023441487e-10
        dmean2: 6.69424848887e-10
        dvar: 4.84422557611e-19
        dvar2: 1.29767753285e-18
        max: -1.94937000569e-11
        mean: -1.16679277351e-09
        min: -5.38212896473e-09
        var: 4.2075415567e-19
    spectral_energy:
        dmean: 0.00161237316206
        dmean2: 0.00272970111109
        dvar: 7.59032036513e-06
        dvar2: 2.01781713258e-05
        max: 0.0220169723034
        mean: 0.00510138180107
        min: 8.12620783108e-05
        var: 6.97883160683e-06
    spectral_energyband_high:
        dmean: 0.00016412230616
        dmean2: 0.000264376605628
        dvar: 3.84043410406e-08
        dvar2: 1.05155365304e-07
        max: 0.00167839927599
        mean: 0.000480194838019
        min: 4.03774174629e-06
        var: 7.90882666024e-08
    spectral_energyband_low:
        dmean: 0.000199037443963
        dmean2: 0.000343813881045
        dvar: 1.18204624755e-07
        dvar2: 3.25405125068e-07
        max: 0.00351882306859
        mean: 0.000317420664942
        min: 2.90277375825e-06
        var: 1.01915112793e-07
    spectral_energyband_middle_high:
        dmean: 0.000418239505962
        dmean2: 0.000675867544487
        dvar: 2.12681257494e-07
        dvar2: 5.12020790211e-07
        max: 0.00456206873059
        mean: 0.00187423964962
        min: 4.40718940808e-05
        var: 5.98343888214e-07
    spectral_energyband_middle_low:
        dmean: 0.00126501137856
        dmean2: 0.00219572917558
        dvar: 6.44908050162e-06
        dvar2: 1.7539388864e-05
        max: 0.0175874698907
        mean: 0.00242949323729
        min: 3.02477146761e-05
        var: 5.23513244843e-06
    spectral_flatness_db:
        dmean: 0.0136735774577
        dmean2: 0.0221178010106
        dvar: 0.000181731884368
        dvar2: 0.000526761170477
        max: 0.194772481918
        mean: 0.122438177466
        min: 0.0793180987239
        var: 0.000370072433725
    spectral_flux:
        dmean: 0.00930576771498
        dmean2: 0.0143598588184
        dvar: 0.000154797526193
        dvar2: 0.000280830048723
        max: 0.121742464602
        mean: 0.0425211675465
        min: 0.00901454780251
        var: 0.00026493621408
    spectral_kurtosis:
        dmean: 0.567323923111
        dmean2: 0.951803743839
        dvar: 0.382952481508
        dvar2: 0.845460236073
        max: 9.93178939819
        mean: 2.27806758881
        min: 0.831785440445
        var: 0.669213593006
    spectral_rms:
        dmean: 0.000311428128043
        dmean2: 0.000514723767992
        dvar: 1.9244134819e-07
        dvar2: 4.80693302052e-07
        max: 0.00463464902714
        mean: 0.00217887829058
        min: 0.000281567190541
        var: 2.29451174505e-07
    spectral_rolloff:
        dmean: 423.918945312
        dmean2: 719.959960938
        dvar: 250030.109375
        dvar2: 723079.6875
        max: 4780.37109375
        mean: 3397.51123047
        min: 495.263671875
        var: 387502.34375
    spectral_skewness:
        dmean: 0.113404862583
        dmean2: 0.184825718403
        dvar: 0.013849966228
        dvar2: 0.0334166921675
        max: 2.59804368019
        mean: 1.20355987549
        min: 0.786426126957
        var: 0.0297657493502
    spectral_spread:
        dmean: 360552.8125
        dmean2: 514026.90625
        dvar: 133159976960
        dvar2: 223370919936
        max: 8898295
        mean: 5510340
        min: 3506616
        var: 596911718400
    spectral_strongpeak:
        dmean: 0.310830652714
        dmean2: 0.531365275383
        dvar: 0.188534289598
        dvar2: 0.518798589706
        max: 3.60908007622
        mean: 0.577228963375
        min: 0.0176265519112
        var: 0.26533472538
    zerocrossingrate:
        dmean: 0.00802661851048
        dmean2: 0.00976221822202
        dvar: 4.16043694713e-05
        dvar2: 6.12475487287e-05
        max: 0.1455078125
        mean: 0.0957121700048
        min: 0.03369140625
        var: 0.000290497642709
    barkbands:
        dmean: [6.73508623095e-07, 6.55879193801e-05, 0.0001595877402, 0.000196779757971, 0.000873452867381, 0.000251643155934, 0.000138505565701, 0.000167022255482, 0.00010524418758, 9.58547243499e-05, 7.50576509745e-05, 4.41761985712e-05, 4.60275659862e-05, 4.35285946878e-05, 4.81488386868e-05, 6.99756055837e-05, 0.000121083103295, 0.000113093527034, 0.000176645655301, 0.000137432769407, 9.39829697018e-05, 3.4831224184e-05, 6.94624577591e-06, 2.46812123805e-06, 8.94440177035e-07, 6.73513298466e-08, 5.38556532703e-10]
        dmean2: [1.06164941371e-06, 0.000111799563456, 0.000280940090306, 0.000334831682267, 0.00158480752725, 0.000417178845964, 0.000226962249144, 0.00025498055038, 0.000159339382662, 0.000143320605275, 0.000121180550195, 6.69648288749e-05, 7.36628571758e-05, 6.77114658174e-05, 7.98702167231e-05, 0.000113764726848, 0.00020560802659, 0.000184080403415, 0.000288232869934, 0.000231485173572, 0.000155960995471, 5.77537139179e-05, 1.09855964183e-05, 3.64571997125e-06, 1.23790562157e-06, 9.85540467013e-08, 8.09413924774e-10]
        dvar: [2.69082716178e-12, 1.41595393188e-08, 7.09342486971e-08, 6.42101625203e-08, 5.37604228157e-06, 9.68732791762e-08, 3.73900093109e-08, 7.49848680925e-08, 3.75534874308e-08, 4.18027035209e-08, 2.30080257069e-08, 4.97659202736e-09, 1.28519674902e-08, 4.17337098213e-09, 2.40564945742e-09, 5.89337467716e-09, 1.70441847303e-08, 2.28707008887e-08, 4.03223658907e-08, 2.40821549369e-08, 1.03562385334e-08, 1.61107926999e-09, 8.54575993303e-11, 1.14439039842e-11, 1.03738068483e-12, 1.10221610688e-14, 1.36896943811e-17]
        dvar2: [5.37691505903e-12, 3.89784311494e-08, 1.9951023944e-07, 1.74268222963e-07, 1.49083716678e-05, 2.9098032428e-07, 9.14352185077e-08, 1.5976910106e-07, 7.96313699425e-08, 7.64861809444e-08, 4.84752042951e-08, 8.63801030704e-09, 2.57931258574e-08, 8.83682194086e-09, 5.65399949082e-09, 1.46207987939e-08, 4.56255868642e-08, 5.66284867887e-08, 1.03256930117e-07, 6.43596891337e-08, 2.72940514634e-08, 3.75221809179e-09, 1.95312571671e-10, 2.54241627751e-11, 1.91913672454e-12, 2.51135087525e-14, 1.38926489347e-17]
        max: [2.0864265025e-05, 0.000951103982516, 0.00285478285514, 0.00254533649422, 0.0144064892083, 0.00318296486512, 0.00177040789276, 0.00409054756165, 0.003010293236, 0.00254367012531, 0.0019998208154, 0.00123518367764, 0.00145800155587, 0.000833185506053, 0.000570357718971, 0.001017897157, 0.00132603407837, 0.00163411383983, 0.00213568820618, 0.00131935905665, 0.000851236807648, 0.00031036362634, 9.71184927039e-05, 4.77393368783e-05, 1.31296310428e-05, 1.23976212762e-06, 7.69238681642e-08]
        mean: [6.58903786643e-07, 0.000102209938632, 0.000214587693335, 0.000285868765786, 0.000846948416438, 0.000474257569294, 0.000245039060246, 0.000336426281137, 0.000221967158723, 0.0001956911874, 0.000176028799615, 8.40906213853e-05, 6.92658650223e-05, 7.15931673767e-05, 9.26585416892e-05, 0.000147196216858, 0.000262326095253, 0.000235605679336, 0.000382076541428, 0.000319375627441, 0.000225856143516, 8.55129765114e-05, 1.66853533301e-05, 6.56164820612e-06, 2.74041690318e-06, 1.57033809955e-07, 6.15726192255e-10]
        min: [1.55871371366e-10, 4.29664368085e-07, 2.46718514063e-06, 4.69024234917e-06, 2.94948131341e-06, 1.04410764834e-06, 5.7248757912e-06, 5.56041959499e-06, 2.23251049647e-06, 5.02081411469e-06, 7.22404593034e-07, 4.61089740611e-07, 1.50058511394e-07, 1.49732954924e-07, 2.37839515194e-07, 1.07006087546e-06, 4.87792931381e-07, 1.18329467114e-06, 6.44920476134e-07, 2.51679011853e-06, 1.86832926374e-06, 1.13583962502e-06, 2.06474695119e-07, 1.20820658367e-07, 5.13195388407e-08, 2.50647880229e-09, 1.16147434552e-13]
        var: [2.66529550166e-12, 1.34511601857e-08, 6.18631190719e-08, 8.4891645713e-08, 3.6000617456e-06, 2.15464751818e-07, 7.03647131672e-08, 3.0655976957e-07, 2.06731996855e-07, 1.1907394537e-07, 1.04209618712e-07, 1.59792410415e-08, 1.90224032082e-08, 8.02477995165e-09, 6.00733374156e-09, 1.17327783045e-08, 2.95878592738e-08, 4.63713618615e-08, 7.64569492162e-08, 3.77121693873e-08, 2.59196539787e-08, 3.06050340626e-09, 1.85309698142e-10, 3.05094491337e-11, 3.63728730295e-12, 2.22475473645e-14, 1.37398000196e-17]
    mfcc:
        mean: [-674.95715332, 97.2554092407, -32.6954040527, 53.8633232117, -18.5352153778, -3.66531944275, -4.99526166916, -2.81602668762, -1.27935278416, -7.10396194458, -5.61014080048, -4.94023942947, -1.52445662022]
        cov: [[481.331359863, -152.251724243, 28.9130115509, 23.1559848785, 11.8977222443, 28.1878299713, 5.21624326706, -4.24316835403, -26.6896133423, -5.29792165756, -10.1113176346, -4.05310583115, -40.2865524292], [-152.251724243, 224.438400269, -44.1042137146, 25.6178131104, -17.418176651, -3.12003445625, -14.7553853989, -19.5851097107, -13.0089044571, -23.3788490295, -6.24085283279, -10.9172525406, 3.79070878029], [28.9130115509, -44.1042137146, 98.0135421753, -3.70835614204, 12.1343679428, -18.6707630157, -12.9393005371, -7.51175165176, -5.0275759697, 4.45234537125, 3.71334314346, 0.120345145464, 5.13365745544], [23.1559848785, 25.6178131104, -3.70835614204, 119.175872803, 27.8763580322, -3.86863160133, -14.4950742722, -7.72068023682, -2.32056498528, -4.15895271301, 18.2545719147, -3.16622638702, -5.3735203743], [11.8977222443, -17.418176651, 12.1343679428, 27.8763580322, 48.8520507812, 12.5095672607, 8.11961364746, -2.0340116024, 1.19592678547, -1.0198174715, 6.24683570862, 1.75940525532, 3.16279459], [28.1878299713, -3.12003445625, -18.6707630157, -3.86863160133, 12.5095672607, 91.4438323975, 31.9786891937, 5.54341506958, -23.8223400116, -18.100320816, -8.10056591034, -2.75286221504, 12.9235363007], [5.21624326706, -14.7553853989, -12.9393005371, -14.4950742722, 8.11961364746, 31.9786891937, 65.2825164795, 18.0801849365, 0.912285745144, -5.94983005524, -8.80332756042, 17.1195240021, 10.138007164], [-4.24316835403, -19.5851097107, -7.51175165176, -7.72068023682, -2.0340116024, 5.54341506958, 18.0801849365, 51.4597740173, 23.4639530182, 14.0213098526, -1.76963913441, 5.30014276505, 2.1565053463], [-26.6896133423, -13.0089044571, -5.0275759697, -2.32056498528, 1.19592678547, -23.8223400116, 0.912285745144, 23.4639530182, 61.7242546082, 31.7013301849, 4.90118217468, 4.5428185463, -8.33046340942], [-5.29792165756, -23.3788490295, 4.45234537125, -4.15895271301, -1.0198174715, -18.100320816, -5.94983005524, 14.0213098526, 31.7013301849, 65.7582397461, 24.9980144501, 10.0276794434, -7.74168348312], [-10.1113176346, -6.24085283279, 3.71334314346, 18.2545719147, 6.24683570862, -8.10056591034, -8.80332756042, -1.76963913441, 4.90118217468, 24.9980144501, 54.0569152832, 12.3024282455, 7.88215637207], [-4.05310583115, -10.9172525406, 0.120345145464, -3.16622638702, 1.75940525532, -2.75286221504, 17.1195240021, 5.30014276505, 4.5428185463, 10.0276794434, 12.3024282455, 55.017162323, 18.8854312897], [-40.2865524292, 3.79070878029, 5.13365745544, -5.3735203743, 3.16279459, 12.9235363007, 10.138007164, 2.1565053463, -8.33046340942, -7.74168348312, 7.88215637207, 18.8854312897, 52.3083000183]]
        icov: [[0.00334839546122, 0.00249608932063, -0.000324005202856, -0.00137492397334, 0.000946262618527, -0.00120332534425, 0.000165119839949, 0.000279924890492, 0.00162832182832, 0.000164519515238, 0.000682228885125, -0.000841672008391, 0.00296980584972], [0.00249608932063, 0.00756198680028, 0.00232615694404, -0.00253952294588, 0.00283684860915, -0.000379418925149, 0.000740034098271, 0.00206099217758, 0.00112123379949, 0.00127282191534, 0.00100014510099, 0.000198001100216, 0.00072380999336], [-0.000324005202856, 0.00232615694404, 0.0133082866669, 0.00122576940339, -0.00442730775103, 0.00375141599216, 0.00215839245357, 0.000760247232392, 0.00276386621408, -0.00113999098539, 0.000833059719298, 0.000840154418256, -0.00286452914588], [-0.00137492397334, -0.00253952294588, 0.00122576940339, 0.0122227035463, -0.00810055341572, 0.00119341537356, 0.00272598350421, -0.00117395154666, -0.000237655374804, 0.00228814152069, -0.00440404657274, -6.40525613562e-05, 0.000962984340731], [0.000946262618527, 0.00283684860915, -0.00442730775103, -0.00810055341572, 0.0295206233859, -0.00509855011478, -0.00458520557731, 0.00414438173175, -0.00422851601616, 0.00112924783025, -0.00147944048513, 0.000532737642061, -0.000157606569701], [-0.00120332534425, -0.000379418925149, 0.00375141599216, 0.00119341537356, -0.00509855011478, 0.0179529953748, -0.00695248553529, -0.00261728838086, 0.00712165981531, -0.00032087409636, 0.000294306810247, 0.00425811577588, -0.00431175669655], [0.000165119839949, 0.000740034098271, 0.00215839245357, 0.00272598350421, -0.00458520557731, -0.00695248553529, 0.0250872094184, -0.00657184142619, -0.000842069624923, 0.00248008756898, 0.00317245232873, -0.00825104769319, 0.000279291270999], [0.000279924890492, 0.00206099217758, 0.000760247232392, -0.00117395154666, 0.00414438173175, -0.00261728838086, -0.00657184142619, 0.028485480696, -0.0103038707748, -0.00296126538888, 0.0020178288687, 0.00117488740943, -0.00244106072932], [0.00162832182832, 0.00112123379949, 0.00276386621408, -0.000237655374804, -0.00422851601616, 0.00712165981531, -0.000842069624923, -0.0103038707748, 0.0298745576292, -0.0110593494028, 0.0034441058524, -3.66596177628e-05, 0.00257652904838], [0.000164519515238, 0.00127282191534, -0.00113999098539, 0.00228814152069, 0.00112924783025, -0.00032087409636, 0.00248008756898, -0.00296126538888, -0.0110593494028, 0.0278512015939, -0.0122822755948, -0.00343999662437, 0.00548729579896], [0.000682228885125, 0.00100014510099, 0.000833059719298, -0.00440404657274, -0.00147944048513, 0.000294306810247, 0.00317245232873, 0.0020178288687, 0.0034441058524, -0.0122822755948, 0.0278996117413, -0.00373248755932, -0.00488833663985], [-0.000841672008391, 0.000198001100216, 0.000840154418256, -6.40525613562e-05, 0.000532737642061, 0.00425811577588, -0.00825104769319, 0.00117488740943, -3.66596177628e-05, -0.00343999662437, -0.00373248755932, 0.0255053658038, -0.009446144104], [0.00296980584972, 0.00072380999336, -0.00286452914588, 0.000962984340731, -0.000157606569701, -0.00431175669655, 0.000279291270999, -0.00244106072932, 0.00257652904838, 0.00548729579896, -0.00488833663985, -0.009446144104, 0.028223125264]]
    spectral_contrast:
        mean: [-4.34617186684e-09, 3.66233976479e-08, -4.48862977009e-07, 2.06072371611e-07, -2.2503512298e-07, -1.58087701152e-07, -1.09061318199e-06, -3.18374340225e-08, 1.6229847688e-06, -9.13385989065e-08, -1.09302777673e-06, 5.82731956911e-07]
        var: [0.000254172278801, 0.000456929614302, 0.000817728636321, 0.0022346554324, 0.00272007891908, 0.00373981986195, 0.0298902504146, 0.0553973838687, 0.0861191153526, 0.136902302504, 0.205157548189, 0.317822515965]

rhythm:
    beats_loudness:
        dmean: 0.00131408148445
        dmean2: 0.00198411592282
        dvar: 8.47154069561e-07
        dvar2: 2.38495454141e-06
        max: 0.0077872951515
        mean: 0.00516009377316
        min: 0.00342798465863
        var: 1.40523547998e-06
    beats_loudness_bass:
        dmean: 0.124092683196
        dmean2: 0.22267562151
        dvar: 0.0122242523357
        dvar2: 0.0365415476263
        max: 0.450609147549
        mean: 0.143261522055
        min: 0.0192925203592
        var: 0.0145785296336
    bpm: 103.35925293
    bpm_confidence: 0
    first_peak_bpm: 103
    first_peak_spread: 0.0625
    first_peak_weight: 0.9375
    onset_rate: 3.38948559761
    second_peak_bpm: 0
    second_peak_spread: 0
    second_peak_weight: 0
    beats_position: [0.207738861442, 0.787490129471, 1.36724150181, 1.94699275494, 2.52674412727, 3.1064953804, 3.68624663353, 4.26599788666, 4.8457493782, 5.42550039291, 6.02004289627, 6.60129928589, 7.18255567551, 7.76381206512, 8.34506893158, 8.92632484436, 9.50758171082]
    bpm_estimates: [103.539840698, 103.275894165, 103.627037048, 103.296089172, 103.252426147, 103.281608582, 104.182250977, 103.217536926, 103.543914795, 103.288833618, 102.942436218, 103.138633728, 103.208045959, 103.235137939]
    bpm_intervals: [0.579751253128, 0.579751372337, 0.579751253128, 0.579751372337, 0.579751253128, 0.579751253128, 0.579751253128, 0.579751491547, 0.579751014709, 0.594542503357, 0.581256389618, 0.581256389618, 0.581256389618, 0.581256866455, 0.581255912781, 0.581256866455]
    onset_times: [0.0348299331963, 0.371519267559, 0.766258478165, 0.96362811327, 1.369977355, 1.52090704441, 1.92725622654, 2.08979582787, 2.33360552788, 2.71673464775, 2.90249443054, 3.09986400604, 3.48299312592, 3.87773251534, 4.06349229813, 4.65560102463, 4.841360569, 5.0387301445, 5.23609972, 5.4334692955, 6.04879808426, 6.21133804321, 6.59446716309, 6.96598625183, 7.18657588959, 7.7670750618, 8.17342376709, 8.34757328033, 8.54494285583, 8.93968296051, 9.33442211151, 9.52018165588, 9.70594120026, 9.91492080688]
    rubato_start: []
    rubato_stop: []
    perceptual_tempo: "unknown"

sfx:
    inharmonicity:
        dmean: 0.0422324165702
        dmean2: 0.0744822621346
        dvar: 0.00160732527729
        dvar2: 0.00455157505348
        max: 0.253309160471
        mean: 0.0485715568066
        min: 0
        var: 0.00185149547178
    oddtoevenharmonicenergyratio:
        dmean: 1.82339560986
        dmean2: 3.36180996895
        dvar: 20.6413803101
        dvar2: 59.6991386414
        max: 54.7461357117
        mean: 1.33768904209
        min: 0
        var: 12.1507377625
    pitch_after_max_to_before_max_energy_ratio: 3.99844741821
    pitch_centroid: 238.968719482
    pitch_max_to_total: 0.435185194016
    pitch_min_to_total: 0.412037044764
    tristimulus:
        dmean: [0.194138452411, 0.219971820712, 0.127910360694]
        dmean2: [0.331182330847, 0.373876750469, 0.227369457483]
        dvar: [0.0255833491683, 0.0330345518887, 0.0131611227989]
        dvar2: [0.0697040855885, 0.0915101543069, 0.0378003939986]
        max: [1, 0.954461157322, 0.618162333965]
        mean: [0.35576364398, 0.436506420374, 0.151958554983]
        min: [0.0216778181493, 0, 0]
        var: [0.0416223704815, 0.0474769100547, 0.0166120957583]

tonal:
    chords_changes_rate: 0.0599078349769
    chords_number_rate: 0.0230414755642
    chords_strength:
        dmean: 0.0116427298635
        dmean2: 0.0113125490025
        dvar: 7.62303170632e-05
        dvar2: 0.000104494152765
        max: 0.645946204662
        mean: 0.447447359562
        min: 0.318129807711
        var: 0.00526885176077
    key_strength: 0.719752430916
    tuning_diatonic_strength: 0.602549493313
    tuning_equal_tempered_deviation: 0.0590386837721
    tuning_frequency: 440.763122559
    tuning_nontempered_energy_ratio: 0.720638692379
    hpcp:
        dmean: [0.190229102969, 0.155808001757, 0.0808592140675, 0.0883680731058, 0.0912209004164, 0.095228433609, 0.108798220754, 0.132542952895, 0.156079873443, 0.12861675024, 0.112223781645, 0.0745929777622, 0.0836444571614, 0.0842541605234, 0.160184189677, 0.214656800032, 0.202004179358, 0.111254915595, 0.0790348574519, 0.0929197669029, 0.117893688381, 0.146584004164, 0.128371819854, 0.0712888464332, 0.0720962435007, 0.0799435153604, 0.107580952346, 0.14149582386, 0.117117322981, 0.139267444611, 0.158873394132, 0.134582236409, 0.112229593098, 0.150870740414, 0.174617379904, 0.189467161894]
        dmean2: [0.331015169621, 0.261284023523, 0.144401520491, 0.158323332667, 0.157436594367, 0.158085793257, 0.169411763549, 0.228746443987, 0.266636103392, 0.213857352734, 0.181764066219, 0.129380494356, 0.145493879914, 0.146472886205, 0.265195935965, 0.37554076314, 0.346833229065, 0.199219852686, 0.138671249151, 0.168139860034, 0.196255862713, 0.25139901042, 0.221604600549, 0.125306114554, 0.128691986203, 0.137903645635, 0.186546131968, 0.248107686639, 0.208744212985, 0.241066426039, 0.266561865807, 0.231592208147, 0.191038146615, 0.257669299841, 0.303446888924, 0.315319359303]
        dvar: [0.0390253514051, 0.025452055037, 0.0114842019975, 0.0186220239848, 0.0186568070203, 0.0134715493768, 0.0195366293192, 0.0327905341983, 0.0308645516634, 0.0338455848396, 0.023138044402, 0.0111189084128, 0.0121771525592, 0.0118415169418, 0.0253122802824, 0.0500026009977, 0.0359092280269, 0.016569564119, 0.0148448776454, 0.0234414897859, 0.0230294223875, 0.0382311865687, 0.0319599248469, 0.011140646413, 0.0199143644422, 0.0154172061011, 0.0232502743602, 0.0350169949234, 0.0267916470766, 0.0291284229606, 0.0344656631351, 0.030212700367, 0.0232545658946, 0.0456086881459, 0.0587068274617, 0.0437528043985]
        dvar2: [0.0919167995453, 0.0714278668165, 0.0328662954271, 0.0517342500389, 0.0483178421855, 0.0334382839501, 0.0377327427268, 0.087948165834, 0.0811704471707, 0.0823777019978, 0.057929739356, 0.0302415788174, 0.0315784998238, 0.0302154067904, 0.0644179657102, 0.128236219287, 0.0997590497136, 0.0433305352926, 0.0413199551404, 0.0730672776699, 0.0617412999272, 0.0965140089393, 0.0941541790962, 0.0284155756235, 0.042400624603, 0.0358037762344, 0.0584890767932, 0.0940219312906, 0.0690133795142, 0.079662553966, 0.0853742435575, 0.0696667134762, 0.0573045387864, 0.125485956669, 0.159384533763, 0.106549754739]
        max: [1, 1, 0.692100822926, 1, 1, 0.937499582767, 1, 1, 1, 1, 1, 0.625462174416, 0.847274541855, 0.647420823574, 1, 1, 1, 0.691340863705, 1, 1, 1, 1, 1, 0.805545032024, 1, 1, 1, 1, 1, 1, 1, 1, 1, 1, 1, 1]
        mean: [0.369454950094, 0.25274682045, 0.107207521796, 0.103857278824, 0.118204668164, 0.15638127923, 0.206145375967, 0.199437767267, 0.257169127464, 0.332856833935, 0.212736830115, 0.0965594947338, 0.101484023035, 0.113842353225, 0.261089622974, 0.455309778452, 0.341713964939, 0.136971056461, 0.0917769148946, 0.0951864644885, 0.180179730058, 0.265311717987, 0.174502342939, 0.0792009755969, 0.0920707210898, 0.0933884009719, 0.134548440576, 0.194427207112, 0.173213019967, 0.18248270452, 0.233119800687, 0.192103251815, 0.156263813376, 0.177208900452, 0.19228027761, 0.275888442993]
        min: [0.00590890832245, 0.0117361992598, 0.00697379466146, 0.00470425887033, 0.0103425141424, 0.00215930049308, 0.00941544678062, 0.0116224475205, 0.0149499997497, 0.0132547859102, 0.00602711364627, 0.00792695395648, 0.0104209696874, 0.00453518889844, 0.0230862013996, 0.0265272874385, 0.0165670439601, 0.0117469392717, 0.00138931395486, 0.00359787000343, 0.00602164911106, 0.00815151259303, 0.00613823346794, 0.0030515587423, 0.00214845687151, 0.00218205153942, 0.00832620076835, 0.00764743098989, 0.00302075571381, 0.00331519916654, 0.00347993755713, 0.0119201885536, 0.00982705783099, 0.00855523813516, 0.00521714193746, 0.00925211701542]
        var: [0.0826109945774, 0.0438187345862, 0.0113800866529, 0.015487510711, 0.0187216997147, 0.0291358120739, 0.0691813006997, 0.0486117117107, 0.0517373122275, 0.131147608161, 0.0642605051398, 0.0109978839755, 0.0127285737544, 0.0136697543785, 0.0446854382753, 0.113061644137, 0.0603051707149, 0.0169429071248, 0.014412808232, 0.0184516999871, 0.0446448028088, 0.0965305194259, 0.0460540242493, 0.0135309919715, 0.0318370014429, 0.0195641629398, 0.0251486618072, 0.0528525859118, 0.052858505398, 0.0469883792102, 0.0569537244737, 0.0410264730453, 0.032821200788, 0.055938705802, 0.0615746416152, 0.0667982324958]
    chords_histogram: [6.45161294937, 0, 51.1520729065, 0, 0, 0, 0, 5.5299539566, 0, 0, 0, 0, 0, 0, 0, 0, 0, 0, 0, 7.8341012001, 0, 29.0322589874, 0, 0]
    thpcp: [1, 0.750508725643, 0.300830483437, 0.201570272446, 0.209058687091, 0.395729988813, 0.582705974579, 0.383260697126, 0.17394964397, 0.20221555233, 0.205109581351, 0.295509666204, 0.427021801472, 0.380428940058, 0.400788009167, 0.512002646923, 0.421917706728, 0.343203276396, 0.389205127954, 0.422306507826, 0.605935692787, 0.811436474323, 0.55510956049, 0.235460624099, 0.228102460504, 0.259613722563, 0.343461275101, 0.452758520842, 0.438026547432, 0.56482231617, 0.731055736542, 0.467235356569, 0.212074279785, 0.22289006412, 0.250032752752, 0.573432922363]
    chords_key: "D"
    chords_scale: "major"
    key_key: "G"
    key_scale: "major"
    chords_progression: ["G", "G", "G", "Dm", "Dm", "Dm", "Dm", "Dm", "Dm", "Dm", "Dm", "Dm", "Dm", "Dm", "Dm", "Dm", "Dm", "Dm", "Dm", "Dm", "D", "G", "G", "D", "D", "G", "D", "D", "D", "D", "D", "D", "D", "D", "D", "D", "D", "D", "D", "D", "D", "D", "D", "D", "D", "D", "D", "D", "D", "D", "D", "D", "D", "D", "G", "G", "G", "G", "G", "G", "G", "G", "Am", "Am", "Am", "Am", "Am", "Am", "Am", "Am", "Am", "Am", "Am", "Am", "Am", "Am", "Am", "Am", "Am", "Am", "Am", "Am", "Am", "Am", "Am", "Am", "Am", "Am", "Am", "Am", "Am", "Am", "Am", "Am", "Am", "Am", "Am", "Am", "Am", "Am", "Am", "Am", "Am", "Am", "Am", "Am", "Am", "Am", "G#m", "G#m", "G#m", "G#m", "G#m", "G#m", "G#m", "G#m", "G#m", "G#m", "G#m", "G#m", "D", "D", "D", "D", "D", "D", "D", "D", "D", "D", "D", "D", "D", "D", "D", "D", "D", "D", "D", "D", "D", "Am", "Am", "Am", "Am", "Am", "Am", "Am", "Am", "D", "D", "D", "D", "D", "D", "D", "D", "D", "D", "D", "D", "D", "D", "D", "D", "D", "D", "D", "D", "D", "D", "D", "D", "D", "D", "D", "D", "D", "D", "D", "D", "D", "D", "D", "D", "D", "D", "D", "D", "D", "D", "D", "D", "D", "D", "D", "D", "D", "D", "D", "D", "D", "D", "D", "D", "D", "D", "D", "Am", "Am", "Am", "Am", "Am", "Am", "Am", "Am", "Am"]
