
metadata:
    version:
        essentia: "1.2.2"
    audio_properties:
        analysis_sample_rate: 44100
        bitrate: 128
        channels: 2
        equal_loudness: 1
        length: 10.0571432114
        replay_gain: -10.795841217
        downmix: "mix"
    tags:
        track: 17
        year: 0
        album: "Splitted by Mp3Splt v. 2.1"
        artist: "From 002.40 To 002.50"
        comment: "http://mp3splt.sf.net"
        genre: ""
        title: "06 Hands Away.mp3"

highlevel:
    ballroom:
        all:
            ChaChaCha: 0.0018984223716
            Jive: 0.00122889550403
            Quickstep: 0.00803140085191
            Rumba-American: 0.00349326222204
            Rumba-International: 0.0386862419546
            Rumba-Misc: 0.0415827408433
            Samba: 0.0028470440302
            Tango: 0.0408392995596
            VienneseWaltz: 0.279929369688
            Waltz: 0.581463336945
        probability: 0.581463336945
        value: "Waltz"
    culture:
        all:
            non_western: 0.777728557587
            western: 0.222271472216
        probability: 0.777728557587
        value: "non_western"
    gender:
        all:
            female: 0.88297688961
            male: 0.117023125291
        probability: 0.88297688961
        value: "female"
    genre_dortmund:
        all:
            alternative: 0.0335929170251
            blues: 0.00183024280705
            electronic: 0.723573386669
            folkcountry: 0.0221286062151
            funksoulrnb: 0.00935962796211
            jazz: 0.148913472891
            pop: 0.0268259029835
            raphiphop: 0.00190779555123
            rock: 0.0318680331111
        probability: 0.723573386669
        value: "electronic"
    genre_electronica:
        all:
            ambient: 0.949214935303
            dnb: 0.0132713913918
            house: 0.0118497433141
            techno: 0.00522633455694
            trance: 0.020437579602
        probability: 0.949214935303
        value: "ambient"
    genre_rosamerica:
        all:
            cla: 0.558884382248
            dan: 0.0911997929215
            hip: 0.00833800528198
            jaz: 0.0508481934667
            pop: 0.0511247999966
            rhy: 0.0348076149821
            roc: 0.19985024631
            spe: 0.0049469480291
        probability: 0.558884382248
        value: "cla"
    genre_tzanetakis:
        all:
            blu: 0.0281431619078
            cla: 0.336740255356
            cou: 0.071786403656
            dis: 0.0495846457779
            hip: 0.0114823272452
            jaz: 0.179814130068
            met: 0.0304613467306
            pop: 0.0476905554533
            reg: 0.0448710769415
            roc: 0.199426099658
        probability: 0.336740255356
        value: "cla"
    live_studio:
        all:
            live: 0.183626458049
            studio: 0.81637352705
        probability: 0.81637352705
        value: "studio"
    mood:
        all:
            Cluster1: 0.0903510823846
            Cluster2: 0.130371451378
            Cluster3: 0.679704606533
            Cluster4: 0.0524725355208
            Cluster5: 0.0471002943814
        probability: 0.679704606533
        value: "Cluster3"
    mood_acoustic:
        all:
            acoustic: 0.291425019503
            not_acoustic: 0.708574950695
        probability: 0.708574950695
        value: "not_acoustic"
    mood_aggressive:
        all:
            aggressive: 0.00559647614136
            not_aggressive: 0.994403541088
        probability: 0.994403541088
        value: "not_aggressive"
    mood_electronic:
        all:
            electronic: 0.657906353474
            not_electronic: 0.342093616724
        probability: 0.657906353474
        value: "electronic"
    mood_happy:
        all:
            happy: 0.144628360868
            not_happy: 0.855371654034
        probability: 0.855371654034
        value: "not_happy"
    mood_party:
        all:
            not_party: 0.979629099369
            party: 0.0203709248453
        probability: 0.979629099369
        value: "not_party"
    mood_relaxed:
        all:
            not_relaxed: 0.0702539384365
            relaxed: 0.929746031761
        probability: 0.929746031761
        value: "relaxed"
    mood_sad:
        all:
            not_sad: 0.116970218718
            sad: 0.88302975893
        probability: 0.88302975893
        value: "sad"
    rhythm:
        all:
            fast: 0.415188789368
            medium: 0.429647147655
            slow: 0.155164062977
        probability: 0.429647147655
        value: "medium"
    speech_music:
        all:
            music: 0.5
            speech: 0.5
        probability: 0.5
        value: "music"
    timbre:
        all:
            bright: 0.126546353102
            dark: 0.873453676701
        probability: 0.873453676701
        value: "dark"
    voice_instrumental:
        all:
            instrumental: 0.999999761581
            voice: 2.1495800695e-07
        probability: 0.999999761581
        value: "instrumental"

lowlevel:
    average_loudness: 0.862751722336
    barkbands_kurtosis:
        dmean: 2.07518720627
        dmean2: 3.56706857681
        dvar: 7.82090377808
        dvar2: 22.9462814331
        max: 29.3735961914
        mean: 2.83421969414
        min: -1.36292803288
        var: 20.3544387817
    barkbands_skewness:
        dmean: 0.458733439445
        dmean2: 0.778956651688
        dvar: 0.202989831567
        dvar2: 0.570142090321
        max: 4.49212789536
        mean: 1.34180212021
        min: -1.28401386738
        var: 0.875132381916
    barkbands_spread:
        dmean: 2.7793366909
        dmean2: 4.40208148956
        dvar: 5.38064336777
        dvar2: 14.1362257004
        max: 27.5635967255
        mean: 12.4325428009
        min: 2.26384735107
        var: 30.1988887787
    dissonance:
        dmean: 0.0331412032247
        dmean2: 0.0539636090398
        dvar: 0.000877496146131
        dvar2: 0.00186534994282
        max: 0.484620332718
        mean: 0.398331910372
        min: 0.0584606379271
        var: 0.00180168100633
    hfc:
        dmean: 0.598945021629
        dmean2: 0.968048810959
        dvar: 0.461866974831
        dvar2: 1.12818968296
        max: 7.42703485489
        mean: 2.49502134323
        min: 0.00033007262391
        var: 1.61295807362
    pitch:
        dmean: 53.1394996643
        dmean2: 101.721244812
        dvar: 11406.5849609
        dvar2: 27172.0839844
        max: 1050
        mean: 264.968505859
        min: 109.70149231
        var: 22676.6503906
    pitch_instantaneous_confidence:
        dmean: 0.0758937746286
        dmean2: 0.122327953577
        dvar: 0.00511323474348
        dvar2: 0.0136230466887
        max: 0.86415117979
        mean: 0.593020617962
        min: 0.143747270107
        var: 0.0177671052516
    pitch_salience:
        dmean: 0.0580893419683
        dmean2: 0.0964988321066
        dvar: 0.00283344299532
        dvar2: 0.00746323447675
        max: 0.960870504379
        mean: 0.521151840687
        min: 0.247449070215
        var: 0.00865104794502
    silence_rate_20dB:
        dmean: 0
        dmean2: 0
        dvar: 0
        dvar2: 0
        max: 1
        mean: 1
        min: 1
        var: 0
    silence_rate_30dB:
        dmean: 0
        dmean2: 0
        dvar: 0
        dvar2: 0
        max: 1
        mean: 1
        min: 1
        var: 0
    silence_rate_60dB:
        dmean: 0.096997693181
        dmean2: 0.194444447756
        dvar: 0.0875891372561
        dvar2: 0.175153955817
        max: 1
        mean: 0.557603657246
        min: 0
        var: 0.246682360768
    spectral_centroid:
        dmean: 111.624465942
        dmean2: 181.384613037
        dvar: 13066.5507812
        dvar2: 36409.0664062
        max: 1890.57800293
        mean: 741.403259277
        min: 310.073425293
        var: 66565.71875
    spectral_complexity:
        dmean: 1.65661251545
        dmean2: 2.62558150291
        dvar: 1.93313336372
        dvar2: 4.81096172333
        max: 17
        mean: 8.72916698456
        min: 0
        var: 4.78544902802
    spectral_crest:
        dmean: 2.52945423126
        dmean2: 4.14990568161
        dvar: 5.57620716095
        dvar2: 16.6182727814
        max: 23.5887355804
        mean: 10.8048362732
        min: 4.08625984192
        var: 26.7008399963
    spectral_decrease:
        dmean: 3.62808560972e-10
        dmean2: 6.12220496521e-10
        dvar: 2.55488975203e-19
        dvar2: 7.01705223543e-19
        max: -5.09826623735e-14
        mean: -9.96215110405e-10
        min: -4.62534588408e-09
        var: 5.69657522675e-19
    spectral_energy:
        dmean: 0.0014161313884
        dmean2: 0.00238460395485
        dvar: 3.82298003387e-06
        dvar2: 1.04625651147e-05
        max: 0.0181307513267
        mean: 0.00398624874651
        min: 2.22359119562e-07
        var: 8.67612470756e-06
    spectral_energyband_high:
        dmean: 6.22641073278e-06
        dmean2: 9.91396973404e-06
        dvar: 7.64742227877e-11
        dvar2: 1.88796603351e-10
        max: 7.76227971073e-05
        mean: 1.3210029465e-05
        min: 1.0800197181e-08
        var: 1.72122774367e-10
    spectral_energyband_low:
        dmean: 0.000361387326848
        dmean2: 0.000630093098152
        dvar: 7.56615008868e-07
        dvar2: 2.01160628421e-06
        max: 0.0047824238427
        mean: 0.000289000512566
        min: 5.14954656694e-09
        var: 5.64806782677e-07
    spectral_energyband_middle_high:
        dmean: 0.000217028878978
        dmean2: 0.000344479485648
        dvar: 8.36453395436e-08
        dvar2: 2.15491027689e-07
        max: 0.00446022301912
        mean: 0.00070574664278
        min: 1.67497177017e-07
        var: 2.1269116246e-07
    spectral_energyband_middle_low:
        dmean: 0.00106727029197
        dmean2: 0.00181068526581
        dvar: 2.05075866688e-06
        dvar2: 6.08416621617e-06
        max: 0.0131526486948
        mean: 0.00297828763723
        min: 3.78276325819e-08
        var: 7.27902215658e-06
    spectral_flatness_db:
        dmean: 0.025708572939
        dmean2: 0.0414086319506
        dvar: 0.000496360065881
        dvar2: 0.00130168464966
        max: 0.364560544491
        mean: 0.234289556742
        min: 0.0627375617623
        var: 0.00183838338125
    spectral_flux:
        dmean: 0.00913725141436
        dmean2: 0.0138650173321
        dvar: 0.000145989077282
        dvar2: 0.000310771167278
        max: 0.0879917740822
        mean: 0.0262243654579
        min: 0.00777555070817
        var: 0.000264948641416
    spectral_kurtosis:
        dmean: 6.62483692169
        dmean2: 11.5461568832
        dvar: 35.2940864563
        dvar2: 109.989463806
        max: 47.9552383423
        mean: 14.2498254776
        min: 1.54996061325
        var: 64.3471298218
    spectral_rms:
        dmean: 0.000314192497171
        dmean2: 0.00051238614833
        dvar: 1.48475976403e-07
        dvar2: 3.98663075885e-07
        max: 0.00420577451587
        mean: 0.00185629341286
        min: 1.47287382788e-05
        var: 4.43200974587e-07
    spectral_rolloff:
        dmean: 259.947143555
        dmean2: 450.744995117
        dvar: 88069.765625
        dvar2: 214222.90625
        max: 3143.84765625
        mean: 1210.74560547
        min: 344.53125
        var: 319401.34375
    spectral_skewness:
        dmean: 0.516986489296
        dmean2: 0.88949239254
        dvar: 0.191659301519
        dvar2: 0.599976181984
        max: 5.16128444672
        mean: 2.57613039017
        min: 0.955026090145
        var: 0.466181218624
    spectral_spread:
        dmean: 533295.5
        dmean2: 767765.4375
        dvar: 1.0887617577e+12
        dvar2: 1.67484837069e+12
        max: 22790428
        mean: 2421870.75
        min: 1260437.125
        var: 2.06481640653e+12
    spectral_strongpeak:
        dmean: 0.227384582162
        dmean2: 0.36055290699
        dvar: 0.0594172365963
        dvar2: 0.141121163964
        max: 2.79993271828
        mean: 0.617971122265
        min: 0.000240222521825
        var: 0.149343207479
    zerocrossingrate:
        dmean: 0.0047933133319
        dmean2: 0.00592069420964
        dvar: 1.94665299205e-05
        dvar2: 2.38724660448e-05
        max: 0.09033203125
        mean: 0.0436039678752
        min: 0.00634765625
        var: 0.000219915047637
    barkbands:
        dmean: [2.87933346499e-07, 0.000110366752779, 0.000255055143498, 0.00015334856289, 0.000141716576763, 0.000772514322307, 4.53247266705e-05, 2.80227359326e-05, 0.00025127545814, 4.39222712885e-05, 0.000119745178381, 1.13871310532e-05, 4.12351000705e-05, 3.77268479497e-05, 2.02828923648e-05, 6.22701772954e-05, 3.57491408067e-05, 1.69077084138e-05, 2.56104740401e-05, 6.08318850936e-06, 1.91420599549e-06, 3.87740158203e-07, 5.97338001285e-08, 6.65367991814e-08, 2.28975622463e-07, 9.18469122979e-09, 1.60796398418e-09]
        dmean2: [3.20329917258e-07, 0.000209277190152, 0.000428436032962, 0.000293391029118, 0.000256760860793, 0.0012855156092, 6.6161963332e-05, 4.29422543675e-05, 0.000336530414643, 6.76483905409e-05, 0.000192937543034, 1.91466660908e-05, 6.47637352813e-05, 5.85216548643e-05, 3.03266242554e-05, 0.000108217813249, 5.5413107475e-05, 2.67019822786e-05, 4.08963569498e-05, 9.60260149441e-06, 3.09920119435e-06, 6.41236397314e-07, 9.53093746148e-08, 1.04335626361e-07, 3.74894455035e-07, 1.54806603092e-08, 2.48448972506e-09]
        dvar: [2.2067241155e-13, 8.82440645e-08, 3.48326267385e-07, 1.9656236816e-07, 1.23486685766e-07, 1.60984086506e-06, 2.19435780657e-09, 1.73435255046e-09, 7.00966609202e-08, 2.04573025187e-09, 4.46214514227e-08, 3.24143933916e-10, 3.51924644981e-09, 1.19582499458e-09, 6.31180108179e-10, 2.16334505865e-08, 2.05510386486e-09, 3.84516807284e-10, 1.22344601117e-09, 6.91908474959e-11, 7.08800379501e-12, 2.76011960683e-13, 2.42958475197e-14, 2.45289509868e-14, 4.14463683642e-13, 1.38955490299e-15, 4.35567714294e-16]
        dvar2: [3.50751545863e-13, 2.52440486292e-07, 8.96660992566e-07, 5.66586152217e-07, 3.59716892717e-07, 4.79127493236e-06, 5.31130650572e-09, 4.57403492859e-09, 1.23778022498e-07, 4.0908401111e-09, 1.11099268452e-07, 8.18518808288e-10, 8.21218293368e-09, 3.07999248328e-09, 1.3172083424e-09, 6.9399312963e-08, 4.34657154713e-09, 9.75690306326e-10, 3.00274427545e-09, 1.83157822242e-10, 1.66090041026e-11, 6.97051899708e-13, 5.90685540845e-14, 5.73879187444e-14, 1.09353812897e-12, 3.57251688559e-15, 1.09174129511e-15]
        max: [4.05605669584e-06, 0.00146778300405, 0.00343239773065, 0.00269812531769, 0.00259725190699, 0.0113962246105, 0.000496044289321, 0.000610096554738, 0.00342918862589, 0.000457292597275, 0.00279710814357, 0.00013587147987, 0.000657133816276, 0.000290551513899, 0.000230454403209, 0.00183320511132, 0.000377894320991, 0.000207407021662, 0.000413928239141, 7.10132953827e-05, 1.92104507732e-05, 4.03806188842e-06, 1.57972056058e-06, 1.27833038732e-06, 4.78219772049e-06, 4.54887953083e-07, 3.07524828713e-07]
        mean: [4.75270582001e-07, 7.84981166362e-05, 0.000210035257624, 0.000102028534457, 0.00028520351043, 0.00167080038227, 0.000158109527547, 8.26287068776e-05, 0.000618848309387, 0.000139468189445, 0.000199799367692, 1.43310189742e-05, 6.43439852865e-05, 8.24972958071e-05, 2.97181959468e-05, 0.000101157762401, 5.86881615163e-05, 2.91274864139e-05, 4.38537281298e-05, 1.22319243019e-05, 3.28280839312e-06, 7.51296909129e-07, 8.84216149188e-08, 9.65667936725e-08, 1.82998988407e-07, 5.78605163781e-09, 8.58341175913e-10]
        min: [1.08138463462e-10, 2.6088251559e-09, 1.61333357784e-09, 1.69680636208e-09, 5.92692561696e-09, 7.28424698337e-09, 3.33615224335e-09, 9.89049397937e-10, 1.47958205687e-08, 3.10002512549e-08, 3.6338430931e-08, 4.30869349088e-08, 1.36754296776e-08, 5.49975009978e-10, 9.97784521672e-09, 1.72039467117e-08, 6.40248476458e-09, 7.27767224262e-09, 5.39440803138e-09, 4.95529084432e-09, 1.51583678942e-09, 1.60102076041e-09, 1.0920605531e-09, 7.47145068036e-10, 1.19054127667e-10, 1.73799386341e-12, 7.69303105377e-14]
        var: [6.45643044236e-13, 5.23120604612e-08, 2.84728486122e-07, 1.11804759229e-07, 8.8414850552e-08, 5.7438883232e-06, 9.97418236892e-09, 4.02849620329e-09, 3.06234312575e-07, 1.14200942036e-08, 6.49121716378e-08, 3.76796566171e-10, 4.69708627548e-09, 2.82904211168e-09, 8.8725793379e-10, 2.84681185292e-08, 3.68696539965e-09, 8.18348666609e-10, 2.10145878476e-09, 1.41217412764e-10, 9.75509516915e-12, 3.57340025625e-13, 1.80179950685e-14, 2.66237956025e-14, 3.05288780367e-13, 7.77808914942e-16, 2.18266189471e-16]
    mfcc:
        mean: [-791.784851074, 197.435409546, -74.5360870361, 36.055103302, -24.8748683929, -16.3781013489, -13.638256073, -9.04110622406, -3.93000841141, -4.31209993362, -7.0822930336, -10.3944616318, -8.55919742584]
        cov: [[970.823669434, -24.8391456604, 64.2048110962, 46.8517303467, 128.035079956, 22.7228870392, 94.5846252441, 26.3847541809, 94.5138931274, -10.2176952362, 42.8571510315, 32.7641716003, 66.972442627], [-24.8391456604, 710.46282959, -155.040252686, 466.301940918, -140.358978271, 185.405197144, -100.960037231, 136.010864258, -28.8374176025, 90.0940704346, 45.6932487488, 114.46421814, 2.95915579796], [64.2048110962, -155.040252686, 315.044708252, -211.792922974, 137.638214111, -102.028030396, 39.272277832, -69.2003097534, -2.81801271439, -58.4215660095, 1.51394748688, -23.6368312836, -10.8451862335], [46.8517303467, 466.301940918, -211.792922974, 565.067138672, -83.4998931885, 239.892562866, -25.8989944458, 185.242507935, 42.7237968445, 105.254051208, 54.8395843506, 67.6380615234, 15.842376709], [128.035079956, -140.358978271, 137.638214111, -83.4998931885, 158.151062012, -13.3653211594, 59.9877510071, -6.9465637207, 39.5373077393, -26.2519035339, 11.0800352097, -11.6330213547, -3.22794795036], [22.7228870392, 185.405197144, -102.028030396, 239.892562866, -13.3653211594, 184.172744751, 26.1538066864, 105.445533752, 25.1991958618, 54.354309082, 38.7340164185, 43.5535964966, 14.885468483], [94.5846252441, -100.960037231, 39.272277832, -25.8989944458, 59.9877510071, 26.1538066864, 94.1592559814, 28.9060173035, 38.3767623901, -9.11628627777, 16.4742698669, 2.48918581009, 12.5432987213], [26.3847541809, 136.010864258, -69.2003097534, 185.242507935, -6.9465637207, 105.445533752, 28.9060173035, 152.656524658, 60.0373687744, 34.1857223511, 24.8618011475, 39.5424957275, 12.7273330688], [94.5138931274, -28.8374176025, -2.81801271439, 42.7237968445, 39.5373077393, 25.1991958618, 38.3767623901, 60.0373687744, 97.3067626953, 20.983663559, 4.43655920029, -0.624682366848, 10.4667797089], [-10.2176952362, 90.0940704346, -58.4215660095, 105.254051208, -26.2519035339, 54.354309082, -9.11628627777, 34.1857223511, 20.983663559, 74.2640151978, 25.9319858551, 0.430695086718, -12.8688163757], [42.8571510315, 45.6932487488, 1.51394748688, 54.8395843506, 11.0800352097, 38.7340164185, 16.4742698669, 24.8618011475, 4.43655920029, 25.9319858551, 60.8740501404, 20.4791164398, 2.0540266037], [32.7641716003, 114.46421814, -23.6368312836, 67.6380615234, -11.6330213547, 43.5535964966, 2.48918581009, 39.5424957275, -0.624682366848, 0.430695086718, 20.4791164398, 94.9041900635, 37.4996871948], [66.972442627, 2.95915579796, -10.8451862335, 15.842376709, -3.22794795036, 14.885468483, 12.5432987213, 12.7273330688, 10.4667797089, -12.8688163757, 2.0540266037, 37.4996871948, 78.9006652832]]
        icov: [[0.00146501068957, -0.000533069192898, 0.000424096302595, -0.000312972842949, -0.00117201718967, 0.000756674213335, -0.00123810546938, 0.00100588251371, -0.00123500172049, 0.000501319824252, -0.000854541023728, 0.00018929115322, -0.00108065549284], [-0.000533069192898, 0.00621427595615, -0.00266622239724, -0.00375607749447, 0.00320219271816, -0.00156990601681, 0.00487920595333, -0.00131063000299, 0.00188544811681, -0.00126991525758, 0.000735886453185, -0.00480808643624, 0.00227880920283], [0.000424096302595, -0.00266622239724, 0.00835069362074, 0.00208628247492, -0.00724440487102, 0.00356682087295, -0.00236751697958, 0.000608746137004, 0.00054619013099, 0.00164360040799, -0.00224174628966, 0.00173988658935, -0.000795122643467], [-0.000312972842949, -0.00375607749447, 0.00208628247492, 0.00864719040692, -0.000912049494218, -0.00480630481616, 0.00136411457788, -0.00291222170927, -0.0012732562609, -0.000829051074106, -0.00129637960345, 0.00305796205066, -0.0013065545354], [-0.00117201718967, 0.00320219271816, -0.00724440487102, -0.000912049494218, 0.0177960190922, -0.00524871563539, -0.000551793898921, 0.00141964666545, -0.00541305216029, 0.00373604753986, -0.0016168828588, -0.00183602946345, 0.00388125726022], [0.000756674213335, -0.00156990601681, 0.00356682087295, -0.00480630481616, -0.00524871563539, 0.0194736663252, -0.00841316580772, -0.00369843933731, 0.00514639727771, -0.00549908680841, -0.000439731462393, -0.00082668295363, -0.00225791614503], [-0.00123810546938, 0.00487920595333, -0.00236751697958, 0.00136411457788, -0.000551793898921, -0.00841316580772, 0.0249910932034, -0.00420949375257, -0.00351823284291, 0.00369327515364, -0.00442338641733, -0.00135882385075, 0.000369390152628], [0.00100588251371, -0.00131063000299, 0.000608746137004, -0.00291222170927, 0.00141964666545, -0.00369843933731, -0.00420949375257, 0.0189135931432, -0.0107510788366, 0.004292269703, -0.00175322731957, -0.00284654716961, 0.00176270655356], [-0.00123500172049, 0.00188544811681, 0.00054619013099, -0.0012732562609, -0.00541305216029, 0.00514639727771, -0.00351823284291, -0.0107510788366, 0.023894360289, -0.0109049892053, 0.00638402998447, 0.000788391102105, -0.00307980645448], [0.000501319824252, -0.00126991525758, 0.00164360040799, -0.000829051074106, 0.00373604753986, -0.00549908680841, 0.00369327515364, 0.004292269703, -0.0109049892053, 0.0293475277722, -0.0118339750916, 0.00399976270273, 0.00456560589373], [-0.000854541023728, 0.000735886453185, -0.00224174628966, -0.00129637960345, -0.0016168828588, -0.000439731462393, -0.00442338641733, -0.00175322731957, 0.00638402998447, -0.0118339750916, 0.0265151765198, -0.00527668651193, 0.000693334382959], [0.00018929115322, -0.00480808643624, 0.00173988658935, 0.00305796205066, -0.00183602946345, -0.00082668295363, -0.00135882385075, -0.00284654716961, 0.000788391102105, 0.00399976270273, -0.00527668651193, 0.0204347297549, -0.00862617045641], [-0.00108065549284, 0.00227880920283, -0.000795122643467, -0.0013065545354, 0.00388125726022, -0.00225791614503, 0.000369390152628, 0.00176270655356, -0.00307980645448, 0.00456560589373, 0.000693334382959, -0.00862617045641, 0.0191357228905]]
    spectral_contrast:
        mean: [-2.28786291245e-07, 1.29350354428e-07, -1.3138547672e-07, -1.36938908213e-07, -2.4310969593e-07, 1.90300241343e-07, -1.131798399e-06, 4.23061919719e-06, 1.29474528876e-06, 2.07733228308e-06, -8.23427114938e-07, 9.19456851989e-07]
        var: [0.000181515642907, 0.00040901612374, 0.00112629064824, 0.00207653455436, 0.0033827975858, 0.00468465127051, 0.0347280427814, 0.0607084184885, 0.110925465822, 0.288021892309, 0.891268670559, 1.22141158581]

rhythm:
    beats_loudness:
        dmean: 0.0017020922387
        dmean2: 0.00278536649421
        dvar: 2.55533586824e-06
        dvar2: 9.36240394367e-06
        max: 0.011746333912
        mean: 0.00521159637719
        min: 0.00245903339237
        var: 5.26742587681e-06
    beats_loudness_bass:
        dmean: 0.0783417522907
        dmean2: 0.130077183247
        dvar: 0.0026086801663
        dvar2: 0.00908036064357
        max: 0.434527605772
        mean: 0.252299338579
        min: 0.0747987180948
        var: 0.00830981321633
    bpm: 127.500015259
    bpm_confidence: 0
    first_peak_bpm: 128
    first_peak_spread: 0
    first_peak_weight: 0.950000047684
    onset_rate: 4.27556848526
    second_peak_bpm: 118
    second_peak_spread: 0
    second_peak_weight: 0.0500000007451
    beats_position: [0.345049619675, 0.813842654228, 1.28263568878, 1.75142872334, 2.22022175789, 2.68901491165, 3.157807827, 3.62660074234, 4.09539365768, 4.56418657303, 5.03297948837, 5.50177192688, 6.00919055939, 6.48182964325, 6.95446777344, 7.42710638046, 7.89974498749, 8.37238407135, 8.84502220154, 9.31766033173, 9.79029846191]
    bpm_estimates: [127.729103088, 127.846740723, 127.636581421, 129.412399292, 127.559257507, 128.07723999, 127.829475403, 127.912391663, 127.910270691, 126.716346741, 127.279006958, 127.115699768, 127.50818634, 126.030479431, 127.207427979, 126.970573425, 126.759048462]
    bpm_intervals: [0.468793034554, 0.468793034554, 0.468793034554, 0.468793034554, 0.468793153763, 0.468792915344, 0.468792915344, 0.468792915344, 0.468792915344, 0.468792915344, 0.468792438507, 0.507418632507, 0.472639083862, 0.472638130188, 0.472638607025, 0.472638607025, 0.472639083862, 0.472638130188, 0.472638130188, 0.472638130188]
    onset_times: [0.0580498874187, 0.31346938014, 0.522448956966, 0.568888902664, 0.812698423862, 1.11455786228, 1.26548755169, 1.47446715832, 1.67183673382, 1.86920630932, 1.99691605568, 2.19428563118, 2.38004541397, 2.68190479279, 2.93732428551, 3.16952371597, 3.36689352989, 3.64553284645, 3.77324271202, 3.88934230804, 4.1099319458, 4.31891155243, 4.56272125244, 4.81814050674, 5.05034017563, 5.28253984451, 5.52634906769, 5.7701587677, 5.99074840546, 6.46675729752, 6.72217702866, 6.9543762207, 7.18657588959, 7.4303855896, 7.67419481277, 7.89478445053, 8.12698459625, 8.35918331146, 8.84680271149, 9.11383247375, 9.33442211151, 9.58984088898, 9.79882049561]
    rubato_start: []
    rubato_stop: []
    perceptual_tempo: "unknown"

sfx:
    inharmonicity:
        dmean: 0.0529250577092
        dmean2: 0.0959412753582
        dvar: 0.00627154577523
        dvar2: 0.0178962759674
        max: 0.383233606815
        mean: 0.0446557737887
        min: 0
        var: 0.00549275940284
    oddtoevenharmonicenergyratio:
        dmean: 4.91348981857
        dmean2: 9.02860546112
        dvar: 171.748428345
        dvar2: 487.091003418
        max: 139.671035767
        mean: 3.66445422173
        min: 0
        var: 140.223724365
    pitch_after_max_to_before_max_energy_ratio: 0.191108420491
    pitch_centroid: 209.696472168
    pitch_max_to_total: 0.986111104488
    pitch_min_to_total: 0.733796298504
    tristimulus:
        dmean: [0.229523390532, 0.243456706405, 0.0481499359012]
        dmean2: [0.397803366184, 0.416797250509, 0.0863621905446]
        dvar: [0.0456847697496, 0.0502460375428, 0.00324670434929]
        dvar2: [0.123817451298, 0.139889582992, 0.00965723209083]
        max: [1, 0.99926674366, 0.421792328358]
        mean: [0.440779060125, 0.495650351048, 0.0414661243558]
        min: [0.000402577687055, 0, 0]
        var: [0.073321968317, 0.0755924284458, 0.00327006774023]

tonal:
    chords_changes_rate: 0.0184331797063
    chords_number_rate: 0.0138248847798
    chords_strength:
        dmean: 0.00602301349863
        dmean2: 0.00464898627251
        dvar: 2.24630584853e-05
        dvar2: 2.70442214969e-05
        max: 0.754159927368
        mean: 0.533006668091
        min: 0.243727996945
        var: 0.0207228790969
    key_strength: 0.788264930248
    tuning_diatonic_strength: 0.570325255394
    tuning_equal_tempered_deviation: 0.0605176687241
    tuning_frequency: 443.060424805
    tuning_nontempered_energy_ratio: 0.687018036842
    hpcp:
        dmean: [0.13890516758, 0.097752712667, 0.0488619804382, 0.0229175128043, 0.0191876292229, 0.0521236360073, 0.0875001251698, 0.0676691383123, 0.119184590876, 0.111208975315, 0.0489588826895, 0.0321035981178, 0.0360423661768, 0.0302188713104, 0.0342683382332, 0.0410562120378, 0.038965228945, 0.0247103646398, 0.0148831270635, 0.0441113673151, 0.155927672982, 0.125778019428, 0.15366896987, 0.0648851245642, 0.0360187962651, 0.0456315465271, 0.0165888629854, 0.0229073055089, 0.0202568080276, 0.0822260901332, 0.119748070836, 0.0622314177454, 0.0748162791133, 0.0711049959064, 0.0711579173803, 0.1297634691]
        dmean2: [0.229954198003, 0.168311551213, 0.0904158726335, 0.0425936989486, 0.0346020683646, 0.0817538648844, 0.129477739334, 0.108655311167, 0.192357003689, 0.173117831349, 0.0825761184096, 0.0574549995363, 0.0660928636789, 0.0547578856349, 0.0594413951039, 0.0754679068923, 0.074657805264, 0.0467317253351, 0.0261566396803, 0.0749483704567, 0.238988891244, 0.225859135389, 0.246554762125, 0.111637376249, 0.0661083683372, 0.0717021003366, 0.0294196307659, 0.0403169579804, 0.0350901968777, 0.132188081741, 0.191476464272, 0.105786390603, 0.125612795353, 0.121730938554, 0.128645330667, 0.21095135808]
        dvar: [0.0235887765884, 0.0260094087571, 0.0199424494058, 0.00690825516358, 0.00305491033942, 0.00430280668661, 0.0132394712418, 0.00746518559754, 0.0227393731475, 0.0207589101046, 0.00460173795, 0.0047870199196, 0.00825531128794, 0.00613772682846, 0.00446999911219, 0.00573793333024, 0.00942163076252, 0.00372276152484, 0.00119620538317, 0.00506743602455, 0.0186944510788, 0.0456448830664, 0.0187981165946, 0.0142863150686, 0.0121980719268, 0.00684601906687, 0.000392343616113, 0.00104908819776, 0.000862987770233, 0.0104607539251, 0.0207489933819, 0.0067807934247, 0.00800733920187, 0.00832916516811, 0.0204754006118, 0.0244640000165]
        dvar2: [0.05563480407, 0.0679223164916, 0.0548617504537, 0.0197987090796, 0.0086585143581, 0.0105894245207, 0.0317746661603, 0.0184628758579, 0.0571684017777, 0.0475165620446, 0.0136789670214, 0.0126540474594, 0.0232420284301, 0.0175947472453, 0.0130575299263, 0.0172737892717, 0.0277754608542, 0.0105174174532, 0.00319597148336, 0.013400924392, 0.0499434880912, 0.115374363959, 0.0511007755995, 0.0384079962969, 0.028414061293, 0.0160900820047, 0.00101373426151, 0.00282229320146, 0.00242060259916, 0.0250556915998, 0.0526782535017, 0.0182148627937, 0.021519176662, 0.0221946649253, 0.0562256127596, 0.0639996305108]
        max: [1, 1, 0.836452186108, 0.71124958992, 0.509240448475, 0.596257030964, 0.766341984272, 0.614876925945, 1, 1, 0.593560576439, 0.372687876225, 0.6096971035, 0.761106073856, 0.547028005123, 0.421511888504, 0.630931556225, 0.337750375271, 0.336865961552, 0.477767020464, 1, 1, 1, 1, 1, 0.843546688557, 0.12098133564, 0.239375799894, 0.238194078207, 0.769469261169, 1, 0.659527659416, 0.676301240921, 0.822309195995, 1, 1]
        mean: [0.301305145025, 0.113968469203, 0.0362040773034, 0.0180148612708, 0.0170039180666, 0.0912501066923, 0.151537403464, 0.12507776916, 0.268851011992, 0.289939552546, 0.0890025272965, 0.0270997062325, 0.0274546463042, 0.0259595233947, 0.0368327833712, 0.0411578714848, 0.0281238593161, 0.0173821188509, 0.0127549357712, 0.0416953712702, 0.433284312487, 0.707785606384, 0.338624417782, 0.14551153779, 0.212445124984, 0.103056058288, 0.0206925310194, 0.0262530595064, 0.0292210374027, 0.146155163646, 0.198984697461, 0.100297473371, 0.104268915951, 0.0961261019111, 0.0812819376588, 0.271143168211]
        min: [0.000798841821961, 0.00174727546982, 0.000102600999526, 9.87174134934e-05, 0.000259493477643, 0.00152688566595, 0.00305747846141, 0.00276408647187, 0.00248654698953, 0.00337757077068, 0.00212103570811, 0.000260225671809, 0.000231006008107, 0.00090515014017, 0.00190746388398, 0.00177787477151, 0.000414844980696, 0.000180901930435, 0.000200325986953, 0.000340165919624, 0.00134415319189, 0.00170866842382, 0.00484092533588, 0.000206718177651, 0.000118588912301, 0.000238411419559, 0.000943402701523, 0.000445220852271, 0.000443713186542, 0.000937465636525, 0.00162242224906, 0.00161423056852, 0.00255528907292, 0.00237419712357, 0.00153041433077, 0.000646660220809]
        var: [0.0769287422299, 0.0243716780096, 0.0129275182262, 0.00474285427481, 0.00194297602866, 0.0098571786657, 0.0283522326499, 0.015866830945, 0.0808007642627, 0.0947904363275, 0.0110466461629, 0.00354609522037, 0.0051913051866, 0.0039698057808, 0.00308197014965, 0.00408226065338, 0.00526883127168, 0.00220760586672, 0.000870406394824, 0.00448638154194, 0.0692188739777, 0.14683867991, 0.0436788983643, 0.0692256689072, 0.149895623326, 0.0381921939552, 0.00046547956299, 0.00113624194637, 0.000888192036655, 0.0250403806567, 0.0471837297082, 0.0101565849036, 0.012961961329, 0.0121382875368, 0.0170892104506, 0.0702768340707]
    chords_histogram: [58.5253448486, 23.9631328583, 0, 0, 0, 0, 0, 0, 0, 0.921658992767, 0, 0, 0, 0, 0, 0, 0, 0, 0, 0, 0, 0, 0, 16.5898609161]
    thpcp: [1, 0.478427946568, 0.205587029457, 0.300154626369, 0.145603492856, 0.0292355921119, 0.0370918251574, 0.0412851534784, 0.206496372819, 0.281136959791, 0.141706004739, 0.147317096591, 0.135812461376, 0.1148397699, 0.383086591959, 0.425701141357, 0.161021173, 0.0511511899531, 0.0254524275661, 0.0240241084248, 0.128923371434, 0.214100718498, 0.176717028022, 0.379848092794, 0.40964320302, 0.125747859478, 0.0382880158722, 0.0387894958258, 0.0366770997643, 0.052039463073, 0.0581501945853, 0.0397349968553, 0.0245584528893, 0.0180209036916, 0.0589096061885, 0.612168848515]
    chords_key: "A"
    chords_scale: "minor"
    key_key: "A"
    key_scale: "minor"
    chords_progression: ["C", "C", "C", "C", "C", "C", "C", "C", "C", "C", "C", "C", "C", "C", "C", "C", "C", "C", "C", "C", "C", "C", "C", "C", "C", "E", "E", "F", "F", "F", "F", "F", "F", "F", "F", "F", "F", "F", "F", "F", "F", "F", "F", "F", "F", "F", "F", "F", "F", "F", "F", "F", "F", "F", "F", "F", "F", "F", "F", "F", "F", "F", "F", "C", "C", "C", "C", "C", "C", "C", "C", "C", "C", "C", "C", "C", "C", "C", "C", "C", "C", "C", "C", "C", "C", "C", "C", "C", "C", "C", "Am", "Am", "Am", "Am", "Am", "Am", "Am", "Am", "Am", "Am", "Am", "Am", "Am", "Am", "Am", "Am", "Am", "Am", "Am", "Am", "Am", "Am", "Am", "Am", "Am", "Am", "Am", "Am", "Am", "Am", "Am", "Am", "Am", "Am", "Am", "Am", "Am", "Am", "Am", "Am", "Am", "Am", "Am", "Am", "Am", "Am", "Am", "Am", "Am", "Am", "Am", "Am", "Am", "Am", "Am", "Am", "Am", "Am", "Am", "Am", "Am", "Am", "Am", "Am", "Am", "Am", "Am", "Am", "Am", "Am", "Am", "Am", "Am", "Am", "Am", "Am", "Am", "Am", "Am", "Am", "Am", "Am", "Am", "Am", "Am", "Am", "Am", "Am", "Am", "Am", "Am", "Am", "Am", "Am", "Am", "Am", "Am", "Am", "Am", "Am", "Am", "Am", "Am", "Am", "Am", "Am", "Am", "Am", "Am", "Am", "Am", "Am", "Am", "Am", "Am", "Am", "Am", "Am", "Am", "Am", "Am", "Am", "Am", "Am", "Am", "Am", "Am"]
