
metadata:
    version:
        essentia: "1.2.2"
    audio_properties:
        analysis_sample_rate: 44100
        bitrate: 128
        channels: 2
        equal_loudness: 1
        length: 9.97877597809
        replay_gain: -15.1137962341
        downmix: "mix"
    tags:
        track: 8
        year: 0
        album: "Splitted by Mp3Splt v. 2.1"
        artist: "From 001.10 To 001.20"
        comment: "http://mp3splt.sf.net"
        genre: ""
        title: "13 Thank You Baby (For Making"

highlevel:
    ballroom:
        all:
            ChaChaCha: 0.0463638082147
            Jive: 0.208472922444
            Quickstep: 0.164996102452
            Rumba-American: 0.0202286206186
            Rumba-International: 0.0620284788311
            Rumba-Misc: 0.0444709509611
            Samba: 0.0814827382565
            Tango: 0.0512758269906
            VienneseWaltz: 0.261465281248
            Waltz: 0.0592152774334
        probability: 0.261465281248
        value: "VienneseWaltz"
    culture:
        all:
            non_western: 0.0173346213996
            western: 0.982665359974
        probability: 0.982665359974
        value: "western"
    gender:
        all:
            female: 0.601099729538
            male: 0.398900270462
        probability: 0.601099729538
        value: "female"
    genre_dortmund:
        all:
            alternative: 0.0768243521452
            blues: 0.031432043761
            electronic: 0.0272643640637
            folkcountry: 0.175859734416
            funksoulrnb: 0.0235820747912
            jazz: 0.0349000655115
            pop: 0.122165493667
            raphiphop: 0.0164957400411
            rock: 0.491476148367
        probability: 0.491476148367
        value: "rock"
    genre_electronica:
        all:
            ambient: 0.367242783308
            dnb: 0.0514343716204
            house: 0.0104765761644
            techno: 0.00568246282637
            trance: 0.56516379118
        probability: 0.56516379118
        value: "trance"
    genre_rosamerica:
        all:
            cla: 0.0566997081041
            dan: 0.0744041278958
            hip: 0.0130777582526
            jaz: 0.0756952613592
            pop: 0.642350852489
            rhy: 0.0509368143976
            roc: 0.0803580582142
            spe: 0.00647742114961
        probability: 0.642350852489
        value: "pop"
    genre_tzanetakis:
        all:
            blu: 0.0143749536946
            cla: 0.0205177869648
            cou: 0.40745985508
            dis: 0.015547208488
            hip: 0.00424697855487
            jaz: 0.043856870383
            met: 0.00670511974022
            pop: 0.402623593807
            reg: 0.0416492521763
            roc: 0.0430183559656
        probability: 0.40745985508
        value: "cou"
    live_studio:
        all:
            live: 0.0834173858166
            studio: 0.916582643986
        probability: 0.916582643986
        value: "studio"
    mood:
        all:
            Cluster1: 0.157316595316
            Cluster2: 0.409274309874
            Cluster3: 0.140094965696
            Cluster4: 0.185523569584
            Cluster5: 0.10779055953
        probability: 0.409274309874
        value: "Cluster2"
    mood_acoustic:
        all:
            acoustic: 0.0103806005791
            not_acoustic: 0.989619374275
        probability: 0.989619374275
        value: "not_acoustic"
    mood_aggressive:
        all:
            aggressive: 0.101012147963
            not_aggressive: 0.898987829685
        probability: 0.898987829685
        value: "not_aggressive"
    mood_electronic:
        all:
            electronic: 0.37711840868
            not_electronic: 0.62288159132
        probability: 0.62288159132
        value: "not_electronic"
    mood_happy:
        all:
            happy: 0.9391746521
            not_happy: 0.0608253739774
        probability: 0.9391746521
        value: "happy"
    mood_party:
        all:
            not_party: 0.519433915615
            party: 0.480566084385
        probability: 0.519433915615
        value: "not_party"
    mood_relaxed:
        all:
            not_relaxed: 0.275177627802
            relaxed: 0.724822402
        probability: 0.724822402
        value: "relaxed"
    mood_sad:
        all:
            not_sad: 0.541083574295
            sad: 0.458916395903
        probability: 0.541083574295
        value: "not_sad"
    rhythm:
        all:
            fast: 0.440904796124
            medium: 0.419586509466
            slow: 0.139508679509
        probability: 0.440904796124
        value: "fast"
    speech_music:
        all:
            music: 0.999963998795
            speech: 3.60307531082e-05
        probability: 0.999963998795
        value: "music"
    timbre:
        all:
            bright: 0.668064892292
            dark: 0.331935077906
        probability: 0.668064892292
        value: "bright"
    voice_instrumental:
        all:
            instrumental: 0.456893503666
            voice: 0.543106496334
        probability: 0.543106496334
        value: "voice"

lowlevel:
    average_loudness: 0.984468877316
    barkbands_kurtosis:
        dmean: 0.725725412369
        dmean2: 1.12009131908
        dvar: 1.52361941338
        dvar2: 3.20893335342
        max: 22.7185993195
        mean: -0.0554685555398
        min: -1.79753923416
        var: 6.34482765198
    barkbands_skewness:
        dmean: 0.334739923477
        dmean2: 0.495623499155
        dvar: 0.0928961113095
        dvar2: 0.188233092427
        max: 4.21528768539
        mean: 0.32037499547
        min: -1.72434270382
        var: 1.00960385799
    barkbands_spread:
        dmean: 3.72508597374
        dmean2: 5.46563148499
        dvar: 13.6971321106
        dvar2: 27.3837108612
        max: 49.8984069824
        mean: 25.2302494049
        min: 3.41508936882
        var: 75.769317627
    dissonance:
        dmean: 0.019705619663
        dmean2: 0.033180873841
        dvar: 0.000355774944182
        dvar2: 0.000884145032614
        max: 0.49740204215
        mean: 0.451133489609
        min: 0.305602312088
        var: 0.00083572533913
    hfc:
        dmean: 1.92525172234
        dmean2: 2.80507445335
        dvar: 5.90711688995
        dvar2: 13.3749780655
        max: 31.8112354279
        mean: 8.35396003723
        min: 0.070954233408
        var: 26.0438728333
    pitch:
        dmean: 167.171905518
        dmean2: 325.223022461
        dvar: 316873.4375
        dvar2: 840941.4375
        max: 4009.09082031
        mean: 398.790710449
        min: 92.4528274536
        var: 217150.546875
    pitch_instantaneous_confidence:
        dmean: 0.0841227173805
        dmean2: 0.127774804831
        dvar: 0.00755138183013
        dvar2: 0.0154237709939
        max: 0.943994700909
        mean: 0.583057165146
        min: 0.151110470295
        var: 0.0238467007875
    pitch_salience:
        dmean: 0.0543442852795
        dmean2: 0.0858446285129
        dvar: 0.00255063525401
        dvar2: 0.00560327200219
        max: 0.839881420135
        mean: 0.541625678539
        min: 0.304048746824
        var: 0.00826587155461
    silence_rate_20dB:
        dmean: 0
        dmean2: 0
        dvar: 0
        dvar2: 0
        max: 1
        mean: 1
        min: 1
        var: 0
    silence_rate_30dB:
        dmean: 0
        dmean2: 0
        dvar: 0
        dvar2: 0
        max: 1
        mean: 1
        min: 1
        var: 0
    silence_rate_60dB:
        dmean: 0.0627906993032
        dmean2: 0.125874131918
        dvar: 0.0588478967547
        dvar2: 0.114690952003
        max: 1
        mean: 0.157772615552
        min: 0
        var: 0.132879912853
    spectral_centroid:
        dmean: 165.155029297
        dmean2: 247.73500061
        dvar: 31466.2890625
        dvar2: 65345.71875
        max: 2698.58032227
        mean: 1482.26391602
        min: 536.219177246
        var: 256739.703125
    spectral_complexity:
        dmean: 2.52447557449
        dmean2: 3.9275701046
        dvar: 8.05358791351
        dvar2: 17.0765132904
        max: 34
        mean: 13.5860462189
        min: 0
        var: 24.7635097504
    spectral_crest:
        dmean: 1.95905816555
        dmean2: 3.02868413925
        dvar: 3.33716893196
        dvar2: 7.54203796387
        max: 22.1925373077
        mean: 9.27118968964
        min: 3.28568100929
        var: 20.0402698517
    spectral_decrease:
        dmean: 3.01949548698e-10
        dmean2: 4.70893990467e-10
        dvar: 1.62946606135e-19
        dvar2: 4.13755432206e-19
        max: -1.69613507267e-11
        mean: -1.26934862621e-09
        min: -3.57511575899e-09
        var: 3.23868532624e-19
    spectral_energy:
        dmean: 0.00129548669793
        dmean2: 0.00199794955552
        dvar: 2.82645464722e-06
        dvar2: 7.13940971764e-06
        max: 0.0145477065817
        mean: 0.00554853724316
        min: 7.04517078702e-05
        var: 6.11353470958e-06
    spectral_energyband_high:
        dmean: 9.6791285614e-05
        dmean2: 0.00014621122682
        dvar: 1.97660607881e-08
        dvar2: 4.86454680981e-08
        max: 0.00132895295974
        mean: 0.000251361198025
        min: 2.757677521e-06
        var: 5.53779209156e-08
    spectral_energyband_low:
        dmean: 0.000127368999529
        dmean2: 0.000208990168176
        dvar: 9.24092660171e-08
        dvar2: 2.45017560019e-07
        max: 0.00229489547201
        mean: 0.000182989737368
        min: 4.88117279929e-07
        var: 8.26978947543e-08
    spectral_energyband_middle_high:
        dmean: 0.000595466291998
        dmean2: 0.000858535990119
        dvar: 5.1382573929e-07
        dvar2: 1.08466804249e-06
        max: 0.00982603151351
        mean: 0.00247526308522
        min: 1.28355268316e-05
        var: 2.75162005892e-06
    spectral_energyband_middle_low:
        dmean: 0.000842172827106
        dmean2: 0.00131768221036
        dvar: 1.55131272095e-06
        dvar2: 4.03953845307e-06
        max: 0.0118197621778
        mean: 0.00263891811483
        min: 5.40013643331e-05
        var: 3.53983386958e-06
    spectral_flatness_db:
        dmean: 0.0155791817233
        dmean2: 0.0219149608165
        dvar: 0.000257051346125
        dvar2: 0.000511571881361
        max: 0.300163328648
        mean: 0.145909592509
        min: 0.079753793776
        var: 0.00114450778347
    spectral_flux:
        dmean: 0.0104552162811
        dmean2: 0.016294054687
        dvar: 0.000127748338855
        dvar2: 0.000272479141131
        max: 0.0989391952753
        mean: 0.0376714169979
        min: 0.00717629399151
        var: 0.000305844994728
    spectral_kurtosis:
        dmean: 1.070343256
        dmean2: 1.65748715401
        dvar: 1.6628600359
        dvar2: 3.33034443855
        max: 21.8566322327
        mean: 4.30413579941
        min: 0.965795516968
        var: 5.94033336639
    spectral_rms:
        dmean: 0.00027253801818
        dmean2: 0.000407123676268
        dvar: 1.13385496547e-07
        dvar2: 2.5265126169e-07
        max: 0.00376734463498
        mean: 0.00225861230865
        min: 0.000262170506176
        var: 3.1188289995e-07
    spectral_rolloff:
        dmean: 262.112518311
        dmean2: 435.242004395
        dvar: 108110.921875
        dvar2: 230646.9375
        max: 4242.04101562
        mean: 2612.32983398
        min: 473.73046875
        var: 640736.375
    spectral_skewness:
        dmean: 0.150368496776
        dmean2: 0.238183692098
        dvar: 0.0243852566928
        dvar2: 0.0506104268134
        max: 3.72273421288
        mean: 1.71660113335
        min: 0.981183409691
        var: 0.13169965148
    spectral_spread:
        dmean: 591208.9375
        dmean2: 797398
        dvar: 616425979904
        dvar2: 874441605120
        max: 15978735
        mean: 5522016
        min: 2506100
        var: 1.46896243917e+12
    spectral_strongpeak:
        dmean: 0.673816859722
        dmean2: 1.14037287235
        dvar: 0.921348929405
        dvar2: 2.37476325035
        max: 8.9340133667
        mean: 1.59222173691
        min: 0.0227300133556
        var: 2.33598303795
    zerocrossingrate:
        dmean: 0.00661057699472
        dmean2: 0.00803040154278
        dvar: 3.28065252688e-05
        dvar2: 4.4556290959e-05
        max: 0.14013671875
        mean: 0.0829374119639
        min: 0.0205078125
        var: 0.000563497887924
    barkbands:
        dmean: [2.00397934691e-07, 4.3856096454e-05, 0.00010355165432, 8.21815701784e-05, 0.00034274533391, 0.000154934736202, 0.000288808718324, 0.000129517022287, 0.000189205617062, 7.62226554798e-05, 5.67064598727e-05, 4.68486177851e-05, 5.83533364988e-05, 5.02624970977e-05, 0.000115085269499, 0.000157168673468, 0.000190904582269, 0.000190571096027, 0.000180431074114, 7.68130266806e-05, 5.20143512404e-05, 1.48822618939e-05, 5.48082243768e-06, 2.56455928138e-06, 1.739819254e-06, 8.9469963882e-08, 1.80876913447e-09]
        dmean2: [3.11282150278e-07, 6.36842596577e-05, 0.00018106828793, 0.000135688955197, 0.000580337014981, 0.000257057836279, 0.000432710075984, 0.000197942354134, 0.000281629618257, 0.000113878872071, 8.20636269054e-05, 7.34991917852e-05, 8.12180878711e-05, 7.56888184696e-05, 0.000185056007467, 0.000221376074478, 0.000285617745249, 0.000290586584015, 0.000263640860794, 0.000125825812574, 8.01672576927e-05, 2.44160619332e-05, 8.21791309136e-06, 3.50736240762e-06, 2.4647531518e-06, 1.24645595179e-07, 2.17305262673e-09]
        dvar: [6.69979886457e-14, 7.6674124827e-09, 6.94892818842e-08, 3.35338548041e-08, 7.59543695494e-07, 8.30594402146e-08, 2.04641750656e-07, 5.5382134434e-08, 1.40076835464e-07, 4.17706758071e-08, 1.56446038346e-08, 5.3184892046e-09, 9.43086497784e-09, 6.96428648084e-09, 3.88516561145e-08, 5.72942511212e-08, 8.92514577799e-08, 1.09266331094e-07, 1.54638300387e-07, 1.17361533825e-08, 7.32352356536e-09, 6.91717350065e-10, 6.69209895832e-11, 1.09038680862e-11, 5.62542850843e-12, 1.54383748624e-14, 5.73696844543e-16]
        dvar2: [1.25721237891e-13, 1.3765250273e-08, 1.95056117036e-07, 8.82536710378e-08, 2.07070547731e-06, 1.87433812471e-07, 4.2948821033e-07, 1.35703416504e-07, 2.61751921471e-07, 8.84134934154e-08, 3.12277030901e-08, 1.29117356806e-08, 1.62663180703e-08, 1.4735727305e-08, 9.90455788497e-08, 1.11871344188e-07, 1.71896175516e-07, 2.43654852738e-07, 3.43783312928e-07, 2.78178848845e-08, 1.86305797456e-08, 1.84810078352e-09, 1.50219364725e-10, 2.18525701007e-11, 1.06465322669e-11, 2.8268089841e-14, 5.56121440284e-16]
        max: [2.24887526201e-06, 0.000628105597571, 0.00182923697866, 0.00189130043145, 0.00856735184789, 0.00376041629352, 0.00602991087362, 0.00265879719518, 0.00535019347444, 0.00257599097677, 0.00172906811349, 0.000920670048799, 0.00141488248482, 0.00104917900171, 0.00216760975309, 0.00396259035915, 0.0051141558215, 0.00628400314599, 0.00621006032452, 0.00148541491944, 0.000937771634199, 0.000214545274503, 8.93274191185e-05, 3.71908099623e-05, 2.84783600364e-05, 1.06455411242e-06, 5.05369996517e-07]
        mean: [5.01826207255e-07, 6.63968821755e-05, 0.000116103277833, 9.78971802397e-05, 0.000425513804657, 0.000342541956343, 0.00100135721732, 0.000332996452926, 0.000418942014221, 9.93070207187e-05, 0.000111049361294, 8.39604035718e-05, 0.000120926189993, 0.000107216321339, 0.000223794733756, 0.000345136184478, 0.000439577415818, 0.000518443412147, 0.000357433018507, 0.000187129160622, 0.000101608507975, 2.53766756941e-05, 1.32701834445e-05, 7.90085414337e-06, 3.99543114327e-06, 1.68196237382e-07, 1.92098181806e-09]
        min: [2.07929617968e-10, 3.40498651497e-08, 2.85101492636e-07, 3.02326128576e-07, 2.59997545982e-06, 3.27045142967e-07, 3.50184609488e-06, 2.56271300714e-06, 1.72023271716e-06, 8.56919768921e-07, 6.65099832986e-07, 2.92378672384e-07, 5.4490567436e-07, 8.37487050376e-07, 7.0341847902e-08, 1.53283929194e-06, 1.11556505544e-06, 2.21290133595e-06, 2.16194553104e-06, 1.187244834e-06, 1.30810872179e-06, 1.60332760402e-07, 5.11643243328e-08, 3.2713479925e-08, 1.60229127744e-08, 1.34131927787e-09, 7.58804564321e-12]
        var: [1.81348602042e-13, 1.23596457513e-08, 4.55178152947e-08, 2.80394267804e-08, 6.42541920115e-07, 1.59284226697e-07, 2.35718607655e-06, 1.49425929408e-07, 5.45630598481e-07, 6.28349425824e-08, 3.70315049736e-08, 1.2421013551e-08, 3.30865859155e-08, 2.44279156902e-08, 9.26497634168e-08, 2.18623185333e-07, 4.19153167286e-07, 5.26200835793e-07, 2.7630667887e-07, 3.69891743901e-08, 1.56192481171e-08, 9.57167123339e-10, 2.66529326387e-10, 6.19419515679e-11, 2.27353830207e-11, 3.03981862739e-14, 5.91916523239e-16]
    mfcc:
        mean: [-696.726501465, 105.579536438, -42.3788642883, 38.1202392578, -7.01783180237, -21.5930500031, -12.489692688, -5.83670473099, -2.23612356186, -2.66926431656, -2.98497319221, 2.74111223221, -0.607383131981]
        cov: [[1791.42004395, -621.1328125, 150.538223267, 107.455574036, 25.4759464264, 50.9519729614, 70.7320785522, 121.720710754, 12.6127500534, 16.2103061676, -52.6442070007, -129.774200439, -78.6710662842], [-621.1328125, 496.734588623, -57.2056732178, -97.6507415771, -36.0215644836, 61.7096214294, -3.01690149307, -66.3383255005, 6.46208190918, 11.2991037369, 78.1027526855, 50.3369102478, 72.1671142578], [150.538223267, -57.2056732178, 277.264373779, 112.994598389, 34.6196365356, -6.81420516968, 30.0176486969, -4.3660736084, -8.86982536316, -49.1839561462, 3.86076617241, 12.8900899887, -14.9250736237], [107.455574036, -97.6507415771, 112.994598389, 235.69367981, 66.6701049805, -25.9597511292, 16.734418869, 36.1433677673, 24.6338291168, -24.269859314, -30.8301334381, -17.1139736176, -47.8173561096], [25.4759464264, -36.0215644836, 34.6196365356, 66.6701049805, 189.585388184, -6.04484891891, 27.8571395874, 14.9009790421, 11.4194374084, -3.49411988258, -10.8903312683, -10.1399345398, -33.5047607422], [50.9519729614, 61.7096214294, -6.81420516968, -25.9597511292, -6.04484891891, 256.529388428, 55.9705619812, -40.8979759216, 17.0689678192, 28.8410015106, 30.270608902, -62.9562835693, 4.33088779449], [70.7320785522, -3.01690149307, 30.0176486969, 16.734418869, 27.8571395874, 55.9705619812, 105.468345642, 34.8521652222, -19.6186656952, 2.98356461525, -5.5095281601, -30.6716976166, -16.4562225342], [121.720710754, -66.3383255005, -4.3660736084, 36.1433677673, 14.9009790421, -40.8979759216, 34.8521652222, 153.737915039, 34.5251045227, 31.9297657013, -14.958407402, -22.2030773163, -20.6778869629], [12.6127500534, 6.46208190918, -8.86982536316, 24.6338291168, 11.4194374084, 17.0689678192, -19.6186656952, 34.5251045227, 120.543029785, 42.779132843, 14.8048915863, -29.1242332458, -12.2668962479], [16.2103061676, 11.2991037369, -49.1839561462, -24.269859314, -3.49411988258, 28.8410015106, 2.98356461525, 31.9297657013, 42.779132843, 87.1959686279, 29.2142086029, -13.1770830154, -12.2211093903], [-52.6442070007, 78.1027526855, 3.86076617241, -30.8301334381, -10.8903312683, 30.270608902, -5.5095281601, -14.958407402, 14.8048915863, 29.2142086029, 102.868301392, 37.2567672729, 19.2790985107], [-129.774200439, 50.3369102478, 12.8900899887, -17.1139736176, -10.1399345398, -62.9562835693, -30.6716976166, -22.2030773163, -29.1242332458, -13.1770830154, 37.2567672729, 138.784194946, 71.7777557373], [-78.6710662842, 72.1671142578, -14.9250736237, -47.8173561096, -33.5047607422, 4.33088779449, -16.4562225342, -20.6778869629, -12.2668962479, -12.2211093903, 19.2790985107, 71.7777557373, 133.17817688]]
        icov: [[0.00118866178673, 0.0015587953385, -0.000489431840833, 0.000181493291166, 0.000119570620882, -0.000308807881083, -0.000244121809374, -0.000360334204743, 0.000103608064819, -0.000196403241716, -0.000619152386207, 0.000818722008262, -0.000538301886991], [0.0015587953385, 0.00475531769916, -0.000117999006761, 0.00073466647882, 0.000269357085926, -0.000541811750736, -0.00122702412773, 0.000513341801707, -0.000667842046823, 0.000293448450975, -0.00235643028282, 0.000694535323419, -0.00145978352521], [-0.000489431840833, -0.000117999006761, 0.00562829198316, -0.0022806590423, 8.54170648381e-05, 0.000141581869684, -0.0018213770818, 0.000739329203498, -0.000764809607062, 0.00319627672434, -0.00156067835633, -0.0011656715069, 0.000570367905311], [0.000181493291166, 0.00073466647882, -0.0022806590423, 0.00688510807231, -0.00133773905691, -0.000215296677197, -4.38589304395e-05, -0.00109163473826, -0.00191482750233, 0.00152664107736, 0.00129387818743, -0.000886275433004, 0.00167522823904], [0.000119570620882, 0.000269357085926, 8.54170648381e-05, -0.00133773905691, 0.00628107693046, 0.000289528310532, -0.00211644126102, 0.000549280899577, -0.00103042810224, 0.000132991044666, 0.000181988696568, -0.000808700802736, 0.0011752708815], [-0.000308807881083, -0.000541811750736, 0.000141581869684, -0.000215296677197, 0.000289528310532, 0.0071354303509, -0.00427328655496, 0.00362351769581, -0.000971521891188, -0.00195773364976, -0.00193894840777, 0.00405520666391, -0.0022489298135], [-0.000244121809374, -0.00122702412773, -0.0018213770818, -4.38589304395e-05, -0.00211644126102, -0.00427328655496, 0.0166207589209, -0.00587694719434, 0.00578957190737, -0.000604050874244, 0.000532075704541, 0.00178241636604, 0.000488777586725], [-0.000360334204743, 0.000513341801707, 0.000739329203498, -0.00109163473826, 0.000549280899577, 0.00362351769581, -0.00587694719434, 0.0110437236726, -0.00312083144672, -0.00365156773478, 0.000760671740863, 0.000680164375808, -0.000890496361535], [0.000103608064819, -0.000667842046823, -0.000764809607062, -0.00191482750233, -0.00103042810224, -0.000971521891188, 0.00578957190737, -0.00312083144672, 0.0136646647006, -0.00547864846885, -0.0015191991115, 0.00397671340033, -0.00151441455819], [-0.000196403241716, 0.000293448450975, 0.00319627672434, 0.00152664107736, 0.000132991044666, -0.00195773364976, -0.000604050874244, -0.00365156773478, -0.00547864846885, 0.0202531702816, -0.00496262591332, -0.00139470980503, 0.00291082053445], [-0.000619152386207, -0.00235643028282, -0.00156067835633, 0.00129387818743, 0.000181988696568, -0.00193894840777, 0.000532075704541, 0.000760671740863, -0.0015191991115, -0.00496262591332, 0.0158396493644, -0.00605548219755, 0.00186887953896], [0.000818722008262, 0.000694535323419, -0.0011656715069, -0.000886275433004, -0.000808700802736, 0.00405520666391, 0.00178241636604, 0.000680164375808, 0.00397671340033, -0.00139470980503, -0.00605548219755, 0.0165460295975, -0.00815379340202], [-0.000538301886991, -0.00145978352521, 0.000570367905311, 0.00167522823904, 0.0011752708815, -0.0022489298135, 0.000488777586725, -0.000890496361535, -0.00151441455819, 0.00291082053445, 0.00186887953896, -0.00815379340202, 0.0131897823885]]
    spectral_contrast:
        mean: [-7.79070830959e-07, -3.87768068322e-07, -1.07141083561e-07, 2.61602025375e-07, 2.9097117249e-07, -2.60597062152e-07, 2.53964299191e-06, -8.51584047723e-07, 1.88912940757e-06, -9.23871994019e-07, 1.63621677984e-06, -7.84771373219e-07]
        var: [0.000578799226787, 0.00189779815264, 0.00260291621089, 0.00281795649789, 0.00543517339975, 0.00661239679903, 0.0469764620066, 0.0642726793885, 0.112957343459, 0.176692649722, 0.326051622629, 1.13721883297]

rhythm:
    beats_loudness:
        dmean: 0.00161014450714
        dmean2: 0.00290816300549
        dvar: 1.0389437648e-06
        dvar2: 3.36246148436e-06
        max: 0.00921625178307
        mean: 0.00667148921639
        min: 0.00498584192246
        var: 1.58656814619e-06
    beats_loudness_bass:
        dmean: 0.0595017969608
        dmean2: 0.0987361520529
        dvar: 0.00143321009818
        dvar2: 0.00490787997842
        max: 0.201348647475
        mean: 0.100543476641
        min: 0.0325885228813
        var: 0.00203860457987
    bpm: 114.603355408
    bpm_confidence: 0
    first_peak_bpm: 115
    first_peak_spread: 0
    first_peak_weight: 0.941176474094
    onset_rate: 3.30701875687
    second_peak_bpm: 107
    second_peak_spread: 0
    second_peak_weight: 0.0588235296309
    beats_position: [0.500499367714, 1.0238314867, 1.5471637249, 2.07049608231, 2.59382820129, 3.1171605587, 3.64049267769, 4.1638250351, 4.68715715408, 5.21048974991, 5.7338218689, 6.29225826263, 6.81600475311, 7.33975028992, 7.8634967804, 8.38724327087, 8.91098880768, 9.43473434448]
    bpm_estimates: [114.627670288, 114.604850769, 114.612464905, 114.697624207, 114.634429932, 114.556228638, 114.697998047, 114.768447876, 115.140403748, 114.652709961, 115.142318726, 114.576347351, 115.215843201, 113.745491028, 114.567634583, 113.618232727, 114.398460388]
    bpm_intervals: [0.523332118988, 0.523332238197, 0.523332357407, 0.523332118988, 0.523332357407, 0.523332118988, 0.523332357407, 0.523332118988, 0.523332595825, 0.523332118988, 0.558436393738, 0.523746490479, 0.523745536804, 0.523746490479, 0.523746490479, 0.523745536804, 0.523745536804]
    onset_times: [0.0348299331963, 0.31346938014, 0.847528338432, 1.02167797089, 1.38158726692, 1.764716506, 2.06657600403, 2.32199549675, 2.42648530006, 2.60063481331, 2.91410422325, 3.13469386101, 3.48299312592, 4.051882267, 4.17959165573, 4.57433128357, 4.7020406723, 5.22448968887, 5.58439922333, 5.7701587677, 6.1068482399, 6.65251684189, 6.91954660416, 7.33750581741, 7.6858048439, 7.85995483398, 8.01088428497, 8.17342376709, 8.39401340485, 8.74231338501, 9.43891143799, 9.83365058899, 9.9613609314]
    rubato_start: []
    rubato_stop: []
    perceptual_tempo: "unknown"

sfx:
    inharmonicity:
        dmean: 0.0494003817439
        dmean2: 0.0873936414719
        dvar: 0.00341600412503
        dvar2: 0.00984258484095
        max: 0.364756017923
        mean: 0.0525754876435
        min: 8.46322000143e-05
        var: 0.00368901761249
    oddtoevenharmonicenergyratio:
        dmean: 7.04720067978
        dmean2: 13.1333885193
        dvar: 347.521850586
        dvar2: 954.110046387
        max: 179.251022339
        mean: 5.25118875504
        min: 0.000510533864144
        var: 281.321380615
    pitch_after_max_to_before_max_energy_ratio: 0.239599481225
    pitch_centroid: 215.269622803
    pitch_max_to_total: 0.874418616295
    pitch_min_to_total: 0.0139534883201
    tristimulus:
        dmean: [0.197616368532, 0.232541739941, 0.107732988894]
        dmean2: [0.34749853611, 0.405962198973, 0.187496244907]
        dvar: [0.0389766469598, 0.0461935289204, 0.011950854212]
        dvar2: [0.0960386767983, 0.12739507854, 0.0342064611614]
        max: [0.912829339504, 0.97127944231, 0.58573782444]
        mean: [0.33454734087, 0.51185041666, 0.131268545985]
        min: [0.0238575320691, 0, 0]
        var: [0.051390748471, 0.0587712116539, 0.0148185286671]

tonal:
    chords_changes_rate: 0.0324074067175
    chords_number_rate: 0.0185185186565
    chords_strength:
        dmean: 0.00883060786873
        dmean2: 0.00684910966083
        dvar: 5.8562909544e-05
        dvar2: 3.88885091525e-05
        max: 0.781992971897
        mean: 0.585476994514
        min: 0.376091599464
        var: 0.0106643475592
    key_strength: 0.765321731567
    tuning_diatonic_strength: 0.569153428078
    tuning_equal_tempered_deviation: 0.1142642349
    tuning_frequency: 441.782684326
    tuning_nontempered_energy_ratio: 0.700777173042
    hpcp:
        dmean: [0.0491853393614, 0.0673289597034, 0.139542907476, 0.153247997165, 0.145628809929, 0.11483207345, 0.144625931978, 0.0948260724545, 0.0744804292917, 0.0782621577382, 0.0939847528934, 0.14962092042, 0.186757266521, 0.139967486262, 0.111181594431, 0.0817729830742, 0.0693681165576, 0.129850998521, 0.130423009396, 0.106931492686, 0.0652782097459, 0.0497516915202, 0.043647326529, 0.0973549410701, 0.119108885527, 0.124851189554, 0.166468605399, 0.17971009016, 0.12810459733, 0.0798215344548, 0.0918615311384, 0.119243986905, 0.139733403921, 0.112526923418, 0.084478251636, 0.0749434679747]
        dmean2: [0.0785968825221, 0.114587910473, 0.225689962506, 0.24926738441, 0.239271581173, 0.183073252439, 0.24188888073, 0.159064441919, 0.125546067953, 0.12075138092, 0.153537601233, 0.236373245716, 0.302830696106, 0.229003459215, 0.185753524303, 0.138202160597, 0.111872591078, 0.211226180196, 0.216295316815, 0.173246756196, 0.107925631106, 0.0829412043095, 0.0739369764924, 0.161322012544, 0.195363909006, 0.208510503173, 0.282136797905, 0.299752354622, 0.22616276145, 0.146362558007, 0.165422528982, 0.210150241852, 0.229120671749, 0.171543702483, 0.136147618294, 0.12979310751]
        dvar: [0.0109894974157, 0.0161985494196, 0.0266096610576, 0.0372182801366, 0.032162040472, 0.0209039226174, 0.0420992821455, 0.0163712967187, 0.0227553211153, 0.0211996138096, 0.0188488140702, 0.0324586741626, 0.0527461133897, 0.0322768799961, 0.037401817739, 0.017566787079, 0.0103010330349, 0.0277328807861, 0.0316626876593, 0.0199899356812, 0.0142341032624, 0.0080575523898, 0.00570533145219, 0.0182310473174, 0.0302045680583, 0.0274539683014, 0.0407197028399, 0.0500841699541, 0.0318821668625, 0.0219315234572, 0.0418583154678, 0.0352981202304, 0.0341284498572, 0.0218002982438, 0.015535405837, 0.0260119121522]
        dvar2: [0.0239499788731, 0.038519192487, 0.0682145804167, 0.0864702910185, 0.0879947990179, 0.0522602163255, 0.102672986686, 0.0417764447629, 0.0625522360206, 0.0469439774752, 0.0418428704143, 0.0708697810769, 0.115250252187, 0.0773375555873, 0.0930079445243, 0.0413652695715, 0.0257039144635, 0.0630904585123, 0.0687715262175, 0.0438115522265, 0.0306945797056, 0.0206133779138, 0.0137468622997, 0.0411811061203, 0.0607347115874, 0.0672664493322, 0.103908956051, 0.125930517912, 0.0820757076144, 0.0591070465744, 0.117678955197, 0.0875249952078, 0.0817151665688, 0.0459666289389, 0.0363136529922, 0.0743481516838]
        max: [0.858345270157, 1, 1, 1, 1, 1, 1, 0.746978461742, 0.938922047615, 1, 1, 1, 1, 1, 1, 1, 0.709965586662, 1, 1, 1, 1, 0.708517491817, 0.745645225048, 1, 1, 1, 1, 1, 1, 0.917564809322, 1, 1, 1, 1, 0.971809267998, 1]
        mean: [0.0495264977217, 0.0763137489557, 0.324992030859, 0.433934271336, 0.220207944512, 0.193021759391, 0.235605984926, 0.132701560855, 0.0800721794367, 0.0916244089603, 0.118592500687, 0.265293091536, 0.344791352749, 0.210523694754, 0.131293982267, 0.101835265756, 0.0898358300328, 0.255662709475, 0.310564666986, 0.168336167932, 0.091008014977, 0.0584736838937, 0.0532800629735, 0.148092851043, 0.208395406604, 0.159894153476, 0.279291838408, 0.359206736088, 0.184006392956, 0.0732705518603, 0.0751433894038, 0.113990746439, 0.197890251875, 0.213322371244, 0.13391315937, 0.0729140937328]
        min: [0.000578068546019, 0.00214469223283, 0.010599010624, 0.00648198695853, 0.00627950951457, 0.000717194343451, 0.000689826032612, 0.000470309809316, 0.00142910482828, 0.0026182513684, 0.00144056801219, 0.00642253132537, 0.0098284939304, 0.00926638953388, 0.00130663253367, 0.00153789820615, 0.000961688696407, 0.00370837096125, 0.0041637881659, 0.00482717016712, 0.000868251547217, 0.00039628619561, 0.000965628540143, 0.00236806529574, 0.00129503104836, 0.00281892111525, 0.00235587125644, 0.00408428208902, 0.00273478450254, 0.000515752006322, 0.000757075205911, 0.00129636866041, 0.00141292717308, 0.000711066648364, 0.000405236729421, 0.00020180780848]
        var: [0.0107243545353, 0.0139822578058, 0.0823404863477, 0.134852662683, 0.040404625237, 0.0512267760932, 0.0785501077771, 0.0229370258749, 0.0196964815259, 0.0279591605067, 0.0292944330722, 0.0642452016473, 0.111804142594, 0.0486753731966, 0.0486686266959, 0.0288166739047, 0.0137363150716, 0.0785184428096, 0.11310081929, 0.0376871526241, 0.0327193699777, 0.0120864342898, 0.00838535185903, 0.0346990376711, 0.0768437534571, 0.0424075610936, 0.0688502117991, 0.105006031692, 0.0405176728964, 0.0170611776412, 0.0282349716872, 0.0358910635114, 0.0643627941608, 0.078763589263, 0.0306999236345, 0.0190042126924]
    chords_histogram: [40.7407417297, 0, 0, 0, 0, 0, 0, 0.925925910473, 0, 0, 0, 0, 0, 0, 0, 0, 0, 0, 0, 0, 0, 17.5925922394, 31.0185184479, 9.72222232819]
    thpcp: [1, 0.50746846199, 0.444817960262, 0.542953133583, 0.305810272694, 0.184526056051, 0.211148127913, 0.273295998573, 0.611366987228, 0.794570446014, 0.48515111208, 0.30256652832, 0.234679013491, 0.207026347518, 0.589173793793, 0.715695202351, 0.387930095196, 0.20972764492, 0.134752392769, 0.122783720493, 0.341279447079, 0.48024648428, 0.368475526571, 0.643627047539, 0.827790677547, 0.424042075872, 0.168851733208, 0.173167675734, 0.262691259384, 0.456037402153, 0.49160066247, 0.308602392673, 0.168030276895, 0.114133641124, 0.175864771008, 0.74894297123]
    chords_key: "F#"
    chords_scale: "major"
    key_key: "F#"
    key_scale: "major"
    chords_progression: ["F#", "F#", "F#", "F#", "F#", "F#", "F#", "F#", "F#", "F#", "F#", "F#", "F#", "F#", "F#", "F#", "F#", "F#", "F#", "F#", "F#", "F#", "F#", "F#", "F#", "F#", "F#", "F#", "F#", "F#", "F#", "F#", "F#", "F#", "F#", "F#", "F#", "F#", "F#", "F#", "F#", "F#", "F#", "F#", "F#", "F#", "F#", "F#", "F#", "F#", "F#", "F#", "F#", "F#", "F#", "F#", "F#", "F#", "F#", "F#", "F#", "F#", "F#", "F#", "F#", "F#", "F#", "F#", "F#", "F#", "F#", "F#", "F#", "F#", "F#", "F#", "F#", "F#", "F#", "F#", "F#", "F#", "F#", "F#", "F#", "F#", "F#", "B", "F#", "B", "B", "B", "B", "B", "B", "B", "B", "B", "B", "B", "B", "B", "G#m", "G#m", "G#m", "G#m", "G#m", "G#m", "G#m", "G#m", "G#m", "G#m", "G#m", "G#m", "G#m", "G#m", "G#m", "G#m", "G#m", "G#m", "G#m", "G#m", "G#m", "G#m", "G#m", "G#m", "G#m", "G#m", "G#m", "G#m", "G#m", "G#m", "G#m", "G#m", "G#m", "G#m", "G#m", "G#m", "G#m", "G#m", "Gm", "Gm", "D#m", "D#m", "D#m", "D#m", "D#m", "D#m", "D#m", "D#m", "D#m", "D#m", "D#m", "D#m", "D#m", "D#m", "D#m", "D#m", "D#m", "D#m", "D#m", "D#m", "D#m", "B", "B", "B", "B", "B", "B", "B", "B", "B", "B", "B", "B", "B", "B", "B", "B", "B", "B", "B", "B", "B", "B", "B", "B", "B", "B", "B", "B", "B", "B", "B", "B", "B", "B", "B", "B", "B", "B", "B", "B", "B", "B", "B", "B", "B", "B", "B", "B", "B", "B", "B", "B", "B"]
