
metadata:
    version:
        essentia: "1.2.2"
    audio_properties:
        analysis_sample_rate: 44100
        bitrate: 128
        channels: 2
        equal_loudness: 1
        length: 10.0048980713
        replay_gain: -10.8779983521
        downmix: "mix"
    tags:
        track: 7
        year: 0
        album: "Splitted by Mp3Splt v. 2.1"
        artist: "From 001.00 To 001.10"
        comment: "http://mp3splt.sf.net"
        genre: ""
        title: "12 The Tourist.mp3"

highlevel:
    ballroom:
        all:
            ChaChaCha: 0.0297422800213
            Jive: 0.023400856182
            Quickstep: 0.101444818079
            Rumba-American: 0.027421919629
            Rumba-International: 0.345472484827
            Rumba-Misc: 0.161392569542
            Samba: 0.0342028550804
            Tango: 0.0439877137542
            VienneseWaltz: 0.102882876992
            Waltz: 0.130051642656
        probability: 0.345472484827
        value: "Rumba-International"
    culture:
        all:
            non_western: 0.0166044533253
            western: 0.983395576477
        probability: 0.983395576477
        value: "western"
    gender:
        all:
            female: 0.70767557621
            male: 0.292324393988
        probability: 0.70767557621
        value: "female"
    genre_dortmund:
        all:
            alternative: 0.189236268401
            blues: 0.0110231721774
            electronic: 0.0334635414183
            folkcountry: 0.17140763998
            funksoulrnb: 0.0294234901667
            jazz: 0.379792422056
            pop: 0.0528545416892
            raphiphop: 0.00338056543842
            rock: 0.129418343306
        probability: 0.379792422056
        value: "jazz"
    genre_electronica:
        all:
            ambient: 0.594886124134
            dnb: 0.0278386473656
            house: 0.0306632388383
            techno: 0.0067529049702
            trance: 0.339859098196
        probability: 0.594886124134
        value: "ambient"
    genre_rosamerica:
        all:
            cla: 0.0551563091576
            dan: 0.0206909999251
            hip: 0.0215855017304
            jaz: 0.258791595697
            pop: 0.405371963978
            rhy: 0.0664029717445
            roc: 0.162203773856
            spe: 0.00979687925428
        probability: 0.405371963978
        value: "pop"
    genre_tzanetakis:
        all:
            blu: 0.0221735984087
            cla: 0.0590748898685
            cou: 0.182024627924
            dis: 0.0178546532989
            hip: 0.0141128152609
            jaz: 0.0997973680496
            met: 0.019718175754
            pop: 0.160240769386
            reg: 0.339496552944
            roc: 0.0855065584183
        probability: 0.339496552944
        value: "reg"
    live_studio:
        all:
            live: 0.722764730453
            studio: 0.277235269547
        probability: 0.722764730453
        value: "live"
    mood:
        all:
            Cluster1: 0.0374487638474
            Cluster2: 0.06888268888
            Cluster3: 0.843773782253
            Cluster4: 0.0165390111506
            Cluster5: 0.0333557277918
        probability: 0.843773782253
        value: "Cluster3"
    mood_acoustic:
        all:
            acoustic: 0.5986956954
            not_acoustic: 0.401304334402
        probability: 0.5986956954
        value: "acoustic"
    mood_aggressive:
        all:
            aggressive: 0.0127393854782
            not_aggressive: 0.987260639668
        probability: 0.987260639668
        value: "not_aggressive"
    mood_electronic:
        all:
            electronic: 0.561831653118
            not_electronic: 0.438168376684
        probability: 0.561831653118
        value: "electronic"
    mood_happy:
        all:
            happy: 0.153539255261
            not_happy: 0.84646075964
        probability: 0.84646075964
        value: "not_happy"
    mood_party:
        all:
            not_party: 0.909774780273
            party: 0.0902252271771
        probability: 0.909774780273
        value: "not_party"
    mood_relaxed:
        all:
            not_relaxed: 0.156225070357
            relaxed: 0.843774914742
        probability: 0.843774914742
        value: "relaxed"
    mood_sad:
        all:
            not_sad: 0.184855297208
            sad: 0.815144717693
        probability: 0.815144717693
        value: "sad"
    rhythm:
        all:
            fast: 0.00434072082862
            medium: 0.264854937792
            slow: 0.73080432415
        probability: 0.73080432415
        value: "slow"
    speech_music:
        all:
            music: 0.999939501286
            speech: 6.05250024819e-05
        probability: 0.999939501286
        value: "music"
    timbre:
        all:
            bright: 0.279927372932
            dark: 0.720072627068
        probability: 0.720072627068
        value: "dark"
    voice_instrumental:
        all:
            instrumental: 0.990447759628
            voice: 0.00955225899816
        probability: 0.990447759628
        value: "instrumental"

lowlevel:
    average_loudness: 0.928926229477
    barkbands_kurtosis:
        dmean: 1.50105845928
        dmean2: 2.33996891975
        dvar: 10.2138786316
        dvar2: 20.3455104828
        max: 65.7895202637
        mean: 3.13943386078
        min: -1.77533113956
        var: 67.4710235596
    barkbands_skewness:
        dmean: 0.322368383408
        dmean2: 0.493798166513
        dvar: 0.188288256526
        dvar2: 0.457558125257
        max: 6.94209337234
        mean: 1.36333739758
        min: -1.2696993351
        var: 1.15041661263
    barkbands_spread:
        dmean: 3.6443567276
        dmean2: 5.28536319733
        dvar: 20.9412631989
        dvar2: 37.221736908
        max: 72.2404251099
        mean: 21.6901798248
        min: 0.973045051098
        var: 155.46496582
    dissonance:
        dmean: 0.0215968042612
        dmean2: 0.0359562076628
        dvar: 0.000510430778377
        dvar2: 0.00129028095398
        max: 0.496815353632
        mean: 0.430560082197
        min: 0.287793785334
        var: 0.00153208209667
    hfc:
        dmean: 0.500909864902
        dmean2: 0.693869531155
        dvar: 0.34683790803
        dvar2: 0.618191063404
        max: 10.1678104401
        mean: 3.96034908295
        min: 0.0604516267776
        var: 8.70129871368
    pitch:
        dmean: 137.326782227
        dmean2: 253.022613525
        dvar: 488637.71875
        dvar2: 1144991
        max: 5512.5
        mean: 497.101074219
        min: 83.2075500488
        var: 985834.125
    pitch_instantaneous_confidence:
        dmean: 0.0525875501335
        dmean2: 0.0849366635084
        dvar: 0.00466531328857
        dvar2: 0.0101342247799
        max: 0.873990118504
        mean: 0.667759239674
        min: 0.229839026928
        var: 0.0244187302887
    pitch_salience:
        dmean: 0.0489338710904
        dmean2: 0.0780224874616
        dvar: 0.00256347283721
        dvar2: 0.00577873829752
        max: 0.787145018578
        mean: 0.481807231903
        min: 0.223497450352
        var: 0.0102976076305
    silence_rate_20dB:
        dmean: 0
        dmean2: 0
        dvar: 0
        dvar2: 0
        max: 1
        mean: 1
        min: 1
        var: 0
    silence_rate_30dB:
        dmean: 0
        dmean2: 0
        dvar: 0
        dvar2: 0
        max: 1
        mean: 1
        min: 1
        var: 0
    silence_rate_60dB:
        dmean: 0.0232558138669
        dmean2: 0.0466200448573
        dvar: 0.0227149426937
        dvar2: 0.0491086579859
        max: 1
        mean: 0.466357320547
        min: 0
        var: 0.248868525028
    spectral_centroid:
        dmean: 122.106643677
        dmean2: 169.83404541
        dvar: 32762.6523438
        dvar2: 64351.9921875
        max: 4145.24560547
        mean: 915.75793457
        min: 180.648406982
        var: 275489.96875
    spectral_complexity:
        dmean: 1.0724298954
        dmean2: 1.78454327583
        dvar: 1.35223221779
        dvar2: 3.00274896622
        max: 18
        mean: 8.55477809906
        min: 1
        var: 22.8949890137
    spectral_crest:
        dmean: 1.86457908154
        dmean2: 3.01044535637
        dvar: 3.32591414452
        dvar2: 8.8358001709
        max: 21.7011966705
        mean: 10.4390249252
        min: 3.74815750122
        var: 13.0550642014
    spectral_decrease:
        dmean: 1.47689721564e-10
        dmean2: 2.2043747383e-10
        dvar: 2.60340266711e-20
        dvar2: 5.23551270201e-20
        max: -7.81086029189e-11
        mean: -9.89862858347e-10
        min: -2.79947931503e-09
        var: 5.03596707608e-19
    spectral_energy:
        dmean: 0.000587299524341
        dmean2: 0.000877348938957
        dvar: 4.18832371452e-07
        dvar2: 8.29154714665e-07
        max: 0.0112866945565
        mean: 0.00409518694505
        min: 0.000300282321405
        var: 8.4000030256e-06
    spectral_energyband_high:
        dmean: 3.06594556605e-05
        dmean2: 4.40913463535e-05
        dvar: 3.33740057812e-09
        dvar2: 5.93085935918e-09
        max: 0.00126083090436
        mean: 0.000102808240626
        min: 1.6701987704e-07
        var: 2.70500351007e-08
    spectral_energyband_low:
        dmean: 5.6844422943e-05
        dmean2: 9.53218113864e-05
        dvar: 1.98881675573e-08
        dvar2: 4.96112306791e-08
        max: 0.00200293725356
        mean: 0.000427336519351
        min: 4.36825246197e-07
        var: 1.25176029542e-07
    spectral_energyband_middle_high:
        dmean: 0.00011793502199
        dmean2: 0.000160204668646
        dvar: 3.06990877164e-08
        dvar2: 6.1957543096e-08
        max: 0.002977731172
        mean: 0.000796567590442
        min: 5.50588310944e-07
        var: 5.27452641563e-07
    spectral_energyband_middle_low:
        dmean: 0.000550577184185
        dmean2: 0.000811273173895
        dvar: 3.42212899795e-07
        dvar2: 7.02904685568e-07
        max: 0.00942709203809
        mean: 0.00276845810004
        min: 7.77383975219e-05
        var: 5.02672128277e-06
    spectral_flatness_db:
        dmean: 0.0161208491772
        dmean2: 0.0245563630015
        dvar: 0.000319239072269
        dvar2: 0.00071059667971
        max: 0.37769857049
        mean: 0.213262706995
        min: 0.0903263241053
        var: 0.00195432058536
    spectral_flux:
        dmean: 0.00608695903793
        dmean2: 0.00994091946632
        dvar: 3.5156866943e-05
        dvar2: 8.48191557452e-05
        max: 0.0622147396207
        mean: 0.0217468105257
        min: 0.00229905196466
        var: 0.000129344974994
    spectral_kurtosis:
        dmean: 2.06361341476
        dmean2: 3.39280390739
        dvar: 8.68893051147
        dvar2: 21.0010757446
        max: 43.4986801147
        mean: 7.2225933075
        min: -0.267178058624
        var: 28.5964050293
    spectral_rms:
        dmean: 0.000150519757881
        dmean2: 0.00022630058811
        dvar: 2.32883188289e-08
        dvar2: 4.71004106828e-08
        max: 0.0033183444757
        mean: 0.00184679531958
        min: 0.000541256275028
        var: 5.84648944368e-07
    spectral_rolloff:
        dmean: 280.233123779
        dmean2: 449.776306152
        dvar: 297746.84375
        dvar2: 575803.4375
        max: 5878.56445312
        mean: 1723.71069336
        min: 193.798828125
        var: 1722810
    spectral_skewness:
        dmean: 0.223103299737
        dmean2: 0.347672075033
        dvar: 0.0812527164817
        dvar2: 0.176396608353
        max: 5.2022767067
        mean: 2.06872153282
        min: 0.400867909193
        var: 0.477531671524
    spectral_spread:
        dmean: 568303.125
        dmean2: 816013.125
        dvar: 925903749120
        dvar2: 1.72867846144e+12
        max: 12364995
        mean: 4588072.5
        min: 1916141.5
        var: 3.46726046106e+12
    spectral_strongpeak:
        dmean: 0.305931448936
        dmean2: 0.501115262508
        dvar: 0.274145185947
        dvar2: 0.575889766216
        max: 5.34702348709
        mean: 0.917879521847
        min: 0.0225747451186
        var: 0.977112174034
    zerocrossingrate:
        dmean: 0.00635107886046
        dmean2: 0.0073207882233
        dvar: 4.67862773803e-05
        dvar2: 4.98004264955e-05
        max: 0.2109375
        mean: 0.0552656985819
        min: 0.01171875
        var: 0.000874261837453
    barkbands:
        dmean: [1.49601021349e-07, 2.44125512836e-05, 4.63040960312e-05, 4.67530444439e-05, 0.000259265361819, 0.000135112190037, 2.86575486825e-05, 0.000142304823385, 0.000276637816569, 5.28674081579e-06, 1.16282053568e-05, 3.17662193083e-06, 3.58315651283e-06, 6.57773807688e-06, 1.56427904585e-05, 2.98652194033e-05, 1.77306919795e-05, 8.27896437841e-05, 2.65127564489e-05, 2.57366245933e-05, 9.77564195637e-06, 6.74715420246e-06, 1.31712226903e-06, 7.40647465136e-07, 4.67797434567e-07, 3.97839556854e-08, 4.01782412895e-10]
        dmean2: [2.16194194991e-07, 4.3737822125e-05, 7.60276452638e-05, 8.3818929852e-05, 0.000431591615779, 0.000197879897314, 4.51224914286e-05, 0.000207428951398, 0.000372253736714, 7.94842253526e-06, 1.73122880369e-05, 4.90080265081e-06, 5.28085547558e-06, 1.03715656223e-05, 2.69888769253e-05, 4.56908892374e-05, 2.73536588793e-05, 0.000112318106403, 3.96927098336e-05, 4.02705773013e-05, 1.52822030941e-05, 9.52601840254e-06, 2.03677518584e-06, 1.01583646028e-06, 6.55248982184e-07, 5.72436995583e-08, 6.90540902237e-10]
        dvar: [8.40651821158e-13, 4.21141699292e-09, 1.11890852139e-08, 4.07083877718e-09, 7.9821269594e-08, 4.63847662502e-08, 4.96021845819e-09, 7.40690211387e-08, 1.73531304881e-07, 2.69862909796e-10, 4.52107296045e-10, 3.80795291133e-11, 1.01976406486e-10, 2.09496003878e-10, 7.70397301508e-10, 3.79413167551e-09, 4.94458918254e-09, 1.5593267122e-08, 1.99075245177e-09, 1.45953549247e-09, 5.11356235133e-10, 9.69829438979e-10, 2.72805042445e-11, 2.86532624884e-12, 1.73336919904e-12, 1.88845572074e-14, 2.99310010696e-18]
        dvar2: [1.08679124727e-12, 1.20636629575e-08, 2.79686283022e-08, 1.12825286891e-08, 2.20271658691e-07, 1.28695162971e-07, 1.25903154569e-08, 1.63652103424e-07, 2.89711010737e-07, 4.36040009655e-10, 1.1307448311e-09, 9.32196611569e-11, 2.32773952891e-10, 4.23242746406e-10, 2.23733453986e-09, 8.97746055273e-09, 1.21128111985e-08, 2.49344722647e-08, 3.8211802611e-09, 3.30663763037e-09, 1.09922548841e-09, 2.10644568455e-09, 6.54740844874e-11, 4.27717800414e-12, 3.37901494979e-12, 4.36934627476e-14, 6.19136747562e-18]
        max: [1.75786808541e-05, 0.000700373901054, 0.00130182795692, 0.000623462547082, 0.00265173963271, 0.00287307309918, 0.000917354831472, 0.0057280799374, 0.00609541963786, 0.000303588720271, 0.00035731040407, 7.45469442336e-05, 0.000154341047164, 0.000202903465834, 0.000279446860077, 0.000806247640867, 0.0013826249633, 0.0021281291265, 0.00067496887641, 0.000754273554776, 0.000411095476011, 0.000666070205625, 0.000104362414277, 3.21632542182e-05, 1.98244306375e-05, 2.31349736168e-06, 2.77759291123e-08]
        mean: [3.13984088507e-07, 5.34797254659e-05, 0.00037356413668, 0.000113890928333, 0.000692536938004, 0.000292850425467, 0.000120344288007, 0.000473989202874, 0.0010728467023, 8.92249317985e-06, 3.59165460395e-05, 6.98670555721e-06, 7.09044252289e-06, 1.95742195501e-05, 4.36357695435e-05, 9.09079899429e-05, 5.10768768436e-05, 0.00039302528603, 8.91767995199e-05, 0.000110492226668, 2.22911730816e-05, 1.53828368639e-05, 3.12653537549e-06, 2.61145828517e-06, 1.09131588033e-06, 6.40867625634e-08, 4.39426495191e-10]
        min: [5.14373058036e-11, 1.36478552903e-08, 3.11841006351e-07, 1.96870541913e-06, 1.09047587102e-05, 2.27060763791e-06, 4.33567407754e-07, 3.05577799509e-07, 1.1060070193e-07, 8.82697115401e-09, 2.20523999062e-09, 1.05605195699e-08, 8.23606249867e-09, 1.10553237676e-08, 1.04112602983e-08, 1.95254639124e-08, 8.84243078758e-08, 4.41846736976e-08, 1.2111482306e-07, 7.38346983553e-08, 7.32167251272e-08, 8.10205236235e-09, 1.92921190134e-09, 1.58144619622e-09, 1.06045949799e-09, 1.08484533856e-10, 5.37621840492e-14]
        var: [8.7195387629e-13, 5.61917268271e-09, 9.40126767546e-08, 1.4325806319e-08, 2.90084471999e-07, 9.23834804212e-08, 3.77156688103e-08, 4.59979133893e-07, 1.8777434434e-06, 6.33733954203e-10, 2.74641731579e-09, 1.05923173011e-10, 1.83120629771e-10, 7.87334697439e-10, 3.20737525428e-09, 1.85453501444e-08, 8.04634670004e-09, 2.09185458289e-07, 1.18514682512e-08, 1.65780686956e-08, 2.42314057708e-09, 5.12442843714e-09, 1.10116367413e-10, 1.83471519227e-11, 8.23700309349e-12, 5.39015243572e-14, 3.50455084279e-18]
    mfcc:
        mean: [-783.258422852, 140.628448486, -20.9582653046, 62.890750885, 1.91361784935, -39.5488586426, -10.1543874741, -6.94630336761, 0.721938073635, 6.21672296524, -9.59045600891, -6.81457853317, -9.81036663055]
        cov: [[5718.21533203, -983.153503418, -274.158447266, -299.695678711, 305.326324463, -663.852905273, 616.579223633, 813.600524902, 396.880706787, 671.33215332, 102.950279236, 74.5358352661, -498.028106689], [-983.153503418, 1227.72167969, -366.557617188, -51.1571998596, 146.054321289, 15.9713964462, 174.019622803, -88.1818618774, -56.5663452148, 124.273895264, 132.344009399, 128.697067261, -6.87704563141], [-274.158447266, -366.557617188, 636.049133301, 146.791641235, -61.4661750793, 110.068611145, -129.84967041, -2.87174606323, 58.9239044189, -89.5474853516, 21.2402477264, 26.0774822235, 98.5469360352], [-299.695678711, -51.1571998596, 146.791641235, 303.052581787, 95.6568069458, -199.317306519, -138.919921875, 23.8359127045, -36.0397529602, -13.5779075623, -93.6660690308, 2.19422459602, 106.873504639], [305.326324463, 146.054321289, -61.4661750793, 95.6568069458, 201.974227905, -192.953186035, 52.2104187012, 77.1515884399, 9.48773670197, 104.500236511, -1.58155739307, 43.8221206665, -7.04839038849], [-663.852905273, 15.9713964462, 110.068611145, -199.317306519, -192.953186035, 488.071807861, 2.42826318741, -165.951095581, -32.350643158, -186.782531738, 80.3995513916, 8.84924411774, 45.1560134888], [616.579223633, 174.019622803, -129.84967041, -138.919921875, 52.2104187012, 2.42826318741, 340.896087646, 118.066413879, 34.516910553, 138.479797363, 90.1389160156, 65.1815414429, -136.36946106], [813.600524902, -88.1818618774, -2.87174606323, 23.8359127045, 77.1515884399, -165.951095581, 118.066413879, 273.730285645, 87.6094284058, 146.937789917, -19.0363464355, 45.9637260437, -7.45579814911], [396.880706787, -56.5663452148, 58.9239044189, -36.0397529602, 9.48773670197, -32.350643158, 34.516910553, 87.6094284058, 122.272773743, 85.7312316895, 45.5726585388, 16.4813194275, -38.7155151367], [671.33215332, 124.273895264, -89.5474853516, -13.5779075623, 104.500236511, -186.782531738, 138.479797363, 146.937789917, 85.7312316895, 236.547073364, 61.3481826782, 46.2552452087, -106.965301514], [102.950279236, 132.344009399, 21.2402477264, -93.6660690308, -1.58155739307, 80.3995513916, 90.1389160156, -19.0363464355, 45.5726585388, 61.3481826782, 147.177261353, 41.4672622681, -77.9602127075], [74.5358352661, 128.697067261, 26.0774822235, 2.19422459602, 43.8221206665, 8.84924411774, 65.1815414429, 45.9637260437, 16.4813194275, 46.2552452087, 41.4672622681, 100.604484558, 31.0320205688], [-498.028106689, -6.87704563141, 98.5469360352, 106.873504639, -7.04839038849, 45.1560134888, -136.36946106, -7.45579814911, -38.7155151367, -106.965301514, -77.9602127075, 31.0320205688, 208.863830566]]
        icov: [[0.00104031222872, 0.00130496290512, 0.000521052686963, 0.0012835636735, -0.00127024273388, 0.000631163362414, -0.000192287072423, -0.00143589416984, -0.000415632472141, -0.000318257021718, -0.000402619014494, -0.00127245415933, 0.00106353871524], [0.00130496290512, 0.00349424127489, 0.00192485924345, 0.000703049532603, -0.00217666849494, 0.000243015092565, -0.00103876530193, -0.000190318678506, -0.000372019596398, -0.0018836556701, -0.00198147329502, -0.00243947212584, -0.000263049849309], [0.000521052686963, 0.00192485924345, 0.00447680568323, -0.00366524816491, -5.25615869265e-05, -0.00163045339286, -0.000110808614409, -0.000680698663928, -0.00292408349924, 0.000579304934945, -0.00273140566424, -0.00215812725946, 0.0003788836475], [0.0012835636735, 0.000703049532603, -0.00366524816491, 0.0143802724779, -0.00400786567479, 0.00640954216942, 0.00169514282607, -0.00145729002543, 0.00383525900543, -9.00847589946e-05, 0.00184108084068, -0.00136065867264, -0.00145721854642], [-0.00127024273388, -0.00217666849494, -5.25615869265e-05, -0.00400786567479, 0.0128080202267, 0.00290473620407, -0.00141783652361, 0.00209593400359, 0.000498312932905, -9.00623417692e-05, -0.0010680728592, -0.000942346639931, -0.00228402274661], [0.000631163362414, 0.000243015092565, -0.00163045339286, 0.00640954216942, 0.00290473620407, 0.0104007888585, -0.00220811460167, 0.00114457588643, 6.87940701027e-05, 0.00528469588608, -0.00383385806344, -0.00170104624704, -0.00300796376541], [-0.000192287072423, -0.00103876530193, -0.000110808614409, 0.00169514282607, -0.00141783652361, -0.00220811460167, 0.00951105542481, -0.00532493321225, 0.00378835201263, 0.000215449224925, 0.000409152009524, -0.00442950846627, 0.00676491390914], [-0.00143589416984, -0.000190318678506, -0.000680698663928, -0.00145729002543, 0.00209593400359, 0.00114457588643, -0.00532493321225, 0.0145865762606, -0.00488170795143, -0.00508710881695, 0.00421594269574, 0.00102828221861, -0.00758527265862], [-0.000415632472141, -0.000372019596398, -0.00292408349924, 0.00383525900543, 0.000498312932905, 6.87940701027e-05, 0.00378835201263, -0.00488170795143, 0.0190964806825, -0.00522395549342, -0.00384368980303, 0.00191152736079, -0.000139249066706], [-0.000318257021718, -0.0018836556701, 0.000579304934945, -9.00847589946e-05, -9.00623417692e-05, 0.00528469588608, 0.000215449224925, -0.00508710881695, -0.00522395549342, 0.0202552992851, -0.00415729032829, -0.0044230776839, 0.00627578981221], [-0.000402619014494, -0.00198147329502, -0.00273140566424, 0.00184108084068, -0.0010680728592, -0.00383385806344, 0.000409152009524, 0.00421594269574, -0.00384368980303, -0.00415729032829, 0.0206838361919, -0.00580737646669, 0.00627357931808], [-0.00127245415933, -0.00243947212584, -0.00215812725946, -0.00136065867264, -0.000942346639931, -0.00170104624704, -0.00442950846627, 0.00102828221861, 0.00191152736079, -0.0044230776839, -0.00580737646669, 0.0252928566188, -0.0117557672784], [0.00106353871524, -0.000263049849309, 0.0003788836475, -0.00145721854642, -0.00228402274661, -0.00300796376541, 0.00676491390914, -0.00758527265862, -0.000139249066706, 0.00627578981221, 0.00627357931808, -0.0117557672784, 0.0198778379709]]
    spectral_contrast:
        mean: [-1.68011467849e-07, -2.09371734172e-07, -9.33493460309e-09, -6.40719520106e-07, -1.09362019884e-07, 2.12159193325e-07, 1.46350942032e-06, -7.20396485576e-07, 4.67281643068e-06, -1.31852701202e-07, -4.45089699497e-06, -4.59442071588e-06]
        var: [0.000373672082787, 0.000980142154731, 0.00134780618828, 0.00143442151602, 0.00293322606012, 0.00659572938457, 0.0589359477162, 0.120093986392, 0.233942389488, 0.553600370884, 0.681987941265, 2.52053999901]

rhythm:
    beats_loudness:
        dmean: 0.00164953828789
        dmean2: 0.00262630311772
        dvar: 4.94261576023e-06
        dvar2: 1.0309046047e-05
        max: 0.0106046395376
        mean: 0.00469640921801
        min: 0.000518639571965
        var: 9.73108853941e-06
    beats_loudness_bass:
        dmean: 0.088238120079
        dmean2: 0.154802337289
        dvar: 0.00817075930536
        dvar2: 0.017635319382
        max: 0.314638406038
        mean: 0.113722503185
        min: 0.013154678978
        var: 0.00818171352148
    bpm: 78.2461395264
    bpm_confidence: 0
    first_peak_bpm: 130
    first_peak_spread: 0
    first_peak_weight: 0.5
    onset_rate: 2.19892311096
    second_peak_bpm: 78
    second_peak_spread: 0
    second_peak_weight: 0.4375
    beats_position: [0.116098739207, 0.882930397987, 1.64976203442, 2.41659355164, 3.18342542648, 3.95025706291, 4.71708869934, 5.48392057419, 5.99726343155, 6.45965147018, 6.92203950882, 7.38442707062, 7.84681510925, 8.30920314789, 8.77159118652, 9.23397922516, 9.69636726379]
    bpm_estimates: [77.7236175537, 78.7130966187, 78.3017120361]
    bpm_intervals: [0.766831636429, 0.766831636429, 0.76683151722, 0.766831874847, 0.766831636429, 0.766831636429, 0.766831874847, 0.513342857361, 0.462388038635, 0.462388038635, 0.462387561798, 0.462388038635, 0.462388038635, 0.462388038635, 0.462388038635, 0.462388038635]
    onset_times: [0.127709746361, 0.220589563251, 0.417959183455, 0.952018141747, 1.20743763447, 1.74149656296, 2.00852608681, 2.27555561066, 2.50775504112, 2.75156474113, 3.30884361267, 3.50621318817, 3.87773251534, 4.29569149017, 5.72371864319, 5.99074840546, 6.5596370697, 7.22140598297, 7.9644446373, 8.4172334671, 9.85687065125, 9.97297096252]
    rubato_start: [6.45965147018]
    rubato_stop: [9.69636726379]
    perceptual_tempo: "unknown"

sfx:
    inharmonicity:
        dmean: 0.0252062473446
        dmean2: 0.0454222597182
        dvar: 0.0016060192138
        dvar2: 0.00455195410177
        max: 0.4097828269
        mean: 0.0235133692622
        min: 7.41854164517e-05
        var: 0.00129443628248
    oddtoevenharmonicenergyratio:
        dmean: 4.82432413101
        dmean2: 8.90993309021
        dvar: 122.059143066
        dvar2: 343.645019531
        max: 87.3619232178
        mean: 3.78735542297
        min: 3.38873833243e-05
        var: 97.6091537476
    pitch_after_max_to_before_max_energy_ratio: 3.08219456673
    pitch_centroid: 254.109405518
    pitch_max_to_total: 0.573426544666
    pitch_min_to_total: 0.037296038121
    tristimulus:
        dmean: [0.199536904693, 0.219757422805, 0.0650548189878]
        dmean2: [0.354471772909, 0.39482074976, 0.116413354874]
        dvar: [0.0455068945885, 0.0510387606919, 0.00621973304078]
        dvar2: [0.116597242653, 0.139427572489, 0.0165343992412]
        max: [0.957530558109, 0.903139770031, 0.641761422157]
        mean: [0.476572543383, 0.437771230936, 0.0718049556017]
        min: [0.00636955862865, 0, 0]
        var: [0.0599075518548, 0.0664080455899, 0.00837146118283]

tonal:
    chords_changes_rate: 0.0277777779847
    chords_number_rate: 0.0185185186565
    chords_strength:
        dmean: 0.00575504731387
        dmean2: 0.00373575324193
        dvar: 3.41753002431e-05
        dvar2: 1.82754683919e-05
        max: 0.653509497643
        mean: 0.523124575615
        min: 0.267059862614
        var: 0.0140499053523
    key_strength: 0.4954893291
    tuning_diatonic_strength: 0.332236170769
    tuning_equal_tempered_deviation: 0.059196639806
    tuning_frequency: 440.508575439
    tuning_nontempered_energy_ratio: 0.64102679491
    hpcp:
        dmean: [0.0228855274618, 0.0141221722588, 0.040073774755, 0.0501263737679, 0.0440604500473, 0.0729004368186, 0.108956001699, 0.0841143727303, 0.0584785938263, 0.0548255927861, 0.0700061917305, 0.0754411891103, 0.0776054412127, 0.0678323656321, 0.0338764414191, 0.0252627190202, 0.0367749780416, 0.143221914768, 0.145138517022, 0.152320504189, 0.0828392282128, 0.0163313187659, 0.0124901700765, 0.0286349095404, 0.0501696914434, 0.0854934453964, 0.095378510654, 0.0744244158268, 0.0481422394514, 0.0350620560348, 0.0356546007097, 0.0272586867213, 0.0269729178399, 0.0286216828972, 0.0359495207667, 0.0323874130845]
        dmean2: [0.0404800735414, 0.0254475474358, 0.0671058744192, 0.0815846174955, 0.0715396776795, 0.115009061992, 0.180934756994, 0.140101179481, 0.100756980479, 0.0882351621985, 0.112212046981, 0.124167613685, 0.127620756626, 0.109733477235, 0.0504677332938, 0.038258548826, 0.0593685284257, 0.215425148606, 0.241815149784, 0.234042063355, 0.138934209943, 0.0275533124804, 0.0216024499387, 0.0480818487704, 0.079379029572, 0.137644976377, 0.165339842439, 0.116451486945, 0.0834690406919, 0.061898548156, 0.0610379651189, 0.0441113226116, 0.0446501374245, 0.0422010235488, 0.0624955706298, 0.0592680647969]
        dvar: [0.0088910497725, 0.00280133960769, 0.00835729204118, 0.0143889393657, 0.00557095510885, 0.00741328019649, 0.0291528794914, 0.0123849743977, 0.0218816343695, 0.0242275651544, 0.0198686104268, 0.0145739819854, 0.0211234372109, 0.0135596245527, 0.00833926163614, 0.0066108442843, 0.00953034125268, 0.0261546131223, 0.03413432464, 0.0251763761044, 0.0187117513269, 0.00183219357859, 0.00174155051354, 0.00257975142449, 0.00601283274591, 0.0217021722347, 0.0297931879759, 0.0206591058522, 0.0102589111775, 0.0113148968667, 0.00870228279382, 0.00802538264543, 0.00762706575915, 0.00627774512395, 0.0105425789952, 0.00998360011727]
        dvar2: [0.018214603886, 0.00653663184494, 0.0196341779083, 0.0278136301786, 0.0135674010962, 0.0167994573712, 0.0653843954206, 0.029904441908, 0.0528095848858, 0.0522179603577, 0.0403692573309, 0.0364399328828, 0.0382565632463, 0.0254415646195, 0.0148448077962, 0.0119202230126, 0.0191234964877, 0.0563741363585, 0.073943592608, 0.0535809360445, 0.0450323261321, 0.00443681050092, 0.00498644309118, 0.00647287163883, 0.0145477298647, 0.0531784854829, 0.0773549824953, 0.0572949275374, 0.0281762275845, 0.0330002903938, 0.0245078392327, 0.0217406637967, 0.0182902254164, 0.0131797324866, 0.02988130413, 0.0266742352396]
        max: [1, 0.643245458603, 1, 1, 0.641215205193, 0.937923312187, 1, 0.878417670727, 0.975463449955, 1, 1, 0.867361724377, 1, 1, 1, 1, 1, 1, 1, 1, 0.931083619595, 0.350434333086, 0.42334780097, 0.308815300465, 0.680213570595, 1, 0.98086053133, 1, 0.751695275307, 1, 0.772740662098, 1, 0.900294005871, 1, 0.898184120655, 0.716906964779]
        mean: [0.0301472414285, 0.0175894815475, 0.0635292232037, 0.110330305994, 0.0719882100821, 0.235318347812, 0.434174090624, 0.240828290582, 0.109465166926, 0.183908879757, 0.1316626966, 0.122322224081, 0.212342992425, 0.146350607276, 0.0423872284591, 0.0325155220926, 0.0350415408611, 0.251853048801, 0.597885370255, 0.436893045902, 0.0828572288156, 0.0200244430453, 0.0129207968712, 0.032850343734, 0.0917054563761, 0.115502916276, 0.120692051947, 0.126175731421, 0.0672794282436, 0.0390852428973, 0.0502229891717, 0.0302535668015, 0.0521354265511, 0.0926816090941, 0.0673282817006, 0.0392816103995]
        min: [0.00018181258929, 9.96117814793e-05, 0.000725958845578, 0.00198471080512, 0.00108410813846, 7.36833753763e-05, 9.89614345599e-05, 0.000104473641841, 0.00155092752539, 0.000557548424695, 0.000775907130446, 4.885997987e-05, 6.8951616413e-05, 8.67586859385e-05, 0.000132205692353, 0.000125178674352, 0.000133028719574, 0.0015624971129, 0.00174392515328, 0.00268329540268, 0.000162293130415, 4.80164380861e-05, 2.61980421783e-05, 1.69882314367e-05, 1.41529444591e-05, 7.06657374394e-05, 5.52521087229e-05, 9.41764374147e-05, 0.0001005166705, 8.91111631063e-05, 6.36045078863e-05, 7.4836643762e-05, 0.000244512193603, 0.000314987264574, 0.000604408851359, 0.000381095072953]
        var: [0.0170566830784, 0.00506331212819, 0.0221158340573, 0.0458998754621, 0.00952807627618, 0.0441724993289, 0.15217076242, 0.0462087318301, 0.0342472717166, 0.116981469095, 0.0539408624172, 0.0190195459872, 0.0823807567358, 0.059112533927, 0.0159427095205, 0.0152091160417, 0.0119734024629, 0.0497929528356, 0.146404162049, 0.102940052748, 0.0195006038994, 0.00181506131776, 0.0011747488752, 0.00269253063016, 0.0142329568043, 0.0346389859915, 0.0306462086737, 0.0281670466065, 0.00961911026388, 0.00748349074274, 0.00751627748832, 0.00584159884602, 0.0147368246689, 0.0414083637297, 0.0183520484716, 0.0111342007294]
    chords_histogram: [5.55555534363, 60.1851844788, 0, 0.925925910473, 0, 0, 0, 31.4814815521, 0, 0, 0, 0, 0, 1.85185182095, 0, 0, 0, 0, 0, 0, 0, 0, 0, 0]
    thpcp: [1, 0.730730473995, 0.138583809137, 0.0334921106696, 0.0216108262539, 0.054944217205, 0.153383001685, 0.193185716867, 0.201864868402, 0.211036652327, 0.112528972328, 0.065372467041, 0.0840010344982, 0.0506009496748, 0.0871997028589, 0.155015677214, 0.112610682845, 0.0657009035349, 0.0504231117666, 0.0294194873422, 0.106256529689, 0.184534206986, 0.120404705405, 0.393584400415, 0.726182818413, 0.402800112963, 0.183087214828, 0.307598888874, 0.22021394968, 0.204591438174, 0.355156689882, 0.244780376554, 0.0708952397108, 0.0543842092156, 0.0586091279984, 0.421239703894]
    chords_key: "B"
    chords_scale: "major"
    key_key: "G#"
    key_scale: "minor"
    chords_progression: ["G#", "G#", "G#", "G#", "G#", "G#", "G#", "G#", "G#", "G#", "G#", "G#", "G#", "G#", "G#", "G#", "G#", "G#", "G#", "G#", "G#", "G#", "G#", "G#", "G#", "G#", "G#", "G#", "G#", "G#", "G#", "G#", "G#", "G#", "G#", "G#", "G#", "G#", "G#", "G#", "G#", "G#", "G#", "G#", "G#", "G#", "G#", "G#", "F#", "F#", "G#", "F", "F", "F", "F", "G#", "G#", "G#", "G#", "G#", "G#", "G#", "G#", "G#", "G#", "G#", "G#", "G#", "G#", "G#", "G#", "G#", "G#", "G#", "G#m", "G#m", "G#m", "G#m", "G#m", "G#m", "G#m", "G#m", "G#m", "G#m", "G#m", "G#m", "B", "B", "B", "B", "B", "B", "B", "B", "B", "B", "B", "B", "B", "B", "B", "B", "B", "B", "B", "B", "B", "B", "B", "B", "B", "B", "B", "B", "B", "B", "B", "B", "B", "B", "B", "B", "B", "B", "B", "B", "B", "B", "B", "B", "B", "B", "B", "B", "B", "B", "B", "B", "B", "B", "B", "B", "B", "B", "B", "B", "B", "B", "B", "B", "B", "B", "B", "B", "B", "B", "B", "B", "B", "B", "B", "B", "B", "B", "B", "B", "B", "B", "B", "B", "B", "B", "B", "B", "B", "B", "B", "B", "B", "B", "B", "B", "B", "B", "B", "B", "B", "B", "B", "B", "B", "B", "B", "B", "B", "B", "B", "B", "B", "B", "B", "B", "B", "B", "B", "B", "B", "B", "B", "B", "B", "B", "B", "B", "B", "B"]
