
metadata:
    version:
        essentia: "1.2.2"
    audio_properties:
        analysis_sample_rate: 44100
        bitrate: 128
        channels: 2
        equal_loudness: 1
        length: 10.0571432114
        replay_gain: -13.1309757233
        downmix: "mix"
    tags:
        track: 11
        year: 0
        album: "Splitted by Mp3Splt v. 2.1"
        artist: "From 001.40 To 001.50"
        comment: "http://mp3splt.sf.net"
        genre: ""
        title: "03 Into Your Hideout.mp3"

highlevel:
    ballroom:
        all:
            ChaChaCha: 0.0236855167896
            Jive: 0.775017142296
            Quickstep: 0.0188200697303
            Rumba-American: 0.00152033218183
            Rumba-International: 0.00551162613556
            Rumba-Misc: 0.00562020950019
            Samba: 0.0202585812658
            Tango: 0.00372439925559
            VienneseWaltz: 0.133120983839
            Waltz: 0.0127211650833
        probability: 0.775017142296
        value: "Jive"
    culture:
        all:
            non_western: 0.0207891017199
            western: 0.979210913181
        probability: 0.979210913181
        value: "western"
    gender:
        all:
            female: 0.303816407919
            male: 0.696183562279
        probability: 0.696183562279
        value: "male"
    genre_dortmund:
        all:
            alternative: 0.188110247254
            blues: 0.00505193322897
            electronic: 0.0219503920525
            folkcountry: 0.0265543665737
            funksoulrnb: 0.00223276461475
            jazz: 0.00386129319668
            pop: 0.0229602605104
            raphiphop: 0.000122420315165
            rock: 0.729156315327
        probability: 0.729156315327
        value: "rock"
    genre_electronica:
        all:
            ambient: 0.278271645308
            dnb: 0.306600213051
            house: 0.0058278455399
            techno: 0.0324830561876
            trance: 0.376817256212
        probability: 0.376817256212
        value: "trance"
    genre_rosamerica:
        all:
            cla: 0.0164088308811
            dan: 0.00282816472463
            hip: 0.000911373237614
            jaz: 0.000928332447074
            pop: 0.00398848718032
            rhy: 0.000749941624235
            roc: 0.973848700523
            spe: 0.000336163735483
        probability: 0.973848700523
        value: "roc"
    genre_tzanetakis:
        all:
            blu: 0.0196226015687
            cla: 0.114225327969
            cou: 0.128784537315
            dis: 0.0180730279535
            hip: 0.00953478459269
            jaz: 0.0673645734787
            met: 0.272004544735
            pop: 0.0146281467751
            reg: 0.00971396546811
            roc: 0.346048504114
        probability: 0.346048504114
        value: "roc"
    live_studio:
        all:
            live: 0.177413657308
            studio: 0.822586357594
        probability: 0.822586357594
        value: "studio"
    mood:
        all:
            Cluster1: 0.457348614931
            Cluster2: 0.0429500117898
            Cluster3: 0.0167062152177
            Cluster4: 0.0302732009441
            Cluster5: 0.452721953392
        probability: 0.457348614931
        value: "Cluster1"
    mood_acoustic:
        all:
            acoustic: 0.0221003163606
            not_acoustic: 0.977899670601
        probability: 0.977899670601
        value: "not_acoustic"
    mood_aggressive:
        all:
            aggressive: 0.988949596882
            not_aggressive: 0.0110504115
        probability: 0.988949596882
        value: "aggressive"
    mood_electronic:
        all:
            electronic: 0.149622425437
            not_electronic: 0.850377559662
        probability: 0.850377559662
        value: "not_electronic"
    mood_happy:
        all:
            happy: 0.346816122532
            not_happy: 0.653183877468
        probability: 0.653183877468
        value: "not_happy"
    mood_party:
        all:
            not_party: 0.623666286469
            party: 0.376333713531
        probability: 0.623666286469
        value: "not_party"
    mood_relaxed:
        all:
            not_relaxed: 0.842775940895
            relaxed: 0.157224088907
        probability: 0.842775940895
        value: "not_relaxed"
    mood_sad:
        all:
            not_sad: 0.923194169998
            sad: 0.0768058225513
        probability: 0.923194169998
        value: "not_sad"
    rhythm:
        all:
            fast: 0.746347129345
            medium: 0.0552424117923
            slow: 0.198410451412
        probability: 0.746347129345
        value: "fast"
    speech_music:
        all:
            music: 0.999009490013
            speech: 0.000990482512861
        probability: 0.999009490013
        value: "music"
    timbre:
        all:
            bright: 0.99230247736
            dark: 0.0076975398697
        probability: 0.99230247736
        value: "bright"
    voice_instrumental:
        all:
            instrumental: 0.982826054096
            voice: 0.0171739645302
        probability: 0.982826054096
        value: "instrumental"

lowlevel:
    average_loudness: 0.985730230808
    barkbands_kurtosis:
        dmean: 0.292062997818
        dmean2: 0.488960623741
        dvar: 0.101532913744
        dvar2: 0.240222126245
        max: 1.84441661835
        mean: -1.29478383064
        min: -1.82931876183
        var: 0.203824728727
    barkbands_skewness:
        dmean: 0.298838108778
        dmean2: 0.470206916332
        dvar: 0.0497530736029
        dvar2: 0.133689329028
        max: 0.826889932156
        mean: -0.299065738916
        min: -1.63753128052
        var: 0.170856967568
    barkbands_spread:
        dmean: 3.43770384789
        dmean2: 5.51688098907
        dvar: 8.22658443451
        dvar2: 21.4115142822
        max: 48.1127929688
        mean: 35.5584869385
        min: 19.1720733643
        var: 25.9068851471
    dissonance:
        dmean: 0.0107136974111
        dmean2: 0.0171926151961
        dvar: 0.000294296594802
        dvar2: 0.000378389348043
        max: 0.499667644501
        mean: 0.480184525251
        min: 0.133828982711
        var: 0.000378775090212
    hfc:
        dmean: 2.09225916862
        dmean2: 3.34050416946
        dvar: 5.35439920425
        dvar2: 13.0948944092
        max: 28.2508659363
        mean: 10.3705482483
        min: 0.00140944099985
        var: 11.3511247635
    pitch:
        dmean: 1111.0020752
        dmean2: 2168.37817383
        dvar: 1764987.125
        dvar2: 3813280.5
        max: 3392.30761719
        mean: 1698.20458984
        min: 74.1176452637
        var: 2061007
    pitch_instantaneous_confidence:
        dmean: 0.0696174576879
        dmean2: 0.115149207413
        dvar: 0.00308828591369
        dvar2: 0.00840612035245
        max: 0.62139236927
        mean: 0.340947508812
        min: 0.16727411747
        var: 0.00652638776228
    pitch_salience:
        dmean: 0.0477775521576
        dmean2: 0.0789496824145
        dvar: 0.00166447367519
        dvar2: 0.00458842469379
        max: 0.951284170151
        mean: 0.670116901398
        min: 0.473317235708
        var: 0.00344742718153
    silence_rate_20dB:
        dmean: 0
        dmean2: 0
        dvar: 0
        dvar2: 0
        max: 1
        mean: 1
        min: 1
        var: 0
    silence_rate_30dB:
        dmean: 0
        dmean2: 0
        dvar: 0
        dvar2: 0
        max: 1
        mean: 1
        min: 1
        var: 0
    silence_rate_60dB:
        dmean: 0.00461893761531
        dmean2: 0.00694444449618
        dvar: 0.00459760706872
        dvar2: 0.006896273233
        max: 1
        mean: 0.00691244238988
        min: 0
        var: 0.00686468137428
    spectral_centroid:
        dmean: 189.215957642
        dmean2: 304.234222412
        dvar: 22008.9863281
        dvar2: 57456.0585938
        max: 2425.56494141
        mean: 1717.93725586
        min: 979.345275879
        var: 67177.8671875
    spectral_complexity:
        dmean: 4.01160097122
        dmean2: 6.47209310532
        dvar: 11.1066093445
        dvar2: 25.2259521484
        max: 39
        mean: 24.2175922394
        min: 0
        var: 23.1841259003
    spectral_crest:
        dmean: 1.3639523983
        dmean2: 2.30263113976
        dvar: 1.40026259422
        dvar2: 4.20763921738
        max: 11.7864723206
        mean: 5.16932678223
        min: 2.61597013474
        var: 2.24443006516
    spectral_decrease:
        dmean: 2.72057182338e-10
        dmean2: 4.42044373328e-10
        dvar: 1.16559907121e-19
        dvar2: 3.03926009387e-19
        max: -1.34889630932e-13
        mean: -1.35008748625e-09
        min: -3.41057426745e-09
        var: 1.58644090802e-19
    spectral_energy:
        dmean: 0.00118311471306
        dmean2: 0.00192620174494
        dvar: 2.14459123526e-06
        dvar2: 5.49251990378e-06
        max: 0.0154347186908
        mean: 0.0060361768119
        min: 6.36945230781e-07
        var: 3.09004235532e-06
    spectral_energyband_high:
        dmean: 7.22846671124e-05
        dmean2: 0.000118695483252
        dvar: 8.21233392401e-09
        dvar2: 1.95718516949e-08
        max: 0.00093570491299
        mean: 0.000228207500186
        min: 4.1602223888e-08
        var: 1.33407116465e-08
    spectral_energyband_low:
        dmean: 0.000174144646735
        dmean2: 0.00028075807495
        dvar: 4.98073369215e-08
        dvar2: 1.3930728926e-07
        max: 0.00284111849032
        mean: 0.000430444808444
        min: 3.82789728803e-08
        var: 8.28738251357e-08
    spectral_energyband_middle_high:
        dmean: 0.000697991577908
        dmean2: 0.00110994162969
        dvar: 5.06624871832e-07
        dvar2: 1.22599249153e-06
        max: 0.00907978974283
        mean: 0.0034563166555
        min: 4.50515187822e-07
        var: 1.31014746785e-06
    spectral_energyband_middle_low:
        dmean: 0.000704237783793
        dmean2: 0.00115846830886
        dvar: 8.03852572062e-07
        dvar2: 2.16490411731e-06
        max: 0.00847009196877
        mean: 0.00192119553685
        min: 9.96412197196e-08
        var: 1.06104414499e-06
    spectral_flatness_db:
        dmean: 0.0111015178263
        dmean2: 0.0179123170674
        dvar: 9.18021323741e-05
        dvar2: 0.000242195266765
        max: 0.187107548118
        mean: 0.138469353318
        min: 0.0630295798182
        var: 0.000245887436904
    spectral_flux:
        dmean: 0.00684077572078
        dmean2: 0.0098133655265
        dvar: 4.81977695017e-05
        dvar2: 9.27996952669e-05
        max: 0.0887259244919
        mean: 0.0433121211827
        min: 0.0202154759318
        var: 0.000107871412183
    spectral_kurtosis:
        dmean: 1.04905509949
        dmean2: 1.82197618484
        dvar: 0.800853073597
        dvar2: 2.36462140083
        max: 12.9974508286
        mean: 5.07201862335
        min: 2.76569509506
        var: 1.36359572411
    spectral_rms:
        dmean: 0.000229317156482
        dmean2: 0.000367806118447
        dvar: 7.03873297425e-08
        dvar2: 1.5737023773e-07
        max: 0.00388049753383
        mean: 0.00240254565142
        min: 2.49280965363e-05
        var: 1.16733062328e-07
    spectral_rolloff:
        dmean: 166.02041626
        dmean2: 287.343200684
        dvar: 20785.6328125
        dvar2: 55403.2148438
        max: 3617.578125
        mean: 3161.09570312
        min: 2476.31835938
        var: 33737.8398438
    spectral_skewness:
        dmean: 0.137240946293
        dmean2: 0.23697334528
        dvar: 0.014338420704
        dvar2: 0.0383548587561
        max: 2.94955730438
        mean: 1.51821470261
        min: 1.00563585758
        var: 0.0285441484302
    spectral_spread:
        dmean: 295316.65625
        dmean2: 432482.03125
        dvar: 188035121152
        dvar2: 187442511872
        max: 13768942
        mean: 3716523.25
        min: 2522187.25
        var: 532072333312
    spectral_strongpeak:
        dmean: 0.602477908134
        dmean2: 1.06629896164
        dvar: 0.911528170109
        dvar2: 2.15053915977
        max: 5.19856262207
        mean: 0.735289394855
        min: 0
        var: 1.26171720028
    zerocrossingrate:
        dmean: 0.00502782408148
        dmean2: 0.00642941519618
        dvar: 2.09498557524e-05
        dvar2: 2.64322643488e-05
        max: 0.12158203125
        mean: 0.096395984292
        min: 0.00634765625
        var: 0.000105787898065
    barkbands:
        dmean: [3.37415457352e-07, 4.3431060476e-05, 0.000143979530549, 0.000358676159522, 0.000293159246212, 0.000210292448173, 7.55824294174e-05, 0.000118351003039, 8.57557824929e-05, 8.4593288193e-05, 4.64154836664e-05, 5.82450811635e-05, 5.38067506568e-05, 5.5195785535e-05, 0.000155666508363, 0.00014991297212, 0.000328944821376, 0.000286967435386, 0.00024960245355, 7.49850514694e-05, 4.12650842918e-05, 1.11222152555e-05, 1.687773306e-06, 5.19965908552e-07, 4.72601612955e-07, 2.9593296702e-08, 1.34111866057e-09]
        dmean2: [4.58394794123e-07, 6.85801933287e-05, 0.000235326035181, 0.000620416889433, 0.000495697080623, 0.000361806247383, 0.000126209619339, 0.000186432895134, 0.00013760238653, 0.000129640713567, 7.26318758097e-05, 9.05720662558e-05, 8.71909796842e-05, 9.08563379198e-05, 0.00025329500204, 0.000255053077126, 0.000561009044759, 0.000460830546217, 0.000413439469412, 0.000125992548419, 6.91422319505e-05, 1.77615966095e-05, 2.70055443252e-06, 7.79954291374e-07, 7.16763111086e-07, 4.76356198931e-08, 2.08990957873e-09]
        dvar: [5.77029526591e-13, 5.63834490208e-09, 2.78490173145e-08, 2.67410001697e-07, 1.3526873488e-07, 9.28926056076e-08, 7.119815848e-09, 2.52721861216e-08, 9.15375153454e-09, 7.12561298855e-09, 2.39534347912e-09, 2.76315592629e-09, 4.06658173802e-09, 4.98811347782e-09, 2.40566322418e-08, 2.65751989303e-08, 1.30973248247e-07, 7.79697941766e-08, 5.73485365862e-08, 6.13754735923e-09, 2.67443533986e-09, 1.4590291475e-10, 5.62564621623e-12, 4.80603024825e-13, 4.45718006774e-13, 3.39967811864e-15, 2.4250182703e-16]
        dvar2: [9.93528610077e-13, 1.53337662567e-08, 7.84112614838e-08, 7.81547953466e-07, 3.66335285662e-07, 2.62415710495e-07, 1.87467037449e-08, 6.1704007237e-08, 2.29686740738e-08, 1.73170473516e-08, 6.05359495864e-09, 7.37128713624e-09, 9.46895628573e-09, 1.07835136376e-08, 6.02467764566e-08, 7.11545098397e-08, 3.66983471167e-07, 2.04020665251e-07, 1.64190311125e-07, 1.58111568282e-08, 6.59320154028e-09, 3.17832704599e-10, 1.2506599055e-11, 9.57268877881e-13, 9.82414453607e-13, 8.20738334066e-15, 6.06859984373e-16]
        max: [5.23151584275e-06, 0.00105358741712, 0.00178667227738, 0.00366479973309, 0.00341094634496, 0.00306341750547, 0.000622455088887, 0.00153964222409, 0.00115039013326, 0.000820482557174, 0.00056175806094, 0.000435139285401, 0.000895174685866, 0.00106128002517, 0.00131209893152, 0.00158521533012, 0.00459990184754, 0.00281055038795, 0.00246423226781, 0.000630346767139, 0.000586549285799, 0.000111708694021, 2.68209587375e-05, 6.97361201674e-06, 8.08936420071e-06, 6.90408683113e-07, 2.30103964327e-07]
        mean: [3.92422805362e-07, 0.000107993502752, 0.00032207989716, 0.000504385039676, 0.00051995558897, 0.000334413169185, 0.000144919482409, 0.000215403357288, 0.000158005364938, 0.000176756177098, 8.66869959282e-05, 0.000116199429613, 0.00011031190661, 0.000105287770566, 0.00032692894456, 0.000330858048983, 0.00078381865751, 0.000685534672812, 0.00067181547638, 0.000192208608496, 0.000106840350782, 2.84167635982e-05, 4.36164646089e-06, 1.35442849114e-06, 1.20867184705e-06, 4.88585598646e-08, 8.03607458355e-10]
        min: [5.42188849373e-10, 1.95481391074e-08, 1.20160592587e-08, 1.066599431e-08, 1.82082988687e-08, 6.31476426705e-09, 4.77594719328e-09, 1.64008540082e-08, 3.84099720918e-08, 2.31821513097e-08, 1.28985462311e-08, 2.34915606967e-08, 3.92727406151e-09, 9.8999857201e-09, 5.44858167473e-08, 5.29039212438e-08, 6.30636165511e-08, 6.27418330623e-08, 1.22575443129e-07, 5.45758602755e-08, 6.6731646875e-09, 2.6647553053e-09, 1.62834168371e-09, 8.02824695612e-10, 5.75729741659e-10, 4.65314203835e-10, 6.91607822444e-14]
        var: [8.54293415523e-13, 1.36229303394e-08, 4.36917204638e-08, 3.24761145976e-07, 1.53595848928e-07, 9.65609174841e-08, 1.29821859929e-08, 5.29504262659e-08, 1.86480821895e-08, 1.49727199528e-08, 5.23035437183e-09, 5.35685851233e-09, 8.30831670129e-09, 9.0868237379e-09, 4.86911098108e-08, 3.43821291438e-08, 2.8008585673e-07, 1.56897016268e-07, 8.68525518172e-08, 9.31709553953e-09, 4.0323686612e-09, 3.64779734197e-10, 1.03409954211e-11, 1.12806682398e-12, 7.83271125911e-13, 3.30494595382e-15, 1.2208559831e-16]
    mfcc:
        mean: [-678.634887695, 121.519767761, -66.1876602173, 59.5317649841, -4.11956739426, -8.7823266983, -2.23663711548, 0.501851260662, 1.16982710361, -9.43690109253, -2.89220333099, -8.43452453613, -6.19448328018]
        cov: [[808.301208496, -91.947227478, 54.2235908508, -11.8577756882, -3.80815029144, 28.0411014557, -47.3160629272, -44.5466384888, -41.0390167236, -44.0672111511, -29.6628780365, -12.3178539276, -34.7844581604], [-91.947227478, 129.855209351, -36.5664024353, 21.47706604, -10.6356678009, -8.65035533905, 20.6145496368, 9.98737239838, 11.741186142, 8.44368553162, 17.9460659027, 8.67671203613, 12.5923404694], [54.2235908508, -36.5664024353, 125.332420349, 1.47295224667, 11.4914560318, 7.59427499771, -3.27069592476, -5.82621431351, -6.76075935364, 5.96739053726, -2.3825135231, 8.89027404785, 1.63382351398], [-11.8577756882, 21.47706604, 1.47295224667, 52.5227775574, 16.1966705322, 10.6272315979, 6.1455540657, 5.00695419312, 5.12057542801, -2.80470728874, 2.16678905487, 5.87319564819, 5.21609354019], [-3.80815029144, -10.6356678009, 11.4914560318, 16.1966705322, 42.6006965637, 16.8128433228, 7.84523963928, 2.62455511093, 3.1207575798, 4.81642627716, -3.55077767372, 2.80908751488, 1.96156203747], [28.0411014557, -8.65035533905, 7.59427499771, 10.6272315979, 16.8128433228, 46.9094238281, 15.1619586945, 1.11831998825, -3.5203742981, -4.82614517212, -8.03991699219, 1.84883403778, -1.4885507822], [-47.3160629272, 20.6145496368, -3.27069592476, 6.1455540657, 7.84523963928, 15.1619586945, 39.4393844604, 19.0157680511, 8.17609977722, 2.83417034149, 2.95584368706, 1.84536278248, 3.80618810654], [-44.5466384888, 9.98737239838, -5.82621431351, 5.00695419312, 2.62455511093, 1.11831998825, 19.0157680511, 47.1974143982, 17.9801006317, 7.12564897537, 3.82744574547, 4.40786170959, 7.0984210968], [-41.0390167236, 11.741186142, -6.76075935364, 5.12057542801, 3.1207575798, -3.5203742981, 8.17609977722, 17.9801006317, 35.2591209412, 15.7260637283, 6.92938041687, -0.338956713676, 4.68097543716], [-44.0672111511, 8.44368553162, 5.96739053726, -2.80470728874, 4.81642627716, -4.82614517212, 2.83417034149, 7.12564897537, 15.7260637283, 39.6875801086, 12.961687088, 0.842709064484, 4.25010824203], [-29.6628780365, 17.9460659027, -2.3825135231, 2.16678905487, -3.55077767372, -8.03991699219, 2.95584368706, 3.82744574547, 6.92938041687, 12.961687088, 37.5127029419, 12.7207355499, 4.51226997375], [-12.3178539276, 8.67671203613, 8.89027404785, 5.87319564819, 2.80908751488, 1.84883403778, 1.84536278248, 4.40786170959, -0.338956713676, 0.842709064484, 12.7207355499, 35.4433937073, 15.461763382], [-34.7844581604, 12.5923404694, 1.63382351398, 5.21609354019, 1.96156203747, -1.4885507822, 3.80618810654, 7.0984210968, 4.68097543716, 4.25010824203, 4.51226997375, 15.461763382, 31.6125965118]]
        icov: [[0.00160830595996, 0.000414917478338, -0.000526056042872, 7.27321385057e-05, 0.000353086972609, -0.00132927496452, 0.00174475542735, 0.000224151663133, 0.000262062938418, 0.00117991818115, 4.16859729739e-05, -1.0097744962e-05, 0.00107623648364], [0.000414917478338, 0.0121021373197, 0.00289552821778, -0.00606246152893, 0.00492940982804, 0.00280237337574, -0.00725264986977, 0.00241302233189, -0.000183162279427, -0.00214852346107, -0.00206864648499, -0.0012844185112, -0.00211653090082], [-0.000526056042872, 0.00289552821778, 0.00963693019003, -0.00135618227068, -0.000756904599257, 0.000426673912443, -0.00166229717433, 0.0010266067693, 0.00188184087165, -0.00362086924724, 0.000957449141424, -0.0031767883338, -0.000344572588801], [7.27321385057e-05, -0.00606246152893, -0.00135618227068, 0.0264136847109, -0.0106540536508, -0.00447653979063, 0.0043648541905, -0.00176341924816, -0.00397345144302, 0.00658734561875, -0.00205402215943, -0.000344077096088, -0.00130833452567], [0.000353086972609, 0.00492940982804, -0.000756904599257, -0.0106540536508, 0.0341143831611, -0.00755666056648, -0.00480503356084, 0.00199836725369, -0.00106859207153, -0.00710412999615, 0.00381299387664, -0.00250375969335, -0.000327127985656], [-0.00132927496452, 0.00280237337574, 0.000426673912443, -0.00447653979063, -0.00755666056648, 0.0328326262534, -0.0160815380514, 0.00334678729996, 0.00281588663347, -0.000164268916706, 0.00584804173559, -0.00422168290243, 0.00217250478454], [0.00174475542735, -0.00725264986977, -0.00166229717433, 0.0043648541905, -0.00480503356084, -0.0160815380514, 0.044935375452, -0.0150796994567, -0.00132779683918, 0.00389456306584, -0.0039168423973, 0.00418549962342, -0.000123840203742], [0.000224151663133, 0.00241302233189, 0.0010266067693, -0.00176341924816, 0.00199836725369, 0.00334678729996, -0.0150796994567, 0.0326748751104, -0.0130868367851, -0.000332903669914, 0.00210011168383, -0.00393154518679, -0.00235865684226], [0.000262062938418, -0.000183162279427, 0.00188184087165, -0.00397345144302, -0.00106859207153, 0.00281588663347, -0.00132779683918, -0.0130868367851, 0.0439751595259, -0.0139592308551, -0.00193087989464, 0.00440388685092, -0.00229613273405], [0.00117991818115, -0.00214852346107, -0.00362086924724, 0.00658734561875, -0.00710412999615, -0.000164268916706, 0.00389456306584, -0.000332903669914, -0.0139592308551, 0.0381638221443, -0.011792819947, 0.00558407278731, -0.00281853042543], [4.16859729739e-05, -0.00206864648499, 0.000957449141424, -0.00205402215943, 0.00381299387664, 0.00584804173559, -0.0039168423973, 0.00210011168383, -0.00193087989464, -0.011792819947, 0.0387962237, -0.0160542521626, 0.00538400607184], [-1.0097744962e-05, -0.0012844185112, -0.0031767883338, -0.000344077096088, -0.00250375969335, -0.00422168290243, 0.00418549962342, -0.00393154518679, 0.00440388685092, 0.00558407278731, -0.0160542521626, 0.0443546958268, -0.0197483431548], [0.00107623648364, -0.00211653090082, -0.000344572588801, -0.00130833452567, -0.000327127985656, 0.00217250478454, -0.000123840203742, -0.00235865684226, -0.00229613273405, -0.00281853042543, 0.00538400607184, -0.0197483431548, 0.0441704541445]]
    spectral_contrast:
        mean: [-7.94853633579e-07, 2.60985899558e-07, -4.76656055071e-07, -7.20464242931e-07, -4.99947759636e-07, -1.0313534915e-07, 1.1029618463e-06, 2.32506408793e-06, -3.99157954689e-07, -3.68665769201e-06, 8.99036706414e-07, -5.81476433581e-06]
        var: [0.00025535171153, 0.000376844080165, 0.000716162496246, 0.00138768763281, 0.00158868206199, 0.00214728014544, 0.0201050657779, 0.0437337607145, 0.0787589177489, 0.119281336665, 0.145285770297, 0.440656453371]

rhythm:
    beats_loudness:
        dmean: 0.00252630771138
        dmean2: 0.00406214036047
        dvar: 3.04990976474e-06
        dvar2: 8.05866966402e-06
        max: 0.0146853663027
        mean: 0.00861900486052
        min: 0.00550210429356
        var: 5.02668626723e-06
    beats_loudness_bass:
        dmean: 0.0813892707229
        dmean2: 0.143294364214
        dvar: 0.00417363690212
        dvar2: 0.0129248956218
        max: 0.39000454545
        mean: 0.144468128681
        min: 0.0196190886199
        var: 0.00552734918892
    bpm: 140.989608765
    bpm_confidence: 0
    first_peak_bpm: 141
    first_peak_spread: 0
    first_peak_weight: 0.95454543829
    onset_rate: 2.68465900421
    second_peak_bpm: 131
    second_peak_spread: 0
    second_peak_weight: 0.0454545468092
    beats_position: [0.173196092248, 0.598804533482, 1.02441287041, 1.45002126694, 1.87562978268, 2.30123829842, 2.72684669495, 3.15245485306, 3.57806324959, 4.00367164612, 4.42927980423, 4.85488843918, 5.28049659729, 5.7061047554, 6.16314268112, 6.58867454529, 7.01420640945, 7.43973827362, 7.86527061462, 8.29080295563, 8.71633529663, 9.14186668396, 9.56739807129]
    bpm_estimates: [141.06427002, 140.767089844, 141.216308594, 140.406341553, 141.068450928, 141.128448486, 141.175140381, 141.144622803, 141.165313721, 141.301498413, 141.68812561, 140.63458252, 140.931259155, 140.987792969, 140.5287323, 140.625686646]
    bpm_intervals: [0.425608456135, 0.425608336926, 0.42560839653, 0.425608515739, 0.425608515739, 0.42560839653, 0.425608158112, 0.42560839653, 0.42560839653, 0.425608158112, 0.425608634949, 0.425608158112, 0.425608158112, 0.45703792572, 0.425531864166, 0.425531864166, 0.425531864166, 0.425532341003, 0.425532341003, 0.425532341003, 0.425531387329, 0.425531387329]
    onset_times: [0.0464399084449, 0.162539675832, 0.592108845711, 1.02167797089, 1.45124721527, 1.88081634045, 2.29877543449, 2.72834467888, 3.40172338486, 3.58748292923, 4.01705217361, 4.446621418, 4.80653047562, 5.30575942993, 5.73532867432, 5.9675283432, 6.1648979187, 6.59446716309, 6.82666683197, 7.02403640747, 7.44199562073, 7.87156438828, 8.51011371613, 8.73070335388, 9.16027164459, 9.57823085785, 9.90331077576]
    rubato_start: []
    rubato_stop: []
    perceptual_tempo: "unknown"

sfx:
    inharmonicity:
        dmean: 0.0539305172861
        dmean2: 0.0960211977363
        dvar: 0.00355161703192
        dvar2: 0.00999418832362
        max: 0.334444671869
        mean: 0.0625682920218
        min: 0
        var: 0.00341742346063
    oddtoevenharmonicenergyratio:
        dmean: 2.91106057167
        dmean2: 5.4027633667
        dvar: 152.564971924
        dvar2: 438.516601562
        max: 141.465621948
        mean: 1.98713862896
        min: 0
        var: 86.1496276855
    pitch_after_max_to_before_max_energy_ratio: 12.9019927979
    pitch_centroid: 207.415740967
    pitch_max_to_total: 0.0462962947786
    pitch_min_to_total: 0.638888895512
    tristimulus:
        dmean: [0.15684466064, 0.277173817158, 0.154942840338]
        dmean2: [0.27290776372, 0.488694161177, 0.275157034397]
        dvar: [0.0207787044346, 0.0493971817195, 0.0198092889041]
        dvar2: [0.0549957789481, 0.137438043952, 0.0518795140088]
        max: [1, 0.934741139412, 0.666306912899]
        mean: [0.304738968611, 0.424042016268, 0.143869996071]
        min: [0.0128887705505, 0, 0]
        var: [0.0277983378619, 0.0692240595818, 0.023182881996]

tonal:
    chords_changes_rate: 0.0276497695595
    chords_number_rate: 0.0184331797063
    chords_strength:
        dmean: 0.0100975017995
        dmean2: 0.00639879051596
        dvar: 5.68666546314e-05
        dvar2: 3.15590150421e-05
        max: 0.683769822121
        mean: 0.579560577869
        min: 0.319549053907
        var: 0.00773225119337
    key_strength: 0.778127849102
    tuning_diatonic_strength: 0.648567438126
    tuning_equal_tempered_deviation: 0.0348342843354
    tuning_frequency: 442.03793335
    tuning_nontempered_energy_ratio: 0.67161655426
    hpcp:
        dmean: [0.16877053678, 0.133115276694, 0.0847804024816, 0.0715734288096, 0.0528037585318, 0.108492948115, 0.141080319881, 0.0891122817993, 0.0685326904058, 0.0552165545523, 0.0551355779171, 0.091875590384, 0.119057051837, 0.111983790994, 0.160494148731, 0.160950109363, 0.15655477345, 0.135523527861, 0.117479361594, 0.14119887352, 0.192705228925, 0.203465715051, 0.186857238412, 0.159296169877, 0.14112983644, 0.120177797973, 0.144095048308, 0.170043468475, 0.146669268608, 0.155164271593, 0.135137021542, 0.127333313227, 0.117346607149, 0.133276224136, 0.128991127014, 0.158637180924]
        dmean2: [0.277557700872, 0.218294709921, 0.14337785542, 0.124479837716, 0.0906995087862, 0.186920464039, 0.241256609559, 0.149351134896, 0.119025349617, 0.0980631262064, 0.0974766612053, 0.153705060482, 0.195840507746, 0.188679218292, 0.273205190897, 0.275628596544, 0.276703029871, 0.229608699679, 0.193039894104, 0.237669721246, 0.32695043087, 0.343346208334, 0.318907320499, 0.269506514072, 0.237771600485, 0.211560666561, 0.247100919485, 0.279140561819, 0.246502742171, 0.261807084084, 0.226974204183, 0.227237865329, 0.201967179775, 0.226712614298, 0.217693716288, 0.26242813468]
        dvar: [0.0285809747875, 0.0185904782265, 0.00978942960501, 0.00925780367106, 0.00447874702513, 0.0169524289668, 0.0256080310792, 0.00864174868912, 0.00751758227125, 0.00518879573792, 0.00914948713034, 0.0169455762953, 0.0174693614244, 0.0152264675125, 0.0233689658344, 0.0391832999885, 0.024165475741, 0.0259479507804, 0.0183282289654, 0.0261048562825, 0.034724123776, 0.0368392877281, 0.0399896092713, 0.0352524183691, 0.0289251469076, 0.0339398607612, 0.0342516638339, 0.0407011061907, 0.0297359786928, 0.0214644502848, 0.0248124562204, 0.0216788407415, 0.0168684441596, 0.0218388047069, 0.0180394090712, 0.0229079164565]
        dvar2: [0.0667620822787, 0.0505947321653, 0.0266600698233, 0.0259193181992, 0.0135307386518, 0.0513446219265, 0.0760559886694, 0.022767085582, 0.0239313617349, 0.0155831314623, 0.0252538770437, 0.0416578054428, 0.044070251286, 0.04323444888, 0.0563925020397, 0.103174552321, 0.0737552642822, 0.0735189542174, 0.0467877946794, 0.0614493265748, 0.0954709276557, 0.104198940098, 0.117434896529, 0.0970668718219, 0.0753307193518, 0.0890016779304, 0.0854884162545, 0.0984761714935, 0.0781107544899, 0.0555281452835, 0.0553537458181, 0.0612254701555, 0.0487254783511, 0.062298219651, 0.054428704083, 0.0559394806623]
        max: [1, 1, 0.808034300804, 0.885491192341, 0.582362532616, 0.854141533375, 0.972396194935, 0.859112679958, 0.761436641216, 0.59007614851, 0.864736318588, 1, 0.929456830025, 0.968825399876, 1, 1, 1, 1, 1, 0.955291986465, 1, 1, 1, 1, 1, 1, 1, 1, 1, 1, 1, 1, 0.799106240273, 0.945254504681, 0.792538523674, 1]
        mean: [0.4607398808, 0.29204633832, 0.149294123054, 0.11922056973, 0.08952126652, 0.189025983214, 0.267020940781, 0.176106870174, 0.110166072845, 0.0919034481049, 0.0858526974916, 0.157292082906, 0.211737185717, 0.199192643166, 0.386024981737, 0.5615426898, 0.364023119211, 0.191729843616, 0.174938127398, 0.19941920042, 0.375006139278, 0.47197213769, 0.332380175591, 0.238014698029, 0.199745312333, 0.15736913681, 0.253511995077, 0.300538599491, 0.230098366737, 0.321216613054, 0.401670455933, 0.269128590822, 0.195499420166, 0.208507418633, 0.210530564189, 0.353534162045]
        min: [0.0352016501129, 0.0390734523535, 0.0249756798148, 0.0167693048716, 0.0153956701979, 0.0214760601521, 0.0177066568285, 0.0289243683219, 0.0197796504945, 0.01618761383, 0.0148940254003, 0.0175716560334, 0.0141622293741, 0.0184523630887, 0.0289276242256, 0.0303604658693, 0.0423638373613, 0.0224060323089, 0.0182729884982, 0.0202599596232, 0.0381993800402, 0.0432296395302, 0.0328877419233, 0.0155084012076, 0.0193505771458, 0.0155988270417, 0.0137228444219, 0.0175661705434, 0.0219352133572, 0.0370699055493, 0.0414428897202, 0.0251065567136, 0.0274073593318, 0.0231208708137, 0.023897562176, 0.0257938168943]
        var: [0.0993594750762, 0.038679510355, 0.0124277779832, 0.0119278365746, 0.00490226922557, 0.0257288534194, 0.0446437858045, 0.014243635349, 0.0079432753846, 0.00477589480579, 0.00665142666548, 0.019314924255, 0.0303711481392, 0.0190912410617, 0.0688295513391, 0.133699551225, 0.0509936846793, 0.0311036929488, 0.0261910352856, 0.0304825287312, 0.0696252584457, 0.0966254919767, 0.0540528595448, 0.0448112562299, 0.0359864272177, 0.0284430235624, 0.0594724006951, 0.0774952322245, 0.0344208404422, 0.0554266534746, 0.114232167602, 0.047472435981, 0.0189564526081, 0.0248951744288, 0.0233080666512, 0.0671282932162]
    chords_histogram: [22.1198158264, 0, 40.5529937744, 0, 0, 0, 0, 0, 0, 0, 0, 0, 0, 0, 0, 0, 0, 2.7649769783, 0, 0, 0, 0, 34.562210083, 0]
    thpcp: [1, 0.648255467415, 0.341434150934, 0.311531305313, 0.355127394199, 0.667814135551, 0.840492010117, 0.591905415058, 0.423858612776, 0.355708152056, 0.280244290829, 0.451456308365, 0.535201668739, 0.40976113081, 0.572025299072, 0.715298175812, 0.479266494513, 0.348147034645, 0.371311783791, 0.374914616346, 0.62957662344, 0.820489525795, 0.520078599453, 0.265864253044, 0.212309002876, 0.159420236945, 0.336619079113, 0.475513160229, 0.313612610102, 0.196184679866, 0.163662448525, 0.15288721025, 0.280107080936, 0.377063393593, 0.354723960161, 0.687436580658]
    chords_key: "A"
    chords_scale: "major"
    key_key: "D"
    key_scale: "major"
    chords_progression: ["D", "D", "D", "D", "D", "D", "D", "D", "D", "D", "D", "D", "D", "D", "A", "A", "A", "A", "A", "A", "A", "A", "A", "A", "A", "A", "A", "A", "A", "A", "A", "A", "A", "A", "A", "A", "A", "A", "A", "A", "A", "A", "A", "A", "A", "A", "A", "A", "A", "A", "A", "A", "A", "A", "A", "A", "A", "G", "G", "G", "G", "G", "G", "G", "G", "G", "G", "G", "G", "G", "G", "G", "G", "G", "G", "G", "G", "G", "G", "G", "G", "G", "G", "G", "G", "G", "G", "G", "G", "G", "G", "G", "G", "G", "G", "G", "G", "G", "G", "G", "G", "G", "G", "G", "G", "G", "G", "G", "G", "G", "G", "G", "G", "G", "G", "G", "G", "G", "G", "G", "G", "G", "G", "G", "G", "G", "G", "G", "G", "G", "G", "G", "D", "D", "D", "D", "D", "D", "D", "D", "D", "D", "D", "D", "D", "D", "D", "D", "D", "D", "D", "D", "D", "D", "D", "D", "D", "D", "D", "D", "D", "D", "Dm", "Dm", "Dm", "Dm", "Dm", "Dm", "A", "A", "A", "A", "A", "A", "A", "A", "A", "A", "A", "A", "A", "A", "A", "A", "A", "A", "A", "A", "A", "A", "A", "A", "A", "A", "A", "A", "A", "A", "A", "A", "A", "A", "A", "A", "A", "A", "A", "A", "A", "A", "A", "A", "A", "D", "D", "D", "D"]
