
metadata:
    version:
        essentia: "1.2.2"
    audio_properties:
        analysis_sample_rate: 44100
        bitrate: 128
        channels: 2
        equal_loudness: 1
        length: 10.0310201645
        replay_gain: -11.7139873505
        downmix: "mix"
    tags:
        track: 12
        year: 0
        album: "Splitted by Mp3Splt v. 2.1"
        artist: "From 001.50 To 002.00"
        comment: "http://mp3splt.sf.net"
        genre: ""
        title: "01 Action.mp3"

highlevel:
    ballroom:
        all:
            ChaChaCha: 0.0379085689783
            Jive: 0.164159506559
            Quickstep: 0.0456713102758
            Rumba-American: 0.0449454374611
            Rumba-International: 0.0882040932775
            Rumba-Misc: 0.123648755252
            Samba: 0.0892205536366
            Tango: 0.0265647470951
            VienneseWaltz: 0.12067129463
            Waltz: 0.259005725384
        probability: 0.259005725384
        value: "Waltz"
    culture:
        all:
            non_western: 0.025136096403
            western: 0.974863886833
        probability: 0.974863886833
        value: "western"
    gender:
        all:
            female: 0.78397589922
            male: 0.216024085879
        probability: 0.78397589922
        value: "female"
    genre_dortmund:
        all:
            alternative: 0.0281350687146
            blues: 0.013743669726
            electronic: 0.118990518153
            folkcountry: 0.019596638158
            funksoulrnb: 0.0114533668384
            jazz: 0.103068262339
            pop: 0.115232028067
            raphiphop: 0.0379612892866
            rock: 0.551819145679
        probability: 0.551819145679
        value: "rock"
    genre_electronica:
        all:
            ambient: 0.0322359725833
            dnb: 0.488124728203
            house: 0.0566542260349
            techno: 0.0191684924066
            trance: 0.403816580772
        probability: 0.488124728203
        value: "dnb"
    genre_rosamerica:
        all:
            cla: 0.00473910151049
            dan: 0.657291531563
            hip: 0.0159509964287
            jaz: 0.0124296974391
            pop: 0.0746502131224
            rhy: 0.130657419562
            roc: 0.10089713335
            spe: 0.00338390073739
        probability: 0.657291531563
        value: "dan"
    genre_tzanetakis:
        all:
            blu: 0.00435567786917
            cla: 0.00282379821874
            cou: 0.0233427863568
            dis: 0.165720030665
            hip: 0.11400321871
            jaz: 0.0122300544754
            met: 0.0369033776224
            pop: 0.52121257782
            reg: 0.0672477632761
            roc: 0.0521607175469
        probability: 0.52121257782
        value: "pop"
    live_studio:
        all:
            live: 0.206343486905
            studio: 0.793656527996
        probability: 0.793656527996
        value: "studio"
    mood:
        all:
            Cluster1: 0.275171071291
            Cluster2: 0.188885957003
            Cluster3: 0.143722966313
            Cluster4: 0.127930656075
            Cluster5: 0.264289349318
        probability: 0.275171071291
        value: "Cluster1"
    mood_acoustic:
        all:
            acoustic: 0.0262815598398
            not_acoustic: 0.973718464375
        probability: 0.973718464375
        value: "not_acoustic"
    mood_aggressive:
        all:
            aggressive: 0.413042932749
            not_aggressive: 0.586957037449
        probability: 0.586957037449
        value: "not_aggressive"
    mood_electronic:
        all:
            electronic: 0.828824281693
            not_electronic: 0.171175703406
        probability: 0.828824281693
        value: "electronic"
    mood_happy:
        all:
            happy: 0.516708672047
            not_happy: 0.483291327953
        probability: 0.516708672047
        value: "happy"
    mood_party:
        all:
            not_party: 0.340477883816
            party: 0.659522116184
        probability: 0.659522116184
        value: "party"
    mood_relaxed:
        all:
            not_relaxed: 0.259623497725
            relaxed: 0.740376472473
        probability: 0.740376472473
        value: "relaxed"
    mood_sad:
        all:
            not_sad: 3.00000096379e-14
            sad: 1
        probability: 1
        value: "sad"
    rhythm:
        all:
            fast: 0.730255544186
            medium: 0.246078267694
            slow: 0.0236661974341
        probability: 0.730255544186
        value: "fast"
    speech_music:
        all:
            music: 3.00000096379e-14
            speech: 1
        probability: 1
        value: "speech"
    timbre:
        all:
            bright: 0.267708957195
            dark: 0.732291042805
        probability: 0.732291042805
        value: "dark"
    voice_instrumental:
        all:
            instrumental: 0.00765088573098
            voice: 0.992349088192
        probability: 0.992349088192
        value: "voice"

lowlevel:
    average_loudness: 0.971549808979
    barkbands_kurtosis:
        dmean: 2.17510938644
        dmean2: 3.42552375793
        dvar: 15.0045986176
        dvar2: 32.4626655579
        max: 37.8931884766
        mean: 0.893607199192
        min: -1.90733277798
        var: 23.0702133179
    barkbands_skewness:
        dmean: 0.744402289391
        dmean2: 1.08007133007
        dvar: 0.599946141243
        dvar2: 1.19404900074
        max: 4.67765235901
        mean: 0.806283295155
        min: -2.49914693832
        var: 1.47577881813
    barkbands_spread:
        dmean: 10.2823858261
        dmean2: 15.3141899109
        dvar: 107.485748291
        dvar2: 219.363113403
        max: 84.1742782593
        mean: 40.5322723389
        min: 1.92388558388
        var: 279.193267822
    dissonance:
        dmean: 0.0137189039961
        dmean2: 0.0217690486461
        dvar: 0.000239911052631
        dvar2: 0.00053880881751
        max: 0.498669832945
        mean: 0.469165325165
        min: 0.369757086039
        var: 0.000595256395172
    hfc:
        dmean: 4.35110664368
        dmean2: 6.51743936539
        dvar: 39.9793167114
        dvar2: 95.1090316772
        max: 46.4602050781
        mean: 6.30091190338
        min: 0.138684540987
        var: 52.932144165
    pitch:
        dmean: 1125.13232422
        dmean2: 2179.06811523
        dvar: 2591582
        dvar2: 5478318
        max: 4900
        mean: 2168.27539062
        min: 73.2558135986
        var: 3381577.25
    pitch_instantaneous_confidence:
        dmean: 0.0887324661016
        dmean2: 0.142078131437
        dvar: 0.00577421719208
        dvar2: 0.0133978491649
        max: 0.799929499626
        mean: 0.448258906603
        min: 0.183339774609
        var: 0.0140504427254
    pitch_salience:
        dmean: 0.0717676952481
        dmean2: 0.110060632229
        dvar: 0.00456770276651
        dvar2: 0.0101459696889
        max: 0.845015764236
        mean: 0.572822272778
        min: 0.232950627804
        var: 0.0104456413537
    silence_rate_20dB:
        dmean: 0
        dmean2: 0
        dvar: 0
        dvar2: 0
        max: 1
        mean: 1
        min: 1
        var: 0
    silence_rate_30dB:
        dmean: 0
        dmean2: 0
        dvar: 0
        dvar2: 0
        max: 1
        mean: 1
        min: 1
        var: 0
    silence_rate_60dB:
        dmean: 0.190255224705
        dmean2: 0.379069775343
        dvar: 0.154058352113
        dvar2: 0.253979384899
        max: 1
        mean: 0.543981492519
        min: 0
        var: 0.248065888882
    spectral_centroid:
        dmean: 502.460205078
        dmean2: 729.824157715
        dvar: 301183.65625
        dvar2: 577164.0625
        max: 4959.68408203
        mean: 1437.26733398
        min: 237.589752197
        var: 706337.5
    spectral_complexity:
        dmean: 4.57109546661
        dmean2: 6.5490655899
        dvar: 31.0375080109
        dvar2: 63.3224105835
        max: 41
        mean: 9.60232543945
        min: 0
        var: 59.6116142273
    spectral_crest:
        dmean: 2.22583723068
        dmean2: 3.49596858025
        dvar: 3.748046875
        dvar2: 8.43741512299
        max: 23.9387073517
        mean: 9.03593444824
        min: 3.4691836834
        var: 11.7128429413
    spectral_decrease:
        dmean: 3.67402691603e-10
        dmean2: 5.52766943329e-10
        dvar: 2.7913959403e-19
        dvar2: 6.38041112602e-19
        max: -5.90736209949e-11
        mean: -8.61611948455e-10
        min: -5.05770936243e-09
        var: 4.53941469027e-19
    spectral_energy:
        dmean: 0.00174685043748
        dmean2: 0.0025632281322
        dvar: 5.91125854044e-06
        dvar2: 1.36166272569e-05
        max: 0.0232793297619
        mean: 0.00382343446836
        min: 0.00023553664505
        var: 9.49968853092e-06
    spectral_energyband_high:
        dmean: 0.00041905065882
        dmean2: 0.000648466171697
        dvar: 4.24937695698e-07
        dvar2: 1.03753268377e-06
        max: 0.00547160347924
        mean: 0.000525085662957
        min: 9.27061478251e-07
        var: 5.36452034794e-07
    spectral_energyband_low:
        dmean: 0.000259784399532
        dmean2: 0.000419291929575
        dvar: 1.13012802672e-07
        dvar2: 2.90612433673e-07
        max: 0.00330731738359
        mean: 0.000583322893362
        min: 6.46769694868e-06
        var: 1.64267802916e-07
    spectral_energyband_middle_high:
        dmean: 0.000726660771761
        dmean2: 0.00110499328002
        dvar: 1.37974780046e-06
        dvar2: 3.11276676257e-06
        max: 0.0102745229378
        mean: 0.00113929389045
        min: 9.19516423892e-06
        var: 1.94745484805e-06
    spectral_energyband_middle_low:
        dmean: 0.000782990653533
        dmean2: 0.00132021366153
        dvar: 1.79510311682e-06
        dvar2: 4.71352404929e-06
        max: 0.0116323688999
        mean: 0.00157568824943
        min: 5.22743648617e-05
        var: 2.38342636294e-06
    spectral_flatness_db:
        dmean: 0.0198250487447
        dmean2: 0.0283522605896
        dvar: 0.000380641489755
        dvar2: 0.000748656981159
        max: 0.301742881536
        mean: 0.162538334727
        min: 0.0447087585926
        var: 0.00112092692871
    spectral_flux:
        dmean: 0.0122281601653
        dmean2: 0.0176413524896
        dvar: 0.000207808130654
        dvar2: 0.000366091757314
        max: 0.106797106564
        mean: 0.0342617072165
        min: 0.00617519719526
        var: 0.000425234087743
    spectral_kurtosis:
        dmean: 1.39668750763
        dmean2: 2.10939502716
        dvar: 5.35927820206
        dvar2: 11.2640266418
        max: 24.4523448944
        mean: 1.91451573372
        min: -1.04922568798
        var: 7.63152122498
    spectral_rms:
        dmean: 0.000402649340685
        dmean2: 0.000574109493755
        dvar: 2.13822673345e-07
        dvar2: 4.4140170985e-07
        max: 0.00476566283032
        mean: 0.00180415657815
        min: 0.000479366106447
        var: 4.75196401339e-07
    spectral_rolloff:
        dmean: 815.149841309
        dmean2: 1293.50073242
        dvar: 1050405.875
        dvar2: 1847872.625
        max: 7428.95507812
        mean: 3082.70385742
        min: 172.265625
        var: 2409633.75
    spectral_skewness:
        dmean: 0.302433609962
        dmean2: 0.43139436841
        dvar: 0.128038913012
        dvar2: 0.241213455796
        max: 3.96630764008
        mean: 1.09818005562
        min: -0.0230100750923
        var: 0.275622069836
    spectral_spread:
        dmean: 750358.0625
        dmean2: 1067740.5
        dvar: 855183851520
        dvar2: 1.60287345869e+12
        max: 18296272
        mean: 6233041
        min: 2611123.25
        var: 2.19904632422e+12
    spectral_strongpeak:
        dmean: 0.183749586344
        dmean2: 0.327423870564
        dvar: 0.205197051167
        dvar2: 0.505845963955
        max: 4.46686172485
        mean: 0.26148968935
        min: 0.0288593862206
        var: 0.168204367161
    zerocrossingrate:
        dmean: 0.0186127349734
        dmean2: 0.0193087849766
        dvar: 0.000239630782744
        dvar2: 0.00027172602131
        max: 0.22021484375
        mean: 0.0898040086031
        min: 0.0126953125
        var: 0.00136198569089
    barkbands:
        dmean: [8.60303373429e-07, 6.73155664117e-05, 0.000226853939239, 0.000327742425725, 0.000443903845735, 0.000119753152831, 3.52880852006e-05, 2.63388374151e-05, 3.09817223751e-05, 5.16823238286e-05, 1.43748802657e-05, 1.79894250323e-05, 2.03553081519e-05, 3.35289114446e-05, 5.25002433278e-05, 6.89587977831e-05, 5.60201551707e-05, 0.000131699081976, 0.000320846302202, 0.000264659407549, 0.000181807103218, 6.01441679464e-05, 3.29287468048e-05, 2.17216384044e-05, 6.23359483143e-06, 1.47338610645e-07, 1.05819095708e-08]
        dmean2: [1.07579580799e-06, 0.000110818291432, 0.000367700034985, 0.00056203478016, 0.000735200126655, 0.00019081645587, 5.80620435358e-05, 4.24531208409e-05, 4.30660147686e-05, 7.35884095775e-05, 2.33447408391e-05, 2.80525673588e-05, 2.94561432383e-05, 5.61443594052e-05, 9.00460217963e-05, 0.0001168497256, 8.58354687807e-05, 0.000209816047573, 0.000508345081471, 0.000406781793572, 0.000279223255347, 9.27574292291e-05, 5.26475778315e-05, 3.28848982463e-05, 9.71185272647e-06, 2.22145473572e-07, 1.07711786157e-08]
        dvar: [2.11066949508e-12, 1.2760395407e-08, 8.775275262e-08, 4.41311783561e-07, 5.29606836608e-07, 3.44651063244e-08, 4.7888244481e-09, 3.53663098807e-09, 6.35984820363e-09, 4.08512619288e-08, 2.24954210815e-09, 2.69455346924e-09, 3.60843976921e-09, 8.9153475713e-09, 1.73692740191e-08, 3.13400754237e-08, 9.30011445632e-09, 6.20270839136e-08, 2.16435893208e-07, 1.56405619123e-07, 8.08194826618e-08, 1.86308373173e-08, 2.48383824619e-09, 2.12051598503e-09, 4.78545647553e-10, 1.50657088259e-13, 4.61715321737e-14]
        dvar2: [3.12825264824e-12, 3.35461258771e-08, 2.30125564826e-07, 1.25038070564e-06, 1.37829078994e-06, 9.01985046653e-08, 1.16821308183e-08, 7.87174503358e-09, 1.24934320667e-08, 8.88805260502e-08, 6.02961414131e-09, 6.91595714031e-09, 6.64471855316e-09, 2.15590212349e-08, 4.52865869249e-08, 8.4952148427e-08, 2.07246380057e-08, 1.60703550023e-07, 4.7491425903e-07, 3.61031140983e-07, 1.96179556156e-07, 4.06524272023e-08, 6.03618399708e-09, 5.47307221765e-09, 1.32361388516e-09, 3.2512059993e-13, 4.62705062796e-14]
        max: [1.27000630528e-05, 0.00112028140575, 0.00296256854199, 0.00628072442487, 0.00700712576509, 0.00183830095921, 0.000538198451977, 0.000916280143429, 0.000962629332207, 0.00297229830176, 0.000649964087643, 0.000593370234128, 0.000892085314263, 0.000834372127429, 0.00152501824778, 0.00132942164782, 0.000859090127051, 0.00192084931768, 0.00269027706236, 0.00310809072107, 0.00242075556889, 0.00184197141789, 0.000442844931968, 0.000613244134001, 0.00028381095035, 4.76153718409e-06, 4.45655405201e-06]
        mean: [1.0160721331e-06, 0.000109781307401, 0.000472564686788, 0.000421962788096, 0.000790222722571, 0.00019658805104, 4.14849746448e-05, 3.80503115593e-05, 5.80999658268e-05, 0.000100956647657, 2.2323207304e-05, 2.47109001066e-05, 3.07540794893e-05, 4.29290012107e-05, 6.89572043484e-05, 7.59219183237e-05, 9.13993208087e-05, 0.000156107911607, 0.000386782194255, 0.000337977922754, 0.00022186775459, 6.52739763609e-05, 3.60415106115e-05, 2.47266871156e-05, 6.76104991726e-06, 1.59066743777e-07, 1.05264597039e-08]
        min: [3.1041870463e-11, 7.70695010033e-07, 2.10769394471e-06, 1.23378174521e-06, 7.06086893842e-06, 4.47434058515e-06, 2.92033377036e-07, 2.32743975204e-08, 6.03482988026e-07, 1.17945141653e-07, 1.59124198262e-07, 3.12768378308e-07, 7.67924106526e-08, 2.19552603653e-07, 3.58958004654e-07, 3.51251571828e-07, 4.88501768814e-07, 4.54707134168e-07, 9.90384705801e-07, 1.0725653965e-06, 5.19136278854e-07, 6.64509300918e-08, 1.71531802096e-08, 2.0163625436e-08, 6.37180397334e-09, 7.18697150404e-12, 4.52855560397e-14]
        var: [3.83603392107e-12, 1.46118930289e-08, 1.26841186443e-07, 3.35723285616e-07, 1.00029387795e-06, 5.38936824057e-08, 6.53629061986e-09, 1.08620996642e-08, 1.49836107965e-08, 8.20434351567e-08, 3.32826677329e-09, 2.96593571925e-09, 7.81973064079e-09, 1.35988322825e-08, 1.91617886003e-08, 2.4963913603e-08, 1.76620797987e-08, 6.17030480043e-08, 2.75884929124e-07, 2.02108353164e-07, 9.80801146966e-08, 2.49234357597e-08, 3.31116645214e-09, 2.40141173613e-09, 3.94856009001e-10, 1.64102970579e-13, 4.60773658269e-14]
    mfcc:
        mean: [-729.473083496, 81.8019638062, -8.92016124725, 67.9941482544, 2.51335716248, 4.28544425964, 5.59681081772, -2.69187617302, -7.05263376236, 0.570393145084, -16.7597446442, -8.27604484558, -9.34782028198]
        cov: [[3686.9309082, -1539.44873047, -76.8826904297, -10.4002838135, -72.497428894, -96.2827682495, -113.385269165, 0.0726847276092, -160.38444519, 14.7333278656, 72.8577957153, -2.73342323303, -108.491355896], [-1539.44873047, 1558.96386719, -158.380111694, -202.41847229, -152.422897339, 20.7367916107, 40.514251709, -19.9608669281, 74.7843093872, -13.7371263504, -67.752281189, -52.1708145142, -42.68359375], [-76.8826904297, -158.380111694, 257.231262207, 34.9963226318, 9.01799678802, -15.0669126511, -14.3876190186, 14.7714853287, -5.56304883957, -7.55443572998, 34.1020088196, 27.1810092926, 19.3494186401], [-10.4002838135, -202.41847229, 34.9963226318, 300.023223877, 117.168449402, -27.2384033203, -42.1210975647, 11.5800113678, -26.6247673035, 14.8188886642, 27.4396781921, 50.0182609558, 51.3919372559], [-72.497428894, -152.422897339, 9.01799678802, 117.168449402, 193.858886719, 74.9244766235, -7.53614807129, -22.1452121735, 1.94884812832, 0.732499420643, 13.503572464, 22.0026683807, 36.9065666199], [-96.2827682495, 20.7367916107, -15.0669126511, -27.2384033203, 74.9244766235, 145.506011963, 46.2588882446, -33.2465515137, 20.7932624817, 0.413203626871, 3.06233382225, -1.59014105797, 3.05264139175], [-113.385269165, 40.514251709, -14.3876190186, -42.1210975647, -7.53614807129, 46.2588882446, 114.929534912, 12.9998245239, 29.0966453552, 2.60830760002, -9.53972911835, -12.5260782242, -8.0541934967], [0.0726847276092, -19.9608669281, 14.7714853287, 11.5800113678, -22.1452121735, -33.2465515137, 12.9998245239, 98.2727508545, 39.2148513794, 14.1567773819, -0.196037575603, -8.39482593536, 1.32984864712], [-160.38444519, 74.7843093872, -5.56304883957, -26.6247673035, 1.94884812832, 20.7932624817, 29.0966453552, 39.2148513794, 99.8802719116, 24.8753890991, -5.8931145668, -15.712679863, -5.90357112885], [14.7333278656, -13.7371263504, -7.55443572998, 14.8188886642, 0.732499420643, 0.413203626871, 2.60830760002, 14.1567773819, 24.8753890991, 59.8023338318, 10.0915088654, 5.94426441193, -1.79356455803], [72.8577957153, -67.752281189, 34.1020088196, 27.4396781921, 13.503572464, 3.06233382225, -9.53972911835, -0.196037575603, -5.8931145668, 10.0915088654, 66.3844299316, 24.7951087952, 7.7851228714], [-2.73342323303, -52.1708145142, 27.1810092926, 50.0182609558, 22.0026683807, -1.59014105797, -12.5260782242, -8.39482593536, -15.712679863, 5.94426441193, 24.7951087952, 61.1723976135, 29.3280391693], [-108.491355896, -42.68359375, 19.3494186401, 51.3919372559, 36.9065666199, 3.05264139175, -8.0541934967, 1.32984864712, -5.90357112885, -1.79356455803, 7.7851228714, 29.3280391693, 63.6194763184]]
        icov: [[0.000768585305195, 0.00089549110271, 0.000753468775656, 0.000270634162007, 0.000656455813441, -0.000217514694668, 0.000667890824843, -0.000269029173069, 0.000658908917103, -5.93031945755e-05, -0.000478385278257, -0.000198999099666, 0.001393247745], [0.00089549110271, 0.00187043810729, 0.00127395126037, 0.000426893617259, 0.00150063063484, -0.000519860011991, 0.000897156307474, 0.000109139618871, -5.3463576478e-05, 0.000311098236125, -0.000161225820193, -0.000327381858369, 0.00148986594286], [0.000753468775656, 0.00127395126037, 0.0053446427919, 0.000253353384323, 0.00100366200786, -8.23077280074e-05, 0.000933184404857, -0.00084546324797, 3.51539019903e-05, 0.00138980755582, -0.00224289344624, -0.00135425233748, 0.000808157317806], [0.000270634162007, 0.000426893617259, 0.000253353384323, 0.00645739026368, -0.00425994489342, 0.00282419263385, 0.000509169709403, -0.00141938426532, 0.00171874184161, -0.00162141455803, -0.000503848714288, -0.00226940098219, -0.000893936958164], [0.000656455813441, 0.00150063063484, 0.00100366200786, -0.00425994489342, 0.0123484171927, -0.00711499014869, 0.00250534666702, 0.00115969520994, -0.00142498197965, 0.0013758840505, -0.000193588915863, 0.000785225129221, -0.00169869314414], [-0.000217514694668, -0.000519860011991, -8.23077280074e-05, 0.00282419263385, -0.00711499014869, 0.0139529109001, -0.00516190053895, 0.00429328670725, -0.00216276803985, -0.000438895804109, -0.00140317308251, -9.08002257347e-05, -0.000260803877609], [0.000667890824843, 0.000897156307474, 0.000933184404857, 0.000509169709403, 0.00250534666702, -0.00516190053895, 0.0122492797673, -0.00252403249033, -0.000972249545157, 0.000438900460722, 0.000713810848538, -0.00013355363626, 0.0013399355812], [-0.000269029173069, 0.000109139618871, -0.00084546324797, -0.00141938426532, 0.00115969520994, 0.00429328670725, -0.00252403249033, 0.0156171405688, -0.00684683024883, -0.000681056873873, -0.000509881705511, 0.00254057324491, -0.00226992229], [0.000658908917103, -5.3463576478e-05, 3.51539019903e-05, 0.00171874184161, -0.00142498197965, -0.00216276803985, -0.000972249545157, -0.00684683024883, 0.0169969722629, -0.0062056556344, 0.000200585578568, 0.00231209560297, 0.000951028196141], [-5.93031945755e-05, 0.000311098236125, 0.00138980755582, -0.00162141455803, 0.0013758840505, -0.000438895804109, 0.000438900460722, -0.000681056873873, -0.0062056556344, 0.0209129005671, -0.00268868380226, -0.00305191846564, 0.00203701038845], [-0.000478385278257, -0.000161225820193, -0.00224289344624, -0.000503848714288, -0.000193588915863, -0.00140317308251, 0.000713810848538, -0.000509881705511, 0.000200585578568, -0.00268868380226, 0.0198718104511, -0.00693638157099, 0.00115457153879], [-0.000198999099666, -0.000327381858369, -0.00135425233748, -0.00226940098219, 0.000785225129221, -9.08002257347e-05, -0.00013355363626, 0.00254057324491, 0.00231209560297, -0.00305191846564, -0.00693638157099, 0.0272507052869, -0.0104200951755], [0.001393247745, 0.00148986594286, 0.000808157317806, -0.000893936958164, -0.00169869314414, -0.000260803877609, 0.0013399355812, -0.00226992229, 0.000951028196141, 0.00203701038845, 0.00115457153879, -0.0104200951755, 0.025593297556]]
    spectral_contrast:
        mean: [-1.18858416442e-07, 3.31594165459e-08, -2.80696298205e-07, 2.18276028363e-08, -1.61859532e-07, 1.11585443108e-07, 8.57475185967e-07, -3.96315454054e-06, 2.69243196271e-06, -2.2755111786e-06, 3.68717110177e-08, -4.30262360851e-07]
        var: [0.000276545702945, 0.000815560866613, 0.00151430186816, 0.00228224485181, 0.00368157075718, 0.00599338486791, 0.0604019202292, 0.121244937181, 0.149274513125, 0.31836360693, 0.539218425751, 2.17735910416]

rhythm:
    beats_loudness:
        dmean: 0.00264652981423
        dmean2: 0.00425997935236
        dvar: 6.21587378191e-06
        dvar2: 1.35419832077e-05
        max: 0.0142861902714
        mean: 0.0063872942701
        min: 0.00302341999486
        var: 7.34618652132e-06
    beats_loudness_bass:
        dmean: 0.150769531727
        dmean2: 0.27542245388
        dvar: 0.0102990027517
        dvar2: 0.0294128842652
        max: 0.492614656687
        mean: 0.234687149525
        min: 0.0516868494451
        var: 0.0136018972844
    bpm: 128.963928223
    bpm_confidence: 0
    first_peak_bpm: 129
    first_peak_spread: 0
    first_peak_weight: 0.949999988079
    onset_rate: 4.68546581268
    second_peak_bpm: 119
    second_peak_spread: 0
    second_peak_weight: 0.0500000007451
    beats_position: [0.209453567863, 0.674373149872, 1.13929283619, 1.60421228409, 2.0691318512, 2.5340514183, 2.99897098541, 3.46389055252, 3.92881011963, 4.39372968674, 4.85864925385, 5.32356882095, 5.78848838806, 6.29240131378, 6.75801134109, 7.22362184525, 7.68923187256, 8.15484142303, 8.62045097351, 9.08606147766, 9.55167102814]
    bpm_estimates: [128.99206543, 128.923202515, 129.092956543, 129.044525146, 129.033004761, 129.9896698, 129.037445068, 128.929534912, 128.816223145, 128.785720825, 128.963882446, 129.209564209, 128.859054565, 128.724700928, 128.881942749, 128.62171936, 128.723495483, 128.9868927, 128.971633911, 128.775314331, 128.879852295]
    bpm_intervals: [0.464919567108, 0.464919686317, 0.464919447899, 0.464919567108, 0.464919567108, 0.464919567108, 0.464919567108, 0.464919567108, 0.464919567108, 0.464919567108, 0.464919567108, 0.464919567108, 0.50391292572, 0.465610027313, 0.46561050415, 0.465610027313, 0.465609550476, 0.465609550476, 0.46561050415, 0.465609550476]
    onset_times: [0.0580498874187, 0.18575963378, 0.429569154978, 0.661768734455, 0.905578255653, 1.1261677742, 1.369977355, 1.60217690468, 1.83437645435, 2.06657600403, 2.29877543449, 2.46131515503, 2.53097510338, 2.72834467888, 3.00698423386, 3.23918366432, 3.47138333321, 3.70358276367, 3.93578219414, 4.17959165573, 4.40018129349, 4.65560102463, 4.86458063126, 5.11999988556, 5.27092981339, 5.35219955444, 5.58439922333, 5.80498886108, 6.06040811539, 6.28099775314, 6.53641700745, 6.7570066452, 6.97759628296, 7.2330160141, 7.46521520615, 7.6858048439, 7.92961454391, 8.15020370483, 8.40562343597, 8.62621307373, 8.87002277374, 9.0093421936, 9.10222244263, 9.31120204926, 9.53179168701, 9.81043052673, 9.97297096252]
    rubato_start: []
    rubato_stop: []
    perceptual_tempo: "unknown"

sfx:
    inharmonicity:
        dmean: 0.0464446209371
        dmean2: 0.0819432809949
        dvar: 0.0029409173876
        dvar2: 0.00802800059319
        max: 0.286845356226
        mean: 0.0467218160629
        min: 0
        var: 0.00286260270514
    oddtoevenharmonicenergyratio:
        dmean: 2.27949118614
        dmean2: 4.23427295685
        dvar: 52.6693344116
        dvar2: 153.793960571
        max: 96.0649337769
        mean: 1.68139350414
        min: 0
        var: 30.0177555084
    pitch_after_max_to_before_max_energy_ratio: 3.20940518379
    pitch_centroid: 215.964691162
    pitch_max_to_total: 0.267441868782
    pitch_min_to_total: 0.572093009949
    tristimulus:
        dmean: [0.234472557902, 0.276248633862, 0.154387310147]
        dmean2: [0.408051639795, 0.490341871977, 0.277281314135]
        dvar: [0.0421590134501, 0.0533266440034, 0.0249947775155]
        dvar2: [0.100041948259, 0.14032317698, 0.0652096793056]
        max: [1, 0.981355905533, 0.779584765434]
        mean: [0.364745855331, 0.407654374838, 0.146770223975]
        min: [0.013639755547, 0, 0]
        var: [0.0675380900502, 0.0741495639086, 0.0278940554708]

tonal:
    chords_changes_rate: 0.106481485069
    chords_number_rate: 0.0231481473893
    chords_strength:
        dmean: 0.012379810214
        dmean2: 0.0141677651554
        dvar: 6.97849172866e-05
        dvar2: 0.000117046030937
        max: 0.629800021648
        mean: 0.505443453789
        min: 0.3619607687
        var: 0.00360214500688
    key_strength: 0.71866351366
    tuning_diatonic_strength: 0.449999719858
    tuning_equal_tempered_deviation: 0.175325065851
    tuning_frequency: 441.017791748
    tuning_nontempered_energy_ratio: 0.834500789642
    hpcp:
        dmean: [0.212413802743, 0.221801877022, 0.254109352827, 0.238882794976, 0.177918121219, 0.13393945992, 0.138356953859, 0.140193581581, 0.15845040977, 0.151355147362, 0.129659742117, 0.119111254811, 0.128274276853, 0.113338522613, 0.129987478256, 0.138101831079, 0.120512746274, 0.100748352706, 0.0805644616485, 0.087417460978, 0.0876029357314, 0.102714680135, 0.138679683208, 0.172533228993, 0.159129500389, 0.12733836472, 0.0915953293443, 0.0703405365348, 0.0870208144188, 0.116727180779, 0.13721357286, 0.172635629773, 0.130855187774, 0.135248348117, 0.175353825092, 0.189676269889]
        dmean2: [0.359130859375, 0.378791749477, 0.440711855888, 0.430568903685, 0.31118658185, 0.239625573158, 0.24492919445, 0.244476348162, 0.26808270812, 0.234769299626, 0.207978233695, 0.210750639439, 0.231707900763, 0.196679651737, 0.228998467326, 0.241788133979, 0.19606500864, 0.176025182009, 0.141949772835, 0.153199210763, 0.148659467697, 0.175396353006, 0.249911367893, 0.285077482462, 0.248751580715, 0.212733119726, 0.162856891751, 0.126903936267, 0.154444590211, 0.203774690628, 0.23059079051, 0.297476828098, 0.217614278197, 0.225783139467, 0.292924672365, 0.318884402514]
        dvar: [0.0456817895174, 0.0541369020939, 0.0784976184368, 0.0767992064357, 0.0499720424414, 0.0339997932315, 0.0512076430023, 0.0372914746404, 0.0486857779324, 0.0395192019641, 0.0334948189557, 0.0380772575736, 0.0427545644343, 0.0299956407398, 0.0362844616175, 0.0432910509408, 0.0235518850386, 0.0182493757457, 0.0259262565523, 0.0353215634823, 0.0182039160281, 0.0235341563821, 0.038757674396, 0.0409960076213, 0.0341865383089, 0.0274888332933, 0.0242279227823, 0.0133627876639, 0.0201138518751, 0.0349292196333, 0.0359978564084, 0.0519301965833, 0.0315486341715, 0.0252015739679, 0.0471458658576, 0.0539960153401]
        dvar2: [0.116643890738, 0.118312127888, 0.217628017068, 0.224076986313, 0.150106906891, 0.0960283353925, 0.146074235439, 0.104754410684, 0.119599923491, 0.0819608867168, 0.072034008801, 0.106251984835, 0.121689945459, 0.0731293931603, 0.102714248002, 0.11433775723, 0.0563614927232, 0.0497865974903, 0.0706757009029, 0.0965891182423, 0.0477715246379, 0.062167417258, 0.116342715919, 0.0988252460957, 0.0759395435452, 0.0681391358376, 0.0649165511131, 0.0371864661574, 0.0491027124226, 0.0755853056908, 0.0735333114862, 0.125357046723, 0.0730398073792, 0.0590030327439, 0.107872292399, 0.117865212262]
        max: [1, 1, 1, 1, 1, 1, 1, 0.922583460808, 1, 1, 1, 1, 1, 1, 1, 1, 1, 0.985489547253, 1, 1, 1, 1, 1, 1, 1, 1, 1, 0.638061285019, 1, 1, 1, 1, 1, 0.854587733746, 1, 1]
        mean: [0.351776331663, 0.294211596251, 0.337206155062, 0.294350415468, 0.165959611535, 0.121925599873, 0.112411916256, 0.120895370841, 0.190186694264, 0.22423645854, 0.148886010051, 0.102781787515, 0.109646335244, 0.109787397087, 0.148251757026, 0.247641861439, 0.218698889017, 0.100789017975, 0.0662854239345, 0.0719170123339, 0.114801302552, 0.136976122856, 0.136753976345, 0.241582781076, 0.274440199137, 0.150448217988, 0.0761106908321, 0.0589687526226, 0.0774747952819, 0.122741229832, 0.156364381313, 0.150816351175, 0.116221792996, 0.120989926159, 0.206244662404, 0.336660951376]
        min: [0.00848412513733, 0.0151625648141, 0.00120616797358, 0.00126840092707, 0.00130136997905, 0.00236308947206, 0.00261342665181, 0.00326266163029, 0.00393927749246, 0.00360499951057, 0.00206154771149, 0.00193689484149, 0.00192183675244, 0.00155926705338, 0.00323497247882, 0.00397561397403, 0.00249041849747, 0.000761417264584, 0.000672729918733, 0.000362561258953, 0.00110665569082, 0.00165930402, 0.00126816646662, 0.00202387408353, 0.0027808372397, 0.00198208610527, 0.000288271578029, 0.000770622224081, 0.000955077353865, 0.00085359707009, 0.00116654101294, 0.00134966603946, 0.00132566492539, 0.000683947931975, 0.00110206147656, 0.00624536164105]
        var: [0.0878170803189, 0.0760673508048, 0.115902602673, 0.115681067109, 0.0453365109861, 0.0281457901001, 0.0347449444234, 0.0297741666436, 0.0647587627172, 0.0763983130455, 0.0466644838452, 0.0276070386171, 0.0321806520224, 0.0271516758949, 0.0353358201683, 0.10756868124, 0.084210537374, 0.0169440824538, 0.0173697900027, 0.0247874967754, 0.027184413746, 0.0332180783153, 0.0346277430654, 0.0695336014032, 0.0723470821977, 0.0308153051883, 0.017563180998, 0.00937664695084, 0.0197542589158, 0.0459894835949, 0.0512306429446, 0.0492965988815, 0.0282426327467, 0.0240624379367, 0.0575014650822, 0.119589470327]
    chords_histogram: [0.925925910473, 15.7407407761, 4.62962961197, 0, 0, 0, 0, 0, 0, 0, 0, 0, 0, 0, 0, 31.0185184479, 37.5, 10.1851854324, 0, 0, 0, 0, 0, 0]
    thpcp: [1, 0.836359858513, 0.958581149578, 0.836754441261, 0.471775949001, 0.346599787474, 0.319555073977, 0.343671143055, 0.540646672249, 0.637440443039, 0.423240542412, 0.292179375887, 0.31169334054, 0.312094330788, 0.421437561512, 0.703975319862, 0.62169867754, 0.286514490843, 0.188430592418, 0.204439595342, 0.326347440481, 0.389384150505, 0.388752639294, 0.686751067638, 0.780155360699, 0.427681475878, 0.216361030936, 0.167631387711, 0.220238789916, 0.348918378353, 0.444499433041, 0.428727954626, 0.330385476351, 0.343939930201, 0.58629488945, 0.95703125]
    chords_key: "F"
    chords_scale: "major"
    key_key: "A"
    key_scale: "major"
    chords_progression: ["F", "F", "F", "F", "F", "F", "F", "F", "F", "F", "F", "F", "F", "F", "F", "F", "F", "F", "F", "F", "F", "F", "F", "F", "F", "F", "F", "F", "F", "Dm", "Dm", "Dm", "Dm", "Dm", "Dm", "Dm", "Dm", "Dm", "Dm", "Dm", "Dm", "C#m", "C#m", "C#m", "C#m", "C#m", "C#m", "C#m", "C#m", "C#m", "C#m", "C#m", "C#m", "C#m", "C#m", "C#m", "C#m", "C#m", "C#m", "C#m", "C#m", "C#m", "C#m", "C#m", "C#m", "C#m", "C#m", "C#m", "C#m", "C#m", "C#m", "C#m", "E", "C#m", "C#m", "C#m", "E", "E", "E", "E", "E", "E", "E", "E", "F", "F", "E", "F", "F", "F", "F", "F", "F", "F", "F", "A", "A", "F", "F", "Dm", "Dm", "Dm", "Dm", "Dm", "Dm", "Dm", "Dm", "F", "F", "Dm", "Dm", "Dm", "Dm", "Dm", "Dm", "Dm", "F", "F", "F", "F", "Dm", "Dm", "Dm", "Dm", "Dm", "Dm", "Dm", "Dm", "Dm", "Dm", "Dm", "Dm", "Dm", "F", "F", "F", "F", "F", "Am", "Am", "Am", "Am", "Am", "Am", "Am", "Am", "Am", "Am", "Am", "Am", "Am", "Am", "Am", "Am", "Am", "Am", "Am", "Am", "Am", "Am", "F", "F", "F", "F", "F", "F", "F", "F", "F", "F", "F", "F", "F", "F", "F", "F", "F", "F", "F", "F", "F", "F", "F", "Dm", "Dm", "Dm", "Dm", "Dm", "Dm", "F", "Dm", "Dm", "Dm", "Dm", "Dm", "F", "F", "F", "F", "F", "Dm", "Dm", "Dm", "Dm", "Dm", "Dm", "Dm", "Dm", "Dm", "Dm", "Dm", "Dm", "Dm", "Dm", "Dm", "Dm"]
