
metadata:
    version:
        essentia: "1.2.2"
    audio_properties:
        analysis_sample_rate: 44100
        bitrate: 128
        channels: 2
        equal_loudness: 1
        length: 10.0310201645
        replay_gain: -7.63955688477
        downmix: "mix"
    tags:
        track: 5
        year: 0
        album: "Splitted by Mp3Splt v. 2.1"
        artist: "From 000.40 To 000.50"
        comment: "http://mp3splt.sf.net"
        genre: ""
        title: "08 Deluge.mp3"

highlevel:
    ballroom:
        all:
            ChaChaCha: 0.00568863051012
            Jive: 0.00762142986059
            Quickstep: 0.091466575861
            Rumba-American: 0.016390895471
            Rumba-International: 0.05437079072
            Rumba-Misc: 0.0602011159062
            Samba: 0.00812389794737
            Tango: 0.16515468061
            VienneseWaltz: 0.405407041311
            Waltz: 0.185574933887
        probability: 0.405407041311
        value: "VienneseWaltz"
    culture:
        all:
            non_western: 0.226571306586
            western: 0.773428678513
        probability: 0.773428678513
        value: "western"
    gender:
        all:
            female: 0.640433490276
            male: 0.359566539526
        probability: 0.640433490276
        value: "female"
    genre_dortmund:
        all:
            alternative: 0.0152864158154
            blues: 0.0119227459654
            electronic: 0.0135557455942
            folkcountry: 0.0250647198409
            funksoulrnb: 0.0347199365497
            jazz: 0.845009386539
            pop: 0.0235100779682
            raphiphop: 0.00102785113268
            rock: 0.0299031119794
        probability: 0.845009386539
        value: "jazz"
    genre_electronica:
        all:
            ambient: 0.953329086304
            dnb: 0.0180342327803
            house: 0.0124860806391
            techno: 0.00205041421577
            trance: 0.0141001753509
        probability: 0.953329086304
        value: "ambient"
    genre_rosamerica:
        all:
            cla: 0.0581238009036
            dan: 0.00696710217744
            hip: 0.00738203758374
            jaz: 0.821744859219
            pop: 0.045482955873
            rhy: 0.0230830889195
            roc: 0.0325096175075
            spe: 0.00470656389371
        probability: 0.821744859219
        value: "jaz"
    genre_tzanetakis:
        all:
            blu: 0.00143613433465
            cla: 0.0234907064587
            cou: 0.0175280682743
            dis: 0.00901393592358
            hip: 0.00059553940082
            jaz: 0.894892275333
            met: 0.000390850065742
            pop: 0.0423791408539
            reg: 0.00329146324657
            roc: 0.00698189763352
        probability: 0.894892275333
        value: "jaz"
    live_studio:
        all:
            live: 0.246163621545
            studio: 0.753836393356
        probability: 0.753836393356
        value: "studio"
    mood:
        all:
            Cluster1: 0.103066265583
            Cluster2: 0.251954317093
            Cluster3: 0.381272315979
            Cluster4: 0.20756547153
            Cluster5: 0.0561416558921
        probability: 0.381272315979
        value: "Cluster3"
    mood_acoustic:
        all:
            acoustic: 0.920081436634
            not_acoustic: 0.0799185782671
        probability: 0.920081436634
        value: "acoustic"
    mood_aggressive:
        all:
            aggressive: 0.00961691979319
            not_aggressive: 0.990383088589
        probability: 0.990383088589
        value: "not_aggressive"
    mood_electronic:
        all:
            electronic: 0.0831808894873
            not_electronic: 0.916819095612
        probability: 0.916819095612
        value: "not_electronic"
    mood_happy:
        all:
            happy: 0.335297703743
            not_happy: 0.664702296257
        probability: 0.664702296257
        value: "not_happy"
    mood_party:
        all:
            not_party: 0.947819650173
            party: 0.0521803535521
        probability: 0.947819650173
        value: "not_party"
    mood_relaxed:
        all:
            not_relaxed: 0.0407445393503
            relaxed: 0.959255456924
        probability: 0.959255456924
        value: "relaxed"
    mood_sad:
        all:
            not_sad: 0.127617403865
            sad: 0.872382581234
        probability: 0.872382581234
        value: "sad"
    rhythm:
        all:
            fast: 0.263896584511
            medium: 0.629685997963
            slow: 0.106417402625
        probability: 0.629685997963
        value: "medium"
    speech_music:
        all:
            music: 0.765612483025
            speech: 0.234387531877
        probability: 0.765612483025
        value: "music"
    timbre:
        all:
            bright: 0.0679475292563
            dark: 0.932052493095
        probability: 0.932052493095
        value: "dark"
    voice_instrumental:
        all:
            instrumental: 0.9927110672
            voice: 0.00728895934299
        probability: 0.9927110672
        value: "instrumental"

lowlevel:
    average_loudness: 0.974897623062
    barkbands_kurtosis:
        dmean: 1.2615326643
        dmean2: 1.95697450638
        dvar: 2.47857689857
        dvar2: 5.29310846329
        max: 12.69024086
        mean: 1.72515916824
        min: -1.33348011971
        var: 7.06504154205
    barkbands_skewness:
        dmean: 0.374267339706
        dmean2: 0.577849626541
        dvar: 0.12571850419
        dvar2: 0.252825409174
        max: 3.24972915649
        mean: 0.716023147106
        min: -1.18081474304
        var: 0.486986279488
    barkbands_spread:
        dmean: 2.17288970947
        dmean2: 3.42445802689
        dvar: 5.21609401703
        dvar2: 13.5161991119
        max: 24.0396232605
        mean: 11.4287528992
        min: 2.46818161011
        var: 20.4168605804
    dissonance:
        dmean: 0.0373444072902
        dmean2: 0.0646672174335
        dvar: 0.0011765700765
        dvar2: 0.00313666812144
        max: 0.487064659595
        mean: 0.405362099409
        min: 0.207465261221
        var: 0.00212816265412
    hfc:
        dmean: 0.952527165413
        dmean2: 1.32112777233
        dvar: 2.60830521584
        dvar2: 4.16938447952
        max: 26.7959880829
        mean: 3.18012857437
        min: 3.37079859491e-06
        var: 11.0597515106
    pitch:
        dmean: 75.4309997559
        dmean2: 141.273864746
        dvar: 17137.2148438
        dvar2: 36180.4335938
        max: 1470
        mean: 301.103057861
        min: 82.2761230469
        var: 25501.7890625
    pitch_instantaneous_confidence:
        dmean: 0.102710708976
        dmean2: 0.159293353558
        dvar: 0.0142918704078
        dvar2: 0.0287279170007
        max: 0.961846768856
        mean: 0.604600429535
        min: 0.180964112282
        var: 0.0356734581292
    pitch_salience:
        dmean: 0.0602115914226
        dmean2: 0.0962614044547
        dvar: 0.00298036332242
        dvar2: 0.00709595065564
        max: 0.959532678127
        mean: 0.632127702236
        min: 0.386830598116
        var: 0.0073379422538
    silence_rate_20dB:
        dmean: 0
        dmean2: 0
        dvar: 0
        dvar2: 0
        max: 1
        mean: 1
        min: 1
        var: 0
    silence_rate_30dB:
        dmean: 0
        dmean2: 0
        dvar: 0
        dvar2: 0
        max: 1
        mean: 1
        min: 1
        var: 0
    silence_rate_60dB:
        dmean: 0.12962962687
        dmean2: 0.257540613413
        dvar: 0.112825781107
        dvar2: 0.23297740519
        max: 1
        mean: 0.545034646988
        min: 0
        var: 0.247972115874
    spectral_centroid:
        dmean: 110.536781311
        dmean2: 164.267501831
        dvar: 14017.1826172
        dvar2: 27169.2246094
        max: 1483.18811035
        mean: 763.871948242
        min: 201.352752686
        var: 48966.859375
    spectral_complexity:
        dmean: 1.52668213844
        dmean2: 2.41860461235
        dvar: 2.62052106857
        dvar2: 5.53174686432
        max: 21
        mean: 8.68518543243
        min: 0
        var: 10.5444107056
    spectral_crest:
        dmean: 1.60574233532
        dmean2: 2.58324360847
        dvar: 2.17710185051
        dvar2: 5.29540300369
        max: 16.9370689392
        mean: 8.36006736755
        min: 3.73269343376
        var: 7.13235759735
    spectral_decrease:
        dmean: 2.30071961482e-10
        dmean2: 3.43961803484e-10
        dvar: 9.55843710074e-20
        dvar2: 1.69837369604e-19
        max: -5.30528392722e-16
        mean: -9.26748511265e-10
        min: -4.65395677551e-09
        var: 5.05914777877e-19
    spectral_energy:
        dmean: 0.000949380453676
        dmean2: 0.0014028333826
        dvar: 1.66912127497e-06
        dvar2: 2.92696608994e-06
        max: 0.0198711995035
        mean: 0.00378620903939
        min: 2.3080775069e-09
        var: 8.78933133208e-06
    spectral_energyband_high:
        dmean: 8.99704537005e-06
        dmean2: 1.46837373904e-05
        dvar: 5.16496179159e-10
        dvar2: 1.2572693997e-09
        max: 0.000284634996206
        mean: 1.47862256199e-05
        min: 3.82834597357e-11
        var: 6.44421183082e-10
    spectral_energyband_low:
        dmean: 0.000150054853293
        dmean2: 0.000235978892306
        dvar: 5.20275804661e-08
        dvar2: 1.34368690397e-07
        max: 0.00293624727055
        mean: 0.000228439021157
        min: 1.00415696591e-10
        var: 8.75425598679e-08
    spectral_energyband_middle_high:
        dmean: 0.000510318845045
        dmean2: 0.000713880115654
        dvar: 6.87522060616e-07
        dvar2: 1.14264821605e-06
        max: 0.0116205457598
        mean: 0.00139239814598
        min: 2.00917904536e-09
        var: 2.55939175986e-06
    spectral_energyband_middle_low:
        dmean: 0.000539323373232
        dmean2: 0.000854153244291
        dvar: 4.66347046313e-07
        dvar2: 1.01693888155e-06
        max: 0.00949738081545
        mean: 0.00215057865717
        min: 1.36633870884e-10
        var: 3.00558554045e-06
    spectral_flatness_db:
        dmean: 0.0195172782987
        dmean2: 0.030623074621
        dvar: 0.000380209006835
        dvar2: 0.000754085252993
        max: 0.309112876654
        mean: 0.224645957351
        min: 0.0946043655276
        var: 0.000990473316051
    spectral_flux:
        dmean: 0.00878655351698
        dmean2: 0.0142397312447
        dvar: 8.86546913534e-05
        dvar2: 0.00023150065681
        max: 0.0846559107304
        mean: 0.0247598253191
        min: 4.80424569105e-05
        var: 0.000172095969901
    spectral_kurtosis:
        dmean: 4.93477344513
        dmean2: 8.29831504822
        dvar: 27.0290241241
        dvar2: 72.4862289429
        max: 44.3321113586
        mean: 14.1549825668
        min: 1.43107700348
        var: 57.3630142212
    spectral_rms:
        dmean: 0.000243600952672
        dmean2: 0.000355492840754
        dvar: 8.09284586012e-08
        dvar2: 1.31428265604e-07
        max: 0.00440301466733
        mean: 0.00179912417661
        min: 1.50059418047e-06
        var: 4.57012049537e-07
    spectral_rolloff:
        dmean: 182.207733154
        dmean2: 303.818328857
        dvar: 76591.078125
        dvar2: 160902.859375
        max: 3079.24804688
        mean: 1167.57629395
        min: 236.865234375
        var: 193125.125
    spectral_skewness:
        dmean: 0.419955432415
        dmean2: 0.700722813606
        dvar: 0.166074186563
        dvar2: 0.437378793955
        max: 5.07343816757
        mean: 2.88305926323
        min: 1.1795951128
        var: 0.525387465954
    spectral_spread:
        dmean: 557523.5
        dmean2: 875807.625
        dvar: 1.59173915443e+12
        dvar2: 2.10699629363e+12
        max: 25004582
        mean: 2946609.5
        min: 1357223.5
        var: 1.85045509734e+12
    spectral_strongpeak:
        dmean: 0.267504304647
        dmean2: 0.438391566277
        dvar: 0.129979118705
        dvar2: 0.262826055288
        max: 2.7941942215
        mean: 0.698303282261
        min: 5.7511148043e-05
        var: 0.338244646788
    zerocrossingrate:
        dmean: 0.00418041273952
        dmean2: 0.00568563770503
        dvar: 1.84428881767e-05
        dvar2: 3.25294677168e-05
        max: 0.07958984375
        mean: 0.0385764800012
        min: 0.01904296875
        var: 7.59517715778e-05
    barkbands:
        dmean: [2.21423892555e-08, 4.27757513535e-05, 0.000120834934933, 4.44904944743e-05, 8.10464116512e-05, 0.000263748748694, 0.000170303072082, 8.91993768164e-05, 0.000175187247805, 0.00012551722466, 0.000112184825412, 9.72691996139e-05, 0.000102358695585, 5.90253403061e-05, 6.40669604763e-05, 3.15385732392e-05, 2.92389540846e-05, 3.68073633581e-05, 1.81355790119e-05, 1.16344299386e-05, 3.77582318833e-06, 9.14581391953e-07, 2.5957666594e-07, 1.32973227096e-07, 7.03298184135e-08, 2.55050225384e-09, 2.16488438287e-10]
        dmean2: [2.42648869886e-08, 7.26551443222e-05, 0.000190100312466, 7.35271096346e-05, 0.000132382498123, 0.000471535546239, 0.000273636891507, 0.000127822815557, 0.0002621957683, 0.000181304538273, 0.00016414221318, 0.000126259634271, 0.000147348109749, 8.47108240123e-05, 8.75605473993e-05, 4.47871643701e-05, 4.11412001995e-05, 5.27853626409e-05, 2.8961472708e-05, 1.94558142539e-05, 6.22525931249e-06, 1.50139680954e-06, 4.40388930656e-07, 2.39439060579e-07, 1.19883679872e-07, 4.30171853694e-09, 3.97818195053e-10]
        dvar: [1.5699818019e-13, 3.50796303117e-09, 4.9144066594e-08, 1.77588699302e-08, 1.08174811331e-08, 1.35004412982e-07, 6.00672933615e-08, 2.74164921876e-08, 1.33081144327e-07, 8.50724646284e-08, 3.79116187332e-08, 5.51020349349e-08, 5.13181142026e-08, 1.69229625868e-08, 1.32691635457e-08, 4.03527744552e-09, 3.76010556025e-09, 1.89637052728e-08, 2.55022070128e-09, 1.15241105547e-09, 1.04374425769e-10, 2.68370959136e-12, 3.02261931847e-13, 1.08464988022e-13, 3.17812724922e-14, 3.35027305587e-17, 1.39315051236e-19]
        dvar2: [1.57625282726e-13, 9.01971031197e-09, 1.29689979644e-07, 5.05299304621e-08, 2.8221496251e-08, 4.43298006303e-07, 1.45165358845e-07, 4.87868021537e-08, 3.00004302289e-07, 1.43994853374e-07, 7.50968283114e-08, 8.41199820911e-08, 1.02418880488e-07, 2.92539521496e-08, 2.17481677112e-08, 7.28366389424e-09, 6.23099571939e-09, 3.03482501351e-08, 4.98942442917e-09, 2.77993805753e-09, 2.76830530721e-10, 6.92583490558e-12, 8.16949101683e-13, 3.09914745776e-13, 8.63937082139e-14, 8.72794660252e-17, 4.47195604336e-19]
        max: [8.23939080874e-06, 0.000645432679448, 0.00264868326485, 0.00177942193113, 0.00117443106137, 0.00383737310767, 0.0023949618917, 0.00282202940434, 0.00545610301197, 0.00613971287385, 0.00164453173056, 0.00302273244597, 0.00212303549051, 0.00140676391311, 0.00128259311896, 0.000856545288116, 0.000786131888162, 0.00246516452171, 0.000797552929725, 0.000505597214215, 0.000136597896926, 1.23127138068e-05, 4.27026407124e-06, 2.99445832752e-06, 1.94532913156e-06, 5.92567239721e-08, 2.8779916228e-09]
        mean: [2.24010747729e-08, 5.93429576838e-05, 0.000169082471984, 5.56602099095e-05, 0.000151895146701, 0.000489817175549, 0.000388569722418, 0.000288587558316, 0.000608328031376, 0.000474154803669, 0.000243193440838, 0.000185501354281, 0.000208613215364, 0.00011878330406, 0.000118040414236, 5.35944964213e-05, 5.37095729669e-05, 6.12205330981e-05, 3.21439074469e-05, 1.80218630703e-05, 5.86273108638e-06, 1.46060131101e-06, 3.34167935989e-07, 1.69852384602e-07, 9.71777183167e-08, 3.75394026975e-09, 1.75878797637e-10]
        min: [1.6192419584e-12, 5.43716217882e-11, 2.43977928138e-11, 1.65803169805e-11, 2.45350476047e-11, 1.43787447227e-11, 1.15862762093e-11, 2.01370777692e-11, 4.33370596353e-11, 4.17897209892e-11, 8.53568396519e-11, 3.06482783596e-10, 8.45992831344e-10, 3.98474891972e-10, 1.61608337823e-10, 1.3555262468e-10, 2.47733587116e-11, 4.91873729247e-12, 5.02059591817e-12, 1.2482528032e-11, 6.81257827928e-12, 4.88171525773e-12, 4.14056115783e-12, 3.98318747777e-12, 3.98502715201e-12, 3.70711360914e-12, 4.9038697365e-13]
        var: [1.56685943517e-13, 5.4926485582e-09, 7.82979370229e-08, 1.29811166261e-08, 2.3790109438e-08, 2.93911028848e-07, 1.9360751935e-07, 1.66454228179e-07, 7.17012085261e-07, 6.93901824889e-07, 1.26952855339e-07, 1.80910504355e-07, 1.20390993175e-07, 5.46640919197e-08, 4.24761381623e-08, 1.23537917673e-08, 1.12807629904e-08, 4.95044965021e-08, 5.39286926227e-09, 1.57641155685e-09, 1.0239230297e-10, 3.56738488576e-12, 2.67594567381e-13, 8.55727774339e-14, 2.85645496785e-14, 3.48300841266e-17, 1.08539925793e-19]
    mfcc:
        mean: [-787.543029785, 182.331573486, -48.3205223083, 20.946969986, -24.9961585999, -12.2988815308, -2.85533022881, -7.74855232239, -3.33966803551, -1.24888634682, -0.433213233948, -4.59940099716, -3.20814418793]
        cov: [[3052.61474609, -81.6992721558, -562.763916016, -1.63391089439, -138.07119751, -119.89969635, -106.623214722, -1.59303367138, 28.7402801514, -49.8536338806, -14.66203022, -55.0804634094, -50.6338996887], [-81.6992721558, 490.112609863, -53.293636322, -44.2525482178, 54.1211242676, 68.6895217896, 33.9706115723, 0.280094444752, 30.7304172516, 24.1199569702, 31.5082054138, 17.7251338959, -0.472327470779], [-562.763916016, -53.293636322, 730.772460938, -20.1700763702, -129.08303833, -16.0122947693, 75.8250808716, 65.3421173096, 60.3717002869, 71.2040023804, 2.64890646935, -44.3787956238, -55.6772499084], [-1.63391089439, -44.2525482178, -20.1700763702, 309.640777588, 83.4625473022, 7.8136177063, 17.6819667816, 36.3475494385, -9.25868225098, -25.8071517944, 6.62690830231, 30.3005123138, 23.9912662506], [-138.07119751, 54.1211242676, -129.08303833, 83.4625473022, 346.364379883, 162.444732666, 53.124710083, 15.1517572403, -11.6053905487, -11.604475975, 24.517665863, 64.6868896484, 56.3863143921], [-119.89969635, 68.6895217896, -16.0122947693, 7.8136177063, 162.444732666, 186.440872192, 74.1397857666, 5.46884441376, -13.7609786987, 0.566145122051, 16.9281215668, 25.3964328766, 29.6814556122], [-106.623214722, 33.9706115723, 75.8250808716, 17.6819667816, 53.124710083, 74.1397857666, 83.3272018433, 25.0677471161, 2.08689880371, 7.70616292953, 10.6880044937, 7.52676153183, 6.05694246292], [-1.59303367138, 0.280094444752, 65.3421173096, 36.3475494385, 15.1517572403, 5.46884441376, 25.0677471161, 62.3260993958, 27.2881622314, 10.9549837112, 7.0899605751, 2.97866225243, 2.73278188705], [28.7402801514, 30.7304172516, 60.3717002869, -9.25868225098, -11.6053905487, -13.7609786987, 2.08689880371, 27.2881622314, 60.3787879944, 28.7192401886, 5.90273618698, -2.06935381889, -7.26806735992], [-49.8536338806, 24.1199569702, 71.2040023804, -25.8071517944, -11.604475975, 0.566145122051, 7.70616292953, 10.9549837112, 28.7192401886, 46.5859565735, 18.1703796387, 4.9228811264, -1.31899321079], [-14.66203022, 31.5082054138, 2.64890646935, 6.62690830231, 24.517665863, 16.9281215668, 10.6880044937, 7.0899605751, 5.90273618698, 18.1703796387, 42.3615150452, 30.2782344818, 13.7440643311], [-55.0804634094, 17.7251338959, -44.3787956238, 30.3005123138, 64.6868896484, 25.3964328766, 7.52676153183, 2.97866225243, -2.06935381889, 4.9228811264, 30.2782344818, 61.1129951477, 36.2612419128], [-50.6338996887, -0.472327470779, -55.6772499084, 23.9912662506, 56.3863143921, 29.6814556122, 6.05694246292, 2.73278188705, -7.26806735992, -1.31899321079, 13.7440643311, 36.2612419128, 50.84192276]]
        icov: [[0.000470499129733, 0.000167524311109, 0.000547036877833, -4.57977730548e-05, 0.000296156009426, -0.000139155061333, 6.94994450896e-05, -0.000357514159987, -0.000692646310199, 0.000347790395608, -0.00063257716829, 0.000442910211859, 0.000619647325948], [0.000167524311109, 0.00255473377183, 0.000643379695248, 0.000235812200117, 0.000193316082004, -0.000845242582727, -0.000834788545035, 0.00058336002985, -0.00207826541737, 5.84179870202e-05, -0.00173076323699, -1.66002828337e-05, 0.00131514947861], [0.000547036877833, 0.000643379695248, 0.00297654373571, -0.000212166414713, 0.00117909349501, -0.000247663789196, -0.00223491620272, -0.00155169062782, -0.00103452650364, -0.00269466242753, -7.56653826102e-05, 0.000481693568872, 0.00255619315431], [-4.57977730548e-05, 0.000235812200117, -0.000212166414713, 0.0042657176964, -0.00110651168507, 0.00129264313728, -0.000643561477773, -0.00248942663893, 0.000599943043198, 0.00281109334901, -0.000340639293427, -0.00134798546787, -0.000393475493183], [0.000296156009426, 0.000193316082004, 0.00117909349501, -0.00110651168507, 0.00696780346334, -0.00574547657743, 0.000762699812185, -0.00150449364446, -0.0014882159885, 0.000723250443116, 0.00124373566359, -0.00425430806354, 0.00023070210591], [-0.000139155061333, -0.000845242582727, -0.000247663789196, 0.00129264313728, -0.00574547657743, 0.0150165781379, -0.0103236492723, 0.00301821436733, 0.00228156801313, -0.000565195339732, -0.00148065492976, 0.00363304954953, -0.00423398939893], [6.94994450896e-05, -0.000834788545035, -0.00223491620272, -0.000643561477773, 0.000762699812185, -0.0103236492723, 0.0258175246418, -0.00840191077441, 0.00354474806227, -4.51230880572e-05, -0.00111962377559, -0.000640182406642, 0.00173944968265], [-0.000357514159987, 0.00058336002985, -0.00155169062782, -0.00248942663893, -0.00150449364446, 0.00301821436733, -0.00840191077441, 0.0279738083482, -0.0126227093861, 0.00341585674323, -0.00367848505266, 0.00354811199941, -0.0047233379446], [-0.000692646310199, -0.00207826541737, -0.00103452650364, 0.000599943043198, -0.0014882159885, 0.00228156801313, 0.00354474806227, -0.0126227093861, 0.0333163700998, -0.0185846220702, 0.00675730407238, -0.0026406981051, 0.00278684077784], [0.000347790395608, 5.84179870202e-05, -0.00269466242753, 0.00281109334901, 0.000723250443116, -0.000565195339732, -4.51230880572e-05, 0.00341585674323, -0.0185846220702, 0.0453644692898, -0.0192152354866, 0.00347585999407, -0.003345369827], [-0.00063257716829, -0.00173076323699, -7.56653826102e-05, -0.000340639293427, 0.00124373566359, -0.00148065492976, -0.00111962377559, -0.00367848505266, 0.00675730407238, -0.0192152354866, 0.0499558858573, -0.0262306723744, 0.00491901440546], [0.000442910211859, -1.66002828337e-05, 0.000481693568872, -0.00134798546787, -0.00425430806354, 0.00363304954953, -0.000640182406642, 0.00354811199941, -0.0026406981051, 0.00347585999407, -0.0262306723744, 0.0465467497706, -0.0223068967462], [0.000619647325948, 0.00131514947861, 0.00255619315431, -0.000393475493183, 0.00023070210591, -0.00423398939893, 0.00173944968265, -0.0047233379446, 0.00278684077784, -0.003345369827, 0.00491901440546, -0.0223068967462, 0.0404371730983]]
    spectral_contrast:
        mean: [-7.80198217143e-09, 2.27109040907e-07, 1.19304147006e-07, -4.7583685614e-07, 3.32740853537e-07, -2.62150052777e-08, -3.27342633e-08, -2.22924131776e-06, 1.03480289226e-07, 3.56993200512e-06, -9.38221234037e-08, 7.47541605506e-07]
        var: [0.000259971042397, 0.000741943251342, 0.00110466743354, 0.00259269424714, 0.00323268212378, 0.0110109765083, 0.067237906158, 0.115064010024, 0.167281836271, 0.317179650068, 0.50249427557, 1.43462443352]

rhythm:
    beats_loudness:
        dmean: 0.00372729706578
        dmean2: 0.00704434048384
        dvar: 1.61253010447e-05
        dvar2: 5.13766535732e-05
        max: 0.0149629758671
        mean: 0.00433607771993
        min: 0.000667888554744
        var: 1.16624541988e-05
    beats_loudness_bass:
        dmean: 0.0809027552605
        dmean2: 0.149126663804
        dvar: 0.00661803549156
        dvar2: 0.0161418914795
        max: 0.262654989958
        mean: 0.0584631226957
        min: 0.00389042985626
        var: 0.00578896095976
    bpm: 114.149330139
    bpm_confidence: 0
    first_peak_bpm: 99
    first_peak_spread: 0
    first_peak_weight: 0.529411792755
    onset_rate: 4.78515625
    second_peak_bpm: 114
    second_peak_spread: 0
    second_peak_weight: 0.411764711142
    beats_position: [0.093694858253, 0.698367118835, 1.30303943157, 1.9077116251, 2.51238393784, 3.11705636978, 3.72172856331, 4.32640075684, 4.93107318878, 5.53574514389, 6.02536344528, 6.55101251602, 7.07666158676, 7.6023106575, 8.12796020508, 8.65360927582, 9.17925834656, 9.7049074173]
    bpm_estimates: [113.55002594, 114.378227234, 115.673187256, 113.507164001, 113.944313049, 113.843101501]
    bpm_intervals: [0.604672253132, 0.604672312737, 0.604672193527, 0.604672312737, 0.604672431946, 0.604672193527, 0.604672193527, 0.604672431946, 0.604671955109, 0.489618301392, 0.52564907074, 0.52564907074, 0.52564907074, 0.525649547577, 0.52564907074, 0.52564907074, 0.52564907074]
    onset_times: [0.0580498874187, 0.383129239082, 0.557278931141, 0.754648506641, 1.32353746891, 1.42802715302, 1.78793644905, 2.2523355484, 2.31038546562, 2.63546490669, 2.86766433716, 3.08825397491, 3.27401351929, 3.78485250473, 3.97061228752, 4.07510185242, 4.28408145905, 4.446621418, 4.65560102463, 4.96907043457, 5.07356023788, 5.23609972, 5.39863967896, 5.64244890213, 5.88625860214, 6.33904743195, 6.46675729752, 6.54802703857, 6.66412687302, 6.84988641739, 7.00081634521, 7.16335582733, 7.41877555847, 7.50004529953, 7.6858048439, 8.03410434723, 8.15020370483, 8.26630401611, 8.498503685, 8.67265319824, 8.82358264923, 9.10222244263, 9.21832180023, 9.42730140686, 9.65950107574, 9.7639913559, 9.8800907135, 9.97297096252]
    rubato_start: [6.02536344528]
    rubato_stop: [6.55101251602]
    perceptual_tempo: "unknown"

sfx:
    inharmonicity:
        dmean: 0.0309954881668
        dmean2: 0.0542801134288
        dvar: 0.00188932311721
        dvar2: 0.00462751975283
        max: 0.381595790386
        mean: 0.0315465889871
        min: 8.39065614855e-06
        var: 0.0020208733622
    oddtoevenharmonicenergyratio:
        dmean: 2.93688178062
        dmean2: 5.14060401917
        dvar: 91.5580673218
        dvar2: 216.447921753
        max: 125.996627808
        mean: 2.50738358498
        min: 0.000593775359448
        var: 92.9923858643
    pitch_after_max_to_before_max_energy_ratio: 23.2233066559
    pitch_centroid: 208.471755981
    pitch_max_to_total: 0
    pitch_min_to_total: 0.891203701496
    tristimulus:
        dmean: [0.199095368385, 0.219484493136, 0.041597854346]
        dmean2: [0.338965117931, 0.375256955624, 0.0731225758791]
        dvar: [0.0349723957479, 0.0441434197128, 0.0022926714737]
        dvar2: [0.0891596823931, 0.118517309427, 0.00606057327241]
        max: [0.957131206989, 0.963035464287, 0.405954569578]
        mean: [0.419158577919, 0.524532020092, 0.0424977242947]
        min: [0.0145590808243, 0, 0]
        var: [0.0525904223323, 0.0578806251287, 0.00268696597777]

tonal:
    chords_changes_rate: 0.087962962687
    chords_number_rate: 0.0462962947786
    chords_strength:
        dmean: 0.0103790136054
        dmean2: 0.00811623595655
        dvar: 6.69760702294e-05
        dvar2: 5.86177156947e-05
        max: 0.552646100521
        mean: 0.41263243556
        min: 0.191422685981
        var: 0.00632604863495
    key_strength: 0.323454558849
    tuning_diatonic_strength: 0.22906473279
    tuning_equal_tempered_deviation: 0.0595262646675
    tuning_frequency: 440.254241943
    tuning_nontempered_energy_ratio: 0.643012166023
    hpcp:
        dmean: [0.0972274616361, 0.0759551897645, 0.0949743837118, 0.131808549166, 0.113779723644, 0.0689942017198, 0.0463986992836, 0.0576207600534, 0.10012229532, 0.106703683734, 0.0607015155256, 0.0523536466062, 0.0564284585416, 0.0585677586496, 0.0755460634828, 0.0789038538933, 0.0798513516784, 0.0989680215716, 0.0921604931355, 0.0821144655347, 0.0980072170496, 0.0972693189979, 0.0929928794503, 0.118863739073, 0.126046389341, 0.0874021947384, 0.0819454044104, 0.0879189446568, 0.0708967968822, 0.07752314955, 0.0871003344655, 0.0622750967741, 0.074654109776, 0.0981629416347, 0.0910151600838, 0.0889728814363]
        dmean2: [0.163832098246, 0.127504631877, 0.14894105494, 0.226927056909, 0.19644728303, 0.118260391057, 0.076091684401, 0.0959806740284, 0.161981657147, 0.171581074595, 0.104975387454, 0.088196888566, 0.0856804922223, 0.0974818468094, 0.112944923341, 0.12964259088, 0.12219376117, 0.169310718775, 0.155377447605, 0.134328618646, 0.159912481904, 0.155971869826, 0.148209348321, 0.198323458433, 0.197289437056, 0.140720516443, 0.133973971009, 0.152843892574, 0.12036010623, 0.123136982322, 0.141393229365, 0.110641986132, 0.123094074428, 0.15553894639, 0.154996424913, 0.138352006674]
        dvar: [0.0278014559299, 0.0146676748991, 0.031944848597, 0.0564291514456, 0.0403605289757, 0.016824491322, 0.010487257503, 0.0097446097061, 0.0315845124424, 0.0356820784509, 0.011850415729, 0.0111763412133, 0.00719508528709, 0.0190803855658, 0.0201692115515, 0.0237174071372, 0.0208318307996, 0.0281287431717, 0.0230666361749, 0.0207762178034, 0.0321017801762, 0.025858765468, 0.0193792805076, 0.0443134941161, 0.0333919450641, 0.0142104150727, 0.0167189370841, 0.0302336346358, 0.0128677356988, 0.0144721549004, 0.0257686264813, 0.0111251464114, 0.0170370638371, 0.0357648618519, 0.0254824198782, 0.0235829111189]
        dvar2: [0.0558682717383, 0.0378944836557, 0.0727074891329, 0.118764020503, 0.0947347506881, 0.0379190295935, 0.0237646345049, 0.0237724743783, 0.0517536625266, 0.0716127976775, 0.0269011911005, 0.029516139999, 0.0164808612317, 0.0478512644768, 0.0411900281906, 0.0429945737123, 0.049715384841, 0.0673212334514, 0.0521659217775, 0.0499879717827, 0.0705766379833, 0.0520958043635, 0.0432458110154, 0.0973895713687, 0.0553746856749, 0.0338464453816, 0.0345739945769, 0.0641738176346, 0.0323215611279, 0.0272555146366, 0.0610624179244, 0.032013181597, 0.0398865565658, 0.0749718695879, 0.0588972233236, 0.0471582487226]
        max: [1, 0.832144737244, 1, 1, 1, 1, 1, 0.778169751167, 1, 1, 0.766535937786, 0.820859372616, 0.96041405201, 1, 1, 1, 1, 1, 1, 1, 1, 1, 0.888326048851, 1, 1, 0.841948151588, 1, 1, 1, 1, 1, 0.810451924801, 1, 1, 1, 1]
        mean: [0.197753816843, 0.112408779562, 0.113310948014, 0.177506744862, 0.138888448477, 0.102506786585, 0.0759901553392, 0.070683516562, 0.17360304296, 0.184667572379, 0.0754297301173, 0.0892103537917, 0.137994244695, 0.0947029739618, 0.0969597697258, 0.136477380991, 0.106802523136, 0.116589657962, 0.131549239159, 0.0919801294804, 0.135184153914, 0.182079330087, 0.138255745173, 0.205364391208, 0.256701529026, 0.133598864079, 0.176422089338, 0.265911459923, 0.148205474019, 0.164778068662, 0.238009482622, 0.123451538384, 0.112944543362, 0.178009703755, 0.118312872946, 0.142390355468]
        min: [0.000287808536086, 0.00107944745105, 0.000760569935665, 0.000387110252632, 0.000645129475743, 0.000413642555941, 0.000380344339646, 0.000609247654211, 0.000472945714137, 0.000415243237512, 0.0006529535749, 0.00035401788773, 0.000290859199595, 0.000609669426922, 0.000415316637373, 0.000624177977443, 0.000530431163497, 0.000406183564337, 0.000370012276107, 0.000104630242276, 0.000367940781871, 0.000533682119567, 0.00107440759894, 0.000600734201726, 0.000592528784182, 0.000371061934857, 0.000273447338259, 0.000282051158138, 0.000210996731766, 0.000436932925368, 0.000488078512717, 0.000512436730787, 0.00072062649997, 0.000677842937876, 0.000543822010513, 0.000317959667882]
        var: [0.0637772232294, 0.0187616683543, 0.0447622798383, 0.0863985642791, 0.0551445633173, 0.0458607040346, 0.0277301445603, 0.0139091564342, 0.0719078555703, 0.0704621747136, 0.0133058885112, 0.0196713097394, 0.0485085919499, 0.0278177578002, 0.029762590304, 0.0563010983169, 0.0328648835421, 0.0379605703056, 0.0414844453335, 0.023823581636, 0.0412213727832, 0.0656436383724, 0.0314882472157, 0.0859244987369, 0.106154620647, 0.0279605519027, 0.0580133497715, 0.139434605837, 0.0394119918346, 0.0422373749316, 0.107224330306, 0.0277364421636, 0.0327410884202, 0.0880985110998, 0.0380751378834, 0.0424251817167]
    chords_histogram: [12.9629631042, 0, 22.2222213745, 0, 0, 0, 13.8888893127, 10.1851854324, 0, 19.9074077606, 0, 0, 0.925925910473, 1.85185182095, 0.462962955236, 0, 0, 4.62962961197, 0, 1.38888883591, 1.38888883591, 0, 0, 10.1851854324]
    thpcp: [1, 0.557348966599, 0.619672715664, 0.895070433617, 0.464258044958, 0.424744933844, 0.669432222843, 0.444933325052, 0.535480320454, 0.743682920933, 0.422730118036, 0.426122844219, 0.667540788651, 0.522310853004, 0.385492175817, 0.285772383213, 0.265815973282, 0.652860343456, 0.69447016716, 0.283664822578, 0.335488945246, 0.518948078156, 0.356144756079, 0.364631772041, 0.513243675232, 0.4016469419, 0.438452929258, 0.494710683823, 0.345905095339, 0.508380293846, 0.684736669064, 0.51993149519, 0.772303640842, 0.965364694595, 0.502418577671, 0.66346180439]
    chords_key: "C"
    chords_scale: "major"
    key_key: "F"
    key_scale: "major"
    chords_progression: ["Fm", "Fm", "Fm", "Fm", "Fm", "Fm", "Fm", "Fm", "Fm", "Fm", "F", "F", "F", "F", "F", "F", "F", "F", "F", "F", "F", "F", "F", "F", "F", "F", "F", "F", "F", "F", "F", "F", "F", "F", "Dm", "Dm", "Dm", "Dm", "Dm", "Dm", "Dm", "Dm", "Dm", "Dm", "Dm", "Dm", "Dm", "Dm", "Dm", "Dm", "Dm", "Dm", "Dm", "Dm", "Dm", "Dm", "D", "D", "D", "D", "D", "D", "D", "D", "D", "D", "D", "D", "D", "D", "D", "D", "D", "D", "D", "D", "D", "D", "D", "F#m", "F#m", "F#m", "F#m", "F#m", "F#m", "F#m", "F#m", "F#m", "F#m", "F#m", "F#m", "F#m", "F#m", "F#m", "F#m", "F#m", "F#m", "F#m", "F#m", "F#m", "D", "D", "D", "D", "D", "F#m", "D", "D", "B", "B", "Cm", "C", "C", "Cm", "Cm", "C", "C", "C", "C", "C", "C", "C", "C", "C", "C", "C", "C", "C", "C", "C", "C", "C", "C", "C", "C", "C", "C", "C", "C", "C", "C", "C", "C", "C", "C", "C", "C", "C", "C", "C", "C", "F", "F", "F", "F", "C", "C", "C", "C", "D#", "D#", "D#", "C", "C", "C", "C", "C", "C", "C#m", "C#m", "C#m", "C#m", "C#m", "C#m", "C#m", "C#m", "C#m", "C#m", "C#m", "C#m", "C#m", "C#m", "C#m", "C#m", "C#m", "C#m", "C#m", "C#m", "C#m", "C#m", "C#m", "C#m", "C#m", "C#m", "C#m", "C#m", "C#m", "C#m", "C#m", "C#m", "C#m", "C#m", "C#m", "C#m", "C#m", "C#m", "C#m", "C#m", "C#m", "C#m", "C#m", "F#", "D#m", "D#m", "D#m", "D#m"]
