
metadata:
    version:
        essentia: "1.2.2"
    audio_properties:
        analysis_sample_rate: 44100
        bitrate: 128
        channels: 2
        equal_loudness: 1
        length: 10.0048980713
        replay_gain: -11.2447547913
        downmix: "mix"
    tags:
        track: 29
        year: 0
        album: "Splitted by Mp3Splt v. 2.1"
        artist: "From 004.40 To 004.50"
        comment: "http://mp3splt.sf.net"
        genre: ""
        title: "08 Chest Fever.mp3"

highlevel:
    ballroom:
        all:
            ChaChaCha: 0.0187434982508
            Jive: 0.0412373915315
            Quickstep: 0.0381628312171
            Rumba-American: 0.00583012215793
            Rumba-International: 0.0549487806857
            Rumba-Misc: 0.0268819984049
            Samba: 0.0214480124414
            Tango: 0.409896314144
            VienneseWaltz: 0.267767190933
            Waltz: 0.11508384347
        probability: 0.409896314144
        value: "Tango"
    culture:
        all:
            non_western: 0.10503257066
            western: 0.89496743679
        probability: 0.89496743679
        value: "western"
    gender:
        all:
            female: 0.683615386486
            male: 0.316384613514
        probability: 0.683615386486
        value: "female"
    genre_dortmund:
        all:
            alternative: 0.156267687678
            blues: 0.0690847337246
            electronic: 0.240028619766
            folkcountry: 0.152835175395
            funksoulrnb: 0.0214409641922
            jazz: 0.102201536298
            pop: 0.0956302285194
            raphiphop: 0.00375687144697
            rock: 0.158754169941
        probability: 0.240028619766
        value: "electronic"
    genre_electronica:
        all:
            ambient: 0.417198777199
            dnb: 0.0557576715946
            house: 0.205502331257
            techno: 0.022317070514
            trance: 0.299224168062
        probability: 0.417198777199
        value: "ambient"
    genre_rosamerica:
        all:
            cla: 0.17804440856
            dan: 0.0305828396231
            hip: 0.010952366516
            jaz: 0.0291163437068
            pop: 0.25145944953
            rhy: 0.148272380233
            roc: 0.34495651722
            spe: 0.00661569507793
        probability: 0.34495651722
        value: "roc"
    genre_tzanetakis:
        all:
            blu: 0.0124606583267
            cla: 0.0319818966091
            cou: 0.168370902538
            dis: 0.0288941524923
            hip: 0.00173067650758
            jaz: 0.00659057218581
            met: 0.0142526226118
            pop: 0.0159580484033
            reg: 0.00636634603143
            roc: 0.713394105434
        probability: 0.713394105434
        value: "roc"
    live_studio:
        all:
            live: 0.208785682917
            studio: 0.791214287281
        probability: 0.791214287281
        value: "studio"
    mood:
        all:
            Cluster1: 0.154728278518
            Cluster2: 0.326520860195
            Cluster3: 0.294533461332
            Cluster4: 0.101982437074
            Cluster5: 0.122234962881
        probability: 0.326520860195
        value: "Cluster2"
    mood_acoustic:
        all:
            acoustic: 0.083525441587
            not_acoustic: 0.916474580765
        probability: 0.916474580765
        value: "not_acoustic"
    mood_aggressive:
        all:
            aggressive: 0.245550781488
            not_aggressive: 0.754449248314
        probability: 0.754449248314
        value: "not_aggressive"
    mood_electronic:
        all:
            electronic: 0.415967226028
            not_electronic: 0.584032773972
        probability: 0.584032773972
        value: "not_electronic"
    mood_happy:
        all:
            happy: 0.603189885616
            not_happy: 0.396810114384
        probability: 0.603189885616
        value: "happy"
    mood_party:
        all:
            not_party: 0.840798318386
            party: 0.159201666713
        probability: 0.840798318386
        value: "not_party"
    mood_relaxed:
        all:
            not_relaxed: 0.330158680677
            relaxed: 0.669841349125
        probability: 0.669841349125
        value: "relaxed"
    mood_sad:
        all:
            not_sad: 0.340952545404
            sad: 0.659047484398
        probability: 0.659047484398
        value: "sad"
    rhythm:
        all:
            fast: 0.101890429854
            medium: 0.354603558779
            slow: 0.543506026268
        probability: 0.543506026268
        value: "slow"
    speech_music:
        all:
            music: 0.99929445982
            speech: 0.000705538899638
        probability: 0.99929445982
        value: "music"
    timbre:
        all:
            bright: 0.964448213577
            dark: 0.0355517677963
        probability: 0.964448213577
        value: "bright"
    voice_instrumental:
        all:
            instrumental: 0.994770467281
            voice: 0.00522953737527
        probability: 0.994770467281
        value: "instrumental"

lowlevel:
    average_loudness: 0.960974156857
    barkbands_kurtosis:
        dmean: 0.621667802334
        dmean2: 0.951728641987
        dvar: 1.18852698803
        dvar2: 2.73147106171
        max: 11.3277854919
        mean: 0.0083816209808
        min: -1.79184520245
        var: 5.34539937973
    barkbands_skewness:
        dmean: 0.273708462715
        dmean2: 0.416143745184
        dvar: 0.0847824513912
        dvar2: 0.196202874184
        max: 3.17580485344
        mean: 0.619320333004
        min: -1.60150921345
        var: 0.760438501835
    barkbands_spread:
        dmean: 2.74607777596
        dmean2: 4.2080488205
        dvar: 11.7415552139
        dvar2: 24.0666618347
        max: 48.4791259766
        mean: 23.2895069122
        min: 5.70717191696
        var: 82.3945236206
    dissonance:
        dmean: 0.0166194457561
        dmean2: 0.0277211572975
        dvar: 0.000259889930021
        dvar2: 0.000671733752824
        max: 0.496212929487
        mean: 0.462252348661
        min: 0.37690910697
        var: 0.000540170236491
    hfc:
        dmean: 1.32933354378
        dmean2: 1.91340959072
        dvar: 8.61261940002
        dvar2: 19.3656597137
        max: 29.0664253235
        mean: 5.4675078392
        min: 0.330554127693
        var: 26.8375816345
    pitch:
        dmean: 129.615081787
        dmean2: 241.104660034
        dvar: 184399.453125
        dvar2: 530505.0625
        max: 4009.09082031
        mean: 273.152435303
        min: 73.8693466187
        var: 140658.765625
    pitch_instantaneous_confidence:
        dmean: 0.0551803633571
        dmean2: 0.0847978442907
        dvar: 0.00248982966878
        dvar2: 0.00619520572945
        max: 0.870284020901
        mean: 0.426883876324
        min: 0.148142397404
        var: 0.0298196580261
    pitch_salience:
        dmean: 0.0413354411721
        dmean2: 0.0675217732787
        dvar: 0.0016535295872
        dvar2: 0.00442343903705
        max: 0.847602784634
        mean: 0.611180067062
        min: 0.361636072397
        var: 0.00858042109758
    silence_rate_20dB:
        dmean: 0
        dmean2: 0
        dvar: 0
        dvar2: 0
        max: 1
        mean: 1
        min: 1
        var: 0
    silence_rate_30dB:
        dmean: 0
        dmean2: 0
        dvar: 0
        dvar2: 0
        max: 1
        mean: 1
        min: 1
        var: 0
    silence_rate_60dB:
        dmean: 0.0651162788272
        dmean2: 0.13053612411
        dvar: 0.0608760789037
        dvar2: 0.132144525647
        max: 1
        mean: 0.36890950799
        min: 0
        var: 0.232815042138
    spectral_centroid:
        dmean: 145.580383301
        dmean2: 225.609405518
        dvar: 30145.2109375
        dvar2: 70043.0703125
        max: 3034.23706055
        mean: 1135.20239258
        min: 282.670623779
        var: 307723.625
    spectral_complexity:
        dmean: 2.47663545609
        dmean2: 3.64636993408
        dvar: 14.1700325012
        dvar2: 27.0857200623
        max: 49
        mean: 11.3659677505
        min: 2
        var: 39.1038398743
    spectral_crest:
        dmean: 1.31418597698
        dmean2: 2.14798116684
        dvar: 1.63827359676
        dvar2: 4.9485001564
        max: 14.6934566498
        mean: 7.32558965683
        min: 2.89064741135
        var: 4.66328525543
    spectral_decrease:
        dmean: 2.35484881594e-10
        dmean2: 3.57027657438e-10
        dvar: 2.53019789376e-19
        dvar2: 6.24995130173e-19
        max: -6.82586417944e-11
        mean: -1.01360964067e-09
        min: -6.10229955456e-09
        var: 4.01482191566e-19
    spectral_energy:
        dmean: 0.000992967281491
        dmean2: 0.00148025667295
        dvar: 4.47963338956e-06
        dvar2: 1.09340453491e-05
        max: 0.0255149509758
        mean: 0.0043215113692
        min: 0.000288299401291
        var: 7.74055115471e-06
    spectral_energyband_high:
        dmean: 0.000102873033029
        dmean2: 0.000163189266459
        dvar: 9.52408498733e-08
        dvar2: 2.42580341592e-07
        max: 0.00386247993447
        mean: 0.000178188100108
        min: 2.32266415878e-06
        var: 1.94547268961e-07
    spectral_energyband_low:
        dmean: 0.00013124855468
        dmean2: 0.000235030252952
        dvar: 3.46687386354e-07
        dvar2: 9.45695546761e-07
        max: 0.00649962108582
        mean: 0.000140210482641
        min: 1.47322793964e-06
        var: 2.77686694972e-07
    spectral_energyband_middle_high:
        dmean: 0.000370586407371
        dmean2: 0.000550861703232
        dvar: 3.7384057805e-07
        dvar2: 8.10194478618e-07
        max: 0.00981273781508
        mean: 0.00176903849933
        min: 0.000137584735057
        var: 1.90010064216e-06
    spectral_energyband_middle_low:
        dmean: 0.000625399523415
        dmean2: 0.00101312040351
        dvar: 2.10232110476e-06
        dvar2: 5.41971439816e-06
        max: 0.0187704544514
        mean: 0.00223406776786
        min: 0.000129358813865
        var: 2.82420091935e-06
    spectral_flatness_db:
        dmean: 0.0123794535175
        dmean2: 0.0204492192715
        dvar: 0.000162359559909
        dvar2: 0.000300337938825
        max: 0.286503851414
        mean: 0.210034221411
        min: 0.123374134302
        var: 0.000911692157388
    spectral_flux:
        dmean: 0.00669445516542
        dmean2: 0.00967945810407
        dvar: 0.000109065666038
        dvar2: 0.000227275144425
        max: 0.11803907901
        mean: 0.0271837953478
        min: 0.0032004788518
        var: 0.000289212039206
    spectral_kurtosis:
        dmean: 4.53450298309
        dmean2: 8.27872943878
        dvar: 16.7793655396
        dvar2: 46.9126701355
        max: 30.0885887146
        mean: 9.66415309906
        min: 0.512262582779
        var: 40.1463851929
    spectral_rms:
        dmean: 0.000201889924938
        dmean2: 0.000298152881442
        dvar: 1.05834509156e-07
        dvar2: 2.39575427941e-07
        max: 0.00498925196007
        mean: 0.00197293516248
        min: 0.000530346762389
        var: 3.2363877267e-07
    spectral_rolloff:
        dmean: 249.996353149
        dmean2: 408.172637939
        dvar: 125656.9375
        dvar2: 251016.578125
        max: 4457.37304688
        mean: 2224.59643555
        min: 322.998046875
        var: 1236163.625
    spectral_skewness:
        dmean: 0.389803975821
        dmean2: 0.692130148411
        dvar: 0.105734780431
        dvar2: 0.291430294514
        max: 3.78737449646
        mean: 1.86222600937
        min: 0.597597658634
        var: 0.475992649794
    spectral_spread:
        dmean: 279381.40625
        dmean2: 390187.65625
        dvar: 320791019520
        dvar2: 407406739456
        max: 10586962
        mean: 2594277.75
        min: 1495769.25
        var: 1.11012426547e+12
    spectral_strongpeak:
        dmean: 0.54487067461
        dmean2: 0.970827639103
        dvar: 1.48878633976
        dvar2: 3.68927836418
        max: 10.4280700684
        mean: 1.04274129868
        min: 0.0155610041693
        var: 2.76908731461
    zerocrossingrate:
        dmean: 0.00539847416803
        dmean2: 0.00633393414319
        dvar: 3.3997304854e-05
        dvar2: 3.97492622142e-05
        max: 0.1494140625
        mean: 0.0665917769074
        min: 0.01708984375
        var: 0.00084617419634
    barkbands:
        dmean: [1.84460759556e-07, 4.05583850807e-05, 9.86950544757e-05, 0.000194540232769, 0.000262735207798, 0.0002378228819, 0.000166391400853, 9.656984912e-05, 4.83929325128e-05, 4.23024212068e-05, 3.62525606761e-05, 5.54391626792e-05, 9.23841289477e-05, 5.02794609929e-05, 5.41198787687e-05, 9.25626372918e-05, 7.0475616667e-05, 8.13304577605e-05, 5.4904659919e-05, 0.000108198335511, 5.40291257494e-05, 9.53770359047e-06, 2.6610077839e-06, 7.04967987986e-07, 1.70959808088e-07, 3.40007200172e-09, 4.94455865141e-10]
        dmean2: [2.80964144395e-07, 7.51082552597e-05, 0.000174127082573, 0.000328318215907, 0.000444859120762, 0.000381575460779, 0.000262250920059, 0.000162083553732, 7.82092174632e-05, 6.82153986418e-05, 5.57050152565e-05, 8.93234246178e-05, 0.000141606258694, 7.45963843656e-05, 8.9968489192e-05, 0.00013819913147, 0.000101776189695, 0.000120398828585, 8.64363901201e-05, 0.00015749236627, 8.83436878212e-05, 1.36830394695e-05, 3.46083584191e-06, 8.90729779712e-07, 1.99079067897e-07, 5.36133493156e-09, 6.81233514044e-10]
        dvar: [8.40487672949e-13, 3.37841576936e-08, 1.90597035044e-07, 9.77986758244e-08, 1.61857030889e-07, 4.61869944957e-07, 9.59856549798e-08, 5.24234842203e-08, 1.09559783468e-08, 7.11011205468e-09, 3.24281068664e-09, 7.5649895237e-09, 2.83716516947e-08, 6.38694608313e-09, 9.76578373724e-09, 2.46252653824e-08, 1.87990973899e-08, 2.33284183082e-08, 2.1191050692e-08, 5.39411075806e-08, 4.13660785625e-08, 1.48287992996e-09, 9.3530905243e-11, 5.68671368675e-12, 4.10549903535e-13, 1.73857522596e-16, 3.50326341888e-17]
        dvar2: [1.7934425646e-12, 1.01592860346e-07, 5.05325999711e-07, 2.93852252753e-07, 4.0346287733e-07, 1.24790506106e-06, 3.00061287817e-07, 1.42791208191e-07, 3.00255464936e-08, 1.4801710968e-08, 7.0685386433e-09, 1.76345746894e-08, 6.80148275478e-08, 1.06472457517e-08, 2.46546747462e-08, 4.47752412924e-08, 3.60991450066e-08, 5.07554958062e-08, 5.35130197932e-08, 1.32536811748e-07, 1.02642275124e-07, 3.43291395311e-09, 1.83699264134e-10, 8.98342771699e-12, 6.10235169687e-13, 3.74854483747e-16, 3.50937529099e-17]
        max: [1.01017840279e-05, 0.00165398418903, 0.00507462956011, 0.00402279803529, 0.00501324143261, 0.00751942489296, 0.00396267231554, 0.00261410791427, 0.00130514393095, 0.00135454616975, 0.0010353049729, 0.00114158832002, 0.0021943168249, 0.0013843892375, 0.00133724405896, 0.00328066991642, 0.00281340139918, 0.00141610694118, 0.001536555239, 0.00238857744262, 0.00372681976296, 0.000416077702539, 0.00010577707144, 3.54877738573e-05, 9.28090503294e-06, 1.17524763255e-07, 1.22873032637e-07]
        mean: [1.91100753e-07, 3.69604204025e-05, 0.000103073864011, 0.000425152276875, 0.0007072481676, 0.000449724524515, 0.000383161386708, 0.000162850337802, 0.000100309691334, 6.9229696237e-05, 8.41772853164e-05, 0.000156903202878, 0.00026695212, 0.00012428034097, 0.000137185503263, 0.000243238217081, 0.000163372998941, 0.000194191990886, 9.75370785454e-05, 0.000314262812026, 8.32408040878e-05, 1.31740789584e-05, 3.65054938811e-06, 1.16075852929e-06, 2.83617595187e-07, 4.49756809573e-09, 4.35028374435e-10]
        min: [1.5054422986e-11, 1.87686225672e-07, 6.06076241638e-07, 8.38338962694e-08, 5.3823023336e-06, 1.25845451748e-06, 5.10220615979e-06, 2.91360788651e-06, 3.55502538696e-06, 6.91550610554e-07, 3.39025154972e-06, 5.30597026227e-06, 2.63312335846e-06, 1.80299957719e-06, 4.19733896706e-06, 5.39647226105e-06, 8.84517066879e-06, 7.41706753615e-06, 2.63113679466e-06, 2.28856401918e-06, 4.32047585264e-07, 4.95606267137e-09, 4.28237889594e-09, 2.47645504103e-09, 2.50277576441e-09, 2.26685184512e-10, 2.1209580316e-13]
        var: [1.01285581484e-12, 2.2534964117e-08, 1.57277511903e-07, 2.47361640504e-07, 2.71751758874e-07, 4.66279715283e-07, 2.05114275786e-07, 6.12991613025e-08, 1.46099292664e-08, 1.48730148197e-08, 1.56683945818e-08, 3.42931052444e-08, 1.1011013612e-07, 3.07814396194e-08, 2.41695587988e-08, 1.06131949451e-07, 6.95464450473e-08, 7.18270740663e-08, 3.27352402962e-08, 2.45561579959e-07, 9.09257451553e-08, 2.26040275386e-09, 1.72922953734e-10, 1.55276451419e-11, 1.10852754927e-12, 2.32551969226e-16, 3.50901927246e-17]
    mfcc:
        mean: [-760.713867188, 176.899963379, -86.8645553589, 50.1070289612, -14.3656368256, -6.54356479645, -7.44494962692, -19.6449947357, -15.6044282913, -10.5486106873, -18.3919620514, -0.195886895061, -0.836697101593]
        cov: [[2721.1328125, -1756.29919434, 507.722595215, 12.1368236542, -293.680358887, 99.7180557251, -167.396789551, -56.3280334473, -152.873626709, 87.6489868164, 135.205551147, -7.26632261276, -116.61366272], [-1756.29919434, 1570.98510742, -362.846588135, -41.3753700256, 278.181304932, -8.2299861908, 90.7980041504, 20.8191814423, 113.040473938, -41.0075874329, -51.7233848572, 11.1169214249, 68.8050308228], [507.722595215, -362.846588135, 853.321716309, -179.117858887, 115.917221069, 135.078643799, -118.840354919, 152.381591797, -16.0156860352, 38.4760704041, 75.8104858398, -20.7021808624, -43.3585319519], [12.1368236542, -41.3753700256, -179.117858887, 191.100067139, -58.9738845825, -39.3111610413, 37.2933731079, -52.0408325195, -11.5307836533, 4.95318078995, -15.4641466141, 8.25799655914, 8.70582103729], [-293.680358887, 278.181304932, 115.917221069, -58.9738845825, 216.221832275, 106.641304016, 16.6838874817, 58.2905273438, 35.2305335999, 11.4909658432, 14.9849872589, 6.96627378464, -13.6017599106], [99.7180557251, -8.2299861908, 135.078643799, -39.3111610413, 106.641304016, 149.740310669, 17.2199249268, 57.9389190674, 4.03043651581, 18.8522930145, 18.3642559052, -0.532673537731, -27.0665111542], [-167.396789551, 90.7980041504, -118.840354919, 37.2933731079, 16.6838874817, 17.2199249268, 110.822280884, 32.2313079834, 30.84897995, 2.01634597778, -21.3510932922, 8.63645267487, 5.1005654335], [-56.3280334473, 20.8191814423, 152.381591797, -52.0408325195, 58.2905273438, 57.9389190674, 32.2313079834, 138.619796753, 51.3381462097, 16.1525974274, -13.0304021835, -6.94858026505, 0.0895636454225], [-152.873626709, 113.040473938, -16.0156860352, -11.5307836533, 35.2305335999, 4.03043651581, 30.84897995, 51.3381462097, 79.4713821411, 18.4582424164, -12.544836998, -6.32725000381, 5.00829601288], [87.6489868164, -41.0075874329, 38.4760704041, 4.95318078995, 11.4909658432, 18.8522930145, 2.01634597778, 16.1525974274, 18.4582424164, 58.2177810669, 21.2751197815, 10.9121437073, -7.99742889404], [135.205551147, -51.7233848572, 75.8104858398, -15.4641466141, 14.9849872589, 18.3642559052, -21.3510932922, -13.0304021835, -12.544836998, 21.2751197815, 72.9723892212, 29.3584690094, -9.26113128662], [-7.26632261276, 11.1169214249, -20.7021808624, 8.25799655914, 6.96627378464, -0.532673537731, 8.63645267487, -6.94858026505, -6.32725000381, 10.9121437073, 29.3584690094, 51.7577133179, 10.0182285309], [-116.61366272, 68.8050308228, -43.3585319519, 8.70582103729, -13.6017599106, -27.0665111542, 5.1005654335, 0.0895636454225, 5.00829601288, -7.99742889404, -9.26113128662, 10.0182285309, 49.9041595459]]
        icov: [[0.00188714172691, 0.00169170554727, 2.1279511202e-05, 3.75075178454e-05, 0.00136087369174, -0.00205105612986, 0.00110841332935, 0.000548206444364, -9.57616066444e-05, -0.000867046124768, -0.00151712202933, 0.000479531852761, 0.00072636466939], [0.00169170554727, 0.00296990340576, 0.000853840028867, 0.000462086725747, -0.00154302734882, -0.000682846584823, 0.000987297389656, 0.000367584172636, -0.000709981308319, -0.000170443716343, -0.00151697162073, 0.000916024262551, -0.000794360646978], [2.1279511202e-05, 0.000853840028867, 0.00358112948015, 0.000897283258382, -0.002104872372, 0.000290536001557, 0.0031344788149, -0.00460438709706, 0.00219370098785, -0.000463309028419, -0.00296985264868, 0.00234646350145, -0.000217438151594], [3.75075178454e-05, 0.000462086725747, 0.000897283258382, 0.00776234874502, 0.000323169748299, 0.000446216086857, -0.00265855994076, 0.00221548951231, 0.000994752976112, -0.00257747340947, 0.00132180040237, -0.000210727201193, -0.000751450599637], [0.00136087369174, -0.00154302734882, -0.002104872372, 0.000323169748299, 0.0148213785142, -0.00979956239462, 0.000727628648747, 0.00211177906021, -0.00385644333437, 0.000256617378909, -0.000414510403061, -0.00318731903099, 0.003059909679], [-0.00205105612986, -0.000682846584823, 0.000290536001557, 0.000446216086857, -0.00979956239462, 0.01791007258, -0.00422690063715, -0.00520939240232, 0.0059004155919, -0.0016330294311, -0.000757500121836, 0.00245929439552, 0.00231941626407], [0.00110841332935, 0.000987297389656, 0.0031344788149, -0.00265855994076, 0.000727628648747, -0.00422690063715, 0.0174493417144, -0.00602628802881, -0.00250415713526, 0.000908145564608, 0.000699384021573, -0.00347835384309, 0.00177405390423], [0.000548206444364, 0.000367584172636, -0.00460438709706, 0.00221548951231, 0.00211177906021, -0.00520939240232, -0.00602628802881, 0.0203904565424, -0.0104567082599, -0.00074368424248, 0.00664718355983, -0.00320468447171, -0.00247608451173], [-9.57616066444e-05, -0.000709981308319, 0.00219370098785, 0.000994752976112, -0.00385644333437, 0.0059004155919, -0.00250415713526, -0.0104567082599, 0.0255428031087, -0.0089384643361, -0.00130557559896, 0.00631423480809, -0.000594381475821], [-0.000867046124768, -0.000170443716343, -0.000463309028419, -0.00257747340947, 0.000256617378909, -0.0016330294311, 0.000908145564608, -0.00074368424248, -0.0089384643361, 0.0253004617989, -0.00505410227925, -0.00414676172659, 0.00219490309246], [-0.00151712202933, -0.00151697162073, -0.00296985264868, 0.00132180040237, -0.000414510403061, -0.000757500121836, 0.000699384021573, 0.00664718355983, -0.00130557559896, -0.00505410227925, 0.0287311095744, -0.0164502654225, 0.00308356550522], [0.000479531852761, 0.000916024262551, 0.00234646350145, -0.000210727201193, -0.00318731903099, 0.00245929439552, -0.00347835384309, -0.00320468447171, 0.00631423480809, -0.00414676172659, -0.0164502654225, 0.0333491638303, -0.00828644353896], [0.00072636466939, -0.000794360646978, -0.000217438151594, -0.000751450599637, 0.003059909679, 0.00231941626407, 0.00177405390423, -0.00247608451173, -0.000594381475821, 0.00219490309246, 0.00308356550522, -0.00828644353896, 0.0273353811353]]
    spectral_contrast:
        mean: [-4.59990843638e-07, -1.48043383774e-07, -1.2118482573e-07, -2.26122516267e-08, -3.09824315536e-07, 2.50019951409e-07, 1.05996230104e-06, -1.91582398656e-06, 2.86296813101e-06, -1.24294444959e-06, -3.46860133504e-07, 2.5635554266e-06]
        var: [0.000368444161722, 0.000669833738357, 0.00102101999801, 0.00173823779915, 0.00234744721092, 0.00461760628968, 0.0522199459374, 0.0975328981876, 0.200675785542, 0.338413059711, 0.588282823563, 1.65228271484]

rhythm:
    beats_loudness:
        dmean: 0.00728004705161
        dmean2: 0.0146165136248
        dvar: 2.51517230936e-05
        dvar2: 8.87335772859e-05
        max: 0.0189854521304
        mean: 0.00730230472982
        min: 0.00184924784116
        var: 2.46555755439e-05
    beats_loudness_bass:
        dmean: 0.207975447178
        dmean2: 0.427295356989
        dvar: 0.0233676079661
        dvar2: 0.072030544281
        max: 0.4546828866
        mean: 0.145645037293
        min: 0.0018599932082
        var: 0.0231827292591
    bpm: 101.177047729
    bpm_confidence: 0
    first_peak_bpm: 100
    first_peak_spread: 0.357142865658
    first_peak_weight: 0.600000023842
    onset_rate: 2.79862928391
    second_peak_bpm: 93
    second_peak_spread: 0
    second_peak_weight: 0.0666666701436
    beats_position: [0.448685139418, 1.04801261425, 1.64734017849, 2.24666762352, 2.84599518776, 3.445322752, 4.04465007782, 4.64397764206, 5.2433052063, 5.84263277054, 6.48898220062, 7.07652902603, 7.66407585144, 8.25162220001, 8.83916950226, 9.4267168045]
    bpm_estimates: [100.308120728, 99.7317962646, 100.12625885, 100.269569397, 99.7245330811, 99.6927719116, 101.134567261, 99.926109314, 102.817863464, 102.194740295, 102.896965027, 101.312011719, 102.159790039, 101.650001526, 101.947662354, 101.842964172, 102.274108887]
    bpm_intervals: [0.59932744503, 0.59932756424, 0.59932744503, 0.59932756424, 0.59932756424, 0.599327325821, 0.59932756424, 0.59932756424, 0.59932756424, 0.646349430084, 0.587546825409, 0.587546825409, 0.587546348572, 0.587547302246, 0.587547302246]
    onset_times: [0.0580498874187, 0.139319732785, 0.99845802784, 1.16099774837, 1.369977355, 2.27555561066, 2.49614500999, 2.72834467888, 2.85605430603, 3.05342411995, 3.44816327095, 4.01705217361, 4.51628112793, 4.63238096237, 5.24770975113, 5.86303853989, 6.46675729752, 6.8963265419, 7.07047605515, 7.26784563065, 7.45360565186, 7.66258525848, 8.23147392273, 8.67265319824, 8.83519268036, 9.10222244263, 9.26476192474, 9.42730140686]
    rubato_start: []
    rubato_stop: []
    perceptual_tempo: "unknown"

sfx:
    inharmonicity:
        dmean: 0.0494468770921
        dmean2: 0.0902753919363
        dvar: 0.00346189155243
        dvar2: 0.0104625476524
        max: 0.389920830727
        mean: 0.0480312518775
        min: 0.000309632247081
        var: 0.00318244192749
    oddtoevenharmonicenergyratio:
        dmean: 3.12076830864
        dmean2: 5.82990264893
        dvar: 66.5358352661
        dvar2: 193.141616821
        max: 86.3896408081
        mean: 2.18937945366
        min: 0.00048196548596
        var: 42.9027862549
    pitch_after_max_to_before_max_energy_ratio: 4.08191299438
    pitch_centroid: 205.420883179
    pitch_max_to_total: 0.221445217729
    pitch_min_to_total: 0.538461565971
    tristimulus:
        dmean: [0.180722758174, 0.204764798284, 0.086858831346]
        dmean2: [0.313546955585, 0.349457859993, 0.153989180923]
        dvar: [0.0298393126577, 0.0321947559714, 0.00935571547598]
        dvar2: [0.0868262797594, 0.0909292921424, 0.0251076556742]
        max: [0.924088478088, 0.997709810734, 0.721840798855]
        mean: [0.374694705009, 0.485432446003, 0.119074940681]
        min: [0.00229021022096, 0, 0]
        var: [0.0642125457525, 0.0553711205721, 0.0172780435532]

tonal:
    chords_changes_rate: 0.0462962947786
    chords_number_rate: 0.0277777779847
    chords_strength:
        dmean: 0.00548031833023
        dmean2: 0.00441929884255
        dvar: 1.83530246431e-05
        dvar2: 1.93620544451e-05
        max: 0.56538939476
        mean: 0.441801220179
        min: 0.327576041222
        var: 0.00322102452628
    key_strength: 0.779460132122
    tuning_diatonic_strength: 0.549526035786
    tuning_equal_tempered_deviation: 0.031633656472
    tuning_frequency: 441.527557373
    tuning_nontempered_energy_ratio: 0.595393180847
    hpcp:
        dmean: [0.131434500217, 0.105912074447, 0.0719721540809, 0.0547941401601, 0.0725503638387, 0.11741348356, 0.123687662184, 0.105855099857, 0.0775783210993, 0.0691018775105, 0.047058109194, 0.0785486623645, 0.117828555405, 0.0871503427625, 0.0804814100266, 0.106968253851, 0.0619238354266, 0.0279463585466, 0.0529577508569, 0.0856563597918, 0.16193535924, 0.147889882326, 0.1540646106, 0.079480715096, 0.0597642026842, 0.0535383224487, 0.0968695729971, 0.120624989271, 0.08381280303, 0.0486652478576, 0.0450975000858, 0.0300250034779, 0.0348475575447, 0.0492682941258, 0.0477212667465, 0.106020405889]
        dmean2: [0.216456249356, 0.180523112416, 0.12423941493, 0.0901606976986, 0.126782745123, 0.199090391397, 0.20640540123, 0.178457677364, 0.128448113799, 0.110320724547, 0.0748100578785, 0.125190421939, 0.18013343215, 0.135385975242, 0.126895114779, 0.171682849526, 0.106884166598, 0.0452868156135, 0.0892008468509, 0.140881955624, 0.272430956364, 0.241052210331, 0.266002058983, 0.135988011956, 0.101941935718, 0.0844125002623, 0.162652894855, 0.191901892424, 0.13218690455, 0.0880218967795, 0.0821546986699, 0.0526588149369, 0.0577042922378, 0.0828458145261, 0.0824716165662, 0.177412837744]
        dvar: [0.0408159829676, 0.0279898867011, 0.0255919005722, 0.0152597436681, 0.0260281376541, 0.0195174813271, 0.0274126399308, 0.0132089061663, 0.0227481331676, 0.018537024036, 0.00521807558835, 0.00796786695719, 0.0226202551275, 0.0103747071698, 0.0113090202212, 0.02664944157, 0.0115407854319, 0.00153614126612, 0.00781712494791, 0.0235385224223, 0.0360203757882, 0.0382673256099, 0.0296681560576, 0.016715394333, 0.0156756341457, 0.0114507544786, 0.0235127378255, 0.0292837228626, 0.0166053045541, 0.0118893450126, 0.0154590941966, 0.00442896783352, 0.00229130778462, 0.00864201132208, 0.00993619766086, 0.0240669921041]
        dvar2: [0.104396395385, 0.0821331217885, 0.0692928060889, 0.0376094356179, 0.0781638100743, 0.0529384240508, 0.0607748068869, 0.0360006131232, 0.0593848228455, 0.0433882363141, 0.0122075546533, 0.0203799493611, 0.0537587739527, 0.0258251260966, 0.0257376451045, 0.064656548202, 0.0296982247382, 0.00382373877801, 0.0196264628321, 0.0565609186888, 0.0975514873862, 0.0872486680746, 0.0830981209874, 0.0405552797019, 0.0393453016877, 0.0256501808763, 0.0630110353231, 0.0655364170671, 0.0460938550532, 0.0339613482356, 0.0457423888147, 0.0129158832133, 0.00608235830441, 0.0225936844945, 0.0291559230536, 0.0668091699481]
        max: [1, 1, 1, 1, 1, 0.949477434158, 1, 0.875489413738, 1, 1, 0.561417341232, 0.720153987408, 1, 0.874822735786, 0.957221329212, 1, 0.71471118927, 0.383478820324, 0.598804950714, 0.976185262203, 1, 1, 1, 1, 1, 1, 1, 1, 1, 0.824567019939, 1, 0.495745360851, 0.365420371294, 0.718252599239, 0.960866749287, 0.868049442768]
        mean: [0.25108730793, 0.1424087286, 0.0714176222682, 0.0707301646471, 0.0771741867065, 0.362104743719, 0.62752443552, 0.3595277071, 0.107258081436, 0.0986611321568, 0.0780441761017, 0.183220103383, 0.3005438447, 0.19744245708, 0.153448715806, 0.193687930703, 0.105646505952, 0.0571662411094, 0.0833222791553, 0.110164798796, 0.357488036156, 0.603474795818, 0.360580176115, 0.0836259648204, 0.0660957619548, 0.0647585988045, 0.182222738862, 0.280402123928, 0.151656493545, 0.0500226020813, 0.049760427326, 0.039893373847, 0.0600959546864, 0.0848668888211, 0.0741554200649, 0.175363555551]
        min: [0.00299924379215, 0.000594673329033, 0.00134198670276, 0.00114351278171, 0.000520854722708, 0.0345257297158, 0.0370454490185, 0.0641572549939, 0.0029550162144, 0.00366587145254, 0.00299573084339, 0.0111936945468, 0.00744971632957, 0.00927393231541, 0.00165504473262, 0.00223163608462, 0.0029157877434, 0.00856271665543, 0.00622508535162, 0.00335665862076, 0.000851037912071, 0.00235803285614, 0.00414737407118, 0.0041629797779, 0.00164335500449, 0.00127766979858, 0.00627988157794, 0.00794121995568, 0.00641432963312, 0.00055970280664, 0.000975891249254, 0.00174599699676, 0.00140565529, 0.000608462782111, 0.00338338781148, 0.0028020250611]
        var: [0.0909645631909, 0.0352001003921, 0.0239497628063, 0.024438502267, 0.0218219365925, 0.0352708362043, 0.113139502704, 0.0271451938897, 0.028556285426, 0.0240094419569, 0.00806313473731, 0.0308937057853, 0.0982235968113, 0.0346828661859, 0.0285730641335, 0.0642593726516, 0.0206315908581, 0.00270123942755, 0.0112012019381, 0.031281106174, 0.0670648887753, 0.141776159406, 0.0578982904553, 0.0156841762364, 0.0161209590733, 0.0139005240053, 0.0377980172634, 0.0824467092752, 0.026126338169, 0.0103774052113, 0.0132105564699, 0.00395077187568, 0.00521596008912, 0.0167360994965, 0.0100626628846, 0.0424682199955]
    chords_histogram: [18.0555553436, 0, 2.31481480598, 0, 0, 0, 0, 0, 0, 0, 0, 0, 0, 0, 0, 3.24074077606, 0, 35.648147583, 0, 2.77777767181, 0, 0, 37.9629631042, 0]
    thpcp: [1, 0.572930216789, 0.17092256248, 0.157222777605, 0.124368347228, 0.291972845793, 0.478935688734, 0.314637094736, 0.244530260563, 0.308654010296, 0.168354406953, 0.0910980328918, 0.132779344916, 0.175554603338, 0.5696798563, 0.961675345898, 0.574607372284, 0.133263275027, 0.105327792466, 0.103196933866, 0.29038348794, 0.446838587523, 0.241674244404, 0.0797141864896, 0.0792963951826, 0.0635726228356, 0.0957667157054, 0.135240778327, 0.118171364069, 0.279452949762, 0.400123566389, 0.22693733871, 0.113808512688, 0.112713001668, 0.122981965542, 0.577036857605]
    chords_key: "A"
    chords_scale: "major"
    key_key: "E"
    key_scale: "major"
    chords_progression: ["B", "B", "B", "B", "B", "Bm", "Bm", "Bm", "Bm", "Bm", "Bm", "Em", "Em", "Em", "Em", "Em", "Em", "Em", "Em", "Em", "Em", "Em", "Em", "Em", "Em", "Em", "Em", "Em", "Em", "Em", "Em", "Em", "Em", "Em", "Em", "Em", "Em", "Em", "Em", "Em", "Em", "Em", "Em", "Em", "Em", "Em", "Em", "Em", "Em", "Em", "Em", "Em", "Em", "Em", "Em", "Em", "Em", "Em", "Em", "Em", "Em", "Em", "Em", "Em", "Em", "Em", "Em", "Em", "Em", "Em", "Em", "Em", "Em", "Em", "Em", "Em", "Em", "Em", "Em", "Em", "Em", "Em", "Em", "Em", "Em", "Em", "Em", "Em", "E", "E", "E", "E", "E", "E", "E", "A", "A", "A", "A", "A", "A", "A", "A", "A", "A", "A", "A", "A", "A", "A", "A", "A", "A", "A", "A", "A", "A", "A", "A", "A", "A", "A", "A", "A", "A", "A", "A", "A", "A", "A", "A", "A", "A", "A", "A", "A", "A", "A", "A", "A", "A", "A", "A", "A", "A", "A", "A", "A", "A", "A", "A", "A", "A", "A", "A", "A", "A", "A", "A", "A", "E", "E", "E", "E", "E", "E", "E", "E", "E", "E", "E", "E", "E", "E", "E", "E", "E", "E", "E", "E", "E", "E", "E", "Am", "Am", "Am", "Am", "Am", "Am", "Am", "E", "E", "E", "E", "E", "A", "E", "E", "E", "E", "A", "A", "A", "A", "A", "A", "A", "A", "A", "A", "A", "A", "A", "A", "A", "A"]
