
metadata:
    version:
        essentia: "1.2.2"
    audio_properties:
        analysis_sample_rate: 44100
        bitrate: 128
        channels: 2
        equal_loudness: 1
        length: 10.0048980713
        replay_gain: -16.081609726
        downmix: "mix"
    tags:
        track: 14
        year: 0
        album: "Splitted by Mp3Splt v. 2.1"
        artist: "From 002.10 To 002.20"
        comment: "http://mp3splt.sf.net"
        genre: ""
        title: "08 If There's Such a Thing as"

highlevel:
    ballroom:
        all:
            ChaChaCha: 0.0090267136693
            Jive: 0.0175682064146
            Quickstep: 0.0925391018391
            Rumba-American: 0.0183201171458
            Rumba-International: 0.126686275005
            Rumba-Misc: 0.0990178287029
            Samba: 0.0134449107572
            Tango: 0.0434345602989
            VienneseWaltz: 0.413888543844
            Waltz: 0.166073739529
        probability: 0.413888543844
        value: "VienneseWaltz"
    culture:
        all:
            non_western: 0.0380218103528
            western: 0.961978197098
        probability: 0.961978197098
        value: "western"
    gender:
        all:
            female: 0.287266343832
            male: 0.712733626366
        probability: 0.712733626366
        value: "male"
    genre_dortmund:
        all:
            alternative: 0.136801913381
            blues: 0.0215649940073
            electronic: 0.00984681490809
            folkcountry: 0.491964578629
            funksoulrnb: 0.0290831848979
            jazz: 0.0376804843545
            pop: 0.146487548947
            raphiphop: 0.00300500402227
            rock: 0.123565480113
        probability: 0.491964578629
        value: "folkcountry"
    genre_electronica:
        all:
            ambient: 0.748234510422
            dnb: 0.0544384941459
            house: 0.0148213515058
            techno: 0.00432980246842
            trance: 0.178175866604
        probability: 0.748234510422
        value: "ambient"
    genre_rosamerica:
        all:
            cla: 0.097076959908
            dan: 0.00788700580597
            hip: 0.00584288965911
            jaz: 0.0137023823336
            pop: 0.338401883841
            rhy: 0.0536044053733
            roc: 0.479667723179
            spe: 0.00381673732772
        probability: 0.479667723179
        value: "roc"
    genre_tzanetakis:
        all:
            blu: 0.00804108474404
            cla: 0.0417639799416
            cou: 0.600540220737
            dis: 0.0369704924524
            hip: 0.00125908036716
            jaz: 0.013018139638
            met: 0.00344097311608
            pop: 0.0523422658443
            reg: 0.00596725428477
            roc: 0.236656486988
        probability: 0.600540220737
        value: "cou"
    live_studio:
        all:
            live: 0.399330973625
            studio: 0.600669026375
        probability: 0.600669026375
        value: "studio"
    mood:
        all:
            Cluster1: 0.05029239133
            Cluster2: 0.249472409487
            Cluster3: 0.585945725441
            Cluster4: 0.0867273360491
            Cluster5: 0.027562122792
        probability: 0.585945725441
        value: "Cluster3"
    mood_acoustic:
        all:
            acoustic: 0.481479525566
            not_acoustic: 0.518520474434
        probability: 0.518520474434
        value: "not_acoustic"
    mood_aggressive:
        all:
            aggressive: 0.0267769563943
            not_aggressive: 0.973223030567
        probability: 0.973223030567
        value: "not_aggressive"
    mood_electronic:
        all:
            electronic: 0.0767503753304
            not_electronic: 0.923249602318
        probability: 0.923249602318
        value: "not_electronic"
    mood_happy:
        all:
            happy: 0.843402504921
            not_happy: 0.15659750998
        probability: 0.843402504921
        value: "happy"
    mood_party:
        all:
            not_party: 0.946240484715
            party: 0.0537595450878
        probability: 0.946240484715
        value: "not_party"
    mood_relaxed:
        all:
            not_relaxed: 0.187236890197
            relaxed: 0.812763094902
        probability: 0.812763094902
        value: "relaxed"
    mood_sad:
        all:
            not_sad: 0.134582594037
            sad: 0.865417420864
        probability: 0.865417420864
        value: "sad"
    rhythm:
        all:
            fast: 0.737684130669
            medium: 0.197565212846
            slow: 0.0647506341338
        probability: 0.737684130669
        value: "fast"
    speech_music:
        all:
            music: 0.829449057579
            speech: 0.170550957322
        probability: 0.829449057579
        value: "music"
    timbre:
        all:
            bright: 0.992922246456
            dark: 0.00707777123898
        probability: 0.992922246456
        value: "bright"
    voice_instrumental:
        all:
            instrumental: 0.022861847654
            voice: 0.977138161659
        probability: 0.977138161659
        value: "voice"

lowlevel:
    average_loudness: 0.97396916151
    barkbands_kurtosis:
        dmean: 1.27652418613
        dmean2: 1.99651277065
        dvar: 1.77216219902
        dvar2: 4.04937601089
        max: 11.073469162
        mean: 1.83748996258
        min: -1.49569344521
        var: 4.56172323227
    barkbands_skewness:
        dmean: 0.345341593027
        dmean2: 0.531096220016
        dvar: 0.0898718610406
        dvar2: 0.206438630819
        max: 2.90546774864
        mean: 1.17027413845
        min: -0.586698114872
        var: 0.314644128084
    barkbands_spread:
        dmean: 3.56201791763
        dmean2: 5.17740392685
        dvar: 13.457118988
        dvar2: 25.9000110626
        max: 46.420211792
        mean: 14.6942996979
        min: 4.30294561386
        var: 36.9309692383
    dissonance:
        dmean: 0.0327384360135
        dmean2: 0.0525330230594
        dvar: 0.000672647729516
        dvar2: 0.00163614901248
        max: 0.499999433756
        mean: 0.415252745152
        min: 0.224094972014
        var: 0.00157713273074
    hfc:
        dmean: 1.29576158524
        dmean2: 1.87412559986
        dvar: 2.13946914673
        dvar2: 4.37335395813
        max: 14.6497821808
        mean: 4.64390134811
        min: 6.20583978161e-06
        var: 6.95672798157
    pitch:
        dmean: 130.869354248
        dmean2: 248.859527588
        dvar: 253156.609375
        dvar2: 747621
        max: 4900
        mean: 246.740142822
        min: 83.3648376465
        var: 137356
    pitch_instantaneous_confidence:
        dmean: 0.095873773098
        dmean2: 0.14437957108
        dvar: 0.00680339941755
        dvar2: 0.0153735009953
        max: 0.847638010979
        mean: 0.526507079601
        min: 0.180192947388
        var: 0.0193259194493
    pitch_salience:
        dmean: 0.0637425854802
        dmean2: 0.102862641215
        dvar: 0.00296385586262
        dvar2: 0.00697724986821
        max: 0.977105855942
        mean: 0.582002937794
        min: 0.266498565674
        var: 0.00845806393772
    silence_rate_20dB:
        dmean: 0
        dmean2: 0
        dvar: 0
        dvar2: 0
        max: 1
        mean: 1
        min: 1
        var: 0
    silence_rate_30dB:
        dmean: 0
        dmean2: 0
        dvar: 0
        dvar2: 0
        max: 1
        mean: 1
        min: 1
        var: 0
    silence_rate_60dB:
        dmean: 0.109048724174
        dmean2: 0.218604654074
        dvar: 0.0971570536494
        dvar2: 0.203375205398
        max: 1
        mean: 0.19212962687
        min: 0
        var: 0.15521581471
    spectral_centroid:
        dmean: 123.457260132
        dmean2: 177.355804443
        dvar: 17754.5410156
        dvar2: 37868.71875
        max: 1864.59509277
        mean: 805.28112793
        min: 440.328430176
        var: 52681.1171875
    spectral_complexity:
        dmean: 2.30232548714
        dmean2: 3.63636374474
        dvar: 5.25743341446
        dvar2: 10.4505262375
        max: 29
        mean: 11.6403713226
        min: 0
        var: 15.9240694046
    spectral_crest:
        dmean: 2.48169660568
        dmean2: 3.81278371811
        dvar: 5.21402168274
        dvar2: 12.3299188614
        max: 21.3915710449
        mean: 9.31730461121
        min: 3.1328690052
        var: 11.8571300507
    spectral_decrease:
        dmean: 3.56866786122e-10
        dmean2: 5.13341424924e-10
        dvar: 1.13845436392e-19
        dvar2: 2.47329432996e-19
        max: -1.73006172427e-15
        mean: -1.38518685411e-09
        min: -3.19921955594e-09
        var: 3.86732734064e-19
    spectral_energy:
        dmean: 0.00144371972419
        dmean2: 0.00207298994064
        dvar: 1.89060403954e-06
        dvar2: 4.06863000535e-06
        max: 0.0127585958689
        mean: 0.00564922485501
        min: 7.0925372242e-09
        var: 6.50033007332e-06
    spectral_energyband_high:
        dmean: 3.69086810679e-05
        dmean2: 4.99372326885e-05
        dvar: 6.31636343229e-09
        dvar2: 1.47195429179e-08
        max: 0.000667335931212
        mean: 5.43381975149e-05
        min: 3.51164652912e-11
        var: 9.13175757233e-09
    spectral_energyband_low:
        dmean: 7.44146163925e-05
        dmean2: 0.000124247584608
        dvar: 7.62236496143e-09
        dvar2: 2.15529620817e-08
        max: 0.000703558092937
        mean: 0.000153374596266
        min: 1.13435524862e-10
        var: 1.31134552106e-08
    spectral_energyband_middle_high:
        dmean: 0.000649314722978
        dmean2: 0.000976749695837
        dvar: 4.107849918e-07
        dvar2: 9.49281400153e-07
        max: 0.00621191365644
        mean: 0.0017091530608
        min: 2.55047583053e-09
        var: 1.28600538574e-06
    spectral_energyband_middle_low:
        dmean: 0.00116894277744
        dmean2: 0.00171083235182
        dvar: 1.41832708778e-06
        dvar2: 3.24580378219e-06
        max: 0.0107077043504
        mean: 0.00373236229643
        min: 4.390392494e-09
        var: 4.17154706156e-06
    spectral_flatness_db:
        dmean: 0.0193025767803
        dmean2: 0.0288497023284
        dvar: 0.000280594162177
        dvar2: 0.000547969655599
        max: 0.28722551465
        mean: 0.197530508041
        min: 0.110692329705
        var: 0.000934863521252
    spectral_flux:
        dmean: 0.00933197606355
        dmean2: 0.01395765692
        dvar: 7.16928116162e-05
        dvar2: 0.000138417279231
        max: 0.0846387967467
        mean: 0.0364908948541
        min: 8.42172012199e-05
        var: 0.000212156402995
    spectral_kurtosis:
        dmean: 2.45379638672
        dmean2: 3.85348081589
        dvar: 4.77185106277
        dvar2: 11.2451982498
        max: 22.5523929596
        mean: 8.18984127045
        min: -0.81331205368
        var: 15.6309986115
    spectral_rms:
        dmean: 0.000304261833662
        dmean2: 0.000421873934101
        dvar: 7.94467496235e-08
        dvar2: 1.52615555749e-07
        max: 0.00352808879688
        mean: 0.00227958615869
        min: 2.63050355898e-06
        var: 3.14923767064e-07
    spectral_rolloff:
        dmean: 394.107116699
        dmean2: 664.01574707
        dvar: 356257.40625
        dvar2: 848233.375
        max: 4801.90429688
        mean: 1290.84423828
        min: 409.130859375
        var: 541546.25
    spectral_skewness:
        dmean: 0.276304662228
        dmean2: 0.410211443901
        dvar: 0.0597479566932
        dvar2: 0.110384896398
        max: 3.57222104073
        mean: 2.22250890732
        min: 0.477432131767
        var: 0.259990096092
    spectral_spread:
        dmean: 496723.46875
        dmean2: 648994.6875
        dvar: 911827468288
        dvar2: 1.06336531251e+12
        max: 14815332
        mean: 3591503.5
        min: 2052159.5
        var: 1.93081665126e+12
    spectral_strongpeak:
        dmean: 0.339427113533
        dmean2: 0.552681922913
        dvar: 0.114679954946
        dvar2: 0.223023489118
        max: 2.57941198349
        mean: 0.78629899025
        min: 3.56783275492e-05
        var: 0.25889724493
    zerocrossingrate:
        dmean: 0.00644985446706
        dmean2: 0.00768388528377
        dvar: 3.88639782614e-05
        dvar2: 4.91460414196e-05
        max: 0.1181640625
        mean: 0.0483715645969
        min: 0.01611328125
        var: 0.000199735237402
    barkbands:
        dmean: [9.58981161148e-09, 7.39713095754e-06, 7.0824600698e-05, 0.000309504597681, 0.000303724023979, 0.000244968076004, 0.000356347649358, 0.000511031772476, 0.000354833871825, 0.000385654740967, 0.000113938920549, 0.000119450211059, 6.22945444775e-05, 3.23250133079e-05, 4.56123671029e-05, 3.44045074598e-05, 7.2532093327e-05, 5.11954822286e-05, 9.26387074287e-05, 2.79714804492e-05, 1.73520766111e-05, 5.99416171099e-06, 2.81253551293e-06, 1.15693853786e-06, 4.00807550704e-07, 1.43717722167e-08, 1.39166833613e-09]
        dmean2: [1.31851294327e-08, 1.18002117233e-05, 0.000119139280287, 0.000463432021206, 0.000460298120743, 0.000373096816475, 0.000569169118535, 0.000763872580137, 0.000531103869434, 0.000596706755459, 0.000177531372174, 0.000188193138456, 0.000100998600828, 4.89193080284e-05, 7.37841037335e-05, 5.20123830938e-05, 0.000113224770757, 7.85575612099e-05, 0.00014425435802, 4.11025939684e-05, 2.44231723627e-05, 8.17153249955e-06, 4.14943042415e-06, 1.59871467531e-06, 5.36849313448e-07, 2.03213552652e-08, 1.54864099322e-09]
        dvar: [7.68186715953e-15, 1.47426668096e-10, 6.86495971181e-09, 1.18283516315e-07, 1.5704286227e-07, 1.25683143892e-07, 4.14417854699e-07, 7.14875113772e-07, 3.0295117881e-07, 2.97728831811e-07, 4.08102671656e-08, 6.7915088664e-08, 9.64462110176e-09, 2.60016097542e-09, 1.6165939698e-08, 3.71148733969e-09, 9.17811426859e-09, 6.88575285679e-09, 3.09376453345e-08, 3.26100701997e-09, 1.32679556231e-09, 1.63830893296e-10, 3.75753872461e-11, 2.01410086526e-11, 1.34995378591e-12, 1.65381425358e-15, 6.20446657545e-16]
        dvar2: [7.65401502215e-15, 3.71052744086e-10, 1.95765146316e-08, 2.54759527252e-07, 3.30924905256e-07, 2.74981772463e-07, 1.09111681468e-06, 1.60182219133e-06, 6.83555242631e-07, 5.79821232805e-07, 9.12183892865e-08, 1.55850557348e-07, 2.5124679226e-08, 6.23105211872e-09, 4.53051569593e-08, 7.16289560998e-09, 2.0041728277e-08, 1.58203974365e-08, 8.06557096666e-08, 8.46629788498e-09, 3.0192153222e-09, 3.77132214346e-10, 8.37655500519e-11, 3.36189930061e-11, 2.60197874531e-12, 3.12637298557e-15, 6.19832452779e-16]
        max: [1.83854137958e-06, 0.000175324763404, 0.000655300216749, 0.00231883092783, 0.00415256433189, 0.00336322421208, 0.00657873228192, 0.00876724999398, 0.00557916238904, 0.00550821935758, 0.00281995302066, 0.00265129399486, 0.00138830801006, 0.000516355095897, 0.00179878354538, 0.000994816073216, 0.000780753965955, 0.000776819942985, 0.00167430203874, 0.000508664583322, 0.000319954560837, 0.00013296357065, 9.67527375906e-05, 9.37069562497e-05, 1.80581610039e-05, 5.00825137806e-07, 5.18089166235e-07]
        mean: [1.28711254987e-08, 2.37352542172e-05, 0.000129629581352, 0.00045048337779, 0.000582417997066, 0.000536533247214, 0.000581425265409, 0.000917048775591, 0.000599803985097, 0.000695054186508, 0.000194605847355, 0.000181999450433, 9.44761777646e-05, 5.24143069924e-05, 6.76081472193e-05, 6.60606092424e-05, 0.000125377016957, 8.8195913122e-05, 0.000177617184818, 4.6030163503e-05, 2.32398451772e-05, 8.85127246875e-06, 4.37530252384e-06, 1.69536781414e-06, 5.23104858985e-07, 1.66794400513e-08, 1.37415234747e-09]
        min: [5.95183537871e-12, 4.40691441672e-11, 6.56373011498e-11, 8.97114257881e-11, 2.96825897195e-10, 3.95214777571e-10, 5.33093680311e-10, 9.20314380259e-10, 1.91990534582e-09, 1.1305327785e-09, 4.22952561863e-10, 2.68216310273e-10, 1.32577893108e-10, 1.60285784645e-10, 1.91561350116e-10, 2.13848536101e-10, 1.69010638817e-10, 5.67389746298e-11, 3.24389300144e-11, 1.25253930491e-11, 1.36259215716e-11, 6.38612730405e-12, 1.67618252177e-12, 2.31876020121e-12, 1.9947648134e-12, 2.0685558301e-12, 3.83364807998e-14]
        var: [7.80792344977e-15, 3.93801324883e-10, 1.09387769953e-08, 1.98837980747e-07, 3.46743547652e-07, 4.16278311377e-07, 6.85053294092e-07, 2.00373187909e-06, 5.94042091961e-07, 7.10898348188e-07, 1.31143295334e-07, 1.36055092526e-07, 1.85871655844e-08, 4.64639970943e-09, 1.91438971342e-08, 9.01425512012e-09, 1.73610779086e-08, 1.13390559164e-08, 6.29436982535e-08, 4.24205692795e-09, 1.83328241476e-09, 2.50405945978e-10, 6.6372143892e-11, 5.38714628462e-11, 2.50912702074e-12, 1.87292283055e-15, 6.20962024154e-16]
    mfcc:
        mean: [-734.481750488, 160.410507202, -43.1103096008, 30.41040802, -29.50116539, -18.6638202667, -9.41563129425, 6.77862071991, -9.32300949097, -4.45310211182, -5.13093137741, -9.77367019653, -6.800385952]
        cov: [[2654.79907227, -650.523864746, 12.4889287949, 129.805847168, -162.015991211, -33.8807830811, -94.4079208374, -28.9845981598, -184.05909729, -11.291258812, 41.1604042053, 107.509681702, -27.262550354], [-650.523864746, 641.250244141, -171.997039795, 0.603331923485, 92.1158676147, 7.32507514954, 17.1218242645, 53.7059631348, 47.264629364, 6.04780435562, -35.1415748596, -97.7478713989, 10.1084117889], [12.4889287949, -171.997039795, 260.005554199, -5.27641391754, -38.306312561, 17.553571701, 9.46799278259, -12.9983558655, -18.502122879, -4.827064991, 18.6732940674, 53.6257858276, 27.1901874542], [129.805847168, 0.603331923485, -5.27641391754, 103.564224243, 2.78499269485, -5.59962844849, -5.78097057343, 3.65322089195, -25.6598472595, -5.26444721222, 4.67874145508, 12.0443077087, 9.07591724396], [-162.015991211, 92.1158676147, -38.306312561, 2.78499269485, 154.972839355, 54.6981468201, 2.5576980114, -44.0446357727, 111.380386353, -2.50600337982, -29.4585838318, -65.900352478, -43.982925415], [-33.8807830811, 7.32507514954, 17.553571701, -5.59962844849, 54.6981468201, 111.89339447, 25.6190090179, -13.9584770203, 47.9541091919, -2.58212757111, -28.5991573334, -31.7058563232, -33.3311462402], [-94.4079208374, 17.1218242645, 9.46799278259, -5.78097057343, 2.5576980114, 25.6190090179, 101.624008179, 24.2929019928, 14.9264850616, -5.23795557022, 1.93784976006, -12.5669593811, 3.01590776443], [-28.9845981598, 53.7059631348, -12.9983558655, 3.65322089195, -44.0446357727, -13.9584770203, 24.2929019928, 101.33744812, -33.5097122192, 7.45781421661, 3.26565337181, 11.1828966141, 22.8955307007], [-184.05909729, 47.264629364, -18.502122879, -25.6598472595, 111.380386353, 47.9541091919, 14.9264850616, -33.5097122192, 228.372634888, 29.4319534302, -44.4467506409, -91.3125, -81.0528182983], [-11.291258812, 6.04780435562, -4.827064991, -5.26444721222, -2.50600337982, -2.58212757111, -5.23795557022, 7.45781421661, 29.4319534302, 68.6640701294, 24.0883769989, -4.28008365631, -15.9222078323], [41.1604042053, -35.1415748596, 18.6732940674, 4.67874145508, -29.4585838318, -28.5991573334, 1.93784976006, 3.26565337181, -44.4467506409, 24.0883769989, 87.7074432373, 54.6777915955, 23.6684818268], [107.509681702, -97.7478713989, 53.6257858276, 12.0443077087, -65.900352478, -31.7058563232, -12.5669593811, 11.1828966141, -91.3125, -4.28008365631, 54.6777915955, 113.193534851, 54.1605148315], [-27.262550354, 10.1084117889, 27.1901874542, 9.07591724396, -43.982925415, -33.3311462402, 3.01590776443, 22.8955307007, -81.0528182983, -15.9222078323, 23.6684818268, 54.1605148315, 97.0586929321]]
        icov: [[0.000636084470898, 0.000710702093784, 0.000417027360527, -0.000740082527045, 0.000346017623087, -0.000247832504101, 0.000444089004304, -8.99359001778e-05, 0.000346953194821, 4.63321957795e-05, -0.000126262471895, 0.000274851452559, 0.000310892355628], [0.000710702093784, 0.00334924017079, 0.00161952967755, -0.000692581525072, -0.00120256876107, -0.000232046368183, 0.000657137250528, -0.00172401405871, 0.000664083345328, -0.000260106869973, -0.000454365625046, 0.0024839641992, -0.00153989554383], [0.000417027360527, 0.00161952967755, 0.00565087143332, -0.000313733879011, 0.00130958179943, -0.00199393881485, -4.34119829151e-05, 0.000537387211807, -0.000928477675188, 0.000179336391739, -0.000198617548449, -0.00127700169105, -0.0018068717327], [-0.000740082527045, -0.000692581525072, -0.000313733879011, 0.0111484257504, -0.00252569885924, 0.00080936710583, -0.000262318790192, -0.000612378993537, 0.00132129795384, -9.73324858933e-05, 0.000506046635564, -0.00126235070638, -0.000135882524773], [0.000346017623087, -0.00120256876107, 0.00130958179943, -0.00252569885924, 0.0156816262752, -0.00523366965353, 0.0016046683304, 0.00449308706447, -0.00581272784621, 0.00358379469253, -0.00298860762268, 0.00301329675131, -0.000927983375732], [-0.000247832504101, -0.000232046368183, -0.00199393881485, 0.00080936710583, -0.00523366965353, 0.0138435792178, -0.00400721235201, 0.000145263620652, 0.00144549284596, -0.00146368413698, 0.00429375702515, -0.00143594923429, 0.00363130681217], [0.000444089004304, 0.000657137250528, -4.34119829151e-05, -0.000262318790192, 0.0016046683304, -0.00400721235201, 0.0130112273619, -0.00382378255017, -0.00165245321114, 0.00333265587687, -0.00433130469173, 0.00359432795085, -0.00184097420424], [-8.99359001778e-05, -0.00172401405871, 0.000537387211807, -0.000612378993537, 0.00449308706447, 0.000145263620652, -0.00382378255017, 0.0143958656117, 0.000317326746881, -0.00291370064951, 0.00242829299532, -0.00120627100114, -0.00126212881878], [0.000346953194821, 0.000664083345328, -0.000928477675188, 0.00132129795384, -0.00581272784621, 0.00144549284596, -0.00165245321114, 0.000317326746881, 0.0110337259248, -0.00489636464044, 0.00293322466314, 0.00262072938494, 0.00423687510192], [4.63321957795e-05, -0.000260106869973, 0.000179336391739, -9.73324858933e-05, 0.00358379469253, -0.00146368413698, 0.00333265587687, -0.00291370064951, -0.00489636464044, 0.0215178541839, -0.0100386366248, 0.0027077307459, 0.00208217976615], [-0.000126262471895, -0.000454365625046, -0.000198617548449, 0.000506046635564, -0.00298860762268, 0.00429375702515, -0.00433130469173, 0.00242829299532, 0.00293322466314, -0.0100386366248, 0.0224089790136, -0.0108527131379, 0.00109627575148], [0.000274851452559, 0.0024839641992, -0.00127700169105, -0.00126235070638, 0.00301329675131, -0.00143594923429, 0.00359432795085, -0.00120627100114, 0.00262072938494, 0.0027077307459, -0.0108527131379, 0.024038117379, -0.00679492019117], [0.000310892355628, -0.00153989554383, -0.0018068717327, -0.000135882524773, -0.000927983375732, 0.00363130681217, -0.00184097420424, -0.00126212881878, 0.00423687510192, 0.00208217976615, 0.00109627575148, -0.00679492019117, 0.0196551829576]]
    spectral_contrast:
        mean: [2.51089744552e-07, 9.05997481482e-08, 3.96311236273e-07, 4.38477911757e-08, 2.18193108026e-07, 1.2468917987e-07, -2.74098397313e-07, 1.24084147046e-06, 8.99877989013e-07, -1.66644085198e-08, 1.0784845017e-06, -1.01078967418e-06]
        var: [0.000509841891471, 0.000911686976906, 0.00157465192024, 0.00273411348462, 0.00444365898147, 0.00549500482157, 0.0489565990865, 0.0807498693466, 0.120344467461, 0.201705858111, 0.319200098515, 1.38815450668]

rhythm:
    beats_loudness:
        dmean: 0.00204864074476
        dmean2: 0.00273999711499
        dvar: 2.63297511083e-06
        dvar2: 9.47721855482e-06
        max: 0.0116671258584
        mean: 0.0075584971346
        min: 0.00335871847346
        var: 4.65267703476e-06
    beats_loudness_bass:
        dmean: 0.0849004015326
        dmean2: 0.152581900358
        dvar: 0.00658259168267
        dvar2: 0.0202207732946
        max: 0.30339089036
        mean: 0.0837176516652
        min: 0.00796776264906
        var: 0.00651826849207
    bpm: 108.714538574
    bpm_confidence: 0
    first_peak_bpm: 109
    first_peak_spread: 0
    first_peak_weight: 0.941176474094
    onset_rate: 3.49828648567
    second_peak_bpm: 101
    second_peak_spread: 0
    second_peak_weight: 0.0588235296309
    beats_position: [0.334027826786, 0.886381685734, 1.43873548508, 1.99108946323, 2.54344320297, 3.09579706192, 3.64815115929, 4.20050525665, 4.7528591156, 5.30521297455, 5.85756731033, 6.4544301033, 7.00589561462, 7.55736160278, 8.10882663727, 8.6602935791, 9.21175861359, 9.76322364807]
    bpm_estimates: [108.92829895, 108.592384338, 108.584342957, 108.065238953, 108.497688293, 109.094154358, 108.425186157, 108.723571777, 108.729766846, 109.147651672, 108.521614075, 109.458816528, 108.618583679, 108.985183716, 108.950836182, 108.033676147, 108.671234131, 108.833335876]
    bpm_intervals: [0.552353858948, 0.552353799343, 0.552353978157, 0.552353739738, 0.552353858948, 0.552354097366, 0.552354097366, 0.552353858948, 0.552353858948, 0.552354335785, 0.596862792969, 0.551465511322, 0.551465988159, 0.551465034485, 0.551466941833, 0.551465034485, 0.551465034485]
    onset_times: [0.0464399084449, 0.325079351664, 0.603718817234, 0.882358253002, 1.17260766029, 1.43963718414, 1.99691605568, 2.53097510338, 2.93732428551, 3.09986400604, 3.56426310539, 3.65714287758, 3.93578219414, 4.20281171799, 4.48145103455, 4.73687076569, 5.0387301445, 5.21287965775, 5.36380958557, 5.59600925446, 5.65405893326, 5.86303853989, 6.1648979187, 6.43192720413, 6.6989569664, 6.98920631409, 7.54648542404, 7.80190467834, 8.09215450287, 8.64943313599, 8.90485286713, 9.17188167572, 9.2067117691, 9.64789104462, 9.7639913559]
    rubato_start: []
    rubato_stop: []
    perceptual_tempo: "unknown"

sfx:
    inharmonicity:
        dmean: 0.0350628048182
        dmean2: 0.0623045489192
        dvar: 0.00212949421257
        dvar2: 0.00575745292008
        max: 0.335184812546
        mean: 0.03700260818
        min: 0
        var: 0.00202573416755
    oddtoevenharmonicenergyratio:
        dmean: 2.672052145
        dmean2: 4.97512483597
        dvar: 26.6779594421
        dvar2: 76.2086410522
        max: 40.9370803833
        mean: 1.81686484814
        min: 0
        var: 17.6002311707
    pitch_after_max_to_before_max_energy_ratio: 2.90238285065
    pitch_centroid: 202.18006897
    pitch_max_to_total: 0.132250577211
    pitch_min_to_total: 0.380510449409
    tristimulus:
        dmean: [0.229703053832, 0.243036717176, 0.0712063089013]
        dmean2: [0.404877573252, 0.429581820965, 0.125538632274]
        dvar: [0.0367928259075, 0.0417475178838, 0.00521575426683]
        dvar2: [0.100637182593, 0.118833899498, 0.014861238189]
        max: [1, 0.94767343998, 0.612124204636]
        mean: [0.430975526571, 0.476198375225, 0.0698410943151]
        min: [0.00613819528371, 0, 0]
        var: [0.0572055205703, 0.0620205961168, 0.0061793779023]

tonal:
    chords_changes_rate: 0.0276497695595
    chords_number_rate: 0.0138248847798
    chords_strength:
        dmean: 0.00880978815258
        dmean2: 0.00792329385877
        dvar: 6.35313990642e-05
        dvar2: 4.71085622848e-05
        max: 0.75617223978
        mean: 0.615445792675
        min: 0.329072028399
        var: 0.00688024656847
    key_strength: 0.767465472221
    tuning_diatonic_strength: 0.632008850574
    tuning_equal_tempered_deviation: 0.0970493555069
    tuning_frequency: 439.745910645
    tuning_nontempered_energy_ratio: 0.711205899715
    hpcp:
        dmean: [0.173529013991, 0.17858427763, 0.0801606476307, 0.0531536638737, 0.0433084927499, 0.0957643836737, 0.142537891865, 0.132998257875, 0.0596166104078, 0.0261732023209, 0.0512255243957, 0.0911664292216, 0.136153429747, 0.112953819335, 0.114244796336, 0.12912106514, 0.105627909303, 0.118309304118, 0.0932824462652, 0.111783705652, 0.172092422843, 0.192508205771, 0.178062319756, 0.116196528077, 0.0597643330693, 0.040836174041, 0.0745166689157, 0.104560762644, 0.0938450321555, 0.118519172072, 0.102554805577, 0.103423394263, 0.0583918429911, 0.0695275440812, 0.0810267627239, 0.135437712073]
        dmean2: [0.295075327158, 0.298370212317, 0.139094159007, 0.0941773056984, 0.0773303061724, 0.154675334692, 0.226644128561, 0.22572030127, 0.105782710016, 0.0449061244726, 0.0907244384289, 0.150287047029, 0.230183839798, 0.189119488001, 0.187382176518, 0.21285584569, 0.17759399116, 0.213216349483, 0.159544467926, 0.190937682986, 0.313397139311, 0.326564103365, 0.299420446157, 0.213388100266, 0.108330458403, 0.0717223733664, 0.123860508204, 0.166223108768, 0.156290218234, 0.199023082852, 0.172859862447, 0.169502824545, 0.10221901536, 0.123021386564, 0.134352326393, 0.233616128564]
        dvar: [0.0470329038799, 0.0329551696777, 0.0114646470174, 0.0131850605831, 0.0104527585208, 0.0193756259978, 0.0334382988513, 0.0333147160709, 0.0139461476356, 0.00188273994718, 0.0180030632764, 0.0261217802763, 0.0425498560071, 0.027579376474, 0.026272283867, 0.0364645384252, 0.0267162881792, 0.0422957800329, 0.0247998796403, 0.0195499658585, 0.0346921123564, 0.0494177117944, 0.0415374748409, 0.0291626360267, 0.017021112144, 0.00522648217157, 0.0195523239672, 0.0317774266005, 0.0218262653798, 0.0317199826241, 0.0279414560646, 0.0192415919155, 0.010809045285, 0.017926890403, 0.0169421788305, 0.0227681268007]
        dvar2: [0.118125677109, 0.0901009142399, 0.0327121056616, 0.035880766809, 0.0246564429253, 0.0484724231064, 0.0765600427985, 0.0848434269428, 0.0382973514497, 0.00466923089698, 0.0496187396348, 0.0718144699931, 0.087174795568, 0.0592486411333, 0.0668366849422, 0.0777407512069, 0.0625417158008, 0.118961364031, 0.0619897358119, 0.0476067848504, 0.102716676891, 0.132552370429, 0.102098889649, 0.0827894583344, 0.0480355247855, 0.0142999086529, 0.0544296316803, 0.0871028453112, 0.0600583218038, 0.0763919577003, 0.0547838769853, 0.0448405109346, 0.0307143852115, 0.0399838685989, 0.0385818332434, 0.0609572716057]
        max: [1, 1, 0.813796699047, 0.91933619976, 1, 1, 1, 1, 0.807418882847, 0.402497053146, 1, 1, 1, 1, 1, 1, 1, 1, 1, 0.846379339695, 1, 1, 1, 1, 0.876131951809, 0.412116497755, 0.958648622036, 1, 0.897167146206, 1, 1, 1, 0.787179887295, 1, 1, 0.941624283791]
        mean: [0.457834541798, 0.321190863848, 0.0856188088655, 0.047578882426, 0.050376303494, 0.133136153221, 0.252063602209, 0.182715758681, 0.0507828965783, 0.022006791085, 0.041966561228, 0.13867790997, 0.226969078183, 0.169594183564, 0.145251393318, 0.218550771475, 0.171792775393, 0.0960474163294, 0.0825278609991, 0.101788401604, 0.21755567193, 0.345974832773, 0.261606812477, 0.102718316019, 0.0513476654887, 0.036565810442, 0.078455477953, 0.122286759317, 0.103669181466, 0.180651336908, 0.271389365196, 0.163101360202, 0.0677732676268, 0.103852145374, 0.115418717265, 0.245962187648]
        min: [0, 0, 0, 0, 0, 0, 0, 0, 0, 0, 0, 0, 0, 0, 0, 0, 0, 0, 0, 0, 0, 0, 0, 0, 0, 0, 0, 0, 0, 0, 0, 0, 0, 0, 0, 0]
        var: [0.149583160877, 0.0802750587463, 0.0112514114007, 0.0150576103479, 0.0188439320773, 0.0353083722293, 0.0862709730864, 0.0509854033589, 0.00993552990258, 0.0017077770317, 0.0130953630432, 0.0534039735794, 0.0984027162194, 0.0604343675077, 0.0384609736502, 0.0929249376059, 0.0606372244656, 0.0340794436634, 0.0247941873968, 0.0226191133261, 0.0511495582759, 0.12787823379, 0.0828485563397, 0.0229647364467, 0.0106634777039, 0.00422901427373, 0.0232072398067, 0.0426697283983, 0.0233622118831, 0.0619129985571, 0.129409343004, 0.0485983192921, 0.00859340559691, 0.0321052670479, 0.0340978503227, 0.0482510738075]
    chords_histogram: [0, 0, 49.3087539673, 0, 0, 0, 0, 0, 0.460829496384, 0, 0, 0, 0, 0, 0, 0, 0, 0, 0, 0, 0, 10.5990781784, 39.6313362122, 0]
    thpcp: [1, 0.70154350996, 0.187008187175, 0.103921562433, 0.110031679273, 0.290795356035, 0.550556123257, 0.399086892605, 0.110919758677, 0.0480671264231, 0.09166315943, 0.302899628878, 0.495744764805, 0.370426803827, 0.317257404327, 0.477357536554, 0.375228941441, 0.209786310792, 0.180256962776, 0.222325742245, 0.475184053183, 0.755676567554, 0.571400344372, 0.224356845021, 0.112153321505, 0.0798668637872, 0.171362072229, 0.267098158598, 0.226433724165, 0.394577771425, 0.592767357826, 0.356245219707, 0.148030042648, 0.226833358407, 0.252097010612, 0.537229418755]
    chords_key: "A"
    chords_scale: "major"
    key_key: "D"
    key_scale: "major"
    chords_progression: ["A", "A", "A", "A", "A", "A", "A", "A", "A", "A", "A", "A", "A", "A", "A", "A", "A", "A", "A", "A", "A", "A", "A", "A", "A", "A", "A", "A", "A", "A", "A", "A", "A", "A", "A", "A", "A", "A", "A", "A", "A", "A", "A", "A", "A", "A", "A", "A", "A", "A", "Em", "Em", "G", "G", "G", "G", "G", "G", "G", "G", "G", "G", "G", "G", "G", "G", "G", "G", "G", "G", "G", "G", "G", "G", "G", "G", "G", "G", "G", "G", "G", "G", "G", "G", "G", "G", "G", "G", "G", "G", "G", "G", "G", "G", "G", "G", "G", "G", "G", "G", "G", "G", "G", "G", "G", "G", "G", "G", "G", "G", "G", "G", "G", "G", "G", "G", "G", "G", "G", "G", "G", "G", "G", "G", "G", "G", "G", "G", "G", "G", "G", "G", "G", "G", "G", "G", "F#", "G", "G", "Em", "Em", "Em", "Em", "Em", "Em", "Em", "Em", "Em", "Em", "Em", "Em", "Em", "Em", "Em", "Em", "Em", "Em", "Em", "Em", "Em", "A", "A", "A", "A", "A", "A", "A", "A", "A", "A", "A", "A", "A", "A", "A", "A", "A", "A", "A", "A", "A", "A", "A", "A", "A", "A", "A", "A", "A", "A", "A", "A", "A", "A", "A", "A", "A", "A", "A", "A", "A", "A", "A", "A", "A", "A", "A", "A", "A", "A", "A", "A", "A", "A", "A", "A", "A"]
