
metadata:
    version:
        essentia: "1.2.2"
    audio_properties:
        analysis_sample_rate: 44100
        bitrate: 128
        channels: 2
        equal_loudness: 1
        length: 10.0310201645
        replay_gain: -15.1846656799
        downmix: "mix"
    tags:
        track: 5
        year: 0
        album: "Splitted by Mp3Splt v. 2.1"
        artist: "From 000.40 To 000.50"
        comment: "http://mp3splt.sf.net"
        genre: ""
        title: "07 Mountain Song.mp3"

highlevel:
    ballroom:
        all:
            ChaChaCha: 0.0714320465922
            Jive: 0.227643728256
            Quickstep: 0.165089994669
            Rumba-American: 0.0115668680519
            Rumba-International: 0.00856524519622
            Rumba-Misc: 0.00647622160614
            Samba: 0.474434256554
            Tango: 0.010223576799
            VienneseWaltz: 0.0188361555338
            Waltz: 0.00573190813884
        probability: 0.474434256554
        value: "Samba"
    culture:
        all:
            non_western: 0.0108160115778
            western: 0.989183962345
        probability: 0.989183962345
        value: "western"
    gender:
        all:
            female: 0.429264008999
            male: 0.570735991001
        probability: 0.570735991001
        value: "male"
    genre_dortmund:
        all:
            alternative: 0.192469254136
            blues: 0.0213606059551
            electronic: 0.0905487164855
            folkcountry: 0.0376121513546
            funksoulrnb: 0.0126903131604
            jazz: 0.0140148587525
            pop: 0.0539393499494
            raphiphop: 0.0159115139395
            rock: 0.561453223228
        probability: 0.561453223228
        value: "rock"
    genre_electronica:
        all:
            ambient: 0.225679919124
            dnb: 0.121839463711
            house: 0.00936755351722
            techno: 0.0220886543393
            trance: 0.621024429798
        probability: 0.621024429798
        value: "trance"
    genre_rosamerica:
        all:
            cla: 0.0112481275573
            dan: 0.182829111814
            hip: 0.0186414513737
            jaz: 0.0152076305822
            pop: 0.0442542210221
            rhy: 0.0192633066326
            roc: 0.70502191782
            spe: 0.00353422597982
        probability: 0.70502191782
        value: "roc"
    genre_tzanetakis:
        all:
            blu: 0.0139538235962
            cla: 0.00717398431152
            cou: 0.0444180294871
            dis: 0.179280713201
            hip: 0.0209128186107
            jaz: 0.0277803186327
            met: 0.00982157699764
            pop: 0.494157880545
            reg: 0.127967953682
            roc: 0.0745328962803
        probability: 0.494157880545
        value: "pop"
    live_studio:
        all:
            live: 0.28738746047
            studio: 0.712612569332
        probability: 0.712612569332
        value: "studio"
    mood:
        all:
            Cluster1: 0.308985084295
            Cluster2: 0.0811911001801
            Cluster3: 0.074531391263
            Cluster4: 0.109038099647
            Cluster5: 0.426254332066
        probability: 0.426254332066
        value: "Cluster5"
    mood_acoustic:
        all:
            acoustic: 0.028909439221
            not_acoustic: 0.971090555191
        probability: 0.971090555191
        value: "not_acoustic"
    mood_aggressive:
        all:
            aggressive: 0.777221977711
            not_aggressive: 0.222778022289
        probability: 0.777221977711
        value: "aggressive"
    mood_electronic:
        all:
            electronic: 0.362228512764
            not_electronic: 0.637771487236
        probability: 0.637771487236
        value: "not_electronic"
    mood_happy:
        all:
            happy: 0.643570303917
            not_happy: 0.356429666281
        probability: 0.643570303917
        value: "happy"
    mood_party:
        all:
            not_party: 0.316317409277
            party: 0.683682560921
        probability: 0.683682560921
        value: "party"
    mood_relaxed:
        all:
            not_relaxed: 0.83636868
            relaxed: 0.163631349802
        probability: 0.83636868
        value: "not_relaxed"
    mood_sad:
        all:
            not_sad: 0.783998906612
            sad: 0.216001108289
        probability: 0.783998906612
        value: "not_sad"
    rhythm:
        all:
            fast: 0.99291664362
            medium: 0.0059363511391
            slow: 0.0011469819583
        probability: 0.99291664362
        value: "fast"
    speech_music:
        all:
            music: 0.937413334846
            speech: 0.0625866800547
        probability: 0.937413334846
        value: "music"
    timbre:
        all:
            bright: 0.00511816004291
            dark: 0.994881868362
        probability: 0.994881868362
        value: "dark"
    voice_instrumental:
        all:
            instrumental: 0.16156630218
            voice: 0.838433682919
        probability: 0.838433682919
        value: "voice"

lowlevel:
    average_loudness: 0.978563189507
    barkbands_kurtosis:
        dmean: 1.11819815636
        dmean2: 1.75493037701
        dvar: 3.26070022583
        dvar2: 6.95049858093
        max: 23.0887928009
        mean: 0.262894570827
        min: -1.7046790123
        var: 6.89323043823
    barkbands_skewness:
        dmean: 0.46133351326
        dmean2: 0.734234213829
        dvar: 0.173195526004
        dvar2: 0.4413177073
        max: 1.98390007019
        mean: 0.134982183576
        min: -2.38812923431
        var: 0.417976826429
    barkbands_spread:
        dmean: 6.3878698349
        dmean2: 9.65526103973
        dvar: 32.650592804
        dvar2: 67.0733108521
        max: 56.3738327026
        mean: 26.0396690369
        min: 2.08810019493
        var: 146.945968628
    dissonance:
        dmean: 0.0264753866941
        dmean2: 0.045733615756
        dvar: 0.000729311141185
        dvar2: 0.00197187601589
        max: 0.499219566584
        mean: 0.46244508028
        min: 0.265112370253
        var: 0.00131731410511
    hfc:
        dmean: 1.74858474731
        dmean2: 2.5550801754
        dvar: 4.18499279022
        dvar2: 7.97145605087
        max: 27.8559360504
        mean: 6.54405832291
        min: 2.03022977985e-06
        var: 22.7397708893
    pitch:
        dmean: 593.589050293
        dmean2: 1119.49072266
        dvar: 908122
        dvar2: 2245925.25
        max: 4009.09082031
        mean: 871.641906738
        min: 69.8890686035
        var: 1046771.125
    pitch_instantaneous_confidence:
        dmean: 0.100561022758
        dmean2: 0.154145181179
        dvar: 0.0101732006297
        dvar2: 0.0201829820871
        max: 0.932711243629
        mean: 0.447701126337
        min: 0.139232993126
        var: 0.042073007673
    pitch_salience:
        dmean: 0.0844347029924
        dmean2: 0.133032754064
        dvar: 0.00632219947875
        dvar2: 0.0129351913929
        max: 0.973904013634
        mean: 0.564738929272
        min: 0.19256003201
        var: 0.0227583087981
    silence_rate_20dB:
        dmean: 0
        dmean2: 0
        dvar: 0
        dvar2: 0
        max: 1
        mean: 1
        min: 1
        var: 0
    silence_rate_30dB:
        dmean: 0
        dmean2: 0
        dvar: 0
        dvar2: 0
        max: 1
        mean: 1
        min: 1
        var: 0
    silence_rate_60dB:
        dmean: 0.168981477618
        dmean2: 0.338747113943
        dvar: 0.140425831079
        dvar2: 0.265759646893
        max: 1
        mean: 0.371824473143
        min: 0
        var: 0.233570724726
    spectral_centroid:
        dmean: 238.717102051
        dmean2: 364.435455322
        dvar: 50384.9726562
        dvar2: 112909.375
        max: 3242.93798828
        mean: 1457.98461914
        min: 450.556091309
        var: 286141.375
    spectral_complexity:
        dmean: 3.82366585732
        dmean2: 5.62325572968
        dvar: 18.5443096161
        dvar2: 38.881313324
        max: 47
        mean: 11.0115737915
        min: 0
        var: 50.7984809875
    spectral_crest:
        dmean: 2.91874909401
        dmean2: 4.54667568207
        dvar: 9.70095062256
        dvar2: 18.6345558167
        max: 24.8525600433
        mean: 9.74469089508
        min: 2.45899152756
        var: 36.0174217224
    spectral_decrease:
        dmean: 2.77632944412e-10
        dmean2: 4.21752160973e-10
        dvar: 7.57718960719e-20
        dvar2: 1.47958300231e-19
        max: -4.62083101326e-16
        mean: -1.02411901182e-09
        min: -2.64553889906e-09
        var: 3.25891196017e-19
    spectral_energy:
        dmean: 0.00117820210289
        dmean2: 0.00178063288331
        dvar: 1.3846663478e-06
        dvar2: 2.64097911895e-06
        max: 0.0111638559029
        mean: 0.00445882463828
        min: 1.92816607125e-09
        var: 6.2164845076e-06
    spectral_energyband_high:
        dmean: 0.000110335262434
        dmean2: 0.000168673548615
        dvar: 2.88835977358e-08
        dvar2: 7.12280012749e-08
        max: 0.00246339850128
        mean: 0.000248403986916
        min: 3.56523456591e-11
        var: 1.17107390452e-07
    spectral_energyband_low:
        dmean: 0.000262965098955
        dmean2: 0.000431536580436
        dvar: 1.95131946157e-07
        dvar2: 5.09585845521e-07
        max: 0.00301848491654
        mean: 0.000324571010424
        min: 5.74052680391e-11
        var: 1.85726420909e-07
    spectral_energyband_middle_high:
        dmean: 0.000864067289513
        dmean2: 0.00125795963686
        dvar: 1.08731649107e-06
        dvar2: 2.0475583824e-06
        max: 0.0104059502482
        mean: 0.00302087212913
        min: 1.26540133927e-09
        var: 5.56196300749e-06
    spectral_energyband_middle_low:
        dmean: 0.000524000206497
        dmean2: 0.000872701464687
        dvar: 4.99375062191e-07
        dvar2: 1.20385914215e-06
        max: 0.00579975079745
        mean: 0.000864979578182
        min: 5.58902313319e-10
        var: 7.09605956217e-07
    spectral_flatness_db:
        dmean: 0.0209435336292
        dmean2: 0.0333820395172
        dvar: 0.000465992750833
        dvar2: 0.000908496323973
        max: 0.290864527225
        mean: 0.157677397132
        min: 0.087266035378
        var: 0.00193907599896
    spectral_flux:
        dmean: 0.00986699946225
        dmean2: 0.0143765239045
        dvar: 8.54410900502e-05
        dvar2: 0.000152876382344
        max: 0.0935364589095
        mean: 0.0418031737208
        min: 4.39108880528e-05
        var: 0.000227063428611
    spectral_kurtosis:
        dmean: 1.87720429897
        dmean2: 3.03807044029
        dvar: 5.52321100235
        dvar2: 14.4587898254
        max: 21.0377101898
        mean: 4.62847661972
        min: 0.375082969666
        var: 12.2218255997
    spectral_rms:
        dmean: 0.000286203168798
        dmean2: 0.000419948308263
        dvar: 7.82698421631e-08
        dvar2: 1.37413920243e-07
        max: 0.00330023723654
        mean: 0.0019982571248
        min: 1.37154574986e-06
        var: 3.57043717258e-07
    spectral_rolloff:
        dmean: 426.067504883
        dmean2: 677.845153809
        dvar: 223953.890625
        dvar2: 496681.375
        max: 5146.43554688
        mean: 2621.96679688
        min: 710.595703125
        var: 1107929.75
    spectral_skewness:
        dmean: 0.241441294551
        dmean2: 0.365714251995
        dvar: 0.0551876313984
        dvar2: 0.131845861673
        max: 3.47370624542
        mean: 1.55561888218
        min: 0.846358954906
        var: 0.222572788596
    spectral_spread:
        dmean: 543871.125
        dmean2: 772634.125
        dvar: 491568136192
        dvar2: 801899216896
        max: 12609702
        mean: 4356918.5
        min: 2074076.75
        var: 1.6595737641e+12
    spectral_strongpeak:
        dmean: 0.424988776445
        dmean2: 0.647428452969
        dvar: 0.181342318654
        dvar2: 0.443446815014
        max: 3.46844363213
        mean: 0.964989066124
        min: 1.50757750816e-05
        var: 0.807593822479
    zerocrossingrate:
        dmean: 0.00885023921728
        dmean2: 0.00991892255843
        dvar: 6.56636693748e-05
        dvar2: 7.75584921939e-05
        max: 0.16845703125
        mean: 0.0802510604262
        min: 0.03271484375
        var: 0.000794500519987
    barkbands:
        dmean: [2.20715747901e-07, 0.000149249768583, 0.000142671284266, 0.000123801277368, 0.00011407330021, 5.67569841223e-05, 0.000152269436512, 0.00011345162784, 0.000129098145408, 0.000428344035754, 0.000470840663183, 4.93565094075e-05, 5.28421442141e-05, 4.96052671224e-05, 6.33693634882e-05, 8.03092843853e-05, 0.000105562045064, 0.00011504261056, 0.00011624659237, 9.48255983531e-05, 4.79279697174e-05, 2.65233429673e-05, 5.82776510782e-06, 2.04784009838e-06, 1.0500003782e-06, 3.78838720394e-08, 3.38839650782e-10]
        dmean2: [3.49630880692e-07, 0.000249078759225, 0.000236610983848, 0.000208360521356, 0.000202516486752, 9.4377915957e-05, 0.000250189012149, 0.000202769297175, 0.000218712593778, 0.000587360293139, 0.000654509873129, 8.13952283352e-05, 8.59860301716e-05, 8.24252711027e-05, 9.99825278996e-05, 0.000132375542307, 0.000171153456904, 0.000190617574845, 0.000174238652107, 0.000148385457578, 7.4018156738e-05, 4.11344699387e-05, 8.86269390321e-06, 3.2220536923e-06, 1.67625637459e-06, 6.06562551297e-08, 5.04257136047e-10]
        dvar: [1.87610113534e-13, 4.87929305848e-08, 6.29577669997e-08, 2.95975635112e-08, 2.25647518448e-08, 1.04653823385e-08, 1.00686172289e-07, 8.90095819273e-08, 9.86507089351e-08, 7.91437400949e-07, 7.222580507e-07, 1.16909983916e-08, 9.77379954747e-09, 1.18816148031e-08, 8.86372752973e-09, 8.72172023492e-09, 1.75578609429e-08, 2.38569306532e-08, 2.38015367415e-08, 3.375990687e-08, 5.28789545484e-09, 1.61761337658e-09, 8.15198533677e-11, 1.57365804415e-11, 8.20224096976e-12, 1.55622229377e-14, 8.21098188073e-18]
        dvar2: [4.32658493451e-13, 1.3022361145e-07, 1.64425571825e-07, 7.22920958651e-08, 6.29753742487e-08, 2.94600166484e-08, 2.40753081471e-07, 2.39325061102e-07, 2.23794017984e-07, 1.51692802319e-06, 1.24828363823e-06, 3.35553558273e-08, 2.41984352556e-08, 2.72994444828e-08, 2.12077484463e-08, 2.14705107027e-08, 4.44260059851e-08, 6.02275420647e-08, 5.72797134168e-08, 8.17477356918e-08, 1.37895357355e-08, 3.76498565657e-09, 1.79309900261e-10, 4.05436378914e-11, 2.19233450838e-11, 4.17619836824e-14, 8.46441099526e-18]
        max: [2.6858772344e-06, 0.00137918198016, 0.0017810218269, 0.00151305878535, 0.00126839114819, 0.000825238472316, 0.00281808688305, 0.00209856894799, 0.00337377283722, 0.00688474904746, 0.00854917988181, 0.00127574440558, 0.00124102772679, 0.00104779168032, 0.000791088445112, 0.00090663973242, 0.0011849993607, 0.00145974569023, 0.00154464319348, 0.00347237312235, 0.000901058607269, 0.000629853631835, 0.000102119702206, 4.47458696726e-05, 4.34967514593e-05, 1.60662693816e-06, 5.95042592977e-08]
        mean: [2.24790511538e-07, 0.000176378234755, 0.000147970757098, 0.000136735048727, 0.00015241841902, 7.71346603869e-05, 0.00018491166702, 9.3728354841e-05, 0.000145612822962, 0.000852543045767, 0.00096116703935, 7.28056911612e-05, 7.67266901676e-05, 6.94927875884e-05, 0.000113884882012, 0.000159010451171, 0.000195472675841, 0.000236411680817, 0.000241427231231, 0.000196715598577, 9.38369121286e-05, 5.58561332582e-05, 1.18248362924e-05, 4.41990050604e-06, 2.06343656828e-06, 5.52982086788e-08, 3.30858035413e-10]
        min: [2.11638987585e-11, 2.95578422849e-11, 1.73170297546e-11, 1.56186175104e-11, 3.73236476447e-11, 4.60276539105e-11, 8.1368099758e-11, 1.30401550669e-10, 2.11851897136e-10, 2.9938418411e-10, 3.65679875269e-10, 3.25208027174e-10, 7.49434472813e-11, 3.60027112289e-11, 9.18437340069e-11, 8.90773496631e-11, 4.378817621e-12, 1.39514279036e-12, 3.33899184343e-12, 3.97072548453e-11, 3.10742599187e-12, 8.41859026067e-13, 6.8986163353e-13, 4.69935993331e-13, 5.21875674186e-13, 3.875231028e-13, 2.12813521281e-14]
        var: [1.95402775991e-13, 4.99944228238e-08, 5.62470781063e-08, 3.34492398224e-08, 2.47574334367e-08, 9.70444435922e-09, 1.25957669184e-07, 6.82361402937e-08, 1.38554909768e-07, 2.43994918492e-06, 2.72396846412e-06, 9.91645787707e-09, 1.42301699313e-08, 1.26127153166e-08, 1.63320112989e-08, 1.40688074524e-08, 2.83908647702e-08, 4.77151687051e-08, 6.25808525001e-08, 1.4458917974e-07, 1.47521355132e-08, 6.70397026781e-09, 2.92489032994e-10, 4.90797888442e-11, 1.39097865171e-11, 1.8205270665e-14, 8.19913251845e-18]
    mfcc:
        mean: [-715.971862793, 112.814796448, -53.584072113, 42.9908027649, -11.1288490295, 1.71424245834, 5.08411645889, 14.3933916092, 6.80329084396, -7.00438737869, -5.88346481323, -8.48470783234, -0.669670879841]
        cov: [[3490.72558594, -1396.36633301, 262.130462646, -33.7340087891, -208.590438843, -16.2413349152, -86.3929824829, -101.696708679, -150.523803711, -29.8219070435, 8.08919525146, -0.0609333701432, 17.6786594391], [-1396.36633301, 1374.82385254, -348.175170898, 54.8708992004, 146.233535767, -38.841796875, 1.79738342762, 96.0862579346, 83.7385101318, -9.22660541534, 46.5333747864, -0.618536710739, -46.7791099548], [262.130462646, -348.175170898, 268.091217041, 58.6610870361, 3.44322705269, 33.3496246338, -7.01698923111, -27.6837215424, -13.9225673676, 24.7425498962, 1.71842670441, 7.75684785843, -10.4456253052], [-33.7340087891, 54.8708992004, 58.6610870361, 185.7915802, 74.4847412109, 11.2556724548, -20.9178943634, -9.58870410919, -0.657024621964, 20.9052295685, 44.1694068909, 25.9042396545, -5.50519323349], [-208.590438843, 146.233535767, 3.44322705269, 74.4847412109, 126.816345215, 34.5788154602, 1.3125346899, -4.70744132996, 4.73739480972, 3.48739910126, 36.2210693359, 29.9590053558, 9.90251731873], [-16.2413349152, -38.841796875, 33.3496246338, 11.2556724548, 34.5788154602, 89.5935745239, 63.7349510193, 33.1007575989, 7.23337316513, -12.8330965042, -21.0974121094, -14.5955572128, 4.29720544815], [-86.3929824829, 1.79738342762, -7.01698923111, -20.9178943634, 1.3125346899, 63.7349510193, 127.395149231, 86.3212661743, 37.1574134827, -25.09674263, -50.9486160278, -42.505569458, -3.17206645012], [-101.696708679, 96.0862579346, -27.6837215424, -9.58870410919, -4.70744132996, 33.1007575989, 86.3212661743, 125.288330078, 77.9313583374, -2.62292122841, -45.7987976074, -59.953502655, -21.8509140015], [-150.523803711, 83.7385101318, -13.9225673676, -0.657024621964, 4.73739480972, 7.23337316513, 37.1574134827, 77.9313583374, 100.096801758, 35.3560180664, -14.6276845932, -46.0707015991, -25.0007019043], [-29.8219070435, -9.22660541534, 24.7425498962, 20.9052295685, 3.48739910126, -12.8330965042, -25.09674263, -2.62292122841, 35.3560180664, 72.5688247681, 39.337978363, 3.78454494476, -16.8479671478], [8.08919525146, 46.5333747864, 1.71842670441, 44.1694068909, 36.2210693359, -21.0974121094, -50.9486160278, -45.7987976074, -14.6276845932, 39.337978363, 94.9030990601, 59.3302459717, 9.57659244537], [-0.0609333701432, -0.618536710739, 7.75684785843, 25.9042396545, 29.9590053558, -14.5955572128, -42.505569458, -59.953502655, -46.0707015991, 3.78454494476, 59.3302459717, 91.6285247803, 42.3884887695], [17.6786594391, -46.7791099548, -10.4456253052, -5.50519323349, 9.90251731873, 4.29720544815, -3.17206645012, -21.8509140015, -25.0007019043, -16.8479671478, 9.57659244537, 42.3884887695, 66.8364105225]]
        icov: [[0.000617596961092, 0.000769565522205, 0.000318235717714, -0.000171908526681, 0.000363241852028, -0.000176324683707, 0.000949401292019, -0.00121851474978, 0.000738449569326, 0.000874471850693, -0.00116806896403, 0.000425845268182, 0.00040899409214], [0.000769565522205, 0.00267316121608, 0.00250061461702, -0.000475998385809, -0.00152974098455, 0.000454843364423, 0.00184692116454, -0.00299619836733, 0.000390401051845, 0.00190802232828, -0.00153679540381, -0.000681724166498, 0.00260407407768], [0.000318235717714, 0.00250061461702, 0.00785636994988, -0.00238795392215, -0.000682486803271, -0.00246030767448, 0.00137133698445, -0.000356765667675, -7.63319985708e-05, -0.00140599440783, 0.00193452974781, -0.0028450419195, 0.00404911814258], [-0.000171908526681, -0.000475998385809, -0.00238795392215, 0.00858388654888, -0.00460209138691, 0.000739178620279, 0.00109861593228, -0.00232223863713, 0.00169291661587, -0.000804101349786, -0.00196882523596, 0.000320637540426, 0.000482705043396], [0.000363241852028, -0.00152974098455, -0.000682486803271, -0.00460209138691, 0.0175997614861, -0.00906504783779, 0.00116388127208, 0.00372169329785, -0.0054479399696, 0.00464023230597, -0.00470091030002, -0.00220617256127, -0.0012006633915], [-0.000176324683707, 0.000454843364423, -0.00246030767448, 0.000739178620279, -0.00906504783779, 0.0249060411006, -0.012247283943, -0.000932377646677, 0.0051612239331, -0.0028841427993, 0.0015585195506, 0.00340190972202, -0.00228023482487], [0.000949401292019, 0.00184692116454, 0.00137133698445, 0.00109861593228, 0.00116388127208, -0.012247283943, 0.0261683724821, -0.01624895446, 0.00166726845782, 0.005403411109, -7.23112771084e-06, -0.000794317165855, 0.000381548481528], [-0.00121851474978, -0.00299619836733, -0.000356765667675, -0.00232223863713, 0.00372169329785, -0.000932377646677, -0.01624895446, 0.0366527661681, -0.0216787308455, 0.00361727690324, 0.00348821678199, 0.00279293674976, -0.000769879494328], [0.000738449569326, 0.000390401051845, -7.63319985708e-05, 0.00169291661587, -0.0054479399696, 0.0051612239331, 0.00166726845782, -0.0216787308455, 0.0370804406703, -0.018811089918, 0.000782768882345, 0.00904817692935, -0.00304980366491], [0.000874471850693, 0.00190802232828, -0.00140599440783, -0.000804101349786, 0.00464023230597, -0.0028841427993, 0.005403411109, 0.00361727690324, -0.018811089918, 0.0363058485091, -0.0175151657313, 0.000974426569883, 0.00576224597171], [-0.00116806896403, -0.00153679540381, 0.00193452974781, -0.00196882523596, -0.00470091030002, 0.0015585195506, -7.23112771084e-06, 0.00348821678199, 0.000782768882345, -0.0175151657313, 0.0348347313702, -0.0188084486872, 0.0039247837849], [0.000425845268182, -0.000681724166498, -0.0028450419195, 0.000320637540426, -0.00220617256127, 0.00340190972202, -0.000794317165855, 0.00279293674976, 0.00904817692935, 0.000974426569883, -0.0188084486872, 0.0389959402382, -0.0184310562909], [0.00040899409214, 0.00260407407768, 0.00404911814258, 0.000482705043396, -0.0012006633915, -0.00228023482487, 0.000381548481528, -0.000769879494328, -0.00304980366491, 0.00576224597171, 0.0039247837849, -0.0184310562909, 0.0288783926517]]
    spectral_contrast:
        mean: [4.71240610977e-07, 1.34821874553e-07, 2.35455370756e-08, -9.91686111007e-09, -7.23590233065e-07, 4.19302125465e-07, -2.90110438073e-06, 2.02635101232e-06, 5.22313303009e-06, -1.62422657013e-06, -1.51226095113e-06, -6.98284964074e-07]
        var: [0.000295865145745, 0.000491994898766, 0.000919084297493, 0.00256392918527, 0.00334930466488, 0.00915752071887, 0.0404673963785, 0.055200882256, 0.100705042481, 0.193266525865, 0.407733678818, 1.71555352211]

rhythm:
    beats_loudness:
        dmean: 0.00235183537006
        dmean2: 0.0046313079074
        dvar: 3.30324178321e-06
        dvar2: 1.08890253614e-05
        max: 0.0102916145697
        mean: 0.00594209879637
        min: 0.00358958751895
        var: 4.26300766776e-06
    beats_loudness_bass:
        dmean: 0.107352018356
        dmean2: 0.198302909732
        dvar: 0.0147540690377
        dvar2: 0.0420727357268
        max: 0.456998586655
        mean: 0.0984508097172
        min: 0.00498343585059
        var: 0.0125616453588
    bpm: 83.8222122192
    bpm_confidence: 0
    first_peak_bpm: 84
    first_peak_spread: 0
    first_peak_weight: 0.466666668653
    onset_rate: 4.48608398438
    second_peak_bpm: 115
    second_peak_spread: 0.125000059605
    second_peak_weight: 0.466666668653
    beats_position: [0.729566812515, 1.44537699223, 2.16118717194, 2.87699747086, 3.59280776978, 4.3086180687, 5.02442836761, 5.74023866653, 6.24873590469, 6.76960372925, 7.29047250748, 7.81134033203, 8.3322095871, 8.85307693481, 9.37394523621, 9.89481449127]
    bpm_estimates: [83.6162490845, 84.4801177979, 84.0600204468, 83.7020645142, 83.6783218384, 83.5839538574, 83.6347427368]
    bpm_intervals: [0.71581017971, 0.71581017971, 0.71581029892, 0.71581029892, 0.71581029892, 0.71581029892, 0.71581029892, 0.508497238159, 0.520867824554, 0.520868778229, 0.520867824554, 0.520869255066, 0.520867347717, 0.520868301392, 0.520869255066]
    onset_times: [0.0580498874187, 0.18575963378, 0.359909296036, 0.545668959618, 0.731428563595, 0.905578255653, 1.23065757751, 1.62539684772, 1.78793644905, 1.96208620071, 2.14784574509, 2.34521532059, 2.50775504112, 2.70512461662, 2.86766433716, 3.05342411995, 3.23918366432, 3.42494320869, 3.61070299149, 3.76163268089, 3.79646253586, 3.97061228752, 4.07510185242, 4.20281171799, 4.67882108688, 4.86458063126, 5.01551008224, 5.21287965775, 5.36380958557, 5.5727891922, 5.75854873657, 5.94430828094, 6.14167785645, 6.3042178154, 6.47836732864, 6.68734693527, 7.02403640747, 7.79029464722, 8.17342376709, 8.32435417175, 8.67265319824, 8.77714252472, 8.82358264923, 9.2067117691, 9.90331077576]
    rubato_start: [6.24873590469]
    rubato_stop: [6.76960372925]
    perceptual_tempo: "unknown"

sfx:
    inharmonicity:
        dmean: 0.0500804781914
        dmean2: 0.0889433845878
        dvar: 0.00250587030314
        dvar2: 0.00664690742269
        max: 0.348834842443
        mean: 0.0549121946096
        min: 7.71772010921e-06
        var: 0.00277374382131
    oddtoevenharmonicenergyratio:
        dmean: 15.0716905594
        dmean2: 27.2473182678
        dvar: 1471.70471191
        dvar2: 3900.38818359
        max: 361.499572754
        mean: 11.9360694885
        min: 0.000870392541401
        var: 1361.34082031
    pitch_after_max_to_before_max_energy_ratio: 2.6636800766
    pitch_centroid: 225.363296509
    pitch_max_to_total: 0.326388895512
    pitch_min_to_total: 0.488425940275
    tristimulus:
        dmean: [0.203100040555, 0.228669881821, 0.120766550303]
        dmean2: [0.361794829369, 0.397598981857, 0.209797173738]
        dvar: [0.036486312747, 0.0389385744929, 0.0131966173649]
        dvar2: [0.0951049178839, 0.101691834629, 0.0392089784145]
        max: [0.953973531723, 0.96406853199, 0.551571726799]
        mean: [0.307063519955, 0.52486872673, 0.132395774126]
        min: [0.0136124258861, 0, 0]
        var: [0.0486331507564, 0.0660038143396, 0.0165155809373]

tonal:
    chords_changes_rate: 0.0787037014961
    chords_number_rate: 0.0277777779847
    chords_strength:
        dmean: 0.0148610798642
        dmean2: 0.0198934506625
        dvar: 0.000119981981697
        dvar2: 0.000261138105998
        max: 0.777421355247
        mean: 0.626757144928
        min: 0.401602834463
        var: 0.00762422150001
    key_strength: 0.652349591255
    tuning_diatonic_strength: 0.649222552776
    tuning_equal_tempered_deviation: 0.313107460737
    tuning_frequency: 452.631469727
    tuning_nontempered_energy_ratio: 0.92908680439
    hpcp:
        dmean: [0.221262797713, 0.269380033016, 0.287365317345, 0.229631572962, 0.211161270738, 0.161982148886, 0.182837992907, 0.147118106484, 0.121172606945, 0.126723229885, 0.139702379704, 0.128175839782, 0.126317888498, 0.165658310056, 0.163097366691, 0.165591359138, 0.179927140474, 0.159239143133, 0.126109540462, 0.0934912711382, 0.099290445447, 0.111467368901, 0.112891018391, 0.111932165921, 0.106692932546, 0.141110748053, 0.164697378874, 0.182720497251, 0.195485845208, 0.194370806217, 0.181520491838, 0.183483332396, 0.187825575471, 0.194056123495, 0.191901236773, 0.18732970953]
        dmean2: [0.383561998606, 0.461400419474, 0.496770560741, 0.396043002605, 0.351588457823, 0.276285946369, 0.313763558865, 0.252961546183, 0.210582241416, 0.222489565611, 0.243444681168, 0.218460649252, 0.211515009403, 0.285661250353, 0.277286678553, 0.281938999891, 0.297983258963, 0.259861648083, 0.212357848883, 0.160418108106, 0.173114940524, 0.193270176649, 0.189244806767, 0.187208354473, 0.176716819406, 0.244465053082, 0.286535680294, 0.323666363955, 0.334315568209, 0.33963534236, 0.32073572278, 0.319181472063, 0.318622618914, 0.334158778191, 0.338662177324, 0.328854262829]
        dvar: [0.0689548924565, 0.073477357626, 0.0669229999185, 0.0625469982624, 0.0613623447716, 0.0481156669557, 0.0570395253599, 0.0418184772134, 0.030628208071, 0.0341814495623, 0.0405026227236, 0.0280401650816, 0.0242245029658, 0.054661873728, 0.0529797971249, 0.0475803725421, 0.0463801883161, 0.0384961813688, 0.0280705392361, 0.0161423813552, 0.0187170635909, 0.0247304122895, 0.0239627044648, 0.0225448235869, 0.0193598065525, 0.0380808003247, 0.0412477143109, 0.0512214265764, 0.0539566390216, 0.0527331568301, 0.0482709854841, 0.0529355742037, 0.0553953051567, 0.0543549619615, 0.0652119517326, 0.0547142326832]
        dvar2: [0.173251375556, 0.172498777509, 0.1614869982, 0.122113950551, 0.147630751133, 0.121889077127, 0.147736400366, 0.106011129916, 0.084384560585, 0.0961009040475, 0.115669190884, 0.0777279809117, 0.0672423765063, 0.137032434344, 0.139332443476, 0.109793879092, 0.101199701428, 0.0889169201255, 0.0732010602951, 0.0385280027986, 0.0474231094122, 0.0662327930331, 0.0608286112547, 0.0595637895167, 0.04811552912, 0.0973759293556, 0.108638525009, 0.136424854398, 0.146463274956, 0.141313955188, 0.126365914941, 0.143134593964, 0.139917850494, 0.14354044199, 0.165313243866, 0.135975897312]
        max: [1, 1, 1, 1, 1, 1, 1, 1, 1, 1, 1, 1, 1, 1, 1, 1, 1, 1, 1, 0.871593356133, 0.972879350185, 1, 1, 1, 1, 1, 1, 1, 1, 1, 1, 1, 1, 1, 1, 1]
        mean: [0.235801979899, 0.338646441698, 0.397408306599, 0.356962144375, 0.254341542721, 0.193726316094, 0.201468378305, 0.180328845978, 0.148016989231, 0.146217420697, 0.160764440894, 0.154245093465, 0.153428077698, 0.185519903898, 0.18963240087, 0.217366576195, 0.278197646141, 0.241435706615, 0.154298916459, 0.118422031403, 0.120698221028, 0.131339505315, 0.15234926343, 0.148718342185, 0.143941730261, 0.170768141747, 0.186019718647, 0.20912411809, 0.23046207428, 0.2181340307, 0.200024336576, 0.199208125472, 0.203588292003, 0.203872397542, 0.200347498059, 0.196754291654]
        min: [0.0014552497305, 0.00232823379338, 0.00582997407764, 0.00274768448435, 0.00318096904084, 0.00132386549376, 0.00202231435105, 0.00315469503403, 0.00174716534093, 0.00224306783639, 0.00242522801273, 0.00264659454115, 0.00130456825718, 0.00109566329047, 0.00141555164009, 0.00159061257727, 0.00586382951587, 0.00437199324369, 0.00219255010597, 0.000957480922807, 0.000894942786545, 0.00164760963526, 0.00185418175533, 0.00207339087501, 0.00292659271508, 0.00143898208626, 0.00179299886804, 0.00188759795856, 0.00153904897161, 0.00191538454965, 0.00152448017616, 0.000762490031775, 0.000708400271833, 0.00105022953358, 0.000867502414621, 0.00131116923876]
        var: [0.0708121284842, 0.0996092483401, 0.107783451676, 0.110028594732, 0.0886546075344, 0.0605468228459, 0.0676478073001, 0.0494495332241, 0.0315744802356, 0.0340184271336, 0.0405919030309, 0.0318751074374, 0.026611758396, 0.0575135163963, 0.0562858767807, 0.064841657877, 0.0862290784717, 0.0664609521627, 0.0355816408992, 0.0218154899776, 0.0222142376006, 0.0257492139935, 0.0299798734486, 0.0282249823213, 0.0308778751642, 0.0502480529249, 0.0565828718245, 0.0621820762753, 0.0597888194025, 0.0519192703068, 0.0490523651242, 0.0517182536423, 0.05869698897, 0.0575507581234, 0.0630801692605, 0.0558864101768]
    chords_histogram: [23.148147583, 7.87037038803, 0, 3.70370364189, 0, 0, 0, 56.944442749, 2.31481480598, 0, 0, 0, 0, 0, 0, 0, 0, 0, 0, 0, 0, 0, 6.01851844788, 0]
    thpcp: [1, 0.898225188255, 0.640000581741, 0.487474262714, 0.506955623627, 0.45376214385, 0.372455686331, 0.36792743206, 0.404532164335, 0.388127505779, 0.386071652174, 0.466824412346, 0.477172702551, 0.546960353851, 0.700029790401, 0.607525587082, 0.388262927532, 0.29798579216, 0.30371338129, 0.330490082502, 0.383357018232, 0.374220520258, 0.36220112443, 0.429704517126, 0.468082100153, 0.526219785213, 0.579912602901, 0.548891484737, 0.503322005272, 0.501268148422, 0.512290000916, 0.513004899025, 0.504135131836, 0.495093554258, 0.593349397182, 0.852137327194]
    chords_key: "D"
    chords_scale: "major"
    key_key: "D"
    key_scale: "minor"
    chords_progression: ["D", "D", "D", "D", "D", "D", "D", "D", "D", "D", "D", "D", "D", "D", "D", "D", "D", "D", "D", "D", "D", "D", "D", "D", "D", "D", "D", "D", "D", "D", "D", "D", "D", "D", "D", "D", "D", "D", "D", "D", "D", "D", "D", "Gm", "Gm", "D", "D", "D", "D", "D", "D", "D", "D", "D", "D", "Gm", "D", "D", "D", "D", "F#m", "F#m", "Gm", "F#m", "F#m", "F#m", "D", "D", "D", "D", "D", "D", "D", "D", "D", "D", "D", "D", "D", "D", "D", "D", "D", "D", "D", "D", "D", "D", "D", "D", "D", "D", "D", "D", "D", "D", "D", "D", "D", "D", "D", "D", "D", "D", "D", "D", "D", "D", "D", "D", "D", "D", "D", "D", "D", "D", "D", "D", "D", "D", "D", "D", "D", "D", "D", "D", "D", "D", "D", "D", "D", "Dm", "Dm", "Dm", "Dm", "Dm", "Dm", "Dm", "Dm", "Dm", "Dm", "Dm", "Dm", "Dm", "Dm", "Dm", "Dm", "Dm", "Dm", "Dm", "Dm", "Dm", "Dm", "Dm", "Dm", "Dm", "Dm", "Dm", "Dm", "Dm", "Dm", "Dm", "Dm", "Dm", "Dm", "Dm", "Dm", "Dm", "Dm", "Dm", "Dm", "Dm", "Dm", "Dm", "Dm", "Dm", "Dm", "Dm", "Dm", "Dm", "Dm", "D", "Gm", "Gm", "Gm", "Gm", "Gm", "F", "F", "F", "Gm", "Gm", "Gm", "Gm", "F", "F", "F", "F", "F", "F", "F", "F", "F", "F", "F", "F", "F", "C", "C", "F", "C", "C", "C", "C", "C", "C"]
