
metadata:
    version:
        essentia: "1.2.2"
    audio_properties:
        analysis_sample_rate: 44100
        bitrate: 128
        channels: 2
        equal_loudness: 1
        length: 9.95265293121
        replay_gain: -9.32663726807
        downmix: "mix"
    tags:
        track: 25
        year: 0
        album: "Splitted by Mp3Splt v. 2.1"
        artist: "From 004.00 To 004.10"
        comment: "http://mp3splt.sf.net"
        genre: ""
        title: "04 Like Dylan in the Movies.mp"

highlevel:
    ballroom:
        all:
            ChaChaCha: 0.221450045705
            Jive: 0.0102727571502
            Quickstep: 0.0300272610039
            Rumba-American: 0.00672554969788
            Rumba-International: 0.0379087515175
            Rumba-Misc: 0.0563556700945
            Samba: 0.0164865944535
            Tango: 0.46160146594
            VienneseWaltz: 0.0365511588752
            Waltz: 0.122620731592
        probability: 0.46160146594
        value: "Tango"
    culture:
        all:
            non_western: 0.979986667633
            western: 0.020013352856
        probability: 0.979986667633
        value: "non_western"
    gender:
        all:
            female: 0.805730760098
            male: 0.194269254804
        probability: 0.805730760098
        value: "female"
    genre_dortmund:
        all:
            alternative: 0.499662935734
            blues: 0.00318448827602
            electronic: 0.0764566063881
            folkcountry: 0.0468610599637
            funksoulrnb: 0.00344137335196
            jazz: 0.0315166711807
            pop: 0.0908724367619
            raphiphop: 0.00103044533171
            rock: 0.246973976493
        probability: 0.499662935734
        value: "alternative"
    genre_electronica:
        all:
            ambient: 0.946079671383
            dnb: 0.0312595330179
            house: 0.00980560388416
            techno: 0.00457224855199
            trance: 0.00828294362873
        probability: 0.946079671383
        value: "ambient"
    genre_rosamerica:
        all:
            cla: 0.286589890718
            dan: 0.0413048863411
            hip: 0.0207068156451
            jaz: 0.0766516402364
            pop: 0.179831117392
            rhy: 0.0620809718966
            roc: 0.325620681047
            spe: 0.00721397902817
        probability: 0.325620681047
        value: "roc"
    genre_tzanetakis:
        all:
            blu: 0.0325987376273
            cla: 0.43830871582
            cou: 0.064384251833
            dis: 0.0336158946157
            hip: 0.014589660801
            jaz: 0.0931932255626
            met: 0.016043484211
            pop: 0.0407740958035
            reg: 0.0296926964074
            roc: 0.236799225211
        probability: 0.43830871582
        value: "cla"
    live_studio:
        all:
            live: 0.103992141783
            studio: 0.896007835865
        probability: 0.896007835865
        value: "studio"
    mood:
        all:
            Cluster1: 0.0486573949456
            Cluster2: 0.070839188993
            Cluster3: 0.808688521385
            Cluster4: 0.0209493953735
            Cluster5: 0.0508654862642
        probability: 0.808688521385
        value: "Cluster3"
    mood_acoustic:
        all:
            acoustic: 0.556063055992
            not_acoustic: 0.44393697381
        probability: 0.556063055992
        value: "acoustic"
    mood_aggressive:
        all:
            aggressive: 0.0950232818723
            not_aggressive: 0.904976725578
        probability: 0.904976725578
        value: "not_aggressive"
    mood_electronic:
        all:
            electronic: 0.324094772339
            not_electronic: 0.675905227661
        probability: 0.675905227661
        value: "not_electronic"
    mood_happy:
        all:
            happy: 0.0415212623775
            not_happy: 0.958478748798
        probability: 0.958478748798
        value: "not_happy"
    mood_party:
        all:
            not_party: 0.934340894222
            party: 0.0656591206789
        probability: 0.934340894222
        value: "not_party"
    mood_relaxed:
        all:
            not_relaxed: 0.119977727532
            relaxed: 0.880022287369
        probability: 0.880022287369
        value: "relaxed"
    mood_sad:
        all:
            not_sad: 0.159314066172
            sad: 0.840685963631
        probability: 0.840685963631
        value: "sad"
    rhythm:
        all:
            fast: 0.128621459007
            medium: 0.159626215696
            slow: 0.711752355099
        probability: 0.711752355099
        value: "slow"
    speech_music:
        all:
            music: 0.990196883678
            speech: 0.00980312563479
        probability: 0.990196883678
        value: "music"
    timbre:
        all:
            bright: 0.118418157101
            dark: 0.881581842899
        probability: 0.881581842899
        value: "dark"
    voice_instrumental:
        all:
            instrumental: 0.995656609535
            voice: 0.00434337090701
        probability: 0.995656609535
        value: "instrumental"

lowlevel:
    average_loudness: 0.386739253998
    barkbands_kurtosis:
        dmean: 1.22629797459
        dmean2: 2.02069282532
        dvar: 1.66642653942
        dvar2: 4.14357662201
        max: 11.472661972
        mean: 2.16591644287
        min: -1.60015869141
        var: 6.6914563179
    barkbands_skewness:
        dmean: 0.301311284304
        dmean2: 0.477223396301
        dvar: 0.0745751559734
        dvar2: 0.182518556714
        max: 2.61875534058
        mean: 1.26887249947
        min: -0.00858833454549
        var: 0.26205521822
    barkbands_spread:
        dmean: 2.81250810623
        dmean2: 4.28073120117
        dvar: 15.9567146301
        dvar2: 34.0661201477
        max: 46.5635719299
        mean: 13.2422037125
        min: 2.42847633362
        var: 59.2748184204
    dissonance:
        dmean: 0.0209724027663
        dmean2: 0.0348901003599
        dvar: 0.000283536239294
        dvar2: 0.000775026681367
        max: 0.483739465475
        mean: 0.421053528786
        min: 0.294322103262
        var: 0.00108301616274
    hfc:
        dmean: 0.633190274239
        dmean2: 0.930888414383
        dvar: 2.53336763382
        dvar2: 6.11419725418
        max: 21.9185123444
        mean: 2.47222995758
        min: 0.00111356109846
        var: 9.44868946075
    pitch:
        dmean: 69.4392471313
        dmean2: 135.741699219
        dvar: 99905.3046875
        dvar2: 298775.96875
        max: 4410
        mean: 221.492080688
        min: 83.2075500488
        var: 55129.6992188
    pitch_instantaneous_confidence:
        dmean: 0.0625770762563
        dmean2: 0.100580446422
        dvar: 0.00250654178672
        dvar2: 0.00588559964672
        max: 0.684027791023
        mean: 0.462757825851
        min: 0.206372201443
        var: 0.0112062776461
    pitch_salience:
        dmean: 0.0427312217653
        dmean2: 0.0685232281685
        dvar: 0.0013649413595
        dvar2: 0.00383184314705
        max: 0.777545273304
        mean: 0.568404793739
        min: 0.409091114998
        var: 0.00463948491961
    silence_rate_20dB:
        dmean: 0
        dmean2: 0
        dvar: 0
        dvar2: 0
        max: 1
        mean: 1
        min: 1
        var: 0
    silence_rate_30dB:
        dmean: 0
        dmean2: 0
        dvar: 0
        dvar2: 0
        max: 1
        mean: 1
        min: 1
        var: 0
    silence_rate_60dB:
        dmean: 0.0100502511486
        dmean2: 0.0201511327177
        dvar: 0.00994930509478
        dvar2: 0.019745182246
        max: 1
        mean: 0.611528813839
        min: 0
        var: 0.237560898066
    spectral_centroid:
        dmean: 99.9671020508
        dmean2: 161.726501465
        dvar: 26094.3730469
        dvar2: 63932.7539062
        max: 1916.75671387
        mean: 576.639282227
        min: 166.424530029
        var: 90643.3046875
    spectral_complexity:
        dmean: 1.37808215618
        dmean2: 2.34065937996
        dvar: 5.42420864105
        dvar2: 14.1201705933
        max: 36
        mean: 7.3989071846
        min: 0
        var: 44.5295066833
    spectral_crest:
        dmean: 1.80532121658
        dmean2: 2.88203978539
        dvar: 1.98289561272
        dvar2: 4.61603736877
        max: 15.7132740021
        mean: 8.48770999908
        min: 3.94718194008
        var: 5.74412441254
    spectral_decrease:
        dmean: 1.65373562067e-10
        dmean2: 2.52697723857e-10
        dvar: 7.50223153406e-20
        dvar2: 1.75570028517e-19
        max: -8.84966687605e-13
        mean: -7.8982526075e-10
        min: -3.18120907394e-09
        var: 7.38948513636e-19
    spectral_energy:
        dmean: 0.000661269994453
        dmean2: 0.00100941257551
        dvar: 1.18960201689e-06
        dvar2: 2.74570516012e-06
        max: 0.0126200728118
        mean: 0.00320522114635
        min: 3.44107138517e-06
        var: 1.22058590932e-05
    spectral_energyband_high:
        dmean: 6.47793422104e-05
        dmean2: 0.000103387254057
        dvar: 4.8310177192e-08
        dvar2: 1.19316723612e-07
        max: 0.00252362946048
        mean: 8.31899378682e-05
        min: 4.13967138346e-10
        var: 5.29885362255e-08
    spectral_energyband_low:
        dmean: 7.70697224652e-05
        dmean2: 0.000114685382869
        dvar: 1.53627279786e-08
        dvar2: 3.95196444458e-08
        max: 0.0011528522009
        mean: 0.000144527613884
        min: 6.04154990924e-07
        var: 3.20809654397e-08
    spectral_energyband_middle_high:
        dmean: 0.000132193919853
        dmean2: 0.000204365438549
        dvar: 5.220047683e-08
        dvar2: 1.25213148294e-07
        max: 0.00287684448995
        mean: 0.000647615059279
        min: 8.38354594634e-08
        var: 5.19232628449e-07
    spectral_energyband_middle_low:
        dmean: 0.000600410625339
        dmean2: 0.000918533129152
        dvar: 1.06717163817e-06
        dvar2: 2.56775570051e-06
        max: 0.0108428858221
        mean: 0.00232988898642
        min: 2.29628744819e-06
        var: 7.03830437487e-06
    spectral_flatness_db:
        dmean: 0.0170598141849
        dmean2: 0.0253604408354
        dvar: 0.000243758302531
        dvar2: 0.000490723410621
        max: 0.367142319679
        mean: 0.22557015717
        min: 0.0898263975978
        var: 0.00504044443369
    spectral_flux:
        dmean: 0.00422571972013
        dmean2: 0.00680810259655
        dvar: 4.29982246715e-05
        dvar2: 9.12673422135e-05
        max: 0.107021838427
        mean: 0.0190869700164
        min: 0.000218868022785
        var: 0.000306876638206
    spectral_kurtosis:
        dmean: 5.90406799316
        dmean2: 9.89810371399
        dvar: 40.3863754272
        dvar2: 114.851196289
        max: 90.655128479
        mean: 22.2816791534
        min: 0.974942922592
        var: 460.20501709
    spectral_rms:
        dmean: 0.000143279525219
        dmean2: 0.000215972904698
        dvar: 3.88656289374e-08
        dvar2: 8.93572220662e-08
        max: 0.00350888399407
        mean: 0.00140256993473
        min: 5.79408551857e-05
        var: 1.15984073545e-06
    spectral_rolloff:
        dmean: 280.580352783
        dmean2: 491.299835205
        dvar: 259046.6875
        dvar2: 591263.625
        max: 4414.30664062
        mean: 1062.48266602
        min: 193.798828125
        var: 525307.4375
    spectral_skewness:
        dmean: 0.443673670292
        dmean2: 0.72412866354
        dvar: 0.147869870067
        dvar2: 0.409111440182
        max: 7.86336040497
        mean: 3.37639307976
        min: 1.08739900589
        var: 3.06922411919
    spectral_spread:
        dmean: 570819.4375
        dmean2: 789088.8125
        dvar: 787082510336
        dvar2: 1.49974954803e+12
        max: 9366975
        mean: 3066734.75
        min: 1159130.5
        var: 2.95283929907e+12
    spectral_strongpeak:
        dmean: 0.138992115855
        dmean2: 0.237383663654
        dvar: 0.0584825910628
        dvar2: 0.147967010736
        max: 2.29513692856
        mean: 0.344136297703
        min: 0.00301965279505
        var: 0.153013557196
    zerocrossingrate:
        dmean: 0.00498314434662
        dmean2: 0.00652606692165
        dvar: 3.75143827114e-05
        dvar2: 5.39090033271e-05
        max: 0.099609375
        mean: 0.037915173918
        min: 0.00830078125
        var: 0.00039545018808
    barkbands:
        dmean: [5.38665858585e-08, 3.85555867979e-05, 4.52855783806e-05, 0.000202127674129, 0.000279219355434, 0.000300027284538, 0.000119352727779, 8.51866207086e-05, 0.000111609653686, 2.8944656151e-05, 2.31273952522e-05, 4.09574167861e-05, 1.89182483155e-05, 4.81783026771e-05, 1.80641127372e-05, 3.04716377286e-05, 2.20205838559e-05, 1.71228766703e-05, 2.67185787379e-05, 3.10881441692e-05, 3.34809301421e-05, 1.05673707367e-05, 2.28113594858e-06, 2.48821265814e-06, 1.37953713875e-06, 1.39813707278e-07, 5.11569897554e-10]
        dmean2: [9.31849797325e-08, 5.83593646297e-05, 7.15543865226e-05, 0.000357012060704, 0.000467222300358, 0.000396122195525, 0.000173666805495, 0.000113519308798, 0.000156765818247, 4.24793179263e-05, 3.50469090336e-05, 6.40689759166e-05, 3.08252165269e-05, 8.00278212409e-05, 3.05341200146e-05, 5.1039034588e-05, 3.71152164007e-05, 2.47337939072e-05, 4.1863622755e-05, 4.72642204841e-05, 5.60812877666e-05, 1.62113756232e-05, 3.59486102752e-06, 3.58398187927e-06, 2.18293848775e-06, 2.43890667662e-07, 9.43720102065e-10]
        dvar: [1.92859610389e-14, 3.96623622834e-09, 5.98156724152e-09, 2.02214749834e-07, 2.78306117707e-07, 2.68483404398e-07, 5.79274335166e-08, 3.20813988708e-08, 3.98235755483e-08, 2.39617414799e-09, 1.95927807312e-09, 5.02778663147e-09, 7.88095533277e-10, 8.68028227075e-09, 7.77822972697e-10, 5.45636158478e-09, 2.20924500915e-09, 1.07859221554e-09, 4.67745486787e-09, 7.46265182983e-09, 1.37811273504e-08, 1.42878475717e-09, 6.84058643063e-11, 7.66584573597e-11, 3.2151250412e-11, 4.60688670371e-13, 4.40935449761e-18]
        dvar2: [5.88145187392e-14, 1.06520916532e-08, 1.47203840228e-08, 5.73570389406e-07, 7.51352899897e-07, 5.01947113207e-07, 9.69090265812e-08, 5.86389710122e-08, 7.96758570232e-08, 4.96940710804e-09, 4.52212045587e-09, 1.2600690269e-08, 2.30316099525e-09, 2.28504664079e-08, 1.98488936398e-09, 1.5775846407e-08, 6.24083007494e-09, 2.31240160353e-09, 1.09152402672e-08, 1.74141874254e-08, 3.48849127363e-08, 2.74676459355e-09, 1.68906805209e-10, 1.7145884712e-10, 7.94614027355e-11, 1.27292143839e-12, 1.25868128161e-17]
        max: [1.04665832623e-06, 0.000686548242811, 0.000772843312006, 0.00347103271633, 0.00464087305591, 0.00485831266269, 0.00409165723249, 0.00202274671756, 0.00392848625779, 0.00061083433684, 0.000575122132432, 0.000792312959675, 0.000313665019348, 0.00119406287558, 0.000292894546874, 0.00105772831012, 0.000490342150442, 0.000275083904853, 0.000633098126855, 0.00101856573019, 0.00107917701825, 0.000569567375351, 9.43513223319e-05, 0.000120095297461, 7.03503974364e-05, 8.07510514278e-06, 2.10891979435e-08]
        mean: [5.07171229458e-08, 5.45637158211e-05, 8.99151636986e-05, 0.000256246567005, 0.000546242401469, 0.000681201927364, 0.000289225805318, 0.000220874251681, 0.000318958249409, 6.26659457339e-05, 4.79882837681e-05, 0.000109778738988, 4.3589494453e-05, 0.000158378345077, 3.56250675395e-05, 7.62509298511e-05, 3.34193973686e-05, 3.62738319382e-05, 3.86335996154e-05, 4.69145234092e-05, 3.55876800313e-05, 1.62676478794e-05, 2.266536967e-06, 2.92948470815e-06, 1.27282828544e-06, 1.02206129782e-07, 3.68381380955e-10]
        min: [1.42513119361e-11, 5.4124802773e-07, 4.3016367357e-08, 3.452210251e-07, 4.13210159422e-07, 9.91594362176e-08, 1.49975946329e-07, 3.80326667937e-08, 2.47958325872e-07, 4.91674470027e-08, 7.9690432031e-09, 3.54631457533e-09, 1.33342803466e-09, 8.92161367005e-09, 2.12379558384e-09, 1.08784647956e-09, 1.30034150114e-10, 1.92076021754e-10, 1.71336861365e-10, 1.75584588535e-10, 1.53437790251e-10, 6.35421298911e-11, 2.76529025373e-11, 1.97531227486e-11, 1.61417754163e-11, 1.01297616129e-12, 8.19568327456e-16]
        var: [1.64228931154e-14, 4.41704450793e-09, 1.56758019898e-08, 2.1801145067e-07, 6.78763967699e-07, 1.00353611288e-06, 3.00040881029e-07, 1.54252319362e-07, 3.4649195868e-07, 8.80103190326e-09, 5.6529958492e-09, 2.7825175053e-08, 2.42479414325e-09, 6.3861534727e-08, 2.00398653227e-09, 1.72334591042e-08, 2.82689693876e-09, 2.99144575777e-09, 5.88367177201e-09, 1.0068616163e-08, 1.24779662158e-08, 4.24831414492e-09, 6.11764458536e-11, 1.19450629943e-10, 3.03982811145e-11, 3.20053987653e-13, 2.70173359441e-18]
    mfcc:
        mean: [-874.938293457, 195.030654907, -27.3510417938, 37.1695213318, -7.23816299438, 1.2924656868, -5.62153530121, -15.882183075, -0.989838480949, 1.5134677887, -3.42271089554, -4.22784137726, -5.56822776794]
        cov: [[36961.609375, -8554.42285156, -3591.9609375, 208.954666138, -1336.52197266, -1010.9130249, -450.183135986, -721.944519043, -1684.64147949, -1311.06555176, -394.04864502, 412.728027344, -124.902496338], [-8554.42285156, 2441.765625, 592.963439941, 34.6490745544, 365.38772583, 245.80430603, 120.134223938, 108.704353333, 334.614532471, 291.680541992, 121.326820374, -63.8387031555, 40.2703018188], [-3591.9609375, 592.963439941, 695.454956055, -172.829879761, 120.262145996, 74.1430358887, 72.7685089111, 94.5138168335, 194.969604492, 150.419464111, 48.6031951904, -83.2227706909, -5.49590349197], [208.954666138, 34.6490745544, -172.829879761, 195.497039795, 27.276714325, 33.2009468079, -8.72486019135, -7.42459058762, -29.4814910889, -35.9647598267, -8.82149410248, 34.4438552856, 22.9478855133], [-1336.52197266, 365.38772583, 120.262145996, 27.276714325, 134.858901978, 53.6314353943, 36.0924034119, 16.1751022339, 39.3204689026, 44.630443573, 22.0845966339, 2.88678956032, 0.44285517931], [-1010.9130249, 245.80430603, 74.1430358887, 33.2009468079, 53.6314353943, 96.5134277344, 15.512761116, 26.1619186401, 40.680065155, 29.198261261, 24.0510616302, 0.741568386555, 7.72372531891], [-450.183135986, 120.134223938, 72.7685089111, -8.72486019135, 36.0924034119, 15.512761116, 66.5389099121, 8.07235622406, 12.3954019547, 6.17854690552, 0.960613250732, 0.285601228476, -0.679628372192], [-721.944519043, 108.704353333, 94.5138168335, -7.42459058762, 16.1751022339, 26.1619186401, 8.07235622406, 82.1664886475, 62.612487793, 40.1960258484, 1.96296000481, -15.7693519592, 13.841925621], [-1684.64147949, 334.614532471, 194.969604492, -29.4814910889, 39.3204689026, 40.680065155, 12.3954019547, 62.612487793, 153.88760376, 93.2506637573, 7.12340736389, -39.5844993591, -1.60353386402], [-1311.06555176, 291.680541992, 150.419464111, -35.9647598267, 44.630443573, 29.198261261, 6.17854690552, 40.1960258484, 93.2506637573, 103.705482483, 23.0700950623, -21.286655426, -5.73917961121], [-394.04864502, 121.326820374, 48.6031951904, -8.82149410248, 22.0845966339, 24.0510616302, 0.960613250732, 1.96296000481, 7.12340736389, 23.0700950623, 64.2271957397, 13.7784500122, -2.47434473038], [412.728027344, -63.8387031555, -83.2227706909, 34.4438552856, 2.88678956032, 0.741568386555, 0.285601228476, -15.7693519592, -39.5844993591, -21.286655426, 13.7784500122, 61.0996780396, 4.53322267532], [-124.902496338, 40.2703018188, -5.49590349197, 22.9478855133, 0.44285517931, 7.72372531891, -0.679628372192, 13.841925621, -1.60353386402, -5.73917961121, -2.47434473038, 4.53322267532, 43.5451583862]]
        icov: [[0.000550062279217, 0.00148497370537, 0.00160434516147, 0.000467814534204, -0.000278697058093, 0.000641016697045, -0.000862160988618, 0.000586887472309, 0.000798341236077, -1.50758046402e-06, -0.000971180328634, 0.000672277587, -0.000246423180215], [0.00148497370537, 0.00520441960543, 0.00449881749228, 0.00112136243843, -0.00264593702741, 0.000892699055839, -0.00321801169775, 0.00277224206366, 0.00071391381789, -0.00138464558404, -0.00368749443442, 0.00272860378027, -0.00228942371905], [0.00160434516147, 0.00449881749228, 0.00905762333423, 0.00473264511675, -0.00357859279029, 0.000920977327041, -0.00479487050325, 0.000991169712506, -0.000552066368982, -0.000237138767261, -0.00490308180451, 0.0048013725318, -0.00225644442253], [0.000467814534204, 0.00112136243843, 0.00473264511675, 0.0107301613316, -0.00432909838855, -0.00299490103498, 0.000399357988499, 2.26244537771e-05, -0.00181597576011, 0.00341615779325, 0.000324412598275, -0.00113435799722, -0.00365837640129], [-0.000278697058093, -0.00264593702741, -0.00357859279029, -0.00432909838855, 0.0174340549856, -0.00257667806, -0.00300716026686, -0.000429017731221, 0.00434387754649, -0.00370521424338, 0.00217775767669, -0.00346965692006, 0.0040030204691], [0.000641016697045, 0.000892699055839, 0.000920977327041, -0.00299490103498, -0.00257667806, 0.0184557251632, -0.00126526353415, -0.00241932086647, -0.000737589085475, 0.00211145426147, -0.00553549639881, 0.000322368898196, 0.000112596680992], [-0.000862160988618, -0.00321801169775, -0.00479487050325, 0.000399357988499, -0.00300716026686, -0.00126526353415, 0.0221153888851, -0.00254172319546, -0.000319921236951, 0.00487382849678, 0.00512764742598, -0.00474839936942, 0.00251179328188], [0.000586887472309, 0.00277224206366, 0.000991169712506, 2.26244537771e-05, -0.000429017731221, -0.00241932086647, -0.00254172319546, 0.0218672640622, -0.00628807675093, -0.00366403860971, -0.000554221973289, 0.00135856657289, -0.00821182411164], [0.000798341236077, 0.00071391381789, -0.000552066368982, -0.00181597576011, 0.00434387754649, -0.000737589085475, -0.000319921236951, -0.00628807675093, 0.0241766702384, -0.0125142494217, 0.00379633763805, 0.00398449040949, 0.00363935576752], [-1.50758046402e-06, -0.00138464558404, -0.000237138767261, 0.00341615779325, -0.00370521424338, 0.00211145426147, 0.00487382849678, -0.00366403860971, -0.0125142494217, 0.0294163208455, -0.00493402639404, -0.00152120937128, 0.00364410784096], [-0.000971180328634, -0.00368749443442, -0.00490308180451, 0.000324412598275, 0.00217775767669, -0.00553549639881, 0.00512764742598, -0.000554221973289, 0.00379633763805, -0.00493402639404, 0.0250982772559, -0.00949501153082, 0.00295472401194], [0.000672277587, 0.00272860378027, 0.0048013725318, -0.00113435799722, -0.00346965692006, 0.000322368898196, -0.00474839936942, 0.00135856657289, 0.00398449040949, -0.00152120937128, -0.00949501153082, 0.0268264450133, -0.00330518069677], [-0.000246423180215, -0.00228942371905, -0.00225644442253, -0.00365837640129, 0.0040030204691, 0.000112596680992, 0.00251179328188, -0.00821182411164, 0.00363935576752, 0.00364410784096, 0.00295472401194, -0.00330518069677, 0.0297333616763]]
    spectral_contrast:
        mean: [-7.09637291152e-08, 3.1511274301e-07, 5.2540844564e-08, 1.62625212852e-07, -3.98412680624e-07, 8.26078050409e-08, -3.32222612087e-06, 8.07716219242e-07, -1.12809118491e-06, -1.27962698571e-06, -3.38215636475e-06, 2.41675661528e-06]
        var: [0.0002846159623, 0.000437780778157, 0.00073267047992, 0.00125887349714, 0.00151577719953, 0.00216794246808, 0.032075330615, 0.0671358704567, 0.124291911721, 0.162468224764, 0.411742568016, 16.6889228821]

rhythm:
    beats_loudness:
        dmean: 0.000862311630044
        dmean2: 0.0013497963082
        dvar: 1.82215762834e-06
        dvar2: 4.3185841605e-06
        max: 0.0116594033316
        mean: 0.00356283877045
        min: 4.59490138383e-06
        var: 1.64159318956e-05
    beats_loudness_bass:
        dmean: 0.0982777252793
        dmean2: 0.157392755151
        dvar: 0.00533941015601
        dvar2: 0.0167109984905
        max: 0.575972437859
        mean: 0.208352103829
        min: 0.0261596813798
        var: 0.0244986508042
    bpm: 161.576049805
    bpm_confidence: 0
    first_peak_bpm: 162
    first_peak_spread: 0
    first_peak_weight: 0.652173936367
    onset_rate: 1.7080873251
    second_peak_bpm: 199
    second_peak_spread: 0.125
    second_peak_weight: 0.304347813129
    beats_position: [0.269786447287, 0.641129672527, 1.01247298717, 1.38381624222, 1.75515937805, 2.12650251389, 2.49784564972, 2.86918902397, 3.24053215981, 3.61187529564, 3.98321843147, 4.35456180573, 4.72590494156, 5.09724807739, 5.46859121323, 5.83993434906, 6.14412689209, 6.44495820999, 6.74578857422, 7.04661989212, 7.34745073318, 7.64828157425, 7.94911289215, 8.24994277954]
    bpm_estimates: [161.630065918, 161.955612183, 161.401351929, 161.777832031, 161.101730347, 161.589630127]
    bpm_intervals: [0.371343225241, 0.371343314648, 0.371343255043, 0.371343135834, 0.371343135834, 0.371343135834, 0.371343374252, 0.371343135834, 0.371343135834, 0.371343135834, 0.371343374252, 0.371343135834, 0.371343135834, 0.371343135834, 0.371343135834, 0.30419254303, 0.300831317902, 0.300830364227, 0.300831317902, 0.300830841064, 0.300830841064, 0.300831317902, 0.30082988739]
    onset_times: [0.0580498874187, 0.267029464245, 0.638548731804, 1.01006805897, 1.18421769142, 1.35836732388, 1.59056687355, 1.75310659409, 2.13623571396, 2.50775504112, 2.86766433716, 3.08825397491, 3.1811337471, 3.30884361267, 4.26086187363, 5.23609972, 5.47990942001]
    rubato_start: [6.14412689209]
    rubato_stop: [6.44495820999]
    perceptual_tempo: "unknown"

sfx:
    inharmonicity:
        dmean: 0.0222417339683
        dmean2: 0.0402392148972
        dvar: 0.00161194836255
        dvar2: 0.00427789799869
        max: 0.247239798307
        mean: 0.0213450007141
        min: 1.1303516203e-06
        var: 0.00159773929045
    oddtoevenharmonicenergyratio:
        dmean: 1.66741943359
        dmean2: 3.03518247604
        dvar: 53.0488319397
        dvar2: 148.714569092
        max: 76.4037246704
        mean: 1.1291885376
        min: 3.21954030369e-05
        var: 33.469203949
    pitch_after_max_to_before_max_energy_ratio: 1.63034784794
    pitch_centroid: 173.71875
    pitch_max_to_total: 0.155737698078
    pitch_min_to_total: 0.685792326927
    tristimulus:
        dmean: [0.171930253506, 0.180261015892, 0.0327185317874]
        dmean2: [0.307350605726, 0.326850354671, 0.05705608055]
        dvar: [0.0295518189669, 0.0344082005322, 0.0017886973219]
        dvar2: [0.0870596915483, 0.105286955833, 0.00437810225412]
        max: [0.989667832851, 0.921405375004, 0.352196842432]
        mean: [0.626763284206, 0.324355840683, 0.0331352502108]
        min: [0.0149156851694, 0, 0]
        var: [0.0677782297134, 0.0607259199023, 0.00241915392689]

tonal:
    chords_changes_rate: 0.0271739121526
    chords_number_rate: 0.0163043476641
    chords_strength:
        dmean: 0.00564772821963
        dmean2: 0.00428917165846
        dvar: 2.08116234717e-05
        dvar2: 1.55507568707e-05
        max: 0.559117257595
        mean: 0.41044741869
        min: 0.293702960014
        var: 0.00704567600042
    key_strength: 0.471357285976
    tuning_diatonic_strength: 0.379221796989
    tuning_equal_tempered_deviation: 0.0240652132779
    tuning_frequency: 440.763122559
    tuning_nontempered_energy_ratio: 0.598647594452
    hpcp:
        dmean: [0.0236241016537, 0.0177989471704, 0.0151189081371, 0.0178056210279, 0.014026498422, 0.0159444659948, 0.0270113181323, 0.0231074225157, 0.0488584041595, 0.084045112133, 0.0597929134965, 0.0509475395083, 0.070649638772, 0.0400615595281, 0.00943260919303, 0.00532438326627, 0.0113573921844, 0.0662873610854, 0.109209924936, 0.125832378864, 0.156713739038, 0.0963193550706, 0.229272022843, 0.251037865877, 0.128200903535, 0.0723629593849, 0.140520885587, 0.169988140464, 0.176624029875, 0.0884552747011, 0.0549150593579, 0.0427991300821, 0.0817568078637, 0.123439103365, 0.0912417918444, 0.0341847613454]
        dmean2: [0.0419747680426, 0.0308601036668, 0.0271681305021, 0.0314919985831, 0.0245215371251, 0.0261785406619, 0.0405218936503, 0.0348574258387, 0.0805741325021, 0.147441923618, 0.101387046278, 0.0854973271489, 0.114833623171, 0.0671429336071, 0.0163167640567, 0.00925813708454, 0.0203799512237, 0.110718682408, 0.18455144763, 0.233373910189, 0.280800640583, 0.171982944012, 0.432851105928, 0.495329260826, 0.251919239759, 0.132301062346, 0.248698100448, 0.296523094177, 0.301677763462, 0.162154093385, 0.104023516178, 0.0774867981672, 0.12759898603, 0.198440641165, 0.142415434122, 0.0605395287275]
        dvar: [0.00502306548879, 0.00111390452366, 0.000580372405238, 0.000915647950023, 0.000521330628544, 0.000538394553587, 0.00195596902631, 0.00126915762667, 0.00834088213742, 0.0318046361208, 0.0150693506002, 0.0042066317983, 0.0100989118218, 0.00285025546327, 0.000154179200763, 5.48087518837e-05, 0.000439677329268, 0.0112673100084, 0.0264158491045, 0.0209092907608, 0.0287281256169, 0.0135879060254, 0.0763291195035, 0.0875748097897, 0.0364451818168, 0.0139619885013, 0.0209150034934, 0.0442911200225, 0.0354356691241, 0.0256804190576, 0.0110529344529, 0.0103709278628, 0.0111903334036, 0.0208636652678, 0.0135054644197, 0.00659787282348]
        dvar2: [0.0146764488891, 0.0031383568421, 0.00176432530861, 0.00281955162063, 0.00157630851027, 0.00136531493627, 0.00370165146887, 0.00235898373649, 0.0204205941409, 0.0809508413076, 0.0394489020109, 0.00955909397453, 0.0212035812438, 0.00656682951376, 0.000423917314038, 0.000147712431499, 0.00131207343657, 0.0301752109081, 0.0700509250164, 0.0690916180611, 0.0945495143533, 0.0346863307059, 0.296084105968, 0.344866663218, 0.129140555859, 0.0390476435423, 0.0582995638251, 0.128245830536, 0.0959315001965, 0.0844608843327, 0.0358694456518, 0.0300905685872, 0.0264408830553, 0.0503490157425, 0.0333104431629, 0.0161949526519]
        max: [0.500229775906, 0.256380945444, 0.186607658863, 0.252370744944, 0.202412769198, 0.218366727233, 0.56524425745, 0.405684292316, 0.829688251019, 1, 0.964802384377, 0.578033328056, 1, 0.481457859278, 0.0922554805875, 0.0434577763081, 0.162055268884, 0.727916240692, 1, 0.665499985218, 1, 1, 1, 0.888149380684, 1, 0.764152526855, 1, 1, 1, 0.93752592802, 0.609590232372, 0.689512848854, 1, 1, 1, 0.648001909256]
        mean: [0.0270011629909, 0.0210558474064, 0.0205398183316, 0.0270912647247, 0.0230053178966, 0.0278651379049, 0.0435688383877, 0.0358071438968, 0.0736923962831, 0.137965664268, 0.0916375145316, 0.102756783366, 0.153812065721, 0.0757033601403, 0.0123847518116, 0.00653614988551, 0.01202917099, 0.129527717829, 0.221164137125, 0.144314527512, 0.244098931551, 0.411530584097, 0.31649813056, 0.15932841599, 0.0784395709634, 0.0561401546001, 0.360404103994, 0.684163868427, 0.418344736099, 0.0957426428795, 0.0550771318376, 0.0441998913884, 0.221264630556, 0.376760363579, 0.201012417674, 0.0374852456152]
        min: [0.000259532680502, 0.000641926890239, 0.000434840359958, 0.000226305186516, 0.000582829059567, 0.000815948995296, 0.000944738392718, 0.000244624068728, 0.000299550709315, 0.000315684475936, 0.000254930841038, 0.00120411661919, 0.00469896756113, 0.00155995297246, 1.7292364646e-05, 0, 0, 0.000215358639252, 0.000504587311298, 0.000378031632863, 0.00210084603168, 0.0043154428713, 0.00425137626007, 0.000644078361802, 0, 0, 0.0355178676546, 0.0311118643731, 0.0119689162821, 0.000360199308489, 0.000356942007784, 0.00065183773404, 0.016406159848, 0.0216349624097, 0.00985808111727, 1.46981847138e-05]
        var: [0.00456804316491, 0.00147346791346, 0.000690623011906, 0.0014184685424, 0.000626932247542, 0.00082465930609, 0.00468550482765, 0.00316183129326, 0.015487568453, 0.0586698278785, 0.0262353532016, 0.00924220215529, 0.0257536619902, 0.00622745556757, 0.000211986596696, 6.26756373094e-05, 0.000437774491729, 0.0407721102238, 0.10441506654, 0.0286282971501, 0.0664463564754, 0.159136176109, 0.0961049720645, 0.063980601728, 0.0232427231967, 0.01075355988, 0.0484985485673, 0.10511918366, 0.0559699162841, 0.0272347182035, 0.011948495172, 0.0078036650084, 0.0352745391428, 0.0967012420297, 0.0413616597652, 0.00712689943612]
    chords_histogram: [0, 0, 0, 0, 0, 0, 35.3260879517, 0, 0, 0, 0, 0, 0, 0, 0, 0, 0, 0, 0, 5.43478250504, 0, 59.2391319275, 0, 0]
    thpcp: [1, 0.611468613148, 0.139941096306, 0.0805028378963, 0.0646042451262, 0.323408812284, 0.55068731308, 0.293807417154, 0.0547898635268, 0.0394659303129, 0.0307760294527, 0.0300217811018, 0.0395976267755, 0.0336254499853, 0.0407287478447, 0.0636818781495, 0.0523370876908, 0.107711613178, 0.201655879617, 0.133940890431, 0.150193229318, 0.224817574024, 0.110650919378, 0.0181020256132, 0.00955348554999, 0.0175822954625, 0.189322650433, 0.32326194644, 0.210935622454, 0.356784313917, 0.601508796215, 0.4626057446, 0.232880488038, 0.114650271833, 0.0820565894246, 0.526780366898]
    chords_key: "C#"
    chords_scale: "minor"
    key_key: "B"
    key_scale: "major"
    chords_progression: ["G#", "G#", "G#", "G#", "G#", "G#", "G#", "G#", "G#", "G#", "G#", "G#", "G#", "G#", "G#", "G#", "G#", "G#", "G#", "G#", "G#", "G#", "G#", "G#", "G#", "G#", "G#", "G#", "G#", "G#", "G#", "G#", "G#", "G#", "G#", "G#", "G#", "G#", "G#", "G#", "G#", "G#", "G#", "G#", "G#", "G#", "G#", "G#", "G#", "G#", "G#", "G#", "G#", "G#", "G#", "G#", "G#", "G#", "G#", "G#", "G#", "G#", "G#", "G#", "G#", "C#m", "C#m", "C#m", "C#m", "C#m", "C#m", "C#m", "C#m", "C#m", "C#m", "C#m", "C#m", "C#m", "C#m", "C#m", "C#m", "C#m", "C#m", "C#m", "C#m", "C#m", "C#m", "C#m", "C#m", "C#m", "C#m", "C#m", "C#m", "C#m", "C#m", "C#m", "C#m", "C#m", "C#m", "C#m", "C#m", "C#m", "C#m", "C#m", "C#m", "C#m", "C#m", "C#m", "C#m", "C#m", "C#m", "C#m", "C#m", "C#m", "C#m", "C#m", "C#m", "C#m", "C#m", "C#m", "C#m", "C#m", "C#m", "C#m", "C#m", "C#m", "C#m", "C#m", "C#m", "F#m", "F#m", "C#m", "C#m", "C#m", "C#m", "C#m", "C#m", "C#m", "C#m", "C#m", "C#m", "C#m", "C#m", "C#m", "C#m", "C#m", "F#m", "F#m", "F#m", "F#m", "F#m", "F#m", "F#m", "F#m", "C#m", "C#m", "C#m", "C#m", "C#m", "C#m", "C#m", "C#m", "C#m", "C#m", "C#m", "C#m", "C#m", "C#m", "C#m", "C#m", "C#m", "C#m", "C#m", "C#m", "C#m", "C#m", "C#m", "C#m", "C#m", "C#m", "C#m", "C#m", "C#m", "C#m"]
