
metadata:
    version:
        essentia: "1.2.2"
    audio_properties:
        analysis_sample_rate: 44100
        bitrate: 128
        channels: 2
        equal_loudness: 1
        length: 10.0048980713
        replay_gain: -15.3225364685
        downmix: "mix"
    tags:
        track: 21
        year: 0
        album: "Splitted by Mp3Splt v. 2.1"
        artist: "From 003.20 To 003.30"
        comment: "http://mp3splt.sf.net"
        genre: ""
        title: "01 Crystal.mp3"

highlevel:
    ballroom:
        all:
            ChaChaCha: 0.0709792897105
            Jive: 0.867838382721
            Quickstep: 0.0148405162618
            Rumba-American: 0.000573149591219
            Rumba-International: 0.000697171606589
            Rumba-Misc: 0.000468067650218
            Samba: 0.0383432582021
            Tango: 0.000386099214666
            VienneseWaltz: 0.00523182656616
            Waltz: 0.000642236554995
        probability: 0.867838382721
        value: "Jive"
    culture:
        all:
            non_western: 0.0257992614061
            western: 0.974200725555
        probability: 0.974200725555
        value: "western"
    gender:
        all:
            female: 0.178329631686
            male: 0.821670353413
        probability: 0.821670353413
        value: "male"
    genre_dortmund:
        all:
            alternative: 0.185344144702
            blues: 0.00201757950708
            electronic: 0.0169663354754
            folkcountry: 0.0180444810539
            funksoulrnb: 0.00474819727242
            jazz: 0.00192100380082
            pop: 0.0718869864941
            raphiphop: 0.00200708862394
            rock: 0.697064161301
        probability: 0.697064161301
        value: "rock"
    genre_electronica:
        all:
            ambient: 0.0979923978448
            dnb: 0.0493780001998
            house: 0.00160579686053
            techno: 0.00378108560108
            trance: 0.847242712975
        probability: 0.847242712975
        value: "trance"
    genre_rosamerica:
        all:
            cla: 0.00129690673202
            dan: 0.0027000377886
            hip: 0.00103723211214
            jaz: 0.000709069834556
            pop: 0.00587857048959
            rhy: 0.00140512385406
            roc: 0.986268520355
            spe: 0.00070456659887
        probability: 0.986268520355
        value: "roc"
    genre_tzanetakis:
        all:
            blu: 0.00540135940537
            cla: 0.00968306325376
            cou: 0.274738430977
            dis: 0.0311736688018
            hip: 0.00811135210097
            jaz: 0.0332199186087
            met: 0.150035873055
            pop: 0.208716332912
            reg: 0.0096676107496
            roc: 0.269252389669
        probability: 0.274738430977
        value: "cou"
    live_studio:
        all:
            live: 0.354669600725
            studio: 0.645330369473
        probability: 0.645330369473
        value: "studio"
    mood:
        all:
            Cluster1: 0.497441917658
            Cluster2: 0.0953129306436
            Cluster3: 0.11847691983
            Cluster4: 0.0444593057036
            Cluster5: 0.244308933616
        probability: 0.497441917658
        value: "Cluster1"
    mood_acoustic:
        all:
            acoustic: 0.00782615691423
            not_acoustic: 0.992173850536
        probability: 0.992173850536
        value: "not_acoustic"
    mood_aggressive:
        all:
            aggressive: 0.912249326706
            not_aggressive: 0.0877506509423
        probability: 0.912249326706
        value: "aggressive"
    mood_electronic:
        all:
            electronic: 0.202359527349
            not_electronic: 0.797640442848
        probability: 0.797640442848
        value: "not_electronic"
    mood_happy:
        all:
            happy: 0.711160004139
            not_happy: 0.288839966059
        probability: 0.711160004139
        value: "happy"
    mood_party:
        all:
            not_party: 0.31215468049
            party: 0.687845349312
        probability: 0.687845349312
        value: "party"
    mood_relaxed:
        all:
            not_relaxed: 0.597585499287
            relaxed: 0.402414470911
        probability: 0.597585499287
        value: "not_relaxed"
    mood_sad:
        all:
            not_sad: 0.94799387455
            sad: 0.0520061030984
        probability: 0.94799387455
        value: "not_sad"
    rhythm:
        all:
            fast: 0.866361320019
            medium: 0.105460643768
            slow: 0.0281780231744
        probability: 0.866361320019
        value: "fast"
    speech_music:
        all:
            music: 0.996482074261
            speech: 0.00351794459857
        probability: 0.996482074261
        value: "music"
    timbre:
        all:
            bright: 0.121586248279
            dark: 0.87841373682
        probability: 0.87841373682
        value: "dark"
    voice_instrumental:
        all:
            instrumental: 0.057284668088
            voice: 0.942715346813
        probability: 0.942715346813
        value: "voice"

lowlevel:
    average_loudness: 0.971419513226
    barkbands_kurtosis:
        dmean: 0.353310585022
        dmean2: 0.578014016151
        dvar: 0.473398059607
        dvar2: 1.11065459251
        max: 10.675652504
        mean: -1.04560828209
        min: -1.84596264362
        var: 0.705549836159
    barkbands_skewness:
        dmean: 0.288927048445
        dmean2: 0.460146665573
        dvar: 0.0787001922727
        dvar2: 0.187270075083
        max: 1.21163284779
        mean: -0.0847226306796
        min: -3.22786712646
        var: 0.265329033136
    barkbands_spread:
        dmean: 4.05703115463
        dmean2: 6.45104169846
        dvar: 12.7371196747
        dvar2: 29.5869178772
        max: 53.0597000122
        mean: 33.0083312988
        min: 12.4844856262
        var: 50.600643158
    dissonance:
        dmean: 0.0146153476089
        dmean2: 0.0247188583016
        dvar: 0.000179106922587
        dvar2: 0.000518084969372
        max: 0.499664962292
        mean: 0.470172911882
        min: 0.395385116339
        var: 0.000321139028529
    hfc:
        dmean: 2.80120658875
        dmean2: 4.09830760956
        dvar: 18.5297641754
        dvar2: 37.3647575378
        max: 51.3849182129
        mean: 10.6059970856
        min: 2.35780119896
        var: 41.2312278748
    pitch:
        dmean: 728.898864746
        dmean2: 1417.40673828
        dvar: 1498383
        dvar2: 3641648
        max: 4900
        mean: 1367.1048584
        min: 94.2307662964
        var: 2382072.5
    pitch_instantaneous_confidence:
        dmean: 0.0851017907262
        dmean2: 0.13946056366
        dvar: 0.00455200346187
        dvar2: 0.0104811675847
        max: 0.752957820892
        mean: 0.373695075512
        min: 0.158478736877
        var: 0.0143415909261
    pitch_salience:
        dmean: 0.0476793982089
        dmean2: 0.0750087574124
        dvar: 0.00166749511845
        dvar2: 0.00430402252823
        max: 0.807276666164
        mean: 0.670085549355
        min: 0.416446775198
        var: 0.00375529401936
    silence_rate_20dB:
        dmean: 0
        dmean2: 0
        dvar: 0
        dvar2: 0
        max: 1
        mean: 1
        min: 1
        var: 0
    silence_rate_30dB:
        dmean: 0
        dmean2: 0
        dvar: 0
        dvar2: 0
        max: 1
        mean: 1
        min: 1
        var: 0
    silence_rate_60dB:
        dmean: 0.0627906993032
        dmean2: 0.125874131918
        dvar: 0.0588478669524
        dvar2: 0.133338913321
        max: 1
        mean: 0.106728538871
        min: 0
        var: 0.0953373536468
    spectral_centroid:
        dmean: 213.963623047
        dmean2: 330.353240967
        dvar: 46947.015625
        dvar2: 101066.382812
        max: 4031.02319336
        mean: 1745.85253906
        min: 946.855224609
        var: 211736.671875
    spectral_complexity:
        dmean: 3.89953279495
        dmean2: 6.03747081757
        dvar: 16.1557807922
        dvar2: 33.3943405151
        max: 44
        mean: 20.9160842896
        min: 5
        var: 50.0488815308
    spectral_crest:
        dmean: 1.61290407181
        dmean2: 2.53192877769
        dvar: 2.660364151
        dvar2: 7.21601390839
        max: 15.838766098
        mean: 5.72807788849
        min: 2.51912951469
        var: 5.30530405045
    spectral_decrease:
        dmean: 2.79721690255e-10
        dmean2: 4.27083701737e-10
        dvar: 8.01076795749e-20
        dvar2: 1.79935900715e-19
        max: -3.66979779898e-10
        mean: -1.321885712e-09
        min: -3.06703640263e-09
        var: 2.58800515237e-19
    spectral_energy:
        dmean: 0.00127203529701
        dmean2: 0.00192194501869
        dvar: 1.95287566385e-06
        dvar2: 4.21849654231e-06
        max: 0.0155855156481
        mean: 0.00595109816641
        min: 0.00163224141579
        var: 5.62691002415e-06
    spectral_energyband_high:
        dmean: 0.00021537685825
        dmean2: 0.000331593037117
        dvar: 2.29853654332e-07
        dvar2: 4.88488183237e-07
        max: 0.00672525400296
        mean: 0.000455014785985
        min: 5.98496226303e-05
        var: 5.41820668332e-07
    spectral_energyband_low:
        dmean: 0.000134754707688
        dmean2: 0.000227361379075
        dvar: 2.28397869506e-08
        dvar2: 6.28888585652e-08
        max: 0.00127188302577
        mean: 0.000387244683225
        min: 4.22604316554e-05
        var: 3.36905365828e-08
    spectral_energyband_middle_high:
        dmean: 0.000789987563621
        dmean2: 0.00116959505249
        dvar: 8.28758800253e-07
        dvar2: 1.79651249255e-06
        max: 0.0119627732784
        mean: 0.00315391737968
        min: 0.000658803619444
        var: 2.42457440436e-06
    spectral_energyband_middle_low:
        dmean: 0.00071967911208
        dmean2: 0.00116390234325
        dvar: 5.57351597763e-07
        dvar2: 1.43324768942e-06
        max: 0.0066248960793
        mean: 0.00195491779596
        min: 0.000317255937262
        var: 1.52605457515e-06
    spectral_flatness_db:
        dmean: 0.0125737497583
        dmean2: 0.0193383991718
        dvar: 0.000119523800095
        dvar2: 0.000268820818746
        max: 0.192427307367
        mean: 0.126429513097
        min: 0.0473957546055
        var: 0.000394356728066
    spectral_flux:
        dmean: 0.00779535621405
        dmean2: 0.0119000943378
        dvar: 5.74427285756e-05
        dvar2: 0.000112302179332
        max: 0.0891877710819
        mean: 0.0474827773869
        min: 0.0226340293884
        var: 0.000163173943292
    spectral_kurtosis:
        dmean: 0.897524237633
        dmean2: 1.43523943424
        dvar: 0.693964421749
        dvar2: 1.71451818943
        max: 8.33839321136
        mean: 3.92375993729
        min: -0.356146335602
        var: 1.74637150764
    spectral_rms:
        dmean: 0.000251383491559
        dmean2: 0.00037406507181
        dvar: 6.51357652259e-08
        dvar2: 1.34766580118e-07
        max: 0.00389940780587
        mean: 0.00236128643155
        min: 0.0012619154295
        var: 2.30270984503e-07
    spectral_rolloff:
        dmean: 246.071990967
        dmean2: 394.405456543
        dvar: 74501.4453125
        dvar2: 163638.8125
        max: 5426.3671875
        mean: 3371.77807617
        min: 1550.390625
        var: 238082.46875
    spectral_skewness:
        dmean: 0.1315356493
        dmean2: 0.198018223047
        dvar: 0.0160915255547
        dvar2: 0.0305882245302
        max: 2.06687831879
        mean: 1.44633340836
        min: 0.353055030107
        var: 0.0553764514625
    spectral_spread:
        dmean: 598706.0625
        dmean2: 830826.8125
        dvar: 401780801536
        dvar2: 613704990720
        max: 14022579
        mean: 4620085
        min: 2894139
        var: 1.47076900454e+12
    spectral_strongpeak:
        dmean: 0.435525655746
        dmean2: 0.731472313404
        dvar: 0.401988327503
        dvar2: 1.15012192726
        max: 4.72784614563
        mean: 0.701627492905
        min: 0.0237682778388
        var: 0.508292138577
    zerocrossingrate:
        dmean: 0.00761285237968
        dmean2: 0.0083385175094
        dvar: 5.84077824897e-05
        dvar2: 5.68053219467e-05
        max: 0.19580078125
        mean: 0.0993248298764
        min: 0.0625
        var: 0.000418047537096
    barkbands:
        dmean: [2.62062002321e-07, 5.84244771744e-05, 0.000104398430267, 6.95116978022e-05, 0.000282864290057, 0.000149398561916, 0.000171205378138, 0.000255427468801, 0.000278535764664, 0.000227672469919, 0.000102032994619, 0.000103503458377, 7.08055740688e-05, 9.09751252038e-05, 0.000113950765808, 0.000110403707367, 0.000145953599713, 0.000276385311736, 0.000276382517768, 0.0001817043958, 0.000112053763587, 2.80552612821e-05, 5.89599449086e-06, 2.60196929958e-06, 2.89631316264e-06, 2.38664370045e-07, 1.43307832268e-09]
        dmean2: [4.24251197728e-07, 0.000104126818769, 0.000173066000571, 0.000118700503663, 0.000479857553728, 0.000255420309259, 0.000285377987893, 0.000406819453929, 0.000460034469143, 0.000349025329342, 0.00014850977459, 0.000174082641024, 0.000111577675852, 0.000149357962073, 0.000191125029232, 0.000170725164935, 0.000239414788666, 0.000441584561486, 0.000436135625932, 0.000288802955765, 0.000174996355781, 3.68939836335e-05, 8.67775270308e-06, 3.85468092645e-06, 3.70831389773e-06, 3.29774280772e-07, 1.7549139919e-09]
        dvar: [1.47669569172e-13, 6.99384905545e-09, 1.3773479246e-08, 6.97481761236e-09, 1.28455766912e-07, 4.28838475841e-08, 4.45474022115e-08, 2.0609894591e-07, 2.53597704614e-07, 1.11227102195e-07, 2.45837306068e-08, 2.69649582663e-08, 1.81554344891e-08, 1.87809376939e-08, 3.26172688858e-08, 2.14869295689e-08, 3.81154698914e-08, 1.94687501676e-07, 1.19889449479e-07, 1.05618724433e-07, 9.42752365063e-08, 4.89782125968e-09, 8.92191667767e-11, 2.72670688112e-11, 1.09994048592e-10, 2.5094089133e-12, 3.3887702401e-16]
        dvar2: [3.68849563523e-13, 1.97539389291e-08, 3.63423175997e-08, 1.86876114583e-08, 3.17622266266e-07, 1.17284400858e-07, 1.18989269993e-07, 4.72361136872e-07, 6.20373953097e-07, 2.63788507482e-07, 5.20484348954e-08, 7.07874008299e-08, 3.94078867316e-08, 4.46645742613e-08, 8.67712159902e-08, 4.78159698503e-08, 8.98739145327e-08, 5.01054330471e-07, 2.29486786907e-07, 2.48327950203e-07, 2.03932359e-07, 5.91812998607e-09, 1.91604426769e-10, 4.17866401203e-11, 1.4156165129e-10, 5.30134356552e-12, 3.42159594318e-16]
        max: [3.96258883484e-06, 0.000546045077499, 0.00082132499665, 0.000880311359651, 0.00365779898129, 0.00215299311094, 0.00211481796578, 0.00515883648768, 0.00464591896161, 0.00386635167524, 0.00329549820162, 0.00213412125595, 0.00184316548984, 0.00116500339936, 0.00268636480905, 0.00188547174912, 0.00204580882564, 0.00637878058478, 0.00418915878981, 0.00416032364592, 0.00430975807831, 0.00163130182773, 0.000129312669742, 8.32864025142e-05, 0.000240231165662, 3.157518222e-05, 3.79669046424e-07]
        mean: [3.85351370369e-07, 0.000104846767499, 0.000282018678263, 0.00013940424833, 0.00044138650992, 0.000222700109589, 0.000299789826386, 0.000389464112232, 0.000425722275395, 0.000375887728296, 0.00019158233772, 0.000163903911016, 0.000139402138302, 0.000147485407069, 0.00017371425929, 0.000211808175663, 0.000326189590851, 0.000570197822526, 0.000696223985869, 0.000354161136784, 0.000209945123061, 6.50622605463e-05, 1.01821960925e-05, 4.97889595863e-06, 4.37765083916e-06, 2.7967203664e-07, 1.48368661801e-09]
        min: [1.31186383978e-09, 3.66663243767e-06, 6.03451098868e-06, 1.45313151734e-06, 1.45712483572e-05, 1.03143502201e-05, 8.58376097312e-06, 5.4657293731e-06, 6.25669963483e-06, 6.18571675659e-06, 7.121667295e-06, 6.60207115288e-06, 5.47308809473e-06, 7.18875799066e-06, 1.24913185573e-05, 1.94300628209e-05, 3.79008088203e-05, 6.45822437946e-05, 9.35829739319e-05, 3.41226877936e-05, 2.61185741692e-05, 6.58942644804e-06, 5.93467746057e-07, 1.84413067927e-07, 6.61412187242e-08, 2.69992694868e-09, 2.2948808652e-12]
        var: [2.37507523414e-13, 7.73784769592e-09, 2.8934424634e-08, 1.37823112922e-08, 2.43490489993e-07, 5.89366528914e-08, 9.2620403791e-08, 4.09868533779e-07, 3.78201491458e-07, 2.59770416733e-07, 1.10369306583e-07, 3.6072648868e-08, 3.44874884206e-08, 3.43136967729e-08, 3.81081370904e-08, 4.2039722814e-08, 9.41162952017e-08, 2.34031688251e-07, 2.6455063562e-07, 1.39117332765e-07, 1.93344178001e-07, 2.70924189749e-08, 2.18065704383e-10, 6.45173081626e-11, 2.69786026852e-10, 3.17197938922e-12, 3.42661752507e-16]
    mfcc:
        mean: [-672.05682373, 109.711532593, -51.6953353882, 50.105304718, -16.5129623413, -11.0898609161, 3.20449018478, 1.44403278828, 1.0968900919, -1.12412452698, 0.505656063557, -5.42303514481, -5.09302902222]
        cov: [[515.575622559, -231.282928467, 49.8378448486, -67.6305923462, -27.3896789551, -41.2280235291, -47.2892684937, -45.6963806152, -16.1579742432, -39.1136703491, -25.9418315887, -16.7740154266, -15.0867042542], [-231.282928467, 463.886230469, -155.61227417, -32.1625595093, -42.417011261, -59.1957550049, 32.1706047058, 46.4188690186, -17.5043392181, 25.3665218353, 24.4961032867, 22.0005664825, 2.21768593788], [49.8378448486, -155.61227417, 169.78125, 19.9882717133, 32.1827964783, -2.22208380699, -21.5039997101, -23.1622962952, -8.33325576782, -13.4373760223, -23.3493652344, 0.716536164284, 2.26189517975], [-67.6305923462, -32.1625595093, 19.9882717133, 150.875869751, 24.3310432434, 1.41902816296, -44.1374473572, -17.0096912384, 0.181201502681, -19.245141983, -14.5093317032, -1.66960000992, 12.0138092041], [-27.3896789551, -42.417011261, 32.1827964783, 24.3310432434, 89.8254394531, 1.00360488892, -14.9283752441, -11.054561615, 8.1079416275, -5.45061922073, -11.9706554413, -5.37185716629, 7.27095937729], [-41.2280235291, -59.1957550049, -2.22208380699, 1.41902816296, 1.00360488892, 107.194068909, 23.7587852478, -5.40817213058, -1.46612918377, -2.03535819054, 4.47267961502, -7.94416189194, -6.19908285141], [-47.2892684937, 32.1706047058, -21.5039997101, -44.1374473572, -14.9283752441, 23.7587852478, 80.6023101807, 26.9794139862, -2.94589471817, 10.7571229935, 10.6623535156, 2.8742620945, -10.2759389877], [-45.6963806152, 46.4188690186, -23.1622962952, -17.0096912384, -11.054561615, -5.40817213058, 26.9794139862, 49.7224273682, 10.7773208618, 3.7002761364, 3.92926001549, 1.4461337328, -5.46974182129], [-16.1579742432, -17.5043392181, -8.33325576782, 0.181201502681, 8.1079416275, -1.46612918377, -2.94589471817, 10.7773208618, 58.0437316895, 20.7832508087, 2.29768681526, -2.34754443169, 0.280549019575], [-39.1136703491, 25.3665218353, -13.4373760223, -19.245141983, -5.45061922073, -2.03535819054, 10.7571229935, 3.7002761364, 20.7832508087, 65.6958389282, 25.6028671265, 2.57799553871, -7.73159170151], [-25.9418315887, 24.4961032867, -23.3493652344, -14.5093317032, -11.9706554413, 4.47267961502, 10.6623535156, 3.92926001549, 2.29768681526, 25.6028671265, 52.1221885681, 13.0736646652, -4.17068910599], [-16.7740154266, 22.0005664825, 0.716536164284, -1.66960000992, -5.37185716629, -7.94416189194, 2.8742620945, 1.4461337328, -2.34754443169, 2.57799553871, 13.0736646652, 40.2946434021, 8.4683008194], [-15.0867042542, 2.21768593788, 2.26189517975, 12.0138092041, 7.27095937729, -6.19908285141, -10.2759389877, -5.46974182129, 0.280549019575, -7.73159170151, -4.17068910599, 8.4683008194, 39.0543556213]]
        icov: [[0.00492251152173, 0.00340479821898, 0.00194142549299, 0.00348825007677, 0.00216368585825, 0.00353267858736, 0.002241283888, 0.00281005282886, 0.00120336725377, 0.00219102599658, 0.00123838311993, 8.97788340808e-05, 0.00220183469355], [0.00340479821898, 0.00647459179163, 0.00492004444823, 0.00228525791317, 0.0015100480523, 0.00457577966154, 0.00117960001808, -0.000373014103388, 0.00360889430158, -0.000324126362102, 0.00173451437149, -0.00164385081735, 0.00111457228195], [0.00194142549299, 0.00492004444823, 0.0109616341069, 0.00124594243243, -0.00115924479906, 0.00321754673496, 0.00116328906734, 0.0013921847567, 0.00365600525402, -0.000888680981006, 0.00420879013836, -0.00310671841726, 0.00160097458865], [0.00348825007677, 0.00228525791317, 0.00124594243243, 0.0108974957839, 0.000210950529436, 0.00126436492428, 0.00598306627944, 0.00192225037608, 0.000636604032479, 0.00290752225555, 0.00150469271466, -0.000349030160578, 0.000605617184192], [0.00216368585825, 0.0015100480523, -0.00115924479906, 0.000210950529436, 0.0140028046444, 0.00140603026375, 0.00108845659997, 0.00285126268864, -0.00194079009816, 0.00122936267871, 0.00159132154658, 0.00154074118473, -0.000852566387039], [0.00353267858736, 0.00457577966154, 0.00321754673496, 0.00126436492428, 0.00140603026375, 0.0146807609126, -0.0038109542802, 0.00469701969996, 0.00117404002231, 0.00234718224965, -0.00058168679243, 0.00178440392483, 0.00226035830565], [0.002241283888, 0.00117960001808, 0.00116328906734, 0.00598306627944, 0.00108845659997, -0.0038109542802, 0.0218008141965, -0.00892662256956, 0.00402427185327, -0.00138297863305, 0.000712193257641, -0.00180762296077, 0.00273470440879], [0.00281005282886, -0.000373014103388, 0.0013921847567, 0.00192225037608, 0.00285126268864, 0.00469701969996, -0.00892662256956, 0.0320056602359, -0.00779426656663, 0.00552468188107, 0.000197909597773, 0.000544633716345, 0.00383600685745], [0.00120336725377, 0.00360889430158, 0.00365600525402, 0.000636604032479, -0.00194079009816, 0.00117404002231, 0.00402427185327, -0.00779426656663, 0.0242824405432, -0.00921669788659, 0.00339599815197, -0.000391318084439, -0.00118426932022], [0.00219102599658, -0.000324126362102, -0.000888680981006, 0.00290752225555, 0.00122936267871, 0.00234718224965, -0.00138297863305, 0.00552468188107, -0.00921669788659, 0.0247526504099, -0.010376913473, 0.0021654444281, 0.00396420247853], [0.00123838311993, 0.00173451437149, 0.00420879013836, 0.00150469271466, 0.00159132154658, -0.00058168679243, 0.000712193257641, 0.000197909597773, 0.00339599815197, -0.010376913473, 0.0290903765708, -0.00952611863613, 0.0025932660792], [8.97788340808e-05, -0.00164385081735, -0.00310671841726, -0.000349030160578, 0.00154074118473, 0.00178440392483, -0.00180762296077, 0.000544633716345, -0.000391318084439, 0.0021654444281, -0.00952611863613, 0.0309183523059, -0.0072775753215], [0.00220183469355, 0.00111457228195, 0.00160097458865, 0.000605617184192, -0.000852566387039, 0.00226035830565, 0.00273470440879, 0.00383600685745, -0.00118426932022, 0.00396420247853, 0.0025932660792, -0.0072775753215, 0.0305361747742]]
    spectral_contrast:
        mean: [2.19661870915e-07, -2.14625345052e-07, 1.98768983495e-08, 1.38921194548e-07, -1.71936473947e-08, 2.98544250654e-07, 2.01205625672e-06, -2.15646537072e-06, 1.90957166524e-06, -3.40347378369e-06, 2.31499438996e-06, 2.3270820293e-06]
        var: [0.000543596979696, 0.000690608518198, 0.00100165477488, 0.0014935733052, 0.00259007653221, 0.00412676017731, 0.0347876995802, 0.0523601435125, 0.0866662934422, 0.141693755984, 0.200058221817, 0.423699051142]

rhythm:
    beats_loudness:
        dmean: 0.0016594681656
        dmean2: 0.00255054258741
        dvar: 7.67733922657e-07
        dvar2: 3.45376543009e-06
        max: 0.00991962011904
        mean: 0.00695283897221
        min: 0.00467694085091
        var: 1.8181891619e-06
    beats_loudness_bass:
        dmean: 0.0489767566323
        dmean2: 0.0968546569347
        dvar: 0.00169776449911
        dvar2: 0.00386318867095
        max: 0.154348567128
        mean: 0.0659962967038
        min: 0.0173734948039
        var: 0.00175401126035
    bpm: 136.632629395
    bpm_confidence: 0
    first_peak_bpm: 136
    first_peak_spread: 0
    first_peak_weight: 0.952381014824
    onset_rate: 2.89858031273
    second_peak_bpm: 108
    second_peak_spread: 0
    second_peak_weight: 0.047619048506
    beats_position: [0.139079585671, 0.578777074814, 1.01847445965, 1.45817196369, 1.89786934853, 2.33756685257, 2.77726411819, 3.21696186066, 3.65665912628, 4.09635639191, 4.53605413437, 4.97575139999, 5.41544866562, 5.85514640808, 6.40921354294, 6.84817886353, 7.28714418411, 7.72611045837, 8.16507530212, 8.60404205322, 9.04300689697, 9.4819726944]
    bpm_estimates: [136.436401367, 136.363449097, 136.572692871, 135.623031616, 136.738220215, 134.532196045, 136.323455811, 139.61416626, 137.002593994, 136.702667236, 137.050048828]
    bpm_intervals: [0.439697504044, 0.439697384834, 0.439697504044, 0.439697384834, 0.439697504044, 0.439697265625, 0.439697742462, 0.439697265625, 0.439697265625, 0.439697742462, 0.439697265625, 0.439697265625, 0.439697742462, 0.554067134857, 0.438965320587, 0.438965320587, 0.438966274261, 0.43896484375, 0.438966751099, 0.43896484375, 0.438965797424]
    onset_times: [0.0580498874187, 0.545668959618, 0.96362811327, 1.39319729805, 1.57895696163, 1.72988665104, 1.84598636627, 2.40326523781, 2.72834467888, 3.14630389214, 3.40172338486, 3.61070299149, 3.9125623703, 4.49306106567, 4.95746040344, 5.1780500412, 5.25931978226, 5.39863967896, 5.64244890213, 6.26938772202, 6.47836732864, 6.73378705978, 7.1517457962, 7.37233543396, 8.0224943161, 8.48689365387, 8.91646289825, 9.12544250488, 9.79882049561]
    rubato_start: []
    rubato_stop: []
    perceptual_tempo: "unknown"

sfx:
    inharmonicity:
        dmean: 0.0506407022476
        dmean2: 0.0888219624758
        dvar: 0.00227393466048
        dvar2: 0.00669536972418
        max: 0.278313577175
        mean: 0.0699153393507
        min: 0
        var: 0.00262629520148
    oddtoevenharmonicenergyratio:
        dmean: 1.56656992435
        dmean2: 2.78926801682
        dvar: 7.75498056412
        dvar2: 19.4836158752
        max: 24.0864467621
        mean: 1.35409271717
        min: 0
        var: 6.30103635788
    pitch_after_max_to_before_max_energy_ratio: 0.0548275820911
    pitch_centroid: 219.158111572
    pitch_max_to_total: 0.990675985813
    pitch_min_to_total: 0.524475514889
    tristimulus:
        dmean: [0.151291504502, 0.221887096763, 0.145476043224]
        dmean2: [0.257793366909, 0.394957542419, 0.253766089678]
        dvar: [0.0166701041162, 0.0355382561684, 0.0146527979523]
        dvar2: [0.0460859425366, 0.0987205430865, 0.0438218079507]
        max: [1, 0.955254137516, 0.702760159969]
        mean: [0.276181936264, 0.488473147154, 0.1858009547]
        min: [0.0318821407855, 0, 0]
        var: [0.0240230951458, 0.0460030399263, 0.0206670612097]

tonal:
    chords_changes_rate: 0.037037037313
    chords_number_rate: 0.0324074067175
    chords_strength:
        dmean: 0.00827843137085
        dmean2: 0.00800324603915
        dvar: 4.16371804022e-05
        dvar2: 3.72806680389e-05
        max: 0.795624732971
        mean: 0.616510331631
        min: 0.447408914566
        var: 0.00860965438187
    key_strength: 0.578916013241
    tuning_diatonic_strength: 0.563877463341
    tuning_equal_tempered_deviation: 0.0854885876179
    tuning_frequency: 438.731048584
    tuning_nontempered_energy_ratio: 0.773354709148
    hpcp:
        dmean: [0.115716934204, 0.114200279117, 0.129450753331, 0.16901487112, 0.168355733156, 0.164518520236, 0.17641530931, 0.171710580587, 0.135077804327, 0.106958113611, 0.114874571562, 0.146895781159, 0.161741271615, 0.187220409513, 0.146964251995, 0.0999071523547, 0.111577600241, 0.141075104475, 0.165718138218, 0.141246438026, 0.125898092985, 0.110969975591, 0.086337864399, 0.0907437205315, 0.0968637615442, 0.130989804864, 0.17173551023, 0.179167866707, 0.158104792237, 0.129837065935, 0.121850043535, 0.127038553357, 0.185381293297, 0.168537154794, 0.196003049612, 0.149328544736]
        dmean2: [0.19268900156, 0.192175388336, 0.210751920938, 0.285398453474, 0.293562740088, 0.270124554634, 0.290295034647, 0.282332628965, 0.224648326635, 0.176176220179, 0.192703589797, 0.256426244974, 0.253384143114, 0.300774335861, 0.254886329174, 0.178658515215, 0.189024060965, 0.238309025764, 0.285770893097, 0.230851426721, 0.212105438113, 0.192261084914, 0.147899568081, 0.152100235224, 0.164193287492, 0.224484831095, 0.276607364416, 0.293074131012, 0.273340970278, 0.223920941353, 0.207584038377, 0.213765904307, 0.317589461803, 0.281218439341, 0.331678599119, 0.247418478131]
        dvar: [0.0185881927609, 0.019297959283, 0.0219902433455, 0.0343410931528, 0.0357620604336, 0.0299910549074, 0.0356399007142, 0.0348089709878, 0.0328142419457, 0.0238219816238, 0.0206226464361, 0.0344681739807, 0.034560199827, 0.039694301784, 0.0350941643119, 0.0264241974801, 0.0274304393679, 0.0292328856885, 0.0336418896914, 0.0216071065515, 0.0285945311189, 0.0233965236694, 0.00892423652112, 0.0101163955405, 0.0121434954926, 0.0187812186778, 0.0267917327583, 0.0361288636923, 0.0283708311617, 0.0252127535641, 0.0290099345148, 0.026591449976, 0.0363729186356, 0.0329566933215, 0.0295099727809, 0.0267741046846]
        dvar2: [0.0469845309854, 0.0534410327673, 0.057118229568, 0.0906356722116, 0.0977755188942, 0.0820020064712, 0.0908429771662, 0.0794335156679, 0.0776563733816, 0.0617321170866, 0.0523903779685, 0.0820611193776, 0.0794769451022, 0.101105086505, 0.0958917886019, 0.071998745203, 0.0765547081828, 0.0782190561295, 0.0872036963701, 0.0554243586957, 0.0801207646728, 0.0629445463419, 0.0244379118085, 0.0295190699399, 0.0319966860116, 0.0502817109227, 0.0765999108553, 0.094441704452, 0.0752901434898, 0.0690619722009, 0.0752313062549, 0.0673300251365, 0.100493490696, 0.0845011025667, 0.0724814608693, 0.0659395679832]
        max: [0.902544975281, 1, 0.996868252754, 1, 1, 1, 1, 1, 1, 1, 1, 1, 1, 1, 1, 1, 1, 1, 1, 1, 1, 1, 0.672876179218, 0.586637973785, 1, 1, 1, 1, 1, 0.994230568409, 1, 1, 1, 1, 1, 1]
        mean: [0.188306108117, 0.178481698036, 0.192048102617, 0.242375105619, 0.242438808084, 0.288143694401, 0.366262823343, 0.288795530796, 0.189107432961, 0.161825239658, 0.155984938145, 0.216240435839, 0.347599804401, 0.324405133724, 0.178803890944, 0.122143000364, 0.139447554946, 0.235438644886, 0.355597317219, 0.282187014818, 0.159573376179, 0.127680853009, 0.107762701809, 0.11848166585, 0.147532939911, 0.193278580904, 0.273459047079, 0.32536303997, 0.254632204771, 0.182474076748, 0.171350747347, 0.193958029151, 0.341281920671, 0.490737706423, 0.405701249838, 0.244881436229]
        min: [0.0153965530917, 0.021138375625, 0.0197105929255, 0.0224911402911, 0.0125514054671, 0.0136171421036, 0.0115560628474, 0.008809405379, 0.00670746015385, 0.00612681452185, 0.00602712389082, 0.0137930968776, 0.0203045718372, 0.0243998095393, 0.0180579777807, 0.00793044734746, 0.0105917798355, 0.0161404255778, 0.0162342581898, 0.0126817738637, 0.0122572006658, 0.00725773954764, 0.00797114148736, 0.00853200722486, 0.0104088801891, 0.0114875975996, 0.021056490019, 0.0112987523898, 0.0169038251042, 0.0137759037316, 0.0114380223677, 0.00769723579288, 0.00874948035926, 0.021414000541, 0.0254547577351, 0.0322115235031]
        var: [0.0227950364351, 0.0204608347267, 0.0257535129786, 0.0389057435095, 0.0372884012759, 0.060771510005, 0.113037399948, 0.0760554298759, 0.0359733998775, 0.0267999507487, 0.0278710965067, 0.0457652360201, 0.100627280772, 0.0877468436956, 0.0347492657602, 0.0221477597952, 0.0261338241398, 0.0438321307302, 0.084804199636, 0.0556014031172, 0.0299478080124, 0.0214782524854, 0.00942765548825, 0.0113586802036, 0.0159162860364, 0.0251650102437, 0.0465975515544, 0.0689883157611, 0.0524140149355, 0.0292118806392, 0.0335341393948, 0.0338163562119, 0.0788718536496, 0.116249732673, 0.0659631341696, 0.0349300354719]
    chords_histogram: [5.55555534363, 0, 12.5, 0, 9.25925922394, 0, 0, 0, 0, 0, 0, 0, 0, 0, 0, 0, 0, 9.72222232819, 0, 2.77777767181, 0, 8.79629611969, 0, 51.3888893127]
    thpcp: [1, 0.826717078686, 0.499006778002, 0.383720487356, 0.363700807095, 0.391345709562, 0.49389949441, 0.494029313326, 0.587164342403, 0.746351480484, 0.588492631912, 0.385353386402, 0.329759120941, 0.317858070135, 0.44064360857, 0.708320975304, 0.661056041718, 0.364357352257, 0.248896703124, 0.284159034491, 0.479764729738, 0.724617898464, 0.575026154518, 0.325170397758, 0.260181456804, 0.219593271613, 0.241435825825, 0.300635010004, 0.393853127956, 0.557240724564, 0.663008034229, 0.518876373768, 0.371836274862, 0.34916973114, 0.39523768425, 0.69544672966]
    chords_key: "G#"
    chords_scale: "minor"
    key_key: "B"
    key_scale: "major"
    chords_progression: ["C#", "C#", "C#", "C#", "C#", "C#", "C#", "C#", "C#", "C#", "C#", "C#", "G#m", "G#m", "G#m", "G#m", "G#m", "G#m", "G#m", "G#m", "G#m", "G#m", "G#m", "G#m", "G#m", "G#m", "G#m", "G#m", "G#m", "G#m", "G#m", "G#m", "G#m", "G#m", "G#m", "G#m", "G#m", "G#m", "G#m", "G#m", "G#m", "G#m", "G#m", "G#m", "G#m", "G#m", "G#m", "G#m", "G#m", "G#m", "G#m", "G#m", "G#m", "G#m", "G#m", "G#m", "G#m", "G#m", "G#m", "G#m", "G#m", "G#m", "G#m", "G#m", "G#m", "G#m", "G#m", "B", "B", "B", "B", "B", "B", "B", "B", "B", "B", "B", "B", "Bm", "Bm", "Bm", "Bm", "Bm", "Bm", "Bm", "Bm", "Bm", "Bm", "Bm", "Bm", "Bm", "Bm", "Bm", "Bm", "Bm", "Bm", "Bm", "Bm", "Bm", "F#", "F#", "F#", "F#", "F#", "F#", "F#", "F#", "F#", "F#", "F#", "F#", "F#", "F#", "F#", "F#", "F#", "F#", "F#", "F#", "F#", "F#", "F#", "F#", "F#", "F#", "F#", "F#m", "F#m", "F#m", "F#m", "F#m", "F#m", "C#", "C#", "C#", "C#", "C#", "C#", "C#", "C#", "C#m", "C#m", "C#m", "C#m", "C#m", "C#m", "C#m", "C#m", "C#m", "C#m", "C#m", "C#m", "C#m", "C#m", "C#m", "C#m", "C#m", "C#m", "C#m", "G#m", "G#m", "G#m", "G#m", "G#m", "G#m", "G#m", "G#m", "G#m", "G#m", "G#m", "G#m", "G#m", "G#m", "G#m", "G#m", "G#m", "G#m", "G#m", "G#m", "G#m", "G#m", "G#m", "G#m", "G#m", "G#m", "G#m", "G#m", "G#m", "G#m", "G#m", "G#m", "G#m", "G#m", "G#m", "G#m", "G#m", "G#m", "G#m", "G#m", "G#m", "G#m", "G#m", "G#m", "G#m", "G#m", "G#m", "G#m", "G#m", "G#m", "G#m", "G#m", "G#m", "G#m", "G#m", "G#m"]
