
metadata:
    version:
        essentia: "1.2.2"
    audio_properties:
        analysis_sample_rate: 44100
        bitrate: 128
        channels: 2
        equal_loudness: 1
        length: 10.0310201645
        replay_gain: -5.73774147034
        downmix: "mix"
    tags:
        track: 1
        year: 0
        album: "Splitted by Mp3Splt v. 2.1"
        artist: "From 000.00 To 000.10"
        comment: "http://mp3splt.sf.net"
        genre: ""
        title: "11 RSVP.mp3"

highlevel:
    ballroom:
        all:
            ChaChaCha: 0.842476785183
            Jive: 0.0187253504992
            Quickstep: 0.0104242926463
            Rumba-American: 0.0171589981765
            Rumba-International: 0.0309090539813
            Rumba-Misc: 0.00928553845733
            Samba: 0.0423834100366
            Tango: 0.00689334888011
            VienneseWaltz: 0.00259987497702
            Waltz: 0.0191433541477
        probability: 0.842476785183
        value: "ChaChaCha"
    culture:
        all:
            non_western: 0.876292467117
            western: 0.123707510531
        probability: 0.876292467117
        value: "non_western"
    gender:
        all:
            female: 0.716873526573
            male: 0.283126503229
        probability: 0.716873526573
        value: "female"
    genre_dortmund:
        all:
            alternative: 0.0422673821449
            blues: 0.0111916381866
            electronic: 0.644401371479
            folkcountry: 0.0127084674314
            funksoulrnb: 0.0397835299373
            jazz: 0.0941441059113
            pop: 0.0329717360437
            raphiphop: 0.0532801933587
            rock: 0.0692516043782
        probability: 0.644401371479
        value: "electronic"
    genre_electronica:
        all:
            ambient: 0.603982508183
            dnb: 0.0430182889104
            house: 0.202854424715
            techno: 0.117242254317
            trance: 0.0329025126994
        probability: 0.603982508183
        value: "ambient"
    genre_rosamerica:
        all:
            cla: 0.0883674398065
            dan: 0.126910656691
            hip: 0.0609805546701
            jaz: 0.169123694301
            pop: 0.172058135271
            rhy: 0.308062434196
            roc: 0.0335277877748
            spe: 0.0409692972898
        probability: 0.308062434196
        value: "rhy"
    genre_tzanetakis:
        all:
            blu: 0.033221155405
            cla: 0.0735842883587
            cou: 0.0459049120545
            dis: 0.0502251535654
            hip: 0.0691445022821
            jaz: 0.0376069657505
            met: 0.0099665960297
            pop: 0.164369046688
            reg: 0.445752680302
            roc: 0.0702247023582
        probability: 0.445752680302
        value: "reg"
    live_studio:
        all:
            live: 0.105038069189
            studio: 0.894961953163
        probability: 0.894961953163
        value: "studio"
    mood:
        all:
            Cluster1: 0.0555953197181
            Cluster2: 0.0197151284665
            Cluster3: 0.117080293596
            Cluster4: 0.0182149615139
            Cluster5: 0.789394319057
        probability: 0.789394319057
        value: "Cluster5"
    mood_acoustic:
        all:
            acoustic: 0.201823085546
            not_acoustic: 0.798176944256
        probability: 0.798176944256
        value: "not_acoustic"
    mood_aggressive:
        all:
            aggressive: 0.0076478915289
            not_aggressive: 0.992352128029
        probability: 0.992352128029
        value: "not_aggressive"
    mood_electronic:
        all:
            electronic: 0.778812885284
            not_electronic: 0.221187114716
        probability: 0.778812885284
        value: "electronic"
    mood_happy:
        all:
            happy: 0.0896183103323
            not_happy: 0.910381674767
        probability: 0.910381674767
        value: "not_happy"
    mood_party:
        all:
            not_party: 0.738581240177
            party: 0.261418759823
        probability: 0.738581240177
        value: "not_party"
    mood_relaxed:
        all:
            not_relaxed: 0.259597748518
            relaxed: 0.74040222168
        probability: 0.74040222168
        value: "relaxed"
    mood_sad:
        all:
            not_sad: 0.999999880791
            sad: 1.00000008274e-07
        probability: 0.999999880791
        value: "not_sad"
    rhythm:
        all:
            fast: 0.0901406854391
            medium: 0.607713699341
            slow: 0.302145630121
        probability: 0.607713699341
        value: "medium"
    speech_music:
        all:
            music: 0.995167016983
            speech: 0.00483297230676
        probability: 0.995167016983
        value: "music"
    timbre:
        all:
            bright: 0.18744237721
            dark: 0.812557637691
        probability: 0.812557637691
        value: "dark"
    voice_instrumental:
        all:
            instrumental: 0.969452500343
            voice: 0.0305475220084
        probability: 0.969452500343
        value: "instrumental"

lowlevel:
    average_loudness: 0.553572237492
    barkbands_kurtosis:
        dmean: 172.647277832
        dmean2: 261.693878174
        dvar: 992036.8125
        dvar2: 2386291.5
        max: 16966.2246094
        mean: 445.720336914
        min: -1.83981359005
        var: 4083297.75
    barkbands_skewness:
        dmean: 1.77988755703
        dmean2: 2.44063258171
        dvar: 28.8167686462
        dvar2: 51.6331825256
        max: 92.3393936157
        mean: 4.71994543076
        min: -1.80648052692
        var: 167.135009766
    barkbands_spread:
        dmean: 3.59052205086
        dmean2: 5.78697490692
        dvar: 24.9511375427
        dvar2: 63.9640426636
        max: 59.5031242371
        mean: 19.5206813812
        min: 0.00422012107447
        var: 280.473022461
    dissonance:
        dmean: 0.0304390452802
        dmean2: 0.0531739890575
        dvar: 0.00140614586417
        dvar2: 0.00399072933942
        max: 0.499327540398
        mean: 0.36395740509
        min: 0.0371879227459
        var: 0.0223296880722
    hfc:
        dmean: 1.98941099644
        dmean2: 2.97749304771
        dvar: 15.2929563522
        dvar2: 34.2017669678
        max: 43.5278091431
        mean: 5.2979092598
        min: 0.000427076331107
        var: 58.0149002075
    pitch:
        dmean: 501.787322998
        dmean2: 967.489807129
        dvar: 1116443.875
        dvar2: 2764455.25
        max: 4900
        mean: 1408.13781738
        min: 93.2346725464
        var: 2088611.25
    pitch_instantaneous_confidence:
        dmean: 0.0705818608403
        dmean2: 0.115296915174
        dvar: 0.00613933103159
        dvar2: 0.0159949660301
        max: 0.990236282349
        mean: 0.63346272707
        min: 0.169845402241
        var: 0.0550756603479
    pitch_salience:
        dmean: 0.0630719736218
        dmean2: 0.0919420793653
        dvar: 0.00406004488468
        dvar2: 0.0109478170052
        max: 0.964431583881
        mean: 0.523781955242
        min: 0.00975599419326
        var: 0.0477092862129
    silence_rate_20dB:
        dmean: 0
        dmean2: 0
        dvar: 0
        dvar2: 0
        max: 1
        mean: 1
        min: 1
        var: 0
    silence_rate_30dB:
        dmean: 0
        dmean2: 0
        dvar: 0
        dvar2: 0
        max: 1
        mean: 1
        min: 1
        var: 0
    silence_rate_60dB:
        dmean: 0.0726392269135
        dmean2: 0.145631074905
        dvar: 0.0673627406359
        dvar2: 0.14384020865
        max: 1
        mean: 0.702898561954
        min: 0
        var: 0.20883269608
    spectral_centroid:
        dmean: 202.212203979
        dmean2: 321.297302246
        dvar: 71181.8046875
        dvar2: 144952.71875
        max: 4374.16601562
        mean: 1374.52294922
        min: 410.672485352
        var: 662318.0625
    spectral_complexity:
        dmean: 2.40712475777
        dmean2: 3.7193877697
        dvar: 21.8291606903
        dvar2: 50.1865768433
        max: 43
        mean: 7.73604059219
        min: 0
        var: 74.7018280029
    spectral_crest:
        dmean: 2.12239980698
        dmean2: 3.35528874397
        dvar: 5.58532333374
        dvar2: 15.6610174179
        max: 26.9919700623
        mean: 13.608754158
        min: 3.1320374012
        var: 61.9515037537
    spectral_decrease:
        dmean: 1.95701510552e-10
        dmean2: 2.87879775573e-10
        dvar: 1.33319284265e-19
        dvar2: 3.06025600576e-19
        max: -1.41063701518e-13
        mean: -5.73367131551e-10
        min: -3.47769524289e-09
        var: 4.44553072472e-19
    spectral_energy:
        dmean: 0.000901959429029
        dmean2: 0.00132567342371
        dvar: 2.90614093501e-06
        dvar2: 6.63970195092e-06
        max: 0.016838254407
        mean: 0.00264455424622
        min: 5.71141299588e-07
        var: 1.00863771877e-05
    spectral_energyband_high:
        dmean: 0.000118542098789
        dmean2: 0.000180797957
        dvar: 9.8105260804e-08
        dvar2: 2.23904734753e-07
        max: 0.00263641797937
        mean: 0.000174165150383
        min: 4.4817896061e-09
        var: 1.37894247132e-07
    spectral_energyband_low:
        dmean: 8.90920928214e-05
        dmean2: 0.000151533153257
        dvar: 1.05977839837e-07
        dvar2: 2.80320421098e-07
        max: 0.00328263174742
        mean: 9.95212321868e-05
        min: 1.44218148534e-09
        var: 1.02906959398e-07
    spectral_energyband_middle_high:
        dmean: 0.000527072057594
        dmean2: 0.000797833548859
        dvar: 1.12992313461e-06
        dvar2: 2.25861708714e-06
        max: 0.0133599359542
        mean: 0.00144426350016
        min: 4.39893916848e-08
        var: 5.47952686247e-06
    spectral_energyband_middle_low:
        dmean: 0.000417447270593
        dmean2: 0.000653313181829
        dvar: 5.46355408915e-07
        dvar2: 1.37000222367e-06
        max: 0.0057460735552
        mean: 0.000926582491957
        min: 4.06051299251e-07
        var: 9.98924292617e-07
    spectral_flatness_db:
        dmean: 0.0206925366074
        dmean2: 0.0304467193782
        dvar: 0.000478692556499
        dvar2: 0.00100871827453
        max: 0.675958275795
        mean: 0.288228482008
        min: 0.0955799147487
        var: 0.0260626692325
    spectral_flux:
        dmean: 0.00566115928814
        dmean2: 0.00873773731291
        dvar: 9.61575642577e-05
        dvar2: 0.000182381932973
        max: 0.110721930861
        mean: 0.0238959323615
        min: 0.000326519890223
        var: 0.00056436250452
    spectral_kurtosis:
        dmean: 4.74029827118
        dmean2: 7.70754432678
        dvar: 66.5565338135
        dvar2: 157.117996216
        max: 153.166595459
        mean: 23.9176464081
        min: -0.485805988312
        var: 1306.47412109
    spectral_rms:
        dmean: 0.000218790475628
        dmean2: 0.00030735519249
        dvar: 1.17492049867e-07
        dvar2: 2.52141205692e-07
        max: 0.00405309349298
        mean: 0.00130661949515
        min: 2.36053165281e-05
        var: 8.72798523233e-07
    spectral_rolloff:
        dmean: 301.300445557
        dmean2: 484.662017822
        dvar: 300814.3125
        dvar2: 706505.0625
        max: 6180.02929688
        mean: 2236.61157227
        min: 215.33203125
        var: 2111341.25
    spectral_skewness:
        dmean: 0.330116629601
        dmean2: 0.514540314674
        dvar: 0.1619104743
        dvar2: 0.317954063416
        max: 10.8053274155
        mean: 3.09549617767
        min: 0.126288637519
        var: 8.145819664
    spectral_spread:
        dmean: 501980.5
        dmean2: 765050.1875
        dvar: 402964742144
        dvar2: 691565166592
        max: 10161782
        mean: 3560227
        min: 667379.75
        var: 2.74220685722e+12
    spectral_strongpeak:
        dmean: 0.393962413073
        dmean2: 0.657141685486
        dvar: 0.65947085619
        dvar2: 1.79795753956
        max: 7.16422748566
        mean: 0.670405030251
        min: 0.00051076739328
        var: 0.956625819206
    zerocrossingrate:
        dmean: 0.00641971826553
        dmean2: 0.00739895552397
        dvar: 8.2652666606e-05
        dvar2: 8.78346254467e-05
        max: 0.2041015625
        mean: 0.0745583176613
        min: 0.02490234375
        var: 0.00180041627027
    barkbands:
        dmean: [9.61568176194e-08, 2.66689876298e-05, 7.38465168979e-05, 6.20373393758e-05, 9.65065191849e-05, 0.000162044845638, 5.00821588503e-05, 8.6870364612e-05, 9.34319687076e-05, 2.60692595475e-05, 1.93462656171e-05, 2.1577679945e-05, 3.62749597116e-05, 4.88518744532e-05, 4.2358533392e-05, 4.63831092929e-05, 8.09839184512e-05, 0.00019802513998, 0.00024060474243, 7.33761844458e-05, 5.33579441253e-05, 3.31320261466e-05, 9.20322599995e-06, 2.57033161688e-06, 1.40422810091e-06, 4.20294519188e-08, 1.28442562142e-10]
        dmean2: [1.35514184763e-07, 4.41204610979e-05, 0.000132647779537, 0.000108173873741, 0.000159623828949, 0.000278211111436, 7.58739188313e-05, 0.000117713563668, 0.000135169466375, 4.46699523309e-05, 3.19776227116e-05, 3.6235414882e-05, 6.18554477114e-05, 8.25240495033e-05, 7.01508033671e-05, 7.39041497582e-05, 0.000135066497023, 0.000296038779197, 0.000388060376281, 0.000119940283184, 8.49972857395e-05, 5.00994610775e-05, 1.23784830066e-05, 3.94642347601e-06, 2.2583099053e-06, 6.72055548989e-08, 2.24678900484e-10]
        dvar: [8.28202578133e-13, 8.10633071779e-09, 7.9764937766e-08, 2.69296194233e-08, 6.14340294192e-08, 1.23034141097e-07, 1.10275655274e-08, 6.23631848384e-08, 4.27304946982e-08, 3.79270526096e-09, 3.9174956612e-09, 3.2368572267e-09, 8.19066769964e-09, 1.60884923162e-08, 1.27738299938e-08, 1.63426499e-08, 2.85447967485e-08, 1.56439256216e-07, 3.25869109474e-07, 3.7674055875e-08, 2.28323209228e-08, 7.23883131215e-09, 6.92445545347e-10, 5.02173094774e-11, 1.9341622054e-11, 2.33493424113e-14, 5.79094218823e-20]
        dvar2: [8.71172600204e-13, 2.06206092201e-08, 2.19974282345e-07, 7.39219458978e-08, 1.68524096011e-07, 3.26543556639e-07, 2.57350531996e-08, 1.1060983951e-07, 1.04804868784e-07, 1.00221306809e-08, 1.02317647688e-08, 9.10290864908e-09, 2.234173202e-08, 4.23501909097e-08, 3.83990581554e-08, 4.1877822099e-08, 6.58659331521e-08, 3.00672979847e-07, 7.88367287896e-07, 9.80162653264e-08, 5.72589620162e-08, 1.29443309405e-08, 1.1615179929e-09, 1.09816662708e-10, 4.61008453634e-11, 5.97835921935e-14, 1.61929807292e-19]
        max: [1.78735899681e-05, 0.000706279184669, 0.00257535139099, 0.00164349644911, 0.0024287616834, 0.0029828492552, 0.00160800328013, 0.00379141001031, 0.00227285781875, 0.000629317073617, 0.000735690467991, 0.00066798744956, 0.0010938703781, 0.00175077514723, 0.00121015263721, 0.00176477141213, 0.00183963263407, 0.00525649962947, 0.00689113000408, 0.00233878428116, 0.00134088413324, 0.00098236487247, 0.000372132635675, 6.51163863949e-05, 4.00519566028e-05, 1.75877596575e-06, 1.46011969182e-09]
        mean: [1.06660351662e-07, 2.69172141998e-05, 7.25215650164e-05, 6.96752176736e-05, 0.000136277798447, 0.000199926231289, 0.000102239049738, 0.000189589889487, 0.000215667590965, 3.3382235415e-05, 2.35484912992e-05, 3.22998821503e-05, 6.63506798446e-05, 7.29201346985e-05, 5.50129188923e-05, 6.84221158735e-05, 0.000160677634994, 0.000424918252975, 0.000456231238786, 0.000104601575003, 6.69965374982e-05, 4.86741555505e-05, 1.24199059428e-05, 3.47945501744e-06, 1.6566694967e-06, 4.40390479639e-08, 1.09302095153e-10]
        min: [4.65243112319e-14, 8.36067326482e-11, 7.59302898334e-10, 3.59216378865e-10, 5.31227595246e-09, 1.19370491269e-09, 3.44018258325e-09, 1.2699476315e-07, 3.42752741744e-08, 1.17628451424e-09, 6.85841994308e-10, 1.31271060688e-09, 9.24365139987e-10, 1.30688893041e-09, 6.11662998029e-10, 7.44410699749e-10, 1.55532231538e-09, 2.48615417142e-09, 1.18558252105e-09, 1.67642899562e-09, 1.15539677825e-09, 6.58620824545e-10, 2.17432752359e-10, 1.4261525294e-10, 1.38246483705e-10, 8.17608133974e-12, 8.93119586398e-15]
        var: [8.35492265649e-13, 7.80557662949e-09, 6.74759874641e-08, 2.51540352991e-08, 7.11306782364e-08, 1.62249165214e-07, 4.69439136452e-08, 1.85660184115e-07, 1.99618526153e-07, 4.29340341057e-09, 4.49127135482e-09, 7.91552245971e-09, 2.70290509974e-08, 3.30921992031e-08, 1.89992483968e-08, 2.35337314081e-08, 9.05303068066e-08, 5.52158837763e-07, 8.07052174423e-07, 3.97322921231e-08, 2.47755060911e-08, 1.43040592704e-08, 1.40720279873e-09, 8.0926702839e-11, 2.13034954261e-11, 1.98940205807e-14, 5.10473350846e-20]
    mfcc:
        mean: [-897.483642578, 122.194976807, -48.0038871765, 30.7877025604, -34.7293968201, -33.4873657227, -24.5470466614, -5.69727945328, -4.52881765366, 2.17648339272, 9.64861679077, -8.23971939087, -12.2134943008]
        cov: [[43677.1757812, -8407.16308594, -2118.61523438, 5235.20361328, 3295.06640625, 3418.82177734, 1724.08398438, 192.201538086, -3323.77978516, -3366.70507812, -1468.71386719, -799.506835938, 144.918319702], [-8407.16308594, 2358.82080078, 342.975463867, -774.593933105, -534.190002441, -558.891845703, -209.519104004, -5.37426328659, 720.149963379, 691.630249023, 272.173553467, 160.148513794, 42.4570274353], [-2118.61523438, 342.975463867, 748.873596191, -161.425933838, -63.68359375, -20.8104686737, 82.9394454956, 25.467710495, 370.532714844, 278.162078857, 115.620231628, 164.956390381, 64.8354797363], [5235.20361328, -774.593933105, -161.425933838, 1321.48132324, 716.403625488, 559.09161377, 192.083099365, -44.2319107056, -480.080657959, -514.905883789, -276.486755371, -94.4925689697, 192.613647461], [3295.06640625, -534.190002441, -63.68359375, 716.403625488, 532.434814453, 328.665802002, 77.0227355957, -54.6788978577, -315.802307129, -317.415222168, -187.26449585, -77.5425415039, 132.1144104], [3418.82177734, -558.891845703, -20.8104686737, 559.09161377, 328.665802002, 452.730682373, 245.244812012, 55.865486145, -228.061508179, -271.670654297, -132.216598511, -25.945810318, 60.7772445679], [1724.08398438, -209.519104004, 82.9394454956, 192.083099365, 77.0227355957, 245.244812012, 325.990600586, 129.887924194, 39.7364349365, -49.8448867798, 11.4030952454, 51.1416435242, -16.2686882019], [192.201538086, -5.37426328659, 25.467710495, -44.2319107056, -54.6788978577, 55.865486145, 129.887924194, 137.069198608, 91.1122741699, 46.4931869507, 32.9692955017, 14.4772510529, -50.9237174988], [-3323.77978516, 720.149963379, 370.532714844, -480.080657959, -315.802307129, -228.061508179, 39.7364349365, 91.1122741699, 577.499572754, 478.753967285, 204.678771973, 124.666000366, -86.5295181274], [-3366.70507812, 691.630249023, 278.162078857, -514.905883789, -317.415222168, -271.670654297, -49.8448867798, 46.4931869507, 478.753967285, 479.535736084, 208.07623291, 106.15776062, -76.8988571167], [-1468.71386719, 272.173553467, 115.620231628, -276.486755371, -187.26449585, -132.216598511, 11.4030952454, 32.9692955017, 204.678771973, 208.07623291, 190.9584198, 113.897506714, -39.9468688965], [-799.506835938, 160.148513794, 164.956390381, -94.4925689697, -77.5425415039, -25.945810318, 51.1416435242, 14.4772510529, 124.666000366, 106.15776062, 113.897506714, 141.315170288, 30.6358757019], [144.918319702, 42.4570274353, 64.8354797363, 192.613647461, 132.1144104, 60.7772445679, -16.2686882019, -50.9237174988, -86.5295181274, -76.8988571167, -39.9468688965, 30.6358757019, 132.550735474]]
        icov: [[0.000285509362584, 0.000572394696064, 0.000444124103524, -0.000133877227199, -0.000525608542375, -0.000429921987234, -0.000919348618481, 0.000303145585349, 0.000216233966057, -0.00014962151181, -4.25258622272e-05, 0.000205434771487, 0.000200504029635], [0.000572394696064, 0.00236230785958, 0.00140478659887, -0.000383384962333, -0.000235553161474, -0.000473463558592, -0.00184453895781, 0.000694033631589, -0.00106299412437, -0.000860043568537, -0.000225755822612, 0.00137457216624, -0.00259898789227], [0.000444124103524, 0.00140478659887, 0.00403524795547, 0.000523166439962, -0.00138993852306, -0.00168288103305, -0.00129279214889, 0.00128128181677, -0.00319409160875, -0.00015520688612, 0.000854311743751, -0.00132409972139, -0.00279062986374], [-0.000133877227199, -0.000383384962333, 0.000523166439962, 0.00379849062301, -0.00324804871343, -0.00153322308324, 0.000309025985189, 0.000244573689997, -0.00136853870936, 0.00158113683574, 6.93695837981e-05, -0.000346942048054, -0.00130917760544], [-0.000525608542375, -0.000235553161474, -0.00138993852306, -0.00324804871343, 0.010683500208, -0.000953369541094, 0.00172593421303, 0.00118924363051, -0.000356615288183, -0.000562019355129, -0.000441661453806, 0.00387894851156, -0.00508114183322], [-0.000429921987234, -0.000473463558592, -0.00168288103305, -0.00153322308324, -0.000953369541094, 0.0120803220198, -0.00503096822649, -0.00231691729277, 0.00329244416207, -0.0014342200011, 0.00370062887669, -0.0021216836758, 0.000499275221955], [-0.000919348618481, -0.00184453895781, -0.00129279214889, 0.000309025985189, 0.00172593421303, -0.00503096822649, 0.015321941115, -0.00688286777586, -0.00564325181767, 0.00540222367272, -0.00173661939334, -0.00421788357198, 0.00150370784104], [0.000303145585349, 0.000694033631589, 0.00128128181677, 0.000244573689997, 0.00118924363051, -0.00231691729277, -0.00688286777586, 0.0166593752801, -0.00249690562487, 0.000375295407139, -0.00158121017739, 0.00354542024434, 0.00118841521908], [0.000216233966057, -0.00106299412437, -0.00319409160875, -0.00136853870936, -0.000356615288183, 0.00329244416207, -0.00564325181767, -0.00249690562487, 0.0200429856777, -0.015416091308, 0.0048265568912, -0.00362114305608, 0.00728103192523], [-0.00014962151181, -0.000860043568537, -0.00015520688612, 0.00158113683574, -0.000562019355129, -0.0014342200011, 0.00540222367272, 0.000375295407139, -0.015416091308, 0.0217704158276, -0.00864612776786, 0.00312833464704, -0.000519970257301], [-4.25258622272e-05, -0.000225755822612, 0.000854311743751, 6.93695837981e-05, -0.000441661453806, 0.00370062887669, -0.00173661939334, -0.00158121017739, 0.0048265568912, -0.00864612776786, 0.02403537184, -0.0183935333043, 0.0071524376981], [0.000205434771487, 0.00137457216624, -0.00132409972139, -0.000346942048054, 0.00387894851156, -0.0021216836758, -0.00421788357198, 0.00354542024434, -0.00362114305608, 0.00312833464704, -0.0183935333043, 0.0297142229974, -0.0145219955593], [0.000200504029635, -0.00259898789227, -0.00279062986374, -0.00130917760544, -0.00508114183322, 0.000499275221955, 0.00150370784104, 0.00118841521908, 0.00728103192523, -0.000519970257301, 0.0071524376981, -0.0145219955593, 0.0268649272621]]
    spectral_contrast:
        mean: [5.41635017726e-07, -1.01427053778e-06, 2.61793843492e-07, 3.15117944183e-07, -2.50497407706e-07, 2.5524266789e-07, 2.09089009218e-07, 1.19311403068e-06, -5.41244980923e-06, 3.37053666044e-06, 1.32098421091e-06, 2.99536026205e-07]
        var: [0.000401146360673, 0.000581183820032, 0.00161626539193, 0.00264867092483, 0.00652813306078, 0.00915099307895, 0.0725430324674, 0.135300695896, 0.20702573657, 0.462923884392, 1.09873330593, 21.2198123932]

rhythm:
    beats_loudness:
        dmean: 0.0020500284154
        dmean2: 0.00360167585313
        dvar: 2.72815327662e-06
        dvar2: 5.04013269165e-06
        max: 0.0129108922556
        mean: 0.00683335261419
        min: 0.00399691844359
        var: 8.83841585164e-06
    beats_loudness_bass:
        dmean: 0.212561011314
        dmean2: 0.437661111355
        dvar: 0.0123736960813
        dvar2: 0.0121469954029
        max: 0.472316324711
        mean: 0.238659918308
        min: 0.000750793260522
        var: 0.0297159031034
    bpm: 131.187393188
    bpm_confidence: 0
    first_peak_bpm: 131
    first_peak_spread: 0
    first_peak_weight: 1
    onset_rate: 2.69165039062
    second_peak_bpm: 0
    second_peak_spread: 0
    second_peak_weight: 0
    beats_position: [6.01590824127, 6.4732708931, 6.93063402176, 7.38799715042, 7.84535980225, 8.30272293091, 8.76008605957, 9.21744918823, 9.67481231689]
    bpm_estimates: [131.064910889, 131.018203735, 131.94694519, 131.096466064, 131.245071411, 130.937072754, 131.31300354, 131.289077759, 130.933227539, 130.976135254, 131.241271973]
    bpm_intervals: [0.457362651825, 0.457363128662, 0.457363128662, 0.457362651825, 0.457363128662, 0.457363128662, 0.457363128662, 0.457363128662]
    onset_times: [1.17260766029, 1.53251695633, 1.5673469305, 1.62539684772, 2.0549659729, 4.77170085907, 4.92263031006, 4.95746040344, 4.99229001999, 5.31736946106, 5.39863967896, 5.93269824982, 6.01396846771, 6.28099775314, 6.45514726639, 6.78022670746, 6.93115663528, 7.37233543396, 7.6858048439, 7.8251247406, 8.3011341095, 8.60299301147, 8.76553249359, 9.06739234924, 9.21832180023, 9.53179168701, 9.67111110687]
    rubato_start: []
    rubato_stop: []
    perceptual_tempo: "unknown"

sfx:
    inharmonicity:
        dmean: 0.0537921190262
        dmean2: 0.0971128419042
        dvar: 0.0033514383249
        dvar2: 0.00881012249738
        max: 0.377977967262
        mean: 0.0555749647319
        min: 0
        var: 0.00378724490292
    oddtoevenharmonicenergyratio:
        dmean: 1319.07495117
        dmean2: 2347.93554688
        dvar: 52520012
        dvar2: 144959056
        max: 99176.25
        mean: 1013.18212891
        min: 0
        var: 35848096
    pitch_after_max_to_before_max_energy_ratio: 9.79302597046
    pitch_centroid: 264.717041016
    pitch_max_to_total: 0.48223349452
    pitch_min_to_total: 0.885786831379
    tristimulus:
        dmean: [0.250753492117, 0.342858105898, 0.0994857251644]
        dmean2: [0.465039342642, 0.636528968811, 0.182469815016]
        dvar: [0.0704369395971, 0.0978675559163, 0.0225223358721]
        dvar2: [0.180389538407, 0.232071191072, 0.059414986521]
        max: [1, 0.99759799242, 0.984676003456]
        mean: [0.32189053297, 0.486873179674, 0.0799398198724]
        min: [0.000739478273317, 0, 0]
        var: [0.0905058681965, 0.132357731462, 0.0193224996328]

tonal:
    chords_changes_rate: 0.0353535339236
    chords_number_rate: 0.0151515156031
    chords_strength:
        dmean: 0.00769847910851
        dmean2: 0.00731287617236
        dvar: 3.88497282984e-05
        dvar2: 3.35191107297e-05
        max: 0.743535816669
        mean: 0.576801359653
        min: 0.294054657221
        var: 0.00995147973299
    key_strength: 0.749258160591
    tuning_diatonic_strength: 0.68904876709
    tuning_equal_tempered_deviation: 0.121044330299
    tuning_frequency: 442.293365479
    tuning_nontempered_energy_ratio: 0.768202662468
    hpcp:
        dmean: [0.0884932503104, 0.0846887901425, 0.093408882618, 0.0914719030261, 0.0626280233264, 0.0498725771904, 0.0570549592376, 0.0569107048213, 0.0426772646606, 0.0360192470253, 0.0541091226041, 0.109257899225, 0.135004222393, 0.109170883894, 0.0658694803715, 0.056105479598, 0.0516988411546, 0.0534539334476, 0.0682114586234, 0.100439816713, 0.110978722572, 0.0903270542622, 0.107557065785, 0.101634666324, 0.111676581204, 0.12844824791, 0.184422180057, 0.191226392984, 0.174490451813, 0.12395644933, 0.111704669893, 0.0974314659834, 0.102218843997, 0.10732191056, 0.10078471899, 0.0946702733636]
        dmean2: [0.153861179948, 0.155191585422, 0.150763869286, 0.14524319768, 0.105084128678, 0.0863423570991, 0.0992360413074, 0.0996139496565, 0.0747373998165, 0.0613128505647, 0.0858537778258, 0.171642377973, 0.210295081139, 0.180902287364, 0.114679656923, 0.0935322344303, 0.0864708274603, 0.0868616476655, 0.114247828722, 0.181276977062, 0.196624562144, 0.151746496558, 0.193493336439, 0.178257033229, 0.171262308955, 0.206091165543, 0.300703555346, 0.319875061512, 0.29644793272, 0.210972353816, 0.191231012344, 0.169869571924, 0.176667138934, 0.18491384387, 0.169541463256, 0.161762744188]
        dvar: [0.0363734476268, 0.0300819519907, 0.0248529333621, 0.0249051749706, 0.0140194250271, 0.012136856094, 0.0176667254418, 0.0153293693438, 0.00590821169317, 0.00449042534456, 0.00859818514436, 0.0198761709034, 0.0336749665439, 0.0203743297607, 0.0166476666927, 0.0127400597557, 0.0115029802546, 0.00981219112873, 0.0175384636968, 0.0365289375186, 0.0404379218817, 0.0218791309744, 0.0320116467774, 0.0312114674598, 0.0279681812972, 0.034574303776, 0.0433053746819, 0.0527624152601, 0.0364378802478, 0.0329349339008, 0.0360882692039, 0.0244680121541, 0.0263706091791, 0.0268792919815, 0.0221619829535, 0.0262526329607]
        dvar2: [0.106160633266, 0.0946833342314, 0.0649141743779, 0.06533267349, 0.0432565659285, 0.034546058625, 0.0506910942495, 0.0457843355834, 0.0169248748571, 0.0108775338158, 0.016343459487, 0.044755153358, 0.0716679990292, 0.0515771396458, 0.0495640486479, 0.0353783629835, 0.0287903249264, 0.0249222069979, 0.0393265448511, 0.1110002473, 0.128683924675, 0.0531651712954, 0.0939335823059, 0.10057669878, 0.0702763348818, 0.0736978054047, 0.0961901769042, 0.123752698302, 0.0952313542366, 0.0868041589856, 0.0940881818533, 0.0647660419345, 0.0696436837316, 0.0703354552388, 0.0577936805785, 0.077642723918]
        max: [1, 1, 1, 1, 0.79007512331, 0.876413345337, 0.903004348278, 1, 0.495086848736, 0.475088477135, 1, 0.999948084354, 1, 1, 0.937657535076, 0.904295921326, 1, 0.743521094322, 1, 1, 1, 1, 1, 1, 1, 1, 1, 1, 1, 1, 1, 0.980220735073, 1, 1, 1, 1]
        mean: [0.148801058531, 0.145515322685, 0.149613276124, 0.140562772751, 0.0826414749026, 0.0585778281093, 0.0594471842051, 0.0599376410246, 0.0518109835684, 0.0489748716354, 0.0769305974245, 0.329629331827, 0.462735623121, 0.231091976166, 0.0769274905324, 0.058840829879, 0.0575643964112, 0.0615435987711, 0.082440584898, 0.105989098549, 0.126048728824, 0.14352452755, 0.129156380892, 0.113857373595, 0.157222926617, 0.203313350677, 0.391204178333, 0.547398746014, 0.372101724148, 0.178213700652, 0.136492058635, 0.139360502362, 0.158220678568, 0.16526979208, 0.137475520372, 0.125233799219]
        min: [0, 4.99039560964e-06, 3.72727708964e-06, 6.48340119369e-06, 3.95825054511e-06, 3.99783857574e-06, 3.91706680603e-06, 5.70817155676e-06, 2.30247474065e-06, 1.35883306029e-06, 7.51321294956e-06, 0.00419803149998, 0.00394668243825, 0.000586036359891, 6.19487821041e-07, 2.19897742681e-06, 3.43709371009e-06, 7.45234319766e-06, 6.07732545177e-06, 1.48150638779e-06, 1.51382812419e-06, 3.27060115524e-06, 1.55675968472e-06, 2.09718336919e-06, 1.20017546124e-06, 5.71935606786e-06, 1.22407727758e-05, 3.22437772411e-05, 3.38479330821e-05, 1.51325764364e-06, 2.08130154533e-06, 4.03414651373e-06, 1.02382100522e-05, 1.490723389e-05, 3.62738296644e-06, 1.200001293e-06]
        var: [0.075078740716, 0.061415348202, 0.0520432405174, 0.0527141951025, 0.0145557103679, 0.0100573105738, 0.0133744599298, 0.0116240158677, 0.00628748582676, 0.00620380137116, 0.00977955572307, 0.0939118266106, 0.148916482925, 0.0384652912617, 0.0169304218143, 0.0114107374102, 0.0120109003037, 0.0115042710677, 0.0223253667355, 0.0374003574252, 0.0421195998788, 0.0533674992621, 0.0392646491528, 0.0281737670302, 0.051980573684, 0.0690393522382, 0.0936974212527, 0.151865616441, 0.0893245786428, 0.0502765737474, 0.043477833271, 0.0381046980619, 0.0529017746449, 0.0509047731757, 0.0354964137077, 0.0358140021563]
    chords_histogram: [44.9494934082, 0, 17.6767673492, 0, 0, 0, 0, 0, 0, 0, 0, 0, 0, 0, 0, 0, 0, 37.3737373352, 0, 0, 0, 0, 0, 0]
    thpcp: [1, 0.679763555527, 0.325564682484, 0.249346673489, 0.254586815834, 0.289040982723, 0.30191847682, 0.251143276691, 0.228779837489, 0.27183303237, 0.26583057642, 0.273316800594, 0.256783157587, 0.150971248746, 0.107011258602, 0.108599416912, 0.109495393932, 0.0946494340897, 0.0894683673978, 0.140538498759, 0.602174043655, 0.845335543156, 0.422163873911, 0.140532821417, 0.107491716743, 0.105159901083, 0.112429194152, 0.150604262948, 0.193623200059, 0.230268567801, 0.262193739414, 0.235945701599, 0.207997143269, 0.287218272686, 0.371417284012, 0.714660346508]
    chords_key: "F#"
    chords_scale: "major"
    key_key: "F#"
    key_scale: "major"
    chords_progression: ["F#", "F#", "F#", "F#", "F#", "F#", "F#", "F#", "F#", "F#", "F#", "F#", "F#", "F#", "F#", "F#", "F#", "F#", "F#", "F#", "F#", "F#", "F#", "F#", "F#", "F#", "F#", "F#", "F#", "F#", "F#", "F#", "F#", "F#", "F#", "F#", "F#", "F#", "F#", "F#", "F#", "F#", "F#", "F#", "F#", "F#", "F#", "F#", "F#", "F#", "F#", "F#", "F#", "F#", "F#", "F#", "F#", "F#", "F#", "F#", "F#", "F#", "F#", "F#", "F#", "F#", "F#", "F#", "F#", "C#", "C#", "C#", "C#", "C#", "C#", "C#", "C#", "C#", "C#", "C#", "C#", "C#", "C#", "C#", "C#", "C#", "C#", "C#", "C#", "C#", "C#", "C#", "C#", "C#", "C#", "C#", "C#", "C#", "C#", "C#", "C#", "C#", "C#", "C#", "F#", "F#", "F#", "F#", "F#m", "F#m", "F#m", "F#m", "F#m", "F#m", "F#m", "F#", "F#", "F#", "F#", "F#", "F#", "F#", "F#", "F#m", "F#m", "F#m", "F#m", "F#m", "F#m", "F#m", "F#m", "F#m", "F#m", "F#m", "F#m", "F#m", "F#m", "F#m", "F#m", "F#m", "F#m", "F#m", "F#m", "F#m", "F#m", "F#m", "F#m", "F#m", "F#m", "F#m", "F#m", "F#m", "F#m", "F#m", "F#m", "F#m", "F#m", "F#m", "F#m", "F#m", "F#m", "F#m", "F#m", "F#m", "F#m", "F#m", "F#m", "F#m", "F#m", "F#m", "F#m", "F#m", "F#m", "F#m", "F#m", "F#m", "F#m", "F#m", "F#m", "F#m", "F#m", "F#m", "F#m", "F#m", "F#m", "F#m", "F#m", "F#", "F#", "F#", "F#", "F#", "F#", "F#", "F#", "F#m", "F#m", "F#m"]
