
metadata:
    version:
        essentia: "1.2.2"
    audio_properties:
        analysis_sample_rate: 44100
        bitrate: 128
        channels: 2
        equal_loudness: 1
        length: 10.0048980713
        replay_gain: -13.9289112091
        downmix: "mix"
    tags:
        track: 62
        year: 0
        album: "Splitted by Mp3Splt v. 2.1"
        artist: "From 010.10 To 010.20"
        comment: "http://mp3splt.sf.net"
        genre: ""
        title: "01 Breaking into Heaven.mp3"

highlevel:
    ballroom:
        all:
            ChaChaCha: 0.0444446131587
            Jive: 0.677250564098
            Quickstep: 0.0150655610487
            Rumba-American: 0.00236539752223
            Rumba-International: 0.0228649433702
            Rumba-Misc: 0.00455168541521
            Samba: 0.150784239173
            Tango: 0.00640946114436
            VienneseWaltz: 0.0662734284997
            Waltz: 0.00999009702355
        probability: 0.677250564098
        value: "Jive"
    culture:
        all:
            non_western: 0.0085429251194
            western: 0.991457045078
        probability: 0.991457045078
        value: "western"
    gender:
        all:
            female: 0.0645473971963
            male: 0.935452580452
        probability: 0.935452580452
        value: "male"
    genre_dortmund:
        all:
            alternative: 0.0624976865947
            blues: 0.0290225166827
            electronic: 0.0148159265518
            folkcountry: 0.0204488802701
            funksoulrnb: 0.00671043945476
            jazz: 0.0645465925336
            pop: 0.016224546358
            raphiphop: 0.000669323722832
            rock: 0.785064101219
        probability: 0.785064101219
        value: "rock"
    genre_electronica:
        all:
            ambient: 0.101583436131
            dnb: 0.604450881481
            house: 0.00522183300927
            techno: 0.0369502678514
            trance: 0.251793563366
        probability: 0.604450881481
        value: "dnb"
    genre_rosamerica:
        all:
            cla: 0.00454321550205
            dan: 0.00283080968075
            hip: 0.00162914977409
            jaz: 0.001829582965
            pop: 0.00220337579958
            rhy: 0.00227244873531
            roc: 0.984270751476
            spe: 0.000420647702413
        probability: 0.984270751476
        value: "roc"
    genre_tzanetakis:
        all:
            blu: 0.0140043208376
            cla: 0.0090167094022
            cou: 0.121615231037
            dis: 0.0165109131485
            hip: 0.0104803564027
            jaz: 0.0270321592689
            met: 0.509099304676
            pop: 0.0107870465145
            reg: 0.00523232854903
            roc: 0.276221603155
        probability: 0.509099304676
        value: "met"
    live_studio:
        all:
            live: 0.00886728987098
            studio: 0.991132736206
        probability: 0.991132736206
        value: "studio"
    mood:
        all:
            Cluster1: 0.291587620974
            Cluster2: 0.0248499866575
            Cluster3: 0.0060661425814
            Cluster4: 0.0345752760768
            Cluster5: 0.642920970917
        probability: 0.642920970917
        value: "Cluster5"
    mood_acoustic:
        all:
            acoustic: 0.00433934945613
            not_acoustic: 0.995660662651
        probability: 0.995660662651
        value: "not_acoustic"
    mood_aggressive:
        all:
            aggressive: 0.997548878193
            not_aggressive: 0.00245111109689
        probability: 0.997548878193
        value: "aggressive"
    mood_electronic:
        all:
            electronic: 0.0900625288486
            not_electronic: 0.909937441349
        probability: 0.909937441349
        value: "not_electronic"
    mood_happy:
        all:
            happy: 0.400463342667
            not_happy: 0.599536657333
        probability: 0.599536657333
        value: "not_happy"
    mood_party:
        all:
            not_party: 0.421957343817
            party: 0.578042626381
        probability: 0.578042626381
        value: "party"
    mood_relaxed:
        all:
            not_relaxed: 0.259623497725
            relaxed: 0.740376472473
        probability: 0.740376472473
        value: "relaxed"
    mood_sad:
        all:
            not_sad: 2.07728625412e-08
            sad: 1
        probability: 1
        value: "sad"
    rhythm:
        all:
            fast: 0.938085436821
            medium: 0.0242084302008
            slow: 0.0377061516047
        probability: 0.938085436821
        value: "fast"
    speech_music:
        all:
            music: 3.00000096379e-14
            speech: 1
        probability: 1
        value: "speech"
    timbre:
        all:
            bright: 0.26757478714
            dark: 0.73242521286
        probability: 0.73242521286
        value: "dark"
    voice_instrumental:
        all:
            instrumental: 0.999992966652
            voice: 7.04026797393e-06
        probability: 0.999992966652
        value: "instrumental"

lowlevel:
    average_loudness: 0.97762709856
    barkbands_kurtosis:
        dmean: 0.517529070377
        dmean2: 0.873958528042
        dvar: 0.578673899174
        dvar2: 1.43788182735
        max: 5.28098773956
        mean: -1.14248418808
        min: -1.83616781235
        var: 0.712479233742
    barkbands_skewness:
        dmean: 0.434885650873
        dmean2: 0.719570696354
        dvar: 0.161436334252
        dvar2: 0.437315940857
        max: 1.2422618866
        mean: -0.335859119892
        min: -2.38969922066
        var: 0.306184142828
    barkbands_spread:
        dmean: 5.60009765625
        dmean2: 9.22374629974
        dvar: 28.1326980591
        dvar2: 69.2929077148
        max: 55.6414718628
        mean: 38.0683174133
        min: 13.464132309
        var: 48.2605438232
    dissonance:
        dmean: 0.0110343201086
        dmean2: 0.0189273282886
        dvar: 8.23913287604e-05
        dvar2: 0.000233632556046
        max: 0.499173849821
        mean: 0.478936254978
        min: 0.431814014912
        var: 0.000129336040118
    hfc:
        dmean: 2.51374173164
        dmean2: 3.84693288803
        dvar: 7.34614753723
        dvar2: 14.8036289215
        max: 41.1218338013
        mean: 10.0600528717
        min: 2.03457808495
        var: 28.5143852234
    pitch:
        dmean: 926.660217285
        dmean2: 1815.30639648
        dvar: 1832548.5
        dvar2: 4374944
        max: 4009.09082031
        mean: 1193.5078125
        min: 73.7458190918
        var: 2055407.875
    pitch_instantaneous_confidence:
        dmean: 0.0916994214058
        dmean2: 0.149715617299
        dvar: 0.00516447471455
        dvar2: 0.0136998454109
        max: 0.86438369751
        mean: 0.409497529268
        min: 0.166618645191
        var: 0.0172640178353
    pitch_salience:
        dmean: 0.0572310388088
        dmean2: 0.0957050845027
        dvar: 0.00258488021791
        dvar2: 0.00740298209712
        max: 0.809502243996
        mean: 0.634546935558
        min: 0.382141172886
        var: 0.00441535469145
    silence_rate_20dB:
        dmean: 0
        dmean2: 0
        dvar: 0
        dvar2: 0
        max: 1
        mean: 1
        min: 1
        var: 0
    silence_rate_30dB:
        dmean: 0
        dmean2: 0
        dvar: 0
        dvar2: 0
        max: 1
        mean: 1
        min: 1
        var: 0
    silence_rate_60dB:
        dmean: 0.0744186043739
        dmean2: 0.146853148937
        dvar: 0.0688807964325
        dvar2: 0.176569491625
        max: 1
        mean: 0.0672853812575
        min: 0
        var: 0.0627583488822
    spectral_centroid:
        dmean: 293.164672852
        dmean2: 485.995941162
        dvar: 68347.4375
        dvar2: 186681.421875
        max: 2918.81005859
        mean: 1831.65722656
        min: 752.395629883
        var: 145481.4375
    spectral_complexity:
        dmean: 3.48598122597
        dmean2: 5.44496488571
        dvar: 7.88532352448
        dvar2: 15.6099596024
        max: 44
        mean: 18.9603729248
        min: 3
        var: 32.3597373962
    spectral_crest:
        dmean: 1.60693264008
        dmean2: 2.77931642532
        dvar: 2.23896121979
        dvar2: 6.18026590347
        max: 15.5918922424
        mean: 5.64093065262
        min: 2.79362630844
        var: 3.72307777405
    spectral_decrease:
        dmean: 2.81280887471e-10
        dmean2: 4.5671966209e-10
        dvar: 1.19971807428e-19
        dvar2: 2.94908241445e-19
        max: -3.84858311886e-10
        mean: -1.1797988142e-09
        min: -4.15371825824e-09
        var: 2.0895440473e-19
    spectral_energy:
        dmean: 0.00122551666573
        dmean2: 0.00195594853722
        dvar: 2.11110841519e-06
        dvar2: 4.93505422128e-06
        max: 0.0181351881474
        mean: 0.00536530883983
        min: 0.00171005516313
        var: 4.56432690044e-06
    spectral_energyband_high:
        dmean: 0.000117196621432
        dmean2: 0.000181969502592
        dvar: 2.92057009688e-08
        dvar2: 7.01197038211e-08
        max: 0.00223859329708
        mean: 0.00034369219793
        min: 6.11386494711e-05
        var: 6.21089384367e-08
    spectral_energyband_low:
        dmean: 0.000334685581038
        dmean2: 0.000604674743954
        dvar: 3.51000323917e-07
        dvar2: 1.02358615095e-06
        max: 0.00428572203964
        mean: 0.000476456654724
        min: 7.34182503948e-06
        var: 2.70657835699e-07
    spectral_energyband_middle_high:
        dmean: 0.000779442256317
        dmean2: 0.00123630918097
        dvar: 6.71835664434e-07
        dvar2: 1.48620813434e-06
        max: 0.0111707113683
        mean: 0.00300248572603
        min: 0.000553522782866
        var: 2.25838971346e-06
    spectral_energyband_middle_low:
        dmean: 0.000636130687781
        dmean2: 0.00107890041545
        dvar: 1.01845660083e-06
        dvar2: 2.72081592811e-06
        max: 0.00986035913229
        mean: 0.00154266424943
        min: 0.00026809060364
        var: 1.03595641576e-06
    spectral_flatness_db:
        dmean: 0.0137664601207
        dmean2: 0.0215607155114
        dvar: 0.000130065338453
        dvar2: 0.000299874343909
        max: 0.191800534725
        mean: 0.139092773199
        min: 0.0624390169978
        var: 0.000352048693458
    spectral_flux:
        dmean: 0.00842098891735
        dmean2: 0.0123813534155
        dvar: 6.15165990894e-05
        dvar2: 0.000131995941047
        max: 0.105034090579
        mean: 0.0442969277501
        min: 0.0210106670856
        var: 0.00015405540762
    spectral_kurtosis:
        dmean: 0.989101171494
        dmean2: 1.71626257896
        dvar: 0.699622869492
        dvar2: 1.94904434681
        max: 9.48970413208
        mean: 3.6217110157
        min: 1.41932487488
        var: 1.19185817242
    spectral_rms:
        dmean: 0.000257288658759
        dmean2: 0.000410633103456
        dvar: 7.54116697976e-08
        dvar2: 1.69873374034e-07
        max: 0.00420628907159
        mean: 0.00224938546307
        min: 0.00129164487589
        var: 1.7470942737e-07
    spectral_rolloff:
        dmean: 224.136611938
        dmean2: 366.972106934
        dvar: 49658.5742188
        dvar2: 123520.203125
        max: 4349.70703125
        mean: 3356.36889648
        min: 1787.25585938
        var: 124528.296875
    spectral_skewness:
        dmean: 0.1535230726
        dmean2: 0.240672022104
        dvar: 0.0156947579235
        dvar2: 0.0372132509947
        max: 2.20438480377
        mean: 1.25658166409
        min: 0.721326828003
        var: 0.0522305853665
    spectral_spread:
        dmean: 482571.6875
        dmean2: 637493
        dvar: 556053757952
        dvar2: 655319367680
        max: 16746728
        mean: 4095981.5
        min: 2740005
        var: 973849755648
    spectral_strongpeak:
        dmean: 0.810189247131
        dmean2: 1.45405566692
        dvar: 1.45365524292
        dvar2: 3.7199845314
        max: 7.82570838928
        mean: 0.838393628597
        min: 0.0308671649545
        var: 1.65726709366
    zerocrossingrate:
        dmean: 0.00691123306751
        dmean2: 0.0092579042539
        dvar: 3.71430942323e-05
        dvar2: 4.83472249471e-05
        max: 0.14111328125
        mean: 0.103174172342
        min: 0.04345703125
        var: 0.000180235729204
    barkbands:
        dmean: [2.5733709208e-07, 0.000114459049655, 0.000250639335718, 0.000382977450499, 0.000257504347246, 0.000100213102996, 0.000100262608612, 5.08048397023e-05, 8.61323060235e-05, 5.90209529037e-05, 5.43675487279e-05, 5.29539611307e-05, 3.80319470423e-05, 4.90266247652e-05, 0.00010209219181, 0.000139362557093, 0.00029583540163, 0.000343522900948, 0.000294623227092, 0.000153187385877, 5.22540321981e-05, 1.68298192875e-05, 3.05908702103e-06, 8.64443052251e-07, 7.55934593144e-07, 8.83008226538e-08, 5.29484278644e-09]
        dmean2: [3.69096483155e-07, 0.000205044765607, 0.00044897411135, 0.000655331648886, 0.000446429970907, 0.000168776707142, 0.000156017849804, 8.17520558485e-05, 0.000128895058879, 9.44744024309e-05, 8.63661480253e-05, 8.47412011353e-05, 5.88447146583e-05, 7.93158978922e-05, 0.000165399746038, 0.000219656707486, 0.000483574898681, 0.000562351371627, 0.000488276797114, 0.000239839835558, 7.94053557911e-05, 2.68294406851e-05, 4.65519860882e-06, 1.23963559417e-06, 9.45689862419e-07, 1.19363889439e-07, 5.56583445999e-09]
        dvar: [2.65633787752e-13, 4.08065226054e-08, 1.92990995629e-07, 4.13451971326e-07, 1.464395325e-07, 1.26216592733e-08, 1.22699983507e-08, 3.48728179667e-09, 1.31512916113e-08, 5.57546764313e-09, 4.49110926226e-09, 4.05358235867e-09, 1.76277381581e-09, 2.78513989649e-09, 1.28488872875e-08, 3.30114922065e-08, 1.59393366062e-07, 1.67948442709e-07, 1.40065424148e-07, 3.84871441383e-08, 5.8952580595e-09, 3.7347208659e-10, 1.69535167155e-11, 1.8295280655e-12, 1.29088959574e-12, 3.56445050613e-14, 1.00841923584e-14]
        dvar2: [4.38607510771e-13, 1.15596570538e-07, 5.66913342936e-07, 1.11197527985e-06, 4.00079727569e-07, 4.03189694964e-08, 2.91692856536e-08, 8.6130667043e-09, 2.58794798924e-08, 1.3256311604e-08, 1.06142463707e-08, 9.89278881036e-09, 4.06952382903e-09, 7.06732583566e-09, 3.11865271385e-08, 8.54871089473e-08, 3.89778136878e-07, 3.55349953907e-07, 4.05690258276e-07, 8.07994098295e-08, 1.41304461465e-08, 8.74194161504e-10, 3.71835236213e-11, 3.93335277543e-12, 2.35680724069e-12, 6.51119037702e-14, 1.00803349703e-14]
        max: [7.01937688063e-06, 0.00123393698595, 0.00330833089538, 0.00613239407539, 0.00287262047641, 0.000838748004753, 0.00134497799445, 0.000545664457604, 0.00181752222124, 0.000642764789518, 0.000543286965694, 0.000520160712767, 0.000449727871455, 0.000630194495898, 0.00111041450873, 0.00193683535326, 0.00570920389146, 0.00420426623896, 0.00461169332266, 0.00238738209009, 0.0010398196755, 0.000200423382921, 4.4043721573e-05, 1.49811021402e-05, 9.76981209533e-06, 2.27733266911e-06, 2.08300457416e-06]
        mean: [3.32263766722e-07, 0.000129165040562, 0.000346969784005, 0.000533187645487, 0.000386197905755, 0.000165851000929, 0.000198639652808, 8.1016223703e-05, 0.00016508018598, 9.8812073702e-05, 8.77066486282e-05, 7.83716823207e-05, 7.0267386036e-05, 9.61149198702e-05, 0.000201220434974, 0.000270351272775, 0.00055194448214, 0.000675287970807, 0.000646575645078, 0.000383873179089, 0.000147687329445, 4.0556446038e-05, 6.90981141815e-06, 1.87826174169e-06, 1.21125185615e-06, 9.61755972639e-08, 5.30264543386e-09]
        min: [1.03024040687e-10, 1.26535792333e-06, 3.49616630047e-06, 5.8067498685e-06, 1.14647455121e-05, 4.02816522183e-06, 3.63931872016e-06, 2.61889863395e-06, 5.23580501977e-06, 1.92578409042e-06, 2.43965587288e-06, 2.68827716354e-06, 3.77854735234e-06, 5.2772370509e-06, 1.88755238923e-05, 6.92997991791e-06, 3.81157151423e-05, 2.72484194284e-05, 8.34092934383e-05, 4.51333908131e-05, 1.89310394489e-05, 5.0898875088e-06, 4.6905211093e-07, 2.02466381438e-07, 6.55254481785e-08, 1.77485415254e-09, 2.15182540298e-13]
        var: [3.42189682622e-13, 2.91214501402e-08, 1.65329041124e-07, 3.65759689203e-07, 1.4626745326e-07, 1.94556122324e-08, 3.44406352326e-08, 6.10053874084e-09, 4.23379482584e-08, 1.2449617337e-08, 7.91329490824e-09, 7.55054685442e-09, 4.29742774699e-09, 5.76260994478e-09, 2.62200430257e-08, 5.15253084643e-08, 2.60006942199e-07, 3.6349629795e-07, 3.32472495757e-07, 1.26963598746e-07, 1.03866355516e-08, 8.27171997564e-10, 3.0425717501e-11, 2.91299341419e-12, 2.4583210901e-12, 4.18101561402e-14, 1.00865360985e-14]
    mfcc:
        mean: [-684.481201172, 107.934318542, -58.8679618835, 67.0309524536, -7.15125751495, -2.89183664322, -3.08187103271, 1.36827790737, 1.19739878178, -3.70328497887, -3.87149119377, -5.08612298965, -5.60357618332]
        cov: [[389.864044189, -152.964767456, 49.0381088257, 2.41967201233, -36.6301956177, -43.9321746826, 7.67702198029, 2.01587796211, -19.515417099, -24.5964031219, -32.8439064026, -47.8835487366, -15.7576322556], [-152.964767456, 226.815979004, -43.5245094299, 16.688325882, -8.31122779846, 25.3542003632, -5.07279825211, -0.376319646835, 5.45654630661, 3.86758041382, 7.75229406357, 18.8598613739, 0.808404684067], [49.0381088257, -43.5245094299, 152.643386841, 11.2734212875, 25.9678077698, -11.394785881, 11.0198316574, -6.21894645691, 7.52544546127, 11.5457706451, 8.21213912964, 0.734934389591, 14.3126554489], [2.41967201233, 16.688325882, 11.2734212875, 110.174705505, 12.962141037, 5.70883703232, 3.6140897274, 2.27921152115, -4.8180232048, 11.0183506012, 5.45792865753, -6.74358558655, -12.5122699738], [-36.6301956177, -8.31122779846, 25.9678077698, 12.962141037, 97.0076751709, 30.6149768829, 1.88726890087, 2.75750684738, 12.5902919769, -0.834711611271, 16.4787445068, 10.4477815628, 4.76570463181], [-43.9321746826, 25.3542003632, -11.394785881, 5.70883703232, 30.6149768829, 63.7810020447, 18.802236557, 7.28474855423, 4.65978050232, 7.26341199875, 5.74272871017, 5.56897354126, 1.96894979477], [7.67702198029, -5.07279825211, 11.0198316574, 3.6140897274, 1.88726890087, 18.802236557, 59.8889808655, 19.934709549, 2.07947969437, -0.44154137373, 0.833957791328, 0.712542653084, -0.678452730179], [2.01587796211, -0.376319646835, -6.21894645691, 2.27921152115, 2.75750684738, 7.28474855423, 19.934709549, 60.6444549561, 24.4648895264, 2.52918338776, 2.29981327057, 8.01791763306, -2.87196874619], [-19.515417099, 5.45654630661, 7.52544546127, -4.8180232048, 12.5902919769, 4.65978050232, 2.07947969437, 24.4648895264, 49.4194641113, 21.2612686157, 3.66269469261, 3.84188103676, 4.50545597076], [-24.5964031219, 3.86758041382, 11.5457706451, 11.0183506012, -0.834711611271, 7.26341199875, -0.44154137373, 2.52918338776, 21.2612686157, 49.3623123169, 17.624786377, -6.24072217941, -1.165984869], [-32.8439064026, 7.75229406357, 8.21213912964, 5.45792865753, 16.4787445068, 5.74272871017, 0.833957791328, 2.29981327057, 3.66269469261, 17.624786377, 46.7708129883, 22.1349411011, -1.50275468826], [-47.8835487366, 18.8598613739, 0.734934389591, -6.74358558655, 10.4477815628, 5.56897354126, 0.712542653084, 8.01791763306, 3.84188103676, -6.24072217941, 22.1349411011, 58.9654388428, 20.7062568665], [-15.7576322556, 0.808404684067, 14.3126554489, -12.5122699738, 4.76570463181, 1.96894979477, -0.678452730179, -2.87196874619, 4.50545597076, -1.165984869, -1.50275468826, 20.7062568665, 44.6389465332]]
        icov: [[0.00450566830114, 0.00258458219469, -0.001229720423, -0.000677083793562, 0.00190232240129, 0.000549432646949, -4.96851316711e-05, -0.000856708211359, 7.17331422493e-05, 0.00278194760904, 2.41130619543e-05, 0.00267735123634, 0.000289320305455], [0.00258458219469, 0.00677644927055, 0.000459706003312, -0.00161479401868, 0.00270551838912, -0.00237547326833, 0.000797872897238, 0.00062876206357, -0.00173846317921, 0.00231294310652, -0.000551775970962, -0.000168053724337, 0.000353391573299], [-0.001229720423, 0.000459706003312, 0.00885996595025, -0.000747965066694, -0.0034736036323, 0.00350814429112, -0.00308361696079, 0.00204688240774, -0.000699173018802, -0.00290661747567, -0.000463065516669, -0.000308860035148, -0.00306959985755], [-0.000677083793562, -0.00161479401868, -0.000747965066694, 0.0106384428218, -0.00273529137485, 0.000749111699406, -0.00029840489151, -0.0017191816587, 0.00431236065924, -0.00486398860812, 0.00147722405382, -0.000519147957675, 0.00288408156484], [0.00190232240129, 0.00270551838912, -0.0034736036323, -0.00273529137485, 0.0178128629923, -0.00994598399848, 0.00321904779412, 0.00166030006949, -0.00791755970567, 0.0105344401672, -0.00814297795296, 0.00293106143363, -0.000897146295756], [0.000549432646949, -0.00237547326833, 0.00350814429112, 0.000749111699406, -0.00994598399848, 0.0253482721746, -0.00858158804476, -0.000830973847769, 0.00423413142562, -0.0079367319122, 0.00403353618458, -0.0015524844639, -0.000696734699886], [-4.96851316711e-05, 0.000797872897238, -0.00308361696079, -0.00029840489151, 0.00321904779412, -0.00858158804476, 0.0225556958467, -0.00802250765264, 0.00236268388107, 0.00229924614541, -0.00142060755752, 0.00144707318395, -0.000162884854944], [-0.000856708211359, 0.00062876206357, 0.00204688240774, -0.0017191816587, 0.00166030006949, -0.000830973847769, -0.00802250765264, 0.0265066828579, -0.0161127168685, 0.00503549491987, -0.00107189628761, -0.00413113925606, 0.00362884975038], [7.17331422493e-05, -0.00173846317921, -0.000699173018802, 0.00431236065924, -0.00791755970567, 0.00423413142562, 0.00236268388107, -0.0161127168685, 0.0394130274653, -0.0214867051691, 0.00971607677639, -0.00374095118605, -0.00132935447618], [0.00278194760904, 0.00231294310652, -0.00290661747567, -0.00486398860812, 0.0105344401672, -0.0079367319122, 0.00229924614541, 0.00503549491987, -0.0214867051691, 0.0433522723615, -0.0222933702171, 0.015049867332, -0.00433743838221], [2.41130619543e-05, -0.000551775970962, -0.000463065516669, 0.00147722405382, -0.00814297795296, 0.00403353618458, -0.00142060755752, -0.00107189628761, 0.00971607677639, -0.0222933702171, 0.0416682884097, -0.0207828152925, 0.0106620462611], [0.00267735123634, -0.000168053724337, -0.000308860035148, -0.000519147957675, 0.00293106143363, -0.0015524844639, 0.00144707318395, -0.00413113925606, -0.00374095118605, 0.015049867332, -0.0207828152925, 0.0343695171177, -0.0154582047835], [0.000289320305455, 0.000353391573299, -0.00306959985755, 0.00288408156484, -0.000897146295756, -0.000696734699886, -0.000162884854944, 0.00362884975038, -0.00132935447618, -0.00433743838221, 0.0106620462611, -0.0154582047835, 0.032198086381]]
    spectral_contrast:
        mean: [3.32354062493e-07, 4.81595812118e-08, 4.88186685743e-07, -8.45380384362e-07, -6.14386351572e-07, 2.24733138765e-08, 3.73449506696e-06, -5.6759531617e-06, 1.52221093686e-06, 3.21753941535e-06, 2.42586736476e-07, 4.09632593801e-06]
        var: [0.000210840109503, 0.000605952402111, 0.00109184521716, 0.00156523752958, 0.00185389036778, 0.00248557818122, 0.0410737432539, 0.0604869052768, 0.0979584008455, 0.150372698903, 0.191249877214, 0.351042181253]

rhythm:
    beats_loudness:
        dmean: 0.00357323279604
        dmean2: 0.00671650236472
        dvar: 6.90573551765e-06
        dvar2: 1.29095915327e-05
        max: 0.0130544528365
        mean: 0.00690559018403
        min: 0.00294319121167
        var: 8.88845715963e-06
    beats_loudness_bass:
        dmean: 0.111202962697
        dmean2: 0.172641277313
        dvar: 0.00300367944874
        dvar2: 0.0108135426417
        max: 0.422969669104
        mean: 0.169796302915
        min: 0.0215073954314
        var: 0.00788301881403
    bpm: 93.9526367188
    bpm_confidence: 0
    first_peak_bpm: 94
    first_peak_spread: 0
    first_peak_weight: 0.5
    onset_rate: 3.79813981056
    second_peak_bpm: 123
    second_peak_spread: 0
    second_peak_weight: 0.4375
    beats_position: [0.265403538942, 0.904026150703, 1.54264879227, 2.18127131462, 2.81989407539, 3.45851683617, 4.09713935852, 4.73576164246, 5.37438392639, 6.0574388504, 6.5450387001, 7.0326385498, 7.52023887634, 8.00783824921, 8.49543857574, 8.98303794861, 9.47063827515]
    bpm_estimates: [94.0801239014, 93.6087265015, 94.1200637817, 94.0016403198]
    bpm_intervals: [0.638622641563, 0.638622641563, 0.638622522354, 0.638622760773, 0.638622760773, 0.638622522354, 0.638622283936, 0.638622283936, 0.683054924011, 0.487599849701, 0.487599849701, 0.487600326538, 0.487599372864, 0.487600326538, 0.487599372864, 0.487600326538]
    onset_times: [0.0580498874187, 0.243809521198, 0.592108845711, 0.9287981987, 1.09133791924, 1.4164172411, 1.53251695633, 1.86920630932, 2.04335594177, 2.50775504112, 2.84444451332, 2.99537420273, 3.33206343651, 3.47138333321, 3.62231302261, 4.09832191467, 4.26086187363, 4.37696123123, 4.58594083786, 4.71365070343, 5.07356023788, 5.39863967896, 5.9094786644, 6.25777769089, 6.39709758759, 6.71056699753, 7.24462604523, 7.37233543396, 7.70902490616, 8.0224943161, 8.37079334259, 8.53333377838, 8.99773216248, 9.12544250488, 9.32281208038, 9.682721138, 9.85687065125, 10.0078001022]
    rubato_start: [6.5450387001]
    rubato_stop: [7.0326385498]
    perceptual_tempo: "unknown"

sfx:
    inharmonicity:
        dmean: 0.0608220584691
        dmean2: 0.107416041195
        dvar: 0.00337166851386
        dvar2: 0.00992519035935
        max: 0.361769109964
        mean: 0.0695995911956
        min: 0
        var: 0.00363048887812
    oddtoevenharmonicenergyratio:
        dmean: 3.27312612534
        dmean2: 6.18237113953
        dvar: 164.617614746
        dvar2: 481.78012085
        max: 164.940444946
        mean: 2.13863134384
        min: 0
        var: 91.7423706055
    pitch_after_max_to_before_max_energy_ratio: 0.7610476017
    pitch_centroid: 191.332641602
    pitch_max_to_total: 0.466200470924
    pitch_min_to_total: 0.494172483683
    tristimulus:
        dmean: [0.19023886323, 0.256755888462, 0.160297095776]
        dmean2: [0.336091727018, 0.444017142057, 0.280347377062]
        dvar: [0.0268904790282, 0.0451046153903, 0.0194378457963]
        dvar2: [0.0814621001482, 0.124118216336, 0.0519128926098]
        max: [1, 0.994505703449, 0.693210840225]
        mean: [0.314794301987, 0.428849875927, 0.167341470718]
        min: [0.00549423508346, 0, 0]
        var: [0.0326076857746, 0.0598308853805, 0.0247012302279]

tonal:
    chords_changes_rate: 0.0833333358169
    chords_number_rate: 0.0324074067175
    chords_strength:
        dmean: 0.0116566540673
        dmean2: 0.0129162296653
        dvar: 8.00857887953e-05
        dvar2: 0.000129944455693
        max: 0.600486338139
        mean: 0.451049298048
        min: 0.297838807106
        var: 0.00354309240356
    key_strength: 0.53638458252
    tuning_diatonic_strength: 0.460932523012
    tuning_equal_tempered_deviation: 0.179255768657
    tuning_frequency: 440.508575439
    tuning_nontempered_energy_ratio: 0.823592782021
    hpcp:
        dmean: [0.2170830369, 0.195926323533, 0.175878450274, 0.171474725008, 0.169140174985, 0.19276279211, 0.193861365318, 0.151700556278, 0.111479654908, 0.110387399793, 0.0944703221321, 0.104759812355, 0.10750951618, 0.0964763313532, 0.135288119316, 0.173897445202, 0.210298866034, 0.186952263117, 0.173693180084, 0.148622348905, 0.183300450444, 0.220519945025, 0.211212709546, 0.223278671503, 0.220425948501, 0.191822484136, 0.200994253159, 0.178532019258, 0.150402829051, 0.132063388824, 0.122612565756, 0.111350923777, 0.108957216144, 0.138487145305, 0.165853440762, 0.193135544658]
        dmean2: [0.362373679876, 0.327351152897, 0.309325248003, 0.30226829648, 0.291280061007, 0.329900681973, 0.322267234325, 0.244334638119, 0.187017053366, 0.193140000105, 0.164031222463, 0.181189224124, 0.187131673098, 0.172340318561, 0.231208279729, 0.278487235308, 0.352623552084, 0.319958984852, 0.293623894453, 0.25712621212, 0.322804450989, 0.37530785799, 0.349004596472, 0.402600646019, 0.378597408533, 0.319191217422, 0.34874600172, 0.306694805622, 0.269116252661, 0.235021442175, 0.202209636569, 0.186935946345, 0.186328142881, 0.232316076756, 0.280342042446, 0.330170601606]
        dvar: [0.0424089618027, 0.0343205220997, 0.0360962301493, 0.0417274795473, 0.0351591967046, 0.0397415421903, 0.0364600233734, 0.0230375248939, 0.0150654064491, 0.0212458726019, 0.0172086879611, 0.0186075121164, 0.0223660431802, 0.0139799993485, 0.0291474498808, 0.0321707092226, 0.0415859930217, 0.0376204065979, 0.0351317003369, 0.0326039083302, 0.0353766418993, 0.0565788261592, 0.0472690612078, 0.0557875931263, 0.0559506006539, 0.0421173013747, 0.0535564161837, 0.0391938462853, 0.033625267446, 0.032485447824, 0.0228028297424, 0.0174814295024, 0.0152777098119, 0.0165514461696, 0.0245594419539, 0.0351251885295]
        dvar2: [0.0968059301376, 0.0763406902552, 0.0911208167672, 0.1112947613, 0.0864759162068, 0.102158688009, 0.0872948616743, 0.0609865449369, 0.0373668558896, 0.0605935454369, 0.0490338765085, 0.0509379915893, 0.0588022395968, 0.0398597568274, 0.0873534679413, 0.0723235532641, 0.0965141579509, 0.0961779803038, 0.0848719105124, 0.0906375199556, 0.102157279849, 0.131020456553, 0.127299174666, 0.161079734564, 0.147247254848, 0.0990128740668, 0.129901528358, 0.107900224626, 0.100902043283, 0.0921085998416, 0.0567219443619, 0.0482771098614, 0.0414451882243, 0.0416354052722, 0.0690180286765, 0.0926346033812]
        max: [1, 1, 1, 1, 1, 1, 1, 1, 1, 0.834930062294, 1, 0.911574482918, 1, 0.747669816017, 1, 1, 1, 1, 1, 1, 1, 1, 1, 1, 1, 1, 1, 1, 1, 1, 1, 1, 0.754088282585, 1, 1, 1]
        mean: [0.375611752272, 0.360823839903, 0.292414575815, 0.257285267115, 0.255950003862, 0.336993068457, 0.396660625935, 0.296972304583, 0.164873823524, 0.136701494455, 0.130905076861, 0.147255167365, 0.147682413459, 0.124515503645, 0.190111577511, 0.337158203125, 0.345278024673, 0.295230180025, 0.270220071077, 0.193942382932, 0.254758477211, 0.398367762566, 0.362411648035, 0.281307846308, 0.27993580699, 0.267747819424, 0.268355816603, 0.260523796082, 0.194113150239, 0.183599725366, 0.234269335866, 0.19830776751, 0.172946348786, 0.229188740253, 0.253388553858, 0.283966034651]
        min: [0.0262461490929, 0.0128982905298, 0.0256353225559, 0.0133792143315, 0.0148883908987, 0.0437759198248, 0.0283249355853, 0.0123683037236, 0.0194586105645, 0.0164385754615, 0.0196769367903, 0.0133049311116, 0.00894329044968, 0.010830052197, 0.0183497760445, 0.0324151106179, 0.0157813616097, 0.0272399466485, 0.0202636793256, 0.00550243258476, 0.00519455457106, 0.00842257775366, 0.0118309175596, 0.0204495880753, 0.01151151862, 0.00639906572178, 0.0141290249303, 0.0100290914997, 0.011180896312, 0.0155252357945, 0.0128695908934, 0.0107268774882, 0.0122979627922, 0.0109881348908, 0.0213279724121, 0.040839202702]
        var: [0.0811300426722, 0.0719285979867, 0.071627907455, 0.0701116546988, 0.0615899302065, 0.0637695938349, 0.0761763527989, 0.0519682690501, 0.0198000185192, 0.018534520641, 0.0146986367181, 0.0197872370481, 0.0233561638743, 0.0131732206792, 0.0311900842935, 0.0880137979984, 0.0845897868276, 0.0486108064651, 0.0564609207213, 0.0335434824228, 0.0528620481491, 0.106333054602, 0.070774115622, 0.0591739565134, 0.0658114925027, 0.0610009357333, 0.0649884268641, 0.0491656772792, 0.0350466072559, 0.0349653623998, 0.0559733957052, 0.0294339489192, 0.018896356225, 0.0302959177643, 0.0361491031945, 0.0489596761763]
    chords_histogram: [42.1296310425, 0, 5.55555534363, 0, 11.5740737915, 3.70370364189, 0, 2.77777767181, 0, 0, 0, 12.5, 0.925925910473, 0, 0, 0, 0, 0, 0, 0, 0, 0, 0, 20.8333339691]
    thpcp: [1, 0.909741401672, 0.706151127815, 0.702706992626, 0.672112166882, 0.673638403416, 0.65397810936, 0.487271219492, 0.460879981518, 0.588073015213, 0.497800737619, 0.434137403965, 0.575319468975, 0.636066913605, 0.712823808193, 0.942876875401, 0.905755639076, 0.734031736851, 0.645848631859, 0.64249676466, 0.845934569836, 0.995714664459, 0.745472729206, 0.413873404264, 0.343154013157, 0.328603595495, 0.369646281004, 0.37071877718, 0.312564194202, 0.477226316929, 0.84634912014, 0.866731822491, 0.741099596024, 0.678318142891, 0.486842572689, 0.63950574398]
    chords_key: "D"
    chords_scale: "minor"
    key_key: "D"
    key_scale: "minor"
    chords_progression: ["Dm", "Dm", "Dm", "Dm", "Dm", "Dm", "Dm", "Dm", "Dm", "Dm", "Dm", "G#m", "G#m", "Dm", "Dm", "Dm", "Dm", "Dm", "Dm", "Dm", "Dm", "Dm", "Dm", "Dm", "Dm", "Dm", "Dm", "Dm", "Dm", "Dm", "Dm", "Dm", "Dm", "Dm", "Dm", "Dm", "Dm", "Dm", "Dm", "Dm", "Dm", "Dm", "Dm", "Dm", "Dm", "A#", "A#", "A#", "A#", "A#", "A#", "A#", "A#", "A#", "A#", "A#", "A#", "A#", "A#", "A#", "A#", "A#", "A#", "A#", "A#", "A#", "A#", "A#", "A#", "A#", "A#", "A#", "A#", "A#", "A#", "A#", "A#", "A#", "A#", "A#", "A#", "A#", "A#", "A#", "A#", "A#", "A#", "A#", "A#", "A#", "D", "D", "D", "D", "D", "D", "Dm", "Dm", "Dm", "Dm", "Dm", "Dm", "Dm", "Dm", "Dm", "Dm", "Dm", "Dm", "Am", "Am", "Am", "Dm", "Am", "Am", "Am", "Am", "Dm", "Dm", "Am", "Am", "Am", "Am", "Am", "E", "E", "E", "E", "E", "E", "E", "E", "E", "E", "E", "E", "E", "E", "E", "E", "E", "E", "E", "E", "E", "E", "E", "E", "Em", "E", "Em", "Em", "Em", "E", "E", "Em", "Em", "Em", "Em", "Em", "Em", "Em", "Em", "Em", "Em", "Em", "Em", "Em", "Em", "Em", "Em", "Em", "Em", "Em", "Em", "Em", "G", "G", "G", "G", "G", "G", "G", "G", "Dm", "Dm", "Dm", "Dm", "Dm", "Dm", "Dm", "Dm", "Dm", "Dm", "Dm", "Dm", "Dm", "Dm", "Dm", "Dm", "Dm", "Dm", "Dm", "Dm", "Dm", "Dm", "Dm", "Dm", "Dm", "Dm", "Dm", "Dm", "Dm", "Dm", "Dm", "Dm", "Dm"]
