
metadata:
    version:
        essentia: "1.2.2"
    audio_properties:
        analysis_sample_rate: 44100
        bitrate: 128
        channels: 2
        equal_loudness: 1
        length: 10.0310201645
        replay_gain: -12.7194080353
        downmix: "mix"
    tags:
        track: 9
        year: 0
        album: "Splitted by Mp3Splt v. 2.1"
        artist: "From 001.20 To 001.30"
        comment: "http://mp3splt.sf.net"
        genre: ""
        title: "06 Push.mp3"

highlevel:
    ballroom:
        all:
            ChaChaCha: 0.0370374806225
            Jive: 0.159181654453
            Quickstep: 0.045300938189
            Rumba-American: 0.0449000969529
            Rumba-International: 0.0865634530783
            Rumba-Misc: 0.123856797814
            Samba: 0.0881481841207
            Tango: 0.0268271863461
            VienneseWaltz: 0.121326930821
            Waltz: 0.266857266426
        probability: 0.266857266426
        value: "Waltz"
    culture:
        all:
            non_western: 0.00476507144049
            western: 0.995234906673
        probability: 0.995234906673
        value: "western"
    gender:
        all:
            female: 0.89071816206
            male: 0.109281815588
        probability: 0.89071816206
        value: "female"
    genre_dortmund:
        all:
            alternative: 0.0366447903216
            blues: 0.0212640576065
            electronic: 0.229412764311
            folkcountry: 0.119644775987
            funksoulrnb: 0.0566171854734
            jazz: 0.270282506943
            pop: 0.107042580843
            raphiphop: 0.0114058014005
            rock: 0.147685527802
        probability: 0.270282506943
        value: "jazz"
    genre_electronica:
        all:
            ambient: 0.821611702442
            dnb: 0.0840337872505
            house: 0.0194240882993
            techno: 0.0026341250632
            trance: 0.0722962766886
        probability: 0.821611702442
        value: "ambient"
    genre_rosamerica:
        all:
            cla: 0.0188460815698
            dan: 0.0235847607255
            hip: 0.00530774658546
            jaz: 0.713173210621
            pop: 0.173855692148
            rhy: 0.0535316690803
            roc: 0.0101084234193
            spe: 0.00159240374342
        probability: 0.713173210621
        value: "jaz"
    genre_tzanetakis:
        all:
            blu: 0.00262146838941
            cla: 0.0121814953163
            cou: 0.0214849021286
            dis: 0.0182779915631
            hip: 0.00192049110774
            jaz: 0.0950281322002
            met: 0.00155451078899
            pop: 0.792550504208
            reg: 0.0439319051802
            roc: 0.0104486094788
        probability: 0.792550504208
        value: "pop"
    live_studio:
        all:
            live: 0.0210891291499
            studio: 0.9789108634
        probability: 0.9789108634
        value: "studio"
    mood:
        all:
            Cluster1: 0.0725038945675
            Cluster2: 0.158031433821
            Cluster3: 0.613651096821
            Cluster4: 0.0918362811208
            Cluster5: 0.063977278769
        probability: 0.613651096821
        value: "Cluster3"
    mood_acoustic:
        all:
            acoustic: 0.210573866963
            not_acoustic: 0.789426147938
        probability: 0.789426147938
        value: "not_acoustic"
    mood_aggressive:
        all:
            aggressive: 0.0289720389992
            not_aggressive: 0.971027970314
        probability: 0.971027970314
        value: "not_aggressive"
    mood_electronic:
        all:
            electronic: 0.300398826599
            not_electronic: 0.699601173401
        probability: 0.699601173401
        value: "not_electronic"
    mood_happy:
        all:
            happy: 0.276573866606
            not_happy: 0.723426103592
        probability: 0.723426103592
        value: "not_happy"
    mood_party:
        all:
            not_party: 0.861486196518
            party: 0.13851377368
        probability: 0.861486196518
        value: "not_party"
    mood_relaxed:
        all:
            not_relaxed: 0.259623497725
            relaxed: 0.740376472473
        probability: 0.740376472473
        value: "relaxed"
    mood_sad:
        all:
            not_sad: 3.00000096379e-14
            sad: 1
        probability: 1
        value: "sad"
    rhythm:
        all:
            fast: 0.142514929175
            medium: 0.711215317249
            slow: 0.146269783378
        probability: 0.711215317249
        value: "medium"
    speech_music:
        all:
            music: 3.00000096379e-14
            speech: 1
        probability: 1
        value: "speech"
    timbre:
        all:
            bright: 0.267708957195
            dark: 0.732291042805
        probability: 0.732291042805
        value: "dark"
    voice_instrumental:
        all:
            instrumental: 0.933780610561
            voice: 0.0662193745375
        probability: 0.933780610561
        value: "instrumental"

lowlevel:
    average_loudness: 0.841269671917
    barkbands_kurtosis:
        dmean: 1.27671849728
        dmean2: 2.04603695869
        dvar: 5.07759952545
        dvar2: 12.5572519302
        max: 33.9315376282
        mean: 1.61807608604
        min: -1.78783631325
        var: 14.4402351379
    barkbands_skewness:
        dmean: 0.350524783134
        dmean2: 0.515560686588
        dvar: 0.147936418653
        dvar2: 0.288698226213
        max: 5.30671167374
        mean: 0.910990893841
        min: -2.50726723671
        var: 0.770292103291
    barkbands_spread:
        dmean: 4.01713514328
        dmean2: 5.9941983223
        dvar: 24.8904342651
        dvar2: 53.694316864
        max: 59.5750541687
        mean: 19.8953018188
        min: 2.58447337151
        var: 146.829803467
    dissonance:
        dmean: 0.0277374777943
        dmean2: 0.0465884879231
        dvar: 0.000668040127493
        dvar2: 0.00183333037421
        max: 0.498786300421
        mean: 0.433096885681
        min: 0.279769986868
        var: 0.00183183618356
    hfc:
        dmean: 1.044896245
        dmean2: 1.39466559887
        dvar: 3.22014689445
        dvar2: 6.89783477783
        max: 21.3295345306
        mean: 3.80374479294
        min: 0.0809039473534
        var: 18.5938796997
    pitch:
        dmean: 173.531341553
        dmean2: 340.001708984
        dvar: 573671.5
        dvar2: 1673772.375
        max: 5512.5
        mean: 443.866455078
        min: 77.7777786255
        var: 752035.625
    pitch_instantaneous_confidence:
        dmean: 0.0785327106714
        dmean2: 0.115737974644
        dvar: 0.00712690781802
        dvar2: 0.01477868855
        max: 0.925198197365
        mean: 0.547047019005
        min: 0.182795166969
        var: 0.0443557947874
    pitch_salience:
        dmean: 0.056382175535
        dmean2: 0.0900146216154
        dvar: 0.00239160656929
        dvar2: 0.00526673067361
        max: 0.803531229496
        mean: 0.610245108604
        min: 0.252881616354
        var: 0.00853581633419
    silence_rate_20dB:
        dmean: 0
        dmean2: 0
        dvar: 0
        dvar2: 0
        max: 1
        mean: 1
        min: 1
        var: 0
    silence_rate_30dB:
        dmean: 0
        dmean2: 0
        dvar: 0
        dvar2: 0
        max: 1
        mean: 1
        min: 1
        var: 0
    silence_rate_60dB:
        dmean: 0.078886307776
        dmean2: 0.15581394732
        dvar: 0.0726634263992
        dvar2: 0.145489171147
        max: 1
        mean: 0.657407402992
        min: 0
        var: 0.225223168731
    spectral_centroid:
        dmean: 176.725524902
        dmean2: 242.788345337
        dvar: 72028.0625
        dvar2: 133932.390625
        max: 3764.05249023
        mean: 1120.97216797
        min: 308.362609863
        var: 340556.3125
    spectral_complexity:
        dmean: 1.7599067688
        dmean2: 2.79672908783
        dvar: 7.7208981514
        dvar2: 17.7180233002
        max: 36
        mean: 7.11860466003
        min: 0
        var: 25.611530304
    spectral_crest:
        dmean: 2.23565554619
        dmean2: 3.66416859627
        dvar: 4.0630273819
        dvar2: 8.95125961304
        max: 24.0398330688
        mean: 9.51714134216
        min: 3.1556456089
        var: 13.8818311691
    spectral_decrease:
        dmean: 2.13816284123e-10
        dmean2: 2.97352642509e-10
        dvar: 1.42169263789e-19
        dvar2: 3.13770906242e-19
        max: -4.85056300681e-11
        mean: -7.46287143194e-10
        min: -4.8768300509e-09
        var: 5.97843081663e-19
    spectral_energy:
        dmean: 0.00089080008911
        dmean2: 0.00123352685478
        dvar: 2.48128299063e-06
        dvar2: 5.46490491615e-06
        max: 0.020340943709
        mean: 0.00316166994162
        min: 0.00019040920597
        var: 1.07309642772e-05
    spectral_energyband_high:
        dmean: 6.21187791694e-05
        dmean2: 9.14744086913e-05
        dvar: 1.64421596338e-08
        dvar2: 3.87551075676e-08
        max: 0.00172024278436
        mean: 0.00014251813991
        min: 2.91049190082e-07
        var: 4.6750535887e-08
    spectral_energyband_low:
        dmean: 3.81069439754e-05
        dmean2: 6.39328281977e-05
        dvar: 8.46958680967e-09
        dvar2: 2.213192829e-08
        max: 0.000821071211249
        mean: 6.4187181124e-05
        min: 2.1215007564e-06
        var: 7.21775172963e-09
    spectral_energyband_middle_high:
        dmean: 0.000539155560546
        dmean2: 0.000723786710296
        dvar: 9.20507090996e-07
        dvar2: 1.94930680664e-06
        max: 0.0146167594939
        mean: 0.00160070357379
        min: 6.49314370094e-06
        var: 5.38316135135e-06
    spectral_energyband_middle_low:
        dmean: 0.000501140661072
        dmean2: 0.000737788563129
        dvar: 9.64830292105e-07
        dvar2: 2.48807577918e-06
        max: 0.0118594998494
        mean: 0.00135420565493
        min: 0.00012164018699
        var: 1.90498894881e-06
    spectral_flatness_db:
        dmean: 0.016523366794
        dmean2: 0.0231189392507
        dvar: 0.000280398904579
        dvar2: 0.000462496187538
        max: 0.317678332329
        mean: 0.164590939879
        min: 0.0695061609149
        var: 0.00181899114978
    spectral_flux:
        dmean: 0.00681901536882
        dmean2: 0.0107469558716
        dvar: 9.17516008485e-05
        dvar2: 0.000222126574954
        max: 0.109327740967
        mean: 0.0236054155976
        min: 0.00468001049012
        var: 0.000223679584451
    spectral_kurtosis:
        dmean: 2.04186749458
        dmean2: 3.14195203781
        dvar: 8.77413845062
        dvar2: 20.0495967865
        max: 29.8547019958
        mean: 6.6790099144
        min: -0.407930850983
        var: 27.9138584137
    spectral_rms:
        dmean: 0.000223357070354
        dmean2: 0.000303077482386
        dvar: 9.39877011774e-08
        dvar2: 2.00386040206e-07
        max: 0.00445475289598
        mean: 0.00155428575817
        min: 0.000431004737038
        var: 6.68751340527e-07
    spectral_rolloff:
        dmean: 405.21572876
        dmean2: 659.277954102
        dvar: 314045.53125
        dvar2: 608655.5625
        max: 5727.83203125
        mean: 1984.46130371
        min: 322.998046875
        var: 1625866.625
    spectral_skewness:
        dmean: 0.25598809123
        dmean2: 0.37628903985
        dvar: 0.0927175208926
        dvar2: 0.175804138184
        max: 4.19632291794
        mean: 2.01469182968
        min: 0.415090620518
        var: 0.529766499996
    spectral_spread:
        dmean: 574473.6875
        dmean2: 724791.375
        dvar: 1.33101033882e+12
        dvar2: 1.6608484393e+12
        max: 23384476
        mean: 4923949
        min: 1785634.25
        var: 4.3321500631e+12
    spectral_strongpeak:
        dmean: 0.307507932186
        dmean2: 0.489891022444
        dvar: 0.238563150167
        dvar2: 0.515130877495
        max: 4.86755275726
        mean: 0.79275649786
        min: 0.01031271182
        var: 0.941301703453
    zerocrossingrate:
        dmean: 0.0076338048093
        dmean2: 0.00891569629312
        dvar: 0.000107439351268
        dvar2: 0.000121788594697
        max: 0.185546875
        mean: 0.0651196837425
        min: 0.01513671875
        var: 0.000983161618933
    barkbands:
        dmean: [6.92082153364e-07, 2.23739625653e-05, 2.11446586036e-05, 2.53724883805e-05, 0.000208097233553, 0.000188001678907, 4.21941185778e-05, 4.02403020416e-05, 0.000187894853298, 3.05477442453e-05, 0.000314482138492, 8.25485258247e-05, 7.90587218944e-05, 1.80476490641e-05, 6.51842710795e-05, 4.7964957048e-05, 4.1998209781e-05, 5.56144368602e-05, 5.2573162975e-05, 4.49058607046e-05, 2.7204187063e-05, 1.07975374704e-05, 1.65032110999e-06, 8.02834279057e-07, 7.62183958614e-07, 5.30783381691e-08, 1.1413122003e-08]
        dmean2: [1.11768531497e-06, 4.10454485973e-05, 3.56736200047e-05, 4.48927639809e-05, 0.000339658668963, 0.000270589342108, 6.56257689116e-05, 5.86196983932e-05, 0.000258478859905, 4.77742069052e-05, 0.000466093391879, 0.000122255849419, 0.000106826562842, 2.98742252198e-05, 9.83210848062e-05, 6.64170293021e-05, 6.05941313552e-05, 8.3463928604e-05, 8.72486780281e-05, 6.90224114805e-05, 4.2543582822e-05, 1.67895577761e-05, 2.44552779805e-06, 1.23756683479e-06, 1.11916995138e-06, 6.94366448784e-08, 1.16320642007e-08]
        dvar: [5.40881315431e-12, 6.20390938622e-09, 2.01640260045e-09, 2.6366966388e-09, 5.54830933197e-07, 8.97478287243e-08, 4.64400784495e-09, 4.71941818958e-09, 1.30296427869e-07, 1.0093371472e-08, 5.01983151935e-07, 4.93586220784e-08, 5.91379141213e-08, 1.09331987908e-09, 2.85914012466e-08, 1.1380998366e-08, 1.51064369902e-08, 1.18479830391e-08, 1.39673241861e-08, 9.8498276202e-09, 3.09725778358e-09, 7.90580712007e-10, 1.38024036644e-11, 3.37654882353e-12, 5.09724727704e-12, 6.1199465363e-14, 5.27981690757e-14]
        dvar2: [1.2110984958e-11, 1.78069576862e-08, 5.33534239011e-09, 7.20693327239e-09, 1.43759496041e-06, 1.92605043026e-07, 1.17592797721e-08, 1.04013606617e-08, 2.36138149035e-07, 2.85115895338e-08, 1.16298008379e-06, 1.04275663659e-07, 9.98510998329e-08, 2.57661070258e-09, 4.57222562034e-08, 2.05169801148e-08, 2.39802613322e-08, 2.67761830486e-08, 3.46567539111e-08, 2.29523564599e-08, 7.79260123096e-09, 2.13111595038e-09, 2.81862484741e-11, 7.89408816093e-12, 1.15116102414e-11, 7.22970403162e-14, 5.29071415584e-14]
        max: [2.36872492678e-05, 0.000745253753848, 0.000451963598607, 0.000429209438153, 0.00718190986663, 0.00368716265075, 0.000878325721715, 0.000880636041984, 0.00623229658231, 0.00145125342533, 0.0100829005241, 0.00246587907895, 0.00559811899439, 0.000377045129426, 0.00267707020976, 0.00252166809514, 0.00272489571944, 0.00163793493994, 0.00115800090134, 0.00145403598435, 0.000584171793889, 0.000402614852646, 6.31203874946e-05, 2.13175007957e-05, 3.15106626658e-05, 4.56260249848e-06, 4.76667491967e-06]
        mean: [7.73221415784e-07, 3.11139156111e-05, 3.23545900756e-05, 3.57005410478e-05, 0.000256382307271, 0.000432189030107, 0.00012193943985, 0.00010533304885, 0.00039713314618, 5.58204810659e-05, 0.000727244943846, 0.000106546300231, 0.000163560573128, 2.90188545478e-05, 0.00012310645252, 0.000101987287053, 7.8343822679e-05, 0.000102874837467, 9.42502520047e-05, 9.02988831513e-05, 5.14002858836e-05, 1.76965859282e-05, 3.31265005116e-06, 1.70264502231e-06, 1.47523428495e-06, 9.93508209035e-08, 1.14504006277e-08]
        min: [1.2004780503e-10, 2.58585544088e-07, 6.87095678131e-08, 2.46901748824e-07, 4.30207865065e-06, 1.02726562545e-05, 1.69489226209e-06, 8.24455469228e-07, 7.37833090625e-07, 6.13886186329e-07, 1.3542180568e-06, 1.70044287984e-07, 4.04980085023e-07, 2.83382092903e-07, 2.44054234599e-07, 1.13660860279e-07, 1.84363770472e-07, 2.71701338761e-07, 1.2389526205e-07, 1.13012227132e-07, 4.7784940449e-08, 7.36416350122e-09, 2.6889106497e-09, 1.42420342186e-09, 6.03546268518e-10, 5.21973332612e-11, 8.76056090735e-14]
        var: [5.65223692503e-12, 3.64126018226e-09, 2.3385580139e-09, 2.5800770409e-09, 4.52390764849e-07, 2.99687940242e-07, 2.39868356289e-08, 2.31224479563e-08, 6.10048005001e-07, 1.01340162928e-08, 2.17174874706e-06, 6.85459440319e-08, 2.90039508855e-07, 2.02804661953e-09, 8.77654500187e-08, 5.33237169975e-08, 4.64991067872e-08, 4.17683843068e-08, 2.55346481737e-08, 2.54592720239e-08, 5.53070167442e-09, 1.54139967457e-09, 4.16401080283e-11, 7.41592984937e-12, 1.15665038311e-11, 9.67783660285e-14, 5.27096914022e-14]
    mfcc:
        mean: [-767.886291504, 135.292358398, -38.6098937988, 29.6423683167, -17.8498249054, -9.78820991516, 0.616471230984, -11.0752801895, -2.59563112259, -7.4169344902, -8.47223567963, -0.530705809593, -4.00812149048]
        cov: [[4549.66015625, -1782.10693359, -644.80670166, -63.8080673218, -429.762878418, -90.3646774292, 37.009262085, 163.016784668, 0.544637680054, -49.990398407, -182.736709595, -65.6607131958, 75.3240966797], [-1782.10693359, 1485.140625, -183.81060791, -172.235427856, 238.382217407, -64.8636703491, 81.5720596313, -44.8836326599, -117.076118469, 68.1375579834, -7.3602976799, 33.1303253174, -31.7682971954], [-644.80670166, -183.81060791, 673.482055664, 102.160995483, -36.9979667664, 60.0137825012, -83.1735610962, -14.4057664871, 51.8698921204, -67.3371887207, 91.2547149658, -7.36216831207, -17.8405971527], [-63.8080673218, -172.235427856, 102.160995483, 249.339523315, 23.5132102966, 62.348033905, -91.4249801636, 0.75892996788, 32.6680908203, -29.7149066925, 34.2654342651, -25.8735256195, -6.31091356277], [-429.762878418, 238.382217407, -36.9979667664, 23.5132102966, 228.305465698, 1.73089039326, -28.8293151855, -25.4706878662, 9.14896011353, -2.99793624878, -7.70317173004, 7.71132898331, -30.095293045], [-90.3646774292, -64.8636703491, 60.0137825012, 62.348033905, 1.73089039326, 159.460876465, -14.6147298813, 15.8684158325, 2.12386035919, -16.9951057434, 46.6100769043, -30.9420814514, -4.05899953842], [37.009262085, 81.5720596313, -83.1735610962, -91.4249801636, -28.8293151855, -14.6147298813, 152.532546997, 4.86210870743, -34.954044342, 20.0711841583, -32.5566444397, 24.2922172546, -4.88430500031], [163.016784668, -44.8836326599, -14.4057664871, 0.75892996788, -25.4706878662, 15.8684158325, 4.86210870743, 66.5903167725, 10.7314853668, 3.38815617561, 4.88229131699, -8.79076099396, 7.29586410522], [0.544637680054, -117.076118469, 51.8698921204, 32.6680908203, 9.14896011353, 2.12386035919, -34.954044342, 10.7314853668, 108.574623108, 12.2018318176, 17.5756969452, -4.25184726715, -5.10053396225], [-49.990398407, 68.1375579834, -67.3371887207, -29.7149066925, -2.99793624878, -16.9951057434, 20.0711841583, 3.38815617561, 12.2018318176, 87.796875, -0.042896155268, -0.677291750908, 3.85123920441], [-182.736709595, -7.3602976799, 91.2547149658, 34.2654342651, -7.70317173004, 46.6100769043, -32.5566444397, 4.88229131699, 17.5756969452, -0.042896155268, 88.2921829224, -0.138491675258, 8.58529949188], [-65.6607131958, 33.1303253174, -7.36216831207, -25.8735256195, 7.71132898331, -30.9420814514, 24.2922172546, -8.79076099396, -4.25184726715, -0.677291750908, -0.138491675258, 79.1731872559, 15.9318628311], [75.3240966797, -31.7682971954, -17.8405971527, -6.31091356277, -30.095293045, -4.05899953842, -4.88430500031, 7.29586410522, -5.10053396225, 3.85123920441, 8.58529949188, 15.9318628311, 75.6779403687]]
        icov: [[0.00129809917416, 0.00171065854374, 0.00150350993499, 0.000763159361668, 0.000661142985336, 0.000799728441052, 0.000467735691927, -0.00185933359899, 0.000984508078545, 0.00082666578237, 0.000679421180394, 0.000676197581924, 0.000164267345099], [0.00171065854374, 0.00337444478646, 0.00201164698228, 0.0015786109725, -0.000446959980763, 0.00143375142943, 0.000361857819371, -0.00238363165408, 0.00256829871796, 0.000336523720762, 4.97199143865e-05, 0.000995600013994, 0.000412793160649], [0.00150350993499, 0.00201164698228, 0.00383579498157, 0.000665664614644, 0.00132216117345, 0.000877698417753, 0.000912159914151, -0.00141052855179, 0.000399312819354, 0.00242908857763, -0.00104877981357, 0.000602098938543, 0.000970994064119], [0.000763159361668, 0.0015786109725, 0.000665664614644, 0.00659630028531, -0.000463419943117, -0.00115167698823, 0.00301045691594, -0.000945624604356, 0.000449348706752, 0.000983975129202, 5.87509348406e-05, 0.000692884263117, 0.000477164314361], [0.000661142985336, -0.000446959980763, 0.00132216117345, -0.000463419943117, 0.00715773925185, -0.000677468662616, 0.00196608877741, 0.000741408730391, -0.00140543992165, 0.00130614568479, 0.00187619053759, -0.00127725955099, 0.00218776101246], [0.000799728441052, 0.00143375142943, 0.000877698417753, -0.00115167698823, -0.000677468662616, 0.00991426687688, -0.00176350562833, -0.00278035737574, 0.00177802238613, 0.00181149446871, -0.00482747890055, 0.00403204606846, 5.97830949118e-05], [0.000467735691927, 0.000361857819371, 0.000912159914151, 0.00301045691594, 0.00196608877741, -0.00176350562833, 0.0108208544552, -0.00157381314784, 0.00212970236316, -0.0014019405935, 0.00341940624639, -0.00341182015836, 0.00223505729809], [-0.00185933359899, -0.00238363165408, -0.00141052855179, -0.000945624604356, 0.000741408730391, -0.00278035737574, -0.00157381314784, 0.0197516884655, -0.00378019502386, -0.00092625617981, -0.00145363109186, 0.000640676589683, -0.00159901275765], [0.000984508078545, 0.00256829871796, 0.000399312819354, 0.000449348706752, -0.00140543992165, 0.00177802238613, 0.00212970236316, -0.00378019502386, 0.0133890686557, -0.00294294743799, -0.00120880722534, 8.64682660904e-05, 0.0014392650919], [0.00082666578237, 0.000336523720762, 0.00242908857763, 0.000983975129202, 0.00130614568479, 0.00181149446871, -0.0014019405935, -0.00092625617981, -0.00294294743799, 0.0149979190901, -0.00180602737237, 0.00208970019594, -0.000608071219176], [0.000679421180394, 4.97199143865e-05, -0.00104877981357, 5.87509348406e-05, 0.00187619053759, -0.00482747890055, 0.00341940624639, -0.00145363109186, -0.00120880722534, -0.00180602737237, 0.0182395484298, -0.002547722077, -0.00157209369354], [0.000676197581924, 0.000995600013994, 0.000602098938543, 0.000692884263117, -0.00127725955099, 0.00403204606846, -0.00341182015836, 0.000640676589683, 8.64682660904e-05, 0.00208970019594, -0.002547722077, 0.0166889894754, -0.00395390810445], [0.000164267345099, 0.000412793160649, 0.000970994064119, 0.000477164314361, 0.00218776101246, 5.97830949118e-05, 0.00223505729809, -0.00159901275765, 0.0014392650919, -0.000608071219176, -0.00157209369354, -0.00395390810445, 0.0158026851714]]
    spectral_contrast:
        mean: [-2.85114651888e-07, -4.55403750266e-07, -4.02088772944e-07, -2.35334383092e-07, 1.04827933001e-07, -4.0921014488e-07, 6.13511986103e-07, 4.67147947347e-06, 4.73926235145e-07, -1.64425648563e-06, -1.44825423831e-06, -7.14701286597e-07]
        var: [0.000508480647113, 0.000779856578447, 0.00170191132929, 0.00227199029177, 0.00389123521745, 0.0114247966558, 0.0580867379904, 0.103351280093, 0.171527937055, 0.303848326206, 0.383219778538, 2.09737825394]

rhythm:
    beats_loudness:
        dmean: 0.00416795304045
        dmean2: 0.00760298548266
        dvar: 1.73006628756e-05
        dvar2: 5.22455520695e-05
        max: 0.0159285776317
        mean: 0.00473641650751
        min: 0.000591980700847
        var: 1.55184970936e-05
    beats_loudness_bass:
        dmean: 0.0442623607814
        dmean2: 0.0739042386413
        dvar: 0.00150878063869
        dvar2: 0.0031976508908
        max: 0.133425533772
        mean: 0.0434567295015
        min: 0.00519818533212
        var: 0.00189135572873
    bpm: 139.050170898
    bpm_confidence: 0
    first_peak_bpm: 104
    first_peak_spread: 0.100000023842
    first_peak_weight: 0.5
    onset_rate: 3.78824877739
    second_peak_bpm: 139
    second_peak_spread: 0
    second_peak_weight: 0.444444447756
    beats_position: [0.535021662712, 1.11158120632, 1.68814074993, 2.26470017433, 2.84125971794, 3.41781926155, 3.99437880516, 4.57093858719, 5.1474981308, 5.72405767441, 6.3114156723, 6.74291992188, 7.17442464828, 7.60592937469, 8.03743362427, 8.46893787384, 8.90044307709, 9.33194828033, 9.76345252991]
    bpm_estimates: [138.087539673, 139.084838867, 139.2315979, 139.001449585, 139.824676514, 139.537124634, 139.091003418, 138.543106079]
    bpm_intervals: [0.57655954361, 0.57655954361, 0.5765594244, 0.57655954361, 0.57655954361, 0.57655954361, 0.576559782028, 0.57655954361, 0.57655954361, 0.587357997894, 0.431504249573, 0.43150472641, 0.43150472641, 0.431504249573, 0.431504249573, 0.431505203247, 0.431505203247, 0.431504249573]
    onset_times: [0.0696598663926, 0.220589563251, 0.441179126501, 0.638548731804, 1.05650794506, 1.26548755169, 1.72988665104, 1.93886625767, 2.12462592125, 2.20589566231, 2.42648530006, 2.63546490669, 2.83283448219, 3.27401351929, 3.55265307426, 3.69197273254, 4.34213161469, 4.57433128357, 5.00390005112, 5.4334692955, 5.73532867432, 6.3042178154, 6.58285713196, 6.73378705978, 6.8382768631, 7.18657588959, 8.03410434723, 8.34757328033, 8.76553249359, 8.88163280487, 8.96290206909, 9.05578231812, 9.17188167572, 9.38086128235, 9.47374153137, 9.58984088898, 9.72916126251, 9.79882049561]
    rubato_start: [6.74291992188]
    rubato_stop: [7.17442464828]
    perceptual_tempo: "unknown"

sfx:
    inharmonicity:
        dmean: 0.0406628809869
        dmean2: 0.0728795453906
        dvar: 0.00334646808915
        dvar2: 0.00932699721307
        max: 0.353660821915
        mean: 0.0425848066807
        min: 0.000101849444036
        var: 0.00346638029441
    oddtoevenharmonicenergyratio:
        dmean: 4.34268903732
        dmean2: 8.10159301758
        dvar: 529.692565918
        dvar2: 1623.14599609
        max: 307.576019287
        mean: 2.95702528954
        min: 0.000241761401412
        var: 273.426300049
    pitch_after_max_to_before_max_energy_ratio: 0.192129507661
    pitch_centroid: 168.948928833
    pitch_max_to_total: 0.688372075558
    pitch_min_to_total: 0.265116274357
    tristimulus:
        dmean: [0.178407594562, 0.203457221389, 0.0900810807943]
        dmean2: [0.299933314323, 0.345581442118, 0.161784604192]
        dvar: [0.0347527638078, 0.042186986655, 0.0126136317849]
        dvar2: [0.0948998108506, 0.117106832564, 0.0350464396179]
        max: [0.955958425999, 0.990410089493, 0.782382071018]
        mean: [0.377642929554, 0.50754070282, 0.0971514433622]
        min: [0.00204618135467, 0, 0]
        var: [0.0599479489028, 0.0631240308285, 0.0136843658984]

tonal:
    chords_changes_rate: 0.0462962947786
    chords_number_rate: 0.0277777779847
    chords_strength:
        dmean: 0.00888008531183
        dmean2: 0.00760456873104
        dvar: 5.47124582226e-05
        dvar2: 5.21730362379e-05
        max: 0.730104625225
        mean: 0.49365156889
        min: 0.320333182812
        var: 0.00836385414004
    key_strength: 0.761514663696
    tuning_diatonic_strength: 0.62775605917
    tuning_equal_tempered_deviation: 0.0874157845974
    tuning_frequency: 438.731048584
    tuning_nontempered_energy_ratio: 0.671774744987
    hpcp:
        dmean: [0.11994035542, 0.083904132247, 0.0820797756314, 0.118810042739, 0.0902764499187, 0.0367438569665, 0.0312908664346, 0.0531779751182, 0.130253463984, 0.155848830938, 0.186348795891, 0.0844260528684, 0.0535059161484, 0.0493919812143, 0.0980379506946, 0.120124399662, 0.102440945804, 0.126336842775, 0.137889698148, 0.0995002985001, 0.042919088155, 0.0425003282726, 0.0706877931952, 0.147295281291, 0.180696338415, 0.159148916602, 0.0702082514763, 0.0288302283734, 0.0236421879381, 0.0413651615381, 0.0807545259595, 0.0690150484443, 0.0401126630604, 0.0561961717904, 0.0552519783378, 0.102073870599]
        dmean2: [0.203667581081, 0.13505448401, 0.131260082126, 0.188923493028, 0.149581179023, 0.0636925250292, 0.0520203895867, 0.0878562554717, 0.212410345674, 0.252589464188, 0.302491694689, 0.150157645345, 0.0944913551211, 0.0854408666492, 0.173334673047, 0.199955165386, 0.167269542813, 0.210259139538, 0.216411292553, 0.153344675899, 0.0736415833235, 0.0751042589545, 0.12683545053, 0.243863806129, 0.294632285833, 0.255059748888, 0.120042845607, 0.0483781434596, 0.0416139028966, 0.0606533996761, 0.11625944078, 0.104287698865, 0.0636348575354, 0.0892287045717, 0.0900116115808, 0.173333913088]
        dvar: [0.0270638968796, 0.0110176000744, 0.0138663761318, 0.0281595028937, 0.01736119017, 0.0054829120636, 0.00534426840022, 0.0120556978509, 0.0294635277241, 0.0347372107208, 0.0402884222567, 0.0156220300123, 0.0205471944064, 0.0112589430064, 0.0371130555868, 0.0455402582884, 0.03244863078, 0.0339974090457, 0.0405956506729, 0.0230438001454, 0.0134068066254, 0.0119579145685, 0.0220065396279, 0.0272969603539, 0.0413876026869, 0.0286086145788, 0.0175359863788, 0.00587799819186, 0.00274026487023, 0.00312911439687, 0.0150887109339, 0.0105859991163, 0.00690856017172, 0.0174281075597, 0.0141536835581, 0.0299048498273]
        dvar2: [0.0686625242233, 0.0246227215976, 0.0342345833778, 0.0586779490113, 0.0415204204619, 0.0147879105061, 0.0134537527338, 0.0306802485138, 0.0677331909537, 0.0781492888927, 0.0984602347016, 0.0423265248537, 0.0580741651356, 0.0281440392137, 0.098972350359, 0.118486687541, 0.0797907412052, 0.0812092572451, 0.0848683267832, 0.0527726635337, 0.0352781713009, 0.0348988734186, 0.0605619475245, 0.063893660903, 0.087459616363, 0.068166539073, 0.0471441224217, 0.0148218190297, 0.00747638987377, 0.00654200883582, 0.0300985444337, 0.0238928701729, 0.0139040024951, 0.0418107844889, 0.0300266128033, 0.0765950754285]
        max: [1, 1, 1, 1, 0.82677346468, 0.646858692169, 0.731107294559, 0.834602952003, 1, 1, 1, 0.687444210052, 1, 0.738197624683, 1, 1, 1, 1, 1, 1, 1, 1, 0.981107771397, 1, 1, 1, 1, 0.818394422531, 0.475844115019, 0.594565331936, 1, 0.885855436325, 0.826377093792, 1, 1, 1]
        mean: [0.211653932929, 0.14126715064, 0.15458419919, 0.262801736593, 0.173634529114, 0.0459818281233, 0.0409362465143, 0.0532917901874, 0.211276695132, 0.441597759724, 0.326099544764, 0.0882914215326, 0.0469333007932, 0.0506906583905, 0.0922787263989, 0.14501735568, 0.144876301289, 0.199445515871, 0.276529192924, 0.164209082723, 0.0426925569773, 0.0436670444906, 0.0627380982041, 0.249417573214, 0.505088686943, 0.353222668171, 0.0788837894797, 0.0315663181245, 0.0247544385493, 0.0696730539203, 0.145189091563, 0.111182451248, 0.0630144029856, 0.0858922153711, 0.0797208026052, 0.143668666482]
        min: [0.00174112326931, 0.00166929559782, 0.0025179029908, 0.00123727752361, 0.00105451827403, 0.000942730694078, 0.000417645351263, 0.000331484072376, 0.000626636610832, 0.00111896870658, 0.00139811309054, 0.000684104510583, 0.000383228732971, 0.000352865055902, 0.000532990437932, 0.000744827848393, 0.00142607907765, 0.000699388736393, 0.000851022021379, 0.000350425689248, 0.000470474828035, 0.000232286838582, 0.000342987070326, 0.00999876670539, 0.0125284222886, 0.00602306006476, 0.000354025949491, 0.00025968751288, 0.000413180736359, 0.00243020406924, 0.00283192610368, 0.00225943303667, 0.000409811531426, 0.00025362035376, 0.00040594235179, 0.00105629384052]
        var: [0.0584822446108, 0.0225543603301, 0.0331556610763, 0.0995949283242, 0.0427056290209, 0.0046431873925, 0.0049989996478, 0.00947132240981, 0.0538686513901, 0.128899112344, 0.0847169682384, 0.014174355194, 0.0139686660841, 0.010510277003, 0.0297166965902, 0.0550989806652, 0.0544989667833, 0.0536418147385, 0.111687391996, 0.0496754907072, 0.00927157234401, 0.00760454917327, 0.0153715563938, 0.0543847344816, 0.13883805275, 0.0914012342691, 0.0179352816194, 0.0056692622602, 0.00213593873195, 0.00841815862805, 0.038705136627, 0.0196647495031, 0.0125332176685, 0.0388847403228, 0.0249410066754, 0.0419005937874]
    chords_histogram: [19.9074077606, 9.72222232819, 33.3333320618, 0, 0, 0, 0, 0, 0, 0, 0, 0, 0, 0, 0, 0, 0, 7.87037038803, 0, 15.2777776718, 0, 13.8888893127, 0, 0]
    thpcp: [1, 0.699328005314, 0.156178101897, 0.0624965839088, 0.0490100830793, 0.137942224741, 0.287452667952, 0.220124617219, 0.124759085476, 0.170053735375, 0.157835260034, 0.284442454576, 0.41904309392, 0.279687821865, 0.306053578854, 0.520308077335, 0.343770384789, 0.0910371392965, 0.0810476392508, 0.105509765446, 0.418296247721, 0.874297440052, 0.645628273487, 0.17480379343, 0.0929209142923, 0.100359916687, 0.182698071003, 0.287112653255, 0.286833405495, 0.394872277975, 0.547486424446, 0.325109392405, 0.0845248699188, 0.0864542126656, 0.124212041497, 0.493809461594]
    chords_key: "F"
    chords_scale: "major"
    key_key: "A#"
    key_scale: "major"
    chords_progression: ["Fm", "Fm", "Fm", "Fm", "Fm", "Fm", "Fm", "Fm", "Fm", "Fm", "Fm", "Fm", "Fm", "Fm", "Fm", "Fm", "Fm", "Fm", "Fm", "Fm", "Fm", "Fm", "Fm", "Fm", "Fm", "Fm", "Fm", "Fm", "Fm", "Fm", "Fm", "Fm", "Fm", "A#m", "A#m", "A#m", "A#m", "A#m", "A#m", "A#m", "A#m", "F", "F", "F", "A#m", "A#m", "A#m", "A#m", "A#m", "A#m", "A#m", "A#m", "A#m", "A#", "A#", "A#", "A#", "A#", "A#", "A#", "A#", "A#", "A#", "A#", "A#", "A#", "A#", "A#", "A#", "A#", "A#", "F", "F", "F", "F", "F", "F", "F", "F", "F", "F", "F", "F", "F", "Cm", "Cm", "Cm", "Cm", "Cm", "Cm", "Cm", "Cm", "Cm", "Cm", "Cm", "Cm", "Cm", "Cm", "Cm", "Cm", "Cm", "Cm", "Cm", "Cm", "Cm", "Cm", "Cm", "Cm", "Cm", "Cm", "Cm", "Cm", "Cm", "Cm", "Dm", "Dm", "Dm", "Dm", "Dm", "Dm", "Dm", "Dm", "Dm", "Dm", "Dm", "Dm", "Dm", "Dm", "Dm", "Dm", "Dm", "Dm", "Dm", "Dm", "Dm", "F", "F", "F", "F", "F", "F", "F", "F", "F", "F", "F", "F", "F", "F", "F", "F", "F", "F", "F", "F", "F", "F", "F", "F", "A#", "A#", "A#", "A#", "A#", "A#", "A#", "A#", "A#", "A#", "A#", "A#", "A#", "A#", "A#", "A#", "A#", "A#", "A#", "A#", "A#", "A#", "A#", "A#", "A#", "F", "F", "F", "F", "F", "F", "F", "F", "F", "F", "F", "F", "F", "F", "F", "F", "F", "F", "F", "F", "F", "F", "F", "F", "F", "F", "F", "F", "F", "F", "F", "F"]
