
metadata:
    version:
        essentia: "1.2.2"
    audio_properties:
        analysis_sample_rate: 44100
        bitrate: 128
        channels: 2
        equal_loudness: 1
        length: 9.97877597809
        replay_gain: -11.4287815094
        downmix: "mix"
    tags:
        track: 21
        year: 0
        album: "Splitted by Mp3Splt v. 2.1"
        artist: "From 003.20 To 003.30"
        comment: "http://mp3splt.sf.net"
        genre: ""
        title: "11 What You Are.mp3"

highlevel:
    ballroom:
        all:
            ChaChaCha: 0.120082095265
            Jive: 0.710255026817
            Quickstep: 0.0420508049428
            Rumba-American: 0.000831034034491
            Rumba-International: 0.0059752012603
            Rumba-Misc: 0.00125156831928
            Samba: 0.0936149060726
            Tango: 0.00251368246973
            VienneseWaltz: 0.0212147720158
            Waltz: 0.00221090135165
        probability: 0.710255026817
        value: "Jive"
    culture:
        all:
            non_western: 0.147234097123
            western: 0.852765917778
        probability: 0.852765917778
        value: "western"
    gender:
        all:
            female: 0.21133710444
            male: 0.788662910461
        probability: 0.788662910461
        value: "male"
    genre_dortmund:
        all:
            alternative: 0.0873553603888
            blues: 0.131593927741
            electronic: 0.0253115203232
            folkcountry: 0.229354724288
            funksoulrnb: 0.0135923922062
            jazz: 0.0514294356108
            pop: 0.0677425116301
            raphiphop: 0.00354656716809
            rock: 0.390073567629
        probability: 0.390073567629
        value: "rock"
    genre_electronica:
        all:
            ambient: 0.289466530085
            dnb: 0.302597612143
            house: 0.0466445274651
            techno: 0.0805140584707
            trance: 0.280777305365
        probability: 0.302597612143
        value: "dnb"
    genre_rosamerica:
        all:
            cla: 0.00970767997205
            dan: 0.0237600840628
            hip: 0.00674733985215
            jaz: 0.0117611056194
            pop: 0.0243379864842
            rhy: 0.011928986758
            roc: 0.909260392189
            spe: 0.00249643507414
        probability: 0.909260392189
        value: "roc"
    genre_tzanetakis:
        all:
            blu: 0.00464774947613
            cla: 0.0042089917697
            cou: 0.267665296793
            dis: 0.127047970891
            hip: 0.0136967143044
            jaz: 0.0352711975574
            met: 0.132367655635
            pop: 0.0460821017623
            reg: 0.00951774325222
            roc: 0.359494566917
        probability: 0.359494566917
        value: "roc"
    live_studio:
        all:
            live: 0.036783721298
            studio: 0.963216304779
        probability: 0.963216304779
        value: "studio"
    mood:
        all:
            Cluster1: 0.454411625862
            Cluster2: 0.207064047456
            Cluster3: 0.0211585462093
            Cluster4: 0.127058520913
            Cluster5: 0.190307244658
        probability: 0.454411625862
        value: "Cluster1"
    mood_acoustic:
        all:
            acoustic: 0.040037214756
            not_acoustic: 0.959962785244
        probability: 0.959962785244
        value: "not_acoustic"
    mood_aggressive:
        all:
            aggressive: 0.708825170994
            not_aggressive: 0.291174799204
        probability: 0.708825170994
        value: "aggressive"
    mood_electronic:
        all:
            electronic: 0.20647546649
            not_electronic: 0.793524503708
        probability: 0.793524503708
        value: "not_electronic"
    mood_happy:
        all:
            happy: 0.568707704544
            not_happy: 0.431292295456
        probability: 0.568707704544
        value: "happy"
    mood_party:
        all:
            not_party: 0.346284121275
            party: 0.653715848923
        probability: 0.653715848923
        value: "party"
    mood_relaxed:
        all:
            not_relaxed: 0.943357944489
            relaxed: 0.0566420480609
        probability: 0.943357944489
        value: "not_relaxed"
    mood_sad:
        all:
            not_sad: 0.954492688179
            sad: 0.0455072820187
        probability: 0.954492688179
        value: "not_sad"
    rhythm:
        all:
            fast: 0.969667315483
            medium: 0.0159577801824
            slow: 0.0143749071285
        probability: 0.969667315483
        value: "fast"
    speech_music:
        all:
            music: 0.999952435493
            speech: 4.75493106933e-05
        probability: 0.999952435493
        value: "music"
    timbre:
        all:
            bright: 0.837159752846
            dark: 0.162840217352
        probability: 0.837159752846
        value: "bright"
    voice_instrumental:
        all:
            instrumental: 0.182875722647
            voice: 0.817124247551
        probability: 0.817124247551
        value: "voice"

lowlevel:
    average_loudness: 0.972484707832
    barkbands_kurtosis:
        dmean: 1.00931513309
        dmean2: 1.63150215149
        dvar: 1.92415988445
        dvar2: 4.59954929352
        max: 12.0974874496
        mean: 0.272485464811
        min: -1.81959486008
        var: 6.68922185898
    barkbands_skewness:
        dmean: 0.380553156137
        dmean2: 0.608915090561
        dvar: 0.105860330164
        dvar2: 0.258682906628
        max: 3.1407289505
        mean: -0.473502784967
        min: -3.43024516106
        var: 1.38538563251
    barkbands_spread:
        dmean: 5.85685062408
        dmean2: 9.23417472839
        dvar: 28.4443702698
        dvar2: 71.7080383301
        max: 60.096446991
        mean: 34.0079650879
        min: 7.24449300766
        var: 127.1743927
    dissonance:
        dmean: 0.0134889576584
        dmean2: 0.0228390954435
        dvar: 0.000207226796192
        dvar2: 0.000461874587927
        max: 0.498966246843
        mean: 0.473250538111
        min: 0.306662499905
        var: 0.000544549431652
    hfc:
        dmean: 2.86257767677
        dmean2: 4.59653997421
        dvar: 14.150138855
        dvar2: 36.6704826355
        max: 52.0538864136
        mean: 11.5393104553
        min: 0.0359019041061
        var: 58.3892173767
    pitch:
        dmean: 943.879455566
        dmean2: 1798
        dvar: 1619251.75
        dvar2: 4123202.75
        max: 4900
        mean: 1381.90698242
        min: 96.2882080078
        var: 2049519.875
    pitch_instantaneous_confidence:
        dmean: 0.0815836787224
        dmean2: 0.129683583975
        dvar: 0.00451301177964
        dvar2: 0.011004072614
        max: 0.880531668663
        mean: 0.487381726503
        min: 0.16176867485
        var: 0.0291373133659
    pitch_salience:
        dmean: 0.0540709830821
        dmean2: 0.0898536518216
        dvar: 0.00169974588789
        dvar2: 0.00444020843133
        max: 0.843600392342
        mean: 0.607119321823
        min: 0.318996340036
        var: 0.0104083530605
    silence_rate_20dB:
        dmean: 0
        dmean2: 0
        dvar: 0
        dvar2: 0
        max: 1
        mean: 1
        min: 1
        var: 0
    silence_rate_30dB:
        dmean: 0
        dmean2: 0
        dvar: 0
        dvar2: 0
        max: 1
        mean: 1
        min: 1
        var: 0
    silence_rate_60dB:
        dmean: 0.0604651160538
        dmean2: 0.118881121278
        dvar: 0.0568093731999
        dvar2: 0.13272100687
        max: 1
        mean: 0.215777263045
        min: 0
        var: 0.169217333198
    spectral_centroid:
        dmean: 247.169219971
        dmean2: 393.231719971
        dvar: 49567.9570312
        dvar2: 121169.851562
        max: 3846.54443359
        mean: 2139.8046875
        min: 530.712219238
        var: 509914.3125
    spectral_complexity:
        dmean: 2.9696969986
        dmean2: 4.74532699585
        dvar: 9.28346633911
        dvar2: 19.0169219971
        max: 42
        mean: 15.6395349503
        min: 0
        var: 43.291015625
    spectral_crest:
        dmean: 2.03681635857
        dmean2: 3.40064024925
        dvar: 2.99612355232
        dvar2: 8.21675109863
        max: 18.1513385773
        mean: 7.55088567734
        min: 3.10553336143
        var: 9.00582122803
    spectral_decrease:
        dmean: 2.25881466309e-10
        dmean2: 3.61710245089e-10
        dvar: 5.67860007506e-20
        dvar2: 1.54244187877e-19
        max: -1.98280714764e-12
        mean: -1.04013730962e-09
        min: -3.27497939878e-09
        var: 1.85733777649e-19
    spectral_energy:
        dmean: 0.00106881244574
        dmean2: 0.00170767458621
        dvar: 1.46628315179e-06
        dvar2: 3.92528090742e-06
        max: 0.0170819666237
        mean: 0.00497236521915
        min: 1.07399810076e-05
        var: 5.13715167472e-06
    spectral_energyband_high:
        dmean: 0.000274366524536
        dmean2: 0.00044192164205
        dvar: 1.40472067756e-07
        dvar2: 3.71439426772e-07
        max: 0.00531994504854
        mean: 0.000739841547329
        min: 5.40859991816e-06
        var: 3.32672016157e-07
    spectral_energyband_low:
        dmean: 0.000147233557072
        dmean2: 0.000249166449066
        dvar: 5.60024595586e-08
        dvar2: 1.60529879167e-07
        max: 0.00230301613919
        mean: 0.000263421243289
        min: 4.58533744307e-09
        var: 5.12333038216e-08
    spectral_energyband_middle_high:
        dmean: 0.000733287888579
        dmean2: 0.00119797582738
        dvar: 9.19268984489e-07
        dvar2: 2.41326756623e-06
        max: 0.0123340943828
        mean: 0.00273349578492
        min: 4.09667018175e-06
        var: 4.01666602556e-06
    spectral_energyband_middle_low:
        dmean: 0.000416132039391
        dmean2: 0.000689308333676
        dvar: 1.53674605485e-07
        dvar2: 4.09523238432e-07
        max: 0.00355330179445
        mean: 0.00123560847715
        min: 1.23011159303e-06
        var: 4.360109358e-07
    spectral_flatness_db:
        dmean: 0.0131859146059
        dmean2: 0.0211582649499
        dvar: 0.000129650987219
        dvar2: 0.000283853092697
        max: 0.246054410934
        mean: 0.14971113205
        min: 0.0719322264194
        var: 0.000938772049267
    spectral_flux:
        dmean: 0.00828925240785
        dmean2: 0.0138224884868
        dvar: 9.18570367503e-05
        dvar2: 0.00028881180333
        max: 0.102080918849
        mean: 0.0426346994936
        min: 0.00327719096094
        var: 0.00032831961289
    spectral_kurtosis:
        dmean: 0.688010036945
        dmean2: 1.13850522041
        dvar: 0.446584612131
        dvar2: 1.19656741619
        max: 8.54580307007
        mean: 3.13083004951
        min: 0.579922914505
        var: 1.73086500168
    spectral_rms:
        dmean: 0.000230228775763
        dmean2: 0.000363195722457
        dvar: 4.91162168714e-08
        dvar2: 1.21606547054e-07
        max: 0.00408231979236
        mean: 0.00214493297972
        min: 0.000102362246253
        var: 2.50358397125e-07
    spectral_rolloff:
        dmean: 343.627655029
        dmean2: 575.308654785
        dvar: 166365.5625
        dvar2: 401301.71875
        max: 5060.30273438
        mean: 3615.17504883
        min: 409.130859375
        var: 985468.4375
    spectral_skewness:
        dmean: 0.135254517198
        dmean2: 0.219091489911
        dvar: 0.0136007191613
        dvar2: 0.032281704247
        max: 2.34777498245
        mean: 1.24015700817
        min: 0.411158800125
        var: 0.0643683150411
    spectral_spread:
        dmean: 411727.25
        dmean2: 595991
        dvar: 231421788160
        dvar2: 371849854976
        max: 13194555
        mean: 5185821
        min: 2657276.25
        var: 1.30358024602e+12
    spectral_strongpeak:
        dmean: 0.854859411716
        dmean2: 1.52187430859
        dvar: 1.40616667271
        dvar2: 3.70551872253
        max: 8.21336460114
        mean: 1.37182831764
        min: 0.0105467643589
        var: 2.702647686
    zerocrossingrate:
        dmean: 0.0068609775044
        dmean2: 0.00880047120154
        dvar: 4.55923000118e-05
        dvar2: 5.93694676354e-05
        max: 0.181640625
        mean: 0.116749182343
        min: 0.03466796875
        var: 0.000859191757627
    barkbands:
        dmean: [5.76485774673e-08, 3.56144519174e-05, 0.0001206318193, 0.000171824576682, 0.000176611443749, 0.000145098863868, 0.000109930675535, 1.99629848794e-05, 2.92136264761e-05, 5.65084046684e-05, 2.532313556e-05, 2.79942414636e-05, 6.05008681305e-05, 7.4852257967e-05, 7.22717304598e-05, 7.55686778575e-05, 0.000197623856366, 0.000158454276971, 0.000518570188433, 0.00021789202583, 0.000181234529009, 3.37595047313e-05, 4.87233228341e-06, 1.877318482e-06, 1.27447822251e-06, 7.80567432912e-08, 8.6706142266e-10]
        dmean2: [9.0951111531e-08, 6.30922004348e-05, 0.000203906616662, 0.000293923163554, 0.000288939161692, 0.000238222448388, 0.000167840655195, 3.22394844261e-05, 4.53190150438e-05, 9.36790602282e-05, 4.31973312516e-05, 4.89512531203e-05, 0.00010214743088, 0.00012389915355, 0.000129909982206, 0.00012227766274, 0.000315144163324, 0.000275712140137, 0.000865492154844, 0.000353131472366, 0.000308700196911, 5.9182937548e-05, 7.71592203819e-06, 2.9519810596e-06, 1.84928285307e-06, 1.14747074065e-07, 1.18069420907e-09]
        dvar: [1.86960008971e-14, 6.20227647019e-09, 3.23021751569e-08, 5.64849926832e-08, 5.52676411303e-08, 2.9287864578e-08, 2.31405934414e-08, 2.99724622899e-09, 1.39391098664e-09, 1.36608120371e-08, 1.33419597592e-09, 4.71528283086e-09, 1.54764414617e-08, 1.94845313217e-08, 3.52224311939e-08, 2.08597654705e-08, 1.23634578131e-07, 6.64828974095e-08, 6.59691238525e-07, 1.12779716233e-07, 4.35004388066e-08, 5.58758239677e-09, 4.54348260404e-11, 6.29037143554e-12, 2.70525529061e-12, 1.92913583328e-14, 6.36569016489e-17]
        dvar2: [3.18898214584e-14, 1.79377952492e-08, 9.022767955e-08, 1.68729471284e-07, 1.42769707168e-07, 9.05074628577e-08, 5.6234362944e-08, 7.65838237271e-09, 3.50133433358e-09, 3.65589762907e-08, 3.6795717584e-09, 1.30333095427e-08, 3.58556135893e-08, 5.19192902004e-08, 1.02377072153e-07, 4.82146305103e-08, 2.93841679877e-07, 1.85283923315e-07, 1.85464102742e-06, 2.90676410941e-07, 1.2298961849e-07, 1.65646483197e-08, 1.08643899432e-10, 1.58942043554e-11, 5.57208142474e-12, 3.65668629545e-14, 6.25754523335e-17]
        max: [2.21157915803e-06, 0.000602972519118, 0.00170000898652, 0.00244861561805, 0.00244204769842, 0.00179465976544, 0.00148488685954, 0.000600324419793, 0.00046134358854, 0.00161039549857, 0.000376094860258, 0.00104994268622, 0.00119158579037, 0.00124684942421, 0.00206273933873, 0.00212017050944, 0.00332241458818, 0.00224611349404, 0.00933595839888, 0.00354175223038, 0.00202711857855, 0.000651292735711, 7.3646173405e-05, 2.96021607937e-05, 2.03188101295e-05, 1.30495629946e-06, 1.68485186691e-07]
        mean: [1.05423353602e-07, 5.26586336491e-05, 0.000210660655284, 0.000260922621237, 0.000337142118951, 0.000302180764265, 0.000242184119998, 2.49699642154e-05, 5.13812992722e-05, 0.000108571781311, 5.84361914662e-05, 4.23151104769e-05, 6.93143738317e-05, 0.000102099213109, 7.63254720368e-05, 0.000135598194902, 0.000408960797358, 0.000393462454667, 0.00118518341333, 0.000443087803433, 0.00038919900544, 5.73535944568e-05, 1.11298850243e-05, 5.23778726347e-06, 3.72681415683e-06, 1.61773272112e-07, 1.03363251291e-09]
        min: [4.84429094061e-11, 1.04822794889e-09, 3.51129925136e-09, 1.10499955852e-08, 1.29437225382e-07, 1.97151038606e-07, 3.20015402622e-07, 1.21564767142e-07, 1.86860205531e-07, 9.19875560612e-07, 3.26745208667e-07, 7.11727238922e-07, 1.87181683486e-07, 6.57367991153e-08, 6.02819554274e-08, 4.51772628196e-08, 5.90144324519e-08, 2.03042091584e-07, 1.82865932175e-07, 1.65611447756e-06, 4.41760766989e-06, 4.87987335873e-07, 4.07215736686e-08, 5.73664493686e-08, 3.59551641793e-08, 1.6135140446e-10, 1.19078358285e-12]
        var: [2.34141150207e-14, 4.17136103437e-09, 3.55234384131e-08, 1.01246932616e-07, 1.30821348421e-07, 7.630271881e-08, 7.64431931088e-08, 3.166155782e-09, 2.7378481704e-09, 2.15025739436e-08, 3.18913739861e-09, 3.92973253938e-09, 1.80230497193e-08, 2.55583962883e-08, 2.82248802108e-08, 4.23296313556e-08, 2.72661964118e-07, 1.31989395413e-07, 1.85203441561e-06, 1.85247742479e-07, 9.22668164094e-08, 7.48626227676e-09, 1.45394640771e-10, 2.63881173856e-11, 9.30112497438e-12, 4.62652682278e-14, 6.62782899496e-17]
    mfcc:
        mean: [-698.812011719, 83.5268783569, -38.6986465454, 66.7960739136, -11.2636194229, -8.11639022827, 9.0615196228, -6.89183664322, -1.68653023243, -12.3641052246, -8.59750270844, -6.11538505554, -8.80113506317]
        cov: [[1466.45922852, -366.330993652, -141.630950928, 96.2358779907, 227.743438721, 74.6339035034, -196.103530884, 11.5407981873, -170.481185913, 45.4316902161, 59.619304657, -10.8178462982, -109.820960999], [-366.330993652, 381.655456543, 127.458763123, -122.41153717, -52.450466156, 27.3825550079, 29.1306209564, -76.3101425171, 22.7890968323, 28.0132522583, -0.881696879864, -7.60588407516, 73.6375350952], [-141.630950928, 127.458763123, 277.60458374, -155.408996582, -34.6816825867, 119.489753723, -38.6578903198, -42.6289825439, -0.533407568932, 18.8467903137, 19.9148082733, -6.00348377228, 12.1108112335], [96.2358779907, -122.41153717, -155.408996582, 267.753051758, 47.4150543213, -125.643356323, 43.5697021484, 99.0146789551, 26.6302547455, -22.1711826324, -41.926109314, 7.16764116287, -14.9875383377], [227.743438721, -52.450466156, -34.6816825867, 47.4150543213, 138.949310303, 5.37893342972, -19.5344638824, 23.5765457153, -46.1768913269, -7.35099506378, 1.60672748089, -7.95636129379, -36.4458770752], [74.6339035034, 27.3825550079, 119.489753723, -125.643356323, 5.37893342972, 185.420211792, -33.1787185669, -46.6643753052, -37.7354431152, 18.2805900574, 37.8532180786, -24.8044204712, -44.6832199097], [-196.103530884, 29.1306209564, -38.6578903198, 43.5697021484, -19.5344638824, -33.1787185669, 110.215881348, 56.125705719, 40.210647583, -30.7197589874, -17.2530841827, -1.18481397629, 7.77041435242], [11.5407981873, -76.3101425171, -42.6289825439, 99.0146789551, 23.5765457153, -46.6643753052, 56.125705719, 127.440605164, 39.5564346313, -30.2022781372, -21.1148738861, 1.78936111927, -25.658159256], [-170.481185913, 22.7890968323, -0.533407568932, 26.6302547455, -46.1768913269, -37.7354431152, 40.210647583, 39.5564346313, 91.2133865356, 4.04965353012, -16.2698345184, -14.4866800308, 17.3124084473], [45.4316902161, 28.0132522583, 18.8467903137, -22.1711826324, -7.35099506378, 18.2805900574, -30.7197589874, -30.2022781372, 4.04965353012, 75.7264556885, 14.87977314, -11.5433082581, 0.960844516754], [59.619304657, -0.881696879864, 19.9148082733, -41.926109314, 1.60672748089, 37.8532180786, -17.2530841827, -21.1148738861, -16.2698345184, 14.87977314, 60.0505218506, 12.8368692398, -6.57906675339], [-10.8178462982, -7.60588407516, -6.00348377228, 7.16764116287, -7.95636129379, -24.8044204712, -1.18481397629, 1.78936111927, -14.4866800308, -11.5433082581, 12.8368692398, 59.7899169922, 27.0792388916], [-109.820960999, 73.6375350952, 12.1108112335, -14.9875383377, -36.4458770752, -44.6832199097, 7.77041435242, -25.658159256, 17.3124084473, 0.960844516754, -6.57906675339, 27.0792388916, 105.050437927]]
        icov: [[0.00192691863049, 0.000878879975062, 0.00102811830584, -0.000316580699291, -0.00122862739954, -0.000990125234239, 0.00293444679119, -0.00176596664824, 0.0021291077137, -0.000926536915358, -0.00113092199899, 0.0011588849593, -0.000973096233793], [0.000878879975062, 0.00536228064448, -0.00168814568315, 0.000848743482493, -0.00148117193021, 0.000525737355929, -0.00264300662093, 0.00250306678936, 0.000359371624654, -0.00206096773036, 0.000297042366583, 0.00114143895917, -0.00232370570302], [0.00102811830584, -0.00168814568315, 0.00832948368043, 0.00215772958472, 5.61094166187e-05, -0.00489345053211, 0.00543956831098, -0.00419367011636, -0.00052424374735, 7.15290661901e-05, 0.000713636691216, -0.000807361095212, -0.00154433131684], [-0.000316580699291, 0.000848743482493, 0.00215772958472, 0.00927582196891, -0.00170672079548, 0.00333218229935, -0.000957540119998, -0.00337079819292, -0.000838351959828, -0.00137527775951, 0.00301520666108, -0.00110678875353, 0.000846341717988], [-0.00122862739954, -0.00148117193021, 5.61094166187e-05, -0.00170672079548, 0.0127207441255, 0.000471175910207, 0.000952712318394, -0.00373594556004, 0.00651775300503, 0.00106624525506, -0.000751098443288, 0.003234957112, 0.00116981333122], [-0.000990125234239, 0.000525737355929, -0.00489345053211, 0.00333218229935, 0.000471175910207, 0.0140809621662, -0.00374993681908, 0.00229879305698, 0.00277963210829, -0.000244481430855, -0.00370979704894, 0.00395234720781, 0.00492058973759], [0.00293444679119, -0.00264300662093, 0.00543956831098, -0.000957540119998, 0.000952712318394, -0.00374993681908, 0.0227686334401, -0.0107914665714, 0.000314489094308, 0.0043505365029, -0.00215110066347, 0.00263577396981, -0.00233354535885], [-0.00176596664824, 0.00250306678936, -0.00419367011636, -0.00337079819292, -0.00373594556004, 0.00229879305698, -0.0107914665714, 0.0227090269327, -0.0106645356864, 0.00309966830537, 0.00253129890189, -0.00559155317023, 0.00575734581798], [0.0021291077137, 0.000359371624654, -0.00052424374735, -0.000838351959828, 0.00651775300503, 0.00277963210829, 0.000314489094308, -0.0106645356864, 0.0263775568455, -0.00487772002816, -0.00257431832142, 0.0108823254704, -0.00453858496621], [-0.000926536915358, -0.00206096773036, 7.15290661901e-05, -0.00137527775951, 0.00106624525506, -0.000244481430855, 0.0043505365029, 0.00309966830537, -0.00487772002816, 0.0187631994486, -0.00413589226082, 0.00282496679574, 0.00061783415731], [-0.00113092199899, 0.000297042366583, 0.000713636691216, 0.00301520666108, -0.000751098443288, -0.00370979704894, -0.00215110066347, 0.00253129890189, -0.00257431832142, -0.00413589226082, 0.0250599067658, -0.0101713631302, 0.00254966923967], [0.0011588849593, 0.00114143895917, -0.000807361095212, -0.00110678875353, 0.003234957112, 0.00395234720781, 0.00263577396981, -0.00559155317023, 0.0108823254704, 0.00282496679574, -0.0101713631302, 0.0285082440823, -0.00821559596807], [-0.000973096233793, -0.00232370570302, -0.00154433131684, 0.000846341717988, 0.00116981333122, 0.00492058973759, -0.00233354535885, 0.00575734581798, -0.00453858496621, 0.00061783415731, 0.00254966923967, -0.00821559596807, 0.0175269916654]]
    spectral_contrast:
        mean: [6.7296934958e-07, 3.38485932616e-07, -6.40334064883e-07, 3.32451833174e-07, -1.15102807285e-07, 3.1715214277e-07, 3.07428285851e-06, 9.70308178694e-07, -3.81854397347e-06, 4.95577978654e-06, -1.95742336473e-06, 1.66158338288e-06]
        var: [0.000811718520708, 0.00116263772361, 0.00131729699206, 0.0018819445977, 0.00266183703206, 0.00442029954866, 0.0632227361202, 0.0895160734653, 0.12085236609, 0.153367295861, 0.22563739121, 1.28940498829]

rhythm:
    beats_loudness:
        dmean: 0.00205862242728
        dmean2: 0.00372871686704
        dvar: 2.43931549448e-06
        dvar2: 7.7399354268e-06
        max: 0.00924176070839
        mean: 0.00504641188309
        min: 0.00162371306214
        var: 3.39955340678e-06
    beats_loudness_bass:
        dmean: 0.0744651481509
        dmean2: 0.130742192268
        dvar: 0.00808152649552
        dvar2: 0.01857194677
        max: 0.351123869419
        mean: 0.108398810029
        min: 0.0120332855731
        var: 0.00805357284844
    bpm: 108.189353943
    bpm_confidence: 0
    first_peak_bpm: 108
    first_peak_spread: 0
    first_peak_weight: 0.5
    onset_rate: 3.10659360886
    second_peak_bpm: 164
    second_peak_spread: 0
    second_peak_weight: 0.449999988079
    beats_position: [0.347827225924, 0.902411401272, 1.45699560642, 2.01157975197, 2.56616401672, 3.12074828148, 3.67533230782, 4.22991609573, 4.78450012207, 5.33908414841, 5.89366817474, 6.29281187057, 6.65888261795, 7.02495288849, 7.39102458954, 7.75709533691, 8.12316608429, 8.48923778534, 8.85530853271, 9.22137832642, 9.58745002747]
    bpm_estimates: [108.28742218, 108.292160034, 107.988471985]
    bpm_intervals: [0.554584145546, 0.554584205151, 0.554584145546, 0.554584264755, 0.554584264755, 0.554584026337, 0.554583787918, 0.554584026337, 0.554584026337, 0.554584026337, 0.399143695831, 0.366070747375, 0.366070270538, 0.36607170105, 0.366070747375, 0.366070747375, 0.36607170105, 0.366070747375, 0.366069793701, 0.36607170105]
    onset_times: [0.0464399084449, 0.46439909935, 0.754648506641, 0.847528338432, 1.06811785698, 1.20743763447, 1.60217690468, 1.95047616959, 2.19428563118, 2.40326523781, 2.61224484444, 2.75156474113, 3.85451245308, 4.15637207031, 4.21442174911, 4.56272125244, 4.93424034119, 5.02712011337, 5.70049905777, 6.09523820877, 6.29260778427, 6.45514726639, 6.8382768631, 7.19818592072, 7.59292507172, 7.77868461609, 7.90639448166, 8.32435417175, 8.68426322937, 9.4040813446, 9.78721046448]
    rubato_start: [6.65888261795]
    rubato_stop: [9.58745002747]
    perceptual_tempo: "unknown"

sfx:
    inharmonicity:
        dmean: 0.0613537579775
        dmean2: 0.107773385942
        dvar: 0.00448795687407
        dvar2: 0.012280093506
        max: 0.42779648304
        mean: 0.0729267597198
        min: 0
        var: 0.00534505676478
    oddtoevenharmonicenergyratio:
        dmean: 4.55139350891
        dmean2: 8.74988079071
        dvar: 181.627349854
        dvar2: 534.346313477
        max: 123.270004272
        mean: 2.92960977554
        min: 0
        var: 101.295310974
    pitch_after_max_to_before_max_energy_ratio: 26.4449806213
    pitch_centroid: 270.967773438
    pitch_max_to_total: 0.00465116277337
    pitch_min_to_total: 0.690697669983
    tristimulus:
        dmean: [0.178529128432, 0.303371220827, 0.203727051616]
        dmean2: [0.314591497183, 0.533701241016, 0.37071532011]
        dvar: [0.0274045877159, 0.0538337267935, 0.0341133065522]
        dvar2: [0.0794969722629, 0.162399739027, 0.0946155115962]
        max: [1, 0.960185229778, 0.773096442223]
        mean: [0.296938061714, 0.438885897398, 0.191985815763]
        min: [0.0174425914884, 0, 0]
        var: [0.0381000190973, 0.0708087533712, 0.04323207587]

tonal:
    chords_changes_rate: 0.0416666679084
    chords_number_rate: 0.0324074067175
    chords_strength:
        dmean: 0.00743764499202
        dmean2: 0.00786868669093
        dvar: 5.19351960975e-05
        dvar2: 5.12614642503e-05
        max: 0.707763791084
        mean: 0.498438090086
        min: 0.318076193333
        var: 0.0118635017425
    key_strength: 0.597638249397
    tuning_diatonic_strength: 0.543735444546
    tuning_equal_tempered_deviation: 0.213501006365
    tuning_frequency: 447.432556152
    tuning_nontempered_energy_ratio: 0.855020403862
    hpcp:
        dmean: [0.177036479115, 0.124524794519, 0.0621148496866, 0.0506897419691, 0.0775306001306, 0.0901875346899, 0.082495726645, 0.0996377915144, 0.100585527718, 0.104344330728, 0.103629410267, 0.0823129937053, 0.0814298391342, 0.107358247042, 0.121087186038, 0.124302268028, 0.126634195447, 0.0906411930919, 0.0762431547046, 0.108752727509, 0.112646624446, 0.114862918854, 0.123577579856, 0.102389089763, 0.0903787463903, 0.0818291679025, 0.0927508324385, 0.0982082337141, 0.126736283302, 0.175202816725, 0.136511951685, 0.178972542286, 0.163283482194, 0.164110168815, 0.190390601754, 0.194464176893]
        dmean2: [0.305677443743, 0.210432395339, 0.0989826768637, 0.0849617570639, 0.129629835486, 0.152188330889, 0.142049133778, 0.167737573385, 0.165021017194, 0.175360828638, 0.176020905375, 0.138849332929, 0.136127188802, 0.165441513062, 0.197270080447, 0.203400656581, 0.209692418575, 0.151715174317, 0.128451317549, 0.188603326678, 0.184974044561, 0.193671628833, 0.216440021992, 0.177809432149, 0.162794902921, 0.139869317412, 0.155473977327, 0.172446489334, 0.213324576616, 0.296622276306, 0.236117586493, 0.29628187418, 0.270241439342, 0.27454033494, 0.336177676916, 0.328748911619]
        dvar: [0.0343743376434, 0.0251918677241, 0.00608880538493, 0.00347147951834, 0.0122068645433, 0.014753755182, 0.0111122243106, 0.020023053512, 0.0226868614554, 0.0207787752151, 0.0182692185044, 0.00962347351015, 0.0130591988564, 0.0242557805032, 0.0188662707806, 0.0192429292947, 0.0203467607498, 0.0119007844478, 0.0139533653855, 0.023279460147, 0.0176248215139, 0.0201097838581, 0.0291352737695, 0.0203686244786, 0.0222394596785, 0.011681300588, 0.016442861408, 0.0226531568915, 0.0234442036599, 0.0375132150948, 0.0257210992277, 0.0313688144088, 0.0288382228464, 0.0425215400755, 0.0482275336981, 0.0403287783265]
        dvar2: [0.0835487917066, 0.0648005306721, 0.0156009951606, 0.00830770656466, 0.0287910643965, 0.0395604409277, 0.027619773522, 0.059767883271, 0.063861310482, 0.0570395961404, 0.0521717220545, 0.0246662218124, 0.032890483737, 0.0638303458691, 0.0477162748575, 0.0518305823207, 0.0525663085282, 0.0288856849074, 0.0347994193435, 0.0607408732176, 0.0445846319199, 0.0606445781887, 0.0872503966093, 0.0552753768861, 0.0736004859209, 0.0302019808441, 0.0426499657333, 0.0678963810205, 0.0694655627012, 0.115314468741, 0.0686720609665, 0.0831455364823, 0.0780490115285, 0.116677299142, 0.127050042152, 0.103725984693]
        max: [1, 1, 0.709926009178, 0.469019800425, 1, 1, 1, 1, 1, 1, 0.809708654881, 0.844699323177, 0.933708190918, 1, 1, 1, 1, 0.769456267357, 0.749494671822, 0.945984005928, 1, 1, 1, 1, 1, 0.9443141222, 1, 0.862191140652, 1, 1, 1, 1, 1, 1, 1, 1]
        mean: [0.326054424047, 0.188508763909, 0.10143250972, 0.090705871582, 0.143878743052, 0.176629126072, 0.168332412839, 0.178633883595, 0.196992024779, 0.178328499198, 0.145195737481, 0.139838919044, 0.137004211545, 0.173961535096, 0.261865735054, 0.294649153948, 0.233118236065, 0.140379056334, 0.0996175929904, 0.161246493459, 0.288724839687, 0.287191838026, 0.184138298035, 0.139789015055, 0.115769080818, 0.159158051014, 0.176473021507, 0.1293361485, 0.169217899442, 0.388079792261, 0.560474395752, 0.439496845007, 0.307967454195, 0.286289513111, 0.317691743374, 0.3817255795]
        min: [0.00147803837899, 0.00144006498158, 0.00202886294574, 0.0012982680928, 0.00183218508027, 0.00819876790047, 0.00337035045959, 0.00452385097742, 0.00379520747811, 0.00320398970507, 0.00833057798445, 0.0132702849805, 0.0119256563485, 0.00672694155946, 0.00495666684583, 0.0120603749529, 0.00729666603729, 0.00144347304013, 0.000246152572799, 0, 0.00403176899999, 0.00196075532585, 0.000556064362172, 0.000642002909444, 9.99618205242e-05, 0.00262779719196, 0.00269914814271, 0.00287072639912, 0.00198310613632, 0, 0.000641078280751, 0.0111261354759, 0.00210006581619, 0.00242910953239, 0.00223191524856, 0.00206109764986]
        var: [0.0696035251021, 0.030008437112, 0.010375674814, 0.00690734712407, 0.02799442783, 0.0347996540368, 0.0389407835901, 0.0490833334625, 0.0725318565965, 0.0550119914114, 0.0240186564624, 0.0143051045015, 0.0169199872762, 0.0357160530984, 0.0687927380204, 0.0744646936655, 0.0389573983848, 0.0178488064557, 0.0140686621889, 0.0304664932191, 0.0870602652431, 0.0859112590551, 0.0435199290514, 0.0279851593077, 0.0180187020451, 0.0386505201459, 0.0493777915835, 0.0192313529551, 0.0332349836826, 0.082993991673, 0.133881777525, 0.0782607495785, 0.0569352917373, 0.0629671886563, 0.0836062729359, 0.0989725515246]
    chords_histogram: [37.0370368958, 0, 0, 4.16666650772, 0, 14.3518514633, 0, 15.2777776718, 0, 0, 0, 0, 0, 0, 0, 0, 0, 6.94444465637, 0, 0, 0, 0, 6.01851844788, 16.2037029266]
    thpcp: [1, 0.784151494503, 0.549476385117, 0.510798573494, 0.56682652235, 0.681075870991, 0.581747233868, 0.336337864399, 0.180976167321, 0.161837667227, 0.256708860397, 0.315142184496, 0.30033916235, 0.318719089031, 0.351473718882, 0.318174213171, 0.259058654308, 0.249500989914, 0.244443297386, 0.310382664204, 0.467221587896, 0.525713860989, 0.415930211544, 0.250464707613, 0.177737995982, 0.287696450949, 0.515143692493, 0.512408494949, 0.328540056944, 0.249411955476, 0.206555515528, 0.283970236778, 0.314863651991, 0.230761915445, 0.301919043064, 0.692413032055]
    chords_key: "G"
    chords_scale: "major"
    key_key: "G"
    key_scale: "major"
    chords_progression: ["F#m", "F#m", "F#m", "F#m", "F#m", "F#m", "F#m", "F#m", "F#m", "Gm", "Gm", "Gm", "Gm", "Gm", "Gm", "Gm", "Gm", "Gm", "Gm", "Gm", "Gm", "Gm", "Gm", "Gm", "G", "G", "G", "G", "G", "G", "G", "G", "G", "G", "G", "G", "G", "G", "G", "G", "G", "G", "G", "G", "G", "G", "G", "G", "G", "G", "G", "G", "C", "C", "C", "C", "C", "C", "C", "C", "C", "C", "C", "C", "C", "Em", "Em", "Em", "Em", "Em", "Em", "Em", "Em", "Em", "Em", "Em", "Em", "Em", "Em", "Em", "Em", "Em", "Em", "Em", "Em", "Em", "Em", "Em", "Em", "Em", "Em", "Em", "Em", "Em", "Em", "Em", "Em", "Em", "Em", "Em", "G", "G", "G", "G", "G", "G", "G", "G", "G", "G", "G", "G", "G", "G", "G", "G", "G", "G", "G", "G", "G", "G", "G", "G", "G", "G", "G", "G", "G", "G", "G", "G", "G", "G", "G", "G", "G", "G", "G", "G", "G", "G", "G", "G", "G", "G", "G", "G", "G", "G", "G", "G", "C#m", "C#m", "C#m", "C#m", "C#m", "C#m", "C#m", "C#m", "C#m", "C#m", "C#m", "C#m", "C#m", "C#m", "C#m", "C#m", "C#m", "C#m", "C#m", "C#m", "C#m", "C#m", "C#m", "C#m", "C#m", "C#m", "C#m", "C#m", "C#m", "C#m", "G#m", "G#m", "G#m", "G#m", "C#m", "G#m", "G#m", "G#m", "G#m", "G#m", "G#m", "G#m", "G#m", "G#m", "G#m", "G#m", "G#m", "G#m", "G#m", "G#m", "G#m", "G#m", "G#m", "G#m", "G#m", "G#m", "G#m", "G#m", "G#m", "G#m", "G#m", "G#m", "G#m", "G#m"]
