
metadata:
    version:
        essentia: "1.2.2"
    audio_properties:
        analysis_sample_rate: 44100
        bitrate: 128
        channels: 2
        equal_loudness: 1
        length: 10.0310201645
        replay_gain: -11.2882003784
        downmix: "mix"
    tags:
        track: 24
        year: 0
        album: "Splitted by Mp3Splt v. 2.1"
        artist: "From 003.50 To 004.00"
        comment: "http://mp3splt.sf.net"
        genre: ""
        title: "09 A Past Gone Mad.mp3"

highlevel:
    ballroom:
        all:
            ChaChaCha: 0.0189725477248
            Jive: 0.917870819569
            Quickstep: 0.00830044038594
            Rumba-American: 0.000212022991036
            Rumba-International: 0.00100993167143
            Rumba-Misc: 0.000579145096708
            Samba: 0.0455842502415
            Tango: 0.000271469150903
            VienneseWaltz: 0.00666841026396
            Waltz: 0.000530981924385
        probability: 0.917870819569
        value: "Jive"
    culture:
        all:
            non_western: 0.0976076945662
            western: 0.902392327785
        probability: 0.902392327785
        value: "western"
    gender:
        all:
            female: 0.6270211339
            male: 0.372978836298
        probability: 0.6270211339
        value: "female"
    genre_dortmund:
        all:
            alternative: 0.100591562688
            blues: 0.00385039136745
            electronic: 0.0766483545303
            folkcountry: 0.0267671439797
            funksoulrnb: 0.0123030254617
            jazz: 0.0154850408435
            pop: 0.0335853137076
            raphiphop: 0.00227592838928
            rock: 0.728493273258
        probability: 0.728493273258
        value: "rock"
    genre_electronica:
        all:
            ambient: 0.0658981651068
            dnb: 0.399389535189
            house: 0.00658678682521
            techno: 0.0091473152861
            trance: 0.518978178501
        probability: 0.518978178501
        value: "trance"
    genre_rosamerica:
        all:
            cla: 0.00459687458351
            dan: 0.0356232188642
            hip: 0.00604155426845
            jaz: 0.00222853897139
            pop: 0.00614639185369
            rhy: 0.00128569488879
            roc: 0.942985713482
            spe: 0.00109199795406
        probability: 0.942985713482
        value: "roc"
    genre_tzanetakis:
        all:
            blu: 0.0128795681521
            cla: 0.00872436910868
            cou: 0.0344108901918
            dis: 0.100129790604
            hip: 0.0339690335095
            jaz: 0.0281779114157
            met: 0.307078659534
            pop: 0.0833085998893
            reg: 0.0081106312573
            roc: 0.383210539818
        probability: 0.383210539818
        value: "roc"
    live_studio:
        all:
            live: 0.633812189102
            studio: 0.3661878407
        probability: 0.633812189102
        value: "live"
    mood:
        all:
            Cluster1: 0.559175252914
            Cluster2: 0.0698069557548
            Cluster3: 0.0062258085236
            Cluster4: 0.0589481256902
            Cluster5: 0.305843889713
        probability: 0.559175252914
        value: "Cluster1"
    mood_acoustic:
        all:
            acoustic: 0.00427630357444
            not_acoustic: 0.995723724365
        probability: 0.995723724365
        value: "not_acoustic"
    mood_aggressive:
        all:
            aggressive: 0.990730106831
            not_aggressive: 0.00926988665015
        probability: 0.990730106831
        value: "aggressive"
    mood_electronic:
        all:
            electronic: 0.615585267544
            not_electronic: 0.384414762259
        probability: 0.615585267544
        value: "electronic"
    mood_happy:
        all:
            happy: 0.362619578838
            not_happy: 0.637380421162
        probability: 0.637380421162
        value: "not_happy"
    mood_party:
        all:
            not_party: 0.276071697474
            party: 0.723928272724
        probability: 0.723928272724
        value: "party"
    mood_relaxed:
        all:
            not_relaxed: 0.9196626544
            relaxed: 0.0803373232484
        probability: 0.9196626544
        value: "not_relaxed"
    mood_sad:
        all:
            not_sad: 0.959505736828
            sad: 0.0404942817986
        probability: 0.959505736828
        value: "not_sad"
    rhythm:
        all:
            fast: 0.716305375099
            medium: 0.217267259955
            slow: 0.0664273649454
        probability: 0.716305375099
        value: "fast"
    speech_music:
        all:
            music: 0.989382505417
            speech: 0.010617474094
        probability: 0.989382505417
        value: "music"
    timbre:
        all:
            bright: 0.0131998322904
            dark: 0.986800193787
        probability: 0.986800193787
        value: "dark"
    voice_instrumental:
        all:
            instrumental: 0.17722569406
            voice: 0.822774291039
        probability: 0.822774291039
        value: "voice"

lowlevel:
    average_loudness: 0.980942666531
    barkbands_kurtosis:
        dmean: 0.381081014872
        dmean2: 0.668588042259
        dvar: 0.194813743234
        dvar2: 0.52883130312
        max: 1.60434675217
        mean: -1.22661995888
        min: -1.82915258408
        var: 0.259690582752
    barkbands_skewness:
        dmean: 0.388367623091
        dmean2: 0.660299837589
        dvar: 0.0985053777695
        dvar2: 0.273708164692
        max: 1.71051418781
        mean: 0.282210379839
        min: -0.8176638484
        var: 0.214618682861
    barkbands_spread:
        dmean: 5.06004333496
        dmean2: 8.15912055969
        dvar: 18.4861240387
        dvar2: 48.4009284973
        max: 53.0995254517
        mean: 37.0984725952
        min: 12.9536237717
        var: 47.3774986267
    dissonance:
        dmean: 0.0133413113654
        dmean2: 0.022918952629
        dvar: 0.000152557608089
        dvar2: 0.000409059721278
        max: 0.499927312136
        mean: 0.478528797626
        min: 0.39322784543
        var: 0.00021136252326
    hfc:
        dmean: 3.78830194473
        dmean2: 6.02437257767
        dvar: 26.4538917542
        dvar2: 65.8124008179
        max: 41.2681846619
        mean: 8.61772823334
        min: 2.30045413971
        var: 31.4905910492
    pitch:
        dmean: 1199.74951172
        dmean2: 2322.5246582
        dvar: 2394345.5
        dvar2: 4939691.5
        max: 4410
        mean: 1786.57800293
        min: 66.515838623
        var: 2946923.75
    pitch_instantaneous_confidence:
        dmean: 0.0865373685956
        dmean2: 0.145372346044
        dvar: 0.0058816424571
        dvar2: 0.0145641360432
        max: 0.688179016113
        mean: 0.301517963409
        min: 0.146353840828
        var: 0.00932703539729
    pitch_salience:
        dmean: 0.052273992449
        dmean2: 0.0904699787498
        dvar: 0.00210854760371
        dvar2: 0.00606666645035
        max: 0.843776702881
        mean: 0.695132672787
        min: 0.483956545591
        var: 0.00313730654307
    silence_rate_20dB:
        dmean: 0
        dmean2: 0
        dvar: 0
        dvar2: 0
        max: 1
        mean: 1
        min: 1
        var: 0
    silence_rate_30dB:
        dmean: 0
        dmean2: 0
        dvar: 0
        dvar2: 0
        max: 1
        mean: 1
        min: 1
        var: 0
    silence_rate_60dB:
        dmean: 0.0812064930797
        dmean2: 0.162790700793
        dvar: 0.0746116191149
        dvar2: 0.182801678777
        max: 1
        mean: 0.0648148134351
        min: 0
        var: 0.0606143288314
    spectral_centroid:
        dmean: 321.400085449
        dmean2: 547.004455566
        dvar: 75821.1484375
        dvar2: 199635.484375
        max: 2776.66040039
        mean: 1544.37182617
        min: 676.423522949
        var: 165391.390625
    spectral_complexity:
        dmean: 5.83216762543
        dmean2: 8.80140209198
        dvar: 31.1513175964
        dvar2: 72.8881072998
        max: 48
        mean: 18.88139534
        min: 3
        var: 61.9882583618
    spectral_crest:
        dmean: 2.25650906563
        dmean2: 3.83979392052
        dvar: 3.46222567558
        dvar2: 9.56259155273
        max: 13.9269485474
        mean: 6.58725357056
        min: 2.54993247986
        var: 5.73783874512
    spectral_decrease:
        dmean: 4.56611526367e-10
        dmean2: 7.17040926634e-10
        dvar: 2.55787897597e-19
        dvar2: 6.30440925435e-19
        max: -2.87534274168e-10
        mean: -1.23527632567e-09
        min: -3.82755427353e-09
        var: 3.23155373689e-19
    spectral_energy:
        dmean: 0.00202138512395
        dmean2: 0.00314517971128
        dvar: 5.34143237019e-06
        dvar2: 1.31634942591e-05
        max: 0.0175393205136
        mean: 0.00544387521222
        min: 0.00129387690686
        var: 6.68328220854e-06
    spectral_energyband_high:
        dmean: 0.000349707872374
        dmean2: 0.000568824063521
        dvar: 4.45207575694e-07
        dvar2: 1.16504452308e-06
        max: 0.00579563714564
        mean: 0.00054211623501
        min: 4.53020802524e-05
        var: 4.74651159266e-07
    spectral_energyband_low:
        dmean: 0.000230731457123
        dmean2: 0.000410891952924
        dvar: 1.23619244619e-07
        dvar2: 3.45634134646e-07
        max: 0.00315051502548
        mean: 0.000313997472404
        min: 9.86612212728e-06
        var: 1.25893791392e-07
    spectral_energyband_middle_high:
        dmean: 0.000782651011832
        dmean2: 0.00126706506126
        dvar: 7.10825304395e-07
        dvar2: 1.77596609774e-06
        max: 0.00629797577858
        mean: 0.00218895543367
        min: 0.000525196024682
        var: 1.05239780623e-06
    spectral_energyband_middle_low:
        dmean: 0.00113740982488
        dmean2: 0.0018475005636
        dvar: 1.65450524037e-06
        dvar2: 4.31978878623e-06
        max: 0.0092753386125
        mean: 0.00239873933606
        min: 0.00055143062491
        var: 1.96738437808e-06
    spectral_flatness_db:
        dmean: 0.0143754128367
        dmean2: 0.0223597530276
        dvar: 0.00012402831635
        dvar2: 0.000328056979924
        max: 0.183750852942
        mean: 0.13133007288
        min: 0.0900796726346
        var: 0.000262077111984
    spectral_flux:
        dmean: 0.00941239949316
        dmean2: 0.0142332622781
        dvar: 9.59825192695e-05
        dvar2: 0.000188054444152
        max: 0.101240955293
        mean: 0.047805018723
        min: 0.0254112761468
        var: 0.000166429716046
    spectral_kurtosis:
        dmean: 0.927482664585
        dmean2: 1.55809819698
        dvar: 1.04358994961
        dvar2: 2.55937004089
        max: 11.2002792358
        mean: 2.96644020081
        min: 0.814039945602
        var: 1.86010122299
    spectral_rms:
        dmean: 0.000401527417125
        dmean2: 0.000610801100265
        dvar: 1.58269756412e-07
        dvar2: 3.84198159509e-07
        max: 0.00413660891354
        mean: 0.00225244439207
        min: 0.00112352974247
        var: 2.37590754182e-07
    spectral_rolloff:
        dmean: 428.30480957
        dmean2: 713.564331055
        dvar: 204104.96875
        dvar2: 527388.25
        max: 4758.83789062
        mean: 3363.68701172
        min: 947.4609375
        var: 360195.59375
    spectral_skewness:
        dmean: 0.18079277873
        dmean2: 0.296656966209
        dvar: 0.0309516843408
        dvar2: 0.0805681943893
        max: 2.37008666992
        mean: 1.25105071068
        min: 0.659223854542
        var: 0.0708918571472
    spectral_spread:
        dmean: 495728.96875
        dmean2: 672117
        dvar: 196175101952
        dvar2: 453234360320
        max: 6830704.5
        mean: 4543164
        min: 2726079
        var: 538944471040
    spectral_strongpeak:
        dmean: 0.303019106388
        dmean2: 0.549866139889
        dvar: 0.349429726601
        dvar2: 1.07056987286
        max: 4.52577877045
        mean: 0.331530988216
        min: 0.0240670926869
        var: 0.240645423532
    zerocrossingrate:
        dmean: 0.00864451285452
        dmean2: 0.0111791305244
        dvar: 5.18470878887e-05
        dvar2: 7.69803737057e-05
        max: 0.14306640625
        mean: 0.0935955643654
        min: 0.03955078125
        var: 0.000286520837108
    barkbands:
        dmean: [3.45758110143e-07, 6.11733921687e-05, 0.000195782486117, 0.000243456102908, 0.000822918314952, 0.000193527303054, 0.000155702597112, 9.46076179389e-05, 0.000115067072329, 0.000155168541824, 9.14612028282e-05, 7.24621058907e-05, 5.87944414292e-05, 7.2421556979e-05, 7.0746667916e-05, 6.84237311361e-05, 0.000111520108476, 0.000184225136763, 0.000328727299348, 0.000265654118266, 0.00017076623044, 4.26430997322e-05, 9.35754997045e-06, 1.9602816792e-06, 9.66846982919e-07, 6.19301232518e-08, 1.30307453716e-09]
        dmean2: [4.52337445722e-07, 0.000106950632471, 0.000344377942383, 0.000401666125981, 0.00141793489456, 0.000336465309374, 0.000255188555457, 0.000160151146702, 0.000178455593414, 0.000237598957028, 0.000152598891873, 0.000118262789329, 0.000100793746242, 0.000128105573822, 0.000117228715681, 0.000109405213152, 0.000185632976354, 0.000304527988192, 0.000529236800503, 0.000442682619905, 0.000284649169771, 6.74051989336e-05, 1.45161757246e-05, 2.79868800135e-06, 1.36882511015e-06, 8.80904380551e-08, 1.7740674485e-09]
        dvar: [7.84032214152e-12, 1.03042534505e-08, 8.26645134566e-08, 7.4705617692e-08, 9.28743418172e-07, 3.90382908222e-08, 2.96538189559e-08, 1.51147965255e-08, 2.74797038458e-08, 4.13956335876e-08, 1.34953586084e-08, 6.75451694576e-09, 3.88917120731e-09, 1.02335953045e-08, 6.09854078348e-09, 9.71128777394e-09, 1.32714461643e-08, 3.5720926661e-08, 1.45507641491e-07, 1.57877565243e-07, 1.49404172589e-07, 5.97772142896e-09, 1.72605582605e-10, 9.04505897265e-12, 1.75235238646e-12, 8.02675525872e-15, 1.82238331273e-16]
        dvar2: [7.92725086962e-12, 2.80075393988e-08, 2.34915617625e-07, 1.92570752233e-07, 2.51717347055e-06, 1.0861275257e-07, 7.63180025842e-08, 4.0666080281e-08, 4.49206147835e-08, 9.95709896756e-08, 3.40300729817e-08, 1.66644102961e-08, 9.97357751942e-09, 2.87109482855e-08, 1.61433710844e-08, 2.32925412291e-08, 3.33651755113e-08, 9.54234948836e-08, 3.71102828467e-07, 4.07261183e-07, 4.04165604095e-07, 1.4422633754e-08, 3.5025779499e-10, 1.74077453841e-11, 3.62955433937e-12, 1.87383779554e-14, 1.85027279897e-16]
        max: [5.80036576139e-05, 0.000672266061883, 0.00283831730485, 0.00187643792015, 0.00570910517126, 0.00128463411238, 0.0012687377166, 0.00113948329818, 0.00257389177568, 0.00253389519639, 0.00103519915137, 0.00072159600677, 0.000683478603605, 0.000784956326243, 0.000777266453952, 0.00127185601741, 0.000893937016372, 0.00145100825466, 0.00263983896002, 0.00336047331803, 0.00319033605047, 0.000739787996281, 0.000100380224467, 2.49624044955e-05, 9.81070115813e-06, 5.69397457184e-07, 2.79327423414e-07]
        mean: [4.57862824987e-07, 6.06495450484e-05, 0.00025295978412, 0.00031898371526, 0.0011971964268, 0.000281348213321, 0.000213490144233, 0.00014043043484, 0.000190897466382, 0.000258991844021, 0.000154184759595, 0.000123262783745, 0.000103578953713, 0.0001029713967, 0.000126551909489, 0.000139201816637, 0.000211813036003, 0.000332038354827, 0.000492019753437, 0.000443436554633, 0.000211320017115, 6.79867662257e-05, 1.48535500557e-05, 3.75342051484e-06, 1.42091857924e-06, 7.74360344735e-08, 1.19754528516e-09]
        min: [1.45957257391e-09, 6.65336415295e-07, 4.89426156491e-07, 5.55852921025e-06, 7.92120190454e-05, 1.76632347575e-05, 1.3182992916e-05, 4.81966935695e-06, 7.57785983296e-06, 1.26012473629e-05, 9.99803341983e-06, 7.57279713071e-06, 1.06153920569e-05, 4.37778362539e-06, 1.56648166012e-05, 1.8882801669e-05, 3.3032392821e-05, 4.62555290142e-05, 4.00028184231e-05, 4.15902541135e-05, 1.15481325338e-05, 3.98008342017e-06, 5.64353797472e-07, 9.67759987702e-08, 2.69142237386e-08, 7.41104899671e-10, 4.1031715921e-14]
        var: [7.89153031117e-12, 8.75375683052e-09, 8.97809968592e-08, 8.96692853303e-08, 9.53623555233e-07, 4.30393534145e-08, 3.5934185405e-08, 1.80434849284e-08, 7.32075804422e-08, 1.21421507515e-07, 2.57344563437e-08, 1.17996910021e-08, 5.9559148724e-09, 1.00578514406e-08, 1.08432187673e-08, 2.44137563499e-08, 2.1661449523e-08, 4.74710901699e-08, 1.51726553099e-07, 1.91253278103e-07, 1.29788602976e-07, 8.08384825746e-09, 2.64939570283e-10, 1.81093716412e-11, 2.93535486716e-12, 1.03863832208e-14, 1.81567481179e-16]
    mfcc:
        mean: [-677.658447266, 109.908233643, -45.6254844666, 53.7522087097, -21.0328350067, -2.2057697773, -2.43737959862, -2.40029120445, -10.4491825104, -7.44200754166, -10.9352359772, -11.0316066742, -7.74088144302]
        cov: [[634.953186035, -296.335418701, 76.2186965942, 16.4887313843, -71.4099578857, 1.93969154358, -3.93704581261, -92.8336410522, 31.5770759583, -48.5823097229, 10.1848592758, -0.871960520744, -35.2695121765], [-296.335418701, 362.206207275, -100.187973022, -34.3755226135, 34.4455528259, -4.53155946732, 39.6544456482, 85.4108276367, 10.306807518, 46.4882354736, -3.84523582458, -11.3739414215, 3.40302729607], [76.2186965942, -100.187973022, 158.979629517, 39.5554466248, 20.4386024475, -3.83492326736, 7.84703731537, -21.3379936218, 1.86059260368, -16.7307987213, 19.7193431854, 0.990268170834, -0.777001738548], [16.4887313843, -34.3755226135, 39.5554466248, 82.2569961548, 23.8708095551, 5.25007295609, -8.79470920563, -13.9237861633, -10.2661705017, -6.96235799789, 11.6145601273, 0.778121352196, 4.33760643005], [-71.4099578857, 34.4455528259, 20.4386024475, 23.8708095551, 118.24256134, 10.4062461853, 19.5167160034, 13.9345521927, -0.171792805195, 20.5673236847, -0.034717194736, 14.7741718292, 24.0529060364], [1.93969154358, -4.53155946732, -3.83492326736, 5.25007295609, 10.4062461853, 41.2302589417, 9.42814826965, 2.40263080597, -4.20395565033, -2.1358101368, -3.43920350075, -1.31843066216, -1.10623586178], [-3.93704581261, 39.6544456482, 7.84703731537, -8.79470920563, 19.5167160034, 9.42814826965, 76.3371505737, 35.1316795349, 11.9485301971, 10.9028930664, 5.90087652206, -7.08449840546, 11.421538353], [-92.8336410522, 85.4108276367, -21.3379936218, -13.9237861633, 13.9345521927, 2.40263080597, 35.1316795349, 90.7347488403, 11.8424568176, 20.188791275, -0.6166883111, -7.60672187805, 18.9467639923], [31.5770759583, 10.306807518, 1.86059260368, -10.2661705017, -0.171792805195, -4.20395565033, 11.9485301971, 11.8424568176, 60.6942214966, 6.81177663803, 5.26601648331, 0.507373392582, -2.94657611847], [-48.5823097229, 46.4882354736, -16.7307987213, -6.96235799789, 20.5673236847, -2.1358101368, 10.9028930664, 20.188791275, 6.81177663803, 50.1591453552, 7.34938812256, 3.89270663261, 7.29862308502], [10.1848592758, -3.84523582458, 19.7193431854, 11.6145601273, -0.034717194736, -3.43920350075, 5.90087652206, -0.6166883111, 5.26601648331, 7.34938812256, 50.9252700806, 0.0460797809064, 4.67360639572], [-0.871960520744, -11.3739414215, 0.990268170834, 0.778121352196, 14.7741718292, -1.31843066216, -7.08449840546, -7.60672187805, 0.507373392582, 3.89270663261, 0.0460797809064, 48.6274909973, 11.3120927811], [-35.2695121765, 3.40302729607, -0.777001738548, 4.33760643005, 24.0529060364, -1.10623586178, 11.421538353, 18.9467639923, -2.94657611847, 7.29862308502, 4.67360639572, 11.3120927811, 51.9674224854]]
        icov: [[0.00323611381464, 0.00247303838842, 0.000380924000638, -0.000324179069139, 0.00104031246156, 0.000165948542417, -0.00213998300023, 0.00155599706341, -0.00200261198916, 0.000459868169855, -0.000238619322772, -7.62687850511e-05, 0.00135209760629], [0.00247303838842, 0.0066954693757, 0.00303416349925, 7.79294205131e-05, -0.000981503399089, 0.00174060615245, -0.00266542192549, -0.00214835046791, -0.00109770335257, -0.00110505742487, -0.000802201684564, 0.00052706716815, 0.00318962195888], [0.000380924000638, 0.00303416349925, 0.00990294851363, -0.0029426345136, -0.00241211522371, 0.00276694470085, -0.00291991652921, -5.37398409506e-05, -0.000656908552628, 0.00240881834179, -0.00296261534095, 0.000258554995526, 0.00212479801849], [-0.000324179069139, 7.79294205131e-05, -0.0029426345136, 0.0161761846393, -0.00362120848149, -0.00206586625427, 0.00303134368733, 0.00046520869364, 0.0021885309834, 0.00164673873223, -0.00334548507817, 0.00143993413076, -0.000942824874073], [0.00104031246156, -0.000981503399089, -0.00241211522371, -0.00362120848149, 0.0129591906443, -0.00303489877842, -0.0023795212619, 0.00160647183657, -0.000845033908263, -0.00441515585408, 0.0026827310212, -0.0028990553692, -0.00412696320564], [0.000165948542417, 0.00174060615245, 0.00276694470085, -0.00206586625427, -0.00303489877842, 0.0273630395532, -0.00475116772577, -0.000927024637349, 0.00201604748145, 0.00207380438223, 0.00107695977204, 0.000269617943559, 0.0032493355684], [-0.00213998300023, -0.00266542192549, -0.00291991652921, 0.00303134368733, -0.0023795212619, -0.00475116772577, 0.0200899280608, -0.00602362956852, -0.00090880371863, -0.000718411174603, -0.00156846945174, 0.00274072005413, -0.00319972843863], [0.00155599706341, -0.00214835046791, -5.37398409506e-05, 0.00046520869364, 0.00160647183657, -0.000927024637349, -0.00602362956852, 0.0192943383008, -0.00313424877822, -0.00277783162892, 0.00157045724336, 0.00276006711647, -0.00584643706679], [-0.00200261198916, -0.00109770335257, -0.000656908552628, 0.0021885309834, -0.000845033908263, 0.00201604748145, -0.00090880371863, -0.00313424877822, 0.019450860098, -0.00154240732081, -0.00169770629145, -0.00117442582268, 0.00202455744147], [0.000459868169855, -0.00110505742487, 0.00240881834179, 0.00164673873223, -0.00441515585408, 0.00207380438223, -0.000718411174603, -0.00277783162892, -0.00154240732081, 0.0266106184572, -0.00502588273957, -0.0017019319348, 0.000539031054359], [-0.000238619322772, -0.000802201684564, -0.00296261534095, -0.00334548507817, 0.0026827310212, 0.00107695977204, -0.00156846945174, 0.00157045724336, -0.00169770629145, -0.00502588273957, 0.0229689981788, 0.00020808915724, -0.00282245781273], [-7.62687850511e-05, 0.00052706716815, 0.000258554995526, 0.00143993413076, -0.0028990553692, 0.000269617943559, 0.00274072005413, 0.00276006711647, -0.00117442582268, -0.0017019319348, 0.00020808915724, 0.0238029956818, -0.00549132796004], [0.00135209760629, 0.00318962195888, 0.00212479801849, -0.000942824874073, -0.00412696320564, 0.0032493355684, -0.00319972843863, -0.00584643706679, 0.00202455744147, 0.000539031054359, -0.00282245781273, -0.00549132796004, 0.0263644345105]]
    spectral_contrast:
        mean: [1.30956948396e-07, 1.63271678844e-07, -4.44123912757e-07, -3.68370578485e-08, 1.44166563132e-07, 1.97353760001e-08, 9.20961042539e-07, -1.95898292077e-06, 3.06019614982e-07, 8.11316226645e-07, 1.86909073818e-06, 7.20800352738e-09]
        var: [0.000333523727022, 0.000563381821848, 0.000692631059792, 0.00111346039921, 0.00173567107413, 0.00269965524785, 0.0320670604706, 0.0577748604119, 0.0982079952955, 0.154803112149, 0.253613293171, 0.450342297554]

rhythm:
    beats_loudness:
        dmean: 0.00470394361764
        dmean2: 0.00935366842896
        dvar: 2.41256543632e-06
        dvar2: 5.77624041398e-06
        max: 0.0127288568765
        mean: 0.00761314621195
        min: 0.0033021918498
        var: 7.26607731849e-06
    beats_loudness_bass:
        dmean: 0.162236258388
        dmean2: 0.324153333902
        dvar: 0.0024038341362
        dvar2: 0.00775333493948
        max: 0.235240086913
        mean: 0.112728230655
        min: 0.00902155786753
        var: 0.00762856006622
    bpm: 136.142242432
    bpm_confidence: 0
    first_peak_bpm: 136
    first_peak_spread: 0
    first_peak_weight: 0.952380955219
    onset_rate: 5.98144578934
    second_peak_bpm: 123
    second_peak_spread: 0
    second_peak_weight: 0.047619048506
    beats_position: [0.262704133987, 0.703352570534, 1.14400100708, 1.58464956284, 2.02529788017, 2.46594619751, 2.90659475327, 3.3472430706, 3.78789138794, 4.2285399437, 4.66918802261, 5.10983657837, 5.55048513412, 6.04000139236, 6.48076725006, 6.92153310776, 7.36229944229, 7.80306529999, 8.24383163452, 8.68459701538, 9.12536334991, 9.56612968445]
    bpm_estimates: [135.991470337, 136.097473145, 136.096176147, 136.914886475, 135.978439331, 135.998199463, 136.165618896, 136.066360474, 136.162796021, 136.022216797, 136.291656494, 136.226013184, 136.233840942, 136.268310547, 135.978805542, 136.025192261, 136.011154175, 136.122238159, 136.051589966]
    bpm_intervals: [0.440648436546, 0.440648436546, 0.440648555756, 0.440648317337, 0.440648317337, 0.440648555756, 0.440648317337, 0.440648317337, 0.440648555756, 0.440648078918, 0.440648555756, 0.440648555756, 0.48951625824, 0.440765857697, 0.440765857697, 0.440766334534, 0.440765857697, 0.440766334534, 0.440765380859, 0.440766334534, 0.440766334534]
    onset_times: [0.0580498874187, 0.162539675832, 0.371519267559, 0.49922901392, 0.603718817234, 0.696598649025, 0.9287981987, 1.06811785698, 1.13777780533, 1.47446715832, 1.59056687355, 1.81115651131, 2.03174614906, 2.15945577621, 2.26394557953, 2.47292518616, 2.69351482391, 2.84444451332, 2.91410422325, 3.14630389214, 3.36689352989, 3.58748292923, 3.93578219414, 4.14476203918, 4.2492518425, 4.48145103455, 4.69043064117, 4.92263031006, 5.02712011337, 5.14321994781, 5.35219955444, 5.50312948227, 5.58439922333, 5.72371864319, 5.83981847763, 6.025578022, 6.25777769089, 6.37387752533, 6.46675729752, 6.7570066452, 6.80344676971, 6.91954660416, 7.14013624191, 7.27945566177, 7.4884352684, 7.60453510284, 7.80190467834, 8.03410434723, 8.17342376709, 8.24308395386, 8.498503685, 8.57977294922, 8.6958732605, 8.92807292938, 9.13705253601, 9.26476192474, 9.36925125122, 9.57823085785, 9.81043052673, 10.0310201645]
    rubato_start: []
    rubato_stop: []
    perceptual_tempo: "unknown"

sfx:
    inharmonicity:
        dmean: 0.0461778156459
        dmean2: 0.0813605859876
        dvar: 0.00305355316959
        dvar2: 0.00881992001086
        max: 0.430405080318
        mean: 0.0545677766204
        min: 0.00218643969856
        var: 0.00275136902928
    oddtoevenharmonicenergyratio:
        dmean: 1.89318132401
        dmean2: 3.58770155907
        dvar: 18.8836917877
        dvar2: 54.8487548828
        max: 37.727180481
        mean: 1.28131723404
        min: 0.011240247637
        var: 10.8276090622
    pitch_after_max_to_before_max_energy_ratio: 16.4680080414
    pitch_centroid: 202.523117065
    pitch_max_to_total: 0.0627906993032
    pitch_min_to_total: 0.646511614323
    tristimulus:
        dmean: [0.187992036343, 0.223686426878, 0.154085695744]
        dmean2: [0.326455146074, 0.380565315485, 0.262268364429]
        dvar: [0.022717744112, 0.0348582826555, 0.0149961197749]
        dvar2: [0.0599008724093, 0.100867554545, 0.0421982631087]
        max: [0.785311758518, 0.95332634449, 0.656485676765]
        mean: [0.344449877739, 0.425306946039, 0.178584113717]
        min: [0.0253840759397, 0, 0]
        var: [0.0354008637369, 0.0475418195128, 0.0213151536882]

tonal:
    chords_changes_rate: 0.0555555559695
    chords_number_rate: 0.0185185186565
    chords_strength:
        dmean: 0.010829763487
        dmean2: 0.013370802626
        dvar: 5.78596591367e-05
        dvar2: 9.6119416412e-05
        max: 0.54573404789
        mean: 0.439631074667
        min: 0.344929367304
        var: 0.00197560153902
    key_strength: 0.604158341885
    tuning_diatonic_strength: 0.599606573582
    tuning_equal_tempered_deviation: 0.0889123231173
    tuning_frequency: 441.527557373
    tuning_nontempered_energy_ratio: 0.79077231884
    hpcp:
        dmean: [0.211985588074, 0.215188920498, 0.244250983, 0.255571424961, 0.206745043397, 0.157662078738, 0.172951489687, 0.202518373728, 0.272142976522, 0.292953699827, 0.289784759283, 0.186853080988, 0.141155987978, 0.132449015975, 0.162905141711, 0.188291072845, 0.163519769907, 0.140318959951, 0.0981013551354, 0.0675516054034, 0.0917350128293, 0.117979720235, 0.107395589352, 0.136761322618, 0.152541920543, 0.161966100335, 0.167921647429, 0.167022436857, 0.202262982726, 0.295311957598, 0.272786140442, 0.201330408454, 0.14689463377, 0.122733928263, 0.153599277139, 0.21175172925]
        dmean2: [0.376230508089, 0.380473345518, 0.433103889227, 0.447976142168, 0.350188553333, 0.27156573534, 0.304480612278, 0.358965665102, 0.452057361603, 0.498662501574, 0.515138983727, 0.33860591054, 0.250753879547, 0.231892451644, 0.28039765358, 0.30544885993, 0.283265322447, 0.242312580347, 0.165073096752, 0.113806150854, 0.152656435966, 0.196187883615, 0.181061729789, 0.224575415254, 0.236317843199, 0.269543200731, 0.29155626893, 0.286846220493, 0.368868112564, 0.549489378929, 0.48043808341, 0.345532774925, 0.258206605911, 0.215932101011, 0.266092419624, 0.37617495656]
        dvar: [0.0410023517907, 0.0471117123961, 0.0479305498302, 0.0518749132752, 0.040483109653, 0.0291834268719, 0.0375068895519, 0.0451982170343, 0.0439823940396, 0.061139497906, 0.0481141880155, 0.0449375323951, 0.0300313644111, 0.0292270500213, 0.0271652191877, 0.0284446701407, 0.0224168170244, 0.0318509377539, 0.0137398177758, 0.00389911956154, 0.0100447256118, 0.018924806267, 0.0156227629632, 0.0279272161424, 0.026164278388, 0.0279510803521, 0.034140072763, 0.0392482988536, 0.0472230538726, 0.0599471442401, 0.0543396659195, 0.0324865616858, 0.0234597288072, 0.0201073866338, 0.0282239224762, 0.0412054918706]
        dvar2: [0.114442773163, 0.138559728861, 0.132383108139, 0.130590066314, 0.107499249279, 0.0789064764977, 0.0923094525933, 0.128550589085, 0.115329787135, 0.135644346476, 0.133736148477, 0.11668907851, 0.0775682479143, 0.083844512701, 0.0648792311549, 0.069933898747, 0.0539502352476, 0.0861177295446, 0.0374443046749, 0.00988608133048, 0.0255919788033, 0.0476763658226, 0.0456482991576, 0.0794158652425, 0.0575862079859, 0.0726188868284, 0.102362215519, 0.116139307618, 0.130794122815, 0.177068069577, 0.149647250772, 0.0766281113029, 0.0658562034369, 0.0521279424429, 0.0766668245196, 0.104038730264]
        max: [1, 1, 1, 1, 1, 0.978438615799, 1, 1, 1, 1, 1, 1, 1, 1, 1, 1, 1, 1, 0.926501989365, 0.385886669159, 0.775387465954, 1, 0.967810153961, 1, 1, 1, 1, 1, 1, 1, 1, 1, 1, 1, 1, 1]
        mean: [0.308283656836, 0.297609955072, 0.397956341505, 0.454392790794, 0.325166851282, 0.230545595288, 0.26347771287, 0.302101314068, 0.441145390272, 0.551982522011, 0.401698559523, 0.229971542954, 0.171168982983, 0.165064141154, 0.274871528149, 0.337255060673, 0.247145757079, 0.175370052457, 0.135710120201, 0.10729149729, 0.143648937345, 0.176362589002, 0.167605370283, 0.213357567787, 0.275973111391, 0.256672501564, 0.221660301089, 0.203263625503, 0.224484577775, 0.341014355421, 0.408611238003, 0.321183592081, 0.214970588684, 0.18126732111, 0.225830569863, 0.304703712463]
        min: [0.0347230769694, 0.0239565111697, 0.0274693612009, 0.0234800614417, 0.0122330505401, 0.0118692182004, 0.012847205624, 0.0206714607775, 0.0261649955064, 0.0238637700677, 0.0310969240963, 0.0142476642504, 0.010625069961, 0.011319805868, 0.0225256811827, 0.0303530748934, 0.0114284818992, 0.00917449593544, 0.00723460316658, 0.0109902555123, 0.0178279355168, 0.0255735963583, 0.0211180243641, 0.0188295412809, 0.0171316154301, 0.018572403118, 0.0135960290208, 0.00964563060552, 0.0148433316499, 0.0348460711539, 0.04947129637, 0.0464745573699, 0.0168197378516, 0.02771897614, 0.0238469373435, 0.0355077013373]
        var: [0.0504055917263, 0.0515013672411, 0.0695016905665, 0.0879061892629, 0.0577247329056, 0.0375253818929, 0.0655051767826, 0.0655889138579, 0.0767819955945, 0.107159234583, 0.067499384284, 0.0400886312127, 0.0287860110402, 0.0245698485523, 0.0438506901264, 0.0612992271781, 0.0395301431417, 0.0296622831374, 0.0153599018231, 0.00578836491331, 0.0142234675586, 0.0252665262669, 0.0181399751455, 0.031293425709, 0.0455356650054, 0.0407481230795, 0.0360434986651, 0.0378009229898, 0.0462317876518, 0.0682254731655, 0.0790705308318, 0.0503288991749, 0.0283680837601, 0.0221592746675, 0.0313681401312, 0.0507085099816]
    chords_histogram: [39.8148155212, 0, 9.72222232819, 0, 0, 0, 0, 0, 0, 0, 0, 0, 0, 0, 0, 0, 0, 0, 0, 0, 0, 37.9629631042, 12.5, 0]
    thpcp: [1, 0.72773784399, 0.416628301144, 0.310098558664, 0.29903870821, 0.497971445322, 0.610988676548, 0.447741985321, 0.317709416151, 0.245859459043, 0.19437481463, 0.260241836309, 0.319507569075, 0.30364254117, 0.386529564857, 0.499967128038, 0.465001136065, 0.401571244001, 0.36824285984, 0.406687825918, 0.617799162865, 0.74026119709, 0.58187276125, 0.389451801777, 0.328393220901, 0.409126311541, 0.552016973495, 0.558502554893, 0.539165556431, 0.72095823288, 0.823201417923, 0.589089035988, 0.417668282986, 0.477329820395, 0.547302305698, 0.799201726913]
    chords_key: "F"
    chords_scale: "major"
    key_key: "F"
    key_scale: "major"
    chords_progression: ["Gm", "Gm", "Gm", "Gm", "Gm", "Gm", "Gm", "Gm", "Gm", "Gm", "Gm", "Gm", "Gm", "Gm", "Gm", "Gm", "Gm", "Gm", "Gm", "Gm", "Gm", "Gm", "Gm", "Gm", "Gm", "Gm", "Gm", "Gm", "F", "F", "F", "F", "F", "F", "F", "F", "F", "F", "F", "F", "F", "F", "F", "F", "F", "A#", "A#", "A#", "A#", "A#", "A#", "A#", "A#", "A#", "A#", "A#", "A#", "A#", "A#", "A#", "A#", "A#", "A#", "A#", "A#", "Gm", "Gm", "Gm", "Gm", "Gm", "Gm", "Gm", "Gm", "Gm", "Gm", "Gm", "Gm", "Gm", "Gm", "Gm", "Gm", "Gm", "Gm", "Gm", "Gm", "Gm", "Gm", "Gm", "Gm", "Gm", "Gm", "Gm", "Gm", "Gm", "Gm", "Gm", "F", "F", "F", "F", "F", "F", "F", "F", "F", "F", "F", "F", "F", "F", "F", "F", "F", "F", "F", "F", "F", "F", "F", "F", "F", "F", "F", "F", "F", "F", "F", "F", "F", "F", "F", "F", "F", "F", "F", "F", "F", "Gm", "Gm", "Gm", "Gm", "Gm", "Gm", "Gm", "Gm", "Gm", "Gm", "Gm", "Gm", "Gm", "Gm", "Gm", "Gm", "Gm", "Gm", "Gm", "Gm", "Gm", "Gm", "Gm", "C", "C", "C", "C", "C", "C", "C", "C", "C", "C", "C", "C", "C", "C", "C", "C", "C", "C", "C", "C", "C", "F", "F", "F", "F", "F", "F", "F", "F", "F", "F", "F", "F", "F", "F", "F", "F", "F", "F", "F", "F", "F", "F", "F", "F", "F", "F", "A#", "A#", "F", "A#", "F", "A#", "A#", "A#", "A#"]
