
metadata:
    version:
        essentia: "1.2.2"
    audio_properties:
        analysis_sample_rate: 44100
        bitrate: 128
        channels: 2
        equal_loudness: 1
        length: 9.97877597809
        replay_gain: -7.49019813538
        downmix: "mix"
    tags:
        track: 25
        year: 0
        album: "Splitted by Mp3Splt v. 2.1"
        artist: "From 004.00 To 004.10"
        comment: "http://mp3splt.sf.net"
        genre: ""
        title: "05 Southside.mp3"

highlevel:
    ballroom:
        all:
            ChaChaCha: 0.712716341019
            Jive: 0.0417565740645
            Quickstep: 0.0611001104116
            Rumba-American: 0.00371103221551
            Rumba-International: 0.0418999232352
            Rumba-Misc: 0.00407791975886
            Samba: 0.102250881493
            Tango: 0.0267649441957
            VienneseWaltz: 0.00214760680683
            Waltz: 0.00357466423884
        probability: 0.712716341019
        value: "ChaChaCha"
    culture:
        all:
            non_western: 0.973344922066
            western: 0.0266550872475
        probability: 0.973344922066
        value: "non_western"
    gender:
        all:
            female: 0.926568210125
            male: 0.0734318047762
        probability: 0.926568210125
        value: "female"
    genre_dortmund:
        all:
            alternative: 0.0086079556495
            blues: 0.000695476832334
            electronic: 0.94494509697
            folkcountry: 0.000781581562478
            funksoulrnb: 0.00176441762596
            jazz: 0.00827357545495
            pop: 0.00419488595799
            raphiphop: 0.00358184566721
            rock: 0.0271551534534
        probability: 0.94494509697
        value: "electronic"
    genre_electronica:
        all:
            ambient: 0.304985761642
            dnb: 0.318064600229
            house: 0.0577727369964
            techno: 0.2207044065
            trance: 0.0984724983573
        probability: 0.318064600229
        value: "dnb"
    genre_rosamerica:
        all:
            cla: 0.0171902403235
            dan: 0.139430224895
            hip: 0.200153380632
            jaz: 0.0213801711798
            pop: 0.410263478756
            rhy: 0.0424045473337
            roc: 0.156935691833
            spe: 0.0122422622517
        probability: 0.410263478756
        value: "pop"
    genre_tzanetakis:
        all:
            blu: 0.00310292420909
            cla: 0.0141837578267
            cou: 0.00588801316917
            dis: 0.0182728078216
            hip: 0.0209760908037
            jaz: 0.00435351207852
            met: 0.00286300759763
            pop: 0.133027419448
            reg: 0.773010909557
            roc: 0.0243215356022
        probability: 0.773010909557
        value: "reg"
    live_studio:
        all:
            live: 0.0567792654037
            studio: 0.943220734596
        probability: 0.943220734596
        value: "studio"
    mood:
        all:
            Cluster1: 0.226302802563
            Cluster2: 0.0801523402333
            Cluster3: 0.0630164071918
            Cluster4: 0.036305796355
            Cluster5: 0.594222664833
        probability: 0.594222664833
        value: "Cluster5"
    mood_acoustic:
        all:
            acoustic: 0.0646158605814
            not_acoustic: 0.93538415432
        probability: 0.93538415432
        value: "not_acoustic"
    mood_aggressive:
        all:
            aggressive: 0.0462304912508
            not_aggressive: 0.953769505024
        probability: 0.953769505024
        value: "not_aggressive"
    mood_electronic:
        all:
            electronic: 0.926566183567
            not_electronic: 0.0734338387847
        probability: 0.926566183567
        value: "electronic"
    mood_happy:
        all:
            happy: 0.141012534499
            not_happy: 0.8589874506
        probability: 0.8589874506
        value: "not_happy"
    mood_party:
        all:
            not_party: 0.313323438168
            party: 0.686676561832
        probability: 0.686676561832
        value: "party"
    mood_relaxed:
        all:
            not_relaxed: 0.752086758614
            relaxed: 0.247913226485
        probability: 0.752086758614
        value: "not_relaxed"
    mood_sad:
        all:
            not_sad: 0.796572983265
            sad: 0.203427046537
        probability: 0.796572983265
        value: "not_sad"
    rhythm:
        all:
            fast: 0.147852569818
            medium: 0.641659498215
            slow: 0.210487946868
        probability: 0.641659498215
        value: "medium"
    speech_music:
        all:
            music: 0.849796831608
            speech: 0.150203183293
        probability: 0.849796831608
        value: "music"
    timbre:
        all:
            bright: 0.0463855713606
            dark: 0.953614413738
        probability: 0.953614413738
        value: "dark"
    voice_instrumental:
        all:
            instrumental: 0.94280564785
            voice: 0.05719435215
        probability: 0.94280564785
        value: "instrumental"

lowlevel:
    average_loudness: 0.777601838112
    barkbands_kurtosis:
        dmean: 6.88260173798
        dmean2: 10.8977327347
        dvar: 282.234039307
        dvar2: 707.931884766
        max: 165.36114502
        mean: 8.41412734985
        min: -1.85848009586
        var: 368.334350586
    barkbands_skewness:
        dmean: 0.826787829399
        dmean2: 1.1952457428
        dvar: 1.02425146103
        dvar2: 2.13846850395
        max: 11.3642673492
        mean: 1.2642428875
        min: -3.87371826172
        var: 4.16519451141
    barkbands_spread:
        dmean: 4.43499755859
        dmean2: 6.585688591
        dvar: 33.1982192993
        dvar2: 67.6041870117
        max: 61.1907844543
        mean: 15.0233945847
        min: 0.416050434113
        var: 126.869979858
    dissonance:
        dmean: 0.0283023491502
        dmean2: 0.0493040978909
        dvar: 0.00066324416548
        dvar2: 0.00196173414588
        max: 0.499594807625
        mean: 0.454237371683
        min: 0.328214734793
        var: 0.0012553682318
    hfc:
        dmean: 3.12801814079
        dmean2: 4.37973213196
        dvar: 89.0074768066
        dvar2: 203.062240601
        max: 107.525566101
        mean: 4.53419971466
        min: 0.00327581586316
        var: 131.635559082
    pitch:
        dmean: 339.654052734
        dmean2: 627.042663574
        dvar: 557054.75
        dvar2: 1291541.375
        max: 3675
        mean: 516.916503906
        min: 60.9116020203
        var: 810661.4375
    pitch_instantaneous_confidence:
        dmean: 0.0881558656693
        dmean2: 0.141975596547
        dvar: 0.00517265871167
        dvar2: 0.0127923609689
        max: 0.711203455925
        mean: 0.363676309586
        min: 0.146456182003
        var: 0.0125238606706
    pitch_salience:
        dmean: 0.0925198793411
        dmean2: 0.142192915082
        dvar: 0.00694179814309
        dvar2: 0.0148414326832
        max: 0.839845001698
        mean: 0.594488859177
        min: 0.102331474423
        var: 0.0215203091502
    silence_rate_20dB:
        dmean: 0
        dmean2: 0
        dvar: 0
        dvar2: 0
        max: 1
        mean: 1
        min: 1
        var: 0
    silence_rate_30dB:
        dmean: 0
        dmean2: 0
        dvar: 0
        dvar2: 0
        max: 1
        mean: 1
        min: 1
        var: 0
    silence_rate_60dB:
        dmean: 0.162790700793
        dmean2: 0.326340317726
        dvar: 0.136289864779
        dvar2: 0.285111159086
        max: 1
        mean: 0.663573086262
        min: 0
        var: 0.223243832588
    spectral_centroid:
        dmean: 179.313644409
        dmean2: 256.598144531
        dvar: 49255.8164062
        dvar2: 102524.953125
        max: 3514.72143555
        mean: 889.83996582
        min: 67.3034133911
        var: 702360.5
    spectral_complexity:
        dmean: 2.72727274895
        dmean2: 3.81542062759
        dvar: 16.9162731171
        dvar2: 29.0477371216
        max: 46
        mean: 7.65348815918
        min: 0
        var: 76.1985321045
    spectral_crest:
        dmean: 3.25647377968
        dmean2: 5.03362989426
        dvar: 8.61567115784
        dvar2: 19.7705192566
        max: 25.8006210327
        mean: 9.56258583069
        min: 2.64901590347
        var: 24.452589035
    spectral_decrease:
        dmean: 4.37409802823e-10
        dmean2: 6.05757055627e-10
        dvar: 4.60860576357e-19
        dvar2: 1.04209361283e-18
        max: -5.41814293084e-12
        mean: -6.90725587837e-10
        min: -6.64674093542e-09
        var: 7.82296138155e-19
    spectral_energy:
        dmean: 0.00192376424093
        dmean2: 0.00265776785091
        dvar: 1.08540725705e-05
        dvar2: 2.43935701292e-05
        max: 0.0348392091691
        mean: 0.00301822088659
        min: 2.19844787352e-05
        var: 1.81433097168e-05
    spectral_energyband_high:
        dmean: 0.000162371230545
        dmean2: 0.000238634442212
        dvar: 5.39463542282e-07
        dvar2: 1.33596336127e-06
        max: 0.00886141974479
        mean: 0.00020318730094
        min: 9.1282309489e-10
        var: 6.15549879512e-07
    spectral_energyband_low:
        dmean: 0.000496860593557
        dmean2: 0.000767206249293
        dvar: 8.50495666782e-07
        dvar2: 2.07026459975e-06
        max: 0.00719572184607
        mean: 0.000628440349828
        min: 2.02536898541e-06
        var: 9.53611220211e-07
    spectral_energyband_middle_high:
        dmean: 0.00095958384918
        dmean2: 0.00139165774453
        dvar: 5.65082018511e-06
        dvar2: 1.3359706827e-05
        max: 0.0254335477948
        mean: 0.00132336642127
        min: 3.43058452756e-08
        var: 8.09468201624e-06
    spectral_energyband_middle_low:
        dmean: 0.000526202900801
        dmean2: 0.000824071175884
        dvar: 7.53455310587e-07
        dvar2: 1.797014761e-06
        max: 0.00693112844601
        mean: 0.000862975255586
        min: 6.78393007547e-06
        var: 1.09033351237e-06
    spectral_flatness_db:
        dmean: 0.0289734527469
        dmean2: 0.0389955192804
        dvar: 0.000882708234712
        dvar2: 0.00142328348011
        max: 0.489851951599
        mean: 0.204699426889
        min: 0.0685208588839
        var: 0.00693784793839
    spectral_flux:
        dmean: 0.0118190040812
        dmean2: 0.0180102474988
        dvar: 0.000190183054656
        dvar2: 0.000350381073076
        max: 0.139924257994
        mean: 0.0318688638508
        min: 0.00277435407043
        var: 0.000557331251912
    spectral_kurtosis:
        dmean: 6.10999679565
        dmean2: 9.45007228851
        dvar: 87.4222869873
        dvar2: 195.018249512
        max: 125.214141846
        mean: 16.632434845
        min: 1.52385091782
        var: 336.199737549
    spectral_rms:
        dmean: 0.000469983759103
        dmean2: 0.000592483964283
        dvar: 2.60432329924e-07
        dvar2: 5.2763863323e-07
        max: 0.00583004904911
        mean: 0.00143144524191
        min: 0.000146452293848
        var: 8.95571076853e-07
    spectral_rolloff:
        dmean: 285.954772949
        dmean2: 433.28012085
        dvar: 135394.734375
        dvar2: 263410.46875
        max: 4780.37109375
        mean: 1413.07873535
        min: 64.599609375
        var: 1554039.5
    spectral_skewness:
        dmean: 0.469718873501
        dmean2: 0.718727886677
        dvar: 0.288554400206
        dvar2: 0.639449477196
        max: 9.53399085999
        mean: 2.8802819252
        min: 0.924588382244
        var: 2.13452076912
    spectral_spread:
        dmean: 386167.71875
        dmean2: 591173.8125
        dvar: 229050875904
        dvar2: 476777906176
        max: 7665941
        mean: 3110544.25
        min: 766982.0625
        var: 1.54255976038e+12
    spectral_strongpeak:
        dmean: 0.396545231342
        dmean2: 0.662083923817
        dvar: 0.730228245258
        dvar2: 1.86606621742
        max: 6.92747306824
        mean: 0.555299222469
        min: 0
        var: 1.28369164467
    zerocrossingrate:
        dmean: 0.00630554324016
        dmean2: 0.00675151497126
        dvar: 4.66365709144e-05
        dvar2: 4.00861936214e-05
        max: 0.15869140625
        mean: 0.0483409799635
        min: 0.0029296875
        var: 0.0015334545169
    barkbands:
        dmean: [2.04911407309e-06, 0.000214026033063, 0.000399656855734, 0.000165657533216, 9.44959028857e-05, 4.35404945165e-05, 8.124573651e-05, 7.40698524169e-05, 0.000238529231865, 0.000124519807287, 6.60112636979e-05, 3.95198949263e-05, 3.0365994462e-05, 0.000186415782082, 4.6560078772e-05, 4.78523797938e-05, 9.41815669648e-05, 0.000218935878365, 0.000217795968638, 0.000135254871566, 7.08054649294e-05, 1.58230395755e-05, 3.92638503399e-06, 1.35206437335e-06, 1.03089678305e-06, 5.82823567186e-08, 6.00927807515e-10]
        dmean2: [3.50046548192e-06, 0.000310994510073, 0.000687111052684, 0.000261922687059, 0.000148137332872, 7.94753868831e-05, 0.000132026383653, 0.000127823499497, 0.000391643552575, 0.000205868695048, 0.000108714404632, 6.60720834276e-05, 4.86926001031e-05, 0.000273400801234, 7.67175079091e-05, 7.80660338933e-05, 0.000161777192261, 0.000359704281436, 0.000320655992255, 0.000203610703466, 0.000104424245364, 1.99693058676e-05, 5.36743118573e-06, 1.77421986791e-06, 1.41276461818e-06, 8.47561310025e-08, 9.69386126926e-10]
        dvar: [5.85179821266e-12, 1.28846352254e-07, 7.87242527167e-07, 8.97204941452e-08, 2.62088644121e-08, 1.10978799484e-08, 2.68360000888e-08, 2.18244515793e-08, 3.17470664868e-07, 1.21567410361e-07, 4.92233702687e-08, 1.00473886988e-08, 4.05039868312e-09, 4.25196645892e-07, 1.08855386927e-08, 1.59481352568e-08, 1.72745117766e-07, 8.06523871688e-07, 6.04461206422e-07, 3.66058714008e-07, 7.93632537466e-08, 3.40132011445e-09, 2.37748098986e-10, 2.62011801144e-11, 1.39670636168e-11, 5.42224177071e-14, 4.13071291801e-18]
        dvar2: [1.5375058865e-11, 2.40516556005e-07, 2.15483578359e-06, 2.2116581988e-07, 6.65243575781e-08, 3.3300484148e-08, 7.62883587413e-08, 5.82769921209e-08, 7.57829809572e-07, 3.21423897276e-07, 1.28721566739e-07, 2.6971717304e-08, 1.01172989986e-08, 8.56890608247e-07, 3.22487458959e-08, 4.33458424709e-08, 4.76528811078e-07, 2.16190255742e-06, 1.33253945478e-06, 9.34646664064e-07, 1.88515272725e-07, 6.15991258002e-09, 5.34620292481e-10, 4.84480545959e-11, 2.55446132996e-11, 1.01490152816e-13, 8.32599803618e-18]
        max: [2.00254944502e-05, 0.00271195685491, 0.006108420901, 0.00279163382947, 0.0016498756595, 0.000731945736334, 0.00132367026526, 0.00125433504581, 0.00391033990309, 0.00303416978568, 0.00212728581391, 0.00085605320055, 0.000432018307038, 0.00551747623831, 0.00119644263759, 0.00157806952484, 0.00419065309688, 0.0103747230023, 0.0112047698349, 0.00750313792378, 0.00320849148557, 0.000992325250991, 0.000193507323274, 9.08958827495e-05, 5.39565444342e-05, 2.77345588984e-06, 2.14839417367e-08]
        mean: [2.39572500504e-06, 0.000274826947134, 0.000351473310729, 0.0001869496773, 0.000109190652438, 5.2970211982e-05, 0.000146714388393, 9.6711461083e-05, 0.000254936952842, 0.000153312153998, 6.47338601993e-05, 4.87190300191e-05, 3.86337342206e-05, 0.000179618771654, 6.51673835819e-05, 8.1989543105e-05, 0.000100756849861, 0.000247145275353, 0.000270705495495, 0.000167993770447, 8.89482034836e-05, 2.42556216108e-05, 5.79803463552e-06, 2.46577610596e-06, 1.71821352524e-06, 9.3205088092e-08, 7.68632602011e-10]
        min: [1.70039484715e-08, 3.71108228592e-07, 4.31312287219e-07, 1.31922718083e-07, 8.15243311081e-07, 9.84180985597e-08, 4.31314672866e-09, 5.14482456637e-09, 1.23687451392e-08, 2.89403923048e-09, 9.56641432737e-09, 2.89129475917e-09, 5.06231057074e-09, 2.47293585609e-09, 6.48311360152e-09, 3.69562935809e-09, 7.78244690913e-10, 5.12706765932e-10, 4.84369155895e-10, 4.25599111509e-10, 2.75945100103e-10, 2.43684961099e-10, 6.47313730395e-11, 6.08666936297e-11, 5.17395154498e-11, 1.57287238789e-11, 8.77231027077e-14]
        var: [7.61195533688e-12, 1.98647242655e-07, 5.56932718609e-07, 9.14087507908e-08, 3.03839442495e-08, 1.04202824147e-08, 4.44655476883e-08, 2.50823966041e-08, 3.06019359186e-07, 1.24608192209e-07, 4.16173442375e-08, 1.03232551396e-08, 5.65980107226e-09, 4.7047484486e-07, 1.74565499833e-08, 3.05684650925e-08, 1.33409940872e-07, 7.61351543588e-07, 8.78436594576e-07, 4.05131117986e-07, 1.04554132463e-07, 7.83008058391e-09, 4.27042123885e-10, 7.15412520891e-11, 3.36169633797e-11, 1.11711888926e-13, 6.85001210632e-18]
    mfcc:
        mean: [-839.340087891, 170.859268188, -41.2493171692, 46.645526886, -12.8462638855, -1.20265448093, 8.06778907776, 3.51124930382, 23.7849750519, -4.90052175522, 9.60118675232, -3.19055962563, -1.42020320892]
        cov: [[14931.5615234, -4844.02001953, -2071.16088867, 342.751953125, -338.476409912, -1140.5703125, -133.89012146, -887.184997559, -473.324310303, 85.6036224365, 50.3032035828, -383.501617432, -133.547988892], [-4844.02001953, 3267.69995117, 686.245117188, -299.855377197, -107.039901733, 310.08972168, 179.815826416, 203.346954346, 329.588226318, -170.62272644, 113.156738281, 189.71043396, 106.568473816], [-2071.16088867, 686.245117188, 786.470031738, 193.784942627, 203.81048584, 230.35836792, 34.6300735474, 303.475891113, -42.0724372864, 55.1326217651, -130.788650513, 70.8993148804, 13.6293821335], [342.751953125, -299.855377197, 193.784942627, 319.27520752, 219.774017334, 87.2496109009, 65.4351501465, 41.2555160522, -52.0621070862, 61.2028617859, -33.2328948975, -31.3933792114, -15.4988174438], [-338.476409912, -107.039901733, 203.81048584, 219.774017334, 290.902679443, 225.090652466, 76.4753036499, 32.0993995667, -18.4444141388, 65.7593765259, 4.36406135559, -45.6066436768, -49.2262992859], [-1140.5703125, 310.08972168, 230.35836792, 87.2496109009, 225.090652466, 291.395202637, 93.1181411743, 62.222202301, 34.1680984497, 31.3688735962, 30.397485733, -18.0001888275, -36.0163116455], [-133.89012146, 179.815826416, 34.6300735474, 65.4351501465, 76.4753036499, 93.1181411743, 99.6299285889, 6.48694515228, 44.0761795044, 3.18822860718, 46.575302124, -4.67524003983, 11.2150402069], [-887.184997559, 203.346954346, 303.475891113, 41.2555160522, 32.0993995667, 62.222202301, 6.48694515228, 197.297241211, 15.3741960526, 43.9308166504, -62.0236473083, 65.2482757568, 30.4333686829], [-473.324310303, 329.588226318, -42.0724372864, -52.0621070862, -18.4444141388, 34.1680984497, 44.0761795044, 15.3741960526, 142.783493042, -6.65089941025, 73.1804351807, 35.9496688843, 36.0672149658], [85.6036224365, -170.62272644, 55.1326217651, 61.2028617859, 65.7593765259, 31.3688735962, 3.18822860718, 43.9308166504, -6.65089941025, 110.868881226, 15.6158638, 13.3202610016, -7.81697320938], [50.3032035828, 113.156738281, -130.788650513, -33.2328948975, 4.36406135559, 30.397485733, 46.575302124, -62.0236473083, 73.1804351807, 15.6158638, 113.567848206, 12.0125236511, 9.18560218811], [-383.501617432, 189.71043396, 70.8993148804, -31.3933792114, -45.6066436768, -18.0001888275, -4.67524003983, 65.2482757568, 35.9496688843, 13.3202610016, 12.0125236511, 79.4652633667, 41.201965332], [-133.547988892, 106.568473816, 13.6293821335, -15.4988174438, -49.2262992859, -36.0163116455, 11.2150402069, 30.4333686829, 36.0672149658, -7.81697320938, 9.18560218811, 41.201965332, 69.7227172852]]
        icov: [[0.000318323582178, 0.000364507635823, -0.000111852896225, -2.53751807122e-07, 8.47585033625e-05, 0.0013364990009, -0.00171958352439, 0.000865542737301, 6.98309013387e-05, -0.000315536308335, 0.000132821442094, -3.23893036693e-05, 0.000653563824017], [0.000364507635823, 0.00307143991813, -0.00659360131249, 0.00270587112755, 0.00451310258359, 0.000340395665262, -0.0073119760491, 0.00845656264573, -0.00553649943322, 0.000394116650568, 0.00087037513731, -0.00261941854842, 0.00308260857128], [-0.000111852896225, -0.00659360131249, 0.021903347224, -0.0089355725795, -0.0106180533767, -0.00196518586017, 0.0154598578811, -0.0251035634428, 0.0159633308649, 0.000452366017271, -4.63005526399e-05, 0.00321548408829, -0.00654630875215], [-2.53751807122e-07, 0.00270587112755, -0.0089355725795, 0.0203389190137, -0.0165382996202, 0.014558494091, -0.0165981408209, 0.00750311044976, -0.00391125958413, 0.00027316797059, 0.00334427831694, -0.00294076837599, 0.0007214108482], [8.47585033625e-05, 0.00451310258359, -0.0106180533767, -0.0165382996202, 0.0481143444777, -0.0296047907323, -0.00142342410982, 0.0202655605972, -0.0118493493646, -0.00758906593546, 0.00433344626799, -0.000862882006913, 0.00694185635075], [0.0013364990009, 0.000340395665262, -0.00196518586017, 0.014558494091, -0.0296047907323, 0.0360276326537, -0.0167618393898, -0.00614407053217, 0.00314888474531, 0.00384988053702, -0.00741996243596, 0.00432737590745, 0.00596987595782], [-0.00171958352439, -0.0073119760491, 0.0154598578811, -0.0165981408209, -0.00142342410982, -0.0167618393898, 0.0509703606367, -0.0270270872861, 0.0106884883717, 0.00675242953002, -0.0181868672371, 0.0143240746111, -0.015735225752], [0.000865542737301, 0.00845656264573, -0.0251035634428, 0.00750311044976, 0.0202655605972, -0.00614407053217, -0.0270270872861, 0.0574248768389, -0.0264894850552, -0.0138422260061, 0.0285838823766, -0.0232328996062, 0.00783807225525], [6.98309013387e-05, -0.00553649943322, 0.0159633308649, -0.00391125958413, -0.0118493493646, 0.00314888474531, 0.0106884883717, -0.0264894850552, 0.0296176485717, 0.00453625107184, -0.0162319205701, 0.00710337562487, -0.00916177034378], [-0.000315536308335, 0.000394116650568, 0.000452366017271, 0.00027316797059, -0.00758906593546, 0.00384988053702, 0.00675242953002, -0.0138422260061, 0.00453625107184, 0.0207313448191, -0.0168006997555, 0.00175040040631, 0.00150873861276], [0.000132821442094, 0.00087037513731, -4.63005526399e-05, 0.00334427831694, 0.00433344626799, -0.00741996243596, -0.0181868672371, 0.0285838823766, -0.0162319205701, -0.0168006997555, 0.0486138314009, -0.0223943274468, 0.00269412831403], [-3.23893036693e-05, -0.00261941854842, 0.00321548408829, -0.00294076837599, -0.000862882006913, 0.00432737590745, 0.0143240746111, -0.0232328996062, 0.00710337562487, 0.00175040040631, -0.0223943274468, 0.0416973307729, -0.0130461687222], [0.000653563824017, 0.00308260857128, -0.00654630875215, 0.0007214108482, 0.00694185635075, 0.00596987595782, -0.015735225752, 0.00783807225525, -0.00916177034378, 0.00150873861276, 0.00269412831403, -0.0130461687222, 0.031680598855]]
    spectral_contrast:
        mean: [-3.89093571584e-07, 2.49555455412e-07, -1.56596470902e-07, -1.50605686144e-07, 2.50720706418e-08, 2.33497729596e-07, -9.97338133857e-07, 9.07931223537e-07, 1.87373439076e-06, 4.50125980933e-06, -1.60184015385e-06, 1.16104308745e-06]
        var: [0.000138564384542, 0.000474234693684, 0.000834684527945, 0.00139090418816, 0.00273229903542, 0.00799334142357, 0.0474501177669, 0.0984184369445, 0.197766587138, 0.399366259575, 1.10293376446, 6.84468412399]

rhythm:
    beats_loudness:
        dmean: 0.00346056721173
        dmean2: 0.00549457548186
        dvar: 5.18487377121e-06
        dvar2: 1.25663873405e-05
        max: 0.0171748157591
        mean: 0.00534254033118
        min: 0.000784417614341
        var: 1.45880167111e-05
    beats_loudness_bass:
        dmean: 0.210175126791
        dmean2: 0.439083665609
        dvar: 0.0351245477796
        dvar2: 0.111536338925
        max: 0.774778068066
        mean: 0.18625973165
        min: 0.0226060077548
        var: 0.0324406586587
    bpm: 67.6948852539
    bpm_confidence: 0
    first_peak_bpm: 136
    first_peak_spread: 0
    first_peak_weight: 0.533333361149
    onset_rate: 5.41148519516
    second_peak_bpm: 68
    second_peak_spread: 0
    second_peak_weight: 0.40000000596
    beats_position: [0.269501954317, 1.15583193302, 2.04216194153, 2.92849206924, 3.81482195854, 4.70115232468, 5.58748197556, 6.05051708221, 6.49203634262, 6.93355560303, 7.3750743866, 7.816593647, 8.25811195374, 8.69963169098, 9.14115047455, 9.58266925812]
    bpm_estimates: [67.7345352173, 67.7025909424, 67.7330627441, 67.6912231445, 67.6779251099, 67.6368789673, 67.6953353882, 67.6505584717, 67.7044372559, 67.7223052979]
    bpm_intervals: [0.886330008507, 0.886330008507, 0.886330127716, 0.886329889297, 0.886330366135, 0.886329650879, 0.463035106659, 0.441519260406, 0.441519260406, 0.441518783569, 0.441519260406, 0.441518306732, 0.441519737244, 0.441518783569, 0.441518783569]
    onset_times: [0.0696598663926, 0.255419492722, 0.371519267559, 0.684988677502, 0.847528338432, 0.9287981987, 1.05650794506, 1.1261677742, 1.369977355, 1.81115651131, 2.03174614906, 2.14784574509, 2.46131515503, 2.62385487556, 2.70512461662, 2.83283448219, 2.91410422325, 3.05342411995, 3.15791392326, 3.59909296036, 3.80807256699, 3.93578219414, 4.2492518425, 4.38857126236, 4.48145103455, 4.60916090012, 4.69043064117, 4.82975053787, 4.94585037231, 5.3754196167, 5.58439922333, 5.71210861206, 6.04879808426, 6.18811798096, 6.25777769089, 6.38548755646, 6.46675729752, 6.60607719421, 6.73378705978, 7.1517457962, 7.37233543396, 7.4884352684, 7.9644446373, 8.04571437836, 8.16181373596, 8.24308395386, 8.38240337372, 8.48689365387, 8.63782310486, 8.893242836, 9.12544250488, 9.35764217377, 9.54340171814, 9.78721046448]
    rubato_start: [6.05051708221]
    rubato_stop: [6.49203634262]
    perceptual_tempo: "unknown"

sfx:
    inharmonicity:
        dmean: 0.0338091515005
        dmean2: 0.0597109273076
        dvar: 0.00253912783228
        dvar2: 0.00696354871616
        max: 0.445988386869
        mean: 0.0359509065747
        min: 0
        var: 0.00288871745579
    oddtoevenharmonicenergyratio:
        dmean: 3.44583106041
        dmean2: 6.57833957672
        dvar: 64.6665496826
        dvar2: 197.72114563
        max: 63.6973266602
        mean: 2.14283204079
        min: 0
        var: 39.3832473755
    pitch_after_max_to_before_max_energy_ratio: 1.77196192741
    pitch_centroid: 309.521820068
    pitch_max_to_total: 0.893023252487
    pitch_min_to_total: 0.365116268396
    tristimulus:
        dmean: [0.228878125548, 0.25041359663, 0.0842456892133]
        dmean2: [0.398455291986, 0.432203948498, 0.149850547314]
        dvar: [0.0395402088761, 0.0452167540789, 0.0146240061149]
        dvar2: [0.098421536386, 0.119099386036, 0.0428381934762]
        max: [1, 0.981859266758, 0.713207066059]
        mean: [0.484770685434, 0.39825758338, 0.086534999311]
        min: [0.0172166693956, 0, 0]
        var: [0.088422127068, 0.0711619406939, 0.0152451312169]

tonal:
    chords_changes_rate: 0.00462962966412
    chords_number_rate: 0.00925925932825
    chords_strength:
        dmean: 0.00841837842017
        dmean2: 0.0113814445212
        dvar: 4.66863093607e-05
        dvar2: 7.5022879173e-05
        max: 0.604920744896
        mean: 0.504024386406
        min: 0.337850391865
        var: 0.00374207482673
    key_strength: 0.672765374184
    tuning_diatonic_strength: 0.58139783144
    tuning_equal_tempered_deviation: 0.227037087083
    tuning_frequency: 444.085327148
    tuning_nontempered_energy_ratio: 0.832718372345
    hpcp:
        dmean: [0.143298849463, 0.146739423275, 0.128969818354, 0.112612552941, 0.135249048471, 0.21517175436, 0.240176379681, 0.176982074976, 0.222867652774, 0.300895303488, 0.292937934399, 0.335726320744, 0.254804551601, 0.15945443511, 0.143520742655, 0.135880216956, 0.110111884773, 0.101897463202, 0.10542627424, 0.0891225785017, 0.0925685241818, 0.0812860652804, 0.0751838311553, 0.0822305083275, 0.0801095291972, 0.161169245839, 0.183262765408, 0.165489569306, 0.12445256114, 0.0793325528502, 0.0730821788311, 0.129938572645, 0.200293079019, 0.232620164752, 0.195584252477, 0.130691558123]
        dmean2: [0.260702669621, 0.270856887102, 0.240879297256, 0.205281123519, 0.243938714266, 0.362234264612, 0.394916594028, 0.292411059141, 0.41240850091, 0.567202329636, 0.488714337349, 0.61086076498, 0.464958250523, 0.294291138649, 0.249858513474, 0.246960759163, 0.200151354074, 0.173349753022, 0.175571650267, 0.147771447897, 0.15247964859, 0.131731405854, 0.13782158494, 0.152404934168, 0.142160654068, 0.260047972202, 0.303236573935, 0.279166787863, 0.217952698469, 0.134066775441, 0.12363012135, 0.218985661864, 0.309379070997, 0.390903830528, 0.338112711906, 0.227916225791]
        dvar: [0.0434250533581, 0.0581029988825, 0.0539042465389, 0.032581936568, 0.0467872358859, 0.0450559519231, 0.0700642243028, 0.0396796651185, 0.076118670404, 0.0874053165317, 0.065800100565, 0.0961782336235, 0.0661473348737, 0.0500576011837, 0.0319539196789, 0.0359061323106, 0.04056808725, 0.0296110659838, 0.0220951475203, 0.0252886097878, 0.0233305711299, 0.0126836551353, 0.0182345509529, 0.028371470049, 0.012313826941, 0.0407266393304, 0.0446519106627, 0.0265165194869, 0.0197697170079, 0.0177380926907, 0.0152334570885, 0.0245739743114, 0.0340674929321, 0.054984908551, 0.0361026935279, 0.0278207585216]
        dvar2: [0.115161605179, 0.161334976554, 0.158387586474, 0.0877777636051, 0.123128600419, 0.109203055501, 0.154986277223, 0.108264118433, 0.220527499914, 0.241221681237, 0.160795509815, 0.240598112345, 0.205239489675, 0.153777107596, 0.0840093642473, 0.101280979812, 0.112115114927, 0.0807188600302, 0.0482215732336, 0.0593537837267, 0.060912322253, 0.0324273258448, 0.0547667369246, 0.0822727903724, 0.0325438044965, 0.0856519266963, 0.0908798649907, 0.0572033077478, 0.0498919859529, 0.0474052168429, 0.0409319549799, 0.0577093325555, 0.0789816752076, 0.126267835498, 0.108543157578, 0.0782282650471]
        max: [1, 1, 1, 1, 1, 1, 1, 1, 1, 1, 1, 1, 1, 1, 1, 1, 1, 1, 0.905944347382, 1, 1, 0.848515152931, 1, 1, 0.716257929802, 1, 1, 1, 1, 1, 0.837333261967, 0.787386476994, 1, 1, 1, 1]
        mean: [0.124105118215, 0.122789189219, 0.115725770593, 0.114081464708, 0.139718487859, 0.296706020832, 0.33891582489, 0.192002803087, 0.175790518522, 0.264243721962, 0.369504660368, 0.393635481596, 0.273187220097, 0.169555872679, 0.150918349624, 0.12171074748, 0.0961048752069, 0.115784086287, 0.130026310682, 0.105868533254, 0.103192940354, 0.0999557077885, 0.0781455934048, 0.0776372104883, 0.08902554214, 0.215585902333, 0.306404858828, 0.255503892899, 0.158061370254, 0.0787680819631, 0.0711781829596, 0.120431251824, 0.311682641506, 0.412553548813, 0.249527841806, 0.124402150512]
        min: [0, 0, 0, 0, 0, 0, 0, 0.000300644693198, 0.000117386400234, 0.000163063319633, 0.000131012217025, 0, 0, 0, 0, 0.000162231561262, 0.000134423826239, 4.69190999866e-05, 4.91779319418e-05, 0, 0, 0, 0, 4.97382497997e-05, 0.000256767059909, 0.000386467203498, 0.00135095149744, 0.000295234291116, 1.98534198717e-05, 0, 0, 0, 0, 0, 0, 0]
        var: [0.0373301766813, 0.0433070957661, 0.0503072030842, 0.0426383242011, 0.0439000762999, 0.0689314380288, 0.103042319417, 0.0407972596586, 0.0556787438691, 0.0768039375544, 0.108146600425, 0.125113233924, 0.0780577808619, 0.0405943542719, 0.0337921045721, 0.0272037424147, 0.0357035249472, 0.0281733907759, 0.0289773233235, 0.0272358898073, 0.0222067628056, 0.0150319635868, 0.012641617097, 0.0188546795398, 0.0124038979411, 0.067102715373, 0.0828292369843, 0.0581608861685, 0.0362828560174, 0.0185375828296, 0.0146862426773, 0.0286720246077, 0.0801272019744, 0.126764759421, 0.050008457154, 0.0260522123426]
    chords_histogram: [95.3703689575, 0, 0, 0, 0, 0, 0, 0, 0, 0, 0, 0, 0, 0, 0, 0, 0, 0, 0, 0, 0, 4.62962961197, 0, 0]
    thpcp: [1, 0.604837477207, 0.30154183507, 0.300821840763, 0.297632128, 0.280510902405, 0.276525229216, 0.33866751194, 0.719193935394, 0.821507453918, 0.465400934219, 0.426103532314, 0.640507698059, 0.895652592182, 0.954144001007, 0.662186086178, 0.410991191864, 0.365815162659, 0.295018047094, 0.232951268554, 0.28065225482, 0.315174371004, 0.256617665291, 0.250132232904, 0.24228541553, 0.189419269562, 0.188186988235, 0.215791478753, 0.522564649582, 0.742703258991, 0.619322955608, 0.383129328489, 0.190928146243, 0.172530770302, 0.291916668415, 0.755496203899]
    chords_key: "F"
    chords_scale: "minor"
    key_key: "F"
    key_scale: "minor"
    chords_progression: ["Fm", "Fm", "Fm", "Fm", "Fm", "Fm", "Fm", "Fm", "Fm", "Fm", "Fm", "Fm", "Fm", "Fm", "Fm", "Fm", "Fm", "Fm", "Fm", "Fm", "Fm", "Fm", "Fm", "Fm", "Fm", "Fm", "Fm", "Fm", "Fm", "Fm", "Fm", "Fm", "Fm", "Fm", "Fm", "Fm", "Fm", "Fm", "Fm", "Fm", "Fm", "Fm", "Fm", "Fm", "Fm", "Fm", "Fm", "Fm", "Fm", "Fm", "Fm", "Fm", "Fm", "Fm", "Fm", "Fm", "Fm", "Fm", "Fm", "Fm", "Fm", "Fm", "Fm", "Fm", "Fm", "Fm", "Fm", "Fm", "Fm", "Fm", "Fm", "Fm", "Fm", "Fm", "Fm", "Fm", "Fm", "Fm", "Fm", "Fm", "Fm", "Fm", "Fm", "Fm", "Fm", "Fm", "Fm", "Fm", "Fm", "Fm", "Fm", "Fm", "Fm", "Fm", "Fm", "Fm", "Fm", "Fm", "Fm", "Fm", "Fm", "Fm", "Fm", "Fm", "Fm", "Fm", "Fm", "Fm", "Fm", "Fm", "Fm", "Fm", "Fm", "Fm", "Fm", "Fm", "Fm", "Fm", "Fm", "Fm", "Fm", "Fm", "Fm", "Fm", "Fm", "Fm", "Fm", "Fm", "Fm", "Fm", "Fm", "Fm", "Fm", "Fm", "Fm", "Fm", "Fm", "Fm", "Fm", "Fm", "Fm", "Fm", "Fm", "Fm", "Fm", "Fm", "Fm", "Fm", "Fm", "Fm", "Fm", "Fm", "Fm", "Fm", "Fm", "Fm", "Fm", "Fm", "Fm", "Fm", "Fm", "Fm", "Fm", "Fm", "Fm", "Fm", "Fm", "Fm", "Fm", "Fm", "Fm", "Fm", "Fm", "Fm", "Fm", "Fm", "Fm", "Fm", "Fm", "Fm", "Fm", "Fm", "Fm", "Fm", "Fm", "Fm", "Fm", "Fm", "Fm", "Fm", "Fm", "Fm", "Fm", "Fm", "Fm", "Fm", "Fm", "Fm", "Fm", "Fm", "Fm", "Fm", "Fm", "Fm", "Fm", "Fm", "F#", "F#", "F#", "F#", "F#", "F#", "F#", "F#", "F#", "F#"]
