
metadata:
    version:
        essentia: "1.2.2"
    audio_properties:
        analysis_sample_rate: 44100
        bitrate: 128
        channels: 2
        equal_loudness: 1
        length: 10.0571432114
        replay_gain: -9.71352386475
        downmix: "mix"
    tags:
        track: 7
        year: 0
        album: "Splitted by Mp3Splt v. 2.1"
        artist: "From 001.00 To 001.10"
        comment: "http://mp3splt.sf.net"
        genre: ""
        title: "02 How You Ever Gonna Know.mp3"

highlevel:
    ballroom:
        all:
            ChaChaCha: 0.0245732218027
            Jive: 0.0146440621465
            Quickstep: 0.0866227969527
            Rumba-American: 0.0154949398711
            Rumba-International: 0.316327810287
            Rumba-Misc: 0.196830064058
            Samba: 0.016387341544
            Tango: 0.0521735623479
            VienneseWaltz: 0.0978680551052
            Waltz: 0.179078131914
        probability: 0.316327810287
        value: "Rumba-International"
    culture:
        all:
            non_western: 0.349296450615
            western: 0.650703549385
        probability: 0.650703549385
        value: "western"
    gender:
        all:
            female: 0.00595818227157
            male: 0.994041800499
        probability: 0.994041800499
        value: "male"
    genre_dortmund:
        all:
            alternative: 0.0411819629371
            blues: 0.0656235218048
            electronic: 0.00636339141056
            folkcountry: 0.615646243095
            funksoulrnb: 0.0195314157754
            jazz: 0.0900477543473
            pop: 0.102485045791
            raphiphop: 0.00572677329183
            rock: 0.053393907845
        probability: 0.615646243095
        value: "folkcountry"
    genre_electronica:
        all:
            ambient: 0.728687465191
            dnb: 0.0119936801493
            house: 0.205520778894
            techno: 0.0129541270435
            trance: 0.040843937546
        probability: 0.728687465191
        value: "ambient"
    genre_rosamerica:
        all:
            cla: 0.0420990362763
            dan: 0.0174199845642
            hip: 0.00906977616251
            jaz: 0.107054628432
            pop: 0.625650703907
            rhy: 0.0719287991524
            roc: 0.11622364074
            spe: 0.0105534326285
        probability: 0.625650703907
        value: "pop"
    genre_tzanetakis:
        all:
            blu: 0.0255006477237
            cla: 0.0243459176272
            cou: 0.251301288605
            dis: 0.0194994732738
            hip: 0.00495357811451
            jaz: 0.0223568975925
            met: 0.00403735041618
            pop: 0.374147683382
            reg: 0.0827260166407
            roc: 0.191131159663
        probability: 0.374147683382
        value: "pop"
    live_studio:
        all:
            live: 0.138670757413
            studio: 0.861329257488
        probability: 0.861329257488
        value: "studio"
    mood:
        all:
            Cluster1: 0.117677219212
            Cluster2: 0.25465297699
            Cluster3: 0.495904833078
            Cluster4: 0.121739029884
            Cluster5: 0.0100259268656
        probability: 0.495904833078
        value: "Cluster3"
    mood_acoustic:
        all:
            acoustic: 0.993606448174
            not_acoustic: 0.00639356533065
        probability: 0.993606448174
        value: "acoustic"
    mood_aggressive:
        all:
            aggressive: 2.33845895536e-07
            not_aggressive: 0.999999761581
        probability: 0.999999761581
        value: "not_aggressive"
    mood_electronic:
        all:
            electronic: 0.0715598389506
            not_electronic: 0.928440153599
        probability: 0.928440153599
        value: "not_electronic"
    mood_happy:
        all:
            happy: 0.118222996593
            not_happy: 0.881776988506
        probability: 0.881776988506
        value: "not_happy"
    mood_party:
        all:
            not_party: 0.966115891933
            party: 0.0338841192424
        probability: 0.966115891933
        value: "not_party"
    mood_relaxed:
        all:
            not_relaxed: 0.0935063064098
            relaxed: 0.906493663788
        probability: 0.906493663788
        value: "relaxed"
    mood_sad:
        all:
            not_sad: 0.0885114893317
            sad: 0.91148853302
        probability: 0.91148853302
        value: "sad"
    rhythm:
        all:
            fast: 0.51103413105
            medium: 0.388874709606
            slow: 0.100091151893
        probability: 0.51103413105
        value: "fast"
    speech_music:
        all:
            music: 0.991087794304
            speech: 0.00891219545156
        probability: 0.991087794304
        value: "music"
    timbre:
        all:
            bright: 0.999999940395
            dark: 4.55867628091e-08
        probability: 0.999999940395
        value: "bright"
    voice_instrumental:
        all:
            instrumental: 0.0531302541494
            voice: 0.946869730949
        probability: 0.946869730949
        value: "voice"

lowlevel:
    average_loudness: 0.83169233799
    barkbands_kurtosis:
        dmean: 3.25269603729
        dmean2: 4.89081144333
        dvar: 33.9369430542
        dvar2: 75.643447876
        max: 82.111831665
        mean: 6.62425947189
        min: -1.80906832218
        var: 90.9351806641
    barkbands_skewness:
        dmean: 0.489973962307
        dmean2: 0.732146382332
        dvar: 0.339079529047
        dvar2: 0.800511777401
        max: 7.2220158577
        mean: 2.05934596062
        min: -0.0656418949366
        var: 1.2907050848
    barkbands_spread:
        dmean: 3.78177881241
        dmean2: 5.5601401329
        dvar: 27.816198349
        dvar2: 58.9500274658
        max: 57.3777580261
        mean: 15.2948093414
        min: 1.03232741356
        var: 113.770515442
    dissonance:
        dmean: 0.0293423626572
        dmean2: 0.0466631129384
        dvar: 0.000900689454284
        dvar2: 0.00178167060949
        max: 0.493615180254
        mean: 0.394934892654
        min: 0
        var: 0.00434275064617
    hfc:
        dmean: 0.810332119465
        dmean2: 1.05891621113
        dvar: 2.21111035347
        dvar2: 3.82941555977
        max: 19.5961399078
        mean: 2.53266382217
        min: 2.6889365472e-05
        var: 9.52592372894
    pitch:
        dmean: 130.101531982
        dmean2: 252.024414062
        dvar: 325423.75
        dvar2: 870908.25
        max: 4410
        mean: 300.838531494
        min: 65.430267334
        var: 290329.25
    pitch_instantaneous_confidence:
        dmean: 0.0741406753659
        dmean2: 0.107631400228
        dvar: 0.00703385472298
        dvar2: 0.0143915135413
        max: 0.941873371601
        mean: 0.563133776188
        min: 0.202942490578
        var: 0.0315269343555
    pitch_salience:
        dmean: 0.0642151460052
        dmean2: 0.0962165743113
        dvar: 0.00420052651316
        dvar2: 0.0103324726224
        max: 0.950493633747
        mean: 0.55553483963
        min: 0.207755938172
        var: 0.0135461892933
    silence_rate_20dB:
        dmean: 0
        dmean2: 0
        dvar: 0
        dvar2: 0
        max: 1
        mean: 1
        min: 1
        var: 0
    silence_rate_30dB:
        dmean: 0
        dmean2: 0
        dvar: 0
        dvar2: 0
        max: 1
        mean: 1
        min: 1
        var: 0
    silence_rate_60dB:
        dmean: 0.110599078238
        dmean2: 0.221709012985
        dvar: 0.0983668640256
        dvar2: 0.191030412912
        max: 1
        mean: 0.645977020264
        min: 0
        var: 0.228691965342
    spectral_centroid:
        dmean: 125.713005066
        dmean2: 185.654190063
        dvar: 33857.2070312
        dvar2: 71418.25
        max: 2111.86791992
        mean: 676.889892578
        min: 234.231292725
        var: 116920.9375
    spectral_complexity:
        dmean: 1.45034646988
        dmean2: 2.14120364189
        dvar: 3.99810361862
        dvar2: 8.33883666992
        max: 25
        mean: 6.50921678543
        min: 0
        var: 19.1992607117
    spectral_crest:
        dmean: 2.1045460701
        dmean2: 3.254976511
        dvar: 6.06392431259
        dvar2: 15.1558408737
        max: 24.509563446
        mean: 10.665312767
        min: 3.74914550781
        var: 19.7682437897
    spectral_decrease:
        dmean: 2.59376464751e-10
        dmean2: 3.51424306322e-10
        dvar: 1.52984857093e-19
        dvar2: 2.86822886999e-19
        max: -1.50044466597e-14
        mean: -8.04871613802e-10
        min: -4.86317253134e-09
        var: 6.33698310988e-19
    spectral_energy:
        dmean: 0.00104015565012
        dmean2: 0.0014033295447
        dvar: 2.50267203228e-06
        dvar2: 4.60432374894e-06
        max: 0.0197362750769
        mean: 0.00326749123633
        min: 5.90692295077e-08
        var: 1.05666022137e-05
    spectral_energyband_high:
        dmean: 4.54723121948e-05
        dmean2: 6.65547704557e-05
        dvar: 1.1631866137e-08
        dvar2: 2.31808936491e-08
        max: 0.00108200695831
        mean: 7.62419149396e-05
        min: 3.2145736073e-10
        var: 2.06131005598e-08
    spectral_energyband_low:
        dmean: 0.000136109898449
        dmean2: 0.000244828552241
        dvar: 1.80213135081e-07
        dvar2: 5.27851909737e-07
        max: 0.00304666417651
        mean: 0.000156076697749
        min: 2.42376052562e-09
        var: 1.17381155462e-07
    spectral_energyband_middle_high:
        dmean: 0.000171768522705
        dmean2: 0.000236206469708
        dvar: 1.0284604457e-07
        dvar2: 1.93932805814e-07
        max: 0.00437681563199
        mean: 0.000496944587212
        min: 1.13165210536e-09
        var: 4.60228022803e-07
    spectral_energyband_middle_low:
        dmean: 0.000868557253852
        dmean2: 0.00119712867308
        dvar: 1.73709884166e-06
        dvar2: 3.30885541189e-06
        max: 0.0164486393332
        mean: 0.00253822747618
        min: 5.49541709916e-08
        var: 6.96778806741e-06
    spectral_flatness_db:
        dmean: 0.0200280696154
        dmean2: 0.029247097671
        dvar: 0.000387894018786
        dvar2: 0.00083817273844
        max: 0.37258207798
        mean: 0.219926312566
        min: 0.0943186283112
        var: 0.00284329033457
    spectral_flux:
        dmean: 0.00910630449653
        dmean2: 0.0145466579124
        dvar: 0.000148605482536
        dvar2: 0.000329421804054
        max: 0.0938469842076
        mean: 0.0241131801158
        min: 0.00118680717424
        var: 0.00038397294702
    spectral_kurtosis:
        dmean: 2.79700064659
        dmean2: 4.75141382217
        dvar: 13.7455844879
        dvar2: 39.273979187
        max: 54.5717086792
        mean: 8.7750453949
        min: -1.22096383572
        var: 70.1468200684
    spectral_rms:
        dmean: 0.000255873717833
        dmean2: 0.000333233911078
        dvar: 1.11727253227e-07
        dvar2: 1.87261946394e-07
        max: 0.00438804086298
        mean: 0.00157795706764
        min: 7.59134491091e-06
        var: 6.97849316111e-07
    spectral_rolloff:
        dmean: 362.58291626
        dmean2: 622.86730957
        dvar: 470741.9375
        dvar2: 1039094.3125
        max: 4694.23828125
        mean: 1144.8314209
        min: 236.865234375
        var: 1087837.5
    spectral_skewness:
        dmean: 0.293984681368
        dmean2: 0.465162843466
        dvar: 0.0910750180483
        dvar2: 0.207356244326
        max: 6.25493001938
        mean: 2.28164792061
        min: 0.246194958687
        var: 0.936762452126
    spectral_spread:
        dmean: 631281.4375
        dmean2: 883794.0625
        dvar: 819111264256
        dvar2: 1.35540047872e+12
        max: 14223883
        mean: 4512830.5
        min: 1513232.5
        var: 3.39833546342e+12
    spectral_strongpeak:
        dmean: 0.149973511696
        dmean2: 0.22933024168
        dvar: 0.0475780926645
        dvar2: 0.0965894311666
        max: 2.38277459145
        mean: 0.427771270275
        min: 9.72339475993e-05
        var: 0.188974037766
    zerocrossingrate:
        dmean: 0.00673557491973
        dmean2: 0.0077921547927
        dvar: 5.26749172423e-05
        dvar2: 6.95528069627e-05
        max: 0.1201171875
        mean: 0.0437720529735
        min: 0.00146484375
        var: 0.000484184245579
    barkbands:
        dmean: [1.2232490576e-07, 3.56264208676e-05, 0.000104125167127, 0.000138542891364, 0.000366654829122, 0.000186497272807, 0.000261552893789, 0.000208498633583, 9.18544756132e-05, 4.70433951705e-05, 1.53258552018e-05, 1.51392368934e-05, 1.24477783174e-05, 9.6525218396e-06, 3.09406896122e-05, 1.84687942237e-05, 3.53014875145e-05, 2.74549656751e-05, 4.54460714536e-05, 4.6891553211e-05, 2.12456379813e-05, 6.81405208525e-06, 2.07084349313e-06, 9.86175450635e-07, 9.51633580826e-07, 2.60038728328e-08, 2.65397898103e-10]
        dmean2: [1.95436072659e-07, 6.67684798827e-05, 0.000184410266229, 0.000222558999667, 0.000573474331759, 0.000270814431133, 0.000354375020834, 0.000317453464959, 0.000131892156787, 6.61457452225e-05, 2.29140769079e-05, 2.26543124882e-05, 1.89319525816e-05, 1.51989743244e-05, 5.03098599438e-05, 2.67429695668e-05, 5.26550393261e-05, 4.14522219216e-05, 6.70385634294e-05, 6.84707774781e-05, 3.06578549498e-05, 1.03250213215e-05, 3.15205011248e-06, 1.56413466357e-06, 1.27279929529e-06, 3.59347964718e-08, 4.57053422886e-10]
        dvar: [1.7902678309e-13, 1.7112228079e-08, 9.40108577652e-08, 5.63774875673e-08, 3.84191451985e-07, 1.12188878632e-07, 4.62668680257e-07, 4.18861588969e-07, 1.44725547102e-07, 1.7145202591e-08, 1.41045963797e-09, 1.50887979888e-09, 1.33588151652e-09, 7.64967700295e-10, 8.19083023629e-09, 1.59854152137e-09, 5.26623544772e-09, 4.10394207506e-09, 1.14062359557e-08, 1.02559125637e-08, 2.75200306987e-09, 3.71793790199e-10, 3.731483178e-11, 2.29235224553e-11, 7.44565780558e-12, 4.85274026976e-15, 4.50981041313e-19]
        dvar2: [4.0938444041e-13, 4.98205032784e-08, 2.77031432461e-07, 1.36141849794e-07, 8.3728411937e-07, 2.1269232775e-07, 9.06188063254e-07, 8.64381604515e-07, 2.64832891617e-07, 3.39146808415e-08, 2.91756552251e-09, 3.45369066679e-09, 3.04550717978e-09, 1.56735502355e-09, 2.08176178518e-08, 2.87058754544e-09, 1.09324140851e-08, 9.57353485376e-09, 2.28466898733e-08, 2.09514858796e-08, 5.65136337727e-09, 7.39871164335e-10, 7.40058500592e-11, 4.10955748598e-11, 1.40212355615e-11, 9.61934067692e-15, 1.21365614515e-18]
        max: [3.02702187582e-06, 0.000904870103113, 0.00234972010367, 0.00276543525979, 0.00653156451881, 0.00321146752685, 0.00962421763688, 0.00958380103111, 0.00717015191913, 0.00217446358874, 0.000462473661173, 0.000450123159681, 0.000467142788693, 0.000355401047273, 0.00115750997793, 0.000738279311918, 0.000777261971962, 0.000760646420531, 0.00222411565483, 0.00106992793735, 0.000508755852934, 0.000191075916518, 5.28519885847e-05, 6.67689237162e-05, 2.91460037261e-05, 6.63860873829e-07, 8.78218564537e-09]
        mean: [1.10158076438e-07, 3.35603035637e-05, 0.00012240948854, 0.000196923618205, 0.000781516893767, 0.000458235590486, 0.000535547500476, 0.00035204415326, 0.000185134151252, 9.08381407498e-05, 2.76072660199e-05, 2.51982692134e-05, 1.96162782231e-05, 1.4901313989e-05, 4.11628898291e-05, 3.71450660168e-05, 6.61681624479e-05, 4.67166610179e-05, 9.50012399699e-05, 8.947513561e-05, 3.24762404489e-05, 1.02257445178e-05, 2.92224058285e-06, 1.2880924487e-06, 1.23908887417e-06, 3.00702964751e-08, 2.2294097124e-10]
        min: [8.74837008391e-11, 1.0179864729e-09, 1.15840559367e-09, 1.81064319094e-09, 8.6982900882e-09, 1.46285952241e-08, 1.55680250913e-08, 1.02057020612e-08, 3.98056343442e-09, 1.30117056019e-10, 2.3708868202e-10, 5.15077668017e-11, 8.79122261099e-11, 2.15376230739e-10, 1.04159965375e-10, 4.74226873048e-11, 4.69669372838e-11, 5.49635024993e-11, 1.71420776879e-11, 4.24046658898e-10, 2.51176596883e-11, 1.77186720157e-11, 3.75263882468e-11, 7.17468055453e-12, 6.3485115602e-12, 2.55680177551e-12, 1.08169559024e-15]
        var: [1.65185085662e-13, 1.01364827643e-08, 6.43994439997e-08, 1.02754306397e-07, 1.11210499654e-06, 3.51830408363e-07, 1.30207843085e-06, 8.19398167096e-07, 5.56752979719e-07, 2.7710690631e-08, 3.436398055e-09, 2.83174217408e-09, 2.97356628209e-09, 1.08297237844e-09, 1.01804964459e-08, 7.54090834221e-09, 1.64525566504e-08, 8.54126991356e-09, 5.2240530124e-08, 3.21229052247e-08, 4.59285498522e-09, 6.06077910081e-10, 5.07079205014e-11, 2.89652416635e-11, 1.18947542788e-11, 6.5547072876e-15, 3.76860927989e-19]
    mfcc:
        mean: [-813.125854492, 151.762161255, -14.6151723862, 50.083026886, -21.4634742737, -17.7408180237, -11.3496847153, -13.3391046524, -5.60873556137, -7.77347278595, -9.66473865509, -12.7455968857, 0.874535262585]
        cov: [[9676.66601562, -2713.55566406, -1022.92211914, 236.786010742, -231.298171997, -484.435852051, -97.9569168091, 111.056526184, -432.777770996, -132.386199951, 254.019790649, 422.639709473, -272.006469727], [-2713.55566406, 1404.63623047, 35.9427032471, -134.495941162, 14.7223272324, 171.339279175, 53.99659729, -19.0936031342, 135.315155029, 83.9401321411, -65.0952072144, -171.067672729, 112.802146912], [-1022.92211914, 35.9427032471, 730.926574707, 70.0388565063, 48.2136650085, 186.783157349, 83.1859359741, 26.6909503937, 99.4439849854, -147.350784302, -65.9904403687, -27.7137641907, -45.6273880005], [236.786010742, -134.495941162, 70.0388565063, 288.857421875, 99.8384246826, -26.3414592743, -23.4879951477, 9.23727416992, 27.8901996613, -82.8029174805, -72.154838562, -11.7138671875, 15.4134235382], [-231.298171997, 14.7223272324, 48.2136650085, 99.8384246826, 317.276519775, -145.510131836, -85.5868606567, 43.4967041016, -46.7239456177, 50.4462623596, -55.3584098816, -61.8026275635, -2.71845912933], [-484.435852051, 171.339279175, 186.783157349, -26.3414592743, -145.510131836, 406.108551025, 150.82699585, -58.3986854553, 174.663299561, -90.9019927979, -9.73786354065, 5.69821691513, 41.8101921082], [-97.9569168091, 53.99659729, 83.1859359741, -23.4879951477, -85.5868606567, 150.82699585, 183.768188477, 22.4119129181, 41.4906730652, -50.3759155273, 28.8553447723, 42.4254112244, 9.81562805176], [111.056526184, -19.0936031342, 26.6909503937, 9.23727416992, 43.4967041016, -58.3986854553, 22.4119129181, 125.950500488, -21.2795848846, 3.96086502075, 16.1029434204, 10.910194397, -33.2252006531], [-432.777770996, 135.315155029, 99.4439849854, 27.8901996613, -46.7239456177, 174.663299561, 41.4906730652, -21.2795848846, 193.839828491, -26.8028964996, -27.3792114258, -34.1653175354, 54.1474914551], [-132.386199951, 83.9401321411, -147.350784302, -82.8029174805, 50.4462623596, -90.9019927979, -50.3759155273, 3.96086502075, -26.8028964996, 192.62512207, 39.1931304932, -10.4634141922, 5.65129423141], [254.019790649, -65.0952072144, -65.9904403687, -72.154838562, -55.3584098816, -9.73786354065, 28.8553447723, 16.1029434204, -27.3792114258, 39.1931304932, 128.413635254, 41.3057403564, -32.7299079895], [422.639709473, -171.067672729, -27.7137641907, -11.7138671875, -61.8026275635, 5.69821691513, 42.4254112244, 10.910194397, -34.1653175354, -10.4634141922, 41.3057403564, 140.218307495, -29.6676559448], [-272.006469727, 112.802146912, -45.6273880005, 15.4134235382, -2.71845912933, 41.8101921082, 9.81562805176, -33.2252006531, 54.1474914551, 5.65129423141, -32.7299079895, -29.6676559448, 106.036743164]]
        icov: [[0.000373932416551, 0.000636873184703, 0.000609305512626, -0.000192171020899, 0.000160603638506, -0.000147107552039, -3.80105739168e-05, -0.000328790192725, 0.000164963261341, 0.000271442258963, -5.34698338015e-05, 3.51058733941e-05, 0.000429055740824], [0.000636873184703, 0.00215177610517, 0.00105454272125, 0.000212344006286, 0.000191920757061, -0.000599898863584, -0.000466674275231, -0.00081811711425, 0.000158151146024, -5.18559209013e-05, 0.0004530181468, 0.00118691485841, 0.000189780766959], [0.000609305512626, 0.00105454272125, 0.00322889816016, -4.79896843899e-05, -0.000737466616556, -0.000926562293898, -0.000666744424962, -0.000717690680176, -0.000618755235337, 0.00172365026083, 0.000688650237862, 0.000371302565327, 0.00256136315875], [-0.000192171020899, 0.000212344006286, -4.79896843899e-05, 0.00596132315695, -0.00218345876783, 0.00101649656426, -0.000151584565174, 0.000241884277784, -0.00210175919347, 0.00265274802223, 0.00171820214018, -0.000614583143033, -0.000682714162394], [0.000160603638506, 0.000191920757061, -0.000737466616556, -0.00218345876783, 0.00603553466499, 0.000657623866573, 0.00100094359368, -0.00181725353468, 0.00162047427148, -0.00237713730894, 0.00126409600489, 0.00165291770827, -0.000406917912187], [-0.000147107552039, -0.000599898863584, -0.000926562293898, 0.00101649656426, 0.000657623866573, 0.00798461679369, -0.00443678162992, 0.00368330185302, -0.00532157812268, 0.00140060973354, 0.000289719260763, -0.00048552363296, 0.000744100136217], [-3.80105739168e-05, -0.000466674275231, -0.000666744424962, -0.000151584565174, 0.00100094359368, -0.00443678162992, 0.011357260868, -0.00426706718281, 0.00218223175034, 0.00104713777546, -0.00236549577676, -0.00242221704684, -0.00305720209144], [-0.000328790192725, -0.00081811711425, -0.000717690680176, 0.000241884277784, -0.00181725353468, 0.00368330185302, -0.00426706718281, 0.0118860546499, -0.00239557377063, 0.000225879994105, -0.000667386688292, -0.000407476502005, 0.00319459009916], [0.000164963261341, 0.000158151146024, -0.000618755235337, -0.00210175919347, 0.00162047427148, -0.00532157812268, 0.00218223175034, -0.00239557377063, 0.0116290384904, -0.00177940691356, -0.000190208040294, 0.00178130820859, -0.00392244383693], [0.000271442258963, -5.18559209013e-05, 0.00172365026083, 0.00265274802223, -0.00237713730894, 0.00140060973354, 0.00104713777546, 0.000225879994105, -0.00177940691356, 0.0096282819286, -0.00246835523285, -0.000770223326981, -0.000113693342428], [-5.34698338015e-05, 0.0004530181468, 0.000688650237862, 0.00171820214018, 0.00126409600489, 0.000289719260763, -0.00236549577676, -0.000667386688292, -0.000190208040294, -0.00246835523285, 0.0124396486208, -0.0009184294031, 0.00316692050546], [3.51058733941e-05, 0.00118691485841, 0.000371302565327, -0.000614583143033, 0.00165291770827, -0.00048552363296, -0.00242221704684, -0.000407476502005, 0.00178130820859, -0.000770223326981, -0.0009184294031, 0.0109339980409, 0.00131400278769], [0.000429055740824, 0.000189780766959, 0.00256136315875, -0.000682714162394, -0.000406917912187, 0.000744100136217, -0.00305720209144, 0.00319459009916, -0.00392244383693, -0.000113693342428, 0.00316692050546, 0.00131400278769, 0.0158651713282]]
    spectral_contrast:
        mean: [3.47117236288e-07, 7.69092167729e-09, -7.2854317068e-07, -3.90726313526e-08, -2.77491210454e-07, -4.08580234534e-07, -1.19126889331e-06, -1.55857901518e-06, -6.39170536942e-07, 4.05943319493e-06, -2.49954950959e-06, 2.82146970676e-06]
        var: [0.000835194485262, 0.000911350944079, 0.00215231184848, 0.00249042757787, 0.00423044059426, 0.0106872515753, 0.0744332969189, 0.10878302902, 0.174424842, 0.359316766262, 0.528875052929, 6.11441421509]

rhythm:
    beats_loudness:
        dmean: 0.0035710381344
        dmean2: 0.00514273205772
        dvar: 7.65955883253e-06
        dvar2: 2.2194120902e-05
        max: 0.0173913259059
        mean: 0.00517547922209
        min: 0.000235658910242
        var: 1.85718581633e-05
    beats_loudness_bass:
        dmean: 0.0550877228379
        dmean2: 0.0613268092275
        dvar: 0.00270362361334
        dvar2: 0.00594383385032
        max: 0.330945581198
        mean: 0.0857293009758
        min: 0.000711823697202
        var: 0.00747734960169
    bpm: 119.913513184
    bpm_confidence: 0
    first_peak_bpm: 120
    first_peak_spread: 0
    first_peak_weight: 0.5
    onset_rate: 3.38068199158
    second_peak_bpm: 152
    second_peak_spread: 0
    second_peak_weight: 0.454545468092
    beats_position: [0.0586785487831, 0.559047222137, 1.05941593647, 1.55978453159, 2.06015324593, 2.56052184105, 3.06089067459, 3.5612590313, 4.061627388, 4.56199598312, 5.06236457825, 5.56273317337, 6.00209331512, 6.39569234848, 6.78929185867, 7.18289089203, 7.57649087906, 7.97009038925, 8.36368942261, 8.7572889328, 9.15088844299, 9.54448795319, 9.93808746338]
    bpm_estimates: [120.118301392, 119.952125549, 120.632148743, 119.004867554, 120.176773071, 119.525947571, 120.624488831, 119.881752014, 119.697250366, 119.521484375]
    bpm_intervals: [0.500368654728, 0.500368714333, 0.500368595123, 0.500368714333, 0.500368595123, 0.500368833542, 0.500368356705, 0.500368356705, 0.500368595123, 0.500368595123, 0.500368595123, 0.439360141754, 0.393599033356, 0.393599510193, 0.393599033356, 0.39359998703, 0.393599510193, 0.393599033356, 0.393599510193, 0.393599510193, 0.393599510193, 0.393599510193]
    onset_times: [0.0348299331963, 0.301859408617, 0.545668959618, 0.801088452339, 0.99845802784, 1.05650794506, 1.30031740665, 1.52090704441, 1.79954648018, 2.04335594177, 2.22911572456, 2.32199549675, 2.79800462723, 2.96054410934, 3.05342411995, 3.54104304314, 3.81968259811, 4.051882267, 4.31891155243, 4.57433128357, 4.81814050674, 5.06195020676, 5.32897949219, 5.56117916107, 8.01088428497, 8.20825386047, 8.32435417175, 8.56816291809, 8.73070335388, 9.12544250488, 9.32281208038, 9.46213150024, 9.77560043335, 9.94975090027]
    rubato_start: [6.39569234848]
    rubato_stop: [9.93808746338]
    perceptual_tempo: "unknown"

sfx:
    inharmonicity:
        dmean: 0.0276542752981
        dmean2: 0.0500046089292
        dvar: 0.00171669537667
        dvar2: 0.00508587062359
        max: 0.339823126793
        mean: 0.0259733442217
        min: 0
        var: 0.0013801852474
    oddtoevenharmonicenergyratio:
        dmean: 3.33499455452
        dmean2: 6.19546747208
        dvar: 109.788909912
        dvar2: 340.779937744
        max: 110.545143127
        mean: 2.71716666222
        min: 0
        var: 84.3031997681
    pitch_after_max_to_before_max_energy_ratio: 8.01785564423
    pitch_centroid: 192.495880127
    pitch_max_to_total: 0.0299539174885
    pitch_min_to_total: 0.27649769187
    tristimulus:
        dmean: [0.235153377056, 0.235127046704, 0.0520284287632]
        dmean2: [0.410507082939, 0.418157070875, 0.0889427140355]
        dvar: [0.054483961314, 0.0596404187381, 0.00484046153724]
        dvar2: [0.139080032706, 0.153086677194, 0.0126661239192]
        max: [1, 0.966351211071, 0.39434376359]
        mean: [0.476718008518, 0.449277639389, 0.0581193678081]
        min: [0.0203302558511, 0, 0]
        var: [0.0764582827687, 0.0784623995423, 0.00539474794641]

tonal:
    chords_changes_rate: 0.041284404695
    chords_number_rate: 0.0229357797652
    chords_strength:
        dmean: 0.00865574460477
        dmean2: 0.00739023741335
        dvar: 4.68894213554e-05
        dvar2: 5.22647460457e-05
        max: 0.653160393238
        mean: 0.54955381155
        min: 0.383927941322
        var: 0.00414670165628
    key_strength: 0.869067788124
    tuning_diatonic_strength: 0.664296746254
    tuning_equal_tempered_deviation: 0.0499749183655
    tuning_frequency: 441.527557373
    tuning_nontempered_energy_ratio: 0.634227633476
    hpcp:
        dmean: [0.114675186574, 0.0916561111808, 0.091388836503, 0.0660322532058, 0.0467781573534, 0.103906206787, 0.148023441434, 0.121972195804, 0.0919898301363, 0.0756434947252, 0.067963860929, 0.0464277900755, 0.0432358533144, 0.0549342855811, 0.107479445636, 0.125782966614, 0.141206845641, 0.0766888335347, 0.0393524952233, 0.0345589965582, 0.0672003403306, 0.0868844240904, 0.0822075977921, 0.0467372983694, 0.0312117561698, 0.0315011031926, 0.0641505867243, 0.0903548151255, 0.13060605526, 0.177722930908, 0.161934807897, 0.136836975813, 0.066068418324, 0.0338012948632, 0.0570616684854, 0.0924308672547]
        dmean2: [0.196321368217, 0.15120574832, 0.170069828629, 0.121376805007, 0.0805256217718, 0.173535421491, 0.247010350227, 0.191960200667, 0.153518199921, 0.12425596267, 0.12705694139, 0.0851438641548, 0.0802756622434, 0.09893810004, 0.177620068192, 0.198685377836, 0.243784338236, 0.141218587756, 0.0714743435383, 0.0611835308373, 0.11425305903, 0.145868480206, 0.142732560635, 0.0864761546254, 0.0581236518919, 0.0604508258402, 0.119864113629, 0.15750515461, 0.244276016951, 0.309629291296, 0.265476882458, 0.239971145988, 0.118788927794, 0.0601036213338, 0.109819881618, 0.163126125932]
        dvar: [0.0449832715094, 0.0227890610695, 0.049563895911, 0.0242764353752, 0.0108848949894, 0.0276338364929, 0.0496947616339, 0.0374701581895, 0.0286205690354, 0.0255912467837, 0.0288774315268, 0.0200399514288, 0.0187921784818, 0.0136891854927, 0.0296037010849, 0.0333501212299, 0.0452254414558, 0.032119050622, 0.0128321023658, 0.00800706073642, 0.0177047271281, 0.0276908557862, 0.0283781699836, 0.0164699219167, 0.00613811658695, 0.00660463701934, 0.0213973317295, 0.0343947261572, 0.0499203689396, 0.060992859304, 0.0600574836135, 0.0493881367147, 0.0234635174274, 0.00830480735749, 0.0308053642511, 0.0321549475193]
        dvar2: [0.111560828984, 0.0496245957911, 0.1413551718, 0.0733704864979, 0.0280756093562, 0.0620296485722, 0.103097595274, 0.0769478827715, 0.072845928371, 0.0623066984117, 0.0724961683154, 0.0582379363477, 0.0550201684237, 0.0392025150359, 0.076450869441, 0.0696237534285, 0.114042580128, 0.0894305408001, 0.0368152298033, 0.0228339284658, 0.0471563637257, 0.0600444078445, 0.0785766616464, 0.0481017380953, 0.0176882706583, 0.019105695188, 0.0626558661461, 0.093160495162, 0.1399743855, 0.176543980837, 0.163767561316, 0.136778086424, 0.0642815828323, 0.0221373923123, 0.0910174399614, 0.0909398198128]
        max: [1, 1, 1, 0.741288721561, 0.759197235107, 1, 1, 1, 1, 1, 1, 0.982956886292, 0.874228000641, 0.882685780525, 1, 1, 1, 1, 0.93052726984, 0.788598537445, 1, 1, 1, 0.940074563026, 0.567487418652, 0.48986274004, 0.744322896004, 1, 1, 1, 1, 1, 1, 0.833590328693, 1, 1]
        mean: [0.145484313369, 0.121451079845, 0.0731612667441, 0.047593485564, 0.043279774487, 0.161556750536, 0.276761412621, 0.186198621988, 0.104273654521, 0.114945821464, 0.0735238790512, 0.0356093868613, 0.0329169258475, 0.0489334203303, 0.219833999872, 0.371810317039, 0.223414972425, 0.0576043948531, 0.0297430045903, 0.0286761168391, 0.0805337503552, 0.125011652708, 0.0824968740344, 0.0364107005298, 0.0226417388767, 0.0204148497432, 0.0517966896296, 0.0913657993078, 0.11407431215, 0.315663844347, 0.505180001259, 0.285917401314, 0.0512808188796, 0.0291432086378, 0.0387159585953, 0.0908064618707]
        min: [0.000158851820743, 0.000389145920053, 1.7274849597e-05, 1.69018912857e-05, 0.000202781680855, 0.00118318165187, 0.0013756940607, 0.000517597480211, 3.43042556779e-05, 3.05997127725e-05, 3.73203329218e-05, 4.36120826635e-05, 1.992734542e-05, 3.37001765729e-05, 0.000265388516709, 0.000292606360745, 0.000251723366091, 2.69487136393e-05, 4.91102800879e-05, 3.01028121612e-05, 1.36233174999e-05, 5.5162481658e-06, 1.7790351194e-05, 2.18495060835e-05, 2.65913076873e-05, 8.3855311459e-06, 3.6505083699e-05, 5.93006261624e-05, 0.00012083601905, 0.000764511467423, 3.44394393323e-05, 0.000189503625734, 0.000169038146851, 2.17344640987e-05, 3.14465214615e-05, 0.000259739928879]
        var: [0.0588964372873, 0.0398359708488, 0.0397695340216, 0.0158172473311, 0.00989289022982, 0.0449857525527, 0.100160948932, 0.0651047304273, 0.0355142392218, 0.0572725795209, 0.0300109386444, 0.0121339121833, 0.011238197796, 0.0106188179925, 0.0632753819227, 0.117561511695, 0.0592097900808, 0.0209463015199, 0.00746427336708, 0.00545124569908, 0.0237389989197, 0.05345499143, 0.0287637338042, 0.00998206995428, 0.00369648891501, 0.00384118431248, 0.0138864722103, 0.0304913129658, 0.0460557714105, 0.0776474624872, 0.174043059349, 0.0709838345647, 0.0170713681728, 0.00692602526397, 0.0175375696272, 0.0290248785168]
    chords_histogram: [76.1467895508, 4.1284403801, 0, 0, 0, 0, 0, 0, 0, 0, 0, 0, 0, 0, 0, 3.21100926399, 0, 0, 0, 0, 0, 0, 13.3027524948, 3.21100926399]
    thpcp: [1, 0.565971314907, 0.101509995759, 0.0576887615025, 0.0766379460692, 0.179750710726, 0.287985086441, 0.240411490202, 0.144822180271, 0.0942109450698, 0.0856719836593, 0.319800376892, 0.547847151756, 0.368578761816, 0.206408917904, 0.227534383535, 0.145539969206, 0.070488512516, 0.0651588067412, 0.0968633368611, 0.435159742832, 0.735995709896, 0.442248255014, 0.1140274629, 0.0588760524988, 0.0567641556263, 0.159415945411, 0.247459620237, 0.163301944733, 0.0720747038722, 0.04481915012, 0.0404110401869, 0.102531157434, 0.180857911706, 0.225809246302, 0.624854207039]
    chords_key: "G"
    chords_scale: "major"
    key_key: "G"
    key_scale: "major"
    chords_progression: ["Cm", "Cm", "Cm", "Cm", "Cm", "Cm", "Cm", "C", "C", "C", "C", "C", "C", "C", "C", "C", "C", "C", "C", "C", "C", "C", "C", "C", "C", "G", "G", "G", "G", "G", "G", "G", "G", "G", "G", "G", "G", "G", "G", "Em", "Em", "Em", "Em", "Em", "Em", "Em", "G", "G", "G", "G", "G", "G", "G", "G", "G", "G", "C", "C", "C", "C", "C", "C", "C", "C", "G", "G", "G", "G", "G", "C", "C", "C", "G", "G", "G", "G", "G", "G", "G", "G", "G", "G", "G", "G", "G", "G", "G", "G", "G", "G", "G", "G", "G", "G", "G", "G", "G", "G", "G", "G", "G", "G", "G", "G", "G", "G", "G", "G", "G", "G", "G", "G", "G", "G", "G", "G", "G", "G", "G", "G", "G", "G", "G", "G", "G", "G", "G", "G", "G", "G", "G", "G", "G", "G", "G", "G", "G", "G", "G", "G", "G", "G", "G", "G", "G", "G", "G", "G", "G", "G", "G", "G", "G", "G", "G", "G", "G", "G", "G", "G", "G", "G", "G", "G", "G", "G", "G", "G", "G", "G", "G", "G", "G", "G", "G", "G", "G", "G", "G", "G", "G", "G", "G", "G", "G", "G", "G", "G", "G", "G", "G", "G", "G", "G", "G", "G", "G", "G", "G", "G", "G", "G", "G", "G", "G", "G", "G", "G", "G", "Bm", "Bm", "Bm", "Bm", "Bm", "Bm", "Bm", "Bm", "Bm"]
