
metadata:
    version:
        essentia: "1.2.2"
    audio_properties:
        analysis_sample_rate: 44100
        bitrate: 128
        channels: 2
        equal_loudness: 1
        length: 10.0832653046
        replay_gain: -12.5720882416
        downmix: "mix"
    tags:
        track: 16
        year: 0
        album: "Splitted by Mp3Splt v. 2.1"
        artist: "From 002.30 To 002.40"
        comment: "http://mp3splt.sf.net"
        genre: ""
        title: "11 Gutted.mp3"

highlevel:
    ballroom:
        all:
            ChaChaCha: 0.0521482527256
            Jive: 0.149531796575
            Quickstep: 0.0233790539205
            Rumba-American: 0.00898044463247
            Rumba-International: 0.0373085029423
            Rumba-Misc: 0.0118021164089
            Samba: 0.689110100269
            Tango: 0.00727312779054
            VienneseWaltz: 0.0151455011219
            Waltz: 0.00532108405605
        probability: 0.689110100269
        value: "Samba"
    culture:
        all:
            non_western: 0.0126160373911
            western: 0.987383961678
        probability: 0.987383961678
        value: "western"
    gender:
        all:
            female: 0.402125597
            male: 0.597874403
        probability: 0.597874403
        value: "male"
    genre_dortmund:
        all:
            alternative: 0.0301379989833
            blues: 0.067432820797
            electronic: 0.0689163058996
            folkcountry: 0.0391042791307
            funksoulrnb: 0.0806601345539
            jazz: 0.0590891353786
            pop: 0.0367137491703
            raphiphop: 0.0592970922589
            rock: 0.558648467064
        probability: 0.558648467064
        value: "rock"
    genre_electronica:
        all:
            ambient: 0.23851723969
            dnb: 0.599394142628
            house: 0.0213516186923
            techno: 0.0397375300527
            trance: 0.100999444723
        probability: 0.599394142628
        value: "dnb"
    genre_rosamerica:
        all:
            cla: 0.0164906550199
            dan: 0.148176670074
            hip: 0.224338948727
            jaz: 0.0407863892615
            pop: 0.155871987343
            rhy: 0.0401521250606
            roc: 0.368285864592
            spe: 0.00589736318216
        probability: 0.368285864592
        value: "roc"
    genre_tzanetakis:
        all:
            blu: 0.013050804846
            cla: 0.00500125158578
            cou: 0.102641656995
            dis: 0.122004911304
            hip: 0.0911663100123
            jaz: 0.0651419013739
            met: 0.0119804339483
            pop: 0.469147652388
            reg: 0.0349015370011
            roc: 0.0849635452032
        probability: 0.469147652388
        value: "pop"
    live_studio:
        all:
            live: 0.307021707296
            studio: 0.692978322506
        probability: 0.692978322506
        value: "studio"
    mood:
        all:
            Cluster1: 0.335358500481
            Cluster2: 0.0804238915443
            Cluster3: 0.0123669020832
            Cluster4: 0.165627360344
            Cluster5: 0.406223356724
        probability: 0.406223356724
        value: "Cluster5"
    mood_acoustic:
        all:
            acoustic: 0.00790208298713
            not_acoustic: 0.992097914219
        probability: 0.992097914219
        value: "not_acoustic"
    mood_aggressive:
        all:
            aggressive: 0.452972114086
            not_aggressive: 0.547027885914
        probability: 0.547027885914
        value: "not_aggressive"
    mood_electronic:
        all:
            electronic: 0.204865798354
            not_electronic: 0.795134186745
        probability: 0.795134186745
        value: "not_electronic"
    mood_happy:
        all:
            happy: 0.650446712971
            not_happy: 0.349553316832
        probability: 0.650446712971
        value: "happy"
    mood_party:
        all:
            not_party: 0.314903914928
            party: 0.685096085072
        probability: 0.685096085072
        value: "party"
    mood_relaxed:
        all:
            not_relaxed: 0.259623497725
            relaxed: 0.740376472473
        probability: 0.740376472473
        value: "relaxed"
    mood_sad:
        all:
            not_sad: 0.0866220965981
            sad: 0.91337788105
        probability: 0.91337788105
        value: "sad"
    rhythm:
        all:
            fast: 0.878091812134
            medium: 0.113102450967
            slow: 0.00880575366318
        probability: 0.878091812134
        value: "fast"
    speech_music:
        all:
            music: 0.00796907022595
            speech: 0.992030918598
        probability: 0.992030918598
        value: "speech"
    timbre:
        all:
            bright: 0.0673808604479
            dark: 0.932619154453
        probability: 0.932619154453
        value: "dark"
    voice_instrumental:
        all:
            instrumental: 0.671333551407
            voice: 0.328666448593
        probability: 0.671333551407
        value: "instrumental"

lowlevel:
    average_loudness: 0.924557685852
    barkbands_kurtosis:
        dmean: 0.912199854851
        dmean2: 1.41735064983
        dvar: 1.00645637512
        dvar2: 2.20487213135
        max: 8.81349754333
        mean: -0.14274969697
        min: -1.7925850153
        var: 2.18837165833
    barkbands_skewness:
        dmean: 0.469182938337
        dmean2: 0.719440281391
        dvar: 0.170554831624
        dvar2: 0.422293454409
        max: 3.02469158173
        mean: -0.223761275411
        min: -2.39452576637
        var: 0.754873812199
    barkbands_spread:
        dmean: 6.38934516907
        dmean2: 9.99226570129
        dvar: 37.8448371887
        dvar2: 88.1971130371
        max: 67.0422439575
        mean: 28.5389213562
        min: 7.60436248779
        var: 152.278121948
    dissonance:
        dmean: 0.017437197268
        dmean2: 0.0290435608476
        dvar: 0.000401426368626
        dvar2: 0.000963628350291
        max: 0.499251961708
        mean: 0.465469151735
        min: 0.200417250395
        var: 0.000989535124972
    hfc:
        dmean: 2.07663106918
        dmean2: 2.97036004066
        dvar: 5.99744606018
        dvar2: 12.3252506256
        max: 35.2793807983
        mean: 7.29997062683
        min: 0.00556361768395
        var: 29.014251709
    pitch:
        dmean: 510.033538818
        dmean2: 961.876220703
        dvar: 1038900.8125
        dvar2: 2755484.5
        max: 4410
        mean: 950.890380859
        min: 97.7827072144
        var: 1667367.5
    pitch_instantaneous_confidence:
        dmean: 0.0921033918858
        dmean2: 0.14479188621
        dvar: 0.00610058521852
        dvar2: 0.0141995390877
        max: 0.895734667778
        mean: 0.44941931963
        min: 0.140249371529
        var: 0.0306645762175
    pitch_salience:
        dmean: 0.0652609393001
        dmean2: 0.104830048978
        dvar: 0.00289585744031
        dvar2: 0.00698141148314
        max: 0.90946751833
        mean: 0.632185161114
        min: 0.33931222558
        var: 0.0077768266201
    silence_rate_20dB:
        dmean: 0
        dmean2: 0
        dvar: 0
        dvar2: 0
        max: 1
        mean: 1
        min: 1
        var: 0
    silence_rate_30dB:
        dmean: 0
        dmean2: 0
        dvar: 0
        dvar2: 0
        max: 1
        mean: 1
        min: 1
        var: 0
    silence_rate_60dB:
        dmean: 0.129032254219
        dmean2: 0.258660495281
        dvar: 0.112383633852
        dvar2: 0.210230380297
        max: 1
        mean: 0.457471251488
        min: 0
        var: 0.248191818595
    spectral_centroid:
        dmean: 287.285888672
        dmean2: 440.044006348
        dvar: 81441.7890625
        dvar2: 222071.875
        max: 3197.70410156
        mean: 1791.18981934
        min: 613.190429688
        var: 321019.5625
    spectral_complexity:
        dmean: 3.76620364189
        dmean2: 5.70301628113
        dvar: 17.6328258514
        dvar2: 36.050994873
        max: 34
        mean: 11.2840642929
        min: 0
        var: 48.2311210632
    spectral_crest:
        dmean: 2.26676750183
        dmean2: 3.58869862556
        dvar: 3.89148283005
        dvar2: 9.39582824707
        max: 19.84258461
        mean: 7.54543304443
        min: 2.83064556122
        var: 9.19490528107
    spectral_decrease:
        dmean: 2.65795913057e-10
        dmean2: 3.85129844682e-10
        dvar: 7.82363191483e-20
        dvar2: 1.50451616467e-19
        max: -8.66854927683e-13
        mean: -9.43777833662e-10
        min: -3.27147464674e-09
        var: 4.30050088942e-19
    spectral_energy:
        dmean: 0.00116075749975
        dmean2: 0.00168232689612
        dvar: 1.48962408275e-06
        dvar2: 2.78227412309e-06
        max: 0.0155472457409
        mean: 0.00422416580841
        min: 3.77635001314e-06
        var: 8.36337949295e-06
    spectral_energyband_high:
        dmean: 0.000116782946861
        dmean2: 0.000176897403435
        dvar: 2.81041003802e-08
        dvar2: 6.88102161917e-08
        max: 0.00165911659133
        mean: 0.000267714465735
        min: 3.40650728958e-07
        var: 4.80313957496e-08
    spectral_energyband_low:
        dmean: 0.000204073163331
        dmean2: 0.000350922782673
        dvar: 1.85750636206e-07
        dvar2: 5.02855186824e-07
        max: 0.00291013391688
        mean: 0.000248075870331
        min: 1.03142546948e-07
        var: 1.54623563731e-07
    spectral_energyband_middle_high:
        dmean: 0.000764599186368
        dmean2: 0.00111712189391
        dvar: 7.47501076148e-07
        dvar2: 1.46331842643e-06
        max: 0.0125367222354
        mean: 0.00253788381815
        min: 1.85231931482e-06
        var: 5.38210633749e-06
    spectral_energyband_middle_low:
        dmean: 0.000524651550222
        dmean2: 0.000802185735665
        dvar: 5.02123384649e-07
        dvar2: 1.11269241643e-06
        max: 0.00730316154659
        mean: 0.00117028690875
        min: 1.42655892432e-06
        var: 1.35235598009e-06
    spectral_flatness_db:
        dmean: 0.0136756068096
        dmean2: 0.0211880225688
        dvar: 0.000131623935886
        dvar2: 0.000307938345941
        max: 0.208070263267
        mean: 0.134771347046
        min: 0.0516398921609
        var: 0.000587373913731
    spectral_flux:
        dmean: 0.00921275094151
        dmean2: 0.0142016718164
        dvar: 9.26641732804e-05
        dvar2: 0.000193219413632
        max: 0.108714722097
        mean: 0.0390003100038
        min: 0.012255336158
        var: 0.000256114260992
    spectral_kurtosis:
        dmean: 1.09406006336
        dmean2: 1.75021374226
        dvar: 0.959233343601
        dvar2: 2.57170343399
        max: 10.0261001587
        mean: 3.14097356796
        min: 0.14324593544
        var: 3.14382815361
    spectral_rms:
        dmean: 0.000285986432573
        dmean2: 0.000403237354476
        dvar: 7.94270960114e-08
        dvar2: 1.32969034894e-07
        max: 0.00389461731538
        mean: 0.00190375978127
        min: 6.06979738222e-05
        var: 4.96835070862e-07
    spectral_rolloff:
        dmean: 434.202880859
        dmean2: 715.791625977
        dvar: 248217.375
        dvar2: 622886.6875
        max: 5490.96679688
        mean: 3090.13867188
        min: 559.86328125
        var: 838948.125
    spectral_skewness:
        dmean: 0.173925369978
        dmean2: 0.277513593435
        dvar: 0.0248867310584
        dvar2: 0.0650597736239
        max: 2.40457987785
        mean: 1.24479901791
        min: 0.508381485939
        var: 0.116335533559
    spectral_spread:
        dmean: 467566.59375
        dmean2: 604557.5625
        dvar: 1.08185072435e+12
        dvar2: 636277620736
        max: 33007128
        mean: 4313424.5
        min: 2732931.25
        var: 3.41934997504e+12
    spectral_strongpeak:
        dmean: 0.635567545891
        dmean2: 1.06939816475
        dvar: 0.512981534004
        dvar2: 1.17446267605
        max: 9.69253921509
        mean: 1.24187862873
        min: 0.0018258204218
        var: 1.81650948524
    zerocrossingrate:
        dmean: 0.00836407672614
        dmean2: 0.0102051915601
        dvar: 5.32991325599e-05
        dvar2: 8.38871856104e-05
        max: 0.1669921875
        mean: 0.0975434854627
        min: 0.00634765625
        var: 0.000654130824842
    barkbands:
        dmean: [2.840032721e-06, 8.61161388457e-05, 0.000142835298902, 7.636166265e-05, 0.000156914320542, 0.000157287620823, 0.000177370544407, 8.43118978082e-05, 0.000115896524221, 9.96273374767e-05, 0.000148346458445, 5.32021767867e-05, 8.36353647173e-05, 7.92940481915e-05, 0.00033518410055, 8.73689496075e-05, 0.000175288514583, 0.000148631690536, 0.000162541880854, 9.49644090724e-05, 5.27993834112e-05, 2.48990272667e-05, 3.0989390325e-06, 9.74700583356e-07, 5.07293407281e-07, 1.85197599478e-08, 6.86290180241e-09]
        dmean2: [4.51484265795e-06, 0.000152974054799, 0.000251673278399, 0.000136183676659, 0.000274591060588, 0.000250903423876, 0.00029203511076, 0.000128525265609, 0.000163636621437, 0.000132754183142, 0.000230319870752, 8.33168669487e-05, 0.000125722377561, 0.000129878593725, 0.000513696286362, 0.000138388306368, 0.000246684998274, 0.000243656642851, 0.000248466618359, 0.000150803069118, 8.40684442664e-05, 4.05395694543e-05, 4.91985247209e-06, 1.45673004681e-06, 6.30554495729e-07, 2.5230452394e-08, 1.0386786542e-08]
        dvar: [7.64054531449e-12, 1.79989498861e-08, 1.14135168872e-07, 2.39722002249e-08, 1.01646072892e-07, 1.07975651531e-07, 8.67761471568e-08, 3.38504335673e-08, 4.32240376824e-08, 9.98508866701e-08, 1.61316108915e-07, 2.32139214518e-08, 3.09360039807e-08, 3.7387192009e-08, 2.6236176609e-07, 3.22572084599e-08, 1.88847636196e-07, 4.46905694673e-08, 6.31454994959e-08, 1.73979106677e-08, 4.54875248579e-09, 1.03412112207e-09, 1.7579201983e-11, 2.8679500181e-12, 1.58318508043e-12, 9.31236323134e-15, 9.53945107044e-15]
        dvar2: [1.70860391807e-11, 5.16307636644e-08, 3.06188155719e-07, 6.58384635699e-08, 2.63207482476e-07, 2.20161339826e-07, 2.33630629509e-07, 5.64656907898e-08, 7.96504764367e-08, 1.24865294993e-07, 3.51611504357e-07, 5.50087939644e-08, 7.51983719738e-08, 1.01720509349e-07, 6.33603463029e-07, 7.05738187889e-08, 2.67808445642e-07, 1.11811615966e-07, 1.51994839825e-07, 4.24207868832e-08, 1.04955013569e-08, 2.61389732081e-09, 4.31735619477e-11, 5.42590408367e-12, 2.67333464393e-12, 2.20604682796e-14, 2.39887065968e-14]
        max: [2.76394566754e-05, 0.000911217590328, 0.00215376447886, 0.00137820607051, 0.00192331837025, 0.00429424550384, 0.00297677074559, 0.00200326601043, 0.00404850114137, 0.00541843706742, 0.0051677855663, 0.00190841034055, 0.00224290089682, 0.00330758327618, 0.00651072198525, 0.00261912378483, 0.0100652202964, 0.00206901808269, 0.00306602008641, 0.00125382060651, 0.000493878731504, 0.000285818503471, 4.03445410484e-05, 3.42331004504e-05, 2.71555563813e-05, 1.34921242534e-06, 1.45041406086e-06]
        mean: [7.20308253221e-06, 0.000123442543554, 0.00011763638031, 6.61717785988e-05, 0.000156756737852, 0.000223774914048, 0.000268811738351, 0.000122197365272, 0.000323423126247, 0.000162885611644, 0.000255525985267, 8.37299885461e-05, 0.000139838695759, 0.000118486816064, 0.00055889133364, 0.000141724216519, 0.000339692080161, 0.000301696331007, 0.000350970047293, 0.000196029461222, 0.000108524698589, 4.69016340503e-05, 6.31880357105e-06, 2.26510974244e-06, 1.23160475596e-06, 3.41630901346e-08, 3.70341934897e-09]
        min: [3.45270052549e-08, 5.96424669652e-08, 2.00081884394e-09, 2.45871287774e-08, 2.60959893694e-07, 4.06899346217e-07, 2.76630970575e-07, 2.31052936783e-07, 2.01457595495e-07, 5.19814022937e-07, 5.6734751297e-07, 3.34177059358e-07, 4.74785295523e-08, 1.64567566685e-07, 2.81460970086e-08, 1.79221615326e-08, 3.19838484586e-08, 1.14801402162e-07, 4.12180582998e-08, 3.66563135401e-08, 1.49626885104e-07, 5.24341388086e-08, 2.61583998906e-08, 2.2923494214e-08, 4.11649514476e-09, 1.18342391442e-10, 1.70341154376e-11]
        var: [2.7413288653e-11, 2.09123136585e-08, 8.32751467783e-08, 1.69462897048e-08, 7.84961500244e-08, 2.81166620653e-07, 1.25375265725e-07, 7.08338845357e-08, 3.08251117076e-07, 3.02766352434e-07, 3.98510849209e-07, 3.57932279371e-08, 8.99915377772e-08, 5.29490975509e-08, 6.64723131649e-07, 5.84122616942e-08, 8.69680036431e-07, 1.14850948307e-07, 1.63896899608e-07, 3.50159901075e-08, 7.14728498608e-09, 1.87631910009e-09, 3.86780191208e-11, 1.69300250902e-11, 1.16379076515e-11, 1.33766492349e-14, 4.84623082156e-15]
    mfcc:
        mean: [-710.830566406, 103.292869568, -57.2844047546, 51.6570320129, -18.9226379395, 4.3962521553, -7.72266483307, -1.11336231232, 2.90060114861, 6.43505954742, 3.02984547615, -3.38008975983, -0.516897618771]
        cov: [[1630.27429199, 94.4226913452, -369.422851562, -153.250198364, 36.307144165, -118.934509277, 64.5740203857, 20.2674236298, 31.5097160339, -101.106063843, -53.6537628174, -100.308937073, -28.9140663147], [94.4226913452, 510.850860596, -123.812362671, -140.545043945, -73.2193527222, 43.9681854248, -1.64467442036, 29.6043663025, 51.2971343994, 37.7623825073, -0.422102659941, -4.32319974899, 6.87960863113], [-369.422851562, -123.812362671, 461.029022217, 159.957427979, 10.7126159668, 39.3008346558, -45.0691108704, -38.3261871338, -58.7181396484, -11.7584571838, 19.5922832489, 41.5339202881, 10.2102479935], [-153.250198364, -140.545043945, 159.957427979, 354.14239502, 75.5129013062, -0.79253423214, -48.6878433228, -4.15372943878, -52.2727203369, -35.3273849487, 2.49553728104, 33.755897522, 15.3816547394], [36.307144165, -73.2193527222, 10.7126159668, 75.5129013062, 104.721336365, -0.795690119267, 0.768433988094, -1.63649809361, 4.68519687653, -10.5641765594, -3.18244886398, -7.78539085388, 0.639928102493], [-118.934509277, 43.9681854248, 39.3008346558, -0.79253423214, -0.795690119267, 132.182876587, 23.1863307953, 12.0297412872, 15.6405677795, 43.2100410461, -5.89394712448, -7.80704545975, -18.6514949799], [64.5740203857, -1.64467442036, -45.0691108704, -48.6878433228, 0.768433988094, 23.1863307953, 118.680450439, 54.7292556763, 24.0265846252, 3.90104794502, -1.6437792778, -28.4714736938, -25.9150028229], [20.2674236298, 29.6043663025, -38.3261871338, -4.15372943878, -1.63649809361, 12.0297412872, 54.7292556763, 83.6918334961, 34.6610031128, -1.54732203484, -1.90428721905, -8.2451210022, -7.97728204727], [31.5097160339, 51.2971343994, -58.7181396484, -52.2727203369, 4.68519687653, 15.6405677795, 24.0265846252, 34.6610031128, 73.1712646484, 28.8781280518, -0.134045690298, -17.8844108582, -5.40073442459], [-101.106063843, 37.7623825073, -11.7584571838, -35.3273849487, -10.5641765594, 43.2100410461, 3.90104794502, -1.54732203484, 28.8781280518, 76.5180282593, 20.7765769958, 2.09298062325, -0.863890945911], [-53.6537628174, -0.422102659941, 19.5922832489, 2.49553728104, -3.18244886398, -5.89394712448, -1.6437792778, -1.90428721905, -0.134045690298, 20.7765769958, 45.2522621155, 19.3791103363, 8.50188732147], [-100.308937073, -4.32319974899, 41.5339202881, 33.755897522, -7.78539085388, -7.80704545975, -28.4714736938, -8.2451210022, -17.8844108582, 2.09298062325, 19.3791103363, 59.7433929443, 28.8584423065], [-28.9140663147, 6.87960863113, 10.2102479935, 15.3816547394, 0.639928102493, -18.6514949799, -25.9150028229, -7.97728204727, -5.40073442459, -0.863890945911, 8.50188732147, 28.8584423065, 50.8141403198]]
        icov: [[0.000953334907535, -0.000185456912732, 0.000574621197302, 0.000148450490087, -0.000404275691835, 0.000393991009332, -0.000295173667837, 0.000407779793022, -0.000146501246491, 0.00131190824322, -0.000117054369184, 0.00100116699468, -7.19053932698e-05], [-0.000185456912732, 0.00274941907264, 0.0004371223622, 0.00054293544963, 0.00155692675617, -0.00136547617149, 0.0012377682142, -0.000973033194896, -0.000956386385951, 6.62223174004e-05, -0.000346562446794, -3.5368699173e-05, -0.000794707098976], [0.000574621197302, 0.0004371223622, 0.00351224094629, -0.000960284261964, 0.000552508980036, -0.00157834566198, 0.000173853419255, 0.00117798964493, 0.000466561235953, 0.00191193958744, -0.00169748207554, -0.00016939775378, 2.35457923736e-06], [0.000148450490087, 0.00054293544963, -0.000960284261964, 0.00522275036201, -0.00357001717202, -0.000486725912197, 0.00256754620932, -0.00348818767816, 0.00321974325925, 0.000567495590076, 5.8694389736e-05, -0.000909471418709, 0.000109645981865], [-0.000404275691835, 0.00155692675617, 0.000552508980036, -0.00357001717202, 0.0139206554741, -0.00131278974004, -0.00114077737089, 0.00299589755014, -0.00508647598326, 0.00208174926229, -0.00120919814799, 0.00225723395124, -0.00182466360275], [0.000393991009332, -0.00136547617149, -0.00157834566198, -0.000486725912197, -0.00131278974004, 0.0127737717703, -0.00240611704066, -0.000909682596102, 0.00120458577294, -0.00866777356714, 0.0063339159824, -0.00102132500615, 0.00370974955149], [-0.000295173667837, 0.0012377682142, 0.000173853419255, 0.00256754620932, -0.00114077737089, -0.00240611704066, 0.016382176429, -0.0111475680023, 0.00298658525571, 1.92873449123e-05, -0.00323786726221, 0.00432721571997, 0.00299028307199], [0.000407779793022, -0.000973033194896, 0.00117798964493, -0.00348818767816, 0.00299589755014, -0.000909682596102, -0.0111475680023, 0.0250917896628, -0.0128070535138, 0.00670110667124, -0.000641707272734, -0.00367966364138, 1.51281892613e-05], [-0.000146501246491, -0.000956386385951, 0.000466561235953, 0.00321974325925, -0.00508647598326, 0.00120458577294, 0.00298658525571, -0.0128070535138, 0.0279009826481, -0.0111865140498, 0.00193222379312, 0.00566284591332, -0.00176756852306], [0.00131190824322, 6.62223174004e-05, 0.00191193958744, 0.000567495590076, 0.00208174926229, -0.00866777356714, 1.92873449123e-05, 0.00670110667124, -0.0111865140498, 0.0284560453147, -0.0133904982358, 0.00115123216528, -0.0010829026578], [-0.000117054369184, -0.000346562446794, -0.00169748207554, 5.8694389736e-05, -0.00120919814799, 0.0063339159824, -0.00323786726221, -0.000641707272734, 0.00193222379312, -0.0133904982358, 0.0337090976536, -0.0104986494407, 0.00119183724746], [0.00100116699468, -3.5368699173e-05, -0.00016939775378, -0.000909471418709, 0.00225723395124, -0.00102132500615, 0.00432721571997, -0.00367966364138, 0.00566284591332, 0.00115123216528, -0.0104986494407, 0.0325986817479, -0.0140257906169], [-7.19053932698e-05, -0.000794707098976, 2.35457923736e-06, 0.000109645981865, -0.00182466360275, 0.00370974955149, 0.00299028307199, 1.51281892613e-05, -0.00176756852306, -0.0010829026578, 0.00119183724746, -0.0140257906169, 0.0301844999194]]
    spectral_contrast:
        mean: [2.43795739152e-07, -1.51936774273e-08, 3.97461803914e-07, 3.39560642715e-07, 4.81792739038e-08, 3.22164481759e-07, 3.59830352181e-07, -8.38869993913e-07, -1.61992488756e-06, -2.54606811723e-06, -1.54104853323e-07, -5.46655792277e-06]
        var: [0.000374784838641, 0.00119976827409, 0.00135817739647, 0.0030365716666, 0.0040622712113, 0.0102311028168, 0.0439435429871, 0.0822525173426, 0.139050170779, 0.15859554708, 0.276129871607, 0.767759263515]

rhythm:
    beats_loudness:
        dmean: 0.001763866283
        dmean2: 0.00298266205937
        dvar: 1.50382413722e-06
        dvar2: 3.07264849653e-06
        max: 0.0110693126917
        mean: 0.00525739975274
        min: 0.00177150208037
        var: 5.95865321884e-06
    beats_loudness_bass:
        dmean: 0.125349730253
        dmean2: 0.227421984076
        dvar: 0.0250001046807
        dvar2: 0.0740408971906
        max: 0.621321737766
        mean: 0.117343746126
        min: 0.0135095482692
        var: 0.017806859687
    bpm: 125.410720825
    bpm_confidence: 0
    first_peak_bpm: 125
    first_peak_spread: 0
    first_peak_weight: 0.949999988079
    onset_rate: 3.76862049103
    second_peak_bpm: 81
    second_peak_spread: 0
    second_peak_weight: 0.0500000007451
    beats_position: [0.0909290760756, 0.569480240345, 1.04803133011, 1.52658247948, 2.00513362885, 2.48368477821, 2.96223592758, 3.44078731537, 3.91933846474, 4.39788961411, 4.87644100189, 5.35499191284, 6.0996427536, 6.5779504776, 7.0562582016, 7.53456640244, 8.0128736496, 8.4911813736, 8.96949005127, 9.44779777527, 9.92610549927]
    bpm_estimates: [125.559501648, 125.540435791, 125.466926575, 124.071754456, 125.562583923, 125.296234131, 125.465385437, 126.083366394, 125.582092285, 125.293792725, 125.404151917, 126.537986755, 124.529953003, 124.995544434, 125.771080017]
    bpm_intervals: [0.478551149368, 0.478551089764, 0.478551149368, 0.478551149368, 0.478551149368, 0.478551149368, 0.478551387787, 0.478551149368, 0.478551149368, 0.478551387787, 0.47855091095, 0.744650840759, 0.478307723999, 0.478307723999, 0.478308200836, 0.478307247162, 0.478307723999, 0.478308677673, 0.478307723999, 0.478307723999]
    onset_times: [0.0580498874187, 0.31346938014, 0.568888902664, 1.04489791393, 1.52090704441, 2.00852608681, 2.2523355484, 2.48453521729, 2.72834467888, 2.96054410934, 3.11147403717, 3.20435380936, 3.43655323982, 3.5758728981, 3.70358276367, 3.92417240143, 4.19120168686, 4.41179132462, 4.65560102463, 4.8994102478, 5.13160991669, 5.3754196167, 5.83981847763, 6.13006782532, 6.33904743195, 6.60607719421, 6.82666683197, 7.0356464386, 7.2910656929, 7.52326536179, 7.77868461609, 7.99927425385, 8.26630401611, 8.47528362274, 8.73070335388, 9.22993183136, 9.69433116913, 9.94975090027]
    rubato_start: []
    rubato_stop: []
    perceptual_tempo: "unknown"

sfx:
    inharmonicity:
        dmean: 0.0561727695167
        dmean2: 0.099405542016
        dvar: 0.00259664561599
        dvar2: 0.00724911084399
        max: 0.350941300392
        mean: 0.0731144621968
        min: 0
        var: 0.00322844111361
    oddtoevenharmonicenergyratio:
        dmean: 2.98010396957
        dmean2: 5.67713737488
        dvar: 50.6728248596
        dvar2: 145.566268921
        max: 78.3605422974
        mean: 1.95410835743
        min: 0
        var: 28.7084274292
    pitch_after_max_to_before_max_energy_ratio: 2.88755059242
    pitch_centroid: 216.893112183
    pitch_max_to_total: 0.187066972256
    pitch_min_to_total: 0.392609685659
    tristimulus:
        dmean: [0.17026399076, 0.229775264859, 0.15293854475]
        dmean2: [0.298672258854, 0.388274818659, 0.272783428431]
        dvar: [0.0221804752946, 0.0362139418721, 0.0160262621939]
        dvar2: [0.0607214532793, 0.108926326036, 0.0436770133674]
        max: [1, 0.978149056435, 0.683545529842]
        mean: [0.268398523331, 0.532983362675, 0.163183093071]
        min: [0.0218510050327, 0, 0]
        var: [0.0303678419441, 0.0512712970376, 0.0197144355625]

tonal:
    chords_changes_rate: 0.0825688093901
    chords_number_rate: 0.0229357797652
    chords_strength:
        dmean: 0.010900568217
        dmean2: 0.0136934211478
        dvar: 8.57276827446e-05
        dvar2: 0.00012677955965
        max: 0.618604838848
        mean: 0.41786006093
        min: 0.310699552298
        var: 0.00396321900189
    key_strength: 0.465188831091
    tuning_diatonic_strength: 0.459704935551
    tuning_equal_tempered_deviation: 0.130019173026
    tuning_frequency: 435.700531006
    tuning_nontempered_energy_ratio: 0.754198014736
    hpcp:
        dmean: [0.24220700562, 0.200016632676, 0.191079139709, 0.178023904562, 0.177554920316, 0.183101788163, 0.180265218019, 0.144788861275, 0.121709093451, 0.10697350651, 0.0905311629176, 0.0777846574783, 0.0772836729884, 0.0823395252228, 0.12245131284, 0.182058557868, 0.14396725595, 0.094716578722, 0.0907870158553, 0.0924523547292, 0.09075948596, 0.113962627947, 0.132700055838, 0.167457193136, 0.186816081405, 0.177231833339, 0.165416002274, 0.154283732176, 0.14980019629, 0.169769063592, 0.217541217804, 0.196959108114, 0.231198951602, 0.212612092495, 0.15732267499, 0.195688843727]
        dmean2: [0.424452513456, 0.323275953531, 0.330149710178, 0.295613437891, 0.29481318593, 0.313336640596, 0.311939656734, 0.234895646572, 0.199517071247, 0.183781161904, 0.155160263181, 0.128811866045, 0.133509218693, 0.145579740405, 0.208966806531, 0.304347962141, 0.244971141219, 0.15001565218, 0.149630442262, 0.15899951756, 0.150828182697, 0.193924292922, 0.227274209261, 0.287629753351, 0.319220036268, 0.284241884947, 0.272776067257, 0.255962759256, 0.255365133286, 0.295988917351, 0.391775101423, 0.336443722248, 0.409747332335, 0.385368466377, 0.273871213198, 0.323014616966]
        dvar: [0.0582570880651, 0.0392052866518, 0.0434972122312, 0.0420725084841, 0.0401858352125, 0.0460538044572, 0.041286021471, 0.0284696593881, 0.0200260095298, 0.0165110211819, 0.0141578344628, 0.0116279264912, 0.0126239256933, 0.0122907338664, 0.0211558565497, 0.0420362614095, 0.0275130774826, 0.0109123634174, 0.0152146564797, 0.0165601726621, 0.0143757853657, 0.0213737078011, 0.0288606006652, 0.0344920307398, 0.0482354126871, 0.0378370918334, 0.0348728299141, 0.0346282497048, 0.0284425299615, 0.0332594811916, 0.0574797913432, 0.0421792343259, 0.0570414140821, 0.057251855731, 0.0335432626307, 0.0290400758386]
        dvar2: [0.142408356071, 0.103511989117, 0.119923941791, 0.101773448288, 0.0976774096489, 0.11642896384, 0.111917130649, 0.0671562477946, 0.044287353754, 0.0473088957369, 0.0386250168085, 0.028640659526, 0.033270791173, 0.0364675186574, 0.0618592165411, 0.106504544616, 0.0602985396981, 0.0264067035168, 0.0337650328875, 0.037576790899, 0.0357640013099, 0.0561602115631, 0.0792109444737, 0.0974243953824, 0.125975340605, 0.0959777906537, 0.0858304798603, 0.080392614007, 0.0749593377113, 0.102738037705, 0.163129329681, 0.123634763062, 0.175690352917, 0.154193490744, 0.0874905511737, 0.0744618922472]
        max: [1, 1, 1, 1, 1, 1, 1, 1, 1, 0.823531866074, 0.915947675705, 1, 0.831947922707, 0.782594144344, 1, 1, 1, 1, 1, 1, 1, 1, 1, 0.962341964245, 1, 1, 1, 1, 0.949770689011, 1, 1, 1, 1, 1, 1, 1]
        mean: [0.525692343712, 0.419986724854, 0.283289074898, 0.265446901321, 0.244535788894, 0.264819651842, 0.263780742884, 0.223267838359, 0.17284142971, 0.146799013019, 0.132941514254, 0.113539479673, 0.108500219882, 0.124598972499, 0.192046374083, 0.25995606184, 0.212724387646, 0.137707009912, 0.129229411483, 0.117800742388, 0.117071554065, 0.158443748951, 0.185462728143, 0.195520803332, 0.233302354813, 0.242877587676, 0.232521429658, 0.224004507065, 0.196310982108, 0.217995896935, 0.277667373419, 0.275203406811, 0.276157706976, 0.275196820498, 0.220588251948, 0.341498464346]
        min: [0.0111358286813, 0.0110697336495, 0.00759667577222, 0, 0, 0.00597200449556, 0.00475013302639, 0.00743863126263, 0.00309979612939, 0.000230479199672, 0.00334911351092, 0.00332856085151, 0.00300281611271, 0.0030504972674, 0.00635725585744, 0.0105263879523, 0.00667023472488, 0.00582704693079, 0.0052519091405, 0.00167885993142, 0.0010462111095, 0, 0.00358874141239, 0.00266421819106, 0.00159824162256, 0.00550108682364, 0.00685634324327, 0.0037899564486, 0.00317765865475, 0.00428846804425, 0.00561400409788, 0.00673559773713, 0.00403067516163, 0.00451479805633, 0.00377075816505, 0.00219395826571]
        var: [0.133939564228, 0.0884957388043, 0.0781204774976, 0.0778941586614, 0.058512032032, 0.0654584169388, 0.0585143715143, 0.050559706986, 0.039012927562, 0.0255176872015, 0.0215637683868, 0.0171275306493, 0.0163970664144, 0.0147852450609, 0.0284300725907, 0.0624374672771, 0.042857542634, 0.0190518200397, 0.0240468550473, 0.022938856855, 0.0202694348991, 0.0437992736697, 0.0516903921962, 0.0415064878762, 0.0612824782729, 0.0617564246058, 0.0611138269305, 0.0579828731716, 0.0395502373576, 0.0411628372967, 0.0790972486138, 0.0641158074141, 0.06489495188, 0.0792362615466, 0.0514865107834, 0.0649502277374]
    chords_histogram: [63.3027534485, 0.458715587854, 4.58715581894, 0, 0, 4.1284403801, 0, 6.88073396683, 0, 0, 0, 0, 0, 0, 0, 0, 0, 0, 0, 0, 0, 0, 20.6422023773, 0]
    thpcp: [1, 0.798921108246, 0.538887560368, 0.504947245121, 0.465169012547, 0.503754079342, 0.501777768135, 0.424711972475, 0.32878819108, 0.279248923063, 0.252888441086, 0.215980857611, 0.206394895911, 0.237018808722, 0.36532086134, 0.494502276182, 0.404655665159, 0.261953622103, 0.245827078819, 0.224086850882, 0.22269974649, 0.301400154829, 0.352797091007, 0.371930092573, 0.44380018115, 0.462014704943, 0.442314654589, 0.426113307476, 0.373433202505, 0.414683401585, 0.52819365263, 0.523506581783, 0.525321900845, 0.523494064808, 0.419614732265, 0.649616599083]
    chords_key: "D"
    chords_scale: "minor"
    key_key: "D"
    key_scale: "minor"
    chords_progression: ["Dm", "Dm", "Dm", "Dm", "Dm", "Dm", "Dm", "Dm", "Dm", "Am", "Am", "Am", "Am", "Am", "Am", "Am", "Am", "Am", "Am", "Dm", "Dm", "Dm", "Dm", "Dm", "Dm", "Dm", "Dm", "Dm", "Dm", "Dm", "Dm", "Dm", "Dm", "Dm", "Dm", "Dm", "Dm", "Dm", "Dm", "Dm", "Dm", "Dm", "Dm", "Dm", "Dm", "Dm", "Dm", "Dm", "Dm", "Dm", "Dm", "Dm", "Dm", "Dm", "Dm", "Dm", "Dm", "G", "G", "Dm", "G", "Dm", "D", "G", "G", "G", "G", "G", "G", "Dm", "Dm", "Dm", "Dm", "Dm", "Dm", "Dm", "Dm", "Dm", "Dm", "Dm", "Dm", "Dm", "Dm", "Dm", "Dm", "Dm", "Dm", "Dm", "Dm", "Dm", "Dm", "Dm", "Dm", "Dm", "Dm", "Dm", "Dm", "Dm", "Dm", "Dm", "Dm", "Dm", "Dm", "Dm", "Dm", "Dm", "Dm", "Dm", "Dm", "Dm", "Dm", "Dm", "Dm", "Dm", "Dm", "Dm", "Dm", "Dm", "Dm", "Dm", "Dm", "Dm", "Dm", "Dm", "Dm", "Dm", "Dm", "Dm", "Dm", "Dm", "Dm", "Dm", "Dm", "Gm", "Gm", "Gm", "Gm", "Gm", "Gm", "Gm", "Gm", "Gm", "Gm", "Gm", "Gm", "Gm", "Gm", "Gm", "Gm", "Gm", "Gm", "Gm", "Gm", "Gm", "Gm", "Gm", "Gm", "Gm", "Gm", "Gm", "Gm", "Gm", "Gm", "Gm", "Gm", "Gm", "Gm", "Gm", "Gm", "Gm", "Gm", "Gm", "Gm", "Gm", "Gm", "Gm", "Gm", "Dm", "Dm", "Dm", "Dm", "Dm", "Dm", "Gm", "Dm", "Dm", "Dm", "Dm", "F", "Dm", "Dm", "Dm", "Dm", "Dm", "Dm", "Dm", "Dm", "Dm", "Dm", "Dm", "Dm", "Dm", "D", "D", "D", "D", "D", "D", "D", "D", "D", "D", "D", "Dm", "Dm", "D", "D", "D"]
