
metadata:
    version:
        essentia: "1.2.2"
    audio_properties:
        analysis_sample_rate: 44100
        bitrate: 128
        channels: 2
        equal_loudness: 1
        length: 10.0310201645
        replay_gain: -6.1259021759
        downmix: "mix"
    tags:
        track: 25
        year: 0
        album: "Splitted by Mp3Splt v. 2.1"
        artist: "From 004.00 To 004.10"
        comment: "http://mp3splt.sf.net"
        genre: ""
        title: "02 Duende.mp3"

highlevel:
    ballroom:
        all:
            ChaChaCha: 0.0820783749223
            Jive: 0.098141759634
            Quickstep: 0.0554870516062
            Rumba-American: 0.011889686808
            Rumba-International: 0.349416196346
            Rumba-Misc: 0.0997787937522
            Samba: 0.184461385012
            Tango: 0.0136629603803
            VienneseWaltz: 0.0903011932969
            Waltz: 0.0147825991735
        probability: 0.349416196346
        value: "Rumba-International"
    culture:
        all:
            non_western: 0.109473243356
            western: 0.890526771545
        probability: 0.890526771545
        value: "western"
    gender:
        all:
            female: 0.173403531313
            male: 0.826596498489
        probability: 0.826596498489
        value: "male"
    genre_dortmund:
        all:
            alternative: 0.0377848930657
            blues: 0.00600906368345
            electronic: 0.537706792355
            folkcountry: 0.0585925877094
            funksoulrnb: 0.0152226658538
            jazz: 0.0755760669708
            pop: 0.131982028484
            raphiphop: 0.0443418994546
            rock: 0.0927840024233
        probability: 0.537706792355
        value: "electronic"
    genre_electronica:
        all:
            ambient: 0.149994939566
            dnb: 0.560178816319
            house: 0.0378282852471
            techno: 0.0377635471523
            trance: 0.214234426618
        probability: 0.560178816319
        value: "dnb"
    genre_rosamerica:
        all:
            cla: 0.0205285437405
            dan: 0.620175123215
            hip: 0.02160089463
            jaz: 0.0393015667796
            pop: 0.108398295939
            rhy: 0.0707266032696
            roc: 0.109861686826
            spe: 0.00940728653222
        probability: 0.620175123215
        value: "dan"
    genre_tzanetakis:
        all:
            blu: 0.0011009525042
            cla: 0.00130105030257
            cou: 0.00778251700103
            dis: 0.0291429627687
            hip: 0.00854809395969
            jaz: 0.00508614303544
            met: 0.00385563494638
            pop: 0.895076215267
            reg: 0.022236738354
            roc: 0.0258697215468
        probability: 0.895076215267
        value: "pop"
    live_studio:
        all:
            live: 0.200942695141
            studio: 0.799057304859
        probability: 0.799057304859
        value: "studio"
    mood:
        all:
            Cluster1: 0.393119812012
            Cluster2: 0.116678163409
            Cluster3: 0.0964261516929
            Cluster4: 0.169015824795
            Cluster5: 0.224760055542
        probability: 0.393119812012
        value: "Cluster1"
    mood_acoustic:
        all:
            acoustic: 0.284655690193
            not_acoustic: 0.715344309807
        probability: 0.715344309807
        value: "not_acoustic"
    mood_aggressive:
        all:
            aggressive: 0.0347457565367
            not_aggressive: 0.965254247189
        probability: 0.965254247189
        value: "not_aggressive"
    mood_electronic:
        all:
            electronic: 0.889344930649
            not_electronic: 0.110655084252
        probability: 0.889344930649
        value: "electronic"
    mood_happy:
        all:
            happy: 0.318480342627
            not_happy: 0.681519687176
        probability: 0.681519687176
        value: "not_happy"
    mood_party:
        all:
            not_party: 0.861210525036
            party: 0.138789460063
        probability: 0.861210525036
        value: "not_party"
    mood_relaxed:
        all:
            not_relaxed: 0.237032666802
            relaxed: 0.762967348099
        probability: 0.762967348099
        value: "relaxed"
    mood_sad:
        all:
            not_sad: 0.215321674943
            sad: 0.784678339958
        probability: 0.784678339958
        value: "sad"
    rhythm:
        all:
            fast: 0.318641006947
            medium: 0.496498346329
            slow: 0.184860631824
        probability: 0.496498346329
        value: "medium"
    speech_music:
        all:
            music: 0.999124646187
            speech: 0.000875357480254
        probability: 0.999124646187
        value: "music"
    timbre:
        all:
            bright: 0.0107683697715
            dark: 0.989231646061
        probability: 0.989231646061
        value: "dark"
    voice_instrumental:
        all:
            instrumental: 0.360607177019
            voice: 0.639392793179
        probability: 0.639392793179
        value: "voice"

lowlevel:
    average_loudness: 0.975119233131
    barkbands_kurtosis:
        dmean: 2.42334985733
        dmean2: 3.75498437881
        dvar: 13.0648212433
        dvar2: 29.0609607697
        max: 35.4024276733
        mean: 3.06924796104
        min: -1.60990512371
        var: 23.7477493286
    barkbands_skewness:
        dmean: 0.509916186333
        dmean2: 0.795800864697
        dvar: 0.226371735334
        dvar2: 0.491705179214
        max: 5.38203525543
        mean: 1.50287854671
        min: -0.5879971385
        var: 0.770487308502
    barkbands_spread:
        dmean: 5.28415775299
        dmean2: 7.78997898102
        dvar: 20.7903633118
        dvar2: 43.9826927185
        max: 42.0005073547
        mean: 19.6468906403
        min: 2.46298074722
        var: 77.6257705688
    dissonance:
        dmean: 0.0327772423625
        dmean2: 0.0540978275239
        dvar: 0.0008626494091
        dvar2: 0.00217854534276
        max: 0.496886640787
        mean: 0.436170011759
        min: 0.189598664641
        var: 0.00151431455743
    hfc:
        dmean: 1.72111964226
        dmean2: 2.66351819038
        dvar: 4.45779800415
        dvar2: 10.7924451828
        max: 18.0803890228
        mean: 3.13288855553
        min: 0.0220411494374
        var: 6.86923599243
    pitch:
        dmean: 195.854354858
        dmean2: 375.302734375
        dvar: 424744.46875
        dvar2: 1176274.125
        max: 4900
        mean: 278.049072266
        min: 76.8292694092
        var: 262452.625
    pitch_instantaneous_confidence:
        dmean: 0.0939989537001
        dmean2: 0.154680654407
        dvar: 0.00679114414379
        dvar2: 0.0152318375185
        max: 0.758611679077
        mean: 0.383597880602
        min: 0.148716807365
        var: 0.0152753712609
    pitch_salience:
        dmean: 0.0777699574828
        dmean2: 0.121811658144
        dvar: 0.00431827595457
        dvar2: 0.0110869100317
        max: 0.854669451714
        mean: 0.605159342289
        min: 0.323147714138
        var: 0.00969987921417
    silence_rate_20dB:
        dmean: 0
        dmean2: 0
        dvar: 0
        dvar2: 0
        max: 1
        mean: 1
        min: 1
        var: 0
    silence_rate_30dB:
        dmean: 0
        dmean2: 0
        dvar: 0
        dvar2: 0
        max: 1
        mean: 1
        min: 1
        var: 0
    silence_rate_60dB:
        dmean: 0.199074074626
        dmean2: 0.399071931839
        dvar: 0.159443646669
        dvar2: 0.314058899879
        max: 1
        mean: 0.321016162634
        min: 0
        var: 0.217964351177
    spectral_centroid:
        dmean: 197.88760376
        dmean2: 310.782989502
        dvar: 49084.8554688
        dvar2: 105077.101562
        max: 2801.33520508
        mean: 751.19934082
        min: 214.382705688
        var: 198670.171875
    spectral_complexity:
        dmean: 3.13921117783
        dmean2: 4.68372106552
        dvar: 12.7694807053
        dvar2: 29.1975841522
        max: 34
        mean: 9.04629611969
        min: 0
        var: 24.3080558777
    spectral_crest:
        dmean: 2.10442829132
        dmean2: 3.4462583065
        dvar: 3.88678002357
        dvar2: 9.9120426178
        max: 19.2204303741
        mean: 7.64095067978
        min: 2.64621496201
        var: 8.01573371887
    spectral_decrease:
        dmean: 4.09282774338e-10
        dmean2: 6.01686922508e-10
        dvar: 1.92109401468e-19
        dvar2: 4.476451253e-19
        max: -1.11905961928e-11
        mean: -1.10907139028e-09
        min: -4.36787184199e-09
        var: 4.50078173674e-19
    spectral_energy:
        dmean: 0.00167938973755
        dmean2: 0.00248119537719
        dvar: 3.24795905726e-06
        dvar2: 7.57911902838e-06
        max: 0.0173378121108
        mean: 0.00447005499154
        min: 4.42350428784e-05
        var: 7.22416052668e-06
    spectral_energyband_high:
        dmean: 7.86968375905e-05
        dmean2: 0.000121743891214
        dvar: 1.56782657967e-08
        dvar2: 3.76078439501e-08
        max: 0.000930272450205
        mean: 0.00012784662249
        min: 5.33953397053e-08
        var: 3.0272339302e-08
    spectral_energyband_low:
        dmean: 0.000436889007688
        dmean2: 0.000685495790094
        dvar: 3.23816379932e-07
        dvar2: 7.32375099233e-07
        max: 0.00454660179093
        mean: 0.000873093609698
        min: 1.52139921283e-06
        var: 7.81937728789e-07
    spectral_energyband_middle_high:
        dmean: 0.000666803796776
        dmean2: 0.00104425626341
        dvar: 6.73301087772e-07
        dvar2: 1.71400006366e-06
        max: 0.00615306664258
        mean: 0.00094112532679
        min: 7.08031984686e-06
        var: 8.66434731961e-07
    spectral_energyband_middle_low:
        dmean: 0.00105496775359
        dmean2: 0.0016171997413
        dvar: 1.43707472944e-06
        dvar2: 3.4864274312e-06
        max: 0.013180504553
        mean: 0.00252796267159
        min: 3.41685990861e-05
        var: 3.41608006238e-06
    spectral_flatness_db:
        dmean: 0.0259655639529
        dmean2: 0.0372330583632
        dvar: 0.000596647791099
        dvar2: 0.00128929084167
        max: 0.303378432989
        mean: 0.160231113434
        min: 0.0837225243449
        var: 0.00182268163189
    spectral_flux:
        dmean: 0.0118975928053
        dmean2: 0.017992997542
        dvar: 0.000117864918138
        dvar2: 0.000262640125584
        max: 0.0881604626775
        mean: 0.036241736263
        min: 0.00665094284341
        var: 0.000232671605772
    spectral_kurtosis:
        dmean: 1.93976223469
        dmean2: 2.89347147942
        dvar: 5.70836114883
        dvar2: 12.7260665894
        max: 21.3903713226
        mean: 5.55394363403
        min: 0.532088518143
        var: 13.0603551865
    spectral_rms:
        dmean: 0.000396748509957
        dmean2: 0.000561192340683
        dvar: 1.41988991231e-07
        dvar2: 3.16403031775e-07
        max: 0.00411277730018
        mean: 0.00198793667369
        min: 0.000207740551559
        var: 4.09135594737e-07
    spectral_rolloff:
        dmean: 509.552398682
        dmean2: 843.099609375
        dvar: 363296.4375
        dvar2: 772644.1875
        max: 5684.765625
        mean: 1367.10888672
        min: 236.865234375
        var: 1159524.625
    spectral_skewness:
        dmean: 0.289583057165
        dmean2: 0.405761033297
        dvar: 0.0896253064275
        dvar2: 0.176526114345
        max: 3.89149808884
        mean: 1.96848535538
        min: 0.828925549984
        var: 0.323814988136
    spectral_spread:
        dmean: 827903.3125
        dmean2: 1302407.625
        dvar: 1.10348481331e+12
        dvar2: 1.80361258598e+12
        max: 18445308
        mean: 5193861.5
        min: 2508500.75
        var: 2.07619070362e+12
    spectral_strongpeak:
        dmean: 0.179339036345
        dmean2: 0.310109883547
        dvar: 0.0785403698683
        dvar2: 0.202557191253
        max: 2.14249849319
        mean: 0.27765801549
        min: 0.0140875596553
        var: 0.0784654915333
    zerocrossingrate:
        dmean: 0.00955490488559
        dmean2: 0.0102527709678
        dvar: 5.97936996201e-05
        dvar2: 7.04449194018e-05
        max: 0.14697265625
        mean: 0.0523026064038
        min: 0.013671875
        var: 0.000608472677413
    barkbands:
        dmean: [7.58928649702e-07, 0.000189970727661, 0.00029073029873, 0.000304479064653, 0.000460122333607, 0.000273559911875, 0.000250546378084, 0.000111509325507, 9.19653175515e-05, 0.000250688317465, 0.000134512971272, 8.33731101011e-05, 3.35613658535e-05, 7.64695942053e-05, 6.84995466145e-05, 4.27108388976e-05, 7.12269174983e-05, 5.24296883668e-05, 6.24935564701e-05, 4.534609252e-05, 4.52316489827e-05, 1.50455625771e-05, 2.67659424935e-06, 1.90006880985e-06, 9.30202702421e-07, 1.02390274037e-07, 1.63888513871e-09]
        dmean2: [1.05783465187e-06, 0.000287750997813, 0.000468714366434, 0.000504228693899, 0.00066643813625, 0.000422951066867, 0.000407055893447, 0.00017768474936, 0.000156291556777, 0.000409096101066, 0.000225701907766, 0.000132836095872, 5.58259671379e-05, 0.000126390441437, 0.000114321388537, 7.41936164559e-05, 0.000120763099403, 8.63369277795e-05, 0.000100409961306, 7.41455587558e-05, 7.45192810427e-05, 2.06588174478e-05, 4.00147746404e-06, 2.98224699691e-06, 1.42350654642e-06, 1.58896853009e-07, 1.88927673506e-09]
        dvar: [1.35554046286e-12, 7.1473891694e-08, 1.7709481881e-07, 1.94631496697e-07, 3.19907087487e-07, 1.57064675932e-07, 1.27042824261e-07, 1.8351707709e-08, 2.96597875149e-08, 2.32042438597e-07, 7.99484425329e-08, 1.42688731941e-08, 2.45388509512e-09, 1.8642225541e-08, 1.28993740134e-08, 8.56621262812e-09, 2.98495699269e-08, 6.88405910054e-09, 1.98821155095e-08, 5.92052185056e-09, 6.26222274036e-09, 5.97485838583e-10, 1.43902632865e-11, 1.06254614482e-11, 2.39403418964e-12, 3.03318940873e-14, 7.36576939257e-16]
        dvar2: [2.60103071893e-12, 1.61991351888e-07, 3.99996167744e-07, 5.20322657849e-07, 7.39868596611e-07, 4.08070832236e-07, 3.05725734506e-07, 4.51181598748e-08, 8.76301200492e-08, 6.18029389443e-07, 2.19054783201e-07, 3.443585328e-08, 5.92270099631e-09, 4.7391601754e-08, 3.32814131809e-08, 2.3258401427e-08, 8.46988186254e-08, 1.63974505085e-08, 5.42606137799e-08, 1.5284291166e-08, 1.70199925265e-08, 1.23622379e-09, 3.32302657613e-11, 2.65865489346e-11, 5.8267210501e-12, 7.23727650617e-14, 7.38221294905e-16]
        max: [1.40460815601e-05, 0.00274611939676, 0.00347315589897, 0.00328048784286, 0.00704694585875, 0.0035123876296, 0.00304138520733, 0.00114474794827, 0.00162099371664, 0.00472797453403, 0.00380354374647, 0.000903909443878, 0.000457716058008, 0.000837247585878, 0.000947062449995, 0.00066882383544, 0.00169551745057, 0.000783294264693, 0.00167292659171, 0.000727748672944, 0.000581402389798, 0.000294896832202, 2.62980611296e-05, 2.41443631239e-05, 1.06365896499e-05, 1.01460432234e-06, 5.64344759368e-07]
        mean: [1.63881850312e-06, 0.000405737577239, 0.000465745310066, 0.000481241120724, 0.000890817376785, 0.000451936444733, 0.00033684365917, 0.000167251535458, 0.000113414214866, 0.000299102830468, 0.000163983859238, 9.75659058895e-05, 3.83498918382e-05, 6.97720679455e-05, 6.8402121542e-05, 3.95642564399e-05, 7.48641177779e-05, 6.66978958179e-05, 7.68705140217e-05, 6.83877296979e-05, 5.84829831496e-05, 2.51559649769e-05, 4.50511106465e-06, 2.41170391746e-06, 1.20239587886e-06, 1.10754037053e-07, 1.62026503325e-09]
        min: [8.01014254925e-11, 1.0696381878e-06, 3.83627529743e-08, 3.6279033111e-07, 1.6693481939e-06, 9.81924677035e-06, 4.94936284667e-06, 9.66470793173e-07, 1.55419957082e-06, 2.44948807904e-07, 8.15248199615e-07, 4.63633028858e-07, 7.10396506065e-08, 7.38995140637e-08, 1.62169740747e-07, 2.36347105442e-07, 7.1655534839e-08, 6.80148914967e-08, 1.26780264509e-07, 3.28607505651e-08, 2.90895094679e-08, 1.01243431416e-08, 3.21633542022e-09, 4.45577394426e-11, 4.83640683058e-10, 7.12192874119e-11, 4.02934081229e-14]
        var: [5.28422271218e-12, 2.25072085414e-07, 2.8497652238e-07, 3.38745593353e-07, 9.62112494562e-07, 2.03710243341e-07, 1.65635000826e-07, 2.97248448078e-08, 2.84543002493e-08, 2.2959574153e-07, 7.49450350668e-08, 1.95967526651e-08, 3.06583292087e-09, 1.73694534311e-08, 1.19973266877e-08, 6.40841291144e-09, 2.3876005173e-08, 9.01637076112e-09, 1.73908976109e-08, 8.41257286055e-09, 8.25797474846e-09, 1.66019431536e-09, 2.87037286301e-11, 1.2270088591e-11, 2.6136898635e-12, 3.01736717209e-14, 7.34921413361e-16]
    mfcc:
        mean: [-734.8203125, 141.707458496, -14.9182786942, 43.7915306091, -19.2979812622, 0.377185672522, 0.918721079826, -1.24781966209, 1.3757828474, -5.28227424622, -4.86748170853, -4.63888454437, -3.19581794739]
        cov: [[2600.37329102, -723.136962891, -274.926147461, -240.174224854, 52.2137794495, 46.0467147827, -16.7815361023, -43.8217010498, -19.3034076691, -64.4039459229, -84.081161499, -61.9487113953, -61.1488265991], [-723.136962891, 985.15435791, 69.8259277344, 188.200653076, 68.5204849243, 57.6789855957, 57.5906448364, 69.2673797607, -2.25269603729, 24.6204776764, 11.3492536545, -0.868663787842, 23.1438770294], [-274.926147461, 69.8259277344, 411.151153564, 106.592193604, 5.01443195343, 10.8756465912, 74.0638198853, -2.2014837265, 12.7935028076, 17.6447238922, 32.7014923096, 35.7781295776, -12.6999549866], [-240.174224854, 188.200653076, 106.592193604, 376.533233643, -24.1771335602, 98.1357727051, -16.4635295868, 59.3872566223, 22.4316997528, 34.6064682007, -4.76268339157, 18.3583545685, 7.39437961578], [52.2137794495, 68.5204849243, 5.01443195343, -24.1771335602, 208.463043213, -0.685891866684, 10.2090511322, -47.5153884888, 28.755771637, 8.98881053925, 20.6130084991, 7.28430271149, -0.212124943733], [46.0467147827, 57.6789855957, 10.8756465912, 98.1357727051, -0.685891866684, 151.429580688, 3.10621523857, 32.018573761, -14.2332849503, 12.1588430405, -9.14457416534, 15.010468483, -5.22366666794], [-16.7815361023, 57.5906448364, 74.0638198853, -16.4635295868, 10.2090511322, 3.10621523857, 116.0184021, 32.2049102783, 2.89590120316, 1.35238087177, 13.4737272263, -5.95979595184, 8.05193805695], [-43.8217010498, 69.2673797607, -2.2014837265, 59.3872566223, -47.5153884888, 32.018573761, 32.2049102783, 97.8996124268, 21.3189258575, 5.96137094498, -7.64791584015, 0.991109192371, 7.87916135788], [-19.3034076691, -2.25269603729, 12.7935028076, 22.4316997528, 28.755771637, -14.2332849503, 2.89590120316, 21.3189258575, 81.4375305176, 30.8596992493, 13.0228414536, -2.73495936394, -0.888581871986], [-64.4039459229, 24.6204776764, 17.6447238922, 34.6064682007, 8.98881053925, 12.1588430405, 1.35238087177, 5.96137094498, 30.8596992493, 77.6951370239, 25.882850647, -11.7555379868, 2.7571451664], [-84.081161499, 11.3492536545, 32.7014923096, -4.76268339157, 20.6130084991, -9.14457416534, 13.4737272263, -7.64791584015, 13.0228414536, 25.882850647, 75.3462982178, 24.8901805878, -10.6867809296], [-61.9487113953, -0.868663787842, 35.7781295776, 18.3583545685, 7.28430271149, 15.010468483, -5.95979595184, 0.991109192371, -2.73495936394, -11.7555379868, 24.8901805878, 100.376052856, 16.5688266754], [-61.1488265991, 23.1438770294, -12.6999549866, 7.39437961578, -0.212124943733, -5.22366666794, 8.05193805695, 7.87916135788, -0.888581871986, 2.7571451664, -10.6867809296, 16.5688266754, 67.3483428955]]
        icov: [[0.00060303369537, 0.000446195335826, 0.000338789745001, 0.000116132148833, -0.00034595883335, -0.000408533989685, -0.000386750587495, -2.33850823861e-05, 2.86783210868e-06, 0.000144072473631, 0.00057431863388, 8.52430603118e-05, 0.000525825482327], [0.000446195335826, 0.00162979669403, 0.00020952608611, -0.000547525240108, -0.00111173395999, -8.34821985336e-05, -0.000570620584767, -0.00114861526527, 0.000996416434646, -0.000117557065096, 0.000176849905984, 0.000338578800438, 0.000100025172287], [0.000338789745001, 0.00020952608611, 0.00385968992487, -0.0014226740459, 0.000431645516073, 0.00027673857403, -0.00367028149776, 0.00236108573154, -0.000660483841784, -0.000462670228444, 0.000488582940307, -0.00171132630203, 0.00181380100548], [0.000116132148833, -0.000547525240108, -0.0014226740459, 0.00459170574322, 0.000248965952778, -0.00237327069044, 0.00248070270754, -0.00197584880516, -0.000889998278581, -0.000726400117856, 0.00037641756353, 0.000148498293129, -0.000686343584675], [-0.00034595883335, -0.00111173395999, 0.000431645516073, 0.000248965952778, 0.00754519505426, -0.00149614736438, -0.00184464594349, 0.00624459609389, -0.00499578705058, 0.00104879925493, -0.00107122422196, -0.000562730885576, -0.000620702339802], [-0.000408533989685, -8.34821985336e-05, 0.00027673857403, -0.00237327069044, -0.00149614736438, 0.0101918652654, -0.000360364589142, -0.00340595957823, 0.00464675109833, -0.00353963812813, 0.00224955822341, -0.00256119389087, 0.00239112437703], [-0.000386750587495, -0.000570620584767, -0.00367028149776, 0.00248070270754, -0.00184464594349, -0.000360364589142, 0.0146342543885, -0.00753657519817, 0.00202722847462, 0.00137661932968, -0.00401490973309, 0.00354151288047, -0.00355916609988], [-2.33850823861e-05, -0.00114861526527, 0.00236108573154, -0.00197584880516, 0.00624459609389, -0.00340595957823, -0.00753657519817, 0.0208894722164, -0.00885894615203, 0.00174800655805, 0.0017356503522, -0.00152127002366, -0.000290465657599], [2.86783210868e-06, 0.000996416434646, -0.000660483841784, -0.000889998278581, -0.00499578705058, 0.00464675109833, 0.00202722847462, -0.00885894615203, 0.0202970206738, -0.00746841588989, 0.000114065616799, -0.000303242559312, 0.00143832829781], [0.000144072473631, -0.000117557065096, -0.000462670228444, -0.000726400117856, 0.00104879925493, -0.00353963812813, 0.00137661932968, 0.00174800655805, -0.00746841588989, 0.0207270458341, -0.00889124907553, 0.00604546396062, -0.00432182243094], [0.00057431863388, 0.000176849905984, 0.000488582940307, 0.00037641756353, -0.00107122422196, 0.00224955822341, -0.00401490973309, 0.0017356503522, 0.000114065616799, -0.00889124907553, 0.0217748191208, -0.00795082282275, 0.00673628924415], [8.52430603118e-05, 0.000338578800438, -0.00171132630203, 0.000148498293129, -0.000562730885576, -0.00256119389087, 0.00354151288047, -0.00152127002366, -0.000303242559312, 0.00604546396062, -0.00795082282275, 0.0149127049372, -0.00600572535768], [0.000525825482327, 0.000100025172287, 0.00181380100548, -0.000686343584675, -0.000620702339802, 0.00239112437703, -0.00355916609988, -0.000290465657599, 0.00143832829781, -0.00432182243094, 0.00673628924415, -0.00600572535768, 0.0190939437598]]
    spectral_contrast:
        mean: [-6.76717988313e-08, 3.57265683704e-08, 3.44727340007e-07, -8.94069671631e-08, 5.6612339705e-08, 2.24862660048e-07, 9.62711581565e-08, -3.64621405424e-06, 1.55555017045e-06, -1.67003383922e-06, -2.85826354229e-06, -6.08360608112e-07]
        var: [0.000581447035074, 0.00129585585091, 0.00147685396951, 0.00231033982709, 0.00298247649334, 0.005998570472, 0.0842141211033, 0.111579433084, 0.166650220752, 0.303452283144, 0.699004292488, 1.62295079231]

rhythm:
    beats_loudness:
        dmean: 0.00272982986644
        dmean2: 0.00499249622226
        dvar: 4.249191079e-06
        dvar2: 1.33952207761e-05
        max: 0.0120243094862
        mean: 0.0067338119261
        min: 0.00293778558262
        var: 4.7978769544e-06
    beats_loudness_bass:
        dmean: 0.26391479373
        dmean2: 0.492851614952
        dvar: 0.0207685381174
        dvar2: 0.0764636397362
        max: 0.62115830183
        mean: 0.31848192215
        min: 0.0592947602272
        var: 0.0335050970316
    bpm: 110.563529968
    bpm_confidence: 0
    first_peak_bpm: 111
    first_peak_spread: 0
    first_peak_weight: 0.941176533699
    onset_rate: 6.18082714081
    second_peak_bpm: 70
    second_peak_spread: 0
    second_peak_weight: 0.0588235296309
    beats_position: [0.090555280447, 0.632631540298, 1.17470777035, 1.71678388119, 2.25886011124, 2.80093646049, 3.34301257133, 3.88508892059, 4.42716503143, 4.96924114227, 5.51131772995, 6.37180280685, 6.9150800705, 7.45835733414, 8.00163459778, 8.54491233826, 9.08818912506, 9.63146686554]
    bpm_estimates: [110.769630432, 110.69997406, 110.795898438, 111.066864014, 110.272720337, 110.429679871, 110.536262512, 110.669586182, 110.832214355, 110.721328735, 110.750724792, 110.530105591, 110.340492249, 110.610374451, 110.940536499, 110.278518677, 110.469711304, 110.284248352, 110.439506531, 110.335762024, 110.260482788, 110.362937927]
    bpm_intervals: [0.542076230049, 0.542076230049, 0.54207611084, 0.542076230049, 0.542076349258, 0.54207611084, 0.542076349258, 0.54207611084, 0.54207611084, 0.542076587677, 0.860485076904, 0.543277263641, 0.543277263641, 0.543277263641, 0.543277740479, 0.543276786804, 0.543277740479]
    onset_times: [0.0464399084449, 0.267029464245, 0.359909296036, 0.557278931141, 0.626938760281, 0.905578255653, 1.07972788811, 1.18421769142, 1.34675741196, 1.45124721527, 1.6137868166, 1.70666670799, 1.90403628349, 1.99691605568, 2.17106580734, 2.26394557953, 2.54258513451, 2.71673464775, 2.80961441994, 3.08825397491, 3.26240372658, 3.35528349876, 3.54104304314, 3.63392281532, 3.79646253586, 3.88934230804, 4.08671188354, 4.17959165573, 4.35374164581, 4.446621418, 4.72526073456, 4.8994102478, 4.99229001999, 5.27092981339, 5.44507932663, 5.56117916107, 5.71210861206, 5.80498886108, 5.97913837433, 6.07201814651, 6.35065746307, 6.52480745316, 6.62929725647, 6.81505680084, 6.8963265419, 7.08208608627, 7.16335582733, 7.45360565186, 7.6277551651, 7.72063493729, 7.98766422272, 8.17342376709, 8.25469398499, 8.53333377838, 8.71909332275, 8.8119726181, 9.0093421936, 9.0906124115, 9.35764217377, 9.63628101349, 9.81043052673, 9.90331077576]
    rubato_start: []
    rubato_stop: []
    perceptual_tempo: "unknown"

sfx:
    inharmonicity:
        dmean: 0.027939254418
        dmean2: 0.0490000732243
        dvar: 0.00104903930333
        dvar2: 0.00308974459767
        max: 0.215081214905
        mean: 0.028171217069
        min: 0
        var: 0.0011948737083
    oddtoevenharmonicenergyratio:
        dmean: 1.22429060936
        dmean2: 2.21324443817
        dvar: 5.59952306747
        dvar2: 15.963177681
        max: 19.0878791809
        mean: 0.958783864975
        min: 0
        var: 3.94742274284
    pitch_after_max_to_before_max_energy_ratio: 1.96149635315
    pitch_centroid: 192.428451538
    pitch_max_to_total: 0.206018522382
    pitch_min_to_total: 0.546296298504
    tristimulus:
        dmean: [0.208314627409, 0.207417085767, 0.0646080374718]
        dmean2: [0.350003063679, 0.348345726728, 0.11262986809]
        dvar: [0.0321241281927, 0.0309773441404, 0.00477244937792]
        dvar2: [0.0907965898514, 0.0907211005688, 0.0136407567188]
        max: [1, 0.932841181755, 0.515470743179]
        mean: [0.494281947613, 0.418948918581, 0.0711395889521]
        min: [0.00844516325742, 0, 0]
        var: [0.0626051276922, 0.0552590303123, 0.00651680724695]

tonal:
    chords_changes_rate: 0
    chords_number_rate: 0.00460829492658
    chords_strength:
        dmean: 0.00900129601359
        dmean2: 0.00995863974094
        dvar: 4.71836392535e-05
        dvar2: 7.46401710785e-05
        max: 0.707598805428
        mean: 0.545769155025
        min: 0.391022235155
        var: 0.00435706879944
    key_strength: 0.571312069893
    tuning_diatonic_strength: 0.488177835941
    tuning_equal_tempered_deviation: 0.0665117874742
    tuning_frequency: 438.984558105
    tuning_nontempered_energy_ratio: 0.70135730505
    hpcp:
        dmean: [0.119260132313, 0.120490163565, 0.123193606734, 0.182875350118, 0.164741426706, 0.10708412528, 0.0901914909482, 0.0895993337035, 0.112462803721, 0.142908588052, 0.104902327061, 0.0853605270386, 0.0732276290655, 0.0903339460492, 0.126474440098, 0.15289182961, 0.151504099369, 0.0949047505856, 0.0525624714792, 0.0460408590734, 0.056866902858, 0.0544535256922, 0.0785321071744, 0.166088938713, 0.192997545004, 0.20769494772, 0.140013590455, 0.0867048129439, 0.0986146777868, 0.227734297514, 0.224797949195, 0.226526483893, 0.186231434345, 0.117608681321, 0.063718482852, 0.0846141278744]
        dmean2: [0.196665942669, 0.210008144379, 0.217267051339, 0.31216609478, 0.281872779131, 0.186052516103, 0.155194610357, 0.152686804533, 0.192156523466, 0.227130249143, 0.175997033715, 0.154828622937, 0.129836305976, 0.163630902767, 0.217109158635, 0.250923991203, 0.251560211182, 0.159933283925, 0.0898162573576, 0.0798999667168, 0.104381941259, 0.100019961596, 0.139939531684, 0.2802272439, 0.35004067421, 0.378206551075, 0.257468372583, 0.16086833179, 0.180279448628, 0.392425090075, 0.377463161945, 0.374853134155, 0.344303190708, 0.215924277902, 0.109753496945, 0.145511895418]
        dvar: [0.0262479502708, 0.0296095274389, 0.0300806295127, 0.0587981306016, 0.0557410307229, 0.0199912562966, 0.0192452706397, 0.022933350876, 0.0257763620466, 0.0332784838974, 0.0214956421405, 0.0213101152331, 0.0205520708114, 0.0297690294683, 0.0331810191274, 0.02348972857, 0.0337483435869, 0.0184014104307, 0.00705902837217, 0.0102657629177, 0.0177876781672, 0.0143733741716, 0.013515599072, 0.0333872027695, 0.0692335218191, 0.0552223920822, 0.0464819967747, 0.0314090810716, 0.022119725123, 0.05307861045, 0.0760897099972, 0.0438499264419, 0.0558715760708, 0.0434381701052, 0.0112095354125, 0.0178738702089]
        dvar2: [0.0664510652423, 0.0798709243536, 0.0837432146072, 0.146653130651, 0.145254209638, 0.0547910109162, 0.0516670681536, 0.0615120232105, 0.0637821257114, 0.0840694755316, 0.0510817915201, 0.0526938028634, 0.0534081496298, 0.0802510082722, 0.0910097807646, 0.0528882853687, 0.0824448019266, 0.0450780019164, 0.0181215610355, 0.0271847844124, 0.0524929836392, 0.0419471375644, 0.037095554173, 0.0815076455474, 0.163877293468, 0.141798481345, 0.12663257122, 0.083436883986, 0.0617096424103, 0.134430751204, 0.159472107887, 0.108324714005, 0.156417772174, 0.122689694166, 0.0297478120774, 0.0445060580969]
        max: [1, 0.974178731441, 1, 1, 1, 0.849857747555, 0.904785990715, 1, 0.890568852425, 1, 0.918502867222, 1, 0.960025012493, 0.908991336823, 1, 1, 1, 0.87074971199, 0.728221595287, 0.844862341881, 1, 0.707571566105, 0.877189993858, 1, 1, 1, 1, 1, 1, 1, 1, 1, 1, 1, 0.581186830997, 0.867924332619]
        mean: [0.125599861145, 0.107313655317, 0.123914800584, 0.214938983321, 0.193480208516, 0.114150695503, 0.10094820708, 0.0880839005113, 0.114685319364, 0.150673344731, 0.123018167913, 0.0805576518178, 0.0643399879336, 0.0736198499799, 0.140927672386, 0.232568085194, 0.199077636003, 0.0918447449803, 0.0469051189721, 0.0387898907065, 0.0393078364432, 0.0416186116636, 0.0658418163657, 0.20515370369, 0.352925390005, 0.269645750523, 0.115719825029, 0.0608042031527, 0.0828976556659, 0.38195976615, 0.649318575859, 0.421703845263, 0.153440997005, 0.0863847956061, 0.0528336986899, 0.0853711515665]
        min: [0.00233612535521, 0.00214480725117, 0.00104506663047, 0.00107283995021, 0.0016791082453, 0.00420858245343, 0.00258050789125, 0.00276154279709, 0.000174965229235, 0.000515748106409, 0.000854159123264, 0.00050101504894, 0.000256989529589, 0.000346919987351, 0.00344448373653, 0.00449557928368, 0.00333164772019, 0.000678152078763, 6.48513523629e-05, 7.01936878613e-05, 9.4245056971e-05, 0.000203115778277, 0.000187906742212, 0.00225870171562, 0.00340052135289, 0.00117945240345, 0.000845109287184, 0.000129462321638, 0.000250347802648, 0.00267892400734, 0.00708049535751, 0.00315251387656, 0.000506336509716, 0.000536636682227, 0.000126788712805, 0.00130848865956]
        var: [0.0320753194392, 0.0273623745888, 0.0276436340064, 0.0807931497693, 0.0625077560544, 0.0183603204787, 0.0182387214154, 0.0221949275583, 0.0301999095827, 0.0462094061077, 0.0286165010184, 0.0225695595145, 0.0214634221047, 0.0233275461942, 0.0328623354435, 0.0454619266093, 0.0472095236182, 0.0197885353118, 0.00651265541092, 0.00843857321888, 0.0103321736678, 0.0088229291141, 0.0116654112935, 0.0548100024462, 0.138470128179, 0.0892246514559, 0.0368407517672, 0.0209986753762, 0.0167154092342, 0.0844367444515, 0.149408325553, 0.0832015201449, 0.04728699103, 0.0311909336597, 0.00936332624406, 0.0181748922914]
    chords_histogram: [0, 0, 100, 0, 0, 0, 0, 0, 0, 0, 0, 0, 0, 0, 0, 0, 0, 0, 0, 0, 0, 0, 0, 0]
    thpcp: [1, 0.64945602417, 0.236310809851, 0.133039161563, 0.0813679173589, 0.131478071213, 0.193433344364, 0.165271192789, 0.190838217735, 0.331022381783, 0.297974228859, 0.17580075562, 0.155467912555, 0.135655909777, 0.176624119282, 0.232048407197, 0.189457342029, 0.124064914882, 0.0990884751081, 0.113380171359, 0.217039331794, 0.358172535896, 0.306594699621, 0.141447886825, 0.0722374543548, 0.0597393810749, 0.0605370588601, 0.0640958249569, 0.101401403546, 0.315952301025, 0.543531954288, 0.415274977684, 0.178217336535, 0.0936430990696, 0.127668693662, 0.58824712038]
    chords_key: "G"
    chords_scale: "minor"
    key_key: "C"
    key_scale: "minor"
    chords_progression: ["Gm", "Gm", "Gm", "Gm", "Gm", "Gm", "Gm", "Gm", "Gm", "Gm", "Gm", "Gm", "Gm", "Gm", "Gm", "Gm", "Gm", "Gm", "Gm", "Gm", "Gm", "Gm", "Gm", "Gm", "Gm", "Gm", "Gm", "Gm", "Gm", "Gm", "Gm", "Gm", "Gm", "Gm", "Gm", "Gm", "Gm", "Gm", "Gm", "Gm", "Gm", "Gm", "Gm", "Gm", "Gm", "Gm", "Gm", "Gm", "Gm", "Gm", "Gm", "Gm", "Gm", "Gm", "Gm", "Gm", "Gm", "Gm", "Gm", "Gm", "Gm", "Gm", "Gm", "Gm", "Gm", "Gm", "Gm", "Gm", "Gm", "Gm", "Gm", "Gm", "Gm", "Gm", "Gm", "Gm", "Gm", "Gm", "Gm", "Gm", "Gm", "Gm", "Gm", "Gm", "Gm", "Gm", "Gm", "Gm", "Gm", "Gm", "Gm", "Gm", "Gm", "Gm", "Gm", "Gm", "Gm", "Gm", "Gm", "Gm", "Gm", "Gm", "Gm", "Gm", "Gm", "Gm", "Gm", "Gm", "Gm", "Gm", "Gm", "Gm", "Gm", "Gm", "Gm", "Gm", "Gm", "Gm", "Gm", "Gm", "Gm", "Gm", "Gm", "Gm", "Gm", "Gm", "Gm", "Gm", "Gm", "Gm", "Gm", "Gm", "Gm", "Gm", "Gm", "Gm", "Gm", "Gm", "Gm", "Gm", "Gm", "Gm", "Gm", "Gm", "Gm", "Gm", "Gm", "Gm", "Gm", "Gm", "Gm", "Gm", "Gm", "Gm", "Gm", "Gm", "Gm", "Gm", "Gm", "Gm", "Gm", "Gm", "Gm", "Gm", "Gm", "Gm", "Gm", "Gm", "Gm", "Gm", "Gm", "Gm", "Gm", "Gm", "Gm", "Gm", "Gm", "Gm", "Gm", "Gm", "Gm", "Gm", "Gm", "Gm", "Gm", "Gm", "Gm", "Gm", "Gm", "Gm", "Gm", "Gm", "Gm", "Gm", "Gm", "Gm", "Gm", "Gm", "Gm", "Gm", "Gm", "Gm", "Gm", "Gm", "Gm", "Gm", "Gm", "Gm", "Gm", "Gm", "Gm", "Gm", "Gm", "Gm", "Gm", "Gm", "Gm"]
