
metadata:
    version:
        essentia: "1.2.2"
    audio_properties:
        analysis_sample_rate: 44100
        bitrate: 128
        channels: 2
        equal_loudness: 1
        length: 10.1093873978
        replay_gain: -10.4712200165
        downmix: "mix"
    tags:
        track: 27
        year: 0
        album: "Splitted by Mp3Splt v. 2.1"
        artist: "From 004.20 To 004.30"
        comment: "http://mp3splt.sf.net"
        genre: ""
        title: "05 People Get Real.mp3"

highlevel:
    ballroom:
        all:
            ChaChaCha: 0.0356745794415
            Jive: 0.0195215344429
            Quickstep: 0.00239732419141
            Rumba-American: 0.0016892622225
            Rumba-International: 0.025983421132
            Rumba-Misc: 0.0156828053296
            Samba: 0.894912421703
            Tango: 0.00168781145476
            VienneseWaltz: 0.00153382332064
            Waltz: 0.000916999881156
        probability: 0.894912421703
        value: "Samba"
    culture:
        all:
            non_western: 0.0144726810977
            western: 0.985527336597
        probability: 0.985527336597
        value: "western"
    gender:
        all:
            female: 0.662273406982
            male: 0.337726593018
        probability: 0.662273406982
        value: "female"
    genre_dortmund:
        all:
            alternative: 0.176249489188
            blues: 0.00243478734046
            electronic: 0.328215390444
            folkcountry: 0.0113617964089
            funksoulrnb: 0.00300346757285
            jazz: 0.0673503577709
            pop: 0.0843468680978
            raphiphop: 0.00846984609962
            rock: 0.318567991257
        probability: 0.328215390444
        value: "electronic"
    genre_electronica:
        all:
            ambient: 0.0423667058349
            dnb: 0.050065740943
            house: 0.0114160180092
            techno: 0.0835529267788
            trance: 0.812598586082
        probability: 0.812598586082
        value: "trance"
    genre_rosamerica:
        all:
            cla: 0.00476677948609
            dan: 0.512342751026
            hip: 0.0110236136243
            jaz: 0.00791560392827
            pop: 0.0292361713946
            rhy: 0.0229138769209
            roc: 0.409981131554
            spe: 0.00182008615229
        probability: 0.512342751026
        value: "dan"
    genre_tzanetakis:
        all:
            blu: 0.0257336851209
            cla: 0.014038647525
            cou: 0.0324094034731
            dis: 0.073739618063
            hip: 0.172242254019
            jaz: 0.0690008103848
            met: 0.136252403259
            pop: 0.296669840813
            reg: 0.0553541444242
            roc: 0.1245592013
        probability: 0.296669840813
        value: "pop"
    live_studio:
        all:
            live: 0.127822563052
            studio: 0.872177422047
        probability: 0.872177422047
        value: "studio"
    mood:
        all:
            Cluster1: 0.109618358314
            Cluster2: 0.00631148740649
            Cluster3: 0.00901065953076
            Cluster4: 0.0013793077087
            Cluster5: 0.873680174351
        probability: 0.873680174351
        value: "Cluster5"
    mood_acoustic:
        all:
            acoustic: 0.0283887274563
            not_acoustic: 0.971611261368
        probability: 0.971611261368
        value: "not_acoustic"
    mood_aggressive:
        all:
            aggressive: 0.719443261623
            not_aggressive: 0.280556738377
        probability: 0.719443261623
        value: "aggressive"
    mood_electronic:
        all:
            electronic: 0.946100771427
            not_electronic: 0.053899243474
        probability: 0.946100771427
        value: "electronic"
    mood_happy:
        all:
            happy: 0.353028357029
            not_happy: 0.646971642971
        probability: 0.646971642971
        value: "not_happy"
    mood_party:
        all:
            not_party: 0.567296385765
            party: 0.432703614235
        probability: 0.567296385765
        value: "not_party"
    mood_relaxed:
        all:
            not_relaxed: 0.86209332943
            relaxed: 0.137906655669
        probability: 0.86209332943
        value: "not_relaxed"
    mood_sad:
        all:
            not_sad: 0.62609231472
            sad: 0.37390768528
        probability: 0.62609231472
        value: "not_sad"
    rhythm:
        all:
            fast: 0.298992574215
            medium: 0.395050227642
            slow: 0.305957168341
        probability: 0.395050227642
        value: "medium"
    speech_music:
        all:
            music: 0.999963998795
            speech: 3.5976710933e-05
        probability: 0.999963998795
        value: "music"
    timbre:
        all:
            bright: 0.173003733158
            dark: 0.826996266842
        probability: 0.826996266842
        value: "dark"
    voice_instrumental:
        all:
            instrumental: 0.842618644238
            voice: 0.157381340861
        probability: 0.842618644238
        value: "instrumental"

lowlevel:
    average_loudness: 0.976576507092
    barkbands_kurtosis:
        dmean: 2.21888446808
        dmean2: 3.77848172188
        dvar: 9.79741859436
        dvar2: 26.9770622253
        max: 25.532119751
        mean: 0.994932830334
        min: -1.78430342674
        var: 11.4741897583
    barkbands_skewness:
        dmean: 0.659441351891
        dmean2: 1.09819436073
        dvar: 0.328586876392
        dvar2: 0.89939135313
        max: 4.92585372925
        mean: 1.28804385662
        min: -0.860494971275
        var: 0.708236575127
    barkbands_spread:
        dmean: 8.95478057861
        dmean2: 14.8592624664
        dvar: 59.1452484131
        dvar2: 147.797286987
        max: 65.8900146484
        mean: 36.1029052734
        min: 6.84501409531
        var: 124.042747498
    dissonance:
        dmean: 0.0160866398364
        dmean2: 0.0265559218824
        dvar: 0.00021474485402
        dvar2: 0.000511883059517
        max: 0.498742938042
        mean: 0.468215793371
        min: 0.313728928566
        var: 0.000347657856764
    hfc:
        dmean: 2.00230526924
        dmean2: 3.05833125114
        dvar: 6.89358568192
        dvar2: 13.6367378235
        max: 22.2405605316
        mean: 5.01992416382
        min: 0.0261798817664
        var: 10.3706235886
    pitch:
        dmean: 831.15826416
        dmean2: 1626.84216309
        dvar: 2180733.5
        dvar2: 5283200
        max: 4410
        mean: 737.40814209
        min: 68.478263855
        var: 1755562.125
    pitch_instantaneous_confidence:
        dmean: 0.0839583575726
        dmean2: 0.140745937824
        dvar: 0.00436226744205
        dvar2: 0.0115565573797
        max: 0.64687359333
        mean: 0.361276686192
        min: 0.163100659847
        var: 0.00966126751155
    pitch_salience:
        dmean: 0.0865837335587
        dmean2: 0.148260131478
        dvar: 0.00561718875542
        dvar2: 0.0145647646859
        max: 0.833199858665
        mean: 0.574003219604
        min: 0.178234055638
        var: 0.0132576078176
    silence_rate_20dB:
        dmean: 0
        dmean2: 0
        dvar: 0
        dvar2: 0
        max: 1
        mean: 1
        min: 1
        var: 0
    silence_rate_30dB:
        dmean: 0
        dmean2: 0
        dvar: 0
        dvar2: 0
        max: 1
        mean: 1
        min: 1
        var: 0
    silence_rate_60dB:
        dmean: 0.128440365195
        dmean2: 0.255172401667
        dvar: 0.111943878233
        dvar2: 0.259024262428
        max: 1
        mean: 0.151029750705
        min: 0
        var: 0.12822021544
    spectral_centroid:
        dmean: 354.149841309
        dmean2: 583.143798828
        dvar: 103383.335938
        dvar2: 257105.53125
        max: 2932.26757812
        mean: 1007.49017334
        min: 220.234466553
        var: 217015.078125
    spectral_complexity:
        dmean: 3.18160915375
        dmean2: 5.06221199036
        dvar: 12.9808092117
        dvar2: 25.7449817657
        max: 34
        mean: 10.5986242294
        min: 0
        var: 21.5981044769
    spectral_crest:
        dmean: 2.85446715355
        dmean2: 4.94726514816
        dvar: 6.18038320541
        dvar2: 20.1886138916
        max: 21.4979858398
        mean: 8.26747512817
        min: 2.91237926483
        var: 11.0379905701
    spectral_decrease:
        dmean: 5.04514985344e-10
        dmean2: 8.45389314108e-10
        dvar: 2.94827513787e-19
        dvar2: 7.60507942326e-19
        max: -2.61885131636e-12
        mean: -1.30788468944e-09
        min: -5.55456391993e-09
        var: 4.80091129731e-19
    spectral_energy:
        dmean: 0.00198486098088
        dmean2: 0.00330048473552
        dvar: 4.45914929514e-06
        dvar2: 1.1183229617e-05
        max: 0.0214088112116
        mean: 0.00539157912135
        min: 1.22587180158e-05
        var: 7.44142562326e-06
    spectral_energyband_high:
        dmean: 0.000223555514822
        dmean2: 0.000351573573425
        dvar: 1.15892120789e-07
        dvar2: 2.12932661725e-07
        max: 0.00300501007587
        mean: 0.000388142070733
        min: 2.02035130314e-06
        var: 1.67553906749e-07
    spectral_energyband_low:
        dmean: 0.00132487318479
        dmean2: 0.00228484510444
        dvar: 2.89570903078e-06
        dvar2: 8.61852277012e-06
        max: 0.0167052503675
        mean: 0.00182202772703
        min: 2.07144853448e-06
        var: 3.54936423719e-06
    spectral_energyband_middle_high:
        dmean: 0.000347001332557
        dmean2: 0.00054899341194
        dvar: 1.59920105602e-07
        dvar2: 3.88572289012e-07
        max: 0.00339299975894
        mean: 0.000944832689129
        min: 4.53851498605e-06
        var: 2.20647706328e-07
    spectral_energyband_middle_low:
        dmean: 0.000961794343311
        dmean2: 0.00160597101785
        dvar: 1.2008702015e-06
        dvar2: 3.04951845465e-06
        max: 0.00985476654023
        mean: 0.00223651737906
        min: 2.38977804656e-06
        var: 1.94770018425e-06
    spectral_flatness_db:
        dmean: 0.0235957819968
        dmean2: 0.039777956903
        dvar: 0.000375055038603
        dvar2: 0.00106897810474
        max: 0.271365493536
        mean: 0.14288161695
        min: 0.0500974208117
        var: 0.000759457645472
    spectral_flux:
        dmean: 0.010166907683
        dmean2: 0.0152979306877
        dvar: 9.79576579994e-05
        dvar2: 0.000224499439355
        max: 0.111195743084
        mean: 0.0410602986813
        min: 0.00568444374949
        var: 0.000193232379388
    spectral_kurtosis:
        dmean: 0.758797347546
        dmean2: 1.24006450176
        dvar: 0.417438626289
        dvar2: 1.05837345123
        max: 5.13290596008
        mean: 1.46280419827
        min: -0.329191684723
        var: 0.79565435648
    spectral_rms:
        dmean: 0.00041077870992
        dmean2: 0.000674025854096
        dvar: 1.43846605738e-07
        dvar2: 3.36130739242e-07
        max: 0.00457019079477
        mean: 0.00222835550085
        min: 0.00010936052422
        var: 2.94507913168e-07
    spectral_rolloff:
        dmean: 1000.22937012
        dmean2: 1689.41320801
        dvar: 786507.8125
        dvar2: 1844464.5
        max: 4931.10351562
        mean: 2352.55102539
        min: 129.19921875
        var: 1704212.875
    spectral_skewness:
        dmean: 0.182014152408
        dmean2: 0.279246926308
        dvar: 0.0221705269068
        dvar2: 0.0560878403485
        max: 1.83826971054
        mean: 1.13548111916
        min: 0.587934732437
        var: 0.0495509430766
    spectral_spread:
        dmean: 785321.875
        dmean2: 1230112.75
        dvar: 763981332480
        dvar2: 1.56449243136e+12
        max: 13932851
        mean: 6474457
        min: 4079168.5
        var: 1.7040310272e+12
    spectral_strongpeak:
        dmean: 0.124270200729
        dmean2: 0.217127874494
        dvar: 0.0330786146224
        dvar2: 0.101796537638
        max: 1.69949245453
        mean: 0.214377254248
        min: 0
        var: 0.028532102704
    zerocrossingrate:
        dmean: 0.0125426547602
        dmean2: 0.0153651079163
        dvar: 9.27911096369e-05
        dvar2: 0.000146552745719
        max: 0.14697265625
        mean: 0.0733217000961
        min: 0.02392578125
        var: 0.000436834874563
    barkbands:
        dmean: [1.0900265579e-06, 0.000334462820319, 0.00112614454702, 0.000603112741373, 0.000424832338467, 0.000160091425641, 0.0001163169145, 4.77665525977e-05, 3.79332814191e-05, 6.21422877884e-05, 2.94409455819e-05, 1.37505121529e-05, 1.30456846819e-05, 5.29259159521e-05, 5.65134287172e-05, 3.11181684083e-05, 5.54544603801e-05, 8.60969666974e-05, 0.00014065700816, 0.000123992489534, 0.0001069092541, 3.98792508349e-05, 1.71096908161e-05, 1.14844633572e-05, 4.47725187769e-06, 6.77011442463e-08, 3.6390182534e-10]
        dmean2: [1.96602013602e-06, 0.000570254866034, 0.0019736813847, 0.0010236086091, 0.000687567866407, 0.000278655585134, 0.000183544994798, 7.96477979748e-05, 6.50670554023e-05, 8.94864933798e-05, 4.67691170343e-05, 2.33693754126e-05, 2.13353505387e-05, 8.97930076462e-05, 9.84762300504e-05, 5.01063623233e-05, 9.32585826376e-05, 0.000142070726724, 0.000238164997427, 0.000195546046598, 0.000173425651155, 6.30347713013e-05, 2.88266764983e-05, 1.87516270671e-05, 7.29827070245e-06, 1.10771701145e-07, 6.39631625443e-10]
        dvar: [3.08654360751e-12, 1.70229839114e-07, 2.64575328401e-06, 5.32648812168e-07, 2.77743225752e-07, 5.36315347688e-08, 2.04213659316e-08, 5.66204150232e-09, 3.34747340958e-09, 4.54862325583e-09, 1.18055742959e-09, 1.85776491413e-10, 2.3656235304e-10, 3.31429350631e-09, 4.28895807758e-09, 9.21275999932e-10, 3.08395731174e-09, 1.48783296794e-08, 3.29377378705e-08, 2.26311023255e-08, 3.34521033096e-08, 4.46291448242e-09, 5.56264978524e-10, 2.53921605964e-10, 5.06510007547e-11, 1.28378863055e-14, 2.64639521143e-18]
        dvar2: [8.97578452536e-12, 4.51451086292e-07, 8.02535942057e-06, 1.44502462263e-06, 7.19592435416e-07, 1.6406004022e-07, 5.09416935301e-08, 1.61568660673e-08, 8.782686578e-09, 9.1911278588e-09, 2.38759079174e-09, 4.84774498322e-10, 5.55519408252e-10, 9.68565228021e-09, 1.16930118921e-08, 2.25163754308e-09, 8.47694359152e-09, 4.00658528577e-08, 8.80519976931e-08, 4.90321703239e-08, 6.24106846203e-08, 9.67150448616e-09, 1.33356603538e-09, 6.09686245934e-10, 1.27057253607e-10, 3.21339058606e-14, 6.83761680484e-18]
        max: [2.02040901058e-05, 0.00325095350854, 0.0148107353598, 0.00659408047795, 0.0056210514158, 0.00191001035273, 0.00152636563871, 0.000806106661912, 0.000387144711567, 0.000914871692657, 0.000272459525149, 0.000117083167424, 0.000125893377117, 0.000513039994985, 0.000486968056066, 0.000260822154814, 0.000399596174248, 0.00107368442696, 0.00151355401613, 0.00147828145418, 0.00143282453064, 0.000623341533355, 0.000145724596223, 8.37199986563e-05, 3.77059513994e-05, 7.03598118434e-07, 2.56262495668e-08]
        mean: [1.24739926832e-06, 0.000480618677102, 0.00134022545535, 0.000795625150204, 0.000785835029092, 0.000261967972619, 0.000274754303973, 6.71907037031e-05, 4.90240454383e-05, 9.90104745142e-05, 5.14296261827e-05, 2.17414763029e-05, 2.04891166504e-05, 8.69042414706e-05, 8.48694253364e-05, 5.39871434739e-05, 8.98188081919e-05, 0.00012338210945, 0.000212352111703, 0.000230829187785, 0.000164189885254, 5.5671298469e-05, 2.28720928135e-05, 1.31072174554e-05, 4.36948403149e-06, 7.13794818807e-08, 2.72796119027e-10]
        min: [8.94729845768e-10, 4.3847114739e-07, 9.1285119197e-07, 6.91856598678e-07, 4.96577058584e-07, 4.94363575854e-07, 2.1526076921e-07, 2.55709153407e-07, 2.2464124072e-07, 1.19251396313e-07, 4.13990690618e-08, 1.04590476724e-07, 2.12974757829e-08, 7.38827878877e-08, 2.82994477629e-07, 4.83133646867e-07, 5.21526374087e-07, 2.3191695675e-07, 1.15736770567e-06, 1.20045808671e-06, 4.89830711103e-07, 5.35039021088e-07, 2.1090298219e-07, 1.73912468426e-07, 4.99134102938e-08, 1.67335936774e-11, 1.46559983117e-13]
        var: [2.23754825432e-12, 2.21424983238e-07, 3.01660156765e-06, 6.96691188296e-07, 4.4938039423e-07, 7.52482733901e-08, 6.65927473165e-08, 4.83390172334e-09, 2.96808755351e-09, 1.0677115192e-08, 2.16812279241e-09, 2.85446749571e-10, 3.16868836725e-10, 6.53049747612e-09, 6.72651312428e-09, 1.57972146475e-09, 3.97770927307e-09, 1.49902312785e-08, 3.38428911562e-08, 3.42387345142e-08, 4.43195098399e-08, 5.61955326717e-09, 5.69277847084e-10, 2.52254023225e-10, 4.46296090362e-11, 1.26600161628e-14, 1.57750497926e-18]
    mfcc:
        mean: [-691.904296875, 99.1297302246, -6.9645447731, 61.8740844727, -2.01911234856, 6.42810440063, -0.236865192652, -2.2626042366, -0.765131175518, 3.28115344048, -9.62448120117, -7.36994028091, -6.37814903259]
        cov: [[876.636901855, -247.473220825, 56.9709014893, -28.8378772736, -34.0087471008, -32.7753753662, -13.3436660767, -29.0373096466, -25.4684066772, -55.2888870239, 4.8717751503, 8.05908107758, -35.294593811], [-247.473220825, 326.83972168, -55.0548629761, 70.0077896118, 10.0269384384, 36.6244888306, 7.77222537994, 5.08156394958, 12.9488124847, 28.5952320099, -10.396150589, -5.32885169983, 12.7022733688], [56.9709014893, -55.0548629761, 171.541412354, -42.975440979, 35.1198768616, -5.15038824081, 14.8225831985, 10.7050533295, 7.29883337021, 1.13386702538, 4.15556240082, -2.69883084297, -4.33565092087], [-28.8378772736, 70.0077896118, -42.975440979, 115.845336914, 8.04348182678, 17.3334465027, -7.17148780823, -2.03596305847, 0.655441641808, -7.6236743927, -10.692117691, 5.88249111176, 12.4931621552], [-34.0087471008, 10.0269384384, 35.1198768616, 8.04348182678, 74.2024307251, 17.2479362488, 16.5494976044, 11.2276525497, -2.21120405197, 11.9711198807, 4.23181915283, 3.77854013443, 3.04697179794], [-32.7753753662, 36.6244888306, -5.15038824081, 17.3334465027, 17.2479362488, 61.9420623779, 13.387421608, 9.85812187195, 8.70480442047, 14.3914422989, 6.07106781006, -2.31008934975, -8.82771015167], [-13.3436660767, 7.77222537994, 14.8225831985, -7.17148780823, 16.5494976044, 13.387421608, 51.5915374756, 23.3275623322, 5.59125232697, 8.72563171387, 1.19411313534, -9.16398525238, -8.83323955536], [-29.0373096466, 5.08156394958, 10.7050533295, -2.03596305847, 11.2276525497, 9.85812187195, 23.3275623322, 47.7915763855, 17.4367103577, 9.3766708374, -1.66174614429, -2.26494836807, -4.67594528198], [-25.4684066772, 12.9488124847, 7.29883337021, 0.655441641808, -2.21120405197, 8.70480442047, 5.59125232697, 17.4367103577, 40.1831054688, 12.1561288834, 1.08879101276, -0.611839413643, -3.51221442223], [-55.2888870239, 28.5952320099, 1.13386702538, -7.6236743927, 11.9711198807, 14.3914422989, 8.72563171387, 9.3766708374, 12.1561288834, 51.2543830872, 17.4060649872, -1.17487740517, -5.26572322845], [4.8717751503, -10.396150589, 4.15556240082, -10.692117691, 4.23181915283, 6.07106781006, 1.19411313534, -1.66174614429, 1.08879101276, 17.4060649872, 43.3750839233, 11.0904903412, 2.6982421875], [8.05908107758, -5.32885169983, -2.69883084297, 5.88249111176, 3.77854013443, -2.31008934975, -9.16398525238, -2.26494836807, -0.611839413643, -1.17487740517, 11.0904903412, 43.39270401, 17.378534317], [-35.294593811, 12.7022733688, -4.33565092087, 12.4931621552, 3.04697179794, -8.82771015167, -8.83323955536, -4.67594528198, -3.51221442223, -5.26572322845, 2.6982421875, 17.378534317, 46.3271522522]]
        icov: [[0.00164744269568, 0.00107109278906, -0.00049388356274, -0.000578983861487, 0.000697287439834, 4.92177023261e-05, -0.000300819985569, 0.000702365359757, 0.000378927215934, 0.00103558169212, -0.000410858308896, -0.00066059170058, 0.00146657158621], [0.00107109278906, 0.00487911934033, 0.00048420051462, -0.00230016908608, 0.000475663371617, -0.00142694707029, -0.000890075985808, 0.00111493316945, -0.000413366797147, -0.00215528067201, 0.00149048352614, 0.000331913644914, -0.000704168342054], [-0.00049388356274, 0.00048420051462, 0.00800370331854, 0.0028004643973, -0.00469653587788, 0.000883125409018, -0.000650059781037, -3.57260360033e-05, -0.00265427026898, 0.00101786269806, -6.97937139194e-05, 0.000815613486338, -0.000552995072212], [-0.000578983861487, -0.00230016908608, 0.0028004643973, 0.0123525997624, -0.00283515243791, -0.00285390671343, 0.00189707672689, -0.000214705694816, -0.00121516059153, 0.00291730626486, 0.00208908435889, -0.000647314591333, -0.00253617833368], [0.000697287439834, 0.000475663371617, -0.00469653587788, -0.00283515243791, 0.0192742682993, -0.00394593039528, -0.00378866423853, -0.0020341493655, 0.00552709819749, -0.0039276513271, 0.000624038802925, -0.00240803905763, -0.00138188234996], [4.92177023261e-05, -0.00142694707029, 0.000883125409018, -0.00285390671343, -0.00394593039528, 0.0215382799506, -0.00306632369757, -0.000395211449359, -0.00282787950709, -0.00190222146921, -0.00312454230152, -0.000146265258081, 0.00482639344409], [-0.000300819985569, -0.000890075985808, -0.000650059781037, 0.00189707672689, -0.00378866423853, -0.00306632369757, 0.028677450493, -0.0128967734054, 0.00254136906005, -0.000106281346234, -0.00152504513972, 0.00494555803016, 0.00168777583167], [0.000702365359757, 0.00111493316945, -3.57260360033e-05, -0.000214705694816, -0.0020341493655, -0.000395211449359, -0.0128967734054, 0.0328315347433, -0.0120213376358, -0.00138927297667, 0.00337856519036, -0.00219300226308, 0.000753775180783], [0.000378927215934, -0.000413366797147, -0.00265427026898, -0.00121516059153, 0.00552709819749, -0.00282787950709, 0.00254136906005, -0.0120213376358, 0.0335440151393, -0.00648091826588, 0.00115600973368, -0.00126864283811, 0.00106515921652], [0.00103558169212, -0.00215528067201, 0.00101786269806, 0.00291730626486, -0.0039276513271, -0.00190222146921, -0.000106281346234, -0.00138927297667, -0.00648091826588, 0.0299391690642, -0.0119274510071, 0.0017772418214, 0.00336348381825], [-0.000410858308896, 0.00149048352614, -6.97937139194e-05, 0.00208908435889, 0.000624038802925, -0.00312454230152, -0.00152504513972, 0.00337856519036, 0.00115600973368, -0.0119274510071, 0.0314383842051, -0.00793533399701, -0.00200018682517], [-0.00066059170058, 0.000331913644914, 0.000815613486338, -0.000647314591333, -0.00240803905763, -0.000146265258081, 0.00494555803016, -0.00219300226308, -0.00126864283811, 0.0017772418214, -0.00793533399701, 0.030721815303, -0.0104478066787], [0.00146657158621, -0.000704168342054, -0.000552995072212, -0.00253617833368, -0.00138188234996, 0.00482639344409, 0.00168777583167, 0.000753775180783, 0.00106515921652, 0.00336348381825, -0.00200018682517, -0.0104478066787, 0.0294354464859]]
    spectral_contrast:
        mean: [2.37286471361e-07, 5.30682982003e-08, 3.27569210867e-07, 3.54996245733e-07, 9.28314989324e-07, 3.91463061078e-07, 1.53317913032e-07, -6.11904567904e-07, -5.26776557308e-06, -2.12485088014e-06, -2.15779755308e-06, 1.5956545667e-06]
        var: [0.000266160321189, 0.000334422802553, 0.000828477262985, 0.00136376183946, 0.00210584979504, 0.00421708077192, 0.0309680905193, 0.0641027465463, 0.0992878377438, 0.147777795792, 0.231506556273, 0.604605317116]

rhythm:
    beats_loudness:
        dmean: 0.00391571689397
        dmean2: 0.00703642331064
        dvar: 1.50872574523e-05
        dvar2: 3.70247653336e-05
        max: 0.0190923400223
        mean: 0.00724674761295
        min: 0.00340712326579
        var: 1.44721907418e-05
    beats_loudness_bass:
        dmean: 0.299642831087
        dmean2: 0.575524866581
        dvar: 0.0397778861225
        dvar2: 0.10639321059
        max: 0.883125305176
        mean: 0.379347652197
        min: 0.065740481019
        var: 0.05113414675
    bpm: 116.99521637
    bpm_confidence: 0
    first_peak_bpm: 117
    first_peak_spread: 0
    first_peak_weight: 0.947368443012
    onset_rate: 6.33074951172
    second_peak_bpm: 106
    second_peak_spread: 0
    second_peak_weight: 0.0526315793395
    beats_position: [0.0350241214037, 0.548129916191, 1.06123566628, 1.57434129715, 2.08744716644, 2.60055303574, 3.11365890503, 3.62676477432, 4.13987064362, 4.65297651291, 5.1660823822, 5.6791882515, 6.24658155441, 6.75916433334, 7.27174663544, 7.78432941437, 8.2969121933, 8.80949497223, 9.32207775116, 9.83466053009]
    bpm_estimates: [116.997406006, 116.887481689, 117.381347656, 117.02016449, 116.992401123, 116.716835022, 116.826332092, 116.707603455, 116.829322815, 116.993484497, 117.252586365, 116.888824463, 117.343345642, 116.257400513, 117.419799805, 117.34022522, 116.865898132, 117.128364563, 116.987258911, 117.068054199]
    bpm_intervals: [0.513105809689, 0.513105750084, 0.513105630875, 0.513105869293, 0.513105869293, 0.513105869293, 0.513105869293, 0.513105869293, 0.513105869293, 0.513105869293, 0.513105869293, 0.567393302917, 0.512582778931, 0.512582302094, 0.512582778931, 0.512582778931, 0.512582778931, 0.512582778931, 0.512582778931]
    onset_times: [0.0348299331963, 0.162539675832, 0.290249437094, 0.417959183455, 0.53405892849, 0.801088452339, 0.9287981987, 1.18421769142, 1.32353746891, 1.45124721527, 1.5673469305, 1.83437645435, 1.96208620071, 2.10140585899, 2.2523355484, 2.35682535172, 2.5890250206, 2.76317453384, 2.86766433716, 2.99537420273, 3.25079369545, 3.3785033226, 3.63392281532, 3.88934230804, 4.051882267, 4.1679816246, 4.29569149017, 4.42340135574, 4.57433128357, 4.67882108688, 4.841360569, 4.94585037231, 5.05034017563, 5.20126962662, 5.31736946106, 5.45668935776, 5.58439922333, 5.70049905777, 5.9675283432, 6.11845827103, 6.24616765976, 6.48997735977, 6.62929725647, 6.74539661407, 6.98920631409, 7.12852621078, 7.26784563065, 7.38394546509, 7.52326536179, 7.77868461609, 8.0224943161, 8.31274414062, 8.45206356049, 8.55655288696, 8.6958732605, 8.80036258698, 8.97451210022, 9.06739234924, 9.18349170685, 9.33442211151, 9.45052146912, 9.58984088898, 9.84526062012, 10.0890703201]
    rubato_start: []
    rubato_stop: []
    perceptual_tempo: "unknown"

sfx:
    inharmonicity:
        dmean: 0.0254077818245
        dmean2: 0.0448336787522
        dvar: 0.000823275186121
        dvar2: 0.00230711256154
        max: 0.227975100279
        mean: 0.0265846028924
        min: 0
        var: 0.000918890640605
    oddtoevenharmonicenergyratio:
        dmean: 1.03916454315
        dmean2: 1.9367235899
        dvar: 11.7235898972
        dvar2: 34.435344696
        max: 42.8829193115
        mean: 0.677667558193
        min: 0
        var: 6.56878709793
    pitch_after_max_to_before_max_energy_ratio: 29.2179946899
    pitch_centroid: 228.429412842
    pitch_max_to_total: 0.0550458729267
    pitch_min_to_total: 0.272935777903
    tristimulus:
        dmean: [0.24246942997, 0.211441352963, 0.118940092623]
        dmean2: [0.42807918787, 0.374938517809, 0.20929287374]
        dvar: [0.0353016331792, 0.0303416140378, 0.0117086041719]
        dvar2: [0.0967290848494, 0.083353176713, 0.0338065549731]
        max: [1, 0.91345089674, 0.569424986839]
        mean: [0.538566946983, 0.312729001045, 0.124444462359]
        min: [0.0406339392066, 0, 0]
        var: [0.0572308562696, 0.0412716120481, 0.0144852725789]

tonal:
    chords_changes_rate: 0.0228310506791
    chords_number_rate: 0.0136986300349
    chords_strength:
        dmean: 0.00575009873137
        dmean2: 0.00615713652223
        dvar: 2.51947094512e-05
        dvar2: 2.42630449065e-05
        max: 0.630113959312
        mean: 0.522820055485
        min: 0.366185128689
        var: 0.00334651744924
    key_strength: 0.822166264057
    tuning_diatonic_strength: 0.62193518877
    tuning_equal_tempered_deviation: 0.100837551057
    tuning_frequency: 437.971466064
    tuning_nontempered_energy_ratio: 0.673082232475
    hpcp:
        dmean: [0.106439650059, 0.131534457207, 0.157740607858, 0.18002641201, 0.182805597782, 0.132109761238, 0.103174999356, 0.0931758955121, 0.107279635966, 0.144173249602, 0.172556713223, 0.232181727886, 0.249548137188, 0.25012332201, 0.189142331481, 0.165142089128, 0.134420111775, 0.135710373521, 0.166634276509, 0.116877689958, 0.0929899066687, 0.0881981700659, 0.101983480155, 0.106462016702, 0.11463521421, 0.0972269326448, 0.10335727036, 0.0950596407056, 0.0837289094925, 0.067232683301, 0.0665349289775, 0.0979423448443, 0.169774666429, 0.19763790071, 0.138108640909, 0.0936616137624]
        dmean2: [0.194072633982, 0.232821345329, 0.276219844818, 0.312387436628, 0.319758176804, 0.236547604203, 0.18987724185, 0.174114003778, 0.198712050915, 0.26610276103, 0.320306360722, 0.405440181494, 0.413149893284, 0.440807372332, 0.339215785265, 0.306820482016, 0.242565959692, 0.239724978805, 0.294476658106, 0.207866638899, 0.164233073592, 0.163621813059, 0.189102053642, 0.183540225029, 0.202973499894, 0.174736440182, 0.177038624883, 0.156545266509, 0.148851573467, 0.115125134587, 0.114106871188, 0.175429999828, 0.287472486496, 0.340535312891, 0.231545835733, 0.170828670263]
        dvar: [0.0420366749167, 0.0533240698278, 0.0521405376494, 0.0558273643255, 0.0594429299235, 0.0413594506681, 0.0318278037012, 0.0295393392444, 0.029815915972, 0.047619111836, 0.0562427900732, 0.060663767159, 0.0572800636292, 0.0685654059052, 0.0578727982938, 0.0522238537669, 0.0413892939687, 0.0353702269495, 0.0522566623986, 0.0359858684242, 0.0336639545858, 0.0347622036934, 0.0403956621885, 0.0212361309677, 0.0244339164346, 0.0207532197237, 0.0287736859173, 0.033926166594, 0.0233644451946, 0.0156604163349, 0.0167080331594, 0.0314551182091, 0.0302269496024, 0.0393035709858, 0.0202859304845, 0.0314628556371]
        dvar2: [0.120118066669, 0.159452214837, 0.136495679617, 0.133740216494, 0.171231001616, 0.131333962083, 0.0969316661358, 0.0821868032217, 0.0874406397343, 0.128816515207, 0.14143872261, 0.153177544475, 0.132071197033, 0.180097907782, 0.172268390656, 0.155199572444, 0.105282031, 0.0983296558261, 0.144455090165, 0.0936124622822, 0.093361645937, 0.098170042038, 0.120311066508, 0.0623217523098, 0.0655735358596, 0.0564786233008, 0.0706422701478, 0.0692165717483, 0.0618959143758, 0.0385614447296, 0.0359476320446, 0.0904102995992, 0.0845013260841, 0.103897616267, 0.0492520742118, 0.0865999981761]
        max: [1, 1, 1, 1, 1, 1, 1, 1, 1, 1, 1, 1, 1, 1, 1, 1, 1, 1, 1, 1, 1, 1, 1, 0.915386915207, 0.999447822571, 1, 1, 1, 1, 0.931209266186, 1, 1, 1, 1, 1, 1]
        mean: [0.0797285810113, 0.10605994612, 0.204813286662, 0.264372587204, 0.19748800993, 0.12073507905, 0.0850101113319, 0.0790480673313, 0.10893574357, 0.14256079495, 0.168860659003, 0.281109541655, 0.391550391912, 0.309792935848, 0.174060493708, 0.133944243193, 0.12977746129, 0.155827894807, 0.166665092111, 0.116901241243, 0.0800799950957, 0.0769073069096, 0.0779265314341, 0.110989332199, 0.130211874843, 0.09947745502, 0.143665805459, 0.184636026621, 0.109108671546, 0.0559026114643, 0.0527280755341, 0.0868264809251, 0.331606417894, 0.456009089947, 0.23046836257, 0.0815847888589]
        min: [0.00109895516653, 0.00134172395337, 0.0027243043296, 0.00211796420626, 0.00397130008787, 0.00779553037137, 0.00584276486188, 0.00472128018737, 0.00411133794114, 0.00337877613492, 0.0042865537107, 0.00456401426345, 0.00407397188246, 0.00441926671192, 0.0038277420681, 0.00159396533854, 0.00206081126817, 0.00518518267199, 0.00730888964608, 0.00457466812804, 0.000715591886546, 0.000877126120031, 0.00136910972651, 0.00200236518867, 0.00214902032167, 0.00250945123844, 0.00187612010632, 0.00096269021742, 0.00124797376338, 0.00182541937102, 0.00134666613303, 0.00251998193562, 0.00673056254163, 0.0112601649016, 0.0100102638826, 0.00138020340819]
        var: [0.0283370763063, 0.0397360809147, 0.0722332149744, 0.0967152789235, 0.0619133152068, 0.0363946668804, 0.0249158591032, 0.0235923919827, 0.022370968014, 0.0390948280692, 0.0583621561527, 0.0762602910399, 0.104387551546, 0.096754476428, 0.056758467108, 0.0458807498217, 0.049513977021, 0.0433586537838, 0.0493997111917, 0.0370244681835, 0.0337396599352, 0.036096509546, 0.0318039208651, 0.019685767591, 0.0271088574082, 0.0191633664072, 0.0576924048364, 0.100929163396, 0.0341008342803, 0.0131133999676, 0.0143669350073, 0.0242320057005, 0.071695074439, 0.110761813819, 0.040637422353, 0.0261946264654]
    chords_histogram: [53.4246559143, 0, 0.91324198246, 0, 0, 0, 0, 0, 0, 0, 0, 0, 0, 0, 0, 0, 0, 13.2420091629, 0, 0, 0, 0, 32.4200897217, 0]
    thpcp: [1, 0.505402982235, 0.178910449147, 0.174839898944, 0.232582971454, 0.449142992496, 0.579752862453, 0.433079093695, 0.264764636755, 0.186421960592, 0.173347562551, 0.238889411092, 0.312627077103, 0.370301067829, 0.616456031799, 0.858646035194, 0.67935693264, 0.381704002619, 0.293731510639, 0.284594029188, 0.34172102809, 0.365486323833, 0.256357252598, 0.175610527396, 0.168653011322, 0.170888110995, 0.243392810225, 0.285546660423, 0.218147963285, 0.315050303936, 0.404895484447, 0.239268630743, 0.122591003776, 0.115629442036, 0.190405160189, 0.7271925807]
    chords_key: "C#"
    chords_scale: "major"
    key_key: "C#"
    key_scale: "major"
    chords_progression: ["C#", "C#", "C#", "C#", "C#", "C#", "C#", "C#", "C#", "C#", "C#", "C#", "C#", "C#", "C#", "C#", "C#", "C#", "C#", "C#", "C#", "C#", "C#", "C#", "C#", "C#", "C#", "C#", "C#", "C#", "C#", "C#", "C#", "C#", "C#", "C#", "C#", "C#", "C#", "C#", "C#", "C#", "C#", "C#", "C#", "C#", "C#", "C#", "C#", "C#", "C#", "C#", "C#", "C#", "C#", "C#", "C#", "C#", "C#", "G#", "G#", "C#", "C#", "C#", "C#", "C#", "C#", "C#", "C#", "C#", "C#", "C#", "C#", "C#", "C#", "C#", "C#", "C#", "C#", "C#", "C#", "C#", "C#", "C#", "C#", "C#", "C#", "C#", "C#", "C#", "C#", "C#m", "C#m", "C#m", "C#m", "C#m", "C#m", "C#m", "C#m", "C#m", "C#m", "C#m", "C#m", "C#m", "C#m", "C#m", "C#m", "C#m", "C#m", "C#m", "C#m", "C#m", "C#m", "C#m", "C#m", "C#m", "C#m", "C#m", "C#m", "C#m", "C#", "C#", "C#", "C#", "C#", "C#", "C#", "C#", "C#", "C#", "C#", "C#", "C#", "C#", "C#", "C#", "C#", "C#", "C#", "C#", "C#", "C#", "C#", "C#", "C#", "C#", "C#", "C#", "F#", "F#", "F#", "F#", "F#", "F#", "F#", "F#", "F#", "F#", "F#", "F#", "F#", "F#", "F#", "F#", "F#", "F#", "F#", "F#", "F#", "F#", "F#", "F#", "F#", "F#", "F#", "F#", "F#", "F#", "F#", "F#", "F#", "F#", "F#", "F#", "F#", "F#", "F#", "F#", "F#", "F#", "F#", "F#", "F#", "F#", "F#", "F#", "F#", "F#", "F#", "F#", "F#", "F#", "F#", "F#", "F#", "F#", "F#", "F#", "F#", "F#", "F#", "F#", "F#", "F#", "F#", "F#", "F#", "F#", "F#"]
