
metadata:
    version:
        essentia: "1.2.2"
    audio_properties:
        analysis_sample_rate: 44100
        bitrate: 128
        channels: 2
        equal_loudness: 1
        length: 10.0310201645
        replay_gain: 3.12494468689
        downmix: "mix"
    tags:
        track: 1
        year: 0
        album: "Splitted by Mp3Splt v. 2.1"
        artist: "From 000.00 To 000.10"
        comment: "http://mp3splt.sf.net"
        genre: ""
        title: "02 My Confession.mp3"

highlevel:
    ballroom:
        all:
            ChaChaCha: 0.015586020425
            Jive: 0.00256242416799
            Quickstep: 0.00602517835796
            Rumba-American: 0.0173949338496
            Rumba-International: 0.249524414539
            Rumba-Misc: 0.262883156538
            Samba: 0.00578504614532
            Tango: 0.0848834887147
            VienneseWaltz: 0.194482401013
            Waltz: 0.160872921348
        probability: 0.262883156538
        value: "Rumba-Misc"
    culture:
        all:
            non_western: 0.10155723244
            western: 0.898442745209
        probability: 0.898442745209
        value: "western"
    gender:
        all:
            female: 0.914970219135
            male: 0.0850297659636
        probability: 0.914970219135
        value: "female"
    genre_dortmund:
        all:
            alternative: 0.0606594234705
            blues: 0.0401775315404
            electronic: 0.0808436870575
            folkcountry: 0.10323946923
            funksoulrnb: 0.0257185827941
            jazz: 0.566575169563
            pop: 0.0633400529623
            raphiphop: 0.00930069480091
            rock: 0.0501454025507
        probability: 0.566575169563
        value: "jazz"
    genre_electronica:
        all:
            ambient: 0.535280764103
            dnb: 0.0129623543471
            house: 0.386889904737
            techno: 0.0522147230804
            trance: 0.0126522416249
        probability: 0.535280764103
        value: "ambient"
    genre_rosamerica:
        all:
            cla: 0.0667724609375
            dan: 0.116776905954
            hip: 0.0475564673543
            jaz: 0.172731518745
            pop: 0.173269554973
            rhy: 0.288261324167
            roc: 0.11041624099
            spe: 0.0242155436426
        probability: 0.288261324167
        value: "rhy"
    genre_tzanetakis:
        all:
            blu: 0.136328145862
            cla: 0.0672921538353
            cou: 0.150668695569
            dis: 0.0539104603231
            hip: 0.0269041843712
            jaz: 0.11991468817
            met: 0.0102119380608
            pop: 0.226092472672
            reg: 0.0789201930165
            roc: 0.129757076502
        probability: 0.226092472672
        value: "pop"
    live_studio:
        all:
            live: 0.0660423710942
            studio: 0.933957636356
        probability: 0.933957636356
        value: "studio"
    mood:
        all:
            Cluster1: 0.107097797096
            Cluster2: 0.340023487806
            Cluster3: 0.364773899317
            Cluster4: 0.145309746265
            Cluster5: 0.0427950806916
        probability: 0.364773899317
        value: "Cluster3"
    mood_acoustic:
        all:
            acoustic: 0.797356903553
            not_acoustic: 0.202643081546
        probability: 0.797356903553
        value: "acoustic"
    mood_aggressive:
        all:
            aggressive: 6.79123286318e-06
            not_aggressive: 0.99999320507
        probability: 0.99999320507
        value: "not_aggressive"
    mood_electronic:
        all:
            electronic: 0.534819483757
            not_electronic: 0.465180546045
        probability: 0.534819483757
        value: "electronic"
    mood_happy:
        all:
            happy: 0.0200543720275
            not_happy: 0.979945600033
        probability: 0.979945600033
        value: "not_happy"
    mood_party:
        all:
            not_party: 0.972319245338
            party: 0.0276807714254
        probability: 0.972319245338
        value: "not_party"
    mood_relaxed:
        all:
            not_relaxed: 0.0203306209296
            relaxed: 0.979669392109
        probability: 0.979669392109
        value: "relaxed"
    mood_sad:
        all:
            not_sad: 0.116790413857
            sad: 0.883209586143
        probability: 0.883209586143
        value: "sad"
    rhythm:
        all:
            fast: 0.080407448113
            medium: 0.850924313068
            slow: 0.0686682611704
        probability: 0.850924313068
        value: "medium"
    speech_music:
        all:
            music: 0.988128066063
            speech: 0.0118719190359
        probability: 0.988128066063
        value: "music"
    timbre:
        all:
            bright: 0.0232116132975
            dark: 0.976788401604
        probability: 0.976788401604
        value: "dark"
    voice_instrumental:
        all:
            instrumental: 1
            voice: 2.8237540306e-08
        probability: 1
        value: "instrumental"

lowlevel:
    average_loudness: 0.959077119827
    barkbands_kurtosis:
        dmean: 3.28537988663
        dmean2: 5.04216814041
        dvar: 28.8645324707
        dvar2: 58.217338562
        max: 54.664276123
        mean: 5.894551754
        min: -1.30769217014
        var: 55.1936035156
    barkbands_skewness:
        dmean: 0.529909551144
        dmean2: 0.786853790283
        dvar: 0.355150520802
        dvar2: 0.738661408424
        max: 5.71690368652
        mean: 1.50376856327
        min: -1.17575824261
        var: 1.0593239069
    barkbands_spread:
        dmean: 1.92196619511
        dmean2: 2.85389733315
        dvar: 6.57468700409
        dvar2: 12.4661312103
        max: 32.6269111633
        mean: 7.94309997559
        min: 0.546890974045
        var: 39.5087738037
    dissonance:
        dmean: 0.0396475940943
        dmean2: 0.0656185299158
        dvar: 0.00124017067719
        dvar2: 0.00341484323144
        max: 0.493425190449
        mean: 0.367893338203
        min: 0.13270534575
        var: 0.00507722515613
    hfc:
        dmean: 0.648950457573
        dmean2: 1.01748132706
        dvar: 3.12729334831
        dvar2: 8.10625648499
        max: 17.1048851013
        mean: 1.82357096672
        min: 0.00239633210003
        var: 4.35101604462
    pitch:
        dmean: 67.5242614746
        dmean2: 129.536849976
        dvar: 13296.6513672
        dvar2: 33962.9648438
        max: 900
        mean: 261.544769287
        min: 62.0253181458
        var: 17918.0644531
    pitch_instantaneous_confidence:
        dmean: 0.0896812528372
        dmean2: 0.139154374599
        dvar: 0.00783624500036
        dvar2: 0.0186483673751
        max: 0.944535851479
        mean: 0.603773474693
        min: 0.169350266457
        var: 0.0414068996906
    pitch_salience:
        dmean: 0.0685458779335
        dmean2: 0.1121680215
        dvar: 0.00422926526517
        dvar2: 0.0113151567057
        max: 0.829068601131
        mean: 0.524871468544
        min: 0.292835563421
        var: 0.0138854067773
    silence_rate_20dB:
        dmean: 0
        dmean2: 0
        dvar: 0
        dvar2: 0
        max: 1
        mean: 1
        min: 1
        var: 0
    silence_rate_30dB:
        dmean: 0
        dmean2: 0
        dvar: 0
        dvar2: 0
        max: 1
        mean: 1
        min: 1
        var: 0
    silence_rate_60dB:
        dmean: 0.108235292137
        dmean2: 0.21462264657
        dvar: 0.0965205058455
        dvar2: 0.196862205863
        max: 1
        mean: 0.467136144638
        min: 0
        var: 0.248919636011
    spectral_centroid:
        dmean: 64.0428161621
        dmean2: 97.3130340576
        dvar: 7088.04541016
        dvar2: 15099.9169922
        max: 1173.84802246
        mean: 445.817596436
        min: 138.910736084
        var: 40368.359375
    spectral_complexity:
        dmean: 1.22062349319
        dmean2: 2.10096144676
        dvar: 2.96330952644
        dvar2: 7.03311109543
        max: 20
        mean: 5.72727251053
        min: 0
        var: 8.73422050476
    spectral_crest:
        dmean: 2.41760587692
        dmean2: 3.74184155464
        dvar: 4.003510952
        dvar2: 9.71722507477
        max: 24.2762985229
        mean: 11.2517347336
        min: 4.76045417786
        var: 14.61561203
    spectral_decrease:
        dmean: 3.67973956861e-10
        dmean2: 5.7915094942e-10
        dvar: 3.6789167936e-19
        dvar2: 8.79708029016e-19
        max: -2.10608180201e-12
        mean: -1.05456177124e-09
        min: -5.98468252733e-09
        var: 7.08149787696e-19
    spectral_energy:
        dmean: 0.00144416850526
        dmean2: 0.00227223499678
        dvar: 5.8316063587e-06
        dvar2: 1.40470228871e-05
        max: 0.0229526236653
        mean: 0.00414556078613
        min: 8.16619558464e-06
        var: 1.10533901534e-05
    spectral_energyband_high:
        dmean: 2.3613225494e-05
        dmean2: 3.76501629944e-05
        dvar: 1.24034462701e-08
        dvar2: 3.14446069183e-08
        max: 0.0010772314854
        mean: 2.44294496952e-05
        min: 3.98168431559e-09
        var: 1.18680922867e-08
    spectral_energyband_low:
        dmean: 0.00056216889061
        dmean2: 0.000877404876519
        dvar: 8.88107308583e-07
        dvar2: 2.05451965485e-06
        max: 0.00895411614329
        mean: 0.000789908575825
        min: 9.56565173738e-08
        var: 1.20059269193e-06
    spectral_energyband_middle_high:
        dmean: 0.000155413334141
        dmean2: 0.000236289022723
        dvar: 2.12566362734e-07
        dvar2: 5.26156100022e-07
        max: 0.00530102709308
        mean: 0.00038830252015
        min: 2.66605439947e-07
        var: 4.3000895289e-07
    spectral_energyband_middle_low:
        dmean: 0.000991128734313
        dmean2: 0.00156943383627
        dvar: 2.76135756394e-06
        dvar2: 7.15118130756e-06
        max: 0.01463499479
        mean: 0.00294282333925
        min: 5.72265025767e-06
        var: 5.80773848924e-06
    spectral_flatness_db:
        dmean: 0.0258266571909
        dmean2: 0.0393053144217
        dvar: 0.000697540061083
        dvar2: 0.00131418474484
        max: 0.500435352325
        mean: 0.307684540749
        min: 0.117440521717
        var: 0.00585759757087
    spectral_flux:
        dmean: 0.0100438231602
        dmean2: 0.0159857589751
        dvar: 0.000201049580937
        dvar2: 0.000463759555714
        max: 0.136163085699
        mean: 0.0263468846679
        min: 0.00167819205672
        var: 0.000356235657819
    spectral_kurtosis:
        dmean: 18.4943370819
        dmean2: 31.3216953278
        dvar: 459.626861572
        dvar2: 1072.31335449
        max: 249.995330811
        mean: 50.989151001
        min: 2.91993045807
        var: 2177.34179688
    spectral_rms:
        dmean: 0.000318825535942
        dmean2: 0.000492103281431
        dvar: 2.0057548511e-07
        dvar2: 4.6704215606e-07
        max: 0.00473210355267
        mean: 0.00184323836584
        min: 8.92581665539e-05
        var: 6.46919829705e-07
    spectral_rolloff:
        dmean: 136.841567993
        dmean2: 230.549911499
        dvar: 86579.359375
        dvar2: 183541.3125
        max: 2950.04882812
        mean: 671.54675293
        min: 129.19921875
        var: 215669.78125
    spectral_skewness:
        dmean: 1.07578074932
        dmean2: 1.80696821213
        dvar: 1.18434870243
        dvar2: 2.66741156578
        max: 13.7912797928
        mean: 5.03892040253
        min: 1.08699023724
        var: 7.20109415054
    spectral_spread:
        dmean: 473319.40625
        dmean2: 700920
        dvar: 548199202816
        dvar2: 795667202048
        max: 11678867
        mean: 1816822.375
        min: 508987.875
        var: 1.29979174093e+12
    spectral_strongpeak:
        dmean: 0.148927003145
        dmean2: 0.236555740237
        dvar: 0.0373304709792
        dvar2: 0.0870727747679
        max: 1.96006786823
        mean: 0.458828806877
        min: 0.00727084651589
        var: 0.122888103127
    zerocrossingrate:
        dmean: 0.0035854128655
        dmean2: 0.00453068641946
        dvar: 1.77641632035e-05
        dvar2: 2.68666080956e-05
        max: 0.0810546875
        mean: 0.0259711891413
        min: 0.0087890625
        var: 0.000166581579833
    barkbands:
        dmean: [1.82665098691e-06, 0.000248355936492, 0.000406491279136, 0.000254950893577, 0.000416307040723, 0.000470604456495, 0.000204553187359, 4.70450977446e-05, 3.76380994567e-05, 5.72324570385e-05, 1.69354007085e-05, 3.14200406137e-05, 4.29852252637e-06, 8.0396876001e-06, 1.69973682205e-05, 8.97721747606e-06, 1.53478213178e-05, 2.08361525438e-05, 1.63298846019e-05, 1.38486630021e-05, 1.50674068209e-05, 1.25421331632e-06, 3.09948148924e-07, 1.78493564817e-07, 5.59204295314e-07, 8.3762126124e-09, 5.44426836946e-10]
        dmean2: [3.25540872836e-06, 0.000424061960075, 0.000627818284556, 0.000432982866187, 0.000655042415019, 0.000687534280587, 0.000303120963508, 7.51980114728e-05, 5.21436850249e-05, 8.80794177647e-05, 2.56243056356e-05, 4.90497368446e-05, 6.98695339452e-06, 1.26708846437e-05, 2.60432916548e-05, 1.51156546053e-05, 2.68837975455e-05, 3.3592350519e-05, 2.55296108662e-05, 2.35723982769e-05, 2.35682309722e-05, 1.80728409305e-06, 5.18474848832e-07, 2.73883927093e-07, 1.01616035408e-06, 1.50966226187e-08, 7.36290528547e-10]
        dvar: [4.85088982871e-11, 1.74836998212e-07, 5.55487929432e-07, 6.30649878985e-07, 5.03642070271e-07, 5.93390609538e-07, 2.62232305204e-07, 1.57764574737e-08, 6.33405905504e-09, 4.71466385932e-08, 2.71755307146e-09, 1.43666305519e-08, 4.70133411368e-11, 5.20858856046e-10, 3.29312843661e-09, 7.19805826055e-10, 3.03640557142e-09, 4.66570471147e-09, 3.61576169006e-09, 8.18678547176e-09, 5.21748866333e-09, 3.36970659709e-11, 2.32375295221e-12, 9.07925373338e-13, 1.42078484394e-11, 2.83287988099e-15, 4.25664430067e-17]
        dvar2: [1.32533747865e-10, 4.8633495453e-07, 1.34656204409e-06, 1.61786840636e-06, 1.23033112231e-06, 1.40518307035e-06, 6.67646816055e-07, 3.50005429084e-08, 8.61252758e-09, 1.00186987595e-07, 5.16911757842e-09, 3.56530378554e-08, 1.22653609491e-10, 1.01431385513e-09, 8.11451439375e-09, 1.87319626477e-09, 8.44972181113e-09, 1.14299059106e-08, 8.03882294065e-09, 2.3247141101e-08, 1.31799433589e-08, 7.86129286667e-11, 6.23295642529e-12, 2.11629954013e-12, 4.00774344267e-11, 8.02365173001e-15, 4.27404321768e-17]
        max: [7.137459761e-05, 0.00323936576024, 0.00844344589859, 0.0105784675106, 0.00595229119062, 0.00823875144124, 0.00701014557853, 0.00143169576768, 0.00123925053049, 0.00308501347899, 0.00106535002124, 0.00156931078527, 6.10449642409e-05, 0.000384285143809, 0.000819636101369, 0.000340664322721, 0.000671168090776, 0.000726047321223, 0.000841108674649, 0.00125968048815, 0.000903237669263, 7.60377224651e-05, 1.73411335709e-05, 1.25970391309e-05, 4.6815337555e-05, 6.15535498127e-07, 1.33716952178e-07]
        mean: [1.35629670694e-06, 0.000294687866699, 0.000493968196679, 0.000255482678767, 0.000712196226232, 0.0012756785145, 0.000479703681776, 9.25419444684e-05, 0.000104646336695, 0.000161689240485, 2.649335147e-05, 6.77783318679e-05, 7.4188619692e-06, 1.60328454513e-05, 3.23684689647e-05, 1.37010338221e-05, 2.61036475422e-05, 2.94868605124e-05, 2.22576909437e-05, 1.43008946907e-05, 1.57038302859e-05, 1.2289345932e-06, 2.39645231659e-07, 1.51785698677e-07, 3.43435743844e-07, 5.2687632035e-09, 4.95493146513e-10]
        min: [7.67365407328e-11, 6.6053997827e-09, 6.70850752726e-08, 2.72598033035e-08, 5.37728851668e-07, 1.37722247473e-06, 3.82066417615e-07, 1.90643660858e-07, 1.43487497439e-07, 2.65862269089e-07, 6.84876795276e-08, 2.3425538842e-08, 4.34464331178e-09, 1.69475156131e-09, 5.23161403088e-10, 5.12641873396e-10, 3.24803434149e-10, 1.34097855042e-09, 1.40750955335e-09, 1.18228304924e-09, 1.57338408968e-09, 6.6579264324e-10, 2.04417288652e-10, 1.74617501014e-10, 2.2987994841e-10, 2.29972920048e-12, 2.42264213112e-14]
        var: [3.3901801505e-11, 1.66737748941e-07, 6.74604279993e-07, 5.72424596612e-07, 9.16930730455e-07, 2.11538235817e-06, 5.65139146147e-07, 4.09896507847e-08, 4.97274008637e-08, 1.52107517692e-07, 8.64413340906e-09, 2.39180479866e-08, 8.50811573971e-11, 1.69958913609e-09, 6.38111163909e-09, 9.81729031402e-10, 3.56989171557e-09, 6.32547481061e-09, 5.44692690951e-09, 5.72894354178e-09, 5.20450393893e-09, 3.52888274158e-11, 1.72136968308e-12, 8.44856086132e-13, 8.51420323134e-12, 1.67450938606e-15, 4.26679281417e-17]
    mfcc:
        mean: [-880.305786133, 236.369873047, -30.5045681, 49.7539901733, -2.97280144691, -13.5493774414, -1.59077143669, -11.4423131943, -4.12117671967, -10.7374572754, -6.82058620453, -5.3568944931, 0.889928877354]
        cov: [[7559.85205078, -2287.04638672, -1313.4107666, 1047.4954834, 18.3862037659, -119.954307556, 381.612854004, 308.187011719, 320.83303833, 4.84561300278, -116.681152344, -79.2351455688, 142.200012207], [-2287.04638672, 1447.30187988, 401.502807617, -180.433624268, 219.320907593, 107.491653442, -135.496200562, -136.39515686, -85.4912567139, 85.4587936401, 80.4188461304, 37.3340835571, -28.2255115509], [-1313.4107666, 401.502807617, 1760.89697266, 23.0162353516, 60.8430290222, 211.781738281, -129.811553955, -123.881896973, -124.876586914, -71.757019043, 53.4201011658, 96.3698120117, 40.5347518921], [1047.4954834, -180.433624268, 23.0162353516, 499.743774414, 63.901473999, 18.038433075, 70.0368728638, 59.9154968262, 78.674041748, 31.5547714233, -10.5152244568, 18.2629127502, 66.1252746582], [18.3862037659, 219.320907593, 60.8430290222, 63.901473999, 226.625274658, 111.091888428, 11.8683834076, 5.48481655121, 26.4553546906, 59.1569747925, 48.3949241638, 13.6118955612, 7.68363809586], [-119.954307556, 107.491653442, 211.781738281, 18.038433075, 111.091888428, 174.18309021, 16.7896060944, 25.9249477386, 20.331609726, 24.4064731598, 30.6556911469, 15.0817260742, -0.714891314507], [381.612854004, -135.496200562, -129.811553955, 70.0368728638, 11.8683834076, 16.7896060944, 131.241256714, 81.3691711426, 43.3377685547, 14.5818052292, 8.43026447296, 22.1350135803, 13.5079069138], [308.187011719, -136.39515686, -123.881896973, 59.9154968262, 5.48481655121, 25.9249477386, 81.3691711426, 128.36088562, 79.5738372803, 20.8105125427, 12.4922218323, 5.5521979332, -2.84573674202], [320.83303833, -85.4912567139, -124.876586914, 78.674041748, 26.4553546906, 20.331609726, 43.3377685547, 79.5738372803, 135.670059204, 44.2191238403, -8.43546772003, -6.77162504196, 19.5167217255], [4.84561300278, 85.4587936401, -71.757019043, 31.5547714233, 59.1569747925, 24.4064731598, 14.5818052292, 20.8105125427, 44.2191238403, 98.6480789185, 47.6601295471, 0.0217235963792, 0.509485006332], [-116.681152344, 80.4188461304, 53.4201011658, -10.5152244568, 48.3949241638, 30.6556911469, 8.43026447296, 12.4922218323, -8.43546772003, 47.6601295471, 105.397193909, 35.5279045105, -15.387550354], [-79.2351455688, 37.3340835571, 96.3698120117, 18.2629127502, 13.6118955612, 15.0817260742, 22.1350135803, 5.5521979332, -6.77162504196, 0.0217235963792, 35.5279045105, 82.9649581909, 18.9775371552], [142.200012207, -28.2255115509, 40.5347518921, 66.1252746582, 7.68363809586, -0.714891314507, 13.5079069138, -2.84573674202, 19.5167217255, 0.509485006332, -15.387550354, 18.9775371552, 89.0586853027]]
        icov: [[0.000493066676427, 0.000704286096152, 0.000223081180593, -0.000704418984242, -0.000633407442365, 7.39456736483e-05, -0.00029244410689, 0.000390032975702, -0.000193633939489, 0.000232814927585, -0.000144836623804, 0.000254161335761, -6.86005005264e-05], [0.000704286096152, 0.00214464450255, 0.000149158164277, -0.00058343046112, -0.00199067173526, 0.000236274718191, 0.000289721036097, 0.000886372290552, 0.000176639165147, -0.000913196650799, 0.000292546843411, -0.000339267280651, 0.000167853970197], [0.000223081180593, 0.000149158164277, 0.00111219729297, -0.000655934971292, 0.000360049074516, -0.00162314635236, 0.00075913395267, 0.000620134174824, 0.000195775399334, 0.00105298671406, -0.000655563664623, -0.000598309678026, -0.000502227514517], [-0.000704418984242, -0.00058343046112, -0.000655934971292, 0.00380125502124, -0.000427748716902, 0.000797562417574, -0.000256968633039, -0.00107881217264, -0.000224052055273, -0.00124272634275, 0.00107841240242, -0.000633852207102, -0.0011585977627], [-0.000633407442365, -0.00199067173526, 0.000360049074516, -0.000427748716902, 0.0100688794628, -0.0056069646962, -0.000389064080082, 0.00184951105621, -0.000863443769049, -0.00136746675707, -0.00221898499876, 0.000311849726131, -0.000514229584951], [7.39456736483e-05, 0.000236274718191, -0.00162314635236, 0.000797562417574, -0.0056069646962, 0.0116399638355, -0.00117835646961, -0.00293007399887, -0.000462467782199, -0.000425544130849, 0.000536192732397, 0.000526928924955, 0.000849825621117], [-0.00029244410689, 0.000289721036097, 0.00075913395267, -0.000256968633039, -0.000389064080082, -0.00117835646961, 0.0157690253109, -0.00963938701898, 0.00326492427848, -0.00169439625461, 0.00179202703293, -0.00463509606197, -0.00168008869514], [0.000390032975702, 0.000886372290552, 0.000620134174824, -0.00107881217264, 0.00184951105621, -0.00293007399887, -0.00963938701898, 0.0222538299859, -0.0110049257055, 0.00368812936358, -0.0050046169199, 0.00126328028273, 0.00342363561504], [-0.000193633939489, 0.000176639165147, 0.000195775399334, -0.000224052055273, -0.000863443769049, -0.000462467782199, 0.00326492427848, -0.0110049257055, 0.0172811876982, -0.00810144841671, 0.00602683844045, -0.000868145143613, -0.00284808152355], [0.000232814927585, -0.000913196650799, 0.00105298671406, -0.00124272634275, -0.00136746675707, -0.000425544130849, -0.00169439625461, 0.00368812936358, -0.00810144841671, 0.0216169822961, -0.0113907968625, 0.00463792216033, -0.00103297270834], [-0.000144836623804, 0.000292546843411, -0.000655563664623, 0.00107841240242, -0.00221898499876, 0.000536192732397, 0.00179202703293, -0.0050046169199, 0.00602683844045, -0.0113907968625, 0.0198568161577, -0.00844526663423, 0.00356055237353], [0.000254161335761, -0.000339267280651, -0.000598309678026, -0.000633852207102, 0.000311849726131, 0.000526928924955, -0.00463509606197, 0.00126328028273, -0.000868145143613, 0.00463792216033, -0.00844526663423, 0.0188295152038, -0.00435752188787], [-6.86005005264e-05, 0.000167853970197, -0.000502227514517, -0.0011585977627, -0.000514229584951, 0.000849825621117, -0.00168008869514, 0.00342363561504, -0.00284808152355, -0.00103297270834, 0.00356055237353, -0.00435752188787, 0.015069318004]]
    spectral_contrast:
        mean: [-4.58656302271e-07, -2.07448763945e-07, 1.21161054523e-08, 2.57820403249e-07, 2.18348361614e-07, -7.78300488946e-07, 4.74805176509e-07, -7.14400201218e-08, 2.88027331408e-06, -4.52168251286e-06, -2.83535587187e-06, -4.54820519735e-06]
        var: [0.000404368533054, 0.00130618258845, 0.00217116554268, 0.00296757533215, 0.00581267289817, 0.0154572762549, 0.0561210736632, 0.116487123072, 0.223628237844, 0.445284515619, 1.33040475845, 3.35569572449]

rhythm:
    beats_loudness:
        dmean: 0.00560137024149
        dmean2: 0.0104853427038
        dvar: 1.11158888103e-05
        dvar2: 3.60595695383e-05
        max: 0.0152094718069
        mean: 0.00553308753297
        min: 6.5718391852e-05
        var: 1.75164041138e-05
    beats_loudness_bass:
        dmean: 0.299369186163
        dmean2: 0.566874086857
        dvar: 0.0604252628982
        dvar2: 0.118992097676
        max: 0.831251442432
        mean: 0.295794337988
        min: 0.013234520331
        var: 0.0652678087354
    bpm: 67.8710021973
    bpm_confidence: 0
    first_peak_bpm: 68
    first_peak_spread: 0
    first_peak_weight: 0.5
    onset_rate: 4.48608398438
    second_peak_bpm: 91
    second_peak_spread: 0
    second_peak_weight: 0.416666656733
    beats_position: [0.553064405918, 1.43709504604, 2.32112574577, 3.20515656471, 4.08918714523, 4.97321796417, 5.85724830627, 6.30385684967, 6.9652223587, 7.6265873909, 8.2879524231, 8.94931793213, 9.61068344116]
    bpm_estimates: [67.8424682617, 67.9642715454, 67.8062820435]
    bpm_intervals: [0.884030640125, 0.88403069973, 0.884030818939, 0.884030580521, 0.884030818939, 0.884030342102, 0.446608543396, 0.661365509033, 0.661365032196, 0.661365032196, 0.661365509033, 0.661365509033]
    onset_times: [0.708208620548, 0.754648506641, 0.882358253002, 0.986848056316, 1.10294783115, 1.60217690468, 1.74149656296, 1.98530614376, 2.32199549675, 2.75156474113, 3.20435380936, 3.48299312592, 3.62231302261, 3.85451245308, 3.94739222527, 4.09832191467, 4.34213161469, 4.7020406723, 4.9806804657, 5.27092981339, 5.49151945114, 5.86303853989, 6.08362817764, 6.3042178154, 6.5015873909, 6.78022670746, 7.10530614853, 7.27945566177, 7.4884352684, 7.77868461609, 7.95283460617, 8.17342376709, 8.24308395386, 8.498503685, 8.64943313599, 8.68426322937, 9.0093421936, 9.04417228699, 9.0906124115, 9.21832180023, 9.33442211151, 9.46213150024, 9.6014509201, 9.83365058899, 9.93814086914]
    rubato_start: [6.9652223587]
    rubato_stop: [9.61068344116]
    perceptual_tempo: "unknown"

sfx:
    inharmonicity:
        dmean: 0.0227129757404
        dmean2: 0.0419127717614
        dvar: 0.00219497457147
        dvar2: 0.00599591992795
        max: 0.449448466301
        mean: 0.0154906213284
        min: 1.00591898899e-06
        var: 0.00149453326594
    oddtoevenharmonicenergyratio:
        dmean: 20.4332275391
        dmean2: 40.6203651428
        dvar: 70505.5703125
        dvar2: 211617.890625
        max: 3844.32958984
        mean: 10.4864826202
        min: 5.26422809344e-06
        var: 35272.3085938
    pitch_after_max_to_before_max_energy_ratio: 6.84926176071
    pitch_centroid: 206.19480896
    pitch_max_to_total: 0.057416267693
    pitch_min_to_total: 0.662679433823
    tristimulus:
        dmean: [0.230719462037, 0.225217714906, 0.0239613521844]
        dmean2: [0.420075386763, 0.406964272261, 0.0431090444326]
        dvar: [0.0536322742701, 0.0512012802064, 0.00130672496744]
        dvar2: [0.142047658563, 0.136328607798, 0.00383375235833]
        max: [0.995551586151, 0.982222259045, 0.264004260302]
        mean: [0.630526185036, 0.339115232229, 0.0220464356244]
        min: [0.00454325042665, 0, 0]
        var: [0.0680658221245, 0.0634355321527, 0.00126980966888]

tonal:
    chords_changes_rate: 0.0190476197749
    chords_number_rate: 0.023809524253
    chords_strength:
        dmean: 0.00911693926901
        dmean2: 0.00657869968563
        dvar: 4.29988285759e-05
        dvar2: 3.86100364267e-05
        max: 0.712356030941
        mean: 0.538651704788
        min: 0.271860182285
        var: 0.00692058587447
    key_strength: 0.721597552299
    tuning_diatonic_strength: 0.520131826401
    tuning_equal_tempered_deviation: 0.107791602612
    tuning_frequency: 439.238189697
    tuning_nontempered_energy_ratio: 0.697143256664
    hpcp:
        dmean: [0.0662041530013, 0.0575303435326, 0.0479832440615, 0.0595760419965, 0.0771846100688, 0.135490566492, 0.214331835508, 0.187113672495, 0.12836907804, 0.113830924034, 0.11394122988, 0.131535902619, 0.137342095375, 0.0937827602029, 0.0848431587219, 0.087869271636, 0.0695414170623, 0.0357323810458, 0.0409690737724, 0.0513894744217, 0.0988710746169, 0.117918752134, 0.086342073977, 0.0511631630361, 0.0549979656935, 0.0646089017391, 0.122156016529, 0.144246786833, 0.151968151331, 0.16819922626, 0.144214615226, 0.127689421177, 0.0794464126229, 0.0719543099403, 0.0566058382392, 0.073328062892]
        dmean2: [0.118409201503, 0.095083348453, 0.0840517804027, 0.113794401288, 0.142941743135, 0.226349025965, 0.356735765934, 0.317464381456, 0.220445722342, 0.212891712785, 0.211413115263, 0.237176671624, 0.243034675717, 0.168316453695, 0.144462525845, 0.150259107351, 0.11003009975, 0.0631341487169, 0.0751632377505, 0.0913418158889, 0.156901687384, 0.190634593368, 0.139925569296, 0.0890493243933, 0.0998539403081, 0.115159876645, 0.190835803747, 0.245641976595, 0.254511326551, 0.28713363409, 0.257774889469, 0.227273404598, 0.144135683775, 0.130189523101, 0.103327073157, 0.131813943386]
        dvar: [0.0208692792803, 0.0135321011767, 0.01207475923, 0.0202736966312, 0.0256934352219, 0.0323679298162, 0.0602378845215, 0.0485612936318, 0.0234832055867, 0.033122908324, 0.0363471917808, 0.0494322255254, 0.0498880706728, 0.0310293473303, 0.0271325446665, 0.0439169593155, 0.0157045610249, 0.00736978510395, 0.0132894432172, 0.0150057515129, 0.0224889777601, 0.0409676991403, 0.022056851536, 0.0113725820556, 0.013646190986, 0.0147185064852, 0.0258522331715, 0.0464139692485, 0.0377596393228, 0.0459292754531, 0.0585663542151, 0.0310285165906, 0.0249123293906, 0.0257045701146, 0.0178231131285, 0.0259142722934]
        dvar2: [0.0564937405288, 0.0347082875669, 0.0329993851483, 0.0591487213969, 0.0721295401454, 0.0866892412305, 0.148594260216, 0.124924868345, 0.0636781156063, 0.0942747667432, 0.11289678514, 0.139792829752, 0.131092861295, 0.0856305733323, 0.0680253729224, 0.0869503766298, 0.0320665240288, 0.0154524082318, 0.0376704484224, 0.0409459620714, 0.056225374341, 0.0831063985825, 0.0478619523346, 0.0301965102553, 0.0384589843452, 0.0446504168212, 0.0632737949491, 0.111042581499, 0.092968903482, 0.126143753529, 0.152366414666, 0.0763704106212, 0.0600739866495, 0.0709799975157, 0.0484792515635, 0.0713490769267]
        max: [1, 1, 0.858717083931, 1, 1, 0.982953131199, 1, 1, 1, 1, 1, 1, 1, 1, 1, 1, 1, 1, 1, 1, 1, 1, 1, 1, 1, 0.980934083462, 1, 1, 1, 1, 1, 1, 1, 1, 0.877424836159, 1]
        mean: [0.149291470647, 0.104624181986, 0.0352897308767, 0.040838226676, 0.0621050298214, 0.168301537633, 0.308760464191, 0.255763888359, 0.125347748399, 0.0857181102037, 0.0823128372431, 0.105488240719, 0.115771889687, 0.0787402838469, 0.103187687695, 0.151923984289, 0.0997686237097, 0.0476488620043, 0.0352598279715, 0.0427337251604, 0.133303910494, 0.201105430722, 0.11889526993, 0.0547478310764, 0.0562761202455, 0.0573358125985, 0.176696270704, 0.34745439887, 0.273330956697, 0.185491204262, 0.254389643669, 0.174798831344, 0.0682321190834, 0.0568217821419, 0.047008600086, 0.0856919661164]
        min: [0.000282304012217, 0.000123145044199, 1.09598722702e-05, 2.7323019367e-06, 3.98027987103e-06, 0.000469463382615, 0.00176237744745, 0.00112815364264, 1.54994468176e-05, 1.36580338221e-05, 1.14782942546e-05, 1.6011601474e-05, 4.16169223172e-06, 1.6117341147e-05, 6.69738365104e-05, 0.000102919519122, 3.50251648342e-05, 1.89340335055e-05, 6.47518254482e-06, 8.93711694516e-06, 6.8815992563e-05, 0.000409809232224, 0.000581432774197, 8.55740563566e-06, 6.52557810099e-06, 9.63886122918e-06, 1.27575003717e-05, 1.34051879286e-05, 5.10045629198e-06, 3.19507926179e-05, 1.42577764564e-05, 0.000125618986203, 6.64072513246e-06, 2.95397899208e-06, 5.00162195749e-06, 4.98937552038e-05]
        var: [0.0914128869772, 0.0498228445649, 0.00791957508773, 0.0124642215669, 0.0197001043707, 0.0392534434795, 0.0985402688384, 0.0849811434746, 0.0315870419145, 0.025316465646, 0.0248765237629, 0.0368988476694, 0.0410728864372, 0.0229702033103, 0.0379252880812, 0.0916095003486, 0.0384238362312, 0.0200396496803, 0.0126031907275, 0.0116270212457, 0.0375879667699, 0.0914693027735, 0.0392039716244, 0.0191548243165, 0.021733250469, 0.0150227807462, 0.0523909404874, 0.166094630957, 0.10563890636, 0.0525501742959, 0.132591828704, 0.0644420459867, 0.0219915118068, 0.0179962012917, 0.0130859734491, 0.0268065966666]
    chords_histogram: [44.2857131958, 20, 0, 0, 0, 4.76190471649, 0, 0, 0, 0, 0, 0, 0, 0, 0, 0, 0, 0, 0, 0, 0, 0, 20.952381134, 10]
    thpcp: [1, 0.786667108536, 0.533857703209, 0.732152581215, 0.503084242344, 0.196377187967, 0.16353738308, 0.135294303298, 0.246627956629, 0.429672122002, 0.301116287708, 0.101566508412, 0.117535501719, 0.178742960095, 0.484384536743, 0.888635933399, 0.736107766628, 0.360760271549, 0.246703192592, 0.236902564764, 0.303603112698, 0.333200246096, 0.226620480418, 0.296981960535, 0.437248706818, 0.287141621113, 0.137137025595, 0.101480446756, 0.122990891337, 0.383658707142, 0.578796625137, 0.342189580202, 0.157568395138, 0.161966919899, 0.165016800165, 0.508545219898]
    chords_key: "B"
    chords_scale: "minor"
    key_key: "B"
    key_scale: "minor"
    chords_progression: ["Bm", "Bm", "Bm", "Bm", "Bm", "Bm", "Bm", "Bm", "Bm", "Bm", "Bm", "Bm", "Bm", "Bm", "Bm", "Bm", "Bm", "Bm", "Bm", "Bm", "Bm", "Bm", "Bm", "Bm", "Bm", "Bm", "Bm", "Bm", "Bm", "Bm", "Bm", "Bm", "Bm", "Bm", "Bm", "Bm", "Bm", "Bm", "Bm", "Bm", "Bm", "Bm", "Bm", "Bm", "Bm", "Bm", "Bm", "Bm", "Bm", "Bm", "Bm", "Bm", "Bm", "Bm", "Bm", "Bm", "Bm", "Bm", "Bm", "Bm", "Bm", "Bm", "Bm", "Bm", "Bm", "Bm", "Bm", "Bm", "Bm", "Bm", "Bm", "Bm", "Bm", "Bm", "Bm", "Bm", "Bm", "Bm", "Bm", "Bm", "Bm", "Bm", "Bm", "Bm", "Bm", "Bm", "Bm", "Bm", "Bm", "Bm", "Bm", "Bm", "Bm", "D", "D", "D", "D", "D", "D", "D", "D", "D", "D", "D", "D", "D", "D", "D", "D", "D", "D", "D", "D", "D", "D", "D", "D", "D", "D", "D", "D", "D", "D", "D", "D", "D", "D", "D", "D", "D", "D", "D", "D", "D", "D", "G", "G", "G", "G", "G", "G", "G", "G", "G", "G", "G", "G", "G", "G", "G", "G", "G", "G", "G", "G", "G", "Em", "Em", "Em", "Em", "Em", "Em", "Em", "Em", "Em", "Em", "Em", "Em", "Em", "Em", "Em", "Em", "Em", "Em", "Em", "Em", "Em", "Em", "Em", "Em", "Em", "Em", "Em", "Em", "Em", "Em", "Em", "Em", "Em", "Em", "Em", "Em", "Em", "Em", "Em", "Em", "Em", "Em", "Em", "Em", "E", "E", "E", "E", "E", "E", "E", "E", "E", "E"]
