
metadata:
    version:
        essentia: "1.2.2"
    audio_properties:
        analysis_sample_rate: 44100
        bitrate: 128
        channels: 2
        equal_loudness: 1
        length: 10.0832653046
        replay_gain: 2.26718711853
        downmix: "mix"
    tags:
        track: 45
        year: 0
        album: "Splitted by Mp3Splt v. 2.1"
        artist: "From 007.20 To 007.30"
        comment: "http://mp3splt.sf.net"
        genre: ""
        title: "03 Solitude.mp3"

highlevel:
    ballroom:
        all:
            ChaChaCha: 0.0192419700325
            Jive: 0.0104117039591
            Quickstep: 0.0275697279721
            Rumba-American: 0.00399384368211
            Rumba-International: 0.00704517494887
            Rumba-Misc: 0.0132488226518
            Samba: 0.00503087090328
            Tango: 0.39882183075
            VienneseWaltz: 0.182545661926
            Waltz: 0.332090377808
        probability: 0.39882183075
        value: "Tango"
    culture:
        all:
            non_western: 0.486276209354
            western: 0.513723790646
        probability: 0.513723790646
        value: "western"
    gender:
        all:
            female: 0.218433067203
            male: 0.781566917896
        probability: 0.781566917896
        value: "male"
    genre_dortmund:
        all:
            alternative: 0.0576515905559
            blues: 0.17887994647
            electronic: 0.00793274957687
            folkcountry: 0.364878773689
            funksoulrnb: 0.0342757292092
            jazz: 0.280549585819
            pop: 0.0492899045348
            raphiphop: 0.00193867005873
            rock: 0.0246030408889
        probability: 0.364878773689
        value: "folkcountry"
    genre_electronica:
        all:
            ambient: 0.892221987247
            dnb: 0.0156487580389
            house: 0.0335699319839
            techno: 0.00311372452416
            trance: 0.0554455704987
        probability: 0.892221987247
        value: "ambient"
    genre_rosamerica:
        all:
            cla: 0.786277770996
            dan: 0.00820254907012
            hip: 0.00459942268208
            jaz: 0.0997364148498
            pop: 0.0402117520571
            rhy: 0.0501684695482
            roc: 0.00551224965602
            spe: 0.00529136741534
        probability: 0.786277770996
        value: "cla"
    genre_tzanetakis:
        all:
            blu: 0.0148497177288
            cla: 0.460209697485
            cou: 0.037189822644
            dis: 0.0129312099889
            hip: 0.00227230787277
            jaz: 0.337557911873
            met: 0.0026225312613
            pop: 0.0574564188719
            reg: 0.0226047132164
            roc: 0.0523056648672
        probability: 0.460209697485
        value: "cla"
    live_studio:
        all:
            live: 0.0269142724574
            studio: 0.973085701466
        probability: 0.973085701466
        value: "studio"
    mood:
        all:
            Cluster1: 0.0361369624734
            Cluster2: 0.333156168461
            Cluster3: 0.293980807066
            Cluster4: 0.291454583406
            Cluster5: 0.0452714674175
        probability: 0.333156168461
        value: "Cluster2"
    mood_acoustic:
        all:
            acoustic: 0.728931844234
            not_acoustic: 0.271068125963
        probability: 0.728931844234
        value: "acoustic"
    mood_aggressive:
        all:
            aggressive: 2.24410018745e-06
            not_aggressive: 0.999997735023
        probability: 0.999997735023
        value: "not_aggressive"
    mood_electronic:
        all:
            electronic: 0.104800872505
            not_electronic: 0.895199120045
        probability: 0.895199120045
        value: "not_electronic"
    mood_happy:
        all:
            happy: 0.64785695076
            not_happy: 0.352143079042
        probability: 0.64785695076
        value: "happy"
    mood_party:
        all:
            not_party: 0.866770684719
            party: 0.13322930038
        probability: 0.866770684719
        value: "not_party"
    mood_relaxed:
        all:
            not_relaxed: 0.201836928725
            relaxed: 0.798163056374
        probability: 0.798163056374
        value: "relaxed"
    mood_sad:
        all:
            not_sad: 0.224244639277
            sad: 0.775755345821
        probability: 0.775755345821
        value: "sad"
    rhythm:
        all:
            fast: 0.699819326401
            medium: 0.146626114845
            slow: 0.153554558754
        probability: 0.699819326401
        value: "fast"
    speech_music:
        all:
            music: 0.884866178036
            speech: 0.115133799613
        probability: 0.884866178036
        value: "music"
    timbre:
        all:
            bright: 0.952750146389
            dark: 0.047249827534
        probability: 0.952750146389
        value: "bright"
    voice_instrumental:
        all:
            instrumental: 0.382214069366
            voice: 0.617785930634
        probability: 0.617785930634
        value: "voice"

lowlevel:
    average_loudness: 0.839285075665
    barkbands_kurtosis:
        dmean: 0.659705936909
        dmean2: 0.984737634659
        dvar: 1.54823672771
        dvar2: 3.20159244537
        max: 20.3228435516
        mean: -0.534149169922
        min: -1.89350938797
        var: 5.47606754303
    barkbands_skewness:
        dmean: 0.366173326969
        dmean2: 0.520042896271
        dvar: 0.174243122339
        dvar2: 0.379233211279
        max: 3.83029556274
        mean: 0.172532394528
        min: -1.9443615675
        var: 0.775174975395
    barkbands_spread:
        dmean: 3.45508408546
        dmean2: 5.25910615921
        dvar: 12.6780052185
        dvar2: 31.7017402649
        max: 49.7270202637
        mean: 28.1681118011
        min: 5.23539829254
        var: 59.6683540344
    dissonance:
        dmean: 0.0253164563328
        dmean2: 0.0424135141075
        dvar: 0.000583157932851
        dvar2: 0.00153858761769
        max: 0.497508764267
        mean: 0.429106980562
        min: 0.244185864925
        var: 0.001214369433
    hfc:
        dmean: 1.68554496765
        dmean2: 2.25886917114
        dvar: 7.48469257355
        dvar2: 12.3526086807
        max: 29.9287185669
        mean: 5.64693784714
        min: 6.25475422567e-06
        var: 37.3115081787
    pitch:
        dmean: 87.7222137451
        dmean2: 169.432723999
        dvar: 267701.09375
        dvar2: 658955.4375
        max: 4410
        mean: 284.165679932
        min: 99.3243255615
        var: 207893.203125
    pitch_instantaneous_confidence:
        dmean: 0.0935715287924
        dmean2: 0.152159541845
        dvar: 0.0156822595745
        dvar2: 0.0379492118955
        max: 0.974546790123
        mean: 0.758260846138
        min: 0.124013960361
        var: 0.0267838072032
    pitch_salience:
        dmean: 0.0504581406713
        dmean2: 0.0704457610846
        dvar: 0.00322750560008
        dvar2: 0.00634784717113
        max: 0.884892404079
        mean: 0.65280777216
        min: 0.281612575054
        var: 0.00917047448456
    silence_rate_20dB:
        dmean: 0
        dmean2: 0
        dvar: 0
        dvar2: 0
        max: 1
        mean: 1
        min: 1
        var: 0
    silence_rate_30dB:
        dmean: 0
        dmean2: 0
        dvar: 0
        dvar2: 0
        max: 1
        mean: 1
        min: 1
        var: 0
    silence_rate_60dB:
        dmean: 0.0995260700583
        dmean2: 0.19952493906
        dvar: 0.0896207913756
        dvar2: 0.173966407776
        max: 1
        mean: 0.671394824982
        min: 0
        var: 0.220623224974
    spectral_centroid:
        dmean: 230.850601196
        dmean2: 334.980224609
        dvar: 84886.8828125
        dvar2: 192018.125
        max: 3665.45483398
        mean: 1634.99230957
        min: 268.377258301
        var: 311583.03125
    spectral_complexity:
        dmean: 2.15196084976
        dmean2: 3.14987707138
        dvar: 8.21219158173
        dvar2: 14.5795259476
        max: 29
        mean: 9.08557415009
        min: 0
        var: 44.826423645
    spectral_crest:
        dmean: 1.87643015385
        dmean2: 2.77330803871
        dvar: 4.4173874855
        dvar2: 9.66038513184
        max: 20.8057079315
        mean: 8.42614269257
        min: 3.32474970818
        var: 10.7391042709
    spectral_decrease:
        dmean: 1.72581074431e-10
        dmean2: 2.14969486656e-10
        dvar: 7.49655048346e-20
        dvar2: 1.15757412679e-19
        max: -6.02466540943e-15
        mean: -6.8449679258e-10
        min: -3.85666698577e-09
        var: 5.11071318418e-19
    spectral_energy:
        dmean: 0.00079616275616
        dmean2: 0.00100180017762
        dvar: 1.60741535637e-06
        dvar2: 2.51379378824e-06
        max: 0.016817510128
        mean: 0.00309564173222
        min: 2.33058266019e-08
        var: 1.0417890735e-05
    spectral_energyband_high:
        dmean: 8.32667137729e-05
        dmean2: 0.000115371272841
        dvar: 1.78734875789e-08
        dvar2: 3.29471561145e-08
        max: 0.00143839011434
        mean: 0.000209508390981
        min: 1.87472967705e-10
        var: 6.42331201561e-08
    spectral_energyband_low:
        dmean: 1.79327287242e-06
        dmean2: 2.52424706559e-06
        dvar: 2.22511349623e-11
        dvar2: 3.87442439242e-11
        max: 6.48921559332e-05
        mean: 6.0972238316e-06
        min: 6.79492739852e-10
        var: 1.49127932225e-10
    spectral_energyband_middle_high:
        dmean: 0.000543813686818
        dmean2: 0.000728862010874
        dvar: 8.05039007901e-07
        dvar2: 1.36819494401e-06
        max: 0.00854558777064
        mean: 0.00177007296588
        min: 7.13072934033e-10
        var: 3.69004328604e-06
    spectral_energyband_middle_low:
        dmean: 0.000265120179392
        dmean2: 0.000343884632457
        dvar: 2.2190087634e-07
        dvar2: 2.95646430004e-07
        max: 0.00977276917547
        mean: 0.00110996630974
        min: 9.07973873865e-09
        var: 1.93760570255e-06
    spectral_flatness_db:
        dmean: 0.0176392458379
        dmean2: 0.0271222237498
        dvar: 0.000274527963484
        dvar2: 0.000608817092143
        max: 0.345851629972
        mean: 0.240313097835
        min: 0.11349157244
        var: 0.00172157888301
    spectral_flux:
        dmean: 0.00920169241726
        dmean2: 0.0144896628335
        dvar: 0.000120682823763
        dvar2: 0.000299901992548
        max: 0.0874484181404
        mean: 0.0218359660357
        min: 0.000631442700978
        var: 0.000260867294855
    spectral_kurtosis:
        dmean: 2.18785214424
        dmean2: 3.92436718941
        dvar: 3.72423148155
        dvar2: 9.95560455322
        max: 20.1552295685
        mean: 4.66832780838
        min: 0.0160853862762
        var: 6.51011705399
    spectral_rms:
        dmean: 0.000244566006586
        dmean2: 0.000303005363094
        dvar: 1.11974323147e-07
        dvar2: 1.69465209865e-07
        max: 0.00405059568584
        mean: 0.0015121686738
        min: 4.76837431052e-06
        var: 7.33488320748e-07
    spectral_rolloff:
        dmean: 295.395233154
        dmean2: 462.566925049
        dvar: 188588.296875
        dvar2: 373647.65625
        max: 5555.56640625
        mean: 3053.24121094
        min: 258.3984375
        var: 652453.0625
    spectral_skewness:
        dmean: 0.263539016247
        dmean2: 0.457797080278
        dvar: 0.0529509484768
        dvar2: 0.138121262193
        max: 3.44980406761
        mean: 1.27902746201
        min: 0.497442275286
        var: 0.152456834912
    spectral_spread:
        dmean: 311031.6875
        dmean2: 453472.46875
        dvar: 490586865664
        dvar2: 515501424640
        max: 18290956
        mean: 3431779
        min: 2522625.25
        var: 1.13001824256e+12
    spectral_strongpeak:
        dmean: 0.375350505114
        dmean2: 0.603678226471
        dvar: 0.555316090584
        dvar2: 1.2600761652
        max: 7.14453268051
        mean: 0.74111944437
        min: 0
        var: 1.26725399494
    zerocrossingrate:
        dmean: 0.00821341760457
        dmean2: 0.00933253020048
        dvar: 6.63235041429e-05
        dvar2: 8.58416970004e-05
        max: 0.15673828125
        mean: 0.0841133072972
        min: 0.001953125
        var: 0.000651820097119
    barkbands:
        dmean: [2.23510432384e-09, 5.58031807429e-08, 1.75853745077e-06, 4.47252614322e-06, 0.000106677471194, 8.81557134562e-05, 3.80437704735e-05, 7.4372634117e-05, 3.89443266613e-05, 2.04380812647e-05, 2.32963338931e-05, 0.00011381098011, 2.73522455245e-05, 3.86033316317e-05, 4.90817583341e-05, 9.32646726142e-05, 8.5487983597e-05, 0.000167326128576, 9.1111229267e-05, 0.000118863667012, 2.59358857875e-05, 1.57237518579e-05, 5.56374686767e-07, 2.7313834039e-07, 3.37125158012e-07, 7.5576060965e-09, 1.60303562091e-10]
        dmean2: [3.49631923413e-09, 8.2260648071e-08, 2.45254409492e-06, 6.14795271758e-06, 0.000142383592902, 0.000112744019134, 4.8469977628e-05, 9.91583365249e-05, 5.36493935215e-05, 2.77626404568e-05, 3.28622736561e-05, 0.000143376993947, 4.19956522819e-05, 5.4048079619e-05, 6.66527048452e-05, 0.000134026689921, 0.000125588470837, 0.000227222320973, 0.000137021910632, 0.000169411447132, 3.60932463082e-05, 2.26453539653e-05, 8.33202307149e-07, 3.9754337422e-07, 4.83834242004e-07, 1.29612383049e-08, 2.91377200146e-10]
        dvar: [6.25996152718e-16, 5.09747341451e-14, 2.10650802357e-11, 1.18449708375e-10, 4.16806038572e-08, 2.58518273455e-08, 7.29274374223e-09, 8.04540505328e-08, 5.05623232172e-09, 3.64213681436e-09, 2.32674035594e-09, 7.24103372818e-08, 4.46197656601e-09, 6.15335515874e-09, 8.48849168733e-09, 3.8361143595e-08, 1.73981504759e-08, 6.70151152349e-08, 2.24235492396e-08, 5.56569617061e-08, 1.63932800668e-09, 8.45417458262e-10, 1.11144010662e-11, 3.16401939371e-12, 7.46618565584e-12, 5.09356655974e-15, 7.70222248042e-20]
        dvar2: [1.57328820771e-15, 1.22682137886e-13, 3.63320935837e-11, 1.88704926685e-10, 7.50013455786e-08, 4.3676269712e-08, 1.01439612266e-08, 1.01840051059e-07, 9.80428005448e-09, 5.13228570753e-09, 4.7411727877e-09, 1.01765110117e-07, 1.05589297306e-08, 1.16763310132e-08, 1.5268366127e-08, 7.55161195798e-08, 3.50242892466e-08, 1.39007241273e-07, 4.01916970816e-08, 9.61138297839e-08, 3.09825232137e-09, 1.71633351975e-09, 2.61476933855e-11, 6.50929527293e-12, 1.70224043194e-11, 9.66523969827e-15, 2.3019728174e-19]
        max: [3.60411377187e-07, 2.90454886454e-06, 6.34292227915e-05, 0.000146069782204, 0.00247338367626, 0.00371104874648, 0.00205981754698, 0.00545694958419, 0.000815664068796, 0.00120452826377, 0.000743466778658, 0.00379725405946, 0.000819080334622, 0.000966304913163, 0.00102718523704, 0.00241291080602, 0.0013490782585, 0.00304139358923, 0.00148865790106, 0.00282666669227, 0.000441289012088, 0.000330978160491, 5.6261465943e-05, 3.02923144773e-05, 4.62838215753e-05, 1.10217683869e-06, 2.34084307493e-09]
        mean: [1.30696253819e-09, 7.921791223e-08, 6.01731744609e-06, 1.24519083329e-05, 0.000385863793781, 0.000306058122078, 0.000116187504318, 0.000194350490347, 8.83950124262e-05, 3.91107714677e-05, 5.59417276236e-05, 0.000296599260764, 4.65600351163e-05, 8.29033961054e-05, 9.48573942878e-05, 0.00018879698473, 0.000196390217752, 0.000364010600606, 0.000232513819356, 0.000288743292913, 6.21318831691e-05, 3.61366219295e-05, 7.67260587509e-07, 3.63809618875e-07, 4.03680616046e-07, 1.02739168284e-08, 1.3525075504e-10]
        min: [1.27206445789e-13, 6.3639718495e-11, 5.17635878605e-10, 4.83541318097e-10, 2.45344722316e-09, 2.85335710615e-09, 1.01128083685e-09, 1.09437264806e-10, 6.23496809737e-11, 1.96481390186e-11, 2.23554594975e-11, 2.44897990775e-11, 5.06866076888e-11, 7.19641291003e-11, 1.01694791477e-10, 2.36725621744e-11, 2.73142255341e-11, 1.78570769283e-10, 1.38535280469e-10, 1.06925308885e-10, 7.75374209283e-11, 2.41886528168e-11, 1.24192878204e-11, 8.61079523656e-12, 5.14113968411e-12, 2.93571026863e-12, 3.16035920849e-14]
        var: [3.16725683071e-16, 8.34551205269e-14, 1.44387668488e-10, 6.12912554043e-10, 2.41561906478e-07, 3.12389232704e-07, 5.57198163165e-08, 3.74689392402e-07, 1.80385217874e-08, 8.74431549391e-09, 7.08087233292e-09, 3.68765626035e-07, 7.13705450295e-09, 1.57793671463e-08, 2.1280550655e-08, 1.0520358984e-07, 5.5918203401e-08, 2.30611917118e-07, 8.78683508176e-08, 2.03896632911e-07, 5.77903680465e-09, 2.63940203027e-09, 9.91965624225e-12, 3.35859530291e-12, 6.69746593254e-12, 5.67096732055e-15, 8.48675159264e-20]
    mfcc:
        mean: [-807.322875977, 95.7427825928, -107.022766113, 42.0592765808, -46.1686325073, -25.5134563446, -21.2955513, -32.9697761536, -18.6935520172, -38.7624969482, -10.6436510086, -19.5331554413, -8.57275390625]
        cov: [[8496.8359375, -1100.90527344, -1577.79907227, -636.906738281, -707.358154297, -342.578155518, -407.364776611, -353.55368042, 30.2984542847, -244.987854004, -57.0333328247, -106.152259827, 304.568023682], [-1100.90527344, 1498.61706543, 768.673583984, 294.343505859, 166.84777832, 183.55632019, 238.942855835, 184.038146973, 148.205734253, 36.5357971191, -58.4397888184, -0.61619913578, -279.572570801], [-1577.79907227, 768.673583984, 995.849975586, 234.865432739, 279.457366943, 185.261291504, 173.102157593, 166.736755371, 83.5382766724, 108.272575378, -41.5722351074, 61.258731842, -185.957763672], [-636.906738281, 294.343505859, 234.865432739, 253.452056885, 78.6887664795, 101.897956848, 24.9675445557, 47.2889137268, 30.898267746, -16.4254417419, -11.9595775604, -26.2198848724, -95.7212219238], [-707.358154297, 166.84777832, 279.457366943, 78.6887664795, 229.912918091, 72.8786010742, 117.54662323, 50.2188453674, 30.0523853302, 84.7637786865, 10.8857011795, 27.0337219238, -17.1172218323], [-342.578155518, 183.55632019, 185.261291504, 101.897956848, 72.8786010742, 147.862442017, 63.5025863647, 33.9025840759, 45.8264694214, -15.1100883484, 19.6556835175, 29.2186012268, -17.867816925], [-407.364776611, 238.942855835, 173.102157593, 24.9675445557, 117.54662323, 63.5025863647, 175.077423096, 69.6858596802, 56.786365509, 38.8357772827, 15.1534385681, 45.4328422546, -1.51680767536], [-353.55368042, 184.038146973, 166.736755371, 47.2889137268, 50.2188453674, 33.9025840759, 69.6858596802, 102.055915833, 31.5503997803, 34.0223693848, 0.752634525299, 12.3244867325, -47.6959838867], [30.2984542847, 148.205734253, 83.5382766724, 30.898267746, 30.0523853302, 45.8264694214, 56.786365509, 31.5503997803, 99.2715301514, 12.4241704941, 9.69842243195, 2.4944832325, -18.7456035614], [-244.987854004, 36.5357971191, 108.272575378, -16.4254417419, 84.7637786865, -15.1100883484, 38.8357772827, 34.0223693848, 12.4241704941, 143.865432739, 36.4636917114, 38.0998573303, 12.0288925171], [-57.0333328247, -58.4397888184, -41.5722351074, -11.9595775604, 10.8857011795, 19.6556835175, 15.1534385681, 0.752634525299, 9.69842243195, 36.4636917114, 121.280990601, 69.322052002, 76.8911972046], [-106.152259827, -0.61619913578, 61.258731842, -26.2198848724, 27.0337219238, 29.2186012268, 45.4328422546, 12.3244867325, 2.4944832325, 38.0998573303, 69.322052002, 123.245071411, 77.2998886108], [304.568023682, -279.572570801, -185.957763672, -95.7212219238, -17.1172218323, -17.867816925, -1.51680767536, -47.6959838867, -18.7456035614, 12.0288925171, 76.8911972046, 77.2998886108, 196.294326782]]
        icov: [[0.000226429590839, -7.0864763984e-05, 0.000244487862801, 0.00035161850974, 0.000198837049538, -7.09484666004e-05, 0.000358537450666, 0.000165853052749, -0.000622553168796, 9.71903136815e-06, 0.000346326472936, -0.000123561578221, -0.000142277640407], [-7.0864763984e-05, 0.001845734776, -0.00103175907861, -0.00114466191735, 0.00150045857299, 0.000192155974219, -0.00257529690862, 0.000529295066372, -0.000385224004276, -0.00025494772126, -0.000373070128262, 5.50964941795e-05, 0.00156345008872], [0.000244487862801, -0.00103175907861, 0.00384704931639, 0.000283603585558, -0.00286783697084, -0.00170156697277, 0.00256770686246, -0.00193940952886, -0.000872337084729, -0.000682784360833, 0.00254980125464, -0.00344674475491, 0.00139462610241], [0.00035161850974, -0.00114466191735, 0.000283603585558, 0.00902169849724, -0.00273302826099, -0.00404688948765, 0.00423722015694, -0.00167028082069, -0.00058554491261, 0.00198604492471, -0.00122653995641, 0.00157862319611, 0.00119354110211], [0.000198837049538, 0.00150045857299, -0.00286783697084, -0.00273302826099, 0.0143954716623, -0.00237102736719, -0.00921248178929, 0.00445499969646, 0.00205599423498, -0.00667193811387, 1.45606309161e-05, 0.00414518173784, -0.00120311696082], [-7.09484666004e-05, 0.000192155974219, -0.00170156697277, -0.00404688948765, -0.00237102736719, 0.0155613068491, -0.00154246122111, 0.000451716477983, -0.00380087015219, 0.00571391265839, -0.00262389751151, -0.00258171302266, -0.000562710512895], [0.000358537450666, -0.00257529690862, 0.00256770686246, 0.00423722015694, -0.00921248178929, -0.00154246122111, 0.0189424790442, -0.00806443672627, -0.00550507800654, 0.00311944796704, 0.00272178999148, -0.00475097307935, -0.0023944536224], [0.000165853052749, 0.000529295066372, -0.00193940952886, -0.00167028082069, 0.00445499969646, 0.000451716477983, -0.00806443672627, 0.0195053331554, -0.000592809054069, -0.00358820031397, -0.00141432636883, 0.000408872059779, 0.00350773520768], [-0.000622553168796, -0.000385224004276, -0.000872337084729, -0.00058554491261, 0.00205599423498, -0.00380087015219, -0.00550507800654, -0.000592809054069, 0.016706770286, -0.00218630651943, -0.00287548755296, 0.00415780488402, 0.000170554456417], [9.71903136815e-06, -0.00025494772126, -0.000682784360833, 0.00198604492471, -0.00667193811387, 0.00571391265839, 0.00311944796704, -0.00358820031397, -0.00218630651943, 0.0140433916822, -0.00381986820139, -0.00228910287842, 0.000362372084055], [0.000346326472936, -0.000373070128262, 0.00254980125464, -0.00122653995641, 1.45606309161e-05, -0.00262389751151, 0.00272178999148, -0.00141432636883, -0.00287548755296, -0.00381986820139, 0.0170379094779, -0.00760429771617, -0.00353144109249], [-0.000123561578221, 5.50964941795e-05, -0.00344674475491, 0.00157862319611, 0.00414518173784, -0.00258171302266, -0.00475097307935, 0.000408872059779, 0.00415780488402, -0.00228910287842, -0.00760429771617, 0.0205079112202, -0.00659603858367], [-0.000142277640407, 0.00156345008872, 0.00139462610241, 0.00119354110211, -0.00120311696082, -0.000562710512895, -0.0023944536224, 0.00350773520768, 0.000170554456417, 0.000362372084055, -0.00353144109249, -0.00659603858367, 0.0140976682305]]
    spectral_contrast:
        mean: [-2.7364944799e-07, -5.67537519203e-08, -1.19518972497e-07, -3.33800585395e-07, 8.59822506527e-08, -7.98250482603e-07, -7.07750530182e-07, 1.5900886865e-06, -1.21708603729e-06, -6.52882192753e-08, -5.00154374095e-06, -5.87593967794e-06]
        var: [0.000654890784062, 0.00118377013132, 0.00218912377022, 0.00314684887417, 0.0129645904526, 0.0190087780356, 0.0545463226736, 0.0863649323583, 0.15250582993, 0.226871743798, 0.499103188515, 2.95793223381]

rhythm:
    beats_loudness:
        dmean: 0.00339439697564
        dmean2: 0.00597276445478
        dvar: 1.40398351505e-05
        dvar2: 3.50948175765e-05
        max: 0.0167478248477
        mean: 0.00351988524199
        min: 1.18645430121e-05
        var: 1.57138092618e-05
    beats_loudness_bass:
        dmean: 0.0330413915217
        dmean2: 0.0588998273015
        dvar: 0.00361385894939
        dvar2: 0.00926096178591
        max: 0.253226965666
        mean: 0.0223565530032
        min: 6.5442873165e-06
        var: 0.00291422591545
    bpm: 123.838012695
    bpm_confidence: 0
    first_peak_bpm: 124
    first_peak_spread: 0
    first_peak_weight: 0.523809552193
    onset_rate: 3.27274942398
    second_peak_bpm: 149
    second_peak_spread: 0
    second_peak_weight: 0.428571432829
    beats_position: [0.103890582919, 0.58839815855, 1.07290577888, 1.55741333961, 2.04192113876, 2.52642846107, 3.0109360218, 3.49544358253, 3.97995114326, 4.46445846558, 4.94896602631, 5.43347358704, 6.18982410431, 6.59346628189, 6.99710893631, 7.40075159073, 7.80439376831, 8.20803642273, 8.61167907715, 9.01532173157, 9.41896343231, 9.82260608673]
    bpm_estimates: [124.18006897, 123.49596405]
    bpm_intervals: [0.48450756073, 0.484507620335, 0.48450756073, 0.484507799149, 0.484507322311, 0.48450756073, 0.48450756073, 0.48450756073, 0.484507322311, 0.48450756073, 0.48450756073, 0.756350517273, 0.403642177582, 0.403642654419, 0.403642654419, 0.403642177582, 0.403642654419, 0.403642654419, 0.403642654419, 0.403641700745, 0.403642654419]
    onset_times: [0.0580498874187, 0.220589563251, 0.545668959618, 1.06811785698, 1.55573701859, 2.00852608681, 2.18267583847, 2.38004541397, 2.46131515503, 2.65868473053, 2.83283448219, 3.11147403717, 3.42494320869, 3.47138333321, 3.93578219414, 4.12154197693, 4.27247142792, 4.40018129349, 4.446621418, 4.6439909935, 4.94585037231, 5.01551008224, 5.22448968887, 5.41024923325, 5.61922883987, 5.68888902664, 6.18811798096, 6.67573690414, 7.47682523727, 8.06893444061, 8.67265319824, 9.31120204926, 9.99619007111]
    rubato_start: [6.59346628189]
    rubato_stop: [9.82260608673]
    perceptual_tempo: "unknown"

sfx:
    inharmonicity:
        dmean: 0.0462576635182
        dmean2: 0.0807265862823
        dvar: 0.00459218025208
        dvar2: 0.012084685266
        max: 0.441927671432
        mean: 0.0430914983153
        min: 0
        var: 0.00446677394211
    oddtoevenharmonicenergyratio:
        dmean: 2.68777441978
        dmean2: 5.09039783478
        dvar: 246.695907593
        dvar2: 730.567810059
        max: 220.95854187
        mean: 2.68060564995
        min: 0
        var: 130.650848389
    pitch_after_max_to_before_max_energy_ratio: 2.85542368889
    pitch_centroid: 166.860198975
    pitch_max_to_total: 0.00977995153517
    pitch_min_to_total: 0.0171149149537
    tristimulus:
        dmean: [0.132891312242, 0.144812718034, 0.09264780581]
        dmean2: [0.229474440217, 0.255176842213, 0.164529696107]
        dvar: [0.0323587954044, 0.0328617878258, 0.0146799366921]
        dvar2: [0.0772158503532, 0.083208270371, 0.0394072420895]
        max: [1, 0.970786809921, 0.77579832077]
        mean: [0.297031641006, 0.534198462963, 0.156133204699]
        min: [0.000212626109715, 0, 0]
        var: [0.0536212623119, 0.0448144823313, 0.0187304075807]

tonal:
    chords_changes_rate: 0.0825242698193
    chords_number_rate: 0.0436893217266
    chords_strength:
        dmean: 0.0148635283113
        dmean2: 0.0132875386626
        dvar: 0.000145613332279
        dvar2: 0.000145261365105
        max: 0.734881460667
        mean: 0.519618928432
        min: 0.337793201208
        var: 0.00887232646346
    key_strength: 0.565587818623
    tuning_diatonic_strength: 0.46493935585
    tuning_equal_tempered_deviation: 0.0754906237125
    tuning_frequency: 437.971466064
    tuning_nontempered_energy_ratio: 0.736348450184
    hpcp:
        dmean: [0.0678892508149, 0.0764637291431, 0.0959160402417, 0.10888710618, 0.101793840528, 0.11188942194, 0.105586715043, 0.0964301228523, 0.0790145844221, 0.0761266574264, 0.0662214532495, 0.084462299943, 0.0995729491115, 0.0797959789634, 0.0695280432701, 0.0742732137442, 0.0845438241959, 0.126063376665, 0.13674685359, 0.0982403829694, 0.0490136407316, 0.059003546834, 0.0587916150689, 0.0765784829855, 0.0859294161201, 0.085550583899, 0.0966863334179, 0.10506220907, 0.0851410627365, 0.0891726389527, 0.109240844846, 0.0832492634654, 0.0820856764913, 0.0717339739203, 0.0564739406109, 0.0702693164349]
        dmean2: [0.117422997952, 0.12118408829, 0.16770811379, 0.167288258672, 0.16560523212, 0.180031090975, 0.174260377884, 0.15381154418, 0.126214668155, 0.123502500355, 0.100115716457, 0.135584339499, 0.16399846971, 0.14395314455, 0.10946585238, 0.120371647179, 0.131769046187, 0.199505344033, 0.224183127284, 0.151393517852, 0.0762763693929, 0.0963021144271, 0.0872189477086, 0.121104635298, 0.131416484714, 0.136948361993, 0.150557741523, 0.158692210913, 0.13332170248, 0.146670669317, 0.181514471769, 0.134310528636, 0.142471849918, 0.122140482068, 0.0952325239778, 0.125458449125]
        dvar: [0.0226185657084, 0.0209404658526, 0.0361638478935, 0.0290286112577, 0.0302571952343, 0.0333590582013, 0.0337046608329, 0.0284983962774, 0.0185998417437, 0.0219080336392, 0.0178939197212, 0.0234367959201, 0.0426527112722, 0.0368893258274, 0.0164644084871, 0.0214748773724, 0.0268688518554, 0.0284306295216, 0.0544364750385, 0.0274277832359, 0.0105506610125, 0.019353216514, 0.0159757249057, 0.0184121523052, 0.02118139714, 0.0226142294705, 0.0224308464676, 0.0258914902806, 0.0165871102363, 0.0248507019132, 0.04074421525, 0.0273803155869, 0.025308586657, 0.0270841512829, 0.0212924238294, 0.0285104271024]
        dvar2: [0.0678363144398, 0.0469890199602, 0.0796427503228, 0.0524105541408, 0.0749216228724, 0.0731645673513, 0.0604703724384, 0.0726546421647, 0.0504854880273, 0.0565031506121, 0.0370860993862, 0.062642775476, 0.103355072439, 0.0782120674849, 0.0392311215401, 0.0509051382542, 0.0583310984075, 0.0620636083186, 0.107041507959, 0.047578714788, 0.0242813806981, 0.0350446663797, 0.0360954403877, 0.0429645888507, 0.0415829308331, 0.0469717942178, 0.0487764663994, 0.0490901470184, 0.0437871925533, 0.0642681419849, 0.089861497283, 0.0508267395198, 0.0680573657155, 0.071304038167, 0.057872261852, 0.0788587778807]
        max: [1, 1, 1, 1, 1, 1, 1, 1, 1, 1, 1, 1, 1, 1, 1, 1, 1, 1, 1, 1, 0.839715540409, 1, 1, 1, 1, 1, 1, 1, 1, 0.982428789139, 1, 1, 1, 1, 1, 1]
        mean: [0.0947680622339, 0.0960887447, 0.154096931219, 0.183335855603, 0.139720022678, 0.148159876466, 0.19345729053, 0.156328529119, 0.12585760653, 0.144537970424, 0.11308632046, 0.137145802379, 0.176297396421, 0.120266392827, 0.0824614986777, 0.104504317045, 0.135029107332, 0.21666829288, 0.271966189146, 0.157448410988, 0.0713464319706, 0.0846737921238, 0.0780825540423, 0.108033753932, 0.15060646832, 0.137214794755, 0.145145311952, 0.163925081491, 0.114318363369, 0.108236551285, 0.148514837027, 0.124055035412, 0.105654671788, 0.0944774225354, 0.0660453140736, 0.0813534557819]
        min: [0.000143204335473, 0.000488863501232, 0.000798334076535, 0.00115771102719, 0.00168282014783, 0.000453775050119, 0.000548264826648, 0.000700127740856, 0.000811144534964, 0, 0, 0, 0, 0, 0, 0, 0, 0, 0, 0, 9.77806412266e-05, 0.000122537996504, 0.000293429242447, 0.000408294145018, 0.00102879130282, 0.00258356169797, 0.00126224616542, 8.69535085712e-07, 0.00030303208041, 0.000105887818791, 0.000181784678716, 0.00136677455157, 0, 0.000486029661261, 0.000307568261633, 3.62338359992e-05]
        var: [0.0366196036339, 0.0261682979763, 0.0440139770508, 0.0600604750216, 0.0409726090729, 0.0466798245907, 0.0842978209257, 0.0575850494206, 0.0338653810322, 0.0638194009662, 0.03425770998, 0.051796015352, 0.0884965583682, 0.0625256374478, 0.0225380118936, 0.0354400277138, 0.0546199567616, 0.0635993033648, 0.118679746985, 0.0558190606534, 0.0144338002428, 0.0345145277679, 0.0188111998141, 0.0298188794404, 0.0619972273707, 0.0514838956296, 0.0448118820786, 0.0530783683062, 0.0200469885021, 0.0228557866067, 0.0473355799913, 0.0392923504114, 0.0320438034832, 0.0358141250908, 0.0181673206389, 0.0285091437399]
    chords_histogram: [27.6699028015, 0, 5.33980560303, 0, 0, 13.1067962646, 2.42718458176, 9.70873832703, 5.82524251938, 1.9417475462, 0.485436886549, 0, 0, 0, 0, 0, 0.485436886549, 0, 0, 14.5631065369, 0, 0, 0, 18.4466018677]
    thpcp: [1, 0.578926444054, 0.262335658073, 0.311339408159, 0.287103891373, 0.397232294083, 0.553769111633, 0.504528880119, 0.533688783646, 0.602740645409, 0.420340359211, 0.397977977991, 0.546078324318, 0.456141382456, 0.388484597206, 0.347386658192, 0.242843836546, 0.299130767584, 0.348455309868, 0.353311359882, 0.566603243351, 0.674112677574, 0.513740420341, 0.544773161411, 0.711328446865, 0.574808716774, 0.462769299746, 0.531455636024, 0.415810227394, 0.504275202751, 0.648232758045, 0.442210823298, 0.303204953671, 0.384254813194, 0.496492266655, 0.79667365551]
    chords_key: "D#"
    chords_scale: "minor"
    key_key: "D#"
    key_scale: "minor"
    chords_progression: ["A", "A", "A", "A", "A", "A", "Dm", "A", "A", "A", "A", "A", "A", "A", "A", "A", "A", "A", "A", "A", "A", "A", "A", "A", "A", "A", "A", "A", "A", "A", "A", "Gm", "Gm", "Gm", "Gm", "Gm", "Gm", "Gm", "Gm", "Gm", "Gm", "Gm", "Gm", "D#", "D#", "D#", "D#", "D#", "D#", "D#", "D#", "D#", "D#", "D#", "D#", "D#", "D#m", "D#m", "D#m", "D#m", "D#m", "D#", "D#", "D#", "D#", "D#", "D#", "D#", "D#m", "A#", "A#", "B", "B", "B", "B", "B", "B", "B", "B", "B", "B", "B", "B", "B", "B", "B", "B", "A#", "A#", "B", "B", "B", "B", "B", "B", "B", "B", "B", "B", "B", "B", "B", "D#m", "D#m", "D#m", "D#m", "D#m", "D#m", "D#m", "D#m", "D#m", "D#m", "D#m", "D#m", "D#m", "D#m", "D#m", "D#m", "D#m", "D#m", "D#m", "D#m", "D#m", "D#m", "D#m", "D#m", "D#m", "D#m", "D#m", "D#m", "D#m", "D#m", "D#m", "D#m", "D#m", "D#m", "D#m", "D#m", "D#m", "D#m", "D#m", "D#m", "D#m", "D#m", "D#m", "D#m", "D#m", "D#m", "D#m", "D#m", "D#m", "D#m", "D#m", "A#m", "A#m", "A#m", "A#m", "A#m", "A#m", "A#m", "A#m", "A#m", "A#m", "A#m", "G#", "G#", "G#", "G#", "G#", "G#", "G#", "G#", "G#", "G#", "G#", "G#", "G#", "G#", "G#", "G#", "G#", "G#", "G#", "G#", "G#", "G#", "G#", "G#", "G#", "G#", "G#", "Cm", "Cm", "Cm", "Cm", "Cm", "Bm", "B", "B", "B", "B", "B", "B", "B", "B", "B"]
