
metadata:
    version:
        essentia: "1.2.2"
    audio_properties:
        analysis_sample_rate: 44100
        bitrate: 128
        channels: 2
        equal_loudness: 1
        length: 10.0310201645
        replay_gain: -10.11967659
        downmix: "mix"
    tags:
        track: 51
        year: 0
        album: "Splitted by Mp3Splt v. 2.1"
        artist: "From 008.20 To 008.30"
        comment: "http://mp3splt.sf.net"
        genre: ""
        title: "02 Born Slippy [Nuxx].mp3"

highlevel:
    ballroom:
        all:
            ChaChaCha: 0.133719578385
            Jive: 0.303922981024
            Quickstep: 0.0105398679152
            Rumba-American: 0.000562469707802
            Rumba-International: 0.000955347204581
            Rumba-Misc: 0.000321748433635
            Samba: 0.549249827862
            Tango: 8.32122095744e-05
            VienneseWaltz: 0.000394163856981
            Waltz: 0.000250774552114
        probability: 0.549249827862
        value: "Samba"
    culture:
        all:
            non_western: 0.063300780952
            western: 0.936699211597
        probability: 0.936699211597
        value: "western"
    gender:
        all:
            female: 0.924214482307
            male: 0.0757855176926
        probability: 0.924214482307
        value: "female"
    genre_dortmund:
        all:
            alternative: 0.0550090931356
            blues: 0.00699729425833
            electronic: 0.400120854378
            folkcountry: 0.0117923701182
            funksoulrnb: 0.00357581907883
            jazz: 0.11463470757
            pop: 0.0302780605853
            raphiphop: 0.00289402366616
            rock: 0.374697774649
        probability: 0.400120854378
        value: "electronic"
    genre_electronica:
        all:
            ambient: 0.0209635030478
            dnb: 0.232755705714
            house: 0.00210402626544
            techno: 0.0141026265919
            trance: 0.730074107647
        probability: 0.730074107647
        value: "trance"
    genre_rosamerica:
        all:
            cla: 0.0301982890815
            dan: 0.69586867094
            hip: 0.02946382761
            jaz: 0.0174569226801
            pop: 0.0314445123076
            rhy: 0.0107706887648
            roc: 0.181630298495
            spe: 0.00316679663956
        probability: 0.69586867094
        value: "dan"
    genre_tzanetakis:
        all:
            blu: 0.0102723082528
            cla: 0.0125489942729
            cou: 0.00913392100483
            dis: 0.276238441467
            hip: 0.0786635801196
            jaz: 0.140545457602
            met: 0.0947057008743
            pop: 0.285945892334
            reg: 0.0246088635176
            roc: 0.0673368498683
        probability: 0.285945892334
        value: "pop"
    live_studio:
        all:
            live: 0.0118052083999
            studio: 0.98819476366
        probability: 0.98819476366
        value: "studio"
    mood:
        all:
            Cluster1: 0.389331072569
            Cluster2: 0.0687006935477
            Cluster3: 0.0083225434646
            Cluster4: 0.0891029089689
            Cluster5: 0.444542765617
        probability: 0.444542765617
        value: "Cluster5"
    mood_acoustic:
        all:
            acoustic: 0.010706349276
            not_acoustic: 0.989293634892
        probability: 0.989293634892
        value: "not_acoustic"
    mood_aggressive:
        all:
            aggressive: 0.979523897171
            not_aggressive: 0.0204761046916
        probability: 0.979523897171
        value: "aggressive"
    mood_electronic:
        all:
            electronic: 0.964019656181
            not_electronic: 0.035980347544
        probability: 0.964019656181
        value: "electronic"
    mood_happy:
        all:
            happy: 0.20918610692
            not_happy: 0.790813922882
        probability: 0.790813922882
        value: "not_happy"
    mood_party:
        all:
            not_party: 0.111756287515
            party: 0.888243734837
        probability: 0.888243734837
        value: "party"
    mood_relaxed:
        all:
            not_relaxed: 0.94027197361
            relaxed: 0.0597280487418
        probability: 0.94027197361
        value: "not_relaxed"
    mood_sad:
        all:
            not_sad: 0.907212138176
            sad: 0.0927878469229
        probability: 0.907212138176
        value: "not_sad"
    rhythm:
        all:
            fast: 0.941931545734
            medium: 0.0570771358907
            slow: 0.000991332693957
        probability: 0.941931545734
        value: "fast"
    speech_music:
        all:
            music: 0.997618198395
            speech: 0.00238178810105
        probability: 0.997618198395
        value: "music"
    timbre:
        all:
            bright: 0.951146304607
            dark: 0.0488536991179
        probability: 0.951146304607
        value: "bright"
    voice_instrumental:
        all:
            instrumental: 0.493079841137
            voice: 0.506920158863
        probability: 0.506920158863
        value: "voice"

lowlevel:
    average_loudness: 0.985995531082
    barkbands_kurtosis:
        dmean: 0.960289597511
        dmean2: 1.62695538998
        dvar: 1.36202824116
        dvar2: 3.59057307243
        max: 6.81126022339
        mean: -0.598257243633
        min: -1.72041487694
        var: 1.72097849846
    barkbands_skewness:
        dmean: 0.543536782265
        dmean2: 0.858916938305
        dvar: 0.209350407124
        dvar2: 0.501592755318
        max: 2.56893873215
        mean: 0.585246682167
        min: -1.30096852779
        var: 0.544621646404
    barkbands_spread:
        dmean: 7.48423671722
        dmean2: 11.8771381378
        dvar: 34.0437774658
        dvar2: 88.995475769
        max: 60.0347633362
        mean: 38.1899833679
        min: 13.3300285339
        var: 70.4403686523
    dissonance:
        dmean: 0.0154970679432
        dmean2: 0.0263491701335
        dvar: 0.000216530112084
        dvar2: 0.000584024528507
        max: 0.49939879775
        mean: 0.473891854286
        min: 0.372141122818
        var: 0.000281646120129
    hfc:
        dmean: 2.99542331696
        dmean2: 4.20280504227
        dvar: 8.60089683533
        dvar2: 17.4232139587
        max: 19.1919441223
        mean: 4.19180965424
        min: 0.321727633476
        var: 13.7678060532
    pitch:
        dmean: 890.386352539
        dmean2: 1736.56896973
        dvar: 2226068
        dvar2: 5366159
        max: 4410
        mean: 978.685668945
        min: 55.6818199158
        var: 2215546.25
    pitch_instantaneous_confidence:
        dmean: 0.0803043395281
        dmean2: 0.130667492747
        dvar: 0.00461550755426
        dvar2: 0.0101019693539
        max: 0.893388152122
        mean: 0.295353055
        min: 0.126536786556
        var: 0.0110456729308
    pitch_salience:
        dmean: 0.0802864134312
        dmean2: 0.13816639781
        dvar: 0.0044226506725
        dvar2: 0.0125387972221
        max: 0.835339903831
        mean: 0.646766543388
        min: 0.375030755997
        var: 0.0081577654928
    silence_rate_20dB:
        dmean: 0
        dmean2: 0
        dvar: 0
        dvar2: 0
        max: 1
        mean: 1
        min: 1
        var: 0
    silence_rate_30dB:
        dmean: 0
        dmean2: 0
        dvar: 0
        dvar2: 0
        max: 1
        mean: 1
        min: 1
        var: 0
    silence_rate_60dB:
        dmean: 0.306264489889
        dmean2: 0.613953471184
        dvar: 0.212466672063
        dvar2: 0.348642617464
        max: 1
        mean: 0.6875
        min: 0
        var: 0.21484375
    spectral_centroid:
        dmean: 386.261810303
        dmean2: 605.903320312
        dvar: 120324.179688
        dvar2: 234831.21875
        max: 3173.35229492
        mean: 1438.14416504
        min: 388.245880127
        var: 343687
    spectral_complexity:
        dmean: 5.78787899017
        dmean2: 8.56542015076
        dvar: 29.1974143982
        dvar2: 56.1804466248
        max: 32
        mean: 8.43488407135
        min: 0
        var: 44.6178588867
    spectral_crest:
        dmean: 2.75482702255
        dmean2: 4.62717866898
        dvar: 6.77088212967
        dvar2: 17.7404098511
        max: 18.4557533264
        mean: 7.07874917984
        min: 2.65996837616
        var: 9.99156284332
    spectral_decrease:
        dmean: 5.70980540626e-10
        dmean2: 8.63665583495e-10
        dvar: 6.01047941247e-19
        dvar2: 1.50869337507e-18
        max: -5.90072435358e-11
        mean: -7.22889303972e-10
        min: -4.76247308256e-09
        var: 6.19227665051e-19
    spectral_energy:
        dmean: 0.00241806171834
        dmean2: 0.00361225684173
        dvar: 9.6986459539e-06
        dvar2: 2.41181860474e-05
        max: 0.019276605919
        mean: 0.00310855847783
        min: 0.000251888326602
        var: 1.04115888462e-05
    spectral_energyband_high:
        dmean: 0.000230214078329
        dmean2: 0.000321394618368
        dvar: 6.34889829598e-08
        dvar2: 1.13199966734e-07
        max: 0.0018653619336
        mean: 0.000315599085297
        min: 1.41512837217e-05
        var: 1.07747482048e-07
    spectral_energyband_low:
        dmean: 0.000322981970385
        dmean2: 0.000525506562553
        dvar: 3.9111128558e-07
        dvar2: 9.7719976111e-07
        max: 0.00418263720348
        mean: 0.000326446635881
        min: 7.99304962129e-06
        var: 3.55762267645e-07
    spectral_energyband_middle_high:
        dmean: 0.000646573142149
        dmean2: 0.000936437456403
        dvar: 4.06130169495e-07
        dvar2: 8.47484102451e-07
        max: 0.00456422381103
        mean: 0.000900475832168
        min: 5.64850815863e-05
        var: 6.35364983737e-07
    spectral_energyband_middle_low:
        dmean: 0.00156003027223
        dmean2: 0.00271381973289
        dvar: 7.69659982325e-06
        dvar2: 2.1157809897e-05
        max: 0.0152297988534
        mean: 0.00156602472998
        min: 7.4111536378e-05
        var: 5.48004800294e-06
    spectral_flatness_db:
        dmean: 0.0173485614359
        dmean2: 0.0287116523832
        dvar: 0.000239264962147
        dvar2: 0.000625914020929
        max: 0.194447919726
        mean: 0.112003341317
        min: 0.0720716416836
        var: 0.000539373548236
    spectral_flux:
        dmean: 0.0156365912408
        dmean2: 0.0237902458757
        dvar: 0.000318414298818
        dvar2: 0.000633098476101
        max: 0.123733326793
        mean: 0.0405423901975
        min: 0.0116592394188
        var: 0.000487408251502
    spectral_kurtosis:
        dmean: 0.709548354149
        dmean2: 1.17254006863
        dvar: 0.503734111786
        dvar2: 1.09560084343
        max: 8.29858875275
        mean: 2.08162307739
        min: 0.395458459854
        var: 0.870971083641
    spectral_rms:
        dmean: 0.000631441886071
        dmean2: 0.000883043918293
        dvar: 3.62048268698e-07
        dvar2: 8.76873571087e-07
        max: 0.0043366397731
        mean: 0.00158022798132
        min: 0.000495726417284
        var: 5.35619619768e-07
    spectral_rolloff:
        dmean: 740.109436035
        dmean2: 1172.95593262
        dvar: 489586.46875
        dvar2: 1141469.75
        max: 5060.30273438
        mean: 3166.98339844
        min: 366.064453125
        var: 1049350.25
    spectral_skewness:
        dmean: 0.162949353456
        dmean2: 0.246604174376
        dvar: 0.0233956314623
        dvar2: 0.0473181642592
        max: 2.31631803513
        mean: 1.26514184475
        min: 0.678129017353
        var: 0.0506421849132
    spectral_spread:
        dmean: 520519.46875
        dmean2: 833892.875
        dvar: 212463435776
        dvar2: 464009592832
        max: 8918458
        mean: 6464200.5
        min: 4896944.5
        var: 567218274304
    spectral_strongpeak:
        dmean: 0.129958540201
        dmean2: 0.237652093172
        dvar: 0.0804932489991
        dvar2: 0.210218429565
        max: 2.98543596268
        mean: 0.162354514003
        min: 0.0147836273536
        var: 0.0766477957368
    zerocrossingrate:
        dmean: 0.0138494316489
        dmean2: 0.0159661117941
        dvar: 0.000107386840682
        dvar2: 0.000138354123919
        max: 0.16552734375
        mean: 0.0907555893064
        min: 0.0341796875
        var: 0.000637876277324
    barkbands:
        dmean: [3.26972383391e-07, 8.56687474879e-05, 0.000280093459878, 0.000467356032459, 0.000876333098859, 0.000167664547917, 0.000117101219075, 6.83423641021e-05, 8.37113620946e-05, 4.64246113552e-05, 6.06363428233e-05, 3.95261813537e-05, 4.30093423347e-05, 4.3094092689e-05, 5.81672793487e-05, 7.47498197597e-05, 8.14475060906e-05, 0.000114987240522, 0.000134437912493, 0.000152231790707, 9.55628202064e-05, 4.00784192607e-05, 1.22150713651e-05, 5.32064086656e-06, 2.6874311061e-06, 1.14366223158e-07, 7.15041248434e-10]
        dmean2: [3.72629557432e-07, 0.000122242287034, 0.000496417167597, 0.000858250947203, 0.00160800886806, 0.000280450069113, 0.00018384946452, 0.000117210111057, 0.000140403033583, 7.45591751183e-05, 9.30218302528e-05, 6.46595362923e-05, 6.62085294607e-05, 6.9643574534e-05, 9.36123760766e-05, 0.000123984471429, 0.000126670478494, 0.000177843205165, 0.000207387900446, 0.000223921277211, 0.000139074196341, 5.8977642766e-05, 1.71249430423e-05, 7.72633393353e-06, 3.80744154427e-06, 1.65323370993e-07, 9.12640130135e-10]
        dvar: [5.4877223642e-13, 1.55366937094e-08, 3.51802583509e-07, 1.11948895665e-06, 3.46495994563e-06, 4.1268680917e-08, 2.5095383549e-08, 1.39014169065e-08, 1.56529651463e-08, 2.58457677482e-09, 7.30726634757e-09, 2.67155897404e-09, 2.31855712407e-09, 2.91873036851e-09, 4.71588545992e-09, 4.19034371646e-08, 1.00262536051e-08, 1.77939867285e-08, 2.09196855394e-08, 3.23602229457e-08, 1.18229204205e-08, 3.24040083655e-09, 2.24339574695e-10, 4.77302954105e-11, 1.11921132084e-11, 2.32127414079e-14, 5.79950224095e-17]
        dvar2: [5.68815123041e-13, 3.19210649025e-08, 9.12673215225e-07, 3.20799790643e-06, 9.78482421488e-06, 1.04193503603e-07, 5.78626782044e-08, 3.75240141182e-08, 4.11051743754e-08, 6.41673469914e-09, 1.48765986197e-08, 6.72850664074e-09, 5.47713030485e-09, 6.89474344284e-09, 1.17320562154e-08, 1.15146875146e-07, 2.4100051732e-08, 3.94815771187e-08, 4.76731401022e-08, 6.60059029656e-08, 2.32226273766e-08, 6.33480201628e-09, 4.09711126137e-10, 9.22244156043e-11, 2.13719528186e-11, 4.84838677452e-14, 5.83352980437e-17]
        max: [1.30859061755e-05, 0.00117395096458, 0.0035345251672, 0.00678230961785, 0.0108178639784, 0.00117451476399, 0.00103706144728, 0.000888858048711, 0.000892189971637, 0.000367988890503, 0.000920577323996, 0.000422254670411, 0.000306691654259, 0.000384576676879, 0.000466338358819, 0.00345143163577, 0.00104250223376, 0.00101330270991, 0.00092247617431, 0.00123909232207, 0.0006759724929, 0.000424822879722, 0.000133844441734, 5.4736596212e-05, 2.64141763182e-05, 1.09493544187e-06, 1.58122176686e-07]
        mean: [5.58271381124e-07, 0.000105523882667, 0.000220379602979, 0.000390180328395, 0.000714820693247, 0.000185538869118, 0.000123507968965, 6.40612197458e-05, 7.85671363701e-05, 4.97249566251e-05, 6.84985207045e-05, 4.49555591331e-05, 5.1243136113e-05, 4.94742671435e-05, 6.82129102643e-05, 8.73969038366e-05, 0.000100363700767, 0.000141004609759, 0.000160217037774, 0.000204859650694, 0.000121633056551, 5.23373746546e-05, 1.50211562868e-05, 6.80620951243e-06, 3.52301412931e-06, 1.50905293594e-07, 7.53057338709e-10]
        min: [9.8012256089e-09, 2.65071048489e-06, 3.06042551301e-07, 2.22121161642e-06, 1.63232871273e-05, 4.10036773246e-06, 1.77980848548e-06, 7.8186127439e-07, 2.75238039649e-06, 1.3394767393e-06, 9.9466865322e-07, 1.90772175301e-06, 9.51863171395e-07, 9.72868633653e-07, 2.62022422248e-06, 3.33220555149e-06, 3.37348546964e-06, 4.52456561106e-06, 4.52921767646e-06, 1.00740380731e-05, 3.20495564665e-06, 1.51991343955e-06, 4.58653317992e-07, 4.64811506617e-07, 1.92757781292e-07, 1.01241885986e-08, 4.75206083251e-13]
        var: [9.2543344949e-13, 2.50797409507e-08, 2.57179067376e-07, 6.72429848692e-07, 2.23980077863e-06, 3.8500946431e-08, 2.92302306804e-08, 1.00942099124e-08, 1.25007844076e-08, 2.96118307652e-09, 1.03130499696e-08, 2.67967359413e-09, 2.98974467405e-09, 3.51960460776e-09, 5.1729913686e-09, 4.32983604526e-08, 1.16870033651e-08, 2.19871374441e-08, 2.7801220881e-08, 4.46589538683e-08, 1.84467783271e-08, 4.3781649417e-09, 3.51875278914e-10, 6.55532780836e-11, 1.64944776587e-11, 3.23495468965e-14, 5.79539876337e-17]
    mfcc:
        mean: [-715.228637695, 92.1956787109, -22.2286872864, 49.4282569885, -8.27797985077, 2.46452665329, -0.473783403635, -5.10195207596, -3.99582600594, -5.9812130928, -6.82100057602, -5.75060176849, -5.1976556778]
        cov: [[2263.19042969, -326.957794189, -147.317260742, -55.0364265442, -125.384040833, -47.7748565674, -50.1402778625, -21.5073699951, -64.1153793335, -60.4184150696, -49.8454971313, -39.841381073, -66.8547821045], [-326.957794189, 380.818725586, 16.1901168823, 50.8583641052, 49.5996284485, -24.8549022675, 7.73869085312, 12.017788887, 2.03242349625, -8.38516712189, 9.00344371796, 24.5385169983, 19.3205165863], [-147.317260742, 16.1901168823, 149.647415161, 52.6233482361, 20.618812561, 23.0251903534, 9.75403499603, 8.30062675476, 9.75651741028, 17.2172050476, 24.5309829712, 26.1866168976, 6.1759057045], [-55.0364265442, 50.8583641052, 52.6233482361, 93.3917541504, 45.6666488647, 22.4098987579, 20.3175678253, 10.8248071671, 7.56232118607, -0.804111242294, 9.81629276276, 22.9051589966, 10.074593544], [-125.384040833, 49.5996284485, 20.618812561, 45.6666488647, 68.0380935669, 27.7727622986, 19.6051521301, 9.97850608826, 7.06549692154, 3.45417618752, 3.60428595543, 9.81519985199, 9.94804000854], [-47.7748565674, -24.8549022675, 23.0251903534, 22.4098987579, 27.7727622986, 55.8561820984, 30.6149501801, 6.93422889709, 5.4890871048, 3.21672391891, 7.04366970062, 7.53908061981, 2.65374827385], [-50.1402778625, 7.73869085312, 9.75403499603, 20.3175678253, 19.6051521301, 30.6149501801, 46.9988288879, 20.478143692, 7.15475320816, 1.19612169266, 4.19904136658, 9.27370643616, 4.48050451279], [-21.5073699951, 12.017788887, 8.30062675476, 10.8248071671, 9.97850608826, 6.93422889709, 20.478143692, 38.718547821, 17.8141517639, 2.30594062805, 3.81448459625, 5.8889298439, 1.68408131599], [-64.1153793335, 2.03242349625, 9.75651741028, 7.56232118607, 7.06549692154, 5.4890871048, 7.15475320816, 17.8141517639, 34.4356613159, 16.1959285736, 4.59400844574, 4.97313213348, 0.116078235209], [-60.4184150696, -8.38516712189, 17.2172050476, -0.804111242294, 3.45417618752, 3.21672391891, 1.19612169266, 2.30594062805, 16.1959285736, 35.9999198914, 20.2112064362, 4.8874168396, -3.75222396851], [-49.8454971313, 9.00344371796, 24.5309829712, 9.81629276276, 3.60428595543, 7.04366970062, 4.19904136658, 3.81448459625, 4.59400844574, 20.2112064362, 41.9850883484, 20.8415584564, -0.375876158476], [-39.841381073, 24.5385169983, 26.1866168976, 22.9051589966, 9.81519985199, 7.53908061981, 9.27370643616, 5.8889298439, 4.97313213348, 4.8874168396, 20.8415584564, 48.9324226379, 28.7582359314], [-66.8547821045, 19.3205165863, 6.1759057045, 10.074593544, 9.94804000854, 2.65374827385, 4.48050451279, 1.68408131599, 0.116078235209, -3.75222396851, -0.375876158476, 28.7582359314, 52.4348449707]]
        icov: [[0.000674490467645, 0.000540493056178, 0.000692971050739, -0.000851122720633, 0.00095120241167, -2.07719949685e-06, 0.000670383335091, -0.000894847617019, 0.00134698627517, 8.4849743871e-05, 0.000731309875846, -0.001002913923, 0.00109222193714], [0.000540493056178, 0.00409502955154, 0.00033990025986, -0.00120200996753, -0.00288758287206, 0.00499640079215, -0.00147091771942, -0.000109996355604, 0.000381640245905, 0.00220969971269, -0.00100463500712, -0.00137359870132, 0.000698790419847], [0.000692971050739, 0.00033990025986, 0.0105850519612, -0.00653351005167, 0.0033574369736, -0.00425290642306, 0.00425795279443, -0.00323876505718, 0.00315665081143, -0.0046231248416, 1.34272968353e-05, -0.00348908407614, 0.00166122126393], [-0.000851122720633, -0.00120200996753, -0.00653351005167, 0.022912139073, -0.0132468827069, 0.00206078169867, -0.00501324702054, 0.00359189440496, -0.00565027166158, 0.00735646253452, -0.00187708379235, -0.00474939309061, 0.00157726847101], [0.00095120241167, -0.00288758287206, 0.0033574369736, -0.0132468827069, 0.0318237841129, -0.0147560667247, 0.00423317262903, -0.00570193817839, 0.00449949968606, -0.00782522093505, 0.00478993961588, 0.00237945001572, -0.00288354977965], [-2.07719949685e-06, 0.00499640079215, -0.00425290642306, 0.00206078169867, -0.0147560667247, 0.0422160550952, -0.0263108294457, 0.0122194886208, -0.0071601876989, 0.00809264462441, -0.00719039188698, 0.00144563487265, 0.000530608696863], [0.000670383335091, -0.00147091771942, 0.00425795279443, -0.00501324702054, 0.00423317262903, -0.0263108294457, 0.0488292090595, -0.0251669231802, 0.0105718243867, -0.0066941655241, 0.00615120958537, -0.00568326469511, 0.00168149126694], [-0.000894847617019, -0.000109996355604, -0.00323876505718, 0.00359189440496, -0.00570193817839, 0.0122194886208, -0.0251669231802, 0.0509252622724, -0.029873939231, 0.0153190633282, -0.00959292333573, 0.00366382673383, -0.00134668103419], [0.00134698627517, 0.000381640245905, 0.00315665081143, -0.00565027166158, 0.00449949968606, -0.0071601876989, 0.0105718243867, -0.029873939231, 0.0594674386084, -0.0320779643953, 0.0169355273247, -0.00905350875109, 0.00451518781483], [8.4849743871e-05, 0.00220969971269, -0.0046231248416, 0.00735646253452, -0.00782522093505, 0.00809264462441, -0.0066941655241, 0.0153190633282, -0.0320779643953, 0.0604618601501, -0.030661277473, 0.0085755912587, -0.000945374951698], [0.000731309875846, -0.00100463500712, 1.34272968353e-05, -0.00187708379235, 0.00478993961588, -0.00719039188698, 0.00615120958537, -0.00959292333573, 0.0169355273247, -0.030661277473, 0.0530256591737, -0.0274141840637, 0.0140833090991], [-0.001002913923, -0.00137359870132, -0.00348908407614, -0.00474939309061, 0.00237945001572, 0.00144563487265, -0.00568326469511, 0.00366382673383, -0.00905350875109, 0.0085755912587, -0.0274141840637, 0.0525133907795, -0.0279698818922], [0.00109222193714, 0.000698790419847, 0.00166122126393, 0.00157726847101, -0.00288354977965, 0.000530608696863, 0.00168149126694, -0.00134668103419, 0.00451518781483, -0.000945374951698, 0.0140833090991, -0.0279698818922, 0.0354910492897]]
    spectral_contrast:
        mean: [-2.05237498108e-07, -5.26413828084e-07, 1.54868118329e-07, -4.1635101411e-07, 1.34872834678e-07, -1.0791212901e-07, -1.79437705583e-07, -1.19405081023e-06, -2.53756388702e-06, -9.26852237626e-07, -1.70465818883e-06, -6.19056606865e-07]
        var: [0.000145960060763, 0.000344795029378, 0.000665446917992, 0.00127296475694, 0.00286784069613, 0.0047960546799, 0.0195953827351, 0.0439470149577, 0.0881848856807, 0.116070635617, 0.225558832288, 1.26354324818]

rhythm:
    beats_loudness:
        dmean: 0.00143479101826
        dmean2: 0.00251634093001
        dvar: 8.5538363237e-07
        dvar2: 1.93083860722e-06
        max: 0.00929560698569
        mean: 0.00648031849414
        min: 0.00432152347639
        var: 1.56425323894e-06
    beats_loudness_bass:
        dmean: 0.0940012484789
        dmean2: 0.158034309745
        dvar: 0.00465935282409
        dvar2: 0.00698827579618
        max: 0.625787675381
        mean: 0.452524602413
        min: 0.270124226809
        var: 0.00906153209507
    bpm: 141.166610718
    bpm_confidence: 0
    first_peak_bpm: 141
    first_peak_spread: 0
    first_peak_weight: 0.95454543829
    onset_rate: 8.07495117188
    second_peak_bpm: 125
    second_peak_spread: 0
    second_peak_weight: 0.0454545468092
    beats_position: [0.279311031103, 0.704332709312, 1.12935447693, 1.55437600613, 1.97939765453, 2.40441918373, 2.82944083214, 3.25446248055, 3.67948412895, 4.10450553894, 4.52952718735, 4.95454883575, 5.37957048416, 5.80459213257, 6.28416395187, 6.70920181274, 7.13424015045, 7.55927848816, 7.98431682587, 8.40935516357, 8.83439350128, 9.25943183899, 9.6844701767]
    bpm_estimates: [141.253631592, 141.029663086, 141.193878174, 141.015914917, 141.256637573, 141.286239624, 141.181045532, 141.137466431, 141.248794556, 141.298492432, 140.863754272, 141.261184692, 141.035980225, 141.186828613, 141.269790649, 141.146392822]
    bpm_intervals: [0.425021678209, 0.425021767616, 0.425021529198, 0.425021648407, 0.425021529198, 0.425021648407, 0.425021648407, 0.425021648407, 0.425021409988, 0.425021648407, 0.425021648407, 0.425021648407, 0.425021648407, 0.479571819305, 0.42503786087, 0.425038337708, 0.425038337708, 0.425038337708, 0.425038337708, 0.425038337708, 0.425038337708, 0.425038337708]
    onset_times: [0.0580498874187, 0.18575963378, 0.290249437094, 0.417959183455, 0.487619042397, 0.615328788757, 0.708208620548, 0.835918366909, 0.9287981987, 1.03328800201, 1.13777780533, 1.33514738083, 1.47446715832, 1.5673469305, 1.69505667686, 1.78793644905, 1.99691605568, 2.12462592125, 2.20589566231, 2.33360552788, 2.42648530006, 2.53097510338, 2.64707493782, 2.85605430603, 2.97215414047, 3.06503391266, 3.1811337471, 3.28562355042, 3.48299312592, 3.70358276367, 3.92417240143, 4.04027223587, 4.14476203918, 4.26086187363, 4.35374164581, 4.56272125244, 4.69043064117, 4.7833108902, 4.8994102478, 4.99229001999, 5.11999988556, 5.20126962662, 5.42185926437, 5.54956912994, 5.630838871, 5.74693870544, 5.85142850876, 5.9675283432, 6.07201814651, 6.26938772202, 6.39709758759, 6.5015873909, 6.61768722534, 6.71056699753, 6.91954660416, 7.04725646973, 7.1517457962, 7.26784563065, 7.36072540283, 7.47682523727, 7.56970500946, 7.6858048439, 7.79029464722, 7.98766422272, 8.11537456512, 8.20825386047, 8.32435417175, 8.4172334671, 8.55655288696, 8.63782310486, 8.84680271149, 8.98612213135, 9.05578231812, 9.18349170685, 9.27637195587, 9.39247131348, 9.49696159363, 9.58984088898, 9.70594120026, 9.83365058899, 9.92653083801]
    rubato_start: []
    rubato_stop: []
    perceptual_tempo: "unknown"

sfx:
    inharmonicity:
        dmean: 0.0419252552092
        dmean2: 0.0729067698121
        dvar: 0.00216753524728
        dvar2: 0.00580516131595
        max: 0.286977231503
        mean: 0.0435781851411
        min: 0.000290274940198
        var: 0.00227986043319
    oddtoevenharmonicenergyratio:
        dmean: 1.67131090164
        dmean2: 3.22914338112
        dvar: 30.3452072144
        dvar2: 90.9955215454
        max: 43.0293464661
        mean: 1.04723489285
        min: 0.00114185747225
        var: 15.9665927887
    pitch_after_max_to_before_max_energy_ratio: 15.5093708038
    pitch_centroid: 209.822128296
    pitch_max_to_total: 0.0139534883201
    pitch_min_to_total: 0.0837209299207
    tristimulus:
        dmean: [0.224805653095, 0.229195669293, 0.141996011138]
        dmean2: [0.39793920517, 0.397029012442, 0.247639283538]
        dvar: [0.0316709987819, 0.0341067090631, 0.012692742981]
        dvar2: [0.0852179229259, 0.104796305299, 0.0334895290434]
        max: [0.916288137436, 0.953890264034, 0.748937368393]
        mean: [0.443184643984, 0.38300678134, 0.143612340093]
        min: [0.0359740443528, 0, 0]
        var: [0.049104206264, 0.0451355986297, 0.0195228159428]

tonal:
    chords_changes_rate: 0.0972222238779
    chords_number_rate: 0.0231481473893
    chords_strength:
        dmean: 0.0101213641465
        dmean2: 0.0137173198164
        dvar: 6.60774603602e-05
        dvar2: 0.000108209038444
        max: 0.59319794178
        mean: 0.445740967989
        min: 0.337433606386
        var: 0.00381993688643
    key_strength: 0.771537363529
    tuning_diatonic_strength: 0.686810791492
    tuning_equal_tempered_deviation: 0.059172667563
    tuning_frequency: 439.745910645
    tuning_nontempered_energy_ratio: 0.748395442963
    hpcp:
        dmean: [0.152941390872, 0.192508608103, 0.249479264021, 0.29320281744, 0.257603853941, 0.190407276154, 0.196676313877, 0.195996418595, 0.213900655508, 0.254278212786, 0.218126058578, 0.133368894458, 0.133786931634, 0.134585291147, 0.154081121087, 0.177156940103, 0.179606050253, 0.201289325953, 0.211345091462, 0.234439328313, 0.233176261187, 0.187118977308, 0.155595511198, 0.267941534519, 0.324382901192, 0.256872683764, 0.188499093056, 0.169564947486, 0.197571188211, 0.237013995647, 0.278436034918, 0.256412953138, 0.197687909007, 0.1549872756, 0.124521911144, 0.126237347722]
        dmean2: [0.27407720685, 0.334909915924, 0.413886487484, 0.510521233082, 0.438594788313, 0.342183053493, 0.347982645035, 0.342981219292, 0.365604817867, 0.434450626373, 0.373433768749, 0.238205954432, 0.232528030872, 0.239417478442, 0.262178122997, 0.308724671602, 0.299628257751, 0.339035987854, 0.351727426052, 0.408338069916, 0.431283175945, 0.338257014751, 0.278142005205, 0.472352027893, 0.567959785461, 0.460646361113, 0.336301654577, 0.308902204037, 0.352718740702, 0.427232950926, 0.494544237852, 0.463412702084, 0.358403325081, 0.284346550703, 0.224943578243, 0.226106584072]
        dvar: [0.0257098041475, 0.0399949401617, 0.0539424270391, 0.0679605603218, 0.042665425688, 0.0351774096489, 0.0416471920907, 0.0443894714117, 0.0476626418531, 0.0530530624092, 0.0396054685116, 0.0196925010532, 0.0311572365463, 0.0306598972529, 0.029000878334, 0.0400776304305, 0.0366158150136, 0.0509959459305, 0.0512949004769, 0.0742210671306, 0.0674991980195, 0.0465864799917, 0.0432728081942, 0.0669803619385, 0.0762923136353, 0.0594540759921, 0.0380372852087, 0.0497523322701, 0.0600227043033, 0.0728039517999, 0.0518809482455, 0.047906268388, 0.0470249429345, 0.0368076488376, 0.0231188181788, 0.0168330818415]
        dvar2: [0.0688579529524, 0.104618154466, 0.115718886256, 0.134840488434, 0.120403937995, 0.0893618986011, 0.11379236728, 0.105555944145, 0.121139250696, 0.126949638128, 0.101510740817, 0.0503293275833, 0.0899056047201, 0.0863723158836, 0.0884080603719, 0.115822337568, 0.105602800846, 0.126312598586, 0.131346538663, 0.220438659191, 0.194220557809, 0.129131257534, 0.116694681346, 0.154139921069, 0.192371368408, 0.166934758425, 0.107148446143, 0.149333417416, 0.161987319589, 0.185051932931, 0.151413396001, 0.1309427917, 0.128532841802, 0.099054440856, 0.0644499734044, 0.046618051827]
        max: [0.922370970249, 1, 1, 1, 1, 1, 1, 1, 1, 1, 1, 0.909571409225, 1, 0.962587296963, 1, 1, 1, 1, 1, 1, 1, 1, 1, 1, 1, 1, 0.982840657234, 1, 1, 1, 1, 1, 1, 1, 1, 0.789525270462]
        mean: [0.184187293053, 0.214199766517, 0.342671245337, 0.442764103413, 0.335196912289, 0.232185289264, 0.227519720793, 0.245103731751, 0.307311326265, 0.342911183834, 0.258295178413, 0.169420018792, 0.156515315175, 0.162703871727, 0.199052214622, 0.244987383485, 0.23489625752, 0.243144258857, 0.268398374319, 0.238770231605, 0.20633085072, 0.174782663584, 0.161328598857, 0.292586743832, 0.405970692635, 0.304590195417, 0.181525722146, 0.158640667796, 0.186188519001, 0.26798248291, 0.354822784662, 0.305358111858, 0.205375492573, 0.158176258206, 0.144619017839, 0.16189840436]
        min: [0.00689534004778, 0.0100056510419, 0.020193355158, 0.0266397818923, 0.0101400474086, 0.0166224967688, 0.0105457948521, 0.0125114805996, 0.0203658044338, 0.0310976672918, 0.0248533822596, 0.00898475199938, 0.00832517910749, 0.0126111125574, 0.0169424135238, 0.0282333903015, 0.0220338646322, 0.0121943410486, 0.00865294598043, 0.00668386882171, 0.00430176593363, 0.00238649407402, 0.0041631758213, 0.00870086997747, 0.015674598515, 0.0135126048699, 0.00765464641154, 0.00622692937031, 0.00694232294336, 0.0207656528801, 0.0170335974544, 0.0153641002253, 0.0114430254325, 0.00900253746659, 0.00624701241031, 0.011662713252]
        var: [0.0273614954203, 0.0446829348803, 0.0750787705183, 0.10605006665, 0.0663949921727, 0.0441026948392, 0.047962974757, 0.0522174909711, 0.0634844526649, 0.0752374604344, 0.0511594153941, 0.0257344916463, 0.0319195203483, 0.0304500423372, 0.033525403589, 0.044777546078, 0.0433766655624, 0.0597485788167, 0.06630987674, 0.0720926597714, 0.0625222176313, 0.0422645807266, 0.037127636373, 0.0798147842288, 0.101969465613, 0.0638090521097, 0.0391862466931, 0.0419055372477, 0.0564978606999, 0.0735444873571, 0.0623484775424, 0.0533596687019, 0.0461069047451, 0.0337491258979, 0.0218184106052, 0.0186177100986]
    chords_histogram: [83.3333358765, 0, 0, 0, 0, 0, 0, 0, 0, 0, 0, 0, 0, 0, 0, 0, 0, 0, 0, 4.62962961197, 0, 4.62962961197, 1.38888883591, 6.01851844788]
    thpcp: [1, 0.757055282593, 0.524399518967, 0.513862192631, 0.553576350212, 0.694074630737, 0.774478256702, 0.583369731903, 0.382641732693, 0.353495955467, 0.367473036051, 0.449567198753, 0.553313553333, 0.530522346497, 0.549150764942, 0.606188178062, 0.539271891117, 0.466006278992, 0.394753456116, 0.364366948605, 0.660818576813, 0.916900634766, 0.687928855419, 0.409982919693, 0.358296126127, 0.420514047146, 0.605248868465, 0.801381111145, 0.689663231373, 0.463848561049, 0.357247263193, 0.326627701521, 0.36565387249, 0.41599419713, 0.48377853632, 0.773936390877]
    chords_key: "A#"
    chords_scale: "major"
    key_key: "A#"
    key_scale: "major"
    chords_progression: ["D#", "A#", "A#", "A#", "A#", "A#", "A#", "A#", "A#", "A#", "A#", "A#", "A#", "A#", "A#", "A#", "A#", "A#", "A#", "A#", "A#", "A#", "A#", "A#", "A#", "A#", "A#", "A#", "A#", "A#", "A#", "A#", "A#", "A#", "A#", "A#", "A#", "A#", "A#", "A#", "A#", "A#", "A#", "Fm", "Fm", "Fm", "Fm", "A#", "A#", "A#", "A#", "A#", "A#", "A#", "A#", "Fm", "Fm", "Cm", "Fm", "Fm", "Fm", "Fm", "Cm", "Cm", "Cm", "Cm", "Cm", "A#", "A#", "A#", "A#", "A#", "A#", "A#", "Cm", "A#", "A#", "A#", "A#", "A#", "A#", "Cm", "A#", "A#", "A#", "A#", "A#", "A#", "A#", "A#", "A#", "Gm", "Cm", "Cm", "A#", "A#", "A#", "Gm", "Gm", "Gm", "Gm", "A#", "D#", "D#", "A#", "A#", "A#", "A#", "A#", "A#", "A#", "A#", "A#", "A#", "A#", "A#", "A#", "A#", "A#", "A#", "A#", "A#", "A#", "A#", "A#", "A#", "A#", "A#", "A#", "A#", "A#", "A#", "A#", "A#", "A#", "A#", "A#", "A#", "A#", "A#", "A#", "A#", "A#", "A#", "A#", "A#", "A#", "Gm", "Gm", "Gm", "Gm", "Gm", "Gm", "Gm", "Gm", "A#", "A#", "A#", "A#", "A#", "A#", "A#", "A#", "A#", "A#", "A#", "A#", "A#", "A#", "A#", "A#", "A#", "A#", "A#", "A#", "A#", "A#", "A#", "A#", "A#", "A#", "A#", "A#", "A#", "A#", "A#", "A#", "A#", "A#", "A#", "A#", "A#", "A#", "A#", "A#", "A#", "A#", "A#", "A#", "A#", "A#", "A#", "A#", "A#", "A#", "A#", "A#", "A#", "A#", "A#", "A#", "A#", "A#", "A#", "A#", "A#"]
