
metadata:
    version:
        essentia: "1.2.2"
    audio_properties:
        analysis_sample_rate: 44100
        bitrate: 128
        channels: 2
        equal_loudness: 1
        length: 10.0310201645
        replay_gain: -14.265745163
        downmix: "mix"
    tags:
        track: 11
        year: 0
        album: "Splitted by Mp3Splt v. 2.1"
        artist: "From 001.40 To 001.50"
        comment: "http://mp3splt.sf.net"
        genre: ""
        title: "13 Wear the Hat.mp3"

highlevel:
    ballroom:
        all:
            ChaChaCha: 0.689832985401
            Jive: 0.131721317768
            Quickstep: 0.00849425047636
            Rumba-American: 0.000987408915535
            Rumba-International: 0.00454611238092
            Rumba-Misc: 0.00200515566394
            Samba: 0.160866573453
            Tango: 0.00059965858236
            VienneseWaltz: 0.000485772266984
            Waltz: 0.000460746465251
        probability: 0.689832985401
        value: "ChaChaCha"
    culture:
        all:
            non_western: 0.0601698234677
            western: 0.939830183983
        probability: 0.939830183983
        value: "western"
    gender:
        all:
            female: 0.957378983498
            male: 0.0426209867001
        probability: 0.957378983498
        value: "female"
    genre_dortmund:
        all:
            alternative: 0.0238776765764
            blues: 0.000857503386214
            electronic: 0.68574911356
            folkcountry: 0.00645052129403
            funksoulrnb: 0.0217424407601
            jazz: 0.0484804548323
            pop: 0.054841928184
            raphiphop: 0.0558488219976
            rock: 0.102151528001
        probability: 0.68574911356
        value: "electronic"
    genre_electronica:
        all:
            ambient: 0.0598058663309
            dnb: 0.0286915302277
            house: 0.693986177444
            techno: 0.0521078780293
            trance: 0.165408521891
        probability: 0.693986177444
        value: "house"
    genre_rosamerica:
        all:
            cla: 0.00381819298491
            dan: 0.833178281784
            hip: 0.00467631220818
            jaz: 0.00690277013928
            pop: 0.0731588825583
            rhy: 0.0588453635573
            roc: 0.0126722455025
            spe: 0.00674795452505
        probability: 0.833178281784
        value: "dan"
    genre_tzanetakis:
        all:
            blu: 0.00123797252309
            cla: 0.00167463277467
            cou: 0.00211532181129
            dis: 0.02259407565
            hip: 0.00607777852565
            jaz: 0.00148353504483
            met: 0.00380284828134
            pop: 0.862929821014
            reg: 0.0450511462986
            roc: 0.0530328415334
        probability: 0.862929821014
        value: "pop"
    live_studio:
        all:
            live: 0.0188137888908
            studio: 0.981186211109
        probability: 0.981186211109
        value: "studio"
    mood:
        all:
            Cluster1: 0.310538262129
            Cluster2: 0.397825092077
            Cluster3: 0.0850768908858
            Cluster4: 0.110619805753
            Cluster5: 0.0959399417043
        probability: 0.397825092077
        value: "Cluster2"
    mood_acoustic:
        all:
            acoustic: 0.0837059170008
            not_acoustic: 0.9162940979
        probability: 0.9162940979
        value: "not_acoustic"
    mood_aggressive:
        all:
            aggressive: 0.0180438552052
            not_aggressive: 0.981956124306
        probability: 0.981956124306
        value: "not_aggressive"
    mood_electronic:
        all:
            electronic: 0.984986305237
            not_electronic: 0.0150136696175
        probability: 0.984986305237
        value: "electronic"
    mood_happy:
        all:
            happy: 0.381331682205
            not_happy: 0.618668317795
        probability: 0.618668317795
        value: "not_happy"
    mood_party:
        all:
            not_party: 0.154471218586
            party: 0.845528781414
        probability: 0.845528781414
        value: "party"
    mood_relaxed:
        all:
            not_relaxed: 0.585805654526
            relaxed: 0.414194315672
        probability: 0.585805654526
        value: "not_relaxed"
    mood_sad:
        all:
            not_sad: 0.677720963955
            sad: 0.322279036045
        probability: 0.677720963955
        value: "not_sad"
    rhythm:
        all:
            fast: 0.940552473068
            medium: 0.0442905463278
            slow: 0.0151569526643
        probability: 0.940552473068
        value: "fast"
    speech_music:
        all:
            music: 0.581892430782
            speech: 0.418107569218
        probability: 0.581892430782
        value: "music"
    timbre:
        all:
            bright: 0.861174821854
            dark: 0.138825148344
        probability: 0.861174821854
        value: "bright"
    voice_instrumental:
        all:
            instrumental: 0.948999524117
            voice: 0.051000457257
        probability: 0.948999524117
        value: "instrumental"

lowlevel:
    average_loudness: 0.984032392502
    barkbands_kurtosis:
        dmean: 3.47077679634
        dmean2: 5.09623098373
        dvar: 19.5607433319
        dvar2: 46.1188621521
        max: 31.6309318542
        mean: 3.40536212921
        min: -1.85216534138
        var: 34.8038520813
    barkbands_skewness:
        dmean: 0.875264108181
        dmean2: 1.26284694672
        dvar: 0.84470140934
        dvar2: 1.92386078835
        max: 4.71357059479
        mean: 1.02260744572
        min: -2.99550199509
        var: 1.92373418808
    barkbands_spread:
        dmean: 8.698097229
        dmean2: 11.9800262451
        dvar: 69.395866394
        dvar2: 120.983276367
        max: 58.9919281006
        mean: 23.3632926941
        min: 1.69577479362
        var: 252.102020264
    dissonance:
        dmean: 0.0373580306768
        dmean2: 0.0529115349054
        dvar: 0.00147358363029
        dvar2: 0.00323023577221
        max: 0.499999910593
        mean: 0.424896448851
        min: 0.199422940612
        var: 0.00382359931245
    hfc:
        dmean: 5.25822734833
        dmean2: 8.07882118225
        dvar: 83.1442260742
        dvar2: 200.003463745
        max: 48.9339294434
        mean: 5.65546751022
        min: 0.0275033973157
        var: 88.5454101562
    pitch:
        dmean: 829.002380371
        dmean2: 1592.55187988
        dvar: 2128303.75
        dvar2: 4154676.75
        max: 4900
        mean: 1226.97033691
        min: 83.3648376465
        var: 2841866
    pitch_instantaneous_confidence:
        dmean: 0.113900721073
        dmean2: 0.167782768607
        dvar: 0.0107481339946
        dvar2: 0.0203076675534
        max: 0.863695025444
        mean: 0.427813887596
        min: 0.131108403206
        var: 0.0312919467688
    pitch_salience:
        dmean: 0.0843659713864
        dmean2: 0.137480437756
        dvar: 0.0066842911765
        dvar2: 0.0190990418196
        max: 0.851028561592
        mean: 0.641226887703
        min: 0.318997442722
        var: 0.0116482293233
    silence_rate_20dB:
        dmean: 0
        dmean2: 0
        dvar: 0
        dvar2: 0
        max: 1
        mean: 1
        min: 1
        var: 0
    silence_rate_30dB:
        dmean: 0
        dmean2: 0
        dvar: 0
        dvar2: 0
        max: 1
        mean: 1
        min: 1
        var: 0
    silence_rate_60dB:
        dmean: 0.203703701496
        dmean2: 0.408352673054
        dvar: 0.162208765745
        dvar2: 0.264803469181
        max: 1
        mean: 0.669745981693
        min: 0
        var: 0.22118665278
    spectral_centroid:
        dmean: 441.435302734
        dmean2: 632.777587891
        dvar: 292965.46875
        dvar2: 490280.75
        max: 3927.33813477
        mean: 1313.94555664
        min: 161.285400391
        var: 876778.3125
    spectral_complexity:
        dmean: 5.97911834717
        dmean2: 9.20930194855
        dvar: 76.3963088989
        dvar2: 159.495834351
        max: 47
        mean: 9.36805534363
        min: 0
        var: 103.079818726
    spectral_crest:
        dmean: 2.63306212425
        dmean2: 4.12843561172
        dvar: 5.28013849258
        dvar2: 12.277671814
        max: 18.721534729
        mean: 8.96600055695
        min: 2.78501725197
        var: 11.6793880463
    spectral_decrease:
        dmean: 5.43003475517e-10
        dmean2: 8.31922086775e-10
        dvar: 6.88540644095e-19
        dvar2: 1.71595267993e-18
        max: -6.3047627015e-12
        mean: -7.45430606131e-10
        min: -4.88832307965e-09
        var: 7.77791881225e-19
    spectral_energy:
        dmean: 0.00251261424273
        dmean2: 0.00383569463156
        dvar: 1.42124345075e-05
        dvar2: 3.53612049366e-05
        max: 0.0205196160823
        mean: 0.00332639412954
        min: 2.62902267423e-05
        var: 1.5912044546e-05
    spectral_energyband_high:
        dmean: 0.0004828327219
        dmean2: 0.000716419017408
        dvar: 9.3963535619e-07
        dvar2: 2.17021670323e-06
        max: 0.00590056600049
        mean: 0.000499576039147
        min: 4.91097340571e-09
        var: 1.05887875179e-06
    spectral_energyband_low:
        dmean: 0.000359576806659
        dmean2: 0.00065750873182
        dvar: 7.09376422492e-07
        dvar2: 2.04529692382e-06
        max: 0.00469167996198
        mean: 0.000295599951642
        min: 3.46296573639e-08
        var: 5.60231967484e-07
    spectral_energyband_middle_high:
        dmean: 0.00106207479257
        dmean2: 0.0017115175724
        dvar: 3.67485381503e-06
        dvar2: 9.6228068287e-06
        max: 0.0123150805011
        mean: 0.0010838562157
        min: 2.08347887565e-06
        var: 3.38421546076e-06
    spectral_energyband_middle_low:
        dmean: 0.00107467104681
        dmean2: 0.00189124653116
        dvar: 5.97562802795e-06
        dvar2: 1.71181945916e-05
        max: 0.0148240076378
        mean: 0.00144734617788
        min: 2.19090416067e-05
        var: 4.25886992161e-06
    spectral_flatness_db:
        dmean: 0.0387858562171
        dmean2: 0.0536929257214
        dvar: 0.00220457045361
        dvar2: 0.00452910223976
        max: 0.452355206013
        mean: 0.18197786808
        min: 0.0767800062895
        var: 0.00630710180849
    spectral_flux:
        dmean: 0.0179981440306
        dmean2: 0.0261709485203
        dvar: 0.000461399118649
        dvar2: 0.000798434251919
        max: 0.122531026602
        mean: 0.0360032469034
        min: 0.00390335731208
        var: 0.000910973583814
    spectral_kurtosis:
        dmean: 9.10212993622
        dmean2: 15.4115543365
        dvar: 820.695556641
        dvar2: 1886.27563477
        max: 212.249145508
        mean: 10.8767557144
        min: -0.332270383835
        var: 911.156494141
    spectral_rms:
        dmean: 0.000563540495932
        dmean2: 0.000791587983258
        dvar: 4.54822441043e-07
        dvar2: 1.05487072233e-06
        max: 0.00447427481413
        mean: 0.00156776676886
        min: 0.000160153053002
        var: 7.8737042486e-07
    spectral_rolloff:
        dmean: 825.805664062
        dmean2: 1399.45751953
        dvar: 1311921.75
        dvar2: 2171817
        max: 6180.02929688
        mean: 2345.92358398
        min: 172.265625
        var: 3227812.75
    spectral_skewness:
        dmean: 0.705959737301
        dmean2: 1.11298024654
        dvar: 2.63474917412
        dvar2: 5.9649310112
        max: 12.1114521027
        mean: 1.93873167038
        min: 0.371144413948
        var: 3.71868467331
    spectral_spread:
        dmean: 1037137.3125
        dmean2: 1377872.625
        dvar: 1.23189959066e+12
        dvar2: 2.27341133414e+12
        max: 12675100
        mean: 5762525.5
        min: 426840
        var: 6.03622683443e+12
    spectral_strongpeak:
        dmean: 0.265992760658
        dmean2: 0.431224793196
        dvar: 0.265076369047
        dvar2: 0.642323493958
        max: 5.11716079712
        mean: 0.47614005208
        min: 0.0151900080964
        var: 0.299583792686
    zerocrossingrate:
        dmean: 0.0183870177716
        dmean2: 0.0170921143144
        dvar: 0.000303832232021
        dvar2: 0.000288102717604
        max: 0.18994140625
        mean: 0.075472228229
        min: 0.01123046875
        var: 0.00197596964426
    barkbands:
        dmean: [6.18406147623e-07, 9.23947081901e-05, 0.000272733421298, 0.000148651975906, 0.000608174654189, 0.000239099492319, 0.000109494620119, 8.79025319591e-05, 8.29073032946e-05, 6.57456475892e-05, 0.000124806261738, 6.13596275798e-05, 5.51520861336e-05, 5.97103353357e-05, 3.42792518495e-05, 6.1234968598e-05, 8.49381249282e-05, 0.000174090600922, 0.000222414979362, 0.000383345555747, 0.000219349589315, 6.57202035654e-05, 1.77175807039e-05, 7.70629685576e-06, 3.61950651495e-06, 2.06906648259e-07, 6.5645884284e-09]
        dmean2: [9.23722325297e-07, 0.000168123689946, 0.000499402696732, 0.000253341218922, 0.00113422167487, 0.000421943754191, 0.000168017140822, 0.000136666130857, 0.000116483293823, 0.000105762133899, 0.000225818177569, 0.000107731575554, 9.81601406238e-05, 0.000107672836748, 5.14220737386e-05, 9.58223099587e-05, 0.000129865322378, 0.000286790425889, 0.000352843373548, 0.000649118272122, 0.000325333006913, 9.20103193494e-05, 2.44086841121e-05, 1.01250170701e-05, 4.91467199026e-06, 2.94109270271e-07, 1.09637925405e-08]
        dvar: [1.8023088447e-12, 3.47245858734e-08, 4.92552373998e-07, 1.15491346264e-07, 2.39502674049e-06, 3.5371496665e-07, 3.01823206428e-08, 2.64073225509e-08, 2.30013341707e-08, 2.1017163121e-08, 9.48238394471e-08, 1.96887555148e-08, 2.16467519465e-08, 2.42416895446e-08, 4.33895852581e-09, 1.48410892464e-08, 2.17607922792e-08, 1.25574302956e-07, 1.80848857667e-07, 7.11183758995e-07, 1.99683711344e-07, 1.54511887729e-08, 1.19157517187e-09, 2.19586682171e-10, 5.44088454846e-11, 1.67674278325e-13, 3.11101993106e-16]
        dvar2: [3.8045096587e-12, 9.42680742355e-08, 1.41862562941e-06, 2.93236382731e-07, 6.97908035363e-06, 1.01752584669e-06, 8.09373972288e-08, 5.27654364646e-08, 3.63739580678e-08, 4.51696706705e-08, 2.70321862672e-07, 5.37872644202e-08, 6.0410620506e-08, 6.86391814497e-08, 8.7473246424e-09, 3.46528459261e-08, 4.93013594394e-08, 3.32473035769e-07, 4.4550344569e-07, 1.84880366305e-06, 4.27654043733e-07, 3.30740270726e-08, 2.36917818697e-09, 3.94031057782e-10, 1.08599552961e-10, 3.65816155579e-13, 8.0473551e-16]
        max: [1.00862525869e-05, 0.000987702631392, 0.00372202834114, 0.0023118974641, 0.00939094088972, 0.00430596480146, 0.00178512348793, 0.00166167551652, 0.0021881586872, 0.00165478978306, 0.00232072896324, 0.000909112975933, 0.000966729945503, 0.00107914023101, 0.000506288663018, 0.000987845705822, 0.00108399102464, 0.00218056351878, 0.00248744501732, 0.00497600063682, 0.00279522361234, 0.000834269099869, 0.000226615011343, 9.37029690249e-05, 4.51105079264e-05, 2.80606195702e-06, 1.08735498827e-07]
        mean: [6.31185741895e-07, 8.92778698471e-05, 0.00020570892957, 0.000122908197227, 0.000487175246235, 0.000283511093585, 0.000199086745852, 0.000178238362423, 0.000169249382452, 0.000147083759657, 0.000103454207419, 4.69179503853e-05, 4.29998872278e-05, 4.85583295813e-05, 3.65494961443e-05, 5.65167429158e-05, 8.84053806658e-05, 0.000152527645696, 0.000205849952181, 0.000305842171656, 0.000240377732553, 7.90456251707e-05, 2.25451403821e-05, 9.36818560149e-06, 4.33912919107e-06, 2.22381245862e-07, 6.19604012542e-09]
        min: [3.41097484459e-12, 3.33956640119e-09, 3.11986774193e-08, 6.72818458725e-08, 5.0424332585e-06, 2.11529641092e-06, 1.13253327072e-06, 5.07341667344e-07, 2.53866687672e-07, 4.15154715938e-07, 1.96497751404e-07, 1.40944864668e-08, 1.20327232622e-08, 6.32092200803e-09, 4.23118073911e-09, 2.41316677752e-09, 9.79157310788e-10, 1.94060456593e-09, 2.02922745274e-09, 2.29184826672e-09, 2.31811814189e-09, 7.2173772514e-10, 2.38922243101e-10, 1.55434581872e-10, 1.52656220997e-10, 1.49278332751e-11, 1.10048837989e-13]
        var: [2.20960858117e-12, 3.93907875207e-08, 3.37010192197e-07, 9.51044896169e-08, 1.40113650104e-06, 2.4651794206e-07, 4.34327063203e-08, 7.41480832289e-08, 9.48792546751e-08, 7.88812215546e-08, 6.8508569484e-08, 1.42817970783e-08, 1.49348462486e-08, 1.75655952006e-08, 6.26202556475e-09, 1.62864601805e-08, 2.85281753776e-08, 1.03044470734e-07, 1.72337081494e-07, 5.61892591122e-07, 2.42671717388e-07, 2.21401901257e-08, 1.86124682333e-09, 3.52315121521e-10, 7.82489767426e-11, 2.03682123251e-13, 2.72223074948e-16]
    mfcc:
        mean: [-778.079528809, 114.645065308, -9.26775360107, 43.2145500183, -37.5996513367, -14.1764307022, -11.9094848633, -8.80976200104, -4.83716821671, -8.92094421387, -8.06985569, -5.23927211761, -6.14088153839]
        cov: [[10791.1123047, -5254.01611328, -1037.9987793, 453.290649414, 822.226013184, 707.911193848, 408.257507324, 156.26701355, -180.642715454, -166.297866821, -81.7017822266, -37.3699798584, -64.2071838379], [-5254.01611328, 4003.20361328, 157.563934326, -265.071777344, -344.248413086, -245.270767212, 2.60993552208, 43.2516899109, 108.030349731, 99.1597671509, 19.9426708221, -61.5810012817, 44.6146507263], [-1037.9987793, 157.563934326, 909.267456055, -114.58127594, -143.94303894, -71.4585571289, -110.653022766, -4.79620981216, 76.8089599609, 29.2326965332, 61.1646652222, 32.2087211609, -38.4332733154], [453.290649414, -265.071777344, -114.58127594, 381.221374512, 250.061645508, 129.215255737, 85.6804962158, 48.6532020569, 10.0176448822, 56.1037750244, 65.5314025879, 68.4451217651, 53.6065101624], [822.226013184, -344.248413086, -143.94303894, 250.061645508, 439.479858398, 278.712341309, 135.002487183, 60.5019302368, 12.415104866, 66.1376571655, 71.759223938, 72.4153671265, 63.0593070984], [707.911193848, -245.270767212, -71.4585571289, 129.215255737, 278.712341309, 244.667739868, 127.415336609, 73.9072341919, 18.9186573029, 43.0574302673, 43.4809570312, 37.2967605591, 34.9882850647], [408.257507324, 2.60993552208, -110.653022766, 85.6804962158, 135.002487183, 127.415336609, 158.728988647, 91.4100418091, 24.7156238556, 33.7460289001, 32.3559341431, 2.48957467079, 8.02823734283], [156.26701355, 43.2516899109, -4.79620981216, 48.6532020569, 60.5019302368, 73.9072341919, 91.4100418091, 117.63873291, 56.3062591553, 30.4883880615, 15.4502096176, -9.50522136688, 0.769448876381], [-180.642715454, 108.030349731, 76.8089599609, 10.0176448822, 12.415104866, 18.9186573029, 24.7156238556, 56.3062591553, 76.1991424561, 34.8157691956, 2.35889697075, -4.79710626602, -0.167873159051], [-166.297866821, 99.1597671509, 29.2326965332, 56.1037750244, 66.1376571655, 43.0574302673, 33.7460289001, 30.4883880615, 34.8157691956, 69.5379714966, 45.1625862122, 19.7976589203, 9.72305774689], [-81.7017822266, 19.9426708221, 61.1646652222, 65.5314025879, 71.759223938, 43.4809570312, 32.3559341431, 15.4502096176, 2.35889697075, 45.1625862122, 80.8417205811, 43.0369491577, 5.61691236496], [-37.3699798584, -61.5810012817, 32.2087211609, 68.4451217651, 72.4153671265, 37.2967605591, 2.48957467079, -9.50522136688, -4.79710626602, 19.7976589203, 43.0369491577, 59.6064834595, 26.3084983826], [-64.2071838379, 44.6146507263, -38.4332733154, 53.6065101624, 63.0593070984, 34.9882850647, 8.02823734283, 0.769448876381, -0.167873159051, 9.72305774689, 5.61691236496, 26.3084983826, 56.0441589355]]
        icov: [[0.000497945642564, 0.000590796058532, 0.000251322926488, 2.09930276469e-05, -6.74006223562e-05, -0.000611743889749, -0.000670315988827, -0.000209718680708, 0.000420571042923, 0.000575640122406, -1.59238625201e-05, 0.000960789911915, 0.000261050969129], [0.000590796058532, 0.00106091040652, 0.000287530303467, 0.000319392653182, 5.67715396755e-05, -0.000184080374311, -0.00127716606949, -0.000126048747916, 0.000185053009773, 9.38580342336e-05, -0.000462724710815, 0.00169757776894, -0.000806536932942], [0.000251322926488, 0.000287530303467, 0.00210234941915, 0.000266403338173, 0.00111454143189, -0.00185174494982, 0.00187380751595, 0.000107692365418, -0.00312525522895, 0.00185620598495, -0.00333675998263, -0.000115392111184, 0.000935231510084], [2.09930276469e-05, 0.000319392653182, 0.000266403338173, 0.00553050637245, -0.00350445089862, 0.00361512345262, -0.00114939105697, -0.00218665832654, 0.000805891526397, -0.00160462001804, -9.82478522928e-05, -0.00301522645168, -0.00175054231659], [-6.74006223562e-05, 5.67715396755e-05, 0.00111454143189, -0.00350445089862, 0.0137758813798, -0.0137281836942, 0.00117226247676, 0.00401218840852, -0.00253801234066, -0.00114281708375, -0.00280556175858, -0.000921039609239, -0.00225462415256], [-0.000611743889749, -0.000184080374311, -0.00185174494982, 0.00361512345262, -0.0137281836942, 0.0247167944908, -0.00760107347742, -0.00511936889961, 0.00351954461075, -0.00305661046878, 0.00486029684544, -0.00432939780876, -0.00202097906731], [-0.000670315988827, -0.00127716606949, 0.00187380751595, -0.00114939105697, 0.00117226247676, -0.00760107347742, 0.0221342276782, -0.0106007093564, 0.000970372289885, 0.000607017835137, -0.00682273413986, 0.00314241205342, 0.00214060372673], [-0.000209718680708, -0.000126048747916, 0.000107692365418, -0.00218665832654, 0.00401218840852, -0.00511936889961, -0.0106007093564, 0.0283926203847, -0.018892403692, 0.00568491825834, -0.00751603068784, 0.00860980339348, -0.0024954196997], [0.000420571042923, 0.000185053009773, -0.00312525522895, 0.000805891526397, -0.00253801234066, 0.00351954461075, 0.000970372289885, -0.018892403692, 0.0388587452471, -0.021350286901, 0.019526347518, -0.00613174261525, 0.00294114812277], [0.000575640122406, 9.38580342336e-05, 0.00185620598495, -0.00160462001804, -0.00114281708375, -0.00305661046878, 0.000607017835137, 0.00568491825834, -0.021350286901, 0.041328035295, -0.0257496256381, 0.00989621318877, -0.00287712248974], [-1.59238625201e-05, -0.000462724710815, -0.00333675998263, -9.82478522928e-05, -0.00280556175858, 0.00486029684544, -0.00682273413986, -0.00751603068784, 0.019526347518, -0.0257496256381, 0.0473746396601, -0.0287821777165, 0.0126476474106], [0.000960789911915, 0.00169757776894, -0.000115392111184, -0.00301522645168, -0.000921039609239, -0.00432939780876, 0.00314241205342, 0.00860980339348, -0.00613174261525, 0.00989621318877, -0.0287821777165, 0.0525899790227, -0.0178125258535], [0.000261050969129, -0.000806536932942, 0.000935231510084, -0.00175054231659, -0.00225462415256, -0.00202097906731, 0.00214060372673, -0.0024954196997, 0.00294114812277, -0.00287712248974, 0.0126476474106, -0.0178125258535, 0.0322281196713]]
    spectral_contrast:
        mean: [2.23172484937e-08, -2.68427868377e-07, 1.15311529214e-07, 2.22242775294e-07, -2.4355810524e-07, -5.48686955426e-07, -4.95001404488e-06, -3.91955745727e-06, 3.14580063332e-07, -7.23189202745e-07, -1.43892782489e-06, 3.83649694413e-06]
        var: [0.000191394763533, 0.000458283844637, 0.00100791058503, 0.00190824118908, 0.00409962236881, 0.00611106771976, 0.0514413900673, 0.109742544591, 0.374556958675, 0.649523258209, 0.990599572659, 6.25513219833]

rhythm:
    beats_loudness:
        dmean: 0.00194753310643
        dmean2: 0.00378026114777
        dvar: 8.45879355893e-07
        dvar2: 2.02018372875e-06
        max: 0.00923488941044
        mean: 0.00733653223142
        min: 0.00527518661693
        var: 1.45647641148e-06
    beats_loudness_bass:
        dmean: 0.288910776377
        dmean2: 0.584123373032
        dvar: 0.00993133429438
        dvar2: 0.0251269638538
        max: 0.825689971447
        mean: 0.552089571953
        min: 0.324104726315
        var: 0.0262404195964
    bpm: 121.707588196
    bpm_confidence: 0
    first_peak_bpm: 122
    first_peak_spread: 0
    first_peak_weight: 0.947368443012
    onset_rate: 4.88484716415
    second_peak_bpm: 113
    second_peak_spread: 0
    second_peak_weight: 0.0526315793395
    beats_position: [0.207332700491, 0.700295567513, 1.19325840473, 1.68622124195, 2.17918419838, 2.6721470356, 3.16510987282, 3.65807247162, 4.15103530884, 4.64399814606, 5.13696050644, 5.62992334366, 6.16308784485, 6.65609550476, 7.14910364151, 7.64211082458, 8.1351184845, 8.62812614441, 9.12113380432, 9.61414051056]
    bpm_estimates: [121.819732666, 121.673736572, 121.757606506, 121.598831177, 121.672172546, 121.966537476, 121.664756775, 121.642150879, 121.679748535, 121.68044281, 121.688316345, 121.836914062, 121.672996521, 121.762695312, 121.559593201, 121.646705627, 121.965133667, 121.672958374, 121.61895752, 121.653533936, 121.616073608, 121.717437744]
    bpm_intervals: [0.492962867022, 0.492962837219, 0.492962837219, 0.492962956429, 0.492962837219, 0.492962837219, 0.492962598801, 0.492962837219, 0.492962837219, 0.492962360382, 0.492962837219, 0.53316450119, 0.493007659912, 0.493008136749, 0.493007183075, 0.493007659912, 0.493007659912, 0.493007659912, 0.493006706238]
    onset_times: [0.0464399084449, 0.127709746361, 0.208979591727, 0.383129239082, 0.684988677502, 0.940408170223, 1.18421769142, 1.42802715302, 1.68344676495, 1.92725622654, 2.11301589012, 2.19428563118, 2.35682535172, 2.67029476166, 2.92571425438, 3.16952371597, 3.35528349876, 3.41333341599, 3.66875290871, 3.9125623703, 4.09832191467, 4.34213161469, 4.41179132462, 4.65560102463, 4.91102027893, 5.15482997894, 5.35219955444, 5.39863967896, 5.65405893326, 5.89786863327, 6.08362817764, 6.15328788757, 6.32743787766, 6.39709758759, 6.64090681076, 6.88471651077, 7.14013624191, 7.38394546509, 7.6277551651, 7.8831744194, 8.06893444061, 8.31274414062, 8.38240337372, 8.62621307373, 8.87002277374, 9.12544250488, 9.36925125122, 9.61306095123, 9.85687065125]
    rubato_start: []
    rubato_stop: []
    perceptual_tempo: "unknown"

sfx:
    inharmonicity:
        dmean: 0.0432450547814
        dmean2: 0.0753745883703
        dvar: 0.00299703492783
        dvar2: 0.00822538509965
        max: 0.431431084871
        mean: 0.0458097457886
        min: 0
        var: 0.00310239661485
    oddtoevenharmonicenergyratio:
        dmean: 3.44986796379
        dmean2: 6.44285583496
        dvar: 106.533218384
        dvar2: 313.817382812
        max: 129.712600708
        mean: 2.54235172272
        min: 0
        var: 64.6353149414
    pitch_after_max_to_before_max_energy_ratio: 7.68444347382
    pitch_centroid: 222.082885742
    pitch_max_to_total: 0.148148149252
    pitch_min_to_total: 0.879629611969
    tristimulus:
        dmean: [0.215309768915, 0.25058594346, 0.124273598194]
        dmean2: [0.36649736762, 0.429925739765, 0.215881556273]
        dvar: [0.0350010506809, 0.0456386692822, 0.0218359604478]
        dvar2: [0.0973648279905, 0.133797049522, 0.0586803518236]
        max: [1, 0.975412905216, 0.907669842243]
        mean: [0.387488871813, 0.463071554899, 0.123371474445]
        min: [0.0040634139441, 0, 0]
        var: [0.0665842145681, 0.0686489269137, 0.0256446674466]

tonal:
    chords_changes_rate: 0.0783410146832
    chords_number_rate: 0.0276497695595
    chords_strength:
        dmean: 0.0111313275993
        dmean2: 0.00930467341095
        dvar: 7.78078247095e-05
        dvar2: 6.33903036942e-05
        max: 0.665410876274
        mean: 0.505609035492
        min: 0.278567403555
        var: 0.0146622983739
    key_strength: 0.705780863762
    tuning_diatonic_strength: 0.615224301815
    tuning_equal_tempered_deviation: 0.0748861804605
    tuning_frequency: 440.508575439
    tuning_nontempered_energy_ratio: 0.688328325748
    hpcp:
        dmean: [0.20735244453, 0.21298442781, 0.163113981485, 0.165338426828, 0.183513149619, 0.219484940171, 0.240151807666, 0.200549021363, 0.137832403183, 0.106362625957, 0.12052360177, 0.152847200632, 0.163579672575, 0.133849680424, 0.12799359858, 0.140900984406, 0.112866215408, 0.111291535199, 0.125737652183, 0.095686994493, 0.0810550749302, 0.0718402862549, 0.0785414874554, 0.114643201232, 0.100710012019, 0.0708911269903, 0.147975817323, 0.219491064548, 0.213306963444, 0.121961556375, 0.0743887796998, 0.106337562203, 0.162540629506, 0.247484207153, 0.237565413117, 0.151290774345]
        dmean2: [0.360416859388, 0.37279188633, 0.274240642786, 0.274334639311, 0.311389058828, 0.37852036953, 0.418188393116, 0.325350195169, 0.232199192047, 0.184210777283, 0.212213948369, 0.252730935812, 0.267684876919, 0.224689468741, 0.216195628047, 0.237101465464, 0.183552742004, 0.17186820507, 0.203154429793, 0.160100147128, 0.136899143457, 0.125005036592, 0.133972048759, 0.202197402716, 0.174149885774, 0.121134519577, 0.241782546043, 0.352138191462, 0.339796185493, 0.204566374421, 0.123824603856, 0.184731185436, 0.28799021244, 0.432684034109, 0.433378130198, 0.250028729439]
        dvar: [0.0765341371298, 0.0784634649754, 0.0368757210672, 0.0408141799271, 0.0323141030967, 0.0457581505179, 0.0726247057319, 0.0534132681787, 0.0265137571841, 0.0170198474079, 0.0223946236074, 0.0243837125599, 0.0401535220444, 0.0191514212638, 0.023910023272, 0.0282103344798, 0.01480136998, 0.0181102696806, 0.0292866583914, 0.0148666510358, 0.0105602098629, 0.00986710283905, 0.0100074606016, 0.0231763608754, 0.0159279089421, 0.0105521501973, 0.0284330174327, 0.0576410070062, 0.0432403795421, 0.0187455769628, 0.00950298458338, 0.0210688989609, 0.0362567864358, 0.0745264366269, 0.0726205632091, 0.0413254052401]
        dvar2: [0.170303612947, 0.21859382093, 0.094688564539, 0.0892615988851, 0.0911625623703, 0.121485181153, 0.145783290267, 0.123615495861, 0.0657722055912, 0.0423427708447, 0.0553672388196, 0.0574672296643, 0.0724558755755, 0.0426001176238, 0.0532653331757, 0.0669920369983, 0.0337573103607, 0.0380474552512, 0.0577613152564, 0.0338793508708, 0.0267082229257, 0.0251612346619, 0.0229088924825, 0.056840647012, 0.0387050844729, 0.0270437151194, 0.0602456741035, 0.0945364758372, 0.102948911488, 0.0479279235005, 0.0230122152716, 0.0543884672225, 0.0923197567463, 0.203674569726, 0.204400673509, 0.0959666371346]
        max: [1, 1, 1, 1, 1, 1, 1, 1, 0.963915348053, 0.720084488392, 0.780437529087, 1, 1, 0.778684854507, 0.891520380974, 1, 0.719534158707, 0.857732117176, 1, 1, 0.491436094046, 0.550930440426, 0.480506151915, 0.674886643887, 0.56845587492, 0.514520943165, 0.936267316341, 1, 1, 0.803058564663, 0.68074464798, 1, 0.926426112652, 1, 1, 1]
        mean: [0.174074217677, 0.164693981409, 0.185238406062, 0.262672305107, 0.239434167743, 0.224767461419, 0.286568433046, 0.228672549129, 0.119797728956, 0.0894232690334, 0.100601151586, 0.226429596543, 0.350759863853, 0.236595317721, 0.118548318744, 0.12635037303, 0.108466222882, 0.134108588099, 0.171845927835, 0.118250630796, 0.0673335418105, 0.0589250922203, 0.0653994530439, 0.0840996801853, 0.0745363384485, 0.0609074346721, 0.22430343926, 0.452693969011, 0.342903524637, 0.116790927947, 0.0645621791482, 0.0803031027317, 0.210314497352, 0.358960926533, 0.271581172943, 0.151623383164]
        min: [0.000272817735095, 0.000223490351345, 6.36483528069e-05, 8.17703112261e-05, 7.95725136413e-05, 0.00022385030752, 0.000290176190902, 0.000262757705059, 0.000163094620802, 4.5084154408e-05, 4.89462108817e-05, 0.00036727974657, 0.00135354860686, 0.00107543903869, 0.000104139100586, 3.09508050123e-06, 1.14754004699e-06, 0.000168976999703, 0.000540064531378, 0.000468698563054, 0.000144111836562, 4.50674233434e-05, 4.74216612929e-05, 0.000401263008825, 0.000152651307872, 0.000252082827501, 0.00447053043172, 0.00414907606319, 0.00406482815742, 3.16298028338e-05, 6.58547014609e-06, 0.000124739177409, 0.0072621004656, 0.011078116484, 0.00620329007506, 0.000165540899616]
        var: [0.0793388187885, 0.0641137957573, 0.0438362956047, 0.0697106048465, 0.0484854727983, 0.0506488606334, 0.0988650023937, 0.0691754743457, 0.0261897686869, 0.0163234882057, 0.0204768069088, 0.049592718482, 0.133305937052, 0.0492873378098, 0.0253251660615, 0.0290690921247, 0.0179713740945, 0.0276217143983, 0.0591376312077, 0.0243594069034, 0.0095422975719, 0.00833559781313, 0.00970680452883, 0.0192756373435, 0.0141374496743, 0.00853652134538, 0.044327750802, 0.130924239755, 0.079480163753, 0.0207147076726, 0.00916812289506, 0.0168814640492, 0.0473240055144, 0.119847431779, 0.0686173290014, 0.0485801398754]
    chords_histogram: [16.129032135, 0, 37.7880172729, 0, 0, 0, 0, 0, 0, 0, 0, 0, 0, 0, 0, 0, 0, 2.30414748192, 0, 28.571428299, 0, 0, 2.30414748192, 12.9032258987]
    thpcp: [1, 0.757473170757, 0.257990896702, 0.142617717385, 0.177389383316, 0.464584261179, 0.792943894863, 0.59992223978, 0.334935724735, 0.384529560804, 0.363808661699, 0.409191250801, 0.580242574215, 0.528909564018, 0.496510833502, 0.633029043674, 0.505137145519, 0.26463291049, 0.197535812855, 0.222227722406, 0.500182509422, 0.774827778339, 0.522638559341, 0.261872977018, 0.279107689857, 0.239601656795, 0.296245574951, 0.37960729003, 0.261215388775, 0.148739650846, 0.130165398121, 0.144467249513, 0.185776010156, 0.164650604129, 0.13454438746, 0.495485812426]
    chords_key: "F#"
    chords_scale: "major"
    key_key: "B"
    key_scale: "major"
    chords_progression: ["B", "B", "B", "B", "B", "B", "B", "B", "B", "B", "B", "B", "B", "B", "B", "B", "B", "B", "B", "B", "B", "B", "B", "B", "B", "B", "F#m", "F#m", "F#m", "F#m", "F#m", "F#m", "F#m", "F#m", "F#m", "F#m", "F#m", "F#m", "F#m", "F#m", "F#m", "F#m", "F#m", "F#m", "F#m", "F#m", "F#m", "F#m", "F#", "F#", "F#", "F#", "F#", "F#", "F#", "F#", "F#", "F#", "F#", "F#m", "F#m", "F#m", "F#m", "F#m", "F#m", "F#m", "F#m", "F#m", "F#m", "F#m", "F#m", "F#m", "F#m", "F#m", "G#m", "E", "G#m", "G#m", "G#m", "G#m", "G#m", "G#m", "G#m", "G#m", "G#m", "G#m", "G#m", "E", "E", "E", "E", "G#m", "G#m", "G#m", "G#m", "G#m", "G#m", "Bm", "Bm", "Bm", "Bm", "F#", "Bm", "F#", "F#", "F#", "F#", "F#", "F#", "F#", "F#", "F#", "F#", "F#", "F#", "F#", "F#", "F#", "F#", "F#", "F#", "F#", "F#", "F#", "F#", "F#", "F#", "F#", "F#", "F#", "F#", "F#", "F#", "F#", "F#", "F#", "F#", "F#", "F#", "F#m", "F#m", "F#m", "F#m", "F#m", "F#m", "F#m", "F#m", "F#m", "F#m", "F#m", "F#m", "F#m", "F#m", "F#m", "F#m", "F#m", "F#m", "F#m", "F#m", "F#m", "F#m", "F#m", "F#m", "F#m", "B", "B", "B", "B", "B", "G#m", "G#m", "G#m", "G#m", "G#m", "G#m", "G#m", "G#m", "G#m", "G#m", "B", "B", "B", "B", "F#", "F#", "F#", "F#", "F#", "F#", "F#", "F#", "F#", "F#", "F#", "F#", "F#", "F#", "F#", "F#", "F#", "F#", "F#", "F#", "F#", "F#", "F#", "F#", "F#", "F#", "F#", "F#", "F#", "F#", "F#", "F#", "F#", "F#"]
