
metadata:
    version:
        essentia: "1.2.2"
    audio_properties:
        analysis_sample_rate: 44100
        bitrate: 128
        channels: 2
        equal_loudness: 1
        length: 10.0048980713
        replay_gain: -13.9606647491
        downmix: "mix"
    tags:
        track: 20
        year: 0
        album: "Splitted by Mp3Splt v. 2.1"
        artist: "From 003.10 To 003.20"
        comment: "http://mp3splt.sf.net"
        genre: ""
        title: "07 Wishful Thinking.mp3"

highlevel:
    ballroom:
        all:
            ChaChaCha: 0.0635716170073
            Jive: 0.327438771725
            Quickstep: 0.127576068044
            Rumba-American: 0.0105943242088
            Rumba-International: 0.0845305472612
            Rumba-Misc: 0.0649257600307
            Samba: 0.0529427006841
            Tango: 0.0241315755993
            VienneseWaltz: 0.202549576759
            Waltz: 0.0417390316725
        probability: 0.327438771725
        value: "Jive"
    culture:
        all:
            non_western: 0.0260258987546
            western: 0.973974108696
        probability: 0.973974108696
        value: "western"
    gender:
        all:
            female: 0.0801517963409
            male: 0.919848203659
        probability: 0.919848203659
        value: "male"
    genre_dortmund:
        all:
            alternative: 0.238809078932
            blues: 0.0109373629093
            electronic: 0.0449261516333
            folkcountry: 0.118587598205
            funksoulrnb: 0.00619800761342
            jazz: 0.0134363668039
            pop: 0.0999013185501
            raphiphop: 0.00130797573365
            rock: 0.46589615941
        probability: 0.46589615941
        value: "rock"
    genre_electronica:
        all:
            ambient: 0.308502674103
            dnb: 0.139147341251
            house: 0.0370927415788
            techno: 0.015249975957
            trance: 0.500007271767
        probability: 0.500007271767
        value: "trance"
    genre_rosamerica:
        all:
            cla: 0.0210667978972
            dan: 0.00712556578219
            hip: 0.00251469761133
            jaz: 0.00214234413579
            pop: 0.112929821014
            rhy: 0.0237718336284
            roc: 0.828463733196
            spe: 0.00198520626873
        probability: 0.828463733196
        value: "roc"
    genre_tzanetakis:
        all:
            blu: 0.00182068510912
            cla: 0.00406437925994
            cou: 0.2713367939
            dis: 0.0281569939107
            hip: 0.00226846570149
            jaz: 0.00361921451986
            met: 0.0282262042165
            pop: 0.0699348896742
            reg: 0.00197997130454
            roc: 0.588592410088
        probability: 0.588592410088
        value: "roc"
    live_studio:
        all:
            live: 0.402038037777
            studio: 0.597961962223
        probability: 0.597961962223
        value: "studio"
    mood:
        all:
            Cluster1: 0.300481945276
            Cluster2: 0.257703363895
            Cluster3: 0.203655228019
            Cluster4: 0.0484462231398
            Cluster5: 0.189713254571
        probability: 0.300481945276
        value: "Cluster1"
    mood_acoustic:
        all:
            acoustic: 0.128956332803
            not_acoustic: 0.871043682098
        probability: 0.871043682098
        value: "not_acoustic"
    mood_aggressive:
        all:
            aggressive: 0.512788891792
            not_aggressive: 0.487211108208
        probability: 0.512788891792
        value: "aggressive"
    mood_electronic:
        all:
            electronic: 0.0760844796896
            not_electronic: 0.923915505409
        probability: 0.923915505409
        value: "not_electronic"
    mood_happy:
        all:
            happy: 0.830686628819
            not_happy: 0.16931335628
        probability: 0.830686628819
        value: "happy"
    mood_party:
        all:
            not_party: 0.664368927479
            party: 0.335631042719
        probability: 0.664368927479
        value: "not_party"
    mood_relaxed:
        all:
            not_relaxed: 0.257244378328
            relaxed: 0.742755591869
        probability: 0.742755591869
        value: "relaxed"
    mood_sad:
        all:
            not_sad: 0.571962118149
            sad: 0.428037881851
        probability: 0.571962118149
        value: "not_sad"
    rhythm:
        all:
            fast: 0.625801861286
            medium: 0.314316958189
            slow: 0.0598811656237
        probability: 0.625801861286
        value: "fast"
    speech_music:
        all:
            music: 0.998052239418
            speech: 0.00194776640274
        probability: 0.998052239418
        value: "music"
    timbre:
        all:
            bright: 0.781107127666
            dark: 0.218892872334
        probability: 0.781107127666
        value: "bright"
    voice_instrumental:
        all:
            instrumental: 0.0548707284033
            voice: 0.945129275322
        probability: 0.945129275322
        value: "voice"

lowlevel:
    average_loudness: 0.984026610851
    barkbands_kurtosis:
        dmean: 0.597476363182
        dmean2: 0.99464905262
        dvar: 0.479532957077
        dvar2: 1.20295703411
        max: 4.47972345352
        mean: -0.688049197197
        min: -1.8461214304
        var: 0.919442892075
    barkbands_skewness:
        dmean: 0.372430920601
        dmean2: 0.596465885639
        dvar: 0.10552662611
        dvar2: 0.245507478714
        max: 2.31344342232
        mean: 0.559764146805
        min: -1.70646834373
        var: 0.376438230276
    barkbands_spread:
        dmean: 4.06703710556
        dmean2: 6.22491550446
        dvar: 13.3707180023
        dvar2: 29.9862346649
        max: 53.2129364014
        mean: 28.8241901398
        min: 10.8719043732
        var: 59.8228302002
    dissonance:
        dmean: 0.0191353019327
        dmean2: 0.0318103432655
        dvar: 0.00031541948556
        dvar2: 0.000768314872403
        max: 0.499961942434
        mean: 0.463675230742
        min: 0.310683459044
        var: 0.000548564537894
    hfc:
        dmean: 2.37663698196
        dmean2: 3.45496678352
        dvar: 14.4898662567
        dvar2: 24.2816467285
        max: 64.4571380615
        mean: 7.56747341156
        min: 3.67856364392e-06
        var: 42.751750946
    pitch:
        dmean: 224.616531372
        dmean2: 420.183624268
        dvar: 478577.15625
        dvar2: 1110543.625
        max: 4900
        mean: 436.021911621
        min: 81.0661773682
        var: 751292.3125
    pitch_instantaneous_confidence:
        dmean: 0.0780167281628
        dmean2: 0.126277059317
        dvar: 0.00501295784488
        dvar2: 0.0118105215952
        max: 0.775284230709
        mean: 0.379572153091
        min: 0.140970528126
        var: 0.0146897677332
    pitch_salience:
        dmean: 0.0538090802729
        dmean2: 0.0887540355325
        dvar: 0.00203102920204
        dvar2: 0.00475404597819
        max: 0.971467137337
        mean: 0.629051625729
        min: 0.396620094776
        var: 0.00520489644259
    silence_rate_20dB:
        dmean: 0
        dmean2: 0
        dvar: 0
        dvar2: 0
        max: 1
        mean: 1
        min: 1
        var: 0
    silence_rate_30dB:
        dmean: 0
        dmean2: 0
        dvar: 0
        dvar2: 0
        max: 1
        mean: 1
        min: 1
        var: 0
    silence_rate_60dB:
        dmean: 0.041763342917
        dmean2: 0.0813953503966
        dvar: 0.0400191470981
        dvar2: 0.088724270463
        max: 1
        mean: 0.0532407425344
        min: 0
        var: 0.050406191498
    spectral_centroid:
        dmean: 229.131256104
        dmean2: 352.848144531
        dvar: 67324.9375
        dvar2: 134197.046875
        max: 3689.02734375
        mean: 1256.90441895
        min: 571.130981445
        var: 241123.6875
    spectral_complexity:
        dmean: 3.11860466003
        dmean2: 4.9953379631
        dvar: 12.3184776306
        dvar2: 26.6572875977
        max: 43
        mean: 16.1647338867
        min: 0
        var: 30.9821796417
    spectral_crest:
        dmean: 1.91626524925
        dmean2: 3.23991465569
        dvar: 3.40687942505
        dvar2: 9.53174686432
        max: 16.4353199005
        mean: 6.79568767548
        min: 2.7360253334
        var: 5.62473154068
    spectral_decrease:
        dmean: 3.61466911958e-10
        dmean2: 5.90144932922e-10
        dvar: 2.08871402325e-19
        dvar2: 5.37791630348e-19
        max: -5.94057981348e-16
        mean: -1.32931565755e-09
        min: -4.29915081313e-09
        var: 2.87589373235e-19
    spectral_energy:
        dmean: 0.00152138213161
        dmean2: 0.00245262077078
        dvar: 3.8087455323e-06
        dvar2: 9.43466602621e-06
        max: 0.0185734964907
        mean: 0.00570353446528
        min: 2.57577337237e-09
        var: 6.01833244218e-06
    spectral_energyband_high:
        dmean: 0.000245870876824
        dmean2: 0.000361854297807
        dvar: 3.47350436414e-07
        dvar2: 6.53896563563e-07
        max: 0.00803021434695
        mean: 0.000423403223976
        min: 1.37875058592e-10
        var: 7.91112086063e-07
    spectral_energyband_low:
        dmean: 0.000132429995574
        dmean2: 0.000224128205446
        dvar: 8.80203288034e-08
        dvar2: 2.46367307e-07
        max: 0.002774736844
        mean: 0.000194783264305
        min: 9.17773010367e-11
        var: 6.90877186571e-08
    spectral_energyband_middle_high:
        dmean: 0.00058106018696
        dmean2: 0.000882574357092
        dvar: 4.40042214223e-07
        dvar2: 8.93119704415e-07
        max: 0.010621663183
        mean: 0.00206726673059
        min: 1.05078856727e-09
        var: 1.33098956212e-06
    spectral_energyband_middle_low:
        dmean: 0.00111625459976
        dmean2: 0.00190101319458
        dvar: 2.09015047403e-06
        dvar2: 5.66189237361e-06
        max: 0.013239486143
        mean: 0.00301807629876
        min: 1.28197030769e-09
        var: 2.36574578594e-06
    spectral_flatness_db:
        dmean: 0.0135807394981
        dmean2: 0.0214461833239
        dvar: 0.000125462000142
        dvar2: 0.000260750501184
        max: 0.21080853045
        mean: 0.145203635097
        min: 0.0506880357862
        var: 0.000495201849844
    spectral_flux:
        dmean: 0.00843349285424
        dmean2: 0.012206046842
        dvar: 8.53570309118e-05
        dvar2: 0.000139939482324
        max: 0.100661613047
        mean: 0.0412256941199
        min: 5.07520780957e-05
        var: 0.000214283238165
    spectral_kurtosis:
        dmean: 1.30830466747
        dmean2: 2.16867160797
        dvar: 1.65431594849
        dvar2: 4.28011226654
        max: 13.748298645
        mean: 5.03399181366
        min: -0.288642644882
        var: 5.82057714462
    spectral_rms:
        dmean: 0.000301955384202
        dmean2: 0.00047763105249
        dvar: 1.13584384565e-07
        dvar2: 2.65592547066e-07
        max: 0.00425681611523
        mean: 0.00231160479598
        min: 1.58522857419e-06
        var: 2.20907125481e-07
    spectral_rolloff:
        dmean: 445.787109375
        dmean2: 727.711853027
        dvar: 239700.5625
        dvar2: 528978.3125
        max: 5620.16601562
        mean: 2632.49707031
        min: 559.86328125
        var: 777035.375
    spectral_skewness:
        dmean: 0.200019270182
        dmean2: 0.31410753727
        dvar: 0.0386428274214
        dvar2: 0.0850808545947
        max: 2.82695436478
        mean: 1.72027564049
        min: 0.312684774399
        var: 0.182773932815
    spectral_spread:
        dmean: 491707.84375
        dmean2: 691478
        dvar: 1.01376039322e+12
        dvar2: 1.1527913472e+12
        max: 19920794
        mean: 4702817
        min: 2427807
        var: 2.01687800218e+12
    spectral_strongpeak:
        dmean: 0.376881271601
        dmean2: 0.661661207676
        dvar: 0.56610250473
        dvar2: 1.61737370491
        max: 9.74474430084
        mean: 0.596934735775
        min: 1.04428854684e-05
        var: 0.882369875908
    zerocrossingrate:
        dmean: 0.00784088857472
        dmean2: 0.00932969991118
        dvar: 6.58731660224e-05
        dvar2: 8.73596727615e-05
        max: 0.16748046875
        mean: 0.0772334039211
        min: 0.033203125
        var: 0.000535460421816
    barkbands:
        dmean: [1.345341758e-07, 2.29046672757e-05, 0.000116292700113, 0.000272101344308, 0.000568179530092, 0.000416294118622, 0.000230159406783, 0.000163593300385, 0.000126949205878, 0.000111693334475, 3.71227288269e-05, 4.96681750519e-05, 6.86900748406e-05, 0.000103501857666, 0.000130827029352, 0.000160360112204, 0.000149029350723, 0.000112897439976, 0.000131011402118, 0.000167511505424, 0.000119328418805, 4.2002335249e-05, 4.86133603772e-06, 2.06357140087e-06, 9.40556674323e-07, 4.54006254813e-08, 1.6851254836e-09]
        dmean2: [1.68898012021e-07, 3.92673064198e-05, 0.000196738154045, 0.000456482550362, 0.000983729842119, 0.000737386522815, 0.000383172096917, 0.000258324173046, 0.000205580436159, 0.000183825060958, 6.02634827374e-05, 7.53417334636e-05, 0.000106612511445, 0.000164925702848, 0.000216796557652, 0.000264340254944, 0.000247772433795, 0.000187851183, 0.00020071399922, 0.000256982079009, 0.000175133172888, 6.25155153102e-05, 7.23912353351e-06, 3.32320701091e-06, 1.51652022851e-06, 6.99461963904e-08, 1.93671012561e-09]
        dvar: [1.10384459548e-13, 3.47199269335e-09, 6.11110024806e-08, 1.41117553198e-07, 7.62801789733e-07, 4.41468074541e-07, 8.09665863244e-08, 1.30691120148e-07, 6.29946512731e-08, 1.49571626196e-08, 2.82998313672e-09, 8.88338469451e-09, 1.46936187662e-08, 1.56924482297e-08, 3.4413456973e-08, 6.23180156367e-08, 3.65686574355e-08, 1.88161592973e-08, 9.01452850144e-08, 1.48360271623e-07, 1.07141296724e-07, 2.29822525455e-08, 1.70928798893e-10, 3.07009521971e-11, 8.67081406675e-12, 4.93018449213e-15, 7.79508327732e-16]
        dvar2: [1.5467144167e-13, 9.53331191766e-09, 1.7215195669e-07, 4.05248613333e-07, 2.19215917241e-06, 1.29749230382e-06, 2.01852699888e-07, 3.33325175461e-07, 1.58935250738e-07, 4.03461299925e-08, 7.10779435309e-09, 2.34828583245e-08, 2.89194250769e-08, 3.99743917967e-08, 9.22737939391e-08, 1.58620792945e-07, 9.94223370299e-08, 4.63878748747e-08, 1.41554210131e-07, 3.33797430585e-07, 1.89173988474e-07, 5.11802902281e-08, 3.815723848e-10, 7.58769644338e-11, 2.4524543854e-11, 1.04547929897e-14, 7.8030729156e-16]
        max: [3.37892493008e-06, 0.000417326431489, 0.00243281037547, 0.0041985954158, 0.00777227431536, 0.00518247112632, 0.00363307329826, 0.00505773676559, 0.003061553929, 0.000955886091106, 0.000638879195321, 0.00127091503236, 0.0019621362444, 0.00100568053313, 0.0017306774389, 0.00290839513764, 0.00230302009732, 0.00101692252792, 0.00619451608509, 0.00517861172557, 0.00516002625227, 0.00263492343947, 0.000188812031411, 6.079551531e-05, 4.38222305092e-05, 5.58366878067e-07, 5.8070435216e-07]
        mean: [1.86758896348e-07, 3.03410288325e-05, 0.000164267985383, 0.000443915778305, 0.000974982685875, 0.000661156198476, 0.000442874996224, 0.000275489204796, 0.000208267811104, 0.000198448906303, 6.25075263088e-05, 0.000102144847915, 0.00014494205243, 0.000177010704647, 0.000221490947297, 0.000300542218611, 0.000328251800966, 0.000219326218939, 0.000226838994422, 0.000267800467554, 0.000183612137334, 5.42233028682e-05, 8.92126263352e-06, 3.95944334741e-06, 1.93387609215e-06, 1.00985381835e-07, 1.78841086385e-09]
        min: [2.44095941376e-11, 4.40352268538e-11, 3.53698598188e-11, 3.814642352e-11, 1.14153485276e-10, 1.64987995488e-10, 2.22484058954e-10, 3.01398572766e-10, 4.10517397853e-10, 1.04113245802e-10, 3.89770299369e-11, 5.84165008033e-11, 8.63339885693e-11, 8.65412810858e-11, 1.25914417781e-10, 1.71511069236e-10, 8.37379887653e-11, 2.34511521313e-10, 6.39988340101e-11, 9.40558672613e-11, 3.17469002475e-11, 2.01775575415e-11, 5.2440413123e-12, 3.62891119064e-12, 3.46131630302e-12, 3.40801692422e-12, 1.13741893508e-12]
        var: [1.97508811606e-13, 2.60371080252e-09, 4.99492287531e-08, 2.24420645623e-07, 6.69882524562e-07, 4.40288999926e-07, 2.17161911564e-07, 1.6237478917e-07, 8.60217070908e-08, 3.05751903795e-08, 6.8451635471e-09, 1.37178428616e-08, 4.45209273892e-08, 2.82929786266e-08, 6.11430124309e-08, 1.51723313024e-07, 7.62871223969e-08, 2.84621499702e-08, 2.16758763827e-07, 2.59741170794e-07, 2.29826042641e-07, 3.10461096831e-08, 3.07726011339e-10, 4.38706362904e-11, 7.69664106753e-12, 1.05646514689e-14, 7.79569419983e-16]
    mfcc:
        mean: [-691.588867188, 123.925346375, -48.3672561646, 43.7448158264, -10.4759597778, -11.1696891785, -14.0771141052, -14.635219574, -5.5381526947, -10.9968795776, -10.0500164032, -7.7327132225, -10.1085367203]
        cov: [[2076.15258789, -489.947906494, 136.100189209, 121.72542572, -129.652603149, 60.1297569275, -18.0034484863, -44.0318450928, 25.2048740387, -17.2389335632, -46.4911727905, 7.99748373032, -29.9857082367], [-489.947906494, 724.97857666, -276.968017578, -83.1418914795, 106.849136353, -79.6060562134, 16.8762893677, 38.9810905457, -46.5915870667, -18.1149330139, 43.1892585754, -7.21665000916, 18.9104442596], [136.100189209, -276.968017578, 280.730651855, 42.4919548035, -49.0918273926, 44.6923828125, 17.0282821655, 2.91306829453, 15.710357666, -1.01326799393, 7.78759765625, 22.6726417542, -5.16764116287], [121.72542572, -83.1418914795, 42.4919548035, 159.953979492, 19.3481044769, 25.7624969482, 6.73829030991, 1.52900373936, 19.4306430817, 19.2693538666, -12.846821785, 8.09661102295, 7.96702528], [-129.652603149, 106.849136353, -49.0918273926, 19.3481044769, 167.88041687, 5.0982003212, 1.43841207027, 2.86876249313, 16.1885852814, 17.8329200745, -27.4859485626, -18.1991405487, 2.10253286362], [60.1297569275, -79.6060562134, 44.6923828125, 25.7624969482, 5.0982003212, 86.1444320679, 11.8890132904, 6.38920688629, 21.6423301697, 3.45233345032, 5.02475070953, 4.71576690674, -6.54573965073], [-18.0034484863, 16.8762893677, 17.0282821655, 6.73829030991, 1.43841207027, 11.8890132904, 66.6345672607, 18.1901359558, -1.72927701473, 2.32071375847, 21.713388443, 15.4567174911, 11.5196552277], [-44.0318450928, 38.9810905457, 2.91306829453, 1.52900373936, 2.86876249313, 6.38920688629, 18.1901359558, 63.0495452881, 16.1679115295, -6.29338264465, 16.2841625214, 6.25641489029, 14.6602182388], [25.2048740387, -46.5915870667, 15.710357666, 19.4306430817, 16.1885852814, 21.6423301697, -1.72927701473, 16.1679115295, 65.3282394409, 26.7309303284, -8.1504611969, -9.14205360413, -5.59858989716], [-17.2389335632, -18.1149330139, -1.01326799393, 19.2693538666, 17.8329200745, 3.45233345032, 2.32071375847, -6.29338264465, 26.7309303284, 73.5777740479, 15.0692176819, -12.3450498581, -4.19482469559], [-46.4911727905, 43.1892585754, 7.78759765625, -12.846821785, -27.4859485626, 5.02475070953, 21.713388443, 16.2841625214, -8.1504611969, 15.0692176819, 73.6782989502, 10.5696496964, 7.51348161697], [7.99748373032, -7.21665000916, 22.6726417542, 8.09661102295, -18.1991405487, 4.71576690674, 15.4567174911, 6.25641489029, -9.14205360413, -12.3450498581, 10.5696496964, 63.094543457, 16.95753479], [-29.9857082367, 18.9104442596, -5.16764116287, 7.96702528, 2.10253286362, -6.54573965073, 11.5196552277, 14.6602182388, -5.59858989716, -4.19482469559, 7.51348161697, 16.95753479, 57.3712654114]]
        icov: [[0.000614435004536, 0.000377207674319, 0.000212186554563, -0.000384400918847, 0.000328902649926, -7.27784063201e-05, -7.34119312256e-05, 0.00020026085258, -0.000116230701678, 0.000323699583532, 7.97385800979e-05, 1.33534376801e-05, 0.000210447062273], [0.000377207674319, 0.00350538105704, 0.00274245045148, 0.000309057242703, -0.00189320242498, 0.00166961678769, -0.000566389528103, -0.00156747223809, 0.00105812493712, 0.00127282890026, -0.00251264544204, -0.000404098245781, 0.000664797611535], [0.000212186554563, 0.00274245045148, 0.00655974308029, -0.00062605884159, -0.000154251989443, -0.000369008863345, -0.0012175735319, -0.000947325315792, 1.64297471201e-05, 0.00121039804071, -0.00190247513819, -0.00134488462936, 0.00107162131462], [-0.000384400918847, 0.000309057242703, -0.00062605884159, 0.00779532920569, -0.00109274638817, -0.00133001059294, -0.000364098872524, -0.000550567812752, -5.95076962782e-05, -0.00237066601403, 0.00169910583645, -0.00114322069567, -0.00140335212927], [0.000328902649926, -0.00189320242498, -0.000154251989443, -0.00109274638817, 0.00897194258869, -0.00213554850779, -0.000986596336588, 0.000170412706211, -0.000799101719167, -0.00268691428937, 0.00520853465423, 0.00164477876388, -0.000926834880374], [-7.27784063201e-05, 0.00166961678769, -0.000369008863345, -0.00133001059294, -0.00213554850779, 0.0157156325877, -0.0022324025631, 0.000120796357805, -0.00469452608377, 0.00305791036226, -0.003718506312, -0.000843761547003, 0.00235364586115], [-7.34119312256e-05, -0.000566389528103, -0.0012175735319, -0.000364098872524, -0.000986596336588, -0.0022324025631, 0.0191935990006, -0.00397830316797, 0.00203058985062, -0.0012641355861, -0.00358182494529, -0.002940277569, -0.00152277632151], [0.00020026085258, -0.00156747223809, -0.000947325315792, -0.000550567812752, 0.000170412706211, 0.000120796357805, -0.00397830316797, 0.023905787617, -0.0105856740847, 0.00667636794969, -0.00516601931304, 0.000775199092459, -0.0047873230651], [-0.000116230701678, 0.00105812493712, 1.64297471201e-05, -5.95076962782e-05, -0.000799101719167, -0.00469452608377, 0.00203058985062, -0.0105856740847, 0.0259246882051, -0.0106203313917, 0.00574486982077, 0.000959380646236, 0.00210855202749], [0.000323699583532, 0.00127282890026, 0.00121039804071, -0.00237066601403, -0.00268691428937, 0.00305791036226, -0.0012641355861, 0.00667636794969, -0.0106203313917, 0.0220470242202, -0.00951813254505, 0.00295159523375, 0.000132762099383], [7.97385800979e-05, -0.00251264544204, -0.00190247513819, 0.00169910583645, 0.00520853465423, -0.003718506312, -0.00358182494529, -0.00516601931304, 0.00574486982077, -0.00951813254505, 0.0228416249156, -0.00128723133821, -0.000859534542542], [1.33534376801e-05, -0.000404098245781, -0.00134488462936, -0.00114322069567, 0.00164477876388, -0.000843761547003, -0.002940277569, 0.000775199092459, 0.000959380646236, 0.00295159523375, -0.00128723133821, 0.0198843702674, -0.00498577579856], [0.000210447062273, 0.000664797611535, 0.00107162131462, -0.00140335212927, -0.000926834880374, 0.00235364586115, -0.00152277632151, -0.0047873230651, 0.00210855202749, 0.000132762099383, -0.000859534542542, -0.00498577579856, 0.0212458893657]]
    spectral_contrast:
        mean: [-4.6551002697e-07, -1.63765832895e-07, -6.17274565684e-07, 1.73576054863e-07, 1.96195742319e-07, -1.43445291201e-07, 2.48334254138e-06, 2.1366398073e-07, -1.20873141896e-06, -2.03651507036e-06, -1.85728629276e-06, -9.37770550991e-07]
        var: [0.000577641709242, 0.0010885320371, 0.0012195284944, 0.00211419444531, 0.00280915363692, 0.00298490235582, 0.0416739396751, 0.0836188048124, 0.0895037874579, 0.270557165146, 0.350456923246, 0.884093940258]

rhythm:
    beats_loudness:
        dmean: 0.00197892216966
        dmean2: 0.00354562862776
        dvar: 2.98788404507e-06
        dvar2: 9.00056238606e-06
        max: 0.0112036317587
        mean: 0.00611711805686
        min: 0.00286019989289
        var: 3.72740078092e-06
    beats_loudness_bass:
        dmean: 0.0822305902839
        dmean2: 0.159413605928
        dvar: 0.00711481412873
        dvar2: 0.0227174572647
        max: 0.413932085037
        mean: 0.117293916643
        min: 0.0244142115116
        var: 0.00757987145334
    bpm: 103.5131073
    bpm_confidence: 0
    first_peak_bpm: 154
    first_peak_spread: 0
    first_peak_weight: 0.5
    onset_rate: 4.39784622192
    second_peak_bpm: 104
    second_peak_spread: 0
    second_peak_weight: 0.449999988079
    beats_position: [0.309996962547, 0.889667570591, 1.46933817863, 2.04900860786, 2.62867903709, 3.20834946632, 3.78802013397, 4.3676905632, 4.94736099243, 5.52703142166, 5.9781126976, 6.36737442017, 6.75663518906, 7.14589643478, 7.53515720367, 7.92441892624, 8.31367969513, 8.70294094086, 9.09220218658, 9.48146343231, 9.87072372437]
    bpm_estimates: [104.743858337, 103.275230408, 102.545761108, 103.487564087]
    bpm_intervals: [0.579670608044, 0.579670608044, 0.57967042923, 0.57967042923, 0.57967042923, 0.579670667648, 0.57967042923, 0.57967042923, 0.57967042923, 0.45108127594, 0.389261722565, 0.38926076889, 0.389261245728, 0.38926076889, 0.389261722565, 0.38926076889, 0.389261245728, 0.389261245728, 0.389261245728, 0.389260292053]
    onset_times: [0.0580498874187, 0.31346938014, 0.383129239082, 0.661768734455, 1.09133791924, 1.26548755169, 1.47446715832, 1.71827661991, 1.89242625237, 2.04335594177, 2.26394557953, 2.43809533119, 2.63546490669, 2.85605430603, 3.03020405769, 3.32045340538, 3.63392281532, 3.80807256699, 3.94739222527, 4.20281171799, 4.40018129349, 4.55111122131, 4.77170085907, 5.00390005112, 5.39863967896, 5.58439922333, 5.7701587677, 5.9094786644, 5.99074840546, 6.1648979187, 6.57124710083, 6.68734693527, 6.94276666641, 7.07047605515, 7.34911584854, 7.73224496841, 8.42884349823, 8.53333377838, 8.71909332275, 8.893242836, 9.06739234924, 9.29959201813, 9.50857162476, 9.85687065125]
    rubato_start: [6.36737442017]
    rubato_stop: [9.87072372437]
    perceptual_tempo: "unknown"

sfx:
    inharmonicity:
        dmean: 0.0369103401899
        dmean2: 0.0652674362063
        dvar: 0.00186442153063
        dvar2: 0.0053524649702
        max: 0.334664702415
        mean: 0.038515843451
        min: 0.000206187643926
        var: 0.00169082614593
    oddtoevenharmonicenergyratio:
        dmean: 1.99675416946
        dmean2: 3.81135416031
        dvar: 21.449508667
        dvar2: 65.6673126221
        max: 47.3525390625
        mean: 1.32679247856
        min: 0.00103785551619
        var: 12.5844135284
    pitch_after_max_to_before_max_energy_ratio: 15.904004097
    pitch_centroid: 197.503479004
    pitch_max_to_total: 0.0371229685843
    pitch_min_to_total: 0.491879343987
    tristimulus:
        dmean: [0.218536660075, 0.222470268607, 0.113896355033]
        dmean2: [0.372793674469, 0.384688049555, 0.201729133725]
        dvar: [0.0301548782736, 0.0352689251304, 0.0130953323096]
        dvar2: [0.0876027643681, 0.0945872589946, 0.0359459929168]
        max: [0.90675008297, 0.927886486053, 0.752136766911]
        mean: [0.424815654755, 0.429005175829, 0.114871263504]
        min: [0.00219881953672, 0, 0]
        var: [0.0482928194106, 0.049805033952, 0.0151606565341]

tonal:
    chords_changes_rate: 0.050925925374
    chords_number_rate: 0.0277777779847
    chords_strength:
        dmean: 0.00812796223909
        dmean2: 0.0070029841736
        dvar: 3.62366336049e-05
        dvar2: 2.89609306492e-05
        max: 0.688057601452
        mean: 0.539459884167
        min: 0.364542603493
        var: 0.00731835328043
    key_strength: 0.655739307404
    tuning_diatonic_strength: 0.50601452589
    tuning_equal_tempered_deviation: 0.0297456886619
    tuning_frequency: 438.731048584
    tuning_nontempered_energy_ratio: 0.644458711147
    hpcp:
        dmean: [0.135024651885, 0.110693357885, 0.0830781012774, 0.0760538652539, 0.0941717475653, 0.120538257062, 0.151370480657, 0.122921489179, 0.0989703536034, 0.09346485883, 0.101112067699, 0.146465271711, 0.193103671074, 0.169493347406, 0.0948107093573, 0.0689098387957, 0.06910931319, 0.0840429589152, 0.111380293965, 0.127858623862, 0.166520193219, 0.155147448182, 0.14349232614, 0.112343497574, 0.0945417359471, 0.11883687228, 0.17486743629, 0.192875623703, 0.136189714074, 0.0859706327319, 0.0682354271412, 0.0686306208372, 0.138862729073, 0.197807520628, 0.169134646654, 0.155935883522]
        dmean2: [0.223980695009, 0.186768591404, 0.144880756736, 0.129862889647, 0.149592012167, 0.200670853257, 0.236332401633, 0.207343444228, 0.174644351006, 0.154695481062, 0.166128963232, 0.230411976576, 0.305690765381, 0.282963752747, 0.160772904754, 0.114608325064, 0.114448279142, 0.138343706727, 0.180472701788, 0.215917021036, 0.276249736547, 0.249077111483, 0.242247968912, 0.190765112638, 0.163272485137, 0.197633549571, 0.295642793179, 0.307859838009, 0.233263865113, 0.15076392889, 0.123791150749, 0.124829530716, 0.224171355367, 0.319693684578, 0.281115651131, 0.27838242054]
        dvar: [0.0282725431025, 0.0189812202007, 0.0172861907631, 0.0199054460973, 0.0239282269031, 0.0247469190508, 0.0256017483771, 0.0211656633765, 0.0218283943832, 0.0223193019629, 0.0174418371171, 0.0242565590888, 0.0400565341115, 0.0302434582263, 0.0161198191345, 0.0147920316085, 0.00989984720945, 0.0115765314549, 0.0207450482994, 0.030194029212, 0.0420184098184, 0.0408632792532, 0.0353516899049, 0.0316094942391, 0.0190216712654, 0.0240314286202, 0.0365762859583, 0.0414566472173, 0.0249237660319, 0.0179332084954, 0.0178111698478, 0.0153200756758, 0.0216640885919, 0.0410903133452, 0.0329995043576, 0.0379620939493]
        dvar2: [0.0625934526324, 0.0432535521686, 0.0469689369202, 0.0523755140603, 0.0631111562252, 0.0567051507533, 0.0638846457005, 0.0480350218713, 0.0617688000202, 0.0671156793833, 0.0501918718219, 0.065530769527, 0.103764533997, 0.0787208378315, 0.0363193973899, 0.0396229177713, 0.0261885132641, 0.0277953855693, 0.0507923364639, 0.0823585689068, 0.107751168311, 0.0926117524505, 0.0871087834239, 0.0814711377025, 0.0520884208381, 0.0635579749942, 0.0937659740448, 0.104508399963, 0.0678968802094, 0.0480058528483, 0.0483798347414, 0.0439778119326, 0.0568471550941, 0.110194116831, 0.0856415480375, 0.113834194839]
        max: [1, 1, 1, 0.855360746384, 1, 1, 1, 1, 1, 1, 1, 1, 1, 1, 1, 1, 0.705911338329, 0.777939081192, 0.831221103668, 1, 1, 1, 1, 1, 0.820467233658, 1, 1, 1, 0.959282517433, 1, 1, 0.970840752125, 1, 1, 1, 1]
        mean: [0.236163675785, 0.168307244778, 0.109229385853, 0.0948098748922, 0.107257656753, 0.204190552235, 0.297334879637, 0.224706664681, 0.122817337513, 0.114943094552, 0.124338880181, 0.301599472761, 0.482866883278, 0.324272662401, 0.126707449555, 0.0920146033168, 0.100686967373, 0.132842749357, 0.169321268797, 0.175917237997, 0.270981639624, 0.361717194319, 0.244299158454, 0.124483406544, 0.11394867301, 0.143543750048, 0.317163646221, 0.404227286577, 0.223709747195, 0.0945299267769, 0.0703714713454, 0.0711722671986, 0.251594662666, 0.439266830683, 0.316255003214, 0.21250359714]
        min: [0.0018948034849, 0.00405958388001, 0.00308177177794, 0.00284019182436, 0.00569738354534, 0.00946141220629, 0.00953010749072, 0.015705704689, 0.00803586561233, 0.00487939221784, 0.00588075397536, 0.0125435944647, 0.0272315442562, 0.014651896432, 0.00306812650524, 0.00413751928136, 0.0102901412174, 0.0133812902495, 0.0122209079564, 0.0136743243784, 0.00914141442627, 0.00488581880927, 0.00465457187966, 0.0018051963998, 0.00362410838716, 0.00914751458913, 0.0084844250232, 0.00996856950223, 0.0046440991573, 0.0052997036837, 0.00398219237104, 0.0030371400062, 0.0163174457848, 0.0236774496734, 0.0224814619869, 0.00401605386287]
        var: [0.076564066112, 0.0364692993462, 0.0202667228878, 0.0192847941071, 0.0277172680944, 0.0472712926567, 0.0797648876905, 0.0548000261188, 0.0273123010993, 0.0233420692384, 0.0213914141059, 0.0478303432465, 0.103290572762, 0.0590630322695, 0.0311200413853, 0.0143280746415, 0.0121185518801, 0.0160367414355, 0.0266794525087, 0.030935999006, 0.074176453054, 0.118580564857, 0.0735741853714, 0.0310362447053, 0.0203461274505, 0.0296938437968, 0.0772223323584, 0.115980431437, 0.0406548641622, 0.0155450953171, 0.0129221780226, 0.0123203825206, 0.0461612306535, 0.0991593971848, 0.0611096285284, 0.055882461369]
    chords_histogram: [33.796295166, 18.9814815521, 0, 0, 0, 7.40740728378, 0, 7.40740728378, 0, 0, 0, 0, 0, 0, 0, 0, 0, 0, 0, 0, 0, 0, 30.5555553436, 1.85185182095]
    thpcp: [1, 0.671557068825, 0.262406587601, 0.190558940172, 0.208519101143, 0.275112569332, 0.350658267736, 0.364318281412, 0.561193287373, 0.749103367329, 0.505934774876, 0.257800668478, 0.235983610153, 0.29727396369, 0.656834542751, 0.837140202522, 0.463294863701, 0.195768088102, 0.145736798644, 0.147395208478, 0.521043539047, 0.909705877304, 0.654952764511, 0.44008731842, 0.489086508751, 0.348558276892, 0.226210147142, 0.196347847581, 0.222126767039, 0.42287132144, 0.615769863129, 0.465359449387, 0.254350304604, 0.238043025136, 0.257501363754, 0.624601721764]
    chords_key: "C#"
    chords_scale: "minor"
    key_key: "C#"
    key_scale: "minor"
    chords_progression: ["C#m", "C#m", "C#m", "C#m", "C#m", "C#m", "C#m", "C#m", "C#m", "C#m", "C#m", "C#m", "C#m", "C#m", "C#m", "C#m", "C#m", "C#m", "C#m", "C#m", "C#m", "C#m", "C#m", "C#m", "C#m", "C#m", "F#m", "F#m", "F#m", "F#m", "F#m", "F#m", "F#m", "F#m", "F#m", "F#m", "F#m", "F#m", "F#m", "F#m", "C#m", "C#m", "C#", "C#", "C#", "C#", "C#", "C#", "C#", "C#", "C#", "C#", "C#m", "C#m", "C#", "C#", "C#", "C#", "C#", "C#", "C#m", "C#m", "C#m", "C#m", "C#m", "C#m", "C#m", "C#m", "C#m", "C#m", "C#m", "C#m", "C#m", "C#m", "C#m", "C#m", "C#m", "C#m", "C#m", "C#m", "C#m", "C#m", "C#m", "C#m", "C#m", "C#m", "C#m", "C#m", "C#m", "E", "E", "E", "E", "E", "E", "E", "E", "E", "E", "E", "E", "E", "E", "E", "E", "E", "E", "E", "E", "E", "E", "E", "E", "E", "E", "E", "E", "E", "E", "E", "E", "E", "E", "E", "E", "E", "E", "E", "E", "E", "C#m", "C#m", "C#m", "C#m", "C#m", "C#m", "C#m", "C#m", "C#m", "C#m", "C#m", "C#m", "C#m", "C#m", "A", "A", "A", "A", "F#m", "F#m", "F#m", "F#m", "F#m", "F#m", "F#m", "F#m", "F#m", "F#m", "F#m", "F#m", "F#m", "F#m", "F#m", "F#m", "F#m", "F#m", "F#m", "F#m", "F#m", "F#m", "F#m", "F#m", "F#m", "F#m", "F#m", "F#m", "F#m", "F#m", "F#m", "F#m", "F#m", "F#m", "F#m", "F#m", "F#m", "F#m", "F#m", "F#m", "F#m", "F#m", "F#m", "F#m", "F#m", "F#m", "F#m", "F#m", "F#m", "F#m", "F#m", "F#m", "F#", "F#", "F#", "F#", "F#", "F#", "F#", "F#", "F#", "F#", "F#", "F#", "F#", "F#", "F#", "F#"]
