
metadata:
    version:
        essentia: "1.2.2"
    audio_properties:
        analysis_sample_rate: 44100
        bitrate: 128
        channels: 2
        equal_loudness: 1
        length: 10.0310201645
        replay_gain: -12.4700546265
        downmix: "mix"
    tags:
        track: 15
        year: 0
        album: "Splitted by Mp3Splt v. 2.1"
        artist: "From 002.20 To 002.30"
        comment: "http://mp3splt.sf.net"
        genre: ""
        title: "10 The New.mp3"

highlevel:
    ballroom:
        all:
            ChaChaCha: 0.0329781360924
            Jive: 0.0287390816957
            Quickstep: 0.0159199126065
            Rumba-American: 0.00811940897256
            Rumba-International: 0.0611506737769
            Rumba-Misc: 0.0252004247159
            Samba: 0.0213376916945
            Tango: 0.372007101774
            VienneseWaltz: 0.0999502241611
            Waltz: 0.334597349167
        probability: 0.372007101774
        value: "Tango"
    culture:
        all:
            non_western: 0.120294488966
            western: 0.879705488682
        probability: 0.879705488682
        value: "western"
    gender:
        all:
            female: 0.73978972435
            male: 0.260210245848
        probability: 0.73978972435
        value: "female"
    genre_dortmund:
        all:
            alternative: 0.238839462399
            blues: 0.0467660799623
            electronic: 0.0728276893497
            folkcountry: 0.132854610682
            funksoulrnb: 0.00955730956048
            jazz: 0.0665319040418
            pop: 0.0642764493823
            raphiphop: 0.00461015105247
            rock: 0.363736331463
        probability: 0.363736331463
        value: "rock"
    genre_electronica:
        all:
            ambient: 0.535717189312
            dnb: 0.0473779030144
            house: 0.100240476429
            techno: 0.0104822190478
            trance: 0.306182205677
        probability: 0.535717189312
        value: "ambient"
    genre_rosamerica:
        all:
            cla: 0.0414071790874
            dan: 0.0117304176092
            hip: 0.00332441250794
            jaz: 0.0264519173652
            pop: 0.0293688904494
            rhy: 0.00692088343203
            roc: 0.879087567329
            spe: 0.00170875701588
        probability: 0.879087567329
        value: "roc"
    genre_tzanetakis:
        all:
            blu: 0.0139396432787
            cla: 0.107708223164
            cou: 0.0750837400556
            dis: 0.0366229973733
            hip: 0.00302977650426
            jaz: 0.0443404726684
            met: 0.0077130580321
            pop: 0.124036058784
            reg: 0.0515260435641
            roc: 0.536000013351
        probability: 0.536000013351
        value: "roc"
    live_studio:
        all:
            live: 0.00524389510974
            studio: 0.994756102562
        probability: 0.994756102562
        value: "studio"
    mood:
        all:
            Cluster1: 0.399797677994
            Cluster2: 0.0576653182507
            Cluster3: 0.473872423172
            Cluster4: 0.0389633215964
            Cluster5: 0.0297012552619
        probability: 0.473872423172
        value: "Cluster3"
    mood_acoustic:
        all:
            acoustic: 0.201103523374
            not_acoustic: 0.798896491528
        probability: 0.798896491528
        value: "not_acoustic"
    mood_aggressive:
        all:
            aggressive: 0.0261881090701
            not_aggressive: 0.973811864853
        probability: 0.973811864853
        value: "not_aggressive"
    mood_electronic:
        all:
            electronic: 0.5
            not_electronic: 0.5
        probability: 0.5
        value: "electronic"
    mood_happy:
        all:
            happy: 0.117117166519
            not_happy: 0.882882833481
        probability: 0.882882833481
        value: "not_happy"
    mood_party:
        all:
            not_party: 0.955195307732
            party: 0.044804699719
        probability: 0.955195307732
        value: "not_party"
    mood_relaxed:
        all:
            not_relaxed: 0.105329073966
            relaxed: 0.894670903683
        probability: 0.894670903683
        value: "relaxed"
    mood_sad:
        all:
            not_sad: 0.183471471071
            sad: 0.816528558731
        probability: 0.816528558731
        value: "sad"
    rhythm:
        all:
            fast: 0.578626096249
            medium: 0.0152850067243
            slow: 0.406088918447
        probability: 0.578626096249
        value: "fast"
    speech_music:
        all:
            music: 0.999827682972
            speech: 0.000172345433384
        probability: 0.999827682972
        value: "music"
    timbre:
        all:
            bright: 0.288338810205
            dark: 0.711661159992
        probability: 0.711661159992
        value: "dark"
    voice_instrumental:
        all:
            instrumental: 0.96905952692
            voice: 0.0309404879808
        probability: 0.96905952692
        value: "instrumental"

lowlevel:
    average_loudness: 0.787031173706
    barkbands_kurtosis:
        dmean: 0.50980001688
        dmean2: 0.786709368229
        dvar: 0.899449110031
        dvar2: 2.07709431648
        max: 11.0750780106
        mean: -0.433777481318
        min: -1.84811401367
        var: 1.96208167076
    barkbands_skewness:
        dmean: 0.244898125529
        dmean2: 0.368314743042
        dvar: 0.0807206258178
        dvar2: 0.197691559792
        max: 3.38463521004
        mean: 0.423658102751
        min: -1.06222999096
        var: 0.397621840239
    barkbands_spread:
        dmean: 2.84283804893
        dmean2: 4.10715007782
        dvar: 8.41485500336
        dvar2: 17.4980583191
        max: 56.3705825806
        mean: 23.520324707
        min: 3.67771220207
        var: 106.158721924
    dissonance:
        dmean: 0.0268911775202
        dmean2: 0.0476535893977
        dvar: 0.00114527263213
        dvar2: 0.00331195094623
        max: 0.49655431509
        mean: 0.448597282171
        min: 0.256322443485
        var: 0.00135879451409
    hfc:
        dmean: 0.791647136211
        dmean2: 1.1242480278
        dvar: 2.09011983871
        dvar2: 4.60017442703
        max: 20.1291790009
        mean: 3.97571372986
        min: 4.51632331533e-06
        var: 14.8920612335
    pitch:
        dmean: 148.784439087
        dmean2: 290.516906738
        dvar: 314016.78125
        dvar2: 823674.25
        max: 3675
        mean: 334.453857422
        min: 88.0239486694
        var: 325274.03125
    pitch_instantaneous_confidence:
        dmean: 0.0565525256097
        dmean2: 0.0826384946704
        dvar: 0.0027372026816
        dvar2: 0.00562823889777
        max: 0.829255521297
        mean: 0.533453047276
        min: 0.179701805115
        var: 0.0211367979646
    pitch_salience:
        dmean: 0.0425384752452
        dmean2: 0.0665946602821
        dvar: 0.00210608099587
        dvar2: 0.00521458452567
        max: 0.965455055237
        mean: 0.493129849434
        min: 0.254965484142
        var: 0.012107889168
    silence_rate_20dB:
        dmean: 0
        dmean2: 0
        dvar: 0
        dvar2: 0
        max: 1
        mean: 1
        min: 1
        var: 0
    silence_rate_30dB:
        dmean: 0
        dmean2: 0
        dvar: 0
        dvar2: 0
        max: 1
        mean: 1
        min: 1
        var: 0
    silence_rate_60dB:
        dmean: 0.074074074626
        dmean2: 0.146171689034
        dvar: 0.0685874223709
        dvar2: 0.152647718787
        max: 1
        mean: 0.628175497055
        min: 0
        var: 0.233570337296
    spectral_centroid:
        dmean: 119.444190979
        dmean2: 179.051742554
        dvar: 17336.4746094
        dvar2: 41684.5039062
        max: 2224.4440918
        mean: 1031.57128906
        min: 318.103393555
        var: 107448.859375
    spectral_complexity:
        dmean: 1.62877035141
        dmean2: 2.6441860199
        dvar: 4.24733495712
        dvar2: 11.1315021515
        max: 31
        mean: 10.2638893127
        min: 0
        var: 35.3841362
    spectral_crest:
        dmean: 1.48948311806
        dmean2: 2.19407916069
        dvar: 2.11463928223
        dvar2: 4.52165651321
        max: 18.4891662598
        mean: 8.43316555023
        min: 2.71021008492
        var: 8.68288803101
    spectral_decrease:
        dmean: 2.02048947018e-10
        dmean2: 3.21706550288e-10
        dvar: 2.3994382165e-19
        dvar2: 6.11991540751e-19
        max: -6.95788914714e-16
        mean: -8.45496062052e-10
        min: -6.50364873067e-09
        var: 4.72374878785e-19
    spectral_energy:
        dmean: 0.000818862114102
        dmean2: 0.00129292078782
        dvar: 3.73383272745e-06
        dvar2: 9.38918947213e-06
        max: 0.0259329732507
        mean: 0.00355170480907
        min: 3.03570102389e-09
        var: 8.36125491332e-06
    spectral_energyband_high:
        dmean: 2.03960189538e-05
        dmean2: 2.94930123346e-05
        dvar: 2.90236434886e-09
        dvar2: 6.03406924427e-09
        max: 0.000706848513801
        mean: 5.76112797717e-05
        min: 4.39306160893e-11
        var: 1.23344170433e-08
    spectral_energyband_low:
        dmean: 0.000166724479641
        dmean2: 0.00028797306004
        dvar: 2.33305911479e-07
        dvar2: 6.84838255438e-07
        max: 0.00591392349452
        mean: 0.00049515790306
        min: 1.04310282634e-10
        var: 3.30047015495e-07
    spectral_energyband_middle_high:
        dmean: 0.000341108563589
        dmean2: 0.000477286259411
        dvar: 2.44987234055e-07
        dvar2: 4.78939057302e-07
        max: 0.00821841321886
        mean: 0.00163946882822
        min: 1.52945112131e-09
        var: 1.96030032384e-06
    spectral_energyband_middle_low:
        dmean: 0.000515672028996
        dmean2: 0.000869624782354
        dvar: 2.79038135886e-06
        dvar2: 7.41979192753e-06
        max: 0.0218368265778
        mean: 0.00135946797673
        min: 1.34856104061e-09
        var: 3.17295666719e-06
    spectral_flatness_db:
        dmean: 0.0142635870725
        dmean2: 0.0213994067162
        dvar: 0.000179572176421
        dvar2: 0.000330769311404
        max: 0.351103186607
        mean: 0.232509598136
        min: 0.0879174843431
        var: 0.00374664831907
    spectral_flux:
        dmean: 0.00642890110612
        dmean2: 0.0103730624542
        dvar: 8.75675978023e-05
        dvar2: 0.000209621270187
        max: 0.121840588748
        mean: 0.0220818761736
        min: 5.50971963094e-05
        var: 0.000329380534822
    spectral_kurtosis:
        dmean: 7.57043266296
        dmean2: 13.0318670273
        dvar: 73.1096115112
        dvar2: 222.503738403
        max: 56.2126045227
        mean: 15.356262207
        min: 0.210167169571
        var: 153.627960205
    spectral_rms:
        dmean: 0.000181081632036
        dmean2: 0.000270871270914
        dvar: 9.09973394414e-08
        dvar2: 1.96900785454e-07
        max: 0.00502995634452
        mean: 0.0017545184819
        min: 1.72094723894e-06
        var: 3.8674201619e-07
    spectral_rolloff:
        dmean: 272.13760376
        dmean2: 456.30355835
        dvar: 147326.984375
        dvar2: 289845.21875
        max: 3854.44335938
        mean: 2027.16162109
        min: 215.33203125
        var: 528283.9375
    spectral_skewness:
        dmean: 0.531034350395
        dmean2: 0.906848371029
        dvar: 0.313018590212
        dvar2: 0.946273505688
        max: 4.81828737259
        mean: 2.25992178917
        min: 0.755256533623
        var: 0.694011330605
    spectral_spread:
        dmean: 278081
        dmean2: 395358.28125
        dvar: 249063735296
        dvar2: 335696723968
        max: 8249159.5
        mean: 2581754.25
        min: 889282.125
        var: 2.50712739021e+12
    spectral_strongpeak:
        dmean: 0.372347563505
        dmean2: 0.661515116692
        dvar: 0.411405146122
        dvar2: 1.02405965328
        max: 5.02683115005
        mean: 0.693136751652
        min: 7.97669508756e-06
        var: 0.583657443523
    zerocrossingrate:
        dmean: 0.00509579805657
        dmean2: 0.00603538332507
        dvar: 2.52856261795e-05
        dvar2: 4.04419588449e-05
        max: 0.1220703125
        mean: 0.061279296875
        min: 0.0224609375
        var: 0.000305368943373
    barkbands:
        dmean: [1.11836719441e-07, 3.47964487446e-05, 0.000144562800415, 0.000169763021404, 0.000346052722307, 5.77176251682e-05, 6.77626594552e-05, 6.93345573382e-05, 3.3919706766e-05, 4.16872426285e-05, 0.000117187795695, 2.43841823249e-05, 7.20118714526e-06, 4.10995198763e-05, 8.68144124979e-05, 9.54388524406e-05, 9.84842918115e-05, 5.245455759e-05, 5.63717330806e-05, 2.21742375288e-05, 8.54877725942e-06, 6.69987639412e-06, 1.54573376676e-06, 7.08683387529e-07, 2.95817415008e-07, 1.21320464785e-08, 2.55327342602e-10]
        dmean2: [1.82782642355e-07, 6.35414544377e-05, 0.000244410679443, 0.000293104996672, 0.000570922333281, 9.92801142274e-05, 9.48827000684e-05, 0.000104226943222, 5.12133301527e-05, 6.17159166723e-05, 0.000140624964843, 3.45180706063e-05, 1.09337343019e-05, 6.77509597153e-05, 0.000138597315527, 0.000146456761286, 0.000153889559442, 8.31529687275e-05, 8.85335975909e-05, 3.37880264851e-05, 1.36302187457e-05, 1.00348433989e-05, 2.33828836826e-06, 1.0201921441e-06, 4.27384634349e-07, 1.81308017488e-08, 3.44663325658e-10]
        dvar: [2.92874313126e-13, 8.10034528342e-09, 1.94303524381e-07, 4.11344046825e-07, 1.55427221671e-06, 1.2535861238e-08, 9.81618519802e-09, 9.9647499141e-09, 4.34018909701e-09, 5.31436805673e-09, 4.68507650453e-08, 1.74346981296e-09, 1.48242307318e-10, 1.13049329897e-08, 3.22991375867e-08, 2.07721591039e-08, 4.3003822725e-08, 1.18814931227e-08, 2.03005683375e-08, 4.31530056133e-09, 7.19103776525e-10, 3.60471624772e-10, 1.56908028237e-11, 3.96528469782e-12, 1.19768030129e-12, 2.48713691379e-15, 7.15951786253e-18]
        dvar2: [7.56732513024e-13, 2.59210626297e-08, 5.58486590307e-07, 1.03490538095e-06, 4.03461899623e-06, 3.81229519064e-08, 1.80682366846e-08, 2.41215065699e-08, 1.06149977697e-08, 1.21159491329e-08, 5.54868933023e-08, 3.22039683809e-09, 3.98371891031e-10, 3.0724851996e-08, 8.20472578766e-08, 5.4360025814e-08, 1.0509576498e-07, 3.16112576115e-08, 4.74711647769e-08, 1.05894146785e-08, 1.96142813103e-09, 7.47213679819e-10, 3.51034236401e-11, 8.0117388418e-12, 2.54707322941e-12, 5.96798874086e-15, 7.21866872095e-18]
        max: [5.66371181776e-06, 0.000822892645374, 0.00529898703098, 0.00687497481704, 0.0162254218012, 0.00106568436604, 0.00135146069806, 0.00107265543193, 0.000606259156484, 0.00111638754606, 0.00314219482243, 0.00054570264183, 0.000172540094354, 0.00114799046423, 0.00282568274997, 0.00149730639532, 0.00240016356111, 0.00118023925461, 0.00169314758386, 0.000839712971356, 0.000376079231501, 0.000313108408591, 5.04837917106e-05, 2.68419189524e-05, 1.33549428938e-05, 5.13418797254e-07, 5.55889485554e-08]
        mean: [1.17248426079e-07, 4.56971174572e-05, 0.000449345185189, 0.000224584218813, 0.000537084590178, 0.000132039131131, 0.000191754879779, 0.000172762578586, 7.27843435016e-05, 0.000101247249404, 0.000410775071941, 6.24454769422e-05, 1.81145114766e-05, 7.43581549614e-05, 0.000245021801675, 0.000237287036725, 0.000226063843002, 0.000122605953948, 0.00014201043814, 4.52407839475e-05, 1.97921308427e-05, 1.47640421346e-05, 3.72703630092e-06, 1.55254338097e-06, 5.15831061421e-07, 1.5168561518e-08, 2.57178583984e-10]
        min: [9.59567755116e-12, 4.68223376737e-11, 4.72679499708e-11, 5.60249763248e-11, 1.67756170066e-10, 2.04653557989e-10, 2.15070683485e-10, 2.54964493962e-10, 4.10224104685e-10, 1.52862555947e-10, 1.54199621821e-11, 3.72015092343e-12, 2.02723358933e-11, 4.30187205303e-11, 5.40204166122e-11, 6.40126396334e-10, 2.53864762545e-10, 7.39196898136e-11, 2.59681304238e-10, 6.56271495481e-11, 2.40441729027e-11, 4.74667007089e-12, 1.2169219625e-12, 4.26461708829e-13, 2.16424575201e-13, 4.93999304896e-14, 1.6016117401e-14]
        var: [3.13080128229e-13, 9.78282521658e-09, 2.69091458449e-07, 4.07745744724e-07, 1.40992210618e-06, 3.23916147238e-08, 4.50958452802e-08, 4.55592115145e-08, 1.14262279638e-08, 1.58972248698e-08, 2.41961487291e-07, 7.0865611157e-09, 3.20499210504e-10, 2.10291126734e-08, 1.70930974264e-07, 7.50153503759e-08, 1.48739687234e-07, 2.49852725176e-08, 7.39247454362e-08, 1.07306776798e-08, 1.50081214123e-09, 1.20713661289e-09, 7.06263936223e-11, 1.38666005761e-11, 2.47585242238e-12, 2.88636789403e-15, 7.16219461899e-18]
    mfcc:
        mean: [-798.843261719, 200.097763062, -87.9481124878, 49.8656539917, -4.46569299698, -9.27286529541, -7.31132602692, 0.573244571686, 5.02546691895, -12.9089174271, -19.2352905273, -6.46421861649, -4.18621826172]
        cov: [[7819.94677734, -4675.65185547, 2484.43164062, 255.874389648, 199.421096802, 465.484588623, -591.700134277, 144.236557007, -398.776824951, 667.343994141, 630.102355957, -426.243133545, -40.9058952332], [-4675.65185547, 3981.48510742, -2223.91210938, -306.063995361, -62.6031532288, -404.522613525, 461.990814209, -248.402084351, 388.051483154, -506.866577148, -465.512573242, 416.848175049, -17.7467517853], [2484.43164062, -2223.91210938, 1529.32202148, 214.887710571, 91.4767532349, 266.683013916, -228.852645874, 170.841812134, -242.762405396, 294.504699707, 232.714828491, -270.605651855, 19.6172389984], [255.874389648, -306.063995361, 214.887710571, 216.781097412, -19.57056427, 49.0398483276, -26.8264503479, 67.4935760498, -46.4302177429, -2.18784499168, 30.733423233, -42.9652023315, 18.04255867], [199.421096802, -62.6031532288, 91.4767532349, -19.57056427, 145.841018677, -3.72375631332, 9.54710483551, -7.2719039917, 4.01216840744, 47.4706497192, 19.4395122528, -6.945353508, -18.7578086853], [465.484588623, -404.522613525, 266.683013916, 49.0398483276, -3.72375631332, 151.323471069, -56.2401580811, 51.4273452759, -49.4881820679, 30.4045829773, 59.905292511, -78.748298645, -0.683251142502], [-591.700134277, 461.990814209, -228.852645874, -26.8264503479, 9.54710483551, -56.2401580811, 146.878219604, -38.191608429, 46.5575485229, -49.8372344971, -74.4491348267, 81.8972473145, 0.636126816273], [144.236557007, -248.402084351, 170.841812134, 67.4935760498, -7.2719039917, 51.4273452759, -38.191608429, 150.472488403, -52.9814491272, -1.65707528591, 42.7338256836, -74.9556732178, 21.5500850677], [-398.776824951, 388.051483154, -242.762405396, -46.4302177429, 4.01216840744, -49.4881820679, 46.5575485229, -52.9814491272, 119.539627075, -23.8156585693, -52.3023529053, 70.6832962036, 2.32508802414], [667.343994141, -506.866577148, 294.504699707, -2.18784499168, 47.4706497192, 30.4045829773, -49.8372344971, -1.65707528591, -23.8156585693, 154.308868408, 60.3907432556, -41.8659553528, -3.64277982712], [630.102355957, -465.512573242, 232.714828491, 30.733423233, 19.4395122528, 59.905292511, -74.4491348267, 42.7338256836, -52.3023529053, 60.3907432556, 170.885620117, -50.9871139526, -6.92588281631], [-426.243133545, 416.848175049, -270.605651855, -42.9652023315, -6.945353508, -78.748298645, 81.8972473145, -74.9556732178, 70.6832962036, -41.8659553528, -50.9871139526, 140.804489136, -7.08974075317], [-40.9058952332, -17.7467517853, 19.6172389984, 18.04255867, -18.7578086853, -0.683251142502, 0.636126816273, 21.5500850677, 2.32508802414, -3.64277982712, -6.92588281631, -7.08974075317, 64.8841629028]]
        icov: [[0.000524361967109, 0.000682160782162, 0.00022471754346, 9.95260961645e-06, -0.000502997485455, -0.000227018157602, 0.000354437681381, 0.000441352516646, -1.77148631337e-05, -0.000107020750875, -0.00023234008404, -0.000222566537559, 9.40918180277e-05], [0.000682160782162, 0.00313709350303, 0.00264141336083, 0.000253847189015, -0.00182382552885, -0.000159908930073, -0.00146546773612, 0.000582512642723, -0.0010230919579, 0.00201204651967, 0.000954106915742, 0.000372171925846, 2.98964891954e-06], [0.00022471754346, 0.00264141336083, 0.00506675662473, -0.00104688899592, -0.00234583136626, -0.00192105956376, -0.00108523666859, -0.000129733554786, 0.0014751002891, -0.00127742870245, 0.00130746711511, 0.000958320917562, -0.000901623105165], [9.95260961645e-06, 0.000253847189015, -0.00104688899592, 0.0064292922616, 0.000739460228942, -2.64094633167e-05, -0.000576957070734, -0.00159829878248, -0.000170748870005, 0.002284940565, -4.8514950322e-05, -0.000546528142877, -0.000576085643843], [-0.000502997485455, -0.00182382552885, -0.00234583136626, 0.000739460228942, 0.00994304940104, 0.00165172619745, -0.00190483138431, -0.000577936763875, -0.00140275317244, -0.0025448249653, -0.00146205816418, 0.00136204308365, 0.00269034644589], [-0.000227018157602, -0.000159908930073, -0.00192105956376, -2.64094633167e-05, 0.00165172619745, 0.0119198346511, -0.000891256204341, -0.000253971404163, -0.00193440460134, 0.00261401361786, -0.00180985126644, 0.00439073471352, 0.00160007434897], [0.000354437681381, -0.00146546773612, -0.00108523666859, -0.000576957070734, -0.00190483138431, -0.000891256204341, 0.0145992795005, -0.000595321296714, 0.00211260444485, -0.00129019259475, 0.00233256095089, -0.00689322641119, -0.000846659240779], [0.000441352516646, 0.000582512642723, -0.000129733554786, -0.00159829878248, -0.000577936763875, -0.000253971404163, -0.000595321296714, 0.011539183557, 0.000934498850256, 0.00246366905048, -0.0018736331258, 0.00464384770021, -0.00266294670291], [-1.77148631337e-05, -0.0010230919579, 0.0014751002891, -0.000170748870005, -0.00140275317244, -0.00193440460134, 0.00211260444485, 0.000934498850256, 0.0163692291826, -0.00417582783848, 0.00167889299337, -0.00510853016749, -0.00264650676399], [-0.000107020750875, 0.00201204651967, -0.00127742870245, 0.002284940565, -0.0025448249653, 0.00261401361786, -0.00129019259475, 0.00246366905048, -0.00417582783848, 0.0161692388356, -0.00103659613524, 0.00188208546024, -0.000127667663037], [-0.00023234008404, 0.000954106915742, 0.00130746711511, -4.8514950322e-05, -0.00146205816418, -0.00180985126644, 0.00233256095089, -0.0018736331258, 0.00167889299337, -0.00103659613524, 0.0101584624499, -0.00190831068903, 0.000647822860628], [-0.000222566537559, 0.000372171925846, 0.000958320917562, -0.000546528142877, 0.00136204308365, 0.00439073471352, -0.00689322641119, 0.00464384770021, -0.00510853016749, 0.00188208546024, -0.00190831068903, 0.0184837840497, 0.000893632590305], [9.40918180277e-05, 2.98964891954e-06, -0.000901623105165, -0.000576085643843, 0.00269034644589, 0.00160007434897, -0.000846659240779, -0.00266294670291, -0.00264650676399, -0.000127667663037, 0.000647822860628, 0.000893632590305, 0.0178468450904]]
    spectral_contrast:
        mean: [2.61986201622e-07, -1.41630025041e-07, -2.83018579239e-07, -2.86260956273e-07, -1.2555608464e-07, 3.18408837074e-07, 5.09950837113e-07, -2.09713152799e-06, 1.41685211474e-06, -1.78986397259e-07, -1.10930869823e-07, 5.54047255719e-06]
        var: [0.000455800181953, 0.000781273411121, 0.00119093514513, 0.00140107783955, 0.0037669793237, 0.00457954034209, 0.0632800012827, 0.0786507576704, 0.101493529975, 0.267244368792, 0.565657198429, 6.9119181633]

rhythm:
    beats_loudness:
        dmean: 0.00173329352401
        dmean2: 0.00316943298094
        dvar: 2.53015173257e-06
        dvar2: 5.08392122356e-06
        max: 0.0107923457399
        mean: 0.00471671298146
        min: 0.00197946419939
        var: 7.26023836251e-06
    beats_loudness_bass:
        dmean: 0.116267755628
        dmean2: 0.198033213615
        dvar: 0.00919338315725
        dvar2: 0.0327495075762
        max: 0.617604553699
        mean: 0.211694359779
        min: 0.00754213612527
        var: 0.0279332790524
    bpm: 112.99055481
    bpm_confidence: 0
    first_peak_bpm: 114
    first_peak_spread: 0.375
    first_peak_weight: 0.588235318661
    onset_rate: 2.99072289467
    second_peak_bpm: 67
    second_peak_spread: 0
    second_peak_weight: 0.0588235296309
    beats_position: [0.175801053643, 0.703012347221, 1.23022377491, 1.75743508339, 2.28464627266, 2.81185770035, 3.33906888962, 3.86628007889, 4.39349126816, 4.92070245743, 5.4479136467, 6.34150075912, 6.87592411041, 7.41034650803, 7.94476938248, 8.47919178009, 9.01361560822, 9.54803752899]
    bpm_estimates: [113.171073914, 113.70198822, 114.395721436, 114.682533264, 113.489990234, 113.649917603, 113.568260193, 112.190483093, 112.53818512, 112.361732483, 110.894462585, 113.122177124, 112.876441956, 111.551689148, 112.663719177]
    bpm_intervals: [0.527211308479, 0.527211427689, 0.527211308479, 0.52721118927, 0.527211427689, 0.52721118927, 0.52721118927, 0.52721118927, 0.52721118927, 0.52721118927, 0.893587112427, 0.534423351288, 0.534422397614, 0.534422874451, 0.534422397614, 0.534423828125, 0.534421920776]
    onset_times: [0.0464399084449, 0.174149662256, 0.406349211931, 0.684988677502, 0.940408170223, 1.23065757751, 1.74149656296, 1.99691605568, 2.26394557953, 2.51936507225, 2.63546490669, 3.39011335373, 4.13315200806, 4.446621418, 4.74848079681, 4.96907043457, 5.22448968887, 5.51473903656, 5.78176879883, 6.06040811539, 6.29260778427, 6.60607719421, 6.87310647964, 7.37233543396, 7.94122457504, 8.46367359161, 8.73070335388, 9.287981987, 9.55501174927, 10.0078001022]
    rubato_start: []
    rubato_stop: []
    perceptual_tempo: "unknown"

sfx:
    inharmonicity:
        dmean: 0.0280775930732
        dmean2: 0.0483114421368
        dvar: 0.0014794775052
        dvar2: 0.00421139225364
        max: 0.293570876122
        mean: 0.0324221402407
        min: 0.0001356973371
        var: 0.0015029393835
    oddtoevenharmonicenergyratio:
        dmean: 1.57213020325
        dmean2: 2.87720823288
        dvar: 19.0136508942
        dvar2: 54.6069412231
        max: 39.8075866699
        mean: 1.35541808605
        min: 0.000961769081187
        var: 11.7519664764
    pitch_after_max_to_before_max_energy_ratio: 4.92509508133
    pitch_centroid: 193.556121826
    pitch_max_to_total: 0.19675925374
    pitch_min_to_total: 0.738425910473
    tristimulus:
        dmean: [0.158796355128, 0.154475480318, 0.0706387460232]
        dmean2: [0.28204742074, 0.270248562098, 0.124452888966]
        dvar: [0.0306598972529, 0.0305391829461, 0.00972784124315]
        dvar2: [0.0906713828444, 0.0880566164851, 0.0272064581513]
        max: [0.934397399426, 0.960724294186, 0.484313189983]
        mean: [0.386629939079, 0.508378863335, 0.0858752653003]
        min: [0.00207255757414, 0, 0]
        var: [0.0410089828074, 0.0461994968355, 0.00920901913196]

tonal:
    chords_changes_rate: 0.0416666679084
    chords_number_rate: 0.0277777779847
    chords_strength:
        dmean: 0.00751224299893
        dmean2: 0.00411119544879
        dvar: 4.2421190301e-05
        dvar2: 2.88920527964e-05
        max: 0.520378530025
        mean: 0.392668306828
        min: 0.188784226775
        var: 0.0074106301181
    key_strength: 0.54621386528
    tuning_diatonic_strength: 0.373152196407
    tuning_equal_tempered_deviation: 0.025976266712
    tuning_frequency: 442.03793335
    tuning_nontempered_energy_ratio: 0.613848030567
    hpcp:
        dmean: [0.123335771263, 0.0981518477201, 0.0535623319447, 0.0491210334003, 0.043892595917, 0.0826788768172, 0.0948650017381, 0.0794063657522, 0.0937562808394, 0.0756490156054, 0.0714011415839, 0.0452547818422, 0.0999959334731, 0.0883700400591, 0.0626384019852, 0.101403780282, 0.0920226275921, 0.0298097841442, 0.0255396906286, 0.0238995905966, 0.0318137444556, 0.0378909297287, 0.0374952703714, 0.0423233956099, 0.0505869798362, 0.0318529270589, 0.0332613103092, 0.044838540256, 0.040391869843, 0.0525878742337, 0.0686646103859, 0.0494711734354, 0.0310806576163, 0.0351283475757, 0.0538334473968, 0.10973084718]
        dmean2: [0.196136400104, 0.166046082973, 0.094202503562, 0.0822215825319, 0.076900601387, 0.139940708876, 0.150283783674, 0.130244970322, 0.159462183714, 0.119611568749, 0.122308723629, 0.0763254240155, 0.160575777292, 0.141773477197, 0.100300364196, 0.164664372802, 0.144707560539, 0.047894846648, 0.0410058759153, 0.0413189567626, 0.0538104511797, 0.0608494542539, 0.0602181069553, 0.0721268802881, 0.084672242403, 0.0552599020302, 0.0577142648399, 0.0740774571896, 0.0688574314117, 0.0819572880864, 0.110300295055, 0.0762288570404, 0.048987492919, 0.0597357451916, 0.0927140638232, 0.173311069608]
        dvar: [0.0297770239413, 0.024411411956, 0.0132413273677, 0.0179479215294, 0.0102445669472, 0.0124944765121, 0.0218710005283, 0.00998262222856, 0.0209878925234, 0.0232999958098, 0.0128866415471, 0.0090292301029, 0.0313678495586, 0.0210343096405, 0.0121629927307, 0.0245450884104, 0.0172066017985, 0.00372764491476, 0.00297382543795, 0.00482928473502, 0.0050843548961, 0.00631150649861, 0.0120506761596, 0.00987923331559, 0.00750765902922, 0.00344743137248, 0.0104631446302, 0.0111033869907, 0.011567523703, 0.0119656948373, 0.0155502194539, 0.00781893916428, 0.0082643693313, 0.0130494637415, 0.0118029275909, 0.0214791446924]
        dvar2: [0.0585121884942, 0.0753604322672, 0.0384660027921, 0.0478791110218, 0.0277566220611, 0.0340219959617, 0.0490826517344, 0.0264863669872, 0.0667897462845, 0.0556022040546, 0.0374459587038, 0.0249405000359, 0.084125444293, 0.0591947846115, 0.0334120951593, 0.0622992366552, 0.0461542196572, 0.00755824195221, 0.00830526743084, 0.0141620421782, 0.0117151578888, 0.0148721700534, 0.0323669537902, 0.0253672581166, 0.0225816946477, 0.0100570935756, 0.031835552305, 0.0286868661642, 0.0287832655013, 0.0325124673545, 0.0413336157799, 0.0177101623267, 0.02202113159, 0.0378739982843, 0.0352176465094, 0.0529398955405]
        max: [1, 1, 0.6782310009, 1, 0.749732792377, 1, 1, 1, 1, 1, 0.846858263016, 0.728400826454, 1, 0.92685008049, 1, 1, 0.860565185547, 0.749851226807, 0.438431054354, 0.680328428745, 0.661325871944, 0.757885992527, 1, 0.886979520321, 0.617021799088, 0.415719121695, 1, 0.893611609936, 1, 1, 1, 0.999498069286, 1, 1, 0.734222710133, 1]
        mean: [0.353279650211, 0.174366116524, 0.0558674298227, 0.0466715432703, 0.0460558906198, 0.287819325924, 0.479638248682, 0.256204932928, 0.334095716476, 0.524933576584, 0.243499681354, 0.0569182671607, 0.124276705086, 0.109314821661, 0.126328960061, 0.212432965636, 0.137087091804, 0.0449825190008, 0.0395210944116, 0.034625440836, 0.0549685917795, 0.0750825554132, 0.0564105994999, 0.0647784098983, 0.0792791545391, 0.0451383925974, 0.0500565543771, 0.0765663012862, 0.0535157993436, 0.0920802950859, 0.151382163167, 0.103182278574, 0.0489580221474, 0.0427810847759, 0.0657091513276, 0.252051860094]
        min: [0.00402698712423, 0.00151971215382, 9.73814312601e-05, 4.56577727164e-05, 0.00012180118938, 0.00561731075868, 0.0102396793664, 0.00507237389684, 0.00111814890988, 0.00219143461436, 0.00119091232773, 0.00110651017167, 0.000340009893989, 0.000226908101467, 0.00266587175429, 0.00112173450179, 0.00237319478765, 0.00119660876226, 0.000298248371109, 0.000226412594202, 9.81888952083e-05, 0.000232760750805, 0.000633007264696, 0.00245354417711, 0.00275582331233, 0.00123233813792, 0.00057901913533, 0.000226956864935, 0.000333386822604, 0.000885857152753, 0.00122676498722, 0.000679107673932, 0.000200244932785, 7.59443501011e-05, 0.000233852071688, 0.00272832531482]
        var: [0.116381436586, 0.0411417931318, 0.0118207586929, 0.0151205528527, 0.00966668128967, 0.0506638102233, 0.147357955575, 0.0318019464612, 0.0871958732605, 0.192268490791, 0.0450713373721, 0.00849759764969, 0.0361407361925, 0.0270431358367, 0.0397570058703, 0.0791480988264, 0.0307384859771, 0.00517534650862, 0.00401388248429, 0.00591783924028, 0.0100764436647, 0.0133700724691, 0.0129338316619, 0.0132710617036, 0.0100767267868, 0.00307524297386, 0.00963668804616, 0.0196871757507, 0.0139673883095, 0.0242762416601, 0.0501466356218, 0.0272893477231, 0.013968186453, 0.0119963539764, 0.0141389537603, 0.0674647986889]
    chords_histogram: [0, 17.5925922394, 6.48148155212, 5.09259271622, 18.5185184479, 0, 0, 0, 0.925925910473, 0, 0, 0, 0, 0, 0, 0, 0, 0, 0, 0, 0, 0, 42.1296310425, 9.25925922394]
    thpcp: [1, 0.463867604733, 0.108429469168, 0.236747488379, 0.208245053887, 0.240657031536, 0.404685407877, 0.261151313782, 0.085691832006, 0.0752878040075, 0.0659615695477, 0.104715324938, 0.143032491207, 0.107462354004, 0.123403057456, 0.151027023792, 0.0859887674451, 0.0953578799963, 0.145859032869, 0.101947754622, 0.175413236022, 0.288383454084, 0.196562543511, 0.0932651758194, 0.0814980939031, 0.125176131725, 0.480159521103, 0.672998785973, 0.332167953253, 0.106427617371, 0.0889094248414, 0.0877366065979, 0.548296630383, 0.913712263107, 0.488071143627, 0.636453330517]
    chords_key: "F"
    chords_scale: "major"
    key_key: "C"
    key_scale: "major"
    chords_progression: ["D", "D", "D", "D", "D", "D", "D", "D", "D", "D", "D", "D", "D", "D", "D", "D", "D", "D", "D", "D", "D", "D", "D", "D", "D", "D", "D", "D", "D", "D", "G", "G", "G", "G", "G", "G", "G", "G", "D", "D", "D", "D", "D", "D", "D", "D", "D", "D", "F", "F", "F", "F", "F", "F", "F", "F", "F", "F", "F", "F", "F", "F", "F", "F", "F", "F", "F", "F", "F", "F", "F", "F", "F", "F", "F", "F", "F", "F", "F", "F", "F", "F", "F", "F", "F", "F", "F", "F", "F", "F", "F", "F", "F", "F", "E", "E", "Bm", "Bm", "Bm", "Bm", "Bm", "Bm", "Bm", "Bm", "Bm", "Bm", "Bm", "Em", "Em", "Em", "Em", "Em", "Em", "Em", "Em", "Em", "Em", "Em", "Em", "Em", "Em", "Em", "Em", "Em", "Em", "Em", "Em", "Em", "Em", "Em", "Em", "Em", "Em", "Em", "Em", "Em", "Em", "Em", "Em", "Em", "Em", "Em", "Em", "Em", "Em", "G", "G", "G", "G", "G", "G", "Am", "Am", "Am", "Am", "Am", "Am", "Am", "Am", "Am", "Am", "Am", "Am", "Am", "Am", "Am", "Am", "Am", "Am", "Am", "Am", "F", "F", "F", "F", "F", "F", "F", "F", "F", "F", "F", "F", "F", "F", "F", "F", "F", "F", "F", "F", "F", "F", "F", "F", "F", "F", "F", "F", "F", "F", "F", "F", "F", "F", "F", "F", "F", "F", "F", "F", "F", "F", "F", "F", "F"]
