
metadata:
    version:
        essentia: "1.2.2"
    audio_properties:
        analysis_sample_rate: 44100
        bitrate: 128
        channels: 2
        equal_loudness: 1
        length: 10.0310201645
        replay_gain: -12.6977119446
        downmix: "mix"
    tags:
        track: 11
        year: 0
        album: "Splitted by Mp3Splt v. 2.1"
        artist: "From 001.40 To 001.50"
        comment: "http://mp3splt.sf.net"
        genre: ""
        title: "02 Bentley'S Gonna Sort You Ou"

highlevel:
    ballroom:
        all:
            ChaChaCha: 0.0790963247418
            Jive: 0.59947258234
            Quickstep: 0.103959843516
            Rumba-American: 0.0090591693297
            Rumba-International: 0.065650165081
            Rumba-Misc: 0.0215158816427
            Samba: 0.0641356781125
            Tango: 0.00499971536919
            VienneseWaltz: 0.0437186993659
            Waltz: 0.00839195586741
        probability: 0.59947258234
        value: "Jive"
    culture:
        all:
            non_western: 0.0702841728926
            western: 0.929715812206
        probability: 0.929715812206
        value: "western"
    gender:
        all:
            female: 0.0598949976265
            male: 0.940105021
        probability: 0.940105021
        value: "male"
    genre_dortmund:
        all:
            alternative: 0.0935623720288
            blues: 0.0257343649864
            electronic: 0.0464450679719
            folkcountry: 0.0375677496195
            funksoulrnb: 0.0155714377761
            jazz: 0.0495552644134
            pop: 0.0731934458017
            raphiphop: 0.0220266524702
            rock: 0.63634365797
        probability: 0.63634365797
        value: "rock"
    genre_electronica:
        all:
            ambient: 0.121437646449
            dnb: 0.331898242235
            house: 0.0161089524627
            techno: 0.0132357543334
            trance: 0.517319440842
        probability: 0.517319440842
        value: "trance"
    genre_rosamerica:
        all:
            cla: 0.0123837990686
            dan: 0.0192488078028
            hip: 0.0063219522126
            jaz: 0.0123112779111
            pop: 0.403152704239
            rhy: 0.0164639092982
            roc: 0.5280341506
            spe: 0.00208338652737
        probability: 0.5280341506
        value: "roc"
    genre_tzanetakis:
        all:
            blu: 0.00109464908019
            cla: 0.00295283645391
            cou: 0.0439645089209
            dis: 0.379286676645
            hip: 0.00584993232042
            jaz: 0.00681404164061
            met: 0.00889792386442
            pop: 0.289496690035
            reg: 0.0231901202351
            roc: 0.238452628255
        probability: 0.379286676645
        value: "dis"
    live_studio:
        all:
            live: 0.874532818794
            studio: 0.125467166305
        probability: 0.874532818794
        value: "live"
    mood:
        all:
            Cluster1: 0.368520766497
            Cluster2: 0.153371289372
            Cluster3: 0.0791223198175
            Cluster4: 0.130448892713
            Cluster5: 0.268536746502
        probability: 0.368520766497
        value: "Cluster1"
    mood_acoustic:
        all:
            acoustic: 0.020501088351
            not_acoustic: 0.979498922825
        probability: 0.979498922825
        value: "not_acoustic"
    mood_aggressive:
        all:
            aggressive: 0.485099434853
            not_aggressive: 0.514900565147
        probability: 0.514900565147
        value: "not_aggressive"
    mood_electronic:
        all:
            electronic: 0.168515726924
            not_electronic: 0.831484258175
        probability: 0.831484258175
        value: "not_electronic"
    mood_happy:
        all:
            happy: 0.713238239288
            not_happy: 0.286761760712
        probability: 0.713238239288
        value: "happy"
    mood_party:
        all:
            not_party: 0.492181539536
            party: 0.507818460464
        probability: 0.507818460464
        value: "party"
    mood_relaxed:
        all:
            not_relaxed: 0.946411669254
            relaxed: 0.0535883158445
        probability: 0.946411669254
        value: "not_relaxed"
    mood_sad:
        all:
            not_sad: 0.8577683568
            sad: 0.142231658101
        probability: 0.8577683568
        value: "not_sad"
    rhythm:
        all:
            fast: 0.687233030796
            medium: 0.304018050432
            slow: 0.00874893181026
        probability: 0.687233030796
        value: "fast"
    speech_music:
        all:
            music: 0.999963402748
            speech: 3.66159074474e-05
        probability: 0.999963402748
        value: "music"
    timbre:
        all:
            bright: 0.177236393094
            dark: 0.822763621807
        probability: 0.822763621807
        value: "dark"
    voice_instrumental:
        all:
            instrumental: 0.0164201594889
            voice: 0.983579814434
        probability: 0.983579814434
        value: "voice"

lowlevel:
    average_loudness: 0.952459037304
    barkbands_kurtosis:
        dmean: 1.41865360737
        dmean2: 2.15548944473
        dvar: 4.07112312317
        dvar2: 9.29018783569
        max: 25.5940093994
        mean: 0.986961483955
        min: -1.91806173325
        var: 14.9835319519
    barkbands_skewness:
        dmean: 0.479178726673
        dmean2: 0.767782509327
        dvar: 0.194066375494
        dvar2: 0.467493087053
        max: 4.87994480133
        mean: 0.699611186981
        min: -1.81881201267
        var: 1.53976392746
    barkbands_spread:
        dmean: 5.83617019653
        dmean2: 8.83434677124
        dvar: 28.1919269562
        dvar2: 65.9026031494
        max: 81.0496444702
        mean: 27.3317146301
        min: 4.97217035294
        var: 168.682739258
    dissonance:
        dmean: 0.015717016533
        dmean2: 0.0267506800592
        dvar: 0.000260096421698
        dvar2: 0.000702569319401
        max: 0.499996006489
        mean: 0.470657467842
        min: 0.36986386776
        var: 0.000472841406008
    hfc:
        dmean: 2.51363706589
        dmean2: 3.84265327454
        dvar: 15.1544723511
        dvar2: 30.5837917328
        max: 67.9990310669
        mean: 7.11046695709
        min: 0.0559731386602
        var: 47.1559906006
    pitch:
        dmean: 486.881378174
        dmean2: 916.996276855
        dvar: 919981.9375
        dvar2: 2448704.25
        max: 5512.5
        mean: 714.186828613
        min: 85.2998046875
        var: 1218040.875
    pitch_instantaneous_confidence:
        dmean: 0.079544685781
        dmean2: 0.129676297307
        dvar: 0.00495239906013
        dvar2: 0.0118640037253
        max: 0.732202708721
        mean: 0.344574511051
        min: 0.141463518143
        var: 0.0144966719672
    pitch_salience:
        dmean: 0.0602634958923
        dmean2: 0.0995057448745
        dvar: 0.00265109818429
        dvar2: 0.00624305848032
        max: 0.827554643154
        mean: 0.609892189503
        min: 0.270938724279
        var: 0.0101024406031
    silence_rate_20dB:
        dmean: 0
        dmean2: 0
        dvar: 0
        dvar2: 0
        max: 1
        mean: 1
        min: 1
        var: 0
    silence_rate_30dB:
        dmean: 0
        dmean2: 0
        dvar: 0
        dvar2: 0
        max: 1
        mean: 1
        min: 1
        var: 0
    silence_rate_60dB:
        dmean: 0.0787037014961
        dmean2: 0.155452430248
        dvar: 0.0725095421076
        dvar2: 0.149848714471
        max: 1
        mean: 0.184757500887
        min: 0
        var: 0.150621801615
    spectral_centroid:
        dmean: 253.105682373
        dmean2: 405.878295898
        dvar: 72399.3203125
        dvar2: 177268.609375
        max: 3509.51147461
        mean: 1289.46533203
        min: 254.203994751
        var: 411040.46875
    spectral_complexity:
        dmean: 3.61484909058
        dmean2: 5.83488368988
        dvar: 15.5360984802
        dvar2: 35.9238891602
        max: 50
        mean: 13.4629631042
        min: 0
        var: 60.243927002
    spectral_crest:
        dmean: 2.00562858582
        dmean2: 3.35665130615
        dvar: 3.80605196953
        dvar2: 10.2162923813
        max: 18.3862037659
        mean: 8.03774356842
        min: 2.72778487206
        var: 14.2669858932
    spectral_decrease:
        dmean: 3.12156966942e-10
        dmean2: 5.03631303328e-10
        dvar: 9.87431152728e-20
        dvar2: 2.46401568994e-19
        max: -8.1146356995e-12
        mean: -1.16778398063e-09
        min: -4.11297529368e-09
        var: 2.81246190406e-19
    spectral_energy:
        dmean: 0.00136923720129
        dmean2: 0.00219052704051
        dvar: 2.06994786822e-06
        dvar2: 4.82583209305e-06
        max: 0.0216910429299
        mean: 0.0050524272956
        min: 3.57032404281e-05
        var: 6.23264077149e-06
    spectral_energyband_high:
        dmean: 0.00020857983327
        dmean2: 0.000316431483952
        dvar: 2.34526041254e-07
        dvar2: 4.22356862373e-07
        max: 0.00778265018016
        mean: 0.000374484050553
        min: 1.87661527207e-07
        var: 4.30745643598e-07
    spectral_energyband_low:
        dmean: 0.000138294155477
        dmean2: 0.000242579102633
        dvar: 5.28134869171e-08
        dvar2: 1.47717827303e-07
        max: 0.0022064128425
        mean: 0.00027359102387
        min: 2.81099010735e-09
        var: 9.49945260231e-08
    spectral_energyband_middle_high:
        dmean: 0.000717942952178
        dmean2: 0.00117385794874
        dvar: 1.05609376533e-06
        dvar2: 2.40145482167e-06
        max: 0.0139385517687
        mean: 0.00206741294824
        min: 2.58579912042e-05
        var: 4.69335736852e-06
    spectral_energyband_middle_low:
        dmean: 0.000819977198262
        dmean2: 0.00136910646688
        dvar: 8.45947795369e-07
        dvar2: 2.40113172367e-06
        max: 0.00847266055644
        mean: 0.00233693956397
        min: 9.65487106441e-06
        var: 2.01555349122e-06
    spectral_flatness_db:
        dmean: 0.0189759247005
        dmean2: 0.028509279713
        dvar: 0.000287721661152
        dvar2: 0.000620759732556
        max: 0.285414963961
        mean: 0.162689074874
        min: 0.0831366032362
        var: 0.00173460296355
    spectral_flux:
        dmean: 0.00846381764859
        dmean2: 0.0126875760034
        dvar: 6.47744673188e-05
        dvar2: 0.000146779726492
        max: 0.102125436068
        mean: 0.0392774492502
        min: 0.00597521895543
        var: 0.00024572291295
    spectral_kurtosis:
        dmean: 1.63498353958
        dmean2: 2.65946960449
        dvar: 6.83292531967
        dvar2: 17.5253143311
        max: 38.0347061157
        mean: 4.13057947159
        min: -0.676677465439
        var: 15.1882371902
    spectral_rms:
        dmean: 0.000292201497359
        dmean2: 0.000462329713628
        dvar: 7.55164180077e-08
        dvar2: 1.7401943353e-07
        max: 0.00460021663457
        mean: 0.00215878011659
        min: 0.000186634482816
        var: 2.68865761655e-07
    spectral_rolloff:
        dmean: 559.413269043
        dmean2: 897.183349609
        dvar: 371843.21875
        dvar2: 838227.5
        max: 6309.22851562
        mean: 2446.56054688
        min: 193.798828125
        var: 1696795.875
    spectral_skewness:
        dmean: 0.228145569563
        dmean2: 0.34871467948
        dvar: 0.0671144351363
        dvar2: 0.152422338724
        max: 4.53114128113
        mean: 1.53545212746
        min: 0.0844401270151
        var: 0.24168817699
    spectral_spread:
        dmean: 692707.125
        dmean2: 965311.75
        dvar: 531414712320
        dvar2: 1.00742719078e+12
        max: 13148552
        mean: 5080594
        min: 1330265.375
        var: 2.72590543258e+12
    spectral_strongpeak:
        dmean: 0.338062256575
        dmean2: 0.592207670212
        dvar: 0.58853161335
        dvar2: 1.51869511604
        max: 12.3892221451
        mean: 0.587760031223
        min: 0.0376867316663
        var: 1.19213330746
    zerocrossingrate:
        dmean: 0.00950052589178
        dmean2: 0.011086255312
        dvar: 6.5193460614e-05
        dvar2: 7.65975419199e-05
        max: 0.18701171875
        mean: 0.077597156167
        min: 0.0146484375
        var: 0.000971972709522
    barkbands:
        dmean: [2.86917263281e-08, 3.34474207193e-05, 0.000118228752399, 0.000291418138659, 0.000470479892101, 0.000145371755934, 8.5103805759e-05, 0.000139105613925, 0.000126249608002, 5.85928319197e-05, 9.4729643024e-05, 6.45232648822e-05, 8.71525116963e-05, 0.000142073171446, 0.000165890189237, 0.000142166056321, 0.000196862471057, 0.000161291856784, 0.000105650826299, 9.35922435019e-05, 0.000124472353491, 4.50201332569e-05, 6.06248386248e-06, 3.40058113579e-06, 2.38350480686e-06, 6.10425345826e-08, 5.52082435323e-10]
        dmean2: [4.92652958428e-08, 5.93025288254e-05, 0.000207210396184, 0.000484961899929, 0.000801373331342, 0.000239604196395, 0.000137914001243, 0.000224287941819, 0.000198524052394, 9.80105251074e-05, 0.000160959985806, 0.000108585278213, 0.000146252263221, 0.000236311592744, 0.000272207951639, 0.000227973505389, 0.00033154207631, 0.00026517623337, 0.000162123338669, 0.000138461604365, 0.000200441398192, 7.12994442438e-05, 7.9626979641e-06, 5.0260646276e-06, 3.30028660755e-06, 8.98255976267e-08, 7.34252381118e-10]
        dvar: [4.4351153338e-15, 4.03719546682e-09, 4.16999910158e-08, 1.97942753744e-07, 4.73535692436e-07, 8.88184246151e-08, 1.73656342639e-08, 3.60883980477e-08, 4.96693282059e-08, 1.03560804376e-08, 2.86928631965e-08, 1.63293911726e-08, 1.91425133522e-08, 4.58955042859e-08, 7.50524478121e-08, 9.03173216216e-08, 1.82862748943e-07, 1.28517925191e-07, 4.54619204504e-08, 4.77827910572e-08, 8.6151779044e-08, 1.78233996451e-08, 5.32424160316e-10, 1.27170982078e-10, 1.45945165675e-11, 1.1956936465e-14, 4.85494337599e-17]
        dvar2: [1.08613535578e-14, 1.14943778939e-08, 1.15870989248e-07, 5.03860178469e-07, 1.27375903958e-06, 2.66809479399e-07, 3.99197332968e-08, 7.79091209324e-08, 1.21495446592e-07, 2.72404321322e-08, 8.52698747167e-08, 3.99582020805e-08, 5.04248305333e-08, 1.30830656531e-07, 2.06640052625e-07, 2.25750184768e-07, 4.84917620724e-07, 2.93807062235e-07, 1.02694244219e-07, 9.32192492087e-08, 1.65010675346e-07, 4.96496497249e-08, 1.0456469024e-09, 2.27653354501e-10, 3.33964973731e-11, 2.7229634224e-14, 4.87465409737e-17]
        max: [8.53386950439e-07, 0.000485220574774, 0.00205292087048, 0.00378653267398, 0.00490521034226, 0.0051712426357, 0.001512569841, 0.00159528199583, 0.00259093847126, 0.000963650643826, 0.0014973427169, 0.00189426320139, 0.00135490880348, 0.00254183169454, 0.00271473545581, 0.00397807499394, 0.00502953445539, 0.00438438449055, 0.00258976453915, 0.00396113330498, 0.00445893919095, 0.00245924643241, 0.000498758163303, 0.000200622336706, 3.49076326529e-05, 9.81715629678e-07, 1.44949652281e-07]
        mean: [3.78198805606e-08, 4.44888864877e-05, 0.000229067765758, 0.000622271443717, 0.00078461621888, 0.000309856841341, 0.000148647624883, 0.000239711560425, 0.000206313168746, 9.09711816348e-05, 0.000145700279973, 9.61919795373e-05, 0.000129494655994, 0.000213496590732, 0.000287238566671, 0.000286032678559, 0.000332714873366, 0.000244948343607, 0.000187535479199, 0.000169704959262, 0.000191596671357, 7.30551764718e-05, 9.64256378211e-06, 5.35705157745e-06, 3.64872016689e-06, 8.92726177426e-08, 5.0739729085e-10]
        min: [1.07942446648e-10, 9.44404221492e-10, 1.79432935177e-09, 1.14879767921e-08, 2.33585325304e-07, 1.05879030343e-06, 1.76883156655e-06, 1.40054032727e-06, 1.54732947522e-06, 8.36156061723e-07, 3.14640260513e-07, 4.11549081036e-07, 1.80794017979e-06, 1.50367941387e-06, 5.23095604876e-06, 2.08712822314e-06, 1.50611742811e-06, 2.83170106741e-06, 6.85763893671e-07, 1.45143317809e-07, 5.44380185374e-08, 2.50963658743e-08, 1.10204190218e-09, 9.03101926575e-10, 3.76959491399e-10, 8.07090991262e-11, 1.22941673863e-14]
        var: [6.01924355154e-15, 3.7933500785e-09, 8.48615755444e-08, 5.85815598697e-07, 7.41852034025e-07, 1.41431954148e-07, 4.06404296882e-08, 8.55728075067e-08, 9.32677650667e-08, 1.96900842298e-08, 5.73402516579e-08, 2.68171760354e-08, 3.23051700946e-08, 9.5967685354e-08, 1.79629452646e-07, 2.7611298492e-07, 3.95769092165e-07, 2.2034646463e-07, 9.24610930042e-08, 8.07252149571e-08, 1.411415127e-07, 2.24352536549e-08, 9.28087107166e-10, 2.16306611511e-10, 2.91917462425e-11, 1.94089739398e-14, 4.84677678724e-17]
    mfcc:
        mean: [-705.12878418, 109.969551086, -42.8814964294, 44.6054000854, -8.62693023682, 3.79215431213, -10.3900737762, -17.3542938232, 0.981657922268, -11.0280761719, -2.81326389313, -8.28894233704, -11.9899091721]
        cov: [[2033.20153809, -810.270568848, -33.0999908447, -165.194961548, -302.16784668, -98.6145324707, 138.154632568, 86.8497467041, -17.3229293823, 29.9719734192, -33.2922477722, 20.8570384979, 34.8543777466], [-810.270568848, 981.777099609, -179.165924072, -95.3683776855, 17.5857429504, -39.5286216736, -39.2242164612, -9.61088275909, 23.8440666199, -33.7732124329, -3.25491857529, 14.9730882645, 37.2007369995], [-33.0999908447, -179.165924072, 1085.48400879, 236.469894409, 99.1231231689, 277.803070068, 187.010864258, 29.4784297943, -35.9062690735, -60.3052177429, -3.02971410751, -94.8484344482, 63.5989494324], [-165.194961548, -95.3683776855, 236.469894409, 305.076080322, 125.934043884, 105.986274719, 13.7508420944, -17.1319789886, -4.97254514694, -25.855556488, -3.08036398888, -22.3828372955, 1.0273822546], [-302.16784668, 17.5857429504, 99.1231231689, 125.934043884, 215.169555664, 95.8058166504, -14.4341173172, -11.7442121506, 1.45500588417, 3.43255996704, 15.5500879288, -9.69546890259, -15.0524988174], [-98.6145324707, -39.5286216736, 277.803070068, 105.986274719, 95.8058166504, 212.976196289, 111.150741577, -0.187260463834, -20.1744194031, -10.0104084015, -4.26637363434, -54.612411499, 3.57528853416], [138.154632568, -39.2242164612, 187.010864258, 13.7508420944, -14.4341173172, 111.150741577, 171.102249146, 39.9186019897, -21.5785331726, -15.7238063812, -23.0180091858, -47.7301559448, 24.197385788], [86.8497467041, -9.61088275909, 29.4784297943, -17.1319789886, -11.7442121506, -0.187260463834, 39.9186019897, 87.0671920776, 45.4891395569, 11.5591592789, -2.38826060295, 14.0729455948, 21.5493736267], [-17.3229293823, 23.8440666199, -35.9062690735, -4.97254514694, 1.45500588417, -20.1744194031, -21.5785331726, 45.4891395569, 83.7793807983, 34.0568809509, 17.5223999023, 32.6824531555, 13.9993934631], [29.9719734192, -33.7732124329, -60.3052177429, -25.855556488, 3.43255996704, -10.0104084015, -15.7238063812, 11.5591592789, 34.0568809509, 78.4959106445, 46.3142280579, 35.660369873, -2.29330134392], [-33.2922477722, -3.25491857529, -3.02971410751, -3.08036398888, 15.5500879288, -4.26637363434, -23.0180091858, -2.38826060295, 17.5223999023, 46.3142280579, 76.4675292969, 47.5397758484, 5.63388061523], [20.8570384979, 14.9730882645, -94.8484344482, -22.3828372955, -9.69546890259, -54.612411499, -47.7301559448, 14.0729455948, 32.6824531555, 35.660369873, 47.5397758484, 91.2099761963, 22.8463859558], [34.8543777466, 37.2007369995, 63.5989494324, 1.0273822546, -15.0524988174, 3.57528853416, 24.197385788, 21.5493736267, 13.9993934631, -2.29330134392, 5.63388061523, 22.8463859558, 58.4199638367]]
        icov: [[0.00120540347416, 0.00102262664586, 0.000119836186059, 0.000306553178234, 0.00102380127646, 0.00036984536564, -0.000863103836309, -0.000452252628747, 0.000394803122617, -0.000214940941078, 0.000478435249534, -0.000420344818849, -0.000725529273041], [0.00102262664586, 0.00212612538598, 0.000407753657782, 0.000856063270476, 0.000333666568622, 0.000169158127392, -0.00063243159093, 0.000184039861779, -0.000576574297156, 0.0012132487027, -0.000224735907977, 0.000183369207662, -0.00201750942506], [0.000119836186059, 0.000407753657782, 0.00196424871683, -0.000701665587258, 0.000371231086319, -0.00166034011636, 8.17342661321e-05, -0.000995026668534, 0.000348807108821, 0.00140566052869, -0.00208674557507, 0.00207318039611, -0.00256466981955], [0.000306553178234, 0.000856063270476, -0.000701665587258, 0.00571200391278, -0.00225453567691, -0.000989790307358, 0.000166886515217, 0.00168744870462, -0.00178430485539, 0.00220519537106, 0.000579745916184, -0.000957726268098, -0.00044372989214], [0.00102380127646, 0.000333666568622, 0.000371231086319, -0.00225453567691, 0.00963224284351, -0.00503623438999, 0.00363750103861, -0.00290924613364, 0.00170396047179, -0.000821663474198, -0.000638853816781, -0.000276573468, 0.000897958409041], [0.00036984536564, 0.000169158127392, -0.00166034011636, -0.000989790307358, -0.00503623438999, 0.0151983490214, -0.00988214556128, 0.00458707846701, -0.00226021721028, -0.00162956502754, -0.000817284628283, 0.00212757545523, 0.001394351013], [-0.000863103836309, -0.00063243159093, 8.17342661321e-05, 0.000166886515217, 0.00363750103861, -0.00988214556128, 0.0186819061637, -0.0105966953561, 0.00768289063126, -0.0020004385151, -0.000147615457536, 0.00582838524133, -0.00564610539004], [-0.000452252628747, 0.000184039861779, -0.000995026668534, 0.00168744870462, -0.00290924613364, 0.00458707846701, -0.0105966953561, 0.0259373504668, -0.015767050907, 0.00148555613123, 0.00392650067806, -0.0047094123438, 0.000297163060168], [0.000394803122617, -0.000576574297156, 0.000348807108821, -0.00178430485539, 0.00170396047179, -0.00226021721028, 0.00768289063126, -0.015767050907, 0.0265847537667, -0.00969532690942, 0.0018322810065, -0.00054854498012, -0.00371899502352], [-0.000214940941078, 0.0012132487027, 0.00140566052869, 0.00220519537106, -0.000821663474198, -0.00162956502754, -0.0020004385151, 0.00148555613123, -0.00969532690942, 0.0277039092034, -0.0144930901006, -0.00108849571552, 0.00318944198079], [0.000478435249534, -0.000224735907977, -0.00208674557507, 0.000579745916184, -0.000638853816781, -0.000817284628283, -0.000147615457536, 0.00392650067806, 0.0018322810065, -0.0144930901006, 0.0309292264283, -0.015084057115, 0.00252558733337], [-0.000420344818849, 0.000183369207662, 0.00207318039611, -0.000957726268098, -0.000276573468, 0.00212757545523, 0.00582838524133, -0.0047094123438, -0.00054854498012, -0.00108849571552, -0.015084057115, 0.0297289267182, -0.0130672641098], [-0.000725529273041, -0.00201750942506, -0.00256466981955, -0.00044372989214, 0.000897958409041, 0.001394351013, -0.00564610539004, 0.000297163060168, -0.00371899502352, 0.00318944198079, 0.00252558733337, -0.0130672641098, 0.0298929400742]]
    spectral_contrast:
        mean: [-3.31180025626e-08, -5.27835695152e-08, -2.30651096444e-07, 1.54478826175e-07, -6.02376530878e-08, 2.50422296233e-08, -4.62384406319e-07, 1.23665836327e-06, 1.74233207417e-06, -6.4847647252e-08, -2.37494145949e-06, -3.00230794892e-06]
        var: [0.000544470502064, 0.000830087461509, 0.00127090641763, 0.00244471570477, 0.00439399899915, 0.00555712031201, 0.0650386288762, 0.13243663311, 0.139938250184, 0.291398733854, 0.695652902126, 1.11705613136]

rhythm:
    beats_loudness:
        dmean: 0.00257047591731
        dmean2: 0.00415131310001
        dvar: 4.83640178572e-06
        dvar2: 1.41590880958e-05
        max: 0.015582408756
        mean: 0.00652658613399
        min: 0.00254840613343
        var: 7.92226273916e-06
    beats_loudness_bass:
        dmean: 0.158520132303
        dmean2: 0.314230144024
        dvar: 0.0150238089263
        dvar2: 0.032536726445
        max: 0.391014814377
        mean: 0.12900364399
        min: 0.00153283309191
        var: 0.0151646435261
    bpm: 104.843223572
    bpm_confidence: 0
    first_peak_bpm: 105
    first_peak_spread: 0.0625
    first_peak_weight: 0.9375
    onset_rate: 5.2836098671
    second_peak_bpm: 0
    second_peak_spread: 0
    second_peak_weight: 0
    beats_position: [0.272125095129, 0.84431129694, 1.41649746895, 1.98868370056, 2.56086993217, 3.13305616379, 3.7052423954, 4.27742815018, 4.84961462021, 5.4218006134, 6.01020908356, 6.58265638351, 7.15510416031, 7.72755241394, 8.30000019073, 8.87244701385, 9.44489479065]
    bpm_estimates: [105.088386536, 104.856399536, 105.022659302, 104.265640259, 104.223403931, 104.88143158, 105.170265198, 105.267295837, 104.983917236, 105.648498535, 104.829399109, 104.348930359, 104.421958923, 104.958198547, 104.681884766]
    bpm_intervals: [0.572186231613, 0.572186172009, 0.572186231613, 0.572186231613, 0.572186231613, 0.572186231613, 0.572185754776, 0.572186470032, 0.572185993195, 0.588408470154, 0.572447299957, 0.572447776794, 0.572448253632, 0.572447776794, 0.57244682312, 0.572447776794]
    onset_times: [0.0464399084449, 0.255419492722, 0.429569154978, 0.53405892849, 0.824308395386, 0.986848056316, 1.13777780533, 1.27709746361, 1.4164172411, 1.70666670799, 1.89242625237, 2.29877543449, 2.46131515503, 2.75156474113, 2.86766433716, 3.12308382988, 3.32045340538, 3.41333341599, 3.5758728981, 3.70358276367, 4.00544214249, 4.17959165573, 4.27247142792, 4.57433128357, 4.74848079681, 4.8994102478, 5.05034017563, 5.14321994781, 5.42185926437, 5.61922883987, 5.86303853989, 5.94430828094, 6.33904743195, 6.46675729752, 6.58285713196, 7.05886602402, 7.16335582733, 7.47682523727, 7.63936519623, 7.73224496841, 7.92961454391, 8.03410434723, 8.32435417175, 8.62621307373, 8.78875255585, 8.893242836, 9.18349170685, 9.39247131348, 9.46213150024, 9.52018165588, 9.65950107574, 9.75238132477, 9.91492080688]
    rubato_start: []
    rubato_stop: []
    perceptual_tempo: "unknown"

sfx:
    inharmonicity:
        dmean: 0.0415206775069
        dmean2: 0.0746634379029
        dvar: 0.00218666298315
        dvar2: 0.00600485131145
        max: 0.302759468555
        mean: 0.0444927997887
        min: 0.000226609830861
        var: 0.00261237192899
    oddtoevenharmonicenergyratio:
        dmean: 5.17800235748
        dmean2: 9.66497993469
        dvar: 211.521957397
        dvar2: 608.772155762
        max: 122.196327209
        mean: 3.54054880142
        min: 0.000103002726974
        var: 131.224975586
    pitch_after_max_to_before_max_energy_ratio: 0.567189574242
    pitch_centroid: 232.980682373
    pitch_max_to_total: 0.805555582047
    pitch_min_to_total: 0.594907402992
    tristimulus:
        dmean: [0.235837891698, 0.246675431728, 0.114880077541]
        dmean2: [0.422295361757, 0.439621090889, 0.194164440036]
        dvar: [0.0422926545143, 0.0462951697409, 0.0115367257968]
        dvar2: [0.109988033772, 0.127078428864, 0.0322341322899]
        max: [0.951907157898, 0.994481623173, 0.794583201408]
        mean: [0.377134680748, 0.473683029413, 0.123690463603]
        min: [0.00179306429345, 0, 0]
        var: [0.0676488727331, 0.0648137331009, 0.0166618600488]

tonal:
    chords_changes_rate: 0.0460829511285
    chords_number_rate: 0.0276497695595
    chords_strength:
        dmean: 0.0129551906139
        dmean2: 0.00961815007031
        dvar: 0.000100195036794
        dvar2: 6.82346944814e-05
        max: 0.708431124687
        mean: 0.515639424324
        min: 0.285929828882
        var: 0.0114281913266
    key_strength: 0.812661767006
    tuning_diatonic_strength: 0.551371335983
    tuning_equal_tempered_deviation: 0.0679384842515
    tuning_frequency: 436.960693359
    tuning_nontempered_energy_ratio: 0.712934613228
    hpcp:
        dmean: [0.0948945134878, 0.094435185194, 0.106300882995, 0.132026731968, 0.137131080031, 0.101513564587, 0.0868992805481, 0.0863307192922, 0.15452221036, 0.176349073648, 0.162182867527, 0.104926139116, 0.0990959629416, 0.0919848307967, 0.0967409685254, 0.108809143305, 0.0963846594095, 0.0877678468823, 0.0972865223885, 0.10316773504, 0.12881205976, 0.124720364809, 0.121556036174, 0.158320084214, 0.151444971561, 0.165461525321, 0.11639405787, 0.123039677739, 0.127829492092, 0.130673527718, 0.133468836546, 0.140326187015, 0.164100676775, 0.166844263673, 0.124875560403, 0.0997082516551]
        dmean2: [0.159547224641, 0.155919760466, 0.181464925408, 0.220585599542, 0.229322776198, 0.169621899724, 0.143348574638, 0.143494144082, 0.260858267546, 0.300257652998, 0.261349856853, 0.175179123878, 0.159270137548, 0.149989902973, 0.152578935027, 0.180580601096, 0.164551600814, 0.149730741978, 0.162777036428, 0.166820347309, 0.21657037735, 0.194646760821, 0.203740358353, 0.273339480162, 0.249415814877, 0.27507314086, 0.207224905491, 0.217060521245, 0.23266145587, 0.225315719843, 0.213531836867, 0.240706205368, 0.300216794014, 0.295549541712, 0.210582911968, 0.168347969651]
        dvar: [0.0159425958991, 0.0183356814086, 0.0214571245015, 0.0347521044314, 0.0333441197872, 0.0199530273676, 0.012159508653, 0.014008583501, 0.0335731543601, 0.0471329726279, 0.0289903115481, 0.0226609390229, 0.024179302156, 0.0169809106737, 0.0181746706367, 0.0210209283978, 0.0209280755371, 0.0194313097745, 0.0257982369512, 0.0232310779393, 0.0311476662755, 0.0319690816104, 0.0240860935301, 0.0350820757449, 0.0401982814074, 0.032510638237, 0.026351319626, 0.0403154939413, 0.0467506833375, 0.0372528359294, 0.0373171381652, 0.0287747122347, 0.0496668256819, 0.0424204207957, 0.0302625913173, 0.0233497023582]
        dvar2: [0.0411676354706, 0.0493331365287, 0.0550825744867, 0.0885354056954, 0.0875956937671, 0.0520997308195, 0.0321449562907, 0.0407545529306, 0.099251948297, 0.108380906284, 0.0787121504545, 0.0642577335238, 0.0600099265575, 0.0437737964094, 0.039982907474, 0.0518806651235, 0.0551389679313, 0.0462977699935, 0.0610916540027, 0.0532987602055, 0.083863183856, 0.08015614748, 0.0624631121755, 0.0971844345331, 0.0831109583378, 0.0879987850785, 0.0773593634367, 0.120781332254, 0.134812995791, 0.102033182979, 0.0862801373005, 0.0751166269183, 0.137945339084, 0.113245055079, 0.0785753801465, 0.0563079379499]
        max: [1, 1, 0.98946416378, 1, 1, 1, 0.821557700634, 0.98107111454, 1, 1, 1, 0.983665466309, 1, 1, 1, 1, 1, 0.837476074696, 1, 1, 1, 1, 1, 1, 1, 1, 0.984191119671, 1, 1, 1, 1, 1, 1, 1, 1, 1]
        mean: [0.12893281877, 0.11772185564, 0.156937047839, 0.237651497126, 0.209182426333, 0.143782675266, 0.130852326751, 0.114613860846, 0.248128265142, 0.430843085051, 0.312492221594, 0.143479093909, 0.147158429027, 0.137315869331, 0.166786894202, 0.187712624669, 0.134435340762, 0.119873985648, 0.157881885767, 0.158123865724, 0.18078635633, 0.21206022799, 0.159958899021, 0.259834110737, 0.443658947945, 0.320272058249, 0.141997680068, 0.132119759917, 0.124905861914, 0.173784464598, 0.256957143545, 0.215924471617, 0.169363170862, 0.194208562374, 0.174158275127, 0.145251974463]
        min: [0.000783429131843, 0.00132732698694, 0.00216497736983, 0.00209639989771, 0.0014360549394, 0.0014676178107, 0.00146947731264, 0.00128674320877, 0.00179453357123, 0.00573461595923, 0.00480478862301, 0.00185413751751, 0.000622553518042, 0.000947439461015, 0.00222137453966, 0.00325463851914, 0.00244920980185, 0.00208662822843, 0.00124359247275, 0.000748505932279, 0.000478995440062, 0.000506215030327, 0.000234342165641, 0.00452046608552, 0.00459214532748, 0.00485395034775, 0.00158949545585, 0.000635379983578, 0.000517021864653, 0.000748252670746, 0.00103808264248, 0.000630783615634, 0.0015658584889, 0.00214032013901, 0.00244401651435, 0.00128201278858]
        var: [0.0269232783467, 0.0227802507579, 0.0339959412813, 0.0833845436573, 0.0558266937733, 0.0285886786878, 0.0204295981675, 0.0159546751529, 0.054357085377, 0.118550233543, 0.0674028247595, 0.0286529604346, 0.0462912507355, 0.0293631590903, 0.0443396158516, 0.0532418973744, 0.0252331309021, 0.0239728651941, 0.0503852590919, 0.0477999076247, 0.0575018674135, 0.0821780189872, 0.0378419198096, 0.0577460862696, 0.152211800218, 0.0735603943467, 0.034240078181, 0.0366603881121, 0.0360299237072, 0.0420497097075, 0.10050431639, 0.062690295279, 0.0456904284656, 0.0511710606515, 0.0494001843035, 0.0429577603936]
    chords_histogram: [24.8847923279, 6.45161294937, 0, 0, 0, 15.2073736191, 0, 5.99078321457, 0, 24.8847923279, 0, 0, 0, 0, 0, 0, 0, 0, 0, 0, 0, 0, 22.5806446075, 0]
    thpcp: [1, 0.721887946129, 0.320060431957, 0.297795772552, 0.281535774469, 0.391707330942, 0.579177200794, 0.486690223217, 0.381741821766, 0.43774291873, 0.392549902201, 0.327395558357, 0.290612459183, 0.265343129635, 0.353733539581, 0.535662591457, 0.471493750811, 0.324083805084, 0.294939011335, 0.258337765932, 0.559277057648, 0.971113264561, 0.704352319241, 0.32339951396, 0.331692695618, 0.309507727623, 0.375934928656, 0.423101186752, 0.303015053272, 0.270193994045, 0.355863183737, 0.356408596039, 0.407489478588, 0.477980285883, 0.360544741154, 0.585661828518]
    chords_key: "C"
    chords_scale: "major"
    key_key: "F"
    key_scale: "minor"
    chords_progression: ["A#", "A#", "A#", "A#", "A#", "A#", "A#", "A#", "A#", "A#", "A#", "A#", "A#", "A#", "A#", "A#", "A#", "A#", "A#", "A#", "A#", "A#", "A#", "A#", "A#", "A#", "A#", "C", "C", "C", "C", "C", "C", "C", "C", "C", "C", "C", "C", "C", "C", "C", "C", "C", "C", "C", "C", "C", "C", "C", "C", "C", "C", "C", "C", "C", "C", "C", "C", "C", "C", "C", "C", "C", "C", "C", "C", "C", "C", "C", "C", "C", "C", "C", "C", "C", "C", "C", "C", "C", "C", "Fm", "Fm", "Fm", "A#m", "A#m", "A#m", "A#m", "A#m", "A#m", "A#m", "A#m", "A#m", "A#m", "A#m", "A#m", "A#m", "A#m", "A#m", "A#m", "A#m", "A#m", "A#m", "A#m", "A#m", "A#m", "A#m", "A#m", "A#m", "A#m", "A#m", "A#m", "A#m", "A#m", "A#m", "A#m", "A#m", "A#m", "A#m", "A#m", "A#m", "A#m", "A#m", "A#m", "A#m", "A#m", "A#m", "A#m", "A#m", "A#m", "A#m", "A#m", "A#m", "A#", "A#", "A#", "A#", "A#", "A#", "F", "F", "Fm", "Fm", "F", "F", "F", "F", "F", "F", "F", "F", "F", "F", "F", "Fm", "Fm", "G#", "G#", "G#", "G#", "G#", "G#", "G#", "G#", "G#", "G#", "G#", "G#", "G#", "G#", "Fm", "Fm", "Fm", "Fm", "Fm", "Fm", "Fm", "Fm", "Fm", "Fm", "Fm", "Fm", "Fm", "Fm", "Fm", "Fm", "Fm", "Fm", "Fm", "Fm", "Fm", "Fm", "Fm", "Fm", "Fm", "Fm", "Fm", "Fm", "Fm", "Fm", "Fm", "Fm", "Fm", "Fm", "Fm", "Fm", "Fm", "Fm", "Fm", "Fm", "Fm", "Fm", "Fm", "Fm", "Fm", "Fm", "Fm"]
