
metadata:
    version:
        essentia: "1.2.2"
    audio_properties:
        analysis_sample_rate: 44100
        bitrate: 128
        channels: 2
        equal_loudness: 1
        length: 10.0310201645
        replay_gain: -8.23789787292
        downmix: "mix"
    tags:
        track: 17
        year: 0
        album: "Splitted by Mp3Splt v. 2.1"
        artist: "From 002.40 To 002.50"
        comment: "http://mp3splt.sf.net"
        genre: ""
        title: "08 Bar Conscience.mp3"

highlevel:
    ballroom:
        all:
            ChaChaCha: 0.154907137156
            Jive: 0.0814358219504
            Quickstep: 0.127690002322
            Rumba-American: 0.0122462613508
            Rumba-International: 0.274947673082
            Rumba-Misc: 0.0540197715163
            Samba: 0.0581094920635
            Tango: 0.068230599165
            VienneseWaltz: 0.120022408664
            Waltz: 0.0483908206224
        probability: 0.274947673082
        value: "Rumba-International"
    culture:
        all:
            non_western: 0.293695390224
            western: 0.706304609776
        probability: 0.706304609776
        value: "western"
    gender:
        all:
            female: 0.510416984558
            male: 0.48958298564
        probability: 0.510416984558
        value: "female"
    genre_dortmund:
        all:
            alternative: 0.0233703237027
            blues: 0.0408137366176
            electronic: 0.392294347286
            folkcountry: 0.0513695478439
            funksoulrnb: 0.0900435373187
            jazz: 0.0923116505146
            pop: 0.143043205142
            raphiphop: 0.0377247594297
            rock: 0.129028871655
        probability: 0.392294347286
        value: "electronic"
    genre_electronica:
        all:
            ambient: 0.29990029335
            dnb: 0.145132377744
            house: 0.388880729675
            techno: 0.0512864626944
            trance: 0.11480012536
        probability: 0.388880729675
        value: "house"
    genre_rosamerica:
        all:
            cla: 0.0681919753551
            dan: 0.0490603148937
            hip: 0.0369899123907
            jaz: 0.0409451127052
            pop: 0.153636872768
            rhy: 0.158437266946
            roc: 0.479187786579
            spe: 0.0135507481173
        probability: 0.479187786579
        value: "roc"
    genre_tzanetakis:
        all:
            blu: 0.013052416034
            cla: 0.0178863499314
            cou: 0.153840437531
            dis: 0.0899564176798
            hip: 0.0114594791085
            jaz: 0.0223214570433
            met: 0.00536999572068
            pop: 0.236081406474
            reg: 0.125186860561
            roc: 0.324845165014
        probability: 0.324845165014
        value: "roc"
    live_studio:
        all:
            live: 0.29197075963
            studio: 0.708029270172
        probability: 0.708029270172
        value: "studio"
    mood:
        all:
            Cluster1: 0.349998980761
            Cluster2: 0.138723284006
            Cluster3: 0.238042503595
            Cluster4: 0.167782887816
            Cluster5: 0.105452358723
        probability: 0.349998980761
        value: "Cluster1"
    mood_acoustic:
        all:
            acoustic: 0.358354091644
            not_acoustic: 0.641645908356
        probability: 0.641645908356
        value: "not_acoustic"
    mood_aggressive:
        all:
            aggressive: 0.179621130228
            not_aggressive: 0.820378899574
        probability: 0.820378899574
        value: "not_aggressive"
    mood_electronic:
        all:
            electronic: 0.736233234406
            not_electronic: 0.263766735792
        probability: 0.736233234406
        value: "electronic"
    mood_happy:
        all:
            happy: 0.20656748116
            not_happy: 0.793432533741
        probability: 0.793432533741
        value: "not_happy"
    mood_party:
        all:
            not_party: 0.850411534309
            party: 0.149588450789
        probability: 0.850411534309
        value: "not_party"
    mood_relaxed:
        all:
            not_relaxed: 0.0774923637509
            relaxed: 0.9225076437
        probability: 0.9225076437
        value: "relaxed"
    mood_sad:
        all:
            not_sad: 0.256630122662
            sad: 0.743369877338
        probability: 0.743369877338
        value: "sad"
    rhythm:
        all:
            fast: 0.809155106544
            medium: 0.0572584867477
            slow: 0.13358643651
        probability: 0.809155106544
        value: "fast"
    speech_music:
        all:
            music: 0.954396367073
            speech: 0.0456036254764
        probability: 0.954396367073
        value: "music"
    timbre:
        all:
            bright: 0.0777427181602
            dark: 0.922257304192
        probability: 0.922257304192
        value: "dark"
    voice_instrumental:
        all:
            instrumental: 0.319303661585
            voice: 0.680696308613
        probability: 0.680696308613
        value: "voice"

lowlevel:
    average_loudness: 0.952556073666
    barkbands_kurtosis:
        dmean: 1.91688132286
        dmean2: 3.00149059296
        dvar: 6.53882408142
        dvar2: 13.9324827194
        max: 26.2871742249
        mean: 4.16611242294
        min: -1.74045646191
        var: 20.6395931244
    barkbands_skewness:
        dmean: 0.471634030342
        dmean2: 0.730446994305
        dvar: 0.314774602652
        dvar2: 0.606533646584
        max: 4.7728934288
        mean: 1.37120771408
        min: -2.29857134819
        var: 1.63397455215
    barkbands_spread:
        dmean: 3.20133471489
        dmean2: 4.78611803055
        dvar: 20.3952732086
        dvar2: 33.5743637085
        max: 47.523399353
        mean: 12.9206447601
        min: 3.31125712395
        var: 56.9203033447
    dissonance:
        dmean: 0.0258537363261
        dmean2: 0.0430491790175
        dvar: 0.000577248632908
        dvar2: 0.0015602929052
        max: 0.496321886778
        mean: 0.437351167202
        min: 0.287616282701
        var: 0.00172522547655
    hfc:
        dmean: 2.44334793091
        dmean2: 4.14629459381
        dvar: 63.6690444946
        dvar2: 168.408950806
        max: 92.7550582886
        mean: 3.14262485504
        min: 0.0861844047904
        var: 49.4026565552
    pitch:
        dmean: 266.863891602
        dmean2: 517.768920898
        dvar: 507632.90625
        dvar2: 1215756.625
        max: 3675
        mean: 514.798400879
        min: 62.7311515808
        var: 610351.25
    pitch_instantaneous_confidence:
        dmean: 0.0790558829904
        dmean2: 0.125816315413
        dvar: 0.00497447839007
        dvar2: 0.0107505246997
        max: 0.777179300785
        mean: 0.455930680037
        min: 0.147855937481
        var: 0.0213765781373
    pitch_salience:
        dmean: 0.0594663545489
        dmean2: 0.0993128344417
        dvar: 0.00281932228245
        dvar2: 0.0078698489815
        max: 0.848489224911
        mean: 0.6524066329
        min: 0.329289704561
        var: 0.0119719663635
    silence_rate_20dB:
        dmean: 0
        dmean2: 0
        dvar: 0
        dvar2: 0
        max: 1
        mean: 1
        min: 1
        var: 0
    silence_rate_30dB:
        dmean: 0
        dmean2: 0
        dvar: 0
        dvar2: 0
        max: 1
        mean: 1
        min: 1
        var: 0
    silence_rate_60dB:
        dmean: 0.134570762515
        dmean2: 0.269767433405
        dvar: 0.116460949183
        dvar2: 0.238854169846
        max: 1
        mean: 0.537037014961
        min: 0
        var: 0.248627781868
    spectral_centroid:
        dmean: 141.96232605
        dmean2: 210.081008911
        dvar: 70235.3984375
        dvar2: 130209.984375
        max: 2824.91040039
        mean: 673.668395996
        min: 170.302902222
        var: 182552.296875
    spectral_complexity:
        dmean: 3.07226109505
        dmean2: 4.98364496231
        dvar: 36.8361587524
        dvar2: 79.749710083
        max: 46
        mean: 9.02790737152
        min: 1
        var: 57.3109092712
    spectral_crest:
        dmean: 1.99572038651
        dmean2: 3.33964705467
        dvar: 3.6808385849
        dvar2: 9.84616756439
        max: 19.679359436
        mean: 8.90295028687
        min: 3.35107851028
        var: 10.7785682678
    spectral_decrease:
        dmean: 3.61032731488e-10
        dmean2: 6.10979933313e-10
        dvar: 4.8668732643e-19
        dvar2: 1.26699978208e-18
        max: -3.80768472308e-11
        mean: -8.4224555108e-10
        min: -7.2768213677e-09
        var: 5.69785373779e-19
    spectral_energy:
        dmean: 0.00158045324497
        dmean2: 0.00267311814241
        dvar: 1.08519734567e-05
        dvar2: 2.83452027361e-05
        max: 0.0358775816858
        mean: 0.00346387247555
        min: 0.000151619547978
        var: 1.14918893814e-05
    spectral_energyband_high:
        dmean: 0.000100454919448
        dmean2: 0.000161377116456
        dvar: 1.9272366103e-07
        dvar2: 4.89442015805e-07
        max: 0.00533652631566
        mean: 8.12600264908e-05
        min: 6.99792678915e-07
        var: 1.51667975956e-07
    spectral_energyband_low:
        dmean: 0.000135847280035
        dmean2: 0.000222064831178
        dvar: 1.07503637992e-07
        dvar2: 2.58017365695e-07
        max: 0.00260007893667
        mean: 0.000375096977223
        min: 4.53855442117e-09
        var: 1.69813574757e-07
    spectral_energyband_middle_high:
        dmean: 0.000831987941638
        dmean2: 0.00138217478525
        dvar: 4.03264903071e-06
        dvar2: 1.05655763036e-05
        max: 0.0225764568895
        mean: 0.00122600188479
        min: 2.65488215518e-05
        var: 4.15740078097e-06
    spectral_energyband_middle_low:
        dmean: 0.000700923264958
        dmean2: 0.00121794012375
        dvar: 1.72167085566e-06
        dvar2: 4.71333123642e-06
        max: 0.0149530312046
        mean: 0.00178145116661
        min: 0.000124003912788
        var: 2.49872391578e-06
    spectral_flatness_db:
        dmean: 0.0190509520471
        dmean2: 0.0303476992995
        dvar: 0.000306061032461
        dvar2: 0.000638267025352
        max: 0.353200405836
        mean: 0.216492041945
        min: 0.114058412611
        var: 0.00152496935334
    spectral_flux:
        dmean: 0.00984846334904
        dmean2: 0.0152976661921
        dvar: 0.000259221560555
        dvar2: 0.000513695762493
        max: 0.162607729435
        mean: 0.0291639659554
        min: 0.00357008352876
        var: 0.000488807738293
    spectral_kurtosis:
        dmean: 5.17782783508
        dmean2: 8.83931255341
        dvar: 39.4464149475
        dvar2: 85.9885482788
        max: 87.8260498047
        mean: 13.0232343674
        min: 1.04091501236
        var: 108.021377563
    spectral_rms:
        dmean: 0.000345350563293
        dmean2: 0.000559239822906
        dvar: 2.7656903967e-07
        dvar2: 6.69809026022e-07
        max: 0.00591629277915
        mean: 0.00168572785333
        min: 0.000384605664294
        var: 5.37708046977e-07
    spectral_rolloff:
        dmean: 245.448242188
        dmean2: 391.421112061
        dvar: 270445.5625
        dvar2: 441800.3125
        max: 4155.90820312
        mean: 1038.80175781
        min: 172.265625
        var: 611031.125
    spectral_skewness:
        dmean: 0.434452801943
        dmean2: 0.713083028793
        dvar: 0.198295563459
        dvar2: 0.417447477579
        max: 6.25803089142
        mean: 2.57654595375
        min: 0.769433379173
        var: 0.662379086018
    spectral_spread:
        dmean: 422338.875
        dmean2: 654300.3125
        dvar: 365605453824
        dvar2: 592474931200
        max: 11722996
        mean: 2854516.5
        min: 813087.6875
        var: 1.05296212787e+12
    spectral_strongpeak:
        dmean: 0.190094456077
        dmean2: 0.334310024977
        dvar: 0.0822839364409
        dvar2: 0.214104399085
        max: 1.9649361372
        mean: 0.373610913754
        min: 0.0137980198488
        var: 0.123573645949
    zerocrossingrate:
        dmean: 0.00650700228289
        dmean2: 0.00739951431751
        dvar: 7.61785195209e-05
        dvar2: 9.10089365789e-05
        max: 0.13427734375
        mean: 0.0393395721912
        min: 0.01220703125
        var: 0.000338576413924
    barkbands:
        dmean: [1.02677313407e-06, 6.16329634795e-05, 8.79190192791e-05, 7.40103860153e-05, 0.000314229167998, 0.00028701100382, 0.000153478162247, 9.00511004147e-05, 5.7858062064e-05, 0.000110107459477, 6.90211527399e-05, 7.91521306382e-05, 8.82011372596e-05, 0.000105487546534, 0.000109577304102, 6.51820228086e-05, 6.31764632999e-05, 0.000106703249912, 0.000100114521047, 0.000127997554955, 4.07657862525e-05, 1.84369309864e-05, 2.64954974227e-06, 6.42873828838e-07, 1.44313773376e-07, 2.85535883826e-09, 3.91877141848e-10]
        dmean2: [1.19042556435e-06, 9.92461209535e-05, 0.000142451928696, 0.000124983096612, 0.000548359646928, 0.000464925338747, 0.00025609950535, 0.000148221472045, 0.000101806799648, 0.000163055316079, 0.000112971982162, 0.00013364883489, 0.000148831284605, 0.000183776384802, 0.000192245628568, 0.000116520393931, 0.000111309862405, 0.000182999981917, 0.000167355930898, 0.000221698937821, 6.95964554325e-05, 3.27875641233e-05, 4.53553320767e-06, 1.05130163774e-06, 2.3326934695e-07, 4.50669013219e-09, 5.31819199789e-10]
        dvar: [7.90301765002e-12, 1.94497591366e-08, 4.35167315516e-08, 2.28462919694e-08, 2.25155019962e-07, 4.20144232294e-07, 4.89505680434e-08, 2.81802012836e-08, 2.05298302802e-08, 3.04307548049e-08, 2.88875803278e-08, 2.89972543754e-08, 3.78682081248e-08, 8.09937503732e-08, 8.02091335572e-08, 2.48964955318e-08, 6.73564173326e-08, 2.02371666091e-07, 1.76564455501e-07, 3.47294616176e-07, 3.6049222274e-08, 8.92203733116e-09, 1.815309153e-10, 9.4034433018e-12, 3.86129252487e-13, 2.53009429559e-16, 2.44101825945e-17]
        dvar2: [1.15268497872e-11, 4.98957604123e-08, 1.05510174819e-07, 6.42556585717e-08, 6.59764793909e-07, 1.16551530027e-06, 1.17375911657e-07, 7.42411998544e-08, 5.88313753269e-08, 6.72301041504e-08, 7.91061225414e-08, 7.14851680073e-08, 8.53949657653e-08, 2.42601004175e-07, 2.29304916388e-07, 6.68048016905e-08, 1.89773544435e-07, 5.31789225988e-07, 4.55844343605e-07, 9.44583177898e-07, 9.76096146132e-08, 2.50513938482e-08, 5.07939079686e-10, 2.47191971753e-11, 1.00557973406e-12, 6.67557200703e-16, 2.45634905949e-17]
        max: [2.43186441367e-05, 0.000965716200881, 0.00169064244255, 0.00122451700736, 0.00538912601769, 0.00843406282365, 0.00183382525574, 0.00184587319382, 0.00152482034173, 0.00196322845295, 0.00147855794057, 0.00171412911732, 0.00142136192881, 0.00223562982865, 0.0018211833667, 0.0013373499969, 0.00282569765113, 0.00434875534847, 0.0043570837006, 0.00687413057312, 0.00229548919015, 0.00116196332965, 0.000175524226506, 4.0551112761e-05, 8.1895814219e-06, 2.31599486256e-07, 1.02527053514e-07]
        mean: [1.93984851649e-06, 0.000180767499842, 0.000192454550415, 0.000134669680847, 0.000630648399238, 0.000507317075972, 0.000275434664218, 0.000152360167704, 7.1272967034e-05, 0.000281804153929, 0.00010223161371, 0.000109700384201, 0.000120712909847, 0.000144997960888, 0.00012421849533, 8.01526912255e-05, 5.70139309275e-05, 8.17666368675e-05, 7.93905419414e-05, 8.87331261765e-05, 3.11391486321e-05, 1.22242217913e-05, 2.20395713768e-06, 5.6872136156e-07, 1.49567313201e-07, 3.08649550362e-09, 3.51826456857e-10]
        min: [2.18867320101e-11, 6.52805420831e-10, 2.32169616865e-09, 1.36006406137e-08, 3.97341646021e-05, 1.27951545892e-06, 9.8675263871e-07, 5.34313585376e-07, 1.03193279699e-07, 1.62005591164e-07, 2.89763022465e-07, 7.70457688759e-08, 1.73861906205e-07, 1.58296734298e-06, 8.89380658009e-07, 1.26054385419e-06, 1.59605906447e-06, 8.62372303345e-07, 1.22415542592e-06, 2.70536872904e-07, 3.82793189146e-07, 3.31847758162e-08, 1.6719665652e-08, 2.7736626329e-09, 1.44648137912e-09, 2.27757049331e-11, 2.59169567724e-14]
        var: [1.87538266166e-11, 3.93291017531e-08, 5.71618521406e-08, 2.67902997564e-08, 3.7410993059e-07, 5.25950781594e-07, 8.8101010931e-08, 4.15679153321e-08, 1.64948108505e-08, 1.66044785033e-07, 5.66334996677e-08, 5.24406900126e-08, 6.34026804391e-08, 1.35826766723e-07, 1.02118733025e-07, 2.81451146833e-08, 4.22637818076e-08, 1.43808975395e-07, 1.3228046214e-07, 2.31405053341e-07, 2.48674716374e-08, 5.54374279815e-09, 1.16915269133e-10, 7.08802461169e-12, 3.07652070052e-13, 1.76197927568e-16, 2.4375771881e-17]
    mfcc:
        mean: [-795.642456055, 179.231048584, -42.8790168762, 39.4940986633, -15.2189302444, -4.37665176392, -9.46819496155, -6.98673391342, -7.19280672073, -7.65340328217, -11.7314863205, -5.02549362183, -4.95968484879]
        cov: [[3905.98706055, -544.653564453, 264.348693848, -104.227531433, -72.4208068848, 319.551025391, 266.811889648, 207.653106689, 163.917892456, 206.620132446, 217.369720459, 196.684463501, 227.551925659], [-544.653564453, 1218.41210938, 47.317325592, -93.8516998291, 161.441925049, 249.129699707, 305.129272461, 193.994415283, 158.778640747, 135.653625488, 135.296813965, 146.298736572, 86.8545684814], [264.348693848, 47.317325592, 816.704406738, 343.724060059, -46.1392059326, -103.791786194, 138.44758606, 244.316085815, 114.005393982, 77.6394577026, 85.0970077515, 120.959869385, 79.6227874756], [-104.227531433, -93.8516998291, 343.724060059, 551.276123047, 69.0519714355, -81.0643844604, 49.1449775696, 97.8335647583, 59.9423866272, 51.2306900024, 68.7901306152, 32.0239639282, 30.4258975983], [-72.4208068848, 161.441925049, -46.1392059326, 69.0519714355, 276.239593506, 184.397674561, 88.1682434082, 7.39340877533, 55.8167800903, 87.841217041, 54.6389503479, 32.760471344, 33.0822677612], [319.551025391, 249.129699707, -103.791786194, -81.0643844604, 184.397674561, 313.46774292, 179.371154785, 50.9366340637, 78.361289978, 98.2442016602, 103.474777222, 83.1079940796, 58.516494751], [266.811889648, 305.129272461, 138.44758606, 49.1449775696, 88.1682434082, 179.371154785, 265.442260742, 175.880355835, 104.813346863, 98.4361724854, 120.215248108, 100.463722229, 67.4399795532], [207.653106689, 193.994415283, 244.316085815, 97.8335647583, 7.39340877533, 50.9366340637, 175.880355835, 196.217132568, 91.6937561035, 73.0405654907, 75.2649307251, 66.2231216431, 51.602935791], [163.917892456, 158.778640747, 114.005393982, 59.9423866272, 55.8167800903, 78.361289978, 104.813346863, 91.6937561035, 134.164459229, 81.6204681396, 69.103302002, 46.9373817444, 33.8319549561], [206.620132446, 135.653625488, 77.6394577026, 51.2306900024, 87.841217041, 98.2442016602, 98.4361724854, 73.0405654907, 81.6204681396, 98.138130188, 68.7830123901, 50.6791419983, 43.0174369812], [217.369720459, 135.296813965, 85.0970077515, 68.7901306152, 54.6389503479, 103.474777222, 120.215248108, 75.2649307251, 69.103302002, 68.7830123901, 108.977722168, 80.855506897, 46.8499946594], [196.684463501, 146.298736572, 120.959869385, 32.0239639282, 32.760471344, 83.1079940796, 100.463722229, 66.2231216431, 46.9373817444, 50.6791419983, 80.855506897, 103.151039124, 54.2317581177], [227.551925659, 86.8545684814, 79.6227874756, 30.4258975983, 33.0822677612, 58.516494751, 67.4399795532, 51.602935791, 33.8319549561, 43.0174369812, 46.8499946594, 54.2317581177, 58.6005096436]]
        icov: [[0.000689031963702, 0.000767311721575, -3.16120022035e-05, 0.000380375131499, 0.000928765628487, -0.000725486781448, -0.000213899664232, -7.23162083887e-05, -0.000259094580542, -0.00117401743773, -0.000253310689004, 0.000260925880866, -0.00248497608118], [0.000767311721575, 0.00226991437376, 0.000442412972916, 0.000917372759432, 0.00017850974109, 3.4056486129e-06, -0.00132859218866, -0.000851631048135, -0.00119611178525, -0.00114906288218, 0.000482892646687, -0.00159641448408, -0.00262117618695], [-3.16120022035e-05, 0.000442412972916, 0.00389121240005, -0.00106044963468, -0.000550060649402, 0.00236164522357, 0.000787881435826, -0.00434556789696, -0.00126764946617, -0.000171940671862, 0.00260250130668, -0.00570766720921, -0.000337739271345], [0.000380375131499, 0.000917372759432, -0.00106044963468, 0.00421309983358, -0.00251669925638, 0.00280110887252, -0.000228280012379, -0.00076665711822, -0.00026049427106, 0.000480142683955, -0.00527770584449, 0.00231395801529, -0.00214591086842], [0.000928765628487, 0.00017850974109, -0.000550060649402, -0.00251669925638, 0.011648687534, -0.00761096924543, -0.00134106434416, 0.00487405946478, 0.000898875005078, -0.00916125997901, 0.00411657197401, 0.0023496800568, -0.00280124135315], [-0.000725486781448, 3.4056486129e-06, 0.00236164522357, 0.00280110887252, -0.00761096924543, 0.0165993627161, -0.00803366489708, 0.00299613317475, -0.00147961184848, -4.44749384769e-05, -0.00340084033087, -0.00369290355593, -0.000499501009472], [-0.000213899664232, -0.00132859218866, 0.000787881435826, -0.000228280012379, -0.00134106434416, -0.00803366489708, 0.0250634253025, -0.0188700258732, 0.00139576359652, 0.00420608697459, -0.00814344454557, -0.00157960841898, 0.00247861212119], [-7.23162083887e-05, -0.000851631048135, -0.00434556789696, -0.00076665711822, 0.00487405946478, 0.00299613317475, -0.0188700258732, 0.0290968641639, -0.00279882084578, -0.00650986516848, 0.00344581482932, 0.00627422472462, -0.00397048937157], [-0.000259094580542, -0.00119611178525, -0.00126764946617, -0.00026049427106, 0.000898875005078, -0.00147961184848, 0.00139576359652, -0.00279882084578, 0.0186125300825, -0.011255540885, -0.00473173009232, 0.00348475808278, 0.00453972117975], [-0.00117401743773, -0.00114906288218, -0.000171940671862, 0.000480142683955, -0.00916125997901, -4.44749384769e-05, 0.00420608697459, -0.00650986516848, -0.011255540885, 0.0402728393674, -0.010150661692, 0.00312705314718, -0.00548944296315], [-0.000253310689004, 0.000482892646687, 0.00260250130668, -0.00527770584449, 0.00411657197401, -0.00340084033087, -0.00814344454557, 0.00344581482932, -0.00473173009232, -0.010150661692, 0.0429821200669, -0.023216214031, 0.00418670196086], [0.000260925880866, -0.00159641448408, -0.00570766720921, 0.00231395801529, 0.0023496800568, -0.00369290355593, -0.00157960841898, 0.00627422472462, 0.00348475808278, 0.00312705314718, -0.023216214031, 0.0415008179843, -0.0175926052034], [-0.00248497608118, -0.00262117618695, -0.000337739271345, -0.00214591086842, -0.00280124135315, -0.000499501009472, 0.00247861212119, -0.00397048937157, 0.00453972117975, -0.00548944296315, 0.00418670196086, -0.0175926052034, 0.0492388568819]]
    spectral_contrast:
        mean: [-8.47113668101e-08, 1.37350582463e-07, 2.18787164386e-07, -2.80921540252e-07, -8.33945250633e-08, 5.94266111875e-07, 1.25017277242e-06, -1.03646243588e-06, -3.38672202815e-06, -9.48545562096e-07, 9.29971065489e-07, 9.28030431169e-07]
        var: [0.000309347669827, 0.000440297939349, 0.00119670236018, 0.00207352172583, 0.00251512113027, 0.00600610021502, 0.0688941925764, 0.117291621864, 0.305234074593, 0.651426374912, 1.2648203373, 3.09876179695]

rhythm:
    beats_loudness:
        dmean: 0.00284655508585
        dmean2: 0.00488795014098
        dvar: 8.68204733706e-06
        dvar2: 3.02793723677e-05
        max: 0.0139006087556
        mean: 0.00486078066751
        min: 0.00112276035361
        var: 7.71284067014e-06
    beats_loudness_bass:
        dmean: 0.205135777593
        dmean2: 0.371004849672
        dvar: 0.0287938676775
        dvar2: 0.0973821133375
        max: 0.627462506294
        mean: 0.169302895665
        min: 3.16804580507e-05
        var: 0.0272595975548
    bpm: 120.763092041
    bpm_confidence: 0
    first_peak_bpm: 121
    first_peak_spread: 0
    first_peak_weight: 0.944444417953
    onset_rate: 4.78515625
    second_peak_bpm: 77
    second_peak_spread: 0
    second_peak_weight: 0.0555555559695
    beats_position: [0.436096698046, 0.93372040987, 1.43134403229, 1.92896771431, 2.42659139633, 2.92421507835, 3.42183876038, 3.9194624424, 4.41708612442, 4.91470956802, 5.41233348846, 6.18723058701, 6.68338632584, 7.17954206467, 7.67569875717, 8.17185401917, 8.668009758, 9.16416549683, 9.66032123566]
    bpm_estimates: [120.446411133, 120.597290039, 120.250328064, 121.121749878, 120.234542847, 120.473762512, 120.601577759, 120.631072998, 120.80556488, 120.639381409, 120.463058472, 121.211029053, 120.76260376, 122.402610779, 122.056182861, 120.419746399, 120.433059692, 120.568328857, 120.380645752]
    bpm_intervals: [0.497623711824, 0.497623622417, 0.497623682022, 0.497623682022, 0.497623682022, 0.497623682022, 0.497623682022, 0.497623682022, 0.497623443604, 0.497623920441, 0.774897098541, 0.496155738831, 0.496155738831, 0.496156692505, 0.496155261993, 0.496155738831, 0.496155738831, 0.496155738831]
    onset_times: [0.0928798168898, 0.174149662256, 0.359909296036, 0.638548731804, 0.835918366909, 0.9287981987, 1.14938771725, 1.42802715302, 1.72988665104, 1.92725622654, 2.18267583847, 2.29877543449, 2.46131515503, 2.62385487556, 2.68190479279, 3.1811337471, 3.32045340538, 3.42494320869, 3.68036270142, 3.87773251534, 4.17959165573, 4.35374164581, 4.43501138687, 4.60916090012, 4.91102027893, 5.18966007233, 5.29414987564, 5.42185926437, 5.66566896439, 5.93269824982, 6.1648979187, 6.39709758759, 6.46675729752, 6.67573690414, 7.39555549622, 7.47682523727, 7.67419481277, 7.84834480286, 8.103764534, 8.17342376709, 8.33596324921, 8.44045352936, 8.64943313599, 8.92807292938, 9.26476192474, 9.42730140686, 9.74077129364, 9.92653083801]
    rubato_start: []
    rubato_stop: []
    perceptual_tempo: "unknown"

sfx:
    inharmonicity:
        dmean: 0.0313150882721
        dmean2: 0.0561249144375
        dvar: 0.00249800365418
        dvar2: 0.00655522989109
        max: 0.391987681389
        mean: 0.0285321716219
        min: 2.69221345661e-05
        var: 0.002150030341
    oddtoevenharmonicenergyratio:
        dmean: 2.73119544983
        dmean2: 4.89726018906
        dvar: 47.2295608521
        dvar2: 121.741828918
        max: 71.1524887085
        mean: 1.85937583447
        min: 0.000249667122262
        var: 32.6314277649
    pitch_after_max_to_before_max_energy_ratio: 22.852973938
    pitch_centroid: 224.515228271
    pitch_max_to_total: 0.137209296227
    pitch_min_to_total: 0.658139526844
    tristimulus:
        dmean: [0.201207756996, 0.207428440452, 0.0524574480951]
        dmean2: [0.345399707556, 0.351885914803, 0.0921120420098]
        dvar: [0.0326686017215, 0.0345834828913, 0.00437740096822]
        dvar2: [0.0872409939766, 0.0904096066952, 0.0118353068829]
        max: [0.968074202538, 0.924091637135, 0.575139939785]
        mean: [0.480473726988, 0.43499571085, 0.0614189021289]
        min: [0.000809622637462, 0, 0]
        var: [0.0537134334445, 0.0536378733814, 0.00419270992279]

tonal:
    chords_changes_rate: 0.0416666679084
    chords_number_rate: 0.0185185186565
    chords_strength:
        dmean: 0.00614814087749
        dmean2: 0.00728366710246
        dvar: 3.14192402584e-05
        dvar2: 5.23007292941e-05
        max: 0.648971199989
        mean: 0.569511413574
        min: 0.446185827255
        var: 0.00197428930551
    key_strength: 0.722698867321
    tuning_diatonic_strength: 0.636497616768
    tuning_equal_tempered_deviation: 0.11879170686
    tuning_frequency: 434.946166992
    tuning_nontempered_energy_ratio: 0.785227954388
    hpcp:
        dmean: [0.205230310559, 0.187798276544, 0.129781797528, 0.127538055182, 0.164465919137, 0.138443917036, 0.107725143433, 0.118510901928, 0.134939596057, 0.106041662395, 0.0580273605883, 0.0547372624278, 0.0605417601764, 0.064576625824, 0.139500290155, 0.194912984967, 0.193163558841, 0.131413593888, 0.103212967515, 0.0882704034448, 0.0819623693824, 0.0849942490458, 0.08179140836, 0.069108620286, 0.0863046571612, 0.0876156538725, 0.0703475400805, 0.0953492298722, 0.0944627448916, 0.104855045676, 0.102202296257, 0.109755046666, 0.0887851640582, 0.0737690702081, 0.0706122145057, 0.149844303727]
        dmean2: [0.338269323111, 0.311464816332, 0.203392788768, 0.225402846932, 0.28586140275, 0.237630903721, 0.184173330665, 0.214532613754, 0.251663595438, 0.1884470433, 0.0982477366924, 0.0883137509227, 0.0994825065136, 0.108820177615, 0.238323941827, 0.320297926664, 0.317590415478, 0.232711881399, 0.175756916404, 0.152909681201, 0.136122822762, 0.147857040167, 0.13717328012, 0.116483733058, 0.149011060596, 0.150756493211, 0.115946821868, 0.153024584055, 0.154139235616, 0.178719133139, 0.170176267624, 0.176871150732, 0.147670164704, 0.11763959378, 0.110286936164, 0.233472853899]
        dvar: [0.0455160848796, 0.0360378660262, 0.0230141244829, 0.0430256351829, 0.0527393072844, 0.0387211367488, 0.0309056863189, 0.0338579453528, 0.0472063012421, 0.0333813428879, 0.00944265350699, 0.00797932501882, 0.0113413808867, 0.00885889492929, 0.0318422392011, 0.0452815592289, 0.0373546183109, 0.0324196219444, 0.0250050853938, 0.0190604459494, 0.0217635240406, 0.0250804480165, 0.0199956782162, 0.0135774482042, 0.0171064920723, 0.0164424031973, 0.00966711249202, 0.0207722783089, 0.0193795841187, 0.0319631882012, 0.0370919369161, 0.0316270664334, 0.0196469891816, 0.0141304759309, 0.0116312839091, 0.0228069238365]
        dvar2: [0.0955113098025, 0.084640853107, 0.0510337613523, 0.0999009385705, 0.133399710059, 0.0980195254087, 0.0814574435353, 0.0927319303155, 0.132927104831, 0.0908106863499, 0.0235594548285, 0.0201364401728, 0.0303175933659, 0.0211398825049, 0.080385915935, 0.0990649983287, 0.0827010199428, 0.0671958774328, 0.0671791806817, 0.0491092838347, 0.051156334579, 0.0658604800701, 0.0550649873912, 0.0342796593904, 0.0466936044395, 0.0453046374023, 0.0231718365103, 0.0531788542867, 0.045891199261, 0.0901402682066, 0.0760943591595, 0.0671053230762, 0.0532177090645, 0.0329856164753, 0.0248636156321, 0.0509431995451]
        max: [1, 1, 1, 1, 1, 0.999951601028, 1, 1, 1, 1, 0.637448430061, 0.646640777588, 1, 0.663423240185, 1, 1, 1, 1, 1, 1, 1, 1, 1, 0.815015614033, 0.866866886616, 0.635147631168, 0.670664310455, 1, 0.934177219868, 1, 1, 1, 0.965648710728, 1, 1, 1]
        mean: [0.566461026669, 0.451089084148, 0.167371079326, 0.140691071749, 0.155954107642, 0.141218960285, 0.128175199032, 0.126647770405, 0.160445421934, 0.14803609252, 0.0780932232738, 0.065854139626, 0.0736065134406, 0.0770667269826, 0.228085309267, 0.528319895267, 0.476288735867, 0.192426890135, 0.0983761325479, 0.0856951698661, 0.092647947371, 0.095989510417, 0.0894660353661, 0.0806513875723, 0.0910487174988, 0.0866667181253, 0.103272326291, 0.156805381179, 0.143601849675, 0.144072413445, 0.261605799198, 0.242459863424, 0.118033230305, 0.0853481814265, 0.0832861810923, 0.266779959202]
        min: [0.0075353034772, 0.0109239527956, 0.00318730529398, 0.000552436569706, 0.000413850328187, 0.00147903501056, 0.00141813594382, 0.0017609084025, 0.00196923478507, 0.00114878173918, 0.0011218583677, 0.00119074527174, 0.00159036135301, 0.000892279844265, 0.00254618097097, 0.00547187868506, 0.00380713422783, 0.00360415014438, 0.000509225938004, 0.000727084698156, 0.00109095801599, 0.00104414205998, 0.00179021887016, 0.00130411318969, 0.00143764540553, 0.00141340645496, 0.00126963900402, 0.000970284279902, 0.00101049046498, 0.00293381651863, 0.00187009258661, 0.00159025925677, 0.00177543400787, 0.00238628732041, 0.000899777340237, 0.00170192378573]
        var: [0.119701385498, 0.0775286778808, 0.0407802015543, 0.0508489757776, 0.0540751181543, 0.0392534397542, 0.03083569929, 0.031401630491, 0.0439905971289, 0.0386866368353, 0.0129170818254, 0.0114616146311, 0.0137614868581, 0.013125709258, 0.0420246124268, 0.125935807824, 0.0993830859661, 0.054142087698, 0.0242647137493, 0.0198400653899, 0.0301097650081, 0.0254243109375, 0.0189159717411, 0.0147638125345, 0.0204111225903, 0.018851807341, 0.0163139551878, 0.039275187999, 0.0388652384281, 0.0381402038038, 0.134865641594, 0.112954609096, 0.0245141740888, 0.0232482049614, 0.0213503018022, 0.0496860705316]
    chords_histogram: [81.0185165405, 0, 0, 0, 0, 0, 0, 0, 0, 0, 0, 0, 0, 0, 0, 14.3518514633, 0, 2.77777767181, 0, 0, 0, 0, 1.85185182095, 0]
    thpcp: [1, 0.796328544617, 0.295467942953, 0.248368486762, 0.275313049555, 0.249300405383, 0.22627364099, 0.223577201366, 0.283241778612, 0.261334985495, 0.137861594558, 0.116255372763, 0.129941001534, 0.136049479246, 0.402649611235, 0.932667672634, 0.840814650059, 0.339700132608, 0.173667967319, 0.151281669736, 0.163555726409, 0.169454753399, 0.157938554883, 0.142377644777, 0.160732537508, 0.152996793389, 0.182311445475, 0.276815831661, 0.253507018089, 0.254337728024, 0.461824893951, 0.428025662899, 0.208369553089, 0.150669112802, 0.147028967738, 0.470959067345]
    chords_key: "D"
    chords_scale: "major"
    key_key: "D"
    key_scale: "major"
    chords_progression: ["D", "D", "D", "D", "D", "D", "D", "D", "D", "D", "D", "D", "D", "D", "D", "D", "D", "D", "D", "D", "D", "D", "D", "D", "D", "D", "D", "Dm", "Dm", "Dm", "Dm", "D", "D", "D", "D", "D", "D", "D", "D", "D", "D", "D", "D", "D", "D", "D", "D", "D", "D", "D", "D", "D", "D", "D", "D", "D", "D", "D", "D", "D", "D", "D", "D", "D", "D", "D", "D", "D", "D", "D", "D", "D", "D", "D", "D", "D", "D", "D", "D", "D", "D", "D", "D", "D", "D", "D", "D", "D", "D", "D", "D", "D", "D", "D", "D", "D", "D", "D", "D", "D", "D", "D", "D", "D", "D", "D", "D", "D", "D", "D", "D", "D", "D", "D", "D", "D", "D", "D", "D", "D", "D", "D", "G", "G", "Gm", "Gm", "Gm", "Gm", "Gm", "Gm", "Gm", "Gm", "Gm", "Gm", "Gm", "Gm", "Gm", "Gm", "Gm", "Gm", "Gm", "Gm", "G", "G", "Gm", "Gm", "Gm", "Gm", "Gm", "Gm", "Gm", "Gm", "Gm", "Gm", "Gm", "Gm", "Gm", "D", "D", "D", "D", "D", "D", "D", "D", "D", "D", "D", "D", "D", "D", "D", "D", "D", "D", "D", "D", "D", "D", "D", "D", "D", "D", "D", "D", "D", "D", "D", "D", "D", "D", "D", "D", "D", "D", "D", "D", "D", "D", "D", "D", "D", "D", "D", "D", "D", "D", "D", "D", "D", "Dm", "Dm", "D", "D", "D", "D"]
